script/wind50m.json
{"header": {"parameterCategory": 2, "parameterNumber": 3, "lo1": 3.000054539987559, "la1": 64.9999836372058, "dx": 0.5, "dy": 0.25, "nx": 34, "ny": 52, "refTime": "2026-01-31T08:00:00.000Z"}, "data":
[rows 0 to 24 of 52, columns 0 to 33 of 34]
4.843839342792554,4.38811319932779,4.853335011065479,4.890090279041931,4.106603269014876,3.4765734212416084,2.7647715397820463,2.644851334844534,3.165020514359788,5.648877237288382,7.034248294985245,6.7623664284136895,9.107277987227322,9.62567701240471,8.428831590370734,9.981516431404087,9.01717206523556,9.09699928626004,9.638503707296712,22.475672544348154,8.009312079005326,2.216450345330373,3.245628800052273,9.344164050044638,5.847943364489495,5.131251882995118,8.453855418781766,7.1100391815576955,4.8677090277092265,2.9867922871173644,2.9924212048826244,1.774049276483232,4.036110320710301,0.3709440400569321
6.16854040787148,5.757470702242094,5.334865930296639,4.939594933767864,3.995805219597753,3.299445137254155,2.4534952804977483,2.0451733430055983,2.7017951896258023,5.890262498201444,6.610158685807749,7.578584795806532,9.491082950550263,9.4574843544463,8.029109335961179,9.31158677421724,10.951160221561516,6.8973059993894275,10.336057536527544,3.6061631865504404,7.243710263690042,5.045712654255909,4.98834668421171,7.109344184216328,4.586992036305336,6.0970923966023625,6.81922741900828,4.067300418517531,5.7654644022835155,5.479053260764995,3.310689571538113,3.729441997299745,2.7613664032925893,5.454510773127211
5.842731236949329,6.725469250864023,5.363514550653934,4.687582482013059,4.172459107046178,3.033534477378842,2.2433449805383003,2.904965016720969,4.244229847187546,4.36442519820435,5.550344848417753,6.31537829527605,9.045086267638144,8.518735134426235,7.246817322593243,10.131114216654725,8.089900262348836,5.550043328492653,0.39858580679129896,6.052333507779295,4.714789668000094,7.262170472983826,3.995022779666275,9.407786600945206,7.612416699804162,4.633055754628385,6.367703506793858,6.321951167292666,4.29113507252406,4.9686037573050275,6.799783284598477,5.583597065284529,3.416084055968935,4.958130802900622
5.780423165434787,6.309571262709323,5.084149959890992,4.060863412916199,3.413380516063247,2.852188210344858,2.892541526222588,2.7638246274570064,2.9367130011450766,3.73550258345915,5.6026834648686945,5.998756326879346,9.711457559769254,10.626891708462844,10.057035961167943,12.436503632075821,2.7483328267186384,8.377564874118343,9.566757553683653,4.7192591517003555,15.313406495017594,6.48384845299242,10.645700324465505,6.320119291041824,4.143021344406125,4.911444590620268,6.17731011758213,6.3873405276897595,4.070681020472395,2.29218851754423,2.7931925587805972,3.8499347525513774,3.5501427896060744,3.9879850692283343
5.430511323150427,6.332363407594345,5.516566851381855,3.8690982742944993,3.072012765487708,2.3597250594325683,2.5546434187744786,2.153500139734619,2.3244259794069753,3.1967438800409655,4.917043072630748,6.364079058668955,9.09089284202468,10.38857068657984,6.379014265952516,11.26521518985805,10.547520875213158,2.849999567015752,7.878264142447926,7.387120623502486,14.901872466316298,8.030832008371831,3.69683248967856,7.438914043850127,5.488207607774482,5.75656999389768,4.8018767284695665,4.987839913484373,4.429110207396164,3.0108389771361455,2.6874728994941908,4.153028155748199,1.601636950273877,2.464571866465434
4.902669523138951,5.881477605511467,5.568499426862011,5.5249433836618165,2.7489666112306597,1.18462556559337,2.1549054908318173,2.517969535042822,3.6049904750940147,4.5327252882216795,5.172659659338245,4.195164634151323,4.170062312879591,8.5881808590911,3.9706455481001734,6.37424238329535,4.051111856292064,-0.7358623398568014,9.252956385228076,7.641986000617456,3.6996190375564,4.536222939371436,7.400006487440986,4.604247392294585,3.942937234556979,4.507629784864308,4.186516519377024,3.2092706425022444,2.5962202676292683,3.2032357872067156,2.4160165401484943,2.357744493590656,1.1996709218740995,0.5861060907206105
4.5124958060790545,5.118435795371568,6.282499996538649,5.708300886562947,4.112746083978545,2.071144137262239,1.512811985434184,2.4848900978236115,4.9573295753175,4.47835753231054,4.637648405833728,3.303130295643661,3.568936804587287,4.016639695857392,6.609509441018014,3.888943229634322,4.476596706246651,11.373325602175349,11.565186118325022,5.100756413037158,0.4811651812377054,3.14115782852151,5.686745969958372,5.318627303937028,7.1376747594254875,5.001064878902325,6.153566748746538,4.454582043219372,3.7818624992283567,3.7733059498716353,1.9620414341827188,0.9945424265071131,-2.7227565951025627,1.6638914723470826
6.300182848925706,5.024944653879957,6.138595814329684,6.752903418557982,4.115275036518897,1.1390151222392397,0.49746778680845166,2.1780525250342717,4.6429388862447984,3.167146658831723,4.906845688242144,4.0577487854157726,-0.27549339029043446,0.5322978184367757,6.646095261080392,11.54072959057806,4.62158622853951,14.753008975344068,14.79832198791575,7.651108102926205,5.9211908028005595,3.970582429765904,4.6217844254644,4.704420372717095,3.9148572684367875,4.119023478144766,5.2655932821686715,6.090873333505299,1.9561256043356479,3.0053987197134022,4.6535427200923305,3.5966251479380964,4.871800983296163,8.519915884201556
6.255969970935952,5.877093068133733,5.263022165102617,7.179492001588636,5.00776550270249,1.5743748543464875,-0.12824256137568774,3.4088882355304433,4.9563868513375375,1.3716776523214034,5.273823532991037,-1.335356565709405,-0.549228914649792,6.7585894137612215,18.154906236023564,3.746096606810458,8.207342000701132,23.252051847906092,11.414907260874896,10.864224043602075,19.737346571888676,12.694203106300352,8.044775985405582,5.112886495402323,4.86711770512273,5.159578416749898,5.386486482849878,3.4278599391543345,3.7831591446832094,3.8488553742287257,4.303129298320493,7.319782322192394,8.81467049688973,8.558464127989321
7.353295361974768,6.6810298361869505,6.105987952193167,6.406656348797627,4.158947330376512,2.604635404120779,2.205878813909118,3.026303465107041,2.6524071784237515,-2.6341190136634336,4.221113550397704,9.348227231088543,8.258928059749326,10.56687805606643,11.683540957032122,21.58087277462505,6.423242741220361,10.075356851947152,5.94474633820288,4.8948898012036235,9.321738501849397,4.844511632001828,4.02761025454864,5.932534625998028,4.35737720364962,5.52488572567756,6.471707489750132,5.305692934337737,4.856853649681041,3.2422759864182327,5.383748019032918,9.0621286470484,9.145333905892791,8.486526556889638
7.466777302860778,6.899332334540254,5.922789350897127,6.039421004234977,2.803823199307935,3.409068298191754,2.221484280772267,-0.7661833192831304,4.9189736668496105,2.8434601099702554,15.976611558112952,13.222356729550421,8.90937363782295,1.18627381536462,8.595732888294087,9.853792735365623,7.097890422460998,4.901779618634645,7.510209733375515,4.878980388269387,5.757967445137449,3.683278302002862,7.857121174730783,3.348030139374199,5.818235053834656,-0.22668674711317377,-1.8955832840566436,5.416017186531972,3.3198166966923566,4.297873001088862,9.314646883521547,9.175958128876175,8.953916042780104,8.237801904578967
7.646423945073516,7.80405961552066,6.060781734304679,4.528758514095621,2.073974691968194,0.19281696303907228,2.988360130022357,3.005768623179246,0.604502546868907,14.210515977545864,0.17484692528509205,11.054076450809376,6.703960866692213,2.073768938235148,10.298032723512978,5.291932629512427,9.771799516723117,15.459621370606532,11.608350694790657,7.349104341045065,7.391208677373704,4.033217052653839,4.005536241180168,7.362865713143562,4.837382543718838,4.115613557132083,5.885106448635776,6.3165368414613505,4.005273202013937,4.656397484921211,9.327809723619433,9.236155787527808,8.64271505745628,8.037575007737699
8.16636213108458,7.089511802953104,6.634908859745847,6.24380369102463,2.5075661360550967,1.0864508206741395,3.843482052297192,-2.226031086335953,10.414935408592786,2.5889091724251654,-0.14692986514769857,11.086878067465996,11.847963735902898,13.018013552800697,10.61506625778937,18.263059450041705,7.992658567756982,4.025216841396998,3.2468901054805825,3.675748935589146,5.57529917041958,5.005613202465422,6.492227925247395,5.514752123196915,5.293136674215975,4.040649443056313,3.5183813469563767,6.550161340597864,1.5007225890044589,8.70428391206935,9.350252485856219,9.020114323503757,8.464620786060342,7.855918432463885
7.965644098591235,6.416596141415024,6.197805256002574,7.372094415971712,6.423805172874398,9.835494589468178,6.613072695180393,-3.5991171236804473,19.1305550964238,13.591678270317438,11.696168749451605,8.403122804380875,3.979824123767347,1.205037009197067,5.08053123831739,2.765302625573352,6.667185061380766,1.6080539914885523,6.44520346642974,3.788814336387954,1.5769623324992057,7.66413508046206,5.490277049269272,6.045577078301463,4.329178080345995,6.39761613707002,5.128433882312283,2.8485829588665337,2.3830014920314175,7.747225920040227,9.400258794008678,8.737213113657281,8.137831120497879,7.753553354598476
6.776311208652677,5.873185455054673,5.2228850300342,4.301625807667909,1.5172399287331748,1.7584684213859956,-0.7629042893209059,16.149272494367068,3.052750843639567,1.7209801233886366,1.031213248694618,2.968742333048385,5.912649703873579,6.438686773203522,4.048948996105959,6.38908484286516,4.352922685539748,4.637223932453218,4.016687683807162,3.9208523968800733,3.4812251357433204,3.484238041212582,4.440476488430127,4.969572501680501,1.1561696081450175,3.649839497621851,3.942050356219747,5.8663008531539065,4.586841101503319,9.174072456247362,9.170238071125288,8.72727165502101,8.325307898203853,7.471392790147721
8.523352577796782,5.774145363406765,4.184155009334645,3.834092069897044,-1.2065459422976899,0.9789189399966598,2.9125507793620975,6.150318338301277,-1.4560884985633475,-7.509289079713576,4.454962667140815,3.9357705193975323,0.22487474298237833,1.8940850861511158,1.2366246045816127,2.771916904836337,5.248830125466505,0.7910790181327252,1.5966588068148417,2.0897527775970666,6.387478010298562,3.0033165910707944,0.023996045479176026,1.778830019121235,-2.542477214836574,2.4397752704026243,6.012509473539748,2.2602507455351515,6.262671929039699,8.9271161414224,8.856026781770652,8.63032881823475,8.211539406346755,7.5463417871090925
8.539324694517271,5.598536647867676,5.081202780797199,3.014018618285345,1.2576220773805211,7.553039796538856,7.1066028075723,6.520865565184242,-2.0449243420347525,4.727136554655028,9.841788612335094,1.493410763331697,-0.47536863888052383,1.9003081972509304,0.6186450221361097,-0.3013517380743318,1.5884497061372838,-0.5352447129629769,0.2012525348583532,-1.953790029095635,1.9004470124516306,1.2520350618212477,2.1236617464868757,-0.7995403994042362,2.447998028317105,3.8446673627327197,5.250284391033531,4.4721823977534205,5.411638892825415,8.790360893547328,8.382734453027526,8.473387058072088,8.039471415871763,7.502425911628354
9.07537133684427,5.9430463415731785,4.299082990702075,3.5230929566745997,1.5736822694649821,-0.1347248490082541,5.757599623103016,-1.4325891293993402,10.617077996053348,8.644263295177721,4.3454877194657024,-0.9425680214082509,-2.4070022535339963,0.2672404658268722,1.00819500457831,-0.39360177720295414,-2.065741114281529,-0.9249248182916155,2.9106767322238833,1.774986839049887,1.7212813892774281,0.6974367389482178,2.128803957210736,4.251019524402335,3.5768526194960266,1.121485012451717,1.7445767793480322,0.8526806496802366,4.322542134753616,7.367754311168962,8.565422780130126,7.568373073849854,7.2958307447649675,6.910985801278676
10.343409440345622,7.335996595750738,4.218661024279069,1.9758263401140757,-0.9472158596236289,0.27167404602095807,1.645731733827602,1.475532496784054,1.075524976486889,-3.118478185786858,-3.600764654516313,-1.9462294753842648,2.1877416632249123,2.1100696593625483,-0.1934830860462865,-2.067597626227294,-0.20338333588609073,0.6840517712492861,-3.272222595704616,-0.1666120202972573,-0.41558665930691846,0.016489711998855343,-0.4599678774157228,2.1927257853650883,2.1837357182361656,0.6443136523446468,3.3544945763870517,-1.5234221029916593,4.065490305722705,3.6108044426236874,5.1907502678301904,8.803254201197923,6.106792795775638,5.223939460257598
10.454399253103105,8.463251955707808,5.321536635430478,3.284422021273325,0.8837774614450332,-1.0659480031679394,-5.3211844780197675,9.513990983051354,6.928418687999943,1.7084509796684861,1.8764228523582214,2.863254170408185,1.2328209431462462,0.5279223803182589,-2.8242036204410548,1.750031728463266,-2.8060818836188632,-1.3063579146324287,-1.7626057499188346,1.1050440102636085,-0.4406005790537855,0.9783953427682497,3.481414323400232,2.5433019527728913,1.637848539668072,2.3272547978997795,2.5123696652740426,1.5246271215026717,3.3005790764595515,3.2284026783636235,4.277311429343563,4.50210350861603,8.266906387248373,1.8982114860611896
9.41427688075534,8.613933658362809,7.205096813352814,5.160614653867058,1.0354669451227643,2.8931872398178076,4.126103102967254,-1.0884566384730967,8.0157189337867,2.1508049524302617,0.3732167061794658,0.16967688083559446,-1.8400805640327342,-3.542950138055206,-3.8498701968457696,-1.3547815763854203,-5.212014002491264,1.269351163437909,-0.8716723317365247,-0.486493296965619,-0.5240780279217603,-1.4930155116707733,0.8102735481000264,1.263991405157131,2.29917959512226,3.2189407203083626,-0.41221530881389873,2.563046255575882,3.271401725603136,2.39390150297473,2.4236704423588113,3.661625703817847,7.707198328058637,6.387144436849987
9.07038811045473,7.873931080930626,7.387918115169873,6.573231952548086,3.8976950929653547,2.00059299427529,-3.4662049359668865,0.12308906847655532,-2.463931011524487,1.3319902915042343,-2.0927051431799564,0.09105957375905926,-2.6288924116248067,-3.01337061072413,-1.2101564393203252,-3.4715329432467485,-1.7599463253645793,0.18292977085516637,0.5770421696283765,1.9763335191883638,0.9229230350100928,3.1698233049474704,0.9776846034195327,1.5905396606011095,1.0084950938507702,-0.7765484726735724,1.6952741740327115,2.3010379777417564,1.976085033527196,2.729169743261489,2.9887527972673467,3.494568812007487,4.481652711560447,6.276587492626449
9.942850010609815,9.0591185347135,6.662158647342818,5.040442645734898,2.7171754480681454,3.4242212492265405,3.183545411805891,-4.998491071409096,-0.6582153821887232,0.6500920471420337,-0.5645146467277059,-0.8369210070665121,-3.7609764654366127,-2.265080807184995,-3.940478465241788,-3.2986148117941196,-0.8688389457167726,0.6854329822862453,0.6118358499743713,0.7171593206814346,0.6096646924778438,0.491627324731696,0.35688170938016994,0.1777586199661105,1.0326526848616442,0.13859338521286352,0.050627817917294975,1.155633480437145,1.8558285683098874,2.2631844045650924,2.5044908585768124,3.672489213868007,6.820885641009582,6.145156261245839
9.991573784535145,9.62595549092579,7.8504019122979445,7.0227022803894075,2.4288940236103174,2.608208874747585,0.4909664544908349,6.035644893193287,0.14478199441494688,-0.8812791703529244,-4.127773654592536,-0.8178525546889996,-1.9886764167544133,-2.8472082533297605,-3.1717103919849405,-2.0908609741171005,-1.6665995890418517,-0.14837947413766683,0.7199555887513859,-0.06993717844366841,0.3915714085841924,1.7595844755328502,1.1694362069077884,1.1189059752133599,-2.6665618939725895,0.295524191032483,-0.16965616254652724,1.0129120073233273,2.0156869099839314,3.318410226522484,3.451929162322491,4.148536538813667,6.395313250336248,6.1451507434963455
10.423458033483957,7.839064398995223,7.796486279570888,6.431770688664045,4.053665043323614,1.9995443933886277,4.5815191687985095,13.978295174993416,0.05369319837440257,-0.7993828483596932,-2.6740140146989626,-3.016538536286504,-3.5408632509327056,-3.358170360920088,-0.15949782367560106,2.1158964698614255,1.1863451563904102,2.3622595488598446,2.8626655265056105,3.5771317957059288,3.5900560334305625,2.1690689687893334,0.599200269206133,-1.2991822554409778,-0.41674353008386905,1.961132655636,3.0353438387192,4.59914160848217,4.879207850195359,5.596741171714458,5.539947324992364,7.844111670317817,6.218810284702545,5.818525822274298
