script/wind10m.json
{"header": {"parameterCategory": 2, "parameterNumber": 3, "lo1": 3.000054539987559, "la1": 64.9999836372058, "dx": 0.5, "dy": 0.25, "nx": 34, "ny": 52, "refTime": "2025-04-19T03:00:00.000Z"}, "data":
[rows 0 to 23 of 52, columns 0 to 33 of 34]
-12.274162487423947,-12.267686519756523,-12.542529210153107,-12.061376627124394,-11.739016519852006,-11.156348868342983,-9.570482754580993,-8.741453366558485,-6.854931417777551,-2.9811858414947654,-2.9059691972677735,-0.22745597105354956,-1.0823710295377802,0.5166540589822187,1.073232992337601,1.6520776738774192,2.8020847180732686,5.5917186896939315,1.451121623371594,6.173154007121558,1.897765948470029,3.839052845947555,0.9523981759237191,2.3827457652134765,1.8009940053885078,-0.2751166343899916,-0.20119997840652323,0.05950927287142358,0.8412316725321725,0.6458849285352433,-0.45105620228644705,-0.769670799596763,-0.5342589155530818,-0.2896382285298137
-11.995633680464984,-12.284064137212784,-12.175118371389782,-12.677893503956088,-10.657654719921657,-9.177570067766109,-8.504478462662298,-4.080113283230738,-4.869043890852725,-1.4971877460633822,-1.6407728004676234,-0.704934905599167,0.8303778352608348,1.1619771067672333,0.41613923561649746,2.7098546475859133,4.780293794654546,3.334946378292499,2.775970842353229,4.052247677927926,1.3467130327126864,1.5343329518310982,1.4544492269096456,-0.7019156572363032,-0.08919807482753216,-0.3037625626604762,1.2511841266858525,-0.41734838829559295,1.1632100066899822,7.757758576847517e-05,0.3418302006393069,-1.1083545263376096,-0.8124183979769544,0.3547319293461853
-12.776783808195336,-12.064720255047934,-11.939384098649516,-11.026294398597777,-9.093117803842325,-7.301571194415225,-7.406650456808354,-4.879105635778104,-2.9547785271469214,-1.1266469648259902,0.620173616037601,0.6156699358845408,1.6754222402991377,2.942779732892045,2.5078942437938183,5.587970497974373,1.9003146604443568,2.1602140652299977,-0.5849115151648884,1.705101223929511,1.6274490560731232,1.1427563165198018,0.032082708311893936,0.2662495604652223,-0.018253479049508716,0.2738263754546497,-0.22753861649830412,0.9420296087025898,-0.3315921149068182,-0.8060656615954166,-0.34179766703131464,0.47326309116292975,0.19771082942124246,0.5821643163529244
-11.954961113132427,-12.008356878907467,-10.49232807098847,-8.999832598754153,-6.926313525889882,-5.836392902844286,-4.489505280694284,-1.818379040596266,0.09896305577611893,1.0195088953878229,1.2911659493110652,0.3791097294906498,-0.15027103440120534,2.18498660391813,6.594511933067015,2.043932853873601,0.44980607636021736,2.4553071957460575,3.230488976961659,1.475447898030561,2.517959599225719,0.7502387728290566,-0.9246118684164412,0.556594914996558,1.429407566755792,-0.4579694625518059,-0.34448580898068093,0.20668324784434017,0.45729764133965733,0.65953835737381,-0.11550116740152973,-0.3484664188743088,-1.212215614279169,-2.382229237454836
-11.178049105962863,-10.01956240789037,-7.6122009196458835,-7.415995566689348,-3.9237148071445427,-4.317628166170464,-0.2712472907929167,-0.022788625809780964,-0.5628264130286524,-0.10487862150735733,-0.788622108383314,-0.5222495671149068,0.6542831099048194,5.320646237290507,3.3296537115492297,3.0363136438998497,0.8248906081001003,1.7631989555136058,0.7761775307623023,0.7127472561510876,0.5322235283678155,-2.033938554536222,-0.18137946246383999,-0.6575263637665537,-1.275023518313611,-0.03646523598260197,-1.417514475966884,-0.40683895798603237,-1.6560628609258654,-0.10777178748208861,-0.9159822180935187,-2.329549705480596,-1.6011612091967768,-2.487081354637133
-8.555008657488607,-6.848215429987312,-6.001926780587782,-4.846664372786293,-4.116487508197458,-2.387805501455952,-2.1435039361587327,0.8951389198161771,-1.204871045775315,-0.42306474704558533,-0.381276942780927,2.969962349099474,4.800619690924277,5.286938679098958,1.8709006562553117,1.8153760152510316,1.6380947534768147,1.719884625877237,0.200788680207599,-1.3480661747985412,-1.055776300645569,-2.6382784607304828,-1.4707791952846676,-1.6379119127542279,-0.7134537264370533,-0.7305698555999746,0.13012543694341744,-0.7544216909435336,-0.3918141600289862,-2.4267862666075413,-2.2646063113178947,-1.631856644348946,-0.8195210097240476,-2.2348546681203527
-7.543987035359417,-6.525273998512188,-6.838244142388628,-4.3106707287426484,-4.026292181146364,1.1054345481678765,-0.4187367910843727,-0.6029619132956024,-0.1522209233230625,-1.2468706796140108,5.743619320231746,3.8454280784564028,3.0364346207521495,1.3759767416865614,2.2596346780317837,4.593053158297756,0.03223494594352566,1.3372860996910516,0.019345209204986183,-1.128723074057331,-0.7841022964037125,-0.8871232712728545,-2.0492120883313523,-0.800978715008977,-1.6225953736643108,0.4052529777616433,-1.317942526048454,-1.20384729948383,0.06695885030902048,-0.6163540579985833,-0.6443729145659424,0.4506293301954738,-2.114472254815863,-3.3428255021197093
-8.306957857357304,-8.439783615356745,-4.7746754869887225,-4.054187390179605,-2.122945360808106,1.4490806190185475,1.0443765236134108,-0.3347722511635804,-0.7333254845171607,5.529398795886193,5.14359333795539,0.9893191719495602,1.3851383208735761,-1.2727393957390196,0.3952854821413558,1.3918302760501429,-0.20000662006813968,-1.9434107758924581,-1.6158436393616453,-0.44412174387569536,-2.042680870758815,-0.6874919547214035,-1.3880367941856255,-1.0885400179918163,-0.4980672869091204,-0.7811610944274096,-2.2024074562386815,-2.6077014142072774,-2.0800545242675703,-2.127799885839715,-2.181765867566268,0.1439139394300414,-2.483341637486246,-6.374985088875506
-6.960363945697139,-3.57773767384334,-3.260718865494878,0.15160563858244502,0.36131239586533465,1.2121204596086592,-1.9230499712666287,-0.6635771396048078,4.855266214150539,1.9593079954200137,1.498684026314493,-0.6988437975518216,2.180297995769854,0.4209930973607516,2.033024399968348,-1.9023820912460598,-4.384214151983236,-0.8674885015527963,-1.6539546056306418,-3.2361573686963103,-1.1374295226552025,-2.4014512598263846,-1.7097520742240526,-2.33542706659638,-1.5678002955270707,-1.7304285277572686,-1.5467680468518141,-0.2769050779512822,-0.5788447702258597,-0.1596543911648789,-2.167895829103101,-2.9823964696148755,-5.245160353747645,-7.377002519157062
-4.929957411206648,-3.5109789432869025,-2.307309119150304,0.1624526633114688,-0.4265409356523934,-2.5160331958349724,1.2144777431720764,3.4565509184137873,1.6631174633634307,-0.2359525025977245,-0.7080528790309859,-0.7575074676581137,0.0906729260516351,1.2149211480098512,-2.056387882082253,-2.384378199706269,-1.684498356049484,-3.643123585698994,-3.1040780782242137,-3.8831716603774065,-1.0066639580194383,-0.13176368025914958,-0.8446558389751692,-1.9859056803247843,-1.5868438174899773,-2.4316566154638273,0.0018259704155934502,-3.3503534800739145,-2.4994303364765487,-2.228489176098894,-2.3800956192714224,-3.517935870954235,-7.839405911056153,-7.700463860443556
-3.6292295582169314,-2.0837702080766367,0.18411107384716258,-3.1345865553145633,-2.7890809694569345,4.403814747338375,2.010249383137322,-0.8627693462447518,0.8125349399511599,0.05560371535196533,-1.3524085848651028,0.1648123412123889,1.2583876874980005,-2.806904245645982,-2.233667702181728,-3.480900318992216,-0.9716085305463724,-0.12591756878537558,-4.638461933388756,-1.2646838277173307,-1.7261412566272134,-0.8655241939647063,-2.3412630083239097,-0.7126902042609621,-3.304353944670116,0.029358110112558546,0.9502882119933702,-3.0062974901517507,-1.2612053954130713,-3.0065585031068562,-6.888433821611019,-7.406493267771169,-7.668669328939747,-7.558706718035259
-2.7909462817625994,-2.3762470340071618,-4.988248135128638,-3.2049479940675787,0.4001859127545016,1.0660887413557592,-0.13897487776997347,-0.7440819592728942,0.20317000572635957,0.9123676047564316,-0.7793401324000279,-2.990189612894664,-0.5755343292183208,-1.962504312958775,-2.298664131090774,-2.2612419432341726,-1.5517700279802509,-4.995547005408603,-2.9548091862520485,-1.2195082753775919,-1.461245926074152,-2.2266203493644765,-1.3018429121003292,-2.33072147753391,-1.9246628346260906,-2.749972169131669,-1.9181298912786788,-2.648782717666803,-1.9005461963501589,-2.816323120985485,-8.004434661589368,-8.224286349131011,-7.613854841218802,-7.7441385194123775
-4.10718217815506,-4.54470534956268,-3.814947030381397,-3.7008906861969506,1.8252840790442622,1.2462757271490947,-0.35783218674485623,-2.8219051569959572,1.0625618484346218,2.6879223441450866,-3.5849707996770928,-2.2389814530200085,-3.5352657432367103,1.212069225870908,-1.0698718720895828,0.013520904763913384,-2.9947857318260533,0.5752974855847197,-2.4128251634130575,-4.346453599661243,-1.7175593503107487,-0.8311737184231791,-2.455550739559243,-1.2298530078854664,-3.0087347810845473,-2.4295420917085577,-1.1859889137296782,-3.163680823066552,-1.98828987203484,-6.787650559561973,-6.456630338056423,-7.225381766039272,-6.483981879084109,-6.122443753812511
-5.286084485326557,-5.2684120065659155,-4.340772826755873,0.7700070150202972,1.0974826225643877,-3.7686689627182854,-3.3248370047033475,-1.6209183637559796,0.7737854019049052,0.548974773263311,1.4999892019520733,0.7249500049417521,-2.795697671590573,0.116961088983814,-4.430967399373388,-0.33716186357624367,-2.9928905103213856,-1.5034709507732662,-3.1116873817819215,-0.9667408899186125,-0.9614475479520411,-2.437754991563366,-2.0852365555842414,-1.6810289183980553,-2.353303960930098,-2.6991704780789973,-0.6833899631999911,-0.018538592098704284,-2.231830424821733,-5.4575462207258525,-5.982975693188908,-6.919939849710415,-5.043508585800861,-4.333669629704723
-6.058299068197026,-5.664202334191762,-0.5800354662155143,-1.3030986516326684,-1.1158620074199055,-1.1136695777979138,0.28429753209649766,1.6943127850778341,-0.8913091777485194,-1.7732268599095211,-2.776529536569372,-2.238289754031433,-2.905451204840001,1.0044593144512919,-1.0611346600945775,-3.1280843683444273,-2.0679276364265693,-0.7866694364187431,-1.9067107873235323,-1.3256243957436349,-2.0453417946951644,-0.5694526935280604,-3.20516158587479,-2.259638538403237,-2.768371618972916,-2.324969837911467,-1.9115981916017817,0.3890678400417576,-2.124614205756453,-7.0542774048702475,-4.9280801291862755,-5.382129876099074,-5.015189695799341,-5.2901128410740785
-6.39670702061461,-2.3019368166247585,-2.3084461526596325,-3.4176601884351445,-1.606407210986278,-1.1901089231551412,-5.17231285286719,1.153692665049965,-0.36270919152012476,-0.9077273273018776,0.5088061300390457,0.8690787707938425,-5.365085684472479,-5.4566897764695605,-0.7143860201877082,-2.655982461005402,-4.615973089612815,-1.2426633588655593,-0.7715549189145333,-1.016524846278348,-1.9363277830210317,-1.6484045386761226,-0.9961541167133555,-1.928769235599118,-2.5801302284022354,-2.2811733138605126,-1.8244662980163284,-0.033492009153641124,-1.962615349529933,-4.052795810513155,-5.321073857274146,-5.009995991783035,-5.467067200022982,-6.265617384878788
-4.918249569708273,-2.8536088694879185,-4.167439284944227,-5.59984936482257,-2.5620787223491726,0.43061728166935037,-2.7351878014823963,0.1563737617831379,-0.9179264439923971,0.9050666556265278,0.2560754622749158,-4.676188228375903,0.5799482778760335,-1.6436225293143052,-2.090441031717338,-1.7674259896591393,-2.0899876389860355,-1.2305309580889119,-2.3493587367595454,-1.7700484805651964,-1.0939169814190062,-2.8073621892769047,-2.12349066360007,-1.5640710317550846,-2.3456104724392643,-1.9240235250187951,-2.467595590016512,-2.233662979867184,-2.1987911110551246,-5.814230532644441,-4.721445567245988,-4.580329948492727,-6.034147274281671,-6.823880901383734
-4.8921126026501245,-5.27349834054222,-5.9703296438988165,-7.052077445979114,-2.7161622119626943,-1.9688648860355398,0.3456098530867429,0.3837033386710963,-3.149943250446979,-2.0786274178171373,-2.0253874147112945,-4.258933179694172,-2.3722224503087146,-2.322142816739653,-0.473593082097924,-1.0101721981627028,1.0744147261704535,0.26136023511753464,-1.4633468864674883,-1.600921491351426,-2.1457443376996728,-0.961048787493897,-1.6851773179947258,-2.367633387438724,-0.9253889767995362,-2.7114785154267858,-0.7573578572896136,-2.0026541391231967,-1.6083547818855148,-4.916698398635062,-5.049018114613544,-5.47407745774305,-5.530031114861939,-6.271012851378608
-5.486208843515683,-5.73625435731914,-6.238751169741567,-7.874253283682661,-4.073677664076129,0.4924126460096074,-2.434392119931613,1.4116127141707961,-0.9921277917030736,-4.196726632892189,-0.225373722741326,-0.9575875100287606,-0.3034474523552155,-0.9735133250968101,-2.3312724449483317,-1.1517914963647056,-1.383927664566214,-2.2588242905615274,-2.6461041385661574,-1.712931109980298,-1.8378795300206963,-2.5965216673835108,-1.6691611519585303,-1.2044060468508515,-1.0079724183369656,-1.9807252116956282,-1.8267333283754195,-1.465826141834321,-1.8826601718090716,-2.048958683499471,-2.6900155070528315,-3.726338928169593,-5.204230635424618,-6.501616467576065
-6.1675649297614346,-6.404358526500659,-6.694724340323511,-8.601387289244425,-3.479045391999476,-0.0017402462104087449,-0.5133417095277063,-2.7815125144783965,0.502802014526755,0.09887556244715173,0.6126509048965928,-2.940203775073297,-1.8703520927194497,-3.11844155383209,-1.4068009472784075,-1.657271497634977,-3.3900477362136656,-1.4406098416542552,-3.3787322221542215,-0.9157483309310809,-2.7024904145219515,-1.3921208028644854,-2.6598867091735614,-1.203340422995582,-0.5981656513481105,-1.73635673781124,-2.1496632088233185,-2.1737826063415913,-1.818707221845389,-1.6424154624146683,-1.7138753212370548,-1.734462364600494,-4.079144072438546,-1.9039430046655856
-6.827962786117013,-7.09760078820351,-7.53065866774919,-9.344318145049835,-9.086957126030534,-1.8431047695198723,-0.8513501804043152,-1.2302679068646278,-3.0376367494462087,1.4579099215911386,-0.275049474007699,-0.9130581093401191,-0.24198911710495893,-1.2405165632463313,-0.6133683870102258,-2.0545503247579306,-3.5765164392193145,-1.0830520016545677,-2.2999203457577777,-1.673858838457399,-1.780752272815224,-1.7435120790720327,-1.5894492710187815,-1.1181822121488985,-2.224562669570871,-2.2082571961599444,-1.472047130741657,-2.018852990935663,-1.882523028841935,-2.4858256435200543,-1.9763170532202803,-1.4442364280117186,-4.129686134452839,-4.842696516837349
-6.984745529832101,-7.644043359587374,-8.563620538975423,-9.906133011401014,-10.330643788125558,0.4461590120585734,-1.0176996122623145,-3.87725526847496,-4.013455115875873,-0.02200181998070363,-3.1027129410578262,-1.9383845473350487,-2.8470511836396577,-2.452934828756454,1.9907396667267305,-2.959516730748434,-2.753058787743834,-1.4735976916886053,-1.5094410219432508,-1.4736747074910568,-1.9741515345666394,-2.160718816704275,-2.0378454455208934,-1.2495148156263018,-1.6295740662713225,-2.1743091454239614,-1.7953095990673984,-1.9502220566029063,-2.0744722468485777,-2.635245211450968,-1.549571509566536,-1.5112628880851207,-2.842465780581315,-5.810588744550892
-7.484179586578381,-8.450463733540763,-9.527640809871231,-10.43178236393679,-10.817211312239722,-2.7908284965136296,-1.9752254033940468,-1.826677888010352,-3.1107701874728697,-3.424792298083674,0.14413492677357503,-2.7647564829982434,-3.445783268944215,-1.2080259359484522,-3.8228185897122335,-2.6330813931715173,-1.9012608274186213,-1.3782859343341478,-1.7333061220936006,-1.7498904453612203,-2.102902133942656,-1.5484085564269556,-1.4357275734676067,-1.5349711552059122,-0.8099336354617078,-1.4026643288443479,-2.4185493350401277,-3.573181920676793,-2.5244394226037916,-2.0299543943660967,-2.6950966849982243,-3.0643977817203356,-4.196608686503749,-5.591153656267636
-8.103534292615103,-9.151957429360891,-9.86993843784652,-10.307116425439983,-11.009323653618122,-4.314779591460035,-1.9480293295512623,-1.22511332991545,-4.135858271418203,-1.8973808759826967,-1.817462098119839,-0.7338512062686062,-0.9393190111693194,-2.0708572731038664,-2.8426589419771124,-5.176015731482672,-1.7452803203811351,-1.7464716376227332,-1.4762033682223297,-2.5297365765706408,-2.2486062215445366,-2.933484200534134,-1.4835472798596228,-0.6275918099199229,-2.966689791327509,-1.654770887654901,-2.968971106998239,-1.4826391890689496,-1.7404562722645698,-2.092924173329444,-2.55551102831818,-2.378297614183115,-5.463921428512277,-5.124187645477063
