script/wind150m.json
{"header": {"parameterCategory": 2, "parameterNumber": 3, "lo1": 6.000198445256149, "la1": 58.999992894266676, "dx": 0.5, "dy": 0.25, "nx": 22, "ny": 24, "refTime": "2024-03-02T04:00:00.000Z"}, "data":
[rows 0 to 23 of 24, columns 0 to 21 of 22]
7.151171205273773,4.0375791810604476,15.856975889938024,7.7512762713208065,6.979574302858705,10.609932890828164,6.692924076913598,5.098974832758268,6.4208357564620675,8.642979953691892,4.472791220232073,4.188811836789256,1.2635172777437902,3.458804417379259,7.841812378756714,2.6833592475786032,4.5619305442176525,4.843372222832301,2.135632825543362,2.7750768665997017,4.513378477230946,10.004783437962383
3.7088888595039564,12.59608602854187,1.2794218137769153,11.382691410099559,11.266320322192879,7.806808535311546,9.127153880614015,6.861126085582432,5.504817749609956,6.117397796581632,8.23300175794124,11.725688629362347,15.044381789030608,16.071050224272305,11.429585484405738,12.099024209141385,7.119650787147364,3.6173119119849444,6.040843430371197,2.033613009054443,4.822394747887276,3.7856160353157957
2.774975343204299,3.0534922706619367,2.745153841440867,2.2498922158929187,4.75197616490663,4.670439941516753,4.191167351572394,10.133721283228136,0.1885161619395231,2.2800068468575967,1.8322638788860794,11.603720000582427,1.7569954806161443,2.3001062285536285,9.708098219252399,4.31910177280341,7.128742441731741,2.13998438469907,-0.2850349323687508,-0.8115674043115226,9.375175950099107,1.3339773520877158
3.661434743204025,7.854314150874156,3.3568362334054975,1.879704841268765,3.757051001148658,8.320480013114043,5.489248242766945,10.737439460493988,2.197072841547868,4.140601375699878,5.361161425807769,4.662052308539389,4.159512352748432,7.730244350153165,2.5005136093529075,5.050131360977936,6.92598310958417,2.131197212236048,4.516834805483289,2.1759032121412263,2.7937846915587015,5.002454748223133
4.359041974572963,3.5431620880976777,4.745739911450771,9.009760276312212,6.198420227392619,4.359009990665996,2.800922832635006,0.9921847107082263,11.743241813272972,7.418953039319121,5.889228202691561,3.685039584849234,9.411567012421578,4.46560629172427,3.4059133090332923,5.6738395202539715,5.608777526802451,12.407539493887317,4.866198640115949,1.6310324248725834,10.655848027440124,8.58667126226388
3.407202800130274,5.414446856989256,4.325383556093357,6.678586828948266,11.942153356577267,12.615331159600577,4.166908078800566,8.93411664998725,1.656709849654064,3.8968224075137954,7.407758609896567,5.555725127021054,3.8500564150435532,9.507591841778842,2.855966083581787,9.304750087176238,10.684166883501472,5.512362900917596,3.6472655980955064,2.748855761623377,7.432898242960208,8.163760165252423
8.409264615934847,11.315634710569183,2.8946704959643643,6.18866010312929,4.792923727362706,8.916133432448188,13.623363754806798,13.949510934570684,11.899779333364839,-1.7194439280070293,5.167416632854642,0.6812076197701282,7.2725010351880055,6.185429525192587,9.876566515022573,11.342359800136666,2.0285570414689134,13.097776637100917,6.2955916532185325,7.186886915295247,3.015051117450779,1.8746451166388631
7.7743002613613825,10.484421755737257,5.88998915046806,10.952026021115598,6.605809786389212,3.917425323103031,4.691140590224138,4.97256528979455,10.615181442663877,2.0481509445485204,10.257253739000054,10.930886188273695,6.057925242203319,3.345766745522751,4.532089912197643,2.95924669536096,6.153438706788924,7.181839878972595,4.546962623817831,8.414545849180424,8.46200343415841,-5.524704844557666
7.671364711922528,7.732359013137243,3.133279914773746,3.559444255633686,8.207182453905409,14.280573356269903,1.2613754622291646,4.124609616469642,14.832876452094652,10.763979727993284,5.435795155224603,-0.3635179722400856,6.798469631613187,5.6184398260137165,3.4030905154790414,4.300400055276078,11.135854459282735,1.4522192288920504,7.7985993345129945,10.58225533443731,8.50940172280194,3.6106209484226097
3.2494709842281533,4.501284408578415,3.2187704494349743,1.7436950317282323,7.215295246658152,3.136815825719153,4.58107589783764,10.09273312567131,12.473615508360524,6.988233239022328,4.0457199420932275,11.574248073002346,3.8857386183289973,5.009021747777303,9.416321600022597,7.0858357417278794,6.214151892247277,2.5829680633427907,10.653914945229145,2.2982760655341186,3.1496785517886794,13.288756137976165
4.366407800503407,10.244262460401007,6.1884850254485135,0.26441151443106875,6.175499065065517,3.0409338109275446,5.568087031586341,4.726081925920953,14.823108732079323,6.645196804828463,3.260754115497664,5.148599258536501,2.345268521511408,12.745136882405818,2.8803133241416514,2.3055370797023627,9.257208870616887,11.932647951793232,6.295249720292414,-2.668908512444444,4.33774194892792,5.389986470861609
8.086918888222357,6.351936183122341,7.0558761773234036,2.032647540020136,5.253903373118496,4.136074078497503,8.292097352290902,10.39781282770685,10.673368964997163,1.3725789476152805,-1.2843009155607452,4.188490268564717,5.3055526368780805,8.359268246411443,1.0762616179850515,2.8164610632178255,2.4727953658569444,9.735365370595186,14.849871919878083,10.721927078779327,14.819606199548497,9.95599497285412
11.874709687733553,5.952591927914743,12.316548393261032,8.647797978885109,10.571688183870911,2.9520204608085674,2.4852556114497153,2.6953101213199515,2.91585431999065,5.179649057239452,10.724040067677588,7.117568499625226,11.305012688685077,5.9686066263345605,3.8186311601490504,12.290116742939913,5.049941300020976,5.034499759283009,4.0647224831980955,3.899220366516383,5.221458618865244,2.096010916181695
3.974869781342769,0.6989752015758923,-1.10216287167936,6.489004501601256,1.1803904627531354,7.597502969136195,11.747923130530546,2.8223472823802718,3.779857766716622,7.2775095334394475,3.3038457464627267,7.101359169881752,7.741300470522897,2.5489768094349152,6.476474798525357,4.778209799612198,0.4013111132332707,2.272075729884035,13.441992859088648,3.1339738555061505,10.753015445035615,10.476462592910197
10.535524649900593,5.167069691028177,10.99930868761773,10.225711494623479,4.831269235717752,12.084880374898091,3.7177443121512144,3.133521497934092,6.514567528475342,10.12763974885297,1.562601113418704,1.238978032266708,11.765340705049613,10.310577220780132,1.8186696935447904,8.570174393968953,0.5994095900679157,4.080345780038873,4.617412796934293,1.4559147653188285,8.284671871939484,6.4173933411477435
3.8934100804487706,10.923158833051668,5.849841122439389,8.504143117867594,3.377930555846579,11.205323550059616,7.453581219341895,1.8598754989886856,0.6831007509077542,7.355666225596438,9.75395712055573,5.141131344428126,2.2818719933193385,-1.9424564127488182,2.767986290275643,5.434770236327429,4.562626998108013,5.826280275836963,9.175291415486305,2.745671862961558,11.361071510947374,2.1555022938237474
11.301047021360764,5.743439548042011,7.7717513620216465,1.8689230150577303,9.367313578085513,7.228795936945445,5.598142209670285,3.55254955220962,6.9252800455357715,10.293502462293189,7.053598355814752,13.186488610371875,4.5359679092235705,2.5599616389851727,4.746655984071554,2.7807142033851724,3.0471923203804496,3.090762702253363,7.55880104087159,7.651849566615953,1.8753158747608154,7.743742821957514
9.306333178774569,11.744769350889824,11.77260381230238,7.05951260598514,6.598766416031212,12.390421162993555,6.253224993816739,5.469222415779345,3.75872052507437,3.2391376352457932,12.034051488701722,4.84163115525518,10.247560306002415,5.2589848831018555,5.568051955951283,1.9412151038207708,4.634425688936203,3.37105401467199,10.676846222408543,8.83089183868765,14.737303508250609,7.646388912754468
6.29677289571036,7.145781988739543,4.444369317943913,4.286197384049114,8.178547400683232,8.605352454188527,12.38812398697502,5.3589521986059365,1.0392264764450476,4.546133046364281,3.0810591499525244,8.143627984331426,2.0618898939294246,7.443489780321548,7.988260735379121,2.009239450285915,6.223320920045394,5.850005035125633,4.14537012202371,7.132050576669724,8.198400044914388,13.080626308993931
11.166239815436057,10.456204523936327,4.739569297121428,6.296970175068745,11.122619148638746,4.304833516895646,5.227355124164562,2.9518254995544617,10.641344041137627,6.250570629729838,8.144517746954975,8.413333085266734,3.8573031606448414,5.9568651234336985,10.293692448040632,3.2382625067305706,8.6461913762416,3.7084284800575786,4.852460831817156,8.672195285797802,6.727840033600442,2.139148461997053
6.945672606945835,2.772119466911613,12.700446271203193,4.068831371270105,2.8491380627555696,2.2492055295508178,1.6612375581140781,10.234777524257344,10.569852476190029,4.4386560476923,3.3502678496613276,4.761874216933316,4.8325605319216285,3.4370729937277167,7.230682260381679,1.285583577215646,2.209488440444596,10.361461864121832,10.644060942017935,0.8818774062546177,5.322404886628259,10.560679521077667
1.452472102215655,9.807763686953068,9.6280474614215,5.737295404373659,10.391474283112855,1.1439470143772588,4.417551048702559,10.89316029917571,5.353045901892727,0.3468785635370731,5.485026173965889,2.0043314703872066,4.199185216047883,7.831264251708925,4.78888931178015,15.1704424233438,12.421832485834129,2.3239136992236245,10.381789600859953,2.267131505959837,8.0426296044474,4.726022302306312
3.4041268898319044,5.110212987964068,3.100468280447991,10.99037157948187,-1.7382555239904327,4.993502978384172,7.236411877835437,9.982266298938,10.482715255501656,3.4720400130596842,1.9871247281515716,4.026354171715957,3.67319221746891,4.782610582172722,5.66795429264449,5.901359774854722,10.52255769586879,6.461085822755979,2.76102532577077,5.394480575256811,3.3583505869602877,4.711464762685649
7.894956228383387,6.365711590534386,7.347053586375142,4.859413263456504,-2.67111018138581,-0.1903752738300643,5.469305012330626,3.157623521239796,1.935380015234253,12.49933677872295,11.651768079775767,3.8803666200834823,4.445651541917451,2.652675791731249,10.178655806583338,4.905473638938659,10.492546789240876,2.1578442389723063,8.713645742390273,5.70566423881142,16.01489918532799,12.1445769035714
