script/wind100m.json
{"header": {"parameterCategory": 2, "parameterNumber": 2, "lo1": 3.000054539987559, "la1": 64.9999836372058, "dx": 0.5, "dy": 0.25, "nx": 34, "ny": 52, "refTime": "2025-11-23T09:00:00.000Z"}, "data":
[rows 0 to 23 of 52, columns 0 to 33 of 34]
-9.146266287359337,-8.598403538109459,-7.96383315689902,-8.064297174173458,-7.5691912341980565,-7.082716357751712,-5.915151813242478,-5.066691857174041,-4.687664730230925,-3.6915188671792176,-3.351355896371645,-2.8714608832147324,-2.3648123292726306,-1.7113400059885266,-1.0086826636134014,-1.6283728068289847,-1.3626113304442062,-0.4217289342436719,-0.6091749639825247,0.7220370237338947,2.5198494191934233,1.323864424934749,1.92446638372958,1.0266138968131728,-0.8853202176502447,-2.76282531461076,-1.1085800265722137,-3.5484974846873523,-2.905860349231677,-1.561306505251292,-1.9378769221495002,-2.413096184602706,-3.0692270724697623,-1.8595107807099722
2.0726835842054716,-6.521042028697805,-5.736099974463532,-10.053207089235396,-9.72746716345923,-8.126321015057695,-7.833152943672988,-6.878778781409249,-5.332279667613296,-4.517418258372346,-3.3486260000239914,-2.9310091476349833,-2.2325030648747153,-1.7526295226871438,-1.3588020015975386,-2.115881743859603,-0.18004671836285052,0.17470103829883946,0.484917635996949,2.8902706495064194,2.5292810733906466,3.4938504429525565,2.4292262367932755,4.832664213924893,-1.0079040346168433,-0.8254436573356101,0.9065567195268349,0.13010021355432447,-1.367025069299644,-2.7109454086391445,-2.4078727973748153,-2.394530876588637,-2.1586872918241147,-2.630876892979571
5.1336177993252115,1.9970922202090564,-0.9479673899265832,-8.784917123032223,-8.772788193699823,-9.9025067225953,-7.736400425654286,-8.148139637689864,-7.117380607269133,-6.308968658284355,-4.564625733900851,-3.7430993372527266,-2.7854039356383296,-2.0547835591923995,-1.0337257174632104,0.24548946947188954,1.9733856635595362,1.476738391583115,1.0245281842108287,4.387606321817713,3.4594058041103124,2.7895508271894753,5.384489676714702,4.120180886252292,4.85161438488125,-0.7936320218527579,1.4694274675978913,1.4303637959420727,0.2490660632826988,-0.46520885791083655,-0.9145356284897959,-0.8638096623575825,-1.5142946543499323,-2.0857038090097686
3.722766593832061,3.6771290485725703,5.263489674648968,7.8805001534191605,6.497788010385436,5.848268938054479,4.579479642638044,-5.232480885037552,-6.891612514481464,-6.578053197220322,-5.479887440850538,-4.188386520362532,-3.416190084089985,-2.7970701216260334,-2.1619600039317275,-1.0346707724754003,0.9206730258912157,1.1684340949161016,2.5213249962572277,-0.39069800396464577,2.158510837655512,3.7853684918509876,5.711894088675482,4.564078116127729,5.80797956857981,2.9554642201951937,7.053438988622493,2.85579991185924,3.108665764481054,2.4070674820180256,-2.074409062666113,-0.6097052421975134,-2.361751810856549,-4.124887151851713
4.559902853835834,4.681269150526679,5.362665214435587,5.9560087333201714,6.196064000741084,5.678032472432721,5.621024382701297,5.716764163270037,6.2017450986374865,2.967220827916482,-3.1522863820225853,-4.137217816452891,-2.5343345986418266,-0.5699516299038292,-1.9332932260191358,0.8066377382268354,0.8369531586183734,-1.8507647380654895,3.253799884171705,8.228180465369636,6.538477382538703,11.331293718274363,4.444357884897648,6.288772246787732,3.7662650760578944,4.394508825287399,6.319927933565112,1.379260710000193,6.252100790549183,6.965919262774931,3.7453854329776095,3.6211861728298724,-2.2495290498359943,-3.3289603442833773
4.793310583748388,5.089640911299294,5.057809500792919,5.174987883272238,4.552005317202686,5.0033714484865595,4.617962518914482,4.859981053761415,4.948564202200927,4.910887569445861,4.915008507934313,0.626841975832939,1.5520754077574357,-0.019968667344801693,1.8311107942847433,3.3381299963496964,3.7371010587839497,4.252814383539448,5.892197802697732,4.346514354196885,3.6595756956029377,7.0324547080664805,6.397914014425254,7.526223202994377,6.50141240263815,3.3051130755794285,6.395979348265066,7.687483247818306,2.740552041014299,7.094115273424321,5.518931897439951,3.2042195107993816,-1.9132311235976622,-4.582016304880586
4.168550821549736,4.2540606632044415,4.269856388534223,4.377153485297589,4.469652644120573,4.119254512743596,3.9322096535065945,3.758134493748873,3.988739683464255,4.165149947152198,4.165086241003185,3.7411535460500143,3.438047389654293,5.412467184059342,0.0990011671122328,3.955361794226349,2.1893674958318035,3.6806732747840956,6.551801783045326,4.4899054068648,5.01507041971888,6.124480012799227,6.632930595260719,4.469883658498298,7.192265802871163,5.061338248016133,8.246859415898342,2.2348514087610685,3.263016181591438,5.579531306702055,4.478039266556554,4.543819091070364,0.5051125616601081,-2.585148987439637
3.003860586556697,3.1195929600789554,3.450649318782016,3.6499645332988284,3.5691858813134183,3.1389012169931374,3.2114777580337464,3.4685703149423013,3.7214156297757177,5.554407312768062,5.674224236254208,-2.437289875569488,0.2725927695366373,6.105672352073866,4.174975388953184,4.680551793883694,-0.5728123812032344,3.8287439028556274,8.151435862129368,4.86234178349637,6.056089510173501,8.139076607043116,4.872904772455418,3.745280929002632,5.038234314631213,2.997929469385816,5.111504869116772,7.037479316472387,2.518659508935242,0.8608566229564506,5.644670117511562,3.507359198644733,0.22216629539612645,1.8563709441423732
1.9386187348212618,2.0273022412837594,2.3297768524034237,2.779012696509473,2.6342372432586654,2.424959112534766,2.574140941491111,3.152576773678221,1.6655094325355912,3.1968502151229603,-0.07540152976382747,-0.22734206301120707,2.937989684351783,3.2489296914113743,4.439817034819475,-0.7799809420027939,-0.7537666852672464,5.159250489063174,1.8316093290376785,3.8259209810725827,9.084047796796176,5.069551758597767,-1.2171090394849158,0.9701150274015969,5.456053090969971,3.663438043252248,6.620918919016579,0.9675461708738661,4.725860215270521,3.299713419508848,3.6680911237928933,3.5082326024596027,4.577743413034616,5.95796613503557
1.2767823232112165,1.267658787572308,1.337543698636768,1.0437855215543272,1.1822555006427506,1.268724021066741,1.151073350494125,0.9741195759901939,-0.7028303114925987,-0.7376948557609497,0.20341710748144096,-0.15602391813017627,2.002852843564449,3.822268419056674,-2.6975835898257667,2.3637539867382835,2.163606425376716,0.8449258211786892,2.2242913769065167,4.733131028272177,5.993144625508444,5.813414228024971,4.055184581058141,7.0675772167811175,3.0235059685451406,4.183214917206065,5.161773050366628,7.149864780841833,5.821646559084876,3.966787869764297,3.051185527867511,5.846200096758288,6.98003883214049,7.459477921111911
-0.22802168218980762,-0.18633945091857243,-0.40604720937774513,-0.3669709354760958,-0.12010111872625755,1.4415165665847416,-1.7299018053130548,-1.8118181246939755,1.3442105165331522,0.4055578203900514,2.0293582889126194,-2.842244815262501,2.1467692447885165,2.9135507553967477,0.2223538796436266,-1.4343274985138565,1.6737697629874475,-0.5872313955675864,1.3420647358011248,1.264714043678291,0.4728218305881487,1.2881928963444673,5.835742275802117,3.227843585116208,3.1370962784580856,2.2391825736615485,2.5010803650735594,5.22093826106065,3.2667606060511623,1.7551059701780503,4.222212453271451,6.61916907361739,8.107296029622901,8.97404515374499
-1.4846691170051218,-1.3780208118820776,-1.2361817122067793,-1.36418652989876,-1.4903855791944773,-0.95167731257079,-2.0523699194070697,-2.0537129208618263,-0.652366844554775,1.9113474062858795,-2.0957040043313357,1.880267065359873,2.367650227027687,3.760322134441398,1.4095861175338003,0.14462571806663296,0.44710291747663217,2.2511776350010932,0.7341091250707411,0.9151412770823285,3.314902730151182,3.5800770398937014,0.7386033396826938,5.788492640966343,4.295941655864082,2.660277110296583,2.6929323440376924,5.372621182710014,5.732021124840766,3.3270829843434404,6.312152841802491,7.652400303691526,9.051073521372349,10.032901553216522
-2.5457015791567477,-1.9175604281501308,-5.3671055874913325,-1.4982565091972528,-1.4982506767731207,-1.0396731313819636,0.09071184894612251,-0.1239433586825853,0.27207992404346165,1.8323927359922025,1.6008263277834605,1.7812922951985724,2.2177106654887315,4.4011640894995026,-1.3701680026892078,2.3401517888735768,-0.17021088123572592,2.37709952036491,1.5587963893318388,1.4678005939503806,0.3176072690052652,3.732563416586377,5.470113597248193,2.779742619800393,4.478050709560444,2.963951585375581,2.719507052861553,4.8089814910346105,2.889188917641609,4.3094204970419225,6.73544328584088,8.615333915997137,9.822695383822774,10.526281969562616
-4.219813639774977,-2.5519678246339885,-0.7592292769037431,-4.402589875900142,-2.7191398450910427,-1.4708148750776424,3.7407152358819085,-0.7101193777994491,1.3107249115615591,2.957530216972575,3.7761750269488035,5.841452097677112,-1.3685794408000949,-0.7717518151423423,1.505310535150062,2.485108900450934,0.9695230069698125,-0.42078406440454474,0.019613681262949254,2.6743614824271904,-0.4051055762906656,3.053801974900562,3.6931068464485963,4.848666368528846,1.610060092796937,4.574173225847609,4.818560043171439,5.147561307623133,3.568869913643375,4.280734125508971,7.1398393726354055,9.047463779570958,10.309641652507958,10.764908186168839
-3.7882022881357043,-2.5642725461015505,-0.3431067600086074,-3.5906971784613146,-4.9799058929455295,-3.109363626644036,-0.14470806144702494,1.8816705097120288,-0.0030002639100325315,0.494184552172908,-1.2720106767887713,3.4895196510311743,3.246511401725345,0.2525037512499373,-1.0768767294503887,2.0854428262966227,0.1743873547322125,-1.4913102363908326,1.3206763969376967,0.48273954382954015,1.7380166834530668,0.9046585245948402,1.118169937004402,2.936264721161651,1.9682626325036205,3.7632257505141817,3.832393283387641,4.924415491266357,3.828028128153394,4.747134651821393,7.441069907538369,9.385311037848776,10.680848504535927,10.46613127061304
-1.9751854143872585,-1.9199346192995017,-1.5161127682450115,-3.7895513615543135,-3.9732492891320255,-3.9227771609260413,-2.9166095858845273,0.030428078514200988,-0.011731040225375905,-0.957197360451237,0.7313959044636903,4.626524970691689,1.2927490108585695,4.679779279981481,-0.4817495106962607,1.229080490092788,4.8071759186857586,-1.7856148525872493,1.0475898889207704,2.368597324879898,3.6120273605643516,1.3654279604257924,0.11374845714067536,2.3942785489137295,2.348781805263173,2.7977485839416985,5.486650380141192,4.061709792689722,2.807599340601005,5.3644794746064,7.610769299324955,9.033889392077628,9.818892076157343,9.503293977165598
-2.7416707040285604,-1.8082912469205734,-0.20475136961622378,-4.517832200956943,-5.862028091380306,-3.353746520925735,-1.227081093040733,-0.2586582717691666,1.1137216576748055,1.7506465190049862,3.1358619575344377,3.936592759924829,-0.023123738235945362,0.24465684006163427,-0.06772505973440482,-1.2067692691300762,-0.1550486445847447,0.04441627533051283,1.4542627267892774,1.0256790232508175,1.6023391810505043,2.0314682420838692,1.8737712244140121,2.1382530183936215,2.692773888124836,2.8850651455844916,4.3177416808003946,4.513651702409637,3.439677668856805,5.5024528424682835,7.174386852420478,8.595971945961674,9.025954193104614,8.801980259988712
-1.995132884375363,-0.10864335915925726,-0.19617420660901677,-5.316967190959776,-4.244632439609363,-1.8848192862947006,-1.8290443647202903,-0.35229595048359474,1.2607284252421118,2.1622158717091167,-0.3165074757667099,-0.3097201061039706,0.24156908752627354,2.228090436262209,3.054228586399802,3.090910707685988,-0.07357499759444948,1.2034282379426477,1.547210019184101,-0.08268647273783129,0.33504426812216886,0.6883903250463311,1.8110388806849096,3.6291791832504354,0.9546280533496894,1.6164096845602618,4.089592472533847,3.515534218937372,3.9179522589703386,5.529031573551058,7.396524982805601,8.30690096311424,8.299975527475162,8.651244600334293
-0.8470066334010055,-0.4390038732046764,-1.7572567982151073,-1.7717881765214503,-4.482526271796795,-5.184572501299045,-0.6441268304417695,-2.232297197658411,-2.860659469086198,0.2635661815903214,2.2742517248520153,1.45789935838321,3.3495540542002895,0.6178286226275626,-0.30850469187960644,0.6635489639924514,-0.014821825693530877,1.5023369373655893,-0.5080321011904875,0.5549376770870378,0.09128367625329133,2.0066299231387004,3.478549767072642,1.9936091740400579,3.2034140235311894,3.340186201441145,2.808819175141268,3.3355935584451664,2.6152876129622227,3.0724656848661573,4.488527926531299,6.571378578540344,8.378044623955592,7.810375394068826
-2.079229979453421,-1.6331955575973962,-0.4291340781677766,-6.3654263568402,-6.181717754966993,-6.0968994380594586,-0.6138871205150104,-0.4208854789551557,-0.1347572183769156,0.42422178005130484,1.1043973039092423,0.6303977406304246,1.0898071006977244,1.9916723191161478,0.06461025279883449,1.4455174650560088,0.7474897110505265,1.8546774833868906,-1.3674556906929582,1.065726762742971,0.07959158058816258,1.3713809304942115,3.3868817750246847,3.722784386088737,2.3095132767695046,3.2749577260642453,3.0729571342552857,2.695703344403105,2.870982333231845,2.622090193090221,3.8867040318948898,4.210629547540404,7.454442878305788,6.6315921923871555
-1.978920421449947,-0.5739636239097429,-2.148759560133087,-3.62147512295747,-6.072157740450119,-3.992737688783694,-0.22579895999887126,0.1130433525268628,-0.4337931146248411,0.5164427181504662,-0.0516429605943698,-0.4463111778039151,0.8461760105415868,0.2643169957677376,0.19725267928338472,-0.20356915092582425,0.17853930933432113,-0.03615333366025091,0.7201900445753461,0.7134607344235182,1.2902164095771385,1.202316849428504,2.832722963321773,3.97899026094279,4.5643338626984855,5.493560727954479,3.6181357072839058,3.153163844021163,2.7319730832853844,2.94866030351029,3.3978794638597756,3.592581038496395,5.710377693001928,6.979194522380959
-2.7511805371442692,-2.7507213862499476,-1.5954829833354276,-4.705982640998912,-5.3015579430214315,-4.294270153051555,-4.4515080430117875,-4.7811175255513225,-3.499073014408473,0.9160885449355661,-0.45005874854351063,1.0713076253550642,0.35550853890516526,0.4819541829830405,-0.2879549959644126,-0.4226446287199304,3.5451824857666074,0.48625425235417946,1.5433778937236171,-0.7168204354478885,1.921544529014815,0.055824756153149836,3.0170421524691733,3.549148552241096,4.326695433232512,3.7407982842357597,4.094096086997276,3.7966216089560616,2.6205262867133814,2.791854411434284,3.239637586396143,3.313168118259118,4.216292885844577,7.1184425853989595
-3.699655251019318,-2.8071690969480683,-4.8257426875094085,-5.889845269952365,-7.502416349970031,-9.234062991238652,-6.897802465317503,-3.6152326900181175,-3.214436836016373,-0.9995310488726534,0.475865299066789,-0.2583096265824289,0.342872180677865,1.5722616570582983,0.34586464933797856,-0.2705657377731629,2.384636286781338,0.5670232725019249,1.2039333266026289,2.440936551125648,1.0370259430399655,2.517806415720785,4.126576137279505,3.297019003690154,4.13076295177317,3.736051128548918,4.413094224321477,4.138067318606578,3.362836005845391,2.6819181539054275,3.048482261990046,4.266844384591651,5.705542285687843,9.665155583720273
-4.263645103870019,-4.581933508710813,-4.551454910708388,-8.255748251741988,-8.067554738283992,-7.480479600586046,-5.254731169102897,-4.480689333438289,-2.320227744683326,-0.7473066756419955,-0.43888914973924986,0.8175905834938191,0.8072414057543077,0.003525185154383909,2.9730546413440107,1.6892673951761967,1.0950104477723628,0.8315128792702735,0.7480955955028713,2.220929009662795,3.3399952690967005,5.355981112321688,4.171550456178021,2.9473404318591725,3.1643098445613567,3.742984074224609,3.5341438593570635,3.625008719775201,3.4715974877829483,2.998821046750311,3.7991772552705885,5.472234792630648,9.152288287653066,9.931034115523955
