script/wind250m.json
{"header": {"parameterCategory": 2, "parameterNumber": 3, "lo1": 3.000054539987559, "la1": 64.9999836372058, "dx": 0.5, "dy": 0.25, "nx": 34, "ny": 52, "refTime": "2026-02-26T23:00:00.000Z"}, "data":
[rows 0 to 24 of 52, columns 0 to 33 of 34]
6.845111905579952,7.153583952019449,7.757978180546312,8.009492565242931,8.194665376598437,9.567638753481658,9.587668081940278,8.418539450981259,8.475053073294452,8.755798294094339,8.402694608179909,8.13033531490392,7.994966782936104,8.632462214608898,8.376721520927338,9.15570792185081,8.610891022692932,8.045677001665101,7.834817024117395,7.848674043640398,5.121156511365807,3.4683015863275832,2.212033677074027,2.5977940020202874,1.5378152195284336,-0.7771949172233399,0.8350063649556272,0.6503836571552082,0.05094120795495182,1.2441295096845464,1.522480257066839,0.41914701482116334,-0.6705516519598632,-1.0739286998828137
7.7808336783208265,7.855197993440682,8.365845329092679,8.650253001455008,8.909863503384004,9.180795993644697,9.018432951684918,9.204625532768148,9.25303431470948,9.29233853466337,8.316632460874281,8.356420303892815,7.495424706731584,7.870415795056541,7.481029201928045,6.7237757613628055,6.207023234539112,7.214605514168656,5.355789418279867,4.7967342042861505,3.8329532105770587,2.8301377136901675,2.909882951941177,1.434516481549238,0.9045519386429836,1.1220545557670372,-0.602129139235466,-0.38568724534289384,-0.3789245725759782,-1.3831996190650886,-0.659146094007295,-0.721309858118533,-1.5270571502776913,-2.4246199429300823
7.1093301260470225,7.788252866639278,8.091833851577164,9.134502986963343,9.092546218911469,9.330484155416986,10.150644484065218,10.312918598153196,9.404769525289494,9.25793961188317,8.603686514090418,7.283509463322287,7.312935361011053,6.58204205465274,4.621117414553604,4.858109536153247,10.467836414506074,6.957451566710012,1.9876954185313715,4.998487585834888,3.925177669977278,3.2384292124864906,1.7885647336029662,0.7774164995305232,-0.2716374327592842,-0.4378414754732454,0.7718122460880414,-1.8994889197050429,-0.5276323227547439,-2.220980757089487,-4.212653890567759,-2.91984672110351,-2.362077486397257,-3.2189310485912683
9.949523728635242,8.994480296623676,9.528900028238903,9.672772489443918,11.169014258395226,12.698079757046173,12.045125381707674,11.71383147551655,10.828364093669814,9.740019981078353,7.824030706545214,6.025437327077439,5.831433596307958,9.379907380049955,10.747398906285985,10.188200558494033,6.3122705975974505,8.354357977875319,6.119901964678303,3.72386747983958,3.6011426915909643,3.7860946196990213,1.149415849412771,-0.0886567840023294,1.8518241965585953,0.8082870300462152,-0.16049898432620893,-2.16717999821256,-2.5476898382336737,-2.2546452886603254,-4.289611810489366,-4.910089671573644,-5.710558001064266,-4.866187282450482
9.642605517882224,11.373900481326999,14.13899274438514,14.258557609693295,14.8537000127653,12.506471558840866,12.621479109543255,11.397111682248283,9.297187410883259,8.322866598083051,7.228109022472529,5.076355799117425,5.522048292113709,7.832842002367296,8.942497721316826,9.793373671858982,6.946481986702455,4.70518529918117,6.353163694469916,7.83830509912799,5.95662525227882,2.7002587200903285,3.571320532004563,1.650494572729486,1.7511317859594997,1.2828044364343527,-1.6399117313363818,-2.607249803609341,-3.656602568654485,-3.1553421200714826,-4.603045498651143,-5.78393576028753,-7.276877363994169,-6.186764507784608
12.300744386001535,11.896733038848543,13.708196392550413,13.805428734399555,15.05139246810774,14.853994532470251,13.653079370240063,13.696341741645252,9.619703764852922,8.76980740802703,8.757090582670314,6.29057589106315,4.37239445048457,9.155188194747225,6.243944960431971,5.863513030042081,1.4980062761319346,7.582093399285523,9.131121177435702,7.450073356643931,3.3480556421917247,2.607413343582569,1.7543749182001247,3.1042289081213683,1.4167982070840965,0.5106865460197298,-1.0951164637695545,-1.4830682544105986,-4.002478403437219,-5.04848693889054,-5.658938910748859,-5.935982632648794,-6.500286442827063,-7.51788962592499
11.688721700670316,13.227840377717705,13.039963980882748,15.641403921618132,14.552285198350566,14.219622239172393,14.151408870404444,10.171045906709098,8.393110268204003,12.109383400584539,11.204565024951389,11.331482857728366,8.533846539793391,7.417667541819632,5.398177991397472,4.127158716555201,7.931618497191517,11.391013929326164,11.23599384536843,8.726743843718657,5.183200427188386,4.143926755536455,2.1367150546402724,1.392326189452559,0.6447305457701196,0.7329408356732706,-1.2854275696518251,-2.204249068460528,-2.401752222564168,-4.1242599724662705,-5.317017339913912,-6.079772723591027,-6.917245288602355,-7.644214952502004
11.09705222453881,11.039620364487329,11.875233503237698,14.286417655733246,15.970151011023692,16.98858618563233,13.524361410831798,9.843544056934638,10.098023870420219,9.447613023559123,8.914826398768803,7.8165729262884165,6.479217250018667,6.48046763840563,7.375070452168132,14.46291739519031,2.4475025447493595,11.40281244589205,14.437216325754882,6.71472923600527,9.470880827880203,8.629577408438085,4.135332824529835,5.191044931172664,2.4434622998053066,1.4865833150999255,-0.07814000006750785,-1.6308633787098161,-2.879361151589923,-3.688059797396853,-5.712836207338595,-4.939046665168522,-5.787597150593559,-5.4881468128684405
12.441751502058597,14.43749570781679,14.290365080760296,14.147674177767088,15.266057572663943,15.829193019070157,12.538713556186634,9.758902257091238,11.208425054458996,9.721094604449844,8.029623971595127,4.863184567003542,8.66178755260183,11.772359911593632,12.0161282521137,6.8436891821649715,9.195022676228788,12.985315724732722,8.83870988108397,11.038582119388746,12.806688080924182,9.33065499542133,7.851529810292846,4.916926596489258,4.767154592967528,2.182165560977718,-0.11175240704838481,-0.7800944452207805,-2.5445543741204566,-3.1544464698506283,-3.468731850263686,-2.1360440254177853,-4.210654044371916,-4.459265100946414
12.196907360691366,14.064221170097072,13.824568470442854,14.664546294857615,15.03689746889187,16.14955922860655,13.176463213348162,11.49021154728449,10.631134409056452,2.7578512249533587,4.533941170153039,9.899208058994995,11.724714627796235,12.678674284569437,11.310468527362069,15.245491930316854,11.914186033634826,9.874275820338342,10.329441981448523,8.371970969771134,9.682354234698828,8.198967754813765,6.2026769346616435,5.328816263260405,4.4742969846398175,3.1747592963919335,0.39799674830237625,-1.3998796928721957,-2.644428686132015,-2.8018268358312315,-1.9281461895518763,-0.8090611548304363,-3.702903264235448,-1.8389798103730608
14.483759512911199,14.618024617271693,15.721248075566795,15.674240900694144,16.22246754424754,12.514407176690439,11.698936466251473,8.512373421518038,14.647518000405153,7.102530690715924,14.82592205020074,15.712939649050767,17.227246771716345,11.032302143473196,15.122539715720865,12.828147634184377,11.630594268891599,8.311054839697228,10.425696652871588,7.999891868154809,9.131340774601085,4.416935624730134,5.8237854188391,4.6850311165198155,4.281105297949926,3.872709762533377,1.6094706080151349,-0.2049078628381166,-2.097153054409199,-0.7964295722190375,0.5580182097402976,-1.9530605190695183,-1.0304729816837335,-0.7792343282219178
15.105943777403438,15.52963027671752,15.939914806876535,16.491584764072023,17.35539189696416,11.75861405442991,14.446262173001859,9.923951940444004,10.882909057891249,12.985261201866576,8.312356582358497,9.15365755093216,14.429214949600196,4.045833207674969,14.670540834528952,8.795058194802202,13.350223849647215,12.094732430113211,10.982443677099617,11.157487578487801,10.615390675123487,5.78379498812995,3.8613395447457695,5.793777854508571,4.196865450963092,2.690655137839516,2.4400356952172686,0.28382239279561533,-1.2620374263055691,-2.119787757509188,-1.6221384647305002,-2.0721900563536724,-1.7631882897348528,-0.45943197148607795
14.972519640338172,15.148529202424154,16.27039715657789,17.829569653246594,19.32115907501211,12.900490395416966,11.417034203960192,6.415663360910584,13.582002655294946,16.230696642163018,9.490358544947618,12.50816154874062,14.693398800810607,17.553068677100775,12.702907934351138,17.59367857940713,11.283709063417708,9.228523599435736,9.46060570883962,6.17481866451921,8.571883761459752,9.157595006224218,6.855969572386915,3.9725024410191887,2.4870359396951858,1.2331960310341175,0.8398703078973062,-0.02576255906964514,-0.5144694106977569,-1.9082897381931399,-1.6961352470508506,-1.3508346591810787,-1.6649339492725552,-1.4051450802158647
15.519951978319222,16.790515094348518,17.515319932834622,17.70357825241528,16.961351245342538,17.92050360494647,19.369168248415324,9.684971090030384,16.996423359004844,15.957047420375073,16.65309571633915,10.87448140502275,7.591504007328996,7.33613550356539,12.011190710548732,11.633087247406628,13.068339997201962,10.036020297349996,9.994344873605728,11.46055908551378,3.758013435216839,7.278933313182735,7.722031503337666,6.334053141317276,3.5384743710791597,2.6039793117482852,0.11417882436643571,0.571804982184614,-0.9400733374107726,-1.5829432480393408,-2.042074893802901,-1.951277735941556,-1.831773479487018,-1.4726447521328412
13.882999433914101,15.440575553883834,17.41992512830057,17.51201334456367,17.015361434715985,8.516293923807533,6.961593403596238,15.369112214815678,7.889668295820611,10.395024689888785,8.695372979162725,8.354598986559536,13.1698369084058,17.338859118103013,15.571507140399522,14.336424772010641,9.82083568512755,9.303198727223004,7.387355000914163,7.8053523125209345,9.252034184777083,5.855431424776592,4.593026498555096,6.193918657487812,3.7183293870343133,3.5179218587416923,3.3943774128579163,1.0313943046361134,0.64483353991909,0.3081035898021172,-0.015137320176968271,0.07683293125254594,0.5145924876435117,1.0621402901642996
12.771538880626247,13.17012614563156,16.020812771770895,17.225644956700098,15.168954516437985,9.736951476694513,12.972625639340006,3.757518203108918,5.3161704012810365,6.4380713413503905,6.8652249652709365,9.76046320111107,10.11168957006203,13.060439491530548,5.820772016132713,11.627676132011775,14.117495436590483,7.556766542454117,9.481986566706645,7.511301383701059,11.73239355931411,7.720477516761682,1.8653593326571618,4.709261995335424,5.145660828224604,4.7366884923456585,6.429568838163937,2.362671535835215,1.666016361318997,1.3326471315178112,1.440578105428402,1.6611919129012565,2.376108689814986,3.093956048423523
12.41345780517957,12.744651322703817,14.503036046141792,16.928404180348103,13.838786963800029,14.965645034910787,14.768052273371636,18.401929441005734,7.116760851387495,15.54327436937494,8.525530846851543,7.761178259639911,10.178613173663974,6.166510391764413,4.566500771055803,4.737964460407508,8.983937677855648,7.451266499444993,9.768903024502961,7.80149577477744,9.320681204964925,7.4481208888810295,6.223788482434316,5.258876362502966,4.122357218614355,4.689057808238982,4.256811873689,3.621263515827585,5.14597065751115,4.747406051243407,3.8013897755989716,3.5481759054741944,3.083049674238165,3.400386770456504
12.235335139041952,12.96122300485924,14.665713779142605,15.289663684310225,13.196603537082161,10.838784455242942,12.847229472140215,11.635100792882014,15.016064888652695,12.74940838871077,6.21651853560772,7.371942759386581,8.48825350463768,10.332277906534307,9.853039576049994,10.828076205972696,4.110416233129664,12.296886343505761,12.611588242296673,9.1750412510727,8.974400386149606,6.66796371633785,7.289833712056526,7.393906559279525,4.103153759353104,4.074770689008947,4.138520060089803,3.925067645760047,6.2361816701043224,6.963927807238394,6.719003795315521,5.9809471422192475,4.129399457686072,4.3933369942454545
12.439572733003383,13.013106384124058,13.450326461771196,13.825373354144862,14.853808163390278,10.650205900591308,13.204044952418698,12.600452274370864,2.724140230992332,10.016182374834436,8.199333253602319,8.34901607123804,10.891003118370822,10.464530582200915,5.338808314392942,11.011095325053882,9.242425968430137,10.283371879529998,9.922919938574456,9.162445815394074,8.55900612752076,9.961422576946504,8.103304263400748,5.812445087165198,6.423600439606783,3.6737825479980453,4.727844138334543,5.466706678426157,5.66617176613097,6.462765178449684,6.642528117171146,6.14078451623121,4.700530270679682,3.9989247566699415
12.603008380218473,13.248549949573789,13.135531944657506,12.595668262915105,14.604390309098621,10.929956757571789,8.130449764508567,11.969218031286138,13.8481549711991,12.984210092859731,13.126721590901207,12.345577880197746,2.467840872229314,7.163936148652641,8.977744326326905,12.259374380130513,6.935381187138681,9.009536924947414,8.26964930529388,9.575752559804803,7.95534545757232,6.98963093336862,8.049833621247291,7.458861396746977,5.648045812750615,5.407562754329389,4.74617544601554,4.399287488594316,5.931735435015362,6.400516700978715,5.491510719527673,6.279480539654509,6.422372504077587,4.76937269749331
13.21787497051359,13.698392962881844,13.120587950165934,12.772884485155764,14.565186625091744,10.440088900019456,13.322274115161601,12.403748680270938,11.184817176048872,11.145262290287498,11.235173653173575,10.373769133295642,7.530365529987691,8.38194162234125,7.930553092996642,10.20106451768655,9.3695238260786,12.556687240645276,9.716654972894696,9.053888303397759,7.532990821156406,7.430683103096477,7.395602657769312,6.5864566393575,7.417490315163252,8.15050242529101,5.593131908216227,5.813087602740621,5.540405081803577,5.032949624152059,6.933583166290057,6.104635415637148,5.352133486198535,5.733756189243105
13.057195086543889,13.150386776012605,12.29548083462276,12.118635239438657,13.771181382282526,11.380689978653082,9.351876922834897,7.766003769430967,8.75488333290101,3.7277486104407185,8.419817609856981,9.222583415181882,4.466035441086485,9.047956327209505,4.374292886963992,8.85490307871615,11.921982921970466,11.833737979569529,10.163949775347348,7.2196785591272565,9.026438552758114,8.256058095605049,8.279207857477532,6.933015256872237,6.897269003379804,4.64463490519928,6.142991936655552,5.690531481186907,6.30361718216356,6.054807510970547,5.701808506612462,5.459116672749783,4.936945365556582,5.669133961425272
12.84668495318084,11.603306299244894,11.034485858657156,11.3836461198972,12.692670452708247,10.619138747598717,9.104322144722666,7.7421619187379,10.56477237305985,9.611220800011253,6.8542506410646205,6.208728289324934,8.728548537767104,10.561208580451451,7.025310931510004,7.687909252985978,11.039219145423306,11.469624883686198,10.132687110555011,8.137249104517831,8.953609589267174,9.559967978690807,10.651895936747184,7.82811994641794,5.599379785201125,5.601896552580104,5.917283119371442,6.919276760757029,6.255036364811721,5.724169349193805,5.6286581738644665,4.676965397118472,5.590251100905482,5.2812356486039
11.730370866928439,10.761370808312071,10.447813773661832,11.648863505659333,12.90864985148759,11.479846154208982,10.155262513465587,8.875078475247792,9.028965991693745,1.7683193330742633,4.787584488822152,4.71098861705894,6.8347330891579565,7.5079742100869264,9.490029850471439,11.433853234111846,12.2632344528523,9.853231114162858,7.736952155233496,8.156442937577719,9.26940727697544,12.135676682447768,12.949716665369214,8.023894229706967,6.043367402748431,6.083795697773113,7.679381668385491,7.038418780043614,6.582670714322,6.223384011357292,5.782995454985687,4.1458354369823125,5.100114027122685,6.053863614598519
12.263031899849992,11.54339163872758,11.498115931954194,11.68344055353759,11.85673334932391,11.65372132825926,7.9781410948838385,9.935130999957181,8.615202292285069,7.670126399633947,7.971873824487271,4.566535768714385,6.4466643301211155,7.950683474709444,11.841263765998942,15.079778216345682,17.00272440313652,10.58492198362174,7.950138846316196,7.684837882662111,12.1926245880352,12.768297100969509,11.934950545863783,8.625897326855187,7.472839520692886,8.145535937504697,7.314019553650965,6.558685237963071,7.191382375090623,6.605622164838731,5.877331629957679,6.196994381464713,5.813489594908958,6.383373689761095
