script/wind150m.json
{"header": {"parameterCategory": 2, "parameterNumber": 2, "lo1": 6.000198445256149, "la1": 58.999992894266676, "dx": 0.5, "dy": 0.25, "nx": 22, "ny": 24, "refTime": "2024-02-07T08:00:00.000Z"}, "data":
[rows 0 to 23 of 24, columns 0 to 21 of 22]
8.843354057278745,3.3443411556823883,2.4180068497139544,9.426638137150773,11.048357090952157,7.707425573173965,10.438647689496083,10.539999208250837,6.088967956243913,7.31585096222462,-2.8148196246804806,-0.2664913565464349,4.465591131213702,-0.8100804381758248,-0.8591703655072492,-1.6891447059706974,-1.6506244926101794,5.021879290695774,0.04363698204662636,-1.9888288444721363,3.728103484281668,-1.2362028518130879
11.247234783720504,7.5355329573378755,4.014183350663895,-6.222801568260946,4.956554461952579,7.409665465332608,15.41860949193603,10.307226465502385,11.000218961022837,12.44275743873127,10.89196310098881,5.441243432516017,5.9855899614522885,4.44442427049269,6.316554432549324,3.8735613211312243,7.2627986545484005,-0.8045002690829006,12.930207883760929,1.829825231207793,11.543993618816936,1.8396445146414198
-0.6905871110502318,3.635512806175455,11.573665925010962,2.973531370238641,8.331261141224072,10.421511659439336,0.1922896249190874,-5.178315813410069,0.8085924241736083,7.3313572265811064,4.1708770235004975,4.864322232283399,-0.5388730156948206,3.468353472924882,6.576297481988611,-1.2411998477027173,8.729713292371736,4.203829829189681,2.6498096865871963,5.30165385241782,2.054921416176072,-1.7331546082179967
14.130630884795663,10.409585906821889,6.860518355032184,-0.5011168525805685,6.824970696930552,9.441818586020512,6.190825679191098,15.575010856100695,4.33093650700034,11.362828642898222,11.408047667200485,15.341087730799506,10.108985899196517,15.362784434344206,5.522802398969189,1.0442743122541438,11.86758320231795,4.980809318720854,5.1941805233625,2.922478096035676,0.20872588696446082,11.811715095181144
5.356157067268193,11.38502307830006,-1.095543123603667,8.31275368023055,10.181765249110999,6.788431272363539,-1.1102061403618506,-1.860489418673587,6.666467652079174,5.7864532420180055,4.320671515760303,-1.2225373574005105,9.089104397727294,9.274808947288243,-1.7523745566435507,9.013868711796086,7.751065955602521,7.171199139465772,4.638348072940467,1.8167986930973814,5.000831778666219,13.128151587236994
6.123229219039193,11.298076671169438,11.143825641882483,11.475362309698262,7.975596080165961,5.493822837957596,-0.1930728540808708,7.955759830822426,-0.6600404823376205,7.993802745160353,7.0581680135627725,1.9721995157179277,8.845940767259645,3.3481134389832827,-1.8039422506898306,13.236691663251664,3.4437676609777266,4.407750481294959,10.417285047671253,4.073275056080337,12.621777700813942,6.646770151974251
12.838737812579286,8.176066757624946,4.185269567346629,9.515032592519972,7.5475003461687145,15.752887331549001,5.278229591836636,5.051581714324068,6.008631574946654,4.4473712739563585,11.050527099297032,1.9961297677292456,7.413165886801939,3.4339079633341987,6.549315782948235,6.7719008860659144,-1.2585053360649767,7.826082151506453,11.031206899727826,7.526660625077507,10.427650560016769,5.069556134892261
6.951724303434083,-6.275619172856673,8.750473307654405,8.557707391614088,12.198752379095714,-1.8662674591395783,10.18857122033879,-0.6031238424926747,7.869952354321765,-1.2557483514557752,8.129275801745509,7.657932640824935,9.704119125033866,-0.8023380407076883,2.6977744198043467,3.3762469031366416,8.517033247059127,8.711683117686558,11.48071950039902,8.823850613203756,7.53785206790459,2.1284031839797493
7.566123043344252,13.364082794777971,-0.9607774955949309,12.96050932050919,5.232787629903898,4.230855087765406,5.036804776527406,-0.4270305772332688,5.770775445931714,6.067638130924331,12.397869938857937,1.5245101391553308,6.639204303032206,8.563157140711919,-0.09793851779561438,2.736750681830187,7.6652357253735355,3.687212622605555,8.514906988012013,8.43004000400915,7.666577073111745,7.688153271021856
-1.5844818141336732,9.94743075057749,10.358765758180907,5.270505831610034,7.533793638451815,-0.31288410495287,0.7807356055984579,-6.6437518408655505,6.80999621318903,15.01694251124884,4.22963783037679,6.247472340191439,-1.5638895646655533,8.43768190749058,7.549075466881737,10.660866070808689,6.803931337223673,1.868761613749497,4.389936913772809,-0.9173778355539876,5.923018456865093,5.388889552605552
11.163426943947009,2.0660109215122073,6.916391342503438,4.791950969310267,-0.057043201229547466,5.6366879275556325,11.35869699629976,12.179923203453917,3.7441736471398452,15.71902467422955,2.2774176878027372,2.5138908834222913,0.7144165864096679,2.6851316087257113,5.163435528585733,7.34188858495386,9.899959383530124,9.1937397565149,8.292312089050167,2.0978049623609962,-0.38209682640222514,4.499502430627134
9.68493632238726,5.706743300370953,10.560899270014392,3.7375071993524314,10.997289333472347,7.518754331972267,7.731958815212467,2.4572299424356294,8.21567240901393,-0.949770880168752,7.845309213808114,-0.8228269656487125,7.275094655668722,8.15250338082238,1.3277833152725913,-0.6176150633759391,4.222912827191992,-6.925642418948831,4.48812540921658,9.185904192515375,4.377370836420166,7.526375456524897
9.138162819332196,10.614184632663937,2.616516768805189,6.902088815005116,15.536294056573551,-1.5212134300270852,5.007603957305684,4.126795768237245,-0.249973965566752,2.558066917381407,0.8759460969166457,8.89494489996904,6.5444376670580455,8.478708196696891,7.114563220052522,6.113396941000584,-0.509702516619628,6.342065917970474,5.153591486212877,5.379344617460571,10.974054769507752,-0.6279088436859795
7.531226079535628,1.68929427333157,4.522728113117626,6.987071053371347,-1.3511946094690972,8.50206434013524,4.575592226180983,4.492493170284817,5.7256479559292455,4.458647424683474,-0.8765510171150117,6.707282063479071,8.921275092918124,5.209374443099648,5.780865413724043,11.235987390436586,6.735007965339136,-1.2986762216636558,5.535828593234106,-1.115499491477122,5.069907534630843,1.5968758487533727
15.992254507877611,-0.6612228095996836,5.094810651584649,1.5242131239689283,-1.1557535978864006,2.604723201686486,1.7110780023716867,7.66118152863352,13.15734639476822,1.2964713405778794,0.9026803013922629,5.28252763288622,7.293955357533333,8.625951586635528,3.7432095180169385,0.3859235964634639,0.8688987753000053,11.195688191036545,-0.5970871508229172,3.978186017104309,5.667107946346721,15.250223042720725
2.097759446111828,5.913033044439271,6.171169488733746,7.566925440261797,7.2020038980387735,12.18596255371927,0.23433767263875704,1.4890165960166493,1.583930043432243,7.6203139050548385,7.36653706553816,9.323697041055066,0.39126304777458326,2.9514290368778595,7.59193593864181,11.617276058930301,12.359561155890892,8.029324181751553,15.013384866934876,-0.5930436405564703,7.349103996152252,1.5344738507364106
5.895537232882824,14.523570404323326,7.504794124351231,4.8123010639880945,-4.173562073494144,6.195158659321036,7.041074077826481,5.923333019895441,10.389328251651007,1.9352353430822702,0.4200115949426645,5.471475605926865,11.534526122038212,10.327537909559103,11.025313358747127,0.22918836376352797,10.96482695432715,4.873029223749037,8.438731712052194,3.5972235244405155,-0.8223449803939843,8.407041118750401
6.541909705101854,9.360976795669535,6.727463338344854,9.603136615557915,6.554746394374282,11.002836535689825,8.33103124242014,4.557707759809746,-1.4020406730694852,3.66391146709226,6.043409012580123,4.872877775346541,5.839383781398228,-4.283385031997206,10.258259567410995,2.602135010664395,1.8303582322359715,-1.1412006457368977,0.7175224928558727,8.63062222429545,4.519052397793659,6.711410398003066
10.32541445513094,8.755556462750492,10.83162690307328,5.359588343567373,9.65412418322673,10.531549240284795,3.8780815180205646,13.46497527095784,0.4835757306965045,4.1469244390790445,4.404766737084415,9.781667463288262,-1.6018456701690065,7.201044025421273,11.308581008700715,0.27517919878060476,8.21737950706357,7.546447285202925,-1.7691925243768891,12.124490282834895,8.628025654366699,5.932963442104103
7.5303148050005975,8.284494695214441,12.286809022148267,8.458485032427323,8.114873077480885,2.093361106464749,7.200017979267139,11.036557918011024,11.2544245257351,16.287295866822305,17.13345648471257,7.840986499793904,-2.1654326814630926,8.459778672056016,-2.2425994428538876,-1.1424409462368066,8.100722661576473,1.938681985828862,11.296120750112891,7.465867298007437,10.234191284433814,3.5045621043054984
8.44191880778027,-1.2589551905238714,3.322923744882426,13.02416467711881,-1.9350678809575608,1.0087633879253142,1.9166243925285449,6.368220072809305,5.447993065169296,2.4117454438187877,-0.34921754364042135,-3.052410037516892,5.1677251912964515,3.378377269106744,10.93298839129833,3.0817832389030833,-0.7413664683302023,2.0293332161792086,8.655405205000399,-2.059617335859461,12.730139128342353,8.718418855519769
0.5233123200408242,15.634705936915044,13.116072419040046,-0.5974705261094386,1.4671647311655116,3.9963896014363454,5.451412029562543,15.66485435158491,3.8790747481897148,2.156755804332019,6.112627872478978,3.378711915675697,-1.6690833111214385,7.559367702411373,-0.5342822963203876,5.8505983819846294,5.743390180850284,8.712091165093755,6.679548473888411,3.0506270201414627,7.78488796699239,10.478819781694266
6.438682889426682,-1.536762959159701,-2.116249249985094,7.8681036573495895,0.8270300784834026,0.6171147718854447,-1.2837550903655528,-3.722559899394432,2.0801084023039587,1.1340151196197723,-2.7141767314140117,5.199667449652761,2.9593158593008835,-3.314405357348809,7.452259010644987,9.223549451025551,5.780715178906038,9.288921152978116,2.07154705010619,7.584068076117597,-0.9062196651886609,3.141903310778603
8.870859973164613,6.176356901944137,-4.204145489110337,5.718386292187142,1.378588514747683,0.6385305361335815,5.986764362039576,1.7749457973550686,4.3827085361511475,6.515503181069559,16.133692586988698,-1.9308572801976787,1.897101881476703,-1.958200134839981,7.89732771058569,2.985974225570416,15.553977405109388,0.2050362253713641,7.220636802787455,10.926308405145935,5.312171237340558,8.195715474015088
