script/wind150m.json
[{"header": {"parameterCategory": 2, "parameterNumber": 2, "lo1": 6.000198445256149, "la1": 58.999992894266676, "dx": 0.5, "dy": 0.25, "nx": 22, "ny": 24, "refTime": "2024-03-14T12:00:00.000Z"}, "data": [4.731050490909322, 7.825683767422192, 10.179446175496867, 3.246536553049111, 3.7963844610740836, 11.016774200471234, 3.7137646475095845, 9.901344478521501, 10.791236856578013, 9.919730979570794, 5.712656307665687, 7.206564225242657, 8.430020628593496, 7.145906040567219, 6.072742956543564, 4.997687699498204, 7.3405209409885614, 3.5618609743205267, 4.121274633403882, 9.483631756407934, 8.879862905593265, 12.380113417455465, 2.4247060792381174, 10.962875839519928, 7.6210538844501725, 11.520290809434158, 6.052157839262661, 4.300329311251516, 5.059965652543366, 8.29476163527754, 4.0008466841162535, 5.361075009221182, 7.283004863513927, 7.28565533561039, 10.288666518666492, 11.010660636737281, 9.113064250350106, 5.122916066010735, 7.988709557416161, 5.271382707135299, 4.421437749627876, 8.253249958988672, 3.768702667968102, 4.75932727374919, 9.684055266800225, 6.555772135164792, 3.978632923278786, 4.751179321726065, 6.143930254260115, 2.469430493592944, 6.164814347092964, 6.900903917390771, 11.04020558281045, 8.789838294591572, 5.310001232951155, 6.425037831279534, 6.240663622678983, 4.866377398766996, 5.479567586931359, 5.78341152369389, 10.863736279317115, 5.869208659599758, 3.6058656802295626, 4.6445591632650665, 13.707169145383352, 4.7985196084720565, 5.399369421235105, 9.207755438386059, 7.66624343872329, 4.3969127393077345, 7.417514816344837, 4.512738920143197, 7.10758007112579, 7.498429427771901, 5.256751816018289, 4.218371745730895, 2.1853558999608946, 2.371376439170717, 2.6849817191378276, 4.494879609676453, 5.937419118033164, 5.822231157838695, 3.704552212653869, 5.656840253761801, 7.991792220960793, 7.206447452879976, 8.601999695628193, 9.489312343912912, 6.176863150737465, 4.075220067283652, 5.662227694302939, 4.9235063463309405, 2.370515295015302, 8.065255766849328, 9.025726441786725, 4.69425456218882, 9.699270222496231, 8.986807710943754, 9.868680243599172, 9.558794526737131, 4.782083969374878, 2.408826676209812, 7.530275396753672, 4.53091039182788, 7.93676908354812, 10.091793401169053, 8.063221502249002, 4.578124402644444, 4.477239920026118, 4.567384160600108, 6.318774118344791, 10.243745054953457, 2.4638313148546147, 3.8254732191161036, 10.912956266234305, 8.586008855724693, 9.4230226552341, 10.018813884843206, 6.217802914493216, 8.578102633579489, 9.245049285114598, 7.50886892430804, 8.38970917658302, 12.384895539304216, 6.029216073455535, 7.301902591811578, 12.48751104726675, 8.412868368280202, 3.936171058126793, 5.716310308794994, 4.148609777466467, 12.089029888952858, 6.062369114708075, 10.89384327776558, 5.69381183951409, 3.22405417645287, 7.8294317613721, 4.309439081706158, 9.480334290283558, 8.077221288795315, 10.471469512818052, 5.0543018875448915, 3.6051500955310143, 8.0156943843136, 8.328534768993249, 8.955520598758998, 11.069736145778638, 9.931126927492324, 6.605919902045683, 10.85117058248042, 2.3283025929291687, 8.678340567479477, 3.236929656692921, 5.897956122905267, 12.86309059132075, 11.648599978553907, 6.482136634744447, 9.091418160953285, 5.39141196723511, 8.001987055461106, 2.1077115885565334, 11.060190216292652, 10.974692107318464, 4.467192151230311, 11.118551077053857, 11.419815725626165, 2.7096299071770558, 9.016748203848627, 7.693150040405899, 5.183725934376137, 9.395576016930905, 10.743486984578954, 2.4183345028572383, 4.918107077135776, 4.892870735643875, 4.911923882350875, 7.258457712918607, 3.9410238753471902, 5.488049632231574, 5.543824185065969, 10.272013929626201, 10.546750513629117, 8.639317191190068, 10.334945608143848, 9.491968587651643, 5.33217044209427, 4.228304169860787, 10.80131893610335, 5.7784636575873165, 8.706388356330594, 5.90825452879183, 7.372096216607104, 11.284384065981907, 9.562497168532461, 4.626000392502923, 11.704308123365074, 7.568605348206372, 9.097099524983024, 6.752422064285531, 2.90284094603012, 2.265604244863133, 6.229261434864596, 7.263393845159403, 7.784212744843373, 7.774418658944708, 14.028650444540954, 8.293898392463714, 5.484017165955947, 10.753999630755157, 8.715155404295498, 5.656233614918485, 7.889543239899023, 4.475288513956248, 2.9371927294960773, 7.715733110277026, 8.109613691392987, 12.667223277547151, 7.929553395452515, 5.428945410202717, 8.87054076223778, 1.5822006402707571, 14.994900378769948, 8.543978554394641, 7.802535364798013, 6.1279313828217274, 12.282086840273609, 2.301177042713638, 9.384912949860672, 10.197736576489895, 3.4344506612840835, 7.8275237651040594, 5.47740374540573, 9.929214818965313, 7.2063171427764, 8.41959686435776, 8.845253258806101, 4.356902716821318, 9.265877416646386, 7.065819555778271, 4.692458297639348, 9.539460844007825, 7.625589796944597, 5.477520330883097, 9.837010509358501, 8.48362098972436, 4.481224245841567, 2.3340717972615233, 7.156144596884803, 7.50010941932151, 10.595889757647708, 11.16877589694565, 8.461102796744443, 9.545392680526811, 6.200040064993219, 6.916539127983002, 3.851426709548552, 8.824969403781944, 5.9803787885952175, 5.699411307210492, 13.841669310924058, 10.053742624427572, 11.265143001146571, 10.19816508190099, 4.899622582190197, 9.351199035303985, 2.3843419720498606, 6.892214474091729, 10.091583757553089, 5.427339571725464, 8.522120653095085, 6.67817730939471, 6.091472970420897, 7.270049811330866, 5.3357541985687735, 12.89131284589043, 5.5251731119474305, 10.883341450365455, 9.129910185491417, 6.139865403542862, 9.000050788205735, 8.177216135900277, 8.32804184353086, 5.496145154223196, 8.55569777097072, 2.110999445482414, 5.128238965055955, 7.0900814557933405, 7.327990583526533, 8.499362544606806, 8.348622085167479, 5.644522615091902, 5.168908849314365, 4.421405310699138, 5.861047556164152, 6.863015743144204, 6.317052283284324, 5.8838911460274055, 10.724405246401167, 5.046952688407127, 6.195863509770245, 9.168171671021632, 1.9533656643113424, 8.719935416774494, 7.465308870545203, 10.53561559071912, 8.76063716538764, 4.559502606522803, 11.05338133913889, 8.148749582306841, 6.083622926621137, 4.624820204571836, 12.252068750454322, 7.438887233389121, 6.677448344928253, 8.656924894954814, 7.337176395892724, 2.3328060677854987, 11.847114320931786, 8.321793977085479, 7.643093162184946, 10.59186827573813, 11.154467839731023, 4.436914107171181, 10.161492888492171, 5.9868276177684265, 1.7254231299064808, 5.678414026139671, 3.8830069755578465, 3.491233818882724, 3.994171559516948, 6.444102822107832, 5.289822983691345, 9.280076301217923, 9.43962819473529, 7.144591438367623, 8.645135911605632, 6.027188679398779, 7.391468469566007, 6.676974304513857, 7.29705221328874, 5.140704287381486, 10.41413758044533, 10.13488132395423, 5.712959614542343, 7.261266853090554, 2.528083511643179, 5.227944124449425, 7.890236600432242, 5.33801899222474, 5.552169559374719, 11.992752541481758, 8.12229147389793, 5.6092598166719965, 5.576498231480719, 4.376981084776928, 4.649312027813066, 7.649176928858747, 8.510957507026552, 7.635496896691139, 5.894967252770792, 3.674807233237103, 11.88188205067315, 6.565774751429328, 9.849603532578556, 2.1764696646302495, 2.6342360954235713, 2.4356878891466085, 5.497042842244553, 2.3100507415864264, 12.20392620294847, 5.283390685346444, 5.673997923939605, 6.272677131014952, 4.701164608853639, 5.264207329461262, 9.844482632166326, 10.335564059397566, 4.026916825459382, 7.955856254285997, 11.627485736866564, 6.3423990445120735, 8.189519606406622, 10.164252106234905, 9.174399179479288, 10.308894013737843, 5.366273554020755, 11.034157897470257, 6.49401970512017, 2.738092539893551, 4.844177119593519, 8.592498223184286, 7.899863997701223, 13.500288933345749, 4.990502640190885, 11.195889981613961, 5.0016169701820905, 2.7554896551717043, 4.755425386038737, 2.6050734365006254, 12.908662302608198, 5.549615884336844, 6.340167847674276, 9.759103038087094, 6.209753377709315, 8.71679436313576, 11.072019837793446, 6.660038456531779, 4.2238297014058395, 7.535938759008678, 5.8149692161241155, 4.621058642996729, 6.587916006036036, 9.779453874433143, 8.086363281676734, 10.1780315290344, 3.2510244784894513, 5.819815109641629, 10.99851495846977, 5.835537583274424, 12.235681128880918, 9.615218050393095, 5.408406224335797, 10.53254433225652, 8.472617375497604, 7.747026683902739, 3.443965625051787, 9.738066707004542, 3.999311799090937, 4.495004057711265, 12.23878821364749, 9.796435841536217, 7.772305087669248, 6.219051575579259, 5.549803452789525, 13.298105086767707, 7.166850547854272, 2.0809593820863133, 4.530971760210886, 3.2294468856894563, 6.694386564092357, 6.746435120202871, 7.442824684162363, 6.13330890387767, 1.9473330227018133, 5.380522750121453, 8.240517070236834, 5.344564910088158, 11.031882943087863, 5.392730947266145, 5.7095433491220104, 5.429117591162962, 9.867318776813025, 6.259566820923857, 11.189766718420184, 6.747872193333452, 7.7398670691979055, 10.09408929961098, 13.81463101553436, 7.085288495414157, 6.363959778931392, 2.836735269341552, 7.161862812165587, 4.163697888443613, 8.824258004676027, 5.515594122232016, 6.5069494938611765, 10.889357637935461, 3.373840295459984, 7.607431070911243, 9.061026391096204, 10.130316963169783, 4.897983051814565, 7.285307350416813, 6.910122834435152, 5.461745665916871, 12.060063809186483, 11.354933573996927, 10.968646165572423, 9.973235999792413, 6.189995455864251, 6.046560954500856, 6.944178538588682, 7.070272144897891, 2.0765394094651115, 10.85386777400879, 5.484621018808775, 10.53397100137746, 7.663108326280928, 10.122227018300954, 7.163845374545636, 5.824171916252424, 8.841439812258406, 13.44121316974175, 10.96160878029139, 5.924813879199886, 5.077882478134712, 7.786203163806737, 4.886537375888061, 10.90968368829214, 3.4725836557867122, 5.43584867011252, 8.536895852048445, 7.047630884196729, 11.39420226102966, 5.009769696757483, 6.869917278572115, 3.6835420979104105, 7.211105456048561, 8.676165908324041, 6.611089750658916, 7.091718408064518, 10.38582132163285, 7.262506899011608, 6.693010888296874, 5.8021193691672455, 9.339147368793883, 7.491365389854705, 5.288924844574512, 10.768087379306301, 10.736824467756277, 10.092431319875756, 6.918457926635019, 5.334853774453481, 7.783647748840736, 4.963215122891057, 2.378284278411971, 10.796675151373995, 10.69435008605041]}, {"header": {"parameterCategory": 2, "parameterNumber": 3, "lo1": 6.000198445256149, "la1": 58.999992894266676, "dx": 0.5, "dy": 0.25, "nx": 22, "ny": 24, "refTime": "2024-03-14T12:00:00.000Z"}, "data": [6.07603831239248, 6.118032158299469, 11.428666533182348, 6.391043984199665, 6.495240638567312, 10.626916987193821, 6.931872368988514, 9.603950673060774, 9.754586966582508, 10.007066119399896, 7.172811387239392, 6.448344695387333, 2.7778686443013854, 7.12914507691596, 6.6759450267512115, 5.110033258437202, 7.937768242229865, 5.071824760023369, 6.763080068953008, 9.87064226564284, 12.053418390032483, 8.59204219288769, 4.833215791747709, 11.043875365174376, 3.898859398989998, 9.895981502418756, 9.166284357320231, 5.497391437383147, 6.879759684914097, 6.883817676820795, 5.740293624050189, 5.456926824622124, 9.600336208537172, 9.92035699716598, 12.001083435609484, 12.827027290506933, 7.4259956899870785, 8.192561001284265, 9.405146215713577, 6.4241475824210905, 5.389677963793986, 5.987911158294293, 5.665827116283685, 6.0033115892964615, 8.271120696246701, 7.699939602960306, 4.532683477255709, 5.331503198557993, 7.962234779106192, 5.1891756506718725, 7.029474749990998, 8.141791212982998, 6.142442082340504, 8.817999585860486, 6.772575292058415, 9.49235939648062, 6.973569691058328, 5.202826705214213, 6.412612574376957, 8.18489564777713, 11.121995579985011, 7.902533323148492, 3.0426237039043165, 2.4444892269764766, 9.801342056218457, 6.517745484462813, 5.5899853526333905, 7.052304018001786, 7.426009935515461, 6.017646692797658, 7.006922336003233, 5.736189980850264, 9.097100971614651, 9.024380533524727, 6.516790352870878, 5.591223814996227, 5.270060649565496, 6.86762942775376, 5.6725516824546185, 7.060555210390281, 6.87304455102071, 6.317525988106587, 5.763700592098904, 7.15836215247224, 7.9561970188693785, 7.383457705689995, 5.92177120578356, 9.628693678073843, 9.280789253877064, 5.481410358704187, 8.320372535586415, 7.046001352307951, 5.902552573861871, 6.898687724822582, 7.9732991764833425, 6.824295453441224, 7.45016037750061, 8.015102858867985, 11.46578574109763, 8.427050053803063, 7.015065610252764, 6.131792124276518, 5.689888293052062, 4.1376657302152795, 7.394414201212689, 11.059265273731334, 9.251375526091826, 6.483281178176098, 7.554305251860197, 8.243526225193184, 8.945001578082147, 9.807328250024717, 5.567462081002128, 5.260702834265401, 11.03423479168626, 11.442454928978313, 8.73912558147827, 12.39661669538824, 7.077485167902735, 7.340737593005441, 7.865724241215674, 6.423909811847753, 7.057099184087777, 9.233886848237267, 6.510375615628322, 10.023872477195807, 9.245307112791119, 3.4891875033055735, 3.44270008561322, 5.049098771614861, 6.2988458267099325, 8.598582118589018, 6.733170733438339, 12.053324322908566, 7.133793375837176, 5.766602305970162, 6.710839652347992, 8.161664338389922, 10.657006492761061, 9.933558769732121, 10.302916267371907, 2.611583126331369, 6.315216667355613, 10.311385946827494, 7.02712219576954, 7.460167317405705, 10.442881427293154, 10.691484918989618, 5.8993190085778275, 10.38448847134059, 6.321063211350934, 7.339629317614054, 5.237968747214308, 7.582209213003025, 9.268510629959735, 9.977089638124113, 7.241829792152985, 11.820795548548253, 5.251842235512585, 5.911750740741313, 5.68324433165395, 8.78301360562325, 10.894187311949668, 7.538088812257822, 10.080405910140449, 11.88031319327947, 5.670651481106134, 8.026002285767815, 5.523773878063859, 8.515173132304701, 7.531760057263637, 11.186079905151393, 6.184142531195322, 6.093761197425896, 6.684070206475015, 4.032039864118978, 7.9186075561680775, 5.935697454126064, 8.990857621793726, 6.337899462573711, 7.897940307235919, 13.19530343156838, 3.1164995122456256, 8.622628228120888, 11.521587453354302, 6.647862329685165, 5.777420707521946, 4.59781847527199, 6.964483166444549, 6.253152713176115, 6.47825969560164, 5.46053760404131, 11.621632382234418, 11.379380124530943, 5.21008190315004, 11.236623890063662, 8.145190312197958, 8.839686931289917, 6.5925765415671025, 6.235184675502184, 5.268494582047921, 7.605697705727661, 8.091396479510564, 5.740167247840202, 6.382217062068881, 10.740263499670158, 6.894776481294186, 8.302429991846047, 11.842515187349614, 10.763009402758119, 7.402188148329056, 7.03395024748922, 6.501350065013312, 4.761267314204551, 9.249558377379087, 5.295446357329776, 8.593882610413996, 5.875497841556901, 6.783477805067929, 10.371953889869221, 3.419288198871638, 9.925095087234588, 7.756640706057199, 3.5709248778155716, 7.057102579922894, 9.830823712818324, 6.842469481851545, 9.6276914826092, 10.572259926480735, 6.21092672312501, 5.276825006760238, 4.506793972999652, 9.915484309394369, 10.65757954330969, 4.686965855795669, 8.731193748312496, 5.714100595008172, 8.012435012392393, 6.650476062165868, 6.353805853547011, 7.577829077287829, 7.914870124711888, 5.494891982829486, 11.116895166528602, 6.677103506562106, 5.715931933247893, 6.306065421498336, 7.331367105730661, 8.439223800779189, 8.5124546990535, 12.064781167371049, 6.816579339112455, 4.606999443909227, 6.662290055646485, 6.75713860045306, 5.7503493577215465, 10.82847924172672, 6.635645251880436, 7.380231928910439, 9.028419275090824, 10.491662473428587, 9.913947796485612, 10.678516500180061, 6.569433393097131, 7.9969828665551965, 6.617768436901742, 10.624773521782716, 10.377053442829244, 8.370223483253778, 10.25312802810825, 3.747142215827675, 7.672213626991268, 7.898124350923576, 4.845364293029843, 10.383011654374188, 7.910624019781245, 10.803683124305874, 6.887664361762381, 6.862340004301256, 11.161783510363744, 6.96370287588714, 4.170748931323433, 9.191753389514275, 9.429875706246214, 6.88151741131056, 5.829841492450115, 7.241964752214861, 8.725513721680521, 2.6704629169395457, 10.086515942412177, 8.691897534915952, 6.776649557270765, 7.639856180185036, 7.29686023427374, 7.006859876865857, 6.195662244825126, 7.6852147006276725, 7.2826558819879645, 5.6136868135140725, 7.25174203025117, 10.130080170465511, 6.0251622355944665, 3.9672140102073548, 6.340142648873595, 12.11330225862817, 7.791307603586289, 7.548337643022731, 7.724789700988621, 9.77273440432948, 7.010726325650323, 7.542351889046587, 7.622786673161511, 5.8976098740431455, 9.628000558894492, 7.672149608435241, 7.1259490356625435, 5.28596947373413, 7.818025621917511, 8.30452382171096, 3.8507702403479884, 11.683061315432994, 11.117349410548998, 5.286992007124764, 8.469615273147365, 7.348125803190286, 6.420533122966671, 8.270742504629238, 3.310733446374334, 4.906656085174037, 7.612571713337508, 8.312569059062534, 6.539996729678566, 7.978407778233052, 10.419545195673175, 6.982984972132036, 9.388463448770274, 6.125027618988942, 5.142434283700141, 6.847974927778812, 7.491857271648494, 6.63162349129332, 9.884780142186194, 10.420123211966272, 3.4490400698219816, 7.148495367030241, 6.067489910237672, 5.704437269940167, 7.972203033265742, 8.762694014886659, 6.952321370548665, 12.097270619706421, 7.372805898701785, 6.994881694154075, 5.6741593296701405, 5.747820831133697, 3.595510538180984, 10.610560570443527, 7.271384601324318, 6.903564732710498, 8.765842708495722, 6.827268143745211, 8.846409686748594, 6.482625903520406, 12.050334432446345, 7.042316493194103, 4.815303747849821, 6.361103196044142, 7.828244613782221, 4.753466152256457, 9.650669196870751, 6.414005545312955, 5.486848210612611, 7.308456877520632, 5.97505454084664, 6.615618611243388, 8.087658842173873, 10.339199683402141, 3.5957257899159623, 9.664671473424365, 9.456822437884522, 7.367899204400008, 9.596133212328228, 7.866989937859077, 9.539482493737294, 10.424875724290635, 8.551113469959194, 10.407453893315507, 8.363841516539525, 6.2757110938772085, 5.723625065067001, 6.660468985870966, 6.788263020133971, 9.4766456360039, 7.252342971236472, 13.439776034131208, 5.71558041957377, 5.608194432895266, 5.6337631203827865, 5.381814491825251, 9.506820056841464, 5.338706455699178, 5.310529571023429, 10.835338028430026, 7.673815000054093, 8.218553782865722, 13.174265593241765, 7.779806625861065, 6.381275202082582, 6.963262175733876, 5.4039406661491975, 6.131102051001005, 5.496649686322016, 8.085901096540086, 8.578190113177335, 7.052768634689006, 5.102096273492068, 7.79376929400626, 11.598318549538705, 9.203219697329272, 11.178521087312596, 9.70402821637427, 6.054253276484822, 11.543371401096406, 7.296951346191457, 7.040368604586043, 5.008025418093108, 9.559318125034315, 8.18508608154684, 8.118754777540723, 10.966051666050953, 10.340453327810602, 7.966304921502227, 8.696976838450023, 6.2809799929155705, 9.53775304732628, 6.629863084889865, 5.973987565564181, 6.097992182587098, 6.743111550947904, 7.855302447769831, 9.881396580793597, 7.499519364283422, 9.297106024969361, 6.084227233648835, 6.7283475054517785, 8.579999064207353, 9.97537145403481, 10.48108546636858, 7.391798985818278, 4.562660921807327, 6.05607859410027, 10.395658275347769, 7.8478737637186535, 13.864973641523504, 5.7727064214137505, 4.191028660982337, 8.675939338645408, 9.723756886065583, 10.891209241436316, 6.1484693159423855, 6.059493044511528, 10.995544631740776, 6.288436630485314, 9.571526806378381, 9.31966268612454, 6.904384191600477, 7.961048580857152, 6.328038875133469, 7.963693174433136, 9.309081919262864, 13.189693571401385, 3.571548503975307, 6.4634337939037385, 7.5767402839254485, 7.083494578653625, 8.729633841168411, 8.303619642355867, 11.99104891210004, 10.572575347710185, 4.50615566111176, 7.6505599426602355, 7.194652983577422, 7.8840741353459505, 6.242150048118476, 10.155816826384866, 6.237280574570535, 8.834560895193125, 8.573769152192344, 7.308561424137627, 8.428203009140748, 7.61624582265233, 12.25883235868823, 9.21753715448703, 5.4922915657170766, 6.7582216425127, 8.633607447237527, 5.900058033970814, 6.973369547532667, 10.215604887695036, 4.516751900407269, 6.7029967957929, 9.401188601209883, 5.2931935941172314, 10.326323918983265, 6.510445684281719, 5.3312536433775835, 5.886165151311729, 9.379106201385481, 9.52450008226879, 7.052535143530974, 6.95351497570689, 8.209538919428548, 6.585079879524096, 4.4144765259711995, 6.388220119836816, 7.063606544952179, 8.915121968448807, 6.932582027830568, 13.947490827964716, 9.180554561751212, 8.044605043260878, 5.952253293988234, 8.111192179241964, 8.63638062378552, 6.67877262682321, 5.20279737898983, 12.149229366518703, 11.187199601821739]}]