script/wind450m.json
{"header": {"parameterCategory": 2, "parameterNumber": 2, "lo1": 3.000054539987559, "la1": 64.9999836372058, "dx": 0.5, "dy": 0.25, "nx": 34, "ny": 52, "refTime": "2026-01-31T16:00:00.000Z"}, "data":
[rows 0 to 23 of 52, columns 0 to 33 of 34]
6.1199974846517495,2.9181978656271403,3.0836637044866766,4.218803976885496,5.298651018880055,6.462281810761077,6.142654447363833,5.817897554446413,3.9821273051498016,4.284542407723089,3.30635824836115,0.9748968106063943,0.1439874599391873,0.42231391443576705,0.2858810223982953,-0.436480977876241,-1.6773657614020425,-3.4322418360988993,-1.9859591939474435,2.8667621404435684,-0.5625028027973941,-2.348879402774989,-2.7831870331383497,3.7057585711091283,3.7512954308132085,2.3380687931998323,2.2873517474213214,3.23054501784678,3.3838108383335825,3.2373141316213014,4.29495092908732,5.042402641869611,6.762441894531141,6.65188049852163
5.376496705946838,4.235555399564501,2.8552040064858497,3.5766765196715444,3.471345313941902,5.182854951501391,5.538490953393038,4.370351673028394,4.611366681115649,3.1710663615192765,2.785000257031031,1.2300302680126791,0.08553533139739611,0.29512223868485926,-0.2537196376990363,-0.6607124102466896,-2.521702037078521,-4.01045086279866,0.3289915305897298,0.9081917793175719,-0.41532357058398467,-1.849861949986401,-2.285182985099124,1.1618442331765433,-0.20191024229237903,1.0239109895012846,2.631677551676622,0.941164964245259,2.8421300888942262,5.665628816174168,4.449287468455756,5.425471800961205,4.147698581145725,7.3778922578738895
4.30798128002252,4.341394456187023,4.089477137215646,3.744095114028313,3.0805842375055774,4.416359661544076,4.954239419742034,4.053204811472522,2.6940923923484195,2.1766648760147365,1.8287412102577538,2.0909570737562757,0.5052337283013463,-0.006065110153645851,-0.23206919442894963,0.850578028176814,0.3969191408641771,-3.025938802676013,-2.9426693592646784,-4.237401493984742,3.0507176607721105,-2.2341529093492394,-0.6375025901798007,1.692264825644489,0.0412777275213615,0.2919811039695417,0.49225462808718146,1.9521330973708895,1.3678858392835447,5.034911633911032,6.578557575741074,5.532832398939174,4.608456908117746,4.737148763179839
3.639528779079537,3.8890493054066515,3.888316725765396,4.149184555531997,3.7095635668375313,5.181091678757686,4.700046396503651,3.9478322103434924,1.6935079406108364,1.6873485904544039,1.4876206845630544,0.6432086618697717,-0.36584872673333235,-1.2495033285764563,0.5140622674377515,3.89027338717932,-2.8230508255552733,-0.23045602681110244,0.6482830287582078,3.5858777542749056,6.531786039219803,-0.9588335145329078,0.7745038736763032,2.7737354050578817,-0.07608529597717385,-0.10573574145908016,2.692379210687499,0.7058742358356954,2.1331294729615626,3.2006305132909345,3.123687185434304,5.299721452762862,3.7736865129360715,3.6428780995303325
3.278302278525762,3.7833456328049273,3.910711998140136,3.7389484825326322,3.4346589490811175,3.5078639144875616,5.036529655192777,3.795521395999663,1.9451797223401048,1.540491544576302,1.1659342947101254,1.1450784577762319,-0.5058244144725802,-0.021770645552729014,-3.2294542425163444,2.572063355139033,2.374290758111337,-0.4037365486921475,-2.4106059295156212,2.099046557115252,4.116823038144613,5.414606875320359,-2.1283139300699427,1.3860605057981605,2.632780755715576,1.6381775650364214,1.6149896121766227,0.4171715107441692,3.006999467182513,2.87322771533293,2.56349001371597,4.113983078275903,1.7842988336778007,1.9106641090785232
2.246997651920773,2.771368361384634,3.2466735148173766,3.4260990894636936,2.5107398853583223,2.5296336412693394,3.857156355649802,3.352082488292539,1.8129575709124566,1.0541828025789555,1.4915169705992724,2.996774350220912,1.770313594089885,-0.6180770320943664,-2.935256487922812,-0.7715695236345128,0.4692980822393174,-0.8752307369448822,3.895758415631221,1.2064638223963609,-3.2707981198780796,-2.293142686617639,3.531671117678793,1.0411303260989953,1.1188690978722384,1.5672959998521834,1.082610712642877,1.2569964472522748,0.874075574710047,2.6536393877240037,2.8519756413218182,2.7683789928480413,0.35978643667636256,0.33769964223266874
1.7008740047649673,2.1888136777019094,2.9063350907169023,2.9711828787564434,1.720583135744025,2.2565748202297615,2.6076288347258534,2.067733284300206,1.4274430079312967,1.371893111041427,1.5504826484016259,1.3561212542447563,2.3768154751929975,1.6327809010370893,-2.2639990879324365,-0.6470101652327825,-1.4077380156335864,0.37278798170669036,4.973664026273392,2.2522701766151614,1.2108140968439813,-1.0578664207207138,-1.0230017496901544,1.7314397553147776,4.862902858182351,3.024100119685279,4.856410785496541,0.6593035865261505,1.7903186037857433,2.2630103236712023,1.8454021391438309,2.120957074797088,0.16793366960825085,-0.11529139405044476
1.94075036167289,2.370885513444814,3.1776272287803664,2.704903411599374,2.125678219766543,1.5225880780547667,1.309381761407034,1.1215466401696692,0.9150410230947381,0.7638225209306057,1.892858449542702,2.41185097509209,-0.014951003888704404,0.2753334978073774,-0.30638427967848203,6.278582444093512,-2.7531373245938116,4.702525994660398,6.795122462546033,4.305897064778743,3.5302432077691432,2.8086721801042014,-0.10594079404179749,1.4092715682170378,1.9019100867579313,2.1449866266026656,3.6624946295374023,5.059646326875921,1.1024348013897391,1.2671491693141756,2.5236851699430076,0.7607278092795572,0.48933400779880565,-0.5791902529474642
1.0979860330754727,1.370666417456883,1.6605435751174802,0.7179494936274161,1.1963306261457656,0.7261410867444854,0.157376386110433,-0.10716974157806453,0.6979132324255207,2.0798093257499572,1.0730292871935974,0.5062582659385126,0.7046014099914596,1.9917651013282467,5.804213004610264,-2.316676351030829,0.026530095637073505,8.961058554740317,2.9453673269966822,2.536860460637812,7.500564626032182,9.153595695174486,6.882641470248689,3.085727019965303,4.736138929406216,4.895064749171844,3.732552466437009,1.6886589007533235,1.5929775240761055,1.529549823912956,0.9335417991868401,0.9682767246778412,-0.05833254046778324,-0.7904235697781906
0.41956342205797276,0.5026489364424462,0.9157909777964474,1.4131954665505146,0.9104572960124263,0.9336366368899356,0.6072895347083233,1.6034727887890545,2.3995625005209984,-0.8328006397990794,-1.4193808468247358,0.1519244452769045,3.156600580751798,6.74684619637187,2.9234297548037467,5.719722508060382,4.352993412233367,1.582019796562318,0.6089440394497644,2.659914411820787,6.006934506554493,4.059199000509197,2.96059476005,5.408484485871296,3.478917832547493,4.9324631349384935,5.0391534350251375,3.038997391679207,1.060892889406499,1.9236266282768957,1.249447008072436,0.09486001932539842,-0.8782305515785189,-0.929056298366974
-0.7793073607622432,-0.7217578478605005,0.2176622987916204,2.524229784435513,1.881197382303003,0.698827366163949,-0.1162905923034243,-0.7107635892502067,1.8725748834460854,0.23952744874053977,1.9618164375781735,-3.120793291871308,1.9596117649398617,4.351342211174067,5.2179588415548075,0.5168619654390098,2.2850813995285884,-0.2071179449880733,1.7833132115485308,1.3674297050420872,3.1167232163655307,1.4251991141688929,7.842944804621614,3.169587668650142,4.604615370755755,1.2479711262379491,0.4722530843357179,3.2057440062493785,0.45588538913567994,1.3226549170917576,1.826583715085164,-0.4224216620316035,-1.4106730185067105,-1.4974170777489813
-1.9369305709678495,-1.8903082619722533,-0.3940402628467862,0.1490366998896829,0.7334745160881173,0.3009064962204649,0.010714416526056592,-0.40451039778829245,0.6366067478030326,3.809158264830412,-0.7481505015895767,-1.5461459252531558,-0.5025875460829129,2.449377831206219,3.401300923555474,1.1356073284602366,0.25808327973023903,3.3956766773247753,4.429407176169517,2.4641276606843268,5.555785192754669,3.8021302704944917,1.4037329713390438,5.586705601674136,3.3903697635987626,2.7078339152504207,2.7796696130582115,2.58802737111151,0.8053546732411884,0.6957379006072156,1.0265151899710148,-0.10861660171464935,-1.4862379907975662,-1.9276022951111493
-3.248015037759947,-2.591515118145206,-1.0889176943853076,-0.7610437191378093,2.114050715798712,0.8010534958582651,-0.48405485542495974,-0.6454268239307199,-1.5595836478200662,-1.5382033871642176,-0.2439711764084502,1.7369236761034716,0.627757919654483,4.7119711657740355,0.25942044956514126,3.233728378623944,-0.22849296948564565,0.6714576959453978,0.18599993729117945,1.259055310258679,1.1589283965202528,2.629252680009929,3.7757737160777283,2.8350382457976444,3.460771951316571,3.3503107933586382,2.627209412070013,1.7210972528295891,-0.4884893682146109,0.659880553626775,0.11364332915659664,-1.1591731081897527,-1.3714558390581273,-2.4601661875779426
-4.3413131883266045,-2.7182131112590837,-2.234572275932635,-1.6362135904216961,-5.76074997833811,-2.4660306871818283,-1.5998200703573788,0.01967734826605984,-0.9021509690353067,2.970947412790968,2.7868717556860427,6.187349339035716,-0.5090407213490813,-3.482842077041995,1.4948636856897894,-0.48995840339312474,-0.860952838999246,-0.45979118784779105,1.3615093377821947,0.3581952196108497,-1.7600784222766197,2.7208599309741945,2.245540505961228,3.1461747890978944,1.3768558625002716,4.0432246228447,2.272481721551147,2.1159547825668934,-0.5285451011639916,0.03698491772909777,-1.0396847162837266,-1.6154187496497723,-2.2255659777356986,-2.7507719104986386
-4.356501792290393,-3.2725792850508655,-2.651152433516468,-2.948819974880514,-3.1706451330716408,-6.74748806089463,-2.6191086405207025,-3.083248834734465,-3.1321605825646546,-1.1667917208142322,-0.4169464842059251,1.2328336037593217,1.3589805961825456,1.8238487237224992,-1.3797296243438026,1.8171429040699152,-1.1619526978856516,-1.4001005183601212,-0.16112532817447167,-0.720009629469109,-1.3616690417308035,-1.5223382560350531,-0.19246371428022985,1.760558934809793,0.6438828476723554,1.4202011212541827,1.612886697395944,0.7286714797074207,-1.1380272276817114,-0.6103325960613404,-1.710335354518178,-2.1730720164693236,-2.7221925317050863,-2.807123181146628
-5.244976633332032,-3.620890932260777,-2.082993110758608,-1.9039226409085588,-3.8880377733886005,-8.029211630393966,-8.86236765954317,-3.0978806075610454,-5.733861732138254,-4.979590458207322,-6.712903049611966,-1.9381750069546002,-1.8401862061841334,-1.0811682643985072,-3.223770563579694,-0.00559619958128793,-0.40754088046522924,-3.1178700473677092,-2.6738802507534363,-2.363224925977831,-0.0708976001377412,-2.9232832213112188,-4.342573052876286,-1.3588604560447255,-1.0651308590752018,-0.37479959042760436,1.1855572374466943,-1.2310817849067686,-1.5232885087865284,-1.7062155531645007,-1.8997572054492757,-2.751791426415055,-2.701261132880789,-2.80186998768247
-7.100626672578263,-3.9785145677659592,-2.081307024973277,-2.5834989472879144,-1.9756371945765385,-0.7053384327122318,-4.325863612955558,-4.189501837093328,-4.9961564923141495,1.1250391061668914,-6.109057727167098,-2.4395537019743196,-2.839294921782733,-3.857461192456758,-3.2717810221783687,-4.603512818235781,-2.0929402764666314,-3.477967170009945,-3.5941008877351615,-3.6568036265970565,-3.9167947980612254,-4.095657926444518,-2.8768707762122823,-4.461785156861961,-1.8429945445122844,-1.8296839901138018,-0.6789180384344766,-1.3268184697896557,-2.441661929199377,-3.0607342597565075,-2.31635211947654,-3.052123824674876,-3.1825703630618962,-3.1900795711018484
-6.337162204634508,-3.9199122190828555,-2.389893863344779,-0.2037122046237195,-0.5098196531045064,-8.421891351416777,-3.5724909045230926,-4.178427015894518,-2.569644666501022,-6.446999902637352,-5.114547818399763,-4.40748443778026,-3.1524850948372123,-4.1671945030456765,-3.4366857237362756,-4.303653078132011,-3.087533943797441,-4.755554438934667,-4.247291732274149,-6.272838936541261,-5.0088529413658325,-5.717182162017306,-5.220618138794441,-2.8749520068760535,-3.891156226379871,-3.1714060224877296,-3.1675532649922524,-3.488651026123675,-3.395193491233672,-4.350675273795515,-3.2546442214505165,-3.338817607440039,-3.3960563451150683,-1.8208188368419351
-9.9442566730631,-6.653457379410935,-4.6686030111479235,-3.028735349209342,-1.5085512128704772,-2.27897598722625,-2.306744461193282,-10.113501881526334,-13.334667533579823,-6.4977669142964745,-6.820848359046805,-5.320198726703597,-4.909896335246991,-3.7477249660022003,-4.99327316250009,-3.6321364822913997,-4.970101300489654,-4.481069079897734,-4.59979863680808,-6.722159781786889,-6.610080364733985,-6.823818483906785,-6.61344944764618,-5.867368678248692,-4.938903538379404,-4.199241503024816,-3.7651747417038686,-4.910756204413837,-4.7815287713318675,-4.699155797619345,-4.684167602794357,-4.212615900599361,-3.5848017732891475,-2.1007739011080204
-11.718321077877043,-10.231105032408745,-5.990856209403298,-4.787855562126418,-4.080225526093732,-3.1361682192148517,-3.3066635274656737,-2.1442837598796047,-6.219806169704871,-7.4511114540544305,-6.645941387269988,-5.7492662544858995,-4.8417982849755425,-4.529005412189443,-4.922485446483129,-5.887877642227004,-5.871196229155433,-6.083238265938487,-6.201430800697601,-8.320003467271295,-6.527524566316187,-8.783726145537859,-8.482137445920769,-7.2734138468328,-5.901635915914524,-4.944252546404431,-5.349100075880134,-4.729821429011236,-5.849118954895971,-4.987495561488977,-5.157781888244926,-4.87593058736856,-4.963351479166942,-2.3384503895737665
-13.682553766535689,-12.447308745261216,-8.733547857367618,-6.030387133771577,-5.4815447111483495,-4.7989402831946535,-3.2268808179990223,-1.2474937093726222,0.6479874382815806,-6.217541082743049,-5.942445763063589,-7.122921432810709,-5.390703814366475,-5.087556096707451,-3.2467661384516178,-5.49033763970958,-4.887242126012041,-8.219482885798639,-7.572922894063426,-8.543841333885089,-9.065545965843205,-8.926926706085572,-9.570451502991828,-8.275930539190226,-6.8663491408474036,-6.033759824457459,-5.803901186520969,-5.459806384094152,-6.572565163734285,-5.944598946979276,-5.662266776472183,-5.104630062910817,-4.88503514253026,-6.733720430385407
-15.68218310148828,-14.048610079623595,-12.018317939762635,-8.675884254157824,-7.24063792464468,-7.6433959282517705,-9.793931800657056,-11.126793884941167,-12.12338321537844,-9.733478598658769,-6.721867466087013,-7.127708290562593,-6.463186693997122,-6.069641073193262,-5.17678671156493,-4.715899799402632,-7.40868541861674,-6.179366475161696,-8.710339941955727,-10.030892460046289,-9.829551086089538,-10.372147706720868,-9.88857856223378,-9.429638790104486,-8.081042443647812,-6.525368216184979,-6.407719407438456,-6.377689319223416,-6.617125313050143,-6.995643747741605,-6.629830442790072,-5.5176950630820985,-5.432985613483843,-5.236490052662415
-17.83884237199034,-16.06538677378491,-14.696043357914963,-10.793716343572228,-9.718573850865518,-12.419546696331041,-14.916773786680892,-11.819979599151097,-14.291592178031395,-13.573224260311376,-7.6955476089089,-9.85900921742871,-6.852148829798527,-8.772448919294805,-7.0062529212813525,-5.048972877043791,-8.463955813351092,-9.274663948743177,-8.356422700983986,-9.036650856456639,-10.402979889698805,-9.758513442956511,-10.213640719147586,-9.872750955579045,-8.736064209288777,-7.5517646494806865,-6.909777243174695,-6.74274659759164,-6.273604854477177,-7.501874823202373,-7.6561939469146605,-6.524337931118926,-6.373100926123496,-5.671263065094444
-18.456071681729625,-17.80071369451829,-16.831989625002546,-14.69595478726661,-12.593125970563337,-10.25069424923195,-10.841822581360558,-17.77624246663021,-18.570956845867677,-15.054208857177953,-8.373703688761728,-7.391919588428411,-8.776516356842889,-9.562166777856008,-8.369223429151305,-5.729104553586514,-8.07336213865286,-10.209931237243422,-9.723386476655888,-10.506470900097785,-10.255559587130731,-9.644371246592794,-9.471460299658673,-9.907916907681946,-8.46379921830126,-8.061682625385203,-7.562016216529896,-7.212885368699758,-6.815767624004411,-7.034781259948742,-8.035494371221308,-6.845892134330809,-7.20390736870948,-7.060945827918608
