script/wind50m.json
{"header": {"parameterCategory": 2, "parameterNumber": 3, "lo1": 6.000198445256149, "la1": 58.999992894266676, "dx": 0.5, "dy": 0.25, "nx": 22, "ny": 24, "refTime": "2024-05-04T09:00:00.000Z"}, "data":
[rows 0 to 23 of 24, columns 0 to 21 of 22]
-1.330524320383858,-0.9290148324981802,-0.7551633389989061,2.907194198929167,2.0729370480759726,0.10302838786805635,-0.8001937181162131,-1.3355725539541083,6.31672635305495,0.9142677804627152,3.034535218322542,1.7628322010351067,2.53897869185393,1.634288330016153,0.3098571996440945,4.919301428273955,2.902322242214937,0.38826768760818686,5.004084612301673,0.8322261466585739,-5.03946104679428,-0.41362444798271275
-1.3486523496805227,-0.16727167710740146,-0.5365582027210998,3.1999827967185133,3.328769068447466,1.1852979249716322,1.1185434278146884,1.06994095078692,1.8463063370093384,2.1725916347075223,5.8728588840241995,1.9319470604405837,-0.7500780885253774,-1.4164468673605264,-0.7122094190315591,2.1481986651390086,2.6502884065744468,6.5324599754283525,-0.046449335730228004,-0.09710862141285755,-0.09419577280500749,-4.067382560858169
-1.5422364550392313,-0.6627751616888283,-0.5226699187029435,3.8092404407949427,3.3533929223737426,1.2074999612165174,3.633395931022828,-0.757250544281355,6.307933977493616,5.43061663229635,0.3767068823774007,-1.4310478369531106,4.753356765816415,3.5801255580268654,-3.0688353448072445,1.6248413360532716,0.6193936472332916,0.8514643992316047,0.42986539285836795,-0.14412660950552109,0.5211968967225831,-2.3836705892085424
-1.2173541047038148,-0.9453367332023032,-0.43097843133351876,3.777084256245582,-1.1410325811328683,-2.285730560249608,0.15366702464224846,1.149694245211526,1.0970330162687336,0.9909871564415577,2.8167721321048336,4.637769679792755,0.020494126944413566,2.1014182670269803,2.480455334911961,1.6059922841046426,4.590847519252779,1.1077943410396058,1.3771160489497463,0.16015388951448617,5.876590867299713,-1.802841630169827
-1.3094006167878702,-1.1704701551455485,-0.27054519252958764,-0.9535088506989954,-1.3651250660462038,-1.7479734860104033,-0.6660074930921941,4.88408508599813,5.564905058907504,2.807995508055675,4.0142895282136175,1.1266773411763944,-1.3530197155006176,-1.6698821028013535,1.7194206444169582,1.084488385576142,5.84942081656762,0.7776294873972963,-0.8936567419182747,-0.5885343772044177,-2.2027898992244066,-3.739687542196854
-1.0096418667272147,-0.1691502148088836,-0.35054104051471396,-1.3530067111096287,-1.4410238680813081,1.5137606795085516,3.9125790804766756,-1.2081777063901538,0.8917993343976747,2.0871003934670957,2.5944354846784554,2.3199053829307377,1.964613205550701,6.599026016165155,-0.23866209044165632,1.3639515562693085,-1.627381048785424,3.2011901477950726,-1.7063544637179868,0.006351649726818008,-4.891351055952931,-2.0214461146752116
-1.3165564143778863,-0.6143764743224452,-0.38728107343309826,-1.5341072258872306,2.236388769273863,0.28663662620222935,-0.9558596504003679,1.4945943806429896,5.1004115061709445,6.409040194256076,-5.092300309444722,7.788239683909729,8.992415548275735,2.607162857861401,-1.1567412651246467,5.118567273731427,0.5809208371291902,1.4399216908348507,0.9057933476712481,0.17513203643061795,-0.5239479581760171,-1.0403461822388416
-1.0168460597039166,-0.9629720526378348,-0.30116990168180807,-0.8129335619494731,3.251871771145912,-1.8762991925276478,-0.3078061037642943,4.980500461351551,0.8613775566180428,1.6171726797022243,0.24550298564391967,2.099539150428394,4.950474051756028,0.03321149111250936,-0.5470987770409014,0.8929505699848584,0.3755739168962492,6.726759959030954,3.4074583345251512,-0.581176725581571,0.16583084476812043,2.867838565930721
-0.9353261870371296,-1.6966441482554462,-0.5828512255193147,-0.48255819476537193,-1.5384249967559345,-0.9794665513107007,3.125579315406568,-2.708861188484368,4.97361916435318,-1.5296255993509453,2.421656718898089,1.621331120403519,1.3309112388468127,-0.9506705531007248,0.6987599792737119,1.5929819056830412,1.054340829321228,6.315738101644392,0.28322493649533376,-0.6363108005039393,4.527176327208853,-2.221329830397104
-1.512547842333446,1.0758597250481243,-0.33749262452696405,-0.0786367532223793,-4.768138751654298,0.7013532249611292,-1.373136546559194,2.2321588209351306,-0.2733260672492642,0.8535585706367164,4.924328843293068,0.6946451094677744,1.583454371174123,3.8305956900151084,1.1125235358898677,1.0866694079887906,1.1524710374566203,0.6082045517471205,5.239221006695572,2.0794044205542535,0.48491497757603114,2.059259855513215
-1.4903018893528526,-0.10852511678752061,-0.1805688190745172,1.7931895565878615,-1.4432954757794831,-0.7570985990344593,1.0842077498488594,-0.9870209794715703,5.030737482360342,1.211977004847364,0.4881167435483902,6.641357903663837,-2.5421616576980135,2.1558003354070157,1.1040573856770315,1.4018784766589523,3.161131963494672,1.701806890437758,1.0136041287580442,5.243546510987812,-1.4559832217750557,-4.584258998869639
-1.1288632231411864,-0.7593458031552857,-0.15776134455227753,2.4367518181872803,0.53427969366493,-0.24039638961479495,4.404391531150835,1.6153183427917477,-0.982164458476342,1.3454825769671506,2.012869920356677,1.8448165521903335,6.736559365480067,-2.265889792304638,1.8903317008949845,5.218382153268601,0.6881629078612685,0.6842750501482883,-0.18364556856778755,1.908071588147534,-1.1513303606404603,-0.3261539121801251
-1.0140212493182035,-1.0748493386968303,1.1522389451163815,3.4810995067995516,4.5546661752459565,0.8673415150819397,-0.3025532145616748,6.41662342392262,1.7140983217352428,-2.507897610676779,4.813254083945143,0.8213217955505535,2.0145725935930634,6.824718273762749,2.2114610879660206,1.0239839931474195,-1.14020082375349,2.123211060294739,1.3555680963463996,-0.08947011713350564,0.02157505586645246,-4.5173437575897575
-1.307774235132172,-0.9901035243499036,2.4047756744512974,3.929063348606949,3.455849577579107,2.718074405072968,1.427575032753554,0.05923365716724986,-1.5288240345124915,2.8805269700645617,0.8106326548869713,6.30626319163689,2.473105528771415,5.329094450052345,1.8450042708582937,1.074400936442341,-0.6658093986691567,3.9727858380822143,3.9947567019254064,0.35935382359624723,-5.578498080825425,0.04487364786343023
-1.0600081076466903,-0.8095837146979343,2.479073368271565,-0.9775787452312225,-5.0414762445665735,-2.813850713255271,5.389225670348323,4.868839856842852,1.6202274472741478,2.17380828273166,-0.33398208913432464,1.6303503841313098,-0.22550241414329644,1.2334162581263433,1.641349106094478,3.1077995959864406,1.614525902858753,-4.220053639112738,-0.46892531819714484,-0.00888546726653239,0.09928774453673372,-0.146272840652002
-1.0813930574534962,-0.25690314897544453,2.5473344409712193,-0.9403353531544101,-0.9149092325610877,-0.3216626498822136,0.7024567136654941,-1.7879714947891654,-0.7932251298072793,6.67912038086178,2.038272965512629,1.6932524523206915,7.804136946372141,-0.9219154372337589,0.921766289241579,3.403753424169034,5.666888660060522,1.0650289217135926,0.06769022766537705,2.6691221926900295,-1.788145594172917,-2.9784116266049017
-1.0718145012207017,0.22765480776594924,3.074496543017428,-0.352049913983901,0.746063149166876,0.9474090634330242,3.9893581620625205,4.684204791497048,1.4250162203824397,0.3649950779551491,2.430373242884918,0.6540459225448891,1.7328305196636629,3.63721355668351,-4.431652307756186,0.8936026918298089,-2.805532583480977,-5.276516777088888,2.823136727040797,4.116167981970064,-0.603944119586567,-0.11024545849398794
-1.3206144667347426,-0.12560254801280415,3.805766956299344,-0.39657473609510474,3.2758332934436654,-1.1679887675863765,4.61823345115476,-0.8069169160045407,-0.2774570484313839,-3.016750500327618,8.158656770736219,6.352985957327689,1.277193144632603,3.7876566689605347,-1.9077291013562538,-1.3146919057169166,6.123345531929154,0.265073096446643,1.9904273220936668,0.30989230290296693,-0.08740748149928927,-2.562043775056344
-0.9397745133893131,-0.2788606383253562,-1.376718766934047,1.151265643919642,-1.7391054835088624,-0.6135563330983972,0.15926591343252347,1.0919894373845513,2.849624742900282,2.6981283279114607,1.6318708111523204,2.10231565997909,2.326171972487591,-0.4983515854522895,6.035791307424583,-0.6559792891133259,0.7849013256860524,-0.6456543673622869,-0.632337877566398,0.6261134678248824,-4.662176676169879,-2.391223410664258
-1.3691750415194175,-0.8170132430829218,-1.5735567346070152,2.854334256250195,-2.9472753142686963,0.9418592808134547,1.0384816770111127,4.9377744931962635,1.2231188309835042,2.212769532794925,1.6571389043431846,1.7952014998935766,2.4270466030973994,-2.297074813126159,5.93177209620188,-0.2561673688526479,0.6133951503926072,5.97136972666823,1.3476259096161642,0.9857957614508555,0.33443291835720085,-4.859235060343008
-1.1766354435163453,-0.9681975648684642,-0.9354394174468823,3.9405591731282374,-1.655551971566612,0.5563015968303296,4.562831261891695,-1.1577109913944652,4.572456416145815,7.151927960774044,8.536310741646306,7.896118607864167,7.466198435494854,7.523061436409343,0.8915340055831146,-0.712124195322686,0.6616739171284501,0.8730449555316685,0.8281963122719328,1.0382451846178553,-3.4615528369011215,-1.4979912033605907
-1.3819764280128055,-1.0880830715752814,-0.05342148024298409,3.5495370360464267,2.5450838735620245,-5.162732213968255,0.5437263876696231,4.807552721309581,-0.213396171390299,2.2322970855524624,1.1852265757653953,3.349279705838836,1.9255221726508647,5.826190602172655,0.4713239052034832,0.10854639753145905,0.5909926521383562,0.6503381624877106,1.5462232541741483,-0.8935611746072037,5.927599162099527,-4.200811872858843
-1.3648645891813522,-0.9594050064426201,-0.42046825674717986,-1.169707485991662,3.752482681144917,-1.0400471025136988,3.7578505202782377,-1.321050591586925,1.6713884530203804,7.049054748460971,1.7824461448387465,0.7591534170936303,1.1554751297182642,2.5961896145434924,-0.5529790591389611,1.5799764939057124,1.7736499589499068,1.8080251391415856,-0.5977811971879383,0.6726383121078023,-1.1728196104788187,-1.0430390245395633
-1.3624587831297745,-1.252312998515928,-0.6083748681589618,-0.3596455968352028,1.0839945782032456,-0.5970114577273604,-1.2474754186414203,1.1329240062443373,-1.4875917755214854,0.3772564371276648,-4.881803379731392,2.420713321934826,2.215042835043696,3.1270273963110173,-1.1191502061089966,4.693519492409994,-1.504352192953031,1.4783212816357572,0.9690155213786735,0.014416123789110401,5.165432649336216,-0.16638940269008964
