script/wind450m.json
{"header": {"parameterCategory": 2, "parameterNumber": 3, "lo1": 3.000054539987559, "la1": 64.9999836372058, "dx": 0.5, "dy": 0.25, "nx": 34, "ny": 52, "refTime": "2026-07-02T01:00:00.000Z"}, "data":
[rows 0 to 23 of 52, columns 0 to 33 of 34]
4.504347282030129,3.5031363073175266,3.2157010491236373,3.0280309676232156,3.3916848158557573,3.3368196657650127,2.2727018078348498,0.7194173517828446,-0.4699903960471974,0.7013967576490122,1.5983331118637354,1.1709616204607185,0.19708880159956768,1.8958756463056008,1.2299426903909458,1.0791373788765113,1.2687552895790488,1.1812721597995155,3.101997753228285,4.028364370121158,4.181534218372169,3.545739659100094,3.369593064504162,3.638383979950346,3.3844186265582366,1.799822502360789,1.0997833509442059,1.2148012589771369,-0.951764314038236,-0.935283562467837,-0.5560773782012096,-0.9076438079304788,-0.7019559186911245,-2.9896139250003495
4.589930927164056,4.4146212289064435,4.018690304469525,3.287258211311122,2.791046468755605,3.0884096946721593,0.9463485058922387,-0.3821146446428562,1.7977227108970295,0.3019205757061529,0.8950401201738751,-0.5731952728107268,1.1632522913951866,1.4038018596054902,1.0074974748753998,1.1959792758520431,1.6224297105219163,2.0276341959831545,1.9383188819238357,4.706884847173779,2.664700103745711,3.719702524533438,2.876291159725651,4.1793802951539885,1.5316335866596085,2.4770284663213493,0.5239718296818107,0.4625172951877488,1.0926286009109236,-0.12572342557467137,-0.2031276764833019,-0.21849661955686298,-0.38953002237225,-0.9586019856550096
5.78122605283852,5.145562873745376,5.035247775282458,4.428696179379657,3.9766735528077817,2.4853644592958912,1.0048783000906927,0.05506840713421772,0.3490502417795183,0.7203865016642801,-0.0018674616606385724,1.591473841830421,1.6285375696015487,1.1567704255955416,1.6126580673836044,1.9003396819927236,3.10310725175277,2.5627787389752363,2.0615117755304952,3.290499113852413,4.9474065974398505,4.247146382984982,2.955859484287728,3.414200720669074,1.4941799308582844,-0.15400824060798968,0.8789114865609229,-0.34969092264582824,0.1634529769053342,-0.3735331676632506,-1.6040783462242563,-2.287800432956692,-1.8136334510808427,-1.9326787998726649
6.4598121670105835,5.120712155749377,5.2211361702934855,4.127815699631532,3.8199178882016844,2.2793948330736837,1.3666696001076266,0.854789845264021,0.7352078076500799,0.8986832889760514,0.6255877933651763,1.4331051573030849,2.044040636152363,1.6506405749701745,1.788278375416337,3.964498880045607,2.959763706695445,3.8830689405358423,4.633517704310466,4.594419640469587,5.2587382866124175,4.26745256417382,3.730737858209154,2.33107459731892,-0.4830434182852425,-0.4681433757858863,-0.2920164368412972,-1.1920963208705178,-0.487477669566213,-2.0463678976668414,-2.6046509835891536,-2.908605823565968,-2.686925251576262,-2.974334014944506
6.054764625002155,5.591690283569768,4.922938357174737,4.6176413875016085,3.4919115101790963,3.0348201419368017,1.9260916645339072,0.8148156483211273,0.5760606087441287,0.7128666554256021,1.5873706475260778,1.5251416557112747,2.241929805175287,1.6764703581481935,3.534335647176273,5.455530638173944,3.9438230541727317,3.498134222800182,5.584644088658535,5.5100387220315845,6.000917063503722,3.763402166288502,1.27430683941346,1.7153515540679107,0.08706407673262127,-1.213025782069531,-0.7458566163217525,-0.92930381389004,-1.6054226517057057,-3.593834420684364,-3.689143134347656,-2.5613942066093647,-2.0175349448548583,-2.697937960959254
6.729903617753435,5.2451511953913394,4.655028539633063,4.868712553137654,4.6074940387309375,3.3537977248973707,2.266476291440613,2.2548141523086636,1.8767189299487244,1.6936397419297042,2.657185563716116,2.2529148683514335,2.044111563965542,2.702289418349716,4.136822470206303,3.977280949307884,1.85133313990133,6.544369191492721,6.816441160558915,5.748362751859059,4.058053139419266,2.3697980194881874,1.5273825254241924,0.3241442195409562,-0.4502123927411869,-1.0696908629139532,-2.142527636580023,-2.306956258944929,-2.44617929651259,-2.2436110380044814,-3.0641860157800904,-4.798723502133344,-3.6779169428143508,-4.6154109101408025
6.774328951088969,5.834958584446205,5.145106197836666,4.672738897545043,3.6131605038496075,2.86008701725151,2.4567561123529185,1.5987326226591685,1.3680091341526834,1.984949527322974,3.0015515633845533,3.7103920773427745,3.451265444735451,6.534265673447724,4.008566075895181,2.983900194034495,4.942948478697954,6.966891845596683,5.361261960764654,4.543115469264036,3.483689265559512,2.6858641822127534,2.3079571356792052,1.8651127310073787,0.8177138275662257,0.054297112985237074,-0.3374030351829329,-1.308558649072909,-1.9235445234365596,-2.8174372820016,-1.9161631261372096,-2.3432460255870113,-2.221744508821215,-1.5202582536353093
6.357541950626796,6.0197948392447005,5.471225769388192,5.695194686467961,3.8949488814506115,3.019229828443399,2.3237804887328126,2.4101109756964307,0.7278071699419121,0.3667942594720793,2.9835551374608307,5.380195286925839,4.410831591583346,6.139220009664046,5.298730291240521,9.021533712313172,6.221231794616226,7.925720069796574,5.789044268700396,2.753355801651568,3.1996274466215984,2.760553514892373,2.707624380278021,2.8121498565781704,1.146104675704123,0.45263890646334665,-0.13622587917047854,-1.0973863863433424,-1.7783145457599006,-1.6026232751960052,-1.3415485921631927,-2.9698803365536115,-1.87725031634418,-1.7263292014782181
5.212654604412984,5.19944196113152,5.581181139772852,3.97914004807048,2.928385048807196,3.2339876582199922,3.1556062155874476,2.368755172050009,1.6682995614964535,1.7311993253783138,2.207906691604399,2.2080513156009633,4.334521277085819,8.561134060509154,7.323083956536129,7.96530231950687,9.44827942676436,8.604219956782336,7.068318092804979,6.148576076357906,5.548130895162874,4.16037293475896,3.417899639694378,1.791982101572985,1.6745717432484,0.4431061902114875,-1.0425260517680728,-1.6812105428222168,-1.3538776404658615,-1.8425839692221515,-0.7741939369580726,-1.5078534527907195,-2.2414248705495035,-1.4967572767494564
5.218741093664614,4.310428768177882,4.6832706459732885,3.7572373604198783,3.532340203970963,3.709227131854107,2.6073477310818696,2.6639734247001043,2.3663431852483114,1.9428127909682298,1.1980009159051248,5.613919522235131,6.121116881399432,6.59811060504938,7.373177539497003,9.997470022101616,8.532105870901908,7.8031116688767534,5.274842543512961,3.565901433590812,2.2069020754491127,2.408920645214467,2.3904225650066278,1.8542305964418224,0.9549341777100286,0.36057800907902876,-0.1421493330504377,-1.094718232655042,-0.7359435847415569,-1.6521412444544428,-1.835378681575358,-0.5625053327789588,-0.5863131765120829,-0.41832833120384977
5.847359780772219,4.818280224262364,5.227407114088798,4.812730046856301,4.311865375282094,3.6608006670161966,3.5412712570225753,1.5126553832534853,5.0601391845299695,1.3300101968297484,3.4526797371519096,7.188925871744259,5.252715094175474,5.7862923548571406,6.605567980926948,8.441579727138057,7.5607696749640905,7.218753899460089,5.892512932507942,4.192287826536759,3.203863647886621,2.9288696314257017,3.393243564364935,2.9863562422616745,2.5043104216585816,0.7776166215290348,-0.011709456785565267,-1.1438121495062992,-1.1963664867096928,-1.1889887234710188,-1.4264808162591347,-0.7563924478901383,-0.5542178007416856,-0.84872395376719
6.859776171559943,5.443351033626734,4.411058533793705,4.333595173629019,4.4542089326686405,4.012342696287697,6.088287337874841,4.766827783327562,3.086172408714162,3.8851529596862795,2.253396909330756,5.973985854199832,5.5863973718954,3.2963639786876313,4.927184392808532,7.5346744140455595,7.769695441699712,6.95537322876116,4.358318147480755,4.186433052442213,3.4564994287569886,3.326820022714371,3.2948035444086132,4.623133731231488,2.941981836749272,2.0549702798008997,0.025641076406321277,-0.5487385398193261,-0.8526838837320107,-1.6135628172967413,-1.2259764741238712,-0.6190166063330912,-0.09757282321314956,-1.871069502765937
6.2580287151172636,5.039242760046602,5.571970577127513,5.847929317419018,6.6952702684127035,5.815381568141139,6.086326785481552,4.257524721219461,4.708423969037846,5.560958629288765,3.427579499224367,6.4078414975877145,5.137695615507586,4.65126279776443,6.240424842399664,6.709010362319736,7.165354618356007,4.6783880744443564,5.130541838810691,5.479270095019109,4.770809008415515,5.487628979652243,5.825915241592044,2.8834456887405233,2.800855217500247,2.548017106051979,1.076939866713103,0.6419406526758836,-1.2110466350798301,-2.336399965930575,-0.8286957054225582,0.01816891477702759,-2.332024594808334,-3.5149212444701496
7.6199255787118965,7.629962772269779,5.803488533619764,5.992665375172968,5.765559490309978,10.788260412288981,8.29931987157535,4.628860527262362,5.950552447388943,6.181681937887106,5.933742062437426,5.022807563396041,1.874710113697443,3.1954705400321006,5.086314182655338,5.009967735390067,6.65608073920683,6.989725207586723,6.067080029001149,6.59894813951308,5.5335939790854605,4.41556155950076,4.395307911002458,4.174634006212469,3.0109778875491635,0.9793715879149573,0.9150486074071305,-0.300961374719522,-0.9671243097157995,-0.9819520202801514,-0.4045768950282304,-1.7701288036555167,-2.1772735778060275,-2.76149327048849
8.464800191943063,7.298758112851381,6.294390792161585,6.2342375771089555,5.417453496717622,4.3894612100655035,3.9501056838066146,7.405431309203807,3.4148546957984904,3.2198268328220414,3.4889601109813073,3.9440209534985917,4.119677577277866,2.427816165531736,5.749127553840846,4.782633154668602,5.457755199709203,6.015713112856375,6.471467683932871,5.119721042788336,3.1339436221958787,1.7852544582116396,4.8177436812666885,2.657234049662608,2.9411132508569278,1.2375314646586124,-0.5461575481629909,-0.5495635824089894,-0.41919369330935313,-0.9917542025434384,-2.2503234329593975,-2.32189549937962,-2.842919213997378,-3.277177639562022
10.73884786224638,8.615823426115092,7.194734607874511,6.995191704563481,6.545831345166709,6.543885673857244,6.842326463092219,0.6916169759663549,1.7088658731188442,3.258945273891327,3.3867389865102275,4.554940949132931,2.750150380937153,3.9909994687634263,2.40624959697376,4.277238609783243,3.932789875314759,4.355821620306795,6.274230095123584,6.108762575033368,7.056848585912931,5.466680952908658,4.82704562318234,3.923691053448187,3.6587522769890546,1.5375769868579832,1.17154083585172,1.4526369842386904,-0.30779851838282885,-1.6497956923236963,-1.6534455461901756,-1.8828048471840189,-2.0112520919895895,-1.9596122150923412
11.39780284786301,10.491105883275612,8.652017501843103,6.96792899225609,8.500342061237147,9.855237758123838,8.761568790267123,8.795387830550315,2.6727828781997762,4.619499012053553,5.508294795343861,5.246386091882493,1.913414070885248,2.677402713523748,1.1457873592078598,-0.4905666835288846,2.0511438056197306,1.8573982309236003,4.260673177945998,5.235202600320979,5.878206808522336,4.757371517805191,7.979393115747395,5.011599528083922,4.084804256214734,3.4717497182941646,2.328052733154168,1.5060687225650045,0.9920278015506073,-0.18433624717117048,-1.3386310318316856,-1.0980463621130023,-1.4226316715305112,-1.5289142828017503
11.031995563301761,11.036373069043892,9.698900235953799,7.997373078678471,7.105321942571927,7.2862796199540005,6.675193739723743,4.41335549199709,7.862090267831906,6.0305132878151255,2.8272684708098588,3.256077790550587,3.745849889534868,2.9098963795017405,1.1478159835262793,1.644669684636285,1.7493373805601389,0.31167376234760624,1.3215536923580393,3.537156607334915,4.406012359094552,5.2983347614377285,9.172155507972269,9.302507720156699,6.676917019370211,3.740328226358092,3.307200934948499,-0.033878417897218016,0.4009630477545203,0.32586921017963794,-0.7043294483587829,-1.8013465819509042,-2.9897135279672367,-3.652929539580078
11.230257011467922,10.333605194804997,10.284884264141748,9.354908708986786,8.161984493916808,8.230545704175185,7.383431397231619,4.533336350916901,4.248949630450647,5.813304237877226,2.805347751510363,2.9742109030651998,2.4933179679437907,4.330078495716729,1.0773398695502518,2.202694568109198,1.3017356928353292,2.3021061390922313,-0.4892278123150692,-0.1986144032137568,2.1735730782096025,4.094245171639572,3.9632761359969884,7.97425308148129,7.294160081515356,4.250394666063561,5.1994033621864135,0.06386097646443795,-0.46617036393261607,-0.596984002322188,-1.1314185969552295,-2.8569685954835844,-3.6744669699321193,-3.602316282396161
11.139014952354941,10.536472422801335,9.390057294245665,9.260106037089367,8.91816546601184,7.771890597539588,3.40323541836977,5.690106095153106,7.422558190885646,5.129723265966264,4.6497484460202845,5.760088587482209,2.893098844042552,5.810050627860892,3.3878269473893066,6.553928604932985,1.636805351165453,1.9421400253233152,0.05051716984425159,-1.1161521402762378,0.7417050632526849,2.1590519682726996,3.1238128309022986,4.4309071962308355,2.0926699882528785,4.248977588340635,3.264445404440814,3.3439928996908312,2.4737976984675973,0.5273044402202407,-2.251894866665651,-3.532691454590607,-5.038660264546529,-5.542900653509765
10.970352946517393,10.664295643968492,9.83924077467048,8.977266542637626,8.66188112146216,8.654755395971591,6.542582210679844,4.247131253393305,6.303342250997604,5.521569347239452,5.90229937558992,5.594477226377665,4.840243530872749,4.748143487468181,2.2608406965281156,4.582978336801634,3.28912667359637,2.669245050772372,1.5348788625091694,-0.4303332660258971,-0.7773280714770474,0.9204040319512311,0.14059002763744502,2.3050520390237637,1.6672935548488994,3.0041282356972068,3.5807881248273694,2.376309250039357,1.8603325546743328,1.56594221040641,0.08701839118443863,-0.5774255822703688,-3.183833179682212,-5.81604147573508
10.364701131742358,10.656608184636712,10.293449942193797,9.577622049996373,8.57052808948036,7.297165238776865,4.662922310602586,3.042798226484224,4.928272766714738,1.1237651891830713,3.2424987322191834,4.644266791613557,2.5091535801676383,5.575093446349692,1.9430201198265329,3.2529940780369877,4.387374519722503,3.8591871856055344,2.7124160514601616,0.5501498641258588,-0.03719192034151516,-1.0627842279807342,-2.3039443593943725,0.5069367613567711,-0.813275756771087,0.6729113123335978,2.806323186031537,1.7889223829672318,0.12166365951083509,0.7696851362067156,0.2756217593085454,-0.5045328032544252,-3.693999009503015,-6.286580096168152
10.509669303136006,11.047517906063138,10.523251978580749,9.489100440216896,8.633108902642451,7.794743618630901,5.914252496173501,2.6446527535240514,4.615099790770507,6.447871312904917,-1.3740266234191614,2.8410600959207706,2.8357043415190692,4.747613139431386,4.404151128434815,3.032482376374596,5.220868933130061,3.939011657851921,3.4782223284223956,1.8409512513099413,0.6413971692687613,-0.29693923160291363,-1.204947688365348,-0.7074206147454067,-1.06213112324476,-1.394977136862808,-0.02338334965401845,0.49065167779726576,-1.5118083799160973,0.6260359557689472,0.30619148798033513,-1.462554633675261,-2.840367574996696,-5.251679173550947
10.645671319525595,10.787213354379489,10.23154312044487,9.390461210017227,9.284763249780784,7.064032095323257,5.363324671089758,4.741251297709505,5.036809719319126,1.4030189693374298,0.5072501047000741,-2.1190580991285057,-0.3573108797799932,1.2148093927919221,2.917848380703932,5.762434743914804,6.564210464930768,4.1925595896022,2.717160740477138,1.653119424193643,1.9040277691212726,0.545421926656096,-0.5156737794917188,-0.8297474359831529,-2.0852751222745414,0.010376071001518957,-0.9041895870881199,0.4739966447313943,-1.3324486508194742,-0.48837384901560155,-1.1225383190326237,-2.051713767512454,-3.446949540880459,-5.159337060726694
