script/wind150m.json
{"header": {"parameterCategory": 2, "parameterNumber": 3, "lo1": 3.000054539987559, "la1": 64.9999836372058, "dx": 0.5, "dy": 0.25, "nx": 34, "ny": 52, "refTime": "2026-02-15T03:00:00.000Z"}, "data":
[rows 25 to 49 of 52, columns 0 to 33 of 34]
13.177453816304615,12.34075996150209,10.253845882874879,9.502436493503955,8.36623691387887,5.577806286540146,7.156778351384179,3.361154181573881,6.940911559512535,-2.087306484645461,1.605126378635168,-2.5016441441742803,-1.0783698498590768,7.996750706332664,7.368784292648644,7.360267545792463,6.4513059641988635,5.598473687300258,2.8786346681505415,0.7437895382347774,1.1663538594566183,2.2579031055590773,1.6168225775911829,0.6316082570528521,1.4696964284705827,1.4443620413468448,0.6990541300026488,-0.3456704649452838,-1.8213871915976403,-2.2410067811031467,-1.1512091008845209,-0.06395679121804895,0.264560048285337,0.10132134640763665
12.092527491818574,11.600664995678718,9.811082520919772,7.669039962281209,7.1958893752857165,4.9947614364807675,1.5349857113318512,1.1296668899988909,0.12117142488480576,-2.4196688316633375,-3.357742154448881,-4.22869964968704,5.798366156167409,9.636424613201342,8.902549050405417,7.926094186972583,5.637259258581,4.676709999494608,2.016934561459134,0.26694700523653014,-0.45599405645191904,0.5073185097128442,1.7476763423025081,1.9657696311159976,2.426434330873562,0.8939276293051824,0.3886813963524086,-0.681759068888553,-1.2928978935880384,-1.0875515020341753,-0.3120238832256233,0.13033571290282217,-0.08825913125712592,-0.46124898566287414
11.670549879344037,10.635876221045226,10.275338646267432,8.079438683257475,5.686361757141219,4.322420366092293,1.2857340901283074,-1.394654154864762,-0.1522554808366153,-3.697812451680245,-3.2750941426820512,17.377912654964344,13.830413043403516,11.356880309847934,10.541141492653166,8.846410911472924,6.821408147433016,6.236968570738792,3.951477818652828,2.020768052870755,0.6196059357030929,0.13042058646402058,2.5809723830826474,2.0476378405277633,1.105023562788263,0.8390803029163787,-0.5406673135678591,-0.915928559236964,-1.388994938885797,-0.8832189550784665,-0.5194820518445941,-0.3122486320957293,-0.4546018139061722,-1.0060264569381514
11.567561345471448,10.626005866062819,9.875522932797281,8.828290677760927,6.865128570940069,3.1369631412861203,1.0035474108048283,-1.1121972664449167,-2.9900680585687844,-2.4756708574947406,0.5722578848037981,16.322829821819322,14.480832839962083,12.164066437714734,11.476084358079877,9.14805869529194,7.320061577990998,5.624304300786334,5.30503936786724,4.140969751136836,3.311784216111681,4.239586282105532,3.048572594974116,2.411717738030589,1.3130353612614036,1.0337994782283508,0.6899277711967796,-0.6346344153219144,-1.3509753449367907,-1.3025020907449145,-1.574595043017344,-1.1129646922846657,-1.1143585933704294,-1.4201009584528654
11.476663734319262,10.118448167965845,9.386367778421643,8.143571021107288,8.55766832254058,7.409451920314546,5.849184567863955,4.8206148459691045,4.599438467485391,6.3307315187673865,12.89291869344395,14.862657040576067,12.608307091013256,12.444943159924831,11.66097203188301,10.071296456510721,7.852271994138479,6.078879909713481,5.706565563184396,5.698852397167666,5.4562252075821585,4.218311052302618,3.612403834372967,2.4124074770992885,1.2226054712543637,0.9473200748394323,0.2694028263865024,-0.8011112987619275,-2.366435937466515,-2.587986768227742,-2.1202922543292533,-1.3797339190689428,-1.2733248167244986,-1.5891074030545098
11.405185721330618,9.97218893420348,9.311182608406778,9.216984967761782,8.844368821061966,9.475744815608776,8.448565257949296,7.751448495196754,5.959199162063921,8.961924890898219,15.629795316555454,14.434212525192322,12.979533694410401,11.649259080854728,13.157772925404165,11.972023891535995,8.393639557246289,6.633403866555654,5.654636235409935,5.317417850558667,4.747329796231935,4.036966836857716,2.7949598661979773,1.3489299417845309,1.1008733454182404,0.3538264971487504,-0.676023985793094,-2.2739941473799083,-3.4775518171175164,-3.4420723953513557,0.09559951114477763,-1.4393422675451295,-2.98832640959498,-0.41465263996469737
11.634728457956442,10.024456470514009,9.08026385533924,9.211635012884592,8.823293435771621,7.206758067821183,8.399652536290693,6.538124596557613,8.733980276527411,11.54895427633728,14.824361260181396,12.665233010941755,11.752996270891938,10.55625540897961,10.699783640195513,9.812112015899194,8.26034540252423,6.382231345557194,4.919223758444922,5.184768346136547,4.2834138954308765,3.638803360191408,2.14752796491655,1.1060923164519105,0.7157816548816734,-0.6308282368050169,-1.862151248150689,-4.1987137635355705,-4.809588698671716,-3.592604376721868,-0.2541640288951233,-3.0588989227697088,-2.3666960130216075,-0.5423158818958781
11.834119735502226,10.248092261587686,9.102093135708902,9.136640705428936,8.883800000704579,8.432954401877518,9.904428740706864,10.118369348586056,10.563317734466484,13.026534010529359,15.650425245254905,9.613745262514845,10.003256254872827,11.116919344558893,9.928875625097776,8.917460326155055,7.73074630674189,5.714520609112392,4.4681435299205665,5.3048526933318945,3.8435948928639907,2.8081517917892294,1.794638137007143,0.12433144171175317,-0.8766664239413031,-0.5829288146075575,-3.39334073179657,-5.653596141253387,-5.862645359184369,-0.7058196467372392,-2.838416523464362,-4.094518641952735,-0.236580029299009,-0.4977644072810502
11.68771690724277,10.336892845078106,9.20486963990625,8.081864150630269,8.561299656893523,7.440225790251904,7.319781471679366,9.136169730824863,10.114350359693146,12.410061835058137,14.1083530150149,9.415327203229625,10.088236285911126,9.378224064727108,10.025280089054062,8.235902026651909,6.582024611244432,5.212043841571635,3.850708669835438,4.482626508369285,3.3469158274454056,1.9927872056071787,0.597417662729665,-0.8367850049894995,-1.6926256956639345,-1.9375605783104046,-4.6398871192922275,-5.464909670180801,-5.993859680227985,-2.22035052219621,-4.0977011792569975,-0.6297204922600355,-0.6869308620843563,-0.32668894901720624
11.882559523197559,10.504618019667735,8.805167726134405,7.7350014302567764,7.072003945298791,7.741316755257671,9.491843458925187,10.456562311290709,10.1364716234246,11.627362817815646,10.791472346908156,10.366984704278222,9.782873875029635,9.280547890191103,10.17588256194429,7.67535376833933,6.801779495245492,4.946679034455315,4.535685254923349,4.864681665678576,3.2088252177818664,1.0876597804896762,-0.5952471753848847,-1.5839945911451543,-1.4511591483662618,-3.089431641958803,-6.464123722995869,-5.580250955805391,-2.538655222951126,-2.9389274147269138,-1.2611879515488837,-0.7361888483920203,-0.5591888692861952,-0.35803421939846497
11.898368275292011,10.370240692077363,9.167864773019414,7.5954960201586275,7.298918670835068,5.968764464645336,7.65940642556211,8.252403050500766,10.637629427071452,14.167584850737466,14.047440497933872,8.727540571034059,9.67614116744372,7.517966261857544,9.691443999693744,7.667656908560891,6.159091286647512,4.954194476723144,3.921483113107258,3.3640872524749663,1.961040088812058,0.4783480401638099,-0.9131602584656475,-1.3064029519469462,-2.350475706786106,-4.763680669434278,-7.885891765680664,-5.429588600898346,-3.3043711766210992,-1.8917306218498113,-0.9377560411827186,-0.747822542631611,-0.7774117691606895,-0.9417200183565668
11.776015833547719,10.000565123848354,8.878863186622896,7.805729880003259,6.892185309021001,7.987412709908609,7.845935490355553,6.568673325868781,10.992406502778884,12.931316735408073,12.405666187042463,8.379195404514466,8.807663345574323,8.448731760853683,8.272118164022078,6.4195935162257705,5.081119438996543,5.186368073054049,4.029086196416855,2.3655838579569215,0.3615138442639261,-0.34287579006897434,-0.7254489856167567,-1.201973817981438,-3.3710098116874163,-4.707231049623221,-6.569162637543618,-7.137502424773949,-2.9049004782155223,-1.560101983747053,-1.3327404705150847,-1.309371789359241,-1.594640344151464,-1.7292933821490903
11.392238302877198,9.926521336717306,8.819931447378195,7.777237664636864,6.341953425551599,5.203436623451557,6.366160728889867,7.768367776270234,12.421842760919082,11.955870279977374,11.566562337777148,8.00851600809058,9.595551938884366,8.764298885749126,6.848917065418287,5.628054783538641,4.485146271282547,3.6377173964979392,2.2446555556860104,0.8780345324733446,-0.25333361171196744,-1.3802967922417417,-1.854769263479709,-3.56044242920139,-3.2496513030889367,-4.9841382218230645,-7.582506827034506,-4.1025539895855605,-2.812047461295927,-2.0792639193431386,-2.1455641341653027,-2.1335061313597823,-2.0229791531834618,-2.0686055706065045
11.043806609529522,9.720355031040551,8.620329017875592,7.781550787565891,6.176138744157112,6.556291980991628,8.091907560810705,9.584567852232128,13.16311065476744,12.10953580379693,11.337631994550511,8.177956485374633,11.050940430394876,7.76507812312759,6.318647949254473,5.021517967283456,3.5855569595612717,2.484299242509262,1.045961482863148,0.2680374805349915,-1.4290214146563283,-2.6468606546314892,-2.937767708568725,-4.766627355350789,-3.3849097689064767,-6.107702477762666,-7.202914994954848,-4.410593128106907,-3.0823462965009907,-2.694790830039762,-2.434578642668901,-2.3017884545488823,-2.288539139629293,-2.411146576986897
11.06482830146358,9.350638265356158,8.736110533092821,7.7281361936758035,6.664973286120169,6.961049383569717,9.764730741914269,11.17099893515704,11.93788907981598,11.370449877774307,9.851809800338291,9.02667776688408,10.03058936612257,8.147340530650816,5.792202623353292,4.597462452884465,2.943161404826065,1.3798556838195768,0.4587398123787271,-1.1816000736433894,-1.4729158311293735,-3.1652694909333836,-3.778347862050976,-5.264623371164411,-3.8322249289334427,-6.1632587680757815,-4.90288389042086,-4.634281983348523,-3.5518498562150627,-2.9544173765844772,-1.9698260012061222,-2.0928159035056,-2.519319966993818,-2.5417662719565906
10.952061419434932,9.685751404253613,8.758603666867158,7.788172415346784,7.623904336978724,7.532746870164441,9.614586883779397,11.437821378932874,10.866257883812215,9.658706752586305,8.38209692452634,8.437978959139377,8.93741233276928,7.945874940133489,4.807792371598668,3.473699470580904,2.072008777376416,1.0146824407404258,0.28091587947386504,-0.20281357694593835,-1.9196516888713748,-3.1504188897922982,-3.9518334331673652,-4.858175601597267,-5.0308234886091965,-7.7046872830109505,-5.40463794373396,-4.373987815070438,-3.9171033341391865,-2.7836834770210612,-2.40022328947906,-2.5726444976637626,-2.725736029634605,-2.545114602989508
10.967315218482335,9.997969011248616,8.709393629341513,8.160572604595595,7.182767462511664,6.561976192215851,8.858411898381997,12.00770769057891,10.585965404703586,10.204325110513805,8.654358299661427,8.745394826756165,8.598473463254196,7.017214496074304,4.6583739006596145,3.835710812699833,1.8202038110056753,0.19992375918886376,-1.3825855632563315,-0.9566221848184454,-1.652783980375612,-2.8212225276886858,-4.616010245780738,-4.386682724479033,-6.721025610975914,-5.88975668389613,-5.952803972671246,-4.234062834461521,-3.8712544304115895,-1.9439266864094973,-1.6904832827563634,-2.3135179302953417,-1.8504499968235184,-1.7591032340811414
11.333940122683222,9.819121771008037,8.635984820169492,7.596446283179224,7.871414678118057,9.033669430538405,11.24651136586589,11.487733384969404,11.038150511416042,10.042130640372067,9.217157272755356,8.174153921517876,8.673057538608367,6.820508410705225,4.2390125636320475,3.216807209724074,1.4798354136453988,-0.782354902408314,-2.134503253268378,-1.1486521214382948,-0.8375744020749495,-2.815403234768079,-4.549286616053754,-5.05284016288492,-7.520235439462728,-6.344779479957091,-6.276909737475813,-3.8811348554565694,-1.81329332947509,-1.9207241516970437,-2.7489087576473468,-2.1984986700100575,-2.451010067362285,-2.777623902655913
11.46593483394668,9.799182819397664,8.025342240301134,8.974684062660666,9.812128966163405,11.031466734798089,10.558162382331037,10.69784579418888,10.103204720600841,8.774024661385862,8.273811416771656,7.09436863262211,6.682809987464212,5.115765704307882,3.662974412337386,2.835833938784144,0.9281553423930198,1.0026991626237292,1.1974323143476262,-0.9317012715407307,-1.5940778774715392,-4.406598428134897,-5.57021271762829,-5.743125360941432,-7.416432963923482,-6.4608573802025,-6.250348518375979,-2.1222747366436585,-2.248901725850036,-3.794337436455847,-3.0887186077755318,-1.667221811244155,-1.3133585594510522,-2.909378709330844
10.614617934195273,8.679467059384747,10.14860799513945,11.390604731681917,11.800227997671861,11.171554804791446,10.251642374758237,10.747693954711552,9.561710599417813,8.636531820563171,7.117705239637345,6.407541005786205,5.6919971999466785,4.443437939389168,4.333259756338177,2.406993150111117,1.7478457147160622,1.6617443931215807,1.066556838812956,-1.1835581993989257,-3.3408467098343504,-4.656734102590293,-5.769003138102016,-6.641691099791306,-6.340152884869372,-6.212728628670302,-3.1516157416754065,-3.6583859965329575,-3.52625335317849,-5.64575340242684,-1.918833917796851,-1.505621515197906,-1.8265727348716538,-2.86539896345794
9.30841815714435,10.315381720172553,11.819232158835504,11.723324009390032,11.057029668244503,10.415223991422163,9.970279118378379,9.137542892145134,8.359234637915376,8.099563116517446,6.576578680825785,5.875062398164866,6.238736580515639,4.216434196657751,2.9621124808909665,1.5523497776323416,1.412250644749306,0.517672987272152,-1.2707134743279342,-1.9865293083620905,-3.630123471382489,-6.016331442212635,-5.426402772470134,-6.299603288584016,-4.56677665463274,-5.744539312113624,-5.911876266728754,-4.841619119132221,-5.243247316819967,-4.60727954934674,-2.2553441020713954,-2.4908289065354015,-3.378746788293067,-3.3786867945607377
10.81280879790889,11.742035307397662,11.704960606034536,11.38920642423195,10.400634840291564,8.681356977990205,9.444776166717816,8.6583286642564,7.661320718655351,6.541972951423008,5.179434183985576,5.356081276967999,5.56019866722723,3.2292155510952623,2.1739539436647335,1.4058210077548123,0.6519929436707808,-0.09008273053114381,-1.5249081703385206,-1.9367621751237356,-3.4910695624010706,-6.59121260990578,-5.492944070446198,-6.083461364606424,-5.065566981255976,-6.214527991561474,-6.062773801736572,-4.9253082205773415,-4.969181156492051,-4.595696119814123,-2.123731027311531,-4.369782257199495,-3.3677381998031675,-3.0928209032916523
11.303044786277361,11.348084778903605,10.925096993564406,10.063244211418409,9.446438662824884,9.015145085879054,8.766695434928996,7.633194419530946,5.705465001813915,5.073522198967799,4.961365661149273,5.0960115506223715,3.7778908316505655,3.0628547338441723,1.6963622743554625,1.0826887949701038,0.1645142314697879,-0.48709449515086484,-2.2305268278003028,-2.4092926685539733,-3.282353452391611,-5.770651110692698,-7.439051963535565,-3.306697952728079,-6.026068563179667,-5.4180299129122185,-6.709288364809436,-4.8571315274930456,-4.287909480163363,-5.609154047418938,-2.6792335063660646,-4.30083623672133,-4.857685393481776,-4.020445426047696
11.062124318181333,10.110879639242544,9.721809270518543,8.939482439788849,8.630378171422661,7.740785123394866,7.1826865651927365,7.150383935057637,5.286382355697143,5.627637288263183,4.611499368761457,3.9406175414521663,3.144091108755147,3.093772607189532,1.181939817900982,0.8851939594639538,-0.4901642519618886,-1.2887436627155697,-1.199506569936663,-2.3860902543447295,-3.884666562285525,-3.550736921836681,-5.64393705892936,-6.00549017201494,-5.458290968838191,-6.503110219061275,-7.067145515349911,-5.544479845938145,-5.275813512220978,-5.474670170394658,-3.6034036411301025,-4.055917692373586,-4.445799987324512,-4.5083198631012955
10.471378568836897,9.71897566081643,8.864152424672525,8.093605804481589,8.225670612274925,7.0735933289185615,6.163441995887019,6.087163708769192,5.36989961344487,4.46878324404677,3.462433650734701,2.6058074875995914,1.6487108676134832,1.938875832601581,-0.028047612925765523,-0.42931266216868924,-0.6729059155455461,-1.5796470148699506,-2.07842253323813,-3.6093927360335685,-5.045875062008913,-4.385027838587429,-5.943589484440706,-4.353509905535712,-4.925261034466282,-5.582734876573245,-7.234857949031277,-3.6765112376938593,-3.9875854766775674,-7.040102567778855,-4.035653155415875,-5.41008782286215,-4.176977214887344,-3.740178622950324
