script/wind10m.json
{"header": {"parameterCategory": 2, "parameterNumber": 3, "lo1": 3.000054539987559, "la1": 64.9999836372058, "dx": 0.5, "dy": 0.25, "nx": 34, "ny": 52, "refTime": "2025-12-25T17:00:00.000Z"}, "data":
[rows 24 to 47 of 52, columns 0 to 33 of 34]
-5.736020334984097,-6.888669023612623,-8.31166064463386,-9.242656579352467,-9.517082943401038,-7.993624536064379,1.0495123620299907,-3.1178370522460406,0.26015214006645876,-0.8119156634424607,-1.6655884460610328,-1.386042555691593,-0.5925581840372175,-0.6791099981182281,0.20402606142828067,1.577690162468664,1.8191893143508457,1.3231086531918452,0.4631842684489987,0.12527767425406122,1.3340338951673016,1.192752232958812,1.0438740359185101,0.21146696406775392,0.34793634226677045,-0.6171576421624703,-0.6577467143784108,-0.8508431048778726,-0.7851259314229835,-1.4950474793208812,-2.015233913959036,-4.0140206193283126,-6.181073754764377,-6.4583945198435195
-6.233461892756363,-7.225782249113499,-8.444921979205853,-8.766149773060828,-9.963998584801422,-3.5471785276102925,-1.5990697008815467,-1.0747490957483699,-1.5833677789136043,-0.3254082726001377,-2.1842717622204098,-1.7212875325367318,-1.1682278599356146,1.7868699239463761,1.9418812947675725,2.081810652741534,2.5038062259891216,1.3742699663128548,0.9060334148411264,0.4922056002934039,3.6510852456822676,4.5393312926128155,0.4388868410421705,-0.23577499450936726,0.24924208076655383,-0.21593866141268742,-0.5600371622101854,-0.9137978183722696,-2.3754306239590246,-2.7828801626993447,-5.036135530044069,-4.98204518018395,-5.489888830328545,-6.603476467660062
-6.703031096109756,-7.411424937994342,-8.336519518011432,-9.104497117479031,-10.610276789198856,-8.439331189889868,-3.142831170534914,-0.08633331112789483,-2.1335797156897787,-0.8855201790211342,-0.5976683950220064,-1.3064554653351614,0.6006763399805141,1.6491300306778034,2.464801354649697,2.743114907346775,2.5486380580845722,1.0624330131282738,-0.05614335517104382,2.758782505770589,2.4901938184521537,2.3846073278156132,-0.20526437268531708,-0.3548759192390922,-0.6483852753727666,-0.875371089094013,0.10187307466962232,-0.5514696639842569,-3.0075504479000466,-5.756839564180551,-6.505653637241882,-7.0413379312374,-7.181322902254281,-6.872091669554202
-6.89534278499963,-7.042075982194614,-8.32552190878115,-8.93390345773824,-10.703307958373468,-11.776106938756891,-8.422368391080001,-1.8935909722730828,-0.4946269085248512,-1.0341159413307766,-2.25802041249176,0.7368571811903817,1.170445946470111,1.2337507501122904,2.3498730249998214,2.8377092857683115,4.087123799751524,2.0651551559303276,1.610680464232847,1.8132532704901918,3.294019764252347,0.5407795019275465,0.7210726105936144,1.1346490324466698,-0.5598090682729522,-0.6074714806055301,-0.8977324004250274,-1.5741741107544387,-2.907055779819935,-6.56056025701681,-7.3984144866882025,-7.598173364646093,-7.183615032980213,-6.1184638251518235
-6.868459857480482,-7.339130608063144,-7.419343819363772,-8.66651246090551,-10.279447228381704,-11.732338769855646,-9.721434796338038,-3.4368018724676874,-0.1580288455435055,-1.4069272965219617,-0.5116165505997353,1.2012126557424796,0.591319261399646,1.95019493039437,2.600016832468293,4.588073321689001,4.531849066559969,2.722960813902634,1.0420766383824196,1.3589727557579685,1.0635159423948062,0.9138348070686635,-1.0555579877976622,-0.471970645504258,-0.11650485549212947,-0.8411345203925074,-0.9434662034582169,-1.6203616455676295,-4.37341452057631,-5.826238135843239,-6.799214636139302,-6.897832244549612,-6.287645631746806,-5.7832554594011
-6.461049642835643,-6.9453647600217465,-7.47294764819102,-7.946421682617899,-8.745212118220087,-9.82136361364805,-9.75500689778718,-6.477070541703335,-3.5975548152343952,-2.5261451216733315,-0.3656443032175814,0.3976934914648276,1.1987459447308741,2.689281183896094,5.872625307705963,4.399636661974269,3.84150786700017,2.5109514441433944,0.7891283856842098,0.6580575871540032,0.8087598493090599,-0.02069197742210271,-0.08248438280249322,0.07730541530701722,-0.7664573159121477,-0.9280733016975405,-1.2133091684212527,-0.9355410056260448,-4.531659449794866,-5.236925848604937,-5.706060040278342,-2.940503690687303,-3.4848314383607595,-6.302413570592695
-5.030560074989903,-6.481057403340013,-6.075966423096316,-7.2981665924655585,-7.835037888375418,-8.88986890277883,-8.413772728913386,-7.289704436371477,-4.040404824221058,-1.9546343196297078,0.4473667808288535,1.689473317752261,2.8849820818310046,6.456732248753712,3.2102797203137228,2.597935857428788,3.5575649815022605,2.101368342054456,0.15523103548742787,0.6563888997621297,-0.10606353797715579,-0.7853248473655395,-1.0328347155693933,-1.2822216065775744,-0.6480557091144631,-0.969623125967473,-0.8336021846034823,-1.3480697553648524,-4.126996931263931,-5.082304623848228,-5.2149716191252695,-1.6938170586237826,-4.650832481976699,-5.977807437604831
-4.756210792661371,-5.213672267023145,-5.821826000122286,-6.319403700607979,-6.548273078592596,-6.679936742589371,-6.501801449783258,-5.9927779293497405,-3.830485557641525,-0.9963753678873226,0.9285810342843464,1.9191007831128215,6.24998904582192,5.929027311166788,2.652189967511832,1.8269257033137907,1.0291297981169532,1.2906111456305454,0.182702784385045,0.8988799363420882,0.26332287292625967,-0.38661955164068573,-0.7720581201371657,-1.004389391015292,-0.5843642336469937,-1.052654416095589,-1.2068782896442525,-1.7224564609364215,-1.2524554095828582,-4.576549899448095,-5.884050905966513,-2.354582156323234,-4.674769639521794,-5.222930476349594
-4.4238182189808,-4.297905061480479,-3.8832216109761744,-4.847359578043789,-6.264215962481464,-5.49111775938397,-5.529954593811449,-4.890568647071989,-3.9893823534063895,-1.9321783087710531,-0.018733294396268186,1.5050537936720194,5.925466641385632,3.416736877977686,2.1877071999573436,3.5902596911125944,2.558434271424389,0.9032459828304945,-0.38922573444605113,-0.14891669820811784,-0.17037855192055582,-0.4828319480104259,-1.13446709127798,-1.10158749113501,-0.8137549187933748,-0.8039564848380799,-1.1127516495996892,-0.7850476708821384,-2.412057034799886,-3.5646719439992913,-4.570830592928027,-4.272590443266499,-3.976876055488388,-4.433448409703649
-4.1295385193037415,-4.264458068531222,-4.428491455211101,-3.7871471599347224,-3.807936544894706,-3.321085214404712,-3.503646390471676,-4.148445945590234,-3.471098512204766,1.668067581883739,2.7492110220039483,3.270330006778079,2.9667528663142986,2.277884857365059,1.6559524928300011,2.5132740211773363,1.523847861404139,0.4130605827615417,0.00978270112979201,-0.49677263766928187,0.12524322459782175,-0.5418339765523046,-1.146430557904437,-1.3114244468010832,-1.291879587219754,-0.9515044016630608,-0.5159133271068562,0.5802874047017124,-1.3225012758559935,-2.4306496378284166,-3.319396307246517,-4.328208417812573,-4.024986820457878,-3.602221020959229
-3.2910541720637716,-3.147892661680416,-3.467989559809874,-3.554592726723167,-3.606309473241499,-0.4450853383411925,-0.33605889752111845,0.9233519669807039,1.0465305643621,1.623185889307434,2.0896772618014454,3.326552516625071,2.1942737172445526,2.2685071753248467,1.3907536263588145,2.0504448838699574,1.1941138672193334,0.48988597051712407,-0.27720034583968156,-1.0876077444155752,-1.0389681830115178,-0.30560637733655743,-1.120315140498133,-1.7066683063704597,-1.8263502371735691,-1.3338499589780208,-0.8136559615811564,-0.3841571155498676,-1.2537776917897552,-1.8629398606655263,-2.7510827848879744,-3.060343889528496,-3.737471394052652,-3.302276315491719
-3.499785128128619,-3.473768848380949,-1.7357244551653004,0.9410976125432332,0.7932707820109984,0.8407402369688769,0.7871163645962729,0.8438843175758372,1.2792720080318507,1.6639225288536112,2.221475403924809,2.099100336143482,2.1550800700084105,1.7445992934905514,1.3048038951725505,0.7564995503390903,0.1320158542404923,-0.06717874092282686,-0.4917661217832958,-1.557751520425749,0.7701262541691642,-0.037730084833368385,-0.3411220889201908,-1.188923364887362,-0.7077516442999349,-0.6795079326921722,-0.4801358251935114,-0.8419401812199764,-1.2343955191597833,-1.8199341899320105,-2.2349602905231674,-2.3891477384814883,-2.350092052680116,-2.092174355222817
-2.714305260262328,-0.6862052474308322,-1.676209492654493,-1.1252709330046384,-0.5733190655523008,0.09320898931321575,0.4789082784014656,0.8564170526120541,1.02454669079019,2.0018277428842746,2.542032826131273,1.9775642196455085,1.027696566454195,0.8684714110685563,0.7710458837940418,-0.2773184758762723,-0.5886663962683685,-0.2667073381650666,1.4256179107132338,0.6837560880466319,0.29791796543438054,0.13075964121773997,-0.10294376633648605,-0.9142794010431265,-1.3815866254568385,-3.3984562544669097,-2.091613296240947,-1.3394236740465508,-1.3137408346950146,-1.804184072269404,-2.093601240059887,-1.9152757512472087,-1.6896114525737138,-1.3935863799863355
-1.2681357804490867,-1.7776278625448754,-2.3120694103420405,-2.2919877561956983,-2.320201906846408,-2.0813693575618255,-1.7733716393418206,-0.9839228305699198,0.42142636916222453,1.02255094768775,1.3628088252298194,0.6041933436587784,0.35574208967328225,0.3133875846132725,-0.5600781989790222,-0.18758316500743313,2.6153483389597527,2.150905963910993,1.3847256983984166,0.3473588619645706,-0.426920986489742,-1.3096697217661588,0.06872962364846202,-2.4444396428339523,-3.8040348251790617,-4.2226999966680445,-3.387312446522944,-2.758925248575372,-2.0872592673998045,-1.9405365566314923,-1.4420162063243387,-1.5231693736721497,-1.777246559637465,-1.373705016434653
-2.3888466646574096,-2.3199254105024236,-2.4029052780355764,-2.5977611168545027,-2.7890504054621057,-3.4198780498924215,-3.0160806875917436,-2.5112066766496577,-1.6557563883716002,-1.2974992142520994,-0.5226609654876088,-0.46499846929302013,-0.3818221399639646,-0.6411724391194377,0.8374413919183099,-0.4184536995319106,0.5392711090504033,0.9914116595529573,0.9828705950100355,-0.5216756242056392,0.49547556352179845,0.04900631014907514,0.053359500011502525,-1.399721140306958,-3.514939672084718,-3.6084269471057646,-3.1940298080242924,-2.7743306586452605,-2.0162450217031966,-1.5966343671072976,-1.555877784351048,-1.746578301716523,-1.78939773731952,-1.4440618394426301
-3.4315338566270945,-3.1190865908008067,-2.264435770072559,-1.5266323916253783,-1.037664461486405,-0.8267208393246334,-0.6010357100446004,-0.9698997152877973,-1.4766426264776942,-1.195602109743436,-0.5807816176451892,-1.1969925800321783,-1.3260204126539108,0.5472654549319741,0.30185758260221757,0.21103974203618575,-0.013187155706207312,0.36108589199388996,0.7285063902342441,-1.263701125901146,-0.9042216939469756,-1.7932057194035507,-1.6216013978081714,-2.206695445333224,-2.1578718252646762,-2.4513031163150854,-2.200520359605141,-2.14870877064615,-1.6116718421565153,-1.4026839188217401,-1.235444476442839,-1.3328797803188932,-1.5674544284855574,-1.015102972198689
-2.755521336547726,-2.750038495290429,-3.109223007133388,-2.289095822295651,-1.3438592241545342,-0.4270912490243348,0.11533255720137782,-0.05714422526234425,-0.6761846196307936,-1.4335968770288752,-1.5154795172761164,-1.9025641039596424,-0.9557691034097814,0.6807720538910391,0.3019591804419279,0.5865416123750081,-0.11647780388438748,-0.015212287331937958,0.08375016657751418,1.678501200372798,-1.0172672896937336,-1.1741867461806257,-1.347558925645335,-1.6097115385189351,-0.6379298492627336,-1.6817593635155867,-1.2770514882452568,-1.2654766189192908,-1.2199337557389318,-0.6001916006248017,0.10602378964540263,2.5352483942978212,2.2438692457587623,2.446681969730698
-3.0436342542022015,-2.7846850377779298,-2.9324559541356554,-2.9593237960517187,-2.7907417377763215,-1.771853857932069,-1.150290728035586,-0.7279454597596261,-0.8008537164010656,-1.4859560404497076,-2.179315376674937,-2.4905666212000854,-1.1372900380834459,-0.5065724885926678,-0.536707690635028,-0.6221876392236068,-0.45757712396336137,1.09208318914849,-0.4341655094741041,-0.15516809500954384,-0.47900115814488753,-0.12344879008546737,0.9609840641531351,0.953970066554852,-0.13191720820868275,-0.45894351082982504,-0.6856583510455027,-0.2461684462750646,0.823088458417536,2.7998847416019172,2.6314157724148584,2.588608663815031,1.4061770313448563,1.2479530536634356
-3.89769565640559,-3.2589317152665775,-2.608720193152482,-2.2305489314989915,-2.2925021340876035,-2.3694044276156974,-2.3545117518057244,-2.1576467735677034,-1.728351975845851,-2.090726808404245,-2.011502941196417,-1.598174496172227,-1.572478369094999,-0.7556107078953259,-0.8434213022249731,-0.23394749583421118,-0.49914234553922426,-0.9049870927476599,0.03621883044065974,0.7411278014073988,0.455397991201762,0.09810206100850737,0.7182692023872563,1.0573447526907949,0.900685076449823,0.6268595843859357,0.8715832078566917,3.188447512671172,1.6958735141786514,2.2902880822369514,0.8288688171444403,0.4947974299848812,0.5974646678086777,3.409330131078115
-2.7137339998490297,-2.564061113170126,-2.1239393466865284,-1.6084901898086108,-1.0851258449071972,-0.9628028335807951,-1.4282525962521946,-1.7888354118833083,-2.054553663033553,-2.183770300146376,-1.5424299215335795,-2.1973463451187243,-1.4282854934940994,-0.8056310102571788,-0.7373638808802379,-1.1839776355748968,-0.9044609703835783,-0.9228250939590106,0.04425905166429893,-0.056602352895361904,0.4296678413023377,-0.3833775697385076,0.6435599962254233,1.1025583203470024,1.272229169805465,1.6896499104889189,2.6707700584165823,1.8498922788060714,0.2626759044877164,0.3636879261630375,0.6303252829496414,-0.1610106822361336,2.071357082917917,1.970708622943461
-2.3866048502325636,-1.8176890794737497,-1.3738741728947388,-1.0829367006153305,-0.8733669242378319,-0.7419443578844536,-0.9384664291387903,-1.2681423467558766,-1.5283804850456355,-1.645655662492238,-1.8346295460362905,-1.921943217430067,-1.5966061201732342,-1.1235548719357318,-0.46850312957971774,-0.42465718725920815,0.40403615688308997,-1.1998967254774537,-1.486302879301347,-0.8065521826268666,-0.524374035735619,0.01433674082082344,0.8216667334378073,1.0933579873431303,0.6412487182787632,0.870084798965884,0.5147781305086563,0.18346258455869743,0.3180729773366139,0.45140896544440323,0.36845294943332674,0.9992176807164662,2.3384036955775556,2.3729223422626915
-2.5831369418245247,-2.2304783866963347,-1.7000781316776963,-1.3880607295721672,-1.099323047581285,-0.5538040189307285,-0.41210562324319955,-0.6878452324937143,-0.8389619524011301,-0.906952391128477,-1.3155914085398508,-1.283733555052816,-1.477332082125388,-1.6492134468799617,-1.0773803406256077,-1.144542190367614,-1.1733045266195308,-0.9918461698900767,-1.4270414643573248,-0.9635674108201616,-1.4300274554060488,-1.3747375443005792,0.397193327254766,-1.364404360130273,0.18778734117648763,0.1339616424838338,0.46894763105766585,0.41645388483554546,0.5388256983085716,0.08793045703626323,0.19424340218520234,0.6285436718551625,1.1258875768363783,1.0486011798751715
-3.5212287411834606,-3.15180897472044,-2.6016875813516362,-2.4022916418397138,-2.5874640224604173,-2.6484560451424755,-2.000299397326097,-2.2785552092708863,-2.3778763495054855,-1.2925083914877789,-1.7403761298423448,-1.9043353240806222,-1.175429954224972,-1.1552826655438622,-0.8646386724785403,-1.4248751598333818,-1.2581818296001077,-1.3297768248276929,-1.4382321556982451,-0.7616237347270237,-1.476487077882244,-0.31668533631257356,-0.061010935564475496,-0.40084083706886886,-1.8941050769783419,-0.7570040042581437,0.39914850490664777,0.6024327241382768,0.8806853668642559,0.833666494339171,0.5152749002686374,0.6122271628209915,0.28912118730132025,0.2193965841876187
-3.733200977075758,-3.8989731919889543,-3.269733452547063,-2.317590853761329,-2.3430443270061976,-2.0529047691944746,-2.4712296964179834,-2.125491276671341,-2.675632820193872,-1.7547589139957858,-1.771513163099951,-1.9808365128082819,-2.111487429189999,-1.0093700291150955,-0.32096064600256524,-0.43041889495321317,-0.5684975894552385,-1.1091105862194097,-1.6369012226393158,-1.0104372972213538,-0.8882402755955217,-1.1903309718514457,-1.4305320976239835,-0.9089219580181539,-1.3921890099505558,-1.223743548557525,-1.2302716069136432,-0.9775370230702372,-0.8454662930323398,0.40332083815719644,0.7880032730785187,1.086433708397332,0.7946154338997298,0.831390706059385
