script/wind450m.json
{"header": {"parameterCategory": 2, "parameterNumber": 2, "lo1": 3.000054539987559, "la1": 64.9999836372058, "dx": 0.5, "dy": 0.25, "nx": 34, "ny": 52, "refTime": "2026-02-17T14:00:00.000Z"}, "data":
[rows 0 to 23 of 52, columns 0 to 33 of 34]
14.366653893148282,13.800951933402946,12.992718595176974,12.115272381077585,11.16938480325361,11.147417543461245,11.314017750903158,11.446179814423504,11.095192641983907,10.738736609734653,10.007217694669091,8.783090869517633,10.163238430242465,18.461287835629015,21.179234315696714,1.6103138679463063,3.2324438827373436,1.8929811546022923,0.744117872815153,4.847025157522738,2.4960648767430884,0.3839448228696583,2.6817460770954495,4.738141361528722,4.3974139855155565,4.196404364424221,5.559539860115304,7.10147104042251,8.751449470389318,8.301635056348312,7.402844248844089,7.755445158856823,10.240336598015828,12.645471535800622
13.623680959759081,13.742182126158761,14.249878578165443,13.284526377707545,11.955254853218756,11.58364304608465,11.892710031086638,11.894865615530112,11.401949432166289,11.106158877411042,10.931196429469217,9.854831705519569,10.611905079387604,13.887599874804723,10.81036724164153,3.5825556897050967,4.340238027455083,2.0537990383352844,3.8701826554497996,1.6517083531725956,3.139538523423871,2.4519717750643917,3.261187339621181,3.817176837526422,3.061861681490839,4.645474481644455,6.715639671597297,5.712236270725946,9.001411767922548,11.18213077210679,9.59126378784708,9.463113192288851,11.409208010016222,16.022331107566927
14.832638938187198,13.875731392096423,13.270676036018447,12.823847086973329,12.256932315263416,12.259595333360242,12.017664826335217,11.96207764740065,11.759528429656015,11.282076709168075,10.34548544652413,9.728058064281822,10.199368272853006,10.472352341613961,6.1181578598828095,6.844503214791122,8.656502407402833,0.1311548526532565,0.1560273880159822,2.2913659657290717,3.2427515708219876,4.80091752716777,2.495102648227878,3.3473045226495883,6.205316845808535,4.572775866284755,6.346378719528046,8.549486034724648,7.682377221891632,11.238674354546587,14.633004187189012,13.945428849808511,12.464319718213797,14.281408735180868
14.041536433697129,14.210125928931788,13.84005176560214,13.08513538411091,12.17040320255324,11.315388562105761,12.143730919727155,11.957769434319728,11.851056643228628,11.604142209833554,9.75678995918592,9.242277380930366,8.250841098559205,8.047110691551891,7.784510138647411,12.351780814423021,1.7034233415026225,3.1013046211426,2.410380612791396,3.3215219002404455,4.125949530204403,4.6042224671285465,4.362555424424197,8.651659010041577,5.7382871539980425,5.782484750032233,8.462543824214983,7.274423832273187,10.14348925485134,10.042915726649237,12.3458355111874,14.28814035132899,13.63846393459429,12.951699664573523
13.680853243849226,13.955356307212016,13.143160080394427,12.652163461560333,12.167936357903113,12.174406343138838,12.037696443615195,12.201251526092285,11.851500184263001,11.276636973603882,9.72276190083846,9.104374105852335,6.986336908650339,4.564728013073964,4.695149736785984,8.484067946061108,5.458492817358125,1.8787241606801308,3.57002214839591,3.0651938526811637,3.702592900201437,6.018819232616779,1.4632079710314876,6.2473730484256915,6.8216081907231585,5.954295543890923,6.0017384919238985,6.680086552978156,12.163366974905747,12.045274056921038,13.312649828791898,13.271965932382875,12.728145765391327,11.363460636315429
13.5356824630303,13.70647859885459,12.664751726298134,11.698849182263967,12.075036349034729,11.724733793180908,11.67989045125591,12.094367827194457,11.787420414521547,10.885324399722352,9.89942866237327,9.301920526744707,8.844833169018727,6.492942136862509,3.738031467345348,7.630411093086725,2.5641228887054894,2.235100232303991,2.6706747204123804,4.725602127267962,4.898880504268656,4.763441678979688,6.734791455192263,4.642378247164635,4.492366246090128,5.7028227025043154,7.795716781336265,9.003736227337454,8.318905892717806,12.861068187117667,12.90616703897154,10.704916053074522,10.157854054985766,9.839004015691021
12.958179621049233,12.830644933557307,11.531819412109908,10.923904323396425,11.406576984219553,11.538348406487751,11.428788194777196,11.517393357361215,11.40588408554567,10.42575940112483,10.059425207426775,9.764962059882675,10.618463174268992,14.234097141842913,2.0461080567759957,1.5457314432077718,2.8093863340222245,5.253287612771272,5.3652573928780685,5.780497599336571,5.750084703057861,4.338437846208899,4.650641989485687,4.442416850744708,7.405127373862044,5.71947568160586,9.883061795056319,8.41733550241972,8.741998649795532,12.07068795038793,10.329825897121811,10.152836926807543,9.805669567062896,9.235534626625762
11.85766876924803,12.826113443631812,10.404512114702928,10.983626010734547,11.030444634247079,10.798478770741474,10.932537608391609,10.932927065547771,10.533044755882736,10.021788288612205,9.620550627522466,6.37141597676314,12.204753615150722,13.900091776377128,11.725431228374783,9.704362181910602,-0.11087492283090129,6.205904012717612,6.955289515615465,7.618720890748138,7.2925171417501815,8.59031663830207,2.305093837220239,5.057753948648858,4.950442755453738,6.263554691905649,8.834443666028807,13.083148023692377,5.2650122321495285,5.610328197757506,11.989796908328712,9.413725283086867,8.536296918074608,12.113682442191475
11.177981020618528,11.147916497042022,10.803724721877078,11.508183589708358,10.879612776229955,10.51290608640204,10.550365586789328,10.004375665319644,9.832974863726887,10.168096630479209,9.943502702850928,7.657189019402389,14.52963103317963,15.288749655267036,15.528724830941691,5.29826206995989,6.0079895159503565,6.4959534428582675,7.261154436447906,10.080477065763253,11.34309231608576,13.01118763795384,13.456233794201344,4.854836889930077,6.726341029307304,8.040508961754023,8.367893024443534,7.555960579310424,10.289074309161327,9.383188963541508,8.056414895364007,7.64386005212006,10.759710966527773,10.39525934052816
12.194204337809214,10.902896560600288,10.211671200874251,10.487210323735294,9.86434844682433,9.783901308437256,9.492840787752764,8.448950362532617,10.251341606590476,9.825223135522489,9.810563382100577,6.320688004694672,13.078682353649533,17.633459696558415,7.23316193399604,10.711292004975485,11.949556648528151,7.928355903038676,6.052663943946889,9.3639084672044,11.371184149150238,10.629795512523307,8.563337766668319,8.133953963016902,5.601693577772798,9.596887571092635,11.604914679276554,9.877847987682427,9.888653851148723,8.146887157233113,7.6824940719221475,9.10541642413612,9.010395122706825,8.576022292782387
11.632329579167424,10.827682433176314,9.526815555350822,9.427033185124255,9.13303259455293,8.686215749302882,7.095656508304073,10.293223949880751,11.029665801830479,8.498122763367173,11.946242423684334,7.563517173699344,12.716816988864705,13.765498910112616,13.600215488003554,9.593360118576422,8.895880850791032,6.492171550924237,6.909314625758921,7.33438573337204,9.135558107378788,6.475449160295075,13.979265129636943,6.199996315059559,7.615979782837737,5.29948764911189,4.18745518720344,7.756416836307527,5.728138278350498,5.384976426495199,9.175892513184538,8.118552362493825,7.86629183927583,8.504315133215606
8.641530905690217,8.425823577988428,8.49360056289467,8.044905341908345,7.473048632437534,10.012630213267109,7.351801189696417,4.161840432442839,4.500894900849915,6.996318914677287,11.82363283452988,11.921518051046057,10.293751397781989,12.019409386767705,10.090728608287833,9.320390461181427,8.713602017440051,8.908318355237586,9.305172956214292,10.236644247117562,11.720096378124648,9.6459266113523,6.464253176354553,11.907272032716811,5.006995742878717,4.426394863054133,7.621923725439645,8.872783742423088,6.210587012218887,7.21530188000687,7.4872002524798145,7.26034028631575,7.059785746332011,5.935573953874346
9.38324644632543,8.098247624242411,7.128715700779088,6.088536136081298,6.949863754487495,5.5182078965936165,6.060342364834101,5.548405157362172,7.853864381203823,12.490582114357514,11.827016401197652,9.935631116119003,11.167730023275736,11.674501525414106,7.758760525737633,10.919513700586865,6.798912181490045,12.139001168769093,8.115044337163855,6.462618024644486,7.124849514477411,10.653451689297764,10.446690090709353,6.0765518620301435,5.893776650331711,4.644348323242932,4.581683238764914,6.634285889083582,5.090689931469074,6.7810927722909815,5.330572606499296,5.943423218865751,5.678561208999597,4.928787660205346
7.846871944185411,7.427851528426765,6.6235099800088895,5.683947481580132,7.150603231643505,5.367138490158283,7.610466426388569,1.4507545504531865,1.6589461859216472,7.998966434694036,8.095815708024817,10.288189385206406,5.092094529664553,-1.3480022775656535,6.669777126983566,5.042417042273576,7.936879771505269,7.992930490767654,9.48206673301832,9.969390309733987,4.181158615776109,10.188714252603736,9.608085814658676,10.55688197648321,5.044290463076981,8.764515103804804,5.207167965543064,6.488224762748022,4.958503415176726,5.4270340292182695,5.022832256611323,4.185346079801197,4.222826810102481,4.275046169798867
6.847344599607002,6.532778058453362,5.981112013953436,3.486664340961582,0.8751992353424012,3.687527241599495,2.973250155186894,6.055945262374599,5.118772512233252,4.882452838061983,4.28526248837828,7.992943825880364,5.0247432700027455,4.562249755324948,6.625551418067337,8.498879652895361,5.08929743671617,7.356167828510689,6.636183748908584,6.178924288660718,5.782950650586815,3.969694074516026,6.27284965455811,8.283376740042891,5.577840175911593,5.290417504383556,5.19026130671028,5.390468266709096,5.9843211999528325,4.434250734465345,4.039243234478696,4.435634553532111,4.554131807806557,4.151608139773604
6.017671598157765,5.847611294413834,4.354630523957635,4.137616149104549,0.5125366185779461,2.7393636744976435,5.219189221731584,0.6056825226107948,4.915054442134097,5.713603554523191,7.178996488167548,9.999062153935242,5.188039677630802,7.846963348132501,3.99381259263762,6.97096810600649,8.847149729701005,2.662383822859914,5.151081764903412,4.178767235051899,8.862189870817842,4.566563957719075,2.9237802135877224,6.131448423869904,4.29592702012888,4.623068520670928,6.14806738341048,3.1247837810997163,4.538819316691298,4.008743041746161,5.666606244229847,6.082217956005787,4.9911008685153115,3.7905680712640977
5.860416526513741,5.848465617890121,4.443431351478883,-0.7767252839738586,0.6408642101782551,6.008919456860836,7.901259567825046,9.279728476044282,2.9735536622291976,6.690818494429152,8.222344683590325,8.079885297333998,2.613380567658084,3.161412974962557,3.0219853354099433,0.23098113055612174,4.902917934026682,2.4140673816855975,2.809265912900922,3.3421721170477503,4.9408526683171905,5.240970992780757,4.748696807500749,3.2986000175359904,3.588388122977713,2.96577443497742,4.552092160172624,3.46294045815221,3.961144575642446,3.193854823134672,4.276417132166022,5.226826976339189,4.68163071978691,5.400483775934845
5.877834673859298,5.777826592060574,5.388785554838053,6.656307570706168,-0.2152363205648787,2.20628501353298,7.22276809281301,3.521153955973841,11.035124843529728,8.698775862614543,5.820254916095937,4.5217553663692,4.384605016038787,5.83701098837214,4.487703977214659,3.844597695577348,-0.21826153559121655,1.349699856853111,2.426633842147452,2.2156814983571147,4.022851822513742,3.2079272877309664,4.115760592630969,4.865329634145876,1.7089173194473304,2.8084843116582396,1.9460705057219863,3.2861734236337266,3.9984797036265167,3.852121376531747,2.2032792305853737,3.525907634760555,2.27425968764561,3.4729043287143995
5.906422456487474,5.419465700425076,5.563631242200044,7.2362016748762334,3.8874882915398508,3.191208987032063,11.320647972070677,5.277996585622283,3.0923088358603463,8.869362876965234,5.544038968079648,4.646248947267233,5.585468139534696,4.368618456259071,2.6921188787923893,2.5710906365606614,2.2193020318859307,1.2700483961066578,1.4262142942945477,1.8961983819082693,1.676388342817977,3.910700848038239,2.683374625598122,2.63224431193997,2.615661499127132,2.1669019139725294,3.033337182455955,3.2781686477365004,2.3723368618833054,2.3156173840626715,1.4962936382639693,2.0334873653883077,2.6400798165096044,2.735753932804785
5.321555036378964,3.2810935496323586,5.2258300912517015,5.405412435587894,3.3334988891937165,1.663447948662519,1.967642222251185,8.074739552867197,7.828064725688302,6.344551839304956,4.785716797892019,3.5058482426610733,0.8330719994329092,4.365832219757957,1.7392316295864179,0.16710414097448723,1.6657961981384912,1.1322690528904926,0.9402581222391984,0.8365034273123996,1.3373129352288857,1.5471164827927861,2.2880220027281983,2.118833426542853,1.9524876383821053,1.9574223736413405,2.1725671138002576,1.4776084828996663,1.8722392084341044,1.8368889103135504,0.7425410572254401,0.3488558929525947,0.47451953447400524,1.2957553149544838
4.861385836832579,2.516030109203777,2.7806950099654757,6.568561433787292,3.441576391884183,1.033743553106719,0.39679012978470973,1.4053945770305751,7.152754621756997,4.360947302991699,3.7574650328073704,3.420125389923163,3.467887505503514,1.4224250772981444,0.40948694052917806,-0.26589509960050906,0.6352894888414963,0.144348191841104,0.1680694090655109,0.0018024158174303163,0.9684646092271645,0.6354561040989178,1.0980630192998735,1.635047802155122,2.405174107122478,2.3591143467667672,1.0315024559329138,1.7163340061959598,0.48404443737299774,0.44866316329363853,0.4780658262284406,0.002662584184468207,0.5549467786425809,1.9096522995657486
4.478466261234631,2.451430636785567,2.6347357098644655,2.1785604024810477,1.239558878038097,-0.011784591607235734,1.2533691313301416,1.4856757659334119,4.269145532284521,0.7752671345180235,1.9423689390510075,3.124078699904453,1.7540299004117648,2.059197452894663,-0.38357821070224773,-0.3773718361430783,-0.6560394005491808,-0.8559253370235914,-0.373459648481767,-1.3827557100044998,-0.43940180097738396,-0.6068053725629802,-0.49589484117405674,-0.13475047001365215,0.8632138612470859,0.5237182579341406,0.8730551204211767,0.030174841864484717,-0.07192708637532426,0.2907705634183837,-0.2682564184719432,-0.403122276634911,0.9583811960617352,1.7888749375632338
4.1985329189193905,3.464214028206265,3.4102923332796915,1.4987368345034087,0.25772165073745595,-0.19277203148810676,0.16505283752385605,0.41829780167375696,3.427568285663302,2.6379628159624766,0.0720842480620689,1.05096364624723,1.5810696911108126,0.27048643420430374,-0.1940836355526458,-0.5460603174971992,-0.9458336258201744,-1.8721476511062949,-1.950885016730039,-1.4741870099764403,-2.0127604106690415,-2.1954595886287165,-1.7388365384600795,-1.8171508892639532,-0.9130363171373199,-0.9730583759189263,-1.486102223124746,-0.25803412061037984,-0.3230546773052908,-1.183297838472455,-1.3026009090818544,-0.36701373522665326,0.17722865455364176,0.8715088302316122
4.217205767212035,4.349327437734095,2.5299467004290426,1.5997720589213815,-0.14830696262859244,0.28308347271875334,0.24376130821256264,1.7205697214910842,1.0007639414956313,-0.4532421709182423,0.4004697296881431,-0.6344931636467188,0.7522614166072387,-0.22946868904239343,-0.5066166325691798,-1.5209687383571653,-2.0624475654842347,-3.0082863316845296,-2.9508120695346736,-2.5297987045653034,-2.7776332173352056,-2.935570110309887,-3.205000107043165,-3.1273392369213986,-2.543399015641496,-1.5330403996048014,-1.7148860786400872,-1.591732012794682,-1.4036488926945494,-1.8329173260873866,-1.5514353460045853,-1.0305927920654645,-0.38504604353692523,-0.3494251774227904
