script/wind50m.json
{"header": {"parameterCategory": 2, "parameterNumber": 2, "lo1": 6.000198445256149, "la1": 58.999992894266676, "dx": 0.5, "dy": 0.25, "nx": 22, "ny": 24, "refTime": "2024-04-23T14:00:00.000Z"}, "data":
[rows 0 to 23 of 24, columns 0 to 21 of 22]
2.4165038310692535,3.077955747818632,3.667582143612447,3.8199058473950966,4.7053973118283166,3.289736943901429,4.535762838064858,4.961395252842616,15.061990094866246,5.136697149508209,1.8992258826891264,6.70682613006295,1.5494992073037788,3.27727202336707,2.8838682006257645,1.8397030876118028,-0.9306919456438654,-4.456304491082228,-4.753303188875437,-8.122276020742605,-7.261448319161437,-3.304881763560688
2.923592934591605,2.26123521629143,4.219430438570461,4.183013574407252,5.163776697726697,6.794490489415632,6.430571425777621,6.129607887080565,4.467350333519604,2.87425886775699,5.312305979550078,0.21398151674536062,1.978021785129141,4.405054169970302,1.0185412169740033,0.7452948824315739,0.8352635192806904,5.599642957252289,2.265894086635347,3.881359369878269,1.961573043522428,-3.5604256092642252
2.630497078685084,4.011672903949494,4.44913699026129,4.448605653158924,6.815861898720506,3.7603917454494873,12.059906069730872,4.73367240523305,11.70751510866597,11.98530602803422,4.436148315057395,3.8634533038347367,6.240348591161674,3.9221553596144614,3.6515312831725097,2.5424766601667033,1.1021487213234906,0.6057580938852251,0.6381997399549544,1.186256080170978,-3.4417847004479234,-5.811448186869495
3.842527644523601,4.450972862580973,3.9221711811507944,6.1822285812767985,3.0596847038353614,2.826331036315193,5.477286575804928,4.838089840331726,6.0355317407113285,5.858480435471659,6.866758165099954,5.172427909660572,7.037605993443889,3.733507577745102,3.5048223240155885,2.3912305146399744,-0.04739730701529693,3.9242010946567656,1.5607430713828168,-8.096900897775367,5.354741277709983,-2.0058369408949606
1.5976639922381062,2.4928544844941065,4.2512876991287545,2.332017699243471,-2.1090761665482782,9.092795201275285,8.557849043052578,12.122453519296077,11.426841740136211,10.797147566076436,12.249765134917471,7.264640615301088,3.989482815771953,0.787194786760412,2.1703907105963323,1.8672140153395407,3.052777025214887,-1.797972521449338,-5.360191637413719,1.2724268947313935,-3.595412771298281,-2.8417651449820465
2.571640957683483,2.869512356522951,4.649638020352321,1.561012667598533,3.839122630765544,5.31183087774682,11.61088126421291,4.893524008944144,5.492124983955352,3.046729745047368,7.378303005734089,2.21600212092773,2.2345806950952753,6.679111009586451,3.786633659717019,1.1562947054173067,1.3834262982106278,-3.2290359016195964,-2.628201986336409,-1.8916833358985559,-6.2919735750564945,-1.560252446949266
2.1631675136342565,4.429725104344,3.0752466750104213,-2.2822477955504157,4.713887359598118,4.138090045131713,4.837966891147525,6.3619781057016205,11.112504465664685,9.834612496106338,4.9606836726534524,5.093531018181849,6.027050361174733,4.3629360375949835,3.393693939123402,2.055333393909854,-0.034561317683789235,-0.49049389285744477,1.2351607980941344,-8.493034120659638,-0.6419765752563221,-3.563372161092412
2.6240061696819543,5.177532900525984,2.4777838085003427,2.2562994548151396,5.028651778016907,0.8888004197380837,8.17338151173131,12.18417257005994,4.701420753782977,3.968655630522567,4.200219509918206,6.319132170189966,6.279505925963712,4.8762213997775055,3.9409652402062583,1.4823742873596057,0.8580662829057948,2.7779199085398525,-1.3433373456480622,3.9799374123731925,-1.561729761261474,-3.5601936526561695
2.802263756376883,2.1361367338796518,3.6988813244251206,4.606010117859935,2.3266585474619985,2.669048922835596,11.849030001608922,4.357139037879058,11.168666081539602,4.8687297735090365,5.20897878154518,2.3944193536908744,3.5258439982254846,4.541966030528655,5.5014636294498604,2.470780970865315,3.699597409789443,4.312777498406879,-5.866073383608983,1.9011093072867524,-8.935827711129917,-4.808828233770626
2.656449293239683,3.3063524785791256,3.169867683384956,5.123215405861086,2.295289004161063,6.603078137111418,4.49939127249931,8.991062254560987,5.33558224285959,5.597780486216964,11.38850242669139,3.351500310185786,2.584863839981841,4.035194292676104,3.3945667453046746,1.8153307741502698,-2.253062004953844,-0.3658102825826799,1.936683091163706,-5.737502984446874,3.061713815151774,-3.5705768567608978
2.4087389920024744,2.8132465927220704,5.298044816149777,3.602729058943973,2.504094653403397,3.371571167168845,6.420054483800048,4.169455064653203,11.13206055592594,5.935709311926736,3.798142319608724,5.408284035324096,-0.2558183774370899,3.5514758515335934,2.945344669867727,1.7292195064117137,1.403986063366247,0.7840830530056488,1.9787779094698807,4.23977618066686,-6.137312305170455,-4.803367103751819
2.692757802951428,3.2541036485193273,4.7795131667346995,4.343811419916109,4.262949880855201,4.232045518947692,11.991979773556194,7.808855980424987,5.251545462380014,5.254720177604456,6.7607951425424595,2.482803556956606,5.910605757184877,1.8905278419173277,2.099808503741369,2.0263343719792273,1.522564405818114,-1.137449759491181,2.127790372616594,-0.39259008654006783,1.718838424158746,-3.0110944543118805
2.3859864080924167,3.016194478127485,3.983224497358982,4.187511914485964,6.3097345068831965,5.4900075491886655,4.871699899941236,15.391260844344723,7.007988924630495,5.904330441939055,11.264380356739526,3.05404825391476,4.374884461902119,6.193990713281683,1.128739060246571,-0.023408600786398316,1.2150293304355986,-0.22244395033749031,-3.7853266016505756,-8.494404539522986,-3.2873081644706965,-5.269713761252662
1.92848561120693,2.885821661971228,3.700434931153947,6.1523235866616215,6.900970676505552,9.494630446724218,5.623986272044668,9.45282729961907,4.929698832763801,10.853855240108263,3.521604289550047,5.518838583115093,2.478450485156557,6.628290875904451,1.1252045280137402,1.8645899879168686,3.102247106604054,-1.2002892590799183,-5.885148576163148,-8.055610524765427,-8.458306278866532,-3.5851697693340117
2.8259081639173864,3.063743298213713,3.8762963063463056,1.3994718512398172,2.332778523971071,3.056938552885724,12.393682879937058,11.867304036850605,6.455675860118031,3.050790975733959,6.305049337333203,6.064199732384543,2.876457904498801,2.6346224498431092,2.45190856887496,1.7717321420657561,2.0296961868772807,-0.2603162489627019,0.976338609530803,0.9224343095463942,3.1203026095857624,-1.234331590076605
2.5716142931557595,2.751932662482968,4.266888303352288,2.5783082897621137,2.6870621559802745,2.734554621850362,6.721257853434342,4.354094383033823,4.162792192449119,5.481742368073336,6.944843114078371,0.28070135839614646,6.206954065339917,5.296091054907595,4.4031196365423435,1.6669869924469878,0.08587186275540887,3.1043194934579104,0.4964404888774782,-4.346086378461551,-7.346545244614422,-5.9953479725987995
2.4132014583131873,3.0891978273318808,4.044928855321993,3.4238627085897795,4.675611373794277,5.993134105094585,9.627054934270001,10.296529933961079,6.695463686988806,4.076755805894152,2.5041098950268665,3.4920063373778536,5.420760150461768,6.255322981860251,5.079722564846293,0.9072273970999731,2.284101215715901,0.9109873530458216,-2.5262808593184736,-2.0182154949184334,1.224240991906896,-1.28886392476555
1.9196311037118252,2.879809322796642,4.028842013704596,2.931336058421728,5.1254835357830135,3.7181180728621532,10.943157003284108,0.9713337867844738,5.6175606651149925,6.252072605200848,4.606155742879575,5.645787812211758,6.486779770898617,3.858955981357401,1.938978781022373,0.9725354247758968,5.762827791663716,1.7143677410318778,-6.112858222859945,2.906517933426485,-0.9153893058184586,-6.022697343269968
2.425622232033626,3.075865156717458,2.2733352891186622,3.9900850567977826,2.245149575316133,4.2492716673092525,5.575063239571866,6.226960606531162,8.219789357122878,10.384907764104929,6.813796203083753,1.5453682987750064,1.300887047997158,2.13906147897357,7.112218177171422,2.384347974568382,2.106658829551822,-0.6857052178189574,1.428343045892988,2.4457965445108747,-4.915465889294509,-1.780218425418653
2.4956879150047055,3.326853345961851,2.4853698061613794,3.7808512382910693,2.1847740107547957,4.803262647846308,6.182980165359887,11.36470513260338,6.080172443700443,2.7880638995510902,2.716474385543499,3.0732775956310125,1.576231586252,2.445374185285264,6.761393427101621,3.2951680310038736,-0.7845304509209805,-0.8434045255541129,0.470552245993066,-8.178618776242297,2.4068689863343127,-5.9217224893169185
1.7531407529214216,3.5469654781542,3.426700814051107,4.6693431324216,2.7279407459329006,6.106497628802488,11.89457444751855,4.559004380450851,11.364424411450448,3.8506885706063536,4.740069938004126,5.138575839506848,6.09656081324321,6.169946865380512,3.482570964628363,1.8686759718491939,1.1791120202195005,1.76011281079908,-4.968311229726249,-0.3702449971801925,-7.045614407966008,-1.591861011757576
2.686509965070975,3.2386148352038013,1.9493818399128426,5.272756103521851,3.5331914873712362,3.139846785595414,4.902708392196239,10.855049709563612,5.143174018348643,3.0076557324917563,6.044495981364234,6.106471196241527,4.050265551485896,7.14911706676012,3.7996086630352828,2.760150241948881,-0.35068448380066614,0.3602202768305903,-6.3197898316880865,1.4841904416537062,4.914992516606248,-6.506314004623006
1.919752146880059,2.8429640993688094,2.2157731661810165,3.3730000153002435,8.815327332806195,6.028826261724142,9.24739398616678,-0.26811911802576993,6.42136744238423,3.746056479774669,2.7379411825951174,3.37355565091567,7.601444991757131,4.081442956748628,3.6840679755372134,2.7344508557767826,-1.1941164464916099,0.7003741739141773,1.3116806656798088,-9.2465457440641,-3.265165556298617,0.5277307646465422
3.3307763309532628,2.8190547652225044,4.0882323607162325,2.0303863937586573,1.6105326661476487,4.479032636194815,4.04138850771813,6.2309058218829545,4.969379271420155,4.1530140476150565,5.511765088823197,1.7662655099550306,0.8915248237830441,6.370356857781165,3.7067223626908232,2.2756059723054416,2.2690877643322667,-4.634779033310079,0.8724481488385029,3.6505982514571538,-5.2995336906645765,-3.091035018881635
