script/wind100m.json
{"header": {"parameterCategory": 2, "parameterNumber": 2, "lo1": 3.000054539987559, "la1": 64.9999836372058, "dx": 0.5, "dy": 0.25, "nx": 34, "ny": 52, "refTime": "2026-07-05T15:00:00.000Z"}, "data":
[rows 0 to 24 of 52, columns 0 to 33 of 34]
8.905365289867978,8.442871636685066,9.495501626557031,8.842548727342232,9.41061890752316,8.74194290850434,9.807298316765046,11.57289906168844,10.211021736335553,10.43908110953789,8.480889958323852,9.379667358522742,9.51113027667942,8.59970253250048,7.8270137099063035,7.853801805626776,7.191056985158019,7.433770179495489,5.48534555058384,7.712396214662048,6.920903717822663,7.458177297731885,9.1512846773575,7.965468578335953,8.555988071458057,5.607604075718583,5.004552155119556,0.11859674020379812,-1.5148245098091024,-2.4971926193836484,-2.1490132694973916,-0.7685273763585565,-3.0048083903180602,2.0840336835755506
9.300350220172358,8.876164027933884,6.146603099117248,9.852152786981996,9.870645794388714,8.931127231550606,8.782126925043631,11.04590905409045,10.720905134915657,10.454743021900255,10.352021696285744,8.051107265849426,10.046105895257798,9.826045403958892,9.66493918594782,9.007831211840179,8.38547468394742,8.767973583904917,5.514998774363814,9.719137850840843,3.946397096037296,6.75313235802874,6.0364562085244176,12.87870270793881,10.841014350746804,7.650645144090835,3.774162172265637,7.420643132347544,1.1369453079252754,-2.5335632601606357,-1.9974725340485378,-2.401452488951549,-2.723229512704631,1.5286460885289552
10.379894301072673,10.476844325088429,11.172943944889946,10.180281157416461,11.069340923073645,9.84831275198178,8.082765405630127,9.087301281642182,9.956425955355487,10.326708085647505,10.547437747902434,6.693504171893046,11.15035256754908,11.563097258261154,9.976475587233262,9.792524912502094,8.902582902217738,4.4680821143979985,3.7477571684190987,6.087335613518571,7.840146798530278,6.63685753263453,6.468830334037086,11.60541170513137,9.107753048508505,6.707740317171077,4.672797869774352,5.203644575520245,-0.2550279197068588,-2.521899698133605,-3.291195343686803,-2.1923614942286354,-1.2168916650066943,1.2116368677322948
11.25588908535353,11.587707821878087,10.545419694378293,8.870571435709445,10.10899420869108,10.27426483960027,9.843025051461183,9.005578516443533,9.548307011552437,10.015352062442897,10.570766548795817,10.406600810163347,10.767304795606508,10.08640359533508,10.30415600921437,9.29087257671927,7.356194521249832,5.808059891709343,10.739303971157023,3.4096343212794493,4.852399109223361,7.969229795257628,11.07362896213139,10.292106521096267,8.360235569154158,8.017585209724311,7.198643862811617,6.447112959260388,3.406296485497116,-1.723215936861173,-3.2031984449226933,-3.564317526190325,-2.432450343010969,2.628285512186966
10.250520408802787,10.49744013374784,10.769233608284715,13.961752222382385,9.13828187005231,16.069580244677887,10.869830911682087,9.088520756806922,9.708654471976548,9.817961716787673,10.706969093218428,10.852248302382538,10.638666537186321,10.19403473872601,8.715021595826464,8.155036353917062,9.890698215332955,6.689294811940923,9.191482581240448,9.711319246965562,6.488154473787602,11.23589105829344,7.003367395363157,8.466403787462053,7.774263733487936,6.391228199191121,6.694459048091891,5.700293354860307,3.9786978985588455,-0.095739967051373,-2.787872643038152,-6.395845264019233,-1.7265575291800035,1.8244747720765142
12.948710554560073,10.907121552291299,10.998716088697984,10.618880816517736,14.37253590814376,11.53181507585798,14.265742378420127,9.903259527834313,10.497253698551882,10.387657987684545,10.261885163563678,10.361772100631914,9.949524757131048,9.217919794917458,7.760804852510282,6.617778350084149,5.422560032772798,6.819426851071902,9.735626734210145,7.786667501803546,5.0769813769368834,8.03161775836151,7.628649575153928,7.3378037808426635,6.897754454141469,7.69911568652759,6.366517499900267,8.246389636615927,7.783989264533498,6.4589722269528815,-3.083000342760777,-4.338829134257129,-1.9261743711053319,0.035225087907069616
13.449278842190175,15.445319202061365,15.877194627742927,15.134346098641307,9.087344907079224,11.019267856732087,13.954946887159563,10.428665902272064,10.406240284313737,10.326576842972452,9.944926063874552,9.900740863128693,8.699142257685892,6.979763706556612,6.9830617030587465,8.013102363456793,6.302387542659138,7.506771863645915,8.610818600833413,8.690613833078167,7.59086889994509,6.561939442302773,5.250167754433661,5.1585188145596765,8.084585020237913,6.48428311546561,8.069492913950524,5.112826899420322,6.564624526324535,6.272853502427766,-0.8485924032784367,-0.23950670039787816,-2.3978360706088653,-2.2042388027536295
14.308036448635356,15.497695307642909,15.321669470131555,14.010243198487252,14.84145608940532,12.406687815573221,11.845645848189688,10.363006172611088,9.692110084159872,10.031838127740286,10.23684827583266,2.710770607380897,5.727065332744737,9.70753131105058,6.025453357178269,5.92282129119668,6.437913348098328,7.262111668827127,9.52363880338227,9.41733174284987,8.907738057440323,5.22700899949864,5.555167071697456,6.486601283716727,5.754261483433472,6.9212158801935795,7.9843497778709684,8.241927247770233,5.259646469836028,8.157592198293775,-2.3210300608376433,-1.1240743457074163,-3.2066915768480366,-5.088058990100622
14.108760862782594,14.209984509242075,13.687859373892696,13.030166949551809,13.223965364174585,11.241886479832395,10.797674772543171,10.381646297070022,9.609605943449253,7.733576128953195,3.402142727058574,7.372607312809928,9.437843433875557,7.881319881982542,6.547137856036927,6.794940710231703,9.011543748102687,7.055713138940415,7.157277902876821,7.718416204983004,6.997966753842771,5.698621322763665,4.744415168263536,6.412834089351354,5.8391560269306115,7.223533415158103,7.642653167017092,8.852820482016567,4.168406254478715,10.017067654137302,1.7422086264977017,-2.3508106472512704,-1.1816508500463982,-5.711345687040382
13.143322799358824,12.762593056893175,12.12132309674962,11.386300280018853,10.912723018974772,10.139237255256214,10.006688354692535,8.54669694096634,7.955566555598107,5.403185471707926,4.589293535400929,5.221640608938835,11.625290378799528,7.5796096658111,3.938892629231791,6.653582600188303,7.15048620493284,8.260842265380232,6.326948652714288,7.619335493464989,6.33669993556643,4.724955389538081,3.3005206140106225,3.646659751140619,4.6737942901318394,7.1667287187701465,7.654649967577266,7.916034186553291,6.977418234608976,6.975812843949372,8.546944350355258,-0.31115745696684327,-1.5326936821724373,-2.162829133469013
11.606977377597586,10.958445603495202,10.483187735651898,10.299683362489873,9.44715753509864,9.052332280379963,7.7964860524291755,6.672110779784043,8.149679579051032,1.4157064689572267,9.135036212860323,5.668315900438019,5.781282987850307,8.072429592978935,7.951396398717217,6.2744947718276824,4.978985044334281,5.682174356683718,8.229576198553415,5.304717346171242,6.236530880442168,4.685096004883934,6.422000726869171,3.150246120164527,5.226578130954921,5.228011450307203,6.7195626889488915,5.0990828623886895,6.572746783908042,6.797430563500911,6.556319227501379,3.7171868774765504,-0.3530175622385573,-1.3634459774429581
9.902301545227596,9.609630103000764,9.235120842514757,8.619390954173316,7.8708486931960415,5.847922666610985,3.981604121024961,2.117705905741943,-0.565742288129456,6.662669855910817,4.999477184674027,8.227094956184281,7.697328513781133,6.718406304859691,5.9462919926664926,4.612194687051668,5.287414137114299,7.8262424968109485,4.453404773288211,7.050273826289997,4.396804152482872,5.650234849330698,2.4879403274525487,2.7140701553954125,4.118291345910015,4.389425204302594,5.793921633285688,5.064041679413387,5.300557288950519,5.922134145019597,11.512188220549612,5.7018025265322025,1.8146985756043716,-1.5472375176549864
8.47538981493152,8.304857893172413,7.660366022020809,7.031296846711713,6.002808435921984,4.740275552005714,4.705847516891392,5.253225665429102,3.8613064558131414,7.524099865563406,7.843573378096912,7.946857444421416,7.499528911289274,6.854121131871713,5.553780294876415,5.779694170881639,5.384361209784328,4.860433694350797,4.944068790895397,4.398171511018254,4.6034351100398245,3.5924529030592813,3.982397845328266,2.9971653910041858,4.160279896623453,5.628973209246,4.463999709852369,4.085682199270559,4.708694919282415,5.860860801105329,5.951430328974454,7.317405736187945,2.9249806200616284,1.5362343289288707
7.446151341829612,7.202400074717911,6.817578901107328,5.710465576812216,4.809186212717803,5.375873256265363,7.042160202257587,3.841844563497803,-1.957268248932448,8.101865454382128,8.297072951387158,8.468494255738365,6.454037410392325,3.295537947602658,5.616842709552269,3.105192877953714,3.9527752181007347,4.393983670206092,4.711534976932707,3.7976406097339606,3.4790301729616826,3.024810251990032,2.422478854087136,3.3566881149295846,3.7114092925887556,4.4317758641818585,6.693491126074171,5.132958575009922,5.851218119813139,6.932744034692827,6.76120220469324,4.027766032269676,1.9316093362690347,2.1027688785775163
6.646461883697304,6.181721485540962,5.553921496521529,4.638458217293412,4.431630528985913,5.034292305397829,4.317867514428672,7.6525502295120225,5.306831409289303,5.291088821258373,5.229134973094433,11.398737357459572,4.669260662224066,5.336554628775962,5.426643529509453,2.513795030995525,1.8353629073763649,3.6243929105980923,3.5453833058635738,3.0671855533071235,2.1939903258658404,4.101753942612683,2.3341315314886337,3.6413899619184846,3.115138286918761,4.375906942146957,4.5786682518614485,5.466600116243334,5.1455395979726655,4.0368144425676915,4.476293197827937,6.482944869884871,2.8710115307455544,2.0977718727908403
5.414411764071609,5.000126372571808,4.548228075024967,3.931388718352083,3.8430728842297674,4.34797426334466,6.23580099795781,3.3229125885458366,5.442710943062,7.627620900909685,10.196920996264902,11.368571614131357,7.0034456813941945,2.102372522063748,3.7905172154865996,3.3294002117320134,3.165787743522305,4.498146201625544,2.8572406164059236,3.441031591392653,0.6300526172845444,2.8720767226358035,1.6469560899652287,3.373182890592476,0.9321253712084923,3.654398823745153,4.786670920781043,6.509028396114231,6.68037637157508,9.302808581115121,9.838502489209036,5.580351981771078,5.352128858956662,3.3242906951874778
5.10416483039183,4.171988973437335,3.6342898942487953,3.7252168722278465,3.3366326355991665,3.6250871812828107,6.062856341470032,4.8377465933593955,1.3134825215884454,4.7426380801792645,10.000880978303034,9.499252306145129,6.63113397511855,5.569478760889744,1.691735928005611,2.5223748665242773,3.1376554951761078,1.1717183848534156,1.8376508351677927,3.0764164630760407,2.2221804386813533,2.390280285329772,2.534191907054853,2.912715535428594,2.4820492367218376,2.6888128668336075,4.5474008100981305,5.559287774699149,5.949423747626278,10.771804343723275,7.231622231401895,4.96743022331723,7.6065229725721055,6.157043522826863
5.306560432188375,4.678120181990473,4.17279475338061,4.245142367621935,4.178861320866824,4.5931390775551515,4.360581644891699,4.609279507813173,8.512918569247368,7.920084679057858,6.367994057538841,5.868388994669682,2.950475622643798,4.895794408358524,5.205828827082378,1.9943376600086018,4.437178699004211,-0.15583264384271514,1.0291448422521985,1.9081677216676747,2.7760770824920598,1.4731362887208541,3.162191047148572,1.4077311273221857,2.8876496523759934,3.708256018553336,3.8582367862959583,3.6692184715743728,4.704698995439003,7.5282673598745715,8.69866956327354,5.554773908539378,5.592465472265881,8.659156055006372
5.5241906174897215,5.05825218820822,4.515333798231071,4.3550677291271755,4.434667221704269,3.2587996546279685,5.827895526069499,5.010540410941239,7.884798350261739,9.501051750270074,8.238384228062356,6.194571515334613,5.082133607807022,3.0487875740281787,2.7605217795568056,2.2880913089509334,1.8041062192538107,3.8569198836981573,3.510518619090474,1.8645633994698612,0.9317657608361478,0.7504021438620437,3.0715938343622957,2.3499611159505793,1.991770344516068,4.059404390277416,5.037938682575683,3.0796893317467124,1.3058943677916617,3.2143170961735463,4.057251240640789,7.311285771186613,4.977545613530186,7.747864322210048
5.1045376952978145,5.041014701859655,4.380203288663702,4.334250519962033,4.442527113130223,4.942407984999887,3.2985097095178397,10.374636642358848,8.506947505900504,7.575018682882082,7.958140340631531,8.086503893442632,3.7427866096392335,3.781788491309736,3.9160433417807123,2.7741392128634326,0.575766636531242,1.2533254622478622,1.0471159547669093,2.442859326501243,-0.1926982480573502,0.6856414765644092,2.6848089848369363,2.579949086535183,2.8678381554820427,3.990650667020348,4.940471701418393,5.010661623417885,0.01716766774979978,0.10492574855286874,2.6245610284812675,5.843676365982489,6.015497849468055,4.3245169120292255
5.029132994862645,4.977680655679833,4.592394988031055,4.284195580210894,4.58464722725143,4.499518980077362,4.097192313158507,5.746951068491241,7.251642700868316,7.568427657689719,7.138818217943267,7.6490540442375945,4.930913018713289,1.3802476839650968,3.4077410613144914,3.139668646969032,-0.5878624035357771,2.7212720743476173,0.5636540364459356,1.1995109673050048,0.9526488266219515,1.174081457627441,3.451350258062978,2.3902309826235975,2.2511774814772423,4.4100630176239655,4.650147607130691,5.497714924507412,4.318731680990203,-1.0792459920204238,2.182091195204328,3.4886005326466165,7.165705372133871,8.316066428161882
4.954120173006556,4.435447239216547,4.526762536251081,4.420046736065994,4.275470077441382,5.938739437038515,6.440981909726605,5.4437003273452635,7.399944321631305,7.351285036753835,5.3759425414514626,5.0201425847112295,1.8280478824497384,4.126699072036443,4.2467404744753,2.82329477307112,3.391539678872,0.7309261807895566,-0.05998974347007334,1.2377954398798583,2.287710738905917,0.8996261700688558,2.4219236813900373,2.585975523328045,3.6169784993346554,3.7065846456045515,3.93739739027575,5.864577427606941,2.7803472589944924,-1.753742721092035,-0.3974747000324313,0.7805746973469955,7.299097870764356,11.671022644888065
4.750869100304827,4.507208506007133,4.355645775733305,4.575924585700227,4.3419992429887015,4.419050436446874,4.8321088280125135,4.919362144550514,8.967324699646307,9.239623952887802,4.718928891094299,5.125786788714811,2.8104798581069828,5.049647974363382,0.4937900198370323,2.858635861734063,3.216939198182242,2.0337575641757364,-1.7030045245904635,0.9344152181189777,1.9812506462087105,2.4681130949725874,2.3508429209563233,2.951483456487171,4.863861898220629,5.110591093893572,5.611431213800776,1.905648994171037,1.6992787217335277,-2.876858735804242,-3.297890561336568,2.993376921394669,5.239943097658772,7.452008923420658
4.736725511977777,4.634053633129216,4.678043410120845,4.719574763315051,4.816389205984677,5.903386976579505,4.313475262777148,7.211726874229167,8.807359844689287,7.242712180702064,4.9116767071537915,5.7542329343859855,4.219759676559872,2.711780793940559,1.5741018011913668,1.4052421158342214,3.4770014148583592,1.0613747086672791,-0.9440248199148137,1.8537456189071757,2.907124711218623,3.4457878940879447,3.036858517192847,3.9191882920423726,4.207514511634787,5.32099912374181,5.738492002226263,6.278115389579959,0.02328824339559286,0.3087813924697371,2.9116305550243955,4.069918716622003,3.207267303850532,4.7282455729131
5.162092209892407,5.068972609905715,4.873900631361371,4.961051967128737,5.332384514624804,6.855091850602115,6.546919157360932,8.239481782421466,9.300610160045018,6.711270773135435,6.0050798141303545,3.472846987063142,3.9817912237037505,3.532988648501521,3.5014603883148245,0.8343794426779915,4.23677524361936,1.0226961477963774,-2.564518668657606,1.6557196783097252,4.666844008912585,2.8272437397229417,4.35437447049861,3.334904668138359,5.942236154554227,6.406662105858673,6.749658659832849,-0.32720745982717175,-0.6260444575666114,-1.4222674051618165,4.768322264111842,5.861332556372423,10.294687458167344,1.6811676935665953
