script/wind450m.json
{"header": {"parameterCategory": 2, "parameterNumber": 3, "lo1": 3.000054539987559, "la1": 64.9999836372058, "dx": 0.5, "dy": 0.25, "nx": 34, "ny": 52, "refTime": "2026-03-14T17:00:00.000Z"}, "data":
[rows 24 to 47 of 52, columns 0 to 33 of 34]
1.6348957311976697,0.5437952016725978,-0.23775833089560058,0.752338251879164,0.35962913517362194,0.2605041274314316,0.9700569124875168,0.7853334470797201,-0.0870520397007154,0.8234940202603236,3.568270156298562,3.641473079462026,4.01357311350172,6.773904569811795,5.288080313484389,6.032461045184421,4.974235281047907,3.6396634638084278,2.9368748841833687,1.3720403113066293,0.5376322781548317,2.3414131540121574,0.9725849379368965,0.2424222015265438,-0.14934122934790287,-2.3362209082425824,-3.1377608804596218,-3.792823079114946,-2.9436466408801416,1.1481894374379398,6.017960300157952,13.156787480726415,10.250385928294053,11.692150182615059
1.8098559762957835,0.08788064595877988,-0.379033078699058,-0.6010083933416631,-0.7128835116253828,-0.5611174595008521,-1.0600924737192015,-0.3401640836302452,-0.2913611779160203,-0.24308296923418374,1.0276516058959895,3.9188159734060353,2.5344370185218588,5.277074786051758,4.176050249566844,3.7348223110168135,3.290416888694873,2.9695738886027563,1.5787276748955386,1.0674317108290015,1.819416681751944,1.8052656798967748,0.9410948569226991,0.6567291444988671,-1.6987848096513283,-2.961363947706619,-4.877833606728697,-4.142210996016828,-2.007667057010185,2.676043799523556,12.41095871395411,11.585635393004566,12.07211229163966,10.593314049936318
1.456304671931421,0.4673825356694353,-0.8628060869443076,-1.6569819969280888,-1.5321611810352673,-0.8151249829335481,0.3431577468228053,0.47528855935454273,-0.06916362239646014,1.2304520985940386,1.4716786117455858,3.5579532136295615,3.2875501393832915,3.9424857163019684,2.8875767554992553,2.6461148062572395,2.8809109074534955,2.4864139879769303,2.339533947449154,1.739925252019801,0.7243019159911079,0.2938126713447992,0.15800131087360464,0.6955831133055497,-2.4371390087692975,-3.387370568667329,-5.153622261154513,-4.6348556233912905,-2.5565000553571515,6.649503717851009,12.694767275479078,10.566544821022397,13.108407023387478,10.164425568711787
0.17007946741750235,-0.30597034828903263,-1.4032210659740398,-1.4274938292690056,-1.6740831296841316,-0.8721218192917293,0.231282678827939,0.37779794423448293,-0.0481145106163416,1.1352989004693779,0.7738484001428092,2.566711610067491,4.7300383425345265,4.090385148985071,-0.01926843591147789,0.604035513502827,2.7399826351526273,2.5113795230097593,1.9614438997993517,1.2411953776664415,0.8222024983862004,0.00784261697415458,0.40521370153146596,-0.5779056074047801,-2.551686243606073,-5.22424881615435,-5.530907722197589,-4.192035807972445,-2.1669746639149885,7.080207446684161,12.508807169940598,11.977453053851116,15.914658065897898,9.111833565490127
-0.8779993356006421,-0.6171312618735035,-1.6016685084663518,-2.0346923531350463,-2.036274309113847,-1.5260907006951834,-0.3436327673840823,-0.40743003627154767,-0.29772005581994626,1.1742190245351278,1.469551419516898,3.0145585155787797,2.4581954973516393,2.2331882521155486,0.8622360928271441,1.8989129133633484,4.928874978356742,2.17171904277954,1.46204208343608,1.1142166273691336,1.0706468815420271,0.40525817622778587,-0.720228986052077,-1.1068228380107472,-4.7343816395178715,-5.27388408894771,-5.949278633123627,-5.765610450167183,-0.38099876184533166,6.62424920789394,10.209579987699433,10.84711047886731,15.864600868464462,16.872499566645935
0.3036636234263051,-1.307741024793963,-1.8277460880447127,-2.441251255568056,-2.145359967719669,-2.434357708826383,-1.3016343218596653,-0.9269153675098818,-0.08371333499894552,0.1709818282629353,1.9499975625129589,2.0181673122919386,0.9383987024541239,2.051270420854446,2.0522669760119654,1.6154191550528694,1.2403744142713053,2.928309456406874,2.4206940635221854,0.10003966492060891,1.0079241635195886,-0.020184542689703478,-0.7522997469316449,-2.4894952933903745,-6.122559636443453,-5.236258139334884,-5.214189797995902,-2.926591967097196,-1.6304755989447788,7.0116482034338965,11.795161153791755,11.85545465180724,14.333228571515813,15.720830548122747
0.11454800011256937,-1.2486605698138136,-2.2018977031127602,-1.8938480890293594,-1.9289499881527687,-2.765742745971092,-2.0748443203563087,-1.7159297263330553,0.12755996806867184,-0.1633389933246147,-0.011972394173630252,0.5549952714694133,1.5684552387810495,2.153210563377056,1.37530861227408,0.70147994868036,0.1946820979242343,0.6982499032532682,1.700037112138755,2.2823034190298546,0.6935238866242455,0.10698618273389096,-1.674065245757103,-3.9904157097597297,-6.059489894711396,-5.513182593025086,-6.091326416070502,-1.2119595888160033,2.778155695428305,9.42478482317513,11.470920855139417,12.024281156878697,13.842789796125981,13.858156869526164
-0.7411070408363888,-0.675049235930832,-1.7221117268309067,-2.0899347973927784,-2.7210929276445714,-2.825838089745222,-2.0328220795128558,-1.9169897551484805,-0.8489797456714967,0.243577143585123,0.4197874974044633,0.5372422032100285,2.259193473147336,2.080926403785623,1.7898693000901138,0.874168500335825,-0.07881019284822494,0.7430084820869419,2.3211634727524735,1.5717738939738877,0.3305851414556183,-0.14051277199089984,-3.036977324296656,-4.8788413335512555,-7.086677832022709,-6.675641399498572,-5.055330685053354,-1.531417211481316,6.751487606920833,10.346906043272746,12.596701392078973,11.549107577835589,12.15378010184857,13.945786726374584
-1.3293133828550632,-1.1016980470542346,-2.1784542579280597,-2.6603749401192065,-3.2236289718642164,-2.081581410095171,-2.381158523441258,-1.4112423475301794,-1.6427842958708685,-1.7152587953321612,1.0278302717504535,3.523911000908011,2.179992646723938,2.373174063089986,0.9699389916569706,0.24444405840436773,-0.1717790002466979,-0.41101982293877687,1.2645325367752898,1.0030036921633319,0.5154783878861097,-1.4428929472711791,-4.462407434046993,-5.7992696748650445,-7.609622329463738,-7.035652268125819,-3.4335593576010353,0.062218859311833935,7.829493780269531,11.37829284764261,11.926265743656773,10.046159665338774,13.518053392148316,13.244929715013212
-1.83431351017045,-1.7593133402735888,-2.8576010247475248,-3.1899145803670663,-3.0686532922471708,-2.7651884363644497,-2.520814031823013,-1.5314436304783139,-0.8230393714120362,-0.1579269894477242,1.7741755597532285,1.7475460570851196,3.3233035333613703,1.6576821368595616,2.3638274827317343,1.0591187590343614,-0.9166061359561578,-0.24861245418141364,-0.005303458937510326,1.4853053941015828,-0.550430148318306,-1.5836019203075842,-4.704546428240257,-5.638938800374621,-8.08765186429206,-3.8359002675270983,-1.1192844243165923,4.149245837732953,10.39377252409262,12.550773514227595,11.673723136596703,10.751659841149849,13.178716941320916,13.777938759925858
-1.8464722347107405,-2.713177850950867,-2.8842129627791695,-3.5094680523534385,-3.1390055581920273,-3.5252720050067294,-2.8546679770815997,-2.035618112023077,-1.17228286249529,-0.1388951658659566,1.140795887905474,3.036858112827211,2.721427095391643,0.3690464246835694,0.8237141590571802,-0.5169876280295699,-0.13044125996120748,1.1257865371161087,0.2081402465844084,1.0490306602851815,-1.0049943893941433,-1.8893413555750933,-5.527563275760893,-7.695680478805092,-5.6842348262469296,-2.341141426441895,0.4756010500460256,8.902777571480428,12.071307762465821,11.743731712404857,11.413451177337224,12.338063694893625,10.83407727291747,12.36712061451098
-2.8232276664447205,-3.580281471725459,-3.6456388345926714,-3.5479483467711437,-3.701608778400921,-4.549721241621352,-2.6348223118639376,-2.173541927961374,0.13923678511632145,0.41034025964058213,1.2368189912256742,2.6524049220958603,1.5477842430416506,1.686099082796197,2.158530186778877,0.7642039770413036,0.06771110828591682,-0.04534593728138212,0.3793512231413787,0.3041833554485097,-2.7734852474911786,-5.101846171141764,-6.374764531534572,-7.880714264071684,-6.304021914402528,-2.2129274981294134,5.32995382139228,11.271797257834562,10.829214044853098,10.476315182490179,11.345328975432528,10.706235340170508,10.869294125865318,9.88933366184538
-4.255849011030151,-4.855496406243816,-4.476758750370572,-4.28224513908321,-4.373540534151492,-4.8088914246191585,-2.9900310217807835,-0.757244992276223,-0.34769238095508853,0.9145419984128464,1.2697333095370624,1.4083879298800468,1.0025277949349096,2.604563182613173,1.4522113910993923,0.19928498065590913,-0.5298310032532286,-0.287844525931488,1.0026015413008011,0.24043482470645275,-4.959923796526975,-5.326097264800348,-7.012794582223229,-7.923159160538764,-5.380547996118762,-2.135873233841729,7.7474727378461985,12.2875690060546,10.24556199337234,9.064694600172803,11.217927243947976,11.324814827485818,9.745743582985929,11.914515166894933
-4.550206434710337,-4.922031601477713,-4.960176915950193,-5.082978648021172,-4.707080080198377,-3.9011169160239576,-3.816417796298034,-1.2657272160714055,0.5548657698878324,0.647060288193247,0.30609254549038567,-0.4640971403082541,1.8830743838578985,1.5933920313680499,0.9379046170184865,0.46823528542962906,0.19561060656042606,1.1040428209905973,-0.39265904991237943,-1.4171181373971025,-4.6861743793432815,-6.938579967935948,-8.073333222743353,-7.768890999665045,-4.0555365295620245,2.0582257245778077,7.840218226303575,10.262015453978172,10.19029889692403,9.076436319521255,10.003849432669858,10.447823443590526,9.588315201285837,13.552989214139844
-4.886287320722975,-5.6668143855125965,-5.339654023216795,-5.513982589229595,-4.7160864053811355,-4.234802730528942,-4.64211981011638,-1.2019609534743732,1.8049445913773148,1.1045163378799552,1.1100974078855979,1.9407339343271903,3.0626484269374465,1.2283283625179224,1.4515869994174024,1.1139037009717199,-0.5149700448179065,0.9564755305729631,-0.9758362078030586,-3.260567847238298,-6.455746526791187,-6.718385543340447,-7.301000399574492,-6.764918920413427,-3.2562458809685277,1.9688884013253163,8.4563905162702,10.007261711773008,7.944804861440121,8.530677207752587,9.761103619418492,9.713324422423625,11.57311100137288,9.662552583168766
-5.274201958938377,-6.503106964864223,-5.920025475452405,-6.5637435677449,-5.693307347623773,-3.691970137342573,-3.823788062991094,-2.2618038957211626,1.2677924545230022,1.1607859485912735,1.9157340003910168,0.4039251352719385,2.731397782751649,2.2214139234048376,1.67066073280477,0.026722066608882458,-1.2409520080056917,0.10820633745689374,-1.6470666778671976,-4.3334688494888365,-7.339137519338782,-6.042914654806249,-5.898533855965724,-5.820059479405884,-1.8513807874699555,3.9378682264829403,7.751966663300855,8.703226660436453,8.023953508452612,9.148693800269626,10.02090498466305,10.847502599975215,11.400507544692264,11.005204528407265
-6.195072822505788,-6.910091386129401,-6.662817112740792,-6.522920328913455,-5.499547728305888,-2.626263817991211,-3.7941515269527804,-2.0148967242984965,-0.6454834553880079,1.1147900401133701,2.5914259254379473,1.195775422731226,2.3003414434917966,2.759370600966831,1.6427202061851998,0.03158921129249839,-0.5208587668096661,-0.03616668231816681,-2.408577789413705,-4.948018958702051,-5.010716242383047,-6.408572516702948,-5.958736962910231,-5.497480722633438,0.9354987926269651,6.423005233707108,8.401765904689007,7.601938288677007,7.774959691564247,11.248572939522338,11.678157067952968,11.973829614316754,11.48522701220522,14.328794194428184
-7.032247804511209,-7.947161752181617,-7.323391865343655,-6.822781352707297,-6.001945648690131,-2.7965381815711057,-3.1627942748691162,-2.576060503188128,-0.4792068744747701,1.7281781920816868,4.138449347542922,1.6484495571295925,1.757388761808231,2.1663558845448723,0.6323557348082286,0.6273369246750939,0.525362109935471,-0.9767174176532397,-2.4311813740690655,-6.165754026718992,-4.71890592833856,-6.290040662349818,-5.599000194580535,-4.129685855830975,0.651345742495227,6.677476477999551,6.227296608576372,5.6702608142956485,9.601043125363757,12.758808988889918,11.416464893219343,10.216398558580009,10.203574782559453,15.988250603487643
-7.8033673141074615,-8.134248621859724,-7.905878269891473,-6.521074829078378,-6.356758008659593,-4.446505138368616,-3.0219261428134576,-1.7462295248541337,-1.2721921937442782,3.955080338310311,1.9682124196939679,0.18974379835761093,1.1999144775391526,0.349332996177503,0.4236256152999864,0.8606169143311801,-0.8461449144141588,-4.3645152627278305,-4.061313631900417,-8.510187773795888,-4.831942414348074,-6.834245932837813,-4.902257598998974,-1.1535735737863657,3.9624131290222517,6.119434292260184,5.336758867126934,7.545806470127578,11.898097091398313,9.454940127609005,12.765653480763229,11.569217856124734,13.826186766178544,14.457082011481242
-7.409626742006028,-8.74453735914436,-6.776713597550677,-7.14125493913799,-7.018776538099848,-5.454557996809319,-2.244505924267182,-2.238244982143507,0.031837031897207206,2.303328394438507,2.1603768603716755,-0.34351016897107706,2.088249303211043,0.10588971870893352,-0.9277726260082684,0.6846773275990323,-1.8280356561575155,-4.141924677150033,-6.844190808116239,-5.908530313135709,-6.537764796745986,-6.1468681636879765,-4.896493854753743,-2.7813126244505666,3.238781028743467,5.504818638637486,4.660045343423967,8.200465315816205,9.963634513409584,10.17362469253521,13.120973215929483,12.675837665833042,14.03678693650345,14.921248671531568
-8.006840599451897,-8.96204636026575,-8.190730494744887,-6.398491266365861,-6.442617098719692,-5.370208811842822,-3.454386509724936,-0.3312637944863696,0.8974170022939637,2.099440104004069,1.3063367487070805,-0.5170016050529271,0.7688670131509105,0.1485953546039263,-1.1799285565650814,-1.318062865859821,-3.009801408964633,-5.166889181835641,-5.647473872990812,-6.346122994696386,-7.302094084433129,-6.154281393410068,-5.515383164641318,-2.3398543701401855,0.8922596092572275,1.1624413371320255,3.451787178457609,9.13771353620631,11.035035836818427,11.568731466514226,13.37583295693606,12.165448121007932,14.07641247747808,16.028000270989516
-8.386751572128937,-8.3956308139305,-7.503066298599405,-6.576145268999706,-7.145528039695603,-5.030237085504977,-4.554735083121503,-1.236313663485902,-2.304616117456617,-0.4981063598454794,1.868149952511291,2.1684766280303625,1.0162774616860515,-0.045702916148621084,-0.5547243304090256,-1.7786245080277783,-3.173695125062182,-2.460066250227629,-4.14733216812624,-5.851799595504358,-6.0818320574070945,-5.675153465472261,-5.21227304575165,-1.2923183078006593,0.7060184030037024,1.8313446058790785,8.343609214219077,9.924163226480971,12.064329302594713,10.90096002303183,15.01869573868146,12.184083014509167,13.3976281630537,17.445983867667717
-8.154659075306828,-8.148122702362606,-6.761944873799709,-6.799081060271726,-7.49564790502719,-6.339412812945279,-6.287698744231541,-2.218481814877482,-3.2682874500980827,-1.7157839689454935,0.35768389324328137,2.2318446193896606,0.7733721144295436,-1.2804611629943956,-2.372751965850795,-2.6147899283105334,-3.473331098668927,-3.829158823107254,-4.654821353749336,-5.386078667980182,-4.702890195622048,-5.864999379634417,-0.5309594022668289,-1.9392506367938773,-0.3235032201216608,4.2934386443082015,9.62360623636237,10.213961501686642,12.505746108125408,12.965014313357317,15.511859566423139,12.230103615686719,14.482859032029824,16.91530871081535
-6.303968228469116,-7.5501076010352755,-7.3190265743496115,-7.045212889349862,-6.398670710233841,-6.642009236485808,-5.886562727288605,-4.383067098039726,-3.6953045205633877,0.7302381027124972,-1.3310996943591156,0.3390823934804727,0.8413554861526491,-1.0346240479483604,-3.2457332592683352,-2.9340081884762146,-3.494405170611755,-3.9230234107160373,-4.030718990160244,-4.471896722689466,-4.6670929133293795,-3.2444789019739817,-1.238789099275425,-3.445691804769756,-1.4483307065553994,5.2707288387640805,9.10557524587114,11.44473159715859,13.86797919441129,13.771895492084333,15.17188265021053,13.085568671852268,14.082805941018293,16.305955157254537
