script/wind50m.json
{"header": {"parameterCategory": 2, "parameterNumber": 3, "lo1": 6.000198445256149, "la1": 58.999992894266676, "dx": 0.5, "dy": 0.25, "nx": 22, "ny": 24, "refTime": "2024-03-11T07:00:00.000Z"}, "data":
[rows 0 to 23 of 24, columns 0 to 21 of 22]
3.191618385760908,2.181459384831367,-0.875733622031381,-3.5894326730188393,-3.826960485103247,-5.14826534980367,-2.802001238317887,4.583245252397375,-5.8173693093543495,-1.9002942084516605,-3.811337665207233,-4.959207516634633,-1.886839367853939,-4.182442986250382,-1.3199023359851554,-4.659505650541633,-4.500926343348252,-4.884571116110609,-7.252465825106219,-9.642197358367309,-13.165741690883788,-6.85790195020142
3.1030307676311697,3.5805308769033752,-0.09497248371653663,-3.1920031149866754,-3.616799866650058,-5.00365531627007,-3.4131489781443847,-3.5081896495311446,-4.480440266895516,-4.055789731954235,-6.417037580501215,-0.7768358961439797,0.8992230076151921,-2.9471872562744355,-0.5279569321861287,-4.900860107856323,-3.668661180014893,-5.291973771453357,-1.3202134214288863,-3.0331624906380497,-2.016527360657716,-8.05219533362391
2.3036337486687706,4.149558267389675,-0.19538849800653046,-3.3435148114946944,-2.8503273625603893,3.397293248010352,-4.158187149284143,3.7529358718412675,-5.842295802336839,-4.996044877582715,-1.4524578647826936,-1.5004716410858154,-6.072529430513418,-2.213139204754518,2.172944767991921,-1.9925529484664783,-4.773054476662867,0.36461588750955987,-3.3888057852908315,-5.59266183210925,-6.307015959116139,-9.951330408510284
2.2892639085913946,3.5745629301608743,-0.4213856954345143,-3.133141673590589,1.3126208810841635,-1.109832824449656,-5.315547144529628,-0.09249501439399067,-4.593076620536459,-0.43254549829785577,-1.9110583700936832,-7.193839857107792,-4.400406435685654,-2.0555880144737873,-4.29042179064416,-1.5494024380047735,-5.9851970856579335,0.4304865120496774,-5.171262074516816,-9.946303482224792,-2.8060651539714416,-4.507126794187937
2.256018896235541,2.9318016870494525,-0.7220461395268013,3.104349521283705,-0.09075542885350645,-4.147769548018572,-4.4853011469295065,-5.110108102811757,-5.195684709734233,-3.03974689768249,-6.554194474642698,-1.8664800337291028,-0.5030353676631544,2.330273301552802,-3.77830476654052,-1.8674413543131083,-5.90104914932416,-2.2255581184257345,-9.992371302590739,-3.149633226221471,-5.4605595883869,-7.347687326353924
1.5931340786079693,-0.5945731331415505,-0.7549846356924654,2.825224415164104,-1.7271329127232817,-3.607348765998948,-4.31781273039216,4.489852871611878,-5.249312772673229,-2.4361038293657704,-4.214105514693768,-2.127184616816402,-1.393508877452126,-6.283374434551813,-2.987246118676958,-2.5226785260743663,0.9857152004040338,-5.186263804206799,1.988033468307816,-2.097442730689727,-10.61040153205287,-5.576970605861821
2.8951859819720496,4.036227847687391,-1.034115086874903,-0.1514509382879361,-3.625755331294208,3.5507540921239698,-1.9896962357510122,-3.5728951405955844,-4.673255108037748,-5.849097674016168,1.6799920906238417,-5.559906772682451,-5.684155378793776,-5.354689189066283,-3.910563727274348,-3.329015998860049,-0.09913605305908066,-7.314696957948145,-1.900245383540022,-10.17255156632855,-2.1553743547300717,-6.957593471450547
1.8977632844184789,4.17257693821993,-1.08413595034452,-0.9933660730625221,-3.1240690019000494,-1.4336660208675096,-4.309317767151494,-5.11611339611324,-5.008836686652152,-3.558494082094919,-1.418688450072119,-3.7754172785510383,-6.569767240765355,-3.2812329620166296,-3.6844709956671875,-2.520934527195586,-1.3573535791295348,-6.094225982909897,-5.616423714683719,-2.3076991010054035,-3.283904625978984,-4.760090721673738
2.3265728924966864,3.359069571532252,-1.224186676682158,-1.738121906761183,3.1920071341106477,-5.658843824933115,-4.300403870519164,-3.0733525848201144,-4.5865925037991975,3.9317386167454726,-3.317711687635064,0.05207288598337652,-0.5516881464700489,-3.0677951221012862,-3.306593667155574,-1.650679104863474,0.2827211206184066,-6.109201174397142,-8.18402393921964,-3.0951008080669697,-5.524833681741636,-7.6521552221495295
2.3153896090458717,-0.8366669691093532,-1.367610328068537,-2.2737066164580604,1.0139323680399341,-4.908217755970222,-2.430386298783472,-3.0603226108178454,3.391219152470437,-2.3283742148384596,-6.608591109779908,-2.107018871229325,-2.03164012364116,-2.149953645103713,-1.625245548592968,-1.8080608844877337,-1.4475546966176653,0.3282978267759826,-6.65367743998777,-7.7588559629487195,-2.9502761881890596,-4.981476815512451
3.3939469679858862,-0.7434163897112485,-2.932381599773702,-3.350765208684914,-0.9454676878732542,1.5716071450373787,-3.3508796733767365,1.9806466424325988,-4.618446150218749,-0.5703910870165351,-1.0162496889447192,-5.16953142311639,-0.703734946198666,-2.0096740624023206,-1.2711925992688773,-2.8758878132660297,-3.5441482748456705,-2.542875578888351,0.30469805967422997,-6.430722004824332,-8.673867885634609,-8.998725036377047
2.2506737740603633,-0.02300832238045452,-3.1773811286490052,-3.641282792675499,-3.400504342064371,-1.1313239777034756,-4.17568195578535,-4.403847489218623,3.094133265902383,-1.897741670807996,-1.6135177297294574,0.046778818144155146,-7.9531435508555,2.670889978081875,-1.7532214679658573,-4.296803916742876,-4.074195659508943,-2.2203381925678816,-5.850723934838357,-0.809722035200137,-3.0937906080511124,-6.404120028718053
1.8582134958989196,0.06194417155943812,-3.251223111176408,-3.3009679939693766,-4.464363875038111,-3.4485343968464526,-3.7710683906717337,-4.1906363965928,-3.273987085246519,1.3288520393556322,-6.555890219895207,-2.048825444511563,-4.256710577263507,-6.237681114635655,-1.3487201069474075,-4.857709067504908,-4.2351157977044505,-7.579617071485788,-6.384525724705406,-9.022345306886475,-4.075674156964373,-9.436591317343455
2.1677072981280263,0.4102069511112994,-2.953468084099702,-2.7923398625643094,-2.8392597067482375,-5.543491795241848,-3.2164154857641356,-3.2198453622764927,2.552450887986169,-3.2434749242356227,-0.9269914452715429,-5.5208610967994405,-1.4512973725406568,-4.762385002867141,-0.7060316734294402,-2.0002187972397287,-3.17900253345838,-7.655181459606255,-8.803891178751416,-9.852748143857054,-13.388056573977687,-5.995680968500286
2.9881884597248036,0.7846684302040976,-3.4698652526827516,2.3882702888679788,1.0076254032620453,0.5184818336406252,-4.0340835668943615,-5.034432174433861,-3.468847243405862,-2.7208357335043614,-1.550675480158897,-3.6751981363548425,-1.257502884686024,-3.966419641426589,-1.5223921313767645,-3.2405460240192974,-4.7219790584530035,1.8782791051743573,-0.839431024529266,-0.4040715580306426,-1.6781619598996416,-2.658355048123378
1.9275722933912258,1.0804896704546767,-3.6581275183014377,-0.5375311546160056,-1.6587350863647037,-1.659860048336721,-4.409949233667011,-2.808063263971957,1.7311540110616264,-5.61870242721833,-2.263356456014367,-0.8960860803948182,-5.451130351817379,-3.1951237948325026,-1.683675497125502,-4.88487589363228,-5.523883932402471,0.334055571431104,-5.076342815223981,-7.486881396301605,-10.098153683745853,-12.481930710444022
3.0614045443158404,-0.7283537914831845,-2.9003914760845317,-2.1807107104435346,-3.149683037717954,-3.6370092221578614,-5.277846269763655,-4.000206832779158,-2.753573472356966,-2.4472868308928923,-2.581910018884504,-2.132709531352026,-4.131534368516471,-3.1540670987825745,2.302087722736908,-4.531315688546719,0.9726117292808061,-2.276172561077698,-5.921183995846266,-7.596821517210838,-2.2157155814200724,-2.848671816355487
2.2797202492682462,-0.3645914890698055,-2.9270138159874115,-1.8925434320339005,-3.571100155083033,2.1135646413303615,-4.932238775025146,0.7970575611073587,1.1943829388952591,2.2776894648942823,-5.339759683601131,-5.530800257051698,-3.591770152699282,-2.1022052022445132,2.19096682932896,-3.2293708985121086,-5.118617001746685,-3.1592746387717434,-9.10302227410414,-2.806644159388541,-5.038277379629289,-10.892911827061294
1.7021041619550374,-0.42473400410366463,3.5578669375420984,-3.358452663929524,3.083963338354176,-0.8002738460988825,-5.302594622377622,-3.4629545261739603,-3.338886352704663,-2.8250736799939697,-3.106119944281194,-0.3767160480790599,-1.778506078916627,-0.92883958065641,-5.696134133643778,-4.472495197949427,-0.11003852050221193,-6.294842302884946,-1.0699235204448885,-5.991967227998043,-10.206702457129188,-5.9584655484932165
2.1485670142578512,-0.017956259743811417,3.824603246906825,-3.5181001134421903,1.0992982393365842,-3.240119557323088,-3.516899338944908,-5.1227335672570975,-0.11987906140326512,-3.901921312211528,-1.9782436036576456,-2.512345393019206,-2.0291713088285657,1.6875854897971072,-5.82310720836252,-4.580789022948594,-2.1604639425698395,-6.583345303366595,-3.1952135806990323,-9.525971709113954,-1.7427614909351283,-10.252853465655235
2.7254361220904477,-0.3534411625229832,3.5075314983914674,-3.4502557612991414,-0.7486813055129156,-3.3661895109229913,-4.253162284145407,-2.13973345672592,-4.345294207976637,-5.634023833862345,-5.382096054635939,-5.145047807883061,-6.690981484145658,-7.774219461953493,-3.1269751281718947,-3.109142618092442,-2.9797079133964615,0.28610889401212425,-8.98785954307416,-0.3919982025638468,-11.736886919691512,-4.135374875577842
2.233057554038259,0.06400160115032956,2.9962339874378245,-3.0500664014457324,-2.9954148367419386,0.38398184050759515,-4.21657674141392,-4.666382545768469,3.74164499354613,-3.8496001185793607,-3.809532489888883,-6.1778463605407135,-3.987596601334868,-6.026075870295152,-2.89947298299908,-4.22054918102852,-3.687118991553391,-0.1445121729836032,-9.270105472542312,-4.345234117302259,-2.785830039709554,-11.908252823167409
2.4914565985511032,0.33209908372151514,-1.010290560787858,-0.30356293029705134,-3.141609799232505,-3.253678508493191,-4.487221883842928,0.5658105545155374,-3.499072689975946,-5.575342329040109,-2.3037132507172546,-0.45184638044554964,-3.5239767945974534,-5.1767134941079656,-3.071482606766165,-5.042033023474501,-3.9718230195513238,-1.7351334396708096,-1.0025973821071534,-11.039273340392592,-4.073449060470903,-3.850646725415211
2.261787944736989,0.45013593197266183,-1.6568721711687942,-1.9376719410998726,2.2321166765736806,-5.871634597408159,3.1478739210216853,-3.771358682952334,2.4125326012877206,-2.4668603914600187,3.1973024161185144,-2.3101046232300706,-0.5462402451608572,-3.164940108009568,-3.4670556015467895,-6.5089834017701484,-3.4646832571172292,-4.656484388064241,-3.6717662195406766,-2.7739012463758153,-7.413482379243838,-6.021855023906119
