script/wind10m.json
{"header": {"parameterCategory": 2, "parameterNumber": 3, "lo1": 3.000054539987559, "la1": 64.9999836372058, "dx": 0.5, "dy": 0.25, "nx": 34, "ny": 52, "refTime": "2025-04-27T09:00:00.000Z"}, "data":
[rows 25 to 49 of 52, columns 0 to 33 of 34]
10.873263375313414,10.756094750025948,9.862498288147016,9.259809595083519,8.517126401547648,6.860513968121765,3.859006500622725,3.1736497467499363,3.1671161236604592,1.8250000175092118,1.8274028149438137,1.961201748754685,1.7198875417837938,7.696589180457744,7.473178497722214,6.268501233537932,5.84761200182597,2.150214075265571,2.2988141183896236,2.3287589266911195,4.869657702750579,4.7623355913725165,0.7167890277713438,1.5095761669133898,2.117078672805118,2.063565820516011,2.039276986869583,1.908253688936875,2.8081271157870016,4.89215027315475,7.693641638289911,7.469238005292974,7.09826922194887,5.894169845337663
10.660531466177112,10.351255634811363,10.385912357410595,9.018958640819813,8.253921076657889,7.9858542680610025,2.9317624895849344,1.5860963287924015,1.1054901044022831,1.338137449255306,1.6582894241511705,1.754592886235328,7.071289206278017,5.643839449160182,5.775610207604861,5.703477346623506,5.167287139113759,2.2201976723155203,1.885643196061598,5.653713785604038,3.74686842768051,2.9637990087790484,1.5678033778207012,5.764528154047752,2.627054502132538,1.7296005732517725,1.9676097613979209,2.1296456205804613,4.402242771130985,8.188385144578964,7.834463522692985,7.754127280997851,6.670718347370474,5.733293616162616
10.248926574896135,10.216540397257836,9.909131493693067,8.384115000999573,7.442342358431535,5.672588585178125,4.088309679655176,2.3610520465813645,1.7394753298980625,1.8531526670565435,1.7701336513985453,2.871974464469565,4.880247805620856,5.291449827054024,4.677669878219687,3.8078711879707368,3.709734349555693,2.0026535626812434,2.1361350301640796,2.8539031388104585,3.970479932639201,2.5568339883900943,2.0125437641906823,6.799864676887543,1.4361531060714432,1.4734819853927346,1.3666942104336135,1.5054316210889573,4.429311272952507,7.544787475683795,7.628852669014383,7.457469712652225,4.491435993791955,4.835498889506744
9.645361683911371,9.866243074865173,9.03693248320344,8.143145714885142,6.752344308766126,5.586451670055508,4.696133255712184,3.2999765805776344,2.0730501090649334,1.1263065442275972,1.962497157683507,3.2542606698136067,3.365963673485057,2.371802169815697,5.641568194731859,5.318364024305424,6.398412446860244,5.138040436356914,2.067980030972992,1.8478405153989663,1.944387456919551,2.64008200760081,1.5007390351965317,1.906288941170632,1.02339901184161,1.0631100435138237,1.1177755405116032,1.625727016266473,6.199055685881406,5.896078316525923,7.611072907362856,5.989246027694242,2.895939648794059,4.915754005581992
9.286429422683746,9.015350295405668,8.025101276433297,7.28015041047105,5.443602852012985,4.645076257860891,4.040901929411945,2.2448647611643984,0.9156087688077078,0.6390987098404091,4.129131448941985,5.152413852724044,4.6773239953037935,3.5457705642286914,3.7643995093918536,4.019533304119708,7.491029708935732,7.735822975037069,3.654727590372539,2.5188678140428573,2.2431554663025604,1.3048416795464286,1.2434280518847747,1.3197366318096617,1.4039226262713642,0.9615933945772888,0.6858707018611784,1.1234302824583484,5.781389096858703,5.716782607506579,7.857149845401213,3.456480246777481,5.647382608941463,4.364676675469305
9.130159337676721,8.495497815310332,7.580575066130902,7.038882882386324,5.05842036918419,4.191833408156937,3.7268079907457197,1.7418605140639696,4.70038735169886,5.3275244738254885,5.628684144172221,6.146167385038251,3.190827000205749,6.529565761060322,3.738067315948187,3.890478497041871,6.567451858991031,5.552741981909923,2.434298337655725,2.1093338551311276,1.2794973237645757,1.0285269977911098,1.4803042513165965,1.3944107345583652,1.3664351078751253,0.6578611461028516,0.957110040227212,1.1036177415460975,5.956301673661197,6.087757468228928,7.33175295832139,2.544211008145522,6.508158350291172,3.7324765064126133
8.815064547595442,8.189334623909,7.416572983229371,5.553883770575868,4.749386253077964,3.8339631163492127,3.5555520335897395,5.325354623736637,5.273641617312274,6.71044667427671,6.960783497118093,5.965585174916897,3.6665408710615974,5.367971245990595,4.000163743128905,4.647694933821082,3.881864059753278,7.3135576686679835,6.9025031936458205,2.7255186951767776,1.6232820280153175,1.9836202126747597,1.5902138732221849,1.0966717539324364,1.6292723767612018,0.8588938037542048,0.614692269344073,3.0783354305367787,1.482927260068268,7.333403395552834,6.95163826235386,2.727270670472669,4.66806073084636,3.1414502747462523
8.618538065474224,7.735809396354811,6.739982175328075,5.721454548434126,4.270525253314227,3.4261078025323144,3.4481301205747474,4.935510899083162,6.260124458198927,6.945568171286102,7.559555379538443,2.951188058283712,5.5597467673817444,4.488687115730901,3.8747256576442966,5.8915346193504385,5.824988786941325,7.802247411581112,8.898090346497852,3.113484488096316,1.6030400184109637,1.4756886203380561,2.1972372641631424,2.114821447676706,1.2497527830579247,0.9738259252273812,1.0904294128436969,2.4972479371372405,6.0589663030709,7.993676603732973,6.993246987304567,5.06437335366084,3.5909986765977573,2.840089427458782
8.200537803096173,7.342352904872372,6.586662621368619,4.962975105895141,3.762879740027244,2.7072164701052133,3.0200997650690216,4.783552373155505,6.504739300630705,7.0503101630376275,7.653003509176832,6.058833152716118,4.489476012356765,3.951328838650245,4.028106606128456,6.2635472075646925,7.6611612288431195,6.805899092147285,7.312417961701993,7.580317957120858,2.2324334272610113,1.8499364444650865,1.95668496630064,1.576386572746782,1.5065481135549532,1.0170026982415645,1.1799489458832964,6.023478253955124,7.348115924027556,7.336930776662049,5.3784902577646,3.9363370151987325,2.808107488994375,2.376696876557698
8.063669684833364,7.405449124142446,5.894997123272967,3.733122669165042,2.029411131562118,2.112755711481507,4.189401108316696,5.470939478856339,6.436808788253179,8.222706116729562,8.478546833654423,4.464898683005891,3.7750327565971467,3.8193325308926362,3.6436761078465523,4.247717311610763,7.736907186363848,6.90837525560914,6.641082711629504,6.295886298342829,3.039991793756703,1.493013219478531,1.410135333833361,1.4196194297043394,1.3705286583067358,1.4976426019760394,1.32446544372547,3.8277893578700724,5.914984568046332,5.466516574034049,3.788921290010406,3.046513854474533,2.532336180068624,2.309000686515904
7.597531147557955,6.960609165216777,4.4009106899439,2.7314431335823537,1.9196281765079803,3.350631692278142,3.990448141920665,5.68976065916123,6.794548610385564,8.804947117241996,7.811583659137231,3.7081590029534675,4.282830266699286,3.5562369535506884,3.427917850262388,3.598971311368961,6.107217279228291,5.872834757572103,5.538094446430759,3.9153555794958077,2.10694458132508,1.6324395069164022,1.405358789669725,2.1407989736873048,2.1751118591009444,2.1694196861696953,2.046776622917008,5.399157356964326,4.646617535640856,4.062252771381571,3.2826405801123437,2.588694586058479,2.944351649433722,2.002292714634145
6.92386892116868,5.800063566945902,3.846859440808716,2.4488364820392947,1.6466534435687923,3.4652183753631522,4.426461508166836,6.376930846484199,7.255372664469089,8.557825090948974,7.7780607085118545,4.239208235979172,3.365693953288791,2.6599193449427987,3.4069586936506693,4.9135698776889605,4.968751186411811,3.6748578106107894,2.867080070439296,2.376279909984975,2.895399239692934,2.2243281510410573,1.7255449420693665,5.149773711232242,3.078670551901047,4.681789179539379,5.067284082177198,5.076107708724571,4.029479412197231,1.9983588148752383,3.2768755220304504,2.830383237562621,3.0309217881891763,1.9470962857449718
5.879668637554311,4.552279471896791,2.5133726475996583,1.976265163676915,2.6616275628897648,3.3005480356181076,4.891337267911886,5.717170870325458,6.618214972166083,6.932390078218433,7.191329708194271,4.122171764457484,3.286188944868226,2.508177274502446,2.8486758000873804,4.418817971333613,3.230121880218555,2.7377079192011897,2.2260950302327935,2.9205614042763948,3.0722897387828367,3.727577178579181,2.4380802218950492,5.720188239898077,4.654685604498918,5.995753643794882,6.302951487088506,5.552033771669529,4.616572516081534,3.1006096048823175,3.51057083564306,3.984994582481444,3.3854897938512956,1.971851766688085
5.379665031158154,3.7653578588336463,2.127877467463381,2.2385390973336525,2.3769265404779003,2.601550114775382,4.993176948540881,5.616667168997285,7.061696524705096,6.8654747790588795,5.423009870729093,3.7280052477086945,2.8376828104210836,2.835931415551197,2.597096559397281,2.873350173589684,2.5907216634212853,1.7556531175955248,1.4914822270086276,5.353182809169244,4.232602393358379,3.653806891162129,3.672137595785026,6.21083722064584,4.20832702345746,5.349151563739925,5.214944315339437,4.030070581770014,2.567929651799567,2.9581569755589374,3.8918379207486358,3.9500196614241982,2.984851973108353,1.8067626237220082
4.2859649659387555,2.6920334539946724,0.37273215136278454,2.129925258040972,1.4398963620913943,4.024976184191635,4.834836550416731,5.893203768337181,5.996861277712467,6.61306088209429,5.344876801223224,3.417711749614861,2.480439890341156,2.790696085902361,3.025120116970825,2.2930551615684642,3.4834120443330794,2.298397443008833,2.24593020519199,5.245194454403773,4.712863344416948,5.439187083333825,5.325320561910948,6.149044473976794,3.149460408518572,5.0564629635605245,4.30423900902483,2.9313186287153075,2.2338063704371796,2.4109277779038583,3.7826878597288887,2.8750301358353285,2.003918320455941,0.7654405091430212
3.430585285806221,3.061720321742779,2.1431289522938113,1.1457283963097527,1.4915057023100728,4.150867373334068,5.678032283387904,6.452217663092954,6.177114601513239,5.657341654262731,5.333324539157132,4.135637026218378,2.1645348126945243,2.1188400730604253,3.8658953211531126,2.753146955927213,0.4252906100618021,1.1435305944771774,2.3260021549738923,3.5867371038333404,4.3976292955089376,5.964675800697494,5.880262232727617,5.767586872472129,3.29185154321874,4.571331950006394,3.8023552254920134,2.46980401473813,2.1269446455415584,1.8597955029654336,1.7335763443210948,2.1778260827341778,1.0817788831842274,-0.26356909081110064
3.572670454938311,2.57790385380376,0.9911773144843888,-0.9295345056557375,2.7184219209529354,4.859167510416343,5.732630295456474,6.546124935551294,5.694988002123507,5.072506403910479,4.766560390253021,2.686688488098217,1.4584363114812937,1.2885385155315228,2.7947989029405016,3.0188999373576517,2.90472461788701,2.7253850863459013,3.2324031419161665,4.133888540806121,3.3179722626533326,4.875451441922142,5.570839182393253,5.398222675769917,5.067475215814048,4.229977657089277,3.483833062075896,1.4810560937619563,-1.5145690407591754,-2.467454811069705,-0.35475367925980805,0.9278992196889523,0.263222452356254,-0.7695100179568964
2.953350949104431,1.8653891704046774,0.46540666645719425,-1.1908686815328018,3.5477970294580707,4.595705701172951,5.7015629443842055,5.769664835186418,5.29502311920848,4.678508143637271,4.002430607593955,2.8987314451509065,2.1024602430301726,1.324748921849876,-1.396826718966873,1.7676087814257329,2.834347745036025,3.9130608636904602,3.1357418343270025,2.669315678098291,4.208455493292102,1.9782684268891193,5.3798801738577415,4.981169812829946,4.403516730712911,3.5109580525137787,2.0712154255598754,1.5869977060955802,0.548247088476507,-0.5773361750838432,-0.3386412361567801,0.027919796637344715,-0.449094121215061,-1.9600617950929886
2.4796002771629215,0.6044194077806505,-1.1135619714987168,0.2063826501051928,4.198536625626092,3.912909508615952,4.774372522896251,4.890845061452433,4.3644462632319865,4.325826498099795,3.676902370240953,3.365689948886137,1.5881187545046138,1.8189018829132746,2.0098955717519082,2.2080210510847644,2.557192168371727,1.3034544412003828,2.5281609217778476,2.486534893999627,2.389814365714664,3.486989985147603,4.917682587278018,4.05767007613563,1.5504641453728611,2.060477958925578,1.97475190881423,0.3746927542356123,0.1439495769997125,-0.006285428304204946,-0.6419713084281417,-0.6564960753927093,-1.979610651601412,-2.0827064072225387
1.193586053724608,-0.1449603208273594,-1.756268092822528,0.7604973096820828,3.2783813124472423,3.263292836789209,4.152405954565378,3.6670094944465177,2.867244060833245,2.1301724075350195,3.268458799479246,2.0245559679475074,2.2022794861859385,1.9722455699631727,1.6497451945908512,2.0856723691989294,2.188970146968283,2.8423625889963193,2.2276841741763027,2.4018986648321867,1.764655037959492,2.2634262956369753,3.7244239812560713,3.0085661654860525,1.7623318800895298,1.9914222262888213,1.5975129362709366,1.1201841152872722,0.32723276121321293,0.05848476103368261,-0.16921201481757456,-1.2273066420932195,-1.4006700322990246,-2.270116707388804
0.7438740316127718,-0.8197372573401278,-1.1404345664278364,1.3814164289289537,2.6270629765507834,2.351402166675246,3.1623079800274607,1.771293966943163,1.0021922273440964,1.3393076703600073,2.225701658646782,2.499817923659133,2.2533578093077757,2.2512456366427123,1.9182632516817975,2.289199498473681,2.4773050183682077,2.4702018538693764,2.5897748253625155,1.8979030927081348,1.9001816828183746,1.7660915956703893,2.8358258822686397,4.008725862575884,2.065935782790066,1.4179694095368955,1.4657995165665727,1.0556755501129478,0.2593191010736109,-0.05889637036982301,-0.5348113929093393,-0.8136173719686685,-1.3531112809735726,-1.5275340691233275
-0.1849178308266782,-1.818199564344845,-1.64761338662068,1.453463609393127,2.9700852951527184,2.20636080007131,1.8978483615503776,-0.17020631628878438,0.8938480010973934,0.7314122552506892,1.191887046427493,1.952344436263936,1.9067273789607668,1.37712507468489,1.8026418366024013,1.9234372835995976,2.163234660686372,2.1637916930237675,2.442921199923536,1.4450642489301833,1.5519027395591665,2.0871286568799308,1.7031456467309503,1.4968579221186729,2.466902651498253,1.321080801344102,1.2804555921482061,0.9393104665295292,0.5219265001600905,-0.21134180831778812,0.10042875865206075,-1.029881465332332,-1.5269923784705939,-1.4940211429827062
-1.1713025173850968,-2.3341205977271864,-1.8027724655272594,0.2900410941567436,2.727088062858192,2.475340135193602,1.0472797010368902,0.167146905511572,-0.10237980309071933,1.0395358892524749,0.9681409880383911,1.3307202886867706,2.2476054125992864,1.8563801618373055,1.3015544951771414,1.3638352937690168,1.1542896075566176,1.7959076362983228,2.3319601613319034,1.2428430636047505,1.072905721530856,1.2727838079277616,1.9091357782253602,1.147396668934014,2.016969891808629,1.1433774909024261,0.7039363647959036,1.0665957269612296,0.945950814127882,0.1888240995888568,-0.463045844833263,-1.0344937427430883,-1.4192251743117112,-1.4851393706921072
-2.010236626914037,-2.752549322622723,-2.433730506767419,-1.1570563878670825,3.460754218200421,1.7143772603752832,0.6325252440672203,0.08169387313800501,0.26757355234246455,0.5839094333830265,1.2290789583993629,0.8555445390601958,2.018548101319332,1.7011075625010599,0.9246401312317767,1.1819787836001336,1.8507335395696662,1.2884273035925262,1.7928129555202934,1.6126855862316722,1.6494874281137122,1.044094169811475,1.5695612458321595,1.2005993527868908,1.1009467888022093,0.8736443017228656,0.633071363782464,0.4366824161049082,0.6714301586290053,0.4190349751487818,-0.49181393189984485,-0.6733280322409985,-1.448154438261423,-1.2289564625028055
-2.683743357371546,-3.0096939972744607,-1.8109778094703677,-2.233496974457177,1.0326116987677278,1.2174332699694974,0.5216856040729372,-0.008184124282173105,-0.1060283714506367,0.3285014202286371,0.873313447883522,0.7830274572631757,1.0221865804010268,0.7289084629559429,1.2169732172927619,1.025414904154459,1.0285552607098818,1.8698259302591282,1.6382334816557504,1.449133708717412,1.5142687342926668,0.8644230671134356,0.9663550631940101,1.7363130367739212,1.070946034468842,0.4538893142328222,0.6707514307879537,0.28692522297270495,0.07559987324346727,0.12695609826822046,-0.20444718752535235,-1.2117287947594657,-0.7836746096726157,-1.389264713754481
