script/wind10m.json
{"header": {"parameterCategory": 2, "parameterNumber": 2, "lo1": 3.000054539987559, "la1": 64.9999836372058, "dx": 0.5, "dy": 0.25, "nx": 34, "ny": 52, "refTime": "2025-11-11T20:00:00.000Z"}, "data":
[rows 0 to 23 of 52, columns 0 to 33 of 34]
-12.073407207628822,-12.253478686494685,-12.42246368532766,-12.36521617784772,-12.253500362391202,-11.815634342902607,-11.28233116713868,-10.555156836647944,-9.925384642790439,-9.229718750025185,-8.499402401578937,-7.848979690211345,-7.239126568319902,-6.541397031536368,-5.036268172982065,-4.680546426950462,-2.6191299034790068,0.4354045746425343,-0.9450867257140209,-1.6378148733431834,-2.0936485959690656,-0.09972040690540508,-3.050787358053154,-3.3239118452136163,-1.4107357911204763,-1.4522178975970186,-0.5413697446094711,-1.417122051938745,-1.2130941692045139,-1.173315490867732,-0.8801162395445793,-0.967340686467123,-1.545243556164838,-0.6453146365691029
-12.472493607686001,-12.596804753231119,-12.59242635950003,-12.427051447189951,-12.113590517933014,-11.419052564477111,-10.597362408439785,-9.978629081942225,-9.88057257521592,-9.08487472599711,-8.30551214523445,-7.369399624791777,-6.459317968726425,-5.540810943111608,-4.154324852671148,-2.184694035227872,3.0543404264742744,-0.12849985531844144,-0.01209549779718101,1.295680365920578,-0.9159064792748625,-1.5437470409804614,0.4643094775147614,-3.101755664406046,-0.7798363075611427,-0.8557945045960451,-0.6572399449908773,-1.1657203130861693,-1.0050952441444116,-1.0118155613877402,-0.5844423888315521,-0.7770994315030851,-0.687128226941001,-1.380683441818985
-11.941339323359792,-11.89615183277223,-11.718000869876704,-11.87100810925317,-11.777917874498609,-12.336425071651604,-11.188536199871011,-10.688575487307304,-9.77090085222634,-9.169274529819287,-8.291556903672417,-7.198753945278483,-5.515966187742479,-3.632445043555111,-0.572511090025454,4.987704108583124,2.4782045659846235,-0.9283414023104066,-0.29170558957742404,-2.564669822405429,-1.0568935600819458,-0.19465549532310725,-4.072764840008355,-0.044998860427399485,-1.2643276868747941,-0.21381303428316498,-1.015823092985287,-0.12162825291791622,-0.7666203145024432,-0.6560682367881006,-0.3351381620739438,-0.32927935195696506,-0.6311939478928126,-1.1653208015836565
-12.139107562779202,-11.019568486680676,-12.185048581807266,-2.1705572200172165,-1.446373845708543,0.0027290554601739655,2.42219790614493,3.882705260704823,5.322310100303065,5.884482167108699,4.562709427342034,4.045613235116705,2.9527115433708886,1.7263171779276052,0.7684924436207549,1.2366359238088258,-0.9569822925960287,-0.7803728245712783,-0.4271950080969915,0.02143430526255059,-2.7638292192226728,-3.0105349576691447,-2.700041600557135,-0.8756113036582008,-1.343256371291483,-1.171298841992823,-0.4901051573415198,-0.5628878584713468,-0.8708173209485213,-0.6937863342135188,-0.40229121638963034,-0.7040931243289541,-0.7031970267890346,-0.48111374564854764
-2.6212490380218143,-3.326315910060299,-3.5760236502579876,-2.4088977897404193,-3.032603640267968,-2.134445742639432,2.0011701298521265,1.4627919139121002,0.00537680476790763,0.5211692633572015,1.7513125425581715,2.499969558616282,1.0917899107311897,-0.11719614439055082,-1.4993438215853114,-0.8529837085165924,0.8353476796206767,-1.0084950554963377,-0.11914378813477937,0.3424966982055384,-1.009503098201453,1.4487296108918395,-1.237378836624116,-0.6553237293501354,-0.028084590537221944,-1.0820769436686701,-1.2011102550721282,-1.011935332540037,-0.4567043073918536,-0.7011859298636544,-0.6961516343429643,-0.8592012383386349,-0.2589519175375547,-0.2142628001395039
-4.937085240158847,-5.3362471814022925,-5.980365619958444,-5.065907674894477,-5.228006725514776,-5.171043371516086,-4.886154692665052,-3.5383601287175357,-2.9605592323203913,-1.5998609546655338,-0.8695905728845628,-1.5381768949623507,-0.6450458138026897,-3.602260715209847,-0.14529646982658836,-0.1321433183204252,0.05810303145266427,-1.324342207623258,0.2516597039220364,-2.7802835516802618,-1.4833801231081394,-1.7433909303676063,0.7436503744161258,-0.25499570306438,-0.5682740699814828,-0.6369583171947744,-0.9895318275497227,-1.0940898940268322,-0.32592062867338956,-0.8444334574247063,-0.16022328946347203,-0.42514158153238696,-0.33267508051458866,-0.03971754102190938
-7.566111537130616,-9.725614162628288,-9.981013257653482,-8.105319572645758,-7.53250111629142,-7.050122638667101,-7.11800135140244,-4.70740984520108,-3.5615265256609003,-3.8502927975734633,-3.744993863577528,-1.7064415141353224,-2.410967295180324,-1.7905928972267378,-1.594060052563707,-1.8567447530304468,0.6264418879180156,-0.5734395087117664,1.866977977530238,1.3439157751137902,-1.3882788467398808,-0.5728954691768832,-1.3440265851969315,-1.0507908055360067,0.5445094753422288,-0.531923942625035,1.5486209139674652,-0.902655639908317,-0.3016990543951145,0.2510832208662342,0.23744991388281364,-0.11151180196743263,0.14605385947331648,-0.14136150301125636
-0.657244064974392,-3.4545903331367676,-1.033395950410747,-6.548387309495748,-5.855658804950816,-6.876069012808886,-7.945364272807521,-6.399254424162679,-4.774068881197125,-4.52696717285319,-2.509636629231408,-1.334908029244491,0.6616419502952128,0.08338281138750006,-0.4391857734367774,-0.11906352577752885,0.14866114907262376,1.5360125970764873,2.262620899851924,1.7075275486831258,-0.6670074268973245,1.169624023426912,-0.5022525448164216,0.5919053575221987,0.9345796244550083,-0.8890448027202628,-0.4067963452819166,1.7923809121591094,0.3780196561153131,0.7625032723672917,0.8606302713035104,-0.26716545856478136,0.6007597736435423,5.22944115283226
4.981935090121503,6.101838192786384,5.998858235551674,3.520679876330104,2.073151682057074,-2.469203835303688,-6.155627124111355,-7.0980521846223565,-4.32064246587298,-1.3798664368546558,-2.0360788804812557,-1.829429045858188,-0.38705671287323934,-2.462521115465003,-0.40255592664858775,-1.6722860484224127,-3.0082732841804902,3.589188098292115,1.6661667510268647,2.332476963440769,7.063710412093258,2.813361012495568,2.3300472492770665,-0.7282430301464454,0.34516679538301287,0.2537473501232067,1.3752098502674697,0.15472880276064566,0.5487395297174114,1.2870155320754988,-0.5019742547971149,1.3821508064617924,5.623962778414287,5.333273589285212
6.586387472042735,6.653779966127202,6.342353872888851,6.088072927798199,3.255920586886336,2.2276331047011473,-1.0485006456879016,-4.180782366188073,-2.7956401886097852,-0.3715615434542323,-0.09065985923557866,-0.08212539016648593,1.2038204369782395,2.0812055916283363,-3.3150042723206936,1.6898864493016577,3.247250739498979,-0.9928003575925063,0.9240685983867384,2.0543979739784053,3.033077900918893,2.189068680748801,1.6779258250892957,1.3003576786490656,0.22937693269017403,0.6423776983102067,2.35432035467171,1.6390319320056224,-0.19098659441340893,0.46829103024050406,1.1239157065814542,5.350729780456448,5.413719369731139,5.47169992838369
5.968880924518941,6.390075945305919,7.037139064143753,6.42715715633864,7.244236155502271,3.416190991531199,-1.1926293834795143,-0.515309679800835,2.213395150980763,-0.7082580758307572,0.8654616713386086,-3.5536045426897607,2.7353832606718935,5.824455236910266,3.179301982854993,-1.391221232714184,1.4329919181970705,-0.012272658778848198,1.7362824284314198,2.050766345807579,2.4027239933581104,-0.29063480156908483,6.163861560849473,0.37472434273672306,0.6572993454848562,1.2409247542320962,1.0609221737776557,1.5611402593733719,-0.02766395783565375,-0.6898631785019256,4.010617137749781,5.709751404027913,5.971560055332993,5.998700426540419
6.731382568168971,7.457837983778956,7.307826404699745,7.208808498787722,2.507857746003035,-0.050940278867282494,-2.2783449788712966,-2.261794414042462,-0.35017324636691294,-0.6537370853059298,1.9738545676156012,-0.9894466762319656,-2.9903579533249545,0.7103636192050709,2.123004807327263,0.2332192521004518,0.08752259531606275,4.183407281074253,3.2904761981179282,1.4803222755465022,4.673725777707742,3.0463394135632127,-0.46445119514078786,2.7566608079542623,0.8791994439873201,-1.3690412256947717,0.6745845022611189,2.2779877417263523,2.19950741746438,0.2300012371356404,4.371455773818403,5.849387556854324,6.39920971354183,6.464063333462507
7.452960104637485,7.497508016630577,6.463307377959737,6.377505397978041,1.3245574314464519,-0.22536866059633331,-0.07932004851566252,1.0095615635205326,-0.7278732428136082,2.446139116105123,1.7466405821406095,-1.713476536936091,-0.7435683904656706,-0.1837919243260811,-4.114036882492353,3.6806212591397167,-0.19893047849693365,2.453570381190477,2.0380616910581058,0.26573616206123013,1.4015076368818251,2.414498291772407,3.707679726191208,0.8738114346552973,0.9883983732242955,-0.9207163749757241,-0.15303959107271348,0.7701937343243797,1.2862296073714148,2.7742936982110034,4.49056225402547,6.143148717266035,6.742524847655185,6.984279830422852
6.456759145863033,5.861355944058477,6.218749556683219,6.050373238900088,2.4568395618524734,1.4501891576046944,5.404695096709183,0.5551865456028716,-3.8533592693429823,2.3421798788347963,3.6529246536796043,5.7895938097979975,-1.9360001567524106,-1.6182946494297914,0.431366952723307,1.739403123110531,0.49924083024854166,2.7548515146233368,2.1384368479340607,2.6530274164970526,-0.9797137457723555,4.5087447893059815,2.8741802062136843,2.5126701095244024,-0.27907673851675463,2.070651465059322,1.5195742865961317,3.144505031917171,-0.04869375340768104,3.196050692147267,5.440142747821613,6.071627139950754,6.762512864573441,7.408791305292968
5.07322353966026,6.588820066028656,6.3267040528735805,5.961541755853544,-1.0147396706859497,-0.4547626917266689,-0.6847991072511262,-0.9352612730744526,-2.108816747211628,3.8527325093624105,-0.9894031240774598,3.391795090629629,3.1983118850984162,1.9909445081762251,-0.1866132023185986,2.3396036483787546,0.029298675555789147,0.9074206327707969,1.736877888264847,0.20298809918704913,1.2559860037400723,0.9884173786382983,1.70842470455522,2.6613970049823585,1.0523992168239222,1.4553223403175939,0.7030834139702207,1.37956724707669,0.6396127818213289,3.0907765912743894,5.153267743918739,5.968142311763725,7.028094386248108,6.8075476227669425
4.033888792590952,4.960689834612447,5.7124271615846505,4.772475607758457,-1.069031619470598,-0.08065904228878341,-0.9352400885401916,0.5520051454743776,-1.1597645006936872,1.167504275708083,0.3537458335054221,2.8667269221312637,-1.4891664330767198,2.1698921796320794,-1.454090349216137,0.6016988031216902,2.9931963513214184,-1.0969488742166296,1.6116089734332133,0.42133670132822637,3.264147819773898,1.1947574425053347,-0.5957372854100109,1.4028875639711562,1.6368462774218493,1.0592511343296844,1.7055477043695357,1.5084493534956196,0.8714707663989449,3.160298003140069,6.092413363003844,6.0874634438289785,6.908552914415192,6.517892377108887
3.3913743716092353,3.641644020104788,3.941280419840616,2.840929381932328,-2.032347227020201,0.36507675461010153,2.2331486487385113,1.9812406860628717,-0.7354176361715876,1.1852247752194311,2.0707392371355975,6.398692063816737,0.24767684150553876,-1.0954204660127866,-0.19772420949955102,-2.8351073695425324,-0.1786598505170835,0.04439401615104498,1.6431710647854336,1.5239712276867299,1.9329685667599301,2.3344085384186655,0.7475200203009276,0.21604304232334426,0.7647771382346741,0.8121717889291712,1.3228643392663655,1.7571551051937935,1.9479133330192704,4.715214430257894,6.183875456854499,5.899186072512096,6.409967624587199,6.0977288764699304
2.8207828322209085,2.443995824231866,4.510529318577513,2.733536941549551,-1.1347945530333596,-0.9634482967463527,0.4418838653691226,-0.7568596226398919,1.8460992933057987,7.079634094091656,-2.062873163217348,0.4594753176503288,-0.017292058606944417,-0.01996037795592119,0.6868506006114407,1.129411536177285,-2.329457287510411,0.13918767909715668,0.49423259593977903,2.29884943608837,1.378347814266964,0.6789397862651281,0.8704827381963328,1.1042052370919817,-0.09152938965191519,-0.07224161969655293,0.5544013237482606,0.2371252371064988,1.0383978136691232,3.4815479521843744,5.19545768132672,4.341203319757666,5.233250727594129,4.958294585148108
1.8352774244835524,2.6385885232949065,0.5291333912602444,-0.11232155042493212,-1.7809703619506052,-1.0244844092290197,2.236270980483713,-0.769796382730056,-3.4251880460946853,0.7615722270172696,2.357577331731706,-2.2819375262361907,0.9257149387161479,-0.7695217037285154,-1.594624389019684,0.7375789689275546,-0.12835607431188883,-0.5376885291857466,-0.6076753621226757,0.9309017695446969,1.6616293306537144,1.623681355520416,2.143420483386888,0.4621208065403873,0.47287154381274904,0.021364594373318474,0.3648056079419148,1.038566583395697,0.7484756335551834,0.5985924890736073,1.544843215475662,2.8708744986911756,3.791974325108331,4.736779234844023
1.0087408665469162,1.5809105895193722,0.5974313930650094,-0.4945141073635011,-1.187763165038887,-1.444779458359396,1.2154218439592739,0.6087006085164569,2.045364359425956,1.896459735540133,1.6355879876657657,1.4725989510277906,-1.2845759303108624,4.195077467288383,-0.5848504205840431,-0.08510975802795741,-0.3541767496443289,-0.6037714284855559,-0.14077644585136306,-0.41696701362895006,1.196329678750438,0.7219832712996097,2.6018501780717567,1.229714098879116,-0.12538524121058317,0.10804709273000901,0.10726747970520244,0.6005400336691644,0.4482698686777479,0.29961204182137396,0.7122953128310645,0.5706497398544331,2.553300273296257,2.434304907124234
-0.27868660462256595,-0.3719569259581254,0.08334403367236437,-0.7989331749077763,-2.3400373684763838,-1.5950062773663367,-0.7954057600806713,-0.23170550153899627,0.8696325091606248,0.1857918275184564,0.6288296210692832,0.7538250788172564,1.0291280727068528,0.21891277229269612,0.7374689444691904,-0.19944719316212745,-0.4833383396238094,-0.47742726793910417,0.00736878490277301,0.011748642954382433,0.6660189952511336,0.7700659184789519,1.6350301326645151,0.8930808568756439,0.40028595186476934,0.9588215559459798,0.6036799202979481,0.6842977518509538,0.43594442820549567,0.22268850958882175,0.6762551037409444,0.13840445643921803,1.142455161644385,1.9380166675405879
-1.2413877004579132,-1.460938147174952,-1.7865040571713227,-1.8456988946330868,-3.41884512047964,-1.8901076092780773,-2.4207495165342765,-1.138133885977589,-0.09626551512858197,-1.9940261454634083,0.017440183851376877,0.43474376932635755,-0.02036207796331803,-0.747662349816598,-1.84229640572255,-1.189191542178069,-1.0927676823618382,-0.9803430958832171,-0.2691410823819289,-0.670161782379946,0.5105656726855781,0.5149190527035588,1.3246473579672435,1.0230728381916905,0.8910297994291823,0.6035852771708656,0.41432493908602486,0.2398663785462951,0.24580116528815615,0.5236584621207032,-0.02863298542158247,-0.11566553693964682,-0.043282834041388385,0.7826601616023577
-2.378962681773535,-2.594683500876093,-2.8114532859778416,-3.166265439866657,-3.434018307144489,-2.1824687502797615,-1.7709680088705197,0.6785747128707914,0.2651450544564932,-0.5381814038235373,-1.081169964450589,-1.571124269808887,0.6349101306903359,0.018641929868688536,1.0445893151580878,-3.5727596081252493,-1.174677261264629,-0.8471441360342628,-0.5001451905028688,0.12939560026895947,-0.30800597144519304,0.8583044447723861,0.4522330793686802,0.06420001155708027,1.0051451207236843,0.25676919662043873,0.5160349190226872,0.5747040251352372,-0.09551724554976354,-0.048574196214967315,0.058934481791401996,0.7126944112591825,1.5337333879133135,1.997295159991547
-3.047885963187011,-3.278172448343238,-3.8057431459199744,-3.9696212204081007,-3.7320465947702326,-4.014490999851866,-1.1225914239069503,-3.8788933695033463,-0.8128721979935737,-1.4564031106213073,0.656426448412653,-0.6090233490569121,-0.4318543543795979,0.2175227147096837,0.022807099832897717,0.3976354481193013,-1.2312629781330293,-1.0982401131763708,-0.7927432612843034,-0.11154022810338425,0.09988278866701386,2.839004948082657,2.4960696004102623,0.56025209539917,0.6944228473521916,0.395850001362174,0.26842078534163877,0.47208873875364643,0.3119144546978921,0.1827492835875845,0.05075620110793179,0.20534467486278976,0.894966898534426,3.3640512076956317
