script/wind250m.json
{"header": {"parameterCategory": 2, "parameterNumber": 3, "lo1": 3.000054539987559, "la1": 64.9999836372058, "dx": 0.5, "dy": 0.25, "nx": 34, "ny": 52, "refTime": "2026-02-23T09:00:00.000Z"}, "data":
[rows 24 to 47 of 52, columns 0 to 33 of 34]
2.524931321568608,2.4031731117212107,2.585310209154139,2.0649209912348403,1.9047431410913451,5.997590350177417,4.949823922454874,2.646000335527899,1.6484390495468042,2.0340476412991664,1.9527952316738597,2.5764164393161564,3.1401521158476418,1.2757881669355633,0.711819845065435,2.29789803236348,1.8176709830489723,2.1570457704786046,1.8004403266984403,0.4953563524153337,-0.9792499430884689,-1.6790984119214436,0.08406093060775578,2.4773171571107704,5.782157956458284,6.726476060739593,6.789851773710166,6.9268582341883365,6.369174422438589,7.6995446636673694,7.379510654993679,8.878970565288986,7.834413020114315,7.370572269420338
1.7622304584689197,1.3583618026831705,1.4272945379711577,1.7444886523040428,3.651789527398323,4.590717926997454,3.9434416110038235,3.049408154357871,1.571164629557361,1.8126197360846987,2.3037252358950444,1.083796824699664,1.0679807463551243,-0.46855161690286107,2.1893761175580324,2.1192348815904354,2.3891877392829386,0.3828965441523909,1.4241691808043375,1.072283041699991,-0.8531576810940682,0.2876732804434445,-0.4311320635265757,0.9725091983664401,4.9757507738674285,5.986734339821143,6.86391796167294,6.6697970826900805,7.471530894624385,8.957647425483056,9.51128923798545,8.178134962687258,8.231685394901135,7.715607912353894
1.1500561959041469,0.9045023990542134,1.398619333152048,1.5964509894599608,2.3205382765583153,1.8120438723259373,4.429959830674281,1.348402400433526,1.155502336432356,0.28083498247972494,0.7136465427912384,-1.2832661759269495,-2.50315342380649,2.395544789980073,2.378228103521562,2.2959035117144904,1.4088950468593862,0.9694020114791315,1.433261109829655,1.3943545057215094,0.12588580405895355,0.8329779217246384,-0.4357143203835802,-1.2104597074563694,3.241760476472324,5.1780019260394905,6.631157227541637,7.220511086630942,10.043813732394584,8.519268240567966,7.914019155620117,8.250276066819552,7.937733024471852,6.242256111176169
0.4466258028132455,-0.19346211784490774,-0.11973206370911287,0.9732349857552473,1.7500846520602806,-0.18468404809795558,2.009676781764933,2.226672753832269,-0.5832871707638504,-1.4865122038450544,-0.7325547666447235,-5.113231192406503,3.1361153534943447,4.806850841186268,3.514118000362371,2.5382296393092494,1.6316171828488366,1.326150240025723,0.7501125455293707,2.4487840867659076,1.3444535187504787,0.7874995411346187,0.46951895040247926,-0.3320080395954293,1.5800402203633517,5.630741332925134,6.112892341377203,6.422309048894774,9.381799069168583,8.26943579760706,7.082346106965791,7.158163876803768,6.860569625189215,6.29267707012496
1.0225845939475127,0.011859565087649456,0.44671415778822293,0.27129453154470967,0.30852477845200704,-0.5038241086706853,-1.2293147870386505,1.9791692273126391,0.6831690223949234,-0.7985409391903383,-1.8721495839044304,-2.3319182429874274,3.7667267873372636,4.737928159203746,4.578258268904112,3.2927388469935908,2.026246764558281,2.108904617473191,2.804458941446829,1.7680510355351073,1.2392127428794137,0.8733035512400527,-0.2775542121523883,-0.8138623952081112,-0.33182349836636027,3.787243201281133,5.45980776992441,6.809118980415187,7.966339337971787,7.3121167535141165,6.070448490997987,5.786554070370873,5.397587206266695,5.210761891501296
2.217076417166024,0.28494434901863736,0.3562490921525542,0.6993474011799563,-0.14245917213450937,-1.204417344377136,-1.0195226861546316,-2.175673468643434,-0.7007855058845351,0.8051979806137197,-0.248706545501461,0.20283121840380652,4.246733721800264,4.72090286174347,2.732714654824678,3.8463481643474546,1.8478751861910714,2.0539205422054607,2.631567616530654,1.0724540411435124,1.0103791550765064,1.1465955623921307,0.8718644942340243,0.6565399776888752,-0.9947223288093804,1.9405828781034529,3.8309751352461814,6.073669990545744,8.08580625014086,6.838949485194807,5.74952651056929,5.208683215832659,6.550845526537159,6.086230407595193
2.5818744798522393,2.4197506658864,0.9306768456465875,0.5224231481627081,0.2162600225603662,-0.8784162352851127,-0.7684694753587913,-0.7710660769282087,-1.4494265886540019,-1.6135230510051946,-0.9126324628607305,-0.5223766322822169,1.628085942807722,5.358060591125303,0.6624423831084635,3.488804548092707,4.67509377167944,2.8544233498556464,1.3320897480797391,1.4038416953576576,-0.08914072700640416,-0.30859773915638655,-0.38588225689289374,-1.321581238451047,-0.9128016625464866,0.7706236055035779,2.064670255775674,3.708619378822765,6.405831871683314,6.185706768782097,4.533700812001314,4.644635213866271,5.997728930642332,5.407396129769704
3.22522981423397,2.8888795773088214,1.5768127691561884,0.8285249035205298,-0.014703350040981559,-1.4694355345637868,-1.406868408895026,-0.2897265362573393,-1.2086534418483876,-0.6518721670345778,-0.8113596199741571,-1.1189368299521778,0.5640207065831697,1.8614668798030791,0.7069549937935473,2.9650859583977094,3.8002068023450613,3.145307556402416,3.7355193981168187,2.038574565714136,0.7884343448837345,1.3657387064322466,0.6860288546172273,-1.6191138356630455,-1.4760554015468423,-0.5104035271442018,0.359153088188451,-0.13368712933242424,3.4640669555384873,3.6966566897466877,4.234567538114705,5.402139471945249,6.1290112083231065,6.555462474836171
3.509057557578314,1.6171642802525559,2.5408428763806907,1.5238605413860584,-1.2329719300796662,-1.5220086537994353,-0.5892818662578705,-0.1690104067484881,-0.9895060289649434,-2.487901111279731,-1.7778788995709651,0.8201259053986147,-1.782290067119639,1.5001191508298986,-1.360251197969286,2.0447973110276343,2.0803183622805634,2.7391838306589,1.2870827683018327,1.1612409365562582,1.6737530232787676,-0.4775452291421934,-0.22800416963859546,0.9030186801576502,-1.3503033421336201,-2.170879323062187,-0.5706913349037678,-1.510391797478068,1.3956584368634788,0.9005576043236062,2.610185894384229,4.955038408367298,5.3289764320058115,5.717778859985465
4.489782008248684,3.862745190847608,2.5836839117251493,1.446064108237804,1.2362042611595732,-0.5526129901524915,-2.231254850732066,-1.3249447197291206,-1.4761138804715856,-1.2634140687104543,-0.9094010106373143,-0.5221700455085976,2.2420314115988225,1.177765228149326,2.6011590624573766,2.5385888319315324,1.6899512114016362,2.5591268380029892,3.528331630749697,1.6938617136984053,2.9758797228417744,1.6939188550111222,1.6228520891560818,0.5932681413644285,-1.028688290547967,-1.2914495966581607,-0.8949469101285248,-0.11199765487480683,-1.6368387355834333,0.1633237023564553,-0.4636057788352697,1.231115029904604,3.904656450896025,5.696181666156886
4.3638629999301175,2.4290353707675143,2.6121382235610446,2.007128401168008,1.3481137137095136,-0.653855160722451,-1.2149817911263652,-1.858736922276203,-1.4123016737201641,-1.703812666891153,-2.319766453939926,0.5424672146786983,2.0141808772500496,-0.38593937586600996,1.658046289835714,3.508005755036979,-2.262232355549616,-0.6180825563602311,0.8654224141381195,3.0288203908376303,4.1599301373340145,2.6968647486115227,2.2318360768512324,1.5723000640665619,-2.4172812916926834,-1.431811362231905,-1.6488038069385966,-1.7421442885586016,-2.8123366559051184,-1.2406050287535644,-0.7546797651031915,-2.227536892989733,0.0035228535868449336,4.4171465424964556
4.263579491097494,0.5227418158128067,2.875923021138722,1.8086670833352647,0.9191506264090754,1.0204100550847537,-0.7779366089908297,-2.1978945168358894,-3.0267053530701156,-2.4205827503020028,-2.652012352934755,1.1318687915602497,1.7518239505981588,0.2546847188691044,-0.13779083088205177,0.10784815045050897,-0.8588978744827006,-1.4424317099519874,3.179291143512069,3.374792707885603,2.5434923965427116,2.541950583138397,1.9320565823485931,0.06541612213286195,0.4269973797135791,-2.7334758264126076,-2.7213119891323267,-2.085770649218649,-2.7376314766745744,-3.0280174885738904,-1.8399266571038166,-2.1560309354668483,-1.9513065324567416,-0.9181668810172235
4.320237190472973,2.675188239549871,2.1711307949504297,1.76332810843936,0.9115550081905447,2.043642790434278,1.6105184837567972,-0.7946767163180303,-2.659246454992124,-2.960897803837202,-3.1676090506216137,-1.4481623838317583,1.6263287782809233,1.2386934903113676,0.315089195949304,-1.2086717946263201,-0.16448361725493932,2.343123321390644,4.398231845764381,4.299542375321947,2.296095368047998,4.05894287561342,1.5413661244571204,-0.19897121304416987,-0.6041917195284482,-0.1765083490354269,-4.057250224434608,-3.4934440096063444,-3.6083521713983364,-2.77512457747158,-2.13787799915247,-1.7520003713761405,-1.5225635340421608,-1.580135543217873
3.415991094167391,3.0308376420082617,2.6394493042893354,2.302362263689301,2.073035975966686,1.9986764943603377,-0.7202138983764022,-1.9516597649420517,-2.0274797334233745,-2.6219752434648025,-2.2058186070422976,-0.43702505737309977,1.3449538496301185,1.7655565355440872,1.6549983672079447,-1.577516005677037,-0.16057482932439054,3.191198615917594,3.176824229267723,3.2458155665010042,2.891581009625684,3.083145499269132,2.5205594817975254,1.8256448996794417,-0.9449395336141736,-2.333646665411697,-3.5516499855347092,-5.697509188907631,-4.369045409409908,-3.2301805112546265,-2.3245386448570478,-3.597176900762511,-2.0007998699500122,-2.474743502748514
2.174711188258628,2.5641262387885426,3.147441418092303,2.8687416954068845,3.417293820885002,2.1841641649333585,0.5692136446959107,-2.6988670322961967,-1.8310277537589055,-1.2248676062877377,-1.258575865944808,-0.8532915288002371,0.25620268123011436,0.27523829936174177,2.580706002354857,3.0955453229732615,2.8607725936461668,2.2919617906150673,2.5843142203397864,3.675795693776137,2.543172753955052,1.035815958215526,3.318453534158063,2.951296209248903,1.7493718897225474,0.47487122130927356,-1.58371493466529,-2.907763462303109,-2.5805624455378835,-4.488680752570934,-2.6784506698761676,-1.285937725457656,-3.61778718668688,-3.432968183606916
3.2986510695521365,2.578592997120804,3.225374583096458,3.081507071397164,3.1659511089928585,2.1986396288826713,1.55263705241781,-1.915609540402238,-0.48716608742940226,-0.6227955068205104,-0.7464177375886152,-1.3814435761376396,1.9045004361238103,1.4665437814770022,0.03651225889267613,1.482972238733412,1.9672995372842044,2.983379522079742,2.802820025952026,5.973790773350472,1.381436972998052,0.790106882698448,1.0739686960622203,0.6596250160169391,2.518080378755505,1.99851984612256,-1.2036394200051976,-1.2193909446052782,-1.3765715132423528,-3.1167532407779177,-1.6622685052243378,-1.4648158488021885,-2.6753693865862225,-3.1100802932399363
2.7988695787426816,3.7374165037918163,5.159636139534802,3.2835493620835985,3.555887233807921,2.3277962166356545,2.701728005288595,1.5451556850375838,0.236627202449666,0.6410949473336508,0.016689280540167082,-1.0863423201993692,1.9615970504906821,3.4213334262690096,2.297523066252434,-0.2748666091708228,-0.7366179786047498,0.3347291664596337,2.8286800890177135,5.0769734347943745,4.671349114744463,2.8311174409243955,1.368839761850474,0.24396131204095534,-0.8982929843523972,1.966477153511312,0.3331944653748245,-1.7547631965728332,-1.543073126777879,0.1028359090115884,-1.0192628683794525,-1.3266873296565138,-3.337325992754962,-2.4873638048198323
4.931215384873791,3.9035579514256584,4.5641458127365055,0.8472203855754865,3.6308849342554086,4.599506602915189,2.8234549411973595,1.2787373321566704,0.23765940167686647,0.23978429020485753,0.11043937297299294,-0.43621763281672227,1.1046534811758932,2.457821932929365,2.830224233246927,1.2982665503522377,-0.08409990030501828,1.7231532233157592,2.78891349917664,3.3121323176540534,5.973428320503953,3.613258428760141,5.048721549516801,2.3941337550925166,0.5317616037115093,-1.9700651895283885,-1.0631490590189756,-2.4037018360944833,-2.23631314527091,-0.012218381045095808,1.0576802558286824,0.20720243034841748,-1.1614817896485328,-2.175067999530729
6.147147924811819,5.017180546569863,6.27242808469143,4.8958584733763555,3.8138017605557635,4.373648296414813,3.0149896440347908,2.4257215974395874,0.8334155219825702,-0.6507467980940446,-0.7318364917254601,0.0005699081354021997,-0.98740338662487,1.0352682851779926,3.103293092377195,3.337229216598566,2.0701958403265537,1.551187003825039,2.1568246645709754,1.5157983941143534,6.435127707827783,5.927884462613925,3.3056644320384603,3.730661427189431,2.858820976105083,0.9247934417472371,-1.7841389170263646,-1.3728688317431628,-0.10779210771240115,0.3050287801000865,0.9803207216899247,-0.3046151703825259,-1.2052304666760614,-1.4900060833857718
5.400999630673954,5.670977674061954,5.713253330861781,4.351466462530362,3.7743497602222797,3.7187938967441343,2.990311223216049,1.4219220991933095,1.6972752332361933,-0.0013569495448791226,0.07026491633021029,-0.5593743603710072,-0.9188750212193028,0.9372361628058845,1.2161172578023607,3.012758152530225,4.544394262621367,1.6002491570292323,3.581086338102763,2.709330813378999,5.052714616897467,4.32862286717827,2.384672771345642,3.80455348905716,3.032545237736621,3.135544636706163,2.4326270031958313,0.8917733454867881,1.2765068036388625,0.2707613559871249,-0.2339508312969877,-1.1257861770587916,-0.16512036277457515,-1.8073934203436886
4.96233104436336,4.779579865880192,4.3187160891844805,5.064084751600867,4.139234539917206,3.2578014515190663,2.3096006297777913,1.862198391345263,1.3320586463846809,1.7316174373789037,-0.5038220622638693,-1.8461922425267152,-0.39602210729462234,-0.2417121554300807,0.9534634225739226,2.441447979443158,2.7295095142831927,3.3052263653482408,4.287539993837976,4.451181775929672,2.622158246261374,6.051634242593614,4.577606567685943,3.4015104044994398,3.1308228958193367,2.49626929662112,1.9261128473465232,1.3758594605871266,0.9795519856995809,1.049796636635966,0.8596666171466243,-0.7069611078684827,0.4539891107032732,-0.39439437974878094
6.554587646372835,5.042465235346257,5.644829542450213,4.832258723163609,3.7203596365196785,3.0499272195706317,1.8557310793146193,1.805696575762331,1.1889760564702492,3.071029043105525,1.9954756148626893,1.8642146141036584,1.1398383934176914,1.7858999217079012,2.5547724301102055,4.1577488390332915,2.6304875498227394,1.0598240488180322,4.61457759992207,5.677666374980101,6.120535781971702,5.173741421468598,4.872491238545744,3.074571098095765,2.8766372600023344,1.924123721939491,1.7806689407273522,1.2705605366263262,1.910565745747676,1.5508918757615064,1.6469172148809015,0.7926503434227131,-0.43300484818558194,-1.217450854874883
8.035586050189133,5.848696308247509,5.8279801872754,5.00583488770241,3.28271615779272,3.394042608185514,3.255372649858244,4.858405539714654,3.5470332723430134,2.985528837406438,1.2232072100374007,1.6638346510516346,1.6563735495846854,4.5031242091366925,3.16610913822478,2.6534114165816196,3.510961809934133,3.4953777269210256,4.397566133490637,6.0750881077487895,6.350825166836176,6.119049783772014,4.7155078955888055,2.841023433716739,3.1014089043972404,2.5520306447501246,1.7181745999653182,0.8270233935677774,1.9163213128220757,2.9381381852718853,2.5947140783707177,1.2748754252628232,-1.7151097967661313,-2.0528456727328006
7.352076965325846,6.049292826884562,4.876584304677226,4.290911207252135,3.9402962148222955,4.348276563348257,3.6239992362661977,3.2626523287985676,3.330816268329289,3.3328317921166124,2.1929983472519323,1.455485156394428,3.641167312810472,3.359444866009509,3.1081756414763917,2.831026618292682,3.81298108560764,5.64620177668142,6.702990774071875,5.353833785551364,5.03582010179984,4.394052003352164,4.190779936054567,3.5969739277957125,2.0879068937366814,1.7012235292955518,2.2692499828375587,1.3013518221268674,1.9558609112497187,2.627494902811324,2.7060234316829495,0.5621900554506187,-1.3314543600589768,-3.2110841537186237
