script/wind10m.json
{"header": {"parameterCategory": 2, "parameterNumber": 3, "lo1": 3.000054539987559, "la1": 64.9999836372058, "dx": 0.5, "dy": 0.25, "nx": 34, "ny": 52, "refTime": "2025-07-12T01:00:00.000Z"}, "data":
[rows 24 to 47 of 52, columns 0 to 33 of 34]
-3.811258037531439,-5.599644981000213,-6.509836276502937,-7.286071076806939,-8.317814611918402,-3.7153161949746383,1.2200388609540511,-0.5298640498302992,-0.8479589737593968,-0.5759292560032852,-1.4557144330085683,-1.2341827255090496,-1.689225107126201,-2.0039668662096335,-3.0206019391614465,-4.125941824977638,-3.0566932264791307,-2.1849983257508643,-2.745155733916309,-3.1430144123215538,-7.054651621985168,-8.121126387689044,-3.382077253492024,-3.24250679433374,-3.8989944385733883,-4.771250944678393,-4.903651125103154,-3.503793419240348,-3.510070269091055,-3.6673211141921116,-3.02275274258008,-7.914676798004136,-8.063272813149228,-6.072996464051899
-4.780156034655382,-6.105414579980153,-6.796210418370102,-7.276919004918824,-8.448854165729035,-3.110883868395898,-0.6256824629182668,-1.438831947351861,-1.0881101322559241,-0.9162715910714432,-2.281579616078212,-1.4206733511418939,-2.116476493160343,-5.119039820541905,-5.75675537114325,-4.829011776411851,-5.922604359182122,-2.75182609085068,-2.7907956535157523,-3.8804574512886516,-8.551127186732588,-9.991282125121955,-3.172242120277819,-2.8872808668364542,-3.293711274120745,-3.746009002384838,-2.6116711435753754,-3.422672727168101,-4.476455275139692,-6.2950341591589805,-6.414013376339908,-7.810039284365815,-6.022080451465033,-4.14965770059878
-5.25197060644979,-6.361280096860596,-6.542781332536703,-7.211640905106967,-9.304287682266228,-8.329142203526043,-2.4256765557052216,-0.3498196979002558,-1.8508952869122477,-1.9650671362753587,-1.2848688437146996,-2.3061602499862666,-5.0745177660669745,-3.578799311363741,-3.651084004155874,-4.152539490216224,-4.683328137666885,-2.4080810486991653,-1.6789025945640275,-9.846876616813292,-5.522954312092007,-4.11474255873352,-2.9844043444102115,-6.084559368156345,-3.99486195231659,-3.356186070862654,-3.4669554072836144,-2.6549389998236896,-5.3889254481053435,-6.537178979998598,-8.591446199443045,-7.476433958833569,-5.802850633913521,-4.348664000411279
-4.728401695463858,-5.894652767900659,-6.16281794902087,-7.779128479167626,-9.433051977639217,-9.133655535136883,-5.700935292707789,-2.2944515326530124,-1.278943156675153,-1.6128985486402279,-2.0473182938342585,-2.151432664734857,-4.86142221577596,-3.8980899193546827,-4.778033142096708,-4.506672359883461,-6.340909545561634,-2.437896165021082,-3.151740362690932,-3.4835080654745396,-5.093770074399473,-2.8165033997417104,-3.2537602212847534,-6.675481597244541,-2.5967236454044227,-3.0868585020678854,-2.6905765802217236,-2.834836160329448,-5.837657081244884,-8.398433726090142,-8.827857745474741,-6.98645614016196,-4.397394450026214,-5.798980251624861
-4.675431595559574,-5.776856114366627,-6.3385801389199,-7.803955068793269,-8.649138028814454,-8.807551888190265,-6.664206724934432,-4.542357833609785,-1.0008421096700806,-2.2316747588048957,-3.4366645289433797,-3.328389253012467,-4.684846205663001,-3.530058282967195,-4.1636481711532545,-5.366633085513103,-7.193562616659131,-5.282469906257706,-2.886503450239149,-3.069571341450651,-2.591305695183233,-2.7326544426449058,-3.457894403444189,-3.323917169048593,-2.5255325129925135,-2.0149779873906106,-2.4027977337661635,-2.434794310443281,-8.72637025489993,-8.773362989896397,-8.369299768973452,-7.937906531812155,-6.277083926425252,-4.791649539083671
-4.7068655999870765,-5.743569153647625,-6.520890235433383,-7.352832948636119,-8.280525221285835,-8.712772780760485,-7.280193092899863,-4.868990552030022,-2.648068178549233,-3.2750384528215633,-3.102313757070048,-4.516273248880527,-3.0479453965270555,-4.832850257633118,-4.78279115704508,-6.806915365042407,-8.594685210689667,-5.6143586760017925,-3.99796546371593,-4.223260400279365,-4.227507619500273,-3.5444690471928473,-4.094874580605916,-3.2985824436180904,-3.0491561517108248,-2.394802307784459,-2.1293146410671184,-2.6195124961248633,-8.782297091707239,-7.995837453550396,-6.308220218169912,-2.115583256279517,-4.8004672316225205,-4.56408967945768
-4.650788582723286,-5.504920104262815,-6.275093365791339,-7.432541873414299,-8.694741648452515,-8.270550151070424,-6.852320092972264,-3.885470644815683,-4.241196810084744,-4.508127757397965,-4.383591522496366,-5.329233677304925,-4.428706810557904,-5.701949983279573,-3.4023859497339415,-7.746499021263394,-8.479071664750828,-7.315680678217813,-2.9626481730767846,-3.1093578886915325,-2.75259129495256,-2.951609335333677,-3.469722572948634,-3.2714235829139895,-3.108567858005839,-2.769401526749606,-2.5431970750990915,-3.644171264391862,-9.553831239173014,-8.455171730525475,-6.139780656482757,-1.5835773459224518,-3.362801402159085,-1.778404030845111
-4.958828923561623,-5.490806210636727,-6.473022719096912,-7.591502688796009,-8.641777177497014,-8.246661027292024,-6.125987322816848,-5.41589753508329,-5.532310241342381,-4.891571514295075,-5.1335590871659935,-6.047328966428997,-5.979999552314594,-5.760356428618721,-3.1103022917827046,-5.040244493557803,-3.6795215284476184,-7.481074058716558,-6.956134191741716,-3.0107000294315376,-2.2631110901688163,-2.969135291796085,-2.849925665640253,-3.2311868697670745,-3.0552342427090267,-2.352957314004954,-2.9215661939999547,-8.882941977653255,-3.785578644445992,-8.89920084369859,-4.591434801480022,-1.986527983777573,0.8076094045801777,-0.24062632674316473
-5.437082906358596,-6.126310645252249,-6.375405075538131,-6.875193145133165,-7.87183908015653,-8.039584879730143,-7.038219699861423,-6.620821041263948,-4.613314374623762,-5.95289937725594,-6.285571949775625,-2.718029823591405,-4.983736948689693,-3.25089787301113,-2.9969429686855307,-7.559052967666955,-4.821447662414277,-6.432679395243751,-7.417322721663314,-3.6301930291031654,-2.001687485559758,-2.251517658209188,-3.556960324608476,-2.8704057228325,-3.3220808535298456,-3.5066616853431882,-4.097233465468498,-9.127122035212423,-11.100735723384323,-8.812220722814773,-5.774730141756649,-0.21520924771427247,0.5107224870863093,-0.8491144762768817
-5.350819142472247,-5.818529463479396,-6.246985119271001,-7.604040603996807,-7.882156551470079,-7.974110385179789,-7.184512187111407,-6.525301480407253,-6.571277675157708,-6.371883024049061,-6.168624992882699,-3.7287204579961304,-2.826078800404736,-3.7988699868628806,-3.584829438090094,-8.207648389150478,-9.555680549208027,-11.413226054066003,-8.841457079533592,-7.009594131258382,-2.4308391441229658,-3.61175496244774,-2.8338695206692153,-3.551162241374173,-3.179771917854205,-3.781332355463179,-4.09711725759577,-9.453587814116197,-9.176080936911237,-7.549124139747819,-3.8487865545003555,0.22545502222892486,2.083801925431436,1.4542795565611146
-5.206566510604699,-5.196699291663918,-6.9606180748064554,-8.172989392075543,-8.305007059999387,-7.510245787514397,-7.953161272738631,-6.349404174208814,-5.690112837022374,-6.010029396497703,-4.57404120770499,-2.5321148644668834,-2.526208221117587,-3.055306137973268,-2.88960456531344,-5.922053660109907,-7.671248761406717,-10.249272053683159,-7.963747260326221,-7.596501965936657,-2.1950681111850017,-2.674423397267523,-2.9592513295550935,-2.6679318948100343,-2.616234246891539,-2.9988132970602877,-4.245223913576411,-6.918306833539011,-8.81967555280899,-5.739085751420054,-3.6640871571219917,-1.3484660169922464,0.7895291080392485,1.9551343631862697
-4.90009351507681,-5.787128748258872,-7.266092423291002,-8.006931568223305,-8.123744474478075,-6.256575096334904,-6.275437141081204,-6.762776431631219,-6.361265351481956,-4.971390521679993,-5.576475587529187,-1.803971357177086,-3.163166134637328,-3.2745822436761363,-4.023289303924295,-3.3839988619562225,-8.473488553945138,-6.487687751003333,-7.145039715966908,-6.008489138458417,-2.4607832857922545,-2.8987330655849415,-2.8765876165536626,-3.0873097168650583,-3.5871788538561176,-4.056680793405399,-4.779820276576578,-10.279423611116451,-6.266035923483416,-2.939305695619276,-1.8140207471222616,0.6126124367940287,1.2271337298927723,4.144132507674174
-5.281579875346604,-6.463498397713341,-6.197720100192461,-6.8963230963715585,-5.937792283698172,-6.823235579009432,-6.820666648339282,-6.5173052022506335,-4.7434904608634465,-5.1055660330726305,-6.083158495967122,-3.9784584583839955,-3.2885371581294214,-3.113561631283807,-3.9841199241957397,-6.9484652117639305,-5.600731051318281,-6.195276835371126,-4.107081653957317,-3.9912047003724096,-3.1877669370800312,-2.6653614442321856,-3.0251087280480204,-7.312969229243919,-5.623425808443025,-6.652893573728747,-11.919269612621498,-10.850200885655047,-5.987157332170979,-3.351715627186938,-1.4256148522330063,0.6479598571815637,0.8296403889196474,3.9805811880876734
-5.305956728588226,-5.614312815529229,-5.978454959863396,-6.114311892865416,-6.321096457752916,-6.560454495119472,-6.793659192221413,-5.538360574400201,-4.672735296417169,-5.187808102792812,-5.127697556130361,-2.1044825639499662,-2.511309381693532,-3.031692020725483,-4.852885083264909,-7.2914359627772445,-7.612459228507202,-2.623853822720116,-3.946878973786336,-3.955773642670681,-4.262385595905706,-3.9917838243363595,-3.5743153264374623,-7.5406633687975795,-9.330664286626691,-8.655139810036712,-12.419600922673864,-8.958183542800764,-5.348260704698981,-4.311375475186301,0.714955719078261,2.7767640744629336,2.0311329440913983,6.00526463324317
-5.553841802109437,-5.662508592678851,-6.505454140089549,-6.411638025751312,-6.669458005480313,-6.4861699705541955,-5.956020858274882,-4.767313341965735,-4.562990386465829,-4.906509021405376,-6.150272956450841,-2.6809648573691236,-3.7516030881832347,-4.332950189042623,-4.2924958882678865,-8.722812450457715,-4.721207023446047,-3.7017355848164333,-3.163451844941494,-6.5667237266012854,-5.797327561973688,-3.0572630775093637,-3.8409501405740394,-9.419412159528349,-10.435980046437457,-12.476480366328039,-12.823366823223925,-7.616946148867188,-5.784094416408369,-3.473154876374397,2.5665844861967364,3.000340326716833,4.488037810905392,5.253191650198585
-5.55339933265278,-6.0581862530653785,-6.78672833632511,-7.158958159197386,-6.80298985357351,-6.7313943563202,-5.412389190477722,-4.348649350257465,-4.232073780338346,-5.170375008518531,-6.531003376964943,-5.655947570484919,-2.8530932059952265,-4.5683782133018145,-4.582095269648384,-4.509269002160022,-8.365827868073394,-3.272564435216641,-1.841024014696726,-7.103286402358216,-7.8752408583014315,-5.584933605404198,-4.473661854526674,-8.348138912626794,-9.753018089180383,-12.069573248022452,-11.32487311135787,-7.553443162189255,-4.531657732725184,0.3733093947270938,2.3016019053639964,4.2446003776102685,6.88679569569399,5.5704798656892125
-5.584259882671255,-6.032339209211073,-6.889716539751439,-7.403968429333307,-6.739426017125792,-6.348574404690605,-5.148470750535537,-4.923176991685069,-5.5754128612894185,-6.690898032697887,-7.894045347764055,-5.070631061220936,-2.893892134066509,-3.2543524206062795,-5.000753484697747,-3.374328456876494,-5.213290162401224,-4.126444082173239,-2.267636204199643,-3.6314101808241532,-8.092496331657127,-7.164774772330941,-6.386902824389969,-9.286649200755503,-6.065607193756182,-10.628350738864686,-8.924133490650751,-6.16074284179552,-1.2674815972959288,0.9155489642642934,2.770997602645248,5.679756973351734,6.140258262143885,6.0000187979902515
-5.309299241207663,-5.817617122789441,-7.028104997970816,-7.002629471081039,-6.6404204022425635,-6.237086961830631,-5.462481038888081,-5.634082844580458,-6.691694788683894,-7.880273249272715,-7.215409704274487,-5.415146807000777,-2.4697823427496073,-3.0572771761775637,-5.345348398786886,-6.117097781487183,-1.9046294447969152,-3.4152732512905777,-2.205237844558629,-8.337062875281665,-8.669134050953504,-7.137548545352309,-7.561470114982272,-8.133999811598054,-8.043623254043812,-10.17345539731629,-7.862428027843863,-5.628671172850103,-0.6383768150825084,0.5794373816567616,1.0980039759541598,4.221360224765107,5.58924598728349,5.32286350880151
-5.129213544698707,-5.7201482441054345,-6.872627613339947,-6.7972476326284355,-6.702917993759524,-6.2502152158512105,-5.83632600885282,-6.244709927694139,-7.134789190049906,-7.39874348470844,-7.481169982267542,-5.7933259036102065,-2.6601751247035423,-2.3433294488848144,-4.4015018033077675,-3.106550744091874,-5.186802115659693,-5.968565580255763,-8.223802383428929,-11.236872646884477,-8.099095661610871,-4.503851729760828,-7.771630438216845,-7.093059712095287,-8.444472673116408,-9.452995661525744,-7.938291525764788,-1.5746925997641936,-0.655358777276524,-0.0507480595478062,0.2404553383730823,2.1035961925508895,5.900933419815513,5.658813652332963
-4.969259427973695,-5.98710280375137,-6.569385960659557,-6.602246364589185,-6.710255805818679,-6.50416865305436,-6.208062152735891,-6.423217330182307,-6.8047337744307015,-7.262667765919828,-6.8875305730045016,-6.305036723884125,-3.259184222905152,-2.032856777540643,-1.189546883429073,-3.4153377708262767,-4.256179918116422,-7.984676739014286,-9.031046193206327,-3.7029049409125174,-3.1206391501143935,-6.501191308824413,-7.728478465937174,-7.4868812666707525,-8.610747630273547,-8.252763858468297,-4.481595509140539,-1.5188484838589034,0.14120524597275574,-0.0940580804102302,-0.6264822442575817,1.1670799166902288,3.3955046583391306,3.086911378908842
-4.434390645386197,-5.792623279669352,-6.068687298550011,-6.365245144461822,-6.56281229609175,-6.793513970440021,-6.303555795744769,-6.358695896908007,-6.935675300879544,-6.938165118247543,-6.945351621672176,-6.615016343058186,-2.5624841539864924,-1.3244726683393664,-0.5513337044777441,-0.6379534630400597,-3.6609227571004204,-7.520663927180364,-4.9812597863462065,-3.030835744110715,-1.4979702686865364,-2.8070468023482515,-4.911103068975111,-8.559300848026494,-3.283890861835368,-4.0484269000353335,-1.3589243262017507,-0.6651782899124918,-0.8062112816408784,-0.37912212833929,-0.4952469070213793,2.1228447371930823,3.3420189012016106,3.4629632977751528
-4.286244159820306,-5.9462324912748885,-5.993473007289797,-5.474111339585462,-6.215361020236011,-6.927114317380147,-6.739176696266071,-5.978416818392942,-6.051989878673976,-5.753942704019829,-5.271625258795379,-6.249023264860446,-1.027388032784067,-0.871871273624873,-0.8606813082049198,-2.2089324004654394,-3.7461998457160224,-5.563660161574128,-2.955930345952801,-2.4031589221021648,-1.9643159314948622,-2.723607298484685,-4.235919954600284,-6.7767332933744004,-3.272582111613824,-1.8185914863917798,-1.6566679565666511,-0.6017772177862838,-0.39728714728948966,-0.8188942781621129,0.4368217676857435,1.5946072818591943,2.4599058987571563,2.1018525845619065
-4.148126718922538,-4.545798695921054,-5.654316342524353,-5.943075102589721,-5.979448797735292,-6.144019416100231,-6.479398122664662,-5.598559321583274,-5.455471266805141,-2.342869006520239,-2.396720812283057,-2.1336131554025277,-0.38408548743134224,-0.8331472833223397,-0.6719505637862495,-1.7000073149453039,-2.0690438254004038,-2.3624815146207045,-2.6442378887687976,-2.0830417129007794,-3.2634616262534872,-2.9453124888035447,-2.170484670541376,-2.2336143524954104,-3.1519964351295156,-1.7879496799742436,-1.0162471688105998,-0.6499857232368292,-0.8124987381923097,-0.05698683855410924,1.186189738423753,1.6569974389877233,2.8793978022011633,3.009760051192844
-3.368252033656367,-3.8784832200252044,-4.6094996892125515,-5.298281711907819,-4.653515335205542,-5.782435112008057,-2.051559036179232,-2.9862939304044422,-3.6839051738063135,-2.6594769794376463,-2.051208466707635,-0.2853379145924724,0.08421844154944225,-0.6406875495260299,-0.38807840349080314,-0.9681715653164721,-0.8879759570787983,-1.340756879033599,-2.5678308211885255,-1.1196973755679995,-2.456163334679018,-1.9233960722082453,-3.303690301338062,-1.458715011737997,-2.4162966789265563,-1.3470663652373085,-0.6328646808978092,-1.718464410822499,-0.4889983101413929,0.525702196508484,0.9390613590261344,2.572201514999655,2.8142155121599544,2.9755165816371534
