script/wind10m.json
{"header": {"parameterCategory": 2, "parameterNumber": 3, "lo1": 6.000027932988019, "la1": 58.9999434238085, "dx": 0.5, "dy": 0.25, "nx": 22, "ny": 24, "refTime": "2024-08-22T19:00:00.000Z"}, "data":
[rows 0 to 23 of 24, columns 0 to 21 of 22]
-0.21897676606605734,3.6519489806781325,4.811956790067741,0.9010958766821932,2.8380156644721195,2.397100048014017,2.3906689030326813,3.441596452204292,7.2247116651626,11.787320153460167,12.732855860251094,3.85303529180851,2.8731401457704293,3.909998982022774,11.007012125377354,10.861860462471661,3.6728868301857327,3.049769946705459,3.461765200871802,2.6824337895847625,2.93418165452447,2.9169343723694787
-0.144783081613406,2.441477901634197,2.3244339124910423,2.2028286975885147,2.425697128345248,2.1542291621858807,2.4911045688624447,9.9307432434609,11.070839945406059,11.721075482099293,13.744010555320958,4.054360450957358,4.063363188546261,4.739582489309689,9.735650909787513,8.429033353592892,3.0850635717379427,3.7274363708950884,2.673268592066911,2.19682525946708,2.6926762265367654,2.621012155906884
0.07902623576847792,1.5251098820190743,2.538491095014044,2.147762125390537,1.9483649724699197,2.1453761656417414,7.541255001219613,10.776796043575121,10.744123203064005,11.62207761470283,13.823126134106992,5.359306947786997,3.357981386920076,7.838080996507823,4.88376565474741,4.181047189257808,2.8209416727498313,8.18431450147333,3.494284811353542,2.2661607396799712,2.599015581344646,2.9197353718392924
-1.3262931734645103,1.6523292186161402,1.7522416749548329,1.6996997440758872,1.560296132141373,6.710700509460969,9.144715955284928,10.920192964615755,10.631087036975192,12.098455314485282,12.780278469921987,6.912835791450575,4.344291577697094,3.5993065893431493,5.361423145586422,4.444385859608714,3.200634996083716,10.037601979188494,2.8446027275749985,2.62129736140257,2.159864401735713,1.9789173735125003
2.1668526725807826,4.6528783600547445,2.344289389243917,1.747163300294658,4.94390238433637,7.120565830558136,9.094327785691242,10.667700947418616,11.222117713174324,11.305984099618238,12.795946467961956,10.503447644165528,4.676286666976526,3.6893329780701434,3.9287193388905153,4.6333944043167925,3.321262875694594,3.6545642152987714,2.8835150244771586,2.3047522196265864,2.098693309573734,1.8773906746919777
3.314314698310802,4.402238004085685,3.1240732733342886,3.791256252128219,4.519079688094199,6.992796100767591,9.47927188270441,9.700770414015858,10.400000199620665,8.851034264646861,13.637006010955249,13.380127813534125,7.747452746893211,4.343815501983801,4.189907420669746,4.281947361887425,4.0089732026732685,3.420178735804718,3.1765876777412494,2.685534081527547,2.388340776353023,2.4543501206054725
3.424121892017787,4.477476415230792,4.771011320321146,4.883311843471824,4.805880775140994,7.221895757264857,8.659860366097776,9.382146720902373,5.6078294057828595,8.916507794713768,12.83168022345742,12.942776413938745,5.548111886780202,4.225740959594954,3.332447965460263,3.7498159447089154,4.005023928634956,3.6154772124061267,2.977237387406729,2.249430706625628,2.355770928049919,2.5770614290539657
3.0279053940086174,3.058183163219507,4.461312464676776,4.839556400668483,5.652002780310914,6.142138545616488,7.807033027262866,7.862909784784338,5.673243392369191,7.76173658073369,7.7538850931343575,13.569903287963527,13.735971845879302,5.174636162143281,3.361595204103991,3.2745850912420265,3.4091887495174653,3.2472945031553437,3.12398894753791,2.471866819128595,1.9981489650180768,3.803754203735634
2.541875060601613,2.7447041599819944,3.681963829092079,4.395295544925585,6.2226306064035395,3.085161090710155,7.519162691925494,5.180983625201202,4.847957796414014,12.05464459746482,13.422280632598017,14.012853549646115,13.708324361069621,5.221280658057245,3.4867587890549516,3.2452136447071798,3.730814240430725,3.051383729496419,3.098221574303294,2.917684246332563,2.7921261553263714,4.047398236032515
1.3224914019287115,3.0210075973626074,4.461015408530722,5.951546794727874,6.622518022499416,6.323698634222866,4.572072164639011,4.864860237082658,5.196409261236386,11.626862002720285,12.128505233180096,12.44004280382677,12.784244347894756,12.035691209056475,3.6134194146643868,3.4589276326303717,3.286572268290869,3.2495849162415955,3.1111420387441138,2.4724892926234427,2.269718922628845,5.7077627108609565
1.3595043377968548,1.9662136412699143,3.131588760954222,6.515118765156037,7.923985355213015,4.710506967320472,3.596221290383599,4.699337948538868,5.939205610505524,6.354022107064772,10.906960122572755,13.424631578393164,12.432104816562452,11.225711103980546,4.7256958296353915,2.7081680289444785,3.103259984734033,2.785373870562704,2.5633648583819895,2.2361889254534564,1.7871323631933975,2.9774244518322437
1.5823167823082982,3.4923043950404686,2.8100132600958494,6.11749108954467,7.564672857454153,4.022585295220441,4.8897633666447655,4.8575458449113285,5.4112355072463005,7.200129445344979,12.739785579064705,12.446126712084347,11.359994520871442,6.7243822846974926,3.385912630987549,2.780257534436636,1.9689006830366795,2.007616948540385,1.768669128759207,1.3991879642560794,1.4660199387839552,3.6840493902664995
2.25213966288045,5.599373592926424,5.786597329013612,6.702697319083321,7.14189173842989,4.728566732613618,3.367677150675527,4.141478614596656,6.638358604169454,10.797557848089326,12.17633642068878,10.292397583448723,4.613041885771661,3.7203476644186524,3.928071831989869,2.620666742643715,1.9607419941095392,6.774659387559793,6.315581057197136,6.521070486299998,4.3343551286068935,5.24577972512913
5.1038847824460785,5.829888737558443,5.696674885274732,6.848123162756301,8.312743190518646,3.9934249601777125,4.131674959000977,4.532531824684998,6.9139593130885935,10.787565324527574,9.669668201690481,5.528022651910785,5.294827115307389,3.5292602461158813,4.352339159644554,3.4292657171137195,2.3088798293251696,8.062168744316594,8.65335663363972,7.5498569991033335,6.082756781868983,4.86257678194114
6.039482702654499,5.969873538300689,6.725157056444003,7.124012729188821,8.026147392343988,5.111604876594049,4.481680285295369,4.772599989758119,5.500525706735516,7.912481146562334,9.895150297407426,4.893412783581802,4.142381334138623,7.725725259330362,3.776617134785662,3.4233302812493385,3.462125759483016,7.887627416932626,8.103766543685975,7.907989755478734,6.765442074275479,5.642586055081299
5.931231165017217,6.768636527720982,7.167310720878512,8.37234831777197,8.060450473790091,10.039950166975842,5.486690969569619,4.840787850698722,6.0911021824057165,5.543370778079056,8.651483684826184,4.981136179844335,3.559398686792476,6.220046703494822,3.8462542143327774,6.110713930535051,7.231453904214596,7.990506381067272,5.540373974586615,8.25264303232023,8.032002173758029,6.8421042623930886
6.440604358398725,6.888719059895646,7.629918540361284,7.70173744559063,11.581541182549575,10.532180423238493,4.790101415391543,3.941391536096409,6.930482627716855,7.918224971967129,8.978643421223754,6.424182013828499,3.5638553364914176,4.130747357503287,6.941040567810383,6.316632683825995,6.382759090276984,5.39513415711542,5.490165372701391,8.874218285216601,8.356920754176656,7.536913775882463
7.007963726616273,6.727623260491725,7.709214124613474,12.038906106767866,11.440332828424472,7.896135775409205,4.417313147604331,4.158949936592401,7.725668311629325,9.626876797737019,8.159005764333983,4.648511743125286,4.225728659028976,7.190078585940957,5.918089054060451,5.86788928735118,5.164218950263539,4.231793880529185,8.750361625248523,9.573530719804625,9.113719074574034,7.236962494194559
7.17734505698602,7.4055678348513485,7.58432019451557,11.344080081498126,10.65902593218797,9.522989213150156,6.489964017584707,4.396956795376325,7.0773776297456275,7.839287135053234,5.272045876087917,6.633556138962261,6.9149515645786215,5.253828407719771,5.046827593370475,2.3486102104457776,4.165747083713433,4.546035430886997,8.842020707441398,9.310207797932955,8.177770876042455,2.977089597987744
8.091334379671656,8.13183378601979,11.188395355157235,10.680813826099481,9.70750161410357,10.08758939668554,5.799003149698319,3.6888406209819715,4.78848157296403,4.036015502509673,2.203868098842146,7.037417328482256,5.7252760121925945,2.291940017718572,2.0873431097839408,4.58980187149979,4.049421821673113,7.509356414204845,7.999750622547644,7.022488582292756,3.236081238540256,3.079384265903331
8.620696082120624,9.259830450424673,10.983360064850638,10.232033915119091,9.62759711387278,8.795408054710636,4.63679897974248,4.329759475515262,3.4116464184435857,3.022411927689831,4.22416200488138,3.186957507521759,2.5090163560979835,2.956590709751869,1.779497121763065,1.8207885776843442,2.280930250251295,5.631172000157478,2.551081812824072,2.806225888122647,2.6933009068133837,1.9871420317070108
9.041767897215285,10.466116915953917,9.846291354258605,6.629038528181074,6.549828428698887,8.348084741396946,4.411903671825278,4.557425211182547,3.4231607263718353,3.9081345116637216,3.392453766620969,4.170133376507595,3.46480044363172,2.3559729949120456,2.598383357339246,2.060712356052126,2.8263017010344456,5.953029786719761,2.770751988934084,2.6037828756124264,2.743597976046755,1.8224640723574574
9.256346495473881,8.609197063747214,7.169393004776245,3.615914091418123,4.365845528561694,4.700577098114816,3.088035101907142,2.847141393911349,4.021422637209803,2.985989487887677,3.613315690227604,2.359418953152267,2.9229464775009584,2.4345104789521534,2.659610397116474,1.90860139188608,2.017936363567998,2.5577889621685435,2.85620441404926,2.197763685024365,1.5177802801753462,1.8064296480335598
4.337857759152083,3.3708972671377033,3.6356955198429826,3.743217936695947,3.077018793053051,4.137573409714567,4.043060764628788,3.4960550286688843,3.0883039072854146,3.108196226153072,1.6057465008285525,1.7581288394340822,2.7802066025468117,1.8824773184639927,1.5354614908952156,1.72948423180032,2.6453586415614687,2.391568467149801,2.9946577626151463,1.8494564222432222,2.042522184646368,3.0894484515144405
