script/wind250m.json
{"header": {"parameterCategory": 2, "parameterNumber": 3, "lo1": 6.000198445256149, "la1": 58.999992894266676, "dx": 0.5, "dy": 0.25, "nx": 22, "ny": 24, "refTime": "2024-03-12T00:00:00.000Z"}, "data":
[rows 0 to 23 of 24, columns 0 to 21 of 22]
0.15356576268597938,4.999809210363807,0.18380501273469751,5.138663723866603,1.55088349586068,1.5583932832464698,1.4742247171539833,-1.0028740762316048,0.02564264097591795,5.9729644425756465,-2.4993034158487792,1.3660126962839374,4.583251337756699,-3.907629137217129,-7.881231751730229,0.7794084739290805,-1.907714587995202,3.650449325117621,-3.7059418813777154,1.1403738552434972,1.5843394450722177,-3.7673533855843755
-8.79887424762177,5.936127654334035,0.43102433910412413,-5.828706804434558,7.133229829378936,3.5626488730604313,1.0296477435422742,2.9211552427693217,0.6116525670321351,-1.8249680805910053,1.544919583451615,7.144723424555194,0.28877641200085763,1.4584626508174292,-1.6211137401789877,1.2938912030348901,2.4498197002014717,0.4060549810814702,1.2759856256819688,1.774698636827334,1.6973036432300634,4.425377302797852
5.592762569152562,1.266722426187107,-1.5267367997947499,0.7950277741271331,0.3568789353289714,-3.6439086450672917,-1.8996394855314596,-5.486896247033585,6.060103446670906,1.4245770612542132,4.6272952929170845,3.934646073535795,0.30292246992725913,1.7276429982025983,3.3847576930775265,4.1642506050976955,5.367998334849835,1.0048030339434488,4.037416128993873,3.8621096249678235,-3.994927483945176,1.1145067267356892
1.837117111180025,4.484630065801284,0.11554101389108586,0.8964972458354832,5.967540123966198,0.26648387368644016,1.169366958392253,-1.4862442442000534,1.6483718270890682,1.6941524112211992,1.907147485408176,-4.385138269735855,2.5275179393917826,-0.0794363989304166,3.9560760052827395,5.684337703505341,0.7256638268230926,0.9056036222093115,4.653066113872427,2.038012584825525,1.0728928389487484,-0.5770398157459313
0.8848953701761487,0.9602737505038754,5.269648349750942,3.239716349986434,1.75500121811693,-0.23149538141376266,1.4345014098220696,0.0256191814563021,-4.212394035317675,2.0200842702557673,1.0153715425907632,0.44528349300049613,3.555868660530124,2.1264571011257742,3.4968709951314905,0.15092893988624453,3.5024864762085888,4.535456040989357,2.6436379734527162,-3.2635772794376527,1.416212293796161,-0.3809180630205017
0.8071737168203094,1.2256785362125173,2.5313774357927934,1.6517683717179437,0.6855077924406573,4.19753968779909,2.934104928086586,4.086093157366536,-1.1618769438976302,1.4574562736973535,2.225851458051642,0.40911688302843247,1.0237180978500524,-8.33466484936066,0.516669734529345,-1.0465411264003293,0.9428602331785167,1.084460078910884,0.13162055630853292,4.577297632563882,1.7549030521724565,3.6732287238432058
0.5989580176384243,4.64419226969658,0.252085441038214,0.6968342380756636,0.43817121486509597,6.063583435067324,7.479281043767353,6.7452741639661475,4.218463677086323,5.91566456931312,-0.4853800283809385,-0.23581996003716157,6.311962033313133,-0.0498740588079665,3.2872870717847023,4.127866587595125,1.8917211761381076,3.980517700559018,0.3100932614534959,4.55273673131568,0.9552750320966357,0.7806623657249873
-0.38573555266440307,-1.8205365987558952,1.0911237680992933,4.7002229117714425,0.5443808406113391,1.530132369056189,4.622654482843394,3.538902495684533,3.5496398708165717,0.263788508867398,2.0116700646556898,3.791015145397462,0.9067245192121935,-0.7991416939412127,7.074139166011546,-1.1994043533435925,0.3137493145523253,4.41125027506816,3.7508939402652755,4.55979585142802,4.519259297099255,5.434869069006405
0.9384278608539022,1.3888794432172977,1.544521146191342,1.256585997639077,-0.1822254825154706,2.5317293907418588,7.559893884664661,-0.15851439839007525,6.839316310577769,7.446568853436467,1.3572233533064817,5.986899645868544,0.9847838036696825,5.509133394160429,-0.4369065801165351,2.1806986322177746,1.9229386141270712,0.8190461470060328,4.510851066567954,3.0780216666107068,0.48967534157357095,1.1349924992403522
-3.6408533458989463,1.3870121148474093,-8.627991471111123,1.0749996655315157,4.250163956180828,1.8887346544404364,1.1897903541766404,-8.642065027646533,0.3905611707058188,-3.245843627418676,-0.7134437596395891,5.187633386975156,-0.7497858540510751,4.604455140945129,2.273866283218229,1.3747297288845646,1.454909783620873,1.928005338897536,0.7251444840467667,1.4427848615629326,-0.4373643040690526,6.578606761102734
-1.9452724349938655,-5.576268849888446,0.4903093130380202,3.99310670292424,-0.1491179047237013,0.034275680963917435,2.742319886454589,-0.26364708234311557,2.9769819044604957,4.891263960860776,2.7244283807490923,4.821526201907818,1.24718403207505,4.31540565790345,1.615393389187747,0.5942270259258907,0.7205089958256355,3.192598894263427,0.4691665505716906,2.216510083138212,0.9371154600255704,3.8129099846790644
-0.8765546926842526,0.7027543601796883,6.428886067964918,2.4884052596656554,1.8900266686097515,1.5075285572821742,1.641183707490461,-3.89118048689943,1.1892902396783367,1.3416313723987296,3.5336574987023637,0.6459997258444256,1.0858714779927896,0.49185754458375935,1.2383965587212538,1.8023052331677019,0.9466750931814023,-4.285497413893583,4.002505551543792,6.861945456021418,0.26619807262210043,4.681128384375537
3.9999120419270358,-1.9486922830372349,3.181549751084079,4.839951533634298,0.6738556337863474,5.3358575086176785,4.028506295542668,2.6480738719304964,1.677441413307727,1.8457396753429383,-10.354202191998441,1.6141495505001149,0.44668493251259206,3.954085142507903,6.637917656881368,2.3073207056889697,0.8241434850842541,2.535306733927279,2.3564872840080864,5.592480427093173,-2.7819231859268245,0.8984751546139439
6.379562466750969,5.550113932097148,1.0406842394970675,0.21661382778317306,0.5648222524781694,3.9931759921604866,5.66180383798893,2.904823852272835,0.4800796662050419,5.392095267687514,2.2973933068708123,4.130937051968151,1.2440214447294644,1.9063459459505696,0.5866792323760013,1.3483537746457184,3.796488639490802,0.08883453419089374,3.533178465395436,1.611804255402906,5.041540039347277,-1.6537590822703647
-0.44897561420073645,0.09892341361286298,2.70344475911791,-7.541329194160691,0.413873922578595,-1.4542882657729292,0.2478551984917869,1.3240405688634993,2.391404089626548,-1.552447462837046,1.819833841799754,3.569018751024001,5.724584882107508,6.64406164010396,0.27528842080399,-3.672341873390597,1.7242744422354508,2.717893434708971,0.2918108794713375,5.171302604878389,2.658322117766532,-1.118721631111219
2.337885492745081,5.377093912664531,2.332314430388905,0.6405284383334473,0.21522381742680624,3.1863590382996407,-2.1037406101954734,1.5435769499492678,-1.2439990782355084,4.1677317053736145,0.9502277342559983,1.5680850963585904,4.533265920703822,0.9184029723030707,5.656518250248149,-9.559232942145776,-0.8225700641411422,0.24399976027079512,2.3196100059519824,-0.7156684667917727,5.315816245526381,2.1284152486338423
3.9700323452611093,2.0071517467391122,2.9137725543737925,6.776559518991973,-0.7678298956197848,1.9881744022174215,3.3081298279154985,0.8028719347641771,0.8443595898784024,2.5428826097112642,-5.371258611524757,1.320627570432025,-3.2335152395091136,-0.2233742158658983,0.9723178326797871,-9.614688403644815,-8.720076495030082,1.2833066626762077,5.356463266883287,5.732041957052093,-9.524307064326523,5.318093884617869
3.1342534199673238,1.9418641869330049,2.834058837605715,1.137394507906352,-0.01033901486598341,2.6745710442504302,1.445499523073942,-0.21604727087851838,0.22139533176225057,1.556609703792625,-0.4603252834292828,2.5008649564167507,6.797215074213581,-6.945751523113287,0.6443998914910198,2.5068077491754077,0.8490859211024868,1.610548461320039,-10.029791655656735,5.409137381415388,2.121114190425947,3.586220978066254
-1.3540981415954947,5.575952727027939,-9.251543563033866,0.788268311602565,4.307855045425228,1.8776614609990447,2.834945601239348,1.2305738800511168,3.534968927179648,0.686139914438014,2.66174067083471,2.323085272811986,1.6585101090725798,4.089840500310314,-0.02055725139827844,0.5989687364554613,4.997916791556268,0.7296199503509432,6.073786522213263,-0.360290530738139,1.6024260833008457,1.5186113565137136
5.096410223821865,6.9012024525548945,1.0392438083578104,3.7331872225612024,1.6919951577063594,2.9083033639082525,0.6723929272242158,2.1331263952284716,-9.342934458911202,1.1497354203328247,0.527668710834341,3.7199975639719,-2.26806981164647,1.4286345075049394,-4.837625662988509,0.07736088004609067,2.099953573663701,-0.02666910904947744,2.495493411751366,1.3734312414122472,1.3206801037264173,1.6859742978234147
1.0400715386560375,0.9100858188499454,5.384924285161928,2.026301805743078,-2.4049132888370908,1.8176213191780293,1.0310513976231006,3.3771921853808333,3.883564153691442,5.384876584163121,0.8507936672548799,1.069474248345392,5.187419660202389,-0.6526546521649079,1.0262804200427063,3.831489832956874,0.7777011025930927,3.010153815077434,3.782757601211212,1.3299536085124894,-1.5325115296698986,4.400142379292853
1.6084719437211936,-1.6772131569411322,0.784886430990787,0.006595519409244584,-2.1225615671645057,0.7400324151163725,4.58851045656105,-1.7538572490464752,-1.1779182343759036,0.612518878844838,0.6977841002744405,5.017274603142499,-7.73388506144591,1.0945981719443667,0.7148252882999988,1.1857376917882256,5.083450554198583,1.3152802591328945,3.5483734639949365,3.299265578295429,2.2695528235858506,3.785701047014051
1.3146278839510024,-2.2369025135808798,0.5683195498768281,0.19343533359879744,2.685314219066613,5.128036524796577,-10.393208154413292,2.1523731237807264,-3.591310207642223,5.498270121890081,-3.667636685285082,0.30377913643995574,1.6667238179601735,-0.3330787646238952,7.360773402307219,1.510298259101685,1.9110037008095515,0.5415915950495489,-0.0949805411257582,2.4853459382421796,-1.1625664065822323,1.962706185896744
4.003580441328872,1.2855514968168027,-7.852209992448576,4.487873798857142,4.473865386940316,6.451341383955722,2.982008980548183,-0.07093531614786686,2.865538187301141,1.6026245257645728,0.21157055083427823,1.1719843746519858,0.49501817966547323,4.196605360904024,1.3636520635314846,2.33348225926839,1.369372933014799,0.2305969610708595,4.365888118963367,2.076564105606938,6.695019915604457,5.012343363987725
