script/wind10m.json
{"header": {"parameterCategory": 2, "parameterNumber": 3, "lo1": 3.000054539987559, "la1": 64.9999836372058, "dx": 0.5, "dy": 0.25, "nx": 34, "ny": 52, "refTime": "2025-03-18T18:00:00.000Z"}, "data":
[rows 24 to 47 of 52, columns 0 to 33 of 34]
0.6388986112831629,0.10975572993775977,-0.8764667404759412,-1.428472936344554,-3.363677994874405,-4.518376420336547,-1.040511099847296,-3.740932067835788,-4.875713933711495,-2.1562007953107036,-2.311729040001079,-2.082132777574782,-0.39012020913349066,-0.6766029817275201,-0.06111549766695326,2.4069898803645446,3.795908276919134,1.6675452886196198,1.1873553623623478,1.2001045163362634,3.571913217334852,3.8668334202301784,2.6094596217455552,1.2691453809811242,1.0070243403205124,0.9147471591266205,1.3610505490086746,0.8901980412723085,0.5253599044380075,0.5685742113168581,0.6426914111048448,1.8956585499936658,2.1387286442483546,1.2710692079290697
0.5457165721126185,-0.21985784380614448,-0.3239863559016838,-1.7493244723123083,-3.868745954520543,-5.433707842056233,-2.293562940321798,-4.036742474421842,-2.5141491990851543,-1.8422676992235407,-1.1645904474248796,-0.8291183016836747,-0.9592999956154181,1.5134402921823236,2.1156077081967886,2.4524672879101304,3.5805358386865214,1.6998653556746783,1.6405406569615948,1.603829999567385,4.533499268437019,4.572229575120546,1.3201921021958656,0.7898951039463479,0.9808520037796036,0.6490683152457247,0.8061356237559338,0.9027246101358268,0.7619745359051778,0.7980447381085041,2.04659220966595,2.774232576895442,1.4503872471743822,0.8911253181868664
0.6769533222137826,-0.2786651573304751,-1.9174905435821663,-3.28604219176829,-4.184041108399026,-6.226516774510422,-2.374486410735071,-2.06304355585433,-1.060206982836099,0.04763911264611311,-1.2171685206407172,-1.1554684067904615,-0.15939806559499334,1.9946459924867963,2.484062855674859,3.756042444320631,4.722923874083123,1.8662846172229948,1.2751499809814384,3.4012898845277775,3.14212669729977,2.2897221558274867,1.3256944969956743,1.6144873096824666,1.531051524595684,0.36899059169322945,1.0558801507165547,0.8460759625847116,0.948249348853227,1.8419752183788352,1.514439755491841,1.6332461788455284,1.2964669919755403,0.9768362792424746
0.7074436576009102,-0.3892487318281853,-1.8525247525650508,-3.6626341433961125,-4.418750145191756,-5.89547538581968,-7.644192093208189,-2.2508514389159684,-1.83507196869065,-0.8967182707646625,-1.1811678189404795,0.20743036218391794,1.2330240338290652,2.833811790025502,3.594545653806802,4.755611347965526,4.831200583635423,2.676884944935991,1.5836934907452636,1.8204178004728966,2.81971320483822,2.0256239174238697,1.2815662418448075,2.1317340896269807,0.693481453953257,0.8110555923924148,0.8038277905978555,0.4382556959941469,0.7038836028431192,1.3703699169654477,1.597047939453403,1.329201794017061,0.7263347505108707,-0.19725190515270455
0.8562843215411364,-0.14079217132727,-1.2987817025874322,-3.242487154288067,-4.686010925019873,-5.47397291039174,-6.50056622346749,-6.850686647758813,-2.8343351458397534,-0.232957516257602,1.5124306603495214,0.1280964160612006,0.22466188613296703,1.7681959400404033,3.5710789425158818,4.8147287838155,5.230957950822305,2.816540750844902,1.7795647701005122,1.8957789499007314,1.724495971559216,1.553425303702792,0.8824188527810581,0.5472721360490872,0.7578131463421439,0.6413252319652463,0.6577284615544479,0.3177521896835295,1.6394847760798161,1.5936322342187381,1.2772012528383252,0.8216048738767697,-0.11958638901760558,-0.4582622484840887
1.0580401002905435,0.022285027226335193,-1.1259450720618887,-2.8704578445882785,-4.45836231653047,-5.3445941226736995,-6.068918410876665,-6.594070543862764,-5.863259709817846,-4.551957703421678,-3.0682191236516823,-1.778991396184017,-1.073703245942249,1.265441421309662,3.1610959741402445,5.013682259981735,4.099542028595517,4.401327083158509,2.2600891800886953,1.7525627848460286,2.019752937918347,1.5012408242140691,1.1100168822940892,1.0851409583863902,1.032530274320988,0.8093223197999028,0.8240254071380592,0.5982393246067657,1.7234492821069225,1.2467773124408543,0.6604631482858129,-0.2618535513333583,-0.31234003035689134,0.6861077940778805
1.3644702518700094,0.5477738947466295,-0.9463950662107135,-2.0187950750685864,-3.7377670883787477,-4.999312510843299,-5.842391975404386,-6.364545732339175,-5.886445397183069,-5.229654724996715,-4.143202369610538,-2.4429872058124418,-0.5044736915180561,1.57478220043394,1.855243043570092,2.1819408740170774,3.3797633072267805,3.214015892977788,1.0269073865282174,1.6339063486647567,1.2938277035423233,0.9950015037221186,0.6691469948246894,0.6023578574302624,0.74419840756653,0.7554714794834729,0.7610293637749738,1.1101812435859586,2.7749950273179538,1.4343670860088165,0.30912280935176506,0.8528419602818017,0.8914415180753694,0.6718226044301145
2.084592035355483,1.1592658879234574,-0.20304493733412554,-1.560309894427515,-2.8523424794780263,-4.230075128829659,-4.980744957392786,-5.566386429634998,-5.3630133656139645,-4.589080995981199,-3.414450480400221,-1.404799227755579,0.6149821091999083,2.5351738965722497,1.3364897210790503,1.0929795163850895,0.8461241191852731,2.090705542823397,2.208152729689039,1.5239134531696406,1.5683120599804377,1.2869097978536865,1.0507281069229844,0.7462966374457988,1.0211134235586166,0.7592273625605163,0.8088117962883004,1.5661594542265151,0.8525110609088977,1.487708735240415,1.335128267612167,0.6837162022248855,1.15158680377733,1.0921984068362622
2.5966913291359877,1.8009137618587157,0.6637482636179206,-0.6927768852254881,-2.0427763865179434,-2.9481263783146825,-3.714934636127702,-4.119053233696088,-4.211863215224526,-3.6900783531012653,-2.243696658817884,-0.26903924674125995,0.5841756630425604,1.4447737440252324,0.9789472200130283,1.3217959060946634,1.3580575198141935,2.112405593887799,2.1532661377121696,0.7376817384850527,1.1234356844279667,0.9158543872048214,1.234295727080658,0.7677165032621431,0.9310293893679298,0.5400750993485434,0.6450246756519665,0.7783618013007686,1.861641617643211,1.7189092677095532,2.0945615008539833,0.4382692226269535,0.6425124051401566,0.5253754275310676
2.338557600172212,2.0104941345870637,0.927470830156361,-0.17821874608828595,-1.0866530424417689,-2.3046880477446625,-3.107350106282046,-3.2677315888353857,-3.0918825523245714,-2.399477112566227,-1.5507896865733828,0.1531935509776232,0.4651158693875797,0.7207538258757058,1.0029328923547491,1.767810593896375,1.5937166037971713,1.0625626240905872,0.7640979393937946,1.649029754796921,0.8725454223420983,0.8610532957451879,0.4191972755621796,0.6633310277643129,0.45128911495169044,0.14250315535451916,0.18949974482209025,2.091646795947183,2.0306955706267207,1.4285216937206737,0.6752287148685525,1.1817058621303396,0.7728503029873404,0.21285764738426435
2.4340027587712516,1.921519018823739,1.2800608430604419,0.3190814176168824,-0.533156759491694,-1.4090522274166688,-2.2853723394144576,-2.9001584625374783,-2.8436861361538224,-2.064065391948101,-1.0441302161685735,0.4421277566062034,0.41042514008292474,0.5798876360374036,0.6088901211430379,1.3638073331106713,1.5553981601733788,1.4133768299440277,0.7412310767412515,0.454869476291884,1.0888923985102406,0.12352610683889587,-0.08426856813736451,0.21883817112484033,0.06715376005253915,0.29400278797059265,0.34573826366530697,0.5401338450103474,1.992121988733653,1.411720430391146,0.3602787107440272,0.360934277961574,0.11151922196768799,0.06118219759621746
2.7001848347954516,2.1492694969453163,1.5485474416820462,0.8222108808657771,-0.1527784778140124,-0.6207030545899752,-1.3349723607652837,-1.932087520044968,-2.4119527767894624,-2.568701099534752,-1.5734016567088436,0.31989215796680015,0.582533447820804,0.7374187364450963,0.21508736642395326,-0.40329384304652066,-0.8717570640755744,1.2094757099714641,0.4741832821274221,0.7408469368065691,0.3465026645347943,0.39364285466841775,0.0669119396781901,-0.08442512575822747,-0.14973869531158482,0.1523977900609824,0.8339917804559475,1.0068545320230158,0.5907463972256703,0.3057753081875949,0.2936497171402994,-0.01943490704596103,0.16510738621250534,0.22215406346812144
2.9436959609949103,2.341369303811939,1.8296027356985576,1.2330835935066504,0.5376415122790595,-0.11806204130875679,-0.758329519128998,-1.0811192475725133,-1.4393606491562072,-1.6426118911352832,-1.3183433801537252,-0.7650083295351596,0.23694637009185796,0.24316519327574476,0.45226007178669386,1.603429457943768,0.6477194205403318,0.4366108966838096,-0.018947199736233537,-0.510633263660995,0.44580883122373144,0.4232944381656345,-0.1595786790400513,-1.3997464747999073,-0.7421642230877847,-0.2951718902197514,-0.2215317711797015,0.6424099386405966,0.2650806605589541,-0.4221516990069839,-0.4204794686050033,-0.30939235407229204,-0.16451488813686552,0.4840365503481042
2.891581469860135,2.2487515334045236,1.7918329986213202,1.3121152474592235,0.7576984846378236,0.1806946758824975,-0.2857988299509611,-0.49615758974109336,-0.21285272465591307,0.08987908539174744,-0.20045091625320605,-0.18969577985366587,-0.09020858900207186,0.3302677713571849,1.0217242513279345,1.4671699577684603,0.5843655313846357,1.054509345222996,0.6136795681247779,-0.18774505112380874,0.01175823077550776,-0.1535267733376237,-0.12354388835104398,-0.15531823765151698,0.40423741054638757,1.0018107237344736,1.2167241236145108,0.8962209151620046,0.42376662266212994,-0.13179509637337075,-0.6857634002052103,-0.7116981939199752,-0.7065306911930714,-0.30487553870315764
3.277609986419157,2.8735891407062226,2.1002341985583053,1.245125968888954,0.6740658581277793,0.36852461685525184,0.0016221346635618829,-0.22694724332709967,-0.2346603291466249,0.06910353348866341,0.08206547521888179,0.3261061657772067,0.44567051767098764,0.36881321249928795,0.7455538914729184,1.6912270537438736,1.537186918903842,0.21532986223947137,0.29964394300084585,0.12459833572049506,-0.11211820712601753,0.11628891666779068,0.5174956668577549,1.1638380351373085,1.4249183638808434,1.2366054460735743,0.6857843465956689,0.6222318919992192,0.41761937460370424,-0.028389603781242927,-0.5152554046012189,-0.9790007886074495,-0.7092863125995512,0.4971055044104695
3.3607142792262397,3.181488074696958,2.4420995803882413,2.034735784148384,1.5130733520895459,0.9205305238930861,0.3179250385375678,0.2501195714818007,0.044452552127047185,0.4839521034763583,0.8044988516311352,0.7369574298995022,0.4422189567795244,0.6253769188563734,0.5228727722521309,0.7073321433748101,1.3001828733625405,0.5305934503009898,0.7469308869874487,1.2058673009314347,0.21708502308270655,0.7301230629486775,1.0289577796669713,0.6427894897959904,0.48381168495400684,-0.34345086500712774,0.15280420753783036,0.12655750596973897,-0.3677605677958991,-0.4857036965570965,-0.10830286195286354,0.9502767969250716,0.6659011708786691,-0.40396415508287686
3.8251488370842357,3.281019233079355,2.8958549782754663,2.5630375099774274,2.3056374779396824,1.500078325471446,0.9817556831417219,0.5549954713979954,0.30808080044258895,0.06545082129243666,0.6255819047605689,0.41325836970075147,0.8294630010978983,-0.11175529704817068,-0.30393562804046287,-0.3181509809065516,0.16598212230564224,-0.1066387436323876,-0.2586877095834288,0.5164412475904393,0.9855100164945036,0.459398107616306,-0.1515376798322584,-0.08112254398521007,-0.5586685023213231,-0.025854589713448662,-0.2873916375160798,-0.49860701156942194,0.007003576326285773,1.076901131878075,1.7201617106511453,1.033582982146753,-0.4710413219120137,-1.6055647322037712
3.656415099117638,3.464729704847414,3.130389883802622,3.1265221113018593,2.5174445783603443,1.9274926069748333,1.3819326539535226,0.9666196050521574,0.8048671657941344,0.589393045059804,0.39071715557991565,0.7918478499145784,0.5571828928587779,0.37088375812089414,0.26026953779403456,-0.30878824602465216,-0.20899343015069055,1.2957853099664236,0.7559476307834351,1.151381704656655,0.4628718227336127,0.3365136039710334,-0.3485513751842112,-0.9798822204223165,-0.41021332726196064,-0.8979051040818847,-0.8981422454723383,-0.5936482082368045,0.4036627720297367,1.424645242769948,1.1104790646926845,0.424411937711452,-1.4412730277095176,-3.0744287664206555
3.286162712379638,2.698568421900943,2.257714069812808,2.5258713157824233,2.5329634018519394,2.7986681620116447,2.1815040780964763,1.0274996973269526,0.0038449687232659227,-0.3121398384897774,-0.17188538879201037,0.026717251377102413,0.7790947497915266,0.4155537168771976,0.9499169900719026,1.0587192828116445,0.3441215751380032,1.3638512766308037,1.064832008689491,0.25179791555771047,-0.34010929747453655,-0.7221231257044115,0.1968444155529016,0.13313881079572315,-0.19880339871596922,-1.2777413832777487,-1.3902247864904307,-0.3952771907936093,-0.0629321426675277,0.38506634258509526,-0.21311732131762626,-0.8832464504554487,-3.2547284935350405,-2.8099101705328633
2.4089982064117734,1.7477850620684408,1.3454160725030428,1.1751750818884872,1.6568801039092305,1.498791075714347,0.5846561855523773,0.5373965055293696,0.19281646125803875,-0.20235146507996202,-0.6430690735790449,-0.8553649270732879,-0.5815924902842304,-0.8700806527549266,-0.21460751293981542,-0.3675985514325691,-0.18379217917873597,-1.5004959176550612,0.25753291071819195,0.43003447704528397,0.32254822296879465,0.4271534378166499,-0.04414051658402639,-0.49384526203665813,-1.2377173708045512,-0.9243213995266728,-0.7257259197594518,-0.5298738237766901,-0.5078086489582758,-0.5494841596734434,-0.6993630274613148,-1.3077871815333895,0.28753519365756014,0.1599584275225267
1.8369132517186375,1.4355845575690747,1.2143173324346532,1.2256488453877121,0.512576643337346,-0.42750142690748205,-0.08465184008831345,0.05981556641131508,0.20574914060682944,0.3542966546146443,-0.3475417340667162,-1.4793593660784483,-1.4953144369246931,-1.1622764988960217,-1.2092694053853548,-1.3293557321522582,-1.2591882517303719,-0.9212160217321534,-0.6247115238811486,-0.16786383094671542,-0.631107027379844,-0.8103149581511687,-1.1593449375406775,-1.8230339738471737,-0.8402964860279147,-0.48869163170155355,0.8241791135263277,-0.08534935876965966,-1.199216397895754,-1.0083922733591857,-0.7892713486063304,-0.410342191412033,0.9860283743184484,1.8507951491833183
1.2149527982430526,0.84281013566279,0.8910998344021188,0.6911600840749075,0.5785028488719358,0.016636737793103148,-0.8141952453880191,-0.7089645628469838,-0.65428328692368,-1.1939708605936485,-1.7818770301585858,-1.2940697288868188,-1.8483151128772932,-2.058442993837275,-1.8387782959731087,-0.6177942741660205,-0.5042587219748111,-0.9168225967183228,0.47021407577483165,0.7526916884784911,0.03300202179115461,-0.8873854156339462,-0.9151104522873903,-2.5936664865441013,0.4798434974306272,0.09480573252040307,-0.23604729332087665,-0.36980533354212636,-0.41930056262652043,-1.629073354782333,-1.223587062019818,-0.6530446827122106,-0.4912793197991415,-0.3919485773160613
-0.19390647759791205,-0.5106915462530888,0.026510566283832696,0.11607403385454576,0.17282588042066865,-0.41757917607461703,-1.7219381425199163,-2.525611429202419,-1.4308883060269344,-0.9320203320435485,-1.6222533537080164,-1.8207868903205973,-1.2267511256261474,-1.242635991510026,-2.1628809018587734,-1.628363357340186,-0.4671656524055556,0.8380464810480746,-0.5366087100903371,-0.6617653499746866,-1.0589279248958705,-1.2717407131103424,0.06740231670270323,0.14632766338457293,0.15312195553385977,0.240760646493025,0.03580980260046733,-0.7455690906935114,-0.7986277165975838,-1.112125143655731,-0.8954720380465385,-0.38198374816483616,-1.5601767076470834,-0.5548452872797582
0.05797892684955126,-0.25459147217182965,0.3163665963063559,1.0452251687594614,0.5455430197893462,-0.047677054708819055,-0.6274642334118433,-0.5564116613142719,0.045126394466373836,-0.7683687136398264,-1.478478568948478,-0.25553646133240054,-1.245227364986984,-1.4599021251700375,0.21344896268719915,0.5091399012630138,0.20193840818991846,0.41828606374770466,0.08146379887009411,1.1036428542468242,0.884386421026739,0.53908009084491,0.34036523104852684,-0.13558777905957886,0.0716191919345971,0.08410067186051327,0.9589382065767865,0.9308734383941139,0.7594861689511129,-0.3666002361116369,-0.18642558282547603,-0.21819624417753897,-0.4122215872946078,0.024319186898392433
