script/wind10m.json
{"header": {"parameterCategory": 2, "parameterNumber": 3, "lo1": 6.000027932988019, "la1": 58.9999434238085, "dx": 0.5, "dy": 0.25, "nx": 22, "ny": 24, "refTime": "2024-06-03T21:00:00.000Z"}, "data":
[rows 0 to 23 of 24, columns 0 to 21 of 22]
-0.09645501594221181,-3.5150796045205888,-3.7248349455005414,-1.4611206464665314,-0.37317325229705384,-1.198541168509635,-0.7973557780394284,-0.5202415512312155,-1.2478688603649384,-1.2487457781265534,-1.5269807673782503,0.3153939753729516,-0.04361921129899118,0.15975875024522385,2.949946556231154,3.184497378742432,3.6143446590677657,1.981372855058504,2.46622191463571,2.1947698272499827,2.2962684173157597,1.914278537476179
-1.5973089172814863,-2.672707477067677,-1.4279263840912642,-0.7190583253665863,-0.9250562362125831,-0.3772881834404591,-0.5618288491562731,0.11945537111452745,-1.3508012234972437,-3.018072524739075,-3.8463925402397603,-1.0758297039133509,-0.17099336054415082,0.7791335644711146,4.536271896256033,6.95308637338684,2.0384040562088153,2.2688666006345484,2.302433692483018,1.9792083453217395,1.9045332299176994,1.6715588078963945
-0.371817229419306,-1.3548260269211783,-0.5952298725760983,-0.3507267358862913,-0.4762392589125325,-0.4650708072713099,-0.40690127385730385,-0.784365691116242,-0.4020659325876159,-1.7162954540930553,-2.508432933787506,-0.5946565992740303,0.5962976910987038,3.251803573577293,2.640420757550232,2.9841681697061135,2.0379827216709505,3.2415525662366576,3.6796552941623317,1.254463508969609,1.7710602825346522,1.38363178946741
-2.8260835334745473,-1.8017716034984403,-0.8032170660982894,-0.6918916958549145,-0.2562652765507131,-0.24217249231923843,-0.6034395080332831,-0.7219337623177592,-1.7154892350256088,-1.161312390185272,-1.7080490029954531,-1.189042191742665,0.6382697222498223,1.2954976013996184,2.942716360071005,2.2125530798758133,2.2460946362289476,4.620022395393929,1.8725046432357324,1.6079387765144553,1.3032157451993789,1.038450069908161
-0.30526710381026967,-2.9175788327357037,-2.44123526309802,-0.5704569825253811,-1.0208267219879659,-0.6264189069996936,-0.40551834094097966,-0.3814351677128122,-0.519829767326666,1.6875925116027666,0.4355109159405437,-0.14329533861745658,0.5480373487000875,0.688293978040911,1.5832594326114555,1.8962930456990659,1.186042214059074,1.9780778594916475,1.5163134044140467,1.1947360966690697,1.1628373449069438,0.8668718704454494
-0.21877101790151515,-1.1421387380310775,-3.0627413802071675,-3.336711164724783,-2.9303645715701676,-1.9770917376575217,-1.1673977467154826,-0.6951843243021999,0.2991286385338289,0.02755661998511363,0.14334939916582704,-0.3100126909873805,-0.5085354890190276,0.2800445492091458,1.3623750368512413,1.3838399572686506,1.624654243814801,1.6390688489653844,1.5829851881832504,1.4123066028591758,1.03788411912198,0.8487688825169946
0.24133223103811455,-0.3097366354296323,-0.6599026258165375,-1.4292155185902127,-0.8042457416407399,-0.5618940014902225,-1.174846999124341,-1.3768712499525761,-0.6128081886978565,-0.3902228710184325,-0.45442169617347555,-1.0382889762534238,-1.0048918081259335,0.1787077176012869,0.9489631930566411,0.6393071649379334,1.0510391494872096,1.2598699860845304,1.340242844764308,0.8780801527014712,0.822487125025156,0.39613149207027737
0.7329416185914255,0.5537999493553184,0.2611561186602123,-0.005347249525390058,-0.7280140764790359,-0.8673893428411283,-0.9872987512115673,-1.584425767306687,-0.621241135707728,-0.31815665732290843,-0.6840492614018943,-1.7770745391957266,-2.1962295111703654,0.40445708423687005,0.7923990881267436,0.8306601147302168,0.9475129444728463,1.0463990413059303,1.1519250662001872,0.5953605520977778,0.13226081496571002,-0.4887782148917118
-0.23668891658288552,-0.21263713312072624,-0.6737418861685345,-1.4998979438585884,-1.9399293700823161,-0.578590152799744,-1.089692226781507,0.060462668416715146,-0.39583176225410976,-1.020980818245798,-2.571158836240413,-2.5403704614892226,-2.3119966446900704,-0.689032455850116,0.40364182388557945,0.6366661353320611,0.9814643087454333,0.8033104857234004,0.696695521607899,-0.04901121942906849,-0.652667981401971,-1.1503886053153674
-1.5750680139323157,-1.3315992646309578,-0.8176941618644193,-1.2603411127781248,-1.4738128654254565,-0.5861286061275147,0.2799771685534143,0.07240664137341331,0.32824165632616076,-1.8378417110999679,-2.54203831022014,-2.5557412208918624,-2.5566583076601965,-3.7296930998727684,-0.10373664570587803,0.15482932190962484,0.3843696007258038,0.5113343082008278,0.13480812157874314,-0.7406986854641896,-0.8297855313900696,-0.8724472488744194
0.2602823262332503,-0.3146262703376065,0.26211874479773445,-1.234113711149499,-2.4801812085047072,0.44537709011049276,0.3193458279186868,0.26734791011126396,-0.5563592442777291,0.0553831647212481,-1.7513719309186593,-2.974735328307579,-3.7168150205870574,-2.8345241523644513,-1.9870622650696803,-0.2555707401077415,-0.16070875117069133,0.017356340362875963,-0.8358666155053014,-1.1467625793564116,-1.008955191486661,-1.3447745551649548
0.7375951683606027,-0.8331850947850433,-1.5386500657461104,-2.456723546692181,-2.8225546710327247,0.07732998417856692,0.4543378672188657,0.17173141936141348,-0.509535857891202,-0.9233195651971344,-3.0237638898573724,-3.327497429307037,-2.592128546037486,-2.3453304591018274,-1.0682845719932987,-0.4031160224125598,-0.40369667783423924,-0.6908941352737425,-1.5066536117543485,-1.608516782751007,-0.983414519117386,-0.5663306323883112
0.9813421274782189,-0.3606296698944271,-1.4719081022949423,-2.621918028957347,-3.004951416432822,-1.1860527131235796,-0.31108010968119276,-0.5873085261004364,-1.1092427898270663,-2.5442752769208035,-3.5351383203248754,-3.1619157466324603,-1.9436029046810384,-0.6850653869276679,-0.25503204030880106,-0.3103611619515389,-0.3779190446621782,-2.261289062650277,-3.4661781298365506,-1.0082538277882191,0.1736753035198071,1.6377277810071815
-0.2658251855438193,-1.291248686943893,-1.7166855078389285,-2.3762937033228653,-3.8171944017162636,-0.5074514050248367,-0.18062693871462834,-0.6014578812764704,-1.0369505744932308,-3.625725311379435,-3.4450628439121354,-1.503931725936584,-0.6137453351664518,-1.050556489539219,-1.8405976308986265,-0.972979866872034,-0.9976534929607634,-3.1998586374173486,-1.982001305181626,-0.37345814671086114,-0.24625017264029547,0.7173394218112976
-1.9882918329006845,-2.593777829554547,-1.5696072185947683,-1.4217067337167941,-3.353806755620036,-0.8839241527901258,-1.2884239380998659,-1.718924733259053,-0.584834010948914,-0.7185916941065792,-3.669330540613313,-0.3454110912341915,-0.2281441549803008,-2.032607628364058,-1.9408136381894787,-2.4254469689071465,-2.1134116530142446,-1.6590469769895249,-1.2573147268405431,-0.8182453085407628,-0.8610356708498966,-1.194044446049219
-1.8035645365904813,-2.478368050581571,-2.3542081912907933,-2.0052616769166445,-3.018971483379874,-2.7460022330546225,-0.47414909102892056,-1.2758417115767844,-2.146569024885942,-0.7592619148485799,-2.572475775524641,-0.7019230547881737,-0.6588207699602588,-1.763022403489995,-3.17074281409276,-1.9445397081216047,-0.7897003526810872,-0.3063145267747636,-0.9113181149004143,-0.059507014932427174,-0.38582859017847587,-0.563612102813858
-1.0892778940795615,-0.7861327362205771,-0.9181881335019835,-1.7115823008409072,-2.3517226124314576,-3.3226919685791283,-1.2068250307939332,-0.6443989840106894,-3.4417672108526474,-2.8544955892794404,-3.461483669207174,-3.6938349190847695,-1.8667497956848995,-1.7356770080024062,-2.333446363150044,-2.051678133924203,-0.7769606023637454,-0.2814870451361654,-0.7737472824596676,-0.017329510340555694,0.06111825576095074,0.5194977433260791
0.8657735607633241,1.1670551225232924,1.0700671826487138,0.08484534680816747,-0.9336848821202195,-1.5166571945431917,-0.3149817829443603,-0.9443054666062364,-2.1204524541828644,-3.7032030268742586,-3.6211865591035877,-1.533734994273405,-1.9354931024175122,-2.4038807788953056,-0.8969349057359957,-0.7414123567359401,-0.46205817284309875,-0.2370227077455266,-0.1240448745943834,-0.44150717965140845,-0.6825510775429252,-0.6381138005785739
-0.39955324747626464,-0.4489724464546479,-0.36378202048121194,-0.621579787205106,-1.0140947250541847,-1.5055031859153931,-1.116998804915723,-0.04251603199062425,-1.1027661320127677,-3.7037190843307117,-3.36334699882187,-3.9469106832672276,-4.308925919090566,0.15289019052131414,-1.1960284861011772,-0.9955514695354839,-0.8721660447463525,-0.7432260869522272,0.008195219675526185,0.38673023838839865,0.06730570778120964,1.3283106074065325
-0.8749657864165044,-0.3735420351779777,-0.3017454947418015,-0.708060609628932,-0.9930447971125302,-1.6422400345921306,-0.14735703159011815,0.2204492614276839,0.47014304229178283,-0.20314248423790449,-0.15849929443121535,-0.623723882672542,-0.5658711904477656,-0.6922404563401161,-0.7376663231667802,-2.4356474723616994,-2.1186222143348292,-1.6998181775190007,-0.7704411788727569,0.45735190197849146,0.1859872142113262,0.48805256266432917
-0.1674503187260535,-0.04248753469765145,-0.5281156925908331,-0.5246040938073109,-0.3131250574043211,-1.1348145015516449,0.1339490270882351,0.7521666103515228,0.7188923951625467,0.14603859437254513,-0.00431545765575707,-0.5061143963730217,-0.2624804196039504,-0.7613587337624252,-0.11235547842630596,-1.236172385492579,-1.403633630440171,-2.1816718052291506,-0.6165043854213829,0.14172599651944082,0.9701569725709727,0.3424871394260987
0.6441128335075278,0.04084340448696119,-0.9774939473475552,-1.4057078412233803,-1.196308943218601,-1.5792958203017902,0.5757173384672951,0.8314212408420781,0.32697017968190495,0.23744235105958006,-0.22334974749507372,-0.2793236030523909,-0.27569151941306086,-0.9070252969094833,-0.8877985571774445,-0.6187973709434244,-0.6642770451551494,-3.8172020900107806,-0.5842544106643401,-0.12748749782259966,0.6668887741194708,0.07291378676722574
0.6019536599676373,-0.5138667904539491,-1.5145795906116932,-0.2932823616372019,0.40534350225359533,0.974303817965318,0.7492738418416913,0.6179422156439945,-0.332498797991852,-0.8215468996665748,-0.721169979837026,-0.6234342830826747,-0.8805640343700953,-0.7272325433857375,-1.0294875637976866,-0.7630652419272823,-0.36558605464572175,0.2315161164340285,0.360606159564002,0.5995110009426073,0.5488591270710897,-0.1002544000840511
0.49387214689312836,0.5404199512462975,0.13522011150923974,0.39465856303020375,0.531570308957625,0.9185787838688284,0.8762271192772527,0.24775269630635335,-0.511352467741333,-0.35715946116516856,-0.12597441885234767,-0.4538270633607515,-0.40879605191946095,-0.8088970868756131,-0.35798995820149176,-1.1701147768968623,-0.5785378257270322,0.13433370960146115,0.8200475501060952,0.8096078302364285,0.2118195925680309,-0.2599079085582857
