script/wind350m.json
{"header": {"parameterCategory": 2, "parameterNumber": 3, "lo1": 3.000054539987559, "la1": 64.9999836372058, "dx": 0.5, "dy": 0.25, "nx": 34, "ny": 52, "refTime": "2026-04-09T19:00:00.000Z"}, "data":
[rows 25 to 49 of 52, columns 0 to 33 of 34]
20.660417282629233,22.852486279522317,24.223955042859163,24.035503346559025,25.40827962147953,19.727178002349266,20.150723897301784,17.199759327408437,14.756161157332354,9.687354866343718,10.356206236048564,11.156207489988972,12.782170014452362,13.84340971221776,12.869834102644102,9.81431892814984,6.262632693348266,4.677165037173388,8.386626747730359,9.931597993400477,10.296069054711955,9.225075782769618,9.465789829278433,8.314125024853723,7.697680109220666,6.908813900483585,6.091833036078304,5.512324801594502,3.3631863984517754,1.816967768492256,1.4028460593219179,0.3396977046305847,-0.5604055674508163,1.6355087668837736
19.276493047909586,21.334950475359776,22.170128169094852,22.64454120404975,22.24065081504556,22.331210411828096,11.342056096995671,13.915704994761747,8.467191338650952,9.569836610935111,10.82653664253261,12.678465787169813,14.433014355910563,13.720627764518074,13.894222568245844,11.474952785696049,9.141440650281012,6.411289673411229,4.055215830675694,11.203289039451565,10.179058033163248,9.094467998798201,8.252634869131843,6.757526842631976,5.7175071438537515,5.679499592745903,5.2874950669247776,3.8183471470887653,2.100660645536441,1.70587187935374,0.9719433022337001,0.20921124787829848,-0.41035025845132,2.4678961556923404
18.670125520714436,20.215048411764798,21.26532214134516,20.546199554221523,20.797147407995418,21.28268205729064,17.565255197198006,9.671939994756976,10.568245920189103,10.311322974638363,12.750070740271992,11.54031366717547,13.356135722897553,13.360208228882366,13.518534857845037,11.079142301374326,9.356891038423969,9.435905636282577,3.5563566450201227,7.012264268879427,9.545983667401952,8.200742327402352,8.486406216456801,7.12003976340604,5.795678436537275,5.286232496850426,4.10142020308045,2.350965330323856,1.5763810705469818,1.2846079904079126,0.39944616230146357,0.06946045247738422,0.6211745938540365,1.7965732093851083
17.992750204710408,19.541215204218435,20.416288815840677,20.796106390641473,20.654937645357546,19.426370949327048,19.28366558488628,14.307811923018978,13.040321050254596,12.713722644004683,13.819068346773301,12.846909036893718,14.209578479452048,15.096197424493122,13.241474503264383,11.975722104257626,10.607631694521206,9.303163626192678,6.510216509950351,4.860886364432856,8.810355399257276,7.878788799588885,7.390290431206177,6.823034625127729,4.994198750553078,3.7965033843441334,2.6871436839477574,0.7458778161198558,1.1931681991773277,0.7845647336174938,0.0898971742352677,-0.5363752036673394,0.7520213346803545,0.3059535491157768
18.380388280571538,21.049256872271187,21.80837382427489,21.78263535419686,18.760220475976286,19.66913803731356,18.055750324461805,16.766772900165847,14.95425001092229,14.633591111310738,13.869306419530592,14.389650745205158,12.892786469596851,14.779866926774782,13.368600925426625,13.568909690425214,11.588609668281562,10.151856929756283,7.5296553014353975,8.657329023733654,8.284664165839564,7.229001406976415,7.067326988556426,6.247630924841541,4.588297201701139,3.437826678465114,1.7347706952801876,0.04182160618740615,0.38361174420703253,2.679256822679642,0.9320394013792612,0.2877443622450881,0.06716728198174904,-0.9330064473622586
17.834481566929462,20.48858207024176,21.630491216634326,23.108020027530856,21.48364148403562,21.93905977653372,21.099252470754205,18.72850414925591,17.351666775626,15.960654991201661,14.291791531923186,13.482114080249369,13.629914631234369,13.477799228706774,14.509841118641523,14.96604718660951,12.266499097368932,11.407661410484387,9.34265093590841,6.476206372350365,8.550341487649153,6.015108046278275,7.036526789416215,5.531917963959909,3.59710382559576,1.087085318076034,0.45339918562145903,-0.996892672951537,2.9312844022534748,-0.32224374618881513,-0.5232593744716841,-1.481173605822105,-0.1888527833782081,-0.7595435001769532
16.627444084994288,21.175268951455934,23.718030209326674,24.026338460343627,24.50765183299075,24.642224780290622,23.202123288917615,21.82297107373699,18.034406025270748,15.83258972540096,13.321576471295385,14.428651925545633,13.00854482408066,10.486037252966952,13.657949507100728,15.2428898023451,13.197323916655705,11.094868951174622,6.831576099855919,9.053012274916867,7.579399065376053,6.068954721862132,6.808323377566517,3.8862281397834963,2.198113921862876,0.6974189020984566,-0.5362148575754885,-0.2295954929747601,2.156583831393565,-1.6114746346201694,-1.1248571430152863,-1.2708921645077258,-0.849698222103045,-0.19720187999599798
7.921015407400044,21.489180811023473,24.419287643222386,26.648431133425827,26.10309192735321,23.906639799091284,22.023512980834063,20.218354564875114,17.547852070976703,14.520967151323712,12.702956923256428,11.97574301520497,12.592484414488567,12.329791046789621,12.373000326804982,14.450549832779874,13.45015326175676,11.845475662026995,9.983715498192591,9.281519140797363,3.838043374518103,7.008889612195708,6.699348085901654,4.96476663680186,1.01178507878868,1.224113368606646,0.013904521547162894,0.7448221168129274,-0.31581862993957216,-0.4404703996936929,-2.1270509372842725,-1.3569707584172561,-0.022724163806450877,-0.8213734484345685
7.6845710966390985,20.43237236101818,24.756418016844567,27.134955220234378,27.293660502140046,24.6528741795096,25.170555274799984,21.602652979236943,22.210087338804083,15.787775921111676,12.711003020483007,11.494724701312458,12.52063081940652,12.670473802562523,12.008471300352449,14.720096246815421,15.63084259867213,12.69568657711751,11.346550139180422,8.218491521408884,6.7055668633774514,7.0132771941603265,6.245276246046205,3.3119908152906783,2.517082738301237,-0.15255010433250116,-0.829226144185657,1.226746381499407,-2.660191537696906,-1.1831775681567975,-2.181906204505881,-1.1107044415034428,-1.0408162847373048,0.16875034577212614
4.590234015047919,16.05318485006994,23.47839634124786,25.26246058999349,26.426779790077216,25.66540596003102,23.550303577039138,22.30742347710136,19.038972249080633,16.0840317397832,13.113970525202584,10.88146630349034,10.736778445888929,12.607612558467062,12.228843508180688,12.447705607394838,14.48178602732873,13.097263642856364,12.353174835458493,10.593110321883735,7.958466883026593,7.282498415119588,5.529076363881201,4.429926120413117,1.2638517249437535,0.18572766817290887,-0.07931245526384875,-1.0982046549399347,-1.8171837516766862,-1.9914757977569275,-3.0854771166185047,-1.3046679312323863,-0.1509093996801982,1.292111520077118
4.734449161712429,11.911931822547883,21.429841098392846,23.53736050366509,25.629169061795665,24.552551796735308,25.409244876473817,21.541573981316155,18.21722431671946,14.1038933998214,12.616628453181656,9.396740215385861,10.393754233093837,12.645712856493468,10.48136291210123,11.539915500306906,13.771271520417164,12.755187492656407,10.037657844702261,8.91969475427758,6.738413394959527,6.780365971029414,7.040780412188396,6.205633941819381,1.6444021908188893,0.45135201844226314,-0.7015382577845116,-1.9914283204507754,-1.4550124554388817,-3.255324784089369,-2.1238288310333924,-0.6655919722805023,1.223221603498045,2.1979126015712627
-0.4114242629731651,11.984253203302014,19.64330145689845,21.21420372490105,23.091601541182957,23.362760703043627,23.671568807036664,22.976497364179536,17.099954302059352,14.959921432583975,11.72994565104995,10.34197744560148,8.949501747494843,11.011277481407909,11.069153726509843,10.634537264807303,12.80322095312317,11.860163109433996,10.603079594614545,7.295767325857629,7.000855189479943,7.089192793243779,6.643615636829958,4.002275856018949,1.2474148643540524,0.44431727110893515,-1.3154981267101773,-1.9070327431973275,-2.744879621108992,-3.6086767701627602,-2.0770803704964544,-0.05831863805158989,2.4940282489338315,1.0867578092117236
-0.7543884495289865,8.940159409601993,18.46666656240386,19.51846540421378,21.134509600263154,21.989473010893892,22.021291506383122,21.102814700856015,18.215672022460723,17.492568132026147,11.636973030902602,10.888112032507006,9.073123744526166,9.390319393111755,10.913458165934706,9.728406134165292,12.086697597321084,11.027261042017978,9.403978536048635,8.338676264236346,6.0894497942467325,6.533057991920029,3.178996234998861,1.812377439724765,0.6411027507535021,-0.5584129634715512,-1.601495400711847,-2.130330911078536,-2.855391887194959,-3.7710590065773624,-2.2957957153913817,2.019799327709796,0.7215021811169856,0.45386622419681216
-0.027635121475044707,9.045696967370315,18.78862126276955,20.501145076767823,18.182169349316457,20.457826905821552,22.347016775643652,21.353003589602636,19.58456657386945,16.584538304598862,13.953417901337428,10.002879097206558,9.499329475279072,8.50635934733365,9.195146771895457,10.139189855757094,10.031933390127719,9.562083889840826,8.258312782534714,6.793187259475317,7.095992359023583,5.007906092799826,2.0410117904645646,0.134656791476425,-0.16750174919291633,-1.656888546127963,-1.8586986777884693,-2.476156874490543,-2.6872589895507883,-3.143075173200787,-2.321808781258729,0.7394706904814395,-0.4704422216391867,0.3116501725592944
-0.7169375033915376,9.20330296070631,18.63225130979555,20.129127317414245,18.448190284009968,19.96049107949822,18.858609645901204,22.465884125536395,19.336613982139188,16.018959238423943,14.43062690901897,11.612985425285357,9.571554583072093,9.194100681592472,9.666829921266666,8.626726752878454,8.867160864854515,8.024157178268009,7.248162972644633,6.187416789136312,4.046354214537565,3.5098887752066816,1.956414851897812,-0.2026950892442893,-0.33134436458976596,-1.7330447448212205,-2.3178254695773743,-3.2837630898382257,-3.0013325139165863,-3.0272031250168725,-2.03578462610888,-1.0478137540672159,-1.140233865501671,-0.13785692581972456
-0.17559900314711493,10.473641124589049,17.82680996634285,19.862726213055584,18.13082599038836,17.36525581367993,19.75256166907221,18.92568091079422,18.674625030222085,16.505171185197376,13.762600336813486,11.36549924276099,10.301553446510127,10.473313240862558,9.11694676355627,7.411980557259797,7.430215183378191,7.78574081655539,6.72157010514779,6.003715576128927,3.6492662627171897,2.5403947226583306,1.0670132275397908,-0.06280030648081276,-2.218184786108831,-2.326165497835795,-3.2044523242338414,-3.4879108230459344,-3.478578127350182,-3.0731833098095844,-1.8531179993910791,-2.9061194219817037,-1.565871076117922,-0.502201953909013
-3.2732419497080127,5.840189764749586,16.39579413544889,18.164521955371995,18.511429550279864,15.84061178151383,17.823719379535902,17.842869702211843,17.826194267328805,16.378514672750804,14.03336629900001,11.55151608252943,11.130163231221553,11.325200433230014,10.86342640723541,8.273476539995368,7.502159518624065,6.0657302022982575,4.531904699155776,4.6412206533234865,3.6700777957693598,2.502958992970501,0.7185285624274595,-0.627952230282991,-1.7745714689212542,-2.5517242775855675,-3.4769737180100453,-3.4472644272999298,-3.1830267709306286,-2.811883502274678,-2.667200724260143,-2.880533809476273,-2.0457894044114413,-1.9149027866585513
-6.47501593866945,4.6600024914136515,9.928570367052895,16.599086452206794,16.607121407921603,12.779860609732088,14.117408179226956,14.524926791249694,16.15546340855842,14.142346630311785,14.39029807759008,11.597568836243111,8.295938102213618,9.04640857572216,10.274937630877279,9.270448104641062,6.726034852544227,5.923068513248008,4.330644278953202,3.499970179299692,3.019916519383292,2.1732376287430446,0.5504182830083107,-1.1705465977858351,-2.168395177281492,-2.944976828416457,-3.606566852204197,-3.7262101752282324,-3.0225397792068533,-2.04302259544289,-3.5366906552094637,-3.6808710467805534,-2.938070045742923,-2.4485750316072625
-7.0949906968961765,3.2022264331245474,6.771895296239279,17.10716995582287,16.230876221008483,14.95280972626743,14.193558164928936,15.397357679799832,15.329831194746719,14.087244269030608,12.922897059273499,12.11485427639701,9.5549390429273,8.383515360332492,8.856446424564833,8.04346792359023,6.7127584893008265,6.649222615041315,4.375839418830815,3.2571080369556067,2.1268815234015,0.9734232211074871,0.015490801715156243,-1.447038690397175,-2.3495848351343134,-2.9955758090647415,-3.7216646337794796,-3.8618749542464137,-2.342723016325945,-3.6588136670546825,-4.136384840408766,-5.008127319916813,-3.1716303045672882,-3.846257622609155
-6.9164380454262595,-0.4035838194096499,3.4676402979858785,11.766949806052475,18.188472068810608,19.567942830725936,16.16204845909333,15.348337614642936,11.721172026871107,13.372649911094577,12.37975328669626,11.74406089873659,9.642485732799406,7.932635934159356,6.727019748114651,6.564934106382305,5.772166532434919,4.350894263514387,3.1934960104020966,2.31341531633098,1.5039448488659668,0.3134899743225571,-0.32236856073826026,-2.450225090227299,-1.693796964683056,-1.4156468929348367,-3.977530323215679,-3.5500184997853985,-2.765114886963855,-4.016695957261101,-5.308012207663837,-4.771727183696553,-3.7756707074292977,-4.1882329111541825
-6.94067452444221,-2.5813447419075355,-0.7688833273525534,8.916407388502755,19.04284219599419,18.692635161765704,16.066060070606735,14.60537335845047,12.392505980146742,13.3988095907915,11.80752998539841,10.217875441087898,9.68238803708898,7.741894479193051,6.375746529647922,6.101418448102102,5.248789251046917,3.758748490312144,3.130149635054641,2.052660944243699,1.46362537364183,0.5703729618941449,-0.5164447263425092,-1.908364070858186,-2.6837575035094594,-3.2615006871251957,-3.097116685114251,-4.769921604359992,-4.469148385722436,-4.89670388243022,-7.0484743293582355,-6.902127798975822,-4.630678707609754,-3.940594402474621
-7.476745714194731,-4.514851529364184,-3.106391727283601,4.26082831940689,15.306628568232203,18.396864975968242,15.487768094241092,14.635764879859419,13.185720484513164,11.066940849672086,11.111247283797894,9.245568493238457,8.827401021795438,7.9369620847566775,8.137582429700254,6.613278383240882,4.433105689583423,2.977848173053951,2.973409028575518,2.052191746433009,0.4679361010201897,0.2271514795195543,-1.4874869461960276,-2.3836551183869195,-3.2263138239913576,-4.9295403615084545,-4.562413821373474,-6.242686461528873,-4.3880056131805425,-5.7825809936734744,-7.2529049159303565,-7.583735920465588,-4.159546831444001,-3.9239830575564247
-4.661958913487723,-5.607089409453831,0.6932342580017884,7.755354827843933,9.296734894551975,15.904041649543876,14.798144809782531,12.516609802356863,11.933831718303914,10.57317155747237,10.133647965615381,9.299981969281303,8.474626208821523,7.529070498783927,7.8679341110791805,8.24261360486683,5.86650384922816,3.2229149553936645,2.817110628234539,1.8169610276719035,-0.49725774020244906,-1.1011878450006833,-3.5718171766353173,-3.6092760348709074,-4.789723838924081,-5.023764228917959,-5.055212182531031,-4.0709388713630315,-5.946343059073878,-5.397757175923901,-6.630739064300799,-6.743427802473163,-3.6897819623023147,-3.6472153090923114
-5.971833345852448,-8.31751491685172,-1.3317513450897474,5.7311340015191305,10.328545903499347,14.269577569544152,13.408666477764509,10.99196062317106,10.683379893937134,9.811218733762887,9.473984178551657,9.000187926404056,8.267587908058061,7.769426412776536,6.256712163488051,6.688515795850929,5.469908736945495,5.556633617157354,2.7955770824752304,0.5929964170869761,0.6264810374954516,-0.09153007514078876,-1.9587283689999682,-3.7633793025839397,-2.5460749297028533,-3.6561191303275877,-1.3388479405254115,-2.9137711840872274,-5.903092764750071,-6.03135978468732,-6.510766900543011,-4.336283971984616,-3.887595823025767,-2.93785650396427
-9.714604979633993,-1.0543499448025937,7.147217491938024,8.13838296879292,8.056566447081963,11.996147423007793,12.593576974267544,11.949816215617536,11.444105707913609,10.321416589612014,9.428548578545453,8.102506855593015,8.13286186381384,7.222692555387804,6.2524363521231106,5.73976028991953,5.252226338654003,4.176302525697348,2.117249192551678,1.2709523215146872,1.5279988838128498,-0.8256588679271473,-2.6974977454821087,-3.2428678110794222,-3.3573311642729085,0.28338342012223383,-1.1786018619571932,-3.394632604595527,-4.522979653977323,-6.25971699292661,-7.801429879139137,-4.2133731110909975,-3.937630376390948,-3.3692211316617837
