script/wind100m.json
{"header": {"parameterCategory": 2, "parameterNumber": 3, "lo1": 6.000198445256149, "la1": 58.999992894266676, "dx": 0.5, "dy": 0.25, "nx": 22, "ny": 24, "refTime": "2024-05-01T01:00:00.000Z"}, "data":
[rows 0 to 23 of 24, columns 0 to 21 of 22]
-0.8680608860366815,-1.9510644974560742,-0.6145675853391763,-1.828661680838241,-1.875491892043812,0.6501763586252526,2.2519606842221944,-4.778395066175617,0.8514562479408042,-2.140058915187551,0.15059800394324283,-1.0444207094126017,-2.280527811935981,9.619021574161238,0.39121124765019855,-4.263478367511058,-5.393400350687981,5.4998080452090194,9.124299461657664,6.761035570062507,-2.4010928530102644,-1.5507154375837902
4.137266156947554,-0.7309124587375427,-5.175028244825014,0.4306455353412645,-1.8581160687088651,1.111207742208189,-0.8946398420182896,-2.265695628784203,2.8091631331479316,3.767675196261396,-2.9717731950693094,1.2799860742748488,-8.672242621100862,-0.6511813196399923,-4.352236420026736,0.6794223732329557,-3.3726855527445374,3.310432956207214,-4.865420101803146,0.5221536644680138,-3.912049502729623,-1.449256107375475
0.2848620226692525,2.483182605220501,3.670616054979373,3.9686433546858595,4.899606593820595,2.691585365548254,6.166439504534683,-0.9146225006878429,6.082666064135981,-2.724519226153652,-1.469403298328866,-7.0238681494676145,10.37381121649522,-3.360475662884246,-5.255811837538716,-2.465466194176061,-2.5947936555089806,1.390055797400083,-3.8481188104844106,-5.347671753206564,0.548340481239588,1.4662061618796751
-6.18788664536005,-4.383439626960472,-2.031827943473466,4.768773718050184,-2.1715748671804533,-1.133191310974231,0.4242335666215713,-4.344641451629792,-0.5015670173675683,-2.7029812260308455,-2.3988253138466082,-0.8410519434682864,2.3800125270274934,1.176242948796478,0.5385680366048214,-1.9576485271629962,-1.392112905628841,-1.9799837540064678,2.0534460386034232,7.458861746205225,5.53812252879106,1.0294404200886484
-0.10576246249565628,-1.1564651626558224,-4.030321060491508,-5.047437186585013,4.392543973373975,-2.3195071855715446,-6.354815905191114,9.216121041385673,-2.565059740306046,1.4368192056391786,1.5197118075388174,-5.4915400067830165,0.9203301761465251,-0.11394911160545007,9.721517069254535,4.385763850272788,-2.018902642577462,-0.23843348202310471,0.10183473184237289,-0.7847448266766627,1.2919554344146993,-1.2511288059957604
-1.1952811471379876,-0.8638238558025477,2.9216873883478582,-3.799110050573025,-1.0441386220942768,-2.610827760881943,7.364467620811328,-6.440957576235904,-1.9289295110426092,-0.6998303665056053,0.08345605506032173,1.507721778319342,-1.3839826500449235,-2.426367766521268,1.5563039021889238,0.5154647040852038,-7.438308959688576,-8.986165164052672,2.4752530827884303,-0.3211144199270252,-1.9129846988723567,-0.7372873171271027
-5.215528565530807,-2.2375695009885943,1.705513020248316,3.9098251658038587,-2.048043480699829,-4.940776160028517,1.8444937529367216,-2.6313473319787004,3.5261622892764093,6.327999000679528,-2.008558742167632,5.433073880468835,5.240522179591642,-4.044954270456395,-4.071463369328396,0.37972053289351126,-1.016785982053349,-1.9640737684610352,4.523516552662312,1.6143421324608767,-2.87056872716399,0.31078673355909475
-3.3432638071078316,-1.1110822794221253,-1.8951886908013647,0.1540420306785013,-1.1414778828086714,0.08693427461369348,1.8153547894319804,8.465455523958582,-0.548472514204548,-2.923234849329415,1.1789149573314615,-1.5892430300774367,-0.4534306521186284,5.964799390174646,-5.558094749400681,-1.2066363936962063,0.5873570757699712,6.844709626934849,1.5752649901663351,-4.34057208733519,2.7483585634390337,5.273140630432731
-4.701186854764357,-4.801161892675662,-5.543103025218944,0.9193813034493119,-3.8796220465705256,-0.7828716033715111,7.507941884422314,-4.485013130733145,-2.802031975688752,-1.3913032790061508,-5.652622772046354,-4.072015080418356,-1.268835766539523,0.8206682681765383,-7.485121681716978,-1.956088202796935,-0.5912879800912793,7.725931012726907,0.08472947841062071,-0.546600234779313,-2.6785842546459127,-4.144475878142576
0.7658992200788716,-0.5538047133553388,2.9142445376057853,-1.4858573277297333,-0.013144427672849337,11.111646967636089,-2.0711410457271593,-2.6297453880619237,-4.806009546296265,0.2346226051121573,4.279969112627118,-0.9640906279746199,-0.41549050066971355,0.3433553747846776,4.287747272317864,4.8495460031421045,-0.66583404530447,0.4184764971245705,-2.693180534207882,-7.34531749463632,-0.607091622601924,-3.4901998961875265
4.007332573738821,0.23185266230243123,-0.5866450074812143,4.976454704141832,-1.3684564670801105,-4.058594845718282,2.073439287895517,-6.155326393293938,-4.236706278096066,-3.1091631766354983,-3.305398332052201,6.659169076542316,1.5118981327162169,1.0747739697411551,-1.9234750180856128,0.02647141157337892,1.6060839476217368,-0.523968425714913,-1.281793375717725,6.091064808245117,-7.771492436405219,-2.6613823944766564
-2.7489831983720365,-0.20801273344178145,-1.1228763800775887,-1.2603846799511085,2.455410375057023,-0.7555110553831929,-1.5452984202254456,-0.979705453414534,-2.9135269366928274,-5.11995277037769,-0.8429428467525593,-3.4928183432255455,-2.5642446126963225,-0.3177614460730196,-2.563673668515703,-2.2486147462309747,-2.274840188756063,-0.4631414395523265,-0.9067322048506482,0.2442405373128804,-3.4518917060343592,-0.07289720620001196
-5.708416976821815,2.1748579461161737,-2.0635824054628835,5.385280683136433,-2.0995550902536304,2.7750393750085864,-3.4936764522633004,5.338567253646174,2.4103934021406688,0.06210144272246288,-3.1066879034792954,-0.7296199188773319,-1.5613622950624908,-3.178984868993708,-1.3397079681710413,-0.11459978179551462,4.22391639778777,11.14527405963983,-2.6236334549763685,-5.729263401107435,2.9676461329738544,-7.227706742261522
-0.05939098448839361,-1.5541259636766775,7.075470283057648,-2.5745281638677135,5.843514436213886,-1.9373485186383579,-1.5628764741223407,1.9670638963891884,-2.393111974712307,11.729284902337481,-2.01742504240361,-2.325590980718399,3.1465677927267306,2.260678622231005,0.1654275113619635,3.6456216570351896,5.1613260436314405,11.192086976089659,-2.798986777153827,10.105136731970255,0.19223517880731125,-2.2859209571908
-2.5269049316820404,-3.5931693385345724,0.9090202304980618,-0.11813440321576535,0.5270538177893457,-8.241160594754763,5.64546373789775,4.8984411765255755,2.669395927924568,-1.3471313320636162,0.01600095028194748,8.456608086338878,-2.59391854900075,-2.7164143078202803,-0.9151922778688698,0.22460384493910468,-1.5243816094293365,0.9365830648356245,-0.2544041591764935,-2.8335160231267658,-0.7074600561107434,0.8656601469790142
1.7909052018794318,3.016329984392115,-2.494163179151329,-1.8368042798093303,-0.5705753623181764,0.10105170664834537,-4.519886234561526,0.26977253370731674,0.713416016003651,-2.770342063030774,1.6245669205102655,-0.018882098330126332,5.433410348659332,3.597707029696312,-1.8933694799809968,3.211829342923479,-2.1956309864195527,-0.4672232178924042,1.3579646507861571,-2.99711371627519,-1.8351398468735103,-2.0424852879198907
-4.552183965696335,-1.0590903312228699,0.9781839969047907,-5.321402850125497,-2.0229562327336126,-1.606695616360071,-1.570610037491741,-3.6567298683048386,-0.38121145609261925,-3.5788124282009237,0.16813653399589196,-0.832208895952948,0.10231182285490088,3.2554606407286033,0.6374203198070901,-2.664469583959585,4.072228500951384,1.857127671159136,0.17736408967109413,4.805947733596089,3.5598059059220266,-0.756507792784569
-3.866413884812759,-2.121594873299255,1.9674441671492517,2.5582473384429103,-2.6763338773994447,-6.221467484560585,-3.0329113268037533,-2.211553290450521,0.6816938483351581,1.2712613295882587,5.660363821379888,2.2085603921358614,-4.622895065438441,1.0355215383986827,-0.7776251117603712,-2.155587278019336,6.220453166328929,-3.5316959708284776,-4.843904271535451,-7.334389619817762,-2.4852987005674287,5.124846572366753
-0.4585699834136623,0.22145536833524543,-0.7286735937327143,-2.190907638679082,-4.917669068665402,1.435478514117627,0.5209828064991971,-1.9586185086266288,9.021642781979047,-0.4219940220382654,-2.1496386948666206,1.130830549048146,-1.6530283328044855,0.9332930456076719,-2.9240121870943336,5.490806087801571,1.27325357239051,-2.590961751430057,0.32239296723847,2.839972284220037,-2.8674536623242965,-0.19688242875894782
-3.4549972328908822,0.4268576480303165,-6.8644567612941465,-1.2275575443720204,-1.3573531668881968,-4.345152624373449,-3.5546203623107866,-1.2488581008517174,1.8046366540904222,3.4789912750709804,3.849524449003128,-0.5251370666395052,-1.5501093168353988,-3.6872143335079812,6.277554186736917,-5.916374263318806,0.4719699634072344,7.045289291908017,3.0215148069670756,-1.2564196542377037,0.5215002586432825,-7.175969589285021
-7.1213377245087806,-10.89923696418336,-6.274667357818735,-1.8991521694345759,-1.6431456409504555,-7.083825229388309,7.503768578449865,0.01719203003132188,-0.515681985015612,5.873309564189045,5.012386795192692,5.814719753447608,6.2959155630770995,5.659853552882178,-3.017277207585696,-1.51460640620535,-3.439807600475574,-2.396605573667176,-2.458703237775426,0.25711492353475346,-0.5006269025747914,0.28733548541304044
0.40703046720393443,-1.0719083353202157,-5.827009094403875,5.967416804263262,-2.8339189561206424,-2.021643058062784,0.11037574009150208,-1.9397079534926527,-0.724304235708624,-4.025156669802995,-0.018411595480952295,-0.6854053531962123,-0.21538809538188136,-2.635234515792037,8.64844565295605,-3.6376556679895256,0.3319283249855748,-1.7609683564564662,-1.3937910431235658,-2.95633574022919,5.6930716010328615,1.8211553784089656
-6.32616890628042,-5.559001496091864,-5.458698856862883,1.8346247250248757,5.480860544942159,-2.9134546095149387,-0.9041747752165626,1.9738391122065937,-2.5664417480326285,5.555518158633529,-0.7322502368433521,1.8964432577680972,-5.146784225212674,0.6561567207492484,-7.3132296422970455,1.2565941102984894,1.6124770522958165,0.5132483105638287,0.24829500926276657,3.299413027728671,-4.522107242971932,-2.5408499254627293
-5.344324168298566,0.4024523544764734,0.15682367839697148,-0.7965076309496464,1.4657371455657384,-4.963227094719641,-3.1109851497391117,2.3285772314173463,-2.4585211356715915,0.17434451147349236,-5.928095234055001,-0.2860200344498217,-1.4185929990415695,-6.41782037001137,-2.608822429357015,9.429883835134321,-1.6307448653468672,-8.089416909722937,3.033828341259325,-2.4950900368574613,-3.112040767734701,-2.084733304439257
