script/wind10m.json
{"header": {"parameterCategory": 2, "parameterNumber": 2, "lo1": 6.000027932988019, "la1": 58.9999434238085, "dx": 0.5, "dy": 0.25, "nx": 22, "ny": 24, "refTime": "2024-09-23T04:00:00.000Z"}, "data":
[rows 0 to 23 of 24, columns 0 to 21 of 22]
-0.579313757175647,-2.0080618082707304,-0.6029537932424591,1.8620795812821338,1.3747347885441061,0.12853254384767007,0.18828088174348778,-0.13009564253483274,1.1834416346999148,0.247982628422907,-2.33109759982624,-0.8164337405074681,-0.9493233307755542,0.37460013676891263,1.2853069378785527,2.96865615521826,-0.363220793872713,-0.12446946644325639,-0.13466282741454325,-0.07175417569788742,-0.038744606869098995,-0.8687187288777777
-1.528327553809691,-2.2371566997818495,-1.2677439630562,-0.40848396655778785,1.5584194091748866,-0.3559880813959638,0.6847008909558242,0.5751466413459648,0.505477412055031,0.007565276770039087,-3.722904365105345,-0.9579939980951898,-0.44156944541639925,0.8145114701561332,0.5274280050771054,-0.3929160368007074,-0.969961804604395,-1.0279558879315274,-0.7435860366154452,-0.6410562742240303,-0.7509443797319205,0.4197264746722834
-1.3583659699896655,-0.8248603853271174,-1.5601149288789653,-1.6049882312910353,0.5727884433879008,0.6336303207255857,-1.040717500935655,0.14820155761810497,1.40157927566088,-0.11872062509805083,2.5929311345735138,-0.31511152870595355,-0.8299261542298826,-0.4539693162724958,-0.7221941175919152,-0.2808278805831786,0.008082127953808077,-0.33519845594613906,-1.6969520703588823,-1.0804052970777032,-1.1004341610982635,-1.0513602296471334
-0.3756935455100484,-1.9814327687695383,0.6072136204481919,-0.2949914690845931,0.09311681651208173,-1.6412597170501426,-3.417391954057268,0.47583107630375027,0.9162029101015808,0.9751327250107044,1.7024394881773364,-1.5044353810064643,-0.9410996140613536,-0.8632731414157637,1.0310066300335696,-0.8712493013625235,0.3465565017231705,0.015153174497332549,-0.839416245685922,-0.8072932437332407,-0.9510025351209785,0.2816237232792114
-0.9419641162103802,-4.086776565433165,-2.7145407791338125,-1.1142776581673262,-4.683770446653191,-2.868494383670934,-1.8020309524550575,-1.0041585082436546,-0.3487674401185035,0.1874106275146488,0.7943670474274357,-2.3661438066305216,-1.0412219339461777,-0.4230802714187106,-0.582047247382129,-0.5331937198814465,-0.19103313080654996,-1.223002679762504,-0.3866626170317302,-0.7071978879375448,-0.4937271861605548,0.049770123539481084
-2.220971806411049,-2.643410791919554,-3.61592551863129,-3.2767714287500724,-1.0224522800829277,-1.5682025376087112,-1.4311462227280773,-0.36120277170192444,-0.9432080703112381,-0.5017544163421658,-0.6361570006524951,-4.690113966954979,-1.7196579200235258,-1.447868242923718,-0.9595392867509697,-0.781880397015329,-0.5419149645451468,-0.8985642254483878,-0.5310426407955258,-0.40820385909650203,-0.5951780007626771,-0.4735833351528591
1.1877792144877917,-3.170804305950831,-2.7777339877117675,-0.7490573653472152,-1.046828275822566,-0.7243320173435145,-1.4356851683249177,-1.19211685664358,-1.0823512934313184,-0.21961262439294105,-1.115367480272539,-5.813977842438175,-1.4772374565034598,-1.6097278394059478,-1.2751538269870903,-1.3248654234939627,-0.8992807506220145,-1.338103572939392,-0.844543330790608,-0.8772527891302331,-0.971196106452369,-0.7314307414401615
-0.4904103976151343,-2.200619482310346,-0.36102715854033945,0.7451900034031048,0.21521912968290316,-0.1277810997477607,-0.8972788872219641,-1.5163925009006551,-1.4668033012893975,-0.5818498160510412,-0.8332265092158437,-4.620957357888377,-2.127707566213747,-2.270719433404932,-1.6063573950271395,-1.3478818664986862,-1.0102894084437786,-1.2653851564218066,-0.9221866853512259,-1.1926244241652257,-0.7654948459723632,-2.6602570114661828
-0.9275468081215346,-1.1640016978753511,-1.2536353059449108,0.3277303576102103,-0.05699145785321802,-0.9365290239251726,-0.6568070917048399,-0.8733902120399261,-0.9764479202964053,-0.7953316243879034,-2.367529570720315,-2.8887193260139856,-5.340179993865981,-2.1502693660289367,-1.8490358842338008,-1.6876566203269823,-1.4371609287701612,-1.3556088064355465,-1.4937462999896165,-1.5534797568509222,-1.0256290691630492,-2.9549000098016545
-1.311598312494257,-1.958182828395863,-1.6878358230122779,-1.0461942353295,-1.9609104935349435,-1.2261928071839188,-1.62315949449907,-1.0939332674663567,-0.6738477475268558,-1.1543013529129618,-2.212922375074599,-2.016097626068907,-5.739297154975686,-5.032444193326796,-2.7773737460727155,-1.7895148733568353,-1.3985350255983595,-1.9099624581144612,-1.8625148041605175,-1.7946016231353803,-1.1135667006489085,-2.668283004693549
-2.831431612662659,-3.3281606534724615,-1.780548135130695,-1.677917575853401,-3.0077609872199447,-0.5592116536964892,-0.06894473617471841,-1.556485414059387,-1.379246953722666,-0.6367190544086396,-1.8364004512699326,-2.631709805553157,-4.648977051013525,-3.365040296609759,-2.2223129279415286,-2.0926212867072778,-1.425854239463468,-1.3817723712465195,-2.073065925796069,-1.4941593475609167,0.010906079389106491,-3.006806414133253
-3.5273665486397587,-2.4444882886117587,-2.131599799939211,-2.0962925011102302,-3.1269688880906554,-1.1511382897583298,-1.712396725518463,-1.6007862500244383,-0.08981189240207915,-1.2308872078469293,-2.3227938646199937,-3.336802571584046,-4.420436429890734,-3.390356795559796,-2.492945746064261,-1.9528801310502466,-1.4784176031159553,-1.2182169895001336,-1.7025069197886078,-1.8842640804045225,-0.32687697118885534,-4.510668301965503
-2.0886602807917476,-2.466773984278966,-2.526519286371547,-2.264388649937556,-3.0328051794161226,-1.7774082509514815,-1.6797969571812545,-1.382871630086743,-1.8077684726174237,-1.2617283313820347,-2.838976861327716,-3.1646398590545823,-2.1151131372567273,-1.8420523479048527,-2.703478308523263,-2.391652705871927,-0.6944289801155044,-4.2274364413601315,-4.978119231151093,-3.3935754072376487,-2.5261295289348777,-3.907605334108925
-1.0004710976403064,-2.6151303530614363,-2.599003977542351,-2.3002529820230913,-3.2927033236592487,-2.212462680378757,-1.836550482220016,-1.514672607426863,-2.1495178901212197,-2.4844009591195353,-2.052630806872788,0.356798026481245,-1.5339994657224543,-2.330314525850695,-2.4147459608948827,-2.748012358219128,-1.1531610616987684,-1.678727465968345,-1.984159321031235,-2.3190211251760418,-2.9524142635324337,-2.131361016432041
-0.3972088511758722,-2.4448364480232043,-2.623434364668933,-2.5393800639461084,-3.7194372081857257,-2.4367129096641067,-2.4012809132317234,-1.1725836125098965,-2.149924558438492,-2.558204938198548,-2.8522026546678214,-2.00010008705902,-0.27956768079551775,-3.827836082801725,-2.966338606164532,-1.989907585398305,-1.604979646083331,-0.5866026699138511,-1.9227925452254806,-1.8910470482754256,-2.94422575829271,-1.1125603077160413
-1.8255407995311346,-2.4810082279023553,-2.3125442683100523,-2.353357911686531,-3.1458195947116705,-2.931309305449111,-1.59970550077736,-0.12264093394362918,-2.78913893913141,-1.9795116700454611,-3.5720737464423604,-1.5034513694092762,0.3062323950115961,-4.365186573365958,-5.868449344112043,-4.524352809078629,-2.470299887493335,-2.0605654195605196,-1.0660410451521947,-1.5045466453203407,-2.5279399143679377,-0.7907326105353223
-2.285108954367276,-1.3064627717861386,-2.651175151593582,-2.450079756077971,-2.7160552634295945,-3.703310134058653,-1.8220420137312803,-1.806740940291037,-3.2460933175939655,-2.048918090877874,-3.9662840068844183,-2.594332914168165,-2.1597832266904633,-1.1743613430871815,-1.342976909111257,-2.6432661427067594,-3.3252783707627342,-3.1256374803291145,-0.2783463922279482,-1.6639150460659808,-1.5485347385891315,-3.3598810813164315
-1.9690637124332286,-1.9283522820444672,-1.7643942266182708,-2.3567618226734393,-2.7175429563152327,-2.2957548428939933,-1.3431139496806845,-2.191739531202105,-1.869946752098499,-2.6036794262823606,-3.2021456737541683,-1.9992044063347705,-1.1477108220800938,-0.9622358362014064,-1.7849128189300962,-2.4310627979860597,-1.7375777206806071,-1.6527023732730999,-2.242774434651799,-1.4185384862792787,-1.9282173569271162,-2.575780616467319
-2.0975725184321234,-2.194151334511826,-1.4528975928818322,-1.8447227600822895,-1.672514380683124,-2.5318253764154424,-2.17647113589997,-1.2855877359126937,-0.36834406729641184,-0.6358146578968006,-2.0153056585466103,-1.8182722468559698,-0.6654441057895626,-1.2704257992210504,-1.34647624435976,-2.1596890480425195,-1.1641392314273913,-1.2353387916510896,-0.706182368140803,-2.3177278687013265,-2.75815427088031,-1.8475058672748854
-2.2246660826180316,-2.347919499510601,-1.2193411524646571,-1.4618782654056057,-1.396942508312366,-1.781015823246809,-1.5527079393357612,-1.8835590766847201,-0.08983565931578368,1.04991226161403,-0.19239062443493982,0.25982906215608914,0.19518176174377286,-1.1080072312789964,-0.8472092884568515,-1.4035926402581143,-0.3204318105565403,-1.1463790768990354,-1.78158386595717,-2.4496046012269495,-1.3624076101227554,-0.9799195382589856
-1.968463451153877,-1.7668492549523764,-1.6091073196734982,-1.4881125671646567,-2.1786110973091297,-2.9287111447773198,-1.736908271608784,-1.6705618882251523,-1.9901653801136094,-1.3126423827148854,0.04352559707552662,-0.47671536046946816,-0.6716901612250413,-0.6701133592296264,-1.4269843159284865,-1.7412332213116073,-1.2975935388353865,-1.25534174488232,-0.9070876358835025,-2.1188208532465347,-1.8707557739846792,-1.3495845380156206
-0.9403988862447453,-2.1268271004743498,-1.8184557021961518,-1.3554532721146393,-2.0882581329386323,-2.630382771844371,-1.570640072112067,-0.8665366251591894,-1.6816371861484127,-1.0275647285542924,0.17853634355432832,-1.0944420315533239,0.7321090443061525,0.14695893529417078,0.2206408478675667,-0.5255932258393208,-1.0760648828386112,-1.837133208770194,-1.1355041698510646,-1.655443664551058,-1.0303179931752269,-1.7844866593262203
-1.2902118701094578,-1.9784557466159503,-2.0988146903296108,-1.5355779008755923,-1.6413583906816358,-1.8075552561962591,-1.4289745773915081,-0.9963079194674165,-1.3837523053227707,-1.297547251095725,-1.1102429229925215,-0.5774334429145375,0.1448856956065155,-0.503293865789254,0.3646829947383013,-0.8516914178968338,-0.18689609354393524,-0.7868478525213662,-2.3276553803985647,-1.2448160137140691,-1.6948502396140235,-1.4412162145296998
-1.9826824792988518,-1.9398142274800987,-1.62712902458075,-2.2263802912693147,-1.2629156597518645,-1.32404045813402,-1.7035275755492258,-1.6627008431147425,-0.24977095192720955,-0.32700833676720287,-0.9726188169283781,-1.2570905944103796,-0.7016997693701278,-1.204233906582535,0.4582176570102556,0.3341414677233303,-1.122342446980891,-1.7934033219462377,-2.798742460201692,-1.6411303078355535,-1.1666482334864687,-1.751198741489137
