script/wind350m.json
{"header": {"parameterCategory": 2, "parameterNumber": 2, "lo1": 3.000054539987559, "la1": 64.9999836372058, "dx": 0.5, "dy": 0.25, "nx": 34, "ny": 52, "refTime": "2026-02-09T12:00:00.000Z"}, "data":
[rows 0 to 23 of 52, columns 0 to 33 of 34]
5.6869003941586165,6.469393271720285,7.398741769843094,8.28823720867881,9.35947473938669,9.780600565560716,10.187575575148728,10.021971363419677,10.473082008850739,9.996715972276368,8.696347407472874,8.45732747075799,9.215147549349867,9.085170403135342,5.393903071543444,3.19529559887155,3.261289070244621,2.39099698489772,3.351206307405215,3.723911206966344,2.5555923739432704,1.7746436646933266,2.063158146495188,1.501890332394373,0.31684074558893394,-1.1141258513127346,-0.6009928771820395,0.2300386525650205,-0.30788485708836705,-0.006937065758475886,-0.27798534764335653,0.038087498942058574,-0.057938427584681956,-0.4765483889636579
4.748232714880075,5.578107452245903,6.730295091730789,7.485807777011307,8.022132510674005,8.288888496081482,9.009989171439083,9.190631478522269,9.625956242233789,10.107922934631796,10.701175353202771,11.073327834707566,10.761039994766957,9.63545078494415,8.505037344734673,4.476899384343864,3.33681619388569,5.889771031419125,7.702890083741991,6.925735224130702,4.195925216041484,3.3753942973347715,1.985505906945544,2.315886465991921,0.6291035509318347,-0.4650641171338399,-0.5974499389965212,-0.5869700707061469,-0.16774900109320812,0.14749542552175796,0.40567686205699377,0.9089610149043045,0.8499296559274566,0.7682307207891297
4.642132459069008,5.351472537520386,5.816941911206886,6.365371386925467,6.851004667638641,6.923522949212254,7.178159327686235,7.611818754380822,8.093626877885253,8.212848064229139,9.08169126121142,9.882059991925727,10.01710845975828,10.140628883538877,9.433700397888394,10.085398865734241,10.987083069494494,8.683523877741147,3.3085577689843584,3.093094041999319,7.634116412654597,5.003222485732791,3.4881076147379226,1.6494917479241835,0.19648595788569687,-0.6489219671565253,-0.36538436086359144,-0.4152355852582914,-0.10615516805182781,0.32460188018599867,0.8797627057330206,1.8310140655969611,1.9497819056283638,1.9349343647402333
3.5862913695354126,3.881507590469204,4.566447432892712,4.9901469876106015,5.271409160226407,5.570901272219372,6.008928034969339,6.625926096196066,7.580721948756867,8.400600239773524,8.339565249686126,8.828457198675736,9.281166697507238,8.518594001219164,8.17764329710066,8.974186717680984,9.610937771242746,10.15457085731058,9.585054382858287,3.962829026047013,6.744323625755348,6.183083771566444,4.842382935402702,2.6492491618588234,1.5574686359863472,-0.45265712718630413,-0.5248924066748764,-0.6393924365453983,-0.046093608684982586,0.1680422675404811,-0.3563773851819795,0.07310000007221361,0.8542060248745335,1.5266112397891543
2.1723366568697102,2.624077839243263,3.4709552356300826,3.9501061192461067,3.9141434435688462,4.002821722232048,4.607323105280407,5.150892214363645,4.106364670356859,5.211932290903116,6.113919785830772,7.841981840150685,8.704494433617645,8.533485030872214,7.1158822677794715,8.586279126087918,10.184247563873683,4.078603420806909,5.584456329656708,8.871265580068282,6.3536798827963485,6.25714810484308,3.9865618828427563,1.719172368958035,1.2000192996832668,0.03950250384130781,-0.6863709409374817,-0.11686724312384986,0.17655745996647532,0.902199864797055,0.22859715683973406,-0.6239536789685792,-0.4675711445806352,0.3577917541120762
0.9958602913521037,1.5962796291064498,2.0050425164437593,2.74110886797557,3.0092575971375948,2.723549440155627,3.1350176970313277,3.6421481042623185,3.885981911813505,3.1909598183547887,2.1232884970634216,2.9974376349806553,4.830765437270098,4.494179125778531,6.797626024400182,8.93105561366625,6.2847264781462915,4.341406358951286,7.11208905872579,6.942445795290647,5.268962302396671,5.153946781333812,2.518418363652457,3.536940986722395,0.3571539124791368,-0.011836394355350987,-0.26923495966603217,0.24482731137483832,0.17309013341314905,1.437462244599681,0.960152168304302,-0.6101896030014085,-0.8921505485792087,-1.033762646786497
0.1745677899959267,0.7734264748681111,1.3860831927542907,1.5576410465270871,2.241560115670207,1.9182270601947433,1.2599232441112262,1.701096799289044,1.892583446640501,1.9113059767476526,3.180580474801011,2.1557603272118797,1.3721639285229192,4.194159689023456,3.971989696470537,3.227066327704451,3.6145515618522115,4.790146549924559,6.861975110655716,7.551578124818416,6.624385588762851,5.87157825757038,3.754048443297435,1.0088391091685134,0.7435076778079535,0.32804050229788767,0.9101566107380153,0.4167260904687615,0.49208818098129736,0.903657318391527,-0.04461933042519271,-0.5869751421427278,-1.5278932020403384,-1.0660690811487632
-0.5428898604373584,0.21263016831524026,0.7594762164985162,1.1083273942320362,1.6313605725004434,2.477473970526586,1.4929936138081936,0.4342854066830708,0.5799889977858017,0.8570481658948136,1.1129822938040272,0.5987050793620017,-0.6926394866664678,1.7574718383232821,1.7405639911722357,2.966629319121559,0.6956742718758495,4.982411237721289,5.478920919172714,5.5757705556411015,5.177048826612783,4.897749969780608,5.757233583262197,4.372875553976975,2.169184937743412,0.836821573796092,1.5587761819061863,1.0513451426164364,1.1150962339514106,0.3636526803160444,0.8548557740139247,-0.11513406238625075,-1.6204004927708529,-0.3003645343661602
-1.0302869078865418,-0.1740895934695898,0.7888679586678674,1.2428200182875035,1.925428290128343,2.6463310829132944,2.4338983449977696,1.301345784478574,0.13425091007947426,-1.0000683460909137,-1.399707062052823,-3.4144061737711886,-1.78559547683024,0.002945005053008371,0.7595672541424479,1.5565390994630317,1.7238793005615785,2.952068227396676,2.276983981751527,2.3412949932431433,2.5237660817528753,2.0566608824108075,3.4037403845213996,4.78235596874065,1.8721216241230862,2.0678504479912516,2.1169684408251763,1.8738767782204249,1.6016462586989655,0.9904372869856864,-0.6907530603451004,-0.06882412229555253,0.34011447807549444,1.0383987322383712
-1.6405143021068853,-0.524692094887734,0.23523824944167773,0.8214186749534849,1.6972941991101091,3.0424694910706727,2.786857796186251,2.009810271656986,1.1909267935453924,-0.993276804617503,-0.824505801796668,-0.9959730216884732,-0.6950310863848382,-0.6974717715664505,-0.14806724063706914,-0.15899341434588818,0.03118148929325297,0.05584623385367358,0.2693365119538055,-0.755865111432244,0.6520970386817381,1.3958374447918314,0.16620287806630252,3.3617362385416425,4.475883247501423,3.495755340281136,2.2795398558839897,1.6796104983340052,2.4956303708453222,0.643159762184451,0.5680134028778363,0.2326557395988335,0.9114152094101494,1.2771968228604385
-1.6955605346039637,-1.0276780241113619,-0.012277073112863938,0.40118689449904793,-0.27071971571191045,0.24970207757112756,1.561753953187383,1.5427286002314744,-2.0798522004316897,0.3100020902812912,-1.0461264037901519,-1.039126088721765,-0.791270467755085,-0.23671445128866836,-0.6889767028051482,-0.6205831304674942,-0.36779635986617704,0.010075669438349671,-1.7416181336743062,-0.42570373509938614,0.11867954546599757,1.7771228542052002,0.18739818563417704,1.6623504767740394,2.5446883091863266,3.4067640952335347,3.8421709026013304,2.2523769710548964,1.684076686607392,-0.0690329027959572,-0.0007143465120323188,1.3348135799341132,0.6865852070694131,1.5070749781297466
-1.8248288738910832,-1.2104512451587437,-0.14048275461281454,0.5002004949189485,0.4293101511881747,-1.051434237101879,-1.075861840768202,0.3105871134204297,2.085570577665111,-0.4391321296802633,-1.0726405417752523,-1.3033122750593744,-1.0873591994021103,-2.1866725534733993,-1.5014515121431888,-0.5141374057317952,-1.0586877847692238,-1.883904038349068,-0.552110567993984,0.23201778665316844,0.2585421041416498,-0.8526945778051146,1.4088771164506515,-0.46552713931907697,0.5023206079080083,1.394862218113143,2.1039184333628773,2.7641562239197612,1.1872374078814913,-0.14315769268743533,0.6140101681865825,1.9791357976626527,1.245474802244282,1.3137390336084966
-2.018201994403324,-1.3334209564815553,-0.4265461785285968,0.30995095201424894,1.5444726138771487,0.12024348699680061,0.4759214231243504,0.08100122635047048,-0.24636974617707771,-2.4130335329454558,-2.4579353555815984,-1.669696303601229,-1.7013709201866554,-3.589850840529064,-1.0325537358036394,-1.774812174434703,-0.9488663621890763,-0.8566434419757407,-0.47478698640230865,-0.7852010755633478,-0.0672530458812695,0.3967473045926023,0.24717259081146242,0.35833687377015133,-0.4600837255290976,0.5610936102483007,1.2808781593883136,1.7789810042899754,0.014312543943422436,0.2563535836372046,1.3143431343533314,1.9465335917553217,2.323525299751224,2.3382015591497844
-2.224224633552207,-1.565915359271221,-0.630529545416583,-0.37406778456703543,0.9681587197053055,-1.756277296136945,-0.5086475393169612,0.353257342771593,0.3147327970946652,-1.311049223525205,-1.8331674242773321,-2.0430812123859963,-0.2852801829284084,0.6481424602520441,-2.4459852069457546,-1.2691876981160952,-2.0063350474006607,-1.5962098658964758,-2.4404229974720297,-1.2792151814285186,0.2596506586338907,-1.1824538908607105,-1.101135248157036,-1.040127511913091,-0.6058954460297497,-0.6142847335304557,0.8145909019065517,0.35029992485298944,-1.0157174037230043,0.620448370768886,1.2951263907592632,2.0138840690722857,2.8820912213110748,3.4168164434116335
-2.4143129267489405,-1.6513101824919827,-0.8210592283245222,-0.03545057235170039,0.6857661985902177,1.438743728165558,0.3368885708672418,-1.1540385814486793,-0.5381892032095994,-1.8105200423777208,-1.3734485514220698,-1.3367716093622775,-1.0330605528784174,-1.9292451005974987,-1.439404211159766,-2.9781704896823564,0.5833058621479941,-1.337449873086118,-1.0551247021541652,-1.3041390701263418,1.1166067801485449,0.4064789263265539,-1.6033980287762226,-0.6573085482599472,0.4194281613794221,0.009825652021246406,0.37263765581352754,-0.025131007540779456,-0.4833671784451407,1.3883049328466792,1.2937588782852378,2.713304715339078,4.152300987516836,4.93580187039934
-3.4432981396882814,-2.286370063505751,-1.4941532356308902,-0.19076228842839288,0.31359842507212055,0.5275187934422289,-1.516504278445097,0.656409347175523,-0.35993340865673557,-1.7031128875418047,-3.0967877948760822,-2.4123421371358647,-1.4533579644986432,-2.0412118440914018,-0.09577100193594075,-2.0888658651554266,-2.1941843912750696,0.9956693909432001,0.3740801828016602,1.9618643289678543,-0.12217521862106834,1.7489437363985842,1.4812974774964902,-0.8724485263831462,0.21443269854117677,2.051640151760981,1.7559488700263657,4.2987026367430285,0.682934262195507,1.6915872617158747,3.46520261496216,4.851164951474015,6.321947061354162,6.8299561413141125
-3.984553987423373,-3.2162638356960493,-2.0558877129908395,-0.28281703183648493,1.3337738832683632,-0.6262925756274927,-4.29970230456326,-1.7326274834374242,0.6807961323409508,-1.199702273363292,-2.0437470442720738,-2.6797981002901166,-0.8390451336498378,-0.7774527046546484,-0.5682973777532128,0.13255252504223627,0.4568489864073802,1.8389174360770666,3.2460927135124478,4.532638843925278,3.9036309530420032,1.2298744961517378,4.036229780858135,5.82144888372269,3.7517136014781163,4.655117913246648,1.6469514034225816,2.661281061355971,4.442217627970692,5.042539111159771,4.2289081126607195,6.57738480429479,7.731388852030463,8.296697127709747
-4.6501398920206825,-4.020955431077536,-2.91181783154799,-1.3231898638047688,-0.43331155214081646,1.3147670098261035,-2.278951891753428,-1.6533867044900528,-2.643300416457777,-2.1742753020241476,0.5584650716394063,-2.263423555205957,-0.5303486099639061,-0.1903627266397843,0.5403868482333868,1.6545582218601322,2.183085568383665,3.998188145807709,4.856841230152596,5.647645702608929,5.531549101006515,7.172301629091135,6.177952266783281,3.1638810596182316,5.582149958160754,7.042913032997853,7.982177248436816,7.317508670755241,6.198184695370343,6.672570306204593,6.229504649703766,8.779864172610816,9.335744337814555,9.61630355101484
-5.515652402986095,-4.8592499668185,-3.767167461235607,-2.1274918924696813,-0.30063019974972954,-0.53730114052786,-1.7605665024606185,-3.4755547029788003,-3.7958075602452523,-1.809064500457382,-2.0819047247024725,0.5832235483362038,0.1780648997263139,0.30535825438509406,0.3463601087466635,0.7086188202506066,1.6098361712860592,2.74519832101058,2.9017128793151143,4.368986404942359,4.382640963419147,7.5770943448658725,7.350030507766025,7.886815861924289,7.449329915463681,8.129623124791022,8.520875787646807,7.7486827680912045,9.014239221086704,8.254829000568346,9.119468796765588,9.943653628966874,9.412350846559297,9.228853633638145
-6.329750883258291,-5.726007277223181,-4.603714590206164,-2.951825859685997,0.36423153909724637,1.7048601728733568,-0.008286182629123404,-2.2039900067802716,-1.9934438498113045,-2.236703204682531,-2.1765820004801717,-1.344648520058274,1.583546290015774,-0.10695654237657361,1.4871962725682504,2.2501572429545473,1.7161716873485207,3.078051006478724,2.9554052088497786,3.0270420580946147,3.43942303394515,4.356085962109405,7.6641890967166395,6.670984154881617,5.159876965363242,6.6824723705818725,6.5972928377454405,7.584417801800597,7.371455383833303,8.086905565343784,9.574215233468596,10.276406305396751,11.871702097996799,9.45167453933955
-7.567654821092851,-6.663146839005392,-5.931713628413897,-4.446588230582451,-2.073926469980492,0.18682936518462628,0.2380563231178824,-0.12102642497251086,-2.6411981914201252,-1.1333825129587387,-0.6965686712981091,-0.3908591011952107,1.8317506131348678,2.0234496972006464,0.5646515106287731,1.8419787666657386,2.820206704164351,1.4563414192775463,2.23035498435795,2.636772970501352,2.784249666860235,3.112954792923151,5.254996612939375,5.8061141272763575,6.423758524530009,6.701505418956702,5.297872320706386,6.655333114740304,8.227617806302968,7.481349262738698,8.692882116688196,10.384379019227957,13.223417084397127,12.549652738538368
-8.329455936821248,-7.99905052001317,-7.416113363104743,-6.287972751495865,-3.918059250333787,-0.5041016835853777,-0.05142858591849375,-0.2784687673604476,-1.3794539809892958,-1.045206285186338,1.1777647300378202,0.7051145101801668,1.0275757675250212,4.27028931462326,1.1013218215851235,0.6453288518634609,1.3260378710015808,0.17073995780898057,1.2842732812037614,0.9236519730952094,1.609834842134629,1.7674321475911856,3.3202363233575176,4.365937273040314,5.120889549193669,5.939867803769009,5.726335805209372,5.834494050512026,8.357980544724667,10.309343962469239,11.032684341238573,10.89548054964647,10.047529496085012,10.531543205051678
-8.205491493183718,-9.3644352114676,-8.69582003626359,-8.021938632314964,-6.298356954495486,-3.4104124810248835,-3.5788112964865952,-2.832125321953713,-1.6450469244345278,-2.333995911316437,1.2550659821474832,2.6952639537539,1.3877876036693888,3.4270662677002153,3.0943969172551293,0.8815669229571798,0.25706775209867894,0.5268683886124887,0.11080473130973909,0.128202676271566,0.3520126285092372,0.8694882181652457,2.7343439333513184,4.38461671045902,4.877900909711131,4.815335371145267,6.253979363229376,7.212898073267588,8.26684986266755,7.890341474473487,9.594987517060677,8.570534616609608,10.089179741858421,11.059365233022843
-8.469865511702197,-9.075141055051441,-10.061069141012592,-9.742813565219528,-7.702055921651718,-3.4955220717764863,-2.049694420398022,-0.0015212178595447596,-2.6454334389069847,-1.3799416221040501,1.4912352510901494,1.4697525695123734,1.8909487569557446,2.127245163344691,1.646584658573423,-0.771928191279295,-0.3573590833258844,0.2563419605063536,-0.11111211445883563,0.6800120677189683,0.2563083367616033,0.37314418249434306,1.245193024451034,2.4037464989554325,3.6711529672494767,4.056319988959959,4.3504748932428425,4.630498905149157,5.678550237009154,6.084966569558367,7.8288102225492455,8.868366206375464,9.264098233686266,11.125608157610142
