script/wind350m.json
{"header": {"parameterCategory": 2, "parameterNumber": 2, "lo1": 3.000054539987559, "la1": 64.9999836372058, "dx": 0.5, "dy": 0.25, "nx": 34, "ny": 52, "refTime": "2025-12-10T11:00:00.000Z"}, "data":
[rows 0 to 24 of 52, columns 0 to 33 of 34]
-17.18779627565222,-16.249075339364143,-15.368509048706732,-14.408115196089508,-13.503345020139234,-12.501884521275835,-11.22024514828799,-10.143064202002442,-9.071770033958607,-7.631941081056264,-6.880189866204263,-6.568240705886793,-6.120509932764946,-6.5375295154556845,-7.705333844942712,-7.837358926195205,-9.373778619241085,-11.176205616105978,-14.094577234708078,-13.519757084397073,-14.403712879123702,-8.963338611299294,-15.980846025723318,-14.40184605325524,-12.834764671584043,-9.92032697721629,-9.128392368834493,-7.958834798258101,-11.147899880753144,-10.20492526803466,-11.082179047066242,-9.665618045907866,-9.177343431512522,-5.908241931179298
-15.559313763807426,-15.308716075060413,-14.517776651164517,-13.180276884725128,-11.965052624834701,-11.169228867557003,-10.32054923074779,-9.829919466451003,-8.962907014185411,-7.71595730235692,-6.816234510962651,-5.993971355259871,-5.600718943875601,-5.018116232212034,-4.734148005848939,-6.058433380740199,-7.70146618442121,-10.106535010538392,-11.9111732473132,-10.567920202587457,-14.245768940896925,-14.272849083050515,-9.096072651189855,-13.46761498197668,-9.67373772138167,-9.232189159586538,-9.040049354286237,-7.770631958349945,-5.61666780398647,-6.750294700278085,-6.312080956474063,-5.397203388636987,-6.676207385809763,-7.819081362221929
-15.531700614399528,-14.734935946605386,-13.712974451379377,-12.572570740421048,-11.31702928771421,-10.354314321501754,-9.686896847714259,-7.760474822080137,-6.7797951131735354,-6.574548742251486,-5.462430255891497,-4.086225581135678,-2.657649661668005,-2.408807917544652,-0.807302704357437,-0.098906560958978,-1.234931335779303,-7.744932322767469,-6.550989852972168,-8.06317401656315,-10.089946589040405,-5.345608012009027,-15.279132983961658,-10.456833553376999,-10.978534583268338,-10.025048580785066,-8.52256717321764,-6.492901585829791,-6.241381256046355,-5.084941742861818,-3.249395131335755,-3.043488109648542,-4.517379237179124,-1.846018379478424
-13.538965114218612,-12.393556705531157,-11.367667646402543,-10.50864677000344,-9.5526469110677,-8.376611665497277,-7.191661396651266,-5.942399216244867,-4.927577958037548,-3.2750328873494245,-4.563483482654198,-2.621457698191877,-3.2852847737542303,-0.05784049276528401,0.9008933698462983,2.9780939954568337,-1.327674122334961,0.24068900066119814,0.7095825567791039,-3.6997468638479467,-3.6443966298119013,-9.006867349932534,-6.38127197441065,-8.925719336350028,-8.513136248808316,-10.43544843840743,-8.645159121080056,-7.721034245035332,-6.62750003914095,-5.24730296906907,-4.452541143659019,-2.590435357637735,-1.4576569472359098,-0.5255374935425451
6.79631507538471,9.169782848299525,11.073762020203336,5.220937839415031,8.629985219141313,6.726215663072053,5.8769706501524865,1.781101051570474,-1.4075350822149884,-1.264839090367481,0.2940953126811345,2.25159966114823,-1.2049034776594947,1.760321746958471,4.186686100673868,8.257741585811806,6.400344105452243,0.12589620800021492,-1.9887688898416414,0.86565840142771,4.357987318201582,-2.8479434124922487,-8.436220105922697,-6.427507791059431,-7.718720642242212,-8.339043291685336,-9.364229893516718,-8.801526922280585,-7.127890607913525,-6.082779322904538,-4.357813651988935,-2.669874312638108,-1.7110496818799834,-0.8531488884886017
7.6763399194141995,10.46947993547258,11.778620988266141,12.992288625741814,13.943430734852324,14.430186218107888,14.016877952482682,10.698974558728844,7.458245206515618,5.10373229325877,5.430076327982528,6.5117806445414255,7.260094390247094,6.791746730628709,4.1261381096328815,6.2259714108573165,3.7503053449300485,3.445622113425173,5.580749826078148,1.2377295402322674,-7.4107665864040175,-5.752561055534947,-3.6093554838841833,-5.581962284249346,-8.05185805934285,-6.819472923515019,-8.164759317711786,-8.016452260846016,-8.11474406306525,-6.804077620810047,-5.405088148271508,-3.3428863766870704,-2.596508563450748,-1.2381505199033807
8.235515498836596,9.080287621557543,11.430093429920529,12.761696232743368,14.265331724972452,15.963650557126877,15.94244371740097,16.448753914635358,9.820255022458822,7.093608967937949,8.32354137043613,10.334573028605558,6.47276214484201,11.889456308750653,5.571546015966342,4.541154053679279,5.142001694381154,5.736890846424942,11.772265725637478,6.583960425561701,1.3531341179324872,-4.211133189365054,-4.682174930201122,-4.650677024836431,-2.808806811481263,-5.509461521179837,-4.867972592245058,-6.002858933198012,-6.818305625132724,-6.391947409171384,-6.088344650421651,-4.197169463580943,-3.098467087032594,-2.418437700391698
9.42496845488447,9.738301981693246,10.335143869220706,11.83006553081718,13.037530740064794,15.139174972743096,17.27616837935185,18.06885075118269,15.894558186546353,11.428855445898664,11.264876654398561,7.3787536153009645,7.945596542685861,16.361567798465405,6.405019225899796,10.727718091037495,0.6239168617107409,9.30640407414846,13.645576610533476,13.075176009095486,5.441585457941975,3.988233711789637,-3.7841094387522434,-3.283479329670565,-5.035195425540863,-5.3460506898941205,-3.95227733227649,-3.3122122645297787,-6.50138578893788,-6.748270853614701,-5.778456053299356,-5.100951058044714,-2.9410484888720965,-1.1727891799423433
10.721089428784653,10.860479816334092,10.66438959944333,11.573121762626617,12.297319848000207,13.53886664356397,15.349393995195406,16.00529498205411,16.46932895292807,12.654521276364926,9.229744122747855,6.306257224069124,11.161222383385995,12.187706787295202,11.338028008739988,4.684013736200536,7.719223180361079,17.34069818898114,7.285505798154046,9.876129735908096,19.53453533222459,11.533548241058044,5.864783655999478,-2.4854117617893454,-3.6374345576664684,-3.159267558148502,-3.751731541722599,-4.7894257741974995,-4.321709728795781,-3.9543160001668305,-3.923615988036922,-1.7849124731870691,-1.145749284236377,0.7418241094130735
10.188836966090712,10.227846729711274,11.188837217707057,12.053439527199817,12.31523808438489,13.540535720292395,15.031401109406639,13.955672733821315,12.893667028696786,8.249711973403443,5.425541280374505,6.046054374854814,17.268579444806523,14.429198294515137,5.983643160606721,15.81932797523789,13.332314185438689,10.237002473354554,5.852593457936243,9.28119560939276,9.758029279199436,6.633868905624001,3.215994545096184,2.332873453054742,-1.4594153931331644,-0.7945223544623309,-3.032183390248629,-1.9062172762263976,-2.4792004133102084,-2.329225646584789,-1.8684636768910088,-1.5686968920911575,-1.4996966550560613,-0.8316988181333069
9.548955519349187,9.136070041206027,11.681141581747438,12.62986131355969,11.97327151738892,12.81998514128184,12.79932643472248,10.784252811416932,12.674786958725168,5.530100699780999,15.838908306378755,5.251784013347276,15.13146134375846,20.820303453622547,17.250191370784595,7.3968307106884,8.442313462588732,9.45522503918661,8.729880010914044,6.72407532755549,10.457560866718813,4.98367373221223,13.030286561122852,1.1052137245077314,1.6435340922349693,-0.39073175653552555,-3.263673123033859,-2.1900865117460544,-2.596331483502878,-2.007095452153869,-0.5216989701350683,-0.9676905097401195,-1.3013736930232567,-0.6535113557337975
9.809955552802109,11.112722792959747,11.748212837015846,12.085483445703733,12.875617081453166,10.34842710856094,10.48716043875079,5.4621386493947615,2.4851947609311713,15.122105136422963,15.290598087101483,14.373818250886748,13.873273849865399,9.27308667376707,17.51418786696856,5.61512412707332,11.937873142574144,15.060673758869163,11.899956991494257,13.361645911312877,14.467595508292588,10.278761218379891,4.462838575761846,9.467756247661823,1.4879483789200654,0.49143205092850845,-1.0494968608159734,-0.7181405563049367,-2.8156233452278405,-3.3828166276691145,-0.5198485367932543,-1.0370647384008473,-1.3713282251594567,-1.1796474004142217
10.055641732523885,10.860912001116994,11.61294666124619,11.645560371696865,12.130329631296366,10.655407498612641,9.748810531227614,10.403331284857243,10.616565374789799,12.190849810428363,15.117317398845163,15.034007774524872,15.38934109924075,16.260469650754388,7.9067073245493,18.877176126890088,6.987966464293785,13.731366764998807,9.503540972428778,8.45091040912255,8.387789364305076,12.943908171053787,10.028293658875885,6.68919556227865,5.814773881915397,2.6066854617918978,-0.9218542896599334,-0.19854350910120083,-4.302982074046888,-2.2845841875427064,0.33380997807523727,-1.6818769661127693,-0.5107886362287368,-0.6665465067935799
9.558024317853466,10.743131226523987,11.06471343879455,11.297548254423022,10.252117505416743,12.858096515816511,15.219490061924553,7.799491437526587,15.295129847738218,15.485484850732416,17.514187554629903,19.71425577566174,8.01082102282547,1.8254041375289023,8.503531853860597,17.686824099135446,11.29469013752564,9.31505029584429,8.336607218900324,13.579016362230671,6.124565145259502,13.056051166317863,15.006016511719977,14.673291557448406,6.642228849766503,8.125789172018601,3.6750281354422745,1.5729120416788331,-1.6355984935588335,-0.8867067170667725,0.5973328544930129,-0.45720500596896557,-1.6500766560040618,-0.2260958829165609
9.904097750207434,10.342836491658083,10.771462579923934,11.013281511646323,8.679129539601158,10.891550737242852,8.022731355478575,13.975682361301736,9.391511796941971,13.719867432871512,14.497485081543383,18.432622671558835,19.19397507757683,17.553000571986516,15.258503855152608,14.8889960147591,5.316395385311668,10.902996425986887,9.734270151771202,8.990613260720052,8.20136547394023,8.447818189377593,9.932608118616734,13.150535780958005,7.211838584879631,7.1274500549416375,5.83371280458366,5.37986401254583,0.6002286757355916,1.0608937529253504,1.1427861569642896,0.5810272684012926,-0.8749931742563787,-0.5089455147724784
10.285263697062184,10.426797969702795,10.23165772124885,10.702534755873256,7.655385691445421,9.64923500177148,9.61733426501588,9.022665840228418,13.115779191946789,12.069813953793716,13.707646067539597,19.303148490103446,10.345294766053952,13.375634487128865,2.7966703029166498,8.282374782857483,17.397712287914118,2.9231459697534334,9.687993214668529,8.063673947326137,18.01214901625643,9.35260584207419,5.952490782616837,13.075763387549197,7.730130760152284,6.798117266316397,13.265791129015959,4.538841525918398,3.184412564505387,3.672145280620328,2.5063816059552324,2.0073430715601535,-0.6119309284681979,-0.9355002865726179
10.621876573224368,10.53065693795079,10.17976196734386,10.034535764576457,6.527353668735386,9.709092189900224,11.995045649896513,12.473655660290966,4.9002621192748,18.7061258302855,19.497260943960764,22.22191059061424,13.9508220499742,8.29148052285619,2.9362426174486562,-2.404734619432358,7.0633019337152065,3.5907814820950517,9.259306273797597,7.417387742146052,13.590287805346994,14.68410080260425,12.850030643916094,8.074059532795244,11.86338865043479,8.55606703099322,13.746851578523412,8.950765461811013,5.096915477826234,4.805190396311809,3.929082004803748,2.664774721182617,1.5215077210328058,0.508403107676871
11.476721803733673,10.574203590175134,10.557776015320727,9.055984123123547,6.935010190371478,9.274663330042054,11.531359610997093,8.759371741729076,17.13082974281835,20.680342008904937,16.649806029812506,13.337150501210811,10.657239535436837,13.223968917538137,13.528117932711865,12.228033084888239,2.9247406281274,10.058489337010728,10.843442549618167,10.638247066018732,11.539183558420765,12.354923794863836,14.210106334864307,18.243072631286832,10.551516674861176,9.877041169467256,9.767468303766034,7.949397359679059,6.4017539976252165,5.624582223053454,4.771245746635247,4.028322389971322,2.1651722625131806,0.33146879837926513
11.97745049231835,11.846492369773877,11.224138549813745,9.38934695579532,7.344662237847478,6.523019843642275,14.3166654693488,12.925933131088472,11.626779321413265,17.513137807532825,18.806928080650746,12.357787753085985,17.377834437383772,13.840297471240364,3.999743675290487,5.04045510437759,7.160632105825403,6.674348027046072,9.332817743638671,10.735648864798067,11.229482215359798,14.340105193243469,13.217203619912077,14.5860708402559,14.284142635114305,12.362774335300703,14.876766025947266,9.927600973087184,8.616109559005663,5.856664011635724,5.165806607488638,3.800922505245201,3.0019990926915865,1.5082023938769016
12.653893972461885,12.137374911637146,12.35552589971617,10.285762450178868,7.409685189801292,7.61956872352477,4.535573171419282,17.912592439981616,16.477424367736937,18.911488879401833,19.699460253289768,21.432153593600464,5.864605226207034,20.449588412650776,5.943553295968719,13.657129719017851,4.8212152986994425,7.7028441416473665,8.0224638031212,10.453958661851939,9.174284295298287,11.04202710702646,15.448154371650071,15.238334723555335,11.09908203536623,12.14919641791906,10.09425724179636,11.26627474872639,9.321135460353732,7.479385866483747,6.183151434087507,3.4409476000408734,2.961231078584387,1.591142025435157
13.088801447735088,13.377239354856995,12.655052516912836,11.468036109301945,9.253899520397674,6.994240236277631,5.5439467244654095,10.601955165939062,16.576478527010508,16.75303691946596,16.194707854980308,18.122454050883146,16.549761774328548,12.416641768304403,5.450292241600007,8.7371077243732,9.232370781122588,7.3113131114091585,11.345074765524886,11.198685781699881,12.010529327501056,10.589962870150364,13.62609530712176,14.28422570838649,14.880309116539918,13.703085441574524,14.460994752127782,15.338961669759774,12.220299320386037,9.313479109449329,6.936218311071153,4.296524454303173,3.4531418864141785,3.1047304256456805
12.836026353873192,13.50886116608391,13.378479363653428,12.152730956529759,10.246091978116503,8.25965829665757,7.189329159693779,8.919807444447565,14.371621196745933,11.711260211209924,14.01581627948056,14.699621939678757,9.741725703685233,17.687531608119315,8.333544984336843,5.7954401551434955,9.778147113369819,10.225719720877928,12.326349892370176,10.584540558205743,13.150856905846364,9.728800541080995,12.605706932851298,13.594899054062815,13.56103200732331,14.317032079593108,13.719738378693997,13.84768692486143,13.346238347340915,10.838364586329082,7.895719475383766,6.013681457056329,5.0962185687625094,4.408539020235154
12.89271047531091,13.12910647665833,13.438975327608327,12.662969787603295,11.306583202699374,8.318625938568399,7.559152384732436,12.851267486855868,16.40285793032157,16.038769644119267,10.934747117063466,13.524635137521086,19.54146461038607,14.666984430563081,11.477248795067215,7.150482850064241,9.500587187884083,11.679051618197345,10.860398142047712,13.529242544813505,11.654858585571061,10.601850647787558,12.32068411989804,13.27137976298782,14.569991253927153,14.182585642516807,15.223300907278583,14.515709730752222,16.02956182977008,13.072712534975922,10.754346095728915,9.001428427047017,10.718145369382693,6.716139093579825
13.742149051303752,13.83152421034125,13.557630923464984,12.710501387087747,12.012080939321013,10.423187829290667,9.056919176572062,11.116477225486946,16.600430259893137,13.838829782138962,11.337803869518755,10.54164182387835,15.168494835511467,9.609308979301218,15.126130208274438,13.567231900957779,13.538581738324856,12.807284348016962,11.270028826048307,11.96793256087899,11.518664743882994,13.481784055116801,15.403042752220252,14.562681841029677,14.099790448350111,14.601836680888862,15.097460133587656,13.670145755696058,14.765431291513554,14.63086205937546,15.388619927168763,13.361454991878652,11.832609862710529,9.880686196295706
14.24315358558747,14.162489220704453,14.058172607922552,12.927635656537461,12.571635349639465,11.035769184255452,7.723618419880352,12.92115533630747,15.480547453743833,10.953744705122965,12.53905045502294,9.332716886937163,15.429145741153542,15.07849875758437,13.122057455022807,14.213589009099287,13.73504994247775,13.265214107917116,12.958361987588793,13.32996026495086,13.97956773794472,16.833129641017617,16.80662337383958,15.484253417323357,13.02535026528904,13.177479185603634,13.491948134103769,13.808722357572703,16.526708759182785,17.38028578210162,14.763061459475022,15.90101152480944,13.272777081629448,13.687769774366927
