script/wind10m.json
{"header": {"parameterCategory": 2, "parameterNumber": 3, "lo1": 3.000054539987559, "la1": 64.9999836372058, "dx": 0.5, "dy": 0.25, "nx": 34, "ny": 52, "refTime": "2025-06-07T08:00:00.000Z"}, "data":
[rows 0 to 24 of 52, columns 0 to 33 of 34]
2.003815485334187,1.3071715245282494,1.0419097945389477,0.890294436513226,0.5910400958549403,1.0476579875981835,1.1109961609426635,2.5771200207488922,1.3999783549298628,2.0846331822517983,0.5188434131709143,-0.570653658560585,-1.5981581510919478,-2.7128519202758894,-2.9228611422546877,-3.3830868521896167,-4.350659165981459,-5.357624334936379,-2.4678474268157715,-4.732991174757689,-6.6326807169951705,-6.902953297555955,-3.877595701427332,-7.702304735839347,-1.8285805458466302,-1.3213602588697408,-0.501458555801121,-0.7486506834205211,-0.8891989486270002,-0.592662003386918,-0.6266821561506255,-0.2866701633928177,-0.5385517671047563,-0.06353745969620499
0.622989019179806,0.5294660624842676,0.3039492182695601,0.051561210460831695,0.4000296393433005,1.7543824443511173,4.005870638448779,3.6348043381971133,3.2068316280227434,1.3913662236190774,-0.20002956487719414,-0.712164463715721,-2.0961682684960485,-2.739974197166974,-2.400009395230055,-3.6656197681944223,-4.642901478869821,-3.523041468973441,-2.1969100036946596,-7.754627520820914,-2.3929182984398727,-5.705116245094508,-3.8837584821513196,-2.732768997716164,-0.9528307524969447,-0.8868015451889137,-0.6335794929380203,-0.9163915567724809,-1.1411634763795437,-0.5613476810838544,-0.12681831549350067,-0.3144679588608319,-0.28407384679882003,-0.5161914438353937
-0.682382459492264,-0.7423282934985039,-0.606911310959714,-1.22204010769886,2.5040910234462075,5.505929507293922,5.047379575986938,4.271299313891874,3.5318309753730848,0.6883887453755285,-0.8403460014585135,-1.0427359963101037,-1.868572874879442,-3.216410460185785,-2.646677263241626,-3.4522442952560466,-1.877345763018151,-2.1394321665763822,-0.45928379250692125,-2.991737988328626,-7.584488670676331,-5.46311597358994,-1.5002290934921028,-1.3156408219946214,-1.058819137131014,-1.144286175202284,-1.0297410157698783,-1.3924492920897282,-1.5255070023861348,-0.8691648640359368,0.18567411593930935,-0.13877540631263544,-0.6866845590702553,-0.4812205114862734
-2.29991639363682,-1.9362246585612992,-2.460150968232936,2.902914297967623,6.225423474437563,6.46482288498678,5.080985713324978,4.083993538755867,1.6869286746935876,-0.16018778522637592,-0.9228955619978226,-1.3870257273613766,-2.181908330887678,-3.030537410934563,-3.2578837865785273,-3.3124073869652335,-2.51268032459558,-2.5204778143436384,-7.304856070568713,0.014492566864856863,-5.369194941355514,-5.695331608548765,-7.412563731129873,-1.1587758387792269,-1.7128612104036416,-1.45708028123517,-1.491561002924129,-2.14601103372877,-1.3343243095934407,-1.0856649683449016,-1.1720455526337412,-0.6560651387163834,-0.3387860944749331,0.07373009437518854
-2.4521442277816083,-2.0729722077048116,3.4217230285722424,7.092897871395041,6.184864077842331,6.010003494281854,4.381376485810058,2.7559558479115274,0.7249073623795455,-0.29378977272035084,0.19163300370018607,-1.2904835536530408,-2.271967902259623,-3.3855471005226363,-2.7029597390179987,-2.4305085938831277,-3.332435858858462,-0.9820339624845988,-3.742931958750845,-7.021279642454077,-8.217948602643865,-8.53336172111304,-3.9978974374004497,-3.499485232463889,-2.138813067579913,-2.0781665993188922,-2.1639460083328315,-1.028909197284105,-0.912498258174443,-0.4061162332779663,-0.21158020939424962,-0.28118446961416205,0.1858156848590321,0.06706200768991244
-3.2393516123505197,5.804161684578697,4.228280685396221,7.647717403424853,6.657771748277291,5.557432890159461,3.2973487200341167,2.2300022555455086,0.9819274756105799,0.8832560006951458,0.14063897540436338,-0.17877188739132363,-3.0422890574789703,-3.221882652224725,-2.1668879066755844,-1.768195690532791,-0.4153973072275507,-0.9599276233589499,-5.621204961227788,-5.728868642629072,-4.408351928973461,-7.1566810484467736,-3.7964957808915893,-3.2003874983515557,-2.220023796471821,-2.4439596671937514,-1.0763435885418642,-0.3579579425212783,-1.0525932938363924,0.06350074770049581,-0.484306084156206,0.9975918362982713,1.7013668653003795,1.5510888386360262
1.8516274687434802,8.317718746847955,7.804272763386811,7.046942477002952,5.7253588778874445,5.310889213775497,3.23809400608125,2.03873689702334,2.013101491276766,1.8860787547191065,0.45385570045111784,-0.26855154899204947,-0.935873745699524,-2.3540758794901935,-2.2808441374029247,-1.8939966119113776,-1.2993540466604876,-2.7157114552218706,-6.789097414546632,-5.739959581410452,-2.8138082110038654,-3.0530250478031116,-2.519063158512128,-2.9250713708349294,-2.6920458085217267,-1.3992505290597923,-0.9441182663911111,-0.0936677151482705,0.1869185929081716,0.564087882050085,0.9694722148665011,0.8481216098082672,0.9711187722351664,4.014825668557197
7.215137424865634,8.231482121231588,7.766174571948821,6.461900472862667,5.517794962077701,4.771524900840486,3.7580188492508753,2.8268610490596906,2.6006535188253745,1.6346939999537016,-0.9124590042944252,-1.8151847801390315,-1.3250036512613625,-2.3045986070527626,-1.6350121268092552,-1.2006530424106416,-1.7373962249853967,-3.6349647663984657,-5.595555288906281,-3.379833760357589,-5.192399728777786,-3.347976528346558,-2.234302915139183,-3.7617428794839887,-1.3501247244500065,-0.8738518790104034,-0.25610547562789254,0.19800736545016215,0.3071731095216055,0.3934930776660913,0.6354064331520402,0.5452978166359527,2.0733908572710784,7.530069440059583
7.6289371877611565,7.70606420056843,7.311152337530028,6.472160009506775,5.253387976369799,3.973550919104731,2.9060567011427914,2.5137563306999167,2.316333935437289,-0.47035460071424434,0.3287244806429768,-0.35169508420360673,0.5763058760871457,-2.2525397968164826,-2.6098579475255304,-2.461832079026762,-6.301403853422684,-5.262541268480462,-4.655444166216453,-5.805720743105862,-7.174123570791889,-8.048220018843036,-4.674164464034486,-2.8377871721742234,-1.3027158429513082,-0.37011852205459883,-0.1902632042347955,0.27060217618293475,0.5388757335969158,0.21508369586442846,0.04660287856173893,2.3077124294665947,6.58331018518867,7.2144321948859575
9.361166308888041,8.335652781959933,7.665312936626919,6.991145359748334,5.614935841061004,4.39685957573154,2.7761350307952224,0.45287583421400285,-0.323220560806198,0.6289109584706893,0.8204982923583174,0.05305225582233282,-2.4666974335708773,-3.130737239691671,-3.2873056156024156,-6.699713316521324,-4.297989633868394,-8.818212766737512,-8.424691265107864,-8.592716451475306,-6.314623537528074,-2.2776929496875082,-2.6181199491664726,-3.3959879432116113,-1.0996011098370186,-0.7587219282532266,0.42767227414540304,0.5984691705544191,0.503865000354737,1.1280548935136103,3.6461447008336734,7.092411124933454,8.099910227288083,8.286632451531132
8.329435702207842,7.509845290670625,7.213252851362349,7.084698494263296,5.732955384931942,3.148027578659523,-0.5214249641803623,-0.675569488271659,-0.1484569153264719,-0.76763511257469,-1.5078072193338228,-2.736762555867121,-1.2481048075889016,-5.381118886951892,-7.227359295951507,-6.894799603525206,-4.346882169535005,-4.017403593616705,-12.011231613622769,-3.563220419130556,-6.971628588932437,-3.1412097407194457,-6.750192759993024,-3.6338383091886253,-1.6304599215722293,-0.5826708547973433,-0.26918678232742155,0.6826384980650455,0.3149565078602109,2.757022716897339,7.816205046660062,8.138976111163629,8.287526657466435,8.370649489408708
8.185332494658944,6.626419004124181,6.983109450223599,7.156868387222243,4.909181149466361,1.9342384468119265,1.1812720764625833,0.43569249038645913,0.6005449064532752,-0.5125914073278601,-0.38827254288825425,-6.379408797023237,-6.6506563499339535,-8.541416374649259,-8.398414344678512,-4.474786696041608,-5.463526110683663,-10.854159210621967,-8.459926857646964,-5.708186018409846,-4.757981785485922,-6.256884172037862,-4.197046704005548,-3.113666744633361,-1.3544374346994512,-0.13941250779540135,0.3627198591820639,0.7992370074425877,2.0430329713499376,3.3844679165479015,7.6596300877968035,8.710300054683774,8.581936128238556,8.638450234434865
7.041523288871453,6.565111344336922,6.267191999236718,7.232447918755176,3.2265032071917816,1.2592790225777317,1.553528819658588,2.338713281738376,-1.4985504590453502,-1.625917431246205,-5.028283927965852,-5.692158855762311,-6.5060920190110805,-4.440902596355101,-4.791424423032053,-5.362690218169198,-7.950260364397211,-5.883827238729029,-6.819849647974026,-7.758998926836974,-5.2690697771354955,-4.198643885448971,-4.227763530752463,-1.261283593505128,-1.6493548884384381,-0.02319565946729197,1.0480224095069457,2.0149683204369513,1.3858671938397307,7.292555139551358,8.129505158856556,9.251850674779334,9.130007731337372,9.823005147208374
7.1802797703905155,6.869974083518563,6.088532508641098,6.071812274022428,2.6475196171142077,3.337432643252422,1.6095549693552187,1.059881514523361,-0.8635484314566793,-1.0441178561265603,-2.587679468419722,-4.526853171068083,-3.869723745339366,-1.7425525443866616,-7.742124931861352,-2.9697927113152014,-6.5198527828854544,-1.5949737348150745,-7.0544263258134565,-3.510280106066974,-3.1455464894409295,-4.350294605232439,-3.440044523041532,-3.1000475983324316,0.4089352705295126,0.9143414000090314,1.0509358266901214,1.7773271067320504,1.3852813465897793,7.122182492133187,10.301430559678622,9.319733935927584,9.733281007345655,10.803593781859805
6.796902837904924,5.94109550891567,5.649226747699084,5.563995219826151,3.011090556384645,1.0520546235764214,0.5548145695651464,-2.14767703799941,-2.4475996295877125,0.6409313135166976,-3.1643232748201724,-10.051380861888157,-6.928525334099334,-3.350870198141878,-3.191018013452644,-8.52925262396987,-3.6390051542807504,-4.602057349292487,-4.694348201065886,-5.0545487600337085,-5.63628510317577,-3.597858699381214,-3.9674281656978696,-0.6037650689763575,0.6368220269646415,0.8193302330077908,1.0217762347031898,2.1820379295999452,2.2621501706487233,9.396248408114912,10.606045850226664,10.005386773308125,10.105524269339298,10.441417604384693
4.875457734052673,6.256088136290404,5.544000075582038,5.489019312443884,2.104468354673656,0.8168057079645377,0.31511850813763315,0.7241240096993874,-0.48182391376848255,0.8159577313924055,-0.943108298205057,-4.352139712734601,-1.070240900833539,-4.9637262900136365,-2.569304175467737,-3.4325133681137183,-8.411820394695015,-3.251964159631756,-3.5123724460150907,-3.8784547785289316,-3.4377141862322813,-4.884758630007346,-1.193635602155917,-0.16803007861536295,0.13406618175517748,0.6621830592069836,1.6587674853421812,1.713502591969845,2.8219328586441548,10.163886103324039,10.898532750390874,10.53780852451979,10.689724605596497,11.203661649758418
5.212460863431447,6.044366832783885,5.191503883238665,4.831561039222999,2.3598454997743206,0.42636374579614894,0.14732040835622734,0.14753253212512965,-1.3035892270278466,-2.1056446802125275,-3.599633919984346,-6.363469746689774,-1.9780525446625272,-1.9453379150597825,-1.4939661808599054,-1.6115374380142287,-2.0083098000219857,-2.608885150469405,-4.581544351101912,-3.106164648596052,-3.085266827847614,-3.7502995553422513,-1.954261240995009,-0.36461337327257837,-0.012118023654507848,0.8916296269708309,1.8628607184156625,2.470144091753533,3.35504122493613,10.454601197837286,10.863337675278583,11.19001751494757,9.635193126785843,11.913189226516595
5.382364193864766,5.401323389520341,4.361617140142512,4.370641116702099,1.8336476621058733,0.896940831303445,-1.0343392321096323,-0.45569486506989837,-0.6718342839094805,-3.1650240198421873,-3.6177020970268163,-7.337966302563281,-1.5606942036516325,-1.8270740766202622,-1.5701973220679535,-0.7392499669511148,-0.11068561623755643,-0.13126960897025214,-2.8870398119265475,-1.6106732111056785,-2.0863888136182576,-0.9507133553916194,-1.5812584380097037,-0.5947242852959881,0.568728317800521,0.8892217739393414,3.111648785759224,3.310290951479339,4.154986707020955,9.044327420204365,10.577099023407259,10.242454943493707,11.09278102402267,10.826308498596479
4.753223882374905,4.728122710219942,4.17869159112459,3.8538010370326075,2.233197575156791,0.05074287082796481,1.1309727576967998,-0.7228366331607534,0.44935651344222194,-4.378420601404285,1.0399051622102948,-2.2455260043704786,-1.9461480672732925,-2.037088623137492,-0.7455649840121695,0.10221185371911153,-1.7849525233947,-2.5384098688583303,-4.4488147050788065,-1.9802086151027594,-1.3348290336524424,-0.34635587715414823,0.23591691912417465,1.0648067428626915,2.4629016096407557,2.9073007879094477,3.534315530438655,4.588053598504072,4.185230820933715,4.987262526781982,6.479435904281981,10.87845380883026,8.561795812872322,10.883598782084698
4.07472524045481,4.033207901261848,4.299583647979089,3.7591508544440537,1.9280509075078616,0.9752365876506661,0.6822072792023147,-0.6966538114174855,-2.6307137127381557,-3.0078889099443127,-2.5356542686598877,-4.268437510730667,-1.261459919890329,-2.9065556384530082,-0.230232625593542,-1.2350088193931195,-1.2035801848580165,-2.007170598130635,-1.2593931390250181,-1.739391681673212,-0.5218679956483071,0.3795169693706371,1.1677054778339229,1.4978391456604687,2.6227721113981555,3.6042300349141767,4.612030238793873,4.217095247845968,4.618653282745812,4.564007315096783,5.0240257999099525,4.413979090415804,7.982191925384188,6.296285662345019
3.694717788211526,4.055313214015924,4.043952973853399,3.318290037334672,2.556478940677117,0.5107216598056954,0.5916234853946831,-2.264482677300538,0.17651897056290053,-3.1905101153052438,-2.452965708951899,-3.351584033714794,-0.8240427978721803,-1.280334439945233,1.804627085088247,-0.8036251818918502,-0.7083901086617681,-1.7890885518581872,-1.4724802427598744,-1.1639194862587445,-0.7871869908440757,-0.09273168959462617,1.1518808623130656,1.8952849382070351,3.1326776104853358,3.354411878321805,3.936571596069595,4.33039525305594,4.351744755117974,6.181085179180438,5.9382581339621,4.036747524868642,8.43798148041273,10.29037412317922
3.986324284954222,4.386028455241427,3.9045550758505345,3.107940331758337,1.7048150399086568,1.1054693224916006,0.7423538128577689,0.45595318555097625,-0.24761580044299936,-1.1209716449524767,-5.017116955127912,-4.147247771092692,-1.7130824572063235,-1.223196727372527,0.8486477185757316,0.3607512841839766,-1.151504118880259,-2.411586225431751,-1.5382978023550717,-0.7896015129433677,-0.07832331457577192,0.6605333155777786,1.4953519613337065,2.386094598061623,2.6589165529427237,3.122274701500403,2.8318817478164897,4.750655995090984,6.241953373302682,5.735769967636271,4.685296366245459,5.320516482564727,4.954930716371535,12.923312592527722
3.776581758901696,3.866281575816918,4.092378360181838,2.8745192575538256,1.6392494150923995,-0.11910804940061748,-0.07357262596044374,1.2552860306894096,-0.49969930925088507,-2.616221108093407,-2.0046080611714854,-1.559907932842261,-1.6668659121304725,-0.7586604845258934,-0.16184543052687697,1.9302822107219832,-0.4879092019048351,-1.390712157508292,-1.013233051782471,-0.5278421705290294,0.3697800717557479,1.3887074761105065,1.5432180714853292,2.1591041780172473,2.9477428807013237,4.038519602404496,5.929666117800058,7.5355081692741575,4.905303054411788,6.7580342264933595,5.662090522587238,7.444129865361262,9.254920402107086,11.191953260198419
4.110433016863386,3.6594969018216315,3.6729571560564307,3.2928587839439265,2.403803344530893,2.0560853051775854,0.7142441952208726,-0.6857724162442486,-2.0030612273156474,-1.0496138485376696,-1.4832047690039372,-1.971120791123868,-1.4434663929925118,-0.11021927171810074,0.7634811093886168,1.4423558023400047,0.08757769206886769,0.1798777521421979,-0.7094873029208925,0.07897100285626017,0.7587853726269246,1.4824283758031485,6.926452170069991,3.0754473444365042,4.2273153597027475,3.831732019325877,8.09523548051103,4.320517615967173,3.9353355532166083,4.722437679219316,5.451373891578979,3.941344181640719,11.111640860456948,12.049160250104718
4.666653179550658,4.430615583697304,3.6381743157414888,2.8599206873079135,2.527910213046166,1.4248208164883218,0.04271143660298123,-2.188087482694307,-2.4054239548718073,-1.7292939902839024,-1.5028102967753019,-0.9850129397879175,-0.8104622769508457,-0.4095099825126715,0.27163261904559943,1.889571808910654,1.4936287027802246,1.4283148273314412,0.9231514736880362,0.8713138898794444,4.752016488485149,6.6445012009714866,4.076577739922279,2.8621952327937845,4.008699497905336,4.095328773782327,5.20500954070288,4.485638899099339,3.8597705854009225,4.490390041077123,4.974523517863368,9.4383108803788,11.366821455678398,10.723913981819246
