script/wind100m.json
{"header": {"parameterCategory": 2, "parameterNumber": 3, "lo1": 6.000198445256149, "la1": 58.999992894266676, "dx": 0.5, "dy": 0.25, "nx": 22, "ny": 24, "refTime": "2024-04-23T18:00:00.000Z"}, "data":
[rows 0 to 23 of 24, columns 0 to 21 of 22]
-5.698828979241697,1.8652966167166163,8.480679878673586,-8.684403562476751,-8.206838987353892,9.389559839573938,-10.599403330154079,-3.2434878076388283,4.231189306108586,5.915907364081862,1.7325417683544306,6.4654365226925075,2.40824037426897,3.9795419048444067,0.20721065311709924,4.344455160648209,4.971379378123479,4.30186566216087,4.542381845484338,1.8422070851072951,5.735933397185211,5.268740051158086
0.22544154113748985,-1.5869092281362327,3.5625613373011444,8.031230737556328,1.6617913881342894,-9.415783695407821,-9.77678655881267,9.1892308339461,-10.585990906327062,-9.01965707101513,5.439007135305308,-4.718772325962099,-4.835401830778127,8.297535067656701,-6.145958277194593,-6.866082285321254,7.207903939748648,1.9783321803373455,-6.577279490362931,-1.747939166743039,-2.9638544181129127,7.13052540762857
3.8739062895679393,1.8832725752877957,-12.274088475979038,5.86838756068419,4.108184625575485,-4.0324865032854404,3.3735412840985877,0.6173441076928265,1.8944685363683271,2.1610750812739483,5.955340831053485,-7.884613518741873,4.744893778895268,4.126115922632599,-3.329888257805502,2.1033550402001135,5.975010530682756,0.15543324784920334,8.103141647342197,4.728343123874733,10.23438177108548,6.153450286499666
-7.020835776189808,-6.210856633232317,6.495024411267824,-1.5363876070327647,2.7588876081427856,-10.698482297363718,8.026086528942656,-9.825585847265788,2.447749350676214,-4.627243828171919,-3.6637463746279018,-6.848707944364341,-10.511600972966349,-7.28951697306998,5.794996512329619,4.342679010063951,-2.2303692240961124,-0.9545188675440482,9.309743389782762,4.886271028301253,-0.11632058370366355,-3.6414618738665614
-2.1025945583644283,-4.476249803836046,4.62319735321535,-3.4374157981440807,-5.518003643057276,6.104331260800281,8.79365220385448,3.569543263001442,6.514573474179792,7.089613371892566,8.100292818556486,4.729824027655564,-7.8828278857664715,-5.033218050129778,3.9169237364872855,-9.917485253830828,3.47217334918156,2.4675584045114496,5.541470714619983,-0.634674964515769,-10.647460289671397,1.3266977815750416
-0.26498675460648496,4.388104406601624,-11.557737640406778,-7.1431144322257465,5.132164987867547,-8.731257277741767,3.0191489098818636,-2.5719807863965163,4.5824813584050865,-0.03927923225096758,-2.2635756119399604,2.960545199200886,0.5228864443202954,4.890492101099593,9.245824276441196,-6.096741962152272,-3.4022650382100355,7.192607520919718,-3.0362606959058915,2.9092244256540014,2.2969332661505524,-1.7336195785767392
-2.939189448223892,-1.0189967097570143,7.423727135379497,-7.468932153120148,8.566055588822687,-4.95321962750183,-6.648777247075969,-6.165235344943593,6.4944864150600115,1.83506005767624,-2.4484094814087007,1.9476339812834444,0.8545596726988498,2.381195598380986,6.966628997034537,9.93138615644753,-0.3887800410183612,6.770202680970013,-6.056459141925786,7.101724108620942,-1.6978420477325777,6.819356455756432
-6.5262589462444165,2.777077878541912,-0.6529177309542341,-3.193509836764834,-6.504281953477589,2.092662488971868,-10.349878952540006,2.1033030190845485,6.293455269898792,4.578418376084455,7.008054787112126,7.907719454278047,-7.878063920351828,2.996010562419054,6.921875287749213,2.4533493416675625,-3.537165079645924,4.824186086250971,-11.148304692382263,-3.40089434111791,-11.075273488362022,0.10909818056722698
-6.011693738367993,-3.8230793227994186,4.43200528727837,-7.94631179658579,-2.099180699294457,1.504706851699226,1.8021391632854862,6.475676358462084,6.205399440492456,-3.5688999008056324,-6.5549399107397575,3.354973796234254,3.702233576500468,8.585426889730936,8.283163370662454,1.439582004434916,1.5836252014733405,2.5640155269781433,8.894113563080174,5.573212916407095,3.0590346712203433,9.237534157376608
0.8703882661662583,-9.674401934370294,-11.64487884075313,6.969326981108184,-6.919111794906055,3.928912256854996,4.54023717729552,4.409431322304474,-6.1662368145890225,-8.310571632339425,5.719587183329837,-6.89827895462665,2.406916853269705,7.551938651245055,-8.295551044121236,-11.593209356069243,1.4782312641496127,-1.454486267649659,3.547570408535952,6.096288491737519,-0.8050939826946588,1.2785509531924215
-2.003271786840164,8.23336501684524,8.32979118444344,3.2286288636124683,3.340816507745916,-6.887940776098447,-10.402889171523048,-6.653804698327478,0.9135415271258799,-5.225500356005998,4.429383473350091,3.255641264813048,-1.0222135964134988,-6.1647609962997505,1.291465560243235,3.59171802409275,-9.075200589890628,-1.6137664033525816,-1.844515349510336,-2.1420344847833515,6.081739720873467,7.136525692298146
-3.091426007638097,8.858366441574224,6.11301497135206,3.0162214547912702,-10.492069171815318,9.430953783956305,4.559858545341763,8.326938414103683,-6.7691606706701215,4.8026163349229565,5.80914601754022,4.3178657299745655,4.396327338950207,-7.277851794980671,1.3430165152130973,3.2290955602634277,8.778893548542852,2.747249271159921,9.590669106134303,3.6257192457830603,-5.619778351282418,-9.771982796349207
-5.294436584523288,-11.611223872183727,-7.6321063125595066,4.617481856958861,-4.689138850881028,3.6171652011649136,8.475221464326639,2.0722988694382325,3.0696216464275365,1.7659675098814578,5.802325440049088,-6.8171696173838745,7.758005901581896,4.061639345276915,2.31875216213543,1.0349544952915035,5.015243022306004,4.804383286033051,8.900651415406957,7.182583492632748,-11.779441924770973,6.871392661154719
-1.3430721050196452,5.412214176186093,4.362575925035766,3.5246079521321376,2.4357060754513795,2.3861298596842198,-8.50965504221315,8.506841364320051,0.2517719899430033,5.266621016813218,4.033958787218416,3.394158788350562,-10.843754056587212,5.344573718488192,3.000938389932578,-8.10762338051198,4.569451920776403,3.304962726481109,5.789233262361844,3.8768226747600427,-8.824075506163275,6.248442678607255
-4.400256571702913,4.690192763235925,-8.153933901192376,-2.0140656840100095,-0.9327033330556778,-7.472309347757759,0.12487023455928173,5.512608440155808,-10.242786685875892,0.9486122332589206,5.058120711307281,3.360046113710849,-1.0701977189158172,5.280134696701764,2.7324499788615473,5.906041061753588,6.082468809919041,-5.122754823871716,2.3515965893342163,7.296450997127543,3.6004347959402527,-6.872551756495752
3.6444764399895835,-10.7864865720516,3.243952345324048,2.699422275094293,0.71274574919771,-3.466125183742855,4.1033611878842375,2.209565648136428,1.704530276204299,3.819344062982206,-10.315580223217738,-1.1923839679721424,2.6163399294213776,3.0674829799362633,0.3931091296187293,-11.657969949014651,3.2050520145256334,2.944815382678895,-9.027708680463755,5.829367196352327,8.509550952938438,5.177641566082488
-4.089891472325108,-6.091575439260851,-9.38798941818314,6.206145677327475,8.295084619616773,7.720833989702408,4.58451355317769,2.852790862103419,-8.261551321148945,4.88402829929638,2.547107760365817,-7.544878946127307,-9.45137437403611,-11.784437035223258,-5.380993121742398,5.2788606844791595,-2.225393734103968,-5.977359961649569,-5.221559165688681,2.4999580950997005,2.352647485692195,-5.182068390067214
-2.8554166673088477,5.842537667458908,6.032310767397682,-11.603042566269893,4.276144062723836,-6.615843910439341,6.269019025407467,-1.0838983578528265,-0.7531437289710136,-1.5784012467629283,3.9897972788854768,4.44884888810014,6.728189466517104,9.16930209746874,-4.95546767100952,8.273548510023625,0.6870382680381875,4.52430330008683,5.652671285435137,-7.170036403585723,4.729607399959613,7.624857604033543
-2.4167278301765283,-8.448905953460086,-2.6620651215064477,7.428165274427336,-3.6793945287795506,-7.8941246084338825,8.586556782895723,-6.6904386874822865,2.6102070724143487,5.445690961280381,7.960819230167214,-9.74580023734976,4.72474596414883,1.3257253355321672,2.0634458915880525,4.661600124591757,3.1633482620840208,5.558402995140216,-1.4858319724406464,-11.751752255900566,2.6961651978471504,-1.5926629936103958
-7.28329813086216,10.690650557244302,-7.5029443183076845,-6.588814208141425,1.3687559032508974,6.085770143233396,8.472189953578027,-6.641332707098811,-8.627174472786967,-10.810049713371333,-10.175646081183139,0.43352935041571833,2.091448656537628,-2.0110667697088145,4.785532590862878,9.323769035479208,2.655595307959861,2.36768936347928,-11.033657014610828,-7.43466863778281,-8.310978753141692,6.220047623497403
-2.393073005087056,3.799623976294927,-6.908570017142901,-5.086927916352069,4.002936387203301,6.511597816301186,1.4209286288444312,1.1546028376514057,-8.196241343218587,2.8857395617572976,1.759714553111815,-0.3708683502336877,5.160829701072744,3.4078693572603624,-5.84534847818113,4.647383741518714,7.507766013439978,1.4245405968350764,-5.620817467027693,2.3888880354964854,-8.95944113057767,-3.8099983264676514
1.5537567631615576,-2.196922570098166,-8.812591957261274,-0.48882733571149195,7.620574823678459,-3.445297722353146,11.04446122977543,-5.814578158839409,-0.6505697367732841,5.637926186621231,8.332209419327736,5.7555441992722525,6.83697527129731,2.7226660889478915,4.0340460746359,10.211446698383572,9.546587619104665,6.889164926629929,-2.968528513685617,4.675439501280623,1.573238027372879,-10.293134850791251
-2.6591109801534074,4.8162315748997635,4.937746873863258,-8.01142465045178,1.2031153344288623,5.0764301008293335,5.99135629127135,-1.1961253239373872,9.247896283765694,0.6204736489922648,7.289301144894418,7.183554845037182,9.65053779796417,5.7945495067781225,4.7338016486077565,-9.087051597248921,-10.429516184040436,-6.080841171248491,-1.340589884288901,4.111830135719869,5.708056698291242,3.4514779108973177
-3.648547011248195,8.511838763161892,9.202356284260338,4.518596295681935,1.965828120648908,4.378971784234523,-6.055573790538312,5.80301062760863,2.3065264430842087,1.1717169093575548,-2.9244561663182735,2.159534011380163,2.8061614408847517,4.61547582626631,8.723011951198314,5.101296725145101,-8.281480755650998,7.5773898527347665,-10.778240703932058,-3.6535691120771956,5.82461079091679,2.33148949306816
