script/wind10m.json
{"header": {"parameterCategory": 2, "parameterNumber": 3, "lo1": 6.000027932988019, "la1": 58.9999434238085, "dx": 0.5, "dy": 0.25, "nx": 22, "ny": 24, "refTime": "2024-10-05T08:00:00.000Z"}, "data":
[rows 0 to 23 of 24, columns 0 to 21 of 22]
1.6478994117369248,6.952385320620468,2.4086741533680276,0.02252123637190982,0.5001776269689058,-0.010138751308078146,0.6039117523499512,-0.20109375731268578,-0.28219104948588164,-1.7082827726690213,2.383552132767675,1.4777075027473963,1.1758617562044837,0.807227743364981,2.7093059971640905,2.275668685463976,2.155995483448744,1.1895634533302222,0.4598610855271092,1.278407841742589,1.5990646227504035,0.6486120687961373
3.2806080745054635,2.851151758827427,1.9609483321364742,0.1953308131869814,0.8170997744131262,0.35210321150207935,-0.21613948593954638,0.3411460777489219,-0.4307251100586536,-0.3758488882548199,2.1250379823684464,1.7531103075256316,1.8182966566826937,1.9655293909130536,4.455711892794698,4.60864240117706,1.1552870098215793,1.2956297700078223,0.7566365147195686,0.8052368974028875,1.7485500937793683,1.1685902084253073
2.103156518860716,1.635548268937879,-0.2972880942342471,-0.1391728095106008,-0.19204873559703975,0.24629534277994383,-0.18791416594707933,0.11515564041322575,-0.08434712660752258,0.6737117554381548,2.038281899855255,1.8025893651605855,1.4695523546687221,5.10767984370484,2.783398907751985,2.4164033960661477,1.4925399105051833,1.5664435917022799,2.76639755396032,1.312894020350494,1.4101190051183874,1.4185724800072992
6.25140554249163,2.7800032811368656,0.5621596262874045,-0.1182132215882179,-1.250993643041469,0.8107185430240762,0.8618113481027224,1.7728699305871924,1.5200243455653835,1.6205192025088249,2.6550437318476914,2.1005233597338586,1.6664515225544114,2.0670269484900814,3.602902823511493,2.22421267406188,1.6660607444395035,2.939752337963819,1.4947562169992037,1.727829731505677,1.7753007966443433,0.7998082377704824
5.73474770921254,5.981083643448294,4.383783162059895,-0.21066857918639198,-1.2793640817773297,4.318797079934351,3.2498772406582446,3.421248034345118,2.7240979894965514,2.0611675331653387,2.6648571700932355,3.6480502783119007,1.7190134614782333,1.8562576175626944,1.8259225711258273,2.083368070144804,1.0987967164230672,1.0480593752996898,1.4171829050392242,0.772642946732741,1.223275434886021,0.7042753965688029
5.728333132549902,5.702792653775205,4.6353020329516275,5.310445364743543,4.685582859641789,4.197954608002333,4.08808220593764,4.135339499270502,3.9479812165137473,4.873910005258588,4.814075395523355,3.8930879603441455,1.885755328279465,1.4188875640922205,1.3938790134117172,1.2448672823351692,1.2527635291471029,1.2091324748389762,1.6319883250801737,1.2906560140187164,1.1613461535212133,0.6434726521255238
4.669969820729203,5.00032869358088,7.389017781367849,5.863302030860474,4.904251703569205,4.435815945354422,5.615294726405097,4.676023711124498,2.5287290246459007,3.1325621680175963,3.6712947220781804,3.247032765088451,1.2396346539317837,1.0440735120932285,1.1740616288350378,1.0985358311732016,0.9895917341741018,1.0024302651295907,1.375000135289847,0.7582806231993595,0.7736134953570871,0.3537885961592471
4.204460440366536,5.8855503964434694,6.149507793555351,5.5942382521428335,5.178190968463018,1.927424745815059,5.425999639924455,4.714348129566993,2.4028806006520824,1.8549398497414396,2.2711851006835966,4.134886470621124,2.6170856535775324,1.2544829321458792,1.0356952667196515,0.6462003915320725,1.3176260056504019,1.2792593554627483,0.7488017004295812,0.39340112369391017,-0.1266191801611817,-0.36168616470381143
5.486570548557661,5.374187052463071,4.658620101548239,5.862830982601254,4.073515390908428,1.8124321207678853,5.9930648870240475,2.9062424145280934,2.7070232766827043,4.790735859938077,3.938500142527634,1.6113050805711955,1.7021314191278212,0.41245544342585577,0.6492216621466735,0.7373110168102739,1.0211297505977992,-0.038947288539836096,0.583797165023134,-0.0015622833917004954,-0.23394193661071133,-0.5660868801924964
5.905462717175895,5.257692235565773,7.2027512670467555,7.2189041779559515,5.318107350594322,5.0826389417216244,2.89344424092376,2.484877341876797,1.4203431803018112,4.227918029439981,3.797512466806481,1.88225472560124,1.3880435166048104,0.3086895425620759,0.8098273725835345,1.0944940179301408,0.3876230249468515,0.6232465134534317,0.39308746501292496,-0.4704703186700913,-0.43349841729042027,-1.0948917011550447
5.476787871804402,4.016459250489935,6.661428409841321,5.349084228908823,8.549065539568279,3.4668095015693567,2.2097543737893717,2.452276485654308,1.757999048862353,2.4763571311799883,2.8236210733345875,-0.25797086737300157,1.3941747966963987,1.1120611642257028,0.8043550260011594,0.25788003053101266,0.5348581160295945,0.16794759082731167,-0.7866587255983092,-0.7662812754802281,-0.41499662616031086,-0.6528315333549407
4.428911563538264,3.4561544333219225,6.420807604327095,5.778653665923762,8.213467984511063,2.9305366633088896,2.760110539103415,2.287609198722359,1.8510538704797965,1.3074747295810338,-0.3910421971607916,-0.6847703980484634,-0.1790763361974936,1.8114618182392863,-0.19894413092031973,0.7225933608794322,-0.2965136009447233,-0.8295096211639718,-0.7654934287463339,-0.47717986751532077,-0.39579458834392206,-1.2447789851766855
4.5999454346862025,3.3647167521456947,6.223460040966434,5.858513446403926,6.676772147969748,2.4975534372748442,1.1285135117108478,1.343471851561159,-0.5062908303264544,-0.7534447025738755,-1.777043750544528,-1.283880669418878,1.136796777513978,0.5950792863752379,0.9207450639330836,-0.029168110745824486,-0.5714927352071657,-1.3873522270844547,-2.229341773868336,-1.480124847335591,-1.0776309130917479,-0.9804790236536683
4.286427996784732,3.3178251019189884,6.147346771078045,5.267503724997733,6.7143954827423835,1.9644192580972948,1.5800213671668348,-0.8862456049853578,-1.2262860527235435,-1.6150389120392095,2.020569971963965,-0.144368308242649,0.2673000589781428,-0.7081983528295869,-0.5314386407264813,-0.888794391357606,-1.117029117610962,-2.9924615483576087,-2.8904309407865765,-2.462878327286423,-1.4511183218974406,-2.0005883900190944
5.630837329951586,3.2246393577899477,6.337692391387275,6.450535461961015,5.077441505280197,1.1962368909537124,0.7291380518951892,-0.7836313486433679,-0.07770365453175362,0.7135525055227805,1.4392719367179097,-0.3495340752957713,0.17846749563419312,-1.4187469631481535,-0.9872427005902666,-0.9861974896923325,-1.2411137886867611,-3.782318456360509,-3.4501272653896535,-1.9560523312719071,-2.538325649024111,-3.8266693173877897
4.974819864715385,3.702273184994669,4.293210778770805,4.897794740885236,3.935380672087314,1.7527109044516724,-0.065030825929166,-0.7586221383997224,-0.9409693374770008,0.5469429437903048,1.050857985476167,0.02235092876734082,-0.27868110228928994,-1.81911712670055,-2.239480958841521,-1.5169061935452355,-2.27942723151587,-2.7399962386067274,-1.902916228440631,-2.72504432476027,-3.427792883501601,-4.07960417803176
6.160754492742463,5.234058682790174,5.208575295394426,4.251290051590363,2.294907841257556,1.190376590682655,-0.12396513928731945,0.48522287011235105,-1.130061547728933,-0.8624156858441149,1.0484138453315148,-0.820195943717885,-1.1421722394476763,0.20712702517176482,-2.308182202740058,-1.1475387011145937,-2.396247307036644,-2.6062106768344684,-1.5156840674826746,-5.043366472344117,-5.003831141933426,-0.8114036074782202
5.520648393395179,4.291196830349617,4.262791422610663,3.842519185703919,1.0460165630940994,0.007126364528349798,0.37152648927076354,0.5881827634863946,-0.2400525125444568,-1.7673326514805754,-0.1768947435089613,-0.07154363298566928,-1.5022089061329924,-1.5023202764624144,-1.1225600847845403,-1.7866966592437779,-2.4425988977080046,-3.5540367358410934,-5.123669271397208,-5.566547548795738,-0.23749422998767805,1.515304301462615
5.4436869294762475,5.180674209919102,5.016965050540705,4.090988448655442,2.9586710952114634,3.08756947481834,1.6836059920124178,0.8960413004248184,0.9660253072871671,-1.7460253885957213,-1.8457362587624118,-2.315817190283036,-2.5167830869446814,1.083795975280803,-0.2342123721683399,-0.781468536268299,-3.547251787609437,-4.521275644408536,-5.583536404203506,-3.151525635578928,1.2786403317421242,0.04274974602072615
5.513789105461995,4.911621443413738,5.08166300725695,4.12291295791014,3.3214419920412097,3.5079736734239653,0.5940185984852389,0.40336319663266457,0.22006550711991008,-0.3067064424380711,-0.5583870054865067,-2.353968028130138,-3.1232966631192927,0.45688629100893774,-0.37235724399982995,-3.705960861978765,-4.370164389156615,-5.498421265518312,-5.131119597267628,-1.3280006841737708,-0.4269212572584921,-0.18482376771467202
5.024134125191832,4.056887676418655,4.4070946182632005,3.756407334319765,3.4941244897900674,2.899721691985571,1.353858438065132,-0.3440292239717314,-0.38278827125782516,-0.6007384242281346,-3.3821584287034323,0.44746054875920394,0.3232559745919007,0.17293795875449788,-0.7029631403619345,-1.2955135926126955,-3.467398895376608,-4.61374085700035,-0.5938125685252875,-0.9121746805828645,-0.3931738633322087,0.23674994915628747
4.365979764569853,3.4544692271877597,2.918145790872188,2.4610010699707385,2.6638422240079027,2.015788130102852,0.21049612200711612,0.10819832860852818,-0.3407265136045264,-0.44166942424982764,-1.3555360008801665,-1.214278479225591,-0.0003030225114734247,-0.6192300168417223,-1.018274643040691,-1.8363325441907523,-1.7218868919414407,-3.611462633203924,-1.860670227218497,-0.6825243774433233,0.010370871366038746,-0.24009203565626308
3.533981628279045,1.9678748473119003,1.6462188578013244,0.5954630035656358,1.3126993279087906,0.3478646718160757,0.09383485533969897,-0.41602941719824577,-0.47384911593544327,-1.175807291829322,-1.2140820743517116,-1.0943928095534317,-1.7960929675625914,-1.3414228207692225,-2.695174014896291,-2.128955362622085,-1.1223788061662012,-1.1229829781984615,-1.5560198452897787,0.5177525130237406,-0.4599949382582948,-0.7435907931632701
0.7421467162610129,0.03138269482448578,0.805054784537396,0.49906992237247283,0.2247817756086061,0.20518203158189596,0.7902005010362336,-0.24443049968477581,-0.6060931901838367,-0.8103812095441928,-0.5715227837976924,-1.3200113850396225,-1.6117895715974488,-1.4151775675485212,-1.5074756588356002,-2.307052468334396,-2.57829009291562,-1.4066710460987664,-1.8041725942958096,-1.0560554565844174,-0.6771154479393583,-1.2688899981243291
