script/wind10m.json
{"header": {"parameterCategory": 2, "parameterNumber": 3, "lo1": 3.000054539987559, "la1": 64.9999836372058, "dx": 0.5, "dy": 0.25, "nx": 34, "ny": 52, "refTime": "2026-01-02T13:00:00.000Z"}, "data":
[rows 0 to 23 of 52, columns 0 to 33 of 34]
-9.399296586666518,-8.174450202532778,-9.266978231222199,-8.307751919083552,-8.441941288436063,-8.16351383334782,-5.204037260642966,-4.617054530489697,-4.224659701133457,-4.565856187337044,-5.5717117832208265,-4.816868310598547,-4.306194157698173,0.9963237009113907,1.2285037745531349,2.1895626494201164,1.5499892967103204,0.04867129646932094,-0.6828061059678394,-0.5915641562933346,-2.605591425444267,-2.195888862033381,0.7340598007261551,-5.043393291527843,1.4977757354602994,-0.3848447232503731,-1.6687720463348032,-1.7708827007820027,-1.4434304520754317,-2.146311178115893,-2.4527355081733915,-0.7997414613735571,-1.6965275013358414,-1.2169089735250158
-8.145271900153084,-9.761192510931046,-9.985674133119348,-7.580726391924228,-8.243672867750028,-6.485475018826825,-3.0160792173314652,-4.165358791496831,-4.1516699583536045,-5.188494619988925,-5.071144927122648,-3.075517321535645,-1.013011781823764,-0.7198258201507487,0.1768662684540832,0.32661688022447816,-0.7279065488495666,-0.9356925158025665,-0.6717726131719011,-1.6469196754596411,-1.5235238273549392,-1.4032105556251016,-2.0230563690754666,0.3153069888425905,0.4571524786199624,-1.468470830534686,-1.9205938065975328,-2.578659449059615,-2.998026477805237,-1.990659086307026,-1.752569547371636,-1.4292928658038144,-1.7871037316520226,-2.4570478153689823
-9.258729143599204,-8.228458562717744,-10.148044125483196,-12.785134804947331,-6.104427786361477,-6.676739840575436,-3.7835075955083584,-7.075586107023605,-6.552983505183698,-4.868892207215341,-5.28913345813351,-5.140916972141489,-2.1463083148056192,-0.7980273943909183,-0.06896081596269395,-0.43590680780380126,-0.004551092269015697,-0.3685302557961694,-2.239882705912681,-1.3410479191991316,-2.1845590418523444,-1.8190496877645592,-0.42203839126064746,-2.7099818786587755,-2.4688783388679627,-1.8019732307167498,-1.3108114776363178,-2.3284988417074786,-2.0234146720006745,-2.7772213085489987,-2.7349214772485984,-2.094407634432071,-1.4222177792192838,-1.7029481003983973
-10.51025557292338,-11.006670990476076,-10.476596597481075,-9.253010228127112,-8.395485276290625,-4.957181029244097,-6.761794381694635,-7.105073888615027,-5.495370479667686,-5.2340689341145366,-5.131018757701345,-1.652586080647959,-1.7324908609945533,-0.4306184157813735,-1.1381174118397246,1.200971480112365,-1.0566789176143159,-1.3267125583207027,-1.8263455793591488,-0.9633792916510132,-1.3634521726003552,-2.5529519280338735,-6.034777566074945,-0.7874705604711186,-1.4131762964192938,-1.7159615802160442,-1.811131479098795,-2.6535705859938576,-2.759467832377042,-2.608760286153838,-2.586288132191757,-2.581388313933862,-2.798596497257821,-3.0133185225220283
-10.175391790491283,-12.008550089229763,-11.01853233148364,-9.455311978372654,-7.070148676072249,-6.893591293296704,-8.417506351522833,-7.875381995390842,-5.929663239790238,-4.215771602378369,-3.57080896520615,-1.464821742160198,-0.40825660076783293,-0.7233109679764511,0.06767942854625027,-0.690369822637855,-1.8922281107484795,-2.2989009392192923,-2.714580430541045,-1.0228656605287707,-2.0618704328426682,-2.2258853524138886,-0.9482111718342153,-3.1986113142602153,-2.9248066405881383,-2.479707260345844,-2.7073597979928294,-2.487831315967509,-2.7103089021058993,-2.1133504408322694,-2.7785681779148756,-3.747872211832891,-3.2335341483501563,-3.204629699615497
-11.551498831060403,-12.372886935607296,-10.51877630148027,-9.32995331503015,-10.213305654586614,-9.2460175373206,-7.651270303031592,-7.544710388373376,-6.595892577825961,-5.270149144897428,-3.490561101119155,-0.8336070803792559,-1.3856541171937076,-1.459270536425399,-1.0654749249309408,-1.5673829991151136,-3.242978524916955,-1.2552785280297103,-0.06547961825452828,-0.527803205182909,-0.4101056086584219,-2.2839334858522506,-2.3194534122591786,-2.1295580827322174,-2.5701499490006374,-3.039363928793304,-2.430853067008749,-2.1546291722742446,-3.114259601789067,-3.3716742170651854,-3.3043344686136646,-2.9917799785742427,-2.9438082273048294,-3.2799121585534636
-11.962194938227217,-12.463385934130708,-11.039819283559725,-10.230139153826261,-9.139750733028709,-8.981873697185309,-7.703142502485095,-7.932631281528814,-7.329986642467683,-2.8094930194308465,-0.7975857630075056,-1.596517601848561,-1.838037582091855,-1.0383516561277053,-1.6850980662329984,-3.660077239610585,-1.0485701895731907,-0.6484193292172288,-0.4457280261888026,-0.5717214043146281,-0.050224350542090165,-1.1851382175077816,-2.725762620404259,-2.6963402069875344,-3.1923548213229656,-2.8687584721235306,-2.739304215695931,-2.7824050556682605,-2.5857695974540102,-2.6744164607864147,-2.370406294479918,-3.4931815101724633,-3.447496187836415,-6.958796831687191
-11.22067892328302,-10.847728917201998,-10.996424009981322,-11.716672190444799,-7.191576968796045,-8.749513545745943,-7.952220343116643,-4.747920004883867,-3.2332491706938837,-3.2579358916988483,-2.132146294802688,-0.20663615704868848,-0.46170662615337327,-1.3668910563662184,-1.6082006239877913,-0.8632790320745378,-1.1637624364276797,-2.6501550240715033,-0.6470739311368899,-0.6269222168445829,-1.3095115762823044,-1.4400879523052807,-1.7603325445191833,-3.2238277983340633,-2.091107872489047,-2.8054682480103357,-3.2901268366328753,-3.742545411772243,-2.4409081097601244,-3.1448696748624965,-3.663943441129053,-3.3518316528920247,-4.716379615434739,-11.479750561134948
-11.111240614404398,-11.394686855329239,-10.6098541161114,-9.827953862737832,-12.170846713550981,-4.583783970767677,-2.383501970323534,-2.1660355127324538,-5.00252357930196,-0.6573920389400973,-2.125259234083774,-0.6727583507013966,0.7643445032473065,-1.3771674227374735,-1.4179300814468994,-0.9976791188823282,-2.1716838106231697,-0.3737927481294228,-1.887481257220275,-1.7280464197790282,-3.692861061707736,-5.093933641157713,-3.3853631742274417,-2.618399244954647,-2.9256099568069085,-3.072723085708524,-2.922329307191979,-2.3585109265938677,-3.2914987922839445,-2.8440018987192257,-3.7978886940835617,-7.795836315310485,-11.997481962664796,-9.39705310096794
-10.537508916246349,-11.202030284269322,-11.667843704547085,-9.639429259888434,-9.34404720496774,-3.0652221803252138,-0.9264583811102051,-2.20141830157141,-0.4748301881681057,0.6554408102853934,-0.6826723070217046,-1.1523583517875728,-0.3921850537647771,0.14569870664885504,-1.7309782106655383,-1.9930387848145643,-1.5925693163749093,-1.6486654986265334,-2.3573785556997087,-2.5530024526927697,-4.613239366412093,-1.6354449297523281,-4.1838839017082785,-3.011034282497618,-2.906170467001638,-3.0939653741497763,-2.7628340015993325,-4.220401385218348,-3.7084551001219173,-3.939215669523418,-5.694254731275284,-10.292270298913968,-9.31433467062281,-9.531320740362766
-10.162379989686332,-11.211343166427566,-11.151386794010852,-10.920207023984789,-8.49355861362311,-3.2791822530312635,-0.7317481098990369,-0.4957138548816831,-2.0241978377454446,-0.8115358408067643,-2.6496272709173763,-1.0572467641144543,1.375756412137106,-2.20679618822294,-3.4164295467856554,-2.39098943653863,-2.0021157931948417,-1.3901006944188719,-8.613176033811325,-2.4042410715091758,-3.55385038402553,-3.7809844712571388,-6.423385494467061,-3.2294100367168017,-3.8960062323237885,-2.654548515238921,-2.3985690105564372,-4.058948613289196,-3.204970284582946,-5.244191792459428,-10.951806612835814,-9.893876539724557,-10.288674743780216,-8.898886109528428
-10.897938435988163,-10.967123918292385,-10.969848584468417,-5.719213185192653,-6.98070405417834,0.18502533367782442,-2.539336187609151,-2.274623215002852,-2.1278880268094746,-1.7494359779814128,0.016218701229611148,-7.845130193236373,-1.4403528419538254,-4.076798365178905,-3.89161391697493,-2.2416829561376796,-2.611264228266751,-5.71286377886333,-5.234101903582902,-4.111857889621817,-3.6055811339957184,-5.0170795380753175,-3.668063081876325,-3.9039251779551907,-3.362047173480058,-3.2688920480961374,-3.6784612431752906,-3.94900144803019,-4.0758981595713255,-7.698245450250717,-10.544547179068768,-10.114411624472526,-8.96190529999863,-7.65108382607841
-10.503780114230407,-11.490634047444258,-11.256717138658534,-4.900075482909099,-2.726837361463865,0.13337145454737617,-2.2736180356508484,-4.649108858383554,-1.172414333152481,-0.2621303081278904,-8.45708864037068,-6.729186612089793,-4.147026695446776,-2.665021623388518,-2.5643375117318263,-2.7624751435202364,-3.7783329937761416,-4.092453691494828,-3.6254892983581177,-4.29120849341778,-4.030407687736865,-3.5069943882774046,-3.9559229426575837,-3.249918866811809,-3.894070001868925,-3.292237266532288,-3.8116528121533264,-4.10359485078546,-4.754566927685055,-11.88866890243011,-10.496383619471423,-9.989692349136673,-9.103102053310824,-7.377152089476521
-11.480741949961745,-12.663373200679791,-6.690385069990138,-5.828214979868375,-2.349089527672766,-6.079331948305085,-3.5176530970857818,-1.1871443886439634,2.249597428689173,-3.368061753047564,-3.4120485509021137,-2.361999985021353,-2.5308487516278926,-0.02087103312626968,-10.090831422707822,-1.9560822809378513,-4.9017110111111615,-4.003022806030185,-5.592487471693336,-3.337303007671471,-3.172893232074061,-6.374963426503492,-3.833615658093067,-4.031366606407244,-3.8792030526511807,-4.5109965815124795,-3.6101531906935618,-4.002957329846012,-4.649188364449239,-10.72878083560309,-10.893347985800533,-10.297432765322439,-8.262965148637592,-6.998769198125298
-10.666168472760726,-10.614973661622503,-8.295166740589913,-6.659865660531238,-5.219874976580547,-1.1025543741616326,-1.5574014287362954,-2.5566794889085513,-9.526109055456079,-7.572642504925327,-6.26863378890496,-11.584931971513065,-5.769134790474149,-1.9853427800544816,-2.946720066445992,-5.685560836624525,-3.726818481027017,-3.3740063440730816,-4.157781347879078,-3.6437508178722924,-4.136914756362673,-3.514738648293832,-4.376814608752403,-4.828673066928279,-4.019986885395128,-3.9144325795730586,-3.8659393018189103,-4.178697180084548,-4.411556607969737,-11.861201015725156,-10.810436027708295,-8.368766125515164,-7.1460638645320484,-6.489494565862077
-10.352455239637381,-11.286983051967983,-7.929808422830019,-9.42930194003446,-2.717803048542912,-0.5236956014533651,-3.583082395496252,-2.772114564709404,0.3195873055545088,-2.459360728840829,-0.21723044489101614,4.352994319426918,-5.4245718424211224,-6.357876010164107,-1.66444271548173,-4.828580337971405,-7.865398295400414,-2.5171712490859113,-3.1127526168314352,-2.859502294997011,-4.8963392786737385,-4.602088111900271,-2.521963057256189,-4.1720280643764776,-4.486071647296579,-4.142934219892036,-3.971296670144128,-4.55282656878237,-4.977563415463479,-11.322612402060077,-8.240623146987417,-7.768409634895811,-6.069321301413442,-4.144169354724879
-10.465244274263942,-11.231536434750836,-8.598886437540704,-9.070128001039977,-3.167512822499947,-2.387625639776128,-9.458199151107792,-2.2748527766079887,-4.450379642041831,-3.1721859882899412,-3.4350267820431246,-7.526933100746577,-2.684359149584571,-2.4575409685700134,-2.5195308733167012,-2.302499732630075,-3.1277926285050923,-3.499939552078057,-4.597681255378181,-4.107588498044583,-3.7512755356622196,-5.612268636261677,-3.6765315761378368,-4.341760103364749,-4.089103154760935,-3.948063407017651,-4.787039599010889,-4.303459660025047,-4.514280761672835,-9.071798416785088,-8.787121074190539,-6.484118385749184,-3.7725870480559416,-3.8368532230355257
-9.621305130113134,-11.488207135870772,-10.346926446086924,-10.073209300101217,-2.4408571055817294,-2.457045981464476,-2.406180528050226,-2.6921334423223304,-8.270835866396162,-4.132401895274845,-2.5216126482210597,-3.2589766983265416,-3.4663642239392023,-3.992505769546914,-3.6110161999157064,-2.9273347963722682,-5.381412608854651,-2.7575483352256325,-4.127205570219728,-3.2351011694065153,-4.410478353445221,-3.192578123931387,-3.818063378859069,-4.789260532491294,-3.9219177279038258,-3.714393950001956,-3.5611185096703206,-4.257034824103518,-4.18169995801068,-8.734741736592465,-5.472628288657354,-4.767797063382364,-4.18836072764911,-4.729266587312022
-9.49395263260271,-10.416275654703385,-10.298338021560307,-10.806900520611968,-4.325136733254984,-0.3669735908861799,-4.610039621230926,-2.260548233936596,-3.276867125463497,-10.651636120666407,-2.2717855622838354,-2.8862625405965154,-2.8100812940291777,-4.710886101720252,-3.9740162535703094,-3.559312123744163,-3.7252021371968995,-3.8806146098582373,-5.895582373890107,-3.5501682330860236,-3.914583199440997,-5.04935512992994,-3.913082655756274,-3.585344225127929,-3.975530189335962,-4.585848828167896,-4.2567623797205,-5.210424576542486,-2.613402524294611,-3.364167174866811,-4.68782440636922,-5.135877426619214,-5.101036360518076,-4.7847996569418365
-9.633673227310421,-10.996119142771418,-11.082951268996696,-11.94444516487044,-3.6043904982153463,-0.9406220085116099,-2.9382991650905215,-5.274307877144752,-5.022389131360073,-4.649597532978171,-2.8155394398263724,-5.875517577491021,-2.0186697599995744,-8.823299847341968,-3.6911860343231857,-3.960649320406614,-5.741935966080779,-3.917842518056774,-5.310575470824031,-3.4445337062245596,-4.509935911178197,-3.9010213305197046,-5.148746393707412,-4.361763507351847,-4.598526298915286,-4.218487502696655,-4.997856715685308,-2.542064711185609,-3.155177986011997,-2.651390077729877,-2.7298047317690184,-3.0057463864467477,-6.065574988674602,-2.9213353642579567
-10.660235271946444,-11.259917456832675,-11.140293484663681,-11.499508290958644,-9.220338865905454,-2.833575814080434,-2.142377635144311,-4.770676439765505,-7.513971596420954,-3.3473712077420905,-4.553040709049602,-5.507308676935121,-3.51739875098742,-3.605627368319765,-3.1269104098140086,-4.2538539629855014,-5.743601561744906,-3.81035945342736,-4.259492249889026,-4.273295112362317,-3.9681546600645095,-4.223378507778587,-4.5001724937503536,-4.494310591127407,-5.131729350960756,-4.316997219162274,-3.285401137812229,-3.6096950124920477,-3.2084737305059208,-4.682725893619359,-4.306565457632,-3.1762378869660313,-8.239226559312089,-7.564732248418286
-10.426776851982343,-10.538516722147158,-12.002119768316291,-11.648386556364672,-11.47727149859842,-5.412159270946543,-2.5973269828477505,-4.588936553716746,-5.73762555868628,-1.8021391702952088,-8.815797879494353,-6.180928580540618,-4.101716351357713,-4.248349966434622,-3.8198618849513646,-6.778285586386489,-4.983832034098246,-5.13468845592551,-4.25723426681156,-4.169826645886682,-5.0094628209699215,-4.963968107128604,-4.5785171006939445,-4.452946387124732,-4.405253871404519,-4.4404808250573,-4.657399531611107,-5.899471241746066,-6.332640735308488,-6.870412476174871,-4.890179469617999,-4.7374182624333345,-4.365062426785993,-5.980325846663797
-10.331503941547426,-10.762068067998579,-12.534430510609612,-12.598953297905078,-11.511675888027362,-3.93606354062489,-2.2723853339971933,-2.278629989498158,-4.6604917674030615,-8.858424050228098,-3.161011295692351,-5.987069938385465,-6.956007116336313,-3.7060708518858827,-4.175214253220106,-8.316955923602675,-4.737982494109384,-4.618348328342834,-4.888297101567634,-5.4473160068166555,-4.3247774699276285,-4.433248387862295,-4.294166115421048,-4.453080373354741,-3.8183222089424977,-6.138018090096572,-6.695276544590939,-8.310100044102317,-5.986664664343745,-6.348939635121688,-5.929278429609158,-6.579867026019703,-4.960569170540758,-4.122434745853788
-11.376997996198988,-11.607562428596932,-12.21315369063236,-13.287167663624441,-12.849286740281153,-5.892084211663859,-2.4835098916472695,-4.78217306186322,-7.38065392821144,-1.9221720924390675,-3.3285054638141487,-3.8949876696691224,-3.600948505315631,-3.975929810259771,-4.462167720479391,-13.605692845229738,-6.408014141756623,-4.488705079789269,-4.241620101642629,-4.742117982004186,-5.3057503510015955,-6.372275662870994,-5.516881781082633,-3.5626966089498984,-7.952967786916021,-4.431944081583931,-7.755140635100915,-5.300686054397728,-3.8884043631897645,-4.901519110121378,-6.413899842583473,-3.6389519104243733,-1.7203175623713658,-0.9749396344794433
