script/wind10m.json
{"header": {"parameterCategory": 2, "parameterNumber": 3, "lo1": 3.000054539987559, "la1": 64.9999836372058, "dx": 0.5, "dy": 0.25, "nx": 34, "ny": 52, "refTime": "2026-03-07T19:00:00.000Z"}, "data":
[rows 0 to 23 of 52, columns 0 to 33 of 34]
11.071559149921182,11.190029253672307,11.520492397635419,11.438670100658278,10.95911597712324,10.741182030140921,10.667419386262615,10.438523847672112,10.060512348868425,10.111232680589943,9.957737303540098,9.79318008147041,9.706003999371118,9.25786530231039,8.119362941908015,6.064530857706372,5.0742437233728515,5.083184421746436,2.3426396475211098,7.153861145026647,-0.6228050318395041,0.776027157200153,-0.9439178311036069,2.085419173467854,0.6135944887436161,1.703515118571111,1.2007651434988895,1.892347285538293,2.256096626872275,0.8420628096448212,0.5984874995491071,-0.7340124572835761,0.08025953615520437,0.3991187745681446
11.280562965126459,11.777243820079214,11.382514155142697,11.237254360045448,11.060142319992483,10.958091965708165,10.530058058629116,10.063394630969851,9.979231157648305,10.102461326991335,9.60082332694471,9.513843464234363,8.9981865693806,8.442083613501561,6.740202299754537,5.282485595584533,4.499097348871831,2.888552008381456,4.217488116260937,5.023989292043147,0.9328438805726973,1.4173784847397288,-0.3494954557990916,-1.2767177870511868,0.028686235276449798,-0.5884111595477323,1.3030826562844497,0.28388504016052246,2.0936737288330205,1.720211924960738,1.0127412168324879,0.7891967589883548,0.2826954024170844,1.2447035379370346
11.889156201369808,11.349161213657581,11.493316601047715,11.31995583888015,11.067422987105896,10.785519105707422,10.255508449024918,9.861911795545582,9.638826553183737,9.139462771446768,9.185385875690152,9.214022779776075,8.310640656477261,6.860421226241509,4.4942010480150705,4.382592312025363,3.640258929997391,1.8401269720854552,-2.108613466228583,0.9368003606883376,-1.62624282024933,1.4693199249058975,-1.0416996545110075,1.4169114301315697,0.6886370141307175,-0.05650542616517244,0.02611373711785023,2.170521645667642,1.311137800576524,0.9411408709543908,1.3640642488979955,2.0369751740464395,0.9899764040345885,1.5788643634372985
11.256155897514247,11.684241602417945,11.713205125918684,11.496615769859053,11.418948657862854,10.900754304925076,10.078150562246897,9.610138802186038,9.007239802719324,8.37584956834594,8.9118682576026,8.256667920777128,6.04057866922274,5.6305950697506155,3.3518313115246854,5.240328561623371,-0.9581548504754956,2.8926131227246437,2.644384870840107,0.7725874918682957,6.30408946624879,2.040166398619125,0.7110241938088664,1.338099791581482,1.3607174367416603,-0.5054825957052345,1.108440307905534,1.3163435682973241,1.195146766288408,0.7402380143706625,0.6881231850826709,1.1942738674584918,1.0624489626164964,0.2823506062612703
11.787158767336733,12.077044147217766,12.425704402618079,12.398673530883633,11.374188051219745,10.639551304359024,9.831051261050039,9.066170651543391,7.81382262500681,7.796278354772887,8.073482984613635,5.955977241103972,2.411233740244585,4.53274440118625,1.8427380821879298,3.14867946800319,3.3123683302485896,0.2609361303020207,-2.308052736845168,3.355785137834014,4.989910488848918,2.106173777890189,0.16310813189358045,-0.2760274155875054,1.0667326475998817,1.1175678151559687,1.4411476577592606,0.40268026698353054,1.4390358373039147,1.233651443389994,-0.5963275453672329,1.1392332998321704,0.909818999712873,-0.14600024066509065
12.451818477930033,13.337528751919715,13.272204215059247,12.019369110837056,11.235036739957584,10.686158702242707,9.065199083067418,7.935920342068306,6.810271729271972,7.392877008457422,6.254108958880464,2.0814339167522222,1.0914563357992009,2.974617359851146,-2.0971497037501776,0.8386105666489156,-0.3225990032737103,0.9828390731400285,1.0599303632339603,1.7319153005044872,0.8663311115322859,-0.47729568699752073,1.610374383554076,0.5187501140708833,-0.3303680282367977,0.5756746980349884,1.5952063452232963,1.2332482270713567,1.1006372209895618,0.7653554452124706,1.371600363149361,0.31035106525379363,0.08938639222014569,0.3978455224033201
13.325635949141043,13.11617694977904,12.685886051522006,12.299958134067317,11.455164662082126,9.987196001939344,8.899354487051548,6.900215594405308,6.289683105665767,6.11067485343194,2.4121922939831157,0.4248120997469654,-0.4867287745856762,-0.06671674953080303,-1.3231738633854393,0.4223361858854857,-0.4189598297299105,1.745512985252987,3.7324690798900946,1.6614001751144982,0.8934079739208761,0.29451397927672274,-0.17738636128715005,0.9702552624168951,1.8741388634967002,1.794839650060038,2.6511007241601043,1.144008496883735,1.507301073693352,1.8633873556897624,0.7003586616671106,0.8797380927028547,0.3486050318868869,1.8844241448727146
13.137436918141058,13.195287616826723,13.06728098548336,12.335903042322814,11.444533515727409,9.997397423690266,8.16321697091118,6.698736426674728,5.529018132269705,4.185034929170512,1.1834249190395651,-0.8498799963654005,0.27164633140947164,-1.2806010927870304,0.06491834953063645,0.871090367662984,-1.461293583168389,1.417330787203076,5.383511237878836,0.33234794601747153,-1.668089235096806,0.9213929288717492,-0.5494766000496015,0.886723918120896,1.4133130488127754,0.5737241265273323,1.206202014749693,2.117132636409948,1.323629156117138,0.6633512804641937,1.512861046645155,1.5890205697976993,1.185280282295985,3.8931852451070004
13.328274634645632,13.351536707327705,13.016963735167442,12.86138135710238,11.478025975799744,9.459250616042027,8.199613918390865,5.894751482456857,4.04039504340457,1.1724422133057775,-0.2574925466243731,-0.5110530892812839,1.4434968749327224,0.616044065270901,2.7968488256497346,-1.1848481206238954,3.385439751361457,7.184100342687709,1.6114606206567197,1.1601594567316575,5.918930787743739,3.963950438164219,1.748743416297392,2.0502873073622525,2.4668010626879027,1.9218008237478947,1.8354807463264118,0.2569488072801505,1.3599909869592117,0.9367327231719467,0.12771559307343922,1.3807176169399211,4.1104274307909945,4.050333698389334
13.419499039210354,13.148632450545213,13.254735205185286,12.459072152953324,11.470361785103458,10.753087332219398,7.107048641919243,1.7475844906897648,-1.4788376507599956,0.8555543946840956,-1.0154414614981806,-0.6820428169112022,1.7393946928833535,2.297458087787475,4.1382282357587785,7.486242851646795,-0.9626842392380196,0.581931172300041,-0.5210608638996369,-1.1486458168851923,4.221795580477147,-0.29030057491484296,0.6105762194397467,2.5444667316729146,1.266903701095157,2.2255831744892163,2.2932052084530583,1.0749203102804323,0.7070521148359092,-1.336498699043552,2.5560613124175022,4.46536310322155,4.165636324180917,3.6305645555242947
12.613590657112672,12.771517008566136,13.418615457823881,12.394361901895305,12.3843991352948,8.967887793386351,1.0795168514141813,-0.16562447310654144,2.6633143230249536,0.049361849314618074,7.793274459393774,4.929179211963953,0.9539135377228583,0.7564152915448229,3.6510562625799827,1.7437594066576438,2.380401615641114,1.2276817683059444,0.05875839738052187,1.506241720511213,2.0838602189123754,-0.3123056191828827,0.9286185486639602,0.5134359043252521,2.544526072177181,-0.21500864064099157,-0.265675590260326,1.3312722392782592,0.14155962252266732,0.6299984919393823,3.4033980054235586,4.5580932270063395,4.4115063054520745,4.248409743797404
12.637689107501963,12.491778216337377,12.635142043075154,12.76488555282989,13.395103965727065,2.2488697375398705,2.031777529014093,0.16920427819283382,2.010062316152285,4.7961100485964225,-1.3536664890144652,1.0959405403781446,2.8448394900841127,-1.0150396909643389,0.5384046222914639,1.885354580057115,3.575889315857508,3.362590459634216,4.313224955503371,3.627170743138191,3.6544742604433735,-0.11060000329013908,1.1625823718890076,2.63845193855321,1.8413137531489336,1.0736787329391457,1.5940802376337944,1.4045891863098252,0.732729264888912,1.7111713340024635,3.6989701982240626,3.9613292581793376,4.18719942908137,4.279865864715792
12.154966415483557,12.2556415730513,12.079062593616857,12.555176699894574,7.441576228597613,3.256003973782158,1.2893131300560778,-1.615877381004532,3.708129746441111,2.993848193733594,-1.4245646677967567,2.4382152121914458,2.1179041287705993,7.540416009285315,3.360050711744531,8.807276931097823,4.284763797852155,2.631679840715255,1.2726441903078956,1.703798796036515,2.484818370181176,2.076314369589734,1.7187292917101422,1.8421746021165195,1.9196885452882584,1.4495071753548197,1.3831374966628405,1.2418950434613154,-0.41214779051424144,3.3186405273810933,3.837843299464625,3.6375996078139186,4.1562594691763834,4.082946432703911
11.886527396697069,11.636924254733245,11.286270800912627,11.575691855285331,4.583908361212484,7.337147425992524,7.311890881308365,-1.6137352132591145,7.667591439847746,6.408584004142139,6.25434233510889,2.4268653203398745,-1.0611490535177401,0.4607351790961919,1.4641615605280724,-0.57212911419617,4.09070682325046,-0.9080920603466935,3.726563050094726,2.0925444546854943,1.3514152225258789,3.755855214134498,1.3810042777594629,2.078698995368308,0.6933560041143215,2.0601658093513904,0.6944893968516025,1.4739948765695845,1.5761095332116342,2.94602826609056,4.360311046847389,4.578851568051875,4.189663369587446,4.161044535051904
11.558039708054585,10.5120690084545,10.574669568882307,10.567146889907942,5.120997151763561,-1.6189160672356466,-0.4364363341257016,8.251310476473076,-0.11256030482287877,0.1711601152360776,-1.5001512185751393,-2.9585039545748533,-0.7461604807094137,2.449398227035004,2.385249872017483,1.0323606471538223,2.185126375142619,1.5811367011166357,1.7985275053504113,1.0331125445171996,1.444650188754602,1.1030834883448568,1.2560490055878148,1.2012820004279623,0.5095939774826538,0.9455173564946125,-0.43077258913577154,1.3479994436506284,1.132810444620387,4.421791873869492,4.566120200811958,3.9593303777405606,3.908784806196269,3.4050349124879715
10.658622573481784,10.308237934212398,9.922995191737044,9.393823771785948,2.6170735037213655,-1.4135643917370309,-1.6225581752002762,0.8243259453616494,-1.0925895060541062,-1.1418430677264577,2.3024812821964935,2.1578484743022504,-0.9145436158209671,0.4646530411551517,0.49373101639803785,0.8198775348617515,3.2161050481462334,0.9157348360846395,0.9777798061861489,0.5405893250319964,1.5587006510616632,1.4863450069537607,-0.24130038552251282,0.8095569414562923,1.0421704807580336,0.019732724775815898,1.1505052002451728,1.0953920755306852,1.265438309743537,4.876368354006751,4.0784275133779975,3.171963878076392,3.0998106144858317,2.7201549320693115
10.381127737757911,9.863779976986066,9.34007026095147,8.710330637511753,3.862849426709109,1.8119122972197048,4.312049147956587,3.302416042511616,1.421164148685873,1.6831438054927776,2.4580437742538015,-1.4231950032090956,1.3878319755496367,-0.2654871330571633,0.30555995042897777,0.3488467411464759,0.3339467998724842,0.3290992867579027,1.0183749036048666,-0.19362277180847387,0.5856939464845528,0.8247500416528336,0.7550102208544478,0.595893586019559,0.8450121528448564,0.5775651405554678,0.9451920256761025,0.6657453059053166,1.138338651340191,3.4395482324486206,3.304304444383672,2.4405571548794556,2.5455226862117746,2.0821338294005787
9.861366923777382,9.07524932448418,8.509948234556727,7.561841540572428,1.8387928921042949,0.7857107652956641,4.083719601113574,1.4270351127245833,2.491727519484365,3.8233271822497676,-1.3895320171532461,-1.5667090825008272,2.119609070488488,1.5730208916396784,2.3593865250360477,0.12247991460469522,1.485575369542493,0.550777819657183,1.1332135134884784,0.4405571272048501,0.5652846964792246,-0.04412735532595896,0.3640816314634813,1.1467341847729926,0.5854583476897504,-0.22552513511454744,0.6515518098158356,-0.33024415022521575,1.0425894451697961,2.3415550597541834,2.6478307766786613,2.384796044531995,1.3992726964951803,1.3241229992324346
9.549235319412746,8.600559364040224,8.072580988188724,6.852779492304102,2.502480288414363,0.7411767381311178,4.579744913316153,1.5093315672473393,-0.8375962292067097,-0.5518316739317405,0.3198812824608079,-0.48189042677554395,1.8510082766711506,1.8200169796873047,-0.15021769537055474,-0.19110268588653137,-0.5767261725317154,0.456872956525521,0.42881611141871756,-0.6498580642927108,-0.29850140963643457,-0.35335003595049214,-0.5106747581045327,-0.02233937655923374,0.388237594751498,-0.29317578750239154,0.9217282179737694,0.6560886410091731,0.6658582995983782,0.05651352347083828,1.0786474455256017,1.0949661839402838,0.7897931611722706,1.1327960474466725
9.222266318228995,8.463682826131606,7.733101193702354,6.656997250496435,1.6165990622465296,0.6286830196165453,-1.1330731924825381,1.551217109555615,7.114919902365049,0.22331434961971477,4.343977881126723,4.553184388045019,-0.3545496908068539,0.9141588748000785,0.7925966451694059,2.107522723833429,-0.563598871040353,-0.4882659423043893,-0.5819785343652817,-0.006968206280573453,-1.0770848072615322,-0.9043317870502178,0.021714968878763546,0.7257004581351769,0.07481015399856103,-0.17527769134341015,0.23772995581025355,-0.15323999863846902,0.36909819785093523,0.4134329163762596,-0.004063049633915517,0.9725190650458577,1.425002042510629,0.33850772345978464
8.992831452567104,8.422252007031345,7.5202057765872965,6.031881798624669,2.995126929468027,-0.3937849217424243,0.06449968890504691,2.600657724025563,3.945028138428667,5.604056433835732,2.634191563747124,1.154643906626308,-0.5244485656555326,0.397741487630599,-0.028104139741979433,-0.8292466390658041,-1.0918551009882962,0.0941866251014552,-1.175584557736776,-0.5693799389156328,-0.5350701623295275,-0.7317530088550391,-0.08594264158276076,-0.21279926157401993,0.17841235335449812,0.38156835733252886,0.11585163033594666,0.4115594381517933,0.3805134323314331,0.3141095833255436,0.3499292022849964,0.8116629930832969,2.0525545453511422,0.9303022683433513
8.977691037310695,8.180946593280995,7.241882213172161,4.593075447816076,1.6306158796017334,-0.04026610442389132,-1.3116646992067942,-1.1829498605083582,0.8568621392789129,-0.7934758970921219,1.854746562024762,0.7165392308988882,0.663867601259454,1.292603538044527,-0.5368349078276282,-1.2898699205554474,-1.1025375183801545,-0.4289251110909131,-0.7031690557663665,-0.7646233999194687,-1.0745647407099306,-0.1473218329237006,-0.15915847629194377,-0.053723860196747804,-0.012222411465378872,0.09123687480952138,0.39762340387923895,-0.5121421083694317,-0.6912673670810099,-0.24112206614947404,-0.43758958475288495,-0.5510654533742414,0.3096861717252027,-0.12739506389552785
8.625713236181339,7.71304240595466,6.562565366510613,2.9340926026451197,2.1567788603706903,0.8626843676889661,1.1628603656300653,-1.4377994226723032,2.676761791424169,2.392695273409918,0.30456035222845196,-0.708575234618516,-0.37938503066660806,0.39909475013510426,-1.748718425831604,0.07163195550262413,-1.0257215399613857,-0.24060118087605314,-0.7270964746661381,-1.1148213932265083,-1.0287069173936763,-0.41185523137237334,-0.1010659481834024,-0.5228294062485763,-0.6669007339489569,-0.4014683027821475,0.9848749210096672,0.545167554763711,-0.605253349168645,-0.4159142149994716,-0.4196375886360394,-1.1137699772460075,-1.7476766326336275,-0.6097059289505209
8.200909949259826,7.288568547571299,4.718687672084166,3.3029790931293554,1.6335559773241697,0.22043819726473035,-0.2100023638005989,1.7948394704672805,0.07723922413491909,-0.49705692378218114,0.1188398807556808,0.10359800223040738,1.6127824351659692,-2.2009964106672486,-1.9450138282230034,-3.6083517739634017,-1.6697640113534715,-0.3388796074809777,-0.2147229379292487,-0.3004231780587997,-0.6831273730039971,0.13590646324530883,0.2343823845356763,-0.32062529994156086,-1.3028186206927255,-0.7604939274629434,-0.8283409650312133,0.1719324844651327,-0.33545661803334254,-0.4957595495554789,-0.28642163929913583,-0.6873050094187879,-2.618105073495622,-2.021416057038688
