script/wind450m.json
{"header": {"parameterCategory": 2, "parameterNumber": 3, "lo1": 3.000054539987559, "la1": 64.9999836372058, "dx": 0.5, "dy": 0.25, "nx": 34, "ny": 52, "refTime": "2026-01-18T13:00:00.000Z"}, "data":
[rows 25 to 49 of 52, columns 0 to 33 of 34]
12.214969888692499,13.067368801698008,13.220622936698271,13.683943143384292,14.238733538856499,7.985676325275494,6.48471494453359,4.960892093088408,6.071609837212683,-1.163602092402742,-0.18135164383665342,-0.6917772041041551,-0.8554893720740596,-1.057654228285225,0.07480738733210163,1.6886478451885867,3.4693170673541385,3.3881945397210766,3.9741379559948617,2.9297831433344483,3.300539554193904,3.6383962697203196,5.681545219475961,6.685995812648305,5.4437474817431,5.9705384469179,6.520172368588624,7.726854960707289,7.662163782090478,7.382341389435414,6.4547612271603025,5.624375661911802,4.763583737576439,5.492575507397071
11.376220741705087,11.769811232990692,12.335271549057277,12.339403208798092,11.711344368721152,10.033416963296947,5.246615295963344,2.4583804873524864,0.31932996439143096,-1.3579173522560517,-0.984713184162113,-0.6755111224075483,-1.9110598452733671,-0.5376298095450811,0.914273850856606,1.59058513852399,3.420292531995093,4.3725074841502085,4.026695620494425,3.145725404672369,3.6995827391711744,5.349839718145735,5.879415885339939,4.5363794362823615,5.989868591370528,6.1123655865631665,6.22330081496349,7.438630330076336,8.493845919643539,7.950776210729196,6.982080003083434,4.42116079726622,5.345708162680366,5.924583139851061
10.535271173241084,10.629643495681528,10.75646606619748,10.745036486306589,9.831508985258223,8.289865321721633,7.143197111382257,2.431302266466485,2.548812328100478,0.6545124158794612,0.2520162120631762,-1.256603064386773,0.00871645480732525,1.2436496240817676,2.0520097143157985,2.922136971866661,4.458990082310023,4.835176747607253,5.840512574470608,5.132317103855368,7.114914263098747,8.596497498766373,8.218177978501773,5.034524760663514,9.433273583195005,9.413186481517513,9.796397377135529,8.90283856791846,8.330308666417865,7.933121098846277,6.6841779235416166,3.860356514075961,5.117366713425457,6.173224504902001
9.839125699916554,9.734479621776677,9.613941865432102,9.049539181640615,8.136106169155047,6.991546992836464,8.014582296609081,3.8899576500047064,2.366760049725398,0.4031071688367511,-0.15040409188590464,0.19972312281593402,1.365666719009952,2.152339861819033,3.053879780062196,4.238509152009827,5.504036405247333,5.208616420266391,8.37469810467156,9.489853345416515,10.8930080118513,10.20557131435194,10.189428934891687,9.572141368183283,8.806007069098051,9.472849093143353,9.952094814139853,7.354354150486171,7.535275859266592,7.956150646096991,6.468593317598727,5.4654017428567325,6.966006522396536,8.0339286644425
9.126985353854774,8.93688593015194,8.531048636516052,7.490491469786601,6.85591517569536,6.760526250014722,6.792396048820111,5.40327595487011,3.8378854738398007,2.08778114718094,2.3270441371025745,2.849603563101956,2.8506601516280847,3.3192070881897013,3.9557639883342715,5.303049106384502,7.165954316658892,6.5856277277412865,8.486653898795806,12.078786417949052,11.542457565030261,9.750526219638711,10.560618744776615,9.143138371023882,8.55415778632561,8.841932311450986,8.73283044088412,6.119781614313657,7.315557112909015,8.568503403509625,7.81352350943624,8.187355884396961,8.082922301593012,9.072217947585855
8.271091958630686,8.10999720112898,7.946018126109646,6.818153156841289,6.4246206177854335,6.848134936142473,6.005314500515469,5.6753224009911625,5.437272523637445,3.839250439837249,3.8273975752732925,4.295746445390098,6.050858152736461,5.507629932620233,6.168423289998451,6.702880398366274,7.566695420027654,7.338830034508953,8.395594939764148,9.495729804394903,12.71286000373083,11.583032875283521,10.819538036141191,9.144760066233019,9.316736800805403,8.592606612943658,7.045845953350617,6.698904508226563,7.294364773965842,9.155035518436003,9.148203999853477,9.713690964743254,8.650491589723377,9.225792646113588
7.575679583362473,7.468668372126184,7.392868162600976,6.4401217720113175,6.003732936204563,6.4773533738669,5.655061591257263,5.747901640816232,5.2504204741743115,4.774347669453879,5.374821785595523,4.6101058079349855,4.749985763419552,6.241081005645865,6.65441119365884,6.398451024282686,6.853742311201778,7.8492858911109495,7.324349283401848,11.513168289098475,12.862848772694988,11.434283892456142,11.721823624482113,10.276315717299818,8.644603454964038,7.529224287341038,6.878114098431495,5.688210616329435,7.367958032180095,8.777665401287265,7.959755844594762,7.995101296930199,7.94996179656004,9.10086550717786
6.972761926449106,6.9955408503865915,6.623195296011209,6.033894013197533,5.88241465701337,6.3649036795292435,5.5860996793021975,5.643907069733523,5.2998465197378,5.361772134705747,5.144870331009649,5.521995971522885,6.076165953318337,6.111851312933811,7.131262307696402,6.822307981660169,6.327025995552967,8.090508361519337,10.115959848371105,12.945188737572064,13.064431892734243,12.029538296772053,10.99212256348598,9.640751356196578,7.790623923555872,7.359249325471953,5.667000703116575,5.554573413206972,7.078331377889557,8.62335942010161,8.36223616132037,8.066700749148817,7.894875758875212,8.89099616749478
6.485878252232639,6.434820407284448,6.047599373256278,5.225361460029316,5.5490648337003385,6.367600480572707,5.463847158865945,5.386384199011782,5.298808104328129,5.362898198021324,5.870164435748128,5.544695599319201,6.636087268264653,6.7996342292413825,7.156626422340987,7.030253232627745,8.117108150751129,9.16430132692825,10.914530865090828,12.532930403374676,12.997495158482588,11.447673050610675,9.96573894196625,7.924683259590398,7.670933362002831,7.9705846906727595,4.913042597526895,5.279754277173182,7.220737734917163,8.953878053695046,8.701790789889724,8.849339812824939,9.268417054209513,9.883527244656378
6.0399946821748305,6.000604301567401,5.459226411150277,5.036438385575787,5.090429000896302,5.7934316756645075,5.3606151962034065,5.211039837000234,5.83821276139555,6.353621822731864,5.8663160447471,4.990491303853072,5.64172510035764,6.479099588925867,7.539878527192271,7.304255157792828,5.9611078405953855,11.168358911849017,12.897171179138033,12.971848230422815,12.107965183658951,10.05339128312418,9.37454931328193,7.693264825111764,7.793343015351552,7.694350225053498,5.051462738716027,6.166542261815218,7.988483780835356,9.898738836528768,12.310002091555587,12.030966431262028,11.847405346759693,11.197445855683798
5.2163356716874185,5.110251442453294,4.723147655449281,5.098023535490484,4.918290286250651,5.585195319291331,5.346580071399323,5.558314323408103,6.212546959057688,6.724325020264895,5.055968425486679,5.1786842954475,5.247773130573204,6.690604420251042,8.058405443848153,7.392181755492142,7.335957316021902,14.005956279302813,12.709399909141247,13.283906041690386,13.260004945545985,10.200952295775062,3.929993517672217,3.405052200104958,3.6979680260325862,6.290973159639391,5.342762591584183,7.2879251818363215,8.762488819765878,10.537363855627166,12.425132099338567,13.310128878350168,12.369574431656925,11.75288641395688
4.90872048937711,4.732109724601881,4.101914259390707,4.752498377005849,4.934274794499078,5.26589917596143,5.232255874355548,5.755819061692097,6.416521122855088,6.151625620745589,6.004818311284244,5.6586072175088615,6.490118213640616,8.360945276290925,7.361277268054033,6.2597693192775905,9.025812276169422,14.103852177090854,11.53656901228384,13.108504117372126,14.266819387174687,11.583713913447323,3.4263531569266172,3.5404855094008836,4.372993074133147,4.894394350657153,5.442982906991151,7.126770592374145,8.521003298612706,10.658070940921574,12.881024569105241,12.665447191865153,11.344399741521892,10.817858999695451
5.080530109305423,4.373358383626898,3.9219330491806046,4.271474011980329,4.453124994708309,4.91175947628928,5.4785497937345875,5.743398239742875,6.040521228384663,6.285269964623416,6.179017953743854,6.34792661136554,6.261278927097519,8.703159971962966,7.797447370209588,6.69013110951971,7.530902801664155,14.918492183264702,10.627855506455912,13.337240300182811,13.686433634124594,11.508861583084775,8.4106119098265,4.36605278683995,5.166762563338766,4.874433960091238,6.012744796686039,7.062640958058932,8.10421046765599,9.663934374821896,12.352393439261737,13.002994595494785,11.775331342209316,10.711782373168239
5.1018784405799735,4.311719434808539,3.6188480774490186,4.010662850038709,3.9134092249079093,4.451418146396369,5.198791081523633,5.44322225579747,5.888528656185269,5.787181134606359,6.810199956694888,6.144001213446196,7.013229832305502,7.7598707071104105,8.29922866430931,7.460547512958288,9.10933210616626,15.680849818782088,10.401735733045752,14.312031509064331,15.212470543846358,13.285096452803677,12.250529829704975,9.470277355581027,7.842275550612983,8.701177328974783,8.069587376001486,8.337912891164613,7.5977362318149035,8.682098243384996,11.992621552974462,12.997355996351907,11.854787497725997,11.346605173210623
4.8288807734995185,4.417187731108163,3.4316895157279554,3.591277441997852,3.5128121549769014,4.083131334068249,4.62525767729759,5.132795938537108,5.57232623003663,6.255197248973057,6.4710006551287576,6.197685785722521,7.256428924403461,8.734130200698198,10.697579393687283,8.720696141010846,11.741231726501322,16.03587952054893,8.62915306621084,15.346694525109791,14.637152225614262,13.99868236481292,12.824315248462948,12.0998661643066,12.103674683646194,10.808965552120277,10.153135710531043,9.627108914782715,8.750469005427014,8.434552677972782,10.725035499228618,12.805705134056831,11.760313827674281,11.507538626890012
4.50521413848788,3.9151436131174187,3.1633205339650345,3.264815909453729,3.2615841861167367,3.325015876438832,4.144888528723702,4.80419487858021,5.508996994951005,5.978504418594233,6.906900313473482,6.280448198689924,6.651215222778357,9.247175551721487,10.89755789066731,7.797666672000391,12.362509854181289,16.582803438522966,9.761109539390096,12.667172889532686,16.173701744790762,15.724066765437534,13.283878992617035,12.932490108015632,12.78179659046386,12.456921988824332,11.088595720306238,9.469104312989032,7.983380002908397,7.660172864741032,9.964951580290188,12.218157476807095,12.171854281075204,12.205258753295777
3.8825077518693485,3.4570780649840076,3.171559277333294,2.6314612350934046,2.820125081747256,3.2004948259470116,3.6390522739459925,4.269016722352887,5.2635271687340195,6.279266877751366,6.630838003356799,6.327144325380003,6.266764975538527,7.672022685408004,9.934762075088631,8.064646136614487,12.977342529539488,16.180278790440077,9.817723892699561,11.247179776894894,13.759882116348775,12.022800187340202,13.261442664576013,10.468767518395659,10.038668459008699,10.421535104852406,10.573197887184723,9.655848625819083,9.254832664259983,8.81207703062289,10.159153698897587,11.430405679693624,11.503836319320456,11.159896161373347
3.9650135336028556,2.722183561429094,3.0990861905364513,2.273504437917908,2.4799305493689294,2.717790208148004,3.416835427326748,4.060177454609666,4.938885580142875,5.77954935126322,7.07129257187793,5.967043696905976,6.471900087420638,6.826300401665227,7.870331298574961,8.304699667583863,14.315528602638167,14.244999831313173,12.324690471698764,11.794298311535206,11.642853118704583,16.583160653246868,16.209654408896196,15.847856966173916,14.282205168804634,13.04895657723137,14.640593337683177,12.082180459745812,11.134059919655181,10.102897367973656,10.72347642762918,11.354079930708357,10.482917799727565,12.12915171266486
3.7826639769605612,2.683749821898921,2.5615482220390007,1.7780877011189173,1.7475091781195862,2.29032820835047,2.612645009416358,3.835725759711003,4.985844904668178,5.414806037571987,5.973593555253678,6.987836358509685,6.808111935153648,6.3314136843082265,8.470328698407618,8.28442241072248,11.998037913944321,13.10833342015359,12.698722501781107,12.09067794951019,10.286626402134347,14.549448934031407,16.238932348092014,18.832630023456336,17.531316344195293,14.464286002897383,16.12193273519889,15.3238301783148,13.460149760301713,11.709768329600923,10.318067911410088,10.864467633718524,10.909986268771117,11.173018698641282
5.249441393542697,3.103249646426732,3.219243535027771,1.3867410606265942,-0.23428853645814818,0.9339225568934547,1.9809308652157163,3.3809762227185023,4.72985390815255,5.353931428455295,5.899714695146317,6.760056830156571,7.567520201037089,6.995318389033421,7.890470316096823,7.80709336141795,11.712112320906897,8.45445497429657,13.753701459965825,16.712078102861046,16.24358846909395,16.421065995968277,15.688218010313417,16.821603853556677,16.47869883951679,12.842304003008339,15.879650995846948,13.099305647565275,10.970331319193011,10.273190885749344,8.602019569443934,9.850628250137767,9.691050103058402,11.465485982715409
6.513279366424997,4.860050663503283,2.6069935822498222,2.031399352855597,0.5343506656283312,0.27035514482113715,0.906619352071403,3.3021054111165644,5.208805466829646,6.770991878136723,6.449039820409273,6.069114878449796,6.870730144667512,7.091406706442341,7.475503547621602,8.432214940799382,13.338270643443778,8.470968470498084,13.359359711026851,16.219755692924178,19.02405205490996,13.808565549766813,12.553316293536847,15.742738907722059,15.73600438582047,14.270050684890238,15.88825377299934,14.174655097578183,11.121663607368268,8.801754559247868,7.083116339668394,8.825291354066248,9.304343373979425,11.28477231740872
5.766815397750836,5.761470511640061,3.258571573139249,1.9500386728254324,1.0736767736482153,0.5437487634708719,0.6292292475817087,2.6922337573239163,4.744505803997102,6.728829343770407,6.773837926449019,5.629515641932121,6.678354433412187,7.76460334100494,7.898177545719348,8.781595054653183,12.306893417107663,12.12099037890486,14.4130754378908,15.046117117302023,18.21658032323766,16.5601537350487,11.489735697222372,12.560721864586322,18.318966410442403,15.95015816508648,16.658396397921315,15.93671787913739,11.361394752805102,7.663479612113638,6.652926350978648,7.577814867367952,8.789002011687362,10.49528068839843
7.649012719715802,5.026950572302671,4.6247545193928925,2.692470282793505,1.432027783183354,0.5423677874556282,1.1465871025703676,1.7228728634210002,3.144587103829136,6.424260342015567,6.861222295001734,5.334118106862292,6.59904178179702,6.84279933065033,8.313087169072011,8.12320869014795,8.772323374502427,12.069669044375283,12.566648275155577,13.498900249532003,17.665495916177072,15.341968813012006,10.397210136499137,12.901504532081455,18.399121005814557,17.013394005581308,17.21681686658166,16.406750836607753,12.983898374129389,9.191930667032226,6.976488244832262,5.099093047512415,9.507824208641342,10.350908172607683
8.402683289951083,6.113788986541428,4.42484115001814,2.825855264101584,2.2831503001542206,0.48101971578503294,0.7173092372833771,0.6021030790039369,2.6842647528291907,5.5544154769904805,6.008921693765823,8.698615247875939,5.921355629733283,6.662008976646705,7.53020723304665,8.115111948017809,9.049408111919673,8.988662235729828,10.943393582681457,14.73559124553429,16.548369204551896,13.562613895361688,9.667501404179795,10.211643424912248,18.099682360550585,18.02782826607742,15.871729308762593,16.14826038116928,13.053915688729662,9.497970704949536,6.838541597857913,4.330699855699817,9.42136695609028,10.54041443607941
7.244821655447044,6.797024366555592,4.528842369377326,2.942578340548985,3.012805498434341,1.0653967039283962,-0.2284268255722664,0.27073278430040804,1.9119781488022904,3.1245194577879816,6.099247550061657,7.639005548560606,7.627018429833423,5.894014826780689,7.076098603424677,9.813383237192278,7.765998521542379,9.091151214164531,8.831678580661748,13.401274663844115,13.098526911464644,13.387163587239195,10.673167487798935,8.701142839215448,17.408423032639035,16.11176785417376,12.76424780743442,16.11725902941225,12.602483528776585,9.770666873489247,7.200495697339786,4.228466994216334,9.49250329806289,9.514270656709392
