script/wind50m.json
{"header": {"parameterCategory": 2, "parameterNumber": 2, "lo1": 6.000198445256149, "la1": 58.999992894266676, "dx": 0.5, "dy": 0.25, "nx": 22, "ny": 24, "refTime": "2024-03-01T11:00:00.000Z"}, "data":
[rows 0 to 23 of 24, columns 0 to 21 of 22]
-5.078117503441868,-0.9114082477617133,-1.6898614128336922,0.9205191736818158,-1.0549018474853014,-1.1385333746118516,-3.608441299914262,-8.436530653008685,5.520466482390654,-3.562409442031529,-6.020597720668875,-3.6631440045310617,-3.7964491439858663,-4.254720641291457,-3.1754834392134867,-8.749292795194533,-7.063419657511816,-5.232911203284013,-7.159589737900646,-7.862836981170515,-7.757060256906537,-3.2375374235792322
-5.0273972913676594,-2.025275771164765,-1.0361461925003033,3.3954058124265925,5.490611336306764,0.5064705658483598,-0.7355916529451331,-0.9886297468386025,-4.028118697368699,-3.0305650993841486,6.707788160050139,-3.503119030296445,-4.346692679998437,-3.1645069744595844,-3.0877596786450843,-7.557473210682996,-5.253845593706534,-5.059417106339078,-4.140893313457882,-5.2358622382421585,-3.446713570348101,-7.945319291935025
-3.22649252925446,-2.748705423799256,-1.1786837357922222,2.822836558040606,0.5544511623990929,-6.537819817049685,3.194015283938901,-8.110606028529986,7.489603714909228,5.557358043592673,-2.1248042010698858,-3.068405131135317,-4.611144395301267,-6.595596596206205,-4.577330263139558,-4.097462118894716,-6.558101213318821,-3.656912416691721,-2.662820226558764,-5.845578467526248,-7.951946028340916,-4.458233331379421
-3.0898001792908727,-3.8641043660817536,-1.4537193286918604,1.824743258992981,-6.065729058715291,-3.601572849404109,-2.0981637833905844,-2.9220139666362077,-5.519719446218874,-6.273688535355026,-7.280265677512255,-3.1333810168786482,-3.9951584713735304,-4.170796289453867,-3.868750614228723,-4.231991663881301,-7.791517090288398,-3.1847875686744307,-7.053778631777083,-7.827571540701208,-8.076867091683086,-5.309758363385737
-3.944377109269177,-4.87277675183311,-2.0123878607190293,-3.9880611708618163,-3.708791948881758,-2.120853762934835,-1.8723760797571043,7.292660506229728,7.934354017219284,-2.555299350601726,-3.59778055623,-3.507166967858955,-4.9674610376119785,-4.94306176759449,-4.847920056635599,-3.786290004539034,-6.781164076394939,-3.68062543721266,-8.220191387011756,-4.647146749517703,-4.719256267057714,-7.6531321943522865
-3.3071698149947317,0.3776062099106605,-1.8819543113399866,-2.2842139483801143,-1.496112022107187,-1.1627363134231292,4.964193089475439,-8.18918612137147,-5.294118544264511,-3.3553697189924416,-6.861328853323627,-3.9675020572428537,-3.427650742009659,-2.4602830156354094,-5.20218638666059,-4.19272505950953,-3.304285279074453,-3.596703717128444,-3.5989770977145925,-3.4893914154569927,-6.390638397228671,-9.458619653823217
-5.087395022221328,-3.643315551898785,-1.5031394837081749,-1.7440735043241336,-1.0912318089301145,-6.806998196744756,-4.1129827061060595,-1.4202657228169202,3.024251113089258,7.979295226558124,-7.598708048756505,7.257374413728845,8.024205344716776,-4.341880204151555,-4.7039213943268585,-5.912107752239443,-3.0097255963478284,-6.728085266039454,-2.725920501588897,-7.9344566376308086,-3.863271632672591,-3.1312603107089836
-3.3671398045192062,-4.23351596919964,-1.8327431076853173,-0.5105350423766132,5.1905925190363345,-3.749312002798169,-1.4698355780265202,7.009308901833063,-5.203370211546177,-1.274006544815177,-2.1431646837179543,-4.083622788836895,-4.792364859867524,-4.408800421353459,-3.0755204754158743,-4.3717288857765535,-2.880731952798405,-6.946706691191525,-6.013723689675548,-4.590856678675061,-3.8599471714678515,-6.501675948048149
-3.229974624211447,-5.433792227024593,-1.4751827435513958,-1.2638864938943433,-4.871507218206057,-1.8949237475801748,4.401901212388451,-5.188569336442535,1.9973063668844957,-8.36480576987527,-7.371428171337953,-2.241288403635879,-3.7835096977142504,-2.408632346689995,-4.3486985444992845,-4.242060774959557,-4.305996579340171,-5.927472041280731,-6.56482299258647,-3.523523573119153,-8.726450926437336,-2.7207450406263667
-3.3376467300216737,0.37088080263362083,-0.6807934313558385,-1.0524894442669535,-3.050095902254329,0.06291961727950712,-4.9327550961160735,-1.6350705512431718,-7.877923800442306,-3.2962752971552804,-0.24624230236880143,-3.6716682856807816,-3.5910730441949585,-5.252318424223935,-3.6603021135978517,-3.783372039193527,-3.896483866265237,-3.4755060784245817,-7.395103292208434,-7.34634599743117,-4.205130300090293,-6.9362954728712785
-4.848295665230929,0.3374942771719602,-0.7414867903145133,-1.5156392927660436,-0.4915491653609939,-7.505353501037448,-0.685730611888184,-7.747631686565174,2.3643145068082556,-6.233352325144831,-2.1749318819439933,8.467955351105951,-4.354684851412733,-4.292578727824622,-3.7943557492121216,-4.345568596744778,-4.4927019452977115,-3.441800991714852,-4.390586986249191,-7.607190330176769,-7.161679828422852,-7.1515708892183385
-3.4832773532490835,0.07007265362981666,-0.8241940081029543,1.6165855326019776,-1.2867225328734961,-0.988287572212814,2.0576075254633213,-4.556155268564734,-7.669776347391749,-3.6152594284684882,-6.3773403192121805,-2.5823423956316964,-1.0684542454293586,-5.154625906046351,-3.8552605761867333,-7.898996893491998,-4.48554556458234,-3.6346631002032677,-4.9335056974802,-5.28504223105854,-4.344175761776492,-4.986279261554628
-3.7268552569787508,-2.195093163064679,0.8281557900027235,3.929129208518211,3.7524934129566203,-1.3863725018312694,-2.702021223889465,1.921924726621649,-3.762662018167596,-6.40297288787814,-0.5313657174428544,-3.565541733904606,-4.846988232947752,-2.0203213960744604,-3.774931537416117,-7.006468059216253,-5.498730187460939,-7.337941531281739,-5.855053755752474,-7.585008298129931,-3.9631059044604813,-6.879261714148587
-4.164023120465893,-1.9637860469761867,1.0753100555522426,0.8429353551505773,0.508733519256313,4.790238536850453,-1.088267888589436,-1.8203660295039354,-7.377728724133769,-2.8681604463247425,-2.286270880049633,9.682255016987366,-4.173663650652737,-5.188439641719569,-4.099194571270236,-3.8481901587362137,-5.112430804890398,-6.779354334336836,-7.514311742419502,-7.807810025518238,-7.997252209762462,-4.42194932620791
-5.037462447033241,-1.9420019709877292,2.200140814592203,-2.357256378924753,-3.7039851418511796,-5.126235540717704,1.0436660468304386,7.8334774167517125,-1.7810494698577142,-3.2289965920030608,-5.750450575327295,-4.2068982081796085,-3.6235185311503066,-5.558337217706915,-3.922128527367619,-5.08645429937801,-5.8066261276280295,-4.326430559411482,-3.6985134507309536,-5.073110132416573,-5.4834043022471475,-4.358599685481377
-3.207059934188534,-1.1568023371888077,3.036505164424774,-0.835912234851264,-1.4511237159646306,-0.6683416161008122,-1.7074682007955075,-5.252041649763364,-5.523290836821507,6.7795139761655,-3.9072776548138157,-3.3027360907557006,9.11153231887416,-4.72491793704617,-3.3040414173509487,-8.60623741934371,-6.854660494775471,-4.126617888720044,-2.844825805044407,-7.361606281814511,-8.006669880287893,-7.067974672537326
-5.554357736442395,0.4761234845018541,4.259995453332108,-0.9498351451053443,-0.9426210855979874,-1.0333841613724257,-1.864596913464033,-1.443744427555947,-1.0180618732210651,-1.479921483277768,-4.005057253429376,-3.7158959113548637,-3.8495964344829035,-2.9245879281530613,-4.943329140676055,-4.870931246345711,-5.090623356397887,-2.8555413663978815,-6.008929681594362,-7.629830159890409,-3.7522332745592886,-4.033506756375628
-4.399809354789047,0.31185766931500325,3.1830191971109696,-1.4782966459066593,6.031684257218677,-6.9900746143944446,7.062900321995041,-4.479770765114315,-4.686787441128575,-7.123042447712894,6.180900508236407,9.714423677414597,-3.9023268269095572,-6.246415263728727,-4.3499765379632835,-3.9788153254235716,-4.202985831676427,-4.404752351775409,-7.374636813226658,-5.396034361311106,-6.739653388052412,-5.37082678263466
-3.465126129261158,0.0027424537572776847,-5.336964195049718,-1.943282594770803,-4.821639672086863,-1.6525269184294717,-2.0587920699254276,-1.075811611324698,-1.7136028753264134,-2.223291728059011,-4.055452847891674,-2.0277166688467196,-3.381751319290442,-3.0853369747926234,-4.004940202304963,-5.937420655336847,-4.138225608348289,-7.991201484312703,-3.5520283947569555,-6.580200415457692,-7.225201991041323,-9.629863397951931
-2.9868090452130054,-0.14410615080109718,-4.33433794056791,1.969744545051407,-3.367059911060735,-1.3864250563462877,-0.8658534891669966,7.766901209798979,-2.7757777241607355,-3.1848522964425867,-2.0715398291188776,-4.208696362347437,-3.73069593489532,-5.002234412290962,-4.976859227534983,-4.00130174455117,-3.6950989214683556,-7.162708174070063,-3.2543435458969032,-7.908755673423374,-4.91237284488147,-7.492068431980738
-5.0021949091414495,-0.832532910929687,-3.3515397229664288,2.5011465245082993,-0.7582038698952631,-1.4754440798848976,1.41252898159773,-5.384395220734972,-0.9698675777135635,6.5698011697307885,5.687277193263299,6.7355243471761685,4.132111423254242,1.6905607554243622,-5.828755673154097,-4.113743106411615,-4.247874884776544,-4.053406620288023,-7.63709630103569,-4.434253238620354,-7.408597659551827,-4.979926007947049
-3.3770712288242755,-2.2498467972064553,-2.3848659003357784,-0.04490207417151047,0.3803050052268515,-5.042209529832682,-1.7754282162264199,-1.383577080610483,-7.995987545520745,-2.157488224517317,-3.624564829745861,-3.7924097395772787,-3.7392580662105637,-4.320021872308262,-5.373429206790439,-6.195519983978545,-4.758759498829955,-3.8271893488085875,-7.751639921262631,-3.246425880255597,-8.250753652608394,-7.715092045357161
-4.644864435773931,-1.9327263094411606,-1.9661803982463684,-1.2598616343967286,1.6659103693150858,-1.609077996817853,-2.137747188303282,-3.018803929418476,-3.433494210424989,6.6644382273156015,-3.7214473792618494,-3.0388388878526875,-4.194418949987242,-4.287407279960547,-5.308595757828899,-5.222679801168578,-4.8563149629607585,-3.527162294694383,-3.6917198366311506,-7.957187865456834,-4.39726205652375,-7.603293802866151
-3.203565501938168,-1.8847199931525787,-1.2056902115841817,-0.9136147783731011,-7.146175912722725,-2.8416697516147034,-7.438943720538991,-1.3478897648093482,-7.278483866308301,-1.4016875007212732,-7.95644985397889,-3.805430951480302,-3.7173977189062017,-3.2096002950306004,-5.073944109974753,-6.341633027250961,-5.3441108262324475,-5.226633034273932,-3.106193275671364,-5.016384763595732,-8.921665872794414,-4.888004939300424
