script/wind50m.json
{"header": {"parameterCategory": 2, "parameterNumber": 3, "lo1": 3.000054539987559, "la1": 64.9999836372058, "dx": 0.5, "dy": 0.25, "nx": 34, "ny": 52, "refTime": "2026-05-23T15:00:00.000Z"}, "data":
[rows 24 to 47 of 52, columns 0 to 33 of 34]
1.824702009662263,1.3424984361636265,1.247988030991201,0.4356028189428253,-0.36732647352873427,-0.5453196810447788,0.19648349577511467,0.07533500717780846,-1.5770636277152354,-1.2636611906922177,-1.3441092944926054,-2.00463051627614,-0.07735294224333897,0.024451508548085914,3.918841099480605,10.617943214459228,9.110175541660405,4.01277477979481,3.4564601723711874,4.301905753504462,6.8932178506236195,8.185775746590744,5.493378007582559,2.38535073544115,5.986289108108621,4.9904049724862025,4.877746726561261,4.599842436555014,3.5913083322383987,2.686867772405746,2.5710461450969633,7.284595422659516,10.03277282537799,9.455449812254319
1.5543724469381834,1.4388216607412945,0.8216935572681303,-0.2278896605894349,-0.7007805801321441,-0.8590141462750179,-0.11499780155692543,-0.5818474618512762,-1.1990275464588718,-1.1913968661381553,-1.187957675690978,-0.6834845037271502,-1.0014121371379137,9.796252544878996,9.439351460905709,9.075910873205164,8.494060171244117,4.041780805326284,4.177757199393344,4.151682836496615,7.092289123635264,5.665755242749149,4.447462522261345,3.9644284775685557,5.025730855087685,4.781059601127037,4.615552482365994,4.254392993527709,2.8774601661390613,3.221150383340915,5.144708212391798,8.519974724786671,9.12629608916461,7.49947435457374
1.543403590763891,1.602321397962821,1.9755492462931736,-0.23050959965366918,-1.1545843589648868,-2.4965997225253047,-1.0289587986172364,-1.7665471999308453,-0.855911112390608,-0.041320140794794236,-0.3149792121301817,-0.23743128399559638,4.721851378831748,9.102521057132739,8.818599832249566,8.419541707810549,6.908565395567615,3.7331315409550783,3.53976879137124,4.638292089445788,3.5462589364667636,5.17550004178455,4.75879921910656,4.376029484907515,6.490381640282255,4.9809757530173515,4.181278924918613,2.9490603180871067,1.954248561528666,4.3610086850267615,5.158259576464787,8.072139471972472,8.126482375778192,7.666973139119897
2.607045332035598,1.2047746609317558,1.1359310479419749,-0.12586796462440902,-1.1000231353776309,-2.5019330717310106,-3.2086782025940868,-0.24116085899022335,-0.8473385779942615,-0.32885303419449335,0.028486885680544943,8.55037893651568,8.033375417534339,7.955489787184232,8.16916453330147,6.9996563489458685,6.209284250891997,5.065729335001535,1.977200042572186,2.396912922239974,4.232556370666145,4.751061743810436,4.350105629532217,4.421388901079457,4.84472068002186,4.155037157071988,2.9401863442569245,1.9524271639076924,2.1273938028065387,4.329768994772387,3.829028329100348,8.570868525794246,9.331046525093667,6.411987053483967
1.4477197013075038,1.5216476204256257,0.5285975097859927,-1.0424978627851973,-1.827318282730212,-2.5479978759802004,-2.5175823528486276,-2.96587461760432,-1.0501337477943384,2.601269205210301,5.702452626600101,6.020821170751869,6.752018142335809,6.909648243549651,6.721122549552634,6.733200312645884,4.565763543562374,3.3123184239424672,2.6324173283050194,1.8665888093479115,3.6761246104070255,4.2223773208332425,3.2818048510510676,5.186661110276669,5.8944418867413,3.8334840459362653,3.037458381342954,2.0186867158007016,2.292158493892317,3.4337221538784846,3.587259454274581,11.09924625822954,5.054447263486729,8.282715898554981
1.9374167823812218,0.6245875855030477,-0.012773506523643629,-1.0183350893962415,-1.611589149619132,-1.8971414277907621,-1.6492538738108529,-2.568392785636269,-1.3967020364122054,-0.014129629093303895,1.8587823829596062,3.176851658707632,5.092641548523549,3.595643970095656,5.300279102122474,4.6467177836424405,0.6948664385629146,5.484432920850351,3.256944822911504,2.9915527265768462,3.9370171521940187,4.215090856060859,5.401346337756035,5.165348398657512,3.410799067169197,3.1248597568429695,2.906790582723176,2.036247441075396,1.519198853826795,2.2493588836097826,6.941347555761211,4.036882516802949,3.705094594078789,9.621243094018247
0.9420278070812024,-0.22465620709758716,-0.6476431324187851,-0.44681646955758003,-0.5226046288860255,-0.9981304785303912,-1.4567607288627935,-1.5878764700636316,-0.8099693973269612,0.4738215409645034,1.8599421898729365,2.6557697785844367,2.99147022992797,3.2224707301034354,1.188499469219615,0.9818658034335491,0.9247432442399605,4.930828189506341,3.911853727189139,3.9667406912315344,4.111411189594464,5.034096994312982,4.347387012146233,1.8654731621857774,1.4480650012207212,2.682570920664742,2.26820826805607,1.4556335214058478,3.0698753509949186,4.340241414526203,7.549959301398037,4.175546625568814,7.241973621233323,9.993457853300386
-0.22822116448923027,-0.8144146096195212,-1.3941686361438654,-0.6964160432304475,-0.7650996841339207,-0.6168338397895181,-1.4966328728707612,-0.3051340809462912,0.42532727659350567,1.0949922427447754,1.1215912359248146,1.7719048271139255,3.20136923866779,2.558042718931927,-0.5993952376301961,0.3256525968466038,1.3273957150693372,6.481226875466357,7.723407095955264,3.829141655188836,4.172625827237071,5.585728540176444,2.6397215217957015,2.2554530537792394,3.253038343571769,2.0361658692811417,1.5268866408991175,1.117441536636101,2.0780644922383606,5.6502000258333585,9.509652742325207,3.764887685267557,8.927174768271364,7.631815991401281
-1.099397282376508,-0.8477055564141757,-0.42929495749047414,-0.6713621640180589,-0.7565689955239773,-0.8667066143796457,-0.43748248300196296,-0.43030298392817745,0.7936325859797292,0.2310634571859334,0.6754087187066141,1.7087958581017075,1.4762242191208226,1.1900732234915052,0.22462398910540038,0.31553876076804777,2.165650244251979,6.599859871067689,6.870122030427745,3.1890836380414975,3.1954716454585363,2.8092507100385467,2.2532055017223196,2.4364118752141786,2.0995246615113143,1.282687925614971,0.8009457216410645,0.9604271612683946,2.7672063334153636,11.44901290293019,9.64000545855414,7.5031412974644525,7.475938343607165,6.3535231897547675
-1.1577521053934596,-1.2484813656054672,-0.520458495820961,-1.0529362159088165,0.10806676062974482,0.7317851554088569,1.5876948693933919,0.2707414890340891,-0.31761159440361403,0.05538639932130759,1.2679884171715419,-0.4360758010733137,0.1457561508988606,-0.2028937384611321,-0.23588082706343957,1.1199566377522243,3.43676304140585,3.5422918944840625,4.945576793045646,2.58773764991958,2.745816834011908,2.326798417881072,1.359957018817725,2.831288796599386,1.5487226235304092,0.6957611811793388,0.46588102153478284,4.958286010019846,9.839296790112364,10.209298914984604,8.7339090249969,7.4711443161271,6.66160044718327,5.444172091869511
-0.2869530306632066,-1.3781155144737316,-1.098504843926029,-0.7768957666071528,0.5947679125150358,1.2456369704403878,-0.7217484517926601,-2.2511173619664286,-1.8534478092575675,-0.985922615677995,0.4286713767475814,-0.3314210215402513,-0.9992338985083048,-1.6948040260585027,-0.4544073975611634,-0.4988582041045107,-3.9294761622189007,9.237639709343021,7.038735626831551,7.078795668762803,3.328965613119086,1.788531764477765,2.4339579855342226,1.70472060500452,0.5627385889614612,0.5306135593613206,0.6964618474495987,6.2053160432488275,9.467378762985438,8.350206628897858,7.601409148258748,6.568775171915207,5.918099779156169,4.67559289347556
-1.4652018220606875,-1.7295048095130612,-1.8607044975216842,-0.4652593099939322,-1.0509738396217698,-1.5564161646587984,-2.5074633124468577,-1.3796514044578476,-1.6563539377389922,-2.2261385847988526,-0.5432218243831209,-0.6538453055803185,-0.8922162713505456,-0.416200093365162,-0.6124550437884299,1.5092419807441244,6.811325242420093,9.601926643461676,7.225293926683876,4.002396148616605,4.427512235905196,2.756983211939813,2.3909374672422836,1.069294587846901,0.495055552814153,3.949937202053565,3.526139471964914,5.83584408415771,6.58069865191761,6.516861439480534,6.292408312355358,5.5212472449321,4.8193308607780425,4.442825168958441
-3.9247240061951754,-1.6173761470871402,-1.1788387832864002,-1.2371118690782617,-0.9501186301577431,-2.293976009503527,-1.2803422709730408,-1.4985502287067296,-1.1655946127937766,-2.5717664263384115,-1.0479585314193731,-0.7710128565689363,-0.1758853830518544,-0.5716324139514327,-0.970712747771592,7.008054983446944,5.519548072300818,5.452865467533583,3.645009163998774,3.31863017645919,5.044403663554958,3.2583978505884925,2.2160376270921707,1.1162592983545772,7.8961105418466895,9.055474189745825,8.301008123264285,6.321048698583127,6.419223634551762,5.760277746996737,5.9877407397949804,4.885912258990906,4.265575639657685,4.744492371615065
-2.039300623067472,-2.6625893971105503,-1.1683173919233227,-4.663101122955516,-3.3736961572786104,-0.9970480759282585,-0.9616374363355725,-1.6224778576135606,-1.632180460105772,-2.0861965285235082,-0.05177990171620467,-1.1289930389147722,1.6232604342072237,0.2938787404248487,1.7642998713435987,4.198867181533809,5.282235004389478,3.6713966299698306,3.4292117645515616,3.834487565279007,6.5422736519700795,4.044080596490809,1.5507871657463013,2.675477796731537,8.886684483147153,7.41528847672555,6.301136206680033,5.220759738295979,4.897224465600313,4.598615063368569,4.637109888603213,3.892721473387626,3.644466818491358,3.6706297200499747
-2.5471088848399397,-2.389057717164103,-5.313016469216418,-3.541895044840597,-2.455817040223786,-1.4520084404779199,-3.1060821920726913,-2.45800919325134,-0.35857391237646374,0.26885558625596806,0.44558613172458283,0.5729366060856016,1.613347006501483,0.5421083327363307,1.3994636762477073,3.016823036049053,9.6216724813825,3.9037023425185255,3.6464233940955664,7.998387623444179,5.042457182263555,3.656333016921027,2.8640288422024653,6.430581282686653,5.030466972728504,3.6587068969144148,3.226166271690578,4.24819811401513,2.4128263044782283,3.8056776497559093,3.7656569372936666,2.8886228426101797,2.038383890409759,1.715637182744695
-3.6234817045421517,-4.086692693058058,-3.417227293869565,-2.7099706286233607,-3.333126133378219,-3.7902068085307037,-3.5785397515636546,-2.227023624756244,-1.0571337804401133,0.028385812881655238,0.7408188393014823,1.8275828947071457,0.60019110767226,0.06508003909206887,2.78911814089568,3.5375721274395215,7.658278633458016,3.942781233857643,2.990947557373911,7.882907842153335,6.711907115170041,4.342236134277343,5.103032763761927,5.316018596500316,2.4858811286422693,3.2252427791646574,4.108828866240243,2.7351674134582513,2.7398692737487584,3.1087036294707584,2.407941343250045,1.3778786603068298,-0.22623077416724438,-2.1466698802955255
-4.48218139707095,-3.0720504736400787,-3.2986793473432092,-3.5671588268862244,-3.8876480537640057,-3.2987105122768394,-3.633622234750092,-1.4487887094082812,-2.3432185055028154,-1.8542793497583014,0.8557460493305791,1.5862913582514155,0.3054679932687674,0.2007984702757085,1.2765586214045646,5.101567339524636,6.896353537549151,2.7452165647216913,3.2666143238227536,4.392864440662835,4.417914350178649,4.060477648246133,5.306538905497328,3.819181270652315,1.5143235655164604,2.827128661449657,3.279170313553439,2.086196446005372,1.4872523186528208,1.3056642993810825,0.5547831121589809,-2.157749261878185,-3.896324196049576,-0.8979413140823165
-4.437771535062737,-3.736126707727286,-3.7853310883210276,-3.9879882759832452,-4.0644499472285975,-4.865731123909899,-4.244737745587672,-3.082309376410033,-2.5215560507245014,-2.6700716527934847,-3.1778091392595664,-2.7768396259847603,0.17388153429447958,1.3312942140529636,1.260984746401449,4.291120838307775,4.109109577444657,3.109792357960141,4.352374607490582,3.606892175099049,2.0289478798200156,2.0195826212329404,5.219953681809869,4.719499527285459,3.5220563454273788,2.4694574194674903,1.3494272096022144,0.5792996025542728,0.2866603115235632,-0.5008027521170824,-1.8415058926747325,-5.7599026944629435,-3.8365267996865478,-4.195429525502918
-5.665239890508344,-4.981574095608382,-4.796744382411484,-3.1894769098401867,-3.580965597401041,-4.339165535115014,-2.8981377413981058,-3.245749593363819,-1.0689815532410891,-2.390865487742952,-1.90428015468703,-1.7790529094949963,-1.5860270570189947,0.3692268180267327,1.733937028870677,0.915086990640267,1.7064298220559373,4.60037172584557,3.0278976165140064,1.251610026774315,-0.6693148363222017,-0.3398426023856991,5.517531972261669,5.1172436738271925,2.9350887560254137,1.4146554052328384,-0.2576321123295868,-0.3427922380838893,-1.2916143683341905,-1.4685634845517546,-1.356723775791344,-0.39394602191637246,-7.657196419087098,-6.546969030272941
-5.635475286782191,-6.202762543453685,-4.191125501672536,-6.20558857534459,-4.724812721275616,-5.15701982020589,-5.6501177683967425,-2.706150927104256,-2.200950249645902,-0.49967940557544316,-0.058987752991974646,-0.8585016753845521,1.373874409751473,0.6435843551526161,0.4302825539268323,0.4676720990971517,1.4762674858895113,3.045667834025359,0.575898049752435,-0.8554885361551123,0.9779728346449728,2.310691329200677,3.1059650101565897,3.226758745359486,0.5943974984712519,-0.8098519245402946,-2.4319608426196297,-2.1550797716404655,-2.004862012732221,-1.393064670071857,-1.3699280192305183,-0.3678297737144296,-3.425451224484885,-2.5190926448591484
-6.9900320343313975,-5.7863685935057205,-7.111056221858608,-6.466630489629557,-7.696980943164345,-7.250958143609125,-7.023328380618063,-6.5242144580410555,-7.3224991854454675,-2.2015053026167575,-1.8134796445517871,-1.771666746888824,-2.1120274655672926,-1.687604103672599,-0.7343884723535454,0.09922145410015534,-0.8831349914939791,-2.0507327376421274,1.5355294440926321,0.5926538513171506,0.760568458035724,0.5866577633500949,2.125827432453563,1.534201409369922,-1.4430270378264543,-4.923744375126369,-0.27586907849072945,-0.0663864513038913,-0.5707947402717184,-1.0274872971559146,-0.28608197757325077,-0.5917713239585062,-0.7656679893138407,-2.5590178851142187
-8.229252402990705,-7.502318641981991,-7.552140523930073,-7.292819974518604,-2.534255034349835,-5.8198555514698365,-6.842548186299129,-4.284393073934583,-4.492872572398881,-7.91663671756368,-6.033975863419698,-5.320455531630983,-6.691522278175879,-4.402162593801588,0.22181011520409852,0.5491321244980798,-0.26466939992078076,0.12114318110608298,0.42931664970264116,0.7432408951154269,1.124074324005549,1.3739836530915264,0.1191791009199914,-1.355692439093002,0.7707894502637104,1.0499531028490074,0.9826562768629813,-0.08757017622541438,-0.19255948725057112,-0.1180080837565902,0.5732262687226398,-0.39886600331272387,1.4755996259740016,-0.8809291737777998
-7.848436915965703,-8.572877002026562,-7.6815684098932575,-1.268624490522004,-0.7443224644616022,0.06533237175125699,-4.134208260447284,-4.912768431254736,-7.632990100874343,-4.265437536566528,-5.6529913355500705,-8.211968980497222,-0.8193385391116839,1.2255154382692977,0.2956245932138969,-0.2490493196646914,1.4491242820931665,0.8544355571686862,0.38825431950999734,1.0333021774998188,1.2802288196834708,0.2951361342655354,1.3957723737926042,1.1609514431585157,2.0685956060349056,0.9289052892093784,0.11674640209176879,-0.7845148944094549,-0.5361071533363888,-0.2593486853072038,-0.6835539916794545,1.0645707764916164,1.2159738923545735,1.0496130240525035
-10.96193051505779,-5.640329132438255,-4.114363061014159,0.3337330673790545,-0.20798982218271556,-3.481834945395991,2.7223734082954953,-3.10280875801667,-5.242605146933264,1.9002536626937292,0.15407609263432148,-0.9224004259152091,-0.2773459893604254,0.43122348779900804,0.7792161983338107,1.7289014996053595,1.6431016499907538,0.16643496428849558,0.15813749942986227,0.1998546090824272,0.364771512408115,0.5134852468627013,1.1826599025420617,0.427550619145351,0.6230154679706318,0.7057468787580381,-0.3481079679472989,0.19444429299954893,-0.26172510910978364,-0.12174954274236174,-0.4362401674786058,0.5564956786708662,-0.22297786277140277,-1.064762541654666
