script/wind10m.json
{"header": {"parameterCategory": 2, "parameterNumber": 3, "lo1": 3.000054539987559, "la1": 64.9999836372058, "dx": 0.5, "dy": 0.25, "nx": 34, "ny": 52, "refTime": "2024-12-08T09:00:00.000Z"}, "data":
[rows 0 to 23 of 52, columns 0 to 33 of 34]
-10.221920204815307,-10.285792981956126,-10.281321092503804,-10.43251748472373,-10.711802327710041,-11.15074215212222,-11.741923530628785,-11.894165516681795,-12.228870896121471,-12.587131515684925,-12.888304539198732,-12.94464106768869,-12.875385026110141,-12.651864832411627,-12.699497553471401,-13.141089660914776,-12.096550610266704,-13.011038742933884,-6.398263929951866,-8.27147594996095,-3.5457759894672827,1.310400803756559,-1.090112104678693,2.766703084182018,3.2702038478875615,1.2815827859526279,0.3027274149735311,2.028297703619825,2.1745360908186235,1.581625119019444,0.9717786359128463,0.5895080460315448,0.9767693849828164,0.8386742395645823
-10.261379581342775,-10.344207024242163,-10.453728797541798,-10.683817329627933,-10.920407028090386,-11.718970961152982,-11.651865081328305,-11.680239020084322,-12.186106629251931,-12.199539084861264,-12.574560319352468,-12.635591141565236,-12.518926958500204,-12.5191084819458,-12.682915944665808,-12.73438215401052,-11.319020808588448,-8.529876015790334,-4.417453964355235,-5.9118160079502315,1.1524149286189371,1.9258399219616469,1.6591796214851653,0.9737497013850311,-0.09837742869568444,-0.29136336498252935,0.6759009869193703,0.3681895363707542,1.8774976468050315,1.29777522117746,0.6284245243759681,0.7723552306806796,1.013964496816842,1.4021775207996763
-10.637636443272356,-10.713637918622226,-10.784937363427392,-11.474138578904466,-11.429913239737502,-11.531206229785777,-11.67046039254349,-11.693323596574448,-11.667565317343128,-12.268057274328582,-12.304549354914663,-12.344898002482992,-12.065454243071157,-12.39486496850934,-12.107049473354634,-11.910949023611087,-5.259951020316162,-3.8845030064315287,-0.5262301856033309,-0.6319263118195777,1.5479734091168402,1.4949823740520234,0.77919269115329,1.2402904298828423,1.0303404523984863,0.934389629731939,-0.362878597005787,1.9569952701842208,1.4885032347164062,1.0306269190984734,1.324421753920702,1.4967805137913426,0.9356163690297464,1.390781126351112
-10.610205178739541,-10.939918610259074,-11.204715311278449,-11.468188293089527,-11.443900720420144,-11.557197965056012,-11.676662336945713,-11.839649773262117,-12.031737167248963,-12.077758501673594,-11.934760921781418,-11.725186744242514,-11.632789633980344,-11.894348005688462,-11.655210983094422,-7.836373907440193,-4.801907221994414,-3.3813899290032126,-2.7017903425662517,1.2928177586126655,2.1058931439937574,0.8424635398630088,-1.223650335193824,0.7916650104902463,1.1862073284294576,0.005821998022290058,0.6839306395913254,1.937728581726754,1.1399237093248769,1.0926076780336234,0.5793397330014763,0.9780370170155351,1.3122942041341499,1.2128478683795179
-10.636309269060865,-10.828380740564153,-11.299147273127987,-11.239272109475616,-11.978212689813436,-12.031020099113437,-12.040467474234022,-11.982285260539665,-11.786626013825531,-11.549061764564215,-11.344036390111336,-11.406804565542902,-11.738980704960348,-11.594487703244717,-7.105793193000681,-5.094452733285888,-5.729230116949485,1.917010707501099,0.9843604058939833,-0.5100202122288381,1.6446183353243966,-0.16431472034910158,0.11341999235750086,0.8663115749761799,1.2920697922241466,1.7398262131021955,1.3758470949778332,1.0081413377908948,1.2345841563064277,0.9746690069703718,0.1788974983737674,1.0253549216388602,1.1240457455259913,1.044511373638435
-10.957286602609086,-11.21863860682558,-11.189631037078499,-11.070597456556392,-11.496989930015133,-11.137156999519048,-11.884949899505107,-11.48986967111912,-11.217280455099338,-10.949939077384203,-10.77241569882264,-10.393952188731753,-10.740446738025192,-10.644284935882034,-4.598013268455865,-3.4318432161751704,2.593104132544225,3.9849101385702532,0.04257529180289633,-0.8213435652276075,0.731307751422019,0.19732847265872597,1.044086419252682,1.2480403378868887,0.621743128929768,1.3744490277272992,1.011112781436985,0.49880889644608667,0.567586544540492,0.3542317800815911,0.9482355482055451,1.0749868236532876,1.162495676800912,1.0758925414683407
-11.052635444340275,-10.725625492481441,-10.814027039479448,-11.536163468229358,-11.599144313846304,-11.520037465713216,-11.763256733138649,-10.980601397470563,-10.77157069984668,-10.559813508147625,-10.101324246397168,-5.915745588767038,-4.5759692947455,-5.815345290358633,-2.88926744491975,1.881717928421813,0.6646438130567571,2.4118177154996774,-0.6906170384120093,0.014594098799581443,0.7064814925337347,0.26039253868288315,-1.469792406686427,0.4026818474303799,0.6301489202237777,1.2574208447645716,1.1950756413026458,0.1604760880069118,1.1256989779526412,0.9993093638023505,0.5885938194589173,0.9372739541892195,0.6891783127229018,1.8693097155999019
-11.01775833661886,-11.66896078864375,-12.016657782068991,-11.84388812739859,-12.95565711351491,-11.764566747692095,-11.00253854081678,-10.4403759370032,-10.376772629717731,-9.907701333779332,-5.1279103733453635,-1.3262059256106324,-2.0586314242735737,-2.954764328632592,0.36400395964468407,2.2490702143098114,-0.10751772079216995,0.13264606481664906,-0.7100991472052247,0.8117949353485148,-0.2821777557233199,0.2729438758710122,-0.06679529688754583,0.8675635321651773,0.6292635126045113,-0.0823008662442733,0.15379278459148066,1.0165203246518968,0.6203037849265035,0.5193491038210207,0.7955066359654905,1.1262846533804023,1.1770778871610077,4.289235989068131
-11.83090152299088,-11.510931791194606,-11.636868757443693,-11.70582805822734,-11.332689150469927,-10.753506818019945,-10.426843666795286,-9.995404658278128,-9.110897791140102,-3.4042475549902225,0.18036514740764684,-0.27353153565821803,2.006927299988527,-1.9928145549575813,1.3854082273816206,-0.7251438106639434,-0.8091186944757485,-0.9494022741267851,0.5253822075704209,-3.00021953739942,-4.271970054849744,-3.6991401470498873,-1.2953710848240938,-0.03313583279197213,0.8189692220499982,0.39101029913514035,0.585564792256344,0.18622900958284452,0.8813638545479369,0.00427154667975449,0.7894186560681746,1.2762583633976492,3.3359974811356956,3.070039494998443
-11.613129846531915,-12.434155573422588,-11.98228337219479,-11.826132760667528,-11.068987306480329,-10.731121187492715,-10.159718471927837,-8.514242269408363,0.5106296675182679,-0.09038258617056767,-0.06244948544518137,1.4991684172827549,-1.194947585652777,-2.378012376931184,-0.27218695155844624,-2.1340862938642875,-1.5903130681452193,-3.860702450536022,-1.1751866515493459,-3.074791302868624,-1.7095956316204917,0.211602392982775,0.010075194253647396,1.4841860982260695,-0.2503094922360462,-0.634060157843205,0.6767615168476104,-0.3192266781724586,0.07083847279241312,-0.582944119201935,1.8785538720045978,2.568222710834211,1.6782996737004672,0.7350714521758793
-12.782208685470222,-12.362780246701842,-11.818717119387607,-11.622657085560894,-11.248640565905722,-10.65491088605174,0.8248751321518814,-1.1770119020290517,-2.0669513213907957,0.011452381996524664,-1.3235668037699146,0.6693473660645713,1.6589913766956774,-3.020800185003613,-4.103879241635508,-5.144440843096526,-1.5838801865738095,-0.7707437974716072,-6.350667948117808,-0.1974672215724933,-1.2759428849349965,-0.8151774852474719,-1.552243988608933,-1.1876036842288475,-0.2788942579950846,-0.035734341596843834,-0.18540434704023226,-0.37513836358493635,-0.6577715762529379,0.43788976344200686,1.620256751641575,1.4543344346970184,-0.05570609525536542,0.18908722030080363
-12.326793066458636,-12.36556886135423,-11.888447432078536,-11.078084795199612,-11.313752021691803,0.2149275316953296,-1.5177695179638655,-0.25452655339143365,0.44715062915503473,-0.25952193054519895,0.7457893136898905,-6.981867344711109,-5.703045823520419,-2.9531060701697,-6.474047629935337,-1.1780498588765225,-2.868105347331511,-7.112797106858334,-4.743386282506531,-2.34600190100323,-1.1375148090186076,-3.409361699540639,-0.18467699456830125,-0.33237612683210715,0.7015519012446482,-0.29936155690896454,0.3358336350456301,0.2239521599612166,0.28567315630693924,0.7002595927091836,0.7520648286924589,-0.0533730470530188,-0.9581533038583893,0.13399498968196563
-12.373475915347127,-11.675207364999059,-11.698916963555392,-11.421007003445173,-7.801620823085328,1.0505069319055482,-1.5184784178794017,-2.93086923740778,-0.3830996594451454,1.6047989439635444,-6.760330437710843,-8.399334263080013,-8.20214393809524,0.20465740574822405,-2.7942694310714296,-0.18101777199142657,-5.286689080598216,-2.1072774770136347,-2.3171801398974683,-2.6163025544337826,-1.6829530935127268,-1.4037293777108617,-1.953617454367553,-0.1545958703619313,-0.000692115838469427,0.1435557609111833,0.6598586803509929,0.2553751580928648,0.21354351666917032,0.6115963689432986,-0.12947389488888283,-0.9496840935989002,0.45337416502754935,1.1310037906639192
-12.948596844446913,-12.02107532638437,-11.677036604106073,-5.763995805213775,0.4401254657113993,-5.548025832540851,-4.293678826822604,-2.1433240175499098,1.8192397325270386,-1.5372316750879103,-3.18737479391295,-2.7164922642505167,-3.2839539243827915,-0.3908524161860706,-6.374179353707041,-1.572567212237299,-3.9622306880221716,2.2725123310819964,-4.922578404566339,-0.3302971251262153,-1.488048205676085,0.57146687296226,-0.5260543924160768,-0.12011997430774823,0.5699776415358544,1.1208992289290798,0.5245016241702806,1.2299905144345966,0.07067051801482307,0.07734100365207941,-0.9518478610718858,-0.029617786174600043,0.10384024330037088,1.1596059216917465
-12.650845843554821,-11.898142209256093,-11.281714361634162,-5.761951203890069,-3.282950921885229,-1.689872378038306,0.42856392967636847,0.7504937178798422,-7.613597210216767,-6.382945306202071,-5.1665300255488225,-10.246122788639404,-5.602875424583183,-1.4069635793479218,-2.091563766150113,-4.656333018850664,-1.0899419412226417,-1.4598748466873035,-0.8749792912617298,-2.308572104059295,0.08860993450381303,0.4407731312765068,-1.2171881621418559,-0.16566199379101662,0.7262658722261757,-0.18636235348875532,0.2838179409705981,1.0449660303709898,0.12909879074974726,-1.419580506920614,0.17462822457381233,-0.41389149264981534,0.5307497715311074,0.7953658875423327
-12.234623042539834,-11.934986497159835,-9.60889004974484,-8.493236263169104,-2.4157525268384092,-1.209791742897032,-6.252087043313125,0.863444263575252,-0.16304204434628516,-4.551185028271112,2.4242190991191332,-1.5313477056057143,-3.608084773400665,-6.606715529194225,-0.34962483291994145,-3.176684923801446,-4.341614191755211,-0.3580105963909412,-0.939249485380296,-0.1462906285236435,-1.2424743731288939,-0.5119331497895889,-0.20344453697678955,0.24226805320675418,1.1379018552187647,0.10924030234016818,0.5761579111934966,0.1001840076381257,-0.36102384344760585,-1.8965500490937943,-0.11469725967529212,-0.4605021579505617,-0.9093193904590507,0.8865016503092152
-10.907514687365442,-10.404773400858716,-11.80489502779035,-8.581611649330577,-2.756261347636598,0.09483179630260337,-5.243497708343827,-2.164825136655457,-1.5358608692601983,-1.3038547630698545,-2.0541951605354503,-6.9069457271378605,-0.26669536394951077,-1.0418976067004173,-0.43674140192124977,0.5076394326400374,-0.5801369233075068,0.4349468392464448,-0.39027544485145516,0.5120240022116116,-0.40938343126431825,-0.10660512972913594,0.2076877529412814,0.7569880378977166,0.36040631744787166,-0.04623459108583281,-0.4859421374275415,0.0032876320595208344,-0.5147564292683496,-2.5172695079316165,-0.3384602910435699,-0.716381253334116,-1.3350194240980875,1.2845077810327392
-13.262651645885581,-10.924541368139122,-10.7103013914695,-11.292886116189157,-2.72538384544295,-2.0543513506704896,-0.4407610380681218,-0.7642304607720656,-5.7295982661694564,-4.186941576602242,-1.763668192011624,-3.4157208954248706,-1.3949881658296468,-2.7307060350425645,0.25866992451402476,-0.012383492643445732,-0.016142514718892588,0.7505574135934092,-0.5877244130917942,0.296935938980988,-0.7541915115525664,-0.5398434165638661,-0.2465690148048046,-0.7175853141885065,-0.5471760184155516,-0.8312826199892802,-0.24802975958484855,-1.0021829790096455,-0.46724205935469043,-2.8539075981556783,-1.2845583503585978,-1.6193391607233985,-0.07896947249700502,-0.884233416509495
-12.671507810405531,-11.477449890604857,-11.565439126496916,-11.357870281057856,-4.707706345152539,0.23763642484939068,-3.373484326265352,-0.8470183085914077,-0.8703839298211311,-9.813640879310546,0.89021501410964,-1.2616693859252386,-0.31249231137951405,-1.9548258615464376,-1.8952379981455816,-1.2778431445082317,-0.9234916863482016,-1.6655294054607614,-1.9818637288605625,-1.0277380944296628,-1.0723203392965903,-1.1980585272195712,-0.661308537460535,-0.15183444911761743,-0.68105702827633,-0.8323000555192959,-1.198534781036696,0.40863302208276386,-0.6481797738491373,-0.8030448549375431,-1.2050077874969334,-3.175510656127349,-0.3470013216209247,0.9035887957211366
-11.707551091484028,-11.690840394802297,-12.404279450102411,-11.501235196353642,-3.014017508803124,-1.7451197082244103,-2.266512830843133,-2.4900631916638445,0.324608157682775,-1.195007973535752,0.25631882132034234,-4.351513139605127,-1.432928188217147,-5.749166714866295,-0.8947403771673903,-1.3553828526102918,0.10949748347491772,-1.0990969602727232,-1.8525517732249261,-0.7781720612403867,-1.6750876129707934,-0.9545519720040638,-1.4509148702746195,-1.1071502339669452,-0.703664632903064,-1.103001373511008,-1.2316819878027145,-1.2567247528378567,-1.2293462889472742,-1.101100508263606,-1.639352293893369,-0.4357613065220963,0.10367533254828587,-1.3481991584781166
-11.899288524816395,-12.211342083852786,-12.354859383279603,-11.324499070767725,-6.494787463923905,-1.868700382575637,-0.6748696621059194,-2.637473415245885,-5.750424187113576,-0.9238008012381561,-2.167186431514678,-3.5430199977294166,-2.199197038767515,-0.2156992540935142,-0.4004790004944178,-1.427511099683831,-2.303136221909387,-0.9957498283225228,-1.8665101663345292,-1.1745951299881177,-1.2311407607306157,-1.235385043206265,-1.2968732863762715,-1.1666125261219291,-1.327479382014418,-1.1597631062482463,-0.9599958802966875,-1.388076151755076,-0.6838445442938346,-1.9830290383597609,-1.2397779609027901,-0.9016707852094954,-1.4877481239133017,2.958518618885225
-12.470025040631237,-12.893265670661652,-12.12777457259292,-10.378361937146629,-6.843506884812707,-4.253197868318276,-1.4345648212744115,-4.120912547020726,-5.141588149015123,-0.7372939820042508,-5.1441487740224145,-3.9208458928706595,-2.7402639594797042,-1.9608072257372375,1.2257400674058498,-2.672977990947979,-1.7917915534613065,-1.5342951639299034,-1.3849172693120853,-1.6360977916147887,-1.864218260974524,-1.400271002214801,-1.501478822914479,-1.424122620601357,-1.5663142937477093,-2.0760753359426403,-0.8289852663450257,-2.173156460981786,-2.2402129103496984,-1.5462216433531484,-1.8342698582467272,-1.6855228702205323,-0.2859341015742475,2.6021630952801402
-12.449886498484807,-12.841720153704129,-11.414807948996666,-9.555731292526184,-6.664074787898808,-2.165743145791824,0.08162702484746302,-4.424772909512407,-3.5913570704219158,-4.501213537076128,-0.8964256203834736,-2.6519567044189754,-4.417106248337152,-1.9345350350960142,-2.785101260885699,-4.923674564936731,-2.0180035229555107,-1.519135039977052,-1.7558067246930709,-1.7441683815246116,-1.58124980868985,-1.430876783948289,-1.7167859472651965,-1.9730449568910928,-1.0595266138180404,-1.7461449260660469,-2.9300515324474454,-4.352526309041927,-2.093974985218987,-2.1595188597886716,-1.5771829919575167,-2.1573624519662715,2.1522818630731133,2.184668045137798
-12.31070265595415,-11.660953032966042,-10.550344932682094,-8.719831003189308,-6.1391314918824,-2.910578636229562,-2.312760470902044,-0.4439369991715567,-4.111921403001007,-0.7721424429186403,-2.434839124695862,-1.5245515228693716,-1.7377535333750174,-1.994667488181071,-2.8042312620622787,-6.99723686439552,-2.9079211094366024,-1.8532292770802687,-1.3835016287476984,-1.6642567766208147,-1.7133985767634068,-3.4290364001746774,-2.579887730764803,-1.2336729349212199,-2.5125801991596797,-1.7757795051620384,-3.3774625537524603,-1.9176136625001134,-1.661591787168827,-1.8316261406440248,-1.86614727398194,-1.617749852232937,0.6981447679613675,2.8942046073648653
