script/wind10m.json
{"header": {"parameterCategory": 2, "parameterNumber": 3, "lo1": 3.000054539987559, "la1": 64.9999836372058, "dx": 0.5, "dy": 0.25, "nx": 34, "ny": 52, "refTime": "2026-01-06T14:00:00.000Z"}, "data":
[rows 24 to 47 of 52, columns 0 to 33 of 34]
4.18001364713063,4.520038355528162,4.158710480989856,4.816626476155632,2.4724002802181864,0.7839875567054637,0.7028294812082019,1.8204058476648823,0.058825659038430865,-1.2351105032115892,-1.990326001198467,-1.465686581696566,-1.9681591086259111,-2.000927773241059,-2.84051432183488,-6.416768225827369,-2.861758344966322,-0.8608074147406097,-0.8591574515202707,-0.8793309721225738,-2.9138097617592824,-4.687874892531186,-0.925040554630446,-0.3986287734539732,-0.26466857652421655,-0.793356930373587,-1.550690497820186,-1.1295922914198986,-1.091320378188605,-1.3090608231191376,0.09509857926831687,5.4261287160633085,4.410658089258912,8.76280995088338
4.839927727158127,5.571120676207454,5.170033791904233,4.233902901511042,4.270785351595738,-0.6730448473538136,0.5069297631310798,-1.5870092888604266,-1.1446432711532226,-1.640255619092889,-1.6576322328981012,-1.6508391958190571,-1.926371888637168,-7.344389607761771,-7.527565981901362,-6.107212306900828,-3.692181464583521,-0.6991677496899392,-0.8487581058905195,-0.7892442687800004,-3.6513424516657857,-4.4174225788387,-0.6346465912145853,-1.5823489251729734,-0.744496105255998,-0.9165325382859841,-0.6980378478478102,-1.0419941252734144,-1.9766200803883238,-2.19815095551687,3.715457586519834,5.341006801000043,6.104693817813287,6.132466484455209
5.301808594159421,5.320364002543026,4.525358917254937,4.261171206523375,2.155422464144445,0.650302484035562,-1.1056935520309372,-0.999615156676623,-0.9595139067604704,-1.424161744952028,-1.8724601370480936,-1.9099697697748388,-7.245221733884628,-7.468804873562901,-6.7673544535144545,-4.846744560675237,-2.783005409810127,-0.651566844218572,0.32851356369630363,-1.759511359324079,-0.7548142227173229,-0.03350521974532297,-0.47579277623006094,-1.2264674368732478,-1.2989686224017225,-0.8483954572493623,0.34357239586597826,-0.11396356414357071,-1.3782259932441694,-3.657666708317134,-0.2949166848919707,4.051238025978372,6.316487076702922,10.616721864722738
4.80990964813811,4.1745373390976726,3.3759706364194346,3.143581936178506,2.37736475425268,0.7273585685310223,-2.143031549869207,-3.6565970692234204,-1.3237078100642325,-2.5243656291927836,-2.364814503902696,-8.395913349245776,-8.062669549348584,-6.828786628351164,-5.2989562028959005,-3.1291685653719643,-2.2033138438738398,-0.2920618788746661,0.05318372164485625,0.0283125770353794,0.08056501955712715,-0.08807673477865291,0.16367002979311968,-1.4191488218333626,-0.5762814446728823,-0.7708547898236819,-0.6361586079847105,-0.4519351968397973,-1.084215039574617,-2.902238473363414,-0.8146389636411929,1.5612251081462942,1.9136914044289934,11.02318464551037
3.9640011957907477,3.0080435451730088,1.8570405019833294,1.9958588222845461,1.2816027660439178,0.5571020992775594,-1.4289028142778557,-3.273030009984165,-4.111747725194468,-3.6535287302744432,-8.085285085077796,-7.689688943673542,-6.335150320383852,-4.50637115559653,-1.4581965672934134,-1.1377153255146788,-0.28435363481308135,0.14479468987619679,-0.004552375468018562,0.39337653208414225,-0.15509670087584626,-0.12693034116348073,0.07294705766704943,-0.5289959267899955,-0.27980618046691014,-0.7386186940189359,-0.6294319299782549,-1.2660522349991146,-2.286469241081266,-3.015092741281017,-2.056044072951505,0.03938273288657743,0.007354398478280561,12.997180790961808
2.9588785601548215,1.7784368619621247,0.5005965591118976,0.19996055392293038,-0.10252807389714234,-1.64691563604926,-3.4897804121696128,-5.770555438017826,-6.874867537263962,-9.035273904013978,-7.211268118703146,-1.8162765210639293,2.385205127935925,3.015626044030812,2.93480496583834,2.2783977213222073,0.6829769105056843,-1.1207476255006652,-0.64988304065628,-0.6308111939682377,-0.2772632707712758,0.36042335688343563,0.4200490306809602,0.09210865655631023,-0.5034583205108036,-0.4269156827074389,-0.43167165585372386,-0.5220843826096588,-2.279215733354531,-2.7213291887136086,-2.647990599936831,-0.5252771867816103,-0.21026950354584856,0.6609488339436007
1.3910599442880012,0.4972447154511684,-0.6367561824739377,-2.095589524654634,-2.5678050308089966,-3.9037586443850403,-5.319945079503983,-7.21616832582829,-4.140439892692644,-3.6467786559618176,-0.4193286518057887,0.3755711060746203,2.0892709258609865,1.6566964689722592,-0.8686273053599963,2.8917789843744357,1.6625182562293668,-0.05179005930641542,-0.005372632584458558,-0.6725086187764997,-0.3688691535131217,0.27063154037302267,0.2933543759247948,-0.5250996678730356,-0.388049656881219,-0.2697533403190356,0.0007915450445590233,0.017472280438506467,-2.6281101512841634,-2.3642953956998,-2.6672347050426892,-0.242449147966539,-1.5923039716642222,1.6596545789003394
0.7026738815051972,-0.9296414365228637,-1.9953943713854363,-3.912704277037042,-5.084855815129793,-5.360996580096765,-5.5188237464973104,-7.543954209248812,-7.504842410587339,-3.869783886668617,-0.8651276613025768,1.598885008953791,3.3768585634953117,1.5208033226833075,-0.11298782726685157,2.522326087128429,1.2218660402772021,1.3779657353481267,-0.5682588910989577,-0.4461064681019051,-0.38499375878620634,-0.7303079251790885,-0.42611465255424164,-0.44160461181050736,-0.3016545815045303,-0.15979577281194504,-0.24516824742779394,-0.6300174320622555,-0.0878048095490278,-1.252103466643799,-1.632909910523924,-0.5812881022111347,-1.016505487535476,10.385085090681157
0.059058648009320355,-2.2342022703803317,-2.003295004042249,-3.4019691857089494,-6.47465104313954,-7.674988327420686,-11.37913398459344,-10.630521523423358,-1.9994667117329472,3.2149199650695044,10.351744147785295,2.604481973521079,5.003382260814189,3.1749622571925675,2.040219444776512,5.234727697307827,2.790828519975033,2.130241061873102,0.8223682775968414,-0.6608184419976764,0.14056120768207778,-0.14907586242443766,-0.4600779346125804,-0.5741133039611442,0.08380921584585135,0.006676098221769872,-0.4247865405570433,-0.8179856465003559,-0.9650018102149945,-2.087726453355555,-2.775271573837018,-0.8774976834128628,0.35236912148503696,8.456398565762942
0.11490094342376804,-1.9775694114688676,-3.998327196970137,-3.880999228542165,-6.573781418831927,-11.106242775156456,-12.218421048754319,-6.3116406331023995,2.169240037874498,5.310681286988905,12.402850164479531,7.108971534821459,4.334959636721917,3.7466141947172913,4.131426853126787,5.701414059796233,4.126622217687389,1.1786408172068634,-0.21367793915315486,1.5405876658353113,0.3500225953675863,0.4062265553460809,0.20555381452825003,0.16504712176938158,-0.2247319346543375,-0.1980507566963793,-0.0926644264851915,-0.6783575170950894,-1.852679052461176,-2.7485947882498096,-2.5946381516175117,-1.375391691732029,4.512353810343697,7.344034586090363
0.6563978716934369,-2.4297394973119513,-3.803091719009966,-5.458131472879784,-9.288229237935052,-11.213906652730238,-9.90206601178236,-7.562408120187944,5.513409703707354,4.1795078373985275,10.22965455430343,5.884242331893039,4.107046757748957,4.023121202517696,4.387536237253908,3.0670248696469846,2.398454260171212,1.6479199167524827,1.4810003148384017,6.065565930984643,0.7812800973255416,0.4799770216718872,0.1733501727316901,-0.1591020211115098,-0.5790328953714617,-0.37736839244641507,-0.40920017024818534,0.7096328887335182,-2.723225230113758,-3.125424639332741,-2.186986331490644,-0.04616209359690505,7.717286814689844,7.13649004513233
1.8756340876485222,-0.3689107752409718,-4.563736069665756,-5.24734529281025,-8.11705710357749,-10.53376550164286,-10.141450375553056,-3.9184562235195326,6.08214974561163,2.9958486936915616,8.588296891859413,4.105076039055172,4.997900028266598,4.1788099746411005,4.083835691679996,3.8099723299252877,5.359971716081664,4.695878981978167,5.01652556507369,3.807508236996895,0.803439378487131,0.5473071688685358,-0.2349095211500722,-0.24574087549555387,-0.37895053302974363,-0.7458580944110204,-0.32512058305601926,-1.6293134025161118,-3.426594282756861,-2.6670990668454766,-2.699408157780616,-1.3486709800142578,8.085673688850568,6.685908608710897
0.7975025933084074,-0.7899867124958578,-3.1825911773642654,-6.038453119760945,-7.900043351122309,-7.92074391772427,-3.953571751643157,0.5998469964583736,1.9371990061416662,2.388433211228489,2.606861264207833,4.627445032166187,4.060135059628049,3.232156228271154,4.514550047795885,6.001896591154273,5.674535612354264,3.7050726706548707,1.6955965763370038,1.2403476651144922,1.4130183634673865,-0.4487017128031392,-0.4174769194128833,-2.1897327481149738,-2.8748334883562143,-3.314492484871995,-2.0641127918201017,-2.885398934644982,-3.9291066816029443,-4.054103034005531,-2.7990868534998095,2.238741143147899,8.513293866308315,6.424684581675093
1.8685807429156682,-1.2935681576241829,-1.582091952385514,-3.9240514241748152,-7.271765475002191,-7.957014429797954,-7.8203442405828465,-4.032531022607245,0.35642284478474273,1.4953135251579945,8.441437912193624,6.810611590597443,4.790056807899516,3.104416899284335,4.941871234934706,6.2674142699238455,4.63561535288084,2.068278652863684,2.091989388971067,1.2675977507028715,1.1609837235841527,0.5022383111896114,-0.7426649075258521,-2.4129885819760006,-2.36494039148602,-2.2643329033026602,-2.1327851401238855,-3.839641543902375,-4.0736062290119195,-3.2939139680166356,-3.9402493280781226,11.286741419484786,7.408424447442751,6.026294046386265
2.236485615576325,0.2901675964950031,-2.316163478448133,-2.4743476558478177,-2.7999518411406377,-5.238556241979001,-4.10555055757109,-2.3184127644143673,-0.5868678770741852,3.000694116525822,7.589967951596798,5.18148569760263,4.725534590840574,3.4819171102015423,4.233633880901635,5.295966090518559,5.51927913523269,2.1429590739248985,1.472818824786236,2.472133459530389,0.3307350236539415,-0.37794595705697226,-1.1067409232197003,-2.7740267688145774,-2.698709506712172,-2.755976191041202,-3.9916875382984487,-3.597668547441068,-2.7665565634018985,-3.648985034763761,3.3878908019030356,7.638888729683447,6.3297929602114245,5.634152850197646
2.5450096059564027,1.0058219995316695,-0.7450740097875965,-4.212205163132136,-1.7027693355131832,-5.638762795303814,-0.8068887685207586,-3.2216926904840117,4.017502063679271,3.1656621296897187,4.809503225676239,5.681793507143824,4.6402058035038065,3.9008719887380914,3.9592358812641923,3.7525822377804507,5.04408704406851,1.972453542815395,2.257030917171922,0.8305839247047624,-0.768383676355809,-1.8536235460909316,-2.3576030422428285,-2.7002112554117983,-4.073995215725524,-4.4752379392996104,-3.521920790854588,-3.6330874773281394,-3.5457921790481035,2.811177563865814,7.84687894619737,6.942946704709428,6.009696331473907,4.96440202428259
2.851189345602994,1.6173594902679802,-0.24643618666142147,-2.6075484823719113,-3.915160885410267,-2.594185653230722,-2.641326852628484,2.7649353453357475,1.0721743174540979,0.5940610662906041,6.092434947192055,5.673530581101497,4.37411175925452,4.393063677958062,5.372957321903445,3.1577662336632693,3.970426523771841,3.602423697087879,2.2043247124594525,1.1747814986742933,0.5372281934490608,-0.3917927773477295,-0.9289077767487558,-2.930111762081642,0.0036729703704931893,-3.4866547434686224,-1.3688672062326401,3.1163914718722525,5.394948685794385,7.914323277774436,7.1252332765564494,5.403212502937492,4.990247012646132,4.479951698724257
3.725384454025465,2.6860320927947177,0.31075259970235203,-1.1608571171472806,-3.983080053773602,-6.539079876918181,0.12981553172015187,-8.056316221774923,-0.19584811886870976,-0.757776793763761,3.933469910839564,0.16254927325511428,3.924695143244315,4.1414207489306145,5.586604088659684,5.215895339441932,3.9419095833860895,1.9827311312919307,1.0642850781803659,1.0778641540022678,0.3438567242980207,1.5795162143248815,2.214891308527548,0.5473384494886406,1.1638323497731475,1.5236631066227904,4.2375460073803675,5.762952339036855,7.216426659120179,2.891977247644532,2.952487175441832,4.0908384328104015,4.542966841436833,3.6126775122747077
4.216233334065145,2.6641920445626632,0.6750984375952105,-0.6167891857915545,-1.6471583081275525,-2.8697981837939817,-2.1181754729453375,-2.916548977655212,0.4869231201282393,4.796393093802371,5.781438519608828,6.731028532323063,5.352518365789442,3.7343648901772566,5.108381241367994,5.420819185609245,3.7540464410903374,3.445402029628961,2.3682144329366794,0.25168929060317907,3.8655297364167973,2.013603286952222,2.1324240025145405,1.2280647995353675,1.9833095525391269,3.520683064344264,4.194433176549668,3.2666874416887595,2.3616095911709847,3.4744168891148774,2.1603080126725906,2.075417285833165,4.708470524450316,4.133448816925932
3.590245668261271,3.067585528309105,1.0190853481463846,-0.4420845293892102,-1.2944242978723821,-0.9593269892830382,-2.3565245393206786,0.9941276409943176,-4.376663017967701,4.944227195310629,7.927818712986576,7.200656184961257,4.746718755280863,3.9710319735126087,3.6947228226701014,2.834862821778837,2.4883168881728004,4.116498840801364,4.72153644323969,2.166336310643915,1.351530413179184,2.786209501437837,1.836983765157715,2.0910930277985553,3.0706412000809196,4.149974019865988,2.9211562906045065,2.8557992486159987,1.6138152984061487,1.8312053529653671,1.9276896867982956,1.966082829483286,2.5867219795432823,1.667663299903073
4.337811608868248,4.068797897375996,2.043850916131897,-0.07968556895914079,-0.4259935388956789,-0.5670746672942734,-1.2574274426872833,1.0215825613555836,-1.130740627850812,5.076353932833314,8.55898569189868,7.418319757952055,4.541964944059039,3.8433899139693652,2.478881342915803,2.6565863604483293,3.1032943159675113,2.745021714648465,2.3245548016782385,2.3815056022638887,1.217296968451481,1.73395335014276,2.220825284261847,3.034510136232057,2.07670691143063,2.6102286444223766,2.333271996845206,1.4234899328274193,1.6951683807509523,1.5241655741211593,1.186137513359347,1.768328669949552,2.202233130897037,2.406114331171488
4.437907401478059,3.9208911125061454,1.601501682205019,-0.22227171904532406,-0.4522561886342674,2.7430532670710783,-0.0008063146880954997,6.8290433770938055,8.716408611691932,4.883785934795594,6.343438508707291,7.288720306369704,4.227316692761044,3.6388143934228556,2.0406857557865035,2.2572215092020675,1.8955791114661462,2.3970445317319,2.563308217990212,1.778456018403728,1.8937860496769887,1.7145955321083335,1.5242296799790498,3.5595034066595472,1.2926478707591589,1.5431115111231923,1.4956520131596407,0.8412762090359749,1.3179667722415624,1.4205274120676625,1.1817074395890348,1.0086894258295371,0.9404298284770974,1.026789995572851
3.948266749466922,3.5973118501220394,1.5712162178091695,-0.020480838974223637,0.8860759855816697,0.14020133520330055,4.884610992663626,5.173939956951097,5.899888799074708,3.2748088490342377,3.7337258151980683,4.119288873780192,2.23410787253241,2.0032505268504908,1.5271843420381028,1.6280819106992988,1.60826342492773,1.424150079847188,2.4589443721741957,1.7857044897743366,2.3182877505915416,1.8207727211046645,1.2104192774162736,1.1372866185515278,1.0165351766778583,1.1154730346588444,0.9026028492680954,1.0795938412369828,1.40003092980785,2.642560190421073,1.148494615791233,0.6675215342832257,0.9574495781738878,0.420993177891381
3.508911383830702,3.5527705110688057,1.9964629567299021,0.23453449592794287,3.906957929776306,-0.7167039995040531,2.7228262713211104,3.054485985784766,3.7014682477058973,3.6208675580190626,3.0327836009989344,4.015022611379778,3.065951036415967,2.2287513697289043,1.3401864087689532,1.153031936596706,0.9768484036089915,1.3941666349713377,2.180946977736132,1.1272973004586178,0.9941730681212465,0.9418370012299497,1.3536063358743178,0.8842399851292642,1.4051085347419843,0.8881464309577682,0.8635690019121287,1.3185157840839974,1.6704365138363062,1.1615650682146983,0.5309871041463653,1.154567626289797,0.8523582146288876,1.2166889500480862
