script/wind10m.json
{"header": {"parameterCategory": 2, "parameterNumber": 2, "lo1": 3.000054539987559, "la1": 64.9999836372058, "dx": 0.5, "dy": 0.25, "nx": 34, "ny": 52, "refTime": "2025-10-15T01:00:00.000Z"}, "data":
[rows 0 to 24 of 52, columns 0 to 33 of 34]
8.880032225517812,8.314077979247186,8.171367108681688,8.147772523668488,8.28343322981464,8.26638979429442,8.485454626218077,8.519522873839968,8.603805933639617,8.644958679909426,8.553100468482674,8.261126304544005,7.988480424583124,8.15939714431608,8.390915617033128,8.459295662665633,7.3700582377245745,7.2757461917467765,3.272319966180455,4.60251225889579,6.079919945457325,5.300704265930145,6.265122619049031,7.912889443705767,6.381518514396469,4.2745237370574305,2.4326983031571583,2.8103507745101566,2.2139833659076893,3.264044419750644,2.323028690038236,1.8762651114326252,1.334446253011318,1.883254680552087
8.187082714955151,8.376353800608136,8.301305175772782,8.126409958092994,7.89986834368971,7.703155871951425,8.01934762678664,8.26336574859206,8.722633320304935,9.131049277439107,9.21181649804361,9.200872137179118,8.76382563749157,9.083983460880937,9.445256356652186,10.748981309221131,10.86672690948445,8.036045043396587,5.04934460698071,10.175754633446239,3.1427139940618667,5.149746860827809,3.842148991844118,10.46294097071757,4.181060110322689,3.6721195260680135,2.700602249238459,-0.16159853214784117,1.620601562595483,3.6798129518898843,2.847656652020998,2.1537406625156597,-0.12652840494876724,2.208581893656048
8.890416178225047,8.651196399403283,8.514496934774254,8.106146644250892,8.423978091400482,8.256705549044167,8.470192766690568,8.518180215423712,8.836552934311996,9.496585277429174,10.23451169130337,10.557027221705644,10.980763663005739,11.195647856295764,11.220283678234006,11.45745411634756,5.844911528348423,2.4029169227856957,2.6056631014627722,3.665924548149554,7.931802527073214,5.118024922978612,5.050146656319816,7.799193391682815,4.382610260377148,3.2173755592482935,2.231703528542926,2.3274479852019536,1.9555423338481206,1.827715339724084,3.875740428507278,2.8469327938882127,2.2915714340100846,1.4662728372817295
8.690771393092266,8.920861057417296,9.35850633741013,9.247060545291541,9.033035266861107,8.998695159640896,8.935871569349406,9.152815723977286,9.818927848042465,9.962857125934844,10.681328051532347,11.055311481182482,11.931707902159763,12.191863492846487,10.854353459010957,7.644273726003095,4.324364029707079,2.895244417422462,5.672588233450373,2.1647278779015373,7.032592665181889,7.181352551325538,8.95887639154816,4.64602173430118,3.446487110191287,4.40968709547148,2.9755898270686596,2.0229773492887233,-0.5288799974069036,1.2940499176544178,3.0366716549635195,3.4282543086473023,2.982395923466383,1.3628411447319189
8.364423541384108,8.424062998160354,9.106724259448503,9.193436294027011,9.651715535695574,8.823310223962563,8.605092193726938,8.037785274060141,8.735434756224715,9.275082562473564,9.480580093691916,10.19995540142595,10.830046095237352,10.285287972966385,5.37655954841032,4.5536416474767,4.203806202086722,2.1587848816417696,5.119036584073478,11.530803683130795,8.9324570531685,14.57848797481428,3.913348484067468,6.442053373961861,3.713174107406901,2.923634877277577,1.7477594214171823,-0.3767508516872202,3.4564171304664297,2.397006028980625,2.3634605195789935,2.551454928302648,3.585634037213929,2.1194835042414204
8.20986528815966,7.452032976118497,8.554027286746779,8.733845690419242,9.148311138702889,9.527053338536797,9.286466553080201,8.439554530913364,8.19768905634176,9.407962823526173,8.987329001228282,10.0392473884125,8.733288603937106,9.533968459139496,3.3620391964533938,3.995099819137568,2.6541119781425744,3.3552498016908894,8.713985693484972,6.533427450473868,2.699524388209684,6.662198009963825,4.8119530048829215,3.1201310906766677,3.867242651887434,2.6791291877378463,2.4068427484517967,2.860029328316105,1.0829947612105857,2.720057743831733,2.9647843429907175,-1.251115132905557,0.9671832541001143,1.9998887947704882
8.491691838497436,9.207920320366677,8.204690224439206,9.213579110930539,9.521334904649663,9.33059425510213,9.351154032715176,8.969393953538324,8.200899456012005,7.604820117465421,7.681437917304531,3.288988147317599,5.279392317934512,4.079298023320331,3.1386746375764107,7.129014727005177,3.0667307222866165,4.9009830350398325,9.201268742074175,7.0242751736541,3.862758367459501,3.705164874422347,3.764052951414354,3.586228154086801,3.297787289576749,1.859270511509421,2.7651385637237724,1.964508964489109,1.963909330915096,2.75639182591081,3.052550304934344,0.7516991085051719,2.2792975757946436,0.7631615111128565
8.94091616757982,7.869216938569484,7.858397948769987,8.482460402893103,8.807366791353711,9.061527618376724,8.89793869203669,9.512298450833535,8.699923791406166,8.736215177602961,7.726662825392183,-0.22763860426393498,0.6679062523826179,7.779273198660865,1.4877576549560738,2.9809677026148087,3.2269546410112167,4.806300061706055,7.327123989441226,5.806352721794065,7.319151884954321,4.610312983746161,3.405783404145509,3.9829632315819463,2.8283808373621913,1.878055556759507,2.6045425451875053,2.5229622811228944,2.4748081597248754,2.7098021259130953,2.806008679359954,-0.4077492549300417,2.89939841501796,4.81807430396259
8.80450219789709,8.469727577793588,7.592567530015717,7.747972648324763,7.96170214808765,7.829397917754604,8.18168844999817,8.19152558016614,8.193835201092325,2.760444486373726,0.3656832327699991,0.9532011584258172,3.1249571672643914,4.70504684963555,3.806656143172972,2.8427788560766367,6.500060713834531,7.261151524632117,3.366188524354665,6.697679167651389,8.613162821543908,5.043479245623867,2.2555462225963265,2.420986195148494,2.9787976854717733,2.205526145097002,2.5518508425914335,2.3970456263528344,2.83914968899556,3.115359485697327,2.17386992990389,2.726410799451526,5.385102906227864,6.673736806383089
8.010040562837105,8.149784645090008,7.50284297546341,7.396282977067586,8.335751309293954,8.372948345818868,8.344295361755531,6.236829035110043,3.2631967038891982,1.1088095212727374,1.6850690879069863,1.590286851931192,6.395759281273801,5.468486542434948,0.9433891298572292,6.230433708717656,4.82437954062102,5.912245990609171,6.54956005674187,6.160878827133383,5.5191296326045975,3.3764404257150322,2.2649464238708066,1.9229871245007701,1.7510726997411805,2.639510792485637,2.518651565855907,2.2883577488431586,2.1572583440521633,2.1131819672606165,1.0007819769029873,5.4259381031476925,6.1780483985807715,5.712076145622457
8.280566788986363,8.320220863692096,7.640447797540316,7.429338087661298,7.468617461614442,8.106647066520381,5.654679120505814,3.31999176604595,6.3098330149337665,-1.2525277235737435,7.726654126300553,-1.4302576808860388,2.390475335881131,4.086645139636977,6.475619768517449,4.173372302428615,1.2222263982539356,2.675558628245565,7.3535108219076495,2.6125102897994275,3.2198044213884414,2.6357106459380333,4.916632972290745,1.6688962555378124,0.9547034949218383,1.3757903742911453,1.3544968897469358,2.170964325809915,2.4127121739065895,1.6101908239109375,4.127266843380346,5.1826950691336835,5.527250651203341,5.484187425567174
8.062556039265258,8.356203528570575,7.723928339024224,7.912381862460222,8.130496102124773,2.3912898662088478,1.880422089159518,-0.12229053806884464,-1.5201711968275307,2.5702801062934673,0.2785649908838744,6.048865735150311,0.7022384051894898,-0.10769677497469056,-0.17741552557890758,-0.27925720549038807,2.4179493544602066,5.956708625530555,2.3021223236794515,4.172633815872183,2.9753492465570557,3.076503943594087,0.9578071154240279,2.0831605977417214,1.4466225403246595,0.9231950872831208,1.5554235515955865,2.2664567413100487,2.4522626970799437,2.1422341158279297,6.067715405135027,5.500029476226162,4.583769544532089,5.348661781415671
7.269086793538109,8.290671473866777,8.366952960388728,7.672754867779882,5.00181557943788,1.662260562625479,-0.20796307317697146,2.2294661697258498,1.5269776260586798,5.659017929711462,6.255883627115828,5.550987692235803,2.7289133476682634,6.14054654894162,-0.7543588493156081,3.605614529267076,2.7907112009651334,1.020705854002774,2.163875951278912,1.341485814164658,2.8320274060086237,1.900501851407347,1.9870212512191483,1.986342787099537,2.071812047344497,0.7562922035321096,1.1514942099699952,1.6997031068463022,2.509751800963628,4.179977525962132,5.43808329852841,6.312038647548089,4.498890133073655,4.062774849909906
6.338959091554363,8.009378844656398,7.82394122716289,7.517679507755957,4.601814100558179,3.7815104549893586,5.98203276871497,-0.07881005531105302,0.7421509941581956,4.044443146048431,3.3361460476035236,7.635835747589525,0.6157908754663564,0.5071163543842327,2.5133475116094925,-0.19096368783526013,1.7117117705339335,2.2712519376856446,1.8184026757675626,2.4990808474733304,0.40357034051112717,2.817598152760274,2.4559335315940714,2.398067647438877,1.4588779271901133,1.5560885456289155,2.01430294219625,2.4877561383306954,2.6962057455250528,4.590306079144195,6.550144386871623,5.457888769068248,4.473233129023805,3.6844574774984977
6.107965397927735,7.156492828706776,6.920309913624472,6.530554488543733,3.313155602012901,2.4855777507274075,0.900956919559383,5.013576882704526,-0.419804916594448,2.1827398947744405,-0.891428058021918,3.876911232139187,4.401431078625085,0.34030612399605364,1.9564898560261186,1.0324182478833344,1.040889228089368,2.043204470820501,0.46040277479055436,-0.1406374323573248,1.6251121273424929,1.5508425829124668,-0.011593959331015377,1.8161125286368183,1.8203782498572922,1.336871601385643,1.056077789598168,1.8866234018694485,1.6852357006334353,4.861534449425714,6.663501298625645,5.28826454024873,4.115345477324052,3.5507306138735126
5.501903045617892,5.683227094917412,5.972904749833436,6.167856707677838,2.151082973834328,2.037422050099498,3.7183487935347728,1.0505896169488496,-0.40306749437982825,2.9823325283682216,4.803801454994456,7.901510831843947,2.909239133403356,1.9542323928844592,1.2980896905350998,-1.7779742793112792,2.41738098626769,-0.9264967530874648,-0.042380764026576305,1.1599648783411958,2.2475623058692373,1.8698236034384337,0.6808037781377996,2.223238989196839,-0.07215980821120618,1.5179027935063583,2.0942124415767083,2.270325583432946,1.996948491831958,5.49910692276289,6.260084966568657,5.253178625717494,4.350336167412949,3.704301343231902
5.235628133146624,5.1742618657079,5.6401321519509775,5.602599175425136,0.8981821354355217,1.9182006983654483,5.090730123394142,2.315439946773707,0.3451272851329885,-1.0493481743922966,6.679727549632127,8.899013183482415,2.32296325794846,0.7168196780050661,0.9081714713086784,-0.15372305912400241,-1.6132225712640962,-1.2363529249823504,0.52154084741751,-0.44200336872891743,1.5063643182048851,2.051401786316392,1.3787038367146232,0.7373635989297466,1.498199629522216,0.05973041806240663,2.0978538738244965,1.9999467536512008,1.871127834217684,5.525113059383963,6.3610726195954435,4.537054548075599,4.150535904973409,3.9971772580973557
4.750822137759568,4.94010324462885,5.318929639607677,4.531078059375162,1.1380432390064699,1.424628465206581,2.4520257351007237,-0.481850113491976,6.81830622019928,6.757878364096195,-0.33638130823587553,1.4846467598040867,-1.0419647686854407,2.05102014597611,1.4156346547565146,1.5055442936532892,-0.4757084449518448,0.7031663358661361,-0.27390240812454697,-1.108640540041775,-0.8007409755044497,1.4063052578496626,1.4989643102729255,2.046452614189891,-0.1571059939117552,1.5148457024911774,1.6443411003765198,1.914538064874743,1.9185231154897064,5.098543110966104,5.786691047893325,4.346865871284378,3.4904116017449813,4.050455992356605
4.421579640912488,3.3527598914581382,4.453057833820121,3.019184785999679,1.849383182905356,1.2872220326435864,3.468356606215616,-0.9528744980710773,2.0092019663671516,8.239867174448802,3.7289004252441025,0.5101667430029588,2.2630412343633104,-0.6473433456909818,1.4984891413889831,-0.6811951545176181,0.4317284821066226,0.4467233563543163,0.29146485593078586,0.4605334427082639,1.2939778083053695,1.5358049704033359,1.5479925264470495,1.572656845873265,-0.14585555380645007,2.066262372208661,1.6301822390816252,2.2224877083804913,1.6891191721626795,1.9157767492468794,2.247059955490154,4.568149249812661,3.6642737846546183,4.027558923702132
4.015367223858531,4.067030603916637,4.024551038872687,5.1948022531128775,1.8793766520881205,1.7605141525576287,0.26505460929112745,7.004718454032192,4.151695023119991,3.352230031882607,3.470539730430052,7.33810853147529,-1.0109035169109513,0.5119708799844626,-0.06816729985875587,0.4446480022345027,0.9087722225781992,-0.3140006471305747,0.1626122840296983,0.37318694087698634,-0.40191162230201155,0.20068097491071862,1.1963012892117633,1.270987245785672,-0.5215530887158475,1.0735477774783846,1.6915790992548827,1.3336059986581177,1.5742137770440037,1.5118821677220637,1.773440809166779,1.6540622112015775,4.8597154665721805,1.997201748279627
4.2729754072614785,4.623570838371174,3.1601368626781645,2.5321375296321498,2.6441897072271052,2.173615593447583,0.41576733488367673,0.8264161636878241,-0.09910420437708192,2.3101134085820685,0.5565134810707133,4.182011180685818,1.8012520541983656,-0.2555357363618188,1.2166712122602124,0.3596505514086979,0.2491284181813456,0.3526791804699909,0.8392749960111096,1.0526498724870383,0.9268739748384006,-0.17755937790872123,1.7468349483538124,1.6697448084594937,0.8566914954862246,1.724605803603685,1.591955310472099,1.6737676493580596,1.5026544955587198,2.4973209324523795,2.189237674065956,1.6260722997710313,5.085644160999772,5.3453749105097135
4.731443845977641,4.715717152824746,3.8423399072499516,5.648694246477665,2.5963236374275236,1.394334057062819,1.4359067187127903,-0.9325475633623395,1.6522069064565394,1.549699150841854,2.3084230016792433,3.8864567124942413,0.7262310520460806,2.2256626706472993,0.7072444223048059,1.2858808934849244,-0.379996849033922,-0.42465370007739295,1.0686629743690932,0.773064634839439,1.001301773598308,-0.6432448563075708,1.3450413721028867,1.2385962998602813,1.3677826571153153,1.1942409861692735,1.3151419798792634,1.7588475245415605,2.2083560013452974,2.32892043932446,1.7804230766285851,1.6600925853482171,1.6951123730173847,5.155595126197904
5.93915372247719,5.271160121875876,3.487685071930161,5.169032568483189,3.719495970043036,0.516045842507749,0.41324611717429055,2.568896609661774,3.9915799718624565,1.9297421452405459,-1.9544764633694356,-0.8223334902202944,2.108147414608705,0.5322656484026069,1.7067743016179753,-1.2387075749014573,-0.7659987202644012,-0.21754786272962137,0.2720075114027157,1.1027171384349719,1.4181400682412963,1.0985365340313442,1.1741241369973028,0.6556319014324559,1.7449924429930608,1.4622280781946706,1.5200357112974436,2.9043325339300323,1.968272762290566,1.8336569939568035,2.165652547998975,2.9570885767632147,3.144945164911362,5.178228564174488
5.740377276326064,5.4797864824557365,3.7506071556183733,3.669146758174231,3.562351584776437,2.4455922837930957,1.4650163003833487,1.3786928504401434,3.6685493043697472,-0.5065919432463716,1.370449754622767,-1.5966515925839249,1.5104614064420112,1.104360447203722,1.121262337139068,1.8320084297889987,-0.04881021245365721,-0.9461054778115463,-0.4603957951590963,1.6824007843269868,1.1649364049638073,1.8530852340440274,-0.16986412926336358,0.8982376832683951,1.2801053063836518,1.7847594067837622,1.9973697901997727,2.0397213324242953,1.9217290408559229,1.8059995809120315,2.261392358479878,1.7782417922587173,5.0436149238542916,4.646125875033751
4.8706730073755375,4.072227642571687,3.7702958120948016,3.384460274950261,4.243014802301926,3.4229735319373793,0.7384474817363553,3.0015988211969176,5.303417585573588,3.031012875392622,1.0051473210895827,0.4148994297685225,1.3328581231020629,1.5551742742043475,0.5062877830388018,1.0516636765657086,-0.1848701175930956,0.01923188429880758,1.1630548140525894,1.3747269391303418,1.9055076137945468,3.5522861097350087,0.7142359049737462,1.7526236986808454,1.952331184567548,1.7362657625412363,2.1198570028493777,1.754766311967474,1.7363768250532206,2.2420551657238263,2.076513012271637,3.4151279928549925,3.754216534123902,4.571839192738927
