script/wind10m.json
{"header": {"parameterCategory": 2, "parameterNumber": 3, "lo1": 3.000054539987559, "la1": 64.9999836372058, "dx": 0.5, "dy": 0.25, "nx": 34, "ny": 52, "refTime": "2025-03-11T02:00:00.000Z"}, "data":
[rows 24 to 47 of 52, columns 0 to 33 of 34]
-14.056387784321734,-13.685047725051636,-11.768150063105164,-2.9700187463990586,3.1546729096815356,0.5908618191530193,-0.37824929986555134,0.39919560539034865,0.548727559465349,-0.5874905266458265,-2.1366334597387775,-1.3509654487411238,-2.2646574394773795,-2.543738997092704,-3.8400370969448567,-7.801094353465492,-3.638729419653407,-1.461182772142967,-1.4086717801181317,-2.012947687525706,-4.161744077068511,-4.7192726737704564,-1.5272545112010296,-1.6632929253697737,-2.385594387067851,-2.5311715622510156,-3.20486375561151,-3.1265319162771905,-3.0206120985927125,-3.896948749580991,-4.075649445074061,-8.360179066698743,-11.731431152168149,-10.631773178482131
-13.701729431604443,-13.434626411606878,-10.631069498984436,-1.2095433123608552,3.764666250373189,1.8187737505001376,-0.23998684237670231,-1.4461002026031071,-1.9366342463382722,-1.6090181420296323,-1.665875791097826,-1.7607806639253085,-2.2166475872019267,-7.738844258829028,-7.8792773504097084,-6.862802415451663,-4.899649717902159,-1.4289967139791833,-1.6026691392197323,-3.175116290900485,-4.6873911911554105,-3.2495318441150736,-1.3614503013606376,-1.879568248987274,-2.061101452992006,-2.363055909523213,-2.541362026830281,-2.4354823110624855,-3.429024206002167,-5.507673601734903,-8.469636709330114,-10.408210460160685,-11.343563545693602,-11.048788108108027
-13.45445786383501,-12.907488982714316,-10.004576715569982,2.348684817703952,4.504419913383314,1.9154235982827743,-1.2511832758013113,-0.8519856401785585,-1.2719751269462447,-1.5764915742418886,-2.0107297832032627,-2.152959469111705,-7.007978331877316,-8.211856277394517,-6.974494395307588,-5.897499422565486,-3.4449209093336055,-1.120996932906443,-1.5318069563948091,-5.296362130171566,-2.503730243999226,-1.7978119845091955,-1.069967353093455,-4.336470093674626,-2.682827790121573,-2.227008249925351,-2.358529980693719,-2.7429278614959967,-5.646911668803354,-8.269912035999091,-9.486478617749237,-11.289653450370999,-11.513229456151832,-11.362000622437472
-13.380113564706116,-12.398657624891213,-8.512365923681227,1.1407572597709341,4.667403390431451,1.1537668850277072,-0.3112643934467746,-0.4853422670456986,-1.1694138762019912,-1.7198887394894689,-1.875722977426259,-7.154567692294167,-8.483703043870195,-7.5993212914551185,-6.987380371288397,-5.744148707151159,-4.248141903125914,-2.2636664816009198,-1.58165485657214,-1.5846916570818965,-2.9552332313966145,-1.3121698966034263,-1.5642964720027484,-4.385643689084895,-1.6900064598750233,-2.1499273118830864,-1.839395835052111,-1.9473105688516257,-6.473243794967414,-9.3894762364669,-10.386993758489249,-11.17941905562575,-11.316264179225392,-11.785904652729172
-12.983116323698711,-12.206413373072381,-10.004487844062986,0.8395140928804713,3.235190251932075,3.6741482830719163,1.3861742464589253,-1.5706258347104005,-1.3452320533107938,-1.6763752075086196,-6.387088374004225,-8.00132672338676,-7.547561358724315,-7.368921612645842,-6.4800720699887915,-5.75890201293358,-6.370402882754363,-2.747749041148841,-1.706416314273533,-1.5157912552293342,-1.3988710856131605,-1.6494726381075293,-2.1407462340771897,-1.1560418455139314,-1.3662803489752642,-1.5558225233536795,-1.9660797489199864,-2.512414470290328,-9.337992835553331,-9.665248019931456,-10.729388039211997,-10.637656230047755,-9.71919585015537,-10.913046014221717
-12.683794738151432,-11.53831832711539,-7.956864348648538,-1.492835156027339,2.7884974783034133,0.26815431686757096,-1.4366025947975132,-3.623947589164417,-4.48039655283911,-5.8305103584975235,-6.811235729833041,-6.881428432116918,-7.37661818425299,-6.260083195822577,-5.83229576064188,-5.437777520649112,-5.721186640620623,-5.045711966991789,-2.4193453194900254,-1.6234259104662865,-1.9626986219972062,-2.0069338120509412,-2.3599660435552816,-1.5454670285092318,-2.0352599149407387,-2.229992745544997,-2.3795274510596336,-2.7908153375625826,-10.327588026574457,-10.917033575180453,-11.372640390804703,-5.213775004747387,-9.226875013491433,-11.571388059209884
-12.451000157460314,-11.146164925110464,-8.20283322039513,-4.2000936950847745,0.8598300651536216,-0.8771100920939118,-2.2044338223128093,-2.8704278481455905,-4.174840828254108,-5.781776088345171,-6.503584018296138,-6.494898092871623,-5.443855231498797,-5.264896105524429,-2.583391410521888,-5.4379069141691865,-6.271870638095242,-6.034209515503483,-1.3279849134184083,-1.4524895011459,-1.1175815390305985,-1.3726332565979928,-1.845424684469555,-2.02363625156471,-2.2023543346453107,-2.154913899402124,-2.27721479005052,-3.100519226118994,-10.762231839910175,-11.846348105513943,-12.472798241470828,-3.838637033728105,-11.688807261970899,-11.233824689409794
-12.447989733174257,-10.804522262988272,-7.5463817967578795,-5.808259671252013,-5.981417449611088,-1.7569549355780971,-1.4517201980929992,-2.034226099200733,-3.4708415075306944,-5.29968958579737,-5.600484360430703,-4.970893559837515,-5.519533833161888,-4.6221321824101125,-2.8124631120480306,-4.020823276140791,-2.311110770447764,-3.762911426926065,-3.3803845950617224,-0.898113442216864,-1.0820666327563302,-1.464223153240459,-1.512313236093259,-1.7555701437837024,-2.1761764789888947,-2.1556177136144874,-2.3302518548154407,-7.606223500623471,-4.502249661364341,-12.617427755190157,-9.194609007384225,-4.7038015943348945,-12.00393183455129,-10.771421671359995
-11.715141292611388,-9.74042435326034,-8.140754893288777,-6.060844737635146,-5.242215960957775,-1.829540606704558,-0.5638861702885858,-1.1559638756453436,-2.571524136376255,-3.306873392377825,-3.9935862926468135,-1.5611469546724814,-3.7120189997373054,-3.2147173386474694,-2.418546578048415,-4.360831137668445,-4.347120111697698,-3.8374324313413735,-2.006229504691382,-1.0007895755547889,-1.0115619352736904,-1.3565916164415786,-2.176334002231881,-1.869293966686447,-2.017261181825222,-2.3747273222889036,-3.306901452871903,-8.769185452942205,-13.307811658768152,-14.000307294496542,-8.112876646584022,-11.401959868434645,-11.130198875938339,-10.747896302512453
-11.201599552041156,-9.127851222769195,-8.07256408779267,-6.71805097027572,-5.9241670774887565,-5.09348454020215,-0.9908371829681546,-0.5283467843222317,-2.460542737452358,-3.5939061062907864,-2.2876483431007237,-3.2629481218098255,-3.0396767937037685,-2.240454343249833,-2.383459897524815,-4.643147788313172,-4.792643677954006,-4.355396482209035,-4.426305296616133,-2.1657975433520593,-0.8166192649801722,-1.5583141274327257,-1.7881716139432475,-2.0266135269513366,-1.9435256909206455,-2.518835788576802,-3.0956505932269955,-10.632229220562671,-13.615354069024065,-12.08474046625626,-6.428981871971328,-11.660291826241611,-10.870777432310126,-10.538110117584576
-10.527814783334147,-9.099705473679219,-7.790518272735607,-6.887479770855911,-6.56145309135174,-5.856227607811207,-5.600190501034804,-1.1718300168559657,-3.262801991546846,-2.4146360314450233,-2.4666284661267808,-2.514416174756514,-1.8965432563286049,-2.0705384271603293,-2.648903783023173,-2.292534831645979,-3.4333402318995976,-4.1588427403476205,-4.04693585169407,-2.972786735888648,-0.8294563444149362,-0.8355993394455717,-1.4769362889842061,-1.6221587200701708,-2.0582013863557282,-2.3755832850802117,-3.5423276066896188,-6.388230128184127,-13.33353576708697,-10.586110094060501,-9.913143249461847,-10.348901113408623,-10.311833592292555,-9.84043682518396
-10.282337554372232,-8.902505763523846,-7.748431321172461,-7.095914285400649,-6.2702711902833475,-5.900460156582537,-4.421344630489413,-2.5083468290896804,-3.534498024032852,-3.3936521517174674,-1.9142341254982178,-1.3434446774202777,-1.9913380140905048,-1.6020751915446736,-2.6476800146996147,-2.7841456702730416,-4.147910375134407,-4.110558116536006,-3.1626503968234982,-1.376497314199165,-0.9449401458148149,-1.2983573202048972,-1.3558828341397355,-1.5645311378446816,-1.7633705462836362,-2.581220859147221,-4.60538440816571,-11.389290809013938,-12.681019056455078,-7.199661144382171,-10.474986186877489,-10.270709344231918,-9.865919706332663,-9.384298591572616
-9.83495386956176,-9.12568932765385,-8.081854413467152,-7.266617138666186,-6.701215403421159,-6.4794635039789465,-4.536314799856115,-4.081384942809602,-3.518123043343498,-3.6502053736618074,-3.087653456851014,-1.1908827878338093,-1.3476788330459524,-1.2833348727377085,-3.1485831723044013,-4.0899676939151,-3.3284492265314123,-1.8625255949305257,-0.6376457801614288,-1.2979129692870621,-0.9036909734187922,-0.9936408227423482,-1.562845904837209,-3.302252235926929,-5.013312953324845,-5.854169501610291,-13.005128522037177,-13.198591032797923,-11.340044897877933,-9.755213017986195,-9.070131824306463,-9.547713448033367,-9.39227491446793,-7.185287219239691
-9.538633828106946,-8.719058326418327,-8.262038241534114,-7.615586331967912,-6.959674715917764,-6.797425864498155,-5.278299715210407,-6.103601635044281,-3.8974998997003447,-3.883433869509673,-3.7473290418667515,-1.7396077623622397,-1.5485449530749351,-1.7223334820884066,-3.271626710501756,-4.526842173643925,-4.70423697061298,0.03742004449198282,-0.4669367347077938,-0.8620427362306611,-0.20772753730636687,-1.1536524042502045,-1.2970547204789316,-3.1374560357093633,-4.9773652904912025,-6.904306093614773,-11.800769975722533,-12.30821862965183,-8.940566359463753,-8.709959560549533,-7.749828059707338,-8.205006673660238,-6.387083763511922,-4.825865519231043
-8.62978562569318,-8.203807100959882,-8.089225666747557,-8.418639332862003,-7.792084349430509,-7.013094830857607,-6.64988547171597,-6.820109281205393,-4.660488048480571,-4.456729494639267,-3.40467310890592,-1.3024654723664928,-1.7615409804763544,-2.081069035147929,-2.5561661040392023,-5.112989516678193,-4.327463994594321,-1.4651359691335413,-1.1849999622447738,-1.1308412402559926,-1.0750400202847636,-0.9011391384688331,-1.5031966134420223,-4.3915372652697515,-5.2520601964947105,-7.679897499378579,-9.199028767267443,-10.799314952071319,-9.465124444437542,-7.46093300891945,-6.759776546696769,-5.765139326624614,-3.660842298219642,-1.779693761609263
-9.150550182440726,-9.00472719781054,-9.041738984313659,-8.77047970179839,-8.223846047176522,-6.58116182578309,-6.239362802775342,-5.081173494419316,-4.820548414557149,-3.960967179336967,-3.5301788169378336,-1.6785901696344132,-1.6360846425345392,-1.9365417903049467,-2.227142208670744,-2.9855228980781088,-5.171865654163404,-2.0815700852399788,-1.5161651760967592,-2.1629314351373172,-1.2799022709173413,-2.244922354289165,-2.3483824689198616,-4.371239323833489,-5.8684304979439235,-10.24054814050197,-10.737177365379733,-7.265831324449047,-7.272828829414985,-5.989675178864359,-5.048796960660465,-1.0175771672804517,0.32555602711062837,-0.6001694007413962
-9.649886319165715,-9.409785237810812,-8.958001027366215,-9.165409808608832,-8.07057908222236,-6.926908615095763,-6.649286487865145,-5.458554057118129,-5.502732719467259,-3.710956616367941,-3.7287492479682602,-2.7702468160544966,-1.1822953455099472,-0.4384454286417964,-1.0891653118827236,-0.9826255762802458,-3.3606234365769683,-1.7215861739039249,-1.1794427150370188,-1.089619091850583,-2.3616054180810284,-1.6279518257080219,-1.7794206578115792,-4.075542093982304,-2.6863097572403745,-10.018055972239537,-9.866399464760567,-7.321093676552275,-5.103952729950912,-4.958599485753309,-0.06367268528811298,-0.7291674863596055,-1.2153216014719905,-1.9118496098034312
-9.882113849524085,-9.621234136460096,-9.62731703722738,-9.031353821085975,-7.807308443665463,-6.848765402794878,-5.7652969846127835,-5.742486334294656,-5.282034666930249,-4.411134700875785,-3.8927888642855195,-2.7219975465746113,-0.7053563782133764,-0.4795997549052044,-0.8834025832426734,0.15638960041873026,-3.530239093360975,-3.115426905563703,-0.7576618976926236,-2.0049941542578105,-1.297064435095631,-2.3675028051631513,-0.7811746034272691,-4.199006884011915,-7.362223202722789,-8.981048603806583,-8.038427287392514,-5.524663821555912,-1.56468528985352,0.07647537492618359,0.49170429781004826,-1.1295210848903074,-3.3103076528665905,-4.223513988906042
-9.745125402016392,-9.63115330095112,-9.813153889697643,-8.838282287762596,-7.346589733747284,-7.036496881084077,-5.653369016580181,-5.8887640524937375,-5.176564011311696,-4.211909206392516,-5.687986958933402,-2.9469707892939474,-0.5432823536813439,0.01887834491593453,1.0467595035001453,1.1910349502119566,-2.625495069167805,-1.850225082967912,-1.8625357938600213,-1.061884048197711,-2.155596626567695,-0.43424557393041396,-1.0152725278480652,-3.362590382063733,-7.393995493031781,-8.250246660440817,-6.692095035487991,-1.9387354374241517,-0.1702558778554712,0.08007741201505837,-0.21895458259420578,-0.9854186460760892,-3.8296661857303396,-3.114611549151035
-9.870457148502151,-9.861557405512883,-8.86892897788309,-7.95070539029231,-7.403849119091523,-6.274824948143634,-5.861747325741436,-5.792738072355381,-4.727521047373114,-5.267619433485736,-4.605698023565827,-2.849180073533102,0.2391103014621438,0.957221285269484,1.037069975072101,0.216895069239979,-2.2880463285827,-2.9949768397736602,-1.1878143731566329,-1.0757407379663173,-1.2227096138128666,0.08298684693341095,-1.0362289008489116,-2.161204100601783,-6.712410314026762,-6.281689713323505,-3.574087470176258,-0.9011996138536608,-0.48818034336779653,-0.09571949443484773,-0.59713695350143,-0.8950622139016001,1.8767777699250283,-1.4972170478409075
-10.23937997851713,-8.956164742188253,-8.345759443410632,-8.09175221927865,-7.194877431619054,-6.466068128470175,-5.678798839471727,-5.323810556808425,-3.4900720910718652,-3.6859682303135193,-3.4717049075140136,-0.9945791691612863,1.4527382837345229,0.9055716752542657,0.474595756017293,0.8322523479622779,-1.3844884222859992,-0.36666380129583964,-0.7975272667540658,-0.9996457242477461,-0.323855955062325,0.037893462135421906,-0.5618257335312404,-2.5383371503434264,-1.833658280644624,-3.2265313066558035,-1.5075709333486293,-0.9476573788623718,-0.7910103377055374,-0.6148611720154573,-0.6380818236771344,-0.775908730003799,-0.46698522789226604,-1.0358850079994821
-9.915736735592734,-9.403703098563604,-8.871427364757817,-7.716494942575428,-6.950174991206327,-6.040111012411539,-5.228460144340258,-4.548268665707041,-2.698314577616938,-1.0725378078100143,-1.281390173090275,0.0886956464780219,1.3858178032771193,0.7894728717469284,-0.174731973509116,-1.6412514369898605,-1.058858371840915,-0.2380575020971291,0.3231135686968484,0.39087289648206364,-0.6773395484801249,-1.134909485395741,-1.0266866827434824,-2.406257603754479,-1.138009590206745,-1.6456279010764885,-2.2176126123187774,-0.9105079343773477,-0.635937660448782,-1.1741139620111085,-0.7956331755559136,-0.40336250744952307,-0.9255019073471326,-1.559322202233318
-9.39577369774805,-8.829708167759215,-8.169974424778141,-7.315093669404285,-6.477659370017388,-5.9221255096088115,-5.2245954332277345,-4.22348020639681,-3.5766741937422775,-1.1438815834560156,-0.17956614411625116,0.36518546558073267,0.5373219301662132,0.43313275457612826,-0.04860486464453735,-0.5741702053624604,-1.077631375482042,-0.42150407669558804,-0.12615087386312332,0.2889554757259732,0.049982391557323556,0.0009564977089300308,-0.49005957784208287,-0.8566396192525839,-2.371117686739745,-1.6003304137844252,-1.217799073060411,-1.0965199679526632,-0.9525347057717937,-1.2631552478761723,-1.5169554423514422,-0.6597237869183225,-0.20128005454763928,0.0728061402012517
-9.247884198460511,-8.47398980402757,-7.500575560346702,-6.836809210405388,-5.683620476175092,-5.919823994267062,-3.004520254529869,-2.242174768201468,-2.0412533328928797,-0.17734792989119377,-0.23910980563452106,-0.4959100037996784,-0.6640712505668546,-0.6334549968028275,-0.11317110270081546,-0.618712690761648,-0.17143952195805476,-0.35001987335294293,-0.3275281242759868,-0.5270168906638777,0.08585379440049018,-0.3045070193814476,-0.9286145630730553,-1.2642093362404778,-1.821215971904301,-0.9938258388181935,-1.3488047401689827,-1.2757477634938668,-1.5356320163210415,-1.182550541148636,-0.6526014503409661,-1.051723279577724,-0.6947116045739609,0.5750761732123117
