script/wind150m.json
{"header": {"parameterCategory": 2, "parameterNumber": 3, "lo1": 3.000054539987559, "la1": 64.9999836372058, "dx": 0.5, "dy": 0.25, "nx": 34, "ny": 52, "refTime": "2026-01-13T11:00:00.000Z"}, "data":
[rows 0 to 24 of 52, columns 0 to 33 of 34]
17.22904314981841,16.683657422311054,19.919064196928613,20.02658850435705,18.554864212666136,17.42168115075633,15.90367821474746,13.558112926437014,10.932763625418387,11.424045522000597,11.932086740194608,11.754165654953116,11.718845833715006,10.662316396312573,11.421088644915084,13.86492994918604,11.049869581578214,9.379618983963871,12.431031874173643,27.441974818104235,10.25502007751556,4.898349330352706,6.178065890034579,12.311296273611564,8.511751257641645,1.4496045603112444,6.457786127519949,8.037397452757494,4.04617880024474,8.4345187903662,7.1513426784521466,5.900148831958866,7.686480202172664,5.129871168851079
16.576513063344628,16.85528617250098,20.60597980893612,19.485890502139103,17.96394878883021,17.092357208744467,15.020279587404943,12.598857059194087,10.21139244385778,10.55498636050621,11.497528250644708,12.262494647227086,12.007542815519638,10.500976495784093,11.525421329573186,12.36294293121221,14.010665006694609,9.877716289167514,15.574229750056588,7.664113799942777,11.340538461346165,7.939963275575604,6.659824699438314,8.59738659263953,2.781184899054245,4.228210820351245,4.2024981051828005,4.671650603569721,7.533749704487456,7.2635013204475705,7.705682620508376,8.589283180788252,6.868410430122421,7.8989073337613345
14.241117977508292,19.155686142448307,20.04187859961268,18.644662296638067,17.46703647578845,15.313782755126226,13.62806452886965,11.524240200960207,10.064315096468288,10.585395417012577,10.147934298440799,11.08565395917074,12.012488796505599,12.163985350229561,11.480570937345433,11.17349118550679,11.168028507835464,8.786130334198429,3.162698941649273,7.7518117206923405,5.575383308098052,8.937804316193375,5.100534382040849,10.023563017006524,7.637688607097055,4.131912812317871,6.126608865511122,6.411007324308731,6.194752566196736,7.388468381788501,9.956232312466767,9.596707733785728,6.953823055577504,8.212717702885866
14.449928005683923,20.91586910102368,19.42588561177637,18.21109042073999,16.828354081812197,13.941037911085727,13.296290706968325,10.838029325421477,9.613258062527946,8.265776377236017,8.257668912621753,10.607694727271403,11.280891679958442,11.725057657734816,9.24641462322487,14.384168965298608,5.521964441706667,11.133713619721643,13.349806048306213,7.723669845018006,18.881897022477833,8.97503183841197,13.049066261393076,7.636634470880639,5.440288027853243,5.213267966951184,6.046813827628515,6.0087636367806,6.870386011876126,6.291111102673575,4.808900450449198,5.821525526836091,8.59584231437712,7.306848247600983
17.945828086933492,19.107312192914396,19.058969244730523,17.743710704429365,15.734473675574888,14.667203339252213,12.38692712016022,11.605136538709727,7.988069517816998,6.778896466423044,6.623137743214797,7.756128957701848,11.252087503244342,9.664974429173272,8.474851184515751,14.10663969105702,11.947339713426382,4.665261138277699,10.694470239677345,7.655831650660079,18.855091164004207,9.95091182459846,6.974318602735346,8.300858601089265,6.581666821484085,7.474684463337724,7.30319094415308,7.078572941517807,6.729789406505194,5.187657675680456,5.326671010167389,8.171853934728418,5.614483680231688,5.285908749404396
18.64117086959754,19.777235948126588,18.41065313235746,17.458724790373076,16.77379723201928,14.259659717127695,12.628851031551346,10.796985328509866,7.296737208388425,6.056883832401834,5.497222390423421,6.137724060289867,6.649932833827596,10.158414099842192,4.083800918763718,8.890570273662409,4.36690544052894,2.697801242683007,15.509141872149394,12.160956699567999,5.622191417338736,6.1393676425273656,8.065101813225725,6.731383244556559,5.927547095394887,5.909415458299253,6.801654153854413,7.430058966808863,6.272688548983282,6.800320881061324,6.1674114728835265,5.0490231720882,4.182110694102028,4.218301612848781
19.819951027040606,19.59378839183386,18.882939187664288,17.391363808167863,16.25870911265391,13.177184753682337,12.016235981069784,6.971537903238231,5.821892906915254,8.70729070220436,8.244949837352829,5.904218214222937,6.411959245414887,7.886837906091124,7.27850173690758,4.4813296826670435,6.1375533472803125,16.075390700041606,14.968181873855817,8.975811288095544,3.938124905815163,4.60429938365902,7.728755363516945,7.872112310278604,8.474265388614198,7.102769695796438,8.089841861348495,7.828106217441892,7.302473952795552,7.312692223607556,3.9485255881965493,5.523905975916125,3.730816047741903,2.6463168375839174
20.225861664386176,19.70170535766015,18.786101337512434,17.49121364423874,15.480671696512058,11.791678615126214,8.608654420140015,8.778462702472824,8.21389151618321,9.399840227249328,10.909302631768561,7.598145190841088,2.2979901084811827,5.032625393205602,9.572778092087976,19.744175501789773,6.680737671411467,19.701321420379887,20.382038246210055,7.764551304384718,7.419391322904227,4.968645738772011,6.690297853169683,7.162842768359095,6.248119701346917,7.092220825707202,7.245493427415965,9.557895401418271,5.827840216679328,4.317604382448405,5.891912841687261,3.444236501072137,6.627033831592336,7.064447955686553
19.47183424795042,19.782884801649566,18.156016737178103,17.978972617016062,15.136284980955903,9.969330286473097,5.396778452987297,5.645833292706816,11.125389194033858,5.611233913002347,10.628298092474894,0.412907054526534,3.889144542394633,8.864089861185542,22.355252337799055,5.256800423213318,12.564065959027133,27.537735411811465,14.416632175224978,15.6634870193774,26.390975118931816,14.464347560990127,10.70152306064306,8.594844627474252,8.086297667195248,7.938849847202165,8.185022878353182,6.645351932574967,7.400952730687512,5.983215172300184,4.321305683924231,9.40287945133945,9.218861523420314,7.978876415076101
20.07187018872548,21.196659286451716,18.602922796387052,17.261482509985765,13.284097203163773,9.586317454374107,6.58994689731568,7.228268862795751,6.398513269991575,-0.8070467990008634,7.059005131483841,15.823912059337188,11.364213386178,14.040933443183576,15.632160811123917,24.346184451964874,15.666586743303377,14.220386980333817,9.048445666144577,7.9067676334896735,13.13407072981601,8.433665043313313,6.171195646479673,8.743456901858643,6.959637992122989,8.292054068064251,9.036645867633599,9.293302196739464,8.903028228225699,5.514194325413548,2.5289004533680637,10.163909517404809,9.314888382702556,8.191846342474804
20.261784446327436,20.29421488508977,17.221806362816555,15.482455548133705,11.440670583347213,3.3496286826476633,3.626545461577878,-0.07561432501911533,7.170930665214764,7.567840172107474,13.636060116745458,17.291374417096947,12.626762291317162,9.092755449619187,18.34325575596597,13.695194214523967,10.546142795698632,11.71727079336426,11.493731605804008,7.628049710247453,7.796291519965263,6.080230039799836,10.385043775241636,6.779108949087638,9.357155423543142,4.335074658030445,3.052525892497466,8.285599776383528,5.184912559132734,3.5946051152001215,10.542394069717801,9.044553512477677,8.389172936640525,7.8516561669165315
19.773489068427697,18.266283480399405,16.58888196401055,12.916734649952488,10.409916512991986,4.049696647436649,8.774564670914566,6.373124397518651,4.221422565281588,14.888772904215472,2.0342231869479397,6.57158638331428,10.819042240241549,4.732624098947754,10.273313132732289,8.759500737982226,15.476768777724915,17.350802361934342,15.075871571731922,11.56366063337383,11.428959186672905,7.495148370449084,6.445823129776632,9.535631923616108,7.010407779545092,6.555746643937252,8.105892648381266,6.522389060067778,5.6213177849019855,6.617893397443611,7.87990389851253,7.732151963132788,7.433958122816571,7.283432790923711
19.61619435000628,15.845175105557345,14.39759519681162,12.43320510591044,10.151964439636112,7.364012369966233,6.466194849929388,-1.794330116828044,10.346629043355511,3.033962614740475,4.946521632713701,10.88451230972302,15.293638977110248,20.425841606699404,16.889436850258264,23.00311401407086,13.41821187358263,8.461498705807202,8.810917349778258,6.458817063432488,9.226212566243728,8.639177466145435,8.794622409382272,7.610496342168298,7.4268260833212905,6.31996934783741,5.597845338567226,6.479104735693634,5.249807487700987,6.152268381367918,7.125086925157822,6.52294679450645,6.35658683521547,6.198437866636556
18.98844930273099,15.659792918159807,11.37149790138971,9.90545369347057,8.67591664701372,11.597635583908827,11.504946539272076,5.5673396464730205,21.37320004438539,12.78020988209296,13.121757931318339,8.393348123357592,6.841498618843115,3.948164490563811,8.03058541262056,6.574264612501951,11.702356377052569,7.569926313576315,10.852737677522937,6.473785538907095,6.801580479557613,9.902239014381015,7.346943127510398,7.405029575857329,4.830836407713837,6.1436601521168335,4.09437346606161,4.11252171632442,6.282588687232317,5.660022013747607,6.310634450220795,5.7086145313620795,5.730340285374515,5.956562474407694
17.42427345824195,15.62688899587934,11.650764808225489,9.801001269739082,2.9844368315402603,5.8434761484463245,0.729112637608677,16.30124549204262,4.861679961886394,-0.9503343457387581,2.99706916325735,3.0461471931240323,10.062576597720215,9.980188903515764,7.94114561207094,8.835865343855014,7.070958561538361,8.380208363316441,7.537962974095065,6.664421719002142,7.302786624598212,5.743502299371421,7.175282199712386,5.632456880163177,4.166056636055484,4.122647043019018,4.53544375775443,6.113398832215234,6.304261422002012,5.679271390788885,6.19273659081501,5.453841937233409,5.904342415635214,5.776130979987453
16.36138844915958,15.296578848308496,11.16199623983438,6.189594627177591,6.179121965390026,6.778225656190955,3.636322253940933,5.680171319982148,-3.010233176096499,-3.5683257425633585,4.739742055951837,9.910777979723797,2.2057215437217907,6.854707530549564,2.1906768183138565,6.040568886717445,8.72775512781588,4.179326307046997,5.587153928477884,5.347254136624104,8.130222998910435,6.535763317713596,2.8195420217146197,4.0101972366453404,3.874249037087781,4.4873759021228805,4.757657986994184,4.551575831897118,6.28030855949698,5.354843551765776,5.5857291796655755,5.570281553780187,5.541756036246709,5.65080804083414
16.74909803054573,14.10512776143447,9.294287702784489,5.418053641864441,5.1915235203934005,11.917514257153863,9.828140390734355,18.01552639294603,8.553029138503536,19.0076918051018,12.476027170175376,7.623948373896689,2.3129356887058687,0.4059252231176839,-0.15594832607494571,0.5530753726500784,4.006750941166183,2.4087370404244464,5.150492766425405,1.803584141258984,5.884833912369485,5.53972732829563,4.0250748180923415,3.794538449686775,3.884073929136718,4.569397331128128,4.1491861271791235,5.100902338502973,4.960976080935696,4.380340358201799,4.983274791988375,5.355055237758441,4.961168022610555,5.97155057759186
18.404716624814405,15.667307557609039,12.350247986178926,6.187980157558958,4.014467934328118,1.6781060098629572,9.07053811546468,1.8504896208909398,12.61889940493929,10.110931406904282,4.277835426039967,2.4686241537420237,1.2985601625294845,2.4113770471918587,2.3912340391207088,-0.5629123025314474,-0.07984745274490608,2.7007592244517102,5.648690816430835,4.958169368104373,6.565984135110568,3.205719088158619,3.839179574292363,4.115632889505496,3.722324751281229,2.2988740393602702,2.5201577813173315,2.87355246080751,3.7747770853616633,2.800354953084791,3.8444021031524764,4.454914765371588,4.302654104245362,5.295344075093664
19.444712064834047,17.814054738853326,15.45399959910105,8.975165848683098,2.952620779842707,4.1931301230182845,2.645290699217594,3.5925826559309737,2.5173109504248967,1.6073873365321178,-1.9876002319402681,3.018980746762924,5.646748111141878,4.695650353029128,-0.2442417520486025,0.9615349065908705,0.9654243239071367,2.3924135420282524,2.204708511409022,2.527656890265031,4.023688585900177,4.075950322206135,1.6477146561983858,3.09822861197471,3.1432033918084232,2.2835837234302225,3.977454059934095,2.108908783368943,3.192553680449787,1.5901384005325705,1.9998758594251766,2.994535795082348,3.1517384153096386,4.202808491480191
20.227927361564596,20.625817235217493,18.045702058216275,13.873475087865538,7.670480956447786,4.266062248289553,-7.068975118190222,10.716419813360643,20.23938549989021,7.29168712364586,8.488684331457499,8.276878346524597,2.5289665620325175,6.133945763005723,-1.8673057447384174,3.1445928849492466,-0.5331269449411815,0.2203968030992502,1.5229684507116974,2.1801961471397737,1.3162665052018803,3.733811891086018,5.462740380540373,2.420607197444218,2.675607051080287,2.947206197314938,2.273391243163269,2.356117231721106,2.345905180105936,1.1012848097377035,0.010582027078212404,3.376929506749456,7.477038894374744,4.649581916072752
20.06891400789108,21.383287180314966,20.27992683378295,16.222795174228494,11.132589809868215,11.09675121343547,9.707550776611022,6.939856936595723,16.876785355168114,8.94159162488477,10.289148866910004,4.609960427728358,4.022836453890571,-1.7786004810323324,-1.9556574250516725,0.43601596977951634,-0.55295262990838,3.1402601611384298,1.8524084213579208,1.8760856634873848,1.9873749360569166,1.6976677403849878,3.8446101371507866,3.928319484928906,3.1135365613470163,3.258932673950287,1.2431678531876575,1.2279012464173036,2.388857929099421,2.1161980025970033,1.2366300061051319,2.960557619415712,3.2424598996408296,5.596369192151791
18.66357362761078,19.56959828089756,18.925467022851578,15.74113481455267,10.071925053494887,6.149514867497638,-2.3522037665017046,1.7211296427868081,9.269497775081259,1.704612811377515,3.045973714145592,4.051276583316538,1.7207848128708287,-2.3880262392500735,0.05991555082655192,-3.6441180008422434,0.7086443515082035,2.1747130942783146,1.6023342251335992,2.3459796826125148,1.5138534756635607,3.4267562525768995,2.320202370906379,3.2839094066712144,2.1269339599859696,1.5109924393336311,2.225790378875867,2.3615448017760587,2.695117768779402,2.0333077097243795,2.1720165435826666,2.3316691673457854,4.118417943615652,5.039851875040766
15.067811939876496,20.642271647370983,20.073093003712472,16.309533588482733,11.458595622374629,6.120307283024153,4.899572348986317,-2.040130000935607,14.492754495765592,10.140713043626496,-0.2923780249928815,2.412144132689186,-0.6496444705557006,-2.123669658246272,-2.34262219645979,-1.8510010090021567,1.1666200269633094,2.000853003860848,1.2962924798847175,1.5416824810930267,2.0458300798407287,1.5805458354148527,1.507658324688185,2.2692440892057393,1.2267577608534728,0.7056145227262219,0.7990236995652907,2.085133462535963,2.3259204192223653,3.4840385205812345,3.7610525744869774,3.026757342847525,5.736710916834402,6.017104129528358
8.777644702294179,18.569302929864854,18.876292421435387,16.750482561862658,10.11871543549585,1.412051781847255,2.197864227482353,10.239242965585458,3.72622693848928,1.677013842166065,-3.132063397339735,-0.8155268794358341,-2.0547665243020616,-2.6119388598268003,-5.845884625884209,0.9570619690843334,0.7324380388532155,1.9688958879135965,2.487259234060996,2.6200197952943403,2.2478989231547426,2.057245106314318,2.0969993722865334,2.1340331117141735,0.2403701152073475,0.41254119029906994,1.471566246245718,2.154757216067232,1.951218312316196,2.5597551260665083,3.6518646588658257,4.462244111157659,6.226969521004296,6.468713334471558
10.566057454273468,13.990937344588362,17.67808316960064,16.390802964074943,12.519184371075994,7.223581667190959,5.289421392453124,16.220820017882353,2.4847797141019736,-1.9729207244307958,-2.058208643126582,-4.098667320989326,-3.890382297528784,-4.197954021664954,0.23456544679597183,2.4690905451673344,2.0241879655299346,2.728611533248405,3.277684741972848,3.425515735985831,3.399068430123781,4.470503837933083,2.6954884347827504,2.3548211286962366,2.541177818868087,2.7662336906703087,1.601280754739505,1.080659327033907,2.403224084688315,3.0887904729278963,3.3812352605465095,6.38465501223541,6.7586166857393355,6.519685075752436
