script/wind150m.json
{"header": {"parameterCategory": 2, "parameterNumber": 2, "lo1": 3.000054539987559, "la1": 64.9999836372058, "dx": 0.5, "dy": 0.25, "nx": 34, "ny": 52, "refTime": "2026-01-18T21:00:00.000Z"}, "data":
[rows 0 to 23 of 52, columns 0 to 33 of 34]
-8.4102379750517,-8.708654309439337,-8.696120329683039,-8.559973501014777,-8.368574257843337,-8.17620026000921,-7.809858076753838,-7.977178968962275,-7.56021671506971,-6.783865776585852,-6.733610594888492,-6.996057837146622,-7.115118682263625,-7.735973081917382,-8.004582700604567,-6.154791547488198,-5.4054415589412335,-6.29065674898056,-10.500056521394484,-7.335876557144899,-3.7724273167326214,-2.4047497685401638,-8.907037152567275,-6.075373587781245,-3.4792523513658127,-1.4138010965109482,-1.003671876939688,-0.6598133917835536,0.18454458726864303,-1.7343096462618386,-0.8766148316821253,1.0493359552052226,2.5028774615738025,2.5641946588623545
-8.660185693163198,-8.404622979847497,-8.593920066174178,-8.398738849068172,-8.110369781012606,-7.443631413487573,-7.257765550711973,-6.84760949916912,-6.06863682243839,-6.027482142797628,-5.45724879711067,-5.607921137537454,-5.669000615344589,-6.132105724139005,-7.216213034293381,-7.49693758843162,-7.964566483109546,-5.867006976575863,-12.332499463567151,-8.096171918558825,-12.72913671959792,-7.645856652901322,-2.731836059817909,-6.351698700140618,-1.8232934632503761,-2.5491852006305797,-1.7099331164599842,-2.1540574232362237,-1.061390101847824,-0.2042474840401128,-1.5106840941736583,-0.3193832607202577,0.928906016655883,2.538663485966076
-7.8134490517554,-8.026238437229646,-7.999411307495782,-7.651318090415136,-7.477316595039265,-6.991248334578479,-6.508299532054886,-6.248979023283739,-6.269399076449209,-6.169453981534907,-5.895248802901973,-5.194889003680164,-5.1898923190679485,-5.23100463768571,-5.71006890135325,-5.563018448426865,-8.985464643426749,-13.053987318489112,-9.816504133789193,-9.214000967113293,-8.67077558329678,-2.4045241560456905,-9.456258070198128,-4.892105794258195,-4.5783158001554005,-4.012553474223689,-3.86429284158233,-2.749325161211624,-2.6451913112417063,-1.9761856091242902,0.03245636968229243,-0.8420540359893581,-0.2516742485398101,1.287608934624671
-7.220306503407933,-7.382611143493965,-7.133093073448583,-6.999763995616646,-6.842329585431352,-6.912535135063589,-6.531607331728641,-6.475750883476691,-6.611147637978986,-6.53865126266878,-6.538871897556195,-6.2079409784609645,-5.312009125981748,-3.7774104866468163,-4.48252968396161,-7.219856346582464,-5.037392777028097,-6.63588199889013,-5.983943934302614,-5.333756458595137,-3.644723346717669,-8.008411839279493,-6.684183860526705,-3.644275135981096,-2.659712180162647,-5.0630564998718715,-2.649792651192436,-3.296158783316192,-3.434738566696132,-2.105160417358963,-1.70748194295025,0.5281883639093786,-0.129297546174726,0.6875714664664305
-6.40119677908631,-6.2933268145654875,-6.370490269552245,-6.484905832554412,-6.576318476308405,-6.471862063701819,-6.0550498525388115,-5.521116354244739,-5.658017421310984,-6.469068412559395,-7.483224060192779,-7.109915922666389,-6.672631163943694,-5.153370127404688,-8.77156142446225,-8.534458118787937,-5.077584123024549,-4.804028304100094,-2.91001932594746,-3.7094948706493236,-1.3535858012016178,-3.772334132347865,-1.198278743427985,-5.64312560313824,-3.732444780553274,-4.483253486933509,-4.879702379640892,-4.926907384220236,-3.0501353421566466,-3.248045195700168,-2.6159354629941087,-1.617099497894786,0.017259092070592546,-0.06401575635068395
-6.011694867576851,-5.5884596604754115,-5.953099817813718,-5.614239845617057,-5.456645987474472,-6.222076477972482,-5.355012875552785,-5.025473463578938,-5.7377591368397995,-6.5174767894050785,-6.378361058592846,-6.155142553786766,-6.003105748587608,-6.878902804605576,-6.585619625411951,-7.518923411380401,-3.3541186650613235,-3.8412345547792524,-4.488602774515568,-5.79872845763989,-7.8075178531986325,-6.259967845322607,-4.299901840487425,-5.3515666036064635,-3.8050542824466915,-4.043757192925644,-4.499510747808643,-4.376446019481234,-4.871585095983659,-4.332415638572681,-3.2532418636492095,-1.8757269051521388,-1.2592679831596385,0.10253333837139961
-7.100525569763573,-6.086449091756808,-5.6870885490014365,-5.2209590166786155,-4.785678432319883,-4.997889730537319,-4.808467949150384,-5.3328650014576855,-5.3896532135806705,-4.523743007705181,-4.280657822320729,-4.47386521011906,-3.603838157591993,-6.396467514936045,-8.884635284594548,-4.5338701923330955,-2.051720890307116,-1.6034986425123723,-0.3821069070800982,-6.297604925854122,-6.9711689953021425,-4.85767677154311,-4.412839879483221,-3.8958971674087697,-1.7964666563528742,-3.6487090137011844,-2.4845437352333803,-3.5628963804082754,-4.005549615242455,-4.890745631728637,-3.7678103145392092,-2.3217599301560266,0.1689604683380165,1.7919668818315813
-7.503203470350165,-6.685164010624791,-5.125039772536793,-4.331119004422978,-4.543937178747003,-4.721247527161027,-5.0714088133153545,-5.643951161986254,-5.715876753846443,-3.2934156045207215,-4.082804854460247,-1.8507848880445603,-0.6865448462602124,-3.131132597429501,-3.4362999593513006,-1.7179524556729469,-2.8781048860623533,0.1060241332223251,0.7071464323106293,-0.9591801655739275,0.31924715618732963,-3.0067891335491113,-3.262593013729795,-1.7924862038978724,-2.965869373801768,-4.398129553934535,-4.714651549174883,-3.6174549419284023,-4.339802213228849,-3.9564986134838005,-2.9648616526130875,-1.762434260288708,-0.6832708694059482,0.5599500745662943
-7.8386622312676595,-5.751067130980868,-4.174579192695814,-3.438037840506243,-2.994894883828797,-3.5143882940893043,-3.882093776528335,-4.3491115562952,-3.6906748265842126,-1.1527598089935804,-3.3296393333670435,-4.944118284937527,-2.8009488534874896,-2.1597079953849767,-0.5248903084335084,-3.8436498277673383,-5.985563943059139,3.388383165718047,-5.8523545935906505,-2.046612439254349,3.315180795073737,3.846377039942846,5.196226952456976,0.5267965698347153,-1.6259705838309682,-3.0512211637964977,-3.106128133967572,-2.3376440178424587,-2.024312829756825,-3.0383838008695925,-3.2943384487601306,-1.378486635944787,-1.2651159554657814,-0.8900054509272997
-1.717515969492521,-5.85301598613969,-3.1296777691729156,-2.8556917792753795,-2.27663628656916,-2.2225504255390396,-2.6635075932091175,-0.9380761623871987,-3.6937712974206294,-3.381151198812924,-1.3225481245558102,-0.6568987874639562,-1.89469836117635,1.6313795075292545,-4.888111063474238,-0.8054133524793236,1.092540260797714,-2.893043771164311,-3.3037595533830286,-0.15256956343334985,1.7386947002733257,0.7490085036246873,2.423148363109544,1.1193484071187512,-1.569757658074761,-3.3921326486741377,-3.480858429116424,-3.7319165855850267,-3.6428027665414677,-1.9937164230405346,-0.7389248196775909,0.37348926540022753,0.10253580853369243,0.5248932893131321
-1.8401179674932242,-0.18221942720761908,-4.456945996237784,-2.150570816210541,-2.718450149719977,-2.108459910407723,-0.16366905225104447,-0.3320191138380439,0.21942581676242845,1.3050133962121604,-1.8504353231066792,-4.922092249625667,-0.6775530540596574,4.398366142783326,2.1495736143857274,-3.9474727880512277,1.450754146520943,-3.1060024203722336,-1.583541427835963,-0.6429817077564741,0.29017293226347357,-1.3875668502523104,1.9151007121134591,-0.9133097846299454,-2.168193953528104,-2.197721733886982,-1.6896708228841306,-3.4760478242246498,-2.9984117911351778,-1.3115664164796492,1.1351049030561227,0.7385612000185025,0.5305026619802303,0.5560764661213599
-1.2369905410379332,-0.49325284661975527,-4.122921780201314,-1.845749389367473,-1.320034143800166,-0.15611185695000704,-0.8680433279357784,-0.4069110062721141,0.9265642874569442,-6.579052081429813,-4.947972057328034,-6.371298307181901,-5.9096024523491835,-1.2354802381259185,-0.11646713566843805,-2.4769438918976334,-1.85885584815485,-0.8058157649054902,-0.3454250990814481,-1.7339511275286987,-1.1901685059293672,-1.1471490077516826,-1.3764391670504617,-1.5287419757660141,-0.5286649605738359,-2.0989397766022897,-1.6886981950884747,-1.319457005196212,-0.8708495476240096,0.1005599588350875,1.3954320792755173,1.2668934649081336,1.0323232004943537,0.7342018265656682
-1.4586640155301644,-0.6590279263096916,0.7551903572711378,-1.0316169116361125,1.0771747454503544,0.495391195214621,0.2028281121906138,-1.9146701408025049,-5.881521423177204,-6.686611791552731,-7.61800454523028,-6.767455134599911,-1.3676895203601669,-0.6462046084690396,-1.7396835998294249,1.460693214547905,-1.888713112409596,0.09736721456507248,-2.0145275336866946,-1.8142732456040318,-1.0399424588352462,-0.282810395197597,-1.6107961649253024,-0.5373328591318312,0.5441356109358473,0.639812131537801,-0.38512252806076086,-0.23096269421516272,0.21881192083120873,1.2073058677081379,3.092396272547148,2.780373564993024,1.8206692060034817,1.6176921525179633
-0.6322088996258988,-0.6536774451007593,1.6129521803810982,0.15733998244156733,2.2448885672228176,-3.468489684107853,-1.0190068979788396,1.547719052042535,-10.147722017632399,-2.481939083177101,-2.734151278560657,1.8502654186747043,-3.316767141776272,-4.2098341937357295,-0.7497802870020166,-0.3204110093386922,-0.5841612914678527,-1.1578252889024085,-1.5525832169445701,-0.21895963176094937,-1.8487802059724983,0.14633090706056737,-0.07507628404514506,0.6375596768117244,0.9400813124755528,2.6320997428174975,0.6312521730454438,0.6145281435761311,0.849519102637173,0.9563738170351374,2.080264481956272,2.9087536296712404,3.1849546135311635,2.2383068824514734
-1.2273383331476166,-0.5610382942370613,0.39844170085661823,0.961895836909019,1.0513879879433166,0.0160477671201711,1.0007538743093094,-8.410321559703386,-5.54543889926968,-1.6321416346990454,-1.2047595332168364,-0.4960384667017339,0.7590116547901122,0.7282498330406596,-2.204523645534427,-0.10732037348750355,-0.03440298567469215,-2.224159407740206,-1.0349594186731077,-1.2220325357442572,-0.49860626336486197,-0.9984998732236434,-0.2827029660317666,0.7520422498662042,0.6568259272833604,1.05622128381763,0.12403394556574288,1.0232524455570393,0.5827086502230254,0.4857987972743733,0.6190400734045624,1.2614119706795042,2.3473206625233165,1.5549881644373102
-2.861187082258068,-0.5930815261089097,-0.1434636121695224,-0.47761159952305765,1.166962997982144,-1.254899458569556,-6.3078628483429675,0.7396434220616334,-3.473999162196589,-4.557917872312266,-9.763402617590913,-4.7883193195225076,-1.6081876640999841,-0.19099323305465554,-1.2718510690750884,-1.7214888256558656,-1.4275548245013505,-2.1718445801516397,-1.5753121647080603,-1.5297892088880614,-1.3699877352254577,-1.1061993809642863,-1.4805125913550137,-0.061325837297618785,0.11433492503959135,0.6706288710615288,1.2758128581106578,-0.3121271797202204,0.6147937925918153,0.5888341196259137,0.053161594224149344,0.39723271616950323,1.1755274217659364,1.7835412042872376
-3.570616529559196,-2.434179639076912,-0.5736280635493543,-0.5771551474741623,-0.6469447944126122,0.2013937616184321,-7.041226863025477,-7.229634262571863,-4.203816871374703,-6.452371612240151,-6.852741901453508,-1.555552002612307,-2.48641104633953,-1.410681758695279,-0.04897974273934941,-0.7102664078743356,-2.3065781115792707,-1.4062434891843212,-2.1526953443904033,-0.4464002168760784,-1.248682549030209,-0.6053606704313801,-0.9783030866954106,-1.9281577727093344,-0.652521000169625,-0.4347503004248625,0.915205274617105,0.3079479693921417,0.5281315222736301,2.152706193341277,2.19103810037163,1.1353289290740816,0.07856103435059907,0.48879455690669155
-4.558109472092951,-2.8899566241409342,-1.0779161443252705,0.6102429367867177,0.5620607868283223,-3.1755301250983035,-6.680246353208889,-1.0796605423133494,-8.473861130171214,-8.979417916846938,-5.5588877873454425,-3.534745376877622,-1.6410551063323875,-2.1821342823727012,-1.810222952909502,-2.335524154393005,-2.0334915421918933,-1.5554389459871272,-1.665930797012296,-2.570043033628759,-1.5910142985783076,-1.1425224700505332,-1.1932266123244493,-0.2905931961477375,-1.9230506272007242,-0.8833595968351866,-0.11399161378287762,0.7021287574943937,0.753834558536498,1.014709781914859,2.351927132850557,3.834935214928447,4.551173750531702,1.7549102184761283
-5.535163156924591,-3.851085965476418,-1.026975772792581,-0.35130100376851064,0.6162904563179012,-0.058942556868635865,-3.2764545225118797,-7.2878837306698765,-13.852601891564962,-6.035171520396526,-6.345730264951871,-4.8274824157526135,-4.971753904904877,-0.827933182467189,-0.5749174522506161,-1.4489660612158015,-1.571694670379386,-0.7444728394982663,-1.4263256312555936,-1.8313937506956706,-1.1208439349733759,-1.1048124278560845,-0.854252994264554,-1.3546183750577856,-0.1536048989069575,0.15590648497155582,0.19802461511921926,0.7618833433408261,1.0383138345489635,1.173766982955236,1.4690548012885392,2.55574675774835,4.3660041416161,2.6931890202084654
-6.983438657749517,-4.915968397267903,-0.4267650775028327,-2.209377131769548,-0.8501209223889383,-0.628822470520526,0.043231197353512024,-2.7381253092283657,-8.67838475505933,-7.304102417591527,-4.937109435547635,-4.741966607351332,-2.357682676586872,-2.388596288696354,-2.7101127612710276,-3.680560395977298,-2.886417857484373,-2.5108446535060396,-2.0252453658860348,-2.408942608694313,-1.7046686049454487,-1.8465680276577479,-1.820700311099634,-0.720673944998199,-1.2733142445617267,-0.4061078098057359,-0.2731820589403825,1.2061176637186932,1.1891027574527921,1.0987463527309744,1.4895925749797554,1.1384400271517054,2.9410653058842096,2.188944162053012
-8.16616071464793,-6.580645544545139,-2.9006187543064765,-2.193277501886611,-1.7394798059941174,-0.5238750813958597,-4.70276272314321,0.21522135264263167,-12.279717587290646,-3.9817832428170252,-5.3726398937743225,-5.4774785964600055,-3.9877585480078905,-1.157850774859451,-2.328440471347175,-3.331385192788875,-3.102944789329921,-2.9875938114823484,-3.3410857014946247,-2.859891415664241,-2.9522543549787077,-2.6777482237541963,-2.8698563041034006,-2.0862175289241494,-0.4670012614884154,-0.2212821405364919,0.3751062208466922,0.41047822169148596,0.5959984798346062,0.927801102386036,0.898959014944177,2.129186543204351,1.9160429538632018,2.0735253874467805
-9.063141381327986,-8.087273952308134,-5.528749295281473,-2.999035922756966,-1.4281703235293761,-1.3313085425243507,-5.2587375747987055,-15.459266461810964,-13.414998448557407,-5.356583911765457,-3.0537226189260642,-5.606211557558238,-1.3105789533465921,-2.4316173345872936,-4.083194101730699,-3.155761534964224,-5.183203341852662,-4.016594815436284,-4.034695251686969,-4.209011532932319,-3.977699124844184,-3.3914003874883107,-3.482142746946049,-3.055696622971714,-2.841793407503565,-1.3583839786827945,-1.113827910817343,-0.7482221339823416,0.4150276608345844,0.7477698333701102,0.41011273695050326,0.23950800338033337,1.6298084725183724,2.644736775318649
-8.57766293552985,-9.535104195820383,-7.958354672578622,-4.344108375398165,-2.2443311378746063,0.14017061982932078,-10.193370889648339,-5.437271781537763,-9.452686135717553,-13.747821156213817,-3.954044248442462,-6.392423183055192,-2.6063776813114505,-4.093223371766336,-4.500219194540938,-3.8328287089334334,-5.668120935983862,-5.393727507059,-4.528587998837778,-4.897981504978612,-4.66224228686944,-4.537347229960246,-4.606513788379247,-4.2005473506623074,-3.253037334489034,-2.5054901191737953,-1.5272977316086023,-0.6276967023161841,-0.5534774195819713,-0.04008681792797118,0.2514555679956645,0.535398309475465,1.9463717047933349,2.1563850662671906
-8.031610123332486,-10.266834013648685,-10.59479128880996,-8.511513496075676,-2.961584865770029,0.9689561062904719,-5.08920622674491,-16.939887282113247,-14.353219192863026,-11.691591204571699,-1.9654177537393898,-1.9256540489090699,-4.5750663760484676,-3.9568477575477683,-5.312737123135955,-4.289557907434393,-3.8484006890784785,-7.383992636886046,-5.789015833349269,-6.864700539288085,-6.142429901823656,-6.492537499598111,-5.239957057925335,-4.34918884141407,-3.2828950365208187,-2.4366375965632012,-1.5815718215421877,-1.777402719043373,-0.8109604400071592,-0.5410647478842238,0.01051428723358733,1.0033747805759174,1.3693390811399668,1.606116913057414
