script/wind150m.json
[{"header": {"parameterCategory": 2, "parameterNumber": 2, "lo1": 6.000198445256149, "la1": 58.999992894266676, "dx": 0.5, "dy": 0.25, "nx": 22, "ny": 24, "refTime": "2024-01-21T20:00:00.000Z"}, "data": [8.124555854240162, 3.644422568374601, 11.167736213745508, 3.398635751645952, 4.710044936399257, 7.3281733974062275, 4.1691731806800325, 7.298344002543109, 3.4641976236015033, 7.779020175902508, 6.38958348554421, 2.684057464664473, 2.4274958844152805, 5.623060731771873, 5.317105271640292, 2.776957204686518, 6.193528524431115, -6.2405176591621645, 4.818020569122795, 4.2721343727199965, 6.422912567887988, 11.121920215671249, 6.88502922203172, 8.444532931997557, 2.236060069760262, 11.674981148334497, 3.05354204851747, 5.236105834715728, 8.346501886791634, 7.092149296158611, 4.71217406576262, 6.453406728534982, 4.6635591580047935, 3.837019523573948, 5.725263751100083, 10.507579057760783, 8.989923899606843, 4.9061806985162475, 4.901744437498016, -0.0759483696594567, 5.572821050301607, 2.7522162600745474, 4.991483111141876, 3.064263459091393, 3.5868103895722565, 2.873447346484665, 3.425585705781403, 3.352178975917979, 5.5567606315802625, 5.000040048048283, 6.581727445106358, 8.286870203122337, 1.4283603095179749, 8.529389581606853, 2.752346220889419, 3.2191130003047954, 2.833095376378526, 1.9815373239994518, 5.195105560444967, 5.915786938982749, 3.9811239530361613, 4.091450523985332, 0.5509318925104899, -0.049230544694015735, 11.616380050087468, 2.341242805180421, 6.528996446657043, 6.787799674209453, 7.349469209123634, 0.518432047648101, 5.124249992087106, 3.843376175367008, 5.95650322978518, 7.437826103456793, 5.544319616937326, 5.5650313164886995, 5.152285584313346, 4.804142894888111, 5.705146415341125, 5.218346574133011, 2.904828341819199, 1.5890244249419596, 5.570924461015619, 4.4913081192981625, 3.10313633220503, 3.5362669911101055, 1.9334130035143497, 6.203031183241034, 5.378388842209808, 5.1884868972847755, 5.725510249610053, 5.135174756226518, 5.7225324290133655, 7.219464633984123, 3.431408099954694, 1.7507434022858788, 10.141762574600696, 7.349148319731796, 6.366992973785434, 2.1006429611991755, 5.429547152181635, 5.127355749461674, 5.101441995738417, 4.399949772497962, 4.652889395117416, 9.945155441486614, 4.2555164232592935, 5.421495751777701, 4.869459116402499, 5.066875404463915, 6.469211692828807, 7.47790996524403, 5.7068638932690945, 5.549977209539249, 9.637139800677293, 5.255565957351243, 2.1743727443271803, 4.870358925072909, 2.732996351065688, 5.017988012237023, 5.77991902260758, 2.58962945215999, 5.0659461469921165, 10.327835844611268, 4.818419029464738, 7.720131815351688, 9.578678599179565, 3.055600090091046, 3.3905444130911753, 6.006683114411409, 5.66997211768839, 9.348646098212724, 4.610886756461823, 7.512407620320587, 4.188347981527738, 4.41182863190488, 5.013827537025192, 7.7078289924681815, 4.6347589860682765, 4.121587394914249, 10.845340673500063, 0.08725471442562568, 4.79276443147083, 4.744469996024795, 5.130554808004065, 8.732768747393767, 9.480229966129826, 10.92815805163319, 3.870867956676069, 7.936418763635631, 5.88355274280099, 5.050695201582623, 3.645059661525829, 5.129246513823466, 8.973185571362778, 11.473569021232981, 7.520322749844156, 3.4729150502351174, 6.832786416519579, 3.832883509199208, 4.270556636424858, 2.2609020981213375, 7.065278884688207, 1.35984977951841, 9.994830198055277, 3.3254428291227818, 3.823945228882128, 0.922584461992331, 3.5120971869661095, 4.408577488737199, 5.9868381216127675, 4.084679229262007, 5.961789606471972, 5.983170517459444, 4.738065697788141, 1.0676592428013219, 5.2413510690666225, 5.451829245342927, -0.5702415073837434, 6.771858539838251, 9.169593686417329, 8.38635988934857, 2.3246420809976827, 2.5224763497612344, 4.640494446484742, 4.886181120381326, 5.396339055296929, 2.5479128125584545, 6.4705724310240385, 7.25437232211131, 4.211637481708293, 2.986038060655489, 5.684606680096993, 3.9148160338925897, 5.794559300399701, 5.538863556663558, 5.359100959340764, 8.540242846286644, 5.704655458108467, 4.162886908523992, 6.272766327026374, 3.3981955358094686, 5.187112563354648, 4.437991361753065, 2.6999559985239094, 11.376388487417472, 8.902949730224282, 6.177257108091323, 6.107479600649484, 5.31700876302472, 4.403770829432532, 5.329067702783125, 4.043013691255331, 6.648140402478965, 6.376117023580082, 1.5716314750829758, 9.898569419503183, 5.569435684117514, 7.182641043749097, 4.4021976830174125, 5.664551195935237, 11.397502598792196, 6.320442174041813, 2.067669174535945, 5.67284573246607, 9.121184554265477, 5.28382420713584, 6.40632206430997, 10.981902836975697, 5.533446587843039, 1.3372504032468913, 4.246500018552332, 4.69745822053252, 7.620188204969535, 4.212813241398856, 8.72351417767327, 4.182780105328576, 8.041590017767563, 5.047815967210524, 2.170708566703453, 3.048097584828149, 4.8484498695270934, 5.624803044750122, 4.930734921136402, 6.899361403816974, 3.930359889394268, 5.285428483312531, 5.92880897830008, 5.609508248197369, 9.251628171209719, 2.958811765034937, 4.41833403215383, -1.5136850193944456, 5.8374649664011935, 8.649559503661724, 6.1201388208431995, 6.041247765318048, 5.681502915369643, 2.999203504018556, 11.422696413680084, 10.227404006770813, 9.649460360261157, 10.972824751248027, 4.723587638698458, 7.913636155269466, 5.014215845753758, 7.8368995058729904, 7.9468297451828995, 8.12976706273765, 0.723558711314569, -2.446130984360444, 3.128036756367153, -0.06343269290334215, 3.242340808640021, 10.204197993183785, 5.727497227903931, 7.170567444895009, 6.9928206365444465, 4.88557083917139, 5.299370974877959, 3.396390901080753, 3.9367962048857352, 3.9725350537150326, 3.3936972346847893, 5.18215653275422, 2.6797447734272737, 6.083227414114196, 3.013989470374101, 1.1161800232825243, 6.850328269826236, 4.355140629388857, 4.83215020984824, 4.660484389247299, 3.42904558534762, 5.952736836583887, 3.999409097170051, 5.324749521874242, 9.451093806565394, 4.911352040649279, 3.0490564565373894, 4.9805455717298175, 4.820240096678275, -1.5973196927066906, 4.937334494901352, 5.9996461541575625, 4.122055151927402, 4.992253974449206, 10.509898314777912, 8.957030283936232, 5.857615401456807, 5.28206682917991, 10.90556218522988, 3.4284076353984836, 6.921246656146813, 4.112881930148268, 5.371516069489449, 5.556500148523741, 10.820094101665616, 3.3247915834148336, 2.074857977877302, 8.974313769845317, 5.563724615201863, 4.183811300966052, 9.286825971384857, 3.033675463031208, 4.172714455318832, 5.662840010137033, -0.7388520084581693, 5.664872755125764, 5.354946823052559, 1.855374128219202, 5.759406151745735, 3.7459059282806044, 6.90775296734615, 7.785642205133533, 8.925961948894185, 5.301554749836552, 3.662943933166795, 4.832073432728434, 5.522979806255298, 5.558762294054956, 7.635094507731524, 5.077239649068988, 1.350014910272892, 5.308930199044728, 4.6621280500407085, 4.73569304827132, 6.72954462468273, 6.91174468859372, 6.382906389698283, 4.962760008528565, 8.89461238436532, 4.751112534720129, 7.144785964962173, 3.933451462743371, -1.1006271306190167, 7.357013274262453, 4.281591502519422, 4.140489524167737, 6.22155468928687, 4.044228356701241, 9.281487460933674, 5.818485723891264, 5.257954249589608, 4.189899792798368, 5.451032305216523, 5.430063203921028, 5.510750963408719, 5.803714488217515, 8.762457197013768, 4.703891676740723, 5.088331784238487, 5.775634758244483, 5.628252105408023, 4.90712241327778, 8.364117956370665, 10.972333700077941, 4.0529521672942455, 6.702995530225055, 10.009480451698034, 8.359762101565407, 6.281135113835005, 3.161671395369528, 4.695928766653593, 10.899636201944356, 5.127588528549319, 9.234122535121264, 7.028824652434193, 3.8488734517300545, 3.82143903948266, 3.6637757157890856, 4.578650548234077, 10.69921555991321, 5.648388659717501, 8.606312696198897, 5.339651738183656, 6.750637110308237, 5.881174301068955, 5.398102706993996, 8.928274463311075, 5.013979018466069, 5.338530582569248, 10.409604309327245, 8.604878378614124, 3.552525353833503, 6.844153266181337, 4.575219166735987, 3.8513756235329413, 5.1993164705363775, 5.29279665882663, 4.717729887513639, 3.01157928102923, 5.874724972985554, 6.404262789882271, 2.620339337177363, 7.679678276079588, 4.663366037341267, 6.795071301916427, 4.346492043201136, 5.194377316026254, 6.5413052989884335, 4.53062073127694, 7.037781521347356, 4.551404299374222, 4.853221187713317, 3.3404824610887864, 9.097327041844764, 6.399607308033815, 6.493239556508766, 3.789567649337436, 7.480916342547104, 8.338573067883571, 5.945251068992436, 3.3203557775309225, 10.11413746277692, 2.3073347844871073, 4.369256117459446, 4.4290011476000855, 4.3656730944687405, 3.9710773964749624, 4.629694233723669, 3.4455590128179496, 5.162995305156559, 5.245476436249, 6.364302234924218, 3.6542130179899726, 3.4123998682399836, 8.833113213256764, 5.5024549206846425, 4.483920488588775, 2.790347488668699, 6.56388452720208, 2.548088287493722, 6.867640930292038, 4.845931468225109, 3.7988726861950615, 2.7931848454512855, 10.190216498452743, 3.9849007225533133, 5.8822442421531145, 4.4810678746604395, 4.381383780708413, 0.31991650673020766, 9.230399281972646, 6.311641459607892, 5.6771327736787365, 10.441436896373865, 4.092401861848621, 2.7228934403666605, 9.06816131823421, 6.50827775070831, -4.82308987382076, 3.7508596044611853, 3.8896212232806855, 5.627346028430543, 9.916423691583498, 2.2782647009507757, 7.353232517702054, 10.9089194953752, -5.060881522964508, 3.9533269454621847, 3.699560145044752, 6.786183830037902, 4.890111602070614, 9.125974554966312, 6.172331792343559, 4.605643538785822, 8.624847367163124, 1.49810593910753, 1.0602137172613728, 5.23207484711044, 7.028573234917642, 9.663033817998935, 1.5047458805847818, 7.367873369285033, 3.6982983929257367, 3.4086051565109527, 5.642505703685876, 3.8709424761007463, 4.40355943330394, 4.688428321365946, 8.597443522355158, 3.267914418187371, 3.5375718593328274, 0.31847244927843626, 2.4735899867234026, 3.9225311726874894, 5.986657659638769, 9.577945347252003, 5.855061760610435, 0.5742680001423329, 3.1925737478623986, 3.882071405988679, 4.0842580648895925, 5.822609159988898, 10.023296993802733, 8.12780288304941, 4.8548947279674355, 7.236344635993318, 4.450602953686034, 9.452743244923118, 3.291567998840363, 7.692804250964478, 3.820144157278052, 5.267530875532073, 4.805245523002008, 7.0742211226058265, 9.701249928605645]}, {"header": {"parameterCategory": 2, "parameterNumber": 3, "lo1": 6.000198445256149, "la1": 58.999992894266676, "dx": 0.5, "dy": 0.25, "nx": 22, "ny": 24, "refTime": "2024-01-21T20:00:00.000Z"}, "data": [13.580999369681084, 20.441678418305724, 23.12206688973697, 11.09266748279929, 11.951628842223903, 22.30144951079737, 12.36401437294591, 15.741911087206415, 19.51196415474404, 23.054760603335684, 8.702175984513657, 15.389531526501766, 16.60263144107947, 8.058017157028342, 6.909113434758676, 10.600380421685824, 10.53427059399919, 11.918308736855396, 7.731483603826359, 16.740021263252483, 18.50893201099666, 13.508687601367596, 8.67358762841004, 22.776327761640506, 19.32707528714215, 12.912941613178925, 18.12995822971537, 11.432755673037372, 11.719912568475737, 15.538760483463713, 10.714711572135066, 10.285268078549292, 14.830412153034167, 18.970138671174478, 21.222117793340065, 23.3013834718775, 11.271249142358261, 16.45087979549146, 13.635980455568873, 9.26996090016906, 11.337459969487185, 15.713491400713544, 11.465301212861679, 7.730067168589255, 15.632721295858357, 14.203078846704225, 9.505586608460641, 7.678373378832296, 12.799289930723207, 9.836425806855706, 7.945349070027287, 10.467786912060422, 15.99201862527957, 14.266662480645333, 13.033686885195287, 18.61682084519153, 11.595799322765739, 14.070985839978455, 13.797480264484989, 9.319023540982126, 21.315649707035558, 14.36281456745419, 11.53244646191527, 11.125762828606266, 11.138338683738917, 11.240185575370754, 11.19284106554772, 15.046561185085656, 13.257227876726363, 9.604592060551756, 13.694578579143244, 11.70771014474528, 12.931168664330844, 12.759221908189422, 9.839564170637964, 11.658671891933597, 9.366601377714971, 11.269524088420358, 9.219710427646568, 12.754097638838115, 13.71123006712957, 13.32752861962049, 11.316913141261313, 15.560884094926584, 17.29730201134435, 17.070418106448614, 15.291559313382582, 15.340264304200005, 11.2337209669563, 11.667567782733709, 7.851898386949545, 15.013830546517658, 10.087022579203175, 12.1680535350787, 16.012875280930356, 11.21077662596796, 12.617845689993022, 23.34495304269114, 16.17930449655154, 15.586189353293625, 15.382615601223586, 10.061692455462936, 9.547845697784133, 9.630639646199484, 12.824263180848238, 23.78924809701411, 15.918505380341449, 6.998073661337895, 16.712829516088156, 13.529691183048069, 12.829908752265302, 15.374221806142367, 10.072354865390032, 10.230867143685858, 23.15615111401716, 19.542163984571676, 14.700156924855657, 18.789531545891567, 11.928559779290142, 13.147535103140294, 14.546914052307947, 14.036040487223367, 13.387932396659371, 13.497818473847492, 10.357717667977406, 13.910635049154536, 12.638687774807966, 18.258664132957854, 8.691706773442268, 7.296969382267909, 12.547499022782391, 11.902240928887636, 13.172622567431905, 21.934915617512715, 16.10860376827964, 8.426513855595172, 13.231036929140744, 11.96991014837166, 21.064552789898965, 19.822787869149604, 24.223281696123305, 9.701858958572727, 11.218950606715303, 13.152950291094859, 21.29246983488148, 10.648393058045986, 22.58459546113999, 24.199306071917256, 11.30965654296347, 22.88606264648515, 10.185802789109228, 21.479180913511385, 10.525141725137473, 11.782848439233803, 10.58771468072265, 11.894273903443988, 12.047160015965535, 19.65381250615031, 10.481835635559023, 15.88846681010896, 9.29866563939121, 14.351876208199037, 21.880501725353223, 11.250649791069446, 22.120888988392164, 20.10097361171037, 9.89210538274332, 15.268714450038779, 20.20051724623907, 12.48782198673911, 14.623339390915362, 21.168214522967602, 10.174808436439998, 13.940508527286351, 13.51792680811752, 11.225754441784929, 14.0038453152413, 11.824425196601155, 12.554550362171566, 10.757615085097603, 13.787641848603531, 22.41480395546926, 17.802034206713465, 14.736028619799308, 20.852615963124006, 14.687445781042207, 11.209667081931498, 16.053157723286503, 10.200176639685937, 13.672304838783463, 11.12816413035529, 20.96262571462566, 21.593142465798135, 13.436787937217728, 20.328135121189092, 21.322861968615314, 14.567004095853308, 14.334892460892553, 7.792455224458694, 10.062825338706848, 9.152334378097752, 14.036246140392635, 14.057742594218034, 10.36894793018302, 17.563224974621477, 11.727449096144236, 11.51611489878096, 12.859150439458935, 15.814624608004005, 19.52671811611046, 8.141032654382844, 13.591252759746647, 13.680612851260765, 8.247678505261112, 16.00599444037524, 16.89288141332968, 11.082784023699023, 9.999432368915784, 11.899913554403735, 20.62576927399337, 7.881065926025309, 11.613890247683488, 14.17365729173769, 18.717273769625358, 7.130292523220472, 14.82374797643205, 11.293638485137313, 15.522643662766725, 23.24782803610656, 10.183447718685525, 17.069326674300257, 19.3831130775744, 17.046321539169256, 20.196582096083116, 18.799726049382013, 14.127335133979761, 11.837684452624291, 11.7007795843257, 14.032505226606744, 12.999031242004317, 15.20729437750693, 16.072997369035374, 12.368661483800734, 16.255119309798715, 14.77625260379793, 8.402339229926412, 11.1165833639818, 13.062664948257549, 15.415924554782173, 11.76275446025455, 19.62620365779373, 11.754120914131446, 10.356019297379605, 7.249365400280392, 11.329938024562987, 10.764611908974684, 16.174461219719625, 6.758286897857611, 14.388286341922877, 12.26406128772812, 23.396978390047945, 21.81933907294779, 23.402776857015443, 13.35882984718982, 11.621681167803493, 10.958676251812724, 20.353403567956715, 22.832222722928567, 13.082482143080854, 15.053684442895495, 11.180518892264546, 14.052648414892264, 12.040984161489853, 18.077078507287045, 11.155565460144016, 14.308050995346973, 22.51505708741137, 14.679727348028894, 13.09273572463795, 19.44314558634937, 16.32319630650901, 18.417672104828558, 13.50225069938725, 18.262224266534705, 11.190378975108475, 8.54452537657129, 12.880615636548617, 14.682347621215616, 17.088738807516286, 16.840273225353826, 9.398155813516366, 13.348587727065356, 17.24606686279595, 16.76661105750329, 10.456764898908387, 20.00750047767823, 8.449469711029932, 9.623428693505092, 11.737659920173543, 13.790111305934346, 16.825598354605994, 9.021582121425167, 11.208519540849567, 9.689249419177393, 21.496948139116036, 16.20762401835888, 16.719091346349913, 12.908741260691277, 13.758395044089395, 7.2956593075884175, 15.914045432111523, 13.370539279853718, 8.889444595705168, 19.25654967337629, 18.359805312943262, 13.314477299819439, 9.393326205564035, 13.373196678356637, 14.83159622904686, 19.054349085802208, 23.19959985739057, 21.80680034299098, 7.662445318631593, 9.053269097810409, 7.6976378682795605, 9.514055172813945, 8.526554123285436, 13.097216970595294, 22.746685220010217, 11.091280214925883, 13.567961618976419, 15.327877912940757, 17.18331196419289, 25.107510914054167, 14.037886330117614, 13.340300100953616, 7.298138000953608, 16.911522119466248, 9.292036637711549, 13.737490354807102, 13.975364391428895, 15.565214951249143, 17.362095926729904, 9.988238191267302, 12.607670481880508, 9.752583581711688, 10.565893336629228, 15.17762772968785, 12.599133744309444, 8.062247386074274, 20.605109667509243, 7.861096575389052, 14.985785641515093, 11.636750200642473, 11.478061511937636, 12.515642512959387, 11.079523095358407, 16.205099115163453, 13.164187338786531, 12.501335458720407, 12.576841432619267, 11.721509785802665, 7.160236272218235, 21.685522638913344, 9.670059495532056, 8.78553177489955, 11.097169339819128, 8.256764458824385, 9.418652492523611, 14.388762587395782, 12.826847931164401, 20.135855328806255, 7.847591011972871, 13.691966503057799, 12.881185274714404, 11.80202609224005, 23.583406200722983, 8.637295394155464, 16.853979206998577, 12.450225535107618, 12.544433691664494, 15.866031267545113, 15.262963442802825, 19.546741089701502, 23.49798937950547, 10.971380978978411, 22.244338511631177, 9.705076425369258, 10.44338322234493, 7.970445552860748, 17.485528234411262, 17.214054163952266, 12.05545458621077, 15.302526350797116, 22.741653704297068, 23.325077941363926, 10.256544695666916, 13.474938348946562, 9.087697759644636, 13.968429137064632, 11.377296542945224, 12.579298862215564, 24.077735971367904, 11.897138977503907, 14.462921743422989, 17.09840847990034, 17.389259898922397, 12.36496006489763, 9.766682948218993, 20.403572643330815, 12.254583605632583, 10.064581406528191, 22.144731633897713, 14.594902179015364, 15.397109339641487, 9.01763816290945, 14.747956140742755, 21.820873799946078, 17.40868126452149, 20.816671029266356, 15.637488678281766, 12.012062035628958, 22.057960410611447, 18.958411452765183, 13.467113047191013, 9.844071403969162, 13.404477417721102, 12.880965482576926, 12.272570422473956, 21.210391112452335, 12.298445286386073, 13.256015154233841, 9.790747229879656, 11.393641529761517, 13.66831535157678, 17.675554014440984, 9.09815445987167, 12.708776595015923, 11.677405114981243, 15.937072308042103, 13.522141561718172, 11.167298795326928, 18.34348152382587, 10.148518272249694, 7.570834310264772, 15.07221787457286, 12.93847928403149, 22.164489198585894, 15.018440201467916, 18.50716798221308, 8.000199829654878, 11.135920640294472, 17.196730181268858, 17.77320248122489, 14.009819222380752, 19.403634856170996, 15.15185906511952, 11.505005973398259, 20.305245899467398, 9.677946109378023, 9.943761766845684, 20.36479422890885, 12.069509273068247, 13.350034526314408, 15.154932178188504, 8.014554005426564, 13.125945807133753, 9.645732229643217, 16.15821987948096, 13.639216714553486, 18.248507656489366, 14.946182399460877, 12.805163784271501, 15.78586113344182, 7.5719031956736345, 10.38473111304291, 14.441334297327758, 22.270158428435124, 23.478265351425705, 13.068462064260414, 15.31786269115209, 15.8109713063238, 24.216046149699597, 10.68661612404061, 15.274884691807147, 9.49370795134867, 12.318465487173139, 13.277905726496819, 15.692004504954232, 15.524239947636602, 7.206804012115259, 10.732724408040767, 11.344674016488497, 16.41644482807559, 8.09664025276384, 12.71462171441143, 21.321451699425392, 8.053519613358553, 21.28906885530489, 9.54378320276503, 14.377930948045702, 13.454217695488268, 16.906117370462848, 20.78274786514767, 10.184450181009405, 17.291411058886066, 10.270440034386949, 16.24953021542862, 11.826651182078812, 11.036438033132255, 16.44652969486721, 16.555764433916085, 12.881757768365265, 17.47690352304145, 9.480058353825719, 12.222974904490377, 13.07625021374924, 8.495897572324164, 17.163313866911036, 11.836182493228069, 12.5604096032608, 13.365170998763672, 12.095225873669955, 16.29710345421235, 14.298057233697095, 10.158066785254835, 21.923145891869243, 23.229936235409088]}]