script/wind100m.json
{"header": {"parameterCategory": 2, "parameterNumber": 2, "lo1": 6.000198445256149, "la1": 58.999992894266676, "dx": 0.5, "dy": 0.25, "nx": 22, "ny": 24, "refTime": "2024-03-26T06:00:00.000Z"}, "data":
[rows 0 to 23 of 24, columns 0 to 21 of 22]
-4.831865924010862,-2.5808458436934014,-3.876038694273908,-8.026495214372755,-6.793301134241529,-2.7592244414477376,-2.6622634186310714,-2.1754970026875373,-4.8550260543626615,-0.731192746565214,-3.5125521498160692,1.9698198267639533,-0.3445972403213865,1.2470431756977298,-4.972766958394976,-2.0813511572654595,0.007030739625973451,2.490182689037208,-3.5315336910215924,-1.53588289120703,0.3403164493421165,-2.2430863694178544
-0.46106307518513334,2.7958648684029015,-1.2348015879215557,-0.634472003563395,-8.309167165897632,-8.451092344210133,-6.870467837657059,-3.074691961311785,-5.2001487021624655,-2.9991823928977035,-7.482412003487579,-1.2900535661522192,-3.5188506582231573,-5.0852715930564285,1.823997789271196,-6.409395931925536,-4.21983163360846,-2.0210604116808955,-0.7511025585431635,-3.7643925683035255,-3.0725971329345634,-1.475682393399954
-5.740884251043893,-3.871418986737867,-8.12328880054829,-2.3839817378803323,-6.461685429583171,-5.512475588108221,-2.3034609563064063,-3.889224969141761,-2.153564652224965,-4.578358914489888,-1.6304871018539808,-0.029373424985830326,0.34081844682402673,-1.4881080315316007,-3.1515519095524462,-2.8076368512486853,-2.2928593319657593,-2.9106296445856255,0.46396156751137696,-0.025229194839941186,-2.7261156265287347,2.650446360593859
0.008050819236301217,1.9127949607829566,-1.0809162966758799,-2.3190357340157717,-4.240774681386411,-0.24296754933645393,-3.5997050585704287,1.7376529914467234,1.1397121962192835,-3.698647269369157,-4.092400300758618,-8.308079319176622,-8.58600912300454,-1.554972338871116,0.8590280695507561,-2.1793607680784683,-7.7498627476132755,-1.5869563801177855,-0.4708632729170603,-2.0297904168915424,-3.8201496963267108,-1.2496970361314514
-4.292170732224071,-2.3574514130234387,-2.3612589205428822,-2.7388908689671783,-6.137117448890184,-0.8913619588947591,1.4149535044846417,-1.3943592042815394,-6.16893468334916,0.07114579172199656,-0.4852703302986559,0.7943780830439813,-3.0815345571608006,-1.3948539181049155,1.3400440097967374,-7.043756640439563,-5.58987465023353,1.6505278395571468,1.5010238099798419,-3.6222670816967026,-5.548541765300871,-7.2252347248643485
-5.338583026818595,-7.472543577486307,-8.072968882251013,-0.06869856776364959,-0.7221977241077435,-4.733535626124754,-2.345725318044952,-4.111316107571869,-1.2861879168661394,1.9006965488432224,2.571004174312842,-1.5862501166611889,2.1145033258087755,-6.9677408297444865,-0.00720953085367371,-2.726742197769578,-4.799472259063521,2.028280288057233,-3.3737596088945287,1.9137847608285028,-7.358591793114245,0.9752221232909797
-3.915596275886083,-3.450882502832798,-0.7079095703690415,-5.108302863906693,0.37004476854263646,-3.347352723346009,0.9974587074492399,-5.067985137274481,-0.9866773197610489,-0.8333068419934374,-2.608058960040192,-4.723287674047938,-3.1410741822560495,-1.840663183683501,-1.1528277668352385,0.6409937791171225,-5.251166200311743,-2.646830207349528,-6.490636058108939,0.9386731330876745,-2.2518868399804006,-0.17883060124498984
-0.9259508217840979,-5.289860430824811,-4.3266350410628025,0.454539438047568,-8.393570501167732,0.04026572895122113,-8.14304944611609,-1.7114522975259523,1.8087844360438023,-1.363303007005859,-1.2798357126046345,-1.4067855057472851,-8.333170464384649,2.2251992812138672,0.1277163962107656,-1.6317057070598084,1.362346493753185,-4.992156621717611,-8.639250001655357,-4.2378055731747795,-8.249247254000801,-2.559673853181404
0.709584037193488,-3.439666964509788,0.09826387280007867,-6.114720357401168,-4.1101740376632785,-5.831530032085705,-1.715217894805578,-3.4483904802282903,-7.688012914614869,-5.291784608975665,0.7177977412749628,-1.1688435486383688,0.9493160386944055,-3.086048815773045,2.3342776919326123,-3.152834623510048,2.851163438277102,-5.272930667962192,-0.5359979263186376,0.4457965208819048,-6.097582412899931,-4.150116893906742
-5.634196162744147,-7.538876320777666,-9.584119204746317,-0.7307146144243605,1.5972132780189081,1.0710757939398718,-1.5970297565910794,-0.18425197033118193,1.2201920214226873,-8.611595924738149,-0.9190729307228884,1.5762722267305604,-2.951833670356565,-0.4362072648726793,-5.82266791817193,-7.767553107284768,3.2135630927307655,-3.4329592367673976,-6.352412759315586,1.6222284610565223,3.328129867202299,-7.1725877233203175
-3.7054652451652785,-3.623614358230312,-3.44260823468296,2.43931049797719,-0.4295289474192191,0.6218266523432633,-8.710850759657601,0.9678171732332634,-3.531459151318863,-3.3697184600546066,-3.029207211555441,-1.887737992194085,-4.630994879322687,-0.5583415659927105,-0.4647867843065841,-0.2274208743042988,-6.420670839708983,0.8072079991117559,2.9036757847388492,-1.409568201354163,1.7656576347716184,-1.488495151504024
-2.666013258483398,-2.7356989883054252,-5.487346115699874,-0.95076317299837,-8.86680898169904,1.144220901371942,-7.607828696118083,-4.934197902482315,1.7138881917786948,0.7125437397225693,-6.3829972629788045,-1.4053319152764476,-5.336610877276584,-3.7262517308921326,-3.048093637436253,-0.6877887548080663,-1.1018711928995144,1.5219586393287767,-2.4103609760717934,-1.5209576089992358,-5.794705697441746,-9.534779129539476
-0.7170689614395427,-9.060102783764709,-5.939266077196592,-0.38485021289821214,-7.962349916877038,3.0419706692096984,1.9154450531907137,-4.368082504106979,2.470437395783422,-5.502244646606753,-3.110896345316316,1.618968909901181,-1.5614497415453459,-5.673049169847676,-1.003041362218074,-5.34990954535408,3.4074378500278417,0.9622298392186427,-0.1397108977371738,0.0214442396966117,-8.437152206246227,0.37240224224214546
-3.7658891127552874,2.5523558965849493,3.2627979664524314,-7.090904715522448,-3.5838781796455215,-8.10454431717322,-6.9314604194903495,-0.4407606484474737,-4.289050529657473,1.2198288295962332,-0.3942885701287891,-6.11122693112205,-1.8417720230264547,0.16448650552885377,-1.9180240049418464,-6.263306246482184,2.5443887193044965,-0.4185529203268303,-7.615373071384661,-1.094637894383665,-8.11570893814547,-4.584513651864693
-2.8234784480793182,-1.8991497918117775,-8.202835886895105,2.710518337362486,-4.622258559337508,0.8576182829268868,-3.077039155375866,-3.725154299553238,-7.873323357330227,3.1739800466745876,-6.087629236367988,0.807731648936384,-4.37580283733138,-1.2709313899628838,-1.9140675880585756,0.29896517586850896,0.5909467844644464,-3.860244678918433,-2.583640348415996,-4.9507945141972,-2.2956347716827437,-6.442121383151402
-4.538899845262092,-7.072993592580721,-2.0316780728184987,-3.2016450949453152,2.2193850234599997,-1.9387770749630202,-1.3044855857788589,-0.18098572352947578,-3.7860831568644846,-7.719029114450158,-8.47184479388867,-0.026252326512404816,-2.6466621835024853,2.7247145066747445,-1.6928351917153024,-8.221208123661258,-8.131300217127936,2.5381318841470435,-6.216409935858122,-1.7908146658060848,-4.275332590075986,-1.578000163331207
-3.194746806017845,-7.109557278745888,-8.815556075108296,1.2875007020129923,-0.18759176957891602,-1.9686757088176623,-1.8526435411022115,-1.9759643280416244,-7.405359321250017,-1.721276789246826,-0.8054305086413599,1.289717936278007,-8.565482837003053,-9.46826766320003,-4.719770194982022,1.353416410866295,-3.873324504767321,2.2011063515169695,-7.896807964296028,-2.6823348684903854,-4.1313459072156125,-6.260236815592021
-4.020379814228442,-5.090040209724446,-2.157006762123526,-9.15687755549561,-4.332940414753036,1.3349257547939988,-7.532960197703084,-4.007905420167827,-3.2686197149759724,-4.997866403950458,-5.866180412810132,-5.092711382168181,-0.44056848256664316,0.13376678185781726,-5.595010117788427,-0.3708483953862774,-3.820795024958348,-2.5966761898774386,-3.5511152469777048,-0.20528669174648687,-5.558484490581902,1.287658302518749
-1.4547960942762364,-8.561440413687563,-4.121593974506749,-5.217583779861084,-4.434266389165313,-0.7811178275556548,-1.5625634882185022,-6.3321820776089,-0.15621277973321135,1.1673531941662905,-0.7790647340951866,-5.5908348954352896,-2.205670953370491,-4.194706651901364,-7.521512366716393,3.762543521080868,-1.5844088478969194,-1.4190178642431563,-4.033420357075286,-9.180148347355823,-7.727310333413966,-0.05624335056866165
0.2774306765512832,-2.544346692071555,1.1011624855518496,-7.740521967138947,1.9392012079596515,-0.14470871916807906,-2.8272491882494797,-8.068144018777428,0.36165748176903134,-1.2780224347809175,-2.2872033095784947,2.543890068872854,-0.5575415713743508,-3.184566813500957,-2.4245718238230243,1.3456774295916587,2.5288232217969515,-2.3228690303011437,-7.088953857438557,-7.912018153514559,-1.7097638501694263,-0.8767245239900707
-4.253016786712241,2.206461154445568,-0.30386935865345716,-8.578733753217605,-0.30837019019375383,0.19987497012743385,-2.836595430136679,-2.310822161746147,-7.568888264766716,-2.4251540191743124,-5.839839688062606,-3.299927037576639,-3.768301792883914,-3.5957989430093193,-5.542640677661646,1.957139452171502,0.4696842484353783,0.646495743772674,-5.296200334708873,-1.4200259378749542,-7.919330118022707,-1.4751195705992013
-4.391280500769585,-6.244036725448793,0.8083301816336989,-3.3329833190073086,-2.077988684964006,-2.7924466233025473,0.06550570754777184,-7.946938016164573,-4.612978451030816,-2.0543484293103544,-4.176570029964017,-0.690941793229409,1.7934278036248772,-5.116784390368933,1.6379793135109726,-3.717177698869329,-2.5188259429478386,-8.333714369328995,-7.846455359780275,0.359929920704706,-3.8578842142017886,-8.159323337282872
-6.469763890980267,-0.09474787587076487,-0.2947325112829397,1.0217938009377958,-1.6903043368071515,-3.1117781051667093,1.494901094060923,-3.932555249274552,-2.6352427601438166,-2.154142629168547,1.3318627022668075,-2.0762370729268884,0.385741276427746,0.011904977656899025,-0.6353533589097463,-8.984723357416936,-8.323320257020653,0.7434753584785426,-3.211147487743385,0.5706980606077258,0.6532578979063229,-1.909127430550469
-2.174859018163103,-2.8213219845685145,-2.5380852371664804,0.4978645066233085,-5.021385487338587,0.5712930703188434,-5.796367237805778,2.2370237236933765,-4.368255334581507,-3.2419585935598496,-3.302081947228866,-3.3368229797723434,-0.4944838991473458,1.7114908927476626,-2.679219508036579,-0.6202142437331385,-5.905457712923824,0.46790832662863757,-6.949950575631589,-4.2232799180532625,-7.501662654703935,-2.7552816729710483
