script/wind450m.json
{"header": {"parameterCategory": 2, "parameterNumber": 2, "lo1": 3.000054539987559, "la1": 64.9999836372058, "dx": 0.5, "dy": 0.25, "nx": 34, "ny": 52, "refTime": "2025-11-23T04:00:00.000Z"}, "data":
[rows 0 to 24 of 52, columns 0 to 33 of 34]
5.125132980557166,-3.237554595860447,-8.166020845084274,-7.893350582173603,-7.1338037908033884,-5.17866834774923,-3.795511974762192,-3.0742681505335048,-2.938508272645814,-2.7548791550726586,-2.405682786191845,-1.7463643597492315,-0.90348343255526,-0.6364113720788682,0.13451302509597104,0.3488684581934951,-0.7783593069738675,-1.2647848624939222,0.6333431230990685,1.4921635656103824,2.0866250994923154,-0.015294095246779589,0.6516277987837743,5.778871382639179,2.626683576319633,-0.2585316798266123,0.24698795842182175,2.340743150785315,-0.9110939094324358,-1.7103400115551817,-1.1709322964286992,-1.1160803374666093,-0.1985637966661798,-0.1410422430993967
6.143891396005245,6.466771049183926,-2.2090349240877565,-8.512966322749097,-7.73896247324932,-6.580485658472492,-5.4301646192284325,-4.367317175637457,-3.4018154630074773,-2.82208344681328,-2.282074800344029,-1.9306786213871907,-1.3663105506891866,-0.9335623583746834,-0.6955684062224424,0.5803290927679504,-0.6212369272258799,-0.33736490004501474,0.05490299861913245,3.5734028199562307,5.473505081110847,11.473485230112486,9.057771435171475,16.549282369448427,7.960846144691759,6.3542057070362645,3.6414867228960563,-0.13056991587960612,5.070508191553936,6.760536227229222,-0.5595962609030045,-0.4889800268415195,-0.4570059744396377,1.6529651415844855
6.8728537197823565,6.931719286348107,5.700572241575451,-8.652041860255023,-8.815716419017795,-7.737675766388958,-6.388729401419762,-5.371592892262455,-4.1898078940914845,-3.5802102412622223,-2.6304235685768953,-2.131852460793363,-1.7519894255026947,-1.1756953395016467,-0.6305408267120434,-0.8678950756665557,1.1895120959415744,-0.22893784203378523,5.166348411664253,11.63833984055387,17.271845667283827,16.30761992194263,14.27330658208162,18.733487624977023,12.73487726088197,7.82160381676345,8.436347085545682,9.35997254029903,9.800624295713929,12.09400489014196,12.95583520006009,5.857611631663501,0.7122451082028299,2.351538360284624
6.085682609071215,6.972265626599405,7.418314287074956,10.31887586291046,9.860735240974924,-2.234061497669819,-4.181760878211886,-6.010992105993067,-5.4185824642545874,-4.243578100337336,-3.889356122107528,-3.740735630304938,-2.71849156723985,-2.1664162265829576,-1.6220335130132026,0.15522656608163624,4.371179046193056,8.812236048228769,13.10033982570698,11.153596084753861,14.5807294482927,17.475587501862947,17.09327259133647,16.696206369544367,9.992378763853248,8.75087442827719,13.127404540947806,10.774744384921851,10.563415658705608,11.135289656389912,11.453439732540525,12.28237269873351,8.442412888659032,4.752943975129418
6.186144948764985,6.087997597416126,7.00232463900924,8.371461154894302,8.620110065869605,8.857824736651233,10.129086974480296,10.925502890114041,4.891538825098721,0.6171937937494116,1.3510501871474587,1.5153880713559635,0.8021989882543527,3.4123899994346365,6.996110730438777,8.047017138173791,13.871110690194543,11.177868748358982,13.871692127280888,18.357785019897847,16.673396929178118,18.891293106264577,12.58609782719848,11.418269401376453,14.638870915522855,11.09713134028028,9.262552442536649,8.131009323885381,12.001290041016144,11.242983016981247,11.663765296357811,12.351335174454432,8.297151238322154,6.463159036163027
6.164449621496121,6.435552084613366,6.9364779737330835,6.910364538131257,7.251347276832566,8.224173618790381,8.967607237875113,9.860675773157764,10.195676203154031,9.50242957603855,7.4396900252288845,9.027871867829786,10.949393742265652,12.061141430613562,11.275060607502937,15.290138229286562,10.413349806962906,13.174451314340972,17.316441204389605,15.088421886514755,13.188939091221261,14.839728906323751,16.85671678238573,13.792821065378803,11.775999370176821,12.101538151981341,11.329110961875035,8.879863206859678,9.466701476869817,10.519395289253358,11.01718220935875,11.684772126688287,10.760065469081933,8.604080485843633
5.3957469660182715,5.84130308032234,6.089764888807884,6.472006151053152,6.974573233535788,7.35219534840746,7.970212433442141,8.878486929212585,9.529595273971598,8.10508609059971,11.430242814401893,13.424587011439407,11.359362446697762,13.682052936468198,10.74520383785283,11.108444422654124,11.430931663473514,11.466145915203644,13.73161292204369,15.150263074313026,15.044374382539035,15.592580879624956,13.079346617473254,13.806285485589791,12.29516444844692,10.244709213161043,12.719679660831865,10.309511774804603,9.283300379850289,10.210698634925643,10.24795287927579,10.486436315934366,10.913040900645537,7.406282448783081
4.923695502025316,5.328214092513675,5.744602315351574,6.007724303134965,6.409803181996444,6.755805946926877,6.9373173801927255,7.818577457971957,9.474076681670837,9.792069256726123,11.114544583257587,9.485486906961198,10.341111122284836,13.759759111334311,10.117702829189533,10.803751850054661,6.499467492527302,11.699481167173285,13.388943517511537,13.444001922946827,14.658997096718418,12.911576577076547,9.824047954334862,8.422777104493163,8.586112552378117,7.899386491501776,9.02197745405579,10.972154635012892,8.516195511628009,8.967397222328398,10.465261054536509,9.887001314715446,9.57325024622608,9.01006467667841
3.859299500286915,4.3010056978774465,4.771932001976209,5.29828514196696,5.504537903845917,6.115789018914538,6.610063095183154,6.68350697565441,8.338500333061075,9.735951780510405,7.4575919485310544,7.002867427732581,10.284555516009544,10.246976471027724,8.90372407680645,5.776259167143958,8.131862926392609,9.421569844750447,7.791508492896856,10.952280093210573,11.314366763997286,9.70031134609907,8.545961359924307,5.122714403395528,4.21062006587913,4.44940883932605,5.899544915708243,6.975931153314237,7.061307826532839,7.22418586834044,7.75336651047612,7.017595833725763,7.031680192464343,7.610423572575141
2.430979707319855,2.763643207918135,3.1475229771401114,3.7034609309655164,4.038389199875377,4.333992121519007,5.344884176983013,6.553972467724189,5.636661267205767,5.124229906022776,3.6072682350882412,4.006925145378531,7.122275745079041,7.657441554328813,4.913290078943514,5.665746218037586,5.925453687582777,5.103557348037598,6.89230827554663,8.937534982479344,8.197187449267732,8.38674258929405,8.69173501326586,8.00766759425424,7.559138091123282,6.864421274442563,7.2185333845454105,7.770932925939089,7.0944289396385765,6.5693066402219005,4.475883900973336,4.840123738872718,5.132134068650017,5.528664038510788
1.4024614122640053,1.6859896510278365,1.9628560619794906,2.1167782237245714,2.3823468372945866,4.65008546757565,3.354818138938564,2.976542111660771,5.831388971566829,2.9637116678614848,6.688603633555503,4.2546273777001655,7.31977513895035,7.916257023624261,5.694114860325121,4.52756921208129,4.624416006852463,6.247467185364217,7.2759031194499695,7.003724441920501,7.586332441060029,8.065234110705369,9.729187219998678,5.988462897649276,6.853240794075411,6.477888006343521,7.900908290417067,7.418516186245201,6.825341172518786,8.774043375217763,8.221288518594402,7.139294595308337,6.71627360030696,7.4304447533709785
-0.06562449441861158,0.44865874601933736,0.8471727968455744,1.6933400852304887,3.500858688216528,2.245632385350484,1.3016767252354007,1.4636112670073425,0.8198278578690418,5.486228536218413,7.434612695027608,8.403312853450977,7.417195888178842,7.955123364157461,5.693908966176251,7.1896873503373016,6.541915915269825,6.2113229717576335,5.602629971086195,4.981264406234046,6.435704302037599,7.005259087397793,7.9783601715309285,8.47872931390006,8.332877128777694,8.459419563547248,8.606826112598874,9.047246865679199,11.176929919554826,12.726396244992724,11.753759151547419,12.28042746292185,12.30019008095701,12.740006949037914
-1.2216362970961612,-0.8158782808920334,-0.22027317683712874,0.009696753852342739,2.0171253144935246,2.081081223212663,2.242252257149072,2.3989828992432503,4.503613168433152,4.159793701573119,6.321021468528148,8.264588166793372,6.7158761010641586,8.257115899347625,5.2782160535501115,6.489421943834707,3.8045275052707233,1.6381020480994637,4.37965954613106,6.9500074601002755,6.934455167908573,8.016193144520958,8.471711961536876,9.506416157358116,9.552502981522098,9.96950586799025,9.439689940426227,11.003973771058863,12.994956579320593,14.023671135188534,14.454092668643193,14.062791576939828,14.47999292376363,15.030523569112702
-2.0645795515395418,-0.38527099940710025,0.3949374348540979,1.9733506486242514,0.6286526354025092,3.3715981232751737,5.556705371396732,1.681455253668626,3.55619653353334,6.868672887732676,9.033926191729963,10.028840969742426,4.397621486027419,1.1466808534238613,8.005594668234723,5.2930406647176875,3.589277034955393,3.2726957559330754,4.890150826709529,6.42957903078928,5.609361418160766,8.707412552702493,10.249869419182989,11.57847439750112,10.68912507298967,11.982964932349642,12.617748513761795,13.472922362647362,14.072562150123504,14.446788534036862,14.850516669156551,14.448368585021132,13.882898326070078,14.617936898752646
-0.9230742366530443,-0.10342747940356642,-1.8163591246322763,-1.3246056427268167,1.8089390988198322,2.8515857304922885,2.0339471206034245,3.997628104858019,3.5240770567338573,4.178200151236338,4.779112606162465,9.753424769983193,7.429583780518753,2.2694661325180787,2.8441174192175342,5.373404873291006,2.991565816804097,3.644474134203065,4.953766904652648,6.661536014241417,8.562915161540701,8.978868270969667,10.399009351410351,11.601310458043079,9.673182319781315,10.586112942755207,10.574153643796995,12.811069037308247,11.8861726761656,12.328457107704908,13.035626034056213,14.31658390070532,15.301324838148103,15.307508759729716
0.484170254819141,2.4563391940750714,2.709411359455947,2.8543736154532753,0.6540199192095093,2.795348716188559,3.5860645518827705,-0.07594965931650285,0.9139254281075149,3.6809363160686193,7.03810519233751,8.759300589672137,7.357962461920382,7.150128955836224,3.9178575894176864,5.1402760410034265,5.84920050655196,3.503795810299198,5.795444268614097,7.213133493970237,9.313873301614626,9.391255847031639,6.696681495987764,9.935104429455768,8.579731550990218,9.41555881785623,13.814208984388458,11.745306433659055,11.789927540606955,14.190370492286018,15.751865377788837,14.303125418932868,14.10393769560756,15.900780081885
1.6195586685141197,2.21160032082269,1.9147475188399818,1.675173570889583,2.7306088666398582,3.743582576418645,5.292899979311911,7.101969077321716,0.12581528520938834,5.537033544980091,6.414939427134569,5.043347585569837,3.425879555988781,4.121446651105969,4.0285532807531945,1.7322271989022482,3.8958502234846746,4.392394239656863,5.128631092763943,6.701578512861224,9.462874630353117,10.373205375601044,7.662074894979284,6.303181413600144,8.83238414727634,8.870737907963617,11.512371601819472,10.012017340622684,11.83591267333562,15.411676255877492,14.321758596105845,13.263338191397928,14.25128833729078,14.526421605678195
0.869895092062711,2.562266664889149,0.49455371203550424,3.0049327313068965,2.466735444005898,4.4096175394558665,4.821630494946181,1.4114647474220976,6.799287436134172,5.694202788707858,4.813782229411689,2.8154071590162846,3.515267200792918,3.1905122534327117,3.672689636555014,4.50666358597966,4.579817704968354,3.8006317537984944,7.335524355027032,6.4511854700140345,7.784517485348918,6.057563350657783,6.829653902979244,8.570350722169973,6.491547616746587,7.886392412643827,9.60329555518083,7.782390167763038,12.253102543361916,13.214737381442736,13.225608325151716,12.295125214194028,13.762847320355084,12.938301771852256
1.7710617291012887,2.8878371957548628,2.332177410260746,2.8169335531323707,1.0955602184030457,1.9311381709060662,5.989843745016322,4.181762351024478,0.9161622601303463,6.407116998878328,5.643316420704907,3.169212949138434,1.0912453135136944,4.1237634405077275,2.647417861398392,2.8487827056191977,5.29959925872442,6.29322808471518,5.221251070779328,5.371582313192489,3.808691532943161,7.679112110015917,6.340011670515382,6.878099617692389,7.14078867250402,8.353017952043,9.42635235095927,10.381499030451542,10.06815791518996,10.539213602672229,12.331189885000846,14.6977818692807,15.47316213731992,12.89817384287493
2.5737525446486305,3.0356865020072865,2.00268374327591,3.1612620237435296,2.2285941636267825,2.0773001255401145,-0.3670040684410172,4.35146647587901,5.92635718203675,5.190111168351728,5.340898638398754,2.716279115142067,3.6786087199912694,0.39823953062823253,2.759923149468121,4.749165272272043,5.269319146984249,5.649049809703772,4.435052185440351,4.897673170689464,4.786651283558718,4.7722634077750685,6.896027266052335,7.352152528607023,6.508564300216717,6.966134538234314,7.577165972652323,9.81805608441344,11.55393614831493,12.426794972042966,14.427694065556325,13.743523386853877,15.157162484690181,9.805444986332565
2.2639484521695517,3.617232381580369,2.8796473598698555,2.57005873917796,1.0626812729916308,1.338345808995366,-0.030841970338592012,1.2773505188529177,6.011387681766495,4.514169812147171,5.481892477029857,3.9664707108197925,3.136864626256068,1.7654562762010686,2.5256686404611024,4.330068549044868,6.105074117379364,5.210848165546923,4.244141050815551,4.5415819145841345,4.584504677493233,4.966850848326281,5.227785430826378,6.427223669914697,7.419407427719685,8.123133608336353,9.147932033593994,10.698508256584232,14.888466145987712,13.117315636881951,14.254862657091715,14.81568603369023,16.689658911426868,16.077357832591883
2.668023715927299,3.3537778064887926,1.2709530642487854,0.4037325208824223,-0.09407381557317791,1.1431534523089921,-0.39590982628731,1.8527100272136885,4.25880159661595,1.0352505046929075,2.209376019775369,2.68916012720341,1.262197656861859,3.7525297694731408,4.6681953487484185,4.813760950809025,3.039803528975899,5.427446482834971,3.120202597362656,2.6179200999436225,5.963829754295946,4.725721785091983,6.3816707974380265,6.568543007409434,6.935605323488604,8.188410822525181,10.154249219759155,14.966414947513535,14.755387256361951,13.4766406270942,13.333990802865022,15.379787404536062,16.053446673034998,14.71503635875926
1.9592734432135852,0.998074877797345,0.3809701533679036,0.19266047725230726,1.382525929392987,-0.8684881303773528,-0.26042128182791113,1.0728961986772143,4.589320222806485,3.7881832932590025,0.5311852701250467,2.326295345001156,2.5629238879700647,5.361142465362959,6.349071091552207,5.132636952203596,7.434420447436656,4.636159602607319,2.628796734826669,3.9437117269594215,4.759879055827641,7.589028122076267,7.895335667841091,6.832894927274254,6.708917567154346,10.481972334384768,11.283021691722588,13.994965376909732,15.423387802250947,13.677762978122134,15.518739276682833,13.127981266976866,14.986175450041054,12.578856083326226
0.31535591924480727,0.25911247247633523,-0.3316080825406923,-0.9400698299527218,-1.3598600119745134,-1.9607164459521416,0.8982345571314635,1.5221653816071816,3.2999681470894213,0.7647165419955471,1.5837641244419156,2.395524723288192,3.4973613204835825,4.720170357504975,7.214430223699856,7.4318536395807415,9.423426197226217,6.627809190634197,3.695644546831316,4.073053713038412,5.9068442197548,8.151784022265616,7.2806658954314925,7.254774675660799,8.920937339029773,10.210812514051321,11.591844154273756,14.453655966591073,16.647119251906556,17.015902062772163,16.370479094505864,15.129918359306233,13.647876952011778,12.57848427583567
-0.686518722518243,-0.37119659626881274,-0.4397778181123912,-1.1302244067130232,-1.373259219491468,-1.153366082766159,-0.298604808307252,1.5346194911634385,2.2757951280822324,2.5537667079379367,2.016333364479839,2.6785867596870383,5.487637606127365,5.983572678127226,6.732131529706588,7.674828072194905,9.934985036330586,7.437420707852232,5.695237578161263,4.646655376903631,7.094916334588541,7.425046273464838,7.504618337693178,8.823282748067824,9.589810159211545,10.473757205612321,12.671664515823839,13.999587254084473,15.829294646327314,15.923733067478722,12.85145906898339,11.522923207733491,11.37589107845512,11.439506621406807
