script/wind10m.json
{"header": {"parameterCategory": 2, "parameterNumber": 3, "lo1": 3.000054539987559, "la1": 64.9999836372058, "dx": 0.5, "dy": 0.25, "nx": 34, "ny": 52, "refTime": "2025-01-07T14:00:00.000Z"}, "data":
[rows 0 to 24 of 52, columns 0 to 33 of 34]
-8.788357669232472,-8.170191613392097,-7.706151649832132,-7.323634928106811,-6.509322433160421,-5.495232846113929,-4.653033502438554,-3.8494368846169005,-3.1400361292441574,-2.3892749728947327,-1.6919213541952245,-0.9970332326530311,-0.3289374941618242,-0.22764284706158533,-1.155916809433192,-1.180410146085965,-0.5706233887879221,-0.34442744187543944,0.7685171242590353,1.135411963443266,-1.6312536611982469,0.5734137558016356,1.3710931004268256,-4.714818287857713,-0.21867909329140756,-2.2591039936864026,-2.323970060705868,-2.273818748534161,-2.4485380793990896,-1.7917155716603679,-2.09182055375119,-1.6554629338156481,-2.7043404610809625,-1.8230945811390162
-9.812208104189432,-9.264941497192629,-8.872516670628569,-7.784773511370337,-6.728455173071012,-5.636649187418893,-4.711677135655504,-3.650298378990606,-2.780438472673104,-1.5692604523661613,-1.0572483111354578,-0.3876463370208442,-0.19292074531650263,-0.33968848310466254,-0.14600330256848335,0.18947231678740709,-0.8703306093976161,-2.0817189523631945,4.834281320117648,1.8845840538724687,-0.9643504227085007,-0.5612216917104068,-2.111803374422709,-0.3916356257668171,-0.026727037315967556,-1.5632579310810355,-1.8348719640966422,-2.307350129352353,-2.861203044293053,-2.6691449943426635,-2.2936553134472897,-2.300618943592696,-2.3620368865160963,-2.829891266476687
-11.03669417069032,-10.400309695819043,-9.134918986323475,-7.7868060445444875,-6.500445063461529,-5.410717613624263,-4.405937333364902,-3.249755472141934,-2.5450668395164766,-1.6003479210212883,-1.1830610576485578,-0.7424012450109271,-0.6955302767408045,-0.735153708390046,-0.954433473033943,-1.402850877895162,-0.12446541246431098,0.03184202958327595,-3.4391295146747924,-1.4347158178598387,-0.6377696276328156,-1.6241091911626975,0.19304014109786757,-2.851780289265059,-3.151888422209501,-2.7478133652813947,-3.0841246275742424,-3.013763844461864,-3.3405940310367823,-3.9161390201769044,-3.5407490607338983,-3.1247932515815227,-2.831230365770448,-3.065278157265169
-11.49138529702923,-10.321622301711015,-9.067101916168708,-8.017429690855915,-7.185958044754694,-5.834668021422704,-4.393291648297493,-2.8748209654605663,-1.78708439972988,-1.7190472778781962,-1.3392817951024933,-0.8289274408844057,-0.7999340571004537,-1.0276616431594692,-1.2982889702653424,3.799751906284412,-0.41255937372333096,-0.2911265039543935,0.7220683562637364,-0.20218112291020432,0.8203050754577361,0.7641438595503821,-3.733052619752665,-1.068534130527767,-1.689081398678817,-2.405824053746686,-1.899634193732018,-3.1819678566105565,-3.2928307331317965,-3.020402823833822,-3.47475527095339,-3.186859732075293,-3.800322155731371,-3.2210135045491235
-11.43888561282483,-10.122235755993712,-9.120561772553085,-8.050911573804083,-6.748737534473711,-5.426107388502685,-4.273086963074703,-3.397407212959285,-2.720352182069874,-1.3841862430260305,-0.3896267150850314,-0.11801244272990422,0.09760089783268552,0.8148287096239958,3.161280940408468,2.465723102502152,0.19897393220879928,-0.7438336257123366,-2.7102387101494507,2.0066337593256987,4.207189502642331,1.6027473626421143,0.058218468386698474,-2.887911356283681,-2.576145491437393,-2.589585876484799,-2.281880340142163,-2.9894587898476646,-3.340575575502223,-2.595148072895698,-3.270437532592492,-4.126389238404847,-3.0483092324459786,-3.1707679243440445
-10.917770588456067,-10.14736066591593,-9.10351551811413,-7.958295398106485,-6.8007454755449,-5.915472313649592,-5.011327642272125,-4.369646139495296,-3.0591426940741395,-1.8748066024111623,-1.2122588170446933,-0.14602452018805903,0.6217965331019697,0.1325203926978621,-0.4004977765465191,-0.7179380754650219,-3.5511796642587226,-0.7507452409279252,3.987908988251398,5.226994170549667,1.6147643161862222,-1.3530605800309419,-1.8735532582087293,-1.9547128998054772,-2.4116503302876673,-2.3186386442054387,-1.8334722289970429,-2.057894440321339,-2.217829546131168,-2.6509705617371626,-2.7478079634978165,-2.4313519958872667,-2.1534196788252187,-1.8070990422519235
-10.953531191493324,-10.1992854080144,-9.235394492155743,-8.50772763796357,-7.509960048836296,-6.435505055815554,-5.451747749148878,-4.498759760438724,-3.5634616900396656,-2.7103751642640477,-1.8542378990476087,-0.009952220683369853,-1.0217037717394846,3.3896503512897613,0.42420616944487155,-4.511432213701659,-0.18692683841832639,5.67904328621949,1.064689586142231,1.913200535788156,0.7918417037482544,-0.18731670284938368,-2.2928105716598535,-2.450810106919237,-3.001944116290526,-2.5741623967157636,-2.470787533664404,-2.348002265219855,-2.654545968038751,-2.1304079839281713,-2.3491744890721997,-1.936576063820991,-2.0367810106350173,-2.8266590044173263
-11.63886652633894,-11.03337167837984,-9.791515318426175,-8.719378533646966,-7.368099003698868,-6.530355320718562,-5.821803945725324,-4.765990220099653,-4.028427984204546,-2.9634045078391598,-1.414428824102585,2.62690449325859,-1.8496261696205256,-1.2658838067257168,-1.3978326921648574,-0.4569567338963163,0.533448783994031,-3.9247017527278696,-0.5770349661489489,0.05201192957290525,0.6361564528563705,-1.1997773156698397,-1.1713287190203312,-3.237440259617493,-1.8696669079254766,-2.4314810499099893,-3.198643482586935,-2.8162254797456803,-2.0931259823650197,-2.757373144959203,-2.6472084116439487,-2.3098910659772236,-1.4806188573802588,-2.0566857885858876
-12.136825118215171,-10.97342753173046,-9.608786543662958,-8.741760564190129,-7.684513678412488,-6.580593807359147,-5.223684765672133,-4.225447316172861,-3.2728698221996613,-0.25753682677867973,-1.0713027115856035,-1.448084741193054,-1.775280936765393,6.172987779244066,2.881838388380988,1.8426783773532902,3.635896409996663,1.988208025016243,6.407468302624246,-0.024978546724806323,1.9669660257917683,-2.9648893859126706,-2.5374749240377956,-1.6606063813455876,-2.309201988022598,-2.669104518845879,-2.3718480347132327,-1.7172704235120142,-2.59695819678397,-2.2812457903285392,-1.673096532008796,-2.5721709277982674,-2.7622911628674007,-1.9257758056976388
-11.875681700071516,-10.538140824738093,-9.407680003353383,-8.440819728742255,-6.926302422677353,-5.539903592870675,-4.437674869126828,-4.0476896127834445,0.8538976009689653,-2.681356041420462,-4.730190239787321,-1.5314871044612919,10.170225432185402,1.0853332894757586,3.32150249629044,7.9866623283437495,1.272734744223981,2.029867855976318,0.4060270780562697,-2.6450210600701687,-4.156658185965849,-0.7402758534866313,-3.668273709585188,-2.1309573377138724,-2.183339890038574,-2.7657381590595835,-2.2058225937974028,-3.4003843894955597,-1.7641504675144197,-1.8262250830855833,-2.8132449036099207,-2.835307248613793,-2.742689075948919,-1.8773058514634728
-11.390248016399424,-10.113164528694409,-8.579704117461224,-7.451449762266796,-6.146869795174255,-4.973021217490675,-3.428463752175755,-0.26921959858994216,-1.1275519390067408,-1.2386206709229473,7.756357025440922,4.665985622164908,-1.7624751770653733,3.07682370803772,4.947930724909738,2.8299348203161983,-1.616742970007793,1.571245247260125,-7.2886689310383295,-1.5500778719465715,-2.741980177074595,-2.9766206326368594,-4.5937754710654595,-2.6311722372442103,-3.668766634667248,-2.331793845974633,-1.7326938343805924,-2.371569843901196,-1.7505825688600671,-2.9836384342320965,-6.066759550960294,-4.367842286471054,-2.622312535429332,-0.178454030121906
-10.515792971199687,-9.065773760936576,-7.87895788809474,-6.332575430543863,-4.957296103026723,0.8082651760532198,-0.6366882015913745,1.2536525449178149,1.1153891205756765,3.7752493964745244,-1.2653245754995608,0.7193161390418086,2.0749805057789312,-2.5667514301409495,-0.44633980056915895,-1.2867749387842817,-0.5838168501261612,-4.0652996216150745,-4.48979877169245,-3.689045972807298,-2.733346855910945,-4.02035661783524,-2.7801262440033625,-3.6812948025520598,-3.4936502351334595,-2.0042360427702706,-2.389819709894326,-2.18512252309479,-1.7837365860911332,-4.9818287966237715,-7.305413515801806,-4.9149806377199905,0.38499683204443846,4.205695641492291
-9.874824919430958,-8.378729747013917,-7.095351185792842,-6.485253740736118,-1.562884271161952,1.2032393836472997,-0.4158970239406787,-3.0418850912006503,3.6829624185028735,2.4753087108871354,-6.641778669058313,4.928304570282756,0.7048227125848854,-4.289357255031589,-1.0695051776653344,-1.9062308403900863,-3.5894737705692608,-2.434522122683332,-2.06474612492883,-4.022809957785035,-3.9404531521216377,-2.415174478393272,-3.0985734265910754,-2.2594246129786217,-2.6690905045590614,-1.448858617816247,-2.1795703893896885,-2.6361919051443277,-3.147865420218561,-9.149129120354894,-7.027281054318104,7.692628387728662,8.107727406274982,7.662253228233182
-9.274983828100819,-8.18571220269461,-7.471653186898379,-6.695255484319021,-2.8512488971157155,-0.9713609594186936,-2.5638699385519486,-1.1759549622035101,8.221272984569282,-0.7232024676159268,0.8559893564415642,3.1934945691239327,-1.1044579133138743,1.2277569365568828,-8.312188715878648,-1.1613425221589353,-2.6294628876337836,-4.476659743364432,-4.948156259683639,-1.073613639279299,-0.14683862600472886,-5.532732498036518,-2.152787668915974,-2.394537815104526,-2.558021289336069,-2.57508437759927,-1.3799763032608205,-1.7591024198442493,-3.542508969559007,-7.0227500291869145,5.867819625284881,6.7878220233623345,7.217926101520931,7.314262357923672
-8.741670409895764,-7.411472483772487,-7.376676335564238,-4.410305189620545,-0.0744353176268703,-0.10708207841962222,0.542915707828377,9.169598105879965,-4.883294928005948,-5.470497821137973,-2.107271304578254,-5.467399989541299,-4.170816632383948,-1.6941712782393195,-2.0313512354204755,-6.427485979682984,-3.3956537731537004,-1.2171302021201431,-2.2349627814725253,-3.621663543453984,-2.5763611561430766,-0.7961677703394477,-3.2648285224824747,-2.24169978898658,-2.188598414864371,-1.8442382173550267,-2.8314077753170515,-2.0838673809513604,-2.8725710279701437,1.850690924495806,5.606716185421791,5.548709421258885,6.819845974135729,8.182792235872157
-8.517285322188235,-7.070459568375396,-5.222978851768584,-3.451068314521117,-1.4481404957714616,-1.4348221048076555,-0.28094806515698273,0.8230098089121798,-0.8495311601848357,-1.8595566777060715,1.0275882869416721,-3.804967739503806,-10.889807436539328,-7.368935986674495,-0.12975376152878643,-4.940082991228865,-6.367849467755297,-3.3321488874796055,-1.1476292261903964,-3.349309327022436,-2.491966401238158,-2.4499923754968895,-1.0562596532989732,-1.3462187091451678,-2.961164225114408,-2.1369314367678687,-1.1651868195604178,-1.0062536997833016,-1.0147223042076055,3.678214603433158,5.5310999157097855,7.236971426527519,7.915955287873904,8.29298419280241
-8.151390997208111,-6.1357427148350645,-5.096807258499886,-5.000598679662663,-0.9991262143007068,0.2598138936317025,-2.5425105588933254,-2.1283932465906945,-5.1752180901602856,-0.13933795848825695,0.6819228001212989,-9.380740588355176,-2.6728849748601715,-1.7452226158705983,-2.1468487896606927,-0.5189603134789575,-4.232435090556547,-2.76163278246877,-3.2502707773456483,-2.6060653559285876,-0.7210914977527284,-2.0284937866240695,-2.514655321861279,-1.6413556620629164,-1.7377069862740482,-1.5964033056017566,-0.9522108151360696,-0.8079492714594146,0.12545504656026132,5.350027387216687,7.220645777911208,7.434019397777481,8.344906829775095,9.468467960632626
-8.84643053567403,-6.72436725388478,-5.8549553356450605,-4.69568880102779,-1.7163378018022462,-1.0339092970404273,0.30854386351035856,-1.6926636240437876,-2.7175039832100065,0.5293669653705618,-3.1296554903730116,-7.697094942233212,-4.291562042032004,-3.757894764882559,-3.2198990593766417,-2.7856241851983254,-4.571241958688387,-2.192200014450447,-2.564423840441334,-2.320978958254694,-1.982504539131207,-0.5656107672149112,-1.3875420329878607,-1.2464042535597022,0.8476299480927552,0.02847970732833224,0.8655274018465015,0.8145062399046145,1.6801013927368762,5.529922287897804,6.608379237528257,6.906462206950967,8.381297806828108,9.814768717697529
-8.899453449837706,-7.523879893746721,-4.946810088568219,-4.108561993974072,-2.2265127654149297,-0.790924744621114,-2.432227485931513,-0.7635803281485449,0.28517350302878847,-8.78386810351952,-3.4594620650126653,-4.822485302005087,-3.0107892229267557,-4.600305169562772,-3.0373059339961483,-5.040400099072535,-2.840095971896064,-2.2918416884937485,-1.7982513867723555,-1.144220278035694,-1.2820563262564044,-1.226072900002006,-0.47384326673794064,0.37887289632825655,1.442742946057432,1.526016826038922,2.596844055066455,2.036390087042927,2.5908278309352593,3.4242430159729396,4.457438191220909,6.354106506607097,8.531828668849878,10.100643586886774
-7.789580421227053,-7.4788688241924675,-4.857054351340907,-4.209886375425223,-0.419981436574851,-0.5709054722184629,-3.069826231280208,-0.8541270070622691,-0.6909745927961924,-4.844037730391718,-5.179167193106129,-5.520275154136809,-2.1156969262713323,-6.516882662412141,-6.546961127557553,-2.1930948841874573,-4.76957342706791,-1.9589475407462655,-0.8522376130019397,-0.16342636665723542,0.16047213423747486,1.028395732825693,2.1588879350354215,2.1123236595082195,2.2063882284646033,2.8714851132795696,3.093898350115678,2.569807297409923,3.013913716959151,3.012111972541736,3.361059830959435,3.3212713074927644,9.208353396065721,6.7137713902163405
-7.03330314063557,-6.846548179413745,-5.003133088532233,-4.523628699467988,-0.5864012410195794,0.8136747622490682,-0.009779468791519735,-2.678267825482096,-6.44487929883555,-4.356053124650416,-5.796725903063598,-5.541470927869759,-4.309647220334077,-4.155159425202314,-6.163959828647463,-3.431710025661383,-3.3291055890107333,0.6029894779771244,0.9793982760434076,2.4362200197181267,2.51681451893985,2.1927749543874078,3.2998299312196546,3.014571285059925,3.7176815601121684,3.5533829656718656,2.8410391777057415,3.8648877546810763,3.5678147288401756,5.602854244128549,5.048281889213941,3.620677749390378,9.709096623190128,12.452740179454569
-6.774184083899292,-6.360061988441196,-6.349464420979558,-3.2469554896709374,-1.185425131672086,0.18648089454741015,-0.5999504526190336,-4.511889532608731,-6.061376053118079,-2.3523937189362982,-7.4104075101851095,-6.286340614367144,-6.237608161177403,-5.058659596529924,-4.901184959625226,-4.725796133889455,0.02311511548684498,2.12648685659914,1.6721771440131536,3.163004430442311,3.3544995672235607,4.055276447771899,3.2705226997801002,3.286445898582678,2.9399985459628204,3.6343434249720796,3.731720945887741,4.929858301645478,4.798995176701153,6.105870346326699,4.222056936735779,6.14572360578483,4.838082882839269,12.612234700786523
-6.423810090103748,-5.86544914816578,-5.88442429397639,-3.030089703611774,-2.040899581919242,0.6882258632823979,0.1939146462055335,-2.6182715471359312,-4.938173663614158,-5.905075499192273,-1.930306310236613,-5.332823783262508,-6.508376171560376,-4.270924071294708,-5.292308136113637,-4.402004262836615,1.6336911622237344,2.6089148698886153,3.423448719300633,4.591641932327258,3.546482313338065,4.61669135023808,4.861032694773726,3.9698030188729785,4.773216768522235,6.181793954020031,5.585610709011824,6.723140775638545,4.40906262694179,5.293078375380873,5.790564668025649,7.118444770141065,11.443088748674187,12.25923702056158
-6.3925193053723675,-4.800501947278267,-5.18604326602607,-3.565753966545805,-1.8518376677349375,-2.0649963453100466,0.8518709053442698,1.1720089790409562,-3.6011342573908585,-0.9001949976088373,-2.6188041764277754,-2.1691652026829136,-3.1041912722994653,-2.8131990588748894,-3.4185588510595006,11.825841984199943,9.06081501646064,5.103802679705425,4.419431307692343,3.9002689958846344,5.417820680153701,11.602073274973659,8.269541400417694,4.126739564708278,8.349227397159677,5.759799970976135,9.729487671100875,5.732519479207978,4.135094191631547,5.458017040070187,7.320383006151942,5.214730013855389,13.535948301556303,13.743700217310414
-6.327901493062268,-4.631106587774536,-4.318945609208105,-2.8352853759790437,-2.011827717961353,1.9826053210139247,0.9600123106512093,0.39343324286281584,-0.9832480430609303,-0.35116923381664966,-1.7299799856093787,-2.0758086852000917,-1.722951188276047,-0.5724960076998659,1.9208801449700752,12.278129035330055,15.595700543385233,6.91113911582725,6.728782045434918,4.8800446134050635,14.026664143961149,14.8543768960266,5.395254391797192,4.64814795730098,6.955983121847622,6.15316133172525,7.415974435928586,4.49024555892775,3.6968419434334434,6.010660361376466,7.128929725915348,14.010744296092266,14.538904566295727,12.191204344340344
