script/wind50m.json
{"header": {"parameterCategory": 2, "parameterNumber": 2, "lo1": 3.000054539987559, "la1": 64.9999836372058, "dx": 0.5, "dy": 0.25, "nx": 34, "ny": 52, "refTime": "2026-07-16T20:00:00.000Z"}, "data":
[rows 0 to 23 of 52, columns 0 to 33 of 34]
4.438631387668075,4.065934763888089,4.553400253287801,4.979325680734569,5.000169835223219,5.663515487108333,6.079250797394188,6.210195207917245,6.731273105271641,5.545597943461864,6.668952445986543,5.557109588958227,5.403062348284032,5.004025976806987,5.148618936171396,4.740671707977399,3.9957286023288243,3.2805346957976105,2.0354767826044036,0.6355630471377828,4.756569584693795,1.2946579362464474,4.12599572317594,5.822157328095242,7.965442335353101,5.427108850834927,4.178205619533166,4.934342398810517,4.509929651004063,4.955624381421436,4.096981458079848,4.676869324979848,4.958378373999924,5.157954264531839
4.327631691869677,4.5566637616791015,4.480122808755671,5.0226789240978755,5.813191121410347,5.839555263056567,5.795486175477028,5.765223492583887,6.2207301219895825,6.1936652120618065,5.660423110049984,5.14504263984877,5.105160158236842,4.920681978658265,4.853526475474538,4.593855431009509,4.715738608241091,3.5784497930090704,2.974133679036462,8.07674548476746,2.5745314388595384,3.818309662896047,1.5237383499752766,6.441712697213064,3.9258253152140563,3.1399096780332196,4.317957844031549,5.013971690773139,5.035621280248781,5.920876271090419,5.00330078679242,5.15396212044535,5.054953492275941,5.380466348550827
4.530930510530206,4.463794774779786,4.988181956424823,5.323760271207571,5.297079688409785,6.182354606851711,5.789589043148244,5.4016112724043905,5.267151165888391,5.485781195689021,4.693738467302026,5.016347710404066,4.5557356430199425,4.540515894354932,4.395118066221956,4.628996477972635,5.203243727079915,2.0028405786367975,2.058246915229645,3.686429176237926,5.539462778009652,3.7984033994817525,4.741799726020712,4.859193182697749,4.734793140469546,3.68778683380331,4.3596132885717225,4.8885528893184,4.45975717314029,4.746836424526853,4.6946266996084445,4.66010367606268,4.485285526797934,4.718266023076033
4.838577288655286,4.762872647397716,4.751515234516862,5.638734734342596,5.465987628758209,5.418682352123802,4.051967390730953,5.4529021872544785,5.249763119436987,4.445257813910031,4.554340766880113,4.751881248288459,5.045576958961458,4.315897302953612,3.963245153126495,4.172478688588893,3.141513046644788,0.03242235825667556,0.36282538291266336,-0.37645461146321013,2.657943363053468,3.788729281820461,5.181935128089471,3.506438150862792,2.9868141889889075,3.371158397519426,3.892769203589983,2.5395101395620223,3.4669487781440695,3.8153604391663056,3.905718663274107,4.282829354793998,3.5037565243908424,2.0853117459062838
4.124091394786913,5.026562533828387,4.603803521010526,3.6972758021705654,3.796404832920733,5.181284774107016,5.087922823482813,4.295634010570869,3.772656794697036,4.597406988949141,5.250217235627184,5.037537319249929,4.793005712223095,4.246366291809795,2.4705793679774333,3.221015637783316,6.033733811939747,1.78407496618367,3.431928623819459,8.616537311710033,4.7193094436517535,9.013838803770128,0.9897013308672789,3.3542870111030147,3.2893311238691765,3.6867467868290364,3.049499763425572,3.0619952373320127,3.6280460216907384,3.1208650093914856,3.995079435908013,4.482008261330715,2.5724179531966715,2.3007348502584124
4.58960737457018,5.104588661414982,3.681290621307429,3.752830195929837,4.303743971298107,4.232763322461346,3.469550036910219,3.970430166611422,4.877774539795272,4.140734703900285,4.39571896023484,4.4305100254696015,4.128267727163033,3.675599715788912,1.639563403838872,3.1063095938839766,0.9109000926855179,3.8698002608976285,5.479836799328164,3.6153943570048215,3.2681975545883835,5.52271340494933,4.146266575446126,2.1005496431094297,2.990896376564328,2.8119406821423163,3.5451134414812917,2.4907428285770483,4.851807176262891,4.158069641517584,1.6891602092985367,0.4683523779497337,0.19277969715637902,0.3203144578201942
3.911741995218083,2.68749812505756,3.98661395560223,4.165399756021839,3.468723679739059,2.943433258984382,3.7411995656244046,2.7546800962575646,4.284108258070623,3.573975073847966,3.572761676148272,3.216028388479904,2.149771428617691,1.6396805055521224,1.8619893236059148,6.9308670106185035,1.553753479317229,1.9947587862334497,4.197410851796961,2.7544175075333848,2.173725886935646,2.9854184059607465,4.093418588755334,4.687313940001819,4.28081851265698,3.847014309902372,4.008187934426108,4.4991538234704365,4.723619793922651,2.2667098101443734,2.2837961228404176,1.05219662886538,1.9479954141631428,1.2109468805223653
2.536109351184328,4.035023377545649,3.9950970996128663,3.3005060578941854,2.635984498024572,3.056647058142583,3.2667612650280997,3.2597446679354816,2.7566002387605884,2.8728958529205166,2.5592064664826006,1.2341141151517896,-0.04277820596144409,3.8322910510018375,-0.8392626334078376,0.11796745509331852,-1.6012999134389345,2.38677323984935,3.729585605984774,4.084373905568363,5.170313424226358,3.359079490745256,2.2374592746620423,3.6291146631836284,2.689310536980009,3.262816851509903,3.2983070260444842,3.0105087771041865,1.4403145987070727,-0.9293936292373252,2.4849395269786636,0.9717205613628594,3.3081841459467594,6.888851791506882
3.4350439065845744,3.4523569462857426,2.982146762970879,2.016524635581148,2.523807978050982,2.8009144142507494,2.3366427511407064,1.5268797464930097,1.6542125630556435,1.158735104207726,0.6959380740587101,2.4524687839146,3.0377010562547766,1.6529405087336921,0.09839216381280577,-0.1696849420001427,-0.01682501364891578,2.078414162746268,2.9556199034054935,1.9606078185069662,2.859494471539917,0.2991237009558377,0.7039382962178082,1.6084852166848669,2.280638005634179,1.1876820472135892,3.499974959776497,0.18913936036513562,0.9158972601978554,3.1977690880153804,-0.31056176686022025,3.358950660498069,5.210911676480085,5.671813380209861
2.7511208926457122,2.411541151261302,1.5783972702870976,1.980726825614868,1.9922986301753471,1.4120585891999233,0.8339015956315512,0.8707615203905001,0.8139217868435427,1.5448806395266907,0.8446184417036942,0.2929446561648928,2.6579116883327147,-1.3907228698274339,0.15042824462915147,-0.34110926758660326,0.47684812305154184,2.154239904030615,1.6385001184946382,3.471113544053185,4.74157317834207,0.8956908110245599,-0.7105840782626428,0.3847613119406835,1.4051278091440702,-1.0131625328581446,-2.8960409763648496,-2.859841211895393,-2.756348031796803,-1.598883485863085,1.8604871111418873,4.916497121462868,4.987984064422809,4.744679158201242
1.3276464879681376,0.5743883489402096,1.2322682809262544,1.129419753618045,0.6385672946649499,0.004279592283215673,0.8095504209276843,1.478650191103628,0.5473320857784301,1.2182457898760632,3.0730244324875247,-0.3487019611563996,1.3291657007290947,0.7457600754014105,0.6414702092637391,-0.6445914753049165,0.8358682017340994,1.7901127081191446,-1.453379656802095,0.6987546540508084,0.6931397494562376,-0.25451159994349526,-3.974592592083963,0.37524188833314337,-2.085589832984377,1.2013625430357526,-0.17203603033665255,-2.0929562583901253,-0.8973947982232546,-3.1925954245810924,3.227270251800844,3.126334211575061,3.398929541702834,4.1122348776340045
0.7148024067411193,1.4228578568613581,0.9518019650223555,0.09575221399667841,-1.329659461710039,0.1367936175290096,-2.1148532995705684,1.1681028602630115,1.7576104898247384,0.46562324085581147,1.2806337575025633,4.500369649420783,-1.6045044825859618,-2.884923215194871,1.2589991173278678,-0.3390647824449699,-0.7453002434566793,-3.4207827822447694,-0.3616247376218335,0.19608286340085765,-0.9385273281453412,-2.4197676574603215,-1.847727925939471,-0.15061554814552258,1.8223058517616626,-3.806695579663762,-1.9783917501415618,-0.4791216843796587,1.1468142254939666,-0.020427235278703382,2.261818925659371,1.907169897251176,2.495193407786283,3.2320576191621235
1.6144663427905044,1.371786538420376,0.25632703414048397,-0.5085798816418652,-0.37610838619801024,-0.9970330399618949,1.3523220167742733,0.12035738416039549,-0.5793054177845539,4.17699844700864,4.457075108873268,3.20920927535945,1.6243634026473908,-4.556562042967408,-4.892002150846928,0.2049562951805216,1.1588748676259801,-2.8638576161429277,-0.5891020536513117,-0.9372094000453756,0.7391744391460211,4.513471037118545,4.185957566273228,2.9529127502945527,0.49684045752704736,-4.797863199996837,-3.7787657574110054,-3.6772399669201605,-1.3402584447923345,0.9985026473586246,0.2873734470543856,0.7778266918041279,1.6318389851894464,2.222669556943372
2.1083032297890036,1.2647964044129587,0.5061754024017747,0.09332240839423438,-3.3690954643837543,-0.700452742371113,-0.9729658371437455,-0.6167437509875514,0.6182825901905102,2.4470940138181914,1.8153320222865335,3.618586628721262,0.30057068098230894,3.9437818535808726,-5.4951644530796875,2.4365609347289583,1.929364078361578,1.2116021523934375,1.5941181768282076,3.2308200950731663,-0.9770871654918364,2.111264213179719,3.664592261739825,2.6266156979648856,1.6274876876708155,0.94331916406751,-2.386723442719047,-0.05967406598284237,-1.9638548667099482,0.3714723203694178,-0.7404871699577613,-0.4591812231249739,1.023592262439357,1.2658039972302857
1.3602943132192904,1.1244871382838526,0.8007571531504967,2.6703577085837424,2.5659450925223033,2.2921811153946705,-0.09387772921506593,1.645530259009565,0.15550177205511798,0.09243572611887291,1.5788659575976243,4.424820772657141,2.778232952088791,-1.6491797598634121,-0.7290552596402137,1.0857015444227354,0.683796854617418,2.2723880841951263,2.653524384643562,0.3351119620997244,1.5681766595408642,-0.5752097429669405,0.14987856673865022,2.0947188519973032,1.8545713696278872,-1.9712256254152076,-3.1934592110717017,-2.447034555468911,-0.9213282179980298,-0.3468479553181103,-1.6689618450592913,-1.2058043026691614,0.6957490989592522,1.267711390644403
1.3097598136391144,0.9558959046349302,1.5000940212063871,2.9937962158194353,1.8268147170833742,1.2904779053731952,0.5740934982872717,-0.805824082472022,1.8220172378270152,1.2126579757863776,4.252855900032818,5.439184580167528,2.5768668382029047,1.6056595928323967,-2.0833351647168334,1.359009758493459,4.711564975571075,-0.1471513469893648,2.1721080766577536,1.7560978591881167,3.968575056233511,2.4037077764974515,-0.8711925577889144,0.30761825449887514,0.3613645281235935,0.7684492428915252,0.04155992713784942,-1.857638339213519,-1.1536385468996941,-1.8379011433597359,-3.114364735517406,-2.25207993383655,-0.36740758624389563,2.218957706043495
0.8486620592375308,0.7890179411505333,1.5591135697345242,1.3201997987682195,-0.20320971955733796,-0.603838736923554,1.074053018193901,-1.1726544773399714,1.2692767437373629,-1.9949148358704907,4.751120198641521,5.222858903562445,3.9729491884905688,-0.33552477159011074,-0.9382400108353774,-3.941350813685845,0.6746318126381161,-0.48342909100762926,0.7365727844177556,1.5466288823989207,2.61993107813965,3.442167748867699,-0.4895787475457762,-1.2050719434485313,-0.5974962700019506,-1.273454354853178,-1.485040559213472,-2.3252798869961357,-1.8570438694865972,-3.2369436245729357,-3.850329339536023,-3.752315691968649,-1.5032079669619136,0.6791744137862339
0.4962035648425577,0.4274271211612507,1.143189711016509,1.587984039817904,2.9791226593194158,-0.17767855517757214,1.7715297323393748,-1.0140009327940698,4.182151929325194,3.8534115751220765,1.8293352830615517,3.5774230358975494,-0.38832696332253064,2.14907159477911,1.466414249556526,3.3047010406960853,1.3935200846035405,0.9652541935328658,0.3350920817431194,1.6919292642935835,0.5762596386031206,1.5519955844773514,2.1156636418158934,2.4706260791543606,-0.7027187649336291,-1.8968155842527288,-3.4462639117646887,-2.7876618783722993,-2.5932972738693247,-3.7828657696026,-2.737583406037212,-3.4237475528547754,-2.045235410745625,-1.6552196037556717
-0.008284613411423565,0.0842604093973648,1.0030148100254268,1.8249418763993104,2.1449276358792857,0.5527081775290142,0.5877404585445727,-1.6311676478519401,2.144795900486842,5.013130046114332,2.4717244342787126,2.896826854069259,2.53601269416403,-2.827358438671803,-0.08396648815006595,1.136471389237987,3.2391493544645846,1.0987198665808564,0.1437521903675239,0.07398671050735268,0.7292247587167542,1.5121422115073713,1.6724882146172468,1.9963101493998112,1.0401312770660518,-2.470409128876803,-3.281083615679911,-2.9663486937979484,-3.5698204977390167,-2.918570586619604,-1.9653389872161828,-1.8877499611259607,-0.33848419555502024,0.12269887302714358
-0.4027445642143535,0.38552434720023243,0.7844474353327775,1.9558724817921025,1.5553571129997044,1.1470291473728729,0.2948797838632791,1.8013295477536342,3.46733685086605,3.7271993995269304,3.106110803875415,4.8009444633053056,-1.9366669970548331,5.438461431838474,-0.28508756358011217,2.1283500511159335,2.806464635327879,2.1163783498349122,2.4892351858195347,-0.18913210235207592,1.2273607075773874,0.5032583429617524,2.2129208075122344,2.3026136882744215,1.6584959365188425,2.0422661803275295,-3.824642431392282,-3.19919971479108,-3.7800777066996982,-2.0678520766232857,-1.4563840690071397,-0.31325308392974555,0.47383516138654896,-0.7437193944498478
-0.12538913575829677,0.29315790753057785,0.6466403114909972,1.7474287168732028,2.8883017789991907,0.6906167360704961,-0.13151616752372872,0.6254768681936336,2.249965956829344,2.7519179162615814,0.8146294002506933,0.7595056177147235,1.4471554490775722,0.8602391685540524,1.609123490395728,1.680857936796263,1.89680595641799,1.4156280411927757,3.61589116295789,1.3145343386289376,1.342187557454953,0.899886526008878,1.501007162151913,2.950468396870559,1.8912396762914365,0.8025295956851396,-0.3007533323778472,-1.589593711490665,-3.4960149475702567,-2.050143279686106,-1.7940070778806287,-1.3090489142726056,0.39224853409319976,-1.2938182609670985
0.5697103712568501,-0.21878305305808143,-0.04664246080239034,0.7923174101720035,1.2374813685094765,3.073456647012393,1.850166244781546,-0.8899487710752024,2.4992680942284906,3.4408357610274276,-0.5255921150886036,1.251556096999193,-1.3205042212204257,3.644713047546081,0.8703351130041002,2.657552139418231,0.8157320324931938,1.4230013902711467,3.755541549234963,4.515439800278104,1.445657665372004,-1.1814997206881939,1.154713607970889,1.8148237958657116,1.945398627343802,0.14504669108296,-1.3951785867715263,-1.8821861890296039,-3.3184428744257763,-3.1489223476625674,-2.786266195715363,-1.3690449770575575,-0.44663016432835806,-2.9721534687048345
0.5035537203277295,-0.5877828673262042,-0.11655288434618442,0.31987233601253634,0.6739952804833362,1.530723722719245,-0.2923919818014262,1.3666018410305985,3.4083415379078197,1.2241168596546934,-2.423622833250934,-2.4055286948514647,0.9499777973023062,1.2766980155936014,3.402525082826766,1.724678170980208,1.3247911705190527,2.760254464289145,3.408645132316239,3.775434526539874,2.8485545356880726,2.6801119671640317,-0.4847697371114807,-0.4542013503562385,0.02805358161105325,-1.6274331100008932,-1.235568678237354,-0.612298240030406,-3.014268544049803,-2.4706395022378485,-2.25614664385078,-1.4547439651278238,-2.0414758414813754,-5.0084758852423406
-1.0430232518091627,-1.6217536539080548,-0.3407352516270476,0.1123423785002132,0.48773373306497525,3.808901859389319,-0.24887399519986617,-0.476922212545826,3.1629357512960965,2.9222337867176713,-0.25080128904314625,-0.07819912572787188,1.5443426416389354,-1.6422462550136938,3.1888161207215155,3.18707361824664,0.3404905743792023,1.7542960410066184,3.131886475963769,4.389046389927982,3.228036368388566,2.8137580625439647,-2.0478568522250056,-2.799160182680909,-1.8341202843229922,-4.973407233832429,-3.7305224288170145,-1.6684275832146003,-1.4406500405810847,-1.469313722766002,-1.6968460158315086,-1.7071935191947212,-3.9710155411807575,-5.384826007719931
