script/wind450m.json
{"header": {"parameterCategory": 2, "parameterNumber": 3, "lo1": 3.000054539987559, "la1": 64.9999836372058, "dx": 0.5, "dy": 0.25, "nx": 34, "ny": 52, "refTime": "2025-11-26T07:00:00.000Z"}, "data":
[rows 24 to 47 of 52, columns 0 to 33 of 34]
4.97856221682722,4.824771503588078,5.108577169703443,3.9095493403783195,1.8675545472329729,4.50283676554287,7.596521666043835,3.258182453422042,-1.1884415271822446,-1.570340301328834,-1.7717760091364738,-1.198643277493004,0.1481825901491839,1.4444669453979588,1.8534901734030242,2.1515276549016034,2.0247597439420137,0.4336885824025423,1.4288882988773424,1.883349366689271,0.39300618987748026,-0.7694819686047103,-1.7827971288366449,-0.7445389919729248,-0.7834321446758733,-1.1465690098072019,-1.535359218343051,-1.7233765554558165,-1.4054997181035982,-1.047252228361431,-0.5113606655524381,-0.7734846392808964,-0.7270145743325547,-0.8719143024779734
4.478759216987867,4.901026562812991,4.840960462676646,3.5992528265287396,1.8834444962852632,3.0336393335874274,5.72170393335753,4.850716683479538,1.7424733359070341,-0.5096040963397702,-0.9647821793485071,-0.2871193133148372,-0.3102946973664534,2.423654192278573,1.5685981394541197,1.1697872273965955,0.5995740135791858,1.0390040002835206,1.190479052203892,-0.08113062619110026,0.5923562110635547,0.6158661687106518,0.9870764394576634,0.76451612361853,-0.640226948915564,-1.8403758238863257,-0.88082513616523,-1.274462552594542,-0.8384682362018815,-0.4895818184842396,-0.8028484939108083,-0.9552653345356882,-0.5793140720766787,-0.8035797308416412
4.847818131793528,4.820173457699035,4.206526080208874,3.3080100337263465,1.8431410595054125,1.6652028100878915,5.922357567295639,5.93161856367448,3.8214504847074844,0.8169269238628946,-0.3995147478621338,0.11109728796475472,0.4218200423758566,0.7405032462858714,0.3400461176259212,0.05619449754703332,0.3672578049454529,0.4691417163606336,0.19403829872470016,-0.19161487322148327,0.6961403477717627,0.8684991648083378,-0.018017628548976043,-0.009626932402126327,-1.5046672458595056,-0.8648625861792189,-1.284202893120551,-0.9340028758531408,-0.9146890932772259,-1.412481820344243,-0.9985724162331051,-1.0492794338756142,-1.3728055078058972,-1.4216263885571065
4.836714007423634,4.355179329498963,3.388015892791166,2.874785791055189,1.6399892548417354,-0.09170849158994335,2.330527615637111,6.657927763141035,3.264179002015802,1.2952791371873178,0.38216928659186145,-0.06723638344386404,0.8392105048463764,-0.0855658081029788,-0.6422143752051741,-0.03978902176138743,-1.1538379111486723,-1.1911641046734376,-0.1227139266382555,0.4881634716624427,1.467621647150785,0.15351125488041914,-0.03771414158921945,0.1558125625202837,0.05539746080339353,-0.27095888013531266,-0.3470446473593173,-1.5770090798459597,-1.9954398150268653,-0.4467542508296926,0.04928845340462329,0.4961897175065475,0.39226428298326566,-1.5802517718853932
4.266676562496965,3.8360065957071634,3.098316973568553,2.5336171463053474,1.4814649917151532,1.114224197099081,2.2049121801211697,6.219754298029462,5.948288722604962,3.3902868381686195,-0.004802461250741866,0.3269802821560492,-0.4078763569079633,-0.648692365305332,-0.4540852494425731,-0.33569238333537815,-1.7805202941972325,-0.18097374851406636,0.003229724637520225,-0.25304353964463544,0.050696234422010635,-0.3043601850863842,0.5732597515040846,0.825275660534714,-1.274456745249075,-1.1134311191453077,-1.1419726442930227,-1.3547444727277789,0.42435297119334786,0.6273639338324905,1.5124336991921217,1.343654731969759,0.10912843947087851,1.692946539971174
3.9273287817592606,3.694344068335705,2.9452396153840263,2.1451700624258203,1.3437429823377403,1.4913525021856486,5.21975948018242,3.802363843423059,3.4456646394149977,1.4737300149822767,1.0431715190775042,-0.130860819258598,-0.7316238313431246,-0.7327083246069482,-1.004514636851641,-1.2167321503543986,-2.0073510992744024,-0.9965329198533354,-0.2291469870853734,-0.09621089077725535,-0.19875970374226068,-0.7142772983792912,-0.7785620607097277,-0.9091011231914884,-1.0598664358165584,-1.9173534706981212,2.238836621526536,-1.2457969055425706,-2.6818379148626477,2.547855066522921,2.6676434220098666,2.0446203400496374,0.6928705611242584,0.5888588211625035
3.5972151141249022,3.091381516947786,2.3898583378794287,0.9394417915344312,2.1154101592415198,4.973030530103642,4.975691410720472,4.125316438384055,2.532291478234948,1.7104365580813343,0.22793268702890537,-0.3370541191194351,-0.46332743762257006,1.2238836199146772,-2.3008989829613977,-1.5587163418134145,-1.3843679514755936,0.008290255976894834,-0.3492886392010258,-0.7241306586191579,-0.573527559061006,-0.9979994842370177,-0.337241236899228,-0.5619326875661349,-0.003432997256409478,-1.0252116625386891,-1.4430912840900008,-0.993517961766688,0.8784242947294877,2.443656711989517,1.9499192667408454,1.0712161704605143,-0.025668893956182246,-0.47912985197678404
2.786489803786293,2.717598773384628,1.8193212261308291,1.59281066948662,5.279275436744886,5.082493920846811,3.873017370665563,2.6884827807029694,1.475739480293048,0.3022577307133864,-0.36443819927804694,2.2248736973554735,-0.3098658819091952,-2.319809960525503,-2.444220379497491,-2.3977872302387335,-1.7626616894877303,-0.6775733456626336,-0.7887664382834323,-1.4196453054604645,-0.024026402492788177,-0.7210649681052358,-1.4151173818366116,-1.6584112309853518,-1.746532273690937,-2.4091498579689037,-2.1310434715824473,-1.1562965810560983,-2.3281131130960735,0.5907131870655455,-0.13940111716880058,0.15241412180441896,-0.08710010847466332,-0.39639356382564356
2.2476171747300877,2.6923005076367637,2.129934873279603,3.9173257818443012,4.347041166991401,2.9410490701429386,2.1835037570733817,0.9766250335806161,0.3903416902294377,-0.3899944649508656,0.7664577212077381,-1.4799593405254992,-2.450219175700372,-2.670323501443445,-1.6653055198015894,-2.444416038244663,-0.3785787167872627,-1.3873702850235674,-3.2924919331029656,-0.5036412332647264,-1.2146318578832944,-2.9213668629658063,-1.5855543229923963,-2.633110182614535,-1.1491333601174596,-1.0724450248714767,-2.351141866168085,0.41391436978210305,-0.4078561286708759,-1.0251619492924091,-0.20500421767629604,-0.022763929770786676,-0.2533525719833577,-0.7812315873288276
2.232961443153639,2.4950013793574657,2.8210153683430663,3.4701272817078115,2.9811811870832527,1.1430668916207505,0.6277864422345465,0.08187142450945159,0.7524841984995508,0.2508667929723102,-1.0859103171027364,-2.1737260874439435,-2.525677120508137,-1.2715716376453234,-0.10527750621728152,-2.537640996901313,-3.2394010344148083,-2.5872293846420233,-1.9292557713097225,-1.0700931719967735,-0.6219676327288384,-3.0511508170441544,-3.423108940932501,-0.7012111708504744,-0.8479677324108635,-0.7688825336302967,-1.093339687630305,-4.063636815433736,-1.3914354931580475,-1.5369371094852933,-0.3339986745962192,-0.46557652654134923,-0.7768428833216428,-1.0736202966189516
3.3893413609241296,3.296031345882135,3.172399089797879,3.1166100287822878,1.905959497362718,0.2010768749440854,-0.3408110141858482,0.13655996977714696,1.0348671651196188,-0.9584066579747527,-1.6525074500408454,-2.2532505853081104,-1.828284490898027,-0.7251972576256507,-2.0662164828418925,-3.971307508165278,-4.341408555135791,-3.1141977521277613,-2.4289732057295237,-1.0152156133251031,-0.2102764317848886,-1.9367027176971663,1.2656783522189194,-0.09912190897674442,-1.0800893862741259,-1.647340964704652,-2.5244137075991033,-2.849865273802255,-2.49171057814484,-1.536463882800222,-0.7090856360836922,-0.5273959738745142,-0.7010953043585318,-0.9971415992861128
2.733954080373661,2.7907243709490115,2.2294520037045564,1.5727311104821378,0.706668147621051,-0.5455043948719202,-0.8441325169560732,0.7160925843058513,-0.5116016993405991,-1.355801836527544,-1.9379166591582078,-2.8782924644383283,-1.6027572374322745,-2.506518893375759,-3.2396948596741413,-4.825387647384817,-4.323827742215384,-3.755808558804778,-4.016868944229932,-1.5851965470493952,-2.334677750296392,-1.8490919234765009,0.20595346986519966,-0.1258929886166706,-1.3818584589296745,-3.1228120832944732,-3.3250632167315404,-4.039138101198923,-2.766282790458277,-2.1668742491636737,-0.9251946190519516,-1.2188756763760007,-1.2619606011563427,-1.7019696113179084
2.1597323053003117,2.291311229512848,1.3384319965191258,0.7919938584823132,-0.20072743996898593,-0.8507983703952164,0.392802267351429,0.3396309657993958,-1.383801222992442,-2.2973690174548738,-1.007262244627967,-1.9249535634407453,-2.1724032553850465,-3.995860199210897,-5.121345400371718,-4.974013651609361,-4.691058003567252,-5.405267669277722,-5.3110781196137316,-3.6134875436292027,-2.8422055392669217,-3.1721673885317885,-1.6764742422528744,-1.0481869791533454,-2.1007370863881096,-3.6262496726973747,-5.228229519266867,-4.6393609080559886,-3.4056821343175474,-2.6179331284552423,-1.8018232612989609,-1.9212820913861273,-2.3383849384044466,-2.5766118210015065
2.500988286497483,1.8818325836947691,0.5831072803360661,0.11173009603594808,-0.3578838522780937,-0.21599937307738118,-0.7775655025664588,-1.3457837503036936,-2.3364961645075706,-2.444968949629891,-2.1314522581004542,-2.4693738607823055,-3.4807491903256293,-4.600400640693755,-3.565506497235965,-4.304652873332977,-5.186984395418189,-4.4905569676925525,-4.465654607821633,-5.016140974438986,-6.061067433940124,-4.310227683095696,-4.44917162746086,-3.9633376857098437,-1.9515642784740523,-4.273541149353761,-5.381124219826706,-5.315332292823293,-3.9611288352986698,-3.386577309779173,-3.328661468014994,-2.9907867549024245,-2.846247180132137,-3.072050099113022
2.223299955836507,1.1184562043522668,-0.28394877191417767,-0.6174866271354793,-1.7583941073313616,-0.8277142524265584,-1.7476899597930855,-2.5516108737585927,-3.4780201154155272,-2.442961235428788,-2.208028831038404,-2.4359429324017263,-3.17288440982793,-2.2662654856893485,-3.607032911019958,-5.171897343735185,-5.592939225530529,-5.191876561904206,-5.283355056555143,-5.294273148125406,-6.440001997167628,-6.796581079435117,-6.219073414138578,-5.581902120895637,-3.054021968687735,-4.842557567616232,-5.763503887648919,-5.775240196436802,-4.699405043020853,-4.671924861000671,-4.50977577754922,-3.8873049180256127,-3.543060409659141,-3.4299478249121766
1.6047128598983205,0.14858836183373209,-1.1963523509893632,-1.599758560749642,-1.3896374455774931,-2.111259135447801,-2.9124331686120217,-3.556588888191702,-3.098752013634257,-1.8296910391173145,-1.7247296133146117,-1.5449522835356773,-2.3644727977150044,-4.505418618987451,-4.118686273143114,-5.993251873777207,-4.375048926124016,-4.309937372448535,-5.409914063488307,-5.996339327190031,-7.120433867771708,-9.86523814876806,-7.273357315638135,-6.579552739188007,-4.376136940709796,-5.410783610493491,-6.035623431250716,-5.9484240256509215,-5.278284455307959,-5.151588227403305,-4.832190695141142,-4.732910602235283,-4.284002102042418,-4.2897001793143374
0.9281400697339903,-0.7573490502218637,-2.020545098593283,-2.4441771335584663,-2.601226745253391,-3.0526308730899196,-3.9482275459206884,-4.319004736489609,-2.412734929360804,-0.781121699253242,-2.739691964688039,-2.7768402294992023,-3.2254374147820917,-3.7696680240196687,-3.7754267342450367,-3.737352702183163,-4.5483668194516245,-4.858738305626727,-5.432637785008311,-7.038801158699725,-8.959923658613517,-9.011095068389809,-8.74788103060515,-7.504925226599435,-7.808323105483008,-6.4321111044541714,-6.171470521574489,-6.297314348427936,-5.57552996228473,-5.525923331904057,-5.487923716767523,-5.575208368406057,-5.743347450197404,-5.527283652953848
-0.06616984370431984,-1.6253840989647936,-2.223605295567796,-3.315847815982116,-3.0433206576443723,-3.0558147392204953,-5.292006022547301,-2.2211768452242233,-1.1836140338799492,-0.9271615372289004,-2.739100959083861,-3.783109390973699,-3.0398258043553166,-4.407890782410449,-2.441821170762478,-3.4611365935142664,-5.155265704009187,-6.2378480920285915,-6.212176990636634,-7.684876855481254,-8.718926167302763,-9.28443417776686,-8.37762491658637,-8.847868736312723,-10.366157912819329,-6.152165410088974,-6.623839144571362,-6.502699222206037,-6.173588247371311,-6.344701159140866,-6.417029308503672,-6.3575637434219905,-6.939425299358612,-5.883639690104162
-1.295381389571843,-2.243434147832517,-2.878773137612348,-3.4510657351866763,-3.8293821262638885,-3.8686567342414855,-4.9961857476796965,-0.9070399819910835,-0.20141515557308565,-0.5719278839466249,-2.4427508555546256,-3.065987645919441,-1.5487511524240443,-3.1970463961024382,-2.869705807332612,-2.2718197390656147,-4.310754922938161,-5.769795307791191,-6.196563919456031,-7.4798956984533005,-9.009327442365628,-9.26435095251682,-9.657276800364443,-10.895349745351368,-10.35261320489279,-6.911107371153892,-7.1409879466327535,-6.832224756391457,-7.743352733105359,-7.866819839761183,-8.710821817075512,-7.084493223502612,-7.96368843893078,-4.375701832373799
-2.2239117640381143,-2.588024157300137,-3.780580989173153,-3.561177077636665,-4.678322046377438,-3.153425351747981,-1.265523557799555,-0.6897170760408013,-0.5884301529580963,-1.5681741122691624,-2.9223812730629013,-3.1696496192021937,-2.4216966989165853,-1.6495850006596406,-3.4912173514586287,-3.033824018372626,-4.7194373502890565,-5.552317570163867,-5.8293452284261695,-8.2359345848784,-9.890588403278537,-9.09457505057937,-9.734460105059517,-12.092025303750797,-6.031182575076243,-7.046047582200761,-7.964816379261139,-8.537302500792867,-10.152022173607948,-9.828554916149903,-9.422483663283517,-10.229769615480445,-8.88891235323383,-2.2493474993308293
-3.140697205856563,-3.244627622062717,-3.8542129810325028,-4.327204153594318,-5.192222404123398,-2.078201286388707,-0.0027277510024988454,-0.7325329802722944,-1.384677627911725,-2.831862521897626,-3.1742913523602323,-2.58085255193094,-2.0366659088948063,-3.3371676036562583,-2.7380455867805384,-3.7373737168577663,-4.072274642331684,-6.348276930807903,-7.606776683313283,-8.311367720219522,-8.479749478234986,-9.491411771631428,-11.118390238398023,-10.327019976973329,-6.279301673234015,-9.006499982274844,-10.075121822532688,-11.123948444800124,-11.765480943514005,-10.849974645148569,-11.288090236575787,-12.427679756442402,-5.996956136975717,-5.95947839251352
-3.522297893851896,-4.409160197404451,-3.8969684275743157,-4.788519617336477,-4.1285286108403225,0.22589627406431748,-0.7792066280104185,-1.3409810411200058,-2.8858882750316655,-3.895028622521155,-3.310372028075905,-3.348563989004861,-3.038227997372957,-3.7272345143355596,-2.553059335222345,-2.9513430623450465,-4.918108206131691,-5.281428264770731,-8.190516156602563,-8.353567707806663,-8.849969273044115,-11.40611286212825,-12.61369250627727,-5.554669810906998,-9.693712841197504,-11.573299738486734,-12.76613425206577,-12.411640140089315,-11.494851764117996,-11.63421201213561,-11.563127594432839,-9.4253964626249,-7.856238291876408,-6.519486913922835
-4.28523181514267,-4.802551328948425,-5.249703679350542,-5.1963425778103405,-0.9400245075607924,-0.6640851334078702,-2.3020317351500212,-3.4012436845233864,-3.227459518074902,-3.8422091597532515,-5.230414875196214,-3.7489288888796506,-2.582121843863209,-1.907115228394652,-5.715681140548405,-2.522445580620802,-6.373560671324202,-7.826949573042917,-8.852191287418355,-10.029308744761304,-9.746545044219246,-12.283848967006215,-4.2069034780797505,-7.841334773852053,-11.362976778753165,-14.261254265959156,-14.206689154896159,-12.478123447189315,-11.696724613053528,-12.671852808991051,-11.9763202540251,-11.420841581247016,-8.95155783599217,-8.323821823750379
-5.552283012572276,-5.464022710486192,-6.007668351715849,-2.9321831203548427,-0.7383116342794718,-2.903318952511113,-2.4509843150091553,-2.8583051825825065,-4.594867433615847,-4.144966426949963,-4.0910419499794255,-3.160070836786546,-2.3025289510026603,-4.3236991411452745,-4.228693828287391,-1.9094076315251018,-5.177174700969692,-7.141577434543125,-8.369366178700304,-9.939683162508906,-10.264337383026865,-11.015320842840179,-8.011765800213707,-9.053811251547357,-13.36907919716906,-13.927071778120686,-12.137070040146753,-11.961778431471611,-13.109527271375576,-12.540809921695095,-11.397491595561435,-10.888979355554252,-10.601333143845766,-9.981397773396898
