script/wind100m.json
{"header": {"parameterCategory": 2, "parameterNumber": 2, "lo1": 6.000198445256149, "la1": 58.999992894266676, "dx": 0.5, "dy": 0.25, "nx": 22, "ny": 24, "refTime": "2024-04-28T20:00:00.000Z"}, "data":
[rows 0 to 23 of 24, columns 0 to 21 of 22]
-11.494164112284794,-5.6750783931223925,3.8056010574470616,10.088316813595236,12.247457653783414,6.232103910580575,4.421318454916429,-0.9107415068821844,5.331343608752849,-5.934070506040752,-6.504158824312201,-5.326767536845276,-4.664343264190562,-6.646196425279901,-7.771707815231212,-4.103903884787395,-6.990473945422227,-8.884544215660052,3.336851574019341,-3.6888326309093533,-6.0800508304446295,7.493696390912092
-9.919611810603376,-0.030174981359188738,-2.0154392693687186,5.211434741104845,9.272572846425986,10.092829835719016,13.753727246401825,6.05671084287814,6.574644241813864,2.1715082736180884,7.0043986587192215,5.73978147298582,-6.641863887215198,4.47248725010641,1.7700681721975957,10.335130399102418,7.092036216503868,-4.278296730048695,-11.31044084213494,-5.021220984969731,-8.692010014044829,4.614037715956804
-4.0192953997545615,-7.316722619055265,9.30267761749602,2.680389146545048,8.238734889647393,-12.788146514269672,-5.087589498940832,-8.076699897509135,-5.051388040702445,7.971516326643129,-6.313305333467123,-10.490332070457384,-3.6977738843429253,-6.533346690328667,-7.152494935879648,-5.387495569660477,0.7926084950812669,-5.1037733388017,-6.307812593093771,-8.85737189641157,1.507947914679315,-5.260886000511032
-7.366297891575964,3.904016365148842,3.7220211139221018,-5.218635330422796,-5.850213531033507,0.17643461623578452,2.022769131128383,-2.1586518644778887,-7.456441642326843,-4.133184756938779,-10.247846242352413,8.01809036098379,10.866188360048852,3.230694217745535,-5.55928084597848,-5.787158741846145,7.952214697865219,-4.143090229334449,9.004722318399418,-5.244015469459518,-4.796865221199201,7.945500602162005
-7.6682520300667525,-7.839785388247762,-5.562386806033456,-6.316538028047657,-0.8191389439619792,0.06388649556199355,-5.233918417316995,-3.6490236069794046,7.4803654886133435,-3.9439548200677534,-0.22553279215443714,-8.608273686762677,7.876838677791295,-8.97374173574562,-6.613089354076098,7.6239890111697735,7.721888364550164,4.1317495385264795,-5.375107464736194,-6.448745968564816,9.304521965214093,7.545616533943874
-10.925973685976992,7.949412525675344,9.823852679513784,-1.4063471888196977,-0.9761482057025994,12.547215894711586,-3.8926625912283206,-12.094100845706832,-5.261760893686227,-2.696391984183987,-2.3473734006317657,-6.681269056290722,-7.377607914307468,6.432027117637066,-3.4450819035424747,6.05882365604995,-9.182271582131902,-6.93142875926661,-11.627553855347497,-7.394238285742455,8.37477059517308,3.2206016543786777
-5.903139706324723,-5.897536750265272,-4.982545067739046,0.9142146285956501,8.583370935111246,-8.931704668793866,2.3352059574416693,13.668557495670978,2.952355783286172,-3.664938769019089,-12.799890618941802,-4.572033018222955,-3.991291579176441,7.056389185581431,-4.5114881282619255,-7.601276131810865,-6.252152447215658,5.029878624550968,0.7301020628386953,-3.1093102223347637,-17.72228099510678,4.478670864418121
4.007679707401566,-9.390108005371227,3.856393606151377,-0.7423996215218227,7.631195851008537,-5.912472389712004,10.942523572115766,-4.310775918999042,-10.358307751652449,-5.250331127368299,-4.465829643168882,5.686613197343514,8.087857266857906,-7.805935553636106,-4.076167692533531,-3.8761503579436525,-4.054198820179065,6.04276404901178,10.534318745403949,-8.705128710315453,10.631726988973645,-5.828360626445364
3.338466576794821,-5.056302798615729,-8.808532988538321,10.165459751833517,-5.886428657593413,7.384704350461101,-3.777700270530167,-3.395672003217902,6.153126613979842,-10.242341750040088,-6.0338552745513585,-2.20923323376151,-5.268400829659376,1.1207770373983268,-6.4536183895849115,-5.916970430171766,-9.03496145122182,5.857987566678267,-4.039933668675545,-5.4734915331146246,6.901449367822579,4.472787993445072
-6.789927107942532,10.543853102550733,11.299796497261562,-6.3852365886210425,-0.5237664043538051,-6.984829115097594,-5.763840305954148,5.238725407956628,4.4428765536214625,12.251008446734401,0.21365951463336838,1.225412029915241,-4.778473116759254,-3.3128338151711203,6.022066055622884,6.973257433689113,-3.040759009888422,-5.382183074252788,7.915038029491659,-6.646180204781757,1.6669992346824138,8.527354788890612
-11.210098352169867,6.200166034740928,-4.731413211932397,-7.658744430357054,-5.607091279725357,-0.012651059359758354,10.656811341719038,-3.7886910850651194,8.463649456689431,-3.150070832158552,-5.49619575076577,-4.568150691457306,-9.582890143369033,3.654937031097516,-5.317947508621558,2.369106191367511,9.539048498364714,-1.0380671111804776,-0.42378942166941336,-4.920285756939706,-6.683045852986972,-5.567529591843966
-5.779970189446471,3.035365258763714,4.542513247522265,-0.31187383045469314,10.974553798337656,-9.764290917573971,6.896711760393269,5.691327272978828,9.525299943865642,-8.750843843745713,-2.627659268791349,-5.035837107519324,7.968119272771038,-9.173231169614418,-4.586215905246335,-5.23685002095623,-5.432095140153585,-8.123297513561774,-1.8113105230526234,-5.194187896235173,-8.686814394688692,7.335815881871809
-8.636127734177837,10.682308864328999,14.195410369335496,-6.001599378636014,9.986642605773527,-8.881988902323355,-6.781550813098449,-5.3452325354396715,-8.308315134015523,-7.711841421034161,8.217749980143486,0.7238502147325591,5.523124431212475,8.82348359698053,-2.419770928950877,7.291279990850084,-6.638321828828235,-6.208660958991232,-2.528207085027763,-4.8645419457515375,10.998442602580907,-3.972052444600699
-8.447878316031927,-8.110211961487126,-6.752123698224476,6.69557058386796,-5.833288190512902,9.515371716076174,11.827602753223236,-4.406830890386503,-8.58657216850508,-5.407262808564629,-6.097093162798419,7.35530787285769,4.154213915014542,-5.213677885187773,-7.253424954511689,6.523899203634099,-9.355431797292384,-4.877970246525738,6.912291196353475,-3.579229722503781,11.754401771205652,7.064857280227968
-5.483196109346035,-5.858047182290431,11.512884599867446,-1.055881146979957,-4.499576919321494,-7.124079282673404,-3.5204492450246407,5.207841559286865,9.263984942154243,-1.620653275936662,-3.931432065657074,-7.1366762571150755,-5.876508615291594,4.801263793818455,-7.435649077581352,-2.4703228685391156,-4.981410507180049,-8.092143968316332,-5.685741228847565,-3.6386914004152513,-6.164263320942693,10.169392758520786
-9.904369469436501,9.053624571224109,5.754999282906801,-5.27535219197043,2.9723054029086233,6.7760840448914275,-4.0898001136322755,-5.713722594468505,-5.6433598389605,5.437031998806953,12.193561595049621,3.542249523735933,-4.716714068709604,-9.594501058920278,-5.745326131503634,10.306635292066435,7.045156456237677,-8.943604663728827,9.815099061742936,-4.802503978441575,5.784227994624959,4.210297794489329
-6.289045499857748,12.943707909960967,9.058869700677613,-8.939087555481265,2.09366207839153,4.467562147263784,9.317327711961651,5.972255516008737,11.312372228407774,1.4793509321988632,-6.767560027856842,0.5324735254275395,9.412157986998407,11.393010616006034,-9.752870734121881,-6.039596479060339,-10.642572403843575,-1.4914897427995237,13.626361752156564,-4.104892774695553,-6.169173912586949,11.302082555765157
-10.189584381017056,4.3761067123983715,1.9412037858457187,11.29052264787594,7.463081421247723,-4.618662612322728,6.502065980620235,-5.321671447765365,-5.3532581032407025,-6.720060324533675,7.933360500819922,5.296248650373854,-5.191806923358571,-6.534242985582598,-12.878538108165568,2.6948335236183683,-5.465673275572619,-5.854397122705156,8.784288852502256,-6.914073730329697,7.563510207189275,-3.7987494808708604
-17.88133233285681,11.781628920984506,-13.276967982928054,4.39993119542457,-7.721215741088789,3.1959528522469034,-0.1420501443391417,13.671220125683424,-8.328971169334412,-5.777210669713445,-5.29540184731804,9.747665900872436,-5.454401351186111,-7.976437247878022,7.60079553471528,-6.5622859621632275,-5.110940990255612,3.480371369832134,-4.965377712355593,10.919523560459686,10.209025013008032,-0.24378594243006865
-9.990643894198785,1.0604127228494515,-6.658469012757801,11.909864030934186,-8.430159182172973,-2.4282720887925753,5.694505351050356,8.679155949003988,-2.543586918073564,4.339036351497391,2.80783308843819,-7.18563149702931,-5.23225755362462,-3.9800611229661387,-4.940531937471473,-5.67889029364052,3.478573062031927,-3.895364182529439,8.491574817790033,7.895903041305332,1.5911077659129635,-5.808234425867816
-7.3666400242268955,-8.612397090666807,-7.885712706593513,8.78858397701148,-5.031986932390248,-3.898726950911333,-6.058215065483209,-5.512683722301049,7.161832204744764,-3.5962896623408533,4.850036150854729,-3.808814026917091,6.649953765417064,-2.6587216311041004,14.814915841939557,-6.66060654831768,-6.410810730179715,3.990288556984558,11.920120684605541,-6.751500535224782,10.022402413295012,7.157787251541858
-8.1110840365401,9.908495234181332,-4.322207562642362,-3.8530922589106553,7.6622449239783945,-7.943922890422885,-6.54904410440888,11.79197172791703,-7.88996715802407,-2.6778468668526605,2.615724851835937,-5.528657024802968,-5.532592334013634,6.983723495678146,-8.061878352298075,6.205540959591555,6.272513936377178,-2.1587693401825834,8.170104463268418,-5.031456687370002,-5.077600214072413,10.566649970946692
-12.559917780290048,-6.863872270796221,-8.109054845886062,-5.142660874549501,-4.681857563746399,-6.418862688824388,-4.695758476354102,-5.436217567391427,8.960736379809589,-4.258709832295311,-10.08993262859921,-6.1857544598765815,-3.7141099429704627,-5.616329747269435,-3.5758737446033164,10.08775070924926,11.510457662894854,-0.834645195995495,-5.321810861276074,-5.030364915631986,-5.48631529608079,-5.896759488057656
-14.776616688783877,4.76493162761811,5.986378002141575,-6.538772013883741,-6.128966250205576,-8.8869060749832,-9.608927396931557,-6.148618967630045,-8.849929112857382,2.3928324197200235,-6.20701268489102,-5.250163421452629,-4.548772917866743,-8.788137354250757,5.320605780643599,-4.56951865973092,14.243079863778318,-4.354147956471031,8.49940134018315,-5.4853047064903215,6.4529597049279745,8.15315595037117
