script/wind50m.json
{"header": {"parameterCategory": 2, "parameterNumber": 3, "lo1": 3.000054539987559, "la1": 64.9999836372058, "dx": 0.5, "dy": 0.25, "nx": 34, "ny": 52, "refTime": "2026-05-23T14:00:00.000Z"}, "data":
[rows 24 to 47 of 52, columns 0 to 33 of 34]
2.0363817427135134,1.598308509744378,0.9778399760854333,-0.1467486217224769,-0.5297840209174066,1.7392948958413876,0.2358811551519138,-1.5246024974851953,-0.9610644616620707,-0.8184490347514158,-0.9408132473244444,-1.023897133842586,-0.10561934900284237,0.007023879543236917,5.051406241602314,8.824898935322215,8.475018191812811,4.729664842303403,4.613203068263275,5.421723672889016,11.277613323162427,7.462698522480563,4.75014781583263,2.450529797197822,5.671960073330538,5.412097955438035,4.293122263643514,3.088382460058383,2.103581562359188,1.4189431383934534,1.6085551293317115,7.488540973144039,10.479393365441473,8.93592080458319
1.2784471563203088,1.211073319342538,0.0390955356617497,-0.7722050442811417,-1.09605538866535,0.22050035906466164,0.554331257752394,0.4915906554541543,-0.6755712159382226,-0.29200210295565643,-0.5248069378749814,-0.28462035499204685,-0.10836209450418238,10.874752646246963,10.239812871240655,8.871680638544095,8.15207905147906,4.331465976547046,3.730064667421046,4.5145044394916685,9.645712591390712,8.074169691296413,5.127037125572755,5.664786018714075,5.641533015664532,4.382801705115943,3.5180210999794883,2.467774876602059,1.8450770483375434,2.7459739212404863,6.033523948698558,9.605086842166052,9.328367132296123,8.668788735730185
1.2880984625324783,0.7778532152435942,-1.2098036392340623,-1.0682487955703952,-1.235448413207508,-1.5985672987640007,-0.028073825716587678,-0.830520371436491,-0.19481680115802122,0.2882402996413373,-0.08515642175548403,-0.07359300412391317,7.342736162214114,8.805913747401174,8.327022181481187,8.17647109511422,6.759195794391671,3.306258335845032,2.9717125384957583,4.465026009809509,7.052255541671893,5.584176011901451,5.955269054589777,6.135564054661975,5.2460735077931595,3.904622601528579,2.6036520623428956,2.055677363133921,2.5626210102678573,4.715224039639022,8.981479837043976,9.59766517032268,9.720306643709295,7.31474170773447
0.7341229840951742,1.074105758806411,0.09067807571054447,-0.5740878938522939,-0.4313907763598322,-1.0942705662568146,-3.194514879271688,0.06770681953089815,-0.4464438253561589,0.0901440928139481,-0.1672954244132362,7.472967947093844,7.219797956476789,6.245058921713521,6.375959407071796,6.868335212186399,4.293871669073539,3.7987442490797707,2.4165894470087284,5.007602125835516,7.270157888590814,4.259349378954669,4.952217396123365,8.606161478313014,4.539132573169681,2.836893987072584,2.348962229235201,2.2141130000265763,2.268022045847067,3.343965927091726,10.58393906346012,10.865793959674209,10.51043390129988,6.953038188412076
1.2920867696047527,0.4095382889617282,-0.15848776375620768,-0.3505599313028134,-1.1240217306053852,-1.4225620093900933,-2.25079292950994,-2.8702269910725673,-1.1148509925790748,2.2513133614080916,4.776973816894338,4.1817879863941645,4.405997497206519,6.332574887430316,6.478413809315643,4.039734596731838,4.3840751123163155,0.8940825529010901,3.350661262122254,5.5711394231087175,4.353685199124377,4.6007374633865155,4.203494785496855,5.154200972381492,3.7097802585902526,2.232765044458351,2.563337288177427,1.808469060364833,2.7292444098084547,5.279841283503753,11.555966939817788,12.657031341329462,4.420663861799421,7.924097297832243
0.9907768930515585,0.7729246311791951,-0.0424478302794983,-0.7812695819789767,-1.1109764164076585,-1.277670535335977,-2.256204845255795,-2.3910965505909014,-1.2578084569315757,0.4057806669327488,1.3233047964184244,1.7792441743427967,3.7777585022436857,4.0370975005261265,3.89957967813949,4.159842230281209,3.5990403464542746,7.235014901258391,4.575039660206704,4.036285161860707,6.020702736496073,5.226538796261341,3.822161843664838,4.335586828553387,3.5823066247887647,3.198215321476047,2.722172860069441,1.1133345542596234,0.7616439279743652,4.604750096253212,10.90286085703995,4.659054854412089,5.018633019033555,8.095438978009906
0.4328373188762041,-0.21508097768381,-0.36653564342358935,-0.25118824338636525,-0.42684581505192554,-1.299773754487252,-1.7311835913362206,-1.7020329690338456,0.011305250456752524,1.3628808528450584,1.5550340010748873,2.1742011075033494,2.6544942863968273,3.5998292262396805,1.7346541369028592,1.5866947635178406,7.537086288458536,7.472290308476456,3.9530643559490706,4.003433084876796,4.216189961858894,4.145212761135201,2.97247291116105,4.125519203113668,3.4431670805592653,2.531459985341728,1.5427889455134844,1.8002752800040818,2.7938942186650046,8.316705339247003,10.722218457005413,3.747156154331918,9.451204452128058,10.030176972759916
-0.31206528270250106,-0.3608530654998237,-0.2925861585142063,-0.1940482504100822,-0.7985015907943593,-2.13699629287933,-1.8631274346504128,0.266654374488024,1.001216816290288,1.3097010266409166,0.5931533887958791,2.099794518647605,1.9003091049326042,0.734561283719146,0.3908526841748205,1.467472753830715,4.125689545534696,6.537935766034184,7.342898652353922,5.124973930771837,3.9298732038226833,0.07009961835923646,3.676708550237557,3.4710218935644557,3.0729692577354646,2.2400700600849834,1.4436663042368192,1.893151122977164,2.124766065073293,7.492356013818695,10.467983877906288,3.9781054153803623,9.835652350303475,7.733509047326952
-0.40220969786304217,0.4833899342101352,0.11894847184395463,-1.196117559341187,-1.4009771222232057,-1.8404976192569351,-0.9021509836234617,0.3824264297316708,0.8767969929748833,-0.062177790898756975,0.14082825580758784,0.4081850496637482,1.3281535480463236,1.1165171022124472,0.8167826298207816,0.7403635638006677,6.30490564100174,6.8367413621424005,6.671486796042804,3.659351223368865,2.683231246839191,4.3401782232383495,3.9884609207412836,2.221022890761571,1.3182809684667744,1.275686003307803,1.1231116601159665,2.261912588124453,3.541668409826655,11.18420896939659,9.911400317825356,8.082825775166782,7.430166244105629,6.981607736052706
0.08195115526616459,0.005480229285018794,-0.5613927410788969,-0.8120950991269017,-0.7160688032533804,0.2310407958546798,-0.34392711453041663,-0.7566404135073129,-0.5016311628544374,-0.7894702041150776,2.5602082237710824,1.2220929005000232,0.6219479379360418,0.6802927977939461,1.3662924793268372,4.164631139468873,5.0715104181976125,6.0223072006152245,4.655908220857666,6.40612465082551,3.4988467824048937,3.6026568619972004,2.452519245635156,1.652344885762724,1.0287469374616331,0.647959496237946,1.1593836036653404,8.717042846177339,10.521602733250262,11.005089626650193,9.494780493899224,7.710510410349732,6.7560081864631325,5.641840272868571
0.30949867321730584,-0.560611407229656,-1.0149225126854962,0.11704914701260954,0.263313688062285,0.6598267323271477,-1.9161003452989134,-1.7085423073729074,-2.0112037152160815,-0.49231284757357224,2.480278570277998,0.6792987919844324,-1.5863394767115004,0.6547910337109264,0.7508667180612456,1.4412116606370136,3.8648201084643805,2.835001289052422,9.759070053440142,8.169481816063287,3.8324556999126704,2.1996133609441944,1.6697265247188864,0.8695771662806512,0.9534141810696151,1.3191754088732572,3.1696234890827957,6.704036874223918,10.577692632072024,9.00261246662865,7.984523677054209,7.253530306640306,6.030726217579305,4.937861459166178
-0.36671333086766644,-1.469943583200866,0.23530648846002852,0.1046571423545751,0.23507573219989097,-1.4395989503240458,-2.591258581266505,-1.7200113270444999,-2.2829332131229885,-0.6656539491748015,0.6312151525029905,0.09498010630264486,0.5663853171560371,1.1339321028173326,0.2896835582975347,0.9133980399542693,8.21900301839477,10.376431849534917,7.787876324854628,3.5251854103439655,4.388973129332912,2.666346167430586,1.7061237246269811,1.2258585741841015,1.1971788859926618,4.197768802733139,3.7706416913850824,6.03548264974189,7.720031274219029,7.841657599441022,7.403987474946483,6.364818446118804,5.090253069830902,4.654921185882415
-3.8216086167308814,-1.2300475514306632,-1.6909035577439215,-1.5413399278392768,-1.940697776264333,-1.341031641677459,-1.1046509489438416,-2.0128358846238346,-2.5301248468802497,-0.988233840138797,1.4291920032092893,1.4965595193601557,-0.3249983084362011,1.0481878423415292,0.9548363979801731,8.650094932366418,7.882762006887783,6.590596922243885,4.251494053462966,3.008292927770182,5.474345633391505,3.272746848471919,1.7968476799263988,2.8834522967472553,9.047846701250103,8.985106433343907,7.903177336504267,7.431028891348115,7.5753750273328135,6.9552128875482175,5.7328621293802815,5.312388512982752,4.739863316046286,4.839460030631759
-1.4999059831752033,-2.0938598189954383,-2.883842064723207,-0.8102220159225637,-2.2256043752975145,-3.3099578198273907,-2.279460387128596,-3.026939834483053,-2.7914979197703715,-0.31447563838556564,2.409126559674749,1.718426429520044,1.680916614409403,1.2479012678700967,2.885704579044232,2.4398903693316543,6.378188371830239,4.402149336296726,4.047113656949001,3.265412365967935,6.748820664892756,3.396094874971767,1.7653223316138706,6.7900981299958625,9.408537374903428,7.978763127997648,6.025296779988285,5.776701793926254,5.767844524007965,5.470307608741055,4.356556488464375,4.540113586885979,4.667404174606639,4.105734062846767
-1.9536324727704433,-1.6240974599328886,-1.9549520656883757,-2.5608694415866466,-2.1935783050995177,-3.1862714358601907,-2.3322565971201987,-1.5362716505159721,2.8491152537543405,4.608654596793672,1.8661515110835558,2.4119232135136777,2.6715083030240985,1.4750376158177712,4.030934960295243,4.688577474621294,10.395607092875,4.106102975611865,3.9079406196779,5.575268470477864,4.99751761762786,3.3838312585245793,4.10606738487254,6.748926481860834,4.311671990595329,3.1973767716881554,3.147384900153959,4.048235065106638,4.295010832260183,4.704022106089316,3.8773994206156037,3.700127077993452,3.3151229256830756,2.1945243724569803
-3.726372600306752,-2.7418097786353215,-3.7695371499160073,-2.0258067542193707,-3.2724607477273815,-3.964205144704417,-2.75359348971518,1.4071903944778001,3.6313155427726977,3.2498201833520675,2.828822951717395,2.2692962651131166,0.9049171187537967,2.1004470697392086,4.336448158745647,4.919992998141996,8.35697269279687,4.549238478570991,3.604363258080986,8.108885052699897,6.616476051262254,5.193095615804099,4.85542783363271,4.041130738812625,1.692483030114727,3.2628286165437386,2.7420011203741805,2.619488585657554,3.9039331085545816,3.5807180730954116,2.8111761649656057,1.8567695905732595,0.2571747789781273,-0.6724893581274061
-3.4054397092719912,-2.9853528877687845,-4.430467087899295,-4.397332919157016,-4.729319965035932,-2.361436308071021,-0.10861532048382817,1.682207017232298,3.212214339648102,4.150077056780449,2.740202807605988,2.577469214860038,1.3301845862677149,2.3040468141704453,2.6179883248640143,6.570063306072924,7.773807946134914,4.133694317015052,3.272967415731895,5.312622134174157,4.168808393331916,3.478128708272179,3.9343440213602956,2.749709451474263,2.080035049169309,2.8416303836516055,2.23731328509494,2.1239106807969894,2.480876067994575,1.7672325491667802,1.1663291005921574,-2.30515934398118,-2.8956229109804275,-0.1951857311141371
-2.9442725431333665,-3.5932290270405955,-3.1689237403803223,-0.9287130145072279,-3.0849128006612236,-2.0399894625614703,1.455271904434059,1.146762761915809,1.1927418416039666,2.5874848586614916,4.391774564994396,1.1199045555391114,1.9332374910254955,2.108838915695406,2.9107627883854748,5.635346542539785,5.428769951288613,3.9020970918234292,4.7685904724710335,3.674024798275285,2.0349303498393936,1.6358390137917729,4.5951409926254065,5.151272981823386,3.4097994223245576,2.2498475270230265,0.7894801897157155,0.9000578119513666,0.4445773638953746,-0.8575998590346193,-2.091089187236724,-5.972864121437023,-3.9924378023488107,-4.164246316760932
-4.9195840643034305,-3.9567916796797777,-2.0984165583632186,-1.7489712182224062,-2.1826295975833134,-0.759561694930104,-0.27918210386835524,0.7506912635915719,-1.2332860618862331,-3.0604488407760164,1.1156395740819884,2.0458166173746397,-0.5869983873185819,3.1355045285908503,1.8447811393359013,2.539016264610246,2.5743798817881247,4.909186091322787,2.62949185147066,1.0899826016585616,-1.7031280021281023,-0.8657679863571232,5.879259063454829,4.4034526286465345,2.4955304318326377,-0.18111880258934315,-0.5051384597529688,-0.2297599333302216,-0.9378246095289211,-1.228406154495511,-0.5955018319513854,-1.1243553844606673,-6.52048113120158,-5.28248756542186
-5.363128304333793,-5.3527716208314065,-4.904786685297699,-4.480414374975705,-4.417722566572275,-1.3924573617167948,-1.2294546032657914,3.480673570076492,4.427527864270375,0.41036719112370534,1.8406877325767474,-1.3422080407632022,0.715240777359164,2.2393603263236876,1.2284573324264,1.6527164328743928,1.8481110202826578,3.102177475348391,-0.36331000828443516,-0.5730377044719573,1.29038448097117,1.5827048918306184,3.5821215092093373,3.259678850620222,-0.8858713630018592,-2.1271333120913574,-2.446662858730728,-2.5739834181055126,-1.4755101944423359,-0.7090039645602628,-0.9848109638256731,-0.07773710247216513,-3.9821162863293202,-1.4463069517540148
-7.280022697921963,-5.4021570250752795,-5.709145051048776,-5.6882524743050595,-1.5074427554091299,-3.16553577315983,-3.6351774687614395,1.8236081962346875,-1.1551373967694571,-4.3648749820582085,-3.3218460150405544,-2.0686062540712107,-2.716866947200174,1.1476075957867016,0.41253898653556936,1.0083114775010777,-1.1605057523923357,-2.5206279992359693,1.7350571634912597,1.1159199373467925,0.8891817382322768,0.8069934438022509,1.4415072461951377,1.277520781381053,-2.375578299249904,1.127149856262041,0.07228047105668618,0.045987631230795564,-0.24157594461705909,-0.7110246012364954,0.024150011324800637,-0.3184435191339771,0.29991309621415757,-2.5172137423761507
-7.25736029478061,-7.6390296459122755,-6.969074827122934,-1.8805416127045524,-0.5863807948027401,-1.7198498036633714,-4.120289785076291,-7.688892742742787,-4.834229734117498,-7.700939173899314,-8.521583418811302,-8.004131539904936,-2.6909535646838605,0.051983556276950914,1.037843584567843,0.0947750419478695,0.08505188633675181,0.8466751581960451,1.3105464123569646,1.2364107941848919,1.743600891034925,1.629344646314606,0.1880868241695869,0.020397016211209297,1.5362684122942867,1.3019641750547502,0.9473016062442704,0.058405963791982964,-0.2586032238314326,-0.1336137701623881,0.4505367404911017,-0.5647471401800117,1.350754812194952,-0.42876634377029943
-7.831488026999888,-7.797968351139839,-6.029383509317509,-1.6676426345438098,-0.6677992769046471,-3.8221256445819427,-6.335840258901926,-6.464704251554803,-7.611237289867004,-5.878097990255043,-6.842481729268479,0.45604669890160476,1.1765150472178185,1.81609847250663,0.1678366430282042,-0.4935854868966007,1.5804845023143903,0.5966228849054648,1.0075324713391376,1.3980554184088767,1.0812820755815964,0.844546018377676,1.2273569443179355,1.5091670798788326,2.135073238872064,0.9395644485921927,0.38428022286328045,-0.4223297444024666,-0.7707172186852039,-0.400454747731032,-0.6942270418312366,0.7757467137520059,1.1110550179120229,1.0678226327805855
-8.680468107387728,-4.897800140344856,-2.455345245442422,0.4016161217062853,-1.6671021800164085,1.4710440513222924,3.7202745016799836,1.8722103951680196,-6.357652870931359,2.5301426373503695,2.084741847337208,2.8136145325888386,2.204556297701246,1.5662645211151736,0.09576645594949361,1.470793651576114,1.396256955386717,0.5521558041074369,1.148224454874071,0.24034155089246304,1.2873787350690102,0.5769723224801899,1.167980417345997,0.7885833606828844,0.9412506871614634,0.8536553391613737,-0.255098641467261,0.19123097290915328,-0.6422942520508225,-0.3876453356470382,-0.7110886284124585,0.2657720114415283,-0.22402201752724807,-0.8320111402990322
