script/wind450m.json
{"header": {"parameterCategory": 2, "parameterNumber": 2, "lo1": 3.000054539987559, "la1": 64.9999836372058, "dx": 0.5, "dy": 0.25, "nx": 34, "ny": 52, "refTime": "2026-06-04T19:00:00.000Z"}, "data":
[rows 0 to 24 of 52, columns 0 to 33 of 34]
-5.041644992968499,-2.0934492158536213,-1.2586543175063927,-1.4765704181637298,-1.8825680909879168,-1.756458177621447,-4.142158890087501,-0.6786229789491425,-2.0951582917565768,-3.7995015993391448,-5.317294036580469,-8.310463028509055,-7.027093378539364,-8.877951865798858,-9.863240678062054,-6.912393569934089,-7.312767451691207,-7.7892141384769555,-8.347747645223347,-6.613378152833126,-7.419985719964024,-6.356829218417673,-8.32691257368659,-5.039670585180772,-2.889777971486402,0.7163288870317984,-2.1917059934540375,-5.297018582635182,-4.82460518837898,-5.340131105377395,-4.721494428968177,-4.664875052033231,-3.7036334543195126,-3.0994230747690206
0.3623870299646407,0.8706036370168817,0.8294067174517216,-0.16320572449108123,-0.9822025193183971,-2.221347256292022,-2.3300930549041303,-1.9357138513026266,-2.3868225318431655,-4.275260168487455,-7.284131102443343,-7.89009730524771,-8.02182552563087,-8.24871001698711,-8.456140179505775,-9.0717208830591,-7.964692103456986,-7.806581488968068,-10.80795529659156,-8.409200008200486,-10.966260517995188,-7.3674529026654,-6.5304533472884625,-6.780140322252256,-4.131106249192817,-0.20879574731761666,-5.64687907945262,-5.899024409541162,-5.576200971545581,-4.769193103071,-4.841595666647126,-5.159186622259312,-4.544247000852762,-3.8415169961207596
-0.5293970536243536,0.6737732209090164,2.64491462837029,3.5012205194302224,1.456740329169106,-2.0686428272653425,-0.0014292372550022436,-2.8964592552916746,-2.466400923447637,-5.2745128797711835,-6.977388165954018,-7.245678516223716,-7.232505853572517,-8.431863005258476,-7.984046367544666,-8.537086768231143,-9.384109660416565,-7.48113313059683,-5.786831566015776,-8.692427071984794,-8.762962449428622,-7.062602897341598,-7.3673869681557305,-6.053037378739386,-5.037290282180576,-0.10825529757106313,-0.7236132569435889,-6.718373740785399,-6.303518128114466,-5.730982095560542,-4.987888577816362,-4.610299430109249,-4.535135789287693,-2.257132049226184
-1.684858092415929,0.715565595347831,0.36387608299105956,1.0806586761639276,2.825505144150871,0.01769335051338466,2.117273304250611,-1.4396389963739389,-2.7492574595601944,-2.085816740152039,-6.018017385807482,-8.721690678205531,-7.747283857244855,-8.495061450620351,-8.340386508249082,-10.09258306874003,-9.519727584966379,-9.434306355990039,-6.194880248080967,-7.4349661675749905,-8.395618110487563,-7.424498350406129,-5.918303474486712,-5.454654077721051,-6.206217487670732,-2.6174131646123358,-5.538991313178759,-6.731829857001039,-7.1019086358805,-5.866140573522605,-5.471467301276463,-3.9539558782545097,-2.7470778290385027,-2.4127741393722593
-4.0764479358551275,-2.0914028538870544,-0.2597493367194823,2.634885786558276,4.697459239500782,6.082439741475753,4.627131317692286,1.108080728208179,-1.3862390695776114,-2.2729667845353156,-3.7499092315335885,-7.776250516220326,-7.990365460664003,-8.489972809925296,-9.632970988495964,-9.416598930516146,-6.602901628821652,-7.4609096369637955,-7.607024803902398,-6.683147032349497,-2.077288789786493,-6.929786497352085,-5.100845832812642,-4.704315764612448,-5.797784670587038,-3.6740435213142484,-2.1068516481153177,-6.866635838472137,-7.421015768369999,-6.164052800461605,-5.886630875086685,-4.120204942491913,-0.807623603228968,-0.36357507998913674
-3.6807406175772432,-2.0176381521207714,-1.138085101463082,-0.15878243822201615,2.9012106759635037,4.689478149622365,5.980781386273415,7.090917056682434,-1.5403321840265638,-1.9502482166387345,-2.777721751493898,-5.82770913907482,-7.711704175946902,-9.687489852961678,-8.897814568716212,-6.322114677608051,-4.303019893455505,-7.7449787278767355,-8.37046832078478,-8.310157297745048,-9.810779471358373,-6.892612892086308,-4.457619344431936,-3.840212067342321,-5.907669102808311,-6.340749426766879,-2.5400136105705244,-6.235279189843956,-6.818736513393875,-6.7025811193916365,-4.769635875604434,-3.930081311039213,-1.1234602832355896,2.652871230533202
-1.7882398580991705,-0.6158827624746244,0.6130968479310498,1.3864311392005189,2.391092382372186,4.284326339405354,5.853815263577687,7.764659343226796,5.776587167850218,-0.4270499599187942,-2.349527816816095,-2.594036725490518,-5.613275931869909,-8.735256040113825,-5.686913386093469,-5.013475241636253,-4.556186023604498,-7.6951160228186515,-7.653542041692497,-8.189075692754393,-7.014190097646974,-7.4278158038059265,-6.2913045678693305,-5.017865793234259,-3.358553026328283,-7.161026766044951,-5.532361822816247,-6.187454077636049,-4.509020836093685,-4.5827953229785585,-4.88890092357821,-1.3743528789434127,0.9423078577288889,2.144704483301405
-3.592196949613428,-2.047657858518926,-1.2318163141450102,2.924186475722009,3.7079527493179896,4.09497337991188,6.0082910985507345,9.228851540830597,8.252863204057364,7.5422017012496925,4.586190445755996,-1.7219642379428715,-3.85258357751376,-5.56840669319697,-6.3358295205508695,-5.5200828225103455,-4.055536772651323,-4.879647869213552,-5.703832130055138,-5.799684092255831,-5.602258793660375,-4.482352828789738,-5.296816959134682,-6.442352683768268,-4.094761376549452,-6.523577656816162,-6.349809171363633,-5.3841962622781745,-4.008605670397538,-0.1593856934627863,1.7664364706918962,-1.1206100536036576,2.8660844880904324,3.128749648733643
-3.1995672603869054,-1.2716802893129024,1.2803138549116675,2.5437143278764385,4.50489106553721,3.4148077531137924,6.510647503630053,7.222446066287416,8.18697355847279,7.160336903247665,0.7810776042443519,-0.32205021748174645,-2.50847017345948,-5.027096454700463,-5.328620955770667,-4.789668666662758,-6.236987526281585,-5.188984999675422,-7.513831219388178,-6.822015863323524,-4.744707559175856,-2.635762129122525,-3.831777773251267,-6.019263713809603,-4.8263032933256005,-3.257828841882966,-5.172346522868494,-4.4549666331274755,-1.1557998317507052,1.045961815431536,2.659776639702811,1.4162872949175396,2.0017097225608045,3.5108499793235732
-1.2741283467103142,-0.5185547071313158,-0.007325403129808443,2.2443639398060844,3.867547316156746,4.132354343758534,1.0118156437418675,4.44691912646302,4.063251981289758,2.654879288682772,-1.5124484945693004,-1.5084016655105814,-2.360698504044171,-1.4664916080542691,-3.279343508760319,-6.368309592831365,-6.401663244118774,-7.29114277984291,-6.735955097775674,-5.12292190656509,-4.115417643403735,-5.420799493677163,-5.754559689003702,-4.566875102064643,-4.242669318935754,-4.027294875954619,-3.6228538997621498,-1.6131611781426072,-0.8907722036226645,1.705232248923784,3.38674636237399,3.633070505918988,3.7634694047442894,2.7276386377367827
0.33246087724612244,-1.0266013874068143,0.2857734791630724,3.046127976628936,4.520805720207568,1.7210719817755475,-1.1576806626504375,-2.6835160825074613,1.8950262753115137,-0.39527828746363447,-1.2149547513876793,-5.988274568805525,-3.190138303153157,-1.7611174206599283,-3.0591714739783673,-6.1548624193059265,-4.137723919408453,-5.784953096424272,-5.065828955145941,-4.3717176597568415,-4.555366981732221,-5.505082275452795,-4.932698933116575,-6.477839021052415,-2.860367617743786,-3.6905176287344563,-3.4957446735161546,-3.236581026884192,-2.6459874718387586,0.0403420785531583,0.2559688480663423,2.1297672548207434,3.062041191624843,2.7056290072500766
-1.8128097074528615,-0.977841969223634,1.0192974481503156,4.124455948547529,4.14917685208004,-0.9058220453724602,-1.3931068817499788,-3.399106864176139,-3.2033366552190587,-4.374246636004375,-5.901608531852116,-3.0889349737403426,-3.769662894634705,-1.1046278432464347,-2.0974701328941125,-3.758363086026688,-5.313309506505157,-3.949680592477534,-3.6559830939237408,-5.949982536632938,-4.621255171582128,-4.463071277803413,-6.712306340358353,-5.1419277717350385,-5.708415875813797,-4.371505883660182,-4.362760198148845,-3.7139179382441845,-3.5803429726258256,-2.96740390569481,-4.246282360055893,2.6143848851628486,2.017071948074439,2.733637237012731
-1.8449109883335169,-1.1155965209695526,-0.20651394671269765,-0.38301410406012165,0.4805161280330844,-0.8868019621040295,-0.5941885497199904,-1.313550508465154,-2.5687836243950724,-0.7174592148522714,-1.860164479875685,-3.586348299008663,-0.8341637160946953,-0.7123109279931913,-1.0863515623813784,-0.6068559301165382,-4.045421310188548,-3.1502939254453852,-6.238434980233669,-7.253554908284448,-4.440553358076409,-3.8823243678909916,-4.735798687936926,-6.300641755932317,-5.045951810613726,-4.9392841600584125,-4.896610397430962,-4.666528516930064,-5.069532734626209,-2.8444382426986516,-0.05317777737671656,0.6357221138875526,1.5193312577354603,1.9510814436795654
-3.081132990495573,-1.423717646236331,-1.084523483847685,0.05093666533471194,-3.2653730746967096,-0.7041190513062717,1.0192090626978334,-1.1944062615948245,-7.391637864785798,-2.694610145609195,-2.0369867852057517,-0.48881239563942963,-3.0605902219712062,-4.8122353625558265,-2.1457147284824574,-2.910227328881743,-3.128610148515638,-4.104922570679325,-4.6256189948790745,-4.4213437322230265,-5.441746530893482,-6.637074493257568,-4.212756461085009,-4.829098188991735,-4.950905838043914,-4.650318455192638,-5.060448642144356,-5.275235096839321,-4.614277359045434,-3.3718177494397983,-3.0907940174507176,0.02144820593376573,0.5931953409822991,-1.028807404524082
-1.451586696693759,-0.637860531713303,-1.5748055326670776,-0.2811867104511455,-2.9966447710286936,-0.7330376420758401,-1.8982202685088534,-3.2152494355848527,-4.356956047918212,-2.714792435028735,-2.4182229708857754,-2.7356482049385744,-0.2560268770320611,-3.8783315548462016,-3.510049478314704,-1.592013004291422,-2.9567894701491677,-2.9657220243630866,-5.147803012703036,-3.493547391306443,-4.446796052704002,-6.916406187573264,-5.358719629564351,-5.169345654686243,-5.158282478311379,-5.81707391714559,-4.456523600006102,-5.003190401617212,-4.558604979037373,-5.048472622356826,-2.3928458801453254,-1.8231360604538949,-2.3639601509586403,-2.4014446393512556
-1.378101882817699,-1.2388877906890825,-1.5715871212899668,-1.1811268426915476,-1.0094970420835638,-1.0936755979116306,-3.606429648512686,-3.8729824909094375,-1.99936394545524,-2.888113958102539,-5.2022585150562515,-2.8681643469283475,-2.0184686734680577,-1.2602176340533258,-3.6091950796634937,-2.042626546365668,-2.7652365906645984,-2.4121853437183574,-1.4719707650471423,-2.571461064854036,2.306252134616384,-6.2477033019661325,-7.355440564634282,-6.36931654414938,-5.27968668396354,-5.424691190021619,-4.811753791987513,-4.307756666498898,-3.180287759613585,-5.383893547611188,-2.3975113682416653,-1.5804701354110684,-4.099089297425518,-3.108246761850545
-2.1754154340517076,-2.6645201548823323,-3.0853704729898674,-2.7943339574242567,-1.1437257624130241,-2.16236027054801,-4.266138335699881,-4.1482086162209235,-1.2217502131205422,-5.430767998025449,-4.684057254693948,-2.631563878331469,-3.6500550912494796,-4.609043526837406,-3.2573414548883033,-4.5715895908123425,-1.7533874508634122,-0.9879626038971344,-2.5211212754230066,-0.37306449654090734,1.0721103960454914,-6.156704017408551,-6.6814170972115665,-8.16524832822726,-6.676692719140737,-5.874145287394204,-5.2911507144420895,-4.548077873850626,-3.332548697954296,-4.136765518920167,-3.1298515906054365,-0.4230070152009153,-4.340849274937083,-3.018894530255476
-1.9162414316110945,-3.1525205788989568,-2.899168297178202,-3.972269951559828,-2.2047004693925802,-4.377338909488118,-4.847886445717727,-2.59076555690471,-2.062770731595073,-6.247567148537636,-3.9040704319950343,-2.8601232983869105,-3.227319696674998,-2.183299791398541,-0.5648595809732064,-1.0116551134637257,-2.107275722726371,0.3857264760025063,0.39733887058928624,-0.3937014024758136,3.3506217853192766,-6.348243565660269,-6.976309185092718,-6.2380192485171255,-7.264565215165162,-5.821283647413454,-6.271425052713793,-5.583574801181291,-5.039151110556081,-4.951178912191281,-3.4801859002089053,-4.697841357249552,-5.214265600109899,-1.95090422193859
-2.6688509725174483,-3.210708570607946,-2.5054726561670844,-3.596641748409237,-2.261652052236857,-3.1146455294112467,-2.3899286502789927,-3.5429908953290123,-7.776864660271079,-3.084338229946551,-3.578159715226,-1.7736457065465228,-3.2886254319125827,-2.874584475893192,-2.1157349384872073,-1.8904133158885703,-3.768329898781877,-0.1600855104027601,-1.2288230728432363,-0.7508715803343778,1.9788859735888351,-6.581286350632011,-5.286682409780503,-6.058828764507503,-6.237493854193175,-6.2439857472524825,-6.068351467076422,-5.794942746263994,-6.640388737511637,-5.83192785957793,-3.1679407303784037,-5.874053966287611,-6.150498192738958,-3.8464658032394445
-3.682545451301467,-3.3601547390964845,-3.193811087965799,-3.3376543654778827,-2.0750677749536717,-3.5978712346940296,-0.7159699366442995,-4.269837350635952,-4.446234232909503,-3.6437938343423526,-4.387851969095937,-3.4570097551399486,-3.265382098740977,-1.3200753646078522,-1.8647394890429398,-2.5119232206379367,-0.3913651777703619,2.3892569294878636,-0.5363312692704081,-0.26222120058040815,-0.8228186565777175,-0.0028173074549825597,-6.529290916448323,-5.7658007832246145,-5.964466294199872,-5.3175771056470715,-4.796835428863228,-6.118040825278518,-5.792702437826322,-6.531080713863238,-5.569072420186322,-5.2788060242772605,-6.324501617881249,-4.769216043356512
-1.557617164608056,-0.255402252653634,-0.7723268487886052,-1.5768815029961398,-3.1018941061557053,-5.217703877500685,-4.784234305983507,-4.1269651019910745,-5.052500522973357,-2.912855233816327,-2.5812921154027904,-4.7151275682041245,-1.9686670688518901,-1.4345455549899702,-0.39294815218420714,-0.9418624520549863,-1.3901016541470643,0.6896406860887586,0.2564569217748013,1.5794410138644595,-1.2365378265187656,0.6349963240464193,-3.021483513919369,-6.980377007505205,-6.0313919940560945,-5.859313592693284,-4.732321089407826,-4.103404663941352,-5.168668331738061,-8.326232832218645,-9.076838835338156,-6.998029428333088,-7.215499616198382,-6.383798214445934
-1.6439502752592674,-2.1581972943505887,-2.1872114495240353,-2.506963376857121,-4.0211163460519215,-2.99070227997475,-5.876946585109864,-5.514835540814417,-4.6811208225502705,-2.8703910251998708,-4.09237184628221,-3.726198669418608,-2.4029357119930426,0.3859897164076718,-1.6136232306562637,0.1932627466409071,0.4084570923961292,-1.3388508860441417,0.15840612404744964,-0.15697433991887336,0.7668891258717879,-2.0009021334074446,3.2901760194134293,-2.292631553448152,-7.036662752527172,-7.030372221424344,-5.6185404473380975,-4.806651193302304,-4.80859571395485,-4.38681246850162,-4.188602830059407,-7.147880814194564,-6.403450213081395,-7.158231747023892
-3.305449304720158,-3.284849021783597,-2.6903115539332427,-2.0454725454837708,-4.3465029130640085,-2.6251768475122605,-3.5275329390100736,-3.9429858958808217,-3.988847146072717,-5.874716337791488,-3.879769806512731,-2.3874502522088275,-2.880024060184955,-0.09508864812769198,-0.9296249139368614,0.4419992995841018,0.9695298088321225,-0.8472409563795719,0.7670923423934729,0.40556444556303184,-0.616758038245616,0.0671063730210121,1.3747485734029279,1.3320665400176674,-0.9625431812367247,-6.910341825427307,-5.9454670716795075,-4.579863163990135,-4.8429468017323805,-3.8712093295921255,-2.7392882813467945,-2.855147097954069,-3.654057484735807,-5.639805043823041
-2.784366471772581,-3.0435502138572885,-1.8522677097774631,-1.8293437101136893,-3.698223572479457,-3.1009439206624716,-2.732728543992293,-6.534696580875578,-5.486599444026142,-3.9461641036330364,-3.527109993097897,-2.124122692933398,-2.050937705501238,-0.8556815978312104,-1.0012470152381385,1.7692727971177025,-0.12144202533402429,0.5430001324832765,0.1185333382004955,1.0457860786356514,0.3882155376561849,2.5991028910900544,3.096314232783731,3.4468530407684357,3.587265788294208,-5.742743725070139,-2.2153709237405215,-4.7074153224840805,-3.419900877768112,-2.2410139035210572,-0.17406685808778605,1.922432116168256,0.0162992470709995,-4.798475831186989
-1.4201274650784166,-3.0751450103326006,-2.246278102678032,-1.6033031480542592,-1.7405609532466795,-4.540695351162945,-4.857018897766684,-5.879827435016459,-7.05882967882015,-2.6938871436544236,-0.8082510219999213,-2.6653601783357534,-0.6293691262841472,-0.3683734281926181,1.9550670477766414,0.2893765087575634,-1.4792198709636935,-0.9982290196390184,0.3766961452799149,0.6481858555343661,1.888008699556389,1.1198913897063643,1.6036256204769659,3.448498355830653,4.046611611414785,-3.4687835649024445,-2.383832317090952,-1.9283818552938206,-1.9802349085208057,1.3739639954183576,2.5291032850082127,4.40202419790541,1.9169908977297658,-3.5495937953431453
