script/wind250m.json
{"header": {"parameterCategory": 2, "parameterNumber": 2, "lo1": 3.000054539987559, "la1": 64.9999836372058, "dx": 0.5, "dy": 0.25, "nx": 34, "ny": 52, "refTime": "2026-05-31T05:00:00.000Z"}, "data":
[rows 0 to 24 of 52, columns 0 to 33 of 34]
-10.975070239098535,-10.707462312052414,-10.16231774396924,-9.354362099380998,-9.256643282487378,-8.806028664804783,-7.818476133269882,-7.509731444233912,-7.23409176101406,-6.983835976895597,-6.516530298706927,-5.752994071222711,-4.765792028143801,-3.973290989716298,-3.740856153019946,-1.668195426536446,-1.380554770657754,0.116408642184962,-0.5827678589374609,-1.042300384410573,-1.4772273125530353,-1.408727903165246,-5.354551042453325,-3.379336999600006,-5.209594636788936,-3.6674974272359453,-2.3278851406850203,-3.694522268214478,-3.607475694071323,-3.033120897169881,-3.5054553379414406,-3.94834547096258,-4.72216359164303,-3.0859261938873677
-11.14583780681565,-11.516790108349804,-10.693398888766358,-9.971991630377508,-8.652571125263671,-8.948490274230556,-8.703596967566366,-7.789592974615185,-7.066564139410867,-6.532575864296399,-6.10053308533412,-5.467170215085141,-4.181562886496921,-2.223215853752075,-0.8908845238441179,0.33812340717067507,0.3352200485074211,0.3986856899503204,-0.8978911571531815,-2.437008830110357,-0.43366613193633985,-1.7146666391783056,-0.37778521520102043,-3.4127080963620453,-3.2659984558842168,-3.5458231700164835,-1.684360692107836,-2.6479847612441727,-4.097625646013453,-3.7777835138772846,-2.329306534926075,-2.977004565735826,-3.655111335269564,-4.476127758199823
-10.818532647587316,-11.600656004802046,-11.45766251776231,-10.26788682765168,-9.546489968715616,-9.029307442986878,-8.843701908151823,-8.396704307806024,-7.6396647776495525,-6.450584048769833,-5.969315071709044,-5.070818682280364,-4.155364970639272,-2.1235811408964866,-0.8052554866336669,-0.6648066621016815,-0.3315059735108533,0.1989983611144905,0.08459718455824468,-0.8845973935410738,-1.9969409939762348,-1.4260975950164325,-1.8357852310061835,-3.1799615522514815,-4.998461434779368,-2.408656903858792,-2.7392846197230254,-2.098419377864682,-3.3386706120288774,-5.9341662378960764,-3.251826049853178,-2.484785275558767,-3.184584210965422,-4.663330541838994
-10.88365925155895,-11.004220481756693,-10.78921982783183,-10.518529109054395,-10.60335222993616,-9.339358308093027,-9.051544217213053,-8.655926306787723,-8.576954281543584,-7.491362806610178,-6.178243595259422,-5.865031465317452,-4.759262337757834,-3.7334330565470535,-2.2900271247293347,-0.15175268650264265,-0.9381467953712055,-0.7371457602018817,0.058876346346070516,-0.7038075416603515,-1.3742644666128874,-1.3144786876865657,-0.3115971137489612,-3.425317670997059,-1.4474625181437288,-2.161881834182085,-3.1865888234472513,-3.9059546687011757,-5.011728615320926,-3.6809891896697287,-3.5820407318317504,-2.5182081225343156,-3.334510412217425,-3.871928063116212
-10.418113855591326,-10.81494779974747,-10.311516283341808,-9.653745970203406,-10.663951686156597,-9.902264308957172,-9.607776747888144,-8.939708160367017,-8.61247024116526,-8.547634745532896,-7.561768120570185,-6.341873573277574,-5.749687043361886,-3.9758366967675505,-1.3063127648494202,0.538860150846617,1.0981258510804954,-0.06917102276777491,0.4691214647938329,-0.88074268044803,-1.6092945014018223,-2.2582735455738696,-0.9101215437423675,-4.675875640207191,-2.3337223876684976,-1.788203432411773,-3.290347457464176,-3.7817694382264135,-3.8673544388717085,-2.3288398395779155,-3.0862388530316247,-4.182876499620269,-3.1443390303967202,-3.4802685307399917
-9.366145586378813,-10.161013506170393,-10.301770226993286,-10.273951008646915,-10.4010750161064,-10.321370478835952,-9.730653587166646,-8.96919965647768,-9.183310188579416,-8.37234456983467,-7.726850718616544,-6.581391553852646,-4.275208910996659,-2.516891878567867,-0.5102444685235461,0.8430415936879135,-1.4685657928111164,-0.3794821742608375,1.066885686941695,0.1925908598251647,0.886668702342745,-2.1095202298756095,-3.200750965964179,-1.769307829992138,-2.704486630242058,-1.8699557643864582,-1.6606680148490789,-1.5285369245207818,-3.0641203789662015,-4.883008674118862,-3.6766664782498544,-2.875183212632162,-3.0309932176135974,-3.6697025475385616
-7.609415274192836,-8.688921083793584,-9.630871625764721,-10.130926179306448,-10.522217855020982,-9.877112998304417,-9.403847211089529,-9.150621643033071,-8.970536112020843,-8.535904777700223,-7.468826056092829,-5.930489440640532,-3.8742527899579957,-3.268151128564994,-2.2425969875886493,-1.1497184171618335,-0.6550377186166099,-0.15880946779321087,-1.506703747250437,-0.2737803354739929,1.035104343446224,0.12429161080155977,-0.8260263848042908,-2.1960019886422537,-2.7115272243265434,-1.110218373453738,-0.19680933130596318,0.05200322058945509,-1.7138522262470874,-3.1585227964525604,-3.2185319890540396,-3.954706959401367,-3.8651616156101816,-3.386895156195541
-4.930129188066298,-6.312327467314135,-8.030457554520869,-9.67758092267524,-10.27838906706405,-9.601535279253392,-8.840823830978412,-8.226206663299003,-7.301365954682264,-4.88989350345291,-4.813957232665628,-2.731252179881113,-2.8733988813333533,-3.4412756544512595,-2.7099675725489325,-2.047702144237737,-1.3658681935221575,-0.47220127682225244,-1.5581398882390114,0.7936310220348746,2.500488896221432,3.2081572415879784,3.596888558132309,0.5951083208619707,-0.22491338662924593,-0.03762348559420518,0.03787600963981421,-2.021800512867798,-0.5566604572579853,-2.462551719739377,-4.331359292137467,-4.555893698907105,-7.465895176903124,-9.072569185929295
-3.354498600738869,-4.015159475759548,-6.4458770148486,-8.438238351726554,-8.51609913893929,-9.016934570425473,-8.086435300481249,-7.027319439439047,-6.392283042453195,-5.451405325306827,-3.637351164676068,-6.232842649073598,-4.051003046070191,-4.5613836035376725,-2.9333678270356716,-0.9880882781137252,-1.0046512632812927,-1.1643159830289658,-1.2229203670115598,-2.0696055131250857,-2.140363504697751,-1.7031060287071849,1.5912300343247643,2.1721449156469976,1.149038117096124,0.04011080479222768,0.9451015527267977,0.09020687085931792,-0.5573507386197455,-0.9187711631296952,-3.9201276770403957,-5.917665028516091,-7.877318841161955,-9.157406390889436
-3.4307578669456924,-3.1775244650152854,-3.1363750227714924,-4.7631104761179905,-5.92436514518824,-5.231350828143909,-4.696285702682256,-3.3514971679111216,-7.050755711598043,-6.248859164912179,-3.9985607098011475,-0.8701211854438442,-3.3737820674929484,-0.8934689303464654,-2.2101844574453344,-2.4654893203312267,-1.3802707068453444,-0.07684044410108322,-1.142216712386206,-1.098420002256078,-2.518895819445345,-0.39964477346925154,-1.0249785010855585,0.32017019061750984,1.679823863360547,0.779579716324154,1.0799301247808342,-0.532553828260353,-1.6022698909469257,-1.753664435664674,-2.397252879109853,-4.370639274450972,-4.967440424719773,-4.336109927210592
-2.8193468866069384,-2.5236496237876485,-2.57643520704752,-1.0330085211035833,-1.992751175368776,-1.6900084938108009,0.38645757101206796,0.08112744165748946,-0.5321243319152983,0.9289791983012938,-4.1050231788892715,-1.9847110204535583,-0.7655625293587389,-1.1455977973686209,-1.2148512433023833,-1.2374620652805188,-2.396845218805464,-0.841557112843187,-1.2452523183576416,-1.0451518379613074,-2.8356402829320304,-1.6573336268719585,-2.0510185715964253,0.5990114258683237,0.12914604574809405,1.3452309398147273,1.4282573618414436,-0.3266911506198726,-0.012267054706051614,-2.9421252409480347,-2.4330804886343613,-3.8939254114430444,-3.7350204742537394,-3.891721946696816
-1.9448801875595239,-2.4366705050355155,-2.298863352336585,-1.2146305812012064,-0.37332125867889215,-0.5128819298524564,-0.5778012563445601,-0.5879443494239854,0.8553964250732407,0.6256544934174797,-4.135540347305831,-2.6650039680407134,-1.9701080438114873,-1.0203447439819187,-0.9519569867886276,-0.7348107595135249,-1.775883629339232,-2.0594960214907285,-2.5288837063477185,-2.571438392856384,-3.4416860243619745,-2.4584300662124314,-0.825386414332385,-0.5022064678470451,1.319991383923351,0.7286659310823989,-0.27083317076873037,-0.3978760305993604,-0.4377816587673663,-1.1269268498819374,-1.9032777738263986,-3.2572429367474123,-3.686141850806006,-4.114962752773899
-1.3990955000029952,-1.207222453765602,-1.2851702836228776,-1.4693882522689323,-0.7592873860564945,-0.4598826715207274,-0.2093442964565338,0.31583941819082867,0.7449585245716179,-3.5797525565404698,-4.107192487537642,-1.4342608820745102,0.03578780454787649,-0.7436059749395129,0.5983166747316654,-0.6849909464787898,-1.455735653284322,-2.2806789602552264,-3.9829215456082494,-4.143436567421367,-2.9433914459737145,-2.2862027754442975,-0.9539500323652017,-0.36310692277553935,0.5749452497468553,0.42527161157182797,0.2783073947622223,-2.3293797088770045,-0.4931420559040848,-1.276696478249581,-2.633964868281393,-2.972516016972954,-3.8659113231166313,-3.978629205899156
-0.3312305337013759,-0.5477882696054005,-0.37148153943495865,-1.0033267357083115,0.05602012267896966,-2.027021520945548,-1.5178733745736896,0.06431260868988448,-3.345319212848759,1.2584110668811352,0.7768181033609094,1.0959357588762257,-0.7134381399057491,-0.12520326582781174,-1.0726788047708398,-2.265616605721641,-3.0055062815201388,-4.759954320468606,-3.93307591787238,-1.9731984867426027,-2.1816416427607086,-4.052253586498218,-1.5673289589942283,-1.155391973081353,0.10267938465737171,0.5367013393798652,0.6437443999306555,-1.0164168231402486,-1.7691059052556408,-1.6934777680068531,-3.1634320777714153,-3.001943130470961,-3.7036783794531405,-2.2877978353039388
0.45074749267977987,-0.11370855306192792,-0.0735647110171746,-0.9389643310585162,-0.47848288242435066,-1.9931985946624884,-0.3936056704187352,-3.966899900904127,-0.848634154897632,-1.2940467507057851,-1.231332949029876,-0.2615986917935546,-0.8449804273507638,-3.4002117818573097,-2.573403771979831,-6.228957108869059,0.34502693400234574,-1.7902215945422855,-3.5651468024809505,-3.2540488459407344,-0.33738784911782643,-2.4286988923937196,-3.173539318886271,-1.1817077900158117,0.30667472125733913,-0.5649832025512669,-1.7997556182452854,-1.3260131144565923,-1.608130486607356,-1.5450595551009678,-2.8461863701472696,-2.225399791699153,-3.5283281803322772,-1.9099865850467164
0.7231493733995937,-0.0892667246173042,0.043574095221693435,-0.5058909185803819,-0.9047923504391449,-1.3832668072905248,-3.5069340389057064,0.42674210117954753,-1.0585008341877407,-2.505803046778899,-5.428526719630561,-2.8030210922030507,-1.0625805131081505,-3.9286333079315923,-2.248530662692703,-6.650501943157184,-3.0002015908279662,-1.5094428543806184,-4.045161517432759,-3.695766059346396,-2.342139179027083,-1.6107534187063302,-1.117525026116021,-2.7604761276750076,-1.7606650231837784,-1.625596140347463,-2.7060395214047395,-2.2970780343217942,-0.9068986712327247,-0.7064197018789277,-1.9499795483467883,-2.1320374155452533,-3.5645550418839473,-0.7388845074121502
-1.3157667744768722,-0.3279157865978674,0.15195036537600715,-0.5251139632410866,-0.37109831586129366,-0.40610251555356164,-4.1365248277209865,-3.6820257038289723,0.3337092415960721,-1.1727537123881202,-4.634602296498197,-2.787381769683363,-0.2606204989289183,-0.022372199943203254,-1.7533052303842542,2.817408411831389,-6.586604426025714,-1.0032611433958452,-4.248195709423433,-3.0119114239990985,-5.440327847625633,-3.2579003210369493,-3.0045260432738328,-1.1459853125874064,-4.200124681487203,-2.047875738693015,-3.1254650774559463,-2.7059838139444135,-0.8628442300874714,-0.86700841711379,-1.7145323584355063,-1.831040736099958,-2.9072049907925046,0.529411349407369
-0.8911912191599657,-0.3036267374381505,0.658906841687902,-0.2958494070230672,0.16013313331860635,-2.2115350508989087,-3.33810206032455,-1.3122610661177911,-3.611960896260719,-5.680869461194878,-3.520021976683192,-3.441010794950327,-1.8100642479984976,-3.0021723910771194,-4.056265266878426,-3.8748215073009318,-0.35009590182726413,-2.4815191443048645,-5.232616963309428,-6.495010051523262,-7.730032737418467,-2.5449986176962716,-2.75062157968823,-4.372456272066809,-2.103914227089878,-4.127237373426544,-4.542874996953831,-2.4625149838805775,-1.950913529756794,-2.183728741204467,-1.8636127983924664,-1.8607684553614792,-2.0860580960336597,1.1291101275623023
-1.6121760067430422,-0.11482561903830345,0.07077993656074501,0.08728998104026395,0.06628713861740451,-0.7179147630638796,-0.2743611921092665,-3.030889344531552,-8.117883239999449,-5.71827140472979,-4.035502982949735,-1.8289997237354703,-2.5509025842400153,-3.9210637174178724,0.8809024563965754,-4.612576647591413,-3.6072092067882133,-2.835708712969173,-0.556657728108129,-5.013595782749061,-5.5429287167653944,-5.842459170256256,-4.616646665237451,-6.0076122021534095,-4.386942059968764,-4.548532227443325,-5.064947637538773,-4.803091632144753,-4.422555593371212,-3.9547774454805475,-2.3645406669381,-2.1661933680073266,-2.146187078408872,0.8434490454672332
-1.7303338737968046,-0.278638023717464,0.5037295513316074,1.12238556283806,-0.07212352135095099,-1.0922963824345027,-0.6892335733278551,-1.4881479981953125,-4.567408705457234,-4.927549553575928,-4.346067562731059,-2.227289406194422,1.9686580874989899,-3.2516598014247466,-2.3714724122227486,-4.5364920998247,-3.725529748717789,-3.9359878216213335,-2.42030382073829,-6.439075813635253,-4.837178096166638,-5.761979175447084,-6.003078763373833,-6.003386496447619,-3.594795609751576,-3.4559162619750445,-2.866336655922334,-6.663923208196408,-6.0976881270119625,-5.177225820815688,-3.83056735214604,-2.642385159406658,-2.0327900734082807,0.774035795158871
0.5719095295480835,-0.7058081144286041,0.6001076323076439,1.5338644436474762,1.4023026871204374,0.0067226939558651,-0.006343817025034794,-0.44445589649311884,-1.6078962458997783,-3.9070771234437616,-2.280600113671069,-1.9765240492632596,-1.8391146657449575,-1.6765845936815424,-2.2487578493431233,-5.018695856336014,-4.922960950028929,-4.668745184360281,-5.6991194870449355,-5.9650942811020995,-5.966754880139884,-5.857275618330656,-5.019248691951389,-3.7608229169839063,-4.272650347485922,-2.7061867466451774,-3.6168146612983545,-8.386818519542606,-6.585731202307776,-4.956687304263232,-4.205719602526561,-3.1961852116650067,-1.9768619528011684,0.8040344307975748
0.08779446213284434,0.7638014682444807,0.5781508451243872,1.4817365719753264,0.9132669009531206,-0.035693208476371044,-0.37003645968823135,-1.6846730995790589,-4.283086712712427,-0.7648793439021314,-2.820767263417284,-2.8052060703797763,0.29071331614932916,-0.6966928877798527,-0.3833298224346563,-0.9799182882308776,-5.791358566022038,-6.057108395125552,-5.524381588825162,-3.5068854838768093,-2.7607217130492305,-3.4440913913920888,-2.6089923725632227,-3.732649056485704,-4.082247706275866,-3.4361907399763663,-2.776536919813552,-5.189204256936639,-7.450037448914849,-5.30199883556978,-3.9476731872251247,-4.2192863596540615,-2.1034694277203116,0.23312024670846979
-0.9390611899305513,-0.45804931857049375,0.5579927521083419,1.396793220110741,0.9722337768565369,0.241336271752569,-1.4187574947445734,-0.8822763782622685,-3.805277467385788,-3.515856105535784,-2.421986770059848,-2.0415178433249963,-2.4963714329147413,-2.7547638358102455,-1.9616347517550003,-2.0319760605442063,-6.649318028569587,-5.589445350125293,-5.0369737850244185,-3.967979032543001,-1.9400700424920374,-3.7636400861066237,-0.631677456954904,-4.142615633023904,-4.468732711582511,-3.669216584948868,-2.4948013946483556,-2.7232309798635126,-4.917296911103299,-5.251596278236275,-5.690324395498962,-4.559009167290941,-3.0787847221784452,0.43863397576337043
-0.04846228593362556,0.31957319281318164,-0.15829255619605231,1.6684308233353613,0.6648843816032309,-0.18910048937046553,0.03795373733191865,-1.5581779723513403,-3.4299691016610483,-1.971091132723822,-1.2469134849369088,-1.323464923064474,-2.528441192386544,-4.142306462030388,-3.843087706404046,-2.545738774089235,-4.400915079016349,-3.9674003452460713,-2.683100096514362,-2.159429679523155,-0.7230766442996449,-0.7710751240597106,-1.6960859030140436,-3.389446659102577,-3.432604957351968,-3.554328663589993,-2.8254226062637646,-2.590663853225551,-3.738639368127359,-3.0441953593651117,-2.244275575540409,-3.6096916832867776,-2.4512494354005234,0.023430083065849268
-0.10481287153385263,-0.2552410411678727,0.5242583857540722,1.5972974345449964,0.6662084223167194,-0.12399488282908613,0.10749849892028307,-2.6764826615428725,-5.30783851280504,-2.131129162140729,-4.224389962938884,-2.1038526233791957,-3.503395879458876,-6.555444032422171,-5.035995221785056,-3.256470702769841,-1.9614599500591894,-2.4879906370646614,-3.050891542714443,-1.2406639388688592,-0.7782029698574935,-1.377683855935043,-0.5505363758282051,-3.5561301645967793,-1.1574641677423958,-3.302508969467186,-3.181412273955062,-2.6396284634013174,-2.524982733453305,-3.2272888933530903,-3.3878441817759835,-2.9401868215981977,-1.4461325964259257,-0.391291601664515
