script/wind150m.json
[{"header": {"parameterCategory": 2, "parameterNumber": 2, "lo1": 6.000198445256149, "la1": 58.999992894266676, "dx": 0.5, "dy": 0.25, "nx": 22, "ny": 24, "refTime": "2024-04-29T06:00:00.000Z"}, "data": [0.3956655260743759, 3.461909654406195, 3.535126831838992, 2.242217866377287, 1.5855167020793948, 4.371959886272488, 1.4086032169165537, 6.343656289836607, 5.847222882373953, 6.518456477506161, 5.512475557550242, 6.019484136749602, 4.615250270214601, 3.1757058398071383, 5.7190575982240786, 5.487800745445439, 5.380726033074814, 4.522001970354672, 6.46756152592064, 8.576853695191138, 8.879419838668747, 9.172817014091754, 3.10197912813358, 3.778089566204682, 4.685420401121903, 4.177937520874887, 4.8363208998342655, 1.9635366090051403, 2.3908863195697756, 7.088977503097865, 1.5762814612161071, -0.8940240590804786, 7.649082156523869, 4.730346793516101, 3.7469374504439585, 3.0646540294056512, 9.293799247722706, 3.2584804296318657, 6.662580558032167, 5.688353787286864, -0.33338909510574627, 5.346166435812602, 2.126747434177249, 5.623191950383857, 8.516943126201006, 4.958716929921496, 1.0982537201362799, 6.70879101717941, 2.5354241948499894, 4.306819185270301, 2.4755724949390165, 5.4199397409459715, 6.162123255899715, 6.222524449743849, 3.349676988466454, 4.7388933522552525, 5.620869305002527, 2.469593383191768, 1.5274674897497698, 5.243249514529143, 4.075349561845533, 3.393906458098281, 3.5018926200327907, 4.2973201622264305, 9.777555620890935, 5.8749526777807555, 1.6774059110150008, 7.662234767274968, 5.953443239204707, 5.78974719711323, 4.384413354173623, 1.2814804235803114, 7.15120427304703, 4.742929675215432, 5.032153134665112, 1.92386716614113, 5.0246122452945885, 3.360476083665422, 4.493186185683225, 1.175931045146156, 2.642880799210418, 3.566192538645458, -1.317923446511759, 3.997259470215316, 4.516760051982217, 2.646336742816205, 5.6875089447624285, 5.956550662555363, 5.001517083281597, 1.9376961577342384, 5.079357846619046, 2.279743109097649, 5.899267150413739, 5.634508944321792, 6.777155584945937, 5.209131275928646, 9.364120621406459, 7.167300189805726, 8.321267958820771, 7.431750324866761, 2.1737612060840057, 4.642417186942681, 7.008247695837409, 0.9332690559625549, 5.119109870897858, 4.006712281191542, 5.802222557450148, 5.693120629184202, 2.7556609372368595, 6.359294602078735, 5.460840942506918, 7.184494442142748, 3.524515977148282, -1.6722783905242213, 3.7788351221035765, 3.2828412052900093, 5.986811059601006, 4.261741410746093, 5.772600206010158, 3.3962045400368686, 4.1854123787575785, 4.270442985890414, 3.508962137291859, 8.492676893377654, 5.345710456305454, 9.425363956757138, 10.21404557502275, 4.512676562643337, 1.6652468637956928, 6.497590293841251, -0.6739665252484213, 7.882583654109255, 4.549183661636622, 4.305070063156699, 3.6989100419877574, 3.8030804803761753, 4.242572135132656, 2.1606928379237833, 3.917561511679507, 2.6257213606034355, 5.2881751311061835, 4.515605457971581, 2.7050340184438038, 4.521097194238534, 4.949400886887964, 6.842874719124747, 5.8320596209232916, 4.846336778489478, 6.999381525703721, 3.6503839509008422, 5.839447163758904, 4.869086839611581, 1.3594584708689368, 1.7239100492684947, 6.685169470438748, 8.702078792525949, 8.263641129468875, 5.283984449398056, -0.7921565821461722, 6.6788728121937035, 0.4992900842616318, 9.795990460986356, 3.995853381037723, 5.521261666790419, 5.865790340846766, 4.282117483445269, 4.4884453973411995, 6.335491413765176, 3.7432379322410907, 3.8167591683149227, 6.942037568311639, 4.213072447409063, 4.216004280396746, 1.8533415650700091, 1.4488996654369821, 4.417896901112398, 6.697904275591799, -1.0938036765158807, 5.600710906534533, 0.459783223377691, 5.461956763035558, 3.4653918930025713, 6.471729014653787, 10.205707604381676, 3.8973301949502823, 3.0962304709826056, -1.4643257639184846, 4.505357767214738, 6.606650934562379, 2.7393964884812356, 7.895245145933163, 3.6731831606951064, 4.52495653090215, 6.654476566391723, 7.031780265832751, 4.824755113106118, 4.932885708933382, 6.968834898029297, 3.72376300209316, 2.114909342507468, 3.1086380672428144, 3.8898136231796543, 6.655237080309875, 7.4207398100283095, 6.024860442727636, 9.5907677757838, 8.183432616715452, 7.569468290866691, 8.126507565051742, 4.499079229452762, 5.925781492877279, 2.788983647558011, 1.760774248430616, 3.7779357572238768, 7.431684261815927, 5.943464898954325, 9.178556309593619, 6.972957442501969, 5.340197180234199, 3.212609570781545, 2.9750980907279088, 10.788779031122033, 3.202982684773115, 4.596925365366121, 4.878782061364815, 5.716436131886007, 1.9698472358760089, 6.012232884671824, 4.19888257094592, 0.3786840330522964, 5.414655320558613, 4.819686811173495, 7.00858791251352, 3.859875766016116, 5.959573156432805, 6.397826685021168, -1.7368300121636462, 6.517477256788451, 5.205839683986516, 5.823214413735761, 6.443163515160443, 5.237651070213635, -0.56029998909937, 8.001545502513435, 7.036989613085501, 6.209805052692389, 2.5178407642397906, 3.204835842181052, 4.166344899048746, 10.328919490398848, 3.902277944988804, 7.693181519892658, 2.086779404561792, 1.639995819302578, 5.986129353241486, 2.54535847286575, 6.45719508226687, 8.37454675278225, 3.006752032234878, 6.6267782034252365, 3.853728698135271, 5.888851619598051, 4.18929311761997, 0.5907714557620934, 6.574604430656019, 2.1460109369910785, 3.7830869995916077, 6.407355027620669, 3.5678231816684813, 6.5828094718138965, 2.7389565944002636, 4.545922540834478, 5.393478261465803, 3.8725556827339678, 9.765821080803068, 7.927226220851748, 4.288611613758315, 3.534868966239129, 3.7776721860486817, 4.264003273825593, 7.436053001058136, 5.083732909813723, 4.3707920933803885, 4.200969655570402, 2.102460104602996, 5.292813517796311, 2.9937314890147273, 8.984524165859746, 5.681669733715108, 8.25566722990086, 3.730082521751833, 4.364704475647188, 1.468496395256427, 3.5679942307204913, 5.53723386535496, 5.04169692332805, 5.882518790633318, 6.902137042005251, -0.8825932885075409, 3.2498024947904396, 8.163465173136967, 1.405713373944801, 5.00338329129903, 6.575170979104008, 2.5797561421263313, 6.9268812472517585, 2.92607476931409, 10.392163267300413, 7.439484141421452, 3.693107814521302, 3.453670886275753, 10.344175754442142, 6.697651976640564, 4.151880996807669, 6.928570198599152, 4.177038618471183, 3.171608374120241, 10.333593015096874, 9.925708039288956, 4.691456080160433, 4.17396679208222, 4.5819479209263445, 6.635079344169755, 9.343969530387593, 6.0874318298091, 2.386458118026882, 5.340576342486373, 4.9999038963623486, 6.95956344320375, 8.138799060767399, 4.160705722806333, 1.2823107125165472, 3.7310515614085653, 6.781843404162546, 5.988272248569925, 4.654183250521273, 5.781684443402749, 3.8453491637999564, 5.62499018358397, 7.057605642047353, -0.15164329676870847, 6.768937620457326, 5.902853278808577, 3.971501815912584, 3.7463669091375746, 4.7154135265498915, 0.39809137039598913, 3.121022739573404, 3.320151832598546, 5.960312455185023, 4.484454404884752, 7.116497366378083, 3.993057530809901, 2.4894231149026425, 1.3268131100605751, 5.800410518268252, 4.245415833505704, 3.7065713819728052, 4.911338648029593, 5.181921995701891, 0.4013269087103709, 11.717797947347638, 4.923058416712297, 3.395338615446099, 2.2805949208389333, 2.470858079010819, 2.419083112658479, 8.305467359231363, 2.4165422640968783, 5.835047143203915, 3.9641983069088536, 5.784877088351481, 3.3064626646453337, 1.5765682914804908, 1.5789109011723657, 6.723789955769772, 5.4877152882748135, 1.4819918375449042, 8.179748810025243, 8.8814769132802, 8.024331738898388, 5.502152482831574, 7.13633082351609, 2.9834784242989003, 5.340944738030805, 5.06154662278627, 5.887394316294568, 6.437350009763044, 1.7608536418570595, 7.170267251820628, 6.202832056885438, 6.585359907788275, 9.835622345215333, 1.9769730835584927, 2.9555946687729175, 5.2653204295098925, 5.632170787880706, -0.1761631012868569, 2.776985272247539, 5.397525420699807, 0.24831097833467888, 3.3467170389240195, 4.865006130526577, 2.313831661894928, 9.924681868844383, 9.145260521292537, 3.4076068425295234, 0.79714478740786, 5.306761941188657, 5.464452821909301, 3.3698530826125808, 5.324778162240263, 6.075654355792939, 3.6451970292025453, 7.664992516567068, 2.8249081925241994, 5.349778341105167, 4.0747127609400575, 3.1617566047836343, 5.036792786116984, 6.145800464910508, 2.9496597753586253, 4.089804981265957, 6.4340639041921195, 4.938167064526283, 1.662560609791049, 11.07373963886814, 5.841498359314751, 2.669810324378073, 5.348959793840199, 6.150969091918058, 7.810192545735862, 4.596560332803598, 6.133185749502444, 6.279186120234417, 7.484058112383202, 0.6499854931374905, 0.46861740422256914, 2.135589045209205, 2.8208398269514685, 7.895141513354378, 9.137565682987857, 3.6836916262312807, 3.1772975604093343, 8.80100348569337, 6.443290695175, 4.703182279858117, 5.932331982365909, 2.6556593284197896, 3.99061883388733, 5.502879637922628, 6.876100308398032, 3.832916018283481, 7.973801945874519, 4.094121020004724, 4.969622380113597, 8.888233180593513, 11.92220957323684, 4.2863825950230945, 5.226643929003476, 3.763666055131402, 4.3211091620975335, 3.689551680162912, 7.9290906575540046, 4.202684635020103, 7.578899745130631, 10.55871412096538, 5.652167288739622, 4.534179766853517, 6.6707700794806835, 9.028700685751371, 2.44294577889891, 4.605428565640221, 2.92817135456442, 3.9538602043380737, 5.82195512369179, 9.629984098840794, 3.3723433150287527, 5.133536258321852, 4.13198538234333, 1.609369053434428, 2.541497968898873, 7.050930862150915, 2.469859314390084, 6.276491705104733, 4.795754542513088, 9.868105063550875, 5.707130947398736, 6.844560830921284, 4.810688097824183, 5.6113979029087755, 5.6461131076975315, 11.738371195614898, 8.505135874668701, 7.409851261983736, 4.415541967441514, 3.5546398113821724, 7.205394399745349, 4.145689379873408, 4.44282544012962, 3.52326882779762, 8.138518398811396, 4.000839087535635, 5.193473268338189, 5.90482769920136, 3.31876308255239, 3.6379818641673607, 6.484275155597423, 3.9752554536115974, 5.198682419466139, 6.562458904431454, 8.785567496400368, 4.551096596500086, 3.9395760546687253, 5.2957578735760125, 9.143829387238087, 3.501230363748394, 5.321353624558285, 7.857083524569686, 10.536976948550707, 7.06971625414065, 4.753803176214408, 3.1883025171406287, 6.073079537527252, 0.7007778063287448, 3.4233009514888333, 3.5092789273136407, 3.8392895970445897]}, {"header": {"parameterCategory": 2, "parameterNumber": 3, "lo1": 6.000198445256149, "la1": 58.999992894266676, "dx": 0.5, "dy": 0.25, "nx": 22, "ny": 24, "refTime": "2024-04-29T06:00:00.000Z"}, "data": [3.6360545700519915, 12.335418254959247, 11.242954175895985, 1.972866472123614, 0.24497503379016275, 11.235836946895231, -0.3509123965557338, -0.059361754768792706, 9.743805831977335, 10.886411344915409, 2.7254475684285744, 7.696855755341556, 12.324413802711588, 5.4733424522305105, 0.9499422413749733, 3.653822963610878, 5.141796726850974, 10.50698426215308, 0.062464030991461014, 11.710756412565903, 6.763212741221976, 0.6383624198223685, -4.7835527863486025, 11.529525221437975, 13.88045282083012, 0.7313439652352447, 7.318358208744262, 1.7182160741959167, -5.640603723758063, 4.230501754758894, -0.10504668416977679, -2.879039704754953, 4.001789957685229, 6.952166302422651, 10.272546334514066, 10.85133719817789, -5.4129229506913985, 8.98146584288231, 4.655655398817763, 7.265362052111694, -0.11184343473081507, 11.282453593421005, -1.2338841330776313, 0.13868678101647272, 12.005142554785325, 6.641580009611104, -3.088862568076473, 0.5274074438188987, 5.020952699669304, -6.038376842265075, 6.611225202418443, -0.6824198259504497, 12.577478932834936, 0.06816949594502891, 6.568920168630893, 7.259387682586298, 2.6310168867608628, 7.912704875055847, 3.230887508861598, 2.9424306086614944, 11.919582710726528, 7.568744790375355, 8.2307253514975, 8.15034336873013, -4.007355054897098, 4.207031186027231, -2.8197742960818277, 3.73356293533052, 0.4363247961166809, 6.952478511104468, 6.164773685840987, 2.201933952718569, 4.252983923560266, -8.392065851764118, 0.5183428732990806, -2.2031278342741127, -5.233811682401374, -8.037217430470147, -4.160652703026628, 1.1208972446153012, 5.825652621036402, 6.523117418812649, 0.9961580790565757, 7.100801647228787, 7.726018593161614, 8.938401966434302, 7.859705418424095, -0.039382024355935775, 1.066166129470021, -2.545253759235053, 5.538642316389978, 3.964546092592813, -5.342980334270375, 2.221639459321459, 7.476422767072445, 4.264644551348846, -6.920914293057864, 11.579960743018976, 4.046382813364701, 10.002605741923851, 3.733933190143995, -5.161942161344163, 4.503265992181048, -3.311218976092261, 3.499787897949543, 11.458509606019883, 5.6346937578543566, -1.017131471708082, 7.259745926094243, 2.394751868595432, 0.8067786693308762, 0.6191235636487888, -3.9804204329407487, 0.13884258426435153, 10.852525410384452, 6.768233352910644, 8.987787055982583, 7.2833995441084, 2.679583147612634, 3.9604090797937954, 4.997376269789245, 6.746767236827387, 5.0291486476526375, -2.2811486123681566, 3.9984413085647534, -4.943291659471926, -8.313505517664328, 12.544302128794797, -3.600510050840033, -1.197889863834867, 1.9753350639054086, -3.118373261779109, 2.7997790971433214, 12.39344563285416, 8.058115719341389, 1.0058710397913668, 3.598872665302452, -7.554873197082715, 7.885017110026941, 7.661678878045493, 10.469021908194525, 7.6218414360496896, -0.994043601723695, 2.9852306198857037, 12.63046626704513, -1.5704248263272231, 11.149914216226835, 10.578923372093731, 3.627981076011142, 11.059457580821093, -5.62625583432542, 12.69738916459899, -2.694253744424728, 4.739503489598186, -2.072136179289697, 3.680342295815732, 1.8324910944869588, 5.638826153880219, -3.2896468266739425, 8.34040216780017, -6.226803095170991, 10.727774478357633, 12.115026228546471, 4.377720063193471, 11.15231739834264, 8.663692323315702, 0.859373923014882, 9.470576015262361, 12.623255812573994, 4.935528125419968, 3.995807325056754, 11.899587325419992, -2.138531067319358, 2.9506322006104195, 3.2598237332566957, 8.232362436957438, 3.8940729274090873, 2.7201955973335505, 9.123532607592315, -2.5618372040363386, -2.7512346438571593, 11.69306341815765, 13.151121033776024, 12.308499879195672, 9.170772624704599, 3.4230001313140694, 0.09061838320619268, 13.124210423397608, -0.8414074267316977, 5.426287812928939, 1.8666279273752682, 12.745060805768864, 11.914727284270379, 3.122003377644853, 11.827109640087949, 11.67468655220724, 5.102498608376839, 0.9985004964719317, 6.120314825565655, 0.9264979855255336, 3.4758289488531777, 6.763508591701579, 4.067609704650727, 3.322715685980449, 7.57646318301712, 2.349307310222592, -6.013419058280135, -7.992995389064935, 4.769366209411924, 6.749520093771068, 1.8703730471685838, 5.612809657702408, 3.8523604440409307, -3.41769418952151, 4.527478873616383, 10.428804232618345, -3.845850255702756, 3.7019052765416207, -0.2459653685135726, 7.8972512758144475, -4.306851228484477, -5.602768583655531, 6.2507445217794, 13.830744814479827, 0.8267864096766073, -1.17550130476137, -6.657184395789699, -0.2563638373158178, 12.229475929096484, -6.868104787516932, 11.234981126993084, 12.053774782176866, 6.649405334919827, 10.503949409745008, 14.985090058498413, 0.2731301900820173, 2.5605057637271607, -4.680993420672681, 3.871706533134133, 10.230923583555306, 9.656331080996079, 5.776745104335969, 2.8332332652329066, 6.58703912241084, 4.003653943225506, 0.2353915543612847, -6.745586888346223, 5.100136845331257, 4.793546682488519, -6.243082767980373, 8.302403947140878, 3.5420803262294784, 6.652559226132089, 7.4313579658013955, -1.065754295303708, 1.1260092100603736, 5.899032580893906, 3.1535537091460273, 6.646376146024697, 1.2512047435069213, 11.22012520469712, 11.234854440726119, 12.153316490341671, 3.510134667871878, -4.631210560749209, -7.069902051691973, 10.394811054860346, 10.639872747506596, -6.057049863431843, 11.122874978262741, 9.863143273262883, 6.813278161046747, 8.094696197937601, 12.477980410794032, -1.5127140852635625, 3.5138444870995658, 11.361776089188806, 5.549171021076742, 5.071443154238085, 6.661287489435083, 9.110798563464778, 12.579489279042937, 4.472644323401013, 10.935001239191873, -6.6428325085290245, 3.5282306549060123, 4.97131590596967, 11.566063616625964, 12.684018530860977, 4.753049736095488, 2.779844570910007, 2.18812087628371, 6.942727338828324, 8.299869206548076, 1.1028506242728735, 13.870612884516454, 2.4351169346299746, -1.1436323469494287, 2.955859532949529, 6.315424949342124, 6.313311842329886, -6.88691861790262, 8.907780476081802, 4.166842456734548, 10.335434520277675, 7.56507188785795, 7.280423062864577, -8.624118285921266, -9.047623870928751, 4.921920786688395, 6.4292831048584995, -1.5926864469069413, 4.1970194939215455, 10.052454275418865, 7.453700389995668, 5.733827405476789, -4.7304886153199925, -2.5702308146505097, 11.973621936320558, 13.840162072952793, 12.024762837352739, 12.058080589480072, 0.17262039497367002, -0.9815479393152758, 2.546919008498798, -5.368744974496782, 5.834021056747809, 8.538426080179072, 13.362575347233921, 0.021453872073450144, 7.5474668289389335, 4.583244245438523, 6.535698167072, 11.102036403846832, 0.5433328604741859, -6.996717997241257, 4.595499639204423, 12.373219324505522, 1.879284740154304, 3.5003405719997214, 3.703905185332225, 0.5218357509823195, 6.661357643033319, 7.554249932212866, 5.395938855091652, -0.06542032580734836, -1.5869768952643102, 5.927864844306938, -8.86498322328644, 3.2107933838024647, 8.620628645341176, -2.2256624080473, 4.368318268618905, -3.829663662841676, 1.7814835778059477, 8.488943562690629, -2.469912610036886, 6.638683230315547, 4.228247994749261, 0.8226267136132706, 0.3008464101458814, -7.3375573158395255, 1.6218974986814936, 8.775923437531103, -6.7719989304534876, 2.3706063010926366, -4.992956557261137, 4.100449981334372, 2.412184413978032, -1.5476927480679532, 2.1416505290821988, 12.697536663736047, 5.999813664916546, 2.8515710296067764, 3.0061037735192295, -4.5307965060027895, 10.588012108396567, -3.450039987352117, 4.727023944017584, -8.130617271576694, 1.8630832138043538, 7.1369260546938795, 8.871851002898417, 10.871879812352214, 10.681512348663476, 0.9708502077121469, 11.21831947828766, 7.297051465523233, 1.448166905268191, 1.2793771522419737, 8.651236546180225, 8.229618311982634, -2.2426159089416764, 3.294823116874382, 11.74370860248124, 14.079310571045248, -5.099049246680413, 3.7624109930357768, 3.4374873416068343, -1.891108486193449, 2.526847294722787, 1.7415408971560622, 11.680398172672087, -4.940694564496503, 10.698430689285601, 5.913526642131094, 9.467669160481254, 1.8630916137012565, 4.419598231199263, 12.14083752043115, 1.1641658303237479, 2.665229400704143, 10.894096841515402, 5.783527864124301, 9.22259853063014, -4.424054910840862, 2.8135223051304528, 9.672580292334963, 4.8728582132928775, 11.355054935333674, -0.11030084972545598, 2.2877316615449788, 12.142507881034053, 6.926131697350827, 4.462456742668461, -3.0801350326609924, -5.979946070789089, -11.482184065580642, -9.00541092429134, 11.066169927519068, 6.582567591702556, 1.429606143167899, 4.903133709711277, 1.7026199241957483, -1.977889462137203, 10.049888278580836, -6.519211085984966, 2.6955953701226227, 2.0590715466424268, 8.878541961775667, 3.895717814194987, 1.552260468627059, 9.01981185806649, -5.36735153685595, 1.8822049562583147, 6.702057048637453, 3.9417820371618832, 11.13608084085267, 4.573959241323807, 12.58019140713017, 2.0143512614395096, 7.030116324361012, 8.709664227563973, 7.105018553366788, 2.6709777638368144, 14.460148819535274, 11.48408187712613, -7.160999466863183, 3.830140243657084, 2.8584726202226274, -3.6934401565164534, 3.791834955422665, 4.852705707008744, -9.983755093462811, 1.5891052840133133, 1.096062987160144, -9.053569199946605, 0.18302742456020984, 8.106353535709868, -8.429740689659207, 6.228904233556872, 11.411429477627497, 3.741938991599927, 8.821891021256876, -0.8208402342685858, -1.4515977968530749, 10.790086545480646, 11.745488681451784, 11.136539577119626, 9.482964709823401, 5.329670074562869, 8.391598970294124, 12.065370453882194, -6.388485136547376, -0.27649835066914674, 4.941603702797059, 3.367401045300138, -4.697915607175308, 12.606816857253715, 8.039102770827895, 5.001679901557259, 4.590647424723701, -6.8986367454230715, 10.716641171917463, -1.1367283987152124, 4.470762777283472, 12.743927827579538, 0.15948434335870948, 12.708854474521937, 0.8028466987717833, 3.5181009126832383, 1.1650527213593262, 12.412240526743542, 12.602034814697653, 7.805444801451057, 11.29172891311313, 1.468716056231908, 4.038857786494942, 0.6295272889026168, 1.1750458599180655, 12.33165061183169, 11.530340573227777, 3.328508516554287, 12.333737908471372, 0.5505714162233337, -7.197323118563806, -7.624831718884932, 1.9743812868690958, 6.7928563718582495, 3.387549764195779, -2.928427619762205, 5.702677896649351, -6.1831418373766205, 5.968677983768088, 3.8359773061587235, -7.191195018051536, 11.318502453356697, 10.842149239208156]}]