script/wind450m.json
{"header": {"parameterCategory": 2, "parameterNumber": 2, "lo1": 3.000054539987559, "la1": 64.9999836372058, "dx": 0.5, "dy": 0.25, "nx": 34, "ny": 52, "refTime": "2025-12-05T15:00:00.000Z"}, "data":
[rows 0 to 23 of 52, columns 0 to 33 of 34]
-7.097437712205398,-7.988377925892529,-8.234335957306257,-8.29481402381223,-8.169192936999812,-8.163726569495621,-7.963092013517438,-7.371995486352106,-7.47406826050796,-7.326186295944617,-6.731328916394549,-6.882187267775802,-4.808230768021864,-5.019460113503258,-6.295643635488101,-5.575441766351862,-5.24129594904535,-6.521760561431133,-3.3923042246672064,-3.2837569199438925,-5.086229379691967,-3.19766895908142,-5.031139125308014,-0.24029306831008423,-0.032824811577913185,-2.206809257723803,-1.2718545640867402,1.1389655403944352,-0.42855613479315924,-0.9313579737844304,0.4727191397439249,0.1622843593243568,0.2614375255376832,-0.10569948370399519
-6.24530426760267,-7.43151537367596,-7.440429152747767,-7.441967019198962,-7.156643226476597,-6.8350693474604505,-6.830575714870372,-7.539700425915767,-6.230005956032306,-6.03916231881527,-6.2668876346237745,-6.020928791023694,-4.4318742465635355,-4.305764121954534,-3.921159985957581,-5.255537675698242,-6.107042137678199,-6.566737586617874,-8.071611807969594,-5.616904721711227,-4.87470443205027,-4.216341770447045,-3.19407312742176,-2.185151044237937,-4.309284494797482,-2.92365778161345,-4.017507310273314,-3.206944359936496,-0.27656784672800355,1.80664799527326,-1.86696737565584,-0.23765613644485192,-0.2951850602013864,1.239263275272515
-6.176122713820894,-6.657452888073269,-6.880224504767378,-7.104294744396044,-7.251488295380959,-7.061963357203123,-7.514981328029263,-6.484959440913227,-7.746454477218102,-6.946832256208497,-7.703078226866695,-6.169312032136787,-4.775894946466602,-3.052406899658068,-3.2321931529032075,-4.111608726715929,-5.96510115528544,-3.641683987942964,-7.285436577666959,-5.252823112782249,-3.6186453642568615,-4.411600383876206,-6.8982911479805695,-3.0331897654166395,-3.0828702312627407,-4.8740766182004585,-3.2379739144041633,-3.972535066938809,-3.1843197262528737,-0.4138854886396984,-0.8826942167673417,-0.8633397374189117,-1.009649111345587,0.21826092552882043
-6.012937370267709,-5.70006408712975,-5.862031204900899,-5.879693005843789,-5.960554302355822,-6.201402369346957,-6.0845205053130496,-5.965776166431677,-6.578519258235478,-6.946890752830816,-6.641943375945717,-6.1431422887149445,-5.4946028090489225,-4.3168302304857225,-2.0855851716136615,-5.362449518129637,-4.010863730388033,-0.9657386035826455,-1.7476329142580713,-3.0338703109448986,-1.692636084172299,-4.583456764203407,-2.669734735109085,-4.263827235174402,-4.152014572384879,-4.57831536760447,-3.790528604436244,-3.40078412774658,-2.3023181329028506,-2.918706139200008,-2.2462064569386238,-0.5084126856266705,-0.14283706853413652,0.41165910886883395
-5.739279150080774,-5.331120364900767,-4.610725737452571,-3.4259568926487853,-2.8913203763095674,-3.8121127798304655,-3.3158617555132697,-3.705585044914896,-2.1707555519632904,-1.0672528091940403,-1.1207260851926624,-0.5022003350871026,0.8400190029159157,-0.28163471354824865,-1.12364933316621,-2.6802593054471515,-2.0786376172567085,-2.2974566784971233,-2.657205441491261,-1.3913353863129037,-1.3937256784079004,-3.401206853419144,-4.675280344477108,-2.7994850079819327,-3.5543753548756083,-4.086639947545137,-3.9954092587455525,-3.5085714433475466,-3.3707985786040013,-2.0816390483702576,-2.343634437115557,-0.7886681941745137,-1.0162311704181812,-1.0655388954895948
-4.852122406015589,-4.519939425688091,-3.2873994824581323,-2.61420563109393,-2.382996077983065,-1.7645901344340973,-0.5451181150889919,0.4522347086811847,1.5552963125140857,1.732542070322678,2.030881330479996,2.290267712774046,2.3176408283772894,0.23911913575288082,-1.0858327325682395,-1.5297822505571577,-2.270755493405392,-0.6927928388203406,0.11206554235041806,-0.6788489115310787,-5.557834986105667,-4.428954850281792,-2.1859584936037426,-2.9145704397986525,-2.980724444967196,-3.2822789874782368,-3.452742900297184,-4.2560498023075475,-3.0823280592050684,-2.3285191099646236,-1.542393329308515,-2.4140404538623255,-1.9586648867857737,-1.5492800884763689
-1.9286206486685609,-1.9595457744268912,-2.397332875918564,-0.44315575264214957,1.3510583462712886,1.9763680348392543,1.1033575605759154,1.2762334813244731,1.778020491586591,2.475207494355177,3.925342221136092,3.953670198041983,0.832898424726906,2.4483469873010755,-1.5968022416602068,-1.3507089802317283,-1.4597761038612043,3.060597128296982,1.8906726451328462,0.25345139715056764,-1.6542061719953784,-3.843088516424401,-3.8514737519024784,-2.9598787798565303,-2.0934326074972867,-2.0103640936144083,-2.1301503162836153,-2.9471049181151034,-1.838137446545748,-1.543027219183561,-1.8131866267256502,-1.2785832253851421,-0.4273259952663126,-0.1007963997112944
-3.2080284315650203,-2.0507896455538597,-0.07394793048814897,0.5855307076798535,3.1434045864152798,3.4487511155123696,3.6423166469871373,3.968582103617793,3.7474201143046515,3.4274464105072684,2.68668762174622,2.7765990015998607,3.599612001629309,2.5697453308712968,1.3769222500214224,4.613195593936909,-1.1565218161994901,3.9860559010156034,3.242110099092113,1.9116021204532423,2.4808272136575216,0.6038028625475577,-5.071927579886556,-2.0497430292948016,-2.1091098946081215,-0.8768833325918606,-0.7663046667602827,-0.8132592852499728,-1.2661574541983338,-1.4391038733329669,-1.050580041119361,-1.9676807132807361,-1.8543504394430508,-2.27430102458613
-3.113823550159217,-2.450176517401944,-1.8208182994437347,0.028698124809584398,0.30099524583384885,2.290578346063178,1.9112899224117883,4.313727840242338,2.8736029104297462,3.738109944158164,2.338827570842594,1.5558046983152363,1.468923265601105,3.4155996145708887,4.463278087054286,0.9045562948050416,2.3744089852822197,5.246795023251431,3.0806317805535377,2.9981482151105476,1.549551864756089,1.5701432123518195,0.7007541218757355,-1.8083951200945165,-1.6491699289832817,-1.9154176336435262,-0.3906040771088488,-0.23205590996649697,-0.5395528358539986,-0.5514038684474114,-0.9660210421991339,-2.2792290227067276,-1.277922038106729,-0.9464667361663663
-4.272685852212106,-3.0690772735752287,-1.6181692102269034,-0.35011544892522817,1.8081031422546592,2.5948174673789435,3.3123894597524917,1.5512693647458529,2.2758127305926865,-0.41713450037959326,-1.4504339716918724,1.4550417611605944,3.066001568384797,3.9103081068236594,4.12462684610058,4.918301390331242,5.485035208785584,3.0758220431129666,3.7002445515832294,4.042721850802221,4.274848152875249,4.536852070489766,4.522488200314324,1.1650501794770534,-0.2554675659410309,-1.0145664552756835,-0.8057652805361699,-1.0092681457237265,-0.7557182918274867,-0.5250037920490229,-0.9038008184783749,-0.7504393741090607,-1.7059585070891272,-1.245518860533251
-2.6401518883357444,-1.6686409839977765,-1.484593207565642,-0.783184660519598,0.792209713644082,0.20382898743896738,-0.8273621657793389,-0.9498349266987163,-0.43877263162322416,-0.8274836295440628,0.5292612463097256,-0.4458785805504193,3.0955458624708942,4.680203377250947,3.9273787135849556,2.048053066545721,3.3542950377301937,3.898219113040395,3.9597207885227825,4.446844448086075,4.58870567115704,3.154598001881857,3.96288025872029,1.7014456039975825,1.1858182383004265,0.5418612446147969,-0.342244558317786,-0.6690534000934318,-0.7328432702789516,-0.43040837722706443,-1.8417274782620596,-1.3798122941668178,-2.3023188613006442,-0.9214706071169558
-4.814263708406458,-4.963522194136815,-4.029749121850552,-0.5246415434164468,1.3843876966280042,-0.5562941814672635,-1.860733771466596,-2.576172319248668,-0.15618329505156925,0.36950647471604464,1.2760422957693678,0.06409740087210901,2.4645219463062658,2.9788182933538345,2.753488565793713,3.103164913917391,2.182529419531722,3.8500705744706005,3.9946030035804556,3.705909786120302,4.447922555851916,3.897389099571926,2.472587352954642,2.8142522058394683,0.06026363967372245,-0.14984467061783552,0.23113442885778435,0.2759522693652384,-0.38866276154733365,-1.2265531891490482,-1.3204062000952623,-1.6431725316638794,-1.1575691514547295,-0.5674903106213859
-5.308353797545389,-3.584319677017193,-1.3066385082450753,-0.5811481785856841,0.46111867127758305,-0.6506491659818611,-2.3719324029549056,-1.6173081680446733,-2.125249722544181,-1.203688974643569,0.21496645903638587,-0.17499284054375003,1.3594497333595286,4.153138667700383,2.3366287434733124,2.909339623140396,0.5729146623364625,1.8533912449303716,2.1646306974445118,1.8124339583194022,2.8896683324492667,2.382776496890307,2.6604822463034683,1.4086187171321887,1.2869280684542632,-0.01751116364793356,-0.4419242058790423,-0.19364742691177064,-0.9822288871666013,-1.2710201312581182,-1.834054513480126,-1.8845556466014022,-2.0223764432866314,-0.7883283877471007
-5.6953715385354196,-4.824687033143666,-2.8992775385698604,-1.8163603455570507,-1.622872602681599,-0.1313667607308984,3.198487874453643,-3.129505441121121,-2.962450622997135,1.703776675176968,2.5583515247246034,6.195591942563592,1.0019839834004416,-2.020382773889129,1.8629323988898936,1.4552485510731343,0.37119185448494674,0.5665810493726483,2.3097288435414365,1.7331658359530175,-1.0088562197295603,1.5899915440199137,1.1997308462285663,1.3095830562655166,-0.34640710075761627,0.1593937961410395,-1.3179223828297468,-1.0309872048113453,-2.5903771899260235,-3.14116036096282,-2.370737390895315,-0.940081151530899,-1.1428536493215422,-0.23497157729944346
-6.234347764967411,-5.869111819840778,-4.276702850659539,-3.2905111344231,-4.654477685933827,-4.926274390971716,-5.372885107768906,-3.2050065705377935,-2.9926347454523112,0.2347321458269239,0.37354173567901466,3.0354167352813795,3.099807041572641,3.2324508594373342,1.5530121103747088,1.374880633103804,-0.7398238717094683,-1.3781459699381458,-0.477478378252988,-0.5245933415042024,-1.3075240521706042,-0.4037894163158767,0.07289148375516671,-0.6238915486178848,-1.8310957301628759,-1.0473659801049813,-0.9748054285592073,-0.6092222082318693,-2.1357031095817574,-0.3701726683632114,-2.5175793314930015,-1.8159265568240548,-0.3349524374507729,0.28945466561755856
-7.523585223902667,-7.072864519192257,-4.803165514075742,-3.710154677858221,-4.928922490200846,-5.955420325784744,-3.6361127007539804,-2.2721999867558864,-3.4843828905486376,-2.4259461686973145,-1.9670063428298965,1.8278702893939236,0.18349462620745643,2.0524927478200827,-0.7745576197584442,0.7175550785645548,0.05677094182846619,-1.7503631755412647,-2.564098508645659,-1.5622888180751333,0.15314849251770565,-0.9041184597192327,-2.17039956455369,-1.0243179339436805,-1.1905985830658194,-1.1035315347630967,-0.5691223332060036,-1.1034195477830104,-0.7490547901923279,-1.7180121914225885,-2.78558354443302,-1.8248568094709436,-2.801591700829186,-3.0899354679554185
-8.410172865884977,-6.511042749392484,-5.466026324404138,-5.015398823947717,-3.7300156306747865,-1.9476317265837402,-1.4798751855856698,-1.1611112089937783,-2.8585465575104663,2.0383244465258117,-0.7482086161626824,1.616761457544417,-0.5257286495225042,-1.6804904699851122,-0.6608655122079697,-1.9131404580920806,-0.7156433513212945,-1.7093817284890378,-1.0990023169677268,-0.7629824724287777,-0.416560720820635,-0.7793848340636439,-0.8248710119391027,-2.183553071684097,-1.1321955145201374,-0.4557881380021066,-1.1825739536797504,-1.5720147156543718,-1.6383344313296018,-3.3596657134950783,-1.7660557114801025,-2.5296186645306546,-4.286538607593611,-3.562324333306794
-10.473024158803254,-7.993655897226135,-5.4723020361121035,-3.1272445875560217,-3.117782654287738,-8.067014807161714,-4.684808824070996,-2.8307744560622257,-1.626735729505891,-3.5192421631013677,-2.357266025635182,-1.0118846405396515,-1.2696096470512719,-0.2842891763631212,0.09677192193008763,-0.7524554261958719,-1.0796877527883593,-0.353567993517627,-0.6746392608299673,-0.26708871231448006,-1.6440237035832592,-0.70226578293952,-0.4970298875636619,-1.0124639572000398,-1.4915762120364295,-2.0818606858200144,-3.0364018839856484,-1.4983858952207387,-3.0764312823786097,-2.1397530501805258,-4.5346981966087325,-4.3141696842855115,-3.8608477516413378,-1.9939702436495483
-8.662105923731897,-9.239782926188699,-7.263125559430651,-3.7611490442259288,-2.119428761058082,-3.859455722622368,-4.111949463570453,-7.432066411773738,-9.428919599489491,-3.908305615288883,-3.925551323279213,-2.2704156282146806,-1.037790632760145,-0.30551978421792914,-1.3321945486117859,-0.12356776016955545,-0.5757464960276278,-1.5763276031774212,-0.8231812789539421,-0.3375998824039791,-1.355945895070869,-3.731011553140534,-1.1222059757889657,-1.6390422392640551,-0.45270286303588164,-1.238992490724024,-2.944567745680982,-1.9065260478939976,-3.017618448942007,-2.685862537186527,-0.8257581972910111,-1.5551243664506145,-2.2507742344694597,-1.8657243910302712
-10.216983338217931,-9.41392802222271,-9.171143606147563,-3.9516925894758685,-2.537486277237047,-4.229034356654564,-3.4678132627578115,-4.427529941071247,-5.415568336869373,-4.82559676325912,-4.189534276448928,-3.0036568282195883,-2.4662744167095165,-0.40595398884166684,-1.2006078431946037,-0.008630087483540296,-2.0104500236452614,-1.5235375235698307,-1.6828021797004207,-1.3210567650225218,-1.208453906204868,-1.4037894921354663,-2.4787551600387916,-1.6672343701475434,-1.5038980058928628,-1.6628864587623176,-2.9311431420539917,-2.8066225943363197,-1.3578468228267602,-1.2810688289423422,-1.497316850267127,-0.7313678626052248,-0.8879842933564686,-0.4816230154689194
-11.310070767721792,-10.214833856468852,-9.544755238403912,-6.57352778272602,-3.2594641329292706,-6.524863793118544,-7.206863907205589,-2.8618871078810932,-8.146059089299625,-4.814878637477933,-3.5796707616173906,-3.4548622467746863,-1.7845768610001995,-2.4566647926597867,-2.4687129943189694,-2.6928644773666455,-2.2629242479049516,-2.376959010550472,-2.8063924212386118,-3.9847597650124786,-3.3074946895992894,-2.9673925162642187,-3.715307884751862,-2.927618501667025,-3.77171182763181,-3.653860213138406,-3.525600842240149,-3.1199159917219665,-1.477227302234342,-0.9911075994098201,-1.0676260881203516,-0.5689823055821577,-0.22723348967858756,-0.24939218289796777
-11.902301120328177,-10.865089810725497,-11.563549292656548,-10.209772346720081,-5.028605063234686,-5.278139422777196,-8.758302995736814,-11.12836742687494,-8.77742422616816,-8.399771692810335,-4.420096963176778,-3.221574299221534,-4.069509568336762,-3.5635718956535034,-2.6363807676604902,-2.708822381114429,-4.093386987851173,-3.599339192041471,-5.087096208159949,-3.1935516569375313,-3.4852984146283426,-3.3087734778910733,-3.7682171100020865,-4.652204857675121,-4.704278484252858,-4.598569657253112,-3.443047273896627,-3.649720331173221,-3.2479871477420543,-1.3957902484150473,-1.0583057092623116,1.106282020057883,-0.36772928328201776,-0.007799738645662543
-13.080665729878138,-11.28454100470312,-12.180975593250656,-10.52992820019484,-7.255194298930763,-5.649918586637101,-9.841584890710546,-11.791220944176573,-9.781861933839469,-8.072371694540415,-6.379576827556536,-5.950597772567818,-3.817670099290411,-5.050423231256324,-3.6170284707927425,-3.2821375093207252,-4.553674316349052,-5.740866071723123,-5.373816418333571,-4.176486136676162,-4.389483020069883,-3.964963540940483,-3.582510898719078,-6.3832947660245045,-5.131809133540722,-4.4704962811500355,-3.779867568744864,-3.1140596247710053,-1.8037520897121142,-1.1570406425363904,-0.27094373470045696,0.18035281250143964,1.3911084217978549,1.3135835251917944
-10.33816965419248,-12.502847113944593,-11.64997518112236,-12.371477480199607,-10.573200484225126,-5.013540065208113,-6.665774956721423,-16.381263980595424,-11.515148797005274,-8.444476299041552,-6.165691713602601,-6.518709479434307,-5.785452151911622,-4.403821575564139,-5.343045049780887,-4.285913444644453,-3.506049799429972,-7.1175492237964635,-5.084271145209601,-5.100564456761948,-3.60843641270635,-3.310182297820868,-2.8394049503766383,-4.256110697204722,-5.214471094693416,-4.650733053367417,-3.719339762237007,-3.1257702870491624,-0.9071014859128474,-0.7242885871418757,-0.5093519020911231,-0.2766192646226825,1.265691361729539,2.311749985406749
