script/wind50m.json
{"header": {"parameterCategory": 2, "parameterNumber": 3, "lo1": 6.000198445256149, "la1": 58.999992894266676, "dx": 0.5, "dy": 0.25, "nx": 22, "ny": 24, "refTime": "2024-04-05T22:00:00.000Z"}, "data":
[rows 0 to 23 of 24, columns 0 to 21 of 22]
1.0597275883334907,1.4886711417369138,3.0136623065516535,3.6362174391028574,3.987745733474066,2.694214984209924,5.761183193012647,8.849726788470367,8.125087905929536,2.112535308825709,1.8527082245332338,1.2720954753275586,2.1340454353680416,2.6650513622167677,3.2722182706467344,7.396644555808375,4.022161929141319,2.7838999297313447,0.06793294500554693,-3.358109114888277,-11.072935053186589,-5.5042903468960445
1.2834093467162038,1.3840576731389396,2.709058293488274,4.721506631666841,4.487432665831304,7.936668727315104,3.687534305117969,3.8273367399109404,3.879164893799756,2.987617551884469,7.642770812923387,3.947645692986212,5.729742723374519,2.5398911158095454,1.9828561414035601,6.018599673191194,-0.35768760613227973,1.358468913740841,1.8991684859965725,0.5497697331735278,0.5057527641475497,-8.05907334963573
0.018998717007676736,0.7406195560140473,2.781953174858161,4.016560002932052,4.592818900349455,6.2365104222517935,8.809775132715423,8.289325527127874,8.193382329004276,7.197565103369488,3.204459499796958,3.346365916596453,5.594019952982268,8.123497460046078,4.780925513040081,3.83187787760502,2.211062082739695,2.8810670153701188,3.302733124646178,-2.9594920181069337,-6.477422852652183,-7.877380163745095
-0.25524035404203926,-0.061261602317735475,2.965253595243452,4.651487670740927,2.9254433075151844,5.3754493042706155,2.6965335259962444,4.412801269816161,4.598015359704985,5.903251710098993,7.042011989209426,5.948047247174928,2.438522974745489,3.5981126181425234,3.2387112753942886,3.3468479826371755,-1.6405421080758256,2.7567870840982027,4.309990214457029,-4.160481928434446,4.245532086838057,-3.843367984252878
0.5973772534586965,1.7494141827009737,3.27594729481363,-0.5723731329762114,4.9362907177778155,6.563771241976436,3.2814187804829933,7.959096747999137,8.109022693453339,6.386670967107649,5.835445711390071,6.294590733693454,7.529907142460611,7.453879150621937,2.3651129617280477,3.0291830151911885,1.0290263428332025,3.330610759104894,-6.161120414698489,1.1165195216523083,-5.4848991529504705,-7.40789418331573
0.17553585203303643,2.498697207045081,3.3792803238439517,4.188702181001624,3.075809232893766,4.416660627932754,8.577693153991307,8.7385172719298,4.88447945755166,2.789228731012616,2.2006812882207196,1.1174879082617457,1.7115326248431024,6.549965320930678,2.3370380165002578,3.299397503167147,3.9212702500162973,2.3044718734104097,3.3839550664178977,-2.236355340083486,-4.209910576071775,-5.38448756158976
1.2840058793117972,0.7020934726744926,3.278502359126292,2.988107527149705,4.0579996723566225,6.179066420291235,5.48901945350449,4.40125199806384,7.754475983427184,7.704847712153242,8.50606255850899,8.361835321866803,8.248627021555313,3.18725965628463,2.9370763518157337,6.883926727464026,1.7396291998709295,-4.345521964568673,-1.2996188399503736,-8.96123185506331,0.8993190099088577,-5.6103038818784965
0.26453013723793506,0.7316667751260182,3.2181522511396943,1.9445785402384532,4.590026280016233,4.549865773760853,3.44495903105866,7.926830258857851,5.9552448197797965,2.5324277094660816,3.2141270562830893,2.2498883605713487,6.067560419344658,2.2507486906595293,2.984709278183401,5.131782616731532,4.251936887165349,-0.1307861965625748,2.0727028317310894,0.32780208339375555,-2.6564862893933356,-1.0481207120463794
0.9515840317239338,0.6443421523147692,3.2868645595773676,3.022370976804319,1.5777056765930935,5.128280639847268,8.676744405726263,6.676610567181678,7.574344457748588,9.604121499227828,4.172395178282491,4.181947834596588,7.667443094404884,3.3304784350172136,5.413210993978804,3.5303005308925823,3.3755014564302357,1.3133171225741886,-7.695225508291692,-3.2358244474405775,-0.40534784149460684,-6.384840138263624
0.15075878310915533,2.414179959181448,2.7806759144651236,3.941547508527289,4.115356108893488,8.05029566811464,5.407085503688295,6.6013523764785615,6.513736734342764,1.8266113697294255,7.554291536812875,0.9443960790605717,2.9860822455553215,6.885283565649277,3.8108895328512618,2.958113239981793,3.643583990652349,2.0275984487344902,2.279840128635296,-7.617666188017684,-1.3646413170754899,-0.8564394278225231
1.567046933270386,2.3044533849698214,2.445269987588217,3.7496388921553474,3.141898929462936,5.157861937611544,3.575816935522722,3.869752213942644,7.664421397825839,5.919848090695603,3.2223344116802406,8.192065275881182,4.672992625959836,3.7876303825069617,3.286851322035623,4.4563711878995536,5.922264819075408,3.8269642740413836,2.414170743806071,2.7689193151278597,-7.940592856185807,-9.225681608569554
0.7908504146411721,2.3805687492542376,2.414301123512257,4.4031494855597435,3.3745065001810994,3.6224469456346298,8.790561613510112,3.472087385152675,5.5188389302759235,2.266323460914809,6.99627884154228,4.24542750224249,7.107061641094489,8.420112831889844,3.752843853723979,7.2339770389139995,3.780697522736091,3.1232232430141127,1.5442190934229076,1.304994423190664,1.4424559965015342,-4.594907850031449
0.45658110520533646,2.4786564720989888,2.9463607163875545,3.988675226312064,5.427653644124195,2.7246156496219944,5.1244816816535295,7.9515308450191755,3.265190758787529,6.293802853818256,7.4173262345453,0.8277218389729498,1.620291948257808,7.612869539626992,4.866454943493125,5.496744756724837,3.0996970637526,-4.425803811900944,-2.8807249283546734,-8.315627955493284,-2.945977849545007,-9.798428455828928
1.1909623462664445,1.5870227796537608,4.135478777908103,5.097295331637764,4.617361075644157,7.274017408911293,4.514895371277284,3.850680835878874,4.857963546973382,6.338463519719208,3.112042459886483,8.484087207602743,1.964328142802073,5.846619340896552,4.605651706563166,3.0883127559695502,2.9097277446441066,-3.7078280918526993,-2.719092226208845,-3.9122157248492146,-9.612627919252978,-3.6127746041550695
1.356287779994462,1.5566974054390652,4.838464584660619,4.269588115814143,3.1531228068840873,5.569619985077093,8.191832865374343,7.987528774304141,3.1603958264679743,2.846384955875016,6.299264425284297,1.796730351896937,2.0676437742668767,2.5749343982348676,4.638229067004817,5.638298318016892,1.1139854051085565,5.6518162994258105,0.8149938104429445,0.6815578022160016,0.5209084620299577,-2.8710929351101777
0.7071017691368799,1.9210980281926557,4.310036734283046,2.3067467306278244,2.597695866231734,5.2782118394092885,3.730102460186196,6.483861856410441,4.6596815520324935,8.326393328055456,4.044481519488067,3.826797903861908,7.821731694677848,2.1299356583196993,4.316145942766238,6.805729125829358,0.7711605150369369,3.1405845091162217,-3.8311335599552314,-7.262432356083001,-9.796223546742848,-10.226913129812097
0.9259807251592528,2.241422172431553,4.546523596687943,3.061587157051378,3.956701278999574,4.253327150125558,7.350929664820748,6.856035279595427,4.349680248771114,2.379335597120189,2.141159213428255,1.0654170904545415,3.033181417560554,4.734667315676129,5.263172501253763,3.934761214121068,6.157798664640813,0.04910622943628178,1.7482298949797905,1.2539110191870493,1.0855559621380575,-3.158758891682366
1.07617971403038,2.512545145295223,4.6225392052150776,3.8235871586566312,4.55592444938271,5.165735425413891,8.747472246376043,3.4174666010142536,5.119415371639243,6.836999736922437,7.935514285864352,8.436754447611062,1.89488953499633,7.196361147707906,4.622364027269886,3.0890751798020353,3.2935667549015637,3.824082712848899,-4.4187726437840285,0.3698625198830467,-5.525837636051499,-8.651117211344259
0.753652420888436,2.403051423122469,-0.4853843432587726,3.493782015672627,1.6055463501941356,3.646510447120895,2.710021675776333,3.8056808934951274,4.774351562709069,6.194873884033207,3.5646740228873037,4.8633763550115,3.7781065510998424,0.5952622841804828,4.329663969212439,2.812615104537835,1.49688043089708,-3.682504583989237,1.1950560510165649,-3.6850915923129985,-3.8275559302409703,-5.986390016217874
-0.18556566717385103,2.051636655136217,-1.684057228623546,4.705233618177309,4.627819888931131,2.992781062842729,3.7484323057502533,7.878706193344166,5.787432140949053,2.9133941441593927,3.044863576084826,-0.04816472165986139,2.4856735755398964,6.665805670655124,5.0647782936667545,4.55579607070317,3.32327768513889,1.281552308957054,1.0134533356040871,-3.1045649521845666,-0.4956899378297501,-10.43261149703514
0.9016797042943526,2.029481897999289,1.6837748404283424,4.266289177443073,2.8147477142278756,3.1050892823812415,8.651646467696915,6.026394415500506,6.899041137433253,8.420257712034221,8.203636446311506,8.51536668100925,7.612294187077297,8.619638606736045,2.4858044232014462,3.312520396632773,4.1457088612516975,2.7427145881029773,-7.639959823193835,-0.15103831760966,-10.796854246054751,-3.1995905149934813
0.30396704284967185,2.5389504914908914,1.9546888968823706,4.716204949197861,4.390989542859509,6.194376163088377,4.380856013670268,7.442873150392762,7.563948677341574,2.8630476761977346,2.6076902662067623,3.618860525096668,2.746672197766112,5.192193965081647,2.578941430345038,2.7967708129504314,3.5607037392779404,1.8174864650579832,-4.890631126297168,-2.561594395001611,3.8046024259566695,-10.491929339609044
1.0250038860626034,2.0623592831734556,3.1520318863489245,2.437849667159751,5.679275462054229,6.504079698761176,6.862765273240495,3.7680467466644734,3.0321317492538107,8.397084322367883,4.5191813495693545,5.2462757230580594,2.201365954295922,3.1755767396957815,2.1820354136773763,2.7039505007167906,2.4989339549041882,4.5483260415327535,1.1916778184051535,-6.532220031015799,-3.95780499820148,-2.0886661220362277
-0.18401574922535033,1.7498421138956437,2.7256441751524667,2.747035753451124,4.9818719194601595,3.8224377222677965,5.6994974551640505,4.07970242156337,4.6590069077955105,2.3597635822033616,11.202786151957367,0.8337522761299087,4.3694165148661845,4.950552000012682,1.995034449774137,0.009493107538623192,2.9201533428501523,3.1508843807515383,-0.9213159613957418,0.5423658235132214,-2.401319092646742,-4.065731809765666
