script/wind10m.json
{"header": {"parameterCategory": 2, "parameterNumber": 2, "lo1": 3.000054539987559, "la1": 64.9999836372058, "dx": 0.5, "dy": 0.25, "nx": 34, "ny": 52, "refTime": "2024-11-08T00:00:00.000Z"}, "data":
[rows 0 to 23 of 52, columns 0 to 33 of 34]
6.560417450741751,7.7547173084348975,8.25667932075034,8.883008556911102,9.953843433411055,9.760199203721358,8.815011303558846,9.128389461471839,10.46883903232073,11.521585368762695,10.344762724784024,9.180701209092478,10.224731146940288,9.552039416561461,6.369424790727703,5.1465280104754605,4.547154134965166,5.081056780196493,2.0267918713548756,1.6853639640963198,4.028592259307573,1.653000673601693,6.210979705390631,4.543837303468085,8.067161271955403,4.664962637531535,2.366767556320778,1.8424480276029604,2.3768496923602376,3.396207205271942,2.4492419493379107,0.21795742216291736,1.2666887085430871,2.4742947923097676
6.705523896129493,7.5027641271109795,8.645814777776991,9.86904532775386,10.113081279670256,9.549461201553592,9.155203075500822,9.261730542806266,10.480715080266915,11.932778288868997,10.518342752615878,10.935445878132017,10.26277890411333,7.416602551364099,6.4733378626608875,4.811181828279965,5.079063904494752,1.6176693621315565,3.291970406947521,9.563912375293508,1.3949720143150246,2.410476649961521,0.07241962598250928,10.07734426812911,3.5495781437124676,1.925018696221714,1.8198527600023622,0.82965362299648,0.6356535861522997,5.216130311090916,1.5731052156146557,1.906632742721496,1.8495158458660852,2.595137792295371
6.025500741741055,7.988411599968849,8.978527552968803,8.716570247488628,8.868952982332852,9.289461717123123,9.400905920309748,9.74395782501928,10.636903922962285,11.0176406395945,12.406255508927087,9.77982946672004,7.375323785562068,6.0217400493323705,4.420649030042652,4.879039268301976,4.902149318351049,0.38570007053311123,2.1491104533548326,-1.3332822420670365,5.503505693744002,1.619736757731059,3.2362022304874123,4.4917901793599,1.307223526458333,-0.49772983573460367,0.8791871569356767,1.0428358429058386,2.3907557984479615,2.9360765335927197,3.105267013713854,2.115243036254662,2.059866095823576,1.4819198620910143
6.221952475656042,8.00816896026293,7.146112804400965,7.544955953456695,8.85711535629019,10.099100650267166,9.96149916607967,9.510231264355221,10.344704983200385,11.176537229442676,11.24316225607801,9.090381866191581,8.133024887726512,5.991553325490559,4.6187057339891195,6.2890029334486375,2.040142801719931,1.0663562359182261,2.069177307455719,-0.19306528014499796,1.4122998374203737,2.577394953383874,4.7661753694032924,2.9188230971620746,0.2677832392808325,-0.08783409941517348,3.239818291052503,-0.03688143046318339,-0.4597405643432163,1.6516579507070648,2.087005670965753,4.042821579170225,2.5584037682805287,1.5195429365901654
6.2990400916416585,6.85031484498345,6.599729582940282,7.398423147032042,9.001422945944903,9.633501221312248,8.866225927542772,8.396995531103896,9.47308097324687,11.345238797844413,10.799116101557331,10.88826863413481,7.664186991647463,6.188489764944258,2.985538949692021,4.394014167700617,4.319366772368053,-1.3434671199127444,0.2694696581834494,4.217023816071789,1.5558408886840833,6.650653285015653,-0.734565470015552,0.9245353856051123,0.7361555226058786,0.4639537720448902,1.3596497416597422,-0.8776780788175478,1.4374135288775485,1.3652635678079643,1.442634954017813,2.2629966556925813,2.247820678693854,2.1727991269648905
6.608694696175985,6.9952132425327855,6.773315747281915,7.51393896765524,8.88630183685793,8.718594795669755,9.33302581920671,9.07529227818264,11.785236689598923,9.810138815088456,9.240529646657583,7.929648946476135,7.356608275515582,3.546023298049877,1.6098835286200803,2.2526167947493154,0.3854835676089038,-1.4373548214404932,1.2520282236591211,-0.8651030584003424,-0.5117214528683164,1.3851375146603542,2.2783471114492944,1.1888684124546525,1.431445761537043,2.0862732827634156,2.1964666014430887,1.700515293776361,0.45820384162506433,2.0569845452357973,1.5117442895528834,-1.336343378520137,-0.0010940464093393066,1.405463852502854
6.692707207068502,6.575776400062894,6.3822302490130705,7.616841252374259,8.38987825555103,8.241153314546645,9.990374365560028,10.53353207154715,10.916749281205924,9.312018907919482,7.30738051417205,5.702432400248386,2.5554264308365546,2.771942895806504,-0.30298080908388947,-1.44363274778198,0.6254597554224021,-2.0949224382935108,1.7885369090245473,-1.247645700591157,-0.2522597658101776,0.7898718171293845,-1.0387809493103517,-0.4177642776737735,1.2030894864073816,0.9270376734197437,2.523258134865127,-1.2207299728554175,-0.10984705820785234,0.8896162615875914,2.4469893124836095,1.7869420961798101,2.5355314774611633,1.036296752924209
6.698306930235554,6.955824005566623,6.54430170896577,7.3020802450458815,7.443910899145259,8.939541032875766,10.964224766009279,10.515469191641584,11.180780905675025,6.007482269129963,3.0736436135825524,-1.1396531448297502,1.4547974290476802,0.49953822231778294,-0.33465711341184634,-0.6446674997856561,-1.11453778827141,0.11202020372278704,3.4937631532748736,-0.2422181120688425,0.05456688912059037,0.13744005070107068,-1.0160587504415932,-1.9185096384052034,0.01696678852674862,-0.5114175878250952,0.8232260475771986,2.4383146102472044,1.2502439797640437,0.01551081573388004,3.0426691567770408,-0.7312883871444051,2.412987182672133,5.93933260070403
7.1060503900491385,7.341584093064642,6.376083471954742,6.885785206490665,6.370686197692721,9.440539815253889,12.265426064509827,9.351787689109848,3.882444707113566,0.3114200423807432,-1.5380435218360318,-0.5586132124279655,-2.26081848715301,-1.1856184857535517,-1.2740148895858594,-0.9480135252464078,-4.716916650944641,4.385925865344303,1.2669540522799263,-2.2132647457764696,5.155051367213987,1.8873991855389125,0.6498589452257921,-1.8320007457807037,0.7452755234823771,-0.6238940537366114,1.0017720155056726,0.1565847416140214,0.2566896973504893,2.0142698360054747,1.5914184006261367,2.3979943158617116,4.339769225488028,5.755170273877041
6.168134730336569,7.62602705346783,6.873202609169233,6.837133526879667,6.411785796370412,8.76426279277094,9.834154723994017,4.625751192704036,-0.771431384887717,-0.7262241668807022,-0.1873869284357046,-0.6151903842308448,3.1680800839743193,3.2788202904078,-3.8706189831143973,-1.906453939763218,2.284467759196507,-3.765898315986486,-0.9063615880583278,-0.15846215253566379,2.5176869860721878,0.5724293336707056,2.4479370427409015,1.6066149463449564,-0.9238817395024977,1.2008011062451969,0.7989506888270241,2.3927907067887997,1.2489623611870537,1.6648623786752683,-0.26480481698548003,5.154015549849032,6.509923609492116,5.521053118385406
4.950641361529319,7.9293526339250535,6.483786446423942,6.341094833065832,6.0625827527304095,6.627677315577499,4.811055254412512,-0.8183171033023258,4.15278671817648,1.0680875290853893,2.222217352474355,-3.613441783501168,1.3769058477997533,9.404562061495472,7.0074158802335695,-3.615048443429492,0.8814548972859441,-0.005739091819381011,-2.681526789538594,0.5763319406189659,0.977069816045435,-0.2664658584755204,3.367634547575661,-0.40910866527772616,-1.303986993306274,0.6149683051719338,1.2867961613152665,1.7463000119911467,1.7333289925600504,-0.3187015819441564,4.238417043485531,5.669913063367784,5.672349216387602,5.88446429653173
4.2024707742583995,5.153067123527567,5.920367700512332,4.153055572344339,5.183030186971978,0.66556738263885,-1.1153055780601235,-3.811323755800215,-1.6909861448829249,-1.1560917983792063,-0.937059182687302,-1.2091768212662897,-2.7560251663965385,1.9127299597880196,1.065297869130781,-0.9166226618692164,-2.5365068186411426,1.0863578389686923,-1.703486757861424,-2.1194100688171273,1.6396112473383981,1.204872602169651,0.789650620186581,1.8231273218602637,0.6105124445234094,-0.4469177262326008,-0.12766117267986274,1.7500931923034453,1.5413123603280845,2.367559143831452,5.05539618649664,6.098293240561904,5.858201375097047,5.816677694569183
4.355781361371918,4.9545035028685165,5.228938059114947,1.9913948812462392,2.6443117175878372,0.028703106511214337,1.2090966481546934,3.7875767496544093,1.0074760993882885,1.2631190273263708,3.932573803480011,-2.38279693357093,-0.5183961742731,1.1825454155196076,-0.8752783362091427,0.5977019064321629,-1.404781856164805,1.2251358736742082,0.8579442589331905,-0.44567648156947864,-1.1872406937475126,-0.5398320598875604,0.4153782712203925,-0.6281382288888985,0.75463570494221,-0.7930232221644291,-0.38181416293207854,0.00893623733620553,1.9943549796328512,1.4387586746589751,4.47703352227175,5.060812021024097,4.8305358032881704,5.574975845208644
4.074561712767088,5.1823872599918435,3.8421210660832457,0.15479845890243,2.970007444010446,1.191477268087614,7.54300462756098,-2.0618808193365687,-1.205484535942086,3.6274906388424637,0.8453427894120626,6.711258821227673,0.3424581132309347,0.2811406466372035,-0.6015102102723819,-0.6318961208815091,0.3113529684223415,-0.012557790629126634,-2.11684977635711,0.23201682751314134,-0.5516960097762917,1.360585766895829,3.3086198171628194,2.5218782136930065,-0.0774770117151104,1.3979317899457784,1.7424886355799776,1.9227744809747065,2.3826236571359787,3.3860751771555835,4.3033882943488075,4.604134909176932,4.143408332207448,4.476690541167477
4.103664872703942,4.110283984776053,2.4126521453275016,-0.6251723271791211,-0.48071206485682166,-1.0352679754096465,-1.6843772972079165,2.9317536763325216,-2.2489954135108015,1.1998870455092774,0.5938072426660468,2.573339817347835,3.9092021080462063,0.02055199425029946,-2.2769884868292785,0.6386305814447595,1.4910221231990397,-1.5153838722193507,0.23993060545370878,-2.6299080870104907,0.4759601865625862,-1.4536209188286593,-0.3718762930096654,2.54422884755454,-1.0240464623665637,0.6175827703806626,-0.3500506592450737,0.04249728329697586,0.38713644189816115,2.990159736356995,4.236349768003557,4.979576531545557,4.854415153564321,4.758981913552963
2.167599719485981,2.807620084073927,1.073185818614822,-0.32588578334101936,-0.862003991532859,-1.4448371766408903,-0.12314779229252092,1.5682176330817723,-0.2774793490789214,1.1871534306825324,1.7907281408722577,5.136046066162885,-1.302074845316268,3.879048416330795,-0.07250002850117715,-0.4080283354061707,3.8565774003712514,-2.1324609746410803,-0.7696415051350851,0.6534499880937812,2.856133922685533,-0.25748627863872753,-0.3190425964188086,1.9327119964042367,-0.06485440050373588,-0.16435175440279276,2.37286616135894,1.4391685783383428,2.1651770826401635,3.9654232116814745,3.8544694134243116,4.3912139133928445,4.488226439950647,4.857706811606522
1.8516919469203699,2.0005632062490415,0.5298276828759565,-0.5272151055146223,-1.3662921314634384,0.07619939314431448,0.7623284409934472,1.7943823108223638,2.3913541834137253,-1.811807585349698,4.018662282193197,5.734363133768682,1.8449953266080754,0.8418910549740862,0.776590815229716,-0.8628622350942509,-0.6875408082315886,0.042426656143903674,0.2083913418527834,0.35952727063232276,1.2205585681018223,2.693268079174142,-0.6852286225751292,0.20354797556557316,0.41109868668751137,-0.5862361032313146,2.6553011623938882,2.1190480836787984,1.7311813566591574,3.195333004676051,3.6054855021535785,4.520196898271527,5.035390627211336,5.766798739308939
1.4479520122851384,1.5766985923647234,0.7450416547648872,-0.45488423454474963,-1.0297018071873494,-1.003115386671519,0.12395883670429525,-0.8635744574719624,2.8725487605047864,6.7457739364774,2.386911884740594,1.264689924248488,-0.9698847755609129,1.3301856952127598,0.6190944022633179,0.8028500223439293,-0.8355511038050883,0.41830630524996726,0.13957661661322904,-0.2898609588727549,-1.020149540109067,0.3930951071821692,2.3714061394839625,3.064657242091647,-0.6041981857831289,-0.4741009256381458,1.4968988709781563,1.414662386907758,1.4190982876231386,3.842779187858603,4.777116316792632,4.889099095021641,5.481272967581979,5.465709459769647
0.2657551251564433,1.1063173474696268,0.6831686138075157,-0.2651626340965641,-1.419576668140993,-0.42486093264236025,3.2290746946869637,-1.1594062375657581,-0.0014574887713266573,4.186408516900455,2.2388861692120847,-0.3538806981926529,0.5672298289461347,-0.4754411406302309,1.2996445557834964,0.06140540820868307,-0.2862195341937879,-0.9247224775695949,0.6184266156162617,0.07571470933918481,0.9529523851130516,3.130070675999063,2.0965488220210653,1.6336915994004138,-0.4671052021916029,1.59779776781903,1.5290609191500926,1.2636076160595497,1.7129376095120126,1.6445645285983495,2.5136717485953257,4.518504830076209,5.003755978184286,5.099364267875836
0.6203308593382876,1.2686117979951586,0.8010779698431373,-0.041167505221837285,-0.2676996071996667,-0.8573673790571839,0.027906727530381387,2.427409752386812,3.305270690655158,2.1637674343340416,2.28690139893263,4.054205619774366,-1.2239931315287436,4.285115591063612,-0.3786038600238831,0.45933975126312415,-0.11163683450333355,-0.27438328751212554,-0.5378321559878488,0.05856680228454944,0.8105039448395494,-0.1595425154413911,3.4856712584180736,0.21325698822226413,-0.6230083494593717,0.45386885744048727,0.681815020757679,0.6756065060129685,0.5666789393566048,1.013582240169253,1.9330192664855403,1.6027812920964324,5.1246793663248775,1.9710175912640076
0.9512894608410705,0.5834476856438701,0.44986594923001505,0.15956701854187857,-0.8730923185348742,-1.3978333314342948,-0.8203024817387995,1.9900745947440488,-0.06786284916086716,0.40443365299185435,-0.040698925594737,3.2510197893867003,2.1308315299820246,0.09546284388966081,0.9098881518178722,0.5446995072848932,-0.5243286880804161,0.24477382552559027,1.3082041751551707,-0.0029029150443815183,1.727759731099181,0.444069527155514,2.0895348618090432,1.6003917618638392,0.23140078947412454,2.2091999584527793,1.016902497711638,1.8569036545553887,0.6498802425384836,1.1397244597585063,1.127522496413319,1.6235697866750864,4.607637656250713,4.777634080746954
0.4449195259757776,1.2635334115399222,-0.2727114513278146,0.8206833032510197,-1.4833698988703847,1.5256369880090386,1.3859106951701692,-0.43259496580508716,0.11124565314877023,0.7536176727115707,1.4895272290035475,3.953769957780696,0.8943820827157524,1.952023977342438,-1.7993926040539105,1.1441674150344288,-0.7307423005432243,-0.9237784897986783,0.980344789440505,-0.815928395688511,1.1142684136680876,-0.7954310289866683,2.1532894758824086,-0.14947669336760525,1.2014469505505858,1.774372931797929,1.5802244502416647,1.5533116427180895,1.5566086693132828,1.6077310487295091,1.2651246464277595,2.00812630224814,1.9808386417956225,4.304002237445593
0.7121011619448926,-0.19883765545976667,-0.89231325149433,0.3411232625477683,-1.4493712249704818,-1.4698880301450297,-1.2320365231325912,1.1972316253887607,2.1900138700924696,-1.3610951894779806,-0.8669055172814483,-0.4390744042721223,1.9894598651035853,0.8027284553441457,0.693694679481798,-2.404813418403201,-1.8767418687363835,-0.8107133409162306,0.12263347400098011,-0.14341206381285018,0.8496201155879061,0.0035651233635404325,-0.030905422178683067,-0.6967825106371586,2.351618482780635,0.47002588521450883,1.2801064210756645,2.955450436445085,2.0982269043442052,1.7491288500537419,1.7843564290677563,2.1668371304676888,4.932395622768126,5.084016866360466
-0.15592032762573713,-0.5566555114241301,-0.9228264224240627,-0.5663954314199849,-0.5849585913501457,-0.9293231502412855,0.12892498511545228,-3.519552127080303,-1.2145566355821173,-1.346742358468934,1.358759292239629,-0.8695425071768946,0.7201772832761738,0.8071977465735362,1.0130524557261145,0.6201775709263668,-0.03567206950579861,-1.7487503921042256,-1.4814941910248596,1.1861183755930775,0.41664408702324074,0.24306971140774378,-1.4217068193375555,0.2510500824009181,0.30092788701253187,1.298995456636476,3.1308738779219722,2.1725313946315032,2.086603718888494,2.161252649673276,2.2201930419326903,1.983720536115506,4.367252379649118,4.655062427138433
