script/wind250m.json
{"header": {"parameterCategory": 2, "parameterNumber": 3, "lo1": 6.000198445256149, "la1": 58.999992894266676, "dx": 0.5, "dy": 0.25, "nx": 22, "ny": 24, "refTime": "2024-03-10T03:00:00.000Z"}, "data":
[rows 0 to 23 of 24, columns 0 to 21 of 22]
-2.042955348835018,0.2944456055828374,8.897531715065703,0.04223169420827801,-0.5814201977604297,2.1736751715243154,0.8850369665118991,-0.7695565096128473,6.419060162033494,1.8257957049778926,-3.1813546187148853,-1.1717072617538675,9.015599869454231,-3.255900986980483,-5.905539655409066,0.10245501249158931,-2.650899056519478,8.62867581938732,-3.025556605552635,-0.4203610647463425,-1.4637563342775588,-3.1439952122744947
-7.136178265793632,9.17522493888816,6.247830495998298,-3.774878438279942,0.9205479474523683,-0.9081437295726978,-0.10940370409632422,-2.6952384919609327,-1.1461236958666172,-0.5010142822953514,-0.5976212826551349,0.49777771591822567,4.388424220629357,7.581530647527027,-0.721008854954609,3.9735076767378836,-4.390007045555825,-1.3852056081401112,-1.2574180413334628,-0.8289575223829153,-0.2563625876610037,0.3827278911954704
-0.5774418975279593,-0.4890254154336708,-0.17210727637342146,-1.2728030325789041,-2.1992033168987244,-2.5305782894289166,-1.199487802893348,-4.251110975707398,-1.5574594703858056,0.06205889982825819,0.9283220360033662,9.72896451015936,-0.6126350464338276,2.620708681005684,-1.1432207178703966,1.0967575162071883,-0.09431095969981529,2.757191606814477,10.092890247418591,1.918414132253611,-2.8878816177450206,-0.6507547647090852
-2.7046266634152265,0.5265894264029927,0.6778363416399138,0.15650211068693873,-0.401140793956016,-2.6187703785266288,-3.4074871478432582,-1.8271797384997834,-2.4078111243208924,-0.274724036963174,-1.9558468782727338,-3.880026482176055,0.08681402810152683,-2.110532888612622,4.782477440953135,-0.5067338404350251,0.5060536685341397,1.7839444554507018,0.9217924652463142,-0.513012834205338,-3.7685810718095567,-1.5154456851689908
-0.18131136769916043,-2.4047883450353047,1.057508122164376,0.20593594643959656,0.8250129906471618,-0.6831669637255012,-0.07558958436076352,-1.5901131423230133,-3.20438533349147,2.929320046200804,-1.70916959843462,-2.1354226889757832,6.924345595088761,-1.401095292754265,1.632367673730373,-1.7613754037277134,-0.06684518786101669,9.805176690068398,0.047227596260772386,-2.785013018908388,1.9842381735800199,-3.9917792515554686
-2.439773937521734,-1.9590321662588883,-0.5245665144149634,-1.8976217489487388,2.682759320973544,1.888702726311802,-2.6496285820784875,7.387284992210751,-0.4182388848270256,-1.9153867041143058,-1.6128055014150249,-4.819184955866579,-2.8330777767011748,-5.148531133407863,0.04313292761491251,-1.30478357650372,0.643068076197739,4.312219360809696,-0.6207791719028171,0.29427396371869746,-1.5932166509535266,2.257828026915596
-5.621938418055932,5.961743555858927,4.576394378044645,-2.2043760822831544,-2.7717545870512312,0.3974661130290244,1.0904905537922267,9.108223252522631,8.409054367388437,8.05976294682954,-1.7392315539929044,0.8399276019178038,1.3393592260315055,-1.8977228012027423,7.7281721913050205,7.010095750077632,-0.16630206418927934,9.77347680263781,-2.7250631249023534,6.101349393318003,0.16035684058580038,-4.85223193969057
-2.680019890865346,-1.1556918581057187,-0.0641608070788141,1.5867328181292806,-0.40381000482603263,-0.7623212946960521,1.7447183788746936,-1.1445674672795587,9.753937177404866,-0.025045629241551407,3.6620636251449667,8.996588053683475,-2.0504326413878866,-4.819530577536853,0.7144840481947536,-5.04992826952055,-0.6388362294477046,4.623136895729352,1.153109045597456,5.151241390987275,5.127165075776801,0.8567393652967357
-1.7808960913626577,-0.6893086461595049,1.9190636716661522,-0.9498393838105295,0.5723349479052212,9.443869572225543,0.980133785735236,-5.50209039910573,0.785490725598221,0.7979510864663556,-2.0767730895953553,-0.4904781398058707,0.5404454173053245,-1.1453596906280399,0.371799156329186,8.591567980016164,9.06938644763944,-0.2853790086399747,8.149848932314269,-0.2296652932541326,-1.473939354096595,-0.6020917982373867
-2.6498764401689088,1.6207363078222847,-6.1076267799938195,-0.8428702293671878,4.762017314401077,-1.8465226260832415,-0.4186199971909078,-6.56770979139252,0.45863651927234633,-1.762042698437067,-1.616389276227357,-0.8858515174898985,-2.163108912100013,0.4437414756940985,-2.118133207398264,-1.5896966903496306,-0.5901761408272147,0.007714110291721167,0.7921833734298742,0.6824070529919716,0.12525449577096937,0.8988194965349572
-2.4369604913043377,-4.445191784545052,-1.880205444790865,8.645153799074976,-0.6826566008515648,-1.0077290321606622,2.6998435669382976,0.6985165686399264,7.686373008804817,2.0587370791284703,-1.6861565762684765,10.265661323377802,-3.6473743576149005,6.917783121790786,4.019222504065251,-0.8098686763722495,-0.5128859719466561,1.3720999643979248,-5.523655540587834,1.1606666435331487,-0.9115876635343519,-0.11577957332228159
-5.601191723088529,-4.64824380038345,2.17300340396024,-1.6765894910285373,1.4514107704473027,-1.745920219774032,-1.322923398519596,-2.918323827939454,7.256487835985019,-1.8323424617395405,9.671036241107831,-0.45257848081394675,-0.29508454769899034,-1.6061211462208012,-1.2978813802199207,1.3978044878588984,1.5907975716038176,-4.685708260887946,7.840922891509735,1.6799496724922998,7.53733101367107,3.953283469238524
1.9716484663596046,-2.2102832445659786,9.26812963936245,8.142812606115106,0.09356695278092464,-0.11144275063561805,9.521006575758326,2.821257526077964,-1.5030365053867472,6.57413180998676,-8.146855485197063,-1.5701797692687276,2.232302953673051,-2.201517290681511,-1.1802134273448943,3.9791818741294143,-0.6147101026667401,7.338131727358678,-1.5377147971615297,0.4097152256232807,-2.3943361584387906,-0.08383462706601028
-1.532803760767338,2.0252612672225796,2.9228135808979196,-2.745779181870763,-1.233027452264478,4.549161388719234,4.018019530739773,6.81202459392906,0.0821116139420216,7.069037052115177,2.169568938901538,1.7553346455791863,-4.4860951050305715,1.0043680453118375,0.8150837947480009,1.1364565914811235,10.028530744375683,-0.4337682708986475,2.9109738543894297,-1.6550602207075586,9.668835824563157,-0.6720401274978218
2.1374608926084786,-0.7575295666169434,9.984094176716484,-5.87183964150271,-1.0140309591653036,4.9239635894521285,-2.047243257841573,-1.888724334221182,-2.3719903866382688,-1.5521985052130487,-2.6795232148048584,9.134551931116105,0.5257763405217771,0.6517493906767795,0.07809639539840338,-3.6612010854664314,-2.87399225968694,0.18698468904098198,-1.4097422513675912,1.5723979031916007,3.5556269146143604,-0.6799293237777294
-2.009368235455211,0.8691341829197421,3.0639753052696372,6.704045367106128,-2.2559137156557525,1.8151836896069293,-4.773267971869197,1.02425538448711,0.09127067579532588,4.176318482230691,-2.2054452426969817,-1.4253262428076552,-1.1676977280715046,1.1108913310491038,2.935796945744378,-6.005418766379875,-1.889742326999813,-1.2949164868231196,0.9365910563621789,-0.9267736224906706,0.10036137503547027,0.8914315825208624
8.905018618115989,-3.06240919463634,-0.5960133277817458,1.8591438752530745,-1.0903215831845408,2.309592217242177,-0.025953376213689917,0.09807978226459184,-1.9496533154207616,1.3634363315230744,-4.8197984171982995,6.195978652520693,-3.024367450476766,-0.5258230693876204,1.0249708424253554,-6.880426768323149,-5.11070047902795,-0.4155990864852116,4.716808503047625,5.149957699336541,-6.105145092899987,4.510032608992961
0.11222213379613367,-1.4822791383043428,8.307709705569525,-2.9622331806124955,-3.858705705385646,0.5352775146397419,-1.023712979262348,-0.29075061414593084,-2.979261714314786,7.391005164571794,5.0818334170825805,0.12569757857940836,1.8250923321184096,-6.492243840095102,0.8192274831343941,-3.176340681281608,-2.0307628659289443,-0.1454113252116242,-7.330202748214428,-0.5290432243322628,9.240424557943502,5.743457649442618
-1.7134081368195329,-1.1365276008149392,-5.1499400206597,-2.415433507789898,-0.48725120657686494,-1.6136344562407956,2.7045932188021746,0.23541021619301689,-1.5049520859991865,0.6264151409769366,0.7854758579398147,-4.840644322043712,1.144185280369603,4.601467165864378,-1.7108695298716527,-1.235745775111523,8.277317292308373,-1.5594026176791767,0.37414937554666927,-0.19573154161136996,1.7750406758711896,9.558766922472941
0.39976374110685375,0.8186786489105791,-0.3459703958789068,-2.133338317669111,2.299741492957762,-1.8769647782614394,-1.6571587842291693,-0.40617675699237105,-6.3304453691101745,1.8826963505906733,-2.388394812509821,8.395293522167703,-1.7299792292906158,-0.9132811782420522,-4.934072543279863,-2.4834660204355767,-1.6371733271078732,-1.9146439098087296,1.0551280097565159,-2.7042238459933343,0.2331776779277351,5.05148297196282
0.3481184785396725,-0.06368984425228508,8.606977120819625,0.678444618226336,-1.164631511492791,-1.183099443500301,-1.4472344921419593,6.409683441882713,9.808618261554766,-0.21293279581039176,-1.6075872594357754,1.4264690880840383,0.3798894701419034,-2.80494841060673,-1.0021891680781685,10.012983360234086,-1.8620620741536877,0.9788924992230816,1.0307431892959753,-1.5317925159616124,-0.3508822799907173,7.3866360496288745
0.1699350321272001,-2.362954596784377,-2.2167853602898266,-0.6554417046762909,-2.562106929673635,-0.7523098377334291,7.540784146859426,-1.5881669844793254,-3.5940256562386317,4.598602644212229,-2.5371501961008787,-1.7653024685331877,-6.610015734660234,-2.913754240364324,-1.0916869918510814,3.1268294596371735,5.369589117339184,6.821911007771784,7.647141312714678,0.27998745711513745,7.9727252445504595,0.20374034843079844
-1.7848618939575587,-1.2448491320591037,-0.4283668007454797,0.1763367630326329,-1.0222678343749962,-1.5694266543391375,-6.533260615648352,1.1097464667923722,-3.366749635299451,-1.2389448827402223,-2.4040319101821512,-0.21734800126397183,3.8734514289705455,0.23261783377762218,0.6324311156691186,-1.3960098153775509,1.9173651548293245,0.8964246510947064,1.4486025715009396,8.761566695262545,-3.557292579524302,4.196105285110813
-0.39682653502576337,0.3721581675634564,-4.928822994563875,0.918898348775174,0.3677379296043445,-0.7438501113247172,-1.875584093004972,1.437480986313522,-3.381441675806065,1.42010739582338,-0.9313369358946142,2.025856537114317,1.3869978313526325,0.5028517635064134,-1.1060674876397152,-3.998357386779705,-1.5881891344611252,-3.54466636578678,-1.0103418481796136,1.9218623355643667,1.8436169020198319,7.83157590066116
