script/wind100m.json
{"header": {"parameterCategory": 2, "parameterNumber": 2, "lo1": 3.000054539987559, "la1": 64.9999836372058, "dx": 0.5, "dy": 0.25, "nx": 34, "ny": 52, "refTime": "2025-12-17T11:00:00.000Z"}, "data":
[rows 0 to 24 of 52, columns 0 to 33 of 34]
9.913805982096498,10.42366167847247,10.357926781294083,9.872534443624197,9.651719468028332,9.765867384862494,10.163579582481866,10.034388279867331,9.178264041013547,10.79405226586336,8.852393363735162,8.181830222957469,7.670500447182718,8.135408610730211,7.792794712053039,8.815455913204174,2.1217194237414034,0.9005407047562572,1.1953351526621003,4.076022866245597,2.5689540987802717,2.5762201743064677,2.265960325190344,5.301539833372582,7.561061127442548,4.859380010508199,3.410403804228374,5.0169593321635455,3.799876128306483,4.616269587072855,3.461082980827625,2.705993978234863,3.377126402746869,3.72239191890606
8.67737584728005,9.075781465200201,8.392434415749095,8.515652263730797,8.223844745647677,9.126942463171833,9.935972717040025,8.089455754370785,9.392071118989028,10.485261081134757,8.38740676426818,9.23950136498028,8.903518984745386,7.870483502904643,8.239306122517112,7.251892962926282,5.346042487990877,2.5546758446451627,5.497716678257929,9.127577909394969,2.0207224168701976,4.183504749574924,0.8425664935947458,7.7126213288189,5.885095749105584,3.9424240740378784,1.5739646555398668,-0.23097196845624735,2.314938129847815,4.278997585585083,2.5450943970601774,2.9523346558341292,2.2020298723151015,1.7107239270211048
7.133421420115554,7.481875560986057,6.6434269353057465,6.02364741464804,7.5428861124965065,9.242222185156534,10.872042901281286,9.21428579076785,12.682411132183677,12.344660452655623,7.934126891179802,9.176397812557507,9.637083790235799,7.881258422012456,5.34581376304075,5.08300775305435,7.940159904325281,0.48669933860992165,2.593741839872845,0.8375906509119398,6.5035934728135745,5.271526829312584,5.532014799095291,7.737171040668748,4.830491050004383,3.274229306554815,1.1065984371705024,1.9830115193840192,1.8859919689110667,1.7755168266391486,1.0973367366442,0.6050580645033522,1.3721467185286136,-0.1885783216792093
7.280270096309175,7.873392254444137,8.559297777638651,6.115255324144272,6.449475605480923,8.765589035318296,4.68774913836587,13.534948187253683,12.327510031413812,11.90434944468772,11.06920752547793,9.062298877853404,8.013626795866225,7.025988430067692,4.283726647354515,6.969328275955791,1.9438778271445922,3.827446040248484,4.292297830472796,1.1343419790956766,4.155342030884872,7.470027872495441,6.626707619534803,4.484518385371639,1.9252191169546302,1.9328740211082034,2.661756017977963,2.9520561673159538,-0.41952103868929264,-0.7177960962652843,-0.633354682705617,-0.6151925680241543,-1.0782962665307292,-1.6555865293965684
7.264287953599679,8.075369911868746,8.79442287395582,6.334036351950422,7.491668870408728,8.115897383998528,10.895950207795467,7.842176875723552,10.088913001347004,10.296610072709518,9.884247500993935,6.669082295397475,6.548224733367511,1.757255667871129,0.8869667097490479,6.318955785602306,7.790308513871563,1.2094662566143164,0.8376732920564391,8.441001602578416,4.628938538330771,10.355072046990518,0.8198407239100829,4.61669922247343,0.8932118603260416,1.3086565829522145,2.6958375619518002,-0.06604805475788558,-1.5176843458883844,0.4601825787136977,0.2287921675127465,-1.7259218336146,-0.2678545793070992,-0.9112374727314968
6.389237347300709,6.5072523666985225,6.816288869539076,8.205955445578127,8.640161873890667,9.189778124044905,9.269471581406062,9.534521963823934,8.918842055440802,10.98928175763156,8.041655863991942,3.405626724669702,4.13913250595746,-0.34536998217633785,-0.5238428990266479,4.257474538284834,4.1142287559009585,0.48361146001331956,4.518078436774718,2.173012393699025,1.501148146802204,6.15883672755682,6.685262544772285,2.0359611154642385,1.6969431977300509,3.339553878597614,1.9743906428025089,0.3328781454981904,-0.5666415644741828,0.3916827071160292,-0.5084312019526109,0.3080704657111432,-0.5363478219786514,-1.9778440729056215
4.911041908565569,5.378969331477166,5.7956609130555945,6.478698020650273,7.990302871824134,8.67578827890806,8.951166573694207,8.237161897220767,7.879169745794938,7.38566103560452,2.0154359769462658,2.995497028111152,1.843735132155771,2.9520791447919352,-2.1587979943805733,-1.0185346365836134,-0.6474002315694054,1.9771712463669553,4.9913275796060255,3.1035213408881885,3.4700979021447784,4.0355740555691995,3.0412695302411255,1.5811482576007712,2.0954675598452535,2.4579173782019796,0.3141818248754531,2.6053844294557567,1.0510912480003525,1.6239242640347102,1.6532819893086743,0.24721854421765405,-0.045660942435332474,-1.8577497388770707
3.6154982569024687,4.168669442296106,5.390637052062346,6.289205891532554,7.644505089892909,6.782378590921201,8.149251160694286,6.766707918119055,6.637784229952847,3.0378128551169965,1.8794440775287973,-3.0484392025819886,1.474586064874232,3.4926749468919147,-1.4979920543763634,1.9122301141814941,-1.1368302328692743,1.8943593583598481,2.9881159670630537,2.833177461016476,4.981969163613092,6.574209173603366,5.478792010985902,1.1490436663917871,3.4946966917033992,2.5784895215927466,1.5034387008909382,2.9133471219907876,3.0840893323508,3.335041689639093,1.7977074085165934,2.4795322808469358,-2.3449647409481402,-1.2258173297942714
2.9161200417356326,3.431545695340411,4.56597627659379,5.589479256018627,7.607160058478959,6.738783418485201,5.234963614113428,2.759067726482276,2.026372325851467,2.324517518367436,-3.316804072756215,-1.4778188024324963,2.161401247560571,2.720169527970351,4.7310526998162645,-0.6822572747895286,-0.43081059284832457,3.4222755636591606,0.37481032540738674,1.3121404266689571,3.2255036348847184,3.175421910065207,3.5125270047498836,1.6665491598750704,4.102946620064755,2.4400661965961974,4.216441262846088,5.626077649820666,4.073149417937159,5.2587921628335605,3.090052934802798,2.5763253190229354,1.7371550164693528,8.530666466946728
3.269448174946476,3.380477987406748,4.280989152272723,4.665290155346668,4.739007310849619,5.786919960663765,3.4617877782131092,1.6907664074757207,-0.5265288615332396,1.5340903620443604,-1.5737779546289785,0.21675532084141852,1.9207691340623068,2.181773090051405,-0.4219692662972592,5.190120745912788,4.738214594880596,2.901394658338384,2.5078033514521265,5.198175010496633,4.603028932390656,4.864449621965685,6.294383382180635,2.7315734056694367,4.330783448376263,3.9135797860825527,6.31490016546823,5.50615742944986,5.664265020904734,5.0262623775467,4.541029702807005,4.643468973176618,7.995097639136185,10.408580833545912
2.6349217749368066,3.1540941123251125,3.688618432928725,3.9668392833375115,3.0798129811121795,2.075550306716502,0.4511338554287804,0.16424729414485476,2.818912192784513,1.6963693466653609,7.376700311486937,-7.170621996018771,5.062865739598387,10.951676747284948,7.871148468433174,1.378794915506442,2.846756960848696,2.2871445384533966,1.585194893995067,3.332496994843063,2.7705959805772573,4.5902563800142495,5.0388536610120385,2.4237872383658936,3.4545954334078646,3.559774388865647,6.197509114969425,5.824914346101727,6.244582460174204,5.79521191401519,8.039831338053673,10.106033671801251,10.530441320954166,10.293485831783444
2.0789747927258966,2.617628864437421,3.1287808091640077,3.342484034717835,1.1636965739779235,-1.041856376616507,-5.724116484025485,-3.603390872063706,-1.5034562067272295,-0.5291513891854,-0.5275014480064426,7.775660915592816,6.376745494489595,5.308760299339903,11.520202209408044,6.897863731993105,5.061770327041645,8.171965758663294,2.714686405397269,5.973759238919584,6.44963197149071,5.4861949614776275,2.0334267142651763,6.12322810837882,4.097126630444031,4.433154521353283,5.4461467666485595,6.17291919673922,6.766347116295965,7.669221681657596,10.79425964111146,11.630985266305823,10.566630371383223,10.915671511850862
1.9237479003648636,2.618024289908734,2.551532115174297,1.0995215914796383,0.9894501118569953,-1.3897582109011284,1.4821337270479678,-0.5509357579471064,-0.07350426700366336,7.5572233099781005,6.081474038761087,5.038959162943175,3.037088204404259,8.37047805451487,1.5858563684385105,6.812476524932005,5.794714824772378,6.501203515066714,6.440025891294788,4.486750628638651,5.115442914717408,5.272943584375377,7.147672587344612,6.554731593470331,6.764776903139908,5.275140286671301,4.665262884287462,6.824307610141756,6.512436682288064,7.7219630634765695,10.733467913489003,11.101479085144081,10.713448529281184,10.659783619841535
1.7246800426438365,1.9347192257348027,2.0634492764573817,-0.662511176999134,-1.4836192608602987,-3.626028672189848,6.7069557551762,0.01423055039003328,0.9161602179450892,4.471519020767629,8.622391624579866,9.424008037643878,-1.2098823685730484,-1.1138829916543294,3.9285966112615216,5.3699968656587025,7.98373587867844,3.650408503243188,3.5626907753205987,7.430555611671554,3.0393766498422368,7.5984945896209535,9.338335604431629,8.711455347669364,6.095779611228651,6.454246032271549,8.537124915383732,8.384850525823664,8.549150485777352,8.210146515669548,10.572605397058222,10.577812403857923,10.385754016924547,11.464012668616776
1.6758710033804887,1.5595730413713091,1.972335684880088,-0.6074451868000245,-2.6997585514335554,-4.14636493314004,-3.155560163758461,4.336858774376031,-1.0708482076820462,3.531735769920548,-1.2048727206629561,13.015509111987999,10.568976149948645,5.420127850981995,2.168320222889602,3.3606395327294294,1.5058824852316135,4.170156344177993,5.078904902125634,2.722274936419415,2.179993781877133,2.3219575454853736,2.9539967309585884,6.7836020430086865,5.133542938758317,7.231389285006758,6.03295602077277,6.810731736139382,6.912238960482415,8.75759739134366,10.272317992915168,10.258353452166684,10.285507786194202,11.368534713439889
1.2837371668649225,1.515972885782573,1.740894718763144,1.2738151589506073,-2.382345306006216,-1.951248717312752,-2.4198574160826065,-0.5436746581011996,-0.9666568043528104,3.601659675551635,3.924971214539302,11.307269775935735,1.389665270037304,10.715720535715858,4.524760402598021,4.155162201753916,8.482157769703141,-0.8303569482173386,2.9339320372423705,4.341653503359803,10.942869523245498,5.251460623843767,2.1429108798064123,7.5983205164065755,4.693667180141971,5.787351354796206,7.590846998962564,6.9698777377820305,6.867083933938214,8.035756295303228,9.96948353835952,10.398784072361577,10.197018462378328,10.894302371093515
1.3143009952454767,1.1027399603519075,1.3755204447824356,0.7117566238820213,-4.084314225540357,-3.6059540051012426,1.3817653491864952,3.1414547714739744,-6.01555752199991,5.514550542349472,9.05533326737551,14.873121646208944,5.320324800368268,0.9113642450927958,4.539401416226743,-0.46094515167491884,5.333793540626168,0.44447661324726206,3.6751549018580447,2.6099637355304606,6.979045892492777,9.133471245526986,3.9603491988076804,4.567315484683224,5.577428385040667,5.71923106622396,8.585760354688224,8.97091732027806,6.133865612506034,7.9666523677889955,10.638088197839142,10.142155011437652,9.893495009237673,10.022039694043091
0.6085334857358556,0.659678996742325,0.8741603480795261,0.3620788301215611,-3.4154538862497756,-3.0343839956003946,0.13627501337588577,-0.07908712891747535,8.432113243770106,9.54559293804735,-0.6589617381486303,7.436418141535551,1.257334499303976,6.7400382430766035,6.717860683349071,9.240485433290925,4.725559020753192,7.36148160804217,6.087661138926908,4.551906314989628,4.5577437167979635,4.2031994570052715,6.480465089412348,5.599298069978265,4.690874303489439,6.375964367815577,7.575843677341254,7.932085543189383,6.753680483351419,6.959631188637933,9.533125528331146,9.846182649550487,9.084201831127759,8.884337732628577
0.4044616082418691,0.4664173050155371,0.490371759677032,-0.21699828666874688,-2.393302322916795,-2.910259135367065,3.5948056976738476,3.432656622623175,-2.2114976662602888,10.4829130144527,8.390341464827735,3.3245778090388964,8.612880324594125,2.7683856485357916,-2.4616444256019943,0.12746188894862773,3.1441128391945865,3.608915071135341,1.5600875535160965,4.167479198015387,4.186785773914643,6.406344931800649,5.39289064066801,5.761348797893912,5.608236000364472,7.202826256906582,7.804898643294543,7.987646369522817,6.081118098126698,6.2054892200469,7.2047505431463845,8.37781208319611,8.976825411594112,8.24187949223524
0.38234714240056356,0.4925471820117221,0.4726302508679193,-0.6253954798291226,-2.3459021739552024,-2.220374274666211,2.214634707848445,7.257262002956208,6.765887545216919,6.279924938640035,8.579856373975572,9.45985553856263,0.21454901073216143,12.34732835957099,3.3529204629051943,6.320748738110405,2.9803364827113894,3.805075863972932,1.4544184580134665,2.217304108003699,4.282814282954135,3.8377015555708227,6.711625752535702,5.537171681485723,4.490708718678899,6.411285866462027,6.968217436574281,5.453129762315979,5.7111266313899725,5.903851414414843,6.549555371128725,7.394283341077241,8.51540018899041,5.700648505276302
0.3582138269627215,0.33939549072946096,0.4106383013929221,-0.5181628439557319,-3.111164532211296,-3.2986111899673163,-5.244090667417806,1.0873880382551286,6.137960281155335,5.206361296375455,5.549812943126409,11.590676994612206,6.8990837635908715,0.8238886914159156,2.997899532759128,6.287913653667736,2.530858419677652,3.3199064584517073,6.393409897028143,4.024997032211471,7.261811756390468,3.4035457817299237,6.714027394780127,7.360242337176107,6.627557230094854,8.145105464344468,7.067339718344779,5.724559823624215,5.355063687468214,6.178081412596059,6.858308478671771,7.091522271094823,9.023213300023034,8.910586131582772
0.511201380200229,0.3285541695064282,0.3466323655374232,-0.11101410488111363,-2.96912364051526,-1.4307189317839797,-2.678790322120513,1.1425120872457344,6.106430733070175,4.059081887833379,10.96688837088695,14.327574122518234,0.6691432085098211,8.244389037658854,2.4909021500589303,6.25673743761509,3.736512728772201,3.4395249600843414,4.651260670167111,2.7619279731199846,5.401556263976905,3.3385135700243254,6.480370757534728,6.297982318215604,8.378935441822938,8.252970403002747,7.131148445170648,5.870341098122731,6.654051677600186,6.612267276374786,6.205647119585727,7.243297719389222,6.783219428259544,9.915654506927012
0.7014850983492977,0.3476705942684494,0.231196315559702,0.5097153498621372,-1.0374653805742529,-2.6161575811265396,-2.8480774342053916,3.3518124570601864,7.679360635567688,5.826535919203946,-0.2809023462487355,4.970267142138676,5.277188338594267,5.281028462103974,6.701673078454011,2.791849077130085,3.829500577938334,5.1688052677129654,2.107804080221854,5.630227506820488,5.198396360181188,5.863045829128545,6.519958863084714,7.585367777796452,9.874622444881444,7.508153724567685,8.14331468157345,8.083165756120072,6.291934604150641,5.267702030981658,5.858468455252776,6.491933082184117,8.576756075182235,11.860571880110415
1.1776054245411964,0.7735124824790871,0.47862612046233804,0.9943301546132031,0.2898269171028156,-2.4008380429999416,0.04408860072404057,-1.3820937245181617,3.930436778338329,-0.8710379345369527,-0.46324350621668603,0.04523853810244794,4.53407596056915,5.096538144609574,6.592877580494887,5.692530184153162,3.7539103767780175,3.701049093877212,2.5416773163775424,5.754539852254314,6.048254749276617,8.602180330939273,9.392730732858926,8.04288250838357,9.776691779299222,9.548744756489848,9.459437315800749,7.505202469416165,6.394923376065008,5.42325449086252,5.588093159028428,5.291431996518447,10.777770789144606,11.560590831604141
1.7073618958530892,1.4023369805666301,0.9499413571328498,1.1513034271108766,1.333664733776085,-1.2580382866643331,-2.3674086271286336,-0.05160595815146755,6.242714068238291,0.22336347587734942,5.7139295437302104,-0.5611473675216906,4.7241527447062746,8.05954214032517,5.727769072619799,6.304978361900301,5.705773664636124,4.397973666206494,4.768655493666233,4.0758379321356415,6.50615367509057,9.717839451184853,8.083632855999848,9.55760137950542,8.979011699721015,8.360304917667893,7.873389451938657,7.933379706376362,5.514206692032475,5.349979670928216,5.426591752197486,9.040900857978992,10.855684577197698,10.712023298129845
