script/wind250m.json
{"header": {"parameterCategory": 2, "parameterNumber": 2, "lo1": 6.000198445256149, "la1": 58.999992894266676, "dx": 0.5, "dy": 0.25, "nx": 22, "ny": 24, "refTime": "2024-03-19T11:00:00.000Z"}, "data":
[rows 0 to 23 of 24, columns 0 to 21 of 22]
-4.361014447983305,5.605035083414663,-0.9956373755241457,-1.3649909670771811,5.6652820179185115,4.023976886583056,-3.52237957710865,-1.2368193902802105,-0.6831185896893577,-1.5517641639574398,-6.84141276728339,-2.6799751737996225,-0.32655777629317995,-7.206704331777549,-5.333804727077414,-4.420663508528756,-5.7577454306540075,-1.0926266029037957,-5.554954441839075,-3.8155978980538188,3.5681979064834453,-4.784472634914245
-6.528384989491882,0.41949846149366,-2.197362778142884,-5.049315933234925,3.2756282206419005,0.736478530112455,1.1627528752644027,-0.3359389899969342,0.5186992723142406,-0.592718731603777,-3.0263589045498973,2.8159538305569716,-0.9622264548353126,-1.031958558904802,-0.3461520211381268,-2.560715987286831,-0.011737233274742844,-4.264351630273759,-4.8832069697369365,-1.202956516175815,6.181473566563022,1.126416690777298
8.486492559101304,0.9589728007506758,-1.2849230642892184,-3.2850038056920674,-4.4108615649860905,-3.022292211861667,-1.040320505900239,-12.98365653710689,5.906622226635671,4.4014458834822525,6.154627009251338,-0.03307134495771221,0.43759609070702393,-2.24827698001552,-2.3536194618344592,0.8583521275097638,3.545837743139383,-1.7589540293896537,-0.7265450988530379,-2.790624168648727,-8.264758658293017,-3.1115385144652574
-3.8003002275869857,0.4660618738626231,-3.5449213540546505,-2.4964862500166958,7.932233390042798,-1.7241188134736123,0.14291805459473075,-5.041623989657873,-3.9268740370221185,6.281952355531633,-6.627529332153539,-6.937921603570623,0.8795791778193972,-1.271184208457017,0.2265268427069459,8.367091876589251,-2.2949362743760315,-0.8873903470641301,4.320914855110507,-1.4345768056033767,0.3553975980644087,0.10555273675166234
-3.342391580616868,-4.373309101242185,-0.003979250761248387,-1.9217440077281098,-1.1384082031997678,-2.242559704925989,6.915126664023508,-0.5650917756342246,-6.928504999054495,-2.990053710562638,-4.297846347553246,-2.1134228287331536,-0.18138927213034275,1.111500072971247,1.2920350120478856,-3.4036036825769145,9.745491709044474,-0.9396976346943464,9.926970636482041,-4.057182791536309,4.324374935966422,0.5186226437091569
-4.659854399370215,-5.22425304967362,0.5705557764839334,-5.887704006046565,-3.0630218787711496,-3.614067181486141,0.40510828199235077,-0.6567002924483488,-1.2069523412724852,0.4858484798306617,-2.0158313019181766,-0.833568312248507,-2.197603051596253,-5.018732971062052,-1.6406489776695117,-1.2043380733881126,-0.4942809332218465,-2.4337590771712194,-1.524878771065301,1.0113595552986194,-4.61229416629317,0.4647734929878836
-1.4536374132701826,-0.8723085117840332,-0.9668075760818492,-0.9027429300705273,-3.07998910619784,1.04130443446998,-1.5015166033793441,0.2598270455419179,-1.0911754569483578,0.3823560067977759,-0.7070620373793044,-2.9259253713172795,-3.637923814257968,-6.216212406216866,-2.231785566786372,-1.7660803596002137,-0.3700717950786091,-0.5226442535930189,-3.1981215949730375,-0.674113455055805,-4.088080564130803,-2.6897570974408365
-3.80501599483968,-0.03804500152054615,-4.326923024622435,-0.46854623368151294,-5.835957124283587,7.047818643057434,0.8086635998869225,0.6685632138946995,-0.6082658120009284,-3.848939234471137,-3.36647156689281,-0.12117593939368827,-2.9142979942054184,-1.4990009682262428,5.300887322394445,-0.3496049769712375,-5.134799526554993,-1.825722886210698,-1.1081244810122672,0.5218755166417308,0.3163251978989762,2.064168710352892
-1.7327343346096389,4.4097164714254875,-3.8006701777563117,-5.9534455189470785,0.7445580631237679,-1.6937648084399217,1.7682231923255425,-0.4614167534236367,-1.130181227989184,5.598535978702504,-4.958926656193414,2.9018446306778327,2.548955698109463,5.383095012315498,-4.7276728261912915,0.07016312807501818,-1.313731773032275,2.132799647253669,-0.9848254496949257,-2.7221655017998594,-1.856148985245934,5.905212688669313
-7.9031885459568105,-4.6959095353935725,-5.513177597739663,-2.4500873792599376,0.1961674065438823,-5.630554827600424,-2.5304443290132057,-7.401886604221627,-0.6681391699247553,-1.9918513021856046,-0.49568483783249756,-2.5600094052208817,-6.118430569364447,-0.10068983114282176,-2.003082278483791,-3.8918201169532165,6.819015646682917,0.5933425022361325,-0.6342216418006748,-1.0638866042047592,-4.9094982492910795,3.0667453011852555
-10.016046135078877,-6.171615093157302,-3.4715829472763637,-0.7618267642931725,-1.4206644533445607,-3.1425238562443174,-0.5921046537201019,-2.5678409127775375,-2.0311386759390624,0.2101234405113382,-1.9610451321370432,0.051653844420485096,0.2705881861173644,-1.863431917483573,-3.3062128751940048,0.26788787335838704,-2.9402591379897305,0.2914338994070742,-1.6865246306019848,-0.7609117586766111,-3.4370984863809135,9.788130639752781
-1.667934884906755,-0.8610915513171978,-0.44126703372916953,-5.9185806618682735,0.6794087080242444,-1.8974327395281554,0.7095613095088195,-6.795040484303007,-1.225955845323457,-5.710165300289782,-0.41564177478017433,-1.7799955841052726,-1.4380324563639417,-2.4986223268195946,-4.197190361424954,-1.2052909951825752,-1.1525375805527416,-12.006997641953118,-0.08661973790782354,2.309236051745446,-2.629945379614905,0.2335105018545189
0.10284523940612307,-5.515331349291905,-1.4100223447529017,-0.8380344074854768,-1.1725538532097428,-1.3009206569336647,-0.7596079226193598,-0.6486261578555882,4.052435695953403,0.5037322842722762,-5.357461135476669,5.598520763878124,-2.4371790676526874,1.8888950950863534,7.049147906505197,-2.101604869951825,-5.556057655751886,-1.6266665101274393,0.7969618247736382,5.7964280273085205,-5.528077796190864,-3.483334142432552
3.880014809043702,0.6199103830826398,-3.0016224299767975,-0.9402746623696984,-2.7030381292159347,0.4999094882136922,-1.806350543564759,-0.23048446882029194,-4.1624288242087495,-1.9110341451107178,0.8125137819363579,0.59000492481603,-0.25602722377938353,-0.5013882738037323,-3.262318056019586,0.6299908584879955,-1.0193814656536813,-1.4424030910443144,-3.586234969006351,5.570975495038669,-0.7888618430018804,-1.3553873248079293
-0.9958063981907059,-1.6935833760804853,-0.16865144741188468,-6.818250178048577,-1.9742540747642192,-2.918518381640925,-1.8143039379731745,-3.5320649660555445,-5.871114980551777,-0.7890848834276075,-3.3387730449469193,-1.6087054100475298,1.9999772754811924,4.224055721851511,-0.41576619724655295,-7.447347277404737,-4.374162858950791,-0.30581892828176965,-1.1996739578293267,-1.8457793220880576,-2.8742328167935303,-1.6136321496738282
-1.8263813319052944,-3.381126340630483,-2.002596053768076,-1.4857721912510524,-4.292756395100986,0.2783950254452851,-11.829532913698953,-1.5374006426506994,-1.0055901443133692,0.23889255974545373,-2.2830044242088756,-5.081497313415615,-1.638000906801973,4.795046280051971,0.6574732477629116,-5.875483878655305,-1.9407064751907679,-4.638280869744619,-1.2799424522735046,-4.186915175176,5.959724747182773,0.39992005366981787
-0.3385987522783902,-5.789437603840645,0.47323634859067243,-2.0204411348873768,-2.2713819601413454,0.7812753813863518,10.034630866074506,2.362132615097885,-2.4396788563716374,-0.4368875460811474,-13.516314265070918,-1.4534841071049245,-5.9251449876859015,-2.3241561343751833,-0.9648099908561326,-7.306204153280262,-6.970827529545361,0.059136215169948395,0.6864081128401068,-0.6595533144838042,-7.688020383586959,0.7666820149397485
-2.1241422545540694,-6.118693967138429,-0.6298666958359876,-4.773915815746872,-1.03221997356342,-0.3993708700987432,-4.683565934142145,-3.40952370492966,-0.8354608159473258,-0.815820699809123,-1.6654874886039301,-0.10361480982937933,3.1259327089367797,-9.419464035131117,-4.172843969038971,-3.7014951120535105,-0.9658319864775426,-2.6635877258540677,-4.788174903580093,5.065744483085494,-1.1757857348749425,-1.7608143264836045
-1.7013191369705474,5.109327932229109,-4.797900638548997,-4.4798767464679665,9.418036124611524,-1.5269072365363527,-2.153805256034793,-1.7953769485674782,7.535356229511705,-3.9403372523219957,6.517497138165225,0.7436247996740128,0.9226531671620276,-1.7853438694053918,-4.3887644835259385,-3.811704969766743,-1.4185386830887912,-2.3373534426536935,-1.7009285416137478,-0.8090302882411422,-1.3823479384517021,-1.5346344043939784
5.466760380625898,5.1257065749317245,-2.682504276838599,-0.5275984247549191,-2.5656929475108203,4.436447821320819,-2.4701623502675782,6.087166092533916,-5.485528520945789,-0.7178520664743083,-5.9664767128081735,-0.18439022691994544,-6.3148338772602886,-3.590191906768165,-13.743964843641484,-3.9004486257482194,-6.220370919698826,-2.130033888075135,0.8372296173110186,-2.72133456865335,10.132993552549387,0.32606153655542813
-3.915434611374651,-3.3325771031494895,-1.2099751282238096,-0.5967871484392113,-0.6421276955746148,6.975551309625219,-3.299585976913493,-1.7599486130406614,-0.29879080557889814,5.712200540799389,-4.757840660737925,1.7905187805663314,5.47538972368934,-1.0559918763033924,-3.9480586759728906,-1.0643983334701888,-2.881652661007897,1.0262368331298193,5.54393393321755,-5.9291775304462,-1.3598018973106587,-0.21131282261562295
5.4801536456922015,-5.406249025829603,-1.8637038930183603,-1.7579074112140287,-10.4750862483733,-2.8699037862689236,-0.10503576685603358,-6.313524948416052,-2.403587057025628,-1.696229004804212,-2.754680905152306,4.063120952044816,-6.2428786756216175,-6.146966258618783,-2.157650534638842,-2.6071273455003254,-0.6797546830087443,-2.6861522567293856,-0.11158003227513347,-1.7448635608870036,-0.7605851522274877,1.6096128444183493
-5.60329792680205,-6.760740704571889,-4.373506675736844,-1.420778688760937,-1.8327524237939887,7.144899525918834,-5.339703654062646,-16.413657238911057,-8.426017124910597,5.135212778706585,-3.605464132264412,-6.2970421326894535,-0.6837925870424003,-0.9072677424105812,4.836347606598449,5.820592527877818,-1.395930221115763,-4.121527091071843,5.323088048616317,-0.6377744118644894,-2.7750338818635716,-1.6172178624876465
9.420569728964743,9.9301934574841,-7.39112292257146,-0.38407652554735716,8.111401647199344,7.770307852981161,0.4617532051034641,6.346473862426107,-5.6911168002299135,0.7708601330323704,-1.6692999821509797,-0.07321548262810816,-1.9782431614353997,1.0502839221020355,-5.801896507417476,-1.5628838849719577,-5.11096058925126,-0.8456394788728064,-0.3008845254709102,-0.48103564596786,-1.0909189977681073,-0.9851887978610263
