script/wind10m.json
{"header": {"parameterCategory": 2, "parameterNumber": 3, "lo1": 3.000054539987559, "la1": 64.9999836372058, "dx": 0.5, "dy": 0.25, "nx": 34, "ny": 52, "refTime": "2024-12-09T17:00:00.000Z"}, "data":
[rows 0 to 23 of 52, columns 0 to 33 of 34]
7.832564613985202,7.71457720833975,7.890969493225638,7.632357904974952,8.07587866298182,8.293842739789017,8.520322336126124,8.151131979358757,7.803084930182063,7.518291650281624,8.090611142719107,7.995277053757227,7.113170789780177,6.765452012786842,6.579951252689188,6.846109253339585,6.807084715229161,7.474049214514469,4.043146606096811,10.579770921216612,1.1408442510711247,3.9673921802269105,-0.13673482636072137,4.231388351635471,1.6477898169674499,2.7345528702084176,-0.23336431009210037,1.3366767200112877,1.769821181179603,0.9127504551716711,1.8087882292511346,1.4440676334554732,1.3631458230316627,1.3636978071273058
7.767215737061422,7.859437242687732,8.403200481501903,8.427805934331337,8.430707199249756,8.345724795554656,7.769566006615743,6.997367361139771,6.856095163099905,7.139890941557651,6.9099053240613015,6.688439472306889,6.255020552625125,6.619095238646343,7.0550168684653185,7.511577624260099,7.336699509856223,5.183160484528168,4.722853361550736,6.025066066814663,3.320819341579127,2.464665518149022,2.297253047080309,-0.057502968792498776,0.140648658678269,-0.2219248123869111,-0.43739783049089115,0.40496649597313955,2.3130317264728415,2.0751726822102787,1.737269438662338,1.5501628957582627,1.1831993153588096,1.5449157876922108
8.389512211575365,8.651122835077016,8.283778632278091,7.85459052656712,7.604704507112813,7.0986650060663035,7.220531600732457,6.563925500749278,6.6596391390887435,6.1567148944404035,5.9270682067106595,6.281367214430865,6.114324425273506,6.399717019710303,7.237457623212531,8.126496232497843,3.1432433131359194,2.6476859982603265,0.9386714337270614,2.05498519218231,3.084763155133011,2.29044466225373,0.7552320578010743,0.2732415108593008,-0.94742479369814,-1.4753242120579897,0.9608977708473698,0.9671269380291595,1.6346338444926307,1.7387172200101229,2.081469939865167,2.1605044958283637,0.9714725022134983,1.4677588337793808
8.081760061016265,7.466412742706879,7.439496973466892,7.590906913150798,6.876095494244045,6.6436486261618874,6.664929919908525,6.905314715370408,6.528427595942508,6.226896585883409,6.234024011588335,5.25119626871825,5.01278279315183,5.30470674272902,7.10457691573562,2.5445309495104604,0.38978683898401406,3.3465037704399165,4.099905251587937,-0.5134219328574832,3.4060184824918416,1.8763432189775584,-3.0933053103008588,-2.3415028180988484,-0.508103380197108,-0.033345921386572705,-0.5093125252435591,2.354801992170051,1.0439578011333355,1.043989581748998,0.9445491575267183,1.428272907276142,1.2471380158404441,0.9199678950840582
7.415855468498171,7.052857393980141,6.8261683696453535,6.973214785901721,7.26197449581451,7.9275668058705415,7.207192785975848,6.366110813191912,6.056796628592162,6.171600549726686,5.81845699199475,4.975558812927713,4.440208508435325,4.123187328813508,3.1409295351458213,2.089897708525859,0.9917010530657769,4.622121177200191,1.8958816876465991,2.063469521492129,2.3899971256820445,-2.0624314815046176,-1.1816120507808527,-1.397786114992892,-0.9361429409320638,1.955993946878394,1.8143731732085076,1.58281893296241,1.6561391713769529,1.696430706862528,-0.15967077408888153,0.8421087528651172,0.3267940305648938,0.02275975050770282
6.510381674280231,6.85570269955673,6.685670569679715,7.020861396450566,6.528152880777213,6.0750277798472245,6.0702546854372414,6.196122980563843,5.74657407367942,5.104246180560236,4.591458933668603,5.412209234291715,4.347765037666165,6.504656651843893,2.006724962665446,1.8074938544710561,3.902459778699846,4.02373590023201,1.452381214820264,-1.6581407550604101,-0.8558526330077009,-1.8658315113557427,-1.0659985436484671,-0.004978457142003892,0.9790608974233198,0.8663271610323912,1.2483842404577234,0.9400890254797537,0.9680907326207098,0.4093894419969543,1.0482880506169185,0.7976943261493944,0.35565248132878313,0.6783935215920726
7.572141734117121,5.999929508872744,6.059134826035814,5.95246781880733,6.2371465777634505,6.373360089130343,5.0969040427704195,5.425096280504161,5.3252941179526685,5.4664416736155435,5.012575653147882,3.579048346339166,3.999729402780305,1.2070124432625173,1.522376902025795,6.626954062053681,-0.03343755947294811,3.0048047273461864,0.08327838289819495,-0.44883254129729794,-0.9473519619568284,-0.9620526913795032,-1.4039622129464027,0.9746870611509394,0.47581772211542067,1.3465665025891025,1.4588619433356442,-0.9092099919188419,0.9905581183375652,-0.2994950372844182,-0.3428502322230207,0.6419256893097819,0.9628260298207191,3.4913529379987107
5.121821803088907,5.5391760024400405,5.853539417004946,5.779841864152625,4.73705927221639,5.020938266345306,5.667486789459976,6.151049461083266,5.70110634412709,5.797733141281546,7.922983663591625,1.529314316714244,1.9791731836574498,-0.5553083101113877,1.5094221516112543,2.438564917014073,-1.068031101431402,3.320169761191764,-0.4376399895436421,0.05311247573944201,-1.4325500717022286,-0.5268444591570387,-0.946431349743335,-0.2128948385285847,-0.3413648872741855,0.15841867677670743,-1.0230721259898874,0.6845504743507489,1.4274671595547832,0.7015330952672443,1.2952950709847033,1.857870854565149,1.8585698409345057,5.17199730896615
5.147178240874611,4.994206219863613,4.2900218392302385,4.447220069545357,5.611125232288498,6.089872957207717,6.1053502953785825,5.974657635277394,8.682968263306545,2.5116348457897195,2.0072724471162333,-1.7491687634363293,3.0815110840730755,-0.662340554500103,1.7721167160052584,-1.6095937397487536,-2.610710625939338,-1.714703066018327,-0.8742686065825934,-3.2940905402664478,-3.263433533972166,-2.8332374474319955,0.7650472244975677,1.3885845459691284,1.2585580293818692,0.39648172036187557,0.9152329023886884,0.21228482565230075,1.1183653992244853,0.06036260531059286,1.5230232493824851,2.1649258998744947,5.3719692742521135,4.694816307885722
3.9459509679883182,3.4035806323167503,4.250717134591199,5.970603382312679,5.861566622488339,5.806437490320163,6.354170355914512,5.585884592465418,2.0569748753942267,2.314423969282466,0.2778466256224909,-0.8726706659900613,-0.11577713994395704,4.686422918945954,-1.0235699113502787,-0.8068607282210933,1.4437733127315333,-4.333053344426219,-6.5088224394696725,-7.083971573636395,-5.019098330674748,0.736380770952561,-0.2078807236780999,2.3613578232125048,0.5993329779031844,0.5511268619473297,2.1319138461706526,0.3085857140730024,0.422964029042572,-0.2512233734734924,2.651033315300266,4.650946544971353,4.125941878691093,3.507930400854232
3.6429501042478085,5.132230503527772,5.460592082696128,5.566417085356188,5.479933364843812,8.588270326108535,5.348964341356734,1.18294015708961,1.9005162910266549,-0.3962772274413511,0.21620130000254878,1.5678040016146086,0.7946810906189173,-0.6842004439113177,-1.785286566495338,-0.8110304965141398,0.5256624828487241,-0.49640130230480844,-8.4239270291906,0.8402652034100525,2.14802816620762,-0.977875015002292,0.5947273929746997,-0.92271808673714,0.4116172923149514,0.45889333218570943,-0.5201501217839041,-0.6691130020775838,-0.2878649950253273,0.6248009554426254,3.1448086713013037,3.639800664638071,3.4585675864679413,2.828090920275863
4.360754999630175,4.88667391020938,4.976755995236486,4.963745984753926,7.226708848269617,3.5871043671671083,2.5054907989356763,-0.7497100470244384,1.2983786571072338,4.602573750178815,-1.6870015163186316,-4.156113102452985,-0.27953626338783744,1.7733571318079122,-1.3912304817580121,-0.2108440906735958,1.7290537885268267,-4.755786484308105,2.167730210941874,-1.614557699149799,2.487534751364068,-2.2893132752866094,-1.1513436483624977,1.165763059547047,1.017237970024082,-1.1223701979442247,-0.7190076571883349,-0.24327446091450067,-0.6456011101912918,1.258859580196998,3.098821302032385,2.5204585982191063,2.6639015043872316,1.8447155419874448
4.129954026680896,4.084609635330476,4.134075427771652,5.058829932886796,4.848264130527416,2.5294576935699897,0.9924541795121706,-1.120024895793226,3.6527385958837035,3.287199385112564,-5.959641435066131,1.235225607544151,-3.0734145110457827,3.0731390833040693,-2.451971917029222,3.192493116151265,0.19615479308428277,-0.3506361956013488,-0.8375705428272057,-1.5338986551584854,-0.07915238316589011,-0.3867611859398954,-1.7400096337557933,-0.2113137695547124,0.003103131657066719,-1.1625539822706998,1.2671158757252579,-0.15428143693997665,-0.25530599692808575,4.256783165997094,2.430163795310222,2.1762756574969124,2.0406322860333335,1.6789865168391749
3.57152294353107,3.148436316724451,3.5396115477360337,4.46797432676548,3.49315602298267,4.2216885993499025,3.1230950254024004,-1.7111955401320775,0.9182210276681503,2.7726872042193325,3.409839336541863,3.16650474080319,-0.6643006144433152,-0.8327583841462641,-3.292656795421827,-0.7868679727196237,0.4775611526831399,0.3867422809723467,-1.123895267985697,1.0941504778263522,-0.11319220759132967,2.223565993002141,0.15471548690286552,1.1057569797031734,0.6650357450994363,2.1028732461514195,0.952309411422312,1.6207381634436544,1.4539690511843526,2.9838287845141296,1.591223595356071,1.1024965840929097,1.7096549707215538,1.02380549966462
2.7065891933742443,1.9539515078362188,2.3929464543720456,2.7388621229871375,-0.008965550408226015,-0.6197263817563688,-0.13011824013619758,1.5642379977258964,-1.513681452260098,-0.26242348079246125,-3.125824398052784,-7.350465077912591,-1.7675283425413577,1.9603752295598356,-1.4793782482218996,-1.5124880940643695,0.11623335139928219,0.6847985440810089,1.6266655791439608,-0.22470438421784908,-0.9172696478767058,-0.5075229437174504,-1.7984854246426862,0.5961560780643604,1.4841060592082644,0.3179166760251694,-0.8481472707648824,1.7671373136339992,0.99031178602064,1.807142566528059,0.9913249159272932,0.33686314897329533,0.30753886424849314,0.26607659755757723
1.636544896638996,1.312134911594312,1.9913531403596192,3.966908112101544,-0.6340989009500518,-0.9316605734923885,-2.1209951436163377,0.6046081110248691,-1.1996752454721342,-1.8873472847360746,0.14476390177172774,-0.2982306381611958,-3.474091099116894,-1.5509176520903665,-0.04979714968644433,-0.47165831711184336,-2.353738647142064,-0.6299875744147273,-1.1474464733662955,-0.48880656090989866,2.584019571933857,-0.5457049824388526,0.21331531802833825,-0.15855325817525462,1.6211979980527724,-0.13660852667258447,1.582349258432165,-0.043992505760162,0.16041590105983755,-0.9398964550836783,-0.23848828487680768,0.4219962360203972,0.7347372145117237,0.4137166369274523
0.8572742768717572,0.3630975989561702,0.43263889734364724,2.0354345168573094,0.6122412643722932,1.3459956091001732,0.45796890096526227,1.2308987461586909,-0.2704660290594181,0.9410513317202479,-0.19985819639928584,-7.774756712827959,1.323481101769775,-1.1997065735578647,0.0763387226436063,0.19282793280424348,-0.4073043717048982,-0.6143267546127953,-0.8638162145859934,-0.2883348769067387,-0.555573447386977,-0.8394312403984445,-0.3014954625032825,1.1096857732020686,-0.19946418241712227,-0.04962236836722517,0.5899748457321093,-0.27428278763886665,0.8991480249709153,1.0275229497182918,0.7383815888452481,0.8161156021818855,0.46998696910669724,-0.6610244852129872
-0.07862711657861306,-0.5166948989019369,-0.6424902401949065,1.0186461135732758,-0.1002999847609543,-0.2997952388472039,1.1477121526306506,1.2126026112192598,-1.890781439578481,-2.064320339669437,-2.026235276166801,-4.355967003766948,-0.2490311675262057,0.8313707962943722,1.4877566838224698,0.8375104566880063,-0.13300333980427417,1.2758051762607907,1.1795010736896623,-0.716065227684754,-1.6485943658536844,-0.7020628450581834,1.3768789730624391,1.5159759008556055,0.6631689374033506,-0.5354785544861965,0.27343144908816625,0.3409454282269009,1.2022580521684247,2.2308332625616907,1.5914677985429686,0.4795255161110541,-0.8337940696259644,-1.1920116610934834
-0.779147088528365,-0.4054599745824711,-1.6499896079153251,-0.8684338744914619,-0.3381735885283428,0.7395068956590993,-0.4632483760065574,0.7338193595992067,-2.2908485657552946,-5.132325626809888,0.973749839841896,-1.9621223011667348,1.7172178309633435,1.0995899033222816,-0.1882350373663371,-0.3522420502467691,-1.5901143268831979,1.051812385486203,1.4532274302687258,-0.2583099271129452,-0.02451297464452193,0.26269016791012906,1.1998298453986276,0.3739421954948136,1.3702710085331489,-0.06447731081359392,-0.17398056659294184,1.186600650684247,0.5511480598780871,0.6227174176581677,0.5970752473412496,-0.11222984543633846,-1.1061519059798273,-0.9684021060959274
-1.532473414812222,-1.881332421187416,-2.900955338253827,-3.1711015740409816,-0.7972856827488793,0.27832181575008974,-1.332613045305422,-0.04270066971578169,0.10124770936351815,-1.424538532697025,2.410634056456239,-2.1846391782247556,-3.086883349344721,-2.087901828898877,-1.0732548097600143,1.6311907121073297,0.2499820140235246,-0.35071847771197795,0.7307985525067083,0.5875770945350354,-0.1256823710407516,-0.1366407344683549,0.1204589372898795,1.629039638489284,0.26741297766776784,-0.052585158481486136,0.7907249986111354,-0.33466944401580967,0.9752409234996773,0.7347372224196463,0.33786360290363615,-0.09398988127508992,-2.4809731183873014,-0.3346476579957084
-2.145283747669018,-2.773366169884613,-3.783568033715666,-3.8900888415845665,1.5222984703942952,-0.20831567367820947,-0.1890712834618416,0.12621499879074924,-3.036505915624466,0.6363212200563456,2.2059385131701528,-1.0586350552640278,0.09453960469919312,1.0876955400869561,-0.20640369185595375,0.9656501059174569,-0.6136651176456902,0.6349406893077377,-0.2731783916156332,-0.42604485516789864,-0.33543585971430934,0.10286836592301186,-1.8411880488021286,-0.4710189926662914,0.44641365831920277,0.5337976268703626,0.8159017197277343,0.868702971614598,0.11019226460227707,-0.9382695777713799,-0.7433123564489958,-0.6227574493229191,-2.673998101645126,-2.8279980872091697
-3.02287727991036,-3.582178431504093,-4.04073496544571,-4.268101239430023,1.133890189148239,-1.3853463962821382,-1.2017680659656722,-0.9868627431781478,-2.5379407054417484,-1.1731700548669621,-0.28381023336333816,-0.9916990078600016,-0.13456137112640734,0.3449640900397978,-0.4349263738018487,0.6113512746365211,-0.5125634986715577,0.2490642037453356,0.13293296644938873,-0.5758005396936955,-1.1273964877714384,-1.611054663711371,-1.1760047761285208,0.24600448793459131,-1.1084333759469076,-0.28121281905439677,0.2582423409721158,-0.32809060579366467,-0.9977499604162416,-1.2443980215960375,-0.7533628884941735,-0.928116478072742,-0.3169574091293981,-2.775586796563003
-3.105816471684074,-3.5645201000870137,-4.1148833423009235,-4.608384943541759,1.8115191680622431,1.5960337509020712,0.62237092086905,-1.8412818988595174,-3.242980804031702,-2.5128774123012816,0.5534154837583013,-0.8104501099274378,-0.15658133934445526,1.70278732543983,-0.7503636107676726,-0.6398915452503778,-1.2067312625046631,-1.0451345720375982,-0.0764577531571753,-1.5090544398098649,-0.4124469476990114,-0.47139682983139697,-0.4965313137540885,-0.6251623576291089,0.7802354331900271,0.5780018241940463,-0.6209662759918256,-1.5967881019566736,-0.38906225901788144,-1.1923480366158312,-0.8675508493110603,-1.6924279364067065,-3.448317727041493,-3.425644680327538
-3.1290797186052934,-3.496497986798751,-4.1609552035602775,-4.331609232420538,1.7790616173111717,-0.16420129550329304,-0.5872389497738457,-0.3740495874753517,-5.440160107997721,-1.118261484555113,-0.5138960004170616,0.3424232598846391,1.3387449641751925,-0.23028109024492205,-1.6026204674580675,-2.3037541003130384,-0.9521858730867276,-0.8474338607099511,-0.4249331190752879,-1.1568504009821918,-1.0213041930098854,-2.138360213913548,-1.4490711900338002,-0.6939867645735699,0.06252269371792481,-0.9160055583186146,-1.4050335305867596,-0.4162448453355956,-0.5620826379837413,-0.5050902488671956,-1.22765949663999,-1.0636810631741664,-4.127392714872182,-4.45777971798736
