script/wind250m.json
{"header": {"parameterCategory": 2, "parameterNumber": 3, "lo1": 3.000054539987559, "la1": 64.9999836372058, "dx": 0.5, "dy": 0.25, "nx": 34, "ny": 52, "refTime": "2026-01-31T11:00:00.000Z"}, "data":
[rows 0 to 24 of 52, columns 0 to 33 of 34]
6.478577793420872,7.138016459953583,6.366495327616137,5.060715151299893,4.927702856114835,4.371233977010663,3.658870637447224,3.4256831064015527,3.6685779595500585,7.191121973101356,7.596822893614592,8.770146811509901,10.4142975901502,10.05178234768704,8.935732749567864,10.368625226180972,11.417875502696173,11.516963891668965,13.91916263955635,23.164365403054305,11.288345861797104,6.513737355167831,8.856012091443686,13.017316474586764,11.075361582139406,8.834208296006198,12.356992574653505,12.307319433608574,9.672661406011926,9.450533571336987,10.430553582120005,10.804323809360483,15.061930968517384,11.870998964825729
6.951926526979167,7.607266501458542,6.449118958933982,5.339042953396544,5.084730561633069,4.413432078635348,3.9805987297015712,4.223349007399257,5.506316950187683,6.028645765896662,7.778326994621581,7.291795386247364,9.30974585325628,9.985691516977464,7.873543110296013,9.470131757705516,12.781628581638154,10.125926762302733,18.612227308567864,12.04120380883329,11.811524275692342,9.207132366126123,9.980390282666697,11.219200092968249,8.03781215656634,9.842310310246663,10.747839328182732,8.702354441256622,11.523603594544818,10.391804035387675,8.517022217676987,12.153275331896522,11.898664000025274,15.511556523095216
6.405629150235691,6.994766418821874,7.280388814383331,6.735305468825949,5.534436889379519,5.01271405116233,4.500655197820873,4.573456602838218,4.786626554573098,4.896847110006465,5.951009938101783,7.532861653237048,9.051299000473206,10.054232890811148,8.340584391136334,12.682658873020845,14.86176688937864,10.178078822235145,6.063511514725472,9.535553922570452,14.586927407593544,11.336427873922055,6.742137178883729,13.41207495254667,12.246093811696602,9.20242133995555,10.636087107762147,11.707305087616138,9.56558240517891,12.819851735750209,11.694175200667882,15.362503805767945,12.87184847151995,15.143346974737494
5.704000576192836,6.815442479301786,7.7174275509139285,6.504356351944015,5.123930491590574,4.451084177454499,4.045490003760518,3.152272357528855,4.8041552460861086,5.637790666689614,6.582291954455785,6.915597933894824,9.672493445020283,11.96629527794727,12.071522047977002,16.280819278551107,8.519803205165474,14.332088724572602,15.141714067063191,8.943255547545562,17.6554152431405,12.09469684314146,14.824095781403212,12.125129970928313,8.285584620810225,9.738448950119734,10.870498489585403,10.727997595848358,10.362724047438741,8.670161295850559,6.345687662227562,12.857293728889996,14.057317091235687,14.094463791034103
5.872760991643272,6.896328595218785,7.718873960403417,6.720336401081504,4.950871836528127,2.6925933866449636,3.0469938048276752,3.6285810680277697,4.616015039451644,5.84250718966791,5.804068618604322,6.440215750830243,9.01858839111119,11.469752316720832,9.670732742608616,18.622432050072295,13.40703763780501,8.317671015916975,13.623712250303576,13.987139730527144,16.80306112356949,15.701563735091185,9.25944600914223,12.757145417223851,10.450513546793067,11.69745530177349,11.876813894390775,11.817383454422293,11.287229858704412,9.43241549900663,10.52672544835901,14.538815663889958,12.403850757409064,13.051221250380653
6.714695651803281,5.4361180447501845,5.902045236091858,7.952386199551935,5.7749176881405955,3.4201822396364205,2.3591380231194723,2.7278112951666307,5.767410226116283,5.295637363385684,5.092405428017705,7.064335003403011,4.435569901627667,10.711034415011238,8.671679181328765,10.165832111758657,6.5711433778036135,4.110940838972221,16.44667176308112,12.095469347750011,7.578350411739338,9.284394959572282,11.66654403891409,9.145381914459653,8.834345048323085,9.905502213586727,10.42988249694285,11.582595495509754,9.748658238573029,10.629700068314634,13.075287410258692,11.334135343027526,8.727147676645458,9.400847121679885
6.715245030242166,6.2718353762643835,5.644045253189832,6.698877085963275,5.869512496440104,3.220588657794884,1.8096285844446842,2.0615387350909224,4.086297624168822,4.432165080589183,4.383875446754764,7.2243085000268765,3.543781887741541,6.611228772546353,9.123588481507607,6.0457928128671865,6.645528335538732,14.318475647604192,16.22176737629671,11.969232265480393,6.775151135229293,7.682689972094354,9.952858519058504,11.610484742529955,13.135786329036884,11.18474960712968,12.392089439634287,11.273305123577932,11.575737832518008,9.883558145218478,9.812327877085604,10.484546376996573,8.996320964345328,9.472794870370835
7.452620919777211,7.050396419987026,6.370227208544779,6.033434446236593,5.751412101229007,3.1886733070890916,1.0680407717629434,3.741856768405124,3.4350573805231837,3.5140234336380574,2.8402300774810953,6.585845709149212,1.1463917799375802,3.0311515954880845,12.754824864866485,21.173195581078787,7.769458072091143,20.371189081137732,24.819684790722295,12.878122119580073,8.722494929738804,7.635745320720719,9.165524846584633,10.257212720456806,9.709475157214866,10.600113332236532,12.919760890234397,12.118506664985292,9.641231520300808,8.510633774363258,10.81435822834251,8.429944037480542,9.38636921092149,10.04434553695708
7.92465514634567,7.0612772082715765,6.302922063592875,5.282838602539964,4.735942822728293,2.93082251741601,2.0020703307530425,2.6065355071071,3.226288048451641,3.6613115761176807,6.988095596492853,1.7516889255007848,2.9668043731272333,6.3947485920719265,24.0239878011145,7.602650434408943,13.023729126611629,27.621745198561147,16.36144087644866,17.50046351741534,24.766692184173003,16.250095613114183,13.258370933955367,12.016144446973716,12.358908356508344,12.77552779620415,12.098793566617713,10.094009420659503,9.442667453879155,7.615615062340817,9.010647448929005,10.011305454989477,10.309654006614805,10.115172262992632
8.516300210389364,7.739905614098711,6.3211760275752304,4.7402914388573425,4.094883140167381,2.5560870878848863,0.8628902529010878,2.1083990520971976,4.97526259238095,0.2297184589843096,7.626870908799687,15.929592635970423,11.789482673748727,15.029143197994946,17.245147346586464,27.42160313472505,17.616002825655016,16.392085504216265,11.052369370958822,10.128669761133564,12.767403294083621,10.588824272593978,8.643292364043342,12.417849085575826,10.196565368783665,14.262301679586866,13.793231609528792,11.920612590596992,11.692281389893097,8.325454920132584,8.444339680262146,10.208404994472893,10.286786403722589,9.877973397055259
9.180471992703144,8.11508618545781,7.670031749395058,4.762762491258704,4.065624432437522,2.294945716498853,0.7440450028025285,0.30306710383535046,8.2210383325239,5.149850706309369,15.891169823327607,18.36867697107666,14.460305604429369,8.163133019906986,16.57909356432395,16.638771615786943,11.417716573581396,11.454329148097615,13.717035714542284,9.130719295411911,11.266296337830914,8.79898896137404,15.683640565811347,9.700809375019244,13.617631388812885,8.40026495461899,6.940168323963918,13.859474910131725,9.518716306854353,6.807873746021833,10.198578609002018,10.289611301983102,9.954364474439068,9.323718146038498
9.048077307112289,7.77977345743896,7.803304335858683,3.8412221364095296,2.6759353430048183,1.3378369400727679,4.429602795324374,1.9691621781050783,2.6814424570267463,16.933300138985143,10.61732517411945,10.51358760542663,13.769965156930162,5.898535286236031,15.779714885176203,12.859878222551199,16.70118328464086,19.905113459323193,16.77833678064973,14.226846410511808,15.089669569223364,11.209158178172254,8.984031153749557,14.971201307026545,9.897304160332215,10.141537026838336,12.581713131158011,12.554554539866077,10.764119449543736,8.939809109947662,10.415389956681887,10.117750614936659,9.223756705375983,8.7224715585223
8.989658375631338,7.035457631913066,6.955957971850173,7.232410396187995,5.166138691959252,4.676055384564691,3.757199894687677,1.6352141607768322,14.479847027855545,11.109192575954161,5.219262505379166,15.487358940453237,17.532753028000307,15.73380011753126,14.878849200868459,21.033132858651758,13.063803670325708,10.498891792451024,11.04145603804419,8.985541678709097,11.478508332061544,12.350059994719079,11.587625488525934,11.44369947834118,13.403002289468334,13.034719997788939,11.312222136462605,10.848654166596774,9.47969485027477,9.49345428288856,10.305523957597337,9.741099195052984,8.66903258028394,8.108135579810742
8.737497161936703,6.31630874660038,6.0419724177734375,7.3907406406697005,3.6446311190877254,12.536811852958355,8.045003133634662,1.9226817488604828,21.07986152330356,13.828817514609087,15.270570066995448,10.271013102409439,9.373145556680614,5.01927784754237,9.579550326525586,6.657298459226444,12.439570009635236,8.966126141954103,13.125272971674724,9.244141964407653,9.041873094532928,14.128796574384602,11.315780790559199,13.433398080420346,10.198973759834105,14.445852876997407,10.760304696646944,9.44609914077942,10.491747273278554,8.652494282425177,9.72786828772982,9.453497258334485,8.528588287054529,7.662989765158691
8.001305750484235,5.649150062460107,4.798273300044695,4.044436617918799,0.8343599328557578,7.8457306091328896,2.464549719870147,14.48188876782101,7.308428064035394,2.8688025883674744,2.700226318983229,4.8703299660517505,9.866270423796475,10.915493374640706,8.581213714151913,10.31810616051499,9.51993271815259,11.481289112396714,9.758741351345762,9.567534815965766,9.33048765494495,11.329771035464706,10.701905686440575,12.934299992976804,10.420753449039935,12.395135607164905,10.364200307127637,13.6413406196204,9.242466200650458,9.472440398311395,9.090382729356985,9.22600330199315,8.520230606558943,7.2879028327051
8.979839303587648,7.8906472770887115,6.832166252533152,4.631631201323003,3.210928370588486,4.491206091600129,7.422397917161785,3.6933680604238295,1.606907668240406,-0.5013833047141032,9.92550623055384,11.197438387213731,5.065117805324929,6.247625856358647,4.9902231978325915,6.756254480803887,10.638378867663002,6.034849156709522,8.166155139806708,7.078976501179276,14.59268292156382,11.347750407891207,3.8345485001608237,11.403885201889281,9.558355147075936,11.787292911667477,14.281500602975097,9.852937435516834,8.722913772125914,9.75591698719203,9.177332722114503,9.048367405325086,8.250794294678284,7.3845819997101225
9.488280282272829,7.817219254401915,7.88620832097418,5.725864834896819,3.6428585266992983,2.902280790774708,11.121269158947896,13.421019928033685,7.0933450588962055,21.064753856291215,14.682720553973756,6.840484474355795,2.2073829065765747,2.15629800947829,2.6279962449975436,1.5899326227796196,5.603795671683945,4.5239346202639,7.641582372419882,5.998159259850192,10.569783070005755,11.140125863673509,12.184298968708633,4.946819880631757,11.236717622605244,12.897198828109088,10.993151603289265,11.977868466904159,10.32543004192369,10.222455316372464,8.745625718398832,8.792074823567539,8.288596830399939,7.268864569436101
11.44421952666724,8.73747527472135,7.571327379262205,5.908065633866406,3.392994080224972,0.7443275194826763,8.84033761050392,2.3534927488600217,14.254584984816514,12.328742754013,5.274555200723458,3.366051615990846,2.737873633997088,4.107838183344455,3.831074876115965,0.6437885072182359,3.6088041872548584,3.6615367500868716,8.669259268028913,9.019018274388165,12.32901013781579,6.616922270354917,11.685720326717695,13.83889071356213,10.318477551390975,8.584581761587973,11.996958120048072,11.22650496082734,12.442152757318297,10.09665263861388,9.048111436538345,8.464549196691127,7.78929999452726,6.917912328491841
13.14296012198039,9.662797498307267,7.5434690595856955,4.228984909684078,1.9514369293105618,2.1592635480425884,1.905080716929426,5.008143551899807,4.010186143141283,3.736361862928462,-0.33559064504778324,2.6909045081374394,4.655964735525984,4.847561552893201,1.8623657681725816,2.870158045301176,3.568012883677509,4.502881433165161,3.3417076577187963,6.064701352835107,9.158856986946446,14.024784873472184,10.09952519928284,12.267491439438617,10.089815468641266,10.502001452170118,12.182378009615721,11.451369120152101,12.4826059733197,10.669752742358442,7.89137421935086,9.018371184856145,7.582141067960746,5.822442976155946
13.43184329403534,10.613315145850564,8.601450766725591,4.160989037440146,2.8571284006801845,0.9132780784794318,-5.876477115336611,8.797632075367842,12.899430714603854,5.581564289960724,4.0845016164975885,5.918390423244014,2.495222904652521,3.2388560322533464,0.2499580532911335,4.147251851670378,0.5120395515428422,2.057306339370759,2.233654280527592,4.749268740194244,5.762758726251471,9.64521204262439,13.291522141561895,10.35933559369865,6.721205481207235,9.307708937664751,11.826312599509658,12.410711602332343,11.450076718895655,10.897657963263518,9.508889260898544,6.593249707814346,7.603194962640524,4.290081427403895
12.075659449562009,11.418619376211758,8.06041331239826,7.298110425005207,1.7232959703810795,4.3995962214547655,4.5823608680630175,0.47453652189932466,12.786790037899353,7.630952846059288,6.435444508128722,2.093735807828568,0.367134619017745,-1.1700870991349086,-1.763426354983262,1.4224161553940686,-0.041059442410267294,4.390128363148917,3.8886000923128425,5.273328958829475,5.957027295964842,6.439442713803028,9.842947615439627,8.80954989861576,7.938176353439244,11.028349353070535,9.603823947213652,9.758259900424754,11.091914937450376,9.431784945333977,8.823186587387044,6.5637410752213095,7.767732317566705,5.914525433169612
12.077818311922044,10.499649908503164,8.598585746125073,7.663128133939583,4.168641823943874,2.083815575784989,-2.2569445885953785,5.322190128179361,3.9921156394071438,2.1452939302618166,0.8127604360108794,2.2356031673499857,-0.42523214174931423,-1.7509051554628463,-1.0668009573040655,-2.4095938621762527,0.8991652004527521,3.646933972212441,3.8510022519665528,5.566244937147539,6.001632961508394,7.946359402269657,6.600129193692623,6.376478144125071,7.003990026920051,7.692566673557048,7.710553907986186,9.606068794222965,9.701967448708173,7.487118691516124,6.1166996298417695,6.325620939711337,6.343284429339943,5.485083957622592
12.807816914939009,11.861323416153772,9.457750385645571,6.160239635358849,5.001584819815512,3.8301508668387214,7.126934184962151,-2.1034277531138184,4.485828386800714,6.220745227398927,0.5699751214341733,2.6367282362394264,-1.1703270316822854,-1.2425519805472147,-2.26827801444134,-1.8872124112140578,1.469785200106892,3.9521854218390042,4.026338423100038,4.278959852479662,5.25415298727671,5.411790690730603,5.784449890086519,6.242663588169083,6.92742012069498,7.094329361885448,7.5520259513751,7.946542892371724,7.407430474329884,6.763068102408913,6.03794814357051,5.658475125955474,6.586003392547434,5.588903768766666
12.244578249682048,12.019758247693758,9.727649853870838,8.991305753281079,3.420318415929259,2.279024684519502,1.2002056869683118,11.39959283522808,4.057864214141625,1.9156814030004592,-1.1641254456135521,-0.9589981672250613,-2.69211244020506,-3.5984299815928993,-3.500038992904496,1.306671279444417,2.9918990425865872,5.013577943044483,6.292132054747768,7.128896158439492,3.918488712351351,4.820620963662859,4.70495487622861,5.093703287381927,4.369559479111294,6.389436497929135,7.4136869407352,7.261845876549733,7.1612107492594905,6.854307062080393,6.227050123593597,6.123166241768056,6.324524520051035,5.5495004695684225
14.373431903099222,10.978076094915416,10.756751375695409,8.52591440374581,4.74285884188858,2.561037950672873,4.595372626923482,18.82436297201064,2.8212270992155655,-0.3180813207307711,-1.5840443413875356,-4.311600261915167,-5.21403493507411,-4.908846336204255,0.5689845411268517,3.209111926633041,3.953166708066901,5.592583648471185,5.214917794923058,5.674631199872498,6.301773883464852,8.040354666133156,5.2736674792298155,4.704932891410653,5.361357001962965,7.48935093237571,7.871007878492624,7.997362299312345,7.4710327096034455,7.241935364228626,6.9998851758229135,6.9285197679544215,5.85774250310961,4.795336714217659
