script/wind150m.json
{"header": {"parameterCategory": 2, "parameterNumber": 3, "lo1": 3.000054539987559, "la1": 64.9999836372058, "dx": 0.5, "dy": 0.25, "nx": 34, "ny": 52, "refTime": "2026-05-03T04:00:00.000Z"}, "data":
[rows 24 to 47 of 52, columns 0 to 33 of 34]
-8.279011320932367,-9.39893173748435,-10.38565762420696,-11.086687757177334,-11.490555683825546,-8.2913955249072,-1.412243616240298,-3.4807805481167637,-5.028926141530616,-1.73915471701264,-4.995677881897842,-4.835938099329497,-6.967923720877723,-6.9239523361677655,-9.892702429504476,-9.164576001690568,-2.609988147197465,-3.136124812327364,-3.3482246805043077,-3.3078236136993593,-2.761818040236644,-2.5392729133345657,-0.975551078754966,-1.6249595831322763,-2.5128973891669606,-2.1514097200037594,-3.2921373562322187,-3.924381424805709,-3.119050480719874,-3.6901039823128574,-2.427807415307683,-3.5543015441109183,-7.803099039599251,-7.960902074463443
-8.022918174655167,-9.230816278059748,-10.174695575422076,-10.840647581919379,-11.142354654589688,-8.743434873858552,-3.226841158637912,-6.121708865201077,-6.3901482213993095,-3.48696511974481,-4.024185884282138,-4.771549582329592,-8.087165254990765,-9.011678597621115,-8.169892112262328,-5.8260337956294626,1.7473205609022229,1.3903405699202156,0.11665325075275453,-0.932696509891814,-1.9010150228964415,0.0004345994289888923,-1.368065411564329,-1.894456222388058,-1.2811714501693472,-0.9226486175446246,0.08287400797391174,-1.402828418509404,-2.006574920857815,-2.1654094061240694,-3.649836096557788,-6.242564178307137,-7.283857742084208,-7.750213442122005
-8.028813406743824,-9.25503014268363,-9.90934336827326,-10.576954462906906,-11.469858007439084,-10.874154887758351,-6.079943503061169,-5.673607944688643,-4.098141350201737,-5.050296857150807,-4.180320442043224,-4.628818118323853,-7.294839262727547,-8.228882463486576,-5.523856482506652,-0.22812113265555442,2.3532092903956663,3.7623938364488922,1.146816962858003,0.5030587886523811,1.041531736364983,2.5350304062626523,-0.22458983354243456,-0.9556805656662988,-1.0225570148118477,-1.7546819722950655,-2.107226089647917,-2.3271383016815106,-0.8516136948681482,-1.971225995754699,-4.024272745326217,-7.987924181634217,-9.850072508623418,-9.017278126480228
-7.764395341564241,-8.809625993568428,-10.098320680513105,-11.135091209129557,-11.845234963003564,-11.346453627654828,-7.284194545352739,-3.7692882859322783,-7.166727158773448,-5.920544157518363,-6.311221553976007,-5.642408373214985,-5.814960304714101,-3.512270075479764,-1.103745895243714,1.7761940794073228,2.7628993116124803,3.715556944170008,3.0668099693519344,2.3755445195228426,2.804874370117113,1.5408763030729429,0.6336859180692942,-0.6530368401087057,0.23334486184780343,-0.015492908578226942,2.387185845663149,1.75920794309725,0.42689811063314,-2.800286030463941,-4.348277148699677,-6.3355156031519275,-6.546317718340218,-4.627235062202339
-7.966892938431685,-8.814976550441687,-9.723977463231892,-10.615679363535046,-11.110615191520989,-11.485994891511575,-8.108828934124038,-7.0328157891880325,-4.99225100956248,-4.18612561779806,-4.150810858203827,-3.6969399641500003,-2.834449822481487,-0.6302009391631389,2.2343921562702014,3.5552712999118206,3.6669220704436847,2.9418556547197503,2.2115496898621627,2.266715843186692,1.5575624381691362,1.9723198208223118,1.5257722421444426,1.809388345984608,2.108816523988017,3.5144470281200153,3.2032790545057805,2.8107974229842956,2.001914436513755,1.8374844349350776,1.2128489545498464,1.0366698715251894,-1.1182547591532157,-1.4394965284656254
-8.362686070589621,-9.131716371782955,-9.635626773626898,-10.479942873645749,-10.413105147022765,-10.270995683154391,-8.607242186740535,-6.873014211882673,-6.699330862841108,-4.431771649722188,-2.64430972213782,-2.894228568661383,-0.3166846764451059,3.2024967007200664,2.3710900300173052,5.436505016110562,2.2843834187793046,2.6929497921656464,1.304781485170769,1.4399169693205156,1.6614706469843832,3.014812321613138,1.621001615888895,4.034481904707081,2.282001017141662,2.2522648347629914,2.4549728195064726,2.422677513179964,2.1745479751576937,1.7264853081417244,0.5673986488031887,4.969521790246342,1.6682217494265312,0.18013246447940504
-8.496001567883058,-8.725031274953997,-8.653841256302874,-8.933603018639143,-9.44579402175263,-8.475677521600167,-6.474528642080445,-5.1397914420856265,-5.299163633389197,-3.24850758427889,-2.324774368623462,-1.2297032790741167,0.988645042655413,1.792254400999462,3.5961606262055774,2.5821082129198194,2.729288828938915,2.427272929450457,0.7083840015227536,-0.5954020557959105,2.2026372370537666,2.284795995416775,2.7230871570242954,3.2920427762714084,3.790624984609519,3.3792368155753656,3.141068285854578,2.5960439346009303,2.0361248897349187,1.3567043951245772,0.23310450440546232,0.5277455481739699,-0.0761147824340146,1.150385209319329
-7.892873060620016,-8.241579341013782,-8.72688304515245,-9.118502981208,-8.720219268991762,-7.435199181285933,-5.923591164193665,-5.007879639166342,-4.070409606008265,-3.7888066665768108,-3.9951420654331855,-0.95002419556635,1.1126579888504338,1.8165118354333636,1.0858761053780945,1.6560992739321945,1.6070018303412914,1.4689853319448243,-0.6447327757041097,-0.11866896884075455,1.8873198626993573,2.2540715385600825,2.947804445012656,3.5996685681115554,2.8804261778905498,2.9224330039955886,1.4175710469985257,1.046004729725473,0.35247870059493064,0.023038543581772004,-1.0341252622423351,0.4856438956894649,-0.9583695519989955,0.9018674403259843
-6.9114041161012745,-7.412783643283048,-8.398616251215714,-8.346946621052076,-7.621907849335152,-7.058844669024375,-6.424306873620956,-5.497415663153798,-4.672809033880608,-3.274115145374801,-2.0657100463277636,-0.17616227464355946,0.8367977680166613,1.3246327611500648,1.5610916910224355,1.3006505138444362,0.7222698868237879,0.3756697300167788,-2.2168536442542535,-1.9076162015228244,1.0854479380580617,1.5267370710386585,1.7406655307211272,2.2617292388435257,2.412942763965523,1.5608724772395515,0.6275177846014691,0.4328438397002897,-0.9313948224111128,-1.9570753627170043,-0.5434576817918682,1.2013764905117696,2.8198438749786265,2.667094917340033
-7.411537293446388,-7.6351895156848855,-8.362602070993036,-7.468240124302848,-6.849183951450165,-6.564832649040502,-6.130758630621577,-5.258672145602917,-4.076131668692942,-2.56723270947219,-2.313765930321768,-1.6674263576983632,-0.38331319399776687,1.032728601529205,1.041500502831708,1.7961560224437472,0.46107686231754474,-1.2348955016109349,-3.4044663417983037,-3.092545041894608,-0.27362171288786846,1.2013847773658155,1.683860562892907,1.7641210954952962,2.239674314652155,1.3042846661303218,0.6448969601793032,0.9092690686291611,-2.158229112928245,-0.6209451576031114,1.0262774859393575,3.584445265734407,3.604311119049409,3.789541106702185
-7.517496662139519,-4.955230826962839,-5.101816202312069,-6.0978726202222,-6.797105550823147,-7.044307877206978,-5.334758037248656,-3.6837806186994033,-2.9787863825992655,-3.6265772481798506,-3.0190845677196614,-0.7856752209929804,0.36660166513584264,0.7715952448859513,1.8495598093651315,-1.334966566616172,-2.0303711360576764,-2.0317569981985577,-2.811498560672926,-2.988043275603761,0.3267359801156613,0.34304176995496444,0.7675827720068431,1.3905913327146497,2.1697353875634495,0.5468502287319607,0.32993883599524065,-0.14769181740564277,0.63764433040814,1.6103120994269127,2.3571272345505685,2.178767956079285,3.1845713024021984,2.510153377653483
-5.980333622565081,-5.53182231163449,-6.364844437449262,-6.562513051775317,-5.508093389394501,-5.168663919408037,-4.499619019004456,-3.7475201743260764,-4.104334804678495,-3.251362442698105,-1.6449441251374592,-0.5135314814141434,0.3869579440577554,0.06039232080861483,-0.26876133941946007,-3.2006878981164064,-3.0603668859807245,-2.694173468121056,-2.9647422815317577,-1.7557026198603534,-0.5575256041068337,-0.4959983934309474,0.1315693979798938,0.1359122997473737,-0.32817150930777794,0.09495823773155024,-0.1588006524979553,-0.6843509577124397,0.3085382874893021,1.7236290325622599,1.8395838440381502,2.6321704266829395,2.395532942195007,3.561625787935624
-5.037405665792234,-5.622990430744037,-4.638178131864567,-3.725295239302754,-3.921427252298968,-4.163048648095228,-3.9721704518737226,-3.3310847646553845,-3.051443303001567,-2.6290945579836036,-1.6138205682124132,0.04762832510435861,1.064468512037575,0.6826948566222927,0.24757522099020324,-2.7387274107435835,-3.3678935588616548,-1.759642123376872,-0.14376737019921101,-0.8629699579455171,-0.6407055693280301,-0.0008939526957954105,0.6303746898172854,-1.664343300736522,-0.41561103926396087,-0.8330764033233561,-0.8049570786652924,-0.6017979999621609,-0.07009925008591776,0.8398910312669209,3.2779160541007855,4.181230061230723,2.6490404272337558,2.929627301574625
-3.9823713984562956,-3.769983411364222,-3.8829103269802365,-3.899964308205375,-3.5126921647282456,-3.378410170376096,-3.2130605782842383,-2.9361709860295258,-2.2796296176136632,-2.088427560203566,-1.5472499371751778,-0.5464315562409301,0.04718143347818534,0.6730435232195643,0.403563011395315,-0.5681769305231973,-1.8469217270559837,-1.1380092557549142,-1.0991278685749772,-0.8839082823142002,-1.7331698697106903,1.0865015428225184,0.6923417123805132,-1.5060505706622858,-1.1227831090465101,-1.1082363362114038,-2.1260988987375415,-2.153134552382931,-0.9528010174526425,1.9901412419956703,3.508119814638398,6.544250104128444,4.765164746477586,3.4948907509505043
-3.385251065063303,-3.5956942694391616,-2.360661329492075,-2.8793307595300837,-2.8112197219692536,-2.9610030905358067,-2.982428911028912,-2.692380421618328,-2.5183835337596348,-1.8545487942572054,-1.5427427026983735,-0.7038969342210061,1.0832766891112553,0.4627011001910836,0.4509372056352344,-0.8127368009831198,-1.4298564878912854,-0.7538175219875428,0.14645685000645195,-0.511359558585563,-0.031743996080894475,0.5813437111585333,-1.5143854159772314,-0.5185812269119827,-0.5838610961006957,-2.1540090249669084,-2.2599071186297532,-0.4877319407121459,3.025021233270798,4.82784031513868,6.524236738573512,6.128385237859653,4.535785043197143,3.062665642054722
-1.2797992588476308,-2.3087102247643867,-2.517086041750801,-2.2738787625122385,-2.272489851978887,-2.826986093080165,-2.4692712875355305,-2.0278053850043802,-1.8525499322337717,-1.0694674335521168,-0.3190908756750279,-0.29719620264175606,1.3457335086438065,1.8646055773389179,0.8583228490410645,1.8333175899639362,3.528475126285444,3.3343111818670406,3.1232271233660125,1.4244180364443715,0.4777899115612207,-1.535374510833363,-1.2844261187251287,-0.38295244088057456,-1.303339693470736,-2.4525268850902893,0.8280204369337589,2.5189308947107083,5.572179473297376,6.593924007406108,6.752434714791314,5.541793401515467,4.1713445282173005,4.0662604996169955
-1.1903654895347509,-1.6166332188083024,-1.97397039272155,-1.942724171965068,-1.9990109017699444,-2.7540550298912665,-2.8728109662357837,-1.7655398521435763,-1.1691494080762126,-1.2559935238450475,-0.23304533156263305,0.4589276612909691,1.1018834279310676,1.3492439769608389,1.563141594162033,2.32156023761275,3.7620401782224264,6.18264529128195,4.983283366914988,2.5571743570518373,-1.3960443120313333,-2.1632197152034016,-1.6545794058572572,-1.5429372323119368,-0.27673622800542513,1.3710831130520544,3.026083759571495,5.289547299310082,6.2270444844788795,8.051271862236808,7.775556691598068,5.572261282947788,5.084302089897014,3.896273827300783
-1.0227541751799711,-0.5776550434040874,-0.7502449215966946,-1.321621726299597,-1.1552800560837018,-1.3652472313492754,-2.4550852105709207,-2.436563096102173,-1.5701178770508553,-0.9495588667523754,-1.066961440419898,-0.45106019483204673,1.1408967302413768,1.3968109670875966,1.9998717089771991,2.3164133896970456,3.844017084246089,6.287357121831134,6.134019009952281,1.5083708671058125,-1.3296563209095484,-0.6147950118388,-1.1876202245015588,-1.1604018322250056,0.6821936251332544,2.9281585418614404,5.005350867216764,5.288996095180961,7.4402655739509935,9.164207991632335,8.603206220765085,6.540221816612345,5.099770610216236,6.141184955575744
1.2479520036247125,-0.03204112618732167,0.8673880329244749,0.2251935578081575,-0.1554140019404408,-0.3582193887254142,-0.5882270465436227,-1.4812542545883813,-2.985944450293425,-1.3823849478899273,-0.39985041179283204,0.43469111399880894,1.70691819321687,1.270203067791219,2.1209108378763943,2.9322991928247393,2.1004514493810813,-0.016671452759809104,1.07673615627273,2.7500792706132784,-0.17626394626226674,-2.0041803156031897,-2.0764777351020527,-0.6258718442892887,2.344000191304577,4.898372283176469,4.8921211013864,7.543365234003781,8.93388988190527,8.347719157329776,7.322908400165587,7.295770470806942,5.881657613891031,6.969966902766787
2.651770620977886,2.8655958035045592,1.0292200128217095,1.3258926949783032,0.4730059808175987,-0.24532279587871592,0.10965104181000399,-0.9393430031069023,-0.7812397747400706,-0.4062085091212252,-0.5548274445799483,0.6261277110142648,0.7288776169570045,0.497971245741973,0.25149015873196173,-0.10999289471876784,0.10270537145929608,-0.3842598196015739,-1.3451749634241075,-4.532250042187765,-0.8085057411106775,-1.0424909226096741,-1.0839882273198282,0.7888883533354861,3.7088563337246567,5.31401006388461,7.533104207649477,8.44821912851639,7.823714354983221,7.736226619699289,7.566752628097983,7.592725436633145,7.977985133912253,7.356145442316802
1.0107618671560017,0.45913102921964444,1.3238323488012307,1.0180642786619436,1.703188544724106,1.7914118947702022,-0.7413920929852904,-0.7289545099349305,0.9308290381617006,1.3102997169291921,1.234532006053171,0.8373132134870754,0.7241859922023216,0.536651650417252,1.7580160561963687,-1.1706917290498333,-1.5966973854707123,-0.5220855263996569,-2.2365940930709467,-6.95007676602707,-0.23356343600684992,-1.1676851479419628,1.4124676888339487,2.541320108183642,5.2610556396549315,6.026106813556497,8.459114409886299,7.950931614284005,7.805899139913127,6.882091226778284,7.092815926126103,9.112284405111259,8.615698777792138,9.114435684777797
1.281635046183056,0.8499901867465449,1.8957265544080082,3.58696588381802,3.512629849219689,1.6911772952106805,-0.6559275372834168,0.5751552657399003,1.5550216197088862,1.9499263452702664,1.8446117884439002,3.7750410076201417,2.8170179478435022,3.856904871320837,3.0279696699246608,0.16235901550457466,0.38833264814357327,0.7561212769807066,-4.6847759946828385,-7.512695390615194,0.9466861300397401,1.2480184402944559,2.47394900458143,5.093810751376336,5.251665079772731,7.268214666442337,6.14766931750476,7.134469945521205,7.36174910899178,6.042112648461911,9.471701305064878,9.552917588601725,8.921791704132175,9.765605005976928
3.3173253490129624,2.420698028242425,3.3900883957647663,4.527324841044392,3.2936516408833527,1.6576018643797648,0.13025224467911142,4.163561965213916,5.766982289215804,5.2696647265774645,5.031261616167171,2.357709856412796,5.284322701677583,3.1205552110190693,1.7235620445372675,-0.31753001579638607,1.9513395164228298,-1.3261167489154924,-7.048051328517839,-2.352237945447965,3.09694086466528,2.825925977761157,4.191668751169341,4.097612038975559,5.1006151584873525,7.3491228164148605,7.908701785065674,7.867113137102171,6.851394343596609,7.726402919819465,9.557664447660905,10.66183200684038,10.891836460580542,9.334911088164533
4.7931512271351995,4.202307878428992,4.237635664046452,2.6943724227737778,1.2309150457524571,3.9567531821695776,5.262645466925597,4.595701472633748,5.309746338729745,7.474885358307609,6.947904281925962,5.774382351309213,6.396196989583053,6.421826331727904,4.402679856884022,4.481734538129715,-1.7320904330682896,-5.160552154480432,-6.340067503079701,0.8914254695652999,2.956734772437221,3.6446768954598285,4.124535382225471,4.786595075888602,7.982248169948927,8.997304275506243,8.297800880290678,7.125383293718767,7.44076418902788,8.439345676560515,9.38663623069876,11.15551314809034,11.25812720791992,9.02753684211277
