script/wind10m.json
{"header": {"parameterCategory": 2, "parameterNumber": 3, "lo1": 3.000054539987559, "la1": 64.9999836372058, "dx": 0.5, "dy": 0.25, "nx": 34, "ny": 52, "refTime": "2024-12-10T22:00:00.000Z"}, "data":
[rows 24 to 47 of 52, columns 0 to 33 of 34]
-3.9306105291950972,-4.833437029330291,-4.997437614470174,-5.410635664695238,-6.486003398954024,-7.130816425349581,1.3495047358614602,-5.303302254613271,-2.497652396256237,-1.0161838831934782,-1.8782863561739003,-1.4044458213309852,-0.7918048099260985,-1.0213386700509615,-0.5703966759153661,-0.8967782295609685,-0.8947826015230552,-0.1407840879629432,0.03726414914283839,-0.8128718847162671,0.46054848512206836,0.2803170048774115,-0.25590097951639384,-0.9192553994157453,-0.5122337270387651,-0.6288012363995708,-0.4034763124701185,-0.564047241588159,-0.4050014741067102,-0.9486912471034142,-0.896666954599647,-2.5233323667667102,-3.3592794104971424,-3.8341505220120253
-3.6543089417050183,-3.8940483931880325,-5.428443652941967,-6.794478088811845,-7.602415097402827,-5.593690125227681,-1.4550229314735512,-3.096588595751058,-2.155635738754215,-0.6583902713292334,-1.9628088814819584,-1.6328331046292477,-1.2720382165818949,-2.614821833216593,-3.121602981076915,-3.223553889210031,-0.6425857062102123,-0.38772813218432695,-0.03548482692285864,0.4479442240645924,1.4610606562840205,1.1498604648135982,-0.21522885264870362,-0.9577344509343767,-0.3053999767182175,-0.13977991197363462,-0.08997385639867625,-0.6575659714240907,-2.234938408145556,-2.203536919550068,-3.8983265703472654,-4.536778200654735,-4.741335975283414,-4.602762660379189
-4.6705921838281235,-5.803170929036219,-7.0425119207075335,-7.927666809982887,-9.876958617957353,-8.189827706673967,-3.9458936575601773,-0.9077982468195539,-1.0295234761818475,-1.0498851948518038,-0.7050447094077757,-1.9949785604043473,-2.431896990388446,-1.8926189088236045,-1.134769610745221,-1.8305659595008543,-0.9430392276134043,0.25125518092467153,0.19030889135905504,1.8680648856652595,1.160953419752485,1.0367359336766868,-0.7446946929222599,-0.9726136095553352,-0.7570475732868743,-0.2633211573528708,0.4022989881977327,-0.6465090179962775,-2.7901670432854124,-5.1549489133333415,-5.585865005930753,-5.601881378782129,-4.765572168046868,-4.051641342505152
-5.623730021089867,-6.6671474105816255,-7.789982179236979,-9.539499305372267,-10.675623612350295,-11.788926153711422,-9.967323831827983,-2.0328727026481057,-0.7984173792037615,-1.5800159141815573,-2.973304293205024,-2.9407530267704303,-1.6791613315267695,0.5886322728096132,0.1797022192681572,0.053674774499147884,0.8280383766436301,-0.006590853283178466,0.7525483491016038,1.072297392497054,2.218730068809159,0.5381111260934527,0.09180611914978742,-1.078931745361744,-0.7311816084610832,-0.969233545976507,-0.9505337265021795,-1.4640631760759366,-3.34405969254622,-5.96083080591828,-6.140992756205937,-5.683281373014813,-4.737059082141972,-3.906209902114703
-7.358156760857004,-8.257081831993494,-8.844915571421113,-9.434062214728037,-11.045311950773922,-12.162406572162965,-12.38411263378205,-5.677512171041389,-0.2977580497796301,-1.7504107543116731,-3.8909427988993768,-2.150583154077132,0.7224686127448896,1.9325869721972682,2.226920555798149,1.4929030756973847,5.1742510476705235,4.728829957398322,1.604430530424715,1.2658928187271454,1.058517307922141,1.048085156401789,-1.4758712514692147,-1.0841232547258939,-0.18316918255964065,-0.9331033942184556,-1.2911916432314474,-1.57148763972322,-4.138706356673193,-5.53835673952416,-5.302779706881786,-4.157212072835936,-3.585343339152722,-3.285058438060678
-6.75263299870194,-7.6008901278178715,-8.390040452568964,-9.959630773137588,-11.284488819208402,-12.540795339888756,-13.1297019845288,-8.354029638568104,-3.823300559885457,-4.520667127709583,-3.7435217130218605,-2.6241403746247114,3.6030413025668886,3.811172585287617,5.8329224917732185,4.310869734045996,3.3269845158878355,2.165403453289045,1.7258216529436765,0.949639285421163,0.1280463019406582,-0.41332226753276596,-0.7057148515956997,-0.158766094353849,-1.2339055234746898,-1.3420524408150474,-0.9563436331996136,-1.070567767765385,-3.5414898271435424,-4.058141607519843,-4.083864855698317,-1.640689237972103,-0.09263389448818944,-2.668374769636814
-6.86448162220165,-7.268017244120641,-7.886073597989057,-9.660148474346022,-11.226834463477035,-11.601892865573456,-11.721246250955708,-9.776947263861862,-5.406639191240367,-2.0819368966438567,-0.2873232138730275,-0.47046507448972213,3.934074701336373,4.014917099668306,1.5310998893197671,0.6393742842088523,1.4927645699655303,0.857458441800622,0.11023686655287335,-0.2032646719457497,-1.071119174553625,-1.0196629719260044,-1.031886216087801,-1.5039967624418493,-0.6657528183190878,-1.2237470058047346,-0.6260738194760499,-0.6614272798322778,-3.4321815823598034,-4.012771755390486,-4.495036028835133,-0.36061651184785465,-1.6164691203463017,-3.0875198586830344
-7.426588182142126,-7.106054696895545,-8.132633982166423,-9.255320091984283,-10.514921758145144,-10.445286788037272,-10.696790883619256,-10.078471634590704,-6.8560328911126005,-3.2971486210148626,-1.55479407964922,-2.0972285556893873,3.768836781863586,2.4221232435636475,1.011737592137091,-0.6721664915334804,-0.29258548022796976,-0.4271100482369159,-0.4658866317020635,-0.41782740803825325,-1.1224527304733454,-1.2217949556154721,-0.6813062786797032,-0.5091541085092129,-0.5845375133149402,-0.9317444588895912,-0.9211124334646804,-0.8046319120109018,-0.657791750545606,-3.5738884092310017,-3.0470108553040394,0.33926970538285367,-1.69136579130467,-2.2762462520044364
-7.384358828053246,-6.958265422747574,-7.989410859745558,-8.889850590482462,-9.579570634344185,-8.853286024982323,-8.813008214302242,-8.473635979804815,-7.802494381746004,-5.00625636987872,-2.8956445383272196,1.2486347885090505,5.937495119558475,2.5931656839182944,0.9266275388411905,0.8210638831112121,1.590597223672157,1.1918542405812151,-0.48045627158204063,-0.622797077768775,-1.4933270885447802,-1.2837873489999103,-1.1592159526787449,-0.6120175404342298,-0.5879273614153405,-0.6962281010310991,-0.9513951181584683,-1.0241584681805618,-1.969107582469285,-2.7305460928623853,-2.6070349054871502,-0.9181825667231037,-1.4347793365718253,-1.259385591337389
-6.867900032923119,-7.791247318054853,-7.866565175135198,-8.195234236040209,-8.17429173462198,-8.157897143118094,-8.105410410485577,-7.943844847400639,-6.951704426768581,-4.825065638009758,-2.6108062063035686,3.7653680517380224,3.5741798589645235,3.335200590018749,1.9293243437609404,2.8171703488595163,2.740634071523778,1.7676020452768637,-0.057931915570384004,1.4843837856210835,0.020131621324460315,-0.6173620867138114,-0.6016185956378727,-0.6822344292024761,-0.791352280617517,-0.9250013428974921,-0.4582632934830703,0.025684348969690428,-2.446286719822711,-2.7694433884436918,-2.1625663080883104,-1.667540712400039,-1.1327897049222104,-0.9106423026564068
-6.230870024431719,-6.099567610535578,-6.681786864692639,-6.756658454744108,-7.209413434011875,-7.173731899172094,-6.6050677663490704,-6.425945316455075,-5.611104767676913,-4.295844354258316,-1.751246259110328,3.559470022197921,3.2310882066616218,3.277994954389674,2.376188985096954,2.715770665353892,2.47146221970969,2.004689202970374,0.3643663580634246,1.259964918965325,0.5586897941511818,-0.6478726851011225,-0.896956287324846,-0.9956099641908028,-1.3616155918442558,-0.6739885959063946,-0.35028603698270433,-0.5830145988140906,-1.9430010901077177,-2.526465323451377,-1.825311091348269,-1.1762757647807922,-0.7602830521874192,-0.5629842533520241
-7.044879090741997,-6.596042031652722,-6.6719475117080576,-6.562771881885451,-6.487805438231016,-6.462242480127107,-6.459393204631146,-5.901996109489637,-4.672956729342342,-3.7363815488717598,-1.2595775903176725,2.6873385874462916,3.5195302276456046,2.357281075169042,1.9749507916364806,1.5973770777880718,0.5137599327418947,-0.00664743351147129,-1.1865106020854312,-1.4775730517347792,-0.8222711277595898,-1.0286099131874746,-1.1987493576608366,-1.3462407071683644,-0.6773369922119776,-0.7304668520626069,-0.10655047668602728,-0.5080674386183014,-1.1653514224653403,-0.8516052691210388,-0.7277948096059058,-0.774372715148952,-0.9411177367021448,-1.1495654652302651
-5.790145564189724,-6.248479482371232,-5.902795054027746,-6.134812390960898,-5.985765410284483,-6.134173069871058,-5.8711916764240035,-5.366898756756058,-4.191983721475918,-2.9978750007771104,3.298749298060358,2.344072065510703,1.4812402749505968,1.0922194047435423,0.5689485392265227,0.7188970954662626,0.01868476605261557,-0.6049745875587892,0.30878423194099486,-0.6386330617089634,-1.7502068287907342,-0.9333280072645568,-0.7571571053071975,-2.663354798604076,-2.538285482857983,-2.4989795175326703,-1.5651395015556573,-1.2285042124373997,-0.796993548550247,-0.9939717382152523,-0.8954506259712013,-1.2151917500698757,-1.3371255472313395,-1.1387419498752533
-5.814853639155539,-5.946884326222579,-5.969659922264189,-6.020931196586123,-5.966567035125685,-5.878325638318584,-5.668317570460786,-5.0786607153789145,-4.373729063227923,1.3323954254427894,2.8029171745081967,2.0655393990576543,1.6090800168698725,1.0003029930653786,0.10872264748608988,-0.03428819733375706,-0.6972425959132322,0.6165390987101103,0.8662873970626457,-1.1533070519944126,-1.7888928803859434,-1.8123308208329245,-0.511867826146688,-2.863542921618815,-2.887457312777602,-2.7010674713426237,-2.499536578160248,-1.2724495016249762,-1.354741640457407,-1.725849583498806,-2.3581488562807333,-2.7384346048274963,-2.0402171030075302,-1.914047490313146
-5.631300470754842,-5.744221641809822,-5.685490136228818,-5.815078226848559,-5.626589489224032,-5.428251024151699,-5.005471614774402,-4.657214896724015,-0.3012379263201306,1.5087770319445701,2.6467278368529694,1.5691130240098192,0.8144682851029288,0.2184720478224571,0.25542136500391643,-1.6947020517201825,-0.15778244030782523,0.13640853723319935,-0.7309244697016823,-1.888647925544049,-1.794423000903205,-1.7617712754356332,-1.8928877882366926,-2.450651483631567,-3.3152976994538776,-3.4784347893622773,-2.796691262249392,-2.8247372350622415,-2.564736902161614,-2.522716315452954,-2.597323231990031,-2.7946049641036588,-3.065050365774528,-2.852882219969604
-5.33523675239669,-5.487756278701156,-5.5040317163770895,-5.334515916866449,-5.502100489297894,-5.231396378088732,-4.732398653083106,0.167898424260857,0.010943224213202313,1.9516192028248296,1.7974541845047958,1.532638701864935,-0.503206782033473,0.068835614213527,-0.15420103789755737,0.7561290244612812,-1.263830379973914,-0.9964808613384997,-1.1841358550479575,-2.502120056974659,-2.742992627450528,-2.8877249965350065,-2.726526773470771,-1.9877038959991729,-3.44840872979804,-3.31086442736573,-3.0545165703288957,-2.7301797437284354,-2.6318801765898483,-2.8622047353728184,-3.0378900815711423,-3.395657154726164,-3.6811094547706036,-3.154529659691678
-5.2700636513420305,-5.105364297968757,-5.15145171469278,-5.247227522382276,-5.028596081897733,-3.8141661485587357,-2.1261850865461756,-0.9521911103802306,-1.6220479565873132,0.00929879531397378,0.5069270369704821,0.565157933118092,0.5217685641195656,1.0868174882529147,-0.30378088026906397,-0.6647933063724104,-0.9807717692229634,-0.9725684600652961,-0.48607173492554756,-1.2852067115028998,-1.5993825990520925,-2.6290305629619337,-2.358572752750008,-3.72247467175758,-1.7213738936655216,-3.3199726136448993,-3.0717733573985093,-3.1754534357998216,-3.4689212196861368,-3.391779602802933,-2.8101683722638113,-2.7068971829251782,-2.7674478905696303,-1.8233667670677727
-4.746514260677665,-4.819973552505054,-4.818756007112413,-4.472228740330544,-3.7395091210432714,-2.561870935896417,-2.509228566232407,-2.7142448777451404,-2.5936010397883282,-0.8626704623173592,0.7972774561418537,0.4108434977802839,-0.12911274300507525,-0.7101531318641374,-1.2319601355474745,-1.8186486329584113,-2.4437724276722324,-1.6466737177548036,-2.8876590627284204,-2.9427098745450038,-3.0280759104665,-3.5879707331867987,-3.2936650552703535,-3.3946814588456373,-3.503901314486089,-3.303911550651963,-3.0046325487607297,-2.875895222177842,-1.452605842577796,0.7703017424528248,1.0891495062041263,-1.2762514950059882,-1.8199029932401232,-0.7540917655264132
-4.634736751299788,-4.143546686854334,-4.3377551296588335,-3.8368478216946125,-2.5677558924625146,-3.1706827847149044,-3.5461604095601578,-3.1046685671532237,-3.1146277752927567,-1.11836098704255,-0.8611322078800157,-1.5430244453005852,-2.2889662756280225,-2.2595838670870028,-1.8585729585723503,-3.0577917653898554,-3.0302677593579075,-4.66675072244547,-5.1338859314819585,-4.097795252807808,-2.3055604510173255,-1.7762045013180319,-3.5518371850353816,-3.274851065589478,-2.947599922798757,-2.9027034664660296,0.8741068704782446,0.9687764671147542,-0.5197944470044648,-0.11626730382494609,0.08726825312444865,-0.3144961322436162,-1.1585317909460646,0.01048662172760224
-4.698849337566645,-4.8160974500323075,-3.7870207997622862,-3.4687966028611004,-3.414542223048858,-3.6835401415361457,-3.598960947242636,-2.8898184780834026,-2.7314034309682094,-2.0868953124071723,-2.0168299407821118,-4.5993648837278,-2.7718233344126837,-2.217422210223035,-1.2789681308316874,-1.255891538645166,-2.1509218648038337,-5.614894924821995,-1.3186581436875882,-1.418904809177712,-1.5355391460999037,-2.96076179022083,-2.851456611955874,-2.642666552129256,0.4629730858277435,0.31571576717674643,0.12684301811854493,0.3737285263666212,-1.0487546208286362,-0.9397812151187694,-1.2858254324457128,-0.7786692875511219,0.07353916511328953,-0.6415406681293252
-5.3862538451225,-3.624940678963416,-3.7279226811742414,-3.5397859369711933,-3.880862750161646,-3.8054076210833014,-3.0455569182286393,-2.618982545705961,-2.677272766389064,-2.754071440884657,-2.237414096482574,-4.56261571894964,-2.7377299574466267,-1.9445515398758837,-1.3549255821761343,-1.428611525178205,-3.2579431776077215,-0.9333537977669245,-1.8992311401621322,-1.6842390649057233,-1.440033417439237,-0.7991892646095624,0.36115921461366224,0.0055217476290887685,-0.5399398832589174,-0.9114771100362261,-1.1954611777224085,-1.0892253409945516,-1.2119497748612604,-0.9168608985004008,-0.7768506664541154,-0.7504349846658968,-0.625468426666792,-0.988565799882245
-4.069024584000463,-4.097495045006058,-4.240802940824854,-4.478691721249551,-3.2644489518395168,-3.2565995523309215,-2.715387924491869,-2.4181884600922117,-2.0512862809525005,-1.7702829257626667,-1.5241524869417438,-3.6211708588483407,-2.3351665143467577,-2.114220479692148,-1.398315451160723,-1.4889055370514284,-1.7741250422962784,-1.526220256886669,-1.913435177419085,-1.3036119214500619,-1.0772520498589635,-0.10788432781479972,-0.07996713635815479,-0.8126269988795748,-0.8824061593198808,-0.859596687573782,-1.0296468285452494,-0.7551124217753434,-0.783340691526551,-0.9383083231219042,-0.9562130418350845,-0.9766941405051454,-1.0574238657015382,-0.9696657896297307
-4.542014928646366,-5.073062964717398,-4.469438821868252,-4.177766891371714,-3.672131650809902,-2.8719730774952192,-1.6174953314441183,-0.977122309150972,-2.0895174562728407,-1.5176518709626128,-2.172892445043328,-2.4063976381604966,-1.5361604391549126,-1.4378417362671894,-1.133413334625747,-1.1969906014854774,-1.4767605936013743,-1.1832898737041602,-1.384069263471685,-0.7638384444309664,-0.6309094880286167,-0.6590443056645008,-0.8302237116766655,-0.22783051856563716,-0.20881463410253134,-0.5877254393661979,-0.544238981522046,-0.03145177287516384,0.0005971680259443091,-0.8334647329417291,-1.3013179837567515,-0.928518212770015,-1.759181760306387,-1.4063749971009838
-5.555803347070949,-4.5444764574316014,-4.589699648937098,-3.5096029942020532,-3.153468358945478,-0.41058251212560865,-1.8011841925936831,-1.8292794120440403,-2.019227084318787,-1.8625996691424527,-1.659566884400894,-2.354654555677878,-2.207370368398803,-1.209675897434738,-0.6963723835396854,-0.770349617565123,-0.8276231794149601,-0.8854290762149409,-0.7473180410367787,-0.6169917816504026,-0.613984211071234,-0.8148921033824954,-0.8635356889535198,-0.353598735415609,-0.9353596628288856,-0.28005090978131736,0.44321848549664045,0.2484250346510087,-0.5132697766968488,-1.3396963063059637,-0.4934881554069767,-1.9783011112956514,-1.5110793188983298,-1.584068076247594
