script/wind10m.json
{"header": {"parameterCategory": 2, "parameterNumber": 2, "lo1": 3.000054539987559, "la1": 64.9999836372058, "dx": 0.5, "dy": 0.25, "nx": 34, "ny": 52, "refTime": "2025-05-22T06:00:00.000Z"}, "data":
[rows 0 to 24 of 52, columns 0 to 33 of 34]
-1.6550257746106152,-3.2339641742208562,-2.4656152589975577,-4.739796146465595,-2.7391963779199724,-5.154014036129127,-4.217030315292247,-4.324249226556759,-4.192553440723736,-4.376150583387988,-4.4661517491535445,-5.314087448944031,-6.102158644137384,-6.004556246491108,-6.068191392966659,-5.617724970579414,-4.659896560890951,-3.689763328093984,-1.0659949548818524,-4.0351706268662895,-4.895148782404727,-3.140467503042823,-5.841554283971998,-7.194729534367256,-3.1326102976405696,-2.6104374234474483,-2.050703699321079,-2.8342426821492213,-2.4344591396674677,-1.277577665223412,-2.1479493851530753,-2.2099572436130046,-2.5174743069769305,-1.9293056590117217
-2.149055713040733,-2.7497131130927985,-2.3921181922935957,-6.149838426854604,-4.517840836960261,-4.442669466492255,-4.390985579297997,-4.267689499281457,-4.129039084520408,-4.009295106111787,-4.191309573170071,-5.271795713762736,-5.352092885312333,-4.796383189395483,-5.509796466177701,-4.525072951481414,-3.999863600815953,-1.8520991053277358,-1.3723457882635695,-6.835327685977427,-2.734635412710548,-3.4569492965798374,-2.347409062262049,-5.318889460793364,-2.436536628247613,-2.8462435445566974,-1.9954884202584133,-3.5894723598573313,-2.714717072572387,-3.1209902037501633,-1.929400149137768,-2.0345248286493955,-2.2070444793107584,-2.918103286798601
-1.619810438116085,-2.3737993026275976,-4.147610771724378,-5.173129320748584,-3.436145185964358,-3.9853330985154307,-3.6949121281323016,-4.076358261046415,-4.043141058052995,-4.063769395105456,-4.435815558522463,-4.9089423949043445,-5.300457571245874,-5.275237320550967,-4.606009475476507,-4.790480784409912,-2.055140208384934,-0.43115127911104173,-2.4035091741290335,-2.078199870139583,-5.842983544849627,-2.0284729818900753,-2.265661816744311,-3.3461304865670285,-2.578347305374595,-1.7552470229191162,-2.691518734697494,-1.8933856097370085,-2.496433579607034,-3.21059103839701,-2.866699117334393,-2.317472373467012,-2.27820254664258,-2.8281170261787403
-2.139708595755502,-4.576958880860089,-3.577730254851519,-4.6260586366307255,-4.961055391566275,-3.4056645946748536,-4.042677710688816,-3.779065054418536,-4.116432601580411,-4.24880902925763,-5.052111181205922,-5.286489182995938,-5.207834711884679,-4.908640308294845,-3.906638151382804,-2.423301262300782,-1.2130488506994885,-1.349960200383782,-3.202457773056695,-1.059358495782781,-4.897133249255086,-2.0143432439681073,-6.0737231758444095,-2.254609052946384,-1.7065254021801861,-2.0433552526952306,-2.4119725792054956,-2.2968930748700394,-2.4412013277524993,-2.5614579843247407,-2.635755566646442,-2.969751748836716,-2.849360529391183,-2.7886801522173497
-3.755940464757561,-2.4360727398065047,-3.7028780488165878,-2.47311694475782,-3.612891709632231,-4.2990837179245895,-3.9056611494479467,-3.671414495839498,-3.884669546675548,-4.195937494932359,-5.239403045329491,-4.875099848481561,-4.444068691742388,-4.316519034707718,-0.6571273619637926,-2.0054620530437197,-1.413717081720574,-1.5636584489677212,-3.0739254116932395,-4.287826197564341,-4.184890354296227,-4.68563129328596,-0.9809829879278199,-3.637185147808259,-1.6852682651984876,-1.3551919176941107,-1.536818948501294,-1.1982701726365017,-2.220393491394322,-2.406277519296387,-2.310953281338197,-3.180989119949988,-2.53574614739075,-1.571499462946911
-1.5713121583227523,-2.866491428680341,-2.9665863092825764,-2.5104193780855732,-4.230241708456141,-3.9328486528373223,-3.6851373896892063,-3.6478254465296573,-3.4881618620989436,-4.068009999454064,-4.905287308221165,-4.335453879481645,-3.6408314773206314,-2.2242248313840856,-1.0795939473743936,-1.455429939112845,-1.415821621391471,-0.6606410814945656,-1.85195683712531,-3.0563317445801728,-0.1925572827552541,-2.9301866412497874,-1.7341194398673543,-1.204315337314804,-1.4427390628942964,-1.6976372633054195,-1.0515491339048637,-1.6582789640602362,-1.5917436398706741,-2.535942496038644,-2.706251121122009,-1.8137884439663101,-2.203712712965632,-2.695815139721578
-1.4611690203224865,-4.357472156241656,-4.626493587508539,-3.494019677566688,-3.87097001189701,-4.102499137225672,-3.6283742266501937,-3.3995962127597057,-3.3963388765397458,-3.749615828655792,-4.637567037039163,-2.6324504507270388,-2.7160676645344854,-0.9578400051344216,-0.6515529827320735,-3.05791643926074,-0.2773002284334981,-0.6022426506587683,-1.8287669629055676,-0.3987739900050491,0.12964959971633944,-0.08648530959942963,-0.6681538585654274,-1.2964646036418865,-1.4659707426868414,-0.9274896754832437,-1.775246104004698,-1.2667433197388518,-0.9358006271113121,-1.9543901952331133,-2.29209298574384,-2.6273377643030025,-2.6909881144430314,-5.60706792629609
-2.1856132201173204,-2.5713203730530614,-3.5910461111123175,-4.192803991223139,-4.144561856933215,-3.5713790002513672,-3.6047103550546007,-3.1232361381382985,-3.391447207519144,-3.356881920278648,-3.625271142443498,0.08406862719666583,-1.4282515129576903,-1.386239202533902,-0.03631058543699122,-0.39036226822813846,-0.5253982844692637,-0.33056533387903864,0.3525119667143608,-0.49320453610616527,-0.1792807168771415,-0.2993719886401026,0.3869253001269478,-1.0477310039309529,-0.7620782457134229,-0.6736293686923451,-0.8286760410430759,-0.9003206446189025,-1.0282741483309283,-0.988466935313321,-1.7575701775619523,-1.6189213201544557,-2.6441049103910728,-10.223261075385116
-2.735044541203847,-4.388293009851913,-4.043135520524125,-4.167991406546965,-4.085738174081637,-3.482727488057775,-3.408683895974641,-2.9366402910981666,-3.392001894163421,-1.3319834746821742,-0.7275696081334992,-0.5465301393871891,0.6479967627771561,0.05501717260695704,0.3996438367725985,0.5262911111277052,-0.033850250960785117,-0.04749933970339827,0.49371446520764833,0.4690636832113158,-0.539017294339715,-1.3282446322527954,-0.00525016579821723,-0.02146134382536946,-0.7065862441495345,-0.9580360265457937,-0.4819246266533611,-0.9213946575471831,-0.6553711445091918,-0.7999459173227765,-1.423483323845786,-2.9555805094376786,-9.217973231222503,-10.146337984293849
-4.357745473978243,-4.95414868467993,-5.404853836814981,-4.630262882799861,-4.315293166383233,-3.651666684437518,-3.4086378292102744,-2.735529919400501,-0.12499791211539425,-1.0713081740808625,0.6359540293924972,-1.8799125860791768,-0.1263176574191513,0.1299847455510204,0.47084911162875537,0.6673408429963096,-0.10322069611850389,0.3175961758188925,-0.2896369239612575,-0.7509781553239456,-1.7309380529190794,-0.15379269786753255,-0.553512240339802,-0.05836130348204494,-0.08451418862218044,-0.9094689922591433,-0.26067289804310034,-0.7343332987413865,-0.6210136381509967,-0.46164648401651526,-1.0406981760399379,-8.207687602107143,-10.21552157894082,-10.024628354634988
-5.376883289022783,-3.7947285625790483,-4.503046286749529,-3.5251922865960084,-4.837106857210348,-4.025047859035518,-2.471086820162805,-2.191981567865327,-2.494230981386267,0.6237151084896718,1.384481715398911,1.3836997923661132,0.5552412652461872,0.8576120389609441,0.2887214537379608,0.3699371516024965,-0.5560727210000103,0.5668252220273985,-3.252865028920457,-0.7190523160703883,-1.064157285122195,-0.46784350345594056,-2.1793008551926567,0.3204669376683175,-0.8589384886611314,-0.6420109324352758,-0.2827719483128267,-0.49271861366435715,0.12118738996563828,-0.45464149632717904,-3.5260394296995217,-9.693753972539843,-9.57931971889586,-10.459297495346734
-4.61393514274512,-4.123527430983377,-4.341413320065846,-3.7567493606825346,-4.270248539781139,-1.5368114931586827,-1.1370282379550938,1.0734987499080755,1.8234116139212164,-0.45880651201322864,0.8636176255451403,-0.3518327434908107,-1.6210587986281177,-1.2649240367641872,-0.0706304127208927,0.13457734429364826,-0.22227765022966045,-2.0276746817849207,-2.341416831570866,-1.285840567013539,-1.1544037204236968,-1.0716026681081576,-0.5562831392761899,-0.9736510087687634,-0.11071804482946543,-0.0951202113358472,-0.7017385982809722,-0.1641588799695755,-0.19695732133597543,0.07105498753637093,-3.639676375663262,-8.384042892421935,-9.412941320831036,-8.572653419341886
-3.244053124888091,-3.3065798612616994,-3.577988278859968,-4.97309285037482,-3.2065461480636253,-0.7384289294469604,-0.7257585858585236,0.7476500529501668,1.2462111079948244,1.6007931718410042,-2.4676813797169954,-1.745141157042777,1.7941834084254853,-3.4655731506341363,-0.22930184780559915,-0.8901267755896863,-0.9652933743010688,-1.043134657523934,-1.1724989214539978,-1.4028660646132116,-1.1885905536305998,-0.9297721405809853,-1.1988457988333183,-0.87611512648015,-0.3217464912974377,-0.528682827510129,-0.3548118879139285,-0.13719971458726027,0.11282375803385342,-0.17017842078023068,-2.4191494408685545,-5.659722319938405,-7.775608906967217,-8.34165885232247
-2.948311645874638,-1.2293740997299303,-2.6908509412179136,-3.8465608954610038,-3.5746781585464973,-3.813225808024535,-1.4851762768441326,0.4906169965157111,2.3545590750253034,-0.1661867422795784,-1.639848307331341,-0.0014200176886997496,0.31130793322841505,1.591062625230437,-3.196087846383054,-0.5549398827477782,-1.0641873626579277,-2.0125334920936777,-1.821496087711172,-0.5414386282009214,-0.11470859863481046,-2.751224804841119,-1.3153101594796421,-0.7218509780937352,-0.3564909729110454,-0.9657300152218269,-0.4930062889620187,-0.07676702563819701,0.5440468284995394,-0.8205785622406493,-3.1507678394029677,-5.043607172620337,-7.388558062770172,-7.503008664874553
-3.804976951135605,-2.362509566892237,-2.9939117130124036,-2.491166978249503,-2.190959347000058,-0.4259638843869106,-0.3562257048261935,1.5298618334804253,-0.9343872658128592,-2.5137057694455818,-1.426580299803075,-1.9803047808727294,0.19853051601865068,-1.3992784697446699,-0.20257731094381984,-2.909736168174828,-0.47182461117811786,-0.4196960687077654,-1.0855440968149421,-0.26791231381593644,-0.7288523953837333,-0.47948689244309894,-1.3386297004400762,-1.2270033615665623,-0.15165659577686677,-0.5355751987714125,-0.34401410556041945,0.20703573651825857,0.44164514052492826,-1.4001616030894328,-3.464922379716599,-4.519871487737854,-5.169645160480434,-7.175305580723971
-3.3494954012591336,-2.3159064742171807,-2.800758187999868,-2.866855305170581,-0.08443255215167939,-0.2852933121053327,0.09689883209158517,1.961406037116146,-0.7455462873173941,-1.6847824363776158,0.4785738476021851,-1.6419234648847474,-2.5538642466341677,-2.504805408851546,-0.10953201017133508,-2.143069639517439,-0.715033269821911,0.24208692599447143,-0.8043200107649418,-0.9994721948721839,-1.6919682207472297,-0.8523643764947659,-0.49988635558814837,-0.8067251768107276,-1.0027826971938232,-0.4502637421622666,-0.46899212239514104,0.9732487047300248,0.30610688544876036,-1.9278011076987642,-2.8387569645145994,-4.299626491124483,-5.254326768175257,-5.868586627622923
-3.6847890238252408,-2.9910164318516697,-2.0132121773098426,-1.6754813077707331,-0.31220463371013896,-0.015983128298181812,-0.39831926675203044,-1.0164227104008101,0.5135978844115567,0.37067540583880826,1.9344183066453389,-2.936448641982376,-1.5223198651452339,-0.30128225136872167,-1.168024191862217,1.7520089797326126,-0.526815693454201,-0.05106347731636227,-1.6638259983153327,-1.8772306120597686,-1.2474320559069012,-0.9878665304076667,-0.7256415861928789,-0.5019148355318206,-0.8047217399425823,-0.6249248175142949,-0.923373344461289,-0.5692603546165678,0.15896742785883172,-2.3318205462174744,-2.5732305942375944,-3.647703175271057,-4.371406550637165,-5.026974795186694
-3.0185936880684565,-2.690297939788434,-1.9346802076174712,-1.8740173582271054,0.4305214199462944,-0.41348695410509156,-0.8664596587163081,-0.2742288291990395,-5.209589747651254,1.545896179326103,1.5689798241162904,0.8634175930942858,-1.747474400336023,-0.8422056767665509,-0.7914875859567693,-0.32111195809517645,2.197787156104152,-0.3851568432344377,-1.1810239043517312,-1.3350007623556197,-1.104726734443004,-0.48492615699066793,-0.6294733278834774,-1.0437720024976511,-0.4988116377738424,-0.653662846157134,-0.2781374473227869,-0.08952680952074192,-0.3547718806375612,-2.1305897051809763,-2.8440053588440053,-3.3026286007346597,-3.9365273399867027,-4.33912395825052
-2.9671873868147736,-2.518875335679978,-2.3398841065839635,-1.3701011639760223,0.26318503006081834,0.7076489519544056,-1.8070490638284025,1.337048459368462,1.3389508600011486,0.5055397529128899,-2.4399255554527786,-1.4257484459080658,-0.3318845627249282,-1.6650617734769546,0.14740821938632817,-1.3375603971707495,0.042819922700821494,-0.8062586420946711,-0.3846198650127309,-0.9497914982124336,-0.8181411079525056,-1.7090603127428479,-0.81108893939226,-0.822619974363327,-0.41480887551793155,-0.29181198489505983,-0.3936016781372338,-1.3703867095956923,-0.6907115970671616,-0.5137022999106206,-1.6292142919936599,-3.1933715921745085,-3.611601836167036,-3.694673021258787
-2.8609745698361033,-2.332596241505716,-1.8191431764106791,-0.7685774257428961,0.0624048139080465,1.0771621205564725,-0.7058004966057603,-2.952286872913377,-3.0945845919742445,0.7197759763595504,-2.4637732060890145,-0.6775721254178839,0.7933356303463936,-0.975725688356092,-0.2635144026304067,-0.6383354408315209,-0.7681215326764164,-0.8760332775670601,-0.13278895895824144,-1.227484490551416,-1.052822500406807,-0.505713835175736,-1.2482120729937418,-0.6580734325199142,-0.14848956259760862,-0.19972169537321607,-0.4379328204826026,-0.8076535740051951,-0.6495302945198981,-0.12355991198081938,-0.3199421148003675,-0.7552858941565395,-2.9423368905000897,-1.2369732472289616
-2.407807469901149,-1.9984153055370177,-1.859623816781754,-1.1060426341954155,0.2647746652217281,0.9494429207552408,0.6904236219477475,0.7531129277052276,-3.6728863925682607,-1.144906610074888,-3.8146517735629297,-2.2772833571129842,-0.8437346934646529,-0.41739216265306195,-0.9705139911737694,-0.8454665018778361,-1.1584303726607794,-1.0295427729843059,-1.3633226027291658,-0.9907918208244415,-0.22003282336928812,-0.8091812441865583,-0.7281876057419385,-0.9930284705303771,-1.0598491284184417,-0.2380837819033599,-0.802192443637968,-0.6517421826920529,-0.2696274671724243,-0.06971203855173533,0.012985019617408911,-0.0799219632401835,-2.0506938950167486,-0.9694430186324514
-2.0318554020226958,-1.9341903832712046,-1.4065428242414113,-1.4742972152242997,-0.08301253370260507,0.3159958767283053,0.5296919262735131,-0.6784380856861126,-5.101209541733593,0.23663623772129688,-0.5099162428643798,-2.030422620072202,-0.09498434776669498,-0.4680158602046601,-0.3766914561045793,-0.44043607839143345,-1.056075544473915,-0.7633066098584917,-1.3409988748857904,-0.7168818791173923,-1.5732374546205146,-0.3526613905216004,-1.5399719053457341,-1.0929125844205438,-0.2676893878738413,-1.3946970376716143,-0.7893775892457126,-0.6261098259177597,-0.5931157548122148,-0.06612552960763005,0.004822702539782294,-0.014156694245089588,0.4353637477796534,-0.6424591108006867
-1.9088256136310282,-1.2012635341822027,-1.291701359028755,-1.3702727488978932,-0.29923461541195134,0.5862270932256577,0.209429680566183,-1.0380840051476152,-1.2921496928156324,-4.98600264765141,0.7135369540753591,-0.6614488255794914,-0.3416507161153222,-1.0528352077519816,-1.0505714721884587,-2.774862591967384,-1.045663748384684,-1.7940725380168585,-1.252910258302952,-1.342317978644335,-0.9882070030705633,-0.923056255856624,-1.8357865628787784,-1.9493444793175967,-1.2261897874884065,-0.9154730222719811,-0.9623792217014178,-0.7633738307861998,-0.06244000933372587,0.26097457998693485,0.5163196413071826,0.29932637713641536,0.9887458204061076,-1.4377846668362901
-1.3388462036272484,-1.1987381302399684,-1.030397814602793,-1.3065563530569755,-0.6688800405746943,1.1514151990060368,-0.2379818731379104,-1.4921266619743814,-3.8632096679153736,1.253147159623373,-0.8154980666143237,0.28317179364318995,-0.42872209647333376,-0.6021456788307019,-1.101459398636052,-2.2110648292370554,-1.3454826963169655,-1.5095325299816562,-1.3638614136885465,-1.240762198040126,-0.9285854250633542,-2.334175617503697,-2.2058378407763324,-1.111523385620998,-1.6962016854026252,-0.7342477240901399,-1.311741483004631,-0.2998360055870908,0.42416855478853444,0.609119846821383,1.102784620718684,0.7244979443288604,0.37064293262624814,-2.3126708797859963
-0.9581631750620545,-0.8186001984643237,-1.5232632361217844,-1.0850735378125484,-0.7360053227456189,-0.3679029079617472,0.33815408865061863,-0.5387161776589864,-4.631565479473225,0.1619325760910554,-0.3485590024017848,0.5515241708915116,-0.08791108584470607,-0.38917109430554436,-1.137615197023023,-2.9970250122592423,-3.225111514292266,-1.9518280098799758,-1.6814599638222618,-1.470998652586774,-2.2935554856491867,-4.690951065405494,-2.0061239920719403,-1.2312502919915875,-1.0605660118977875,-0.48763683608223907,-0.3817862420360407,0.0392041515388959,0.5029835919099014,0.9603198588765703,1.3105732352119555,1.8933634534902155,-0.23751423689089282,-1.9973923557674156
