script/wind150m.json
{"header": {"parameterCategory": 2, "parameterNumber": 2, "lo1": 6.000198445256149, "la1": 58.999992894266676, "dx": 0.5, "dy": 0.25, "nx": 22, "ny": 24, "refTime": "2024-03-02T14:00:00.000Z"}, "data":
[rows 0 to 23 of 24, columns 0 to 21 of 22]
-2.120113746772472,-5.0444511640206775,-4.782543697233088,-2.191254485580744,-1.9389584641950424,0.04124189803807233,-1.3650765918220789,-1.4947572190372902,-1.2505529603910965,-2.8537145975350477,-6.0834093647244565,-6.036744339667339,-14.021417666211553,-5.041287295507043,-4.892891181284914,-5.7738181065302205,-6.154049704198596,-15.071558224552124,-5.6800632988472985,-9.521475886089693,-5.578827006386349,-4.239884119248394
-4.3728564509387295,-2.7151268570779936,-16.062876957933906,-5.478467477817796,-2.7328862105661598,-1.7250542036008965,-4.040225261460125,-2.015770174700567,-1.831285063839661,-1.2356040677513855,-2.7508122408297595,-3.550883713629832,-4.50521933971285,-5.615630064340593,-2.601851901657941,-5.409766597830041,-2.4523193255524336,-9.319310320739916,-2.5577374618758317,-8.929089569524294,-1.7691711806968007,-6.376690315126728
-9.000734568447646,-5.481441748599453,-0.9884191520346974,-6.333126633849884,-4.972982155902553,-3.3650301768981294,-5.586006093908516,-7.677645348680097,-8.081005005882234,-2.695109282107448,-3.0907914858198957,-2.6929958643386933,-4.426214180913722,-4.112825611385656,-3.280225166103847,-7.377885584968698,-1.9673564501520349,-4.014139847261974,-9.166074787007883,-8.903631693169103,-2.366768629641994,-3.6922423860831493
-1.1127212745196984,-2.2227622570559187,-1.4129195183509244,-8.244007124921188,-3.4922126304686345,-1.6884723214722452,-3.598622972972653,-4.253261900113562,-6.434284397165902,-1.4682630658087974,-2.1873881311633374,-2.965458118633937,-3.2958899615468336,-3.0630881042078943,-3.344590816541731,-4.596734848903967,-2.535623884562388,-2.54107712322638,-0.16355703126872412,-4.847341421088155,-5.871115665660213,-2.1199410099255265
-6.062521094676804,-1.48777501693025,-5.704317335499628,-3.59913157801983,-2.2582729594789437,-1.132633134772726,-5.872677152279502,-3.964450758026158,-3.9516101614653434,-3.324980091551047,-4.017391874927811,-9.375279565407668,-3.355676957825821,-3.5619625864158917,-7.9805709740834585,0.19189295318803645,-2.6355299319335748,-4.4025322731419925,-4.665064903486825,-4.839254530498443,-2.845563211632223,-3.227901314435564
-4.365148605026403,-2.7144700962092534,-2.6869787409010706,-2.442001036051019,-3.6138930927715998,-4.874536602945135,-5.7899602362524325,-2.413997717959876,-4.50380517526886,-2.5634946889465136,-1.6717487305259904,-4.812977969546292,-2.7870438439271865,-6.2529752118788675,-5.970454692205601,-6.556559767869912,-7.331065500223987,-11.046675122912736,-0.9097909453327665,-5.096612294569053,-2.3548403752886213,-2.3926398216552216
-2.467240724770197,0.49283733294017423,-2.1319624593665933,-1.3629524576174379,-3.028136024371335,-4.468818083133917,-4.4823493211374545,-2.6074782848147198,-2.410220499791226,-8.510051589569592,-2.3035814132914734,-6.064765446674637,-2.3349027162226217,-5.01568670518371,-1.3745145904984764,-2.812392157980357,-6.258437672336467,-3.4849756046089735,-3.061291323112824,-2.1294228495952336,-1.4028361668331277,-5.253077824641894
-2.571068226159426,-4.078279416397951,-2.163819199980986,-3.6680224714653713,-1.0573867348696355,-5.547658073740652,-3.374387396934652,-9.087174585580755,0.5836299931774133,-5.177465877579763,-1.631612315579047,-2.215001149318175,-1.662819677431334,-9.096112440469957,-6.149633473463737,-4.980000271559983,-3.0552607950783095,-2.047089759150986,-3.615741076995481,-2.6067788359488113,-3.312873758240567,-7.090580690398284
-2.1153830250951215,-2.579520993163341,-8.695217236191837,0.14279419624779727,-1.5734459154584355,-6.530369088662543,-14.710044331121875,-8.434655129411132,-3.7951346959190935,-3.410993194832468,-2.4765185636086,-9.264701342467257,-5.593887871144763,-2.940179283902344,-5.790175219800126,-6.4793164899614775,0.44037523051038385,-6.734351085523206,-3.8309706348942885,-0.7687140766922635,-2.455645606839654,-2.633973594310733
-6.259107776271144,-1.4459350195965404,-4.919661538603563,-3.834889441899152,-1.8406434476787386,-9.565021418298912,-5.921815787934238,-4.07738155966625,-2.9472559286861895,-3.4727090415854716,-7.554496661892863,-3.610664893577052,-5.62577495084181,-2.822073340903725,-3.3724567334625055,-1.1955696350006852,-5.404634046712824,-8.492249472366465,-2.4325527025950158,-5.896810926116795,-3.837608033824589,-3.9525605291251686
-3.9243904347501677,-1.799711403852576,-3.5799807009824987,-16.84073645999966,-4.591304346770405,-1.3559345078466678,-4.358509702376676,-2.0747146345220577,-4.2635447093147985,-5.128190465384705,-8.773339801604044,-6.876816290609099,-7.800884097556732,-3.886858098781153,-12.686194559292122,-1.9781413718046803,-2.354406989669335,-3.4949788761193057,-3.5850458400670275,-8.00251195456877,-6.1971660136796665,-4.189807152845996
-2.3665455605821863,-3.3927671746902863,-2.675485261313787,-6.531823882496863,-3.620404574532792,-4.421967041843492,-2.643463383940246,-2.0946258273164142,-2.186890090225424,-9.145019241950294,-4.874050864059652,-5.653513900577823,-4.64656302404995,-1.6670668621019507,-7.166870788817505,-5.684808712889577,-3.038353570242891,-5.218237803777852,-4.253490014081025,-1.105276235737939,-3.870742303592886,-3.4541467436678235
-3.4911042946674424,-4.906903408895907,-3.468159081901357,-1.9999944293056302,-3.657574910538048,-8.911513628355525,-12.679658293421669,-4.775262361978881,-8.426253916565328,-6.646842325532514,-2.746585936889147,-4.653569581950743,-2.651518036058351,-3.1019714486836802,-4.1906676677867045,-5.61398054010903,-7.177855869764768,-12.173656911682734,-4.454857158632275,-0.8471017664694739,-3.8183579288367717,-5.838039947073144
-4.753028798732134,-7.292430509238015,-16.897772574895196,-4.5769848599055525,-5.85764273757193,-2.251248669717756,-3.011754783965427,-1.8367800761167623,-4.175554333940656,-6.616845952715881,-4.907128245608228,-4.040646470171974,-2.40565467906702,-3.5805609662865594,-3.5875542768476443,-4.0648310353073756,-11.623634230783432,-5.858939483009505,-5.217879898026477,-5.707211445611923,-2.6640583988939297,-5.384143958601074
-2.5168142791040076,-4.604060904939893,-2.529083398974677,-4.397573248294716,-8.522844907596316,-4.022182457116854,-5.509139080396409,-3.7113090206522705,-2.0037011389774833,-4.237926927076318,-8.022591071708876,-16.55733477411608,-1.746632728350317,-0.029695498873126332,-6.225444856924048,-2.69583462938991,-5.505070391408055,-3.3212055543538,-5.7053171986094044,-10.724672167344146,-3.9892635867596966,-4.794892404857014
-6.891786752673051,-2.2878467232137347,-0.9020320964906867,-3.0512441219674256,-1.559313201475598,-3.2083702845997837,-6.2900576744849825,-9.333860817046462,-7.393541949415401,-2.602918678831467,-3.3357338922387245,-3.095903305505216,-7.674697868833906,-6.33048358446777,-4.191439809346277,-4.096498558847993,-1.5563300184902749,-3.916139673825496,-4.699093927738928,-5.7208989213350145,-3.3468450146953517,-4.945288611355463
-4.03451327894967,-2.8866488219004713,-2.1031443691236347,-10.211319982940328,-5.303884604276223,-1.533858919261119,-2.6785497298945167,-4.538242917238622,-1.5347446691693276,-1.6680543274906754,-4.291975555901694,-4.371727577265243,-3.7765566410279523,-4.042532668497926,-3.0932159125874743,-5.15630182867567,-3.668773196149857,-1.2865641236646381,-2.013803881447799,-4.804369591562584,-5.899658914958942,-1.9509185970456813
-3.221135480176803,-3.443759700916114,-2.061273622900042,-0.03425978784326784,-4.49620890533554,-4.017358278564706,-2.906017834605087,-5.1075478792663995,-6.095255199443178,-4.523704988082646,-2.2851273479545156,-6.753159330934553,-1.2835023689902372,-4.499593469940536,-2.234287007421655,-5.555230397863237,-7.706985382119435,-5.8475459888535175,-2.547321749164305,-3.3405253491347233,-6.032264418499245,-4.019861216783986
-3.299041824198141,-1.494480039480216,-3.8128246492902647,-2.320907221228102,-2.221629970942413,-2.3780966919760274,-2.5118499707937567,-2.642329011146749,-6.739398421453758,-7.123543953163943,-2.3773959634109127,-1.7593155616754426,-4.278284166172804,-3.101111511360998,-1.7055648161169736,-5.906080016131577,-3.0010414872500277,-4.775840784054326,-7.791930203283064,-1.2021479409321638,-3.444233119881207,-6.242022944147607
-3.3224938460148254,-1.9111970506409353,-2.2150655168128077,-2.0340650667205784,0.6272295408311368,-6.1589693688614995,-2.6160324010049405,-1.0387890166167577,-7.7368018354502786,-3.61612082277475,-3.9273073461172605,-2.4349782089011796,-8.689857838730365,-2.339020036832153,-7.079530349003447,-5.291152511049717,-3.179097837898785,-8.288169631714029,-3.076520884841687,-2.9315262165014477,-2.1045425174875025,-5.2493438841471844
-4.086442022363354,-7.662511117538675,-5.706656098506386,-2.76748100386481,-4.877332411993449,-6.737384036859967,-6.361994505403145,-1.7447510458123359,-2.268549439912243,-8.0927054365604,-6.615998130245564,-9.237830287513397,-1.0450864794699772,-7.969105575229182,-2.37547944848062,-14.129580472158011,-7.85131243141123,-1.6758646137663118,-4.8410901055385605,-4.350385113898463,-3.4551333980849606,-4.7900844521311905
-5.96423997345259,-3.9057236696232973,-2.556343378528043,-5.25672575751069,-4.58725705616186,-6.214439389217443,-1.188541773221017,-2.6287506487474865,-5.2696874875139414,-10.75557636794604,-2.9097205553375503,-5.1952257970121,-4.72676303644444,-3.7938844561338634,-9.33663100791163,-4.509567976264979,-2.447928918999493,-13.706671489316518,-3.073795169560217,-5.271176738840387,-2.274613641692528,-3.414782238049952
-1.745605159652517,-5.799195302907032,-11.219466504804235,-3.259505199489017,-8.052225667617574,-5.5210662268218105,-5.799686145187675,-5.244993965339049,-1.784333939604515,-8.73490553733888,-4.195524545832259,-4.643429737983727,-5.881104571741345,-5.361836006243158,-1.0368928183448198,-1.2617412686332958,-4.09272599080355,-3.735712162834166,-9.057890309037656,-0.9377343338417893,-8.954468990906152,-5.3518427258800845
-2.0808364658834204,-4.9919609281800765,-6.047127839703194,-5.080084408619094,-8.984173000542066,-7.489875641775182,-3.0157645895690717,-8.732170674784411,-6.143688804904954,-3.115148301493016,-4.0197041340232245,-5.528695354053154,-9.771671220146677,-10.581239178289756,-3.6500598373056112,-5.399769958432647,-4.1587117021200894,-7.16359802826473,-3.0330982010990835,-3.678048131994958,-4.741612408524553,-3.7928210480548463
