script/wind100m.json
{"header": {"parameterCategory": 2, "parameterNumber": 2, "lo1": 6.000198445256149, "la1": 58.999992894266676, "dx": 0.5, "dy": 0.25, "nx": 22, "ny": 24, "refTime": "2024-04-26T22:00:00.000Z"}, "data":
[rows 0 to 23 of 24, columns 0 to 21 of 22]
-6.942931220619636,-5.66347856039949,-0.10299155600749825,1.5465504516488442,1.9312925675133805,3.2298636753282337,-8.469363036329675,-3.9023800842122327,1.3210359082648186,-0.440287471262426,-5.13851802609711,0.6014697375770248,-4.827027298677202,-1.5098115265792451,-6.243303092535299,-2.114174052078288,-0.7820299731615649,-2.8033478368713687,0.4883442347800134,-3.3092192920936765,3.0394962539817127,1.1413448168045086
-4.8595748117416795,-1.666409049399869,-5.204382143431313,2.0878961084037972,-1.3641585360438706,1.4579961586808374,1.6779849595818694,1.4124479019047549,-6.547601288320415,-7.207445589927483,-0.4741336413022229,-4.943843583082514,-7.738729930574154,-1.345970769254416,-8.249125394322474,-4.663778986829012,-0.20169086975072553,-2.949911642821976,-8.380507627828989,-5.297533662993439,-9.582424717953979,3.7407815822798147
-5.100937295183132,-10.454760076182387,-3.42233387254446,2.3535782230330202,-0.18236345244526445,-5.877541401832287,-5.831132200575516,-7.582383091345162,-3.2866058474198105,1.8035803254376939,-0.5893404521781215,-5.9879280944669695,0.4906303200565967,-1.292120408170477,-2.9639802494604925,-3.7256250542162848,4.08558660848226,-6.0793960898792845,-9.807745104121594,-7.70762466244395,0.8258389087380216,-0.7167158197523712
-8.20930792269954,-8.33810023926534,-0.11864612752745572,-3.644235967441699,-6.368639177248464,-6.584881313937833,0.048294692002363915,-5.468402883994615,-4.027331877404734,-9.593972576865479,-9.175636898027065,-1.2605686455229348,1.053368638637651,-6.0231243844876206,2.7770120028328584,-4.811043409162043,-1.3209192100793086,-4.604819130871065,0.8446604999275806,-1.1167574123336588,-0.2983397125192837,-3.885302583319572
-5.672412504031336,-5.59845708021041,-2.078513617478996,-3.3716501949177946,-6.850131750466516,-0.908098284669749,-0.09024348297790853,-2.6449030917025573,-0.39190912907839115,0.41524353552385196,2.860568686180537,-7.942546070531891,-6.277339745040106,-6.173125937397833,-1.7401282684226442,-7.362477054843696,1.7412559189344659,-0.9720951559623381,3.610614018902216,-6.49597383878663,-5.1350521029142495,0.08486168801083668
-6.5208254752199855,1.1058660260366733,-2.7981184545691313,-9.636578563635728,-1.3148592358630917,-1.727731133913498,0.7885229308022179,-8.615434509546724,-5.279919309976158,-7.207737283133355,-4.437557726722658,-6.0161871522199775,-7.980551370164748,1.1386454555740086,1.5202051778845593,-5.777639807334884,-7.673690436117099,3.1180754441255383,-7.673674071046945,-3.717850886906484,-1.381789072300087,-2.3589647178539153
-5.168378242374601,-6.898095078186551,0.9996465019545042,-6.823940143004121,2.5686536515790808,-4.829852262562595,-6.957538558612918,0.8462158476954236,2.0482682897627082,-2.896327995033007,-6.445608527795492,-0.3490018703211678,-0.5545277235053108,0.7287961565740582,4.29969770076135,0.09455612969135618,-5.559877750035216,0.824597305135683,-7.088840313443996,1.7554554610685755,-8.563574159329312,3.847609496567113
-7.972517365029744,-8.02700660498333,-2.9368388194805823,-3.2670431396428787,-2.314721311950575,-6.138242492453682,0.984062437764512,-3.478393735875809,-8.024015446040297,-3.1082880797325547,1.4794216667675142,2.933512976267661,-1.5613816601094663,-2.9889477519004024,2.815862437570749,-4.11264756840343,-2.802061412493687,-0.2832529128044937,-2.512082228488097,-4.715264951290882,-3.4285574073692,-3.807311386184975
-8.176276019005309,-4.928467733729359,-8.163679040780034,-3.6366093476980756,-4.065500742804093,-1.7032817020003121,-2.3994212421684495,-4.017960990638636,-2.0975701240016633,-6.7612155033350145,-9.879666406710891,-4.138621964435934,-0.9076175605938777,0.7828959829619629,2.392544939436757,-5.220804172461631,-7.413941637598544,-1.2032715398579958,0.5588585029844244,0.21442536554620195,2.1690499623820476,0.7619887095348192
-5.972154679581874,1.369646293752405,-2.4510920903856235,-0.4456658078356795,-8.298344692490593,7.851327160255343,-5.275433345582503,2.176349036009444,-8.43989358219848,-2.6123792273212287,2.925938352990567,-8.380647532478346,-4.147776757781874,1.2911465904540196,-8.89498805700479,-8.133738961790515,-6.808876430543329,-5.886798802312196,3.0329542982713886,3.5561494254642154,-8.536347342229499,1.3978427386826713
-7.855148100190666,0.8792185749730803,2.7341853907852656,-3.132068220896384,-6.162146323729774,-8.47942687636758,0.872227684145674,-8.15819024674123,-2.193067084969122,-9.476787634614658,-2.9566042798476264,-6.407249499227277,-7.430381042646079,-5.241032167511598,-6.055140044484558,-0.7752477237025057,-3.3942120404005034,-3.854374853837558,-5.993038621171629,-3.9151660251077813,3.663179349557685,0.3582598950666777
-5.174002402004962,3.512074840263249,-0.14860133032931602,4.340421904814174,0.9021628539232234,-3.0745694849605023,2.576976394334694,-1.265081216282392,-7.555734279041927,-7.880448257871252,-4.711648217033337,-3.3300833905666667,1.4396799459625231,-6.372512646808278,-4.2525692818404774,-0.6995715091527848,-0.39929565160980185,-0.42063702936812164,0.4063459611358368,-3.9032889212658906,-7.902179074282262,-0.4899161968771863
-7.92382343582291,-4.03257890804245,-0.44282780531361965,2.02959150267257,-0.5544017643515335,-5.163048593722252,-7.471616856692926,0.5839194533365486,-2.959089125815296,-9.57941130284719,0.6419118131546236,-8.433075917427818,3.0209563730486244,0.4654737859134609,-4.993582508759965,-2.585533779534406,5.104525706784873,0.7258919627045003,2.594657558620535,4.396575265113735,-4.122237334971298,2.824877102659759
-7.247987059411021,-9.566581157260401,-1.2712521116591682,3.1154058295833282,3.9794415902600466,-1.7899124367462955,1.9735796316570449,0.39243608929088464,-8.555095836002694,0.44004883002030015,-1.1654027921149683,3.1724139034776426,-8.983877091325294,3.5537145134766925,-5.259692775168266,-6.594005715800316,-2.714299731182229,-0.7340538675325377,-0.4886013721890744,-3.466022229295541,0.5400195515764872,-0.8945594567796105
-3.4928448263076715,-2.839915836332235,1.6381779808337993,-5.814528291069823,-5.091102133452867,-8.592578781087715,-1.0256800780706774,2.4705445831711517,1.4073429650505178,-5.802006267105817,-5.434201074609252,-1.9367944236557604,-8.644356517112069,2.4136489061672464,-5.373386040319824,0.1804465373212955,0.8101840041962105,-5.959574344178753,-7.7540978243425585,-4.300769363370624,-7.227692552417486,-4.824766200561162
-7.220893878817827,-4.02254889760597,1.3625090801086617,-4.706102163730659,-6.867135632351496,-4.340454979820314,-3.400687216524594,-5.950733175827315,-5.629015494269492,1.051758609625915,-3.186399745843017,-3.483873470519847,1.4762181932107372,-3.241095044460171,-5.267365893035802,-3.388495035234373,-4.388733749272226,-5.702181650502932,-3.786019811422773,1.6418991985641085,4.615714721625473,1.5464525826580806
-5.357672827549672,-2.654747308124511,0.27354162454278885,-9.94146978013055,4.421407624538741,2.2159553987730134,1.1334648501196225,0.9751459082469891,1.772848754068638,-1.3075327884882353,-5.54135182258773,-8.426223998287123,0.9598792621180335,-2.7036462709350126,-7.016147324336167,-1.9170706766888548,-7.570825831390034,-3.313653682906265,-1.0620597968986956,-2.813452365056142,-3.881480369803604,-4.966527742472175
-6.431751788573584,-1.0101903654050877,1.1236701944409881,-4.266826822619461,-1.6308019746862554,-7.363986161298484,-0.04276628569144649,-7.038010675838362,-5.764220713339606,-7.9006455383743965,-0.7388092779925318,1.1840423710594206,4.075672472002876,0.9648204173653931,-5.803405124763009,4.417362182079357,-0.44799893442743716,-1.7519931231613397,0.7446152597638541,-8.243914188595086,-0.462560776944344,1.5778998223249614
-5.816446014444523,-2.908152391354603,-4.816593708297918,3.5075702535493516,-4.604395262597068,-6.433054523796363,0.7580563891098707,2.4427830313034216,-2.1532263446227136,4.64812328879872,-0.1299682158133226,-4.489657883636276,-4.587204934960862,-6.627005069904484,1.0248565619850192,4.698338945399481,-6.278350118133313,2.148167776381433,-5.562460518351864,-4.092303153265795,-1.3075256606144052,-1.3411236571599137
-7.520604405229639,0.7781406341404885,-7.149036870107518,0.48638312819612634,-7.156572683820703,1.7379805778463606,2.554898896668402,-3.7287614555358948,-3.1357489638388953,-7.56810044135545,-7.792362720381272,-7.9303053070132155,-5.162491701671179,-4.3212345606101525,-1.4935809547140635,0.38801885992715823,-3.306425197379475,2.6127037385164913,-4.546394469196454,-4.392834877036397,-4.914786838393738,2.1231325231819262
-6.583400574141733,-5.205182095861127,-8.278176815036266,-4.0189586230874275,-1.1193600830704133,2.1216255387722835,2.227656119382203,-4.520206196911362,-0.2635566065549293,-0.24888351541751763,-0.8033181253467347,-1.5412457011439662,0.03381993958131716,0.04279824769150101,1.5007429130197742,5.497306246856401,-9.19316105317048,-7.796768995642866,0.533235275290641,-6.402456074639513,1.5711551380004354,-3.882248755837992
-7.824685819889529,-2.2231553261688797,-4.035935038186926,-1.2948016443116332,2.7257986760570616,-6.342499939670365,1.5735706653851667,0.034184107686766343,-8.193218705645249,-3.6511913204301374,-0.4357415197568108,-0.13906551334511572,4.661862889050602,1.9242719585068817,-2.4062213281777627,1.3367937054021932,3.8320250295867404,-4.492547932848624,-1.8866573017969424,-0.756010935356689,0.7525857208614934,1.333675728886256
-8.836756715981348,-1.0719722989476157,-8.009622527544359,-6.5506748322078,-3.2819097126870713,-2.4523363266374276,1.3617760974222237,-6.220155710585683,4.612269141721482,-2.3525406800277993,-6.4642884677524695,-0.45313241109700514,0.9169607513532814,3.9273595630047424,3.89517996603619,1.0462081554946858,-2.642478641282726,-4.764856360424907,-5.859562902014019,4.7348413853141995,-6.436388476612516,-5.370868909997646
-9.031956401271513,0.4769858645630077,3.9884893643422816,0.10132204901588546,-4.5034953185354025,-7.972580289343193,-7.7660650423296556,-0.11585528374904544,-7.476765077746587,-5.425435728624074,-5.011020363725301,-4.646375193315447,-2.110436795740387,-7.024941016513599,1.6031338324830815,3.7663645696106105,2.0538979779595175,2.235546626417316,-4.321243074818613,-9.53543453552885,-0.4872632827531743,-0.753530001538749
