script/wind150m.json
{"header": {"parameterCategory": 2, "parameterNumber": 2, "lo1": 3.000054539987559, "la1": 64.9999836372058, "dx": 0.5, "dy": 0.25, "nx": 34, "ny": 52, "refTime": "2026-05-03T13:00:00.000Z"}, "data":
[rows 0 to 24 of 52, columns 0 to 33 of 34]
8.06341274327252,7.760790843199923,7.206316898138553,7.715870271070741,7.49193098127574,13.795942129783894,10.546179372248522,9.869489647685162,9.472859564785253,8.64360413967823,8.684575709426815,8.319046554035369,7.853901026663579,7.7084695310669495,7.035623580566482,6.717737644433073,5.605625495353397,5.99613145919136,4.113396427518596,3.3700536319242924,3.59172012546784,3.2259990046020146,4.488409319435665,5.105181645312728,5.338554744590497,4.7132044475678,4.116189869130612,5.293347706790693,4.648807711465258,3.9040621970214584,4.271158488902609,4.688499581434727,4.341935054862733,3.7374613351190966
8.18440864123748,6.667854406825119,8.148134928368775,12.828608607490123,11.427936647435354,12.394508608708756,10.483681246618623,9.790632526724108,8.569048625668202,8.886057902840891,8.559802708468265,8.187887227543461,8.038055785724593,7.51265270035799,6.94601767425837,6.610740437857087,6.889422065114436,5.879104842044584,3.124028717125487,6.032208283223205,3.231265194508558,3.7677335414990196,5.4558953493048605,4.0493166910462435,3.69077453871542,4.605421103327198,4.282393682706489,4.559911702476339,5.362908039917979,5.439544576834115,4.67265438058092,3.9543825931333223,4.290957446641882,4.780994715774551
10.198585579358756,11.751971002838967,12.734196364214815,12.668295384998848,14.597482547173902,9.922231017337454,9.821046918537197,9.649238086256375,8.830782597649153,8.768148531775985,8.538198563487432,8.121573466744724,7.814808564334498,7.212716240350684,6.712846546192755,6.52069332936569,6.300404222208955,3.2554287154614427,3.2995517500360383,2.582987231138526,4.43894269574047,3.802963601360793,4.593214346551504,3.719482421505608,4.005207584065528,3.3821061762661992,3.995629868362124,4.514956656989645,4.963835435320275,5.248906904253425,5.244316819147975,4.6247178651743805,4.022542349219161,4.0062994056941506
12.185292139503686,13.753464731189208,11.870322087425844,12.769542335033343,10.53780259137025,10.121620059905604,9.839016234410593,9.405730103074655,8.850049394796105,8.728351643857765,8.317263590424018,7.959294086827832,7.438513106148488,7.03603794509553,5.97267352884123,6.021373484388972,3.528745335554687,2.5376504921168817,3.504872902756233,3.2069554595768404,4.181160189491648,4.071842262043293,3.9922778740499756,4.361789269609527,3.667705967462503,3.8461994612768624,4.4695339867402195,4.445311435446377,4.738985394744611,5.248053139891655,4.690985627846444,4.68890942145932,4.462521014858999,4.293034446672329
13.442595018700938,13.835201758752094,13.480050649558681,11.035558761260429,10.263018311516765,10.211969373288026,9.573735229839816,9.36395045244519,8.942250245531225,8.657097848594775,8.166055516253268,7.6550033038949055,7.467970075555896,6.645142304150726,5.359474269615985,4.353117687084416,1.2969583065519144,2.54072416982395,4.392698918094496,4.06481451172912,3.0271517456684154,4.39600602953566,3.209397769764974,4.194449650885168,3.093449450599379,3.221644384687417,3.710022824718062,4.217242534313219,4.655179497127184,4.439044694543105,4.786246052003873,4.014445904587489,4.740148352620328,4.235878701210708
13.454053627641231,13.54641115153555,11.568501049247253,10.37141733003514,10.288699397046422,10.017894043112102,9.858950437399244,9.055358014102824,8.91556033652641,8.454250741888728,7.8049696934917545,7.891791070107676,7.498224386941369,6.317926983313079,4.155626486741812,3.7091638403259815,4.338212365531293,3.204859163016528,3.2333463745906674,3.098470146178235,3.1091487759358127,4.029841803931327,3.3173126679678324,3.071218355696316,3.1208809838397733,3.3697161573082433,3.931894326386777,3.872894733606121,4.100801386161513,4.598468371936901,4.473620907243034,3.4949740354954995,4.030382813896177,3.849749610632221
12.580663947422245,11.475739064899013,10.666384208801688,10.709402113108741,10.037229073336036,9.60933021909439,9.34632413581528,8.978691954640995,8.72085803901595,8.159597189631894,7.808375580433186,6.884372898741602,8.61756868658579,4.648970903082534,2.663181496151458,2.197832868442477,2.9806134561687236,2.776076324462219,3.6096248283043306,3.2142217349398736,3.07321873629611,2.9849350140999404,2.545692988721046,2.6603888670410667,3.443834172386313,3.6450943306872885,3.479768260385694,3.168378078711271,3.6427787549774195,3.765543179062598,4.2675280883344255,4.555844858892043,4.430671843415424,1.4279975664132345
11.346520298549654,11.01062193240583,10.397530735411543,9.92088692898146,9.441044028330033,9.293489792817853,8.964702420018641,8.747941682889001,8.361541127653839,8.091822794117252,8.562864738421268,4.584236687109701,3.6921333267961876,5.0163755834741615,2.9348897153970217,3.5177511594397384,1.139659251733846,2.9113144082489395,3.394456923997457,2.3611610042923648,4.499968308654183,3.654882541851051,-3.419588015723445,1.817011735516551,4.06000670462583,3.8173994454390368,3.9599296171514635,4.019250415730269,2.7784113209239742,3.2303740187839174,4.126616412374565,3.77423139703803,2.9954788725539814,5.3896688432172635
10.630959160069867,10.225412580330456,9.722358914973293,9.181455737143404,8.828336092213187,8.759701028345901,8.689351052217205,8.259558840067498,8.100032524147128,7.188404440551635,5.059650103195046,3.549234869095716,5.750186618888518,4.382879575171257,2.757509996459961,3.1409731474897606,2.4708596324471515,4.090554967892079,2.68373414910374,2.6100822834698345,4.706668236208078,3.515570872275056,3.025708365566293,0.14699063412140778,3.039716497046822,2.428244631923404,3.248618656389941,3.1442544284486655,3.3365909870562915,3.0666991370712133,4.0495223875859665,4.541008058781907,2.949139891250921,4.829369830978143
10.130698589566963,9.25753023715775,8.837206265719848,8.281115907038092,8.118696066425088,8.076204858636016,8.172997096330773,8.47790287798548,7.337543936811872,5.2773156708493465,7.104881721070473,5.003505123253354,4.692462180002076,4.925820713942167,0.8215238516463781,3.4190781508967047,4.576074860572121,2.824671295703944,3.3528276398357764,3.2969912797490633,4.321860309974961,2.5925101201056644,2.6550890613645244,2.801932270927008,0.9881045530738451,2.21603991983577,2.669633872080792,3.1696115394188835,3.082290885861965,3.5877947980758123,-1.1638845923408452,3.0877904022438782,2.2890864646169646,4.265605581081281
9.204338899593298,8.533380470642681,8.004429698222793,7.600296550037317,7.262788769302955,7.18364955644482,8.687615698880363,6.8571199429093035,6.523439686056735,0.8980131137939454,5.08087369471579,2.9252139915804767,5.577741494871619,6.267712992570472,6.050434622775786,6.767466681958789,2.7687937649514565,2.911929830607183,1.5770536839778124,3.637140218824099,4.149046681511183,4.055994387064175,3.8141708685631186,2.7360365874867907,1.9881300481233337,1.8616366199232128,1.3490133969616769,3.6228846043602796,2.218792674467575,3.266560765260493,-3.082259108448987,0.049082401385260266,2.327517739085666,3.111729489888905
8.59995092565124,7.817972052911689,7.284583478390869,6.695828199760253,6.2360112750779955,5.80627003166845,4.171672177970989,0.8217501672905909,-0.3932227854648091,4.845924991021012,4.92073351061558,7.211760910545631,7.654130286116916,6.6845986582414145,5.93882142592873,4.069487091247785,4.122887196958785,3.547438140689211,3.1586290680589877,3.758674458875985,4.1381511160291415,2.8007238041210933,1.5052103053550743,2.8334874872957507,2.4665995904415303,2.3068071139411477,2.461662764871634,2.714473788398842,1.2574471846548065,-2.4724092271177196,-0.8795135870404106,-0.9044798389155765,1.3307219174969012,0.6010137048521124
8.250308029955036,7.370690047591585,6.590430920763806,5.6464769026134,5.7389346742345255,4.864533904817632,4.130661377104353,4.459640894501683,4.087724243143663,7.802082471033638,8.242569651332294,6.432037176835132,4.8900944213095885,5.21521804355117,1.4893871357433561,4.405592197145971,3.763135419683029,2.565749636654347,3.9608322228733504,2.6756334842752163,2.636501936413279,3.463689985020056,4.288752541695615,2.7743324332352097,2.4557151989200916,2.9523041172629605,0.17270285592265242,3.3838249470484554,0.8382029433936541,-4.025477083330608,-2.461206698360422,-1.1312444094963225,-0.4634678766872601,0.9543353840938748
7.562930989188021,6.913696770745662,6.133962366925645,4.83727432215364,5.118349036442221,2.3507887351299726,6.463193438923362,3.6030733747933317,5.901847457334703,5.893145216907313,7.062961350864854,8.819749009212746,3.4979421807707824,2.818505772264913,4.759850120973702,3.974798870454388,3.341944993648046,3.0840746282868556,3.270279943882863,3.454532711533837,3.0090529946414586,2.8256820772114843,3.5655016628682477,2.3492527921840236,1.5250543237514513,2.9472782733729197,0.9471244157246326,2.217999745586111,-2.712423615774257,-4.42453615090584,-2.844735554987285,-2.6104792581509315,-0.9308960169559541,0.5121318415814266
7.083495159750855,6.434321863403654,5.575716762866576,4.185884751333806,4.404477548425545,5.004914197936549,4.614118500526323,5.471610584177066,3.6706775387601214,5.597634983975703,3.8070716837361465,6.596440221006984,6.258626844792194,5.086924300794397,4.309068778329355,4.425157297324852,1.8182219948771472,3.2992683467065342,3.0491700213370376,2.6457135734260664,0.35426654203551466,1.5980685326201645,2.9903810286101753,2.112097690740124,0.2782400736444624,1.731590108840244,1.3853645886886443,1.1721528672745747,-4.503991812128238,-5.1216692470571195,-4.156820027249975,-2.4421915755122967,-1.4276945793495914,-0.2617769142793282
6.508388061757267,5.820555171374996,4.707242484982713,3.6630003525939108,3.7628249801173874,4.669416589177263,3.8971537924127055,2.9950148515603305,4.62005521007585,4.915593264641909,6.403611456770307,6.183938198601486,4.000972844683497,3.5064999683087517,-0.03205423326996731,2.845503974095738,2.318486397886509,1.0952578652479277,2.7951912567427826,1.5383246180823584,2.7777570031382766,0.6721565471502189,1.4574275595274162,2.2766558370614205,0.5270303506820904,0.2609294282301965,0.9741553190520876,-0.31068086626430785,-5.034536893369757,-5.680982185932726,-4.266520886705602,-2.8779340196656085,-1.8372788001691245,-0.5045385936016823
5.9391245894829305,5.145236314895037,4.139305797629909,3.5339610584813377,3.5181411867655137,3.1719676126944245,3.9653860053948184,3.2971742747331985,-2.1373469435998955,5.2948299620997545,6.281951384459203,7.299558435679846,4.908263817209893,0.9251302729321554,-1.4891180191719435,-6.154436828632952,1.2705990381113506,2.2463569659934013,2.797484587499749,1.3278062443655942,2.024553016733311,0.22057531177940365,1.4182524555457472,-2.6948320082511703,2.260309723046644,1.1723949974719168,1.2599248108150043,0.5703627871832152,-5.3744989457709345,-5.0276110098195375,-3.9380999741723555,-3.1381254990178764,-1.998104052915473,-1.3759536369014114
5.6732252183695735,4.841680368015816,3.578437773888262,3.2887107839241545,4.085355770436922,5.835423696682073,4.601008987092937,4.544892040176339,6.769428571380743,7.5999108498351,4.834274486134741,5.350503152958884,0.6801747318557961,2.696745858537275,0.8261000590952533,0.850082170677488,-2.1255692536087594,2.1165318591150384,1.3643085908365242,1.8789494761685832,1.0013628257918021,-0.1544709818623365,-0.03677554129106885,-1.0538439824915318,1.3377995859752942,-0.3325589330181945,0.9559989725835015,-0.6561320765448148,-4.380909380612628,-5.088512926615589,-3.578005378541349,-2.7101361052386452,-1.955786945501919,-1.6283624169594353
5.188386539770051,4.577895385732398,3.209788078976531,3.2132146030841513,3.7974930411696204,3.474195953173423,4.91182108164023,4.180584294022198,4.979944193030756,6.4200877141433415,4.949887368007382,4.71685466734337,3.4166261830235465,0.974896798080494,-1.400373004382844,1.152355629387369,-0.505746308563792,0.033963943104015716,0.18209406649393042,0.0015648573556556323,0.13428922655083908,-0.3038444767072431,-1.425814413919177,-0.7531202691831456,0.5259645827173711,-1.4861294811405632,0.17574423250708426,-1.7047867157972973,-2.5879251485559567,-3.017187367515378,-2.737431427985978,-2.318212360540864,-2.1864960555005117,-1.8722929319438735
4.807734431754685,4.088664632431334,3.104340286831046,3.1080505802219816,4.472139129600196,5.8028501718217465,-0.5541482073951779,4.868860764138775,3.3630805669539554,3.618538363485758,4.515386325840386,5.3656902090126355,3.310530908848623,1.6910420153892884,-1.1302569814182741,-0.22813551797375292,-0.8397735171266385,-0.5146641256692212,-1.3221742297185686,-2.4462475670715405,-1.1338097518279027,-2.349711515729302,-3.2784720374090117,-1.7737497272530722,-1.07114120578577,-0.5301501173551703,0.39070370257671444,-0.030659787935486234,-1.5245376024867248,-2.512616022833324,-2.135337009561672,-1.8635921477783781,-2.516218738159614,-2.191606073626483
4.1569033842115966,3.89250570135031,3.001314659212575,3.0755177279226458,4.719313239257877,2.8058539135744622,2.5374234181152637,3.6148778287951258,2.8505831778903774,2.2819369590045206,3.8128823435106485,4.698655656351907,1.9803228808573554,0.18385413413857943,-2.5784697877378475,-1.349421870101425,-1.4769529330366258,-2.259907082817429,-2.9322483702207838,-2.774613304069739,-2.564423477547385,-2.4166907171418477,-3.51315864107142,-2.473405879609796,-3.2420385706235124,-2.705916112893296,-1.9546132805598304,-2.4590712568787354,-2.2631623171413486,-2.8043123626442092,-2.6936969455943287,-1.674973852953692,-1.869445122959288,-1.5002560046125288
3.7169297598712103,3.419546328801494,2.7445556469438808,3.0448192243152556,3.7984048648784254,6.628091053369908,4.978357961390449,1.5605258176329064,3.239616446801856,3.713977226700319,1.9862727780327922,-0.041899390315382194,-0.5618233022848079,-2.1719738827632873,-4.005243751777429,-0.6421691630310469,-2.4981284674490873,-3.9983805531373635,-3.110058414591016,-2.090783609985979,-3.0698232162805406,-2.450210805934146,-4.455574067170409,-3.2225515681965518,-3.016916438388427,-2.9815371122132865,-2.829940777415122,-2.5904257309478775,-3.1877471259608305,-2.6062687114613174,-3.6799667826470603,-2.844876384892974,-0.7984178682943166,-1.8491884351009436
3.2266827866195773,2.8297638247068866,2.399459338592075,2.773366531669277,3.5429659666588287,3.642441366789075,3.1628421041419226,3.5573802221652104,3.173884955064788,1.8450521292297388,2.0076140241935807,-0.8045071927886432,0.14741778532597438,-1.9012397663276768,-3.3425864982582607,-3.263421942030086,-3.1760920581949765,-3.0806402418780654,-3.1650698014916316,-3.134159220514218,-3.0745924620794884,-3.4621744917437183,-4.276391257752788,-4.427633354034984,-4.219916359721468,-3.881903091351851,-3.5822812890562368,-3.2769779660760796,-3.013224547360873,-2.818315567010949,-4.069718340710524,-2.030226025015352,-2.571831740639498,-2.8582648300575224
2.8598288630008804,2.0364970300965517,2.0825459631172736,2.497490295435344,3.623066911743614,7.082092147718143,3.360053588401789,1.5937041497526496,1.8010913862551912,0.31468915289186317,-0.88049953589507,1.0659444414446282,-0.6961599529722998,-2.775400345031488,-3.512922114288377,-2.081597130394902,-3.9026727221972846,-4.3322856345893745,-3.231407043586689,-3.1108116730880218,-3.056330949782655,-4.674019921271226,-4.582887230838986,-4.970690091854772,-4.402190081498874,-4.659971354618343,-4.207192178025911,-3.139995375217633,-2.0814907530453493,-3.3832221382483376,-4.471202436615292,-3.153573781000869,-5.15793781574928,-5.439164575139571
2.3317771722618734,1.8178095953816782,1.97792638984373,2.3925030795970783,3.2043772527815007,4.838769491637507,4.4481910053307985,1.5740264732948457,2.543013412263326,3.079769349128831,1.879678840938036,-0.5788931232195821,-1.2981968466972313,-2.4985563513975393,-4.769982527462737,-4.784534211900583,-4.279456453148137,-4.644570450849662,-3.4830903235962887,-2.626861243465183,-4.622277660580779,-6.109951679883058,-6.449571642710816,-5.64572089447488,-4.019174804393979,-3.349675738358773,-3.7029668697355675,-3.5179171840578696,-3.397625486830368,-3.124879285501997,-3.5478382985337102,-5.048874450408449,-6.675041617127804,-5.9505262751204535
