script/wind10m.json
{"header": {"parameterCategory": 2, "parameterNumber": 3, "lo1": 3.000054539987559, "la1": 64.9999836372058, "dx": 0.5, "dy": 0.25, "nx": 34, "ny": 52, "refTime": "2025-12-10T07:00:00.000Z"}, "data":
[rows 0 to 24 of 52, columns 0 to 33 of 34]
0.28111907822845295,0.19674024059782197,-0.005044815266372038,0.003197256594667581,0.19700760314000265,-0.03895293474116785,-0.647921674540212,-1.0849063223999307,-1.6328570989703846,-1.7558783794371435,-1.4227566324318544,-0.7353213223159295,-0.0009692092082759396,0.5202962049411246,1.1273500025532694,1.5342334260181048,1.7960492150015714,3.545486508535644,3.263509984755175,9.869438035165226,3.2895231664591886,-0.9599067947122636,0.985659007660583,1.4636970553110351,1.7330900274799175,-1.153298284810103,-0.6900510212666191,0.5594954403812334,0.670778156081401,-0.7204985050797116,-0.7866709368396617,-0.28468256231417727,-0.2420961290207796,-0.055005463842908615
-0.20420601631767163,-0.06421246931742788,0.19827846306559516,0.023588373095584432,-0.0005578015361978553,-0.166244630656476,-0.39823079292122887,-0.2181466101850442,-0.27553599089410713,0.502283633501757,1.3550208290769643,1.9901400262519173,2.4909715196577613,2.9505880909706748,2.918886400735777,2.8939746658451986,4.025895570782443,2.9224290215474196,4.232888686281615,0.9109581714040482,3.4128408838795554,1.8856348453374108,-0.614662177841623,2.806281718919482,0.05944255966547022,0.07333902901399846,-0.15278848277969082,-0.2979276774950505,0.17871853507442684,-0.0004321921329558793,0.2880391786054696,0.04888599682209736,-0.6828117409167136,-0.12553743301381418
0.044046230200601624,0.35108721005495946,0.3925156794104073,0.02929991520176133,0.023924331905014452,-0.16691575202765035,-0.13509937620605894,0.3703636639340045,1.3460509899314994,2.3575378450915614,3.477624905411049,4.569426257277117,5.3977842876129065,4.8517782522775095,4.380820704001867,1.7120695591518236,0.7377996414933483,2.1021356827868343,-2.9149099588174074,1.5232177739646064,-0.30019188299188687,0.3065071304287912,1.3403032365022673,3.2027090363286734,0.45483818753791194,-0.36266189670309124,0.4015209064713101,0.484941302426907,0.3566372985950686,-0.14430411435563573,0.5397278321704004,0.9486236774929477,0.5575227932199343,0.5616276718190957
0.04098019684490968,-0.3982229343255323,-0.4686177329132964,-0.5585210569095582,-0.13588562704552226,0.14985066209854067,1.1309384152259987,1.872971871833319,2.2548422438535964,2.593642095039918,3.5693467344146694,5.127683334054516,5.99498827628132,7.208730783846449,5.31340231625949,7.890965215511244,1.18984667472646,1.6183376978900006,1.8271425553849456,3.0965143916396785,7.426326530637175,3.839332700281948,5.572625448756245,0.4248338901014887,0.23907882212646245,0.8382637455302383,0.29578198964489405,-0.3669596467698415,-0.431108876045039,-0.504439325755121,-0.0352942924651384,-0.24513781528803177,0.3189397106163544,0.698905112313533
-1.3960870957211027,-0.42405082504401365,-0.39386445812304494,0.19665731638903428,0.056534733375110766,0.26442816128723,0.49756592739787353,0.12081904009738957,0.392957821864103,1.5555924994485113,3.7832728235877835,5.883902128870453,8.543448738655524,8.652961756137385,4.836802354755269,4.248894453015791,1.869689278293523,0.11050048013214872,1.7089019517554498,3.308923748228365,10.723348655765195,4.799596889578187,1.6002079558235407,1.3149014072502814,0.12926080925183664,0.2693274468203338,0.9358974862419457,1.0835806931478729,0.28068988568852826,0.40233744509990627,-0.5296864138448502,-0.18747634314167178,0.4855092879620868,0.6093401994528548
-0.5382370499797019,-0.774039917861398,-0.8659386501235016,-0.7333579068747713,-0.3987226060069359,-0.31558932466117373,-0.30453813652669603,0.24109391939994584,-0.03525946938342423,0.07402931091431485,1.5548975622171002,2.4402867619807647,5.572089201818256,6.535834986939952,1.372195608486916,1.831020093009894,-1.232287198792036,-0.9684759450584931,5.271622049680407,4.876939827882573,1.8718126095664043,2.2771321916152765,2.133317170717608,0.08532384506458686,-0.05530187527060293,-0.2830944724576263,0.5747701388240297,0.8521676845404977,-0.8530230802248272,0.2942697968383408,1.0642563363220578,0.33213624363176997,-0.054479526000365174,-0.027689917442317667
-0.10604378413245874,0.30427250635427233,0.1112343071766544,0.591091986495611,-0.3614626744214193,0.78413483293278,1.3636156563183472,1.6792106567979894,1.8922355041393246,0.038434609692543385,0.36426611565676364,1.091293400617357,0.31484668838398633,2.1683090993731398,0.9604396216207352,2.2482491227915102,0.8797656726489341,6.312164754681978,4.1917399759032,2.680459887172268,0.3983358964502515,1.012890121658579,2.086086891087814,1.260926345111841,1.7216917948123296,1.4810956427490116,2.0907341294564277,1.5924836517599983,-0.21287837242424296,0.9518763655896592,1.3191396243592626,-0.4537483105981354,-0.5341252433831123,-0.7453543657515588
1.3480399515686434,1.038192635806583,1.285180153814858,0.6902473731327299,0.19852932866562226,0.3397803093787495,0.6030572370362328,1.479615836404233,1.22324161633476,0.753134421822695,-1.450395568286044,1.4026620869847393,-1.3163030003089322,-1.5988659536103318,2.160273635947552,4.654044735271993,0.20700865627214513,9.13245980836489,8.160803642776424,-1.7678401949267954,1.0314762966591595,-0.4251069832251055,1.489301582003533,2.355526734511215,0.4469044275353335,0.8635387374299627,0.8777070029862821,2.429571538283211,-0.7234625482672761,-0.07074576571917533,1.7876475983968383,-0.39409785852969814,-0.7901364055784028,-1.3077783363686342
5.73110752575977,5.241587199333322,4.416776012766811,4.317154923032071,3.0248567357643923,1.8084836460444222,0.42163182477254635,-0.22809971440825386,-0.737175154440641,-0.7103897344154451,2.5752233855924813,-0.38795472729584735,0.303339035144529,5.394084910305737,11.059568926161544,2.2738028599211635,7.89472475173715,13.255700637380773,7.969792564375106,6.537748005808849,11.329982932648635,6.568994682146143,3.067031314142288,1.5796187036892917,1.9971055611985273,1.7884144578063785,1.1761602738067058,0.44889755090563593,0.896378411062689,-0.30434136515674914,-0.19953545491161415,0.045981202004927495,3.1124634984892596,3.8916534857958633
10.55015480985165,10.659147797411626,11.221902399991043,9.525686737125541,8.126214918700883,4.51461555269538,2.163989644804451,1.2561255637967825,2.243771645548109,-2.396769390385579,-2.058007265510932,4.198796171380121,7.628754888893322,9.08438571536182,6.77989696693328,16.020265104822403,6.084929326598117,7.847352031898312,4.593896439765391,2.1482916501667733,4.818227707158712,1.6411587329238877,0.10012055828501784,2.2524487612150397,1.5426253170853812,1.912708358161801,2.5450321554245527,1.049696936478506,1.3632107094438046,-0.31326248211591146,1.6398677717315788,3.9001188618020963,4.949489952116748,5.9434854768871475
10.942374854128124,11.627283593052605,12.051899229465228,12.669807759382307,13.87838366139301,7.928481629510039,2.001373242761519,-0.9871027430250204,5.8881010875160795,2.886643416907286,14.371114175628186,10.074098123664696,8.475662868361658,5.4097515531907305,7.29618729396175,6.032638927875059,3.314874201740313,3.4336729954514444,5.869688559691912,1.4814734114352008,1.278442839798534,1.3023774602639802,3.6207464238184963,0.24179022788651364,2.6466024246501765,-0.37733767511690164,-0.7662440299795313,1.9489447829709745,-0.26631190113165837,-0.186437044897181,3.6093338817983533,4.482891079824998,5.334700852747769,6.417294689239972
11.250906183832122,11.489431958255802,12.145153231036609,12.707879010316354,14.712437471863314,6.859215965522908,9.547696361647438,5.009000437955301,1.1546603834490698,9.24111491009543,-3.149433758766208,2.671613829625291,7.101234932481004,-3.0589227146523448,7.033193743612183,2.649349443761907,8.084523091077022,7.942122574038702,7.697930623032456,6.819349998479881,3.887856477118877,1.4572711838636074,1.2294926039534837,3.655787633481078,1.425405832981558,1.2871410986808176,1.9247415698030785,1.524468861166511,1.3819993551024319,2.1967897321955814,6.9837557761189375,7.191720022909461,6.995843299522215,7.619961539446138
12.665568462807377,12.346783258409475,12.43218921407268,12.590878296313026,9.704384095561755,4.717609429148237,6.6672664099080325,1.2327156963584216,6.944931428578727,6.07570130735538,0.9229038588028925,7.843054999714954,10.355624149034766,13.884668182445393,10.238224377485587,15.061692158561952,5.723302180853537,1.4327455178278938,0.9165329415066373,1.9416958336817411,3.719018694895579,2.6285594224640842,2.1549165342612318,2.0048214685954138,1.6151134890318777,1.2698601808411967,1.0768732321599117,1.2531517449958767,0.3255724155295752,7.1605472393880305,8.588887353028257,8.478148946719537,7.602604352752505,7.860705677941091
13.36543443482757,13.092485241358316,12.999540238032052,12.818241508183494,8.80048527431637,13.056613831922862,16.055160485900377,6.369939586058924,14.16490947459267,13.620362890512052,14.553666979133883,9.434237960091306,1.3503047550285658,1.4418488817032535,4.264389426066386,-0.937195006674991,5.943664985028614,-1.2097192117975093,6.203448283067016,1.5788851224310512,0.5487336399016686,3.684571193006792,2.194574485581237,3.139344596840166,1.8811412557951979,2.4309421859732705,0.8916025911814007,-0.18313311468692897,1.5819116209227744,5.338407632287533,9.131241539703561,8.426639462132435,7.756827627995767,7.2667204716136045
13.863663239586899,14.183932493686353,14.055547481752479,13.721108518222785,11.807863353687791,3.985533066257165,1.4841247637638213,12.177568776783604,5.605879153630512,3.431597806988465,2.507264528590567,0.9629279818371417,6.463370259946358,2.4414835036436306,2.8519340848598542,4.312299275317859,3.474598015970679,2.46363237621661,1.8116795203734644,2.795532784068955,1.5691334428162556,1.6629959178851974,1.9562217871810743,1.3077524397750648,1.287713356886707,1.3406263102737404,0.43916391521408343,2.3521283921763865,1.670189404228993,8.50672479704053,8.338781492217707,7.918467390658441,7.273784530372234,7.474214444951815
14.35699105242017,14.432994223477627,14.378696188767941,14.01530834412625,7.602372115211322,4.092692549462127,6.139498053610048,1.1441480153830084,-0.19276958395662572,-2.1655933952124156,2.2148377097841734,7.948880377214421,0.22702660841518327,1.025968664606901,0.7858691223446104,3.697546637119838,4.9424714944046215,0.7443561057074285,2.1842250714017375,1.1103188644652864,5.779652076526864,2.4927340308976955,0.4517968262752804,0.8671825624487599,0.46568273423354944,1.254441700152713,2.25689307351867,-0.12060099515824318,1.8611937108680991,7.63454768190782,8.12391480446146,8.590932389891513,7.86682650132024,7.859000938167471
14.385292770103234,14.137629117166556,14.455848795313049,14.247801098697924,8.326411620697966,6.516626183970684,12.947957638046315,7.817004672565301,4.022722898376878,10.010386613083387,3.103611040938586,5.810988650450475,-0.8989317760477221,-0.08983699517344997,-0.07747346079402523,0.6031176053076097,2.1358289550682206,-0.13379981650571543,1.2847755843842505,-0.03121336080368995,1.0933972792833226,1.3458582010062652,1.2281478094612472,1.7904079061137912,1.8077389257057406,1.0451810378997959,1.5721062080533148,1.3783628182867265,1.405144986949276,6.547660253773392,7.3694730213846436,8.420442142897278,8.397945594817653,7.742250927293296
14.009379892468809,13.79288136253906,13.926967509108628,14.054835033456508,7.626181426109389,5.745951023911743,7.670089580975808,5.671441101596986,10.623360400877132,7.185642987547893,2.19289471770168,0.3995344422263716,2.2487996377395674,0.8895804314911923,2.127015958571783,-0.3769631908148322,-0.3550112138014818,-1.0859797355038778,3.560917989727629,1.9797157212577026,1.8575660547549635,0.944289443261651,1.9618976513540507,2.6544509161088015,2.4227607529427,1.0262540540162903,0.6705863485867322,0.3246953591431553,1.3137494592404297,4.89453381548869,6.514143728656243,7.920229579650753,8.420067207041521,8.597895465814215
14.150713747820763,14.39619536084303,14.249924239345965,13.477415877077249,9.928565781181957,3.9779999442674927,12.003258642367976,4.930002106679026,-1.9339778458622892,5.410463551235856,-2.1000011643533796,0.6395487155591844,3.6162802040418254,5.221462394873838,-0.3466129593322931,1.1547135267658002,-0.4846734011227345,2.1074245990712757,1.3884917144335096,2.3478051029601597,1.3617788233295502,2.7387393839348744,0.6375800822623329,1.4047314226758831,1.281384156147468,0.6946600072403671,1.9344603702332985,1.1639295371006195,1.6660565006661963,2.0714298523836447,2.646893232836325,5.635225169276277,8.351220943371889,8.335967122084893
14.28143460106017,14.63747231205226,14.355752776479688,13.549920499338814,7.13953855922415,4.0410373988250505,3.2949611210036873,9.260904623957027,9.42147427479861,7.757895308208617,9.002686581240868,9.31564147174788,0.7397741073456955,5.52656967025373,0.4012089262771544,3.341449804716952,-0.38986249169086756,0.1956524126121024,1.0939200490336143,0.17713584507420527,-0.41395481981725485,1.169963084148782,2.9786866604991964,2.6447086428587596,1.7106910895583773,1.4994690150381123,1.7143991285318363,1.088197206045355,1.9082350537151518,1.925052156332286,2.0931310240945087,2.02437604560459,7.424511048964098,4.1198561947740355
14.580251643771746,14.379977532433985,13.9310992302232,13.178686103957384,12.286337033188962,4.321127839659348,5.232097325666557,7.338529941253444,10.313047847926155,8.92221420567627,6.187667345872124,5.27638098117454,3.493530035760921,0.17254832372829348,0.16147666015716727,-0.19852228329269297,-1.0388145595882319,2.8189722355759472,0.8726478051520852,1.7586418309738567,2.1119285880345755,1.8221559634496995,1.3307615684704304,1.9313504413463425,3.0034481878877313,2.545373073396016,1.0766225559039666,2.2621404139767742,2.1296499249852268,2.794065132856609,2.4435669150997636,2.1064440948447474,5.663888685554705,7.636177905154469
14.028208085057328,13.973480344764384,13.431314849221437,12.320215284027176,12.157388332797737,9.462768250671031,3.07889860155315,4.993124357831473,8.878591523824008,2.2675822713219733,4.548667246185337,5.425454214367187,1.320592789511268,2.822597175292691,-1.4363099255711758,-1.19434426789285,1.5045006392315035,2.7738295680800364,1.1392334206154917,1.935001832336245,1.466576975345945,3.1401163464910593,1.7383673078458692,1.9120744974095825,1.888133427290353,1.3686433839270136,1.8857958304020626,2.268886396597027,2.621248604514238,2.454275874574222,2.2267657756096706,2.5187986204819,2.716259603701069,7.218469897176846
13.643882858335086,13.552810685149879,13.00381291174288,12.147528262971353,11.130099234200483,5.626279920197411,4.799660199633985,6.735495159675734,9.023936998257621,7.138521547166172,2.348651888284233,2.276030526829432,4.107679637444328,3.5830326853203696,0.6408631502535158,0.6046475050294225,2.9889306140480447,2.6296058402803033,2.3291114190899145,2.7942093936796635,1.8837532566724684,2.3965138194755857,1.9228068736706325,1.7568774321229952,1.3989378431413135,1.7045070465127297,1.7084026089491022,3.3429136965192736,3.109165523297918,2.682704161381364,2.7037569277122144,3.0375813569977606,7.255093641203066,6.6899655933936915
13.316128507151916,13.203455100824915,12.460435431089106,11.91298141597467,10.962903363510689,7.149321506143229,5.267329350397699,7.334137871966329,8.536007824086163,2.1219305903911603,1.42595078568977,4.0599117504148685,3.3385146915819237,0.8730298723785584,1.8306688709687764,0.8865666728523977,3.5403673335762336,3.0284199250086106,2.2369264387295575,2.240796469933544,2.8038430763235076,6.160708538929068,3.9555159201577568,1.9595167141417353,-1.2130342611696776,2.2828169907405678,5.750455138718279,3.7650829597753495,2.8840963065797043,3.8403870016427724,3.2045844247886435,3.3835803963759514,8.053263997254016,7.995528939194727
12.918198015169102,12.595359254687567,12.295612787744746,11.472813904291296,10.837315920152122,10.704909758352393,4.897477238334864,8.524242881862525,7.101865658318431,3.245025327805601,3.4452592017308374,0.09058925295741566,1.602395336290085,2.0019196915036117,1.4409210097737868,5.995826076218262,6.796017283754304,2.8338367173874004,2.6679790352295605,1.9812544588746368,8.46995571721268,7.703223290984047,3.7267348657295676,2.582487160858676,2.910451537336708,3.233778233024046,2.9783908705954203,3.524933953823942,3.1747651862376918,3.9229446659366425,3.7502719415541135,7.842044655405694,8.498373051781636,9.055933296806053
