script/wind150m.json
{"header": {"parameterCategory": 2, "parameterNumber": 3, "lo1": 3.000054539987559, "la1": 64.9999836372058, "dx": 0.5, "dy": 0.25, "nx": 34, "ny": 52, "refTime": "2026-04-19T16:00:00.000Z"}, "data":
[rows 24 to 47 of 52, columns 0 to 33 of 34]
-2.769405324388834,-2.4974733349117413,-0.7785723009768493,-0.2150807069673266,2.619188063221318,0.9365115774569781,0.11269412902266204,0.48374259243785755,0.6681979571227216,1.5311172842123724,0.09105607173786845,-2.105892247319422,-1.9751262529524027,-2.4112859678999996,-3.160255908137522,-0.4172658572885534,-0.026364107098177055,2.6892074034508138,4.11533342970137,0.3964023113420825,1.8878025430777359,3.3970313246872754,3.2779324416725837,1.810233630939504,1.3687442046569327,1.6380437657786224,1.5122931600232268,0.8091089682811339,-1.7429859686939009,-1.283293032112678,-1.77943524001657,-2.304365503322563,-0.6296495331763383,-0.6040646570625197
-3.204216812759165,-2.296586871703475,-1.421368528440758,-0.49866369068904437,1.6706439245462439,1.1747604056871208,-1.820976985079131,-2.344300647720125,-2.149818889098828,1.2350309186553534,-2.306786072519408,-1.4253746911048741,-2.71495252690417,-1.2522260808365833,1.4804766218133925,1.0044352054353738,1.14093912864634,2.444381072879658,2.850105643336335,5.831333524058252,2.060087396215622,4.470792456474136,2.6065500325740985,2.6709498141973005,2.143695984220723,0.7755244589229218,0.4778356485802427,0.4095333335214759,-0.7029581112731627,-2.9626409222176893,-3.2956859804603638,-2.1601949070613413,-1.3684574257437645,-2.4327221806174766
-2.4680639205535533,-2.4687798532026326,-2.025704446652566,-1.6576594342990738,-1.4167150202433982,0.26213696285792965,-1.5955048960079306,-2.387068444265585,-1.2777596206265547,-1.1654607489856916,2.4445391950070197,-0.8894845692915978,-2.9015783122414693,-0.5142735205119627,0.08513926592026268,2.8081960818371656,2.3393020926843846,0.7810282352708409,2.5328639276169267,4.486566625542834,4.995173584139448,1.301581728388381,2.0128245506032094,0.39775789558053737,1.2136870695248754,1.170687961308873,-0.5834817152472632,-1.6824696548397133,-3.512397917891149,-3.165579380077824,-3.005482905807898,-1.715638575727871,-2.3536813081819,-3.3257681278390385
-1.4991671426625328,-1.5719295519023573,-1.8039333060883116,-2.4645433803091508,-2.962498039476949,-2.5421752130642594,-2.8965930318934165,-2.7169572118547296,-1.9801603410991147,2.7351501651832755,1.5184713205140208,-1.2355331158638916,-0.39892439479215475,0.8730799571174808,-0.1347609510676967,1.2148960752086913,1.9919120264912602,2.0865046555847195,1.1569025046557788,2.4839229968789525,4.978127231090935,2.363109696041112,-0.2825289972911995,-1.4306652638901975,-0.2745255456302035,0.27505344024452005,-0.2903455508372564,-1.8089478882652972,-3.7447666092749334,-3.6656171691161767,-1.9644849950118868,-2.611346651364815,-2.8540410215271033,-2.4214748044009995
-1.1026823149861107,-1.8660669221330979,-2.4252435821561047,-2.327705534935352,-3.0112294987345676,-4.179116361973893,-3.8787386761463805,-5.185245326479779,-3.1433011526077217,0.5399623334842509,2.9429718102266698,1.7612176982286094,0.7495855501673786,0.08887994411539159,-1.7898440145324888,0.23947973301320735,2.8929032196151203,3.153471259135902,2.5053795505718197,3.2670405927921924,3.1631471024861204,2.0206411928410923,-0.1005040630910072,-0.09695250441435624,-0.924929660084569,-0.44427008276257857,-0.00032801069924658083,-1.8250017931845026,-3.6528708110868653,-3.4710210630749185,-3.354644007622225,-3.0822733403021836,-1.441534107933609,-1.9433075648235123
-2.1631113200090066,-2.620353580237068,-2.9127244528441496,-2.99609483930915,-3.9119994789310866,-4.879997751346523,-6.733427819224758,-5.7861553774920775,-5.688187886777385,-5.2826860924278245,2.461195239187592,1.2597585149213086,0.06193384099082025,-0.9156484147365408,-1.857245102740845,-1.9440749051534274,-0.9437514080510288,4.08629807756799,2.2640102041848067,2.35238801288418,3.316582785032122,1.731837583113969,-1.2548251062111757,-1.189457924848068,-0.9816298714801843,-1.4431967718853578,-1.774626892060964,-2.4556172577656397,-4.126339305182913,-4.479998289008894,-2.601981590462804,-1.2859254603116956,-2.5178697463669533,-3.442976646744666
-3.959218486391628,-4.403128324009321,-3.582058144708341,-3.927498865775788,-3.3532076798132677,-5.174247446466253,-6.083919077799469,-5.912149414311765,-6.84467504568911,-6.101947956185668,-0.45805114666947905,1.0138801242740827,-0.7856228076650875,-2.0356954440412776,-2.51421069713766,-3.0976525452466728,-1.7995833989395291,2.691829064248923,1.6106093107453272,0.46025635644174967,1.2876929567065105,-0.32725375356380054,-0.6587446857443141,-1.5088859700496806,-1.3136728303909408,-1.9787275312314194,-2.9239164550905,-3.7804744928529193,-3.495301242411127,-3.4315777394267784,-2.7895104757639255,-3.0109773869652225,-4.622706341390479,-5.1426925092699936
-5.567144842498904,-4.912496515370804,-4.429270126790416,-4.4169131618438655,-4.5947818547264285,-5.852860627056627,-6.306775860575668,-7.791317673769428,-6.9434182582868615,-6.5444576121833355,-3.20313225491827,-1.8135138291233672,-1.9755412526908076,-3.7788742056409004,-0.9746564970012835,-3.9960372550796195,-3.16323472087456,1.8768473666970158,0.8214623964644304,0.7397269419851954,-0.29249593168506177,-1.1081143718511157,-2.033564892623871,-2.0802472151564113,-1.9226524049149993,-1.7663651858922134,-2.0225981482100988,-6.170245472194443,-5.16575654765311,-5.308570268918965,-3.5378430001268018,-5.159561220779741,-6.0950719311222485,-6.855358588779062
-6.34405901074636,-5.030566447475584,-4.381987245658768,-3.813658173834576,-4.783872125820589,-6.869987947800366,-7.345844756594693,-7.034758202443489,-7.212624601970363,-6.9662469243616325,-5.277232360071636,-2.603742028566772,-3.2676330171450085,-2.8159232763076534,-1.4264048382656516,-3.2317852399892897,-5.770961745609583,0.044065087509804084,0.7396134044664985,-0.9799778075795594,-0.8634623126230853,-1.1138768214245938,-2.142077839661767,-3.2971576069043667,-2.3557709421666617,-1.8202577170645071,-2.4562546155146823,-3.7789573864109505,-3.818174261969629,-4.0216692329787795,-6.108058132089831,-7.165538391531427,-7.746900005360015,-8.585001585356263
-5.174219142828155,-4.403794245787486,-4.638150677292078,-4.433221407041623,-4.998570882854415,-6.634898915283709,-7.744540518710871,-7.630151814558939,-7.356690836792188,-7.851725531928846,-6.70286998988843,-5.052214881294317,-3.068553835276754,-4.230047759288618,-1.7113625604358387,-5.159882745207246,-6.434732440165056,3.2100270778487774,-0.06905959378431956,-0.8997075894056071,-0.49183906680907746,-0.8822831945612851,-1.845626809799935,-2.604733444100768,-2.3972626392316743,-2.772275980357476,-3.651703575697838,-2.7056262151277073,-3.9941200342446432,-5.8975512268594645,-6.14385049821543,-7.526209339116591,-7.886160657193542,-8.07376979767418
-4.912731260920101,-4.877911330909977,-5.118900346139108,-4.565043335396862,-5.79380640101154,-7.289457550379694,-8.284965676333409,-7.964480858813747,-7.173113970475129,-7.32016293266009,-7.163190999102378,-5.668455924779374,-4.21203029838838,-4.4458064759082285,-1.9816161689521499,-4.895923133439774,-6.204364331974866,-2.189358763058602,-0.1301773919395616,-0.2592985471153877,-1.1970025862310099,-1.9830653383710992,-1.9704013766451252,-3.080749310121577,-2.91386914337477,-2.8834641461959594,-4.370510726854338,-5.516118450197859,-5.084814164042835,-5.422361425266579,-6.093050611416368,-7.0208894362955245,-7.842718920641716,-8.063550001539147
-5.1732146351965,-5.201393811914472,-5.513546928545482,-5.620157067571837,-7.314617183128695,-7.644529378057764,-8.115068742286578,-7.882744386463817,-7.647624233945432,-7.319221622658041,-7.37959461608624,-5.578462283491634,-5.585029187338254,-3.23330174323941,-4.110647326594492,-5.543283838503623,-6.986102280601336,-5.908501476130116,0.25602805253927874,0.06717627962255178,-1.7831371681497465,-1.2766088657166605,-2.421428523729275,-2.3774727375302387,-2.959994998662016,-3.111148144814597,-6.330839883511042,-4.0267478087526705,-3.8073790353061674,-4.209378276222872,-5.525314815484704,-6.074730173264321,-7.0234323263574625,-6.889404890230653
-5.524988424573824,-5.6214816362345115,-6.337171835089039,-6.515040437521256,-7.468346446523794,-7.690590255029676,-8.034611079983922,-8.210509017547894,-7.639849446583142,-8.259890772593987,-7.517612858290868,-6.423265050894742,-3.312035953265594,-4.638272272990321,-2.3773321172683524,-5.512675116494304,-8.118532519194966,-7.212866415999832,-3.3743613791585467,-0.5738585415200683,-0.6286747593940633,-0.4783834795265772,-1.9657785182821117,-4.222420186356122,-4.953857419621212,-5.893515108729115,-4.124478555769173,-3.618489146973782,-4.00131800656614,-4.000370057392102,-4.353026348478119,-4.826677011034389,-6.0547380755176725,-5.213896356122878
-6.6632943680686605,-7.056568353897484,-7.23893568172108,-7.186725819343028,-7.153471200460463,-8.123455298074624,-8.17764608881252,-8.122037537226095,-7.9730289728741415,-8.588958795117522,-7.597148420506105,-7.328805534339839,-5.276285935651158,-4.56382797860542,-0.9004832711031858,-4.017274737517212,-7.355396926017255,-5.983096246540255,-5.026021017588263,-1.9830126782971524,-2.056474601718513,-2.791190810758907,-3.337443688170163,-5.814027051571755,-5.634800142941759,-5.310685880241926,-4.359866157012724,-3.587881954274512,-2.7710138782165163,-2.9977471957524693,-2.838836956319255,-4.458118475827756,-5.8162509517394625,-5.590443906809617
-5.981889489474911,-6.083835674332989,-6.842062969830304,-7.139122965221088,-7.408579830727729,-8.378225538015734,-7.985653792152379,-7.797180836036135,-7.8324342215684934,-8.925425282647318,-7.940243335991898,-7.728967415046488,-5.952401000229616,-5.339683468148979,-3.338599480692776,-4.373283389706565,-6.958548931803606,-5.949511325910592,-5.310685408551736,-4.444073607240618,-2.4582629099892412,-4.117800676583273,-5.542372982045068,-6.2547079525769975,-5.932546254851733,-4.3251542650429995,-3.9148050111576964,-2.9249414646576297,-1.1919973115436036,-2.1769803991763808,-3.913081314554128,-4.956945241805452,-5.869985769835886,-5.511114762469007
-6.000817488975099,-6.2397437439540395,-6.687292791346327,-6.809565614051971,-7.016408682156249,-8.0537870498357,-7.814570495021988,-7.950194123347606,-7.88827730114075,-9.323296178672566,-8.437434389506064,-9.092837144857237,-6.471861756130239,-6.1985422466989,-4.741443150437816,-4.870282532692037,-8.019346218317303,-6.392381630365438,-6.159031838138476,-5.327377174024025,-4.118119961297169,-5.310593041042449,-6.659948806187326,-5.560460032112504,-4.57134287139623,-2.7298556842433834,-1.1538277208290755,-1.925726579235797,-1.627363981834016,-2.6433703137127997,-3.6808141025110195,-4.471442432375736,-4.8346427033312445,-4.4588748246597705
-5.795509805980685,-6.041354304104875,-6.403212866492209,-6.758884160186937,-7.208031570022549,-7.600261221709382,-7.470398602482253,-8.023683232337994,-7.970274272020739,-9.071558656225902,-8.82629894962128,-11.012028025884401,-6.962820394521902,-6.062293788232533,-7.662803517402305,-4.813249824486555,-7.930453853014486,-7.47768236609291,-7.409036102692836,-4.885034610266766,-5.577191567300824,-2.131182534716206,-3.2727340963923526,-2.95695347911033,-5.859901725413088,-1.5838850495246757,-0.5264549505127026,-0.4524474475335247,-0.2860162762694868,-1.0981492080029631,-2.830189960788327,-3.3288561526708937,-4.148092837442805,-4.512721773284536
-5.662690767941742,-6.501005681065846,-6.617767217074797,-6.596900965064739,-7.195197771284763,-7.426751822453168,-7.4521928011502085,-7.873139364428331,-8.078555807825492,-9.476012027903103,-11.51207167333291,-9.884212979825774,-6.645309891405484,-6.113655889277162,-5.126759660693217,-5.763603793275159,-7.71170467752273,-8.045367421813848,-6.618105926922549,-7.643765382663663,-7.400722879027877,-4.853013308485582,-2.050501536070093,-1.958978581965762,-2.9717568204073803,-2.133775054898929,-2.5078910372859555,-2.116151243685264,-1.939332995135364,-1.8187499794773319,-1.133358903117887,-1.652015189122899,-4.102577962222915,-3.9804510125620918
-6.006084003910642,-6.41221458170359,-6.881286900336975,-7.537426606929945,-7.639431849834499,-7.410865147583327,-7.646162491489873,-8.022873427872021,-8.22368096173968,-9.268979003155504,-10.88179450419083,-10.722604365136442,-7.691850863810283,-5.866295010480745,-5.032868919669532,-3.604240210213134,-8.025137803147363,-8.439850542412133,-8.883607345124313,-9.948094924842461,-9.326300344359344,-4.41484439142858,-3.814848731293269,-2.9050526827649095,-2.4475983728866013,-1.838354585039685,-0.7603286049573339,-2.139104794683859,-1.2682319711293837,-2.418167897393769,-2.073749602346875,-2.8370528240066584,-1.6361058954991772,1.21688194734071
-6.3848742745081255,-6.971220265525776,-7.491577965800067,-7.6790319466675845,-7.534640178004823,-7.8550966579126005,-7.99663788422703,-8.198780127966625,-8.30993500453777,-9.78227233292472,-10.820645851572204,-11.676901234418617,-9.022959711634291,-5.332004575765218,-4.5694360618385055,-2.8634470851717877,-5.995327108244467,-9.954004425080443,-7.619168545667977,-7.861007516726952,-8.081826173972042,-6.7655175140982875,-6.007870639681661,-5.574371844369941,-4.514902817658623,-2.2251391289947766,-0.49178078355326116,1.0963153323790904,0.6469808303237802,-0.3978913026772158,-1.7113996023461944,-4.122272223695496,-2.8031061202644016,-0.9615295397093878
-7.15080767708566,-7.062680599456082,-7.126035643445655,-7.711446608448839,-7.662361817204124,-8.141051182970354,-8.338559204784666,-8.094433642910005,-8.58569296476915,-8.87817280247923,-10.84769954024011,-11.500103906775912,-8.417349375719349,-5.551493343340969,-4.56945642503057,-4.513712907094843,-7.22027220145807,-9.596279448998324,-8.768747012127497,-7.89009103375676,-6.5274642585994265,-8.852373759317693,-7.081124959494381,-6.537966696448449,-1.8188136745754937,-0.8136065213338233,-0.46218051575817143,0.1284869443645364,0.5534946360032398,0.5214382968465195,-0.7665304588561981,-1.9048044631103214,-1.9079126145174858,-1.042410933125339
-6.996756755946919,-7.160477726262582,-7.0085834994802845,-6.992264180486227,-8.044503942016144,-8.567147072946886,-8.117967243654762,-8.610086108673226,-9.113630085090069,-9.042110359769294,-9.689795777500008,-10.652404703845765,-7.85104391025753,-6.728062026253843,-4.155126673017385,-5.176532246813759,-5.915043652464093,-8.225340745440006,-7.743520278536185,-7.453015076612834,-8.012221050159356,-8.559824835618771,-9.984469455365874,-3.420499896926918,-1.5777372786280248,0.24087936823787276,0.1588009947436188,-0.07584629328484194,-0.5413019932862283,-0.36086087293008506,-0.6404757681016491,-0.8509623288287076,-1.0449316398013757,-0.5137010922722859
-7.008370825020093,-6.58852240191266,-6.563032520033563,-7.4419868318024,-7.907081636177697,-8.099132245227484,-8.358640836603053,-8.883652230748812,-9.602708717015284,-8.865158217814438,-8.469106252938497,-9.147196195072354,-6.250407690915902,-5.691157292345643,-7.053420405313681,-3.79701671185509,-5.331982302092889,-8.347673115882131,-8.636073031157856,-8.71115531984519,-11.814364934720999,-9.274858939504321,-6.088623381633487,-3.5597389161795308,-1.7109089207719035,0.3473425442662634,0.032290771149048894,-0.31625409895587275,-1.6940272221791992,-1.990831165380744,-1.9832695537734384,-1.8769244440117598,-0.7301456793267896,-0.4593693663799498
-6.253845533686712,-6.608492953890247,-6.35261881758896,-7.312296924669568,-7.613149152772472,-7.615398348198044,-7.847311022380395,-8.258516187125757,-9.239106306290179,-8.56449052465059,-8.513418340873349,-8.549110203075767,-7.3418932576868885,-5.8360677512127666,-5.30324138206893,-3.056368594594245,-5.577302372437497,-7.137781220320835,-9.755388923277113,-9.364987860142973,-9.720734069671758,-9.904311901805384,-10.197673023525324,0.1997637394737688,-0.8015706170119681,0.2522076730688826,-0.1786635093336107,-1.2520056652313325,-2.65017387893731,-3.309340731505644,-3.9722531384331337,-3.29315049883731,-1.322223432398058,-1.0901764888584395
