script/wind10m.json
{"header": {"parameterCategory": 2, "parameterNumber": 2, "lo1": 6.000027932988019, "la1": 58.9999434238085, "dx": 0.5, "dy": 0.25, "nx": 22, "ny": 24, "refTime": "2024-05-25T01:00:00.000Z"}, "data":
[rows 0 to 23 of 24, columns 0 to 21 of 22]
-0.9508347464216577,-6.137167205785441,-3.8360626328709015,1.916195222633055,0.82136401868365,1.171131169625444,0.7603498925144448,0.35831339220403174,0.43356878727903503,0.582665094844492,0.10692899416745406,0.46988646418920255,0.7517264669029544,0.8783886416048959,-0.059241625757603514,1.729757070555517,0.035506586001741315,0.4752579803682144,-0.4029971077485227,-0.4886216845047372,-1.3320766417427015,-1.066783632080492
-1.0674077249070555,-2.727312482295307,-2.159706595053807,0.4824440697538326,-0.6378806809464371,-0.13935294510671883,0.49769739869529217,-0.16638093967541337,-0.10356059255460386,-0.4311699214599594,0.5796124023994011,0.501629688523315,0.6355573000212915,0.8651399447083049,2.012021301762177,1.679426303025718,0.6311913902138294,-0.6422805232693605,-0.8135807990293336,-0.6390160520632594,-0.6507647015506598,-0.7044899343305803
-0.2961722691874548,-0.5040960637818057,-1.2972587079340703,-1.5301279969604484,0.7338410796022401,-0.8692074597941626,-1.5034029686513564,-1.1409767256863206,-0.7150682286504519,0.6121037557072168,0.37860017441715826,0.7801904418215218,1.0791116219897992,2.7073772532986453,0.7392700479555228,0.5358178074708649,0.5870656949447847,-0.31868321711155406,-2.1963618210321516,-1.815511704000715,-1.097171096919421,-0.9274200242120608
3.8888273868936962,-1.0444083634609709,0.676017136001957,-0.18759977063051808,-0.25176910090491206,-2.9142722639733396,-2.4503282314169743,-1.17089298977722,-0.17214386144065583,1.106082093078909,0.7717169554026391,0.4662504196239339,1.5696113257004645,1.145619606308031,0.8686905651208745,0.758708658701816,1.0604511155513667,0.6820901719658992,-0.8815400608430363,-1.3768085242328563,-0.6679891357125367,0.2503725116157826
3.9316014513543336,4.773263156351254,1.7688987585945082,-0.9687494616747162,-3.776239429538142,-2.8676374055288285,-1.9584371361893582,-0.6775522885954808,0.8336645783342554,0.884789394779304,2.174142901211393,1.699027594932146,1.1431984433013798,0.7809535118003057,-0.4257141545710004,-0.04285949580938347,0.6152138438789125,0.11145581228671182,0.4422372737468961,0.16590562869745973,-0.287446224211271,0.28203617237385553
3.2350419098046235,3.572020206483656,4.951759821538007,4.054608388639037,2.0767834399603577,-1.7412880340897519,0.17978241347701926,0.2926081999731529,-0.17717103649756896,0.2858647674608313,2.6891696969892553,2.1994289327447385,1.383380876223845,0.9708837984457797,-0.5534095102568655,-0.5927594920544018,0.041204397174656356,0.33188723529734393,-0.28751803241098445,-0.193842121654545,0.5847289982915985,-0.2936066862377822
1.7010281167523509,3.6967316751355015,4.671729014325061,5.852459961462604,4.758470588705228,2.756957208817136,1.4720912184152488,0.09552964596427801,-0.9802839279538429,1.1677116678792885,1.0662810726346226,1.6405705713859364,0.6535545555810426,0.6802670841149645,-0.46457426642647587,-0.516397311084828,-0.5359941204061839,0.0742676702293549,0.3178923694940649,0.8732488070897677,0.2106170215791022,-1.0469517450683086
0.9346074706317412,2.7096384080422964,2.936149906746591,5.124089747161854,4.627354599541227,3.843591667865753,1.9701463702074908,-0.4970571553109737,-0.3341919220829088,0.7335882976819341,0.2775473044731159,1.2789347487848008,1.4878589614072706,0.3531790391279009,-0.1533073827592203,0.13515236345486392,0.0651994236959704,-0.5273188836090807,-0.37911008508513167,1.4629504264650686,0.4478374840828133,-1.6381283520191874
2.2265142059674594,1.4665583669622324,2.2338537813259802,2.4808380946075843,3.172072251769526,0.011342026633607538,1.6718050321101374,0.11751563803466056,0.5380415671986664,-0.8401037356704296,-1.5841710030473544,-0.30296888039832254,0.5378127516064617,-0.3467759855119549,0.09226181526050863,-0.20501373540941412,-0.6346195025159911,-0.15832492411667695,-1.5510557160558074,-0.19296016839353386,0.366347256829311,-2.609041133852528
0.9833696696432309,1.1590634999698515,0.7680382810012086,0.7519911814650418,0.5002198841427276,-0.28887101798949866,0.36543711432697673,0.12032446123034832,0.17081097396219708,-1.1239298598357967,-2.5803041586360633,-1.2796606567023652,-1.739114040197088,-1.0994769759197902,-0.6340123957269491,-0.43293561202902137,0.21733934881948433,-0.4873493938562758,-0.6879536761415643,-0.4995295849913305,-0.10100704240539073,-2.043954637336435
-0.3649730512588196,-0.6232351441609693,-0.6074163801247615,-1.1332273121408294,-1.9060154173337789,-0.1163039101574854,0.33798214865167653,-0.41792163371371777,-0.4463286148459922,0.15742568602314344,-2.184539288821903,-1.6292369229206405,-1.520274245511593,-2.8883715248592585,-0.7572944268259476,-0.9347612313730967,-0.691462226181916,-0.9874723008485651,-0.9506242169439345,-0.30431058426715607,-0.8963381391851735,-1.9673116842244465
-1.6634282639324518,-1.8779288556160916,-2.263634232460865,-3.0103338495177177,-2.614810541313389,-0.8848305354270142,-1.7356915788171794,-1.130316468721896,-0.40834558965601947,-1.519208038875201,-2.0631524689979095,-1.3332355246323775,-1.8361979081522923,-1.4876297177663187,-1.2835699928466946,-0.6608041888745226,-0.31551314190584795,-0.6473609928185093,-0.3628106660856865,0.26112580086212606,-0.5586535430628812,-1.9414423016585085
-2.3587866834729105,-3.2470058912019284,-4.142192716346264,-4.636005553976818,-4.086632274563404,-1.582994139448354,-1.525750268274609,-0.8755269600774357,-1.3853671966321133,-0.28953109111960823,-0.936537345024922,-1.4608766744800616,-0.17678321701860214,-0.7111171930869953,-1.5915876516403094,-0.9099857182844657,-0.8261237629424495,-1.3021341410907632,-1.613863866042968,-0.23575789404712272,-1.9817375885845094,-1.4391597466789858
-3.864314663656716,-4.984999598085568,-5.381624841186825,-6.194205269920965,-5.170135589497134,-1.6385393096431395,-1.705511700613546,-1.5935913237922177,-0.10333794509534569,-0.5906167972132906,-0.8079029375395232,0.46961499140142215,0.3269175910130232,-1.3358305923374207,-1.8895152808454572,-1.2582692867887788,-0.4196665763928431,-1.1185625921674556,-0.8739100027891864,-0.7298924099985699,-2.9513992529452784,-2.532990189737496
-4.498684898814998,-5.646300494384277,-6.874231372971866,-5.981275383029946,-3.8427127225875086,-1.4348022211779898,-2.3096923878561277,-1.2278145370843019,-1.5380912952415093,-1.858760267183522,-2.090085687085128,0.04196732613288581,-0.06153787817154408,-3.0979401049089956,-2.1958760021156887,-1.1871532033618861,-2.5523509109009854,-2.662421193182298,-1.9780782110507553,-1.325430511614744,-4.983150014878813,-3.880374915980902
-4.669506637831491,-5.84777226949237,-6.908832546386568,-5.618719234438045,-5.595709625051474,-4.106658170781248,-2.6708582564359453,-2.053540199552873,-3.1174412488819034,-1.2138624948598862,-2.9194062042113944,-0.6261429540382629,0.5246921660692885,-2.451937265704922,-3.405034757050332,-2.6238459561966185,-3.342429166406189,-2.5963235543196665,-0.17715038272484776,-5.055338849002029,-3.3995985623506346,-4.145324823621823
-5.049231862491531,-6.398568185475931,-6.36712903828175,-5.393468848554833,-5.323434788036497,-7.177194520058015,-2.760809018303321,-2.4475803801456193,-4.838169390952631,-2.990484867961319,-3.284025110846143,-2.4230109029874503,-1.6960213513919815,-0.76654009037512,-3.051183423347403,-2.9701327405201057,-3.250978031283079,-2.5378398297853413,-2.0321943353649594,-3.2626644744358795,-5.246240885440876,-7.534945529649126
-5.8120783370892735,-5.827873601953508,-4.798884500108844,-5.469020326980053,-5.737349247409393,-5.422175619861462,-1.8232067390573488,-2.1537702207315617,-5.392156496634443,-2.983743865511368,-1.179357737495343,-1.01750410109955,-1.7285662061737983,-2.3788055281386953,-3.4094956862543992,-4.54152872555952,-4.054863258721553,-2.4356918214789505,-2.6382969666173484,-5.057779022028221,-5.759381710376449,-7.7817073315949
-6.284899341940321,-5.874324250355106,-4.734626890814986,-5.376145227540759,-6.089858517484894,-6.41612002276719,-1.8912701362318272,-2.2044051762338066,-4.8910089343617935,-3.311571333808459,-1.5574286786277256,-3.6284323354853423,-3.50784872234423,-2.5521329860698714,-3.6347288724367033,-2.558172030638613,-2.6735044415382196,-2.710999973191682,-5.71125269946297,-6.144400146711547,-5.0463043812964985,-3.3314176038085686
-6.09776557753401,-5.835178997749782,-5.135384647004531,-5.1957791289151904,-6.573693822171276,-5.435419309149122,-1.1208617373634238,-1.7509470963842402,-1.9161363391309774,-2.3908718282457424,-2.6888031070443215,-4.524240702842124,-3.3269431171993404,-1.5009150405316365,-1.3185177747498296,-2.9958771116671756,-4.254088435640683,-5.597614351944663,-5.407789774343321,-6.1911630288551045,-1.7984920556586945,-1.792011278982217
-6.233796805690148,-5.601304920344864,-5.418273283376576,-6.838549324883923,-6.242759726324073,-6.688021587289113,-2.369421446809225,-2.196309582208787,-2.138536716767864,-2.9423806658456106,-4.510010062922204,-2.6454906916127268,-1.3683909280570181,-1.5136871427910286,-0.9108177301352125,-0.29123360259357267,-2.8297922492612466,-7.362940809482967,-1.329337100405628,-1.463563810674589,-1.593530476147092,-0.8205029348295508
-6.28517814172241,-6.496926982536899,-8.311296161186903,-6.898510547168688,-8.471619982319814,-4.501886163381524,-2.6679241968969594,-2.02421967153068,-2.5654982225347296,-1.8646351392787717,-1.9636760523261452,-2.305603395106674,0.13550150746648493,-1.577581173049784,-0.950631300516733,-0.7538073148659581,-2.976331074676353,-3.627090299300941,-1.4932491271347066,-1.1642045732012705,-1.7068334201588218,-1.6823696956547625
-5.708075839307648,-7.773026287739528,-6.057040392017171,-3.5578980924888057,-4.310909388767635,-3.4561895750687808,-1.7430291879414388,-2.1872462229039122,-2.799182318001104,-1.4812328816603462,-0.9812503746937999,-1.7193671031279985,-2.1782548022319235,-1.570357191020914,-1.405258845672847,-0.9313026736682792,-1.8030674654807906,-1.5663841601191035,-2.048970135378148,-1.5797123699482094,-1.3762882314523828,-1.3803307515695864
-2.5364879702414793,-2.050664004450625,-3.501966106850589,-3.7307245651693606,-2.415307938828991,-2.4175891471459505,-2.5145389794524977,-2.153471248438847,-1.8170402968874475,-1.43788446582901,-0.46437274339348705,-0.9263760005564148,-1.8058327962042842,-1.1672526951888318,-1.4702896843574296,-1.9146928887144554,-1.619515054421743,-2.58225476095957,-2.112546406480838,-1.9030625377259929,-1.4614465146954496,-1.2983966974125807
