script/wind150m.json
{"header": {"parameterCategory": 2, "parameterNumber": 2, "lo1": 6.000198445256149, "la1": 58.999992894266676, "dx": 0.5, "dy": 0.25, "nx": 22, "ny": 24, "refTime": "2024-04-27T17:00:00.000Z"}, "data":
[rows 0 to 23 of 24, columns 0 to 21 of 22]
-4.883134772892215,-9.837866398588517,-4.297443233605451,-3.987356938140401,-5.023876376525708,-10.359703353800883,-1.4315256047982199,-13.839368762631622,-12.535554350891989,-8.220358019291378,1.2920479251649621,-3.428673752276831,-10.909827972831838,-0.08350059288856292,-2.314391828605588,-3.840618216169394,-3.2119409046796377,1.4325611318337268,0.9102087426425586,0.7291190312768517,-5.626469804265724,-2.3371515409749457
-3.2816939953554796,-5.461346816061744,-13.211278086608916,0.3287247051555626,-0.13576451193503636,-3.4721193817273925,-14.04227697615297,-7.495093201315027,-4.104794615908253,-7.65765229425739,-13.957003584498619,-2.361781661389029,-1.5642052693318937,-2.0016337382412988,-7.691319055788178,0.5142832192213882,-9.805793051110586,-3.5713175454409796,-9.28500923024261,-6.662842367186316,-2.795517605258067,-2.1510484359121027
-2.615694571706717,-6.5202025148891405,-1.1449211548703482,-3.481228800561671,-9.574169214298298,-1.7999233626795321,4.487769036357241,0.9227203878310823,-5.933200983576932,-13.018984656415755,-5.796613781645098,-0.03025346065107743,1.4193361186015303,-7.681495456342973,-4.536813657444732,1.0704362237227738,-9.220264152184257,-5.655907938489772,-5.6721694994373655,-6.791671740155422,-4.169560799241582,-1.1460094679294472
-13.415501929625362,-12.07456188961671,-9.60434063720446,-3.015897908552166,-8.948872910053655,-4.283587535929493,-8.258914295990275,-11.634258241233859,-5.73467620936848,-2.2682775769523422,-3.0872140307848217,-4.672922954667817,-2.590477369723922,-9.106258133479487,-6.571497229925682,-4.130086031393533,-4.283836414534084,-7.13142500615723,-8.285847411524045,-8.39892379288869,-0.7660104549467919,-12.682932836656185
-6.048432255051698,-2.0010614372718907,0.36493100278303997,-2.852296042465949,-4.0421889226340095,-13.265044826336727,-1.6186388777751537,-1.062868251373525,-7.435537159064185,-9.561736874605018,-5.577911402159848,-0.0806418300888649,-0.06478835769965585,-2.2646843516693598,-2.082119359793737,-0.8590311009213984,-9.453463848251705,-8.94193105628377,-6.870574412423523,-1.116142920242727,-1.4856346143803878,-13.43932209057301
-5.782391395133117,-13.27506270889448,-3.5024271939640634,-3.8762596570328927,-8.099770723130158,-8.607620795977864,-3.8287689613080578,-8.345705164773548,1.3718017779467988,-8.82030462519217,-8.814244225719408,-3.6616876765904633,-8.147047107578468,-4.346787460929328,1.972269393562985,-6.885287328447071,-4.55656360580102,-11.052630179404416,-1.055813231116723,-5.914253013116909,-6.377943594465711,-7.78583022110408
-5.62054451479048,-11.83164697278876,-6.820839419396739,-1.8280174405651664,-8.482740248433174,-14.004470833239866,1.9370773651329898,1.194064111436304,-10.216504582607923,-6.174076287034054,-3.089448224373801,-1.8365658336174362,-10.395833225954044,-5.522448487998694,-8.745135379763829,-11.075669258581287,-4.187678756717908,-6.9527623433299635,-4.173294108372198,-9.95812178773377,-1.4676795766987798,-7.678606673259724
-8.199511830067,0.18602362594447727,-14.70578694575877,-5.750778844830017,-3.845677569982507,-2.355084637529238,-4.0682209659179245,-3.622107954355724,-9.581564579421503,0.6605694111666413,-10.369114386257555,-5.301695435328715,1.0744375511147377,-0.6449241673792764,-10.963987330224477,-6.802140901022616,-10.677861698102056,-9.217155301808468,-3.2404401926840403,-9.017009771942275,-4.709980090341192,-5.726077843308438
-5.403961951134737,-7.138401630308581,-3.135646147764024,-11.550271401063089,-10.694137095665647,1.2977974628762263,-12.268720409458153,-2.2373592471498673,0.7639475548694287,0.5765070317167533,-6.452720963229293,-6.978807423834799,-6.315961867612882,-8.087099067131087,-1.0810737083061834,-10.304657960044734,-12.404413230345899,-2.4016972451158103,-11.67159227007844,-10.480844428342166,-8.487762196131081,-14.072970636211359
-0.20005715394729587,-2.8774189416161633,-3.9319564532369253,-5.626688280218452,-5.600523961959351,-3.1084199870455964,-4.048955863747658,-0.5683080421410402,-8.073492901886903,-9.446582876450963,-3.2948258492339395,-6.271297974027986,0.6484805503116307,-8.047606512097246,-3.7174560010450355,-2.663836135230179,-9.661962380054154,-6.765968605243201,-6.299398243786148,-2.9424600143650923,-6.791948976988591,0.18108650154738296
-3.592310893945636,-5.342320663308234,-9.035886386251017,-13.216021343526311,-3.6452059400960426,-13.031929039832452,-2.922371157492683,-13.057700454016492,-8.573346635301869,-4.406574109886286,-7.444138426781781,-10.790079487096078,-2.958060196502175,-0.05717513551327385,-12.590294786733615,-13.395728108008552,-4.974858666570212,-7.395404310047998,-13.09614369938041,-3.561710393847796,-3.8127972393319385,-5.750903000502852
-5.554460507332029,-8.97020632703564,-6.936305200387904,-3.985855710694358,-2.4228400845307396,-9.062664829774404,-8.28607564695802,-5.774542233068776,-7.0176041549463095,-4.133090746067832,-3.9361828184241947,0.016508593987221876,-6.792058555772412,-3.2951159891826447,-2.198351688676395,2.373323377828747,-6.02667038977066,-1.7330841504963823,-7.40338180288639,-10.136212469382274,-9.23326095903939,-4.923031669619397
-7.535329639181309,-2.9815240978085713,-0.1965839323486205,-7.983612653298934,-12.435504678187597,0.7171227631023622,-6.072166399643793,-6.48598457376647,-2.945432506783097,-9.410200805007188,-2.3528006893096207,-11.887600326539612,-4.628399181826093,-10.090333408282701,-5.750577830627239,-8.904577036578898,-3.758274146178999,-12.140689004565383,-7.22327524126149,-5.993808481292256,-2.5247360848492795,1.7370992045011069
-9.155538818252635,-2.0632420166768424,-12.695864257164027,-11.247585927642328,0.9507850674764722,-8.060650858938684,-0.0247674353636719,-7.64909303230209,-7.206888240932675,-12.271101350965358,0.7386319784232325,-8.068147190233763,-5.606113690654584,-5.882808717024393,-9.36329769106445,-3.966566794711959,-7.08599214956356,-3.296359774063043,-6.0197314825197346,-2.1373995419673855,-1.8442246500167496,-5.438366466870131
-10.678400938542598,-3.9322845825975734,-1.5859578568388637,-3.7947955074825557,-3.0665498696455997,0.1227037540650921,-4.217996171525537,-8.733205612601244,-2.9149459811600757,-3.2216572372922023,-2.4045023961439562,-13.174878247780699,-6.691714643171529,-10.370082655659289,-3.572508720914133,-0.712665679257199,-1.3486327682211383,-2.369425194734748,1.5894586589388542,-2.530400205333506,-10.89582126333807,-8.37316782066708
-4.499491034109733,0.03037794464467801,-10.1939620310166,-7.970903450819819,-10.871362810390094,-10.898945979574485,0.6813648899486897,-8.07588215692667,-1.571458297293907,-5.517722674776179,-5.654652878546561,-13.935132005128946,-2.6027453002344747,-6.090491967708877,-7.875885632986205,-3.495034949778684,-9.446168894102286,-8.17498457724106,-12.265020636082532,0.9759077891342837,-5.447590932228081,-1.7959254619833604
-1.6652270387903771,-12.71640521180207,-2.898275700698168,-4.898998202180553,0.023069820510191116,-10.263514608415393,-10.558213311719813,-5.520779583746668,-3.3351525254302397,-4.999911842215921,-3.1915010840134084,-3.3676534543910623,-3.2338794839562683,-3.7496162427927384,-2.825730179238402,3.2988124150440554,-4.171972583187071,-12.615017710655538,-8.285436157236774,-12.022401559378112,-0.11871882609176786,-8.282156900326532
-3.7229893040784177,-7.795655159003409,-10.621997943496666,-0.3934815606573556,-11.61410169091828,-6.797600430316102,-13.183518284436364,-10.747345165097359,-3.0253489151781228,-7.894297863679212,-10.455712251140652,-4.851947227455858,-8.8317239543539,-0.11594269408570038,-2.4126888797356503,-2.224204709106447,-6.953059884763158,-2.933187892478246,-2.4742623425988275,-2.1177967287495525,1.5057560948831268,-10.581129844525998
-5.01915114861187,-6.901879596526426,-1.525728765978861,-12.622828720125307,-5.818801194784406,-5.806302730385954,-12.859784940809563,-13.800938140668826,-2.3034456131119603,-6.108021660850308,-5.493415070595007,-3.852426196182874,-3.5681843255149164,-11.351917086772765,-5.148658234337397,-2.798394046094853,-8.215852054714933,-7.393047073656361,-1.8450391405833144,-2.434819713011621,-3.785311636213887,-4.502090946130679
-3.5001207981064435,-9.342956425877551,-13.167709790833218,-7.879076607063268,-11.399083131961492,-4.91120631517975,-10.486243642825803,-1.160266076040242,-6.4467946366089395,-8.46043920452003,-8.526083901771832,-9.646590223911794,-1.1189062226965567,-13.708822137061956,1.1066865421197145,1.816049729633515,-9.01626021896689,-5.597496393504407,-4.182149913197121,-3.4075456605424,-4.153119810413445,-6.2866914579564135
-9.488007976638073,-4.644073877617717,0.454373276234374,-3.0535481734502112,1.1340618694611335,-4.801180540585875,-0.9934055585217522,-8.160193011142479,-0.3559293318649471,-8.749067423971786,-0.3911637353719501,-0.7904847092278794,-7.8854725336908285,-5.487790582886294,-5.948117742975401,-12.919697215815777,-4.085742993610325,-5.184073136739328,-7.009637462974316,-1.8258977076084864,-3.0846301051700515,-7.721005878361117
0.39806954602602473,-9.551891865123277,-6.457986296958561,-1.0231508341252782,-4.732908466218436,-3.2111697909212964,-8.546797255461206,-10.125838280685395,-6.515427364476517,-2.8968757479101366,-10.330548296086583,-6.816976812165062,-1.6753152196560195,-8.742136098920419,-3.9701192103752017,-3.9145916927519497,-11.890076207992578,-4.897157605488556,-3.4481708587863427,-6.882853512881557,-9.439723423734295,-2.016383573256028
-13.437173786054917,-2.6242379606500172,-3.279160978019176,-10.674315522736604,-5.6613658356311065,-5.109181361758889,-1.0690830434925704,-0.21834231676871574,-5.171457569647065,-6.050677150714926,1.4144534848626007,-6.70980725502804,-10.08910886347473,0.7638292150123968,-6.274206693578498,-2.0814834204409816,-0.17313580212233956,-12.86399474978717,-8.561503690254598,-6.416678024767919,-3.1409636919626607,-9.324812634730085
-5.047274903582954,-9.832249689050448,0.3227346895558727,-6.963385765169163,-5.3029009066458475,-4.304297430332732,-10.143180220974877,-8.24908671365951,-5.507125293903764,-7.568599334136984,-11.483641398342566,0.6009596150420177,-4.044698249293322,-3.0251401701452223,-10.02842314630089,-4.712547903923443,-12.456500155648941,-4.38166706961112,-5.030890609821763,-3.154465153937706,-1.3550521099660096,-8.794288148702165
