script/wind250m.json
{"header": {"parameterCategory": 2, "parameterNumber": 3, "lo1": 6.000198445256149, "la1": 58.999992894266676, "dx": 0.5, "dy": 0.25, "nx": 22, "ny": 24, "refTime": "2024-03-12T08:00:00.000Z"}, "data":
[rows 0 to 23 of 24, columns 0 to 21 of 22]
-0.17042731953703646,3.673294181600727,-2.5552468100442454,1.7770053410510749,2.3843268480292212,3.5663018420561565,1.5289435823064426,-0.7288052022821417,0.4846040415003257,3.2980115350197963,-2.2869906413823293,0.31866974440172635,0.3336271587364515,-4.352445954539293,-5.747738527626104,2.094755427365019,0.2707036846791978,-2.06937821591699,-0.1417193681810463,2.019453696613495,2.499956202618502,-5.305442222358021
-7.27719064715907,-0.4819573479697914,-0.9794915398046723,-6.285934199665436,2.751057436994019,-1.9298882812003177,3.1128026922637515,-2.230406925346907,2.309290783091936,-1.212081040670593,0.8369759098955674,3.2109677870581144,0.7225606693182333,-1.082445204705521,-0.9686989675864887,1.7939014391343042,-1.6423294126562316,0.40223661034324354,1.2412835264220556,0.08458037693001376,3.3110305613844613,1.6082235940959817
1.100438096444945,-2.323987641639339,-0.5608994403591357,1.3499271557030161,0.033624603996385435,-0.2847159417384769,-0.6014320956219494,-3.5376643648142605,3.6730533986999743,3.4384991126408577,3.347516942704737,-0.1646887239126675,-0.5215191259612095,-0.43475804584090555,0.6546961058270646,0.5951401693500167,2.7981363292610704,0.3269251322469975,-0.7114730192197173,2.478841424633593,-2.9641355274862047,1.0538599355491123
1.4470578551574889,0.21562165158811825,0.5991066452948606,1.9890496281693804,1.403719305975443,0.19179066895521357,-2.79138552005486,2.26966477014183,1.6432310665158736,3.585435082137917,1.5150609264191228,-2.9281055313189084,-1.1226363262441013,-1.9724463072525156,-0.8790927924655708,3.433571355982663,1.8577070902900392,-0.13321543059854765,4.035222088710475,-0.3508947400994917,-2.9367887439212614,-1.5452097911325393
2.1534154059496937,1.4801203158990255,0.5486177255007186,0.6585792953302054,0.8462185736529482,-0.04145037375063663,3.5883950406065095,-1.3911115599907826,-1.810682435875647,0.5585801961948036,1.2495887115465578,0.2856162117040436,-0.7822018399576194,-0.8216590309376988,1.6100667486552396,1.5625164518130807,3.335538206722728,-0.7723964025210376,3.2455470921656056,0.10530184684006444,3.2125519563246367,-3.38971132862093
1.1102112278104308,1.0661489065583776,-0.5165658696824266,1.3182062049828402,0.4143213965097337,3.1049651360704917,-0.8996329526528912,0.37058438287198964,-0.09094154320932596,1.8166725156076171,3.162505664004903,-4.251941587458043,-0.22335492573049667,-7.991696367161707,1.1032454848194229,0.5942943205821181,0.5513778766882766,1.5811582702822147,2.239806156226129,1.8468256705322963,1.4715928812793275,1.341780405525453
-4.042896450522217,-0.6331169471671515,0.18951547775190353,0.4019623444324794,-0.1603809996280667,2.092561976338653,2.7897451360900507,-0.5584186425515981,-1.6650254524736692,-0.5366968356699201,-1.7806643551143206,0.33767231473984566,2.779899053574672,1.3882130178546062,-0.8038169674000195,0.6880927676751414,0.42287666345322056,0.053872432937550466,0.7446587807487448,-0.9333583742760075,2.243989412549918,-1.3143558038503127
1.0512743339129078,-0.42077225880389896,1.2835701783447915,1.0736125750677734,2.3413668716213327,3.1451170649217453,0.39485708425484806,-1.9912478445374262,1.0891531382935917,0.8827109641366775,2.144271863677028,-0.31253816110052873,1.1835915979086578,-3.684101643630305,4.369388675498168,-4.700240006515775,0.8814980930909431,-0.3807698611038523,0.6701109548179891,0.12767906287125833,-0.06270064313293165,3.821200057192229
-0.33959555895257193,2.0051800595613685,1.3368037212860746,1.184701994342199,-0.912295629090298,-1.9742835170869808,2.580042472861954,-3.795764781256833,1.1182392749277725,4.323417410926366,1.3235383227132056,2.9151860867475623,3.4365334149923568,3.4757139133455186,1.555473524925424,0.9051973169105738,-0.0472130615359767,2.6964636106908233,-0.05981672767213724,2.3138188603307737,1.5878870521229338,2.77396815003734
-2.3073730682897478,0.38549198582269356,-6.451110283783297,-2.1446115386511035,-0.6751254539502268,0.44700162435121416,1.2198668895499345,-6.992646695988765,-1.3476176394964088,-0.9893643505982043,-1.0343165716710387,2.6467846484864817,1.621648714758538,-1.184231236187492,2.192907174229952,1.6684442519388172,3.25243246645937,-1.1876316278291421,-0.9924564733989358,0.08009925474070599,2.068475989941583,2.870940149835492
-0.253016427340081,-3.4026884648268694,0.4337640059816093,-2.0446342098210173,0.06465795147552146,1.455309722579274,1.3782986356512552,0.39289784338617445,-1.435541800525211,2.011484551491386,1.6355128990587853,0.5259879670187732,-2.9009926924467018,0.974747204789382,1.9130655126050398,-0.4676613779050555,1.2219015332129757,2.389927142700246,-4.099140291039983,-0.008749103208926102,1.1999910470418196,2.9890852856443475
-2.723332815467258,-4.085352536687284,3.182292428631929,0.3371442428724703,0.27868081701651787,1.8915494764945506,-1.4064987345683369,-3.541417182991612,-0.25138091071738183,1.185702258699268,0.4169944485708282,0.4341268192218094,0.33867724601676463,0.09122806215027997,1.1070514208822444,0.5811171521729714,0.7601352151604697,-2.3528250296713047,-0.04092941222546429,2.558289176510117,-0.6661631422336194,-0.46476960488391467
1.7341105905997525,2.261900276726209,-0.2804639543498297,1.106801977310533,0.10941744708212388,1.1718930783979895,-0.6086280464263809,-1.2248739843772716,1.9647772884734533,0.005760730677022455,-9.565412789989557,2.0020936785349006,3.417876562053869,2.203386678433625,2.0202644758513264,2.8093066648482905,1.5142676358358522,-1.167611401995554,2.647597640901299,4.1634642658067245,2.6745026709546256,2.1683335652991005
2.4811659504436405,-0.4827064777149639,1.1968208308323067,0.30666162269923797,2.49840427716505,-0.8761902439078091,3.222453530663876,-0.6961037130121437,1.1576848110542624,0.9797712286499876,1.2692226018788046,1.7441908636421442,-2.4437043969039145,-0.9005116973091779,1.5968085760445945,-0.626859987828145,-0.10404540381232485,1.0133365005470738,2.576496881298606,2.174493543937181,0.6742096370786587,-1.1917531672063373
0.7755301492717747,1.4847834522154675,0.412031095701633,-6.491701027081047,0.8713982623345515,0.33582862389604856,-0.26429958151125205,1.2261833703285459,1.7859799283814732,-0.8172317896642936,1.4247756288286382,0.3055330121700697,3.397374692389969,4.309463789905864,-0.5140850332229502,-4.81170006659206,1.5001500389992946,-0.3606752161070361,-1.4639705100767528,3.33816982637439,2.7819830055222945,0.02687213284247203
1.3423357250642347,2.5136938594545835,0.8116073074290476,-1.9272082606893541,1.529665331045334,2.6352270395305335,-0.9063855825588202,0.41689940751017335,-0.929398731445887,-1.1418745990515942,2.2893782907836813,1.3646831355933986,-0.21853240969583634,0.7719361815073568,0.5545001797883833,-8.483417509998892,0.0009142468410702271,0.4179378736454931,1.1129932006807237,3.5665803638042797,3.7084396564893396,0.5522078648171281
0.3810363799128466,1.8109264571282293,-1.6518157708614463,3.0753963097880748,0.8466964088013966,-1.1593895974347996,2.4047949977389442,2.95224017048827,0.6919655859649607,1.0687180586932032,0.4681273570880707,-1.2454539099611441,0.23083756161332677,2.0043010051171306,0.21649132977037294,-8.423284656516513,-8.36055485244111,-0.22537336969843724,0.811200738835784,1.3766265468947887,-5.5327304053531465,0.6061969789188948
0.7460411533724696,1.0446601145241,-1.4537600528801837,0.8398419191203214,-2.2760428066996328,-0.17054597747283745,0.8111524608261008,0.04045910884268538,-0.8115114503583628,0.5915007411999226,1.0004500971702595,1.2398731040880715,2.8192056316869474,-4.708519576613062,1.6116215659256408,1.0926440399802813,2.599797848212725,1.2686253640822853,-9.85562322496342,2.6211024216198795,-2.056217566343591,0.4702276158610137
-0.7221869739089972,3.395694502022662,-8.110656285686776,1.233443914876486,3.9769172496052665,1.9990545088182556,2.9956456977702146,1.0526151707016964,1.7934095575078324,0.592500420713762,-0.36709702291145935,-1.795847305816549,0.3782633774818067,-0.2732023649396546,0.4993105065177879,2.183723035725369,0.4501653679055223,0.1581769069191177,1.932102945026527,-0.8282299020691356,-0.06957700914077355,0.024212809900345227
3.572106594729006,4.660909520936304,1.1565352161794547,1.6797801703810813,1.9985140383723474,2.211696785524289,0.21986539313864334,4.295565236724583,-9.474916264384685,0.6127621492335856,1.3909635756092034,-0.039623030451218066,-1.3291707305875016,0.7265847366957635,-2.531813431175272,1.0732301448696695,0.4809819009721299,1.8617659132686175,0.542322004749616,1.4888127960695254,3.394822405406144,0.007531806141492911
1.5744317699202488,2.2005492490648217,-1.2299094493649727,0.21969814927393772,-0.8873328524883702,3.027663258166568,1.5490173839540684,-0.9661714366334223,0.26928274976433353,3.2679005207573772,1.1820010575876985,-0.039483764346371616,3.8311072414546454,-2.155958529996304,1.8861749087752524,0.17069102765709435,1.3525615955822767,0.1049292288069619,1.512706034705747,1.2544298869266781,-0.4764900972152413,0.32742738197284255
2.150479728004923,0.6140082230331414,1.2994373168918887,2.0828423583439557,-0.3008781328710302,2.0748416774613183,0.3994593703608586,1.2375173496717864,-2.1671393086224704,2.411181759543357,0.18487137019209465,2.947334181333089,-6.073043435694647,2.410349102900212,1.6181265914301644,2.5462634709593392,0.8262878768527377,3.815962118001192,-0.7918427499153143,0.5185175537484972,-2.360081691370846,0.18104887498878222
1.7059279338081224,-0.23939512287130915,2.1052010798421366,0.38537580594880444,0.06417567737518529,2.2651460747314665,-9.122285035954318,-0.4157031815618024,-3.842254683576191,3.493225255855943,-1.6286516278831795,0.23900001703040025,-0.7924011332614137,-0.8111076884675749,3.9515740021854597,1.9042940126483348,-1.3910047837378916,1.2820106644500673,-0.05159274898333758,1.0042460071976862,-2.497220704791643,0.7312237733521253
3.83939735034867,3.520905116143033,-8.591587797031716,1.9306254923582058,0.007440857685318182,1.2850471183541023,-1.59404755762656,1.3368686598662238,1.9176150571749573,0.5620211848009864,-0.20715435049251604,1.9003115273133417,0.6679637533496774,2.3995664924930087,1.3248547160923942,-2.101754418137846,0.6286715090487046,-1.4292250093916952,3.1943518334676484,0.6995805705719458,1.3328292974702174,0.9467782015189286
