script/wind100m.json
[{"header": {"parameterCategory": 2, "parameterNumber": 2, "lo1": 6.000198445256149, "la1": 58.999992894266676, "dx": 0.5, "dy": 0.25, "nx": 22, "ny": 24, "refTime": "2024-03-15T18:00:00.000Z"}, "data": [1.2527736194788897, 5.549023719055446, 7.864579320744246, 11.291422319926701, 11.58761366103549, 4.719224169278372, 8.2716926023963, 3.569408493528656, 3.48421843709015, 3.1647763470958226, 4.76886954809336, 8.437754838333342, 3.507457356839772, 10.239006529030688, 4.798968566621754, 2.6533533791021986, 5.307603804113579, 9.516368661977289, 3.9378437435831466, -0.05920912181114406, 4.289427672618393, 5.456187004940127, -0.36765073557956995, 0.9519966096748735, 2.891254055541746, 4.455990080854007, 7.2891706483756815, 9.593100350571746, 11.873657172786537, 5.6100835436881065, 10.195924173186038, 7.942214986414125, 5.119283559570641, 4.537709163584757, 7.320334921015386, 9.621016949669949, 6.518067534590349, 9.61809388418079, 4.117739737762284, -1.1113700473195187, 4.483400775185802, 4.77954676970716, 5.411401067171841, 5.251131635780237, 3.1838627103506565, 5.11692708113627, 11.733458234581917, 5.782606322745065, 5.826325262470376, 1.2388585119673978, 6.851217460475702, 4.881242839311401, -0.5085757217051169, 4.639873852713519, 2.709887791066636, 4.268908460276768, 7.105852792585972, 4.696793346592119, 2.2839765679248574, 5.438712480019484, 7.857072818660571, 4.77859566899276, 7.416965836769537, 9.422936411009454, 5.413884121959445, 7.885203574179035, 4.244951335598886, 6.404085236432084, 6.687742573161483, -0.8916654350581895, 4.414639392111095, 4.525094195112137, 7.546712280942865, 4.867665629181843, 5.714733321255812, 5.542471609105774, 5.203853080709334, 7.239855994404698, 10.994541278822695, 5.455534305244919, 3.7448302862716956, 4.917669358051872, 7.00203652963636, 3.8325722308675636, 4.807289462209938, 4.191534294634741, 7.662461614542681, 4.822284759586565, 7.777859753587893, 0.49276723194510647, 2.591851284203107, 0.9433951719488376, 9.44479052396092, 6.409762750109278, 8.560781820077484, 7.577976843517522, 5.300681612397416, 3.765880990018206, 5.992580160192045, 9.362642873504855, 6.638040808980926, -0.48508656863775024, 11.68353191384656, 10.963382445023914, 3.821470425541756, 1.8313321831126324, 3.2763617657543778, 6.515296034960182, 10.563549432127685, 9.482466989720855, 9.258548729434029, 9.890265244119496, 11.37103395729594, 4.7627408609474315, 4.5168564466343115, 9.246591097864828, 5.112616753257616, 7.254137709064972, 5.221930136409602, 2.3022638079668254, 1.8395424096253927, 5.1688091358937465, 5.732483408875932, 5.1379815494000685, 11.28981461806174, 5.8058445520433235, 7.550755909663136, 8.065815038222835, -0.5816955272050155, 2.7375642573013534, 6.956634406297641, 4.017291452938096, 2.5107753239050594, 7.1651339794567255, 2.7956009681652985, 9.447646595339947, 8.893779650973215, 1.2780602846905507, 2.6249898425565785, 8.629302290140034, 4.099596056520045, -0.041240117125572885, 5.35906251254018, 2.7100201650754796, 5.094191377823214, 5.179134444554661, 10.521379051444114, 6.081976656028236, 4.858880720610997, 5.1423555479341525, 9.667624922727882, 7.290029681010035, 4.735135800926801, 9.614997531036012, 7.740079047455759, 4.807215755040124, 6.292742797538502, 2.3441027461955706, 8.18392553757449, 3.168902502546577, 10.98409350802895, -0.519722307076678, 5.983859769221561, 2.9935629102744747, 2.7438103545335397, 5.525766720314591, 7.591060666087328, 10.135798353335565, 6.943400189062599, 4.5173955554509835, 2.666826231072073, 5.060308898508441, 11.118063346096383, 2.8174567073035974, 11.681949674980341, -1.1875223619608324, 6.46624947447717, 1.2114361070634017, 9.803857756071512, 9.915577499868297, 1.4216881985392924, 8.214094671529262, 2.314928706688454, 3.4341801489000026, 3.645201809457091, 0.7616531497115681, 5.203826000800175, 2.6958855685643828, 2.3737638404433747, 5.698924634281359, 7.037430299718386, 5.561792712606084, 5.638773244120649, 5.0171879770958965, 11.047753148786082, 6.102704883289273, 3.766693565553, 4.945151087468219, 4.451359822077634, 10.958006326470034, 10.644084593718137, 3.790793400135411, 3.9621039796549034, 11.122082144375014, 5.872156418471207, 4.761203381876243, 6.235859156630086, 10.621818350387295, 3.944627114453733, 3.8065499798173525, 3.9513125845993473, 5.369952597550132, 10.284427202597069, 11.462597880889984, 1.2870090648172308, 4.304739078656207, 3.8282227118475793, 9.93636659995482, 2.3335512939706646, 3.968544764071411, -2.246261655074107, 6.980104666402463, 5.43680983576774, 9.519187925811087, 3.6922219002672283, 6.620981717344358, 10.897665617592951, 5.76321648549771, 4.754773808359355, 5.309694487548603, 2.4765098925770808, 6.751879770517791, 3.205860851396072, 3.9272020505418026, 3.429752588219503, 5.213264265227353, 10.851405805895114, 3.447483212474646, 1.2311072767273914, -1.2272239554805162, 10.217437218967765, 5.410177299068364, 1.5417399861765453, 4.261364078515404, 9.37685926134813, 10.728848756562499, 10.818918644178689, 7.455177285614492, 4.779391324066895, 9.142182024159226, 7.810103855780171, 9.36435378948958, 3.540092309391394, 3.188017995035882, 4.2196717500567695, -0.3253569449731679, 5.183521687144018, 4.898223735951149, 5.214225490856645, 2.405185121195688, 8.00530271373674, 5.387175803115673, 7.8023262207263855, 8.130961636391023, 7.129311833571617, 11.250486003914634, 10.848199184934975, 3.9473065075992135, 6.6236292606101435, 11.384655433422207, 6.506782196981158, 3.646498440922766, 10.274970821300208, 4.713718131529377, 4.333422306717203, 3.78689368028152, 5.436085295919871, 3.637408106619054, 3.9561837248949954, 6.758007266350059, 7.842387596424346, 8.86854727579424, 6.62360814364347, 9.583932030949859, 11.82028386127588, 8.764057806419498, 5.693028950903578, 9.719167509761606, 9.195534299369696, 5.595265427800279, 4.231505296759432, 6.086992941182029, 10.963160461941289, 2.642153826460005, 7.47209755677281, 7.977427508826527, 4.980192267514942, 4.860164954721395, 6.8765739548239155, 3.1946828463181336, 6.487374926412949, 10.696698921012295, 10.127868134271415, 8.831715478855962, 5.305700968088749, 7.544413113761124, 8.349683859917139, 3.885486495206698, 5.213980374547458, 3.291813476337084, 10.660312183928992, 2.028881733759029, 4.982280628426894, 4.955029134850301, 5.067636324109848, 4.722407164664149, 10.760205281734967, 0.9199222683943316, 3.4578476770618805, 10.180025207162549, 7.704560786263105, 7.396266124754844, 6.5814884364669615, 5.540927487260653, 3.723196486125142, 0.260965169865307, 4.730031368107465, 4.551688997961088, 4.20335563324924, 9.661251880404027, 2.066107496184334, 11.648576177173139, 4.3930052839836025, 4.848340092121566, 1.2008631800172205, 5.650504008900427, 3.048440497151639, 3.3418295552930153, 5.914645768070308, 4.573532415873988, 11.122169208494741, 3.4943711403211775, 3.786371287158177, 10.281847539512707, 4.123609830285442, 11.465139738510135, 6.487383165438761, 6.499089121565274, 10.648048559885895, 5.129372087312105, 9.299130306854082, 7.613780779624292, 3.0985375757909948, 10.783486355939905, 7.923897925967962, 5.985087287807185, 7.872696698388124, 7.705008448471267, 5.205739444190478, 4.4486212943171815, 10.139627750026444, 5.088575353835273, 4.227227638702081, 4.416100188681942, 8.42327616866659, 10.8626558527474, 0.5541654041069941, 4.585759042689424, -1.9190845891728234, 2.3115217779514468, 11.256910904712923, 5.6484969151274775, 4.299376086436067, 9.572338772733609, -0.13246475564217478, 9.536926241025448, 4.019878919401342, 10.975295864064167, 4.574747948615833, 6.8803180239107204, 5.4949569412755, 4.206959279776793, 4.123761487816691, 4.754358916442371, 5.4044290241592945, 3.7087948025181277, 9.122504552238993, 4.267536646081942, 2.433096488425343, 8.24815229572485, 5.683202432277933, 3.3751647761565002, 4.261730467200753, 4.69189965595618, 7.626332558873583, 7.271432066394559, 5.460187452252337, 10.615614868635221, 4.655934650423699, 8.955550798944085, -0.11807507879116018, 5.513751985140084, 3.825148854576026, 11.025333402704305, 2.571046884584195, 8.12012097966746, 4.40402866698083, 10.227617091093054, 2.7360159400432194, 2.3867519232467145, 6.896187750847062, 7.319370365972506, 5.8820340637345785, 7.107993160740827, 4.239170541388618, 11.004479615513205, 3.733125418772534, 3.1359701443588017, 4.184025668039482, 5.436108730604186, 6.779980287038464, 9.104744588452713, 6.863021419149874, 4.838063235357062, 8.2951884764153, 8.642108900866207, 4.163881705601199, 6.269719658745663, 7.156474180193426, 5.824044178165849, 3.0149329045636244, 3.3442440872990473, 3.5744229454817367, 8.842971958893362, 3.2203206878951818, 5.278494679718898, 11.870057759962869, 8.435278786575667, 6.643053524148535, 9.689748092307639, 6.09568315840948, 7.67996782989867, 4.181092613112056, 7.755199938232019, 6.101799160992869, 7.872481732945254, 4.596836784519767, 3.9503178944989794, 6.934341014643024, 4.380250351531209, 4.037222673138944, 3.540700745816406, 5.137395527485442, 4.268456009751791, 8.755451300328598, 8.806243624282878, 5.531644998896772, 8.520347616504237, 6.9211597391593065, 5.593225986343063, 10.840047078011839, 5.336032071238336, 3.8842810267569874, 9.102263791977562, 5.455896251227354, 3.4984465729851597, 5.686972504658209, 7.196752892500708, 6.080104811091882, 8.148420294499905, 6.710009921186463, 2.8393386462467674, 6.162932022377815, 3.775715346654288, 5.399851818882649, 3.1107797170985942, 9.700471239560239, 4.765666539809461, 4.6660433019109115, 5.3759036591921285, 6.547239331728944, 3.5981302485040305, 5.4670362983963345, 11.011525708557729, 7.553641553602906, 5.11775513378645, 6.766314936361281, 2.942924743578122, -0.6840452439507362, 2.916228516982954, 3.83793068319388, 4.8967651574053725, 7.9845871367445564, 0.1572850276613798, 7.202146876072081, 2.6006981755527705, 9.920465618811214, 5.278482873999613, 9.079894038683666, 9.388661351361256, 11.255626450790032, 2.9753631574024397, 4.212427859949198, 3.4918590589829273, 5.377555356218933, 5.9624779118098745, 5.118450784421551, 6.675744652140832, 4.93516975733811, 6.3863252958016545, 5.211017817652069, 10.13901748607144, 7.549196627522808, 4.5945047819124065, 7.504137769907554, 4.743388331981476, 0.9123193663220638, 4.14126954519922, 6.388356251635132, 8.912118577461436, 6.415942578160612, 6.020693364011191, 12.198133180148245, 10.401368703529048, 11.7606352484447, 5.5611864993205975, 5.63641698907512, 3.9692710479500097]}, {"header": {"parameterCategory": 2, "parameterNumber": 3, "lo1": 6.000198445256149, "la1": 58.999992894266676, "dx": 0.5, "dy": 0.25, "nx": 22, "ny": 24, "refTime": "2024-03-15T18:00:00.000Z"}, "data": [6.270306887650266, 5.103259814336429, 8.879508058813006, 11.399512755533575, 11.091436724572722, 6.824660531647931, 12.250734665618843, 5.057085913381847, 6.097281784067131, 5.23811068117524, 6.775776100692649, 1.9040023379165567, 5.217313869808635, 9.202379627337248, 7.130094620425505, 5.042695647865826, 5.677719184524053, 6.950152524182136, 5.152397455896828, 7.145597259666846, 8.92774972295216, 5.881711972072599, 5.654465620464626, 7.760121505528978, 4.719337365057024, 5.983962634747145, 7.09855024727904, 10.725752025211438, 11.425977954167985, 6.9967286113548415, 11.786671821716173, 10.934117084389428, 6.374100316955419, 7.7797981696142795, 9.023224449982086, 8.172827847061747, 11.289921008508669, 12.454387669533313, 5.48473961108851, 5.659279934920504, 9.615984934754401, 6.492249274892008, 9.836650920944374, 5.3937173499077975, 7.053362218003058, 7.285450687239391, 10.83590540066035, 7.118788562216437, 4.285159228813975, 7.507597900545631, 2.5396960504858117, 4.13511573985325, 6.935663433109775, 6.208636889931188, 5.337330175500659, 9.6290936741544, 4.007635860930558, 4.5444482082211035, 6.65446287572559, 5.696560719909009, 8.988737371254494, 7.260291520162637, 10.736542936711265, 7.1893917502077, 7.725438186313603, 1.5893136173748528, 10.33865738723115, 11.463590038885858, 12.635798888093568, 7.423120956496919, 7.715262156517951, 12.405486223911092, 8.306748490992906, 12.24301000381201, 13.53563839481036, 9.548198007944595, 8.662547396248483, 6.182778824132598, 11.281435834913188, 11.582707617534295, 5.842653157125451, 5.258958397306995, 6.301814367756938, 7.228994656796653, 7.154820311187514, 5.448279980231837, 2.314464397828564, 7.86381181186932, 10.223089323423194, 6.03788565518596, 5.099690654457889, 3.3922588339607653, 8.644406479052044, 12.581429515329948, 4.3853096432870675, 1.8575625896276713, 5.880824693538467, 6.586459496464983, 5.941252350569063, 6.634823830238167, 12.578776943596925, 5.060658328602088, 6.910449770490075, 9.883647614158772, 5.968110127047186, 9.128126442941388, 7.830923334341019, 7.1793526609967735, 13.452123199682498, 8.488719460178016, 10.727110351116883, 8.04397507266179, 11.752491909699607, 10.682306624037759, 11.660584825544943, 10.552220034170865, 1.4482422590265407, 10.322016898895066, 5.865678162298348, 12.62960419189314, 7.698503548012142, 6.305088421949005, 11.851020779304099, 6.403308933277789, 4.685331877299307, 10.527468926728607, 9.060955923316774, 2.9030733766127086, 6.220959396489737, 10.817343768661852, 6.1119043561532695, 8.003489706240178, 4.559604894648069, 11.953642577256451, 7.116912436823298, 9.595790019850673, 6.4678085673214545, 5.390590017117355, 8.83030475506805, 10.405506467457965, 6.875708869054263, 7.454972912629885, 8.840974492669053, 3.197220042432555, 2.622626308668363, 6.252117517048735, 8.690272314334567, 11.080569000259619, 6.228363781396628, 4.831617775625815, 9.033582563371066, 5.365965738033848, 8.516413444042513, 7.475505664195488, 11.611897310479835, 8.019344627343708, 6.918632988535076, 7.9845871415382526, 7.071184166492257, 5.023781333437896, 11.484173803948003, 7.51974888192898, 13.705529386076513, 4.82699439940431, 6.956515016674033, 5.821244374220041, 6.9854303161382365, 5.936011622338655, 3.7126785579898276, 6.3673303867668505, 7.437564057787351, 5.462440523331483, 11.331430021407535, 4.860164834087842, 11.453056518287834, 6.521371301681041, 11.363634080455377, 5.161866982531565, 7.394918164727047, 13.48110845776406, 3.7069329450384707, 7.45136784048355, 5.825572779304851, 9.109609327333562, 7.236259691341096, 5.718207355079497, 10.461896086126288, 5.180479555126995, 8.716068599407839, 7.010560590925152, 4.098725935172216, 5.5231103212773505, 13.46496852347268, 5.055462853167665, 3.8630117297468103, 12.634218297893304, 7.224677620378901, 6.520243158061955, 6.357212274384891, 11.471157798069843, 11.07779686373929, 6.859857081234699, 11.010820613662293, 4.8497636437801654, 5.875508649561827, 7.379774329997344, 11.361449936241158, 12.065720352308372, 6.297059857900553, 10.709615948519227, 6.735579840926619, 11.318533951133654, 10.13247489669589, 9.71444416176353, 8.273438334151992, 6.119390127095291, 7.192525158989165, 2.790889675780828, 9.102778774539443, 6.79811080312222, 6.19658522813571, 6.857662701998994, 7.871453003088267, 4.672416103886703, 6.579427277314913, 12.113193293347026, 11.359681404421277, 11.209047934186632, 6.1388044747583725, 9.768211200160534, 5.296634492120008, 2.8276507045300714, 7.353503427127696, 7.934021735270642, 5.126969447617521, 8.587825191644106, 12.922512269950104, 8.523620999144184, 6.52078541916211, 6.816735247851822, 2.4560298629244257, 6.798206231317511, 3.630820780633514, 6.604874080608524, 7.853432845253412, 8.797653044844035, 11.392011548585684, 12.245104841337062, 6.86903267763345, 8.003030388666167, 11.75502414534014, 7.019988322501953, 9.105622338442522, 5.148820356262518, 6.6571105924184275, 4.901685783877877, 5.746541475884123, 4.234109602269145, 8.423780983891408, 9.214168011788239, 11.284565313982018, 7.065200839695208, 11.391277092253253, 8.319705988453546, 10.06954382565902, 11.433922692131684, 9.862147980640463, 6.0151682898933245, 7.107948637077211, 6.146109939133787, 11.866570002252494, 2.3016888519718517, 3.9827475499301994, 11.559438226601117, 5.808140209954795, 10.839945946275837, 5.734588454571976, 6.141604683722084, 6.488950364877842, 7.1754450949283815, 0.18783910369945817, -0.7423543733995713, 9.807220793002456, 9.514846541418596, 11.321878557384743, 3.875994966156102, 5.702729002706389, 9.023454963972396, 1.992295070706208, 6.5195103919229505, 2.9559444931903114, 7.926192771643473, 10.834541883622858, 7.732002947025727, 9.676460910418784, 0.0737252939073026, 4.238006453541678, 6.877254182050468, 12.379752357967357, 5.9289249582295716, 13.315100833275714, 10.330452181402155, 6.804624905461829, 2.0617368734558608, 6.399741093552813, 1.728890941929036, 9.126602377558244, 5.993824612438012, 5.32848177085763, 5.175234156557457, 11.452791449173908, 7.8101262869040635, 5.225675901797981, 10.738117071940774, 2.707377518290099, 6.034516589131941, 11.610234213529678, 7.80952381809079, 8.409077620245045, 10.454061924478475, 10.03591935655765, 6.962189612587583, 12.918549810665095, 12.19765449546414, 7.554596030957142, 5.337295539813487, 10.886091328912917, 10.005018550305428, 8.778816850310822, 12.537761471199973, 6.301933539097523, 11.677846352114047, 6.256149360528885, 5.568820642166819, 11.80647454475088, 8.627105933353755, 5.122732934469261, 4.978862617117482, 9.275500911882096, 5.296010137095839, 11.513382759092526, 8.145683536797213, 2.8466906055329932, 5.455382562669012, 9.984447944062355, 11.504651480039213, 3.9778951424859184, 13.298204723429532, 13.172994171662488, 4.9990152904816645, 7.350856155788232, 6.469530428607674, 5.9307660033034315, 10.583541339499119, 8.236300848694125, 8.21427775485995, 7.065375960263832, 6.789557152844909, 6.497359218555502, 6.2774174289710265, 10.45642402010025, 8.023304619177257, 5.931990369498668, 11.000738903489047, 10.252724404959045, 10.873475386583664, 5.972044359238221, 4.302365680633071, 6.017320051254725, 8.576503246813475, 11.952385040652393, 2.379008110941684, 6.869522580568067, 12.201474054801235, 4.457908916369178, 7.413293358765721, 6.807303976721826, 11.601692053133414, 6.2293832131330555, 11.180860390023932, 6.293369084770152, 8.847329706145368, 5.906283299148885, 7.800411323194047, 4.749044209536215, 6.746934295024906, 8.70241826336519, 10.027428010654003, 7.135909297934588, 7.424970733092195, 1.1679795831618747, 5.495323554417094, 5.686280342277961, 10.67999802835417, 7.094229539762452, 2.2780478326771476, 7.743660065304819, 12.012567679978638, 7.958092488620835, 7.109088896116674, 6.314084893680795, 11.279249856389615, 7.041399041740766, 9.551974658925689, 11.256100251581763, 7.685294902244884, 7.562424537505757, 13.343494778281155, 6.473103654271587, 6.850396575037095, 5.0395301077376775, -0.17730400866963722, 7.406843251549935, 6.648105075904257, 5.756565235032749, 11.460849701445715, 6.804616438907274, 8.115328483070781, 9.746286848370799, 8.097411396247942, 10.621958084596887, 7.649561001505785, 13.950349885780584, 3.680018260038373, 7.349303305962746, 7.071208835175471, 11.521168957006717, 12.55646656411341, 11.818070727065185, 14.220666713836364, 5.178726995881193, 5.18349101661973, 5.563874910445067, 4.270651484398341, 8.368429183042704, 4.552582918034398, 11.513622986340598, 6.262720049334459, 10.983128730629192, 6.756597864353767, 7.1834354370182405, 2.8782623810732884, 10.266477936799209, 4.990238061757117, 6.630871534460955, 3.6740549792111192, 2.5330852298407245, 6.778236411482471, 7.657725458401648, 2.1125225823592153, 3.549339846295252, 4.329299400987598, 5.292500167230182, 5.535928971696981, 9.888936434097028, 2.788498106105366, 9.59246074113847, 12.522115741764905, 9.052967677139131, 6.016054884725112, 10.919264769048466, 8.23123544824727, 7.510852335252491, 11.341937901042067, 11.506838760019125, 4.035728984839882, 5.841355868642549, 14.340474412495924, 12.319631329558206, 7.177024151296426, 8.797791737663424, 8.030671942144384, 6.739506755861729, 6.036636440929985, 7.962987647441868, 5.8371342277235385, 8.614307746353466, 6.733812989990362, 6.824622758620783, 9.540070199502589, 5.952666918888955, 4.211627938456574, 2.3608186405828926, 11.494208253923686, 9.976036791335929, 5.38594253424967, 6.475231026678971, 10.497729036696937, 6.474227895931189, 6.043406587360532, 7.774545003576891, 6.878392838866281, 8.020945827782526, 5.79001058838472, 13.198701728975864, 6.323877935823351, 3.1191789622417185, 6.1332966249683105, 8.395974058920629, 9.76407014079449, 11.648789576011744, 7.537430132769481, 5.918639833918264, 6.126800899503462, 6.021403371280556, 5.654171223922123, 9.130587677536996, 9.859333603472688, 6.581779042244312, 13.33938471109544, 6.576484413825285, 8.41969085403301, 11.303175616949716, 2.291296742426462, 10.114179503926406, 7.40395075583967, 5.391788326344746, 6.492984554382963, 6.29717790607969, 7.3433387970220325, 7.385819027296706, 5.43129238207232, 10.930905119764402, 4.101419507447521, 11.678883379184407, 9.127618880625517, 6.3399014760794214, 7.118569355930063]}]