script/wind250m.json
{"header": {"parameterCategory": 2, "parameterNumber": 2, "lo1": 6.000198445256149, "la1": 58.999992894266676, "dx": 0.5, "dy": 0.25, "nx": 22, "ny": 24, "refTime": "2024-02-19T19:00:00.000Z"}, "data":
[rows 0 to 23 of 24, columns 0 to 21 of 22]
9.784768016034544,10.974635817988307,10.33535613010208,3.998221617991232,8.780359778593496,8.74327475184766,10.955864435643623,4.313092823215459,12.644881386390233,10.07589343134165,10.99505220935453,12.17187358546957,11.926387903599634,1.9662216220154674,4.944935003174889,10.560271622543786,8.237683854574074,11.416767303688326,10.815851076859309,10.72894504835348,10.006685027182963,2.188658065941395
6.838288554955664,10.295412062548971,10.363208406565116,1.678054430546944,8.783356632468408,7.914588434467346,8.20320847333585,7.777059951096972,10.135805802739888,4.070799372039027,12.30454758952413,8.733931054154949,11.294387054723625,10.563845997978971,2.1998786435172737,10.486115358652205,6.179787809764765,7.289809060461427,7.06599434269821,10.013046753171674,9.4302480267367,5.951108217188608
12.065146831713598,11.69621864905101,4.014043826164762,8.34206423461356,10.341447646438672,2.0652920798286174,1.0301922546781603,6.7429112634527755,9.999565168878766,9.613705870510756,11.74798211182455,12.265015195264594,5.013065338623345,13.439896481479211,9.027967696360053,5.3107069788638475,9.305439733765859,10.536084957413616,9.138660771378431,9.002126437812192,2.3089891476947257,8.853802571353665
8.329149914582143,6.949009746338413,3.2533266330779993,13.048470589511462,12.689191239755932,11.833630888913646,5.7914888657425285,8.265049880338204,8.121113347020495,9.164225116455416,7.55477626372837,10.77662431510647,2.0138142435547346,5.075886408270231,9.454147580774746,11.515983384884084,5.694028836423256,14.05261826080673,10.81788110681108,10.741373840453203,5.753484533782075,5.227326873695607
7.901111818159865,6.384010655459141,3.7056192497070692,11.233062199572899,3.382281336718297,3.7504973504749497,11.26108539335363,4.964398340085956,10.31453713121774,10.395948757595978,7.359889929320529,12.34731400082759,9.657374352573992,2.445960749328043,6.178565945223886,7.568682339042918,10.985883962195162,10.27426904198997,10.868433866060403,9.027862049984192,8.246250412211486,5.936955119167932
7.147257833363921,6.616199399303003,3.694825376101151,6.5228842463699435,10.364212045905473,9.935004325482204,6.41006557910028,10.20417821748452,4.510573168929466,10.073656381332672,11.57473161240011,7.476136519025257,13.417284087753345,2.6848155504126114,4.434787659593507,2.1386931400977245,3.433803515990963,11.469096654152137,8.08894958234091,4.412083897834868,6.345474894506689,6.827199420657371
6.839916417686601,10.731298372886437,14.96260962996083,12.097835956994825,13.12836830636538,3.9917768175366857,8.72881830688914,9.840655106939128,10.050394989237176,10.000975811372697,5.402998027711068,3.2937980915886143,9.840153650690906,11.948158473162492,10.947098387207703,11.770656201816774,4.944606317156854,11.109456360412604,9.700470461215675,10.706421252699004,9.829317858789341,13.89478064437298
10.10238575714728,2.9961804622510146,6.989377730133214,10.16631870623263,7.182693261149844,11.687521522055716,6.14755962874817,7.622327282250202,14.067141314589213,6.7555725129399296,9.942159157480463,10.812185822765333,10.821044196891288,5.994103582680144,10.226181285659486,10.464201622744426,9.610956921980657,11.084587448031801,2.148524306513422,11.107047013576064,10.90973994300219,10.903412954363171
12.62121525781347,9.410852121706473,10.632114275197928,8.582570646175856,3.6555704691367716,10.352061717369883,9.931175117747475,13.020630774617896,10.220123170438427,11.154993460277558,7.487653463901812,11.193660193219067,8.242886557858498,10.510465603712591,4.0590220204737895,12.024583175514977,13.793897364665854,9.30482978946789,11.035797252719124,8.689213284419516,9.262379092308182,9.55923660683076
2.351973500558218,10.131205126048702,4.613585195980261,13.036134473640297,10.072256775275427,8.038708618204518,10.922054013712708,6.383095048899737,2.2171590123666443,2.0850477644409358,4.114667756076738,9.471491143640206,10.649984057898608,7.26176858211977,11.161430765282288,7.4465431455423445,12.203308360618992,12.55671195780187,2.3269382857634158,4.351090288114858,5.25740745247327,8.696500986304489
11.293902299005328,9.795916597796149,11.87098024703364,10.744850590111936,1.1851160311619948,9.257903591511585,4.434278865435734,3.3726509566693377,9.53315572604302,5.070542652711056,9.43810015119507,9.788720456375714,5.5733751081606,10.68563221956919,9.945640492823186,5.483472770928994,10.336634775143512,4.6822551301842745,5.899014760281011,14.33028314593508,11.40332995930928,10.634951263897042
12.182633614975842,5.262598526466244,6.0996968343713585,9.321071723020074,3.316547481987031,10.768931193752415,11.056381850180859,1.7442449146014694,12.810237657539773,8.15296584273995,14.214888779655968,1.1686145901665244,4.587261766364645,11.744746728488694,7.968932292925673,4.010355683746577,11.811431494073375,6.018595495364252,10.869759953354736,8.968974143269456,10.331664993340842,10.539557623555874
4.998238410516615,1.475561204332427,10.450537324225435,9.685295458549339,4.642336552578892,3.2708724856077547,9.352443650227329,8.943793859132633,9.770114778780322,12.156360155802602,8.394669827458184,9.595760071562305,10.11353525387459,9.460187168911428,11.531989411144158,9.7020196378421,10.068401774473832,11.53376047813686,9.895713048950165,10.889065717572606,1.4593243950354353,7.7517247655503985
10.536926143122722,8.514002868242137,9.540780917007776,9.328306838423794,8.977366056820385,9.532728627144152,9.947074561289627,13.700743537838738,7.00084551223493,9.96646349898285,5.216200601888913,5.359025685076228,6.789059909693267,14.588470801159675,9.788758879670894,4.361273328419129,13.276888692264356,4.766222866019684,10.021741936326398,9.946211357655953,13.957910584928053,1.6921943269671145
3.705712254200459,1.187715436828244,11.560219268428137,5.876818275457205,4.3062964379325965,10.19487477517762,11.866955502504169,11.354019991573033,9.558800516858538,1.7682643364466755,10.322397902243598,9.960651211509125,9.874587900649267,9.632831125307472,4.242817108010513,1.872985521367393,8.243347338939028,3.010050502813785,2.1269523332398506,10.671912532061517,10.57400995821509,0.4664651108190895
11.87219440650222,10.814297238406313,12.665063259105954,11.348804368162922,7.380973798696256,5.089375424197674,8.789383134084039,9.527252878923893,4.978017139090253,10.407276480082265,11.276825812598338,7.467542171943996,2.4204240185073007,10.030647407073012,8.674609127160712,2.4984349034642253,3.5371301536020514,9.608924704608368,3.342601403270996,9.770547963455147,10.742716248182996,2.48650736299238
13.158644216722575,9.350885844260379,8.20246689731647,9.985593092017954,1.8411285789106935,11.95178980364851,10.596306850382819,10.060264592734358,9.457291229956333,5.661972999476731,2.760796130099331,10.954228308971041,11.797341949705604,1.5646248792308055,3.4194000823292208,8.578940352041643,3.008059328198236,6.023209408797583,10.227545042744497,9.512124127556072,8.174298040475293,9.972350093257528
11.000005464334238,6.793065684510783,10.740008753398712,7.647439783535141,5.738543041056429,7.063203322432097,8.32796683908992,8.868129713280238,12.595803980826192,13.190124605141811,10.445188081726439,4.283287883946352,9.827288742782946,7.793496543738501,8.117146178215423,8.331265256216712,9.26299612149637,11.463328851841705,2.473517719821721,10.625350761246615,10.754860025184021,11.688829741426073
3.372889198830882,10.630565969592705,2.390892265824021,6.802416422668719,11.060492282622688,10.824021165303712,10.426995798432568,4.451838315416473,12.945532534597518,9.371450736723716,10.20069602518812,6.3136582291879755,4.736080546253309,11.902731107479088,7.95825910815601,5.230367419116695,9.835333110036027,10.91596721774902,1.8910230382423692,3.816805870816079,12.174546322743291,13.041848645850449
10.814347346691958,11.440961886675634,8.171213903425059,11.403323389264123,9.904941406505413,10.085237378054813,9.975102893590867,8.873670249614856,2.0337661412869448,4.629158563176308,12.01791972988283,13.318356862343569,4.307791462082043,9.404444582621696,6.617229602737347,6.5650067994117896,9.00714258134403,9.818108358926482,5.126867805116727,10.40817677845436,10.971617400857824,12.229459903098956
7.412677732566575,7.97280517546407,10.84764464382499,5.834870556367725,1.628208899156594,11.019638305196732,9.35925970976932,11.239055216422612,13.52502142728356,10.45955341254472,6.592798138284231,4.994564837667837,10.823192042676371,4.111938711861803,11.491571913527038,11.032370604833568,12.093786165979932,0.7156265511419841,10.279867798669512,4.296923886980232,1.864564130772785,10.492010450073442
8.490218375748041,1.6892121118853998,10.412390625241501,1.1270348355376465,11.059326352003739,8.243852571979197,10.698098407914035,8.323812780400347,5.534791610761089,10.431586112910516,12.745283591877202,10.787135985191492,7.7262194417000565,12.168027738922083,10.918719009082224,9.75540681177117,8.529336502556337,10.528581977605025,13.776004773008054,11.857459293867846,10.314928692776144,5.306247512769976
8.293363034272483,2.635006103231396,8.3539880392002,3.4105156199558015,11.915450158606017,12.470776644393043,6.235558805140415,6.147974694564572,2.133333893558065,10.464241868308285,1.818320567387005,9.43924623681581,13.052455325756085,2.618588502915609,11.149123330974943,8.244015208828449,9.795370190792442,11.643171415844852,10.86471581322883,11.893731678199417,5.821877481256063,14.042924425252785
10.7690126399098,11.091227341740435,2.7363108624526,1.2399561815722597,10.71914955153308,12.719868026413048,6.499262866014065,9.210762279853576,9.539953942725194,3.275095165471574,4.1048941920538775,7.124391786595743,4.105723577804253,3.3449931137625124,4.628534562633909,7.707743956957703,7.859016795621036,6.034942060101767,10.263394064040519,5.533923893608273,9.270123683492754,9.775239141076687
