script/wind100m.json
[{"header": {"parameterCategory": 2, "parameterNumber": 2, "lo1": 6.000198445256149, "la1": 58.999992894266676, "dx": 0.5, "dy": 0.25, "nx": 22, "ny": 24, "refTime": "2024-04-11T20:00:00.000Z"}, "data": [6.000214713561425, 10.802903377222963, 8.571595539964425, 10.746958143500757, 10.855107961697652, 9.095758968513502, 8.209975978201161, 6.132452009325646, 5.154063806406334, 7.614087613984194, 9.709546879292057, 14.610370424892833, 11.614938158178647, 15.094396392927788, 10.323765704244598, 9.22752703253152, 6.505338313280239, 16.653829482242806, 6.262177755430267, 6.999388319538863, 16.147849502633726, 7.535214920311611, 0.1545913290493545, 10.408555806097153, 10.120843311427398, 9.529801444068973, 5.549315713925995, 8.779203754487027, 9.753561899013677, 6.407710656763358, 8.13413496506303, 8.043545095743909, 5.4318380360540806, 5.47452002623027, 8.522941458199655, 7.461487062346042, 14.906664998614607, 9.161175397324655, 6.536800687946698, 8.088172142437934, 14.437382968468418, 11.21017187342652, 7.789131591883189, 8.465799578286068, 10.913176429292925, 11.616367477321873, 9.547423503087728, 7.198392973286607, 5.9073662732363585, 7.48790685769274, 5.964560405303949, 10.40102530098149, 7.848818149286365, 5.9189116740960745, 8.15020587695771, 13.519078048863111, 12.830972676532394, 8.183193333321741, 6.147648128062591, 8.875823300102473, 9.352949751313123, 10.460772479808501, 12.468433618500363, 14.509252407493403, 9.537891277796607, 15.714653773137567, 15.996576489844646, 15.144530648430854, 9.757440718331974, 6.9460617507517535, 7.033792790972245, 10.33173026135942, 8.60810220568637, 11.593513286629834, 12.000497766910689, 7.949786321496307, 7.034280740821362, 3.9222798285319995, 10.00637778949266, 7.574715309975295, 10.709786538038294, 10.554189131188542, 4.97602381851874, 9.482777149978395, 11.663355248296302, 7.051601148812015, 6.995293464691734, 5.755057876277069, 15.321433821289713, 5.288736851887751, 8.908912736923385, 8.61529313928567, 7.133771916553211, 9.26348930968854, 14.020682227959016, 10.087872962209213, 5.629053425458495, 13.274522291007713, 11.804945700327956, 13.985047545513888, 8.76076661342921, 5.481993116924392, 14.730994104752535, 9.400901820939954, 5.988880539358249, 7.451137096855349, 11.389986244165069, 7.341394427254906, 8.803969285429437, 4.605530110805847, 17.42331286758188, 4.940316743130624, 9.319752137662189, 9.441115308260942, 8.248407737432817, 8.740607272977009, 7.458994390866463, 11.989304602999526, 11.573021509181183, 11.059397557897936, 11.617265111022272, 11.211513551274852, 15.243678412399712, 5.993734711362806, 16.499392588180235, 6.002809153136008, 8.889842731503311, 14.927121814513496, 5.095684242380574, 10.162921001122658, 5.4266837702336925, 6.575550884771195, 8.817565612747424, 14.187596597524612, 11.105686961943249, 7.459668714799104, 11.023737585514663, 8.737007398569041, 8.097261701350465, 9.65545568948008, 7.301641360967296, 7.786772543529445, 10.029888674282779, 5.739118618742348, 6.394936085908878, 6.13077350116223, 13.607206750613674, 14.879868445683085, 11.19601015854916, 7.250019304956212, 7.067643334788579, 15.09767503298854, 8.163868891712085, 13.229971504677739, 15.924708371878793, 10.677555253552095, 5.524083404653559, 6.16125386880017, 4.147634768330299, 12.831215691480056, 10.06239131952704, 6.829595530373243, 14.701176779417072, 9.518812797890511, 10.674975928984502, 7.9721471779559305, 4.154851672683014, 16.20094133911338, 7.91885967164053, 8.392789581210682, 7.725754020080163, 5.8387546192312385, 10.336173571665, 7.553456463458785, 9.341148433129169, 6.817540437242652, 12.737869204703582, 9.816578467630334, 14.522809340207925, 9.014839231401481, 6.0877306871562835, 4.755442189560303, 7.517764797476722, 10.481915555452325, 5.821722273326547, 6.693362783739525, 10.541327177955738, 10.370959200533184, 7.7153552440295, 8.055767817525792, 14.409768287349358, 10.212903217159681, 13.221891402977588, 5.826070102307664, 16.272879721122607, 10.368505281425119, 4.704054804986458, 7.315078176791852, 8.859594676693595, 10.656637499157439, 9.289086790056462, 7.01537183076775, 14.897818442278991, 16.352355694035317, 11.450036503932141, 7.793087447283305, 14.095279328988047, 9.515233655317962, 7.6418748028989505, 15.083516599908755, 8.631642112513513, 11.87067491991071, 8.913537525052533, 9.262217874317233, 7.073526788472106, 10.655291001890584, 5.1668827897852445, 17.46445906979709, 11.493842932424906, 4.912293275798496, 5.252504575069275, 7.861619246154537, 7.663234198099378, 16.245297328929762, 11.643406880463417, 15.238417835186352, 10.0546890396119, 15.335678294241427, 6.379347053745344, 8.078880784627971, 9.266166702551114, 6.935703164007209, 12.69596617407087, 6.260627662430865, 11.699717307006603, 6.627721596993512, 8.836460850788201, 6.3866485562244675, 10.057218703662006, 6.75770296477457, 17.104939458554455, 8.566491194613635, 8.327802240159166, 8.869200165880626, 6.235137228920648, 11.119476598792415, 9.956143947054214, 13.981992998917013, 5.81991261842069, 7.096023473152559, 15.609176496025915, 14.501753152886508, 10.994342110531077, 10.21379659618494, 5.789183489919957, 7.002220705144323, 9.071996209951394, 8.345297638482341, 10.580758556642024, 7.025894480161065, 9.00585430162851, 8.877252488396765, 15.528222414116648, 5.064283642860753, 11.413059287904314, 10.101164345426154, 8.032009034215625, 7.2874347183050245, 7.169164720133823, 17.844318193902403, 13.917205467220839, 5.5490836462395885, 16.769623731393914, 12.414975924292387, 6.112521712070212, 15.101340703412058, 8.109367184121519, 6.345400596679141, 7.895698279978974, 4.451647995883928, 15.584046156619515, 15.090740802714379, 9.93640039366725, 12.696240812362273, 8.789660314490053, 7.937242522888088, 7.6858017035338415, 15.603504901546618, 15.440913559138338, 4.827141965963296, 4.697897082773559, 5.565417662131362, 11.133752913945605, 13.768721549324912, 17.61245100383236, 14.369226010306104, 8.51230224094117, 5.267528880955068, 8.674652152611166, 6.952005235273163, 13.007150550638292, 8.996651205303863, 16.796883218763526, 13.855562391404115, 5.425604142601239, 11.648632929011397, 8.88466981315089, 6.2988713320914265, 9.021266040659535, 8.773013550192784, 11.231501306200041, 12.642357390979875, 13.25309788533159, 14.416737378114506, 6.894265175856148, 6.040575015773102, 9.916561554814113, 7.891616510762618, 10.844246892992848, 16.707283192852472, 17.2709430366253, 10.52683716692456, 11.311034848110124, 10.76674883236883, 11.16886779524615, 9.377966321330472, 14.13636690075987, 11.480414777956655, 9.74760506652337, 9.101084549776228, 10.488318762379722, 9.079355026039465, 7.445043306514983, 9.37688857558285, 9.110255318714792, 5.579144495123148, 10.027509889341815, 12.573652869581327, 11.35412261381655, 4.74117075430991, 9.22456117316628, 5.67043328702502, 5.724168844925331, 17.597158587919107, 10.59185654075499, 9.55996734186174, 4.750478275751518, 13.286163320647873, 8.707651847766353, 8.633414177505069, 6.921160231799442, 11.038598632814063, 15.637054964828073, 6.864669654851681, 4.752400851250053, 10.765126000239185, 11.95952719607162, 9.035801812728005, 7.5371233612442285, 6.847538616544071, 10.925521915807215, 7.49394523019351, 12.564541693106172, 15.223092887647097, 7.864305653448956, 9.267002029877201, 5.157375272416157, 8.15599802890075, 5.06134041255135, 8.365037691050128, 8.874171098123808, 5.163214024456541, 10.372793316197951, 9.036989007077661, 5.6305955069225595, 5.967654007611862, 6.745204561670213, 10.361250844485783, 6.573386983660307, 11.69412754707493, 5.339323472492064, 8.019214213997337, 10.790103663086692, 11.787032525801116, 5.835412746985204, 4.969685347422141, 13.640450316086028, 15.745798600746662, 2.626337711556089, 11.816109757561122, 6.603953947534254, 9.292887542197091, 5.473385837197224, 16.032706095731612, 5.1839105359735065, 15.032100305314822, 7.809761471090052, 9.465306407508574, 8.03716860059252, 6.359232141778522, 6.342078520857795, 8.696272612937726, 8.61699723674224, 10.603376500710558, 17.195054214099184, 14.823958845498035, 10.549077974963302, 8.802725594621526, 10.168632926196787, 9.9776499003543, 4.744794278095835, 14.58805613930743, 13.07931703741755, 11.16033736189908, 11.603555786782406, 10.282073259076245, 5.344876268784836, 6.274906997895277, 15.488993974469162, 9.707657177805556, 10.712668237051366, 9.190088593988596, 13.9688944626278, 8.365494285165795, 9.574942212216211, 4.10855805430586, 12.799076291537249, 8.595627569227174, 8.437681454570493, 12.862397393112687, 11.191753137751734, 6.502697619798191, 7.3424459487390195, 12.55124639548059, 7.412779130607181, 7.719152018200518, 9.076622912525597, 3.720754394533137, 7.73222992913967, 11.889724782127454, 7.107513937344088, 10.17774558413982, 15.762661060388455, 3.7354367033994476, 7.057930152610176, 7.521479814716762, 6.711341200733349, 7.931197294206199, 5.202741593957994, 5.038606643886957, 6.21031366775888, 6.570343933414234, 6.56569344176581, 7.5229545809805485, 10.545655012989581, 16.83012361992458, 11.584611325644385, 15.994571891257024, 8.705940147491082, 11.0407493951025, 10.691851951495947, 5.31706463652973, 11.05909308565463, 8.015488208787595, 13.200169697594548, 6.717227653315004, 7.6883296023633, 13.486413225128334, 13.860236293284837, 8.467445942406105, 12.120726406082756, 10.082941852448633, 7.3202425456807685, 9.274359331607284, 14.828371010789418, 5.830493059665073, 16.80476018779755, 7.102603481111873, 9.180262286799232, 15.65897543048094, 4.695408284518888, 8.04128874714193, 5.997399525923317, 9.707291486499416, 11.693350000012105, 6.699380025257014, 11.552444760409605, 8.197230834207746, 6.873563926779602, 10.021964434591009, 14.425355750339037, 10.67774765233983, 9.813585718664221, 7.36928880234762, 14.708566367507059, 13.309921474430979, 12.457149128881156, 11.874308496753715, 14.3884364280793, 6.770612163293041, 9.002603033634696, 5.979905757002616, 10.380683674279778, 7.622872966284953, 9.014132448538856, 10.849456648253028, 8.5888473978527, 10.34467497734369, 9.426402242768903, 9.461461790826654, 10.555659699758044, 16.147345833601676, 14.593614088460768, 13.352565124701655, 14.808279911402527, 5.858452791999288, 7.443890148579836, 8.803763150996462, 9.418828609855176, 15.364427110534416, 6.50548128345027, 10.463494031175781, 10.205505685384624, 10.497886508926674, 8.911739052647878, 7.192151206838586, 5.3039675178907055, 6.950819598082504]}, {"header": {"parameterCategory": 2, "parameterNumber": 3, "lo1": 6.000198445256149, "la1": 58.999992894266676, "dx": 0.5, "dy": 0.25, "nx": 22, "ny": 24, "refTime": "2024-04-11T20:00:00.000Z"}, "data": [-4.932612488662223, 2.1960475786935327, 5.23918663562263, 5.459932640690929, 4.3846387015717925, 4.101634499463308, -0.8479959602997367, 1.957265551277555, 1.9320899864921461, 1.7938426595744432, 4.866425728387781, 4.09577702045291, 2.513766057463991, 3.1030417070410112, 2.628058805931345, 1.9380525122341872, 1.6689653219893072, 5.419597259567911, 2.2977444783842125, 1.0511756771904455, 6.012677261425305, 4.303157918729721, 0.22851603825685995, 4.985707739865744, 1.6912428513393238, 5.962569636059774, 5.001287694022913, 6.885135907157673, 4.325171262533472, 3.9603525203442396, 0.798244394079597, -0.48447644414619306, 4.436624468719647, 2.8303806531996565, 5.562842229942779, 5.157408699561591, 5.769505089716391, 3.768450900621147, 4.168650332469067, 1.0925411708590633, -0.5987313212019759, 2.442224705470081, -0.2550770508810295, 2.99143214925114, 1.32389757822293, 3.95100322773969, 3.270664302278793, 2.906148175530163, 1.5605627298005098, -5.040083295076693, 2.4685014145839728, 4.667261098038824, 2.1873101547855276, 3.7528547023826837, 1.9223229150619578, 2.682322515246411, 5.490770715594379, 1.425187730500004, -5.157898757051912, 3.2943928184171605, 3.7840510135558496, 5.120739913858821, 2.04306160918663, 6.832692119608907, 5.360024250804485, 3.839086093542175, 1.9291319336404629, 5.8119070858717805, 2.9208797937709723, 0.1354300206363651, 5.308854032727402, -0.09235729571860093, 4.661170261929979, 0.30354179848088014, 2.481263858084808, 0.9742301707999835, -0.14654235472077534, 4.266537243419282, 2.5458227059732663, 1.6559725016116693, 4.031394452858538, 1.8231028183845834, 4.741437880166292, 5.569887688473227, 5.149311142600977, 3.1309460824385695, 0.6999064555804551, 2.754204867406231, 6.574835136653766, -3.998098652343902, 1.7197638691125259, -6.073582307484374, 2.9512951125234506, 3.1073720140667387, 5.830901401580761, 4.677755809547585, 4.233050885545446, 4.378658381380177, 5.86719981242942, 6.272689255830425, 1.4573626678740925, -5.470816704954768, 2.849181909321231, 3.6509054186784975, 2.619602192326563, 2.476861307778081, 4.692407290328414, 3.905316465042206, 1.4527670841123375, 4.1237990677679806, 5.921680105950723, 3.82433316630608, 4.54713096635799, -0.4338047328075953, 3.0740559756392756, 4.828049107595273, 2.6906993233284364, 4.428524100695881, 2.330383282016231, 5.26119951168882, 5.558757131404049, 3.862332527555852, 7.309830982169454, 3.473545666453366, 4.172643136022125, 2.219924521742711, 4.518680008233844, 6.438241757321842, -5.339555330571437, 2.749091547722591, 4.39582232356514, 3.0466172932778797, -4.118616499322817, 7.010254500857733, 3.983079077348302, 1.663065801394591, 4.709152211832441, -7.7789478397084375, 0.9775737167225509, 4.636322127072601, 3.7764116910457446, 0.9873847540833999, -1.8954752049054198, 0.8779236239893056, 0.0820629610428472, 4.117066794123518, 4.050054080864056, 8.96876892314004, 2.4578246440995404, 4.300988910712828, 2.7394229363851332, 4.018388567370694, -2.288054503159068, 4.955766012768393, 5.908427603982776, 4.525207533337432, 3.1929540567369306, 3.6311171400477047, 4.841225654282267, 2.608476846568165, 2.1333658101512327, 1.7663307458776532, 6.131723481286085, 1.8478956199969594, 3.7170902695379215, 4.966954789712095, 4.105651952184087, 6.053412045414086, 4.233968726597793, 4.3645160335712925, 4.0485001507086436, 2.7703457780474854, 3.9664363547135775, 2.4465879781016486, 3.2581879406028564, 0.4696106321143337, 5.151822825464533, -2.9462689219904052, 6.6873651936621625, 2.5758759184087303, 2.111685273275499, 3.1032029117408233, 1.4528333670277405, 1.247294214319562, 4.740209461507446, -2.421409987296363, -0.762799924438975, 1.816092802625874, 3.959028334647391, 4.628778400273912, 6.418739948509192, 2.2698376648239993, 8.116935543033149, 1.3784628715339022, 4.061382809799152, 6.111275013198448, 2.9271325930788916, 3.8404075709006236, 1.6603814316249026, 2.7643250215563078, 2.3304114175116863, 3.403408724059769, 4.406931239197118, 3.984637355432636, 2.3416146876972164, 4.67918175708163, 5.6596852261412325, 2.231345277137388, 3.644801755552683, 4.802503251015673, 4.910480538602123, 5.313097748179091, 3.289544668720935, 4.222540122208337, 3.5929555383930527, 2.394220967221042, 1.9079927435026267, 6.080293342383032, 6.572585940705621, 3.249620057393215, -4.19865888547703, 3.4525504437282044, 4.851835331781324, 5.928546714129101, 2.1565102807280403, 5.6602173831445945, 3.496741772313531, 3.8844490273859935, 3.884785329161958, 0.44059837441173594, 1.6872300684269559, 2.356265695678786, 5.8052267604447865, 2.6294186144828138, 1.5462884096226446, 2.8009216557469974, 2.8820470908338307, 3.716543294202505, 4.824832508604866, 0.2683105495225386, 6.084601745636148, 3.4854884223553, -0.32186662903114654, 3.6273634190014823, 4.188555861934183, 4.427934253160244, 3.550721150692313, 2.6240036330621903, 2.30527447115283, 5.215415114441544, 5.821110982363857, 6.43964231978605, 0.70370546277033, 1.9992536347416638, 3.004948674330712, -6.140301275468795, 3.3149430901519166, 2.1098097021941036, 5.281605072730687, 3.232838330775449, 4.177486276538434, 4.0761143298258595, 5.27210061153373, 3.9732203729368734, 5.528242154496215, 3.2847734182344377, 4.451296242413217, 3.4578630003197897, 4.26446377192236, 6.573577142566501, 3.184451825872609, 1.2199433081227506, 5.081851023149618, 3.1612549147209594, 4.2124675008609005, 4.809966628238989, 4.575690653107852, 2.700021896046071, 5.150095634085052, 3.0722800596087105, 4.7683438485276985, 3.99166078241386, 4.131514801225466, 3.731912131497346, 3.949807142656826, 3.9265640276876694, 4.9784300025315495, 8.09894791263227, 5.22081318795874, 1.7758408418847915, 0.9083407812499467, 5.277867685995973, 4.487914650631131, 5.653803655404123, 5.369478572743105, 3.9451121674567515, 2.2705575845215935, 1.9098710077148262, -0.7515386968346279, 2.704819185001331, 9.981759882956133, 2.861655551564105, 5.40862449934873, 4.604562781383907, 4.568214215777058, 5.6438083660093215, 5.774897181539267, 4.14251897146565, -4.62758431513988, 1.5242817854759503, 5.281661835858616, 6.602660632353303, 2.1752505106549407, 0.28453734441806006, -0.12555560881082947, 2.9141891400977986, 4.907229692729118, 4.102039053971142, 0.9970118622340355, 4.043240857087272, 5.629260792043629, 5.160160504942492, 8.493852555872154, 5.9234341578183765, 4.558127175695644, -7.874835339909536, 5.336265043263792, 1.283645395916545, 4.709617572496115, 3.875469815387339, 2.483430454000042, 3.7470836852088802, 4.850761560518853, 3.177778390389218, 4.023763483991157, 2.6490541144459545, 1.4936536028456178, 2.7830900946084447, 5.757094492489166, 3.2381487707711045, 3.2230523883959226, 3.854882394343032, 2.7347839161354504, 5.283460877426709, 7.500253109798047, 3.9230490668641913, 5.264997410869932, 8.255257084986656, 2.433772117311537, 2.851464676380915, 4.582111177824279, 5.312732810936881, -9.018312913371053, 3.6034447528443736, 4.712409314362517, 2.959026105538967, 4.157712461103986, 3.0054820573703753, 4.2552707920980755, 4.417586470628652, 4.840530110225664, 1.9530581694753062, 2.824325879021803, 4.511754887594323, 5.73199351994411, 2.5549578144849483, -6.828903277482332, 2.207578285132604, -3.707231095164054, 3.4324392243180077, 3.214978326776338, 1.3310436713038474, 2.432393405825705, 3.1509732208092607, 0.031802308923711366, 3.6949881690893833, 3.2931443771795332, 3.0359488132361703, 4.110675557493511, 5.191904551387916, 4.385369977630513, 5.326248041963869, 2.583109454990624, 5.874065924118539, 1.918756621526124, 2.110143323218417, 4.145783274108648, 7.973235898899096, -3.8578807427960995, 4.126492434464024, 1.1156504161482943, 1.6521128633965623, 3.7079279549262365, 1.7874077681700444, 3.668587999319917, 3.2886675255019164, -1.488311200868064, 2.1870259493513684, -1.650008227203862, 4.170143161616725, -4.743171692464718, 0.3735955143628229, 4.560281643025902, 4.515491899471205, 3.0720194036623814, 6.072085855349495, 5.395039681204646, 1.9209417399965927, 1.8545835017719892, 2.446274722597914, 3.9233002060678026, 3.831570828609727, 4.462511306896518, 5.509654723699428, 1.9954351039684857, 2.962748978289909, 5.2926072030114755, 3.543427932230631, 0.6713080050681244, 5.642292830937528, 4.607931537963637, 5.153605684484079, 9.169594218528088, 3.37106833877507, 3.6215213427660964, 4.875978296585727, 2.185387642197217, -1.396089919306308, -0.8037554687843863, 7.70567126255589, 2.9122427186369073, 3.153676233532653, 3.4519175610095414, 5.630003040682207, 3.690253496648917, 2.395399808972421, 3.57706954014885, 4.778819041301864, -0.4946970884152307, 2.7935423446969816, 3.94186946794535, 4.4647051645310825, 1.389522443715277, 5.7908016873482016, 3.0986025722048076, 3.5335323463625414, 4.389525716172136, 4.948014758711654, 5.008694570787093, 1.2915328103156056, 0.7929906238100617, 0.47329987698235954, 2.417325509877891, 3.850694605278578, 4.841195834148042, 5.117557442467271, 2.7571833549920313, 6.251775436829636, 4.670465474195294, 3.1008508567037203, 5.172955086252457, 2.1725839710719956, 1.7057453878157842, 3.4355960352641035, 1.3768509108181441, 0.4327881288999097, 4.573590105213816, 9.085350931063877, 8.184215115509735, 5.223530501045335, 7.752085795943854, 1.1442065322685098, 4.245002145382096, 2.958730722673378, 6.1335034392994086, 3.6288552267101277, 4.665180713974279, 3.8083092974962036, 3.9040840186345105, 1.4346894107794108, 4.159840626436694, 1.233771123547626, 0.507044151705166, 4.461035220161318, 4.629489234362717, 1.3555833148532426, 6.705105726689796, 1.6214594961116007, 0.5373283929794253, 1.8424504178178929, 6.372524373175623, 4.705505051074481, 3.830742224364142, 0.8805263533647706, 5.463275626934965, 5.463696411063288, 3.9914688602024206, 5.18762985434554, 3.981739057347754, 6.610463070692027, 2.571835557659346, 3.3474408198933374, 2.730328321269336, 2.912959451983914, 2.4830365289826886, 2.3378644767827685, -1.9419418436689027, 4.786707561198432, 3.761524532746554, 5.581709952115384, 2.0579332432053907, 7.073396045555227, 5.494291844648217, 2.9111701763283877, 6.141828877428333, 2.486103755723967, 0.4886901730311855, 4.711639250917471, 3.091044359786689, 6.6967942408879395, 4.069171352056353, 4.432870665520886, 4.504739850792519, 3.6706308293677288, 3.6774039769316107, 0.5738174214853775, 4.336332039904097, 4.1098371218617595]}]