script/wind150m.json
{"header": {"parameterCategory": 2, "parameterNumber": 2, "lo1": 3.000054539987559, "la1": 64.9999836372058, "dx": 0.5, "dy": 0.25, "nx": 34, "ny": 52, "refTime": "2026-02-26T21:00:00.000Z"}, "data":
[rows 0 to 24 of 52, columns 0 to 33 of 34]
4.9392757765541075,4.392418232677723,3.8966704200844555,4.480182193847735,4.160096814682387,2.6156759266819596,3.634851870815101,3.030871964295366,2.4706917081448463,2.3447688257596235,3.228925250465658,5.07039621096088,5.411925619714728,5.551227980568981,4.899940251989687,5.114381377849557,2.69921356396814,0.7777390765339534,-0.9599897787479988,1.7895978297787085,-0.902627512301849,0.18150980280922566,-4.413779886097735,0.605750692010366,-1.4379136536466388,-2.9412935894238914,-1.7897581759910022,-3.9665809648403823,-4.039547565936102,-2.423311910698213,-4.807956354985424,-5.788853314053394,-7.418388426333514,-4.758654517709098
3.2041214933269333,3.56438506091081,3.808263514633571,3.381929046106778,3.618821478382489,2.967913347748226,2.389953964482653,3.5775021549450505,3.836151386854846,4.512902686255762,4.57736140624364,5.015388426963992,5.463755561425582,4.901124945381402,4.6246396346574405,3.8052256064838437,2.7118054739338353,0.831873320981704,4.0068097774315445,2.858726263214742,-2.4033241443991433,-2.4287215954832018,-1.6073161448923647,-0.3237662962483408,-1.239275764194926,-1.254129088541086,0.4083124261524433,-1.2009237742476038,-4.44109715967556,-2.621221693695149,-2.447054715409445,-4.342751415523751,-4.730333606791184,-6.984887175717389
1.2710512480268261,1.0959864068548142,1.0021633766758014,0.9452457531305173,0.3690852347755,0.8749752157734357,2.0279792186172294,4.913697844705507,3.6196177097514304,3.9226359900723122,4.34850095097749,3.6706674087946376,2.7060648735965733,3.1741018487176436,4.859113499522128,3.910110523280526,5.220470199264962,-1.4959604875795574,-2.3902395227217967,0.20887629671667976,-0.5737453361613905,-0.9619259204946993,-7.2884254827569235,-1.1021328446002308,-1.1496194733606055,-2.7824451110864374,0.08776221080439249,-0.32472378277512287,-2.0988930486069703,-3.1580396187088557,-2.6723427780284035,-2.910871393876057,-3.9011292642466664,-7.012983526424318
-1.558211837512523,-1.232238363959492,-1.1670770813834146,1.1124933075686911,1.0827346526179882,1.3110121058830837,1.226394361017486,3.134776241785122,2.702152485149505,2.2053414283654282,2.8325846743258367,2.2308051148139088,0.6242636757583169,1.0572111953298946,0.6116735680559334,2.5157663995307176,0.49359263418707017,1.599874213901212,2.609224197617352,1.793462033600393,4.911023496182026,0.2525600206484886,2.533043012175085,-0.9769531811744793,-2.7572551696887855,-2.606454869075959,-1.2777045010506694,-2.9294874341441233,-2.4137236716265327,-2.9070914632622937,-3.6878091134763817,-2.8826126963601153,-3.280667831769395,-3.750213216652888
-2.207090497798832,-1.1725669221206343,-0.5800800004396292,-0.28587016534369963,-0.6004778380416231,0.2306595096545102,0.9026962570530052,1.6773123283616276,1.2857492533169645,-0.03376838099624277,-0.2767792221148314,0.338821788871267,-2.154299053648375,-4.158090009000137,-4.712741309361578,-2.590848255049607,-0.4506700281114271,-1.4408103878110903,-1.51561876816459,3.349839978147262,4.181096525732427,6.625582221069307,-0.6688471294019579,1.4195612816905927,-1.4305698693158702,-2.6581871330919062,-2.615903529000672,-2.6934182565964275,-1.863785891953198,-2.628502958612603,-1.8473874846068685,-2.88915778933659,-2.792741968375941,-3.2874641016003516
-3.358726585525534,-3.7485947932851964,-2.1743394795608184,-0.7741155435712277,-0.5204004368994507,0.8428861439098979,0.6433437950051369,-2.9966949027314174,-5.092923239298469,-4.586255976393318,-2.7689889745761813,-2.245736413657463,-2.3326567925127035,-6.2279201870132574,-2.4990966320285732,-3.5787848402355014,-0.8441793915200285,-4.019244906265507,-1.3363347704792983,-0.935259366533297,-3.3861922300345864,0.7670490586768115,4.194494876929584,-1.627124812467368,-2.705645697814607,-3.133305773417839,-1.6983852817501828,0.47932735028622175,-1.3544943398915195,0.38403077174288286,-2.1320124590938194,-2.336501368936505,-2.3374399885721533,-2.7320070869584936
-4.071028534731667,-2.0608199046277487,-1.4665157035906613,-0.21708244216271924,0.44598804020407307,-1.676145610750385,-4.793552141147777,-2.94587655934645,-3.4559121230813874,-2.36486241906085,-2.7200094202426546,-1.5417234987558455,-1.8131043494074164,-3.8101804959487646,-4.418166587317732,-4.714374832075796,-3.453359449439418,-3.773160096145359,-2.210299257291658,0.9321699144523752,-0.46479407948438634,-0.6734381316987422,0.9223154021198647,1.166772210444329,2.4878195686177493,-1.2145624069033223,-0.6848648346580668,0.11739352117937242,-0.3359680960702005,1.3109339044428827,-0.5687071538928309,-2.468306661269303,-2.004076509669511,-2.064681352337869
0.38166196543180814,-0.7844407106712107,-0.7121515924917684,0.3899024539779654,1.055637778642498,-0.7836429950970525,-1.3252204422832357,-1.654049497420591,-3.1373029219236654,-4.283407882707502,-2.7423619248758584,-3.6811224216235354,-1.5972469584238023,-2.1846326570503884,-2.837844363557435,-1.3371182599167393,-3.755903422510422,-0.33837902488437677,1.8915886787635436,1.1526841230029605,-0.11189068899855008,0.6841430887615986,-1.197675588709107,0.41353653331812434,-0.279699835642627,-0.5612218621761926,0.20304830636145096,-0.3697674664355785,2.3119810191459496,1.752266380121357,1.3209420433664982,0.41834131923655093,-0.6439930878456372,1.3127873066465046
2.32249305044703,0.7531194935720752,0.4079253854960351,0.8817082741134085,1.0524401084516248,-0.34328938076200477,-0.30215562060185885,-1.7444299945906094,-0.27575946588156036,0.5869107451163501,-3.3355834640076187,-2.4057123375179152,2.6112719965479156,2.066172489023217,2.665155032504246,-1.4161824097863127,-2.9970351849370576,4.874048099273386,0.027195027861084613,-1.6014015018031713,1.1082578729739903,1.221891063691325,0.22172213721676132,0.9536436340356884,2.0107492194561383,2.2150532539895176,1.7391486792963757,1.0171449791059533,0.9488327911395008,4.177145275760432,2.7175665484937648,0.3289696639366321,1.8168355387640756,2.569386927528648
1.5798235907219806,2.53499113142546,0.052518504774604007,-0.7411513109517046,2.6284156084891444,-0.5802692200177484,0.4775459817008003,-1.1361047246769134,-1.7736964281930307,-0.14594469569001617,-0.5433895064097498,-1.2017044478135728,2.7503524964810997,1.8161658038256812,-3.070758469169642,2.8112251785548366,3.188779349016084,-1.4431568468263116,-1.490728377077259,1.6720629092641468,1.9963095458071727,1.511688533626255,3.2963517077145945,4.317629088577882,2.0757045492582042,3.517304010817359,2.520680104703675,1.887398002033007,2.7027912989665848,3.504865538012877,2.418405340146524,1.0860781582158736,2.338316737689057,4.433346200830189
6.393178032626193,6.314808693961178,-0.20072935150933724,0.9395598262606241,1.8904641316688722,-0.11064384582781069,-1.3166483269625384,-1.4104758576536411,2.17227854176323,0.2407918277425774,-0.001273960255824189,-5.846411068515042,0.7139018881765175,3.431971511718856,7.431164712484396,-2.172717465732844,4.03959681752486,-2.876683356910711,0.2769500674956441,1.5422912619090898,3.604358537524287,2.6970570196930654,4.183569494465644,1.0593480325714255,2.948045417219834,2.8362581453494777,4.177115778356047,4.434799183942871,4.354047621531798,3.919227979418979,2.1794193680401164,3.8817877185581082,5.989581933190163,8.228423940695961
4.203048708152229,5.5776168883843855,6.8611858331561475,2.758622220404048,2.098058129849462,0.05821569330354924,-3.999639213131769,-3.451050240122391,-1.7192524968556524,-0.9044044162233187,-4.142922988144201,-2.077306702455285,-2.5767620187198683,3.575182159555283,4.381669566847975,-0.3408762261087367,-0.7551101380637798,5.5512712938181785,2.1477887990251436,5.038260013154049,5.519507851600332,4.647477262895848,0.43272815243839946,4.596924258056041,2.2765082559357315,5.197995613426306,5.729178854035961,7.35506131658572,5.8619534992829365,4.137612402810917,5.295129458869079,6.981247905369302,8.111101520127752,10.37785383475291
4.0889775609564865,4.073174558008457,5.823762551275404,2.3130778628102386,1.290848922196503,0.30967949257061383,0.44292101479707574,-1.3529269201505432,-1.1986385454418236,-0.12398839740134886,1.7275535626912897,-1.5891399328122027,-1.4881963784138472,2.6564247849054334,-1.8768402835646967,6.839313475092452,-1.56610608706172,4.664051906848991,2.044472744786591,-0.3538331448822546,3.614965882248093,7.923979028697186,7.7542259083056235,6.892013716601526,7.981321789722324,6.175314250162485,5.762927938360568,8.05354583845045,9.291589054836978,7.875698820194322,8.790243223082106,9.388340559159673,11.261407945220935,12.07896365083984
4.229262985173025,5.426771053603513,4.544429218024849,1.4903798989348689,3.519739927561265,1.9700087689473194,5.209145381783622,-1.2750471825948573,-3.20265265780488,2.346272427544954,2.7567186605606726,5.199040627822232,-1.9562000179336778,-4.3347580874542615,0.5020605776058514,7.107967307775298,2.683804090705268,0.7445953799899964,0.9799529863972948,4.648119870088549,-2.0048953840362183,4.789761976324042,9.405850823634324,10.912212122428498,3.9282584006907473,8.866999631898116,9.80529987005415,9.904280134212163,9.334032983582423,8.928188036451944,10.502040882884193,12.822519803764983,13.980757843912595,13.650988437184367
4.403536412679207,5.292565602289031,4.509168142336348,0.7301680822108862,0.8262250818769362,-1.162024298779022,0.2696155569546889,2.319940619663866,-0.9982311799913234,4.065590217929792,0.4315957323252093,1.5090855889510917,2.9508121123379607,2.8242629950682847,3.655562232626063,4.334830283557974,0.5369702287136461,1.5996039614118684,0.7597521940554137,-1.9504430868424654,2.6829206864556965,2.900299406815994,2.8660961485242593,8.333157210287123,4.875202719861063,7.288398193158712,6.790500999349401,10.576182387008332,9.663209102515355,11.338987756721693,13.015474796859525,13.919196590438467,15.179231501631312,16.364328766496374
8.162159098817945,6.797353407544708,6.490225964663407,1.6268257573203047,-0.1785923956929611,0.054332184450711106,2.7412903220631724,-0.5398909629031453,-0.05950703487618245,2.223478611649097,-0.039744055486488884,2.4500980056761015,-1.641794994005913,2.029283225377857,-3.9764146770011193,2.7487558062797883,8.957722576482965,-1.9383628847457233,-0.014371153858128725,-0.716680016974684,9.211905055951874,3.8788237706305124,0.13613325285855699,9.236832782500823,8.816751770097419,8.034970235773457,11.745635370574197,8.963855686278462,9.38206491279163,10.349383055185777,12.24227562237002,14.706274280950295,16.083312478108105,16.288872972574133
8.570905232637037,10.593413956141003,8.672923764474325,2.873132680295701,-2.157808512546737,1.2600881806732191,1.6893806330084615,2.4561190563187765,-1.4318205392753471,4.46773351753354,-1.6475066047390448,5.265173505931497,0.5149484070447252,-1.9023347158799704,-1.7898434357629176,-5.191008223951571,1.0747905835285494,-2.148529359871519,-0.07782771894990423,1.3058323553894888,3.174721661806127,7.417274125256937,3.40150554451658,4.063104570083826,6.525643788608072,7.344191834047427,9.454195946292984,10.72080937657347,9.316954055610152,11.987947924351971,12.664992805815489,13.966590934525955,14.868350126889283,15.396749555865638
8.110273550053442,10.660298168724438,8.363170588599383,3.792345040916333,0.48062324463690476,0.5830511909664311,2.183798265170376,-0.5510563099445562,8.550050698060648,8.034948112524445,-2.2077899962937124,0.4334627181168546,-2.7938716899893636,0.32818987511174263,1.4592989702561487,4.010398415056903,-2.265856862928794,1.7789829725849142,2.4341874909691965,3.7415123698091346,2.8169322937743693,3.0394403867888027,7.1905807171238605,8.12615215207495,4.620660264346871,9.263539208999866,7.306619443517159,8.57689618886747,9.226121622286508,11.063026367312503,12.69009161425675,13.001342653593579,13.141378593630808,13.706184034341232
7.927895872950719,9.310582977812176,7.497044759137922,6.843620013733994,2.1636627841614913,2.0653816091930093,5.5980327348237,6.195818639138036,-0.110988804599043,5.915323054232093,5.829499059631163,0.2446959465856365,2.612835848396714,-0.0041805936349554665,-3.2954014567860805,0.41064999845681804,0.05735591981677979,1.4987206860243059,1.8555977267370811,3.5539798790417256,3.2372233584538264,5.498696691352835,5.4067252750366706,6.6256529671196,7.03933813561263,6.117630902600364,8.886138482716312,7.367484698126246,7.660417217013172,9.228784065891691,10.138161019445002,11.48170251368688,11.747926937193457,11.594771657667495
8.323098370478789,8.774293864484177,8.406672466874143,7.639511453357391,2.6515462287044245,3.361545777107788,1.70449461738797,13.758298144985394,9.454824249638447,5.8770853573178075,5.965731643390402,4.0855259787737825,-3.2325912199145597,8.022080792753089,-1.8513651259542936,3.901474193989075,0.9468375061057733,2.3710517112946072,2.3152747413592962,3.8983008461114643,4.249508725717811,4.221024821095653,7.113089155713925,7.282027660098435,4.480008747501519,6.894000932156152,6.939241169615971,7.063831073228386,6.831064816555191,8.761638632306791,9.410225325430515,9.949502857521923,11.321118541505411,11.43356573073454
9.395898933737408,9.205753060574649,9.60583078960371,7.923625403693787,3.780052724142533,1.651486960047149,0.79891166216405,4.1538877411024355,6.218779910123959,4.715796547533815,3.7102068547639955,6.138846601141315,3.8474651600993286,2.250201151457955,1.4000130707062435,-0.9452362527066989,2.150763663449252,2.093228013940813,4.738685140968264,3.515640814231866,5.707113577332426,3.742596145308221,5.845032971618823,5.516907538936116,6.6885836591190415,7.957713411954886,7.461515446200432,7.1023572982557654,7.1025969737577155,7.732194365057495,9.151592700507392,10.446849585727625,12.249983463109682,12.332947601796509
9.92763346707478,9.653484355447853,9.55868693297894,8.901913065460418,5.208243651559147,2.8083302049876857,2.413271694400019,3.892996146593255,7.326292102433315,2.2267725326594405,2.249140892256521,5.966618379549587,-1.0173078643354974,3.77583728931713,-2.0463225577802446,-0.04977842857914141,2.486544765849732,2.6880160640250597,6.405811566015763,3.546540514914752,6.3255294526368155,3.694841758327399,6.020604359077809,6.201888076782672,7.435739046281419,7.663660445441955,6.318157633293334,6.6330999337171335,8.525034664092384,9.413209688767305,9.678244956306067,10.019633782006364,9.695835579467927,13.648967135714376
10.979051357360873,10.06516093299305,9.632922034494632,9.155016897955367,7.137740824381642,2.1591501256617143,3.8530365180363195,7.682656765965242,10.99929781572598,6.332288892136646,0.5352320810419767,3.28756552593538,3.798023926492873,6.694320562797586,4.035414698280205,1.0641051667615005,3.091966726900013,5.872362875732145,5.519954475086814,5.430455994583911,4.386719024173894,4.223102627402736,5.8316525431256165,8.027400752291781,9.690388539991213,7.169081789357343,8.201751698638223,7.805040957367228,7.659275611333134,7.052678979143511,8.031010240993183,9.255026893782583,12.515586502180897,14.833091760396746
11.466392704489143,10.648091988373848,10.189854059960966,9.754284476350735,8.88386774736722,5.055760855898842,4.513814015603207,5.7698069507032965,6.749989425980089,-0.9804505727777355,0.7013907847768496,-1.0835883659200471,4.7089770724721784,-0.32397432749295735,3.1842607296982344,5.10575707114091,4.1238142544094005,4.9440280190078,5.053440233558493,6.242492687105501,6.327995505079437,8.734543742845368,7.669880967414702,8.152169348522458,8.577032579179226,7.853673578311959,8.199352971484931,7.138319137750815,8.018521968468187,7.5192029194322005,8.507817987217438,8.232421034827825,14.2148457097831,16.633895803116047
12.136262206442634,11.499466057149945,10.53437072383896,11.168858916657289,9.804575128827045,6.166320945818081,2.738417800045901,8.312034943763322,7.803616118234174,4.895262196356507,6.822095515979111,0.1275679411928779,1.3251201386087983,2.5980618941361038,6.475039130404585,9.704177153847452,6.909293012166964,6.475645161978458,5.374636683615571,6.053986617827591,9.248226745275549,11.858377511075407,8.726114434998948,7.587432253160979,6.182849271255147,6.982999937606087,7.237156930850432,7.429440895824163,7.540740850618931,9.067631002066824,8.837311529270613,13.504112737510814,17.38820741675437,16.192047620713222
