script/wind450m.json
{"header": {"parameterCategory": 2, "parameterNumber": 3, "lo1": 3.000054539987559, "la1": 64.9999836372058, "dx": 0.5, "dy": 0.25, "nx": 34, "ny": 52, "refTime": "2026-01-26T14:00:00.000Z"}, "data":
[rows 24 to 47 of 52, columns 0 to 33 of 34]
4.074136802822023,4.385782258105998,4.207575618740739,2.9315704919348167,0.46348873939107454,-4.18577855984302,-4.215686684041492,5.298724071953756,-0.8950840832120388,-7.177966378195168,-8.865825657808552,-10.219392222325538,-11.960061765731654,-11.9375939795641,-12.132109093364837,-10.888671069716267,-8.689512422285809,-6.2894058060717235,-5.077205278477515,-4.423189265740056,-5.438706849612926,-4.716084628186437,-3.2529371110308123,-5.347776704946761,-6.09209318280189,-6.079055055408544,-5.888095534620741,-5.645041002829255,-6.57434118096156,-6.845983025248712,-6.14409670229224,-7.15099980711503,-7.3637877636896025,-6.35998502468261
3.9542389748879345,3.9492978740345346,4.133958661732815,4.412957453443353,1.8704005834897304,-5.809790225810145,-3.4550520453248996,-1.400583658824604,-2.942833806451276,-10.030311190501802,-9.69674293458477,-11.336318165626203,-12.75818774605472,-11.350815633664043,-10.761368545024792,-9.209979357525224,-6.086346516873024,-5.3543525234009355,-4.9934897901397095,-6.482443883438369,-5.855956550287885,-4.8879736386973045,-4.95852279484831,-5.127276044910237,-5.810336315671721,-5.243387116649312,-4.711079738766395,-4.948354574674726,-5.266032303937481,-6.095721909665083,-6.5621793970320015,-6.654710820205371,-6.425048887035227,-6.260041513218952
3.5972382337632487,3.3083133204814734,2.6428542883018458,4.908996766049626,2.294595090142029,-2.2036434204247435,-2.3673629644481617,-3.428696090001113,-5.50988567193939,-10.9399690325805,-12.461170026064432,-11.164787362965667,-10.888921193110766,-10.808210222395074,-8.904787846421462,-7.400404664038188,-4.443606584257902,-3.85309513628002,-5.849259086289853,-5.429549477309504,-4.754086372995965,-3.8607365989662683,-1.9699972542141915,-4.351600702990015,-4.720236068710031,-5.479164492484946,-5.478638225143053,-3.9357963991918834,-5.294643855740972,-5.939052568087983,-5.658025802418107,-6.232459193554561,-6.0932212155855305,-5.909348302523946
2.4068375402100983,2.2545357208917025,1.8082937437165274,3.111250078294804,3.626425189524373,1.8862767830497353,0.4425204906650083,-2.005761242330504,-3.3631730701307685,-6.800393731298226,-7.741741280445529,-9.779488088811702,-10.724777304849422,-9.223824655375703,-7.867366619671773,-6.477148724958085,-4.045763252083626,-5.038889811024074,-5.596000872118818,-5.143234155959791,-2.5003932469385997,-2.468531779548779,-3.0885747824708316,-4.498896455398966,-3.574029288263877,-4.04285322994086,-6.152372635372019,-7.747403849754379,-5.1668359716751855,-4.912111039127195,-5.877757152475921,-6.359262010425051,-6.654201959332546,-6.779651290164743
1.9063074926873236,1.7677489542205027,1.7009155799795845,2.440485382416838,2.7600266499686827,2.8913551122917944,1.9375852060571976,0.7495424892953595,-2.2761844616103577,-5.115188429363625,-8.199214555175152,-9.719524422907313,-8.754752546952204,-7.519157661791521,-6.364100960302668,-4.778866630519064,-3.738184770505712,-3.043768683208055,-3.395199010050738,-2.760044948131101,-2.38914908557231,-2.692753146642755,-3.959542737468082,-2.301334892095161,-3.394885808345126,-3.8149365749797584,-6.661654899097487,-6.96073368721254,-5.160281955903767,-4.777819207388256,-5.254880034342185,-6.017149303744694,-6.047533547892027,-6.7889753036257465
1.7693285556498166,1.4972631215895862,1.346391622971083,2.1113269361146227,2.2000694394760663,1.8722619058345686,0.8248106714216878,-0.8861263519226663,-2.76349952014924,-5.983122305617233,-6.398123526512431,-6.008325518942165,-5.370267945035302,-4.318340596324483,-4.004724879766422,-2.82429887334371,-1.7833569889909509,-0.9063791492326643,-1.2947851698063353,-0.9153805135001833,-0.3402201419862079,0.6773947468878276,-0.6932196409492879,-1.0335686806617568,-3.2214803281884308,-5.256059467345579,-7.807502599348173,-7.025717941642854,-5.391214523637356,-4.553576422131924,-2.9735796829448176,-4.239678611949696,-7.307012500197438,-6.769021918530215
1.3665938548955576,1.072944877993301,1.0479621282651899,1.403472408801347,1.494659503466779,0.7630887017750863,-1.444697481459465,-3.829068756224151,-3.5874932269789044,-4.532992291876951,-4.6843809070638205,-4.4990254602006585,-3.386412772586839,-3.540524484847341,-4.596660535568506,-3.9162271697931925,-3.854759341880606,-1.6373522856265745,-0.9837657052066652,-0.10656920214446863,-0.8400474139597937,-1.2390777701691251,-1.4181470860134973,-0.7125919765165639,-3.2970036079968983,-5.854508464102094,-6.572860022454481,-8.338383940465963,-6.743359497214601,-4.690789614558835,-3.4439267877080315,-5.3428663228004725,-6.782968102042077,-8.266938282562311
1.1818339374001505,0.6722317010466858,0.5006295610462446,0.47440653636156666,-0.3423408568025575,-2.345454051350908,-2.436830907989959,-3.498680262214112,-4.388157512710054,-5.010855208202233,-4.725888864043727,-3.0858228951033495,-4.029447355435973,-4.957769480893891,-5.359930894364121,-4.41447860319359,-2.611711857045308,-1.8318782297007408,-1.9847889246204706,-1.5863947615528018,-1.2655876251673484,-2.8293270794970233,-3.854401456380894,-3.639419244245494,-4.865681715949212,-6.381049584788517,-6.905386449510474,-8.078622281843666,-5.812626703725635,-5.963729218968692,-6.310780356702645,-6.797400247207935,-7.670170324207115,-7.359941343729896
1.0829195430574665,0.024349906057351024,-0.5252505312207814,-1.283492964604373,-2.154663152294163,-2.637980287958565,-3.5399425196542933,-3.9889390525003887,-3.6951735881091214,-3.9186817082459666,-2.1149685101831355,-4.571869737697516,-5.301678070636888,-5.723651161310735,-4.80429564561999,-4.461118507168382,-4.050593033363664,-2.6083082408085723,-2.7138102930896806,-2.8503799931073575,-3.5682812476950514,-2.9396694550114,-4.322888186613605,-5.4512177026685205,-5.617810453848135,-6.642292715221659,-5.486903555697164,-7.913534268425079,-6.312610689852249,-5.912126178391712,-6.286354625766894,-8.390099188918139,-9.034214251818643,-7.896022705243797
1.006363851010552,-0.2791166100422787,-1.328644698510781,-2.548865049834697,-3.3423644565923976,-3.9525845228876753,-3.6913591866128157,-3.568399581115115,-2.138564775314275,-4.001851273537653,-4.776285227084434,-5.358452480869712,-6.111578280920069,-4.666486824327631,-4.616343206073848,-4.849757201881772,-5.145086137543801,-3.979636806854968,-4.4555725888308535,-4.837813597983095,-2.96188482195723,-3.4826960119645816,-4.293659335972099,-5.706704074549655,-6.8562787181470535,-7.772126276706872,-6.8831441284760455,-7.040826339110077,-7.1161787658485,-7.264893927557719,-6.881944053433334,-6.450259709276935,-6.4746851393286615,-5.9533964314557934
1.4286325101775736,-0.3834191374794933,-1.8643728904507355,-3.333219315591429,-4.144835444222005,-4.751107107901508,-4.2114658907959175,-3.331537077669712,-4.270820550371524,-4.497789566319476,-5.20934690278453,-4.893899717806742,-5.361329211358093,-5.446041744068099,-5.681771042812999,-4.8370320331021786,-4.981229572094823,-5.104745778979066,-5.03306820421366,-4.6924404051572095,-3.8599606273780074,-4.290516019417035,-4.959371266294515,-5.834225018852706,-5.853806680131398,-6.3454713970295975,-8.22004154686191,-7.769622066990406,-7.754495857620054,-7.102508422550426,-7.14720719081011,-7.22252682291194,-6.668177345634559,-5.266649353388215
1.9982028010358763,-0.43316599809244066,-2.2187452192350325,-3.4551260492628852,-4.17644880567349,-4.042482276152538,-3.92039822133148,-3.846333349872917,-4.1031340716210885,-4.350353923656541,-5.688068694547245,-5.173174415090267,-5.67004158533911,-6.108236435552971,-5.859528523502229,-5.548426717354162,-5.894958520097673,-6.204200678558119,-5.735724060904582,-4.006126160125378,-4.831029963549401,-3.8690942585848624,-5.445022736596489,-5.4981854567640704,-6.722920314476794,-7.4963231977840294,-9.141376014549822,-8.694928680096462,-7.767673228037256,-7.270049152201336,-6.642020860088139,-6.288867047865732,-5.656576997125723,-4.886360185858948
1.4394325292734516,-0.009109921388341637,-1.7605077062872139,-3.1932874815430434,-3.9712298392724734,-4.299922043184655,-5.5170315340960325,-4.3384151454711235,-4.1202047750630335,-4.68359244436979,-5.234780535962926,-6.061085363051827,-5.944540113353613,-6.43216469679915,-6.300271564576478,-6.805125726912649,-6.397975234605185,-5.596190813643631,-6.3370948470306105,-4.794812302138663,-5.229781887242207,-6.914345167304135,-6.322493905311552,-7.182492306663593,-7.738501323186305,-8.448840185962284,-8.856047194914089,-8.347604316843618,-7.559156895355841,-7.068780465340213,-6.79700179195326,-5.79604115138915,-4.714669256114446,-2.800154061969134
1.1495547827770742,-0.627445965330434,-1.8085137569160221,-3.3645221581271803,-4.4391998872255956,-5.383045747468351,-5.445143542680218,-4.753291666408576,-4.401151483331583,-5.562241146426346,-6.008619675927634,-6.0988679725833075,-6.808853632558698,-6.241770510992011,-7.344780188227814,-7.537234458265319,-6.9722348594428105,-5.580109180988514,-5.240214152688989,-5.531179202671885,-5.986352795685787,-6.477659724710688,-7.577119152883641,-7.440285923559662,-7.966520961056993,-8.678580922676318,-8.105521831585342,-7.127631481992821,-6.544567265224117,-5.089951420779007,-4.2454554834541645,-2.9613054337596134,-1.442664115890929,-0.33403937622484264
1.1778038525401702,-0.7237705251306308,-2.136824764294511,-3.5658502953421833,-4.837651017076208,-5.400379910867891,-5.816473314989101,-5.321925555402333,-5.517691448369615,-6.082766627103074,-6.568945180505938,-7.178331049348167,-7.3001302076934715,-8.060190540886333,-8.279840765280843,-7.483567052841577,-6.8421157070105965,-5.866443701734668,-6.40673892916558,-5.991277386743032,-4.581066935516885,-5.610095576337787,-7.910822771612221,-7.056938581404593,-6.659188502227556,-7.1138040417692405,-6.479284518498411,-5.164584482676309,-4.478745449627034,-3.7996504426145945,-2.70547226608783,-1.0527123257961732,0.49248148718216117,1.6811665220292356
1.1462498014583007,-0.3520641241885068,-1.9421946086309103,-3.562097954939952,-5.2766184333208495,-5.67996837084214,-6.125780887223663,-5.891426030918522,-5.696031108709629,-6.067015327987684,-6.933175290782245,-8.764273640417576,-8.339559531303669,-8.235695463562703,-7.381090788224812,-7.102129330447084,-6.765746379321225,-6.486341297074448,-5.3301973075688105,-5.092593804827416,-6.995962533021291,-7.977409788541374,-8.509208407309613,-7.275418239868028,-6.037380380776243,-5.341715483071241,-4.63110617613143,-3.305569812711893,-2.34979112596323,-0.9896448869248942,-0.37825529830233834,-0.6272079584518406,0.8804366226638136,2.995330662386938
1.1900318857899257,0.06374930604656837,-2.0599798293140643,-3.6779190892683977,-5.079335076741275,-5.699427140356784,-6.123556347382797,-6.0922309997729736,-6.288003126448099,-7.711419137635005,-8.603694483591712,-9.946347962827389,-8.739556473245766,-8.338864968119601,-7.2402308611333375,-7.8926331632278535,-6.710048802679569,-4.936202680162767,-7.28652627817332,-6.390364894611248,-7.13193194953053,-7.455974647465364,-6.621419939660491,-5.440005543743744,-5.638162491576423,-4.1620813490851605,-2.8757402230474227,-1.7801525233903914,-0.588946382015036,1.1228222549862876,2.7558226758776603,4.61849350130908,4.585860482438812,5.243533313593612
0.750900203223052,0.08390733237570638,-1.6166479144934645,-3.8020680544984446,-5.072604136549698,-5.693045161821622,-6.295100504672221,-6.927312428910804,-7.465204364598631,-9.033219432562722,-9.766771081320742,-10.437895923269721,-9.25838740447928,-8.269681376153454,-8.797100170610213,-7.8246461221584696,-5.352705462762861,-5.715208165495377,-5.915355154001064,-5.359200789081028,-5.558304186539803,-5.34538144050156,-5.0112606507885245,-4.132417796486372,-4.346755170944208,-2.3228087436937153,-1.2862512120159217,0.009657641964212703,2.2048913338352785,4.8428897742276735,5.157425833835948,3.8950439740907266,5.462869423893487,7.429339263853188
0.3871302554319587,-0.6009960625275163,-1.935440791463241,-3.9766102466925406,-5.12509602461268,-6.162325183426808,-6.96383876692469,-7.986103816545444,-8.063748169933898,-9.222953339914401,-9.030471776760402,-9.972038793666343,-10.653112372962262,-10.888630265615916,-9.714274180793549,-6.781468028760319,-6.94516562511308,-5.16708266428476,-4.200784568957773,-3.1337481210597695,-2.4828050833464625,-1.5545765906915079,-1.4102690361748813,-0.09764850122891502,1.3240982963399128,2.14780405955013,4.032262823320546,5.889808009097122,7.325720900173454,3.9239878960035295,3.139332444411975,5.572132932830582,6.827538711970454,7.61432564033628
0.12755450309972471,-0.6887528939769564,-2.2654486856727685,-3.5559161268437807,-4.6208379115585485,-6.3135937051478574,-7.386527925423517,-8.662335453228199,-8.653890263311894,-8.542788396703106,-10.235909358878727,-11.851697548991362,-12.379020916804485,-12.252989639611698,-10.72622986095198,-8.506866484318193,-5.604220875060977,-1.7450825739575022,-0.4689674534793451,0.3170096528260285,0.3105072523532849,0.06275528950484485,1.9512038320049512,3.146707452874441,4.145770574687708,5.369308582592162,6.765650499475474,7.077062276386358,7.9842305564507905,8.08515820588119,2.7055229722818783,5.64999258523809,7.567259554130295,5.069030221426773
-1.3394332711615307,-1.0968958794289074,-1.9639050149489365,-3.063999146800902,-4.399329072274502,-6.098174262026536,-7.662874028347844,-8.820047555291717,-8.770683626994412,-8.71320430394275,-10.824108324408023,-12.486590461543383,-12.390874579646107,-11.725007859643757,-9.381270556639418,-6.655534179799821,-4.301196553994413,-0.9335644678913096,0.26658829687643404,1.8773055539715393,2.6875959671730763,3.341282662861202,4.3606609177780395,5.184930515789096,5.48533479243388,6.236663563792031,6.980621323406573,8.293800048699907,8.166509494855653,7.485084139634575,7.983701194835447,5.384756864563344,7.4027586428621905,8.30756538325475
-2.6128749478095523,-3.130120475445229,-1.9779527412637565,-2.5203691091031866,-4.312226426219429,-6.038439965848266,-8.067517678127128,-8.23176734349754,-9.090943233536178,-9.263629628565736,-10.77405157920412,-12.05428632531097,-11.91391596067519,-7.958876920297624,-7.312180281171953,-3.649958427502566,-2.5194000373644796,-0.8321544286604821,0.8754264966870778,2.553371726117192,2.4155185507133403,2.655616074671742,2.885374403923811,3.874600641248918,4.141233677510079,6.421353975608106,8.591350711648333,8.576263462021043,7.857228567354808,7.307038999510045,7.7450225881412464,7.552347738517327,5.659275592219074,6.089466042650378
-1.6643819645510665,-4.016920092741495,-4.0160269739564045,-2.4117446522511488,-3.410582732163741,-5.735071472452382,-7.47175994412198,-8.16167949156621,-9.3864806608113,-9.497259147774432,-11.2807660567729,-11.06549541730259,-9.861265736709452,-4.564440229028779,-3.0719423959232914,-2.135326586504955,-1.3700575039778282,0.7724961224204188,1.9162907055872507,2.6418018582021374,2.058873946093546,2.395874825036145,3.0054781354312614,5.269517705578834,6.903985628447336,5.96647929277446,8.819048771074383,9.239528991544107,8.38423725403508,7.521701487812473,7.0833392797229715,8.722736295728593,6.996639702351031,5.812238657796228
-0.8286722182063261,-3.3959179127203254,-4.986826710301938,-3.3240269218617566,-3.5761879087143056,-5.253894930675842,-6.380952553736341,-8.382758085274524,-9.239269542671547,-9.619720920972142,-9.994129267685043,-9.792229203034905,-7.782753385833684,-3.2044476090504332,-2.7134437649765544,-1.9907940846168466,0.30179929418332346,0.8007558001408362,2.830642917596966,2.279834217585361,1.8400653450903073,5.073199040550891,6.184159171097385,7.589690082278614,6.83387252875382,6.721708749839951,4.904903454499522,6.146907128428945,8.211651822733266,7.2496140561505475,5.772753529939983,8.129311786023624,9.223308779319023,3.538085976344419
