script/wind10m.json
{"header": {"parameterCategory": 2, "parameterNumber": 2, "lo1": 6.000027932988019, "la1": 58.9999434238085, "dx": 0.5, "dy": 0.25, "nx": 22, "ny": 24, "refTime": "2024-10-03T12:00:00.000Z"}, "data":
[rows 0 to 23 of 24, columns 0 to 21 of 22]
1.6684663033946119,2.0415602601727127,2.416600896488704,-0.9529238666700407,0.9349630658653117,-0.7021032110022101,-0.7452326816802634,-0.7395708601598647,-1.3811800256517661,-1.3228949868108337,-0.37005741272934667,-1.061575694140704,-0.8907476158066913,-0.9117598704678475,-1.241624463039952,-0.3471348972796657,1.9034764627468717,-0.2272332102062793,-0.5745638314646944,-0.22622287718235815,0.3327365854607945,-0.20985826505683344
1.8902121454604623,1.4142401174162593,0.9823062740488203,-0.547644660061034,1.5605510225581207,0.19607893850930933,-0.491479096027941,-1.6898752552081404,-2.3491719778419986,-1.4442662348639472,1.5867857317738696,-1.2375262314889568,-1.1779268164510794,-1.7030511399948394,-1.9346650797241172,-1.4502091069353655,0.36560560669634046,-0.5526650973253509,-0.7658467753870509,-0.4819136367062414,0.05773909301783973,-0.014284870677909952
1.1478086580098517,0.31522037219594484,0.43735172230138186,0.8500047800043048,0.36947778267317916,-0.2966785808110243,-2.751416161600969,-2.2700244179204754,-2.1542187470137875,-1.4970736651225094,0.7721425813355578,-0.7626223471908662,-1.7896652721908066,-2.534059158354941,-1.534376121680473,-0.4816518754176433,-0.6728952526199948,-2.429893351874632,-1.337448792130599,-0.45122144004009657,0.36441313492892563,0.26438657264957494
-0.1921585214550483,1.126662270344913,-0.015510465454765403,0.14216639662559227,0.4853628841336895,-2.67885617794989,-1.8919802651373274,-1.565802953601004,-1.4086700594627093,-0.6837291056243373,0.2397654032129178,-0.3450403212066809,-1.1274683465665254,-0.2061940674968907,-0.4916024309541627,-0.1773295015310482,-0.44064123867624366,-1.0504301339030102,-0.4929559903831008,-0.020333742420300543,-0.08128610384668578,-0.5502363547989945
-0.7845345558363694,-1.3434124752629633,-1.1774270032653917,-1.0038045420241746,-2.0139916327349545,-1.7351416214083724,-1.7351610510111928,-0.7674468031819381,-0.6173127381716947,-0.73865766681499,-0.7536055817548021,-0.43996588363571054,-0.5627423681006949,0.04662137520066634,-0.1628398642294986,-0.8893468695008812,-1.1590398619460036,0.3946663380121593,-0.6153911708080483,-0.677977963670511,-0.8932092265165269,-1.2369743983253316
-1.2641488409781938,-1.540569841256401,-3.5867495606400923,-3.3463820334289167,-2.501248842122107,-1.6667313613584953,-1.0707419464011345,-0.6548714969628552,-0.5910376893583288,-1.1267866997755487,-0.3535767924749803,1.0656616373590182,0.25978575779130586,-0.19337049300108744,-0.8042628822722314,-0.7731767364799309,-1.2001227395740406,-1.0532251090526752,-1.0517389205387362,-0.9998485330881933,-1.287394215197337,-1.5876184408266274
0.32164306388320923,-0.2926284105782709,-0.5160628457198468,-1.1029119099822593,-0.6709582129880485,-0.5946907437674022,-0.47155073069180065,-0.6137096741449442,-0.10309550052339424,-1.7871032448191728,0.5278086862277245,0.382079519726056,-0.4028754269106732,-0.7720105158767749,-1.099324294060034,-1.3263715088754717,-0.9733716677955013,-1.3957133282173497,-1.4587734934594945,-1.320516789996519,-1.5196499796515988,-1.702514004353019
-0.1801323741304055,0.045449755525908964,0.3970214843481492,0.06192013664330536,0.9166385374845561,-0.055327547638556795,-0.5139458919102574,0.1868702934236384,-0.038578784252584215,-1.6440969330207076,0.3214527537240908,0.36335286193856475,0.9062281784142671,-0.2804349205914576,-0.7459510068476205,-1.0782236650533827,-1.4625896811350192,-1.3898359714483568,-1.8022290285666247,-1.531406546512899,-1.6052930274095596,-4.363320542977647
-0.4893020245225224,-0.038450886353886535,0.7260898737076014,0.9585240106087549,0.80604364147446,0.4121107944811575,1.0286558105863126,0.3217709576846367,0.4504656278336333,-1.2823827593356165,-1.8300679593857159,-0.1259242229661602,0.5938199323105589,-1.182201605616005,-1.1723563112647768,-1.382426220319757,-1.8256349502163842,-1.7020983373871788,-1.6026202541961438,-1.46636102244581,-2.132759085308762,-3.2794873702192997
0.5106738509536447,0.1639252105730325,0.46629067609256103,0.3516749158462487,0.43099346644946385,-0.6716046200326912,-0.13296363628070604,-0.23037043597667123,-0.30661405649438533,-1.3889053986947506,-1.3581787860907224,-1.6843285084063537,-1.4130606999067823,-1.803704322502696,-1.1971055663263837,-1.3992021705453461,-1.4212990690246845,-1.6129466990173447,-1.7285494617610169,-1.803503295211275,-1.5562568604468814,-2.882976448218745
1.1642011259887983,0.6960233256200029,-0.5286093838530955,-0.41096877604041815,0.3573369129424531,-0.5124464513134445,-0.7872602826235878,-0.7330844110292891,-1.4574583141696669,-1.5964178489412515,-2.377485249688949,-2.7786858704021937,-2.331302256929397,-3.003606615435555,-2.430451907145024,-1.1806175949541045,-1.2857513781329626,-1.5852456257495453,-1.7384449634976717,-1.6675044656594935,-1.9926348764908628,-3.7884667823046967
1.1757714932108596,0.6074972198377587,-0.991785454507252,-1.202457500340675,-0.34115202020307633,-0.9697820743077733,-0.874856000098179,-0.961860483128676,-1.4516747958887355,-1.970695450627258,-3.422588912933354,-3.6705405684834345,-4.035057714293126,-2.2545021234113705,-1.390678372930286,-1.4692943526111493,-1.2021779129597003,-1.6957516472059262,-1.6668448614519449,-1.7647776231810068,-1.3270389300781809,-5.152785296556819
0.5286947609049096,0.19775101992790056,-0.9353805862599537,-1.3721599864503886,-0.941566239758064,-1.645017220404692,-1.1641475092886941,-1.069271844919859,-2.0716077180395254,-4.833778554976139,-5.0753708033862015,-5.0237631952294395,-2.1289590871464696,-0.7664174570844923,-1.5498115950815283,-1.6316224130838413,-1.0811684330712625,-4.791804338401809,-4.9302810300076345,-4.322001473565691,-6.574393895357709,-6.66845205268993
-0.02479542360098829,-1.1957956912245873,-1.8180868384571756,-2.6062707588495644,-2.132014548286976,-1.3519256565642952,-1.5503049707521424,-1.3525545871219562,-3.6411252408787522,-4.974232055687286,-5.972128566211901,-3.7243698092430644,-1.7064354809272566,-0.8734464771209042,-2.165241326328095,-2.7534409742764847,-1.8955379640479508,-4.668672134835681,-5.424450057438623,-7.650037618131368,-7.575499746270886,-7.854575775356579
-1.1563954514563883,-1.987307008674133,-2.802099261921261,-3.6042144181160345,-1.4631517859200602,-1.9570586000225274,-2.372844095564762,-2.6229251940122977,-3.4425529698651762,-5.322517839074156,-4.712340542781524,-2.0350861175961623,-1.6178354185508972,-2.902685600218776,-2.969126397719217,-3.0797291283801305,-3.3043255554530333,-5.753241226211655,-7.163179441585176,-8.064023608917731,-8.604377171761595,-7.725542868634151
-2.084254037107516,-2.4755146060695465,-3.51552478299558,-4.309014331588486,-3.2856193776332088,-2.5596979878054147,-2.5139842125971965,-3.5812182607089653,-3.8520721660183055,-3.8143582866080497,-3.9011991898639895,-1.6620493890687769,-2.63774002294377,-3.680731305136665,-4.412138317015796,-5.9864440370882335,-6.169685533488607,-6.340538254210747,-6.918663938564166,-8.125653784133334,-8.284038290116914,-7.82802818922354
-2.6513970501734785,-4.211550653451364,-4.803529997765866,-4.911454363660473,-3.7815150769319485,-2.9242581010140327,-2.862723014893963,-3.5010100124910375,-4.93033276093618,-3.6957601792526535,-3.2840004895662833,-2.4637008950456862,-3.0770900676714574,-3.3935896593053,-5.425409367811749,-6.21487912662107,-7.107709219916247,-6.63211091785521,-5.064042272860427,-7.820557341808262,-6.340958227422927,-7.69208896303818
-3.5645357713907475,-5.22363293153101,-5.519834360222501,-5.125016626828796,-4.290488608486107,-3.145891794975291,-2.4256240217734804,-3.2815284476832516,-5.41292597370558,-3.8512744245664083,-2.5379252394297356,-1.4782829284920929,-3.807589807193529,-4.553357601392981,-5.963212220122121,-6.250047221837409,-7.018894067376055,-6.089069699503181,-7.162755568429469,-8.448743087020294,-6.3134664372864275,-8.813266207268873
-5.205978521845676,-5.97739648511736,-6.345416416786971,-5.611113727305305,-4.882423691206136,-3.5034394312364983,-2.8404540489006584,-2.6045873140262055,-5.397113334431887,-4.110753647510765,-2.140397512710418,-3.1031243212206236,-5.011500985353014,-5.424997559713361,-4.293108736021254,-3.9286597257975697,-5.535583772407248,-6.147622233428779,-6.7767679421394424,-3.80296736563403,-7.649411717682877,-4.040122662709459
-6.346751603687,-6.27985012807773,-6.62219044009135,-5.623408279975342,-4.958510914499326,-3.076050325550808,-2.6699656473388824,-2.562750813649864,-2.535986257923528,-1.5547850957802505,-0.9008416294019106,-3.899692208069946,-4.751880452174814,-1.8769721102410082,-1.7250580537085003,-5.095829771062996,-5.457263414898215,-6.219841610231946,-3.489366808596515,-6.308127507654212,-4.4728894046395276,-1.6217348754898004
-6.67377879289957,-6.5167706497219715,-6.680106530056643,-5.753772478348489,-5.514280266557839,-3.066670923286485,-2.841465316791811,-2.3669285089397616,-1.880852101759095,-1.1229928815555958,-1.8615480637707063,-2.7972454031632488,-1.5943601902044364,-0.5608026282926445,-0.7247245712066158,-2.473723678701459,-3.5757478337728053,-5.056994403433561,-1.15304444069824,-2.4651447333859595,-0.6371156352571746,-0.4699570888540818
-6.561622724157218,-7.591377398772978,-6.435428452455447,-5.751955014287869,-4.9702530588290985,-2.772570592398661,-2.1123573027401856,-1.809328644027856,-2.0263869865412407,-1.2781818182477513,-1.4952115155202546,-1.2412135734740481,-1.9398628470652024,0.2506215073019567,0.2029030456522239,-0.08645622591429405,-1.9287787111675117,-2.477868042257714,-0.6767775573669543,-0.925067434042169,0.19809913788148065,0.003278653602468064
-6.214891524043595,-6.202813074528115,-5.534616392537089,-2.7084568380879084,-2.9009361849368753,-2.2834127759607195,-1.084917425383046,-1.19708965094594,-1.5833183213955029,-1.4399007893256377,-0.9892112576935381,-0.5684185669959867,-1.1180035126620251,-0.40678882937949185,0.6040439077061994,0.5322950167210792,-1.6778433365188816,-0.8710621130863643,-1.1393249366268245,-0.3951972463820308,-0.036687486675313435,0.7307219913720775
-3.2559010233091294,-3.3116260533544812,-2.8074879240004305,-2.750012687597837,-1.7960788458184496,-1.951297185109841,-1.3924414554595523,-1.3928833085975476,-1.0730164976255525,-1.0547403750991635,-0.5971540482136742,0.13404810989392266,-0.7069463276045538,-0.291908459910097,0.08342790454952921,1.0410893464549416,1.7542336631942328,-0.44147232354697763,0.12528672240615615,0.5016031587700388,0.8959874695480629,1.522070125218986
