script/wind50m.json
{"header": {"parameterCategory": 2, "parameterNumber": 3, "lo1": 3.000054539987559, "la1": 64.9999836372058, "dx": 0.5, "dy": 0.25, "nx": 34, "ny": 52, "refTime": "2026-01-29T22:00:00.000Z"}, "data":
[rows 24 to 47 of 52, columns 0 to 33 of 34]
8.70493899603287,8.196201895017968,7.284996542628512,4.30881699512649,4.028566039763835,2.122070343428591,0.4424690274781575,14.00939170574928,-0.5308994864247307,-3.392795458757056,-4.741941409503121,-4.055824242048784,-4.720558442798224,-4.3716798679419195,-7.189487854424547,-6.207980493164892,-2.47715053466772,-0.5220392200084173,-1.143768980925679,-2.941055815904858,-1.2708872079391533,-1.5834659422752708,-1.04581666357034,-2.0439775160393503,-3.4195464232898924,-2.51239689940141,-2.195851733879918,-2.779074073150115,-2.214623668675034,-0.9255057455248927,1.8502291898172252,3.2850647634985006,3.8262522981939093,4.213841354264059
8.24648445458399,7.786142660600826,7.03832737714535,5.71617492788415,2.4341610338561557,-0.27952355571055004,4.206301020555582,-2.6130989964166975,-3.3278761049908785,-3.8968925555097167,-4.189839631245438,-5.443052282125446,-5.735275012618276,-9.699877623407707,-3.120862832911501,-1.2967565862492711,0.9881732032712076,0.5846599060798516,0.053985648612229854,-1.4484998560891262,-2.212423153046846,-2.6178042539939472,-0.8759524295083552,-1.8175443217662577,-2.144465365184833,-3.307863878974784,-1.9138638016476845,-2.432365409093922,2.590040520411469,3.3181761749534577,3.3145643306835533,3.492791189288636,3.7122537109661,3.9954274912174896
8.469108866219115,7.746835665712783,6.550585563171887,5.569979851175684,4.115655869819415,1.2233988360764758,-0.0061529837334794715,-1.6262701172942196,-2.5011063460700713,-5.069840111484628,-4.03560920675756,-5.130080578144163,-12.039194957823243,-1.6820765509853624,-0.2414817178646356,-0.3893013869075582,-0.7120469497965629,-0.3920683365892063,-1.9198701264887708,-4.776376879944385,-3.0098558997087212,-1.9507187083170454,0.409273612207374,-2.1613870246461606,-3.588192432301554,-3.4036046820530643,-2.5588475028496083,0.8884204742053291,3.411188759324652,3.299352707974342,3.0191253694155846,3.585766902602713,3.4306948561945467,3.585647918310164
9.641995816795221,9.731118612745826,7.0915642594822,5.757505510662289,4.343511222699204,2.3063488239455814,-1.1791125661603008,-4.640630758380922,-1.5135509448010382,-4.562249117722069,-5.627330141526731,-8.436874767607895,-1.476109272666679,0.10193732970345389,0.6696111866341388,-0.2510089880455676,-1.8310243084229085,-1.6677454940373493,-1.7098578366678556,-1.8230386935366176,-1.5062335543417853,-0.6622572645731901,-1.2608059874395325,-2.6008910095866775,-1.5091280510668657,-1.3939868929192816,-0.18074940662591968,1.575662387904386,3.4645360063143094,3.4772460459886134,2.9268265105679707,2.7952045451856624,2.833224182201403,3.054966664173341
9.037070057409602,9.224887477559127,8.914488422034214,5.840988803247242,4.106566001956599,1.7003602537492106,-0.8186300665348022,-3.4377896382364996,-4.777688719503389,-5.63835866704683,-5.462253694195612,-0.07289966241043773,0.7140616897268428,1.1168129683839523,1.707433669514561,2.137879152803977,1.3530010468752758,0.0920649663214562,0.1719445396605019,0.5428747060021731,1.0845888522613478,1.2506143778540015,1.4251705407870932,1.8423759244053073,0.620503701402231,-0.3947769638302783,-0.19805249744934403,1.4327094514242942,3.300130512790776,3.1299843867014188,3.162039723015385,3.0782393689582226,2.7807385511565745,3.3903482318764437
7.888634999713205,8.173793370345676,7.972028842353316,7.736616938443116,7.082770707941696,7.7530257760429775,5.156924904088384,3.6528948449277463,4.525044055660653,3.6455257805297263,2.812606466415787,2.580008269080567,3.7546349847605742,2.5386374102918983,2.2069174396457374,1.8237405693767028,1.6509191419461515,0.5567526608651204,0.3805918383879295,0.9803910779363149,1.0560155569798158,1.2464776505998914,0.550316157361854,0.9841023243914436,0.7278551339086277,-0.3393177102518001,-0.3063160799023726,1.7394339339354106,3.511910201516969,2.977948849131346,1.952436955890871,1.172228141947358,2.6380979597059104,3.245184108976021
7.546474502141865,8.051558595937268,7.368327255030162,6.78306088388706,6.618533016015122,5.821990759461594,5.790805926006287,4.5614410298995525,3.7746034552089327,3.392909417400034,2.789437836644656,2.359545912571368,2.149365229927802,0.805133053611007,0.2553079106132868,2.1757446408687424,1.6408797767493515,1.1261360726630971,0.7422501548998546,0.5831617677767199,1.0281141807762284,1.0274640347053245,0.7186834049086337,0.374913156163274,-0.6398921958142285,-1.1562536983715137,-0.9946079600162417,1.1137942240804304,2.5386043598615635,2.2414643043462594,0.734923919735798,1.2925176242758842,2.8370195161245757,3.216971064009785
7.214335038288185,7.1226545823763745,6.96622777070922,6.482071302041594,6.280488955151744,5.663393314817769,4.986491113058606,4.440778454164149,4.315632796328191,4.133484768772765,3.9517346090815413,2.14315980675607,0.9469392249127829,-1.1741282373547266,-0.21984397011432477,1.2808495588436455,0.8887627373202348,0.7172311321339929,0.11623756286912837,0.4762098893703316,0.24499849464218001,0.42486767276522425,0.3870900750652829,-0.47442087505115516,-1.4680168116613381,-1.6560356917625456,-1.0245213154914776,1.0710152602537901,1.2867298507102263,1.6444031559483863,0.10399228457876969,1.1454084054062736,2.860050539332936,2.9762137985309227
6.7683553890649355,6.713663531528626,6.5376538648092195,6.566306823065105,5.958874562118684,5.538535484631427,4.669022321069198,4.629281425664069,3.9254870310534686,3.9412719083565344,2.679114622482607,-0.6624233630569254,-0.22611757946788313,0.7599694683566554,1.793740785511782,2.6216975824525792,1.578749246591108,0.43140309698429846,-0.3826553385029813,-0.014045762045944602,0.2639894818603123,0.4274695549420809,0.5303413166275708,0.26964373169656497,-0.6588523739779495,-1.2563731981408544,-0.7091573711133901,0.8103802570821115,1.625395685370745,1.7233636174842357,1.592712981322063,2.4326250404576863,2.8597876108754097,2.893006361059001
7.083593072747172,6.909200368741754,6.554356079193976,6.019138861440351,5.90041982059239,5.600606378948962,4.94197976191821,4.557030638786761,4.6358795033367,4.097337145570152,1.6108992872182188,0.4329219342966705,0.6668922251245438,1.504482089418509,1.5977234880854192,2.5101160840694168,1.5120903327556432,0.9014904319239898,-0.18401072841233165,-0.3180705899645336,0.16959206069053903,0.2893332051559563,0.39864822139346967,0.36473990631627123,0.21604167331785062,-0.09909712756550045,-0.2619527672968041,0.3696681656639165,1.703290830714435,1.8627135640521029,2.089837495350042,2.565048271771414,2.772123404628833,2.5983886865152734
6.707729225341397,6.8596910620602785,6.650308542327939,6.160230757581467,5.941884479978768,5.504286068290234,5.163897458699735,4.787841031464188,3.526536059959331,2.3149877707819413,-0.5086735576731393,0.6142123992070575,-0.2164424362603806,0.3435145824841496,1.0974666580277268,1.6532179112806773,0.8208477003443069,0.14488095799214018,-1.480935976772484,-1.1689406167077911,0.4392286400326778,0.2904366758333442,0.33240041251763924,0.36815842514470515,0.33450359640175764,-0.17882311772087187,-0.25529402926161093,0.7165348286604195,1.354897315475406,1.9520072801761326,2.326139311266825,2.6084826495695492,2.743021587544006,2.6147637978712006
6.09140123565135,6.421235852191654,6.3233207450727305,6.158892268947808,5.9739222109095635,5.755489269135521,5.117726024774906,4.984475018496097,3.8462528632386417,2.0969309746373086,0.19463863089858213,1.3151356048377398,2.407586438085333,1.9344906388664342,2.5120497953578442,2.0632100551165022,1.5469384427326738,0.8398462781267618,-0.1044304500667795,-0.29383841579056985,-0.7063723095421843,-0.4008692604594074,-0.24800036170925077,0.10180028738515987,-0.30232607501689046,-0.17434362128473793,-0.12548149197009195,0.6886759532235229,1.050901533634722,1.3936265725614636,1.8064710392546475,2.324427707561224,2.4528796706139877,2.3352093464151276
5.963816634663206,6.1403780523590745,5.970102846482848,6.2566420390641495,6.093384753375407,5.793432349668416,5.024176412436924,4.601903302982133,4.021909280170243,2.778174473032015,0.5296876608435793,1.481261538953094,1.5419250900149049,1.8212136724924954,1.8815088824190263,1.2204884191754117,0.4515739553048209,0.2874092459237236,-0.5865968867386383,-0.41903613235929393,0.08205397315873718,0.08776339334752976,-0.059915317367313925,0.24472043591124848,0.40302914003519913,0.25075091093972274,0.6672928355409506,1.20679326595673,1.4614869351269923,1.4566562920377326,1.4061099423078247,1.6379513003666413,2.1551988607378125,2.2829551684440568
5.9435384230086035,5.989774498533585,6.3511662367525465,5.76426870831394,5.68985556791361,5.70078981430304,5.315651759490764,4.649246342059254,3.945552434913947,2.7411927074118863,1.5139361591347447,1.534128180485767,1.9919018721775485,1.3686699061256011,1.27221991180466,0.3628303870464932,-0.5920049765349495,1.072797292640877,1.6086256409110185,0.482064152796017,0.2770054947257559,0.41286005296369777,-0.2637927078324297,0.8138234944746878,0.9212674829563892,1.1149520342915855,1.1941843345157594,1.4358118289582669,1.6508111371908802,1.6303264625949707,1.5849700881269342,1.6406331268308232,1.6320059752148928,1.8385320942762626
5.726860506117949,5.385497442836808,5.864573847227248,5.931660162834306,5.731997744099006,6.050643107054632,6.495359017210666,5.789407405985187,5.026012874427993,3.836789741220452,2.080988639754414,1.159825232444085,0.6311554126157874,0.5481625162393867,0.871080100120885,1.0241120161166501,0.5881633262910313,0.948126846812126,0.44221338922013,0.12972449576262324,0.5333076451445113,0.06623244682155836,-0.07274307547859574,0.7112862070889172,0.9932353293363967,1.0940102513229346,1.6867790423671154,1.7384818771817045,1.8687180288050433,1.8514720275858976,1.7619856864835701,1.7621976060291464,1.9847856879750647,1.856190912865853
6.4103923446322595,7.077444187123872,6.072445848955148,5.9207060786852574,6.0807235321757105,6.011617838101007,6.5001401698546735,5.537031968173673,5.895621670345021,4.734614425586805,4.2089246271336265,3.2012625453086803,1.1238465534190814,0.20035146879563057,1.1954838891441968,1.1007821515767144,1.533066830405859,0.9133871668890813,2.0779623220323025,2.860215459948808,2.9816834239273917,2.2534028189190134,1.487458336546271,1.4689490942796637,1.7962030898564978,1.5367880402995844,1.921036756035368,2.0654106509723373,2.0690155089117597,2.021078347876235,1.7309914683671674,1.5415443842180803,1.5117115436357085,1.7945766256977915
6.362395888383997,6.814507338599796,6.782569370012966,6.12326581414007,5.777453970140518,6.050491975960413,5.91754969752918,5.914430021290415,4.04655930375755,3.2069482415987487,4.526671403778995,2.548212768373689,1.6626175821403864,3.1341044415454955,3.5334573863817162,1.665321822539902,1.6666458323888134,1.2226272284102349,1.3355515238292899,2.7005244056719877,2.417786447915027,1.7406790530143128,1.0321014567336775,1.2100284046962844,1.405480891100512,2.01173792665176,1.288642862503422,1.0612324175604904,0.9168120195515164,1.7564607033386033,2.351867618809218,1.7826246415834237,1.7096356061087794,2.0775863751699357
6.936741843222506,6.549671228338638,6.806269684744279,6.924672777026177,6.3031030952297735,5.799093815571212,5.634845083915118,5.551506967653859,4.7314845149053015,3.2898823284457426,2.0489027102744277,0.5450417273203768,1.8126442576117523,2.448281161532254,4.207272199915591,2.9841453337160564,2.315426894973183,2.6965307435789314,3.5879883797623755,4.11395240615791,4.251818689059168,3.6532975010053472,3.6338503014082653,3.6834422476368855,2.774544540559419,1.4779632219945433,1.0986460642530267,0.8731182764522623,0.6080264615145412,-0.26080177996243176,-0.06045158971959331,0.8995745525025745,0.42010798702510316,0.33693987197962394
6.736918247332384,7.034048645184738,6.944382269916219,6.8772861317911955,7.276631699822378,6.8076339991890435,5.715775094950846,5.045256336841763,4.731041466269482,3.9281643940467097,3.2194677822875573,1.6701718799346688,1.317816877109446,1.5060329095982774,2.128918160944096,1.7310467709031347,1.0865364302245528,1.774961841391834,1.96782173353907,1.5830482462115838,0.92944391401903,1.3643114268385454,1.5183116008691797,1.3471671344370162,1.7697115318282246,1.5951846107715162,0.40662319205608966,-0.3652224354135082,-0.5547511739235008,-0.42206236731269453,-0.4639350991104978,0.6303372731140159,0.029321696463025716,-0.7203484798614347
6.008240036636479,6.416449636467781,6.909103539815832,6.8747866150874675,6.80063221537443,6.781728085554475,6.083464378075777,5.44301051458752,4.263615842526809,3.6030821116921268,3.0393765699068576,2.0963437791388704,1.0478303777947993,0.7235216702730102,0.9593069467231623,1.2266114801169103,1.8573824297943258,1.148396874069448,0.4831338626890897,0.08766574042904787,0.8309743611259858,1.5123758312360924,1.389557068099949,1.1495092670152685,-0.24093669551312832,-0.22664608139376502,0.10751738290750379,-1.0014184115376616,-0.30732636714433004,-0.810299864964589,-1.3074857882145585,-1.4794607902431267,-0.999990810034093,0.15886137212679124
5.849446194595571,6.0874328590719875,6.434456987749503,6.707886224504102,6.6058652896059264,6.377363264549138,5.621613866300452,4.98460410542661,4.698490695057376,3.9792965759996,3.3323055039107787,1.8769962694144506,0.991974553967879,0.6255870513698698,0.5425522669353036,0.2076857932172162,0.2560286887151435,0.4663330337881827,-0.0711437767838348,-0.022485378863194728,0.1431329579267837,-0.26548932358243776,0.5657223988471606,0.8019657702660085,-0.17883748110093192,-0.35199754440179903,-0.2395115831062704,-0.10886229120000793,-0.7514381159690382,-1.0443689145834236,-1.252385823669225,-2.3955136907720336,-1.8795558946603257,-0.9743077357300367
5.502479355149793,5.58907015170697,5.913640846784926,6.215300369011041,6.3773363601635475,5.967784405068961,5.796086267404284,3.8275180076112174,2.795008906217824,2.914944405186511,1.9891948953708158,1.2284661222099489,0.7274837997181546,0.6150381084171462,0.39297680814040264,-0.7215466953015705,-1.1186581646470457,-1.3668649784877378,-0.9054934960309274,-0.7476598612956655,-0.6294781709901925,-0.346149851496939,0.16386985898720552,-0.6825376758455758,-0.7104097687667026,-0.18144655498702622,-0.10084150919923454,0.4885938773028045,-0.955711527708039,-1.1904712338380674,-1.5137395202977968,-2.5773353096324505,-1.4895822587516394,-1.0258307281937422
5.029752776161873,5.5235578791237545,5.666056651581815,5.207890894939055,4.961333605188819,4.152618733296327,4.443737600171673,3.7526206915791565,1.8986238610225068,1.0060801254795124,1.6675012079251454,0.85530478377748,0.6562329251088987,0.47745162824168347,0.4797729799456388,-0.45380658937183205,-0.8886736855111101,-1.4152789820409915,-1.6201436624045784,-0.8972171149922074,-0.14303910856624155,-0.41360193530166794,-0.558119701332137,-0.5779031050177372,-1.0287222563864602,-0.4367859559969503,-0.4436107553104535,-0.5051619762540723,-1.247294004275708,-2.160532275701766,-2.0268140583844465,-2.721779152341615,-1.9538058287140723,-1.557905227478305
4.629790511877452,4.8772091139537075,5.247527313686671,4.845918809351073,3.842313831595599,2.7075602704767636,1.826160677916549,2.448317525342281,2.2152341419647095,0.9710130812918908,0.9258356351094307,0.8064545229080455,-0.04897822502483437,-0.17314946496310124,0.20872488279526827,0.014732591615020151,-0.39782206465158854,-1.0721884835465179,-1.8315518176457448,-0.9702510692484373,-0.5980235687548465,-0.4985875937011945,-0.26752006375121684,-0.35784472434847614,-0.45193932777652535,-0.7404554982335974,-0.9413406569201892,-1.570090143043055,-1.0142918350298933,-1.8211350415235303,-2.3438980048645415,-3.1251685638922715,-2.109487428843776,-1.4743895005096856
