script/wind450m.json
{"header": {"parameterCategory": 2, "parameterNumber": 2, "lo1": 3.000054539987559, "la1": 64.9999836372058, "dx": 0.5, "dy": 0.25, "nx": 34, "ny": 52, "refTime": "2026-04-19T01:00:00.000Z"}, "data":
[rows 0 to 24 of 52, columns 0 to 33 of 34]
-2.7151430243265464,-2.657616496002584,-2.586322591088438,-2.0238077040420475,-1.265465436056492,-4.023937614479917,-4.496517507393041,-4.603401799083648,-6.3520411674939155,-5.04042420043845,-2.816784367656989,-2.044635733804432,-2.1896129533817343,-4.032883037402964,-6.485578207283702,-8.901222970419022,-8.46660329212122,-11.267202016311131,-10.771646842592013,-8.52131524243921,-9.573983529169045,-7.3199325440642244,-9.53067972037704,-7.162360286580617,-5.634433661314246,-4.060102737315209,-3.9414526528822216,-3.158033034033114,-4.153074027869015,-4.250601286733933,-2.9572661238145463,-2.483347205829558,-1.818891002093026,-1.581407163306898
-2.3941084803991006,-3.273826916396577,-1.6993208635410368,-1.2857408483137691,-3.8747179473938003,-0.23743783056120607,-3.633932540919926,-2.7988554159406345,-4.9102032594917935,-6.170102068240062,-4.312979929179118,-2.5980721563842857,-1.897528112876341,-3.696647239956546,-6.501663517926589,-9.119491466004407,-10.44464070521002,-11.33245139085907,-10.98539596319198,-9.003440291608289,-11.729949416145079,-10.14690832040162,-7.107406005798584,-8.99727504197146,-6.05388553475462,-5.1254461641194755,-6.504683644068518,-6.15227686370447,-4.6075723846941035,-4.772905070576617,-3.7714717107002342,-1.91898867820966,-1.4669523814221304,-2.1236338677454434
-1.9724228870125247,-1.1239508422578361,-0.6873028904931818,-0.12069613137910717,0.9123162937177616,-0.3558159355758658,-1.1129199892846102,0.07850073044680472,-3.346287434639155,-5.339150471939739,-6.817830702143087,-3.1459319444365073,-0.28903642902455795,-1.8105961551637142,-4.175709801179267,-5.666748177600697,-7.024820663694998,-9.977323165688512,-9.310121649402754,-9.273581537225397,-11.534323264528933,-8.324793536111462,-9.557965138742215,-7.61806485718284,-6.128980637561764,-6.739743511659769,-6.793470147151898,-6.483978686160388,-5.926804032134865,-5.310929497187659,-3.773084756283939,-2.56990057836428,-2.192008868191227,-2.835909478505317
0.6743978703364016,-0.23832689676668076,0.24097236564891525,0.6887787480135783,1.2853146454003774,1.8697495618064337,-0.27481864013883184,-0.4074965894123434,-1.2030316790644433,-0.7280477326450213,-0.8503251580823998,1.7298676643543265,0.5233599873083508,-0.3418912121066128,-3.1072404146599233,-3.654510985184059,-7.70450415306034,-8.93160255338515,-6.955135045679327,-9.803903970412437,-7.534333263389337,-8.421845715474454,-7.003035749353251,-6.121490421532935,-6.487269567266773,-7.04366200652002,-7.217672684079572,-6.504217057689867,-5.881232562344449,-5.085242151287773,-3.942813160626916,-3.207505763399134,-2.241388875336963,-3.5158818840286052
0.26846117319160623,2.0458118881727865,-0.29685063058997696,1.534794371901003,1.8049928813018687,1.7453789793162522,-0.0707864748365348,0.4318958160391001,0.8236140323771457,0.3830539770173115,0.3838205187644443,1.898612093184317,1.386155896673488,-3.0386516539899184,-5.390839831723546,-3.7001932503812793,-3.93597833823513,-7.673841323887913,-6.667286407856582,-7.403323278618767,-5.6749906989596655,-7.657471474742212,-6.89035411081366,-6.183249060443859,-5.954617473909484,-5.076548145719122,-6.594078293676828,-6.316233130293717,-6.643632200129906,-5.442677638627824,-4.386188924534181,-3.7130734429753054,-3.465298240539252,-4.169333176327219
0.7706427078552199,2.262716290601141,1.5754737971884298,0.9787764229741119,2.0732596230574463,0.35951041780892673,2.5789161221028714,1.6115682835381842,-0.25300445516616843,0.05942914221778383,1.1958677306887369,4.757715662815842,1.6463575472191612,-4.463947542771636,-6.2742060762503105,-4.480885250121865,-4.199732371876885,-7.804637098044755,-3.561455679420417,-6.7781678260915355,-8.765199976944999,-7.21311370853954,-6.353300656615311,-7.3301512302074485,-6.3917948071653585,-6.056994104797449,-6.311166564729657,-6.01082769848355,-6.385297075537545,-5.839545852600747,-4.930327368975897,-3.982435453535967,-4.167028502950638,-4.181030004312877
-0.10622623510421364,1.9462024165678873,3.2264309755505964,0.5240189951508437,1.6106761946544108,3.2022110314132455,4.393557595558746,4.3442527888852505,2.9526186026322594,4.847080506467146,6.16900601991156,5.61632191154119,2.2503475534682957,-1.0387114390544625,-4.400567932900338,-4.212262117403219,-5.201253542924003,-5.715656806290748,-3.71307135641914,-5.788114713789321,-8.141784545185146,-7.18764235994774,-5.244310306363034,-6.222595733994612,-5.855585445089127,-5.228238162046417,-5.443956959228177,-5.233914604289846,-5.1103919885494635,-5.161782464896478,-7.6699790875726235,-6.342085053035736,-5.013727739401491,-5.164924192966104
0.13937768879760326,1.7958578642549101,3.309173936382011,2.8745136191842366,1.7600775626981724,3.919033019311126,6.453375630960923,5.034309073729647,4.803594283744835,4.260955078975225,4.224878056051501,2.2774268494398693,1.0813135629383719,-0.6916097709665143,-2.4750262774156657,-1.4233556094247333,-3.9953087001542453,-1.4168773267333858,-2.6745541735221927,-2.3827187232553415,-4.8634094399109715,-4.164800879423573,-5.091135693674361,-6.005954010016452,-6.4338194066087135,-6.293728034172101,-5.6765937593250815,-5.9619060491604445,-7.115776765483206,-6.156638646317341,-5.865896776070366,-7.398686755647874,-7.32086831978754,-5.536944251393729
0.5151614997991296,1.7011213706341803,2.527894790808684,2.956325565843709,1.110881557835182,3.8962102973241586,2.7141082342123566,2.8883807361268157,2.824845824283038,1.7015451287286023,-0.1900204971716623,1.7224881664928688,0.6667789622096256,-1.2649262220750102,-3.619115023751616,-3.6360341045511317,-6.188423989210012,-1.5185607946754356,-4.9659558614341615,-3.729440259735363,-5.004224622311399,-4.271165878785476,-4.983220262779302,-5.489059615030568,-7.187390281303267,-6.841618761568847,-5.349232763980758,-5.463584183124588,-5.465200103477236,-6.19358065598598,-6.452079620303543,-7.4246990973498495,-5.699882652452914,-8.006843104783002
1.1005670195208603,0.07077487276545262,2.2207026872315394,2.8513519872135578,1.316724187836564,3.497969605132519,0.006263436498141039,2.067317115616837,0.32699096844584113,-0.2771070227954333,-1.583100272741524,-0.859549369386415,-2.507221936256292,-0.08529416759046236,-4.388881224744723,-3.5769553676107195,-3.2898290892771973,-4.524760929979102,-5.556430565658489,-3.708957446157529,-3.689689806577406,-4.3169260294628025,-5.892488460470651,-5.885286405170673,-7.530237814531021,-7.464283804296375,-6.725969682152881,-6.020079476305095,-5.809137622323835,-4.969414154864902,-5.514745690050365,-2.5466123645824585,-3.7205711952890623,-7.731252501296028
1.0228160547393663,2.680143722701743,1.7876296500000661,3.3010313416663646,1.1082432108359548,0.9180374831692357,0.6397982286776076,1.454138148957412,-0.3289714525194878,-0.016326879949730647,-3.5194900134800906,-4.753142469953975,-3.126697008619071,-2.778316646065738,-4.161469677063407,-5.679429029501772,-3.313263070685068,-5.134478735275546,-4.942036157286758,-4.614735843476722,-4.1349815125039155,-5.110312073644726,-5.095838903374436,-5.023590126427591,-5.187459911840627,-7.890296771811036,-6.647842310667246,-6.582753256588203,-4.623328561101631,-3.258051358170292,-2.9907993782094624,-2.4339590138449,-2.077156072314999,-4.553628341293253
1.2769315584367908,3.0750201935317727,0.4401639634343595,3.1869913421442098,1.4942228555543684,1.2771007709384228,0.6885609399005378,0.11965769154377993,-0.15028745400188137,-0.5662081045510022,-5.270996745877562,-4.314139038241246,-4.924127456456124,-4.620510220412976,-4.984842549899905,-5.968587733508812,-3.8678813161302847,-5.058942864128497,-3.7965372741360364,-5.055887829796268,-5.248679273002828,-4.726637439464518,-5.885611913073951,-5.473726329563739,-5.990584280023544,-6.247660120979078,-6.41682839947735,-7.113606427358008,-5.826534558760442,-3.567769806788847,-2.9499251851701183,-2.4222273372620338,-1.6129595399447796,-2.0012433895054405
2.175068275356722,2.4615335486691055,-0.23233988796826185,3.5061518411690216,0.9769587182493457,0.08503273570882267,-0.45658754354757153,0.3600298928518835,-0.9142369490452235,-4.302140156396688,-3.921436432953898,-4.9085233202152905,-5.038267426515032,-4.153092998709023,-4.548063519498584,-6.634812774076427,-5.277654499183396,-4.915424094543234,-7.371459058793809,-5.830945497811444,-3.8626974514297507,-6.173644198825051,-5.489743180183829,-6.594582786504232,-6.828172369679111,-5.312367554493227,-4.281223506374172,-4.0094945986155315,-4.8978641973544015,-4.0333992812320725,-3.470973333459859,-3.427581340747478,-2.326184474917484,-2.1749347862818498
1.0384928547899377,2.648322495303955,-1.3570850299078332,2.316178295443613,-1.0150697750780318,-1.0956612574344744,-1.091334842484726,-0.5905470240224212,-4.446589717035211,-3.48947789734978,-5.039481156703016,-7.031476105625419,-4.879451678534833,-6.119890628164859,-8.315356559109839,-7.837776367801389,-6.516989747818924,-6.714327499354029,-6.345296369172296,-8.37035073292915,-5.490535528136969,-5.839683464853057,-6.348718408711839,-7.084181882284111,-6.718990080155669,-5.951536577783425,-5.243879837307248,-4.209795743299493,-3.408034716144897,-2.6488044850060595,-2.5665356774910313,-3.4922841485044267,-2.7975885021477436,-1.7446124148013018
1.2660183102287124,1.395359824166816,-0.38724562403836493,1.2258207290274978,-2.004961990800178,-0.817842496182373,-1.713560165269881,-4.367128332055885,-3.617037046142257,-4.053506517195222,-5.84260148555324,-6.2628271526856425,-7.325249680790569,-6.412033002133493,-8.513545359818217,-8.556047545668564,-6.040280803508729,-7.1621371360542385,-6.728944560609426,-6.47750684783824,-6.242028733200293,-6.767171706264252,-5.412387258813358,-6.802372225806198,-6.2427017707371215,-5.157499148284688,-5.289222138895753,-4.297877018481839,-4.891207384400272,-3.8662066413284046,-2.758202397428477,-2.7845971949280126,-3.383634901273744,-2.2446607416741005
3.2702196605221885,0.44005454587000503,1.2185149004000537,1.1082155015333435,-2.045113750437336,-0.41785175033755156,-0.9772259486285926,-1.9214567274876238,-3.7215991041510557,-4.542134868809736,-7.899702191327064,-8.87899372902598,-4.863878848339672,-7.169752942260061,-8.781885795788444,-11.360538885766958,-8.600169615995721,-6.35292810806197,-6.9327211563641065,-7.030284029543026,-7.561713888220305,-5.519534252593738,-6.440350969797235,-4.520027791824199,-4.486387959739236,-5.577170850677479,-7.2328782085006464,-5.395051451771787,-4.403314004556932,-3.234247236440122,-3.593703365621502,-3.0364795996130285,-2.9470596022110387,-1.4257655047916675
5.697197481238814,1.8745306141323679,1.3568166181741461,0.28845247921584954,-1.154276962290897,1.1986265458097476,0.6504624876562648,0.24247240675291362,-0.8141814162048283,-3.690453607533684,-7.764307257304902,-6.829022986788025,-6.570998149843393,-7.067721172241948,-6.741596498455587,-9.861441421871808,-11.565769095013955,-7.411034158192764,-6.896751886507107,-5.7119250479087516,-6.950632765668167,-5.833797487130455,-4.42641020728916,-3.374477596932277,-4.9072444401786806,-5.358858217937893,-7.746927997674271,-5.47363552208673,-3.4267599543205685,-2.618130397374409,-2.5594927055440686,-3.182060905088058,-2.295442211283983,-2.5243533587005453
6.015533777942212,1.0386722444802101,2.2582781340821945,0.7771397763330482,0.34564599692555276,0.5815098492914523,1.4029594808566677,0.07968039603525535,-0.39069402096435457,-4.293461040080867,-4.888555711372027,-6.094017369128669,-6.756385449753362,-6.4108868864448825,-6.389149574295507,-7.823056531095935,-8.335797357579738,-10.60853935619094,-7.834796970402334,-8.245321874542107,-7.276544501677298,-6.525524528382828,-5.369245351032175,-5.786927389429659,-5.086512917869861,-5.340577805853764,-7.059955718043548,-5.344788656724529,-5.195309251698993,-4.472706564216451,-4.788551432208038,-4.647487577635847,-3.4638904676017237,-2.1481532544013144
5.1337543402667505,1.7229423739810483,1.363752616059509,0.778917988043437,0.562804641002322,-0.04640924156281638,1.8989723498390931,2.3120640505391,-2.0531980997534633,-0.15817764430855588,-5.534068407729527,-5.329257384822463,-7.926877190047328,-7.793807371526994,-6.611299787813148,-6.405624881153469,-8.80783762782201,-8.559211936140898,-8.442445778537921,-7.058821951609289,-6.476393197669445,-7.012543373154504,-5.498193788754003,-4.332610896608806,-5.624662685921155,-5.983164721227573,-7.299470932366568,-6.735369083065662,-7.197823755391735,-7.20721094788884,-7.493604719589429,-6.49838868973666,-4.676178910583161,-3.4561175206158845
5.748920004098322,3.733196604343125,1.2562281578247523,0.2882961439291424,2.4712220686322333,-0.49343251648257225,-0.5937094384974636,1.6810779446198676,3.060295792595769,1.7971215203421567,-2.1575437229152348,-6.348583818720328,-6.154370474169653,-8.336617780346325,-9.953382502487758,-8.671853415838818,-6.617392844532632,-9.748800309839659,-8.943464340821427,-8.31478670879663,-5.016331079483066,-5.221870027646694,-7.576520872212566,-4.832559495770436,-4.549171432049115,-5.682906625169969,-7.841683389082022,-8.175316633423241,-8.550118143576833,-8.538082606510795,-9.040035070510648,-7.310743619386759,-5.899043597780585,-4.7140539143357145
5.587243209055928,3.3803367432710485,1.6672040899290348,1.030548878158833,3.1291386712247617,-0.694891295829913,0.15863847898193914,0.80462863822396,2.493318850706887,1.8692870894589728,0.7155947456998321,-3.475881707909867,-5.52699831213074,-4.128800295366587,-3.6472675907105274,-6.473521495189092,-7.407257745474751,-5.900423399882731,-8.297277499826688,-10.357951529859433,-7.434364372575276,-5.913540319528756,-6.155763785942642,-4.582343991249164,-5.2216187626757105,-7.412216519359938,-8.152460960805469,-8.31613636183074,-8.087277285851988,-8.19846776414601,-7.66518153639364,-7.511503174987755,-6.627121572826556,-6.602932910601201
7.2216055605466165,4.806032981962571,2.3972250153294716,2.375181678243445,3.0054693575223035,1.1598450658249784,0.2643638844295036,1.3410674483867888,2.0889330955378025,0.9664931551726597,1.0251024045483514,0.3624808303709486,-0.47931140727217353,-1.5560846152187466,-3.956590789446274,-2.185108111336026,-3.7500166077647488,-6.19925096580137,-7.862112676278687,-6.150864562645793,-9.039732928868366,-9.040640627018458,-7.1019498146496245,-4.5049933507471644,-6.224013048619746,-7.117262913806839,-6.617619153663176,-8.333489948421024,-8.485876287380245,-8.268897960769483,-7.142750788386438,-8.324288968682318,-8.204612770072487,-8.165385396371086
8.165072790886073,8.156680067850164,4.197946742169728,3.5783723764593387,1.8924117439876011,0.9846395585935702,0.038477065060830144,-0.036494738664326974,2.235007366964726,0.5886282164299337,-0.07800429769629112,2.537205753900841,0.7776842096053164,-1.2478761774998122,-4.007163558527975,-0.9027462450803342,-2.2425620300383104,-4.3938198952909095,-5.488281265554012,-6.717577631240851,-5.736177786377051,-10.357832162421426,-9.76580885954777,-6.0551936272972045,-5.482729387071224,-6.528026240139621,-6.357789510495018,-7.603745502187417,-9.25491923293642,-8.415248784995194,-8.066299978318188,-7.841003520332998,-8.61204417437685,-9.568649580827987
9.850399438534062,8.807158217274223,5.566622149769414,4.226058410126158,2.652425132806054,2.107902825091381,0.2677630175855466,1.4575095461358811,0.707544720804795,0.2061836661279146,0.002263471422044466,-0.0033551031206890394,-1.9931509224362987,-2.3829770251518627,-4.28031733784642,-2.872943697893108,-1.1940351772856568,-1.1908622866091434,-4.268812503175057,-7.617700793368069,-5.45572632800757,-8.967030157646677,-11.310052835215975,-5.688362152409529,-5.057296794246283,-6.607051322861023,-6.528259149263622,-6.538525810362826,-9.036799800957201,-9.530445218168447,-9.774886784547286,-8.339605233114774,-10.096014036321353,-10.419183742927645
10.76827166145174,9.6826699963971,6.343096549647127,5.1711462067123914,3.840862249695826,3.030810316678642,-0.02314317670268037,-1.007616605629929,-0.34988373548936563,-0.3491509269780627,1.7456679222854055,0.9124058801375251,0.16002838634688224,-1.3244621181888367,-3.336435434584292,-1.2076474077320147,-1.2793230071381165,1.047954889655184,0.32735240220067024,-0.37557815179348625,-4.828435896234327,-6.276901606732275,-7.754064491233078,-7.0215408138190645,-5.6758846325825365,-5.854518314656585,-5.804188162879027,-4.452170999607994,-6.0919964836461675,-9.736030090005597,-9.001861215023453,-7.7242430106876645,-10.650990771004823,-11.23338555666952
