script/wind.json
{"header": {"parameterCategory": 2, "parameterNumber": 3, "lo1": 6.000198445256149, "la1": 58.999992894266676, "dx": 0.5, "dy": 0.25, "nx": 22, "ny": 24, "refTime": "2024-01-05T07:00:00.000Z"}, "data":
[rows 0 to 23 of 24, columns 0 to 21 of 22]
0.6237711079025922,8.745805564740374,-0.0524990621106556,-0.9110081913648839,-2.2225047412128025,-2.377603880889592,-2.7264893640230636,-2.9555528031549136,-5.304141350075238,-7.328158519592895,-4.796884785223278,-1.8725908912720863,-2.074757695842761,-2.1431193271149276,-4.81449999014241,-7.093835939313167,-2.7998990648089186,-1.195850860306712,0.9831321594154833,-2.390854398908859,-2.5474760718526794,-3.209453248278598
2.473489657964267,-2.3124456894543317,-3.827702532406737,-1.7633693328958182,-2.005048624136036,-1.8482790274410408,-3.2600462047954415,-8.90401873631149,-9.223359452457448,-6.134151552291217,-5.175079113822503,-2.0004508244881767,-1.8635580486586016,-2.95806384798521,-5.481364277176945,-6.129540917509822,-2.0905683060039153,-3.2266406697597945,-1.8635081844881556,-2.4953663498917575,-3.29490832300942,-2.2126456516448627
0.1668119771479057,-0.23350082290496538,-1.2413371173173688,-2.611331112017739,-2.7106629489348903,-2.770951832894623,-9.067202726801352,-8.840980836324146,-6.0898610851503,-5.371710012384041,-4.159891768095174,-2.1000496948525695,-0.264566214900612,-3.543385359304245,-3.2949650217374096,-1.9021854807675218,-0.7647287200992013,-2.2642814763991614,-2.2718975714807526,-2.4036707100069967,-2.722413292916233,-3.058751713671335
-0.2506218123092312,-2.6720719068230148,-1.280258791207998,-2.9559870545911653,-4.346645163072205,-8.348375306035605,-7.995116997682571,-5.672037918431746,-4.948466870088734,-3.9725127795430137,-3.255960026054226,-2.155897449226061,-1.6699255149487038,-1.7348084887219875,-1.7556744393581674,-1.0650203426383058,-1.6989555954263047,-6.255738694326853,-1.63612845439338,-1.317269477149005,-1.7741292715657702,-3.1414689833467127
-0.42547830040090306,-3.6468914747594643,-4.297579223967849,-6.150122960886207,-9.59677626343934,-4.996636969789369,-4.950079462044591,-4.712976222002596,-4.153481740386224,-3.21306998597099,-3.3279921262907974,-3.9038464461748377,-1.5291224168641593,-2.0437486141925123,-1.510012993532304,-1.184361294229306,-2.3023657425411437,-1.7409583707617708,-2.00326454899179,-1.534718190877163,-3.146483391140417,-3.3684538065261327
-0.6471252976123181,-2.7525113556735277,-4.917205631377352,-5.982981471082466,-3.4331825977344534,-3.8834404230090884,-3.9123685527330343,-3.653947100446715,-3.409497355453422,-2.7303191832518547,-3.5158733023392195,-3.786042281511989,-1.5397731184200125,-2.1430903145290734,-2.7004234189523655,-2.4501049752395248,-2.3488810748593205,-2.3713152461657656,-2.622950944014269,-2.704671594385882,-2.648180784058201,-3.0869747055361616
2.9992088664637833,1.393524813399342,-0.010750504279435988,-0.705247476986021,-1.5085243406170574,-1.9949666143017464,-1.9885497723123298,-1.1626016853397148,-2.0866307828109076,-2.7139247764166905,-3.471116203214081,-4.03091581280001,-0.9672399466494248,-0.7623006908896602,-1.4819461346993723,-1.2623590430740639,-2.405890557082488,-2.8538433088221025,-2.4512070093805156,-2.987119123210718,-2.3849604340236623,-2.767614907715298
3.3968344945352795,2.9537197837625464,1.8572493950401412,1.0358684548270238,0.4418276344705067,0.24713210697688529,-0.5005106755436313,-2.2741367160632486,-1.6193124482263912,-2.2158924258002015,-2.3693402606566845,-3.3590520553799776,-3.3558614458854423,-1.1790576015450631,-0.8623370979080971,-0.3279497575737063,-0.832159561309898,-1.3606194406233432,-2.6047430562781195,-1.7560775061037013,-2.523430668889776,-5.075843558344214
2.1899392859282116,1.713069190949723,1.182128135029506,0.6815871401276131,-0.9005313833110038,-1.3354448293736598,-3.6397741578871208,-2.741267256324808,-1.906110422506376,-2.4927212786513864,-2.675994749118016,-3.1030861043879083,-2.856174015189992,-1.7337915822638554,-0.9309157418336073,-1.5561089882649095,-2.209932766404048,-1.4844320841198784,-2.133452277045291,-2.3979205898752283,-2.6907264977059575,-3.710409017172735
2.0230014980983886,1.3637000622729067,0.673942500821831,-0.4773126010983105,-2.2727763387585225,-2.5396225056502986,-3.1563876453892776,-3.405515250728707,-1.800368857576098,-2.0324608764341168,-1.9403432529549016,-1.7183455863233368,-2.1324251717327702,-2.5373541010111236,-1.7252037732735321,-1.5081122944891894,-0.730469848698231,-1.3468759129465402,-1.6743388644550494,-1.913841825346573,-2.459738625523658,-4.844465904692151
1.5896801545604746,1.15196553537573,0.6763822082279735,-0.21668471946002382,-2.6400095256119513,-2.743283343729476,-2.7052868362513856,-2.0026544829420057,-0.9319429578841338,-0.5223860184602284,-2.160801627718631,-1.3631207520137885,-1.7619435482497259,-2.2409586738469005,0.92880969691785,-1.1142654038854505,-1.464180460390663,-1.9353675566674964,-2.3559402149125237,-1.6276257833463537,-1.8692506178217754,-4.573789389390533
1.1757601755573024,0.8613183556993698,0.4295641042079093,-0.6657421675796639,-2.8010378296474547,-1.5079253843429121,-2.0974021622175236,-2.181015544409521,-2.481276377952065,-2.411430297275454,-1.2347870331386313,-1.5795304155418806,-1.0052716289046013,-0.636673828688838,-0.6868467007779037,-0.8922711053319407,-1.7734509133239564,-1.901396320861118,-2.1493892137626864,-2.2152725367487327,-2.6295875687121457,-6.283538805343843
1.3924071450930369,1.2707094391202833,0.9183287686588895,-0.27912859813878443,-2.510312173458128,-2.567416282814822,-1.5375546606355681,-1.3524858169551628,0.08921710830733177,-0.4319897139387076,0.503295012815733,-0.09175148879687477,-0.9329727132190905,-1.4441213857969326,-0.9893335158555265,-0.9335826870998805,-1.3711446542614478,-2.036258176093873,-5.4123450515618785,4.444281671511529,-7.748104085762352,-9.19401027768589
0.7981843319544681,0.3315600553938657,-0.13178015547591218,-0.1823622334740445,-0.7520239849191459,-0.8120380442766556,-1.0858617206096188,-1.0871102491781446,-0.8564158978410445,-0.1271879526027637,-0.40336997913210254,-1.6231805144698888,-2.283493597844922,-1.1829609518852087,-2.1433501089240323,-3.9539575009473356,-1.7933879173851917,-4.460243388753168,-5.14270006550319,-6.184059850425452,-7.5328333980203555,-9.119778943879199
1.1469943864747958,0.9446541825934129,0.6881792687977464,-0.6242809841728204,-1.5757898649318474,-1.2784022578008782,-0.9055692376160999,-1.0122894672435498,-1.0877085642406066,-1.15809826161025,-2.3179814815826587,-1.4483212659392972,-2.429639028429768,-2.3983338637840417,-1.9737239530653106,-2.4855749314146283,-2.255197089090888,-5.465465548505405,-5.176287229638946,-4.027122748278784,-6.392698927509063,-8.158993895677233
1.1819275617137652,1.3190330583513779,1.2003189750735834,0.4719232053545864,-0.7137952640165658,-2.1366720320936685,-1.3490170642648471,-1.1252175917618283,-1.9197945469763875,-1.0210291531550657,-2.0954288038716644,-2.279610113348287,-2.1257737678133966,-1.5790700420968884,-2.321687332925774,-3.0124478793703675,-4.434217805766508,-4.5338066235472345,-4.789618010782312,-4.986056444093585,-5.467537573802356,-5.8652298642409235
1.5563353496867043,1.775808671640127,1.2044355909908686,0.3575912287104263,-0.4830347310484074,-1.274687866344643,-0.8501978084287374,-1.3467157147760833,-1.9812322853177813,-0.03200541823747702,0.05839999909432755,-2.1348266612239364,-0.5387712869778737,-0.8366577772937941,-1.5263800351533179,-2.369556927398361,-2.69629817103129,-2.5870892703105035,-1.762260407809366,-4.628152152075753,-4.804290066873201,-5.035931236097813
1.7637237877510974,1.8644297303159196,1.4529885018167943,0.8069214763357756,-0.045194705691773966,-0.40738190869574575,-0.5251007120386426,-0.2796363095373119,0.15575578181175936,-0.9128857824422392,-1.6283235493543515,-1.4478709623050245,-0.1055809320027749,0.18018922402191984,-0.0332507997035094,-1.2243360753421482,-1.624026027180405,-2.7675589209662013,-4.000937527433241,-4.408456392955562,-3.9703494007013886,-4.798272496298236
1.3170104562561555,1.567866613512856,1.5945235212888504,1.547830412786779,1.2923343838978396,0.8684205374815597,0.5930530930704074,0.9708462067017469,2.8636422293748347,1.669700707456833,1.1336331087041442,1.94966464115926,2.5965316757995347,1.8704686433213837,0.3673174551582862,-0.5377551632721137,-1.9643992197618165,-3.160955934277423,-3.26114567115867,-3.9149266543800896,-4.082195375575245,-2.7074663618217323
1.1337233271611922,1.9096913891851561,2.5004964314048825,2.028424128408473,1.7139851228396108,1.036565896710224,0.6115927930164313,0.963394413771452,0.614069732231767,0.9086340606306313,1.7331639420677183,1.633018436280248,1.602771232881973,0.18033211837379504,-0.1932585841394179,0.13800108896017885,-1.0994439102611757,-1.7293961643110347,-2.996107062014381,-3.672512222201378,-3.261505699549043,1.0832990722814715
1.1806230217328164,2.337365260112401,2.480154114468191,2.040655917270304,1.8485875414057653,1.7046195865862181,0.9467028641816178,0.7397367936488642,0.8041095390824635,1.0172355398498854,1.4499534818205038,0.7306793198589837,0.5274549559723779,0.27608062005793493,0.11179566711615421,-0.040110589023748984,0.957621780033383,1.3056215734638665,0.28099433449814815,-0.5391747950766431,-1.1682338260405902,-0.8660923041650667
1.7730525252428997,1.1019561621061555,1.6382203414478202,2.3163825623654097,2.1636930313565936,0.9063067171570957,0.6403767901720504,0.9405472028252992,0.8058440402835793,0.8331898964900685,0.5870252214092604,0.6859595742813568,0.7558632958155804,0.5123205321028776,0.25899392424739254,0.2958763446733845,0.9757476781794149,0.5623437579067241,0.05715623091691887,0.26123570455557704,0.32477820355554277,-1.0223259747612663
2.774527360469616,2.492144022855956,0.7023726405178519,0.6054912121772159,1.103906141802315,0.8462284339516957,0.2301984596123301,0.32773622332838304,1.2399011701271527,1.2129148813177721,1.2694978137643624,0.9896930197903228,0.8475762835134968,0.28261929370295596,0.5990231326868994,0.6804249227280201,0.16916273253292896,0.1717680513162548,-0.3814120102159535,-0.048053898566477904,0.026935956717955567,0.30745016066748027
1.5389798585492875,1.4298947480847193,1.620771136924998,1.1034118678727938,1.224580687869709,0.6319467614866595,0.4301829525520742,0.4092139257055004,0.7358122475187563,0.8950818340626931,1.0306029007227262,1.0555469766903078,1.1275891047607804,0.5898549413166714,0.5264836881882302,0.34840562234451106,0.40801667381674206,0.5174579636871961,0.5499713667954911,-0.4199685893352236,0.004859362791523682,0.5506269370058321
