script/wind350m.json
{"header": {"parameterCategory": 2, "parameterNumber": 3, "lo1": 3.000054539987559, "la1": 64.9999836372058, "dx": 0.5, "dy": 0.25, "nx": 34, "ny": 52, "refTime": "2026-02-03T20:00:00.000Z"}, "data":
[rows 25 to 49 of 52, columns 0 to 33 of 34]
12.555731928039394,12.25025452359085,11.662561968568571,9.972388625431487,7.102526537363272,4.718821203912166,5.512694237815854,3.9887924313985588,1.589778369220638,-2.203537010932244,-0.6867644375050709,-0.06748402301083878,-0.5498148132524435,-1.0614816448050197,-0.7431678298353477,-0.42591851976762996,0.8634422884893924,0.4354384718169412,-0.9108101576550194,-2.3502818599526587,0.9138391742584753,3.5207285492412996,3.6790650486842487,5.745983361753909,4.036595928242022,2.9378382916282466,2.7021619584499716,1.511139607988168,1.3162810822433229,0.32217641803893954,0.15609023078068276,0.27932523677512705,0.3204596220947447,0.32904867476587396
12.626499535634624,12.300961500674346,11.991578296740059,11.180996704909578,9.882793293656679,7.019730925077665,4.634970803206129,4.04576131385777,2.200882788340526,0.6399334863201129,0.713083257009226,0.12275523016248739,-0.7394222572051554,-0.004543992728328681,0.3459520563246774,0.6142767954593439,0.5457116627422358,-1.5486563874401607,-3.1820579080847713,0.17006299315795195,2.380923446591694,1.4619163667115376,1.285322214410799,-0.11465496844600348,2.7798111374711434,2.6924517921082414,2.5814115260573836,3.686563051032005,2.0311025123479465,1.6142984605658806,1.3249283358815536,1.1262035251660847,1.0258418538213776,0.8095353525566629
12.493305577268597,12.087056011996227,11.55015892150886,10.733949787866049,10.428267197538748,9.568334772377364,6.483223718501915,2.142605994712699,3.022091777665027,1.6453852902919623,0.8724501518759679,-0.17980675102673285,0.29798969665168584,0.10478256198757357,-0.03535874992202646,-0.24726748122140885,-0.5347686657967816,-1.9601651060007756,-0.620881761038589,0.9469721661366258,2.3120954411416026,3.5818221481395502,2.1860211358398822,3.044468407594668,3.9692304475648705,3.2943019059162766,1.9501074689449784,1.9741939817899277,2.4304135851321162,1.8791066210023457,1.3557013532301994,1.1148616963934148,0.8936314511574277,0.720882056124792
11.614684997654422,11.730002067370132,11.463236163825407,10.806301660862585,9.831741885638744,8.79605886336716,7.457676223034083,6.148072296167173,3.7975794695185927,1.9427268517512244,1.51182276203671,2.0079404055606638,1.7455945234202872,1.2162227723523087,0.3422140974215,-0.6549794032974764,-1.413537033002737,-2.6590150410024664,-1.412728828361935,0.1126421089832047,1.414980774165895,0.30497412206930263,0.4793353241155306,2.944717718240976,2.3647977237883664,1.8199713402671118,2.155633507163427,2.268430880551224,2.8399904765754833,2.3957420442363775,1.9641613127311157,1.7060401818741306,1.483760265555387,0.8741606835049666
10.80376014814047,11.047589251733637,11.221082662903504,10.783980049209038,10.15285665649493,9.158582093823108,7.438408498685839,5.3875919234966885,3.9470879269435293,3.413289151629606,4.042589665015868,4.328135191174902,3.9583163094772926,3.3833393388497695,2.6072527739520495,1.6122668763679338,0.5639099474490766,0.010938028905234837,0.1644850642284579,1.5790346015189844,2.071070913679782,1.840129089518529,0.9595484715604854,2.386355797878075,1.9870416320438087,2.5808156056937013,2.2108430459138124,2.401238515576585,2.7834552960176446,2.32247047505856,1.917185775734055,2.222544373944897,1.5234987261459751,1.4819719838051228
10.283015231683363,10.046096863452304,10.23277401417551,10.360469687084004,9.791280055834534,8.828640482563186,8.327076212456246,7.103041037294825,5.00396808441417,4.013421565364999,3.9313553998225403,4.2783362305551265,4.353294547142939,3.5869207327488164,2.734032761512124,2.5622549271833983,1.5893719140671474,0.8051462238837378,0.8904408171387609,1.0790089707220631,1.6326608603371429,1.736820593290497,1.6633587374512016,1.7822842392552252,2.01094111441238,2.2611111003983537,2.06764723223728,2.3864207544205533,2.8351598310949693,2.807315148286666,2.9257342590954467,1.9211207656806824,2.228964175440183,1.9232350115820938
10.136983148815357,9.85190296573191,9.463783274466163,9.03817978914194,9.213129848911018,8.562390305920205,7.791052910170569,6.922027938659269,5.891077900237427,4.893795965500375,4.866245383320088,4.684714451602643,4.623438006133999,4.21104251147776,3.3669068215526643,2.8485705892202575,2.157976929294358,1.6448614426496588,1.3926459160359699,1.6215582649513296,1.541498880577022,1.3710854481047283,1.5779858298450304,0.9481997281110486,1.048487726484058,2.1951251793324467,1.8886168577642746,2.419273102516354,2.9210494547877346,2.936198510991097,3.161020805451848,2.6600432315621276,2.764697221426232,2.352317723723259
9.717750872315152,9.658794075121644,9.097391063504533,8.657860785271659,8.33119504013552,7.581987140253513,7.008800636794622,6.398781742603458,5.246557759187458,4.805394177213922,3.9291146229122895,4.4289012341589205,3.819832082567668,4.03882871410502,4.441626104591951,4.242007441422024,3.353527387692854,2.5251073198003686,1.8173379426583818,1.389416619071795,1.5047369318358461,1.6715672153832433,1.8633895974276318,1.1570825653886776,1.3675884957072988,2.2806902575479486,2.2618445052840626,2.9572119480225076,3.1244016754964523,2.8017604723680676,3.000194716732493,3.1064614895060534,2.9219974337899006,2.5190737756844035
9.174060143234618,8.563383876587142,8.208081855409485,7.963128080183236,7.179312726169479,7.017460287174568,6.401426215405973,5.343824330387608,4.6597178284372935,3.2618522508109375,2.807647410592226,3.13586203820421,4.67506651353903,4.735901314184798,4.3223472820757,4.686115618648143,4.200022956603455,3.863391910995186,2.6825599008948138,2.04083836929555,1.703073606375389,1.908753299709104,2.2067987937384967,2.2367354065565492,2.0156394926645596,2.3201361561776257,2.02263950118063,2.4818396772411764,2.799891882401984,3.1332822771170163,3.3378323158332366,3.356183632175273,3.2490335560097447,3.0085167323824193
8.888475335750618,8.524706335989572,8.019835770915837,7.383849580691532,6.877262846534504,5.976202054821018,5.766494180397434,4.717651891676204,3.8193503056733276,3.2204472999155502,2.60592277286443,3.5410357395009617,4.125354886283677,4.3561252179191206,4.066186818855894,4.3438014350486815,4.15644272795233,3.486385247411405,2.8692867745946224,2.4911909708169824,2.7974164902183354,2.3105476828930467,2.046118844077479,1.8323467684832444,1.5909753750304145,1.1085052458013203,1.1494116384732795,2.2991907104116187,3.0936518122817285,3.291891606532362,3.279816874892425,3.3271566461829494,3.2892521606164355,3.264293450762403
8.366767802289262,7.975335641811608,7.848581295743508,7.432757981324579,7.073342047354299,6.562314709459038,5.582157156095513,4.568654510268111,3.6651369391919126,2.866447927133829,2.4952645445961386,3.509127649227521,3.902307262924259,4.777061246406766,4.877951450578541,4.2841745429025595,4.627670515652214,3.8612453736491017,3.2091521941690972,2.553962453440802,1.976030088420062,1.9653938127012327,1.4796736617466213,1.5525110400160285,0.8850333982224478,0.7863504022465917,1.5970234735890165,2.6707542026407944,3.292212986675553,3.4327847943159777,3.42485503863388,3.4548836312511066,3.4386891267722133,3.4989447416071795
8.72735026649156,8.470219581335364,8.059977963246912,7.692529983457432,7.322825084738899,6.762609599644021,6.058075474709521,4.890869610641593,3.582289981360902,2.847527254908757,2.342877142382982,2.683356647296757,3.095881281280228,4.021426451388017,4.362827426778542,5.218107981816243,4.854238554960997,4.713644822723325,3.603245622892556,3.1006761460300134,2.7080061849432306,2.173952513717078,2.9602901425513677,2.236870228972713,2.094969133504224,2.0808383796158263,2.379694445595699,2.9895181165339553,3.305393120708983,3.505474108995251,3.668157476743054,3.8200047576354788,3.897946952199178,3.8377746659217373
8.853256694288431,8.427592711506156,8.054369168587506,7.730640803788813,7.581799773159999,7.105040205334298,6.620805541431462,5.634262588667807,4.293191059648216,2.769698078363161,2.4148059613026884,2.9947803875522285,3.2039627285541434,3.3686571843116857,3.457937328683225,3.951564124056614,4.5739789157149255,4.240223486418673,3.8859105009113155,3.445397618386627,3.0204433119983958,2.6640280196477044,2.1869217796028675,3.0265111643810316,3.1298456776467725,2.95657899911861,3.047856990478168,3.2959997954383606,3.6613148825798683,3.9426140140517254,4.011848890111506,3.98808442625195,4.1789334627411,4.150621887443512
8.396962361930559,8.79722070130705,8.287848810851663,7.903025438885432,7.324946518029711,7.747511576697444,7.323145801245932,6.390528451903936,5.16992408649763,4.194976890197948,2.7218371087743436,2.459994213107874,2.491111029995663,1.8444105581084747,3.517975351662517,3.6484897622205894,4.688173725178206,4.408470809041841,3.6449955953637025,2.848752792469037,2.863702305136295,2.561711154571307,1.944213754497345,2.853445679108031,3.1131523947816766,3.290904486793686,3.4529630868465415,3.6203209753923264,3.898887170270409,4.264989142222106,4.254588400232782,4.351160844292311,4.414109039634092,4.365815082346829
8.84955525571989,8.760319842073443,8.692116707777847,8.340500478923614,8.500283815918687,7.892155189814596,7.6111498796904575,7.225141020404213,6.409880841196936,4.8494169846989745,3.857481886096683,3.379454004176574,3.108321096086611,2.27426915158106,2.535669258117509,4.161187224093009,3.9332391616820206,3.506342425118877,3.9007152166139227,3.7680413236072616,3.235307695063009,2.9188796501707372,3.0017486951934256,3.02988014748139,3.7253085511197033,3.135477871151547,3.325224782924565,3.668236859420909,3.9786720719601214,4.128244474798382,4.517947729056043,4.556518808666983,4.480017890249922,4.368330555248466
9.359712066640805,9.26365041351919,9.08109770650842,8.858984701178056,8.896722977801465,8.296204663364438,8.230162590623816,7.16825549071048,6.621406106029646,5.842818979272209,4.552640604991848,3.955206434473781,3.721822846611454,3.8903690681007665,3.4000362359616965,2.1255412705045553,2.856256780483687,3.705593038024536,3.528042372905314,4.577304191113302,3.9122039313699384,3.2820198467650714,2.951062539088513,3.2153190397985165,2.597715905092229,3.3592752968405324,3.0591962287106087,3.030501546083221,3.8124230212973678,4.416006452908205,4.681540333957034,4.461244863633743,4.074060348177282,4.2239090457987905
8.521500857315699,9.271216231876123,9.268837174227937,9.237492359113167,8.962935820748616,8.60838295378185,8.44884249379667,7.790305658097423,7.0898685658069756,6.122970434124282,5.289441201075356,4.367753361941517,4.427248377383422,4.419347754498902,4.446483672860396,3.24043013177235,3.1464218496379424,2.4949430132770014,2.7656052309300767,3.0606646311520573,3.947751679795418,4.074974276919826,3.478801818612064,3.1375094510713897,3.548683681050471,3.733908495567097,3.568740461965452,3.0448767175292426,2.5801858142045413,3.2306925923556924,4.460333843588178,4.856126487079451,4.083876838920933,3.88047880206677
8.470304680589171,8.485742814329873,9.000862315336173,9.052267281218244,8.975013492394686,8.788557983420718,8.498821275766883,8.140470187351069,7.666376464669976,6.773380950898028,5.7758474692308255,4.163025690654297,3.09316915372318,3.2099544887587506,4.633841844264361,5.188025208197784,3.960669938238633,3.848811831946856,3.027504657532717,3.3215710529450098,2.5496883013353,2.8478088318831127,3.6646197070171644,3.6642185579853273,3.462228853277647,3.717469523721039,4.5127557854931695,6.496643952132454,4.89549919762262,4.822211750098572,4.338588459949633,4.534950763442996,3.943606214787,5.563498309336441
8.119120069368122,8.39801859790184,8.557621324369364,8.447871194664843,8.53098145891374,8.242672130202742,8.084431713418711,8.143948706499751,8.152461126340784,7.785132741110799,7.141118472837341,5.3940510015921115,4.245810211232004,3.7802839639850903,4.19770846069501,4.194783148153603,4.439038960716726,3.995436721339612,3.624085782638175,2.689191550661203,1.8920420382388086,3.1528645787045217,3.8693438831375375,3.8328360163512603,4.65857129921385,5.918437847682432,6.465140368771493,6.314358973422332,7.43180107116286,6.639533467901083,5.835770477854188,6.1608383994500295,7.198395019034451,6.01986405153745
7.411916689811773,8.03167092958296,8.026201341142363,8.074550749256868,7.689012330171492,7.639074285705837,7.826192150818775,7.74139992873639,7.664171971196012,7.542668355161526,7.180186835125069,6.534362809472941,5.687869264732472,5.174489739518587,4.804469596545995,3.6258296443487668,4.189344240672328,4.836509604020477,3.4401015483717354,3.12615315632183,3.5392096067918195,3.4070232163116927,3.326719656147217,6.795444043286949,5.922324067223978,6.612574242425895,5.307665412938523,7.291107276036896,8.002580893143898,8.010466102301292,7.653825739557998,7.514004490130065,7.809655906903935,7.950517528056605
6.876743345801743,7.201092605037143,7.57701995429019,7.37433612358276,7.560108429686875,7.571579492627583,7.471600639979508,6.9366496682902525,6.93312473468307,7.433726544054691,7.325680186316311,6.260738712111674,6.1869159297187934,5.7598729730856935,5.377190307487608,4.638245566979317,5.206517640023334,3.311798634795934,3.057629264818829,4.225497382307132,6.619170292510151,5.127279909474068,4.875277387464097,4.872218087385144,4.768552368642413,6.658589847703217,8.929778731852222,7.640850104832328,5.4194176831348955,7.214456081101325,7.24824250030761,6.316096643911764,8.895933779443684,7.641726118193038
7.008039058511484,6.739152301105547,6.99668307949332,7.241780928937535,7.065051247439302,7.557687164661359,7.377640630033382,7.095059176468398,6.654514834782148,6.061129902506733,6.640476601140302,5.979387543183648,5.508047306275103,5.97481438165873,6.393513948283481,5.433284834478293,4.355816584863157,3.3275440430001586,3.177096937828817,3.284499766214766,4.281885862668096,7.751921279268627,5.069918256526339,7.367371432747701,5.849159815889324,8.883380588701327,6.537114977982244,6.1887875204522524,6.5499384826285905,6.424871878712307,7.605044343385938,7.608344919717065,8.999275538081262,8.797774168977652
7.037474878096614,7.206594936043918,7.034174760502707,7.171697760041597,6.638584321366182,6.684035534789995,5.88050974817453,5.6749604384418975,5.756034350927095,5.4302749260916,5.984624282533601,6.227778571791779,5.2414641949073735,4.960203887788719,6.1146273526335575,5.971747270028258,4.705705763166666,4.041419158711438,3.6222295350945326,3.515811920633335,3.3931577569490976,4.498755110558421,4.953317132303065,6.155577173725629,4.908820384217805,3.9003182180145806,4.131439619972553,5.665542046561145,7.032632914674313,7.4774751761003,7.573242838405985,8.971469916244327,9.202484662272202,8.601057026372594
6.805605689545094,6.77244067281627,7.132704474121328,7.453949699272618,6.104849823077337,4.550397597617026,4.663451430886496,4.691117000994853,5.018846932055431,5.502590245287585,5.801614515521343,6.7944279432235675,6.242639630275049,5.640815630974675,4.968879188857676,5.939817783645513,4.662706078307647,4.632944924209223,4.165091189736143,2.708593278465351,2.5986982683862894,2.5039854058059388,3.2346519225432853,4.002652718074358,4.406858276528146,3.640500386686185,1.9936583523832312,2.1362039399735653,4.123892771755683,7.135613598018978,7.716745622463506,7.605889769070712,9.843843394623992,9.224714862614139
7.369693452896488,7.649635717225726,8.150427753222559,7.400547163364678,5.2194067891152,7.6189416235778555,4.215354117728802,4.9076939384916844,5.213708424299635,5.3261178704687,6.252359308460655,5.987019752557297,6.498591340226015,5.3385311153884585,4.5689951476674615,5.879529506912294,5.266442901319449,4.614018726587628,3.897562164222996,2.9586623053007695,2.505033489595339,2.303954206691703,3.1288561790318945,3.0415970168200563,3.3570235576674987,1.2444197389343359,1.0591178383301814,1.9159609925442416,3.9068517298607603,7.756711237359216,8.089192181805325,8.69268766882297,9.564974677631351,9.629708183712824
