script/wind150m.json
{"header": {"parameterCategory": 2, "parameterNumber": 3, "lo1": 3.000054539987559, "la1": 64.9999836372058, "dx": 0.5, "dy": 0.25, "nx": 34, "ny": 52, "refTime": "2025-11-25T10:00:00.000Z"}, "data":
[rows 24 to 47 of 52, columns 0 to 33 of 34]
-7.012350745338536,-4.228574663658949,0.5823702804386492,2.8830591551753404,2.890751965571902,3.1826268632513317,0.15117497951004877,-1.5933858326124228,-1.456187594934519,-2.564400833408768,-3.530531964119542,-3.6242866822918236,-4.8540105833738565,-4.353932688528805,-5.172823743249445,-3.704390836160821,-3.87992476841432,-2.540435275844248,-1.611095770235513,-1.53713283600725,-2.7375294119436244,-2.210972308651314,-1.0951153601602668,-1.8423483378583678,-2.5637116196965795,-2.1342873060280434,-2.57380710141002,-3.219715025034166,-2.8246821622351694,-3.7659461918221857,-3.9824762488075036,-4.944593572578661,-4.249539820495819,-5.18328427693585
-6.731799197877358,-2.0361076014743458,5.8603057729913886,4.637550829283728,4.795235517673709,2.2280353532075723,-0.8795334993415073,-1.5546411309276467,-2.8539611591286707,-3.618269724261812,-4.466127352680196,-5.535004122267843,-6.674666479546145,-6.622952296575708,-3.7276572788887883,-3.5792971026531655,-3.560691814015315,-3.238242089733123,-3.1481648965659703,-5.427964988891622,-2.166621744563171,-0.41471053635890287,-1.2138976852438454,-1.3316598114061875,-1.895110527557541,-2.0436229294761112,-1.6376215197973027,-2.745390519722849,-3.4533870244085567,-3.6953582483367327,-3.2020704647232736,-3.677879009569263,-3.59012615136075,-3.292362448298653
-6.182548345435602,2.757321441136059,4.537484165983643,3.675435899038022,2.30736011931726,1.926442098476037,-0.60172936086433,-1.029301898221805,-1.7806859903212267,-5.015714651192802,-4.469393503871676,-5.457228325090876,-7.17207633162804,-4.306595544594477,-4.203635736816195,-3.7169317432350586,-3.5474386027083233,-4.013773297313266,-3.832394868908816,-2.449660298540129,-0.3928558715365284,0.47199317075624986,0.2556234971877954,-2.8086113434782813,-0.7091837744842382,-0.24941687811562682,-2.082136209057485,-3.5020189985582526,-3.720586060260298,-3.774951195294277,-3.321514047675468,-3.1396302978937274,-3.5220679770728247,-3.9065039478393677
1.399702685780335,2.804521767218388,3.2483402622336293,1.6251244830935758,0.6728123052368091,0.350675956278224,-0.7050662361302731,-5.3515867593824185,-2.9122221455908157,-4.605422055588456,-5.748054550482522,-8.047171269056195,-5.563176228277147,-5.171900197657017,-4.522867140346665,-4.0738151167805565,-3.8318018986524782,-4.220736810384038,-2.323221082052854,-1.1710398456788849,-0.5843227675898955,-0.6043961557881706,-1.494724053304628,-0.1987163546148411,-1.010994910730346,-2.884826542271864,-2.9537764649982057,-4.222513854033738,-1.9029558404686797,-1.6895610950802906,-1.1547120169512395,-0.2396643111338457,-0.5595062040794357,-1.2076931737639125
2.7048325060934095,1.5176411703730364,0.9048611633645063,-0.21571311784581507,-0.5560623318827574,-0.4968248092036658,-2.0677395896258486,-3.3666624520268726,-5.97046717706928,-7.817909507375027,-8.089658176337593,-8.581697922210072,-5.757061328422423,-5.117407591473723,-4.362012555473231,-3.7381814140512923,-3.901790888703696,-3.6094753171827842,-1.9158610713064532,-0.5480700662494086,0.40848860385547064,-0.6212797507577007,-1.4535839843855993,-0.6250961282788776,-1.929235975131428,-2.3773461972692242,-3.5013164784112236,-2.7522919645378705,-0.6374971386470104,-0.7655240293098299,0.11327196944200905,0.05226093702459136,0.821296151191354,1.274278726989845
-0.8903972106213098,-1.0577506779712103,-1.582741208247745,-1.9974671412834253,-1.2432053173150288,-1.8724138480760772,-3.4033367255546305,-4.332641410936229,-6.086011566939792,-8.099841341091242,-10.601082380092217,-5.670772581434693,-5.830990654925585,-4.749277342674426,-3.8363512183056065,-2.960136961372426,-3.1698189304229722,-2.6238238079644978,-2.596117417898233,-1.3483117741739932,-1.3635375338924112,-0.9976979413077923,-1.9148555336201105,-1.1682479915473658,-2.60788242786217,-2.845126542647916,-2.1085222995527957,-0.7041803160985234,1.180853160060108,0.8048340254520183,-0.23778740401462628,-1.5848858001575041,-0.698051438295545,-0.18386711510150652
-1.9732915784846539,-2.398387131190548,-3.111473084197145,-2.5759328536170263,-3.132272307728205,-3.8599370140293874,-4.700381126368656,-5.317955524504089,-7.491133305411431,-9.807512194568902,-5.456103734892693,-6.173937205848812,-5.531666945696148,-3.449193411671853,-4.17165716298816,-2.9220387673787855,-2.8114630539874996,-2.684095963927002,-2.603578362469965,-2.3963349897141906,-1.323462384112387,-1.322455914463939,-2.3361597329430692,-1.2015306705426096,-2.00881365355671,-1.7016074631218014,-0.41494401984458124,-0.4300361233207803,-0.1504677050160825,-0.24815714943741352,0.9559189055757971,-0.4598890853251565,0.438340880644312,0.4787376860317044
-3.089613657370816,-4.002203726035086,-4.156220762366398,-4.419022712680917,-5.050002988433242,-5.722017005195494,-6.297888343048948,-7.453613406821312,-7.656244942354226,-6.110125881778842,-6.104400229586419,-5.164215213725658,-4.063188689944173,-4.894294032507381,-4.761449338072633,-2.9041663876659722,-2.1932153387227675,-2.1681919462583434,-3.245298049256878,-2.0362528478965465,-2.4479426785859064,-2.388863036632546,-2.2175204531222,-2.429034144926798,-2.16533334586271,-1.9741886496998338,-2.389213809476636,-1.6515580839744768,-0.4733748931756735,-0.06664154291221291,1.0463818100687865,0.30041576749513776,0.006091810344843719,0.452699699533669
-4.484327776146741,-5.132207729436233,-5.170348155857084,-6.125542039915331,-6.410631549510147,-6.913906254596875,-7.573806727037422,-6.619696843555873,-6.661480061252908,-5.330583338097114,-5.749615976987607,-2.9987339223819482,-6.307903462072426,-5.481533374175631,-4.529650115681435,-2.7821625545199247,-1.6901771560116852,-1.2434562383759438,-1.1278652221846837,-2.5419180571253697,-1.7284872935883022,-2.2240467167192457,-2.611506744619963,-2.3164663680241415,-2.7769912602007425,-3.8365370042332905,-3.6551081445238447,-2.4990085086128837,-0.5886633736682575,0.6544366066865782,0.6366745932108706,0.9430344353835256,0.6436588004933098,0.1147552676910984
-5.106473446804358,-5.4855571638638505,-6.604902994697715,-7.40299953685621,-7.66996407042177,-8.734795287602875,-8.825738321970054,-5.920186388639119,-6.095887499190612,-5.243789415175037,-6.249410727029751,-6.808978045804855,-7.388399679324399,-7.602335805288965,-4.5254047423117365,-2.9348526398831187,-1.3228509671025324,-0.17807520541327473,0.3483653500487094,0.3826828568261649,-1.0123066246050585,-1.5161180201912814,-1.7453593307169575,-1.620650460887266,-2.4191671568280637,-3.9293356166871636,-4.124901866703152,-3.360324410390461,3.406948982861189,1.5661679578110235,1.0958431796694175,1.3940650543337876,1.3927434186775178,1.0306361487951468
-5.5917036762006065,-6.673538987777212,-7.6374452207332695,-8.400741372873586,-9.010981017899338,-10.530875779738821,-7.48781883465575,-6.36269386776792,-7.435306537874798,-8.195426226811314,-7.5313668103524725,-7.429787532312536,-7.38575233253805,-5.755016150538664,-4.382361597536695,-1.5880578513974843,1.5925224478440352,1.3028004108948992,1.2651269976919965,0.24566025879450687,0.4791053731710706,-0.9278362090387466,-1.107289554804664,-1.8627867973270398,-1.947886811444447,-3.641702499930092,-5.071249923457444,-1.1136087830453794,1.9768491634676193,0.14302769734017526,0.7660459011233733,1.3705627263062998,2.7484600149797966,2.982095772783742
-6.401546337912718,-7.384797060050013,-8.40733667614958,-9.44046224169434,-11.169725491021197,-8.831188399036503,-7.67958392229684,-9.120364811872294,-8.347771582573696,-7.466574826395714,-8.0289145900177,-7.128153738918157,-6.143003730800427,-4.980332532018816,-3.1844378107387254,1.0318958406385301,1.2977792637844865,1.9056341828247,1.2561966023457831,1.0565107373400078,-1.2385620855610255,-1.5579896538733884,-2.3337404120945737,-3.5104012389639108,-3.649183793540131,-4.689894912656225,-5.975016169238883,-0.3551508660988704,4.916302884576061,4.846950006480592,4.016372609570704,1.547021413915449,0.8444497798160474,5.124827029728611
-7.171104545271925,-8.325108285695618,-9.417451390647921,-10.251731899222168,-11.340952130786913,-8.786255414896583,-9.49312966232344,-9.105529076293886,-8.544865037848094,-8.520523204805938,-7.862490593605183,-7.794639180323821,-5.789441131523666,-2.951438664933244,1.2785832381017888,1.8885371337642558,1.6028123836732773,1.8090304979876406,2.360552976652662,-0.6693976145860138,-0.7748561759174136,-2.623409269309865,-3.822773262426939,-4.58513017785896,-3.208976279535822,-1.486935651002941,3.8296854832477987,4.776940188834367,4.021607678380924,3.6026984121618955,3.122469980301621,1.965120462974294,1.4379351850144495,6.392731384509891
-7.8031587481758455,-9.008319929284601,-10.223491771645755,-11.05161992937161,-10.889004388928425,-8.910518443660411,-10.198288798700169,-9.534054846949077,-9.352647281875198,-7.767904157961195,-6.999034993436057,-5.763412374204517,-3.8581612962173564,0.8794616419531741,2.715760852710733,0.8091470650410373,2.9753451553370303,1.347202935721452,-0.22758360700603117,-0.6771595533318119,-1.23369028105656,-2.739539149045094,-2.9228153695555537,2.5844270038915216,3.397563354621291,2.7765415873078365,4.1862925147284615,3.8986644587366097,3.4137748991803853,3.0422344554642664,2.5119138172748428,1.9151904303095224,2.9417729089940106,5.756775260659793
-8.37627887796618,-9.733254047048378,-11.104863735086255,-11.220155043620439,-9.079732017673905,-10.066886028585014,-10.149972738173982,-10.36855960230333,-8.425526281013997,-6.461833533108802,-6.436405102054141,-6.715251107080862,-1.3733933041907063,0.5585205806590238,3.670528641882727,1.9589164388038274,2.377392277686287,-0.2170929351128372,0.47882930964916814,0.5021257008361528,1.3691833884435614,0.7915700753837664,2.8451290348450193,3.0105486274912177,2.852025230608397,2.705783897124132,3.214760415270409,2.612682829914776,2.916716562253739,3.4630923981039325,2.932074269242285,3.0788060881808152,4.815731996979231,6.085749955483889
-9.05052143056645,-10.631716714269816,-12.046254671145832,-10.106384258194804,-10.386562546455961,-10.658486703159447,-11.032813367439774,-10.456412835948747,-8.02601387561098,-6.255369585871612,-4.596578877181322,-3.317669946327006,-0.35120037125968073,0.9523818736504189,2.979899319177826,2.9405747296723415,1.9601978248917091,2.385031737790945,0.441274651242678,0.8581307612809128,-0.6339904759390189,1.8242295920386777,2.2189017626905803,2.608253146403476,2.2708029555864417,3.3053382219766805,3.260302786509575,4.028381956927815,3.8262428240105493,3.669623841884093,4.664303195518267,4.6161824375725375,3.6799675333979494,2.2486155251085274
-9.85570816114116,-11.31626496549871,-12.749599448254658,-10.650929353774021,-10.985683968229237,-11.350441444927412,-11.389319479524021,-10.550120182467206,-7.861266331497804,-4.91110507359766,-4.593351061228436,-2.011415778622863,0.4694843971548199,1.7712471469512605,1.723238236404806,1.7630132939081906,2.8613959941784706,4.281443091427825,2.6682213219987037,1.102158208638008,1.0305083749321473,3.0155465542318063,2.3187467511521986,2.704724787196331,2.1468251842239217,3.3495409912198504,3.961875362235654,4.22297040362302,3.529234654743565,2.267993680034596,3.7236067768781314,2.2938942086787697,2.3066013106154353,-0.4427339248239414
-10.848031795924962,-11.963551118405784,-11.412830152575308,-11.281654980262198,-12.61564817225833,-11.823301799240914,-11.931075215870143,-10.644977777065202,-9.418790630053381,-6.455242332107322,-2.2355545034066875,1.2991935291468972,1.864779144888895,4.123287879132722,3.4321910150597006,2.983911799936953,3.191078533476014,3.2029327972462873,2.364607406539905,2.5298527590440094,3.0890233154331215,2.167998248281074,2.474509844880907,2.4773253110865703,2.8968097383790954,2.365346549332848,2.239217129482225,2.8508365103092874,3.157457507183775,4.447722536456132,2.8799938467393424,1.269887389976569,0.4209471763311557,0.5293988178539951
-11.79422485393883,-12.450255894574688,-13.605770033974656,-11.911352809879945,-12.213649507130924,-12.110758753351712,-11.555036601754962,-10.254729122001544,-9.176298949021305,-7.850399375031562,1.7222081750924814,1.8639917661405505,2.998582612594575,1.2715395947398196,3.660475088798327,2.6611504391030736,3.5318078585742145,2.3863168805930504,2.070130207230618,3.8443041916531326,3.65069002494299,1.9640506480840998,1.9908911504200262,2.310028891451509,2.688013646075199,2.2020950264123496,0.6618908357543501,3.5444754468327204,2.5154794744111335,3.5216143716604322,3.9619112649885078,0.6526098598518226,-0.038893371593532046,-0.5039731474996393
-12.394084500445999,-12.870870164340761,-13.520249670197355,-12.037067499649517,-12.268734284317217,-12.524149445586918,-10.94046792699406,-10.523442834530204,-8.244525193937282,-7.520795414242911,0.619441556168706,5.410461356459079,3.630498660573845,1.6890457945338666,2.722761358760733,1.3528091921355099,2.240797761927343,2.963299011082601,4.314399872776795,2.483753267150812,1.3090422831705286,0.9336248397207495,1.578955985774173,1.8866206215496502,3.1176236797081085,1.8931523118652775,0.5404716505308537,1.6257426934147414,1.5855942809471402,1.6309313803980245,1.9960145381098164,-1.0498253679832836,-1.947375945502611,0.778443651572135
-13.061014195073879,-13.086999762963577,-13.448360862762701,-12.468433556488945,-12.350565767814677,-12.641100495508475,-9.892346720797853,-10.964204160971475,-7.869021094467111,-6.22969033806406,-0.06300510893106798,4.446303805006368,3.6275370074658047,3.998147092598091,2.2232458667537696,2.506907622320566,1.8434944381271379,2.627480324695855,2.3503852932277627,3.1275714826288747,2.5590721803329153,3.275528886007235,0.7342000411239817,1.5273333014016865,1.8813016966675953,3.6320310857798392,1.5724582900303854,0.7767099432228698,0.9065207645703022,0.5050760234384002,-0.6346744370195817,-3.3801326428080434,-1.2647860595563347,0.587972782882647
-13.276233038101871,-13.516481913898819,-13.46355279144338,-13.068337190732832,-13.391032737726485,-10.50398531424946,-9.937961679398494,-10.230295598961126,-6.510633182807497,-3.4032662447952595,1.0414081694961845,2.8180125197386188,2.3404609987158307,3.4375278511694827,1.7049122599467466,3.8874654442599943,3.062424631427501,1.503652680129803,0.5601420038473,1.7117687018236865,2.836237755574848,2.50671019314347,1.0524193005238496,2.9894176581029512,0.8836781905093015,2.4664382820957407,2.3122402984806985,1.4369222222310403,-0.7460918425087399,-1.3379891352525761,-1.665552656979149,-1.4068571211536438,-0.5350972236604191,0.03589200755089043
-13.468457080850829,-13.745218116499492,-13.882145873457354,-13.349700404972333,-12.782598653143136,-10.447535661633776,-9.833763023149283,-7.656824495868059,-4.851281427738375,-4.297372179862133,3.8405123444784968,2.122427826900529,0.6686623248557041,3.6986365641914536,1.8095142225811813,2.1484101587616866,0.3355540298016083,-0.29296576045151507,-0.481147926611897,-1.1010551969761004,-0.5984833758174483,1.914571037801646,2.9198991024023946,2.5113255794713734,1.0064761318028257,2.022292999286845,1.0923635073050504,-0.23144868691230988,-1.1616204275694193,-2.2121558608726675,-2.80814866596873,-2.294075353047586,-0.1327108900492912,-0.5532938798233819
-13.900916899345708,-13.928936549216571,-14.083543443069345,-13.955154929528108,-11.523740807707828,-8.174580460342948,-7.039661688517416,-6.764579442328767,-5.975542314096072,-0.2965316125978883,1.0280068481645914,-0.2515422032656687,1.8758122754827822,3.4957923888292113,2.804555104683739,1.6105944228382325,0.5303457354512349,0.03750206898298245,0.6508358102192984,-0.19677812563690417,1.0203678444732418,1.2240465808535417,2.758841646052263,1.2675897456839331,1.0527973758608582,1.022480997105218,1.286249761892986,-0.8873973876041399,-1.5516125551133308,-2.871699516010353,-1.7616295165680889,-0.1142317446785735,-0.8548740315895432,-0.24050491942918828
