script/wind150m.json
[{"header": {"parameterCategory": 2, "parameterNumber": 2, "lo1": 6.000198445256149, "la1": 58.999992894266676, "dx": 0.5, "dy": 0.25, "nx": 22, "ny": 24, "refTime": "2024-01-24T05:00:00.000Z"}, "data": [19.903328689894558, 22.281862297314948, 23.41070645572744, 17.518521323457772, 20.843509683492837, 20.2725462397074, 23.456746002726177, 22.85765745398252, 20.016930163410905, 21.617780361729242, 5.475721663826205, 18.14023835441402, 20.260051772419168, -4.728472339692876, -3.6891265075538904, 6.0724339404208045, -0.06065030697548851, 15.405728755570808, 5.138573946236869, 11.424031079147879, 17.767494492967923, 8.52166247312072, 8.234814681259023, 24.874502013560324, 19.070888991094247, 6.428552542395847, 24.225825261489362, 17.88816887282122, 14.878465802033647, 24.95916560352251, 11.823170625706378, 11.541145730685956, 24.98689546582518, 24.499751107911607, 22.889744400332127, 22.99671919881797, 11.913069552660742, 20.10580057119085, 24.799681564882572, 4.541518020802651, 14.993910783887404, 22.553850410614423, 11.844482380379347, 6.112148709956932, 5.81050938438142, 18.77330311918997, 10.382442776757701, 8.028869597241307, 19.361673935318453, 8.685885002504335, -1.9640092153299322, 5.431851326915671, 16.308098194015535, 19.817489078351052, 16.788420502358214, 24.20035104526693, 5.534019490755721, 18.375461004957412, 18.350820948205165, 3.5555089956053703, 21.671908907458704, 18.72846762708774, 13.760755157707239, 15.97717538406926, 13.569272690028903, 5.173552747384196, 13.858430851215694, 25.331703362767488, 19.906720011949186, 4.736921890071314, 20.653649724137882, 19.65788119288149, 20.813197925021875, 12.99581268527614, 8.348596681572003, 11.61634159323879, 10.033023994476649, 8.913751824815908, 8.447688863527427, 21.237915896062557, 18.66129104107005, 17.356382081631143, 14.477454187531631, 18.072624568229838, 17.031308713818987, 19.233454933297118, 16.038629056665325, 21.96088628996365, 13.99049368685788, 11.35834786475156, -3.933493764709854, 23.84156972057395, 9.245378582849655, 19.875127546916254, 15.16695019617114, 4.554119607813441, 12.53691507691967, 22.209350069870805, 21.09614246383045, 15.773853923678022, 24.013394226088067, 8.660231701744268, -3.1871909487661707, 10.539326254105188, 22.299360578567185, 25.05674707876294, 21.327127094792058, 6.199548222843702, 20.80997114547506, 21.503813243095088, 18.323642235707716, 21.435429630949415, 8.9333265621917, 13.310269178793629, 25.55289193531891, 23.642239388238963, 18.32932563906222, 22.202128418557482, 5.590767043792524, 22.283947047213164, 21.142356008406466, 19.52615287847166, 21.648690560632506, 7.922372460747103, 3.2560758628573727, 8.7751058370636, 10.364516579301993, 21.51084913311782, 10.827621357761261, 10.489222016660925, 15.6899497606361, 15.494225118137296, 24.943851034496763, 22.262738218084262, 17.19110460792405, 11.12174098410517, 21.047082219214808, 14.452470867565562, 22.61289075381754, 23.814117566859274, 20.883783546908948, 13.029933532300848, 13.078791575212739, 11.705148314574197, 21.533637072698035, 12.730864386805559, 23.531983364048603, 21.90682397289584, 3.359418757479574, 26.944580197457324, 9.878313190621094, 21.319865166173702, 10.09659122900107, 19.402520151824014, 18.138816644308996, 8.447303544959205, 22.755704367287354, 23.80334780333023, 11.88795177438179, 15.926169521517844, 8.356620909943139, 13.370640332939551, 21.830857389608703, 3.6075655228122234, 23.427791764165406, 22.486706066982325, 20.094904363912658, 15.902175127316344, 21.47241770581742, 18.271979404088118, 24.51284854136198, 21.060656265542864, 8.641776114891512, 20.153109296443446, 20.133607471054138, 13.320448516254496, 22.95564396948443, 17.204789270077352, 11.827290437113136, 11.822008013121376, 22.844613628831084, 25.797144702333842, 21.142626718081583, 6.610984481144617, 22.845850291193244, 19.849190191034467, 14.827429443638687, 20.577463434166603, 12.965879670940556, 21.68708922250691, 3.5044409294489913, 21.362694169056542, 22.65880365509908, 17.101495172874856, 23.91835752576026, 22.82168526109746, 20.65833448909105, 23.8068992881616, -4.64667757934665, 20.309890660306756, 6.687875993199261, 19.833930900604305, 22.017458819350686, -2.998880282769088, 18.15749964906824, 8.517306068829736, 13.260547404520269, 10.158146500424731, 19.69468876432825, 23.14939951647328, 2.6156211580252693, 21.606431877392367, 21.34885318837, 11.269379853940773, 23.978612134951028, 22.568087219658217, 12.466436372095036, 3.816196282823479, 15.877571822737135, 23.01630106866761, 6.509176970610732, 13.45417092963277, 22.153302883620647, 19.348040473216408, -4.551148882331228, 25.172016457587706, 7.8978702063153845, 22.133834388599414, 25.128400582527192, 10.958438443225074, 21.724001775585187, 21.646764873590474, 17.321380052111074, 21.413807092073718, 20.577413320470868, 22.130029607522342, 20.92361135272463, 15.622658939123303, 22.616915941946555, 4.314749142148995, 17.51990552032099, 20.703388399637817, 21.36131070768949, 18.952602148293813, 24.268692523581446, 7.982226262928436, 8.345941298022113, 20.38392217849073, 20.415994280865643, 11.989882602058008, 23.088556993674132, 1.7956701303234421, 17.75668253094361, -4.534388435413747, 14.430292619064465, 14.616499288740664, 13.523311150915857, 1.7005181633919206, 18.626668556358496, 7.852048826559762, 24.206621264142623, 21.205010410190916, 24.85418560505414, 19.807789444885426, 15.757370828252066, 7.895665142010945, 20.830733936602034, 22.007021042991585, 16.094833982896095, 11.139046992201564, 13.120608775564733, 20.17344639134924, 13.383612056593682, 21.80165337925772, 10.68467626530208, 23.12650320429116, 23.945617641067987, 23.066484560032688, 18.543840254875917, 22.76536136041557, 16.630368729630636, 21.475276640534638, 16.52745930730603, 18.855053455187935, 8.357403221512467, 5.3962067701404655, 20.324501291956846, 3.0448339338566743, 21.08066232891322, 23.042047480596395, 1.7785460029080988, 22.50983898530514, 20.874603656252265, 18.473698528527034, 17.296970095641864, 20.90831953932478, 3.6720164672855566, 16.813742239131674, 18.78544236291812, 19.07621914508156, 21.5906788596328, 7.878796192460147, 14.646013416247035, 3.8563816252351266, 24.43306058052384, 15.916054454167158, 20.17704915873734, 11.903695964126813, 11.613282157575973, -3.9925422827099175, 18.646342076669274, 8.553699950585957, -0.876883496776366, 22.01341571215686, 15.097800921892542, 20.817287461621508, 10.86827496039514, 9.324161646955936, 4.527710402636245, 19.082923678909385, 23.68022510781628, 22.545517409058455, 7.840492006000863, 11.300669473816688, 5.867269452781219, 7.729856228412646, 2.0448266102189083, 15.730468680172034, 22.348048648826293, 7.612510166591403, 21.053751056690498, 20.33389238666178, 18.156025730666826, 23.627800955860646, 21.01420284338782, 14.333888558377208, -5.111849544755574, 21.022321422850197, 7.320760459590178, 23.199743607384764, 19.71952361502521, 22.548504252016617, 15.68662025750414, 13.808283889676385, 20.808310405036266, 7.079316681923015, 12.724149628873509, 20.499022966833113, 12.235881532804374, 3.919695526489033, 23.256497753349706, 9.566897293539487, 19.89589917732708, 15.635189127996108, 18.12725363801075, 16.24437779395424, 6.497972914676615, 19.32468877433824, 21.936581449895513, 18.182937738227515, 19.575179662622677, 11.911170329100838, -3.3539185514055068, 22.202742533566944, 8.62517682662349, 6.267111440616116, 8.91779748672553, -0.2713504140693381, 6.463176150737347, 22.951959441082927, 22.413952096537304, 23.751650961283485, -3.427251799837472, 20.57484366549305, 19.397202588026676, 16.459949801995315, 21.748645825509353, 9.634314273659198, 23.002605523652406, 13.227934356241615, 20.878078008557793, 20.55840796004441, 16.54300592381241, 20.086018357836444, 21.631118210460677, 12.357348066821753, 22.600765425906438, 6.007257140429113, 19.57111054768118, 6.070116769056905, 21.16421255127906, 19.055956420916008, 10.200229146473172, 23.239202565110553, 25.756866180971006, 21.706118146314424, 9.6277042385194, 18.24283424982232, 7.502324563585148, 21.361451994758248, 18.83963674121621, 23.237464115244904, 22.869002553541076, 14.657035894748788, 5.139729708307532, 18.22707058944488, 17.746011819665387, 21.274291687895403, 3.79601225740493, 23.117654915334555, 23.16608554358405, 0.37042145215902544, 20.913684603946237, 21.364415164239485, 15.40990238845655, 11.962583202708352, 22.840283663020813, 22.79093038941763, 26.02338740512745, 23.008572147348005, 22.602343796273523, 21.264716289051396, 21.98412562046243, 15.52603202877281, 21.458643592485014, 10.226289344482796, 8.817476508430442, 9.94739730855132, 11.287898485788327, 22.738746653584574, -3.5355582116801045, 20.723606615078822, -0.11662781807119299, 3.8113248490116702, 20.033534986909654, 21.044627831297205, 9.069825586564262, 18.727534754819775, 19.288264013218228, 19.025880803472283, 19.49315282794977, 2.9413191310887568, 22.99548969320048, 8.654270447354888, 4.891114283317529, 16.529963693868886, 8.742943364470127, 22.726228578662436, 18.593571807841844, 20.730451600821254, 5.814429610116531, -4.272886403872268, 18.063113946693168, 17.7538641607807, 23.68014102386625, 19.088446623166742, 10.60237631327809, 11.965174151989196, 25.00326568792381, 4.491275979910484, 7.8364698102578565, 24.990998347229063, 6.233431669139331, 13.519560751386393, 22.80496307868537, -4.941450222792195, 11.75208741194089, 10.274248716415592, 17.442019168157195, 12.096318573440307, 17.44317043883814, 18.081344725490304, 22.680969647137655, 19.68212258219659, 3.783949196153671, 18.82288466055175, 14.308508500962873, 23.391707855322736, 22.014019162189097, 16.270606479655534, 23.085733282563886, 19.116598342394777, 22.844809296341964, 8.344828569651513, 24.997421138427043, -0.32772981766627507, 0.6707063076716567, 14.714342913101333, 14.240610182425442, 19.641711414386524, 1.4456687623174926, 1.368311465472174, 12.134613832393772, 18.278217609783148, 8.484892430445065, 16.463852099304585, 21.576023992551253, 6.064836950246662, 21.034153103491413, 10.161609728006697, 18.307316043850985, 18.896508889711892, 21.308021314158147, 22.183654179657612, 6.373212942331626, 21.84698668823018, 19.409062119250102, 23.10840158529635, 7.836414254423357, 18.270288075843585, 11.123570102271676, 10.947424091949628, 22.412951462089463, 21.21406279243517, 8.559435607081705, 12.827435284230232, 14.347115681753575, 3.2485241652949, 17.902255815538407, 1.609884599360138, 20.763976101546533, 14.458636120384792, 16.739253163698617, 16.7900591162074, 19.741877440010203, 7.832332527131297, 24.181904003257884, 24.063016039735242]}, {"header": {"parameterCategory": 2, "parameterNumber": 3, "lo1": 6.000198445256149, "la1": 58.999992894266676, "dx": 0.5, "dy": 0.25, "nx": 22, "ny": 24, "refTime": "2024-01-24T05:00:00.000Z"}, "data": [3.9976279647849835, 6.629690561186382, 5.367324898783436, 0.8441367931375587, 3.4570811981374314, 7.252228576044436, 3.294558784257044, 3.794706656302377, 9.061393150021752, 5.955675214250719, 10.700874435010896, 6.951010453438571, 4.824899961863285, 8.341797731542457, 10.730428344001549, 9.57284312375227, 8.285491538040784, 4.853700776034362, 9.558889142829836, 6.223295895789837, 6.803821842521241, 20.223007058007195, 10.313989115454648, 7.077254593219932, 6.562387928856961, 19.74202520454394, 10.43678014490054, -0.8554896148221088, 11.517397823911981, 4.510889212452411, 4.484081458636447, 9.205620671855009, 4.103948723050989, 11.455083173746583, 8.529703217297117, 8.17504711144549, 17.223556986678282, 7.7266324387981475, 3.83622297738738, 7.414070543956559, 2.6297663860353504, 7.353331916018461, 6.704439178929127, 7.770664166290002, 2.9215049665077917, 4.541190680910569, 8.887034615994823, 7.776369143904153, 3.1607178701420633, 11.625360274878778, 8.338279481119699, 15.309195175810864, 6.565670656739902, 4.158597825703874, 5.732012183151965, 10.454858471948622, 9.415211964389304, 6.018886026577483, 2.7897066423049566, 10.309375108525867, 8.326291483366443, 6.24121896467645, 2.030579012048766, 2.1306222433001967, 18.229263305444324, 8.76541165872802, 8.146870125971658, 4.808187918456456, 3.9088992912922085, 7.628004957867333, 5.199488448679356, 3.435236993041924, 3.031570002589983, 14.948091305311433, 7.416590829245173, 7.888147663382467, 9.561055996213373, 13.165691271135165, 11.033654061572788, 2.354436278643804, 4.286976535351651, 5.835561128421835, 3.3015780593074475, 5.076475468440866, 6.488599717940334, 6.024146709983191, 7.150651837313405, 3.299830074834926, 4.348583478963577, 8.718317074078659, 9.907521239584074, 4.713505781725722, 9.226554596708477, 3.4252007659711294, 6.562215899761882, 7.975889809157528, 19.04595922430107, 6.387660557796151, 8.000255956448518, 9.45203231163672, 4.8700694681956245, 11.69559682057428, 11.035213289137525, 8.841730067047378, 3.20180810935362, 5.74475912324423, 2.7435820670216526, 8.933276883101177, 6.561694088322307, 2.7920701149336162, 4.606549336358977, 3.298464933751568, 12.673439887592579, 4.267295524843017, 5.947346679965939, 10.811334304500239, 6.6084121270077105, 10.13834447957618, 9.559618447197648, 4.388951318087418, 7.473339901991447, 4.46839809500261, 4.5878070383104905, 19.86662695634893, 10.433666308280184, 19.29340535896812, 19.485823494692763, 6.234162769390412, 8.598344964693776, 7.509111453770348, 3.2829293014574286, 17.6416108641738, 3.9960219003381106, 8.359689171843625, 5.063253614956939, 4.39317458393943, 3.7863136253238974, 13.027138329146199, 10.802735551666343, 12.010492223329, 6.320329824240434, 1.9820400392140483, 4.858151398286542, 9.885349043073141, 7.066416828325041, 14.19530238324347, 5.59694974146015, 5.032917677458635, 10.646404479670316, 6.054500882773568, 9.51155583388791, 7.094600614916568, 9.766144418551342, 2.476508002205582, 15.759606857934223, 18.602175804356406, 2.6775623524549608, 10.23797538364846, 9.746994494179953, 6.940751438223098, 9.403236498036586, 9.715946639305454, 8.76312386847613, 8.52417741539482, 5.914769527715971, 9.511139485425, -0.9395178485822951, 9.09710143823274, 7.200323256350962, 2.7224034927473912, 4.353431405941874, 7.290786603824069, 12.412954141949362, 5.015536389735919, 2.511616921337304, 2.8982727692197248, 6.776621449634788, 2.7911780103093298, 7.556603819534103, 7.654117786777029, 10.643009777520977, 7.787085828885059, 5.952442298882011, 3.337181563055853, 10.472601453364241, 5.3206954199419725, 5.08913571572841, 6.403396091615318, 7.927771602499343, 6.338131120557072, 11.09627579186973, 6.9484445145735, 8.924692030082634, 12.02504072842726, 6.06391400629023, 9.157777172859594, 7.910396841734691, 4.641705547937469, 7.828412341464501, 1.4260127242868006, 10.24558847864772, 4.495097606938399, 6.5723407000017735, 9.13169650857534, 5.414568021743869, 20.53492188113709, 16.08357198100947, 17.631262097304088, 8.659798907122951, 10.223557474022774, 9.665568952873723, 4.445647103815339, 0.9540072837952442, 9.882575161018101, 2.5314612048393426, 7.203836275340925, 15.664662848740047, 11.266140827106994, 6.245067498951292, 11.3116656532978, 8.47642117522304, 18.490035876723393, 4.978809921969691, 6.330632699442419, 10.01391043160469, 5.0890013034840695, 11.712536342199344, 3.453256715816726, 4.882881988350338, 11.56121908236047, 7.588981069437174, 7.262122937092427, 6.288225069250179, 10.495831034870596, 7.4572225027432815, 6.121235837596072, 1.0612041976422368, 15.156456717223508, 3.0171558423645384, 1.4824563814886371, 6.3694405174694, 2.5000018474297954, 4.523886931181078, 3.30074676772719, 4.559951990823786, 8.366698838385387, 11.853312326624671, 4.43039660588456, 8.290826188346125, 17.91069293894661, 10.079888560788998, 14.149512665624238, 4.254503195295014, 8.805786433178529, 6.6340517220768955, 0.2647358125416313, 10.07037750008698, 9.212391176195178, 5.262749819997129, 20.01490270861955, 5.927923777123303, 5.981345822764843, 5.327909739726689, 2.458889033227078, 14.88560737685719, 10.930887060782153, 10.18802016749371, 5.808768900577504, 12.698337227478653, 5.8022715053704665, 3.851106347232801, 4.942760699440622, 8.056786530140437, 6.889522788782227, 20.399646828663684, 3.753634736876718, 8.71238130261643, 5.563064626931495, 3.268667314322797, 10.458076323275424, 5.950965733810993, 7.209957736705497, 2.464160893338312, 6.589148620930822, 12.265255120608433, 6.77593540782597, 4.3161862465935865, 0.7462313416827007, 4.290508007999439, 2.7472119558101777, 9.093902403413528, 5.850819848530674, 6.0381176660921385, 5.606396143980332, 3.6502709743022366, 5.41272043723679, 10.43337757490121, 9.830729671401162, 3.6399350593125623, 4.998871147578392, 3.871135443676685, 9.8235431475937, 3.2883527726643504, 10.447411796662761, 7.163666595048912, 5.997922344728884, 6.265383615711798, 19.80992004139121, 17.04720003263635, 10.493779473614582, 5.662652800712635, 20.094698811500066, 9.121025976529321, 10.331032771318734, 6.027080952222894, 4.604987664882931, 9.557851082417915, 20.2841709172086, 0.8793250943103834, 6.566742705296814, 7.8174148905062895, 9.108967069338812, 7.723625065494036, 16.321423199907812, 7.817869545478848, 11.400336756696735, 10.506151865302234, 3.9406927113278996, 6.296541842266624, 15.088369633734109, 7.558882385887751, 5.333908097762836, 8.98354291673276, 4.421439573911344, 4.074618948125935, 15.607218701616857, 11.026544851967364, 7.084010979477837, 7.983995118105107, 6.7307386280911645, 2.138133540863831, 3.2948937389042863, 6.628760979351533, 1.9409418520405526, 4.090766991607608, 11.5406864506043, 2.8735262049265473, 4.291162225355801, 15.05766981257513, 9.431563204101236, 9.650633857220543, 10.664082444817545, 2.9295992434037026, 7.777863777582665, 0.04662803834719486, 3.8899536938212163, 19.925875223411744, 8.47117964120567, 4.77806087123569, 4.534019662454065, 2.3283956408255735, 19.06664972896197, 10.443396999322783, 10.03079534737682, 11.981222887402929, 9.864512649373165, 12.90363937095551, 10.560874624967013, 10.789283613258808, 4.634916961760517, 5.5217524162502105, 5.190393884041561, 7.9024640141496505, 4.645422004948774, 3.233917867670269, 15.339251491435716, 7.088225918736134, 7.969655266241932, 2.7837091000736667, 19.715636663077817, 2.142384102418763, 2.8755554179479903, 6.214739885248926, 7.61168472857982, 6.829763646724411, 4.858450950233486, 5.837008731464802, 16.46583595694402, 0.6687006499478745, 7.413087105408303, 7.523013436760583, 6.025099459665575, 20.484211378258966, 7.023303215359676, 8.041822993461382, 4.448045488606758, 9.93708112316564, 4.087551953337769, 11.621057228304444, 6.5602694193680575, 3.0254543982479674, 2.443598947699773, 5.871873898203065, 8.661945007391752, 1.2100305571789594, 6.978509440570837, 5.971302693189338, 3.0944910990873966, 11.254618659968433, 6.817658554565536, 1.762026159853752, 9.725758131790599, 7.5466970863650555, 4.72490968141738, 6.777699445999745, 10.276608448993596, 7.573687737404326, 8.990815423114503, 4.85031990382193, 9.32775108632566, 3.5777465402382616, 4.164321775299626, 8.44816394446152, 5.584109841521765, 4.425315030969663, 9.131905412378243, 19.445572590084947, 15.279632445832709, 14.243841991981306, 9.44411837808135, 9.0021821431355, 2.1585183016411267, 19.310304575612644, 9.769250749149391, 10.176891914080409, 6.614676275539293, 10.48823761246838, 0.7769542055706186, 0.739539300535434, 6.129823898403798, 2.669601179339979, 11.897858268796139, 9.98107834457376, 12.55847055859956, 10.484669839154686, 6.629593325358902, 9.752396403081192, 5.968718775052979, 6.2725308432176545, 7.18713747009182, 8.769227230451412, 8.691071966787923, 5.7289263868111275, 6.803273963934892, 2.936627003039316, 7.321688795538382, 5.735376182761705, 18.88280060456932, 8.591187797444087, 10.732500513860096, 12.349906742123139, 8.576294992877584, 8.129432911685283, 19.05961027910267, 2.4597585111751266, 9.352636519499699, 19.851582028106588, 6.4029285006781835, 6.531595620916942, 16.43816530132871, 6.55180019143577, 3.846114487381517, 4.581093956826055, 5.956386916872592, 11.010488363577123, 13.259435631969579, 10.35077979641009, 6.5259456584764175, 6.438840243446419, 4.245830003077868, 4.37585582127927, 5.639504522085555, 4.763289882924054, 11.923032675867704, 5.2223751407563626, 9.117133359824837, 11.651009279062624, 14.62423141844213, 5.811353563888498, 7.576351900322189, 19.211711451991093, 15.068518190535285, 18.739594246834137, 8.07227200036851, 11.288440279567993, 2.453924963122088, 6.784334549261567, 10.912716741541818, 7.251951186249243, 5.130757193914442, 3.024363797772459, 2.2209793521809322, 6.875516958162805, 6.67874449678267, 7.975042934659753, 6.615946103377896, 1.2368125570613333, 2.751068766422189, 17.439325008905925, 4.206710496450937, 3.700931226084219, 5.9333739477822185, 3.9353264234259187, 7.474226984496706, 7.621875664807706, 17.580799665801894, 14.091763782555235, 10.386514580810186, 9.036031328145132, 11.633425003971617, 12.694306863272386, 3.8920627085584494, 12.684376845792393, 6.337777928321675, 2.382991945250123, 10.741029865822478, 8.375938428488023, 6.094254381155284]}]