script/wind10m.json
{"header": {"parameterCategory": 2, "parameterNumber": 3, "lo1": 3.000054539987559, "la1": 64.9999836372058, "dx": 0.5, "dy": 0.25, "nx": 34, "ny": 52, "refTime": "2025-10-20T10:00:00.000Z"}, "data":
[rows 25 to 49 of 52, columns 0 to 33 of 34]
10.923763902204941,11.238543822772908,11.4425274907492,10.630995571636502,9.629983547639203,4.881727149132983,5.585922050673086,2.182374037037468,2.7640469452296146,0.11416756241679688,0.15658670945152808,-1.1907622467480345,0.3162038324021266,1.3977609076060777,2.4133538257510354,4.127789257030527,4.5378308520280175,0.8217143351004917,0.8087704715322738,1.9138991141253818,4.189416760516158,4.093669480741829,2.223588015805206,2.848737427619253,2.401120045646627,1.3875029811840072,2.705585499340152,2.83745278800008,2.207962685363231,4.840749860192306,7.617413935221041,8.04498746517635,7.474856081240433,6.994449665956076
9.703069408393924,10.248747134580801,10.814920357988997,10.70573008057932,9.026921234781032,7.932601353081981,2.007003539002374,1.6630854452802892,0.09161120630241734,-0.661377780669056,-0.7190093672342097,0.35754004343050627,3.6370914809010073,3.015316540281326,4.942888690836945,4.913133165029381,4.253791085434276,1.0278785588595276,0.3542872289125198,0.42586292028741474,2.6970242657978902,2.7227662136078914,2.490826389369046,4.506107356843713,1.6942013021761275,1.1127110807795222,2.754004151777712,3.1382990244588442,4.29127135334448,8.618114868512167,6.455758972239215,8.54147119998538,8.276666295497343,6.685596572054769
9.076504386925084,9.322766760446086,9.709051679427178,9.998207028488544,9.00643493629553,7.145359932716229,4.95625720426897,-0.12737751755525706,1.0191452624065913,0.15744169328614588,1.0521216666141102,3.3721226858381876,4.505688590209012,6.066931397646422,8.44926443789292,6.77228586464209,6.319209857668222,1.8963289110926789,0.5014500618842818,0.8526049918048123,2.582365221361048,3.474496981377415,2.4647018245435066,5.9147621383586975,2.7191612478748315,2.669911383631831,2.8773773436291976,2.122684904391916,7.131025280322999,9.238536255263075,9.104221748910545,9.215962990985835,7.138302813969618,5.202546032433137
8.301533579637637,8.16398732883336,8.088976207435621,8.585195967230602,8.409141491812116,6.9868306973334935,5.587706092062038,4.183093822415536,1.680109315596502,0.7949551395802241,3.235739360044127,5.018169244261865,5.874071249913656,6.336081689063488,8.092109118458083,9.448099463200661,8.26953110101129,3.757815611354322,1.9707160140464408,2.518590108044013,3.8040565271377162,3.496388300091723,2.084506629922599,2.866902224376629,2.5739005895136624,2.1560832206735334,2.7317086238903636,1.756180837807689,9.40415207677789,9.958498928242983,9.301079752142844,8.019105998716569,4.8954836390781145,7.739278116154421
7.946712785156151,8.049405637929762,7.702402589060894,7.294391509445478,7.386702172771612,6.813019795397994,6.262802739037277,4.635719890893978,3.899561111028594,4.494785237253039,5.352875920235375,6.068655013203964,6.689183187663451,6.8731505583551735,8.09908715158146,8.664475253320884,10.3273720462963,7.891686716546024,2.9653895937277364,2.7603529074966793,3.3794304865186278,3.813948645976765,3.171673943640062,2.7312520139329575,3.327337463458115,2.598955933020391,2.624313388092051,1.6424805207799618,9.457926962102961,10.698010542563118,10.216457130209319,3.187846217001434,7.253471486858241,8.244822308868333
7.977213476615832,8.291188868604346,8.04724246374152,7.347789080704114,6.929634785058295,6.994505289258769,7.232679859669009,6.408163478958887,5.839596530077342,6.021582864464498,6.020243858174321,6.8334172099811035,7.495026993812681,7.342688048368555,5.457951079110759,10.09656447553614,11.785507545875591,10.5938231409455,2.185733085914714,2.292382763454541,2.6324430443531748,2.8822887708047165,2.352225950468428,2.8294350775728687,1.4967010508695378,2.009538355184263,2.6594622491770257,3.3106874563294295,9.19308621454318,11.187979935536948,11.110933036595387,2.1333241167629833,8.815435272541643,8.079681402376844
7.771330139525505,7.929751716582921,8.275858600444826,7.966361429629153,7.91388872610834,7.613198901233575,7.940913905130845,8.216250102159046,7.76719933368707,6.957209323118795,6.917944387007565,7.0729379551312,7.040526434339834,6.467371579958974,6.354739381515174,8.04477948009443,6.247022385562947,11.499952783325934,8.038917202653044,2.400245409891246,2.106916987066267,2.0743390985543284,2.7577771995000777,2.8959624757392772,3.197018708242996,2.548199555011115,2.4114336929514892,7.631720334083281,4.2038615137244015,11.227759252718057,11.125493344633727,5.14847669777026,8.811925718907903,7.8666732023434855
8.16445026059662,8.19577820066936,8.054964486481623,9.011318581734749,9.001440557467149,9.068919360544841,7.985497588605771,8.673591788535553,8.426155001388231,8.38129812779664,7.469895162658963,3.1022260142383113,5.85518611890718,4.441772030483571,5.04228647667236,10.972003293768207,10.621710194494153,11.252051492049398,10.077181013245273,2.408506546401105,1.504347738443459,2.5193648105808353,3.3882570582222007,2.6804258899911293,2.9290099008510064,2.663246574940685,2.6568706113276965,7.103939838188289,11.097730246030718,11.21611151112861,10.855686543642456,9.835820982175045,9.34865694627524,8.294059127370573
8.96873357418337,8.658157554863395,8.840226880338776,9.10403281051128,10.033997964047279,9.675400345420762,9.405139529760119,8.739716933416881,8.707911110336774,7.816863920892633,7.705041567761523,5.231350470437568,4.900135380881276,4.706701670524316,4.430317009707552,10.697410822955895,11.077589881453237,9.402585458746902,10.890847048421458,7.8879848508122645,2.7083852504337638,3.092675665672314,2.8256310871859074,3.0267651540326304,2.3964581400283973,2.351830427367645,2.6694840589560602,6.254543227627372,11.109249057421557,11.213309397809722,10.601032713536277,10.053805715812702,9.794357582043718,9.809093355181972
10.131295082680534,10.884196863565933,9.73509440386996,9.979959829140283,10.68333626606253,10.379743497049942,10.679946787390424,9.799808606707497,9.325935670601305,8.974035460047384,5.9689578096189795,4.37376877637784,3.347197277635927,4.610751312688601,5.496476621689682,6.286570538209134,11.518450173657715,10.381978851246402,11.357092846936776,8.161005911678322,4.353634081598005,2.8194411153699184,3.2641281183564024,3.620842596267989,3.442811500702224,1.8735991771219827,3.6905521114069963,6.293552104411263,10.902251484337825,11.047139305850525,10.820118698872278,10.466078968232711,10.35162535702432,10.073410825944402
9.444572840785952,10.846936520622178,11.403246992171884,9.829428045764532,10.248600666359431,11.603645795225079,11.01717220424756,10.473884677054308,9.693677632784922,8.814909999066957,6.42871349716583,3.275810222683837,4.430743618627173,4.673698472488202,5.175207094223154,6.146216956821749,10.694531312561201,10.953159018053265,8.977545091581574,6.005250816967236,3.6858632933034725,2.4174552934525115,3.5128341237767104,3.5173381721182966,3.286015013006002,3.84584011947215,5.499448046149177,10.289422697510465,10.856295867395271,11.006721387279356,10.915310856149794,10.11310025890239,10.030490824678152,10.063693323496373
10.190953776497782,10.350601859245415,10.236268557798756,10.790690083434205,10.413554485355204,11.560986925914092,11.764110890785615,11.058147188618756,9.976931000234314,8.168354886356003,5.874805915328945,3.229325602425682,3.3494449869137815,3.489774638967612,5.942770119139113,8.2420248214223,9.211328615347778,9.764361493548602,5.597912557292138,6.674166239125182,5.04245853398484,3.0903722935167024,3.2214392272597716,9.98035942626694,9.669692020797589,9.606657654419216,10.03748307264285,10.597734323028488,10.765261944607916,10.994777582610142,10.882848133540932,10.122349494776687,9.911096240528755,9.361290440363227
9.716848158751752,9.64951905944594,9.644822287811985,10.824348200633313,10.833600484930319,10.982418948529336,11.718993217656918,11.035674917543746,10.13085058186226,9.239519484245019,6.969168834240319,3.9313640879862852,2.961641888862335,3.3602544595388606,5.876775228251032,10.710595170712262,7.411652906787493,5.377240511751757,6.567549567604338,5.633037402100026,5.480086566184737,5.5745372306927825,3.292442830579176,9.858153064404707,10.922733526058206,10.450381324094018,10.59371274817515,10.537833250552387,10.529658383129254,10.956362465132289,10.731146397820691,9.88481702886425,9.923649032010735,9.346859782878413
10.309401541241746,9.435201137872074,9.897986870134796,10.143924427877774,10.532449418968781,10.974712809540474,11.504075859368317,12.01146781994186,10.073870271973474,8.985997553824385,6.0035366437113655,2.8362062438631646,3.612942271483277,5.46933469631315,4.6554693563636125,8.128801961282559,8.847433582865587,4.8682064323454295,4.851592157250979,9.687276300623939,6.96261474253469,6.746889016300452,6.2861500768779175,9.955616891739927,11.578051690243763,10.922160486297598,10.703727806949647,10.130816987786398,10.396254289647157,10.521951340745488,10.592949040314908,9.913916332514596,9.567704732021143,9.171063645858773
9.565586226524497,9.65718850214512,9.547211407706905,8.704085098822633,9.773147896428284,11.034691414219205,11.188974019480622,11.641993728195168,11.520121581105357,10.073454935466089,8.544370302226563,6.070233324623299,3.046240933218524,4.71361666413573,5.061320745165369,5.244168349449657,8.795427577305443,4.867677996057367,5.705127648686421,9.11871723330058,9.906333535455145,10.874605207803462,11.226750584808832,10.239276413154343,11.02173895837418,10.943135829333025,10.503152688882134,9.769474618455504,9.843242030823852,9.373722653259874,10.239425808261734,10.228672996350225,9.6226223495012,9.028240134003665
9.068645769473044,8.58526154299381,7.8575479189782405,8.380863795086258,9.840643639925121,10.565297079822088,11.016818111307098,11.068317662479505,11.374325070017765,11.044692084771498,8.692208486498133,6.454326697432486,3.528759087391459,5.180730894446911,8.211283384758028,4.9315736760491165,7.814862720458392,6.873864801783098,5.3088556622446585,6.155620289825138,9.119589342365018,11.094982331484182,11.084468973948129,10.356276202756138,7.4679114397271045,10.267687397080799,9.685249775333624,9.507504778253825,8.984276836181413,8.415740807891098,8.013475073217895,10.439483476797617,9.89396752156145,8.794568157661992
7.64818332093278,7.565836273936859,7.956095782452991,8.767756237317432,9.76527959720629,10.718579190495296,10.605981045401885,11.127514624358657,11.332936017151068,11.002651961205931,9.241263236649125,5.753495270316344,2.9631258258050406,4.3940559624722475,8.279499870876716,8.303416721409619,7.69394441127644,5.618468820119345,6.247974988585916,8.946139071718452,8.49515740618967,9.888010232701358,10.688552936399217,9.723019787688992,10.238444024484947,9.795857581439048,8.580182098180487,8.86935930185193,7.998080221512612,5.078141369979513,4.815429713046789,9.086676389941355,9.770896711758905,8.093052270604494
9.45844167454254,8.039960423459567,7.9720958956243955,8.179733982693392,9.625254165166586,10.536216560681869,11.271690041014173,11.487073698769484,11.18919892031934,10.97833199685586,10.53086851716808,6.97848086357317,4.250880813701186,3.3433132067330247,6.434262430744521,7.89494708877908,7.370401362018782,8.778047171260482,8.229484570991657,7.316242606507641,7.655116189890516,5.202742180915007,10.628570949574282,8.99457767827917,8.564721102820307,9.087004215362597,7.891144263400363,4.347723252946922,3.981102476944979,4.603800849919199,4.722792877134995,3.65026789759158,7.831514321883498,6.301970724669292
8.725300670100937,8.67012712584827,7.82843249037851,7.523009916588466,10.168450069004827,10.713773633069783,10.952228929587006,11.548423119805735,11.870458267991166,10.987574119544341,10.819126249112228,9.317824872055327,4.0454902133502655,3.2523712557922555,4.625245900088253,4.772347785719972,5.07433912997282,7.4211950384292535,8.37607991039877,4.131354588998733,3.3210907005151866,7.509746373083173,10.219854059733386,8.274923034019167,7.3548249982746325,6.51240346911664,5.043885820751904,4.211831153472713,3.3965719469700937,3.332634278405598,3.4519597907451134,3.6514098272770257,4.225496813131075,3.4619599265161853
8.422498714405345,8.610028197083,8.111543650575593,9.66920597069691,9.415993362869928,9.81172305530264,10.65866622057496,11.277808719148142,11.193163074625227,10.964696500090685,10.870490079496307,8.373435555387251,3.9721297291095556,3.501655391719015,3.06996446921383,3.5525669067660566,6.061790414291352,5.323076272976768,3.273936324968126,3.6201132860598295,3.277078400146636,4.749894794134619,6.035052893755271,6.323692361778797,3.46257617879392,4.147701759056045,3.872346546813328,3.220117531164543,4.27658550694508,3.075723332937065,2.6268749888141727,2.7567367294011405,4.0151415614590205,3.173711214921247
8.608866148905093,8.613412381382215,8.718419081723184,9.748642563497283,9.54556026004969,10.246411687429552,10.161631383162183,10.146375748100729,9.390981262645738,6.805616564841569,8.563371355475203,5.329500158611632,2.9556977887845166,3.4958998459299,2.966593388210995,4.313871861694628,4.593887085162546,3.3914141361942685,3.440523924462194,3.0382535335248733,3.8216672986052913,3.4781092062775705,5.040163011509168,5.793419182069321,3.3405270519596053,3.0033579923538585,4.126783226724839,3.0688804678283645,2.5001004117674666,2.9834916972700687,2.3852836043510455,2.1677279306348614,3.4557386505093017,2.2884469286644094
9.563696278156378,9.62662568052494,8.936276742940835,10.171978638867145,9.015009148169419,8.38559525265406,7.760892666483851,7.851516229873917,5.694435634400246,3.411005434316638,4.888684588360281,4.205555973414221,2.4892176496689613,1.80505636423452,3.415780830400175,3.4866416062810446,3.076506615746381,3.0012580320599556,3.816325398825354,3.0067213809926807,3.1758955640213995,4.829425568755496,3.202705227674496,2.2465892469561215,4.17465622714941,3.1931752587621323,2.3576945910128906,1.9723855656929348,2.8517316683102263,3.2425243992491266,3.2695900367978727,2.5162548194055154,3.4939944118973703,3.1004683464686615
10.666225649647078,9.887498693673392,9.787242735218948,9.564050119280594,8.675127941353194,5.416480598122114,4.448190113090009,4.389142140071649,3.9258270103469677,3.401183958998816,2.6754561522421767,4.5945769548727515,4.057596640643055,3.951761675972844,2.649299545940639,2.0474731223614437,1.763968041075997,1.987602221880133,3.4195744266852945,2.0898930230013137,2.624037764531967,2.6943837355424702,4.437595458454293,1.7896879086111972,3.347049108734262,2.3795298014969024,1.717918139629709,2.8297080438218627,3.3794058725877405,2.51636227473182,1.5859076071104132,3.9208914779646626,3.449283257098855,3.3656866639802985
11.158477725988858,10.098371109380816,9.611368934689816,9.862813510668708,6.123523568449268,5.035287284864552,4.346662469293378,3.721845807241157,4.666423543508777,3.960401727459383,4.211899290813729,3.4056576924623934,3.8701802395756246,4.613445025558716,0.8642643073984909,2.07944943291608,1.72700666733179,1.958002937820352,2.7713310780676728,2.3331701933986015,2.862299422606854,2.0561427824407104,5.018418170762591,1.9522320415393557,2.617096507448921,2.14629274391108,1.3789156580419692,1.5606344997921655,2.703222078691757,2.9816114102123277,2.7456104095951264,3.2367549715103983,4.404325353360705,3.0556113644560283
11.618380098131967,10.620403949154571,9.63550019355642,8.434243640459352,4.237228152789392,8.78492394426913,4.622876284541022,4.339134952619463,4.462235785482282,4.732998268539807,3.7424576863118735,3.347213464754202,3.229478315813351,1.8279559453700085,1.6257300761950728,1.216577566955186,1.3019269211468465,3.0424426705859844,2.4401034831276207,2.6295487851583936,3.1461777615328446,2.10446021303282,2.4989283858514493,2.3887353027154368,2.664178782753021,2.1103107515700317,1.6887320674239243,1.6636815222632066,2.8963008270211383,3.25092983083844,2.8300382729737024,4.288483593649899,2.237944056438449,3.807002044975837
