script/wind250m.json
{"header": {"parameterCategory": 2, "parameterNumber": 3, "lo1": 6.000198445256149, "la1": 58.999992894266676, "dx": 0.5, "dy": 0.25, "nx": 22, "ny": 24, "refTime": "2024-03-10T05:00:00.000Z"}, "data":
[rows 0 to 23 of 24, columns 0 to 21 of 22]
-1.7702537228131383,-2.11494053965123,7.689117750153568,0.8014742074047689,-0.44516954623995814,0.7251017865863261,0.050413276432860074,-0.6029337283607106,4.930833855710732,1.8119576850882184,-3.946378276460402,-0.781151453387342,8.314617207621932,-2.7685429007333466,-5.7399548364282085,-0.3966380779503429,-4.252488551956179,7.292992872229815,-4.54414549127716,-0.6065571455599975,-2.0818650545715904,-4.121626860355277
-7.180569901724438,10.393486504626102,4.7350466740390065,-4.98941801563876,-0.1937599790035093,-0.3411291400314825,-1.9766695863167534,-2.2596426152644042,-2.5462919587110275,-0.866760555209728,-0.9766842046395234,-0.607034013058093,7.540934911736057,5.810793791828831,-1.3306649184437325,5.62850172594094,-4.250420657330816,-2.6929930138274454,-2.2475604561577844,-1.355179570911026,-0.9351283440914513,0.9904586240237234
-1.2627919797867402,-0.08912020262157828,-0.12628553262468625,-2.7718425559457667,-1.824060788448946,-2.5011342148114215,-1.5172093883839115,-4.168945329516437,-3.236806657763685,-1.8066252175992616,-2.0126686116086807,9.010082610704778,-0.5061124462447816,2.418702399302193,-1.7468437476666872,1.1671888021099668,-0.2102246986736503,1.2254073457905792,8.673973000866189,3.730995514865547,-3.069484957054635,-1.7289921421499614
-3.598778045549294,1.1870592786450582,0.35259722478927263,0.017399667783614316,-1.8424640177774871,-4.301557608794359,-2.827093661488706,-2.8880473950660974,-3.7697240965942114,-0.8312320445770567,-3.411113799609726,-4.353964045672631,0.3423899809969019,-1.3581354309057811,5.809321737024128,-1.1408359692004322,-0.3258746829136198,1.638541782917677,-1.9282123263741202,-1.0095824704599423,-3.2676396239977477,-0.9441629452335963
-2.2365033407670505,-3.5450694137245726,1.7673726560773182,-0.3833379805521599,0.12256653018310776,-0.5550574990013712,-0.9547431651368888,-0.7349405469012422,-3.184809139201435,4.550893310241997,-2.3163658501373185,-2.9689038313187543,7.151931278288893,-0.6148387817917204,1.3001451907039117,-2.7897391661502993,-0.5798354768785838,9.617980811777702,-0.5386244428468593,-4.272486443175323,0.7286819795576035,-3.8556167746012315
-2.7244082665277,-3.4144072686610496,0.531860121200773,-2.564742641371535,4.853934957515559,2.2146371812045884,-2.386764397425103,7.585952166805778,-0.5441502288073146,-2.420258103165585,-2.0833829116636395,-4.942119271268066,-3.2185713590210985,-6.687492577079804,-0.010428109000800843,-1.7112230782363003,0.5989244453828519,4.899494706346798,-3.0773869839107997,0.9401621633264372,-2.4862852947702394,1.9638910752153356
-5.481132905724585,5.597744480747333,3.405594155402476,-3.2836602750880677,-3.208096237432337,1.1548170794937533,0.6463388879058619,12.46964978788309,6.344622292838006,7.72532601400022,-1.2695857012193896,0.4119788554597692,1.35235862299059,-4.6337446741253725,8.081523490078832,6.93991943250238,0.29412931428283035,9.023808664577126,-4.730118024776465,5.7257738146441834,-0.9397208269176546,-5.178198166938008
-5.174759675509783,-2.777055026581371,-0.3848283939748714,1.3462994833114295,-1.4638893311478893,-1.3495153469685124,1.4724132355329291,-0.6452257936577079,8.996511405468658,-0.5510645107470988,5.974289119682604,10.080345693159833,-2.2499367613451065,-5.785483430548334,0.066509465533146,-5.731222563259241,-0.7708769522819658,3.6914108572881466,1.2539399162512734,3.7642298900577997,4.982482827480828,-1.4185585314277982
-1.605832221621707,-0.5586439493330053,1.7067356190282807,-2.6059062813449914,0.16363064209405442,7.1770189231267025,0.21537597476579398,-5.794066401340491,-0.19666599427900458,-0.40377414821621266,-3.3794896305246724,-2.141140193229962,-1.4579314688667864,-2.375709484664859,-1.0002915986414138,8.001682183264425,7.385431353347838,-2.508847735712027,6.162100345728893,0.5223701474463879,-2.1173007617463324,-1.4465860900425584
-2.6651904529466055,1.105886223406888,-6.180062445537821,-0.6006176485230973,4.75052434959504,-3.419868313438496,0.04627052900880152,-6.423332189565854,-0.18892223937540104,-1.6060691386407075,-1.4028671387576195,-0.9569275318462778,-5.226050869551055,0.9765308996042573,-2.5933230488950403,-3.57007862564607,-1.1927569363082953,2.3545650797222923,0.24468940047071577,0.4086879152233987,-0.9911895856986533,-0.07004229726306717
-2.5357357771785503,-4.890700898530576,-1.1515255197890986,6.354533593770139,-1.014640602491039,-2.426010508837821,2.1124109125670425,0.16353320467240126,4.556659103639213,1.6664242627271173,-2.3975433419696,10.292555199984655,-3.030238193053091,5.130259380470675,6.892742100322334,-0.4744326975414536,0.32942461863278444,0.6694113921393041,-5.8795784923118415,2.069600622375261,-0.6830440492578709,-0.6713906532653972
-6.137454688315298,-4.868835394694809,2.0938408011888234,-3.14308170598442,1.5133758146532406,-2.0115031035525983,0.4590659141916057,-2.3971020377240984,4.934101899111336,-2.9204540575067934,9.192686200197732,-1.077279679262843,-0.017124899815815338,-1.2556674973467323,-2.49932777788473,0.9053777302114718,0.055052977583039404,-4.516758721227583,6.670071064618081,0.5993378885834943,6.768217469244955,2.28488556030379
1.5217336778080863,-2.5398452134825615,6.407676023158955,8.210830327010624,-0.32882556692442777,0.5491179168332562,7.631446359054504,4.355591061338204,-1.4621596083094266,4.763522400775905,-8.148204562489594,-1.3157959667756625,3.544537685363027,-2.612771146623485,-2.333296784174442,5.692969712966456,-0.8617001306590804,8.314712437280573,-1.9447332248692228,-1.3020957125985386,-2.6256149251371728,-2.0737107381223274
-2.041463647846716,1.9072991997486672,4.740682414099319,-3.3765092537840635,-2.778373514478654,4.676384155794001,3.9366663835912954,8.438939986817,-0.43844738665516897,7.127319397119007,1.739565269025846,1.4255915317627852,-4.275432081113888,1.5455957234558337,1.5310619710324616,1.368109392848875,9.68957604407396,-0.7413085468360292,4.860319423476308,-1.4321944834982088,8.467396260187911,-0.9925263855732762
1.3279269117056778,-1.170933051827005,9.215344100990094,-5.67407534598028,-1.3395027665614982,3.9652942240561053,-4.09653707556072,-1.094467398722373,-3.1886288499506503,-2.6779779620040807,-2.2654478662434863,4.242407865275715,-0.344233911014163,-0.02331283569231957,-0.1979473475420616,-3.414852993851871,-3.605348158196159,1.081063172811836,-2.312398683293732,2.3021724777091173,3.6330840819010612,-0.9550967186968523
-2.2883118576121078,1.1622423907808321,2.9753081202257508,5.343353881139444,-3.2010741907422124,1.091222380020693,-5.390454776321336,0.8036184218712766,-0.24446494830828358,3.3629588313424543,-2.5301900952906116,-2.6478448058727926,-0.5310334685782622,-0.18198070173479966,2.3359205981316373,-7.184557333107228,-1.4063179497684473,-1.1029133194103347,0.29563407769528854,-1.6571815948820043,-1.3535210962054578,1.872177122417135
8.40262945401967,-3.308823812553001,-0.05151142038826152,2.1162294239857236,-1.2520205264721034,4.401998156687379,-0.0831503978717853,-2.0283617034549284,-2.663096942783245,1.4174650988905908,-3.465554197215486,7.418618841006899,-3.292954354538285,-1.0287670714522246,0.4843181070600252,-6.862658200898517,-6.3460368699009635,0.07538114049417019,3.0860608570661396,5.399057466087642,-6.352197209062793,2.958498058312932
-0.38943438533513913,-3.308973995959047,8.055620091288537,-3.231154780521345,-3.288662307583367,1.1884889047875313,-3.0670252825918976,0.11257221275987328,-4.013439314377991,6.438128512010635,4.156496254486802,0.2355946296637255,1.7379589627928653,-6.312690259493496,0.8852052844822671,-3.417830893768312,-1.312288559581093,-0.008354855741533053,-7.415790754387577,-2.7901490603446857,6.353881550786726,7.26303897954442
-2.241300293384783,-2.2848817143001887,-6.523980753472905,-3.3031642733548727,-0.9130389420354982,-1.9450718150571806,3.555395711701305,0.1321347342786791,-1.8450036837390096,0.24366505318432852,-1.0193309206714571,-4.301365496386154,0.7499901019501208,3.9313629005050474,-2.551843622787411,-3.2029871678093937,8.142182547191927,-1.5055629455591988,0.770575450864988,-0.4585208032479269,1.1742042441770308,8.923963476653899
-1.6825438788674085,-1.2796244610940204,-1.301863484677069,-2.2859799237060674,3.031269606550272,-2.1726559954647295,-1.530941975250426,-1.2560000648745566,-6.812412884677025,1.9544651791689214,-4.380308898023147,8.011706436385406,-2.8960114706278373,-2.7316924810663554,-4.999486239825789,-3.619480201330127,-3.0872901956398713,-2.280499240586554,1.3294508179548952,-1.988586783635715,-0.6596013742941036,4.208794850157483
0.07284471671810183,-2.157628741128701,7.100977373632566,1.4928386791504962,-1.7647219458252614,-1.5343148978861418,-2.8360298363400567,7.8280284006386,9.91602298697536,-2.274289540333967,-3.26485045978452,0.9589298701538237,-2.0600825937543625,-2.430286562631542,-0.366786790588737,7.711259217526957,-1.1700685116214742,1.7210572760956742,-0.6429411950741026,-2.3286539911708983,-0.6851100855292839,8.498922426197915
-0.5623903136693761,-2.9561578897200462,-2.333583138099302,-0.5176880492824083,-2.716937457057392,-2.585134278004022,8.561910843347352,-3.3867587226211855,-2.8587809079126747,4.746294023723255,-2.3108217366797708,-2.8660896296697653,-6.626316096460363,-4.578409504139661,-1.4674844610714126,4.651930771922064,4.766275286095489,8.362535992099236,8.232294264681304,-0.17615258636325137,5.478694151637866,1.3119328762239262
-2.6494356619505517,-2.1933342026730127,-2.15103804299053,-0.0228553954169823,-1.59117525218389,-1.5348890233177512,-7.0847605366636035,1.442860028050694,-3.1539777945157508,-2.5225769462081504,-2.303212892793633,-0.7005004388319149,2.604379007825926,-0.4136649643258041,-0.27932806331119775,-0.5643828544610549,1.03860347741165,0.3004391731736378,-1.1450851161136597,8.333590621730481,-4.177907501585083,2.9449670022039833
-0.8323509432832239,-0.7328886385911081,-5.877154777383195,1.5488784995074354,-0.8374751215376787,-1.897064822514971,-1.572262856286205,-0.939513525070722,-2.8444898213707224,1.6156796914748088,-1.2333995857827307,1.4676323770697541,0.8258914922192632,1.0834886488200035,-2.131760590263921,-3.9317637505470557,-3.3744105740619443,-3.1184917640199505,-2.362812870411721,1.4320610274471257,0.9495042741384746,8.180030689891996
