script/wind10m.json
{"header": {"parameterCategory": 2, "parameterNumber": 2, "lo1": 3.000054539987559, "la1": 64.9999836372058, "dx": 0.5, "dy": 0.25, "nx": 34, "ny": 52, "refTime": "2026-03-11T14:00:00.000Z"}, "data":
[rows 0 to 24 of 52, columns 0 to 33 of 34]
-5.985702933851971,-4.992020187549381,-3.4326250047128988,-3.468114828310077,-3.6323273779779424,-2.4816086434560516,-5.355636771003413,-5.739571153944699,-4.233337897812451,-4.134739167264609,-3.1882541252631413,-3.270829646574904,-4.521789114154805,-4.819891494511216,-5.35044819597921,-4.454218670825851,-4.187170558934933,-6.051500124334721,-2.455545888746058,-9.494353864112268,-3.444047491500768,-2.073490862958608,-4.968988196731873,-3.7428809904442937,-3.321908598935365,-2.076259479426888,-1.4232316460732053,-1.7208387706995587,-1.6006912622896672,-1.9711062742087455,-1.6814728565131345,-1.3128582692012993,-1.662462056030529,-1.2718011016429387
-4.46830726396731,-4.4033458415256765,-4.20573322178833,-2.3298043358047456,-2.1664648072349952,-0.8703543734013915,-4.55328010733811,-4.892170764983445,-4.366148104130945,-4.262549651573917,-3.7229018975558783,-2.830503443131874,-3.6056002653778454,-4.003575611348853,-4.2521314878847285,-3.6162040580587935,-5.53150547741357,-3.2765041349469395,-8.310826011935172,-6.548507679849418,-4.821485357618327,-3.784340672817838,-1.194717076616191,-5.513346367513261,-1.7909042284162227,-1.720494141197046,-1.2639285438925454,-1.9132911518750384,-1.292035281808676,-1.546347594563749,-1.3563017511928661,-1.3520256657630063,-1.2634021636652748,-1.3962864947500633
-1.9787568506169755,-2.633902087752368,-3.1466326379702263,-2.5266824111675628,-0.753696254078246,0.07179415015876603,-1.781475887480904,-3.3258161975820903,-4.380781734970353,-4.858538852400777,-5.674011167735592,-2.734095933200999,-2.7904617932796043,-2.701196644653245,-3.0197047360353375,-3.3264535085531888,-3.688121581514303,-3.405923222748741,-3.1400449515520106,-4.157128961075856,-5.731080800457629,-1.4907210257298318,-2.554928128096018,-2.8919872305324255,-1.1300629778015094,-0.8354780207896206,-0.9204425589216307,0.011299927431286346,-0.9032677107126272,-1.1343868502644878,-0.568157925872916,-0.9043128576669645,-1.0404786772995518,-0.5520188879483648
-1.9421215263383056,-1.7087008282675065,-0.4458022085195569,-0.9263799010878155,-0.6776528302608074,1.1205963379750257,2.7626908399246473,-1.5526470782904565,-2.674748265379471,-5.570590883609869,-6.422416806932643,-4.947225892072635,-3.6251087499175405,-2.239036243361546,-1.8128869754677406,-3.909825484279651,-3.1326511089808675,-2.6060303485276792,-5.941231991324586,-1.4666002628384882,-6.880087597745697,-4.703252291312885,-3.298998306290913,-1.178203536051185,-1.5911162010325308,-1.3137365711962015,-0.16182784642783976,-0.315313150758191,-0.4922284330802794,-0.2860877665475282,-0.8799867684599718,-0.23064261190564417,-0.4896416985592892,-0.9902072005858674
-1.385160245119061,-1.4816368438141876,-0.1301015060579224,-0.7251822204481019,0.46255812360502124,1.4661290411948087,3.444034743739246,3.025360318654448,-3.137456535370329,-5.259329580501471,-5.967127809626841,-5.875580547727085,-4.560897357768363,-3.118061600911731,-3.234764574281527,-4.684745956386362,-2.3406774384903493,-1.4414804354791262,-3.016159411086219,-3.0176097374082005,-5.526432623899596,-3.0310454573892622,-1.126926585009325,-0.8257347847134189,-0.3845060278279871,-0.5653539433363831,-0.0710315956911383,-0.5618091240110409,0.12427381404511609,-0.2872702381509288,-0.33793071113607176,0.3013331165694732,0.4883241528909863,-0.9246622626880256
-1.7098274261031619,-0.9938845238525151,0.16178230087885564,2.009355615036102,1.5540284881911695,3.0414114458025354,4.074599525752899,1.1547594083126858,-2.6939963933465845,-5.125861385741947,-4.711391322754388,-3.7216244344347813,-5.742795941290211,-5.435583405938205,-1.6161276292355629,-1.0758197331972745,-0.12361016212880645,-1.1011582022236097,-2.934301424510111,-3.2196988185069966,-2.1317293293785524,-2.5728188881778564,-0.12775340109607486,-0.6214789565626969,-0.08639724850097975,0.2580792081509288,0.429053396265419,-0.05894501390924683,-0.25606202965879155,-0.08835909449775549,0.28749598829672046,-0.159268187739719,-0.3435177243971787,-0.5971260947151511
-1.0334014618661558,-0.6308972725530217,1.2797608190852103,2.6781263114963187,2.471821277120047,3.840987897237679,3.8394539914272725,1.9343143806252168,-2.784853661826753,-2.922698070956478,-3.433741044720667,-1.8933800028318168,-3.408222622613324,-1.8395268513772751,-3.265785685624938,-2.954098331639492,-0.4713868325444888,-2.7144019706550377,-1.5225888834967725,-1.5635844028296078,-0.9000148588591329,-0.9375778607415889,-0.8082397361246324,-0.004292646336157749,0.18850141506048887,0.4987618187594934,1.0527192699693981,0.6036192087661864,0.43965420152490947,0.23192457690008966,-0.19458897626800228,-0.37527527947531786,0.18171196972953613,-0.5279711022125593
0.5916275289025262,1.2437021183312686,0.21868468738951244,2.625933694890056,3.674445446527136,3.097024802168335,4.649690750379787,1.804686446588766,0.03638956864015414,-1.7401731084351495,-2.372673661371343,-1.9382274146828926,-0.2353207219512551,-1.2574006181944766,-1.9593095357479935,0.34551167067019517,-1.51372554701949,0.11528428573610265,1.9246755078278002,2.1091683291614443,-0.15584650780402615,1.655979623512326,-0.4688774150187078,0.5825724616150604,0.3540377652146117,0.6411918674712943,0.6418048491612215,1.2176756930464134,0.9025593007734601,0.05854749721029617,0.4092634037563087,-0.7659955813326983,1.858095707619617,2.5251579387249046
3.5151390235794335,1.593607033604679,1.598324025967776,2.2685588236920307,4.027102458660493,3.9348008673310604,5.022471592860688,2.356050777748314,3.0262977833424225,-0.1963424701840144,-0.7937460705057333,0.049838697128742566,-0.40249623367506077,-3.3943028839835447,0.039088077343138676,-1.4029685119676145,-5.048362934908638,3.745602214108661,1.8588598661417781,-0.6664933481392057,3.140257030435988,3.5644243798804562,2.7440613623648242,0.0010205116864228073,0.862636440571847,1.163248687277499,1.2287146144972385,0.6781688721483199,1.0599674123556422,1.0025978377469884,-0.4210724628628144,1.0354369697554027,3.4373213144477064,3.1167187519170323
2.4299438944286296,2.0250768782352204,2.652139283469484,0.48814001352495345,4.125892780705007,4.252900779511972,5.460650875346093,2.6930586650901884,1.2172584609928958,2.2909829179717236,0.16771804583291944,0.18201730950103953,-6.34047700381562,3.0504437181050728,-1.3239683640692657,-0.2946380300334115,1.7848629450869513,-2.172010131348407,-0.9931253147865486,1.4909016167358429,3.1580040043283835,2.0390940543935194,2.7663290068047184,1.157529015203959,1.008036743170344,1.6415601389912993,1.529490871022423,1.4313951266150926,1.303209372944942,1.0444316396633684,0.3619474212889942,2.1127559356340297,3.26568823210677,4.450590980613338
5.07433933609866,3.5400538618716255,2.9883131500409124,0.7626194104844577,2.620673628236712,5.1743746490201,2.513874029444167,1.8071024639617548,6.170182898649491,-1.4595224165139706,2.6422450170990084,-3.0538871693902787,2.451430008429164,-2.5947287609488088,0.8446797523592708,-2.9517017521182436,0.7538765802253306,-0.12839305530766537,0.8635199971874523,0.7096269256341193,2.442024460828944,1.1308260819018368,4.884031640208988,1.8805134569126476,1.880178608448637,1.4042427391872547,1.8370260038700723,1.3681133709394588,1.8754206809494458,1.4903400764906898,1.2993933643697297,2.783394363008115,3.6807461241660477,4.325046067186747
7.18671630379499,4.687436118148228,3.4712159706023287,0.3453360875381515,2.2481950687708094,2.6995696714897814,1.7512324496706444,2.5996438595542646,1.0392119997366718,2.896807754220606,-1.1777765281892794,0.20729474486953997,-2.577087681846393,3.845504167740896,-0.5077047886209672,0.09353901055405676,-1.032342205313774,1.6036675000898093,1.9733824806590958,0.9248303279236099,3.100896277513136,2.6580449806511544,1.304858009689765,3.1967664928282997,1.05373248782792,0.8241293568456715,0.9961024996013282,1.8073432607455668,2.6111880041426656,2.490468677148623,2.025121510791643,3.163947543498585,4.288494518848381,4.80593561807246
9.058168486551288,4.892923416107479,3.6407673762201105,-0.5348776966577746,1.9275332545922244,0.38964687479821875,-0.6935204692496256,1.239998201391606,-0.017916863927879657,3.1317425163324626,0.7083013491770496,5.276730906020508,-0.9708860507312229,1.0022188794597282,-2.52821066281349,3.4247982345506034,-2.261642036862277,0.15489978103115112,0.4698164418818463,0.8123026842344249,0.7485507196237248,2.379383055231657,2.8241863051335874,1.3997713071156268,1.2387435873678914,0.5215284358547934,1.461375396494113,1.750642182254335,2.756365935098742,3.669903963200174,3.1541556647656934,3.7892831076375746,5.0299724623119095,4.793249848580489
9.58273004460818,5.460469670386045,4.338537935947276,-0.3793663504352703,1.5845460389920658,0.41251038690908765,6.105721916523737,1.0535549227484664,-1.229514621159324,5.230550074300833,5.467849664759228,5.182114736243621,-0.48365059288876355,-1.001079660597247,0.23762222269764988,-0.7995209673891234,-0.4000978851623081,0.5963505553680017,1.2317737602059844,0.9854350419177743,-0.9648327333847535,3.3266575675803782,2.347034846812625,2.496887222543617,1.0194812564373879,1.7376303524249992,1.3277376262381262,1.9182538376405935,2.076065538928206,3.9293863545605183,2.924405108127623,3.4660878270252056,4.37159554868304,4.157061342543046
9.84762031963003,6.962353353744458,4.669336827926466,-0.01695563557992837,0.7238674873526654,0.1387398623510755,1.290054063429281,-0.1026957717435148,1.0543372857253677,3.499724968160195,0.3885037976803129,3.9173757457694727,1.1784504987607183,0.6297434700497668,-0.7421119071677323,2.7635654266505822,-0.4440739913002366,-0.9065529442016355,0.6240702708034525,-0.3611363615592662,0.43454700740034824,-0.25175081296314783,0.6668015753994646,2.416125817654906,1.1692019100023865,1.2958977353504273,1.4489269523168518,1.816726682870694,1.1118613700139526,1.238532017003018,2.5347092183649633,4.097837379085566,4.077443289343124,3.0708450332247677
9.80329661886327,8.019153363856395,4.457925629122065,-0.8112416799139708,0.487650134930953,0.40459831033414767,-0.4702989093126938,-0.563980290967039,0.8381621138362357,1.713391466305437,-1.4961864895230683,2.0988159943915976,-0.7820743865011854,0.9490925598977362,-2.2782913635791595,-0.42725493459634645,0.7386128516305094,-1.3516039441725385,-0.8524686358181193,0.03865233047971187,2.0105852317643698,0.07181631298728934,-0.867334465795117,0.39724613209737736,0.8150609635782728,1.1135233556058668,2.5200451955490073,1.654015146779612,1.0223114456151114,0.3354024729670535,2.806648028636902,3.2738141014733784,2.92632832275903,2.2246150166857888
10.0323269061692,9.381173655392255,5.109843550252872,-0.8599758944674194,-0.2864714012467493,0.6948492590696379,1.7662967332750148,2.7047751495769337,0.37673934515045643,2.7313589701296053,3.984204129215461,4.3546046157989595,-0.603201526603713,-1.7930356178765903,-1.008312025330248,-2.6098132428217453,-1.1806062614446526,-0.5249491565263765,-0.4072818869818864,0.14310204783939173,0.1301993645942701,0.9489351984410771,0.3088377735134186,-1.2894314885226215,0.2806831645133519,1.1869137354426198,2.4231551420917743,1.9777413549018086,1.7161322998906416,0.6566354715973669,1.9993843883145743,2.0871178778883688,1.4365598798550034,1.2809397409588552
9.905884751769433,9.194200719821577,5.041925585726325,-0.9145027953853467,0.5205455387547352,0.9464544743732403,1.222337070011411,0.871164843505498,5.556719573572292,5.462379952828009,1.2368738006461872,-1.3226239335380547,-0.4428882658817069,0.028760809468813993,-0.17796263242565838,-0.2574685458717216,-4.280769894839959,-0.5667663274848235,-0.2827698356709819,-0.20854335498507953,-0.09207832454575338,-0.17912825970921253,0.3249756020551481,0.8531885749789769,-0.5507710292355202,0.05481919438195709,1.6907802749667014,1.2261197749591304,1.0723802077755697,2.4324468081588626,-0.2163337528434787,0.7527907013881457,0.6768885192133881,0.7066327910454345
10.026057947701625,9.438480633737315,5.69986818061801,-0.3594647795378544,-0.4598996140095598,0.5631270861663445,3.3604712874561393,2.832629880067285,-1.1141763796492694,4.466002697039457,3.765095634023298,0.7690013222876434,0.27999763788973775,-0.7742750971218666,-1.731021324019545,0.07291071940290475,-0.37806080678267723,-0.7287824293682372,-0.6953220207920647,-0.11652762930054748,-0.48047057198175835,0.7067038180906973,0.30323280870340424,-0.35498845928771894,0.4903765240802775,0.9426786282921163,1.2483811831042053,1.171939091602885,0.8476812719439025,1.2760966110348295,0.9212908708504518,-0.5271814871174317,0.011407391178110406,0.1568315495938995
10.676313710657174,9.456118409920295,6.3297801570363985,1.0233172616744388,-0.35279810605674733,-0.1445129056639129,-0.658450816549444,4.9960050451997935,6.498304138007467,2.43873901050813,2.9200872043645107,2.7368996433144304,-0.23024101045195758,3.6456964187968275,-0.8210469883039779,-0.8241795624515821,0.004089107612421984,-1.1315668205841591,-0.56021395036043,-0.4306222511220834,-0.2411000574582717,-0.09890313240193495,0.3935225772127852,0.6107379585117306,0.26271033774506225,0.7346899300804807,0.4263373724414269,0.8877909683588073,0.7460875446925114,0.7153937651765299,0.25899859477073023,0.2727950232676456,-0.17128103689964708,0.39447115203973443
11.361120126355507,9.958365724930722,7.070593457938961,2.1853848180416415,-1.1056661161731132,-0.48904215980125376,0.7292005013602697,0.7329859607211825,4.615854145619249,2.5904911533556043,2.26379278410979,2.590696597821205,1.9600762079407017,-0.1067627320387066,0.29111273319088393,-0.10753498473033639,0.1266018949877505,-0.9434914232275238,-0.23687060656533332,-0.42603888572902,-0.9953136980622974,0.08502302101218435,0.136372843258987,0.510865858221715,1.1375649636434397,0.314066064310923,0.3032455193410171,1.1410466230768208,1.302760404262499,0.007987254529282799,0.07896385915165585,-0.11720539704582773,0.05332406371521858,1.3552474167363224
11.374994613916249,9.844858666234689,7.787170108712953,3.727590221610208,-2.016804175056968,0.17479178636099932,-0.717919160377406,0.04587396112911634,4.330003956452884,-0.3119418432112396,1.813063445708716,1.3904776850459053,-0.4007563440976296,0.9281997367382931,-2.837947832607293,-0.9437906662276699,0.3219763299292516,-0.7050057174343894,-0.28929091050752626,-1.0833029938256589,-0.35835702533828206,-0.8444252081647041,0.5736644676414915,0.3593613618542572,0.1385510966815031,0.8440419585251382,-0.47599083241662704,1.613290324947649,1.4939814788743253,0.3249523021105156,-0.36122536073236955,-0.1814114791732967,-0.1078511541996795,1.1315455150410556
9.975244428393289,9.241971176048644,7.484499783960178,4.0681104898849565,-1.364042819180449,0.13071139325918057,-0.887096139330185,2.484047968144764,6.40774447220289,3.9273590613342186,-0.8771349163111009,-0.40226158197402606,1.0060993801628422,0.59487484221494,1.3297497258657673,-1.7162258581393945,0.792756120720475,-0.23157241569125528,-0.23934358574226008,-0.5127323809648573,-0.2293251581477348,-0.3006089479195794,0.4475326356460684,0.9770703857852788,0.09061009477041457,0.9497218855674222,0.8442185438058292,2.228020889671496,1.217307896816914,0.02421434872539015,-0.1788984290642492,0.018677415131061584,0.4384388178427134,0.7344943081339363
9.741973206427222,8.81729440477161,7.472439700084452,4.446021991146751,-0.4073873683662413,0.3680712887470096,0.14785984546498174,0.9978780377460535,2.5294069786902047,-1.9827594913033468,-0.2103814750112986,0.07167169213636179,0.534159728654417,0.07401052968345985,1.8202271965065764,0.7359494830427993,0.9398282953813654,0.11018905662289627,0.02916693765235276,-0.6467301149621314,0.2480678469109582,-0.7630860254134925,-0.6563040223767439,0.1523157845661748,0.6474397561534223,1.1402408100944035,0.8419478889965099,1.1726724219983538,0.9959027206959932,-0.047588136903821084,-0.23387435559446834,0.59229533316015,1.623681730103235,1.4994070450371286
9.67556779915192,9.025372664299011,8.360907789172312,5.027564650639181,1.2020166571249071,0.2250960421097411,-1.2583515163944008,2.3079462188823223,3.436142508266135,-1.0020315171716065,1.5703953257958956,-0.6008944450274224,0.6352392937585565,0.7426926240374823,2.5330330535055783,0.47964322340552445,-0.9859135082430777,0.3420408220228016,0.5662689589893573,0.2226652312698898,-0.7632888917925381,-1.8917350943370865,-0.0900358865695582,0.3043015254050958,0.9308183952087314,1.1292510412832155,2.1202274107878694,1.5984728367227883,1.0758051094346017,0.4225484258269625,0.8677698801473491,2.518124115555481,2.8016849339406833,2.8498793791054595
