script/wind150m.json
{"header": {"parameterCategory": 2, "parameterNumber": 2, "lo1": 3.000054539987559, "la1": 64.9999836372058, "dx": 0.5, "dy": 0.25, "nx": 34, "ny": 52, "refTime": "2025-11-30T02:00:00.000Z"}, "data":
[rows 0 to 23 of 52, columns 0 to 33 of 34]
9.269141093059728,10.419107306382859,11.833383384814548,11.605179286044267,11.984315515175979,12.783660962195048,11.498486895803737,12.644043032730275,12.304022323627455,12.283769226899079,12.478635873758078,12.995254168333995,13.31051030150912,13.297011020092826,13.449705052724873,13.670170189144873,11.074003405871718,9.491552285666138,11.524408803756552,8.646588484800452,11.401562329568527,10.491774719437977,10.949293017636924,11.674320995137037,13.177971879761719,8.866629970256248,7.745042665881774,10.435454984045313,11.226953313235194,9.42090072137369,9.987691904677655,9.172041367507816,7.416757555119797,7.0227449142426
9.315740483281939,9.747008035916242,9.759701529879585,10.486788947228472,9.904450887861492,10.3182433339543,10.564656117482846,10.916448443692099,11.077969556239116,11.972332627208083,11.659410460661165,12.205519529458334,12.394006050995978,12.260414391463906,13.285489829005632,12.952621400947752,12.933187743871168,9.6786940168975,7.333032682626436,11.104641521339827,8.856528264777033,8.897259452779323,8.476621746910704,13.191938461777267,10.218488625321232,10.162829993136747,10.689532548804138,9.424743802430813,9.888578728401095,10.480565832446365,10.143558981708573,11.055512898697966,9.707971281328916,8.366145678033401
9.469363889130245,9.287604763364142,9.423670699219366,9.155224524626483,9.393535916833283,9.863904005240451,10.340832590365984,10.460934869000358,9.751959543022252,11.428620704860256,11.534358406331675,11.463045632978693,11.415948336399302,11.69862342549585,12.120985589447777,10.40912747281402,11.992578373574798,6.479981344468329,5.469568672851649,8.14836957811436,9.652203783297429,9.003254398589968,9.105979191946053,12.220112485855477,10.911363594077232,7.681660389422289,7.1945556237874815,8.369672951094827,9.428273032089793,10.411627123948504,10.929951373718552,10.472999472947349,9.512727549858965,9.363720446602969
8.023759322995557,8.07486095481921,8.349240182367373,8.640900138336782,8.495757561635372,8.742339079732321,8.828353578207098,9.384614180402432,9.385874667245103,10.625897218725816,10.54625539232912,10.485043696580705,10.475856075442074,10.856141915041247,10.858380837606985,11.065110653071807,8.148785643894719,8.390894322974574,10.166873853697254,7.8396100283906085,9.705302609314197,10.73980291389537,11.387093163008286,12.383137658717441,8.091885207260276,8.905709350725175,9.396073199540757,9.969058386935554,9.535292992945324,8.930455050304673,10.160492681235638,11.150132364043781,10.868747742048877,10.125073220483225
7.613118850250486,7.672501279424264,7.513003484189143,7.591475931440039,7.765119100122892,8.097520131238511,7.774448291254635,8.702258852940428,9.013995809336814,9.091477803372346,9.525798255178573,9.72177656894557,9.206782355137745,9.821749121967798,8.033648577623039,7.565995222495857,9.165257833621823,5.350172034870161,6.816250736621074,11.21186717402028,9.178970873680784,13.887596417351014,8.980057115518312,10.863321541660815,9.524449749981269,7.592687131175726,9.645773322159865,8.868744092467733,10.245155952105135,9.355568296162042,10.546179413712256,9.770805906296053,10.420965834632879,10.737744090172292
6.935982560364901,6.537012268045712,6.710036698733156,6.608040988122283,6.615303501154664,6.715030841119366,6.79221550963143,7.008630542753066,7.309543703356478,7.972498555181198,8.201691597581013,6.547934073199996,5.031246635441293,9.448880933831326,6.429991023560142,8.797976409701748,4.737157194153688,6.9539963131361935,9.635329276337176,6.583709501674455,6.778925642450786,10.139508846340908,10.204804658032744,9.938429680515206,8.780099749878154,8.416668742117954,9.445710536779192,8.828976162711722,7.944605744512676,10.714002077014703,9.449645513589227,7.319780435895015,7.815662034922171,8.552363725917
5.5325458472007645,5.557275631625406,5.4493171620041405,5.103279679931647,4.9129428494429055,5.107291160921796,5.163643430255013,3.2523305900810695,7.095913343392702,6.72085235253623,7.165056160761539,6.597474529140832,4.588330727707889,6.770022958564512,6.369341264294678,6.548772966800342,5.4425201970527,7.614593318003782,10.95847650999244,7.5103810714590535,7.8722629628132585,7.969604280585084,8.617292555762177,7.742778603767049,11.80559425805154,6.770275092648862,8.241201789602767,8.071175054549146,9.144352657460363,9.612228805073888,9.204805938874102,9.50815205463636,9.400987454450394,7.936713314676483
4.161140685065324,4.262594561793967,3.148514409038462,2.9753971755679753,3.8365879554511446,6.398723541463497,4.970691482686731,3.577178977031326,2.659172886863146,6.109275089390799,6.583730649295049,2.6099886689329113,3.8985837448107623,5.960037436861585,3.9721683256916784,6.010131607661242,4.752956269443269,7.789397968804094,9.412376794005102,5.984100029074203,8.156049301536314,6.222432960745347,7.571559823436176,7.209532639252685,7.458218127171679,7.459748858105441,8.523633631989671,11.465403492270644,9.36504803550258,10.32440675198259,11.641263995232613,9.885180622043132,10.364481099236093,11.186462012358621
2.7729559450484884,1.9806806178948317,0.5683572732228758,2.1468325861829975,3.6094146434164496,2.8680588359802366,3.1167908835788976,4.023366236471038,4.178659404114631,4.269162944003511,2.962329662339642,2.1871221044227136,5.309086435975306,5.5991952299185215,5.4976365441714075,3.49534735156873,6.227179708943674,7.570748479102195,5.607114914018806,8.724640828298698,6.950147954388387,6.565546519397163,3.526197854338017,4.7346061189411826,8.954913562566604,9.587620695507168,11.040944736443523,9.57793983524412,10.993071359305066,9.87566032614855,11.739198187621785,10.650507013479714,10.004466663524532,10.477704426623914
1.586545175997574,0.2651478398203426,2.713592747719076,1.7032838214251755,1.5867775703882767,1.793409609819845,2.1146739005442834,2.385306912970324,2.0922603672751636,0.5682152979797128,0.27876192120623977,-0.22091436870104475,4.712581461775417,5.175208592486458,2.131541764669905,4.181577806613573,3.8494743880779003,5.442486465784264,5.382648222236158,5.967945498148745,7.334247251127523,9.883132175894575,5.93550000959822,10.773042598969408,8.73532171010101,10.924481403123012,10.479691422954389,10.981019545156123,6.922999208191885,6.190211699186936,6.046237518385314,8.265016210968527,10.466249686382788,10.119723124367836
0.32060265320110826,0.5207259292619272,0.2557611930122284,-0.09164989980835729,0.5827224706393125,0.20299277844080738,-0.3354402941940112,-0.9801201443923641,0.9398346813727543,0.11213746177512948,2.5598749434257226,1.0722428472851728,2.4002861672712132,3.2197627351974827,5.083321179751463,2.342495379807395,1.6624287159121427,4.433106309273841,5.899081618981413,6.405111643527277,6.914413142132374,6.011578060169633,10.669800485294378,7.395809894450554,8.873598115237014,6.881959386617469,3.7366579092893892,8.034434039873306,8.997956590925295,6.8031852097493095,10.6388011541068,9.7654806071549,10.299242852144989,9.333805071917627
-0.6838514255319098,-0.6036388546882174,-0.5925774376946324,-0.8250132588647865,-1.4985510928882366,-1.4105344418889811,-3.601354887563111,-2.1228079714254173,0.2409296948373743,-0.7290259618276265,0.28155193975405585,0.7245773953973226,0.48492391951851815,3.8313512111826906,3.7671285512537533,-0.7119239170097096,1.6747294812447175,6.514500234369219,2.792043375087856,5.358445992608345,6.815080525332731,7.5270937109140155,2.155699323156924,10.08073079465228,8.66785888789186,7.020398650285585,8.172059370374004,9.733074691769046,9.59181329841382,10.935954006598623,10.923355887732148,9.163082448341667,9.361109031951047,10.155027316259478
-1.5241783407008882,-1.5551826082698281,-2.094365205176301,-2.6038366450460226,-4.222723592014606,-3.5230879961368733,-0.3188718311256233,-0.2855427282957176,0.942749953012429,0.8688695752560907,2.7682557938453454,1.7491939246400927,1.9138925692409097,3.3145281600868444,0.8247146363179007,3.462661518700167,0.8121229212467693,0.9133577682606975,3.0573800329400087,2.6692261498482623,5.39835478932682,6.197909644321317,6.741544428365086,4.597651333689301,8.16980052287394,4.976835705924611,4.029758062212722,7.434733558856332,7.060626554199364,11.684189561364255,7.579077328042855,8.160130813401077,8.20417817375753,9.789546206234544
-2.6145668110621703,-2.8122172684642575,-3.1911822656100344,-4.578572455506777,-5.995950020182068,-4.854360456902806,-4.478578836846514,-0.6083216759265917,-0.304900545135762,-3.5506964513007278,-0.7527850643872885,-0.42889214453090335,1.3089797328735704,0.47925395860115333,4.151152736263222,-1.988025533245829,0.19823221316449252,0.37035142500302065,-0.3133006887776822,1.2548673563438844,1.6282649375639273,3.163635672548091,4.722299327279169,5.035601710836787,6.229433839222207,5.9435134222986,6.991466656884274,8.61586551690908,11.235931665988167,7.2003104630635715,6.614888672957675,7.61657537949839,8.053360197852797,9.09920507378666
-3.5675861270706144,-3.6991454914711266,-4.412658286586597,-5.787941815405271,-5.38473733587362,-7.104573489731037,-5.103119968402185,-0.6380187832903426,-0.508958633396789,-2.4673180804341905,-1.7450140719597944,-2.6323388090655295,-2.6477432337638547,-0.32360488595628134,1.3343871014290796,0.4455610642528145,0.0015434235851578047,1.8975451977670434,-1.3539362728207027,0.6798264757169609,0.7752444635027846,1.131156822505875,3.257085482110706,3.6409378762653173,4.528729420740737,3.9398291070828133,4.177544098953278,5.671855979015741,7.482441504821802,5.165035115213206,6.029512226200509,7.235686160722989,7.684140208795081,8.703681139338924
-4.833743345549484,-4.901541757684171,-6.322101147041826,-4.6625781548938905,-3.9271836067892303,-6.720393273122502,-4.362587171586506,0.5408941861992064,-1.8491889699392519,-1.5291730392745448,-1.670818330580162,-1.1573343347499108,0.5407405060209257,-3.5349855857464028,1.2760176779838366,-0.15177093400562527,-1.229515759354733,-0.8950559453037128,-0.7995813555887222,-1.3741135243194469,-0.4566225012161958,1.6621545890296143,2.7271012727148256,2.10892875959061,4.42658485701669,5.364926075830351,6.284595320784708,7.541087245124216,7.807853112877651,7.409918938856997,7.398185348935379,8.533393361046945,9.0704443665221,9.132812732174834
-5.762757313890066,-5.38104084727717,-6.383544467508357,-4.55486569311208,-3.5240824271214066,-4.9667011738962685,-6.042359739105631,-1.1759784441531511,0.7891522148502403,-3.617066949944307,-3.5248989597228286,-1.8845075008055447,-0.09993664102216354,-0.5834624173948108,-0.4493509840588766,0.5039370846714848,-3.096433137590835,-1.00265865223218,-1.7231728978235894,-1.3377384798521028,-1.4958392620595369,0.4444869325813268,1.089770577198482,0.5503007450460041,3.256941634861454,4.0926909264644,3.459593080479343,6.863964333402828,5.950621022856226,6.8271825621452535,7.5744556219494905,8.365124764763358,9.089284940316375,9.376934572497769
-6.579895954695947,-6.72657734050936,-5.676871217104352,-4.31833304873837,-2.7215818538797545,-5.530033329826654,-7.576482546521295,-2.57503877278528,-5.922493295162012,-4.387848795727693,-1.037577696995868,-2.0699741327180528,-3.2024415105303228,-1.9792164849629859,-2.332050302608547,-1.617267550543505,-0.3978666819181803,-1.384645006624295,-2.6998460833224756,-2.6508683266909574,-3.006050266312779,0.22577235230995757,-1.0710745783482192,-1.0198733317878204,0.6660608206517771,2.647865451332687,3.8016794201726603,6.27526058877453,6.7108666573579105,8.159308080530147,8.052389926559263,8.946078608293385,9.222816466764831,9.601489523627597
-6.997147959020328,-6.719559684723501,-4.921525661538957,-3.819391277996161,-2.6358146851096356,-6.999651475544175,-6.979546573078216,-3.2837238118351224,-7.0886387770288515,-7.302238349485425,-5.16709638600694,-2.4983152048764703,-2.6666235868725656,-4.177644039428444,0.7374445401993069,-6.240330811054289,-2.8367166543440807,-2.7820454111985797,-0.5396193037984433,-3.3028858036771522,-1.58133019322766,-1.1693866919094484,1.6721643601915648,1.9374457719783074,2.576445066414449,3.647211995679423,4.643429930909661,6.6598674467031085,7.576626717513514,7.821150164434009,9.03109720320109,8.52502489649953,8.902271093811077,9.511927420948588
-6.681743254043108,-6.2888583658161545,-5.073311072595645,-3.991891400624731,-2.6792645113389266,-5.048281977637304,-2.464807787546133,-4.523366449247721,-9.006670512052755,-8.48824921090565,-6.3144787098843445,-5.378222294150284,-0.48621081503547287,-3.2329325009432686,-3.6510074694970838,-6.8317728557537505,-2.961015287293985,-4.967853730391414,-1.984410764515693,-4.536880468544112,-1.6854712369969624,-0.6749529450250599,0.18883284708015022,1.7932917150347383,3.342759099223209,3.9657289768293342,5.725307173754239,6.88065658768242,7.834967444698217,9.099418591716702,9.527427236465781,9.822995550746812,8.832987298183744,7.727267118450697
-7.378122027796828,-6.264643849056556,-4.771750410648594,-4.025829625543623,-2.5818203820337025,-3.5162937432498707,-2.937800659888291,1.5518064204090978,-10.09898709399846,-5.802757442402137,-6.864074624866399,-4.3726881723007525,-5.148935588609085,-1.946203688092727,-2.4279187146306644,-5.930072298769028,-4.465513003177173,-5.507653170164661,-3.7513961882174276,-3.2427907279645254,-1.4427550433932723,-0.33195612794399965,-0.01902438649418833,0.9817319666554808,2.3445356026250574,3.2169743108631192,4.604877952619815,5.897328370428411,6.900375756937889,8.673418327209506,8.71894565343657,7.6425028775019905,7.344875232200888,7.302088479100251
-7.6138826282556495,-6.69471203588643,-6.1323314538910045,-5.136793948745441,-3.084408727462251,-3.1939583179843662,-8.01090200306763,-9.933476274150278,-11.449711325619084,-1.599754711881119,-3.611483228897708,-5.820796347866386,0.7122123423338201,-1.6923407656717189,-1.9349203639495176,-1.9282197373974521,-5.872333396610415,-4.434436712930305,-2.884690651067646,-1.8377931237229268,-1.0327171046463548,-0.29157627132854674,0.928967949884163,1.0946462502641792,1.444587727444581,1.9678120541966244,3.829177610710934,5.2060377626996805,5.153502606530292,6.727165099218869,6.359467890215722,7.182175635509127,8.704037897194953,9.207018510844655
-8.443774095265525,-7.55263071030528,-6.377911305157427,-5.728330970886425,-4.562979838843847,-3.04580827617509,-8.414017070529063,-4.8934607329333595,-8.297051300706823,-10.556064621463946,-2.5603304107606992,-6.1654681250697,-3.267135932070882,-4.174282318678893,-4.256446860446117,-3.4192982918142882,-5.965373432073575,-5.486886549410221,-4.242958247692681,-3.5444696907519506,-3.033694811374381,-2.142865008689704,-0.14461500020072637,0.6780770809991091,2.4735119031462047,2.46210297231976,4.461536987413946,4.896753088901916,5.1303135215634486,5.0364471904879125,6.332530695154196,6.45072453282497,7.980991252928008,10.068849030316684
-8.04605446989516,-7.981204639379167,-7.576937072449615,-7.5733905233964345,-6.210766988048601,-5.063887271549361,-5.590173390460704,-10.849960160929562,-11.82163765181849,-6.96454848558646,-1.7615333766001622,-2.4868660601619896,-3.216564111774733,-4.0836189890223755,-6.134388870244402,-4.2517180862969814,-7.379814784890269,-7.46452811751213,-6.949670003785127,-4.714420434743605,-4.917418577813065,-1.6111411255663202,-0.28427401784789164,0.7522403936694871,1.9320149386079395,3.7153022539488694,3.3280099721889806,4.470002677443258,6.878568411963751,7.120298786608271,6.526634714659524,6.9624747450998905,7.767672900312433,8.499000670585287
