script/wind100m.json
{"header": {"parameterCategory": 2, "parameterNumber": 3, "lo1": 6.000198445256149, "la1": 58.999992894266676, "dx": 0.5, "dy": 0.25, "nx": 22, "ny": 24, "refTime": "2024-04-15T10:00:00.000Z"}, "data":
[rows 0 to 23 of 24, columns 0 to 21 of 22]
3.7531052604341983,0.6419767485254102,5.779389646995343,11.35546852962131,10.824107799222364,3.3198837155371037,13.966751469469129,0.9809141499058568,4.634965220383425,1.3519784746182228,1.2527246784582402,-1.608688551812026,0.3024810226280985,1.3873246889589492,0.3407017702051424,-0.8391046553964222,0.08843782130886406,-0.5881733582094367,4.097447373296362,-0.9789336076102029,3.2375931414770425,6.258497203629484
8.219655545643432,6.102340157461202,-0.671621440444959,3.8267433780207876,7.368888450755648,11.963416853353907,11.460963156597543,6.899364083793583,13.768765160977315,13.34912741239565,5.747027247614514,8.310609414202007,1.3633848000174678,6.578677746413683,1.2404831249822055,12.994729496739058,6.172816167343815,0.7716816295097464,10.391394964546917,-0.9808425684592322,8.722973663833033,3.5533740629286754
-2.3538219709778745,1.1369990225117,14.704213741041483,3.3275902528474517,3.7876703287677036,4.878982671654652,-1.0066853285838082,2.1949292327402565,-0.1813764254173175,4.951199885528493,2.0457824345385207,5.032488447402388,1.5025778139074835,0.8777277899842066,3.090164160738463,1.0128362139953597,4.892632005452266,1.027276841436797,1.2168637579022672,2.3227196301813833,8.783549643455872,0.23896478341234903
8.625660369260794,1.2148166182092313,7.663171454956171,0.26599837428269285,1.4481032744087654,9.703751583875606,5.768695643423258,4.925664303004624,4.878656635463481,10.561378967129933,9.872910352178284,8.199541762349519,14.215407885163668,9.854006710960167,1.026244667335601,0.7651466832504947,7.832285516823883,2.3636585442774374,3.02276545544898,2.6081935411929718,1.1570333686704661,8.095518569506638
3.566061414271718,2.9660017021057516,-1.6251134198828374,2.954314549891878,12.57848054158652,6.153096448452774,3.170159151844451,-1.7032416031055193,6.247754937262269,1.3112733529748952,1.4377334865448448,2.1262314049618167,11.506167815862703,3.0526081759746613,1.548161845461229,13.886494661192051,4.602381170986267,5.271066141096024,1.5290746520210348,2.2004827795268196,13.386845665905984,8.118465430936476
2.635934180045027,7.883676803928765,13.621443460672582,8.286986173601644,7.122333997763599,9.018733509817418,1.5948211943810313,1.6634218651729278,0.5873854576068455,4.76223088254821,6.2184031826911745,0.9514558647310176,4.866257467057709,5.87859937048467,0.7774594329109319,9.209034698709079,-0.0856436926472273,1.833573739022303,5.074819988249449,6.971235561790322,7.54189066709366,5.9018746844568595
1.5679269157780977,3.019863486799907,2.3879464963330017,13.017557327359544,5.289282201252229,1.9685184976432515,8.403826381293275,9.067218230535394,3.499542917718122,0.26308406815437785,7.624124644586251,3.02413480554494,2.1718728314032956,5.117089498978013,5.001525182284739,4.745990067129118,0.5643549426329978,6.537836437330807,12.885800636772148,1.2323392725836533,7.8656578038664815,2.2258124992237778
1.3721556410253462,1.436223312700429,6.250010464391599,6.704110771823726,8.780409033285746,0.019709481207278647,13.372688287803948,-0.22644567737031612,4.92880346714662,-0.38319194045772337,1.575029594457621,6.185758002427465,9.064167343678957,-1.1408597445649657,0.8530351420678025,2.3638919258275575,4.726552463052224,4.896576314523592,13.851030583315005,4.1779520349926464,13.849414374748292,0.5926234200741176
2.604285213085672,1.7686713084799683,2.6773825393074326,13.447516735408454,1.5834611304803772,7.2251797012186545,1.3595718436896504,-1.1079116929535835,6.200400588281343,1.6558542126737565,7.610351030807522,-0.6997735355713485,5.79646089385184,7.570200506221751,2.9429708384616435,0.7278046819884506,4.610639148862718,2.482974749845573,0.6747404580518491,6.424154474850425,5.064456496555946,6.780651029689802
-0.8486386880736188,12.37994702318942,15.403147088450106,3.2915140300451324,8.770470978909238,0.024629125416795256,0.6703127758042079,5.780531181499484,1.6158248295652946,12.346623664550204,3.0849274018561443,10.077972384784085,1.4002766351240152,6.19636400075037,13.432719062407001,14.481173095529103,5.427529351807493,-0.994705778865279,4.606229008427526,1.6710941592794828,8.62204224217256,5.855805638896972
7.401791060167778,5.885147196938581,5.939978293701133,-0.9724186104842554,0.10672065662197844,2.788060186551887,13.778933724437268,7.100044862789729,5.239816847330681,10.447869282880259,-1.3253767444341773,0.17021854717254148,-1.7484406334370777,7.768483461129437,-0.16708738377806398,6.603157517967409,13.713697507675407,6.7306576544449355,4.807960070975225,0.41292811589271294,1.261252498845459,2.4627722223761093
4.684210289407824,3.4388444100517233,6.690830178223354,3.71848012679912,13.834418598867959,5.356273971004157,5.296360984199729,7.192905815149723,2.4010474087006926,2.5464168957380204,-2.9549248941689106,0.0036295835172221527,4.978617316133174,3.8097407821762475,0.8817772493346604,0.2418830201525446,3.2533005552594814,6.067652593037081,6.326909392138606,2.29811434137913,2.3671687336025573,10.070852343907005
1.4212311791673882,14.558765770341227,10.900589886979962,2.63695272986118,8.496299628537544,1.3386193220957123,1.0603772826880877,2.7281151085948996,-0.5724992098056707,3.154908713755167,4.489441125684838,9.840982736604682,6.419079180163077,5.066395093135961,2.5016984547029844,7.002410830940962,-1.5696934491454266,0.002697877977594795,4.800193798268647,3.663772479700797,14.243694803466234,2.529857688100416
2.459471882363797,1.53073506106522,-0.6478232790931393,4.525596023073314,2.334001838422804,7.38499221276424,10.684732809578774,2.349105751442006,2.5596945307547894,0.6592860337415399,0.5007945358576511,4.755187282166244,13.447024950148737,2.658271618104552,3.8510681367722546,13.794855381445686,-0.5294362195778075,0.72301447390393,5.849587378786673,-0.3482564241094994,8.883383026934169,5.920990339548621
1.8606722154950153,-1.2380233696874379,10.240094089237079,5.702699516832603,-0.6597635929663072,5.496357529078644,2.418062096726726,3.4551580001885394,13.826818267303763,5.037455976156907,-2.959101235380666,-0.07120368525546554,3.1090462097163667,5.644953881294175,3.7808827892365713,6.438473537924838,1.5635867767295992,3.093178526137603,3.3047960990698955,-1.8589765058826242,3.9687975401414324,13.083865096460466
0.0190890101189026,13.287478229924384,5.604407750989539,1.1387721081850928,4.94116729712788,8.878501884457892,-0.5193525257479844,-0.2512233692972444,1.7061233324921832,5.753354188143106,13.070852263391206,7.109442244499233,2.465532087479585,-0.2176181113621151,2.5591695710341362,14.02094845203044,7.319408759850718,4.20845303169917,13.504464044415844,2.675469814186829,6.8454861347897475,4.398042027230054
1.6809285272445278,10.727450718150289,10.985696508505487,-0.7392474549507729,3.7885855350556232,5.733519762728556,6.136768135251243,6.119252735956027,10.52342090826273,6.258634974788635,-0.06075942951585924,10.254399768923411,10.72745703438185,14.640329559650901,4.024504230257287,0.2992989962480655,7.3207099326914085,5.137341127183602,11.303644898739774,1.9479973604931056,-1.4584163990823724,12.67926546096034
3.3837308554256986,6.514744321166441,3.116471036286151,14.577009547116393,5.126929005330636,0.8512421492018096,5.880434025523161,2.3817988093796147,-1.1651035664817901,1.116078927421336,3.952327543620436,4.864142317446433,4.287612932494279,4.112976994295292,4.358534576792681,4.1726380382890556,2.3904749658011863,-1.5662700868647423,4.610000841443254,9.969341762649071,6.811781016638888,0.027561907895390772
8.80612529734905,12.40285713560332,7.660782324930636,6.542124853559579,2.7768805915615133,9.412163398555473,3.898287689572522,10.880677058652191,-0.05200499865554962,1.2301130051884477,2.7033644398535714,13.437368684619017,0.0006248221301495317,0.6693924985040778,6.530834530473358,-1.5221305337580397,0.918284963260318,5.867918310641431,-1.1408621404679473,14.662242591288264,6.41995496655029,6.737237340802553
7.2736999348946645,8.016164906616863,2.192856212454323,8.828781138368441,4.693604551954163,0.900123685240237,6.427982338433966,8.496609030620476,6.321342420710436,13.349773105339574,13.726074411795611,5.298766146089905,0.46802054457870756,0.9475392992534601,1.9135068726733073,3.59020483401278,4.455783231942225,1.707588136699611,13.72881465097195,8.300937708550498,11.375259415472392,3.462843303009335
-0.06543653763574167,2.1409349051681366,9.731717093669692,8.175570245129395,1.956325761689376,1.7699150116777664,2.4532802582624873,2.08012486157694,8.12623143775353,1.4135542826260152,2.7686093340604634,1.3802544328882154,4.644458731033987,2.648096073916223,10.313297453118256,-0.05579371449810677,0.4963228773994866,2.953511309152459,8.390143049648708,0.9747174829739941,11.644900578324922,8.897514887062588
0.9021954249559095,10.428821132923057,5.705982006031277,1.4022792634534154,6.690871956313106,3.6613424169404913,5.005469560071142,8.752942754368144,0.49984715198028185,-1.6373585996650077,6.212738276867558,2.562469060857828,0.6169415754781453,5.444498394749925,-0.14734467101336812,6.952747004460886,3.545727345389504,-0.6126904236790195,8.00236327444166,0.8534916816327127,1.7295169888151887,13.373820017297025
1.1262930405782712,-0.009715157747643022,1.18976612825834,9.16316591308549,0.47547738707045956,-0.2382785885561493,0.8833689965678172,1.3612078182004375,6.702211257678269,1.0798501169911632,4.984325512191913,2.0346629603587996,4.5373046402995065,-0.7192205930328419,2.578416006763407,13.422880996915834,13.183009504498433,7.201488333990057,-0.9890151408641176,2.650829566301257,-0.4877551485563546,0.7690324320321509
7.947333371325762,5.86054988471951,3.4215797079386734,6.229985191905897,-2.043532738598045,3.7232696246156,2.1036143975635175,-3.7312477783254248,2.4677532691260398,6.158744029501444,2.7584303823797236,1.0298527688326833,2.726656944124086,3.98750964457883,7.215335081878043,1.1315299835177126,11.195971300049818,2.084227630911368,13.461279476720298,10.645749407189975,5.811753815427941,5.495183881884846
