script/wind50m.json
{"header": {"parameterCategory": 2, "parameterNumber": 2, "lo1": 3.000054539987559, "la1": 64.9999836372058, "dx": 0.5, "dy": 0.25, "nx": 34, "ny": 52, "refTime": "2025-11-24T22:00:00.000Z"}, "data":
[rows 0 to 23 of 52, columns 0 to 33 of 34]
3.7563592141801014,3.705707458141643,3.7264373746381896,4.199245411253108,4.610804180144946,4.682549143151479,5.214099113934,4.349107575139079,4.783394016191113,4.383737958292588,3.744659793153263,5.186505143648118,5.141333364128993,5.186633165013309,2.1920820804654255,1.0837421169987684,0.570691480947092,0.005475446875874987,-1.1490535809954516,1.9226462544219645,0.8126057865548856,-0.7685877239974388,1.6424134532183288,1.3243117723176605,2.17859959335813,2.4650144304096537,1.1626611215269254,3.59935904001534,3.4859547483419298,4.230987405320743,5.191238944624428,4.026669828219249,3.9877608377092373,4.138541051065776
2.280483042524748,2.3589746947081585,1.8388906009342478,3.0326475823071175,5.497571299878506,3.6212962891795604,4.361180033802497,0.04471489109945441,5.1039297382641315,3.6856403988023048,4.701787738956536,3.9637346552504718,2.7729899705374974,1.4484564445663581,0.6081029836420536,0.2763902663630608,-0.7520044658938643,-1.3344972608984007,0.4436098796445089,0.09039116104070136,-0.23611541455777263,0.19696142967669777,-0.6420493726565916,3.8113485887527467,3.2022207212957365,2.2664490815006078,3.757222527831421,1.399461597722819,2.584537249542764,5.57449403639135,4.020179339128931,4.021349319789664,3.112440544396,4.478193967668432
-1.2104897406305186,1.6974223990548898,1.3814820741712117,1.0257067368346307,1.3865178552565678,1.0325576150370945,0.4054889722760387,1.415239225824152,4.100201596282461,4.234793918472562,2.37719128372565,1.577538724312106,0.8420836363701922,0.06635618014001057,-0.3450883891531101,-0.5907523458334693,-0.8997585925273657,-5.431343826494205,-1.9931462560190352,-0.773091509676343,0.4420378393828318,0.7857875378062058,1.1063952944080695,3.3728300531283075,3.888439949956341,0.7232893250521977,0.6578079198797563,3.197278497976164,2.2554229399650056,2.2361970750451574,4.27674699086984,3.1696604998222195,3.701833290822809,3.166916153902277
-0.5184194449175853,-0.24587345777875977,1.7440511895081812,-0.17099805964787423,-0.7422016073073341,-0.9397917838475922,0.04264041475281584,3.9258960731483565,1.7434078763843608,0.9639962381456457,0.35474771221881807,-0.5392691629767121,-0.7964313506101777,-1.0622046999528627,-0.9138846221337296,1.1696863458644617,-0.040509189262401026,-0.34678946725909476,0.8283799704849866,-0.8562437085656821,1.6997995947017788,1.1442067490698211,2.544608846491577,2.877313883745972,1.5831956573464407,2.2094334973980785,4.733483940898485,2.106729985151876,1.8322556321973356,1.2876218871473695,2.4777588157850987,3.9817500428354626,3.4981500092988296,2.3822772057955035
-1.3633313091723835,-1.715933397885024,-2.2894174887749084,-1.2620427270854466,-0.22529836879587783,2.61429108545965,1.6362245402691782,0.18795491170957263,-0.5817614077200948,-1.3361918456328628,-1.6772584066541756,-1.7268888085283112,-1.9052936291443696,-1.0348124794421505,-1.0516357684216153,1.3316283698529046,0.9720539417361932,-2.702038667679476,-1.0452781815480479,0.8330460385327949,0.7299812078638168,4.736479438502334,-0.13172313343400766,1.7336839858603432,2.223540500360429,0.2926166911504583,1.721107185798167,1.4373163432065756,1.741086697414463,2.4630296995793555,3.026835064669581,2.8037058160056074,2.715745300759537,2.332062084451668
-2.778297812069706,-4.318455377567105,0.27488069753310923,1.4868307744104525,0.2318054439009298,-0.6750021578482945,-1.2479238020783985,-1.8467610418508518,-2.497604866928186,-2.6141229395757675,-2.9425508718596634,-1.4292512397126933,-1.8538137393149665,-1.764668829381674,-1.185479297800155,0.9718744868973416,-0.21582115422389078,-0.5890924239154474,2.185257018862618,-1.0128191357179104,-0.4296566975287484,1.0226750790844061,2.1795374875006472,0.7273694038508434,1.6346514974869817,1.4682137365096077,2.0456455354093968,2.9913072820671833,2.37681713908343,1.347830736417789,0.8834292292419361,0.7650264238475113,2.577875371193809,1.90194619283274
-1.9841444528123553,-0.8766228660174923,-1.1513521430488147,-1.4993998537302562,-1.9460080885648263,-2.059924319745627,-2.8808114198902195,-3.364821017346417,-3.6182825635152853,-3.870817159963376,-2.564836852605267,-1.5579013097490388,0.9429940128177553,0.4497268471199799,2.708169359356071,-1.7251453110212407,0.021010701554202694,0.8389554386078644,2.707400934606491,-0.9800136010020031,-0.9941019316772731,-0.5097032521057157,0.07337178326611636,-0.38379357399182845,0.2145104616668861,1.0348217488830647,1.9042839716956208,1.5544092053679546,1.0706739524038833,3.3807304938734224,4.9243380504299505,3.8939526319136406,2.53340548755246,2.0283908298506037
-1.6748747799831831,-1.202312298172992,-2.2270558241127065,-2.962258206139231,-2.861330929762129,-3.6002080921451354,-4.176671474354095,-4.493482835205909,-4.3079826128422125,-5.092152080509559,-2.959545909107673,-1.004426649503282,0.4956487801956492,1.1566970374573378,-0.07071295319283107,1.1832034141676993,0.4652248154407295,2.0665034469042918,3.0560272040813428,0.9315519077935625,0.43330679358112656,0.011922578709771392,0.0068066448889322895,-0.21178557435516127,0.15033826741457873,0.4314288947420853,0.8926173202806675,1.9411344478796704,1.874150257116457,2.372957001226993,2.346688925820375,2.4719116966596046,4.19636623152498,1.9031486448094297
-2.0240833307564285,-3.0551617653994247,-3.493323568914117,-3.6274166788629367,-4.346310490166508,-4.650592033458493,-4.888517244770903,-5.156040590858439,-4.840881164002685,-2.765814525526098,-2.154024755224678,-3.8510829435556038,-3.5075347409446094,-1.5167468980759857,0.8180054476669102,1.4753340916520323,2.217263611088014,2.2891076143025706,-0.18108134024236963,1.7638055352456754,2.5098332834437205,0.37287981247064267,-0.26156679573213426,0.5237470414451492,-0.10106963479843793,0.4488409402918406,1.0161011771874304,1.9129498877717317,1.3234642537824042,3.5026016321946893,2.0067903343148745,2.161030201972472,1.5827319728023737,1.3297311359450175
-3.3904744597917547,-3.849445664092122,-3.9707310062012837,-4.717080799367324,-5.389574884707703,-5.381710066776642,-5.7154729940820985,-6.2462628682693095,-5.5546203463887895,-2.888527214610173,-1.1163242934727622,0.11354366480529866,1.5682069618122472,0.7959354674483269,0.003395213498080686,1.417336093576343,2.4044019161778545,1.5494760550939712,1.4037110181597747,1.5224945007016337,-0.1453385143167052,0.5527583658874009,0.22678593628483182,0.14341612053629832,0.7370225988826927,0.7729918017538892,0.771392205072965,0.6473613878331818,1.106966963554565,1.9444534353721883,2.484639547667879,2.133080140215332,0.509867029022289,0.6822648483680386
-3.8738655846033687,-4.507002243828958,-4.783019362482844,-5.829030131856019,-6.0991016743551345,-7.001485061997973,-4.249024123587732,-2.1273262809567384,-4.431025342319046,-0.44835788423199924,-0.8668632897605275,-0.31269204160998654,2.129843177405194,1.032938201290148,0.8716842789621777,0.37325231391861646,1.7090448543859245,1.8003614157804022,1.1275997437548686,-0.3420170121328541,-0.19523886973224952,-0.7590704427853735,-0.5818645929939135,0.9379513251240613,-0.04244807849526549,0.13278548181508867,1.180408215554081,0.6555337721559004,1.6347610622058562,0.9482216671583996,1.3317290553715357,1.2458276941739952,0.6452910070452381,0.4691868750212181
-4.469565959249832,-4.8975413609165726,-5.322475958504657,-6.9007369873768845,-7.758524091990309,-2.81007708383194,-6.728141837835564,-2.749231088889138,1.5940775985030307,-1.5055217827071594,1.513641333517597,0.9629410970270377,-0.632877979278154,1.247482834294417,1.8779095341389844,0.2872493722141779,-0.2202575700374007,0.4573756299728459,0.16454927103032965,-0.30246642657895406,-0.5727626675098582,0.04777893658268481,-0.07146524080622933,0.28126490603189674,0.4233069705930106,0.16826658914393727,-0.08307225344364941,0.5349252572367431,0.9998469789354261,1.5686425251034344,0.7196174642576965,0.8919005532206782,1.035986239176564,0.7705506240715438
-4.373367120787846,-5.036957627817734,-7.015660979596232,-7.74227803385424,-6.7201562028054465,-2.3996260945611425,0.9029096138205196,-0.8956245179997525,-0.0657641222832451,1.637054851350565,-1.481890760631355,-2.424516964960968,1.419642180853365,-3.4381876692846554,-0.061461414024059136,1.2151690785664648,2.060727855309388,1.6981193242312924,-0.06634688528957808,-1.4602283687935433,-0.42943124244815173,-0.5316520713328128,-0.30157924527012503,0.19649991638112072,0.3492495192476163,0.27731179541036194,0.2159476020874172,-0.061286154142952,0.19192977795358004,1.0479335881728753,0.5916813217244598,0.6787206430771094,0.815170740207456,0.966496739837863
-4.940804448178451,-5.494294242946839,-7.021161608590424,-7.748270083265002,-5.308922356530876,-5.464255129836743,-3.047313985870054,-1.5984710533962172,1.1423490956017817,-4.215008484642126,-2.7414675046702137,-1.1520273334843154,0.8292382903065492,0.2552547849125637,-2.13345472615477,1.6349546540920394,0.7219484898763026,1.5117659882566514,0.6853372889179374,0.8381427786785536,-0.8788586173872865,-2.36759434727421,-0.7008948474080161,-0.5642566800285981,8.425254384965767e-05,-0.41391693632772675,-0.23385811206945117,-1.125496740379784,0.00313902893675516,0.4123610970138176,-0.2016570185557393,0.08132422658252869,0.6309062995577113,1.0296242751758653
-5.401486219374057,-6.5472395026688535,-7.125033615735506,-5.154784147385732,-1.9306826335989495,-2.7650241963119515,-2.748327550795312,2.0219333344473513,0.04618562701871426,-0.9645917653680105,-0.2601962204589534,-2.423311716846701,-0.34055115689668447,-0.8405001863315217,0.6494251683616377,-0.2526839404625493,1.2631824223666501,1.8695683681544721,-0.08730599689188115,0.004274260084291757,0.3184098790241979,-0.9409869359539716,-1.5935192144193995,-0.7484157427575623,0.2414563811597071,-0.2780634441806795,-1.261539751416163,-1.0857687685161206,-0.09208845253444226,-0.4771153440675941,-1.073220712567611,-0.7082266830291759,-0.080595410784104,1.0540723936953322
-5.839846959395814,-6.400667418918367,-6.241173446896162,-3.0847797393237,-2.3882939004249404,-2.9877413048813453,-2.1333468179495143,0.27696309522828716,-0.5614084902022033,-2.338192359979493,-1.8110122801024469,-3.0569135304549158,-0.359604707105757,-0.2920723324164393,1.5327349420387602,-0.640436958264213,1.0345179714293495,1.2318173720866548,1.1417559295909838,0.9581072685254437,0.2529947495031446,-0.48147785904740364,-0.08066812953092489,0.4861900021307582,-0.5800555538728266,-0.05177162935040549,0.5351992732372831,-2.0295773151894934,-0.13964414343543485,-1.2747036030974612,-1.4509088178286103,-0.9852718282508708,-0.6649086548350972,0.8892764745823329
-5.900522857734572,-6.236439064991812,-4.986054650399928,-2.2650138211460686,0.06312883210635405,-1.8742415799131158,-2.531583947253344,-0.6862453419849909,-0.3242625718362358,-0.958822212928004,-1.5372566725481631,-1.1451886864115037,0.7692817080384303,0.7324069762248062,0.5358762509468566,1.3980934949104256,0.40760933434718305,-1.0700117206904844,-0.15135750597321337,-0.6991369615547288,1.1583081366987986,-0.12433713145452832,0.24176206019706484,-0.9040099457869124,-1.2656349228912411,-0.5120587890411594,0.08605416003781771,-0.3901480400665893,0.14487577643999044,-1.2523116249800699,-1.781334411567064,-0.8487063594204267,-0.7196513158951674,-0.10311648375952678
-5.474752702751739,-4.99015863098316,-1.986637289394702,-2.5135871069442803,-1.4951660040875938,-0.1406461834268258,-2.0740197076046747,0.007806313135092986,-3.172415531120401,-0.32228301718033525,0.6053752863617512,-0.8035073954722123,-0.9259487976284665,0.7336654286307092,1.692567484328725,1.1852232763409065,0.774188135702758,0.9211351381817858,0.046849777183438614,-0.5944588661884884,-0.5092168604715314,0.7385407323374987,1.206662432341971,-0.5753575699712781,-0.2603585761286161,-1.376907395421729,-0.8879788494688629,-0.5002920660894731,0.37369498529392986,-1.2475293243311232,-1.712769362767513,-0.7334189503020617,-0.38840450156452705,-0.7379364810946011
-5.286028867639206,-3.424098391075639,-0.9174868062933487,-0.5937996110156726,-4.1832370932766665,-0.8832069928110665,-1.555240805089717,-0.329022423671768,-4.061406673134527,-1.6843178991107108,0.0304799931650214,-0.1958706165853606,0.2230903419461056,-0.9079551352970834,2.253162175004974,-2.2226843478333165,0.7577857420135662,0.8928640689643185,-0.21838958666298186,-0.23477803871041528,0.02513497908388381,1.979392177371208,1.7164067858486416,1.9450791105585403,0.6460969968055444,0.48878587627972203,-1.7545368973857358,0.17718548292060257,0.643283861556977,1.6251257685739424,1.1771208632891246,-0.8275136961460187,-0.49682314795934107,-0.13673576183493277
-3.8556507796930126,-1.2754880937481976,-1.576097776663201,-1.4204140437267427,-1.4003352470233705,-0.8300277976908095,1.3911003104300108,-0.8712236159175161,-3.7853790807913383,-1.3214662753079283,-1.113557901445135,0.36283977953519575,0.5148687483009369,-0.5016386285330904,-0.3042285145705858,-0.24124553768655635,1.434413244069258,-0.43707787932158476,-0.5975591893567128,-0.12973133166992593,-0.35837730409376095,-0.07050345695966603,1.7172729575007604,1.986370431844096,-0.2476723476404441,0.1846677656658716,-0.1840402270285846,-1.8718864959386814,-0.18957398547938717,0.7560272234671404,2.549245515493278,3.561335313462932,5.219874037814824,0.7045437672610577
-2.8991650669359967,0.6614592719070307,-1.2627059858681338,-1.9509920789559825,-2.1330885835540427,-0.06720154977439163,0.07469183558240175,0.5809326612208571,-4.583476654086775,-0.49170976501141506,-2.8214383707572823,-0.6051444303867858,-1.218363577937134,0.12959024260322294,0.2620329209367822,-0.6164967077648,-0.9261196907402841,-1.0831609091748917,-0.6062708861856048,-1.5932780828145696,-0.08793373906443551,-0.2249801744123229,-0.7768740340542513,0.7864897233225582,0.6272619355785607,0.32607908071709185,0.8242572393219497,-0.8675788861405086,0.24754840711718576,1.2040406032761213,2.460915432118296,3.8163168358271577,5.336856538025664,5.19452794646615
-2.929373715285156,-1.5455106345658765,-2.157199246462474,-2.4259513358282883,-2.10312038670335,-1.9132363770718972,-3.800368610922827,-3.862026212999438,-4.049036716697126,0.9456364460178143,1.396771352931791,0.6370960110772949,0.8107373412083408,-0.2156921895198451,0.15530201859405146,-0.47558114110797517,-1.8953130295192344,-1.8877058120799306,-0.6014204649274173,-2.365879897825336,-0.6653268318203996,-1.770835632860752,-1.4883436861788726,-1.4416284488633992,-0.5576020006655762,-0.8977618770535298,-0.6192694327675015,-0.5546741295270208,-0.866288540879564,-2.178967131159171,-0.04603367555678547,2.0727877755591146,3.958533211228167,4.4007829321097915
-3.6375000070458645,-0.36380988436839884,-3.752447986043901,-3.443623270116703,-2.046297633509789,-3.500187733405494,-3.0027734669196846,-4.463030914758176,-2.9174780083946223,-7.737099242361787,1.1735253223889524,-2.2252421035756362,0.47227180687124465,-2.458148212866912,-1.4133685045174957,-2.4450743925322764,-2.2178379271635777,-1.9235953860713113,-1.7611864879383416,-1.621645738815081,-2.8697699456955235,-2.5898592405466023,-1.946571165265019,-2.168867351600209,-0.8409619190520663,-3.3000073338033613,-2.339297059088275,-1.7006997067971281,-1.6993175857602432,-2.541968537661121,-1.9230208974242107,0.22105637528437014,1.8343029730787697,2.244596734302557
-2.5189465372777655,0.1797570483950848,1.0501892616557436,-3.48560125283793,-3.912748712429881,-3.4879167841410883,-1.7028737426557068,-4.340288804985571,-6.125986624066493,-1.0210976572642123,0.2709630073873872,-0.008205610414667773,-1.7006763341357545,-0.9987954470427828,-1.9776617031428656,-4.372225564594869,-2.0244902070515614,-2.8322907522147034,-2.826575051406129,-2.69363797575412,-1.330732268158427,-2.801236121568431,-2.487196058138511,-2.1679739774866764,-1.6745106488698929,-0.8287860130820326,-3.9910306667411923,-3.772961073931992,-2.720410326467372,-1.4997506600120731,-1.8296217459265438,-1.224635239503832,0.6455201999299761,2.1187132645281883
