script/wind250m.json
{"header": {"parameterCategory": 2, "parameterNumber": 3, "lo1": 3.000054539987559, "la1": 64.9999836372058, "dx": 0.5, "dy": 0.25, "nx": 34, "ny": 52, "refTime": "2025-12-20T12:00:00.000Z"}, "data":
[rows 0 to 24 of 52, columns 0 to 33 of 34]
-2.5151827045354613,-2.9028363400804724,-3.7953859529222953,-4.397626956255873,-4.447019397991991,-4.814720898860751,-5.807879924203346,-6.214403512195222,-6.722156884884204,-7.3372588219632835,-8.039589277663763,-9.010924524965155,-9.80681746127173,-10.32697147643662,-10.669507634298096,-11.257687095836593,-11.726984856109345,-12.092445407516903,-12.063357099599719,-14.927189332044609,-13.337228443377777,-10.563820747492487,-6.258443392173543,-5.173033188036648,-6.999349549271497,-1.2301172608498094,-3.282166619174973,-0.2374417864391924,2.2875802131625793,2.486853539757822,1.5607045572471168,1.8259846425675135,1.6350546524101832,2.3875499054624902
-3.0828838286612825,-2.9610149842551934,-3.214044570493777,-3.9231982491694666,-4.53208772694685,-5.175855846515359,-5.51282903381995,-6.230110068062161,-6.5077195690198035,-6.820227034990599,-7.629978794754363,-8.547125020288567,-8.989600627542925,-9.354821712546354,-10.325201099160466,-11.110280893815121,-11.085810497758425,-9.483089870386225,-9.42065710332921,-12.902112215822722,-8.477047634793703,-8.408725229179803,-5.654197974491439,-4.560742466684628,-2.7458695220453535,-2.143748236148669,-1.168045696795876,0.45508416980513444,1.9996225862007344,2.335038846965216,3.1816032900333253,2.1632965266269,1.9533474943014733,1.1455797034504556
-2.365546958530694,-2.422814088578636,-2.834592746731907,-2.965107971650274,-3.462438594802712,-4.348608236560767,-5.058742048506903,-5.592182901226954,-6.004673088719984,-6.650950290107437,-7.30536465349767,-8.124091740206001,-8.427970731083464,-9.222127904538729,-10.090930617545807,-10.227111255222653,-10.118785054602002,-10.477696322256968,-6.261799326497525,-8.545282126600554,-10.067660058389459,-5.826128499424375,-2.805792792442193,-4.768238724681834,-4.229750307713696,-2.147560286452048,0.15777565401000349,0.5111384328897264,2.89890321010815,2.9617291707667115,2.317136618718532,2.889743577941845,2.3201465609661645,1.8747286989555636
-2.229832374642956,-2.2650798691663434,-2.9892993592467905,-2.874148439164364,-3.1529081497841767,-4.384809969192533,-4.929699976867572,-5.868013031977426,-5.901037970109139,-6.561017439576378,-6.982805776544904,-7.61940275002887,-8.650917554862597,-9.488914306601155,-10.009434683254028,-11.078454232851106,-10.117276389580372,-9.616067767269078,-11.854270344002845,-5.007049791824175,-7.467716704769641,-8.701680854355525,-6.700448272794757,-5.3992644135302745,-3.563467309877975,-2.9498615865685727,-2.004256131718104,1.9126747880179495,3.609058232476403,4.729006995146839,3.3244941787249114,1.9601648209759177,1.471174829765872,1.4530885702430507
-1.5929528618387059,-2.1117154259221618,-2.7103916162665813,-3.370226179534404,-3.854240760593019,-4.311023088284017,-5.207362308709223,-6.1796673213122935,-6.545998906585248,-6.927632780160487,-7.075397343439551,-7.554816179453636,-8.389870837578762,-9.27180342435078,-10.248938957064716,-8.870451609635646,-11.739640582942458,-6.9282681979324074,-7.251261940296147,-12.626033470086947,-7.916802327777286,-10.545930571930182,-3.300396819899131,-5.460574528344313,-1.956591039953818,-1.9048073927778812,-0.6752894113892803,2.659067240342628,2.9672035014598155,3.7736731412938918,2.067908594944252,1.1980980671165513,0.19488813419582876,0.42622585132543955
-1.450834558680034,-2.0824137178807036,-3.025805965398483,-3.557347350265043,-4.3542070915855176,-5.110744383564144,-5.006788539837526,-6.688329213932397,-6.568978738329103,-6.627389937089099,-7.029950475746744,-7.082721548157238,-7.268818252253141,-8.778253583476788,-8.345220735072916,-9.302884722373761,-6.78885231786816,-5.346116901419261,-10.00655168513216,-10.050569584224252,-5.87853784399206,-6.478382889102458,-6.84624779115074,-2.6163058506466426,-0.4885691401787741,0.3030512014162617,1.6522632494076688,1.6343063862330884,1.6431691999741869,1.049476018886996,1.2119555666968587,0.750016744202432,0.9632194706613975,0.0208520940332546
-0.8787737386476695,-1.6528459653923642,-2.497599491910834,-3.5353024551222902,-4.499395592683723,-5.1085357892659635,-4.7916547238481675,-5.764556140920723,-5.715265522339743,-6.346776911978552,-6.0216572652489155,-6.641696027775864,-5.723090351953146,-7.314400980182377,-8.109585373634737,-5.779228823837937,-7.411926421087651,-8.339245512963688,-12.020608477881396,-8.26186221601792,-7.868445030191508,-6.232399717142472,-4.384137784323969,-2.631000436326451,-1.650833836938065,0.0754262479852863,1.6786994165134483,0.8178271091394792,1.2558104123303795,0.8439797175343965,0.4898035008924453,0.6056877624014094,-1.0836874891195662,0.9498609736080769
-2.1836663607521594,-2.083664610364562,-1.5514782687066695,-1.67096082756184,-2.509045722511012,-3.111283575171682,-3.4789200909218274,-2.7712256679011373,-3.183665650753702,-4.343753392486805,-5.1401568794750405,-4.692028293156777,-5.372140986126069,-8.049514848478363,-6.1492305844061,-5.490879126995483,-6.751340603637604,-11.410133484285632,-10.101016044066627,-4.4445100105708555,-6.198490898409417,-4.351461208141436,-3.2737192700330113,-3.2622229882883675,-1.9627454676493956,-0.2911504328538112,-0.22787842585897344,0.0734130115488235,0.21387367527869758,-0.02597991554193929,-0.48912337617852003,-0.03793087692342071,0.3943905139497747,2.1858617442496264
-2.441865005748141,-2.396623733325233,-1.6529607844294436,-0.8717064329975097,-1.3404034120905832,-1.7877442278822866,-2.228978167175407,-2.5467131666594316,-2.8251919908468373,-2.136133820355631,-3.083288341147594,-4.515451089068127,-3.8283301230041307,-7.243610458243607,-7.840426503884313,-6.043332339909281,-10.934762499506814,-8.40595261066927,-5.988423599524548,-12.410099046128906,-13.195909557851675,-10.39194447932827,-9.614587791131196,-3.162580188134189,-2.374655790925901,-1.1025297784278592,-1.665412798172242,0.6302979309367529,1.809569383151171,0.6305270886902894,-1.9612800808917719,-1.6769080975877781,0.04541780960501003,-0.2072208371294475
-1.6055673508268686,-1.0731334254350298,-0.8641323674984872,-0.5225033537086938,-0.1222896856654453,0.13972014636133173,0.04319285955145378,-0.8495143060236314,-1.2158365300205038,3.8877710736677566,1.9068663391823513,-2.263063483447096,-5.993842356947815,-10.90569480658586,-8.092264575362067,-14.3871193454131,-9.856453956527359,-9.798245471256422,-9.388369038055213,-9.963618911874816,-6.41000075848433,-3.1319614999100898,-2.153145461761846,-0.18428473144861807,-0.20399010566078166,-0.2002269183781613,0.3891213443623713,-1.051469721414494,-0.42661377990119875,-0.8867582757028919,-0.5874592596363905,-0.813474278464418,-0.4522605478870464,-0.35408761253239074
-0.9003869396149338,0.4229050122064063,1.0496949145929155,1.6549984838857714,1.1781285661937928,1.3315828828148604,2.3767265580919714,4.44318500331062,3.279160413841807,2.6708783065041555,-2.49803041285754,-5.647030226907848,-2.2868061322756454,-10.94890408414028,-13.811616262836747,-11.63445526319438,-8.534891340095523,-8.148393877783889,-11.011328784956964,-6.320362155138463,-5.453262068835836,-2.922945626183127,-4.158157814966379,-1.8064738860078242,-1.826897690547998,1.681924502674133,2.327572888107432,0.9161439555498172,0.8008983852557777,-0.9908313175444201,-2.0639151609383584,-1.8235363047717787,-1.9169455703689529,-1.203663020825071
1.4103573309769093,-0.2760777412884134,0.5955347677734814,0.50403006041862,1.5534047645160323,1.9441661830917738,4.175782631714398,2.185129900073817,4.690659428482695,-0.02233528067268353,-0.26110661865059154,-4.946589435401069,-3.817504825171642,-4.367007749104941,-11.493620387141258,-6.239050421381498,-10.385449973051832,-11.68730455845325,-5.279391672971382,-7.687566781140483,-6.380230069620591,-7.196832831659844,-4.456431106433136,-2.4953542862834723,-0.025712592459004986,1.3145104454179597,-0.976920148372143,-0.4583214301142456,-1.1894819445639266,-1.4920345362877945,-3.1524327972473327,-1.7704749173077965,-2.363939449500896,-3.0093408803736668
1.3740353527735405,1.903573411754271,1.476599586938738,1.378664183724566,1.9341777942286404,3.0134737762046084,1.7689231677196164,1.6528876063651672,1.7671962650156319,1.0381759267646236,-2.6134018589437833,-5.328329956003282,-9.726163521822071,-2.144492740267807,-6.670833546758183,-7.718175619927265,-8.64305321617916,-7.006770521787266,-6.85130060053921,-5.402857777085616,-6.709443253084853,-5.0816052572912085,-3.7685356871403113,-0.8215374639843026,0.5159315735265967,0.718086432335077,0.6114903330887765,-1.3372396029983848,0.7708653838029195,-1.2747145496027719,-2.051538747226131,-1.5616637654582812,-1.1490012575582267,-1.9105226832230733
0.8377649409897262,1.2385684683880547,1.7115856293387026,2.247461350408319,2.1831717145407654,3.651150252882431,2.4319880034991312,1.2044350318992783,-0.9872879867374346,-3.2905773912402596,-5.454640229010253,-0.9355012120274003,-9.258417456201371,-3.961426276623092,-7.976025269214296,-6.894119227569966,-10.073947182990906,-5.994340029481862,-5.196042647228624,-6.569691821266304,-4.763671494692729,-2.9931792925201046,-0.8054123290938522,-1.44979877811081,-0.07790375209881074,-0.24798388623386564,0.6969489635482782,1.9957595384874385,0.4551915030684797,-0.4398107315899023,-0.9684683637994816,-1.3339336475005616,-0.878002882214313,-0.68640893051064
0.006902412314403353,0.03448842781580116,0.547826051840649,1.015681764168701,1.1908602433862594,1.347966366370444,0.24732665197969467,-0.6634829964705131,-3.388835637637443,-1.2598121197137109,-2.992913948806468,-12.540838804345956,-7.9359674713825274,-6.590027447104811,-9.558315136708119,-9.04705484961864,-6.434160207391123,-9.851648852549356,-8.20878455305131,-7.752948535805544,-6.6697605450345785,0.03482285028714525,-0.6620703761437345,-0.9982288228540432,0.0016851231732912001,1.011970390366126,0.9791314986753914,2.015762972388569,0.8324849881445806,-0.6016851769843562,-0.6233327722019716,-0.971843151386464,0.4959657622029379,1.0818336216956346
-0.992722879701952,0.15017597729859772,0.1802074392586084,0.17392126332707314,0.4468430110551004,1.226331214734449,0.8617697281497765,-0.7904920351457293,-0.9444764612785927,-1.7556390004473763,-3.2694598909644683,-5.1115971020537865,-0.8445442845445181,-9.65802970932116,-7.679569917276602,-9.575050672464695,-14.435080845870758,-5.399441504011073,-4.775320560758976,-3.3280106645572305,-5.969974687662438,-1.5833653189877461,0.08809142283346155,-2.9359540540943674,0.7865612620531948,1.6084000800815346,3.794796004820857,1.3412491531905268,-0.8718440353421054,-0.05193175153170813,0.165459053222953,1.0608024670225136,1.391746086815382,2.850638644858469
0.6707388578441542,-0.32822774632524454,0.48371062577519974,0.07231833670708508,0.3309141380970022,0.24631934776401396,-0.8736371630642583,0.26795486094853493,1.9921148058887612,-4.4457591972885036,-6.693506870630978,-11.938448827146612,-5.359125902037293,-6.4445945525618376,-5.254818112870836,-3.746980820107396,-6.267689886427317,-2.786232738088995,-3.418718220328551,1.5734825581764817,-3.382875019872147,-2.5144303088032998,-1.0732540624882718,-0.6527165079058536,-1.2469702157692897,1.2597049787944428,0.42677732398474383,-0.0674071378989071,-0.4013720576926279,1.8943082662391164,2.438780351277842,3.1566740454136113,4.034502309847396,4.252810415331437
0.5197489536974604,0.28386538085322444,0.3054696502809577,0.07302885137365588,-1.4145172450909338,3.0680550158532407,-0.34909225330758586,-0.43587959917592245,-3.598965702082755,-6.807796830961784,-5.475985234549382,-10.186318298684629,-2.6020766906388832,-5.23120944703877,-8.238049024194,-7.4454518313547045,-2.1184358034260393,-0.8937681877238036,-2.903553107070384,-0.6586443050329478,-5.270837026892697,-1.6635713419027143,-1.3724981622209127,-3.3317103938732466,-0.12405636145992174,-1.244806283858452,-0.41431495375664124,-0.9908541176773753,1.4164203889397475,3.355282175835563,4.335779034162356,4.572303814719583,4.297062495702872,4.588440662848065
0.4605700686335042,0.5608417050605441,1.2355562027019018,1.4014118332845622,2.5017466135261572,3.367391977160997,0.1954891287558227,-1.8551485442058686,-2.5684567484365446,-6.3403760617006215,-0.9917911327417922,-3.981476337670667,-4.299449080972726,-3.7135664437806097,-5.347874564576102,-4.2016907030982305,-5.545398698984298,-5.987916259302581,-1.9934790342658453,-4.984105032939571,-4.3167043989660945,-5.213419988275597,-1.2858927280885828,-0.18050854282004752,0.6015844610387695,-1.6125738488099686,-1.1944181127206914,0.4533511381095572,2.396718816863134,4.283409440347277,3.924147413395961,4.399094458192548,3.8855949727852983,3.9396804037469826
0.24538892318013172,-0.21760273509851183,0.7301960029120425,0.22541098779995997,1.8693520947494955,1.8009447445588633,1.2185514570089937,0.15854896770225854,-3.8112093310230386,-5.419491479295534,-4.183216067939874,-9.8463275300157,-7.603953905458344,-16.25879191074336,-4.673842681701345,-4.8779652794651325,-5.971500006149296,-1.785312681975626,-0.4833617819824046,-2.3255522441084615,-3.1956073303292474,-1.3778121481188268,-1.4149513914526275,-0.35103003491552165,-0.9474186418812616,-0.6536195337148759,0.18079792174238635,1.2948635421079395,4.154775288065633,4.28920960851257,3.967816531871749,3.862631177018612,4.018983056284571,4.508651478368672
0.500468789933188,1.2190963696002315,0.7672762060853862,0.048143503317464774,-0.7484378855869268,2.667489934151932,2.395604323545491,0.4078279943820561,-0.6394995170976808,-6.014486075435001,-5.8151386646763905,-10.282022833541017,-5.262166852214067,-4.443470514749089,-1.169045519075236,-5.314585705561549,-2.2292287967273143,-2.953997984474727,-4.833743617424162,-2.1256162710669164,-2.1724069048037182,-0.0364558506257165,-0.4859201618338134,-1.350125775101467,0.4404402532183154,0.6043901584338193,2.566809992937827,3.0629128463355517,4.38980406451141,3.9387360403965688,4.765309399833214,3.9303296012479363,3.322482250814379,4.407184285580753
1.250418129815865,1.0367953991903123,1.900797568816275,0.6204304550204123,1.0289642960871097,1.3688577492425154,1.1876167266572801,2.5536224693164624,-1.1014134343169364,-1.5992910880260465,-8.225875644004585,-13.666429301882015,-5.045387463535823,-6.06147989013535,0.6663880811109429,-3.798872824625822,-2.113808091233168,-1.9706413172323507,-2.125700466339051,-0.8611788750604255,-2.2585725078116683,-0.931534371495087,-0.15383280466735388,-0.4206173713746437,-0.8765289974542746,0.3324192084128094,0.9745953774689782,2.311146230458592,3.8563254742802617,4.327621475691453,4.163431075577682,4.091267690323193,3.781155810774504,4.853343557958457
0.6716227563127952,0.4630523569893828,1.2268718640253125,-0.23191580461193265,-0.9401156589212194,1.2413556373267864,0.2880972492146888,0.07055114846060055,-0.1268152544652117,-1.6089396866752752,-3.3612961791486016,-8.273362209316673,-8.731079991587176,-3.106757978845667,-4.638717987185013,-0.8639157729556323,-0.9157536130899567,-1.2454789128219,0.842833532487127,-0.02864285085131967,-0.402411616244343,-0.6493450266170637,-1.2753523286206219,-1.0831081649804604,-0.7949052480645852,0.6954859375233878,2.042774434505317,3.0147900058252546,3.2870715593032394,3.5193794038088946,3.816705727075453,3.8800678107522293,4.69359786226445,5.126770335400411
2.6509220536555507,1.720291632874906,1.15456770064551,1.5079288800023134,0.5565781190442901,-0.08555262468995686,1.3112829332012257,2.1366971873075307,0.3579732151605407,-7.538090771731298,-2.812272869090201,1.1116928729216102,-5.005189110289872,-0.43829775654801784,-0.3527437598787763,0.42130915005780456,0.24537922228679196,0.6162836906670497,0.2792028060206832,-0.48406814537369236,-0.028081846434576403,-0.5807353720462061,-0.8563392735285136,-0.31310787491171505,0.2148738775101858,2.247139930751805,2.3858006681003125,1.9311528274003817,3.266014618941775,3.538231937537422,3.571009936101701,3.0031387646722147,4.141678121077344,4.74912213288017
3.912303562451719,3.5300415962420084,2.5022034323266538,1.8063841307955089,1.9253597292626035,2.3439267148669805,1.8076731164467996,0.9375896783920239,-1.9054113528601875,-2.874837662281938,-5.579298548358993,-5.594928711313917,-6.2064023623958215,-4.0889242245792,-1.0111630364302033,0.13344697092793703,-0.7191749239059771,-0.2758250093784938,-1.0302910624390016,-1.3637459031720234,-0.9725216414721292,0.5607704246263452,2.3775088986705852,1.8412727015094066,0.8807552069690456,1.9391552105445535,3.077213240598791,3.1164060576306563,4.302310969877217,3.8616259225436815,3.717289195482409,3.8154449990781885,5.624254263128624,4.52922149918827
