script/wind150m.json
{"header": {"parameterCategory": 2, "parameterNumber": 2, "lo1": 6.000198445256149, "la1": 58.999992894266676, "dx": 0.5, "dy": 0.25, "nx": 22, "ny": 24, "refTime": "2024-05-02T14:00:00.000Z"}, "data":
[rows 0 to 23 of 24, columns 0 to 21 of 22]
-9.247509049752656,-18.136359222294114,-18.744570637477352,-8.992227842249807,-10.157852169976826,-14.946503596482703,-9.418063194558355,-19.50555049406947,-12.670947830922309,-20.50491282476903,-9.465224474000832,-16.45201412130634,-21.703192016558535,-7.217695452367243,-8.437798206839336,-8.432104322162361,-9.46930286756194,-14.135484881563018,-9.466240276660033,-11.666652537609218,-13.72872185075221,-17.987461161844156
-7.510039781955956,-15.79049022162332,-18.916711919082914,-17.216080136144615,-8.500649879662845,-9.339776066206054,-12.61220955199047,-14.84639255127335,-8.382671278070324,-8.274641778170416,-13.215818614430418,-16.209303008459752,-17.860309265786668,-19.297339977146546,-17.248723460725405,-7.628020518176661,-13.485034955552095,-9.843910812769593,-10.011548878229592,-19.581862774563206,-9.239947778710022,-10.023124294959015
-13.630492128311408,-11.257666130004234,-9.092585648222501,-10.559358515839694,-12.311444544407706,-8.295745023512149,-7.532124491296611,-15.47931613763736,-16.123994539975044,-12.462952864994662,-9.401530254867554,-10.4658651696954,-9.212036944478822,-12.093245410654138,-9.080854247318213,-9.44642292157685,-12.414970513983826,-10.533078409267622,-10.730954807499044,-12.182335247937036,-15.932046614892869,-8.86576540314129
-14.179627339119211,-14.473333335894807,-10.851952135990986,-10.402260366530223,-10.971631724420211,-5.960211348281221,-10.264431879680597,-11.693607100864053,-10.900463394325826,-9.519336403550993,-9.272348502609727,-8.918689390144815,-7.752501752609579,-10.160660479915082,-10.07884403286377,-14.012756460892593,-10.743610321179178,-10.578016608319118,-10.96566577560078,-13.37464126135407,-11.867677804110864,-17.44612951017933
-11.745666803691517,-9.098278338719055,-8.441949259371329,-9.140938623008907,-9.060609546733431,-13.131680267576165,-12.467226052881541,-9.03934148715271,-17.38616885867603,-19.29926126071448,-12.251587705683626,-14.272876435925154,-9.218185586285859,-7.121381986381751,-8.096197195948621,-9.328144502463742,-13.504847981993631,-18.420229688655034,-16.60300134977092,-9.285094508380011,-8.996931413729667,-18.905750221181904
-12.388032824744547,-19.858604267077087,-7.833680477762295,-10.60634903713681,-16.858506145015884,-16.09016591637384,-17.30851921613569,-12.935599581485615,-9.43114552900409,-10.311414148609177,-12.120327947953449,-13.399952425890653,-11.342465451305843,-16.674113542564005,-9.195173688813059,-9.281803968080498,-17.07140771566174,-21.270491753063194,-8.282361148115818,-17.325199123997443,-10.931743304473056,-14.716837896509503
-14.653203038372869,-17.442559810368458,-10.55294006283009,-8.541687937241278,-10.703435889563757,-10.419736071956905,-16.939867961895814,-17.80761479164481,-19.753445816418647,-11.184059296048488,-9.866246432805895,-11.217942009808933,-19.62892560758379,-16.34240996439095,-17.614734252393667,-19.364608088226866,-9.821569140811652,-16.552911496398174,-9.51291605809454,-18.969060702868983,-8.401487320820081,-11.109794991891047
-16.148362547714846,-14.644502348466139,-17.90762820000892,-12.331120448995717,-10.001675505883382,-14.653399300680523,-8.57326082867168,-14.38451913512319,-13.79464258950545,-9.218746081877867,-16.998898497403314,-14.212520717371259,-8.761068590794103,-13.526621980069413,-18.5809706882242,-11.384691917506052,-14.759256702163475,-12.815512110958023,-7.094262800765539,-9.56843375042639,-8.964306769361688,-11.439167225281498
-13.967438250410714,-10.719908869751396,-12.407439645887962,-14.199982186446395,-17.407615758104985,-18.701851355174846,-23.26759467603295,-12.762592382615747,-17.615702335561657,-8.427433537752654,-11.11952703102805,-19.570323927021573,-12.330640841736109,-11.493584418789183,-10.427250243932185,-18.646762473332835,-16.33905332799282,-11.357471755902555,-19.863858210225313,-15.506476110261584,-12.478935314749087,-19.859556871968707
-6.5704706641348,-8.040190304777363,-8.288479255925346,-11.216977696651535,-12.165750916239595,-10.681210430415469,-16.099640147118635,-16.573400046561545,-16.710815984198902,-8.555208055657735,-13.058055308386027,-14.580327497433995,-9.077176113073921,-11.757385974687887,-7.914080051378848,-8.886906764981958,-12.143399326912165,-15.553769308541495,-17.37089492829933,-9.398543815743043,-10.885762926432974,-18.009434474519892
-8.276916197512836,-18.617776216902183,-13.57827910591807,-18.45687469701717,-8.245315468996695,-17.869927519577132,-9.108395171269976,-17.492956740901082,-19.492191977656706,-8.58259095357818,-15.792088716665111,-18.8973488918968,-12.435763194681863,-15.175278011644794,-25.912994809504443,-17.95621419007933,-9.972197281047578,-12.955023596279526,-12.381720512587533,-11.853779058596041,-17.284370433644757,-17.029003232621335
-9.002287895362818,-12.982120998236585,-16.019419608791928,-9.955167106014418,-9.150976924472861,-12.163561019951365,-12.172638693520204,-17.530333560738217,-12.883724580742838,-12.61311211356851,-8.997712374609135,-8.568160850090202,-9.254790504543923,-9.756798583445551,-10.285670173690814,-8.517074744111154,-9.14473715848761,-18.017801737792134,-18.085040227243336,-16.04667693290485,-19.299471558952323,-9.554901214498267
-13.09052044846537,-8.63968047260798,-14.374711761036687,-20.07326485652122,-14.868184862765055,-10.354330017733965,-13.199330553697498,-11.511605884326666,-11.830270015926587,-20.468554665063092,-17.374679942417156,-12.199333570826486,-14.693960220371745,-11.631586529087162,-10.805730403204521,-15.164783931960564,-17.13533362975834,-24.42380337282306,-12.031455985911204,-10.547418779354873,-9.017693215537326,-9.082285467446303
-12.26058591852839,-9.2719343379562,-18.583960692441547,-15.143430283412714,-8.338935785462693,-10.39872667341073,-8.867793635807217,-10.855804040452478,-13.405871661955276,-24.823257043982167,-8.895433312933271,-9.165317984335122,-10.203236560346229,-10.310532136018988,-14.026290614146097,-9.027167489462007,-14.246865136353698,-10.042405678923743,-17.152281721944448,-13.440592987412051,-9.126248056163325,-17.00588897451108
-13.0855476398777,-7.539233930342595,-8.889828836186611,-17.80737108363231,-8.900783181991502,-12.805723476153867,-15.310597274165493,-12.190485193567802,-9.710029689167033,-17.648329517065697,-9.95200920093469,-18.044862748354927,-16.86081833882967,-15.157875954049423,-10.082236990644912,-10.174287785166182,-9.366752407187226,-8.356730898453279,-9.408584117856135,-10.967175826315877,-20.465901340599824,-7.748947037821476
-12.302330790770002,-8.770955601486307,-11.970210197406168,-19.028808367588848,-12.273347791875223,-14.490713968462806,-8.991062774585442,-18.927615410581712,-10.550337871670761,-12.781966759567627,-9.68161070599362,-20.829022198829207,-11.164021166121726,-10.975418613284058,-11.6377508321588,-8.317725310080066,-9.170653420820258,-14.376455176984095,-10.384706407832272,-8.39827974510683,-14.332804938570385,-9.524068925604059
-9.223843458172734,-15.091411534669223,-9.498917233269943,-10.558920704384866,-9.479179325242988,-12.862393377249802,-11.304913444070971,-12.589429980132916,-9.66816872792388,-17.780631755180476,-7.628059974055464,-16.546793063227938,-7.878714373084173,-8.335632790587159,-8.26159502869463,-8.049219531296902,-7.471940933217084,-18.780970945414342,-10.417760821034634,-22.056802533606838,-9.016245485046722,-10.373725500845513
-8.586432703753534,-13.76482409937556,-18.72883682568479,-8.87175653369459,-15.67553730015639,-14.032407791709604,-15.439673499982833,-13.994122645467842,-14.899312929648628,-11.7213253222541,-18.835330592085185,-11.295143024082272,-16.98805749370986,-7.237470592920344,-9.018457114776643,-10.699895040679653,-14.319795738127299,-15.33046824555781,-17.37554326617015,-11.280763007750691,-19.265992263412805,-22.104809655319283
-9.116010533787211,-9.574592536631606,-7.387269429230721,-17.205897766677595,-7.658806259320848,-10.568673212756268,-16.835374922812274,-15.26660476735456,-9.134497754913587,-14.861948724283877,-9.395589485734137,-8.568016404473052,-9.002945740960616,-19.847434477815206,-13.818559605161274,-9.805660059608323,-17.4565532024919,-14.05967047653148,-14.493118781246311,-9.23170102011523,-11.485145452870057,-15.573631820641745
-10.39182034859966,-15.49693810431217,-17.96612993889972,-10.210729818315585,-15.939262867844045,-13.83808146990212,-10.861248292928062,-8.863197777473868,-13.490001676097016,-9.255218332002183,-9.292571291385498,-15.06382285006257,-11.30334082717711,-21.20706644384203,-8.564209396940988,-9.728588136297956,-16.972336979968258,-12.012604031727179,-8.920976315278343,-9.800766875420505,-9.190215371350899,-10.960840323845886
-11.201659010022553,-10.609375246370712,-10.473134758394803,-8.166896466202656,-8.526828033776482,-13.931315018153507,-9.655530371528284,-17.33424964157229,-7.991796866520854,-20.74493292448489,-9.910727323572853,-10.222552981440213,-11.210709913728321,-13.849452208230534,-10.835590869837752,-23.860164904206766,-14.900629300300102,-17.874749288725354,-13.37958292168426,-7.986260712616329,-7.5047738293904915,-13.336468462920337
-8.644433704533773,-13.214984398794352,-13.312454740950344,-7.279131687858236,-16.97109997705212,-10.655711096995859,-10.93964755389329,-13.79732483883552,-15.10473907880698,-13.97358860221077,-11.97465021000602,-10.967956038429717,-7.709912541950581,-16.157432765247922,-14.48068714643191,-17.503612863093544,-18.33330849468864,-13.389028306299076,-8.87931394792923,-12.579292963790026,-18.807150734432472,-7.581698538519039
-18.207588485516524,-9.55155179977714,-12.05414124792822,-16.576409715355467,-16.581316875769765,-19.228820615039293,-9.651384423968482,-14.346825049648013,-18.094608069913818,-15.832259551663725,-7.579345728439854,-11.440638949977995,-18.323475157207437,-9.231688548228227,-12.802612923275417,-8.60896477698679,-8.634066463165848,-20.698221037952536,-19.434024497948933,-11.53449095248842,-10.085302558484178,-18.922084095899717
-8.459893652314129,-11.74032117894738,-9.6227223552527,-13.789961880960659,-14.96071324243626,-15.702858149839,-13.564969604172216,-19.561956773955945,-10.601734385932394,-16.725429766854376,-13.152790163936633,-8.75434736433258,-12.352245891132078,-11.721393589627858,-14.790985552927419,-11.511606356267464,-14.24277766359091,-13.298771598649726,-9.52853044873779,-8.398051369229613,-18.87406962824769,-17.256477520024934
