script/wind150m.json
{"header": {"parameterCategory": 2, "parameterNumber": 3, "lo1": 3.000054539987559, "la1": 64.9999836372058, "dx": 0.5, "dy": 0.25, "nx": 34, "ny": 52, "refTime": "2025-11-29T23:00:00.000Z"}, "data":
[rows 0 to 24 of 52, columns 0 to 33 of 34]
-6.489021116044076,-6.326448610234922,-6.433035410104839,-8.044057520204603,-5.91605250005972,-4.791973228956351,-4.121083958414124,-3.681033291976267,-4.314943740418215,-5.025963646752868,-5.838939722370862,-4.82623451031332,-5.1565960771531305,-3.809964420906134,-5.874949113326397,-10.16151796464951,-2.049430359255147,-0.2370734749270537,2.2949717864276344,4.04831257324369,-0.7840051189162814,-0.5593002551874007,-3.5764819168298736,-2.4629565591315017,2.379783471264733,2.2433607531810735,3.4713526263672967,3.7177525795684296,3.614381396209139,1.9994687661499795,1.9960903736954865,1.195820434212571,0.8678787534715016,1.1047595995715247
-7.782697155692677,-7.153602766714502,-6.293080475092059,-6.3719876645394455,-5.128191418775134,-4.5692952907477915,-3.865147213824699,-4.88248877555,-5.129333712783688,-5.271770305435559,-5.167153468354225,-4.964439619086046,-5.121863277733526,-2.394204986875038,-6.455496154394511,-5.347257097514917,-0.9605314897719875,0.46291654782457203,1.0087922211195004,0.19902637995189587,1.7321023650919125,0.23507414789402697,-2.6653451960568812,-2.836863152470825,-0.12244415376003713,2.0963162381917106,6.57369785750015,3.803398569226118,3.475665186041822,2.72592508127546,2.068597881827418,1.5496897555582387,0.7927956316706634,0.0984854036116447
-8.084720368462687,-7.4812802721086795,-7.480953797624125,-5.857390910544228,-5.117331382020377,-5.316106780852487,-6.173049767571878,-6.244564296151815,-5.615320359000784,-5.629768964835966,-5.585872563870815,-6.555891473514964,-1.660631535478382,-5.479319728719781,-5.916671759707383,-4.1616046597703304,-1.0963355587006691,-0.3821026090092715,3.5710157226859693,3.2068461583941,-0.4504539181659056,-0.9950894293093004,-0.7276375830310169,-2.1888575793009935,1.0267814642446744,3.5615573769973423,3.0812231174938014,3.903636850006746,2.5746116729191817,2.4677453264442324,1.884722383246619,1.3993686121081261,-0.13832267534777923,0.004465781096707015
-7.878323472568687,-7.534995248303237,-7.159762212806407,-6.818456519908824,-6.623539562490972,-7.070385400003065,-6.554602910938507,-6.286428777339723,-6.598925313349492,-6.037256372302535,-2.3334893926155758,-4.338327144398967,-6.9279446014884165,-7.915350469981104,-4.483899953213583,-1.9209390925154408,-1.2802813730742424,1.903380098852798,0.6446896554676275,3.123245658789944,0.7664638077246771,-4.433986163240414,-5.82871901789352,-0.28939679198326235,1.8830485279386817,3.934920421266205,4.5307461037943435,2.182412198245392,2.0355735993307107,1.432787018045002,0.7697276206727729,0.9719491427919378,-0.49247380728924534,-1.0093072717079083
-7.928170981106973,-7.068891095991962,-9.298801859665206,-7.106122061252065,-7.400456546426081,-6.218206038239388,-5.863265423615398,-3.4724708532367603,-2.680469775594095,-3.646690810356774,-7.380797062927189,-3.9762912083871194,-4.47048354077798,-4.24359761326427,-3.9177039412424697,-0.9940811670750376,-1.082521305918832,3.4884136733131395,3.1013510999599814,-2.405427483048782,-1.9304438745262733,-6.282772850610183,0.04406156519420932,2.7752008438263522,2.6753428533480816,2.877442283040863,3.8946010906696586,2.4127069871215374,1.1002223638252049,2.504584788745807,0.6781887887203955,-0.16775310151260422,-0.029281946669300157,-0.9538233857482585
-6.727048083832014,-9.645299831204502,-5.874645039194844,-7.547267617170909,-3.576441491006491,-7.024290759532368,-6.218994115026291,-4.564169584513833,-6.312064370293901,-5.710601630966794,-4.580961017325676,-3.5088101876175886,-4.590755820256632,-2.595637733863134,-2.026936495285972,0.06031036847530323,1.6839679399574203,3.4919101496463267,-2.1212444996954445,-2.985915409517134,-3.877772432735649,1.0552098207693419,2.1845837355534043,3.088094020654829,2.9092878828874698,3.309398487886652,2.117029658724664,1.4501177809561805,1.1192497795886691,-0.2213851886412744,0.396567364626065,-0.2703575805897605,-0.8145119591951303,-1.940120233066406
-6.321159602975276,-4.951319926374422,-4.97721237457582,-5.236931731816368,-7.286268958303621,-4.297534305471148,-3.444539366934152,-5.163577383232901,-4.073929100919263,-5.555773177267014,-5.1889897968191345,-4.922488005775522,-0.8089543241724573,-1.0825131231391298,1.918882099389783,3.553023477745325,1.9981145636463244,0.6250645316548125,-0.49414073932039104,-2.891708047283875,1.8542248533963732,3.3331128707637445,1.1603627859926389,2.8649882334359194,2.285047327622225,1.1496784437722316,1.4132563634237518,0.2621819889679634,0.562635790876427,0.7355265177743139,-0.9931028820288234,-0.626451130473667,-1.8246152067199497,-0.5765775169544745
-6.913547082841983,-7.1022090738603145,-8.506404533820042,-6.975216785593002,-6.294478959598906,-4.821098063122068,-5.784933842139576,-4.603169355809084,-5.063691591762406,-4.982025913520155,-3.539650662363302,-1.5833818169308842,1.6919370276937713,-1.5923461153144396,0.32996344008478967,0.8553535136333076,0.5688146347308374,-0.0003917400870193439,1.2718451664255888,0.741230608926059,-0.7245456018993911,0.359293850267146,-1.1025012936667584,-0.3859143801624616,-0.8382034769693341,0.3757397269062544,-1.0063034600665715,-0.4182699581114527,-0.5457945175353368,0.20530485474465215,0.5696792187745883,-0.7922957175577963,-1.2699282018569635,-0.4516685256853359
-6.455403399954997,-6.31631053394667,-5.987575772566651,-6.015945461026759,-6.056324973601964,-5.454547308165171,-5.2115438947251915,-5.089346864581223,-4.336222756822991,-2.453021472688119,2.431182134121257,2.0418181059884444,0.9259598684045051,-2.1289286241465972,-1.1002139190987743,0.5455302188640151,0.5046348790391606,1.2598995264979456,-1.258340849138686,-1.3165155692621917,-2.5567329457527137,-2.890474480418125,-1.3940340493149619,-0.11801542941762433,-0.1912771867638768,-1.6063170965624494,-1.9853401952547929,-0.16604466612202143,1.1091901471321732,0.07823615467328851,-2.1020102644901866,-2.3396326621049637,-1.9189703677183214,-1.4040684863520332
-6.843701598078386,-6.812249412198685,-6.525113655329393,-6.446275261425341,-6.201915799294589,-6.266221095357471,-6.046888715983848,-4.635592631204408,-4.130772348706388,3.410176136956705,0.7582462337355378,-0.37667031212271757,-2.836681050974788,-2.3560262753449863,0.7796491351451007,-0.24409641318788186,-1.177958994371085,-6.574887903647615,-3.8394066999674252,-4.12479582496753,-3.077967921255774,-0.4420029030753387,1.0002473439083794,1.0185371602976836,-0.6242083763580413,-0.6641516398152615,-1.2507287285808057,-2.0044331050298503,-1.130387043679825,-4.490322219652938,-2.6154879828040367,-1.5704697133973788,-1.6250592858408617,-1.6307602033726736
-7.526613300007091,-7.26237600728779,-7.277003961722706,-6.921427442739376,-6.966727083114269,-6.127667630330056,-4.139676071118231,1.2418744926100953,-4.052181727417174,-2.1872030837825958,-4.26759090670257,1.0059038976729218,0.8828487637331652,-2.939504848117411,-4.7145693557233885,-6.350940806878815,-3.030281291199452,-2.683720519256254,-5.427023410458448,-2.0299199281982356,-1.2579477961430365,1.2731429646294434,-1.436717862452873,-1.5309444021675116,-0.8581262884411825,1.5373495262354206,0.1689727046197543,-2.0733947681105644,-1.3864468422977123,-1.8339090752646579,-1.331337288935124,-0.8562874782852287,-1.323249984096214,-2.66548329402201
-8.016494373104157,-8.047649330247514,-7.495383584847374,-7.262710267057881,-6.6798961845745675,-3.1487791432787464,-4.068503728453831,-3.8587787723322635,-1.0895639630525251,-0.5181294474211079,-0.2799008352414479,-1.5176872247366073,-0.5630070629455268,-1.531997482045399,-4.381231965066049,-1.6444044976614849,-2.3241604282543187,-6.933727949061935,-3.6021443293134356,-3.562974335413318,-3.428568138027144,-3.8660231861597287,-2.965344973249621,-2.7234977316821793,-0.7967573628841642,-0.4771205641145452,-2.804806985638493,-2.5292094927556463,-1.2097625490143786,-1.2337178412716248,-0.790521219647549,-0.2114165142734064,-3.2720300753869265,-3.541079496181942
-8.612447161814611,-8.043120420726742,-7.782179596162764,-7.760055163536136,-6.450583942801966,-3.6817689258617583,-3.676985319204074,-0.7555477975378764,-1.165472201915585,-0.1300009550714155,-0.9502886491008482,-1.321773043155843,-3.9994701524771674,-2.063130247794801,-2.5193522606692587,-3.964728990054463,-2.342660184036566,-3.120386421226953,-2.198657547474697,-4.170293947267226,-4.200109419111434,-4.399204514734626,-3.2817299706427288,-2.1848196626740797,-1.6904858561745228,-1.8010539370575962,0.7964896109013169,-1.511593506110733,0.9249891074582766,-0.6706780223958307,-0.07419946447893404,-0.6987919865841961,-1.1158091384723314,-0.46580695730594135
-8.64109261212634,-8.49718535312622,-7.9223699853332885,-5.839378769550677,-1.3338409107354108,-3.5783996562333926,-3.479527962171019,-0.593461817614929,0.0715714854789224,0.15883756070898136,-0.24441567712283382,1.447970317241235,0.22236605844825552,-1.8841248353578397,-4.55824364518182,-2.534739396496111,-3.621473882563335,-1.7159381216669187,-3.7144323299566087,-3.87141432837957,-1.9100172797037807,-2.8195807237588446,-3.9898068810698017,-4.199259313157213,-2.2038788360185526,-1.189644096786046,-1.4433052043714123,0.14267243922306871,-3.0695920568464645,-1.0976248210857247,-0.878922144324425,-0.6911051619273579,-0.22561623330595995,0.12413417903206474
-8.479888737858264,-8.393416602252676,-8.438824664430289,-5.107010474953281,-3.1196265159818126,-0.4954409510816878,-0.684230200291602,-0.6811283949474324,-1.553564323229651,-0.7724315171533268,-1.7035443831714214,-3.441863366771964,-0.9245280125232384,-1.3274321561598028,-5.10329784359947,-5.568238145297099,-0.9345072559265056,-4.872494327908102,-4.030542415953052,-3.9168350619945373,-2.589087665330031,-1.7587498087260673,-4.291988753189875,-5.439503759226987,-1.1256549823656357,-2.503970015871502,-0.8661375656679724,-1.3888496377497788,-1.186565504276335,-0.09720824917397003,0.4439529356728736,1.465070372396541,1.8200290872944727,1.477188562364897
-8.779928609325674,-7.904830527848568,-5.053330599308924,-4.06653184421631,-3.644086550066388,-2.2371866933908433,-1.3041746650848192,-1.366567214884829,-1.9939264827529464,-0.44237255304998957,-2.198859821501896,-2.7496341732211818,-0.39920792079220624,-1.1024572449985908,-2.5269551841281905,-4.862146819897801,-7.694721345559341,-1.1653467933282862,-1.4781520466843119,-0.8409301003057742,-2.8329703558270336,-3.4699350789665795,-1.9191425912246416,-5.166412689571842,0.46014365977549976,-0.05740746392994767,-0.13627733344815252,0.6999607973563542,-0.31129919648818416,1.4523245829650444,2.5003234185418464,2.236233055812577,2.3256493951534742,2.0482013116210918
-8.461246673607217,-8.108228020242365,-4.996253196225996,-5.078117557745001,-6.284979374564057,-3.310018366398709,-4.6227073636888525,-2.4427604207540194,-4.12004238867895,-1.1779065671026432,-1.717003230118666,0.6731435277624259,-3.257938179251636,-1.436753698295547,-0.09634103252627695,0.4791437166133421,-3.5595139829555884,0.20570582418891944,-0.648873924391987,1.735993931009463,-1.588543755452933,-3.084151760202058,-1.2293656690217507,1.0725024919625474,0.8852132571717984,1.8395973602858686,-0.4017024382040428,0.6874387936992054,1.8515989326224305,2.9011390259000547,3.437525990024796,3.6780667251625916,3.168410925131507,2.9691484718978476
-8.098988232701647,-6.0461202819409685,-3.466399280410707,-3.04692731598509,-2.478668085043428,-0.9540267256273661,-2.661840356199026,-2.13936410357671,-2.670207456773928,-1.252836767778221,-2.3709604407339966,0.06270640485594284,0.0696521861857965,-2.8092690959752575,-2.594362673921352,-2.0196349953330937,-1.6661394493438269,-0.2912432465068701,-1.6948678745669732,-1.653311083467294,-2.0232883349383095,-1.4915189787128835,-1.0097640770452043,-1.434914653203535,0.4289647074876267,0.754528756703501,1.3291279692987825,0.8784851561733098,3.5383238965647923,4.313651710796382,5.004941247326515,4.774118818708319,4.63850393120033,4.449711776445038
-7.744533291210163,-5.22701902523962,-5.375962306377508,-4.375097085725043,-3.7318823311477805,-4.270244446100189,-4.116413146740025,-3.6308309956314635,0.8565346152137312,-2.5151318220836494,0.7217238047320139,-0.028234894089759408,-0.611565472490915,-1.0729871311471157,-1.476771804840959,-0.23393168424030553,-2.415847686754276,-0.9969151587080561,-0.17262878976119117,-0.5019537306088991,-2.0487343592794183,-1.853745951474122,-1.8203962766867938,-0.7329037218365719,1.7373899606230887,0.14458510955988935,0.3548941810544215,3.266049012866922,4.360339396170829,4.525044388067749,5.21230713317391,4.832029798123569,5.045399138250233,5.580894940517312
-8.853035833915882,-5.847095808212637,-6.2340547664883,-2.3880682076048387,-3.491184626717727,-4.31342921389672,-4.182359281966831,0.8551364475937936,0.6239876816991841,-0.3576901432442238,-0.5714033177573499,-0.8184775129542907,-2.434164203058666,-1.6728488326197262,-0.7766813211063194,-2.865597367001551,-1.9889174641244223,-1.4581481390246496,-1.3931316045440012,-0.510316725700315,-0.026984061211565755,-0.6258448930980992,-2.46208818792852,-1.2264442810328373,0.44075107792744606,1.5871664795242213,3.7978550105473214,4.402528757156889,5.067818188838965,5.178647878221114,5.309627095762378,5.217676336554902,5.74908019669307,5.354720593326087
-8.3549254534149,-4.988579788451752,-5.101338504506144,-0.54854489226641,-2.9067713445600853,-4.577675239598784,-1.2860761488543575,-3.929961516719068,-1.3476256599671843,-0.7951842250372573,-1.8728923524139696,-0.4638818185184061,-3.1479626422346154,-1.2126417355851173,-0.4596692457742047,-2.6624003455628222,-1.994782880494018,-1.5029831725933365,-1.1676068013378123,-1.5190361285978247,-1.2659125565267502,0.01720647633565946,-1.6953028623039879,-0.9002063730578235,2.2285376840570854,2.6224956635890315,3.5939581046256674,3.6605910082588444,4.405912619491744,4.8688450757302055,5.267323024122424,4.304731785376164,4.483759524188596,5.8783951592883765
-6.1660774554447775,-5.8810707298465985,-3.0458785473484435,-1.1506550805874796,-2.8968179186557474,-6.172185892236355,-2.346541119319036,-1.1707879965548436,-0.09989779224471088,0.2142444299603794,-2.4393709789837423,0.2605108523764357,-3.496613901079787,-3.7284622351528776,-0.3385684949545158,-2.3498338303879436,-2.1838708376655775,-1.474883128957494,-1.2477875404073808,0.8390352279129802,-0.5211343580274976,0.5728240226364717,0.9540371894275396,2.7112126545517925,2.4734011837916534,2.432922459951534,2.6177067220784473,2.71330799780074,3.490561469296898,4.3894078517394295,4.553794057858011,4.2174344098903624,3.4619316746282456,6.264659924535641
-6.484099731750203,-4.804982634552635,-1.3737041912610304,-2.130553246205974,-4.089656983529986,-4.708219733046144,0.13639641199685423,-2.8494737187520576,1.2620545650611856,1.1857557436641917,-1.7274601662851283,0.35458105636575304,-2.6529644863370225,-2.71581203987916,-1.7512985870525404,-1.5078720893219222,-0.5315954989402228,-0.7396124006246052,0.6238429284574641,1.1786984826173736,0.8175383120672354,1.1475387840590434,0.052740683161539084,0.9409756148087038,2.41402177893181,2.6021615608277435,4.026662458419564,5.268374208411615,4.9391653368757895,5.525055048248767,4.9046936025704495,3.1404152888091574,4.277510978255144,6.60415852700036
-5.1221114240970955,-3.7287297374473565,-2.318504688104225,-2.753145872664951,-4.7308805508952965,-4.039076949825509,-1.3334737165976156,6.752941297420692,3.2400327379198774,-0.22420760799141135,-3.512390612118157,-0.8527685775702523,-1.865969915555732,-0.04699623891638033,-2.529328872563692,-1.9190908992135194,0.10658875970851167,0.800393314596758,1.5234714403248382,2.082061765224108,1.9818151401738362,1.7092834851684275,2.4424140518619373,2.6371933021015073,1.9895934560573991,3.678247394679632,5.118366896620957,5.662602835335598,6.105600741126812,6.110295362663221,5.06265734028871,4.555017347137138,4.85409621556543,6.3384144465589145
-4.326227414823556,-3.6192846795513196,-2.987683270442312,-4.2325773923752354,-5.477223051427746,-5.81694584179325,0.5176736321303718,6.759634503056858,1.2489329280079857,0.3421064464895396,0.6345871473131538,-0.4391962497057384,-2.9924002336420705,-1.2762064613686035,-1.3172721850202258,-1.8548983198961546,-0.6651442817527117,2.333225459916355,1.8147701953322783,0.8257304061534091,0.8716787434344561,1.5094226738822634,6.8417675526367665,4.671032670977111,4.088236050158551,4.787386482227721,4.322053229517345,4.36725442813936,5.349550309060472,5.144020680308925,5.137675148168829,6.010867722855792,5.941308666961424,5.346978770442062
