script/wind10m.json
{"header": {"parameterCategory": 2, "parameterNumber": 2, "lo1": 3.000054539987559, "la1": 64.9999836372058, "dx": 0.5, "dy": 0.25, "nx": 34, "ny": 52, "refTime": "2024-12-28T11:00:00.000Z"}, "data":
[rows 0 to 24 of 52, columns 0 to 33 of 34]
8.875637590660874,8.978416245458641,9.445639143171052,9.868424266691159,10.465769748201122,10.182792842345076,10.86489600502138,10.579008733755614,10.183321344509178,10.036289035970627,9.173731663205283,11.255337802601568,9.419128167502322,9.141261218269234,9.706640884275025,9.251957867990377,4.391070901154061,1.038323214723493,1.7322448095283307,1.854323453882401,4.007738953014593,2.023166418175892,3.626021583453346,5.409881008586653,5.64416928243617,1.7018855850371377,0.23984906870644276,0.19219622065191627,1.998728484867588,2.7030407432493964,1.3115838768697918,-0.9264149592596753,-0.6600686504532273,1.7885818879153543
9.543922779375107,9.521524416691351,9.643622476396308,9.599100778735215,9.853807786240607,10.751170961701467,10.583599664396209,9.672797406209648,10.015651385088418,11.980455396554017,11.18337265882604,12.999972531182351,9.322181565062007,9.512470467501036,9.722219546599579,8.137674650013581,6.058258496424321,0.48908053401192214,2.3389244066214494,7.429866112512171,2.2576966316576312,3.475856328490138,0.6943905520179228,5.72795092901079,-0.08026263095856183,-1.4796960867348343,2.8818061267586295,-1.3763325952270553,0.5077020332688291,3.130840329175548,2.945615462174762,1.3586278695691223,-1.2985341907304373,0.9313025763631765
8.911674808705909,8.80679164024346,8.468064686910047,7.910909136368605,7.3275559189616475,8.238916225996144,10.005902015921066,9.156703081578224,9.818976357466639,13.977622052548691,12.067395445377281,10.788484600672186,10.029703628770143,9.843451371254659,8.908542432199843,6.145681677647502,4.703987502547884,0.3896851310729436,2.7806938668221086,1.3000111597548594,6.3020279148220615,2.538602115534051,3.5341889060338825,2.539405120462754,-0.6446671156236538,-0.20736090918229186,-1.1868637232878363,1.825139040532404,0.556372701270075,1.2428620600924796,3.086331949411721,1.538732481338216,0.14374790859795958,-0.03300397857010361
8.768315500712061,8.087773068681111,9.21022177800946,9.573175211212344,9.889094789635747,9.011573329129432,12.350865688495576,14.573718679694766,13.441927384513349,12.478072617462137,11.912698080039434,10.825809800989418,9.859321001802323,8.24111289824561,6.693046987950095,6.458051400175274,1.7857954360372919,1.459877629623685,4.070432211851813,-0.24813732932739904,2.6011030887478976,3.4248407755418375,1.5106095704766638,2.078181933341475,0.045701507995526795,-1.2869967005863796,3.1538065184836834,-0.20034457180375898,0.8102037180671395,0.9074508094009361,0.36784957045238464,3.104943757820884,1.0645049061378489,-0.7289065055371088
9.169348070333387,9.205987555446308,9.444015133682656,11.167179043532713,12.091514261395458,9.960072422531548,11.963578232875065,13.595577724178742,12.361883724187003,12.25016653411775,11.877363076430301,10.609515841769733,9.014070099360444,6.917461139212791,0.47862976980101735,2.555557175101595,3.0877513890818404,2.0235915201333046,3.1745868053756094,8.833557875261981,4.859752194863298,9.986341982561198,2.358458289426868,0.3184448276635215,1.5364886354905543,0.4000911322014781,0.5358110199355168,-0.5758722302385482,0.15736452763673484,1.2107744681089958,0.634602443252866,0.3738602904713562,2.4121961287927403,0.27695641113373587
9.827257379540951,8.9882671077532,8.790981928812654,11.98079811866855,13.237408676812825,9.81557132960788,11.219370564709333,10.326936959136608,11.666678776805261,11.095331033585348,11.11535458156342,10.748834994503754,7.490016922235653,4.009785603484845,1.4752546834457658,2.296074081777327,2.591580237615712,2.531387483544032,5.667233231411521,1.540938573813586,-1.8079918906721404,1.0193121377395256,1.9217905953282837,2.242141313299556,-0.009242592167578341,0.9203596639992662,0.5217322602091888,-1.128647190693364,0.8526393608409251,0.14590976116802995,0.4891678326962053,-1.4663931889435424,-1.1076828419587,-0.540367513867747
9.513052244948998,9.967953816279833,12.325126252787499,12.31281459500115,10.027821131495296,10.82505869082442,10.806488000415504,10.86954087376061,11.015674838676325,10.90058395265459,9.823326847085028,5.81314661483295,4.214431231577951,1.9028181613544575,-1.1819934282036657,1.3233134836721039,0.9180018355499058,1.3288565496042166,4.707063441913047,1.005633869482151,3.0247818874770465,1.1437807343750503,-1.3007959815047958,-0.6626885283216345,1.1977579695957923,-0.4650765003772996,2.1449709634614775,-0.9732444299251408,0.008206259234933195,-0.1356010281867114,1.202911748796153,1.0691710746761078,1.8330199133168763,0.2220081945825342
9.257622534792844,9.840966679285955,9.669195841069506,10.187069702754316,9.95289707272495,9.982909756618287,10.327704918118728,10.380326412270904,10.30749655828975,8.94192106870309,5.764472562736149,-0.5996435722771675,1.339952028902307,4.679168043705511,-0.8547894638795903,0.8263812568617054,0.15385946680433507,2.3182634666654,3.2753157815363694,2.1427219635549877,3.062668334483352,1.9477885493850873,-0.7097057263545571,-1.5272223145751849,-0.07533484190240768,-0.6410097277457324,-0.020503974331281205,1.9689149056088235,0.6243391066962457,0.4145192907270698,1.9183412492372836,-0.5382908636840137,1.2506295450147782,4.686682308722337
7.906564344426625,7.572051865361951,8.705565704672017,8.28338571065073,9.365466049133474,9.149212908036352,9.7586234560828,9.710232956818345,7.680362029539096,2.7378914544570727,-0.6748251488123924,0.23650753324094645,2.289099117517305,-0.25648000185565406,-0.95421791750037,-0.9736679691082274,-2.343522366943881,2.9877687946732223,-0.010588332090370849,0.6394900341475955,6.094832851092166,2.062966502855792,1.7092020720345227,-1.5253355976434473,0.8183517925913288,0.36806936802265394,2.193330795479572,0.35299472527188686,-0.8180729731969069,-0.1487871801681687,-0.4666898727180214,1.1630779006508931,4.641488213928042,4.88424739871922
9.627810458788076,8.334642388677521,6.610261508628424,8.153325017009532,8.44887122657308,8.602543767296252,9.231943956867347,4.826630447036901,0.8169676410949799,0.9478704364978047,-1.1450093419634466,-0.7282618395916667,1.5793762504640858,1.0525016274393022,-2.7647404944855034,0.07488781017798402,2.759424582564072,-1.6765243939747827,-0.7873146443088267,0.24052334503027575,3.953795966998009,0.139853360659685,1.3562631321953125,2.667185437375966,-0.7911905899046225,1.0624925454527443,2.0323575743341276,1.7253862159014846,2.0607819361223907,-0.05498305797930947,0.46577001666383994,3.4666455644610337,4.388608811430095,5.391536164423416
9.256466630293172,8.25192273761822,7.23677191896386,7.615212885647839,7.971136237352508,8.101092333717727,6.253003252041011,2.2697086993666824,5.407018235705287,-1.64217757048364,6.331578206211442,-0.2697998896234399,0.525782447250668,4.566176848069279,1.1412929887094667,-1.6552400945528387,1.5190996817360751,0.31135156236289063,0.09890741206996316,0.3109774839366542,1.097793452994585,-0.4682488648343273,5.031592973802456,-0.6685696168923321,-0.030514007848124344,1.235095309051439,1.0352498282498224,1.0504637996424393,0.2564736444988726,-0.22722638298220055,4.230533300704626,5.104267355595328,5.131971487000387,5.420748424066784
8.236018143745968,7.200858617229283,6.978144498047668,6.400411485673024,6.454110590884098,2.8945421065497468,-0.24420551183688244,-0.3790838488198255,-1.8040892947557767,4.610806485351492,-0.2936442446124315,4.544754021582305,0.8889866069770641,-0.5991413226958267,1.571524392122707,-1.1782129189297712,-1.52917896500397,3.139627917345402,0.1495513403482877,0.562325251929631,1.7743966433158507,1.7529600966752152,0.583459698196253,2.436474415229134,0.40772556390757486,-1.0516975593010758,-0.7905229119635858,2.1211866016017487,1.3405866889243858,1.1267539241275584,4.19981395728886,5.94924187747089,5.431376147987712,4.7391705124129295
7.225195840084337,6.7602418829678,5.678992364450124,5.398375441368885,3.378644883001863,1.820800279553767,1.3056431925168903,2.8903284686766213,1.8845876989178036,7.587665726914563,6.7061230078789436,1.525447062365995,-3.371056232083545,4.251466817755722,-2.046937302786892,1.9256026018594912,-1.6419968102198501,1.0323689201660688,-1.432379475491104,-0.47367711015912917,-0.44359341902422844,1.0735263816670952,2.6552048839171034,0.28305648098524416,3.1799187507376585,-0.6101352512195142,-0.9672312269278656,1.8219520489597703,2.4948473464235463,3.502639580035682,5.887076788307561,6.216032619285764,6.148082352641558,6.258179392889711
7.2517280385335185,6.857943429973919,6.280806710652597,3.864200680817155,2.5727988284816328,5.5687588910626165,9.191338304924088,-0.23133525745938968,3.2944977828200344,6.9234353503997035,9.008787808538022,7.846403892883555,-2.6804108998641807,-0.2952489887901923,-0.9651597749380438,1.0569907432451873,0.9655289832092256,-1.7694592019975974,-1.03917986384903,1.837464461930981,-0.4912651356563573,0.8688888868308889,3.3765778727227143,2.8329892117444566,0.02456614767981501,1.6024262469507031,0.7706321974144926,1.6213245728782926,1.289878545724979,3.7346931380392085,5.573733156406465,5.966142564514726,6.497101746012828,7.061493568934587
7.233113007419958,6.966050316238591,6.089536831271173,6.342114422609533,1.5095568493631342,2.1081051057909437,1.0251042464613296,4.466299001108079,0.6357210685716188,6.134613812611782,2.2356835520683696,6.572110670926873,2.0202387487402014,2.4219548198360163,1.0271572508936795,1.3917040690512108,1.0069444297475372,-1.060442414646097,0.6081799468633036,-1.7347819077674724,1.8701305914912945,-1.1025804552896148,-0.9033425145176119,3.0516304993612726,0.17984547970005907,1.0599224847796953,-0.2981459089422123,1.7295870831410256,0.07907965072290385,5.349562530282701,5.9545645105272165,6.324205059734652,6.714563683506094,7.637487182985275
7.927025655087187,7.22144778779617,6.16217525219296,6.100598274022143,1.6808474115183811,2.143346271375746,3.2181922593375494,-0.726348655979139,1.0125371963509329,3.031446198421053,6.161120286452488,7.314216602896381,-0.6715849174301753,2.032615499509865,-0.9841220994253942,2.0076184451625623,4.605547968395101,-1.2670283571167618,-1.0327197606980687,0.5151178571195288,2.5578624265260785,-0.5432563075816567,0.4805438919368103,1.7842390613888706,0.2626852876105216,0.8488984860403085,3.4258365578444803,1.4663270635161385,-0.30537538118817126,4.932911397467547,6.00874060946709,6.6130939491034315,7.282752389749702,7.642564212606557
8.077661328051164,7.159744309964822,6.330878688834981,5.645021565212645,0.7114635336965318,3.428799522251993,5.086158260932894,0.5097066843393746,-1.5366734497067613,4.44229508838102,8.342801171171212,9.68187076454941,2.044399772112387,0.36326706558343747,1.3168075942491764,0.21536981889186355,-0.8063109517615807,0.022409167660370762,-0.4475860706434663,0.7097098197853716,0.44728545762552924,1.9740412072881002,0.4062616802797667,0.2589745617397541,1.5141414926314236,1.5933108012733406,2.8336048917042547,2.744213228342327,1.8470002729282946,3.5065470520727104,6.649070404052875,6.986942204490896,6.293251345474885,6.375672122283724
7.682635077853774,6.704453624546502,6.34139441104816,5.432000087276785,1.531857541860448,0.9676720514958259,3.5530971013701222,-0.9965164708126629,8.00072780202699,11.231608152654777,7.774171569001273,-0.3496523009454944,-0.004269575264553926,2.604711049072168,0.16099237425699403,0.11755557669016886,-2.403480028719165,0.30127679103415717,0.422572804745626,0.15404659570637594,0.5550218037260823,0.5600270733161438,1.398966271195613,2.938270428510624,-0.30323181234466645,1.2844814394733794,1.55859308087057,2.756413770275704,1.8041115872170335,3.500216046394382,5.035210444247454,4.212930413934629,5.193579639505986,5.233591939308133
7.129606296306099,6.748689453714569,5.648688310839451,4.697991185983589,3.0718453134652184,-0.08150335560267928,4.760655041704472,4.274238587646687,2.38535037458488,11.521368775166064,5.727525826392072,-1.705298083890653,4.002251879420951,0.1795936277512609,0.4174118680644299,0.6247381305248151,-0.8050178689308372,-0.33093438830408045,-0.8815122397169408,0.47165852482304177,0.319851269029815,2.4028600393220905,2.322350749218972,1.551358193068817,0.7305420612106236,0.29917893095796383,1.8195817755627197,2.66006999369464,1.22130636715643,1.5439466830074402,2.6624768349329493,3.708253417555572,4.14458207120866,4.51609245107911
6.3088646398346055,5.86197218071239,5.287456724160065,4.752069473901373,2.38724819544366,0.004078670867154004,-0.7665412839320792,8.722796198590832,9.096419475853814,8.400945060034148,7.345651668358109,7.62303308670452,-0.8615986246970138,6.420316434004228,-1.3141696330239392,0.8273307247663783,-0.01728052563487835,-0.6069354190531392,-0.2375910259274659,0.6351215951501636,0.6591238051462142,0.30487374809965034,2.693511264945002,2.014401811051715,-0.20045795154279272,0.19808911583057093,-0.487043156553285,1.2101806821625118,1.2936744929522488,1.57320040232336,1.700375191631934,1.5292398965031018,3.4841500685236446,1.8974252073640352
3.732851497915392,4.627523924043554,4.777485149092582,4.636278084502485,3.1596005223521355,-0.9720250988140191,-1.7536416407621789,1.5548001911544096,4.790481835689921,6.257436489262284,2.556816440059498,7.608038300372749,2.6181905263317975,0.37746030153386484,1.1996067393099903,-0.20462712026392013,0.5210881092358627,-0.12346795906134338,0.6932386860521352,0.4918624005548129,0.684643068940098,-0.21349485799947363,1.6630884770390182,1.7334975397416978,1.6622758596440486,2.660586281551948,1.3703365313820386,1.4195178378895363,1.395093284328187,1.681499768092659,1.9574092820319346,1.476163526821058,3.245942730032614,3.0826580016309246
2.9210960733110993,3.2488932614141603,2.039212309726634,4.5503055655947975,2.899986326384875,0.6239406219149989,0.13067988450510884,1.2062259294616822,5.805648180180069,1.8030940332184062,3.8168947773677666,6.425224510635012,-0.4009408401621069,3.2288835447573767,-3.038232745070398,0.4722885527086275,-0.3868954185527197,0.14976375633234862,1.3998242323444874,-0.17506992128636653,1.6931482483656035,-0.0403533986187392,1.6511265072374297,1.6466558245896306,1.5470000479781854,1.3160459159470488,1.5520198775889076,1.5147072598376035,1.887395931795606,1.9114760772606005,1.7673236581092175,1.9107376475613032,1.2899244651228206,4.064368059921365
3.6757558300531157,4.35278150114276,4.510165243904206,4.808455152139039,4.332426705739491,-0.4955715326508355,-0.7485824545363937,3.277620814113918,7.521243703542499,5.481794179521058,-0.19202463207741052,1.0110261776411416,2.7713712897501392,0.6643257595160449,1.3252434433078861,-1.6825069154153294,0.191144996257306,0.943357293508622,1.050786775042939,2.0824599992586226,0.1921694015468408,0.5201385884955269,1.447087669892035,1.4671034983238218,1.7752821347142465,1.4517136808476385,2.228009296612266,2.48762142278138,1.9847397499835957,1.781878944990879,2.1452493008553537,1.7632529946198836,3.179554300402213,4.505310492364774
4.1439640018104855,3.948490274090887,4.859169983896136,4.847913312416124,5.269214949670806,2.1937065967588047,0.9050023939350015,1.5041805685182452,4.1325389023293315,-1.8228417612001029,0.8309312648228234,-0.9159139486573346,0.06449869807492623,0.2135597729679515,2.068568397093704,1.0384164751446623,1.4860470676697788,2.1894914870103284,1.0395445070335463,2.232291694654562,0.4880522141831977,1.932022547339468,3.639489414433109,1.5609198839708316,1.7444979030899228,1.575432123124919,2.790800104605262,1.7889830691096884,1.6658142859095602,1.8654120051496097,2.020101737302182,1.0321922841883275,3.5693302799691438,5.161732863524023
4.693369639702988,5.310235868675089,5.070653712149696,4.72009515770897,5.353620147346793,2.4178066304095,-0.6407392136054186,1.0322135014252922,6.0716350974866655,0.145934801157006,1.7948913638576713,0.05438136921389131,-0.17892328955551795,1.8262618028497717,2.4858415830822302,7.207317688271839,4.720732171343188,2.175569075264286,1.5229848345575119,1.803608235707299,3.7755145422979335,5.464938719515282,1.907300104196637,2.124019270692181,1.5690830257716954,1.191168588085336,1.8181225292008476,1.6423368320336993,1.6216808770576805,1.8030764823890786,1.7593445301059663,2.862389286596787,5.293605344499955,5.993981528702545
