script/wind10m.json
{"header": {"parameterCategory": 2, "parameterNumber": 2, "lo1": 6.000027932988019, "la1": 58.9999434238085, "dx": 0.5, "dy": 0.25, "nx": 22, "ny": 24, "refTime": "2024-08-13T10:00:00.000Z"}, "data":
[rows 0 to 23 of 24, columns 0 to 21 of 22]
-4.647303221910705,-12.729713836457327,-7.273375382231644,-0.9323446165661153,-1.000258222562448,-1.7473701263336299,-1.1540051658314057,-1.7332620755416652,-2.492898683040797,-2.7327155722279537,-0.9980353856953786,-0.16189484717473268,-0.8693197676954701,0.3450902123647662,1.0266164724617084,-0.9779762818406482,1.5757529038766616,0.140752198100417,0.5804716360225716,-0.09804112621614326,0.5084434294781796,0.45241942754997305
-6.240876759886631,-6.951968368836469,-6.364021337908949,-0.4985210031910224,-3.154343251438925,-2.1714397338583136,-2.1597340334554733,-4.145929371317563,-4.619354189552951,-3.9937151410083143,-1.9426311559947012,-0.42115364001685085,-1.089649948482795,-0.13544192427730234,1.4949617946525544,-1.8149852589603341,0.09401466628437971,0.7010537581189952,1.6064779043874389,0.7127388001562637,0.7444502006768932,0.4502571609086672
-5.989123389415719,-3.3639853241051085,-4.105207384562771,-2.6052470833575945,-2.808090305865574,-2.444834245721227,-5.463725370908733,-5.527408382249422,-5.203186713366054,-4.95396525537467,-2.1852851833523608,-0.9728595758637828,-0.9826075912716226,-2.1380784113713167,-0.030464215758742044,-1.1120828295355485,-0.011663026597619324,-0.9998489721165322,0.8053211331513179,0.2341662364077328,0.654382315202077,1.0364288316469095
-10.53269745992581,-5.632319989341065,-3.9821275306436172,-2.442228760798465,-2.9391830502982135,-6.179875300573808,-6.899140470576585,-6.6893076180497095,-6.209749109259612,-6.23622774866906,-3.433338018213311,-1.5073670318320285,-1.3273434043741859,-1.4107067300103946,-0.12723051527829848,-1.357117424965175,-0.6871819757203413,1.5245547701140738,0.3509517667819957,0.4535088582728211,0.6173797904515741,0.3808288379524615
-15.137387927894137,-13.311417035518975,-8.044687975087642,-6.0727908355447955,-8.026005451711388,-9.144360687603402,-8.685636885165911,-7.678663497052927,-6.270072423428039,-7.481244029978112,-3.83191260157156,-0.8872028522187207,-1.4479651415914607,-1.3566665991874576,-1.2016170234808627,-0.6392496960583285,-0.7861295806827804,-0.08723040977453222,-0.2982932000080659,0.3697320350614465,0.4650398934269619,1.1160631740884257
-13.792065474049894,-13.392842485722062,-12.657659918419402,-10.88140458584443,-7.875454612882985,-8.868901125917349,-8.20981288852137,-8.38812992817935,-6.4197348968115335,-6.0237231055002916,-4.529289790404905,-2.7128320498903458,-1.6762000033885245,-1.495842530724204,-1.336716759899218,-0.85970330948582,-0.515521084980749,-0.431354323743933,-0.21891652383223054,-0.8601235880596733,0.27291948303457375,0.5479464540789613
-8.20208769779945,-10.187572176914413,-10.092497561740295,-10.391289341920844,-9.997942821990177,-8.8559362874391,-8.313396035923637,-7.988136193585416,-3.7217846079856955,-4.0184892430519366,-4.117721748673908,-4.711249021846209,-1.0190799301832398,-1.6631398285421835,-1.5797236728687876,-1.0583562516240488,-0.7671151792960563,-0.8671569277818013,-0.7826108644887975,-0.4974276564688888,0.21325031054698015,0.2530953049264018
-4.227804256765744,-5.277579020614079,-7.874970821168743,-8.802688879536825,-11.091348169410479,-7.640649807043716,-4.838315766678771,-7.804116745546856,-5.077712002165863,-3.372711543583697,-2.282725494797902,-4.472334350687174,-0.5475852317523053,-1.4464739556869173,-1.6618899745277436,-0.9742880691284546,-0.8272323405103154,-1.0714105789288186,-0.5078412188340733,-0.7862801146214211,-0.4259452988869775,-2.5578727371295567
-3.62725751013603,-1.6755733642083042,-7.321319515029452,-11.052631110832811,-10.892315236564295,-4.037742280370413,-4.602324866329459,-3.858121826763572,-5.01009857088614,-5.126817252097622,-4.8982970681383655,-5.255920352241901,-3.7121260324000764,-1.7409291265233309,-1.6346903923245388,-0.9964970387065902,-1.2162167835348179,-1.217733179182057,-0.9928610166601465,-0.625456635094576,-0.6105349866782238,-1.3066636152260964
-3.7078985367229773,-2.2749929964256395,-8.474590526799151,-12.012467977601046,-10.099550476784714,-7.096288550785166,-2.6002215418554724,-3.917358483957965,-4.4719093069164915,-6.6254901005351154,-5.549079973571526,-5.05181559447122,-4.945805985642203,-3.0517271789445846,-1.4827705223778276,-1.1019687099705537,-1.3032255221502018,-1.2674342554471434,-1.212850631577934,-0.8179883186008144,-0.8411222464957901,0.6808245659771864
-4.931427302545781,-4.6668320902038944,-10.853718241998264,-11.456536073923719,-8.697567057794089,-4.20052640036681,-2.657943049117158,-3.8153146126381836,-4.937962663148564,-2.8872984539720834,-6.154978418533589,-5.8803134084689015,-5.439624442222507,-2.7996116981701196,-2.4976464895627486,-1.1609806436204755,-0.9455108896114548,-1.2060811788515948,-0.8211608283348,-0.5286505560698587,-1.2045274483283306,-3.2416742534658325
-8.388857078562618,-6.072723546131249,-9.855756969356367,-10.594144730355726,-8.178977601358955,-4.033218897473522,-4.186902580537696,-2.547514408415028,-5.305321270137086,-3.9295841784135868,-6.992734586510499,-5.607128544657021,-6.214296478132741,-0.07449256968584503,-1.3789756719397288,-1.6973837426852185,-1.2169546139267418,-1.656692912962763,-0.6747492215125223,-0.8239772531431586,-1.8806621024494214,-2.597558649787838
-4.654797539261683,-8.791069593506078,-9.208062252901993,-9.50639978984075,-9.518497367615382,-5.351930399485984,-3.2877307357659475,-3.169304060341395,-5.215584137155291,-4.747677271166038,-5.8131821781975805,-6.738805615225801,-2.8950070651533366,-1.952665348479549,-1.6499091574301064,-1.5895292841954103,-1.6789958324737135,-4.055653090062796,-3.5531529182625876,-4.927273240296157,-2.6529284415864054,-2.111865857261333
-4.087195182490611,-9.002440609299006,-9.462143136807823,-7.8384506734801995,-8.24311904251683,-5.283151549838572,-3.478476576807477,-3.5970897157664465,-6.3110914044372235,-4.124393496584573,-5.0491239248996855,-4.652798418983478,-3.830821915915603,-2.6719163060222892,-1.9668143962759923,-1.4495595139471433,-1.8206739682723894,-2.7099417654066387,-3.028758396128537,-3.4575499687389373,-3.019365948987624,-2.700608841405215
-5.486858837735021,-8.156567100453724,-9.395536620755434,-7.732596264167802,-9.09333444764411,-5.850633392343229,-5.14900553099664,-3.689075975129173,-3.882798680626423,-6.326167009716086,-4.009064939769682,-4.257948657436581,-3.498656833925013,-5.2033877147146095,-2.831036644535442,-2.254320300048105,-1.386316695677789,-1.8371538154809037,-2.01138382076757,-1.411198454193099,-2.1985109231052262,-2.536134453966341
-3.7266477821373307,-8.362178931130343,-8.865486660310125,-6.910896540824669,-6.620365566013477,-7.135869595367996,-5.687642417089293,-6.205041472984126,-5.329907406574792,-4.431200548617554,-7.6912761801388045,-3.9323184040262706,-4.40647539673973,-6.420782227603084,-4.009155264834838,-3.087031663681198,-1.849459249747207,-0.6431950835133319,-4.200845393482773,-0.3573330425600975,-0.851304442343978,-0.5996143152778568
-5.054595426876797,-7.089626530162046,-7.569495628460815,-7.409352043882136,-5.048652757307033,-7.136375462684497,-5.453554171072037,-4.837794317189074,-7.221627563506203,-5.424040088528738,-7.205032451995026,-6.383005542957445,-3.4754581600684604,-4.510715617599926,-6.28047474809161,-4.824738181605846,-4.142284388050474,-3.798671835021731,-1.3873443337768994,-0.5356422722519019,-0.17048544548770303,0.30929268120143505
-3.4301192985421185,-4.5529806888819815,-6.8805010813499115,-7.528176417819628,-6.687631015909472,-6.055639705125255,-4.338560099944274,-4.990742956002275,-9.26940269379605,-9.559378719839025,-7.523499539982592,-4.081734695064476,-4.996759955908332,-5.834962677747551,-5.596680097896339,-6.104669087526729,-5.292919928291943,-4.916804222598601,-4.0125969178904075,-2.7701356493581155,-1.3436957385053887,-1.3275551343525194
-1.0163492375566303,-3.9988619979209536,-7.305078659439397,-8.069868359170874,-5.8262243073597695,-6.055750400798203,-5.219938605866202,-4.197470480700334,-6.2953352577722965,-8.172681942842964,-5.871570579227242,-7.224306036506579,-6.076567163101225,-6.133715323558419,-5.184642954928758,-4.434930987465898,-5.828670163039329,-5.271200008847665,-4.731070375592756,-3.09756060496788,-1.421252334311565,-1.5077419726274148
-1.9560955512106672,-3.1477460677766596,-6.986700486446027,-6.898720111226062,-7.057187621388362,-5.882040810120211,-5.00310779679928,-3.689030394297139,-3.888871187634473,-3.2795570138027488,-4.280019632304729,-5.798801444408793,-4.316872939367897,-3.436580371807163,-2.6167175412863912,-6.588996874169508,-4.7916316436579764,-5.362718544291834,-5.016712065993527,-3.9226357331807757,-2.291868623733185,-1.8557963576950895
-1.187024890848861,-1.76212754932286,-4.277884018895235,-6.6622047320506415,-3.967864977417099,-7.239795576179263,-5.326338152707287,-3.9956685633355016,-3.442100752582916,-3.1049702777657897,-3.1881789386587287,-3.350049035337425,-3.4995381185267074,-3.663394474545981,-3.1689826574180024,-3.157810456849924,-2.620938297550279,-2.737008829055902,-1.944001897709643,-2.627131556555279,-2.092631668304502,-1.196330164875577
-0.6553818227076431,-1.1171707865561618,3.392459471152731,-1.6013742923181973,-3.842285929677725,-4.736519670630091,-4.062866152583004,-4.500257896007097,-3.274996297590579,-3.726615828125896,-3.4606994576095635,-3.326216178940928,-2.972055701837369,-2.784722132442232,-3.143799939163077,-2.978742857820465,-3.2374934468983625,-2.353822633588797,-1.3518313408027451,-1.8172801002730294,-2.104526339343703,-1.5403428285875183
2.362803716622657,1.2800206017406928,-0.8548158383805353,-1.0782079624365097,-2.785860920002176,-3.0035365194302366,-2.8973633712076436,-2.8696600980753955,-3.9721311273883786,-3.9275146644326497,-3.045809465848778,-2.22587472728282,-3.2754795084045942,-2.717729607007316,-2.9647602901192798,-3.249982773659473,-2.3731868207540816,-1.886012613957273,-2.588937379640646,-1.5245779826646644,-1.7389915925765576,-1.8147404996773004
2.1316158233140268,1.7339007516047253,-1.0243338287802868,-1.5345092957468855,-1.4891335987641279,-2.247029908983766,-2.53278655199189,-3.185527303063217,-2.865059695977219,-2.605379949834073,-2.1291721359612574,-2.434048855081971,-2.874187248111957,-1.9644299926736253,-2.2236479653884644,-2.68392223389169,-3.2053812286136374,-2.1837198113229177,-3.3920760727354096,-2.124713240591393,-1.6850888072997128,-3.1152264669185086
