script/wind10m.json
{"header": {"parameterCategory": 2, "parameterNumber": 3, "lo1": 3.000054539987559, "la1": 64.9999836372058, "dx": 0.5, "dy": 0.25, "nx": 34, "ny": 52, "refTime": "2026-02-01T17:00:00.000Z"}, "data":
[rows 25 to 49 of 52, columns 0 to 33 of 34]
10.944498967667544,11.039148260233947,10.547495883867503,9.573778398482832,7.9341534376672165,4.504314009143379,5.064570568373838,0.725950063571829,0.3281507347234874,-0.48357766726675144,-0.20827338638616685,-0.7928649212151436,-0.5944887305564903,0.5975755204993094,1.0307239663769827,0.830939432571106,-0.03667126548736605,-0.16522714957074966,0.31988274197624944,1.2148948104740112,1.1963317320518352,1.3800566096834481,1.0599430404449648,1.20635126229378,0.5720738130549581,0.8683389278118449,1.0334594376474948,0.8336646606920208,2.6356160231191463,3.810693405866208,4.408153801434651,4.9813097836492775,4.331855499201454,3.501822496820143
10.501560986256866,10.581085550525955,10.330139351756195,9.73440605801958,9.069472488099642,7.845045338532857,1.8408474564501618,1.2376237197689046,0.20466194141756489,-0.43635949063490004,-0.16418275684682393,0.10581439312239817,0.8168132351872777,1.0229403189632156,1.2932157456791453,1.4384054675255782,-0.09357631493838595,-0.15149289096338195,-0.11477887024627377,-1.05398610680946,0.07385853227883432,0.8772946828063096,1.3906398150765207,2.06382570972363,0.3081096702814003,0.5435755169870667,0.5812593339683976,1.6949950771142421,4.763598271978255,5.129386603874959,4.941403320904331,4.694237586738056,4.949546051758328,3.6313263123917965
9.275173664937894,9.79146173143963,9.643716206476189,9.324552542977472,9.161132141229677,7.064156319740186,4.8554356045514595,0.6843705729976651,1.4202284444975621,0.39580730616181314,0.8737379422364989,1.6046829805029679,2.154831207902668,2.496840509923502,2.682749239081044,2.19554671504639,1.221575351821593,-0.17046927563870473,-0.18127827400162821,-0.22781641589355134,0.26553357807632066,0.5406340857875008,1.1337665193880053,2.4363830980639647,1.0525051390648807,0.9056563863599428,0.8688490123242321,1.2709711136050512,3.9473247694456366,5.14540965740965,5.396646987792966,5.082738144340668,4.1535483321593905,4.054395348945104
9.224217488637946,9.124099134585249,8.759383970677067,8.174092384299488,7.520591216064936,7.483995745447358,6.533954267310342,5.294657621758741,2.9323925068157397,1.2756174871847525,3.0584394688395733,4.36735776637303,3.4947869307342763,3.2342452061398057,3.3767630560836968,3.1992896756791507,2.4798078936550447,0.19437371714117996,0.3962428004884987,0.6877213063615285,1.0830718984397245,1.278537881575099,1.5897928407600423,1.5141395631412389,1.1461235290724392,0.7907041105828733,0.8725551287597828,1.3411825133338937,4.8670831199238735,5.076793045151238,4.75452783839951,4.351037481831817,3.2412044483598494,3.1745004080081203
8.347185038672889,7.881246499830686,8.10717553685207,7.471291172404953,6.7128042223331725,6.2046767325666075,6.141802565124716,5.718029372316058,5.116690208618212,4.403705639049107,4.242934906557043,4.299436695015409,4.433263444461592,5.384630610660846,5.20572137605116,3.0672418831035277,3.346421257010613,2.0322055860946415,0.9586865343877846,1.3390507371344185,1.2306174062974329,1.2803549574590114,1.135239155503269,1.4723895325030205,1.3710344201069529,1.1280194166210178,0.8143332955088645,1.2499718524136885,4.730912358591345,4.733222950388442,4.37383945308421,1.853910961789413,3.907468490426894,2.8477066141334935
7.874486145360197,7.415316345574592,7.339455607324923,7.118963157203192,6.442137488707431,5.652674455581276,5.571275615491102,5.069845149622869,5.143471262274507,5.502364525245247,5.642614393051488,5.063939216464437,5.087117934424085,3.674185142489425,2.138328995234588,6.024060093869758,4.951394570673391,3.3973394459011543,1.1646501416591601,1.3074855662773517,1.2326209461394217,1.270973435751819,1.398485920026056,1.387634884969285,1.3074671285407207,1.2997921267832664,1.043957145430836,1.4394482691159258,4.498610426564017,4.100714236807386,2.2016000107281886,1.240683459508409,4.114177141173685,2.75893003101325
7.782312406689607,7.269934512609608,6.85923618348646,6.551511937382327,6.179199205893322,5.84643118844019,5.435395029024569,5.0769902414831956,5.328379295844536,5.028245821114406,5.320281608290774,5.11607940089783,5.267718449763998,3.677995356269694,2.8665688984537017,4.761816889446191,3.2454873196975487,5.635577733621344,2.7439586222306924,1.3198569351171017,1.2962846579541007,1.165111918692553,1.1050180153172493,1.294010599739476,1.1459403782305098,1.0731567636044046,0.6766295110486719,3.6710990424027474,1.6784984262015743,3.2609287814528667,2.3500930203626096,1.471320804762088,3.848982360077935,3.5390707412174365
7.549577813737867,7.28579274550425,6.900339531264554,6.450513093148596,5.92291980281486,5.536020698862632,5.396320895554758,5.339573011038878,5.217585566990176,5.178526638415619,4.3507527955587975,1.5497532723219618,3.4709158903412822,3.5122729385176195,3.735284653030151,7.060372126252442,6.331342261913633,6.094856255764855,5.214488304370102,1.150896890395613,1.1691762946535114,1.267646751485635,1.4397501485676716,1.2854614863920923,1.1854178125341395,0.8726968770100157,0.6657692304745423,3.0352040824963344,3.654505382697843,2.993774906239325,2.6320356678283083,3.117578689255255,3.52432427576801,3.537897905334124
7.377942546834799,7.690590897368769,6.8216445436324555,6.680041097522927,6.224363579630646,5.75771010408589,5.233113488333105,5.198001862006268,5.102914247454957,5.109570117595258,4.18715377623161,3.0331828803876983,2.1829881912181306,2.6371624977101455,3.5217875009997135,7.703502772440912,7.1222526699523305,5.482849953087985,6.031034170854853,4.032048306322486,1.3373649345302698,1.1908837252107922,1.4204635244767427,1.1296301911507505,0.8847865580828684,0.8132597860382778,0.7335486194652352,1.9523794281953375,3.4123443013124284,3.158904024957045,3.1192820028310138,3.2371550973898144,3.0247723226840573,2.912329302551151
7.413458324985362,7.1051819120123145,7.417202284309778,7.10041675555358,6.659532633580022,5.677273719076896,5.514415639977012,5.376832131973499,5.224714469448475,5.246677295749592,3.416016922979029,2.970774090126459,2.27651965014282,2.906534035500621,3.202662633822006,3.2314119947829636,7.344923273838851,6.592379068696066,5.830467448901747,4.2365697207380295,2.580940163305172,1.5136438321765557,1.1718713658571052,1.0461209211954072,1.016221433436908,0.7488687869746021,1.190248555275705,2.563888573670001,3.311822585147424,3.0761558750399707,2.909471318847246,2.988185621599308,2.939704666004712,2.9105307872641903
7.65773178040738,7.493676272786177,7.188815456996153,7.5802675624771885,7.3585330387566055,6.417156339420712,5.565692845328567,5.305865233242167,5.389200379932442,4.686141132404686,3.927300536040514,2.497573863186733,3.0117815756389157,3.3209346970216096,3.930426884233917,3.564641362628451,5.239552463493883,5.644631229971637,6.466193679092708,1.9748760804737178,1.7449042715367569,1.7344708219754432,1.7669161218809317,1.6701094638490326,0.6170183655322146,1.0007660493297794,2.1199976453267313,3.823371817987224,3.2236665602732795,3.0333239468672,2.9301462342325455,2.8552379708967215,2.7129234382159892,2.653765466295215
8.653445671184324,7.887683901533371,7.856287932840462,7.508840642250916,8.034249424770412,7.392802264633963,6.428979204159116,5.432323024683385,4.601394352634968,4.741705987887815,4.26181234916617,3.12373751691382,2.7665813976381135,2.8678489333254475,3.1592747693944205,5.75477346061854,4.498546397374662,3.6546053022666896,2.7266956339334216,2.8606192743762375,2.7241429736011167,1.6437424884146106,1.956981388267754,4.8329335246520095,4.015583558822172,3.7514470215103604,4.026557738760242,3.861908347956284,3.215146564757858,2.9786593045497467,2.8827600590381484,2.806459232931935,2.6777080609766335,2.5576042875468756
8.856982418990992,8.997447889951367,8.4572471047788,7.121069250974361,8.027033298588591,8.072200818677004,7.224054953245976,6.220175021487915,4.977971548737934,4.343910296113706,3.6728036635079255,2.08452060448229,3.091898221416759,2.7474513020920934,4.8811634994989515,5.524145825346593,3.9165569557570965,3.7051871216102987,2.441126807349145,2.453730794500661,1.5642091044585686,1.9729693441471285,2.006683928218665,5.362449010189285,4.935538137299473,4.329932097510522,4.077484124216963,3.9668948550236784,3.336147136917722,3.031974576463896,3.1131146556066582,3.1405728796053762,3.111960577995245,2.7462130476038373
8.33767772331058,8.511114800782678,8.142395709177622,7.914425283799647,7.7725974480770885,7.911976075297212,7.896690127566112,7.1137887418775465,5.828421606978599,5.22184897668894,3.5336552013108533,1.8130960852763702,1.9196635872139436,2.4654357462981986,3.155424007972319,5.157365162366347,5.973016557438657,2.446174212529815,4.072532436284741,5.7254792257261125,1.9737753728239031,1.3145267668747596,2.589866696800246,5.535829433283297,5.556763546849223,5.683926276508024,4.8669699179741785,4.037274392262593,3.3195814022296948,3.1002918548470446,3.1206872743736165,3.171010194482336,3.3689344220841706,3.236584520632985
7.943443521892871,8.137101921061568,8.126717842680247,8.64082473532043,8.824418701822701,7.579941714375493,7.623237195321918,7.533501376098168,6.411528649837167,5.029533013395516,4.3970824457907804,3.459063757927461,2.503342795685814,2.4833654806044057,2.850368327875507,3.6011828421441425,6.410628223430416,2.502363943499073,4.680077863828995,6.967248922891298,6.394851924129137,5.464202793751698,4.251366984681221,4.3264215841675355,6.065226176707726,5.26543475096773,5.443067312715209,4.610844228688573,3.2889732731910706,3.0089277923822224,3.273696668643699,3.508031464704583,3.8965209279498842,3.672502455551516
7.973676093185303,8.289106740363945,8.187555771676653,8.182878242888357,7.276303293486401,7.461415874565614,7.151996938503763,7.083879577578213,6.859566979844354,5.707931253699896,4.340330401830735,2.9798222304203095,2.4795252259941347,2.668554788491338,5.528019729837527,2.500163911549542,5.8476403772944305,5.236060832493821,3.9388451645974887,5.14322232349638,6.79300926795885,5.810364054884261,5.129594555975039,5.022247390399292,3.304955728111581,4.807630313434907,4.852269093213785,4.188907616378007,4.476297461122146,3.149530298979159,2.976659700515084,3.1093279423162965,3.109840389094482,3.2621946521841756
7.745145004911098,8.15560230479425,8.524862859251906,8.104288521133027,7.464729474594074,7.186122910288154,7.111123817432545,7.028450994609768,6.75779666100423,5.703270214596387,4.551833559220052,2.658394403140287,1.7248484322512365,2.8179420933407764,5.47068681117469,5.940287283648626,4.155557860761553,2.907287469272225,5.959570490838283,6.426273902824517,6.404219069583737,6.446700526497071,5.66626931546944,5.343815442267176,4.835303996266353,4.526665308454336,3.8708010060022766,3.4133275550140905,1.9811914229170042,0.5665642426827922,1.055252744962063,3.479298718516941,3.373698720471254,2.7038118068768484
8.227090362580022,8.331544011582181,7.853223661341143,8.040103109594694,7.602509911957671,6.508070904582291,6.292730474403575,6.465182662090538,6.2615330119947465,5.813430696550365,4.435226447345647,3.335675040911778,1.6071677040066847,1.3619138005127678,3.797347010309315,5.770003734426752,3.7510511576860686,5.711271206279718,5.676769318410392,6.323291040431568,3.6704372248620474,3.6947044259022177,5.603083939736687,4.836009035648903,4.482998686227164,3.4042881078185294,2.071647321025226,0.1634034714004338,0.28283022334623453,0.43509122456285687,1.1609999808689233,2.6747398115794945,3.203636197230601,2.444924799465297
8.460885852327046,8.340488337202459,7.19895909316554,7.218237963496075,7.245628730743815,6.846735897220084,5.307062362701915,4.520272697835322,5.349471088076946,6.059061239092638,5.102535681879621,4.4981503924087445,1.6218100560350874,1.7099112617745422,2.570113376518496,2.390049401821507,3.6154378488726207,5.641813788763413,5.455794471619007,1.79465118901998,1.6320188485174545,4.722319424155655,4.468968040365541,3.914188438352258,3.8541933474930037,2.227347803414495,0.9272292396460776,0.19105997265442023,0.6740531124075214,0.2556380379621374,0.06327084030418592,1.7335848281812354,0.750495884713336,1.3611205680534513
7.547802941584472,7.2464180429322145,6.719814521089902,6.106618650881261,6.393310505707668,6.341374145554446,5.769454912647039,5.173516272421541,3.996898889108891,4.9224414839368125,4.617496375950368,4.524214100926642,2.464216095264047,2.1734425152613928,1.7450431692454162,1.8026695360607934,2.954389668760444,3.6245180892819353,2.35690564305395,2.6488300491604213,1.0548160103804192,2.0424593373063247,2.452831072134797,3.2558137020866726,0.713196295742755,1.1665532018829774,1.2362763828269996,0.5756182799777153,0.6614504436357644,-0.24871213045771196,-0.4299171116003852,-1.200107329233874,-0.5491771142838401,-0.6742196143431511
7.033189619610017,5.293261807615841,7.286527596555414,5.980933662900093,5.636869714599387,5.968158090321357,5.978224077952613,5.016655046058676,3.5978829323226456,3.138614241727625,4.5166780005469835,2.4726996096776124,1.9087410372079656,1.992259435373341,1.4304381904412227,2.5443738865978363,2.9071364856016646,2.107001700491458,1.4958468305815322,1.6073250148873044,2.7084461292847224,1.4583301270258966,1.9324042886364174,1.8321128555735817,0.9756605158361702,0.9643092646018386,1.136298290356676,1.2257320081084497,0.09986516029814675,-0.5810829079486886,-0.7333178345625759,-1.1685687856191598,-0.8757743336279165,-0.8429467246163446
6.2200281763621,4.99240545322159,6.2423472006281555,6.349419774970088,4.764802365197079,4.69591649599573,5.137967771071441,4.5296989226950535,3.1806029576871926,1.5086228238570645,2.7003680529828884,2.074963800753673,1.282197813717179,1.0460423731174961,2.312718203823319,2.3219496196732172,1.7607787140453517,1.7146916157601895,2.0594190568663437,1.466449260669501,1.273370118779682,2.3413882832918556,1.57347975053095,0.5043633349883005,1.4404230922037295,1.1138330777229735,0.5586638285631389,0.520502332994696,0.17645891614224962,-0.5682872374686697,-0.4312759715907979,-0.5387917807956163,-0.08154995561592603,0.15866071254003217
7.001156942586922,6.908956798412789,4.89285858698385,5.247304360148788,3.032405542291433,2.898905188737065,2.1769020845430678,2.2152993489606954,2.153004614874062,1.487413534623022,1.0475687380799854,1.249523021455244,1.3991328626070265,1.5705215676297266,2.0302734152548814,1.2151085466418776,1.0204547621705526,1.1657534807953114,1.500506297842163,1.2597704224541832,1.432409203351992,1.8605821729827055,1.3332346606902195,1.4467488619247513,2.1965008355612055,0.24158883474285206,0.6300076870712393,-0.19796752546858482,-0.7250460575501864,-0.8615886883857957,-0.6041661944534631,-0.601954255803865,-0.2928538678798615,-0.07155576832204313
7.793132653399883,7.568773751331348,5.911974670596468,2.2409783035271276,3.1031332112864822,1.878517947722126,1.5582848567560927,1.1344944871426343,0.9969797284774579,0.2919589054501774,0.7507370625826172,1.343117187870044,1.1342721765250765,1.9975570128592919,1.0280763072265788,1.688759255514981,1.2549821839947475,1.2386210398943476,2.251808106013288,1.221278732114165,1.5180048428462876,0.8342065187797345,2.0084820203171083,1.527744338478447,0.9609995789894558,1.4216093565448376,0.7897373277962083,-0.3304371952795497,-0.26075651905803987,-0.9843807935433797,-0.6605218435612249,-0.1263950806365758,-0.6033015134620086,-0.006548932941359502
8.317728456710038,7.7339377728499334,5.053301030596066,2.975605867870611,2.006770672438159,2.6695464762309906,1.3716032394305997,0.978642839454441,0.8818203727838244,0.6658096911258616,0.866758258946872,1.0450854155712987,1.7107272430423472,1.1880471023346606,1.198844326800055,0.5998969513944801,1.2103335040993883,1.2793888542095144,1.4052914337304991,1.126429327186604,1.6187108494633635,0.5648702069686375,0.7885609664157203,1.8518747900927301,1.6987233363919074,0.6444008865356554,0.44117918839779835,-0.03507278275374984,-0.17532002184732595,-0.10514371403689952,-0.2925712647569876,-0.6316802925580617,-0.3203326084879521,-1.3806296315194888
