script/wind100m.json
{"header": {"parameterCategory": 2, "parameterNumber": 3, "lo1": 6.000198445256149, "la1": 58.999992894266676, "dx": 0.5, "dy": 0.25, "nx": 22, "ny": 24, "refTime": "2024-04-15T15:00:00.000Z"}, "data":
[rows 0 to 23 of 24, columns 0 to 21 of 22]
1.761047959360323,1.379810509687665,6.079287914189508,15.614753587348284,13.00824229234058,5.669474902534625,9.321121142308291,1.8283155798085273,5.680522132744419,2.397621086491541,1.311268540823533,3.438446532657715,-0.17067037629181106,-0.21816014077313303,0.09429067085307309,-0.5205673717504784,5.5011574708625295,3.4526329876960795,7.200494522667547,-1.8391494206749437,5.686951031312359,5.231044384845689
2.794300021410187,5.096155370642717,2.2123543495210742,6.422436577477346,10.516374257354714,-0.23483083604497723,11.056071851130891,6.634576355169622,12.591306626393552,10.00715172304739,9.830028622760116,5.822426212406379,1.3118155036465724,8.234342758160473,3.6651211008901163,10.92724337189852,6.701316262828178,3.7040443913273373,3.993830697091896,-2.1533116877377707,8.963083377485162,6.173603187926266
-3.5889327791275254,-0.2145062412378082,13.404718896502168,3.7842326212251334,5.7200658020234645,3.4754361560388674,5.6005505694075115,-0.316177373682144,-2.9189754034999433,7.0826516220658915,2.133095826885423,3.5882397990987305,-0.7892492768359833,1.641743489013709,1.5884911900055925,1.7316692210083964,3.3291805697600183,1.1324692659659834,0.9606824787247418,7.237262716271419,9.571131456908264,0.3351998098709263
1.8198672659055213,3.0598472856937575,9.789623036664139,2.342399758566806,2.369143543549997,6.684054152061296,6.686203776903958,6.675603702574593,2.755370813893125,9.342982353908381,7.69213660042016,10.102231574223923,14.616247257512466,6.302036992400903,4.173814225532464,0.9173749254875208,11.725348386460036,1.6741091927019605,5.872781224582373,1.468431530848105,5.155880446896976,5.508873879242583
2.9344142535516893,1.5972317535361626,2.6697028330722405,1.021167736466603,12.843379193403688,9.38357218705379,5.94239723120945,-1.7352710281141261,9.164180744136852,3.1126899782094,4.237461973174985,7.185452739461746,6.241124583215536,1.8491066920388806,0.2591295719369291,13.219387466991542,7.486154192156591,6.04012914513315,2.600306334670646,0.5479799662597544,11.887604652083718,4.925767226936643
4.2283757080188815,4.2442487463009915,10.801241498776127,5.900085632797236,9.108919176401221,8.175718867544704,3.6934330380561002,3.3396196792470176,0.998303344229601,3.9540472332121297,4.302441574259956,-0.3494331533608425,6.443643412177746,9.422533397271799,2.9618078750155714,5.513198681044776,3.18191073190059,6.168348000130903,2.9005307812216854,4.796113673155021,11.227282434343042,7.295588162706778
2.1139387220539514,5.07882411647313,5.774212435132331,12.233344200044742,7.874869586817908,-0.5734765829126041,4.7389609763101,8.67513000659615,4.624985504201927,-0.45736533718001393,1.192443148295364,5.939515943516727,5.7919068823222215,6.359204841376404,5.1069149833358685,7.293445546747172,0.6299772913018018,5.33119141117408,11.281017361707244,3.157594319842796,5.11105372592996,5.422764627132339
4.887202622990767,3.088324956017037,6.794976087991163,5.272982144024565,4.313437457503378,-0.1138624066757118,13.243924445202765,-1.8628312939606897,3.5393260442403647,0.1984870493324311,6.635929730944806,9.824706699641219,2.415287310040892,2.6204002337265897,6.569611652736023,2.391591065363556,4.270133635766736,5.3655191699375795,11.518543459106391,0.4487746089554631,7.816364684048787,2.819267755794351
2.218403703268145,-0.5844568841228135,6.216619000679507,12.713369927291888,2.769091520676327,6.024858073258,3.1517875199093233,5.731254293553314,9.508484663000274,-0.6422653316258143,6.760158950723463,0.5268868854997353,4.239927267902194,8.47586680247289,7.799790706621978,1.177070673225664,5.476932540367974,2.1888912511284673,3.1921602564407983,3.5886245647016177,7.714709683490653,6.064862478050291
-1.3591474522238651,10.707744386555788,8.949294068723779,5.267152200255274,4.775604673602058,-1.462584711191878,0.8668151518266003,4.9016290737596435,2.6060858196795706,10.515801725029581,3.7861454921938167,4.3572813285189875,1.2594491252443436,2.857185979195836,14.54447799436567,10.58939824229009,6.658906942471033,-2.445741194113796,7.958786856706607,4.128496082368452,4.87643888840118,10.118011501801458
3.4994501028338387,6.797133622384315,5.988304698152449,2.673918233819842,1.0685598958152243,3.891234055520543,17.347217400126723,2.696546782428409,5.8324191483268235,7.952423119809883,-0.2937066079770119,6.417409873512976,-3.078450820012013,6.252459316476341,0.27935023397760067,7.776468970403286,13.475590369053831,6.855863406301483,4.271495315939718,2.5818134987539807,4.460741909394074,3.759716915965096
-0.4471762162687647,5.987123670031715,5.582200439009258,5.5765539451175785,17.993530212528178,2.0168452475978373,8.399114578910048,6.612672548060598,4.9947531636401115,7.240594750611297,-3.158109866285408,0.19258638309424575,6.273775872884523,2.3199597677455692,1.4487530142786482,0.1954262730328407,3.883645376550774,4.317111255137929,9.36389717682523,2.051888012421407,3.8677669505953753,10.339896928755575
2.289018365753623,13.129893016621612,8.524834560276952,6.119551642547866,12.41501866276101,4.135785069908564,4.265975105405567,4.4919790288157975,3.6131207622779513,-0.33244555783268215,8.985560762826967,4.462535132644839,10.118374110463346,7.022616675685882,2.8825413885953304,5.420225664182991,3.4945493345481062,-1.6177103594472735,5.036037474772198,4.012545317432358,13.702820703179103,5.31486594654583
0.5946478637751137,7.794021498499237,2.9844002155694644,6.781967764870232,4.22829508510438,11.32411676514673,13.494712270011851,6.606563734774902,5.196671408774279,-1.5287536061968259,0.0955269331447134,7.038845475725391,9.106386126766415,5.22922407374485,4.0869981967081435,14.532747344731119,3.2970495342113058,-2.1431816248033093,9.791671906107654,-1.4622123827919327,13.077895577758893,8.202570305337478
2.5728786077452006,2.7458902711389275,13.382528976179012,4.674747306261677,-0.8544343110501336,6.267893551063778,6.445409380600402,4.78974141438614,2.1975895509002883,4.820924394945142,-3.341019890638321,2.0613584385021877,5.439378373594571,4.129815569582644,5.213038120373766,4.170296258817504,3.209718384673278,1.0534290061467082,1.0274578999770307,6.227764242940489,1.790472620297469,11.214326557730526
-4.023870720646543,12.892873198601887,5.738732656206076,1.5300254241794258,6.6829211034045795,5.513448886816576,0.11754910743886582,-0.6267981091397432,-0.03264871881080059,9.062976187895003,15.827786721716803,5.724823304043482,5.160621362332143,3.754852477409533,3.593935004718526,9.803074367480534,11.444144996847138,5.3484484625714614,13.38080937606032,3.319876140006459,6.324458717572283,5.29282702519003
0.2877539102385585,10.580634803393048,2.132045638728867,4.91648073950205,5.734788872001504,7.904481096538878,4.350161900437219,6.7810814184132715,14.011699077415258,8.821458950836695,0.2537079499761969,4.267794588035886,13.854103500754329,9.596553742056134,2.177624938844345,-0.403659685503337,3.47264338173805,4.064419166897008,7.570280952272737,5.577809336203555,-1.80645171155701,10.06015675642886
-1.358746007592334,5.574888824213455,4.081873519565366,11.998437511191261,6.198173106424736,1.477758251656471,9.60675220646806,2.0098646633007786,-2.685732495647306,-3.594165384208642,6.01668907750785,5.569330983367155,4.444319535899034,7.628324913065058,3.5816694323044516,5.701516438308193,6.5397346018303795,0.22778750170905604,6.194742116546065,3.751416808725023,6.773709763139354,1.8283253804996487
3.8293940247002705,10.339057644054753,-0.2017749054364189,3.5693468207124353,1.0563374378153156,6.23841833854548,6.689813495524509,11.302457317963794,-1.9251948004369182,3.8569173986241534,3.9571223031390326,12.483687042725466,0.9735566188545539,-3.3363415053305148,10.14458906928651,3.4978071765249825,-0.8079947078248498,4.3223887576486675,-2.046458965294624,12.917983898923437,9.844997228211959,6.389324315488229
2.951698497543733,10.082599590447908,1.3195513742126062,14.416119157254856,5.711897669472824,4.126687937370473,7.704938474524483,3.1052049578642253,4.736868762891264,8.760597072844572,9.31840897831212,5.371305469335806,-0.18996296601242346,1.9929000485475004,1.7949396939309763,6.511119825029688,4.832460395046889,3.59153604076044,13.572757188745978,2.7935127327501474,8.7925536103432,3.8960203109826606
2.260682196780466,5.216783903702275,2.653132495059217,2.789004378316802,0.5165219011465838,4.715101506505103,5.840844657311572,1.3482447490339189,11.984035251782121,5.681039287487298,4.4604507715755135,4.499385301654571,6.816236015947919,4.600177743672605,10.150743580378421,2.734293389071933,1.6440689621846585,4.815308491682384,9.923653272638603,1.4999797966331012,15.026936408257045,5.511704485793417
-1.4015122647082903,6.864357226029532,4.028163217544504,4.517650368830684,8.470007165549818,5.356036216259279,4.617107779151149,14.440911597111118,-0.5070754538516408,5.124054071385474,6.841615266494757,3.2821956978810847,4.234384678854857,9.869202788473403,2.330323393256289,5.793520393484195,5.2041647032412985,-1.8929468776035339,11.067994665280143,0.7842450232237511,5.31193976378907,16.483586440294115
3.3685890505766904,5.517573103460092,8.754263132624306,7.57408431890318,3.8748092699512116,0.13713454363939884,5.01555381453437,-1.5170524088003297,5.9708853571875755,2.9744223629204964,2.9530300094793778,4.50676166219923,4.598924166749886,2.331121543105925,3.9373051774520422,1.7417194124172075,12.53680325514393,6.9370466921151515,-2.9236906792171236,3.1406447934352166,0.9478186923910469,0.9986547419158788
5.993677146937606,8.285341727967044,5.533834745371275,3.5818782463398464,-2.970595226168652,6.070572102122972,5.427417326861667,3.7758883168477384,5.2613130752198485,4.976585950086346,-0.9673903769149309,1.3146499364126942,0.607912324677323,6.5845672225181335,6.274097460812934,2.1749686463643974,10.74430670031158,4.102293722852791,12.99527607303049,8.428157398211773,9.605998021229555,5.778767613668765
