script/wind100m.json
{"header": {"parameterCategory": 2, "parameterNumber": 2, "lo1": 6.000198445256149, "la1": 58.999992894266676, "dx": 0.5, "dy": 0.25, "nx": 22, "ny": 24, "refTime": "2024-02-29T14:00:00.000Z"}, "data":
[rows 0 to 23 of 24, columns 0 to 21 of 22]
1.5263985114182528,0.20824944379913238,0.44950097488805246,0.5220500398325801,1.5736132248098995,-1.5997487680175049,3.741800264983005,1.8928211198708578,-0.28550792307329886,-1.8065607058317172,0.21383327453067333,-1.6583952151201349,0.28741018850130734,-0.6167539609722646,-0.8227663187326448,0.48311753228003756,-1.6852233828375922,-2.1457125864756628,0.31325708008280967,-0.8670670492277063,-0.8932501194492267,0.429562361206797
1.7164555989244608,0.608324720922337,-1.1176334238035242,0.05400262934771645,-0.8847767309519892,0.6661130573130044,1.9087258420967184,1.204660998823915,4.845484529108498,5.085572266320072,0.27574616006356373,1.551001701089702,5.715871659653222,1.2245576462469976,3.6284569199606627,2.325172192265195,0.9669233665639306,-2.5776900212700773,4.196977511627811,-0.16177930818557384,4.968691628838086,-0.450583849600202
0.11478295844907055,-0.5003225874187813,6.006456985338323,0.7136532776240798,-1.0702992436294345,2.6981278703993787,-3.1702931206049576,1.5711085028533442,-1.1524660029233693,0.4566101851443989,-1.6615533409068766,4.550596421362739,-1.450108683274284,-2.176446247506458,0.1493181561618073,-0.14166185379577523,-1.155316889101454,0.8760271499374946,0.3436810518943524,0.45945672664550957,-1.4818485427653352,-1.228664961614285
4.670753290081011,3.5371613199298793,0.10818453842749709,-1.245054504777746,0.14630367219020524,3.380540186806445,0.7577287598114505,3.391637522121952,0.30249127313214763,5.2707546208713545,5.627513394263548,-0.6360357698131781,2.489481654472781,1.4558549926214304,0.5050039644188028,-0.06511857342023482,-1.0172935487729815,0.9963577138583747,-2.0336426421428646,-1.3052776538961126,-2.8222249869975444,2.1671576011766716
-1.554007345420049,2.5228094318235863,-0.01979244544883568,-0.8647201161290513,5.377506621919865,0.10507775338432829,-2.2549083436382373,-1.966375614617561,-0.013489534043044352,-2.5219908277470906,-0.7749794260478488,0.21746371918968818,1.6485783653691384,1.071056425040733,-0.7025011476198962,4.875437749230558,0.5275554353334655,0.8014009328771281,-0.8051276038211755,0.7110182770953997,3.5793406061477566,1.0500492157885422
-1.111000315327391,0.9412502887446358,4.478645173990076,4.846120281269535,0.0069288904945064515,0.4216461173022363,-1.341043847264812,3.5893756611315273,1.1755279941675278,0.26230306507011464,0.9005356386019089,1.0973955556958057,-0.2775765330986966,-0.15709869322315567,-3.0289907422662887,0.8065539765204316,5.571231571787244,-1.7291119719454238,1.640030522087491,1.3992789331761424,-0.4992128919745135,0.5942644781583476
-0.4100426397296307,-2.1421536700732893,-2.636807367370566,5.007347113894092,-0.4535960599757937,0.30356369993168814,1.9901917499637027,-0.6344923595563831,0.1382830941851282,-0.7689204344213808,5.301653848436048,-1.2447770908638982,-1.685744061158546,0.3848823455612682,-3.4348897872873385,-4.111133245513223,-0.6889130302851028,-0.23073651976158452,5.371648358068069,-2.612231446068661,5.189925678339456,-1.3756030524215042
2.1090142225190194,-0.6682291356333999,2.1256404153288924,1.9211403192170178,-0.33492225017954297,0.506546440739258,2.2593879072170293,-0.8171587831331337,-2.316630051114953,-0.9640703300520113,-2.362189962964287,0.8180978974477678,-0.07048206137945298,-0.7786383045856752,1.0738528419849405,-0.22514897977117745,0.7530984846362327,-0.23472186951534904,3.407580834510047,3.8403991214469637,4.362723816410082,-1.3980368246294244
3.7647050470870336,1.1141128178733852,0.5328907854425289,3.273102221962162,-0.6827990785317977,1.9893026005207386,-0.8372926688552049,-0.06332724532320491,-0.029111954583462947,0.9482328830746933,4.443116213351539,1.1114601154903367,1.0101984653326284,-0.5421244023219511,-2.6450747357014603,-0.22864793951402068,-1.4195481464717565,-1.0463682160211076,-3.2426940863898097,-0.047911598132610436,1.2301002525577183,1.3230192652602375
-0.8934827851274081,2.4672721561773012,4.042602978710837,-2.934074409302737,1.8358497010271428,-0.4552878457136794,0.5855989818705187,0.11982650883863676,3.33923633598283,2.5198408650951336,0.25198164008736423,2.018353441129965,0.5380290110929312,0.4453281775865465,5.275299528450374,5.787523962185773,1.4254739311984492,-0.15360657506900774,0.35020272511275846,-1.827833255082306,0.2384377093574438,-0.7048637068620761
-0.6044573563902685,0.18352145365266256,-2.4679389172182837,-0.8877565207317755,1.23371516385119,3.2641676300021496,1.472840375147688,5.363767936777768,0.3117615305362027,4.8779749545932525,-0.17387679284433682,-2.1118409123101887,0.0747302069025869,2.476975878301922,0.42335080676910486,1.0068109407576198,4.119136163320196,1.2478057585680056,0.8655661729005496,-1.1377692004586935,-1.8206122871970973,-3.177944292839665
2.162033799689673,-1.7283011544426437,2.3126553923802584,-0.931541862358488,1.939974600528794,-2.0372077354961973,0.5877410827175851,0.8590544575242968,2.1429217624824473,0.1474436322667387,-0.3438617518990463,0.47509704749193116,-0.0819922578847196,1.725581474115873,0.3323864837920641,-1.2313141575125646,-2.925233593926938,1.393763899545796,0.6071113391205585,-1.9948581447901803,-0.7622528952647151,-0.6087221270315601
3.8687323274222587,4.267910069545114,0.29763735534179436,-0.2911697085361252,-1.0049701767193044,-2.0937174702667884,-1.0596224456132473,-1.126859039509667,-1.1594934769064371,-1.2343432489987411,0.3976762360041704,1.9362438841127516,0.9670011042459208,-0.01253321720552553,0.632167915443585,1.8562939417396769,-1.2570945401581843,-0.42176115936788605,-3.31166277323549,-2.6889412817323626,4.987740938627654,0.25331208366627606
1.4032089126697327,0.371227409874314,-1.0989090148178022,0.8369822331379473,-3.0920247357840434,-0.7985699226337795,1.399704929453543,-2.800352752595473,-0.7516821331290363,-0.7095807614621973,-0.9507562470469337,0.6879168228015804,3.9048609491755255,0.06959514827926722,-3.382287162461034,5.839202227964156,-1.9528197717884743,-0.7567389441096797,0.2257897808340908,-1.737714446726457,-0.398933563265595,0.3074504087528818
0.7103362653916393,-0.13011574585015248,0.41481806736636084,0.9982180505115166,-0.04867366198641013,4.206423073057606,-1.6543955543830082,-0.2036431353884549,0.9788175381373864,0.9643221971413248,-1.712985792740718,-0.9143266787489016,-0.3847825597243869,-0.24364872797001194,-3.4668015422460012,0.04550695937354662,-1.6000212963443117,1.4802714622691373,1.6100501399101188,1.452242787218518,1.9304065934394703,2.66332058232259
-1.948881837740732,4.658792909091095,0.10946700277801434,-0.034887880190244726,1.188938529874414,1.4330126620751447,0.8860854685173738,0.3749350862456549,2.0145796023994,-0.010010957991164257,3.385077455082235,1.9444473979724517,-2.107391419257201,-1.4233365069846178,-1.7267730838928579,4.624597446661558,-0.20127849353225696,-2.924210118907299,3.960131161413408,-1.9586529128240189,2.1800885135266634,-0.5509628844603471
1.3330235765463123,1.0192532655122508,0.4100060161712438,0.5070380370452252,-1.4509443474925194,-2.08431249933643,0.67585640101509,0.4868621395519937,0.9546929879999297,1.708058249013644,0.5751996119951015,2.151041478264492,-0.39275776427332015,4.409409385086986,1.6589982718269787,-2.0214480570588855,-0.5784250078116959,1.4510954044613849,1.2153123686228318,-2.060465520968099,-0.2922112765980817,1.723251181346361
0.794517047515172,2.2441001873344213,-0.008637929639643044,4.258018562179701,0.2256058971064269,5.357180172641332,0.2751202503221769,-0.12621431426954072,-0.18926914255711885,1.0968774172643572,-0.5293326574175575,-0.23458876334721443,-2.664025358925213,-3.267290303311697,2.449075947445954,-1.6505407984097038,-2.084781079533513,-0.14434925418090888,0.5413127361939564,4.5714932605238126,2.129316589221609,-2.155539771502512
3.584521473428313,2.834021913796916,3.4331755627848217,1.955839214487897,-1.0007402965135703,2.0665929872180535,-1.5195561693153343,0.7638463066392462,-0.9738000663592677,-0.178571887594179,-2.9440125197565443,3.368878383088371,0.4866881529027596,-1.667982278798844,-0.19156734825908694,-1.2423430522134393,1.4316966974932213,-0.13735096580071496,-0.5698914929026934,4.410025166216189,-0.6880446477746565,1.4087028760963323
4.546677099487505,-2.6461695004999,5.14096167345557,-0.5237422565110991,-3.0761710845226107,1.0324644320399072,-1.1265448809110696,0.23105155050755366,2.5252534507589988,3.8908762302539333,4.396684957692849,-0.9386935675973687,0.1599933703204127,2.4458726689505705,-0.9709543828650573,-1.4349170278476568,0.8991032657018917,-0.9239641863350595,5.1738457531396405,0.5643391413481684,5.583633883576699,-3.034030741587927
5.261511891625129,0.6263934649934565,4.628592334832971,-0.419425085135297,-0.6923242560237816,0.2784040901204627,-1.8843168960735002,1.0029578589859998,-0.5753352554648677,-1.853891140866052,-1.2264752129950278,-2.2959463407545733,0.20985799813607872,-0.3002835009986916,-0.25095582566660274,-1.1811410716220914,2.0132351625797367,-0.6558742534933273,-0.39760792427287733,1.1701504487778212,1.0020044297574484,1.6546924621150718
-1.5120415454511735,1.0273317914111344,4.169650195014464,-2.3258009898558774,1.395926367288589,-3.354692972509525,-2.071408325944629,-0.6628976678824353,3.22362017464137,-0.6933362490005385,-0.6742716430416088,-1.6882168904936121,0.18952082622527863,0.3681713579983755,-0.7773313872088679,0.8149568076602871,-1.0075240260959002,0.2812579951952313,-0.891234861062903,-1.4169527433552864,-2.794814928179772,0.6962638054126157
3.5142219700345425,-1.7624971320551535,0.6919399944464335,1.9535377574179993,-1.120041435162031,-0.6875578500952308,-1.668791596876523,0.5756277041350037,0.8756806491303987,-1.452394824231898,-2.502520200930289,-2.8466349919605696,-1.3959978739091525,-0.15801038779521634,-2.8588772299174656,1.0022252412379884,3.6991877566654976,2.085658264606623,-0.0549569119580375,-0.15802838781236925,0.5099756179727668,0.44728525511745604
5.278336744329811,-0.31026053659195496,-1.0011883359555436,0.28641331065055614,0.07097498783703667,0.28348160946266493,0.39618216144722623,-1.8460809369286564,-1.8041656077329267,1.557590363154449,0.5962607383014817,0.1793369910256626,-0.04880893426930681,0.2030119643574301,1.440250019162071,-2.1572817576833163,0.8878491663476281,-1.2357857514927775,4.826175697295692,5.560527008119289,0.34376353781688057,0.5424827171411918
