script/wind10m.json
{"header": {"parameterCategory": 2, "parameterNumber": 3, "lo1": 3.000054539987559, "la1": 64.9999836372058, "dx": 0.5, "dy": 0.25, "nx": 34, "ny": 52, "refTime": "2025-01-21T02:00:00.000Z"}, "data":
[rows 0 to 24 of 52, columns 0 to 33 of 34]
2.523002551492707,3.004037119951211,3.1509270619084297,3.9355237927676794,3.4824793154198392,3.540552394658914,6.602294553025726,9.741735873696475,9.44128539332876,9.191478374917908,8.153149904350425,8.111741075362398,9.285789425384019,9.070094987439907,10.389930446263312,9.979454148662674,6.087808979594699,6.855119206788143,4.9475594264775085,13.44287986123906,5.188298402868181,2.5995482853767213,3.4737962309170287,5.5330754909216076,4.924812844013245,0.2800402268873025,2.3595790166361574,2.1875881607862717,2.022535417096232,2.5026416562791836,2.5326855758076405,1.6265953857194746,1.640455552556063,1.3614309431885923
3.47070389443097,3.4954756838925065,4.211605855861431,4.302844007987129,4.651736279365317,3.7077196336712674,5.765143279724545,9.63714787830878,9.347826900011155,8.721895208848096,8.116637644930474,8.05894123535409,8.036494488261692,7.296501353806766,7.757689361918537,6.32144243075532,5.178624254032341,4.0763611403950915,6.5530249434281735,-0.12582055502142964,4.291147364053261,3.4142144327602497,2.5485134526047863,5.072958650744297,1.2733188187144397,1.698458876682022,1.2808182043886596,2.932535457641644,2.5612081141839242,2.2939048633734918,2.0298186538957532,2.3117780988234338,1.812144109416577,1.7253709054109885
3.237451839543599,5.612880984694573,5.876904877056996,5.866745356992253,4.979734821049002,5.268008029927565,5.41808999728967,8.915099102297853,8.869360729905408,8.552088868995769,7.381188375087748,7.167617982349078,6.985820228749665,5.778653948096723,5.948734543195453,6.112977580710309,2.758345101819355,1.9576855888824913,-2.418956794953897,4.761508379608866,0.8173827266859205,2.4197765141081327,1.7037784133710214,4.419478873513457,2.4775742786263484,1.2978223634156956,1.7790622700767573,2.256940764710655,2.3623435020040886,2.258880001257012,2.378698027240488,2.23615891270571,2.08625490814259,1.9025952401099813
3.1006645885507322,3.7114521516595356,4.730599409240813,4.859394120423832,3.8699580983253568,3.6769519519299116,3.4283074679756784,9.243861576433535,8.911794091911082,7.343344868562214,6.530922900942728,6.800198824518054,7.126661339732926,6.640235591842753,4.74058900678724,4.796561509903675,1.105377598103241,2.237123616560513,3.913168210955301,0.04813530798023459,10.181991595886888,5.232894269908784,5.768622098397053,1.462485276698069,1.0655014796232474,1.7630894981952006,1.716400634396849,2.0811086387866773,2.1970062617145896,1.7548178882697385,1.7203054286649977,1.7432452295382281,2.1250653076110892,2.269548890235082
1.8706503646114463,2.8808211114110045,3.7050972652786274,3.528757822275574,5.851857076026401,6.2163687145622415,9.264640205897585,8.563424141833556,7.332015123898188,6.236031368751537,5.158091306450377,5.095479632169559,4.492283121064728,3.91231289086911,2.7783157781945618,4.4714599637782095,1.1396228861061324,1.1497469815890822,-0.6161950903248324,5.5103175618744995,11.630812918467315,5.903104929333456,1.8840265800156892,2.200301697194259,1.7575907909700164,2.0376207784102838,2.1341401510013953,2.5613893285455225,2.4218205938640094,2.0635759225839907,2.10197665002834,2.290631610447656,1.4540448794131369,2.0076696965520475
3.8984366462835096,4.051373833482569,3.8521707485854084,4.539868713288579,8.045079820109795,8.180173681252558,8.8526651486935,7.997433912113664,6.24734493752401,5.36428188545723,3.406710094145886,2.3440458700497837,2.791540279971972,3.3296112635546873,-1.5865238829280262,-0.32940649352747736,-2.029682985646872,-0.5406971921213326,4.279801125055664,5.647311577140866,2.2636521484476724,2.995879305951907,1.926949482175403,1.344605352983313,0.7485307112621105,1.8493511387895851,2.0742643052245073,2.077958596317311,1.9832128473883026,2.6628548518137034,2.0308080179195183,2.0484948467194157,1.7367055465284278,1.553887667419814
4.175688321562863,4.4780790435399105,6.167733306752813,6.6975565201162555,8.325148686014659,8.654379073799056,8.737482623982938,6.856549963365855,5.077262145260616,4.540257880819725,2.308008622303892,1.5154369334660323,0.030506846363532514,1.2350955345548684,-0.6152605347319803,-1.516702342392237,-1.4017248814730658,5.283678127193873,2.1331644935811385,2.7589308092528535,2.2885696800804283,1.9529231603334565,2.2181952121664357,1.9088045117086927,2.465386023166771,2.1051394291004746,1.8324805485060414,2.4894169611770027,1.6801121275384445,1.4565442146947765,1.7444486636945726,1.3658325293536644,1.5059756907427888,3.412938384240811
4.533027981133999,3.6995942850753547,7.933616831900568,9.082303675298421,8.43413965684931,9.655045079643854,7.902407716626452,5.62673844401672,3.2892592123182465,2.981524795706971,-0.3888645151838681,0.37960466374971,-0.1187788297597141,-3.2842902311837845,-0.06307378022198319,-0.570361998808885,-0.9749196606316513,7.548272151591687,4.680551778635507,-0.2147705902372407,1.525195782880366,1.506307044268277,2.0685134239581804,2.808742903424076,1.5173582496743134,2.00770544868834,2.32396440713887,2.2249051474780566,1.6701585184903731,2.061018649833147,2.150524438235978,1.5052940486466433,1.8978396983135741,5.160969464406606
4.986488782934512,6.390414884911365,9.301546913229767,9.496140923955526,8.961707549353847,8.470749356607564,6.272400810467641,4.201045401538169,2.085387854997457,0.7003105417500866,0.11578058234764818,0.17599085541517676,1.1838266760892653,0.37452595305591885,3.486629673045419,0.04361064753794419,7.4346559554677425,11.819540288975336,7.930420543439801,7.499163180424641,9.463077879092811,5.310524533189512,2.340885235924827,2.0494886165768578,1.8311893074086352,2.365496795798949,1.8669467243901823,1.6505802992223864,2.1567408176124623,2.142320684339089,1.9732710489735485,4.306068337068247,6.4652269755234,6.134951681709537
5.020622884366743,8.49367809553795,9.97441596098312,9.531920404496491,9.603251812307278,7.729773423673539,4.762661803498928,2.8860254683050166,0.9191032398985625,-0.012678211068369593,-0.9828516032658517,-0.4757644690146357,0.80471882330585,2.436688466687095,5.260460511440597,12.03669691595996,0.2514439614818094,6.450821226920451,5.285386138804872,2.0167241436139838,3.6590813793891463,0.9109663539852891,1.4870528800604772,1.6524597614530259,1.4536793088712208,1.6971392687541778,1.9808600510959269,2.2282923324104873,2.3270430353208704,1.9357390416224076,3.716443762007211,7.165696728028445,7.346997269292538,7.229457165537826
8.348858484690378,9.742169645295636,10.072976787177602,10.732632437368213,9.618408184926963,5.947568275415684,1.0907520428318664,-0.7633640148989945,-0.7192824344677591,-0.10909904803523383,5.499951298221088,4.1421699666203375,0.6482172119783407,1.6459843137251349,5.108311671393313,4.905903989272269,2.111647121213162,3.417795819600838,4.594324133271756,1.373192093817732,1.4469802578820785,1.8805635796352786,2.51188540847022,1.5212004838916284,1.267712617265899,-0.2017282319181347,0.29767141816122983,2.212480579910962,1.6765980931753428,2.361990078486631,6.65463956798672,7.5707762206059215,7.722550292437945,7.350837380616708
8.515542533124588,9.101400206510435,9.668266237531242,10.548464711357843,7.8734622893670565,0.8057010916700665,0.7623305263043199,-0.21805725096221004,0.6798474747568352,2.4068262326246685,-1.108381909338235,-1.528774743676427,2.7591808222082386,-1.516311690372156,1.9171713174192107,2.730240653135414,4.684994477131221,7.3952658034057155,5.876358482205708,5.349945350311145,2.592005514331795,0.622055368367968,1.375307211694629,1.4530924964754899,0.688942402310344,1.3844329427886781,1.8009043092116204,1.9455936469728348,1.4727150400394424,2.7720281105283116,6.974951595098023,7.5320396209146,7.997063697454349,7.912056827454466
8.638553055573883,8.693420363120262,9.182315551386534,10.182242681636387,4.245080421739671,1.3870822171234287,-0.27419972754946625,-1.1834354909236204,1.95658614902929,3.032566189712314,-1.6703523933798734,2.9313096049684533,3.6751294662414034,7.893128668025974,5.16752421797515,8.165743783130191,3.6724584121550725,1.4915997309202262,2.2232499437945505,2.3957702953682394,1.8394493717296496,1.117847824388851,0.7201129840039143,0.4413788727644482,0.8246060148243906,0.9772867123161694,1.325987449852298,1.1006936538166703,1.5508400546721122,6.3104594491470785,7.223491582818225,8.021793022240818,7.982591847223464,7.772541525269127
8.17439743235868,8.299521629482037,8.522110828686994,8.383798546754091,1.6951947881790046,2.973074066886946,2.827858665854485,-1.5652164340459647,1.7764645513231545,3.9859478246934272,4.44160686024776,0.6512491287129697,0.17301535227376488,1.2551788833240187,1.477055802151451,-0.1413884580563942,3.3565559659217583,-1.1590196493041904,0.9853097119113186,1.6986877757158874,0.7264544759762616,0.2437397440846355,0.9534678735578099,0.9085844418645067,0.5718131736935897,-0.006693776788033365,0.8970304709225969,0.7282714403160113,1.588030920731073,6.841886735313324,8.417548583360817,8.011929491713802,7.487771987055853,7.32427142733255
7.556312766374328,7.4334092609868305,8.111830679238277,7.443493355712245,0.8338841263950565,-1.1183060785167154,-0.10012387744488843,3.0747245312389526,-0.3232242419029287,-0.6078779250221705,-2.192615542197211,-4.809168443391729,2.459400099305301,1.5862712782754238,2.199473361900462,0.9334756040431321,2.366852999897855,1.2719822927561486,0.3103664174051071,0.9609782439593971,0.9174248703100635,1.1444434839035933,1.1992921336150106,0.5919719194726953,0.18621914631946415,0.5865715804223818,0.8288224919219737,1.5014995965164306,2.2227524193366843,8.26927665175178,8.468645873619655,8.47707714852586,7.960247998075295,7.117735263176323
7.279518073906775,7.181272081422995,7.523685388796618,7.558849741565976,0.6616737644402134,-1.1167124898324094,-1.3695119294674842,0.4709728911436464,-0.572741427699821,-3.0114486194980565,2.2362122973684087,2.971759549677918,-1.1780986417670614,-1.7877399944991736,0.9887293283183917,-0.6399747073478794,0.7250247878333395,0.09729472682521208,0.6069370452653653,-0.8089748600423698,0.6784136462381212,1.5099843553853984,-0.4680452423817289,0.5702290503220694,-0.750163817479033,-0.2480321298112519,0.11750448640831686,0.36369914426528993,2.6010846645897843,7.651930097142598,7.28522990412819,7.551773112573491,7.556291454872378,7.140316981025561
7.1290752793309,6.541168811604957,6.898647190089645,7.03213761795009,2.6509592617171625,2.307657577294518,2.140056468590841,-0.0943002658531065,-2.0966015149948514,0.896274226840572,4.42610485686074,-0.06623939237895796,-0.15814964724768496,0.01063675803136741,-0.15211682883499153,0.09744119499668531,-0.1374855203143791,-0.7816973994724364,-0.4293958793050727,-0.7897867168614321,0.474729624492686,0.8238153872509772,0.6846992035482726,-0.04270720281740234,-0.2492144275864698,-0.21345471848233094,0.5392880309873711,0.3290389072316171,2.409628007213064,7.1811124096401295,7.6453502948770495,7.074713767687151,7.162289576906211,6.5494958852484935
6.619200645793175,6.269098970174619,6.981580616488338,7.78776207629052,1.2991374447345687,-0.21470018661089213,1.1981129273122428,1.382292616095202,3.4344428318914875,4.251191395954474,1.5338985542853965,-1.6689185294358706,-1.0175030203270259,0.23419886343709856,0.33384807172379505,-0.3402503775966965,1.053260067813398,-0.806458804251366,0.1796086774497264,0.0034245635081498944,0.06593147566826348,0.5744128431198959,0.1850628658205549,0.6401316244648219,0.8251460456452118,0.45010072038481913,0.43807990444227507,0.32854590409085704,0.606486505555014,5.359394925974776,6.0629349315213545,6.80986989605611,6.83698853625203,6.448263931908483
6.186866240189746,7.012814838396162,7.833492040394061,7.299797808471601,2.968465288960958,1.0943967060397553,0.258696424683352,0.880323640068278,-0.6099705307477797,-3.0471270700583677,-0.48665979429134065,-1.2996973146735507,1.203393151534944,1.103577630602707,-0.07894034461741398,-1.6546133268419676,-0.5520013210883137,-0.14074002124894772,-0.7762949458032022,0.08214864935515158,-0.06997493231118011,-0.4001318480531318,0.05362835603329852,0.4353153642179308,0.12256872162218832,-0.047235079101431356,0.12890088225828003,-0.4269547903807857,0.21797248631137686,0.6007641676631408,2.809006961452616,5.127960899938037,6.190455840191929,6.322321672563783
5.8595836909101155,7.3583322327504925,7.003495764784339,6.4362830655227246,1.2190833292093195,0.6418624598900032,-0.6201194722719457,-1.2086328687906576,4.623524532234965,1.0752998141136303,1.5836472222410702,2.3184430994001666,0.013737600745947291,0.687124980429381,-1.5486719083853238,0.6190722056436894,-1.1912014512411495,-0.5988434881872284,-1.0868127332078386,0.3409554456321346,-0.7607695748320967,-0.18145129329922863,-0.12274376310028642,0.4814850936474968,0.6392234418589768,0.35989482615493773,0.04177774073681002,-0.3582579659587119,0.3886525357714776,0.321158728181203,0.7518325680185236,2.005650045128825,6.378499089372928,2.245753394998146
4.788335886739514,8.016348832549395,7.15322274936188,6.16631231418526,3.342474910106101,0.5242112568127302,-0.34384044125060764,0.0738660967473541,2.7025578057161055,0.8158477462257872,-0.26844495587384193,-0.3209185619931361,-0.4914077956158726,-0.3895578297037809,-0.7413679271272418,-1.11146569812063,-2.468454609552149,0.07409327872634136,-0.4449056832304626,-0.04888232311648569,-0.36572751995156133,-0.49009583504677495,0.6045198989163318,0.6313876292468573,0.16995322385530542,0.30870054057260576,-0.27122201138440255,-0.3822682347049794,-0.12441125421584132,0.09635797851308701,0.4276051000308038,0.8706636090495948,5.933300492334245,5.533155001121727
4.243171287480166,7.980523176366607,7.31163419905969,6.869460005948837,2.857854814974862,0.6529135089545739,-0.7311748651471962,-0.6192574195013865,-2.169254317024126,-1.3175757929115783,-0.3431255706628816,0.23006924459124087,0.8105534284824715,-1.0591560538884013,0.6728690142740005,-2.2483571124678914,-0.44439351064004673,-0.07895122989760424,-0.4979380001535048,-0.5646213590598531,-0.42005878505629984,0.20717672919712415,0.10145758931438753,0.39933339814861085,0.08232469973140233,-0.3215979118117039,-0.11241470080334687,0.247199700415527,0.2881285271029763,0.3564873618412598,0.9505536946234281,1.4391238612542745,2.526113933406182,5.552432846077712
4.490936858221524,7.5525059710278715,7.222048377384237,7.5319261561931405,5.2858228353772985,1.221506103593734,-1.3536816317151044,-0.08354178549478855,1.2398495043975746,-0.26193683561973696,0.6056966129966409,-0.1367067364618974,-1.9497917947339156,-1.0967958656352004,-1.5650538729326948,-3.812824813135279,-0.5691415225492301,0.03968264332379751,-0.2607387826026143,-0.3470695811691722,-0.12355136169028655,0.24483459563682886,0.2822317025279495,0.6301224260002578,0.22700491992570812,-0.30188629248618826,-0.7700146783097732,-0.09325493665103878,0.6061437271959076,1.0587865945669857,1.4983783406463986,2.0495773590335014,3.8104831616707453,5.5301482573557195
3.866809443356299,6.282226441921657,7.532870509422198,6.774812628823301,3.266475976669362,0.5751137114542212,-0.9969942375207901,3.015056522070993,-0.12869517400543878,-0.14296366780057554,-0.6243534706248549,-0.4772847141199095,0.01025247814226179,-1.3076528465322155,-1.9604741833349442,-1.9927489881217526,-0.5222260361630879,0.32724518958467264,0.38494446552666467,0.2971796235040239,-0.28465233622678937,0.2912146631651208,0.6190427578734928,0.640309025009066,-1.1855992414543417,0.018891056784967747,-0.7425730444891162,0.2690659603718391,0.5121779485803145,1.2842275357310504,2.236032222825301,1.4436829002333005,4.090167525132686,6.135467887152332
2.860484495616253,5.022943111732885,7.116804745325746,6.605404863796727,5.441134495922681,0.04404392933305229,-0.20009752585254423,3.3097886973401116,0.854703747891033,-0.6145186804419864,-1.327142538502897,-0.04276727936488453,-1.5544621891777326,-1.9238501907808496,-3.933479749583985,-1.432503109260329,-0.6343053592691146,0.09979169873449743,0.22439994186238307,-0.30194963240350675,0.29643893443416186,2.2877475059165424,0.5828935252084305,0.48300929820523664,0.8105022407669186,0.6728939735750339,1.269817245005626,1.3969431420012777,1.260006329614814,1.1841908560417131,1.119095104735477,3.55073646599309,4.366136887181837,6.087668728708735
