script/wind10m.json
{"header": {"parameterCategory": 2, "parameterNumber": 3, "lo1": 6.000198445256149, "la1": 58.999992894266676, "dx": 0.5, "dy": 0.25, "nx": 22, "ny": 24, "refTime": "2024-04-06T09:00:00.000Z"}, "data":
[rows 0 to 23 of 24, columns 0 to 21 of 22]
2.9271452696924745,8.714882349527711,3.3008675810402464,1.2536989748334726,2.345844498723655,1.7158926772794978,0.02444535024118403,-0.240585810405437,-1.3046770909893892,-2.1481622393073687,0.7669657299790519,0.9984809493518139,0.42286782499699666,-0.4084633526697647,-1.5832982336254795,-0.6619869903159399,0.04011031726166425,-0.6931083478173049,-1.2719052592576063,-1.5523531082082005,-1.6815041896280638,-1.6680751398854663
4.501969412848681,1.1712776837074872,2.1238814265487536,0.919365352690969,0.4478000147596857,0.46563006146623687,0.38800827272593424,-1.2695124994124618,-2.1391336242370804,-0.3558729834760797,1.5414413788013488,0.8968076873963932,0.6283355219260833,-1.0601123050993004,-2.1818344962746834,-0.5998917804012083,-0.10528120478889755,-0.47266622332246866,-0.9514884653614524,-1.5103666516453766,-1.1542422803527914,-1.623815970578289
1.5003983885005603,1.3824476211580798,0.04410142603156572,-0.188037313916788,-0.4050603085189626,-0.1915845729897748,-2.1175588178852247,-0.9883707446834255,0.6160398689980868,0.7440798560796609,1.4718599712515312,0.8394285946827783,0.7988871137319894,-0.5839333361108822,-0.8662814857136553,-0.2469681134848166,0.41656661879845147,-1.7946376555611696,-0.8248650464109497,-1.1520775361921947,-1.113279035909147,-0.8575122340166994
5.8898117793375775,0.017636752796328606,1.2026537749947708,0.10139168042297178,-0.09570331284489465,-1.6227895930619245,-0.9123119852271008,-0.34041143514486005,0.3874855916961401,1.709884567301723,2.307229969248548,0.8772638449874665,0.8960516724298317,0.2585269908106191,0.19083359232213024,0.38558219832152907,0.07750373062156879,-0.9661399958545294,-0.6368274630902137,-1.0344162759234479,-0.9257559220822883,-1.0654220322290051
5.854710784356638,2.9620650086810882,-0.19749607967683402,-1.2117676238010395,-1.2409506516462812,-0.05484984180190851,0.2165288486435412,-0.08114111566085368,0.3955467047679196,0.9194715893855254,1.3639800764700298,2.2465733961676975,1.0784275456020693,1.1573535726855997,0.5300240498059583,0.4290250206696284,-0.399188751143945,-0.8700344140078851,-0.7761947318330913,-0.932843265223006,-1.1872252678721975,-1.5386344520992876
4.217676296784998,2.8591135046029246,1.632670086587161,0.8759863533067399,0.9646220666165976,1.0668789827123062,0.24942886379576154,0.4474476109869498,1.1069679484682917,-0.037264608715171677,0.14271664571549958,0.3555886667721788,1.0030909181105674,0.8705084779244946,0.9885630072419422,0.10647569067410587,-0.4622417051790323,-0.6294448116862015,-1.067345994849568,-1.4337914573354635,-1.6761780594149034,-2.0991879972084297
4.217643776466417,2.7974156652016173,2.25572577088979,2.257316065673366,2.24553298577663,2.44804115951364,2.5274258830875644,1.288417604168925,0.554761695450622,-0.025188145051996392,0.08123775453161201,0.4939216640964263,0.47180119116590613,0.7502016915382957,0.603396767514543,0.5287680792496836,-0.04447039418641894,-0.6712790166336986,-0.8192875103500556,-1.101253100477936,-1.2660061569178793,-2.2138877375875614
5.640525623916634,6.077238420883648,5.783563425537192,6.197773661282829,5.797804463485457,2.3695369471718357,1.9721540833453401,1.637129046805112,1.4456934883617032,1.0221843305779135,1.356921553966085,-0.23677071399202956,-0.026107351995413516,0.5498987867492123,0.3311162362350575,0.1329609474819674,0.10529225913611295,-0.06093825661273608,-0.4771986013887255,-0.7041192582201995,-1.221106681662293,-1.5869319938807904
6.976942362975801,5.0136699377382365,5.640724901282813,6.537130794831828,7.628605853532223,2.893991542206658,3.771618057821493,3.34713090418603,1.5823966115809278,2.5392708954922956,2.376406093843432,2.15507002789526,0.5779758308658405,-0.8269700116153075,0.3332606212568001,-0.1425639434853173,-0.029224060431849615,-0.17007135559182093,0.1397312866186141,-0.704379026286624,-0.9181774170888365,-1.3161850028814956
5.878912773106949,6.895943496728654,5.925359294653518,5.35255704847031,7.478934364792225,4.3460311461567125,4.471720584145547,4.148815252311689,3.2899455646013145,4.362047352478081,2.5150879370031998,2.4266721086651137,1.5389844403357353,2.586862166808552,0.7194358238950057,0.41012005258696677,-0.5577249506061606,-0.6725848435423952,-0.3844617113761926,-0.5672221814230762,-0.8208745452697993,-0.8952149848674621
4.92956557300144,5.531745207550877,6.2712130590434025,5.95221560682734,6.627847586423234,4.213578796052411,3.700111889928619,3.8341414841675108,3.146968011746648,2.628798733740569,3.5881825465604686,4.015036542195555,3.07807781968343,1.1733687969592201,-0.13443882947203023,0.18020578538940737,-0.03849134416528279,-0.480743334115808,-1.3290511401367306,-0.9897221238825356,-1.1664127024751278,-1.8008699004854243
6.072489329342324,5.590566435348523,5.514294909355065,6.064337035785146,5.735181124909056,3.006861760627804,3.829459842979741,3.2941916355383807,2.939112679677261,3.5580921635571214,3.954586505426842,3.2611841385628813,3.016483730452842,1.8836813009924316,0.037080061128170215,0.29933281790761107,0.040662779546505455,0.17558081382228022,-0.12258292847423904,-0.4454736189277403,-0.990125858906059,-2.7435922379101947
5.146386208963009,5.368908942954834,4.809343508004259,4.711811374419195,5.383694110587378,2.9981702392118055,3.1261269062588046,2.671943835439205,2.852395023002596,4.955460288614248,4.481331463764267,3.2466560079906155,1.2978139326475906,0.7525266369478364,1.1840524468439304,0.6660678124177778,0.5941958823919931,1.1354108589126843,2.7242322845102476,2.4446387699196306,2.191702650871512,1.5404485569308812
6.278423283974736,4.883208651129417,4.439394351675392,5.096185041051095,5.252404760539463,3.0463807337109268,3.0651316574880965,2.807737818039104,3.032835692447575,2.3716853565245866,3.619106257073863,2.2398095550669224,1.9816600514275238,0.9314272056407498,1.7287080181096595,1.1735326917812252,0.6880521820395813,2.5624506563948617,4.196545571414177,3.931021353727434,2.9538283712697946,2.7127246710067574
6.012662317613695,4.9941414075946,6.168949046209644,5.113249359736334,5.055877989704713,2.6687979019155748,3.256875000628241,2.5550497729542956,3.6800920622208433,3.7422064792301097,3.0231852369165564,1.9937950581996748,1.8022915364730456,2.327795453006926,1.2119010737492282,0.09357638874096358,0.8771206087299676,3.5484967446216005,2.9252875546830692,3.2536835130507975,2.3717059010118797,2.0396933704677265
5.878914743408119,5.799150440850908,6.345153348661285,6.0485209187064,5.410819583993535,4.253152929291167,3.0496419838802926,2.7177083794079393,2.3848448186313838,2.9258869640564558,4.772739805379764,2.062563248297587,1.6475049713426815,2.936347824304619,1.8539566439068047,2.3433658174238405,2.197527999125294,2.2743825429299913,1.5074152904774134,0.6664925755524322,1.5295501137518572,1.5363643781880696
7.3725924582884215,6.861180392510166,6.493429846030889,5.669353260823346,5.5614095616787225,4.777555193660247,2.3930502768571373,3.191265741855069,3.1766768806553762,3.1838730518260623,3.278055459388628,3.2607372928946443,1.7256062364670555,1.5073001360755993,4.149886157074527,3.452116750044971,1.855293187259887,0.5332983068517917,0.039345004381980665,2.662517569098762,1.080330189498699,0.5703310578923734
8.2625754466795,7.353692538680897,6.841122789261934,6.217347765391771,5.758769341164142,4.363347544231009,2.5269948930804818,2.529660582582392,2.891687197573758,4.014888626251974,3.9754123884630674,2.085720889287047,2.11784237180561,3.763671973520493,4.032532872722433,3.1341252999684013,1.9976714247558924,1.945873117500857,2.129778811278066,2.510650946925171,2.4439122191774505,1.706552418251194
8.404063742035445,8.331309116902307,7.650451216311157,6.468788896514114,6.453796212304149,6.772236486088489,3.366086248404691,2.450921075296865,2.4551826221532465,2.775418440159459,3.3717752493456303,4.41096383587536,3.791637495194868,3.591568919376458,2.1082290473678285,0.9285080798907069,2.51844146340827,3.1771024775605214,2.0914178703532715,1.988332935449283,2.0840206536716828,1.8403703092985246
9.060927347521416,8.268116186242882,7.119412892225355,6.5208410435371995,5.957199879257697,4.790537957723692,3.5611062376067952,2.919893097633225,2.4058390126231104,2.466019052376452,2.027065586182506,4.280774321551199,3.669036452471893,1.2471046605794234,0.956538447178651,1.5662595299169721,1.7469237278534442,3.2247114143823357,3.0978738456249397,2.377459568978607,0.4504149378511007,-0.7310787307587935
8.212935081322783,7.321332830036119,6.09817458493037,5.515797267114794,6.375154997681619,4.69754516070791,4.139669116427208,3.298594536064831,2.4111260169912825,2.41090297185879,2.42020540156213,2.118216850750578,1.8196009165002336,1.737484242648412,1.4300430277414822,1.7037566081035538,2.0379361423807776,2.5843918630290617,1.051310748650364,0.9007454931295024,0.3186009180320956,-0.13192969019018705
6.867068931467622,6.572439834302863,5.943049402757272,4.4465870044125495,4.619217587978376,4.986425230229325,3.519582721860378,3.6042933919512854,2.410810623838024,2.6700070804971165,2.4865743814025545,2.0495266565339794,1.727742066153305,1.5082476725558103,1.6374465321291214,1.880666740440806,1.7328634014579634,1.6946195289986177,0.9243910219347841,1.140358277078139,0.8908668457794234,0.366685221106323
7.019760202343956,6.748769683333576,6.091413163636624,3.7692251209892587,3.450063652977275,3.9412085101842544,3.0660849781685227,3.264229138968517,2.788648345388599,2.0784147168590548,2.4433517449806326,2.072526861142031,1.923384200648588,1.4567242682714188,1.3785568667899526,1.7286159017365939,1.8949168527019735,1.365820831772143,1.0341303411432894,0.9623424817348225,0.6492016815335404,0.5355791825052867
5.243756636744486,4.819391404935745,4.640835832656741,4.178200533092443,3.2974408579929007,3.1993893933712925,3.13700883531248,3.0813321593265464,2.302978191092787,2.2353285544992056,1.783369965974166,1.9412623899976138,2.1556755374933565,1.6792521590026128,1.8277403925685358,1.38454552223519,1.5605078918084547,1.5546105427629153,1.4540461592088647,0.8019509425729943,0.8051592949880029,1.304109185635085
