script/wind10m.json
{"header": {"parameterCategory": 2, "parameterNumber": 2, "lo1": 6.000198445256149, "la1": 58.999992894266676, "dx": 0.5, "dy": 0.25, "nx": 22, "ny": 24, "refTime": "2024-03-13T04:00:00.000Z"}, "data":
[rows 0 to 23 of 24, columns 0 to 21 of 22]
-4.649708866549968,-9.108088043232136,-6.04063786244971,-0.6317111697710571,-0.8367520761025233,0.3300956728965871,-0.19093439134597248,-0.3840298774592378,-0.36391711312339986,-1.4796561724858948,-1.8392458527904918,-0.5955890401968016,-0.7793395885312931,-0.049942232163963575,-1.1740515703772567,-1.0044492961368574,-0.48979810482225355,0.01666238214075853,-0.4128855885270352,-0.1937562960436661,-0.35864664519892964,-0.6619378961835517
-5.483170583720288,-4.673703856510141,-4.9853046931661895,-0.7910130579380561,-1.5403488860058874,0.06396149797388896,0.002758095321225512,-1.9783607142481479,-1.161427387915895,-1.2494735740294705,-2.0139951246309766,0.04522948208010014,-0.36422003772611444,0.08371543506704004,0.5389070359512768,1.103128344924353,-0.3816316293895322,-0.26077291088892723,-0.6737239727582146,0.03711124358477374,-0.2550183157531401,0.11734637145016774
-5.101601110164192,-3.228579159283308,-4.166013588346577,-0.8204107546071786,-2.2307565671105816,-1.2803763553992324,-1.4148444118793688,-1.6841180319501479,-1.7537845438642299,-1.6193160185240205,-1.3055248864226088,-0.28163263125039445,-0.6450768521255884,-0.34507256905633416,-0.2933193907550423,-0.5964068312676011,-0.3013651798450262,0.48192874683859366,-0.43700462674790114,-0.2835926576711613,-0.01534058630468275,-0.12984614083014118
-11.807512257908638,-6.71568014613657,-3.7214611948574365,-1.4725395666364336,-0.5282066650840348,-2.46414743744373,-2.6974830296850603,-1.8871089520610838,-1.826681042290942,-1.6022497048460433,-2.379279549903023,-0.6643733182551678,-0.6106089233452402,-0.3215219294820968,-0.695124632204828,0.2123038827559362,0.09502477152360739,1.2821607678636562,-0.022617713349788727,0.24688748031634627,0.3556137119544105,0.14451586436990035
-10.699589089920211,-11.367888985968937,-7.330842895535604,-4.731430481675393,-4.007153612351092,-4.344792107495948,-3.9201283541930017,-3.18545714976222,-1.956821283468169,-1.3439211865968224,-1.0913334769795926,-1.8448280721041415,-0.887135048951737,-0.26606784301016667,-0.4280070992041947,0.07148182819557221,0.489329835764784,0.02351260780518428,0.6138773326103473,0.6350704537206654,0.4546957511020481,0.23116211982434756
-4.687847688743524,-4.611528505101913,-5.278727215229995,-5.29018818738025,-4.568595036748632,-4.006307994518179,-3.8981377469324627,-2.893809603953429,-2.647395840563518,-0.8755900821659534,-0.8045075711932571,-2.0628739299028407,-0.8670960388023309,-0.714064982296012,-0.5461716185495697,0.2749982359946612,0.0769383086749127,0.39686804646439616,0.3404886377218431,0.6827579589126336,0.025888561337311707,0.39858441535529493
-4.244430497146804,-3.3321970930816454,-3.2414240094959736,-3.210683112502277,-3.473271040013159,-3.3696767494755346,-3.6053461064560643,-3.0965623641486593,-1.6774889280005736,-0.8848568947477392,-0.5536163445340168,-1.123308179640192,-1.0106102755685158,-0.8132346391021193,-0.8360065390700987,-0.23057574103553474,0.08464541868471918,0.6172850832219037,0.5552963071629506,0.3541928166882036,-0.20347216054996872,0.3636486497026602
-4.551759967568145,-3.332438596392286,-2.9341997125418477,-2.8736295073492286,-2.9810482328359043,-2.9260304021418504,-2.39465460489574,-3.094600013828518,-1.8804818802296277,-0.16814529976822426,-0.013837991326480356,-0.160871609702914,-1.1818449735527379,-0.3928134546765246,-0.6611538958650618,-0.6806957133678692,-0.18412526581189048,0.2620720441253796,0.3375715782071583,0.3081794941581343,0.060371207747699954,0.7484537889007665
-4.097813871007971,-3.3517889729382326,-2.9038977573657783,-2.2443642872400607,-2.909564791988131,-1.082163739276397,-2.7836667176335324,-1.370864551495068,-1.1867103074023349,-0.20794686868287307,0.6237020861438205,1.0489160201145376,-0.05697092518957442,-0.8923642349457667,-0.7150389414688967,-0.5938715926067657,-0.3177387148937716,0.005299976276279233,0.38235809587223984,0.5172987495816763,-0.05375009551414044,0.7662590653072068
-3.293571931222135,-3.518128315169436,-2.9327518818998413,-2.299266547436122,-1.9840914499894948,-1.2055984433242493,-1.4061863080724868,-1.8774667770608897,-0.7860713961312172,-0.6708168741807123,0.07659278436506252,1.4573637419406178,0.15128871356350526,-1.635210960020655,-0.7501328622152156,-0.2996716439680598,-0.19108601126785926,0.2864213137378629,0.5165355751716915,0.33507116513028656,0.06081888645589834,0.7821257820726504
-3.3966136572875314,-3.298514111951594,-3.2943025581164735,-3.408865006447306,-2.729822631334831,-0.8819914102514822,-0.11340459614798071,-0.9480514006137113,-1.4170690706504359,-0.6947058497585724,-0.9306069872523158,1.176840905889402,0.4612712760248023,-1.7345017281593096,-1.17145713611752,-0.30614809055220515,0.1179226647200147,0.2236456854477342,0.48601907492240237,0.2783254153481926,0.31448320924214423,0.7107565211566224
-3.1254877586743532,-3.112338482377016,-3.247014685573326,-2.8943722292231326,-3.530117765100331,-1.0440512246908393,-0.5671826669941162,-0.7296173305232315,-0.30670521011317875,0.45664644344054434,-0.8031318754302712,-0.69902954086834,-0.1538666581394627,-2.4962472946559027,-1.094375286643926,-0.058126481903686085,0.42609045052435185,0.20616952521882503,0.5632446019802709,0.17023321049170498,0.37690136261475143,0.8718030539768422
-2.3259481115496436,-2.959049595239993,-4.051392432650976,-3.4881620194158423,-3.691901205927035,-1.8880296289593008,-0.5190049028358896,-0.5892918654092715,0.19478081329820632,-1.028008230555864,-0.8080037573268842,-1.237591376180159,-0.799426507011036,-1.9880176320490095,-1.3348081260307265,-0.022940360486706123,0.22977222721630366,0.4763068339730358,1.3286223665922967,0.24827030098085728,-0.07569001775846801,0.5495407152646328
-2.2085186664131533,-2.5923785438738345,-3.5116193069746138,-3.906812688544134,-3.8735971593841136,-1.8235884108546758,-1.0497579199778977,-1.2622744841967644,0.3814710313462318,-1.8866213463289143,-0.25196956977626017,-1.2748516981523654,-1.0484921689268731,-1.8063056469923773,-1.6345524972149255,-0.23354430770061899,0.4246791920964837,1.413266349245206,1.1109972303622186,0.016042539166495298,0.30444052533990723,0.20277172134602892
-1.8827549755023878,-1.5773364537101047,-3.2075844933452684,-2.8652934390020097,-4.201391181299271,-2.068893709781215,-1.332730457277169,-1.7518730469486439,-0.19184051819401907,-0.20513046933222984,1.0275604833446133,-1.9119509354482023,-0.9319279067569888,-2.6471637865955606,-2.158807626455957,-0.439895405145861,0.39024675985638463,1.338556864205069,1.0654005429664035,-0.19554630804785045,1.2537883517381365,1.9285443023083655
-1.6325912201118835,-1.366350303178484,-2.8648093968482122,-2.2647532098806544,-3.325272445532786,-2.593520531752363,-1.9124385011003688,-1.9525853710187797,-1.3919174380916361,-0.03160126905485892,-0.8260837680796174,-1.689146458247044,-1.4542726117162381,-2.966063826379458,-3.0948649051467214,-1.562277677461862,0.3156770501162401,0.9054123708707517,2.0811431741453834,1.5162876199303024,2.4360621551319492,3.1107951689264097
-1.816189099461976,-1.6663165735104806,-1.668735784889269,-2.4780819141777277,-2.3650168522655632,-3.501100932705,-1.6541306485995133,-1.567351499591828,-1.8271250105846404,-1.373860933155294,-1.8643291726144553,-2.1161503230777763,-1.949654447370718,-2.05494884724646,-3.9686361979183715,-2.2899490628819787,-1.292232959594426,0.6818480997390988,1.22694572272774,2.122152514891234,3.8246035297518075,4.7407149593539275
-1.2710143059913221,-1.3239889968685645,-0.5237611205412366,-2.2605249208686375,-2.31132604793996,-1.9159666550068006,-1.4778400740791493,-1.1606299437235894,-0.33020544579419475,-1.608737595656178,-2.8767070127884304,-1.47614530995671,-1.0917240915404718,0.205347064253939,-0.12475359997375224,-3.4126351477945165,-2.5873946280000424,-0.8245142560134031,0.6605059480003684,1.835277171076822,3.4755184669981722,4.732854262776204
-0.4902314666979574,-1.0557308636556921,-0.1362661689577329,-2.3718165561292666,-1.730285786365447,-2.7259968820298255,-2.153639956989414,-0.6925997719378376,0.3770048161956844,-1.360648654347364,-1.299604832664541,0.7065042036489068,-0.8311743284088434,-1.4144179212602472,-0.06068323630497677,-0.738842717610909,-2.049435745900009,-1.3110813109231736,0.09394516388600255,1.031667136999002,2.6636901383093656,3.236827982014047
-0.36537107492136733,-0.3106783753413169,0.32206744388856656,-1.2552325028373073,-2.634416265230886,-1.8194253482144214,-1.6010877693306702,-0.9149074410105349,-0.008703992534917323,-0.6760542468472415,-0.04332410679760243,1.9988343260619656,0.4987590993461642,-0.20626431510166218,0.3757073151211591,-0.171200353829758,-1.8623871514090988,-1.9070126248537087,-0.8414372536731601,0.6134664176127178,1.2705850732432007,1.6792891731727377
-0.05980801365399557,0.17564165449843713,-0.2053167886230153,-1.1333100170765138,-2.9754573517511735,-2.4168659643679504,-1.4329214021960204,-0.7239116543654306,-0.5913024252829685,-1.3261714411338617,-0.9766880575487689,-0.8851173865412102,0.6083262111010544,1.559718470132484,0.5604667182882214,-0.1296775358882319,-0.8130431855623387,-2.383158620834087,-0.9272661816355108,-0.5605024247746623,0.8396014151815616,0.412656177671658
-0.5828664481388456,-0.022108405720057882,-1.3213598924701537,-1.3413962264679336,-2.3829451915262188,-2.50339403487008,-0.7340030226735705,-0.5447342364973773,-0.5954566276462441,-0.7940684158982678,-0.7073326174157384,-0.4500878102908135,0.49651928089726594,1.7120858490475503,0.5710447616921299,0.5689233723278734,-0.05297552059806025,-2.212491235566507,-0.4439511259425333,-0.5159110130377524,0.874584334180823,0.40378506253247776
-0.43923088391664844,-0.1557667844963737,-1.8757591133690368,-0.8165555822848173,-1.1951866723910216,-1.8338991588156828,-0.6291539217857509,-0.18067333823193046,-1.189244785431758,-0.9249482801617442,-0.8824899400949874,-0.5461539062112557,-0.613028813714599,1.4507958002874877,1.3886777554497312,1.1101096182425592,0.484489800622568,-0.3542902011088224,-0.7720260876998751,0.2410047375410717,-0.07472538679796195,0.20495361674361603
-0.06130244223590939,-0.7393886516233216,-0.7777686745156727,-1.193464881710272,-1.0833515051357172,-1.790041925782149,-1.1978519585312566,-0.317167139246393,-0.4487220304618918,-0.8724628117928779,-0.7265528312686611,-0.4013727233187558,-0.4180548504522915,0.8991534947313672,0.7842482750852829,0.5764000063424678,2.337065777109337,-0.45650714001334813,-1.1040588988459126,0.017356960145376174,0.39747829041692695,0.3267499041396874
