script/wind50m.json
{"header": {"parameterCategory": 2, "parameterNumber": 2, "lo1": 3.000054539987559, "la1": 64.9999836372058, "dx": 0.5, "dy": 0.25, "nx": 34, "ny": 52, "refTime": "2026-05-07T20:00:00.000Z"}, "data":
[rows 0 to 23 of 52, columns 0 to 33 of 34]
-3.041430272236704,-2.4082892120516806,-1.6919586151992798,-0.9190370547447207,-0.28460443577570965,-0.0678260535843637,0.2685996186473365,0.6853139703829875,1.2396495339326095,1.8226057774561888,2.4576160005284042,3.0196504204138286,3.4160184369874482,3.4674074951190397,3.8050289625341023,3.485151693512059,2.607083547625097,2.6124354592866577,1.6107007156820043,2.339951462297211,2.155478900375293,4.212095694483905,3.9473720845354867,4.652606726631289,5.146214556532077,2.132757979404842,1.186554169637973,3.2266972457920295,4.29872487664319,5.0751179075061135,4.830052412013295,3.4670773089345115,3.457418070287848,4.196641627332466
-4.333792924571646,-3.824440092652007,-3.4332228024041913,-2.780032002644691,-2.60028407998856,-2.309151858650603,-1.7144322054309722,-1.1490886440089696,-0.2658695382897624,0.3486750950677415,0.9355109447925712,1.6309578087714718,2.295910861250196,2.5012357455360545,2.665089305838892,3.335630785686911,3.6682991886609297,2.294346531190173,2.4452046562199885,4.701463673791172,2.3239761504755903,3.7108878948678967,0.5047115828697665,4.569364110007422,3.987209838640655,2.219953902538838,3.555133098416222,2.946712748819915,4.185991416644836,5.096468755499709,4.528501229522415,3.9885635282296,3.293706707656479,3.966299403379148
-4.041985305068221,-3.7514755446755053,-4.085068429194064,-3.9892181127420807,-2.887501729266725,-2.5723385491336943,-2.2122231252094373,-1.671878989188808,-1.2211079991024167,-0.601225455223693,-0.02805090091966517,0.7426445898557467,1.3185391169144705,1.6070105014699585,2.170691679757064,2.8712130180368574,3.5702079811125462,0.37084771505713693,0.825287365633668,1.1307386958498225,3.822494137723821,3.936404651127816,3.9454674709917277,4.983419878218373,4.191405197833207,4.428932592643071,1.7924715252753187,3.1778117444008696,3.089084720498013,3.8089611684846933,5.028579574795026,4.005093343611199,5.1909002128897646,4.436434136173398
-3.633370934526499,-2.9816549788868545,-1.5414981686706044,-0.5006986629130168,-0.46867113587818887,-0.001021419972730045,-0.9549863771078214,-1.3120418713846413,-1.1926999038390476,-0.6411399599336953,-0.00043684690329636773,0.552366691895572,-0.25363989155252453,0.7879383325509326,1.2702105597913438,2.4772221913609647,0.8657619546868071,1.976350415113489,1.8671849614520677,1.6826924889624777,2.5520132917810523,4.415670091024222,3.82634177263153,3.4569485419874986,4.136982671414421,4.694412648105477,4.96226262809235,4.759679079526498,2.848605458475908,3.364937693616005,4.323412590739892,5.034169314577896,4.991043544272812,5.008236157479426
-4.0441818557456966,-3.1165972251980767,-2.293488949157733,-1.6873436852733497,-1.5868894092572317,-1.2663389362268533,-2.0755042794114353,-0.7748174428417116,0.31976410040875514,0.46127532920311676,0.540154222058175,-0.00031778472324502923,-0.03629193633259099,-0.4727254936578813,-0.9598784418273372,0.2569176277982842,2.128143697912647,1.5631805884507726,2.2481511659486717,4.813865844824,3.1439677756760687,6.257670240797105,2.2642866881996846,3.340672281051899,3.6930956898205074,3.977002649735358,4.446617056431768,3.5078093075272583,4.424305155404396,3.621138115122173,3.7100287440537536,4.928137328255831,5.719743973442278,4.742332242193707
-2.886876898012985,-2.4951783492457484,-2.2424285736074085,-2.02344408026722,-2.041451953326403,-2.154565996338998,-2.2675854356088516,-1.6459567622930604,-1.7517155410994762,-1.1252607775644488,-1.0642283437173166,-0.9886694931068168,-0.9309225124934951,-2.3588597797652757,-2.641241764062961,-1.7136749006693277,-0.7249360246151916,-0.5732957448196806,1.9453423358573767,1.764146147587043,1.6834172853319733,4.433388319753236,5.317856562696966,2.901721360796223,2.8422717546561165,4.183761417457105,2.8883078627013457,2.1415619024227563,1.9378309090587236,4.4579516652552025,4.426474964165188,3.0169946247464337,4.322558554488868,4.122881474470481
-2.9754799092798345,-2.986544232324486,-2.8982491709319618,-2.745999388332842,-2.500309033735125,-2.6064731850440093,-2.470216232041994,-2.662387423598523,-2.6608370855108006,-2.699433151877755,-3.0129280905827227,-2.8929293660654127,-3.648803013938292,-4.0645623670069435,-2.9879389300384167,-2.170661683477788,-1.2951254652154467,-0.8792926505506713,1.2947081922401504,1.6635241119685564,3.3612112968973453,3.271502883554361,1.9425002312870563,3.0639768099012077,2.78465832805895,1.7747289759331308,2.1696806980783263,2.0731427916975766,2.4203276449335958,3.5377913249603834,4.439466100037556,3.7462479929563877,4.476778446218425,4.180136771122698
-3.0861930093200427,-2.9823862922459425,-2.9658087080170366,-3.728328211398249,-3.7258995172220684,-3.7634964664888546,-3.7448529556937737,-4.133499891935792,-4.084479051174928,-3.197461151119445,-3.7136521338286186,-2.8183057028244765,-1.8304942197280585,-4.637776431250682,-1.708177580125323,-4.032927448720166,-2.21904835473802,-3.0099624053071055,0.5235801813642874,1.8294456336303018,4.3536609933636035,3.0415969516123953,1.4567101856156999,2.0237778974129905,4.14787483567032,1.2763083905428585,0.742181871870854,2.593268381111905,1.934624584739912,2.8113397240153457,3.942115451162783,3.4702150272864962,4.4954655971919655,8.097477983209322
-3.578623390925232,-3.1196275203666284,-2.9574770324641246,-3.8251940539266984,-4.655180540555498,-4.46544390174329,-4.723169349474539,-5.1012195495418275,-5.202579433013696,-2.8307318342880206,-3.357923164075634,-4.896700368149765,-6.154737893838358,-6.320340323942739,-3.8073279678284204,-6.055019972231864,-5.135088282950848,-2.408619239087932,-2.4601855680907083,-0.4089798944334593,1.225199607984085,0.7386578218547986,1.0650756245821502,2.9803656188014735,0.9201768974309417,3.048393678476637,1.508037085768862,1.8461559973056516,2.270054211487643,3.423418477489259,3.787118945097372,5.733445998354374,7.848129677566789,8.491872241620435
-4.160685898350771,-3.7224561241152285,-3.6191203112032824,-4.300007740884299,-5.374068331926246,-5.071174502640804,-5.3844328524891685,-4.703625423615235,-4.460547051551417,-2.4162112102439517,-3.2495052717542108,1.2199191142201997,-4.397627387786261,-2.343458085680488,-5.124328020801669,-5.916654879173936,-2.782631724856905,-6.144227073202159,-3.7926118818546923,-1.5805704796388147,-1.9851423398783121,1.1571567012872093,-0.3335082036171632,-0.0680537875288904,0.9419699548603413,0.8596345179436455,1.8091916453495056,0.6651745312417138,0.2620862112274831,1.6775583297197614,3.5503282668051788,7.215765907620521,8.681766805488309,6.63440000716076
-4.123936142058639,-3.9975664563881277,-3.930038794161838,-5.2945273242738216,-5.859944653348182,-5.076923936295784,-3.9004788466272293,-1.3098813342137479,-3.6676465452090756,1.0450645542471502,-0.3756395537175823,-1.9391373094961082,-1.1505345928970574,-0.11730513482580204,-2.29899043082326,-7.483443841084313,-2.1067764154860753,-1.6199846262215476,-2.90686649611323,0.9473193691957718,0.32171497633101764,-2.482648648095334,-1.8861697649384324,-2.0504307940782622,-1.3889747683569693,1.0287998499706381,1.7057641270866128,-2.634778188074344,0.5267024565587477,0.7929691806943515,3.8603969921203145,6.52977766868143,6.937825086499924,5.166655104300512
-3.681000245452669,-4.099335018211887,-4.055677444146182,-4.976663453872405,-5.8531666740820345,-2.0374748651206636,-1.8431869439265962,-1.4496549303115682,1.4021168465788012,-2.2453478573097936,-1.2650108494662515,-2.0497606774930683,-2.408678694672488,0.5096374394272417,-2.2247863934573,-3.6597482292304084,-7.764070215844663,-3.524179648423941,-5.047844532218604,-3.2535048767810144,-1.8283863728937924,-3.6016659484962714,-1.2227273939629897,-3.8650347922793964,-3.518249082500875,-2.218117898732196,-0.6259121352188534,-1.3500231886017344,0.8494552342029044,1.6971133351058985,3.872354202175446,5.101972668310006,5.764574662567512,4.835630530448121
-3.4239924443065153,-3.8364143493076788,-3.7401470025711183,-3.1177846162092013,-4.424911124777925,-1.3532326986967331,1.1001004098214728,-1.1868913947717643,-2.6699172204339776,1.0190866358439532,-1.706640942017319,-2.59159406787349,-1.1353891754979804,-0.2141943309757238,-0.7419143887439548,-1.4521992822059815,0.09543323609978939,0.48730411130221857,-3.7452465419041157,-2.270338486226837,-2.098483809741679,0.8049576066946799,-0.19528517973262088,-3.3675377475187505,-3.3711793464354582,-3.2643457188875744,-5.229888716190322,-4.09481542367865,-0.6266745895609326,1.4339890261921762,1.71888113561573,2.532160057605618,3.310533781959058,4.542633608177754
-2.8647744641458455,-3.4850497757568943,-3.488074724471307,-3.1354837901127164,-1.764867576756394,-3.0675177167655434,-1.71470856092406,0.1964343976705306,-8.033203063892387,-0.3270190062589762,0.07585865527021572,3.9691979557107393,1.225684704248489,0.07262154143074413,0.9798584715239761,1.649159761913683,-1.1662508452990055,-2.614744956627762,-0.578091300238965,-0.013688019573651157,0.21965042332145096,-0.14345763397307293,-2.5267353429701243,-3.53020470146411,-4.9204143852090345,-3.396676569703756,-0.7516792877384371,0.5119934058592884,-0.9444840993124894,-0.46982561007192875,0.5416980814860372,-0.1910559673447018,1.1748683816047125,2.402659982400664
-2.492663431997324,-2.9785973747384076,-3.040986460750488,-3.1028264351505173,-1.6168121729033458,-3.941267962774103,-3.2419486229009693,-4.311546032636789,-1.7642471575005183,-1.8369227101223353,-2.4502607237709046,-0.04718516913515431,2.8434541861941383,1.5812721005106296,-0.09459016511302928,1.5866640702885142,0.9663584856904351,0.1362171785967685,2.335450765149085,-0.22724601962108887,-0.051236876466125424,0.10100643828437021,0.15188566099250714,-2.7040959100110555,-5.708515626762927,-4.41902107015001,-3.7673061143584774,-1.5665671038872657,0.14335562265268426,-0.38599878618118433,-2.2082666280413816,-1.587000770882834,-0.48985380619365115,0.3150577334134494
-2.3048545285150763,-2.2024795658646728,-2.5510746364871553,-1.528724299838749,-0.8093847469094951,-2.5451408087226963,-2.8433794017514336,1.0130456587194738,-1.2793990137401186,-2.3554976703828805,-3.7077135698679613,-0.14216278687004816,-1.8509895996453614,-0.8923354745897197,-0.07127336584713555,0.7175051595084734,1.6273463442129814,-1.150922368877274,0.14452304856694587,0.922395697238619,-1.9595131116371334,-2.7899447256714294,-0.974951702045993,-1.4468868226663127,-2.214681570849031,-2.9693405139784828,-3.2531944324805946,-2.2990597485604707,-0.0045033379334243565,-2.142171639289922,-3.1822927313461853,-2.7567250194817565,-1.4316870019191283,-0.42778352947741827
-2.0279561584546464,-1.68319452523737,-1.7554562208034457,-1.3697606567305363,0.03354436863962206,-1.6541331022608676,-1.5960798846673045,-0.7469873027478728,1.2975725767672035,-1.593391931323876,-2.5647139715440845,0.2364530912813222,-0.2705871192913688,-0.6184190809521274,-1.7332587477683616,-0.18490499645205213,-0.2809437004834193,-0.8696066478108739,0.6900798649714361,0.6917675689619379,0.6171083582372224,0.37978187937654245,-3.126500259014361,0.6589589114692709,0.8602924490751854,-3.5930141520944168,-4.046339252723268,-3.314407373889306,-2.1711422060670422,-3.1575740910237835,-3.5998670735269633,-2.4796300239778164,-1.3489825882317938,-1.2936951381698447
-2.0406982236855455,-1.3976519864281762,-0.9194390530834717,-1.4086575843947136,0.8028284381374616,-1.9771233693664243,-1.778788993415497,-0.294117936236269,-0.3833549475134377,-1.7707261513440562,-1.611135264700865,-0.16158822778821996,-0.3711600306272206,1.575291844247737,-1.3637877153854514,-1.671511345533575,-2.2036850217581083,-1.9347751665168698,-0.1733501533364047,0.17388741771666827,0.5761962886934471,-0.8659322385696073,-1.7418827557206784,-2.6401756234696006,-1.502157155427668,-4.546718836652566,-4.155538313499222,-3.00484858691641,-3.304327825715111,-4.073614024195735,-3.203731333495236,-3.823930153526441,-2.662923534115926,-1.2338579737285886
-1.7572924838410053,-1.280700966557882,-0.48594350431277883,-0.7133473159980478,0.28544344270981026,0.8566350498301234,-0.7132880588148262,0.6946231230970148,-4.444982149953559,-1.6332893436049358,-1.5225261641301302,-2.8326814602134127,-1.514566205371728,-2.8165862390950855,1.0956462222918184,-2.829528957038537,-2.3372758452891294,-2.213848962348199,-2.0876357275556114,-0.937162589263514,-0.04911449450393415,0.24973669780456856,-4.419935041934603,-5.085398672276959,-3.440415497325428,-5.362239615928607,-5.477321649729384,-2.612979535690387,-4.349780789230976,-3.7897224606510758,-2.8035175044033553,-0.779375988192037,-2.5496570954694073,-1.7295832069021302
-1.7752546200946029,-1.21101439821678,-0.7193375428259998,0.25679123503000034,0.8600527684245279,0.19587992587670325,-0.18856391465377093,-0.5821776127991198,-2.2708409437534445,-3.6818314965814998,-3.3702802579518116,-3.6038663576091663,-4.819137736131349,-1.005211234236103,-0.696472348105061,0.5142335037568733,-0.32108879106073374,-2.752413030409715,-0.3959598247829803,-0.7566144746550092,0.5988486164968039,0.6848291434589606,-2.9760238274776305,-5.617098654065823,-4.192721659291368,-2.054336018533283,-4.981151715053359,-5.0251247691722964,-5.836132020035657,-5.109219322227196,-2.3159775343927262,-1.2680880186894463,1.0759666120673546,0.5497983269403208
-1.9440322775208083,-1.1260504616403815,-0.6063948384682077,0.29059113090385835,0.7652176892819075,0.3597333109212525,-1.4472478753861153,2.4581721372821903,1.1025693369798975,-2.7286366243519526,-0.9845151443800357,-1.315811667168795,0.8040744027070688,-0.84960764415214,1.0766285298772744,1.9940171659599102,-0.08380833079386467,-1.9020067231504556,-0.9804837913582604,-1.317008171431852,-0.10046009088353515,0.9342299175512332,0.7445208167420767,-3.2173245677208446,-5.085968802256342,-3.8997717919151245,-1.203706545264384,-5.126227934983212,-5.032723162776166,-3.937835817590164,-3.287631965192197,0.07416907691588412,1.9321221089850522,2.164785625275899
-1.7626580520805566,-1.292478217178166,-0.5819947060193185,-0.49612156122151563,0.17045707695432402,2.9072753274305945,-0.9394071583950352,-0.3319813181352403,0.20853370508811497,-1.4637023476981639,-1.408935188130943,0.22803632680736177,-2.9881290516878076,2.395681064964794,1.2609923346303826,4.250509945589727,1.7816652447376617,-0.06393521207743363,0.2067812010818218,1.2156558286396209,0.6452948048075345,-0.7186399121121142,0.22964017113802854,-0.12461665654134672,-2.1171173949095605,-3.640500207551385,-3.4429105164791056,-1.140933373499615,-1.1759315673459345,-1.8220299084883664,-1.8746700482669367,-1.464648567589802,1.9213882817861894,1.4855742297324825
-1.381340027483991,-1.3401665227841315,-0.6750917766015125,-0.8135973251982911,0.033731289683230053,1.0391200863153711,0.013856193737976521,1.563045809188483,-0.1424143652102828,-3.088868490721426,-3.0020069351882634,-4.073240881740514,1.0984261409996456,0.2576798162450286,3.3242137805407848,1.7688472955600703,1.8935550377795567,-0.18144493572961332,-1.213697642430924,-0.835536788604266,0.28154487751126805,1.1897989584116597,1.4838057625552328,-0.6975726821536192,-1.3752374909122809,-5.0248511052079206,-1.1899205305928529,-1.1270269516741103,-1.0923375170383676,-0.42034734435643684,-3.1349492152161966,-1.2659654957979822,0.16648140890139743,0.04225923516410931
-1.0337734836907775,-1.5868040410911415,-0.6513854908775611,-1.107729840844377,0.02204043887887775,2.3048262468570027,-0.42318166892510917,-2.224735211770867,-1.2570023529819851,-2.1218902132415995,0.16826876485507405,-0.8916393459604522,1.0660190335148731,-0.1896126366785634,3.7839714327245706,2.8599112894062704,0.7334326146013231,2.7339922186235066,0.7624201337540167,0.014708776166814009,3.154873349748219,4.495861671128088,3.468379260244148,1.504543512448149,-0.8043052946141941,-3.3746801233615664,-2.99298311985741,-1.303813760160526,-0.10245478387018768,0.6484092735716968,-0.3162402228939609,-0.40210213960934926,-1.0621319339639317,-0.6315559132026682
