script/wind10m.json
{"header": {"parameterCategory": 2, "parameterNumber": 2, "lo1": 3.000054539987559, "la1": 64.9999836372058, "dx": 0.5, "dy": 0.25, "nx": 34, "ny": 52, "refTime": "2026-05-23T18:00:00.000Z"}, "data":
[rows 0 to 24 of 52, columns 0 to 33 of 34]
9.219478865978207,9.387934037927913,9.669994883930341,10.224754159814388,10.579171134999884,10.078453934515185,9.654798994817153,9.66120910284926,10.556930257986455,10.742882676612105,10.141976096350847,10.022104997673413,10.140061966511933,9.971896745607078,9.345928463540334,9.281755315459653,7.549935127489796,5.7824793162117585,2.2144034425682695,3.552542194134434,4.584940727575033,3.5706936147375448,2.422570363484662,6.420639846617159,3.393610930644442,1.2494183103865353,0.3978572714662726,-0.8868304140826853,0.6469980908232688,-0.2671902890866335,-0.9218942758423398,-0.8494539339448133,-0.7614386266762838,-0.31653012680928455
8.834522741782408,10.033372769147595,10.063950842920503,10.421980339333865,9.861576870566672,9.453555998924049,10.227206196603165,10.700516149816364,10.9517128940663,11.12199655872459,10.714088507258163,10.387392696155844,10.333485422853425,10.757058666121038,10.378490486521194,9.922524974315234,9.592241489883092,7.217277861356012,4.958089924479903,9.36949972194106,3.615568559317475,4.20298196411729,2.525790161345784,7.200550949927533,3.2658798695547713,1.8808294631026152,1.4096016988496953,0.3769004085897411,-1.4861794101521726,-0.4386121628022444,-1.3475375286887117,-1.0333463129698741,-0.7410852289705956,-1.3737786363543267
8.729960332609938,9.283343574648688,9.756051033616204,9.895308341122936,10.146379444102855,10.249629722898007,10.398009500112634,10.597471259971394,11.050760215125653,11.629649009868414,11.037024500262849,10.862224555636391,10.250467718199292,10.381255990827299,11.036374467474795,10.70439090338366,6.273806194360078,3.1051301403324474,4.640032699227665,4.345420061503634,6.349395405625974,4.717684597352731,3.7020898889041955,6.460545654759193,4.913002100411379,2.921731758127262,0.6442826665531516,0.7061987723331172,0.13705870943374382,0.35139859847127336,0.34608510777501317,0.287984829792197,-0.6035689429494269,0.07886084012586521
9.636185109800365,9.952545068894766,9.900022437624894,10.431373182882426,10.759866098038035,10.758422811987844,10.98265017930297,10.737393272611646,11.254739804706166,11.212905033485727,10.720776474582575,11.13546717251006,11.37019849834582,10.591003177800927,10.174585968215387,8.288600537425658,5.0557550322425024,4.227640356730962,6.629946217511419,3.360445546205509,7.39681548311993,6.983774999667841,6.951286841394443,4.299269910766089,5.454777571083373,4.200773894676298,3.3125808253509352,0.032675213355606296,-0.14860447775173793,0.4783539676568177,-0.6400750037156834,0.9377628205589451,0.15568389065359264,-0.751884542205822
9.228408450263741,10.388409801603801,10.303664910612978,9.866528696510821,10.51143905116064,11.312654710238053,11.543325164619558,10.935168577644937,11.319722840910634,11.162688033996465,10.616728690650111,10.8806285853802,11.854906715190653,11.058425488216319,6.791677796462811,6.398308093757124,5.942124455760676,5.047678167652482,6.703595545699583,9.288003584298098,7.195203695430642,12.924800372602915,2.923736975776747,5.368752892581055,5.550130408292059,3.224749929319037,2.6197222394211894,-0.42373834088897966,0.8610041978098897,-0.785702805485049,-1.3166808475151526,-0.7540425725413976,-0.27738505751415254,-0.8809364763341149
9.266310345632226,10.088994645772367,9.664995714450532,9.83269187867139,10.22589631478243,10.712859203516745,11.257840576598,10.617157493854213,10.6166462270507,11.253597456961284,11.214249662750891,11.246360837437269,10.237255456159454,11.53787811154887,5.715659657841289,5.075179400616718,3.409881201528867,5.590968284228443,8.728085370532005,6.47459533103582,3.125759551593753,6.95073346017754,5.267990500947831,3.7028805272413616,5.555116845618391,4.3467913152930455,3.7118477702910466,2.1734002340200265,-0.19892987023494962,-0.033164080258805094,0.2218230642321834,-1.0608626390584006,-1.387076203037789,-0.40894805299813797
8.44074691193806,8.15688037775945,8.636939685650368,9.245968367308164,9.767776456394005,9.433368201749609,9.674835886099086,10.06075693025516,10.602856372809116,10.802621382123744,10.389745493714717,7.872269008835337,9.681415721036856,6.770160252387915,5.660682712682192,9.249130292175364,4.5798132297619265,6.438024547059616,11.200571523043884,7.144933400424204,4.581519436487517,3.698413504709201,3.84749918004045,4.218471048272741,4.680038981762318,5.371756129747856,4.125143784352183,0.497299051355462,2.5511666533553807,0.17782880530575548,-0.15950574323557287,0.5195961511535785,-0.7853860145788204,-2.323379899461548
8.358979960680688,8.514806354219182,7.3547196470264415,8.52632738330489,9.422478438466142,9.457877111465502,8.439503491872124,9.850553444588014,10.800140211573247,11.351282324833047,12.754197974977998,3.1420525764446507,3.359123512890796,8.124154984292185,3.547914878029855,4.371586710546747,4.889427551133938,8.24286214631389,8.589601451216565,5.975110833181857,5.638986810974529,4.60320838434251,3.7247159982806552,5.337859927584154,4.70045923429835,4.960549020699053,3.696485336054975,4.264607238929103,1.2810576161925138,0.1230582016852513,2.3124664931143695,0.843524028054457,0.36222585807179714,-1.1821854388996151
8.131227034139192,7.0493432125976145,7.677707920578444,7.433413807055265,7.6544832034231085,6.772306365048041,8.198364721678859,9.709527708784908,11.0107776090182,4.57494812963704,4.138290070361046,2.9830348264510693,5.993903311148009,5.918797959866922,5.404083782066165,3.5665949553854426,7.375099537454999,7.575209350813138,5.824962715162642,6.730197112796855,11.605439518296565,6.597488850248606,3.3356056706484316,3.018490126636519,4.412335203875318,5.403725228655299,3.5044921944515597,2.7057858332788527,1.3183334606347819,1.2479905532910933,1.3504299821206451,0.17297970625743564,2.346160663389742,1.1152126129226079
8.923116551394093,6.510330113703847,8.351362940490779,8.231136619293745,7.248219541604574,6.4068813840287415,8.882089912345474,7.615362265227769,3.6376226645815484,3.6269126376573677,3.4756912518766616,2.526031335481229,7.914840190501206,5.020783666615356,3.4481955879517803,6.951980482612523,5.307594181359319,7.237353256290432,7.798747397657995,6.049192346622425,6.41697668879655,4.069895879043111,3.8063203938359367,2.525335489981875,4.190306216687149,4.121811509934342,4.045872532698543,3.0027700760824483,2.5237444570122514,1.166469309811885,1.6416046718995032,4.145223559017375,8.70789670018346,4.932661997340385
7.19211900066349,6.728677626083073,7.047018430036063,6.549569061623255,5.81448645339734,7.174528342687316,6.241981385813927,3.094622025771558,5.81359477394136,-1.8012818654126004,9.709308352360106,0.9482331609200263,4.636962336316184,8.672469288845958,6.471193634211619,4.6382935059289805,2.9005477023820396,2.788299492304579,7.34873040321678,3.0047514539162097,5.402745687614013,2.9973690826695707,5.6765932344508645,3.4315464335563424,3.9176247099831327,3.228331218218422,4.418727748479901,3.7347370578984993,1.9350988538248697,2.725558643362714,-0.33970436890122613,5.082526024962992,7.54477868793145,5.838289780973664
5.909094746311179,6.085862198441069,6.1991148011972985,5.737073052436797,4.808355733302155,1.9987606390918238,2.3787194223966166,-1.0150496724259406,-1.3635968062030774,4.847507630328182,3.6208976283659626,10.18520637390652,7.333509804876248,6.444696538873001,7.765619466625686,4.005658792992839,3.9005611861769673,8.230914347861079,2.4488335352991264,4.088730206389436,3.640393084240912,4.418638078262999,2.784619832451332,3.6263929474071643,2.829808334896377,3.1990586004070556,3.755042655264689,3.493269084226659,2.291482122567387,1.780664404796115,3.6061581292388873,5.0378308416683915,5.414158500303713,8.617406302075443
6.580181307026641,5.804718769012422,6.294558423060501,5.38550732994926,3.643381116446563,1.5705577635727983,1.0608718025896202,1.8481133060833437,1.6419141659196852,5.90983738205232,11.869569393761012,9.78333135109246,9.921914156432281,7.310078332447887,4.638560866228897,6.814899384496437,6.509255806416602,2.994155796172949,3.3841237589138418,2.2685916969821993,2.82210950257437,3.7774394739043995,3.213037710146225,3.223636547794594,3.8379867683999134,3.2306720383603644,2.5690000925200205,3.2613761607810257,3.2983719721494906,3.022659272868458,2.2795535756901466,4.819459164316966,7.232027574448336,6.88550364397023
8.393664870185935,6.469067601587535,7.147128237453534,5.348010914688023,3.3552752191111908,3.887394439792311,8.608363319818585,0.6100003728061677,4.061979245649186,8.640429451161435,9.345882732014983,9.649161534761783,4.76538094561307,1.2095305703562793,3.510472749201557,3.0792823680926746,5.641011298109846,5.728613064781742,4.74379616579578,4.154679493451683,3.473497280003279,4.190326755826686,3.7743378540778987,3.764095063132282,3.4721970441199037,4.117639471957204,3.5635234696517957,3.361775298412059,2.6678435478587614,1.500097810866531,2.277730715095206,4.846431978436988,6.537797251815478,6.151203780157389
9.037453451793011,7.680894747171561,6.235368943033056,5.151819426750365,3.1234029479694914,2.0458222181372676,1.754566310274305,6.829589232929803,4.205492868149362,6.199918550476822,3.3161375110466356,9.612265423544518,11.686859928812689,5.075334988985148,2.066562138260465,5.141465297905474,1.7357690824289056,2.8234912221328337,2.1787280464619787,2.705279201476421,2.7752164847093352,2.507809895798505,3.230968513386672,4.3552286893511045,3.5711735581376947,3.496537282477101,3.216690214613652,3.455333000519484,2.231521194737039,2.4785713703262995,3.9020435712915007,8.303696934087542,8.783629568056666,6.624519783282618
7.812432812258594,7.196271252386174,6.063217953092184,5.316528434386342,2.367245934265049,1.4688991334069663,4.351622268616217,-0.9672708849189948,0.9088056493552003,7.78358515224892,10.066743920402027,12.28474950617614,5.899931439146012,9.250872026369775,2.7420079623758293,3.3110133995462134,2.5374588164285337,1.5218602207476422,1.9969038129083554,1.8964667692241979,4.091261089773279,3.7071883658488525,2.3103330733829277,2.8462170141914664,1.9358890774767004,3.1065991338303562,4.231516796210593,4.384492341342315,4.0186200713540146,1.0703547824180795,2.8352983653195474,7.068722875443537,10.13244145331187,5.098663016817069
7.89651473748839,7.334806064569536,6.46025064051241,5.429570369185503,1.5679306038368437,1.7048248711731764,6.3937681943305815,5.369777647604555,1.3880575875819192,5.874055026754966,12.517697122412628,14.549228213903092,3.642910646359608,3.018366806332933,2.848337632775978,3.420775817299963,2.99221435307622,2.2375764360210413,3.4889754974448413,1.8872905022461173,3.9810633610351447,3.652471400642371,1.8407023453699756,2.5735530782174654,2.7407637295445157,3.2354178673768734,3.9305533243373723,3.894716581853081,3.1407830650963318,5.875181828026208,4.649898981529551,6.080580787457505,5.0732940059511735,4.56198602590452
7.544299795448614,7.652920690436599,6.2356869353824385,6.201385922178045,2.65488676234335,1.3753803681936891,3.2591323684025872,2.642217751661687,10.847385511758135,15.055458842834504,6.212990675442425,9.040579682624726,2.872733880161625,4.604622906266764,3.07531136421029,3.879883770231239,4.473664987810557,2.864400538981961,3.369311098174664,2.9225172649362716,2.6409930430278536,1.4346378277273315,3.1169254569415603,3.485639108925067,2.5148312003624684,4.0698359753385756,3.728727901827937,3.712332891085801,3.87080352436937,8.07940803245454,5.267909472874385,5.038059821275409,4.559660943400257,3.5933825539404305
7.8553065628049366,7.584863192875583,5.862706865858284,6.252823619129387,2.9734818337895694,1.151989373502971,5.612824955294499,3.317230457434691,5.494219343922198,18.696965936149947,8.730168411798685,5.140010384736812,4.124667851930171,3.2272601018396916,2.604745741485464,2.1159203849237813,2.4492948144261053,2.82535735931152,3.0258344635192937,2.9438814017265886,2.3487850615501897,3.549255291289394,3.067006453272809,3.2544128876173564,3.5556578828346086,3.5997582372576704,3.6701697958356805,4.700463534599906,3.542293205833469,4.094940296784452,4.9577677005470155,4.327740094987062,5.8213180275155985,4.611138602939411
7.252769783767038,7.072834355748482,5.956877275584522,6.36401739720509,2.4605405086003915,1.6233503225712687,-0.5332801307734479,10.253113177156019,9.706774897556544,8.193915291280971,8.740881254621543,10.840147914097702,2.5309788232007198,8.549932244465916,3.0595210163907307,4.172804427441184,3.2211602222471107,1.9329847612446136,3.3259000391889852,1.843724536239652,1.5323725500253773,2.642243828986663,4.405096900693131,3.178617319272218,3.7873412087752842,3.1424605441412146,3.973465901329311,3.651545741054639,3.4103182668198193,3.476503044563873,2.334863282459104,2.1942175832057886,7.890301091400375,5.6640997452148625
6.744292207338633,6.155079138547136,6.1191020091930195,5.63684638507128,4.3273825558711465,1.610850935631097,0.5458121074275839,-0.29837842876398857,9.720419672467308,7.871412951884445,9.474791531446597,9.663914049185372,4.037204826480054,2.6664516814118775,3.1457658748350443,3.6471740754712236,4.113841147600283,3.5866953082352095,2.231823755267966,1.8538905465893565,2.549448472586737,2.7586510571288505,3.4448254241677336,3.305794907204176,3.8075186479840433,3.6053140174784946,3.445521943696355,3.28649449841773,3.2442961462550537,3.058102806485989,3.156811968613186,3.350404986330279,7.635302982490246,2.5094131136524904
5.995205248440301,5.5113889829270954,5.265652891886033,4.814901509725124,4.193620937939666,3.0518266287640743,2.3044659883094885,2.1865521955039333,13.18851601120058,4.126050729772161,7.451041640292181,7.969312409327878,1.0434834739797145,2.4698083090527407,4.161190195471066,3.5205530835054963,3.3252996526146235,2.506692037130576,2.5957814919288653,1.3678581511090162,2.9094040961814107,2.6138176043296952,3.1092427640638287,3.9904311518463342,4.201542241005993,3.1592803907051623,4.024154660540742,3.38956150124574,4.694879245418261,4.370986788809027,3.700923404983303,3.738227009265503,2.38019862929016,3.7936235153485014
4.466979811414181,4.5060392036192685,4.777704594701713,4.015343957843116,4.302385848342068,2.0854994104233477,1.8199426891839023,3.6729956328712623,12.252393991092404,9.624019655922568,2.8385848829163027,4.762166695393232,3.700282652460423,2.9945948086778413,3.1512398850911194,4.401143189316649,1.7185950847435392,2.3274836125544645,2.2660648189895847,3.59288611709378,2.0501198514111327,2.8057894110478885,3.130073090331202,3.2191996983807254,4.633433817927506,4.782016394501856,5.86163215822881,7.5657845674254105,4.8066087179797234,3.8521492640256603,5.713891352283596,6.335528998645362,3.311818606567653,5.791375673461453
4.358265867872198,4.185928059726308,3.9620298467357578,3.5623928624596104,3.8751361259131083,3.1475399439386806,1.8778546318659555,5.482239843394822,9.00640949849493,4.219377980994913,2.1456211092513513,1.9972136338152193,2.3405722578263104,3.104839123612101,4.091069184744894,7.446746977285925,2.5264626241531256,2.2957746723442565,2.168601908376322,2.6942799929503263,3.2819103494244004,4.939120447068087,6.031776888026736,3.5935828872099145,6.03575125216488,6.1718904552972,11.329901554437045,3.7370635746349468,3.860720327813967,4.113257707248408,4.580318996705058,4.024831876755752,4.963864394577975,5.618412145085555
4.09959670367744,3.959545385276134,3.6807454498209506,3.617645952216038,3.8972429170152667,2.272837598862925,1.7331247729105552,7.552204676830017,10.217633253860333,0.7219006668045224,3.6788292192246095,2.3308485060883917,2.8777541243950298,2.0240105940846598,1.9737041580512467,8.550983271281387,8.402424619403195,2.5474794697686773,2.444228448160425,2.711577599852993,4.233884055103349,7.270658440665578,5.97087818713193,4.84890216729991,4.0453367526291455,5.030965481289566,5.029044771786393,4.458190485852236,3.9515656328842454,4.92629123607988,4.579575961026886,4.860926498017588,4.78345939162592,5.211740760703457
