script/wind50m.json
{"header": {"parameterCategory": 2, "parameterNumber": 3, "lo1": 3.000054539987559, "la1": 64.9999836372058, "dx": 0.5, "dy": 0.25, "nx": 34, "ny": 52, "refTime": "2026-02-03T20:00:00.000Z"}, "data":
[rows 25 to 49 of 52, columns 0 to 33 of 34]
10.684989660506222,10.364486877170211,9.809253958370386,8.148591269273105,5.545740871462425,2.6009288760262286,2.3474868305334198,1.5059299706118006,-0.8957577881084295,-2.159883294076627,-2.2796265899105173,-0.7229733753253372,-0.8762852215616717,-1.7942464966090785,-1.863161256197221,-1.6154127939088532,-0.9008523821507164,-0.5650318785831632,-1.3644318873407213,-2.930082478205442,-2.131535797871046,-1.704161358206739,-1.1103323787010342,-1.5560397374978268,-1.9606522591934417,-2.6554905564920994,-2.3023822291177503,-2.5596055921886105,-3.9337257419276934,-2.8318887860411324,-0.3797675572922764,-0.06359225865588237,0.11547402311530007,0.2780580216556189
10.844237497239325,10.493253583094475,10.206920016335982,9.429172244903057,8.271298471089363,5.387020280132704,2.631363457187354,2.3868470090678895,0.9140899087777131,-0.459267579207046,-0.020249413869088954,-0.3355392057104113,-1.17044497331878,-0.5143569937771438,-0.5937759826956487,-0.9448248702676949,-1.0414632731016977,-1.4164135147717614,-2.86506076865315,-5.024242452794697,-1.7413417772739939,-0.44781043306466506,0.11708309720521147,-3.3972338630226027,-3.250116327775184,-2.865886986266367,-2.405468442826429,-3.1247516868441387,1.8461057339370808,1.466171563794242,1.3372004045141945,1.1426953452242323,1.0822617001155679,0.9516078556594758
10.837913337874438,10.395369598188749,9.85708368575807,9.036944368179006,8.786315358298046,8.013256332098004,5.088093531829846,0.6966492034911848,1.752240601323837,0.42434483521566374,0.12025679647625696,-0.7764688879986167,-0.4267362217005524,-0.8193322856109002,-0.9337061650393779,-1.6973019371148208,-2.2235706328560823,-2.1807076390301554,-2.577077392862982,-2.1532861410078867,-1.6532879015942945,0.29136024908818814,-1.0250404243563953,-2.927712615119676,-1.5645535003225384,-1.8906541658533225,-2.6328322414275,0.6654859862634144,2.0010080833083133,1.5974584155946352,1.1427657109850495,1.0002883707076509,0.8612026150748591,0.7380551195374433
10.034500852665776,10.183968404264547,9.875103593596881,9.18005340919878,8.261047352217227,7.379242021546223,6.272981993990091,5.296212416061813,2.7755612744667753,1.0533022419491274,0.6590189127295564,1.0535858035502121,0.38292296364894496,0.14876517506525394,-0.8438580305642519,-2.0145378461055388,-3.335737986591722,-3.160046873238162,-2.858225668581746,-1.8931727307206876,-0.8012177218719866,-1.1845390176929431,-2.5756521943119406,-0.4659476144724505,-1.3238616794893039,-2.1988025820934594,-0.10954264145271508,1.0256560827486152,2.5608509397608685,2.3327186176084282,2.1162217817163413,1.5096617875306115,1.579556589955302,0.7216909317144902
9.19509826179551,9.485601422044132,9.784730526018166,9.382062722973755,8.816838807940885,7.803035426430761,6.198442666453219,4.4109617581422755,3.127683330817917,2.7040990800389,3.3864343291654113,3.819118186618898,3.2729835917372583,2.5668694295289787,1.7438290415639095,0.6719749031673671,-0.5416450733567663,-1.2195505536008122,-0.6185427931882522,0.4603416572576161,0.6548431920079282,0.824428536019747,0.00546763055539438,1.0577983726542297,0.41438261985549435,-0.20230154902365738,-0.40421842211076897,1.2227472778934374,2.2836404029344086,1.7248709082619496,0.4195985661445223,0.3789381481748437,1.3050546790532527,1.3072120263412013
8.737545781431006,8.49976459698211,8.71420892759173,8.915823573719406,8.504369322392472,7.630024992280572,7.252623872847395,6.202372846304452,4.106750053643395,3.1093379453553394,3.01755420779424,3.305640396374726,3.3166507764774464,2.5574603847841137,1.154025847768886,1.6373391316288892,0.5585444498656085,-0.14091101594995437,-0.04937087257755891,0.23278341688391854,0.5249226803708826,0.6685078609420572,0.47489081683893913,0.5357451640283639,-0.06648033636969271,-0.7246955178802315,-0.5444570465452752,1.034235110220072,2.262704148168471,1.7652571153378895,0.681497640038114,0.7065464965829081,2.0626141079259854,1.7916810718574223
8.555163651337008,8.264051438973663,7.963324383603824,7.543036128176477,7.816333743361888,7.251193117338861,6.70798532551731,5.833776400459747,5.027870811856543,4.262422841869655,4.149460444838609,3.850967438319307,3.3844011496788404,2.3663484234141934,1.5635730186220365,1.4510838456422375,0.8873067974798825,0.4681555675153608,0.3271984237789415,0.3166626406679124,0.3531334043707605,0.2379578905311603,0.44550449348445453,-0.073734644178431,-1.0063107658108559,-0.9940628055008075,0.17855882839240025,1.5043665605244525,1.8028560915818304,2.3082867361180806,0.604846812320325,1.5153223789177965,2.702920028507501,2.3751337483572614
8.17072826035781,8.099377173463076,7.635421370312774,7.244746514391956,7.008480109307615,6.320133667683936,5.83017481496268,5.323752202914531,4.221528399191867,3.8486107662652773,2.9968832369845186,2.39018953501831,2.8413566843476943,2.610255087473177,2.660911674356002,3.258907364039397,2.2606752941437174,1.432577950493336,0.8242275129367528,0.34248680103995305,0.46441540778508295,0.561007173779562,0.5809338211363726,0.08924575898271203,-0.26044571303009983,-0.5575946308957815,0.9269510473190682,2.2653906903576706,2.823363596023904,2.3815021563186654,2.402919461341573,2.9652076130799303,2.8359101864636527,2.4336504507069465
7.690159070241435,7.151909405860158,6.889194141371096,6.6922334674050274,5.930371076847849,5.770568974093959,5.177738412503009,4.3288951060865335,3.5901112255037626,1.8292368418176417,0.8851988226547316,1.4594714481589364,2.9908062605169445,2.975154985122361,2.644511549944907,3.85436441749802,3.3626939946616807,2.8937926463380803,1.7606086878607679,1.14453902913426,0.7049885279980374,0.664279230406734,0.9188111275595593,1.0657247766871552,0.6882403959422441,0.13470002334858278,0.8913760073323107,1.3388105887237525,2.5906477120871383,2.953677305267766,3.203019521676007,3.3177547397973948,3.2023183253939447,2.9102917736222644
7.4335817580916945,7.106350408213871,6.651235892812708,6.10656874287478,5.7045810964502826,4.7147039150293715,4.384128331015549,3.5237607404745357,2.65039130220908,1.9638371623880988,0.8872462794048993,0.9701470556292441,1.6343899322781197,2.3681542863888168,2.1526430721778285,2.5223024799719247,2.9485647563676327,2.358462965217075,2.130422442365733,1.7247809223048558,1.553306880368476,1.0930692585464052,0.7931192141355804,0.6707797885154076,0.6136979082388051,0.14190711930077488,0.08056671880642821,1.562111942096826,2.636618902337513,3.035573811097508,3.1495483157466615,3.231075641074796,3.3089401542760024,3.3300168382678095
6.882043879960266,6.589460463530432,6.54903333006998,6.142920646847385,5.7734035591216415,5.326862967269726,4.216794703453856,3.1325558335593673,2.4297526248341916,1.7307577509751069,1.1615188189291652,1.6952109163376394,2.254614467629302,2.8441575369193823,3.0009849275283065,2.613149692337865,3.6723740026346303,2.5046452973447138,1.7512110127771008,1.1676114462998133,0.4844906423216427,0.5693955168256346,0.32613489598382517,0.5537463281060421,0.0742000590780309,0.155275732940955,1.0108662257064722,2.406694967536494,2.989125627292574,3.0613460685688385,3.0138275590827455,3.0814860421742973,3.0553728056439646,3.028149998879971
7.3192457873221155,7.058237572492862,6.569960149226349,6.232878246565137,5.976519328278666,5.551917641491628,4.787115062182696,3.6312563089599537,2.2193508355318783,1.6610143385369964,1.154478007133774,1.234667575136948,1.5032255929179412,1.9303227111143557,2.534561532040719,4.095275119384521,3.5177955004038157,3.531361936324303,2.023944880810083,1.8846485531104915,1.4936333304373315,0.9607389784922992,1.484248834863631,1.8321993448960059,1.8973703304257723,1.8677227307044284,2.182747715917226,2.7712842342766857,3.0646191942888996,3.2371203288353785,3.3623144379505407,3.5399098825334043,3.594988379494395,3.4340040717549303
7.434718315320774,7.009646285884543,6.571819599501428,6.3683603622812255,6.157949499639627,5.538631775723431,5.334369262163709,4.339046760208365,3.009676906728661,1.3665733319298452,1.200264168124477,1.7267900480021177,1.574003051150294,1.4663335007444505,1.686649715643447,2.242129922968689,2.985990995266828,2.4927476219361093,2.255695941910971,2.05748760078763,1.9019953038668724,1.6460847827255987,1.0519807482702415,2.559960096766013,2.7273988046724074,2.6084510334563493,2.7656659896510813,3.006586646669128,3.415265425941961,3.7725225393961175,3.8819065957833807,3.870564637312949,4.012141657313677,3.866263076135889
7.053088063027067,7.4495230196327515,6.918199212574204,6.552677043394316,5.81815429912503,6.270195672165914,6.048509351745564,4.935795376518658,3.8720988596495816,2.853665264576425,1.2589561949749184,0.955273705393325,1.055901045903931,0.6420581186069704,1.7405830136693792,2.0407512062118984,3.3686612240270155,2.4415620081009832,1.5851123605557749,1.7548483176646263,1.54363229242972,1.588453645472982,0.9600492760452003,2.27738978229511,2.5512878576004847,2.7730561129429576,2.9404851383738193,3.2003942839767565,3.5779474721997655,4.046128998218354,4.058050707943092,4.262974102599815,4.3200173473542005,4.281827480744059
7.533765069381272,7.448265824857104,7.402031565555126,7.025203739575536,7.094896536958345,6.437686160788054,6.281996115789791,5.6128145400440275,5.261821386960251,3.9709938700103367,2.81029874096294,1.9310013040089327,1.6176267827118596,0.8465009615034655,1.0197358317441885,2.400998093969927,2.49173899756569,1.9139564107824378,2.4321920612110524,3.0727101351413006,2.7048863346790646,2.401444852949901,2.745387524439961,2.861876320774175,3.527608498581394,2.842382578856898,2.88616909260479,3.150983542595257,3.507102070450719,3.645192709601048,4.231990855283344,4.450977691946443,4.517669720174542,4.259705462389061
8.095147369796099,8.017744653350439,7.759325870688916,7.5770413789953075,7.667710174275068,6.9887838561035,6.989197683841984,5.9498346402196995,5.299281247786333,4.740770902332754,2.9029462717114165,2.144200565651342,1.8813484404632785,2.4188580968538287,2.7747745028071096,1.2835394732012502,2.0322019309697517,2.7376502204706292,1.7641451841350186,3.557890907400162,3.5451994190156766,2.8567492232128586,2.4601290371567823,2.6444489596947625,1.825981603806266,3.1313766339325606,3.0302369605154786,3.1108798668070703,4.080911421717823,4.550247779252753,4.048993282615138,3.9137576342932707,3.7774786786969954,3.482780230703564
7.26372150294982,8.063603938915048,8.05499186543423,7.985542706281927,7.627338738086321,7.290000306318487,7.133248363472857,6.625729439586321,6.159942789155065,4.876726793441688,3.8748304699380123,3.255776011658214,3.0239641646422837,2.9408704268193513,2.7647523886302894,1.2529663266645765,1.0662258026449345,1.1780861984659894,1.8679946447002858,2.518046639037102,3.372762646035095,3.4863239227084986,2.966330935381526,2.5998280590649285,3.0133336425816326,3.2837949655002685,3.168729813384109,2.8601101878703363,2.286603109289793,1.6398714045889948,2.6519227317101444,4.5927512416542235,3.5094363844986742,2.351352789487947
7.344507880777785,7.322157594896501,7.960345325523786,7.866520067207349,7.908124132864575,7.556015981108194,7.376411682840895,6.88204433433719,6.29611119884514,5.438248308365237,4.6286957036552385,2.497305590402834,1.8727476558218779,2.271427024162798,4.196963017434885,4.067020656363641,2.518380793213031,2.7854556365584315,2.2381380955320744,2.4790395345160254,1.425754996740161,2.1398434365501533,3.3066866634782017,3.193232716071051,2.8624080292432574,2.944667510601871,2.727309981118043,1.375375816904314,1.2931391110177899,1.0921598349758783,2.809105406350516,3.6818207554416937,3.8475532486530004,2.4510972128044224
7.113194529973716,7.221544027313021,7.40852526861142,7.343402930310278,7.568518390987162,7.149751274566938,6.928496473049462,7.123534057299497,6.685016693600716,6.570433851419826,5.2878386660086765,3.34865500446852,1.0609957152191591,1.1686082765347394,2.4103914694822284,2.37570659721988,3.618334468524991,3.1387587159446975,1.5108644050415174,0.5010315701832918,0.7550965571449193,1.7775619135654683,1.614341037599479,2.429506948783535,2.845988425541119,2.404383493368054,1.3736185956150944,1.3939873234520372,1.7813899467861416,1.403259336183919,1.0083452546538831,0.5839995785231514,0.3779962882498192,2.1954528494326433
6.403747316230653,6.803846488910487,6.7755028077357204,6.849966296889552,6.737404138245233,6.4112907755276565,6.939679868802782,6.875072077596613,6.4493798005154455,5.904036190147179,5.717362678875525,3.9486189661067503,2.55397773233724,1.5971811632716095,1.2880982436563597,1.5730648782821435,2.061532301059915,1.9055465148236437,0.9832637536141812,0.4579227510502093,0.8226523087173714,0.3137235849650269,1.0200779629321037,0.9654673960556136,0.17579858167849582,1.2400302038747466,1.8552602512697323,2.258978518085652,1.6543060837383643,0.056028688999788,-0.6770112851240497,-1.6460402887795784,-0.40310619388097174,1.3055027482788368
5.80136068750336,6.098274800022674,6.203094833853314,6.022871294463746,6.030929865161041,6.377593757866469,6.178035481251242,5.5388215817726625,5.136225297433751,5.816928904573786,5.098169590597597,3.17314635243262,1.7267194432056752,1.3462816064738656,0.6842392359451093,0.6693668485542418,1.4461747369631794,0.9012246774909632,0.7827294178556543,0.03637851812374643,0.24667876132280345,0.192612174874462,0.9790436218616114,0.5828150584058075,0.005726622928635259,1.297849322148197,1.5588132163502488,2.2244649263414193,-0.03182381731073357,-0.2346359413355866,-1.1437989909588249,-1.9115057562770594,1.1101615616384195,0.6187894900918035
5.747576391207797,5.563282684910359,5.655843457175608,5.541815827018273,4.9264733008090875,5.1813568367451674,5.539656405899163,5.298124369344213,4.24689262147257,2.9160662320788298,3.868149350010115,1.9070863345382187,1.2517423098495148,1.5205071825596201,2.7553069422174614,1.2325427811451124,0.9082894675607833,0.677728163473562,0.5049733188770273,0.9592094681442861,1.683012777976556,2.465417361368043,1.0901843806256915,1.1781785326267098,-0.045319033571439696,1.48778187470288,0.6573392389122464,0.3412525317452606,-0.4692495511649154,-1.313934800047919,-0.854666560554719,-0.9906881914716293,0.6301434983306136,1.1084106150710142
5.701101212435636,5.952295150170869,5.42966352009873,5.268053960410164,4.227422996858135,3.4140509102936285,2.8155145736793448,3.0093433923477235,3.390667065444019,2.8874246499009386,2.442932594552107,2.577865652574678,2.30865125203715,2.017496362890218,2.1766630607263395,1.604187772605858,0.9863695879813548,0.38806456368420394,0.019858383381375556,0.4908578269661834,1.0549338803121338,0.34718514325945604,0.650195719237223,1.251464935534671,1.3825535321436766,0.6770812142045022,0.10386016156889476,-0.9505599355069971,-1.356904389087537,-1.5097439909223154,-0.8556820473087858,-0.49676624084816245,0.2834146846443531,1.3185674225748012
5.682724061567436,5.305387983178135,5.0965645899876835,5.013042444530498,3.852966106376254,1.9081689571806029,1.8565795193239913,1.9072357616248037,2.0948068949578817,1.737312633267354,2.4294440456561803,2.3578944239612523,1.935871574460162,2.2676834250016804,2.1481510426427595,2.4164019027889494,1.0911014358779882,1.0630505508457322,1.4625673214325947,0.6804288209724855,-0.4335550356952371,0.4594398877437197,0.052600475650169336,1.0037040990650683,0.884848323199506,1.235650811202764,0.23556958394835445,-1.2785359556002447,-0.4159242753757422,-1.5427419967436846,-0.9327008470574407,0.15676653402375235,0.10379789118256945,0.47377172807211043
6.179094688520337,6.202003873020486,5.380665995468074,3.36643558701729,2.1211272780186916,2.0465506028528346,1.5919300064129198,1.3619765114368465,1.5697137802634062,1.8003508838107765,2.6909132008433154,2.2883117873668217,2.747893020010671,2.2685781140840913,1.5128829630661587,0.7344372710193303,0.5077060061739305,0.46082257092345513,0.39669480255267137,0.29391004522080383,0.7931824797820766,0.4196783943895087,0.8494005507721699,0.47116209172126006,0.7789647720652899,-0.6148445227595811,-0.6866254615129375,-0.7827676987938584,-0.6818313741626779,-0.5804141920595076,-0.6022810938189183,-0.1457280300034356,0.6226203724264708,-0.5977700210053035
