script/wind10m.json
{"header": {"parameterCategory": 2, "parameterNumber": 2, "lo1": 3.000054539987559, "la1": 64.9999836372058, "dx": 0.5, "dy": 0.25, "nx": 34, "ny": 52, "refTime": "2025-06-12T17:00:00.000Z"}, "data":
[rows 0 to 23 of 52, columns 0 to 33 of 34]
-6.524388186702931,-6.208644730778229,-6.2207022637450615,-5.443885588005931,-5.29538888548478,-5.490334447273814,-5.290158492258218,-5.318846333201278,-5.9445117413183315,-5.531809119767166,-6.480437428935106,-6.769585966634711,-6.5651223301071875,-6.651533250069949,-6.789216644964333,-6.266852248228611,-3.8099933379963273,-3.45675171375476,-0.16449623544652373,-0.5612151529180562,-0.7350177833560863,-1.3592288137072694,-0.9320534694416182,0.5159896570075136,-0.8399638851548725,0.39442045513348756,0.4638251210779801,0.013043224462745077,-0.1586880662331757,0.2389652838007293,-0.09079629666384383,0.0968012729161288,-0.031025728100404024,-0.3322656214118429
-7.1168798130897475,-6.462014248106136,-6.399260195063619,-6.05614294053582,-5.518681553628406,-5.938877624877497,-6.279426605104163,-6.334050758902005,-6.497686084163078,-6.499649122020318,-7.0291393727276255,-6.712590633677054,-6.727882648871091,-7.006677737837584,-6.611819337123319,-5.7799995374995685,-3.6340038893220967,-0.8219112692439765,-1.8534492741094888,-2.615666440009431,-0.3761464254293355,-0.6505114829397918,-0.08179192024987343,0.27951430979361236,-0.4046753804278146,0.10923903283316654,0.14464307515697364,-0.1920408814406102,-0.2665923120565531,-0.586839568155079,-0.18903543894623254,0.12362387438201267,-0.2902844535449896,-0.46874642897963464
-6.948493258874728,-6.753368677325391,-7.016150034684375,-6.268331562130872,-6.110734035820932,-6.529497426199317,-6.973440051508784,-7.081910610910937,-7.1151430171374095,-7.157104738209981,-6.911549853517055,-6.603242672426763,-6.32141703843753,-5.7800020831103955,-5.804661308106856,-6.017911545451919,-2.108791632359819,-1.5096411741949944,-1.2402478441654876,-0.8780664041453986,-0.03402485550434585,0.0066170276189157036,0.11983252094303594,0.7425059374979494,0.37686835854283285,-0.11684509280999954,0.17557296560830626,-0.009203270539022361,0.36573212485880413,-0.6050546946812471,-0.4029615491512812,-0.47626929144571556,-0.5975158913601556,-0.30816076349299776
-6.535079479534545,-5.998852200738554,-6.608948215640588,-6.505327737145897,-6.461132364163562,-6.594055153967758,-7.502971442079829,-7.937496983242541,-7.52197436650441,-7.549912867853553,-7.2533051423875765,-6.530519712368011,-6.093183120581847,-5.55742025395106,-5.169480157597682,-1.965434071278996,-1.4726861029108724,-0.3161955133233019,-2.089784561679866,-0.5702528104800599,-0.7983088695438724,0.4494269368683318,-0.983813053152665,0.9504795433175732,0.722686517131995,1.4970989069121594,-0.617809864156115,-0.13546612347808662,0.5882491206189753,0.05163499336648769,-0.5165264357900234,-0.588774692198498,-0.7437657034199397,-0.6042594503726663
-6.125642923326925,-5.576666950404242,-5.733962187307374,-6.649398379695463,-6.196015821790928,-6.49504160272317,-7.226864019228142,-8.095147278715196,-7.7672463578012065,-7.532460366304616,-7.787656320337679,-6.528949190138148,-5.654922146128708,-4.759156621667669,0.08250796951358848,-2.541353301582548,-1.7350705974837002,-1.5912948765784454,-1.1416859092757081,-1.6996036522759217,-1.2865568200828046,0.8916529210909535,0.15364173633417402,0.3607284744468758,-0.19069701655271884,0.6587698685895689,0.5917253806051587,0.17488077730168014,0.6565670381822196,0.6960624925732491,-0.6340332925502108,-1.1458889864318473,-0.9908476625239804,-0.7826215781818356
-6.04154561264608,-5.5134680185021825,-5.298504203777313,-5.5524956030247585,-5.630593660001615,-5.476799687110271,-6.616817576407056,-7.260417234990281,-7.9296325200656215,-7.175933976011688,-6.109075845338324,-5.105138285376644,-5.47190906483971,-2.3440224967496914,-0.8895500583453501,-1.3898362790233216,-0.28383069174221265,-0.9357014142996583,-0.4542848567282087,-0.5664683343968244,-0.17423898640100285,0.2671366435679231,-1.0015311378149767,0.22000471585781015,1.406059491741615,-0.7105016869159291,0.04299850255454204,0.745712392805813,0.32380078401662044,0.04867100303156455,-0.7679036947519571,-1.1549632699375998,-1.2205161801389512,-0.8482922313021128
-5.490777709796809,-5.360192064256591,-4.9853917301888195,-4.711424005533045,-5.2171117036105485,-4.956703681010925,-5.7210065619606425,-5.951737173272531,-5.8889258502077935,-6.3216730368467635,-5.585259498681902,-2.187527481065602,-2.3899934417966273,-2.1957049261945603,-2.1344814852181835,-2.9401219251716917,-1.0549218911828964,-0.7045929270820422,-0.5327969354525748,-1.1695317082375765,0.21180933715939107,-0.31929935419485933,0.8247701425178442,0.5258354395318879,0.6498897959306901,0.41778695428004575,0.02466078375965972,1.0906706133239643,0.4472940345632907,0.2659363833050734,-1.3365478785734815,-1.4305850692558983,-1.1851682205583376,-0.8943474368496023
-4.845987274531782,-4.80506595235068,-4.850726580059393,-4.469646772791469,-4.60071042643413,-4.810357942640232,-4.3848784395142175,-4.34484918809029,-3.767276404327844,-2.0223542127114826,-2.9761618573590485,1.1685060603511428,-0.07549606631820832,-2.742158410627158,-0.6187644692046821,-1.649210689002319,-0.6775280981660861,-1.4472711660588498,-0.29317394871352837,-0.11249132047623764,-0.0010403697009293091,-0.8574622262050623,-0.8005951395106738,1.5106191720022715,-0.006660525925345809,-0.21743428419316269,-0.1701508502973696,0.44171107989192593,0.18936581842441302,0.21511431036612494,-1.2307386571184022,-1.204749315005031,-1.9883658152270818,-5.13027226774104
-4.807150924401712,-4.4648231645913095,-4.503612099478432,-4.4515232491255095,-4.615035648401432,-4.590743602728257,-4.027242403196591,-3.743406157727814,-2.933001546643025,-0.927142246758809,0.326514216747007,0.9214706189996014,-1.7882502293976994,-1.922060559826257,-1.7965017328863688,-1.1491592510045532,-2.3288837722178695,-1.34455653391611,-1.256125995595435,1.8985836594731336,0.41300554345589885,0.8758523020202196,-1.4688564965975086,-0.013779088581686456,0.8714133849401516,0.25157753372123176,0.3268220368705537,0.597304056247448,0.39563907176225843,0.5520229220233848,-1.219311443801289,-2.944254257421881,-5.3920856930407774,-4.746979231348886
-4.202991741304557,-4.292267177417662,-4.464056773915366,-4.301539973849755,-4.760130505751238,-4.45413608298131,-3.5039868854202556,-2.5612177150804296,0.5828695728627518,0.4019199869580659,-1.2383024017342161,-0.07428170093167823,-0.6570588807594684,-0.6810290972039365,-0.5587548132969146,0.09282598473452304,-0.5047014970315785,-1.545656620448637,-0.054528352774661074,1.127506735131243,1.4770468836103612,-1.153652284509928,-2.132877540036363,-0.11764815352590262,0.42801264115887344,0.8114529124934906,-0.11374604683314596,0.2465532786197092,0.11460037322202188,0.24679111313783736,-2.342331240065686,-4.228755105398159,-4.092747008444743,-4.039509581880415
-3.3359967970988746,-3.761387788131069,-4.307469348542016,-4.04114070026768,-4.103851414960774,-3.2451697088064564,-1.3596662661366463,-0.0416412762746542,-2.091229297589011,-0.10234552173220052,0.20727837064066554,-1.189118115301034,0.7077208868882086,1.6064592696837743,1.2092177113245768,-2.248058312334265,-0.14456641249078583,-0.7816608419584122,-0.2534571029075478,0.9132103430709938,1.402227657913212,-0.691910710923265,-2.0598435170510334,-0.7350746410585604,0.3098710065435929,-0.4545234133507921,1.5968880879204936,1.1274076495975696,0.7123822710078795,-1.6230464647672551,0.6765780682558616,-3.7228359832483466,-3.0171827401086238,-2.4708213898268343
-2.561401469521708,-2.8516251236709604,-3.8377699528849556,-3.4449822090539826,-3.1880339417525088,0.6589917989092614,-0.3631161284420507,1.4191408542612818,0.7113009350363977,-2.429109114685964,0.70263675354083,1.2940075501791017,-1.201505435753021,1.8898365560074715,0.03244089204865801,-1.0889696165966725,-0.05842413338416238,0.1888975806118156,0.6392342649982521,0.08782941273574803,1.436116320651156,-0.23064391068904677,-1.1786746486941406,-0.9588448807635678,-0.3121360150856631,0.5782518413667372,0.5683176150832806,0.05801337344879485,0.2551793948088777,-0.6099466380320537,-0.47111854174454537,-0.8557888870505029,-0.7368353390251801,-1.5442505276348015
-2.333922383379914,-1.7192841007926483,-2.876473597847105,-1.7391549407899682,-0.025245666633245196,-0.5282783541857333,-0.681809796864794,0.2677721360443041,-0.14491919705573914,0.5865990610150993,1.7689906753441889,-1.8048734943849536,0.5983469751880829,2.0027235659477447,-0.2268341403610156,0.40026269288974453,-0.8800112979351274,-1.1785810853856515,-1.3078606454496875,0.5515726087331637,0.7853719341399805,-0.04994899925676178,-1.3261874617659077,-1.159724709098818,-0.5406663072798921,0.8609123014691239,0.23885846507158287,-0.424908119381968,0.0850220373397674,0.5130626649604791,-0.6179844185181762,0.3949483490640322,0.12839802133236722,-1.078584545235315
-1.901108216572548,-1.0497818219706665,-1.8345533417084794,-2.034210250698008,2.7942513348649554,1.0662284386911502,1.9846680270611199,0.9378774443921736,-2.07835178179527,-0.7668811769091988,-0.7344872551206694,2.998400219702942,1.1040051724673756,-0.9335910424610838,0.9250861073102304,0.8106194842776988,-1.0076227454667606,0.6925492821049242,1.2867496396147065,-0.3166725426057857,-0.02329291383973841,0.6227774895361429,-1.1926465997789895,-1.0968958080410578,-0.5412572225914528,0.012728111017474666,0.8962290335079606,-0.6385542888116382,-1.2935892744634667,-1.1818648152325457,1.353341219465859,0.6704514360377731,2.4100965193348705,0.5423274942857713
-1.7036647222590307,-0.9337185219476781,-0.9974205105141797,-2.1944304440270734,-0.486895863053981,0.7551219191983651,0.982642356586805,0.22208304837915083,0.4182222761626117,-0.5587063310492718,-0.9319392865261013,0.6374825596865099,0.3852569505082898,1.433208715364913,-0.44299453610234885,0.9532507613802184,-0.4555484507015042,-0.40251761797793634,0.8597412233866439,-0.19850548315163127,-1.1264288534806037,0.08131890615164447,-0.23141543512444654,-0.37803007564329116,-0.779398921490328,0.2750640024087531,-0.11153937339890657,0.236530243006202,-0.7608667800247302,1.4428501934702533,2.364443912312565,0.3520814334707883,2.481896763649525,2.4962459918789004
-1.5673385960564632,-1.457179947382618,-0.7707951543624432,-1.4009395025879063,1.0010449348570545,1.490637352783066,-0.4721075905471772,-0.5438050179059767,0.13176920960622884,-0.857825310462684,-0.2472846791987682,1.0767450522609245,-0.29154044769568943,-0.08720056231881897,-1.9981197302205673,1.1039125498942282,0.8772555856282027,0.3198440696855318,0.6370042717010191,0.46825149962037343,-1.5651250712228617,0.28618313346421037,0.8831661960812252,-0.43114905841526996,-0.949171875095607,0.22935836858966183,0.08598541571669996,-2.205435611519496,-0.859986348284417,2.0427196245422112,2.7236629112327964,0.9695905801238017,2.2916269488751904,2.9476021677225437
-1.7363608233685333,-1.9768973786125317,-1.502433608428041,-1.3453585403440498,0.7000678514665616,0.7680298881978638,1.026863198106321,0.5135940363411151,-0.47708567716095257,-0.51887413827991,1.9477448300761875,2.5585981028522626,-1.879955521512152,-1.125544002488298,-1.1907020677137605,-2.563541374642908,0.5733111202306994,-0.08844798318899998,1.0251452507996766,-0.3415171837456867,0.28510033016138114,-0.48399361455642387,0.9335928115794639,-0.4036742910870288,-0.7800054711039601,-0.5342055900232182,-0.011401362335262222,-1.4213248021306488,-1.197908441047543,2.416722888973043,2.5137845628098856,2.1124579792724294,1.9263568207567323,3.1555594593572343
-2.1972971676378235,-1.8916648210352973,-1.9462845130551363,-1.2171462611360067,0.5524900312643005,-0.8466982901261645,1.2379751128245289,0.6449087044941069,0.6874437676274647,1.8329161492854513,0.8331464246824919,-1.6287182964407807,0.006017942053933427,-2.37370715068864,-1.776132204380844,-1.8349634354895397,-1.3739229952855856,0.031061842569467597,0.9444178565645291,1.0297184566299633,0.5675464796796278,-0.1880686372435145,0.6924136941878185,-0.7837648739392644,-0.10389761511065358,-0.8134013017382287,-0.34418548480694156,-1.614650515745626,-1.270448715601115,1.6058157743569659,1.1556482414204199,2.0083121964412274,1.7475699928559878,2.645508424655814
-2.3134521561157815,-2.209839125373866,-2.191059759374923,-0.7433839101031631,0.17682776394791533,0.5292392125792834,1.0857782232124813,0.6679029801062147,1.1480627221484585,1.3845385493726896,0.45678402773485327,-3.7580554265063593,-1.7651856865611417,-0.9074972001946368,-1.6052003698314412,0.05083952146343456,-0.33113047489587955,-0.408682475271788,-0.7551591925083437,0.8115793510427177,-0.5066640821185032,0.8366279711572787,0.4349921426813027,0.4972387105361797,-0.607635588839646,0.8084301530177659,0.6392184292011996,-2.260411449469417,-1.3837871422714603,-0.9487174445760931,-0.19300218569388192,1.8743685336950877,2.215277639341853,2.2331682537805664
-2.98771538315468,-2.4081125033087623,-2.577867838248298,-1.3439093587174469,-0.5685490644809527,0.3692784459666391,-0.4106470551206224,-0.3998242577026651,0.7664631791156571,0.4513631576138275,0.36944419660167704,-1.2491500858312032,0.12333709327518028,-1.0016077898759421,-0.9933220453597261,-0.48061499163721855,-0.410570386287757,-0.19601067232701175,-0.34240425771444133,-0.1662671774889806,-0.8688877755483259,1.134977752258957,0.030872724530078034,-0.08434339400173826,-0.7393341868955124,0.5333908585451442,0.3421132858914304,-2.231919647592941,-1.4935626502286374,-0.9693525939411707,-0.5918673638450025,0.07192087222943316,2.480256782152319,0.2436505368273861
-3.2106767659441697,-2.552705680762485,-2.397289533677631,-2.216740495873308,1.0026714646178934,0.19058659863962027,0.8110861356473154,1.653512048619739,-2.467963771409443,-1.388397782645275,0.4512726441840658,-2.4996767941049387,0.4271909741307102,-0.732221332462993,-0.7836242806707252,-0.5957925814502609,-0.18510083466545774,0.2521732925943986,-0.5378743478606465,0.4391337967917505,-0.7145531732846465,-0.03398069656485987,1.1593510504757927,-0.0487537615782998,-0.5268177998694005,-0.02353136799705924,0.14550397541436627,-0.5698649303126871,-1.6669591743200158,-0.7957889230919234,-0.3771757733997802,0.1281514882768258,2.4815815884422543,2.1692225494498545
-2.823104251046109,-2.6523830813333853,-2.3938974188212216,-2.4676697360852744,0.025942850751937623,2.0827501068233394,0.9028885969633507,0.45701472603429477,-1.7286211240351317,-2.7154284565804683,-0.8578994638923527,-0.5863324297383571,0.2938073139553116,-1.8914080504224402,-2.5217407835909054,-1.1850380445551343,0.7827074623108623,0.7620668528997686,0.0650452260739169,-0.028394910902416217,-0.048635098212297584,0.32311852573436173,0.8983862253631577,0.6416710871458905,-0.6003052642091669,-0.5478446969021808,-0.22267785519265848,1.0423599601381064,-1.9870135759323901,-0.5583775731824536,-0.22228821641034696,-0.09611591215341479,0.2731457025576701,3.0206849942427363
-3.353827281826903,-2.2142425147864526,-3.6440256062024434,-3.409313970203026,0.41842509158850727,-0.141130462342418,0.5898358936343489,1.169594917010745,-3.6681899798993185,-3.667624033544644,-0.9513477995260599,-2.6040305218751922,-1.020275302992818,-0.30823272725836626,0.1033465656619458,-1.212676634677875,1.2177956286187417,0.8773102902919104,0.7107539604985181,-0.9713789900660015,0.6529785532323427,0.24135747082832806,1.1965323104630088,0.7664047573660236,-0.9239917167171937,0.705340745010447,0.2274625951755247,1.5247736099652018,-1.9993685812665025,-0.7349528914656048,-0.42905505453693393,0.5092387341269591,-0.34123210857985264,2.724134398830972
-3.9424113367770763,-1.8062400726231378,-4.045949429166716,-3.7912216044724913,-2.326559039623289,-0.21881398394753376,-0.08178544914190758,1.4900762457480055,-3.468468338335152,0.27430260773371434,-0.5572121778116946,-0.6399534573791986,-1.224670260746433,-1.0559135940727085,-0.30781118131312923,-0.062093204584692654,1.4846177225603177,1.5415353062126207,0.4917234846418271,0.7083171237927605,-0.0746200383594808,1.6275258951686498,3.6062747999737064,0.9433999910782824,-0.20342172902126052,0.645314589196652,0.9218963714586232,-0.13362372312819942,-0.3390293419338375,-0.5851679714327553,-0.829642316943459,0.5812235801315259,-1.089489579443004,1.5992323362914824
