script/wind10m.json
{"header": {"parameterCategory": 2, "parameterNumber": 3, "lo1": 6.000027932988019, "la1": 58.9999434238085, "dx": 0.5, "dy": 0.25, "nx": 22, "ny": 24, "refTime": "2024-10-08T20:00:00.000Z"}, "data":
[rows 0 to 23 of 24, columns 0 to 21 of 22]
1.0775407958485481,8.793707254301628,3.6989184235060533,1.1458752127607097,0.527765981617456,0.3128988687016941,-0.26683207387316815,-0.43054708971669997,-1.3262802989766673,-2.906828006623203,-1.587424591093602,0.01659041763926074,0.551409861574135,0.33026986070137176,-0.6334003291515471,-0.7604342528132473,-0.3894498830233828,0.3922413169970382,0.31732552906236966,1.0156061087175579,0.9029411771557839,1.4600107392038655
3.9063377023376935,2.2390769352920654,0.9164905065143177,-0.1445755818057949,0.09921644977200474,-0.03137720853730889,0.007057610872445911,-0.7596434008669023,-2.893396174371403,-1.1762466193767576,0.4945590130755902,0.6327655013378064,0.5667228286897432,-0.08497981857527974,0.4585275800405171,0.05571339303209183,0.7908360952716309,1.8069259096502295,1.4724246748943401,1.6508549037992242,1.9780503031934924,1.397779452906662
1.6578183072542285,0.9364872279143923,0.7033258167757606,-0.29996809962925947,-0.2540689080163865,-0.5091967496199387,-2.3091717932575118,-1.9715261506652046,1.8138303829558158,2.4076548209413784,1.851824310615699,0.4886979554046154,-0.02144831156245401,0.06637134473081521,0.4311460566205476,0.6002331657103531,0.6934437561409962,-0.0644907473745484,0.34431191400239386,0.4048749821685637,0.8413014491914282,1.9864306398890679
2.980813705816595,-0.7058478273775343,0.28776385715877395,0.37146300579140495,-0.4979683407215375,-1.825056067137382,1.2060521696411706,3.636834062117926,4.718546467367338,5.280357590711798,3.0452855380205013,0.2925812543717531,0.3499415662934941,0.1938416961986083,0.6463322803496869,1.5573181153318214,1.395180274615281,1.2389324225626441,1.1578099575076348,1.7428498613046817,2.6538233011208687,2.6189118321277247
4.238050148696833,3.3469075817976344,1.4087299870309966,0.3911024218403486,1.5932403714537124,3.286566446794038,6.263368528178832,7.1708003549653565,6.723452516048962,6.5959918220319365,5.818729037521273,1.853463844754143,0.80223667471814,0.9172489240096902,1.7014803510211693,1.7308526116480967,1.0600621885460753,1.7445988389426998,1.815168290367382,1.7133736937794004,2.274113592032207,3.140899650101066
4.656167517716276,5.8285771792870396,5.125436823150783,4.131218627153718,4.764194012707415,7.2288844291538945,7.4923359708659,7.698015211150427,6.360248946635987,6.163079369688324,7.890779214585319,8.114754800840869,2.4527362144589517,2.2310678623391724,2.573169692409802,2.678376130393148,1.8515594738806476,2.3010372482870176,2.0330200652781985,1.902731917874301,2.275776045859071,2.568812105074978
9.116372862059688,6.322865604641848,4.9021304372462575,5.663722863544117,7.549936442050672,6.607367050950889,6.342825776227098,5.426456578020273,3.2028904894810277,4.479224103835078,7.02166358205588,8.861942387534244,2.3063103174781423,2.0510183992119653,2.207015985798196,2.3348427162188266,1.8401591652692875,1.7708008402055848,2.0257392263085725,2.1988395128061105,2.0918400585322376,1.6307914295264827
9.452548849161317,7.950985545767275,7.048596520446292,7.401652056899532,7.842966979112241,6.850712649920237,6.1761286160724564,4.889557746432974,3.129382706496702,3.260197489353669,4.007706483718573,8.974673308260357,9.058117610788678,1.8633560126167168,1.6496078214897218,1.7620224893344643,1.6902577611010383,2.1534823238686793,1.9303630083503243,1.989402914389809,1.5848027653485566,2.627331333952416
10.279268795406704,9.522653132183814,7.330102265205049,7.228912785149879,8.017265935270993,2.790369912240974,7.003907453213886,3.4511108849566376,2.6622368156738836,6.370614354996135,7.422843647747256,8.043770475338244,8.220380623465777,2.3723375356346024,1.5938254144229775,1.680832199881981,2.004256146418244,2.125355535856025,2.316732733180031,1.976492101451845,1.8992589578945425,2.833413806194287
10.317019540769454,9.797732632985833,8.433815047097662,8.451850846686549,8.965648880997316,4.607699438610976,3.955385430068944,3.3515538110379635,2.779071450642599,4.330231077621267,5.930818331046235,6.407638424571448,7.514178969155402,5.996276937770422,2.0246900383955926,1.805901451449526,1.7184570906984964,2.1377744457583625,1.899272666711394,1.5941390204878787,1.606950109641947,4.110659884368525
9.409859063097429,7.7878538905929515,8.31886865708484,8.161209852865655,9.000382641214339,3.467233386324926,3.4053322550767167,3.3471072354089895,3.272255031794581,3.3333481508466973,6.225654422426566,6.287956399518766,6.174668255009777,6.527315572451908,2.2232079812983776,1.496591433512547,1.7561172279434507,2.1095580231612847,1.7859661225900598,1.3639663007198324,1.9743803069401962,3.852209484030884
6.239016929909977,7.538244636531751,8.507225657960431,7.212638948919303,8.08617885960143,3.6361927505802445,4.049561194505179,2.8676804489472727,2.34973157721877,3.2502921077192686,6.530520776926237,5.998524880362237,5.262446276328318,3.011099205444542,1.981868475954964,1.4076930710089768,1.5788395714230221,1.3902485078160023,1.7517707332142103,1.7543176719916842,3.1704339701417084,7.306367832005408
7.99053332997289,8.283449632068859,8.927591765616382,8.631200079116299,8.766193567509166,3.859471656171168,3.3613094482966863,2.535360399808115,3.0570743988625626,4.962792547527866,5.95735609943635,5.475734556934403,2.1181708841246984,1.7880467931558557,2.5363184198593727,2.1129831723282986,1.261871646657945,7.312381411385091,6.880605700026165,6.856053829907364,6.859251017760595,7.4182007461016575
6.4269615675383065,9.948344711331426,9.508420935714485,8.5002592701849,7.210507891194417,3.423111329103374,3.225057083856835,2.090051914492785,2.3779022241898393,4.037406980951359,4.645381042229371,2.6542321997712985,2.5076388671705976,2.0406135201457194,2.0015305008501723,2.6815944092557955,2.0741999684279375,6.81002991709635,6.89642515393024,5.8412568545064705,6.129311899100734,6.795033758236468
7.9759417045482826,9.42868402491402,9.302940565145441,7.904384867061397,6.728301502583682,3.6959625574394925,3.3546054558998786,2.4774620944223975,2.184643923898405,3.2324912793301777,4.755138588365557,2.2452467259664073,1.6104715987523759,5.873387779983264,2.7895971081933544,2.6216261176534066,3.070088987132238,5.5238562246440805,5.947497365650729,6.288284476931901,6.47193916178697,6.257779532090924
8.852433785228934,8.80967690804026,9.510226374878748,7.9156088533693705,6.96122154085902,4.7169992206212035,2.609039615128868,2.256445529780578,3.1797869070064455,2.7006002076057753,4.108394573913738,2.342974919227333,2.4156522082744463,5.477825591681234,5.4999980933263934,5.95863766078719,5.097647720902577,5.579460965358253,3.4499618175369973,6.185498727095725,6.110963672493472,5.223919842903526
8.848878157841272,8.349533143596977,8.758083958554524,6.823674473405331,6.438383668333871,4.751554363912306,2.275164425400209,2.575390187455802,3.2658681643898917,3.6917866312648147,4.20103588652401,4.501089082039925,3.0626826455307348,3.983525446959284,6.038255809055445,5.154635514263743,4.015086105189942,3.899397964216859,3.974223398448004,5.982823434924552,4.781514351758236,3.4118345165455484
9.168427691449322,8.934660060408074,7.3209728559160085,6.999446377809697,5.995127077767586,3.1636433412913454,1.9922580784340143,2.5535547770398623,2.908427889399315,3.573653049979291,6.043220486139129,4.412216216002679,3.235027218876257,5.396560017434809,4.992316757038632,3.254058767302832,3.8541141412527464,2.3338556930628402,4.935926087119316,4.580424913053519,3.9995990705304303,3.4152674941776784
9.457565304171197,8.384664667261971,8.201892007314532,7.842492780363151,5.612108818743166,5.08349630721073,2.67570590877347,2.353694373781939,2.8428695222320797,3.8996516809648973,3.6641328042035335,6.0564083518812195,5.1395839418648865,4.242852127037537,2.6301852665712,1.4402341412471882,2.3584093744684087,3.370222148551245,2.901013765667144,3.1187977780628735,2.5486190790794954,2.672631369506657
8.621001781306713,8.499581675017275,8.082672368120779,7.753475016491168,6.058145259968778,5.020368447763173,2.9080907022164797,2.3113575365537358,2.255720277953978,2.272113171237981,2.9635450386846376,6.320291584933276,5.71379328451089,2.32391364017647,1.5214505265291354,2.4410016293544627,2.557234016125889,1.936111265934395,0.5993422454968211,1.8318009220911122,1.508163852896211,1.4287535236757758
7.9025876113173315,8.485777454433187,8.12858492516712,7.329057357704041,5.178589198078717,4.684105854686933,2.3832287634822227,2.5918840785973267,1.508532099764189,2.44531560917163,4.728884704282309,4.598108630378882,2.4827090001694434,1.7068647563398918,1.378023315548776,1.5230005174006493,0.931740143674894,1.052214078925158,0.9192655488040457,1.8034836983520204,2.3212106379793034,1.8766759455234483
7.71977578534796,7.724656832081351,6.416100921744446,4.552279154501953,4.2354611363024794,3.0059890019615843,2.457858509038054,2.13527346279855,1.5254947310713938,2.7625674809777747,3.419761461951418,3.2732276332585433,1.834172940846701,0.6780711207670465,1.272371113472498,0.5594223892656564,0.17979044172532196,-0.21106125435096304,0.7101521018400306,1.251831047252443,2.266814916313832,1.2244026450216803
6.251826696461674,6.458661873004068,5.352861773150136,2.9106939758946027,2.307476791681789,2.720941461612726,1.7524588030186663,1.6270608997609863,2.2392800423203103,2.9274153909464853,2.5040059620193813,2.1416279886159786,-0.22465204504320896,-0.28759267400862065,0.9293162326765461,1.0699670770997725,-0.8126399175705803,1.6104271129920116,0.9381127916245284,1.1783943096036875,1.2435190272520698,1.4520106439769558
3.7581365657816774,3.1583718123944458,3.810556624405203,3.1493102833137163,2.279552807818471,2.823548376584833,2.650317240286476,2.1396539234695835,2.480461719870765,2.445780774101409,2.42108364364536,2.9609198076433714,0.10941342742611013,0.34844497835596133,-1.1356661688079395,-1.4296699731272002,-1.1059516728385697,0.7732926461420491,1.367128381224923,0.708798038259739,0.736109308963831,1.9059889701692274
