script/wind150m.json
{"header": {"parameterCategory": 2, "parameterNumber": 3, "lo1": 3.000054539987559, "la1": 64.9999836372058, "dx": 0.5, "dy": 0.25, "nx": 34, "ny": 52, "refTime": "2026-02-13T22:00:00.000Z"}, "data":
[rows 24 to 47 of 52, columns 0 to 33 of 34]
-3.380023531591787,-3.9308525072366947,12.686311645569065,16.978405044012106,18.10771641552409,12.186324008598044,4.478773559739488,5.706235676898875,1.5135061860145773,0.5697281421243745,-0.049861620738936796,1.2381220490838478,-1.046034286581221,-2.897063129479567,-3.4646777837370686,-3.0361911830740316,-2.5259251930283475,-1.8742525852985712,-2.2958895781207715,-3.698722997812274,-3.215159576815978,-1.7571575553176717,-1.1135920663137948,-0.818041053403678,-1.9573324286951086,-2.4666576802924363,-2.75074647566975,-4.08332280498688,-5.740738886515029,-7.4554625239589845,-9.125089519395658,-6.375719557306442,-5.434344992357234,-5.283583499931155
-5.220159700483821,-3.8264081789798587,8.880962133417729,16.00551110367576,16.410468142275228,12.884971268248842,10.107605869884912,3.543838916513021,0.9549598055361788,0.0765264813620311,0.19124577651491487,-1.8064738240685456,-3.273184686893011,-5.400035843276639,-4.391733855016379,-3.0272746793000382,-2.598678308648995,-3.0702061799991096,-4.07077920634516,-5.0577715965816745,-2.611531919492376,-1.9144238786564771,-0.47777945890885787,-1.5346293555391421,-3.65315755218047,-4.304388227285028,-4.509436145674354,-5.5005206331088345,-8.798180979068098,-9.530861143708524,-10.284289052322812,-6.519926847310005,-6.027181417370429,-5.314520186772539
-4.2406513024646655,2.6055622084797725,13.620123741698421,15.70274675964774,14.012470330472684,11.43002715076984,4.668220061182681,2.280442411773587,0.7874641891768313,-0.49340334553194887,-1.9148766174406802,-3.770038249276055,-6.2489167671410675,-5.900206605881779,-4.024410297478547,-2.324629258386967,-2.729073957159027,-3.4459867913299735,-3.344807626171125,-3.547045779558969,-3.6948082063862966,-1.9625458842815382,-1.2377339954235864,-4.458652696153962,-4.62444798578388,-5.875353305471829,-7.106281114878303,-9.086396937201053,-11.071273619312375,-11.147585115573861,-6.058248077945382,-6.151988950019743,-6.223814253584509,-6.499920135830108
-1.3726097288933572,10.570034019053688,14.57870032108437,13.63381827134001,13.050812800857637,9.833526513851528,6.557151539243115,0.6096632361515613,-0.5028287666162292,-2.5969794643344017,-4.209498095069802,-7.286123104318067,-6.388379554180928,-5.230365212458785,-3.8227993108431875,-2.9516442605530004,-3.0045584146539857,-2.844648397380459,-3.938453821199881,-4.408950424033711,-3.196560892661378,0.1636301040901104,-1.6762378803970648,-2.6104123651967437,-4.153756010424136,-5.3736176395312905,-6.213097632477917,-7.72343295938825,-11.998567121547355,-6.7850281883656605,-7.0333427798976595,-6.707430225285927,-6.715102836540093,-6.935445065887475
5.637846284689438,14.126846856544535,13.175682515111648,13.584908523819498,11.157603788589826,9.397692879320926,5.485621688488391,1.354292464541335,-2.0173179632435367,-4.52803280717017,-6.460107582037949,-5.6191628749544265,-5.648966600585625,-4.3395674840117735,-3.7159758818190745,-3.389497232672717,-3.630940434220338,-3.9433001625327875,-4.708035059463003,-2.967200332074682,-1.9457151456723258,-2.543200110034978,-5.381767821805893,-4.758673276029745,-4.687485641012339,-5.872524773764599,-7.243152928937376,-8.161439907611198,-8.342362861225569,-6.987612176541748,-7.46966132041056,-7.429223762088046,-7.3536412005337635,-7.673101426250381
5.101134669557297,9.361224412435096,12.161795392070548,11.213080268393055,9.077619284004193,7.034475151671818,3.298664938633333,0.8285479687816674,-1.3929343005019914,-3.9986037163152277,-4.538051046748465,-5.165013448144428,-4.92977297922098,-4.239118361810976,-4.1241001467766845,-3.862272372853328,-4.049682513328511,-3.8342253568990543,-4.483727099591549,-3.831152043522104,-2.972171544592155,-4.528727703247627,-5.399517443681249,-4.947891577834947,-5.7412208931022,-7.105499641997616,-7.716300072860937,-8.82289810262943,-7.339476625811502,-7.732427986649847,-8.111745676305103,-5.916717051275122,-8.349622411171707,-8.33955345601749
8.28859440722983,10.889916877638191,11.032572104476753,9.359828541167508,7.904778966851939,5.488588774434217,2.837899103614658,0.8086699744917843,-1.4549303219686769,-3.2697283773410755,-4.431134390364676,-5.158020536359213,-4.346586203099834,-4.271618753766426,-3.8845324150917113,-4.276771941351901,-3.9222110360542684,-4.0676457927200955,-4.8859087867056985,-4.044030624455475,-5.400653539197238,-6.004824005622192,-6.535688745981092,-6.608362395063399,-6.601169243019932,-7.2313417644058235,-7.939994273258596,-7.620527331673112,-7.98607300986544,-6.980086967600252,-8.534652678902187,-6.621654547550747,-8.820020462424408,-8.33989760920706
7.274922807658017,8.41010689282617,8.066600535505263,7.863014305622083,6.208026232888153,4.266154322240248,1.6128717277983171,-0.19634496635694812,-2.023526415756057,-3.6463977406971604,-4.224285340088063,-4.2559006499989875,-2.7206745497125553,-3.3772930913048627,-4.843092659840254,-4.5799298988624395,-3.654836248559039,-3.864118790238058,-4.760267298868406,-5.0054839305286984,-6.128232572466018,-7.47779298570254,-6.858647474900932,-5.741238973608283,-6.804820995978489,-7.20026960618219,-8.09408440737763,-9.3512080512359,-6.55948684114254,-8.509939738028601,-7.046517321231744,-7.228657976024094,-9.271068605830287,-9.28182436658401
5.701646831598795,7.093635643980193,6.401271530474733,5.703949994471204,4.788966060600409,1.3637708068261054,0.3883853431517937,-1.262663959821538,-2.7981653798542814,-3.4739207732785644,0.578596565093838,-1.3551933956514457,-3.0270158610134983,-4.907035452742056,-6.459341784550086,-5.174969612430894,-4.140082764332655,-4.399683525109589,-5.39303304750432,-5.462273291490241,-6.047330820486783,-7.48302185829653,-6.890373508204009,-6.377890979804528,-6.716244260859143,-7.739542892022622,-7.991254015109033,-7.947740386704483,-8.802374286021063,-8.239906889431925,-8.282553943491845,-9.602506874596948,-9.377034296599405,-9.378383492966321
4.615479243689285,5.564144629863911,4.349269219374774,3.0600541970880064,0.5724269794755139,-0.16487113203317139,-1.2851823617807163,-2.249785170427482,1.0178868359782456,-0.5871389311557036,-0.9287433674366463,-3.080872748985976,-4.990224834560435,-6.597657100706458,-6.535748642456124,-5.477292510866236,-4.754240069420133,-4.216519456007918,-5.383081002447629,-5.358867683164784,-5.705704003329103,-7.249449295778222,-7.145330328207635,-7.287424938014619,-7.57469239538941,-7.763075111080963,-7.934197031379274,-8.727283763159548,-8.803283974990153,-9.094098661856917,-9.767622531565065,-9.61856729793756,-9.684379659087803,-10.564925321254695
3.5294512841229038,3.510483407826851,2.570798335458236,0.37832555328370426,-1.1761959805475117,-1.7163676244333068,-2.365387341247172,0.657407494325791,-0.9105792632008317,-1.761321310268915,-2.950378078190172,-3.847978236453119,-5.643316364599474,-7.360228125651631,-7.032892266355268,-5.53702727958798,-5.0631003650101345,-4.873931314589784,-5.008754504007325,-5.875613792436638,-5.134750153866539,-6.739988328946924,-7.265648196899892,-7.367905080057525,-7.30378921832168,-7.437515392515084,-7.2159169884890435,-7.884948547898512,-9.47341692210636,-10.15899737047409,-10.144455787134504,-10.230445256804858,-10.772457750914967,-10.153168542606526
2.5711312564412636,1.5169322698162833,-0.1553483009182849,-1.6562433078626562,-2.3418265790693393,-2.6207726543447403,-1.4176863369744317,-1.2682413012282876,-2.763882884519454,-3.17076832606402,-3.4881030370460184,-5.4329288109668905,-5.863339414750474,-7.566436809700346,-6.490702770962645,-5.740157773535531,-5.7761196937725945,-5.343414103106981,-4.626431720943542,-5.131897176161034,-5.50907633242874,-5.96980515233467,-7.088447460477109,-7.028243199537286,-7.810495354824213,-8.160552921089755,-8.850208746298097,-9.71541008685786,-10.136363899121267,-10.130919712366392,-10.3459391328846,-11.153979188409194,-10.824210238145302,-10.192376458212959
0.1922865387136284,-0.8969564996400441,-2.245023884581546,-2.931582797671486,-3.5131566276951935,-2.680287214487711,-2.7141847804460597,-3.5220518584482683,-3.8029084625063416,-3.9649232555066103,-4.886964339097912,-6.468309403209172,-6.75105244316183,-7.460250694334847,-6.959560465193388,-7.296865188021249,-6.694407395789301,-4.176875582395276,-4.3088347772574025,-4.555803834734279,-4.574417723978569,-6.093220149068811,-7.369184334724091,-6.634693354336781,-8.739454279648696,-9.09319068149449,-10.64883687246974,-10.204269484181728,-10.457078136824478,-10.62701336520681,-11.120973747972249,-11.52222665084027,-10.62805349140492,-10.327919483100576
-1.6641330964893561,-2.4024903667856163,-3.2012758269063535,-3.637678314623699,-4.03463290145525,-4.306913577314984,-4.403315312104064,-4.7665636257763415,-4.406148473985979,-4.6685792756415365,-5.407987999536897,-6.520083039159057,-7.698855971214372,-8.349427996981838,-8.481582076562374,-7.508868470832503,-4.893424199128401,-4.627851364350565,-5.088561586893885,-4.124120165617988,-5.395862986815727,-7.233725097101905,-8.620993559476,-7.545558032208678,-9.034099852824822,-9.414183894371998,-9.658652096820678,-10.376647603306742,-10.469761555882377,-11.106878588145936,-11.643192501521337,-10.994170007012329,-10.692820424280157,-9.666679129716735
-2.748504833029394,-3.8258568767726335,-4.6081260977530425,-4.427283132197943,-4.61398654953176,-4.913157414612351,-5.339358790146869,-5.794225811705237,-4.409968435112933,-4.877017106693991,-5.321845330596244,-7.251250906468457,-7.534381166922009,-9.237682859172661,-8.480384830319007,-6.545345219327913,-4.653837223739811,-5.9797528262960284,-4.010067631848971,-4.975886112528944,-5.723455060390727,-6.321382379681492,-7.493005608325692,-8.654602959702922,-9.105445672678455,-9.19303832465344,-9.385197268852098,-10.015293727344641,-10.5446588757733,-11.407644530968794,-11.558697583709323,-10.805483516250197,-9.928983153210956,-9.581791088383424
-4.097408502759786,-4.845015341912218,-4.915581394767853,-5.278220065572095,-5.384192349964458,-5.398874006688779,-5.818150088951987,-5.128404401796413,-4.596584140578212,-4.725824147022854,-5.887286115067596,-7.179257842561146,-7.926530858682106,-7.8129184311643884,-8.963237882392024,-6.2138009839023525,-5.649882039296044,-6.119844456638716,-5.009292631969816,-4.180579755439089,-5.292481686246546,-6.490224900651982,-7.439002110972661,-8.963914815660328,-8.731914430673477,-9.011035460204164,-9.59556517526187,-9.98225463225696,-10.921666311742591,-11.557074795658858,-11.124839186514055,-10.418870379189205,-9.557920137142277,-8.823587027429893
-4.940873057948123,-5.573188265539447,-6.274975650257667,-6.235782054756615,-6.005847374942039,-5.864418909083441,-5.130040217821824,-5.019096089516657,-5.214334154681883,-5.270366556447069,-6.162118390377656,-7.094177070708604,-7.888164192596231,-7.193352463059092,-5.262734444297996,-5.593832512783965,-5.847824702737317,-5.94806199684166,-5.687812390116474,-3.753691470644794,-4.856102906183657,-6.1716612471026995,-7.997410180586633,-8.854939864737249,-8.111064859589119,-8.994817149667687,-9.5175961792611,-10.03196990209084,-10.47454190539285,-10.498120055066313,-9.899993150783004,-8.994639918573004,-8.859634679781937,-8.524246745818754
-6.243274576322611,-6.460181533690124,-6.556344975372472,-6.654515905545131,-5.541964723278235,-5.64975731364625,-5.066386576776085,-4.901772292979527,-4.930474719536225,-6.022488550780057,-6.133570512273479,-7.065676468734472,-7.799540520903267,-7.122359251325009,-6.1894977373466515,-5.4843631231478955,-4.937069025412772,-5.592016542049411,-4.9292139389325,-4.9426386349445455,-5.87730434549223,-6.0005518944733,-7.5578483687922375,-8.214789932984807,-8.542352257700468,-8.325868433445391,-8.849144422016833,-9.356770224210749,-9.40681037971177,-8.341031679105031,-7.807818692720305,-8.485831123040183,-8.440405340500504,-8.358625091321926
-6.611173295404629,-6.691441233448099,-6.77748919357082,-6.0411172017191905,-5.9992127904777055,-5.0941035767706655,-5.083095650900701,-5.146144299727849,-5.612372282772377,-6.174801930442685,-6.687216866736693,-6.85216157450742,-6.195673736372648,-6.1255059516954375,-5.1266829496934365,-4.204692846571871,-4.760783561925482,-5.636769032002145,-4.811212232999157,-4.942072858382135,-4.599468435209332,-5.6969323690718205,-8.326041375103227,-9.005778089831335,-8.234557284020383,-8.749763586563862,-8.914952082535851,-8.159075913047314,-6.963155552789879,-6.082351676695677,-7.544606764649996,-7.898178576176645,-8.43858160433549,-8.277818429077545
-6.905529988260902,-7.033063288659588,-6.6147870673213545,-6.762386412171093,-5.76311572742077,-5.579175103087473,-5.550111233148413,-5.466406202952558,-6.059480427111924,-6.255481015860102,-6.657523357186238,-6.78712542963352,-5.783111886012365,-4.916199088789163,-3.92684480635214,-4.832095835474715,-5.252744165975689,-5.302421899165068,-5.7150532929452,-5.546326852999338,-6.002739067801593,-7.174555715671817,-8.315929780993548,-7.712982047082534,-8.07691821701718,-8.202747083148871,-8.822965153629136,-6.670799493659309,-5.821064039304546,-6.327663532262444,-6.609476491732137,-7.0617070627885425,-7.7777475536606655,-7.878201482138906
-6.888828098572082,-6.881505895339638,-7.08979297677263,-7.189756420709271,-6.658518249503957,-5.725941299855282,-5.885992121335924,-5.977781825107321,-5.631243451530463,-5.6724590480621195,-6.080566859928773,-6.9683690077201454,-6.124324598053094,-4.813192847887773,-4.566153613388169,-4.651391052800392,-5.780652465165761,-4.676329677382401,-5.184123338149719,-6.435349455370071,-6.230008520596844,-6.328555381430614,-7.3469105239354295,-7.424191796680297,-6.21298194717834,-6.669806874676144,-6.1121795012401385,-5.721481679841816,-7.157430235653492,-6.248619878051772,-6.247938605526459,-7.379530577700767,-6.821984502740988,-5.609047035255441
-6.863894358744673,-7.295353032972863,-7.631908363869392,-6.92586971066593,-6.795079933128626,-5.959831610094003,-5.719994828708493,-5.476040571183542,-5.374058439912098,-5.141001372147729,-5.473155320118635,-5.256844454976214,-5.002486294524206,-5.842162180328153,-4.879533916658071,-4.884318514069568,-5.032238356475979,-4.555219773243575,-4.9788046004438575,-5.616383015784633,-6.506819219353972,-6.363761650412524,-6.612812811771178,-6.684772996646679,-5.930051381779169,-5.951102886644603,-5.591812486851137,-5.427868730897195,-5.542568570955582,-5.858424774111857,-6.3861890607886345,-6.087824145239815,-6.969904560736925,-6.78044101938495
-7.399992515623945,-7.521172869201512,-7.815015486230444,-7.077626821600559,-6.516139972399695,-5.82648111219916,-5.589464216071516,-5.135115607042368,-4.012077795011077,-4.380597788882799,-4.706195342901257,-4.631009906535559,-4.754595610405681,-4.739269724117214,-5.459756229308191,-4.661815684858403,-4.979783118400262,-4.7548559602413905,-5.2575822602716995,-5.516952667582299,-6.262437249970341,-6.699229550448128,-5.5179422335422235,-5.432040067304199,-6.327992229667696,-6.212699022975336,-6.438395471045733,-6.46177866954583,-6.576022954206942,-6.792868605368074,-5.208422712333712,-5.049955644567329,-6.333171238100002,-7.334091268679949
-7.86198430103941,-7.703710572500832,-6.974032626383097,-7.123749160376598,-5.144865959912306,-4.875583160104506,-4.47577894258795,-4.219509261378055,-4.633753298466476,-5.0301768738717545,-5.066866675430815,-4.865514092665227,-5.457261043679327,-4.7663765193766485,-4.608351911099061,-4.243210965140978,-4.3869972246613544,-4.8629569447339795,-5.206759349604652,-5.6887731322789685,-4.924768244975043,-5.599888862525228,-6.890619636127967,-5.819303896032361,-6.877416162045098,-6.264802266916348,-5.077515494642936,-5.11729805922641,-5.16237604108058,-5.377728925910515,-4.380576826794637,-4.646775448662449,-6.795490226159175,-6.255329349495981
