script/wind250m.json
{"header": {"parameterCategory": 2, "parameterNumber": 2, "lo1": 3.000054539987559, "la1": 64.9999836372058, "dx": 0.5, "dy": 0.25, "nx": 34, "ny": 52, "refTime": "2026-01-24T16:00:00.000Z"}, "data":
[rows 0 to 23 of 52, columns 0 to 33 of 34]
-7.498322444477292,-7.970617954068529,-7.758433445960876,-7.600731096019448,-7.433837252923882,-7.607474547134716,-7.675929994089178,-8.37599167629477,-8.685822632838502,-8.692722558088075,-8.506573411578456,-8.350029329749281,-8.140241827232721,-8.116705845938613,-7.475929916909903,-6.00049778771921,-6.177141925399152,-6.014983161780972,-6.206327980480124,-2.9264129401091625,-4.158710085034178,-1.9103691308911124,-4.782207971504961,1.0720436061742902,0.23939795779754078,1.7973644642348137,3.344582677178622,6.672402416683651,7.035690046420138,6.922521088494076,5.912614608164609,5.880528141248755,8.694883190662472,9.881511540344194
-7.332706937782756,-7.076992692999051,-7.0532791659970515,-7.216270303205375,-6.8391678651232075,-6.609487974234781,-6.739134509591103,-6.791350703903443,-6.796627621714642,-5.989035743195775,-5.428967526830246,-4.857267830977533,-4.1291618836308155,-3.7310544384964173,-4.232782578158081,-4.659743675161186,-6.374196877272898,-7.161325312439388,-6.498774335863819,-4.901894476404472,-8.542625152489618,-5.167854658558526,-2.7704350031541147,-2.4882028637899705,-1.3373935953657796,0.6453147605067164,2.798218482233787,2.310397585484471,4.870134041456412,9.137778394021453,7.085161153494715,7.676993308364508,7.860711144626475,9.122611067177726
-9.738170939079122,-8.49855101458106,-7.562155927289208,-6.927872844516523,-6.002299732299342,-5.603087489075698,-5.557841662711806,-5.355260882884828,-4.884964570348327,-4.820558655171612,-5.096743523942795,-3.8865012367147838,-2.3203468413944197,-1.3894205638674464,-1.976339765332369,-2.6301169936564284,-5.072955184556201,-6.2628037176975875,-7.150743890268577,-4.7953842651554295,-4.078209425039812,-3.5004543913156616,-6.8891619231019305,-1.6874043921212118,-0.6217636694925103,-0.45873413486649534,0.9499167636587942,3.057022308298847,4.098652213750548,6.515357824227396,7.872893120845523,7.506481970450103,6.497824270577539,7.269652494474309
-8.059548456119837,-9.745466297824574,-9.082013232452605,-7.848906030492191,-6.487808318426467,-5.046343685388744,-4.405438637190109,-4.253031089261901,-3.9997305151855413,-3.6615026798445416,-5.481460079639825,-6.340804535856532,-4.8390643088991965,-3.0267427319036186,-1.214263049702219,-0.978781139556981,-4.29847472254593,-3.8597876291518207,-2.8840058730973115,-1.1063837847440852,-0.7505895074947457,-5.072094060135043,-2.5471500918255123,-0.21866479826950624,-1.2404772622267406,-0.5208452269384791,1.2969675552706699,2.1905227811887555,3.929424014067952,3.733762787061538,5.107465677429042,6.958695471216643,5.252947081312087,4.9116946314773315
-1.9679897850934063,2.225030918717345,0.5573683854765247,-1.0740711880879141,-5.509859365644545,-6.5223599505353524,-5.292907553074172,-4.470466348416913,-3.206947869042727,-2.371533777764295,-5.80291863850698,-4.035188248223371,-6.01660326538496,-4.39597133506461,-2.956204993284639,-0.402106973602347,-1.8354367046503302,-2.6181755919997864,-4.21638605303194,-1.5143584532485759,0.8963256491752299,-0.2645265413075873,-2.651757049068205,-1.2412633550803902,-0.10828171663082263,0.1470097224994806,0.5596621181391873,0.8902839928255563,2.9023271887054163,4.14628136820406,4.582183946289083,4.484565271643952,3.59483294358303,3.2816556340766856
1.9464377382387592,2.132730369763827,2.1343915203650337,1.9472587004887338,1.2815053134134013,-0.5612039934937056,-3.5255166218305507,-4.546476678301446,-2.7992607259063296,0.5925877774298794,-0.4489840539275397,-2.911654293694509,-4.579286081133709,-7.248587279555444,-3.771447857860294,-4.0465590420865265,-1.9371528355318854,-1.5984573643967142,-0.24637729047405127,-3.351779075412973,-6.613289740986203,-4.186187434424594,-0.5327947199122497,-1.4373593216239422,-0.6007068229067478,-0.2836766545660368,-0.12854667992897895,-0.07724093486155154,1.1534044927731475,2.1601038243049886,3.0399217863473122,2.069561683497329,1.3186799285470814,0.3998456228882262
0.0952127268566092,1.2978677796704958,1.9773585410822139,1.69914865697468,2.2068949303760093,1.5628885568827875,2.7094292242531526,-1.9025333228563326,-1.0814901499708014,1.6758995144084403,-0.5274042506308847,-1.630596414126598,-2.0342498669345144,-2.972869915950882,-4.174043344533367,-3.1859353421044636,-1.8877440841751354,-0.15089520379052643,0.47463077285590216,-0.06066916883281275,-1.4044561663634032,-2.9519303477450762,-2.333516290967621,-0.6119223192725162,1.2048043958346977,0.4914888153118036,1.6089701773334448,-0.6792233926866986,1.0831114839531846,1.0023855289625254,0.836826055683863,1.8103927208965003,0.4413442319583427,-2.271117014116855
2.024377714787349,0.8270977734768785,0.09749799034589311,0.10791358841841966,1.2848307542000872,2.258680773666557,1.443771185359284,1.9773259430419714,0.8722119102136467,-1.210424718777745,-0.5875652475427708,-1.9713407936558434,-0.5500879361063696,-1.824556384601063,-1.8508352716106014,-0.8176422110864929,-1.3647220626762986,2.9426798736285398,5.697112000602757,-0.7779067127874562,2.852787088431178,3.4534110289489286,-1.4984030887233994,0.23849017764460514,-0.06728566351698517,0.29176937958681737,0.5255735343126913,1.830382520009982,-0.007420666158455016,-0.39605522332668774,0.3021893477143519,-0.693427476760638,0.007458980963560469,0.6978693286040788
0.429297182661347,-0.6661187550777646,-1.4184053901758136,-1.246605510793156,-0.28642818274570225,0.3709512697767719,-0.9557616817700059,-0.8413792040524185,-1.3006529427470832,-2.8326711999896426,-2.8494178545593773,-2.7280861218939676,-2.283588589296418,-1.607480234381428,0.2487160190876255,-0.3341384354519563,-2.281303139448793,4.737085638443925,1.1042541205863114,2.9449938943371614,7.197560321187044,7.044526637724539,4.944356730599867,0.6486136271093456,1.0374562848971172,1.0472759871777093,1.0368300188741562,-0.23747179037872493,1.3578753725870167,0.48666948842098123,0.13500255563189972,-1.204435204074644,-0.7253258347031909,0.07729506958206428
-0.06073519439592193,-0.7756915033190005,-2.9629930715111192,-2.1899030366133485,-2.2567251871228065,-1.9063017128589541,-1.9662383299774728,-2.5156171344239575,-4.68802909086604,-4.040164036348707,-1.070472136148228,-0.9676895495583153,-0.9709187809236333,1.4870478395441848,-1.6023744580123183,2.6981235704078936,4.218745602107414,0.6277774912595023,1.5516324881585677,3.0505724317029763,6.199165908415636,4.670204695286958,2.9908117788508495,2.1357918360294508,0.7800117794059355,1.9184475702178323,1.1988057130103653,0.8202956423031593,-0.23098430609337378,1.2377344903438348,1.7543659611449107,-0.8514680039235336,-1.021173056331145,-0.475312091261211
-0.44317532141362426,-0.7577435531198483,-2.157516296628971,-2.382156712163623,-2.6740262200242766,-2.716674141189106,-1.376898972274201,-2.3454270370574877,-2.5675957333397763,0.5224248948294045,-1.0731896462949466,-5.371342770164485,0.25025432695965727,4.462088030342277,1.4313342074915012,-0.39447040677072354,2.8202022573398566,1.859040671281656,2.760431164689807,3.4351327761881625,3.623998222217877,1.6600994203488237,8.050110438248648,1.233534664048121,1.8103924491825603,1.870951200111297,1.201373242210681,1.9771554453418791,-1.4733274300253068,0.8424519986033132,1.2057224738683658,2.752662502224689,0.20696123552108578,-0.8899754169338169
-1.205796420911805,-0.4424352068622805,-0.40206832891515976,-1.9541616575186922,-1.2153686776177193,-0.3235707982326799,-0.7216808153399008,0.016487180429929884,-0.9801658513526047,-2.8964400734080553,-5.306551335251448,-2.3482279422778656,0.5511112084629342,3.444185766795165,2.7082441038530165,2.5602824656593506,1.0346098462947289,4.9138815140943475,5.0976762651793175,3.9739796687351556,5.954797088336021,4.832916216810555,0.9559131999668732,4.127492317609091,1.827687956345931,1.7436335430129175,1.195826655231481,2.2683264968777275,2.545065598767659,2.947750659677915,1.7852287787360228,1.2411698581819774,1.1394646806220046,0.89439990671738
-2.080586114337933,-1.7312460211561271,-0.4274510306780183,1.0512016945198615,0.22699768831459363,0.9348558404071231,0.0277878304568675,-1.526591022016568,-2.090541800952013,-6.334513449087463,-5.42070784785694,-0.6749268167819611,-0.7917270453438862,1.4931783643271974,1.4982296510572497,1.2733480561500035,1.6498247654636324,2.4511700932691203,1.567601413753961,1.1628990957148393,1.3116751933459696,2.2581488865473465,1.9719068628606027,0.823072448496082,1.7806725200776035,0.9618167857238877,1.188564367381804,1.6270602091771593,3.1486786291879945,2.9708773487761673,0.6818018051091311,0.27066153922690833,0.9114574671762956,1.7372280429238014
-1.7693946314727171,-1.6353200496928937,-1.2707844957176502,0.08190616465414892,0.881786510897079,-0.7372224864448278,0.4163942707147632,0.6413974475144308,-1.465460948144333,-0.8271960033617118,-0.21835952507164783,-0.18039537335431463,-1.3660038987556888,-4.078686754922269,1.8300709399796335,2.2244520132768115,1.976271325023726,1.828789805421893,1.2133271404957398,0.1589244096846829,-1.0424362656856365,1.6312342258076127,0.263216475061049,1.0800961275256755,-0.5150501674139855,0.510052753978111,-0.06028360895342463,1.754243487425877,2.3854739084255465,2.25639533569328,-0.34221987694543116,0.20397057915094693,0.35924459185403346,0.22479252904522778
-2.436143111626829,-2.957043953100816,-2.409719061195425,-1.0513251017578977,0.38520817289556986,-0.48321239909669883,1.229910610784728,-2.344196937950232,-2.0268026213697063,-2.731254350950947,-2.050503143922005,-0.40318247694717463,0.9529067034454922,2.222806790108533,-0.5894746599663658,1.6746852420946399,-0.21209772070755914,-1.7404355586714964,-1.0371646134109531,-1.2173818619506376,-1.857505440972659,-1.5847366719966718,-0.7371630414950424,-1.7443143724940242,-1.506235251027835,-1.733428911943111,-0.9755867520895123,0.054372555750540806,0.8709506105993308,1.2104960577555763,-1.3560098176043145,-0.3239117226274818,0.05055912806779381,-0.5357219392707736
-1.776046165774078,-1.0373325783464629,-1.1481423487580886,-0.9999320219205206,-2.6190333022248704,-2.7677499467744724,-4.611573728964827,0.19362940521247507,-2.995987573926157,-3.900503875567486,-6.877427367674553,-2.274032706589822,-0.39133352903839663,0.018380578539816197,-1.1265040611380759,-0.30961467617915,-0.5697424788338801,-2.4446515915447837,-2.723553792085495,-3.361467232020611,-1.257200361707447,-2.5955965545078628,-2.8933149914370153,-1.63735565598283,-2.1135679840400075,-2.6712951098782924,-2.1240525140862347,-1.7017203354831365,-0.28046316650222713,0.01414062824880225,-1.8252400289667257,-0.9079847805269007,-1.3443469659277187,-1.56331730055215
-2.6018223110154537,-1.543420115745973,-1.9587546572572974,-1.173489799910631,-0.442947510397811,1.256881607481804,-5.524454678715888,-2.5517040794469654,-2.6784664250702117,-3.4679168448180904,-6.3743780648477175,-0.8495770911902124,-2.39041861019582,-1.4966365370509236,-1.3675931224304592,-0.7911283661084262,-2.105682539180046,-3.3038248451690024,-3.5334364735973667,-3.9036869124089253,-4.436952818784911,-3.8945572198070435,-4.405114653498807,-2.3933728653077297,-3.5191152470437768,-3.319178219052809,-3.0230247118373286,-3.061698953347552,-1.9206229428330268,-0.9549333503624213,-2.1731679225835436,-2.231206859051027,-2.1576133337014216,-2.648766424582709
-1.2421467329653917,-2.330521580217134,-2.1864340418698016,-2.7278291619867003,-6.723573571019365,-3.563364379849192,-8.850518333042592,-1.3612980438272069,-5.902800138637818,-6.5413526730603895,-3.9310996522901234,-2.591350891434468,-1.9244785165528124,-3.0166129740973466,-2.5541030200451966,-3.772924245470695,-3.374856906861181,-4.398789499101095,-4.878440064410044,-5.489941980902663,-6.001262603767168,-4.597539088637822,-4.810674051083152,-5.184539685433045,-4.134805917377597,-5.288850611950726,-4.500651731301984,-3.5759255470563005,-3.0928295311252785,-2.032834831373501,-2.6720675822505924,-3.2938998658249146,-2.4257976475046608,-2.7726983101727236
-2.1098860768731442,-0.3544348319235505,-0.5611158396841964,-1.129186343682594,-1.0176706251218546,-1.4574454400727115,-6.030363573906078,-4.062185459409644,-10.427657341501941,-6.067001032085445,-5.201270935478371,-2.8620479365398634,-4.486371586401305,-3.2931109288150897,-0.7732911715695528,-5.464823350863401,-4.711297426931036,-5.0142432752488935,-3.2896985187145846,-5.290344049992743,-5.819686578226284,-5.839874126142031,-5.3914103934206565,-4.759996635929079,-4.527999894784854,-5.097750665361182,-4.667216726607863,-3.427882573468405,-4.640230258567594,-4.04500699587207,-2.8384484595911355,-4.395696073396054,-4.036185290022424,-3.3280564267771484
-2.968419372328822,-2.162730849987815,-0.6192347302459762,1.1075655861100988,-0.7073689310913072,-0.09308936348619141,-2.9202896673286762,-1.2873388006968816,-9.829961843471287,-7.691500948705548,-6.4350666272694355,-5.6086988753146985,-2.8953938040151104,-3.975905942795098,-5.830390345219757,-7.035247584626572,-5.008032081722999,-6.313919320721288,-4.32188459322536,-5.55808868663695,-6.200921902645279,-6.934147343068001,-6.825416785356961,-6.070886434375319,-6.007359049769893,-5.1563537659333845,-4.934510759476895,-5.397643840860316,-5.4055747513391434,-5.7656466535443105,-4.796439146664376,-3.2678985132342744,-4.873657159194813,-5.824400649398884
-3.988383725910651,-4.2646666829265465,-3.6984710398453244,-2.3278235912991154,-1.0325909190170262,-0.5186512441520276,1.5834335364358951,-1.4254904849537884,-8.057316834351138,-7.627552301021348,-6.787839227463469,-4.8647184287467615,-3.7769798825686944,-2.7824650319254847,-3.2526065183218686,-7.023708760736681,-6.047333035171118,-6.778690242793967,-5.90767131917405,-6.653707494923881,-6.794203290644895,-5.620723804761004,-5.893029350543447,-6.423235536850258,-5.179962448057261,-6.589850777360711,-5.34103019312839,-5.2288259006036935,-5.979618805850554,-6.363496112534557,-6.03697149681029,-5.8691596299504285,-4.8269737599551865,-5.747601378166766
-7.8973138255538675,-5.8183747744774506,-6.254305555423589,-6.070122120183457,-3.721039742181878,-0.013444257578893407,-7.805340166579959,-11.864065465322728,-13.459271873123646,-5.297095118892455,-5.396753224365335,-7.174275814230347,-0.6079327647728006,-3.7317918881106307,-4.030705377319981,-4.858053651261115,-7.284701865592784,-6.24129979463269,-6.220089826740296,-6.7427286541047975,-6.674649984003722,-7.491030854747658,-7.886579352618098,-7.148689683636664,-7.257792767691017,-5.371687202007218,-5.16339199658151,-5.377195394443813,-5.06062837020092,-4.460303786814353,-6.230193645335004,-6.198724224571553,-5.747594499390152,-5.8804511785510645
-9.463891424216405,-9.374351556313169,-6.551367730991577,-6.792054770264519,-6.6819367921530715,-6.261159547131368,-10.077779763339285,-7.139429690492521,-11.522938475102267,-14.91432901024235,-5.160723454132073,-8.05499469008732,-5.887016201583689,-5.6750538482926665,-6.461492050647211,-6.697617192113216,-8.276095528345664,-7.0817662001222255,-6.5464315198753535,-7.426965057770517,-7.256288322279469,-5.933337083565244,-5.608027266525046,-7.268238799571617,-6.819306975620439,-6.6421107304263876,-6.698924750865564,-5.883843856455492,-3.889973294450696,-3.8998175013972687,-6.554986496466161,-5.945427867306263,-7.27900945766381,-6.523721300012126
-11.53226672135978,-10.623718829128203,-10.879580910473718,-9.457204352211857,-6.016155863150169,-8.58964568129513,-8.208102164108187,-17.447978044257955,-15.302337037911181,-10.038188881269212,-4.580196894519412,-4.328747992856625,-3.437011231433383,-7.545515662041114,-7.066796538241483,-7.709812251716498,-8.071684911459798,-8.860247874945188,-7.264839020739907,-6.670307666233589,-7.807175514562241,-8.00810015583123,-5.144476869703332,-7.393126939075312,-5.9357817422263475,-7.282742391721896,-5.803499838216405,-4.845799444330271,-4.939804365771132,-3.462423649543663,-5.491893676070544,-6.691320577419344,-7.062942672444991,-6.551452750296151
