script/wind10m.json
{"header": {"parameterCategory": 2, "parameterNumber": 3, "lo1": 6.000198445256149, "la1": 58.999992894266676, "dx": 0.5, "dy": 0.25, "nx": 22, "ny": 24, "refTime": "2024-04-03T09:00:00.000Z"}, "data":
[rows 0 to 23 of 24, columns 0 to 21 of 22]
0.9470194949189604,6.48489147575733,0.5976046610427156,-0.33532305304860827,-0.9059670460453193,-1.2111713419907073,-1.5199080508251286,-2.2700663985331833,-4.338913484895361,-7.392693855069562,-4.488636439650233,-2.178571493248899,-2.427025470328623,-2.98803818294187,-5.821123788349501,-7.808659054249443,-3.65966864424041,-2.73231878492321,-3.622037287371674,-4.618266748483025,-4.941313162912613,-5.867436077998339
1.661090646070648,0.22702213368986293,0.24369535580873886,-0.5988770300842368,-1.2082509589925938,-1.2974144367068197,-1.780474557611421,-5.951894485106796,-7.348478506785863,-6.621358504797461,-4.8121772936392455,-2.1659329684249653,-2.9106379542063108,-4.363193155466979,-6.764252530565437,-7.966982466062607,-3.1533690192876165,-4.604860189669295,-3.913839747309547,-4.253326866888658,-5.0043088039543715,-5.725563147925439
2.1228764601060717,1.1332429830481108,-0.45420912720732515,-0.8328534896914115,-1.1786128591299978,-1.2197412716480993,-6.285288106009048,-7.057994550235304,-6.825987672583645,-6.025090148624721,-4.628415141279839,-2.0774880520555516,-1.9436941340471592,-5.9136993284845305,-4.6447518355592665,-4.433987057263343,-3.6073036394194395,-4.3452052434455855,-4.969740570105486,-4.730816955082164,-5.548282719064514,-6.4431802157824105
4.102424261200779,1.46285955050247,0.4230122410847571,-0.456338463474106,-0.7472547505450177,-5.293659118289413,-6.221266611913956,-6.1082096664198575,-5.7346233512018125,-5.116880087675856,-4.205897959262661,-2.2235003789625356,-2.7081888492093196,-3.238878085196685,-4.908971536213698,-3.633265814426794,-3.0871800619619645,-8.934567741972895,-3.761395379823137,-4.601180147659878,-4.702565792855384,-5.234436078043847
3.1226790093212116,2.728907266467418,0.9038262582994879,-1.5147321680471788,-5.59848520942632,-5.1616033376348875,-5.176339712233689,-4.639720676806515,-4.163516082881593,-4.2582590123756185,-4.637239518420895,-4.123698366089385,-2.5639017611817536,-3.4517684560293116,-2.78111245630083,-3.371825336224978,-2.782433685012956,-4.574973636062507,-4.009871948804174,-3.5100423103571505,-4.1675432271163855,-5.093803486791867
1.7088559383072164,0.3115351354699382,-1.6550328648308927,-3.352280943997165,-4.102885173418125,-4.3718126660843755,-4.222856932793642,-3.6203356894049272,-3.66162216333444,-3.287753483117245,-4.27966250562531,-4.096886166217477,-2.8554474087980553,-2.7465767398273857,-3.442574937466116,-2.8325773376998016,-3.7290723436670183,-3.342522025872655,-3.9723051902725937,-3.917168906040794,-4.024995676802471,-4.602987746023579
0.4740041168468814,-0.46883199626778543,-1.629407898233996,-2.4622701674004057,-3.1157239384131388,-3.75249619232752,-3.6577317642358955,-3.6658740043794724,-1.9258619377490396,-3.2098688080135376,-3.945409551560061,-4.484794255551108,-1.8833009731787094,-2.0582747835827617,-2.2865604705421783,-2.220049900652178,-3.970958931943778,-3.2912238520213237,-3.8959691486967825,-3.674103683506982,-3.901269839098897,-4.421077219774223
0.6031014611009531,-0.012974622351422608,-1.0012620101430785,-1.584469029955492,-2.2125871243874733,-2.38503721116643,-2.4239952831723413,-2.6767259837645248,-2.0776704170074405,-2.6793805075680117,-2.533795067657023,-3.1268890091629484,-2.6454052300379662,-2.0539011762546084,-2.25645949336096,-2.686311150200554,-3.108920648848684,-2.773556447093052,-3.3909595518549582,-3.4366795510204526,-3.560506168753849,-6.315618100673462
1.2656552711576625,2.292389505788479,2.4246859391523907,0.7581954005602567,-1.0563181692316408,-0.7554225130134239,-1.1700481741349513,-2.233526994953406,-1.8575901797749805,-3.5810182846711807,-4.13102996365805,-3.2265095622946087,-2.4901043008579453,-1.5295843171344252,-1.8377779142493866,-2.4035108943016694,-3.3477468315654337,-2.696345046004725,-3.015630427218829,-3.1651394016577274,-3.671806781610745,-5.310986589850439
2.083058092124391,2.2489033215869094,1.7061061358323957,0.3959657665732946,-0.7092074210452886,-1.8607554960304848,-1.2420634769912828,-1.7480182168611054,-2.1272857165896855,-4.43787354462392,-3.975311271951678,-3.341507241408319,-1.8561494121504885,-2.1266322400106237,-1.5632879122634133,-2.5159067953485836,-2.7233554563342235,-2.701891232771601,-2.448968793833573,-2.611680054517272,-3.0948414038612446,-6.671269326577123
2.0607627559951385,3.0499399800124127,0.8025252337955554,0.18619489707145162,-0.8061596747829225,-0.9980262773476907,-1.1334377598097083,-1.027868687868205,-2.4851527284791697,-3.775722132611748,-4.311963705612083,-2.981250031001916,-2.7342147977754303,-1.7434194098695157,-1.367684631487406,-1.668410779837026,-2.084890977842348,-2.2678455139315488,-2.273373922343978,-2.0539483787405275,-2.2058275933524385,-4.546399802990881
2.981382099221879,1.8971617356205939,0.7313621531326349,0.5077738272792381,-0.05350240016028139,-0.44702234795349355,-0.7712133606392371,-1.122886747969929,-2.078496427260274,-3.082301357986004,-4.644034142278818,-3.4823215245576806,-2.898906114246949,-2.285846447130175,-0.9418694028270425,-1.3121321551579355,-1.8364680153450852,-2.056861559575218,-1.4971671155986295,-1.625481310526877,-2.43354749935322,-5.386571234883004
2.2442908241470088,1.6867716408114457,1.554823033719134,0.9139085897769145,0.6146388128318925,-0.025913119027015857,-0.4347449965125453,-0.8540322159942874,-1.4728042601932156,-3.464594137234597,-4.398313360062874,-3.7995143952391888,-2.6492882922539174,-1.3181309857341157,-1.0524407300714405,-0.9929802860556355,-1.756264547143649,-2.916000890640056,-2.865195294991587,-3.160472154912074,-4.463714364018249,-7.630660165850802
2.376389498808725,1.7762483342401036,1.7725621610645192,1.3872184347802858,0.625459711163828,0.40058474626751345,-0.2675672295093549,-0.8804459570296168,-2.070573493766651,-2.5044447744729545,-2.9197101185734007,-2.0080372098227404,-2.19681444474241,-1.751407633705288,-0.9523049894923039,-1.4098894674792988,-1.4752040272936575,-4.206189352566876,-4.862218234112628,-4.697564804308035,-6.016685044894318,-8.417983880083042
2.6435568691442657,2.871468339394796,2.644977211645928,2.097853835482513,1.4241081574619097,0.2152028603548515,0.040359924988272344,-0.4150665893875637,-2.334296295017552,-2.665949597304489,-2.2382220225129266,-1.524212243523073,-2.234104684429189,-2.0533343332676055,-1.7137931401652742,-1.2417821641397757,-1.8478171912991597,-4.901753149310406,-5.815271774927552,-5.54118662935607,-6.306587338992289,-8.591961969931956
3.4540700916643514,3.46208868433523,3.4582143745493292,2.271705577699348,1.6411992288279664,0.9093522534578548,0.13352551305346808,-1.0696393307396805,-1.0317792279132287,-1.8453168527928039,-1.8570337784519992,-0.8412144430106392,-1.63493216228684,-2.980603872397905,-2.4441887418724684,-1.5872021037112929,-2.3150765020727606,-5.490809684872948,-6.047301544164309,-6.2063554155991625,-6.593419092623118,-7.8769091301301755
3.977658484623257,4.03011301159219,3.7342867879324966,3.042889004325491,2.0272380538140804,1.2094982701855201,0.17496155821667642,-0.9453087823896144,-1.0458811396587886,-1.1065570848638635,-2.9410164172854367,-2.026761085003256,-1.3955683941127195,-2.6713000689914823,-3.763251890330688,-3.183858205772729,-3.7328045172591895,-5.376769375579726,-3.341803747136625,-6.371497433360884,-6.58941674894911,-7.283904087044372
4.090800741624926,4.164890344200986,3.899573479595381,3.486902341407545,3.057837150616757,1.0699192970892195,0.2170607362431179,-0.12265790339003362,-1.2535356944896188,-2.0694653966965975,-2.9025874476940117,-2.638495134073375,-2.3565880483890966,-2.9958046549867823,-4.172691527964936,-4.2950415629515435,-4.614838993064544,-5.063362434138345,-3.797999845067852,-5.471712618061729,-5.957987076625646,-6.622527481562227
4.460423942543749,3.882716295435173,3.3296788952233998,3.5022696588411,3.3468067667019015,2.4699164789154717,0.7745572435728046,0.06601320032495445,-1.5589821282309966,-1.162656297336375,-1.9322622541897232,-2.0059878360645893,-2.764598454480602,-3.4173848535890885,-3.4517144487623956,-3.678427546636752,-4.856220661821332,-4.705072486794606,-4.853310414580695,-5.284390992276722,-5.003382384322338,-4.030290901694244
4.629847247369194,4.3067340124930045,3.531381764972158,2.946098557851771,2.448522187654118,1.8597064318537917,1.2219938382229052,0.66665650239564,-0.31679788199195397,-1.3041597926249338,-0.791594974197994,-2.26315560361891,-2.995440694171548,-2.333997887587196,-1.9629829189219083,-2.318705665172486,-4.858684530971167,-5.1805158686552675,-4.971499353981319,-5.01051117811623,-4.513747856033415,-2.4004489918205354
4.278172731715614,4.108106070331456,3.418840355933559,2.719432587848402,2.002673493174491,1.7871895726112597,0.6304887018149145,0.5016294048813456,0.5179474980056661,0.14531250793601966,-2.3533008170313945,-2.411171023135706,-1.4023747121405608,-1.3667305746212832,-1.904313544644557,-1.9478863896222007,-2.495514355177627,-5.075286668556407,-2.8933827362058424,-3.2583101155881637,-2.834735813160704,-2.049378603773947
3.5095235676562444,3.0657747413862064,2.8480646380512042,2.1731258242188294,2.090045142070361,1.1455682831925293,0.2726140690231754,0.1458597895397503,-0.07873388118346719,0.4601307922172416,-0.10724680190859227,-0.9989934428930909,-1.3470378908281857,-1.6925539325465098,-1.6293768391005723,-2.0458895991017036,-2.5737234288032305,-3.388110492746008,-1.883342025104038,-2.5692350501012347,-3.0366018887922324,-2.5995197342108636
3.9528439048028976,3.05176917880658,2.0087399769490144,0.7264877815584712,1.3980157452562603,1.0462776286501918,0.03873759566076997,-0.03830547592935589,0.5131947654852552,-0.3024511024634982,-0.5100120320929594,-0.38015757601983957,-0.7733464449751182,-0.9142555004757582,-1.5351725306193422,-1.769862353328551,-2.2430363801158357,-1.8166650472324941,-2.4817234936848585,-2.130770709411564,-2.203141630337023,-2.2215048131873223
3.6177203055897045,2.9888755505350906,2.288228640051386,2.1958056415494207,1.96346693676183,1.83050920199323,1.3779253121967763,0.3656670316388356,0.1365582650803795,-0.43284969902396564,-0.5376997094453272,-0.9153626534222251,-0.8196105202327385,-1.051986565225289,-1.3954026022336,-1.8062455921100986,-2.132732994355539,-1.8616772506035317,-2.620936740762806,-2.1699657875697014,-2.360632701440014,-2.66235323688176
