script/wind50m.json
{"header": {"parameterCategory": 2, "parameterNumber": 2, "lo1": 6.000198445256149, "la1": 58.999992894266676, "dx": 0.5, "dy": 0.25, "nx": 22, "ny": 24, "refTime": "2024-04-29T22:00:00.000Z"}, "data":
[rows 0 to 23 of 24, columns 0 to 21 of 22]
-4.3462499391140845,-4.978027955562271,-5.333155955152239,-5.054742507406641,-5.677822855092521,-5.321320178555267,-8.159061028088422,0.719217157088105,-8.14935673814122,-5.624247270073473,0.42401235595866066,-4.963244124271183,-4.841477325293934,-5.044090122970751,1.7631944905607462,-5.535748360999722,-4.638045816945037,-0.5750160248455963,-5.328913945226365,-4.376395501913415,0.563164575744109,0.4109383885500976
-4.730285084029808,-5.67287625765095,-5.482487362743083,-6.464383766636608,-6.05185435181414,-8.675585785164639,-5.536283422245434,-5.934369432780222,-6.198491261159841,-2.6086287810066184,-9.76822079047336,-2.7817986195886424,0.9661658619461859,-3.3562235317973115,3.736242681885648,-4.966624297097027,-5.38757319308974,-5.93135905939402,2.7108935679711275,0.8753242597479516,3.7046529110620487,-2.0995722101802206
-3.67375298410291,-4.481421913637127,-5.4433259874978885,-6.218161768222639,-5.980774079816765,-2.502244675226275,-8.16312101193884,0.17937806925943403,-7.304566517776814,-8.821289771591426,-3.4367711634913904,0.6541352463876029,-6.726900498041005,-1.8091831654714645,4.888903309463207,-1.3047185126153074,-4.686492462478179,2.5204947478946242,-0.7944334336755134,-4.128878248070196,-3.079202423115693,1.4648709856598694
-3.428991764181389,-4.837113135120317,-5.087133189277989,-5.007860543480857,-8.210042600980165,-7.516488631313586,-8.938706427277138,-4.052052446171273,-5.28281178782448,0.7714589349651402,1.9792209540991272,-8.978714645952131,-2.542280301241133,-4.158336125450686,-4.2089637957702255,-1.9293538689078251,-5.297702001488654,1.2607760572460849,-4.141003435019881,-3.900922355561685,-4.953327240851203,3.548429946358153
-4.431428292422941,-3.200536177287931,-5.633868953822571,-3.053123828044812,-9.262532442245513,-8.542875286922953,-7.324613063435789,-8.443607152018068,-8.076010203860992,-6.983685427319297,-7.343677142298459,-4.574411332956892,-2.3997579483963345,3.8258417812848045,-4.158679697972633,-3.9354981014027266,-7.6398119185465765,-2.452698974193318,-6.039368283683811,1.2560733143178948,0.10966191247307266,-2.5203994760177166
-4.493508912263046,-5.236405809810688,-5.055363625331068,-8.359596254530448,-5.869815035271882,-5.888729043612941,-8.626660211094208,0.634818939309911,-3.641745831323371,-2.398116709248761,1.148481073584854,0.295150772909457,-2.2112459134071716,-9.182534924535833,-4.328155709930807,-4.54913767683019,4.096599029457905,-1.5111202969443722,2.989320453016913,0.5706936066045509,-1.7672319669828687,3.3342365815807495
-4.609776820031103,-5.240315707241086,-5.3536632723957425,-8.630066442371668,-5.939267781463676,-3.1010380114348437,-6.881794470627295,-5.266578640689508,-8.256046898706389,-8.050992652474335,4.138749112076364,-9.477771373203955,-9.171520283128899,-6.168899341635792,-3.3111565648645467,-5.148670450420112,3.4473430570686356,-4.373321256334683,2.099624275153383,-3.454016008553609,3.7971276353660217,0.20866809411284057
-4.452061356105802,-5.63473385000731,-5.474117168611752,-4.807025526709676,-5.994220456923976,-7.684952279430371,-6.732042549155494,-8.476567194499891,-3.258285084654222,-1.8159235110450813,-3.5473848512951456,-5.406757838056124,-6.804992796853568,-3.8804511753256756,-3.008211693766062,-1.0038152939497782,1.9278676518348863,-6.25584067331486,-3.668182718313273,1.9822149549363772,-2.6167352419810124,-3.76830174022329
-3.897702104164494,-3.9360386627324373,-5.600378356210446,-4.042749422518999,-3.4310033702532095,-9.39599215173391,-8.349499668056481,-4.387791477112317,-8.49883584869967,3.680549924620436,1.9592872735262263,-2.87026372425606,-1.627273116834256,-2.6536618403456402,-4.282162370984965,-1.721354912377251,3.283659075548773,-6.104071027938464,-4.930697064205087,-0.9761807175581315,-4.989992392390929,0.4513099091145422
-3.897941798914253,-4.595372032214713,-5.524388747405901,-5.824860229938011,-9.643572190971469,-8.34159235073624,-7.6583839702469545,-6.084512797779039,2.1487232933219858,-4.48429830588096,-9.477247122618214,-1.7158361564852262,-4.453022773265094,-3.6895101759078233,-3.4203600080803462,-3.623934632394259,-0.5481638759059292,2.835057330130019,-5.300420412900922,-2.667655703007494,4.590638326913568,-4.033028010008296
-4.475972698111966,-5.257044966454721,-5.440444016657824,-5.07198407697357,-6.000129385764891,-4.62042855487259,-5.2740536424270354,-0.909805165137441,-8.380355440260438,0.6554660439569708,-2.86243042103895,-9.602720837298891,0.7151313764691474,-4.430756331664429,-2.7109246530622704,-5.806433643886861,-3.6486131813168163,-0.17602641083451853,3.0030635692454415,-4.721111302400682,-2.1650061465156822,-1.2934831579443125
-4.5918825533891345,-5.329510761659638,-6.18506859014947,-6.156863564754931,-5.441623640264347,-5.283975985157374,-8.280791563522381,-8.41619169050209,1.576857458303412,-5.63475499354455,2.2397315973624115,-3.065953427975806,-9.320871276714527,3.9870171442687665,-1.5686215488780897,-5.57914053398151,-3.1043408848098655,-2.5535217069375324,-3.3054280506951383,0.2595943149514772,4.557380046071963,-0.14337635564688073
-4.886498002950235,-5.076253456336583,-4.752571606700434,-6.285423688379206,-8.257392407487602,-6.215043896402414,-8.864897095385459,-6.507359786215618,-6.293751042801639,2.1055870884804793,-9.32340951877118,-1.7087337742034792,-5.255632429021905,-9.184942550834254,-1.196563795215057,-4.635737360702045,-2.393056766218876,-4.081586629071277,-0.8044048797392537,-3.8959217459166133,-2.2901752138528404,-0.6979687007101376
-4.703350318859498,-5.212725907922213,-5.383199712229218,-4.67178086520033,-6.013145819956756,-9.66520979323867,-5.294717644421962,-5.50350670284363,0.9790582654049891,-7.25677799044545,-3.4960964634084326,-9.476076750034695,-4.669219933283532,-6.3838224970689,-0.44331082420020423,-4.325513113287769,-1.0709445656160268,-4.060260113087715,-4.987418144835212,-4.058299589453949,2.087816937955276,-0.32073547265332625
-4.382622569108301,-6.941637695184689,-6.342924270428514,-10.618901094304464,-9.90252063721811,-6.8158594320320445,-6.712966151182896,-8.346279021848776,-5.763993734948041,-2.6127239088193703,2.631688964071176,-4.788330045162572,-1.1560398470732867,-5.207708754472658,0.03620712753986711,-5.183172219528947,-4.942699633288185,0.5937682570819064,2.2714188982026546,3.3249462482316017,2.922230516523424,-1.4348984089684274
-2.8111884337690043,-6.263969580331722,-5.734607309757953,-4.795043756577646,-5.804126171179246,-5.388459816022438,-8.184725820115547,-4.056568720240729,0.2863337384699044,-7.469799920668143,-6.345371333232064,-2.7821380124556847,-10.059593892929472,-4.418476943096762,-0.2373614337906258,-5.067454049358333,-7.376922129778559,2.549727786119143,-1.7753075499752002,-1.1505098874006052,-1.6499594427105557,0.7181923002885391
-4.377952248440796,-5.371103748025343,-5.224509631331914,-5.542749031249486,-5.641815360154126,-4.941754927406259,-8.231837375568965,-7.251011204776179,-5.466752758448758,-3.142819034276766,0.4540380062165676,-1.6575215069228317,-5.682031263529814,-4.718828950002929,5.223138101707771,-4.183974614252536,2.045722157237764,0.049202477478337184,-2.0786540643708133,-4.841287017624572,5.090287652870171,-1.4943332345926448
-4.7501268568726385,-5.327105886423797,-5.51836387135658,-5.786054624384935,-6.271012644428023,-3.321796053011288,-9.43234336269676,-1.2904427632850521,0.3012513769379654,2.741460814209375,-8.27944301964256,-9.542516030059893,-4.275651683311127,-2.967210238620693,4.794297197641596,-2.262403408270574,-6.479128276218994,-3.996369027935633,-5.321648762280572,0.835244815952007,-3.183991068456503,1.7828647498166716
-4.339779521925228,-5.692266118595046,-3.884519922299575,-4.943043705984351,-3.2663840801849626,-4.561882742007199,-8.514211663975383,-5.983815950394951,-5.162034522831475,-6.577739902114817,-5.466757858157214,-3.016980793756656,-4.262498295266724,1.7226750331197485,-8.561012522539112,-3.597705732876217,3.511127039173168,-4.4471189602979555,2.3941357794044364,-4.206648168825966,-2.085957093707059,3.468445630845067
-3.3323010307775576,-4.870403402741304,-3.386336040256789,-6.330819209238362,-8.79523445887946,-6.746875900054709,-5.455495781410951,-8.550434592649056,-0.08613725018177046,-2.218488362378421,-3.2529937703382568,-0.5145831681836356,-4.792783590437609,3.237918925198769,-7.775919705674545,-3.863902123145001,-0.7818683772766166,-6.011112915299999,-3.6846595315496278,-4.469332773513413,2.7818202634338913,-0.31441964306706566
-4.56670246129705,-4.49959223830332,-5.133710118106831,-4.873457588283982,-5.570605279981153,-5.549913847632805,-8.202225847809448,-3.475112038615888,-8.355396050724835,-7.30434513613458,-8.349017211441998,-8.893221794169762,-9.73408685388137,-9.206656787783205,-4.411141295585582,-2.43108691483544,-3.902398811829546,1.1487837063307738,-5.752005390777191,1.7628611377084018,-0.7383580448186536,3.0617497931994673
-4.034521817681677,-5.110840297957556,-4.75302432596978,-5.768239012025263,-6.281088387075389,-7.282314303413117,-7.979860315418917,-7.895355231317391,2.5250094911507395,-3.9327463003323557,-4.863004292797817,-6.0198835265830475,-4.457683088422794,-8.06596084528434,-4.459378050340729,-4.099048488995616,-3.1602292545543307,1.2199597257856034,-5.315631289165188,-2.4500108566018213,-5.015273004568987,-1.1085075235900828
-4.787124942057368,-4.752257380717606,-5.385578542943003,-6.415216506614635,-6.145113834687334,-7.344009292474157,-6.838468665172516,-1.0342381515221706,-5.324383606299439,-7.348736735308295,-2.123401153047145,-3.512798870963482,-3.8372078428056513,-6.010289577265089,-4.180604231913777,-4.209681115262059,-3.0164790940681137,-0.10270518632178192,2.295511224750416,-3.5645310846669265,-0.07526004389157635,4.725787605072161
-3.502149692050705,-5.175522272120713,-5.850519271292382,-5.216487182140878,-7.33633627392568,-9.110849071043749,-2.327306832425997,-4.926650329646296,0.9181959457475682,-3.0353381891938134,4.574611364255521,0.4510090837515098,-4.0569286836012655,-4.833152845693618,-3.6721302837606378,-6.095387602448752,-1.4019758605984398,-0.11064189952443891,-3.6346699970282366,0.9468488829343857,-4.735157338551953,0.08890937803520599
