script/wind250m.json
{"header": {"parameterCategory": 2, "parameterNumber": 2, "lo1": 6.000198445256149, "la1": 58.999992894266676, "dx": 0.5, "dy": 0.25, "nx": 22, "ny": 24, "refTime": "2024-04-21T08:00:00.000Z"}, "data":
[rows 0 to 23 of 24, columns 0 to 21 of 22]
-1.4934714189114033,-7.162649458042463,-2.3289638322938853,-3.883751811700422,-5.2709340980592465,-6.102895409189866,-4.543013006365071,-3.183299998278989,-9.040800261473342,-5.791943762565115,-6.737734523272087,-4.954545757383331,-4.573786206339798,-4.0832238387654884,-2.20271743900361,-6.037906280160729,-9.852611564631385,-2.935982485833913,-7.936970096836684,-3.8594079919047135,-3.7345000777375277,-2.8083902246670447
-3.5294115126176946,-4.68353900799699,-2.243711044891497,-3.0914795647242395,-5.794648349730946,-7.805823091419515,-7.160617578416724,-7.978503179108615,-5.496924779955492,-1.690147902302676,-4.87760357863013,-5.817211002841241,-2.5731524191986215,-2.7546157015035333,-2.2090214198374856,-5.947973525184942,-6.613855643121242,-3.2471336434510913,-2.865887617198707,-3.873970941625018,-4.648034643564389,-1.5270386576010535
-5.842076807507444,-8.708390182536167,-1.5324213848162298,-4.8879958009203825,-1.6450524368491195,-3.6208386994567063,-3.9815566710337573,-3.473810404290945,-7.527374014096348,-3.6345634102303848,-6.640138298757128,-5.98115876081364,-2.769469359188629,-11.26753967776801,-3.7420892278191475,-1.0957128934822145,-5.738801120121056,-3.326024258744708,-4.125971366474319,-5.260011259736973,-4.895989152113246,-3.7466763942667556
-8.088306697801263,-7.627216828138496,-4.6062832529178195,-5.229289876797494,-5.458682929601613,-6.054408295085934,-2.798874114231107,-10.065905405962274,-8.41732612935153,-4.2473867581186955,-4.713827609744073,-6.932605854132662,-2.66182779923367,-2.5419361785003414,-5.399963817297795,-7.069503511903747,-4.546994439924459,-9.164565235617241,-7.229512510099153,-3.859789969434386,-3.0549396863497473,-3.663526200294239
-4.467529820210905,-2.761535936718374,-2.6295852425763897,-3.3009440047078717,-2.1809802550593114,-3.6987282562398396,-6.291487698146068,-2.8518181190398693,-9.998494263815084,-5.208218627186447,-2.5095495129944934,-5.596210186726541,-6.208691013258784,-2.547197583008973,-1.9217310549061424,-4.769853139887601,-7.136833113961259,-3.786764719671646,-7.275939891894285,-8.592394189834001,-5.5077554496885535,-3.759665769472697
-2.7582717818249387,-3.3623220489741015,-2.4666983971783676,-2.6925000510293797,-4.992905729068109,-5.218512255121485,-7.368683428059328,-5.463300677293458,-2.071905720538421,-4.750537548395347,-2.233187486700129,-6.22769059717382,-7.0170821793253975,-3.6035688707171074,0.20417008310458684,-3.06736660272314,-3.7381657233529606,-3.0829552483126075,-2.9017153446985544,-2.052940460920061,-2.470213898587026,-1.5028285249521112
-4.706015645185154,-0.7135975031734877,-9.318603550714105,-5.659183762861703,-6.324139474687853,-2.7236615665583384,-6.293959676688752,-4.691971787581362,-3.326561142257117,-4.106041254802341,-3.299880625530751,-4.864519608828863,-5.223319762041296,-6.709840195262269,-0.8353863843862983,-2.734508049085795,-1.4850029611216857,-5.619964859835117,-8.091098332977829,-0.371755862979672,-5.247231708350369,-7.466008530457195
-7.920933154783056,-3.225931081871845,-5.670749635025233,-3.3914232965878224,-3.6851787960247266,-5.933347011239269,-2.2255533759049824,-7.90266156380104,-6.621773135528682,-5.663748394312268,-5.04158888464441,-6.435021850993973,-3.736049519567411,-4.90520744808533,-6.6507948358307205,-7.876100889991998,-1.0401823770315517,-3.6056364064831428,-3.0027769362607213,-4.324656632413629,-4.5900053902481295,-7.230409936524813
-7.055331999396594,-5.039033531315212,-4.893060620912284,-5.587243928283125,-2.6307303979910506,-2.555029635367745,-6.529002938378712,-9.190507155131371,-6.624341612335673,-6.6527315044395605,-3.5878803011610474,-6.44548324120678,-6.499888681162263,-6.741995755883247,-3.3567402288839023,-7.812893808549791,-3.8510371477490764,-2.222667139205913,-3.8913829804689546,-3.7927803132885884,-3.428591338684407,-3.7451769785226103
-4.521074977796581,-4.252426525063373,-2.141405941769692,-10.382464782508139,-4.854818555746651,-5.166702624435552,-4.935902998118787,-2.9313253260141208,-2.1920144701833992,-3.814577586921336,-3.9655515354887294,-4.614716410231802,-7.527540901861185,-8.088019681437418,-2.716139263293052,-8.731461888150665,-6.051281752356658,-7.661959181458863,-2.1539668194002823,-0.578694811263158,-3.630086495712635,-5.687497318198159
-9.929653320610472,-7.050027931174566,-2.4961640531759905,-2.9055564560580667,-3.4774519275228863,-4.774885917823885,-0.6887409486912186,-5.176837960678986,-2.175298880306392,-0.20134515799383568,-3.062270516369022,-4.682603277323513,-2.9616073701137746,-2.4541035221781287,-5.006419524451753,-2.704534101771416,-0.590835750729561,-0.5903164142793983,-4.619151571322091,-8.49855715727932,-3.954085472264479,-7.221496909684437
-7.0234208684292065,-5.865526908608144,-6.799986120875877,-6.171032944245394,-1.6413472966953393,-3.7464388990649544,-8.052668954984547,-3.695676803726892,-7.4016631650927565,-3.139940756002047,-7.636280189825359,-3.0261569171165554,0.037205723457894836,-6.1852638531949955,-2.511643408291697,-2.0332148711891396,-4.042851593903027,-4.54317608533264,-3.7823409330813758,-5.693397382227912,-2.5515173000710916,-6.017114129955967
-0.13667028826200864,-3.6934076669413485,-3.881831627360167,-4.35847961582506,0.820494632983207,-3.1349202904130875,-4.341678972900454,-6.8718742636719625,-4.164735343044945,-9.206384407620616,-5.156645281245212,-4.3730068485144855,-4.168744709528667,-4.9667022424221114,-5.576818553360771,-3.7481041896664014,-0.5261782405432968,-0.9570593620737273,-4.533478566682038,-6.450671654850682,-4.422709657526802,-4.658038608248046
-6.03582824209417,-7.884967798390523,-5.044605330865079,-5.438750192884656,-9.27407812807465,-5.143875629274791,-5.383079903840742,-7.350482993504992,-5.974514577798347,-2.8972621049104217,0.6549521507119946,-1.1410523339438083,-7.137606597711683,-8.566363314336849,-2.335058759998403,-1.550093255709427,1.1140703078533014,0.6075352027149079,-5.474075176880668,-4.720732399805056,-5.776919633599762,-4.421586870473396
-2.7172314564797597,-3.056634029902223,-8.542542566639305,-2.803253744763229,0.3481657514055896,-3.1262746800897516,-5.8721348167358105,-1.9473456737769563,-6.570698769226846,-2.7875723902039677,-3.142737794659555,-1.2647085039024135,-6.5657397049503885,-6.360867223142287,-1.0807518704315233,-4.744490650373304,-8.608419118369794,-2.2713799797784615,-2.17356748987631,-5.580717997030648,-6.175212597741705,-2.1235828742141494
-3.5377510359752953,-4.975397741329379,-10.62518698099082,-2.9853676017022863,-2.6394315716692023,-1.313755980974311,-4.317357724613084,-3.5557901832346017,-2.446741674842106,-5.344760414706358,-3.86140973710305,-2.8633042287570274,-2.449159128790537,-6.1007424727691895,-7.939873277536617,-3.1987499472644148,-2.573820622691419,-1.2257734554268434,-2.468634043529974,-8.245997983063786,-6.34047152159572,-2.000162935005545
-8.126130114380503,-6.837456571823038,-7.649899214553747,-5.949264915639683,-2.6669616071123223,-8.758252841674658,-7.062526558216823,-3.0423316190594236,-3.035647568821165,-4.182750580465044,-6.979440100990204,0.20579647016111338,-9.885231292855888,-2.384805045997057,-1.8846946250592471,-6.146535887537502,-3.6895313372114495,-1.6672889835495575,-3.8901681236649877,1.9689116937258206,-7.505667614872867,-3.7862245194766904
-3.138309922271054,-4.454028076723789,-2.6297209993008197,-6.632261608371786,-4.719592454246198,-2.0352364220997528,-2.773824914833007,-1.443462329164593,-6.110363322329614,-10.522876429093445,-3.0709842012778874,-1.48888314612903,-6.734289264745879,-4.682356498322,-3.290076902064736,-8.542059931727964,-3.82110090009749,-5.046154926227382,-4.919551209827226,-6.890248212071022,-2.882139732550317,-3.238827347836996
-1.9678583871034427,-6.499171439031888,-2.194530737413003,-7.059337326414612,-7.041114136541849,-3.6387217075886293,-5.5693195757688025,-0.13841814034750557,-5.7490812965920135,-6.257948102666223,-6.962922647875367,-6.169134512336376,-1.7193622707834018,-1.8660212425973397,-2.84412371665123,-9.761205627467158,1.576642518841155,-4.133812241247028,-2.6917042541792,-1.1926167027913777,-9.610037867507282,1.780983683816034
-6.83726802160647,-6.434032910667675,-4.177652189325888,-3.9675492602037075,-4.323276306959228,-5.034647854962771,-4.327380771169168,-4.450279383838648,-4.222405088920241,-1.998841713045048,-6.1210212272477955,-8.068077125079611,-5.025928069783025,-2.9488064052218252,-3.870364638692901,-3.8559402261066777,-6.222613406558771,-3.8769365837526233,-1.5415421393567368,-3.4914234452245694,-7.026662674147643,-9.188882985603465
-3.463299322279431,-4.63162286195444,-3.076268429163118,-4.239042116532604,-3.4643841097741643,-5.940307709886803,-2.5032965875146376,-0.9529312396916549,-5.431958401075431,-8.130143249254575,-5.659941291909836,-0.4454991067472748,-7.270992489470399,-4.1624247322007735,-3.4823718510249217,-1.145209138194923,-2.8384250611332065,-1.946270085709541,-7.658700759126733,-3.6862034838387556,-4.174025071354201,-5.859252034931274
-5.500111241147133,-4.391234850986556,-3.541607619154733,-2.439321241307521,-9.088199789026822,-4.598651389588269,-5.901214362053642,-5.7488982125872345,-4.067964465947808,-4.048691172804639,-5.923169574626137,-6.795232519034274,-3.5217816072543493,-6.331865837304082,-3.904371784918226,-5.260030991874861,0.12873674909326435,-5.618490052807096,-7.895050335899471,-3.6799769975354786,-3.102505025217604,-3.6446081507566284
-4.256171572017944,-4.887869290653166,-4.222152706388356,0.19319010240071,-3.565774531026215,-6.98464094865774,-2.68421141065118,-2.946824952756281,-5.110119957020288,-6.745734670139317,-3.826415939749347,-0.7921998950042226,-0.6507250782403388,-2.469581131638924,-6.550886108740799,-4.647793286899159,-3.435117375653154,-6.811122720954994,-7.6466135813191976,-9.678757297350854,-4.036320658651044,-10.731819951736586
-7.1467635315624145,-7.051658996072842,-4.222412270893622,-3.019550115734941,-6.929568453614204,-5.701419707141824,-7.812944531604463,-7.557641550799171,-6.349355518456323,-1.6107709217673576,-1.6230528984894133,-1.4960386554363219,-4.241283682662418,-3.1272750571679415,-2.5056689495569198,-7.499106485196053,-5.438667686434806,-5.088666033996375,-4.3378535210451705,-2.571472896011315,-6.634358639666421,-3.356396842617834
