script/wind10m.json
{"header": {"parameterCategory": 2, "parameterNumber": 3, "lo1": 6.000198445256149, "la1": 58.999992894266676, "dx": 0.5, "dy": 0.25, "nx": 22, "ny": 24, "refTime": "2024-03-28T19:00:00.000Z"}, "data":
[rows 0 to 23 of 24, columns 0 to 21 of 22]
0.6550242108089378,5.137754534784791,0.96549975706401,-1.6059050822503007,-1.1736677526687571,-2.3184719686134256,-2.263232918902134,-2.4884474388814506,-4.582873437619248,-6.316256350778706,0.08611105297819822,0.5463991392250153,0.23668334985162898,-0.8843812699490741,-1.034074317879536,1.5625420499234859,0.9050989457442328,0.10825643619810645,0.28225931590421216,0.6742805348614616,0.8111516008570541,0.5855968188205264
2.6115484116658503,2.1302103647059307,-0.05663986066318807,-1.439107884358275,-1.9291555467499535,-1.3816191855447022,-2.028278922164165,-6.187200100343604,-6.469961253791015,-3.676416168056729,1.5079689474689983,0.19465457712154977,-0.30972453545473966,-2.9432549831274026,0.8873207969373567,3.33540524659312,2.060900999082369,1.4289974200975681,0.9913905390408962,0.6353411560043161,1.5209535667551735,0.27913958725131627
1.8701943764193563,1.0696568124061447,-0.4344310893913075,-1.433802621475297,-1.9290643448417213,-1.8341502033170585,-6.817319111119822,-5.187723299885506,-3.6587328059215096,0.5396285679762342,0.940569036349352,0.40547436099713896,-0.4371384496940033,0.4471074479303093,1.930641219341238,1.5817167351391501,1.2705234914769454,-0.44007012748444263,1.1082047993234823,-2.984037790875756e-07,0.8437590176788075,1.0911334615112704
4.261418358473566,-0.5533929599033413,0.5476743253055654,-0.4199662662506723,-1.130133225680572,-5.39325779363427,-4.3055627657638205,-2.150681301375526,0.14140448851952098,1.6205208996111489,2.275864822258049,0.4088842090104705,0.33181671184275735,1.0887836298421247,2.1063935251574564,2.3566337788696274,0.17864035030383646,0.7472139467839181,1.6564853615202173,1.5836761848276144,1.53431444867173,1.3428403273790177
-0.0007414330886351885,-1.2283850583029863,-0.3746872427953952,-0.43899489232753003,-3.3097796998652442,-1.4766090836228063,0.6431515245004573,2.725582464033379,3.7823851182133716,6.221582772944168,7.836380569054905,8.717002888266805,4.065645592194332,3.659231294356766,3.6164317277786004,3.627230284433129,1.6760408690868323,2.8295500839961463,1.8396546375919394,1.1586935918515422,0.7338025223462236,0.5344196577413972
1.8013124785578742,1.0979894307909719,0.3545580318591776,-0.37690659596111964,-0.0033230245099960315,5.622702122526027,6.377785120213313,6.798315599950888,7.940589178242325,4.361659908927003,7.869469884562585,8.565329104791049,5.025662240352325,4.3326307512238325,4.618170317032652,4.145173904818105,3.310411820693157,2.617870679022593,2.386144963044436,1.195148442459973,1.0183812215156551,1.3943100337445415
2.1622648993214026,2.5439213057927277,2.4110289652792067,3.4972148568986277,4.0755247853211545,4.8542082399743665,5.947188971075473,6.47253242634001,4.688853455063021,4.112736370842309,6.945935904041772,8.37891021212302,3.9259452040294875,4.320728139946645,3.9625006760396806,3.969510834567165,4.234890220991492,3.7278485017907856,1.9639121556716863,1.4378303397582233,0.7494639140557052,1.0922686114761648
1.301358138313649,1.4705643497315473,1.9798284517779943,3.185210814737016,4.787475090209217,5.328356558385419,6.1796341642050105,5.234900654549093,3.4663527143959993,2.828063222574147,4.013811998394455,6.6523214840331075,8.114523988224438,4.381588678803513,3.8107811293899867,3.806558892507731,3.9056081008571466,3.6901756066972493,4.200587614413447,2.872484648138292,1.8654644888587464,2.520354674438974
1.014899399799394,2.1799680783654503,3.5412712427391857,3.735985030898745,4.053472879160361,2.45252699379169,3.5860830647034105,2.792343343177333,3.039062651741904,4.262320272551062,5.133061164327149,6.361016046339543,6.961442502807907,5.212829580728683,3.8836054787901375,3.3558502410544597,3.544549588474304,3.146251913628281,3.6684363293883844,3.009909068530173,2.6539878530055647,3.43648243696645
3.741408083518407,4.221731178578479,4.9122923363609265,5.08029603384808,5.122783925659856,3.5779042451040466,2.8505541732834323,2.6750194911467293,1.9409281370004925,3.30685654614925,4.744758695509842,5.679102650525096,8.979824774993421,9.747852927505596,4.479932834973718,3.2450166199739727,3.2585378034029233,3.386860937685126,2.9365380527125944,2.761731206411472,2.7491485396738518,6.132246707701309
4.894517060057529,4.894732261590211,5.008930544485495,4.744883209136626,5.175363768920627,3.046351102670927,2.449692409164428,2.2160172060519727,2.2923262437392693,2.7579424037025615,3.6305349243714167,7.295305060847948,9.104368337010715,8.479472691592118,4.501355161515865,2.6131031629024024,3.043771010883961,3.1029708972724275,2.891095489082193,2.778365375529573,2.5417363416233427,4.219404691306613
6.402420101405397,6.874253214845178,6.227292831448302,5.71963700874353,5.620952531689853,2.7368788016563705,3.706471380772793,3.0421103720077993,1.9714922429030688,2.949163139691243,4.96820891825967,6.9711294475407435,6.417518738206988,5.118583621476706,3.717093239105031,2.8795461224211407,2.1116718111598125,1.684533365206656,1.779061487446109,2.3006722935221715,2.8225142926152342,5.295427640351147
7.559002414502575,6.37862795125841,5.576789764443602,6.061006147837971,6.884415922664799,4.289429346376575,3.195114439925665,2.7823807385305352,2.552182069200194,3.428972343093274,4.975502190108883,5.5385684691972745,3.273410642674258,2.728366754934414,3.051963662426168,2.758408823595905,2.4467295510772034,4.2732249029389875,5.38133008971589,5.2846972063099855,6.419609539496252,6.928366870519054
6.839886381849489,6.9740645274494595,6.2962280421388375,5.186040765206263,6.65080829583514,3.347818860100091,3.860850157509819,2.577204558933987,2.50038321159313,5.649956727841363,4.623321856976887,2.412512390832928,2.3265724563666543,2.4614868560207936,3.352141184880309,2.020476006634833,1.5982305146303937,5.454949590952149,5.411713517274183,4.986404215820236,5.98840114930885,6.122258816630624
6.380745512095613,5.821135011019163,6.1692000146876325,6.570934572052667,5.727242610941974,3.6132918262243234,3.1422744970473393,3.355762197727296,2.428542010458664,3.3123801491702656,5.553941255984536,3.311647820819132,2.064108647317004,3.6857271367380946,2.637404966319373,1.2207415410178326,1.4984904649421005,4.395026305023157,4.454413025127655,4.8294907997499275,4.614085660661971,4.056438911225464
6.571483021256897,6.025899691104849,5.792970547298715,6.864498613048987,6.833869857284701,5.7203569573601465,2.544152669885489,2.720565861334439,3.2248857895085723,3.242202123685195,4.872703417059866,4.3495558441384405,2.012216107716494,5.169937817563855,7.133320614934354,5.780345613609849,2.9738066439994078,5.1041597919067545,4.144081410811434,5.036190837587709,4.912313159478132,4.645820453622379
6.92553099729119,5.889171277820281,6.2050847171399095,5.784255440871779,7.058200055843666,6.170669054106909,3.2359725447610423,2.389631211519973,2.7627635538082083,2.962358726817674,4.915882429879481,5.784328158254047,3.468927080301712,4.631644964398468,8.125687312461643,6.667565045596385,8.062924308766304,9.641763482598423,7.48908502573063,5.829351127502327,4.772973945760912,4.792916846091197
7.085633833707557,6.596388718300889,5.712080320144532,5.474292020758226,5.107935568018902,4.8683901565990935,3.418527928204443,2.9028138509772927,2.5754133162584476,5.117817301312448,7.651096526624769,5.5260155661132435,5.3576839073691565,7.800453242456965,6.515162041701225,5.172005752429152,6.651127400282557,8.758981906118347,8.220793465318255,8.034332417435476,6.124223641855438,4.778052175845458
8.464020647092534,6.964036253836979,4.755130131262876,4.284813606990233,5.077260646466269,5.274241964143161,4.423751559415624,3.6423403663578444,2.88200856124785,4.89407126685234,6.690311062107784,6.168504860647095,5.266777333890721,5.78067667168378,5.1265249526195,4.265898040445057,7.194328518761909,7.468392192103939,6.556948232384029,7.614778663128393,5.447596027909725,3.4142310236663755
8.722815111068215,7.410732880306186,6.322110078518787,5.820917779050844,6.844791695417029,6.827644843231665,4.231825679605097,4.037135530125999,3.6636412401606995,2.3136542438538528,2.80129037751648,6.548242466477788,6.615532364768786,4.455362660031386,3.708615503991058,5.745821134178502,5.777841158141777,5.756083646890784,5.041106733459732,6.416667120007565,4.271730114032138,2.991510028057442
8.245390852356184,6.909556573739544,7.24299578406951,7.582526382519193,7.839652313919266,7.477537506301182,4.606113815143369,3.9309027306896964,3.742716230959112,3.59298856056932,3.9665556710472463,4.81259965516742,4.906984291037359,4.824291530154608,4.466945458442939,4.597495078137842,4.750235409337152,4.4148983643163415,3.7083477420974313,4.062538122360381,3.462988649660364,3.212288790016148
8.231105338808215,8.870217721566089,6.8514040083946375,5.329222453960005,5.975857558501404,5.878957141697037,2.8714049071106476,3.605231380586121,3.7535477860392756,4.5653651745655335,4.980148627299913,4.645880342168204,4.1291485842859394,4.145672901903445,4.958728791675761,5.0983233409305795,4.196138687532232,6.303239923970301,3.4445662592878805,2.8537744136460925,4.626250101712948,2.448780855286517
7.664796568048342,6.168025684656044,6.261071492006048,3.585091394191294,3.1662893543722395,3.871007555362149,3.149412306762866,2.9168763925550527,4.1557534991761536,3.7986592936529737,4.230575731420364,3.6920534196329977,3.9333480469866005,4.397696861366679,4.5311637339753945,4.663827295832843,4.2637789505773895,3.765850869944382,3.919939856447985,4.184537221776522,3.2923899519775355,2.050461096711928
4.57939708754623,3.40638428060714,3.080863834773388,3.3642465902341354,3.332297285957422,2.9492861843491673,2.8689995290923886,2.8695441645025226,2.490350728380787,3.316721940598583,2.4813984577937775,1.9549014410469727,2.2365837900487224,2.6112638709746276,3.765277819797037,3.735512075774153,4.050601211595746,4.083564384636064,5.0200203095126374,3.888506060035294,2.1442222904262747,2.485807658126366
