script/wind100m.json
{"header": {"parameterCategory": 2, "parameterNumber": 2, "lo1": 3.000054539987559, "la1": 64.9999836372058, "dx": 0.5, "dy": 0.25, "nx": 34, "ny": 52, "refTime": "2026-01-31T21:00:00.000Z"}, "data":
[rows 0 to 23 of 52, columns 0 to 33 of 34]
2.6203112736498544,5.4594317918792346,5.551408149086619,5.459094767588472,5.941338756949767,6.818649485397081,5.760815917248408,6.360458127101209,5.179702121910586,3.6193405697927195,2.400775786506329,1.3296306334408876,0.2590883099725274,-0.09058546452817162,0.03716385103131947,-1.8515891176909232,-2.790992236742379,-3.5967501976230487,-5.177385129479052,-5.128574369596472,-3.899346227069738,0.16371603192167297,-4.854346469832288,-2.069959777686595,-1.3808188664863146,1.3702143369868645,1.372993222082164,2.290436759482921,2.7337646928788746,1.2699218689146248,-1.0215790369377808,-2.697841959828845,-1.1201816735647228,1.6932179064896504
4.065467137126329,3.464997189643423,5.059257107981443,5.380698002997064,5.526844854836482,5.858452622930633,5.84510481056488,5.998893148272624,5.4832341927040975,2.0753029444033504,3.2524751150513485,0.4946795862526135,0.24919873229550202,-0.019190587651855,0.6238914109153064,-0.8926324619444873,-3.563852299944173,-3.828791540313901,-9.121619955857401,-2.941744780624986,-9.831191959653543,-5.330004443139561,-2.8213830147034655,-4.7028463512185645,-2.086085216166026,-0.2500291909503904,2.133625328933595,0.09930743117019725,1.33992134777167,3.127740262138742,1.5907558521706235,-1.859531058834779,-2.1840982958491466,1.090946728227415
3.3072125103470533,3.588995691138631,4.41476607844237,4.64386610545618,5.247032493032359,5.60709927391548,5.684671305958595,5.8008326590244454,4.915762080892221,4.733390778119288,2.2671500690993285,-0.2187940626057286,-0.344753181319048,-0.051791132052120305,0.6259097032267851,-2.941108620078357,-2.5940200744032547,-5.685097141152585,-2.842777828199436,-5.535341806381638,-4.992142851697995,-1.9484354227407616,-9.922704827958297,-4.4826946833224826,-2.063821749051123,-1.3013913997176016,-1.6141882522332136,1.5894664706683843,0.2934062867341723,2.1169564758480277,2.6139156592836095,1.3329331351168772,-1.5885882049614681,-1.4558933594704588
3.800664477586333,3.534650011711624,4.347053676353326,4.306432270612489,4.886657361579415,5.299014446475423,4.88248201713151,4.820753431101955,4.3340972184577184,3.9005189722614366,2.5436627883594656,-0.7535907681147548,-0.9455613503027418,-0.676990726721386,-2.85590020129188,-2.6801717682466504,-3.9827898334950866,-3.8744123716934964,-4.253894287301922,-2.050066063928659,-6.410619822953336,-7.9886365398225765,-6.081805073444649,0.3270170592467738,-2.0579242062021197,-2.414964274753872,0.5365431530154926,0.1610085116945315,0.19326192457731914,1.1232883702662302,1.5956807146736323,2.7082138312067108,-0.9069148313779528,-2.728921693380778
3.346481529686965,3.4692854787299345,3.5875365326506397,3.7271082804829563,4.4008959318511165,4.578511157427652,3.7800455345081914,4.675360902136017,4.7235098634318735,2.7297102537410125,2.6010085739021696,-0.6398544846633297,-1.086821901122769,-3.4610519707099425,-6.443223604500351,-6.4836443557836825,-1.4545325087012442,-2.2106714293634644,-2.9159651767580876,-2.679142307204231,-5.717885517756477,-0.14579890149207458,-5.716651265934338,-2.073262340577527,0.04230265484663369,-1.3110360919145243,-2.34646453356026,-2.2420499100955245,1.006513091549014,0.4442863551407158,1.0551244155977288,1.3196131223150778,0.3640599032213828,-2.1177532295768495
2.910469531398416,2.80352953815055,3.134510583260291,3.515908001738303,3.6048337432278275,3.621698041776459,3.7325204594276533,5.380550134950728,4.288025991380117,2.5707468426703715,2.0628700050681976,-0.20651528103708733,-1.53702278865127,-7.217934072162039,-3.5116512102175674,-1.7814814256183933,1.5482659700065222,-0.8436985302703277,-1.6373963243392564,-7.835544318669666,-7.20689041640355,-6.8952201079591475,0.5245004774494408,-1.378099161567408,-1.7030989067911944,0.016892174873940496,-1.416308751581764,-1.9583767551215587,-0.8452960191667628,0.28192486867981253,1.2102017978892983,-0.6417465590512612,-1.4546927048444525,-1.4663223042105638
1.9864240823239043,2.4491735394743857,2.799224862323339,3.304253577538193,4.10575673602453,3.3021536095922945,3.2537382878075602,3.469869718773483,2.868588197379395,1.3426612903440822,1.368584679714475,1.178960589148267,-1.6651378710478866,-2.309921280646407,-2.2995471364547373,0.23555312694972672,-0.5176930900355045,-5.033803853580633,0.027416412223628523,-3.502377519693886,-5.411110586115927,-3.502897286057484,-4.851499501433382,-2.9033165636983456,0.27152125429003676,-0.5314009897870852,1.5142792271747576,-2.215975739698211,-0.4175974649065109,1.1021375211479267,0.5887459679874749,0.6351823675434336,-0.2673858641221731,-0.2508781958576515
0.5789523959341688,1.6888542484913427,2.41613171454785,3.5953581546720454,3.743057275045358,2.775730167198064,2.177752068045762,1.918824852109699,1.408981728152706,1.0270252884969824,0.39150647584459963,-3.197072671365822,0.2789595032620734,-0.34711355613229344,-3.5088506247083346,-1.9278672304223274,-2.6309384671479803,0.7116822367463472,2.669259110422458,0.6596178610691287,-1.3030004756188311,3.0977395782455175,-5.116423056061528,-2.5475647910574284,-1.514894157265178,-0.9586578942915652,-0.8643865624810109,1.6287398554433552,-0.19782274237045022,0.8226021162610488,2.1836303148395855,0.30140634224662627,0.45280690648009386,0.033800674655112786
-0.6913180520725856,0.37864555153321644,1.37735406191153,3.1835879884800367,1.2076688446787325,2.462977440220475,0.9168213655836802,1.3110951992251052,0.10854579366381935,2.267001416007982,-3.251200891590961,-3.277044133445586,0.7545958477088862,-1.8297664038112171,-0.04111510207012096,-0.668011134166676,-4.117679510818481,1.158938635605378,-5.348897395068504,-3.718650573214586,4.579911291853348,4.57747397843089,4.93732043777602,-2.112562934336386,-0.5345298072767636,-0.8835864101688297,0.03111013959993891,-0.25154227212072944,0.6699545979567535,1.941655649668285,2.1188545488598716,1.3089552746488482,-0.12073278672315714,-0.7751718246238953
-1.9553426738630395,-0.7136590666329963,0.29291694035749594,0.8295561125928778,1.305961183976353,0.3902977985198969,0.12559486052131483,-1.2855719633429907,-4.58952172655806,-0.7630338844463077,-2.726472358663118,0.08270662677440889,-1.9790552502961587,1.9567780036646678,-3.013061269085918,0.1234911554214125,2.640185771335866,-3.4712384719398224,-2.019205689471091,-0.9841321556219187,1.935145045882963,1.5950781833508105,2.0706142239841583,0.9904126689299032,-0.49402571592777356,-0.11700556931347521,-0.44260457444141854,0.4027529059595829,0.9257304073543029,2.050957694268206,0.9396118275945964,0.28886781584801635,-0.40336254964343127,-2.5137240898234063
-2.2236316575307264,-2.0356985333286675,-0.23493111049601925,0.9858535182592598,3.052532713020734,1.123407482296557,-1.5506464683569452,-2.4644807548063894,-0.08209679915450277,1.9515746431056193,-0.9381455912544459,-6.174910834964473,0.6357011649991865,7.459581707469418,4.389997160593424,-3.121784191869516,2.574533920697749,-1.6442364533349763,-0.7912277680416564,-1.4601337873682039,1.0227845550679149,-1.1993198926617998,2.7193198058986168,-1.3390538162419978,-0.6642448949339148,0.4817789535773997,-0.7490671723864366,-1.4375533491882824,1.9980869334757356,1.6873699437848555,0.4145158312625273,-0.48027186053242665,-1.0124355643585863,-3.1260339983681247
-3.49700171913945,-2.450164882346356,-1.135740011138972,0.044018423812942825,-0.569822598696642,-0.4643049312413319,-1.6359724708152479,-2.845407349130838,-0.22885818890395446,-8.324120666775814,-5.493043721606189,-2.8052780058201523,-7.196424848253234,4.925023885375942,0.6904090176235304,0.10515838809467543,-1.4723282102438038,1.206212639948192,-0.2357699272495836,-1.8705932334713538,0.19418981405851532,2.553571915114361,-2.411403970557613,0.5360435062234377,-0.17259573076148843,-2.649528013267301,-1.7528598141895926,-0.21235614892441512,2.2079203892404586,2.505967393477364,-0.7800792851657228,-1.1264172457466222,-2.2174927020200337,-3.5199537391007047
-4.051481751315326,-2.8948520762849523,-1.9683174323273964,-1.2731814780929607,-1.7960107639116258,-2.4827622290112763,1.190077592024785,-2.571005816091658,-6.55341595211129,-6.169540712847855,-6.471116553587421,-7.088808003696798,-0.4851601571473848,0.7240294551460534,-3.59760418899642,4.561176639122396,-1.743948586488611,-0.4129321528832701,-2.074389400805276,-2.7390040974952545,-0.6427133610799589,0.8039541193380306,1.0984835756248361,-1.9122833781734945,-0.5387540903619589,-2.748190852209507,-2.447513211858753,-1.520995394997477,1.3305439662803815,2.4444319764176883,-1.237708536459194,-1.4025365275086725,-3.4592601032194357,-3.3102201452226208
-3.8336310884921545,-3.9518996070899366,-3.5158123184277876,-4.195139927521088,-5.355556153576932,-2.1804624508618176,0.08196110566298603,1.5217854586667954,-11.109247290362802,-2.672747867255604,-1.944042806181404,5.1037086103709415,-3.408723763647646,-3.5460589034639676,0.4883921457727119,-0.7367780957710808,-0.9889093200224043,-1.7604022608079986,-0.8002060635038697,-0.360899774984593,-2.6579556638255473,-0.9236406228365756,0.28964580519067906,0.1417307631340905,-1.1697071697603487,-0.7467124217213214,-0.6258861470794613,0.3293339386058034,1.9691437201483837,1.4773696260571132,-1.276395068121867,-2.8042937156985968,-3.4379026387641485,-3.3361578207421556
-4.417539194997964,-4.778839063739535,-5.533588914285504,-7.002895099584529,-6.275742675544784,-10.966321978077081,0.3852597729091685,-8.775434720270916,-3.471416618408745,-1.6798641277096191,-0.09343741806623115,0.42647744671850646,0.6657274249901499,-0.43231635703027677,-2.259289751211812,0.5154718862827719,-0.5089471572716646,-2.913149159433763,-2.0799850661213735,-2.8265502708725663,-2.456596386854618,-3.9390774880926167,-1.8967836799506976,-0.4287595012364817,-0.4122561737428024,-2.544931388012818,-2.9619381018828634,-1.0557174054426717,1.414248756184709,0.2693866482455456,-1.6133081672999179,-3.545591824780409,-3.40019958187421,-3.749897711379058
-5.824029264662949,-5.6632907168314,-5.41715834179342,-7.961096725460748,-6.814514064238462,-5.806165921353749,-11.086972803735302,0.9262526514755494,-2.782084620461565,-5.311248332566754,-9.499528666864208,-6.051325311972494,-3.215199522462741,-1.2801236209496198,-3.591435194834784,-2.831124501296606,-1.6067637743114103,-3.77320246432083,-4.014439147587645,-3.56591187630639,-0.5727066703288286,-3.9221593397360652,-1.3909033940217217,-1.5815197931497487,-2.39039051169516,-2.185443046606487,-0.91563906569488,-0.49691854497513754,0.04019016390066278,-0.3103483190165655,-1.8986795824848577,-3.487702041890187,-3.884760339280704,-3.803817185737657
-6.7617781909757255,-6.426579795615729,-6.551130991978227,-6.207112434979653,-8.270042968336199,-10.589544117218795,-10.187388401228176,-8.083819089876847,-4.169189880297378,-9.855182467851389,-8.968554289864386,-2.1612169736661606,-2.6130431391478766,-2.3135342486841095,-1.4910975306881857,-1.8266913748903792,-3.84805287472603,-2.696320607527612,-4.278769968924852,-0.9933926727590452,-2.9766455207996927,-3.3418473926935093,-4.27243119693522,-1.7217729885243762,-4.148237706754394,-3.806118091571677,-1.744663358494724,-0.9485113964733869,-1.8293851528389025,-1.1019069641750143,-2.717573457986129,-2.8482363082231954,-3.9114494647267004,-3.924753163314706
-7.916850122793016,-6.939895039909068,-6.460611850146088,-7.185414732046246,-4.063332316910035,-4.985844204362736,-8.631883845974622,0.9010252110023537,-10.267351126802756,-7.972589160156496,-5.246974834014998,-5.08137227304454,-2.353778752516005,-4.07294877456023,-3.7365059281365407,-4.595943560126413,-6.445751064295127,-3.4838046549870163,-4.482041999131208,-4.567558583816812,-4.441734734291601,-3.6049576588931025,-3.39908731926709,-3.0163339453981504,-5.129498701729058,-3.008767988838666,-3.8356793779268608,-1.475877081553587,-3.4921116107930694,-1.2571922508554474,-2.283869737857254,-3.5128814037707556,-4.191311262870825,-4.03988874519553
-9.164392007805903,-7.816731109245771,-6.667527341600163,-5.179449763973124,-7.54267462666861,-4.620767447253058,-8.480446674318078,-7.870109516681224,-15.559694989153476,-6.528464299636629,-5.158212303401335,-4.628914300523312,-4.409137371948035,-2.911381449936522,-1.0279945729970124,-3.6065027111351116,-3.5056914956200718,-4.670988635917838,-2.9941261357780333,-3.5302195733769675,-4.421635079184401,-4.874267824325392,-4.5015999767888575,-5.420986840645229,-4.249230756743478,-4.329792314255448,-4.332446036439359,-3.4393371339587184,-4.637481752263659,-2.826558216168927,-0.7311498371164246,-4.734221403532231,-4.894903213361861,-5.145119544181469
-10.589602630055673,-9.571882693335676,-8.172272175448128,-5.157452625161715,-4.345400854915315,-3.794077525365658,-0.49834402095729174,-4.673660557699982,-10.922177259135065,-7.513142676233473,-6.864026091943959,-5.209811041218227,-0.8364034388918619,-3.333101797161911,-4.482500676225894,-6.414026316977806,-3.736201481559782,-4.455294424954426,-3.357288752661805,-4.283529950627631,-4.333352614432219,-6.112053966913187,-5.825347097012084,-4.848362963834534,-4.331618549686118,-4.265044583546729,-5.072938855536201,-5.280218040168198,-5.732930870197106,-4.4227987325239475,-2.729595010294578,-4.111566523599053,-6.505850561008541,-5.704227522359352
-12.467211794945486,-10.263924026322222,-9.358067037809358,-7.727639218764918,-5.053857895468248,-8.357686512259013,-12.672450366785721,1.1183205278330015,-16.777622731443483,-6.395869890484751,-7.347689521377852,-5.841140222829355,-3.9679849792775665,-1.6708153747747228,-2.5171888800858735,-3.8992115567639662,-4.27782342345354,-5.876544921233526,-4.41222734082613,-5.009379121622201,-3.7084485188839413,-4.127553428768731,-5.238356218580777,-5.558857471404913,-5.0666441485543885,-5.322919789558366,-5.890927089876019,-5.543164017597781,-5.703570882729309,-4.506702689553093,-3.258884776639971,-5.858471682648271,-6.672719900690007,-6.717042685414844
-14.794078303366842,-12.15603586064221,-9.833580401182532,-9.692290092628115,-6.848315946901941,-5.759881506107192,-9.869673622561555,-14.499842196204696,-14.424831584831846,-4.688429519543599,-3.6927945933136925,-5.89612536844414,-0.7929178685809417,-1.3792652797025957,-4.778200077103998,-2.0203928006056677,-5.050438071505362,-5.259664627546389,-4.360171726157365,-5.6987296047745275,-4.960604850352075,-6.193417797844494,-4.923604115324608,-4.922619555216686,-5.173435131222748,-6.750699457959375,-6.218045663554306,-6.759486502993899,-7.257079791174419,-5.924687963725252,-3.725514690918294,-4.45853267302129,-4.276556341274553,-7.064227595612264
-16.132813907310208,-15.460426869760415,-11.847270692633,-10.192689789937916,-8.837071742487247,-9.62718598702574,-15.222163474615568,-10.808129735290171,-13.180413489979165,-17.662321972267573,-4.252123371931376,-7.835164337728806,-4.388295365441991,-4.7096031514032335,-4.98319398971202,-6.244983780953058,-5.837051520636717,-5.900871914869854,-4.790067255527505,-5.246408942143701,-6.197438607215691,-5.8269946270692055,-6.265375901566735,-6.075742652722638,-5.449337832102328,-7.486580920689932,-7.755401745530784,-7.407343035567058,-6.611028506864664,-6.113729641413896,-3.9918526961730696,-4.559067055681038,-7.600390692259071,-7.6854399817989965
-16.801006412316788,-16.667188240476605,-15.948185544995846,-12.451560205054655,-9.985168838098643,-8.258563199534283,-9.153070174012841,-19.56925238691105,-17.342893129385743,-10.564023432243609,-2.9508302204224948,-2.496069296024672,-4.361661944218157,-6.26482060684687,-5.839587210113138,-8.174901188202265,-5.619783149011561,-7.021886224820973,-6.146753141940613,-6.054761233802283,-5.683339284247508,-8.177651529785459,-6.720868946912687,-5.932761702927706,-6.257085328032115,-7.22789686170706,-7.319525200381019,-7.069998566346691,-6.5739341716531925,-7.004689553047809,-5.037126692249797,-6.457660742987478,-8.24882739260879,-7.500628989150875
