script/wind450m.json
{"header": {"parameterCategory": 2, "parameterNumber": 2, "lo1": 3.000054539987559, "la1": 64.9999836372058, "dx": 0.5, "dy": 0.25, "nx": 34, "ny": 52, "refTime": "2026-02-22T05:00:00.000Z"}, "data":
[rows 0 to 24 of 52, columns 0 to 33 of 34]
-5.600974797915194,-5.098314304590765,-5.1212717719600285,-4.890853623599445,-3.9481120246376507,-3.225923827618814,-3.265923408680157,-3.188347964140341,-2.7652314471183166,-2.295921960700585,-2.7857350595439083,-2.485346580302197,-1.8842514132673072,-2.9609060143571946,-1.8344474916731552,-0.5582334197666962,0.37972553654141517,-0.6569389676817172,0.32523546488955135,0.741194460069653,2.5704738641062903,3.4886435381973318,4.52551246031671,2.368250275529973,2.6625330744839353,4.119513044977212,3.580475624444096,1.6116370445828052,1.400267817171803,0.5521399794009774,-1.600649062909021,-1.5769297828747475,-1.1653320625570107,-1.4100064560253263
-5.255714663268841,-5.3419694511848625,-5.511042883634917,-5.267732459087218,-4.590294898819745,-3.9030777278213824,-3.75711243349911,-4.080837676013329,-3.870307402964391,-3.3124881928505845,-3.6241879032484965,-3.9565363808158622,-2.785625664058232,-1.3554888553233528,-3.0847587461079615,-1.8883172205398542,-0.4250157827569874,0.7462678196773047,0.37161732223926963,1.6445435529606158,1.073769675195182,2.725371566827124,0.9623812357447368,3.131602182291585,2.4600641045838207,2.6930015912014467,2.017392528526301,1.2902879108080567,-0.20367129483020566,-1.5352349786327104,-1.9994985380330017,-2.0679096017247116,-2.2357245756442747,-1.2551341787322172
-5.185109598179493,-5.59217298548153,-5.796645305135313,-5.320145186609541,-4.919151626902221,-4.52000468356146,-4.060211402596144,-4.2614757868105695,-4.3891827100123395,-4.390055541689165,-4.112850446665886,-4.10564019357646,-3.7062424288937197,-4.434991912275337,-2.6011450732552066,-1.773910177797235,-0.41329346644079945,0.499157714939396,0.23202537899987175,0.6646080706816512,2.001807151514531,1.8501133595474464,2.692262450941578,2.0346203114688826,1.6768626711528636,1.2624618518953248,-0.8933208794196908,-0.6863087063982191,-1.830797431197011,-2.772053526470468,-1.8518013262955468,-0.9309679954946561,2.5645266097998114,2.3857183439852387
-5.2924467043112084,-5.693281805759327,-5.76299616592536,-5.5922969709883255,-5.2047353611405045,-4.98285011777817,-4.526665141331454,-4.111854271698681,-4.607345445211788,-3.9717956548512485,-2.888550570014718,-2.471192409457212,-1.8424101845042082,-2.8348796174446647,-3.4475711724270974,-3.0984038789598163,-2.1310019655036063,-0.7228145425222264,1.064161372376758,0.8043114557086363,1.4655401449060161,2.165564306110596,3.5954250964683427,1.7479992551010144,3.1305833868331088,0.17557969463008252,-1.9516398366333154,-2.05480933528451,-2.093237505345219,-3.177075850483067,-2.1854614675252955,-0.3872922187363163,-0.30635650066448145,-0.868001438554717
-5.466866064591713,-5.314509753197083,-5.604391213941538,-5.119245570415196,-5.168686022696137,-5.253664075404003,-5.263937297645371,-4.791407832461238,-4.531253644267736,-3.431014854402812,-1.8070030365441432,-1.2833256607287342,-1.5875008792297742,-2.348738948481986,-3.1072662434382283,-2.985393208719793,-1.4404512556060325,-1.4490606921652174,-0.8464905916311918,2.618903797769146,1.510364564844202,3.165492950144913,3.320724605443729,0.15039235801942036,-1.1013130843041787,-0.6951904213076818,-1.4513694234168057,-1.8434358690166397,-1.2727305392665007,-0.18106182439312102,-0.17582834205805326,-1.6983907993129705,-1.9206497956299722,-1.5399683935877428
-5.303070805766095,-5.194810813477495,-4.988568061014994,-4.8067353208063786,-4.429278461780854,-5.14717564107207,-4.9149358543072825,-5.129916600083179,-4.046888318475,-3.8159345110435554,-2.658692701256652,-3.177415161411577,-1.4142086835913088,-1.903018193440636,0.7229582023534835,-1.85322963090314,-2.154820504901831,0.29587533387368475,0.5581957458492713,1.2382022892682818,2.699130331310384,3.8192673353654603,1.7139730058733553,2.6812319340476822,0.5694146802762854,0.043115603176100324,-0.2025087877172864,-0.3872971410901531,-0.752696942341159,1.069624451309901,-0.7377893755427409,-1.7006738360203186,-2.2986276384254536,-1.6175894363928245
-5.583133767843294,-5.446976341089614,-5.339288517709674,-5.0857123376811275,-4.122111181614142,-3.6389509046545028,-4.501327091570718,-4.1432201793994,-3.6307416258589753,-3.781824208681796,-2.2508425226546986,-1.924865059083693,-0.8301099280447485,-0.3441396419299242,-0.4235906836271561,0.5543210961539915,1.1829179022535534,0.8974955507902325,1.3811341660106795,2.0359915564560978,2.675210366485383,5.294091044354341,3.65066367843437,2.5408762697828315,1.1765762408382774,2.4052966207469133,0.013038134625983595,1.0121465868740287,0.6017070730113373,1.4072087912800026,0.35675218609150877,-1.0825554429949362,-0.9126354588146972,-1.4427399922876016
-5.832937468695326,-5.559514496996811,-4.792128686862161,-4.241415964561983,-4.324935102671973,-3.821166890112945,-3.099710957298379,-1.287467494228639,0.6321789384233312,1.2434910862714503,-0.6549722358953096,1.1022024829383332,0.8988003322611454,0.40909781159432784,1.5522893111536502,1.7382270602037957,3.278339575251086,1.4022191381791622,1.9704116038097963,3.638719785356849,6.479776082412576,6.500630762753695,6.907308257317329,4.112175694685914,4.72279257897415,2.343515998452528,1.2967010102532133,0.5419403067465658,2.3392010564052756,1.8176894079258406,1.5934062627971317,0.2196364852542632,-2.1692293293018783,-1.7442636938690639
-2.762505510641987,-3.343107443542617,-4.510791165348643,-4.759070202270687,-3.2629005997811507,-2.6789193946569134,-2.99589938807952,-1.9155017616349508,-0.7114917693625341,-1.6308871715727162,-0.5126728397897934,-0.18463141023810578,-0.09821414315469496,1.0276109602989427,2.1503941753767686,4.115984119027838,0.8216757181260576,2.735164391020532,1.7866174751274544,2.559506787771762,4.860996161254751,4.663695613515465,5.631457547834527,6.824175749003786,3.782177489699981,2.4650942022647997,2.416136817716633,1.667099715165962,1.9712180111495439,3.4275728324023906,3.0047277697421837,-0.3869978661350551,-0.8181710012830815,-2.1515763779725012
-3.022396513762454,-2.158727606144287,-1.5671315540118875,-1.7735378195809721,-1.993902317311641,-1.7883959528297537,-3.593957102099082,-3.107388456991739,-3.4135804934810756,-2.494594810662932,-1.0285670585579398,-0.3961510352471289,-0.541723516510881,-0.5727686546579985,2.2356874012325894,0.926972593147005,1.5074958866133572,2.725294962315531,3.350686840871612,3.3461697409300744,3.5483695931020174,5.567943626716939,5.81483261546529,5.707634728247166,4.157481126080724,3.6125420822958136,3.0115230722862694,1.8932395380510276,2.2040485308562556,3.4308569257774892,2.665807763133711,-0.33945593509888694,-1.0865415468714044,-1.9883691368821872
-3.083571183388037,-2.7363037826498937,-0.9476188218837047,-1.0521131563812212,-1.565227629392325,-1.7042166460349029,-1.9064363995816884,-2.971313961605459,-2.3219916138239483,-1.4275048152984193,-3.0091972009080252,-1.3838335346949295,0.5496455694510676,-0.21825062420409924,1.6632852558057782,2.373972991632767,2.996062218559169,4.286436981856542,3.72246925465931,4.238940347748987,4.142804746551823,4.03313938958498,4.0936603880691065,5.016283218075698,4.58446756827016,4.865258869089565,5.692619963622389,2.8753518885708513,3.7531994008703164,2.999954442795641,1.0254917965663592,-0.029208413673653635,-0.8281842507632223,-0.05887845467166084
-4.020076911218517,-3.0124419423135183,-2.6619069050407047,-1.6762203982246675,-1.3622520996138765,-2.137103470597707,-0.9444379647779183,-1.7883585010023229,-0.7008863813930277,-1.1627946044878807,-2.0331782397144846,-2.234958643118976,-1.545680673788087,-1.7041906278771677,0.19526541373581086,1.5649405778085956,2.6562140088125297,0.22659795379028785,3.753277724774774,5.032970956623828,2.844457886137306,3.402534337718928,5.365286918145663,4.0706126031689704,3.8251327461432867,5.432637524611607,4.641524208848706,3.455455925603806,4.373745978650239,3.557365724123069,1.429689187087336,0.9370085030867182,0.4745621936023644,1.7122695082219477
-4.952221491414415,-4.5710483476340364,-4.425568429819048,-2.5011824890970984,-2.691465716160946,-1.8777122370684045,-1.408926049426018,-1.9658108543409905,-0.9574568279456851,-1.236239281581088,-0.3611714064285117,-0.5526883334765831,0.28322021897008387,-1.4760539769007346,0.30534794162060025,0.874387091945006,0.8507745172318031,3.141278579830737,3.6071768598816623,3.9484410376415586,3.4377062991215395,3.9692091829768423,3.7833334103906027,5.706328427110528,3.69261915103531,6.4195553191122965,6.641863196802599,3.6907843498133017,4.686249039075146,2.8073000964315566,2.3918122768938335,1.5852802328039644,2.252314196054329,3.22600493486656
-5.53058875809318,-4.8762249623158676,-4.73769818510063,-3.825580311192286,-3.887672710497877,-1.0488041825766732,-1.3412576870719994,-1.1859908450824084,-0.476134412958074,0.4893649440359573,0.7671880997925602,-1.1127915318257453,0.8137531945792777,1.7314436572206446,-1.5852660100314495,0.3185648467407502,0.9737769326466108,2.9079059704398507,1.599042012903666,2.724705098647029,5.028874132562715,2.1265431416368394,2.617396766900854,2.3681521647516406,3.1833016119295867,3.1461990356218825,5.324710819624794,5.010122616965886,4.561278494723166,2.958135120812006,3.0494470048013005,2.2086481064800942,3.3492046732328293,3.6659016306113013
-5.507386841185754,-4.512987800734322,-3.4730992152972453,-3.549716707815595,-3.7023122627364935,-3.4647553744438304,-2.6497235741935636,-0.6382971323484419,-0.9795362784812883,-1.497069517980369,-1.7690085980579768,-1.004047121227584,-0.3792760940286615,1.1641910214101219,1.6920207847952575,-0.7083012654413103,0.8050339853977528,0.9949649151681039,0.23417803944879143,1.4289176632607938,3.429450944685815,5.007868450492834,3.297518788971483,1.9437377849380222,3.9246894489808204,3.311065301125861,3.067036738519501,4.159953446873645,5.411884870434124,2.3233877869398323,2.3701903917367027,2.6763003794234077,4.033543999222979,4.826904791574634
-6.508416812257153,-5.4636668971212705,-4.550262371287622,-2.8363515160448762,-2.0132065520723286,-2.6911364213046856,-2.025196047035627,-0.3009146327992318,-2.066616388145189,-2.78242438808119,-2.101604353012052,-0.6507189573189247,-1.423489156008061,0.7828161844128977,1.6526187274659887,1.804933270140794,-0.486589239222595,1.8625098584121782,2.051827409453331,1.6406323504289153,1.8730689080972809,3.7331836277643244,3.8581069014061224,2.245881777525654,2.03379527857942,2.361198077980793,2.612458277674348,5.569085641131894,4.210195798669041,2.8503257386026797,1.9113545201904427,2.385743722183124,5.172246602507661,5.549148240523703
-6.180967609529186,-6.032602336356352,-4.87274581058501,-3.5759533224171003,-1.861603359995493,-0.25071719585455404,0.979196002428513,0.6336896817808432,-1.7822720749219014,-0.7059509224651657,-1.0019257093010143,0.5181334448170658,0.4214232256751288,-0.7214778602156469,0.8049895671144683,2.2860377545402595,0.5802046365189757,1.1532739553184435,1.199830481006072,1.2641275269389203,1.6009305571573789,2.1099670311030283,2.4572300412239354,2.9422102491948587,0.2740563669166181,1.3361493786076941,2.0463188587117003,3.631052565145826,2.6820109459134747,1.1625464159217345,1.8397947526375775,3.4720261394053225,5.77871851617895,5.713000273105755
-6.085259437206585,-5.4893265415022645,-4.474102690576918,-3.511324394777393,-2.141432749493779,-4.604381696561174,-1.1543163211180532,-2.015975240153683,0.16678539186530034,-0.5328974473738699,-2.377456575108457,-0.14155019764102417,-1.1287070836062232,-1.4331474297164002,-0.3581582917813718,0.5277193640543403,3.037815971636737,1.780358732019934,0.9722206927024479,0.8916074403336778,1.1293699643312254,1.585502657534875,1.3188025189334454,0.4399350028172807,1.4316024875543947,0.22405314655925404,2.3485275253840783,2.361823317237176,1.7505463173233966,1.2590690335045471,2.5602285881890383,3.5953666997839657,5.484598120435189,6.350278923113212
-7.705472567278257,-6.309860937301185,-4.967131429171563,-3.4697071621172824,-2.37886269705756,-1.5622543429318025,0.033309170878446544,-2.5749577170525466,-4.832646342422659,-0.5222090599875469,0.24669205427761126,-0.8224761500340737,-1.0086544995812945,0.1370713193376895,0.0962765382177725,1.3744036256881946,0.9916386691451019,1.6000234427541578,1.8528256952821236,0.5136196752446187,0.08412684938211316,-0.6342395350186122,-0.347999211625809,0.24863735256436392,1.5076135557717163,0.37709633370836504,0.3789906481750014,1.0187784138808271,1.9345840955731972,1.5453228068588742,4.141645119004129,4.119474137496522,5.383870921790646,7.5982339420332705
-7.733179105579895,-5.529001135589192,-4.472493821702849,-3.6379272908130433,-2.9828692748592327,-3.0309326320168317,-0.7367660451604694,0.15682224756374266,2.02710023770883,1.0634167552273726,1.7378281983153394,1.0229946648562434,-1.3423163640594684,1.3574525504328832,-0.41366519774831,0.08452495661190727,0.3490163194663937,1.0385755240538916,1.1221792748793102,1.3356449342204775,0.4195050958966513,-1.684377048949221,-1.9077797205620117,-1.24484715435091,0.04576549390385287,-1.3079905126752391,1.118969220452847,0.3958458774412496,1.5288098951855547,2.5374721733119263,4.4440421797291005,4.375554717728658,6.278469952500122,7.282103121029165
-3.145655030493351,-6.467681816588165,-3.556657556865512,-1.9581296099854928,-2.5797004567559965,-2.8123200777534327,-0.5576686890914075,-1.2597624172807649,0.5265031589455194,1.3318804243690712,2.258685819830842,3.3581326711204316,3.071955963219449,-0.46257265185873675,1.2100371038954334,1.573446337694548,1.5193974803035653,1.04332062272816,0.4955857413057663,0.23121600104059242,-0.38732255427433004,-0.4467630963964679,-0.9132760077109566,-1.244524512112143,-2.8099808049622643,-0.6611015753439337,0.5745986794836032,0.08935888373140803,1.9274556372530616,3.32127211923671,4.295590316615933,3.8054406563178302,5.451966250235991,8.20042607702546
-4.272709440046516,-6.363114222330831,-4.342476063146692,-2.3627477496637344,-2.4314078963423187,-1.9162019069409528,-3.5384623951277487,-1.3516487618590682,-0.18086399224045618,-1.2334848845895845,1.3227860053240992,2.6739530481574634,0.6201592106300878,1.6653982029770074,0.9484632233142372,1.5548606860109866,1.997203285157276,0.9609890195871069,0.8358757474887072,0.7257942993128621,0.15012010277890486,0.30939812968294467,-0.3443876009482172,-1.6696026910239936,-1.6784718087860204,0.17332959286554228,0.08663194663381925,0.49512381975226366,2.5048284474437392,4.383514380989432,4.424619465559722,4.558393065413016,5.530109782676324,6.524696402037602
-5.525731103774215,-4.471095588399204,-6.165733832158374,-3.2756113470716697,-2.536486678897633,-2.808304955089118,-2.493738296117206,-2.2180096162835676,0.24365484430268566,1.0192690958738964,-0.43634723840994,0.31482340127060526,2.526270648042577,3.679238304081044,2.1486068293819454,0.440614351723236,1.1788801165597254,1.3257894194005413,0.8330116094849698,1.4417689553636313,0.5851118458121503,0.3003305282357642,-0.7024816578849975,-1.3639007127853033,0.7549723647734939,-0.20290726194721234,-0.041907227857816115,1.3702841134620354,4.067282986403247,3.915121223139159,4.166871434850226,4.596385615235846,5.938598167321758,6.654867099988763
-8.266037308544032,-6.771630861516521,-3.77893521251847,-6.200999167943598,-2.2715087342875506,-3.3422031790936413,-1.2922058975796293,-3.8107767633673357,-0.5378500263861223,-2.2583491221387737,-0.8924506106230172,-0.45925243771569335,1.7854897155687472,0.04256259482538379,1.404907163865157,0.37052764033983854,0.13427489628286443,1.1304044999926006,1.2835422744246001,2.1532379794095577,0.4203702703222454,0.46494720313323434,0.7409620053606493,0.09609875625257425,0.39004955928865725,0.4586973356207991,0.8399570421865031,2.5666506669929916,4.692124207254699,4.715005823582315,4.083691159653996,5.485419729477292,6.32982990000489,7.155889820554403
-7.347985920292372,-8.886787553715735,-6.401482807456486,-4.741127319027189,-4.034825364877049,-2.0476285885780583,-6.232790085354332,-4.472761253713708,-3.2221869870365247,-2.092870872166027,-1.8943629822819488,-0.7995437586342434,0.533373560587877,1.977833157362722,-0.5886641017463116,0.3231472567161478,0.5738785814233557,1.9733485416271705,2.2869673823311594,0.013077085025393379,0.1375700169886033,0.8381154559459262,1.6606265583769986,2.824537374202212,2.275506084800144,1.9649814488420956,0.6519205100380525,3.8878564046151274,5.501994732740698,5.068062678870264,5.308694340454519,5.911578766672707,6.478042694579136,7.16289290829455
