script/wind50m.json
[{"header": {"parameterCategory": 2, "parameterNumber": 2, "lo1": 6.000198445256149, "la1": 58.999992894266676, "dx": 0.5, "dy": 0.25, "nx": 22, "ny": 24, "refTime": "2024-02-28T09:00:00.000Z"}, "data": [3.0710004149788857, 2.6923784202209964, 1.666314901729968, 1.3780853551767984, 2.3116839592056655, 2.125816898361135, 4.980682352801552, 0.7328707604392956, 5.793550545833411, 2.3564509548677273, 2.0467162603945326, 2.539640482173058, 1.3298796706820497, 2.0860285360614768, 3.546696683181412, 4.0899792799620505, 5.598829577414078, 2.4567399012709124, 5.436956894635984, 7.51344273846338, 7.119258233761731, 3.3979155113433754, 2.7138510650828547, 1.5712892231768896, 2.327059933316615, 2.0364596097342123, 2.589278149733274, 4.8477340185862445, 2.2002210565616087, 2.293594529924386, 4.43243684000146, 2.676406349961898, 6.9054955683431825, 2.157262949629198, 2.8889950982283152, 2.9132499951202373, 2.7678419082049066, 5.273746545221767, 5.187702723465424, 5.008877210188144, 1.9526465772384023, 1.740967587403083, 1.5959363848639994, 7.258871427086343, 3.6008968918356072, 2.3461081776165984, 2.207073671300759, 2.378283635884532, 1.814743132791533, -1.4242559025013701, 5.7795325179958565, 0.5857970231510597, 6.800460525911769, 6.343214031271534, 2.411050028028431, 3.390960533767402, 6.2322659087063075, 3.5390983913526757, 4.118874886879254, 2.4070608700910667, 2.5932681094436125, 2.8905662713771267, 2.374434723735534, 4.709222617003522, 7.2921987338534375, 5.402982840482166, 3.9508083460163594, 1.6425790723774476, 1.9943065535085993, 2.057158339673761, -0.9641462935203404, 0.711627517771885, 2.406077850744233, 0.6845655938464479, 4.120288477818097, 2.0575635263964163, 3.2228188684864976, 7.194880355183836, 4.476006893220098, 1.659792405626162, 3.9651434871926607, 1.8391564035463388, 6.556664015711575, 2.6947526053717, 5.20721114115394, 7.687702355672287, 6.106289172042044, 2.2683857587015495, 3.255170181833514, 1.4182925185038358, 2.0354742627180236, 0.14407153433051642, 3.020805423841992, 4.189595701010886, 2.5989889915029054, 6.1588254325253065, 6.128083147413899, 4.442498963779711, 5.694020752222136, 2.3971057341966717, 1.3368625221449384, 4.2234769686874465, 2.1990832729941228, 1.8166559559408584, 5.488268521902762, 1.2376827143590627, 6.947412991717089, 2.388168014851125, 3.665562508186428, 7.288652523892908, 2.945402996491246, 2.4825065135691498, 1.9805517853178203, -0.9169332471949608, 2.692594207322158, 1.1911362928365434, 6.470513636215532, 0.6112350955927968, 3.937909262177513, 2.0329102289414682, 3.3289751855919896, 1.8411580413380102, 3.076004351024802, 5.333847977217975, 2.699664235038668, 1.3563874256539004, 1.966332105838648, 4.8324271476820835, 3.2881748425021966, 3.150255820320285, 5.401586770459672, 2.9344895170792293, 2.6151493153385337, 2.856009178872314, 2.157005113832995, 3.475561037868463, 2.4361826319724416, -0.7229128713203282, 3.925142963970004, 2.2536420275324685, 5.608429331212698, 7.494116674629845, 2.4492669592105707, 5.688157840812707, 5.672999495356883, 4.9539744103995655, 3.5177945049747983, 2.2295162975900134, 2.0160836271038414, 5.309228016362542, 3.741023417311321, 7.996475175198341, 1.1718377096591006, 3.5858192593320015, 2.955609748843455, 1.8348451701367203, 1.8248921489038588, 2.7199601481388367, 2.4624954306507205, 2.6398564834180167, 2.3456198128812384, 6.113841134414496, 3.8071574924693357, 2.5770447524425686, 2.550719607201911, 2.751723936589497, 6.134819293855833, 2.6046421630271688, 3.3663643447076685, 2.1639589795788208, 1.8180773141119417, 5.0346616093456005, 5.891255385095379, 1.767548119299845, 2.603252487774238, 3.1692076239275484, 2.8273443640318914, 2.0696860914509236, 1.8533259288947677, 2.0781501020025988, -1.3053581236034417, 3.2445457962299016, 6.305361300708154, 3.1993143160817024, 5.544620507640721, 2.161411068507508, 3.5179833329282144, 1.679852605120654, 1.6419966132127044, 3.828588222513681, 4.699523330514578, 1.9982556570049925, 2.7549768519839093, 5.020265561326289, 5.593956737350739, 2.9575760267318, 6.799842130353324, 3.7047718141776076, 3.5655764962357233, 1.2384987323786012, 1.6452618685010902, 1.4357894675170917, -0.5223685692002039, 4.597641221915486, 4.643375725755391, 4.0365039898515835, 2.577364979699592, 2.4962266786318206, 6.864034787629864, 2.7011061300016155, 1.8845064255933128, 3.225643616832092, 1.8476509222891893, 1.7884261606748173, 2.2795896287209887, 2.1665969474841096, 5.313598553554602, 6.234469235899015, 1.8581941443564647, 3.6697251611134525, 2.7476027727770913, 2.325705213304201, 1.9706280809511163, 1.926372180750916, 3.6263928181634983, -0.21036528587448466, 2.242291783144419, 1.1594339527307036, 5.554324522061983, 2.1748536442631647, 2.2744778357375117, 5.453987557673221, 3.841794870376254, 1.4649103191255315, 1.9976325326352593, 1.7470036346971132, 2.3436186236855177, 2.2009327938691103, 3.3343379781760976, 5.550214159908594, 6.7586295168268835, 6.367113746098316, 3.045635202209975, 1.7664252673681886, 1.5942515917463924, 2.040571756702445, 1.8821327274778072, 3.670292444918421, 5.644046964467897, 3.4736111529682585, 1.9339809701846893, 2.408622835331169, 3.01235245704058, 1.5795091616103956, 5.375548508355211, 4.3515150305839585, 1.9625313104074555, 3.647593812857524, 5.600735826321507, 1.1707107396083516, 4.1928648950116365, 2.091960426008019, 1.046103913832186, 3.6410435960192333, 3.2879593795302258, 1.8644336097051404, 2.6416615405624855, 2.2081732801779146, 3.5393916981214075, 1.351567754865207, 3.9841536520446956, 5.320173948844095, 3.4636060961550044, 0.9295479627143128, 6.903941025296199, 2.6442209877896263, 2.5763408653323454, 5.681945674182157, 1.7806138608074331, 5.361125222580475, 2.6239381193933675, 6.335946366517064, 5.431729273067228, 6.7407349439254585, 2.5368396536342623, 6.9348787184084975, 2.979509486403333, 2.1896652028746995, 1.5937121702184454, 1.756117164416885, 1.8589821955353145, 4.834342101221081, 1.6338100619129678, 2.6721952466323775, 0.865305689368222, 4.606332545553121, 2.2163627757656674, 5.427742653033157, 1.163828137431188, 6.034810457560829, 1.7829380458661481, 1.786083611849563, 3.3045943504620108, 5.892818273440224, 6.232101678178697, 7.647711555829319, 6.741399618059014, 3.1399931407641906, 3.326206987656348, 1.699836922492732, 1.4879775121170313, -0.20640461084486544, -1.984013275945424, -0.26134851888958743, 4.912276342645638, 6.299269674198322, 3.039245446087408, 2.1383320103006302, 2.822276395182861, 2.8644501153953406, 4.168051909678883, 2.5387396008747567, 1.90424117159567, 1.6871477190441584, 3.338522295026906, 3.4702979235206355, 2.0472837363124907, 2.6532980311495113, 2.7883764329929384, 3.714023594665746, 2.8854762259552347, 2.662728030924764, 1.2295856548607367, 2.9356014725608435, 3.6103920153057794, 3.5487949431183914, 4.752283485812003, 2.9031387808445395, 0.9559143298340641, 5.8409694233359755, 2.0368581256084157, 2.107871283059475, 6.159512204512632, 3.79363674722989, 1.9617984463452915, 5.061368094124309, 5.3456810167839155, 3.3730961657256033, 2.6367294262863177, 6.564163699525434, 6.9206543415969675, 8.367465738340119, 3.1985431862954745, 2.361828322387948, 1.640822967849845, 3.2832117959106113, 2.29196397951966, 1.4710889774705056, 6.963963461803197, 7.919563014555753, 2.109524491047912, 2.8994612242973252, 0.8140561548329037, 2.8547528171277046, 5.186681789077039, 5.36486572891585, 4.345857404753074, 5.500368500619276, 3.971367589735437, 2.168412877112221, 5.316613479959642, 5.830118230366207, 1.8920978625081073, 3.243840251196531, 2.635595638604581, 2.5337468284247677, 1.7841869040779779, 2.0484367337033693, 2.5965291607617083, 0.1896274175907149, 6.098551688131357, 1.3322908609735826, 1.9634976200539311, 1.3626502286375317, 4.824846530753426, 5.375260734092385, 2.688857162298174, 3.321406251651386, 3.696427467591332, 3.7595327931759237, 5.3860691716842615, 2.9849293415359104, 6.748097762306646, 0.7612764907837216, 6.95484858168569, 6.0810553831980165, 3.0933075090923636, 1.2852975977795866, 0.5805579493092292, 2.4881223273027873, -1.1763154060933976, 3.25525174634652, 2.392800517571923, 2.576621997900693, 5.463998318835817, 4.176067280557782, 2.5388995722826433, 1.4342394556031917, 1.6921872439181662, 3.3698357022233956, 5.717533638541157, 2.393933697408779, 2.4234320124740374, 3.7561251440875028, 2.1129219064756892, 4.992548007745645, 5.261255487994115, 3.1818848009249647, 3.4741167480596853, 2.1884525690631094, 0.8767187352208662, 1.694495954391434, -0.6388588857956468, 1.2618925187142989, 2.254211954146309, 6.79555682015541, 3.3458470204739386, 2.4497134335198627, 2.9606427116248755, 2.5349601700355335, 1.5424747183963277, 3.444570603664462, 5.429047032878375, 3.9202262874005327, 2.236776401441291, 4.750254789556691, 1.8363609713905753, 7.484001142309738, 1.839098833122301, 7.872011545765073, 2.613324773898954, 1.7527037857490242, 1.116588735935291, 2.5153044162342715, 2.576543794525785, 1.8663713178492929, 5.6462537983474235, 2.2052622497413337, 6.228949985184377, 5.379841884916304, 5.141700152940024, 5.675651303506355, 5.856786909082171, 6.409030693040318, 2.9725394217257413, 3.4267761733267426, 1.6478914499817805, 1.8432434807959854, 5.147610758090971, 2.5466298456737975, 8.08012552377682, 1.9220710476153566, 3.468296670003167, 1.9694637990142485, 0.10864014085573373, 1.3092011877504177, 1.8795371241582561, -0.9815970776839055, 5.071085213426895, 7.006972758234639, 1.9248437103357863, 3.185174883419402, 3.4425791931198098, 5.758200583054891, 4.133821325407974, 5.482930965641348, 2.854635252639081, 2.1948897373358984, 5.561806220706637, 1.6631644878937268, 6.954029944836235, 2.906888242894958, 6.015548952978846, 8.529193108989011, 2.6712306101153773, 1.9525392127646828, 1.8997623285579563, 3.7958060596866465, 2.973131448570349, 4.759751343637799, 6.558822060280639, 1.8423692942385528, 3.132256840561208, 5.45192080948844, 2.206501279412637, 2.592486384569521, 4.025101549294559, 4.657003878789312, 2.7024305176461634, 5.1258379182358285, 5.433716911571775, 2.3115125282159417, 2.1015494045939422, 7.540325855520864, 3.3643840600904396, 3.383957377258292, 3.759560628499, 2.2009221122628224, 1.6699932651700016, 3.680318760108957, 0.3173196562808428, 2.9456441604844477, 0.5806510454405523, 2.0299422652912766, 0.7512588493864834, 2.860160471070037, 2.9875589709382893, 1.8729194274049343, 2.2638065561003966, 5.39783800161924, 3.120270129640514, 5.727848966935378, 3.947017049496304, 2.9816759508688078, 1.9243339691660655, 1.6043034132718592, 7.848850015829917, 3.8938203397881312]}, {"header": {"parameterCategory": 2, "parameterNumber": 3, "lo1": 6.000198445256149, "la1": 58.999992894266676, "dx": 0.5, "dy": 0.25, "nx": 22, "ny": 24, "refTime": "2024-02-28T09:00:00.000Z"}, "data": [-1.0193802265360596, -1.0773000305578964, 3.418421608639325, 4.19781658678274, 4.114814956585144, 5.2109582948518325, 2.1385032725703472, -2.9092778198437057, 3.692048965308638, 6.514376516073232, 2.057546254455166, 3.728975029234493, 3.6955570114538134, 4.923196964139651, 2.3525221147079822, 10.656348189455413, 9.29514470363821, 6.188502958869764, 3.4070694354030633, 3.8626896524511314, 4.185022006410512, 2.69719610101971, -0.46411195514438386, -2.351559485671402, 1.7216835553172678, 4.5856443089039995, 4.2187734415135445, 7.367571357192499, 5.393977507774562, 5.344057492607022, 5.644161795041143, 1.9906402248101642, 4.82401845118824, 6.262322098657834, 2.3688991838584768, 5.233360864369084, 2.1367329676713678, 9.89136479561199, 4.7020996037725755, 3.605315131974753, 3.7980215492098197, 4.082337096548959, 4.229174233962243, 11.04642415891961, -2.1849358225259143, -3.3465669895645345, 1.8350769470238038, 3.992580185131872, 3.633377430671252, -3.9207104642204555, 4.390174513831191, -2.609349806671437, 3.980627960571149, 4.456290385626757, 6.571406406600607, 1.2760041212858348, 4.418699429927438, 10.338175168703657, 3.0841481929055816, 4.460710788031395, 7.525343357595732, 4.317308377192825, 5.832923494542899, 9.041223390352204, 9.138161555270852, 4.222176680347174, -2.3180532127782385, -1.420949035153524, 2.069056918496361, 3.794785752420297, -4.534526984789441, -0.16104811621373447, 6.243959576481762, 0.5625341730246353, 4.889196909821085, 3.398864959984094, 2.6410765124056077, 3.647456249254053, 7.931696716401676, 4.658830916756106, 3.7061621742157658, 4.588860614892968, 4.744622012905915, 3.896531811239754, 9.750946811052202, 4.073266012899824, 5.110395540345224, 5.602255694632278, -1.0513490180726122, -0.8678671515798995, 2.440156226777346, -2.222967659611687, -1.057716704661037, 5.415840769007026, 7.015853866368293, 3.3025513331034984, 4.24027128779112, 5.161619042304028, 4.185868881270623, 9.996186002919808, 7.297569465057569, 2.441729039354541, 4.760854238242043, 5.375144293319546, 4.390544826683734, 5.016519197424229, 4.960976424036086, 4.97462965424671, 7.018522439790989, 10.779487736474737, -1.2067401837331697, 2.677701702838352, 2.5014427137495976, -2.538060317516543, 3.077776547147018, 5.354459078742182, 4.173003111862247, -2.8177479712777185, 3.189632206205768, 2.569627171045486, 2.8167648979119733, 2.895965858854364, 2.5314525928763207, 4.141077273347984, 5.442886969221702, 5.123951951736619, 2.6846090928179374, 7.9831181737149794, 2.5104806986127057, 6.841250352713885, 1.25020723157194, 9.450631896676883, -1.1207631841679417, -3.208135633288398, 2.575229304667713, -1.2675509561244773, 4.073301141587767, -3.8205586054522276, 0.9371188827059826, 5.704963305318515, 3.8669426335771147, 3.7356262123177286, 2.0978959818509764, 3.806753052012271, 4.150009369985471, 3.3233864510838624, 4.403309283372247, 9.254459501292862, 3.0266755056821877, 6.811369854722949, 5.372985519083372, 3.653585115955116, 3.91439349602381, 2.6739148344430035, -1.2844896113766089, -1.412044715103977, 2.8008395163674384, 0.6774009278225152, 3.895841886625651, -0.15039317651577436, 6.923724983857253, 3.262907600288554, 2.3105455443344436, 5.075006311301493, 6.601428521819574, 3.5508822440620778, 4.414485802526567, 4.41708119259392, 5.703060686387636, 4.645740216715672, 4.749766839464687, 4.0748204764580604, 8.900810883711237, 4.450282948386743, 6.56940740185125, 1.7027592280206252, -1.2724052348346393, -1.136900673984266, 3.4776182300507257, 2.412618609514023, -3.40729080264173, 6.461799992240421, 4.60667185209111, 1.539409959311239, 3.7377840587931104, -0.5439334466274585, 2.7519181783865316, 5.111893530019042, 7.821641949711474, 5.793315626698982, 7.452635122910269, 4.611678866390476, 4.153959285541475, 3.80194833950109, 9.78929153235155, 6.025642813026987, 5.440189986971234, 3.253286223957669, -2.140275476394108, 2.35800089803156, 3.299310346825546, 4.109849389027368, -2.4137966142841956, 7.145654618310291, 1.4916881194283464, 5.509112621077992, -2.2181866213340102, 6.187167721746289, 4.831386256532054, 1.1889059736986274, 3.1926141164300703, 10.010924004581247, 4.782091533720959, 5.257236102804157, 4.646583464562195, 3.65248034846689, 2.8015199217219666, 9.922484465322691, 4.7063979178515165, 1.7384971183815068, -0.8264383235548566, 2.4422829906734225, 3.448201850476591, 4.841694313862237, 1.125371736386596, -4.288053169371285, 5.404655423506031, -2.225361600402519, 3.7866682832252745, 3.448769943030873, 5.9169938475850845, 5.385762442214854, 2.239209301131194, 4.71257394576425, 4.0183235974210865, 7.055955662317172, 9.087918152394895, 6.176801304004021, 4.262600486421949, 4.519593179140465, 10.9889593505326, 10.020591289699713, -1.1860239241700001, 2.4620835122104374, 3.4372307463318332, 3.381110185397775, 3.63647180376318, 1.55540862773122, 3.6800438929441603, 8.492726387538259, -1.6224142742879857, 6.840833872675358, 2.7192714636599207, 5.279444452749485, 4.616843333792768, 2.6338908966415193, 4.848988439821299, 10.470898222542498, 7.662500945542483, 5.05678511562234, 8.838142810308797, 5.884875624422082, 3.5651570736227867, 2.302851865592242, -1.1250252052996645, 2.4652967477262844, 3.598764224197657, 4.1833234777845565, 5.332023313883036, 4.9156148930523145, 3.669706821059306, 4.4515213368572795, 5.284354519881802, 2.2129817069577467, 4.866748502940824, 1.1965495261645263, 4.491810408222935, 4.000636193221369, 4.584535876068219, 9.391259637967845, 5.763293937713437, 5.891211309082007, 8.721386650560884, 9.251986133732437, 6.063373940808406, 8.893899570747655, -1.2208506053296018, 2.19577216210093, 4.296939930084998, 3.7234555563450744, 3.6478311758916098, 6.246003841364415, 5.280635794704288, 5.061313005819819, -0.17713140285706452, 5.128789410398688, 5.86545028681935, 4.517733276386822, 3.558126909119968, 4.6315071347677055, 4.197361382135879, 5.439541287272153, 5.062361547814158, 5.337651822125481, 3.620599955296074, 4.0018148727112735, 3.4224623864552757, 2.59096835758823, -1.0464953334104266, 1.8195853077181043, 4.222821194646806, -2.1073264903332167, -2.7445632736440033, -2.5398221992718906, 4.284031278109436, 3.276739111006416, 4.752329896892167, 2.441719194182168, 2.589638711305943, 3.625313531974716, 1.5485701147136621, 5.127733925198361, 3.9404831582208453, 7.876977088731411, 3.6110185146192673, 3.0798531015069996, 3.9765903427398617, 4.856632417548534, 5.045299724640288, 6.152784607942856, -1.237315727388062, 1.4459589241913464, 3.6918815871139237, -0.8691344076915947, 0.6491945747125472, 3.427745780981385, 4.896829009821669, 1.7027202921960494, 0.8020773823586494, 4.478311358218824, 8.895986718467972, 6.169471282734401, 3.605810677946822, 5.292581019101285, 3.599886204305522, 10.174473459043417, 3.9158156514652975, 4.450338059258079, 5.461725443114989, 9.620380333203153, 9.09137473674906, 6.287402125427335, -1.2036821477114183, 2.5082346751074147, 4.2836271618995205, 1.9338360164042174, 4.041318916076081, 4.917733989592718, 6.729675521587865, 5.785654066315104, 5.230689248193593, 5.104695526747792, 2.1046769075351177, 1.220533195067703, 3.4301119578230326, 9.269971984911988, 3.4908705199182015, 7.856820306689371, 3.3626112095789233, 6.076899472649526, 8.211059919150308, 4.33724217065867, 3.918677371696679, 6.60762883917057, -1.2623531570330147, 2.74692876251013, 3.9758129844086474, 4.323966959801485, 4.223321865080996, -5.183465067129242, 5.727111027684517, 4.789267713402783e-05, 1.5777384882480865, 0.9459246542281777, 4.879193096304761, 4.658173085679685, 4.80804029991368, 10.097757106168292, 2.469739599130443, 4.6127852095409185, 4.702021128446829, 7.568471475109957, 3.82704944937136, 4.2665768289020845, 8.708381322645566, 4.723803300730715, -1.1366663626250129, 2.5132027211916435, -1.954444643448586, 4.800040732600891, -3.1621918595348277, 1.4448359132960755, 6.150246901730094, 5.397205249184347, 4.610703739845356, 4.8883477890604565, 7.527273668121476, 5.884885673321811, 5.1179484011346466, 1.9420631006303677, 4.0333965610384706, 5.939464727256497, 3.8741837525831935, 7.452997977084999, 3.7933968479453624, 8.832211356492676, 1.148205215349115, 8.553756342184634, -2.1397222468574633, 2.3352859319079413, -1.881443662246422, 4.259836516130477, -1.924000787041628, 5.138871165661131, 5.195084732326619, 2.8578625679144496, 2.1468188220985995, 1.9677237358863369, 3.112219244304498, 2.0520911934406056, 3.686455677714905, 3.1817802898781586, 4.5077784155123535, 6.043541058073412, 4.430357646293887, 3.938610724593715, 5.1653248786430925, 3.8210436711380256, 4.823809060021583, 7.875305962219038, -1.2016508336772582, 2.6680526718470943, -3.6440268101759434, 4.387079657109334, 2.0694853781185794, 5.122761407461604, 3.5786211747612824, 1.5438298903595555, 3.875201917242446, 5.047552380999601, 3.974171317081036, 3.942010599474261, 3.685901114390374, 4.005539890847948, 5.3019941541812505, 4.906179047563624, 6.0433017658720996, 3.3382744264752104, 9.056692239563732, 6.158920194296715, 4.825486074406481, 5.4819707756217575, -1.999865514482349, 2.3967822486955828, -2.358583538742417, 4.531668297615701, 5.069295314376117, -1.2072714737988126, 4.5974833424167505, 6.893243661155755, -2.038627816140159, 1.9343713324611502, 6.5049586483195405, 2.3473192427202094, 3.7382644247807835, 5.1920540719906105, 5.549087745954628, 6.309943216583178, 7.65665663610875, 3.826256658893886, 4.048698131508396, 6.368800813772752, 5.088510607683555, 6.448847647752969, -1.171034481098378, 2.3469833834114318, 2.837347854668745, -1.0488524640913484, 5.036010976112255, 4.971226474007107, 7.511206890774558, 0.46312577997414367, 4.704080467012843, 4.936224089779155, 4.43804025212291, 6.732555703794076, 5.509757763503297, 3.34066286545847, 5.454540371499043, 4.403745649801922, 7.286604011456263, 5.850041173965911, 3.7971003749457704, 5.303931181593608, 5.625608532108778, 10.043186921320249, -2.229918746111271, 2.246114194327832, 3.4058360129429976, 1.660653762139513, -5.1644579849731125, 6.60811536857355, -3.484262812605624, 5.280767473958883, -0.007627415810705883, 5.022382364266942, 1.1002789006129963, 2.9866246667826966, 5.517095399263644, 9.562466162059582, 5.175973600130323, 4.420651945674394, 5.886904641947088, 6.072017545630701, 5.319185799171231, 3.9497850445674727, 4.082663060572722, 2.496891533338872]}]