script/wind150m.json
{"header": {"parameterCategory": 2, "parameterNumber": 2, "lo1": 3.000054539987559, "la1": 64.9999836372058, "dx": 0.5, "dy": 0.25, "nx": 34, "ny": 52, "refTime": "2026-02-07T11:00:00.000Z"}, "data":
[rows 0 to 23 of 52, columns 0 to 33 of 34]
-8.803371502999825,-8.879485114818994,-9.827983978583925,-10.523566812236638,-11.103979387288621,-11.682257220377561,-12.125973788261586,-12.197479296658091,-11.324083284912945,-10.758949574153437,-10.751810843147243,-10.599803281396849,-10.072655296344479,-10.220723229720102,-10.066299747845088,-8.094493923939648,-7.749276529725421,-9.134183202729083,-11.516661619847275,-11.621537399532995,-3.8483355772971573,-0.737451703640511,-8.293269084600023,-9.548111923106168,-4.853819636139571,-1.930528995654645,-4.468663709675291,-6.200428662649467,-3.5483960342401306,-3.066213701462808,-4.282439799193797,-3.693221030595709,-6.860904141345145,-4.521619628263341
-6.323354703276546,-6.7038125736436,-7.67488494118332,-8.604499965399684,-9.666219378829412,-10.644519467768381,-11.485490103823823,-11.896978064046456,-12.390804461024878,-11.806727392055402,-11.61442126818039,-10.914001918803418,-10.290047183883493,-10.43953256828566,-10.258223514375938,-9.884457112801131,-7.624812747469796,-7.760600769653914,-16.890302570074905,-10.94726398482844,-16.464694978533167,-9.597442733065716,-2.475898038821631,-7.50288694359947,-1.51247577329254,-3.6755068556318986,-0.2650363365547882,-2.7259363068450493,-5.829158298861349,-5.301162815819558,-2.150988133667426,-1.4695236959999118,-3.6053494923444886,-7.24902350791094
-4.555655692270614,-4.7885114434609255,-4.9765764341542305,-5.413407546388504,-6.438139992528634,-7.799894497112022,-9.561369855451483,-11.075950279966722,-12.288260688577381,-12.533334155061102,-12.443476063145091,-11.959336910292702,-10.318513340547392,-9.785893396266305,-9.790207869384098,-8.922550856398832,-11.952428217736777,-14.543620743427294,-9.723282697508004,-8.142173386404297,-11.130021105215658,-4.762933723325937,-9.464183668141686,-6.133667451398002,-5.835471652052935,-2.5879292389388366,-3.9624963108675586,-3.472699157491836,-6.0962716445161265,-6.272347113080827,-5.21892348882518,-2.9644777696915225,-3.3050238932579927,-6.4157990119618
-3.57840853164183,-3.850352514064326,-3.8413574644549358,-4.406409464242698,-4.639591248449032,-5.537774587791588,-6.733750984940601,-8.186760865060329,-9.35052563593159,-11.975956521635187,-12.7617038687201,-12.501209472556889,-11.647950776654822,-10.23289884297022,-7.401903323832918,-12.225066524538851,-8.65429396514747,-7.534468731507659,-9.364397752412142,-5.091780074902328,-11.808353091337684,-9.29104422875024,-9.013419618415057,-4.783749651531943,-2.4885254685688047,-1.7032586590107603,-4.062096830076095,-4.582380469549403,-7.55284170959571,-6.209591779172373,-6.209401575179861,-4.991189227005235,-5.210998221037117,-6.385161982947647
-1.528735211051727,-2.0177317169212827,-2.580549651978838,-2.998924324146953,-4.029006440313081,-4.158008836430377,-5.114132228043875,-5.766813193053386,-7.033696102885104,-7.949706945332532,-10.628499646255412,-13.182254365868163,-12.192887896012646,-12.550914324005394,-13.495320264152772,-11.772012657920511,-7.983760379982863,-8.682191358483298,-8.329992485758318,-11.341477346358264,-10.97511264490851,-9.501169982982793,-1.1549975205181153,-8.19391034372736,-4.612728281218514,-5.586517756369479,-5.27217793111531,-1.8860440964856036,-7.799585821239627,-6.2624856694233335,-5.400537181277626,-6.879456690805858,-2.772112669476221,-5.284349456911333
-0.22587555145530067,-0.18112939196923117,-0.884278133186944,-1.1711046568443493,-2.12999783381248,-2.4412290054205137,-3.518473652679218,-4.4726638858101095,-5.3749753391978725,-6.485548898566915,-7.865300027935043,-10.566444681101778,-13.056473484081225,-13.230801357901386,-10.076178687076236,-9.67658728142199,-4.262126627042796,-8.719454292007208,-14.811463836758486,-14.755539321319148,-9.104019921480596,-9.195369737110218,-6.0122415939772065,-6.200655580320448,-5.957632921038654,-4.535504001193306,-3.933131671362431,-3.630659875611656,-2.859302433228061,-8.189148522104027,-7.611281602816203,-5.382914914908522,-3.8871054008515005,-3.111622785328466
-0.5036346953295001,0.6917784296338986,0.4214671379822504,-0.14446963090465256,-1.0214715960059917,-2.099978477690407,-1.9943215731489263,-1.7561776942561336,-4.6377778350040915,-4.08299316393103,-4.827637653075114,-5.347550495486505,-9.99252065192014,-11.387560458768064,-11.737739597269838,-5.854557376582503,-6.38964376154588,-12.281875030031335,-13.197018951741672,-10.69089227028866,-8.227210299211379,-5.727798973266847,-5.660182042949936,-5.420326424692933,-7.335080867789263,-3.400101029584475,-6.114133313994696,-2.9839743208746605,-2.719981045598666,-6.427178781726861,-4.245036764507009,-5.672458737423614,-5.065478293450372,-3.3810202039589226
-1.510483042476286,0.3217150665663056,1.03846504669597,0.5477323486361291,0.12518474764681994,-0.15338729747662852,-0.9578659963287122,-0.9131069327220361,-0.9720869683603452,-3.967275231406903,-2.1067421569998963,-3.111602506029324,-5.013299534694401,-6.254997161645211,-5.579019853119274,-3.1891598206674026,-2.4350413742919925,-4.104999248360696,-6.101087054074026,-5.755228222473609,-6.7189890819001885,-5.432444139542896,-2.4693223895007366,-2.843377483337445,-3.923843481361293,-3.0904918278721034,-7.241131834974685,-6.555342032432949,-2.4672905926826796,-2.3431396140040506,-6.409468962155979,-0.25466168837831366,-6.0479327093316995,-6.409360083671117
-2.770867417010109,-1.9698314617548758,-0.32052488849626565,0.6630456102394598,0.7419344250783066,1.196644770096642,0.4623282048123965,-0.6624090934540218,-0.4715656049252141,0.4855551554925905,-3.9083377538969843,-7.5868590446669195,-5.711709535187934,-8.054373132551321,-4.797199261210497,-7.1799752283077956,-8.614801139781918,-3.278861916432843,-12.060207195965207,-9.125971349503686,-7.667497553670996,-5.1124425795715185,-0.8080141411003563,-1.8719674423635762,-4.981348941527021,-7.054645629343625,-4.632318950873012,-1.6883358016487657,-0.33988302265883846,-0.5873646641655158,-3.970139883467809,-3.5862807709754176,-4.708695066562926,-5.851524502108659
-3.959260547189289,-3.6374439098956435,-2.9707146709670735,-1.4886187646367695,-0.6480878721679387,0.39838722797318044,-0.2260247463694886,-0.8329349922554711,-1.330219361352163,-1.6334312045163646,-2.967608754246207,1.180927869227928,-6.082160854809713,1.325021316325549,-6.222873564004976,-5.629789180108422,-2.891982024946728,-7.125740666476066,-9.312366861977619,-6.742316645206822,-5.940339288400032,-4.221628573977566,-1.7912977983951603,-1.9695994205726486,-1.5808639783826544,-7.809830236738928,-5.024083525036496,-9.463255144328414,-9.280249036895155,-4.804636830405805,-0.3735403263122302,-3.7785122972165404,-4.425790880835687,-5.125097636930444
-3.501008829683739,-3.2355614095073277,-2.3526663251509015,-1.717234840844322,-1.8200766553881464,-1.584379472642006,-2.487408911706634,-1.9552772325339012,-0.7195311152764651,0.8412728474207664,-3.5571606184783144,-5.9760184045524305,1.3956661337285703,1.5462307257014232,-0.11265324652007883,-5.315792403586491,-0.18560447233486518,-5.059606603803757,-7.87878019694412,-3.6337394955379643,-4.02306288800838,-3.799938364556438,-6.624963824937132,-0.9020224426158155,-7.082495589552507,-1.5435418134496706,0.5780883186298192,-9.649612155664508,-2.81987657139934,-3.7332624966681527,-3.2620677482551637,-5.036229571523956,-4.9225553038475445,-5.195906696990906
-2.971886741971157,-3.0734230092736685,-2.4047801189634894,-1.158200189521993,-1.5478029271797809,-0.5391290164911471,-0.959754564755466,-3.3302791130669163,1.2354034376893275,-7.809408740064978,-6.959705268992193,-6.863795971306619,-6.185723886720367,-1.0809377024534175,-0.616767165257674,-2.540204364614467,-3.6361569674195477,-5.28083971622051,-3.0299184326734774,-5.28775061719147,-6.758732330116608,-6.1550024775728955,-1.315265253821502,-4.485511047530939,-1.0145212386379,-4.392973206064813,-8.886354727810566,-7.488787939968581,-2.5881713817443486,-0.8347802930581029,-5.102955240835471,-5.786444352723049,-6.96394702466091,-6.611841368310331
-2.7265253825835902,-2.8985251616608116,-3.0222678348185226,-2.720758752495301,-1.7272499284217768,-1.8030731458257998,-0.3623325748976975,-2.2216076419668602,-6.5290061582014625,-8.510696855505174,-7.538804422295661,-8.67710050913588,-2.2207969388730953,-0.7704820650325848,-1.4748652098508275,-0.10442506912804818,-2.825897099937201,-1.8784506514800638,-5.11670788825076,-2.122530176396447,-3.8949800681981954,-3.718092967918992,-4.572999065075243,-3.2711641199006434,-1.4663109274420025,-3.5140830981930486,-2.2593371912416824,-7.986770297384697,-1.5278323629313768,-1.030082002372205,-4.710403494241296,-5.6131459371240044,-6.025847293693599,-6.439822993181606
-2.9921024456508403,-2.8618963061223197,-2.948641390210289,-3.3589253894625837,-2.3773458968252257,-4.85377358160996,-3.0083329684757008,3.1356911802218623,-10.646651503495516,-2.59268686663908,-4.851719476676455,0.4800466339436622,-3.113919431610796,-3.348313915030587,-0.10333814922317415,-1.0652021132623837,-1.6903539638001595,-2.9379710642599544,-1.7036115761121888,-6.000853370606484,2.5017829128006595,-7.285100716259412,-4.364915408498722,-4.263555281171431,-0.8381607214703058,-4.536001769422666,-1.8247334453824873,-2.4982592973902125,-1.4083000480616898,-0.4939758349794373,-5.153132139542778,-5.655969246523127,-5.670799876491077,-5.2872974643663015
-3.4927650996768085,-3.0600504055693825,-3.2479677105147187,-3.552365651408378,-4.133771729896413,-8.469449028745773,0.07462689379024562,-9.16230894708969,-1.3608873495852936,-2.595161943670579,-2.1884114678839555,-1.3382775040529928,-0.23961439400798248,-0.8080281406242938,-1.690929331147737,-1.0009897827214147,0.09518641634521799,-2.4955976719717086,-2.2122093319678076,-2.3906379944192166,0.26176413444722524,-2.140204764467101,-6.938443862764391,-4.6263677050297405,-1.0817108480579756,-4.813171943988455,-2.4608732976375163,-3.094895845246619,0.007575186641782517,-0.32795213304807797,-4.664284313707635,-4.949910123436029,-5.41694732558499,-5.364465576104336
-3.8725461988188328,-3.1287640136970403,-2.8338595899504098,-3.3107091552789893,-3.7044745379729562,-6.923460992838885,-9.268467810024717,1.8320631586111908,-3.5656032072987207,-5.772111852674827,-9.836166732363823,-6.256535715168249,-1.6856593643089006,-2.0783116391334264,-0.9120621885278295,-2.5585431399313867,-2.7087005942890556,-1.2793760096670093,-4.68095781084113,-4.6411484550129165,-2.5788385318532527,-1.8246366057557162,0.19418148228232968,-2.3327096504751177,-0.9090985110259938,-2.6437564231633575,-4.52331276987994,1.9937791204046547,1.47964489287544,0.8389550608222163,-3.265988123569374,-3.429404387547858,-3.4498164237238025,-4.2148280852271185
-4.233364114144868,-4.194614082369858,-3.9381322918852772,-2.7660602491410535,-4.562141985381688,-7.100917035101552,-10.874986141221683,-10.069771815553459,-1.8415711982280605,-10.564489052989506,-9.412858718368843,-4.103334671225749,-1.2862346868384926,-0.7370578028636426,0.07000871664720751,1.3885118829044374,-4.909667590145593,-0.2748114719842937,-4.349173622429677,-1.8401049854688658,-7.0004251003287,-4.137314011313282,-4.2198888841692,-0.88145071995825,-3.4700783049923802,-2.3774080601706338,-4.809679241326683,-1.7713429408284218,0.6561545944280052,1.0717353273842827,-1.9832951642886365,-2.6666891619956004,-2.511509259980537,-2.2857871261549283
-5.0725704033057655,-4.15263396309174,-3.933955798783615,-5.074505698736247,-3.4046193931724793,-3.977433199417833,-10.614294114119224,0.5256057297070379,-11.374522819857136,-9.190929903976949,-1.6133765477353799,-4.9695194889159415,-1.5323599186185874,-3.4169445716646027,-4.10286430376844,-3.4715702256122145,1.0428277941588817,-2.1075063436815618,-5.802309545263879,-4.934769627891983,-9.48354425247783,-2.3365077402865624,-3.646341221817273,-4.149062172345788,-0.30424729940251904,-3.5195257021946396,-3.161016729861053,-1.0917188178793333,-0.1429067031987605,1.769530838278931,-1.5432786522480875,-1.7771198347940302,-2.059464520792928,-1.7590791911558328
-5.679152039924977,-5.098756964585862,-4.056062494243937,-2.6662143240336302,-5.306575019181752,-4.351783335998579,-8.445924301089443,-6.140212739804003,-13.594521025825863,-9.523953286746314,-8.069734183794736,-2.989312858159092,-3.921571725626199,-4.7986275260115,2.428171056907206,-7.216163243328641,-2.6390012619559764,-4.00791021527946,0.4495421914261968,-4.49198349274573,-2.531432553055513,-9.077205611230616,-2.7088073426713777,-2.555513145203318,-2.376578467618149,-1.3314631990071537,-3.8452584715338194,-1.4812455301773322,-1.5047734692459775,-0.07997925207916601,-1.5833150648192649,-2.252268087583476,-2.111537356906254,-1.9083384763095457
-6.711839770970403,-5.234888450718231,-3.439119237457532,-2.2303746578017267,-3.1359375923893227,-2.9583469509112152,-2.267663391513183,-4.514018994973492,-13.216256162525303,-10.697691893011411,-7.764828149218309,-7.777549220398605,-0.09620292098048594,-5.704197817382922,-2.5152137860012633,-8.235535708799867,-2.7828041240600903,-3.958629299306556,-0.38857681781500525,-4.21257559337483,-2.8186221893536625,-4.546499221980712,-7.646967367266369,-2.0173213739162374,-2.195800309091239,-2.242861950746155,-1.1750708514741748,-3.2196287285657323,-1.8499098606737696,-1.8324069655596484,-2.921870052044586,-3.079296048748227,-3.3351303434939683,-3.2259793361638005
-7.091416163562704,-5.7288421920317205,-3.654445628262528,-2.810755142988583,-4.652267700743455,-5.58821352640168,-10.097503007087537,-1.9885406608874403,-14.494503622982453,-6.306083569766621,-11.63655223397118,-7.328227598616626,-6.292157238627104,-2.1039112183766884,-2.2513147925963377,-4.900617231297012,-3.630927895232039,-3.0276575399381107,-5.470642518788206,-6.229067781139933,-3.4482136388500684,-3.5813956023620643,-6.421191427962445,-4.609017659215962,-3.943400656720174,-2.8414669213462176,-3.3374482086979977,-2.807018449244736,-2.3658091873055187,-2.9623864553246366,-3.6545599551932577,-3.844840058057367,-4.4519727868712655,-4.775444030614463
-7.353993475903531,-7.082969109265968,-5.510379507295864,-2.476914914434432,-1.510105836741516,-3.174827391412507,-13.413479955131677,-15.991342722980004,-20.092364306665555,-2.9768419537769883,-3.2993119138106746,-6.98254746542445,1.9656226812399338,-0.515748288441932,0.45753751072958565,-2.505381184196304,-6.0618885125409046,-5.356058342925489,-3.7919939377628262,-4.189218431019069,-4.458164392731411,-4.4149245354644515,-5.49003619068623,-3.673421310464554,-3.831913103409754,-4.391852056098927,-3.5144982917723304,-3.41015851694071,-5.051751151248349,-4.853363018692773,-4.011384693379558,-4.404509346181451,-4.437760145351734,-5.903021981813346
-8.249797187174396,-7.405933089096349,-6.309503450575219,-6.4208397616474935,-8.300843361734268,-6.935833119686254,-20.089219885671803,-12.309182166998122,-14.182664140816096,-21.06806401087678,-2.1685019703109853,-10.193170398485636,-3.111453096645774,-5.637705410001716,-4.580877750187896,-2.973938692690781,-7.318828395140568,-5.497617921796698,-5.026626069897179,-4.801466185939611,-4.786003100217979,-5.114502140008088,-6.460141328553818,-6.069027368749358,-4.268267538713911,-4.315794884595925,-4.5868764477875485,-5.6202050390975336,-5.086212066242152,-4.770773584929037,-3.7187657159656955,-4.387527439749174,-5.877130261000531,-6.798411714218225
-9.915646241056207,-7.846971049558289,-6.6046364839735805,-5.678546805023676,-4.5911947141011415,-8.198763463735693,-7.429211283089633,-26.462624649406145,-21.879018882499643,-11.36988645035825,-2.082210463097596,-1.6676952364698898,-1.805150276185327,-3.9939022766104206,-5.264253284521724,-3.6080773041991216,-5.13010735479185,-6.610973729096043,-6.314528740647523,-6.720984414940599,-5.401616588368342,-6.809885157344006,-6.696939109403238,-5.794415015856101,-4.715535900697681,-5.33020200203024,-5.929160557850304,-4.991617631735588,-4.824495336153902,-4.136947643487144,-5.055985839543356,-4.404985299812083,-7.0127541490527525,-7.520591738865858
