script/wind250m.json
{"header": {"parameterCategory": 2, "parameterNumber": 2, "lo1": 6.000198445256149, "la1": 58.999992894266676, "dx": 0.5, "dy": 0.25, "nx": 22, "ny": 24, "refTime": "2024-04-01T09:00:00.000Z"}, "data":
[rows 0 to 23 of 24, columns 0 to 21 of 22]
-5.063458639414967,-3.296540920640396,-6.450050451877791,1.1181375661432202,-8.724196471867641,1.109806395649636,-5.930980908675121,-7.480701801898801,-2.8294955634589134,-7.893280861623218,-10.769538055783737,-4.868256258641624,-3.3778877264380975,-8.037996183391012,-5.64385681387473,-6.295473679211275,-15.101498572341576,-5.828698074928401,-12.814217531701674,-6.924546028724801,-9.964855408278849,-7.082775482988436
-7.910790000689254,-1.9526502517906112,-6.758512099326388,-7.963142112623993,0.42687396022924895,-0.604364672411386,-12.710468744754682,-1.6462922715735495,-8.545499552673178,-5.3087325290311345,-4.738047214019144,0.12549906294759644,-10.947928672821899,-6.195021276530142,-4.750778452888655,-5.648151530721342,-6.159350070293131,-5.539918101830482,-5.32520606133204,-8.36521668955565,-10.075047516101874,-2.422161919973153
-1.234243277517726,-3.562990277224639,-7.138459066906608,-6.07217150314421,-5.809095905776411,-8.077241223096413,-6.193344547717091,-10.737317378020878,-3.6520146012294403,-11.683409178629274,-0.475907554188992,-4.581262925076336,-5.388147039379484,-6.566616671207639,-9.311337421710263,-2.0342546360904357,-1.7375348598330065,-8.281121528695424,-5.410118034523622,-6.128959391824479,-8.945619724275275,-3.353913318206472
-7.549714888684954,-0.27820539630012764,-7.185921669021013,-4.966429716882581,-0.604722963236772,-4.206897732383734,-6.839126846674174,-14.401802014636583,-7.939755073485535,-10.357468789937156,-6.015006357299133,-11.367718198079103,-1.3991331287552118,-7.247200905339905,4.176495838075623,-2.9028515324614883,-6.066375563522111,-3.208884927670164,-1.9752460120541686,-8.503647914786859,-6.780268587325219,-8.161588572553342
-6.105461518630063,-6.77816995379563,-3.6353046985991324,-9.452294051598704,-4.420193022761868,-6.3738619137240295,-7.282189582634185,-7.18145922330334,-19.471884309801908,-3.8138177558825377,-7.67609731579937,-4.739884450984937,3.141955038330991,-1.2794299753772147,-3.2012604814676284,-9.677075417159461,-2.515407054638699,-4.222886087574929,-2.5480522758046416,-13.779477590144612,0.6640219707824832,-4.288807603438496
-5.738476674383649,-6.5125185864185555,-1.5152550404124787,-5.763104807165315,-3.592083625681001,-2.2878855031117196,-2.251953195938917,0.7372222145512631,-7.101108758537321,-7.66460381155751,-7.125634111260861,-3.8983405030445026,-5.321657028126833,-6.605758035194522,-6.082496360143534,-3.925835565005551,-4.80590125833087,-10.935823600361369,-11.401667955748938,-0.5759794306325945,-4.134597967674378,-3.0180921552609243
-4.081567998048685,-7.78945734783891,-3.0496295823555832,-4.882549451456068,-4.8642257583816315,-1.3460853511865833,-6.853823857636913,-1.649489947141661,-5.560562145958954,-1.4991611657054627,-7.7723430968123015,-6.682568952767141,-2.0955943254784275,-10.907218780726922,-11.64303163673993,-8.50590723284425,-2.5014946440263177,-4.855981192553339,-11.612367232539357,-7.45443130991363,-5.945434177611732,-4.86603347876038
-11.975589577270854,-4.092984770146411,-5.404233410712205,-11.832019255055629,-6.016129075581889,-6.670738915531996,-2.304912286562298,-0.7075156867197417,-2.4203225638425416,-6.248144091352279,-8.999659263239096,0.7889933374289404,-10.26245406306849,-6.5256221778626,-2.78427188898598,-5.407067958691095,-4.252410433727468,-8.417652885388975,-3.121302216772079,0.5940905114624595,0.5501364217662471,-1.3560014994504102
-7.620901011962542,-10.504436209371423,-6.86938727357105,-5.38687224045112,-5.014814830118738,-7.0427420201712705,-4.981703978828634,-5.265720992994499,-0.8940751661269675,-3.681434510840573,-6.542003004616357,1.1576020734920964,-13.462797703835164,-1.5043731443629587,-5.344175495397751,-1.6175958136064559,-6.109373644602245,-11.364162491343121,-4.482608092224033,-6.6641673813061635,-7.332928839932817,-11.265807736334734
-8.373519345218217,-5.844823107218916,-5.677797192965324,-5.117027557321439,2.3051348199164523,-5.716066164008193,-6.22064881368427,-7.303899345781857,-4.531324323226226,-5.9979435118058,-7.680505827941752,-4.77699009188392,-11.789617124834654,-0.1982067002101428,-4.497065246491222,-9.204125952496097,-6.9891158513316265,-1.1906849638426769,-4.271873163303896,-3.6307198784263313,-5.8291544840066445,0.24268416534496434
-13.920806006098394,-12.701258110940568,-5.658301214794033,-5.992220244198162,-6.350398268960855,-4.4287987538706375,-4.490100420534282,-6.745114015410282,-4.599286002755403,-3.502976330816439,-7.719439047408337,-1.9569403805479435,-7.099365392195713,-8.735666687352879,-7.584982511425053,-4.770107738078777,-5.574794225560899,-5.2603313936142815,-4.062106797317129,-1.620506978320627,-6.803235859705053,-1.8897053817865106
-4.501270211135688,-8.314449933843248,-0.18743372913889247,-5.806696580975719,0.25800489754785144,-6.55177018204183,-0.8078928535728439,-8.000472503279987,-5.9153232907874695,-4.935974577896404,-3.8868947969282335,-5.077269573812504,-5.7598338486309215,-5.476986568288523,-7.004346322890778,-5.9944983581990465,-7.583032796847267,-8.052068226316477,-4.558776753079709,0.6275684596230907,-8.247608575196764,0.4108114168855903
-3.576724088202126,-8.733735949147116,-5.582497370165592,-5.941948524737343,-4.765643201232289,-1.7537035649079256,-5.324458585264181,-1.1262242539417626,-10.118787290224843,-0.8003160511624587,-11.020825889988837,-9.953192492930947,-5.118683314467576,-5.009989628469165,0.7395053375986477,-8.381178370387511,-7.70256593163997,-9.047800291952633,-7.2524216089286,-3.957375418093441,-7.351210600916475,-6.046952301831535
-1.6706508287658905,0.1967346760646208,-4.357743686247687,-5.494750578665567,-12.863177961690614,4.000410696367114,-7.433899887749191,0.5650813464517304,-5.947440230207411,-7.7445198065219945,-4.0926020988803735,-3.566327737724227,-3.1963102785948494,-2.3935098184747465,-6.037322771408529,1.1231154325886081,-6.814368289890974,-5.354111571328905,-4.59916557698025,-9.558370369432911,-4.050236850401963,-5.594017775241339
-5.250178666980568,-4.797129563001937,-4.705038503243591,-6.331735012937485,-6.476064325776951,-10.977803706505618,-5.204401688975434,-7.032234147342128,-7.543564071651231,-3.449633676682488,-3.7841325706207503,-5.911016596937879,-5.514383179605762,-2.08550689148964,-4.312880728055994,-9.369509562629679,-8.515497173482427,-1.044200909862728,-6.454740129978189,-10.430775846209302,-8.811456171004632,-4.936828277291908
-5.910158554208773,-2.346241418676733,-6.426988577915487,-6.877368162415687,-7.795110701515944,-4.893123561388361,-12.449173579922899,-10.365273047383033,-5.897123125111198,2.2913096970769096,-5.698956568004666,-5.592248294731825,-5.433739842544183,0.2483097449445684,0.7204262228639947,-8.469382549593066,-6.062099815846262,-4.9387204272563885,-4.814181563024726,-17.03078944361955,-2.2870252459877056,0.5125082389549469
-1.033533596968099,-6.849355619548653,-0.8098963081783125,-7.215216061839187,-4.067838861092505,0.5635582738330366,-0.8164014528107854,-12.426303527732442,-8.753810570374915,-3.953332201351685,-9.714632647211348,-7.847564735044229,-17.56521371829553,-4.757894467992204,-5.029148624125315,-14.674678155530655,-8.610286786244261,-3.524543642014298,0.6447514509150845,-7.537771009843465,-16.02189075504647,0.59099599558327
-9.565886093714044,-5.887206740710083,-4.050905266170722,-6.373236736114882,-4.2277301739151305,-1.3626998556157788,-2.588014789400791,-5.197088938058535,-5.081169196514893,-3.998049668935177,-12.666754706991657,-2.340630990242958,-4.527311366502055,-9.321951405293618,-6.947135014332964,-9.727947796583107,-6.620151902239013,-5.382138979178048,-11.882212272559729,-2.917982210789505,-6.6731821034694665,-8.21480701650436
-7.299627954276336,-1.5269832859821222,-4.573555451175016,-6.919186666741821,-1.7625665492194977,-7.6161934847263995,-8.690778304737352,-7.308526519437907,-0.7788588650256691,-6.289418672738037,0.11550015220451008,-5.965292719559203,-3.3438065866686912,-7.87599693533867,-6.780190540520006,-10.951089914952735,-7.563950527632588,-5.875200855085362,-1.8844199954154115,-4.65059052759021,-7.401196156222205,-6.10368123829322
-4.944595740533358,-2.6141102754540135,-3.46209300788923,-5.1468614136905995,-5.059514144076575,-7.062334158278062,-6.073930939885939,-10.78756667450679,-10.588603278777153,-5.534877848653144,-9.786899573917974,-1.0030373297181803,-9.139573738151734,-1.8266719341346684,-12.414081124170046,-7.787126965883011,-5.495878660029892,-5.872024205163884,-0.06537507820982907,-4.50249789012114,-3.195835955230055,-1.4053051375051608
-5.662659025204903,-6.03607316930803,-3.3385975750260184,-3.9943953446068052,-5.203522551405941,-6.395366004146515,-8.827982129726038,-9.11890102282478,-2.20313486406868,-3.9661178156467294,-7.09332445406121,-4.054031460802862,-3.4297966302365284,-4.421613243162929,-6.80823981590454,-9.515609058911672,-7.4229413049491555,-1.2314429937003921,-0.46520625305721847,-5.832368807613487,-5.731080398757228,0.7702007974632005
-9.14159247395548,-7.6872359071141965,-10.076272321854304,-4.623861994494882,-12.828441112958224,-6.3146244340836315,0.42399600465959797,-9.38497166660411,-3.9911381392089877,-13.82183482202024,-4.422775950416955,2.0998144758264985,-7.473726210047771,-9.028082764788616,-7.181656156766933,-4.128137099592447,-6.489649383294134,-13.979486366773184,-0.41371825035515836,-9.155706283301635,-6.1148630035611795,-3.1713503452655347
-3.9208218731166924,-7.560567669243432,-6.213795200976941,-4.68210539419287,-8.240227732720363,-3.521899510904731,-5.627588319032348,-9.99545647403025,-9.456976649724831,-2.2000460894691813,-6.355998812626221,-4.491307753189644,-9.354357296296019,-4.362791110429405,-3.3884866796474062,-9.769106103872433,-10.960147083197915,-5.538675074396549,-1.008590597687304,-2.938283262358286,-4.343567101795217,-5.7208475789417
-1.6565554547834342,-3.3348326855316013,-10.399705083150687,-3.6649822487451735,-1.5286834112916283,-1.1647674174249643,-1.1826167467045758,-0.3414297367429624,-6.142757269943764,0.37699030477732137,-5.822334130824411,-4.440175461611254,-6.850361971959209,-3.639675607086184,-6.159388442185931,-2.9527084990931893,-6.7502434723615545,-5.096543232838702,0.11210102606750441,-4.094690800637372,-6.346939864196597,-6.238517077368462
