script/wind250m.json
{"header": {"parameterCategory": 2, "parameterNumber": 2, "lo1": 3.000054539987559, "la1": 64.9999836372058, "dx": 0.5, "dy": 0.25, "nx": 34, "ny": 52, "refTime": "2026-03-06T17:00:00.000Z"}, "data":
[rows 0 to 23 of 52, columns 0 to 33 of 34]
7.675150139097159,7.682733929675963,7.879950649456423,7.695364518950206,7.470384677178887,7.4728764651021065,7.783076771673847,7.968998579877764,7.71792373297508,7.943450055769831,7.807770521435939,8.189345718081293,8.283584789345984,8.426440343434452,8.523991099146476,8.710285164249495,8.703534211540038,8.53086628079805,8.56196068803161,8.496710342926889,10.297117216974437,9.838126890649846,11.773828705452322,12.979853083745502,13.152919208963295,3.7651099394173557,6.831162679065566,8.806996780703452,9.10747284299511,10.08640103791597,11.65093915616959,10.333850740072974,9.7505604091656,10.79953915211672
7.026358891484736,7.3291714939380075,7.401786874137133,7.098520308444939,6.689571918655984,6.958903640572655,7.199374754655859,7.082270208670447,7.203581594213627,6.968926699789792,7.142753557269683,7.3052338014886695,7.657619290830862,7.883668633821983,8.102044337255228,8.080093590072487,8.14420579446002,7.81437330119966,7.795062445554388,12.400744950898243,7.82058154392011,10.95915120838855,8.224633475984442,11.90783770238578,9.791033270933912,9.867127093192087,10.315481667248147,8.23980190981737,7.88075027249064,9.976899364641826,10.13554027297542,10.346253672545703,10.136066622008375,10.371716276601283
6.236654069995665,6.679659052373247,6.566335905512028,6.257364085819403,6.132746923363034,6.4010132226589285,6.213792537711681,6.406123123084897,6.3728947637471824,6.254585650552374,6.389761144869099,6.813866253000813,6.807720009511599,6.983299789518425,7.098396527194675,7.040142988413555,8.442249992861981,6.707502087717006,6.7170653948876655,8.930680287689444,10.011528544331965,10.045197253741547,10.153198281673372,9.614904428861545,10.442653697052297,8.945454150810782,7.161087314159435,9.508837536827471,10.637251507863631,8.703224914373564,9.653790177418626,8.365247625430213,9.677188920633984,9.815387083888682
5.550589504730902,6.048835869990369,5.779202622046817,5.473302097076099,5.311895112954609,5.3555301450447645,5.595377381380364,5.305754131688365,5.222354767745478,5.546964782225238,5.954021171793364,5.879888019963184,5.951437631363349,6.154697966375811,5.937401428681634,7.255493362723946,7.204523700245467,7.232850870530457,8.042367901111302,7.66876688830769,9.056007854038544,9.03070506600672,10.234326678974442,9.717750544499186,7.257131017415024,8.762880675946084,12.02010115731387,8.753769015400072,9.13787270685722,8.866781738286125,9.384897352819875,9.09044351186109,8.095428769192145,10.116930490384428
5.1266585861426295,5.066990213624636,4.853840640792626,4.753621084408309,4.841826512676136,4.673939480749784,4.607344100734505,4.784186904787356,4.564411765647698,4.954345470753435,5.2678177849153185,5.629088951371965,5.265871641231048,5.5000854023947605,6.229027998684588,6.587933216390861,7.536837627993994,5.357177869847103,6.798180016801673,9.374572213108735,8.082111409569617,10.286281515003378,5.513230368012373,6.679990017223449,6.735316103176068,7.87058628880536,8.927652680099792,8.816007421469424,9.438279039823374,9.329014385558423,9.574485422480237,10.797207367860644,11.094559956407892,9.814562725520853
4.691240358298715,4.101976103524229,3.8435621501611257,3.9739112185047194,4.124216247005509,3.8608393418880653,3.6891715922590484,4.4508770555779025,4.011530409774213,3.965049757131949,5.381349156252397,4.787886516944486,5.134565622897444,5.095520169670219,4.120374541056766,5.54251630364056,5.573288510448638,6.556674203914029,6.546034256346931,6.212748166648336,6.978883563150311,8.090124608104883,7.593688705777987,5.604456999683125,5.634542052760147,7.102587652999537,6.5833620614555635,7.561288857473684,8.453071759550216,8.024504072106323,8.80957868965477,9.057359565047102,9.271393215928363,9.461506965900867
3.5801859392934707,3.4339208832329358,3.3752338602548,3.053457736187027,2.612476521353435,2.6990915700892093,3.4270655167614903,3.105300888745567,2.8354195900506136,2.5405167132899904,2.6766450946206266,2.102177159030762,2.378150276723552,3.379072820545045,2.561246844877792,2.814127880306197,3.6517323960486836,4.7764836201332255,5.794348066667057,7.867801707062629,5.251319853459832,7.138920078976705,5.3498022107655006,5.182466851034297,6.327218401450501,6.933085726965353,9.737698357100479,8.628268388006134,8.651549970137703,9.61019040450735,9.906646962354893,8.771105659851958,9.514412884476247,8.216105295692273
3.3180772321944545,2.849531903371375,2.0768717958844536,1.6965402745090687,2.4025823036904965,1.7363659407512488,1.2598075957065085,0.989920731465267,1.4077712720708677,0.9476030849617787,-1.4563534384646162,-0.5060823300954419,-0.25057345030857164,0.8557750273989827,0.7328208622748495,1.6452668774033565,1.9750153906592989,2.932003073562946,5.010172213964278,5.847809941249026,7.204978239546381,6.016132162303121,5.981964329613419,5.1871216260419075,6.699778266455566,5.878452320946343,7.625606473086338,8.258136788648905,6.232402037802944,8.71659034782663,9.452774846919217,9.472714698676336,8.97079761429894,7.3180148819679305
2.3280928759401744,2.2975561350213334,1.499227789468893,1.187497997236183,0.5015614809975862,-0.5649833984659987,-0.6786533444963532,-1.3063675760155637,-1.5603743807071002,-2.4477841753772567,-2.126554407316557,-3.336186051903297,-2.7121272943394783,-0.9447363881278033,-0.33823662063496873,0.11042992325602063,0.3973827583248658,2.8351791743921564,2.3997820739049467,4.800279953818051,5.744169270058661,4.795839878577006,4.524904975401046,6.325954375310722,6.334495728055052,7.004481333514584,6.484890815046599,7.741183663800011,7.484189226490964,9.449873461997237,9.764777509201844,7.415342731942879,7.841784386711549,8.214006039343513
2.203554337293255,1.643078171902431,1.3981212295497756,0.8402803528178696,-1.2052073684425322,-2.2404121126975065,-2.5192298045927077,-2.7284230243938143,-3.5237791615861886,-4.630369785518518,-4.735167414998892,-0.6916316684354626,-1.3194710559018012,-0.9537230796870748,-1.1792226602165268,-0.991947001871789,0.4745526425276178,1.0320626875378252,2.3049559744257375,3.319889742549138,3.00892216994091,3.389193962709618,1.7789184069483481,4.512956699159416,4.934379409149493,6.306173290046552,7.480989472420288,7.99398988555431,8.689869206637873,7.177150259952265,7.79321096769254,7.773926550622478,7.234353449294504,8.126619476205097
1.4149083695168567,0.7980787865725903,0.1315494869931402,-0.2635325168729352,-3.319437605296064,-3.7813500298341016,-3.9306377030270467,-2.3973863968001186,-2.885713212501121,0.1719928956991505,-3.2936519968407585,-1.1089258987056652,-1.0263969023088682,-0.225638492625453,0.2989685397231297,0.3328159320569458,-0.6690326269417776,0.7530310874066148,3.2964369151842106,1.2941689071251392,0.8983213797283793,1.0484679735506721,1.64528906727657,1.736211974854505,2.633080001427892,4.571358579538664,6.27676595209909,6.676672807786823,7.835871939321667,7.377720008010479,5.49716266724974,8.052437373096822,6.885897411753672,7.308224778553292
0.9465675919559907,-0.40343206738816034,-0.15386245882131508,-1.623786653003879,-3.4977174007269567,-3.2232809376785316,-3.837003859082978,0.07508505184936017,0.876243176139908,-1.7493901296044214,-3.597618748735379,-2.624461787466518,-1.7533400705588074,-1.1125419844134072,0.06832751593111125,-1.1065429058183796,-0.2959467249742669,0.2452035199926829,-1.5919493470593187,0.5366004219643279,1.51794071805033,1.3669952399281389,1.8596231052116134,1.4176247848035577,1.9850680780019385,3.4518421277926454,4.896678637219548,6.777545697559609,7.308709046129633,6.763217323490181,5.236345864100342,5.3990037157027615,5.736250071941927,5.348767422922867
1.148086553324617,-1.2711722354897523,-1.5379565925795697,-2.970979504624998,-3.2695684726263776,-1.5669894997590568,-0.916523499105919,-3.2856116546850527,-0.8392413721240741,-5.035862762427847,-4.652257091497662,-2.5335700647722335,-3.837525145703551,-2.0028907479792,-0.08303122948980342,-0.9852606089920625,-0.5604069330190113,-1.521407003537951,0.9895384159478013,-1.0519531778877749,0.4932393869178512,1.3290955715230748,2.0391442692679562,1.6576571919666994,2.9685527210072835,3.9778308760167733,3.50070533437638,4.5964862991720405,5.027078491723106,5.017388719666045,5.524543537896653,4.5074491721087835,4.016668776246776,4.2267348018771145
0.32838555352313,-1.7924127860199248,-2.2115264671042323,-3.2320181912541703,-3.7122175596344906,-3.0867415708277752,-3.8703034057475842,0.24571579652034342,-5.419034965608879,-4.511469802016383,-3.213438822762811,-4.197052294345157,-1.1377730944778204,-2.293447877366553,-3.171204505286618,-2.4593315668957882,-2.337940120310507,-3.308428693481779,-1.5494700091420723,1.1432960273453734,1.3927860269389871,-0.3397440469150479,0.572543298393306,1.4676046702643277,1.8238214136667181,2.614926229256305,3.870977874153828,4.26937262060246,4.652292168310897,4.184558143085022,4.058874109983674,2.7258076743655946,3.738990001140629,3.5611935300336426
0.32096076490071,-1.695799437497551,-1.6478002510959204,-2.1287686449555867,-0.4828330451702507,-3.219990624546973,-1.2857607530350486,-5.443522268199531,-0.9214512557928788,-1.634272953931758,-1.9621521925944871,-4.275978670103134,-2.6403508352597065,-2.9793907111937212,-3.770274295197657,-5.6768731165986575,0.04339600787189212,-2.675036134287739,-2.542946675970161,-1.0876554625974184,1.0322513786211223,0.03152004760994377,-1.3098021519759493,0.11729389225038579,-0.005638600320192981,1.2820262615892364,1.4599072390945977,3.1661099590470245,4.142077614318722,3.480812097038018,4.083839793358012,4.149734617757866,2.060903037416791,3.836400736294148
-1.1044093704614157,-0.09666363832997593,-1.3381705776982198,-2.5506918721818126,0.1567592969852696,-3.4370640741083904,-3.117444089000753,0.1819967295726153,-0.826123631115761,-2.3886411709680475,-3.256999421290272,-1.9109615406411824,-3.7071303857671913,-4.335901951739171,-2.0314208641927927,-6.180733898972168,-3.0686621595885635,-1.756084564177796,-2.6058250509827374,-2.8766453599262976,-2.475237452890171,-0.6792840098454331,-1.795329018434127,-1.336688697195981,-2.3217608925424793,-1.7574655307747862,0.40192985511210977,4.022091963665229,3.4108026348188094,4.123715638785916,4.543962434046799,5.238975457905766,2.015334859562832,3.643530616188534
-1.2032155527435395,-0.1648442110555698,-2.566230620522744,-1.0965256158040924,0.04005010469434286,-2.4999025581492154,-1.8797180850416781,-1.922070810319422,-0.07913364977195259,-1.5361949145766336,-2.146857045787868,-1.6649573844189935,-2.084973556616763,-1.7595428559480137,-2.194102188047187,1.3256084078639938,-6.100391126828427,-1.606028336271163,-4.3215994539289255,-3.371741051057116,-1.2436639572451897,0.2672539260485082,-0.14377058166151854,2.8949314640987107,-1.0741767859482396,0.9235268139743229,0.5054170436084502,0.42327105793742326,5.2690235152203435,4.135703919321346,4.445916592081662,4.886761323142184,4.2421073327147845,4.485651512548475
-0.2196391459048902,-0.3976963557924676,-2.29800188849553,-0.9494038781827333,-1.3298565062612107,-4.247883575982581,-1.6528603397512147,-0.9802229298279027,-0.9956996509838848,-1.8208496234827762,-2.283310979197625,-1.524257353034884,-1.4250860619706993,-1.6782881985923719,-2.312487716393423,-1.7167522218982005,1.1037285005916386,-0.17775564270688898,-1.626187103400283,1.0064591820698487,0.7863874340674623,2.185845739480605,3.1540920485945234,3.098721436965683,5.101130065441868,5.203444908167498,4.855508626314388,4.2281956365867615,3.1093189518482847,4.356526122045662,5.6702112643314715,6.015830162211468,5.529938576813054,5.4661225181261655
0.5143876084877896,-0.3245259755400393,-2.2141065388208316,-0.11568766779420825,-1.0743786200039072,-2.2719028257131604,0.3790501089503267,-3.0717744763182524,-3.0398434269877566,-0.3366603142924601,-1.638480648064151,-0.6577692214985694,0.007671630830294202,-1.1466461819633307,-0.01426334998463989,-1.1666048617838598,0.1301817432554392,1.7039085973309658,0.7420773401984012,2.2259411274778635,2.2057275743166693,4.3565616279099295,6.493162194300145,6.474043495268015,7.069536459379787,7.8343279519481905,5.564144428879001,6.571975295476185,6.731596393324648,6.739444799718074,6.782079213331118,7.000581905975443,8.071181920462099,8.781184730402401
0.9508776076336166,-0.6297033594138591,-2.087856467895284,-0.8848933496295557,-1.2345897316541574,-1.8407124934938186,0.4043825949730158,2.286353008786175,3.9801807601802865,1.6075411993484565,1.8731717182243162,1.8600765829041457,-0.6185696689661172,0.04168424001661242,-0.27875169055866184,0.5792226471241639,-0.34602981751882256,2.096058276702575,2.2654306937298876,3.0978735179955477,3.2621942467741563,4.182168753243745,5.412906888333314,6.885884686335513,6.7830285305962255,7.290237168751809,6.298719105018742,5.97837747178077,6.437228428933843,8.981931722551732,10.030189550005135,10.842881725324366,11.188230498353988,11.908761946694904
1.2250650273359351,-1.792982041949314,-1.7989157198640415,-1.8259683814976229,-1.7541314429351804,0.08756616964907805,-0.034170651107224684,-0.9205086107156397,2.045252671608679,2.245840882813021,2.284210894655774,1.8023305848579505,1.8289868838775045,-1.2965011770205799,-2.1524193114015535,1.1448311477150275,3.095825529354016,1.9354042490222245,1.8568255475331998,3.4051866423264507,3.7016226403071633,3.4349421857484383,5.884085683545083,7.106659508042017,7.646979811489653,8.569638513792805,7.390579598641602,7.8522316225404545,7.812180506388689,9.810834563709355,11.296640391842772,12.031179886188545,12.554543803019335,13.26789887846965
0.07659987419837358,-2.3984753673772907,-2.9059681957867682,-1.375979494039111,-1.3412317859731253,0.7487924969867814,0.3286921895400433,-1.3695904134192463,1.7107350379639914,-0.28254321947857536,-0.35995470001632573,0.7971023957786879,-0.9806633938390166,0.8931013090660584,-3.900104032019254,-0.9158188657328817,2.7825339663383986,4.184118384517466,4.221060324083482,2.9521442884859828,4.002587934269954,3.1784879086371762,5.6218034223737,5.983627421799818,7.734796541802564,9.257267886454807,8.31593628277876,8.915540318814475,9.750655443880792,11.037716577401113,12.254149363302579,12.973193291117893,13.601353996423125,14.228963455778734
-0.7274328113698371,-1.0024373726940077,-2.183042142539223,-0.9602813876893262,1.0936911124460287,1.8784423706254665,-1.703632687217889,-0.9957816778339406,2.0884239023697133,2.3356263345588224,-0.7411378721127904,0.40030233816316824,1.980399175008412,3.0774185178393476,3.6942678745406825,-0.9509805953392312,2.9865864227281262,2.623334651035206,2.0718040479973165,2.9439316080982016,2.9590739217158126,3.380216480558807,4.537959138401996,5.932693033843128,7.996269528683355,8.011361803513894,8.647466644749178,9.34465142170392,9.386053879831692,10.355010692402464,11.033531671401459,12.848987361788103,13.386899751225954,13.714598168110086
-0.9450769341182452,0.049553788144801096,0.11894789805990193,-0.11975788059100653,2.45022459869148,1.0281528157970818,-2.557160605631829,1.214764884837152,2.7226091087062585,-0.6658652262034472,0.33227628946635285,-0.07462904472502335,0.8098028741189247,1.1892659996664199,4.178930159198706,1.4161136212503724,0.8621164005159905,2.5010627043463516,1.789192964682985,5.236683991489064,3.141091362011278,3.856515844897386,2.193775878428875,3.34330976245538,6.124820849586894,7.511085363491185,8.901672833981795,10.872251260745704,11.69559824828485,11.982439923920127,12.078186644202878,10.960242974237499,11.087064837848187,12.628671922442711
