script/wind10m.json
{"header": {"parameterCategory": 2, "parameterNumber": 3, "lo1": 6.000198445256149, "la1": 58.999992894266676, "dx": 0.5, "dy": 0.25, "nx": 22, "ny": 24, "refTime": "2024-04-28T03:00:00.000Z"}, "data":
[rows 0 to 23 of 24, columns 0 to 21 of 22]
0.8826303492102422,4.236943419451644,-0.831495476882049,-2.2422975050941827,-2.463071910382975,-2.005152696938638,-2.7778044844339123,-2.3000341958825934,-5.127541231890688,-4.5018040566726,-3.7666499823791106,-0.9264155903054997,-0.7035073582959576,-1.6184106682501567,-2.6812511620884556,-0.47747895028412096,-0.34916036075558254,-0.9398952774711988,0.2863070076876051,0.6470738355807968,0.19472100201370177,0.16757693288481135
-0.5129661653423,-1.9237235131342447,-2.057016364952773,-1.8726423499032911,-2.140325895385113,-2.502393155585436,-3.075621014292508,-7.8738482950048745,-4.95160652685842,-5.203234053068589,-2.2603699252821765,-0.8869606149818131,-0.927484796597883,-2.6524380600138464,-0.17219918979786727,1.001069701276359,0.32460404408429583,0.8381329690901285,1.2980727156923577,-0.8137192205247331,0.6342313304671423,-0.46664531905485035
-1.4872067903269686,-1.2548704504586503,-1.0245737680612788,-2.912947525870116,-2.7552551049312255,-3.9137783491339686,-7.389189370127816,-5.800614689009353,-4.899503131275958,-2.0275309345848496,0.04230003603364776,-0.40024410388605136,-0.7940313573338922,-1.8183361712546782,-0.9373407823040737,-0.7908452220061865,0.6096019152124778,0.046160240175225964,0.35267547839979974,0.23799844241051943,0.19384134960183608,0.030465229908940884
-2.804806444085552,-5.084311682915354,-2.0759305282766407,-2.7527948359103824,-3.6704652609553756,-6.619224626517047,-6.399884130406833,-6.032761502092094,-4.053871056791962,-0.2049214255097434,-0.27705997521478126,-0.9781202154676129,-1.6004903162918749,-1.6581586580125338,-1.7625116132613678,1.405016870180844,0.19691046151223757,1.0970006967135444,0.5006541329884273,1.242496579647536,1.4885183794339303,0.44450851869058633
-1.861032784874319,-2.4207984285869153,-3.332969548259706,-4.308251217908078,-7.843299582037043,-7.313251314778433,-6.074291002632038,-4.303982230209089,0.8780640909287225,0.9791314845357518,-1.1406767165977216,-1.326666175433922,-1.7201946415751725,-1.4421692810870532,-0.836023864801971,1.8616624674672957,0.22100382190665024,1.6552335345215554,1.4016399291488009,0.6412378059854035,0.8329445548357449,-0.01561884703188796
-2.4532036139575233,-3.2166840974045963,-5.165134327022324,-6.654214445441655,-6.755320162782667,-5.157359030665958,-2.4278119962208096,2.142176026202439,4.373812664556468,2.418080767480311,-0.5521255204571855,-0.33181426135602954,-0.06471268140836399,1.627580101400594,2.6488673926737856,1.814555777607226,-0.12755936376640853,2.156241963996036,2.425285953945864,1.0820617143861717,0.08916575883736186,-0.3387957196778696
-1.933215459030772,-2.8823088783734163,-4.311021287015964,-4.771282411054344,-3.912589742314054,-0.3367429868187967,1.9605956883283915,3.6797486218525313,2.3042206557544103,3.1543071963964673,2.341894165988069,0.5735916252141408,0.8740371858863795,0.9380019443224821,1.2030264597625295,1.381314124202159,0.7508018650549977,0.9365227601494036,1.5852803649055107,0.2758844084660659,-0.5107736613797689,-0.6627698498424196
-2.0392342091509703,-2.5890538497957136,-2.492991026989604,-2.0676677416439664,-1.5121953868994689,0.26472723155670647,2.1109700324202643,2.525908346606392,1.4583817020611904,2.7088828358805865,1.892689352482001,3.0406988326913846,3.046888938939229,2.8079652810230584,0.717846413641084,-0.13729113600732942,0.4885883156278621,1.1225794036636043,1.4500802155494283,0.041903220882826615,-0.7802584742881683,-2.196487995312672
-1.7878624358124715,-1.3084801628898683,-1.0262523972849527,-0.8125071094007901,-0.24008580497237023,0.8058424109014372,1.3084925834000212,0.4804795074972935,1.4334003520218346,4.204103023099902,4.7222986748738585,5.63305115103217,6.522978682448876,1.2910114174268725,1.038212514302484,1.1071668816162274,1.5588593852596377,0.26315832697238917,0.7510045076164141,-0.4353121699732573,-1.218896921106053,-1.3880026347846597
-1.8063356365088243,-1.2311237501059626,0.2710502039168856,0.9213660685925708,2.217904727721389,0.3229740864731006,1.3445736537115551,0.6858802910218892,-0.2927449122899036,3.3039719610054887,4.749003003360727,5.934429914884692,9.31077015236718,6.361828138457529,1.9584246656363296,0.9060211058325554,0.2696950020485481,0.7577489790461119,-0.1381627919038046,0.04968667886652391,-1.4545174575143178,-1.6339299565239176
0.30652689372240727,2.628298339793623,2.979794007249308,2.177076663442455,1.5393992871322775,-0.6716777636484799,-0.13033104506218374,1.515712340359937,1.9394535287093677,3.1260106781122223,6.184701115197725,5.8736477679296515,4.07602657578554,0.11628133966865398,0.6423987356737941,1.4826622475937163,0.6471501125806538,0.1330798122626066,0.04703046175852244,-0.8946998996248705,-1.5918664785800953,0.7152487499558424
3.9870094501573754,4.117080026277099,4.114620614441407,3.250797523621148,2.4110302260012255,1.366279929389827,1.8291333096250524,1.6416951341623016,0.8923677957402347,1.8878572943626015,5.499578502530362,2.753687660704912,0.6315135919917102,-1.1158928876976908,0.90912545658318,1.1433771458363928,0.5224175524215389,0.26959571670080273,-0.5330858198903876,-0.47275379277129376,-1.6738886952681336,-0.2959120788084087
3.1701594914470133,4.234786484847909,3.422986466541634,2.6397594761419727,3.7027358141487823,1.0516036127073696,1.156231848960786,1.798308856468925,2.287707338191141,3.630950256800497,3.2452808657095202,1.696148454788748,-0.5557903797637797,1.9680358981417796,1.4324713537069371,0.3159019149269492,0.5762635969312454,-1.222405471697626,0.08994985454642646,1.16147180715056,5.629787415999652,4.769880931592229
3.1017101569711536,3.8271064722005277,3.1026560645018186,4.180914407339993,2.813803688120936,1.1044446279757185,0.7266375617167893,0.5533702605368163,2.6231817223486673,2.7603138575394355,1.9456348251738165,-0.09688939117274063,0.10048829784852478,0.6252427691883065,-0.09872214900087999,1.4099262178988963,-1.0238391081556684,4.170846480058683,5.294811663016066,5.398933946585336,7.141052234191519,4.926141571950214
2.9196778291494376,2.54362010125894,3.98888436476568,2.5238334272568204,1.0574710780366494,0.4680144980876866,1.1419708114918257,-0.5304659354565873,1.777419693424826,2.7266762307761523,2.5640393802779364,-0.6479396315752509,0.2384199841639492,3.2384117481252375,2.365711394937525,0.5436562174263413,-0.3315502811810227,3.4905007224030493,4.9819796611936695,6.189098482680003,8.969972463320811,3.531865569077125
3.149096371065206,3.6336202015230796,4.17867714157134,2.766918116997386,2.9531522204736103,2.1059647850071572,0.6826956283041481,0.9222705989398912,0.1999587647654111,1.5877001723002315,0.526233821282341,-0.605987788137822,1.347238632984086,4.13495006459171,5.606331855330527,5.484798748289726,5.825710678228604,7.439503078981586,6.040861261797183,4.363460466441663,0.2538388244545852,6.8108159742844805
3.7602300192357103,3.707377800990802,2.6403199577967262,4.584805065567193,4.27123566620537,3.8559436617910214,0.1501448517767921,1.3032773719983795,2.4006992355267807,-0.6065724105810009,-1.0488134043601252,-0.01972444797460951,2.345873824627954,4.778594299490881,5.4228460448558,5.9126380890850285,6.17202177378811,4.580124900316219,0.3954852163330419,0.5608964689092807,4.020477050599709,4.5999419026386
5.31179727319893,5.328532337524137,5.88635534600916,5.8694943522509435,5.020714399565116,0.14023792659840056,0.6378295601016198,1.293256250870057,1.5827402433564368,0.6749133064913589,-0.33521852888388487,1.3484340694154975,0.7427925126412673,6.213335456408445,5.389359303540228,4.998351264986046,5.404046804695449,4.607017037433373,5.861279323576397,6.050779576905169,4.685083728287117,3.557270309339577
5.438276883934444,5.595135090690166,6.334309709104941,3.494298486793172,4.487679154764169,2.363613374832522,1.2179282428597356,-0.0349238463017611,1.628692488175802,0.2552739776311565,1.2010344022763046,5.124349851025945,4.6685042702978174,4.022443823917571,4.114442473776326,1.5716657833668888,5.2935297490383615,4.84396755550553,5.3051083474707115,5.41142031692211,5.439825378367008,3.3292613273766096
6.407221322923846,5.127572240391847,5.625081892468611,6.184750479835633,4.2579385342202825,-0.260948160730302,1.2162689568583736,0.9491726193877037,2.1999252778049296,2.3440169123859045,1.9893381571501068,6.034734760957613,4.967529029628642,2.6253484271168155,2.0113963203647716,6.482672405275191,4.696220013785237,6.421770238703081,5.024615403488028,4.902937153870337,3.5655339029703415,3.1005731926749958
5.197846571300543,4.072170294449414,3.965002249614663,3.362757886832249,1.2006247488398507,-2.355535297299795,1.7868726634517709,1.5760638027611666,1.8210064702460174,1.7923990656171678,5.034047440012979,3.4519987089268676,-0.2074762425798796,1.3430415904406838,0.8387913102554552,2.386813722867283,2.976419660285991,5.155928899936127,2.0752815736502797,1.9527812205263697,2.073548891858844,2.356938910083744
2.7053818651519785,3.618082935666972,2.3371503990753286,1.1803903633302888,-1.1548173960375698,-0.7261856637081163,-0.5248111994870855,1.5722390714144021,0.9695440895614695,2.3371977267702015,2.6278509488005453,1.3760020115349945,3.4560135220922863,2.546442757082214,2.033146674659625,1.5347653249922069,2.7976067397830704,4.4176255950381265,0.9299050242008781,1.9810568859417363,3.469460333866188,1.151272417263851
2.7738991652017244,2.966591230595881,1.3198411254855922,0.44031651650611875,0.06160884128511684,-0.8301332382559669,1.4337097387024913,0.5560760097740001,1.6293339348417935,1.338665395696578,1.7782800554942018,1.119811318274026,2.4692052443484167,1.9425910042562156,0.5094590028299174,3.0299139947535574,1.8988350854951437,1.7094286960023575,1.7258183087658818,2.236970201503885,1.2305080543356521,0.6717621148504768
1.3089116030380958,0.9919006451308529,1.3944639406523545,0.36109991107026884,-0.04875457905629967,-1.0253010067633426,2.030094868793303,2.0715800804238302,2.216330034567776,2.7617783856658167,1.3664498993017578,1.444376587834406,1.3306986570220904,0.7441079503437968,1.2201504541414032,0.7104122880815307,0.47202232437115216,0.7536204079750636,1.0156013254283458,0.755134485469169,0.28183348134269737,0.9579078154551653
