script/wind350m.json
{"header": {"parameterCategory": 2, "parameterNumber": 2, "lo1": 3.000054539987559, "la1": 64.9999836372058, "dx": 0.5, "dy": 0.25, "nx": 34, "ny": 52, "refTime": "2026-02-22T23:00:00.000Z"}, "data":
[rows 0 to 24 of 52, columns 0 to 33 of 34]
-8.374185119036678,-8.516256209978536,-8.471516031139508,-8.568275211250103,-8.740352533488728,-8.956524275875633,-9.224911324684625,-9.491089661964413,-10.04581165683897,-10.589662002465577,-10.73221015251296,-10.55708674092607,-10.43953385675848,-10.16047638948321,-9.186812877932672,-8.196855932321979,-10.437819957769884,-11.566532572723501,-10.732777901237135,-9.027588566345125,-8.11344092844552,-5.301662076429555,-8.05761823676624,-5.260509279063137,-5.091179918010317,-3.6205614421118897,-2.850352814895735,-3.0122941796131,-3.562470217455879,-2.783189482306208,-3.3228095060487126,-2.6044515390495087,-0.03575987287445737,-1.7318827321075754
-8.522957043586262,-8.493983202918189,-8.59389783900392,-8.879313134586745,-8.911351699934325,-8.959814894729353,-8.97641540001026,-9.145235548956956,-9.768777957840978,-10.009000208962098,-9.93580928592579,-9.794542249284817,-9.746268460367025,-9.30263418748569,-9.368196905643911,-8.927317958285725,-9.912763811364446,-11.43074246308539,-13.78080417171498,-10.517174814777658,-10.590426842963705,-9.528091455685859,-7.35242409500416,-6.776948519085898,-4.8714701433663175,-3.8822238739166552,-3.6456146737714827,-3.326023776867355,-3.156300726204134,-2.1277586956279593,-2.9534805784679508,-3.007607352803252,-1.2175435759644126,1.719738874238205
-9.072596534156421,-8.811676352519136,-8.779081673264145,-8.91461079878652,-9.101094225682466,-9.325946138686124,-9.604584081465608,-9.865559435991367,-9.87140043664254,-9.672531192111581,-9.106862207242733,-8.947334224519867,-9.125977350795974,-8.91735597778081,-9.172353985071243,-7.801841044676753,-11.804761729925188,-11.033131018605113,-11.64686654058252,-10.411080909416446,-10.445327864986417,-6.6383149151195,-8.870906120523474,-6.487127793173955,-4.939503986086905,-3.985201969781028,-3.9436802449085606,-4.149655137489785,-3.5577066309952907,-1.0947486965869346,-1.1820280208878196,-1.6075731524838,-2.35133745871632,0.012656462987940854
-9.436184583049398,-9.148015255466891,-8.785500172487229,-8.819591814090378,-8.936562322742994,-9.039454516894727,-9.168743624193924,-9.304682095008179,-9.405569536433346,-9.529589737055854,-9.42207797966572,-9.532774918160186,-9.224280198205282,-7.8745210753637895,-8.224029631381113,-9.832312048307452,-9.8006468298205,-9.10948340000402,-8.323166551892887,-9.932732035103127,-9.062397918286983,-8.722737413119301,-6.048846666218528,-5.313672233113078,-4.950673261209467,-4.376635556047475,-3.7251778063523915,-3.3998160099349737,-2.668469248607091,-3.1388586308654185,-1.4131392903476407,-0.7937623983879003,-0.9869071039195016,-0.5207172196288196
-9.560587584681777,-9.339698855949402,-9.045849592598046,-8.77542906995974,-8.63973206644436,-8.690718701278513,-8.550892003134635,-8.377274578914676,-8.315825399614718,-8.01730271481476,-7.630265045188181,-6.99482860543895,-6.113133113117232,-6.852005251905129,-8.25032174702433,-8.341618558925287,-6.413625960899898,-8.061496610002685,-9.29504749738583,-7.920402293642737,-5.533483442111622,-6.738509565468608,-7.447701454997576,-5.085048674127738,-3.6078034974839706,-2.9328020420378405,-3.041893867240077,-1.5747990109471863,-2.2988157152936872,-2.9744590832992412,-1.1648808279291074,0.8255729304580646,-0.11156726852824571,-1.4591556575051823
-8.800688362756784,-8.336961196446284,-7.736943443784696,-7.544017814299038,-6.742696751427999,-6.3273766644667875,-5.373190989944078,-4.618229409747634,-4.0690929920984535,-3.7968842704539294,-2.6534044175361995,-0.7345730831768201,0.2055707605622029,-3.4991693453893475,-4.784113855748744,-5.019479479168689,-3.2570139430165495,-6.3782954499270135,-6.002040256452617,-7.080769639096417,-7.479377620079486,-5.539812835628574,-3.6483858524875945,-3.741958837562432,-5.009216160819117,-3.170983687977357,-3.2329791206390213,-3.259482357760635,-3.858719520398483,-1.775933128185797,-0.49648731875657215,-1.0132475116284478,-0.13765900998326094,0.5823606642982233
-8.710176134828728,-7.912118735747017,-7.064489329948647,-6.487122053929569,-5.829663779537374,-4.575342382202668,-4.155249354526036,-3.2934694640295543,-2.643096617431031,-1.6596870369393624,-1.0283706252522042,0.014872401217650703,-0.5599371991557228,-1.084274864004511,-3.4965898048353052,-1.8940821297265986,-2.117863101570501,-3.750322457683948,-3.237143359567483,-5.766793833671951,-5.409199445619158,-4.528494397650889,-3.185098857440868,-1.392759219616763,-1.1564698536333644,-1.7903489249906193,-1.0607630808584503,-2.918432370342671,-1.7041811883236735,-1.6515684523711105,-2.4869893511960406,-0.4795635221996317,1.225209863507663,0.9192432901400723
-9.229355939433015,-8.296400386559434,-7.7775336696984665,-7.109548004492358,-6.160238317096731,-4.85746562221134,-4.217093440607817,-3.332512365571937,-3.122818196675179,-3.635393802874681,-1.3983131541753384,-0.6877895002526442,-0.33698408687552006,0.49801342080502636,1.2043661206346674,3.8839387317621954,-2.0333239569379873,1.2592837342757826,1.5608519904623457,-0.587950106756153,-3.031973112188185,-1.3449039047195728,-0.8098936456571103,-0.08390480539901812,0.9899457811772967,-0.9071899161091174,-1.6398954798169223,-0.5040933227778347,-1.4337746586992306,-1.2756815665332941,-1.4247298390643233,-2.0318514047328966,0.2843282363725724,2.3156556578876986
-10.164729763545607,-9.200210386525189,-8.263914314860353,-7.442478291095812,-5.879465365978793,-4.839485540067277,-3.8085247304194993,-3.48466411617185,-1.616248205276921,-0.38107949663048796,-0.8944925854063495,-0.8859497712103195,0.5684241423738048,2.0608702760264808,5.543720002507384,-0.09276795368666708,-2.905612048007711,9.48117683949141,-1.3934557373284693,-2.616453081834445,3.4377648166615122,3.1760238221060995,2.5752838727651546,0.5938378329727036,0.10204836542669096,0.41150229466045896,-0.4797222216072316,-1.279615890181898,-0.19675113455774795,-0.5669175492943618,-0.1891132681764968,-1.1246398750576099,-1.0144121065238867,0.3346976147651159
-10.616708532532833,-9.75823141012579,-8.976841092705106,-8.244351923973598,-6.886009453311678,-5.5956307735423225,-4.056133994705973,-2.228233265700577,-1.6144841089878825,-1.878562364581431,-1.9324641108413674,0.035570971601175186,3.327557953914228,4.397504427084439,2.2562560567687098,6.200469397349906,5.849033366306336,0.5626394819622543,0.04838271376857621,0.08354231530446908,1.1137200481150116,2.111128390595119,1.2364245884983123,1.381342669881171,0.36737753839921083,0.6506633165143335,0.01506681497938093,-0.6084303365154561,0.16070041705657356,0.49319078536929684,-0.05603796288052674,0.25141458067333405,-0.9416275946256751,-0.12443520609979396
-9.576868497861286,-8.582772062393667,-7.232680486700489,-4.603817262537141,-4.258102632245384,-3.5400665522905133,-2.213342275580198,-2.5740077923202733,1.9678278331921168,-1.1506067758444798,3.0444201634045114,-3.516611541770324,4.25431515523367,8.591769449787991,7.8619982550385625,1.9697795651373804,3.6574950653381766,0.7021689016449374,2.1519995281307462,-0.2526784427554693,0.8370305135652895,0.2450002600233649,3.7412512799784463,1.9100480747808788,1.1759705576412756,1.7400197658579633,1.1407929644884274,0.722686511230595,-0.6418748299596845,-0.6339301317225593,0.4569674837367523,1.4050735616044967,2.203995813441053,1.074158134418045
-5.752159201896689,-5.0170759745843405,-7.679445499408822,-3.5042784978318102,-1.5745453990844305,-1.5659169906900618,-0.17630190851982905,-1.9260728178815094,-1.1397957442374471,2.9089100145411635,1.007335376823201,2.3510096819833985,3.704646983771947,1.7499447598502411,4.553934366349286,3.2447258912224877,2.975206430971841,6.841960526772167,5.704265721043799,2.3224561937810857,3.081879910525769,2.3269195956874067,1.4723072564992328,2.6917210993146434,1.6095822155059907,0.9756428544183935,1.1033892836983448,1.8801051949953802,1.094419037827852,0.9183832581266163,1.5712384547144542,1.3010508918897665,2.7825483993636118,2.143177997302757
-0.8449586449061647,1.647262924972613,-0.8983498495483311,0.35346507814106143,0.1485244277735703,0.6950799822252852,-0.2411832530269499,-0.49235770518667055,2.727561541334063,2.054929484896593,1.9085649134840816,4.842249116357895,1.8349160997985106,5.347614049095865,1.5454369060237811,7.387954571437329,2.814332317309221,2.5818051600555942,1.4153129928398829,0.4883215039248034,1.061732729741096,2.469872650013355,3.0988450092977686,2.130837657677768,1.5255128399367779,1.020761306484537,2.346909128394672,2.3670725263714973,1.360261983949268,2.3212555350298447,2.1513486089682328,1.589665107198108,2.2744928246295513,2.7592299772244187
5.050284622064984,5.395765729714323,1.961688046541712,-0.7154765440651446,4.891530996710814,4.09741901590544,7.002770795949876,-1.2259787680307597,4.846636704064252,5.881162160410461,6.574282583804632,6.5159091816209465,0.6355240309626022,-3.4343071161555443,3.1139169344319435,2.335290249400596,3.696409126769151,2.207469215914093,3.067942967552269,1.8074274266266466,-0.9612187606841407,2.515454787476189,1.999131410684413,2.3388634195074745,1.5231609726492454,2.079442954355068,2.5076821114189882,3.7035129907711486,1.3585807466421373,2.353474902790319,2.339889947493479,1.8525442244929302,1.738539789530353,2.7375129148200235
6.422208049756413,8.228540642045788,7.12307695447486,1.9003760366539857,-2.732618553050561,2.0385453800912146,-3.9522381213093594,5.92348884396834,-0.8683100676058488,1.1243782827480857,-2.5591259122005057,4.2460509794029475,4.740439070312432,6.012628825474665,2.4781375994084667,5.019473145796944,0.3585614275854815,0.5830117488374734,1.052127500987245,0.8539294916423746,0.5826741932650247,-0.7438100477685238,0.3549376472317139,1.3654413124251665,1.835373826849957,2.3259537811801203,3.9239447709268824,3.595228043832425,2.9973977048708904,3.25820051759894,3.5651957045740787,2.325221071949979,1.6109621985946487,2.4286481550691237
6.757713306963897,7.704490995789816,7.430453327389034,4.080764266496913,1.4006416712019953,1.9978165237424819,1.9421431776332865,1.8574511430059968,-2.3640335403162744,-0.9504848365172633,-0.29380878933081744,4.693955226389469,-0.2025525209033744,4.1825803109696595,-1.1134976476872185,2.356939258956683,2.7400699167060636,-0.8444609699222515,0.035714496613096225,0.092170907059674,1.764759489552274,-0.9621997979312947,-1.5317518221261106,-0.00033266802507348126,1.721164988825332,2.250347041738986,2.1176137541438678,5.734332975779097,4.752065165819982,3.436443848131512,2.6584631622525587,2.567301101194162,2.011218343785555,1.1697813646362618
9.676834388987793,7.460587269433831,7.218044097258046,4.99324506647375,-1.0484722785214626,4.365298776850809,8.495846570487172,9.129618261978464,-1.670039871876738,10.242471630449828,9.7325578460563,7.995623535649963,2.2064466528299542,-2.27781046233884,-0.9469720156660061,-3.207078447049608,-0.24689488401594156,-2.2015721580977403,-0.9411296457896581,-2.574537605962641,-2.0093829623049158,-2.404319772096448,-1.8607695082510702,-1.8927308000779466,-0.5723091451829672,0.6768065602058049,1.6245630127674966,3.4271505138631437,4.190705219704648,3.614852571039102,2.5453793893059515,2.4901842905103035,1.430888700104929,0.8409108476602822
12.446014102532347,10.503730863307123,9.059157341879894,7.927230538151699,7.609189675146427,3.8731509259525256,9.488884971945543,1.9881208591018897,11.85124586561903,11.969855064146673,-1.7315862721022048,2.8710283535629952,1.3933458177272404,0.7184927234280811,0.38254276789314295,-0.33298231582481413,-1.3693081375332221,-0.6870661865624395,-0.7927997395313061,-1.791136674543614,-1.6129307361821483,-3.52172378872135,-3.4415439960654584,-3.0142434148863306,-2.8662182605411344,-1.2953648998767466,-0.14055214408477845,1.772271225723087,3.766591138310413,3.371583725783665,1.2739782184613735,0.9342747406319802,1.636519523877609,1.7744775570798468
14.546279284782095,14.342633624166748,12.21743646143228,11.913879611568953,9.242733020953862,6.673524515446657,10.44707210226959,8.207490760893291,0.5824823485500779,8.453590693180788,3.264378222900964,2.017426027339985,5.0289237992878,2.925037069394271,-0.9337503639979629,-0.6452571720178422,-0.9401777071474409,-0.37756393078623895,-2.1242232551222977,-1.8982377079289632,-1.863563300583702,-0.7719551054342433,-3.8254027203427765,-3.356112375102939,-4.325685985637734,-3.206163795604567,-1.729677323895956,0.032445073705842584,1.450298904457337,2.7212102236814806,1.1531624115316377,0.083967713946392,-0.14351489235321857,1.4597452167357545
13.680505011725359,12.660771756111039,12.438701161569329,12.763702831741039,10.691015866106781,8.189023258372584,1.472123919341386,14.055624660577818,11.926295214716943,12.806475029792356,15.33335167981894,13.216239280208383,-1.9277452516304097,7.123883319982209,-0.9436321010243387,-2.276829958877611,-1.2422581159740615,-1.817701485455222,-2.721140877282614,-0.28348488247282916,-1.8207276402344523,-0.86439247565268,-1.449656280629197,-4.263801685775104,-3.9521053638890824,-3.2553220862728347,-2.444273905207506,-2.4999450205165634,-0.7318944690592313,0.1912196059491853,-0.1406497159086667,-0.5289870903860329,0.09344286697647369,1.3548337958880219
12.947804953593899,13.592790406962758,13.020963501142983,12.777806720538596,10.720779792428003,8.82571285419026,5.988625461373455,5.838522311163232,10.387804413142787,12.691520090868082,10.947000353341366,8.607800669770455,5.27193145726728,-0.8774001125214077,-0.8461178613508407,-1.4034672060409528,-1.9798535464556601,-0.9186552391530276,-0.9992099505878003,0.07342713570785529,-1.2293897743952686,-2.360928172995733,-1.839330936405023,-4.102389546707705,-4.518995790442735,-3.8436508722600045,-3.7297285997467404,-2.9318191017559716,-2.8511748805845887,-1.7034293954593642,-0.7296108374991941,0.813001698879685,0.5516865684354709,0.7395650482950683
13.696551192115725,13.348403990740387,12.335743359871318,11.774645901260437,11.844205955259277,11.906457796123641,6.880777683378497,5.245354454349586,7.504249347026222,-0.9163748138497084,5.834529351932552,7.659537498853267,-0.12717535870461488,1.041099897575518,-2.5357749959114293,-2.0038583954577858,-1.7882832255651675,-2.474551710966361,-2.7010765164029187,-0.7019287589228971,0.4536998965009748,0.45822540549206336,0.9895099455949249,-0.8927867151217415,-3.1837449116822385,-3.816378823580185,-4.095612688059389,-3.550112062753596,-2.3895432482503574,-2.0866843481968815,-1.5544505413569403,0.29360577106303376,-0.22237250707947842,-0.5110125973643389
9.536885399248554,13.647472437165119,12.468614483541494,11.039531922245484,11.662923078680736,9.499437551512043,6.666425411522958,3.753466316454158,13.658451153345473,10.33682636435819,0.33318077487130304,3.726268644758881,4.230368272776504,2.6354983224027477,0.3879773575080859,-2.290915582132463,-0.9693989015555095,-2.5176633674159037,-5.041096456274746,-5.37126418103101,-4.514322921598728,-1.0111937937082836,-0.368107113594096,-0.2761257196531588,-2.0370342795565066,-2.9611789461101607,-3.8467542647402126,-3.3232447916997,-3.090921354801295,-2.120216385435494,-1.6364108655637113,-1.3945962924176771,-0.992706048179646,-0.9006711345912881
12.787584792713288,9.67880546294915,11.02142311787498,11.26375044896574,9.663703515592811,7.466784778610748,8.012756162305658,11.708956175153771,14.147184194733065,2.3569719543239973,0.982734583803036,0.05745414676556133,0.4686669868175435,-1.365274384044427,-0.2126711456089373,-1.3547355069734102,-1.7248346150727636,1.483987859491817,-2.9294319175408536,-4.147365632423639,-5.3170811453503175,-6.701141263657462,-4.090344868723956,-0.9109142674657505,-3.5842221545516195,-2.1440266957731757,-3.0310155713892866,-3.273114878413162,-3.079680517877428,-2.4294889423526356,-2.4815749145459782,-2.309056656256453,-2.015003133107265,-1.2962254954819845
12.158679503727114,12.251540596440867,8.062697871711215,10.825783704219704,4.859350989881543,5.1021328826443115,3.986965812871089,10.181114810779476,12.102442091775249,4.865081592316212,5.487193440581436,-1.1615727830340765,-2.405306057624457,-2.022499179831576,-2.4621416714421698,-2.4758710539630373,0.7686358074696656,2.616123129931985,0.572805321010624,-1.9918693858387262,-3.254958815641345,-5.148195878425803,-6.701270031078196,-4.306542700175168,-0.499332804350273,-2.012844730429842,-2.712572039742436,-4.138010471551282,-4.006094923689644,-3.553630303091747,-3.55646062073837,-2.788948754242219,-2.2093828665677107,-1.8490395776345454
