script/wind250m.json
[{"header": {"parameterCategory": 2, "parameterNumber": 2, "lo1": 6.000198445256149, "la1": 58.999992894266676, "dx": 0.5, "dy": 0.25, "nx": 22, "ny": 24, "refTime": "2024-01-29T13:00:00.000Z"}, "data": [4.824425344086905, 6.514903824647951, 5.631519717718046, 13.95183384946154, 0.013029912140853821, 7.8380980622745655, 3.4216873508474954, 3.9506514691786454, 10.303465504897293, 7.831036195802038, 4.583531073606147, 4.363852645064637, 4.060602856295289, 6.91363401559994, 2.598534474666218, 2.70455695847292, 0.8446956074925983, 4.258606385851523, 2.3787930921993534, 2.8437315283509963, 1.4271873538207756, 5.501425617686467, 2.1404509378464747, 6.710472429664261, 3.679300741199779, 5.406390594267932, 5.9032578315795945, 11.580236594759365, -4.869493530565102, 11.787103549067686, 0.11941316442336623, 3.737117986076801, 4.054008014999827, 5.592385546802366, 7.143197862342134, 3.6211520942594384, 6.325505244642645, 9.612902919907826, 10.78480788583968, 4.275548197701858, 3.9490617951782334, 4.8920114782057915, -3.4670853827010437, 9.57707171706617, 7.416020272247992, 10.552473596751497, 3.7844207651991897, 4.522996707535057, 4.846947097540884, 6.596832340620835, 5.908956016088746, 2.0187522009874526, 7.629617920770375, -5.3982582105113295, 9.861454249971231, 6.79267338519957, 9.846077034736714, 10.005690119762736, 4.255566483764316, 7.590745506314488, 6.559585496017875, 10.335763879123824, 6.928659736723782, 5.964853254569213, 7.113179246704344, 4.2379782446803205, -0.8363131186823982, 13.397689061109647, 3.258254582246234, 3.7996727357297515, 8.48872216705723, 4.879070980388098, 9.611237121398752, -1.1603932179608818, -2.0787741350469795, -3.926838463795483, 5.315185861295715, 3.54350139641272, 9.160250564648495, 6.663166233062324, 14.281927367952596, 5.8739244109140945, 3.691947705772596, 8.682569241996607, 10.191168891901519, 4.934500329805403, 8.672016437755177, 5.134991584528867, 6.485520037205255, 2.9380950738704787, 8.956711053686597, 5.258778381736095, 6.630590003770638, 3.7209459181967603, 0.7627686442248135, 5.92693846328128, 1.0606059279290747, 7.217483753735667, 2.706770189593709, 3.7791416030687675, 13.97096532499158, 8.308142731919562, 8.529059308248248, -4.30762179488219, 1.592902682680045, 8.125464414837289, 1.1166236538414718, 2.1540063307041795, 7.763009108224684, 6.971524234790832, 2.749340273164285, 2.9353487095433413, 8.324914897299124, 2.71242223457421, 8.122809971605287, 6.288493196650047, 11.781796154398933, 13.722310556237744, 4.547754435502927, 6.823878988830163, 5.7938926206009524, 8.135559477350544, 7.236985896994437, 4.828338850893486, 3.715062130430818, 10.593597117598753, 14.037448679684204, 7.813856381809077, -6.089335470248786, 7.536051199208132, 3.5549902213158644, 8.778405215370586, 6.16598963236364, 5.010671800807211, 10.423589963930423, 4.0375954407878405, 5.292390278308613, 7.140519094759244, 5.040931538887449, 7.208252508927928, 6.090018080661544, 4.4277101022332905, 4.9477806753819324, 2.8655981825304915, 4.833002191258279, 2.278028284137712, 5.502066385812649, 6.4271510242677, 7.395488621499228, 5.278685562844409, 2.5880821181313265, 4.562141419143211, 5.502145291809917, 6.988007826544527, 3.254102740518205, 11.556051102333253, 3.23507005630415, 8.443903650795106, 5.996383697164017, 0.9457689340366932, 9.983155113406788, 11.7349732122723, 9.372336614505155, 2.445712091322957, 8.338895012461983, 12.436066093473322, 3.126536729835119, 5.242677353800541, 5.740083848797583, 9.521244526044592, 3.5273164923308853, 8.320755009505298, 9.12718516044052, 14.782960393451495, 14.822775336849531, 7.846619054925144, 8.573154986134337, -1.2648091070402752, 2.987171491945375, 3.6539531420252405, 6.6796780748136335, 3.345945432150531, 5.199659901262744, 10.793601354959181, 5.419179005901268, 5.880738804828506, 3.2877186944859744, 6.165446388280499, -5.075940603188853, 6.66273607953418, 5.027137398307327, 10.000746751900047, 9.361535726475758, -3.533544535015382, 4.014656539772285, 6.401884980404453, 4.290969504084271, -4.080164033241503, 8.034497802079771, 2.8617961016927684, 2.326012557052753, 10.981625719874422, 14.341696918031442, 5.917351617935047, 3.410092654276178, 2.2858826476422665, 6.782312152272873, 4.183179659541177, 4.438446091888695, 3.6948280745767335, 3.2891872313304287, 12.866645955278742, 3.8863217624979027, -1.7480323880492772, 1.318144800928751, 9.253935071850382, 6.711856398657404, 6.183293803514417, 5.946318359099357, 5.780038938310449, 0.9374993703429708, 2.9243124529119924, 4.6728189525115935, 5.355691210420345, 3.234522449609322, 6.057945307928397, 8.396934288719637, 3.0570598792227393, 2.797045495223953, 10.386399597149241, 4.019102089012619, 4.147994253732528, 9.63619047781103, 3.7121026296290482, 8.634609565738614, 10.727577520091199, 2.454238392624831, 10.18373180709892, 5.511375696166317, 9.182740472190117, 3.03981013444696, 1.629738539361805, 7.651606787978929, 7.342768781994413, 14.782450401127463, 4.974263307362693, 9.347767775222568, 5.5736696913222135, 9.210592388523207, 7.596733537415096, 8.588417610888802, 3.7250709586576947, 7.820388676792949, 7.484497329689238, 3.860056071390796, 5.844248193513849, 1.971369178045161, 8.423521409203696, 10.15031049752164, 1.7117241530870002, 6.574729196934175, 5.381462512769337, 3.422022168216978, 14.119900767491833, 8.194613837155813, 8.972674206342255, 4.811283262839435, 4.481928170092962, 3.7726960090870754, 14.161553380603074, 6.04035974485154, 9.046413330321343, 1.451989046201136, 10.058213225165034, 2.398474644022609, 1.255912996304258, 9.316450565667786, 8.354299089518936, 8.198080035390015, 8.118597971601709, 2.595125186025715, 6.477901982564887, 3.8432775683233227, 6.790048265296208, 8.50375738710816, 6.263499413198092, 5.9109378391583745, 13.913113329784798, 7.066381089357403, 4.8845599930313774, -4.023903960222152, 14.009235524630045, 8.769977840448602, 11.982061733087333, 2.7509233210180963, 4.093052990905268, 9.844689662715835, 10.616929533783015, 10.922247212161588, 9.290672008536948, 3.637963461901168, 8.445801806986037, 4.682168464024952, 4.025987009402778, 8.101605086328933, 1.882234714372881, 6.799501510370117, 11.9069590174049, 7.555018998247342, 8.874051638435624, 7.565774714903371, 2.7686575727557305, 4.164443842493752, 3.549131022601272, 3.988403898864807, 5.786323031635927, 2.839500002154545, 9.607252956981414, 5.035689825482912, 3.9069779614654503, 5.453553031494914, 5.711358475624543, 5.817890265279792, 6.039903658600225, -0.7075300740343651, 10.297079110760697, 5.843147369838786, 9.544190219863937, 6.012828696591177, 7.149850187297864, 8.314480087159119, 5.425200864098301, 9.595796009592807, 3.0391325214896603, 0.4166219846410863, 11.536144134941352, 3.9003779159155605, 5.464869987899676, 4.731997909053542, 13.71168161221478, 3.8267344218024917, 3.894636743186424, 11.875355858398896, 8.177080046065722, 14.259092334151967, 1.90521602426398, 4.360765984570799, 4.050782133726883, 7.4515591172692375, -0.899445351705078, 6.502107834108563, 10.131187005947789, 10.8736278606443, 0.9198674681167383, 11.072065982945466, 8.000179289334115, 8.146573071641754, 9.87069748684899, 3.890096555783347, -5.683325356415149, 4.845355670744205, 8.598091635145417, 0.9450839706991581, 7.879345025016121, 2.091446929187428, 7.397608758709774, 7.400780960728492, 2.459180734789127, 3.819582197281354, 8.530004963891194, 14.39980926631358, 2.261233623996329, 2.8406868526252222, 14.409738001698193, 5.3910682046795815, 5.476342650547373, 5.551955919633963, 1.353514878840164, 5.794301044379557, 9.85810822165628, 4.074600498954965, 3.4392240293489653, 5.743442271177133, 10.87707576835506, 3.2295442749332164, 7.694261970285169, 5.999984660213356, 1.7984542112321635, 4.246758140166144, -0.743800639791648, 4.356654592777122, 3.5486056245273403, 1.6523281134930896, 9.285026308488646, 5.056780166313736, 6.758323254824504, 5.107944544754557, 6.63408277717374, 3.3766285416870243, -0.22514815838229385, 4.1189505232295165, 6.965315945311004, 7.9980013838935635, 3.637732027843061, 7.444552384889615, 3.9132452799585806, 9.667732118756177, 11.124434528345253, 6.418594500344454, 5.112571587407328, 4.039748394009879, -3.0481273886780347, 4.823144345005462, 3.9800182525836623, 14.871860424181728, 4.103891292556063, 10.2658033171591, 5.897538186791138, 7.056538100600077, 5.528784567125431, 4.572744468758908, 8.523400853362656, 7.5203635224690855, 6.023602330157042, 3.7577491356232535, -6.300369550670709, 2.7009911770792687, 9.862405813337352, 4.059427944465654, 11.00993004320367, 7.044384160629901, 3.7184285900784966, 1.9279679616979346, -0.5496019489330269, 4.319815934966096, 3.665645834189832, 8.15562657890062, 4.428140885258783, 0.4449157524282939, 9.58447345068268, 3.8439489319268043, 6.323188477037909, 5.431672488943551, 7.237779633217171, 5.474918975060585, 1.510498013968632, 1.3370248693165643, 6.22852557288414, 4.91254848803515, 7.5385052489667475, 7.702346744269436, 7.903473481230035, 7.516967701639215, 5.1018953835497936, 3.0300622090067924, 5.836383959610809, 5.840649087787248, 8.588170903223968, 8.63039272688614, 5.6043799818884255, 11.965247763573641, 13.208466830005234, -1.638279958514241, 7.8797235867388, 3.6858940097456694, 8.352772204658425, 1.1462678061015579, 6.971352779284269, 11.912795048161579, 5.402818664139678, 4.838768552573576, 3.444678377198758, 5.266293615094714, 7.988018026599818, 1.5053462845820715, 3.63276282160204, 4.889586769790019, 7.585926825442241, 2.9436712519723347, 8.23193686007165, 11.346990728611827, 5.102037832876308, 5.908788398045403, 9.086353327309117, 4.077978434732493, 8.497784539056227, 6.481022110299726, 3.5363687243308926, 5.204580062923861, 6.546599855655848, 3.7915707706557353, 0.1630449039861171, 6.1568824956006925, 6.574563524922537, 7.742777784858309, 3.9384185062286328, 7.4546483549303995, 7.075316358061881, 6.720412900833424, 0.7499119221324575, 6.767961740373732, 2.317580532483169, 7.640103546764316, 9.534263107690007, 5.013631386318917, 8.529205005248302, 3.365552467667582, 0.7399256596024033, 3.6648734064850776, 10.113824650807604, 9.846850909001914, 8.093038871140132, 12.223278648782202, 9.301049790135941, 2.6779050755173444, 9.232015067801758, 4.898333023770331, 13.014913373371426, 2.711956312746016, 7.420987168766305, 4.993745005953271, 11.43075551195961, 6.7840273603432815, 6.878624833758814, 9.021672388655704, 9.093503528403566, 7.206381198163488, 4.588808181293448]}, {"header": {"parameterCategory": 2, "parameterNumber": 3, "lo1": 6.000198445256149, "la1": 58.999992894266676, "dx": 0.5, "dy": 0.25, "nx": 22, "ny": 24, "refTime": "2024-01-29T13:00:00.000Z"}, "data": [0.2324017487173436, 4.066110110427204, 11.139837336945911, 8.1821682954676, 4.018819785250903, 4.678113520271676, 0.60531306906417, 2.3155491414620464, 7.804852697281541, 5.946552871321373, -4.009513614078649, 1.4418306217031904, 12.04882239025075, -3.8169874192768867, -1.7809075465686268, 1.9529031751149648, -8.145957314545468, 9.942652094386672, -5.276049185205639, 0.9432405361009571, 1.944523516980672, -6.16766854126263, -3.1126766061889866, 13.842033812997235, 8.806257026757716, -6.189517755732822, 4.243787588592101, 6.444213540267589, -7.528387060611629, 6.153404593276582, 2.9680245284140216, 3.658889407281796, 1.3495063136085192, 3.9800432998490107, 7.689618890825872, 10.600370814797536, 3.745644005304571, 4.815652049181497, 5.567927602257593, 2.0558867987127303, 2.8882684558498632, 4.77094073739459, -0.19976686335051608, 2.7799011604319306, 3.5279723251342436, 6.849261596957156, 3.7608190385511535, -0.44992572278112614, 0.2511440574272269, 2.662919256479799, 3.723536044180352, -4.000313127647734, 1.0681418356783399, -2.373362750914414, 1.532902507861213, 13.53206831093069, 2.949630770998287, 2.7270275078700794, 4.77854182798807, 2.6219100354448694, 3.453929436486985, 4.656317595419937, 12.27165117753814, 4.128032459381456, -2.6606186020418683, 1.448849998684731, -3.2243981360547003, 9.657780228015044, 2.229422995581157, 2.237880238846707, 2.604786223718894, 2.7168281675851826, 5.606117980370066, -7.0258658297881595, -5.785595034320228, 0.0027045986755346806, -0.2837903878707012, -3.6826423068720655, -1.1432808798659728, 4.631135882794591, 11.769214641204528, 2.8432914435967946, 4.061475666315441, 3.9914413238199296, 1.112811611569587, 4.461037672282825, 5.521171823222098, 2.8798269623774257, -0.8745761531008175, 1.5108731761916117, 0.11802744365947264, 3.809154838012508, 5.656798359417987, 4.114433414772176, 4.9854116538220286, 3.3958111804565383, -6.265229968692068, 4.829425584522049, 3.571302040469613, 0.9664930670537557, 12.149051307189291, 1.0149437142209878, 3.9761235839584392, -4.7117375601155995, 3.432536614233827, 12.828468779379369, 4.141003427983736, -6.491048726240807, 4.240569053904493, 3.781555070635372, 0.23339783006597, 3.1226141425605074, 0.7612614491967218, 2.405858833230213, 4.792368968102283, 5.2435563955531945, 6.5083680960336565, 12.84862312790739, 4.385395199813111, 1.198602536185641, 4.3631683401704136, 4.56699309467881, 2.312346421133636, -5.208418961137289, 6.281739849953087, 3.354655088364785, 4.099407575022469, 5.761589037131838, -4.121960301281998, 2.6690572018212406, 1.3975054800253488, 3.929302830487599, 2.6898523863824355, 7.136638958999663, 7.913124435812979, 1.4712969247397534, 2.277168429398857, 2.707741280931363, 6.891530392092254, 14.140482588889995, 12.474437495638968, 13.464874780274014, 2.6725594358749714, 2.7358642479342232, 5.316056032139792, -2.340377554855142, 8.57694731761999, 11.107953651960802, 0.6769136296158854, 13.037542958226437, -5.684201316200984, 7.716738769709367, 0.13678031162714216, 0.9277447884865336, -5.178074258348248, 2.809812248771075, 2.8302612355834125, 4.584319081276051, -1.186938516388311, 3.6993096219581068, 4.211381368198497, 6.446478467409545, 12.857678728126036, 2.439810835912195, 4.675487645198183, 13.107039608064998, 2.0026183800619357, 2.667921156024459, 4.090006630864883, 3.3003621109962706, 0.6089184399649721, 5.346789395709351, 0.8884572790989534, 12.071705761856695, 11.91510718854401, 3.084281253833051, 2.3801671408272775, 2.9889861835710216, 0.7096159388759969, 0.03466476654750349, 3.6692881578729177, 9.545571298453954, 3.9720402943577446, 2.8407126400826987, 6.6981984383272035, 4.09316339142463, 3.0993468210130684, 5.540534820386359, -7.478089088594125, 0.9281575820305247, -0.1603977225848432, 9.420579709720377, 8.289509381694504, -1.4205181389567898, 10.470716367220918, 4.702582762281886, 4.137966238287898, -0.13848651604598838, -1.8929504514510946, 0.9096430114237376, 0.5026299531838022, 2.980321663987347, 11.798716689762418, -0.2176516067316092, 1.4451322470835715, -2.4970101959104065, 4.77003540603536, 2.1224383497809294, 2.3380260055040853, 5.387259698474748, -2.7040210850392334, 9.401491585679118, 3.712502605979202, -6.119487964119814, 4.597104821433424, 5.3639924868073035, 5.116184827298642, 4.319229165619827, -0.5610476689883541, 3.7873829022605934, -5.02182869942858, -3.7280012618073983, 1.2595428274136087, 11.639130903669276, 0.7106559211597804, -0.3636261665612312, 3.831685961183481, 2.8972851879997816, 9.533874312744663, 4.382586723555003, 4.015661069764665, 12.752593255590254, 5.5876487699861785, 9.797355036570492, 4.441906284878846, 2.9811502867149726, 0.9487003820449946, 4.794483746727264, 2.773317095308564, 4.028147180014039, 0.903105617837522, 3.5697918257715906, 2.395800611808352, 2.578399342964402, 10.66986952237775, -0.19535424727920955, 1.0150714912882557, 3.186995603761766, 7.90426451097592, -2.7825879826507585, 7.246251395429573, 0.7845971302670427, 12.818430586594667, 3.6037346011376177, 5.437376730815758, 2.6250412876366545, 3.318182800406867, 4.534312687598822, 3.1684905963128513, -4.688716954164548, 12.326197003172368, 3.2601331163465592, 8.284242950617223, 11.71670118821717, 5.041634069967914, -1.7043003312687444, 7.602290582995207, 11.735037717920788, 4.059356155337183, 7.543444229470167, 11.862239438979541, 8.76016207270775, 2.380045682557023, 8.704472740908665, -2.6663561609729696, 2.7551538098247814, 4.687717607841986, 1.3256799751322281, 2.9323156903592373, 5.7047399392160845, 0.25638477489700334, 8.02022879649529, 1.1282956941598448, 4.74416327270917, -2.4285591324094025, -0.8192894300281451, 1.6001365780090926, 11.157055439642493, 4.869141201978393, 1.4607544945653659, -7.678249079812556, 11.799021154254035, 6.525695185816252, 11.815866534679555, 1.2534078158832649, 10.64538420280949, 5.689459917305591, 3.479449273840202, 5.785385662118669, 2.907445416054261, 0.8434395826700045, 1.780248289524331, 12.483184121855762, 5.682100234968472, 4.347809919037111, 2.1884134081466544, 12.706828182638258, 4.291236262551848, 6.126708731653401, 2.8468108603738522, 12.080821157014382, -1.3483490093592132, 4.990915830749008, 9.00676622195541, 1.2145765760264913, 1.3574055014224702, -4.082747995932665, 2.288837185437419, 2.376117877863648, 9.886289706168867, 4.724536569850753, 4.047981314069765, 4.589523449528861, -4.3145129921474314, -5.761731971674241, 0.4116383112440268, 4.951365373870848, 5.20488060100283, 4.860166752422033, 3.274409091338303, 2.73156355993265, 5.377943598483505, 2.8989729115080696, 10.398698246055528, -0.35878120064218866, 4.213899180758135, -5.8176118525366025, 3.7963394659325207, 3.3152744673701906, 11.590423079336338, 3.625437307806258, 2.54481637344019, 7.981953085224691, 3.281841003517297, 11.708465477973109, -2.0049889946727633, 4.768063330096697, 0.3229844684023726, 5.379105257113474, -6.383829181310715, 5.791610824956511, 0.585703604942539, 12.575019472297715, -2.10160348007697, 6.697459865900314, 5.595893075344402, 2.735046914950018, 8.537390733514716, 4.057069277022952, -2.805914151294299, 2.9843939205628476, 0.40428539359484456, -4.206758084003799, 8.21953553010363, -6.4327854525104, 2.8285756860043727, 4.131130780128246, -4.002355952384883, -5.015206865355048, 1.2486387718563434, 12.454370198326771, 9.874835357183024, -3.761855635606113, 12.444266353415554, 3.714560144572924, -0.2329007293618648, 11.136377135200906, -0.31800221681340424, 2.3667661158902242, 2.8379751813957683, 1.2747115411772345, 1.254917562934761, 2.483004779363062, 7.237413252676892, 8.11999468509234, 0.5419122669096538, 3.7627182244548556, -6.040743767960916, 0.6449492000846017, -5.059799363985919, 3.7499327100424606, 1.752465201817611, -1.59770298439285, 1.1739927740630496, 10.74972251400423, 11.082574260519161, 4.458202462181873, 1.0238303434388896, -4.53763812915446, -1.348398838183485, 2.9714429973324066, 2.1850200767805874, 4.873954779294993, 6.049266649905525, 2.9308160635248646, 1.200271706988857, 1.9147172617652757, 5.902459405309786, 4.035579136627536, 6.291816090243705, 1.8475120667786302, -7.444188317242857, 9.518664493910789, 2.313916005499494, 7.507506456594708, 4.245008085909092, 3.8484284708764878, 10.662288031330933, 4.8067683647809405, 3.8085179230122406, 1.5031279000381228, 2.392873166198733, 4.612044393405074, 1.6407957838218765, 1.7843392267336775, -3.315470728488175, -3.7153207346193438, 1.7635341149555697, -2.545453933092334, 12.237616467854757, -1.4126933412798623, 1.46496023968628, -4.5130635768978555, -1.0688537894813703, -0.15583912885286347, 3.105303288753528, 2.0513479236148573, 2.9673679739851306, 5.507245453131441, 7.235215961963488, 1.015376238892191, -0.8083254717491681, 12.359396337829132, -0.466619393799724, 3.9747823925573167, 2.6322693038004714, 2.9039243398868795, 7.854150747472885, 11.986874463416063, 2.761090083907108, 0.14210812262947436, 6.670041828690093, 3.5572293578619663, 2.8540405540622653, 0.41026295553852166, 10.768364364539993, 2.5539587773434387, -1.4768181163563077, 1.522117409989766, 0.6422335565960878, 4.483558693204102, 12.963131928051974, 3.539171072299012, 0.6232147764406926, 1.8361233397218335, 3.1897468971413363, -4.749580992212021, -0.6507975613498869, 13.235017965161912, -1.9269383150334205, 1.6398341806438126, 7.989840972386476, 2.245086970532242, 3.9799355610017146, -2.27024318807461, -2.8527225910589, 2.610177010227561, 5.056514846436951, 10.155614001085695, 6.089258026283032, 11.642260795504912, 3.8895382314658327, 12.152402047988462, 0.7405950162170067, -0.006993109346635112, 0.4779170840515558, -1.140425246040685, 5.002712848312425, 4.40126065941503, 2.837074104359439, -3.48843471257574, -4.022452424388268, -4.288618137451479, 0.8552177138480777, -0.9002253493356659, 0.7528643046442466, 6.197631662744373, 2.984562488391335, 4.938032615367334, 4.216926430511064, 4.671229204622813, 2.3836776901034025, 5.132113465293189, 9.367677976590459, 2.8408130306259123, 3.097472975981214, 2.9688027899583282, 5.50319201747359, -4.930752260427686, 6.227910093102506, 2.5048548399766433, 3.0094556971003104, 6.3192272155136955, 5.342542186054439, -0.7120246561125991, 1.1449587662697092, 4.899846048971648, 3.0263968926396383, 3.50002600704987, 2.0094615588649947, 0.3878372594606829, 6.260842005164448, 0.05392867711309655, 2.6569363773548145, 3.205006438601177, 2.7395734603112145, 5.839318252441249, 11.826603792872612]}]