script/wind250m.json
{"header": {"parameterCategory": 2, "parameterNumber": 2, "lo1": 3.000054539987559, "la1": 64.9999836372058, "dx": 0.5, "dy": 0.25, "nx": 34, "ny": 52, "refTime": "2026-05-15T05:00:00.000Z"}, "data":
[rows 0 to 23 of 52, columns 0 to 33 of 34]
-5.444817192817742,-4.3486370458720565,-5.415933358630278,-6.7991493463673995,-7.74590863882873,-5.504493987318124,-6.231961946449301,-7.1187820220058775,-7.609379814477622,-8.238775384296302,-8.564597075157938,-8.569741303367001,-8.876875916536639,-9.872092087147283,-9.58501031134957,-9.082723811692734,-7.147769101704259,-8.28594657505563,-8.958475747970063,-13.444592567089662,-8.734983544184738,-5.978551110608119,-10.876766121687389,-9.517900892811955,-6.1076529806763356,-6.039401855274896,-6.106654028461733,-5.7642689575396675,-4.137028814937115,-6.048347388369213,-6.423079768579739,-6.935027227468505,-5.829478623132377,-4.05266452583988
-5.712880222588837,-4.95698820008191,-4.71788039266223,-6.744344006929296,-6.257990851437278,-5.846032147190613,-6.21715086597765,-6.991615345498695,-7.581382674629096,-7.910633952520176,-8.260087502608563,-9.2130669653142,-9.358136783375048,-8.724869956192125,-9.030906177540913,-8.004170114366564,-8.7034576346938,-10.957322326505562,-12.294904998140826,-11.34396180201918,-12.72061809522458,-9.200390112320797,-8.5319914219487,-8.621944081622388,-5.710881774587897,-7.345925629085589,-6.041032970060154,-5.2834510277916085,-5.158999732675818,-6.101961106705035,-5.7302082982768745,-5.9843601817872605,-5.849144988660717,-4.3145578936457225
-3.5791412235484716,-5.281833867800645,-4.974707151543729,-7.153015162171956,-6.052051276539381,-5.374019015498057,-4.351533083599912,-4.183240574765521,-5.599339335961258,-7.722564387926912,-8.781739385554935,-9.27559001527378,-9.830783348960244,-8.95925762388318,-8.534105882511456,-9.061152612257997,-7.970777710801513,-9.605059990924412,-9.342563864183935,-8.3611678817665,-10.841209465756561,-7.208357819657695,-9.792373823904327,-8.952541659620131,-6.755599055859203,-6.798246968954449,-6.5024754741278326,-4.534825444175117,-6.487255254166536,-6.56391405631132,-5.631650502444846,-3.8773083634897114,-6.0182441470139105,-4.236413344819003
-4.495628606708614,-4.985630844650351,-5.878721776389027,-6.619911525607376,-6.035797533301476,-5.076936353894574,-4.247485176275337,-3.254741961561413,-4.27900587036929,-4.19796603910038,-8.203047943672143,-9.825439119229534,-8.801413130904786,-9.257423668025316,-8.467588620608163,-9.1282037110319,-8.634414496871806,-10.641575414813696,-9.266226753265197,-8.408921521794536,-10.068870444605269,-9.250214972539762,-8.767732109497045,-6.40835373469929,-6.4086136496120405,-7.407398799720872,-5.676679302463406,-4.967575297155303,-7.551448954901598,-6.3971850903562695,-6.083556756667205,-6.676843206631074,-6.197228842369041,-3.0622271009233852
-4.896035650907493,-4.876182562368724,-5.78890619878365,-6.498237515548123,-5.403312899202524,-5.1870710191635006,-4.895811993993612,-4.4818849095226465,-3.8834532315380703,-4.0074210630057765,-4.546706911885832,-8.670780145557602,-9.631311018606828,-7.75840307003138,-9.35199208342093,-9.874183092657173,-7.318928172661476,-8.127712249080533,-8.602933385548722,-8.19629166446932,-10.040994795651423,-8.510565959186593,-8.09953033731573,-7.3891908602257175,-6.504959141925637,-7.30250797686575,-7.2971912036582856,-7.8334244788649485,-6.030077601314669,-5.46310535695938,-6.279897720144772,-7.863817616745602,-4.818860849892146,-4.729574178026506
-5.101396212330522,-6.215353280566534,-6.171606950398012,-6.688725610207014,-3.123441893921624,-2.928346652746882,-3.8562742566922563,-3.009751273124444,-3.5678370021414114,-4.044917160543966,-3.9867219587957163,-6.274531127771592,-8.230435612346836,-9.225045631729062,-6.658308815275143,-5.668177576094021,-3.8152636784774034,-7.8402011232401545,-10.540190895145878,-12.236702158632868,-8.776510652207081,-8.889090905024263,-5.528649972403608,-6.3577197658833935,-7.028898475985862,-7.067017656956995,-7.187303318362396,-7.20189522940394,-6.185740459488677,-7.588786531230992,-7.281362065741288,-6.646520456739038,-5.39589228541078,-3.3705551079353024
-5.233377789065785,-6.041884741651602,-5.586060842528661,-2.982898892080375,-2.981825772947779,-2.606232418465566,-1.6596610910374385,-0.8004650342788733,-1.2965601324130942,-3.8029265643351846,-3.6289809264344854,-2.345281155210439,-3.8975469885356997,-7.3801619836938315,-4.651337187461355,-3.382329925807327,-5.635511178729921,-9.73296624562594,-9.830005734591994,-8.529141126495933,-8.924556246869042,-6.487177096943029,-6.533017626546726,-6.764928759283115,-6.891451454728689,-6.922194341263781,-5.9716668588838955,-7.069553243034353,-6.277726834749596,-8.503329931130047,-7.32410678232606,-4.961164322429009,-5.620452574729047,-3.589736236451683
-7.157763655541609,-5.389627548044885,-3.445325295999172,-2.0734255921059415,-2.0548957763934093,-1.590011435493846,-0.8938983876524143,-0.8530796010765621,-1.2145077692576938,-1.6039828317837317,-2.567767640984057,-4.903522430209343,-1.6971163196747183,-5.518823357035901,-4.2604626580380565,-5.8458348343375794,-5.215185326314069,-7.45070318214361,-6.274149826592455,-5.011914189473662,-6.127377618287034,-6.276887688255525,-5.666903992023652,-5.672223797728718,-6.263953839586347,-7.17262658267431,-8.005651895962409,-6.724668997567634,-7.5175822737401266,-6.445892686236549,-5.590998149062068,-4.024499664445627,-5.535640846401709,-4.045842347721734
-5.7782850046777705,-4.8056836459964725,-1.7992933812141518,-1.6148103555992888,-1.229694665220759,-0.8570204701110858,0.05397050209840501,0.5889756010235693,-1.3055314978829182,-1.9941384351728586,-5.495707480633516,-3.12035643206941,-3.820681745372705,-6.207161134082909,-6.458276321075952,-7.684119199762122,-7.5349198516556015,-7.269789723785479,-9.218332044884022,-6.5317079288886,-4.816891687918913,-4.29320255212473,-3.9485396626382245,-6.188520587165019,-5.870862781849538,-5.943338804497501,-6.3001753879607545,-5.08673299069025,-4.664319574738089,-4.611197177906685,-5.5747283498907585,-3.156375509064745,-2.778083988227293,-3.961651732885224
-5.373799888971397,-2.3187671554301983,-3.7388821141848125,-1.7669179532086676,-1.3319964293619084,-0.05677771328800589,0.7920672016777621,-0.5872566553678673,-3.7356902940585264,-1.6186166927568062,-2.1391535477701824,-0.819104924461883,-5.360377870988547,-2.0820364582201996,-6.986197885939676,-6.0109397940401905,-6.857357208556866,-7.617843126699195,-7.2175561844328735,-5.477191924266291,-4.498450473902315,-4.473950688748429,-4.133079200960902,-4.571101013966615,-5.294734983461332,-4.239476204786703,-5.471163258058012,-4.899089385805449,-5.1735038805624045,-3.4019238657538313,-4.005161181004731,-1.77810223767639,-3.535997660752346,-3.918747760459852
-3.8074129499511753,-3.8909922377679513,-2.8164577832933695,-3.7162010506117706,-1.1564835779127152,-0.33476850520633633,0.6580279632275892,-1.146605838672627,-0.5457667919645064,0.07970258915628858,-3.425848964914424,-6.743171036558652,-1.295831393208869,-2.8910542515782476,-3.3058226539773123,-5.9776041050477975,-4.670625168863709,-5.936985779468769,-6.381261329484824,-4.391458303858415,-5.06869272641897,-4.679952012036751,-3.7705149324279112,-3.977448535699243,-3.1523564012120455,-3.6875279818439477,-3.3437716931630472,-3.4839317221349373,-3.912890982834453,-2.822477743020053,-1.7332586705048891,-2.1258020651630853,-2.429327396041912,-4.620437142911716
-4.131510886621839,-3.256166586531762,-3.6059204481389915,0.02172770167631495,-0.7957039563704071,-1.9332665757967582,-2.108666765735883,-4.110614709519759,-0.46806041009481,-4.3147133481340765,-6.988316578016849,-5.992569165172802,-5.406760557180238,-1.348326344961788,-2.71906587909563,-4.660217789966917,-5.90166107249865,-5.018112704744258,-5.323254428398239,-5.8553392443281576,-5.669284234949155,-6.135127892414256,-4.5773587067727854,-3.8833587658596826,-4.3919058721088655,-4.054260218314294,-1.3699783186486207,-1.4473204235092958,-2.1006379594672557,-2.1045708171557473,-0.5312328592153266,-0.2862769733188206,-2.656718814169388,-3.7608868096903083
-2.9360473599391756,-3.6182595595437776,-3.9288722267662113,-1.751438939329887,-0.9202125897286553,-3.0644145841115353,-3.100337275212209,-2.6486015645074117,-6.801267464180577,-6.112126944696582,-5.922118365737905,-7.458487409902482,-3.239672112926269,-3.6003844053534375,-3.002939777489255,-3.873054697201744,-5.138439285165515,-4.286652980213601,-6.607535670779077,-6.238678358466656,-5.325077316806324,-4.475275941124433,-4.946652807571173,-4.292527955086928,-4.269014452587722,-4.0403660885053325,-3.29851970895835,-3.642294089140638,-0.5137242256423853,0.6750715512679344,0.46295413196569857,-0.09850017019690965,-1.7728545497543065,-2.624572311098794
-3.566127982545956,-4.46241861129509,-4.504749792473763,-6.804218170805095,-7.17382755659595,-6.389374358819596,-2.0725727477236546,-3.8340687222120375,-10.846758922351636,-4.640126221482815,-5.6889228137831855,-6.15404631047068,-4.254702307320346,-4.300995501336713,-4.004480426601548,-3.6219405879773343,-4.489778012177442,-4.943047847334014,-6.011791691239583,-7.12163034936114,-5.8743545035518165,-4.365853622143644,-3.875181477397428,-4.326174190042619,-4.155386798114749,-3.254900320112773,-2.821023844113394,-1.3391726537801547,0.4155499796851029,0.5457468486295184,0.02158674381913787,-1.8343151653532237,-0.25757995294487956,-2.7577066239810137
-4.964352507866892,-4.018353054197243,-5.668192477096272,-5.554975779154125,-8.041188466575706,-9.867474446589112,-4.98940728100316,-9.384807848380593,-4.743124305429699,-4.471623732961321,-8.92165283071894,-4.744808679181434,-3.9640592340037393,-5.670965131935009,-6.138505165138577,-6.527689168169708,-3.857352852016393,-6.763803507675271,-4.779339163394949,-4.846703511290576,-5.994716270271435,-4.519425881351578,-3.3632839300591226,-3.105264616416079,-5.103912777716208,-4.83558289102172,-3.2372576214183364,-0.3584126997067884,-0.6719042581553714,0.5269274380573484,-0.3180515196938179,0.2523136553448095,-0.6487834327087743,-1.9212995032461144
-1.9426583226954692,-2.9893756897715975,-3.1190741606213335,-6.483212038579006,-7.072218896074501,-8.489424484935777,-8.753562033006844,-0.6027320086252844,-4.901249200929312,-7.294713913898113,-10.859815335586564,-6.840708443040789,-5.266732266336326,-5.147624053885481,-5.104236538466747,-6.640907073472473,-5.266172456072713,-7.546407692921158,-6.015413327484126,-5.132929382141906,-4.061426776950706,-5.349883955061861,-4.174605018258636,-4.389139452083585,-3.887358579416058,-3.4681752819503058,-2.702136531976072,0.4547468242478859,-2.143188345123127,-2.259952139551913,-2.006240555049686,0.7352837448965579,-1.06211064569667,-0.13010338346403819
-1.3553232794422523,-3.2818705851320726,-3.63071939245885,-4.872511797052538,-5.771225225960417,-8.214807829017182,-8.794975240852423,-8.648033191332594,-1.5676988131981033,-10.015232171218399,-8.958949265608078,-5.875465681901713,-4.004764040484716,-3.3693651859683147,-4.498521916864007,-8.048660247935018,-5.76159759714311,-5.935329632006557,-6.653971247254437,-3.5307625091462924,-6.081121453941174,-5.101736825059894,-5.109728562290667,-3.5345231427199035,-4.879852579877329,-3.114370694153218,-2.932637134105655,-1.9345023205863772,-1.1902176198528376,-0.822777746456458,-1.6977165616740217,-0.7978722371435785,-0.32326247839871525,-0.7494703509640385
-1.648196186025241,-1.529377074396624,-2.723955223597791,-3.7472665052771483,-6.401701347387286,-4.1837141008208985,-8.896293130344217,-4.522117788478402,-11.180515623459177,-11.499330902321946,-7.797530006499981,-7.990250778154751,-5.20712109066823,-5.45249176672779,-6.040305239323451,-5.381530693825212,-6.425491292807336,-6.1283368337801845,-6.023598111021133,-5.736869112763715,-4.887526637619097,-5.543242679509234,-5.230964920561739,-3.2462055757177115,-3.3673560192735748,-2.368145393658126,-2.5144814524868346,-1.66433467596043,-0.6541588771687709,-0.8639116221210253,-0.7720119046449474,-2.0172488692063517,-0.8881128646671419,-0.5220347141761366
-2.1906046634894865,-0.9434224243999163,0.04069121226702967,0.1310327701663747,-0.21166880519161876,-4.23597423938476,-5.374238814991337,-5.927217532065391,-14.264687838323743,-11.098579763941848,-7.684728074743139,-6.851348247592684,-6.818802827809578,-6.485352269110388,-3.893734924085334,-3.8411337063937196,-2.7892533036088327,-6.072789639214893,-6.319557697325875,-4.843051232003843,-5.24580063873294,-5.014095178633984,-5.002847503547485,-4.1955916565092455,-2.6936303818744762,-3.524091484064515,-2.5143624842982457,-1.652031726454994,-1.0536128230660633,-1.0203487933641964,-0.5569469257746471,-2.194580369679865,-1.1405236763294193,-1.4988003874770077
-1.2857652023493156,-0.32171210705419,0.48653452832018734,-0.038569500277240834,-3.3415706050188114,-4.74324061704618,-2.2261290196563364,-7.917627943975536,-10.545846587687366,-10.663818973647865,-10.349558058258932,-5.165542765681602,-5.323033390975662,-2.8332294899516737,-6.761463435161004,-5.847424358759174,-5.505989333181389,-5.028866050749629,-5.328336799521269,-5.9694301358891675,-4.824234742413863,-6.084710747790122,-5.442350877041085,-3.767918607303695,-3.751543195737008,-2.3771455230240397,-2.274190273947409,-1.5759120539174862,-1.7957780574944764,-1.8892482197173637,-0.915139639795562,-1.0174360647252951,-1.2735328455558539,-0.9153602191050564
-1.0495616154428964,-0.8460044842817527,-1.8840212685471305,-2.2678224709230865,-2.011093836676042,-6.894059585440831,-9.176382442391803,-1.6582325778034976,-12.487303843169773,-9.986333770470084,-11.330195530940713,-7.864893550363359,-5.61382153564679,-4.428082496224169,-0.1409048740581285,-6.154850006524318,-5.466197001449228,-4.142036404721511,-4.468703066873374,-4.433790647328908,-4.253681875942116,-4.55571214532661,-5.668378625994193,-4.49890785038561,-3.1294520163325723,-2.365404750899921,-1.7565561809972787,-1.3200891035113085,-1.8216690315487307,-2.059669834877107,-1.5306897818203438,-0.6475040636909783,0.19167976807521592,0.6909134150023545
-1.7481810847404202,-1.1500077435791733,-2.1151634683421774,-3.6516662120339367,-6.189154416447962,-5.989207142139406,-9.100852302837644,-11.972545631768677,-12.786359147328234,-9.170659017788816,-7.761255058886724,-9.45281643153485,-5.4001054400190664,-6.079846298824065,-3.8126802034856184,-5.652015825095371,-5.701055051729668,-4.524168958289996,-3.7159503200506023,-5.422011443239969,-4.821913722132679,-5.104728212289931,-4.793194320209086,-4.716266390830909,-3.80245536534187,-2.5962251416116926,-1.953974160404102,-1.6637880648804584,-2.3205653841611174,-1.658478305473916,-0.932571857791301,0.04923793339271151,0.136158476793671,1.7101078033750763
-3.349890992854806,-1.085810539975669,-2.2688023624208937,-4.461747039450307,-4.922991131351703,-8.267715185803699,-10.569852352563814,-7.434519841057818,-11.610788395699672,-13.683156149781441,-9.094801207795786,-11.916017962032926,-6.414087169196764,-0.6427284889179726,-2.1169184950446462,-7.188710683285424,-6.440489108546057,-5.252498239384409,-4.268864649199182,-3.2610271567820197,-4.5469478225501545,-3.9196831905303546,-4.181702260894355,-4.712215608898699,-3.710352839744612,-2.30225204019552,-1.525250441562928,-1.3307503608431939,-2.1238886214287054,-2.137691118477801,-1.4177186196817828,0.41609814075681334,1.9749934152569841,2.076693939543088
2.3702704489366355,-0.40703604826256934,-3.62727844848756,-3.486054566031793,-5.216475806285095,-5.226782641114033,-5.18411544265426,-14.50064676016202,-12.415143419095758,-14.081355945159904,-4.782536530154566,-7.911925645968839,-5.97564023948721,-3.1066320357984774,-0.32519974712371535,-6.494691986530401,-3.4214404912667655,-4.444241267647685,-4.710701256707151,-4.550587818406562,-2.051689847599606,-2.6675707755447724,-3.6872337026957567,-3.8824262604789657,-2.13461298632862,-2.041063017895686,-1.7059268036141628,-1.6253455931963097,-1.504856101687149,-1.8325797321680424,-0.8015055557881146,1.5378184311237912,2.7587560585041935,1.7773813162782774
