script/wind450m.json
{"header": {"parameterCategory": 2, "parameterNumber": 2, "lo1": 3.000054539987559, "la1": 64.9999836372058, "dx": 0.5, "dy": 0.25, "nx": 34, "ny": 52, "refTime": "2026-02-11T00:00:00.000Z"}, "data":
[rows 0 to 23 of 52, columns 0 to 33 of 34]
-1.4956627623368695,-0.5007664318852829,-0.7195584647275947,-0.1012791129731502,-0.6755945376900586,-0.6465086961663458,-0.7066656883378348,0.4630164834985775,-1.464993403289549,-1.546404663242612,-1.928153976431532,-2.8084431186520287,-3.950202190348148,-4.370192835034102,-4.727900422214316,-4.214604513150442,-2.789250847652802,-2.4343552403713438,-2.9156076459418374,-1.1831981545849348,-2.465310108014457,-4.106043655506968,-3.836982428135929,-1.3918096303211027,-4.7206359932299105,-3.9576099699044227,-3.7380641778894557,-4.434856041699089,-4.729699362449578,-4.6949971090934115,-3.97426586054744,-3.373037258432645,-2.6648599862851037,-3.0260314011031126
-2.038623657396549,-1.815561711667917,-1.549961568404818,-0.8511146813903591,-1.926125033084239,-1.1702250284945779,-0.6158043645375045,-1.1590127137885753,-0.9954671583729109,-1.7896548064721258,-2.0499246748213613,-2.6774016910878884,-3.813695890413239,-3.859778764217489,-3.8514304229537144,-3.21582252526089,-2.675607494871311,-2.151168040232235,-1.7942014506317017,-2.09753562885714,-0.7014993364147638,-2.6992924364916417,-2.3619995068107955,-2.872098510159923,-5.232804380483475,-5.16782759306587,-3.753585688561528,-4.461480819289517,-5.346277465815354,-7.181848762328497,-4.775012959465623,-4.0019916577041075,-3.745025770018105,-4.954382593434321
-3.1524379542170857,-4.068028121869927,-2.788322461334122,-2.5115145835110875,-1.5081161647083234,-1.440132219423234,-1.5263512547924651,-1.8733269310716623,-2.135348608034981,-2.288786973100732,-2.3573948429521807,-2.7110713815619034,-3.314412512641957,-3.673956570366287,-3.161365121605663,-2.1394977358478724,-2.772927356198643,-1.9723144689736418,-4.95546142901997,-3.2578992809039535,-4.661206210829408,-2.552069714372478,-5.991608562988522,-4.396145975379173,-5.243071862375497,-4.635001147677178,-5.899021898609477,-4.814564944203628,-5.718953247373623,-8.257390430772322,-7.256470560196428,-5.947218549907178,-5.377672503470425,-6.487016334381165
-3.1453982100062086,-4.140350124249146,-3.424121909895689,-3.0170484797142656,-2.4133947477649556,-2.417971262798492,-2.396901555108051,-2.614359052293269,-2.8321953833930236,-2.9234748556696877,-2.873624371389549,-2.8330564365640893,-3.5042856533772935,-3.633634225323278,-2.6713507206710454,-1.2378592778336497,-1.7013034549592603,-1.302596245579493,-0.7229590332249975,-2.2114879803135357,-1.6561846217285139,-1.9715127700097077,-0.15933751788245282,-4.270116041612329,-3.832153473310843,-4.235572296823148,-4.796416076452216,-5.208121901483258,-6.869916619698178,-6.503416169896701,-7.300792122597523,-7.309199030161738,-6.444512869958809,-7.458632448653061
-3.971510955634713,-3.38461763630147,-3.6020615763964394,-3.2965710576002696,-3.242227428731646,-3.1788691160121707,-3.051816202526794,-3.1997029215447794,-3.420993931490683,-3.374882018906186,-3.173740220354759,-2.9374093299021515,-2.441185190065813,-3.137101859449964,-2.5450122816842495,-0.006326754422375865,-1.1449011790598256,-1.1399877121159159,-1.5812741865823026,-1.5228061057340383,-0.6097310045345665,-0.8151118030070891,-1.0281631248160337,-3.786734787128739,-3.1516381342875928,-3.307361283216502,-3.463857588088912,-3.9685433919580686,-5.842741722798745,-6.071168469184732,-6.6104375937119775,-7.784352315806806,-7.4020643105714665,-7.319460669697466
-5.51232682403933,-4.555065376723949,-4.764100372141398,-4.481793617750417,-4.108655380621936,-3.560084214626832,-3.4614040490527334,-3.5487561144468227,-3.731529631600279,-3.7563860352104625,-3.379669821344748,-3.2733201452987264,-1.9353840601852093,1.4472419395018545,1.5961658467389317,0.7407820732224226,-0.2599443294938554,0.8390155967118237,-0.09789765729656232,-0.36464959886443965,-1.5343443251567828,-1.0814132956681908,-2.5646870306747016,-4.438828969540475,-4.675571220460033,-3.609112077469261,-2.9545880070931174,-2.660466770143422,-4.564333651644132,-5.5789939379651585,-6.873811348839333,-7.707515023776074,-8.35182319989706,-8.841115974946522
-6.934667867155883,-6.977708658053991,-6.107487722116136,-6.080002003849454,-5.991426639717582,-5.056951457533118,-4.38764178722399,-4.157499417015946,-3.846310623760714,-2.047798043942962,-2.052110905333867,-1.6629154928015235,0.7344124337713293,-1.0939750181830807,0.9203899291857263,3.41954907267703,3.0434165507396527,3.111404342173832,2.0073973808522036,-0.04131132297780804,-1.4317270861569826,-3.563455272428546,-2.8829647402359337,-4.766940668680842,-4.208393184897431,-3.17398801363747,-3.5198092188892742,-2.990013736583391,-4.717730895875168,-5.481653828013253,-7.291072400110294,-8.6824980020215,-8.824932145556339,-9.313957610100763
-7.768196478047827,-7.7783359412121404,-7.366607468138296,-7.273303764183568,-6.529749546282419,-6.271560971555452,-5.833008342473114,-5.747998460822624,-5.789288341592445,-5.122097775839414,-4.4233152102960585,-2.961238212083399,-2.546287292264418,-1.870005876822135,0.813859734317734,1.5379387061156577,3.1652783435094314,2.436734720966481,2.642896221589744,1.81235280010624,0.34265536807960767,-3.3393965422230036,-2.4598920102633155,-4.108968527088943,-3.744294483339257,-3.8776555558967325,-4.16111460812119,-3.8522751756016094,-4.375733822874298,-6.452128215637564,-7.184115471077647,-8.905228762714927,-9.337903455175708,-8.142460331531513
-7.701438360236961,-8.41158673567267,-8.382952206222264,-8.145836241891523,-8.169137792229277,-7.804387950061314,-8.20601678139325,-8.44475667512696,-8.898999618828181,-8.030556485244809,-5.921836364937195,-6.044155064757397,-5.100391044297199,-3.0347996120813026,-0.7422292443695281,1.9112174919736247,1.8261678880412016,2.812642338347575,1.925560427496495,2.6584416467265073,1.4788737804057468,0.3418085051816248,0.7885305863615898,-2.0045484604315633,-2.768188154289794,-3.0040274719776194,-2.8022726304939343,-4.154120937164271,-5.428745709609994,-5.657297718763936,-8.297897625953471,-9.71824855548572,-7.9431328805289665,-8.829127228776953
-8.73839921053396,-9.620824460697765,-9.956856465305565,-9.816641445674836,-9.77146444979491,-9.754606569831296,-10.102153327110216,-9.690812386681316,-8.556538727204288,-9.608518757358608,-6.112178433901517,-5.910459550000622,-4.498434171675231,-2.5969529323401646,-0.41251379085255113,-0.08772917070095458,0.8264121093821138,2.101736984923604,2.7982963098573617,1.781592496792821,0.11402135817852178,-0.028357057997877903,-0.03350221612716609,-0.5901095498911814,-1.7545648984189244,-1.1207337376837176,-2.60340270477863,-3.167454037074235,-3.82965618321337,-6.72775772396951,-7.840934850295202,-7.909688099796528,-8.59609219612672,-9.019359462572929
-10.146796981740074,-10.102891696071122,-11.372749361989314,-10.962572940518665,-10.851950791327411,-11.056051810202298,-9.833203553021695,-8.40238596763794,-6.8544757823582385,-0.9114861721362991,-1.2585102752062682,-1.3242884058969087,-1.6711895042241949,-1.0325410540044586,-0.6476069722808342,0.047218185014688045,-1.32850770982438,1.1766094856115767,2.241077444021863,1.5084679295405183,-1.1018205158465872,-1.0365903876602585,-0.5805554247880416,-0.09204442548213594,1.071631426264715,-1.1348035478513936,-2.441148752959829,-2.1618774528630595,-5.5445254528584975,-7.676407545437279,-9.005032299288972,-7.4836019677808725,-9.562620901167085,-8.369172810433733
-10.430389232605854,-11.001306446088307,-11.660100971964683,-11.333296611245327,-10.468600641400107,-7.6904536271751,-5.113705420186695,0.029430643566770488,-0.4527131106405062,0.07442569384459569,-1.4375967083028656,0.73601136962715,1.0485216223381,-1.7109255692670249,-0.14401305652712876,-1.7785914782920176,-0.7696808553480482,0.12387977372509221,0.020355437563911293,0.623910035315603,0.24053009173352383,0.26105088395188497,-0.5130609877067702,-0.5876766461207446,-0.573920357330661,-0.891211947742723,-1.6084753854847138,-2.5382818284180866,-4.895971765205258,-2.9147377310323592,-6.381919938796957,-8.403850479296148,-1.7967641814695001,1.2488086302258312
-9.455208529614078,-7.740273943227975,-9.64634306826501,-8.479939167083314,-6.758103839763916,-2.977330018140738,-1.7101468605319885,-2.7573555916912587,-0.7201946159068523,0.22440893070234724,0.520454358221181,2.408449241216831,0.3936540946736141,0.5262549217110787,-0.45460142997127306,-0.9496431129728456,0.5259329033800068,-1.9406081526056396,-0.07317983905211584,-1.6968968299920009,-0.8818857872300258,-0.9834253442546488,-1.1690467407949345,-0.9774678430727803,0.624109489071335,0.6609792785756212,-2.6496264871572004,-1.6975801192892124,-3.9930024477911816,-3.9745457453089466,-3.862802834658881,-1.066951700989293,1.1614951404181089,0.6894553239081875
-3.0142179392616804,-4.900412484292571,-5.272894387782281,-4.994517752708051,-5.682369196926283,-2.331339041545083,-2.8634647538165345,-1.0392241370958144,-0.25901302087883804,1.4152963581734044,1.9959876380430681,3.1020355992801947,0.600204908664385,0.770119383056743,0.8608770147075476,-0.44594898870821337,-1.0299250675488214,-2.7683103651715095,-1.4105102982637738,-1.6606064650247776,-1.0730690686048185,-3.0363726672638007,-2.296377369921506,-1.2140936719326667,-0.3341843773076352,-1.2520146441235391,-2.446889868881797,-2.649706049260118,-3.9327721676805827,-2.464482812737596,-2.091623091768461,2.376046185478924,2.4479279628281576,0.9732384836738533
-2.5732774130136726,-4.633645886818159,-5.202811357155819,-3.5956419626622806,-3.5894783401377737,-2.5307778640067653,-2.027434786686771,-0.7092762015010846,-0.5059130850039503,-0.16297410480474608,0.8729781446295094,1.5872121889934723,0.8104153428376949,0.028563329021242655,-1.1395239449599879,-2.0216205730375414,-0.7543208399551965,1.2984171271624652,-2.8513998601557105,-2.4375651415854107,-3.004860530155965,-2.9586461276922784,-0.878745629143523,-0.5332433392732449,-0.584383573977292,-0.6849925772813886,-2.684909276268589,-2.087971596826368,-2.135384452675885,-2.097087705299126,-0.7530081322049075,1.2180426419218973,2.2259685602978108,1.6062015229204343
-4.9659012586169435,-5.7138636607098725,-3.4780566391932313,-2.8307408879564835,-2.3258135121026466,-2.701986342770641,-3.819633575284567,0.016856978337215337,-1.6634641244693715,-1.0707431322042544,-2.111316383326111,0.5503298287460394,-1.4044179999460527,-1.012436545028813,-3.4632059210409283,0.7005289396761468,-1.9767415015177443,-1.9746976202530402,-3.0585284397512034,-5.478048386228836,-2.8409812493370104,-2.571436161685301,-3.5861875225057194,-2.9141591177770136,-3.937789139170537,-3.701113278257797,-3.3393373228799184,-1.2247443574297334,-2.974087739324494,-2.3973253094439833,-2.7479776971029786,2.906143561058753,2.466447237658977,0.8503204571690406
-5.267828226518942,-3.573038962917898,-3.1137750842086067,-3.033777183526158,-2.428909988564841,-2.7609317075452733,-4.0866785983117,-2.5549128811360675,-1.1638587073581037,-1.8205586016815631,-2.6235963836186045,-1.8514735547874148,-2.24184181612461,-0.7084504459620622,-2.9046880860368844,0.4542191563179543,-6.197603339405384,-3.8845292542767824,-5.722256237771042,-5.810564805752112,-5.190247525914312,-4.089795360815269,-5.818958824977689,-4.52275693720437,-6.164315976818683,-5.61358454922203,-3.560871881590528,-3.6573863248655103,-3.3876076236725963,-4.460235891227094,-0.12986702031606978,2.263436278882615,1.9491975625398734,0.3846728241982824
-3.8833575214749656,-2.7253035619722277,-2.1607121464377324,-1.6327619613992534,-2.4646981499607,-4.433046085263131,-4.8686623963123985,-2.9092239463879674,-4.952965407388492,-5.465976127116935,-3.6038780359501827,-3.6753512069583896,-3.970277294752923,-3.811432575176136,-4.0722067978407654,-6.579292698289609,-2.442989616624176,-5.12438614812858,-6.699587670119572,-6.627557119221811,-7.282103348559032,-7.3660314017309,-6.818741030985759,-5.413066480082535,-3.7532259732263933,-2.875373483656586,-2.662441732242311,-3.2091580160819153,-4.040033409842472,-1.2002140508307675,1.4372889420032533,2.827808393907903,1.9944042380698324,0.5311989149402823
-2.750991566488482,-2.1661746639820803,-2.186936098402671,-2.550802406904678,-3.2129406587272284,-1.8812635023476176,-5.54340630728984,-5.110917750026346,-7.869323365902703,-7.103165058063056,-6.771350200454724,-4.233156093507276,-5.33185472292364,-5.317092039309106,-1.5580221838474824,-8.125965768194725,-6.91401941778039,-6.2241142657139275,-4.469488450566636,-5.745832961643605,-6.051661790032209,-5.232419353797231,-5.014691293286533,-3.2329262802049943,-2.744056575510752,-2.641932943840026,-1.0735327744909415,-2.948828946453718,-1.2534617110278647,1.228545455770748,1.6028763827712564,2.5023916793991146,2.6170431308411706,0.8903829469938683
-2.819370876685202,-2.6303412493664617,-2.138038082646981,-1.8803767518374799,-2.2007845514709623,-3.7883439956744884,-2.261905236551964,-5.0391919361887085,-7.686062154143871,-8.103256414047234,-7.6308266822004995,-6.84083227631544,-3.0854082500944617,-7.19410795559965,-4.506566830651137,-5.758827466113301,-4.229155886285217,-3.792763736031613,-4.018834600216424,-4.450482609566987,-4.2215448824098605,-4.137647664420427,-0.6649750125676931,0.3706376721777529,-0.039669188886005104,0.5677276322550874,-0.22056153469426082,-0.012370071404614703,1.8610893539012805,3.215405113750474,2.9052396647374454,3.065378987597256,3.3854807657401076,0.610694720180572
-3.5791212856455683,-2.2533227644630647,-1.3578908692286857,-1.072978345494785,-0.3399816933967823,0.03252392155402911,2.2828771798243075,-3.388750412193383,-9.352618473090079,-7.951376016625597,-7.891065014625248,-7.629360157999294,-7.0415553575575895,-3.4770790822978266,-1.4806860070619197,-4.080504653895186,-2.8029740222285073,-1.605726736400086,-1.566808580210141,-1.4762452093216094,-1.3456152224085547,-0.9786289014316915,0.48929392520065074,0.49670215048517186,1.2665082454323116,1.390937350577071,1.2903139809239943,2.157386715372858,2.881080247609051,2.7160138296417444,3.4224954281332307,4.657758704765373,4.032039320195256,3.077716174583031
-3.3428307324464197,-2.611745939756825,-1.8522842014533245,-0.9228954047586355,-1.1160222448614487,-0.6622288873862876,-3.8824484774092727,-6.668570571384935,-9.762255613110186,-4.992524370766616,-6.2593895722791615,-7.672563032583869,-2.0766919855435493,-4.054598539752646,-0.4782212766196326,-0.6912576998158559,-1.3495998724733036,-0.2764177542729401,0.246559084455055,0.8878572856999553,0.7066539457207988,0.9603116108369548,0.8319602051366557,2.109491189959827,2.1934476771628586,2.28391094885782,2.7342766054817793,3.5259190325491603,3.760830558440339,3.8580677134074555,4.520005344564054,5.36391928107128,5.170636195384902,4.681825088065992
-4.530457350758092,-3.4451405723152444,-2.3945627204457316,-1.5179431816930327,-1.2824464422772137,-1.579642446142739,-4.541226603193428,-3.6216614868747317,-9.767252839835763,-8.593628828263984,-5.35571042744816,-7.484814301163882,-6.202785967614077,-7.3736089706787205,-5.344210138973675,-3.4814663742524026,-4.843173529497013,-4.082054106142487,-2.761542401140372,-1.5177223515322436,-0.47261162773428494,0.1929365956717431,0.7679024294354008,1.254012655454117,2.0781350470921454,2.9150655332280873,4.201467818186307,5.536632718734401,6.510339116118878,7.314200055050813,7.949313342001387,8.685278255951205,6.252787768363019,5.463503556152935
-5.929909617186724,-5.218882919001994,-4.007742027051411,-2.5631755844771855,-2.377213077275705,-3.054297141818515,-2.5537380041029345,-7.352493272800899,-11.344102540186768,-7.497024287710714,-5.661541422087023,-5.607359666226748,-6.512732337006667,-6.180274835983805,-6.261130946411305,-3.3571728758540083,-3.6480059629527424,-2.4555641109293487,-4.810098810346698,-4.540274787665269,-3.4679508344007464,-2.4798201053869926,-0.2536217859954335,-0.9504686725192045,2.281086338210754,3.173537286593945,3.7662062869062387,3.065582684196404,3.435670514829361,5.230602266552273,6.322243179612426,6.1969894703053905,6.085101684956866,4.978065263653784
