script/wind10m.json
{"header": {"parameterCategory": 2, "parameterNumber": 3, "lo1": 6.000027932988019, "la1": 58.9999434238085, "dx": 0.5, "dy": 0.25, "nx": 22, "ny": 24, "refTime": "2024-06-12T05:00:00.000Z"}, "data":
[rows 0 to 23 of 24, columns 0 to 21 of 22]
-1.5189864209977781,-2.6962520186943264,-3.5674043337485957,-0.7741606091092593,-1.3244131952803326,-0.6423041602406806,-0.47188751788766364,0.6051874788246371,-0.5858637450027379,1.9193949082521733,2.370281368262021,0.5799387764743621,-0.30225261673879916,-0.9955055292748105,-2.645420859499571,-0.7117958442095764,0.19429973433716802,-0.4623524913977085,-1.0164606079302567,-0.9818970010264743,-0.25758111617689383,0.40612278681476965
-4.034645914767423,-3.451775928730565,-2.821295858038305,-0.8971111456319348,-1.313134550114933,-0.5745883897738849,-0.46167409146997956,1.8598362584854786,2.4950693391610153,2.1828446842185043,1.5790623295291029,0.5161964822799484,-0.031633597736505585,-0.6753041436690662,0.8932824480180015,4.478919671297184,0.518014732115896,0.20701902628211427,-0.6556652753794329,-0.44103181318875145,-0.21400199844924578,-0.023814130931548726
-2.803819740354714,-2.123888873619551,-0.87658088569874,-0.32036293653159104,-0.7052723241757426,-0.5806076064983412,-0.6437006478226411,3.935811194436513,3.461724307630776,2.8069970403437643,2.635837078626117,0.07852882092663542,0.12708244719543318,0.22385744379872555,1.211790843529954,1.0405341797079295,0.3396358549794966,0.1339437989238542,0.6073837960336591,0.023926552415221593,0.4795156726918125,0.16240887455213066
-9.535941074511662,-3.143994943470747,-2.231352908488229,-1.09074291659849,-1.8065126025332279,-0.44186735771438335,3.3221981216403105,2.541322766766387,2.532361341245371,1.4042105494992023,2.086002197501877,0.7603372306479924,0.3705415523835083,0.7255990180804901,1.4867418406063586,0.12945349342908752,0.6346348092964607,0.9231698038394079,0.4209164510584879,0.3435117673703714,0.20513123996548327,-0.15412912784977284
-9.375053191969249,-8.932150063891084,-3.4663626793528177,-1.0677652438334435,-0.38568143256107085,-0.31405719413168126,1.1196359997172498,2.9206345939782956,1.7636111435522368,1.730928436647975,2.181642958135899,1.6574485741765357,0.9433930204202912,1.1623314011852226,0.8427259417285771,0.9014216196422105,0.16758760668579556,0.5952734790456313,0.5448246519062578,0.2480983460650134,-0.19822579564879905,-0.3496439802831238
-9.561010821698959,-8.901676181301506,-8.187937003773943,-5.675899483726348,-3.6414983117444892,-1.925162488695185,-0.6629385796930282,3.4867376799591887,2.9008795229298956,0.9256256164957507,3.069243143405327,4.038941411066473,1.161699479904373,0.6447113637239723,0.716931865611129,0.9738561468777346,0.6465766622239221,0.5572081544027098,0.8424838333382136,0.5481636338508593,-0.028944411975458988,-0.40445170527219676
-8.905489136740645,-8.695755133125882,-8.012954993513564,-7.23066878685914,-5.055702077097911,-3.1343248038667846,-1.2218486012511713,0.264317238716892,1.7405717120983704,1.498885569659838,-0.20762309677315707,3.6975711765678287,0.6238085176184307,0.6524538936273241,0.5758757716527373,0.8317803449506939,0.647360274055212,0.11314027972824746,0.4806085868092792,-0.19921187204248977,0.22461208669147517,0.07761720075589298
-8.218529311102234,-8.259275220981733,-7.746728570419275,-6.9096192622272845,-5.72397797067873,-3.6732203557811585,-1.4214253796961798,1.0109813575643964,1.506955075909606,0.3454780504980603,0.3135719303275597,0.8216228825273962,3.2740987008102027,0.8073666177880333,0.3405104018926529,-0.163340236727158,1.061002112435615,0.9441778058186675,0.884845680910556,0.24773831388913203,0.302530910077031,0.381770738812439
-8.209699685299318,-8.329285080913161,-7.595584285407958,-6.935898077960195,-5.3009680196051345,-1.5300215136797515,-1.478173254941115,0.553499859214713,0.8554974118608747,0.7874252922425969,1.0417498490856445,0.8918839839430702,0.5212372997043142,0.5403997912961431,1.070206195138505,1.1010695249489435,1.470749509299529,1.1790557017976089,1.364903113647878,0.9156111724558255,0.7251249702293163,1.2903710510226452
-7.482912475619157,-6.8627506969673915,-6.927835531779628,-5.684538276628149,-5.605568850570348,-3.1797282414445935,-0.9648956665638321,0.29262483120232935,0.8039816193271423,0.48671663011284527,-0.06310476559772661,-0.798624024702082,-1.7609012731330353,-0.5386347888922722,1.5649089939194412,1.5890948689287725,1.6482024903073076,1.189848494045391,0.87167744941791,0.936071212941871,0.7535005558845146,2.9381324581369004
-6.424441133600334,-5.514076133941737,-5.3466615604580925,-4.525537432724819,-4.999760036348795,-1.6545568586731736,-1.5798411070562808,-0.23314734735736092,-0.07421633619164116,0.6135557177474423,-0.5927853532226774,-1.708820275220691,-1.6808629315474228,-1.1817528987107255,2.0761883480267533,1.441327453650602,1.556778736124613,1.5527858689705683,1.5293309869359206,1.1478869431446173,1.1164253916414038,2.0662250356760734
-5.9910481620645,-5.958506057059576,-4.563075997454537,-3.444156214838175,-4.281923661627406,-1.383749940775429,-1.1205860192968466,0.10098359430503179,-0.5488291074751578,-0.550622899632304,-1.6078764439178188,-2.704848816745257,-1.5478049879833071,-0.8386308018919338,2.861712409237546,1.6700184626067944,1.6835556055702037,1.4626824714655484,1.4198726990231296,1.2431165472841212,1.4578176531535127,3.176361302031852
-4.3432696107174635,-3.7095959594786647,-3.611145363585809,-4.905734588228389,-4.317060973398517,-1.0843703643516056,-0.30911476620149747,-0.16255550557301138,0.29793955657372206,0.3461852928752132,-0.6048304059989003,-0.4252900521156369,1.1555691418178098,1.9669041290952822,2.535449545846329,1.371260018037839,1.6032247601556915,5.1308295793921,3.2702082267303587,2.9048681753875716,2.469851021738589,2.3223119721279004
-4.336032677670574,-4.175391874657904,-4.05047213892538,-3.923627617500844,-4.259305725905287,-1.1669408669053447,-0.38100257725129033,-0.007115367375907316,0.10147888417475086,0.43990184034072266,-0.14905419168649112,1.5571996110822106,1.999023559410446,2.227518273888675,2.0385827420430385,2.3655207663525433,1.8486301207516855,3.8387757252570736,3.6135435288411757,3.7981673708197436,3.001433175274452,2.9118045662891268
-4.514576611332361,-3.7768067015175726,-3.9252586812845873,-4.253603134664093,-4.60636850931239,-1.7595209351877759,-0.23169688636207836,-0.2945630943122915,0.2754819898717578,0.6823870329526182,0.09403147953336388,0.970947040148794,1.3534534722144176,2.462951235582992,1.9243898671414676,1.7820997590960947,1.5847516678861828,3.8197541216336326,4.311440762652225,3.8697179162583177,3.543831797138073,3.154072103446959
-4.109299676975483,-3.4279829526923797,-3.8660909468608686,-3.5924705204011396,-3.1808996951447113,-4.272378319716377,0.22898706389029613,-0.38871123426386134,-0.9670568598502394,-0.07317205164798515,-0.0724983031421879,-0.04455816785903419,1.0164995394396918,1.7072880869483875,1.8307015623492024,2.469539924504902,3.1612040715563507,3.0305976214574972,2.606793251314501,4.340091980163312,3.362557539152877,2.784469893990963
-1.9097886941800393,-2.38927987204983,-3.8983026974170643,-3.6987006897140153,-3.345880690119632,-3.2554331648060657,-0.26418064825545967,0.23429389883694193,1.0012023605900142,0.17242068304318628,-0.21537613767000596,0.03710330776007412,1.0879912287578943,1.7731234028844998,3.3035551375130137,2.371980647034759,2.7696675073137658,2.5765590366460542,2.9178576384450103,1.3862571394989607,3.733163678025324,3.4647381203193706
-1.9008971475223941,-2.479324997391472,-3.2993361909077095,-3.4728051504330395,-3.654012719283509,-2.588240262124403,-1.3750554327607725,0.06193786472043622,0.9949900822632911,-0.4335820943336129,0.556344345792518,1.2769769346263684,1.319763345772901,0.953447072503627,0.3683205297292386,0.4342396242386488,4.940311107278669,4.127678961968599,2.998732218728007,3.9719712642416525,3.8751810969675633,2.7744405459961405
-2.4691130638395684,-1.643966169666424,-3.26926560410337,-3.623195050897447,-3.3654072451251573,-2.937968090499355,-1.0391520450665543,0.12507397495678169,0.5690283993548924,-0.384851785945834,-0.7288075964525952,0.10052882980771066,2.626836771406535,3.1422905635372604,5.836371217653698,3.848572056609119,5.416890856970697,3.6572218287757874,3.34416158807324,3.464589982736272,3.507892920269482,3.7929496071583513
-3.1689802894854906,-3.131665898538873,-3.967400130901929,-4.217973200217963,-3.0905685650457415,-2.874235458633558,-0.696532056573544,0.3117270435264813,1.29991805363082,1.4840320779253253,1.8846473190984065,2.2559308809980774,0.9102727745465554,2.8386007606116594,2.281339617877166,4.632213628415138,4.333154972405235,3.822612103845153,3.028030634017808,4.395071605455835,3.7893028228281858,2.9537172097947226
-3.798094445346481,-3.6971971708894538,-4.006365058550034,-4.338508505585756,-3.054775516090084,-2.6526713959640333,-0.8981412697228909,0.9400727732355573,1.3993304342766946,2.1307478401234046,2.4292576259830043,2.273662398907127,2.105183944764241,2.6029527659074287,2.122415411061895,2.5608825305124125,3.5306429848849765,3.9369710333842733,1.653408933562103,2.9251815617288677,2.7350411642155303,1.814532405619849
-3.8484358455149175,-3.742862212368561,-3.297496412446625,-2.031331988249613,-3.869864595876573,-2.406236565062464,1.2576148894460133,2.4427128390871413,1.7238769482503522,2.19517365117402,2.0633309354393656,2.1005191558635485,2.549089183851144,1.8991620204057156,2.1651748937518747,2.118740042005156,2.5348845772987043,3.6006963128860496,1.9659088738756056,1.9498389364253108,2.1271047219958623,1.3585461044150156
-3.8184085127513487,-1.8729835772478647,-1.5560663030483977,1.1857218699030845,1.880992778697738,1.0607519528556664,1.0381547328145029,1.0049102506518832,1.7408297619298356,1.5876034518718705,0.9934573161355137,1.070992016937631,1.2077287605970644,0.7174192771499533,1.623566696053075,1.9865245089294692,1.993785192509016,1.4763536081869648,1.9710980372907965,2.09497403323702,1.432576464729331,1.1600956461304204
0.4614730736328752,1.502329192756693,1.0030637118225978,1.1391839466543903,1.2015084674910221,1.4366205196715747,1.8326147021157326,1.465192680731317,1.1666629065896548,1.4120208557247067,0.9156705452437232,1.3564698248722369,0.8108143319402282,1.1699286144106764,1.2810123419755792,1.5319362561151564,1.8677614110026604,1.9805890182773167,2.6426743773292336,1.4939683432124025,0.9686212647312926,1.1822853602609622
