script/wind50m.json
{"header": {"parameterCategory": 2, "parameterNumber": 2, "lo1": 6.000198445256149, "la1": 58.999992894266676, "dx": 0.5, "dy": 0.25, "nx": 22, "ny": 24, "refTime": "2024-03-27T19:00:00.000Z"}, "data":
[rows 0 to 23 of 24, columns 0 to 21 of 22]
-4.948835437263649,-6.526298466634521,-4.027826898532427,3.0188764961951406,3.562691847374563,-4.2028065162315835,-9.32597627051807,-10.734408481461825,-1.1553039914668544,-6.361225483647015,-8.462579323189152,-3.860673169903404,-5.522577693687233,-3.7520258456916,-3.3842498275962423,-6.545056071482246,-5.705700410970018,-5.111534306238223,-7.705509443365904,-14.02531446941544,-9.035028382466558,-3.399173899761473
-5.367334448154144,-5.167005787580706,-4.952134121874508,1.151508688054726,-0.9033251313168454,0.9096023044915037,-4.46016011446084,3.0277633056760274,-12.980917444264511,-6.348301572721994,0.39592470623322046,-5.515178123830236,-5.543751654381794,-4.802397058128406,-3.3321809260908513,-8.23826219471633,-3.6389097945995457,-2.2961321719632655,-5.455564624188413,-6.651445487905651,-5.182669012441574,-5.802973673485556
-5.152045652822375,-6.238826743023447,-4.860705135938005,0.8274172176286204,-2.7971870183388714,-8.35353827866694,-2.810422846791714,-9.31916450439321,-0.8258425827873482,1.4490104549156864,-6.587818562176444,-2.2829269172641093,-2.585695917310569,-10.207817398730155,-6.3803033725482035,-5.355825026396204,-5.682926688201991,-5.3342691882170765,-5.738258347595634,-7.818946532043659,-9.551324794238667,-4.707101274238488
-4.633326814503383,-5.8297432943133645,-4.413883959923271,-0.8887142039488841,-6.9205233208674,-8.917590010844139,-6.57642786987788,-7.833262174822317,-12.236160382436422,-8.418112625787606,-6.378132395685805,-1.789281932833991,-6.870047710111733,-6.491259539153803,0.6080879320326218,-5.908022210063129,-1.6573122474898723,-3.6119860601733356,-7.042364875110852,-13.639632546779461,-15.187451230666639,-4.937115830996532
-3.695680582151915,-5.119773916650012,-5.2581064448776935,-3.8286118608547257,-7.773715436093192,-7.150573078330695,-5.058041840498285,-1.5707003625198126,1.1092801484416057,1.0927223185740769,0.024908995102479136,-8.046026547369593,-6.685746090609869,-9.090330192709335,-4.328340912652764,-5.687789244800478,1.5275700136766819,-5.381630060797846,-9.118598996050073,-6.28971923030032,-3.050862617097978,-6.442499335837137
-4.015650430247867,-2.996272574833783,-4.42419783077533,-6.195770688760511,-5.64959589540935,4.100128520265899,-1.8204511362861906,-10.704255069843004,-10.04464533887341,-5.212718826157954,-9.733346896168408,-5.664454590078626,-4.539546045073081,0.205234225092795,-4.65824585401439,-4.555414310437128,-5.859327154677917,-4.139527582490306,-7.347133798518162,-6.309704729256612,-11.468526880849053,-9.270539700527484
-3.408420589210897,-6.306641952648186,-4.861326431348248,-6.771006011650701,3.056856302654842,-8.072527244107398,-9.80422268817204,4.0318074590994835,-0.29074275573270697,0.3581833378203198,-8.478481267643698,0.27027739010037666,-0.13996219424600864,0.256707777954948,-3.7664984518322138,-6.00123710089482,-4.242540930114786,-7.10935005597423,-4.422315876644637,-8.321393948177834,-4.596046772666465,-3.355374980273524
-4.399367920362335,-6.539223116832318,-4.5397692141472765,-5.271669240093589,-1.7139050306172574,-8.4657189309844,-5.2353343635601615,-1.4439341679368287,-9.771746165073758,-8.54985106233878,-6.750715358444054,-1.2158177783653619,-2.0788286552440653,-4.167156796983981,-5.031919786714912,-5.216157397718656,-4.456653284089678,-0.5476386046118656,-3.9027124870534866,-5.299282456183169,-5.65055174856486,-9.193808905923687
-4.819873728226106,-5.672011948753971,-3.8487707076333386,-3.8961845979653673,-4.4966742360163305,-5.679669336309472,-2.1515416150833513,-9.89878143741731,-0.685965388136334,-8.970919604043935,-8.872767221399455,-5.011229258694237,-6.817328801140164,-3.302627765780338,-9.213937601636921,-5.835677700539432,-4.452793770230008,-0.8199179886357025,-6.865011030632706,-5.181539372266345,-15.943077091923922,-4.636332573966186
-5.306019150067915,-3.007414715814641,-4.036912212982558,-3.522599602420984,-7.111431231240414,1.1887838739004426,-9.713575623970227,4.789237548483952,-10.071004586952792,-5.591670375151211,1.5109555573907612,-4.251919124648864,-5.084177160684022,-8.09407757233612,-4.941502425220125,-5.654363862497005,-5.330903393773569,-4.167620054381988,-6.896397416851754,-4.8168299432588775,-5.354066698490883,-9.958439075976141
-4.908448451195053,-3.3598092242204456,-3.2495891342745633,2.029736665498908,-6.825736817302542,-7.381649487934916,-4.631334855072915,-7.100276198762382,-0.3367224091242781,-8.485245642905666,-6.322437814299125,-0.05656377782208114,-2.3136559195236024,-6.756661440895268,-6.291887215902689,-6.246773018973862,-4.59887622546783,-5.803729687048288,-6.034503269923153,-13.19111270188588,-10.102886710028523,-5.757569059596932
-4.079350397601006,-4.096896630040088,-3.594018646724686,1.8574607514724177,-2.526311843469567,-6.572228106822976,-2.959351147632247,-6.400925415039043,-9.233295360440533,-6.191000183151516,-5.789811636097216,-5.341829970367025,-0.2070527916954583,-10.128542969279517,-5.084474311414641,-6.457969712791796,-8.866467627698315,-5.164559922470442,-5.582913671296027,-6.319142510176998,-4.48290348474215,-5.127089815254149
-3.6938614096652898,-5.477118754200268,-2.9437174280185032,1.476216965683941,2.33681382944917,-3.689202858302261,-9.551867137615448,-4.299768756881641,-5.739530711157369,-9.206849023261546,1.3348141632509052,-4.28853505714453,-1.928032680929309,-0.39467197822016753,-4.923777478650901,-9.008141867902701,-5.2566857068872945,-6.982210391725223,-3.788945736732399,-7.7510893793068965,-5.978698643569968,-6.360817055944921
-3.919867326144821,-5.166684583976867,4.064619127308742,-1.8134510816691902,-2.8678740499120616,-0.5543545301735819,5.231033865540089,-5.477561319132996,-8.1163486859321,0.582241350871479,-6.404994965248974,-0.35456982013478505,-5.224874374000349,-0.3938000308535349,-5.81029507628266,-5.635879774844513,-5.542975522848585,-6.150247401516585,-10.710583270694084,-13.778589932129199,-10.34956836583792,-5.3112293385638525
-4.299433132524063,-6.937680998425949,2.8133794435355277,-6.325285492913838,-6.3168111185833045,-6.803771342360578,-4.028879069613572,-1.4612097779215838,-1.2537223150056873,-5.813592705865481,-5.717517673577795,-2.1397158944987256,-4.011585143849507,-3.875146873713035,-5.3529041512142665,-5.913235685856654,-4.812577044272814,-8.360538096641392,-4.2946957258604535,-6.765470926508848,-6.677041289749997,-6.137067657268196
-4.062042647759302,-5.635217806650538,2.5546213268182214,-5.274093760748997,-7.622477829752104,-5.1856347374491705,-9.481626580225216,-9.641643231938183,-8.411615468349321,-1.2809914306653813,-7.060309515733328,-5.912419594875486,-0.6923233361163763,-3.6553789955201923,-4.661636034552353,-7.2703925017195505,-1.4899050998055208,-4.750357203296047,-4.69253774884642,-10.561424705432378,-6.905551017322093,-6.312097483118862
-4.976931489136569,-4.474770583721089,1.91432634692849,-5.492372776406808,-2.2674114290437455,4.200111915708026,0.10156048278356776,0.34140765354025454,1.100037566866924,-5.686461589002905,-3.1882351906447126,-4.2492553806193385,0.8095481959565012,-7.154689351972613,-7.223949233981007,-10.77327472371165,-9.915292788881224,-3.0264780667614875,-4.5093329526471475,-13.77724874828522,-5.266804800979966,-5.0517745010097785
-4.05746367064724,-2.6008243703697165,2.166093825319163,-3.466184197129778,-1.486497902415991,-7.4526348030589356,-2.193134507454653,-7.071532806683605,-8.715231350527521,-9.1415463956208,-0.9159803311072885,-0.24059747321871133,-3.1804248185048016,-8.784517884134104,-6.110813768218153,-4.638021400382441,-1.825032468179339,-5.099003074413875,-9.513612962146464,-6.849229964898571,-9.363221508719501,-5.242828327729904
-3.7400148424297273,-4.956495958350197,-5.104032039276591,-1.445607122879414,-4.372263701975697,-5.742627955017987,-6.553173186984333,1.2894936445669047,2.6445441396736564,1.6682568962439706,-7.87492784602195,-6.383901250031447,-5.963244811968593,-2.2113808708413107,1.3091567599390552,-4.582746666518989,-4.9585477001819305,-7.710793002669517,-4.130779522177902,-8.776907892040487,-10.725984614354044,-9.12541587658431
-4.771891115305885,-3.604754079187785,-5.309251866153334,0.9267040425954384,-6.929016130620625,-3.84130695518631,-3.907286323583201,-1.460179215754221,-7.716313595713079,-6.465188370894754,-5.005241746898543,-5.040089235202201,-5.4782160289474735,-5.517957743243325,2.9404157135824196,-6.949777991689744,-4.319983022891101,-1.8621859165253145,-6.124227471669399,-14.123699873101245,-6.379559101596721,-7.223656041379037
-4.13340969721221,-3.9482435149790542,-5.039890271935549,0.48090591683051237,-4.932620961479385,-3.9148336464356297,-3.1984076491826814,-8.846656570199448,1.637757654469882,-2.501073245893827,-1.0219401004073307,0.01760751932248716,-0.7665855492879553,-1.1277433837464448,-3.8214993207809287,-4.072108118847227,-5.120993206871297,-4.367954824227206,-9.025374659314437,-5.960069139887772,-9.84076870532004,-5.361280851411661
-5.186690919036426,-5.43132197905996,-5.162448025759899,-3.1990140398044837,2.684847964254995,-7.975731079054602,-9.7076108861972,0.43300031769204594,-10.29046295763134,-5.167135016658482,-4.7488139512003205,0.3872014859487277,0.7695586641207522,3.5637313366634027,-4.2413242397333795,-5.130220901844012,-8.35101009555572,-4.121322529816077,-9.410441081167404,-5.360954790778995,-15.861487076365828,-7.576818081166646
-4.201515237258795,-4.516237079084792,-4.563279291424676,-6.90723857878984,-0.49773088960518397,-7.709806734716957,1.6977442687866415,-7.606492099876931,-1.6362930630493044,-2.1471379216725195,-5.001548273491792,-6.803598552583296,-4.069402719005059,0.3199166218545069,-4.897010197874935,-1.7363685264816038,-6.2282396314348025,-4.873561517787051,-4.236924441637614,-11.688606779655558,-4.310462783594752,-9.625402432475013
-4.697013533571955,-4.5148640289656115,-4.484683917374815,-4.963855797697776,-6.53966300896286,-4.67286986134553,-8.299706679270669,4.015522002066531,-8.142930727547553,-5.862451907465434,-8.621080526513031,-6.027327731712691,-4.861217542821853,-7.611369849845006,-4.880087030975915,-2.158278086799263,-5.686954918889206,-4.150620443646156,-5.872564127773427,-6.598841149920137,-11.386195588259017,-4.719763793781553
