script/wind10m.json
{"header": {"parameterCategory": 2, "parameterNumber": 2, "lo1": 3.000054539987559, "la1": 64.9999836372058, "dx": 0.5, "dy": 0.25, "nx": 34, "ny": 52, "refTime": "2025-09-12T06:00:00.000Z"}, "data":
[rows 0 to 23 of 52, columns 0 to 33 of 34]
1.9392911152824368,2.3308705924271265,3.02882677991007,3.591873230865938,4.516187109589959,4.673371993074279,4.8140737571570185,4.364211150712904,4.952432070011836,3.9357499305683867,3.8954347492550907,2.9069256285782403,2.543577548905721,2.204589405381772,1.9596914037401818,1.1122107680781443,0.9101005284133247,2.447652102199813,-1.3668441799653392,-2.9444032168155063,-3.057416298276037,-2.6279102256470095,-3.8919123081091156,-5.572306500325761,-3.8974780728283815,-2.7222408573589476,-3.0413584086478163,-3.2210020259621874,-2.7951448768691765,-3.229370635669436,-3.1242500577284007,-3.198791657882933,-3.1452169254367393,-3.0025515535078755
1.0524968828822736,1.800379887090947,2.314408430925572,2.9482254463108832,4.234919996714741,4.470763889120812,4.972960241967542,5.299813924600846,4.718452781809988,3.7071559749505605,3.342176708892782,1.5148782100087408,2.3656497871439166,1.9484693444198624,1.5396971017405643,1.4578882861394444,0.06978165316664522,1.6977085649723975,-2.3885850718305854,-2.0051578455878873,-2.8681173383557472,-2.891257703897162,-1.4887933464008105,-5.756288327117827,-2.533367063213078,-2.6487318223929406,-2.6647416576089085,-4.383665620116856,-3.209946472538301,-3.0650881774445673,-2.8157182758661614,-3.074580803700217,-3.011354639176873,-3.09327436883957
-0.17151531694746372,0.6554720058632608,1.2098127416531403,2.035681365699495,3.01643926523812,3.9436799388379744,4.721776315892342,5.474411804049752,3.5582705287667658,3.346149903361067,3.1976882865660308,2.8585144938843943,0.8153129736472753,2.3129399664826744,1.2412480456699622,0.3346490037921402,-0.19205617931885977,0.06086927679218672,-1.6885109624804875,-0.9788466378220337,-3.3110098363405474,-1.8559347613883208,-2.933178288699266,-1.4402020703253315,-2.309002256422281,-2.017008473081599,-2.7271409444277284,-2.7307442161733744,-2.9017649537665506,-3.2194195031204482,-2.816477126960012,-2.547847881139968,-2.8219022598545194,-3.184874048601908
-1.4493131399691943,-0.5921551282770547,-0.046769865245820344,0.4564994017359313,1.6717377406323215,2.633651957412015,3.9240614597023247,3.925087912267844,3.768714702794593,4.253580603551551,3.3864247870613102,1.8948014404473237,1.0142950635364645,0.7398022826241937,-0.3210253897991028,-0.55004601761705,-0.3200806387268281,-0.9492137454333179,-1.7695267411595195,-0.3224979023712622,-2.559414487228544,-3.081412589977201,-2.9635271260097076,-0.21665973951081058,-1.897237117509477,-2.7162684538864013,-2.2642040631357463,-2.4362095020566996,-3.066785514162908,-2.990241813149949,-2.6846116477242545,-2.6858980787518196,-2.6506277626556525,-3.1966934598850605
-2.575239539527743,-1.6430166370515138,-0.8621455265773214,-0.45403726154515833,0.3632318614049974,1.5027782642094156,1.7928657414064584,2.718271283948355,3.369270081037178,3.6277371416058406,2.3340648764378447,0.442486837984583,-1.289771416039651,-2.346904515358568,-1.3099888607796732,-0.6768244848318189,-1.1343441651817008,-1.3722307891757701,-1.0317804654360168,-1.7480699457304427,-2.8079578602103883,-3.2084770676346137,-1.7265513176800416,-1.2528919620686516,-1.4229943200437134,-1.0891991335453517,-2.3847354384016732,-2.4826999027080974,-2.276193768031447,-2.994985580000529,-3.0224906949143,-3.4275573976926874,-2.6301202332776072,-2.5221747769378027
-2.1549894318888674,-1.5944174517581018,-0.6657087541540182,1.081647828149389,-0.5155268708185351,0.5805970422542954,-0.034407353864407596,2.1698144772599615,2.224457029733615,3.063666369459433,0.8887046837647719,-1.1719034784641507,-3.1307056922628123,-3.403685662583511,-0.9304437859438636,-0.9444022971549945,-0.5049239387063141,-1.1343722762627275,-2.4629744943968146,-3.735752994267267,-2.0149595840586643,-2.961781100552562,-0.9343306066831718,-1.1736382422221157,-1.4124373978444782,-1.3525140924632217,-1.54906967412366,-2.079710412068667,-2.1861468423449257,-3.112605107670996,-2.858796659106695,-2.4876878000844393,-2.522065661033389,-2.17692711338386
-2.8985355507538224,-1.9247118764423565,-1.0548091327048288,-1.2596133778759049,0.7460687723410053,1.315318816698345,-0.04044620051747834,1.1652868882920229,3.1609947769862976,1.9447413551153077,-1.454417935377255,-1.3488416774580934,-2.0103882059840292,-1.5032781911537927,-1.7218446870786124,-4.012053501492023,-1.6637761655015624,-3.0317734904770037,-3.789242130401659,-3.2428533233429055,-1.5359040877578187,-1.7908609996676703,-1.572304136295148,-0.6998338214997638,-0.1675377630099017,-1.4420118129517947,-1.399509120170263,-2.10138593795475,-1.9082563371268155,-1.8812388137664358,-2.6259968842186097,-2.3268980058466657,-2.2170257398280535,-5.908320679406891
-3.528279505725103,-2.7744614490035473,-1.552118552234301,-0.4796314312380848,0.0036698618467988133,0.500997398678945,0.5953633312456359,-0.1776208528704556,2.3769904787642857,1.987817234061426,-1.951944800638212,0.021556502744418414,0.4826844320014271,-3.5816049993258834,0.5375374466487236,-1.5479524830521119,0.5891893331843384,-2.348222852807573,-0.7034976542099656,-1.4846492862395828,-1.9079420042311557,-0.7692171843835535,-1.3969649263451074,0.3581913720547507,-0.6223955485383857,-1.2619030901582673,-1.1684435000682039,-1.1833544314308646,-1.6429032718045709,-1.6301440203105748,-1.624741597870297,-1.5530874443948361,-2.650802019555253,-7.442139352526055
-3.598358977313714,-3.1391575974294255,-1.459490920952525,-0.6929975533361507,-0.9309158421767115,-0.6444725586367928,-2.5572685773334003,-3.0187242300645565,-2.181307307444446,-0.9886358960985729,-1.1709394982444838,-0.26714429663628747,-3.0821635846679647,-4.627764084657482,-2.6256266936790436,-3.2416998343160612,-4.514286927722968,-2.1996665804821314,-4.21125321445598,-3.1323429222990247,-2.6039385877684635,-0.7830878600352142,0.3478979541251069,0.1576400508247845,-0.028241005496934268,-0.8455029536536841,-1.021416644326476,-1.0166163635344372,-0.9855544442003435,-1.567913030911325,-1.3343457000061187,-3.185900637633612,-6.092241184246484,-7.5274942862927166
-4.538684660318732,-3.901364084247373,-2.2426238760964115,-1.9766599987889257,-1.8980590781208948,-2.896386927673624,-4.33608299924989,-4.370107542511552,-0.7799405719118349,-1.266158815980249,-1.5829659679719144,-0.25465188303913944,-3.653873092884976,-0.33457764790273115,-2.1489845630019806,-1.7624446146165293,-1.5064444132367507,-3.6234009528445905,-3.3673302966316405,-2.4574870373767275,-1.6664369528428535,-1.044126205003409,-0.9530463970043828,-0.44280111925026305,-0.6495329486300879,-0.22470704223820803,-0.5180113719458495,-0.9596134622839382,-1.183429226500057,-1.5085387735494606,-1.0447025503898932,-4.745398966626956,-5.777762653122082,-7.008019528897721
-4.898350573748053,-4.286086444271721,-3.719135448088989,-2.378835471435276,-2.93312362922635,-3.013335056194727,-0.8891802459951154,0.1981866577895417,-1.8292949200199093,0.2253369596428467,-2.4441993412087117,-2.4028740783755222,-0.015610268053120921,-0.45445227374910074,-1.9913014147479147,-3.300923690418728,-0.5454978626100533,-2.088669379683787,-3.077376057861287,-1.1632143106307054,-2.1305920296081577,-2.238786584700524,-0.10189606117007433,-1.6430918088128288,-1.279277296407476,-0.1205920851153189,-1.2400140649802223,-0.4184734982895702,-0.5801294545782886,-1.290555650434433,-2.2343457061571335,-2.119221839103663,-5.122185670178055,-6.710941929876601
-4.8171912863845,-4.767453027856307,-3.9282835634172977,-2.9784134341224275,-2.523810088616984,-2.3090430766473506,-2.1086900185236845,-2.145729382908355,-0.41856060010447005,-3.7897428509367734,0.09350489763230155,-2.5703884487055686,-3.5316613724169987,-2.760762117460175,-2.9859897404933227,-1.6654132153822112,-1.2801936925868251,-2.0448064324806103,-1.356645830624922,-1.9793026641142633,-1.2598227504125843,-1.9797510867487125,-0.9618860205679409,-0.3048780934772327,-0.888141192270322,-1.5257177290947002,-0.40664039235119753,0.3094456125183672,0.29573843088883117,-0.4133707564964882,-1.8239560360542357,-0.5114672961615899,-3.9487873466792838,-6.40717114336185
-4.742851277941962,-4.1520851275777035,-4.639591292365567,-4.933000660984913,-1.7757602864750375,-1.6235764662559709,0.6541850184566353,-0.16115861920432653,-2.7371098302792136,-1.8174054336597605,-1.6589283304166913,-3.355000068620618,-1.3946543390367507,-2.7560862350586883,-1.2161183120629988,-1.4752996933281872,-2.7720931926016457,-2.016133286695071,-2.357003128499152,-1.3713285217289557,-0.3296505550014877,-1.008404958089051,-1.2645521256521433,-1.250622284572523,-0.6984182951307202,-1.757245040125762,-1.1454634398230106,-0.7240003486850158,-0.4129364825808746,0.9553399027130957,-0.11664764765650176,0.24609677546815634,-1.3667121340488833,-4.749963644793936
-3.590146685557702,-4.489093496287933,-5.1577491788406915,-5.75522583609478,-3.5729662786571104,-4.680132387722962,-0.3997666752413226,-0.27638362398760996,-4.775925531551186,-0.6330718769202007,-0.515331589717396,0.867782208260338,-1.6046313005411383,-1.699260924699337,-3.1505835200374377,-1.4107806328434007,-1.596583796410174,-2.849103662954569,-0.8794362925136122,-0.25396439591613584,-1.322377540442592,0.30102470551278665,-1.1281389651699905,-0.4393543426025579,-0.7182579416307434,0.05415306324871234,-1.0716410747340235,-0.02402077787551706,-0.7602303418544609,-0.18373333811593462,0.8085137592647671,-0.5829252142223591,0.08256553781877561,-4.472274723628835
-3.9650915940071934,-6.023544860333118,-5.982231349799653,-5.939085677331378,-5.78734993543045,-3.1849615980084014,-0.9261962130144822,-4.318233780143194,-3.780483454766586,-0.6133980536011268,0.40076982573909103,-1.9298643738338834,0.2571342004506721,0.2695432446913981,-0.760907597546718,-0.4030982593823546,-1.3199304383921584,-1.3383834038765934,-0.1696192531312548,-0.4644761261667883,-0.3175330964112824,-0.7737693252024813,-0.6207397933446122,0.25165563033514515,-0.712793843189418,-0.7503662789221676,-1.0081407060996777,-0.8574320649342903,-0.31529853458576756,-0.5415490226798112,-0.8139519626400268,0.08163511335309655,-0.17920076978593438,-1.6578945402766974
-4.55017938049676,-7.9377248935332885,-4.90743897888707,-6.206411800283822,-2.802117089437874,-3.097332257906127,-3.283910984820952,1.0841508854743054,-0.11000238042662615,-0.03856940008878389,-2.712852941899397,-1.9270956819131426,-1.833028843596998,-0.46706141141141266,-1.888823407264307,-0.3491130498622773,-1.2295389641271945,-1.257161032618599,-1.4615030245459897,-0.24214051109515067,0.5236269147694063,-0.18640337084580497,-0.7658513939354217,-0.20875043353233994,-0.35370352768071744,-0.5315998608307589,-0.184848377850475,-1.133074124935864,-0.7570392049372857,-1.1373880567268428,-2.1219006614337137,-1.2923888413641345,-1.133818714366765,-2.175606120562157
-3.8889236169968906,-4.3114700817597065,-4.371888324496963,-5.673246796773013,-2.8209239086774125,-3.1195117238643735,-3.6282229134305033,-0.29609867769681847,-0.2348820314761947,-2.787787277968468,-2.896361373774152,2.0362260741953095,0.04193917237156995,-1.6438233873217278,-1.3813325695294751,-3.443819465300378,-1.120100770436202,-1.0746543072429857,-0.5643550491131878,-0.04258268009996427,0.07992487635810952,1.3590874066211518,-0.5234057718717593,-1.252213801556148,-0.6766117960655765,-0.6314024526733677,-0.16362107559585104,-0.07892932147775245,-0.32847953746911823,-1.2176098052402347,-2.4190600547454553,-2.185479891487189,-1.696621145133344,-2.134033780475679
-3.992441711826362,-4.20297394804253,-3.0443961799135253,-7.273648743318828,-3.1693410908561908,-1.6929724343043537,-3.391431086473989,-0.2557837336669048,-1.753915485119003,-1.244603266269872,-1.3740999658855937,-0.6557737269123912,0.0010378072019018624,-0.0835695564603031,-0.12053779793244808,0.17479183560665223,-3.422455874268842,-0.3360457833318629,-0.23961364124267376,-0.4435563325559092,0.2370057555543642,0.07473561823525628,-0.13934748150225013,-0.1365469827583584,-1.162724710307442,-0.4060326780384462,-0.5800401466223932,-0.6642056541310112,-0.15996465083162578,-1.3438249709848717,-3.1488637252137326,-3.0470683820432987,-2.1749384324942236,-2.7782929732915
-3.8943569607922206,-3.456075431056902,-2.6215772845969783,-7.677929745222698,-3.698862782560751,-2.1364281048035516,-2.0146117511025796,-2.8306662290163196,-7.260447187057016,-1.2329836070162505,0.5623424885787668,-1.579336428966337,0.028247044047913734,-1.0523339584850202,-0.875372325496496,-0.13176287081678545,-0.760638744372966,-0.6695139507998101,0.0686284499086568,-0.4334397665563469,-0.14053759249825948,0.5913291869104502,0.4331704870409003,-0.5907236100535422,-0.04995910606421375,-1.594041934093484,-0.2756955257406308,-0.12950334728187052,-0.0068018333934489975,-0.5220077333262289,-0.8137073894410345,-2.953364965245604,-3.4459701856258786,-2.9402495385816847
-3.3512343618333915,-3.79652710136683,-2.597288845144398,-5.47998357306658,-2.9999246678977123,-2.7910881180938647,-1.641861087690993,-3.5688005567010874,-1.9000425601229827,-2.213812765139313,-0.6657741724719387,-0.22880321492346964,-1.4297018032443458,3.131491035106648,-0.977342811387631,-0.42948261072402877,-0.8695313578048719,-1.4443516588547567,0.16162645089514965,-0.7286677006549129,-0.012186040609531162,-0.12824463125051133,0.5855586011632251,-0.4309896102615483,-0.7810281720915945,-0.8490087557806462,-1.1123929698591437,-0.6821922203667837,-1.061079207177863,-0.8254121532256185,-0.5890177150743497,-0.5920245026851015,-2.459693665996419,-1.1967573233614903
-3.050665598721529,-3.761314559555209,-3.113987526915149,-4.958340400088962,-5.712762929736471,-3.329797828209481,-4.30297692958236,0.37712848940445065,-4.2657068413374635,-1.5026692645976338,0.0016674832296617748,0.08383752959958929,1.347540415726949,-0.26270132872246804,0.8736032444359929,-0.5239757675791369,-1.1912764523518746,-1.1285493866193292,-0.38926864411402273,-0.5591310856092694,-0.3280903340540225,0.217340694938873,-0.2742876287615891,-0.43187414269685104,0.2238854084912557,-0.16830528663971267,-0.5424781803660045,-0.9148496976040849,-0.7640750285772492,-1.2438108925148066,-0.7142535895443148,-0.6465609386804143,-0.6811189117664328,-1.284496071580783
-4.313014617683076,1.4315354233199145,2.9391156885885055,-6.145689229044679,-7.521745046458221,-6.301878595286756,-4.297310866456542,-3.735426730951888,-4.3831920326808325,-1.5985158981075287,-0.7253502605024776,-1.3561672790696884,0.8536368399485189,-0.3010709393419139,-2.53988220160004,-0.4909601794995691,-1.6863431623683576,-1.6968341905889712,-0.8013322398607958,-0.8974850812438877,0.06051908566070881,-0.6976709523596268,0.3055623976167857,-0.986010891848058,-0.12288159468179369,-0.3236254268015274,-0.9739520628909335,-1.4201689954986847,-1.4281775583360872,-1.8481486210232108,-1.0260658731499608,-0.6830912757803822,-0.37323434209066153,-1.2403778207824057
-5.331048034149045,-0.4776439860459034,-2.9825067245907806,0.9927677401994467,-9.018000348742584,-2.8900223219347816,-3.3828450548499935,-1.3287293287737152,-3.7978792461486583,-3.9585067115502746,-1.0298301365053624,-2.2301464239833053,0.30221146243206615,-0.3046118715885602,0.667253280724814,-4.00836483903661,-1.8830200983996421,-1.220421713939407,-0.8990515439748127,-0.6710924437610382,-0.5489049101760296,-0.5456776581707036,-0.6813138793222683,-0.5866692513022123,-0.8104184587638236,-0.8128940582927381,-0.9592742449171877,-1.828040998136512,-1.0730623397456645,-1.963385342348792,-2.303745700537173,-1.4013605506674067,-1.0735544496232958,-1.3957263629406098
-3.7039683266143557,-3.8414419527067047,-2.0974292145399063,2.209797730836341,-8.053750382304706,-6.936308783421535,-1.9900490565872702,-7.347483622450865,-3.250005468363958,-1.1143706733295926,0.8454945421615453,-0.4502140629483286,-1.0910092165203678,0.20748470292236829,-1.1887952017309422,-1.7079229394623996,-2.3208243262661465,-1.8270366228084491,-1.1523950217625483,-0.5989310801985464,-0.23371303711944003,1.6036242510492227,-0.742044666040736,-0.3790572581435648,-0.4246413205782826,-0.16929368415524332,-1.206482126247527,-0.009762394925595623,-0.1817209621883318,-1.860749589244367,-2.641350288172514,-1.368452576062679,-2.0989331007844205,-1.577356742302053
