script/wind10m.json
{"header": {"parameterCategory": 2, "parameterNumber": 2, "lo1": 3.000054539987559, "la1": 64.9999836372058, "dx": 0.5, "dy": 0.25, "nx": 34, "ny": 52, "refTime": "2025-12-13T21:00:00.000Z"}, "data":
[rows 0 to 24 of 52, columns 0 to 33 of 34]
-2.199396317885016,-1.8387578343423079,-0.66496183216512,2.172928915547845,-1.2861359106054389,-2.756293837787985,-0.3289823088503281,1.092982709106364,1.1533518792249033,0.5884997295249073,-1.2145544638616372,-2.9096662402862044,-2.789223220909401,-2.2753813774757754,-3.5452731023359276,-5.591980004921485,-3.2422238630136047,-4.855019413722208,-3.499706308491039,-4.947265006348934,-1.3125963556456455,0.4497655560989608,-2.022014739540616,-3.1762952138496714,-0.42314076095979125,-1.46152766191601,0.1493149190265496,-1.394207686997716,-0.2656028489562447,-0.29559458043834824,-0.5991799448637873,-1.8292150772327902,-2.0810750968629876,-1.5636067138097889
-1.5276402959158153,-1.4917558080142441,-0.4872931694001464,1.8551452503209123,3.5789009514818195,-0.2873273679439758,-1.5754867109952724,0.669390901370142,1.4496288173110745,0.25703501256694816,-1.651533262653552,-3.5945438887419785,-3.4633149585896565,-2.7501979745516336,-3.9797897602132166,-5.699765276146981,-7.173369905827168,-3.755830179640419,-5.976873996196461,-2.9161277364629847,-2.158099406541207,-1.5995934128292546,-0.38182589746013235,-1.8098286277603683,0.054408680821963956,-0.7256581012919784,0.6698135112527465,0.26657055597491414,-0.057672041207570385,-0.4068840976016246,0.5756927321836226,-0.7419689402438779,-1.7018725070643916,-2.556454858741286
-0.2127934336772956,-1.6255572297199725,-0.3783407534885392,0.23794701388216216,3.470799249357374,3.4366903220218465,-0.4175664070148697,-0.011980658842721894,1.9156366985724125,0.2769660300867976,-1.413803980809464,-4.274894774526178,-4.285180542026127,-3.3600384564526555,-4.2869469863482,-5.134997401621768,-2.95712530790589,-3.5669376355819726,-3.387824947271534,-3.2509372222520256,-4.539192927822175,-0.8901007743841324,-3.8583306337834835,0.3069663680368828,-1.4568860655595939,-0.27330531998405294,-0.6250817491337807,0.6041886765847269,-0.11909806278446777,-0.6622063301606241,0.32197749034871964,0.5234570880091473,-1.2717461305501876,-2.3488090285311856
0.9618906383534803,0.21711741838296097,-1.910097182775789,-0.6783089372487251,1.477768225692779,3.6046070537617605,-0.8224721038312044,0.0563304131542124,1.4016682496808142,-0.40898546743588693,-2.4585846201418375,-5.530235379858621,-5.234722783916515,-4.912405543470697,-4.297692119682238,-2.410389404910836,-2.9646341052325647,-3.084029505987668,-5.827550584118672,-0.039026269803018876,-5.772042826259019,-2.7685627558727615,-2.7059963782811423,-0.19524222625262527,-0.8160116340961345,-0.5988084341895662,-0.459772272382823,0.24640307052704483,-0.43419584175377907,-0.1423134696939043,-0.20490327297780284,-0.004810475089845601,-1.129251879784003,-2.7253559625597243
-0.4940740491870274,1.867231370999418,0.8601161422996155,0.030628269442206355,-0.4070534274678281,2.374721734074524,0.9299093731234916,-0.06766382595825729,0.9030166627150481,-0.37072238727046486,-3.4439960075676543,-5.783198005314264,-6.017126081446635,-5.589091507188996,-4.579976929911881,-4.765877536705333,-1.2344479996051185,-2.282848227601663,-1.0389504049807796,-0.24666129566741063,-3.3505618790501726,-0.1419421437471307,-0.7019923535869599,-0.39320369247605275,0.13313559192709434,-0.6164878145766912,-0.03382615701160772,0.6729995876905598,0.3047437714352655,-0.21834770124035294,-0.43749229146315755,0.14911661647728316,-0.557815279360385,-1.5252295476888156
0.7364575902304653,2.5972657885587833,2.858276736557187,0.9102117675366282,-0.1832649734843281,1.0126305369574644,-0.13985292903910213,-0.2577927126035672,0.23581230116109114,-1.3667428776869848,-3.4764435445161133,-4.276628561680754,-6.4470830467855915,-6.92964072370691,-1.1311767566559832,-1.4965654231112602,-0.10112989642946696,-0.2546151293135021,-3.8678036511192095,-3.6455782707694944,-1.1759375283333162,-1.9701827776729552,1.4729179491932014,-0.3136087683671646,-0.32432483449730937,0.25494027954338305,0.7798766548747593,0.4410043769635294,0.6569785381446204,-0.044822120233597565,-0.03218850462646937,-0.19480223017876339,-0.6861526985084767,-0.8222838930546141
2.044590043768064,2.4340054512277844,3.7418299863671076,2.6962643464463,2.331249487876387,0.27774380505757545,-0.8749752370887879,-0.16679670210080075,-0.8008548203309497,-1.127285168330358,-2.2652480996064766,-2.233874307497501,-3.723632105692077,-3.3124307952511876,-4.648364320261728,-4.077803933485512,-0.9024094497293699,-4.688454247841916,-3.9550765494332687,-2.4206714180606843,-1.3562114086166401,-0.3941522765134258,-1.6032473903048143,-1.0118724065334206,-0.5093982920407523,-0.00934426958572998,1.1552814492286925,-0.26618116202835695,0.7153722938047208,0.19241829844729458,-0.5706646052266513,0.407269570240632,-0.4101664869806268,1.4589816683504946
3.6120848659944578,1.9607912007667325,3.9974294063121185,3.940508522352722,2.54716165806329,0.7914767588670756,-2.0288952515313055,-2.022453014617359,-1.2494864481923043,-2.2351894726013124,-2.272263371877117,-1.5613302581518393,0.7849884786842316,-1.1203211724205238,-0.7961687660419906,-1.0534823447335753,-1.3189146097537885,-1.317061912071027,1.2055711617178717,0.03480247716046846,-1.168063287744367,0.351070767618534,-1.121382838108972,-1.5342770135162185,-0.5933451271721805,0.5765506178888719,0.7968272943073058,1.0201441645253098,0.6137617137928366,-0.0026977167036423065,-0.07120998186574587,-0.23127087391900175,1.2059082728886146,2.61973085448305
4.297850722336357,2.8187744776625903,3.3099714948563417,4.235147650716948,3.373169831534939,0.2616756327443728,-2.305209945793037,-1.9349933194867257,-1.0913764657554663,-0.5189742187649129,-1.8311801314823444,-1.7636812201580356,-0.8572228067702088,-3.8370057216214555,-2.172117309841907,-2.9882528240462074,-4.675811719878122,0.19460298995683933,-4.2115229040694135,-4.300466889758275,1.7866669204965944,1.2757453358759285,1.7639651929725015,-2.2381800921646273,-0.8082404211329768,0.4796105997213381,0.5541196961692564,0.8775464643244804,0.7725454562120141,-0.47488222926590007,-0.49976515061442855,1.840343975506195,3.411250114781933,1.6501397399182507
4.147474676452812,3.7848289798687227,3.4613222031533146,5.037755970727126,2.4635751856417354,-0.757745813510296,-2.0219014933167916,-0.9043056335077361,-1.9769079743502909,0.7784937268611867,-0.12347598265459339,0.6439657320332203,-2.642989501432148,1.16370092585417,-2.972306441981882,-2.9024005764081426,0.9677827188467137,-4.918994455826501,-4.703270296457915,-1.1416080596569689,1.4475843847619947,0.2957335968461297,2.4592691284436388,0.9316687898492741,-1.0042117416052365,1.1076965753295132,0.6964417173617116,1.0409148023533075,0.5863925454142411,-0.14816932313959613,0.05487620524140722,5.332083135394362,2.944515198010857,0.8601855259543031
2.43909339439347,2.939815597593232,3.1477639008617126,5.147121331429851,2.067011435647709,-0.7731650572161244,-1.5106463497940175,-1.5044407518116605,0.5381279644862486,0.39737686295427993,2.028666288601537,-3.6957624547896284,2.3154299298551924,6.500370153217293,2.822737078673774,-3.4261580479315192,1.606259818559643,-1.3063858385040372,-3.745175163026152,-0.8583886734347936,1.35210456601456,0.11733427864485878,2.841564651949064,-0.5292036524327665,-1.1670492051519814,0.7632459521552646,0.7155458384190291,1.534541136879901,-0.022198341574941313,-0.7586322663700831,3.3227394098308025,4.204989308850079,2.945347108769438,0.6987406475546826
3.1937264490391453,2.8190953473376017,2.533069419180259,3.88015971774655,3.014372181625488,-0.35305227639997205,-2.5955445760286207,-4.259055197267103,1.2625866633591456,0.30266178220237583,4.248025531768272,0.7500053871791678,-5.039673317276583,1.480209811836761,0.7133394694144626,-0.4116368224813549,-3.10565437572101,0.9735858749163625,-1.8535455268847723,-1.9263243002356387,1.0987879217625658,0.394089209393346,1.0481000491408055,1.63845134842675,0.8007114222980486,-0.46841588467690765,0.7615324638705901,1.2050902639689691,0.815562080083681,-0.2037809012229514,3.667633618552913,2.560390470487126,2.9244132531741074,0.15859612348511626
1.8200065871154172,3.355599868472359,1.1319204880397846,2.1720543857834445,2.6151828015875345,-1.5967032064618805,-1.4917796663203882,-2.7376325304121747,-2.733307329779788,0.7513247535853766,3.9696421287331636,2.469264371093138,-1.8869305203494646,0.44746669322824956,-3.7685838727148804,2.5855382642498546,-1.6450397542980324,0.41493243403149555,-1.927403739470086,-0.7363569311596847,-0.7132974818607055,0.5648506771242242,2.007846769074258,-0.4780176060433354,0.3402017046940458,-0.8639974521013164,0.47249849224469537,0.5751975987800668,0.29873033186117254,2.2340411437648284,3.847692397584577,2.2323698042418476,2.8604988417016144,-0.6121788012154933
3.640590101008425,3.3096104702316933,1.4411088958966434,0.4606711388708607,3.278302955966128,0.8737793024151498,4.397623519114299,-0.11675382819433443,-6.9641841411984275,-0.05304548703919275,3.638759274589674,9.633562653092698,-2.3658596753607126,-1.2061146376786223,-1.2997095303540704,1.8714204413783455,0.2535886271165384,-1.4712740842332865,-2.1225333131027044,-0.01733951949354572,-0.4769365096464451,0.9439873384684151,2.465745244860944,2.2014217705834405,-0.31321720398351,1.3134288328887425,1.814819799167877,1.0415569899425319,-0.053985942548903765,0.9399173306780715,3.3956172404498113,2.108076437915323,0.6884909731992757,-0.8460738521479423
4.391904046427482,3.663688131981199,1.3397998078398208,0.9656914806076747,0.4034279272500776,-1.031588537046636,0.02681012402883113,-3.243613961607763,-4.411210931395606,3.994661711807824,-2.0298321775990424,5.8721174442651805,4.231875965815591,2.1845134546084353,0.6734597842902087,1.467550639374892,1.4661783576131262,-1.3676895354751626,-0.29666033561074556,-1.5104833877836545,0.4973832803853116,-0.6563746041396064,0.6142336916518027,2.042233637370539,-0.12684095681629007,0.820253369148042,0.2003663725480228,0.9935611265780718,0.6450040821266738,1.8675207231059232,2.419641162833997,1.6320103198334552,-0.5975429452708441,-1.841733381831494
3.5897176410743072,4.220746158335441,1.9713350101133635,-0.049893304983283183,-1.1432582298057157,-1.3376402218127312,-0.5560779690052665,1.2501623637406152,-2.1311116794665432,-0.9424323697515917,0.41214396649129365,5.858642610527085,-1.7286487316859427,2.8303813253818766,-0.8790868596121064,1.2618595676579487,4.0469451065174775,-1.5713135483813423,-0.6120579578783667,0.3435777535423827,2.191313781009112,-0.3295606971357065,0.24704898257433888,1.6380574999083861,0.360719202266958,1.018534883974496,2.5938183070118606,1.5814085169510324,0.5547190127192793,2.0679624420976834,2.2800598476018106,2.126437175800444,-1.6166668370049078,-2.8766068116801193
4.494727475676469,4.1757418469679335,2.3001782809289395,-0.35040883054239874,-1.1946582484710395,0.20905976223467534,1.1482368657005486,0.2935260368973517,-3.907476119275999,1.70894748581692,5.4862598229754544,8.532365181524105,1.6661278966148159,-1.1807722217700605,0.6344074311847833,-0.2617689852633387,-0.5877538730761994,0.003170198728359211,0.09532427258346125,0.6891391163810121,1.1189373753154368,1.5238952050292902,0.851293514418945,0.936619005878038,1.3824358366365204,0.8357332575725703,2.566303164964917,2.3032760776780963,1.3201261953124759,2.165686472751582,1.8879458838200127,3.1594432654615137,-3.7318225155814275,-3.626557576769501
5.6153126094468755,4.43673391359725,2.768060087656389,0.0010119359547120282,-1.2009115171875269,-1.0078515405705706,0.4885217844805293,-0.7049019314306514,5.9032900269532425,6.910259418955001,-3.203749363948441,0.35687406297630503,0.08641969429149009,1.9194871536138318,0.19250706720364388,1.7823833202477144,-2.0031190395404,0.428419990798381,0.10782848118222635,0.6108466294029493,0.8197531022324701,1.1125045716626805,2.0039725812906246,2.4855621343197196,0.15318582009749712,-0.27759076687361683,2.1018550592321255,1.0350088764468834,1.1391043506693126,2.366837008272959,1.6683092336531737,2.5668047775595717,3.5277011398901847,-4.234752719246645
6.101937416607631,5.266211054109025,3.4708727368349805,0.6836770561795631,-0.03060759342090623,-1.5932341817787685,2.632639410180774,0.12936905353060743,-3.941427237519071,6.817905623492281,4.829930947677513,-0.14569298111121062,3.210167883384511,0.5127876053281564,-0.8119262379404271,-0.04707081085415462,-0.7974633080938694,-0.07778496477374483,-0.10637981461860657,0.4913014644788472,0.4280517269686671,2.4417604551062055,1.8476548337724015,2.0473814308839535,1.007390196697119,1.0444488306290243,2.0980645802879354,1.9762975508644214,1.0611274669069626,0.728223382368263,0.719419072243976,1.3870405877343184,4.371572982997651,-4.581368085758318
7.143075787881458,6.696777933948567,4.400621618467248,1.5271990895711396,0.279644975637578,-1.6318244868069838,1.4080341908302836,4.55328670892456,3.834678667368113,5.891177451454991,5.679761685478627,8.103066107695764,-1.4440149877294317,4.6107146056324355,-0.6919408754871683,-0.024116669595496475,0.3830467141118005,0.374600006648397,0.06162726484075079,0.7129777781437544,0.625840090200867,0.5830692024173414,2.5021380567979827,1.8185026253668732,0.885275046276123,0.5091770106951308,1.6560811837113414,1.504163700463452,1.5958148689814093,1.191040836532785,1.2226259932014298,0.16401752183609433,3.21090535292395,-2.3486280482874355
7.67154553663665,7.098897989475427,5.025244671599092,2.4563444245552573,-0.18563998901403111,-0.8843183672158729,-0.46002257846141137,-1.0329956809445264,4.818934452441681,5.121355911336088,4.5317034586493286,6.824671532492145,3.677354802302834,-0.31823448360131606,1.4037453083274332,0.33581087409923566,0.1607738637127934,-0.3732745530924814,1.031698055332096,1.178117574237469,1.111878169610857,-0.18167000275940817,1.5664439662552727,1.604684980216966,1.5889333017059195,1.7674331103705003,1.233207584603999,1.6933860937679608,1.7814451616623512,1.653864753999949,1.4845228805950725,0.6015207065211639,2.721537158179317,0.9466184054419035
8.068370846188664,7.539688637589823,5.13903802436074,2.8457063346363176,-0.08570062282147287,0.2691386894711417,-0.8100891596438644,0.7811630067088094,4.668800002645726,2.1005956634854224,3.210942493366179,2.850707534552425,-0.32589719724793176,0.2816767149798316,-0.6675093643457476,0.60656562597902,-0.5913243890447152,-0.15737329989474794,1.5122784535768443,0.9594103602862066,2.0079327135122447,0.0798759792655572,1.6133066833829663,1.069564733195449,1.8787645364580623,1.6558205676138622,2.1619529037518403,2.532711479478391,2.9565913919112012,2.1646685988404384,1.4513752151706447,1.167031717066843,1.4211056549069847,-0.1037208329335508
8.455059503491697,7.77210556165995,5.904386850290683,3.4649322235082947,1.4860313526388274,0.621867619393402,-0.35473265920447367,2.9291744790083767,8.40363590199841,6.270271915292891,-0.49240423832128527,1.5969359049233491,1.750497985348052,1.9075047945666097,2.8760269992167427,0.5778437868965792,0.75188306019715,0.6327365602934936,0.8484187473507617,2.841437241528409,1.475036144932689,0.8863971510565444,1.391088097492719,1.2412735662548529,2.491806375337978,1.8146963750152902,2.486564711271211,4.019524241719113,3.0342415256555264,2.7475032872599985,2.6926647163823745,2.1483409523199803,4.589622147338642,4.173898194782677
8.796953611457937,8.026514462726379,6.326981569333863,4.585170409674166,1.3662853528359402,1.179179132479418,0.8727975374422929,1.932507582895114,4.316399957626674,-1.771045538900125,1.0372055500342914,0.026680742692071362,1.1518032017779705,0.672933401154126,2.431412720625698,2.761953529112548,1.901145286740298,0.07836469385472938,0.9576385754351294,2.479694238164032,1.8364005481039332,4.398402778939493,4.166546649612602,1.2256561218686453,1.31566316910565,1.9984434798634145,3.57453772756998,2.678428533379654,2.404489393993214,2.121948970017074,2.6225407265738196,1.6579384944117488,4.360493670703199,5.310622323689945
8.839327935108846,7.828471351713652,6.413773556789668,4.851150667119134,2.481831182940931,2.283882378336962,0.7987260690134775,2.634270484922169,7.532309706240623,2.3198413766688293,2.716276028391079,-0.8352045217816207,0.32326798695471887,1.5236756744817612,3.5074627992364893,8.066775650014549,5.204318479731129,1.3874586159197675,1.8645442329881823,0.6339245929858077,5.3108049915520725,5.404391000107463,3.369698437021222,2.016793781253419,2.639091030071601,1.891835812904755,2.8247554290045542,1.9354360128330634,2.3590942861765414,2.144449236390805,2.4140747407551806,4.859327778301265,4.061692050687981,5.162309857897768
