script/wind150m.json
[{"header": {"parameterCategory": 2, "parameterNumber": 2, "lo1": 6.000198445256149, "la1": 58.999992894266676, "dx": 0.5, "dy": 0.25, "nx": 22, "ny": 24, "refTime": "2024-02-21T11:00:00.000Z"}, "data": [6.921022385001716, 7.5175165928850385, 7.820166254982476, 6.042581720436057, 8.684478254873513, 6.451639213499876, 7.383950433251357, 17.143916402978608, 8.027367739568959, 6.2065169569817735, 7.178619203623711, 4.980310973719013, 4.44242414185176, 2.2119028414304855, 3.601973024954538, 0.6311977030031279, 6.948950996232943, -3.9023665752193994, 6.032278928221061, 3.2935726626866257, 13.718056916319242, 15.602121400619236, 8.578606450229003, 4.989872064953821, 2.43516689762899, 10.531803244007035, 6.372462031813845, 7.036734673927974, 13.420932848353909, 8.735471129282582, 8.946058658114222, 10.35093084644707, 12.43666294009351, 7.383219884664116, 8.316548276460042, 8.042857742747149, 19.13181804669344, 4.6853289665384095, 9.845179186707643, -0.18449447835523403, 9.424237614423408, 1.7989906450101283, 9.637060314851851, 7.6268945772455154, 0.593035118495021, 7.9653211058234, 8.900926106582817, 9.975858081757872, 8.319360737417961, 9.352634054755804, 6.487472439365223, 6.88957806915799, 0.4833507213280565, 13.039607059002414, 6.535032395935455, 6.458816735515697, 3.126761382416227, 6.331561076505734, 6.884779720907317, 5.901691962885165, 7.100584049372641, 7.0974882783995294, 0.11023920092497165, 1.8203624413219004, 13.740672739349046, 2.523532933156289, 12.90409736832037, 8.66919889913435, 11.432617511450848, -0.1652079456701547, 8.311878483339253, 7.295153170822252, 10.470677139962778, 15.58154095205833, 11.884843295107384, 9.733541026249751, 8.352766363252048, 10.94693219879467, 9.01837386364385, 12.364107842661184, 6.897754459450674, 6.691639426185691, 9.708788690890195, 7.701609968095545, 5.679059953638211, 8.3582987723248, 4.242925678335661, 16.25420174530558, 11.75934353688212, 10.025556550477523, 6.034172731300187, 6.763329839824931, 9.12101329842925, 11.902853530107842, 5.360372703981573, 2.758503076577424, 17.127840745188198, 6.701072780291624, 12.8305897137331, 3.7322835275465813, 6.536023775524725, 9.326974228974178, 4.473891261617654, 8.707826450982223, 9.49717435104679, 3.340986982818029, 9.3360595651113, 6.795770367013017, 4.694377657879802, 10.599061531380258, 11.807371718560528, 14.766059352637479, 8.962211870878948, 8.428392083278318, 5.51187386230019, 9.582557794924071, 4.047829195325137, 7.050357481602677, 3.1359237075154724, 8.861799290991064, 6.020671264436136, 5.602839263665392, 8.733293007063459, 15.084041821271287, 4.176877874880483, 17.8280222520564, 15.341122329795072, 5.437237278035517, 8.38581317478003, 10.340462050669375, 9.335466164398465, 16.574578889227702, 9.039477041472995, 4.448367465866492, 7.520377137114281, 6.517896161370021, 8.733529260481397, 13.236054801034793, 8.87524750227391, 7.19060863412041, 2.299359606141451, -1.8310774273287869, 9.595796040818884, 9.852911352449734, 5.360059255377745, 11.429516836644982, 5.312988940957961, 2.5951370527873525, 1.7047715166216446, 6.511080004895625, 9.20096800488291, 5.606802239021131, 8.93516512385594, 8.772450611608743, 15.081630896553873, 11.830536973799974, 12.890716747313881, 8.029616186426301, 10.513975159744076, 5.8163897940456994, 9.371571024235257, 2.414793932646824, 5.818884716594915, 4.42976933893067, 4.210754193036174, 6.150004866098887, 5.430498692785134, 3.631523987902095, 4.6045289592914065, 9.59241298019623, 10.871367817540115, 7.544715709340749, 9.118808839421023, 6.081180322333675, 8.15478094956056, -0.22084880945213137, 4.76772136486171, 9.36836175135952, 2.6770024930953285, 11.554098046166871, 17.50773195024481, 6.723489936552464, 5.601535657025459, 1.5981155291615363, 8.753714231419934, 6.045828206303813, 8.741109312035487, -0.16544916280796731, 14.142328029090947, 8.207051855609633, 3.708504632512213, 6.093953765046863, 5.367298579253989, 14.317760514006451, 6.071467925113413, 5.753957773568594, 5.118712443296472, 14.046020781627695, 5.111056001877788, 7.722218681042104, 8.654150994603926, 8.188706588081287, 5.77168101250992, 5.151087743913882, 6.229906020531945, 14.957541151766439, 16.108241846919302, 14.83284242919446, 11.97484138147374, 7.822905687159737, 6.577645057318925, 8.156029005554563, 8.11206207461876, 9.827584184662959, 10.010313718589323, 2.493295209292071, 18.71854145375549, 5.117037882781065, 12.179031226853393, 8.294607879489797, 7.824747909300862, 13.869564968461743, 8.737028354300836, 4.0972106066182405, 4.686390326609064, 15.977556512807958, 10.157494758924877, 16.633125697161336, 6.3977739921853765, 10.714178266498253, 3.175676081704316, 4.217751335246251, 9.698303851810532, 5.825641424125915, 3.8328906735811694, 13.161973490246872, 7.738472352002054, 18.051772628505958, 9.875674403568121, -0.6149668342402926, 3.8461585914129213, 8.797326494360545, 6.773566150851661, 12.182947764244444, 8.12686923846043, 10.234152962178463, 9.683678042718466, 7.913419798456004, 4.611065602779497, 18.08895636928704, 7.5318118581697595, -0.638736876725707, -0.8037290357406645, 6.509846312831682, 12.490110436980602, 6.749117180757415, 8.615539187155376, 6.778056287032952, 6.697154693597656, 15.138930655012484, 6.631360499982282, 5.487463028758002, 5.983021879951893, 7.495766814916142, 17.983965077465186, 9.728234380940354, 5.871047331537065, 6.078061724505786, 15.797872539032953, 2.661832541718928, -2.3540898042735203, 7.529993985298703, 3.03512624705792, 7.38011830362676, 12.858837895572599, 13.771812597987015, 6.130487750875161, 8.46188535833614, 8.025578792108167, 9.308476307158973, 3.722926356249371, 4.567970744000738, 9.291983409006114, 6.4037487444576815, 10.345019151502765, 4.4903881323397945, 7.915554566846367, 2.836810795380785, 5.4719808942355845, 10.237509951988864, 5.39710459996825, 4.703691676588926, 4.246132275514665, 7.366956422976571, 10.529026720400283, 4.492101551618835, 6.476065323592156, 13.988944743882028, 6.657599422338394, 7.399611807463098, 13.664738914988485, 9.011203215954158, -4.573244126008956, 5.297885245154201, 8.837209709519572, 6.106251666989647, 4.858035071105703, 15.246496426221938, 18.20015387930446, 7.225537234136066, 5.839600212994079, 13.961006602385106, 3.3318540946801214, 6.2492873886100515, 7.561638346621025, 8.095864673186673, 9.42184827519362, 13.82066784600302, 3.0662335783977253, 3.326944904042316, 5.506333647226923, 6.1883505050796765, 9.034694128958256, 8.921181540755198, 5.604063561954539, 9.624457475677767, 5.783325232866085, -0.2683510990656781, 4.421859313379704, 14.393785116416852, 6.609482150116235, 5.11601655360699, 6.804183602744031, 2.604269653984275, 13.158510212911795, 18.327463204454034, 3.901320431094558, 3.052268204030597, 6.888728529655007, 5.398490093182733, 7.352080251194906, 14.140109579108119, 7.749386262693032, -0.5275756663943019, 7.98059475427346, 8.910699520766883, 9.776513132244718, 9.050536157922323, 14.87322723816077, 6.39817157066548, 7.517958720201399, 8.423003011629708, 7.321347972981159, 14.515926706403173, 7.6432876472910944, -1.092528641399634, 6.67462482756176, 6.2731075781478305, 9.076947136995171, 11.803055893088073, 7.0305178687004455, 16.346561800338165, 4.450798979426257, 9.704612642853172, 11.106501400369897, 7.8805261440732215, 10.168588521682853, 5.072889157331563, 8.718310090363463, 14.805480466319663, 4.7938431512315605, 5.704777663085206, 5.142536391227417, 5.6916998795692155, 7.689463025034948, 18.219775585267453, 2.6741364453325915, 8.312180986057966, 10.157768102436641, 16.23596780985388, 11.393248730290695, 11.02406922077658, 5.884066687864163, 4.772026916948743, 2.7077559210817053, 11.892860290759064, 5.6410969784544225, 5.174798778234699, 7.146953993026825, 7.04614884178642, 3.381268425736272, 5.891246001450228, 15.238174051043819, 6.2472880173306224, 7.494379025051532, 1.9467341466113302, 9.65977944629576, 6.627905401568713, 8.458819547876521, 16.44045209552908, 5.778090009524051, 7.767937438431533, 4.466294197535171, 11.695234957378675, 3.2705650919087037, 13.534087210096372, 5.786158844033891, 7.30818436810808, 4.298394362439443, 4.9077427187497475, 9.160631472299553, 4.847138462631866, 6.941646037766005, 10.200108394756624, 5.424217468732752, 9.719957002411286, 5.930470444685273, 9.020912138899323, 7.685018150046331, 5.154822809729165, 16.827853652888283, 5.47855625428686, 4.909264717693291, 8.553685547922571, 8.334105159557948, 9.101355310598931, 17.182089143349224, 14.116098575128314, 12.756888375564037, 5.962275528090909, 5.40095526541762, 11.566068526930115, 6.678044475630087, 2.901380680611095, 18.207255548465763, 2.260406967623261, 9.040588188717184, 7.595066883971841, 7.363634032929038, 7.2587693952478896, 11.487286211548318, 0.11373059645131463, 4.967166675588253, 9.769783221585506, 7.195594639167812, 8.98642820615449, 7.248585369781535, 6.05466061618747, 5.281574742491754, 5.251751722069383, 5.927890162419298, 5.716106243708574, 6.049122395216309, 13.698022082065709, 8.287919053629823, 3.749011207157185, 0.5180925744040661, 14.845186946912339, 6.753392778646081, 5.370631511426975, 9.362292928006093, 6.670223649757971, 4.207235512039218, 17.69028405176346, 8.709907487594688, 5.237450101584398, 14.99601562139828, 13.249536648447162, 5.716297723009547, 17.443905101332554, 13.50116917706729, 0.5730131834371818, 10.191812506604727, 7.318347907649027, 5.385959517231723, 12.973318385830117, 2.5540923031454024, 9.155386396485229, 3.724230821130847, -2.942008195842279, 7.2705281612423125, 7.26336045979919, 3.834143138489829, 10.412160485504327, 15.481260014927749, 6.119399671683173, -2.2567442407057174, 19.40980830227657, 0.38189976080264487, 5.716263717321064, 7.1853861855295955, 8.346280948128607, 16.1404664978418, -0.1053979782375869, 6.566984531332852, 9.715459132153716, 6.516505709479178, 6.997048445286352, 6.151204116787877, 7.186403604003598, 6.5342654833617875, 11.462528061022386, 4.566378325703379, 7.704750544992769, 1.1770943775930944, 8.366332690277334, 6.284082668317887, 9.689478387053782, 7.469632254728269, 10.5278433987693, 1.0385715581893797, 0.2879296416053966, 9.86611287755728, 3.4804158174858273, 11.550558905121724, 16.109502552373954, 16.202698999052032, 6.248097411283227, 13.352699642128789, -1.358999275372762, 17.627412277001273, 6.50040799990059, 12.75258327528292, 8.874543215533928, 7.714122523559918, 9.285950654236334, 8.032576179514868, 4.458720645335247]}, {"header": {"parameterCategory": 2, "parameterNumber": 3, "lo1": 6.000198445256149, "la1": 58.999992894266676, "dx": 0.5, "dy": 0.25, "nx": 22, "ny": 24, "refTime": "2024-02-21T11:00:00.000Z"}, "data": [4.9919026382903064, 4.987084006267214, 13.235641855938917, 2.9459400844980603, 3.5432495447496666, 5.916889596274148, 2.2928946500296155, 4.0511404346957836, 3.620760433754812, 8.011408479413474, 2.1230163481499287, -5.326952967638963, 3.209745215575888, 4.439643581774629, 4.44610570698162, -2.9546535025242626, -0.35059985325568677, 6.268325797202242, 2.5285367503051535, -4.762715584711744, -5.2112732737920044, 6.8312901673355775, 3.675069552977225, 8.843880047459482, 8.283986168540991, 5.961346997592554, 10.280220047724825, 4.961555699261414, 1.6645933044695962, 3.0293087193042605, 3.971148505975405, 3.27238627485881, 4.314332766341703, 10.432181784509968, 13.098226959091402, 13.533210496713988, 4.758263117194176, 8.596508766990238, 3.9205513743181832, -1.6809449021697838, 2.0879981461374943, -2.161340074294346, 3.4644348077955365, 2.182263642895452, -2.036350885632215, 1.6227266645143978, 3.9626877906350315, -1.394563361502789, 1.2754141892406334, 4.553178981208671, 2.401992090183873, 4.082041992535949, -2.4188352001697684, 0.6949870104013262, 1.298562428613059, 10.627281451677066, -2.0069962186218424, 2.5560018540355163, 7.406414486882871, 2.130515171833589, 5.110719120308063, 1.3956010202102849, 0.5152827312986222, 2.519748931800477, 3.8090123234317352, -2.0883391216436893, 0.9948127995315517, 3.2944193875962733, 0.8076012492287722, -1.3314813534846293, 2.1122880610024035, 2.4396756693269417, 0.4564770261644534, 0.57992072489377, -0.9864589632220593, 3.5204584949707316, 4.814048982992413, 5.733435710855575, 4.281346802906736, 2.3310216935072336, 1.4880395344537245, -2.7117295963844095, 2.443400742723363, 2.7363679836553767, 3.1488283990795307, 3.019697665134841, -2.469464057827839, 3.070499875887906, -1.3290179129337882, 4.190041362923165, 2.382741868374921, 6.780407049740388, 3.8128827575856286, 1.0708271478675258, -4.28424381270763, -1.9432806272194494, 3.9830892244034986, 9.145060413671237, -0.23602912353461736, -2.5123448943168025, 6.331059035848606, 4.52571238765869, -2.5654433070143026, 4.058813878442221, 1.7637296790572679, 11.437544389457704, -3.0006211426822835, 1.3861233536731807, 8.14021849291312, 3.1653293476353, -2.2784344219406045, 3.324475505928368, 5.229782522944276, 2.5884869814976765, 11.059368779014893, 11.611161381274217, -4.431722223059264, 4.777527650924312, -1.985134244265848, 2.196464129748001, 4.2147627971602715, -1.3556494804935963, 2.160843027181291, 4.853547860337549, -2.1171954676428517, 6.494967003588143, 5.372516541686599, 5.351921714989482, 4.470163985021257, 0.48151986903183924, 2.5790197924328386, 4.894484197165589, 2.8073249762954693, 5.9731827436932665, 3.6125234276081652, 3.731548509665363, 1.601423465128916, 1.6707657320417457, 11.979101473661903, 11.238331407746376, 10.071409157946457, 0.4635376874754764, 3.27147817887553, -3.2377240246943506, 4.372779523350309, 1.374195158455624, 7.318374573724819, 11.732733563120563, -4.383495371104352, 10.882061663144695, 4.4767445801558425, 4.340570657254195, 5.352295310502649, 0.4860341260359948, 3.190818150089716, 6.494755222637999, 1.9922815272129406, 6.390078932828196, 4.797608865776461, -3.519758477575662, 3.815154735118869, -2.6412756814255096, 5.72973952371086, -0.08008782618202956, 6.981689392381877, 5.42852495789795, 3.6054816120359527, -1.841882741572381, 3.292510814728993, 0.29422082538990324, 4.291548410233176, 5.389707955552586, 4.584332939481144, 5.068992535630445, 7.099704935665319, -1.7135654652261207, 2.2486825165951756, 1.9274864773984834, -0.9718597355803122, 1.3654776154273955, 1.3856639964741129, 12.30338780258797, 5.470336815632718, -1.5826930808085615, 13.168286951009302, 7.512615030770675, 2.296342951413643, -0.5158630452448795, 0.19375629279090542, 2.138213601490887, -2.04993244339744, 4.5218722766877315, 5.237584391691215, -4.373210740466054, 6.377191389812988, 6.383592012690143, 3.0748588932515877, 0.782774908052925, 0.6908071620762398, 3.564020958256721, 3.71948866133169, 1.3112523465927073, 3.246182015795861, -2.412552397810738, -4.481996850588301, 7.0920146538315025, 3.321689723442959, 7.862743940536559, -5.569098151510888, 9.073844273984456, 2.121250279814318, 2.21873317545568, 6.80576129424311, 4.2073021556077865, 1.5053347064834302, -2.7895848537480963, 5.179999748640752, -2.4955028008785063, -0.043687520400160586, 11.811474109728888, 3.4977496581023155, 4.204394872933773, 1.7101951390743262, 7.900546485892309, 4.9561011415731056, 1.2399507320688787, 4.303443437867929, 3.2744067079522865, 12.4512318195376, 3.811461811875386, -2.945043658555132, 3.597654293994769, -6.679683440182545, 11.21193212967399, 6.5825851066354035, 0.8337641891659029, 2.5359886568737644, 3.8864237730769187, 1.4358207098830655, -1.537955369640923, -3.638679670832549, -2.185956975891013, 3.107453068260674, 0.4417119008580017, 2.802298048234954, -1.351088484676836, 4.617779067577374, 1.115116962494482, 2.5725261281202374, 5.632937237124201, 6.412904187238706, -5.712760721866543, -0.001949815210250977, 3.50538922393242, 0.7161424176661573, 4.36757993317343, -3.8319806625123514, 2.1448473929157514, 1.4427446904593955, 6.773713911974129, 11.971015753034713, 7.045661513537251, 12.270188072689404, 6.491198176878199, 3.8076384577572524, 4.685442046067935, 10.86762515384735, 8.204246866473555, 1.0592012653643939, -1.9619570869160703, 3.7580133086230623, 1.5654154637693107, -0.2972617326929181, 0.7446219137453215, 5.473965739017312, 3.7070439970371827, 8.079699793089244, 1.8377798934186176, 0.9545302345310773, 10.305338450055562, -2.959325988298812, 5.66240451393061, -0.5550646446371675, 5.244967583262593, 4.251369980877554, 0.7518703769460471, 0.9133167931686754, -1.5633804089448757, 5.351280572826555, 2.1008858194583357, 1.3323252864718917, 3.7846036482310685, 8.494761463476285, 3.437973602109428, -2.054787876232013, 9.257424624013778, 2.813923621561487, 1.0520738537109333, 3.16403074651701, 1.6107604436888516, 0.19547170275672499, 3.7518517308377834, 2.8059471233920403, -0.9371650319927182, 12.366404963097342, -4.570125011092316, 8.023905579521562, 4.330571532889596, 1.5789156429165276, 3.3122147399065036, 7.757297589394359, 6.576505718494056, -5.739103706703309, 10.683631886537887, -3.831263276415105, 1.4806405803719047, 4.571902487789894, 6.273787070308488, -1.620603846907336, 8.372749888425947, 9.196505235698538, 5.012686528345888, -0.6608745708317212, 4.978763097450998, 0.8938280929955693, 4.5112866139014915, 1.18333329777197, 2.653968681205215, 9.871806515132702, 7.8486213405196255, -3.8141186403320857, 7.388804053789667, 3.494072762951412, 8.884989260346197, 0.8334660420591868, 2.524704795539764, 3.5909574491016953, -1.2185435340321136, 0.7736492191822891, 2.1323586076483716, 6.932595096905652, 2.8559346388140483, -5.896783189993454, -1.613706634547042, 1.1468095636140603, 4.971427231651731, 1.7425873682663882, 0.08023086710069348, 1.691391914157347, 2.4955110914501293, 6.66583963483336, 5.202675509695884, 8.122985198499576, 1.4659074028053845, 5.460425165075345, 2.7598574342187723, 5.454660499620738, 3.7153801525781964, 2.6102022641526745, -2.37141360391446, 3.6853361514472245, 5.476857734684321, 4.835909560956704, 12.430327448113411, 4.441200962995768, 3.803339061967109, 4.402178479171976, 2.951938456507881, 3.990537958609082, 1.0071352252047887, 3.8221656942734956, 7.850609025785318, 2.4517589672585953, 4.0078581379370295, 7.545355219281935, 3.461433931554344, 9.319559633309773, 4.003247160558895, 2.1345973643120235, 2.289591036939641, 2.0596595124224324, 0.8081597720723416, -3.834573536421013, 2.67471386352475, 9.897306897296838, -1.4404047383269698, 7.183206630657676, 3.2144039259553208, 2.980399420032213, 0.7529631709692653, -3.3927837407347576, -5.503391649938476, 5.450010780935414, 5.79530742023458, 13.132389202350685, 10.723703402332863, 3.374705690619, 4.871379048313851, 4.318810592310955, 1.594450291541344, 2.193338579410949, 3.406764546650995, 10.204074260024482, 0.4346427791765752, -1.084420948651638, -5.468483676645856, 2.8330708806094047, 1.7185464931218233, -2.089745765922858, 4.793587888033, 2.7049876716285026, -1.8764361657554491, 7.945345222100179, 0.15203216308564796, -3.1250398089955804, 4.321786844990294, 3.4948750652502123, 11.773395937972648, 9.24272997551114, 5.903661385537058, 3.406285250710165, 2.6898702605809865, 4.716041726682343, -2.637791038787843, 2.3182216326298226, 4.0588564843475385, 4.513882380658288, 8.381486796314007, 3.5404365077653703, 6.470403376907414, -0.18633627494215202, 1.8424586152213216, 5.055428606863216, -1.7677062900601723, 1.414349882354231, -2.481375900079322, 4.210466751332714, 5.944514956758877, 3.3447039031703016, 2.520272388151868, 3.4560761714359973, -7.007531809933457, 9.677750012011993, 4.992481385551989, 0.9847840825711693, -5.833039853115305, -1.7503893089117002, 7.091802540246664, 7.855325905987121, -1.8639395197092319, 2.338201542807202, -0.6728925508976994, 2.7326559260567347, -6.19254841949339, 3.7971730184884525, 8.048180860810353, -3.322772140147278, 4.582918153799187, 7.352302084799096, -1.0938713350615705, 5.1962391310547265, 7.387413742651581, -0.20264327891758643, 1.675840857135591, 2.0241880308778857, 3.284210388201721, 4.785515347039488, -1.3080177545322926, 3.3418605979022464, 1.4757547771793118, -5.1631641123100405, 4.665914380874569, 2.5074876331680622, 2.5197825618190084, 1.925592791876634, 2.5450073582436383, -2.4067966823786056, 12.582204557926381, 10.358543866228242, 5.356482764728425, 8.188406938170159, 2.582877050423739, 10.406799407772445, 4.108143322495319, 0.8712516614734431, -0.19511772540011424, -5.978671636138724, 3.830725293219778, -2.3024179316888294, -4.182219773638105, 4.210719336675681, 5.021264766918582, 5.042309497359989, -2.1497573022002237, 1.70428588835124, -0.32940430410436117, 4.6441077640918715, 1.312256004704706, 3.572131097599896, 4.061716867944081, 7.6211912888505715, 1.87764852425286, -0.7034303849431692, 6.394012262053559, -1.0356786465501178, 3.3355005657471666, 3.7180724117459283, 0.3857604628606737, 4.5738207841425655, -2.0100835613308417, -2.2949452445985137, -3.891685649941376, 1.9455858666100836, -1.6154322759757196, -0.6236676768997985, 2.608513345038874, 1.6744216409636092, 1.9794867209109832, -6.259273502982761, -5.912428986540885, 2.7875083010346926, -2.5124540096849004, 1.6551409667312154, -6.557694825120374, 6.936405419893311, 4.3158350789532, 12.902764951656929, 11.032926801003256]}]