script/wind10m.json
{"header": {"parameterCategory": 2, "parameterNumber": 2, "lo1": 3.000054539987559, "la1": 64.9999836372058, "dx": 0.5, "dy": 0.25, "nx": 34, "ny": 52, "refTime": "2025-05-22T13:00:00.000Z"}, "data":
[rows 0 to 24 of 52, columns 0 to 33 of 34]
-2.674070576935561,-3.220397952822223,-3.4563744971565082,-3.838740262116221,-3.704702461480017,-4.160837353826825,-4.442404456191041,-4.261589141718518,-4.539060186256794,-4.3789996038602945,-4.393736927907834,-4.16161942770434,-3.8585282671250622,-3.24310943744539,-3.204901994371386,-2.979963917066613,-2.0081409323386152,0.0369065877196985,-0.33671203881771455,-2.3997964182889335,-1.7140588606385487,-2.1147628872408446,-3.0785998318414918,-5.596446238004395,-4.152931251322426,-3.2816296673724543,-2.2125895401689406,-2.8700557856955147,-2.6353543241097697,-1.824439458154616,-2.218590605351704,-2.2352905480131047,-2.482161695619774,-2.4255317595270594
-3.2954168995612605,-3.3116855279983337,-4.170565626378441,-3.566200983843385,-4.15353280369366,-4.701582577027109,-4.690295866558846,-4.802662168941407,-4.779331910939402,-4.94921786796734,-4.52700229288278,-4.244227692255771,-3.4687729952081856,-3.721856119591787,-3.8787983218505313,-1.9703881563686594,-2.043270316510297,0.09884907045643211,-2.7072686754911293,-2.673149968012961,-2.2693467517298793,-2.604318138479902,-2.1993879743133298,-4.6253430645705675,-2.130531075945747,-2.896742158609737,-2.658514179211102,-3.326178245752331,-2.7966086385724265,-2.6446169647293276,-1.808740704196118,-1.9853033051237574,-2.2452286734219693,-2.7910359072071107
-3.5366356307697346,-3.8078596413644346,-3.6434198838440226,-3.627822357555466,-4.293912838791354,-4.77888983381821,-4.981157727337783,-4.89986773298427,-5.058089060849176,-5.244278403983688,-4.863913254920619,-4.187291995663098,-3.9880297153339286,-4.2130623344387725,-3.4828735510694315,-0.9876601928300766,-1.6065944336673594,-0.4624377674093666,-2.616102649813731,-1.4363522413900838,-2.868428236794985,-2.061015024888241,-2.0388459849492344,-3.9171145588874623,-2.8133367624585714,-2.1592954526831445,-2.323197011050826,-2.33700778443837,-2.682346914427715,-2.618935958346899,-2.2645441659558183,-1.9631479305858401,-2.1932522231475398,-2.588091554846924
-3.6816560284356616,-4.098518090739323,-3.6300721008316805,-3.969319325289786,-4.350531862961184,-4.914240034110148,-5.0886794708152125,-4.96626311318391,-5.377230618519195,-5.4193192972292215,-5.354118330469458,-5.226656510319156,-4.422505696331254,-3.7664878783413314,-2.654751779988226,-1.6558518633096388,-0.983961663669651,-1.4468183233320318,-1.3320570729903227,-1.559831951106153,-3.441163911873355,-2.742906933763595,-4.524392665703523,-2.8049315458472432,-2.367897634973489,-2.5768650089508696,-2.515629908610462,-2.796704555314705,-2.349907877617297,-2.20517171545796,-2.1539736045672453,-2.612188492728952,-2.4343020785884084,-2.220919661731902
-4.155458183804809,-4.009369223288758,-4.061431894220266,-4.007024540482474,-4.399733027970964,-4.799410421917599,-4.790654371166601,-5.262360166635589,-5.696075930760225,-5.517648494295521,-4.901943019214452,-4.456007282652249,-4.320663158029769,-3.386133430594581,-0.7854417341270398,-1.539844923903976,-1.0469634465403785,-1.5228399487411548,-3.141793425570734,-4.367409624782709,-4.426596317393179,-4.9109750185813175,-1.651642903947242,-3.8479106061704482,-2.28684544590223,-2.3309900774679675,-2.4305849258739225,-1.954645183962439,-2.506093348025902,-2.39155212223946,-1.931417476621979,-2.93410121896845,-2.2451668695255584,-2.159438684366217
-4.22639357648714,-4.454932851152215,-3.821315916408154,-3.890684064421087,-4.43692238887468,-4.427583904675427,-5.001418834512009,-5.64133425107266,-6.662614119946494,-5.399645029596177,-4.73886800041573,-4.289709531385738,-3.6941964062149935,-2.93588660783376,-0.4933990304037866,-1.9844199483331622,-0.3860260364249122,-1.6036184504454303,-3.7447384322669386,-4.293717727499503,-1.4575727005036614,-2.8845957842879466,-2.617133335533191,-1.9530955142548923,-2.239080104190164,-2.592641365224748,-2.1435737311077676,-2.004004193745964,-2.219843942583721,-2.3065228121147947,-2.8124233977442468,-1.5663992744620534,-1.9945517010190772,-2.222638748693813
-4.229376225142703,-4.128425292614593,-3.8151575464180234,-4.0128187126943855,-4.470759573796502,-4.676649893696303,-5.25708345655968,-6.161235930812507,-5.835140194299709,-5.232078167134927,-4.02519154461922,-3.298569921076841,-3.0084945407839956,-0.5116488170171207,0.6370737768740782,-3.2431147224950903,-1.0678740557995239,-1.9031374685527687,-4.425272434534764,-2.46576444288041,-1.642689574866816,-1.1608896046410244,-1.3041643738302315,-1.5973078713475093,-2.0526278266967437,-1.8887304730654682,-1.7021058815335792,-1.1694486907718038,-1.721365180952585,-1.7969370588403744,-1.9749349620690406,-2.628018920012847,-2.653467189626478,-4.792780575149895
-4.711225154874787,-4.122930407091407,-4.033119044991261,-4.496032923094745,-4.879273872930766,-4.830589609091105,-5.350246900473024,-6.341407600601456,-5.746271043141001,-4.574637019741074,-3.5649497745422796,-0.2704383728232634,-1.6160886424704977,-1.3239318358416692,-0.28843837666300215,-1.479763184900755,-1.4149542760282314,-2.7338425146914536,-2.653906927384084,-2.0640234558306516,-1.8010431807289315,-1.3884680722609721,-0.8966188590844597,-0.39932427151137334,-0.5078359716301102,-0.5714290562741378,-1.4824758442149863,-1.4801443177292501,-1.3009244508998712,-1.7713851252974515,-2.8877226905836513,-1.954600393437177,-3.0586503889395784,-10.349900607788896
-4.40537472666939,-3.9988204143067825,-4.095641830077983,-4.590650202721371,-5.232380601367213,-5.864944564119366,-6.219775929437269,-5.970556646890381,-5.253569245057071,-1.8583284856548872,-1.4229870736017989,-1.1384539542048466,-2.196248263194897,-1.771905245830006,-0.7859009832122296,-0.6534078597142252,0.05637871654792639,-1.999867393702312,-2.220846652886937,-2.5354083933142273,-1.82422353554731,-2.6989147523738453,-0.797273152244991,0.09708096790781966,-1.058557264095267,-1.1766212938870417,-1.0003842929067728,-1.0790766909604914,-1.345539056844562,-1.6778647988483766,-2.6347995255802146,-4.256458102398543,-10.5851987964696,-11.712461572360704
-4.395310202056134,-4.13117516950703,-4.381083465074647,-4.6947241511036895,-5.010156743929628,-5.238220620444859,-5.883671172804839,-5.25690869668216,-1.1898991044546083,-1.8294760543082946,-0.9272636590485103,-0.7816745768525349,-3.419008337195043,-1.961715787568806,-0.000509844046842837,-1.4800081711663118,-1.1379705656221633,-2.0234583056709794,-2.657123868469658,-2.278607054328734,-3.5246510985661477,-1.948373420192232,-1.8672601227417753,-0.7151026514149328,-0.04248379357080787,-1.525429723877083,-1.385951192904995,-1.925054230986155,-2.0971267343738034,-1.9339987839364117,-2.9234395800235777,-10.064069427065052,-11.641458124017138,-12.399836939362306
-4.3900603607085555,-4.21579002344731,-4.745431176991348,-4.670991350240873,-5.056311964796076,-5.698507155900175,-4.167899972774123,-2.9456192016938605,-3.615490026371037,0.8766103558914472,-2.8052817166953177,1.4794241101225634,-2.132503805416576,-2.9211681870216872,-0.8510260925698586,-0.4464398874991706,-1.4549418784943855,-0.5531031221341947,-5.412985672981837,-2.086095827562249,-1.6734113332506597,-1.7764535078408237,-3.2720424014810816,-0.05106429254887332,-1.0979026859349756,-0.8722186760075734,-1.1949193412061605,-2.113825581859872,-0.9883162821440518,-3.211430897100185,-9.018904169047337,-11.423407903325895,-12.327472626568568,-11.5139725001665
-4.656983580446878,-4.240983093963603,-4.854294473354347,-4.582456005479352,-5.405851820262763,-2.7226239199265345,-1.9693420275588014,0.7132922488425344,0.16531966990498548,-3.710632492305696,-1.2798935589621663,-4.29640679280678,-2.952427989351862,-3.2722993105677878,-1.2152882979330297,-0.9643843514266706,-0.7668895575889336,-3.381961268771708,-3.890075202510734,-2.209139100432864,-2.0712890919650944,-1.8575566130303522,0.014248596001522559,-1.0949950290210735,-0.39779925482463907,-0.3173966268825225,-1.3360837394013334,-1.5769510532773352,-1.505116655160313,-4.361831476583915,-10.851811959063905,-11.661091730777535,-10.91355781621852,-11.360687917139064
-4.588989875373589,-4.402750971914841,-4.87882914317703,-4.531297162987757,-2.8165259260148483,-1.1288288630785681,-1.5896923332144706,-2.081415399594115,-0.2049616090339447,-0.8581199069818529,-4.787204861549314,-3.557868296608693,-4.1789170971428335,-5.520204598266289,-0.9333920033446473,-1.5972448938228716,-2.6476057536091857,-1.3622950781176162,-2.330872734651009,-1.941889840259957,-1.7620507940473777,-0.981702246762428,-0.7507430083777519,-0.562373496411579,-1.0056174130457596,-0.7077969499545472,-0.9411867064568119,-1.985727255944689,-2.0004263451683353,-8.889436037707416,-10.43183145330743,-10.434033995579446,-10.506433050785134,-10.725448868292448
-4.173149904881138,-4.037942567870653,-4.146687124490884,-3.713435989628179,-4.110101004378355,-4.539598004482683,-4.022543820874474,-1.3261751851826582,0.10196758251214685,-5.854460859491114,-6.699708337588619,-4.977714126002329,-1.803639494349078,-0.37610916056660754,-4.337861158604338,-1.249806991712199,-2.846240436094424,-3.211409571171036,-2.9225645180253608,-0.6011456246347086,0.24656342441321955,-2.8785251669728806,-1.1717521453387842,-1.346704423120304,-0.89078490828189,-1.6631014076011106,-0.8263724547395792,-2.004690297775788,-2.199740705446841,-8.134445309071088,-9.69812104187828,-10.221350384529778,-9.838091386579832,-9.715122150082696
-3.86472924822352,-3.702874733593767,-3.3761046554693386,-1.2455228555912938,-1.3768008405010699,-1.2761474136625912,-0.7332461840389224,-3.0945436729025433,-2.994365056513762,-6.569588164498628,-2.1106755488924307,-4.971040414171438,-1.9657872120856377,-2.0277942524203922,-1.0784576867778208,-4.007367810269422,-1.5090476321967414,-2.0517354532200565,-1.4920024226532753,-0.4227593277807389,-0.7032861844791535,-0.3549871588006718,-1.27062027479868,-1.6048579115507766,-0.5840428375009239,-0.6347616471637799,-0.6066715125157076,-1.1511341973079598,-1.3314594483408566,-6.426261177852536,-9.497329737350775,-9.528865048898394,-8.554540643246781,-7.52095606878652
-3.3541533946528963,-3.3217919351502476,-2.6059669419589326,-0.09125047584812072,0.18110104965295623,-0.551393621802326,-2.3109503966817133,-1.538346502446011,-0.21724325408252282,-3.454824265468638,-3.6757229653274055,-5.9724200294113325,-2.9872425056899847,-3.314432207931029,-0.4672780933483812,-3.339622452114826,-2.324517648072142,-1.274456557850328,-1.0755466262512878,-1.1349396972621977,-1.2951597408107072,-0.6923764747854738,-0.26471011696597746,-1.2016550212320969,-1.3604553765817387,-1.057152275050049,-1.609256183116527,-0.7315305792674635,-1.313318482577414,-6.1203145362830025,-7.885712690184347,-8.042819579064624,-6.210970792974523,-5.899135323214499
-3.039448173947202,-2.7463929688940376,-1.360159383442063,0.8030624074607732,0.5910114514315898,-0.8674581366222872,-3.15360773823084,-1.8326460622554042,-0.49335706794248596,1.4447307616033316,-3.526894935168607,-3.9506791532943226,-1.9216505731709486,-1.2095875006940282,-1.14435055236393,0.5659729812527443,-1.3569684753371944,-2.4839820881201233,-2.0943103761411166,-1.2975404976834042,-0.8121308827754188,-0.14770148395421903,-0.334621365427588,-0.8656512453089714,-1.4359353050797672,-1.4703303629967017,-1.5652487260698817,-1.2427614488980958,-0.9820265801717254,-5.115913780917341,-6.095530975755947,-5.060223660532727,-4.544675015865552,-5.601566906402512
-2.4284872848794845,-2.085536533751081,-0.7191925788765219,0.9386183962358235,0.9336526741636583,-1.5828689138151575,-0.8396356792052835,0.21834416174931326,-5.688108955879585,-2.7845048604189406,-2.7584348121070796,-3.2533075145373194,-0.8619488681798608,-1.7492632215012098,-1.188704847609292,-1.1638480235140138,-1.4655175179738786,-2.970630854442811,-1.6254727270644702,-1.1292106076785187,-0.5929133318821581,0.11486833192275991,0.029866689535050037,-0.9951714746712519,-0.3995784762382125,-1.074285729487093,-1.1204615920484657,-0.8586437036327924,-0.7014081635650816,-3.0856856377470767,-4.189178873257485,-3.4207324148057228,-2.7652912363269277,-5.46472039386354
-2.0698677756281603,-1.4762226554269993,-0.6729892043468308,1.608218412339922,2.089445811829745,-0.0069112272376985326,-3.6739614620170924,0.2698788056032514,-1.2659483792322959,-3.284466856323286,-3.0921691669108684,-1.677353092118575,-0.7875113569251403,-0.9016290047243527,-1.2412421438393073,-1.736086132193159,-0.38166190548717904,-2.7160175945662384,-2.6629825081912037,-1.2421452882943893,-0.48568235764221657,-1.6647723000085612,-0.6914445644558358,-0.15794583120193167,-0.2850523448307532,0.09582605439756292,-0.6384162477721846,-0.7685503840077683,-0.3516604475418841,0.14625158238130345,-0.22906049799865982,-1.608051939159101,-1.4693399441599573,-5.774139523032064
-1.500761980017604,-1.3725077349240518,-0.14820855324919033,1.7221565503492724,1.200391822886129,-0.6977163446584039,-0.10226578360540625,-0.754668177840318,-2.6427457009240105,-2.9718797497105385,-3.0331309648156197,-2.036698877628338,-0.1414190900896216,-3.099725953961771,-0.8379027930312574,-0.5145523564865996,-0.612019395834985,-3.092099710154212,-1.9631202801316097,-1.326835658197862,-1.5850496044646611,-0.867197060879557,-1.2940392948821031,-0.34745300220184216,0.48143988002524224,0.09159889727145898,0.6284247981901547,-0.14695647278554733,0.004153987344937614,0.7015193647183575,1.0584180148619058,0.575031302557192,2.246189987579869,-0.4048447316136403
-0.8159003643728976,-0.9301234813301227,-0.3724818574228538,1.7926195446323805,5.2429695305445465,-1.6459627377111326,0.8111377962721033,-0.5857432425226968,-1.1147111922598443,-1.7548575609340813,-2.520861582830877,-2.30667006900449,-1.4783606463811585,-0.5771827804790154,-1.701309489498703,-1.080756362147936,-0.9791086707811706,-1.3109549643340808,-2.303759994658319,-1.4399482000456478,-0.9691546842017514,-1.0315501481827976,-0.6058981678890636,-0.3556336908569704,-0.4958284609688299,0.37025043089020176,0.32018739107201843,0.5966439927914703,0.6746588232953877,0.971689998450185,1.432966261011387,1.1696915818376792,3.0355826993153214,4.594478503594115
-0.30436160106057847,-0.14894850710766352,-0.004784921743090323,1.5142392150312673,4.680285544645387,-1.4879732938710666,-0.42661735062713413,-1.4913780835621018,0.832663098345373,-1.3595715819888354,-1.7899492069463931,-2.0206965941412163,-1.008501348537914,-0.7505996834424343,-0.5083809780669457,-1.846865172542968,-0.5664818000941076,-0.5956873246269908,-2.1091812205448397,-1.747462113836024,-1.2026724545950667,-0.6500668003709724,-0.9780841962120653,-0.4081673132641527,-0.08342412421520638,-0.4403307452897519,0.045430742243986244,0.358199148570655,1.091488693769739,0.9584885064191745,0.8773235495551994,1.3605825012835795,1.4926615567219048,5.287073006495903
0.33767900267573225,0.14482452711024293,0.4293582340120448,1.5444129256263288,3.6799385893795566,-0.7617459454349973,1.8104873243797286,-4.134677541646513,1.9463689913901352,-2.8617212674098242,0.7063342707815266,-0.6431500722394002,0.20279403180916677,-1.257739484882264,-0.3084830133710163,-0.9767745380728466,-0.5101786238667801,-0.9038078633247325,-1.8146527688256051,-1.8529266420292991,-0.9095729128406737,-0.8756477526208472,-0.7266263516728357,-0.6076876149987277,-0.2322527797606057,-0.27308952473653253,-0.4761792466489746,-0.16774001441934105,0.4099249013897793,0.8639706711007558,1.0519769115067406,1.240864702117512,3.0948741863462166,3.881582436140237
0.7058722118312344,0.6367242388008193,0.8636718867314034,1.417216879587068,3.1316706256346167,1.6187997161768997,1.4325869049297872,1.14443398665127,-0.05830746527930471,0.9170805983155996,-1.7387832866365964,0.33257290611793017,-0.7537645328022368,-0.7427191045685988,-0.43367021579709186,0.20542007677009147,-0.8799628031762575,-0.8673143630567851,-1.0278887882878922,-1.2594458260111114,-0.7330409403287999,-1.268968567256594,-1.0599165796271404,-0.47994039884734174,-1.4492409285060568,-0.37022357393812577,-0.9311584681858979,-0.08432234618334611,0.31005038887150416,0.658856542496722,1.020675765297593,0.9763726995008932,2.3327778893154094,3.2586359483634513
0.9935864396555482,1.3287645628983993,1.437899712592384,1.7420276828247503,3.116301281791954,4.553357865511567,1.4431148107025904,0.2206060541487804,-1.9353738364889508,-1.5394912692643112,-0.3542847316579115,1.244395611308499,-0.991653940386381,0.4468748000549744,-0.43280395525625626,0.8449899426159331,-0.9878133728812685,-1.5813422554433045,-0.9622731643817521,-1.1987910724108966,-2.440468644242617,-2.625051810345415,-0.9262853535411113,-0.5618155633491415,-0.5760953905341889,-0.3330492677763016,-0.35469405410799704,-0.16923474594141646,0.014666954260955298,0.15474761198971415,0.7546022214346934,1.2194799161369219,1.5789818627433356,2.5310628216918496
