script/wind350m.json
{"header": {"parameterCategory": 2, "parameterNumber": 2, "lo1": 3.000054539987559, "la1": 64.9999836372058, "dx": 0.5, "dy": 0.25, "nx": 34, "ny": 52, "refTime": "2026-02-27T11:00:00.000Z"}, "data":
[rows 0 to 24 of 52, columns 0 to 33 of 34]
10.263446343201178,10.306358464650694,10.667795085283771,10.23778154190149,9.137130582092697,10.688895649751798,13.134491491207136,12.378531318551898,12.426682323568933,11.807083145151385,14.030615205047994,14.233068948313912,13.300885793708737,13.693482356782008,14.606216205742754,14.502128861216876,11.887704858965712,10.627624437953235,7.702502209173493,11.597232470827613,9.700869254657475,-0.15189253828490873,2.620042726396898,7.285695411595195,9.266689396435742,0.10818388691909969,1.3880245406558918,3.147420012357817,0.09940056969087664,0.14141557832795074,-1.49726099829352,-2.3407179985836324,-1.432245696628492,-2.9935238978610057
9.32016114906808,10.177632348240545,11.190745543527386,10.75946905491292,11.619572315248398,10.431643232164044,12.506730702091005,12.274747171839513,12.815881861489059,13.084843529026912,15.2919487423243,14.329739549335141,16.12305178863884,15.894100706824654,12.375434197495212,11.493029901083231,14.481090589992919,8.808171978905126,10.724061590196662,12.78629505358236,5.614854262967312,7.764294240862608,3.242956257830618,9.007248929477639,0.6756048113071694,0.7560517316528265,1.7785758337397586,-0.19052755070348504,2.7646596701457637,3.631362878457089,-0.10496901704752365,-1.0204467831852913,-1.7480802999512208,0.6121450937586329
7.0387209681960865,9.37786545980821,10.395475008566944,11.83490246465362,12.396682471336579,9.545611755034535,11.036730521552167,13.267821950008763,13.722922720712136,14.480993837362552,15.522387333909805,15.980523121716063,15.721003876376695,15.313960221290621,15.22482401592946,13.646861214122035,14.153205412997572,7.345658068722112,5.691055097405253,8.579893167964265,11.752201036604406,6.190331016611489,5.4786419869780065,7.939272111597702,5.672570396309215,1.1518941687045874,2.086801786211714,3.6220741903075653,2.7690791287139884,4.828737683024995,2.62363910519489,-0.02073272928265127,-1.7221344007485118,-0.1198401772020627
5.164644288456236,7.719175036228381,9.306853401548953,9.84150508973054,12.424798752308062,14.689986128510114,13.096539233841687,11.297974195510712,12.089661274316146,14.104187704125485,15.058445028452178,16.4406527430878,15.529756986974276,14.38300951044128,13.570113414198406,14.601984456399517,9.018138836497634,10.504764653592716,10.644400897448115,7.151945860004177,11.751210958865139,12.59606369326037,9.8986155391748,7.651922885013588,4.6950267052018235,4.095302774383119,5.203685829806938,2.855366687439785,5.482801508013663,1.3506245438153364,-0.36348536141386445,1.1517761327371414,0.11662427120274503,-0.32821920424035095
7.0163898744092785,9.090224981656146,11.807920927747128,12.100085451594088,10.953152763304722,12.286866617086504,12.794966417478832,14.78095789135338,13.817668648992703,14.51015444707124,15.878775535871196,18.120036987560056,17.058338872023864,14.78300603550715,10.12787123333936,11.247818848687062,11.206546025992695,5.977938838720614,7.085239063486881,13.092336948562046,13.072638659563715,16.313333084423054,6.194237689120946,9.847919091335918,9.389403331247546,6.3478141905755034,6.662496043623402,4.5473162259903095,5.860787036225995,2.88545464873968,2.675576785377758,1.8855433781473387,-0.29956547081057033,-0.8722086797784986
8.531116091151075,7.781889543315042,7.929198830268203,11.194838435794674,10.654466429868144,12.65071799650146,14.222660413647725,14.153948522756203,17.00316911293759,16.38405081972466,17.96904398789497,17.44787797129386,15.582086789485416,10.854873535493333,6.289271425447762,7.954271955987157,1.9877801623264129,4.767152660612219,10.137395131772267,9.394019620286306,7.94003824235576,12.690704186296859,11.610091060740457,9.740991468202553,7.061528705671431,6.868029506672239,5.533501702325426,5.517614318993842,3.9685063221768417,6.2239171430250115,4.413093896124961,0.2245251777775596,-1.431540215573151,-1.0180223821824417
11.38311918834348,9.725350752827037,9.97778480845932,10.809950898895124,11.994384753779473,12.525439114583957,14.08916130596666,15.634472759510757,14.483754384123769,16.275363592332774,15.600901527346508,17.33991076486047,13.188510781112111,10.021179022461409,1.9652992985171525,1.6097969813393707,2.0472377501783976,4.800758372328948,6.7025298723363065,9.702130359204467,11.509280791582523,7.231111001747547,8.379197634600756,8.62781409150933,10.630740358186928,5.801058857557971,5.055801367617641,3.9563738577266467,3.920206911836662,6.084536693391031,2.700623789061956,0.7988099359055917,-1.2480319244892137,-1.7577737010694703
11.308349885388377,9.859961045530115,9.935031856442407,10.652999068644476,12.013510690144335,13.992763463940756,15.016237379848302,14.564721694794242,15.596909404838208,14.965469324648735,11.190432176271552,5.679242896593048,9.934048004260521,9.405293727062096,1.0971312505125324,4.148715950001615,0.5231907210994113,6.054292726323413,8.489806085391717,10.560220842751171,10.105327911055312,11.188682381672614,8.447997034824102,6.47821197850951,6.3142232345926095,4.982234252687245,5.983324667157034,8.388694756601497,3.6772197726149325,4.339447285479356,6.211257135821983,-0.005074592154108612,-0.46050571087418796,-0.6457526150437736
9.69442441296533,10.036319832514836,9.997035082109086,9.736126315809939,12.300291256557873,14.369801348495402,15.750093645098888,13.619733798329984,12.941119885641399,8.692544338323753,6.484945243330072,3.97671591675742,7.564258233965043,9.119036900518992,8.029665526531188,0.9006058325512948,1.7732849833893594,8.047963135360522,8.582672514725735,11.81761366050703,14.6812800365689,13.075939969090454,8.801531054049725,3.7516422553513684,9.401031076384456,9.533985692267837,7.492186246172109,4.5142053997439975,5.954474612263357,5.332571203094478,5.778101482529647,5.011040375983045,4.997060620825412,5.2041814494325385
12.408773317267613,12.800581124660097,10.241473836193618,10.700587314519732,12.61419697793694,16.339294531509495,12.832528305623368,9.115968130469392,6.540302191464389,6.04458028834764,6.622687877886319,3.8466842561365544,15.885928106189148,16.979040438416753,5.610537220524834,9.67653444837443,5.156754142396145,4.870546085731737,5.191812081854433,7.504817957557018,15.058631074879063,13.113859352385207,9.581402255760961,7.922201049489747,4.758609698045968,8.086824372640049,8.775636486294665,9.527848941871882,10.214264017070596,8.444695739682038,6.234209170244259,6.814630138828456,8.144578819785835,7.576474038318073
13.476278281556473,12.173747542203234,12.011394931804332,11.564639112380542,12.315252698130086,12.888926682186518,9.303812344488875,5.9901047316372225,6.933278926154682,6.9752592928974755,12.338232893952842,12.165222070333746,14.865129017369084,17.7839524625788,13.398952959884008,2.763181862822654,2.6202826504512573,6.328593530322673,6.09628483944887,9.472337982418043,14.270838504048463,7.229966832238091,16.39798314899908,7.889043230836267,8.770582029564993,6.4466842969086615,6.287279157041397,8.933081086337054,7.792602660749748,7.431458833823752,7.654944894976999,9.593147483755958,10.010039165108116,9.29174377857373
13.884897499855343,12.766677088637373,12.450203481442731,12.109811592938627,11.443085105128246,9.453522910007926,5.9904683782871455,4.604390690498863,2.5099858787260265,8.094253916423146,12.769701113721904,14.153510542907574,10.806476858311642,12.122766887463843,17.41787575943339,6.799550077271898,5.912868702489546,7.674687262010221,9.41499734539631,13.610927866026207,14.05344852845866,11.974467196154846,6.926911950141591,12.148942179949888,11.523237146909942,6.774539981449896,9.342218350673383,10.530563938964969,8.210077447446777,7.77621993778414,10.80424572243802,10.140500242746395,10.334930586956627,9.229563528237243
15.16459003159934,13.659194762895103,12.988983301748997,11.971494944869757,11.155061425861591,9.223331073271941,11.4438034241177,7.199843577574284,6.229125646308989,11.130680078196567,10.25166944661465,16.610234485023316,19.701368675778735,14.226648609234347,8.285055962366405,15.16501136833258,9.638353637420721,14.086303996484679,10.103464349379625,8.155053894347184,5.19704194438704,11.08060074825542,10.879771553120563,6.590315223208915,9.244988811500852,9.111936461079402,6.344537362280532,9.269224110823359,8.325011411564427,9.74422834014134,10.547175776331478,9.672240082784096,10.634006014444845,10.953170178328008
15.71103796108081,12.850839985734396,13.971774468020367,11.43254244913656,9.520767258489641,10.042270722798918,15.60138010613568,3.5828098057541986,9.12098416637026,11.738548173690004,15.451433837251722,20.564918450770477,3.7777908105232973,4.424140770061982,8.10468305892041,15.433073825070611,12.207814383511499,6.832056209984893,9.227997595539472,10.932618764942859,4.599726234477649,9.717556802211323,9.500538535762997,13.359025245165618,8.39233417083462,13.126628570703625,12.425121649701424,9.830617871430919,6.814897009586077,9.400568040244572,10.720648613299437,11.057664853138828,11.016748008761843,10.931091239097869
15.58663147784266,13.115011370247036,14.351607648992115,11.180178397497336,9.11144272360176,8.64318325271176,8.28829449931774,12.608372831735604,10.375061602068529,10.478940416126013,11.594651738663275,16.570605449214323,17.574264586278577,10.998454668110565,12.098692266258496,7.757875543816321,6.7346666373781074,9.81471540556087,8.494041451760355,6.356264518192277,2.326117745318053,7.22604759139472,5.629181558682386,9.344360422839571,6.357183792735784,9.454558799751876,8.21023042643558,13.011867142100744,7.880231262695165,9.077392492769523,11.41974608386746,11.416769195150076,11.830850158346157,12.572009384217951
15.096259627100137,13.858305083186428,14.263989206225528,12.00581738376705,7.085325390195304,8.392750349437472,9.381165090029933,4.062592496526638,6.033151205641737,7.987289208792626,14.269474511800057,16.46077530453284,9.745764925041753,9.158584613337672,3.335405599318777,6.032008893774242,12.597675912520852,5.927855092022126,10.064541364611433,4.984846826517465,16.743195998008755,4.7803590589873615,4.4410471446288335,8.95007669504754,7.688237151284802,8.512967491853573,14.788930574279421,8.085341782212115,9.173238078981802,11.519726552681194,12.019593593627674,14.35630196268271,14.474279953578465,14.879624236563028
15.262353382328612,14.804555757582268,13.484551092335485,13.031498499912784,5.459612865760555,8.296739261246808,9.23577246558254,9.252288437711973,9.907576581973236,13.474891279370645,15.626675450580432,17.929822743537624,7.197075826865095,7.220019054872431,4.549691123721641,-3.570629099350009,6.272295616722702,6.383520534292478,8.123859261709582,4.687160913832113,10.959141075686405,6.549385190174299,8.101363688653857,6.163419753054936,8.260634057869634,8.709299876965911,11.235353398258669,10.93829428434897,10.517350088570174,14.97148000925879,13.960973979142292,14.666976232321211,14.905116879983646,14.075265301511948
16.151615247101365,15.598222546737516,14.349915349762151,13.490345962761058,6.152828586568261,7.5056339867784905,8.830515787655697,6.21192662930608,13.730585739692023,18.108916269802226,12.177074247421512,18.13589301420536,5.6688548635195675,7.435596831174943,11.786841893715252,12.26649972537336,0.8027768070628947,5.626225497516876,10.489459220352177,6.5759817643015985,10.876000835884383,4.658833146721165,8.538881463951787,12.77277208494372,6.040319450799511,8.370574974761055,9.978630543599085,9.065304804464951,9.98774549239629,13.48882374892567,15.067084277214532,14.512373929957679,13.519153738894778,13.565097611877356
17.598267316543282,15.448625876699715,14.45616366879141,13.842336933662374,7.818333042636148,5.26081189775312,10.401972492557565,9.470993032513828,8.95799658779556,14.549658670606158,11.201522466659283,7.738949007773549,10.02596427891448,8.274866465872801,4.3960313585375985,5.377377289032978,7.842913025274594,8.11485007565461,4.460487568405881,7.508363224338329,8.06455881030402,9.85991381063369,8.76881454640964,9.057291029943292,7.890565471140049,7.255656203320055,11.153974024111026,9.530570629054305,9.83762715989444,10.69579821751157,12.718042609445444,14.387131389905795,13.00677191745763,12.180950763717208
17.47608698302323,14.669810378777344,14.446560923283005,14.116851846336235,7.569829276802057,5.816375370442648,4.375140730284326,15.609123782906758,15.118993537659172,14.63683687374412,12.77206287898162,15.159298940284048,5.858429263322687,15.468624703133953,5.010206386355751,8.408982765889865,6.9494656652153814,5.692935881342337,4.866998289445437,7.3049679597903125,7.237134779914605,5.342868581870487,11.611976659707164,9.74726969598953,6.879112981499076,8.538869643688757,7.880039154180137,8.722706642600214,9.139574163258274,12.654944770266228,11.736254481090775,11.367310410236117,14.20994681725591,12.268027706236918
16.760317290793036,14.83534214246888,15.361031547114026,13.472743564220803,9.391121759532677,3.3602270775318077,3.5604732717884215,11.078441022557868,11.466986110403143,12.465263333526355,10.746005491188125,11.68768850518496,13.160486896269383,3.596524926523895,3.4629942851646236,7.177679562525483,6.4417841779924485,8.831918971152174,9.653318491854957,6.496099567279291,7.5538969310629955,6.121048036471128,10.600189843514272,10.162499350413052,9.854004365798396,12.289215815611932,8.499624653779373,8.57745196556502,10.97420093939369,11.592180960235277,12.174755976106017,11.113313807972398,11.958885750298283,14.19546403123729
16.48316287679806,15.558872846578408,15.708245259825045,13.44784776424766,9.693296960768084,5.5471294261502635,5.719316666240781,7.59821152250751,12.177407583136883,10.903354002447998,14.324601790689341,14.58623482095169,2.121031563344842,4.753336024507268,2.675345540241043,3.5280136190317304,8.767378786027745,10.217572891273626,10.555015109973855,4.411894209215795,10.65106106563296,8.620667875917922,13.746048395024355,11.006897111309648,11.479433563231812,8.416378919506881,9.663815478025253,10.594560875026321,12.852644376663884,13.211485594199466,11.702289762559445,12.330538856756426,10.868188907718567,14.85063929386048
15.50329823096764,15.210230540178067,14.856399318339392,12.517225424781618,10.596155301036202,6.268025382883788,5.478525707787935,7.366017749073699,14.15658462763398,13.799794297020785,6.29480728772865,9.64734889462255,11.425112332198752,13.66167563754496,10.081531145606569,6.564666307490483,8.982252123853259,10.533800622565048,8.788209191692767,9.000938781420443,9.189191349760408,10.99790623024673,11.230291129575372,11.252255134986292,12.327632800485254,9.433627337895805,11.199620172045732,10.49363739383486,10.391637018328911,9.963982362451802,11.83275622249596,10.928497776515874,15.367001492977462,16.514633756303777
15.076742164560422,14.49391403140621,13.998145619946746,12.312343449788967,10.90066054659185,7.127713704337022,5.023497850649099,7.274598556392502,11.891596178585575,4.386304942375833,5.137570667594731,3.6645567500535683,5.314403854492398,6.102331308586526,8.475564986481823,7.760110053377662,8.2367832372244,8.770580347568012,9.018096628131921,9.56889384687349,7.901722981202518,10.295051858758942,12.744571048766023,9.976631775931748,10.882439519251207,12.380928954951544,9.818831503309626,9.090723308460497,9.851604285901823,10.712404221473514,12.249197068926021,14.238996760990986,16.076586977122734,16.431138599027197
14.734094796937129,13.819166026515136,13.432706850828872,12.07662631583982,9.275378871670512,8.585232342702687,1.0318556046085237,7.722116495406651,11.94019967500391,8.397936946024876,9.04781783713078,4.883099097131138,8.022954194785717,10.487119642604851,8.51568785086933,8.112729252397973,8.2737938517191,8.303606227150194,9.29804831145579,10.08636882855905,9.25816816326365,13.279359928679787,12.38045288522485,10.539394390324514,10.050833252026838,11.558257030057739,9.131394560157963,9.816310323084343,11.206878524636316,11.798909285267424,13.772436213631648,15.734466150381321,16.475174622572336,16.541330178166756
