script/wind100m.json
{"header": {"parameterCategory": 2, "parameterNumber": 3, "lo1": 6.000198445256149, "la1": 58.999992894266676, "dx": 0.5, "dy": 0.25, "nx": 22, "ny": 24, "refTime": "2024-02-14T20:00:00.000Z"}, "data":
[rows 0 to 23 of 24, columns 0 to 21 of 22]
4.4457314915412125,4.014072495440243,3.2949880257070414,8.07935847912014,8.53303801236259,3.067572457610377,4.188334722457517,-0.5733120559499431,5.24953822409945,2.0258328242084587,4.349683939131099,6.083169971624084,4.047778936886055,7.564909807105246,4.536491513076308,5.444165131579626,4.259265527749403,8.798021786489338,4.860771510481518,5.306617399194611,6.374069433611355,5.905013648186824
-0.5804200074566552,3.948805176188511,5.028494738215643,7.594893154597584,6.977378134049841,8.814256973282918,6.020321250758516,6.907707970938592,4.663996720386495,5.267277807408672,5.78559542485606,3.5711418814715525,-2.898949866342828,4.505124636466678,1.9934575156801688,4.374810832806391,5.596879065998382,5.433151019016754,2.6663583680064944,6.825879696160522,5.078571885585183,2.9025789851083825
3.374096940623563,4.462436589000523,4.1599846477482805,5.143537030242777,5.8210004781660905,2.9166255930878635,5.863769445250686,2.453964151223405,6.177069370036619,5.082038806307464,2.7120744459829846,-3.0431640960384274,8.93572489257674,2.2057972158019563,1.5176922800241883,4.26837245717832,2.5201229075381266,5.249762630513667,5.812001428832318,6.640088969000832,4.26998913221366,7.410211520488544
2.266927049290557,2.057307873651016,4.06420040092043,5.959228293572612,3.659927114146688,5.36787315114599,4.652080091944739,3.491204625849534,5.758101809504327,4.753259711111921,5.821030057528865,5.877401670205756,5.670763484604398,3.331212311854225,5.0289815081108795,4.494159657375283,6.057435891812043,3.5453197588210807,3.979795214873957,6.1883845180916195,6.004343898723704,3.6825877262359343
3.806709380148767,1.574129164144416,5.873673222173789,-0.12854398427435254,5.0643158973320395,3.990124894962831,5.595051487371764,6.694019737451804,6.896868814969453,6.282278264031159,7.804377676500399,6.964247894709299,3.745162072458942,1.0881463001620941,7.467324247694584,3.8884475662494724,4.53155628228965,4.471093992929574,6.151094583777018,2.2451807974460047,5.7196879488705274,4.286835718637629
4.625879016429365,3.7290021864758587,4.215685870594162,4.6515502722806294,4.181939012788021,7.4705608868878945,6.170900341821946,0.3299168124897067,4.193284485790148,6.148649940915349,4.716873895869866,4.320139680264478,4.0359053474197175,5.527410110453921,6.559762261542295,3.8724185606122274,-1.622269904495178,6.17223149397134,3.6228979455680808,4.258982541377527,6.14003917107721,4.265460648863648
1.6576648340877318,4.715542132541866,5.437120564433285,4.358039962520656,4.547625241580213,1.5920367401375288,3.861384256288916,9.652471452651648,5.90527223960805,6.209141799086976,-0.430466865194901,4.7519259399105,5.944306580969324,7.212741796341212,5.394801451705418,5.898877907933444,2.753569865127106,5.599279346133937,4.89912201618509,7.178117191209967,2.0611412646929845,5.655254684176743
2.8144913356577983,4.609881563250174,3.021408257817005,2.850965436763509,5.6638780176584955,3.9238488735686703,6.091201536625541,6.01434404673266,6.7976917528478165,3.902607114119502,4.924789474391945,6.521829686398118,5.800454286917476,7.374920480602886,4.2173462214750375,2.798756039790319,4.30472037241204,5.727050273666272,4.229905308560587,-2.6451682056612014,4.015346348383346,5.443809405523638
1.9784108728543004,-0.8433366584257744,6.7322145302836525,5.1067965934638595,1.7151624958322866,3.5023826705956944,5.877553688724111,2.5281012566400625,5.836247517937061,2.0625081291444296,4.5916861306784975,5.910391892157382,4.239021790262126,5.2219120189149395,5.853136400295297,4.7591795528144925,5.379488629377256,5.455875526487008,6.0920179007101405,4.645338640186655,5.1057881307666095,5.730412586080985
4.431003980705771,6.419245167970533,3.9891206783134656,2.699505479571398,2.9087747130496977,7.925368388081236,4.991343060819802,4.4736835517810025,1.9117619392675897,4.925500712218186,5.412421829257911,2.645924672197666,4.037885390125559,3.789801001364166,4.019221780245372,4.131712121204066,4.5662930896552325,6.4525560733517615,4.505050050775557,6.806185412394226,3.6132931043179424,5.500190250658215
4.130000451365211,4.222892938418067,3.1262808875014247,7.425493016886176,4.656375470048479,1.844322375216616,6.456698117440332,2.7863252963188003,5.758333669968266,3.8641338888086088,5.2421354188362175,6.463106832369269,3.990125774731109,3.3068579524420545,3.117688893681388,4.340353154773475,3.5789255778397076,3.0918575650739455,3.4322657991025993,5.701970651001773,6.656377443996356,2.4199023445921637
-2.0039017761621927,3.4661676698819197,4.930093832324882,6.331155875626196,6.480030924274523,6.91823190308774,5.171706653809028,4.410096821437545,2.127674095230678,6.985927112261547,3.4397994050559526,4.250389275658966,5.316784145578852,2.003583927975363,3.228730044098937,2.7030153221674116,2.670477005091209,4.010031859677565,3.2100065877302923,4.916231138626871,2.699229463708121,7.11529712707575
1.5924483230861126,3.145979785540106,7.522130815201716,6.267674290566884,7.142859582341429,7.830982183780717,6.11497872907202,4.951015917732118,6.937363628835403,5.648127110852846,5.921879133334178,2.6025244245482595,6.547347917170744,5.896514338333371,3.086877669515471,3.514040159760691,6.935815618966905,8.660905527148909,4.369394403538663,5.569962657395363,4.107346227033907,4.191102094085594
3.474293158831384,5.655756220263657,7.20410700068455,4.259686098763482,5.391184863046572,7.129833525389406,8.496959397254995,4.993126579177558,3.0885360439205503,8.51227007067536,2.575706157078569,4.747797795364647,4.716302165455976,5.253712269133082,5.1150394709058205,4.180854057447477,8.413785372929368,8.792112298101014,5.915193604285627,7.4946687400468885,7.652372231078968,5.709160585833648
1.6074633055301593,5.547535822558414,8.520833617595498,4.453888524923134,5.241906969414617,3.0834026823778893,6.0073373814533095,5.1762188738395265,7.831620180572157,4.556089385031171,3.4942086131805223,7.302108725041785,4.047234846776285,3.0835143106012355,4.719798818897837,4.865702597401607,5.1475079035474405,1.9536808273645176,4.545170799133821,3.6108035988453357,3.5995543514950135,4.428265628522067
4.521869290258972,3.8718575858206106,6.124568690359096,3.4250136107801468,4.568232652666484,3.690121600906105,6.271326771516112,4.986747913338046,3.355112352378371,5.450926678646468,4.553986766509094,3.064751634563276,4.882699574565771,6.765169067523996,3.53704119709459,4.135929354348233,6.476019783835982,5.841372708063944,4.219299866485403,2.4078083603138176,3.815038461648561,3.007140635381905
1.429526225703703,5.763153350313292,6.8838334432186565,5.838300591288622,5.479029608686742,1.6396477654567263,6.32638021894366,6.440410047890702,8.171662275945936,3.349125957341757,4.90756951772257,2.8226530700339345,8.149246218160021,3.789907491179906,3.9338469954057045,3.6681698904484192,3.850896320275934,4.317660654775361,4.2292954319250295,5.737384544145607,5.1389060795532036,3.9966255488371942
-0.3503194022270192,3.4176869142832977,5.199943438236219,3.6534547679361675,5.836030643513283,1.3114303355326677,5.711643533618173,2.76813328403968,6.347563140070468,4.094039672587614,6.1153419402267915,5.447742327352415,5.4451516764852945,5.774381673429044,3.7054991253438754,5.38531916709941,6.197899333748949,5.71441510037626,5.6498800324001985,2.7149798928335214,3.7163341141305986,7.421579925799212
4.766156862356559,5.244338765214337,2.661044073864603,3.306507182627142,0.9101722306675791,3.947600531191671,2.3788854753060704,8.82834781243615,7.693474706766112,5.164832561672726,2.630525831690804,5.550731887626106,3.7225982681282264,4.51296086135794,5.81397277614785,6.820321585119159,5.339860582483013,3.2146247331982685,6.299108968441853,3.4292819663533645,6.420444750781456,3.0627570593581575
2.2049282007630313,3.362126688684428,1.1956246094620706,8.450799842971932,5.5027623432707635,2.4004409042700767,2.8754954710685245,5.704369218271533,4.378982765421295,4.0354416158571125,4.518826470527664,4.568244824827994,3.7447669521224194,0.960022451399203,5.922585822602526,3.5925595388642813,4.455777289964717,6.106943610167771,3.8158438011810243,5.17887426328972,5.004624337541849,3.520232364761471
-0.9697518015806356,6.448623957452718,2.6662884939818863,5.176785719138195,3.3816379857516132,3.811121716425371,6.401745966364265,3.5991055650835295,6.2617776444708255,5.725282724671568,5.500285154380499,5.367902721188209,5.69424258610306,5.091905585990472,10.019173726488923,7.220709687775105,5.398316363355603,2.47265643353691,7.871235208483983,4.741944272026777,8.257481190408807,3.584468332790713
3.3971538089345676,4.1989680285123985,4.009009518153043,5.474039142733096,6.189730120866661,4.806833606315877,4.7412569998282095,8.204775491000966,2.8829223297157025,2.8450709215671144,3.435571631118071,5.790689117445696,5.342395385145191,4.984945944967275,7.169345557435927,5.411928767543749,3.3936959952020316,4.918518006797128,6.2176532835668175,2.2782617082567738,4.8125983098502365,7.89249965977636
-0.3100210447864768,4.014224447615244,5.461135573032553,3.608988121901791,5.875243734415842,4.291474964803862,5.694132707966586,4.826355532259346,3.83425971867196,5.8387651149215545,7.079714372925793,4.392935264366619,5.986283721763546,4.998901563235042,4.962659933725008,8.63989351806645,3.6038789907226665,2.60946006028847,6.362240106140543,5.734692102239474,5.778603359977268,4.306640960723754
4.7733678264940975,3.648612536973004,3.6130903561468775,4.500551068272113,5.103436501305238,7.096588488520777,3.806170670275859,6.52499667508102,3.007854815344105,3.0788719938202593,-1.496661366022011,4.2483084512642035,2.9377558428262587,6.899467778405978,6.248637595110422,7.579907460121567,7.016514938480609,5.120473200673422,3.746577597520658,6.098082211073148,5.76213075555261,5.502147120890091
