script/wind10m.json
{"header": {"parameterCategory": 2, "parameterNumber": 3, "lo1": 3.000054539987559, "la1": 64.9999836372058, "dx": 0.5, "dy": 0.25, "nx": 34, "ny": 52, "refTime": "2025-03-27T23:00:00.000Z"}, "data":
[rows 0 to 24 of 52, columns 0 to 33 of 34]
5.568992704370676,4.949019362627917,4.685730204676844,4.900363013080578,4.124837347677962,4.077743296792793,4.008390148826858,3.2040531740404616,5.303696286050288,5.336286128499659,3.8284235379979563,3.487808833253555,4.217895660192347,5.570093900910449,5.359980197604063,4.6629106696573706,4.593896593823312,8.710870920916715,4.178011889268126,9.499549551930562,4.122494712203557,4.493843548991705,2.9701598924703205,4.611903743578359,4.28114543126496,1.0376515976225933,2.031201124764877,2.3133657932840213,2.8449767908720456,2.7648952049846063,1.3812083718568007,1.3395251187808324,1.1708188367209285,1.5186593220992886
3.9182377398886556,4.640951354388999,6.745204416976202,6.719651671547872,6.408971511205512,5.388252695546172,4.390601208882876,3.5845611169896325,3.332936677008691,3.0663946038639036,4.070179572939092,7.4308134574697275,7.152780849991276,4.6797877210634535,4.289401562423756,9.327420539840626,9.578539613717563,4.896532831087329,4.807574088879746,6.582507195088865,3.008463143293251,2.8251086382413604,2.3943622979998787,4.446397313897575,1.1279949285123148,0.8340758607674491,2.609880861184986,0.12584280533940484,2.1980937755897894,2.3136949947216108,1.4288845136378965,1.361167651545817,1.4674247834506575,1.9973509132629876
6.576893497490471,7.242915824230707,6.777391188725691,5.642547483900332,4.741161041507094,3.802457842409486,2.6860958488522857,4.415155233243142,0.6791723689019318,10.48592563312647,9.144241348465636,8.88628592717912,7.955713287668184,7.266932036571514,7.748232745911321,8.514508257522785,3.3821066578755037,2.8377151244843892,0.7233043272141488,3.002696978065217,4.154023623670675,2.799409294066515,1.2685927569437374,3.1175656656494897,2.1376312578228873,1.658159444393944,1.7711732922218573,1.9400058018837891,1.637332196785337,1.2195898810040462,1.9775511538598123,2.0645440050020425,1.6736478187607877,2.1653700159200753
6.13774247587863,5.583539129794434,5.894051463803523,5.598884704117731,3.7016520668303614,0.6288331821391784,7.89087754916243,9.831164447366174,9.647757965824377,9.434171667740154,8.960854609018988,7.905357103412302,8.399944040507865,7.978401787714157,9.230194728220553,5.779140058273211,1.9256561534706902,3.320786473593448,4.355077074711019,1.2259177873958877,6.20684277771464,3.6536289485351947,3.666542580630266,2.117508319317609,2.3798971246213405,-0.18929724904044357,1.3262995629174963,1.126137274424881,1.4511795340768017,1.609900415564996,-0.3874828397405034,1.724675166896889,2.2833022682918305,1.7325474273405836
5.201310480155863,8.752283238523189,8.395606817035958,6.6539775989386705,5.460088656589992,10.333544560583142,10.349111968043246,9.7802509067117,9.453715081452263,9.35247894019693,9.218195999805843,8.312123630597194,7.684972399836866,7.132129571764047,4.0952134010085555,3.0314894756095065,3.0974375665430838,2.499869068072995,2.759146423175559,4.762914542545577,7.111578802221123,5.587009111649512,1.5556583354304432,2.1800265198089006,1.537823277149581,1.9111618706466886,1.5222630399711126,1.093968601851444,2.024081762199785,1.7747550295383054,1.09557477415934,2.276678920433841,1.2606350863289741,1.4342364426144834
10.200027404332774,10.473635818729669,10.176891238982437,10.646628056345378,9.658257231202327,10.223287282065757,10.388340624774647,9.672361694361038,8.861590752687077,8.738271635002027,8.039137397868215,6.905248225046047,5.884768205753638,5.037753385046582,1.6663077203443346,2.1088969594676676,1.5344709665708725,1.5971524228169829,2.8020245861402335,2.5959578785554447,0.24472172149980406,0.10924016421953904,1.4426801465961756,1.5468847106693047,-0.31564227385265214,1.55998025573696,1.7584662705991214,2.0507408746755753,1.3155017782747147,1.5150269797180898,1.9863825358083047,0.15119123088804648,0.6811816986627615,1.0354994949072756
9.859340562449962,11.304860172493626,10.541774050279182,10.618270222645965,11.084525666316328,10.342845748927969,9.525495100722216,8.232122387170659,7.688324462797049,6.856023010690931,4.663111817530595,3.0951081263375326,2.39845106498252,2.1372492568331607,-0.06479236344219003,1.2177377209553772,-0.5926895176190301,2.0864864182604363,2.9718136185176625,2.301050126081947,1.5351397693822524,1.140030756723079,-0.23198088142150958,0.800023527454831,2.353798237002789,1.4717541755327856,2.2573181805939564,1.6758246799505319,1.5982949269862097,2.0343268352717665,0.5983333742353059,0.9982342150741925,0.6445294448635697,1.380292584639741
10.69624069517401,11.268060440492096,11.314728749210735,11.04119766744068,10.94549738668288,10.893209987729865,9.215217798328105,6.625284653112768,4.999573799022447,4.097073464985795,3.753672678974703,0.7391132899461025,-0.06602447503852547,-0.3726221288544934,0.13473827691475887,0.9466950171553276,-0.720434168160109,3.2106303948317114,4.317490721501365,-0.19279333423999753,0.3176450230658176,0.652721683806417,0.4467610767208361,1.1131680878905759,0.7869405184646971,0.2646660514797986,0.38078293740801455,2.087412525211497,0.8938010946712797,-0.03714459328787297,1.9930855350923158,1.1554403464761918,1.5165820580050215,5.646671061301516
11.35718643498166,11.18794253242509,10.576091048608045,11.7200216811346,11.865585901120125,8.748964361828033,5.26533899022429,3.8496836442804496,2.427610636843038,1.1489601629391342,1.9249912781623773,-0.6198176770595463,1.4383533624919393,2.4039932648308513,3.711720723029693,-0.9068866547909242,3.204350125387212,7.979371158633238,1.9603550343253742,2.639318922312553,5.826931502622444,2.715788497298696,1.9118176330311745,1.8070429533152779,1.904576776660115,1.2024674547904806,2.2197230899510836,0.20615349207002556,0.7134130332338791,0.8780789171974143,-0.31591104218257876,2.295979043745632,3.753739162400211,5.950775644157254
11.128264699737786,11.461779858866002,11.838921987051299,12.673623805122762,12.650169781959358,8.253369867649669,4.30609114948561,3.6438026550462355,2.282147992345931,-1.818743786176892,-0.7254026988859542,0.8829630959267616,3.5711719091631493,3.6056827016505792,3.0049817028857753,8.770588178452757,3.4883364111572273,4.185511422654416,1.351351221019165,0.2548429574802115,3.209802798795772,1.806813455993402,1.7436596287605095,2.971256025425976,1.5613634131023981,2.2222144809673963,3.194062128111761,0.12550095190420255,0.3369789615779059,-0.6371722096058229,-0.25215275370968393,2.877363300464537,4.411274643259679,3.6613478991801194
11.494445033589308,11.441280880321692,13.43714774850634,12.861194719989573,11.846671984295458,5.170950148138795,2.963653634669425,-0.9802889053831555,4.8160759068301005,0.4205175881962828,9.195250580249864,9.087920568303945,-1.8132428015573838,4.609696382929336,4.5548643702205585,4.364272896744619,3.11894616492293,2.397745205481052,0.6914301222391687,2.231921513069215,1.9053206255911461,-0.1510738150074247,2.9163242072705637,-0.5997109659201917,2.5508997586262177,-0.5306116169377157,-0.9952577297677127,0.7618920411953435,-0.3338655412911129,0.3593890077130708,0.7008921196957935,3.4991838943110296,4.845599238160335,6.481209903858205
12.247873268151066,12.399456086850968,12.66545800730908,11.612920592257003,6.532237699554666,2.657858699474543,6.664560710532117,2.737722870765556,1.69886689256409,7.69310434672634,-2.3217439421560018,5.39164254952481,6.341839947520812,-0.7992446568552606,4.311159252528759,2.1289432829121973,4.637126646159174,4.906430537758493,6.9676931430680344,5.047155553830457,3.545128714702226,0.4592145410351984,1.754447094316708,3.243410652215525,1.857620078721492,-0.14094144956562887,1.3005239721362962,1.0350863298669593,0.5581699661064462,0.7066947734828702,3.5964370436826854,4.776153351471297,2.1243442070464296,6.2917987058028
12.56508730876142,12.564999416004897,14.040305484275091,12.966773180912382,4.330624190438499,2.7400915799436847,2.288778407900844,-1.9054032744419402,4.380189725795336,4.891524811540688,0.6713552253028986,7.570262101895452,4.830783524040807,9.104292105752917,5.93635539416934,10.166892360403505,4.1559838114038135,3.2287680781884163,0.46225776263727497,-1.1577236763422594,2.7321811270984404,2.756440096008425,2.144155114404926,2.4740263867636174,2.316027522787238,0.3734169254379731,0.6787889569835115,1.10532601080933,-0.8797090818555613,2.887247003056527,5.141793404533036,5.388296642726351,5.182740043465147,5.111894117697154
11.22568532961915,11.989458528497664,11.016714876219039,13.941599772490806,6.6830179171823785,11.150510827325462,10.399573316264863,2.3615436815955735,11.143478298808468,7.663104280925568,10.360257097179769,6.910922381015256,2.891667040122809,-0.7157823775682232,5.055414992269689,2.2219431893404087,3.8180498142568617,1.4904770337111515,3.148446037786647,3.74967613887287,0.5033229978714376,6.309699944266185,2.4851439091445986,2.979105052756489,1.4356045754374365,2.5509713892213264,2.436701961316794,2.5531919245577854,0.7410986662989543,2.8900621504019344,6.710568088722094,6.3501676936997935,6.3060674311674925,6.275830908040011
10.217146712663999,9.956536734287903,11.2939799203908,14.025522907942685,8.451428639993438,2.780245945204851,0.33850526071500725,13.50112228209288,4.5796040262004425,4.2810898619937765,1.357969551047354,1.6224215813479637,6.248525956784386,5.230302073109292,4.412514629554255,2.980749842146334,2.3552240770443045,2.3711699529230343,3.1688814198960427,0.31645726330627927,3.300937092686189,1.704577142458303,2.7204815583004267,3.4871676606633697,1.7685411592294384,2.066569285039582,-0.36888571078545423,2.554760964801344,1.116250738500216,5.723217794376665,6.436086156696886,6.79711223991336,6.7535869527048265,6.751874344005837
10.000826183152348,9.341135938137711,10.80608231352077,13.413270357367592,5.730651258357619,2.8705469844911504,4.649143823105053,0.74366980391696,-0.6631082746615946,-0.6449717868199303,2.469088003490675,7.364201546272839,1.9610490111564216,2.8111543530308727,0.8374324985173783,3.0741700326231713,5.992547698234071,0.8537052129014966,3.0631895829488007,1.2142814590881859,4.9809664044177575,3.8992763581574885,-0.21432037195539988,1.21710659998596,2.3616330702740655,1.5329134467639915,2.902855635291057,1.0902805256997679,1.7252565645770017,5.053971745136925,6.4887866598989925,6.433736974765778,6.169634347822256,6.188887605914089
9.068881643430583,8.885822105716647,10.535258267249091,12.2777590454419,6.866443927592811,6.271716699602175,8.458276996676059,10.035336741409813,3.3641155557965794,7.301230365664826,3.764823287583919,5.7746131909363365,2.677586470806991,1.1910339142685546,-0.19034764235383408,0.3322794926869484,2.1181240802970187,2.0877695299318164,1.7533259854847019,1.9400117206910166,3.283444585053902,3.391577602661761,1.868378104453539,1.4435220193948808,2.173080273304115,1.4178475519870122,1.8992819379079369,1.1275407276382237,2.0775675209731195,5.776522320970539,7.343596013396365,6.846559530094989,6.53769991250319,7.009547592513559
9.128022839980405,9.99387820542591,10.586785845113697,12.108184210695127,6.68749927351883,3.8890873978138267,7.1223474914184655,5.3100851952611,11.257468244407162,8.677019094543622,1.9920514947020485,0.7001948099858141,2.5104910246579557,1.9702832696021495,4.000283330723333,2.7907651723488947,-0.06101703296907745,3.3338921152663956,3.5311042859487403,1.773681404407786,2.0589015949743272,1.4879793807540853,2.4841339600039825,3.066893338548674,2.203411755178449,1.0700490468000323,1.3614680490043083,1.5315349326984176,2.2323580544312893,6.7069162929714325,6.889788341477792,6.769885370206804,6.367308445533464,6.323865714277105
10.067034970296728,10.340983409908963,11.570267984867371,12.279074879422845,9.364944056038736,3.5349911079065888,10.704813904889185,4.369275139462613,-0.8435677696678703,6.698466945860031,0.08219197319584201,2.182800225977521,5.782795761830152,5.189552000207776,2.675707440110888,2.364521642505685,-1.1657906534884905,2.349023082353691,3.507689205466288,1.9796206466159536,1.7987023537817441,2.9834045158238753,2.287422375759283,1.6764527831979337,2.3678714828797345,1.8671213292788467,2.0742641907926243,2.2802867857289293,1.7492187100455032,2.2966200487357677,3.001193186171633,5.031014457661122,4.71329261943749,5.730307008697256
11.75602691043538,11.507234353975015,11.380177430197978,12.78961837123253,7.39797647733364,2.970252931431615,1.9887409075024371,8.84253060449424,11.900795839572769,6.610070637493776,9.400854824295228,9.179312732080396,1.436120100348339,5.795684131069904,1.4590059661796206,2.7970951868048686,0.9958506888930803,1.4031853133037895,1.3276479813098505,2.616823737461859,1.9005476026435373,1.8136530706055363,2.7962389512533594,2.0059762101411014,2.33254090223654,1.6844481113501109,2.590334949284484,1.8442106355616616,2.133643005027705,1.7233246208428938,1.7306479960561412,1.8629115776105576,3.506827343579271,2.892737463024258
12.070379222680794,11.809244359590869,11.615806389821376,12.731149676636642,13.27182326313233,4.359356222364165,6.46471426719662,7.520551506033807,8.741896930641195,8.735806904112955,5.554840518590094,5.463339315066794,3.803568102007312,3.7500790153935006,2.2057839451263743,0.9944857436822137,3.180543969089964,2.9755016864277652,2.370529923323118,2.2866722523241965,1.8302875588691658,2.413246871899491,2.2088777869563407,2.322833416009504,2.408203267813955,2.292221385435831,1.9283936347647594,2.530673420415146,1.790079062087729,2.222774589878943,2.0836832924492246,1.4446413970384329,3.1187904878959865,4.515867105087297
12.039929127014128,11.857760827191836,11.74622597676606,12.491462976968208,13.387830809906003,9.178760026813112,4.246370468422857,3.5003322399228693,6.871995429302105,1.4096144101863668,6.299133485920435,5.775463695027676,1.5303891394089995,2.6449336949057374,-1.5801289614713747,3.1533377208752524,2.899656677499899,3.92042162798301,2.707230264819523,1.6502325652321455,1.8450164400493538,2.393427744949426,2.4262764056282675,2.6832258755708347,2.0121486585297452,1.6015464526246743,1.8784869573697824,2.137351962540854,2.5082845362606574,2.113106410692087,1.4021139165447798,1.2109060221608738,1.4989638808092969,5.3023227101443275
11.991248036454246,11.976556017658918,11.371684210881357,12.251351448892828,12.394217105077258,5.649634886681353,4.38664771516745,5.318236818721881,10.058300414257534,5.540085168016025,2.3475424715222655,3.1276333018954863,3.4544741274502453,4.679759939760483,1.862220477003911,3.961430085906849,3.2070273937420812,3.1808649660372064,2.9019129112107085,3.4480340613655334,2.187908968343632,1.9092632651344101,2.639154279520778,2.516082877316613,2.010408880069579,2.2358965235152692,2.383135328277096,2.946513007968853,1.8281372626590682,2.187542359441182,1.5297143730162537,1.730264734195404,3.436473160206685,6.250232951211112
13.254119940502571,12.074373561263723,11.212369755898827,11.802948502521703,11.950144824682653,8.816247098381993,4.23330716300782,8.121701928037579,8.463261817137427,2.0266561640804097,2.642246481234354,3.9260263246477876,4.021741829822916,0.6587245212384873,2.614524010231569,6.294150693788482,4.05293658306038,3.265961262272953,2.519555585843599,1.9712565419686607,1.9527418146304272,4.175608980521856,5.394835182115909,2.1421254320038896,2.7167771172126796,1.6593423519195343,2.49349289976725,1.4486149038808211,1.7318860632901225,1.8398306427889235,1.7469409814194028,1.5290787045326144,5.45509744871022,5.167570404323834
12.398212346861955,11.520621483268606,10.87719804680138,11.647360689742287,12.109748606206931,12.126704539774014,4.134873248348361,9.794474712947009,7.23625698084737,2.500809472268092,3.358392702816639,1.9025569190998208,2.9056471435882,2.9270204080558693,3.8341460216923737,8.195435562545752,6.765916707225741,2.801804433480621,2.5568848636501977,2.019135314918973,5.860747567324951,5.951156115479998,2.8638628003581847,1.5619706964641291,2.112431913116197,1.9998638807889932,2.037587578655647,1.519026742410489,1.4374805153771484,1.6148553500193723,1.9228407920383688,5.194776132564615,5.379831529385669,4.733290180181788
