script/wind10m.json
{"header": {"parameterCategory": 2, "parameterNumber": 3, "lo1": 3.000054539987559, "la1": 64.9999836372058, "dx": 0.5, "dy": 0.25, "nx": 34, "ny": 52, "refTime": "2024-11-05T16:00:00.000Z"}, "data":
[rows 0 to 23 of 52, columns 0 to 33 of 34]
3.390649238959477,2.709857254166533,2.920994133333587,3.405566534188875,3.4158748714620324,2.756563118467784,2.3576203383143213,1.906041903908295,1.747419473954393,2.1061465661777956,2.2709882633049268,1.7770741796036371,1.1882215587183418,0.906278898219337,0.7857622997032254,0.8966022967480983,1.3664839400316195,2.6167792460274266,1.5007785611839675,4.064403993241363,0.42276243022648335,1.516285423829846,-0.7311688276301525,2.1335624636831696,-0.8802105494711828,0.6913349825013682,-1.4543686701907488,-1.6248341948549765,-1.2213658738060078,-1.4936840297643545,-1.0056072791262682,-0.7968690402049773,-0.14468830533239815,0.35283553946933616
4.11727566052244,3.912436382544786,4.2400876116775095,3.785417370398887,3.866490730022688,4.234330908853486,3.975252374439266,3.3895531813180737,2.818407905418694,2.326572035325602,1.7982330029298816,1.4706452309915676,1.560493301378058,1.8430852043262946,1.8181149938152228,1.7181165652055972,2.274747293263165,2.3791004605634507,1.7493010022669877,1.4572417787936518,1.4060675137107062,1.2521169371854448,-0.7596440791809463,-3.497967207060534,-1.192467756388822,-3.287278899729639,-0.1078627685039399,-0.4832044258437991,-0.137586628930368,-1.2106919334489257,-0.5041368326282198,-0.2607193647522688,-0.7860896734334837,-0.1325717879829849
4.622766769255658,4.992905313716766,5.027536045776043,4.950500631159917,4.684289272925242,5.207198435470394,5.845620160662944,5.4371252024365155,4.699992086532226,3.725674380091554,3.0468128763636586,2.9098639268480277,2.4016762272998062,2.023249064840855,1.9431611837773937,2.551051475935815,1.3826506230073043,0.01748748384101331,1.4576908801411423,0.26751615041445725,0.16413826496787678,-0.3370087608479676,-0.5109280173240948,-4.5326972419108555,-2.568061545757493,-1.3484570990581517,-0.4510116928167782,-1.1803553465888836,-0.5298553918976767,-0.5012691150300722,-0.8077001754404077,-0.17097841169960204,-0.6877262407788163,0.4354322203957318
5.532894472795102,5.308201277525148,5.292340190535018,5.285291213143108,5.2520760380403715,5.120815471528229,4.928804759292171,4.47915583923194,4.200613960043605,3.7668350478265245,3.141435464089205,3.2310752977359307,3.0435876602083884,3.0614274915364006,2.8002926913158563,1.9238715074604065,-0.2176271890211013,1.7741728116284354,1.1704657755966852,0.8977496871574041,0.9758387881210442,-1.3006510831075744,-5.631305749505935,-0.33753190491034174,-1.9818574283888286,-0.8697228253102526,-0.8563714220896522,-0.5623053320482626,-0.2685541130357709,0.3399894966613215,-1.0259727365663043,-0.6665797252658832,-0.3757669908479993,-1.0522692531650342
4.4656737815489915,4.697259701310683,5.312180726530793,5.492664141789093,5.231012976330237,4.637821598030552,2.972083170043944,2.835997215141914,2.517440085475593,2.808888804894787,3.141230925560512,3.0086296900036715,2.9704033203876854,2.7213422601198287,2.4971938916213037,0.9550232782158438,0.010919276789888653,2.311547044725898,0.9703554350413115,0.06979194429616717,-1.9769697233158592,-3.619475881349308,-2.139594438116001,-2.598704599400144,-1.1764074297069889,0.82802251921282,-0.6354934862514919,-0.4784306418764623,-0.42758145932000957,-0.32748814316708325,-0.8989893836663928,-0.854628501829622,-0.8206027024422253,-1.0748331811910636
4.804851959893405,4.683869447601058,4.901821514704136,4.829082252722408,4.749956954092011,5.740463273842261,5.873836623371607,4.856026509963896,4.223520891920371,3.43139693666831,3.2757260360231464,3.622940527097101,2.9695424381500333,3.248357150573989,1.3123152042073243,0.8248782847802033,2.0285597293341193,2.1729291738044116,0.08236379741297362,-2.128262696093607,-1.1295255516060798,-2.4072370034911503,-0.5707439317075707,0.11542969140001039,0.5992393572961695,0.9491031545214746,0.7708926300129598,-0.01542173196389014,-0.06104431502464114,-1.0574094458547907,-0.5948609520411202,-1.113845025401118,-1.125347465272631,-1.8355224168671935
4.940775229004666,5.258976283218977,5.125164150786485,4.993324164071107,3.5813880636983115,3.487400603456537,4.243260332952012,4.252102836835896,3.5142894063944023,3.3515567164280164,3.4099686497558386,2.8611436056213218,2.404488625505218,0.27095825327294637,1.3908853416278188,3.442386868683123,0.8436506772327291,2.011756304341297,-0.9170505561009485,-1.1634398663550285,-0.6600205162853299,-1.0699102526552857,-1.0713419711267147,0.30730389552623283,0.10528208182470589,0.921573389276982,0.3878565996972238,-1.1020267770443213,-0.02474815541773663,-0.9803166638135794,-0.8658458825576795,0.1142420741939334,-1.452781107494996,-3.06303293513382
5.158559158847567,4.74980400877524,5.122594967996474,4.727419467469018,4.688804780678312,4.367778017288997,4.3383730184701355,4.152854621184986,4.193562742639596,4.517230716730558,4.499141832612942,0.587587394962736,1.522016612473808,-0.8129016928286554,1.3425861104796977,1.6637504375771492,1.2128171181224308,1.8733235383214593,-0.5934488253372682,-0.16104329676880877,-2.279411625463866,-0.27825174584282086,-1.3078310531712567,-0.8551198491163736,-0.027361245723852096,-0.18771214111740706,-0.49797894413336713,0.06551035512116453,0.6911718463217258,-0.585926576610925,-0.5757999431686114,-1.3406673596681669,-1.8176942132127005,0.22644106497218497
4.670128940035044,4.711764474335504,4.474392788622281,4.224811744508987,3.808758305642909,4.617619545755948,4.769494735260233,4.844524192846815,4.616913935575371,1.4833686719422587,1.6592556385213553,-0.5114238753828256,1.2473415110371109,-0.5563131375462105,1.5888624497521349,-1.3338908917920778,-0.2603898924423373,-0.9237628001969768,-0.2034458163167164,-3.9408779775278204,-4.033670691290116,-4.194689001068271,-1.99590236080458,-1.4020862640597656,-1.2629999014902569,-1.54686594665655,-1.4058678126587496,-0.6079534793254805,-0.7731906419993476,-0.551717674546181,-1.8934821263452584,-0.9749897563698499,-1.068535641864039,-1.2031586936759076
5.152769299916234,5.158896266926583,4.657451177613991,3.8261930945560314,3.557013461812665,5.297457906709635,4.967175603506931,3.4072152991160554,1.1761528354072162,-0.24388382104197082,-0.5893295856724735,-0.5827806986793066,-0.13787300274198783,1.9765303053268395,-0.2895399822924292,-1.27070578167234,0.5497420373140415,-4.638115734833319,-4.249911622879271,-3.466811821477999,-2.9941479161775875,-0.8549824782262395,-0.5388894146967038,0.5538340366760451,-0.6763234188774463,-1.705773120729495,-0.8543137470270062,-1.896294880923871,-1.5254942682119743,-1.8565660859635507,-1.153856201888178,-1.4062337320610725,-0.8223726192482959,-1.1476314575573372
6.237144989354074,5.5902350269848196,4.54644217772603,4.8910851514863145,3.4170781142373863,6.022870789868318,1.7176731062047141,-0.5163741284851203,-0.5461772798342436,0.12189707044535804,1.1917153151335864,0.6509923493251245,1.1565840146589312,-3.0357946152508206,-1.1383192577872092,-4.732295599339345,-0.171487566789987,-0.6998047508063672,-6.077824247741381,-0.9511555889419584,-2.3682757308363893,0.030736760025560136,-3.076907851184168,-0.7443251662464635,-1.2471524945002097,0.02768534076740043,0.3333216201077525,-1.3412886629170957,-1.336063778206598,-0.12519574775338743,0.7067391890566781,-0.8269756145674306,-2.083242143783125,-3.2800386305215006
5.663275960435955,4.990697917719008,4.473399933611462,4.250870858050476,4.7656917648333295,1.9070459085744291,1.4834212380000562,-0.7035581232649444,0.23002445485084344,1.6089313269813028,-0.7932079079948973,-1.7803986179788667,0.8231452885201539,-1.790740571401971,-2.1145377069761007,-0.827195649236335,-2.2035653777942463,-4.503843579191218,-2.3815211483200236,-2.034334937129423,-1.9415438699875414,-2.646748617194064,-0.206989733517782,-0.5075834990086073,1.417646252262326,-1.388941670155831,-0.9499964877578915,-2.058605850384931,-1.3217137454250496,-1.0727163571414275,-1.745637969014938,-1.884942902657317,-1.970708858528036,-1.6817436931583556
5.757407419642591,5.68926501011023,5.119577703939516,4.588233867720127,3.3188680626139755,0.9921867416882866,-0.2777354454618286,-1.4091417643788025,2.2701350063452557,2.5623445982838433,-3.1430601154102913,-0.6723485838742858,-1.5120542964554473,1.4085892809633476,-0.19771328968118326,1.2176068106739932,-2.1358466352419283,-1.1084735972677706,-1.1572765168889834,-0.7774050449595016,-1.2115113850283064,-1.36899796710524,-0.9435781511414826,0.3532834045355346,-0.6832607319149135,-1.0300320194143318,-0.108582894643884,-1.4661874723581034,-0.3897405359899809,0.2283340875837655,-0.7695225912640963,-0.8801108697207445,-1.107319021640585,-1.4555575911120664
4.882329385697443,3.986968991640587,4.967455721584245,5.1401321098013995,2.0436133536850756,4.1435082275342,3.7059838947274524,-1.2164792512093872,0.3531928540597605,3.66740201463662,3.5211746399109125,0.9514438005028433,-0.5246534188509349,-0.25335712030433516,-1.5051269311644817,0.5724557359525778,-1.44006769332203,0.41253691144587057,-3.400724462482709,-0.07551722242593466,-1.2191548441843363,0.11249644696079479,-0.4352449389870603,0.15416845165157247,-1.1109190240092464,0.7557426550959496,0.31226122522561184,1.1148374278776532,-1.082444105018361,0.3791168854186649,0.2648398380075162,-0.5533052568451272,-0.9901211708066174,-1.5216179359817341
4.1850416753851825,4.217104179973656,3.122722448064467,4.202690247904545,2.5944595287178287,-0.763534515941306,-0.2508727974706043,1.1741932178123087,-0.5668848553029878,-0.44362571531987083,-1.527897704355711,-1.9441585473138594,-0.9909455887628195,1.0461464280732091,0.16662683573700687,-0.7625942873066277,0.1707798620827055,0.43243220196088616,0.10536552816031332,-1.5183377448337854,-0.11443812074923992,0.37318402022115527,-2.040082386774892,-0.5145219629744427,-0.8970893087623553,-1.1133825530789478,-2.02449944749854,-0.0018334868756183583,0.31825931655382916,0.49927269628683485,-0.059245454321012525,-1.0346477629067672,-1.63885901485558,-2.1352219835697968
4.049304509169256,3.958796864503485,2.943902888019801,4.921966688216421,1.3229732330027022,-0.6689767704837111,-0.6948298956905704,0.35706152799516594,-0.8697197630841067,-0.9308724642639272,0.49337169567892086,1.2275064937434352,-2.1454286607759308,-1.9611349856871108,0.1445410335563678,-0.4885897980126574,-0.31904958834219305,-0.5446392365495479,-0.7068253716115191,-0.5532655994539109,-0.08441835920004648,-1.5636500970230827,-0.7223483122843813,-0.3732344800525686,0.47477149653406925,-1.0693823223842143,0.48345118861790626,-0.006739640780291101,-0.47922262224356876,-0.541478971155671,-1.3486537931202178,-2.2220341995723247,-3.406871574047491,-3.961192137860883
4.959915841026656,3.753757686478918,2.4854814587179654,4.2159210501255435,1.826466916655649,1.089607847197781,2.81127609528009,0.7007754889387832,0.004853254923226527,0.48566687745730397,0.345556037330535,-2.8707817697188474,0.4771024173015746,-0.6593862384496892,0.1697704534368504,0.2897244638959891,-0.46387041137614415,-0.23726356101591348,-0.8345736423470986,-0.24951244861300081,-0.24608524953492417,-0.4065791954007374,-1.0666045616845463,0.10785606900220736,-0.4181027994259975,-0.04696681311197357,-0.41168095629691603,-0.4610450432316624,-0.43824203777243553,-2.5226248645547273,-3.8152514730065925,-4.410729491578913,-4.716131597733636,-5.154897889685136
5.210301538465084,4.1339506196393385,4.124284879690839,3.5351318165333576,1.2083406970926336,-0.09669684604364896,1.5354696480701866,1.951747079214016,1.1321109938134972,-1.0721132538759246,-0.867706113312326,-1.6657520488228068,-0.4440339440442594,0.0929878844936922,1.5391154888118046,0.5114316051045287,-0.2515927253498179,0.9204682799294642,0.0411341864110879,-0.6690200009241809,-1.829986033888822,0.06394670669530103,0.40528516679917725,-0.9979333933112415,0.29421791948565856,-1.6610835610920407,0.022975878180318463,-0.49059177052641617,-0.5860883108157611,-0.47135475277018946,-1.727828147100627,-2.591735627145624,-3.5576210674610516,-4.076467393912434
5.217994823973442,4.631121855979442,3.350678918861347,3.042546598747234,1.5337997327993684,0.32227873189827977,1.3932420397237526,0.7559939550121565,-1.1632710218330136,-0.256676484869126,0.18905241242633244,-0.8791866303567174,1.3914511628656123,1.175233350217602,-0.5197450361575975,-0.8630559043573486,-1.2639607343266817,-0.5056811530467421,-0.12515159483853078,-0.49468369758917036,-1.32576887566789,-0.864469962676646,0.8849339527909345,-0.3053281742787427,0.6680034392205849,-1.1365956908744745,-1.44292417503845,-0.09853221284274813,-0.32392070739014545,0.315847814749083,0.5269851699291485,0.35430493047978767,-1.6018952011747114,-2.5377772043998115
4.359798084175526,4.4817644919627115,3.7973168281688445,2.53969740564971,0.6988942655475169,0.06827538983631043,-0.8701878988907095,-0.3474079726619446,-0.47993079935588145,-0.3092425316049975,2.1269258161636344,-0.9005641905847179,-0.7741705165222579,-0.005560029402578712,-1.163217369412523,0.4245431866780622,0.42562164259086926,0.24323282754397366,-0.07285213394539539,0.16621957015573,-0.3671370754009795,-0.19247861988753315,-0.9102350472504123,1.0166781540750363,0.024651885344772452,-0.4111636111672249,0.3989162345716833,-0.7362625574082331,0.9302591961258354,0.6589938994364882,0.7063455164953388,0.6649890937515511,0.23680149592075478,-0.5816920460543932
5.509014892918944,4.368274806651642,3.198868856032263,2.874425031298391,1.6931844955003328,-0.23489573620040258,0.07805344588552558,0.18170168003657156,1.7235133642728315,1.0547673259261048,0.3913534731716502,0.026653198182098752,0.017755038254763468,0.1293181700962041,0.2879411035505252,1.032721557511424,0.20814101045623515,0.23948072877656107,-0.6235212321561663,-0.3525483893521263,-0.4711637227355951,-0.12697482728446688,-1.6458124748987537,-0.9049459856639729,1.2594240477083534,0.019593334575245112,-0.5419794672829181,-0.19049073831839655,0.5780055397222351,-0.04544902247251732,1.2055501483881912,0.6213769520595642,0.4235162014230443,-0.323575287426384
5.424219299957962,5.087930964884608,3.4868253073671833,2.8671143614658865,1.855880852135416,-0.2507614785613377,-0.5241199678304734,-0.4327588351960707,-0.6399630626834864,-0.8007273475228531,0.6624780226048851,0.28446124977256904,0.7751052147036734,0.9878369830317951,-0.6005923317410622,-0.286456903832912,0.481462234443275,0.41794088752716,0.1631005226346757,-0.8620598204314472,-0.4772023607749721,-0.11433980806471986,0.11208004711297062,-0.027991587792717515,-1.0315252605942138,-0.2834532399775287,-0.2668600652583479,-0.30320283674555787,0.4535837201206677,0.817301714214033,0.3619284157458482,0.3750953282543663,0.0999145150817627,-0.35531185355879885
5.899936933259188,4.9250283514842526,4.191716081972909,2.380330248702838,1.6522676870132316,0.5715002931030291,0.6197778567260025,0.4400212778320428,-0.06713894076911037,-1.608135164309141,0.5869250390123275,-0.6657655508101933,0.45095598899243367,1.6149583852884895,-0.40234526486338124,0.1272975323376734,0.6007433772148334,0.30229864564830256,-0.21677126919035491,-0.7097449480940382,-0.46657735165441283,-0.031468182680987576,-0.6686075363032337,-0.3557614163257572,-0.5569804793548325,-0.15324465529136214,-0.008045244349684622,0.2215820708300136,0.37272756923564,0.24934539275218492,0.4988496713378041,0.5137385763369151,-0.34034409663733045,-0.6576201054658275
6.083059384027277,4.975344519417157,3.7270903895286276,2.845873937395884,1.5764847015674022,-0.09702812261007379,0.9263661831935548,-0.6966373302641657,-2.824079364742204,-1.4427750325191795,-0.2504866462521423,0.2838531747117003,1.6752589381381264,-0.033541056435982715,0.037854576978622774,0.3008532202580085,0.7396203482537573,0.5862399091411713,0.1857792638544192,-0.5007719980214596,0.017758595978175785,-0.9404746952892007,-1.0507203101431413,-0.6857522013630816,0.8123378400500462,0.21490602354786842,-0.01806104992776486,0.18752877722134598,0.3352437647099412,0.6823006748723646,0.06523605352443138,-0.2990815646307536,-0.3766635207821327,-1.2343260977181183
