script/wind10m.json
{"header": {"parameterCategory": 2, "parameterNumber": 2, "lo1": 6.000198445256149, "la1": 58.999992894266676, "dx": 0.5, "dy": 0.25, "nx": 22, "ny": 24, "refTime": "2024-02-18T12:00:00.000Z"}, "data":
[rows 0 to 23 of 24, columns 0 to 21 of 22]
-4.941459273881887,-12.062073553781941,-12.211045534928104,-0.6968988766001746,0.027362691967325898,-0.06703654308307155,-0.9909165475563547,-1.7609524744912834,-3.577966814071922,-5.432052915899177,-3.8440614634114616,-2.516722264190814,-2.24233605254802,-2.0178754074342797,-3.5280699967715563,-2.9294817926021226,-1.4286014549105917,-0.18804654569497742,-0.09446622138060642,-0.5648636971822918,-0.3806991071432889,-1.0274762356274632
-7.48394984186441,-5.746588279845387,-5.810071382353259,-0.7603375318125406,-2.112838975621629,-1.1365034631587667,-1.3802064814870225,-5.5328111477075,-6.24194082333405,-6.070471661970264,-5.187009535363186,-2.1651075992029263,-2.383904222340888,-2.4451127853533468,-3.2852813423057143,-3.1605437713477422,-2.0698654399940573,-1.7774505894315697,-1.1124919571287881,-1.0546013930800806,-0.7475571908291124,-0.07562394561425308
-5.036911349153415,-3.819298016769374,-3.7295852997402332,-2.2568864037127137,-3.1752845282577424,-2.662884957525497,-6.759068910383837,-7.984583080603861,-7.531170252316197,-7.077870395607029,-6.181335422996279,-2.4786094829467205,-1.8525714373982904,-2.517742730882575,-2.424016176385347,-2.283101675683502,-2.430117937978328,-1.4239175973258116,-2.197905653123697,-1.9562238689892468,-0.8693531633777378,-0.9873031160493001
-11.512255554309837,-6.592991188494646,-5.159633744689183,-2.8210477007064214,-3.2092962718581615,-5.618740597966404,-7.4550306867094625,-9.11133001044936,-9.567202137679569,-8.217210182106818,-6.635435765959527,-3.383475730374563,-1.9369646972523424,-1.2149486514065508,-1.4129808760115585,-1.7469491519976852,-1.3814493163774908,-1.8803617823692325,-1.2170587792446497,-1.266340500943441,-0.5306459728690028,-0.7574970320793724
-12.82451472721537,-12.408547575763306,-8.14050362698904,-6.552166335782831,-6.790596721443134,-5.960312909316594,-6.689128384081652,-7.8277103563397645,-9.096630205204695,-8.677368560457364,-8.64627023284341,-5.548684183613878,-2.661057330699339,-1.174835863058527,-1.365917247355158,-1.2039236867377534,-1.5928221044765136,-1.8868977028053033,-1.1717788375485316,-0.7716452941825686,-0.3817292522854607,-0.796064474810473
-7.345777130322483,-8.37246942672835,-7.110276224564601,-6.473381336146967,-6.077659398158405,-5.787496891463635,-6.868254041947119,-7.294677909648447,-7.93002438809438,-7.094717795490669,-9.790967623039458,-8.442072269735467,-3.146234291116159,-2.500612932325988,-1.6138074436381478,-1.5677019583961105,-0.9747352159287945,-1.338757443595494,-0.94516530118746,-0.7310021089092051,-0.44237335347875983,-0.17138797877349352
1.5931625531045248,-1.9149064544837606,-3.9457765610660593,-5.060578385068408,-5.455161886536134,-5.7722695826293515,-6.901813103623019,-7.03703831840878,-4.922565088699636,-5.634847379980097,-9.948746810591421,-9.5456010668464,-3.6190081541361634,-2.4335632272060614,-2.1325467805626244,-1.935856667747989,-1.464249697219341,-1.3515124925012945,-0.7557752885038902,-1.0322552369560534,-0.4132326673812809,-0.47295969955510814
5.642170283434014,3.513661466859662,2.034260888616003,-0.6925863705981414,-3.706244417127639,-5.001837726399541,-4.636626346992477,-4.341679861028216,-4.529846586154339,-4.341232502443726,-7.219426417674905,-9.834876117064956,-8.26747596520733,-2.2404502408469384,-2.250258112168426,-2.1097256157227293,-1.7539294832011338,-1.4991993014494505,-0.6962390761952137,-0.6251818581563247,-0.5895822545174378,-0.36546001954872404
6.413955698849335,5.160644524329512,4.792559706932664,1.7010380802311527,-0.2318813434550829,-1.4582673633434349,-4.527189096173218,-2.7004718515083566,-2.725516541729568,-6.071634854176225,-7.1864903639158575,-10.641180193619533,-9.600934532783853,-4.151565162759469,-2.5332296484264214,-2.4276829308688783,-2.0903819582802803,-1.6064388054816792,-1.2018295590482184,-0.784736933763619,-0.33807825248570295,0.7005515571801476
6.476420293058681,5.1792235641254205,5.3014418455068295,4.250868471629062,0.27268808719070287,-0.9463340932372185,-2.0587407157404445,-2.8590618505855843,-2.239902974890788,-4.2976835308963155,-5.62355096143547,-8.301768953554859,-8.796996845699217,-8.008341227762584,-2.7671684654386,-2.4201894265973474,-2.2204365578213916,-2.0522268761307685,-1.575067587796747,-0.9429339732623193,-0.6062509089354983,0.5605747254611864
4.853250848527417,4.729925858755378,5.182778015438546,5.109256220901902,1.2051316681895938,2.376302356999222,-0.5215767725165499,-1.4666813424411398,-2.56878786713338,-2.692522948521337,-4.522153177321848,-8.069038198741506,-8.894252064420131,-6.462726508401535,-4.226644977900911,-2.7782586283088797,-2.093810418253654,-1.8796243085441067,-1.4706842659064658,-0.9591941283941755,-0.7345348591016029,-0.21162999454182332
3.887810048528572,4.7737053964678475,5.35846733536425,4.633621588851433,1.9108869379130187,2.1950751060634848,1.7472654935352057,-0.894362722900055,-0.7659999251527521,-3.1554026282690804,-4.305953207850233,-6.58246309979523,-7.669536140234401,-6.1192096872733135,-3.793684013241572,-2.579459561218926,-2.4803996643388735,-1.7149308371073237,-1.4519182170655531,-1.3301056568756857,-0.4843530222252292,-0.9990906948615408
3.762574549347695,4.725959762072672,5.259539631341652,4.781381471819912,3.1064915148938916,2.1222656672660816,2.121301244664711,-0.6663136171765645,-0.7708492027192022,-3.32647173449374,-3.4721115611387687,-4.780003439808373,-4.533277851830103,-4.194446275249597,-3.8665667397542043,-2.1881031420664834,-2.4404754360046854,-3.328442709056103,-2.6864307000272416,-1.7144392136756614,-1.842759764285791,-1.3870248720566367
3.7822988395092434,4.970839597304027,5.609209744227436,5.588142869810339,3.789325526651842,2.504371553309007,2.669477682748008,-0.0029550960427669913,0.36053984796392874,-3.272025980013015,-2.5747763862916413,-2.495540973161254,-3.6507281149840827,-3.065285076580821,-3.580716345860217,-3.2785840846996006,-1.039068612478312,-3.1334914733531853,-2.614322938831296,-1.263567149586858,-0.8785450130653398,-0.35647035055565063
4.4329801983427,5.647303470796628,6.073041583477536,5.92935437361032,4.031883110426568,2.3924932713327185,3.2863003395458272,1.5463769272689107,-0.04211944521352061,0.7088557027197584,-3.0029857750702353,-2.2228722706973367,-2.355768993288453,-6.151839413503578,-4.039329846460114,-3.482156672631193,-2.829602922440922,-2.5977883170882894,-2.6296109344265552,-1.0601974767942803,-0.5782508863932582,0.037104386267552567
5.2104582839781,6.1106503408016595,6.5608034885734545,5.54197147488604,3.8849411799855242,2.4603832386776294,3.1755050593155527,2.2834688433004517,-1.58652322858964,0.45169737454443337,-2.169844594558671,-2.63187924277262,-1.8843899257576395,-5.03986542279014,-5.062129312935941,-4.975631303523294,-3.8564163501751203,-4.0715486893683055,-1.6886058542148605,-1.6744262667906964,-0.4534484619078572,-0.28749755196743093
5.64178555267332,6.443792063725058,6.71670219176189,5.278406036438372,3.5341072307676256,1.5971634129950083,3.127626820098544,2.217224707691014,0.6292514387580096,-2.1296434355012996,-2.356855397301358,-2.0372712824406682,-2.091506699792263,-2.992980698948326,-4.384643615627482,-4.670358571470502,-3.509422314151045,-3.7763389629439383,-2.170530004054559,-2.051492789640354,-0.8416316840092082,-0.42725535150557165
5.926317525046006,6.710082977658565,5.874829821150814,4.9068835320374875,3.1394521826060875,1.8699502273429374,2.3737312077576904,1.90187320904561,1.882080023198457,-1.9496585150587578,-1.938890312135468,-0.8551826192054484,-1.1295057722715327,-4.109169956294472,-3.5411183983920878,-3.410515519416803,-3.565887689562876,-3.522918382068546,-2.8157723551344604,-2.85776909404581,-0.9085840721183389,-0.6078017189130354
5.958451306830035,6.063210665819742,5.124596347473794,4.001198597769661,3.0530358222794836,1.7093736738595964,2.4226573883412454,1.4769720386619054,0.9271476709420546,0.17651830158674406,-1.3929480238028784,-1.579427809489031,-1.7516544763033206,-2.0858702910057003,-3.3004621048849283,-2.680657111211429,-3.4805809351480765,-3.727198665047094,-3.0170996162063366,-3.4788803899229213,-1.9554613997422572,0.3663874809246057
5.8044487804496185,4.843013106509886,3.9439078918172954,3.597346184794976,2.987361037429355,2.0474680733666903,1.5569329596384442,1.001116701336014,0.35784376692196856,0.12564348338749853,-0.14489590127952548,-1.4637946868337208,-1.1856384213563913,-1.521806331265972,-1.0264757361169738,-2.0572886816970057,-2.7891708949885414,-2.181527531344754,-2.228211930219208,-1.0125827060192705,-0.5590194469049833,-0.2336724297568269
4.510580342556664,4.084965422946782,2.735691416251767,2.8673861111514984,2.9800955516322474,2.0049555132900556,1.2765480817808308,0.24660448035033047,-0.08060223905409265,-0.2125310863514202,-0.23197452577698616,-0.9095855387723634,-0.5116305397347856,-0.9714113967399691,-1.1709888034488485,-1.5744653024556545,-1.6283619661151245,-0.47391982280331724,-0.8427131889359392,-0.7730670938013878,-0.5899243936668502,-0.45856561768372395
3.130799963685252,2.7539466259646406,2.232805145438149,3.0341786591478925,3.7121654515651232,1.4002146251617593,1.1139820138701202,0.7746535998310199,-0.1426602858849039,-0.10324174062411072,-0.34949700449193427,-0.7181969639711407,-0.4855716260027675,-0.4622162829733839,-0.6032954193777125,-1.3643133179513114,-0.7365004074811947,-0.9799436153783431,-0.80017119392197,-0.3433069627224097,-0.12162310385399262,-0.6862122317045483
3.163204100440892,3.322391622611996,2.322431216779342,2.4813038060423263,2.380650689391743,1.2735382085763278,1.4065908180554532,0.928427380399226,-0.34696682134738416,-0.2551232242669745,-0.7750866773199114,-0.32143411431927943,-0.6599473805103312,-0.19118909962709701,-0.008430094862079492,-1.1741097173277606,-0.8268514835122343,-0.3769197458072236,-0.5864699499870897,-0.47730895155072445,-0.3515501958959732,-0.5133727996299257
2.5058623798127164,2.439365007213936,2.599385853678346,2.333489901373503,1.512869077514184,1.6220235145185327,1.4694511014795661,0.5833508932297568,1.0803010060611902,0.45793132361951655,-0.9684876548848911,-0.47716373688702857,-0.6074640383480622,-0.2731037227648643,-0.6411324953392622,-0.2684974595943941,-1.328004089885445,-0.48540168065184663,-0.8024794001028362,-0.9401417164926555,-0.4766614844803684,-1.2882871985336821
