script/wind450m.json
{"header": {"parameterCategory": 2, "parameterNumber": 2, "lo1": 3.000054539987559, "la1": 64.9999836372058, "dx": 0.5, "dy": 0.25, "nx": 34, "ny": 52, "refTime": "2026-03-07T20:00:00.000Z"}, "data":
[rows 0 to 23 of 52, columns 0 to 33 of 34]
13.484277763416241,14.349016722223459,13.90686948533441,13.830885627018088,12.969807107975289,12.809570905739404,12.426961495872652,13.005474056885594,12.309081520502973,11.224392448579062,10.475652251439776,10.98520646574725,10.640670885967374,9.22437290755878,9.08163103253152,10.282770730560207,9.598878342075626,8.060681834350364,7.439256895489712,8.089793112667442,7.962719332403821,6.7136386087848905,8.36845970343671,11.660574226185691,10.654981157218755,11.71660289078422,9.742701624183239,10.091822296143642,8.386795093217339,9.12083378709467,8.735004685492463,8.903807735336605,9.747446820886157,9.132887445865626
13.257546365055829,13.128061623270916,12.50100469021905,12.636625195259555,12.703263782910026,12.19668595454412,12.157436410680887,12.079635442742239,12.122630777925062,10.90689289547583,11.710167295698847,11.45664085508527,10.784015104868473,9.846742558533911,10.240778140947688,9.87412727485382,8.374501637524343,7.162422278030331,7.442954102701533,9.010727517836596,3.8219318882591806,6.63375990724193,6.03900055539447,9.200660327987396,6.691825009280924,7.091824595292769,8.078326158706727,7.89879185337513,8.435921683953143,11.220904614944587,9.485749047768735,9.796660967939847,9.877632915344728,10.508572930688167
12.534930247835119,12.339760849781692,11.505305654418729,11.686484226861953,12.064931509515604,11.968351675450142,11.907945525527248,12.550423263810915,11.696547231623127,11.396084563788524,12.766281026083153,11.144216046101066,10.253799958475206,11.24432852347814,10.64050065120525,9.3252825049179,9.32303857328402,5.398480913119361,4.604594599737027,4.428392776141797,7.252562961662518,5.782656276768027,6.3274517356468385,6.320986895481136,6.182823759230371,4.2058424742364275,4.2773606956247425,7.335325878141794,7.6351383980732,10.13746928756191,10.896740030800391,11.225212277928305,10.31978149251534,10.262054875084061
11.817455361536291,11.244888456303775,10.607881131224365,11.467859798621019,11.918504824439038,11.683378849235945,13.040516968660883,14.438535645505373,12.08339567441755,14.216182173193772,12.679637396139515,12.397466611457236,12.748368967665868,10.683290812804396,7.440052253536638,8.02814458944702,4.846804660135908,5.24859002519885,5.6745510389077465,2.7459948621336685,5.765255331886322,5.785613203061978,7.264514658414708,6.051240983082923,4.592572777728994,4.259550799766812,5.757850560783276,7.0298245865958835,7.87292431760837,9.155696626669085,10.306473158862463,12.153228480982092,12.571187184797573,11.35027467802413
11.112677379000157,9.231313020896803,10.844588706562398,11.843373790600394,13.104922549206085,12.372384509207748,14.28477123330451,14.035667037464256,14.952727559854221,15.459226279991945,14.852706967741645,15.826582404498621,11.580854940158295,5.129806501663434,3.7564004503344655,3.3257816635415054,3.916693533539541,3.395437263264843,4.588346960210025,6.249463600605491,6.613008987372195,6.51260928766081,2.9782458698481906,5.818307200682825,5.937504925317848,4.672599835459831,5.623952450942864,7.525112216123953,7.673690439830547,9.621980875579334,10.602638627070169,10.534163248224894,11.906916931089564,11.247483935019712
10.014015043997407,9.333766324975654,10.273638134486424,11.84705847777945,11.740183938910825,11.951851954082095,12.87716337025964,14.192096474385833,15.71366751433198,16.10063141059428,15.949215718447423,9.331610094641187,4.14071984250915,3.4217975250586306,2.189879366248768,2.3918895401869293,2.870263524952604,4.125932172561673,4.522726626093732,3.167425706803594,4.145671662891429,6.369895152583459,6.042570960556201,3.39756674178367,4.278541055209399,4.172215060788267,5.697506943635178,7.305958620992741,8.811423147314029,9.086637676351362,10.750584664080344,10.229931407928136,11.02253735418772,10.822358448302102
8.429238379182397,8.987931763585943,9.805706215615663,10.771091369608367,10.591125359303788,12.145376346595937,13.49654442045052,16.223420309707734,15.334286508038529,12.004640244485891,6.897500750181837,1.8907190010681676,2.922761028890533,3.2064938185249785,0.6632012822817652,1.7020157929914936,2.636449651347898,2.238625561364229,4.478383043547855,3.779252770254283,5.131871486449545,4.4248079348315175,3.8128946105132795,4.358995553869095,4.259759081095335,3.749650823545834,6.441520118500846,7.90368620947943,8.452817254799697,8.247681925720691,9.19117389647404,10.237444926247107,10.66787934718247,10.04002149509801
8.412296554923598,9.916900154407537,9.237789615197947,10.044727959535875,10.854482684528554,11.878334239947819,14.941195198912357,12.260565176712676,8.02277749869811,4.312579331831679,0.9107924902245025,1.0270899036892147,2.1116080233938446,3.6891680498025194,-0.6326060758599473,2.8420224644319396,0.015392488494675722,3.1283927005735244,3.1493785083817136,4.285493788565204,3.933490971034143,3.7789454560085116,4.9468154029590545,4.471884769282922,2.5592554015916544,7.104924738225799,7.09704985560963,7.272245774309775,9.612422195292842,9.47607502606511,9.864555225948232,9.285715490118957,10.647159060868098,11.148666449945745
9.204107462734259,8.228578054341268,8.648674586081128,9.787204475778658,10.010928519989212,11.498045328022199,11.715935054877532,5.98914387111922,4.1737815070702515,1.5795008023618478,1.7143784109449403,0.12181295283302815,2.1234791272243516,1.9019558851435745,0.7082786242554151,0.9880173785919167,0.4123750643132395,2.6228713603668896,4.535699227682836,2.494245197392496,2.8219816744437014,5.102236968068337,1.099805079888769,1.9533639723136154,7.63717506548388,7.146256071679689,7.113774098178195,9.86547644908448,8.870756652977262,8.597056713738297,9.067647985355078,9.951444131714663,10.539433475900669,11.008977606144635
9.133994652009676,6.716644668832313,7.716394217057334,7.884740448930569,9.654231722660885,11.533244797179421,7.188554758891283,1.551742201719545,3.1893547959914774,0.6620453604757,1.97072401569511,1.1452871769538542,3.9171299930402967,2.074474230903914,1.7689931892822053,1.5090011958581746,4.023292422804046,4.218762088731359,5.150471697832751,6.656409462008323,3.4553123972393895,6.004675849427397,9.6198323160543,9.178666367153468,4.519272591937356,6.730499135190809,7.998230957104398,8.181765836312785,8.488298841653954,8.494516640923507,8.770612984370219,9.564149100892603,9.803909098063643,9.868122097685893
6.379092520725648,5.901231715696895,5.846385471296833,6.660074809026376,8.995261134609743,7.886963101889318,2.722908101510168,3.0837684657908193,6.564235680184189,0.842135842427675,6.106021962225122,2.0407230367099527,3.635706425749739,4.948600026463029,-0.058357291581770464,2.2162467706751676,4.378817621904698,1.3832715468874979,4.364067701506246,5.26370977730615,6.935018660767394,6.832494373431198,7.178478563116722,6.957028581624614,7.357521011813496,8.763709847930263,9.017821279073019,8.637092021212354,8.702859299632202,8.89450734612604,8.931212821170933,8.858363914641187,9.570276265901274,9.79757094260307
4.731563968590718,4.413049047253255,4.308543395733557,5.096839612713724,6.428325414657539,3.7146411454586463,1.7918503242473,1.047868606715763,0.39579238885447143,5.415455689484098,3.190878397924191,5.066197806276201,4.704213459888372,4.704638317585891,2.0373287309715495,4.6444417162235805,4.249651613827907,2.8848380397530486,4.9650334654347965,4.977602846468276,6.318842982757308,6.129835522722864,6.190562442281767,6.723158332295896,9.635235943680511,8.089630612772476,7.075309314595354,8.75390420200332,7.904495599891501,8.529886145497462,8.52977011796843,7.985703556416677,9.235299270270932,10.251789459646973
4.3303107516005,3.283246581554717,2.858538473818946,2.6019454408207587,3.385505170747414,2.2955359689566484,1.326291731066545,3.4368690951101093,2.680739658342476,2.76977655475849,5.063891558990159,5.603074519442365,5.5313581373239895,6.826565826925993,1.8252266262474128,1.0314807731779356,4.273123440460055,4.658464260165607,4.139586582516408,5.251148212194641,6.052644106292827,7.0261456943694895,6.29036189438129,8.531979409975282,8.810121265177271,8.333229814537834,8.751735952072734,8.761151938338191,9.35262707483705,8.243297141746355,7.458234430944114,7.791594328529951,9.648752237089502,9.889122236558132
3.6076250103148357,2.418856981367674,2.0912193889498183,1.0200982513960803,3.0590986772275084,2.709343795595404,8.484806498190759,2.8170259593368954,1.8498106056902266,5.823576691331815,6.0798771661548905,6.158472694701906,0.27203405059479935,-2.2275694741705445,4.773395936131978,2.5622296498446984,3.7634648722928263,4.198343208927921,4.475950997927473,3.6770360792948584,3.2920854548929253,6.333442331277744,8.223953744911801,7.481404421164871,8.320087265490328,8.555294193040334,8.00644828391182,8.409483430541425,8.193132663602132,6.744123314801315,6.7089577398662685,7.374371609740496,7.890030779548455,9.024970328349816
3.0099870638839596,1.8431243582319048,1.5878555718608436,0.6722300427236504,1.1835046405577405,1.0932428840266044,2.660055830492672,1.719348174973008,0.7821651392801039,2.117588430758344,2.560084444202211,4.150681987186178,3.42051172368929,2.341037099214705,2.2474484676674362,4.938227152468621,2.6406999569690996,2.971169368195074,4.250279004102049,4.74583737889129,7.742663384557819,5.365400574073108,6.016051965083106,8.725752262193028,7.758987955172452,7.139729555723712,7.725192131534133,8.029334265975441,6.637429338359658,6.338626128204429,6.782746207848703,7.673924584765175,6.770245812084217,8.18545918360503
1.981390400362419,1.7209909775530647,1.3573655616900502,0.32739379391483564,0.43985316246518535,0.9920241818363555,1.8148230426906151,0.0734338063748217,-0.34222962603449186,0.630699308675761,1.84612483085014,4.056877067698825,2.763255047302745,4.242194667587297,1.3852002724208075,4.830071688205325,5.234767610714985,1.9128921475348488,3.214195453513877,4.2046041975053265,6.090382133653823,5.687180704492192,6.304943918875736,7.20445884070408,6.549151672037629,6.734712837125082,8.468245586741302,6.656118637858089,6.124261748103307,5.689767631476633,6.691111149928599,7.193065725445612,6.962398965098484,7.632068061951595
1.4752915980009687,1.033243786178243,0.8647861175633751,0.2122993114558088,0.3782445336734815,1.1522906427976927,0.23818519319502598,2.360294426419627,1.1429919234869765,0.1923998935213606,2.9857443682859985,1.4409783860456833,0.7707813245368864,1.9365739935188182,2.021007891815119,-0.5915855485235586,2.582313135799241,1.9492481936844446,3.556755463827157,3.3460354152839584,5.440869987678272,5.434933398846158,5.2119508180765814,3.48313968465377,5.070791204115411,5.184264834517038,7.029772613464993,7.308958219899472,6.393404061686648,6.430823558114485,7.037888476481779,6.378617655976984,5.9343498260143095,6.249728829908855
0.9628383843486432,0.512252701923081,0.9406813811117581,0.652348600228176,1.3755492988342137,-0.05731299258745072,1.2606930658433861,0.39958690879189734,1.6407342062019303,2.3143080657304664,0.5449292234178414,3.3616153119093775,3.571081755586475,2.630337509692533,2.413128382818731,1.7704998920717985,0.8272920211439327,2.0738136091228103,3.7363446760159995,4.1272069420675725,4.830469049065744,3.139574095916613,3.890836709026432,3.7430981687418776,3.5163195325242977,3.9345960611417947,4.698011739817552,4.616220392424258,4.747165405338329,5.24588854127951,5.5904088478232,5.570181315118801,4.943689508167745,5.455488663372727
0.6082371349878395,0.6189255615255076,1.0690104106039755,1.0595369993768122,2.5245253630224287,0.17948017640103955,2.389456850706526,1.090390291466003,-4.078809156284586,0.9064862381358773,4.147567249273581,3.6967899440281475,2.0749466277130937,2.046847141701365,-0.35266867414681285,1.1672650796904829,1.7620739048679352,2.2317780096373023,0.05823024999283659,2.076114154878344,0.9516916988256506,2.1339727568663562,3.379684070236562,3.733292515603274,3.3765883700822297,1.9615925036987119,2.8463020403160173,2.0308766650438965,3.623367470993779,4.5622913227719195,5.2090789146911884,5.2422637032268575,4.2554600828884945,4.791770319065447
0.3527274715414106,0.5293166175392487,0.8579724704422773,1.3057131072278643,1.4466051159609832,0.40209654824166013,1.7401011866594647,0.5888438769314717,-0.02534510876347202,0.36674670787180796,0.5288443713717289,0.583717366284794,0.6145505045483219,1.2411465865296223,0.981198922825394,1.4137825569726619,0.30060004933673,-0.9274526290812755,-1.330256449259187,0.17541793830655056,-0.4563346556578518,0.9872054572411323,3.9367801608420274,3.0396720733053737,3.1236361318780794,2.100247937938355,1.3738470136149463,0.7534949086963252,2.7940594930960723,3.3953963584564297,3.921015445689068,3.6799716668932767,2.397315773985332,3.5189632597223808
0.44853364645499044,0.5497813511302174,0.9863045145279908,1.3332671383287387,2.2024542994769027,1.2359144302480978,-0.25177658512420004,-0.01615430530032288,-0.054099857669350125,-0.35372832557479217,-0.423137617334158,-0.2718825257285842,2.3558993221517555,0.5688565869350206,0.3802481020654906,-0.6313518485200326,-1.8422072602830128,-1.3909661803425442,-0.09201153916572567,-0.07431540010013221,0.0030687372196796644,0.26720567952293467,1.0308544968196665,1.0008939408080222,1.9664316047978265,1.9357591792579092,1.7054102986696338,0.5982430067324831,2.534782213337286,2.0769451447147405,1.8049208689640295,2.696644387508083,1.7201936045086295,1.8710639214180453
0.684247290177717,0.5210939934085187,1.137956221203983,3.0495553588616766,3.0909237992334373,0.314554385132368,-0.8139112414483938,-0.3631914330498637,-0.9223361661048378,-1.3213738541757796,0.9073478527664456,0.6503769643691865,1.533619598663988,0.6310621719893847,-2.1628366032176287,-2.138593617245103,-1.6022851251412895,-0.7399631116715187,-1.378587014760344,-2.149074295657263,-0.9405067367971754,-0.9283533742912278,0.1305421688193282,0.14502043838494436,1.1513848336183279,1.3399945606084194,0.5471481114487485,1.08069073352449,1.005937828826351,0.7643028970718857,-0.11030603216567397,0.42191056165292246,1.266836098810947,1.4448696988980942
1.3428265278068838,0.46671566431088013,0.7942064595373227,1.7064021622127177,-0.1749028151431538,0.2850208999559897,-1.1043602207170566,-2.8284546280495886,-1.404510188739511,-0.933825625876204,0.3064432177435908,-0.1634537998052819,-0.0700997620803602,-0.030122736813726174,-0.059031022915228694,-2.699695503117673,-1.3456795077475963,-1.3968740890054316,-1.094034393698265,-2.2948781646445133,-1.436097064712123,-0.33665877568457786,-1.3220054008908853,-0.8657160700360094,0.5165896897917276,0.6136505909045793,-0.10048279757985303,0.7250224923036177,-0.46830868954871463,-0.006189249973982209,-1.41110771012267,-2.583870194222622,-0.8376431488469334,-0.2841861029867164
1.373423731944588,0.5908155083524275,1.3508094254295857,0.6249120628898394,-1.3607172741273061,0.33306485025403315,-0.13462973686308494,-1.531299067517841,-2.3649823590369907,-1.484951464123121,-1.5952908368243546,-1.1910921945266852,-1.4397685867789938,-0.7889273867739293,-1.4310913564891758,-2.8818941311566024,-2.5106374138024568,0.8100763405121615,-1.2337540097645299,-2.3143851535603166,-2.475950673550468,-1.6445856143862703,-0.5727996746038467,-0.6676601697748279,-0.096201641807199,-0.36004524699512275,-0.3864594279267403,0.02376128255726757,-0.05287417373791231,-1.5632115377942686,-1.7522917448930602,-3.578315054701478,-3.4540805150734895,-2.0357096859385657
