script/wind250m.json
{"header": {"parameterCategory": 2, "parameterNumber": 2, "lo1": 3.000054539987559, "la1": 64.9999836372058, "dx": 0.5, "dy": 0.25, "nx": 34, "ny": 52, "refTime": "2026-02-13T09:00:00.000Z"}, "data":
[rows 0 to 23 of 52, columns 0 to 33 of 34]
-2.1746488327598756,-3.1490635928492168,-2.2123057857972257,-1.9931168224665456,-2.3510887362691255,-2.804896134309462,-2.9774779399592637,-2.9184181263675044,-2.762018215715771,-2.448073901896144,-2.485491127132571,-1.6511426918668586,-1.0579394784587137,-0.8951116669589714,-1.1002576233750994,-1.8317771323124077,-1.3769815527216605,-1.5608610063213968,-0.3653596360028926,0.8232920655588077,-0.1591202012559338,-0.599147967625764,-0.4134721139269632,0.7917472213054958,0.8537697021507895,0.15188550549400878,-0.27777695847866457,-0.0325696020222259,2.047587162978161,3.1458006100179086,2.0531582040157033,3.0791436951850337,3.707943228161143,5.623117702125722
-2.718769004775618,-2.382395955934105,-3.1831114498003044,-3.8023378669103485,-4.331546011513205,-4.864171395657989,-5.014399399208909,-5.018770658462001,-4.407437041141358,-3.837410173509166,-3.127392964904193,-2.3985877964594557,-1.5375938249438788,-0.6160687601378628,-0.6530634887522965,-1.080616187115934,-0.6729720577906158,-1.3779683800426215,0.48051253594661103,1.026453622663151,-0.951279862488186,-1.130357539952429,-0.4020019834768996,0.6234842252278519,0.430887106044141,0.6160169767162187,0.9530000532724681,1.7547970813616631,2.2943193581651453,2.9332162018704935,3.7022961106812735,4.151192097783975,5.241203037542756,5.903828602308172
-3.444263517254875,-4.114685574776973,-4.946612916280925,-5.110862721550464,-5.9849532041678595,-6.737627015994287,-7.249984091813536,-7.235841300120361,-7.130239267856485,-6.2796148976502275,-4.65818548814905,-2.819498313196866,-1.4144531488588616,-0.26403273283093487,-0.4280316403581098,0.3044017667720577,-0.1973007975901717,-1.7868421112624089,-4.377281495057814,-4.065268287971612,-0.6841782499045753,-0.21553289924909783,-1.682011722700634,0.345503890010217,0.2239578599250548,-0.27019554666413614,0.5500979873703397,0.9808563849657312,1.9665974988864499,3.1745978296837514,6.101955021341107,6.876632415625768,6.094736047901075,7.089916483587725
-5.005136728875891,-5.972846260858061,-5.664991066102289,-6.427879781764284,-7.638296302095415,-8.417960651052669,-8.314178546810014,-9.09588749090181,-9.205229015819407,-7.734427843633742,-4.951034690468615,-4.3055654029511725,-2.5948893933257695,-1.167004833697087,-0.20744755551744035,0.6876174733187581,-1.1123869019437909,0.8550291259344576,0.3615701501033342,-1.5588817229997602,0.21478835352531675,-0.23702283661050186,0.38088074805142763,-0.22885450453878037,-1.407056334797281,-0.2971563618384147,0.7817586648723915,1.6829849637593588,2.4100590716276606,4.989026836090609,6.551448708957866,9.834393027805783,9.663807609597553,9.223726102462406
-6.528180160000106,-6.24833848149195,-6.34786979152952,-7.128251007402517,-9.022815193786931,-9.081605426942954,-4.954532772903508,-2.896572966491691,-6.947599855806517,-5.726977901866892,-6.415895541647756,-2.527087209325096,-3.7195068862527685,-2.7943181069211045,-0.5746983926156616,1.4446015766236688,-0.1486380283676997,-1.6104743556544217,-1.158121550150375,1.212017424817574,0.6817262185298826,1.0909942080755544,-0.6578926237287434,0.018161329650409522,-0.5715588432730414,0.8361277765038171,1.0817603188304075,2.516500866377349,5.939400736289794,7.039086170908575,8.982373907312725,9.669668988964418,8.716005789802761,7.929862560141902
-7.0172308644913075,-6.6165279008863,-6.210535761126511,-7.986355231985482,-2.433891050144675,-1.1990260526432748,-2.2083642637178342,-1.1492154190495543,2.7412616037601065,7.463091242503438,-2.3261261755634677,-1.3343954796539377,-0.47205559574714084,-5.367569325524526,-2.118083501493785,-0.4425075912448014,-2.7488312316243873,0.39516228799370096,-0.3457016476594005,-0.997761203128551,0.9939926890918912,2.443495450112909,2.6041083542745893,-0.2364115280442759,0.5021385203137885,-0.03543121204654148,4.573037494717698,4.777819683024699,5.664084540517742,8.720790942740726,9.082074299070461,6.938586593912375,5.917126138566976,4.551876433479819
-5.832508401353335,-1.2630095996377677,-6.674104538011031,-2.5937499116716305,0.03844953779722619,0.5609766202935962,-1.0401400958222098,-6.0185656587974865,1.0878233945030218,5.203196305245385,1.7040528940540705,-1.1037395746449827,-0.666130689983334,-0.4953797379520473,-3.003148430407683,-1.115237236648162,-0.495033910981474,0.059044428726877714,-0.1086947603557439,2.75146259170272,-0.13055716560209507,-1.7299205814066927,-0.990826782999402,1.1946398845394817,-0.09643543433432769,5.318693073469501,8.722255732658617,5.499116910753197,7.148648182757651,8.129059572782039,5.608831717480009,5.460555962848779,3.5113755821418082,2.314699891494674
-1.2200307507950772,-0.8033962989900931,-0.8430587734974482,4.071820781689007,3.090324945701366,2.2047624086698137,3.1395446469849237,7.724121118849649,5.194350137486451,3.3609028846360434,4.066729804354575,-1.2378800535094807,0.8997852701290516,0.4974841886990113,-0.5907139794808847,1.197004074002889,-1.542951389118102,-0.3057445218337127,1.1998835846957536,1.2736339627776252,-2.194762583605814,-0.6741090820847879,-1.6419258367010154,0.28355280609514943,4.243211624798586,5.450871008660425,6.526663557689602,8.62693067044678,5.360111534909381,4.202892806068553,5.88989403149239,2.194667321951717,1.6152181915562078,0.4785656516629647
0.7373937385781608,-1.152856409275225,2.569505436340532,3.9955307090402243,3.4970038862612607,7.613341403100619,7.745968068987693,5.860964077684899,4.751000370124419,4.597342892889298,1.0984228038463928,-0.902762836687827,-0.33174348618661614,0.7640300164777765,1.50695612286139,-0.4521818083664384,-2.331902566077136,1.6254152042677146,2.2978284734149836,1.59620872201285,0.16785030829316375,4.841178036850634,3.11126963837088,6.009947174289749,4.256468210242667,6.067088188344612,6.522466405519114,5.092944792128736,5.288501395460062,4.537131476907078,3.1774187523525295,1.327950667626292,-0.21374740456345084,0.3612601258404634
-1.2086326900077617,0.7684309793308749,3.1100780435563156,4.554672267113758,5.581132259479094,4.434154602703714,4.858392006674579,4.182827656228612,2.429839206313874,0.47497980474533685,-1.0767568799202156,0.09609632867860486,-0.10737470338850974,0.6235624521865337,0.40868840108150606,0.5771143930973746,1.7499852088978067,2.0523921183558613,3.654693849117048,3.62847260714161,4.707217530832912,5.390667543619773,8.459965246917452,4.824626579267525,5.684476632603581,5.300465058136093,5.357257219145578,4.100071997115998,3.4877832107095816,3.075561879561874,1.1673850159817134,-1.4663924374557238,0.6525497648671835,0.618793410008228
-2.66567002518779,-1.083782707202511,1.4035168508822808,2.639806526196726,2.5748995902031857,2.1970080555670664,1.6614689489603385,0.9001969528586958,3.17942283579336,0.6790166959020761,1.0146401820629218,-2.273230842967826,1.483806827869166,1.3235321419403405,0.419875813638495,-0.4703121739091038,3.1011398493213482,0.5004910218531051,0.7448662891645972,5.809088405782481,5.500620496319657,3.124122224737722,7.006754363080397,4.693509188867772,4.622613568971691,3.718515956911711,2.5053833017941836,2.973052709705297,1.7890961079696557,0.9336288313008515,-0.6367129788852391,-0.4887331753788848,-0.7595730188086811,-1.3958191229540096
-5.061550839356841,-3.195067477189711,-1.1118144471265032,0.09675005958902505,0.8951580191768028,-1.0842040801286537,-1.7647644887968863,-1.7796478477728657,-1.0002022667581703,1.7005597185447499,-0.6930709612083502,1.5076379032288731,2.2451137190383883,3.447363200831902,1.1822026473544673,2.1142445216124557,0.7745344572308921,0.22382967733814016,2.416759871122883,4.391124765000333,5.401727480391172,4.9971539343651985,2.5194232441944173,5.75755432457633,3.720907341843471,2.7394838887833592,2.1418703245060273,0.9137748388017736,-0.09010053290337039,-0.9546651058967404,-1.0721066257908751,-2.064583414306414,-2.404870524334414,-2.734880574662414
-7.447458745849297,-5.8764516124736295,-4.644660771002684,-1.977279466225995,-1.65572679633567,-1.0822974554113116,-0.636217413775209,-0.5893444594777765,-0.03222776513236846,-1.7917054932221699,2.459616990872008,3.463566877230463,2.6946875772650074,4.183366107559797,-0.1274822598213937,-0.0605490296766797,0.7306779804554946,2.888703450816303,3.3596940128744444,1.2536559133245384,3.263474371083873,4.175170241698751,3.830117425481415,2.98556443345662,2.1284093021291537,1.2338795500579403,0.03297882137710498,-0.8422929357711255,-2.340271911524123,-2.085621542129178,-2.7527199104465008,-3.543284324962095,-4.026542789132231,-4.2182099334527905
-11.882071570867236,-8.141411964929288,-6.993228289509183,-5.457065768744995,-4.461583358062346,1.2441058212031528,3.473062788322525,0.13612771353339648,-0.048620998759649696,3.6571218879605585,3.806282354452624,5.065498765784258,-0.5098690998290497,-1.5406907653909254,2.4520162618330033,1.960432911511159,1.6046332673576331,1.92919547701437,1.2389238427623555,1.9051996487173661,-0.07571945878195768,3.0355476535554557,2.36811154995943,1.7019302671251066,0.18225673443704138,-0.21832447791344248,-1.7531354251295312,-2.6266530566152833,-2.9212557624690754,-2.5882636719599255,-3.9511826307384323,-4.859638074295297,-5.033090076225781,-4.992170176181593
-13.364858231656903,-11.197560947541849,-9.373114163829841,-5.91530835363912,-3.573106906678987,-3.6255196376034693,-1.1675639226889096,1.5734669359840365,0.2281769402394633,0.8654251175705489,0.42143783949627067,1.9659000396183703,1.935310987078965,0.45900824951429187,0.6381083194602939,2.8764118477450853,0.5674313431358934,0.7115364804283056,1.2885333843138342,0.7842869558193643,1.2126994808633131,0.5576414045506922,0.36802994484696666,-0.8355812629888553,-0.8950779608336012,-2.186743649755201,-2.401090730935718,-4.149285773076158,-3.5368810330708174,-4.260008997294815,-4.884124080636132,-5.3911662492354715,-5.6729800106666435,-6.092683213620347
-5.517435957368606,-11.623468623131728,-10.224004901967712,-7.620256903021243,-4.61128303363643,-4.4202424037175385,-2.030695189936563,0.742028857140808,-0.3755057356650991,0.6572583530610715,1.8264379889100335,3.3338204391586355,0.7967680914231664,1.9893477191726054,-0.11999590757399577,1.8483378070831875,1.3473265741843456,-0.36432879893565856,-0.3419601268675787,-0.32626457859489266,-0.5488973692348044,-1.2137071618608726,-1.0805983482278243,-1.8550981957130859,-2.9388721868948067,-4.067491524258758,-5.310528076483938,-3.6909734909270466,-4.244627427739276,-4.952370567651948,-5.559863049016831,-6.109178153486055,-6.518231185300999,-6.466138068256573
-5.30573410374705,1.541690851074902,-10.990665474169104,-6.982340804333129,-5.676489546217601,-1.0831491860794753,2.324211489902457,2.149087057517758,0.027680353891739257,1.0324935719119575,2.3314134912438984,1.9679455241164945,0.809251650930041,0.251999405867689,0.5883991549677349,-0.9681798480413956,0.26769846685502124,-0.7981066577806167,-1.4048211979984984,-1.7368355659122618,-2.5404453099486113,-3.2281254518626974,-3.189974333237743,-2.421471173344698,-4.616119259065942,-5.9120554979283835,-7.437101284172921,-6.754456199246074,-5.687598671182449,-5.377798304192018,-5.836628429778215,-6.554985529880903,-6.723059627454393,-6.632006528127707
1.1228510007637698,0.23139912731163803,-3.8608382597534376,-7.295381128106349,-4.294148738609204,-4.868411726797286,0.29850061248550874,-1.5881359056049218,2.84929043180268,3.0645267034375197,1.2661361696547961,1.0907134091542068,0.6469921963082833,0.9579499881723518,0.3249001612902798,0.2955030272091216,-0.3642053131694578,-1.3293743353143805,-2.867869391011332,-3.2106644386249097,-4.3908750941902905,-4.35188154409446,-4.297643994669292,-6.122647170426415,-5.193116380512349,-7.20816384099906,-7.752195806225291,-6.413555596482509,-5.261346456601087,-5.224860060737918,-6.138250378397523,-6.657656483994358,-6.672679459656611,-6.694708268642797
0.8256637002617742,3.074835992283777,3.4106841067144313,-4.92202604724999,-4.807318824102033,-2.837716810599536,2.8322723247373762,-1.4054939791631473,-3.0909628467442722,3.0335031228851683,1.723731962407994,0.3652638127048277,-0.2713578616554947,0.558958513701891,-0.2488100167675112,-0.33450040990539864,-1.452843924701939,-1.8661247168309552,-2.540378577822389,-4.52556411398258,-4.569678192820157,-6.985285302241162,-5.417199760962148,-6.314406455563513,-6.46218959386282,-6.632821085358362,-7.58781910549341,-6.45088608760918,-6.796980628162145,-6.430311662863742,-6.166512801376062,-7.032398546998625,-6.923556450579446,-7.21441984282701
4.333537657528399,5.297437118696441,0.6499106209143817,-4.267214242555442,-3.9176848809551195,-4.251266026352544,-0.7713620736155431,1.7533249890265452,3.53801077633852,3.62942358730696,1.806490846627285,0.8356491067448936,0.4001855024969873,-0.10280394886909368,-0.7246446195448185,-1.9601018654455433,-1.8221649659763917,-4.3868484217280495,-4.507687544014938,-5.803468260913252,-5.889792099501469,-7.370338871522512,-9.719159872788538,-7.878851003743115,-7.723843847766284,-6.857479136747233,-6.334915251183965,-6.3053743889047755,-6.451239619610241,-6.7910344617302725,-7.530372626430363,-6.894307227145742,-8.248044984827567,-8.598065129854243
5.262792251190761,5.718837776840883,-1.3374754852721595,-3.716364188582167,-3.562336929595207,-5.135492376717836,-0.5428987515790366,-0.41470629657011154,2.761779567128149,1.5995196045942706,1.3919988850034233,0.6339746305826739,-0.2591770708918698,0.004026825916653758,-0.4940126692601674,-2.790021024235726,-4.205586073266782,-5.256050739013663,-5.955443077138412,-6.686032082103237,-6.3503201763394586,-6.139500157708877,-9.685954657261997,-8.076184060700493,-7.86454034710569,-7.046228924355133,-6.532449917272277,-5.939867860434096,-5.586083334514658,-5.532457527922162,-7.704771524896185,-6.454483367948955,-8.709584124760195,-9.085510893601018
6.9892468840579935,5.791785857953707,2.21970268575119,-3.59781810237016,-3.8673633455302507,-1.0418529033257642,-2.6255155918059407,-0.4647122262917976,1.946255304311953,-0.5980336249448915,0.26320092728564853,-0.16400181898761435,0.11024606611869715,-1.5538078557525072,-1.0444229547806159,-3.346188671538021,-6.206843333497276,-6.603427255729142,-7.060565081984309,-7.453415854480689,-7.117253142432285,-8.019189361795119,-9.465851617768223,-8.249414618849448,-6.992533938446415,-7.665668077582827,-5.332300836302342,-7.03760971052301,-5.106349332308285,-6.284221408924253,-4.048387499787879,-7.0912863282782395,-8.274278346551265,-10.093678865528373
7.055070376039239,4.954234514143718,0.15891083123121452,-4.272960668274028,-3.8956619160361337,-4.274080204403182,-2.433481672230791,0.010741616467881252,0.924513307333278,0.6174034449193802,-0.8420052862776453,-1.0480846313624774,-1.4086255304640656,-4.348516101738421,-3.4438845422812348,-4.0027728148285755,-7.220503601422993,-7.459578408378209,-7.08948565290278,-6.8717157508197335,-7.8020330436230045,-7.952112990088347,-10.269888697605387,-9.98765521953825,-4.5084506122490176,-6.483919584960269,-6.546918834886826,-7.915991206673548,-7.533108965402753,-6.050941626536521,-5.0591037148955875,-7.228997830313513,-9.542642637199984,-10.549396943341122
6.212352271730841,4.305489897993504,0.09232057919164861,-5.099366673959723,-4.047537497027446,-2.849313578788767,-1.7584259819063592,1.339549978361449,0.8591870104659453,0.22840909113404442,-0.6575973471137463,-0.23467711512274506,-1.5428502066399272,-4.2387135334410155,-6.278033293464802,-5.677483921101308,-8.25035518691527,-9.51809697214692,-6.718126369407514,-6.42889663430811,-5.1024741957513235,-8.672083222776257,-7.112468781252706,-9.153562218513462,-8.475059649867205,-8.132277803109824,-9.789971133559273,-5.579598118511538,-5.815568430606023,-4.681507203736998,-7.365451229694684,-8.52588513038302,-11.009212324915667,-12.071279260145996
