script/wind150m.json
{"header": {"parameterCategory": 2, "parameterNumber": 3, "lo1": 3.000054539987559, "la1": 64.9999836372058, "dx": 0.5, "dy": 0.25, "nx": 34, "ny": 52, "refTime": "2026-04-28T04:00:00.000Z"}, "data":
[rows 24 to 47 of 52, columns 0 to 33 of 34]
-3.2067208260601254,-3.5185414327539406,-4.346936675343101,-4.861127238570474,-6.056853884236632,-2.7702393425276894,0.4320575162339925,1.1817487176026638,2.77118531354449,-1.3811752478804957,1.9491680373344236,-1.7962193245575038,-2.6817203291383396,-5.385311964843942,-7.787758557126093,-7.309799169254836,-7.268368296962606,-8.079019519521864,-8.980119896695722,-8.97076708327293,-9.57127911681756,-8.320568692535918,-7.477673617922457,-9.02920942188003,-6.739507550707445,-6.140717518628806,-7.0034079801703255,-9.362305877874409,-8.35598393195621,-9.607855818024852,-9.304081201611403,-8.70961720438526,-10.71268128265797,-11.212020022566506
-2.880085607441353,-3.8200846481911075,-4.663342910953285,-5.489309424432058,-6.165691996690855,-5.037889874098844,-3.572789323550332,0.6347724514674008,3.5774723146925167,-2.1466320729165544,-0.38389584781361163,-2.89043465911273,-5.071870470778229,-5.730284168306347,-6.371158799261129,-6.841131197804415,-6.785373030629647,-7.136305200614208,-8.767238941258206,-7.0456725200928645,-9.017033099192853,-9.415263044646055,-8.309467856532148,-7.372880639863859,-7.663614254810853,-8.65301413101013,-8.106650114126586,-7.723811946064646,-9.121321503950844,-9.86019333186557,-9.373838528692538,-9.881387168160943,-10.315982329904259,-11.165935089211615
-3.0547625851209657,-4.376573022622038,-5.250958488257752,-5.82119708864908,-6.379737196375028,-6.35489834642019,-4.531571869833282,-0.032804942723849914,-0.5468674211328809,-1.4418609535844538,-2.5635832659499247,-4.961877837746634,-5.664608944177508,-5.914696447521335,-5.893736539457276,-6.4541717901840165,-5.936490583740164,-6.894028286513455,-7.878138175395526,-7.729735660203331,-6.5942890081247745,-7.908621261808888,-8.374066762753944,-7.292409597325272,-8.887705957891411,-9.3718775930631,-8.20853650492846,-9.515693194894089,-9.638285540666669,-9.989526752165748,-10.1570371630839,-9.891222832310564,-10.791027033773107,-10.726198193298519
-3.3883740638995365,-4.1921544039443575,-4.883523920880011,-5.686084748516532,-6.745352974992359,-6.89459030436046,-0.2637936769694666,-0.640904660066862,-0.8518629393545629,-1.972311467855553,-4.20749141114141,-6.311326848388232,-4.607347128338731,-4.95652123707772,-5.535586735293081,-5.369354548628045,-5.8685281015439585,-7.394807891997153,-8.608415099510932,-8.561036857974404,-8.725340756663257,-7.765125399442892,-8.176510387194666,-8.110763030870205,-7.670811257102738,-4.847860520486691,-6.565034113079696,-9.278228940954513,-8.600219194591965,-8.863066392100736,-9.807693656534727,-10.664864945630296,-9.727933855530939,-9.491051706922093
-3.423834249293796,-3.7980606231309286,-4.5288983333322985,-5.512562613362611,-6.715053216288205,-7.444167287438266,-3.6404941601526732,-0.7286691938911171,0.2768288697863955,-1.2039533821571604,-3.990399756437089,-4.903902035305376,-4.554120778631403,-5.020264373060354,-4.652076605330894,-4.828530822993327,-5.694647987424311,-6.635814098669811,-7.538228011037068,-8.88159597570404,-7.569408036733497,-6.444856780662937,-6.827267263074736,-6.581142500640125,-6.139323669022932,-2.481116602554064,-3.844240285571721,-6.28223852115509,-7.971286276256007,-9.911457473226173,-11.606995024453745,-10.929452220160911,-9.166523318083915,-9.403207412890174
-2.948652357203283,-3.3772240763552235,-4.162522759882298,-5.109652726945605,-5.413188917496249,-7.650957467702192,-4.921753231159097,-0.9873618147789921,0.3671297295973242,0.6090139984315507,-1.19690151261787,-3.4702975144771044,-5.7586573295103936,-7.601429084339559,-6.489464771091874,-5.313597016886795,-5.106505587995032,-6.373006741057978,-7.9732937332327065,-8.280245217722792,-6.865253963517821,-4.885801083612825,-5.82434500202412,-6.010243688247698,-4.580562354095469,-3.295460232426463,-4.891071476337357,-5.712092887528226,-6.395433093599556,-8.058623356163816,-9.527018957221228,-8.505260376382488,-8.136895580246641,-9.22555717566365
-2.727149499538304,-3.1755787688115737,-3.827013453073713,-4.754157773455455,-5.518128509023679,-4.7148438212667,-4.508025812136277,-0.4374738065249986,0.24715485592362849,-0.27089399814008347,-1.5500691092799033,-3.44699134214627,-4.5334992277894,-7.245705968164965,-7.654113352274219,-6.4926067761452835,-6.27860719828983,-6.318150840485785,-6.774347849403908,-7.65441200765248,-4.307120042046764,-4.25579590215182,-4.733864275147408,-5.5929780105352425,-5.698666592424745,-3.8513387478245935,-4.40032750673157,-6.431780386886396,-7.527258854470184,-8.958035800570068,-9.301576572390497,-9.204192649150945,-8.817926935264328,-9.513857018036825
-2.459454822761844,-3.1814066830578813,-3.7949856603274466,-4.41001473448307,-4.351306710329609,-4.316778022649231,-2.7965460566202385,-0.5118826492554613,-0.9773913081728676,-1.0942177446068504,-1.68107121511984,-2.2660387595347373,-4.447061583771307,-5.866821466616241,-9.017578502283838,-8.548978847421527,-6.895506454175692,-6.256652162140597,-6.669917037559903,-5.200344923810301,-3.9512956348518977,-4.737752838239513,-5.337415512298607,-6.245822684082492,-6.691378253220952,-5.485652849898095,-5.523167930529331,-5.0346867798957735,-7.788823053184539,-8.337705911539457,-8.894722645764373,-9.781904441127306,-9.564902926391364,-9.226627880431508
-3.693725242618555,-4.684772563238407,-5.233565041909469,-5.085628026570227,-5.470512320362964,-4.426727764411057,-1.2920222029110708,-0.5645714280531934,-0.05493336101302729,-0.07130074907276569,-1.425735756878733,-3.3246837784361696,-4.98945621310138,-6.244494463668086,-8.748253848402387,-7.733028674464931,-7.744566409317285,-6.772269903623967,-5.696382105098063,-4.612099226683063,-3.529891968152738,-3.9612491203706437,-6.853348666428768,-5.098850363023937,-4.694116822897454,-5.669616580973314,-8.050468880724305,-6.528846130042061,-7.160594246073752,-7.153832692208666,-6.350686603702025,-9.279788763974855,-9.752394974936731,-10.107073424995058
-5.4598662836248035,-5.711991625075532,-5.584057948885615,-5.020099604290175,-5.40630363495394,-3.190739224050887,-1.2605680299617834,-0.4007445159849801,-1.1422240721245305,-1.421616134102286,-2.7174139545345337,-4.0556198221073005,-5.568179785956473,-6.599202625419553,-6.735859567189721,-7.983235573122564,-7.379826463170285,-7.635855050770627,-7.07568337186875,-5.5801120690586155,-4.895633248763781,-3.866022077446728,-4.937522876065638,-5.077746357913911,-3.89877705496235,-6.522465703221002,-8.657119455898568,-6.096670476695,-7.409285718216897,-7.050601701138911,-5.140739400788216,-7.476438727646067,-8.13120993160515,-10.507887314345647
-6.180761407103756,-6.5549723000742075,-6.073765222927806,-5.533556999724249,-4.454654595250782,-3.785484038171665,-2.0981743506640016,-1.1505560044023984,-1.9620409717681844,-2.057124698193588,-2.702662287269136,-3.712636761351146,-5.180954644813161,-4.340743869417811,-5.956888183575798,-6.373546841865138,-7.444026825099839,-7.613520274983936,-7.513388326946885,-5.517176532190185,-3.245479851507315,-5.749778003256732,-5.695393789639558,-5.310078948767896,-5.402521541949565,-6.532252543431706,-9.10282468300008,-9.712246178204053,-9.166486256244921,-4.599239939476134,-3.2677917290635126,-5.719880587600782,-8.994891765724986,-9.54300080433768
-5.54930045276606,-4.6287818447722175,-5.080628304102025,-4.880643744764972,-4.503347288596194,-3.8066286774947957,-2.0120158869360902,-0.6880203027152582,-1.8118785556624608,-0.056275065217495715,-2.278038539741456,-3.0656792456040263,-3.726024124622077,-3.4030304789778882,-4.769784062869276,-5.179726571933619,-5.592230488808491,-5.956878158109589,-5.930853571279247,-6.907352587318245,-7.5038973514972875,-7.1041326164064005,-7.111179462187916,-6.337222820130029,-6.114083132910677,-7.231021562261938,-7.227666494203836,-6.180505416816823,-7.282771123551644,-5.631436407435511,-3.7786621108453744,-3.791778359994896,-8.771596530906614,-10.011244120569257
-4.58941646549883,-3.9979924808569844,-3.149938687522625,-3.228403313641345,-2.2197822499606623,-1.8592951398728912,0.2598128795452843,1.3076171824484535,0.3619641967674504,-0.20061502061486444,-2.166672459237895,-3.6830411949221933,-4.613662959642932,-3.2219525574876005,-3.104814408684235,-2.841092954144661,-2.9887467785013175,-3.7528988977996005,-4.089718822720209,-5.117951038701251,-4.914586918059175,-5.2494692217304735,-6.302737423783117,-5.162878624347478,-6.699588343485996,-4.694992462427752,-4.90404350743921,-6.8771642810561895,-7.2771813008936,-7.948484090492081,-7.6482114257564096,-3.4338589252889005,-5.883268895869591,-8.863559466014173
-3.8110728718876765,-3.1228786699927413,-2.713740447413718,-1.9500308873326253,-1.5635322993688947,1.781075228311968,3.786675036516013,2.6297120439211,0.9175131754801131,-0.5209731813017453,-1.9497901358116438,-2.8744983624353972,-2.83574139914049,-3.367421928936509,-4.976168484209715,-4.248960201462529,-3.103399725861783,-3.1688915117754015,-3.3231008132861004,-3.4867971920776806,-3.9217624980419137,-5.717985600046257,-5.024252165592037,-4.603717826596976,-3.2707850877502334,-1.7952650580148484,-3.207203641119163,-3.7310007850267346,-6.447114971704835,-7.797051073255501,-8.764379317314543,-3.6871406906953657,-5.728311291499666,-7.493503324288351
-3.9096658492371907,-2.9563704718471473,-1.8525627851551767,-2.3100272743850003,-2.0159144475035826,1.3804670120608826,0.4725544505094969,2.378520935591926,0.24171700210674393,-0.406617970419244,-1.4009504112697322,-3.48869011019306,-1.987877081120311,-3.5863284832369198,-5.727804130471466,-4.2275545797105325,-1.7158394991997672,-1.4808002398776252,-2.27243056718377,-3.7204718256029703,-3.9715333236626207,-4.948977815528681,-5.4241109045838645,-3.936949695224986,0.11741498484892464,-0.7572836978236412,-0.7562754426803763,-2.50441245785349,-5.762016853526986,-8.193981345930059,-5.430637347181864,-2.753057729201387,-7.172009489991656,-6.930156675271999
-5.131591223597881,-3.8098566076437232,-2.49192548796218,-2.4321878149777905,-2.674203783613127,-0.08145501985534749,1.4617018986797845,2.9626561509095324,-0.21193107219676066,-1.5359713654977543,-1.4812057585533882,-3.0403586936571783,-3.378436893660737,-4.961868603157768,-5.132047796937604,-2.709107164755991,0.46937834146250945,-1.1250584244857051,-1.5477551419478386,-3.2011376483830585,-4.17930174539974,-2.495387511210097,0.20717429314610014,0.729042818977366,0.8697196589802145,-1.2805978275543481,-2.5328458101412363,-4.086022590273805,-6.004847519399389,-7.312137734879098,-8.68490755325609,-4.488094918742588,-6.307921879117644,-7.87286003224042
-5.040931935430332,-4.800298265811147,-3.5149164825328247,-3.2152410977510524,-3.6697479012629595,-2.3764209821761626,-0.5358554192675511,0.262576958472537,0.1917582640970702,-1.0399098443433916,-2.137159270123968,-2.7424942087008053,-3.9160107366243158,-5.3212095923547365,-4.89658005172889,-3.6611636870214284,-0.9337572102711584,-0.7991625577113641,-1.599091787639946,-2.121366185532321,-2.016806474011987,-1.698113508859583,3.267503893123617,3.572840364255039,2.3667509993048994,-0.047425766213186636,-2.2891719725982624,-4.278847479757265,-5.537619314921644,-4.828977997455677,-4.017829179318803,-5.956051100806512,-4.801909974889817,-6.342284227682029
-5.824360339983001,-5.271868877957866,-4.592919882471033,-5.165411317272953,-4.984223942200525,-2.8082732992742345,-0.5861589990197548,0.3432792072251501,-0.15902970389346546,-1.5096295181460235,-1.9316034311004322,-2.50140945063223,-4.079485209390755,-4.909568980596438,-4.698512353425245,-4.1870720367477885,-2.9289906547369506,-1.3097855071116653,-1.260471083698236,-1.2336284324677056,-0.5478880273764475,3.3516342356179396,4.838591160724745,4.265876000284197,2.6205862624956877,0.1822096993407068,-1.979342147153617,-1.2084407213478257,-0.20693255834596583,-1.5288255824980015,-1.9985183772355903,-4.305755944383449,-5.478402745148967,-4.888948288946457
-6.301682830181683,-5.607225924490982,-6.169560798548558,-6.046518579686703,-4.860011796950858,-2.7622061807208964,-0.12283599758342732,-1.4711555695820442,-1.900817012318086,-1.0197977852910156,-0.6006695378410039,-1.3146033174420853,-3.0041167177532184,-4.3193704812320375,-4.077346057422463,-2.068087269807987,-1.8189175918954537,-1.1501606616397844,-1.9208104416714031,-1.1104410531649158,0.5624855862347875,3.448135376978084,3.758605116617513,3.8213086810443158,1.9615764781446128,0.4334692299796549,1.0436551296866148,-0.11420230886459212,-0.8643721521172615,-1.0479299238523072,-2.6600051978005173,-5.160280125911485,-5.489825622647117,-6.658199109510187
-6.922209007334937,-6.728579177377821,-6.66577221799974,-6.3571030204662975,-4.811009560600624,-2.422000907576008,-1.6289802990730486,-2.3492626484945363,-3.051774566112892,-1.5737729190484817,-1.4413690125245724,0.006419198040260779,-1.0958707672320342,-2.5708011255635204,-2.4714419759948183,-0.4187301257816613,0.19570323971625075,0.17339508031319245,0.3369226575873716,1.6609205627865828,4.282030227313569,3.6252662226484698,4.301232267692636,3.320925622616246,2.3484987948190157,1.0442473100392715,1.8498482848478326,-0.12103585145015665,-0.3952242583201226,-1.0762989883185763,-3.33043988863779,-5.987523350825595,-6.015541502403403,-6.457509992335047
-7.1071917605433494,-6.010246193911058,-6.643215812281648,-7.085451734716479,-5.631358481609522,-3.110659520995668,-2.8731523183051495,-2.510813879466279,-2.643291562615382,-1.9468596387419854,-0.5907063367672336,0.39571657596064247,-0.08835830291275228,0.3104521015995274,1.2647914686411466,1.6875509246042735,1.852651562632813,2.290264338726252,3.9436242848637977,5.099669566385436,6.141464023914212,5.223400029910391,4.318966887776161,3.077662917183783,2.140784250373149,0.5448230103441583,2.8000090378339477,0.36621662118547915,-0.11514099437923193,-1.0832331903256616,-2.868522059335077,-5.316645412999248,-6.4342704178921375,-6.692582487548722
-6.735936348956692,-7.0037451157391235,-6.20425575550585,-6.527174030580131,-4.781172867858818,-3.538769981933085,-3.0647838750060186,-3.586292929500895,-2.745339917155247,-2.4745210829469335,-1.4178581295365789,0.13152374743060474,0.04890693728237476,0.42368427125847974,1.779190550082016,2.759387217393058,3.028667265558737,4.300902178526712,5.1974652503540275,5.926355587971959,5.1655639779087865,4.049239921781003,3.2320292463094065,2.250616870853386,0.49919514406979487,0.8929827879412795,0.6687688717815472,1.3229891413076917,0.25976067649240564,-1.171658709978047,-3.5308820587883645,-5.423685298521632,-6.34827239715353,-8.182817497267795
-6.110136089000223,-6.349472035226806,-7.070487105231321,-7.6105457174391296,-5.856630337709374,-4.2201817006229225,-3.9768157078467836,-4.528102383535359,-4.143140595846577,-2.8424120208561634,-1.471492520208779,-0.2191310494323314,-0.4872454021861225,-0.6216149010685248,1.4185972354717917,2.182972338981008,2.8085931592168945,3.160025394988834,4.225527602634921,4.563387026792913,4.429602257234594,3.894401922430978,2.577582282358226,1.9111166996940134,-0.019703220488236143,1.1397207920719632,0.9090259603831958,0.5086676020618024,0.20424874622079028,-0.6398205523704503,-2.3330987588954013,-4.091941890730771,-4.879010397109986,-6.189233312391672
-6.319163947809906,-6.450183387120785,-7.4116852965841895,-7.395927308455898,-6.493402987126713,-5.505995362754228,-4.5869301237053675,-4.166084915277168,-3.958344371714317,-4.151744192117002,-2.622921379166958,-1.833562245545056,-0.49109999577738384,-0.6641401808479245,-0.29618279279965765,0.22904357229275638,0.5564448777440768,1.08696001279569,3.811482985726373,3.9942328175893196,3.7360288613349426,3.1197047245032827,2.6790142562091175,2.4724941496256716,2.7988123638069657,2.9935241359250515,1.468641038318546,0.15280074784090586,-0.23088551354468484,-0.43939432978690574,-1.575800929810125,-3.2334730276053816,-5.198412076143321,-6.213769046029898
