script/wind150m.json
{"header": {"parameterCategory": 2, "parameterNumber": 3, "lo1": 3.000054539987559, "la1": 64.9999836372058, "dx": 0.5, "dy": 0.25, "nx": 34, "ny": 52, "refTime": "2025-12-04T04:00:00.000Z"}, "data":
[rows 26 to 51 of 52, columns 0 to 33 of 34]
10.31074503063452,9.974392613543799,9.66816863673097,9.828725044207701,8.773277656404977,8.441432548246391,6.7418629323276615,4.415978218939309,3.359685801142803,3.8018796614433454,4.392414743619472,3.505054715936304,4.736417164319289,4.847637352494075,5.013426494132427,6.2560155027920175,6.339792931287248,3.515061721523048,2.9221921142146137,5.200410178358178,6.109223602674262,6.247208398214475,5.83666222069706,5.032591510474741,6.686430835262578,5.390246620219968,6.6312627675199645,6.745520896262079,4.060759007269817,4.0661094607284864,8.84468721759289,8.6671874610612,7.497754322887418,9.625021302855446
9.668256508609712,9.563532632655422,9.595320494704977,9.305865263191418,8.912614401237173,7.7683319642122175,6.41377085206127,7.280506312049191,1.4910397478824111,4.89148308166174,5.311991708539072,6.06650069276653,5.695026452153715,5.562218425239999,5.528915917993406,5.764231414427613,7.997256451441406,4.754599090733569,4.783907976852791,4.504620908300667,5.1327031940939705,4.912141688161133,5.053726334190284,5.24011958672071,5.551353913294107,5.5258214959606455,6.983355104694581,6.020326704141443,4.272976495325442,3.3653741366521985,8.970854733426185,8.857541773052217,7.184697931393688,8.59123889807522
9.579340252488441,9.23915555145167,8.783462671343688,8.872658353800963,8.744863626603625,7.944704105604865,6.9390743452908525,7.697147168283652,9.544760354079402,7.718831763860797,6.535777976058733,6.545603725577578,5.573999938291424,5.244069569366308,5.564469293601202,6.137494002731869,6.972304884823893,5.151821326986507,4.823857627119942,5.135898749546321,4.990813755371719,5.129346522670036,5.0157104864503355,4.734416645277928,4.963540990178395,4.901975393318991,6.727329690750163,4.831792030482461,5.824231904815545,4.597948746083305,8.752576077546829,7.6252722692452295,6.243850403187339,8.32010598065053
9.760511053849518,8.965939973061477,8.567760650047019,8.355823144897355,8.019105155304242,7.74778914991921,6.717120986285493,5.448734375618021,5.979254320650069,7.607991209530456,6.635033753045687,6.6329205009115695,6.206419285201387,5.74782281018978,5.434011967435082,6.230414646048866,7.1198040106587195,6.83234499753867,4.408192316587973,4.327669643575742,5.324497793121373,5.761965034627577,5.273061445100336,5.011584863421223,6.622208744340996,5.201634215287757,6.7774311986913,8.167420459378018,3.9948009873784005,5.560540863237857,7.572977420602543,7.7036311899130645,6.6309698043710155,10.065077726024525
8.515074367956514,8.593972769073096,8.54136062195276,8.43962935357895,7.599593352784705,7.283549971282067,6.666554944397887,3.9413802163763343,9.096176684799067,8.26824792470715,7.065916659090174,6.441359478554133,6.300993942695337,5.846486386000708,6.219638267826649,6.119017160715894,6.230853028051294,7.046821053185438,4.395805687890938,4.023720228874765,3.717235644098938,5.107251175224396,4.812997846487044,5.382970251204164,5.184541810318545,5.040773002383896,7.0348048431751815,6.772670982745834,5.330006672476987,5.208115014920129,7.151896840470871,7.2253430234279366,6.845690857635475,8.494591674159363
9.135299060705853,7.758212951724196,7.290587956887181,7.196721797157636,6.202399406553152,6.294930302263124,6.532262140042074,5.492939957281086,7.552239663259279,8.152258271007964,6.039988912372733,6.158755855192267,6.71145936414784,5.68322239166845,5.7761030619212175,5.993945802497152,6.870420708884887,6.612529844914149,6.65311363029532,4.371325863583811,4.204882211588264,4.533078906264736,4.799987143001215,5.085530537907816,6.182470372626634,6.081724540439565,6.716337044820592,6.1125337015143915,5.9547221451750305,4.21254908184327,6.166684960198333,5.47969579913921,6.489394820955506,8.340979865161216
9.754746424929454,9.731198301026176,7.1068720009285125,6.388300638860574,5.310403108273135,5.721141355714964,6.384728162524088,5.965511297989639,7.724921024388362,8.41264888320643,6.838090279177691,6.222524709165454,7.393239890832604,6.695331514344884,5.967718218567979,6.094686871978861,7.560219249056925,6.972469487725734,7.532231109742288,4.973664248157997,4.289101040605906,4.737726319429153,5.228237573492565,4.718692290684875,5.146940452681956,5.64865545814105,7.589337099960759,7.420182816835061,6.717659382217946,4.949253710977164,6.320399821638738,5.320970252693103,6.387630957556658,8.780842029618475
9.282291458279248,8.604989402875411,6.449346992963901,8.632973949568347,6.851689553734259,7.404378248753892,6.135519801246647,6.639879281295739,7.30864565571539,7.834135189816428,6.635835237470667,7.395418770800018,5.3440471154639475,5.249117829904147,5.200923366609222,5.574148434645493,6.905411523175767,7.088522173288028,7.710996828460846,5.346755932795146,5.4312078215385196,5.29284772859164,5.011364027039102,4.520304742894188,5.206542265899016,5.797835035398855,6.474924615494266,9.312185842865691,4.850266468823156,4.881804783315139,5.7297224169060295,5.106339991999828,6.740692933379768,8.08377581883712
8.705276298695999,8.077123168046292,7.243629018493314,6.627965698527755,5.1401234393588275,7.147303194474796,6.730031615153782,6.304406327582483,6.584189110880106,8.505496384205337,6.5254642253063135,6.834407242790031,5.3319096355422655,6.413468948997638,5.806778730590026,7.56049689033259,7.116177486415235,7.094632185202912,7.719192695184867,8.31472077792368,4.64701489988181,4.470570056369513,6.321461975785477,6.553709437401916,6.431483182063126,5.290458956862662,6.447766391552691,7.1849653059009455,5.356717459595462,4.246159281211608,5.6968107243387145,5.139687108299661,6.80378626212905,7.9751340811288225
8.6401798350236,7.831871181530959,6.804795967013254,6.2813472672044615,3.8752776615978703,6.792114935910637,8.948253197434676,8.595574536693528,7.131298056389769,7.663515691284534,7.059859515426103,5.61416539651959,6.553062675033374,5.448773547078086,5.9151994970388255,6.652026149090994,6.099796886548338,5.968502802353369,6.752759167920572,6.96963324603679,5.125871507125362,4.86526598149745,6.811338944806559,5.336052637391731,4.430710854278789,5.564584367807691,6.176322376942194,6.359298508234691,7.1653337351349595,6.610017264584189,6.553465048948336,6.532518149532258,6.291556727098159,7.619260840940582
9.281324488366604,8.39979419218212,6.487678655626002,5.079597333496207,7.348237537070334,7.558062700949324,8.370542356788844,7.562787405787653,7.28482255206641,6.340813290758869,8.184810576166976,4.947839296183921,5.703954955269057,5.7379444977559455,5.8254190111312445,6.638504253358957,5.691227006617219,5.197560726782042,6.397387566605423,5.695013039013487,6.761666039185793,6.1739832247225,6.0788444595827436,5.798737399554944,5.170763999645856,6.249673735654634,6.834167568041323,7.123457948935608,7.280840829538327,7.0170629144789745,6.55224860454581,6.146591403771204,6.661784972625994,7.407658930156187
8.981389920253543,8.28278889546542,6.189454714436342,5.341824560881729,8.125827599975901,7.201199831284222,7.716914718981601,7.400213407505369,6.76339224009301,7.333660433408182,7.5751925335788926,6.5395556121549125,5.540345465293515,4.709469301981454,5.906754277785418,6.029805492240698,6.083669310409157,4.626392101956089,5.503135501312893,5.446799261577283,6.713297261031348,6.0459811374427685,4.964109908015907,5.8339172581880465,4.718868896922287,6.105634263869026,7.0301280287485675,6.361737867461985,6.937892486800858,6.769276276788963,5.9758138062971815,6.306480579855981,7.038843288287279,7.224677707013109
9.617255765018012,8.080879311586903,6.761314119565495,8.35471789440764,9.129676065420004,6.877438591646255,7.504614361739947,6.5256354598736275,6.617072057367172,5.958075845562136,6.797698686974635,6.398506501186194,5.324154579808341,4.28395379184053,5.965380694173478,6.145545844373731,5.726169316717786,4.026790383732886,5.0886191319830445,4.895516630321642,6.682942873567507,4.4783505274279936,5.040696096981676,5.789278136604088,4.44304308511541,6.298406194867814,6.749529285465506,6.648525442611609,6.070102242040855,6.027031120097663,5.660759726886957,6.831812660901793,7.389705248467583,7.231099469130522
9.534820747983453,8.976498800540323,8.339251794375105,8.987219280627125,9.235126649840655,7.751373736363388,7.448710540512559,6.533994532016383,5.917925600654475,5.908817052748675,7.127276699943949,5.638819519680861,4.969482056096185,4.263891044894752,5.068205689287813,5.47304338779929,5.269491510293354,3.6521403264331362,4.268773823630521,5.013205780478314,4.989751554832373,4.939373010998604,5.143715043873063,6.338681921207598,4.572138989265446,6.0922991039019765,6.791859483478,6.262669293529612,5.696735425144817,4.860987218432836,5.127166290217758,7.041360493041061,7.438872044900375,7.813734399457559
9.064164450080476,9.637379124597953,9.40321293555974,10.26976500180879,8.933878009280283,8.045619817522306,7.807269910298822,7.646454602149752,5.943685633911525,5.827858027785886,6.096654515941695,4.54163048787675,3.8578826630987213,3.7903097704751927,3.4510620390440887,3.849910840280791,4.7918882136012,3.9714581785226213,4.200103377746318,4.234752791201121,4.943550707416052,4.873332200106569,6.591973826839767,6.122363242279525,5.193368621177087,6.189017462729128,6.582506965825326,5.4858447990350845,5.054083177435838,4.5421032678302184,4.945880735566809,6.806335557642769,8.13560054521581,7.344594471381553
8.834884217657917,9.11553621627989,10.331338890845073,10.530248777854382,8.415214482435605,8.454819460018275,7.833670813424573,7.562447138429631,6.78831248762966,5.821692170349548,4.85547261573666,4.359558792151616,5.78841948828491,3.8446356034154707,2.9293449906682394,3.225012228283066,4.323477680268901,4.861543729274012,4.965067173939628,6.205154182723373,5.918208326388709,5.022985586356122,7.422517567858292,6.810667153659397,5.891327095711381,6.739748801543603,6.021288386003301,4.830708523628946,4.7298903631598455,5.417984544729363,5.354078775397384,6.363407884579526,7.863167396076753,6.582925336742179
8.856864877980385,9.928428759697908,9.884159393725328,10.233582735161095,8.04969291382838,8.347037834986164,8.29771936589425,7.131571610996878,6.430981943001945,5.799073354424668,3.662079528357035,4.677776814420928,5.4440595065498805,2.4312191589534877,3.39403295215739,2.538990228458001,5.132514367385067,5.248637274375393,6.7612946995994525,7.060653764124928,7.934871143989292,4.656438125279471,7.416033070401722,7.325772677707982,7.5900105507594695,6.600170180498795,6.430574393454974,5.125202415472405,5.917137281896929,5.936470128187803,6.617057960362487,5.394084124484419,7.10280616154583,5.848671891270943
7.0495947553014355,9.67386500737206,11.518339779462632,9.39246996027247,8.43994582970306,7.527673919067195,7.685321018531962,6.746476220072441,6.930971117320405,6.03975569901545,4.8065303123565775,2.99130249908841,4.185236443735825,5.187555956722001,6.398173855384029,3.549317290517305,5.102536597439242,6.292710706535978,8.942343545854232,8.490785337424159,7.932918458285864,5.829787448446127,6.817459744968179,6.640698114581744,7.03941819603955,6.080666569076073,6.459257068015113,5.508609368421543,5.272016062233383,5.336953156246896,5.289635466760466,4.949586971390739,5.790875505936701,6.812537920490251
9.37813849618401,8.437311626910756,10.412295298300924,10.697136568579296,8.749244237825843,9.049023009127396,7.838655763682661,6.32373896424883,6.7121816092484305,7.186188531158247,5.449615073915048,3.6057303802132936,3.82368010987972,3.70316653669661,4.301129146234989,4.278590096189574,6.759926473801897,7.663238948895622,7.90689370054474,7.488371068274458,4.8137311303368415,5.756258420905534,5.747212564796769,5.662239943765187,5.956306652418876,5.360668613232346,4.841323187312386,5.390590313790719,5.291099092581424,4.2830101641086555,3.804144360348287,4.397535934440176,4.483697709367834,6.189656558755287
5.891941399912824,6.68504613182021,10.863554510343684,10.063238361429745,8.400674836296076,9.292540640056602,7.676699260474658,7.291909138013461,5.892216479391225,6.5342462154835035,6.125738483536892,5.191786298472404,4.34540168099216,3.045707514803087,4.402890098107248,3.216648085367153,5.397320342301147,6.533832489771198,8.789519592985778,7.9775574593523535,7.595942422638449,4.757882647561734,5.042515917677691,5.582744479962274,5.403396998894433,5.063130831687978,5.185045361482111,4.690419076176539,3.8476140003045995,4.831123159083809,3.7514382052510866,2.9081946016033893,4.661933085338696,7.608877319510376
10.899209298351698,11.258038858991025,9.600359412215003,10.224518250027128,8.89855782415354,10.142483478457768,7.815822603913614,7.615888283406027,7.297808796356569,7.082352043274683,7.600941679638716,5.647574253083552,3.268694214219775,1.6167503098650584,2.7379173010571574,3.759833049759142,4.895094143113788,6.347948219867311,7.877104966656831,7.872434109384238,6.633650381055935,6.053488487436918,4.276127364786252,4.807041932268283,4.948579718970545,5.041311438158549,4.143513298162945,3.735863924094237,4.0364040322976,3.678026351525478,3.879641953378683,3.122434769883656,6.209271058092679,8.483021178446295
10.609249059564377,11.0534206746353,11.389037701313681,9.626280208239233,9.907541046023036,10.020804921078298,7.641775347471026,7.884042618979646,7.516972479370182,7.398290203111466,7.235935599739007,7.049564426306744,3.2725443658954294,1.6318329668382967,1.5954130972982323,2.8884775965928653,5.686223341825878,5.369529300785611,7.325364219918258,8.294940753496522,4.626771476045265,3.7097135316272216,4.17817283273086,2.6272301949647505,3.4833293356617743,3.258290230504637,3.496181000655037,3.030158769385149,3.840151542409213,2.9650041518226073,2.8913549349659493,5.524118416251296,7.136534085958122,8.713156041136521
10.736047635998485,10.296191943997451,10.307248178352985,8.808868515026683,10.583839514791789,9.382272820290318,9.095437331731592,7.509473788519946,7.9357286456392115,7.330587144029022,7.1163757046964635,6.289227243086066,5.363519128483012,3.7662189424644423,3.5480871956510804,3.046296506875441,3.313564393560626,5.012985183008497,6.6098299230373385,7.808284504212979,6.601290806356765,2.730985851176468,4.03173215735817,3.253184564056206,3.061914925674105,2.9609208402987117,3.3563456625875485,1.791079384241934,3.1061596686639223,3.251504322537706,2.9185477345527686,4.003577386422226,6.829777142930032,7.688285071642899
11.32371067993526,10.385177367961886,9.557818083015542,9.854870334682595,9.80436385576186,7.8585326843729995,7.869933317336902,7.240890755941117,7.2259140909224415,6.971660974429429,5.96688348968202,5.531770012182344,4.72336037497285,5.453460377761776,4.168509651270572,3.0423155116278067,3.1123313477229684,2.198059195305369,5.30647942758259,7.751100901398678,7.4641758943047085,7.790990860344807,4.621346673309009,3.915022227579573,4.028911560863291,1.99427671151217,1.6444392553155467,2.5019580969652555,3.363367548131743,4.6893401927107385,5.251387786090146,5.058781041983091,5.487948221447609,6.800837262447727
11.26406231556265,10.50120158428821,8.83141177637354,8.631977043257795,10.340693727396221,8.605659912065029,7.3484986146981495,5.909804039548567,6.653372593354945,6.1196356435982695,4.352932727632299,7.244426380505753,4.858418195755103,4.414552407824201,7.931736505429648,5.166099687537083,1.1631424263396775,0.1917342462943139,0.8042321067227174,4.405353572262958,7.538330746775182,6.733386783719853,4.245740520594627,4.375029906035316,3.538084173969537,3.0242656039186797,2.5080979887710857,3.0785817410196654,3.2656902544160493,5.69882417434542,5.65767145748189,5.425478094162967,6.328702003400261,5.96786992853546
11.438106294303212,10.428789528442701,9.389066628361428,8.90216780543405,9.719189987303382,9.110609099072155,6.588333752247762,6.4960256649814845,6.3320080650876,5.079214978194022,6.048605387887732,5.312797808155002,7.025151799575989,3.25086894352288,7.318803571769401,5.616693974127325,0.24000399309832174,0.9922664805329255,1.7115145389029032,5.172738268127197,5.16256059690106,6.424527812333341,6.8119214305974,3.2571673857155603,3.1651389862484023,2.719001728517886,0.7766607887331276,1.5478388590797205,1.7641727943653265,5.665669449863235,3.97759359003674,6.46238112990512,5.124824066447826,6.920005909058081
