script/wind10m.json
{"header": {"parameterCategory": 2, "parameterNumber": 3, "lo1": 6.000027932988019, "la1": 58.9999434238085, "dx": 0.5, "dy": 0.25, "nx": 22, "ny": 24, "refTime": "2024-06-16T12:00:00.000Z"}, "data":
[rows 0 to 23 of 24, columns 0 to 21 of 22]
4.566065878259259,9.102853824489287,3.89910826901634,1.825964047441193,1.2000360423352041,2.8486296778385,2.251198052153618,2.758713851944681,4.885551989832283,7.982389389207163,7.829554296971608,3.2998373473637694,2.5056062076735954,0.2217671196302839,4.82400666483048,1.8660488727202829,2.266568193387963,1.9469059819909338,3.143644689845614,1.727330863749674,1.2998548211185557,1.6913074161018165
5.08357336892875,3.791917843225409,2.961709152104189,2.3195626251252635,3.2579736834070565,1.9943843546750595,2.56943062681617,4.989662024173866,7.100811043919344,8.19396891684944,9.289834651889981,2.9142266450375804,2.899696977753278,3.2687724488509984,5.74277948601563,4.633337618768268,2.08832697653436,2.35681137988326,0.6157392456867999,1.185889638224868,1.167308713667053,1.1031485797879121
4.154429003878796,3.6472184167606696,1.829986535081493,1.974239402568393,2.5935747914588236,1.386103727149094,3.4106601730686963,5.102404678863124,7.769393773019566,8.062231785962965,8.005746456574212,3.0899608095554583,2.2607487915794713,9.429932723325079,3.6615302474951124,3.125276554439012,1.6657052375392305,2.9017827990655634,0.631087355305536,1.8007523451672827,1.4022142634164227,1.4647026963572787
5.679986930805858,2.6417242760064332,3.199182495475844,2.3811950647899534,2.2827333590402485,5.149938406562055,3.0717079900662596,3.8555041560761802,9.492887758048349,7.657748732308359,7.10944501201568,4.002204589161449,2.7137530468968425,2.5223347661710664,4.933962776675867,2.629991478742242,2.1472577499993433,-0.23548004130992892,2.176180832707576,1.8095123227401932,1.103908868595273,1.1470031701718157
5.369916943000291,5.361491518240141,3.6419874283797,2.5592458233244018,5.73934163158507,0.982761340239135,3.350883913242676,2.317855196445205,6.953256988064666,6.133798499880121,6.966336970669036,7.506815963620419,2.9368691168921814,1.2743298783783072,2.3339171662973843,2.6112527852908443,2.0651041494761215,2.107850299985038,1.9273074216027952,1.6006733036835052,1.53426868852397,2.4203036475983666
5.872901471898384,4.741451999146416,5.499399565878168,4.637058183230759,4.0486685391041375,-0.1576808058668018,3.9155449151273505,6.830405529022274,6.444619736872171,6.931625505627188,6.13492558261984,9.219902185797064,4.947518392029094,2.9157548472420265,2.225775217850866,2.4937490933276454,2.6244294378357664,1.9186630468689583,1.982661305238316,1.7451414298533103,1.847727450260212,2.2412382800276136
8.331395245091539,5.772389457083042,5.760305750432516,4.4556466749770935,0.7841793336187857,-1.5680085920325757,6.927853813058176,8.062421221663858,4.304509133854545,6.002240202920125,4.966749700819582,6.000279552971651,3.8200709077570467,3.2907725889785318,1.809326314088538,2.8210879403359854,2.1429744144036222,2.3320801493410546,2.657151181604141,0.8324660394146803,2.1338482452311234,2.682949883350635
8.948437295264231,8.234147610161628,6.529882002602585,7.077968211467283,3.465470559076042,-0.7617711324470718,6.628706303500095,6.420012999259302,4.681146644174892,4.579576557013083,3.8985837335303852,6.874838235845442,8.99008719129605,4.1551658290501345,0.48821771152059645,0.4330962791002847,2.3129179452235578,2.0913785702163805,2.2333730909388407,2.175735856732627,1.592192175798894,2.2317340652362203
9.370932645247231,7.749678431162939,8.169029898814804,7.9570745632419895,8.72080436475364,3.1471954612874558,7.701971185225442,5.712485559770595,3.7763531371893757,4.434874472005536,3.065338747865322,7.631039317863457,6.903185865437671,1.1843413919088646,0.9668279729855546,1.1540919250968538,-0.9179791421516122,2.5981565612933526,2.837359444008428,1.7778868196951567,2.3776618803353253,0.6749013341029994
8.578433911852892,7.720030200250131,7.570551015179977,8.576530892007126,9.336665055783891,4.157194783388515,3.2048964964410978,4.539525380742237,4.1180059684282195,3.1817404714370214,3.0633130864598517,10.372879544926443,4.485516222940548,0.7371270119337489,-1.1080281527313534,2.207806924123923,1.9139246338468012,3.3698179031237756,2.487451885329548,2.292245000351551,2.007071406509304,3.0467476796828072
8.11152350562845,8.490181234771612,9.170591583289822,8.774460287895332,10.120621875773297,3.6633433038108336,3.784879511323687,4.721311430344397,4.538065994781058,3.237026609274112,5.766557337055619,1.6914517510691662,5.829552094309103,6.222755216903828,-2.572810297916964,2.983043373283221,2.9350826758119233,3.227582485242406,3.079102397627248,2.1531758926173254,2.5096247804898093,3.2544231726443025
9.235288957795719,8.535790179117788,9.071838331818869,9.157326851895473,10.017417487379065,4.523722981038709,4.459717380361156,4.818477863865251,4.691329950918987,3.949678593308558,5.916822255085748,0.18418678208118572,9.675823953345839,6.1289514465980615,3.7528238087610104,3.5519411525550644,3.1674000496956145,2.6568174077812134,2.6405016749860892,2.6768777615214834,2.257801540878397,1.9595084902648638
10.614750014522434,10.75668555849698,9.19764693441163,9.311228614530934,9.98433314632424,5.317852227560081,3.867490022852763,4.105180157991025,4.720910095743082,4.353377139573534,6.373470486643654,3.2753064183037806,5.082081573923653,5.673789008479173,4.199204563206529,2.4200439506854603,2.4759467354879128,3.490065789842348,2.7724499938694134,1.592682758334818,1.6606988861869265,1.65393666505289
9.796489331028289,9.543822327165481,9.700742229775676,9.698894429512778,9.357511502145499,4.97832001018585,3.790657842162778,2.6126722450821442,1.5019736428768116,3.845919793623097,5.903618628919037,3.078624508822972,5.13688970634113,5.1225374789561,4.614794222282857,3.8688151544296154,0.6249174849568906,2.6491868758536437,2.560552700418036,2.552136400502795,1.0260238571834015,1.7791156507166739
11.299408800135485,10.45367908489168,9.490635889579453,9.22280904756698,9.172314691522782,5.472194719207038,4.033434492820686,3.148709246276142,3.9331414896848287,6.243394655015787,3.6097085401698217,3.766012965760518,4.051149530015274,6.826003086705062,4.914527971198193,4.526889040837537,2.734934849110986,2.8569691216177184,1.8940049929742393,2.012051680643909,2.1314304724167537,1.6702126712694274
10.289519637758502,9.760644719816828,9.42214169121966,8.834701105140857,8.87774945896332,7.304161502114381,4.709994625966144,3.7774116728060765,4.965306192906137,4.775000033817932,2.5099045711166674,3.5484305846306845,3.745584093591308,5.444717470821284,4.182577595748299,3.1920257441728053,2.770149028832511,4.951570858005412,2.34801294071154,1.9865364989016827,1.6524844688595413,0.880334491684425
10.735210655498596,9.075587092081715,8.620168297137024,8.243999412489567,8.407008777004897,8.192789334531062,4.509359873107982,3.072772496274406,5.023455013254955,4.124924516786925,2.306088660523163,4.209595196507694,3.494743523580299,2.0371692747053443,3.1658035100856976,2.7564187585507574,2.8143783392836434,2.5336288169956567,2.3777736884132605,1.3963644983744208,0.5532055443086554,-0.5888416443426499
10.27164512658582,10.587725915485,7.418894842324022,6.9519153053629275,7.225804201085133,6.24213150919641,3.017327384851683,3.8245457656600426,4.11367594364409,2.1756803160218183,3.3751800726322245,4.246178149205804,1.683456237690729,-0.24256395601352523,0.8077750130716105,3.5595398855518794,3.392694772742111,3.3535416668671822,2.9691069023324954,1.0294765013922278,-0.4673948073311928,-2.1715955194105665
7.970210903804914,6.818372846330494,8.397659466521736,5.302126119493782,7.417085128537787,6.464145605872968,4.046944235616184,3.276002681892354,4.244840251363771,2.6199125786896644,3.847753229398089,0.5684741262195446,-0.3771123440176002,0.21600996956302024,3.419056427256487,3.2081845574066956,3.0784437062257757,3.218941215568892,4.329888838402865,-0.014362116126884138,-1.4687421463408312,-1.0804463313371453
6.796733451698031,10.642657981741323,6.667428946433466,8.391785416750974,6.569590698034095,4.532187828991826,4.15412027674895,2.53915673451663,3.9663185745870155,4.402750746176743,3.4984928951696657,-0.539285698737338,2.2257360366019197,3.786213105799426,2.625647143077183,2.95507315114459,2.6719087038744647,-0.5264399109055199,-2.076946064056991,-1.559018447486204,0.5948339034389417,1.5468820726684929
5.891940652291616,4.263682562592306,8.918857729475556,6.849971313399216,5.280590417725031,6.558731153049934,4.134386858494452,3.6107161517786728,2.8787230298885387,3.4416937636690768,4.160682773292836,4.20072727862962,4.369104113132884,-0.21487304671252028,2.8726511733294395,2.9222327701812647,3.293943645815013,4.072920506016317,1.7779300466334498,2.3933777033741976,3.940195217353498,0.8279223867580595
9.329806699820772,8.88703763088754,9.91369060970988,6.343963197752612,7.021522387067794,5.942528922588969,4.491503928761983,3.906463291948799,0.18924657873626977,3.2465994387772303,3.785032146336408,3.5011583554989727,2.2712559844408733,3.86389464185758,3.3424690992781434,2.955117022756485,3.1108674222327855,4.847174656389899,2.258053811833147,1.368110258177917,0.7075143060509361,1.2842217069757216
9.392492940727484,7.87006966422588,7.351417094707696,4.443425721222231,5.62436147525167,4.991444100580168,2.785906063679162,1.794735066456039,2.169886759407117,2.8368188348292547,3.486711744986462,2.7677618230535885,1.4011377823276998,3.6242178683905792,3.777657660071043,3.208358795841351,2.4456472583663156,1.6264309806166881,2.2755137584981617,2.8546664848733023,1.3688264167078725,0.2582865648018261
5.969649309725715,3.3851431679056887,6.456476727641943,3.9553952260552747,3.161699614252206,4.78496754155158,4.290521103787902,2.485405462261702,1.9949864188638493,2.56847787608688,1.901685427551767,1.6313591487243058,0.9370179487037702,3.0242743691210974,3.405799462393843,3.0260184802560235,2.907505420107152,1.8231525242586313,2.8110089337667503,-0.2993912733054484,-1.220330190692744,1.9812514026286752
