script/wind250m.json
{"header": {"parameterCategory": 2, "parameterNumber": 3, "lo1": 3.000054539987559, "la1": 64.9999836372058, "dx": 0.5, "dy": 0.25, "nx": 34, "ny": 52, "refTime": "2026-04-14T10:00:00.000Z"}, "data":
[rows 0 to 24 of 52, columns 0 to 33 of 34]
10.929820953564956,10.124064664445276,8.051417810053087,5.560960478459863,3.418757070817495,0.7891589520975086,4.91153151499603,6.779275641331499,11.029767728854013,14.530815903921535,14.37778138578147,14.625670919001376,14.477387820673197,14.14315502255139,14.465052927511518,13.934817862053658,12.369597250731498,12.505757335216611,11.134698751836083,17.98292797850426,10.766482363809308,9.195935169815,8.858797185321922,8.993152732448662,9.061028115469247,5.177837762405628,5.77016786701622,6.222457857015217,5.787695178482779,4.004247036742865,3.7969084782070004,1.7893481450875188,0.687729520196773,1.5840962419179685
8.162231217973334,8.628764332766227,8.031251423132979,7.389650051965732,7.298911463018704,5.8331504727580334,6.353444401486013,6.039340648572139,9.68470526621696,14.621757274076918,15.203964734215115,16.642649436549114,16.161163408285326,14.98159347438748,15.792314809960088,13.578805250809697,11.802339349329515,12.23364947503452,13.554035183592582,8.93157226025283,8.757547132693047,9.940414107871725,8.375136514160912,8.369485247064961,4.687055555870556,5.297479548029789,5.416233058974154,4.807954276836135,5.959250479259873,4.419681850106795,2.1475857852782334,0.3231041805697802,1.5316981735804613,3.2583039077100175
6.134030044269931,7.362345955724421,7.6639495264915345,7.893523563045786,6.418828240426913,4.78214619033784,4.482451381135289,5.190936267602401,10.643267372032733,14.032046507108031,16.236302208508125,16.351672707826935,17.1962935480611,17.09179174721642,15.881658190675742,13.69282603797277,13.305513472753567,11.566345425488336,7.676433193407154,10.997738030151737,11.671475974769256,9.982468769324399,8.42363583166479,7.978304557794852,7.351251411641232,6.052354380648139,4.9402237213303914,5.57256528264003,4.808609798954404,3.4201219894162387,2.425844084391708,0.6425507873723117,2.768958543929005,4.425514554009669
4.560477087576702,6.956727750690452,7.288498493295978,8.079950113685214,6.029408648885066,3.9027090661574246,3.2026565335992307,6.698414172267467,12.204580811377129,13.345648985158258,14.23358702486109,17.244456850774124,16.865720066254664,17.002101928174426,14.706385370350851,14.907254443764868,10.684000451208453,9.900416213325688,7.849906217214501,8.034097623092178,13.893122789784703,9.08671466613242,10.239490336676315,7.533966924636913,5.947965165319155,4.27671393317821,5.431279056395068,5.589385087781965,4.352000314628641,2.329508499075593,0.469919572081312,2.141850022007816,4.154114725943047,5.074708932992477
6.236990596984989,7.227827054730663,8.907938125809231,7.19907862298254,4.076433805930585,2.9033664303302893,4.9321283668672065,9.597054035521637,14.01935884432907,12.027230554613205,13.014524458067987,13.533100971401623,16.460602824729925,13.596176479441764,10.657410099376213,13.06131708372838,9.771939642086922,10.111879049991698,9.748862436024641,10.559962741031983,13.949671923784065,11.479432816338463,7.3350160878078,6.447859777316633,5.179845681860848,5.024917238220675,5.259139567790072,4.956735851921596,4.32727018427528,1.6481681894608933,1.4027625530701935,3.8627729980357186,4.045756945533954,4.304175151382316
9.993339885718871,10.271703475094473,9.194750771630218,7.243962590189121,3.9360951917344122,2.8387335920667236,7.86304595287717,11.197777536709761,14.851076787907271,13.02903688005754,12.237161632498896,11.58334212418135,10.376425287250477,10.320616351051171,10.47171202679023,9.762687333649401,7.195358474989483,6.165788866689262,11.84852605682445,9.559698359021036,6.742667449254072,8.141168346918175,7.954643323815775,6.8199200152472566,5.37734362417295,5.291689659029693,4.811935568097228,3.253029347092755,3.279352377129733,1.4276639879275952,2.1593938768493204,3.6002222839966094,4.407251761002229,4.3360552665764835
12.280060163891333,11.331203040872952,8.191226733398084,6.661575440955489,3.97639819184588,2.8704993027000607,10.739656955005664,10.786690576365375,10.732638555259085,12.0613551261445,7.763823386608458,6.050340308390917,7.860907375501328,9.971267498451466,6.0856701792068195,4.730678946959349,6.015085699112051,9.885782585575337,11.943494903870949,9.637966510912081,7.456472694811616,5.526780169455369,7.641159285414408,5.616414243505053,6.622289951596008,6.431503068816789,5.288543056796349,4.072525156832907,3.2795468918130704,0.4767186790104985,1.6112854991286323,3.2906658699560425,2.8045368318448207,2.714356749546892
12.764208155161842,9.82899045174075,7.885416805407817,5.779712560888885,4.302398706939951,7.149716418332305,9.448506634455443,7.621106924350997,7.175282617673042,9.298809991055911,5.150876344739247,6.696650305863589,6.150540824330456,7.168122107145208,7.593919825637048,13.880636909865867,10.685660905171511,13.939552606330617,10.004369306925495,4.904432897558305,9.41311386062838,6.947528568033699,5.865272427227063,5.9146122386184725,5.377337895497038,5.577291014559546,5.298658327270083,3.7417695701552254,1.9212735010216928,0.7939895849656612,0.7021180658681326,1.6742702238162783,2.627841462376527,9.087166765281527
12.504333115622426,9.707846081665398,8.364528668828708,5.926733379324857,4.314155723005356,7.333306552911796,6.900901933185327,6.62203827138444,6.361145631800135,2.749867266816044,9.224702519468991,2.129247998738558,11.87750691009621,16.710241976856075,13.727479953499406,10.658237777424368,13.093145036058095,15.7611633593,11.78139025391361,11.50147688047223,13.881702707335556,9.937800336697132,6.909844121032805,6.4375666798902005,6.812311223589249,5.841567096750568,5.479492688134745,3.8161351151283993,2.9718448474711816,1.7221137304218816,1.1814115691333587,0.26135395024331437,5.168002924355932,9.947856121888472
12.414118773575657,10.28873636128044,8.609037538146081,5.918369207450447,6.843736699216705,7.337807401938426,7.339149744686656,3.9136875987612285,4.885439129650781,0.5633691301911657,2.2124288436506077,12.469585344336314,15.396389003113327,11.488703169998024,11.127024503415418,14.78993512367944,10.802569848230803,10.868509699991613,9.301330560414527,8.542981041786218,9.884424986426785,5.169127475923717,5.657507445971228,6.665445188086355,5.061873619128712,6.240006167500425,5.111114326785231,4.876183010022402,4.246172509363987,2.821368468685744,-0.7863043747991908,-0.6282267715725647,5.2350179941429476,9.732575751586113
11.645973645455205,11.096384203187055,9.050286844983706,5.733034355926486,6.000142970907746,5.530036302597975,2.8603444982498534,1.592206547337128,10.698848568290213,8.696006443843352,20.58591889541983,16.16370831191524,6.011290060093572,12.127206354015897,14.467070323750626,13.451717576263544,10.33133652476597,9.466295599039233,11.464034513264842,8.169934828957564,8.245646689527382,5.6546274767699405,6.140482515077757,4.474195007239925,6.5283551230101615,5.533052831774028,3.285951003009489,4.9023877220536205,3.280896247662974,1.0384571547282309,-1.021362342633187,-0.4406465504960645,5.275810420633032,9.214319395640487
11.043153462169288,10.953356319876487,9.434563017232113,6.860877475421929,4.388510624680351,5.630469084958874,10.827970411381136,9.639242782508804,3.753257309719674,16.776799886809364,7.428943005330059,11.943078411520073,16.56152127436697,10.509324665378905,13.712603135143098,10.20633251312736,10.983024051834297,12.62420676422206,12.42878284446743,9.208999035818824,7.554786808919661,5.778341194056696,5.088763350068565,5.555200625670827,5.910696675622872,6.781473604610672,6.123248635823239,5.127331456456979,2.1261210840607436,2.79345761563955,2.2248352278705097,3.5978764697591124,5.253226404513864,6.805263049053827
10.732596689016884,11.064336232380294,10.349707601766076,7.755238942771405,5.627849516780915,7.009841997593498,6.55982611328923,1.9001599462265588,18.13428317069956,6.414934691766291,11.298264022311896,21.549246397922126,14.903035062868279,15.165460325756552,11.505470621080065,12.018439238800084,8.895307906921094,9.398120569717497,6.291984613795668,5.815229531702471,7.271062876285498,5.617262742459575,5.914855920234376,5.988172605660726,5.282351694345244,5.200477741477477,5.037288781716786,3.4595367953030487,1.5949599447669454,3.2870898905496047,4.704025567832048,4.813782661345826,5.394922416920514,5.567553095337859
9.983471459792648,10.136169255233671,9.593536348669364,8.986759146165754,7.014389122683936,14.75653622821606,15.42174412327898,4.6259298310986665,14.06503045728718,14.203800793622468,19.83597659203688,17.075084891417536,9.384512918572334,7.044235931984753,11.463102200889029,8.276920611162465,7.456719371064502,5.648828590298305,10.584288757088716,7.094699678461069,5.035387836464367,5.4575005580482205,6.3541503045400285,5.725592300458477,6.019285316595155,5.581256506951632,5.4883590826359,2.5973519597973573,1.617214895593405,5.060023995012235,5.42783991881584,4.856660550300723,5.1035897806456685,5.646221255839136
11.89737311019282,9.334182895767979,8.37902543847829,5.934863084470503,3.038799949522802,5.674604088659561,3.7359583601759088,15.213589258083097,9.944233526879325,4.243856950533688,13.287789247145534,7.718546146473622,11.597161432497092,10.494523501613862,9.143032885309685,9.536427218494078,6.408543291575275,8.042752406872935,5.699846037381358,7.070732546553304,4.521881409813143,5.758311169235876,6.32623329594606,5.232792286100949,3.509836637799493,5.452483009621546,4.715340841586133,3.426340236068935,1.9963951998603306,6.078145544895879,6.422872084974174,5.642807081880285,5.609213911292342,5.77478166579111
11.54914210298793,8.002798014268103,7.795730074403078,6.032808456761604,4.67682754667893,3.651437935112942,5.004506291628193,0.7199770553452194,2.1188513026947726,3.478670085193266,10.22306433565805,12.276963081148246,7.875592826717941,9.348350927954334,5.572806883707383,6.890146970773261,6.028075098616657,5.4396968565863775,6.038690499685922,5.582308923851124,4.973226191826163,5.004655010253579,3.9536516338668006,4.403508626188363,4.392632201156186,4.63247508856713,3.5391060600827466,1.4154073364851278,3.5156133080203738,7.421225588698956,7.335487310091024,7.670532467463042,6.933473640962906,6.198509879572443
10.842984540100515,10.493271515363075,6.504755369502009,7.481323621219773,5.574076645593063,12.809020339130091,12.12304322618415,10.219824767866907,-0.16928517023809375,14.649502512909592,10.352025233102486,7.518215420418183,4.491817961622115,5.335383084201847,4.879211105854108,4.327333467014156,4.552183910851588,4.896401407805248,4.575454184422287,3.7704314785985655,4.787660641710409,4.086840742435786,4.072121372891281,4.744588147610052,4.242273805164754,4.315474316962758,3.5837412242397377,2.107686176596588,3.252386447432285,6.246150195766545,6.857909688145056,6.833490232834496,7.217251784954545,8.375008551279775
10.074137359164828,10.091595816175968,4.548643814851882,5.754808370325048,4.094146372752703,3.303143563717918,9.338340474293998,2.7508800744864965,12.322381449721169,11.186745563265294,6.51188845931069,6.377046370103069,4.690293994772604,4.973219927298848,3.024843100309429,2.05297938830944,2.932885940399729,4.817322347849372,5.824912845989501,5.154642922935879,5.0934289367537,4.643908954910578,4.753685184885328,5.430628682675921,4.275327721585364,3.300498509963456,3.3505528172458288,2.218816716310614,1.8423512434708034,6.115315699218543,7.81194170405814,7.655770775410128,6.020643520731783,8.788428471240893
8.653685472651683,7.951674994997083,6.496900921634411,3.214600311700208,1.843254057130177,2.682981237344411,5.248709331559244,-0.026489004654494868,7.401570968093271,5.0554629823488195,0.8114480593218859,5.16078611826343,6.619021349184402,6.8983089709881575,3.5074676446684063,3.1167171469293926,3.5387265560911705,5.176501959256676,5.351165151987614,4.687989344040306,4.571250863867243,4.038813370229844,4.654547358257595,5.162914687747567,4.065402318409919,3.5806294958053817,3.5553367655787755,2.669610854058451,3.4883451288908405,3.3839020280243535,5.783609568648712,8.383323338819196,5.332062141490292,6.043899595440673
8.527231727858535,7.462049645266211,6.832201915586191,4.571667175178134,0.9344261616971147,0.9433376663357815,-4.004546251565893,10.66583633320729,7.403686951752477,6.296767330360411,5.669145735801994,6.201292677958782,4.471520056370675,6.860813594904757,2.513394306109366,4.509322434934875,2.3255236888822686,4.002379504251905,3.954758308448416,3.5682370270828137,3.5313424608800124,4.519622071318151,5.0155164310216875,3.998592791676539,4.505381522013673,3.5305653324524915,3.721547456918505,3.3182730029319156,3.8671831726469414,3.575582604421768,3.335540306070303,5.275596614437213,7.7380867888083325,4.885078152207094
8.103554025558724,6.800549726331358,5.307768419623977,4.275947121227083,-0.24674774658425078,3.1811244960383496,8.8235282711108,1.7866291359607571,8.364024418816545,4.448102089209242,4.688858650179315,5.310551988866589,2.4070497810318874,0.683675149359908,1.0866477603207225,1.833600358104033,1.5474955240606458,4.50156692631262,3.955536928571312,3.8140051205481895,4.153061293912742,4.02187552195992,5.108917337237512,5.35867835318278,4.484673955466055,4.413855815603781,3.92136321797437,4.224745949152676,4.282750567194607,3.8606220692859075,4.307779298632548,4.126579573751635,7.420285756777269,7.350341038351574
7.41663935061245,6.705856090053768,4.368020389027466,3.137303688345909,2.9452977091007297,0.7989607526806937,-1.6523649710760753,3.005985261852295,4.684588754268381,2.6024236368354434,2.677018314416117,5.757845307805682,3.4026118608201674,0.3176700554433024,-0.33571369671449575,2.588180581812015,2.326884366733012,3.908625071182472,3.481002087785492,3.867647300430427,2.6693353146897287,4.049313815334355,3.6140915719185993,4.224245572128712,4.257853836628037,3.7691469706217506,3.6807949170598526,3.6720491698736755,3.2057513939661946,3.2439711858512377,3.3598202908027566,3.5189350275649365,7.227902871238526,8.569890104421253
7.619570483984692,6.85226451366516,4.0678774784786045,2.44002445490387,2.3644393963014037,2.6028749420829853,3.339586457959499,-2.8468270040675563,3.501998006993226,5.078896246810919,2.8127778352946176,6.108221452409615,4.493370899295063,1.8189337540254,1.3435505719700993,1.5001667602675979,2.4252231916138993,3.3571659309089155,2.7085617945867084,2.2666783740383805,2.308068694484981,2.6672476343090157,3.267047799578249,3.168191017864812,1.9508307363995738,1.508143054271865,0.9987416258594819,1.6090576858456316,2.8147459281113365,3.5078340338118346,3.6599416644712024,3.3028817009302136,8.093102706969518,7.984785832765176
6.747499804383437,6.582278996445693,4.884914983821088,2.8931154484584996,1.108168195122648,0.8142985913648659,0.03869030866042872,10.228803456252521,1.7315665805886553,0.9017334171837976,-0.2763079138250681,0.12094831348493676,2.383680405825752,2.9132715839793395,1.089356572979807,2.429986485593025,1.905316200940186,1.3974187056622682,2.382102987875576,2.01901434199982,1.745801793103928,2.1935529357999934,2.5948734706498695,2.6214626445316163,0.9535376241645607,3.009240964847856,3.897416055897438,5.008806578125947,5.316328330982493,5.012122105005831,4.646764730525264,6.285672412421221,7.346217750987352,7.120481382904477
6.155732222952181,6.3056525409601845,5.218155970002761,3.234772917693416,0.9580560371101264,0.12992743840377993,1.8810410074406285,11.562123469722888,1.4542411884970456,-0.3572986541215689,1.0571465053178157,-0.5151456026371276,1.0442293086376606,1.9936977452919602,1.8358227483560088,3.188457879612734,2.3207408272645806,2.079125010134143,1.9332785134993415,0.5450912645234673,-0.08042782930034792,2.823500262168031,2.629047308307354,2.669574163511667,3.076966449331094,3.288425534506155,3.656605047345667,3.711426150190813,4.461979200024264,4.316589799015593,5.622760392556502,7.60695284041191,8.003013082043761,7.449620680839314
