script/wind350m.json
{"header": {"parameterCategory": 2, "parameterNumber": 3, "lo1": 3.000054539987559, "la1": 64.9999836372058, "dx": 0.5, "dy": 0.25, "nx": 34, "ny": 52, "refTime": "2026-02-04T14:00:00.000Z"}, "data":
[rows 0 to 24 of 52, columns 0 to 33 of 34]
2.4151460729577736,0.4072573017763832,-1.1140172777425312,-1.4204711832631887,-1.5319737794624182,-1.376076985450124,-0.9708797856917678,-0.28831863559988147,1.468619151566907,2.564078394262406,3.0247629120769113,3.2397855042412407,2.715372127442159,3.525613434170946,6.022703023919166,8.617650593491716,9.810804242111303,11.380252695543335,13.391845985655745,7.271292292543088,5.101917175181108,4.851197165580587,4.457307834616509,5.98510124058001,3.2553025048201145,0.9035527009063695,2.442218628786065,3.582124325375079,2.277541432184865,1.626001183944227,0.2565352271565272,-1.1967368578684667,-0.8706432518735153,-1.464070621904833
2.619482398450949,0.9396862215819839,-0.26969037339589635,-1.5137569824604271,-1.3625182283673487,-0.9517845777003164,-0.9779667309896126,0.12992087314424725,1.2018602366635305,2.2843423246367025,3.4912374049223267,4.004234317778702,4.0505192307032045,3.7709043681998793,5.685668254447275,8.371275683174698,10.565584677836306,10.962482000472043,15.243139043538639,6.141751766530161,4.935384183744934,6.161461727966944,2.9812455056861826,3.7189352195737095,2.3463005350469266,3.1373363385120117,4.343066441700868,3.32812133616965,3.5736827572674486,2.9653736158521244,1.5200346969483227,-1.0538641263762567,-1.5947347079479786,-1.4480774540747092
2.444622410162453,1.0563516800379344,-0.16354642883585832,-1.3031661345262306,-1.1582044170404173,-0.7640198876072666,-0.9407389646966068,-0.4724041299758768,-0.044119696579014066,2.778845541366496,3.810317155262572,4.565677552332835,5.552686284801615,5.689131049907928,3.510532499988396,9.767879905204529,17.02571558420968,14.356657686824557,6.310962217165488,7.537018154181205,8.295596299012573,6.137226286033723,1.4758039034952668,2.598246531162087,5.75974146269654,3.8778336788077175,5.099613026926226,5.286816179129887,3.444595788997748,2.5326105603134033,1.7919323266121683,0.3830275589755048,-0.9517746745445833,-2.111718709475958
1.8247784120127644,0.6381880219412103,-0.07322374613097789,-0.9990799835538334,-1.1516601024703998,-0.9176862035465907,-0.5611095282508222,0.09754621044631602,1.2708162440559632,2.863428358012976,3.1166391994112304,4.42666604868915,6.021303065740771,7.036084750045206,7.0211344987127,13.07775116639902,11.463913223534039,14.445943548935015,12.258416057690964,7.497946792257476,11.523453177992845,5.767801725459352,4.763300914697625,8.087718123751491,4.728291139179207,6.331428249045417,5.253412413638424,3.6941758585821582,3.867038960417817,2.4881266347943143,1.4079251950573324,0.7008467079735965,-0.4406507581366888,-2.1158988215622356
1.1654139531397234,0.41591235565061596,0.3092888526047358,-0.6247985570214795,-1.0350457561770134,-1.1245250940786875,-0.4077688266640035,0.6670037789823208,1.893036839034345,2.475248580884514,2.1787647059930757,2.190134129156216,6.4437210684014286,8.40015237295865,11.627015241578077,16.63487539464955,14.739149177675342,9.151782392977017,11.853736613847929,13.462794226016074,9.012263456036184,8.300468289440872,6.839845256683859,7.535169343064887,8.638015680879066,4.330449954204119,4.757999741809277,5.472029942433195,3.912352317161803,2.2280977463661467,0.8685260165233158,0.053737843600452834,-0.2325037357746384,-2.1184532323027345
1.3874733970521675,0.6647597569793975,0.2907238536932759,-0.19062572707947117,-0.7459851174486825,-1.1778840288934975,-0.39182214281344674,1.0222644915508965,2.10886855611764,3.2648773157444473,3.448222167640367,1.6211631825700312,2.7617142962936936,9.702442032043018,8.739100984287306,11.698106497780708,7.1086211862056885,4.950493492825785,13.533895371148494,9.966427383129778,3.9407643045429905,5.706065930351899,10.008925902371264,7.668365644428795,4.703411356166033,5.238409635459574,6.453628711576949,4.294630705016328,2.793581502078746,1.9114936342032254,1.133576208301592,-0.34734066327505014,-1.278828149250672,-1.847476059272926
1.9566343244660975,1.3746811145485112,1.0303718255702132,0.7229293021844931,0.11552653505342282,-0.19183929892257393,0.010946603605635808,1.0370832522067026,1.3102630397573303,2.7156489656942187,4.448098933309693,4.561020729401872,2.5721129987598803,4.978143538665515,7.044262122190329,4.955011313000607,9.183540146675929,15.525929842100645,16.61251404497639,5.503559996780052,5.438800881217459,8.491108637805105,9.226091333912992,5.076968692922845,8.898542995937715,7.713185678660983,6.640744850052667,4.296904445675308,3.435780156037595,1.949048647504797,0.3812062977858671,-0.5098221303101412,-1.0742589369515825,-0.5173629092048634
1.8454045280497167,1.7615966568075474,1.4863482579907477,1.102550844577979,0.6537821686814885,0.6939556718242595,0.9911545188119406,0.901057491877982,0.6785528154779785,2.9161821880958767,5.114338832346625,1.4399139545395934,1.4650883113721573,2.675768624410048,12.25012669330983,20.450641408330352,8.561325730713476,16.690089452824367,19.73148168781789,10.227072419338969,10.508808709017961,5.968898764723114,4.456014475685063,5.86086362405743,8.467048402023043,5.363505181419258,5.983929305969852,5.773349350165263,2.9300015898139002,1.6428036830191983,1.3483800846819796,-0.6510107133245825,-0.8395751948413376,-0.5109167506006318
2.264523541739222,2.025654505067914,1.958858836778918,0.9301548128557725,0.639179666386975,0.0035006859774515246,0.4401709686799552,1.1486247570562,2.383144225269036,3.466233885173186,8.356521106617093,0.9473520879523186,5.482230338577073,5.6191735247102415,18.270883821700185,10.682920435094792,15.943493207609547,21.486439655434154,12.738187621853797,14.162350368386088,15.98233666926621,12.266135728437874,11.637431327481105,8.601448606131543,6.532289160475773,7.478913213701655,6.3008027905067365,3.785316054195256,3.096550604618303,1.2512393290256028,0.6455928366569352,0.15922317695280028,0.1558358389336376,-0.13610461023400677
2.584716232630202,1.6972985774100502,2.0788380270911526,2.6801211956459854,0.12613477850273286,-1.494706425435288,0.00124405012673415,1.2653144098735876,5.936711936996031,1.9883471247217825,7.100014783695998,14.580433572272494,12.38231722027335,13.955041188540136,19.30071091951316,23.560341082305904,17.03137822416835,15.243779931550579,11.389135033003015,11.714543309235193,11.846739427194576,7.6515292853207155,7.164883632850722,6.0891656790693585,6.752309211778052,6.6318669286679315,5.230364069913103,4.671867827217421,3.303817161341562,2.4207324246530817,1.1600252034727099,0.6846836987146281,0.08330326657191339,-0.10428050512839168
4.654694234701815,1.843299121222032,0.6973932832363828,0.18326547762903467,0.36762213771245017,-1.039271988471737,-0.4219109870027772,1.1635251001573264,12.02260197862665,5.531958745994387,11.668043858514649,18.503469653065533,13.00568861603682,8.199911773722256,18.151901652256008,16.443403110355536,12.918877495838457,12.862526492917645,12.459823162334029,9.168720460167911,9.720761809838317,4.783663636739169,9.42243954169716,6.073375304577098,7.099174081182626,5.095376871192673,3.718199329814674,4.130349739434991,2.496273447682798,1.5379974173311592,1.246664767073607,0.6269879680649681,-0.001547991070836622,-0.7284124533382761
3.9412897961331796,4.6378446103554785,1.12028424564665,-1.8131204574541016,0.16257788473942356,2.3947122250090027,1.2414417380451395,7.012456604910007,3.4826258731740127,16.483600213602585,9.232825637598795,7.723543609403559,14.518900940127788,9.500719287869458,10.688594625914348,11.149235151366737,14.423530834940637,15.346277817357464,11.834396464747721,11.265313781086332,10.775108903615378,8.418428803057296,5.141374077281907,8.82460712415781,5.328912267503966,4.754522961212499,4.854491833330473,4.416656119943988,2.19543787122917,0.8271018600318796,1.0784295439229128,0.7189569616874774,-0.3444605222434326,-1.0761456248653467
3.3302627907593014,4.433201719341743,6.377267330456264,-2.230477796757171,1.5879399772798573,4.689887057536313,5.494731170501878,1.9229894378482868,11.988144577446844,13.555984401021849,5.255456997349145,15.977139952878291,17.107895566788812,16.870335833192062,13.404081401064696,15.535771881520695,10.588209190816675,7.021153282276854,8.463018400620768,5.957063721399117,8.558491002581995,8.842402754106162,7.719977326354161,4.942931700405385,5.488994253723832,4.300005979650833,3.7139182669639235,2.920224529199636,1.0333166113428869,0.6366005739938326,0.6061408135407789,0.23005508680588094,-0.8839890886905332,-1.5218507848739176
2.889564768632618,3.893132441583639,4.7772647631946095,5.5181072469575545,5.168084275210109,14.367624576760562,8.650821632360849,3.9589306633042654,21.319602234358104,14.851586617663688,13.400636966333337,11.452762838939574,9.595670883765752,5.006756101151667,9.99920583938292,6.87308155947293,10.461891607792602,7.53589448582527,10.378505014795914,6.775018203515482,4.45654454085767,7.34026705914802,7.611180273891748,7.1195780590608235,5.043397895558993,5.020437179521964,3.4963224160503947,3.231265733922125,2.1301132054836325,0.6310691006877073,-0.6116535185022556,-0.9538585324455982,-1.230881527794998,-1.811439191871247
3.1437185167331574,3.2084095691925816,3.9570689701733586,3.7817860034988224,2.0195293505151493,7.508501270740069,1.5789937347568477,14.324576009336557,8.7730218909708,2.3641228340626177,7.2065931001179315,8.244688525092002,11.79893091015988,10.169795107564982,9.243218035502041,8.89526296452663,5.698133630718712,7.635421539455622,5.667332780679807,6.182163641298399,4.340089223474186,4.055538902767052,6.541087487262861,5.9447199403783255,3.9458478088094946,4.4747656849538355,3.0610478408739525,3.6944041114587436,3.2654964461063525,0.6081558836226917,-1.7611466105830451,-2.0370156351529634,-1.200368412266525,-1.8157031109295414
3.4259809516140938,2.9730049155418157,3.0382620686833066,4.221154903338834,4.108664024873796,8.504415000259726,8.39381122130817,6.151204849568159,1.3335924129876569,4.144138958377541,10.887108447114583,11.973167675211098,4.902988538042606,8.083978945136398,4.855986451330846,7.021705937240271,7.294156892011188,3.156641215564694,5.12683416147371,4.107860333319243,7.025305775610388,3.634138025415907,2.3907913484999046,3.0641341794415267,3.7127867903750658,4.317699763812212,4.066135635050043,1.7240566813080487,1.9968309487991214,0.8465684589371797,-2.373638025695661,-2.0651765206415273,-1.5857942083220637,-1.74879000659829
3.7110344151662105,4.150930793398375,2.730979436515181,2.658096295595703,5.659371576226807,10.442307172826522,12.290870869473515,18.211813840265727,3.68404755043784,20.684381548112626,15.448147871093632,10.142071689313862,2.531967327097947,1.804024118383072,1.395855824465713,0.004600783503153763,3.6886703225654873,0.38761841882942283,2.4666804681688377,0.39168867935792157,4.936076996327725,4.385634456880989,2.5526330360428235,3.522694187828875,3.381087670586731,4.387023542151142,3.7666450982705766,2.9850584033240692,-0.09620475474240006,-0.48381900900407715,-0.7971132145962041,-2.0139020810570707,-1.8720740619603908,-2.083536608196627
3.84990350081724,3.1365984722805558,3.2525033478072407,3.6070959786152637,2.759833019144288,3.2085112883200275,11.444269794755238,5.306429068200804,19.336616376559448,14.488758855288777,4.92873005502261,5.269214904094492,3.032307896317266,0.9069408004609965,1.3385701327205444,-0.1269846691864068,-0.6556629780656771,-1.1361537462467886,3.5652719919568585,5.164505705572827,6.970262358862627,2.672970119230706,3.177513197219035,4.740002814800195,3.71811752643509,3.4159273167552398,3.041179009243987,1.2200470505038359,-0.10838326847147868,-0.2919267522042303,-0.36236311610125466,-1.22443159176422,-2.0932131164605154,0.2341646949588547
4.3864762485951,3.451981522236042,2.7113137921782138,2.2419739101680873,2.818270864502124,2.7118109000664865,5.152338507467529,7.7969160715414745,6.088497407708793,7.698471767499111,-0.09096549649779748,2.4727028882729356,3.4489502618571444,4.37168054079356,-2.211173536084938,0.3326918494526975,0.16862548103132155,0.7040083117447709,-0.6984231270580723,1.9237605372346704,2.05892597618163,5.510268256334158,2.689987328196569,3.7412062462768185,2.608896746198481,2.3738643033029336,2.68021799651261,0.47579236907022154,-0.013653903375490245,-2.0760193226018044,-0.9183974592542238,-0.38806909515442684,1.023000942627022,0.8116784711117605
5.880591772169641,4.673010154929798,3.477233964343423,3.0749916327933504,1.575944841248293,-0.17520892153956807,-3.8612946852626737,9.493123783244364,14.169987769416771,7.408088989945969,5.781832327605429,6.736632254446613,1.6728758794166674,3.8598303530261044,-3.533595977492331,2.0310121956528224,-3.0951733911773998,-1.6147476605332642,-1.1084897309712152,0.5259482120286779,-0.17514836924154353,2.4528195006677955,5.602784752283605,2.8349286522347428,1.051638981769045,1.669638833618084,2.1064001949337507,-0.48891458284899975,-1.02285131537403,-1.3679014304972488,0.6034628769976125,1.2516032317127477,-0.23416990081564795,-0.7227739960194092
8.993411949149703,6.972336093201885,4.713513320140252,3.1416739929006146,1.845370812117018,2.8507900479397925,10.219894708538101,-1.577993491059218,8.701213522611534,4.770769682044107,8.695689338142905,3.049865372871199,-1.5261941841934201,-3.2838661068276833,-3.4206298269501616,-2.7736536147745046,-3.147684384302813,0.8584707656348273,0.03252978763210369,0.9231993039322355,1.509148980301146,1.6012442480146318,2.463633700925708,1.7113829591031837,0.6049560757189704,0.9760709842373485,0.5659702387852857,0.4509195907486801,0.1337258130946449,-0.4230729899379725,-0.3036571997761581,-0.11514786018495148,-0.3402413032062878,-1.1665383171459958
7.839034953879993,7.3895956425041875,7.872974998911176,3.671901441585457,2.7160762629640836,1.7871887735655894,-3.3500361271586714,4.829316297328777,7.868601061622321,1.5476307284588753,-0.9018798477694691,1.6288326803967557,-0.195338591431727,-2.9633956411112172,-2.8696440239795806,-5.369304405117194,-1.8625096570510122,0.6365457318662625,0.9226270599616729,1.1870534712550282,1.6355343026238711,2.3606194490602306,2.2342299487081703,1.277837897635459,0.10101773718169858,-0.8134020503583049,-0.20193911630341416,-0.298010991634796,-0.07636512955409523,-0.3729705078117934,-0.682177427328173,-0.8008702522180099,-1.407180209317608,-1.6327513049976112
9.264007673058163,8.49396140876074,6.06372081073725,5.113725527650028,3.3212988786610773,3.7911621279480157,6.998598513761939,-2.26584754010387,3.269066464247877,7.685571694604495,-0.35245072255700816,3.225216701530859,-4.511919987466352,-4.239364770486584,-4.691656994561738,-4.8690755778906745,-1.0271092799876163,1.118773957635382,1.5509154287776281,1.7549199509419566,1.7520219262532792,1.7560290284510451,1.5369610573732506,0.472194842545136,-0.53784862338629,-1.3590037187925943,-0.822922760048275,-0.7042513446971949,-0.19279579258526144,-0.547121643639639,-0.7252460735988262,-1.352504561347365,-1.4060706721416922,-1.524250397156998
10.386884795123855,9.185642194894317,7.39600439013338,7.639468133661618,3.5546284241169306,1.6545813052670504,-0.08722852084350402,14.103008283763199,6.70987311731857,0.42583324475056794,-2.2085056769156792,-2.6941182202431975,-3.4528117605148005,-5.085906161784709,-7.578258956477577,-2.9750061906165017,-0.9522206724025157,0.8304299915770822,1.7954934502445232,1.3366694670093429,-0.512024666813297,-0.004513131581546527,0.6335459843919209,-0.13387218854023605,-2.4828344682909624,-1.6588639532406086,-1.4132224196242673,-0.36459068645040843,-0.636864246017259,-0.5071781800860985,-0.9139807666693657,-1.3051739919583358,-1.4254764823899597,-1.4273166338350112
11.419796466711494,10.940617027498496,9.054534834485828,6.782782433070126,4.632849629126644,2.6036999230935445,4.403404917675632,18.273844695178784,1.3196013732022909,-1.300276662636417,-2.7230863065053614,-5.73536477699703,-6.1984132302011625,-6.709000646818047,-7.1008595212817935,-1.55581754636381,-0.2694259368036834,1.2758361914028604,1.0467913734599144,-1.1889882023495053,-0.6550063821466147,0.34623453462461506,1.2183375142196011,0.5846002689329386,0.8660860140685755,-0.046357281875647076,-0.20269961833199288,0.2001050448035426,-0.4320382753890568,-0.9497793641579539,-1.3248168492144659,-0.9893225708328856,-0.9060485979803019,-1.1140253281921768
