script/wind50m.json
{"header": {"parameterCategory": 2, "parameterNumber": 2, "lo1": 3.000054539987559, "la1": 64.9999836372058, "dx": 0.5, "dy": 0.25, "nx": 34, "ny": 52, "refTime": "2026-02-08T07:00:00.000Z"}, "data":
[rows 0 to 23 of 52, columns 0 to 33 of 34]
3.114753837271351,3.235263646940876,3.6498476210968485,3.835078868867155,4.45096640087594,4.26444347927066,4.4714804769093766,4.280349841180482,2.9031590296133154,3.1804682713005525,2.627971010516621,1.4042277100611575,0.38452601522837493,0.25482303650083077,-0.1012023859387652,-1.706672667744007,-1.9177080522769636,-3.523220099936017,-6.284402085216224,-2.6068383329290987,-0.24147614024967387,0.6642907473724744,-2.1810357707195047,-0.11685102182411494,-0.564798420582732,0.08318397644584746,-0.5536230999132897,3.916392429507633,2.3801187035234572,2.5270365734603555,2.2153259504555547,1.994572414002086,3.950405132053709,4.502326990153538
2.4736261081207145,3.7617836524571757,3.756471451086634,3.614671872238286,4.00598197849915,3.6412469321610095,3.343483467199716,3.276791438031148,3.3159797791548242,3.667815239956007,3.908656287435681,1.2227531868408734,0.942318913685018,0.7596083574619366,0.10120231768319055,-1.0751323527521452,-6.318074154427882,-2.3694600843470837,-10.604009992924283,-3.05545814263902,-3.2222036103515546,-3.5931329811826807,-1.135134958826975,-1.123813967381754,-0.8390708817134941,-0.21305703412164018,0.3409809747854,-1.3395145205812549,2.246529765394671,7.87153775799063,3.1704825136178263,3.149756284874051,2.896451556704457,6.953996760252708
3.602408627342941,4.212073777676998,4.356597177246467,4.612740636073322,4.03553489425976,3.07984660928187,3.3309159967661537,2.7660959559824945,3.6335816571806485,3.958813288113082,1.9931174798316915,1.204495499807493,1.048563707503184,0.31480854941419084,-0.30776446275342456,-0.7580843606729071,-4.06243955273756,-7.694557067127112,-6.202918425100427,-6.616991823007866,-6.080018790331107,-0.4382443252927439,-5.605846719115461,-0.37638049849333205,-2.5839866911234224,-0.7929728479046916,-1.0973557755193146,2.4202988160598395,2.231924538864879,5.90411830919326,6.786296436823479,4.397676442440445,4.083443416531551,5.674698645240656
2.9795504455530497,2.9369755266012874,3.2812056473120546,2.7943286665530906,3.249763929052813,3.4427304516277357,4.460556898411637,3.8130897207910674,4.082384431322305,4.0358937388195235,2.9159739006689342,0.2023799614554016,-0.5479245105993495,-0.0982887422009927,-1.137828881556877,-0.47765244352572284,-5.656437350480373,-4.322320340165515,-5.677662896055324,-2.7704613393178192,-1.5847607572150426,-6.2603628818623624,-2.460894269298765,0.7397948366837426,-2.4403118729873223,-3.4355882187456013,0.23110013640421648,0.1310302169197972,2.1647681268304093,3.7938167614757163,5.037851657810187,5.952862254552297,5.9380485007601695,5.247358729456616
2.6888044900240855,2.07312626049047,1.618600706093717,2.683733077283052,3.0812289021340957,3.9398063240500787,4.17894402018279,3.3124164741344626,3.4875958486056082,3.699659363698753,2.783530839622764,-1.1471275460387222,-2.545079870151136,-4.1101726428963605,-7.3243477659524565,-4.691052796080072,0.023522472936519018,-3.3264068980275003,-1.2153158360710703,-0.7393381272809929,0.5595278646486193,4.899692324012016,-0.31683366349113673,-0.9578341801540992,0.36960753512825173,-0.6520762324153733,-2.2683586183134707,-2.1560831137887106,2.8450335961542934,2.6812179739084994,3.7509998586106974,5.6611784125965805,5.746595486724528,4.796553243886767
1.133662559146688,0.3503215726081158,2.222539649636572,3.0790622427226126,3.1384188583443002,3.1153072986210435,3.1994578122986073,2.783733909128463,3.1698147158148617,3.2938974682058957,2.6341406142050565,-0.7066354636480677,-1.705156500744664,-7.714924398446145,-4.340996326832061,-1.9465554342483598,-0.5253356029590391,-4.58693755054978,-0.5899184331652264,-4.423420108862244,-1.4581573246822865,-3.8343187399718617,2.1514947291943596,-0.7812066818188261,-1.257724119443397,-0.6777530847089418,-2.583669194461922,-1.9404842039863666,-0.6264664370626745,3.6332296043488483,5.066698721690821,1.7921091456996132,2.350577166674887,3.2054253304486835
-0.44734927631335686,1.0191402500059588,0.2950255928315004,0.6919388251694555,0.8891772476703947,1.6212230444869236,2.3028377970832734,1.9180870865839321,2.4844146526913042,2.716995300888428,2.9385602205870214,2.5225108682474446,-3.340207070344312,-4.987690330330883,-3.452200706726996,-2.818985712620722,0.8328407425071849,-3.627236268251493,0.7995298201680185,-1.3481889716013848,-1.828766881279547,0.06696474327045238,-1.324175285612868,-2.8819309791676124,1.1797860353762808,-0.7649482867066132,3.2071388457082084,-2.098632072389597,-0.6590339072083886,2.9730990755648103,4.494927820424691,4.496653320100932,4.5245299265067,4.020327490336853
-0.11525804853101845,0.04528758353812558,0.26476156357775493,1.1685857484826578,2.3881597037977857,1.0937737426812184,0.9129681741149389,0.9611398641502876,2.4978000016781734,0.20330747154161444,1.0281774848328067,-2.7132803161346213,-0.009995142197679868,0.6838771608055206,-1.8788227554035206,-1.2055431570822575,-1.8056724449006079,1.3692313969721601,5.546406224004952,-0.13284470878457605,0.4691276007306646,-0.42105206883823265,0.32040206631016066,-1.1889332218657995,-0.894193149981029,-1.0333179748847852,-1.0005387101822891,4.21732075928428,-0.20595504624012048,0.4277336069021142,5.12898857346908,3.6640325764425095,4.339439579033732,5.698266834065348
-0.5896459244635316,-0.37640448441702373,0.6068614669824233,0.9471932578707418,2.0802962714324957,1.7040981270478626,1.6970394717016744,1.571015375997396,0.9215877120569432,0.9933183584726056,-3.261943103842257,-3.6065749262805293,-2.1792620092138684,-0.49574264832600595,0.5521446475255409,-3.965879054036345,-8.842274325064196,6.757041525827559,-0.6963089915027555,-2.8001083602894212,10.514809563738357,5.614933097939049,1.9904706660438651,-1.6288207581236633,0.9230917263260866,1.0364769412146653,1.391931096111935,-0.22957481242847347,-0.0804291447415132,0.08386813660891983,1.8030832549846274,1.7072943956412665,3.455493404510392,3.1469887513090695
-1.0544162669168125,0.40998866354665153,1.2459418023674873,1.4968715979497902,2.3350917437165255,3.585107833081496,2.5414582789883133,0.8249290624088922,-1.0356909352095578,-1.302494578905071,-0.08041931667294269,-1.1025339556775478,-1.11809376643953,3.180722038151762,-8.07385638155154,0.6658578369940613,3.2672862254600767,-4.772680959006651,-0.5410449001441329,1.0667877054146815,4.65637171092096,1.0787332838695258,6.154601739215969,4.159101653274152,0.4640877043376664,2.0944676947844685,1.707774109745351,2.0163747444411873,1.4716691289068082,0.907473198724758,1.1088225527671525,2.058248081581576,1.1095161938823537,2.271297341005308
-1.930516221709379,-0.7845386778746934,1.34353130406565,1.8131881519325577,3.381071791463957,3.0694271524060204,-1.7372785356435583,-1.3879657193883717,2.520419323763274,1.4283555928454215,-0.2168841249444422,-5.381235496495655,0.6335867024219892,12.668095805817043,9.423159087271705,-5.043312844792172,3.4987138979521597,-3.211661464682353,-1.408145631509369,1.220464618853912,4.131257110746519,0.031351132325198774,9.374992812042418,-0.6706726224512202,1.501815950838442,1.6299923720140879,-0.41644178624681377,2.065324751102893,-0.13406340055202465,-0.7346741173506318,0.3101426861605646,1.5797209875584077,1.4570762067376146,2.3486513553655124
-2.537449322495621,-0.6490741469928961,0.8849698507613889,1.5213430121887312,3.096920428493888,-0.5260565497202624,-0.44038609588192956,-0.8476165601300409,1.3217967686296515,-4.306743629416276,-4.200118343302116,-2.1497444464953572,-3.8655988190323822,7.0818967982467,8.763477001184045,-0.909862763031748,-2.96737994714042,4.14964494743964,-0.08096611202026366,0.888891687614346,4.716239221497134,4.738878752234356,-0.6245003959395354,5.159152441383187,3.169511836688112,1.603742257291863,1.4678330719369017,1.4081092617156867,-0.018307673193926642,1.969605847598081,0.36893906636011087,1.124395104329199,1.5776835191886414,1.878867302800402
-3.1352031447624933,-1.9201878496186318,-0.03923872325638433,0.1505013458192778,0.4118928327231726,-1.3161525170416368,1.2127393828305641,-1.627331722497884,-4.881983498277336,-7.020499424332871,-5.357320038627304,-4.414923937918966,0.8194240718246829,1.6295244387882217,-1.5885822500705444,7.835684097423535,-1.6488873313404953,2.961936069271438,-0.35107516312354864,-0.42826143819669993,0.1408394992377138,3.634729742344303,5.529086989905456,2.8933402333929488,3.4452378960250303,1.0194022465618857,-0.40606790334482934,0.4486716086946727,1.1488377515040682,-0.5392612945812916,1.1684963196213263,0.61734321919854,0.7994517416898372,0.8962614079707092
-3.1112671344653107,-2.4304286123398393,-1.1091360351512585,-0.9643245111825965,-1.3816111458475548,-3.1634037876095626,-0.648567549576682,-0.2509683341233434,-8.881302532104785,-1.8998141197819853,-0.1444666902035224,6.525594400915957,-5.239658616109611,-2.8256043304923733,0.6609090855388944,-3.366914449291771,0.5398963473780488,-1.5008758374928914,-1.0463966208553157,1.583942854668909,1.8625632709291506,3.499056718625413,2.634895172963375,2.2898692434992243,1.6718359755562702,0.9408498887842291,1.0663413364868872,2.1857839471967626,1.7941499456560375,-0.40096303199628247,-0.23455335039046868,-0.22934397887465294,-0.30594129638255807,-0.06335178897623543
-2.9369057502969858,-3.271194274285731,-1.6676186519604181,-1.5007325634742894,-3.8671767252165266,-5.80276443998904,1.0966515728126656,-6.921968299982192,-2.1440731859198023,-3.7659348351648987,-2.398872847927468,3.175245389123755,4.634108590779262,1.511043656209335,-0.09389409826398552,2.328952174539858,0.969686443948793,-1.728521537498424,1.05319398156687,-1.6220053305975204,0.18110049664647945,-0.33239602041803706,0.8452716589815192,1.51261285040779,1.7461498223037597,0.9709667417713324,-0.7880251888115308,1.1988686832768993,0.27437002342784966,-1.8247685701335616,-1.146747896170552,-1.2490606613374482,-1.2718384942466672,-0.5093608835604854
-3.2586447605902227,-3.073317314040031,-2.6253118939774915,-1.8862727340961587,-3.3618399447438176,-4.728856440097876,-7.255304088529036,2.7646936572116303,-1.6841529885639752,-3.1299031831274786,-7.328221707932826,-1.1066289943469854,-0.39043200397484523,3.0125681927696744,0.6850156954871328,0.9739473752674156,3.287043628250659,-1.9502861660875783,-2.626055938368153,-0.19707901322177168,0.8644108077926415,1.2458774086670608,1.9797452071969022,0.7599027386881392,-1.3309760100531587,-0.2953648113951396,-0.4669009724539877,2.493522537087216,1.267547664117014,-2.0029712228215595,-2.073411590814456,-2.126007394896091,-1.956593348884543,-1.4899643938440246
-4.575154231817637,-3.9650479692494294,-3.189874507205796,-3.3556986895456826,-3.5871939369467185,-6.438451960938617,-6.469904859289796,-4.530939603399559,-0.24539343799414373,-6.041093601056966,-6.250840242772945,2.308819437810063,-0.6626705368196364,0.6741885814818804,1.4578877754633381,-0.40128325020003053,-1.3018182998612549,-0.5579892150650527,-0.48200558120745224,-0.7735252538682249,-1.8824143288716744,-1.3919115710308845,-1.252094837157054,1.69536739280952,-1.0323494318302378,-0.3985942094635019,-1.2604384612989954,-0.00871503761513614,-0.05353835082170878,-2.2770375126771594,-2.6625231326096888,-2.6039861988587947,-2.608816380299543,-2.337123175742532
-5.902213229124403,-4.565494676022964,-2.8594938881079845,-4.388970099610327,-1.3766568495329194,-0.5465463812852466,-5.261134870788523,2.2039414008179716,-6.821127143892066,-2.3655769666814526,1.3413348505289515,-1.1155978910517377,-0.6391876833026684,0.09712794845363538,-0.02154438103955803,-0.9281383843662947,-0.026661943861307776,-1.337265776592977,-3.1268836814812415,-3.9488511823265866,-4.966822265124644,-0.1298200065406228,0.04981687047444936,-1.1894952168789017,0.6802845003548816,-0.8113778102529309,-1.3667740409730205,0.1896555611872585,-0.3096274822493669,-3.0322371957732703,-3.0691886154678385,-2.6994575514825314,-2.813887825590487,-2.5191105710289134
-6.649097732394297,-4.5981422815635735,-2.7520520575987155,-3.76727595398388,-4.06159282937822,-3.5433088841766938,-4.006397113971488,-3.6984396145140503,-13.583222037061036,-3.768868604359285,-4.26632729758554,-0.8693645547724166,-2.596802193170374,1.4616469655895326,1.5098324159853211,-4.587675177299255,0.3963626396069336,-2.6789228164501533,1.4670840755905834,-2.3692084994240865,-0.7903018670646205,-4.214178934471951,-1.1463886982071572,-2.243163913228591,-0.6307623417765528,0.7616084397106124,-2.0226204523121627,-1.2491717302577308,-3.0747707015924415,-2.0657827035032383,-2.2751513549105367,-1.4429388758879496,-1.2577047120975746,-1.644457716277775
-7.5923279939275385,-5.871909767371969,-4.577553059719992,-2.7423144596716575,-1.0494242819473283,-3.294924189334545,0.23430193525605836,-1.6370707196173326,-8.301616087667226,-5.97098660557708,-4.792414628427783,-4.146966532243087,-2.6324919109160505,-1.6153681942755238,-1.3646455898862575,-4.391152043960148,-0.3067267862259104,-1.4234689659330213,0.286254154419457,-2.0491673341520067,-0.5691559963876102,-3.1625856543433404,-4.415559559910402,-0.7220094381326526,0.32625532333170304,-0.7125631824065152,1.240719765774983,-0.7098044550126653,-2.75173118151974,-1.9676214620259074,-1.512599751714618,-0.40572373207022766,-0.952660318732479,-0.8667616888444881
-9.71590312178951,-7.673527272123985,-4.828189276263091,-4.048299479898075,-0.7260809498559793,-2.26370687510492,-4.115837474206057,0.3488572021141881,-13.376158223880987,-3.2045203176460815,-5.109581646077082,-2.938913261734215,-3.1779404062074788,0.30902905744092934,-1.2141097573419994,-2.334144194493924,-1.796160271497606,-1.0818329217434537,-1.8231092161655627,-3.4110400892835817,-1.6046575435386785,0.1255244228087411,-3.2767540323158406,-2.1391615138919367,-1.309845332701365,-0.7876523294212845,-0.6061584633857583,-1.5976853790300898,-2.406297842179062,-2.309630420780184,-1.8609412953632098,-0.4205777344772125,-2.9155273477549466,-2.2625423906116024
-11.27190595675079,-9.93703014980258,-6.853667581697449,-5.114961284912251,-2.8644409266716298,-1.4784213026795887,-8.399880265393627,-11.436662285753822,-9.68249823259772,-3.1289285025570512,-0.024220175784417923,-1.7080265307629905,-0.5615139066247806,0.9024422643048623,1.1272090916852728,-0.036117328899587124,-3.307568650362457,-3.3407736208989345,-2.340725226452443,-1.9295817779978377,-2.4456702484768047,-1.7001372318980856,-3.809463077931718,-2.2477025729221074,-1.343999031579919,-1.706147719487603,-1.5897507759874765,-2.026295201993219,-2.6608356702573053,-2.8770672465187226,-1.002271395526151,-1.75465152504467,-3.5096609607467295,-3.4451236041778652
-12.902353273021246,-11.778568687003665,-10.14900417172819,-5.92287109361621,-3.417883528049686,-4.973617672077567,-12.130833561931752,-8.224301365772593,-7.531467505171498,-14.629634635306997,-1.3153401715184065,-5.283590722708086,0.6538794539849501,-3.6922174235939758,-2.2026175842973097,-2.1827347627645524,-4.285712560578698,-4.780185369996911,-2.6000097519675816,-1.6448151519327125,-1.251990656111077,-3.0835554122741975,-2.871168810168954,-3.1582486117691544,-2.220453097304723,-1.8066015815739542,-3.6589545330487407,-3.762700552110309,-2.877903301681097,-2.06849893178851,-1.177372695196896,-2.0573904700436048,-5.36445089144273,-4.875592413399235
-14.36763273299766,-13.829913882852575,-13.159482591029503,-8.957412490939802,-6.179807848880517,-2.88552052102549,-6.879655887450884,-20.717317716305555,-15.394557876261544,-7.018091012264125,-0.7625737590136998,0.20586060154590427,-0.16616651117851847,-1.7901511831929997,-3.7136845782170855,-3.83857142649199,-2.456299868683007,-4.6882577738932945,-3.290063395946587,-3.5200748269215962,-2.469618272709965,-3.4389248843618,-3.9611335226293565,-3.7121360740138027,-2.470569785466541,-3.41211860134645,-4.557010635391503,-2.730071782082497,-3.0777836720378384,-2.4232711778158205,-1.8440281270328422,-4.056242263012875,-7.139475673634326,-6.9940616032475385
