script/wind150m.json
{"header": {"parameterCategory": 2, "parameterNumber": 3, "lo1": 3.000054539987559, "la1": 64.9999836372058, "dx": 0.5, "dy": 0.25, "nx": 34, "ny": 52, "refTime": "2026-04-10T15:00:00.000Z"}, "data":
[rows 24 to 47 of 52, columns 0 to 33 of 34]
1.2359764059303597,2.93102670808241,6.5381790637008645,5.101063181158312,0.5104048940214823,-2.388147247807601,-0.5296522253372086,12.898396431103828,3.4169935082135257,1.550732498239479,2.0682442486929533,2.083120390971661,5.208501289871107,4.52742019062899,3.0924477962966916,0.2293225549889886,0.3573759395739371,1.0190582774725265,2.4752376746161504,3.172363757966106,5.558295957461874,5.138392116614026,4.858033215000391,4.7668919899043924,4.81241506932867,5.105704857482402,5.307945313659867,5.80770267347513,4.269232308377447,3.6074942514466186,1.5483203279563607,1.3526628801938598,0.6585013889352641,-1.1085500194431175
-1.817194726767526,-0.98284471344495,4.3172264190396055,4.9450284097008925,3.1251207848560343,-1.6595338612294814,-0.10762452777990494,0.9394785256576591,2.9831725621194702,-0.34352242164651753,0.5635721260535553,-0.1324967100029282,5.552841525957048,8.522867928946248,9.491727101215362,9.063578044656321,6.81747341191299,3.672051058027199,4.732672637769709,5.036060895528212,5.212147677099338,6.80760506506884,5.529816673502388,5.9529057605957165,4.682873598586212,4.443277114865852,5.443225093060383,5.342565160753564,3.2351602080322506,1.5642188129674957,0.6488802730797616,1.0729619406586064,0.17411133372087853,-2.235053243420094
-3.3074085870042094,-0.5799703630538188,-1.7175213548822454,4.637611196263934,3.5382379769408763,0.2620498381525143,-0.00893165610572623,-0.4369466731569355,-0.948962291606005,-2.6878968814929207,-2.244515868578433,1.8113382346043012,6.124923949973146,10.251080433244828,12.282544348312351,13.269539750854555,12.804535041746318,5.296133606689966,4.349196378940689,6.712577630142608,5.360661632058851,5.6554067955401175,5.714217658903001,5.809023052684102,5.599506941473456,5.40382705757619,5.454064825573764,4.418834079676937,3.1498168813026606,0.6098144497626582,0.0027431277646589175,0.6577656560728717,-0.23784340476366184,-2.3807285093530712
-3.5465280210368544,-2.847552250599875,-2.0935790980260798,2.7307408404836595,3.3934141691481274,1.6602115529222945,-0.6182036694385761,-4.389798216022208,-2.159930788931235,-3.4527339193341695,0.39096378840149204,6.444220430352362,9.75500277617608,11.905937108151003,12.991210337832099,12.46238509754375,14.324128922018044,5.890821546292538,5.9798202798180995,5.1964803388648075,5.917000706777901,5.384177238902827,5.644652530590739,5.304708791836449,4.798385962004397,5.063337788980114,6.019179169789425,4.491052742850603,2.8292846229520427,0.04860432737574455,-0.2257114170136015,0.24865338436428056,-0.33159590308177017,-2.091258116523059
-4.216314389728455,-4.749013489874486,-1.9090904998700522,0.5067537797775485,2.1804234787945296,1.9853707918833579,-0.7099323977536323,-2.9342843413308355,-5.094309376161374,-3.4738661088155283,5.829084374482683,9.754895716345859,11.535203989195553,11.935838185016907,14.490059173057528,13.447406940394501,13.189415381324183,12.272021688127408,6.22968880588712,6.4286161325484,6.266293473412426,6.126497779396474,5.580598798039506,6.101798589247044,4.8947340614027395,4.727470300326668,4.486819587101154,4.047289429689693,2.5466798826927777,-0.1762861647296725,-0.56874526169063,0.21852791953419218,-0.31167696158234987,-1.6649206107618622
-4.344266737195082,-5.062103032986711,-3.692861883000901,-2.335250036395937,0.13951113794525083,0.4501568943490655,-1.0520102623174392,-4.82737358213129,-2.21372694836688,0.9661311093239746,4.599462208011785,8.161304093930648,11.689831642874463,12.187627283709382,12.142618546540877,15.093625668299905,13.537201439286154,14.310942243526918,7.48364792654971,6.539453521493843,6.725644980886697,6.836684100650472,5.705952120656738,5.40715582527488,5.426835486436134,4.5520943108782195,4.608805869280424,5.152637327704652,1.6348868805206953,-0.41287108865779454,-0.4789937080252232,1.7915252065019382,-1.394921301418955,-2.1389431230223273
-3.628551074841303,-3.665769179540784,-3.7110975384530147,-2.402585917220246,-2.0492073231979018,-1.1813741847206871,-1.3866546921244556,-3.648725873704449,-3.2604271182599818,-0.8049688604706655,1.576241145912824,9.120549732089277,9.384371341432068,10.839208527120247,9.833979701803583,13.778565125638881,15.547133438871588,13.007969977423416,9.545278496474099,6.929888266827134,7.292215529422811,6.615637011819627,6.796827704454685,5.58794874614868,4.687554870821338,4.959228957181688,4.22704680939968,4.672923078950572,3.4680240391864365,-1.27405143878852,-1.8995579683183845,0.2450796961539747,-1.6650390406143645,-3.146065430590704
-2.4427655831876303,-2.4693673463778545,-4.422048854566881,-3.3289176221372387,-3.5019934631006353,-2.6132551994391746,-1.84375301751228,-2.374835000307536,-2.0579845638765595,-1.2570018294241758,0.2890376289158355,7.28531474761955,6.399105949916155,6.7697917824850515,9.068281674606846,12.032879846414273,12.632952845454074,14.55190246909155,11.618481274754963,7.298621496955543,7.391915607090638,7.491186607053983,6.650600949102929,6.424720042816807,5.369506345327925,4.771818637465035,4.173792222876438,5.610037255736363,3.366277594802059,1.0633274911495023,-2.766662327192045,1.0434909431979966,-1.7439226533748222,-3.594469094895118
-2.8414318826727554,-2.767754417883705,-3.1542993549240768,-3.2713227414142354,-2.93520776280043,-2.375010418694702,-3.2715040928701855,-2.760644873031663,-1.9848454248616783,-0.15438732107833233,2.2087235818531035,4.1211948795133395,5.791497978890379,5.8701511359179435,7.224209277881179,12.35354078865165,13.082571120306685,12.834223207378955,15.287608689937311,7.746490996915006,6.849629663174201,6.891461604492018,6.924883349022216,6.2208296489356325,5.212793658621506,4.69996818087195,4.655826545662143,4.535643701564613,3.5567255097853865,1.7604062132913654,0.8765501301846502,-1.6421613068679513,-2.7395223116044365,-3.7432622179676955
-2.6690141907863056,-3.66450178980368,-3.531166372894035,-3.9236302554967963,-3.7646155359130757,-2.173479452683214,-2.7385588664175806,-1.786231772427429,-1.3394658177042922,0.6811077422319669,2.2270882198179835,4.084470963309565,5.185604537468587,4.3076738393752,4.651019936047901,11.51247343519473,12.943666388350666,11.134947603299835,13.713439171222177,11.455359962191366,6.675420017604682,7.3314366272712705,7.210050515071835,6.689349407998425,5.63391434608508,4.532181676376449,4.4594489264690464,3.7275136815880923,3.484150161838097,1.2575926920653975,-0.7798801040467854,-2.7375433487692376,-2.9396662396320354,-4.561419260452987
-3.4185915156586684,-3.917782170891688,-3.391541239843461,-3.9575278140754486,-2.799581923994824,-2.3512923163717527,-2.1909549037431795,-1.4587855289489047,-1.0911220348667041,0.6028260255779458,2.2128766708708842,3.103916271191167,4.006734955756059,2.327559430081755,-1.3626465471988647,7.64119794200343,11.760368226436785,12.455841711289581,11.81272607351384,12.108725940378518,5.7230919972977174,6.54978332775019,6.142454569189042,6.048537168383359,5.6875352887513,4.562585420879677,4.454503701229528,3.948416555779834,3.1475222090474744,1.307363498423295,-1.363515782296133,-3.4945648296468,-4.132600132089216,-4.221454508205511
-3.5634673815992937,-3.927900623137319,-3.3315784231936596,-3.717348313910301,-2.819702025709601,-1.9366849598248221,-1.6855912270977413,-0.5392058175420773,-0.20738902938320608,0.838768395539593,2.5837003671646057,1.7774464745784648,0.8403789890711885,-0.4101085120185936,-0.9080228771751447,8.678533653133831,12.32200390741115,12.056392286701625,11.235957902931688,10.196392226287283,7.570094568768159,5.147292115189891,6.265106250898542,5.533541744047461,4.7712520322591905,4.794361446443016,4.533886331593528,4.0073085339974135,3.0512517654758446,1.564476132687115,-0.6323969649274229,-3.0090504977972543,-4.080189792838682,-5.362067771930339
-2.5419988779068534,-3.506021811077745,-3.522783206024354,-3.44605171637173,-3.253658920449285,-2.069477168495412,-0.6278679035510514,0.29591324201954716,0.12183896581322545,1.1466050750164993,1.272017672462628,-1.9804464100628711,-0.36240293670800594,-0.9544889849576517,-0.8719040882752345,8.73867599029015,11.124071157762133,9.985601372271196,10.034124264254213,10.45320693596192,7.536585676163326,6.506051733412141,5.48385625457546,5.05372431384962,5.7013460244205145,5.202018881730366,4.3685099060260315,3.856758013931305,3.1774761650012793,1.722694935240101,-0.5179186480573896,-2.206242318891122,-3.9042878663338607,-4.848263041171996
-2.3911320324182452,-2.157605126462508,-2.1701283755048633,-2.4093470228748397,-2.848226711221691,-2.2486948574996863,-2.3815604689169927,-1.6208220413859689,-0.35378946550254176,0.16964954391230863,0.34667294235157925,-1.9234841444772166,-2.775564223442808,-2.4321215036494825,-0.7695428574066253,3.944980012499148,10.416576862597472,7.934082844539407,9.2219068521397,7.830005824675409,6.533715853768364,6.268782567743908,3.868640391773409,7.190540280496068,6.034262036801495,4.754825759078957,4.892063033761547,3.8855785862975054,2.573369259607072,1.6526585733674901,0.07886900653493695,-2.097360451205865,-3.6300213609755314,-4.578717248838951
-1.85510813851599,-1.7803262430017186,-1.9985937004609384,-1.770044733161032,-2.1600637394957554,-1.6622454199253647,-2.0354102006574473,-2.0365800481293217,-0.8131593891666519,0.020158320334198284,-0.329747140907308,0.316753344251998,-2.6659272690313296,-2.0900413162984126,-1.0269348324863576,-1.4276969731140186,8.394779546550179,7.724561871861121,7.433588321825614,7.015727224650511,7.497260668637816,6.997335008032318,6.059235280696184,7.519766693569721,5.9775921116006,3.974013007334415,3.3478898475182626,3.4224637733635177,2.0407540690448243,0.44839332804403415,-0.04347594110741435,-1.738463360253719,-3.358151240320356,-5.132405319214815
-0.9711722981910142,-1.282006966644222,-1.3821418517019912,-1.136935332877613,-1.7859323033078012,-1.37489269351633,-1.0980683914820168,-0.728613372893148,-1.067000243314705,0.14602019998673535,0.7309438182428559,-0.17752917289569617,-0.3849678938133642,-0.6055829044821893,-2.0142820984760212,1.2668145365477743,7.905228229748325,8.688720356920207,7.600944988150646,7.767704422900686,8.679688862095714,8.834394291589017,8.550157238917503,7.004226809133883,5.143981209737325,3.4767364245563903,2.1691225247222583,1.9741778651957056,1.3440669834902337,0.6873029291095096,-0.3140506041515065,-1.572496693636697,-3.1824319438581794,-4.67544280413173
-0.002586987162716124,-0.15982576451102917,-0.5550109073165899,-0.5655025001753078,-0.48929853333768863,-1.2197921764190551,-1.3892005993520409,-0.02394311921322241,0.5192811678832044,1.0573386297623208,0.8704773156510965,0.36590627441792234,0.171677341975776,-0.28553627354244915,-1.0526607282338194,1.5584248766390363,7.433112659561958,7.569851507860313,7.486352093713052,5.549252711302808,6.187058668478281,8.721709538729332,7.117299130995443,6.359275597385141,3.597088445464421,2.306756026132694,0.21273402998222823,-1.0544467436443565,-0.7189238595895767,-0.06974539896271582,0.08005883908076133,-1.2949716027062415,-3.005316767486718,-4.73803889491978
-0.23754474548943091,-0.0751726815222001,-0.570960817201673,-0.5342070224474197,-0.7466781017194826,-0.5238883589332467,0.0742954025762814,0.46869361511645147,0.37793438425439485,0.5270331834408954,1.8518189727706393,1.0009608638803915,1.366075369723277,1.4245697860712778,1.0716780072422905,3.400759063084429,6.309077833708445,6.284420021255715,7.286453432676753,5.602912718198526,4.899196799540824,7.853315117284973,5.720918155812057,4.491570739302608,2.714897879778629,0.0042234384544509685,-2.4294298267182364,-3.129392269198965,-3.590195431742522,-2.8520154670935067,-0.4378599126929748,-1.4442304423219954,-2.743517574165391,-6.062649485633821
-0.6978654311813228,-0.7540758807958745,-0.3732374168454808,-0.6255769045549493,-0.8059752141938777,-1.4399007057373825,-1.303698695266159,-0.24245814769819032,0.24603986132863107,0.4562707976813799,0.9656816913483962,0.9811543377850592,1.124130069655746,0.8182342778302837,1.8116278299497364,2.5247429922226594,5.8304895872655464,8.337477527042203,7.930610867197103,6.040663256939512,5.6637689549241035,4.205116693772137,5.588473997935422,3.8878367694246134,0.4138452493819589,-1.707055355638618,-3.3011374613552995,-3.1122608235130684,2.053034459566748,1.4142953326302852,2.9719249015087885,-1.00762339297931,-2.8573795581933745,-6.659915434621357
0.39661834008307906,0.4260752240844157,-0.007818087155647394,-0.34101305994345715,-0.519039802833574,-0.6233396741832745,-0.6997851070499332,-0.38972801284069625,0.019840830432076212,0.8935986554757229,0.34836578429263654,0.6513559409708204,0.977341037342719,1.0846375419075025,0.5504273171108661,1.0972231657468576,5.369973405527696,5.622653123434203,7.1502067460530965,5.214233269746522,4.877168477930062,6.257336898941573,4.935730291737817,1.2172608467702364,0.1127650977132389,-1.1043150294143675,-1.6467823374334196,2.1100142111873326,2.43285989529526,1.7676542261521804,1.50358469871719,-2.6085261294152087,-3.8489453680183763,-4.437224602550775
0.9504114224815126,0.2009003226194409,-0.7975907209313418,-1.1334511969230052,-0.9137794684221406,-0.9992568056864146,-0.5697095063281827,-0.1332146421878121,0.239375615960383,1.0627038050314666,0.7542206079717882,0.6413106935634048,-0.9206562121179828,-0.42716886520126074,0.2610884581590252,0.095838734892229,0.6406485274681017,4.117130572545613,4.7898612319614715,3.8417536826644625,3.996926494966832,5.911272242326149,4.328738352909441,1.5211799034737383,2.361107966250791,1.0624855431222844,2.7569222147153907,2.900493847579487,2.512876680671198,1.979962002672498,-0.0527439329980888,0.4419448762664031,-0.23471771161967817,-2.2727689520299093
0.8000013795207992,0.9268834677210817,0.565241275374333,-0.2450587868739102,-0.334338075582029,-0.46829795440987615,-0.2636375884208592,-0.24949814678137494,-0.048125880225832696,-0.3786765250360238,-1.3692489828119014,-2.6716323934050674,-1.2806372849347762,-2.0300292528044954,-1.1536971897594217,-0.1874736174291005,-1.250832757036183,2.5596965581171442,4.359605495835744,3.8590444743839214,4.14554477732155,4.782074281892771,3.8477875622875977,3.615080025380096,2.506119276769577,1.2402075316530066,3.1152033199717515,2.476282392507168,2.4384348155277014,1.6141848814333417,1.691899220692235,0.6137019979804043,0.2730336481682236,-1.0851664920193136
1.4888282608773198,1.4115737984277619,0.841630365500882,0.40748199928226236,-0.1279732396485721,-0.27716574887589157,-1.0323507320165817,-1.8831890202176316,-1.9646249009471417,-2.504753832946201,-1.8217444833987895,-3.1320980211800453,-1.4588088419415541,-0.9223179726473806,-0.7839369648164294,-0.39134322111144737,-0.08502900883834431,3.081578523619188,3.3604968172090985,3.2615333047787067,3.378188847938845,4.065940166632656,3.897900713571849,2.557581517008424,2.0564791486071297,1.8823490322716343,2.7009112129782027,1.8875390744470883,2.1265349976747334,1.5774854148338384,1.2903954124103558,0.6502561139182742,-0.35385412004799444,-0.23203786452340347
1.3821493570832641,1.7464321704393624,1.5003491657717258,1.2844351698093075,0.26882597860446056,-0.6220569959330442,-1.2799785598455677,-1.850585350986744,-2.743239080201814,-2.9640858361651268,-2.292316839697767,-2.4260827673798677,-3.788098810062981,-0.8534989851610684,-0.37407140748665957,-0.6352616678598871,-2.193178889020969,2.9968096490758898,2.550792177212445,3.215893164545532,2.4241288553418996,3.6356462820925053,4.523629042328015,2.329212365479547,1.7759174976820014,1.7565732662632845,2.684669140415689,2.101835140525742,1.9482466946589294,1.4143026125935159,0.49833772203531806,0.28328015695822933,-0.13425508206630915,-1.3960743695504916
