script/wind250m.json
[{"header": {"parameterCategory": 2, "parameterNumber": 2, "lo1": 6.000198445256149, "la1": 58.999992894266676, "dx": 0.5, "dy": 0.25, "nx": 22, "ny": 24, "refTime": "2024-04-13T16:00:00.000Z"}, "data": [10.627400964392184, 4.4672771292730955, 8.205343495903165, 13.731258486648453, 10.419220570853552, 11.456029100996053, 8.600370392617583, 9.058315488337145, 14.98006055550053, 7.667538525989264, 10.569410080604845, 7.484668108086494, 11.082377422555135, 12.019211531441544, 7.427292343145296, 9.414431115883144, 5.029441331182805, 7.9258198375737585, 8.539945447887234, 8.525045041643555, 11.352584309196386, 16.231185428101675, 9.016529713209396, 8.530216309788278, 7.5743017574969285, 15.058438107908513, 8.933146975642046, 13.525376540051903, 7.7646270034000855, 11.86233815951608, 11.18970035067366, 8.215629262291543, 7.02637006940877, 9.193415936520623, 8.103809074582587, 7.491931258094151, 10.037095549950948, 6.871259455694705, 12.805295953499625, 7.264209917659136, 5.703447733134729, 8.321754359205162, 10.447626578307089, 11.390525092768447, 12.869478142882407, 15.067616586436628, 8.415710650013665, 7.150870009629649, 10.193253911880898, 10.104048265495612, 10.704717644140631, 4.22365769825084, 8.641381278076487, 9.008839932715496, 11.100027617116936, 7.371829848189992, 10.469857377334073, 11.067348702146472, 7.650847170998629, 10.293194918324604, 7.7454861126925065, 8.857274809926746, 8.506468904426875, 6.500220850415432, 11.73607079952857, 6.764765698792708, 4.6583854468957595, 12.819911103305227, 11.907776925024882, 7.547549243475818, 14.970949322328002, 8.855613109707688, 7.366044221702983, 6.0526835442137115, 7.570436763868558, 10.457785289462725, 7.863095361238367, 10.4712187017112, 9.748822434891023, 7.982320452683745, 15.83910782075553, 12.701320524934914, 13.278239494227922, 14.522009834063649, 10.938152979503863, 8.356872682703422, 6.509635246776982, 8.619661885779813, 8.352332618710411, 5.7240134288039455, 11.990285226002781, 7.872021722217275, 8.46539797314669, 12.699768444664365, 10.056200052131167, 8.862982800850633, 4.995984402184032, 6.867987119739529, 6.976541170101759, 8.469719412365599, 15.014799427598877, 9.7628046939734, 10.435306136749727, 9.406515404366226, 10.736634503256369, 6.55470960425635, 10.521039262229886, 6.603781819143489, 9.814829349115382, 9.228405293979804, 4.431590925534311, 5.107739647868114, 11.127292352731072, 5.691788641782472, 6.8465757904143425, 7.0413684537504295, 12.776539894670144, 18.04724684550065, 8.457081215031883, 12.328990030639332, 8.6380957651423, 9.262099211819777, 12.299281020963855, 12.5722442478441, 8.338982107224737, 12.660127347889079, 14.004998568494385, 8.222243280746438, 9.278117257934296, 9.828372005808589, 6.948993819143889, 11.516870450971103, 9.582175598905579, 8.11801114245321, 14.653342126436263, 7.573558359817961, 11.160164914136908, 9.393413335224292, 6.146708389966166, 7.007815063571094, 7.1866007590549446, 7.627455470593069, 8.193589111787182, 11.338527794891045, 6.054619743904265, 8.794436900887337, 6.172929546943962, 7.6182695531988465, 9.572808590141415, 7.767933524620519, 5.8238432302678165, 7.384612021420766, 7.20515697905499, 12.794249801180456, 6.2098265737797735, 13.337141979212989, 12.747491336828885, 8.167577333939791, 10.228363178223555, 10.391657263076915, 10.241059241734629, 13.128004491124491, 9.866835293543497, 11.22693120057625, 6.864985587441829, 18.48388780714316, 11.19825210224968, 8.521205136382402, 4.785819576785017, 9.31727324668221, 12.509071176424857, 8.481892339228754, 11.979607567117894, 16.132495374103254, 15.700020579648456, 5.235603046962743, 11.61729109784427, 10.632396293635654, 9.10321046440837, 6.696061256630703, 9.20544926842977, 7.674701661162027, 8.21358104366568, 13.804374254989753, 8.199068994202428, 4.5239442436808766, 5.094120689121722, 5.385441459319036, 7.932027481928597, 12.52723254200999, 7.3560742528301475, 15.452477453370676, 7.525577722171073, 9.038915990208828, 7.957784611635262, 7.740522205749068, 8.365652248822201, 9.984859861379054, 12.750988551434723, 7.772250224197324, 9.405786664281566, 11.667295522639773, 16.10464807392605, 7.604065491419948, 8.213554832187569, 7.788860477491041, 9.814598406024428, 11.339074408809934, 8.673366496872985, 7.38646922912363, 7.640831688115873, 13.222622440691769, 9.698110444404465, 7.707585239656585, 10.0394436239901, 14.448823556497208, 9.876998081411223, 9.164432865428822, 7.8972294583957705, 8.758803536950476, 0.938571726382066, 9.302430928714811, 12.93928118420935, 7.442834958910547, 11.449507120181222, 7.392037625007487, 10.82300089019214, 11.300877009384248, 6.990875823441129, 10.816049966526641, 7.848619313830875, 9.46056487553483, 6.8433504899450375, 7.401922785179686, 6.717940641484687, 9.439477056936303, 10.36613933049314, 9.924244034331704, 9.469438742534098, 14.686982199998482, 9.547236458194247, 10.79087357416018, 9.952574177184914, 11.680115642898123, 12.955241375803814, 7.264924028432257, 13.401297033083278, 10.499443523296216, 14.998668451577169, 11.553430418062803, 12.328947087766487, 3.80411270824412, 9.556297196970089, 10.52674107047391, 8.709163197554593, 11.586171905695762, 6.502660376462529, 11.340003071835195, 11.17183650948997, 1.8050731702647485, 7.477775841420138, 9.111217091913472, 7.374255184356107, 16.3906201841383, 10.836351345123713, 8.381617159842957, 7.98919701624299, 6.438373104497859, 8.935456642901505, 14.251134203864497, 8.623562344783027, 15.357562214769885, 11.314623254681106, 15.953218497081421, 10.47478854585245, 11.188013691628266, 8.480961740007901, 13.981241140403043, 14.853329519743783, 8.489029821767557, 9.881585645513388, 6.527001455142601, 10.89881948175526, 4.2413434175903575, 9.00806391806871, 8.563802357741741, 16.501959540613395, 14.254338359686074, 6.8044823771057095, 7.004175275086524, 7.553900888500678, 15.966953980048228, 6.4056961244747574, 18.001951520922464, 10.984247218693612, 6.824702753125944, 12.316270642697237, 10.577430971602036, 13.029966699735402, 13.077047508367823, 7.846172119639649, 11.033655684925913, 6.722193041175714, 8.70484521572464, 6.972538715694981, 11.151172759172722, 10.46273637498055, 12.822545982839701, 9.457785895947776, 12.002276188485249, 8.786279376427064, 7.9253257264574755, 9.61264219699848, 7.702768697458773, 8.063832089252896, 9.378793486563604, 5.698072114792291, 10.215396391860653, 7.94717936283451, 6.388552678811611, 7.83214979105756, 5.206015830816027, 7.760887187276903, 13.052459481860229, 8.243083305988316, 12.229520802046007, 9.875779162486417, 8.473469509148195, 8.148252597306334, 10.623407498062038, 12.463543728415214, 6.423023909642933, 11.17153826057288, 7.255449582238678, 9.250572726698277, 9.77169281092216, 7.387248588646083, 7.596233570984379, 7.9869514311895715, 16.155199621693704, 9.549858604157878, 4.9896112512489115, 10.604271130436542, 10.221029440811108, 17.528824978121165, 15.677874741619382, 12.667793751235074, 7.910320664896967, 8.810786594067702, 6.778782622369063, 4.63988912903561, 12.599520580781174, 15.09778489147777, 3.994360914331028, 15.911394040100552, 8.382491123113327, 11.1122903616104, 16.240872249560017, 12.465770259043936, 8.640341507906845, 10.740826471267445, 11.552225726325288, -0.4384224289359187, 7.022254264355969, 5.751054413351302, 10.625103999440935, 11.088760402737035, 7.187809570020437, 15.780040446633908, 9.644891599205605, 17.22831210402691, 6.841874022446153, 6.951037838496523, 17.29940696857692, 7.9577740021887005, 7.664060469437185, 8.042323161478224, 3.335954547532237, 9.159101085911141, 13.4860042307147, 6.90464373395117, 11.610593270809112, 6.953760537407817, 13.17267890372763, 7.820959888810035, 10.037714717072015, 8.729191045239395, 4.5023565788721065, 8.080766671090295, 7.657051630965155, 7.932963817959123, 7.108493219113604, 13.045393575271993, 8.687820190332797, 7.664413884320756, 7.524372268388843, 7.742008295640187, 13.607642053086062, 8.38541006618811, 5.485391590485829, 11.979930175184581, 10.58346324837132, 7.638616936861751, 8.842398108977848, 14.542994238375163, 10.898103559358274, 10.789444021285846, 12.985728075609986, 8.827973457770335, 7.675333139728872, 9.523160700518861, 6.550224262056537, 6.83233073113206, 10.950141232773525, 14.875512875157074, 7.684382659916681, 11.37047692523106, 7.2992688511834825, 4.505650968445252, 4.408286053555656, 7.503002316540411, 12.79541591611184, 7.446835854790648, 11.774628182829888, 9.979831301642887, 9.657432312652997, 14.647846606391953, 10.181900357074541, 8.693831983398255, 16.712602660932355, 12.543963944713285, 6.993952446277327, 3.2149974528059557, 7.33057456529735, 6.886229370767909, 9.243687364453669, 10.346669857497774, 7.344427777262954, 10.69931705540815, 15.749607434493837, 8.276908884700187, 8.466121455111391, 7.77188162624821, 12.029803930355415, 10.052372195510081, 10.798545963855583, 8.471437805224612, 6.3330205163690225, 10.461463578427109, 5.297218441423726, 8.87964686693925, 11.592867115959429, 4.527311308142018, 9.251434698559573, 8.45202939533339, 6.4866196672230085, 10.755637596519898, 12.45102759718663, 11.006876315980632, 9.744688855348658, 13.428465055610491, 17.607855406855975, 10.38820605866515, 7.272022474470034, 10.764153262911512, 11.647553480722566, 1.0910793297082744, 6.4527989874391105, 17.323932301066467, 11.196928804532766, 8.83913031676952, 7.672653067887967, 11.497258609341419, 6.13996008144426, 7.019595449984728, 6.65164224056198, 7.436685566858738, 6.889966591043059, 6.0151876743722275, 8.941966767893987, 17.30447360683104, 7.57844739946079, 8.099543007538653, 13.41243478967149, 5.287657829288498, 9.968472678000712, 7.498737692815293, 8.200951323612413, 8.799565738801165, 14.663790805604238, 9.082370128764486, -0.2149659587920321, 11.394674614915273, 12.199641724588705, 12.042264098812383, 11.353671822772975, 12.274884738893801, 10.419877988801026, 5.106964186048946, 10.876967482980472, 8.657371641966575, 13.016125269980726, 11.437122045330169, 12.694069390455404, 8.692911767208553, 14.56633701418141, 11.693691060298853, 10.403515538192726, 17.336398561648576, 11.996466432184237, 14.984652957464549, 14.39445995704372, 12.435455346899039, 15.63002069702903, 5.364484549998563, 13.086534608440592, 7.072341544794986, 11.93008855055323, 11.438568882338384, 11.477521612346793, 9.834019449017712, 9.710319711048237, 9.020267525556061, 10.028418192404825, 10.89004358492704, 11.31272664125814, 8.320048769081538, 5.423288162336644]}, {"header": {"parameterCategory": 2, "parameterNumber": 3, "lo1": 6.000198445256149, "la1": 58.999992894266676, "dx": 0.5, "dy": 0.25, "nx": 22, "ny": 24, "refTime": "2024-04-13T16:00:00.000Z"}, "data": [5.386984913580376, 6.322515848972421, 0.28421493460539216, 2.55120789884601, 11.2783830869141, 8.334998750351602, 8.29073043598874, 2.524498233483653, 0.21763271836857673, 6.269850321448802, 7.3493977988923875, 5.475748012549439, 0.5409584780298494, 9.008305746580165, 4.84861560018056, 7.269703150767978, 14.342181806232686, 0.5122827610806424, 8.110988432730311, 6.572011809647586, 10.146542486246233, 9.834256027269248, 6.592822102475163, -0.05541447678824214, 2.4052283669163574, 9.866409777558502, 7.167016743432704, 2.4607618979640304, 12.500280713861505, 2.352484840528553, 10.094590902072943, 2.2679379124065795, 5.149962961285992, 7.154560669796596, 2.0786632667384954, 0.5474921131401025, 6.09372430932801, 4.031996517457305, 1.8795609101092827, 5.74292786802201, 7.9018335549715415, 6.486596135543687, 12.325137069364798, 2.084062681328934, 11.669311462988613, 0.936115405882775, 3.754489421403623, 4.047736058173147, 5.590780479413234, 9.087456782056895, 7.744792895989748, 6.027783907434076, 7.014192365220727, 12.054007207584373, 9.62013968568441, 0.329460467904701, 2.4465856383944398, 1.727938850755322, 6.143694510538357, 2.04869804546269, 6.243663210830453, 0.5464313928891021, 0.33272115174843053, 4.422739215529192, 9.539472202528437, 5.491118079757624, 12.88272526544113, 2.737049634433881, 6.224462151575095, 5.559264797604548, 11.279549107715058, 4.106866842952133, 1.1114649191627997, 12.937854538175769, 12.846733926298658, 12.414785336812711, 6.887671346393307, 7.212190134664459, 2.8229856449234214, 1.0523802125324575, -0.8637780678963244, 10.635104317815934, 4.46659274843664, 0.6306274248339852, 7.3715464121972385, 6.694173695930418, 1.6467324207054437, 1.8760864491093032, 5.678233011821935, 10.021232089779456, 4.113150212538979, 6.013500777819002, 4.7405409524585576, 5.661498819985768, 8.6485158995883, 1.6705836690801037, 11.958780031423196, 3.010767642644844, 8.726035924604965, 3.2897543951556307, -1.891660248441732, 2.9224918732463587, 3.11941782682941, 14.862523706765595, 10.64634566519102, 0.5980047697943885, 10.942936637981214, 9.527110095302326, 5.5902203924316956, 1.0064273448787329, 9.692224732245572, 7.980786275912984, 2.960220847381452, 7.346291462703384, 3.3396700149578464, 3.2040340706175567, 2.3344290802483396, -0.6142549017858207, 4.135840027705839, 10.747878938077262, 7.912835370720202, 1.3553545494662984, 4.384676924095829, 8.53877624949464, 4.741718064170315, 8.893606244464994, 9.724922338755137, 2.541640617998059, 14.281274722237749, 2.054697986124492, 7.0695281978400635, 4.401400652118442, 0.4823019208951712, 2.9880281123106727, 0.971857862647461, 3.2708194822702423, 5.287033358782577, 2.174932072421398, 5.962090190871232, -0.5375451581983053, -0.03516214428725537, -0.6421507042016532, 1.4423416001611595, 5.867873248877358, 3.1436178476469934, 8.861357576199355, 2.2818729595489544, 0.777458903087724, 1.768220283333374, 0.7566058022606637, 10.748716938131555, 2.787901667608362, 6.507205640880081, 3.725498257538781, 10.096740349518715, 9.548108393899177, 6.969672510024917, 4.687868852651622, 4.5680485328424005, 11.30482752220552, 3.6114921338429595, 2.510864370504133, -1.2875338317663705, 6.8282532460441985, 2.5284902430945073, -3.426191875701175, 8.675355447803968, 0.35035823452238307, 6.75275599367943, 1.6697571389009194, 7.605246846434766, 3.4532632465774795, 4.4289211071318215, -0.767971494744339, -0.8437812428993495, 6.784706822068822, 1.2668636380831213, 11.665206790995013, 8.904863869229702, 6.6019533401531945, 3.4343249572972616, 0.5534209391018919, 6.942418923735713, 2.3094144345528815, 6.9461700794353956, 6.429912047747741, 8.285358182412649, 6.259357502569936, 12.496886954290218, 11.115707511235227, 6.428488207748689, -1.5818627111558285, 1.01433148743474, 12.511322672634533, 0.7942886472131294, 3.239617308380829, 6.808523599615822, 12.769608730788658, 10.143993031034645, 8.565430885252663, 5.48816700015812, 1.5701343260859977, -0.5900912992353472, 5.946826666572003, 7.049651920306687, 6.034445367214446, 5.760059452849729, 8.805166068335964, 2.4442238076172176, 4.724184950543361, 8.969497501945021, 2.257759889603299, 6.847979890006413, 15.324010953437837, 11.05905318948748, -0.5895154179586837, 5.751752257611108, 2.440060738425095, 5.252207001026853, 7.499263458492925, 8.429914149663762, 6.950166282568705, 4.604424086650511, 0.044794443830134756, 9.420263915595255, 5.864374512517638, 6.017262120967416, 5.919178298736157, 2.0218183537763226, 4.1678113695962695, 6.335689127340716, -1.8876833380995246, 1.4228217446351499, 1.0960810542090589, 2.8487150503072676, 2.1287252961474987, 6.129315495716422, 4.069380552532882, 0.3015519835967942, -0.43551780027993614, 6.486020776269672, 10.491957042575313, 2.9028860010088278, 2.2579299713228016, 0.3976578457994236, 6.099085768966859, 1.3378167453577103, 9.807029649192227, -0.969911459586288, 9.589004563182733, 0.8542666600599516, 8.068791963913252, -0.5342257481674503, 6.790072429393056, 3.07558090481606, 6.143915954244428, 8.655452364008676, 7.855556338247188, -0.35488727566022593, 5.607195901075124, -0.4378561883565048, 7.6611726594605605, 2.6446955648701618, -0.10679874915224086, 4.011169607632555, 7.649971767257443, 0.17592822337300829, 0.43339170812081246, 2.71696742311516, 2.44388017901837, 0.6138514461510606, 0.30722578985317006, 10.700647708205103, -0.25958026206429263, 8.431242958257023, 10.998425624674692, 3.510514065330787, 9.858838046602868, 12.019079446885527, 3.0218619906183335, 4.760872688048106, 2.1343464034666377, 8.012936316508991, 6.472233703241687, 8.46719601463692, 5.84025042962834, 12.4278663028453, -0.06811635076266453, 2.8072500643946228, 2.458518149803158, 11.822919765217044, -0.7906657762365493, 5.592393304215373, -1.3402526895807596, 6.53808291083078, 1.3795456209190282, 6.257910709706873, 3.12590377875798, 1.8420633053954707, 0.33250900087943264, 6.864663657450958, 0.9822249746959126, 1.4136146772392617, 5.248586060266901, 3.8879631876568994, 10.62154802170825, 0.09899683683635734, 8.770890465900683, 4.624213106875834, 7.0324192426497465, -0.5890720163347319, 4.788077348744518, 5.501354655804897, 2.4013411519679275, 3.0779801736576298, 3.7746731666235025, 10.352851744164333, 7.506974195970296, 6.640637092184222, 2.225828792647024, 7.037009243944394, 6.945725228339026, 2.5819121375029663, 8.432124924704954, 12.541336755457959, 2.646509687059449, 5.853007305853389, 5.578796063772474, 4.387270689188283, 7.040101583124576, 10.135366170979953, 3.1294328237934628, 2.3007480260692157, 0.14509754832337268, 12.498069579068245, 3.839627558535529, 7.45973511576462, 4.61122259919043, 3.0530015121519667, -0.20847778354404553, 7.066652340469114, 8.004188891809541, 0.32139657591888804, 8.556291156744415, -0.3360611501120007, 12.614838155531672, 5.186851021085635, 4.793472551230675, 4.800360826781138, 9.320236807741901, 6.616599865671735, 1.017119994439334, -0.9229978307270895, 10.027634134206663, 2.726419709169143, 6.06181837297732, 6.043824762182888, -1.4318615870116558, 9.881604710670054, 12.248746822990434, 7.83150610500451, 3.774027905371692, 4.56421334782623, 2.1439913085156452, 14.471916813693332, 6.816487587701151, 7.636048349299106, 6.033602512556162, 11.248568188534366, 2.1088824456876067, -0.6487507450935586, 1.8541674547901976, 7.500507705415702, -0.4700621432532998, 5.911478526103784, 7.3944838292622235, 0.5234281062336653, 9.941725790956223, 0.9855248519751525, 4.75891310831128, 6.939652723680993, 8.076469543026803, 3.98543882201565, -2.3119614764445697, 1.9468281371156522, 2.1070501068192384, 7.124140442309374, 4.8070512566603325, 7.542239299993055, 12.385718934584, 7.317814265954697, 5.626370305755062, 10.685521844422068, 7.367132452975654, 0.5070690077031748, 0.8396755100543032, 7.220488988491097, 11.769353734395212, 4.652592354657176, 13.279677386266961, 9.518837439413387, 8.662508948190222, 5.055865388243987, 4.124065107588657, 12.488641310698991, 9.653151684899738, 9.665462055627206, 1.77948998033871, 2.917136069354098, 2.5740033777323066, 6.571256221980398, 14.89103864255382, 1.7631908502806044, 5.1264632432307495, 2.731033191259967, 2.522211470730487, 0.3164464971152792, 1.442507247578427, 6.5002131492866875, 6.1618179367449715, 5.682085066017463, 9.787926730223992, 3.33595289723426, 8.489027514926846, 5.537338152277254, 12.087917939398618, 12.271458459608336, 5.42989223324717, 8.443121578748341, -1.4675193719372357, 9.037290099170278, 6.03423600508951, 6.139675718255204, 13.510506731238129, 6.7951717196134735, 7.940797960246423, 1.1477322287817129, 6.257559681504534, 9.732737556366247, 0.2705901742019562, 8.15230886509134, 5.848310427698944, -0.9956773640768091, 4.640897708348983, 7.083251022389642, 11.38495604989005, 10.776402838958262, 2.1067213854042923, -0.9119610223579402, 6.404781539745146, 5.371955761465758, 5.706790223516139, 6.50496144784694, 1.4329174793036186, 6.251632519231039, 1.4951136533987899, 3.5943371448808596, 1.9598396939432783, 9.309286213988115, 6.168715157770269, 9.29934792827794, -0.9985152047389256, 12.218088216876522, 6.698992497129126, 8.616213905632833, 7.130212023990432, 7.883371309582591, 4.6110687498040415, -0.9314162578747086, 7.765076299055791, 0.5432131362803724, 2.1713268253933213, 5.333753524478574, 5.7312650573237205, 5.933512472283678, 7.431296083006539, 7.164981920505209, 4.009968235322382, 1.3168974326383946, 2.5983724409055533, -1.0384816555455294, 6.041672506430391, 0.27341776964887526, 4.838720315047675, 6.866200925199906, 7.1350250451350306, 4.881931293304024, 5.191549708853502, 7.235412953115243, 11.637973313864494, 4.821432568993441, 9.447222282629493, 8.991343987427507, 10.894349857757573, 8.211826826277942, 7.336288668069783, 1.989029507664403, 5.895873592270744, 7.219477429137973, 10.623443492636357, 3.234601336386644, 8.155281416033981, 9.478973792477353, -2.0367690404868752, 0.39164003196790487, 1.1925609930570498, 9.437299567186612, 9.873136108522218, 11.804209925738466, 1.7775521913047094, 13.003204217233685, 11.285050921576087, 2.3908909722302503, 11.38763307656342, 7.9141955913647895, 1.1958060724836557, 6.29183524733618, 3.7376215008204605, 5.00500808356686, 2.7831106904287735, 5.485564808287769, 1.062874864880214, 5.3716535544693444, 1.3239142285998762, 8.163082730051661, 5.145316881388255, 6.537849238371611, 0.8300111143052169]}]