script/wind50m.json
{"header": {"parameterCategory": 2, "parameterNumber": 2, "lo1": 3.000054539987559, "la1": 64.9999836372058, "dx": 0.5, "dy": 0.25, "nx": 34, "ny": 52, "refTime": "2026-01-17T11:00:00.000Z"}, "data":
[rows 0 to 23 of 52, columns 0 to 33 of 34]
4.7504057559114985,5.6137047973356315,6.166165884436945,6.761302130243383,6.234730473779707,6.3434154856360285,6.260322479846362,6.940645868357626,6.630371049192762,7.545895289653768,7.024136779987487,7.576900935702608,6.997827370006706,6.479406451462897,6.855508801262212,6.798420884855329,5.585428055532379,4.476039650466261,4.7742194616641855,6.130471017498349,6.613643010512406,6.498393978670864,6.6148442812755155,6.68271294725197,9.93730368627994,4.934057481038405,3.581031674584323,4.265986796637308,4.128488859651548,5.589569715115794,5.414514079241242,4.366784753308847,3.967106612617093,5.070782651414725
4.518744008919465,4.653452996649704,5.423759979967596,6.067859673882402,6.340639530927814,6.920168460474452,6.09623693951351,6.231755403755543,6.512595764785734,6.8878902600075325,6.6367841662531255,6.882080782548295,7.652253063074334,7.074518127279128,7.738212976274321,8.66440274564616,7.945668418720859,4.138275390434517,5.160639984907334,10.390722373041875,4.410960870608705,5.875455466812423,4.093043597170656,10.304686570898951,7.027655960165834,1.9112348962414898,5.666209360969999,3.7034842357798774,4.047695978673624,6.324482417099469,5.270327673492718,5.450384741315987,4.67683406146801,5.0099327605799475
3.3592805437582367,4.050875703884046,5.154212639963612,5.9709424185492646,5.835597272477412,6.05862511365263,6.405970268905095,7.296324540847606,8.08858148289203,7.039909939332972,7.654033015305681,7.189017137890358,8.058208003729042,8.545788261963688,6.938371506071021,7.6491142139807575,7.4251842641006105,1.9621701612838314,3.69455592089926,4.479568149149462,7.2552404945515745,7.181282899281082,6.427407434162157,8.15572439740669,6.802296866422914,4.019627934009894,2.190215866926339,5.162243110522207,4.568794940279333,4.921392198634827,6.714497535791104,5.341039618488658,5.229204363389254,4.652526434472026
4.100401497771568,4.901076977175865,5.458816939360852,6.018591576662536,6.4541928183454,7.308014099045167,6.9030581371967425,6.71706898809151,7.080848778295723,8.755447956998003,6.769984555818607,8.299311028726871,7.0871364245834405,7.871838659869777,8.789486865620816,9.59103163885601,4.191612020509611,3.771411111740847,5.6990772264809895,2.70463881887121,4.638879222072908,7.661029757117973,9.366872649544584,8.134379400850438,4.377052660450712,4.565854309408586,7.456216834318775,2.601801434398177,3.191688100635677,3.705846151021753,4.989033821313575,7.1282045954784055,5.508041958363276,5.181775400254282
4.685545150173852,4.459530140354618,4.364155610427465,4.1472230424568055,5.200249240483039,5.991050070817801,7.8654872266652225,8.332290629666376,8.492755745122249,9.179108028617653,9.807992144118618,9.894565669880103,6.941943235859963,8.23553278949665,5.304819185660902,5.948955807855475,8.33610397858392,2.726613575556089,4.9851173228691135,10.980177277050862,6.1577363106021235,13.337788483697237,4.347695841223293,5.6414784965033045,5.644291029036015,2.9900871604086587,5.441055124996121,2.1408125900756545,5.786105979728624,5.031482783987162,4.884114094395922,5.815567669892517,6.505489319349322,5.3623449174080084
2.928344085720112,3.9263357449456135,4.0481869130278865,3.9551700855264995,5.896980268646603,6.069175429198436,8.362252190232942,7.877564403706285,6.042980054411622,8.97982528778685,9.148742730960938,7.785168710119469,7.750344093054645,6.320674853939575,3.7842419756161774,5.430982292778039,3.6896845757660843,4.0573735722671485,7.306237118169442,5.34084658327751,5.060898818055159,7.133696398915127,6.3918132008335276,5.951003921430701,4.944930412122899,4.862797533857672,5.470850914812943,5.693225674393292,4.712771026963969,5.614289122111431,4.931150941390024,4.012687871607638,4.236823488103643,2.436254392423909
2.7041820635955434,3.5198527932043806,4.412011063734212,4.346965945975421,5.698596221935928,7.248500331500969,7.820483329822004,7.832075314519835,7.712829275973804,7.700678094231385,5.355167727175893,4.072342047950961,4.224741995231215,5.438792988866786,-1.4618836793839671,3.412463699073706,1.7335996377632732,2.572254458059531,7.4321733795268505,5.670482892080158,4.951409959651192,6.9167824993339195,4.464158529691693,5.043046611060685,5.434949580104722,4.9027860493962026,6.5206246907468435,4.480282981043527,3.424819991595421,5.4330831078963895,5.969995378571554,4.726595282070841,4.639203307454133,3.0423780700788305
2.301089063568604,3.22432403179343,2.0707322412280487,4.326579007853004,5.049897028375568,5.787571059944099,6.411570332882675,6.396426357212533,5.624297679426762,6.326043921813526,2.8066146633964357,-1.7298624594826688,0.6029046714432397,8.501917214585346,-0.4063146109192295,2.1238557496333574,-1.335734260186329,2.530152899502185,7.7574746035829785,5.112960938799868,7.486717716013806,6.341193207730457,4.409528305266056,4.124466527390278,5.105895137804144,4.427183701588084,6.035080576552095,6.63453276946643,6.1128906184527905,5.156777227485705,7.012836191042494,2.8635690028650695,3.5336334385899972,8.455316477317702
1.689956712076014,1.5490447218338808,3.3624688046195823,3.9790161084543167,4.087982095095531,4.037399075362181,4.5542309893825745,3.493088504192869,2.139786829694126,2.7212968545899288,-3.0547678392879933,-0.7480790736035305,1.660436774995548,2.030922727622056,4.796113934058387,-0.0956254112341891,0.7413159104686405,6.333967869924715,1.025924345533918,6.6810184804416615,9.276061438206568,5.095023172012551,5.657611595622214,1.9660409786039925,5.836911499980177,5.55957818074606,6.287574266340773,4.499101609720507,5.9980423929232245,5.206849848995469,3.6066440797286154,5.195819393001387,8.764713181941097,8.337357646423724
1.5735561810332057,1.5567985627032224,1.615358569922209,2.904126468580833,1.9577933182874712,2.0572150702307717,-0.0868229262554721,-0.17323957017629296,-2.8423203375885873,-0.32968385056867855,0.30643159368086637,0.2818456118786268,0.4301673965088442,2.4830103940294825,-4.4389391622289285,1.176802445523378,2.4198273213970305,0.9517129915114585,1.6381359780274132,4.838755432952819,6.335936508294357,6.0008675528970175,6.134698121796603,5.340512272808233,4.395986213289395,4.75782234217184,5.8913014317158305,6.313990329074729,5.1542679057754786,4.103505512744761,2.029202786279579,9.04983341941369,9.121184138055417,8.666168336630324
-0.6461670576343749,-0.17082528612770656,0.4551742172446619,1.724849731379598,0.3676215787145367,-0.08714206818986248,-2.103901419338852,-1.7766010278488211,1.050397451770128,0.7881814512069132,2.3237920167934227,-2.902764459193399,1.7431835027842146,5.367034029960551,1.395094490434906,-1.6723901122622296,1.5136121910591263,0.5372574508212916,4.373824209725347,3.839932501452044,3.8994178807001814,1.4122292320269842,7.468846742732977,1.4420997852694881,3.663064551890695,3.302413417231929,2.696437918351185,4.763534582079124,4.812843695482779,3.0526079186197546,7.919501978975354,8.369659250807073,8.561322622429378,8.959552275977906
-3.4122187725671504,-1.4594666927080056,-1.3006789754635137,0.26058108255016926,-0.8296942076870938,-3.2034278033880814,-3.697979084346269,-2.8811506305268977,-0.701427003041385,-0.38952724729758786,-2.3601029369097795,-1.5440733460487635,1.0970910061247905,-0.508864303740376,2.6405000301451778,2.2419581505918034,-0.049396848748952,2.837835150098389,0.9455517706372246,3.830136033413043,4.34239592570424,4.517777138150322,0.9833401435448269,4.7810588374109075,2.2373817187055485,1.6758017808834638,3.2234350086241315,3.959244347985948,5.510794660862253,5.879755327860195,6.742732440989207,8.147790051989231,8.34952628398561,8.091262717855763
-1.8324887470056286,-1.563003016571146,-1.968341485809868,-2.5677031428020354,-1.4991235790284605,-2.508709256086228,2.8306963127740334,-0.2591767130413158,-1.6392130253661275,-2.085843541265589,1.5437436592184146,-1.276021388867618,1.005898166908728,2.8235304678041615,-0.2302474638408647,0.5021516210302326,0.0079469007563677,0.7135204324543027,3.4838351909647756,0.4684521783265983,-0.4283171770075717,2.9889468361733944,4.697771311565702,3.066941576507792,4.032335242444753,2.6366899949670835,1.3407500595385262,4.353895589657003,3.8034859086255928,4.51168368146779,7.98296693489819,8.19905063331244,8.471061959018032,8.439344107960078
-2.0572328986020674,-2.605464532683329,-3.468295894651446,-4.373622796470129,-1.857327190287619,-2.908054895252117,3.1920273311334744,0.5308085257665152,-3.5273512943670817,1.7948315950483307,1.4946166046079945,1.97291896763995,-0.44390252575644396,-0.6051167916007402,2.0263649879753878,0.24497595973945002,-0.9541817747268465,-0.3747578398675403,0.2304303532355164,4.144637682803211,0.7377588335176054,4.051547478209964,4.856231262350474,5.086282689131164,4.0973025170132304,4.37628570214774,5.712654360363577,5.27987621363916,5.4344716105918,5.135735049780461,7.792729912025053,8.152441967288912,8.6577949234537,8.106780390885897
-1.8351588236513843,-2.995233270910676,-2.5335928763182713,-5.010006541599384,-4.6127838152687515,-5.622426035206037,0.8565692900283886,-2.0893043992036877,-1.6719979420891808,-0.826794981554193,-2.64787028950544,0.991943030029689,-0.8942959691648515,-0.5924311401950673,-0.27703433477871714,-0.29352521564065936,0.4058464990231366,0.559442787411396,-0.13627728304424477,-0.5269246231822573,0.10621116438737377,0.21693068954288108,1.5348214011928463,4.097856024079784,3.0327634291833006,3.8388912261624495,2.1947076884766576,3.5485083022722126,4.747220565198387,6.725979757756271,7.615448385598419,8.251344673479155,8.928077846946127,7.922002835496542
-1.6077648755688188,-2.8762303053174714,-2.5342828621689444,-5.076571601880382,-5.030502596219195,-3.8830708929068978,-3.769445408647344,0.6163324931983725,-0.8171995330291865,-0.37031821955730315,-1.6201039018575052,-0.979689511967695,0.7102886391757438,-0.0005406181359575608,0.7319268047510249,-0.376731921902265,-1.0630786696053593,-0.6250578817223259,-0.28943137451816314,-0.18293312346578955,1.5280851455159394,3.1192337808408057,2.0266846696499754,1.9145800962706576,2.0923396807190033,2.795948894411779,5.411409194417096,2.817646478265956,3.758379285211426,5.654730406419128,7.911956292325282,6.968315314444885,7.822417647433804,7.319981789180147
-3.4009346445291793,-3.3318079181428155,-4.593169947520774,-6.007921999442164,-4.962457815664357,-5.505882475081507,-2.720090221613894,-1.5141006772117636,0.6496838434465652,-1.6181984481482046,-2.468876974658454,0.3035533089483454,-0.08227200818636095,1.887082686986678,1.8003662349544174,-0.26740415891596664,-2.4241016375432562,-0.788703479956859,-0.34197704697378634,-0.08621810171503697,0.9118132908408483,4.240331320266597,2.533550339626969,1.1875741431191038,2.696489661083988,2.7494366082022297,4.8402488286058425,4.942060574606648,2.8521208089789347,6.3245766868191895,8.605449912266055,6.880302537825332,6.9140029557507985,6.802246418140547
-4.203960898294551,-3.891929508184446,-4.718580090201295,-5.511379225339732,-3.598321001607995,-1.2595394087338683,-3.13394532481784,-0.46440758360209383,-1.1870361557026494,-0.5469123527957017,0.9415704434098522,-1.7519679384301692,-0.39451443865490377,0.28343260499719797,1.819644251934162,0.4382303250084476,-1.8601669807779684,-2.171100866107531,-0.08575790577413381,0.14901216497958228,0.678027279047851,2.7238603942892747,3.519006348972964,4.205763624291382,0.7940528429145206,2.7956007262676406,3.281638863523068,3.1243734901486024,3.503131132315702,5.456416009212475,7.5879252500159655,5.654737074586633,6.173219294139048,6.837880046838264
-4.5622214547745825,-4.548875899220766,-5.113334053698089,-5.945511077329386,-5.234363810961224,-1.8408118565033376,-1.7745477045460596,-0.5299141636513871,-4.169509399408928,-0.0992281103753241,1.6346067622033524,0.5029181088975915,1.4111291121731047,0.1220208782401425,1.361385073832057,-2.17441797429161,-2.5105469823907915,-0.4911190165840487,0.1902925257532816,-0.30096310891118566,0.7412168382857093,2.5626294857174345,3.2886936459853704,3.5519457854580385,2.704251338863546,2.6163746902125484,3.0481348535099753,3.2888779663340513,2.8045615242512816,3.4572363695622035,3.4839068709963863,5.031726421228438,5.863955534988042,6.237872052946202
-5.505704125700816,-5.6708707560869325,-5.41715019309764,-6.240398505786301,-4.444950775469285,-3.644922318442588,1.2697960319555266,0.07158345248256347,-2.243058341720367,-0.9777851922683816,-1.1942601342952102,-0.050598432165632534,0.9339687647636418,-0.36265465929742974,-0.9366366192820164,-1.3111317605964723,-0.6098088430270587,-0.6115235972073065,-0.44075731853707334,0.30769081083235006,1.3483597975260921,2.1857792829859757,3.722960008902087,2.803575854179238,1.9148041902847217,1.5895519054517104,2.3077974398015333,2.5224765168669796,2.8935874582024748,3.2420653339888164,3.269060523399423,3.2201312178001316,4.719923427753693,4.271343028431789
-7.584754242170856,-6.519987984349815,-5.681252924098356,-5.324195091220086,-4.950895130529233,-4.275948729611545,-0.8133393034147883,-0.05596566345335992,-1.4412764308706196,-0.10126545294364943,-0.3609310884047004,-0.11058839565529961,-1.349046174220324,0.7920323301456819,0.04043241563359483,-2.36907126941462,-0.9117321845575475,-0.6664673538749835,-0.04338218793389978,0.9383587956331074,1.6318174792430635,-0.015855824550561812,2.258931683127784,2.5229105624035997,2.134344967006764,2.1261334815888207,1.8857246974933135,2.3057395952782525,2.930992758275589,3.618761818217318,3.3471440207762004,2.7017625495505064,3.684347828060511,4.7874819341472525
-2.5250711049238674,-6.041320815074842,-7.333396110402665,-6.245592570368659,-4.604742196887003,-2.710367799529287,-5.942583670315562,-4.910609093801103,-4.508468161618051,1.0892860194363898,-0.5072961541778194,-1.1290651473050064,0.3514732143481259,2.9844754426888467,1.8240914637295271,-0.03380532843898925,-2.4557922642559022,-0.15384937127208778,0.8475989796451509,1.0803378753193478,1.6734376111686045,-0.4790406105121373,1.6840365453382906,1.5149485830841367,1.503351187613062,2.040333441737669,1.840708760722414,2.9939319120233483,4.14091523358674,3.4106620042351743,2.5609358455922595,2.464938455481454,2.8939232734127613,5.171872350709411
-3.1501196675942933,-6.420091580347597,-8.073977410701657,-6.636897949546044,-4.707427601104993,-5.989223736259865,-6.042760006860391,-4.143416850649535,-3.9175549816392534,-3.909672983026519,0.1432899193832514,-1.184379556506454,0.20050326190623002,-1.6364465477063845,0.1703515980167271,-3.071899004594217,-0.08576412310426212,1.22660237071494,1.627486130287626,1.7670078202567738,0.3185946653391226,0.7526441847470268,0.7019516248600055,1.260808050093797,1.6474847869855238,1.9331675451089674,3.034492180084213,3.778772125359127,2.5803608111751104,2.4768228053229673,1.903627344279522,2.3715836220998257,3.723996739541442,6.849385188667124
-4.638898238667685,-7.542012618241376,-8.276865628361422,-7.565501915909038,-5.292872353298907,-5.286023690245454,-5.2757185326294795,-8.67619780233884,-2.861418046254118,-0.34816353261474314,0.5653624037808477,0.16596446571701487,0.4544486793237304,-0.7091704273693794,-3.2141825545685565,0.044914202049647724,-0.21572667245323332,0.594120096500941,-0.8898962090555449,-0.3267974236924638,0.8190545290739252,3.1950725860215883,1.3065512267835924,1.3959442998959466,1.9987494872541434,3.023293919841907,2.5353671567494493,1.7510765507422912,1.9832759171785017,2.025201685295216,2.1058805844251394,2.0985634490340375,6.102764293673112,7.947124890712176
