script/wind350m.json
{"header": {"parameterCategory": 2, "parameterNumber": 3, "lo1": 3.000054539987559, "la1": 64.9999836372058, "dx": 0.5, "dy": 0.25, "nx": 34, "ny": 52, "refTime": "2025-12-05T06:00:00.000Z"}, "data":
[rows 0 to 24 of 52, columns 0 to 33 of 34]
7.796893927365861,7.537876846333642,8.79033445361368,6.4136997278619825,4.699301649654493,4.936018818948567,3.5890792823332585,2.5130056229722024,2.060976987565706,2.644925253863291,2.910630375527646,2.2059457036743666,1.8818826969586224,1.407735747225941,1.7263769498841197,2.8277657020599,3.7539978874608337,2.562094476357199,2.5471671235726747,0.5746504953979706,2.461642759137545,1.633149636032686,1.1160247973298583,0.3409949056927322,0.06792849090388044,-0.1551267972739442,0.25633299358711537,-0.08203880800288302,-1.2841820924016145,-3.940655723786968,-4.238515185905475,-1.8753402045277547,-1.008227698319928,-1.7069769422734113
7.422992821439093,6.881533129828741,7.911396428618245,6.104416634076143,4.638435182760384,3.986576378913493,2.8268542672654555,1.7805596631569631,1.936977884151753,2.952096923802767,1.6021388662763094,1.8600304273411619,0.7936246566108072,0.667790698395951,1.9791427660403738,3.095967001702698,4.637983657060764,4.565297667072296,0.6935918477458447,2.2152829349761567,1.3264069019405549,1.441082169020471,0.5251162066479569,-0.10554134673084302,0.29714746047142543,-0.2292069398514943,0.15658420577685023,-0.2099963156138295,0.25986819326248745,-0.6124903797515548,-2.6634873991380172,-2.4124639047175216,-2.119849217804567,-0.9780919318108593
6.871110722201069,6.98632834917121,7.146400135576101,5.215248647566835,4.541878722377947,3.588170324128549,2.5502345563915725,1.8940312604825225,2.2377431901517366,1.5861512571098983,1.92791443198876,1.3536585106269972,0.9725878749181422,-0.3398892711211282,2.3792385446787954,3.8829301157680023,2.21422985184572,4.227184676554285,1.6410242185309296,3.4667152059486064,2.5359868491720197,2.1828138153110714,3.2338746632975828,-0.4904128667725261,-1.2980437987465465,1.331817564669396,0.6997396862918702,-1.3916780270434617,-0.6461186924819567,-0.35887913136487043,0.15285939595736778,-1.482491432683947,-2.251063050961169,-0.2693300921890955
7.852756518336897,6.844379338609694,6.409956720013257,4.3262721786965495,3.323244411226695,3.0074181982078922,2.824791343140988,2.4348290378219715,1.8101677259425217,1.0326504940261807,2.4059961713016302,2.122534574239141,2.944405591127261,0.06657629397023233,2.3874078927376923,2.516726421623532,3.5219622419805896,3.537876984864047,2.581829771313296,1.7780471664899091,1.5405580907621261,3.494152673281168,1.2912465378774807,1.0121818716084194,0.5841813742792936,-0.7164207048441834,-0.16784145112758067,-0.7010276127071139,-0.018033118498675584,0.23872778785141524,0.3342136305380893,1.6562345701088137,0.2941088797261432,0.7473546130992708
7.743789647354014,6.474894463837765,6.473526344518659,3.5641894994712446,2.342590402614253,2.11681139834549,2.5105495268584743,1.7328807471955836,0.9867603334228728,2.323923997552249,1.7426458376879093,1.7153741921143044,3.2306305177650643,5.086837110943925,4.105601151427568,3.6580573719640204,4.111392825548847,4.4576145471435416,2.981801810358311,4.500865020987584,1.2303578939612556,1.8466141577157593,3.6837447068325524,2.9540368076405,2.8101974387376614,0.39141737070773136,0.6121343638175896,0.06179833895743363,0.6213492249376015,1.1350255232967736,1.474903185502496,2.1334432088412196,0.27964067108148655,0.15447675646920667
7.355456665923002,6.110770108003487,4.423932833635736,3.3789326597881186,2.091550991160276,1.7760728562187325,1.389929433418885,1.2766253357773745,0.6721079329266197,1.508937198530234,0.5631504867186737,1.4040450109879379,3.632401851332478,4.242800938606583,5.913781127019151,3.6652026081919633,-1.0829702353690873,2.5020764651277863,5.878637083301198,5.23301451505541,4.1323549002528654,3.080773335727665,1.8918466897355308,1.9651136334310486,1.043880830525374,-0.1971694261451172,0.14234351110525562,0.22343540505649775,0.5218551286053444,1.9474391895232788,2.9420475767455807,1.8207168875654942,1.0275694572088807,0.607493717575295
6.709119575155862,5.253852462897947,4.742681767610465,2.5722072352385688,1.1799339920388454,1.2676301317541965,0.682744842707394,0.7589328631897464,0.5343205141309723,0.30847725573042656,-0.09247355814388536,0.9040869521092638,3.0582620827059297,4.896695955910852,4.088068853146508,1.4873704695693448,6.070025504702866,6.240858287650231,4.815647402565512,4.68828794346679,4.167357298983445,2.2926123582668914,1.3309998458985428,1.4399756987147438,2.360559093982532,1.4548680065595718,2.6013423147536554,0.5793567624743022,1.6622774585674729,2.744537116693768,3.2192799430650365,1.4791378307743024,1.4468471031184784,0.8606629034283797
7.889920607000481,5.152850653749136,3.2124221212358535,1.6093224293087607,1.1903754971521452,0.37855849045714746,0.9704853941220262,0.3499746650815808,0.45116928467446893,2.0086437988531385,1.300588853245239,2.274027704899844,1.8183532955920838,2.7768551389612726,7.959699825703281,4.44896518427219,4.133533485826077,5.5450869827125615,4.984787728637158,1.6554438309968094,3.7082100288323088,4.338870840187345,-0.0425668870051651,0.10911429026868495,0.5621534295223326,1.5124644963514715,1.4127508424885602,1.608131798909859,1.6152975639204799,3.7450222276810536,3.3558232489055078,2.3974391761859715,3.0398843385448875,1.4231718417540355
7.367772328215156,5.714933823518537,3.5566729887891135,0.9617482302364532,1.8494421177206757,0.9999346059405149,1.6431558828048505,1.162169158113824,0.2395398895797873,0.2745427477101251,2.0690699157741608,2.337165736776094,0.9771799407533887,2.2703472395069,2.6648236236172433,6.4331810051647675,8.818293374882616,1.7959497710641767,4.50700788969624,4.4246504383445435,4.384690537132909,5.118135124209576,4.750138703268157,0.7675695364649912,2.3873067456086217,2.3627926134546433,-0.006181240569434775,0.9882370031943212,1.0862990211746684,3.186711408100782,3.2378203248934865,3.1070629058646975,2.0478579099697063,1.2987595996056664
7.27157981713417,6.806701625286086,4.131291813900026,1.4406327673853025,4.317423971654616,0.34926090841086405,1.8239523126036195,2.1306392818555295,1.8156643306395057,2.591000885257525,3.1836364105894512,9.805794922441391,1.7422813997683118,5.226519567018824,6.9400196692517175,8.951283477723054,8.258579978042222,7.140774683100017,3.7123178393978273,2.894155464844805,2.1607803452046923,2.5704982040220368,2.8676498582350427,3.206536894992495,1.5483058915073882,2.7862965771967714,2.1162734743027487,2.043559487433907,3.416694616226124,3.9124810905817378,1.6547928194831278,3.564599989314031,2.228187896540051,1.0639445334057025
7.104766937697739,7.246631767913962,5.3290715567310505,3.2207788812137896,2.574352599557815,4.832988742620604,2.0633981021842724,0.9625957282673967,3.4150488257323497,0.389280291665539,4.27895692015313,10.223405302898424,2.0826022866173712,6.600850882931062,8.057002388128657,8.476056994732367,6.919630424468188,4.502567033245315,3.7658671324171036,2.018811037432333,1.905624921748965,2.114344714510923,5.5335037515579195,2.81299865661399,2.5933482747258028,1.7526285178404006,1.0661922720769215,2.988940265908964,2.8783077175795784,2.2742289067486783,3.122586854803159,3.039597669579993,1.9537300496883734,1.2085197596439174
8.048898505759876,7.230133059169629,4.4219934467386794,3.5559283496582554,3.2312139120961905,2.546823513564851,4.6903472073767665,3.03915278920695,2.8141409272711218,3.2352994466687632,1.886480347869805,5.480815921200488,5.979159204162047,6.434401900307887,6.452293090199565,5.899186546511992,6.983146962272608,4.964540745175694,4.672734160574184,1.3289878643712272,0.38498708518890756,2.7358732120836926,0.619883678892313,2.9226389812834914,1.5161702884333659,2.2208644234369004,3.7669706180727136,2.94081294073998,1.1650681655945132,1.2990144745321093,2.742981113828712,2.6582868081466544,2.637839307959458,1.5832942715677494
8.483778131651414,7.2502116801448055,4.124746621064886,5.677258275468829,5.206203612322055,5.917845294545445,4.354565445683404,1.1663659240184931,4.527659728185455,5.437480146288022,2.9833050642655508,7.398315174746959,9.312206281738755,6.983148271748255,6.863059146540893,8.05937761390758,5.897880653553835,4.4574368558959705,2.7591898506757775,1.6333268607793754,1.4329134168753748,-0.007714359756026055,3.907118579273903,1.2618440932471175,0.7811065807352068,1.0672588941267847,1.4208556702332513,2.6959004771258326,1.1436918267497613,2.229736149727961,2.926475497623008,2.245806507216792,2.8316858971089798,2.208109013675482
9.129187565946065,7.81765169726873,5.285862138215537,5.207229419018065,5.156306880430439,7.828054082278765,6.083946113161726,-1.115494635597969,11.322297089592682,6.8525227956853,5.545320533840704,3.4242347610384014,5.643469283799928,2.6910171105496534,5.591101657817503,4.5399587776609085,4.990543434954718,2.84376086455874,3.336891899077255,2.421889192564117,1.1403051693749031,1.3114288660872286,1.0596760342369995,2.4409566463661463,0.6248323958942162,1.392758116057948,0.3073518145572188,0.3538690133351215,0.4521784590437801,0.6736909621835042,2.051279742014097,3.048307758601839,2.8440074462558353,2.77602796875323
9.661822501686697,8.10970053559419,5.025034657786379,6.6234611947625055,4.934604303683069,6.964869347620639,2.386282677917266,9.236074139517157,1.9594696329305417,1.1705566061053623,3.821156544609602,3.9696337749456063,6.44011982554458,4.886261690331248,4.74194359161133,5.360917310510822,4.221515232338621,3.3092268861291507,1.7184650499400043,1.199697409474221,1.6145112101007166,2.0464353589510846,1.732390582051156,0.828861288226502,0.9944806872794617,1.772241440984483,1.6949439380466031,2.1029020590407113,2.68277107564763,3.8837185627554778,3.969669367266461,3.631119860142123,3.9715036525691985,3.1159653740291042
9.37698958431666,7.158845882562195,6.9391002722337,6.941718032041312,6.982955537720013,5.566438382132897,6.131381971487678,0.5612617858266804,0.44819527211822807,2.8563985420495177,7.353644367677853,6.192180116238716,2.9223718701657124,4.833227529446007,2.9029590602171362,3.85701158233309,4.031070917405079,1.8348170320244663,2.3108003362080605,1.3047680343740733,2.322889639714078,1.8378865569769427,1.8092448660402674,1.7632708833777389,2.1258794126816722,2.1056556561775457,2.3175850231125112,2.154922789459224,2.4623006548240753,1.5303187237596396,2.518604997468769,3.5123307715890792,3.6271206027083,2.816398061768087
8.61119025942752,8.983309756387083,8.208709809370504,7.832811106383883,6.67369494844998,7.7462355441592035,9.431888842047476,8.845019468781052,1.456531115708323,9.7861924025153,8.764255698192654,5.649869483574572,3.2237530981842473,2.6915941484976234,2.4511258228979957,2.135185324678094,2.94498068584889,2.761921910198502,2.504136036679396,1.0248659061782595,2.63072890284478,2.1091424288464964,1.3263246222831935,1.4144580357576233,1.6883786339271494,2.4171096406873485,3.752717163341591,3.1756181670342327,3.136372812495064,2.8739329228036627,3.0775697604377887,2.7207932064665714,3.921768399817203,4.3099399397831
9.885430666900948,9.895922744882027,7.694311571202982,10.789342275665907,6.512875115518982,4.602258218869514,8.82124028882714,4.7758740807180216,8.787033467674892,7.71025815730718,4.478991890554767,3.675164072780259,3.5543073148015307,2.8701140734281103,2.9124312634647525,1.5984273218137128,1.5077670331877655,2.517595362665816,2.834776917952109,3.253136521095797,3.4756798082550353,2.406958290186504,1.8859899890762513,2.8203208380080893,3.1795038469733297,3.1183851947946053,2.375596270798568,2.57278379066222,2.788727414396185,3.7640631573943364,5.226567828138531,4.660486740682461,4.820476639306873,3.4620121632430774
9.501929175863072,9.276211802096498,9.468144144511045,11.934469475666468,8.190874835714343,6.276352489023877,6.480157570482238,4.204037897084222,6.9670611880647835,4.875836505807059,3.0538853546948683,4.202953323683252,4.509851904709726,3.1829864062235886,0.7959018919005567,3.5496396249078983,2.809831563739671,3.6339798240106744,2.775054503271705,3.498268022417032,3.0330664528232876,4.119982917963223,2.6038701352631954,2.891796128598803,2.541190568071557,2.694990532216133,2.739821985536756,3.3474537495778884,4.5182166897970895,4.734116955885597,4.110451872927266,3.8029508960481824,5.227472642441257,4.681119509047858
9.345384814876788,9.744268605079519,9.566719022933396,9.313492389844466,8.377854458617943,3.970095800305025,-0.47413292477941044,10.836399014259381,10.163878822116107,6.675026210449178,6.702915382354139,5.504560647085646,2.231454580093351,3.750414336137417,2.291717008595208,4.973053016848315,2.991830388617781,3.5532906476650177,3.5190380047473724,3.2600098496774725,2.9684024943935814,4.219761217514327,3.7478285018710555,3.079394137741042,2.6062857979290524,2.5996803244555213,3.359682634138664,3.287603835207775,2.6794655763788886,3.986047210135833,3.879994440232855,4.90664859636281,4.7140084647224425,5.320979768627555
9.515682978759155,9.32858032863294,9.24555199127467,8.506167519772857,7.995204716408361,7.952279277166399,11.141117888045107,6.001840670428047,7.86180280825558,8.447030800377366,6.5373730436435755,4.005581419558538,2.69490345812236,0.6978643304971001,-0.4451661647575886,2.3598386975436694,2.969496506990417,4.883191860981134,3.6749164754320502,4.249772554475565,3.269759376928515,4.027694899356081,3.2970270802636503,3.078619550369396,1.75566321473257,4.062724044160993,3.18695711142602,2.26877704540842,1.9101893491063504,3.9338096697776725,4.100733045175079,4.499970236878691,3.7428803618396573,8.278052068579457
9.167397419331595,9.66256241495812,9.44766164362975,8.755539872405965,8.492134202773162,6.383847020501472,3.735881101498062,6.805576421893972,8.715350775897651,2.984223181803465,4.09375013946081,4.313163862308693,0.17552658702773788,0.4446281609759729,0.11205822182355045,0.831766936656466,2.6423724637144375,3.8544315704230296,3.9029109972620017,4.57834717592551,3.4673242548416514,3.5783496481276473,3.208642852680099,2.049558908678585,3.1307713040313025,3.0262613802649896,3.4058160557746273,1.444506613023106,3.156596877801771,3.7371888579158856,4.68410772273364,5.88128503124385,7.82605980807554,6.5512140794258364
9.796045644273882,9.387290577157424,8.517875593403504,8.571201058863307,9.150277275528396,7.599606771837335,8.180275259140371,2.366670288210682,8.663260678757498,8.13200794867329,2.353639938803905,4.590881625376961,2.282407766502044,2.7511927849510904,0.36900107272325333,1.6684599405679879,3.551187783527552,3.775347292592439,3.6343474490615435,4.099292800158841,4.135011888725907,2.9074987658063556,3.2399986765393205,1.5817524061671964,1.978431288327469,2.463630597777907,1.4582768022342487,0.5140078658928428,2.9120179081258817,3.8130916492787708,4.615297784691894,6.61058597460277,6.0801434105035,6.08482799480869
10.001961936724184,10.022796323441298,9.982259038377462,8.853317082746017,7.4641443637559295,4.555425042656544,4.941175374648985,12.41270663681604,8.942248979990076,5.59044581602951,1.6383109472240152,1.6842094534708107,0.8033651176398957,1.0964381880301004,0.3269924560348566,4.350440480385687,4.728670173168451,3.4979241035618607,2.975706404986247,3.255059007499828,2.83917034327822,2.6042438320074437,2.3016839635108077,1.842359698920259,2.023805101145549,1.5825888539749149,0.9795158098107974,1.9036124585157161,3.886706976558722,5.028665563576722,6.9390363810583455,6.318381482421336,5.61118155935991,5.45999890845482
10.41200060413298,10.103920112704241,10.57382726464801,10.211860315593574,11.446648488138784,9.273030675291544,4.947972954791012,16.60021268795778,8.30266397139517,2.494987916272899,5.368639496498292,2.8040275370998167,-0.7163403735390856,-0.7957411118205541,5.673447058178551,5.666898844819636,5.980939670496456,3.471928005119342,3.4408126059198167,1.9185641190849492,0.4398091637846817,2.8094089933864987,2.8782483140745847,1.9119662132665343,4.486223706120072,2.8341557623589013,0.3884551939808342,1.700971221809621,3.5762227423072197,5.612314596601637,5.483762135927919,6.8978357768381535,6.181543283964977,6.354626900963201
