script/wind150m.json
{"header": {"parameterCategory": 2, "parameterNumber": 2, "lo1": 6.000198445256149, "la1": 58.999992894266676, "dx": 0.5, "dy": 0.25, "nx": 22, "ny": 24, "refTime": "2024-03-04T00:00:00.000Z"}, "data":
[rows 0 to 23 of 24, columns 0 to 21 of 22]
-6.159871820226186,-12.623603487356942,-7.293824796723373,-8.455834758017701,-9.994856423531072,-8.713062558253794,-9.167082076874806,-11.255012392314,-8.032959464265932,-7.265937983596618,-7.96115750224236,-11.049247943433777,-17.306472413164723,-5.539045073879459,-7.395803481747237,-7.056792583611274,-6.582514715485141,-17.99254057159817,-7.803265271052288,-8.837756741050208,-12.497933684987624,-12.64223591443469
-8.346497396403084,-9.589086305624358,-17.960684384253067,-11.496961675497063,-9.482529376450715,-6.739128468533034,-10.743994079947345,-10.624850352441099,-9.302253515753364,-9.294073760150086,-12.16110252998775,-9.657197984984196,-9.547511688700034,-7.491192681609511,-8.55028549036143,-7.136474295835992,-12.151592374804402,-11.99726889288296,-10.171633562435368,-11.981294480986008,-9.661024352412912,-7.346986594282539
-10.13460882733709,-10.332839718041924,-7.594347381167335,-8.027999121106077,-9.056445135498121,-9.729053665523976,-5.767217348156656,-10.282053251946424,-10.698181183279873,-11.025598990934641,-6.777371376826813,-9.44208675244894,-6.679574454931466,-7.647109515292412,-8.565859881169798,-8.19728075278863,-7.608111825068388,-8.741268408161163,-9.38032812511957,-10.326895555516547,-12.450165982153038,-6.469628885799469
-10.808541121134725,-11.531381592184506,-12.816688709317097,-10.852290216087257,-7.8693999840167,-7.113221004597951,-8.051518958437573,-9.839064212947816,-7.643991431243211,-9.423539784282974,-7.912948450296564,-9.372146242072091,-8.106155925032168,-11.136604357706757,-8.006586857016496,-9.700116670073534,-10.2258181468582,-6.37134346330454,-6.725744288698152,-9.804503522452427,-10.638718944103168,-12.173071458531606
-9.455069739040965,-9.244526439756909,-6.157116784852059,-8.538977153316548,-8.90051578029143,-11.256863179870297,-9.179913308263007,-6.863027830212026,-8.579751957062848,-10.19804190566849,-10.28363790911634,-9.891495327372168,-8.240258637078108,-10.760182294729526,-8.126744517339157,-8.23548461852742,-9.653195014107819,-9.71656283893179,-13.182860513753939,-7.006719686641279,-9.513176719931245,-13.281442341182954
-10.560388017750366,-12.077170092720031,-6.891861835050069,-10.222946904926522,-9.879289988119297,-9.46564698129434,-10.988345437338184,-7.358876930557554,-6.742132986166809,-5.493692759779646,-6.71935809784743,-8.765375768199304,-6.504258755264244,-8.686026809297635,-9.473391438135288,-7.033726969864813,-7.557733151631125,-16.131279683065863,-8.615902167490704,-10.790515104909982,-10.193460624218242,-6.979946770775307
-10.638281164620293,-9.374000245656969,-5.825210514019509,-8.61449857829881,-5.931626652111171,-10.272183892109753,-9.677785515575154,-9.12202536727447,-9.808712267156638,-7.47957700664896,-9.261695290446573,-10.461991599316606,-11.98969910336816,-10.787901896703534,-6.301852372456304,-10.865631867370459,-7.836094583251547,-10.040145460586794,-9.821365858175692,-11.931069259020727,-9.564723511614025,-9.0155975267717
-7.910152057690643,-11.702054315156706,-12.78488885024199,-8.597391415097777,-9.003544364955125,-10.686488662310891,-8.860861861030049,-9.819785646518165,-9.212166378073542,-6.838760101485139,-7.386300239940697,-8.78940512413585,-8.900734090893373,-9.106041101639349,-10.67138902077449,-6.240814734687235,-11.689157709724405,-7.059093283390899,-7.089517984631654,-7.507543202470005,-9.281547850533213,-8.653099692164034
-8.492232400848147,-8.88555538992483,-10.145610146830704,-9.208705735636006,-10.445944804823894,-7.049710861515128,-19.205285661595887,-10.163113011715994,-8.999752338024528,-9.246912579108143,-10.297838766599094,-11.827594622104547,-9.556808118581726,-5.217077559823117,-7.360173397244224,-13.020331268009539,-10.111399796853478,-10.327657334260378,-13.76487940843818,-9.871717978012502,-7.3739508925662625,-14.01536305652893
-6.003254311597793,-9.299345867385984,-9.309429261694964,-7.592819902708087,-6.222692808475069,-8.318189185406847,-9.653958857206081,-12.292748476779865,-7.971789122852823,-8.126124930432052,-13.743606822274998,-8.98825540850231,-7.45730619185789,-6.727995349131429,-9.087278611139554,-7.133347991773172,-10.197269589085543,-11.991042878944887,-9.644265446990929,-9.196252914798011,-9.640489957659835,-9.309853723282894
-8.59758462321266,-11.889627658813056,-8.347254095756627,-18.546834099884993,-6.747914413726727,-13.68157775269885,-10.965844354100687,-11.863773553998195,-8.10454793668232,-7.68854831014127,-11.707372336157206,-14.111255129518758,-10.738180433734904,-6.3692509355679015,-18.992002044757182,-12.378293207707657,-8.225227339989436,-7.759710975557469,-7.337099736114222,-7.710631331418116,-10.748860180276598,-13.140074598879036
-7.991379483896564,-9.952161030710393,-10.569445236720636,-7.641976669079293,-10.060245018195928,-7.725466701488283,-6.7041195032922785,-10.314311757378563,-8.313455764140476,-10.613824958558816,-3.8247714939372184,-5.4311330864276135,-7.669793483316591,-7.634042384341794,-9.515751496337254,-7.3812026897514755,-7.351575913411499,-12.499059429124474,-8.901931833983243,-7.69607104908158,-8.52893476341414,-8.80265513325984
-7.98896806925876,-9.240706767884136,-4.854176771938398,-7.498098359623397,-9.097842581548761,-8.013954439167277,-10.896566755246498,-8.963612513177564,-10.484735222102877,-13.076247222441223,-13.31440920074538,-10.037107308127482,-9.594130823997359,-7.251815866261967,-6.391553252243979,-9.13752106744586,-10.487213000842347,-18.00916731298507,-9.260064423164618,-5.0773305664258315,-10.708657155789222,-8.120990209033883
-7.9352004354176175,-6.347395661819194,-16.908271695779767,-10.965247199130026,-6.304211608991633,-6.223322003835428,-8.523589089512438,-6.634707054901677,-11.349716569817598,-15.572295095223085,-6.838766322403024,-8.446768594354905,-7.479014490856016,-7.287063135929526,-10.494128231653038,-8.962517935058893,-10.752756628268092,-8.332943205145257,-9.81050980902669,-9.290659938759479,-9.517362227218147,-7.654823071755593
-10.295297618401545,-5.26568193076101,-9.844166344186831,-12.145893025031112,-8.16371866357315,-6.27699867955306,-10.038462029130509,-7.439723930463836,-9.296495816360542,-12.163823137562416,-7.455737527145118,-17.30827259852043,-9.469593504176416,-9.183784463839576,-6.64948124382243,-12.93811107446253,-7.069772697135329,-8.653073474735885,-6.174167654795603,-11.526656516661618,-12.23056268031922,-7.702291671906209
-9.240699915474229,-9.340173474658016,-7.40606164086906,-9.016859788608082,-11.678398027328996,-9.447921232048996,-6.846198403040984,-12.43092700273974,-7.399463812168564,-7.821460862725653,-8.84616642542275,-12.158221850011838,-10.479228564696644,-5.949329909237371,-7.270478760791351,-6.459133792667555,-9.499651749705496,-6.63722511532201,-10.115754794825445,-6.6098602882898225,-10.13016213585915,-8.876846401769507
-9.64718401748949,-9.905305856929496,-8.363400046950362,-9.725842915489293,-9.125840227103874,-6.780310628136949,-8.128687094029207,-10.495258085093704,-9.227572764334319,-9.40861611149401,-6.410806657222673,-9.80117190253239,-9.075811510772663,-8.856295676302587,-9.082505745103976,-4.786663813186113,-9.712725764410383,-12.942434608622976,-6.940788123172652,-14.14740772185535,-6.848283783334868,-6.783073932196712
-8.529201330855857,-6.8063584906572405,-10.027075222291685,-7.730943524279154,-11.467235452879859,-7.234529760754916,-9.835972556611676,-9.161082561832945,-10.841589397209217,-9.15324699620858,-10.350304204741205,-9.887574073943325,-6.47178731479501,-9.38177267581528,-8.233341930230933,-6.546469005145472,-11.92112109588596,-10.682026735666277,-13.082176053855036,-7.283433530900128,-7.753536575898132,-13.044186032760555
-8.93796659061248,-7.023358379726349,-6.5612392481353865,-13.287229675004529,-9.251680181016951,-9.571343315623242,-10.362035521023934,-10.874610066752508,-7.363394984553279,-14.06327341840978,-5.870034300626465,-8.323729672161804,-6.807884584488937,-12.289903329958156,-8.963016337508018,-8.154469015258227,-10.427946682271031,-6.449196709167902,-12.153069276377476,-7.292468854366507,-5.846382576867346,-9.133607842214515
-9.037928728127168,-9.926914627882281,-11.62443087245506,-7.759568338788909,-9.740555997295829,-9.180752763009474,-7.783878436901709,-7.856055707339678,-7.122382008438619,-9.705233936786875,-9.185562930432514,-9.437978411340701,-8.287888453793828,-13.38747647259748,-6.477741126515647,-7.05603932583291,-11.636395048772682,-11.919498175086364,-8.533881867483261,-8.459848019603296,-9.052360805488362,-8.692032532313068
-9.401037353752246,-9.002870657759535,-7.2974530631259755,-8.694728786125967,-7.255463433430825,-10.681267122950477,-9.82501577959428,-7.815019159506418,-9.800661611372218,-12.808869659748812,-6.748938225053732,-7.365951081876845,-7.839122844345536,-12.301517999183798,-9.633822492144274,-19.34362213324709,-10.430532812253592,-11.701247665325667,-8.967910351756677,-7.503565253824857,-7.6128115334937165,-8.777402112288764
-9.89455105967959,-9.988230167035825,-9.837176107654047,-4.500712679670076,-8.646692308734318,-8.908513859262726,-6.766221892784001,-9.9815405563735,-14.130833655592458,-17.180710396347397,-10.581748306223865,-9.415511216419013,-7.75914737390559,-9.002796704093909,-9.769387779822173,-9.258602025957929,-10.625013928085226,-13.13590751497901,-8.911561717682565,-9.44531369908203,-9.894482088060181,-9.586971017506734
-14.046659399915102,-6.61847835130832,-9.224735152904818,-9.488590334484595,-10.704552596282614,-9.951955594675532,-7.948897590668956,-8.335100966065044,-10.318843326303126,-10.50176323479011,-8.369586698437782,-9.000962167750513,-12.956319509014417,-8.235764728585739,-5.808729438393241,-7.64930516077146,-9.273899320486079,-12.892013040587985,-13.1726207158443,-5.86750238643999,-12.55977032064054,-12.218204495842224
-8.122169177426038,-9.66436679695789,-9.770599078107006,-10.017681227697173,-9.979419668449921,-10.431040753226156,-11.996872357784317,-12.488669124223424,-7.365041224828544,-7.777973284098687,-9.045663152176102,-6.968410960803095,-12.241475754536031,-9.059839268771983,-8.332888040545356,-9.51776982586408,-9.506345005363832,-10.33098205670942,-9.091208263182653,-10.49033947033675,-8.898744079228614,-10.07792897711674
