script/wind150m.json
{"header": {"parameterCategory": 2, "parameterNumber": 2, "lo1": 3.000054539987559, "la1": 64.9999836372058, "dx": 0.5, "dy": 0.25, "nx": 34, "ny": 52, "refTime": "2026-01-16T22:00:00.000Z"}, "data":
[rows 0 to 23 of 52, columns 0 to 33 of 34]
5.210562868018207,4.77663044741414,4.873153731106404,4.835203271753942,5.003744856417601,4.764676574754226,4.831710523855983,4.536536609069608,4.3005408192878525,2.9506785269443596,1.9697391632967776,1.3690957140762063,1.1738965464388211,1.303546947588154,0.7429747221104036,-1.897854996638065,-2.271025994234106,-4.55079786570412,-5.356175333590716,-0.22031438584562593,-3.928653301760542,-0.47669328682579293,-7.23068478017962,-4.541416076407768,-3.600204480114936,-3.1032845541197362,-2.9868739460421376,-1.3951082236164323,-1.1413454294226795,-1.7927655104319318,-3.2339699044672345,-3.0193342199275186,-1.593133792508383,-0.22461404583745656
4.417178239292857,4.13050316514884,4.300733035086657,4.472970933312716,4.476072815954304,5.07837745954962,4.951309308721896,5.326871662338124,4.101671151805637,3.7263441820303522,2.1320255804484636,1.6466412323386028,1.3252330774848304,1.4304374886276452,2.3011053310745906,-1.1548875346419858,-2.474708699491483,-4.176744948203131,-7.047838275506853,-2.1956307211131243,-7.090690768870296,-5.996177255448223,-2.6387528890750085,-5.274416071867267,-3.62740806718397,-3.3694040013379736,-3.519066161676101,-3.4058894320085735,-1.7632435558566395,-0.18175607784013942,-1.6900845620175258,-2.841527000414145,-1.84147808331155,-0.3600010408948584
2.0840350461769437,2.1628683747512407,4.013750483508969,3.998304241584235,4.6014244707762035,6.076021673454946,5.114331613086883,5.280351380520947,4.507432829233172,4.336842332958407,2.097579950647111,1.5969030615222246,0.9744368558802557,1.9926277097455496,1.9271031250087491,1.0872471746145826,-1.8466049316748172,-7.460253569848467,-6.322667628470569,-3.865412130798785,-3.780900937294686,-2.470084851100983,-8.261744909252508,-3.189236040529748,-3.3586671256324223,-2.892013829257967,-3.126266511534774,-1.3453313613543814,-2.603059781283711,-2.020161784498923,-1.0381185632326748,-2.242735350305692,-1.6065863249315617,-1.0085269957968306
3.853483881699634,4.217563373594341,5.1266223936907425,5.0028041105462435,5.4995231278396925,5.770852311273417,5.718869746580422,5.5370575294799975,5.089866998572555,4.366401672367144,1.7909163491264921,2.17644508214854,1.8973705700183658,1.7034676870413703,2.192948918218058,4.022864552692434,-1.5110028097796593,-3.722404591177973,-2.6597616382067817,-2.3426767449060786,-0.3352494112816728,-5.04311466430607,-3.272173028791405,0.4719521381403335,-2.9228048024496505,-3.725002243299045,-1.4887463406343484,-1.7770043858114415,-2.7717123459202737,-1.2398461902458362,-2.1832006361619722,-0.20211123142378004,-0.4345305358217558,-1.2586313325962484
5.569888623766436,6.350599075023307,6.112858467820596,6.029870817262674,6.047563372973811,6.54985599918844,5.6853712676967,5.635468522475,5.596224865880024,4.7322486681476,1.3385957082831728,2.907618037975303,3.815376238439077,5.655263098875555,2.4494191281574085,3.997232938423863,3.1332549036728516,-0.7188017532400158,-2.531183845561221,-0.14683403568450668,-1.2387868660663872,0.8903378017568933,-3.8422851010427563,-1.1467530725990187,-0.7953558003249904,-1.8117051886055298,-2.7296428390421497,-2.593169825536033,-1.1882632514978666,-2.2250934750019247,-2.41884144942694,-1.3146992974728748,0.23474696116250016,-0.1305098402067783
7.510010467867265,8.347522844615584,7.23378987510757,7.078910643607972,7.280153577307821,6.482125499676833,5.751088821227398,6.266179125641915,6.323721083517313,4.8211940233007,3.639618471513794,7.108230920502114,10.125519644868353,7.408047231951426,4.169702189969474,2.253550549150248,3.1974997839700414,1.7798127402268336,1.22784338573851,-4.809464336518323,-6.690238457451776,-4.282230900769283,0.24585397663481748,-0.5889687423641228,-0.5858811757840844,-0.8577936595916794,-3.09685307527502,-2.806310959616738,-2.2254875550896926,-2.2559898638610476,-1.641005748126133,-1.2211385209986916,-0.02923150558335068,-0.04911487558187385
7.405089231363316,7.731730570059192,6.93342714022253,7.4277929494615,6.980228415320276,6.005529701050086,6.058145875559105,6.2545212543085915,6.626135483344605,7.039580627100132,6.319855068013704,9.611492433122523,9.5405349470276,8.942661157070479,2.5633817595536,5.999975654064106,3.063207255734789,3.8241339829769943,2.938621203764861,0.026446256281479397,-1.4553763196046174,-2.1899861406823624,-3.4044894906925163,-1.319290542457087,0.4872601956341541,-0.6253306712695157,0.313269150397284,-2.8554806765753593,-2.405909864220278,-1.4697305993614316,-2.237412599733407,-0.19831633109999494,1.1706093179419648,2.090425251903784
7.219382520148772,7.2980924126697735,6.916163957829247,7.15575972135509,6.8174691210899505,5.879148336349315,6.319387798700439,6.353527756621164,4.910390429618359,6.352399849682532,9.19637446803082,2.6498030589447015,5.668499651884801,11.197135150422259,6.549607461110091,6.2420836977946905,1.0112990550650165,3.867325260938548,4.641684334309181,3.914740652925436,0.7628594532238625,1.9867928928512537,-1.0207684622761068,-0.5279062639756776,-0.5029067562183419,-0.9509807335388567,-1.777720268112488,0.010369287432347257,-2.220543028602199,-2.205160534503023,-0.45593083632168924,0.19743033245977,1.957462718961712,1.655711706350336
7.281644089726514,7.301176781362515,6.529299580006739,6.525606214555697,6.1019037463015104,6.053839082178059,6.93712104775647,5.069469295856629,7.039248519224953,7.493792744737781,4.436367069475099,3.789893327929394,8.526059487657575,7.938565928807638,6.3000861004825515,2.2544697597793246,2.2841573943967655,5.68095689471854,1.8046808220039516,-1.7072286346568541,5.162419981815623,2.8759940200675964,1.4085315983763305,-2.5276719385134028,-0.7920533435695072,-0.3530016716427332,-0.6418719245764966,-1.3149325008545394,-1.1549178368784716,-1.1660924667203483,-0.5513411967236502,2.202609275805361,0.9240794026216588,1.1327439225767744
6.1250560961269835,6.121618871640724,6.301149568248491,6.088589496692912,6.504517791051867,7.08805853300236,6.122450539152672,6.1665942686985415,3.8104832850183343,4.1987745455440155,3.534033454269773,2.6902269627265283,7.231726267829649,5.012437342376275,0.8897638892220455,6.464121596127347,4.941471478787977,1.6571137332368608,2.3119334062366326,2.177776488317726,3.2960430500759643,1.108380143150478,1.4451819617186776,0.14872909054005717,-0.5380194474668065,0.39076915760988673,0.6922864544231023,-0.24056673190662978,-2.598713877297201,-1.7163975757209218,1.6465160193654513,1.357543125971108,0.9700873516870324,1.4758413455217487
5.977422310909438,5.605001909427249,5.345854289916168,5.853963011144731,6.2393080497405515,7.389900778725799,4.56856538515025,4.208190982673465,5.8555289548647105,0.6782408199272746,6.368555134929861,-2.592763296320483,6.562420646590899,10.00156075021453,10.169341213277976,0.6142755494658965,3.226141659469587,3.763831210844313,2.4695578185556792,1.6416229355889966,2.0747867197884813,-1.6657374684805586,5.558160177462971,-2.669826939043009,-1.3272193638082501,0.06134002778721299,0.16403490413160102,-0.04319302049517907,-1.5254820840102161,-1.60129017826271,0.803568985331265,0.22089576963075727,1.1532877039745901,2.063095422693065
5.073415980299858,4.805213985050469,4.890050420476342,5.079069099954446,4.103364052401297,0.7628413562809516,2.992386768188521,-0.43002534692931016,-1.4169390444269567,4.271663853083307,3.240679046877086,4.914976106070043,1.7911453978913874,6.668277511666556,5.044373487489736,1.4383263262581478,1.7021755079607983,4.362229839845088,3.945817340173637,2.5185216014231613,3.900780516029269,2.4494127968556567,-2.0537902928617586,1.3780681139676816,-1.1112922761453627,-1.6917825670308442,0.08083272038237913,1.1426380370677789,0.8487268753020982,0.06810200723485543,1.176560908477384,0.0055489704745034195,0.7156877860240415,1.904736790833225
4.644722547927621,3.792603758484203,3.393704915249985,2.1020860682526794,3.6115314380183423,3.8407283811650514,1.3400301002099584,2.426886400381694,4.6190702095805385,6.23908590156663,4.915049016052163,6.045158657310996,4.012797448909958,6.232914048898922,-0.009393569655920838,8.270525892617275,0.9407819903306436,3.7552655963366988,2.0138867428223257,-0.24539589859388758,0.25062319156461443,2.697835821570644,2.511384136024403,-0.8921680282484385,0.00023348048610448264,-1.950649342725553,-0.3460206572680989,0.985122312087752,0.07884794243349241,1.2415090694613187,1.3464328343542453,-0.07559651686956861,0.5355911344414432,1.8205170902303156
3.5044851167585924,2.7393399415630175,1.3140557386108236,0.548083785902528,1.8473882586508519,4.178235406626631,7.315162047938657,-0.13028845976463485,0.6185512635959883,6.479847670443611,7.434594587369662,8.763640324865257,2.1659647217538587,-2.7355281574766748,2.6197168562178654,0.5345622770885923,1.9700670452056241,1.4831558976677437,1.1764087523759321,2.390259987607385,-2.7886272457880343,2.2243337810513735,2.4515697299235186,2.2097860187818275,-1.2665386670641818,0.8517363934898275,-0.6394619500632183,2.6320268446555484,1.9345280591811593,1.3667940019073306,2.284010167530932,0.4312066474629247,0.6069319973494172,1.7310026023983327
2.756758935567367,3.8670147798041565,1.019343837861309,0.4984179994403466,0.9504578017793622,4.6207932570834105,3.334784688152322,6.285531084126491,2.8877896964930683,5.661454310336166,1.2117562191671174,7.439250736531082,7.748988510276731,5.2553057584068945,0.8570624643120516,4.844939184301893,0.2526212683034897,0.32003303942612615,1.1994903394269674,-0.31903252192998843,-0.1589607795900304,-1.9507049936128598,0.733460149680347,2.2730999621115267,0.7227717740736153,-0.3009710531236956,-0.9180226928302941,0.6311481407645713,2.533110199601627,3.289236325310451,2.2204053633628877,0.7512170567725556,0.7233154990508441,1.5537045152694118
3.0221937043112725,3.3545785935332972,1.3798551889690813,-1.4258219062463668,-0.9998212986280608,0.9486972838919302,4.764767962683259,-0.8569567848337126,5.72235522344247,5.115033637691388,6.095915591775874,11.217427172274386,0.22001572141635628,4.282713505724918,-1.7873799295226678,1.5921576303776004,4.218128579511144,-0.7999932838154042,0.41381111003872806,0.4719548518576485,5.426028907403294,-1.302340378305827,-1.9208576364644558,0.4319405688867186,1.325832302411456,0.021050066204545175,1.7706020501491477,0.8604859821436505,2.756723351671881,4.19293563099245,2.8280146306740703,1.0593343790804453,0.7023854107111029,1.3570783069946608
2.4298168240123066,3.6888139452446373,3.362269136384538,-3.3012299784284815,-4.232805364604363,3.3298884093015673,7.727432273734175,6.0142890803450655,2.350858966928145,9.24632214158364,10.888111552886391,12.928181805561438,6.470613040932301,-3.1615632817188617,-0.06044248775108296,-3.0486151624625406,-0.744442776453001,-0.9431925738356479,1.013439374758228,1.4056852974996137,2.6710824042702344,2.083888863304447,-0.26355549545101414,-2.4231219391127627,-0.06860664794098897,-0.17196558935773223,1.4630662079366983,1.1707978261945042,1.7525911413465143,3.1779237997432492,3.061194943617297,1.4804843754973114,0.7534888650278359,1.2781208087982094
3.1892306337609635,2.2552612723797885,1.2847920485397737,-3.0600587168235407,-2.0135543047362106,3.2950657437212274,6.06523653188787,4.170181125239581,9.679253411656903,15.10861559982241,6.704354613950826,9.506324844725448,1.2793106550233944,3.536284741940475,3.4658218316721334,2.8073413480858433,-2.0964238818960252,0.9939162936836922,0.3968325068155155,1.2332776820321563,0.8730396913417052,0.6294409320223768,1.3162793600314082,2.5475085923612824,-1.7558384067295387,0.008978970530935703,-0.14392937880105489,1.2166910407313112,1.4008701619433472,2.0160010807429685,3.003705837959752,2.1859891806813803,0.4676086087986874,1.3214640188396969
3.3485782234158266,2.565085414789371,3.2723873260444614,3.1022502571880874,-3.284726718767657,0.5803308049858266,6.68208342429806,7.270053658856133,7.921832119696197,17.732174173768083,11.149484671406382,8.290237167501447,11.128749553814234,3.4228986669113226,-0.561515468147619,1.4916587514120452,-0.08467701420159786,-0.30169349299163856,-1.135016605805261,0.6353839653459477,0.07781975779936635,2.5029348914618246,2.5328544873727057,1.5028733146822046,0.8809100077729158,0.15213134082454322,-0.07143352936563746,0.9674423341898496,0.9181408576472309,0.7737262238185075,1.6781295969511165,2.5671891002947214,1.7556334745527356,0.7750008062683965
2.2256535629069902,3.23909849827004,1.6062397128695456,2.1644415282320977,-1.587631806162934,-2.1302879245197883,-0.043260856081810205,13.73035860738531,11.612781257782341,8.918213191103717,11.702136362401493,16.066830894410792,0.41422397368222297,15.551077825485342,2.4558381177377293,2.4372404249249424,-0.5846959906947236,0.10041256355089265,-0.23522853209704547,0.4896889699473694,-0.6553668781417488,0.408330065791847,3.681792194301217,3.514651358131716,0.16282505723840546,0.2644838286460294,-0.6248792113615624,0.13391843224007857,0.36242173212063594,0.49889479916522966,1.0608148710915037,1.9257716563740883,1.7420869942549049,1.3793872760024595
2.94350896854566,3.003247029322635,0.6286267930104075,-0.21845042824342367,-1.0052430859358394,-2.661140944595309,-1.7781909172411734,4.4093157332726545,7.436995348400008,15.18789893633925,9.217191482656334,13.136294551453432,11.470570036359012,1.0881929181832406,2.5528865586796283,1.8293572217659897,-0.2622566413398929,-0.27143981333169476,1.0897479773040157,0.005323469144599337,0.11328869991236842,0.19294400188647345,3.0346112680756545,3.95594793567319,2.3718553801169775,1.4347656053258664,0.5945498513246299,-0.126220803701175,-0.04650082969554474,0.5387084660202807,0.9190476963000732,1.2341114447078114,1.8627880157723509,3.0941844941434953
1.651044407705771,1.6184151430217182,-0.23110353113217022,-1.9292213772789764,-2.322516146178079,-0.903752457274688,-0.34906018926661714,1.6609734991898208,9.32126994473886,8.04565215025919,19.95227218258093,17.832449179552075,-2.5898660376305216,3.3321210952296285,1.1152694256047828,0.6461854592772449,1.4701567950121799,1.6230987243653503,2.8373870342997574,-0.22260294577928694,1.7655399610340037,-0.7785484382616618,3.620639454139617,3.575417714836301,0.8558481540742773,0.9563811936580952,0.2084889903431842,-0.1718560310458433,-0.5584044901446709,0.5035223209515175,0.5893411345737797,2.0368061025269317,1.8858769100251151,3.164980095320158
1.1068755827704833,0.47125767018614184,-0.031949109616944894,-1.9385494142500168,-1.4659584727368382,-1.7212172062003173,0.03476920839440358,3.718433765518753,11.620602801554261,9.739493273914288,1.0162602257270996,7.098054784430901,5.989777071869688,8.152332385965309,9.09177938270819,3.2850862301609363,4.345934783042817,5.235804165163096,4.012828000709751,3.6840264414708224,0.9555810577086368,0.9186985818883507,3.0980671451700523,3.2584972292077174,1.704439434655558,-0.48180196314405643,1.0957725713330861,0.26622760299272286,0.005850443433893561,0.4682205605673072,1.0726178689446928,2.6012092346479396,2.936214622171129,3.555364890863438
0.8404394775786064,2.061933179513841,0.14113676755862248,-1.6019025010968362,-2.058677679399435,-2.8607020325477652,0.38735479822642305,3.6741463832556853,7.950033639011191,3.750427961270491,3.1480493750252894,2.5396182908304503,7.977793021103189,5.611977550077826,6.966484042000126,6.052695284713207,4.580224054922129,5.151888191284129,2.9700863662258294,3.657336707401128,3.00533384405257,3.095795574831155,2.1370733107084376,3.4723734779805997,2.016432090297611,0.42299887861082475,0.5397581500501665,-0.2776363929245129,-0.0028285463469428867,0.9680984018232316,2.379849496584116,2.8435048215302685,3.281424379628658,3.135664592176515
