script/wind10m.json
{"header": {"parameterCategory": 2, "parameterNumber": 2, "lo1": 6.000027932988019, "la1": 58.9999434238085, "dx": 0.5, "dy": 0.25, "nx": 22, "ny": 24, "refTime": "2024-07-11T10:00:00.000Z"}, "data":
[rows 0 to 23 of 24, columns 0 to 21 of 22]
-0.7133205113448166,-3.0407618241961303,-2.9167009511521718,0.7032510421881195,-0.36311089725348905,-0.47759988145163496,-0.3112932681468415,-0.6752246625430145,-0.35690630068786117,-0.8182534288218639,1.2838827765711174,-0.5095997675084573,-0.6219670021804174,0.5627055237464916,1.3132709853967346,2.2766136774897814,2.2247780507592316,2.2711670365928094,2.0748047366163336,1.7925395836067117,2.020023829465762,1.6537292002791715
-2.332904181715858,-1.893481290947418,-0.528170632011872,0.49532895714352615,0.1358897008344475,-0.6588363256668176,-0.8813993853901502,-0.5976378658024627,-2.251246577585415,-2.0193532459659465,-0.8358535435021545,-0.9941006145275063,-0.5101577165885188,-0.08979221007057894,2.0016629534100563,2.115024119476877,1.7974006205143507,1.9253262327275125,1.3851651599891956,1.7395653808903089,1.5339045821671369,1.4078481247748131
-0.7696473543686136,-0.3389272668028565,-1.2777281845709554,-0.6804510120656698,0.1776097542036692,0.167578002374971,0.2742756638705729,2.7489968021115465,-1.325327295847637,-2.009609645813006,-3.00241208901973,-1.228418527481985,-0.5409044779514013,-1.48533559321923,-0.07927124725823412,1.0516899536169741,0.9994731242890291,0.3828898534890628,2.3013614220273473,2.313754184958965,2.2661934585491075,1.982472308345998
-0.4185467447882967,-0.551601333071541,-0.7611138325776394,0.16970382502238668,-0.670733130915249,1.2441812977613769,1.6949379754998977,3.658341091029101,3.5310217543320737,2.6621945097354733,2.9765577103496637,-0.817261779378334,0.9855273675052812,0.5053296018351078,-0.9201142522879997,0.5852310412817375,0.7767314166363888,-0.1541691080429674,1.4093641852034744,1.652154483328299,1.7733039175758363,1.9449473643184465
-0.35430803781508086,-0.007419256417581873,-0.20915358604152318,0.5781854643975695,1.8477988669633199,1.774525938931491,-0.49680547620752497,0.9993981221389177,2.128548658023658,2.9247537856924586,3.4212911130556423,1.5748424091020572,0.5127555195185218,0.31316913187450013,0.09963902390437028,0.9137255899496591,-1.024117451405547,1.196208602056082,1.0197675196433176,1.1712575830816778,1.52505348673712,1.5419333995489033
0.06621829981392062,0.9957624385068228,1.588414498718864,2.3290445274259217,1.1971326549212136,0.584616595488121,1.4211902746424319,1.038997235896645,3.5933136610323624,3.91405652347797,0.6479184325800517,3.202482452530951,0.41517296866933984,0.12949674291631902,0.6366535833182196,0.72436183018849,0.48710277886521364,0.644067080498996,0.7639653325103541,0.3580123107672537,0.8488056701927789,1.0849306887966161
0.21249369176794833,0.9206990702331931,1.1809074259437122,2.5239153479509415,0.282844034940218,-0.5251797805403058,-0.8030269829254189,0.8054542283736339,1.7672439749034843,-1.422258843918031,1.638339806890894,1.75032757786282,0.2888960132558762,0.024619051635662945,0.8753801221649452,0.5524879955773253,0.2943024498930082,0.7923602897533284,0.45035082133522897,0.289772254640183,0.15788156186942745,0.19926716476806655
1.8720969408507933,2.0870207954222066,1.8716444772803746,2.306088858028764,1.202702492100923,2.6357172571081935,-0.03792651620337072,1.0577948701642015,2.02631647138575,-0.1936617815552069,1.6703713799474063,4.414017530390832,2.1797851741096967,0.014353201791838131,0.7398154986222814,0.3041080981184491,0.023941129962434412,0.32587772482854155,0.9441323307954327,0.09612246893822915,-0.009128908015453824,-2.3383654252780044
4.623469630403467,2.152895553809012,2.3123427766583426,1.9082384964771317,2.8705206997978654,0.1411047354560964,-0.42425237122620785,1.576147709436283,1.225525104475014,-0.826072421719694,0.3845534632910468,4.468876072950924,4.066662405129079,0.19457940283746433,0.4037907026660536,0.6359832048792323,0.4193582787341416,0.2456458707903433,0.9887591341258556,-0.4037644801735677,-0.7582995405716259,-2.4759246684366567
5.538903434848165,2.6411784715690243,3.243378890191826,2.964565542202578,2.5885888538658923,1.9640232086871539,1.1200836061191415,0.39114313230178005,1.388416762612472,-1.6985274479417845,-0.6776497963675379,1.9461356230433076,2.6551953626844846,1.4206442542522384,0.7615387030987336,0.47101744686747804,0.13455840361165222,-0.03646681074113566,0.6087681139421567,-0.31553033761904525,-0.8785515198277464,-1.5185745407322042
4.59650440347634,3.228137519064022,4.387897917982772,4.248593867040575,3.0187982814376753,2.230441394119774,0.17666647491317242,1.2863150958150649,1.666943842627061,0.9653228382128559,0.11365321548347745,1.911487559001163,2.580578521165421,1.2902185158664277,2.00209802008427,0.4767037962128038,0.3973689932494391,0.28172287436497484,-0.14469579809470362,-0.4491947308741785,-1.655952680094828,-2.849359508294029
5.114496704084242,3.439915664522946,5.119196370664546,4.707628389484927,3.5016499297545285,1.4235683882899006,1.6540887599438623,1.4718500638286138,0.8433239731780182,0.6990711439901007,1.56397295722008,2.4160369840626945,2.806192115769996,1.1607598862125368,1.6783780353535829,0.029837184477038748,0.05612864909361262,-0.42325484267524033,-0.3086350340010422,-0.5191029111107633,-1.3813851730525943,-2.7591057419883325
6.029114505782687,3.490020284475778,5.456186546902647,4.510412706664215,2.8011509525059775,2.5316957448819104,1.0266522721890305,1.189418019791666,0.41184915888472756,0.5380284918318033,0.6428185260809832,1.1015988440917723,1.2558331514166166,0.6051187670754434,2.129288351506165,0.38164216206665463,-0.026169352388264636,0.43534932601215065,0.49988461861110195,0.8606443080961045,1.044804498461737,1.142575692368841
5.314698059622225,3.9443791124337415,5.8828459189159945,3.141910017114933,3.0270123098372137,1.8187498783093092,2.2091715682990403,-0.4699625757227586,0.06058010822167862,-2.2670896847635578,0.012931460703620463,2.1771511683938436,0.7474926133548659,0.29921450468729044,0.8115535609841933,3.182919201182896,-0.8693379308353345,0.3591574941521421,0.3800312937287837,-0.3322542659436357,1.6901680625301418,1.6104810405827403
5.062158590988464,5.424319890493734,5.5237103752220005,3.3366618390295018,3.015116721326582,2.043192808181058,2.5164058496540975,2.4220044449324374,1.2265477468711474,-4.769052235492765,-1.0283242593039397,1.8833906051155567,0.5878718258062804,3.4496272664209027,1.8951324072719715,1.943287876842919,0.564313281752214,1.2209502625093966,0.6760189539777536,-0.6949162881213258,2.0387183853592137,1.992249869940154
4.568476775531525,5.822902619082822,5.554871076797294,3.829788766757414,3.856595453906022,3.033705858346785,1.8535646757035384,2.2826263690240696,0.8547678777994379,2.2727796465544507,-2.6497183107553113,1.314947072033648,0.5484237011095778,2.7865860942354184,3.6153976227540308,2.494344363349452,3.974697570811834,0.09343991910099285,0.5200810425257694,0.3400724672898462,2.094994734382652,2.243880068148112
4.419747490672316,6.098984230996634,4.8727992121889905,4.376789759474012,4.367751883790158,2.5062024605991677,1.8440229724994202,2.973322309436838,-2.7173414483655947,0.10843015551536696,0.4962231752602776,0.8847800196231725,0.2824783534148446,1.113882020389878,3.461343514124599,2.359639202395562,3.623480625850794,0.4396643494960723,-1.6033851025896106,-0.7154848457072888,0.3304308289030883,2.4243098361948845
5.285261697818914,5.087719515776445,5.382551720494419,4.530888683544714,5.0464842927523135,2.470354395825758,2.436453891296561,3.2868207794470434,3.579439202072796,-1.2769523486860872,0.5592156674228521,1.5624803679470467,0.20876305947116305,2.6613497962315047,4.633237872735484,2.613614110830298,2.3882094311352886,0.4352114319437035,-1.0160678241775638,0.38054725874523654,1.040499951729633,3.9746976033962658
5.031620650105261,5.334267659727503,5.946351206351739,5.01720116069964,4.648375905780953,3.2021649914060246,3.3910681368784226,3.2577336613978214,4.445362441734673,-2.4038249659815256,0.7750948869752968,0.017986383038723033,-0.8565470212447587,2.582859320293374,3.593261509810314,1.1540000469554428,0.7443312054096548,-0.09717867928188724,-0.9394397542690095,-2.7902879402791028,0.03961064928008548,2.82275051600814
5.75629246871053,5.911085274016455,4.9466043811630644,5.229771899887372,4.286133924773829,4.72359565744459,2.7946324989221507,2.6069486765345466,2.7415028395740175,3.3325897566820952,-2.5945605607747138,-1.9469937763314045,-1.8010319951361635,1.3656180799938358,1.3004833496812522,1.2658643106802199,2.3303240168312285,-2.2435213510486562,-3.003471945603919,-2.4016464573115917,-0.1250267746330807,2.1767059182003052
6.496520811336813,4.336756282838886,3.772288641224748,5.124982190315617,4.446915162952789,3.342182760233303,2.0832199508023015,2.0152347321880075,1.302236339624258,2.38124441160155,0.9534801629174481,0.0018626663509159196,0.4169011804696645,-1.095530984186539,1.3493927308115579,0.07869971201517516,1.2477398211800446,-2.80174920076117,-0.8269206206941915,-1.6316013261498719,-1.4048453533077736,0.1445351149062147
6.029115208467278,4.499194214907773,4.538107543433268,4.648496677358758,3.527100053995195,1.8679683093649946,0.6734020346102524,1.2680437132619649,0.7561965537354749,2.067658880096115,2.0059458426154553,1.2324118138291813,0.47927826179271726,0.6277609601049892,3.479291803630579,-0.8380239193761404,-0.5989534432882945,-3.92812939686016,-1.3980967546891108,-1.2240150292690355,-0.9276283264453702,0.4212512564519138
6.653806286653101,3.4315405276252875,1.5439913036346722,2.30441624479399,2.7257154732623534,2.2621655863926957,1.5909320677963172,1.414630941460329,1.2333878967048792,1.8679131399971431,1.2270929712610712,1.2819389920337079,0.6140036133932442,0.48124637722763886,3.0567510814746424,3.7495202409771644,2.1384063297783,1.6273808606448248,0.9359202963403457,-0.13603466973139963,0.14876527700578573,1.8669912656581193
3.4182179875100887,3.382227391373747,2.844278681177174,2.6965580659987802,2.35519970544438,2.467860641789039,2.4643408905273168,0.7353836144321656,1.2927286969184857,1.3745950173998007,0.7052199848298849,1.2351011481359608,0.8543548288060723,-0.08373684689411634,2.1848676430240506,2.9640725129766214,3.643332960849487,2.5071256535027877,1.220660726711198,1.3085217744170272,1.1989138468760394,2.1822467935154806
