script/wind10m.json
[{"header": {"parameterCategory": 2, "parameterNumber": 2, "lo1": 6.000198445256149, "la1": 58.999992894266676, "dx": 0.5, "dy": 0.25, "nx": 22, "ny": 24, "refTime": "2024-04-12T14:00:00.000Z"}, "data": [1.914860198601086, 1.8344591588224883, 3.9369105362600543, 3.3336767175372626, 4.468776353816077, 2.6729903015358514, 2.6262670590242183, -0.23280741353829873, 0.7019373707055103, 0.595790965471265, -1.1733239407179845, -0.04178436510879667, 0.42573503229857707, 0.28887126430770205, -1.3839462015708441, 0.22834573510424067, -0.3001476005413044, -0.07214777027169199, 0.45742217004670177, 0.3512596060835989, 0.7879698979606364, 0.8037606198002595, 2.0079397533198917, 2.511768694564765, 2.7341439360435382, 3.225792466024961, 3.831423136915718, 3.0032423752297395, 1.6519442075075053, 0.7115808800463529, 2.251873582934411, -0.2749441912548443, -1.144119311467797, -0.16814177865069632, -0.08626088511489974, -0.7761009626494466, -0.7884642224427836, -0.8081585037003348, -1.0791599727159211, -0.29514365263782777, -0.6947112841079184, -0.543586139985169, 0.22508542864755798, 0.6478651168649546, 1.0258231245963074, 1.8712156723691353, 2.9292509072425044, 3.3828784868028676, 3.339431177646184, 3.2898434407172217, 2.080953496853971, 2.7953866276343184, 3.3191851271666337, 3.6535580941553403, 4.076825384390196, 0.7596901745298573, 1.2369780430764548, 3.10872829901048, 0.8875144580950228, 0.5371976553789041, -0.5674422083834647, 0.28761641904516505, -1.483898626136445, -0.21717001778117098, -0.26756569919329426, -0.01200737034685217, 1.6245171869569537, 2.1515286001315204, 3.210358051309844, 3.721396004552809, 3.221065074342477, 3.93852289586366, 5.967086274753552, 5.859295059285951, 4.959320852993252, 6.081662983899829, 5.64555951310926, 2.541807619396922, 2.9333101696147925, 3.2044116556012074, 2.0887827355058697, 1.2866314475846512, 0.4206891446305775, 1.9866507509265094, -0.7191460582058455, -0.8272898358845546, -0.2684872639027907, -0.10322689625512046, 3.990070927517041, 4.841789489589222, 5.6575845778049265, 4.747711344069872, 7.96252479970716, 7.683437945990422, 7.1793520883644435, 7.640849378040542, 7.6837259146927845, 8.095069943163658, 8.167394507028268, 7.699394097473937, 4.282177088793388, 4.309058040627036, 3.517574104588226, 1.8167210121000932, 0.776666655006175, -0.057612969211489305, 0.22007100071168526, -1.2578093665750392, -0.2419900857727312, -0.15126773952397543, 5.096790136703813, 4.518122760574636, 6.663983587200623, 7.54791323155857, 8.323841593230126, 8.3078422798123, 8.512787043889771, 9.256085447258231, 9.81780883548359, 9.980324595474823, 10.163668031803322, 7.862433832196213, 5.311871131653804, 4.501181257940583, 4.161316026124408, 4.00179979028164, 1.1459494505547805, 0.9067700822669204, -0.13036464815043658, -0.5204618787740146, -0.7548430706639029, -0.0755681827738657, 6.312820899561215, 4.955209695815517, 6.075252822597668, 7.753147813955574, 8.028008671372428, 9.111240260491085, 9.486461833708274, 10.37008039106515, 7.4397347886285505, 9.124382397318016, 9.218899668389293, 7.645722953407034, 4.119647949386734, 4.772308170908613, 4.702147867858088, 4.481511037785363, 0.9504043737234222, 0.8357422747990743, 0.09403932787296443, -0.6932869363364851, -0.7281429271125517, 0.19403047520562183, 7.740160809026409, 6.267642986477628, 6.315305096115226, 7.574262450298383, 8.003417072001467, 8.943400363264356, 9.658068731687443, 10.751916796853129, 7.409942686262544, 7.87685762169952, 8.06113792592479, 8.254406431525119, 8.107278585655662, 4.979596759801481, 5.116374066859976, 4.992786272813436, 3.9086189137552996, 1.125151402029944, 1.09111896122239, 0.4247087111016163, -0.7637023081712152, -1.0431867676853823, 7.375619428098349, 7.052780780281814, 7.088416483202841, 7.538317640913217, 8.127158495376698, 4.746130345693367, 7.32701160138922, 7.194627935941047, 7.154826389913993, 9.5933775680745, 8.821168499397567, 8.87118704969343, 8.60098428246588, 5.7414544426868535, 4.93296851015273, 5.1438999436309745, 5.113302941354971, 2.305699221709096, 1.1995545913681838, 1.6593583802185161, 0.38356898042070686, -0.48434140991481045, 7.844314075009163, 7.792314791061332, 7.5210437083322255, 7.593313454741579, 7.568219411093692, 6.696696515331173, 6.400527704696844, 6.919344311722222, 7.2993223689738524, 9.279135015866371, 8.85539993879671, 9.126436421951235, 8.416772414691733, 9.703189219786305, 5.576325019977704, 5.987650506852245, 5.0046155619869195, 3.8322786095927035, 2.1026475810269174, 2.2841146028974113, 1.852395247568998, 1.2735272052122233, 8.226685150641586, 8.563758562055698, 8.088856798507598, 7.558671220497732, 7.545350486196606, 5.374827093666107, 5.231756770081854, 6.354935783260338, 6.781507482148388, 7.465998836118299, 8.723576088560446, 7.424583862513466, 9.559257922698562, 10.036361527952815, 8.207677846112688, 5.125721642943273, 4.2693270876996365, 4.152969137050053, 2.3457103553978866, 2.1081931982503277, 1.937945612656979, 3.635625530555491, 9.170782444974778, 8.114471232243314, 8.486951152459202, 7.600144700662929, 7.873712890051437, 4.291587069287072, 5.84059069694945, 6.267165114737633, 6.304625936849753, 6.815470657989801, 7.606432579398086, 9.158911064869441, 9.405132275986752, 9.335888004041903, 5.724494848635052, 4.987076892106786, 4.3779889365688085, 4.562359934453397, 1.7437815989356342, 2.0586485682833486, 4.052781909813428, 6.204193441557198, 9.030716013129686, 8.504720281347149, 7.805037621213693, 7.742727696282692, 8.355213616925658, 5.9818454458925405, 5.465690660239081, 5.654414503125706, 6.579539963799376, 7.774870243848889, 8.757355417732786, 9.06975692872813, 7.327138016891674, 6.395829845228814, 5.393169188622571, 4.0162439450220315, 5.393253684653314, 7.134263936548021, 5.080502867280803, 7.060503165333662, 5.7951400865538965, 5.183448793566394, 7.826967601799084, 8.361497966393943, 8.134336749969215, 7.9461889202686375, 8.370052054240036, 6.134838235333984, 5.536741523396247, 5.717552159306005, 6.171768127371267, 9.179903726837821, 7.70904980772604, 7.380098640026359, 7.285629364085811, 6.212958516725245, 4.639072093667889, 6.708621925277228, 5.472521187883148, 5.8010757777294994, 7.022212772145544, 8.652374558320304, 5.074303190192636, 5.298518245257568, 8.284725577633655, 8.292697948215196, 8.249281042331328, 8.619748402990016, 8.834021734774073, 6.994258656881298, 6.787107432107722, 6.861244666231558, 6.6423840167421035, 8.236617618929548, 7.371124654611172, 6.919141728206837, 6.481915307145496, 7.801897324730846, 5.239121908914539, 5.580781031731692, 5.679139095765256, 6.595926633757216, 8.446338532403693, 4.0855775567718435, 5.456977418446823, 6.573468997490597, 8.583719914287, 8.435902124141059, 8.192088593518527, 8.60066783162767, 9.233790862613057, 9.665409902217561, 7.102592099931148, 6.932038570934481, 5.8487204666649255, 7.8214794835914585, 7.29300191479509, 6.179307152265847, 7.314488588055866, 8.48477541642848, 5.514060377001008, 8.610787987165718, 8.64659090057735, 6.68468391073516, 9.87796954660237, 3.8632289454444804, 6.853124615997599, 6.813920116634108, 8.685467141004237, 8.126846187788404, 8.004954718190618, 8.565743272594524, 9.397104940329548, 9.85819111551891, 7.155899421865889, 7.4281228927733185, 7.355652055059921, 7.560133955198539, 8.82883946352827, 8.680639229752895, 7.295715610248927, 7.250671513329788, 7.361659524501961, 9.075072065964058, 8.468176795695987, 5.901813776718084, 4.969140263602944, 6.872558546584666, 6.348748515687474, 6.3229172861122755, 8.276171180497546, 8.386687085644759, 8.251915541172744, 8.678715461141683, 9.981601021216573, 8.698901282343044, 6.164065372023688, 7.220324998365679, 7.96777593420822, 8.782888852620067, 7.834812675126915, 8.255265689518971, 6.773333172404705, 6.093655299678036, 7.546861876309171, 6.428839230536716, 3.500992501946779, 3.062326691120254, 4.412981178627998, 5.516176060534167, 5.482411156600509, 4.957459118050933, 8.236158337694903, 8.31060318308154, 8.155810038768585, 8.97914754135016, 9.53302243090056, 9.362633392257036, 8.573580628023258, 7.117055538744219, 10.322045007696039, 8.980411304472568, 6.185470063133072, 8.039387230793565, 7.175105979575322, 6.860881323945748, 6.28702999926057, 4.0105029691656835, 3.352829086119105, 3.4604764386197364, 4.487947108821162, 4.835988839652306, 3.51758567499595, 4.068545597260851, 8.183285693065528, 8.057556391668863, 8.459356597177061, 8.9072798161571, 8.57030195490725, 9.4642847832076, 8.596050460652226, 7.303745360398821, 7.535217684256396, 6.644560203395135, 5.955371921418501, 6.769564079849556, 5.732555397258156, 4.953937300364477, 4.587016336538342, 5.995338706568014, 5.915440778452297, 2.8775730927441225, 4.086757486378253, 5.026676028190751, 5.085152805377431, 3.078990677800751, 7.928770498956623, 8.402945439349192, 8.660399991272904, 8.387337336689884, 9.052238589141135, 10.672035952424684, 8.972589707057963, 7.056231423920533, 6.622306115527553, 6.357161484682372, 7.4982231515921764, 5.571853191913543, 4.617069079898933, 4.83273744177267, 4.675348984369575, 5.379390959787219, 5.968184370059859, 5.199780849280978, 3.9415111006056254, 4.388468390557726, 3.706533030076865, 2.8947675492639147, 8.458364632549518, 7.659299253159506, 8.646031465297218, 7.903760068462065, 9.57369187114255, 7.040070561236181, 5.518675546819345, 6.940754919647689, 5.793703248185905, 6.034295417860074, 5.54998266785889, 5.127734904896867, 4.255113737673503, 4.5453133765935005, 4.829060933804251, 5.340793176997269, 4.746109270306829, 5.640414130991024, 3.7230861042576446, 4.071646287335196, 4.075219437757301, 3.170671050025092, 7.781901059126161, 7.868646690774658, 8.41078819570508, 5.549636498074582, 4.6082721557225605, 4.078597669864196, 4.9051934094944825, 5.946903362564817, 5.572085191920746, 5.475174086568306, 4.908108298909331, 3.9205211856664803, 4.474029407635429, 4.6778414547898866, 5.442174056912763, 5.4081404603647645, 4.630483043250177, 4.385845633119835, 5.211404015799716, 3.8294697026244315, 3.2325495386983136, 2.915720372702663, 5.14620834423831, 5.2978977829441405, 5.394287116080316, 5.78245496898333, 5.627308672785392, 5.371958884297319, 5.268897363257458, 5.388381378474556, 4.667403787132162, 4.788872530648065, 3.6365803625903332, 3.2369243719107113, 4.2284473387028, 3.8024748324687, 4.119739159748294, 4.2200534042738935, 5.478194287634034, 4.682001970576905, 4.870156971440699, 3.6482834558478134, 2.958455329418649, 4.22636697098108]}, {"header": {"parameterCategory": 2, "parameterNumber": 3, "lo1": 6.000198445256149, "la1": 58.999992894266676, "dx": 0.5, "dy": 0.25, "nx": 22, "ny": 24, "refTime": "2024-04-12T14:00:00.000Z"}, "data": [0.9123424406957563, 2.814381246127158, 1.3230936423415716, -0.05252308988023183, -0.5659108884498977, -0.5303666283484914, -0.10037097162272396, 1.8293778400902196, 2.879962579024902, 3.091642983343184, 2.5098480085543686, 1.7807233613378353, 1.524563356090975, 1.5159739059894555, 1.6210053834029925, 2.650869464694754, 3.118815512278003, 2.2911680497204747, 3.003763891516398, 2.185670537243277, 2.0345950978339937, 1.5936802736539508, 1.3024725343807653, 1.4031061129381952, 0.45729436741320934, -0.01855497573832063, -0.6314904797666964, 0.668214110634098, 0.34644334009650696, 4.443996538900599, 2.3619796203849375, 2.014126193553652, 1.5041069467215444, 0.8246610000494856, 1.1351338962902469, 1.1631692396100097, 1.8704732126655543, 1.2109177071636177, 1.4517846451997758, 3.8073473191500247, 1.4840315456095, 1.0176422475530587, 1.8702068600864603, 1.8888850089702398, 0.6617737028750258, 0.27647378770681746, 0.5856707337159358, 0.46282027732786524, -0.8893576222305112, -0.16259868660849439, 5.698560253639702, 3.4806622756528243, 1.6645147314810542, 0.4869090334881698, 0.8277058075395936, 1.2829492984107247, 1.0421677988765237, 2.2344678411457437, 2.222326232385295, 3.5298306190546898, 3.005789547423686, 2.455665811804613, 3.4699276814031403, 2.1002080515263906, 2.499316651343678, 2.0323053019988686, -0.47520149523621563, -0.30275496564123877, -0.43341975329236104, -0.004500267463622412, 0.3467155673693344, 5.961499013208993, 4.929448841291821, 1.460757285683627, 0.3874391842287301, -0.2777855894255987, 0.6432506418057826, 1.3188773254154629, 0.6704853348437719, 1.2685862156853853, 1.8608732718675212, 3.6148424783111683, 2.541769996830427, 4.554488645164575, 3.0793519675160597, 2.2538694174591334, 2.1993034824006052, 1.6050494627556502, 0.2831647469572139, -0.4545658500298755, -0.5224699944547377, 1.2127743050261486, 3.2345489072809883, 3.0091465743256336, 2.696979634400908, 1.2126910480196278, -0.399587287394262, 0.4521229172611494, 1.3585886169498622, 2.256539077156605, 1.3318175281571174, 1.4178378272949745, 2.2410957729088476, 2.6575530699639778, 2.3467117228876826, 3.8866422905911073, 3.117615047446497, 2.006086673476282, 2.253906063301897, 1.9995949677979132, 0.672135576079583, 0.13823438366717755, -0.6290512568873206, -0.48115850029572454, 0.1716566096510839, 0.9747144420661547, 1.1553532121730898, 0.35319669289725797, 0.14442950881105165, 1.5957273666316292, 1.4753918668059707, 2.127086322876646, 1.5774051390936565, 2.177821507126565, 2.8107382831072476, 2.589091823703789, 2.9578010125701377, 3.6174906306108108, 3.7462227566956487, 2.326831821885001, 1.8020637740957646, 1.491009862495814, 1.5536739512523003, 0.7901253961538633, 0.6006112039117798, 0.177541517187499, 0.5654542140365647, 0.44715283837711856, 0.24702497070887147, 0.29250011604560167, 1.213729073599876, 1.081599905324397, 1.487934816251037, 2.9201928173219502, 2.7550758660292676, 2.610879945152132, 2.4755530700180204, 2.3423504379245377, 2.5118808380521274, 3.2869098185772265, 3.5647245744017226, 2.680088718218902, 1.9602979746150513, 1.5269828384828432, 1.2634406456992746, 0.9921075483260929, 1.5279158121264917, 1.6065233195880138, 0.9821999134618608, 1.201619398455448, 2.3813443967399692, 2.734576766171184, 0.5701345625958326, 0.5594963710618552, 2.899084966142209, 5.212892864450451, 5.9457217242315625, 3.0983772735102275, 2.692876086366275, 2.9337760337432757, 2.536216163961714, 3.6760045939955797, 4.193312114472337, 2.721017771738136, 2.028390783014307, 2.6779566103823345, 1.3727494140500656, 1.063679022852746, 1.3795234801243113, 1.7023076874204845, 1.9654388163493042, 1.1461621554401669, 1.095694701273308, 1.7591612589734642, 1.1939971124746744, 2.1622712824562984, 4.514532523813323, 5.385026161988443, 5.59065991897822, 3.823258672393588, 3.1669779623576084, 2.655054538965627, 3.76007734477696, 3.019290107660649, 3.6267760239482194, 3.176622129261494, 2.6128206623522865, 3.438090049167902, 2.150075951805581, 0.5162577164743757, 0.7974199836968514, 1.0496520869058437, 1.7416256381736248, 1.0395456032359813, 1.6226609054906036, 1.88831438057516, 2.0017461610638407, 3.458565492551905, 4.397672084363417, 4.076422374672778, 7.047385446827515, 7.0459629391464285, 3.288801242201805, 3.2779135560391026, 2.8336714538713714, 2.8172272893770876, 2.905337454505256, 3.213798926650875, 2.805738217190129, 5.540680976900225, 2.073707286229734, 1.5830813746072623, 0.3143092758611528, 1.0818417388761306, 1.9962768122739276, 1.2309756557079743, 1.2399201774591364, 1.4241173698650489, 1.5654893548206121, 2.4300869127048563, 2.3451991796735374, 6.809112687813893, 7.225257330726558, 7.549375167254471, 5.910470116144416, 2.1431299836956623, 2.689708012739759, 3.1282694959141795, 3.3838181617062615, 3.3585610474180236, 3.3102053632673787, 5.3313577987999325, 1.9246804936013875, 1.0810299631872586, 1.1540088668554889, 1.7983717937647345, 2.324609802724982, 0.8711970431431553, 1.3347338253425143, 1.6310954433192841, 1.379994654069262, 2.44845822769632, 5.135678987530485, 6.724020798541324, 7.5706999845344765, 5.756465347622447, 3.612188648254732, 2.8505438967173817, 2.8034528657838487, 2.9951898559520735, 2.7303380743646417, 3.6879684341637082, 4.03718159162871, 7.379548223832582, 1.798567779741325, 0.9668811412795406, 1.183539285640646, 2.4326266501723084, 2.496193056726389, 1.2071451055282492, 1.209953870487006, 1.5111266329228579, 2.2062136290670087, 3.6821406126627743, 5.437959374283519, 6.564565651810568, 3.6971157003439306, 3.096479695512521, 3.4923386643277152, 2.5637692582911225, 2.955185375911129, 4.493172401225382, 8.542723858593314, 8.355057077861705, 8.150091165619742, 8.237314513492278, 2.4333549933454024, 2.261187019333461, 2.41698194465847, 2.6913601673799987, 3.058378347805219, 1.572319592462596, 1.6465994397374872, 1.2718288149662613, 1.9346707713488385, 4.4605574133770425, 3.8075947637704974, 3.6476334071831786, 3.6320637139546226, 2.84492992626941, 3.836810777410648, 3.5471249261760622, 2.826321114021912, 7.170170750893553, 7.927462209650898, 7.756361394674815, 7.491805710253017, 7.361131267013542, 2.9506637153716273, 2.573478981092586, 2.9970007971685466, 3.2641223672895276, 3.2356657657461545, 1.5643948851241083, 1.4360031033369063, 1.9890206322787398, 2.521946438974782, 2.263773595610565, 4.443444559077337, 3.904862358155279, 3.4188348665483983, 4.77699201398274, 3.7367310604165307, 2.939130547156752, 3.6189288196737155, 6.135585688187961, 6.619029477905682, 6.133384901889331, 7.024099129653563, 5.828080451516212, 2.878867104445038, 2.475043506542727, 2.664267472536046, 3.048938568361538, 3.307761268341855, 3.2521227402772483, 1.7349799032074114, 1.772724926748902, 2.4190468213320093, 3.696740387141928, 4.290506244632084, 3.3080718004611898, 3.1007438641998433, 4.207997092575364, 5.083901766498882, 6.317656789537001, 6.351534130662783, 6.596375069771093, 6.020261182606462, 6.276166019416403, 6.018936541515549, 5.558383272135496, 2.9759958745902755, 2.7845741526709147, 3.0885166818086875, 3.4271090393260426, 3.4775594993864156, 2.7874843166863736, 1.7471785758341412, 2.1955578169443224, 2.806124520702288, 3.2814070470119945, 4.229571715625411, 4.002136810067211, 2.693412062800808, 2.968156575332587, 6.410365200362971, 5.812023074153581, 4.860077957556284, 6.133320912923748, 5.627084604348203, 7.138273030500363, 6.1068034276495, 5.656532524733304, 3.262571811862344, 3.592754046423414, 3.9758034839988796, 3.9750376597599515, 3.3548106853563935, 2.7485349236151215, 2.294952700521927, 2.127201310092407, 2.5232956520812415, 2.71453731566068, 3.4171642693099993, 2.63241540929082, 2.291405172670943, 4.350731834134983, 4.8418568496458665, 4.496592185345947, 3.853238157973457, 5.514191160004168, 5.219288999317254, 5.348934362411694, 5.250347064183286, 4.88289400699255, 3.347994312828499, 3.564273101215063, 4.03794113904493, 3.768248827633339, 3.557895221746416, 3.695966694038163, 2.6264804988459582, 1.6699773442392514, 2.159439649465249, 3.152531433498589, 2.284908561180957, 2.072963826434727, 5.282323897395463, 4.762476730616626, 4.5457760995429295, 2.873230956632232, 3.8898584051911893, 4.532267255567179, 5.302796756937526, 5.044882896799809, 5.05638839984799, 4.281867890519403, 4.007801901881045, 4.160603321048974, 4.120608454777616, 3.851692232066351, 3.6593042479775453, 3.6538907952268755, 1.237903180052771, 0.739187759865694, 2.1031096232094257, 2.503633857160648, 1.5391207915807774, 4.543674863750185, 3.4077098542032127, 3.2703963092824013, 2.812117115216272, 3.4818921580781184, 3.2272856992851833, 4.708737810586814, 4.652114993960579, 3.3968940112305956, 3.3515564781740546, 3.0063668435569872, 4.242072159035579, 4.212446103061351, 3.8423544854649276, 3.560608133526669, 3.041928300975393, 1.0939275681666776, -1.1368024609391714, -0.324161614966589, 1.9980975388394335, 2.1002069372011767, 3.277373485981379, 2.651036880534906, 3.59022780351863, 3.5356801200631365, 2.687888611279991, 2.8066017929303273, 3.669363083769326, 4.744442003818553, 3.4892351112007436, 3.4409630009818284, 3.1113926352565207, 2.448493739351005, 4.383557175136059, 3.8029439847536453, 3.855064591527677, 2.6624573296893383, -0.6091182466510026, -1.4329427421097845, -0.9764583546862337, 1.8794987401164738, 1.7966705750398375, 2.4667835890140326, 2.906884456146568, 3.3931437928132775, 3.345904045488398, 2.9887302727083016, 2.8206255367921567, 2.8235565188993617, 2.824369192997073, 3.978687602713337, 2.3470279822341746, 2.7067958774533976, 3.0752210086790925, 2.089750643240738, 3.9923288335721225, 2.1010779191083917, -0.3752253616899343, -0.8195437319013085, -1.351560823407301, -0.7155714586955432, 1.679040406020394, 2.0841438252269517, 2.4347076269390233, 2.6478058587125877, 2.5855849643308564, 2.7911072989487193, 2.984401706942159, 2.913785041255166, 2.7895183405120827, 2.875326513177557, 2.7764771414237264, 2.5085581850916654, 2.792876429593522, 2.734024661507962, 2.330333631335629, 1.605600565084173, 1.2052084015331104, 1.070458272901728, 0.45563775514215543, 1.1020614798602586, 0.5824001913002539, 2.287611370996114, 2.356029499779408, 2.8525301738377906, 2.3676715800344055, 2.340379403629931, 1.9632996170758998, 2.1663351383021836, 2.48461521281586, 2.0793283359679755, 2.4037743584098497, 2.27499721257835, 2.8283950344853506, 2.4610756689963673, 2.388833104336612, 2.5544873805149013, 1.9050727660908393, 1.6527998621830258]}]