script/wind10m.json
{"header": {"parameterCategory": 2, "parameterNumber": 2, "lo1": 3.000054539987559, "la1": 64.9999836372058, "dx": 0.5, "dy": 0.25, "nx": 34, "ny": 52, "refTime": "2025-02-25T06:00:00.000Z"}, "data":
[rows 0 to 23 of 52, columns 0 to 33 of 34]
4.665191508040359,5.438465348188391,4.064773786694739,5.970009967974367,6.56546302127298,5.394202188788076,6.443810389993852,6.770832026698838,5.9672892765947525,6.679986260065385,5.701787342892688,6.339273970135915,5.635395151187991,7.893009296649579,5.471717931754135,1.1845800782063807,-1.0812147938402095,-2.8434076460915336,-2.526810177619277,-3.114629839505452,-1.429067476575004,1.1033639922376468,-0.2571860219705997,-1.8589592358248181,0.40412688233554583,-0.24387978104430144,-0.04891251235520495,0.6531502143225081,0.4604585031046084,-1.0414487194849997,-0.578564217825072,-0.7127627386272856,0.09628420776897484,0.24978801223794203
5.60706895332446,4.043972704834423,5.188705659256842,5.181676245979973,5.600045853020751,5.818911968114167,6.953118709472962,5.947104332487725,6.162224176035048,6.633320272589242,6.103707889051544,6.451308599413306,6.038476250982528,5.529223951274817,3.676628906693694,0.04170043476318075,-3.760944748573257,-1.6591238815542007,-1.673720709738363,1.277262262113156,-1.9607811680730156,-1.0671139217959118,-0.03229273358793905,-0.6413382898739759,-0.10887190029956109,-0.6166367423351127,0.0767209724930687,-0.47105891879515127,0.24817430579316582,0.928348061507903,-0.8265578056609526,-0.7166953609932251,-0.6973885965816604,0.121016129657985
6.548764305944663,6.557321555127093,5.368964954212393,5.44201988092547,5.667565978510903,6.205408715362989,7.0523246195738185,6.155864185024355,6.336928930207998,7.044397167749394,6.716422201100981,6.3327900527264,4.465161444564598,3.37574514634115,1.0732812091997694,-0.809274403348623,1.731003110834015,-2.5352326148909246,-1.1044208892263003,-2.7263840448929293,0.7178945967437201,0.3549116825095144,-1.5413109356998318,0.40256254919348755,-0.5035552605153918,-0.5585969683761939,-0.5991576018279735,0.10131189741021998,-0.38965836537372217,0.13043252132635128,0.7612926065538836,-0.13689639261639341,-0.7402339724647006,-0.44813194464497647
4.6202264021349935,7.126809798462049,4.344392823676962,5.366605317028756,6.098727497023111,7.212966769981907,5.743338317150571,6.065650262259333,6.574275685542755,6.404586160644158,6.386265306295985,4.9644229443200985,2.735922722046988,1.1231959255387076,-0.9509219746402421,1.2808288356356354,-0.0605365988881243,-1.6504272163649232,-0.7300387363879008,-0.5052359274826866,-0.9447066142244402,-1.6203486962860145,-1.6378280823274496,0.9741234282379452,-1.3394873085163428,-1.2795226410596365,0.20014819711696635,0.08776653101752904,-0.19738711090932043,-0.27248017576338013,-0.48466244822253274,0.3162449553211773,-0.4462471358462137,-1.0047799781067692
4.402268935827359,6.241701674297706,5.457651036849998,6.505083795833532,6.375234904350567,4.757740018880186,5.453196563687832,6.8219258029093375,7.471782936227243,5.324040333551516,4.37874266160679,3.5136204996235136,2.234150914566046,-0.5348869698298481,-1.7625481769388085,0.5785823625393437,1.2497173253591023,-1.6070070332048922,-0.09277883224130284,3.317834445204451,-0.9627120311399038,4.923285142554653,-0.8276978954110036,-0.16117053253340743,0.19771561736656926,-0.12817296901065514,-0.5476905886228034,-0.6933098267229979,0.27138044681892626,-0.45728184277835454,-0.8152801941775358,-0.42181932013945456,-0.5120671015640291,-0.5783000602939988
6.244698387590954,4.928194330630554,6.2664533576452435,6.64559971316472,5.4874213313073295,5.186707300207523,6.48020257656957,7.741957855030601,5.964248353558631,3.7496749302322834,1.8807718782880363,1.1561304705269773,-0.7502822170374356,-4.204210091631185,-0.01862167223821358,0.23405249304582207,-0.016423001944109124,-1.2647057343922403,1.4219178778105976,-1.7936810466124664,-1.2169374870646734,-1.1206118630998607,1.7395153209570438,0.05037289766923491,-0.5530890726194729,0.07214959318861161,-0.6045885020471566,-0.6948692883479414,-0.3707787719537784,-0.39263392575600975,0.38637510502297495,-1.0131765547361007,-0.582016979967627,-0.18955043853517728
5.769425351234971,5.077256787841797,5.380241136142089,7.050907594996181,4.672259979915762,4.426889212594409,7.7663599392593845,5.517149601223188,3.9807549121498402,-0.30038074903134554,-0.15118371729592925,1.5982003682763626,1.0099244321955974,-0.9248085123876233,-1.4925868347083278,-1.3556023497961982,0.8255967318721649,-1.2562200682299196,1.367803138953999,2.0720249494816145,0.36991447272668876,0.33170538339420474,-1.484550029070051,-0.8436701628293779,0.3610182544563873,-0.06023360980248031,1.9562015594378985,-0.7469486393269645,-0.27691983058020336,0.3737805361033119,-1.1482881833464214,-0.8891093221897318,-0.05309307118688889,0.9541028021233504
5.1104499463173285,6.018636379547057,6.036560347654701,4.489977245131594,4.708041185953878,6.744439279320979,6.944701046821134,3.0084256630329427,1.2084130010506764,-1.6118034307496483,-0.25802520501446197,-2.1895275238772247,1.5882159511164633,2.1167764355252516,-1.1306958060258068,-0.2337173005098117,0.10798884147135814,0.225462394409286,2.337377261039855,2.7237920333410144,1.2290495620976525,1.712329643197076,-1.0526929307347257,-0.8116866640078375,0.0356855323405087,-0.5725236209910082,-0.24133683091593558,1.6047816813404332,-0.4776464446602663,-0.5086935724145845,-0.034859745538940015,-0.5037778015568052,1.3083102239489022,1.5703867519246206
5.777963880873056,6.184028951264234,6.1476545065278545,4.810730204975356,5.509278096224056,6.2473076176569995,4.17928030860058,0.8410734005214519,0.6743635319808179,0.28908463719291905,-2.419835098461467,-1.6750966534305198,-0.8248647000004803,-2.8010718952068334,1.114780737306646,-1.5107792020122461,-3.7288402426853953,3.3594257799853873,1.5814566075375063,2.2064056005312263,6.598041104207198,2.483835415871802,1.5646862898535099,-0.8060208443087561,0.2879493781341707,0.33620006957614174,0.804595795958755,-0.47760896429213884,0.4637178748579685,-0.7992736477545174,-0.8188161499588411,1.4181627579697904,2.1899274136224767,1.2323633140361385
5.5059742140632615,5.265596242030833,4.694644060157566,3.443618360991043,5.612703901245265,3.6170997153706512,1.2310878614233074,1.1981780683940608,-0.9901567371028037,0.6804358088981902,-1.0604491968034084,0.0664873325929668,-0.40614653578492105,2.2111731601480336,-3.009617123779632,0.5798093177783491,2.6816534502754004,-1.2369540520350308,0.7259891429304789,0.7121165158846415,3.823461708169765,0.9966584896871266,0.5886183800220661,1.181643261034947,0.13341980413505825,0.49229246016124495,1.4393967970777308,0.8378425327213478,-0.4231199453270167,-0.39096346749804045,0.5206427156513301,2.125051373777384,1.7964660008305207,1.2944120302370299
4.920783509076095,4.520361859405304,3.1849357099241833,2.6514978396929174,4.786254428177248,2.746983151542516,0.417128947209924,-0.2506255089501741,2.4843579426979727,0.24135388214423759,2.1157636971773255,-4.239105877894082,3.139171538687716,7.537333457525865,4.950885772720279,-1.6108324942988075,1.0023809049002141,0.12976456482652723,-1.0749001749843567,1.1165186077794713,2.2056441277927643,-1.1663246664252522,4.168413407502873,-1.0325353752627355,0.09114022114539698,1.125570325969501,0.4005157194222905,0.36322291766833814,0.0976348928804048,-1.470796015284026,1.7969910012773127,1.5921003742161106,1.9448212493998476,1.5105492360938364
4.32840230453336,3.9418908613223764,1.419231736345304,1.3939406289584122,3.107171002928686,0.9599404354678138,-2.6272528268155857,-3.4323798005011508,-1.8020593536979794,-3.8553665376958763,2.0774370672549716,3.730312938032996,-3.589286072473745,2.8943081942994175,0.6524481730030997,-0.8849315618979492,-1.0567080191007037,2.7595409735743193,1.5875402459700219,0.17583542944812422,2.9754010377638176,2.5066063244808414,-0.6375951052444732,1.8486822779947873,0.44479262658241003,-1.041677991956967,0.2740543929529786,1.1045606584419247,0.9831302680302848,-0.07338630775913814,1.7123840799113033,1.168034029963784,1.9877609235500417,1.7401208301499516
3.7098164331651193,3.0286325423452976,0.6367785858217752,-0.07701472811320516,0.6631361981686451,-0.4550692075400937,0.522260864498712,0.08809613462559061,-0.8533069354214456,2.3760777217810496,3.8748337756131104,-1.6156879031541882,1.352097301723213,1.1646141893069561,-2.1734713741613563,2.5413821965890726,-0.9158770239708046,1.3354816933808917,2.3355450208112933,-0.5021421164210779,0.5244564832171321,1.8266838147086126,2.242538919064113,-0.5382135992840951,0.4996460546829121,-0.6776605345084645,-0.47081472764913423,-0.17166937492586357,-0.5801400566244233,0.9354982064122429,1.3369838937372875,1.0082059115582511,1.6787872370460706,1.5255143184789164
3.5109787691475263,2.4882310096223255,0.2643533671218198,-0.8559166757872688,1.2787359272909486,-1.5817353012444562,5.702157615037043,-0.4262944942788716,-0.6349588530983461,4.523750771068925,4.89532954090276,5.9852702876669355,-0.45783283365198985,-0.7684815506434428,-0.9837410743052721,1.0371483266834387,0.8577349449977751,0.2953876210627916,1.1039991583806754,2.44895692409162,-1.3594836565186736,2.221213685269545,2.5104051889633627,2.219983878914903,0.0811246432233072,1.4351671446861693,0.06320584688124872,1.6804899502405028,-0.43641912855744536,0.4787704968968991,1.3984042075420087,0.7404333311005931,1.070037162661755,1.4504340618268534
2.8835411946152827,1.9061146640723028,-1.122671115669137,-1.3861638133890664,-1.051359227161384,-1.931828410579237,-0.3307892777325899,1.5055382193026814,-2.9913218272620505,3.965864370937173,-1.7407743514006482,4.744412559332018,6.733926107648626,2.178789676162086,1.0896882579354266,1.2559837738797937,0.9701654994795623,0.5044523210189109,0.11903432086395786,-1.2012737085879706,0.4073574951898251,-0.8470832303033071,0.46868206040558247,2.2126459714365834,0.16073079648177968,0.6693577086260819,-0.12224165017323568,0.47000509788127803,0.2432333523704608,-0.10195867448224331,0.9297309118079545,0.6717171935041579,0.3825522016447118,1.3833697459197956
1.5393887706244798,1.0435184125441428,-1.7947219455182228,-1.8584867611826648,-1.1481581825125315,-0.9047467958233122,-0.19093717944436403,1.838214452296585,-0.6864068413974134,0.8414992451677034,1.8610827781324015,4.984396117149366,-1.1852587882939698,2.018378962267545,-0.4893575702311617,1.111031764744458,4.461890510749359,-0.6336936354370174,0.09465713593817604,0.32408372469327407,2.7103732175189723,-0.4576098835346359,-0.6094921670093238,0.928518326476443,0.09485204004820376,-0.09486374458221877,2.235101653823069,0.12872142862457517,0.3063039450013898,0.02797208537524404,0.30745808641533917,0.4360067041984823,-0.03188530553725625,1.0145426253890724
1.7412347366148841,1.0896381267563877,-1.6188378064240925,-2.407696916915883,-2.006654126320427,-0.7876957158095782,1.963762703680116,1.4825563878944652,-0.520582221918575,0.8346874675332974,4.606696318498086,7.319211551704103,1.5906203041062568,0.5247860396517925,0.3868764869099703,-0.17950804635633932,0.18043167725851186,-0.05771800103937968,-0.18680825381719776,0.7331478518727363,2.0213232880026824,2.1188155848791554,0.19908087690286638,-1.357935973312743,0.05687761884970986,0.005437866947746772,1.556972665071208,1.150244675172241,0.9361689804135109,0.2159385390679486,-0.24392029094744713,-0.036661865864474175,-0.16502498065431023,0.19088990272080975
1.9394024433907904,0.9853882249043281,-1.0121378017021834,-2.658362871383524,-1.9269824893425613,-1.1890879850104723,0.13684221102387978,-0.48449801590626324,4.422409568424081,4.802955115492881,-1.4563347391099508,2.337545209261964,-1.102077985935482,3.4891342091986997,1.2014546088074722,2.268631386657871,-0.03676082159479258,-0.13356172880314837,0.517993723054412,0.5650081982260243,0.2634052106308251,0.8440190138203411,1.2738443702929472,1.5614783377289132,-0.9380094428903328,-0.23488619670597768,0.37092079624058655,-0.017566869387301634,0.6273441320236278,2.0508035688451263,-0.9290617883303449,-0.8294795592197507,-0.2898773081591159,-0.25642165950946777
1.962752350929275,0.4042663330410409,-0.3180366539198366,-1.9771273971953247,-2.584540129495081,-1.7579351656753408,1.9833521703180712,0.4598164579649639,-2.58915940327445,5.426392306149934,2.569518286166918,-0.7487939180920206,2.07614051414462,-0.5665738860932668,0.905240586733756,0.5144845691088153,-0.6824446621459928,-0.399599694696947,-0.15616890624627117,0.26588856838170444,0.05674334854169133,1.8262918525452365,1.6609177790896996,0.07868613561985902,0.3249164278448837,0.3478015031096679,0.12730466972987986,0.8014488432199387,0.0926673113063973,0.6150888508525844,0.8655088680785258,-0.9756724596306815,-0.8769240578711995,-0.18804859461972626
1.6603159640831124,0.2171684344592011,-0.2348623500393826,-2.4883771593541506,-1.008760756785331,-1.695396263452088,1.2523939925056773,2.646350670140475,3.705022168150093,2.346832152291219,3.52263157644929,6.036703548974244,-0.9612322616190561,6.758810998525388,-1.193862652288234,0.83016188894836,0.783107494119574,-0.25063475151468895,-0.14591911566323898,0.6006852345663828,0.8650699676647053,0.07118006458232592,1.6982026482687338,0.8584490743261878,-0.7931836752119121,0.2509560920035505,-0.14047016342014246,0.3126932827897026,0.06413046439633713,-0.08199660344736738,0.34585973775881884,0.3628614526054078,-0.8788148144770686,-0.5753468041363907
1.9689253887709863,1.4210417871678438,-0.04774857531955117,-2.1892344385778446,-2.152246088714248,-1.7076069930280249,-1.586708101877044,0.3531220109501723,3.6774383466488847,2.104986596462661,0.5352106469441689,3.920492483514635,1.6656248193780416,-0.7976918249632223,1.1770432001848021,0.319336801938037,0.9669105987488432,0.17757245210014846,1.0688717523804097,0.44427060077760605,0.24640443928490563,0.13675352590726522,0.6385264651561758,0.24712074853805308,0.6317839522888906,0.48582307527365687,0.4345326943364211,0.15513639234824686,0.16240529948898932,-0.1483233509465407,0.07247345757063939,0.2916986274769865,0.2144649854957962,-0.04754997127442237
2.061513922196634,2.0301916549952397,0.28004114646099104,-0.878754103863375,-3.755283609137568,-1.5377977106658216,-2.1522026212437964,-0.19142819854635543,2.2603521885324254,-1.145216375501044,2.2123304241327086,3.8120943044388915,0.11456207939144458,3.120029895275262,-1.370308145904259,0.37954395411754116,0.639221590262663,0.4455987480063778,1.3251350932565311,-0.43461038970726257,1.073534032374075,-0.49154975803791245,1.1280112970843545,-0.1571387488280141,0.051430232131955876,0.41308116254110677,0.4268595908519592,0.05946755369063572,-0.09516090679638171,-0.43694584847913154,-0.31655148913951475,0.3291113164846493,0.600157081870867,0.061565042910144564
1.9807910758725606,1.961935139255264,0.4787317657596546,-0.5800363700713476,-3.5000000588459597,-2.0284839725837265,-1.0953872837318883,1.792955604258575,4.657014794111318,3.1012342132646036,-0.9892026029948702,0.5583808436308172,3.2512159358559503,1.2040344105374745,2.72899629160725,1.1252482251871412,0.5532734479504169,0.7333916818964225,0.8451290156673994,1.6695088721272227,0.2489879447436884,0.7034516623855674,1.1870327640873655,0.2352064543707323,0.8746728594984777,-0.6742568041630783,1.1337487109098854,0.5545875931772406,-0.23902937629607524,-1.1387535527662906,-0.5361555921905807,0.9771580727094319,1.077947239156629,0.2712970114786373
3.5533050721837247,1.9705623855585086,0.13590523801056012,-0.8957077015330822,-3.653567501543574,-1.681224239154792,-1.1166933843607694,-2.604442508477645,2.987758682661172,-1.844812951292116,2.243317301349994,-0.5345210923084035,0.5607855590149222,0.3379733753809461,1.5765329897473352,2.622493649596655,0.7439539162451619,0.7543478037844208,0.9581997565278657,1.4001618008020784,0.9310821283063707,1.38441171370871,2.278993137760214,0.49305815426203453,1.1352456933176405,0.2571887744517619,0.19365726482091783,0.10247303905480647,0.08392009389445038,-0.008062307063014291,0.1453172431458512,0.5810805506393719,1.089152375967967,0.18626834768289
