script/wind10m.json
{"header": {"parameterCategory": 2, "parameterNumber": 2, "lo1": 3.000054539987559, "la1": 64.9999836372058, "dx": 0.5, "dy": 0.25, "nx": 34, "ny": 52, "refTime": "2026-02-24T05:00:00.000Z"}, "data":
[rows 0 to 23 of 52, columns 0 to 33 of 34]
-5.574275787989549,-5.34102992692319,-4.925152333669242,-4.810122944228256,-4.614424595095861,-4.905090630058339,-5.337461101089427,-5.346897195887227,-5.2231676318266915,-4.819023193326508,-4.564270224374667,-4.002650863149039,-4.371148988086516,-4.462453074560275,-3.8318430297367208,-2.7792542601778525,-1.314641153435551,-2.1719665861955475,-0.484747626392122,-2.9361891633042054,-2.28590538537818,0.8151359177234513,0.9709279930049372,-2.905258818691219,2.8993689951146133,0.7644873776787319,0.8375339757634799,-0.15876129712209613,0.8671448069405744,-0.6755295650476901,0.8259714629007222,0.6838181600965264,-0.30180068220539336,1.2238496233801939
-6.105189960277121,-5.927460743615261,-5.757900129250151,-5.493950445651191,-5.483611798586945,-5.698264506115223,-6.036568166817006,-6.276756805341601,-6.032782705827394,-5.368648691263331,-5.41040638216066,-5.213270074863397,-5.420812032906788,-5.628392266678324,-5.608990374037468,-5.990012125887195,-4.0742512843351255,-2.236159033781534,-3.5064567566122973,-3.056708431019708,-1.293846969807938,0.023273364487206027,-0.6722248606123213,0.7597651223769244,1.0574456653390396,0.5841268435824297,1.5104422171399958,0.06410847825130739,-0.17916370908650397,0.3354970420181278,1.1320626759878245,1.234049227891972,0.5708944187458634,0.039303911487501314
-7.119318848213567,-6.607110833480618,-6.537413906907176,-6.392924516866412,-6.378126718047283,-6.573685548446868,-6.479556421944957,-6.608558025180031,-6.986373967521904,-6.627847288725326,-5.968312264903422,-5.370542568618642,-5.648043833618148,-4.918371659779071,-5.672954982052527,-4.84962773375524,-3.323810598856307,-2.1954730116723513,-2.562241751502411,-1.4105121765499895,-4.036653372302309,0.02912457732835553,-1.7765180900241018,1.0496366332495388,-1.2895779892736472,1.0596790086249932,0.007394347961674434,1.2115134285870097,1.07369327529464,-1.4122474410373451,0.2170443482081975,0.799816893449734,1.3081155136673417,0.7764579014148141
-8.071817870019718,-7.552245916767951,-7.275805596692127,-7.497548485509383,-7.275911329561359,-7.0181849703997505,-7.127226651846395,-7.519306510781049,-7.491875910364665,-7.303973519284597,-6.715071311811123,-6.064024429340963,-4.4845590999786475,-4.948436811778575,-2.9523667618710765,-4.438743532607318,0.17847254101780874,-3.230522992880908,-5.891904258149404,-1.1655920403270987,-7.163881044698557,-0.8413954088905917,-2.5718309215101582,0.30843666248945956,-0.009862604606467951,0.7466524839624135,0.7613433055939695,-0.8442161593118968,-0.42962422330765465,-0.2613988269852402,-0.6053980180198235,-0.15863083302662564,0.30497687861000944,0.35369249580891843
-8.68082081827624,-8.529754855293968,-8.09781142871088,-8.161020397500037,-8.346260054323507,-8.048422329499891,-7.984589588470189,-7.96040487095921,-7.70128747301879,-7.723868525500234,-7.528027367000904,-6.537039024741129,-4.184157105106001,-4.206421830989352,-2.4365719512639346,-5.883201240582226,-2.405569164222877,-1.7108240136644004,-1.2819066281498308,-1.929455454627202,-5.109109570448839,-3.981122805941224,-0.5214378437652587,-1.4913169813008864,-0.10645978222965907,-0.6739480410183902,-0.8737642536752934,-0.5323696670295253,-1.1277092849277652,-0.08640519498787115,0.16852678185280706,-1.1744611560210574,-0.18709245874003494,0.2604913793345938
-9.214376723915695,-9.384005277131964,-9.093386179351302,-8.928478656265524,-8.747437949047514,-8.680493042489777,-8.805440909703051,-8.661584510048208,-8.140283249808942,-8.053635365399876,-7.4805943610157515,-5.720512967210928,-6.136902478986707,-4.376230845035521,-0.7666958055958868,-1.7855193263141402,-0.08824654564061993,-0.638888949780051,-3.2663274708046197,-1.3272418045014251,0.8166362815969958,-1.9470117227826165,-0.8233417438137373,0.018454024016009346,-0.6115855356488197,-0.8646658749554299,-0.30841447686739826,0.26277537477332025,-1.1417144877173304,-0.5965707698916503,-1.5383066265786136,0.26845904770834444,0.11897809559331138,-0.31977587246437783
-9.432823890556458,-9.942778786564542,-9.887924449176383,-9.46774301016056,-9.472883170276203,-9.12141237398126,-8.885639332007138,-9.018861637834966,-8.476692132152266,-8.282676367539628,-7.615848427240869,-3.858548917414802,-3.8544816886293813,-2.7182328208294875,-3.0106614507423246,-4.226824877856041,0.766497363411129,-3.1025145571521446,-5.648699875704102,-1.8905367507261746,0.22250932373186869,1.1630303041538679,-0.38687560218684836,-1.3275559653097753,-1.3441409747709994,-0.49020242115197704,-0.9103735597146279,0.16764954076183405,-0.6226009646588444,-1.2708979608025661,-0.49653365142601685,-1.3885655134291524,-0.7755245129964122,-1.008713564380278
-9.328307210524384,-9.59052715666552,-10.029500537539306,-9.998144231858644,-9.731471713369295,-9.570913407153228,-9.462751643344378,-8.83741551126727,-8.659913968094624,-7.707182337571776,-6.4586345952245825,0.3057185265098708,1.6731093225103184,-1.1226586897876063,-0.3433056636202886,-0.37010186046906546,-0.12811142823966062,-3.890649551194424,0.08567624116464538,0.25050124970094856,-0.7263831702527224,-0.19424410382593407,0.07805260213443915,0.47733069305618275,0.03785218962172969,-0.46833919473285146,-1.218948555941967,-1.169814236258983,-0.48097855025849223,0.45322799037771,-1.139410535939988,-0.4879021885443155,-1.5038407086411463,-5.354187229645826
-9.072688757535479,-9.054883428985223,-9.790120751172811,-9.810329852622251,-9.95357063704493,-9.545217719137336,-9.114524601793372,-8.73146733972473,-7.155107703816217,-1.8235587213640276,-1.5901081863703839,-3.1074207284896103,-2.8733856884519096,-3.964024968312886,-1.7457935370542546,-0.946987085267363,0.2050640365183601,0.8971539742239526,0.3503060252463099,-0.8672541035978708,1.231644098074236,-0.7744609637482033,-0.057151292876256844,0.48573213420466893,-0.4343247456272371,-1.103070395539847,-0.8097948166569219,-0.8144146563828779,-0.47762969071746997,-0.21127370168826246,-1.6823726720047787,-2.492253234473587,-6.47790471591378,-6.662892288532922
-7.344787765512908,-7.587630012246489,-8.151222141823188,-8.94323473936055,-8.805354032578947,-8.530982540565388,-7.4496284443033485,-5.33904191359249,-3.803695453661852,-1.9395566851239947,-1.378248936087298,-0.2730172258652559,-4.515425913992941,1.8650888500685625,-1.663930510288416,-0.7848530876565228,1.4634735553481837,-2.9527214354967546,-1.9999260022870122,-1.881251287575446,1.1489119254790727,0.8672908630052164,-1.1321281691158238,0.12097820008822972,0.22277868198098322,-1.5736159556174791,-1.1715349058477622,-1.3842609167857738,-1.69732699898476,-1.3833391419147891,-1.4946121765841978,-7.194338762596415,-7.798513648946512,-7.304757788637149
-6.980853052744039,-5.793053581681677,-6.290871275753704,-6.233686164199813,-6.491739470660966,-5.996443017070516,-3.0630023652359553,-1.1759762694192735,-3.258488465067964,2.45131260250069,-5.523845321319677,-2.7991931797252834,0.9539008531747295,1.2244595748470335,2.8922201497162887,0.14211731982204134,1.550482490596633,1.9088755420256194,-6.582748546651838,1.0720740287832553,-0.7902897685323252,0.5489508514737649,-2.4369463466877304,0.4652671584902975,-1.0736269875986726,-1.0843240739181152,-2.1799474335102094,-2.354377451634645,-1.4762111567848732,-3.5496473566827857,-7.863551456242441,-7.882657746789114,-7.641176138659998,-7.426457714732061
-7.378564501470285,-6.207602491045987,-5.09010449545898,-3.9288339181538525,-3.6821729338211497,-0.5982854707822317,-1.995295719500845,-2.592096095777862,0.6170266759193291,-6.064293889348983,0.03425166806522366,-1.209307328909249,-4.311417082298362,1.5851871923698744,1.3859715068520198,-0.06111840558222031,-1.7186634963579026,-1.384415488970215,-3.630762873151664,0.7428857984247935,-0.3783636393414138,-1.369183349458676,0.48224915133671925,-0.1891874285251986,0.0720723580278077,-0.179953923028574,-2.2135122609279856,-2.5479713315361243,-2.4239841404075766,-5.856739109707161,-8.66625227607621,-8.031553590480051,-7.764507192749445,-7.896621820333831
-7.153477148144755,-5.462124480258693,-4.101231881285231,-3.6173469262933517,-1.7862935713840171,-0.8936594053855278,2.302211602883119,0.3932744360270795,-1.6883705627275853,-0.024624367387714466,-2.9588829881408034,-4.041661617349157,-0.959738134729579,-6.328579376012831,-1.733741659544926,1.196156895542543,0.9581309590782295,2.5486061026057447,0.7247743849588515,-0.6498653955110205,0.6294705209965359,0.8325767957972723,0.31439719786468184,0.6887947341783622,0.2958837072271545,0.14538780979499866,-2.30956050662697,-3.5430047401951046,-4.111062414658013,-9.698288349346463,-9.286638676293984,-8.571689239956347,-7.511086648606167,-7.5162842888377694
-1.7413221496705276,-5.9100493573464306,-5.15106526966656,-4.620487315189911,-1.9691141068672264,-2.587451736988519,1.6853760282934396,-0.3148838385136707,-1.3719157131262079,-1.8819359694919284,-3.2953537482244486,0.43027873043273873,1.3828079408582532,0.5738432307792123,-3.9358788184605302,1.1370892750649901,-0.45002384988597377,0.19181434811960302,-0.29434121814157876,2.373039816638607,1.7717179561538283,-0.8773821720652821,0.28719766571958055,0.5610510254891693,0.6080523906276699,0.6136665325279679,0.5426727447788571,-2.299031554682375,-4.013731658222818,-10.0326964237273,-9.881654200207763,-9.02222004515383,-7.5105279289763835,-7.235682557891167
-2.1954572612076984,-1.1438940075955293,-5.338985998340711,-3.7026000839804327,-3.3554931945453834,-2.066793171680577,-1.2855589516321142,3.0093567324236172,-2.453150320271874,0.038529027562131515,0.40234252190704717,-2.2239156754375013,2.1403115127257606,0.2946693556641634,-0.9795195929737616,-2.823765966156211,2.156101580688452,0.4821815655910678,-0.6720648196322365,0.7014845394960167,1.636437534833801,1.4755341879930575,-0.34952092003762886,0.6565392259471079,0.8669094114027286,0.9828732390130227,0.8742493419039216,1.2663549163951289,0.7992422872436611,-10.627291165445184,-9.35040043788195,-8.61792561595784,-7.532487494116657,-6.3866950679749515
1.4099740034763155,-0.599709106469579,-2.387073847939034,-3.0666701717026994,-2.036869852501576,-1.840426526477152,-0.8634928808210358,1.3342558936554445,-0.2071169191559456,0.43195558901296516,0.3298758573055921,2.4148608011798567,-1.8035622303433172,1.107213021231611,1.8198694799066746,-3.7619485882705974,0.1080041009069271,-0.2164016085282925,1.5142289648298735,1.6455465014421147,0.20917428463936383,2.0907098023045414,2.367992027236354,1.2866335466731544,-0.5063174640307057,1.0737841658158842,1.8161811645025836,2.1934543020695503,1.2482626728971664,0.31268650213763927,-6.1032272542331665,-8.108307535974363,-7.265000640755148,-5.875379327315153
1.7191668210497777,-1.0019802442246575,-0.1144675575883766,-3.246150366409021,-2.245550039748167,-1.8085753492071182,0.03663878803961644,1.0590579117088845,0.8777504880162561,-1.577683071640318,2.187601327531011,2.1414284902936975,1.0539772291478962,2.324071126287516,1.1912515225406357,-0.11762411587868707,0.351707943660069,-0.24819475721247564,-0.258212347747278,-0.347570221928681,1.7953136477074034,1.8300913336798235,0.9735495059017402,2.2521254873191157,1.497652709296306,0.9086170555672534,1.1851233279109152,1.3953102725179405,1.272887713317184,1.6445940863904005,-2.338574668774814,-6.126957732720778,-6.439934535767435,-5.337797187711064
3.864035968528521,2.3790789552433345,0.7452654059266038,-2.4245431728408646,-1.642050458447914,-0.8649658191411994,-0.3810415076858324,-0.8262689893789589,2.1367165181969234,2.6873895893523043,2.6333954167800813,0.4327701766553819,-0.8222390036595778,0.8281724278756193,0.34035532015950476,0.6302895359286211,-0.30230793912618786,0.649118240219251,0.014118761181465104,-0.43918601751391073,-0.29931648430409513,1.4606451131861224,1.5491469716815058,1.6821659182393456,0.7509026186264796,0.6671930193687102,1.4800116516444095,1.1583502112151873,0.8413348297943108,1.8426834132880854,-0.7357347368703484,-4.119655139581326,-5.263945040579198,-5.338658971732555
3.338412664301682,2.923386806301004,0.8995686372349464,-3.073752631262968,-1.7957038574987456,-1.5381226424734538,1.6060333778920441,-0.9717600663970153,-0.6137822273888816,3.7227658691792,-0.5449130223666949,-0.3905298739028857,0.16612398800723976,-1.1017873074323379,2.0183760664978023,-1.868237404848559,0.9820158148952024,0.4238222849397534,0.33045492600717535,0.35063736986150307,0.9536536937394191,-0.6190053837122174,1.1492337912078536,1.1701746636153938,-0.2689322600954235,2.0732884573979162,1.237804541094897,1.3579500941842568,0.84641629838036,0.9727998839122429,-0.023318744287624496,-3.0195664971340506,-4.551759239209574,-4.9047138695337065
2.3805461887669677,-0.0381074130786174,-0.39815828250968766,2.36015786745452,-0.9993605882617332,-1.8868729230496752,1.1959187086811647,1.1258425963041945,1.210173922838287,1.9576273469992935,2.058236687028586,3.675887086274194,-0.9554398326228289,1.2806240521921106,0.017780095896162012,-1.293011314902054,0.31694725675258617,0.2920242584807501,-0.3076709417884753,0.9782109002676311,-0.6461524337405027,0.2972389652851882,-0.5012732631272513,1.1667531137764389,0.8000338638148271,0.9687169818109721,1.6318774134447376,1.0653975758084158,0.8348707705807527,0.15632349889700026,-0.6659889612077555,-0.7089956261707077,-4.264274822410769,-1.792194783846394
1.3165365416526433,0.9195416142649158,-0.7590982664195892,1.434094205012558,-1.994404351011578,-2.1522767868834896,-1.2833779956652367,1.5336244760455828,-0.9628519750314197,0.461609260272737,-0.16358955078434093,3.1222506450097787,1.039367524942512,0.05691690780178046,1.5813317751694953,-1.1128628986548759,-0.45096698309607275,0.798599377669209,0.49073170835089247,0.3981707504518518,0.5908154269055704,0.28742012427325453,0.6468089297638605,0.8258496958391395,0.157113831107429,1.237504298695374,1.4389621888129531,1.4540554237043033,1.0474885182045814,0.10119788339020294,-0.9404725333184688,-0.7489189177516289,-1.5939195073915295,-4.062076313077035
2.2719059787508082,-0.08263830490165996,1.0314757534877959,0.5529933085807776,-2.5134701040248566,-2.3055290390635097,-1.21159755332587,-0.8076847758883149,1.365844148274887,1.2734688581692961,1.4259314902799216,3.2506734825328456,0.9030845679186044,1.2054011618666738,0.7899639969665608,0.8734430758770307,-0.592735688533155,-0.729873132420071,0.725546705669415,0.43070206034313,0.18410905410387354,-0.6718857116752017,0.5706479108038685,0.8804955487163504,1.3716981624774331,1.275251736075877,1.151351600866468,1.599913734392833,1.744450854231908,-0.8316430964697034,-0.7476458595516997,-1.1479934615515814,-0.8846692162519012,-3.4487798863490013
1.0288075691908305,-0.7283969843784708,0.5739301288251751,0.7774729516382881,-2.2864561921574813,-2.082742045467182,-2.0180023172343646,0.8668467796559522,1.4647216357225603,-0.8118469936939209,-1.6012455672018686,-1.5266060267146495,1.3637273017466123,-1.2644179572012988,0.6690770156103378,-1.1800015727880242,-0.7475191222301873,0.5656185821086743,1.1748278190515933,0.8768934027543497,1.4730504524655368,1.0289038594294793,1.2668045573237596,1.1242555880824026,2.151369569558185,1.9294985145101524,1.9410412913742854,1.9665335571308997,1.4787765935458848,-0.4806598414692932,-0.47463369567972763,-1.1312873829641343,-1.9087553306755782,-2.637665277785305
1.3499335211713586,0.494606100376801,0.5916809244962867,2.4401527306929514,-3.3246428941307413,-2.4755338516983283,-1.3329390069106157,-1.2132461461955322,-0.5617542735476994,-1.0164635794456505,1.2634317475813313,-1.599875321351117,0.14727802619054467,0.9581915897749985,-0.44972376213386217,0.5778514895431537,1.0951067690876282,-0.6308140782647695,0.19275710065030344,1.5265272043463851,1.40870342587968,2.1079648358267256,1.6464161012723215,1.5180281692447206,2.326792473900713,1.8401717286582027,1.8411547275015698,1.6830421645129547,1.036249763137876,0.06051890169718939,-0.28517273106770935,-1.2089561872512964,-1.0617984855734868,-2.1144594917804866
