script/wind100m.json
{"header": {"parameterCategory": 2, "parameterNumber": 3, "lo1": 3.000054539987559, "la1": 64.9999836372058, "dx": 0.5, "dy": 0.25, "nx": 34, "ny": 52, "refTime": "2026-01-31T19:00:00.000Z"}, "data":
[rows 25 to 49 of 52, columns 0 to 33 of 34]
13.492388916933681,13.030991686014564,11.636826197020426,9.257231942677473,8.722862948865165,5.526134500202797,8.44483912603015,0.976762324137009,0.5566692568745235,-1.0595298528643944,-1.241399730127436,-3.7257275852692002,3.3068784448803465,5.756505345525147,5.566973355022131,4.051231662934515,3.2879898808506205,2.9830509542640677,3.052274052689071,3.8249950647636934,4.319519785991944,3.3683824497809782,4.731462674198762,4.80698724540751,3.6842211479226927,3.9857690340222485,3.9488376938964356,3.1648232042190325,2.6460789067114296,2.9625853578511174,2.4701517822371484,1.8361854231107655,1.4114740087102147,1.9917963714622802
12.738113857982869,12.731127213822898,11.97319246933995,11.522661129013976,9.958141432216692,7.149480481246463,3.17884765086904,1.2674045256105064,0.005905567797992237,-2.646006118460398,0.6637135843282705,2.4203413667762868,5.07302972030198,6.209617311893967,6.240735507714285,5.632862977033743,3.899051089549379,1.8591929529748086,1.5999919136851903,2.495902235844328,3.3951721946356144,3.8824046201954157,3.802771346919518,4.206899524756511,3.1112554593549993,3.8665417605725376,4.242892481960616,3.5944188565874287,4.278204958985456,2.8190778981156464,2.148217458660699,1.5042259571956969,1.433321155592235,2.2153067490789935
12.656760028579606,12.020798893625146,11.96611486832555,11.284362447213956,10.560990225190519,9.000266544535092,6.2279416079556675,2.1867550558072466,3.253394055202632,2.1736417243397352,3.529152610662658,4.561975272134017,5.855465790157921,6.790243151294647,7.013140057917381,6.3014185732957575,4.841551651888978,3.3826926075809953,3.3437968065751855,2.7960680872379196,4.32046395821612,5.149133538003621,3.7603924648330693,2.968725239356613,3.646503664563041,3.4546632177937373,3.821619060123138,3.7932407897474842,4.521548960415493,3.0145020997672325,1.9453855349682516,1.3031890227315135,1.4856091259865647,1.911491172159344
12.12710312868022,11.594753744273563,11.143285607475818,11.094849415109056,10.242587850484188,8.875177302499685,7.488185826308003,5.995693736452988,4.2092526345669725,3.3712822761247776,4.816682798158609,6.37476003715354,7.5145395961628045,8.036075442667817,7.854206347289608,7.076861106410977,5.7019755376162236,3.8029720076178593,3.9131018221024108,4.674313950825922,5.1959129147248335,5.1611730894256365,5.129540901521942,3.9856636762607836,3.8150374843708557,3.0904115564960395,3.081044447195136,3.424138316745574,3.975091744942235,3.4936240132273664,2.6466794932080937,1.7480934777898618,1.8830456110097475,1.5276784463335746
11.467210722116597,11.151575927540872,10.68830836090814,9.884133728120782,9.403656601353022,8.503374171782115,7.94084791802716,6.586137637313114,6.062302719375905,6.223924540127962,6.626834242565401,7.282305069310697,7.678648225364181,8.140856673629557,9.1339201807368,8.36058606519603,7.000116717793094,5.087402993949059,4.355124234267482,5.085496491007456,5.3281755521762095,5.212422631829907,4.300000324447343,3.4596969052092374,3.238165888302404,3.292625587395169,2.641484039998221,3.0316654260009472,3.812109102360004,2.802320967357008,1.4265752783601466,0.41999876882280746,0.9234402125620181,1.6485576934719592
10.99493922531176,10.847097663574559,10.150039999281768,9.574205575598947,8.664015179487787,8.325486290642033,7.995690409691018,7.176009447119278,6.2765524311096135,5.823573677480372,7.584808754016132,7.629007658470418,7.76910079512481,7.1794731991649785,7.978323926717352,10.375585880197942,8.471178478176723,6.223805470466266,4.524600567278861,4.425825987915629,4.55628499432817,4.5629600083874235,4.09105825885228,2.948139738741257,2.806932371293838,1.8750699237857755,1.9860544277550372,2.7969557757094776,3.282712396310217,2.702680169703712,0.9224863174091956,0.2806014215874491,1.0220728418398028,2.059166395376219
10.429776861217347,10.427602320629804,10.168539905219399,9.426468812286005,8.741377360778948,8.204729100869246,7.771545000577583,7.306244433041705,6.738895922629766,6.119602881575572,5.904967622429195,6.900863259867956,8.210701430619729,6.478307175714091,8.461722299794552,10.124423703259053,8.584524569708188,7.0510507243672444,4.993613950644264,4.5394932493667,4.455738882617336,3.8502915523760426,3.7671268140697,2.739257132779908,2.205000882499204,2.2076871413834698,1.9875961303342033,2.92828110613436,2.1709352610247317,1.6034227315865064,0.5063847985411277,0.5938705381722361,1.517016025199726,2.0687493711831304
9.884959944705875,9.821854995035448,10.218584117572625,9.657394718447271,8.981640211550571,8.801449121914482,7.861507172291717,7.802304680228851,6.944795219369512,6.644284443070143,5.534883593977919,4.366234489483898,5.837931430007098,7.017436477965667,9.062816202579441,10.676132187632854,9.968964127345119,8.836079270667785,5.922214639694583,3.871837782247344,4.297657240567084,3.8814891466591996,2.9110598687170866,3.229271470662571,2.674108507471858,2.0093278375537733,2.443026529493494,3.29614207994197,2.4212860376981586,1.6871240375970895,1.302600613995216,1.1363316775802168,1.402214738727241,2.1611655530408016
9.5208826019117,9.770840054121884,9.864945406044438,10.46615077814419,10.019897013918232,8.852018804034907,8.468369915192312,7.836640278329104,6.957396758068694,6.752971005821641,5.370729578838299,4.933819035125702,5.288491049335688,5.821030535006856,6.682358520396137,11.297336128212432,10.08404428468509,8.388619129226333,8.061135328842662,5.976455289652071,4.133003905376194,4.379642801848861,3.2053714484734797,4.21475230606045,3.3158658046939475,2.156147237339803,2.3896015311111576,2.893856058048798,3.15024226733334,2.112663782236677,2.0632593537214654,1.7059441999779168,1.6590221647384267,2.2997582582413614
9.522180763175033,9.751956461998441,9.658590162019475,10.129246222287982,10.291136119127563,9.964157037030839,9.012266615432608,8.441623150665002,7.847498226019716,6.491138766756864,5.015252558905637,5.14880511403731,4.810347957348154,5.495456758996199,6.002124223139546,6.7840874351651586,10.28947990370397,8.505800948292446,8.104740355795778,6.476590200197914,5.775220897723762,5.04831819962104,4.756528028028339,4.73114211726771,4.532065029529566,3.846491085540831,3.471191022522457,4.171755063911985,3.2802465950458903,2.287072907912213,1.7433164903867269,1.538590747090415,1.5368555749118897,1.9284123164598193
10.046573885598148,9.472800792912292,9.548222438721643,9.692665528613098,10.28677674003597,10.189728445727674,9.483543625711091,8.614673766747664,8.19620668489108,6.998143773600996,5.015037099381587,4.553352309626727,4.975903462543993,5.894520420768289,6.100053493507041,6.067536758104288,7.305366044976083,8.024367325858806,9.393582518606975,6.0659158962238795,5.390423483556168,5.860537713435483,5.76539599475095,5.74628207064717,4.11291965879092,4.02159928530656,5.329279720878693,4.7070923054072615,3.5539093573538083,2.605978671569151,1.931506303942247,1.7898907625529512,1.6111994546645239,1.8460783212662004
9.71727860224278,9.639488728537211,9.752348030645715,9.676956099725453,9.81646774971342,10.08982077129834,9.791957867975981,8.750841389448144,7.748387452939543,6.463338841499603,5.8376788427056265,4.801020082181106,4.86956232215692,4.817559688031426,5.34187386913489,4.642976769083024,5.836500877208689,6.513834106006246,6.899217943836404,6.870107745588481,6.492097074231336,5.490201564287036,6.844028709116394,8.185379962659459,7.683112600450559,6.868555452564616,6.1851972068343315,5.483742715547572,4.295705063306157,3.068380272177829,1.9810386912162852,1.2108752485305516,1.055207899341525,0.9150898821646363
10.012788065473172,10.409229486212569,10.729996837477321,9.784348834986682,9.291754870360098,9.56923272221124,9.998245453978466,9.44222132785987,8.261990889683682,6.6260723470028156,5.536991607627996,4.6725254624549,5.546854600154847,4.681661521353337,6.187824006559287,5.748581278134,5.6309175461180265,6.780262433024252,6.007750060553613,5.957354387531457,5.960184818645959,6.549052788734869,5.997155198458703,8.703674994381219,8.29721101893131,7.916132361754878,6.933968946124803,6.017824106723836,5.2061724219842365,4.187117250763581,2.955095824361428,1.8683248684343443,1.0436936121167377,1.1986062348153563
10.00431551854815,10.58282161749101,10.612012808810999,10.678499050969384,10.179567322162514,8.918824348206321,8.914321143225925,9.574997628836257,8.494148397533795,7.689094250197929,5.668922393926792,4.512409181857443,4.507975673453074,4.044459531420391,4.919648288359207,6.249311942310572,5.509529773158012,6.109717839027165,6.827245054952974,7.4971834029701325,5.985491694687551,5.61726119277524,7.200147663099744,8.047776655114813,8.109375509163895,8.547347846622559,7.786845186730758,6.8241729874698285,6.102422954668894,5.2995745850086635,4.6122455328053205,3.3737778291863347,2.626791544369062,2.4106017959884993
9.641105915910998,10.242971905545033,10.499585882291594,10.661394566799505,10.461145777166248,10.036474096928588,9.305115776083813,8.826169448617417,8.82330269456409,7.282770296849571,5.337952203485549,4.011413164033309,4.8426115758842885,4.987957101187177,5.008069936836703,6.173095109215575,6.419982364633163,5.4953375678042375,7.606130403735438,8.205494260618678,8.079796497990495,7.437694071658537,6.334947872950533,6.517219932058191,8.286517684338204,7.5483488915324735,7.490580783781121,7.752607122499617,6.60600700164044,5.831808538917582,5.4260529484797235,4.3931696707332355,3.439873283053381,2.7163651949948933
8.510062162555892,9.191599614513441,9.963156506970718,10.329511823346655,10.673242055862916,10.993264214520309,9.968403129255202,8.961507000008918,7.925810037230119,7.898782365241921,5.742795261795038,4.406873376419482,4.1664586782162125,5.206428752440095,6.180254923716734,5.239278032154824,6.523814581479874,6.538783631704746,6.333653346478757,7.802303679324905,7.809766066572875,7.944843132109508,7.8100617305947955,7.927136291535866,6.617022317350557,7.059910657048544,6.726739123030071,6.2361564681170645,5.95232073927068,6.7532030602936075,5.677262713825981,5.034230338201302,4.066902047024502,2.589115249808695
9.324519919593605,8.768017281582486,9.036177088941248,10.023767843270996,10.36497124862447,10.449435036315224,10.317677421163587,9.110679144199676,8.133003362756696,6.828448780321755,5.477132366142844,4.194174900627744,3.4752459004570664,4.633486681824269,6.4159421884844265,6.919927677783165,6.122124467267878,5.576570578514884,6.281274627670221,7.535555591194467,7.960190598424925,7.998848392655579,8.421976812230017,7.837866167149093,6.913399887832032,6.619024006017529,5.88756427403682,4.680180402927572,3.7132870546198586,2.411348824353443,3.1756870106771165,5.415588049229883,3.5871999080283667,2.2057270298938616
8.099567479672993,8.984775902474334,9.341564934830375,10.20615543572146,10.656668036683701,10.111299959253026,9.514756697090363,9.160720358134737,8.242420419640515,7.259234635384835,5.855063879902281,4.206740897066769,2.8594717394194427,2.3804965296076457,5.351990409528532,7.340896463276513,5.233926458845919,6.634750836636985,6.485249340965322,6.603506975547455,5.57547747131442,7.249262150017109,7.484462536675213,7.425204063765334,6.2412261381194325,5.648897504470399,3.8338630248433345,1.6050224690936306,1.2874277801523375,1.5963902413471682,3.3987489089175664,5.540442002240797,3.5473913974438425,0.7050788612609785
7.984915858481265,8.661647295704622,8.201402352578727,9.222598569468241,10.269336060041907,9.750745257235534,8.88106983706902,8.761759754677762,8.046705877903703,7.777706040720606,6.2473249816845655,4.397570470854405,2.502130882545296,2.931672352087932,4.590868785494811,4.197938388085328,5.7285397736836465,5.209792467836346,5.007307689212413,3.9746455191282526,4.4249431034899755,5.775348173687411,6.341783124795964,6.2167738765013105,4.368750065298869,3.487309177305616,1.7635786194996432,1.5653635419462597,1.991681338064136,1.4622084058784697,1.0913518757789504,0.8248128338490115,0.511282057231154,1.9958438412294746
9.720395220991639,7.592787322384622,8.864514029045312,8.632493775608472,9.046823599449056,8.50636113592628,8.259875529547783,7.411197421430274,7.317160743157595,6.937600490322528,6.491963527602102,5.344036409919851,3.1733378263498224,3.328926712138337,3.9579803495251684,3.31974482637526,3.876163574807532,4.440405467360209,3.974618899079461,3.751114011684911,3.311520826927839,4.2853665725547865,3.856060610587026,3.5405389070209212,2.93369112491031,1.4128189407352418,2.8676288138466894,2.804477330050783,2.2205250275624353,0.2140532892239986,-0.8211389762113552,-1.6096538393679316,-0.4680382815226147,-0.0298554481981749
10.399292820588842,9.485737222722227,9.16862907650807,8.852809712713867,7.57484656973541,7.649349027123617,7.726007361279234,7.177347465268395,5.689031876644551,5.64861882094511,6.081478337823954,3.937890303837132,3.5071430641386736,3.911449455103594,3.2813964010060985,4.049307831541403,4.347136512020377,2.4510736143652636,2.951121431525381,3.811549779621704,4.0160623425877064,3.7139174505690433,3.0723054341026734,2.5109884308413672,2.330046722252159,2.4998657607386074,2.8324862787613956,2.7321758100661055,0.4101330594905899,-0.015902606695612866,-0.8816249368929209,-2.897722285656388,-0.7672905856154137,-0.5255252470837702
10.408464499965179,9.84532820203095,8.404082812005765,7.8294310083496015,6.311582882258036,5.9415482895170495,5.99083339330088,6.031419190341983,5.241496357575729,3.810156669100182,4.7240758758361805,3.2206192775186464,2.822703799580667,2.465685935270865,4.706148186245898,4.318401978373463,3.97114449629113,2.6387273037979484,2.5122040300788773,2.2304841854551354,3.362052790042355,4.393701100291726,3.1377235175945812,2.661533358960544,2.3718631060427047,2.6203002261507007,2.271237633493558,2.052317986572973,1.2741202571523875,0.4229282703674225,-0.3036001442034396,-2.0397228698127883,0.07381347894382988,-0.16434163119050832
8.21553836928355,9.294277953074985,8.580664814110651,7.245352742663644,8.028051801768457,5.144416269664756,3.8344298731171755,4.32926731522516,4.158168037722042,3.665194538347605,3.432631844242007,2.9371283720251333,3.4104022956842632,3.1705217766659377,4.018977299889973,3.4287881419793127,3.3046678459260144,2.608544724897251,2.270321902219055,1.4535685299974854,1.7368026585206977,2.4155720891909076,3.211012518825546,2.5930701754446472,2.3356199845493233,1.5040251199627495,1.8494652796395554,1.4023406253060609,0.8917000064803478,0.500427331082331,-0.2658838200834739,-0.13182692087405434,0.3002283961120759,0.6559645443622035
8.188868853707154,7.537321339498526,5.089058750036928,4.994598806370258,5.483397379659232,4.069810721323853,3.3616582970699826,2.6138183859201054,3.2576575639237526,2.96898243735433,2.8016816170638053,3.560712830156042,3.454218980562147,4.043431079758038,2.6416283478162974,3.6851964247328532,2.3800480195800118,2.3995506803380278,2.6809629280177747,1.6484966993630827,1.861600545351218,1.5646244575403778,1.6115396125770474,2.455510883848241,2.4006361837074297,2.457239548868672,1.3601964654924272,1.4216872150217965,1.689785369785172,0.8496088844616572,0.050425812538504616,0.4876572018274527,0.5406438377600736,0.3884974380645199
8.031701407301579,6.040164984367907,5.577674047465713,6.363247944092426,4.823577965029971,5.7848632084239435,3.9116140008331013,3.928902866311853,2.86329061893758,2.053210459502434,2.8936539434396993,4.124044906183641,4.778424639392603,3.701537210232888,3.388729066625762,2.3427700086730048,2.9753809625613132,1.98499779678414,1.8720890500350127,0.946186084010773,1.5113646276826065,1.1036622691056723,2.347783101438498,2.3237876344599053,2.301408489700107,1.204335127224946,1.1590454878051943,0.7132439931826292,1.4536079648878508,1.3017496381145597,0.5611714349617541,0.3800527263027071,0.0196307011086256,-0.8198873822608505
