script/wind10m.json
{"header": {"parameterCategory": 2, "parameterNumber": 3, "lo1": 3.000054539987559, "la1": 64.9999836372058, "dx": 0.5, "dy": 0.25, "nx": 34, "ny": 52, "refTime": "2025-12-22T06:00:00.000Z"}, "data":
[rows 24 to 47 of 52, columns 0 to 33 of 34]
6.252170740060925,5.880655408260989,4.1624663066452525,2.299417077731896,-0.8620804665708809,-1.2037127586417393,-0.06337645927420783,7.379917094602009,1.3438699050395415,-0.5460810921158967,-1.44622143214953,-0.7835677298741601,-1.302315235750668,-1.7582258214082114,-2.9929608429851333,-3.8219012512369357,-1.9422326138750556,-0.7008634362944302,-1.0599380149490583,-1.2645924890901352,-2.772448181849003,-1.6584926814694483,-0.8042346291430961,0.0006517491946757578,-0.3423899637576008,-0.35287596067979726,-0.758643394598679,-0.367879310347374,-0.08824676666628417,-0.4242242150913049,-0.7414579856634298,-2.499115178592451,-4.841499636757853,-5.279268574065923
6.489872976103452,6.55263939392544,5.872365868664407,5.356573395145914,2.5672767096831577,-1.603915526960259,1.6308250329244711,-1.6330692956239303,-0.817789901897768,-1.3365070619839357,-0.9236131994535977,-0.8892793063060177,-1.9180094280991882,-4.888798247301694,-3.465468717194572,-2.0188080845466128,-0.8156963053444662,-0.9646638540639342,-1.2147943419825755,-1.5906844632448682,-2.3658283538420553,-0.756280191509369,-0.06426006530130592,-0.40803926061138873,-0.41016430783157015,-0.8636202047034955,-0.7363034682078434,-0.384059720929488,-0.9816274583661821,-1.188774706801431,-3.0896452766499993,-3.397522587143505,-4.379850523176061,-5.27600058359744
7.336150349714417,6.666832404698481,6.980771740103391,7.358151604885276,5.690364080192268,3.9505556536890976,-0.13474308574235017,-0.057760507702546295,-1.2299357499011523,-1.6252274106024287,-1.1680239582011973,-1.7597125327037921,-6.690980379262537,-3.663888415633328,-1.9313298962610215,-0.9659352851589019,-0.341350764070334,-0.17324557824519524,-0.5173416545740012,-0.335655468254824,0.14140248934471622,-0.7574354389334425,0.013437237785847505,-0.6083389537854615,0.06719829183891413,-0.6402404395082314,-0.27849914276401283,-0.4579805665292381,-2.3808341759850142,-2.935458156123685,-2.9616876374913925,-2.884463091810399,-3.0767552885450655,-4.516143532455226
6.354042137308025,6.126013117568786,6.0962953720257405,6.135380491421504,5.644583177785615,4.618228225062661,2.550424424160008,-2.3283562801262834,-0.5518396072740981,-1.7166849426968473,-1.6880244589862656,-6.503883192426992,-4.13673194246025,-2.710480593565669,-1.5946660324638027,-0.27910595670380084,0.21958803950786018,-0.25781064193019293,-0.2662726463386163,-0.24474113425068367,-0.7086128516380786,0.2505026319442945,0.1675653618666487,-0.20448753971864606,-0.14453917781845504,-0.11876307648639262,-0.4001586467351393,-0.6356928083531771,-1.8746371598478417,-3.2877683750400486,-2.412152690982215,-2.2369312851354457,-2.5848385519685264,-4.329343379327492
6.746467974185295,6.219619073972837,5.714345511672912,5.344993932246412,4.584372630705826,4.019578590178523,1.8459651868652758,-0.6552936024421087,-2.017671676914721,-2.768704221429908,-7.097430302439246,-2.6608077688425498,-2.3626667999128053,-1.9221267057661418,-0.5388932438989513,0.810278156555114,1.132009952340318,-1.2692136732873611,-0.5296200540809778,-0.05703854005809394,-0.2704361632705586,-0.3735150243904728,-0.4258259582924204,-0.37596777943267085,0.25674889105863047,-0.05908085327822487,-0.3503135084707395,-0.9309885405179973,-3.2040565015916584,-2.826496087386734,-2.46443025978398,-1.5869006636370362,-2.78061228381858,-4.0974289316194445
6.248881389072026,6.198668803504011,5.648639906284552,5.249826809186688,4.4737131241756884,3.623843423844706,3.2272478178576685,2.232171605297393,0.47978738025759615,-0.6375842951660461,-0.7207441897742257,-0.578640984566756,0.18859011270680837,0.6832901379548585,0.919993303578109,1.4022723690798693,1.7049837202528189,0.3929274623303377,-0.41251457626785515,-0.3418119672701918,0.27538696496722115,-0.11103301164548726,-0.1718218247163207,-0.05634605943586387,-0.8946618366146627,-0.7639280837265643,-0.7617557188648897,-0.8938866553362683,-2.9936317559620247,-2.9286997987885734,-1.6962008472507306,0.5484668726819366,-1.8938027644921047,-3.6700870700758403
5.422635978076925,5.167746299335999,4.776089374058728,4.294067996083634,4.095978181110402,3.167310032591585,2.4917158435569493,2.0012133451302945,1.1698346820036623,0.5157521984590551,0.4352114464812213,0.4230930618020838,0.6189872568094785,1.0814988096619018,0.2777496312756145,2.781659086869451,3.2327042314119736,2.508217903577468,-0.199670799866223,-0.5992003824290543,-0.5095389464734225,-0.15735661457971803,-0.9722585409438724,-0.7882147465686838,-1.0191621985070374,-0.9391721816801578,-0.48075638784273145,-0.7488438522710954,-2.6924621639876567,-2.6662663864531106,-1.5161569112033995,0.11054430487360353,-2.59369592040689,-3.4203418079631827
4.726384493264481,4.659862365961995,4.464995272886125,3.8470797329692927,3.4156580956384,2.9645106824843594,2.476034160734086,1.8298485117810734,1.6975907790261437,2.239179237203075,2.14616511770678,2.3501001131657286,1.6133241574540091,-0.571184874893463,-0.09256385720418094,1.9049716627846032,1.0312097397885556,3.6862854229317,0.7265512049082448,0.11555312175303847,-0.7463917458724827,-1.14741712977944,-0.8583124053495385,-0.34431431188084854,-1.0629897370180463,-0.662407892276485,-0.6911693159352638,-1.379277439574516,-0.5402279477834214,-2.304386770771148,-0.31195732323111913,0.10626060380959311,-2.3800018461370636,-3.28047008073369
4.4828911939087135,4.6064459115299465,4.476802903411101,4.119491922903722,3.6078227727044228,2.9982373602649255,2.4072896930277072,2.0006016523725902,1.8632311880634267,1.793674073851203,2.6629220417030144,1.1702873843177843,2.672960382571546,0.8558317943452878,0.824159501545938,2.7031266570578256,3.517624436369612,3.7999562399577145,2.661230328615265,-0.6869257269183747,-0.42150169923064035,-0.5668586301916839,-1.177419117821416,0.006768718386693699,0.20531851952211658,-0.3321972217349542,-0.6908657349813117,-0.9152352851915713,-2.5434200718213864,-1.7175519848826197,-1.5899636895513722,-1.9842970907690167,-2.105912120428409,-3.1451481585555143
3.9941018412687397,4.475196176487319,4.533171886755751,4.452273876389032,4.007163119884185,3.4809478295750877,3.1627699278944132,2.5697753810129975,2.383756891754605,2.0611313337271087,2.2657489373930804,1.745145699166189,1.4040063526953204,1.7534222833512845,1.842135112833887,3.7365426012000493,3.242451666852923,2.9735204548188907,3.810629437942351,1.2677844498649204,-0.5529783941034017,-0.39097551406817277,-0.6695140818616319,-0.786049587067917,-0.7934420221893247,-0.8385810352445465,-0.39023438034149394,-1.5492372213956542,-1.4829558974539645,-1.6503687015614779,-1.1745727811976674,-2.183581952208652,-2.1336032369011644,-3.0996113260593945
4.158018192954049,4.139322779497978,4.34427795982035,4.523329023398591,4.554477462527973,3.8752268930286724,3.4379243954973324,3.0780006079903375,2.674514539820496,2.1199736094855655,1.3704210329590314,1.6085482038979424,0.9851760131849782,1.1778013258041422,0.7919893889191546,1.2612299507909408,3.502451609313735,3.2026523083489167,3.5070185980895423,2.18090586906176,0.27539782243697075,-0.10399615524077928,-0.3440006944705888,-0.11757002974127986,0.34560140322233807,-0.3103026584047048,-0.9484813632844664,-1.8763627155573426,-0.6548772346458664,-1.1717923324845878,-1.5933054675232046,-2.1509530153952814,-2.3854583187904734,-3.3358307535057747
4.020371024541425,4.224830590813974,4.133996335280478,4.492583812579399,4.473461461251753,4.771790707411993,4.101836258175223,3.206126371947417,2.7632351162853097,2.5812142900128294,0.5445099929877506,0.5981736492775631,1.1494948911602576,1.8257747588412931,1.7874751440031045,2.094071125880569,3.814479001887501,3.136574024101716,3.39665567560507,0.12698143262318745,-0.05115976599462261,-0.27711975756492097,-0.5460501881092392,-0.4421860361477706,-0.8223680125755578,-0.9852430584840858,-1.346797239032612,-3.2216485135707265,-0.28004133543268184,-0.9017676696940404,-1.6048408524697122,-1.5276776508573984,-2.485426880540497,-3.4325409441350083
4.149296301853669,4.427888736051377,4.6969682721435255,4.428755821927203,4.350193251338795,4.189872113237872,4.285638894001998,3.7089794327644348,2.9075670943144347,3.0145204653798627,1.9419287256013051,1.2715080723270884,1.2722330797782755,1.1242048720783664,1.9286736070599175,3.4356019884791595,3.3537381876902197,2.926786021645308,1.2522034885265934,1.6304301667818837,0.4005415675549308,-0.5990826267703074,-1.110283134807199,-3.3174462490933116,1.259999188283289,-1.1853922324093173,0.2511456726958121,0.16632438984103243,0.24220941951333017,-0.6192673685917672,-1.463200101829333,-1.646808214424333,-2.746081219805857,-3.118081760886598
4.652081689923648,4.275497755233516,4.66751083632524,4.8359839577363095,4.649948484384577,4.328356137454591,4.124528553582029,3.8190296858947943,3.2831394336224298,2.7795262337184874,2.462445825194385,1.5481454698585273,1.5288064565252386,1.3280427395324248,2.5708657994716355,3.5282822357536947,2.492052429861423,1.8693665302443028,1.1765620998026354,1.6889954150400288,-0.10131110408068544,0.0342930573977426,-0.9048054094186774,0.8536746590249514,1.1694955628660173,1.5162792188130179,1.1922252115987373,0.2163309286168402,0.21064060314132618,-0.023834100944705002,-0.8717537543966083,-1.6540957194237795,-2.190269452167137,-3.094921371071722
3.867434755941223,4.039667238734473,4.6977192260130956,4.822403598911802,4.254861237861372,4.1407836532887154,4.46217606285108,4.156480007113314,3.281646398927168,3.009716341218884,2.7506522415681043,1.4716277249065177,1.396905579392021,0.6908067487809264,1.0568955609783472,3.0958375899599826,2.765729036378293,1.9314491867004442,2.069022403213032,2.2074273775208693,0.4391411275432134,0.20917422125032226,-0.28932464937993646,1.203566666544268,0.5318433151290171,1.4839882284773354,2.919173117115311,1.8072593288724443,0.2771499986126218,0.21806083036921964,-0.6616383248692964,-0.9189164352898918,-1.8786658491556023,-3.4053358106276654
3.780568088297822,3.868236747154797,4.308956097288914,3.944029321660454,4.259416334547861,3.862689746710547,4.162778743698592,4.122514211058199,3.494387965619551,2.2632670740187057,2.131095398316402,1.795828942727659,1.7441107647412517,0.9775470692416905,1.0635583236257768,1.7125073925182581,3.158666823797279,1.6036236181571584,2.6507127334053653,4.016338696051188,3.496932551266057,2.0838886908506344,2.416588784601552,1.9214318883984505,1.626734337545944,0.9775911515024432,1.3169061036309926,1.7175181239108543,1.2568286592267597,0.8481571316798752,-0.419944802844409,-0.5280867260791172,-1.5523168785764325,-2.8687364514803586
3.410284136923954,3.786252088618115,3.618175425479651,4.088786425991579,3.9386880949004452,4.170986859918432,4.219031470911444,3.9053764751706685,3.5475909004383306,2.5352481525719894,1.898346308778235,0.8289841263902031,0.9016673929182006,1.1559977430901591,3.3331320035796748,1.2962487367997086,2.7983861640852483,3.1272238504375296,2.0864200174463017,2.983266972355393,3.610851273068722,3.2690629466048162,3.0282042351649143,3.0292797879348043,1.4920219859986046,2.3357100849977757,1.7807206106396105,1.103836250030197,0.9752273783763509,0.9827330225845269,-0.06629417248519712,-0.8089995083644727,-0.8351310491306068,-2.592146950059635
3.0420542561758865,3.823342015329973,3.5066129829557546,3.768811647722241,3.747630722649436,4.007612587541921,4.002762567478491,3.781203414624739,3.4003832588360137,2.579488612436262,1.9008342137516023,1.2275371532673887,0.7084154681076774,0.3732911173715344,2.543209441120555,2.1563836958954443,1.013510409827199,1.517914066414723,2.5213106544552533,3.8573458961254183,4.373911771949862,4.3592153705023495,3.6986155973849955,3.26740147367849,3.1862755831000644,3.089225005606616,2.575486434520838,1.6311244364100217,2.269274230639377,1.2030788677376794,0.41287931791279525,-0.12159314653789083,-0.7008381595521508,-0.9577983142098128
2.6451123366476885,3.1884015136959833,3.477057969993402,3.3260899200456597,3.6006185121452927,3.355538442371703,3.229028921644635,3.542730271490381,3.456685397108631,2.584704812796418,1.758545202993576,1.1485829111415975,0.6062643156037696,0.13857077115369623,1.3617738326434723,1.2658204893303864,1.1186962501965347,2.2677506826122906,2.438711386073234,3.9174688559393545,3.628507340367961,3.313179821233215,4.025496663722592,3.716290562304565,3.687473125676428,3.3486217848910855,2.720981743833814,0.8571238839110548,-0.02679930134152023,-0.3878919394403719,0.4494359512102102,-1.080657039700708,0.09415499772041067,0.9260898405200705
3.319065134171494,3.0760715528217797,3.705403009588269,3.2022009829280242,3.1747867602898032,3.0497223067736368,3.0210738854499595,3.293334811088978,3.0694888672599503,2.5332140679161035,2.1071656250469983,1.6603015221888187,0.6363556157337349,0.7982773239007733,0.5398888229036061,0.10314551159715205,0.6855906132875442,1.4132715833708756,1.5486281594526898,1.0545325447066993,1.1117285267371368,3.1387016396831373,3.873696665400049,4.0305631759570435,3.743867407367066,3.028057690447483,1.1724869179252446,0.8221502124567678,0.604568605852446,0.10433773031789174,-0.325880237363733,-0.4823435320591453,0.002160719908706503,1.1490442533853482
3.8060481143932625,3.6545804168143747,3.0844182834716096,2.775308135153004,2.648021739981571,3.072844240140258,2.9799224734294696,2.6285302911287833,2.6275550657472757,2.389826056060048,2.3591779443045264,2.3306259882348517,1.04941743469155,0.8203870805007318,0.726421005779058,0.06954242149385026,0.15275522310053993,0.3459141836253331,-0.20109206369210322,-0.2783624636919085,-0.01256226937809255,0.6783330544902297,1.6821543496266158,2.5101770216250188,0.6149384676169118,0.7803406788299253,0.9662130921109149,0.9415505435152505,0.5420595718932635,-0.1039031078282136,-0.05001439844547981,-0.13994752652141934,0.7633342358994304,1.0680713144729805
5.0462196953387375,4.403301366084043,3.984995729291676,3.4208061710394015,2.9636219936107935,3.2677858991068796,2.9553690308754343,2.4165995237458113,2.1197534709537713,2.183914528262675,2.5087001560577664,1.24111490210994,0.7734036017208976,0.8825208164873523,0.8207749240996289,0.2679607442296216,0.46787333950355947,-0.11529979940406863,-0.16817087323245827,0.3342332287682802,0.20461936565296676,0.055330339088970774,1.3557870506917515,2.1223926528177923,1.3492696546318184,1.3733246235442822,2.1220258414032798,1.1000774609088166,0.36789837576214385,-0.024285166672675426,-0.5596167635528836,-0.3884069234186092,-0.07606971295043588,0.06162958855178877
5.315643531736294,4.300768189594006,4.405527016007038,4.289735219228423,2.791480461477878,2.933568305060545,3.386994328172589,3.1977383003406863,1.891392712591833,0.8377826316283786,1.4708846860646243,1.1003599960677917,0.5426897372218716,0.3795351730776635,0.920282167878999,0.7578399908182654,0.24278637012770055,0.07604644582863873,-0.14626625902851637,-0.40532967996846514,-0.03132441514206635,0.46090275340389636,0.26905124769493244,0.36546162442746355,1.6622964528811945,1.4119907870494088,1.478246649481291,1.1046384677196261,0.2806595618328421,-0.4762141243931154,-0.7137429134222831,-0.6232765820941915,-0.3111056801951018,-0.2295381359523287
5.177733196437947,5.387674069679327,4.498799369990222,3.408931527067516,2.589858436799598,1.7757160264533045,1.9096213940347222,2.0117421446501917,1.6842060486168358,1.0452148268126815,0.7010091452701868,0.9768733938548705,0.4960174605819967,0.2481924542693432,0.4916850003181415,0.4502356415957724,0.365389796629847,0.20842697485648032,0.004887060322503861,-0.22846014846882365,-0.2535355664555876,0.005855727223005777,0.1116693485063877,0.3443347418019318,0.5983701307979096,0.8490966862465277,0.9483352060287955,0.7042179817263181,0.3299261540230999,-0.10878957504571739,-0.1397600407774174,0.041411289356670565,-0.3328130256032508,-0.808598126504451
