script/wind10m.json
{"header": {"parameterCategory": 2, "parameterNumber": 2, "lo1": 6.000027932988019, "la1": 58.9999434238085, "dx": 0.5, "dy": 0.25, "nx": 22, "ny": 24, "refTime": "2024-05-19T20:00:00.000Z"}, "data":
[rows 0 to 23 of 24, columns 0 to 21 of 22]
1.5699697418250096,-3.908101048285008,-2.9309617522619287,1.4916004199879602,0.7725912870489258,1.3343144156745215,0.5212534667559156,0.20694653085113443,0.9747497008080842,-1.0785265489085394,-1.8007456268766509,-0.5296730556588202,1.0426305647317033,1.0517006500766028,1.2298467628682166,4.2250004538493355,1.2188839643214318,1.090100600329909,0.9809894393652691,1.107810698305493,-0.4468995468408932,-0.32499314912455324
0.13083369336252437,-0.7276613491054785,-1.710477554077623,0.6329386234469038,-0.5670804133460494,0.2490716449967247,0.024681266469436525,0.5025454763265915,0.7633996030725017,-2.0754150201169845,-2.07014666436644,0.6761641111240252,1.1544177595202054,2.167282770708158,3.426829112141575,3.9021451324792493,-0.5404646147976491,-0.10623732260766457,-0.7088351595686984,0.560602504834631,-0.3995869558333551,0.43881541389979356
-0.2545333180737887,0.490823013181,-0.8532486511916308,-1.0413673405301205,0.21480071839081624,0.4218048653024039,1.571413858476098,0.004569592510484345,-0.1615918181259356,-0.23519482647388035,-1.6676764761796856,0.44483055633425134,1.5158187453404541,2.9704430207928207,0.7589794747815204,1.0974627279827607,-0.370153822553351,0.9411566438906889,0.9641398984399842,1.0175422042481448,-0.08996642614119127,-0.42216774567128834
6.702671893416247,-1.2548371479980407,0.7793267425582797,-0.03601125242971819,-1.159413853218123,-0.7448797962192396,0.15495074695106045,-0.05362023414292721,-0.02175459744051061,0.9973205387056121,-0.98649513196083,0.3218756492051566,1.2976886095327549,0.9346151257664238,0.9321070884029488,-0.7429941068297518,0.3113701514489692,-0.46221551674712497,0.017674917824120437,-0.14121439307768452,-0.8140362221209015,-0.5507843522967181
6.33749039567753,6.889901597149013,2.1757871248194256,1.5424185081657271,2.5261885603292837,-0.7989824390975251,0.8529706056126064,0.3511958976209438,1.3927261748901543,1.1011726344568957,-0.39675529027656015,0.6625569694548356,0.6734452639250096,0.9159549455961724,0.029986196399064923,-1.1833518095084958,0.35707350650862263,-0.7743285962114076,-0.042129124892130956,0.11015827005638279,0.11351522790619986,-0.7819115111815648
5.732210380621908,6.353986766484018,6.179770531917513,5.731273138566421,3.424542209022078,1.0693151578070599,1.62383374194433,0.9459714232137915,0.6156860099833037,0.7750786394629586,1.5125486831151085,1.8246953695517527,0.17623726219884653,0.4438677211757185,0.15785859053448276,-2.0078599494485667,-0.5058991381404789,-0.9637455686645745,-0.32773029128961634,0.11008481193656185,-0.5371102888410452,0.24623706638891035
4.715648953043176,5.840341214930392,5.742047072900851,4.946523512854291,3.28129302008397,2.4291940210726573,2.656741818996373,0.585705109988441,0.3254891038731157,1.7907478110652386,1.420539944123896,0.420523617754779,0.04831996089200947,0.32637834658870307,0.5346359974114517,-2.749456756143441,0.7537131507167876,-1.7426613060331302,-1.176985702270603,-0.9765471553031196,-0.6207651757286952,0.040713798135393074
4.15889014466412,5.351284801772568,4.980796965058849,2.960842525231636,3.5544695158638673,2.6192138524317374,1.8782619517261612,1.769084439577297,1.2893584233272104,0.6121411769332413,0.3486265805708682,0.5213559572367549,2.8187821772133317,0.05868059270228516,1.1483216338187328,-0.7146830102561302,-0.948095282444618,-1.6837979582578284,-0.9747240758808062,-0.6086776886032046,-0.9248777176386377,-0.45107102907415814
4.461568439736416,4.489559565660913,2.9128074690669323,4.381219825488221,2.7762995320116133,1.0271507760368848,0.6774903019776877,0.4320248584608326,1.1743198721498813,-0.254782659618782,-0.2462794098742371,-0.40022263230432487,2.3411897974830658,0.28192687779829756,0.7136759235901594,0.43075573721749627,0.8362314043890045,-0.7713204639614478,-0.8740705159815109,-0.6532535105478999,-0.5402823605329042,1.2051335785353083
3.1797016110063936,3.9566083242628998,3.757495262888301,2.8870059921186098,1.9187843949604892,1.200839151885056,0.9899103063166341,0.09732417557397592,0.259520176002048,1.1163066060323068,-1.041691831762245,-0.3626502998076395,1.6014722360113869,3.4204226558246793,-0.5273612156338517,-0.03866898252505629,0.6874588492005552,-0.49486391943955327,-0.22725605385330405,-1.0331198859791089,-0.48271389223439376,-0.8184232119782571
2.715534459624618,3.0538686488471396,3.203329984957246,2.3534600942403228,1.676724626089009,1.9879148189848777,0.7272613579984597,-0.635629022008924,-1.4668860898254865,0.5461935370643185,1.1545297675799941,-0.5775553995748912,0.37742401041779966,-2.1745790208488733,-1.4864066407760146,-1.6414949587428176,-0.42116579645494956,-0.34374978145249147,-0.4936170472822047,-1.0120792571831376,0.2829370025656677,-1.1916693067192552
2.7747652209579936,2.3844738030555392,1.6484192109998805,2.0715866390592668,0.5691808658261782,0.6846831818742035,1.157742150603757,-1.3041955006851027,-0.051199847199019675,-0.9116856996810906,0.8793015566199788,0.5388639636398755,1.5638254377963916,0.43600454104456404,-0.5945469605836153,-0.931903735062288,-0.8236577183031081,-0.4169315548578687,-0.2281951319020174,-0.2615907319456129,0.37220256496359894,-1.25285436587032
2.1036316746687707,1.2029130801077534,1.4882835815364313,1.0137196411870206,0.0023359354254546215,0.3549416276895344,0.13174417133085045,-1.5652623850923593,-1.601788201378306,-2.775978218621178,-0.5233273003634415,-0.4173149691671486,-0.38304580414708594,0.9870990656886444,0.6513191498297832,-0.6345568257894828,-0.6035816266510504,-0.43674683718301693,-0.5911588293115326,-0.5805947925621091,-0.4970239128783806,-0.7603624907566775
1.1457646045665673,1.3139001248899005,1.428976247928388,0.6864260127608482,0.22391031858171587,0.9461772839485545,-0.8153972060298253,-0.3149922607066377,-1.0736837325001696,-2.8215103655613456,-1.2955641485737484,-0.5681157622488174,-0.8896122838082421,1.0070243511942039,1.3292303783742943,-1.1895623687379868,0.12156334659158179,0.6224485801010745,-0.64902229556564,-1.339564387523473,-1.2661468142880714,-1.2805395139323346
0.8945991672814667,1.1650171154930058,0.7918571244981246,0.21712621548574712,-0.25782691647469635,-0.9859187920739113,0.3766279383132542,-0.8497808276769611,-2.537459476804488,-3.1762843359251827,-2.5078789525185097,-1.8346045980753691,-1.555567373264951,-1.3073592788242463,-1.2311759275271958,-0.39532085471414036,-1.2566511394824307,-0.8003647168148452,-1.3386796920709505,-2.086012454234349,-2.9557796201741584,-3.7689364313131026
0.9621711694870145,1.2538010275027067,0.341401940382794,-0.33987540081094614,-0.8823162148934178,-1.2469542069489012,-2.081925789146747,-1.4744257774218237,-2.469458856063487,-1.4109685064158073,-5.099079080876823,-1.7740166634305925,-1.4817912726300038,-0.5008804130384422,-2.7625648765342294,-3.052907621588933,-3.3016556048006387,-2.919136879036701,-0.4569529326853835,-1.687636432300522,-4.582380232598911,-5.470557196989658
1.474317028574676,0.7840398522549815,-0.29696212176582854,-1.2402980530115513,-0.9340790648948977,-1.2058328637140863,-1.5646782384960038,-0.7233572691761746,-3.3999581267676966,-2.9321854960297653,-4.282798174057493,-2.742478227151737,-1.3975055604904314,-1.4912408056467135,-2.804264359367891,-3.587233064880362,-5.132452106767556,-4.286590064852733,-2.1534504234249825,-2.8249041326825512,-4.51770716025355,-4.900361013835538
0.9322042510066793,1.1426114493414232,-0.7829036198247833,-1.168811390070442,-0.7748577728458447,-1.6029824641797719,-1.2877571443102414,-1.6550720682894131,-3.3240200990783855,-2.7102520469776934,-2.9811511601207483,-2.6054931724217716,-2.3666751120496525,-3.69267763876472,-3.045071883566645,-3.3979690627594348,-4.424851186939837,-6.7467931208398655,-5.118877803320889,-3.457554394655927,-4.2080420372105,-6.9805789313016176
-0.5252452941726081,-0.35747930230540176,-2.251397542087703,-0.9811074851420293,-1.0308173580342663,-0.06717340624102366,-0.8480975797681822,-2.048954335997551,-2.984086644353724,-6.2182404403229805,-3.2797249283292866,-4.908006551893687,-3.2911337611609657,-3.7838354325910153,-2.6791237834545134,-2.1658666862574565,-3.1429495963219947,-3.6005320328263246,-5.6959950481309285,-3.914098155495685,-3.4635876144258235,-2.457305536405249
-0.34731585064709247,-0.46805535778953006,-1.3765629213907087,-0.9580933644698068,-0.6413240127045661,1.8523085670662194,-0.27317431553133675,-2.052240606652904,-2.2202407675440634,-1.6269658456717755,-1.5270096313385604,-2.255644692890348,-1.9178203064934765,-1.7649424575714188,-0.3334352666556358,-3.3636275201882277,0.04117897815375857,1.3980429297886328,-3.974397979982257,-4.25573671772584,-2.4326864303893805,-1.6560112297742264
-0.21974085265847593,-3.209308341588302,-1.7556769977340165,2.0672759315610176,4.531368455574611,5.669754083280616,1.3151999457690506,-2.1330729590135213,-2.2593005399519543,-2.0365629554006452,-1.626735568302384,-2.4518317106119136,-2.15286960655261,-1.3377129409412742,-1.3116192837547775,-0.2582863425234994,-1.0679438396190433,0.7424539210871113,-1.7432898656720184,-1.6241761988855041,-1.7039109780080777,-1.5977482828683713
-3.510384720545559,-1.350665890184095,2.33240253440569,1.7035019573380328,3.1681010508052965,3.919828804105601,1.7582728565164434,1.6270804355262658,-2.3188774953139415,-1.5484171612692614,0.6772363578491312,-2.375860600496073,-1.6185181118535326,-1.5067380542684023,-1.3388255803433198,-0.7540739905049515,-0.35816759430467016,-2.8773551502889725,-0.8344617126867687,-1.5107368060418893,-1.8276075594248256,-1.5224189216818558
-2.8317789968630733,-1.3738154122110666,-1.7028254050165217,0.7340431924402744,0.9209692978574975,-0.9276309413104538,0.9498907086206021,1.6420345832037466,-1.9733558487123057,-2.0948946280410166,-0.17421460732984637,-1.7379780384850132,-2.667840871603249,-2.469228871628566,-1.222480298012426,-1.691110839504519,-1.783858765940142,-0.9712112753617765,-2.1220554396322164,-1.1275263445811359,-1.206636869491026,-1.0319555434373462
-0.6869260971427343,-1.360598785763644,-0.7532865654409077,-0.14715006641650127,-0.1990049366328447,0.30387112569989133,1.2205017664452211,0.976289487161975,0.6723718750386437,-0.7830720444759787,-1.164830088128629,-2.2477757914024132,-1.9001349146100925,-0.4229233194562957,-1.7259162724220114,-0.6020938271078365,-1.7085392192017421,-1.7442682430751544,-0.04237529624525023,-1.2115402833759206,-0.8970088570277863,-2.1383689221877322
