script/wind10m.json
{"header": {"parameterCategory": 2, "parameterNumber": 3, "lo1": 3.000054539987559, "la1": 64.9999836372058, "dx": 0.5, "dy": 0.25, "nx": 34, "ny": 52, "refTime": "2026-02-07T14:00:00.000Z"}, "data":
[rows 24 to 47 of 52, columns 0 to 33 of 34]
8.27535435607853,8.114907453106186,5.257640471181965,3.676754589381046,2.443680530093194,0.9541980141617423,0.636671992404875,10.242641317045683,0.6045986532089858,-0.9561572401465562,-2.55642451680986,-2.054230767128846,-2.1784602733610052,-2.819768515555696,-5.340075251012242,-7.922075055786572,-3.5662861743753838,-1.2127911156747202,-1.0641299950582075,-1.5033433929173092,-3.7401392255489667,-3.346638687762224,-1.5504595210407786,-1.5327459774762782,-2.2767354598859226,-1.9771835638392643,-2.4082970110030835,-2.263665359665929,-2.2376298771950545,-2.7319460606174957,-3.2648304528508434,-6.759085369763011,-7.5910182448216865,-7.209116081528973
8.669608470545734,8.565662647450509,8.235018902904809,7.340335812228774,5.267145289583988,0.7463763382174389,2.5454215780652985,-0.39689550817536484,-1.940640551357232,-1.9635209268951943,-1.8008599311470916,-2.0678786386650385,-2.563108462477878,-8.073044191417479,-8.485420195638905,-7.566649023929134,-4.1188483673957075,-1.5956889285534908,-1.2593374189259423,-2.363987940623793,-4.381035695629759,-4.055505782204421,-1.2533091606625573,-1.4653412453149248,-1.6116559319092665,-1.8234590404327071,-1.8451543438382667,-2.0325622349155568,-2.657968893181767,-4.839702845749033,-7.783427298744709,-7.556635701753523,-7.406296945324877,-7.338542954913205
8.376452495498317,8.428117823264058,8.748349540973143,8.069811848994387,6.6228785027891055,5.20795475265778,0.35222120478934715,1.0240768301892145,-1.724031947368628,-1.8069203838881893,-1.7976005724714155,-2.4309565531697994,-9.087635110386206,-6.494930563509278,-5.2853219434849406,-4.940123982510544,-2.496245989036562,-0.8680799277819353,-1.5978131794392592,-5.965866236799142,-2.854462168733795,-1.4248598256297111,-0.9114282755158432,-2.7979512449588118,-2.1194162317704293,-1.201292116960519,-1.833595348912693,-2.2614163884965874,-5.449876979180611,-7.503887176969545,-7.464451622539296,-7.304743810576906,-7.042275128375677,-7.245355154881279
8.938427890104869,7.550705953895414,7.899763375001722,8.077119014671977,6.9054047212206076,4.571522504360663,3.0495429317768066,-2.048065754743349,-0.35069286013586537,-2.426395247391585,-2.530014668384477,-8.393752138061513,-4.708075342316782,-3.6377909241173376,-2.6126933946072204,-2.6415700381800913,-2.759440375620477,-1.380757075150928,-1.555527622570615,-1.192396241157021,-1.5229242397393612,-0.9442236877009687,-1.4451299726987794,-3.5727109652718707,-1.4102251819065532,-1.8203657856645334,-1.6341639227112656,-2.412900098804901,-5.959826406437544,-6.8658349935262395,-7.077378426892386,-7.169677158299996,-6.8345873124624354,-7.342976856770559
8.910901983153135,8.978893156365533,8.224787557403426,6.351443881425015,5.940529374223989,4.3212506652029035,1.3382210467648006,-0.7881021826316839,-2.6283409857994724,-3.3177592678898384,-4.123209200967748,-3.2826537534151248,-3.1320831864249348,-3.0749077731767707,-3.27270705517991,-3.232752042748382,-3.0204580886416665,-1.5624912837125673,-1.1530677164765049,-0.8767873763838985,-1.000812660840657,-1.4683167792730096,-1.5664546563675232,-0.7688834164956796,-1.4039095608156265,-1.4787718642347945,-1.988656869023839,-2.7308843650553114,-6.800983316326403,-6.807853909825559,-6.8555361764234535,-6.761656991162101,-7.353332472167253,-7.885874597942786
8.427487045513773,8.355226324664228,8.16508865179821,8.1828670349413,7.306818525257333,4.57893609815431,2.6219499180564587,0.39887785310351653,-1.400003001815332,-3.176549777739046,-3.320603297847589,-2.556789242723501,-1.9443630581313487,-1.8318029918148422,-2.1744613092960616,-2.202003745275089,-2.758223210919069,-2.7418530708195665,-1.306613365411318,-0.7026864278368435,-0.9297865191452109,-1.1045175691006188,-1.9996191696072476,-1.3462121599292547,-1.8120127577830767,-1.8415336880317281,-2.258492532175622,-2.559838837605748,-6.683123881184612,-6.446288265038755,-6.502241811719465,-3.0372581615427623,-7.191832370884255,-7.476656417332624
8.158997965748764,7.812656865577209,7.2686738554583,7.147014517935298,6.885001357049718,5.675853286133329,4.423705194612756,2.8174550644129366,1.9062476873937162,1.577431095731852,1.222841220266077,0.6265287986742494,0.17933070256749795,-1.1238659231343209,-1.5681991951548344,-2.9671927038777586,-2.6573638495850456,-1.2845146676037287,-0.4733425789173233,-0.8574828943849143,-0.8436922863325492,-0.8157168486173889,-1.1943488839296375,-0.8076114301038315,-1.1343274942692134,-1.4714025486881503,-1.8643408323701212,-2.4771329450654247,-6.16900624511909,-5.258308160025826,-5.204637593047073,-2.9558873111057014,-7.420876242704872,-6.726510882810743
7.918515231004351,7.6826516238363585,6.987527961485217,6.627466730441588,5.624206456628419,5.671471505778101,4.852586122117441,3.2891942876583307,2.12336668471099,1.9796847312236792,1.842820154125309,1.3133275632876242,0.8413336724580973,-0.7367052339635516,-1.3428307061181275,-1.694110894709468,-1.1372476498025228,-2.4706061723148953,-0.7838929465580466,-0.4034245623605033,-0.5959740960476264,-0.7265760030994074,-0.9514584883229441,-1.0459290346029395,-1.659297083675733,-1.5838788265009969,-1.9079012385426342,-5.602703993830468,-2.6689743458591844,-6.540172080535167,-5.311471180604767,-4.015481848760956,-7.34455597207772,-6.671616119213014
8.468878614093958,7.6925875167624,7.541272239784519,6.271523288520109,5.460390260876045,4.891703283185423,4.656126156164914,4.145690316619523,3.441006113117663,1.7666580013886908,1.1508791491992598,-0.30775874200603004,-0.024627221876208312,0.09228564362056398,-0.1313143815579953,-1.736330964092304,-1.5889314012611444,-1.0745497052527286,-0.49817673084909503,-0.5125899521515853,-0.34343426957837514,-0.49965526545450517,-0.9054433836448235,-1.0506690107055436,-1.5141040851167107,-1.7233122876050948,-2.4987883639328805,-4.942313673814665,-7.344618791673303,-7.298007689739125,-6.734185331113579,-7.715699333727006,-6.891067917289898,-6.835472390363841
9.051738379814122,8.569628330788877,7.4227764923642034,6.7537241259477065,5.559228641237973,4.7463385756439544,4.347348466731308,3.5084244416939034,3.310241767380048,2.109225618765789,0.5321480092169903,0.4557562198311282,0.2810089956682385,0.5697198097774934,0.0017250432900040654,-0.6419466298913226,-0.3803128265678394,-0.42474647252428777,0.26328565638174645,-0.2772207702176429,-0.5179086117848577,-0.7710468068689394,-1.0280064214945994,-1.2522493547187148,-1.3216358425750891,-1.6929943679425048,-2.267954628144569,-4.250581039100892,-6.6543433687838895,-7.013881856503042,-6.9636333992515365,-6.90158247652277,-6.978074666013036,-6.495862998810641
8.912057271856801,8.950334946593413,8.181451388738454,6.461139047876464,5.879157583902368,5.431667489755727,4.500982419880745,3.9208908546578103,2.5900194692051164,1.3872214429660181,0.7661848391022399,0.14520225853707722,0.45623930977101096,1.0156229331751612,0.6676223087771036,0.7941415543884582,0.6258423591623882,0.10507003252645272,-0.17509906476659173,-0.6849824217754533,-0.7210981954947084,-0.4563792537355058,-1.0736265012775108,-1.431298525739284,-1.5298707908897873,-1.8730188173821443,-2.5347403821330334,-5.005133523975224,-6.315576156663786,-6.42532855626128,-6.46659091988123,-5.995554432671255,-5.074610925939964,-5.011264672204894
8.554486796160147,8.35231848915195,8.17268157559472,7.841249672261227,7.155678014659594,6.45428454806638,5.045424105816368,3.8868562025647604,3.3080134567906865,2.3627857556346834,1.561265529739846,0.7447169589678087,0.6802489714257594,1.5301607047452315,1.792738832355842,1.7472161919972318,0.9583089128265415,0.7284309442896316,0.4002636806437342,-0.23422745066541734,-0.8193877693429129,-0.9318583699468594,-1.0067912183052692,-1.5604022284895067,-2.1608468280775393,-2.466537924394264,-4.180541632192382,-6.568149058263734,-5.935343302751056,-5.560963914421264,-4.752247247710206,-4.435091606366314,-4.294074050537206,-4.416577590737577
7.309721400640477,7.824417920890237,8.041177654326154,7.959972471323539,7.276057246359781,6.6712157252087705,5.693920646632812,4.1759461344341995,3.0247414714805405,2.305467429250857,1.3945545542966338,1.0127463085028094,0.5587774956307978,-0.033620021189230666,0.1535404216760126,0.6063874997476608,0.8858146653431787,1.525991340563221,0.3938793452836511,0.4951587715050296,-0.42362839262374263,-0.9754901911124333,-0.868366071852873,-4.156761883021225,-5.976717520789848,-7.090716427616873,-6.561827305159401,-5.674178653723057,-4.776909664187298,-4.286932624431206,-4.401170666621685,-4.167877287174402,-3.781371968680508,-4.197359250577557
6.007138093547257,7.273031127534058,7.395588474466882,7.711942436818148,7.8219727723919386,6.576622581966937,6.061887265349409,4.7637047586066705,3.0843582107926557,1.9000538842154528,1.3941994410043046,0.9431835349335679,0.6719108612566351,-0.6374966248860366,-1.1727318531964799,-0.8758363236242678,0.12600419655127496,0.6106852234041695,0.14034709781054783,-0.5889458483520155,-0.7684966406664712,-1.6468214655300353,-2.558525030903582,-5.76091154155068,-6.364662255086682,-6.263607059843431,-6.13308756312786,-5.056665663062653,-4.702129340329599,-4.140717902025604,-4.268606093124428,-4.161572703858148,-3.7309234036400616,-3.3639794312169684
4.6380529580999,5.573633011657762,6.749824051511042,7.011199737478859,6.947375182690159,6.819341005326454,5.781374400356172,5.194181908532805,3.6958329034319606,2.329514978384486,1.1139572195107896,0.4376112198200207,-0.5509356507279857,-1.1815702283429437,-0.6536009042181502,-0.280532349423957,0.35909552489937835,0.5197054078279845,-0.2148713030941283,-0.6339283695396393,-0.6967223317149837,-1.0895288980272508,-3.283908593117384,-4.829316580499349,-4.594721758657731,-5.229700097056895,-5.316389690974524,-5.0667724843666155,-4.526163318862301,-3.9094788537708816,-3.5838916849252467,-3.6027046726949337,-3.4706209880006376,-3.2957171004225287
5.127622760619136,4.702216596390218,5.211099425796451,6.127008782736782,6.9891975417457335,6.901278976619863,6.275511007149263,5.194990526587335,3.764149466112024,2.4534448919462233,1.1635075949042228,0.715614836609729,0.34579387976870124,-0.693089284099125,0.38829847080280816,0.5438275065095146,0.5107417310866675,0.6384661718275088,0.2795033124845282,-1.4284061090753748,-1.922155127983594,-2.9116683205464367,-3.670415590510987,-4.219203751506554,-3.930467984109229,-4.360824198184733,-4.502209407114479,-4.341578276741625,-3.9781470185709447,-3.869530558156152,-3.5918861498138575,-3.025491027932001,-2.439907390384981,-2.3290602791060775
6.015741975194091,4.1581827957283295,4.774905510367507,5.651150569601762,6.054655990600528,6.525912752373398,6.053679322589876,5.1706188765528625,3.7695861893969385,2.124432475704312,0.9555874798844435,0.4877249953433027,-0.04606603613490641,0.5425582716849799,-0.5053372703043494,-0.4707428147358145,-0.403331084911233,0.2748742142317394,-0.2910771521232208,-0.2034458336791954,-1.7092306464717335,-2.520963103665433,-3.208711860271701,-2.795245345471228,-3.148742946882371,-4.1165878390843735,-4.211382331149826,-4.137176246144269,-3.9739657307593905,-3.5815097528374906,-2.660663676069104,-2.504285176503634,-2.4097975196586474,-2.066300292495064
5.950055454549726,6.277158300269449,5.159374521720716,5.498693683910976,5.590275124026052,5.66591124262917,5.840896544234178,4.948708347578613,4.169414561965615,2.2514546502304618,0.8145294634398942,0.3748458024141192,0.3158725418459013,0.3777157964675288,0.7782435251842923,-0.21542752044619612,-0.2144876247449528,0.1086255396511247,-0.3700522399364541,-0.8328781092219997,-1.708260883505004,-2.7277499940884957,-2.914573034565777,-3.354005826851786,-3.6303651498858422,-3.8950645503689247,-3.6926953604262143,-3.694879434688506,-2.7657638853630853,-1.4157150495711153,-1.3401569491517742,-2.0293354811749023,-2.333919867605487,-2.4086867659978464
6.811944014465571,6.98775031702818,7.473277115991909,6.297822480053323,5.032690998431194,4.950128075620279,4.952867526216855,4.720358451906425,3.8933078833851202,2.5731549221865384,1.444877412489445,0.25755600292619407,0.05812667978423758,-0.4586301252110486,0.8661280504378501,0.3340608830735793,-0.13847839697482536,-0.7290597104599146,-0.9111037344594111,-0.894404235797586,-0.7267410953768794,-0.6104335763924743,-1.5890573057864632,-2.293888542967259,-2.4878842690424396,-2.5203246829513923,-2.7130638180812543,-1.6409253142298412,-1.2758543005259189,-1.8643895952768152,-1.6156097372576927,-1.6205624249218242,-2.711446820582162,-2.5300997451342817
5.989986951093304,5.80044310225551,6.486896582326469,6.8289349073864765,6.133624952578859,4.06743957711417,3.9531199413314937,3.925948004154691,4.057312634829146,3.2790330565850563,1.6554005956444713,0.41347505071113266,-0.3599986375678692,-0.30876392194214836,-0.1789071199564474,-0.5494322778783888,-0.6150314889472828,-1.4205774413607666,-1.59395478659946,-0.6489845678987177,-0.49597895625055544,-0.6488492315625229,-0.9351110371496116,-0.8743829294987149,-1.8739224066981048,-2.4485478128529468,-1.7488089310370833,-1.2346262208465413,-0.9822043548837829,-1.2370836520686517,-1.9304205444503308,-2.2576059550612264,-2.2073397497027147,-1.4090934575914216
6.110397931301249,6.637222373595662,6.897652602707638,5.889799600248076,5.988300462861974,4.8831474529897125,3.3191043902653923,3.4059590212430617,3.1220318388254413,3.311314942546456,2.32752688958917,0.5964191004367315,-0.37299964757509513,-0.18921492706062046,-0.09648512178128177,-0.5420670551657766,-1.1449991346365858,-0.6827568443360769,-0.9286218297244382,-1.223330920729013,-1.4219996646843014,-1.5837130075358221,-2.3631933993994343,-2.592083659417619,-1.3213746662867212,-1.7215515278113012,-1.9301375437528474,-1.1352283416030464,-1.5906148746131892,-1.2162058291144144,-1.2502807576069876,-2.526364011500215,-2.336373642228003,-1.960674448722376
7.5907597351427025,5.565021916243958,6.468143080497207,5.658333983845055,5.71443206491588,4.418407701820077,2.6406638314437663,2.001852093888807,1.9429460505041174,1.4850162459184015,1.2858395777078109,0.42615397396824034,0.09415210626794426,-0.33345770184218676,-0.48232286022998166,-0.47751580486116424,-0.7376265281602357,-0.9175898260786517,-1.2674074577058574,-1.0581374587328884,-1.442673692752568,-1.33190842594442,-1.600783682721341,-2.770111382412726,-1.6828858646498466,-1.2355162276488802,-1.0897731132753066,-0.6497754240445299,-1.126327287129247,-1.4189611967529903,-1.310892479289808,-1.693431660922381,-1.8490979028315893,-1.356665825951075
6.975638920674285,7.148299248714943,5.7343408310227435,5.507719565260067,6.5875077361611405,3.769472728040135,1.9316607716917862,0.9784652171803988,2.0708996673469553,0.7144305481079888,0.8592972555602582,0.9260075230676983,0.26122932462245085,0.2558552940832849,0.3483106864508495,-0.34495940356686144,-0.4534775893522575,-1.0252526105931037,-1.3538063534256137,-0.9167378309800301,-1.3009563398655992,-1.4358689511954763,-1.2257748821686165,-0.8541574458237732,-1.84615452427504,-0.9563894298211824,-0.6601146837833068,-0.5389203988415602,-1.3992491158197031,-2.5410657547751896,-2.190232611109834,-1.8654895461803653,-2.5066016325855642,-1.5290902424170312
8.144318044658855,7.870764971465282,6.039585016857067,4.466231112807102,3.992653283100186,3.6031320741510027,2.6925254065826403,1.9345833322904094,1.422965670647519,1.4559567299351588,0.4202520007120221,0.7096512346027818,0.5631487970447051,0.21186240523394276,0.5527359990050656,-0.23905701103147314,0.12581751840661468,-0.5166179170520416,-0.8942019633113216,-0.6155171941305267,-0.9002050584318501,-0.933084687753269,-1.244896332020751,-0.7079669690722431,-0.8559442421547777,-0.7851174142142483,-0.6705060613948642,-1.623689809218894,-1.6879315836541045,-2.2181947092182095,-1.0847689494767587,-3.115311242931025,-2.078236955767129,-1.3896063444825013
