script/wind10m.json
{"header": {"parameterCategory": 2, "parameterNumber": 3, "lo1": 6.000198445256149, "la1": 58.999992894266676, "dx": 0.5, "dy": 0.25, "nx": 22, "ny": 24, "refTime": "2024-01-25T13:00:00.000Z"}, "data":
[rows 0 to 23 of 24, columns 0 to 21 of 22]
0.9799384581768068,0.05706051160972854,-1.1714229784366001,-0.6257059010528428,-0.5830174907239947,-1.4586918668969409,-1.245659874333529,-2.133341237255925,-1.8044837620803962,-2.299237515526299,-3.100945413748738,-1.1367276483706432,-1.690229401862435,-1.4352631030921923,-1.371195552298324,-2.8874396393611974,-0.7932996006376033,-0.3520681264242461,-0.9901446129725328,-1.971828242258262,-2.160731840893046,-3.046685202645857
0.3368016726658914,-1.3456976396382851,-1.4931481592374747,-0.6987036392751398,-1.0204503499367954,-0.322365603810313,-0.9828087417341277,-4.134289484060357,-4.8866091091517605,-4.562462981390471,-4.546083645100746,-2.184837708476698,-1.7945054176466575,-2.0112506682922286,-1.768506889045009,-0.40845294546381095,-0.7201893329352312,-0.7496842999549436,-1.001280283321338,-1.5184144721609079,-1.8665303655661467,-2.5284957584315157
-0.2983789619375892,-1.2558163468141461,0.3089214914183684,0.12163976637739145,-0.9293862385562884,-1.0149225476477357,0.04287943322734879,-2.6316655110607967,-6.0035978340435205,-5.865801104734777,-5.707916899068474,-1.5727944224571158,-1.6814065822418194,-1.2610639402199215,-1.5039849955541447,-0.3601324394767745,-1.1110636000344059,-0.8788047553707169,-0.49158401445739613,-1.1072457329784369,-1.3101451083376006,-2.6141032133002566
-0.6767432451259835,-0.1994676860874868,-1.7017065603822181,-0.9589312108066879,-1.7186801272511234,0.514532084596841,-0.9925580562275012,-2.67552110456201,-5.24846522111584,-5.508117297572605,-6.000389964066233,-1.26227462885406,-0.7424999569861741,-0.7157520446929039,-1.3108930058412915,-0.3816795854707612,-0.34158453737912114,-0.3689121210835918,-0.6361395343879158,-1.3460048312498978,-1.6862528219308854,-2.271477251613162
-0.3616150226162655,-1.5209682656457626,-1.4763872554804245,-0.7330240613857703,-0.8443189252632867,-1.761402039142419,-1.4170672737432544,-2.5117724201246356,-4.033009073870832,-4.748302726637243,-5.593092633005331,-2.526422450025937,-0.8027508288858306,-0.8901236501237704,-0.6997692364327751,-0.6910559885545612,-1.4013363549900035,-0.9843343249405533,-0.4858655326223808,-0.8670913752322041,-1.7786534099677493,-2.6124401397279264
0.17780741755889165,-1.3647086676147187,-1.835796004833417,-2.661785415388575,-3.232165006217671,-2.531815818976725,-2.661994365659188,-2.3685349488877003,-1.40568915319067,-3.277033840922222,-3.5818595498978745,-0.3408284031381659,-0.5827559304144665,-0.47164144785141604,-1.0275504893731773,-1.070953090669018,-1.2322796338078317,-1.455373772647679,-1.8279492669297999,-2.006939370159535,-2.229832673129242,-2.363179534351092
0.2346150697286726,-0.516270350291771,-1.735938943764365,-2.5300402939890243,-3.60744081058044,-4.3501249895082115,-3.9262328037267173,-3.007132446758325,-2.026140500471464,-1.472065614509577,-2.6705904059359598,-2.092956831117826,-0.7461560828575534,-0.16884549197838455,-0.12359916870824668,-0.894219715349457,-1.696713439871533,-2.20958817238002,-2.122120281324906,-2.1071189168211206,-2.027700653347478,-2.0315073510622854
0.30909959239826373,-0.2019781105787123,-1.5920380586214784,-2.50889066677939,-3.799988330432232,-4.355260061062728,-4.134177150653193,-2.216542540803957,-1.7111510450476826,-1.1672089174189093,-0.8762295923921588,-1.9391471469307058,-1.5285914190148073,-0.05514772185962078,-0.2453214241784462,-0.6539917350466942,-1.2411686530885395,-1.7273358347948748,-2.131431029595817,-2.1704615197809636,-2.2680742800437677,-2.7086455205335347
0.4061365847266399,-0.4704399034959034,-0.8433580896937892,-1.726400650430359,-2.9954308174323283,-1.9572728308056806,-2.2379620392252013,-2.094538480151657,-1.0072037502142617,-1.6261176944945666,-1.5577541954795262,-0.7603195686007128,-0.14872593983707466,-0.6656748380580656,-0.542736405906075,-1.0135713718965798,-1.5486988836681446,-1.7379273987346386,-1.849203838859772,-2.193503387686493,-2.067899234731468,-2.4306690727739553
-0.06777536158634595,-0.588553010266039,-0.7389692242097005,-1.148133775357997,-1.792022635304521,-2.878186857758674,-2.00384342724365,-1.4664272228942488,-1.345970484529714,-1.403907365729318,-1.9482173459968264,-1.7926945605177576,-1.3892126000726364,-0.7914322863869502,-0.6530140280959219,-1.4182200426629767,-1.7761299198794958,-1.7349612301784882,-1.8216391658671878,-1.8878563623538633,-2.1110973453491964,-2.7611537501161614
0.9802320171261326,-0.35799634293587557,-1.0663536767220314,-1.7038526653130857,-1.5300937767065865,-1.849697989255925,-1.2021855820015637,-1.5497399416603677,-1.5942373866395008,-1.09633533224524,-2.0856181966350698,-2.7803687926694365,-2.625272886864555,-0.9589258054041473,-0.4774535785193825,-1.2744633156883496,-1.7498525292744176,-1.7434468156818543,-2.0381785469478304,-1.8505488898483968,-1.8355796015271628,-3.2940136674233687
1.482894284201467,0.2544237028220423,-0.8571011325969667,-1.1194989326360751,-0.9997915639681735,-1.5985213213199105,-1.7101506217998539,-1.9455047780640622,-1.1521077308747927,-1.683140457855931,-2.3745854044133643,-2.2824439979100415,-3.9920516885707453,-3.1101758864863753,-1.0347662181335453,-1.6525622818774273,-1.825502395272771,-2.0703562926688477,-2.309034984977865,-2.5148028389827117,-2.3198789989371953,-4.087317560497662
1.472049772940132,1.0819981696713017,-0.5172975586074958,-0.4043121985427876,-1.1048919793444918,-1.2284991636077855,-1.3417999824234015,-1.4882016192794827,-1.6523037220222212,-1.7000403601053702,-1.8079202236756446,-1.9863058557043403,-1.9989236748793413,-2.483549779893132,-2.651474731794078,-1.5001386899651792,-1.6632381814184454,-2.915037735353434,-3.6977363057329358,-3.2362902528995194,-2.4700338563584423,-4.4375525864636325
1.3569375436166689,0.8781391722354581,0.321574617107041,-0.12006559266605916,-1.424867829889526,-1.630135747772274,-1.9392592515591733,-1.7759434262891893,-2.1562036282766215,-1.0871401756065333,-1.3925535927652952,-2.1787463042724537,-2.7918044466361702,-2.184146557667403,-3.501696294723666,-2.0529932553815167,-1.5386436197170377,-4.7449921732022995,-4.611943744670674,-5.19015140452155,-4.432672207713608,-5.8246857239128405
0.6148085076080515,0.7292123083006014,0.5125398030644704,0.29828149002740534,-0.04281485039628322,-1.9581691093336457,-1.6923339001339328,-1.902579359626274,-1.9042053741844218,-2.0732243708371745,-2.1998423645483838,-2.2056624650695125,-2.4692085403463495,-3.9155765453780877,-3.4418646373045827,-2.4934496080218995,-2.799930764175302,-4.536798746069677,-6.264742464078725,-6.564918732177529,-6.083978522049011,-6.531106556184172
0.958621107312905,0.417138607314024,0.35842678705226283,-0.011034047506872377,0.14467915720325103,-0.6098037360273802,-1.3877007219034618,-1.7247737525917044,-1.6695485753050447,-1.6404788300732775,-2.8500261770023765,-3.3551524969785063,-2.5407274878664934,-4.158231467669847,-4.5337233570465045,-3.7330700702133877,-3.321076592412512,-4.098303179103624,-7.0572994294680145,-6.669411718986311,-6.388397716285984,-6.56390085945913
1.585255961719514,0.6793382178476506,0.2683003226433807,0.27040837139928503,-0.24388504991133367,-0.8654545549228196,-2.081553390214617,-1.390831880094476,-1.6294454779038388,-1.3930649886801332,-2.154439077467252,-1.7114957034876463,-2.541258710755206,-2.606464660736919,-3.338924042470267,-5.9197620431604365,-5.03904377882978,-5.0232456435924515,-4.49433061182425,-7.200621348894061,-6.414581274240684,-5.918751030759805
2.107588981587261,1.4563432817140123,0.8693367941039086,0.1972103803023866,0.08326980048963797,-0.6348183893270992,-1.2846659045230426,-1.7438059343567576,-1.8002454600538351,-1.2688177810664698,-1.5059257737553506,-1.793858707448829,-3.5881248058523236,-3.596774396382285,-3.2872707906140626,-4.7584838048625535,-6.1639684529614485,-5.630874083587629,-5.130928546024635,-7.166022100747298,-5.468645552441224,-3.725885819726271
2.603090566346566,2.3311355553529953,1.6189405604481184,0.5237574467828174,-0.02946539406186793,0.006498017367422784,-0.9809632171292149,-1.2645942249618758,-1.7997298936325556,-1.216259710928696,-1.0897671331599847,-2.234207199217109,-1.2947341329871995,-1.25853155828211,-3.830532122767692,-4.118390589213367,-5.893049829158308,-6.302898733768598,-5.3566345948859855,-5.331454696100853,-4.664895280849387,-2.985827487569688
3.099278409390068,2.3574995002174015,2.1642345435569625,1.1471941963857188,0.2793227339926932,0.04133497296708357,-0.794351386777131,-2.0773144992042276,-1.3655114987598667,-1.699768408440562,-2.2817209360009563,-2.776327439201362,-1.570808899237605,-3.0384577215230624,-2.258229256420167,-5.852513277822261,-5.243700899196853,-5.516295193408659,-6.312672271837365,-4.711655060284515,-4.211763870396179,-2.7677809601230607
3.581763562081485,3.1986465385736245,2.5791140527007697,2.5084827396368086,1.2554460603210675,0.8402154834758451,-0.2850787168974161,-1.4194190736007346,-1.1566855273350176,-1.5542763628009413,-1.1364824582703639,-1.1810204200075956,-3.2386230021328744,-3.5046965939632444,-3.611935282715789,-4.181453327839179,-5.445801711361571,-4.621971947594746,-3.590500771701308,-4.49590634898517,-4.1059728870866925,-3.668449421746019
5.165689076550455,5.0192920738367555,3.0908156479765125,2.1472863058791876,1.2570287534960027,1.313008858783685,-0.024862876045129486,-0.8322480805589892,-1.2467963755688993,-2.010081080947465,-2.350436793426921,-2.2237299743475507,-2.825684276931412,-3.7312956835132445,-4.131990799540738,-4.180128724481398,-4.062719906951021,-4.355477454610378,-3.836172920039417,-5.121160136971499,-4.061009927127499,-3.53881389994463
3.5064719234204857,3.858040277598442,2.862097601589196,1.1754241358373523,1.1143698249046814,1.4518233367890772,0.431423890965978,-0.2834035809188914,-1.3992029083944757,-1.6229194315529938,-2.415858609686887,-2.8443865896628697,-3.1627503187604864,-2.894410946161838,-4.141809610163019,-5.032293840238581,-3.9186169966738498,-3.3605425723585904,-4.916627747323703,-4.327728319353701,-4.314025564005565,-3.0474312867417668
3.4235096553497653,2.9230702257324785,2.5592552224058305,1.7128639025202665,1.2022843679551893,1.5108784737653238,1.3591786913237325,-0.011181893766233394,-0.867577578413183,-1.4326287295432611,-1.7390023411365971,-2.2881983658108416,-2.951215278825854,-2.6315693460282152,-3.493530651774,-3.812975386591946,-4.8309913389239,-3.7877538721161996,-4.0057081537811055,-4.303118161565036,-2.6987595537492313,-4.5063401583479195
