script/wind10m.json
{"header": {"parameterCategory": 2, "parameterNumber": 2, "lo1": 3.000054539987559, "la1": 64.9999836372058, "dx": 0.5, "dy": 0.25, "nx": 34, "ny": 52, "refTime": "2025-01-16T11:00:00.000Z"}, "data":
[rows 0 to 24 of 52, columns 0 to 33 of 34]
11.226353238046707,11.386683762879402,11.827160283513509,12.816358570089172,13.107552886569051,13.124081527620346,14.083851512166303,14.788910856488334,14.053507127239024,14.122277298219275,14.093692290219488,13.654456519172738,14.396408484037417,14.681770419127686,14.337153059298243,13.565341426184753,12.277995970178896,12.21989834575998,7.001802861476979,11.138058631801282,11.564462561541164,9.454211008381105,9.355118286121797,12.431597805387174,9.211113547433662,5.613412356517025,5.149952122374735,5.870597556605619,6.809680474843301,6.194405289829612,4.30058151947199,3.4332386344744834,2.5268177360284723,3.7377759535325707
10.948258693225966,11.521192803655197,11.507133192116521,12.010745990761167,12.718334347863346,13.99017224280442,14.46378774078503,14.529947983722389,14.354356348139735,14.340729025254744,14.48418440712265,14.698296867911012,14.144457846929951,15.073124961061785,14.717829506964904,13.904584036492704,13.46933284981336,11.306690180795716,10.257316276287153,18.099632131875843,7.790314607315725,10.112811010084762,6.476094162690654,12.747655452855923,5.546729929494358,5.810255912259943,6.977789949444517,7.870076441473775,5.54390407965661,6.391133479735268,5.445594882381188,3.987754854681355,2.7968832800698173,3.5337694978911065
10.428085259545725,11.003687437611093,11.382594550268347,11.575258115397213,12.315737839529,13.360967730331357,13.936825069980841,14.463478083349779,14.392991608774933,13.98938676666394,14.50230805038472,14.570304549468892,14.5270035272357,14.476316265091366,13.752220423270886,13.201885068934795,9.816837744443697,6.207995766214025,8.021256669652775,7.933329565075752,13.099452901842282,8.68715707767036,7.759712885068588,10.502909669051386,7.2675822183414756,6.013539978921075,4.83973584613259,7.043546489459626,5.883620329435512,5.761100254081705,6.872077934679191,4.773048424556013,3.846379461081408,3.0028539174631335
9.450149565145434,10.175381854663774,11.019950698474698,11.636644953719003,11.846014539571266,12.507075613866379,13.177569417684078,13.53959754337785,13.176025995057115,13.250416803552287,13.608515233878633,13.758758455609168,13.520516785085306,12.857142165820363,11.925577057532383,11.253182682020627,8.909628288270309,6.516209909503616,10.863346459211272,4.764345889400756,12.301327034198131,13.95299325138837,13.63543086371197,7.110772911567412,5.7504619756499675,5.46362444143086,5.601287098392807,6.150971705568799,5.800079626955603,5.5912728271010925,5.854328907231961,5.722817285974974,4.633339034109099,3.4228149607052285
8.068561901064472,8.557894793236802,9.25457632627423,9.907259363292587,10.633719001225023,11.390299120622968,12.19210537256199,12.994004609001385,12.78355985139263,12.846825236359896,13.427698240741261,12.863195094898916,13.601459075209641,13.110511844684464,6.544704582206738,9.19073206972987,11.549780420049244,3.4361396225943848,7.7021663623722185,15.45739470949821,16.323693009805268,19.060986630851122,6.336493146284523,9.045289203924051,8.281555154762753,6.343203286437777,5.855207174861067,4.643709595536454,5.6080767401554,5.751818025326011,4.980314614756252,5.775868853735383,4.512416646719731,3.6130929603659876
7.8518032287935355,8.393318173319122,8.952572718965675,9.43309907833032,9.920009178849448,10.597004087274595,11.014382934223601,11.307908466610069,11.978014142209998,12.667321086728528,13.982041161612724,12.963635098009366,13.720808937175796,12.79406326863833,7.036366657692751,8.757782254896124,6.9590405721109985,6.994020895378265,13.48184058213383,11.71126458065969,5.903181195312832,9.626448401516301,8.922119384614682,5.0292557036812315,5.3449153763470685,5.570706288017627,6.220747629954422,4.876902848173984,3.6415811287523394,4.551616344758361,5.487672732927734,4.482874632844862,4.214804626339139,2.7423425884143735
7.562725370861108,7.8748665030674765,8.610318393873706,9.077628976686064,9.502819910757468,9.838271948863344,10.55446829367293,11.424987206399814,11.915465931755527,12.843871837149202,12.647797001231003,10.212173047756771,12.859609225776914,7.31136156925173,6.707570817448193,8.397506855269839,4.29920137955561,5.522886441341009,13.086753538675314,12.392144750509066,8.175081945984912,4.882902842640319,5.996490050249047,6.217062885449571,6.792224840765667,5.290625979081094,5.901110534447284,5.592545417909428,4.355065641720427,6.540868276478921,5.014531083201309,4.744406375981251,4.741379003696981,3.225709218282301
7.389594216642685,7.669596846210398,8.45183267777701,9.532584402881248,10.005067563176873,10.156830682356754,10.133498763041462,10.302464069122557,10.516614350538626,12.475175745315811,11.659537219097034,1.3087431110731238,5.987018258114309,14.41380918114801,4.952847278351115,4.729019447934512,6.194483886827312,11.320031155620617,11.192120820095928,11.12485516844033,10.3744897377541,6.804767075337515,6.022865605567592,7.537227186024395,4.363972694472982,4.614373446294129,4.456093792955068,5.57344433878062,3.9208675762886442,4.096350081018122,5.536918661174585,4.230227977427067,2.3837924861898863,7.804549135751835
6.402351567465319,6.540275156682929,7.764439687664592,8.948866262057749,8.79929856348893,8.703382834114182,10.037811571195297,10.167606321273736,9.016890299003222,4.911124007731031,2.9291277190616705,1.9301338468990763,5.394021529908037,6.348811048414942,6.553846438890348,2.1517113590712733,7.353249746023435,7.301691939381727,9.856420368103171,11.308493384259481,15.266844556538063,11.315399253001727,7.03477731298756,3.6008956838518693,3.6637717383718984,3.861597578021009,5.314792853421855,3.6078402085990144,3.8242591770461787,5.689933335450413,4.167454612233776,1.9376517094571184,8.009629322103278,9.263662648197542
5.904579107609264,6.677194229025438,6.593062450325819,7.304913096639041,7.545860446458429,8.875242779011208,8.06662079659536,7.024611684967383,1.207083691467304,2.858005894652874,-1.5528871374368425,0.30310944132320766,5.708817390438007,8.269405112139768,1.2138621081114787,11.147833889468561,7.268833980211842,6.198856611450781,2.677998456523871,6.652179739818222,10.753367772581697,4.8717147045546545,6.0802777935958074,3.5015837527580977,3.3815069945472485,2.648988905638606,4.103037686972238,3.5090377377220947,5.08190812458489,4.648759044363942,2.856031688451382,5.121880231493576,7.270553098450914,9.09043501022092
5.119531851503851,4.752289375023816,5.36926763179978,6.188468365319566,7.060340637960413,7.361538559035105,3.1778020919869,1.3783293021655105,6.530335623819488,-0.9726325663779155,10.267580745917561,6.0894234042095885,5.131797622789249,14.827449082833839,17.557229000043208,4.326280564665007,9.457531256408801,3.0830001321927796,4.3279429651505765,4.215945387163723,4.383863134090393,1.6228722369120063,5.662395552121436,0.8764822801318181,1.7774903135809332,2.217225202303876,4.0804542036201745,2.6057195684326544,4.229012566110916,1.4101963982059138,3.7814469427137065,7.4276125563596995,8.356515309486824,9.773664273088098
5.063511741220876,4.269913436803055,4.4142342299862705,4.130162297255414,4.868673176560109,3.2369483546629376,-1.5263081400274705,-2.8578807813636473,-1.2910634667470096,3.4484333015060136,6.852711354772922,13.881440722283797,10.08306919852295,13.640086198752353,10.92690292417234,0.35384030981444625,3.278834097465033,9.24618290296468,3.6640481633968864,5.164730587814377,3.3072415166041753,4.280286792118665,1.7695443468477787,2.5881368380665717,1.2295824196801068,2.6020571747636594,5.221704293265844,4.273698210361954,3.8789999048840174,-0.13936875423358158,4.681747108773755,7.570064630875092,9.099320484825984,10.204663724186313
5.076951480793444,4.723761205732686,4.3750911077801575,2.3880205774096326,1.8134331658297238,1.2193456318752247,-0.18817506982607524,1.0310985827661237,3.0766023313596658,8.908666355063037,6.348559986604593,4.620412666688306,11.911891709593919,11.574435156579963,3.45090106337813,8.30410901050224,0.976694088169349,4.7108760248915855,3.01694150169888,1.7994907111810323,2.949380681636362,5.303112690515553,3.240243151443207,4.507352185639275,3.2460738252040784,2.0183053152699055,1.6415757936915536,3.1308249085034507,4.584387410319972,3.105350746279986,4.963085034599423,7.903677787139187,9.614130200858682,10.574644876201514
4.68738491268004,4.579678495181867,3.8434965457978625,0.7360780014044487,2.0553283844272725,-0.5033722502163259,7.298659229310036,-0.460621333304796,5.129821584877128,7.957330563164716,8.110092516867404,10.14822328519244,-1.9783588160689694,-1.0648468280104406,9.200860036710909,7.144962214802041,0.5508959876404883,2.307226121415955,-1.5660397049154995,2.1673788373564764,-1.129806168506818,4.77127040953431,4.953137350375396,4.822213382853733,2.9005768870924205,2.597171729843796,3.628641244591165,4.104785527004888,3.324418790816451,2.0930184439279538,6.566787101690957,8.887898568396482,10.236335892019511,11.166227124005205
4.430523610058426,3.628175256994633,2.999307966090458,-0.3351902215755796,0.14111354590367575,-0.3732259313190852,-1.1230736195712778,5.072342826606268,0.08816683446421121,5.874692329002875,3.4109186829717277,14.477430189611386,8.076186100909691,2.6278530978403642,0.8954154942607973,2.8693440707771374,1.638545478627416,4.080155748693681,-0.4465108407595876,-1.6397129812358784,1.4084318041951904,2.7779586737822886,-0.578114353574988,4.09339166703251,-0.20045459570921825,0.9178544420543056,1.3201913333614983,3.4762549257711317,2.2418276500198226,3.752402956237501,7.456349576280478,9.12459469703811,9.626170032016434,10.577832733976864
3.474570592378571,3.4282934855304483,2.174115362690037,-1.2623734373959998,-0.7593354178369728,-0.4194815774572631,2.2928967303435943,0.4269750528617223,-0.00872573690125135,6.061861407630253,7.861102700892441,16.11050472854549,4.929055712079009,8.958076537592357,2.037319445556661,2.8946444900230457,-0.7267250101644229,-1.4306784806110369,0.8693288897722075,0.5913906495162637,5.71807521909007,2.3553284171158153,-0.20328168125764046,1.7082505007103193,-1.0821068695281906,1.7908276216537449,4.337301823775544,1.5354149850814702,-0.08781671448747728,5.884303896224717,9.240437554962725,9.144808678088546,10.255015292541744,10.130109803157067
2.192903437552726,1.7361961530969827,1.5124459242067088,-1.4050782798919377,-2.0963962552175306,-0.7758153682357801,3.675573321331688,2.716541563756001,-0.39942912919946927,1.9850597684536204,11.68424795922084,16.97774953080308,3.40919633104361,0.7807470234807119,0.2372783424720369,-2.1476636266320295,-1.0260436437703866,-0.5998987995087224,-0.7981127890484473,2.1539660169181354,2.5951505714161924,4.461460684430172,0.8888116146586849,1.8179783394267346,1.5713144498249108,0.6593901070639216,4.531316358540106,3.946577120657551,2.296238419515278,8.879344507522521,7.539747152233129,7.817161240338108,9.931751781795453,9.897545415621183
0.6518435690504126,1.0220759377156285,1.0823751968096609,-0.7174127253435628,-0.0700415954478776,-0.6100645377346688,1.725629879782167,-0.3678783738636325,7.061383491891993,11.020453502759871,2.288585436198488,8.197872048803983,0.004094659297157248,3.3755497661208147,3.2319408370819,2.231113978520461,1.0295957372547881,0.7785907357297548,1.2181791672309914,1.1009954792149501,1.4884771774429353,-0.5732365448620883,2.3935810617118043,2.820337278273207,-0.7938969465475506,-0.9918974409794119,2.83991433349985,3.18731174454311,3.077905181907785,5.720915574365793,5.975558490149311,8.697366516503145,8.736520461348382,9.935784381203062
0.907063384210645,0.7322461129172033,1.5612238850451554,-0.08101535747204036,-1.2458034215032068,0.08910711048060228,3.7564626748888377,2.107134047284791,1.5995907866950518,14.372422349033812,6.592260094546489,1.723550547183652,4.772178088082463,0.9378280436067182,1.5758246705530468,0.8568257309940835,-0.6847055853788888,0.8088868283001319,0.2955990019291446,1.5821737056975531,0.010690169238328133,3.6735713665051533,2.791627699945481,1.128466420392141,-0.12024759064982765,2.063029139022329,3.0271743296108053,2.5957130561793993,2.429472543648411,2.8138000955194777,3.9280193384629536,7.402517267941944,7.560445982077418,8.484725808497666
1.270843650189718,0.4619853063577618,0.7780961857921722,-1.5012711376669812,-0.2610339625827463,-0.5308651443131311,0.43629780692948683,7.224349434589835,5.071541510078489,4.415418957445997,7.100115729113481,6.175776775920483,-0.7242926751193102,15.170735169099224,-1.2242895638609037,2.635080232591757,1.0313175694657812,-0.23541012121631466,-0.7011915085332674,0.04396788156437342,1.3023693568823698,0.02367997983326961,2.9105357582759344,2.002555210778437,0.6943991649202303,2.453140420851114,1.179035357728962,1.3314648075748874,1.6576324714641655,2.2972851264359866,3.0241541758853883,2.7434819463281936,7.26334628270301,4.464873740551848
2.3065669824151116,1.4778531915163888,0.5481265609282434,-0.29823723595695356,-1.1156414606248497,-2.468712160116829,-1.6315217229477732,1.5880411415206719,3.7131334816994768,7.3731983529013,4.263706068581157,7.834881465316128,4.626979771660036,0.15740850814620233,2.9399248091431263,0.7101723669927725,0.8797479201108772,-0.010186449837680748,2.5410710336653857,0.030652790188600537,1.9161913282312364,0.23112146651507487,1.3855271667599147,2.126994341369047,3.0805163628951737,3.844710064965992,1.5714098453818162,1.565894908398954,1.7694811356706661,3.061683771919255,3.5756014258064055,3.054390911818474,7.455235909779737,8.370322068308406
2.128409896385862,2.117688446169964,1.1913776865463217,0.8509163000313252,-0.7874507416764501,0.6393540065830629,-1.1394799139221852,-0.7457515497615369,7.841552886163741,3.040706719801811,4.398721975355157,6.558050235937159,-0.2126497638887385,2.501119514493341,0.046885881721028096,0.5432039661527632,-0.4915894659341115,0.06865537337185133,1.7030998967715776,-0.10226456684758038,1.8406611981892176,-0.3312772161694838,2.221848688915264,2.2994975402753752,3.1882730052136248,3.6700008289728534,2.649116438108417,2.858881120560884,3.342915662730665,4.633991470651825,3.8159184445107566,4.330689945050909,3.6721090345921823,6.828449036448632
2.4321424558554448,2.0848327379229206,1.5693816174799458,1.7209677750560548,-0.6196557907028427,-1.9211527105070383,-1.7598613996544576,2.579688737796237,7.201082047398793,7.911703076808362,-0.7278220671173586,3.479147033714054,5.922913230879358,2.961397681568022,2.5835682725189244,-1.5953086850855538,-0.053558956791342247,1.6216070192109515,0.9773671622382119,2.6534485876221137,-0.3037570953560483,0.5136732404126401,1.6064344989906416,2.201422703556655,4.78359802493069,3.453524393038179,4.2962006889165965,5.317005843222667,4.663878257354458,4.250315109427975,4.1724680385332125,4.758548669956283,8.461957282759105,8.172860154145372
3.0905917643069767,2.829251069737874,1.6928631160675234,2.113598142871633,-1.4349495805563044,-0.4419564895918638,1.5446389169478236,0.5815856867799716,5.684655823856975,-0.17901114864891038,1.5458642589946756,-1.826899593715313,3.0315196604918238,2.452305318686706,2.0077455651176987,3.157516263896581,0.904019751902117,1.5658425406443979,1.2219998917315966,3.0256974281737787,1.9588433034015833,2.527024206580939,2.4472509505218514,3.080169025687978,5.592117375357492,4.6777612356201566,5.016119585222086,4.843977153900059,3.7000757763851406,4.01721493304462,4.862426931056266,3.806327043169313,6.8826771073079165,7.338379757545581
3.0686673731618854,2.0219779647914105,3.167647065822247,3.588232804538538,-0.811823580570599,-0.5412278852322097,-1.1948838296676556,3.0716477889444898,7.896018766148656,5.908684741913302,4.4437699182437385,0.3044660067099605,-0.9951593235527064,2.784475795032418,3.4989390758056302,8.267553324288357,2.4025765435226427,1.8293700039046195,2.4658093209017844,2.7895195490333187,3.68395501228374,6.7524145857718985,3.284096161939147,4.407125134710202,3.544475655997586,3.569414730319997,3.7889230170371446,3.656117220325575,3.5553976391297635,4.888565026636534,4.382199612304978,6.43317022646898,7.710066468862439,7.91685754673359
