script/wind100m.json
{"header": {"parameterCategory": 2, "parameterNumber": 2, "lo1": 6.000198445256149, "la1": 58.999992894266676, "dx": 0.5, "dy": 0.25, "nx": 22, "ny": 24, "refTime": "2024-01-31T20:00:00.000Z"}, "data":
[rows 0 to 23 of 24, columns 0 to 21 of 22]
16.518773477775373,11.200932743263417,17.299511581990963,16.08186712806948,17.307040051068153,12.125312305645139,22.281673015853915,10.8580944252644,5.926650207709485,7.985031439264348,10.339342879179213,14.503790424226732,10.777912369332995,14.110943902735453,12.065553185614736,9.846797602961605,10.510897246842225,16.365042462970614,6.075596097058575,6.036725960438122,12.583233337482291,12.06502756500612
14.668335916963343,15.45041179223313,9.898355125560073,11.628436297608411,11.479846774578093,14.284739868820687,17.3778657700423,12.713523252567363,21.275116566852372,23.575539003743717,10.866496700779463,16.087549318265012,15.934167311953441,15.872833135723035,20.45011620900187,19.6900356214714,10.948498312193124,6.845438412087153,23.563941633257514,11.237669864770039,18.01343500884629,11.751976651178724
8.833907625223189,10.176316451074245,20.1055364702139,9.531554730753243,4.501660733325927,19.931029173815524,6.538231329527973,12.195231513539536,6.609700434425325,10.05795559484771,9.871027595433583,23.24542793702366,10.327802444291386,9.821573866467121,18.07232892396616,10.641602526377557,10.324394080456667,10.201499892096379,11.423164052351533,16.018414730801684,15.725974516220907,12.845390818652007
24.000934526146928,20.425792836511647,16.61683129509217,7.316196032941616,9.191704424547751,24.163712744119547,16.514566725576024,23.661114186984214,15.163127394943707,16.872437391560734,16.708871465591333,11.171194601949102,19.24402243677258,19.896458350074333,10.271517591357844,11.163938181318372,10.765829061649551,10.468221082241735,13.887888069420432,9.201426770439467,5.225707397342777,17.313528190163378
14.713581267414222,16.893309634549553,9.72560716018958,12.855758529550295,19.37862653474255,16.477523895066497,16.05181387444916,7.819330516441754,11.024206181003667,9.707095426374696,11.472259067552928,16.65183394585611,19.836622140751945,16.832129054466844,14.232158085553447,22.08323098887202,10.790829155493629,14.370975746295848,10.481039447207866,10.2099165931002,20.911348945382848,15.58425653132238
16.763306636845165,15.114979137706674,20.97451049894502,25.321107466763554,15.669050034315031,13.82670427485779,6.323043565826069,18.451367159007713,11.751440411950146,15.777650820949734,16.533921093527542,11.48518186644196,14.981839296302775,10.959183207872872,12.118204167438662,17.564374351329004,15.030717490244994,16.258279039377484,16.34233394201765,15.422245466512107,11.05355164456163,15.16239819329959
10.00235158719762,13.298256274285167,13.16931045176321,24.544349014668732,13.653243154247512,16.913025266240012,19.82563785898358,12.914948937652825,8.42587233127566,7.343512877789001,18.374435917882955,3.8275025603298904,7.618512649312201,11.178280696697257,13.980013075488786,15.285520810803522,11.564427496413085,11.354869006048304,25.08754022194476,10.436257243385429,17.25840564447787,11.45220825517754
20.204541779979667,11.451260533993477,16.560887249281787,16.100997960186895,11.354106331484159,10.954927166079614,18.905512465547922,6.345879636187952,14.226823505358794,9.945548804356417,12.695524178099388,14.164071440346548,11.821982712586399,14.887900690856949,16.111072993121503,8.337054672929789,16.577619210950907,6.54866010650062,19.721135205615802,14.633204953648239,20.65163464026698,6.266054568654225
21.43226232838828,11.51234274119745,16.159075060310084,20.21844120899027,9.607079884992146,16.493162324586656,6.44009399072793,10.081981937048079,10.831847304635367,13.353729267857886,20.370379954467,9.700533269921678,14.676462485755659,15.122432180958496,14.210218156612013,11.149546236704484,13.918001365113197,4.451977808892075,13.435690265341606,16.97981410422106,10.01267916134075,11.82495889080494
10.177038677056439,17.965697896713866,19.922100886721843,9.65137150786587,21.683555253519923,13.156208416183453,11.835589602857745,11.083386076588901,20.81240428969337,18.380926163018255,9.611632694425097,21.74549183493739,9.367124228101021,16.390723188688177,22.254938305103973,22.330200509240402,14.571589629206708,10.83068836241306,10.800000376433879,17.07650980165491,16.051900067664352,10.87020213425726
16.143921161176483,14.511818205413896,11.554126286977894,14.085750008096694,11.092668782366518,20.73096378370857,18.40864248562436,22.022623836322243,11.426882354639945,17.998267440410615,9.241444397613677,7.192695052958899,9.730955374577038,16.704360136273912,10.36984798332813,14.141785224193145,20.847384293098205,15.764404712346685,15.388877191891504,7.343878540000531,16.704059984277514,10.407104632727709
12.491712738163054,12.193587813279304,15.053243605611522,11.496719208126192,18.469567260789745,14.23288537800163,9.993609962807472,15.447585296363414,20.937221977958767,16.64721006977216,8.484895834066512,9.977936666586396,11.100123137090298,18.77437342624102,9.839181261864164,8.714511110714414,12.750152469014685,14.96273330833122,16.908715021035135,8.617959001065167,18.620722667078415,12.58038217218515
20.214139609795577,20.163755987192356,15.99996582524344,8.959880659346862,12.274020141251105,18.31774000208617,10.453945490376459,4.8076109207930475,15.333944574212358,10.894735355257312,11.54017277984083,21.703879768038327,14.12500613283409,10.365710194113989,8.604222185904554,15.552461709248877,14.302314845914408,12.702747250026846,13.99312492301788,13.219733090674302,20.382741750045593,14.550873390598102
9.944739865240734,17.117259217155414,14.813105601395739,10.52013701911111,8.797516264869154,11.476217446577683,17.226401571936112,14.312501150617623,16.384333581424904,11.820333929684416,8.894976687844979,10.790354572700075,22.460331657866924,9.115666547882205,10.545660067856659,21.082427086883143,16.19513264116584,11.60079469324568,10.949806357446882,8.330333817094836,13.673054466775508,10.93748973560394
15.252971087488351,10.092488121447477,14.305711982209537,16.84562257952329,10.29788634755559,23.965556838318605,7.608338021859023,7.744012090381074,17.046299435212013,14.708214131695899,8.929124237590838,14.946087312868537,17.309721362825485,11.482898915807011,10.53590483819825,17.06824306023847,10.918025495794875,16.68230593676836,12.128443711212443,10.612936018473743,10.316030728000552,19.88730507668926
8.887995502533544,21.187655564493824,11.686691459590762,10.132589926213496,15.541016730888806,17.711814706061794,9.95703012053065,10.908621704663158,12.771422555853091,11.151971247934549,19.649805765264368,16.281777313632215,5.678203803610507,17.21955844344171,9.543118864195531,20.91161257014888,10.742070589344156,13.66782379760157,20.946676122346034,10.101525362205201,14.678648895361736,11.617325899569037
22.194992388977518,16.716010944086797,12.620130922133544,10.471465787648507,15.403395451664846,11.837792395090165,12.02792965105751,10.673063281099807,16.860066776639904,15.326097148869614,10.543784036100158,21.74236925721133,12.77933762282416,20.19895413431168,17.415110529507054,13.238997516429077,16.300172758830744,17.143874531504398,17.97330572078175,6.0004817529396,10.262270745341814,19.190420626681544
13.284936546623605,15.519742664047753,8.751653770226067,19.932712840203745,10.844175698087442,21.631497725575223,10.948312456005995,9.779741498807358,10.551957780467005,11.555928314588082,5.23814760043286,5.365515326756502,12.826538256373478,16.0267722511183,18.65172385295035,15.326534059906288,5.165522362510507,9.671471246911224,10.874692109146897,23.5282942122091,16.007464514020082,10.417759480342873
20.323682753985906,18.497181019503877,18.757383323777677,13.949942427404283,15.484274218440948,19.629690958598417,13.479251290810973,16.017250068037708,12.226125218182048,12.130024243186345,11.848764006741892,20.719670618707504,10.326882671516996,8.318873412130905,10.581941667284445,14.708160867641865,10.592947929887028,11.927281671485131,10.03282690963078,20.073797375309287,10.23668198904303,16.963148340719908
24.99399435938056,16.275222890495318,21.970033843570203,12.206899877927091,13.153621895792714,12.927489884663123,13.433997009123873,10.837233139611067,21.77592750565728,23.025874204664245,23.700700938013537,15.204608591546261,10.996498289831594,10.342479476859282,8.916971451961233,14.537986154332637,16.212122351624444,6.486566700894218,20.79173005406226,9.939097146107523,24.940879292729242,12.60573036859606
12.921706942442574,14.833062648817794,24.46321484202285,10.247313098650563,10.382505302260572,13.83918570053932,6.786512591660725,9.362760508413562,11.215526558794789,6.613093744744368,3.216328661291977,5.521642550256527,6.353134406168638,6.805137866617928,14.745337177655534,14.889316526419103,10.175785057002953,20.02870466960093,12.394722112395577,11.546035099869055,17.05363320104541,17.11845079250742
9.53049150569128,17.204608202848927,23.17058380795041,5.512483758879733,13.347972340064713,12.054598968562154,15.998698268706743,12.193183346793486,13.421294305782522,9.989376130178451,14.153582645752024,10.784819004564131,12.534608235954227,10.499422625301273,15.035014272091512,11.62393176983821,12.456630937183878,9.408699350702085,10.507877331733349,8.45764857225443,8.810277068962934,17.330885673947897
18.042389323920187,10.374449408858089,14.298679723746934,20.199093495162966,6.207198731634131,9.96969073368473,10.692456290276228,9.576275696307096,15.910370196124317,7.443443754618647,13.32894974555473,12.727477989094567,15.742573110479928,10.729848894819291,13.777483703821074,13.734295058201829,20.053096176136552,16.78514479586169,11.269971669037835,9.119436457856231,9.118753183153002,11.872154988950207
19.36863910592797,16.37425742742892,12.60585495014898,16.108918183724153,10.332849781848354,17.51994758231556,19.871604968363147,11.928872282695675,14.500805953772673,15.905829713681227,13.332759444305797,10.00431387090552,9.941735833947599,17.494077755831842,13.245802466416137,10.453086369241197,17.116820954883753,13.868591273212173,20.922443573577045,16.662049386560536,10.954001464612451,11.715391039887237
