script/wind100m.json
{"header": {"parameterCategory": 2, "parameterNumber": 3, "lo1": 6.000198445256149, "la1": 58.999992894266676, "dx": 0.5, "dy": 0.25, "nx": 22, "ny": 24, "refTime": "2024-05-05T23:00:00.000Z"}, "data":
[rows 0 to 23 of 24, columns 0 to 21 of 22]
-2.670616104057469,2.173885190864667,-4.875138280677983,-0.5676134692354871,-2.65705090372906,4.836941172103836,-5.411256884165177,-6.820452066049595,1.6539183817945533,2.496107996101819,1.976583716581364,6.118066307861791,-1.3619639618183266,9.111435815101725,-2.4706696087513498,2.202532016171683,0.040035472025442546,4.091547718303186,3.7040603266942678,1.6211726209712747,6.055269453320791,-0.4787516120375987
-0.6586352367778703,-4.609117581167877,0.695435271824856,7.901896577083334,-1.2958279957123549,0.6820694823671806,-3.390147492682415,-4.017368200586875,-4.214493569435306,-3.21463242233057,0.6036811314593924,-2.49023783643528,-7.645800881595364,-4.45067399317498,-9.712526614908871,-6.008546257517066,-1.2650258083232258,-1.2329653494494959,-3.9231676346179007,-1.1196253010095873,-6.438870699978667,3.008020259521563
-0.902917536599561,-1.073742574380762,-3.947878727625235,4.010006597530776,2.3688593065293624,0.1518419151132614,4.055316208484139,-4.289015562701863,3.6895571656196813,1.8422444590586218,4.495704597360557,-3.488533442118036,2.781881988383301,1.024847104591525,-5.541717335430018,4.229576537845412,3.1508096924916145,-0.001719316733788305,-1.1062983842008627,1.78799112869315,-2.4576787071757225,4.776354250542194
-2.9097336956668753,-9.678145897549106,-6.169700221140829,-0.40722845876615377,-3.1391411687429476,-3.50835489031099,-5.291411084700212,-3.7260154396073304,-3.157357086739626,-6.7805385653179675,-5.9938076850307365,-0.10667074363577374,0.034464874781082275,-4.366074840052104,4.39474020364117,2.5871650314675882,-0.6103453860348952,3.4924884562403613,2.844457450417586,4.690548030661442,3.167550711359501,-3.898861540621638
-3.16413706906022,-3.3289074141867565,2.231293595654669,-5.468242267492795,-3.5159439662014935,-5.5329940780030755,4.077469974966975,1.9582033331276694,2.0268357340146497,5.741627350309594,7.849699959488334,1.8875265994797394,-4.913773064577796,-3.0357536688391593,9.224327264553223,-4.723761455805453,1.85529093248266,-3.633934754604611,2.651078815789831,-2.885945837541071,-4.832718447108836,-4.80625774973437
-4.025978919473269,-4.558305643448011,-4.5034867690346445,-4.157150294351264,-5.550555650607218,-5.327414808515437,2.5417472620196313,-8.546853048645577,1.829333840994307,-2.0814553663326194,-3.621587608955003,1.1627049866007928,-2.563766956943449,0.5396288113878082,3.876300436908993,-3.8851747508905077,-8.249784116596683,1.7009266140458246,-2.3491482303897255,-3.6310161858021877,-1.2419711318831144,-2.9065410186582916
-5.517204768245772,-1.1218154160702372,2.0430314630531816,-2.8650672113032054,-4.182262856760469,-4.355966868393143,-2.6679604501400442,-4.359210680310702,5.35321802852507,1.1038863197280526,-3.8249325377545236,2.103836859460957,2.3428110864176905,1.0417907361591385,6.159375328577853,0.32895093693732247,-1.6210516631663046,-1.4757179518871197,-3.6620337629359128,1.8806305607535267,-6.681790172627447,7.378958023351645
-7.815282748784248,-3.102169745239452,-5.400986263650438,-3.1138171852926146,-0.1948161425980541,-0.5454586175370825,-1.2998733807812686,2.5151977484937222,0.8446169513935201,2.79649013484399,1.8671357635152983,-2.590734948291072,0.11195212693815212,8.949623023885108,3.633724608710472,3.0252380050837138,-3.410061600150231,2.609034027347755,-1.220155700813248,-4.59237787892772,-3.4055085431335788,2.0564703375087494
-6.403780269833144,-6.453616097593307,1.9409594289513123,-5.61556542466789,-4.849741658941768,-5.072749308359214,3.0243555914067155,-3.1002210280945808,0.6702153229515554,-2.331880762051246,-6.297929603223502,0.22951605464352814,-4.8650461743458875,-4.157672837591267,1.5729686715265752,4.158160275426781,4.523846599608299,3.168073513312125,5.6679031933545065,-5.911937646818672,-1.6870190434496621,-3.1597915715880083
-1.7149124359554273,-1.6001266332444946,2.2300465230798423,3.9771718525934494,-1.7264025958077145,6.865839120687081,1.7366632791189476,-0.4263389607035111,-9.194959683891433,-4.686814966072419,4.396460887952309,-1.747691699984568,1.779546193375677,-5.428310768745034,-3.5644445744535638,-3.9882486473494083,-2.6920163019468237,-1.5535792206356638,-1.809732827448138,2.2394467487296934,-6.185227495889663,-1.3331473704329073
-3.9231590276926025,-1.2894562543470813,2.1550639333261516,6.736076574433371,2.38645240261507,-9.349423230716376,0.121786643402079,-5.32874872165692,0.8354393941433208,-6.6941212892028075,2.291237826658492,4.40012737601657,-0.7985197454917754,-3.5374638561625464,-1.077674108812025,-4.316667483555974,-4.831357985461711,-3.628096842104466,-4.563909607772476,-0.29562281900073606,1.950695734251536,5.9685071893558215
-5.375422744556511,4.638743812993723,-4.214282964582267,7.965752697361137,0.3842179761154632,-1.2103660723477587,-1.915071561580068,-3.888052772342442,-9.129383456827222,1.834052693068235,-1.5383471509970144,2.077558024291196,1.6989568040680674,-1.8417433339741456,2.7849743277111707,3.659564837693174,5.225769096724703,-4.355133117609379,-5.313889384291749,3.9576700529571127,-4.917854117804482,0.1004958244943468
-8.808606157111598,-0.9300592793920188,-5.238761097989978,4.581639395915485,-1.094859673657173,3.3639262111554658,-1.8852706733312,2.0157977839431336,3.2374349234027355,-2.1182899740779,2.594931750255169,-1.6560298646124767,-2.8172071702927286,1.7239630633934184,2.1069336149935483,-4.4447987851941,8.7433414315893,3.2761788949733766,2.11616211578886,7.624015925986834,-2.468120040282111,3.57135371649533
-3.000090708406722,1.2300875038719212,10.869698182781983,-0.4369163568414652,3.292673042819627,-0.24002204126203971,-2.5521487146993906,2.4517671356127066,-4.33251771515267,4.71818989274693,5.37142084338103,-1.508224827803406,-5.373700652507744,3.5729666478287214,4.729384696367512,-3.6907486703189925,3.9943559746180344,6.344976743785059,1.0399272589905453,3.37679504612061,-1.777802966415239,-0.6929185549582964
-4.15596503758756,2.3279433373326075,-2.4971857985286094,-3.8953045995215136,-1.8173919554492999,-4.615717784907181,1.990332427055282,2.781973979091934,1.520899996926733,-2.0097871068828064,-1.0260379625405198,10.050597396205596,-5.1985708409491185,1.4303370858110638,4.804786019286737,-5.926105908394797,5.176275324965873,-1.149760528481376,-2.849402795563564,-1.4013528624909224,-1.9807984567691987,-5.871787855143865
-1.0644735646075183,-3.6975936722083937,0.3357846227564068,3.1619669458136865,-4.1476753461451095,-4.01168286269403,1.3050025072800506,-0.8235393501273433,-0.6212012132210083,-4.298331863499704,-2.002803124567874,-3.321149823124768,4.681417877755165,4.69164949655219,3.810587659375881,-4.033340524656573,-0.8488432840349323,5.898822554109388,-4.996992463262306,4.827524802460976,-4.274478904864768,-2.306547307503675
-3.8564504220853553,-3.9114371127450034,1.0273888749739593,-0.5191886625537967,3.3783424632294023,-3.9834139675506823,-0.5487770130788097,0.48318913638314315,-2.8364615486997136,-5.779915110950492,0.0821415105942749,-2.5171504732183356,0.0928034879874019,2.1212518151700213,-0.9784817735645637,2.83344859742383,-3.8537170163713284,-3.4740865661352354,-4.974875115362681,2.81226050796166,-1.2490207419971393,-6.402150188965591
-2.3821834824961323,-4.081015641863745,4.6849371230176695,-0.2749699384267467,1.0512203668671634,-5.451608681396679,1.6127111913016798,1.330492908498101,-1.3260333888164508,0.12102541206589193,2.9119032737822814,1.6807687643146818,6.720655927098997,3.3046403968232405,-0.8984697797672587,3.201841728359921,3.2332697151619887,2.360476262609661,1.468283931996707,-2.5901961934287874,-5.15552946656998,4.143900736116994
-8.170101399121576,-4.400463808607431,-7.116190803142856,-3.616895484145762,-5.56976927176073,-3.5422976386028524,4.475417919250742,-3.8731149952493813,2.4585980165887915,6.662107890074997,4.509243238205953,-5.045978814943992,1.9256304791325958,-1.9048616472202173,-0.2821839421854167,8.723265882036028,-1.8454304700509354,-0.9877361654356922,-0.7856031779190962,-0.28516282653873426,-0.0730096539374557,-3.4544383359759094
-3.6619546942591232,-2.068699871031118,-5.762276057602274,-3.3998060066532307,6.412553677513418,3.088006227316153,-3.1547611114853513,1.7316738015407396,-2.44670377265616,-4.731386011959261,-4.231257647635303,3.2082704783263165,-1.1918482193712214,-6.581130228528458,4.870110033732942,4.463860285339068,-2.907660907384178,2.4449945881412205,-3.793237857023238,1.2909497422068505,-2.782919609017816,5.4525939674677835
-7.91080883789685,1.2942426271704575,-2.623035224964397,1.1395784490900787,3.046856514789389,3.475178667006838,4.600112409885743,1.7576772642625147,0.07437441406903961,1.7276984526226495,2.3880472787909395,1.047740974107717,3.184247945263721,2.4049575123636373,-4.069677208127098,4.168522817507544,-1.2392517154959122,-9.350080613911878,-5.511873228789483,3.040785196917921,-1.7878838067008878,-4.169617745937979
-1.5372705780638978,-5.994258707522151,-3.8221147122147707,0.9575121911770156,-2.662142912288145,5.844691527704351,-2.6943398423588776,-1.9146907203276373,-4.969683125144567,-2.8219235758580683,-2.3781553824698025,6.110137675117889,6.276749774316028,1.6444831021797712,8.390062608398807,-4.168357542901992,4.48006761138251,-4.339135877448186,-0.5818357415071843,2.2838643578935063,2.520925892414033,-0.26568473034856077
-8.331600846474483,-0.15682319915998694,0.189393849699922,-2.9177801396454184,3.0741091229345945,2.3399249609826955,4.290809559798342,-1.5354707495340252,-3.7534066188355295,3.1459813606931437,0.39002892695731733,3.0550490305172158,2.9945806109340216,5.7420281101234805,6.398721749647602,1.8850885945821936,-2.70917516878971,-3.4105058928821044,-2.096266366341259,3.686878074466865,-0.6137584187450553,1.4874629627881404
-7.171032743448791,-5.4642850071997175,4.3657162148391215,-5.384437261809456,-1.0523033489260778,1.8484223679335197,-6.5993172608078146,5.024422874491474,-4.7559087875781225,-4.920752572017428,-6.37186644592333,1.7300333819522027,3.5771768958086714,1.9587429097849998,-4.056966590568128,5.809276266846126,-4.093707656641174,3.063544236502122,-3.654945390579403,-6.095643544844276,1.3283102874020598,1.837351541554875
