script/wind10m.json
{"header": {"parameterCategory": 2, "parameterNumber": 3, "lo1": 3.000054539987559, "la1": 64.9999836372058, "dx": 0.5, "dy": 0.25, "nx": 34, "ny": 52, "refTime": "2026-04-11T21:00:00.000Z"}, "data":
[rows 25 to 49 of 52, columns 0 to 33 of 34]
14.821738936645987,15.121360888719229,14.167511203278673,14.461286967889887,14.431181899149893,7.952140985020646,5.815644733182047,7.274480268569047,5.114649690790007,2.4680308477062805,1.4723630439484603,-0.7015265983105018,-0.5710128327563445,0.013337779740132493,-0.40277887162037174,-0.36918730229233887,2.0542537107688617,0.6417935082751394,0.8215066659770994,2.30503529970406,4.164709668372366,4.134509187051635,1.3417474993468976,1.5748532928272494,0.7965188649203216,0.6042378164072916,0.5383508901907328,0.510819381799473,-0.2817128109241774,-0.2515926680491271,-0.3233312975700605,-0.4759178334416789,-0.6095165681202075,-0.8225340336874042
12.601570668091753,15.718071545281669,12.698762270467562,11.935716987551647,12.343077113305153,12.438189167818612,3.7210636106119566,2.5545885409919475,1.8451992558302734,0.7631332528887892,0.32206617021557654,0.7112825714709127,2.6834242965193282,2.8987825791372983,1.3375146694247457,0.9880026880583075,-0.46870108906144575,0.7370302705887203,0.573172834704018,4.13519763757425,2.4345759497660557,2.2785941458123684,1.5960383756017487,2.3899296979360223,0.9218876576831905,0.5395881061774515,0.08609460903646335,-0.37056028209742936,1.5524730643655744,2.045986890676099,0.3221403237801293,-0.4608009204252083,-0.33310869405372684,-1.1475058957110358
9.161420595362506,14.634142990803811,14.313713092214986,11.400268783299477,9.945590309814376,8.950769542663812,8.29680665145186,2.59493373194505,2.9262123274021348,1.8849355441033222,1.9965761924803835,4.762090446051353,4.930584985891144,4.4848792642655955,4.234792978752471,1.6664717237542706,1.8372011951240927,0.23476485536818323,0.8181253359822476,1.013522257971382,2.0890854680127315,2.242668815307203,1.694225254494441,3.6768447545603595,1.2380378535321768,1.0351633857398514,0.41152246679090193,-0.2802865394306192,2.6791731025339596,2.0272876596140246,0.41146994836574635,-0.15374678018015833,-0.5952707744596075,-0.9894104411904207
8.425840676836259,10.322853130202772,14.52151179531457,12.932468039423236,10.440669205624813,8.067840914503476,6.633319359175212,6.0947630655348135,3.6673986407409087,2.4692329581739094,5.124892690164712,6.405929249729614,6.527677479385818,5.105819451386616,4.892790985638514,4.328214362761787,4.460562046752686,1.2567706139137387,1.7116887326721484,1.667587089292235,1.4719811805464624,2.2139239739177756,1.6120715870102618,1.497871330635508,1.626212688290108,0.294700065025944,0.3221749464956084,-1.0135541345411978,3.0751617527590804,2.107620856257185,0.17211143256033606,-0.5025629517758456,-0.606912844644584,-0.8873813571506652
7.552172331303298,6.255448973856877,11.13168625855421,14.844492399782428,11.89299008801913,9.067103600770187,7.091000091687193,5.604777510111221,5.280202821230874,6.063367852714397,7.481058148093851,6.790688497090536,6.607584975080453,6.450579442637094,6.155153930964681,4.847634720918226,6.728832164847976,5.751552030190734,1.1414927132488064,1.8644399699122765,2.200408801466149,2.5900620234786276,2.0053767014549893,1.3162651507974776,1.6837120105724346,1.3220400353009765,-0.23589489722688015,-0.3050570486963842,1.1025026982258086,2.1876155639262507,0.3250036289342278,-0.04467145928575548,-1.4457473087915615,-1.240520194204736
7.6158396244172035,6.341439807767873,7.451285196030972,9.666327897785969,14.708486594190873,11.323021328812386,8.637677814684121,6.913199809580798,6.4068472967108185,6.134608091144831,6.944250915831406,7.773906270996,6.678476766638526,6.214112601680279,3.998504380086641,7.297404098989286,7.488655715181329,7.973007242130854,1.7951172025963782,1.4860100841666666,2.087761870364711,1.595847744538136,1.4726342221608588,1.0867535640501755,1.1672974396030018,0.33696961906833917,-0.6191938426020797,-0.5956959559546543,2.3306825266873146,1.4103685367686671,0.3594836923581365,-0.9608053014129418,-0.5576288290570401,-0.8794086518700084
8.388012514447688,8.447198594925174,6.0240750406677,7.9341203947260786,10.722748917900901,12.238018697084197,9.434119912803263,7.89000151833459,7.193486546035819,6.809158926219215,6.047324305782828,6.772034758228723,6.562888276983829,5.156723731484872,4.438008516316895,6.301365113710795,4.48531418275466,7.683509445429283,5.84537878335742,2.1378123129274775,1.9338819333741932,1.5925838759703754,1.4081302034768863,1.412444487550606,0.7178001996097446,0.9128061238241058,-0.6096818360729025,0.3512264084721031,-0.15806884503194088,1.0605088392395656,-0.5799813671848155,-1.3649567565322385,-0.6901437884312988,-1.4791869126495691
8.997473640438889,8.894963514911012,9.407399922976749,8.109869542105697,8.20730510352302,11.102924352512966,11.109040159835432,8.742897905772017,7.655210218334635,7.229390835750414,5.89994541508542,3.138623885062377,7.235615012320068,4.293068250923891,4.337066117286897,8.584180335512132,7.922325782545925,7.160274057634944,6.811275443232011,1.5108105644291834,1.3287098649047893,1.7369219506838873,1.761145000644908,1.0711107460408538,0.5947957427091233,0.09781951164537857,-0.5119541639385072,1.0476813318366265,1.044545716160438,0.36971629527670735,-0.8652496377399671,-1.3713602302979813,-1.5303590463200614,-2.502963108520636
9.942459065218033,9.16566114130272,8.804656370060645,7.396397083323064,6.125959404155377,4.146511573219691,12.270144095429735,10.011636995405382,8.576121896502936,6.479519222051615,5.595854220956335,4.900421863617142,4.404467202297172,4.071267033132588,4.010114913047936,8.570178389710804,8.408395910682362,5.956593013820607,5.896590044446617,5.004959648726718,1.5899806082150783,1.362532082633364,1.2874292173875899,0.8901262197820339,0.5090673818964703,-0.20856870466011918,-0.7644222909801577,0.436798844733948,0.8773325353221936,-0.06991841759430055,-1.2364395261201657,-0.486834978802697,-2.020024942082708,-2.412647592146764
10.575486064605945,8.800403659590241,8.911378660993082,7.626032351247087,5.278981774888704,3.2763066025080674,13.935541206583242,11.42647906238456,9.278150177094368,7.946715700965827,6.102353303579138,3.743020021961398,4.181535607479711,4.348070718760667,3.7296966343257596,4.302588673380248,7.728839306770133,6.972134397479944,6.752884043385335,3.4727942152990523,1.7959979851640464,0.8933974337819814,0.9005130593511836,1.048910621969169,0.4023968756223577,-0.5197940474427083,-1.331622836060518,-1.1899140722942083,0.9219889978057801,0.2308184674815418,-0.36432780617035154,-0.8278827217837963,-2.0802693336730878,-3.197625092151464
10.344702427767226,9.87050148133229,8.668800465332854,6.73288385492798,4.551149345543749,3.513444037900995,1.663122244717038,12.945631239986303,10.01958144410516,8.401268845623246,7.222036368353353,3.6062295460013227,5.400559428327333,4.061529502347621,5.053359460216772,4.65953363323186,7.109556990460104,6.153496212878234,5.825801196054398,1.4569786860992777,1.0920426786722643,0.9604045499429569,0.3547461630917692,0.18249867813779536,-0.44024362984980764,-0.15453783092916717,-0.902503003549234,0.9503430134500481,1.3539362071674592,0.7540142267227132,0.3617450121649107,-0.7247904216027315,-1.9520971066108852,-2.885625242233026
10.643898815215088,9.256773408315594,9.092666128267574,7.290735578755051,3.997977829088492,3.865921731659119,2.6785291064002674,13.899342718683378,10.672138921882373,8.104505619813384,7.638865594846458,4.506104097548393,3.247778205698675,3.8160102231794126,4.342977896178729,6.645947242043572,6.919756215450653,5.94793211054411,2.6293478573401843,2.6499971227974934,1.6184396880895722,0.5039878037470281,0.46755155769744916,0.33407900742474433,1.1555867522611,1.088397202740606,0.8130313659180879,1.1705391300701435,1.008318458774437,0.908295101105927,0.4380017411021797,-0.5718341431315141,-1.7291058915943553,-2.573723750940675
10.523151663158497,9.539797040425926,8.618085223518944,7.5271541853379995,5.325201168017575,3.1008374208955387,3.1673185719841013,2.0254121179032,11.123636855241577,9.439614689419008,7.721413030321987,4.766875661212146,4.657209540657399,3.7024942748439322,6.148874590813219,7.062019895649867,5.081029452377577,3.054139893069779,2.6721673066333014,2.259568655328888,1.795076397991408,1.2341416580979068,-0.06265970970260526,2.857424991314895,2.62578525916913,1.7056689795622393,1.256249579379456,1.2144015140493631,1.0842302050881465,1.2190602902378542,0.47910552108143745,-0.11037122136200432,-1.5798814647193342,-2.1593800883919987
10.039163503270446,9.568266675318009,8.313012673688204,7.695928246252208,5.971605702205663,2.083665700031562,2.358188972897337,0.7921570395089242,10.692379463616232,8.752962736193744,7.366189644087925,4.141055430558868,3.5210189403782315,2.924007220132449,3.6091852098925497,6.129907546464873,4.784441894527217,2.7016871148135646,2.4478763507964105,4.441992707221073,1.9693970715962423,0.7193724568846556,0.31865422032752394,3.3981042571417017,2.760694684266514,2.7320011707717904,1.820757546454601,1.6827592648462597,1.2691421533738443,1.0222509863399798,-0.0019003826234642864,-0.8006560419296582,-1.3640611019764848,-1.8716588271686185
9.443176885314195,8.885892210548873,9.122218803782651,8.0481159812248,6.542670363003158,2.0153581898818738,0.7087753988832342,-0.34078349464267516,12.103381785317971,9.067808791141937,7.354127612442803,6.525881824217324,3.832219895831066,5.40965391641883,3.510935188986225,3.9267115136269792,6.515886478879246,1.9810003167089683,3.154771557409147,4.090625133694271,3.4195798725394266,3.7065233069035557,3.200856801327544,3.447608216865557,2.6430565200590532,2.5283021818057905,2.348995897678042,1.6112561022538785,1.7640196441659786,1.5335207668496553,0.3018059436956726,-0.6754898612536728,-1.3077581246370436,-2.1074323762250615
10.007337025798494,9.283680573051651,8.775310875728863,8.107168262398567,5.942914030294502,2.2908121810438185,-0.9041107902407631,-1.9767665330397999,-1.258985940387063,8.717301105153028,8.62703392895237,6.1417871582332335,3.2187929932159958,5.473090389174779,6.417320567824425,3.3815901635072536,5.021095477261082,4.842265108433127,2.7094212396935324,3.926448728485028,4.460305881690077,3.685761483122278,2.9722075385528526,1.0644697643390877,-1.052159016043706,2.2491260132099704,1.9224434439693754,1.5041390781647834,1.723258963727311,1.002388040380289,1.0600617523941156,-0.739596393996738,-1.3953214920686898,-2.4826503258137933
10.07582269881868,10.000170160941943,9.28538036701093,7.971964034663927,4.888676423136749,1.8531692590787876,-2.119053888181206,-3.7619004560191933,-3.812075199015906,9.569353673428603,7.9509137482024075,6.426420857672917,3.7789470613610043,3.023527687958389,7.275403137648461,6.462557704782583,5.375402392815812,3.059907083417475,3.555378492933299,3.84578908417773,3.6443145981660416,3.162990220047539,2.338616174153543,1.9427445588913705,1.9917277500135546,2.072617170170728,2.137106221024459,1.9351653022980728,1.654682974166935,0.17859564884695317,1.647033472861221,-0.15409847373032762,-0.4647099823878303,-1.7816711300161856
10.354601352392258,9.791695519091892,8.82735817853552,7.731184402008432,5.1299006886711425,2.09977027367354,-0.9734702382290705,-4.467565864358531,-5.772339918633335,9.23186458803817,8.568729353675568,6.145188545138671,5.028008950296497,4.121654378262728,3.427379890422681,5.880109955562715,3.519267471963439,4.688256990616254,3.6590520883957036,3.7734263221895814,2.0153651617090467,2.4696131460803388,2.234642800791883,2.615526350858639,2.4735067628588174,2.3874851771264542,3.069030933301321,1.35039391137462,1.1362036788494,-0.5933360412206861,1.1249394036479075,0.2626329828264796,-0.665746548629116,-1.0685777490761503
9.990775019224339,9.282205600047034,8.586130889024803,7.653030222889912,5.120895574007337,2.9737776908850178,-0.9709376425011644,-3.946970499302786,-4.891105819587564,-0.9173022779055925,6.823085691864346,7.602587735042555,4.336775759976057,4.526426498138984,4.922428284711165,3.4143878601629756,3.1346969552690473,3.886519472985931,3.266546722443581,1.0185048683358044,1.0186923259085818,2.842013166867008,3.0570226988893237,2.7904199832584404,2.4617135811779547,2.3807255874453865,2.2416177219516658,1.630822874996509,0.8995758333070183,0.7921852676919997,-0.5794156392637619,0.5230914684279041,-0.15543741462214586,-0.13313602917488665
9.698927785308134,9.060609946509476,7.852028001474692,6.841292185239086,5.798131617440388,3.230245025159711,-0.7465076492158739,-3.705205096876743,-5.4900419017490965,-4.827595152220382,8.99547088084847,7.425037820076221,5.328165749670195,4.4029530114043,3.7073227994330877,3.4462901634486682,3.528289602459132,2.877643994131967,1.8359717617327098,1.4144217527292078,0.9739456324930614,0.8044242284427383,0.6994519741593791,2.202808610556874,0.6035549701461189,0.7272418397810781,1.530100110599375,1.5192361448758187,0.8376635374059671,-0.19355936865147025,-0.598985719847852,-2.13702044829045,-0.7226943797494118,0.4794832597352657
9.665242486723509,8.585799813696724,7.641871031118298,6.452686874913857,5.811574423436384,3.6980570617922135,0.0744889085945968,-4.118914717155114,-4.591605817995801,-4.877122746841427,4.436107990305858,7.236141263105802,5.3954097452708485,5.5354057539435,3.8688351789836766,4.269308705589423,3.7809880907295,2.393242690083515,1.4309239822107958,1.8180453463737691,2.0819095577558158,1.3205803302096761,2.877659284017547,3.2101607491945807,2.3760447047310045,0.8607085221535079,2.9718877819788636,0.9812705953866726,0.10677280819958182,0.2563158399394923,-0.6004463119994395,-1.5774875582633308,-1.30177556454315,-0.9124693404222551
8.845859214637906,7.989481915877116,7.8809144423446895,7.177543969079408,5.8231775654462705,4.046733017420849,1.5756834058198308,-2.4938899124316345,-5.00832709945791,-2.3937566344736423,3.5861321449046315,5.947150205992592,4.182450274448475,3.3924221632003313,3.6832180402516292,3.6064420903301784,3.602093794283036,2.2388161243309765,2.212797872131108,2.7800045882184032,2.00868529160313,2.6032920361016423,2.488638735591483,1.9040820603028774,1.3605790020786668,1.7142919719146814,1.1863642959562675,0.011781142853299346,0.8418175949323733,-0.8109869681480163,-1.1155434611591644,-1.6078428167365526,-1.2816442056935673,-1.465646783974951
8.219967468100776,7.939234219266628,8.3649166056723,7.498562529806124,4.759544111968834,3.3111269493117534,1.7368391224626782,0.6041301609918207,-1.849172918393187,-3.925607688716829,2.966567683327857,6.261998585373183,5.484088908514626,4.44998060457191,3.8870571939464837,3.2446884785590657,2.136348790314519,2.147303183130208,1.6494318238356165,2.1559001365272015,2.260615999055261,1.9123681433935242,2.2005116319507603,1.292378459542718,2.055006172991056,0.6191730129179543,0.036191213292108865,1.3538019037836775,0.7600791543962077,-0.35049745828911427,-0.6705175777263348,-1.6177645329739536,-1.855708502913249,0.1469588710988195
5.731432939780496,8.329467472964351,7.92268128998641,7.090873135960701,5.512185416223412,2.458651371539782,1.0104762697252445,1.1502131454487856,-0.011514170522525926,-2.5310224070666236,4.973131270816592,4.092964396498707,4.557745139622287,5.109954837225797,3.0996904042735673,2.671220616231989,2.496566770434355,2.0342664842694864,2.328342568661476,1.9597492544541666,2.3652960811094776,1.8305804257251608,2.38528101152663,0.8139163162473381,0.7262190357364854,0.3516159943540707,-0.023703402108648717,-0.8297212814651144,1.4088646970692111,-0.39837013683296213,-0.7956283512824572,-0.47251843147847644,-2.101199284844644,-2.033351654117918
7.756663805220865,6.586653679369569,7.6407913692866405,7.404542702595866,2.9649165831713784,4.408861623942815,1.8686657488463703,1.278311858499751,-0.4222671039527672,-2.546570792033092,0.8962964521599198,4.22144924202795,3.7739586714787614,2.768907325728872,3.0370249755843295,2.201660168086736,1.3686460493253614,2.120806474502372,2.159332747092531,1.6463942112399237,1.8706735918419002,2.0093697274730475,2.1790133992459033,1.3667213263985556,1.9970759753227123,0.54018587502505,0.6573666880520496,0.16623357857621782,-0.25753133450256466,0.4729158652198144,-0.4235149675008714,-1.6625713167562588,-1.2785970980582193,-2.0615875080814594
