script/wind50m.json
{"header": {"parameterCategory": 2, "parameterNumber": 3, "lo1": 6.000198445256149, "la1": 58.999992894266676, "dx": 0.5, "dy": 0.25, "nx": 22, "ny": 24, "refTime": "2024-04-02T18:00:00.000Z"}, "data":
[rows 0 to 23 of 24, columns 0 to 21 of 22]
0.5566637925480902,1.2815551389163444,-0.7525467041942212,0.881047145530549,-1.1064363359552447,-3.275632913483267,-2.7765614338873212,-9.769431645467149,-3.89056524365985,-3.723173488722684,-3.3812981279234604,-4.42911568282629,-3.6517207112959484,-4.653743644388248,-5.365178100207399,-7.062850010469619,-8.514422432083444,-4.887290059532988,-0.796418092866569,1.1443330262704507,-4.035965379294504,-0.7600244389911546
0.8479524857940895,2.137666399346056,1.0757746056818704,1.988132766371955,0.2717863625404691,-2.0856254552051343,-2.3881973547820405,-1.60369728364883,-4.523182677310369,-2.914561333545071,-5.02084406089098,-4.079432661441436,-8.102373833187642,-4.375515193154318,-5.4439620593517875,-7.549031134365845,-3.9068365315319395,0.69812637290622,-6.99207266620519,-8.93383724566337,-9.62396662912035,-7.725563511961983
1.6922851489279518,1.327306783352356,1.0064072268853657,3.8566433806385234,3.8680450832870807,-2.4514274646759655,1.9408977414032487,-8.1941230404367,-2.648735168970732,-5.492699459743816,-4.036537829281645,-4.98902745354918,-5.25273700844884,-6.582955945718342,-13.343824888539439,-4.617544995096937,-4.521497635517697,-6.301399493633645,-6.785681835883885,-3.8842550949269876,-6.61024851794144,-4.517700247234129
2.395216629959823,-1.6562113306841673,0.8115036436828891,3.409058125650968,-3.886924407742904,-3.078964838152743,-3.687319238209393,-4.007318063100944,-3.3220147741509365,-6.228511766264076,-4.588314457723999,-4.729568540288306,-6.804577919060131,-3.929240976328735,-4.182571262754822,-4.1772719845987405,-5.958047057542166,-6.13550408585549,-6.443536153691145,1.129932357946941,2.7510828737779116,-6.212779388622329
0.9200211259839991,-3.5739129910168836,0.4549815902791639,-1.252707764059201,-3.129191398866137,-3.0835702328922663,-5.30453413237672,-0.3082257550591087,-2.571462686080501,-4.254556222927811,-4.358532274818888,-6.0623075959161925,-4.8171204244485315,-12.420692967048328,-4.388284616341931,-4.104719401653683,-3.126247978888439,-5.87405927791654,-1.1517518907842,-10.529040480875608,-6.6684345320006635,-7.598020691132385
0.42264556781268264,2.5624290020555964,0.3968930473940371,-4.36404855715494,-2.2317445839713654,-1.584645594319647,0.9445256552699229,-9.583039345216466,-1.8477843794942572,-2.7740220839843506,-4.038923722975475,-3.6467028605283054,-4.149117740664764,-4.863442782017043,-4.956770064656709,-4.2838204418523285,-7.748621284951573,-7.8985918319312365,-12.910876083386611,-7.023001385564426,-1.6205031567163337,-9.542176734648587
1.229427857369608,1.5697968599177368,0.4225919438904379,-3.9793776852943568,-1.1319196880987683,-4.185868138251655,-3.927535874616691,-1.745792624586169,-3.8054280376692713,-5.342621534967606,-9.164941948004818,-4.345309052773107,-3.993942171613951,-3.9647354027984454,-4.8329258363377745,-5.1298228806098125,-5.837917525736359,-4.9585355891203315,-5.7653264757542,-0.8010635609541559,-9.463242647052875,-1.2881908142485439
0.4076756690097028,-0.8977543454516274,0.20600841116619314,-3.5556815141477736,0.7115095550739011,-2.1730341882233524,-5.282119841999452,-0.18132579956259642,-2.879864606465245,-3.5099895208766627,-4.082191520318596,-4.109474143029702,-5.411935627853835,-4.120035270114146,-7.8759332698241415,-5.525035661382597,-7.80060298021068,-0.7460203644501957,-6.966798723204264,-8.906117944095032,-4.473133741532509,0.37705906831017527
0.5046071306937743,-4.252325956757336,-0.34457667857571966,0.183758690170618,-0.09785327351941678,-3.247252911740052,1.471698558212847,-1.499458755720211,-4.762952063941172,-10.285919656542369,-4.873278847320188,-5.173291524678806,-6.665528363309415,-5.493246079566388,-7.626288674052553,-4.242312327348983,-6.583580905568118,0.025549956155053195,-3.4087804017408745,-6.115474534949092,1.3937929368637658,-2.7401276176405003
1.5683621684777518,2.036224655166024,0.47181865891330554,1.3686579122727436,-2.940910954920159,-2.171521879260423,-3.6277796367652266,-2.730564408540673,-10.857012257695411,-3.532518987358426,-4.912462006634971,-3.1035311558600895,-3.944746196548288,-6.189747524770028,-3.2385854909862175,-4.055268350657376,-4.337687040231139,-6.17654884162885,-0.573321338157422,-4.482412186645221,-9.277372654758608,0.8063122096026152
0.47211646137308194,2.250291131574354,-0.8402774778800273,-0.21650220964297046,-2.547246593588476,-7.11264840374703,-2.4267373417824323,-5.317511878116676,-4.293732308766843,-6.19567254989706,-4.212989384693579,-4.7484961133226635,-7.096158091097712,-3.675752094982291,-3.464270987408116,-4.2579665122726675,-5.467541657188668,-7.20011057440234,-6.077501007040704,0.67098683006417,-7.713574546779273,-7.432133363475361
1.2438292323367754,3.013678038382303,0.640233632293215,0.5212756916211914,-1.2016050178584796,-3.6310138375530157,2.255931854903811,-3.380565826963417,-9.01561304775031,-4.459741831803403,-4.43238618491258,-5.29028651971288,-4.86455160195279,-12.58096287906072,-4.535860068269718,-6.2927590650032545,-8.586187277402523,-5.8824023498179505,-7.008330767506479,-6.320769131273115,-10.758083067611315,0.9236546616573252
0.7876762514983814,1.895978306112095,2.9326089203282844,3.346524352784853,-0.4277006525169316,-1.410234941476056,-2.156550600324211,1.956395697422695,-3.6082170036106582,-5.870586941551715,-4.893449898614913,-2.953474827277925,-4.241778013739007,-4.973416905627315,-4.177688060736643,-7.486346416005048,-4.675086742251137,-4.835487677469182,-6.1218290610733055,-0.2108052836878138,-4.4291490552559045,-7.208146736479534
1.2112894852728227,1.1284683797422959,2.8327202236251785,3.8231450303239005,4.030826452691736,-1.0782004210774174,-2.870130070129683,-3.2959048033261107,-5.813274148271437,-4.278774592463893,-4.115306957287621,-4.51681674792708,-3.0375377123426452,-4.631095095256471,-4.41886155077749,-4.1163375104388615,-4.422984727257094,-4.2047583976954215,-0.2650259479965977,1.1062461843217908,-2.2184417427905117,0.8700114461586833
1.2119086540989623,-0.2911834382677115,2.59885009299619,-4.297442530862034,-3.5007330006931654,-5.3508865145374465,2.4766468410844817,-0.6072361183573056,-2.7297440700853426,-2.8368767688350656,-4.252576024574583,-4.251190166870121,-4.9489698235975395,-4.35423651104243,-5.112104653644334,-4.682917114567982,-4.282168107572438,-12.905202112080339,-6.32344778002529,-6.1789985206092775,-8.949394877667904,-4.751842497238905
0.6842728988482656,-0.9876317616737869,2.8640118132344297,-2.970686303750507,-3.221849306517772,-3.618201983236032,-3.0659364484805662,-0.1128684903052327,-6.21666082029906,-4.816533914776996,-6.405131205797688,-4.395467908917617,-4.476192481175316,-5.4108640914506205,-5.268067033136172,-7.59805707188183,-4.445877376222733,-6.028305292568055,-6.699902747701279,-4.9438141687691255,-6.860655360728423,-6.161643527364658
0.6904987916674028,1.868696806983278,3.4420622949175588,-0.061041107691608865,-1.3467803278665156,-1.7376224810304306,-3.1531539996854736,-3.2008750031747075,-2.5999620079867882,-2.971128190353659,-3.730315817203842,-3.27389801698443,-4.251435678041431,-7.330509556264157,-15.167146703153229,-8.282671159135216,-14.284886430808822,-12.331900384128973,-6.882385124556142,0.8485387334302875,-9.430272564421363,-4.731668831012167
1.3766338466669419,2.828515471854748,3.897516298224184,1.040927615148968,0.38934017308095425,-7.777536302602085,0.45514556588451643,-6.437668582479962,-6.150336878100261,-5.976921484900958,-4.877657001771941,-4.555642851835289,-4.50196375222719,-6.318769867911351,-11.258856633258068,-5.350208884795061,-0.5230808187885646,-5.894843850020553,-0.8522669803705384,-8.909072738848623,-5.538062412938649,-5.044256116869867
0.7776245501586269,4.05571006356402,-1.7883441342452615,0.27805332941599037,0.06616626423197705,-3.179427630064549,-3.728265971650401,-1.9515464956727333,-4.266837797860833,-4.009512552794665,-5.66434599490688,-5.1131365833423965,-4.506698179713507,-5.235213996800432,-4.37957317397372,-4.422250889401359,-6.4290918739136576,-5.733848064918268,-6.426435804276067,-4.336187885147839,-1.5737750090464673,-9.766242194770447
1.8080873280800511,3.3181308401417184,-1.9918137293664289,1.8508642884843858,-2.78640030977038,-1.0160107151091817,-1.952491226842604,-1.1251039931844946,-5.6784213833914885,-2.977616729443899,-2.437150049818369,-3.787803322582487,-3.6490944024648404,-13.716518762872804,-4.61502724239128,-8.500619674855447,-6.125382861116183,-1.2698749229444881,-6.249813995109699,1.1380744360956763,-8.80443314121339,-6.873714769412471
1.3679116744451945,2.3873802911706927,-3.133140416584772,4.120559289985039,-2.38372183840467,-1.3964123916316349,2.405896196046778,0.1455091672166982,-6.356228524050055,-4.1973609528526,-4.073116825613702,-4.221022780146388,-4.996080425720979,-4.4332042108158145,-4.589957793479262,-4.879085104328352,-4.702157178754777,-7.16381209969165,-2.6182658216831967,-6.861788623623966,-5.41758916406002,-5.872191509348082
1.4089699229379118,2.1986667878413253,-3.444154714121021,3.4716910242767693,-0.7229277591357838,-4.632685176350724,-3.207770648968655,-3.744295775809338,-11.318297705879147,-2.94343387900145,-5.246705890454432,-3.8689787929985338,-4.18392639416997,-4.934176504519529,-4.817435120789604,-5.254210156327415,-7.949027227353377,-6.544164128756825,-1.0065550717826661,-3.7561484226665307,2.723880024198052,-5.0473001529561685
1.41849960397899,2.1628660332781338,0.36028742507022654,-3.4755745392420065,2.3007799264137847,-2.689478383174656,-3.629882768593325,-6.117189444425588,-3.2990478209185987,-4.283591408448133,-2.584112130560255,-5.69682972965445,-4.991345945859873,-3.811913400890997,-5.0277115996351025,-5.078234927344187,-7.359125096109959,-7.178746721264895,-6.397515369551416,1.6019782562314866,-4.834222081988358,-11.07014029468617
2.218468471406964,1.6677782496878144,0.3155882547722629,-2.3648681257416966,-3.963875601513615,-3.9257745533029165,-7.822960441014353,-1.6230308941694722,-5.746128451798927,-3.010529572525235,-10.8950164378223,-3.8892574921962124,-3.3707000947479515,-7.234698837411104,-4.731262412119649,-5.329558264575446,-4.501411292521766,-4.933701296218015,-6.528089971003405,-8.526176943071441,-0.560567324310789,0.8751898765314573
