script/wind50m.json
[{"header": {"parameterCategory": 2, "parameterNumber": 2, "lo1": 6.000198445256149, "la1": 58.999992894266676, "dx": 0.5, "dy": 0.25, "nx": 22, "ny": 24, "refTime": "2024-04-11T16:00:00.000Z"}, "data": [5.140475100355717, 6.130913862959095, 5.033644977656842, 4.323277695636465, 4.914350317885204, 5.676212572579947, 12.784290697594566, 13.76288443647109, 9.415146188340108, 5.686999153033133, 8.061497158834618, 5.807931235209715, 6.697343905335596, 7.4148149440664, 9.484780452941326, 11.078782016499336, 9.180870245914596, 9.919676305291693, 11.983904965258695, 14.570307475547986, 12.642074392931779, 7.4202969837963995, 5.904634233178217, 5.7556680574767585, 4.477993836400504, 5.1984655857418645, 4.833690324258062, 7.55972437998074, 7.272138065975839, 7.117887239004653, 10.658474202736375, 8.19628276104087, 10.2395179650411, 7.288853879307535, 6.225542764209084, 5.682433703400708, 8.918609059155665, 10.538455330992278, 9.562306368831939, 11.376061534890844, 11.520205546867532, 11.837207854930035, 9.0954862834232, 11.464933075209677, 6.592839536138424, 6.920263263809959, 4.634044060840802, 4.510928633735278, 5.424394582392056, 13.42590447054295, 9.980048849517747, 13.558565844996279, 10.254625916200178, 10.8259194056317, 6.58215765852663, 6.108009532391208, 9.930185146002161, 10.112455844067718, 10.057415637140277, 7.8338439506707305, 6.801157651442808, 10.631696517664698, 7.768178744601896, 13.14255928507905, 12.493114496410476, 7.51928214561397, 7.353374754847766, 6.973406522098671, 4.910128894127799, 4.36360379816167, 11.67828927265338, 10.132169931353813, 8.503979258807032, 10.894182158074996, 11.321462366410042, 11.464603516121542, 12.017285483008168, 10.178278669830929, 6.9980231588974116, 7.41863307157123, 9.131233820224619, 7.5991365703543945, 11.753206899071031, 10.848094487014013, 11.447980696090285, 14.34708136406741, 11.98739431815376, 8.461544379265959, 4.529961039878513, 6.278824942638893, 5.0720500633562144, 6.298647157271797, 9.815400624092376, 9.456124248353737, 8.514481877608471, 9.930601521983638, 10.772687430139985, 10.854275196129421, 11.018127238787189, 10.232830075823692, 12.030705130373644, 9.405788281852114, 7.138319506975785, 7.730705436926135, 12.588230745594336, 7.489085165439937, 12.750273008958562, 13.899595957145745, 9.612577025416579, 11.544792866713559, 4.2562832322863695, 4.960591671497315, 5.130310953740219, 9.760415062311333, 5.654134831279808, 6.205469071094226, 10.102294724792442, 13.735606190744244, 10.778305301877722, 7.4853583143309805, 8.677278059103944, 7.474469548325421, 6.859067620509596, 11.356273543044619, 6.632115083625391, 7.595889943517181, 11.608596008927782, 8.984392757977504, 11.964464117850337, 9.277768712828676, 8.981044732230512, 10.856174868829928, 5.6202418533483485, 7.1086253883175825, 5.303065927895337, 7.314922266246298, 4.919948563872039, 13.332499761618278, 13.42594858511956, 7.0172765203946845, 10.879504837342377, 10.467430712645752, 13.712584078003482, 9.048889950175562, 9.698848170480776, 8.558713011415207, 6.526142512198053, 10.494660702878205, 10.170374003138239, 12.209406130179932, 11.903521994969879, 12.766500958747793, 9.37907516570228, 6.6204762626874585, 4.519994463716997, 7.491821666433053, 5.097592539539886, 5.502179607523541, 4.890911687099726, 9.511671633341285, 8.31236525684085, 9.871642156085025, 10.869827996607771, 6.20832494113168, 6.564533593320928, 5.788387101899358, 9.999013968262485, 6.139912777907004, 6.6978382441456334, 8.448155129015825, 8.5887919145494, 11.697887758310218, 12.392923493995012, 12.359797072318067, 8.274239068619478, 6.409498035237635, 5.008221917870356, 6.6737502949709055, 5.099764190735035, 4.923301734716137, 9.54027846228528, 7.500703608670345, 10.117973691739762, 12.545814240436409, 10.916660133935391, 15.053522743398483, 10.971003085571345, 7.133158308419243, 11.127993658794779, 6.298192481371125, 9.086844777851486, 7.697984872976734, 10.722995091473917, 11.595470432438512, 11.96079277130002, 8.965626547195441, 14.528463227824595, 8.648982647322455, 6.490385889659853, 4.219795312285295, 4.614582390978399, 4.857578307127935, 9.696338328060415, 7.637411247217317, 12.977091893999205, 8.393142448706403, 14.189350153756703, 7.206440082808628, 10.89044746235695, 6.69099536516344, 7.106651396136139, 10.416755837023292, 7.302511152512106, 7.75361073768956, 7.900330859289955, 10.966128579013295, 11.955665120368524, 12.97357674300396, 10.158841797967446, 6.4589785590434605, 5.051481392597818, 4.8625247772304885, 4.963286258473891, 4.815870537272008, 6.7176884034168785, 12.520602916120561, 7.26779455565605, 12.14413072910847, 10.896431101001214, 11.296708148965696, 5.925539001935718, 9.147267399017444, 9.488554445893792, 7.240496505351229, 8.030903482745195, 7.7388031388544345, 9.110773965514806, 7.047258555922655, 9.343287937355987, 12.190408992164592, 12.180697299333174, 12.404587837405675, 5.038677718871364, 4.448385708630766, 4.481833006735646, 4.809704683543323, 5.081392197267237, 8.16247509041451, 9.579963586612775, 8.530148730271929, 14.411461253304847, 5.294473603057474, 11.796010929329752, 7.143613652847268, 9.090296290711866, 10.038404770430365, 7.881380441943224, 11.213231821003752, 8.517294722647527, 7.675461515282228, 10.333281034806511, 9.978148982541777, 10.413849315093591, 8.286554087853654, 4.342710054721107, 5.081434609610354, 4.981217522251369, 4.30070083065004, 5.275797860220337, 6.099770985943597, 12.260620562268437, 8.421056198354822, 6.270555690238827, 13.45677665538312, 10.902901026887196, 6.6097018132701155, 7.141364652731561, 11.03424061038774, 7.615062042772496, 10.191782948635298, 6.041979990065901, 12.333919499438212, 13.221979139569097, 12.749304989162955, 6.522279142997747, 12.07219848491298, 4.284573855464646, 4.433130065873542, 4.540818158147445, 4.169616325086328, 5.419838356725262, 8.747895113509632, 6.645443885812254, 8.006885056505917, 14.771325490567364, 10.907339131906857, 5.911701057389378, 8.685499618225654, 7.6280955517850595, 11.495657527373718, 7.864631151483007, 7.628086305813675, 6.657665086849821, 12.138892018347027, 13.10559439816073, 14.44301373856186, 12.523776856989215, 8.678499245344097, 6.348567033098933, 4.8175716900450105, 4.200679992994176, 9.509985462785252, 10.868717184856612, 10.643863563420274, 8.16609392422506, 10.09732176539481, 5.877333526530392, 7.696613148773837, 11.266797448467283, 5.799962157180289, 8.303529506472339, 7.331491384889768, 8.074278770903927, 8.720216204894031, 8.34208963301957, 12.016407913256629, 10.512519505965518, 11.78983893885877, 8.412232491735082, 7.286116464907751, 4.875130894254189, 4.916914632229857, 4.4909384195220134, 6.364614107568639, 6.993289527906685, 8.159790460093866, 7.931408545711443, 12.568616659741785, 14.502159700691996, 10.469037558588019, 8.58869399327152, 7.175390739907528, 10.006173545326476, 6.0012152187381, 8.009272834369652, 10.697625992811252, 12.239837890486985, 11.093891570533835, 9.271050820268266, 13.022294527899353, 12.358919269125751, 9.824093891078226, 5.514116052436308, 4.8328559208711575, 4.971952034255457, 5.304437710575139, 4.980689608983296, 6.095296030426333, 9.774309452876334, 9.147735803612452, 6.1641200974192145, 5.393514519094769, 7.682594179386764, 6.7792865791085735, 7.873643786917863, 7.359706426223042, 11.232791499720536, 9.950091307136649, 13.672485245923111, 9.145600284513378, 13.31645802222499, 12.880922620521014, 10.430897880787104, 8.72766117953032, 4.046434433492233, 5.010011751011411, 5.111448735574339, 4.9217683616749905, 4.83972321016651, 12.395785877440844, 9.95456109082234, 14.30925129433881, 13.643805963645935, 14.600094709074583, 9.676511574746485, 8.719314021823477, 6.164803041486392, 10.377624858101825, 8.662105283139516, 6.6884849573034195, 11.872392113475728, 7.475507819640478, 13.2257266082209, 11.213653149305518, 12.780120201966113, 7.947902695402058, 4.1655263765153485, 4.623387524602099, 6.157121038279551, 4.927718225389048, 9.181468744106368, 8.491296118672958, 8.480496732398013, 7.223141796521749, 7.871572305725891, 10.317506097352977, 7.397749059103477, 7.679261811157289, 7.713065139646641, 7.8310094087901705, 12.310558899760995, 6.851304836023319, 10.504749201234103, 11.647901948663925, 10.580037443689779, 12.90651956645154, 8.860563456391073, 10.459718771518434, 5.854236662755079, 4.7537753149472985, 5.6030937524780615, 5.0045200347714, 9.422638087476063, 5.99592966500248, 7.145346242940317, 10.206340785999588, 13.002461336908322, 8.269875921346571, 7.731524800389169, 6.791687771112335, 6.759401515345126, 10.211453715362513, 12.378885372755677, 7.1038218499426655, 7.852821804090589, 11.708892223737541, 7.498297654201993, 14.60427470027553, 10.442628247075358, 12.210637442408558, 4.086050795585549, 4.987332042614218, 6.0816982969396705, 4.5147140068357885, 5.628429715820022, 6.3588858657344245, 9.391872116724333, 12.641939764986011, 11.013075240492444, 9.99111893006316, 9.054326751642199, 9.043883354556774, 9.63608175365113, 10.727222758201997, 6.481076456465318, 6.74172207183218, 7.4899534618411865, 10.801975973401674, 12.13190775041238, 12.521641291427178, 12.83376087218338, 8.58258450619858, 6.252817614846852, 5.192848725493639, 6.296987797407227, 3.6435356708134594, 5.518640151063525, 10.635116315943513, 8.941133859580303, 9.591628782897782, 13.977489679519271, 7.816742908226968, 6.619662390709673, 6.838227242454211, 7.38719279934985, 12.076961578909426, 6.622312182955599, 7.099157758424052, 9.031309799338576, 10.96383530760708, 13.194510960298649, 8.73465869361357, 12.359193879350142, 12.20411237205301, 4.081014111043899, 4.697434448698273, 5.220898272352822, 6.9263926941854725, 5.545322325962714, 10.164956461557995, 9.603016304283504, 14.045863859822983, 5.745787266405508, 10.118039952978126, 7.668292915726608, 8.197430799330075, 6.650921550152838, 8.577424064896029, 6.639854166256301, 9.810795832123366, 7.311117281589489, 8.249630435564429, 10.588174143074374, 13.903140945772952, 7.9223725243574235, 12.609395889360064, 7.34169256585634, 4.529285726842222, 4.889767222497861, 5.729508888190943, 12.27898083063732, 6.285517677674887, 13.027146500378898, 6.992133899713345, 14.71510571302569, 5.287506336827811, 14.460541881561456, 7.317915057965732, 7.54699070592467, 7.481555805086724, 6.492005361055948, 12.064580890022235, 6.600684276223527, 9.372134935269589, 7.763534661203301, 11.372784313296346, 12.642772471678121, 8.733939890755504]}, {"header": {"parameterCategory": 2, "parameterNumber": 3, "lo1": 6.000198445256149, "la1": 58.999992894266676, "dx": 0.5, "dy": 0.25, "nx": 22, "ny": 24, "refTime": "2024-04-11T16:00:00.000Z"}, "data": [2.2475517444963296, 1.8299412851607917, 2.5381340783960034, 2.9438773897469095, 3.2321921253817387, 3.510414964024363, 6.930944351497572, 6.834637042326545, 2.3205416215597077, 3.7358355908192644, 1.161206842816259, 2.0053182315297056, 1.4056629130523473, 0.9218572040258453, 2.183703660895168, 5.927822282035087, 5.976000000732484, 3.081064579863844, -1.1556091563778148, -1.3584563117699686, 6.269244067971716, -0.07218386724099282, 2.2579857360431292, 2.407960673195631, 2.416806229682328, 3.9121957668919998, 2.5693102982604903, 6.051969136161208, 4.1534554577490725, 2.7939015829619964, 4.538073090707466, 2.4703012442440784, 3.154811466590514, 2.622449218280222, 4.455255157764077, 2.1662101509170597, 2.4126603177643062, 6.030878843223267, 3.098027347563339, 1.6493308955058728, 3.393231366181487, 3.630112014172652, 2.1859884904462863, 11.104081493769302, -0.12677031861075358, 2.683825199747641, 2.5010341560665927, 2.922146333844829, 2.1523280218178207, 4.73178450594981, 3.4206595384005105, 7.126516314367054, 3.033111350930705, 3.1867742368130267, 3.4010452143971133, 3.230408608981677, 3.072506755672049, 7.143605508860682, 6.143923478242198, 2.7062569795548894, 1.8348593565000417, 3.9101733194434196, 4.918976063172785, 8.658138920399601, 9.922383034531117, 1.9236985048650688, 0.8515817283709746, 2.506816378473206, 2.450740622563707, 2.8889446926105573, 5.543594036977036, 5.238528704170632, 5.120969017711804, 5.761245573458004, 4.61874683430181, 8.304795572777667, 8.799477212436132, 3.5124710853362076, 3.20094500473979, 2.278221441337283, 0.9510349388283201, 2.521379384328018, 2.253329889824767, 3.8927000575940753, 9.272023685362552, -1.295388734237771, -2.203394616497532, 3.7984930456332484, 2.391843861481059, 1.6986481792331918, 2.3516287898727164, 1.5298783750466711, 4.390532411761349, 7.280092867043972, 5.371496527694331, 3.4275153072794793, 3.581766992656616, 2.921338884298069, 3.5236219868063525, 5.572882776493447, 5.704981665660259, 4.563603091964799, 1.0024002178976663, 3.027251753080619, 0.8393996948505067, 4.039223056162932, 1.5432067178226312, 1.7056056984611476, 4.5804500285065135, 11.06242253096213, 1.5814228715884553, 2.5774332117035113, 2.276890578785729, 5.14825025530816, 3.3962932190072688, 3.6861738909120887, 3.357468421897996, 6.850349187884107, 4.314906003913367, 2.174401956573015, 3.817330575350993, 0.5623992519284584, 1.4133646631179824, 1.1552964570026611, 1.2661886029775675, 2.9775445084844474, 3.467540647840204, 4.512754429505866, 1.701271717784956, 5.994887072275593, 0.34812472513405074, 6.191028155169813, 2.344743623666548, 2.7818391235369626, 2.2424307555604597, 3.173373839916207, 3.2078121000035527, 5.210690575557242, 6.371149730707187, 2.9331300280193338, 3.581660725822673, 2.6859680323627666, 8.201124982501204, 2.553460618058088, 1.0195841718899534, 0.48256921732167296, 1.8158481028391296, 5.578327929183845, 2.3538586214921065, 2.377140699008645, 4.802862410161369, 3.4105536160955343, 2.5554489042946664, 0.41101583355219773, 1.5055441309318216, 2.7343805467855318, 2.271113332749947, 2.8900391642124763, 2.172623974328534, 4.708441813516164, 5.255905771813228, 3.4082421855715195, 4.9188109611863, 3.7201662211500746, 3.3649750980068616, 2.0304798733236926, 2.925295343244075, 1.5368671920934198, 2.165067995143344, 3.381245220484792, 2.6385529271214057, 1.390964557965621, 6.468878052102343, 2.188104098860141, 5.067852566135783, -1.4288837199899473, 1.472845484791352, 1.9455132119496261, 2.6546191472954814, 2.9586151005257544, 2.1646684998526906, 7.130057596995054, 3.3670865378834844, 6.690592242057111, 3.525289572153069, 7.011432052338645, 8.370435904533721, 2.30858664491881, 6.584478260246906, 2.179991920648188, 4.1781962561703825, 2.526751552058685, 2.2749549080559186, 1.6608547012669665, 4.8278483429244075, 5.911753030162252, -3.0208746520372554, 0.5999091769979303, -0.028208940121827616, 2.5870336086630674, 2.7463227977851337, 3.4550458524666534, 4.445397688100059, 6.017117290507483, 6.653183440991761, 4.35668904278267, 7.8283130254903, 2.8265887651635584, 3.293656204911647, 1.2737959180570009, 1.2342110323525892, 7.575143119899488, 2.492216862683168, 2.917898765534717, 3.1258388009027844, 3.3199109963417586, -1.5131852480355072, 7.2919836960184155, 2.3161388231693105, -2.028699609100865, 2.155222632487837, 2.5517757944604376, 3.11697762017547, 3.464688855255417, 3.6019486370307052, 5.724362066857678, 4.14251514397534, 5.603955691341853, 3.5560855825096738, 8.32114790777504, 2.909402954518092, 2.7754680903923004, 2.6901461730571565, 2.322744429847758, 2.0772630637500464, 4.039907356968544, 5.730072356404225, 4.468783667096094, 4.786248631472759, -1.2438199888332635, 9.216489689716202, 11.73249751205211, 1.4458922476615668, 1.0776177464723535, 2.983352216440381, 3.105188782849071, 2.7946907704044346, 4.005697078774836, 3.442346534457289, 5.202625585963252, 7.670900283906802, 3.6817462757146053, 8.41010549127265, 2.313664325013706, 1.8551314137775416, 4.942489353322369, 2.56945416812081, 5.809460969667142, 5.22494386140523, 4.0498819746702805, 8.430423517538808, 4.973235851009178, 1.9213217065964954, -1.6770356672453945, 2.158373182153308, 0.9159840647762136, 2.9597150821331644, 3.1656667176095246, 3.462539473734391, 3.443106871803086, 7.574165551330502, 3.0661839296721665, 3.368496973103102, 8.342833357457998, 3.305181734234413, 1.1257301878771557, 1.3670949053578896, 1.2555783858272265, 2.6517795665629538, 5.966118051075067, 2.1913114977661556, 2.060804636292259, 6.863921450238549, 5.539233977284812, 4.995969116504777, 11.608601210447622, 2.5843071597228633, 1.314408973408379, 3.361925076700554, 2.9554743006887993, 2.2267601829179275, 4.070165837043416, 3.658017356855059, 4.899359200779785, 7.806598143014308, 2.892668991351696, 2.8514175613709507, 2.398804874993495, 1.8851865619634103, 1.7708533612185076, 2.0820972187841718, 3.115917583236126, 3.0007434259421015, 1.221869180942111, -1.3641843438506231, -1.3398015170064674, 4.252038747771636, -2.2541842891103183, 2.1711196354865274, 1.590807627927649, 3.5735172652056972, 4.523989300408947, 5.586374777728729, 6.048408363037014, 3.584437170492117, 3.4724532593199693, 2.9643222993939577, 2.3027875502987225, 7.551599304498215, 1.8241774017776098, 2.0623452885655498, 1.1145210033448474, 1.9027335417631492, 4.713813740415508, 0.6955163370404989, 2.7157965025823345, 4.294393799862689, 3.571986003541826, 3.098730907830479, 4.84675640342026, 1.1093559222191238, 2.5262263572353416, 3.433153284849631, 3.07208854256898, 3.416378894913698, 5.383511491013259, 5.541819472024443, 6.586617787537057, 7.995670574251591, 2.3821849570906055, 4.040777928012384, 2.6471642408148695, 0.7320968534303863, 2.17988797311473, 2.1105090295332705, 5.952594514134333, 1.6059105570560606, 3.922957015376494, 5.2052150171253, 7.574363253141779, 8.620760789898156, 6.404500792405733, 2.353771379927896, 2.5199097901819036, 3.8702984243329337, 2.7036016512648877, 3.1463127583870776, 3.4439736444753586, 5.86728112281271, 4.149293329587279, 2.412397007796954, 3.474676658765713, 1.2760256389518676, 1.3961487820814702, 1.2028596754867567, 2.938918678312119, 6.654199152628794, 5.065309218720106, 5.014103178782344, 4.516602663048933, 6.254613336691553, -1.4561377667590465, 2.3806048673851605, 5.38566316550453, 2.311744979931625, 2.5329623291074466, 4.142000874124815, 3.390153845476846, 2.4908402696231855, 5.464140215058418, 4.543466979160572, 5.203577676272697, 7.962936711207806, 8.234477682578401, 2.5950064769975105, 2.423583407512527, 2.216993367796217, 7.466324928676531, 5.1699036234670785, 2.476794042560855, 1.3765291570578329, 5.596918138296593, -0.17402179846204927, 3.0405276865759854, 10.065743978926394, 2.513476131857254, 1.9745504855703881, 1.5938488846848542, 1.6435219553698417, 3.3739728364657253, 1.979106071905154, 3.82794824530366, 5.110822256393443, 2.8223246568576372, 2.0790144415446994, 2.8439690255467767, 3.478276670577141, 2.8349436992811787, 2.481030730536046, 2.3197510002403203, 1.5698546016946016, 1.9630393651338367, 2.592861353680133, 3.74343111604372, 4.22999474797079, 8.639134566014855, 0.1874225562892071, 5.559264375116544, -0.27705882129410536, 0.7156778608908438, 1.2574615746061932, 3.185962533106692, 3.7781705885829826, 3.5740318770608814, 4.074021731104894, 3.5160228108858913, 7.390866805876455, 2.3891057670489424, 2.125813333347666, 0.5076152367625913, 1.4025463754330367, 5.164976879990208, 0.9337284916546016, 3.8072946016224583, 3.019701355266883, 0.7888751816966016, 4.833083574075438, -1.3391307760922584, 3.4270774767399916, 11.346012127538708, 2.406268415088081, 0.6401633366405188, 1.6938435908268723, 2.8124468702617405, 3.3611885631465044, 3.40455282908773, 3.491234673635752, 6.484066644669417, 3.3678270677152295, 2.1769001387627083, 2.186135550220199, 2.4726628911053354, 0.7942256246820726, 0.9035988913483524, 0.890490722957042, 2.5778601463195554, 4.371879297549834, 2.917757657398551, 3.691774429234239, 4.3318313227909755, 7.398103677423033, 3.525412074960597, 0.14681170306737068, 1.0289633587386693, 2.6819352832107097, 2.86867579632092, 3.4526287771474538, 5.846558758656876, 6.614197574146073, 4.23909962254839, 7.945572290988472, 2.7847281692574746, 2.7555449191488495, 1.0402944076459424, 1.3471380977640859, 0.6501328640373053, 1.1025677817584565, 2.1294030088563645, 5.453859645770893, 3.3923617999087257, -0.0966326510007652, 5.088657385009651, -2.339763485316152, 10.2901929568962, 2.0308541564354083, 1.3429674945245345, 2.2909312503604267, 2.965436977574142, 2.1904036155439486, 7.125157825597697, 5.716137399828109, 5.310772761154373, 3.134800155446311, 2.2079214762619697, 2.7229250034127124, 3.3242586998110193, 2.5808735768777953, 0.5568972521682259, 1.340598515850599, 2.0278197590032203, 4.267265204495555, 4.1945213770539675, 4.270959854429566, -0.26641277909665284, 3.848192666976465, 10.79805075632482, 0.7065322713529409, 1.4384051729576177, 2.916081358856193, 2.928096225408321, 5.288770678792511, 4.436262560016668, 6.120242144904564, 2.7948074864017927, 7.841146196916777, 3.3971448347245383, 8.811580724209978, 0.6181367369047824, 3.0850126785281864, 3.080815492486258, 1.507932419613106, 2.339151919590468, 2.928176896515959, 2.9286906441275415, 5.247010345836054, 3.599984087174294, -1.0319461414073379, -1.5322777718025942]}]