script/wind350m.json
{"header": {"parameterCategory": 2, "parameterNumber": 2, "lo1": 3.000054539987559, "la1": 64.9999836372058, "dx": 0.5, "dy": 0.25, "nx": 34, "ny": 52, "refTime": "2026-03-07T06:00:00.000Z"}, "data":
[rows 0 to 23 of 52, columns 0 to 33 of 34]
5.2465098983755345,5.743689381432899,5.724565513805889,6.0367048860889785,5.825622338198313,6.03669276891434,4.529239677333555,2.7653262877096947,2.2191206944097424,3.9032716908216383,3.0562720777584436,1.7574817999749355,0.50150989842157,-0.657347769822547,0.28708317820357837,-0.06661875200542458,0.2437586838356494,0.544648289463673,0.3483038784455323,3.5265878477422308,3.6138466695717417,1.9683071072898983,4.8464488126006975,9.248607221464592,9.011374969413001,10.85567659447544,5.983649323342712,8.505898075117774,8.974909952304964,8.495304279319546,9.213939796511498,10.176662542635414,10.885216343331875,11.683088441901871
5.4511600789930466,5.755261540185884,5.6479766062829535,6.030851653465475,5.637236029793272,5.828313070068652,3.7900509671643974,2.225646538958439,2.8332936926925343,3.4379235072918854,2.59830834829728,1.7126141566709414,0.39281937736296063,-0.15224221015098843,1.0364768153618071,-0.7456105703317019,1.2841542433117596,-0.29884951775218077,2.8159377984383935,5.223681667388749,0.8244742339466263,4.089087179188992,4.42926972807969,8.702822848688745,6.869859873474488,6.18484041932482,8.944733617188952,5.559274050240184,7.866065083449811,9.404881954558777,7.8662264903084775,8.347792783278,9.231715306980737,10.492323405667994
5.582920870315967,5.963654174030394,5.703789701711706,6.079196962698241,5.568543415011195,5.697612225386476,3.2923990732631885,1.5698870481093419,3.0124057685035024,3.335851326631956,2.821707105833394,3.397288013496953,2.6725090267558,1.7002302906817273,4.228122903848528,3.6849322082235623,3.5650937764810573,0.3226077391926907,-1.2200106377677657,1.604261949179199,5.38327197754413,5.327987264942421,5.483644320512066,7.089136880226941,6.242930735232748,5.491121936900486,5.806811311254676,8.262156597676784,6.908731149614238,8.430644726410627,8.73255417137064,7.239611654535883,6.78588506433005,7.898950147857418
5.636766164158465,6.098962438946358,6.029860207961732,6.118471342135208,5.355473972178084,5.451394137758585,3.0969758424694462,1.7122310750902099,2.446814511903136,3.1475761314006983,2.946647486236162,3.288739194795467,3.4164945302984013,3.80106707899026,4.353749057137017,3.8144344102594685,2.14258840435811,4.984907579088006,5.738341488556979,3.8355115018771166,6.825890047561203,8.491230436541558,8.098717147119183,7.0880119325871105,3.671724457799913,4.268803388214444,6.976214578787882,5.4629572924479755,7.250386123276582,7.264741609276025,5.9502584711952915,7.9543349900136455,6.059613908808477,6.188610816627126
5.71877399697395,6.265692377537719,6.3660455886127965,6.018701631338509,4.865273037541913,5.115459572242121,3.027508524254728,1.9603012048339046,2.42630147767823,3.7075284520819003,4.001076844004131,4.1724843216393595,3.8835908131046395,5.188941297937573,5.766923078438583,4.818925612131905,2.8202587599242293,0.6691072580614692,3.337795654996183,6.280692592785874,6.359760887941639,10.155802396250452,2.858237395995949,5.122480447262316,5.261064140766207,4.955288902840967,5.21697107844994,4.559598798214549,6.902419545468177,7.045567456990588,6.926776651455544,6.793690686668594,6.234217609575591,5.258482380595352
5.627542072771593,6.143919475426141,6.311588355094202,5.87929030408944,4.7464352461174,5.010216945908792,3.5374119697140523,2.6387287092735443,3.1497156880806143,4.8852565352930855,5.136348969291065,5.134334960978044,4.757272174842709,6.301411852764458,3.1256113324486585,2.938945812323059,1.0494521905786365,2.2890622382441053,5.814884080424901,3.4324989549196054,3.221987129988807,6.276177123728817,6.938494013420153,1.764490813650419,3.038139267641834,4.434424477271469,4.95639405931443,4.291448831374323,4.680461124330701,6.58335528797548,6.916513796127053,6.300048158660137,5.783963709347983,4.925326278554764
5.727610205131669,6.100943519887014,6.0339253785388,5.651570977125501,4.729307052100487,4.840258470455143,3.905436046859206,3.816215044844579,5.275219894446129,7.285988074992863,7.063425502198463,6.809985612415551,5.6355649036463715,4.926270129139369,2.269704326297178,2.836320054222432,3.015216385447429,6.130019693824152,7.172471476548995,7.142673414894611,1.5754838158302797,-0.3844676918344463,1.1020503168216775,1.9845414960073118,4.752479894021795,5.484895391491624,8.255199235797258,3.9923517747502446,4.61751955636231,6.128620678522763,5.792897438475783,6.259821601922833,5.626141644067257,4.897684440740774
5.702037666816156,5.916402292519383,5.575040909268443,5.376786972624532,4.6577624059223535,4.831032127858643,4.317476090631699,5.773695912908577,7.6526233087614415,9.047770342084481,7.55390202852112,2.918926625402049,3.214112014396105,5.911753236165922,4.173531661049266,4.9613097415305125,0.4486104250756426,7.423655322333555,6.381230736129652,4.065206456306869,5.231016915090825,2.8933573539682964,0.48242567451114987,4.627515922453504,4.272898114880845,4.331831918314578,6.357780814205189,9.364726085673702,3.5963715897469863,3.8741485473809374,6.192516001429582,4.75048733811495,5.670498302330282,4.446048601267353
5.650191037657294,5.441039207198745,5.1987309526555245,5.102994273956398,4.737922161237719,5.124850769830873,4.923375013192268,7.26679822473387,9.023404984219177,7.842428172765822,2.605998770870581,0.7947966891278951,2.4549301490177102,2.698052825990838,1.2003516379773018,1.2715624054536432,4.10227121243714,7.871741012116281,5.047039481857591,6.700387863899587,1.894686312976212,8.497845464467787,7.006946444304919,4.25610787365207,4.209679685589617,6.072403185889115,5.192301478544185,3.5133551926894993,3.2293465225371443,3.5899011731196655,5.429097688723801,4.236016640913795,4.532640466041754,3.8555118633970746
5.498356220409479,4.687899150044704,5.149213600023394,4.925859167318129,4.7282212796762515,5.061738581907668,7.085537808073902,7.751424992669489,3.047283484717536,2.7443894986278154,0.17990649422904254,0.1828870993095687,1.1760355100167987,0.5170163636567064,0.24766849279544836,3.7641272493039697,7.267567018267286,4.904817138836551,5.930755676315471,6.534190759693772,7.867682969821745,7.065171566274773,5.926694822484375,3.3080545271939763,4.218444369203145,5.2199313148714195,4.707020874857923,4.4374364420973595,4.361724781193471,3.404233592746491,3.283491106087792,2.8852342984015826,3.162247996855313,2.6424159129435796
5.09672767233068,4.102842693039563,4.786107284379877,4.761740587305759,4.540320377394379,6.966350257975106,5.278624670527013,2.257254967144579,2.357828779690026,-0.10444167285392546,0.6252081876663266,-1.702590084324394,2.300224274727686,3.535076527838862,2.3281615155127007,2.549211750108904,3.5842014281009202,4.197041883860133,4.324174194720832,5.694938561750641,6.703088448299526,2.9840398549922407,6.001396185595765,3.157760593770184,2.866934428451557,2.0581099688243962,0.5093981257244805,3.7219508555147724,2.121688623421463,1.4973307311834654,1.5340488108142172,1.1213767122216955,2.0749428401786103,2.2730120479487304
4.406262468117552,3.797798696268399,3.9251958630356762,3.845891075406319,4.985184371442628,3.356087597879434,-0.020178388950542837,-0.1619368692765625,-0.7977589401140031,2.4519171378999522,-1.1888533647092874,2.492221789616638,2.8009608836449615,3.464372589838823,3.184646378568668,3.4375196837924804,1.3564863809995127,2.4660138002655856,3.876756583025562,4.461435052851635,6.4828940675001725,5.4848874559649605,4.695827536512869,5.485872378574245,0.2534884534829338,1.63243129162249,3.1380408390962393,2.6420988079367356,0.9935984251943363,-0.4192603523605236,0.14529892394274896,-0.19343894622794788,0.393188053399236,0.918619291783461
3.831604934644048,3.8600532626506188,3.0509000727175177,2.734250204737043,4.398057797710479,-0.8750658680923415,0.4129367519744267,0.23105598622142962,-0.41087987972610884,-2.0206315933938215,2.026308089196867,4.207508770025241,3.0292201888619896,3.669445613239909,0.5052798060999901,0.4434987539738936,1.579734796133385,2.880711041809132,3.3152797665861065,2.717429396095604,3.6272611129965155,5.765990840407166,5.490802330071925,3.0098615128926296,1.2665389843167791,-0.1765702502156056,-0.06293021395643933,1.8666567687732174,-0.8265494871485591,-2.0410755316314244,-1.5473299029370573,-1.1740733822347489,-0.8428714831888104,-0.3088534164269053
3.3752285606354957,3.667964405793268,2.4573832483270395,1.6352441075193538,1.4522167449535794,0.4069540566528924,4.849325159929235,1.3461130346346124,0.7808241698763184,3.087287986742006,3.369468880693982,4.408098797913031,-0.0621253247455959,-2.517491669304595,1.771315295790769,1.294359684884924,2.021956611720083,2.1063382975158516,2.7929252836137564,3.0804361819482553,-0.4471519061722262,3.711539156440236,4.552509730554345,4.099947763582145,-0.2426254627666473,0.31713298905286696,-0.916390414927817,-0.8123826527510266,-1.9175407065320542,-3.0075774640623503,-2.4715485972489666,-2.1653790346212376,-1.916828369175561,-1.24954943027365
3.1317119079871345,3.16508795671111,2.2137877849134107,0.6237838531290015,0.4884717774556391,-0.5598879392515319,0.6678509465340232,1.7516147129247395,-0.5826422107511119,-0.43331241899757794,0.6162513594140953,2.7494115802358383,1.9568531176509307,1.1970384960964395,0.16122991545819046,2.32934119535496,0.41910403548589675,0.8166695880615616,1.062538748139845,0.4759236413465724,-0.8958845765870063,-1.1424779798720357,0.041162501342414844,0.755095398988455,-0.752710566572063,-0.9153320168771027,-1.5198577554708208,-2.6553848745439024,-3.2691713728990357,-3.6119317990398665,-3.858130731364861,-3.290929417348182,-2.1631243773057274,-0.7703204430040609
2.7401970188594484,2.4472824976273437,1.2456224999176242,0.049640336510662623,-0.6759130436065214,-0.09154340974252344,-1.6701078682079475,0.3130308748612428,-1.5935983990603668,-1.7161878119766074,0.9385013044614675,3.9366107025281964,1.4021580842209986,1.576563788783452,0.12713540576668345,1.0131043306183267,2.2311137631847373,-0.39478526472198916,-0.17281262632326536,-1.1905271031545102,0.6803125448655313,-2.505496481464071,-4.557385619991013,-2.6555639877769988,-2.8118416287498698,-3.2353594147084808,-2.2139989311579797,-3.3722115441011855,-4.743321632353119,-4.193278274998977,-3.52303110023548,-2.36404968817614,-1.7594506656919238,-1.5348174844592264
2.47287187604128,2.6266555510309275,0.6743168123152723,-0.5971213421350218,-0.7106314249301839,-0.23510703933630062,1.4314860073301126,1.6668384523553246,0.07797395934273157,0.983265839815184,3.3223658837234247,2.5020004001628946,0.29108304721366074,0.48884576580465194,-0.5560458311729072,-0.9143271139243826,-0.022165933988360174,-1.369469723745795,-1.1134170476147565,-2.2410895169564307,-2.493109698174285,-3.7639302323426316,-3.880012572525348,-3.0066585833097115,-5.117082945901926,-4.37620918403247,-2.700677379789609,-3.215482060444658,-4.151385618233507,-4.490126287569162,-2.5886001652708965,-2.63195267054098,-2.3252428966094727,-1.9207904993075777
2.154598558860387,2.5361225093888513,0.4186292256912112,0.08913554168503064,-0.49277540261844266,-0.9142735846633473,-0.45836715123585975,-1.2386806009116296,1.8185938740235428,2.36599522712702,2.0773656239442433,0.34856158570197393,0.4335348098209913,0.997366028764986,0.1601919528218048,0.48600394682032866,-0.8608138225924075,-0.4775034055282414,-0.624860958453803,-1.903975888209313,-2.4070861326763233,-5.393596333511496,-5.47083329068234,-5.019426892442715,-6.6046934054334505,-6.1940286349823666,-5.62861616074337,-4.149456266492841,-4.779495988695376,-4.163042145207547,-3.2366448938351624,-2.7100677569487672,-2.778621768487569,-2.9396710531052817
2.3699386881510676,2.0884961699036877,0.33682816408255845,0.364164357890924,0.11556665594508904,0.14711519064332926,0.5637640525305299,-0.9096869097491987,-3.2035871640193903,1.76848752897858,3.008485872981514,1.1683174304033075,1.804182273526245,1.3620860051049515,0.6217463624151432,1.7910773857670073,0.35637486686346775,-0.9910039034646493,-2.9771129146470763,-3.1035246382430035,-3.6401802723327057,-2.398391495229954,-5.6543502280540485,-7.025345369246722,-6.306460324709478,-8.354676489981335,-5.600179411575249,-6.571965322808794,-4.695449666398557,-4.372730381266207,-3.882096610385441,-2.7364751879514264,-2.383503823759048,-3.6030098133849124
2.3394541075805226,2.3417245585268645,0.8937667634469414,0.02583631009794421,-0.13808677534051106,-0.18199137266359933,0.10437131461025459,-0.08262182294956999,1.7533515469473429,1.2639765557792797,2.294467174107376,1.6558230695716163,0.335732964712313,1.6832270365314563,-0.34489512743322076,1.3357002302615915,-1.1593012838617256,-0.7865787136352632,-1.607169790072433,-1.8758855168162547,-2.3604092040888713,-3.193535746984761,-1.1726735453690145,-5.12543851035966,-8.351995226675351,-6.4948532190370525,-8.605866082388756,-6.927115498438276,-5.465884760304372,-3.635855768094458,-1.347737867147528,-1.151378613516521,-2.6224234519048504,-1.6485684699035954
2.3498244452583856,1.6866130746945,0.7255628169345834,0.4210198292520584,-0.3372492243189461,-0.1667581637388419,-0.913649676370324,-0.008618494120336622,2.694941861358091,2.448877504238953,2.048679670777541,-0.5685311394177914,1.1731444436067449,-0.005945621896594859,-1.2154798133417077,-0.047422480177645825,-0.8773739392760933,-0.4973004980279347,-2.0285674318439,-0.49561607573343774,-0.7416586899433945,-2.989210054842352,-1.8413195978175585,-4.396391135838497,-6.682148441371633,-6.5804449825162274,-7.848173354453918,-6.9358766013770365,-6.029729424156621,-5.50053300339581,-4.167035916350741,-2.7280502106151974,-1.8914658281336596,-0.676327133439462
2.552548008846965,1.6646024762874978,0.6740292888340781,0.3227931490457025,-0.0971982945015973,0.6720672667512315,-0.8237879402544317,-0.540094875288502,1.3660039052106165,-0.2657871273723889,3.0822705753129664,0.5097826323991196,0.9409078581826315,0.7907138416469605,0.3896510951644878,-1.4808439888155334,-2.002924726780029,-1.9069488310822909,-2.114458836799002,-1.3907957564207063,-1.073980273030298,-0.08713970700255352,-0.8331085226863639,-2.058970780095049,-5.0373668292377145,-7.083791632281496,-6.465162994545149,-5.329795674722973,-6.080420610184949,-5.128255221191883,-4.210246961830548,-3.5876474616241043,-2.2754657338852686,-1.219630533281478
2.5177912848498654,1.5231236108123238,0.7631896258593629,0.30629272472081,0.47926905149590054,0.4176155047011426,-0.7600228127636162,-0.4927009991131211,4.809050692772075,5.733262616091423,0.20900179741599348,2.9510413934962294,2.0550275111089125,1.3719356673624101,-0.2659545047593323,-1.0467838401940819,-0.051641705206790615,-1.9707729217630494,-0.7206382893318446,-1.232167957895077,-1.6915788609615585,-1.6785457430736908,0.16596240848941246,0.7688608758126225,-0.48257091092816146,-4.035763474689661,-6.692543502902959,-5.536629651553251,-4.517727761147091,-3.947225000562887,-3.9972794811435928,-4.6605350481542525,-4.822699217585659,-3.6330360811229885
2.33902869899361,1.5852101088152335,0.12750939084949808,0.39865928246607885,1.1833287855820414,0.5124643185754778,-0.042052135964328406,-0.6691511355922827,2.4782558843755544,0.2428434788877993,-0.9305148357472124,-0.7853044882612362,-0.861768343083784,-1.1214917901191546,-2.8496752642701173,-2.264910645861281,-1.2183801930285865,0.11459189732774726,0.3510545524956288,0.933146883296381,-1.0150328346417943,-1.012930519187976,-0.44238377933103856,0.4813734169909397,0.3889351233779398,0.5721490909747433,-1.375865682451915,-1.6850269424881648,-2.2297311002512705,-2.511656408985476,-2.8649720390996456,-5.013260135401174,-6.725913997158814,-6.359881648880458
