script/wind250m.json
{"header": {"parameterCategory": 2, "parameterNumber": 3, "lo1": 3.000054539987559, "la1": 64.9999836372058, "dx": 0.5, "dy": 0.25, "nx": 34, "ny": 52, "refTime": "2025-11-27T15:00:00.000Z"}, "data":
[rows 0 to 24 of 52, columns 0 to 33 of 34]
-1.4725709797223259,-1.37085609056455,-1.4121521836971709,-1.5202118576836912,-1.8488766689620362,-2.31871655208962,-2.3825615401087794,-2.1201237451810915,-1.742659736145489,-1.135640305631264,-0.38266720197762205,0.25500442282968055,0.9492722526305635,1.2673967238035173,1.6040470365517752,1.9519019457509084,2.252720626798201,2.856595395420173,2.3902715603005964,3.984825557111498,-0.1300744142104166,1.4539771888914204,-0.4501290930147033,1.3011035402376063,1.364198165928673,0.9932449659342438,3.382811602342247,4.170025206602566,7.46870662928888,5.34150820902271,4.0927220950944045,5.4100427433060885,5.616458430168922,6.468569877865727
-0.9505061186643678,-1.046934353360253,-1.0317347091783529,-1.1507540583800138,-1.3231805810298862,-1.4575912653610366,-1.609873514941993,-1.3736477402923633,-1.304166059074563,-0.9641268905146335,-0.6345419317440165,0.026272166732456394,0.5934566337322423,1.0242724416042013,1.431560952718442,1.0950613312999276,1.0740974468471023,1.74701064750694,2.8176566251860184,0.845364605606275,3.8118248864925213,1.9754458828144053,0.5449801481519803,-0.9746733251487629,-0.9477375167908192,3.3062188434022306,3.900592556719288,4.2776233684234715,5.197518730282925,3.1212962440598,5.5790842106563305,6.372789133522408,5.9198956826578595,4.622628051255389
-1.0709197482819535,-1.2381177113099553,-1.2710568843115246,-1.1446133064541808,-1.0718630251406644,-1.0770685147563708,-0.9992635937135224,-0.8857150583534065,-0.8567714617547347,-0.7509150331984724,-0.3686529698547403,-0.17292324509736354,-0.2646029051943811,-0.11596954403482682,0.5242575172073582,0.9808905395024438,0.5953593656631836,2.3886132973259175,4.234409813608552,2.581836572741984,1.2495122518490802,1.5440387448080417,1.4990780836813085,-0.16167269099046486,0.16463671280854816,2.912199701165363,5.361225876672832,2.378479905584235,4.1782599683500425,4.843215338959862,4.892099947991913,5.820156897406286,4.9123561914482945,5.191393076031771
-0.9647369696958791,-0.979750503123308,-1.0853134643255575,-1.0177760913727825,-0.9368967130368553,-0.9388757671893231,-1.1670559483458292,-1.046125333891534,-0.9175869752432317,-0.42997559491916004,-0.46624389749491485,-0.6334512003209627,-0.27373453527853087,0.31717263527466927,0.6436209264387085,0.9716397540798333,1.6822701407402845,1.0034133563524783,0.8458799940877264,3.9845567675528484,2.103238798464778,2.6406512410440994,-0.34693970865148066,0.2755418290850278,1.8863074877197563,2.4038748814674524,1.413636098297534,4.413103669924704,4.198361352253377,5.303764549519057,4.415145160031913,5.091545112585973,3.314893623712025,4.27140380730582
-0.3969501839772642,-0.47336472831402404,-0.47402074902782304,-0.6889055612939902,-0.6973607314498664,-0.8410442316360576,-0.7369984234252371,-0.9644891263516033,-1.0276995805471119,-1.1374537494229244,-1.0795080038269136,-0.8577239672910101,-0.2516211839301104,0.05789072122065709,0.24632686483012114,-0.05726248788701277,-1.2891443095975943,5.596769480611363,4.16537774519089,1.645694762017931,2.349591455487309,-1.3500161736469294,1.4579983981121294,0.543267115573738,3.349321939632447,3.7242383784061444,1.8004747705667572,3.7685900211738406,2.787740113158596,4.819874555110568,3.805967232981134,3.984044501714677,3.110684871337894,3.261369434434321
-0.42302060100320393,-0.5253156633680699,-0.816580544973426,-0.7861459066702073,-0.7904917740326759,-0.8903427710294605,-0.9739759955439566,-1.130162411697633,-1.2002097474607056,-0.959197244049475,-0.878858947111986,-0.5213452907537851,0.05455933792460991,2.1129563382776304,3.7448713373954092,2.7310394427257805,5.658548448648409,5.973753405771199,3.1121350431998716,2.414898361478785,3.782774523981871,2.0648394569665,1.6366200270860762,2.101341487403819,3.2273925677022284,3.184175104719077,1.838466969168435,1.741946568743851,4.215953833055901,3.147502984330055,3.7490920211605614,3.696631448187024,2.980153355769074,2.8217684224573376
-0.08943547003087356,-0.4998008525589574,-0.5101939286109022,-0.7113785691506994,-0.9072048047743186,-0.962948668999652,-1.0967394015929492,-0.9609638088936721,-0.7544534773371318,-0.5337202484362795,-0.21438494923793827,1.3592687454970525,1.8436997926311527,1.5604403995299239,1.7577274122548388,3.014382793352179,4.500262679175647,3.642366491625938,2.1169699929145445,2.4895363264204975,3.0225751083819428,1.5300605357888784,0.5472326603024736,1.2566346740713084,0.887980637638195,2.613403007235434,1.4467359452605681,2.4574649690029715,4.26418773711663,2.8674562509763155,4.073810232943077,3.8425894236174103,3.5431285410806503,3.749769365317856
0.8363052355926276,0.21179995760134682,-0.19078162861002598,-0.3748940242388272,-0.7690135036661442,-0.8804241023378107,-0.8275129702639548,-0.994525579566036,-0.93738695344058,-0.26477668459758774,1.194082586914639,2.9502252023167097,2.970188958178618,1.0191300515749946,3.4613992913620666,3.6687160894820656,1.9954523927824839,2.8608046533545233,2.8175971896208316,3.0230992071281344,0.35360510761909775,1.0949823427603032,1.0720958035740626,0.9119089284309565,2.3481048334560506,2.4407950009936212,1.6332795362182952,2.3553318984756726,4.30854259619698,3.1825868871978322,3.778982786034568,3.732717277120204,4.9084157194063565,5.996401324702682
1.2681619233559396,0.786524977729364,0.06186371661585216,-0.564109822938084,-0.8227436159701997,-0.8436473292045716,-1.1708915346518092,-0.8281513061533659,-0.5074898212579202,-0.0068928187588578145,0.7419616362443705,0.609271512424469,0.9865058814143227,1.6986408957339991,1.6983846263811464,2.0967234188758948,2.0672512201611988,1.7373298313578378,3.5824387608801986,1.6631831195803346,2.014917252476697,1.2556459664542252,0.4801322024896126,2.5172361087195414,2.2631247370848615,2.6782671648673566,3.112634492770558,3.764730793439155,5.160371915725194,4.917727242585138,3.0627453678413668,4.772422933607862,6.639526843053657,6.398346807087891
1.2553181084071596,1.0507269662316574,0.480436973475904,0.16515420281386645,-0.3122046390636647,-0.6676261869823661,-0.6491744826872845,-0.2857664063149915,-0.30893438937613393,-1.7145043403253661,-1.7507503604266874,-0.7884348708845533,1.762664470299631,2.848573226371824,3.2296804062297073,3.680554972346055,4.5993012614899635,4.84459975187309,3.340118076114147,2.2574055835895357,2.0401346034023478,1.8142484126379859,3.0757584564221516,3.25934289750222,2.6759648089551415,2.6194649341383163,2.725733804282116,4.815797732895454,3.787334991929605,2.779671110128192,6.782262343816757,7.638196592156736,7.749206435446995,8.343520962023614
1.4901258973915945,1.52372938542906,1.228078373093474,0.7135586509387986,0.5197624503875211,-0.24190761073987008,-0.07109536784621497,-1.195001044285198,2.777758116475377,-0.3941188006101798,0.18773300309881807,6.448663365422464,0.7249825873646891,3.8486500204281437,2.7202459551841143,4.318349612499594,6.490160409121158,0.597305335556776,2.2914315849944176,2.9150059425988553,3.8623569056343308,3.7720772907932933,2.9517411597216503,3.319200800066405,3.2783183207541007,6.695368098225634,6.4518755424805985,4.216936373694749,5.128905152835265,3.8412700994572795,6.771905102685528,8.678246348217309,9.133432697989917,9.445530953471708
2.645011107485741,2.074208542994869,1.532118947411778,0.8718722727247412,-0.30725884219212685,1.6862305578723662,2.1144895908347836,1.6159790797808924,-0.3719843621776808,3.7184074994300165,0.37043579237123325,2.9721024697064355,3.7002620738656016,2.093618446739637,4.254736647443651,3.694795085257715,6.047497982895779,3.226387597213445,5.675974123939759,5.210391967415461,6.28637091666835,2.6053524885473456,4.097386198022934,5.822984437782788,5.719637060114782,5.586021192681953,5.646695918739389,6.687346229181845,6.872509949559699,6.674044365008783,9.084142453064151,9.646295608629119,10.641082684425125,11.14165233148766
3.1170247036153738,2.3368301491502166,1.5937794221578832,0.48591071459643187,1.9293643346802223,3.522459186536775,3.5354615304131563,1.4805665213574501,6.123058926025313,1.6150422722976738,3.129507148007063,5.050473688669378,5.374776316826497,3.5475546506012225,5.932676999246636,1.2926912169850076,5.671585361054795,4.99431928411065,4.9090953945857505,3.740048554633088,5.719900606576616,6.2336974722276155,5.78233643613812,5.463679817530054,6.750107228713765,5.219535399755455,6.856629104741502,5.32817368779882,5.087591174131002,7.780232632930268,10.317857558327322,11.232065533686093,12.048500504577989,12.092022397648844
3.9557516158178694,1.927447708349618,0.8414907851581056,2.7057972574534537,3.391762850751392,9.937518407156357,8.12058722327183,5.07803706819298,3.9208325643097357,7.1436962357555,7.416109487920952,3.717659616629548,2.374082250372696,3.5552064322707557,4.4195233187530265,2.2162708000304856,4.666179863907389,3.863659375719715,5.969477371566063,7.524539883756838,3.824982449098315,7.017417990324051,7.692044251700315,8.193502369774968,5.360777911442311,9.632411836918633,7.588938392536834,8.967010605507463,5.465894132511649,9.128384177955922,11.264944968839908,12.401550696650514,12.262681589177586,12.214802583155144
3.1945499647621673,1.7195406418636066,2.6537593335022502,3.7663696784496197,3.8960021350031844,5.236299651774778,2.2603876790004636,7.653130224012469,2.6027258089397454,4.538344830434936,3.829158733347211,3.468620684043438,2.0368730886612334,3.6047034814743335,5.9985574866961775,6.540180146485267,5.384875413530203,5.916707240710786,6.4835054942394965,6.256310159808127,5.836804689352466,6.013283905567899,6.073773329332367,7.045169632530528,5.7094440830779565,6.86003327886037,6.214814554829962,8.91420104931663,8.083410467531968,10.37951743816343,11.670996850531175,12.53849335461422,12.865491722365482,13.389126897921948
3.822600549193726,3.7685886945933356,5.034337662004917,6.745995833453134,7.780011855292197,6.2783797580829965,6.863090767860896,2.0795304945667943,1.7025164724568282,2.712028134828742,2.6835373749034974,3.39575920547517,4.204261567891453,5.209716415349795,3.6212044415181746,5.758929525735005,8.16461298020065,5.309509854642044,7.020339027565297,6.154509296864704,11.313403300617251,7.256775764710803,3.731167661533699,6.549725571527899,7.140544249154225,7.222156066063196,11.038638018092408,5.661965813790839,8.26986155220716,11.120600065428476,13.495148828360824,13.680854221685937,13.834043455813317,14.112886526788014
5.365887558281391,5.727790049218159,6.55369443772435,9.164363890506827,11.248693271389858,12.766806702635655,11.48473917769519,11.901535062516498,3.9640058489499337,8.28038501645741,3.7732760048787175,4.048116860344365,4.22914140304846,3.7216098222155845,2.2016867571336025,1.6896485689921994,4.739554853521408,5.719305882450409,8.504878417891522,6.608911540358828,9.395294012342937,9.604219937557595,8.495997314808506,6.73623180325363,9.121349197034762,7.9208091616897525,9.405548945240865,8.090774674360556,10.544959375768576,11.675375161166597,12.988394079064168,13.59457527060407,13.957612018750632,14.14869984647838
9.510273570036967,9.303565457156708,8.623258436947664,9.667792177917576,10.622782521292573,7.428194790723997,9.76087050182218,9.049766654099159,10.525997781015995,7.026152577628095,1.6414492095931457,4.205285593881767,4.830039373659666,4.676637016326932,4.9405511042442685,7.109199307244916,3.0320902950675364,8.247002167242782,10.819062184289924,8.356191832367413,9.555848914849882,5.937766160579936,8.264976726593742,11.306471885030776,8.04554268671124,6.101055149800499,8.65106610429035,7.741501866829158,10.421171445936624,11.561995914522319,13.33946398988263,13.726771378826623,13.746565097393098,15.422283027963358
11.37138506169407,10.330851347686853,9.998670080079984,10.055459492487516,10.758404199350505,9.154000035849313,9.348899065184012,9.236886960919035,-0.10083748539942317,4.253326281276962,2.075736775668846,3.217059694025541,4.039148260409267,5.196065121185154,5.037012204610926,7.49058627698303,6.97726937763987,9.397450705350849,8.572909810706356,7.382926389783319,8.102781275966317,11.740024562362585,10.09012218585316,7.836108870354596,9.042662963984732,7.44707271930691,9.790806151069747,8.678879669408003,10.18843989017255,10.81948946052572,11.572206695358753,12.581786872784667,13.933720156912695,13.439920491924852
9.364251185113798,9.679678772167025,9.145960824721564,9.681548283727238,9.311439722746332,8.356211918578426,3.844750072398094,3.074337258193363,5.736921770054688,4.100285156041196,6.027713238011913,5.913903582429172,3.004492594143782,4.0432514695591,4.897600960890015,9.473353124069877,6.024462026573365,6.970429630335171,6.653049232420342,7.943531731544343,7.7906248140745475,9.714165326804025,10.97849412141545,9.779681093256753,6.942849811933477,8.209019999539398,8.714620916941383,9.35894779697659,10.915714167292764,11.066882790871562,10.588356878073524,11.247079507489055,12.254696571895517,11.882500935515056
12.293016014494402,8.598965307904722,8.31071592787969,8.20218380815109,9.334872035970077,10.641242133939077,8.01666474410855,8.042307924282378,6.743031428621514,5.02613060791536,3.8407953817159908,3.343061687888835,4.371025174205156,3.814562318331156,3.4456028662251876,8.738627513824536,8.0423008883644,10.235842512800849,8.010688696240617,9.161965790784757,9.683563036473432,9.857585385688251,11.169068676346546,9.461666195942417,11.494615250953412,11.47994859948964,10.471662183903431,11.34350458876078,11.672852733049776,11.511892321797648,10.97518052329028,10.770105536272942,11.240433103429508,11.439184473498752
13.571474481985636,11.579047156815342,8.224636924603283,7.189571575431526,7.404627110686384,8.44233628327519,5.164102572324921,5.6207182221332594,4.014010285861213,1.4399212892576512,3.2047702528639808,1.9876596384363905,3.075034638176707,5.487710964041792,1.5820099387300939,7.779039024363316,9.139458981434439,10.772238787862475,8.970519001104124,8.18339865667296,10.816778732331512,11.075876809852646,11.195055376066085,9.414656335630706,8.80742190875894,9.570093993811968,10.311746580912846,11.012148064433983,11.423296256564221,11.888201642970929,11.115446419612088,10.82565403422833,10.096737751322678,10.901917224499188
13.144837602840575,11.591399256236388,9.535753660943998,7.494951573309733,6.018093403048608,7.093129998023809,6.538854689387311,5.747668439034373,4.224495754503413,2.072629072482996,1.6719088486423792,1.509499512930425,1.037481757648831,2.5102463443436225,2.9463115348922417,9.114560667219829,12.113325785816851,11.288507338519059,10.149120822153442,9.20297138456467,10.316780554226893,11.489750324105142,12.48265739886114,10.863859157129253,8.860684531557089,9.400836396496327,10.007672836783103,11.632047308190678,11.527655161015963,12.351872753935476,11.534696812553207,9.512428618932066,10.405661348942102,12.522847414233029
11.967451815669193,11.084401462471078,9.434270869542896,7.608372948595887,6.995796638951141,3.7633914099758368,6.542586617167217,3.7390399979528635,2.9324551259180223,0.8792968329613842,2.6349157112201143,3.5877224477239653,0.19983205713362098,0.9757390842606318,3.7591695675104635,5.443007534293182,13.792381421849237,11.960046337529949,9.771188862930183,9.317672391184072,12.342621221308587,13.817403298331893,11.121085690697527,10.40782686118413,9.064449568928284,10.163372516552577,10.07178952858099,12.876210665597764,12.292591280093923,12.979248423134953,11.1550586015317,9.572261226047425,11.574285906594874,12.982847948584284
13.24974613175928,10.671807624699392,9.778218511502141,7.173372729717014,5.618928258930487,5.456674901970526,5.6212097369799,2.4125608097973568,1.2445536420837848,2.5818771413973955,1.901701778613488,1.7194984255245458,1.7963072504218656,2.754409621070113,4.260634197582562,7.312082571900704,16.314002873761783,11.613275280879346,11.846064612810144,9.838040285606791,14.09658828443589,14.939206969646706,12.437177619510857,11.449844210007193,13.381760445580863,12.816540837528091,12.318708421270312,10.984670190568089,12.478728202566698,11.731381485644018,9.623374698486266,11.451152740452597,11.881879885257318,13.209444809995185
