script/wind10m.json
{"header": {"parameterCategory": 2, "parameterNumber": 2, "lo1": 3.000054539987559, "la1": 64.9999836372058, "dx": 0.5, "dy": 0.25, "nx": 34, "ny": 52, "refTime": "2025-06-17T19:00:00.000Z"}, "data":
[rows 0 to 24 of 52, columns 0 to 33 of 34]
7.817031351048068,8.043491147781703,8.061642279015114,7.959274777426576,7.757252193380626,7.429768293047648,7.958141553645165,8.50206425866111,8.546238030951343,8.011262794728841,8.010937114589625,7.733313245792703,8.832990974665355,9.372602534808433,9.779335185570945,8.93017171936337,5.99391402782079,6.5023222041540825,2.639567746345437,2.469233769940249,-0.4278909036048178,0.44374622618087667,0.787725658614746,2.6909314971512863,1.7305899539758713,1.4527948347409783,1.2275387234811357,2.1297378020156628,2.2090107979256635,1.861008585618123,1.8686729617076763,0.5887214809216604,0.13755722507131302,0.9534020717329253
8.089063680806674,7.991996734637371,8.151855689383344,8.113044884494975,8.483763563173678,8.134542914888264,7.617815997583662,7.922222666776738,8.619211178413565,8.532020505005692,8.16998770074574,8.307942649608345,8.445768120157041,8.960247035309646,9.062860199947451,9.447599903684061,8.263549920711935,4.832823169980372,3.748762629875437,5.244773767631946,0.6275250285761881,0.12967862749150752,-0.11852707761737094,1.9418171176349255,0.3263628158550456,0.9402939832582526,1.191077180439925,2.128927321926094,2.4292126873309168,3.0471225041430996,2.327358555230473,1.474576822374701,2.015383997079683,0.5830925290100808
7.075364449236896,8.67918006683272,8.197166287729269,7.902297824667129,8.990065119049138,8.41611947050602,7.7854750332053575,7.591455381271593,8.352632803947133,7.935898537338221,7.700043367285909,8.261941564308577,8.544903347703427,8.759225293944402,8.834905576035224,9.812678208626899,5.130705314608148,2.6302282148857756,3.7730612519572007,2.238027456527846,1.4526978103451247,-0.33372986036347174,-0.5240855097147096,0.25825001003067083,0.8285855301730368,0.370490252238578,1.265723269336769,0.49664041190641306,1.9701056029019544,2.4978479518517713,2.597969059321682,1.4619424489925466,2.33931029984884,2.4225752874449027
7.053855198978075,8.199970635762297,8.202665215618932,8.095253856001106,8.601979003076124,7.52458570228003,7.461147514300971,7.702580801386781,9.10361310117384,7.919866479364124,7.1064641131487125,8.426056800851791,8.618450407120648,8.519898939661829,8.165687151520451,6.622784876266391,4.251869122282157,3.6340996557847127,6.2687578542097375,2.5141136051010684,4.0670151845911535,2.6203090250767502,1.2694737578987434,0.33383856832814657,-0.48546962748637,0.33439197181270364,1.5351390742097786,1.6344181228257173,1.549814592805287,1.967059545292559,2.2340517027096336,2.75629229680972,1.4449330490093126,2.8354541653311016
6.934295311632159,8.211053345664888,7.9203326691102065,8.099648137080354,8.561253945869383,8.070023003558084,7.506916370354853,7.668976696665929,8.856891251287044,9.559459963737794,9.041739931194952,9.784588311742134,9.121784764463975,11.63207345838226,7.129774149152673,4.856512277814461,5.091688521095771,4.348307801637541,5.777053320170096,9.485889386548108,5.947582445322239,6.684277851824046,0.015890617851784677,0.29402071362232113,-0.12648351223190732,-0.06278658264351411,0.41197603714041336,0.9092670071200444,1.5687824848279768,2.078443026905751,2.136792616466819,2.6002798907898375,2.5863468820233995,2.247708529154904
7.564904625201405,7.7023141453454125,7.6060818421736505,8.250348097028553,8.237177881739715,8.243413608122625,7.261303010223689,7.6815364463029425,8.666250182615691,9.257690625285893,10.139634747276816,10.064528092651864,8.378519461685265,10.889160414112247,5.518754103498777,6.2231909617163375,3.861741870470844,6.390698506733243,10.44285031713082,6.4891042567719435,1.5275719034999935,3.8431012981629387,2.526269980192657,0.19637135994612742,-0.17041531511435082,-0.2395411196041842,0.28480908633155544,0.8396715454126907,0.9204913152758291,1.7917153883802017,2.2857764104853815,1.8665841813696844,1.9928167696989814,2.2478261367594
8.182227080007111,7.9662803595131475,7.571886101327514,8.240037039928945,8.137632179386712,7.566323269987863,7.124834919341962,7.315241127356271,8.19959753800454,9.175837265649742,9.15277382133295,7.658339543065474,8.508133868272711,5.734028778969238,4.875600938625775,12.958883075608332,4.645030552039737,6.478002734838894,12.695879366662512,8.603257824054195,5.226012111850632,2.625643509620186,1.3513072372424537,0.3685608071689121,0.3355510418341066,0.9130428160804264,-0.6810654454758126,-0.16963394394547493,0.20210723491314503,1.0222524653947516,1.7401584761972533,2.052097297063925,2.0519630339739776,3.2505049638664434
8.008276867750409,7.70790875859397,8.18337617368212,8.118587722614022,8.526776505221212,8.28985312338968,9.143695811314473,8.370982344333582,8.30440693825896,8.430734716703409,9.950466214454394,2.9374871788919434,2.932356110655067,8.329118928533905,3.9445654442857405,4.806742755386474,6.441104127262055,7.440266712369584,10.343448390233798,8.905185664163396,8.153193078734102,4.070783152661735,0.8375107493338185,1.2180433311614083,1.0059922117557771,0.8767975367557959,0.4138528513154884,0.9203985078189102,0.4748291596603226,0.5030869799163303,1.106956662747621,0.9578140382466761,1.6441524135021173,5.1678216395128596
8.789652284729055,8.413853664917943,8.584919920678052,8.416770938546204,8.544518144124474,9.137511326723377,8.837495195684117,8.749879951936087,10.198187320437082,3.89257786095749,2.1749604172868007,1.8210480878730204,4.407463375157776,6.165262183735204,6.168301896749362,3.7656403802387297,8.360268577026694,8.403241542343784,5.948138450669475,7.970161199408938,10.650754804043222,4.49385434829432,1.3545275139264294,0.3962247309411087,0.231809684073595,0.27687455409604184,0.3116659699017798,0.34462331691798476,1.4056941865011021,-0.5742717405201919,0.13781459236594507,0.8415133364742862,2.924427786555791,4.565475767993882
7.790154650800552,8.353558787040342,8.84120018224861,8.779506985532231,8.72120448604597,8.85569086435822,8.479273283994182,7.430993412960641,3.481031226426695,3.4672256540867195,2.044043477526873,2.4494180071401734,7.868771493874774,5.275089071081833,3.1799080180994657,7.488777161450574,6.515690420813702,7.145569989432109,8.052305687743607,6.528418576567152,7.469812679199383,4.314901876625114,3.182522343166815,0.7144019844822991,0.49826057424980397,1.3153951837259537,1.579243778339789,1.7838529046231337,0.4965560213236135,-0.46339325858661273,0.13650017953150695,2.2125374017904584,3.2151258483739484,3.078187749701808
8.58005150044437,7.766190303290454,8.146584557290995,8.737005195541641,8.721069263314641,8.587277608920916,7.4565839862520145,2.3702963682892206,8.064854615598616,-1.221942378736839,8.302312112764442,1.516267551218864,3.247452861822644,7.878311994405814,7.934263751144724,6.2485880902512925,4.567505692703663,4.294107549304706,8.714526078637483,4.3499340104571225,4.790873247786223,3.3565330764969623,5.331169546826383,-0.26950628364123724,0.5819534138377129,0.630840909714265,0.5000113351602314,2.4403317842518284,0.7060390043929307,-0.8579661640395865,2.0000229057086716,2.5094199165852213,2.9218893502659578,3.762350866139738
7.789412570896216,7.951761180564697,7.4530638319019005,8.309904907799122,8.357976539825312,3.6182937071131924,2.6821312140499947,-0.24110478900358948,-1.932683932390564,3.843687077029527,2.62364834796368,9.603608337346786,6.170458906875753,5.21321711355249,6.165177750037311,2.8482940499382834,5.04462394562828,7.892718966421509,6.142471076111974,6.9993992371261,4.8771668099640015,2.6923951666794963,1.9555887469504813,0.5100554446377616,-0.4194168048937402,0.8810028279769182,1.714427073789247,1.6269153924909472,1.174143249158363,-0.009982380713934832,1.7141080934555357,2.1090015038020273,1.9969606491862824,3.5264941089448314
7.8575129010042275,7.76433247514109,7.6779725446046765,7.845760318344177,4.932112593775817,2.2400100437649018,0.9211231614319103,2.6825806031731823,2.5045377241315916,5.273995639105464,12.367161276326852,11.847365313238896,3.176930930270477,6.6421418984601095,4.190021965033866,6.928743033653356,6.535291022626191,5.249387588762586,5.679509610096637,1.0941698903448982,2.7561513236030635,2.4982209700530214,2.8230654796273043,1.8903652929390127,1.6065171441641215,0.9390675465743441,1.0157187980966738,1.5262997786168055,1.2456031619028904,0.5991273975763312,1.8923614476234998,1.9463550338732059,2.0720073380092145,2.3638817365344376
7.541805293246798,7.295600168316319,7.929483721367448,7.1952952163135615,5.195725790489947,5.5073139483411175,7.62125523210099,1.0805150455470907,2.564394840255703,6.701261158426815,8.470994676900636,8.138312901742978,2.250598899241354,0.7559027857767908,4.239105015344012,2.4754338486465897,5.848778311009065,5.662705777509395,5.221785896325433,3.967005969324412,4.085109199806978,2.4624908822622094,1.905372330672062,2.6534258192829427,1.756504962598425,2.034681557624358,1.4505256835669569,1.627815954630886,1.392969989808617,1.3390305929698185,2.707484474109623,2.14703211643049,2.4535158678733673,3.606543003746161
7.309926461467815,6.997678136776775,7.125317283446827,7.122019787799755,4.639677592129066,3.033820361363974,1.887534917157381,5.037001195352501,3.8167357642499726,5.287843586991739,5.695240229393337,9.234828823197201,6.111199583370842,2.8410081703229086,3.0860056754443224,5.086600496563384,2.375677195152262,4.303040395773896,2.5975200509218697,2.694893537315068,2.6783115405609044,3.0107697592231473,2.4362417722679326,2.5183874954736556,2.16330152138994,2.0955796327771523,1.7591072723218846,2.2469170699632697,1.8455216708102777,2.079404437036506,2.832234278710772,1.5341652613054415,2.2951830864216745,3.4295087773835933
6.397347413827459,6.737352641008799,7.02030522896988,6.257338692408985,2.5217346547080846,1.6371786403375281,3.4837671040533538,-0.5424908105610772,1.83911535629177,5.6276628976195475,7.49254471160226,11.157348260906108,4.534437547513991,5.330087985070331,3.2801014551013985,2.0611705382150944,4.596270631993529,3.071402790287359,3.924982622130544,2.616088623767911,3.8980671526029638,3.1999807405329306,1.234914862963267,1.6536604001060442,1.5655506002456772,2.0553444425334333,2.9915692252597,2.5234660472540917,2.139593363576746,1.8258704249578155,3.558787455762659,4.10842212490255,1.1687127848645997,2.5044808740413202
6.741420313493461,6.774124652450238,6.510304514592868,5.996242443256174,1.9592114321461662,2.074864820812526,5.93907212137741,3.556780198489235,-0.5312649093341308,2.7623360030369986,9.30796270772812,12.465802433311236,3.255854959249393,2.542781812278305,3.1620131801327442,3.3091451861690464,2.6650404836302783,3.4464117201011364,4.390383157153737,0.54752092972912,3.7433835359703425,3.7346813563367913,1.8964351988192263,2.0678821502106466,1.5285557709027875,1.9393827597121216,2.946270384464934,2.5681832683345593,2.727426097643076,3.192174136097295,4.655860560689929,5.200254200930913,4.431180249423842,1.3151614089951893
5.630683973963788,6.049051920635588,5.975848052910651,5.910493975776233,2.208576565760091,1.9312201877244455,2.901621396026817,2.376790850113397,8.017039562151744,9.424649056789683,2.95931075489813,5.6239673479524805,2.011996689069215,3.251861251977832,2.0988859593785336,2.85458543707319,4.775322665304355,3.3730915220157947,3.90418100495713,3.0547276938130534,2.6320579681843377,0.8612996509371394,1.539377534049073,3.0379192389529996,1.401050686368915,1.9023573209473552,2.3183680098294537,2.5743435080296666,2.6131645126736136,3.7903944447285305,4.157604888375095,3.8380128529812287,3.7585914002619094,1.5610664915371437
4.941610194039554,4.940150145453105,5.609574920370065,5.070958327983048,2.0943172036926114,1.6182064217661527,4.688589199727578,2.7113700204772866,3.843942718352834,11.267029068354164,5.983807692791362,3.962070439339951,3.6680243679570665,3.0831822931762396,2.6133324583147584,2.485404383426371,3.1006766547904436,2.9508530290814665,3.7800734904081903,2.70375867803918,0.617147157003818,2.3443209579861235,2.3365320021724987,1.7484253756932229,1.5879920211986445,2.2723073535195524,2.573575341535332,3.0927320361557507,2.348389662338001,2.4368887600936917,3.3953806490984677,4.364774892918373,3.277563619898668,2.9456884913786334
3.75795903513537,4.401036824137361,4.897824183873616,3.9104323411351793,2.516054550541146,1.7936535456246443,0.4734407835528948,7.657069847672023,7.998560708580821,7.09446155450371,6.303132876338167,7.3779350289638765,2.6092850765715823,5.844760710096224,2.5051707684747164,2.9166276284323187,3.5239571431854864,3.2647557447496203,2.9997636153632086,2.5322232723875566,0.2726403445544033,1.3328545692732612,2.127334605129252,2.1377529789772773,2.2895984005489214,1.959881645527557,2.3100072370650295,2.522951959205366,2.3633531870736575,2.345675385601393,2.5347264905993323,2.9522937047623317,5.135268177204785,1.5272108156921935
5.648543654694872,3.9796399200059795,3.553905474030601,3.242924740893989,3.474871305640608,2.0571769781149785,1.6174244118474261,0.5087886282307649,3.9759842464343538,5.843681377754802,5.928925222870474,5.755433904943197,3.4759519557218224,2.0397522278546263,2.7526651491907037,3.389992371441266,3.28917303433268,2.945081002887615,3.132018621303153,3.0789469221943873,2.393856239451507,0.9553722221868087,1.995096354267306,1.8155442218813416,2.289180217358654,2.483702654110163,2.635578345091813,0.8454356752743591,0.7877520145499761,1.4401535106771868,2.2440386727606936,2.680335930006263,6.41136984422683,5.152378864484197
5.874794788976156,4.835348901098018,3.8145009086480197,3.2826584662426046,3.862842246716729,3.526806210291088,3.2219537715288817,2.1032722368712804,5.957862365739205,2.983353476264046,5.124643581036156,4.912677604071377,0.8361731990138056,2.0425072448027546,4.3847074656845475,4.1885965074936,3.271691179949636,3.4862938666676913,3.0165439870959387,2.36463461805832,2.8433463819374984,2.4600046362619654,2.8201787877710642,2.385100928461775,2.0856617495683496,2.24936397206919,2.504356742951135,3.323309600789003,2.703500885582728,3.02804002850418,2.650520263665195,2.6348848500476914,3.2126238524287216,5.034316832623864
5.162934539832082,4.4438007713014755,4.013613573686285,2.906501317530419,2.8614432815917867,2.1297857044330097,1.8236413746509652,2.7087398205469366,7.42559928429884,8.77545721580213,1.6397367898916693,3.6176038989372143,3.0377083839115078,2.321352858594904,3.2210741547985458,5.550301214991779,2.4532910473506844,2.243888958299799,3.0249769018888415,4.912365879700959,3.0320672394203987,3.050034071109095,2.297036151531647,2.069314413976059,3.734536862630927,3.547291746998309,4.59328970425761,5.954327814973732,4.151443887166015,5.024218983239679,4.104511385146393,4.057009972189255,4.645757338005258,4.5716209796368075
4.902381547299619,4.5099652598156785,3.9055779233276544,2.5890265779957797,2.937015937402959,3.6457844127908388,1.9543667983634068,4.777303363788088,7.624731555961809,2.725372029254436,1.9462454322626017,2.431422098486926,2.450370363165849,2.9577957283600496,3.1915697285170266,6.9407218216554,2.9171292265769444,2.9842255490855787,3.4416364037249307,3.5018945905887766,3.8271426966503976,6.120291431397028,5.513607127068669,2.7633971095334657,5.411401899454608,4.603359281958864,9.67152730407458,4.499719837598115,3.3158217802279815,3.8461881711635795,4.254196216134423,2.457980831692195,4.107861835888795,6.109992932103537
4.327535148422279,4.535041087893434,3.9317193381774205,3.3337850397351616,3.830514594366682,4.008262672503132,2.711773413177351,6.327837337969579,8.995195605973423,2.737199282545271,2.9276764775565103,2.298771342195334,2.312537396503542,2.495821343574302,2.1666835752767235,8.948406735944813,9.381188685795266,2.771753450117291,3.544049748001927,3.5425560328174184,7.431169622780293,8.74488890687563,4.941235587880367,4.126524448737529,3.9276943519972987,4.072191996766912,4.785577118110157,4.228953672921837,3.488956145578657,4.193820195259511,4.237625124725372,1.569084867021241,4.423508389756246,5.14932997983413
