script/wind350m.json
{"header": {"parameterCategory": 2, "parameterNumber": 3, "lo1": 3.000054539987559, "la1": 64.9999836372058, "dx": 0.5, "dy": 0.25, "nx": 34, "ny": 52, "refTime": "2026-01-08T08:00:00.000Z"}, "data":
[rows 0 to 24 of 52, columns 0 to 33 of 34]
0.1301482330394388,-0.10660529242081045,-0.4439359289480414,-0.5665055872347787,-0.1889778541688135,-1.3409963560323623,-0.9298118796258037,0.46290225133829094,1.34525432876002,2.419793950863181,3.1427553421131202,4.3721687923776535,5.381954349195787,4.959080852987024,4.601931353284856,4.964783163985091,5.988719033277906,4.454486959221564,7.651603449190981,11.917918157846595,7.451558060247936,-0.13647280867028488,6.110677316822789,8.790488450959254,4.131777652130226,-3.771681432120918,0.8737483516014396,6.957040135609098,3.432942254519948,3.6347884466419464,5.432126470957615,5.658165987179563,5.799542313286665,4.1128105632195195
-0.2180528027616428,0.04504353168527063,-0.9834439252210615,-0.7793871072004651,-2.288499616319243,-1.852461192643633,-1.1714833626002654,-0.30888841274479467,0.62733818862429,1.6095889000857464,2.4951263965775996,3.746358116198025,5.197051171854359,5.659005008714978,5.179806873055775,4.58222234328822,3.814601648072267,3.2494557432250746,8.437828764818729,2.1860563204397714,10.415368325612846,3.656245332283356,3.26955966711082,9.269402385567544,-0.44231446339443165,0.10227320382912337,-1.1223882922119826,0.02002421194332946,5.182403429814899,6.531431058164106,2.266515682593684,3.33938121671203,3.8450543064841214,5.095707561287744
-1.4487708885177517,-0.8172843418179798,-1.5096737576801742,-1.9675249175023384,-2.740878991956834,-2.0817459412874237,-1.9300349578249976,-1.185958734249178,0.09574547942991549,1.0575794050254204,2.156974374731933,3.598066661415738,4.790232307020535,5.30161155281454,4.8352758423367606,5.142950736360194,5.830232111386864,6.3452402376561805,-2.9120025065696558,2.1882323561516555,4.599894628279052,3.2167784030811593,3.845600952027371,8.116861451238751,4.0981784914913755,-3.623401643896797,0.37412214927009585,0.8788887749265337,3.7586490703298425,7.39686515052318,6.71555345445835,5.098906769085244,2.987890669047942,5.350321693999642
-2.314392458484025,-2.3454532376911543,-2.739418063251615,-3.2709700475868124,-2.7025631240889716,-2.1657137890911136,-1.7973844596255522,-1.523250576530386,0.006201201886802687,0.9689149007543807,2.0957792956497765,3.4429057022759526,4.2279808310702105,4.807826759937138,6.862128468833058,9.70277660726185,1.636404353697716,4.64916325409615,10.685812398708054,4.020502458274597,13.861000488490848,4.462042260725489,10.195219613017866,-1.4175325280677396,-2.055543812162034,-1.6862100322922864,-0.3816079921076477,0.5829139330068539,5.971953499036727,2.405927571393021,3.1717441287274455,4.597000035627612,5.280351429259505,5.658672368646607
-2.898952687134479,-2.9609168349442623,-3.8270137907320056,-4.473608814235396,-4.63772974976744,-2.912434061907647,-2.281022752144444,-1.7908455191078845,-0.30358925205312115,1.023744722439899,2.097162517953682,3.435090756894789,4.60204855198166,5.214463187710153,7.53912701896027,6.295541014850086,2.899854219882615,0.48666019100272717,1.2535767278568586,7.471885953279728,17.069592650226152,6.280929357026731,0.36597007017672983,3.4277223600911655,-3.2335061095166857,-1.2307629824165531,0.4710358055005336,2.2052177998622393,3.3816222582029125,2.122462744084673,5.413676797392403,6.49492672975112,3.1497277929377394,3.8831702210806345
-2.619256030438953,-3.722477368663273,-4.551628602115357,-4.726207955165837,-2.9003106223617907,-3.06264890659551,-2.3515610368871767,-1.6279679041391406,-0.10748218710077642,1.3608857308630298,2.0988350144300902,2.6987474646663583,3.2062908451762393,4.794776462077972,0.5388935621565949,-1.4456470761001456,-2.3091664715303355,2.5599519133849444,7.485574645793384,13.18804709632812,3.368093426047915,-0.2817511142841604,-1.6817423884531402,-2.9129507861219612,-3.6106267698344205,-2.3266746344954696,-0.16300707836495384,1.2672356258048478,0.48805334943631923,3.649383286501201,4.273292317748698,4.6128313046334455,3.941778106410406,3.4051934169099423
-2.481521718514406,-3.292944989820661,-3.4899379711451153,-4.629953582410244,-2.396022279759906,-3.607047385614117,-2.9668942763053923,-2.2378699896587153,-1.0080254521456793,1.141674449762564,1.851669571356352,2.4600215022977885,0.8141502619377556,2.630187698704826,-1.2656155734983063,-2.0110463005233723,0.6269909594006149,8.9641250419859,8.068942664777344,4.46178678331294,4.395910466148371,-0.7501599615215917,-3.009988003337987,-2.2953409367138824,-0.9516056921374806,-0.4045323987503756,0.26254417053462975,0.35027262984048424,1.0359118187422027,4.2441033684572576,2.8622370645443103,2.089398830803606,2.806944444366625,2.5430993960929187
-2.112306715982182,-3.993559199199837,-3.6924398671556014,-3.4556795351578273,-3.666958376146296,-3.3966136982016364,-2.1262785059292795,-2.1007913037472803,-1.484038927881665,0.6946320444396797,1.6682581850716467,3.2946782407327038,0.3200931749757731,0.3528712710398787,-1.7352624462748012,-0.5504152105364589,1.3842534975291154,0.5926563596329448,3.0520361669723335,1.2338061359652914,1.098638987137679,-0.3234147722235272,-0.09868232282607749,-0.5198741395095816,-0.29648081917210045,-0.10168521108766944,-0.7469088390041375,1.7370927129167486,0.56265499230585,-0.10615425626159039,3.3635971235403295,2.2065193819332247,2.3109082689483365,4.443439897782212
-2.4310294983630385,-2.7422377860404406,-2.9368309171115325,-3.991707959161741,-3.849215843897975,-2.8542776401205616,-0.3044736025797888,-0.5751701705262807,-0.22743948682534196,0.2667373914822252,0.817370732207872,0.7815101644791294,2.305600519376847,3.68264726384942,0.23097072097533924,3.2518740799074908,6.32359014172206,7.625109437778629,16.118788928813537,11.079577277931602,8.526639401562107,6.489280401431341,-0.3438720061119252,-0.2193899505700875,-0.10137931134727049,-0.06449807162692961,-1.6285032920212428,-1.374844829536268,0.9569007795239065,1.5304864240482146,0.2925618000799365,4.121688702428726,5.4626361237106495,6.716048204023254
-1.9134660437675601,-2.2131354870203093,-1.7486991700554604,-1.3790095795956028,-0.556158083798965,0.22582465575592003,0.9151465430682167,0.3404217829110233,-0.4400782854425546,0.1829918399005333,-0.1476188123884145,-0.08509657787532127,2.935427559843915,3.2921354616473946,1.4153587596934818,11.545797950919575,7.3026344560121315,11.11935985967663,7.560500447326792,5.924608093218437,2.370446093709055,-0.8788525117194809,-2.304447584863434,0.7418300960159597,2.636540652922103,4.471075320049078,3.3275150819533104,6.903937278532979,4.900513130714287,9.67919242494683,10.369778215723487,9.965282562769557,9.352331815706453,9.136293416141768
-1.7810819040227361,-1.6418480735353975,-1.4589200338134796,-0.5755485778798319,0.38064163807404156,0.926472218585022,0.8857895031574229,0.7303107528043493,-1.4531657212337348,0.32053295012972577,-3.3450269907167804,-1.4075096569415066,-0.2884566625903072,2.905350509678267,3.6659986103235846,10.208604298489158,4.598306600196669,5.44121867750327,10.450046436144651,3.1293762736608084,4.8403822838963375,4.733398430682558,5.702355734894311,6.924668334740816,9.0170349317692,5.332563270971861,5.054973593832066,12.668889706734387,10.587569017465986,12.194969843336938,13.179597907876223,12.210758815816318,11.29198913363991,10.808020924749307
-1.5960879438299782,-2.2346259455622812,-2.222931036090268,0.6450245926415655,1.2453638109719165,0.893489409424731,-0.5005908992861317,-0.60319538918462,0.24680447513514803,-3.4789325782694167,-1.671646802474981,-1.45880271067339,1.055393787743331,0.16822144114369494,3.2213519678802185,2.4275671728651704,9.775907800961948,9.545742587628386,10.553595876339738,7.077835113950906,7.569791494715797,6.438691416436219,7.079648666097656,10.563049408780046,9.064010670469457,10.59753166049429,10.25841660657464,10.784162680771056,13.811632704806167,13.836113434200964,14.367016930598053,13.348360298268066,13.212212155010713,12.155434425587861
-0.44483964793642,-0.7077540948849007,-0.3162136001742003,1.727853643328201,0.6445686909252673,-0.5881060736464019,-1.1609078550056937,-0.9805980078416177,-1.768085353306239,-2.9063750265821375,-2.6327108339235057,-3.190355280218557,-3.365135884806096,2.192540928226438,-1.8640067858366336,2.0815545355028293,5.275136376011725,4.206848018137763,6.381838038323372,7.349369678658475,10.500631764843876,7.37861996564728,8.667272435890292,8.713467409876277,9.116499807293293,10.764412111117949,7.631714801361964,12.04136396899708,10.807254170574526,15.979386680639315,15.558648899150075,15.905457167777893,14.58403183075961,13.667093354109053
3.7203652682837274,2.0121858108934605,1.2607432931943197,3.235912168695773,0.15681199623537334,-5.94599392018565,-4.092909434685624,-0.13840843628225197,-0.64950954421049,-4.574371591332694,-4.934681345860777,-3.8724306861356457,-6.7112632713086295,-5.214983624547461,3.6632564408896306,-0.470440709152815,7.289625435605098,6.017177916304789,14.334077533960322,8.972449120982464,7.790474952720551,9.058181651224835,8.539439436084756,9.946782261660523,10.564837791371849,10.774243581763201,8.97669220534249,9.871347313559285,12.527150115607226,14.91376975583026,15.453323713894067,15.775860043058017,15.09347261605619,14.576460795118663
4.777030818430816,4.23819909644376,2.855354719454214,1.9946120952483761,0.7831631252449351,-0.9165454963713694,-0.1787206118036271,-3.9319471993972104,-1.199386128913473,-0.9103293435598839,-3.5124571921229637,-2.8586282538377596,-3.843712828313481,-2.2790492339222905,-2.1248169579639136,6.9190080272661145,1.103223356731278,8.878260630862021,9.282312075581036,10.630436908278092,8.995796328210186,9.682540093815348,11.718107872572356,10.647565845956073,9.44442198941211,10.295378670487088,9.346764293954623,12.491474671639638,12.143148127009212,15.030767636190998,13.862239704334842,14.898348784134393,16.342082276343955,15.1868228211502
4.4464934358421715,3.563946746988227,2.8564629262477417,1.8569199041314866,0.6687549479065644,-1.0639775216499587,-2.837928132606838,0.15847119592754952,0.6107720135780452,-1.9877986604301727,-4.33248289755245,-4.625689407400521,-4.391695637765126,-3.081506582826095,-3.090826110078441,5.251626241244122,8.431351544040112,8.243806614163757,10.94943624946538,9.357121324083211,10.448527622792666,9.501224862948497,8.3304151047752,9.465522904514254,8.63948235852604,10.109842895417852,12.270148147315963,10.04782357547888,11.070621414956749,15.160283278586139,15.787046020826283,15.568521134818294,15.721093565878206,15.38874570790393
4.565442021673532,4.086796562476158,2.3803202449582948,1.2073149746020453,-0.8615468966283992,-2.1731786717281962,-6.01432991552427,-2.1507619393644553,1.2845653930885197,-2.5490278989954502,-5.548607050053696,-2.510047325957408,-3.333320098524646,-5.775064489502568,-5.1938550480103265,-2.1769935696582303,5.515251906544213,7.533814528751407,10.036559626129288,9.562462192317465,9.09563220688395,9.89364588463056,9.5946866600972,9.400283978644932,9.793787307920493,10.137987899772135,13.717165061757553,11.639410324910138,11.0558628702,14.912956578650146,14.958693771867743,14.702855332202525,14.35724950022652,15.914915031081422
3.476255288556378,3.6083645705905383,2.34143235773658,1.2403694256282933,-1.8091702302784856,-2.029970813868974,-3.896385828406742,-1.6507729033614151,-5.022629637709805,-6.399808156417384,-7.707070907234635,-2.2827913779519498,-1.923306559936249,-5.62427670873154,-2.014621131649854,1.1442927197761965,1.821489752349708,3.713333029858253,10.798824860896529,10.465865812557546,13.182240790543435,8.763966213104485,9.63336355278652,11.521504568590835,10.91691585985067,9.74794470594734,12.542580398833314,11.148964159067836,11.53994295776074,15.064501096803449,14.972548072188802,14.864304905050805,16.914776186342355,14.211816831991268
3.870758744171252,3.183329321082043,1.624295258915049,0.6857392486393604,-2.143834876630373,-1.2834362153863372,-5.411857774261019,-2.3202868861213535,-1.459379045845438,-7.257395400035926,-2.8784996277321304,-4.753892394198036,-2.413652084669584,-4.767466948768833,-3.571367323898071,0.20001388079117163,0.9177704708018282,6.472932415374197,8.156346183179977,11.1152381684367,12.79829896463141,13.086227898543902,9.858056742310156,10.5965458047599,11.196394904959254,10.392880067622956,12.869226308198726,13.361985560137331,11.703856675910112,12.471273026246655,13.303892362085696,14.126798103475178,15.171875673586076,13.634187636828873
2.822309152261174,1.7095545016210338,0.45007067461525607,0.1855936075800935,-1.6383756626639263,-1.9999848527292707,-0.09947125272516188,-6.586624781375106,-6.4154878626673035,-6.167105849233994,-6.078476559871007,-5.493464763611107,-3.912558941423686,-0.07199951648317428,-4.522640543107781,1.739493989360536,-0.5030034743897984,4.229825426431247,6.251081157278674,11.231712862687916,11.940570212775027,11.807383454860018,12.653052790599501,12.225848240765773,10.91280347025697,11.50574496710485,10.925604415510685,14.88206977654071,13.140896476076476,13.23361999677481,13.889730716465897,13.55305120803783,13.23426305077947,15.784058312128812
1.8667068924830057,0.21335278842056843,-0.8138357437800884,-0.5720380989712914,-1.6656817896207254,-1.9490940618293413,-2.0873477949623274,-6.075966157062986,-5.647383469794833,-6.994186799227859,-6.555154912160218,-6.7852800935473265,-4.964298323813289,-5.358611071843274,-0.7924316324454058,2.6113082471396205,2.2381931149975602,4.72581195579256,6.03091715883046,12.178652223008731,12.268914248771065,12.003078060107207,12.993541038803087,12.434121296667593,13.731099773967438,13.56821139212942,12.875498748601235,13.683972843950977,13.617156696194737,13.67776273056972,13.341343169812317,12.962113117394612,13.544654418853797,14.931307524608407
0.6839711909709748,-0.6746720813756868,-1.9543598281422303,-1.7710956393878197,-2.6066555008418972,-2.6343822091419926,-2.588952763789955,-4.814729001581548,-4.668131120842536,-2.4337567021976554,-6.337390406030952,-7.950808631659006,-6.14747821484735,-5.242520328350002,-1.09395496116746,0.5421397986287109,1.984220564111346,4.915833304622811,6.713437140519223,10.066439679563532,11.065510975923566,13.358086604578222,13.090325826474306,10.880892021289286,11.601754206720136,12.80700116526499,12.638280778760983,15.497085412966475,13.594138640104926,13.871772623193413,13.837337387457923,13.353345305519872,13.198371328207077,14.262179121254578
0.12894214467011153,-0.31365213339253956,-0.7625234591820134,-1.9508570110905956,-1.9841239149682608,-4.071882315888362,-3.9298943647247087,-1.2845835231090226,-6.288774020879602,-5.17833426960154,-4.863076351853742,-6.632042276261393,-7.035776827569108,-2.359640476061334,0.23979107068971026,0.570762354492212,2.9434777991133214,4.143729267070366,6.644434720849575,10.5130248329272,10.671020048186595,13.534995487565554,13.67793412110075,11.556951698430538,12.356813107236155,12.063825974966853,11.998520081797004,14.06681486313225,13.919432387040523,13.095037649999568,13.691289565363496,13.622488021950996,13.640460168714556,13.726169520667419
0.3527012087739704,0.3806196183721874,-1.0705316344230547,-2.151254820781236,-2.6317112664600075,-1.5528138925790336,-1.5932493514808435,-4.542269074197868,-6.278928458178155,-4.050025352795426,-4.00805998495979,-2.7044783898255838,-4.561618845045787,-1.8033267748393806,-0.15607972214576235,0.7981372047572541,2.359430701094761,2.5749631031614726,5.129806327883562,10.662980388372024,13.080313374698333,16.945888126645062,14.460757144845907,11.970705277073426,11.469873093998899,12.604505753907684,12.397831730242459,14.132931628490137,13.157276828782393,12.359443451665811,12.634391818520013,14.301218570859836,13.015538361620125,12.58612339765645
0.7649658978311972,-0.18644741349778557,-0.9362222849213893,-2.714448852677128,-3.246646670642273,-2.852781542326917,-1.2543028731146675,-3.9765316708592655,-4.725636130394039,-3.330310995810151,-3.9004552072405456,-2.00100660760115,-0.5267537387859222,-2.1015046719178163,0.24870107910202785,-0.012892197266239594,0.6099633080335707,1.1448559918573384,3.976810694869859,11.401985188872814,16.471629418491467,15.800503055631998,14.979279113222894,13.601170620080634,14.065727220063513,14.233376620517095,12.266536273367446,13.852741775123569,13.931950012727862,12.797821839291636,13.899537558152304,14.414957751835495,12.118768591452914,12.41398857277273
