script/wind350m.json
{"header": {"parameterCategory": 2, "parameterNumber": 2, "lo1": 3.000054539987559, "la1": 64.9999836372058, "dx": 0.5, "dy": 0.25, "nx": 34, "ny": 52, "refTime": "2025-12-19T17:00:00.000Z"}, "data":
[rows 0 to 24 of 52, columns 0 to 33 of 34]
10.986174107328011,13.486637800257322,14.820797463843961,15.141955671147153,15.185206220686545,14.217399486022353,14.866823625684521,15.995080284807427,18.30449535527622,19.851049668874307,20.761205918125423,19.164176250983786,16.7573939869124,14.587491871926732,14.337441988543057,14.62271412073266,10.050285023055123,9.624331361232562,9.438877369136689,12.003283703057367,9.721450572414268,9.65084454443482,11.817192548299792,13.386469634525763,17.86664472348767,10.57407419099159,7.286813742997539,8.258451018600306,9.894212938618944,10.178866319485145,7.935192660125717,5.75141832214912,5.454775455203861,5.661128615682632
14.57649604039785,15.371773118731118,16.176161141851757,15.773719164122294,15.587931672179623,17.072039124522345,19.4573549370255,18.327172532389024,16.579336116108426,17.893308262935818,18.071970935291976,18.13062239531375,14.944063941017253,17.65447868985902,16.34155686041624,15.675985822506687,10.590271339302513,7.299199070587317,10.76329232228776,12.594814619962184,10.23666548524917,12.194864286805164,7.792477016896185,19.576568913028886,10.069237443620507,5.484035915500706,12.306833912801164,7.443447963399899,8.934671786761196,13.738309271737208,9.738472078268666,7.3266597246822425,5.899532016200515,7.892709628268556
15.002060145935165,15.807836895475521,16.024562700691472,17.348777769029613,18.93910206501634,17.942262488541434,17.923982120857737,17.635386104210067,17.46236540386393,17.147096410328963,17.89628240428805,17.10860523168538,20.120397404863027,15.073905446510858,15.739628077781234,14.361549623557988,12.309498237223398,6.450151672190322,6.372949191527705,8.303824159877385,10.454911127287287,9.793357127708603,13.28005922495817,12.619876459212596,10.44468218615471,6.597637798466467,5.520272266368597,11.928658561106852,9.665719547599469,10.223026180065073,11.786986708927559,8.457046325526447,6.781876797986756,7.39331241930971
15.618690215704447,16.106546660537745,18.757180267287,18.67388314323569,18.228541192302202,17.782098702970398,17.7422086566071,18.0906630684605,16.436838963359243,18.770453637250238,17.484465527721447,15.70005026586461,12.203560181848362,11.696779334168907,9.432783807323256,11.665074396217529,7.83542785326004,10.902747008578203,8.868192823235168,10.414190723938152,12.663081062134284,13.973844988325622,9.51645214209244,16.30616942906473,6.151602016578598,4.9983324551289945,10.711087323036029,9.764317210027842,9.286163112680121,9.10354669955404,8.593193321362925,11.997380525762276,8.553890419252383,7.5685678835051595
17.471817818540178,18.25098892571271,18.77525932903847,17.786326620869335,17.18823846367689,17.45789432027076,16.139207957826326,16.833659318712662,15.396090726164742,16.66538934195945,16.098398404742053,14.93081451230472,11.494116356706316,8.620446493062591,9.45439967215648,12.689343390843016,11.254675726756103,4.894481472167054,8.286720869827864,13.408756923222558,10.889961273814023,16.21733937640433,7.197368013251716,7.3665204722088236,13.18340471662015,9.65093109713357,11.992686306838069,6.9193501615319635,10.750770310043274,10.091544041286166,11.02341855499186,11.21638484134206,11.400692212768591,7.908230730938498
17.175865730127594,17.7251411801846,17.733576065389123,16.32867020740713,15.032967298026625,17.11893757533945,17.213589975999565,16.262795889988237,15.336913227491662,15.163902636835976,15.744004585004935,12.730633753973994,11.470623571608243,9.059865891059369,7.786251271894824,9.90171733763099,5.445737476593986,9.34154602885042,11.979570677729765,10.293788389940344,10.478790373175661,10.544259967370321,13.449073579509705,13.296440670064603,10.760412487779485,10.323126406229829,12.251006034663877,10.836318536722331,9.089406676443092,10.717889985216658,10.14097773361586,10.043416329455841,8.080590879664417,7.1267156562831415
15.616223362539225,15.548258569307345,15.470658310492665,15.87555974439016,14.585990574393914,15.124417343521495,15.349529142255722,15.632776346142823,14.853633869757848,11.023013970576008,9.03317896919471,9.868270915360418,8.994005802292344,11.355488623177981,2.1966528618332775,3.4219524391474647,2.6087183922207333,8.940234211452335,12.077846563878387,14.653655087932089,13.947001134198262,12.72172369556484,12.119033757389998,10.221595995112777,10.900134818828766,12.930064510545424,14.352659021249753,12.067782113458334,8.831657735471511,12.47315914762261,8.40835122401362,10.01588194917722,9.619281506165557,9.677907369432083
12.756373743584517,14.012547807571012,15.334031841405467,13.900774609446747,11.909155667579855,14.672743915204439,14.48882027771697,14.900514483391351,10.097346751998707,11.67763281373128,12.928412349579494,7.288240587758328,9.303670494601915,12.382159101769242,6.736218502780199,7.273128154242472,-1.174726088999965,5.826742848520601,10.62314128434827,9.888823836424589,12.52450321012931,11.856698773655271,13.830540450276565,8.979789405982038,9.694255579737803,11.10298915389362,10.75760574681131,13.917261007002057,9.053564317551789,9.259582191435962,13.852947119857904,8.502562866130065,9.494291434277303,15.153626600891236
11.328265487437037,12.293410897265467,13.374048477753126,15.331736387038669,14.06356756473756,14.698441749621844,14.610358637485122,14.081357745709083,11.613986994426504,10.387473779081645,5.731486835817562,5.376521476496426,9.414909110112688,12.879472314095528,12.034883198534159,1.9344466277338754,0.34500053980356565,14.609361283390184,3.919295379883331,10.65124481190188,17.709156709624157,13.574558048126041,17.6748784322618,6.12288909492487,13.491935994386921,11.041369171786496,15.259605348435997,13.32934783606552,14.460981788204457,17.191325665465257,11.582553672920971,12.075064254467254,16.4305901435499,19.827107644996094
11.260172783778893,10.970025907143295,12.11522621569284,13.010467228739325,13.473215204758702,14.410935068413515,12.3507588742853,11.43503589026673,7.432196334800069,4.370782796289909,3.491327872496813,5.154200837170486,11.688335072808622,12.572590385289363,5.652395201599327,16.442143942826423,10.186666381832676,4.845717054684785,2.844583932172878,6.479917001161482,13.386328098457446,11.687833460590387,11.049229625585003,13.329862232384894,13.326886669715961,11.048284312414705,16.191527185270466,12.29764028690481,13.87681710729299,15.622608581731601,12.15708077512985,13.675589232335852,16.74139368845612,20.56374349181472
12.736938453416803,16.47900054027992,15.239010112047701,12.200865048778207,12.655239962425602,15.859050281173289,11.206818077192413,5.629394569547643,6.38770093371083,6.3848289348645695,13.300034810193102,7.183910519075733,11.814499741615016,15.856220460361941,15.924741620671838,6.109952632150352,8.395195918630824,3.1426490221586283,5.943928987272293,8.388080599804209,9.338108524273537,5.8712990297197765,11.902703961970538,7.554329497647096,9.986152039825171,12.246196327303613,12.153963800556047,12.110542098327441,12.7084275875551,11.346210655341077,15.879449311006168,15.984454045509027,16.602434519859255,20.751155329316617
10.296267823148602,12.51642207333427,12.113871948529399,12.497585364233622,14.017074417212767,14.300525817791653,6.481072959743537,2.6330040115082682,3.927415471392457,10.299021606404159,10.878920260747226,11.98706000035025,5.81827810219416,9.567898017210917,10.030259313842688,7.17858469230427,1.8442027927593014,10.071263888469945,9.082169371556311,11.688451922307936,8.461366775519913,5.5311603593493075,5.790344978195512,12.451347327468271,7.4017688734752,10.143218073548688,12.61287203765398,15.230547327101657,14.190905161796172,14.124290534854632,14.788953201495344,15.911287604874929,18.548691982398573,18.705286170304223
10.541469896712673,10.899978661627294,11.80643222878748,12.059241601329395,12.085696605483612,13.755464248987606,7.88999504839037,2.560828045691838,5.068594153438637,10.922924114210378,9.533759369959547,9.362365087495048,7.805733038650424,8.855037396415527,10.96056775955941,11.487652633202778,0.7627689444991369,10.688047433897248,5.5814496513307725,6.019812223720729,7.441884222528451,14.016101999835298,12.636862235393222,8.970643724598176,12.006045442944009,11.272471283064192,9.72608450424567,12.691933410687923,14.879246829126968,15.703145770921745,14.334085345340378,15.54844102032129,17.72562070308493,18.713404105377013
9.427149079065764,10.102017177050035,10.647602323685957,10.556096627854103,10.126901396003252,7.597800635431111,16.637958846783057,2.81363253568487,5.379505482532162,9.376030768440845,11.49820786465915,13.426339794946301,4.708257651182963,-5.004270055559697,3.6176763047135583,16.446739649777076,9.629801937090386,3.0905023809817234,5.902640805144927,10.689509674561323,0.46289808922905007,9.747094975179415,14.12971050185249,12.694572580980148,7.738664481862825,12.847331896933985,10.149096684661316,14.510993338631183,9.393437235934961,16.52338912296731,15.165992749194409,15.940752949986354,16.608315012433685,18.756374225149962
8.6264510392364,9.448574148206271,9.467975134526402,9.428696037989479,8.305497419353399,7.10905872027224,7.795250455247127,17.14409950690497,7.069224486528112,9.049612386580732,4.266787765381814,6.108084497519968,13.019926864335728,9.340238524388646,0.863639597962742,7.780216929216167,-0.6563390637959107,5.589907576351573,4.9947645866740755,5.0552780820745875,14.746081683550655,8.352064680858208,8.158643901805217,12.02768776632475,7.373095350208087,9.25171897954095,9.09489050449889,12.847574060206027,12.863543015291336,13.12837381757628,14.909127455992216,16.651962957356986,17.103002080017607,19.641732337709946
10.969637278706548,9.97329491611984,10.388103762906834,9.16538350776332,8.526572750736573,9.77491204593798,9.413877713662007,1.4150665055120721,1.7509949589069334,6.415992339444242,8.155558453482278,7.520638808430182,3.4239416244494847,9.08746432925708,0.5361131306734525,6.236768402462166,8.957188969029497,2.0474971328659466,4.765609953421282,4.356969592226459,10.868809746300851,8.07369349419733,8.86320163687544,11.756982516156539,9.662760601909453,9.885200092280042,15.043378122640078,10.485190118537833,12.540919330636825,12.553407864454044,14.639449020147813,16.944330462095213,17.909526532944334,18.956100973977055
12.092455508020091,11.166723140731394,9.571673021296407,9.329769365046827,6.8315029593879535,9.75239263599426,14.305342654317796,10.599329294056297,2.957743243361125,9.007084637833833,16.413770192809846,8.117937013497237,3.841703993504612,2.3208710578284126,-0.27590992421106825,-2.822060467546403,3.2676016067536677,1.2892219033607741,5.505751767714565,5.825169210657942,6.775258775036057,8.96793971140343,6.716308149945083,10.8678473050427,8.795521334891506,8.539919336484434,12.598956864086132,12.951938024091062,13.860671204073382,12.670648788937225,14.307626078005539,16.03443295133476,15.690504622836734,16.64512522733129
11.550451500457513,10.756188358784998,9.05272789041102,9.017504932522971,9.119430959761754,9.886607343926384,17.634605354001035,9.120949423991842,10.42231181125305,11.41305227195863,10.010968825724747,11.123020501134794,1.0422845391627034,6.89177241564117,2.183364194762659,6.740394025325243,1.648230165991295,5.1955961078987105,7.120912816584487,5.958510815882682,5.215666943329137,8.781610740043929,9.897039748608238,10.786197039840259,9.286073332560957,9.379885125404707,10.849092000600145,12.462344493790788,13.975199687865882,14.537474495568334,12.711296672751285,12.420943074868491,14.228710532922472,16.28555192201013
12.330710411489402,11.438943538557833,10.768295478825294,10.782119677368907,9.845439781247878,9.772648166172502,17.673584621444046,14.365199233433023,5.4528605867629025,12.497914387165116,10.310476356490256,8.769722180194504,11.783095350723839,5.655934704144443,3.129760315915227,3.3290347709899217,4.52103866804378,3.0283888412125797,2.8334672407720736,6.863916292730456,5.0342362337429325,9.177439283852562,8.885975441324694,8.791035174083746,10.140779860629399,10.206047227306927,10.930746267170965,11.675515225826487,12.896434151814178,12.841807122016098,12.638389997325415,13.071432375811868,12.39055793529639,13.555735238255354
13.173578928423348,12.39081840355986,11.45896422436225,12.065424809699982,9.692273904329264,9.813087308005706,5.586119116492981,20.46356662198388,15.130083430979052,12.833262337636793,12.321839024992602,16.143234063661858,-1.783248862353102,10.65432631210848,-0.9640823632911035,8.315048164333911,4.461338272885984,8.062853754364877,5.936670318940551,8.994943071506476,5.078439483182363,5.446983093771161,9.772243579533257,11.7218159041127,9.94716414759774,10.328834971522062,9.043332666798364,11.245010416748922,11.387637657162163,12.120089099631521,13.321847913991688,11.37534571183932,12.257108731759393,12.446990335134586
13.469502282820748,12.579554779568753,12.305125874621288,11.29938856914665,10.808536588031933,9.051941273382957,4.351370420857772,5.6563001956978605,12.372531916786507,11.794108678276405,15.32297402004027,15.817423722287716,8.495618560519782,3.314103234750603,1.1813395349785507,0.4262329467360012,8.457636841167748,6.759757915856894,11.745995271975982,9.558160284363375,7.8801267016754455,6.093918893777668,9.025754740419751,9.45366953863338,10.84744300782218,9.704057228637621,10.588581063504892,11.414803239585346,11.184105899453273,13.43341715917366,11.895937010985728,12.117129749320753,12.787524720746767,14.572686222335147
13.347383101007399,13.046342053487127,13.793406259387709,11.953893454820925,9.600642718659865,9.655950037383544,7.964102649504288,5.369692267572204,11.455132042388417,10.856226132734998,6.3485090702607,11.746416247654333,0.45729098299282356,13.159396125765463,0.6152723413252738,1.6746443740267904,6.4740542778731385,7.363523377129514,12.365222526154925,5.702867984558778,9.997819547704713,8.023563914964285,10.270881766217492,11.092378252970017,10.608500776755369,10.307488642654016,12.015005593382066,12.306296554199816,13.020776303625237,12.669287320721848,11.189542106482307,11.816721326265554,13.140236944012775,15.606449541863112
14.238455712935364,14.171864990058173,13.617572617238881,12.625432102604666,10.68844604036726,8.23139313740331,5.733441260213993,7.178749107874407,14.673677927882078,11.344486582791081,4.592573643315448,7.247986620080279,5.96129998706059,8.085291092508314,4.850853267945885,1.3309150447780387,10.645635758575352,7.926940137993181,10.528801255799783,12.352008019460687,7.862974293367998,7.633074427120876,9.901711947869268,10.266058954206787,10.883912112978065,11.329032589836466,13.47005216536948,12.821715034952895,14.370144679306165,9.941046748669933,9.722907849233316,9.896516460835,14.904536228984327,14.947199314170975
14.546190446965335,14.335479130490908,13.226634305104739,13.156885537365133,11.64906668260219,9.475129417956387,7.267053142971759,8.073129977436091,11.059101632525506,8.827923219417242,7.66809584429432,7.021662917490061,6.889575207849394,1.7693805830410705,5.826797287893345,6.736818284295991,6.30465055644364,8.416202480824026,10.981911989493714,11.606689225445004,9.347780506448421,8.737004850428551,11.735000116414328,9.272237869876465,10.52316549236552,10.864855329012812,11.03478462837367,13.094305348830519,14.080549837263879,12.180750948603634,12.44219950548522,13.112555591759767,13.496280186644073,13.026068927051359
15.34740023055295,14.262905039282934,14.116695073397164,13.401984548389073,12.653288436609758,10.16424952141115,6.349043609228088,10.171410927288514,10.254371217226858,11.217997087040452,11.429268122922894,4.877528869572618,8.77425689042003,7.111782764368622,8.583085788404007,6.652199505550089,9.661393157127865,8.765288137452925,11.13373750709243,11.388179096217343,8.926807178883077,11.963198378794038,11.265674279449657,11.419063256186506,9.481857693850584,9.266613530194437,10.92883875919579,13.995222048205076,11.799371001982093,13.269028454674922,11.35213625486117,13.378758086887942,12.381121764317404,12.601439096491296
