script/wind50m.json
{"header": {"parameterCategory": 2, "parameterNumber": 2, "lo1": 3.000054539987559, "la1": 64.9999836372058, "dx": 0.5, "dy": 0.25, "nx": 34, "ny": 52, "refTime": "2026-03-10T21:00:00.000Z"}, "data":
[rows 0 to 24 of 52, columns 0 to 33 of 34]
3.265017845498327,4.866736380037449,3.8072172157778756,4.880554456615946,6.015335620445333,6.01522545478709,6.684151017685979,6.228900832236789,6.7300170696507795,7.136722467830748,6.892860202071815,7.594015571412665,7.808971416735763,7.408311874026667,7.859185377977689,7.419780412193621,0.5304456405462472,-0.8226378341190613,0.5751891178642302,2.2423782146900293,2.3295322715144264,2.2045056256141327,0.06858456198139093,1.63524139607121,5.8417354781630335,2.86589032979737,0.3817551503444148,3.1981011342907504,3.443932545447939,4.9743036991090435,3.8902425245491985,1.7083171325283877,1.7422529223125858,3.4198783281367344
5.034160022917002,4.59652616178416,4.16873585590862,5.29498680125335,6.283563771529551,6.580913260616812,6.744045592199097,6.388736281775127,6.607001790219145,6.501997420567135,7.600008553034281,8.475569624645066,9.503104733684314,10.214355027100723,6.975906880922178,2.0714646321692167,1.820593526651881,0.4267278622637521,3.1405201575435098,7.281605814792622,1.0972718193558664,1.2473432271646643,-0.30435412347046986,3.8597365271907718,3.167235800083058,-0.017639159644697967,2.798736458937104,-1.6350510906125164,1.2505960745793951,5.293276350493863,4.857620180017868,3.2914991232606954,1.2071113509373552,5.268008420565897
4.249720360566525,4.244276080208198,3.771938755494358,5.550230711509162,6.319173790260883,7.041935156921678,7.308839667785136,6.614528914959123,6.937961094839582,7.065971333848195,7.921139732388541,10.364704894572027,10.443995449800054,7.964390330562671,5.640436137561323,4.289343063375596,3.289640985693443,-0.5106556507958789,1.3273196943246306,0.08342544681007438,3.246308318279326,0.3572557487686506,-0.5433483157036549,2.407002451460327,2.6666587793755676,0.032139525654623,-0.3390844383777739,2.2950433578087694,3.472657220463283,3.8473731173746697,5.415864874355084,4.587764931993318,2.778228680094689,4.25651706913261
2.863657918380664,3.067032659046257,4.242699985818831,5.171909881108398,6.025085655325547,6.938065179924343,7.331396723869064,8.087511594647708,7.737012461409868,8.450039471652712,11.290675602797815,8.980091380471565,5.190838396590474,-0.5304072968892534,-1.429690531096972,0.6913947770185965,-0.07890038622483626,-1.5604654250370353,-2.0982285096076536,-3.0012688421049214,2.3403797886098454,1.1148363754197534,1.0185182363308836,1.845095763664684,0.8894229600361396,0.490087619394212,4.239289168768773,0.5805546978867121,1.3814692750884503,1.521391649879875,4.00577189082097,6.028134785014617,3.6270858301658326,4.774531580200769
2.348080248949642,3.0778575441922262,4.014242591072483,4.957855317843422,6.357648718409516,7.670918738908047,7.6195025050153395,8.090124818739126,7.932471223615951,10.194578285761322,6.876881468562757,6.7544423062263315,-2.1513017589326338,-5.082773368033059,-3.7412141333922193,-0.5389661390943398,-2.0279195956742937,-4.346554215722784,-1.0805394307360354,2.155141292293,2.3189482720504038,5.446597317108049,-0.9920038568149533,0.3003543595141257,-0.5812538918697185,0.7816685066790422,1.102285009155779,-0.2906488949389567,5.174261703645111,0.665472935382705,2.9230492045489678,3.6398890043618692,3.2133393275972524,4.222669031443947
2.1681028597791983,3.758617453344759,3.867030767201393,4.926032423717372,6.666214573254071,7.963940217310896,8.210822392176297,8.948555915170573,9.80763137028372,9.93448553273498,4.611275893275064,0.19615275749717836,-0.9972473992978452,-4.860346007041455,-1.6747727588771772,-2.0114967221811186,-0.05322884669847191,-1.065592495430307,0.2894671915599572,-1.9759686349118455,-1.3021479041088617,1.7450724632269123,5.221317516721935,2.8796158636202525,3.7451712029011173,1.4875799457091832,1.5062226629374882,2.0036874949346895,0.5421172343520315,5.574034352054373,4.849586913176996,0.9261951304295164,-0.2647868135823997,0.8887340647128533
2.2750161426007334,3.028972234400436,4.086189542041543,5.35407937207245,6.493760949190871,8.337301523951323,8.586789169133377,8.558981617081557,7.855207430739252,4.949917949981656,2.7782400850497053,1.570506524744558,-0.19408226779286702,-4.043702892727997,-4.767338018523287,-2.487341612792636,-1.5170789530833277,-0.4083479960246294,3.0237439523617384,4.942797943211965,4.142738575819936,1.089748716814159,1.6475309528736806,3.143514409233713,5.042099467199817,2.6310105575133766,5.036116323244806,-0.8675241966788626,0.24553640247624586,4.237209742796135,4.960930794467779,4.698376287778416,4.9994346355205455,-0.26159336129748906
1.6330897850245976,3.026609169345659,4.502986935091444,4.5804623057859155,6.744036002652875,7.954179069632553,8.57563744385712,6.25570843130654,3.383612143844301,0.3664049046859935,0.11122435333316945,-2.339191835695366,1.1569293058553611,0.9803524883501524,-2.347505279977976,0.5783090196830876,-1.368280506582117,1.7984788768648357,3.7763033459945365,3.744538252160423,3.7272446020731436,4.995081886359637,-0.7208243041472919,1.3356845257045131,2.536500296667017,1.3593234066961757,2.8437603788164134,5.299495340628558,1.6578532888848745,2.697510817643423,6.916187377918959,2.069323175913494,4.889871022163229,6.467673667520261
1.5751149773443867,2.929946073751778,3.106999832752018,4.828835957596228,6.362557053482014,7.674363303764955,5.427495496164109,0.8946936413578565,-0.25596404124666244,1.5211397841482934,-3.2163743332365384,-3.5360014824285213,0.606645308648113,-0.2839528648870986,0.7308205192820982,-0.11914085476422313,-2.5390921774628135,3.747103593522185,2.167174846288132,5.304825306735193,10.076620144291512,4.501319649688488,5.796382529877016,0.6372582677489613,4.61764773318156,3.462391895583756,5.143711269861839,0.5793666756612335,1.0074385486565676,5.333335673435619,4.0892896110229,5.0718058118221245,7.6409181852491095,9.199056188954533
1.494168712816516,2.1683233884093602,2.3339110511834313,4.386000361853595,6.632384099230858,6.182230744226952,2.448333407411271,0.5850398388189127,0.5970937086699805,0.9545986007543116,-4.559310787985679,-1.2803192184311551,1.2258075980391245,1.5902659035970383,-5.287367261066671,2.797088325560856,3.191646836579931,-0.43770145415424755,2.5962908172095713,-0.12274690963178737,9.548591355727327,3.5098848259229087,4.588738420840707,5.739320997115177,2.1095225766261048,3.6120162577373165,5.328011310062946,5.324572161013996,6.697883837635761,4.51266711638173,0.933683332437304,7.542931401389935,9.429046992608704,10.132301020677755
0.7979609431506236,1.3075254882861336,1.0603923481027528,3.198600068941396,5.457563801416357,3.5659791504831126,1.2618549406260924,-0.5128117208620934,1.5737529667949952,2.811274746237784,2.831828779494014,-4.58314062077068,4.257945080300715,9.057956402167807,5.897258697919205,-2.4721114206731984,3.211773046869913,0.8539062786668349,-0.7526931226384037,5.402196250607628,5.718476750164448,0.2683070563416062,8.207139156408065,1.7796689061806445,1.5404275575217061,3.0783380792120467,2.53660582641947,5.36179387649479,6.2711169941103115,1.1503770056458318,6.781354651636488,7.992746392407225,10.548377661292943,10.636748480514596
0.6895691129205442,0.7113891699537334,-0.24113574785619066,1.860536370352822,3.199060199675827,-0.8877948824085017,-3.9058954053785877,-4.71838676779634,-1.253317219401673,-0.529763741430553,6.204618167321179,3.2542391563165163,-4.953116206911501,7.840280915995989,3.325025820075016,-0.37721144850532534,-1.3654695549831901,3.3794973554473926,0.6942908504676684,6.219640247074724,3.844906841555135,5.1624915486860035,-1.0637471159703438,6.4807199112863465,2.67894903868182,2.425074024126758,2.580699142620476,5.889199468095892,6.4392849271886545,3.352341233903788,7.452137612800969,8.764914609516406,9.972490607679093,10.443540710751261
0.21148999338830682,-0.5910838343326986,-1.2304358323722753,0.16676778084637797,0.7427596857033367,-0.09914524516041326,0.6055602058131613,0.47787562586049676,-2.5531944913908617,4.839324409612086,5.3043107277060715,3.1264210395890686,4.388126679985232,1.4115315889295543,-4.390016149083831,3.6442254378468206,-2.0194713804254336,5.810305757017255,2.4504266353676813,-0.22035741639906667,-0.1919790528472128,4.2966173094455895,7.059760583526936,2.5826267210084586,5.511559105414713,2.6892164562780705,1.152270701240059,4.364852905445217,6.592714645232203,7.259293506255582,7.029474586834478,8.653270549764217,9.768739787370967,10.251526245233519
0.35689219762054464,-2.4288775549464026,-2.1271119150351048,-0.764918506120362,-0.35068999894515007,-2.3952764547635,7.891752924597434,-0.8938469649816514,-4.241788911243251,4.710233333034625,6.208046550670183,9.146695547915389,-1.044989493920867,-1.4257775173718814,-0.0471129695839054,1.3971380967677034,-0.9601847539932781,-0.33656822663591235,-1.7236395329516796,4.729065273227385,-2.0202037225352805,3.6328453784769486,7.825018833376752,6.60950043741804,2.453588837008435,4.119395301048981,6.4049108620547806,4.881431452381194,4.388036621056783,5.714359434116893,7.92488603020887,8.450213063157156,10.067024403040904,11.220772190674042
0.11127203648216831,-2.7064562026160255,-2.710538592639363,-1.5266762937557805,-1.4737851192409328,-4.285121651750637,-1.7518528023592608,1.4834594592907429,-2.1272995183419363,3.9613106203086335,0.0007920599415789557,7.008491206581035,6.7594657542654835,3.0443544142571497,1.6104684290056186,2.705650771052655,1.3302634082891631,-1.1317092296660005,1.4299671901976156,-0.78009509323113,5.250176225697282,2.6142507960814063,3.034683781200993,6.12128816865879,3.5858520184582487,4.771956502946079,4.482481724587035,7.902586971474225,5.528358128889303,6.418951969551921,8.784530819550051,8.50133840120817,9.431292425146262,10.11382074067553
-1.3002176144951856,-3.4373438133781873,-2.9384336758179463,-2.6809903705557416,-2.0051562513327235,-1.8934024775843485,-1.110874976823831,0.8956113270520372,0.2802996157266549,2.1703014199260906,3.8980552908941286,6.905912263672455,-1.8976805054238963,2.8889308804572367,-2.768562563304803,1.1098707421062664,4.101852447556599,-1.8317359515232547,0.4799433303002281,0.4645964127941333,6.397013548406923,3.8456657723590837,-0.7579189099515745,3.891768593199547,3.3552952289373357,5.732684550054637,8.68423317097379,4.903534214386352,5.165418697674085,6.071145126355037,8.351742637629275,9.66960835249247,9.486319221900226,9.786670707887492
-2.4524091543710984,-3.1087028611163996,-1.9237212697736013,-2.559918566178903,-2.366495260250297,-1.6580835408117138,2.3744253657538854,2.832998035902038,-0.7628772686476877,3.690771521842371,4.993397419560346,8.985519506517374,1.3600584746461222,-2.868003566297647,-1.4089430464732402,-2.8783150781083213,-0.4992574478716474,-0.5821936248159366,-0.05241248328241194,1.7867235335575735,3.2056977844508774,3.8488681761603334,3.2282829427447672,3.877933898895481,4.164547369311387,4.371573701096635,6.875612799364098,7.802715308068222,4.984349826643135,5.573447000785884,9.607841721851047,9.230798951482907,8.929023577238754,9.766781471236133
-2.6086705421994183,-2.5936987554172686,-1.362217512168646,-2.5053374173192404,-1.6992735008827968,-2.408840161307846,1.204328612799434,0.6409965045088225,4.466147107975428,7.38737794040614,-1.5782149169128377,1.5703178355541905,-1.350993135264323,1.9395488296321377,0.9578359876969231,3.7204747257111177,-3.6766879264645005,0.6952620825659312,1.110858888778555,2.1368629215400987,2.18594853872207,3.121112944755646,4.656523648265194,5.962967105634972,2.212235599792669,3.0878541801368034,4.808680526125934,6.462212441245335,5.739382022961996,7.079147614238355,8.736913213274288,8.572258019803,9.307608734751987,9.659736104010602
-2.778980787994505,-2.5800472244808277,-1.6226178941023695,-2.4951650360653326,-1.8410788488266454,-2.0546720110142904,3.324141389590009,1.6502048847327455,-0.8496669385463109,7.049109954822356,3.06825846788471,-1.4343584332669155,0.45638512767931444,-0.5135268786181136,-1.69397276975163,0.1696084742944473,-1.2066763782963306,0.22898010855766623,0.09722667067487631,1.9080721258302227,1.5798045276715953,4.792068112645517,4.898533292862208,4.713502379316537,3.214910511532363,3.243159158238885,4.52168214617387,5.0752789206629085,4.242907488140402,5.402060584744653,5.570927670230458,8.733716452804533,8.056146605410454,7.578475674884755
-3.112563270960377,-3.049291468275832,-2.7995803688810192,-2.481956603010584,-1.2359274578477384,-1.9887992150857925,0.985288731107611,4.7202675846219595,5.4030166431306546,3.683569852611625,4.492757662627675,3.393930037969704,-1.4812014684514379,5.726935501707295,-3.0111300435630555,0.43980245607773527,-0.5114104416864296,0.57462850829518,-0.18277643103573532,1.9563851058904742,1.2460956892258714,1.574886223024095,4.987123509203897,5.239162403257305,2.912577278991738,3.103679974569622,3.583989623434905,3.7469739603918413,3.9934772354383794,4.222002894572896,4.746200141656768,5.510505659419694,8.644723628116013,2.584254711204856
-2.107351697065885,-3.066166576376509,-2.998684801985884,-2.3741921261904753,-1.868301154497039,-1.855361323292692,-1.672525478676376,-0.2482930430356186,5.948430719798079,3.635787197143105,2.831891168671071,3.4756157151940243,2.6583541117459424,-1.9414674504599019,0.5166346726567342,-1.3667870601604908,1.8607929459121175,0.0011642306752963978,2.072175700002521,1.151996917987464,2.408037804172409,1.1623983595141993,4.393081056789529,4.044898164029815,4.598594053900365,5.2982268948918,3.686540091392897,4.147384624149979,4.622451357820672,3.6507221868344386,4.181136326547969,5.187494156298552,5.571201644876116,6.410132741787434
-1.8584288955203139,-2.0029774157337346,-2.8428790464969227,-2.14901216105034,-2.953683420454649,-1.1550726830998814,-2.7640642631492773,0.9147425055744568,3.977893268518327,0.6827612094653959,1.8896187479946367,2.619443753331985,-0.4336933764449663,1.2659801083019127,-5.864997574895164,-1.4842285164396478,0.13897862315909368,1.4595912923705512,2.8906331631322897,-0.7659487133761701,2.063236885830072,0.5534317984316095,4.003205274523425,3.509464875654551,4.0941133237189815,4.799416168110702,4.677190219028148,4.629981550797891,5.6311948202257005,4.881692689945764,4.148966999760869,4.060038645677555,4.7266141573423806,6.203667101080255
-1.046211687070336,-1.537682758002435,-1.6895725427065729,-1.9619409167743036,-2.9218007680723366,-1.4546808207144655,-1.5242563182216156,3.4074838267854153,5.12297512167727,5.7952507014692785,-0.7545906508255372,-0.07061850340558269,1.3129506851291983,0.7775656817025909,1.294708970831149,-2.18917689451235,0.4074943460014936,2.270441363996655,0.8983937217903999,3.6653579544573764,0.4994157847451032,0.8284041997360433,2.5185108158890928,3.594147397300066,5.534276333556452,4.545495499814576,5.117016782950021,5.6188297952068655,4.599079684610431,3.668274459337703,2.3986850297330644,3.421233353816831,4.349900262594909,4.772839436899762
-1.2851172497168863,-0.6906493868623833,-1.1524575154916847,-2.322411230246967,-1.8533100367673432,-0.05751508145256831,0.9673365130950349,-1.5378378765145813,3.438264820497891,-2.4856096795681824,0.700437445558671,-0.13955424488155527,1.0808977960851824,-2.20483744456417,0.6579413482377423,-0.7509550753894138,0.42341915791127294,1.2461835562847028,1.721209096851125,2.601434186233809,1.691612715884048,1.8046767135580875,3.397972226533906,3.191755660685877,4.963957228821067,5.726604972572458,8.842751222060203,3.920962272094104,5.41758696901988,4.4958830034475215,4.156524048628401,3.144831611036565,3.9932894550353386,4.872110058657822
-0.8668655206921031,-0.6855685552024183,-0.9489274310504046,-2.362311206892863,-1.5434848923684625,-1.2688435961400428,-2.2501624867450225,-1.893892083798733,3.6132869672315167,-0.24466532766827132,3.085763098372513,-0.964700613404959,1.0789301020031343,0.2406540859065562,1.934214596294806,1.4017195491745735,-1.3638902811991116,0.2940095489603245,2.3253108891439354,1.8032472022635277,2.615457740770769,3.3161305317197134,2.610144903468397,3.4890160824588516,4.336099344489488,4.495326746196287,3.1819591939850405,6.362740060668223,5.537817290871427,2.7827243923874674,1.260837042498894,3.4410737090134043,4.2213104519043565,4.898521863671586
