script/wind10m.json
{"header": {"parameterCategory": 2, "parameterNumber": 3, "lo1": 3.000054539987559, "la1": 64.9999836372058, "dx": 0.5, "dy": 0.25, "nx": 34, "ny": 52, "refTime": "2025-07-11T19:00:00.000Z"}, "data":
[rows 24 to 47 of 52, columns 0 to 33 of 34]
-3.2742788733716774,-4.33151334777211,-4.859149007807987,-6.31712452270546,-7.530819385783653,-5.321399218487669,1.0381926812741844,-2.522115032024145,-2.608378029161896,1.0320869713460465,-1.451949097433885,-0.8540459253000773,0.1324312267092396,-0.5609488700170829,-0.19228375041620088,-2.9153370929603906,-2.157752538314357,-1.454261568831443,-1.5859161542770415,-1.0196993782448407,-4.26835716913123,-7.300492644476307,-3.5026139867822343,-2.7099210886789646,-3.816963549527534,-4.455112890005037,-4.9172550324609805,-4.39765134575133,-3.558777080436376,-4.166506833488444,-3.7902268511524304,-6.5339206776889815,-9.178909607077532,-10.256218283830755
-3.5453289270927457,-4.148535569953175,-5.088538620310931,-6.895262082199315,-8.127271366042887,-5.782950734442167,-2.10565059199383,-3.0106256454977687,-2.5211700259389676,0.32379244976797794,0.5264066936831081,0.8366533317060979,0.6156220747980922,-0.5510432217194093,-2.4609609049478998,-2.231243490320295,-2.7169733247868124,-1.990364806759047,-0.6044591930712105,-3.6884894310782177,-8.37829890340097,-6.249963067071767,-2.640959480559658,-3.444311512013727,-3.5475484138522813,-3.948604189144038,-3.731342584631902,-3.356165803343182,-4.473723552756409,-5.977955816520715,-8.176042838987051,-10.794116300550428,-11.743493171824225,-10.535907615595432
-3.595558249607845,-4.684313545743412,-5.4152698771719,-6.293473679877014,-7.735212829233856,-8.477482375128494,-2.723665282166788,-1.3051365096079046,0.6148695220976984,1.290339132287301,0.874297797964824,1.3675245021347315,2.7794498322648327,-1.3193748839649622,-2.7981852574435107,-4.603257539265688,-5.3030390242914764,-2.0565534873080256,-1.541316448843413,-7.770938892587947,-3.885432941738326,-3.92284332533913,-3.181297759744241,-6.78199557509693,-4.971606556696954,-3.493805253835186,-3.9443358009004243,-4.257647131551863,-5.672432501553043,-8.426077048612317,-10.768255291258061,-12.228150751377042,-11.394160755026544,-10.178963866959553
-3.6708246763679306,-4.493993526847916,-5.520451835784266,-6.340075008934921,-7.039026796505897,-8.268978976657129,-6.259781054362204,0.28634776672796813,-0.48535018302638155,0.4919026979163768,0.08772867835413008,1.1166089644759587,-0.0362601360802342,-1.9828211864464165,-3.69462272434208,-5.553759318003675,-6.615748249076703,-1.6759812284475055,-2.5882520499328625,-2.4574603200909917,-5.441215071927586,-2.6445937091688045,-3.090972875600196,-6.597297513413948,-2.6073611965340415,-3.751675396046892,-3.623261782699922,-3.4499659496841906,-7.664600716695158,-10.328450665048729,-11.903322294863758,-12.034358770782912,-9.492867148827528,-8.951497280776733
-3.517799384849984,-4.462583022850656,-5.580777560332385,-6.4915738383758885,-6.950468433646576,-8.616538017279352,-7.792396703529335,-3.4370145442974565,-0.5388097273963702,0.19091364518118212,2.700130413831392,-1.1764565417785882,-1.8952468593261311,-3.0927142333089566,-4.75440006050641,-6.013954157937269,-6.423465820030426,-3.1477221339002406,-2.4199544135264257,-3.206741880649545,-2.464670464439599,-3.366563078795909,-3.7293052543235676,-3.543547411173047,-2.967142893090322,-3.3815430905282886,-2.939086175018927,-3.5469754538355933,-10.239122281484498,-11.512737993755218,-11.521366600921036,-10.674075379694568,-11.186680136337438,-9.762805368451492
-3.6638778392928004,-4.590183043264054,-5.774723793251702,-6.280535401370766,-7.096154664056345,-8.566035983042836,-7.282060101240867,-3.7017219344203327,-1.8574459069567069,-0.7353298949303897,-3.309204915519402,-2.5470497550530005,-2.755493932071259,-4.637874623290153,-5.941257358107018,-6.705610930462778,-5.680114199180833,-4.889436893416304,-4.026138101686125,-3.3434919818503,-3.779139324009681,-3.2810288354746104,-5.019511286678619,-3.292151967717031,-3.8851526755304566,-3.6666253783326472,-2.5922476898609066,-2.796757019924519,-11.48019168857306,-12.047589253129608,-11.974375590689743,-5.3713257283174745,-8.198535012249112,-11.791475502121427
-4.119852772543791,-4.567901447278221,-5.933346282824512,-6.192435988483319,-7.1362156445872476,-7.833052453798283,-6.416580982344311,-3.904047444866701,-2.6772924603178603,-2.868491586188979,-3.0839275416873653,-3.4309720313180536,-4.512326914280183,-5.470492924444876,-3.3884893653962878,-4.3997537840843695,-6.293055213842733,-5.164303232925774,-3.2015822890298873,-1.9990018680232904,-1.764965582353252,-2.4669928574880093,-3.305352364478886,-4.353174809409329,-3.64276749418722,-2.281388007605279,-3.0581858982873933,-5.102965495480198,-13.38736318985511,-12.513154809413727,-11.981043071192873,-3.834305873261735,-13.013789585807983,-11.91071514419395
-3.711333600649328,-4.671197982414233,-5.503674710276978,-6.199289583112755,-7.4884525872760905,-7.2020037354668,-5.982548243122799,-4.196934269314977,-3.230706325125925,-2.833356921731645,-4.035924770520829,-4.35565831287951,-5.731265071175708,-6.537770529211576,-2.9617724046383387,-3.030050413373509,-3.372461881995917,-6.587533473406165,-6.193610450784098,-1.8994723000908398,-2.746794479496108,-2.4096791129082877,-3.5316748792217885,-2.820272234268853,-2.594088132942056,-2.3184223160214774,-3.7278221473198143,-11.667309575870727,-5.500313329475314,-13.542411009217503,-9.526177489406244,-5.077090419490582,-11.270757949115712,-9.304868832188722
-4.005212446831674,-4.9216984441698814,-5.378116458978248,-6.242913109127063,-6.970800821972459,-7.071681203837758,-6.453250886781534,-4.91522563470007,-3.1999617527647217,-3.899414805166662,-5.142764196033014,-1.925793683609275,-4.834315004160139,-2.9787110407494803,-3.1519583632142174,-4.1634498118057195,-7.173425618182969,-7.22188030328413,-4.868489417820057,0.06604286072492996,-0.9927052620445557,-2.1965113436707195,-3.206803944427707,-3.576930561001478,-2.1596901992783994,-3.856044681764647,-5.022909525668808,-10.680081153006695,-14.000006450687312,-14.134163656371344,-10.614973513504236,-11.215820481867924,-11.97105684566086,-9.305528281421498
-3.882187423756954,-4.509791992936077,-5.48080972523459,-6.6284024989304395,-7.044292590025779,-6.991017352823498,-6.033404248265211,-4.886421175236614,-3.9421797478702763,-4.993169089779627,-5.447497525241729,-3.511174641545022,-3.427692014300668,-3.2155776563193195,-3.1470756608701085,-4.150492760762889,-8.100164472332942,-8.18607200867827,4.678889897279348,-0.8313818182414664,-1.8913064390465353,-2.6226308972843686,-2.7774852746372907,-2.4180027681949325,-2.8667892914353375,-4.060555556129072,-3.8095766890977605,-11.175631194260642,-14.808537812591219,-13.037399600640216,-10.57244184170306,-12.929863940788195,-11.72103303823444,-8.740558763354224
-3.747367082163789,-4.598481985237889,-5.73517671579603,-7.084097551154027,-7.527989215738234,-6.576971696217382,-6.096074023440075,-5.046948844156587,-4.845515668519657,-4.6913004932967715,-4.728129312143384,-2.2718657253703087,-2.6168465750776826,-2.481941426182611,-3.613728620658763,-4.158260672393206,-8.262829676950426,-7.42153396701063,2.0896425738266764,-2.6992728959165397,-2.6419827859273033,-2.3941498884843493,-2.8063959909649583,-2.9694794545543153,-4.067786886549095,-4.152601452828054,-4.165671738272021,-7.52639490265115,-14.020426452460589,-11.958834835025971,-10.601139590931584,-12.750844313985443,-11.31883552083156,-9.462284698315518
-3.661141726524653,-4.6088307397970665,-5.884133032819043,-7.163457494357682,-7.948312125525344,-6.743686541811175,-6.355284990802117,-5.450827753383728,-5.171590407745487,-4.621525254543285,-6.136861224349381,-2.434758129667922,-2.8739409865644183,-2.580095379724074,-3.781581332599626,-4.2980442741846385,-8.713141564403877,-9.449228030125338,-0.6739553436658271,-2.6734496151509335,-3.7100465034469785,-2.589665455133638,-2.3320038934626535,-4.575074236439571,-4.059572735597361,-4.635295603172015,-6.066471831617789,-13.59122100282566,-13.360569949616197,-11.990557632624961,-11.891748870268508,-12.654997040177001,-11.051329888868686,-8.538226148760648
-3.463379513124894,-4.516063458703191,-5.846417657868165,-6.784806057355763,-7.33071561671991,-7.079675499582184,-6.503094474401827,-5.762541664034617,-5.472469451431747,-4.977915997435597,-7.07541901527417,-2.269537233264292,-2.3511896978623095,-2.662466152712656,-4.0604577028999795,-5.311990955667578,-8.24840177829317,-4.028468870385289,-1.400325526631608,-2.073884326392134,-3.632296324886048,-2.6929641688216996,-2.8458737747673815,-8.144428135702292,-7.878943404420298,-8.102215668353377,-11.41878586512506,-14.027043791334801,-12.62009632941022,-9.986937216956544,-11.080931250199193,-8.948186195337705,-7.549511892945761,-4.572344851023014
-2.9706285140452895,-4.444905857803308,-5.833669965222104,-6.48811642895347,-6.562119123832142,-7.104576208375963,-6.655323467057675,-5.978841012510709,-5.546771881554934,-5.109070395229233,-5.6813604712433685,-1.9628533964053003,-2.881898121878473,-2.7481819379004,-2.9959953614344386,-5.087920938419046,-9.190749586373634,-2.3179453742067557,-2.352717347939147,-2.3453837838357425,-4.622286765357502,-4.440563758498266,-3.9458326465733506,-6.830362769364603,-6.990273886037976,-8.717964569222092,-12.743675738137096,-14.014485523002133,-11.286798644473173,-10.235963582602116,-9.861266428951183,-9.096839593930447,-6.7720597888594645,-2.166599615363633
-3.4360466867371096,-4.4150576710589675,-5.788674267794872,-6.572764469186329,-6.246570816271611,-6.657931496900721,-6.758638652101745,-6.435840254186443,-5.8633969757275946,-5.998324861467194,-5.905660099221062,-2.977750602299665,-2.061805010520939,-3.8995571502797746,-3.3079279992580144,-5.315028993946811,-3.66058461707368,-2.271065532174439,-2.3650694220968425,-5.717343886984325,-5.87901415412685,-4.5114848628525746,-4.330976348391527,-8.970274732988868,-9.162719574378814,-11.474276406629311,-13.314659414718829,-12.910827979800711,-10.908894685081332,-10.532328154855312,-9.20576176154297,-7.3702025115736935,-4.241075143072527,-2.940649535364886
-3.709499413172857,-4.408803218910593,-5.409051671868775,-6.462521326738295,-6.1836771983016305,-6.251472401451155,-6.599413135632137,-7.1756820553157,-6.721471671688003,-6.7261776132606865,-6.646621957576505,-4.460181676901677,-3.0215066051586446,-1.83934252007772,-3.205504404803837,-4.41734119988106,-7.223777872378906,-2.151092672302842,-2.911565161791797,-7.56704632001297,-8.473298533465861,-6.5702349237219755,-6.411304725632777,-9.55596578294257,-8.932014510770946,-12.585139443226927,-13.122593132053549,-11.381013176877278,-10.1343706959284,-9.493400766868934,-8.75529175738512,-5.203567132550178,-4.221026513087706,0.7720127092610969
-3.529216746708384,-4.2972764635520075,-4.995233448414609,-5.51885173080532,-5.561269797404548,-5.714648506304915,-5.917946859257031,-6.794166254825159,-7.2362558610333725,-7.397735530395806,-6.979177540190859,-6.591718223938252,-2.481448579566723,-2.25221998344208,-0.4843459709351405,-3.5010926900336488,-4.579601819002779,-5.822754181369518,-4.3532180101393125,-3.39309964115603,-8.158643262033,-9.148488942522892,-7.896367796408491,-8.875236379722441,-5.872030969112323,-11.77892472735371,-12.199727507523457,-10.729179104533845,-10.008736124905397,-9.319898567033002,-7.921995878826663,-5.541181995027744,-3.078630518338858,-1.5797260112875313
-3.911443017764464,-4.282917840452826,-4.846881607424363,-4.931856917250644,-5.374767581725613,-5.972661955784915,-5.82098254964392,-6.299979496654966,-7.147090464851072,-7.59454333002538,-7.262563552964377,-5.199613734024375,-1.645598400152468,-3.194779853763585,-2.6195318047205767,-0.3166659389121575,-3.19580467518385,-2.3560662991263297,-0.7131587992149256,-2.190752395620621,-6.310408194095671,-9.13358326349893,-8.57403408049614,-8.59472151298717,-7.933207981821884,-10.725663211874213,-10.353733571283017,-10.03650911324439,-9.397826908714327,-5.433946399580615,-3.027215855993867,-4.4397534666454,-3.187242521809568,-2.1436637930397855
-3.3573910582673965,-4.1391635904753485,-4.235546716928406,-4.4285490927053175,-4.981457950173119,-5.924293348154512,-6.14940069294727,-6.138922996978776,-7.039878068880932,-8.05841389710097,-7.586290117618108,-6.53108566501303,-2.872528709395391,-2.2957566490857713,-0.8128869160655399,-4.246425087867613,-1.8493052314255114,2.2076655609929547,-1.2572277296866154,-4.614171713156736,-5.672004483318436,-5.292443683539045,-9.176772063544034,-9.243430185787773,-9.555353194429939,-10.694109195276601,-9.770783540264926,-4.841159829803201,-3.1902257462069663,-2.682671261482371,-1.532807135915405,-1.8196440108302354,-2.247884738569873,-0.8650413875989154
-3.7909017828568636,-4.019963697527757,-3.9793155036445076,-4.010444806420054,-4.24052948951263,-4.687436281056531,-5.607258700918251,-6.406932225464885,-6.909432712124931,-7.93192873618931,-7.810048294732117,-7.632369793551614,-2.817861111756979,-1.9898231534850843,-1.2063240135412308,-1.274515264904677,-0.40530948144868945,-0.2046299466307842,-3.6047613369938256,-3.628989282944991,-2.184762375309548,-6.835065932265365,-10.136980047059762,-10.062734581237395,-10.034296457032736,-10.71427834804877,-8.285820548265868,-3.9145388315555234,-1.9040310452237055,-1.54386199516593,-1.914540304060917,-1.7043967534369728,-2.2617685522785753,1.4070597801138913
-4.583137585949467,-4.436078745575617,-4.311948981046495,-4.327935285069064,-4.349026075272585,-4.44319670096074,-5.319611581643025,-5.805145977797829,-6.350201605254318,-6.80172519924732,-7.448084932913855,-6.930780506453683,-3.0693689331941405,-1.989349149039622,-2.667944472948075,-0.8539486396539092,-1.5357582250575479,-0.5357540530068584,-2.5116017317845416,-2.92706432671694,-3.0494753811101467,-4.684470136918387,-7.369429735580002,-10.75186098775804,-4.259345142865495,-5.187834394324292,-5.313084619052217,-2.8918474552668587,-2.947385404780537,-1.8831656507920802,-1.5828911406724835,-1.4531246749053366,1.4649366848806484,2.427516509279008
-4.884063996325321,-4.927534276442332,-4.729231004526577,-4.629295181618524,-4.847666066711974,-5.351234734013327,-5.141191731632728,-5.255678995920566,-5.568262950296384,-5.461194853652125,-6.580642935820371,-6.457006839744564,-3.0485142667482763,-2.37379093350579,-1.3204836398112707,-2.319328888247556,-2.1354550658675384,-1.0832483688812848,-1.7613537654968474,-2.319667012815931,-3.462277204540654,-2.720775233951369,-6.606596227014905,-9.095605654651893,-3.875114074782173,-3.7762562598979215,-4.299807724606856,-2.526690671716868,-1.4619531500967247,-1.385954142839677,-0.6742747216505102,0.015428949941835163,1.5581387780371045,1.8537190716672451
-4.322545736155286,-4.430022998067687,-4.537346155763318,-4.6397918441367825,-4.940322943012103,-5.488182411857386,-4.954979998543246,-5.10160444029007,-5.711457372907728,-3.0050124333225634,-3.7972260599824113,-4.1400016965271265,-1.8737747166984855,-1.9753473337962133,-1.4811316051000392,-2.0176099940645353,-3.579797678776919,-2.3570191170192656,-2.7366153214393627,-3.1031358506895477,-3.896811502574455,-3.624792004996448,-2.6203566509708223,-2.2871631194686324,-4.071956815698968,-3.7055015122958825,-2.312103701185426,-1.5711104193158256,-1.7919156347565817,-1.4579212791856513,-0.3053530829787832,0.9521537635888199,1.9978729824212196,2.742917211063312
-2.6681905149635585,-4.18164986372885,-4.446839224324758,-4.519159937546663,-4.104680891628592,-4.940149139895838,-3.4990734634384197,-3.1043560586988472,-4.029739063758349,-3.636531172605271,-2.9609436050715314,-3.671109588678189,-2.641329765738964,-1.8879069549104799,-1.3800343486403526,-1.7888406056878061,-1.791126384411578,-2.8576264330165015,-3.1147494384090044,-3.08566777619244,-3.095096724444059,-3.8948191898942945,-3.002396803788053,-1.9507852446010934,-3.192471105451104,-2.2391196918169824,-1.5730463112394384,-1.9422197027842898,-0.15864090125260183,0.013620194004304998,0.6698316428686455,1.8259859316012128,1.9182909604248657,2.6642963137858198
