script/wind150m.json
{"header": {"parameterCategory": 2, "parameterNumber": 2, "lo1": 6.000198445256149, "la1": 58.999992894266676, "dx": 0.5, "dy": 0.25, "nx": 22, "ny": 24, "refTime": "2024-05-03T11:00:00.000Z"}, "data":
[rows 0 to 23 of 24, columns 0 to 21 of 22]
1.9585373741830834,-16.890962607049552,-9.25718957665874,1.3065415080218372,-4.803649567055174,-9.672089007516941,-3.6315982942001717,-12.773303508412457,-9.120951773020163,-16.27062385132812,-8.396431238602778,-13.055320350400201,-19.847337450797117,-5.488528492411023,-7.12058106201702,-7.22684555936825,-7.442767425137348,-18.139366018197588,-8.49641356321488,-8.126472770900989,-15.430492440726686,-12.991788772286707
-4.063105422923526,-11.602662195472375,-16.512598926682458,-10.195961460381893,3.0193370821209995,4.348144468840958,-4.3563705865491,-12.89737793776851,-3.7768412849240627,-5.334808175362364,-10.270884076547278,4.460296832194739,3.854563198908864,-5.620987701916311,-13.189859054263035,4.022276086289596,-9.302170058494236,-8.230813647884686,-5.372524815641744,-16.146077305167054,-2.23965369180642,-8.275867864900485
-10.239063472119028,-11.542124311365436,-2.318326696320096,-7.608363916805614,-6.837214479671289,-3.4863024510532306,-6.779830827041609,-6.364202525524181,-13.954920735987875,-11.551852276495733,-8.346945656454054,3.297246919311283,-6.677016305179061,-9.32017576737979,2.1410227833757243,-9.353440570725551,-8.122812102875605,-8.99833846695309,-10.360770476628268,-11.325109318743285,-13.071836058374986,-6.500675321028982
-6.352461606156983,-9.480550357565637,-11.860615169295084,-8.250000394800484,-7.875198934075765,-2.4300986960601216,-8.600703074747614,-2.836754349454393,-11.092838303992593,-2.430495750080554,-3.163947663812075,-2.8093766812531906,-3.063404334760393,-6.907955080910938,-7.942650375475404,-10.481701051612708,-4.920131831051317,-7.6675158244733295,-7.4478145418774755,-12.04082326188461,-12.10396101328924,-9.18417252411646
-11.529835671852286,-2.3695912394398206,-7.247479208162171,-0.030176831041967084,-3.92994520166601,-6.533065997120042,-12.566186715001828,-6.764358780785179,-11.55524868334203,-17.295294494535927,-10.692777319431935,-10.475241360664738,0.2916474589861859,-3.220841761185795,-7.349359919030871,-2.349973856632755,-9.226769501796758,-13.031127997936277,-14.233667528460758,-8.788716329328963,2.610857609463209,-10.409716756133253
-12.657015467809657,-12.724227746340748,-2.651201466561246,-4.675267273907813,-12.442278672322852,3.8725725369610444,-13.226018703980705,-8.113194232038673,-6.733004658882345,-8.723977308114868,-8.522094516347385,-8.176399845752226,-8.569868068034756,-11.900931967339812,-8.520741950880778,-4.908448166112278,-13.201835374914399,-20.99746472834646,-1.807795245448459,-10.46690535741492,-5.359849737429025,-14.17417220362707
-10.932414431177147,-12.380663312607073,-7.694034126811733,1.79955332009021,-8.289010707773002,-3.90359558658064,3.138940281377864,1.887410774577978,-14.340226974729488,-9.538350058075677,-2.7135161173774045,-9.640519219494074,-16.713333298080574,-13.76772998870853,-13.249151756661803,-15.341553824245898,-7.349471407428819,-12.234678382153996,-4.0436341803133375,-16.532408957538703,-1.7210498878015896,-8.102177570052703
-16.551724624210173,-10.352912028559942,-9.470207151660945,-4.301420504681276,-3.209734788836492,-13.254928088766258,-3.677167890080834,-11.313992441712012,-10.974329295234206,-6.818629636120591,-13.291582164989176,-8.455801722532215,0.8217584396301375,-10.531039073739665,-16.419939373923242,-6.693533576125563,-10.092430381028906,-8.521495964712248,-2.439972623113966,-0.03861080663566869,4.185236686358399,-8.005358245498572
-7.549861380118869,-5.290377954335036,-8.92181441313739,-5.61344740140241,-11.132007695095506,4.524994416979728,-20.506574363771197,-9.754754574596165,2.854224055479886,3.740664959432738,-5.086075778975381,-16.08132615310945,-13.316052298656922,-6.594535477082918,-8.100773400145664,-16.660499474224885,-11.740226571176251,-9.15155757827205,-18.534973734448425,-10.999756040260714,-8.418083992468041,-14.638202766270172
-6.6752907136730775,-1.8805836893018288,-3.8606044923098137,-9.604751308782538,-5.574338027956884,-8.136371294477495,-14.80295948285473,-11.483514801167606,-12.60550270774588,-2.5979814974264315,-13.91977987190467,-1.3748935418164394,-7.681136677797531,-7.294222775567638,4.503174722466235,-2.280515004327613,-10.415997854399052,-15.880986197623391,-15.805096860223474,-7.729517832020785,-11.534573400155017,1.5355416386810532
-3.6534067941854547,-15.886402681370486,-7.7042192990806395,-15.50093470227966,-7.000617819036376,-15.284675322331758,-3.1456784954702948,-9.64002998683796,-11.330451223289119,-2.272907316857141,-15.665630632030735,-17.183166154421485,-13.31839878913713,5.1924093936516424,-24.670926776755415,-15.878967898037924,0.9777372195933691,-10.964368899218128,-10.856321781137543,-7.573482648966171,-13.305151907589249,-13.29789784876813
1.1494148015771326,-9.3260601121951,-13.057956980966718,-7.440749235731271,-3.0399329498131844,-6.152226987675987,-8.346926528973214,-14.505891394468874,-8.747389335377257,-9.314651778102437,-6.4030300138769265,-7.523486214440295,-9.460238537212144,2.565752628087497,-9.837018605059967,-6.873949236740596,-7.945379219567234,-12.200333724233044,-11.675047197680458,-13.973205742033565,-11.750293412759566,4.210817668306711
-11.203029929102488,-3.3193551665146037,5.099840095710823,-14.327782853744301,-2.271065689098732,-7.3188969614529515,-10.67547623644016,-10.739566818676359,-10.131401963156797,-16.225804752904768,-11.70964140056813,-7.909735358249311,-10.300673606565862,-6.548344783938928,-7.6200966218075346,0.657456562246608,-12.149169317544281,-22.59253871749067,-8.021056594093032,-8.830309291634668,-2.860809215235029,-8.025551971987019
-6.138868821456171,-6.635465382097407,-15.117329315310982,-13.107386328870298,-7.004899407535289,-0.9061420841613255,3.0184379435619193,-8.16038672270915,-12.715363968744535,-22.208608607447776,-7.7522698413095,-9.304076983512639,1.1532417580238083,-7.566781131504969,-10.34777888136092,-2.9438789615160137,-12.631777816319982,-7.58575841925561,0.39370018524423084,-12.976063302283595,2.55355487815334,-14.298068626160674
-4.245653284635553,-6.725547087393688,3.227262230685385,-11.215006774103376,-7.5039558706067755,3.7210744579579442,-13.642088632906157,-6.949096328167484,-2.5964000127745113,-12.149555077953332,-7.935277980518664,-15.70910464086314,-13.088435230093785,-11.096535077753376,-6.698099385373781,-7.748680443906471,-8.119513189358145,-3.5143155032089513,-7.287466716116318,-10.297817725153232,-18.420436700569397,-2.521686295715058
-8.564288263987322,4.2979643652439385,-8.577607675701518,-18.018412324485105,-11.838206985300657,-6.743647332862415,-7.040492786321759,-16.18259409229924,-8.11363876661983,-7.903838372643615,3.052891779827893,-14.253032193377871,-11.825392655110258,-7.941257492480904,-6.592191250960341,-2.3940144485211783,-5.142416668871482,-6.846059242732257,-4.747075658468712,-7.576859428432721,-9.387459011210282,-9.179891136559942
2.82670984099037,-4.378536913929683,3.9306655007948916,-10.058028688417968,-7.379280475040417,-8.643328510163771,-10.01994801403859,-12.823788060355229,-2.2119990237104408,-14.703844788852196,-6.213826469809546,4.085576030938495,-3.7505266340149266,-3.762340500537367,-2.9343729307707638,-6.632493089240731,-3.851221704953048,-13.98879302733097,-0.709575913282679,-20.181814487489966,-7.368992829551645,-0.4986329729800342
3.4519877664863086,-12.883195273218092,-14.353200543933056,-1.7729916079223254,-13.459969047149396,-10.73208405265993,-9.107496892932943,-8.7397045623558,-11.432253765240626,-10.63105141653424,-15.134908241307363,-11.297080821722933,-13.209274485047906,-5.732501845851366,-0.20271150086764875,-8.183550162319847,-15.027007365191253,-13.068215338467892,-12.390450228807156,-1.049371865829501,2.2312005108624358,-19.873110223652215
-3.9488892037026404,0.7999382027783706,-2.857626075809642,-14.830490037709264,-0.4564433921051228,-6.343082521820735,-14.221987260763456,-5.330992253789086,-7.611121910252263,-15.367388423199158,-8.410267709678937,-2.292197789486629,-6.795553768303703,-16.911907351341338,-7.577746053085469,-7.704679613097212,-16.157268884660752,-7.433860586605609,-12.780981640895668,-2.9405587169792757,-1.7786694932160951,-7.008650345560708
1.5130031533191177,-10.918075929150401,-10.192715232593695,1.949010168231174,-12.53495995734091,-10.552603874645273,-10.44444271297535,-2.681487217998623,-11.203060710594967,-2.616090821721615,-5.4913505256505,-10.487048300361488,-9.315749379928647,-13.440449202435838,-7.84331800686615,-7.654540899704906,-13.262349693701715,-14.768706426014402,-3.2929236227683747,3.6020206601771436,-0.3562698634423101,-9.931562737078947
-7.7917408667280466,-7.492288419505852,3.9724086860703123,-2.7598010083433744,-6.727576941690183,-13.906668921213367,-8.92495653012395,-12.440875534217621,3.8980943992497297,-15.179880713661822,-9.378657676636534,-7.087373009802289,-8.106639436224464,-14.369198395193637,-7.729443204364691,-21.041209334320136,-11.644583437378817,-15.287476809074334,3.0805549541474058,-6.1938272097885445,-2.3042231500426698,3.560140086715816
-9.924716826104687,-4.858775936029022,-9.82402343768672,-6.99283165263839,-14.163733282447803,-10.81512612137938,-7.381122717296855,-5.039524981665619,-16.666512393303535,-14.370486604896914,-9.934846202523943,-10.428206957001153,-5.267420543815351,-16.677310961491308,-11.31310798666939,1.8963542084013283,-15.120114193066328,-12.63732431502666,2.9845012201163708,-10.069433269683696,-16.984440854845896,-3.4820496613591034
-16.26250594475109,-7.106277052703026,-9.040088414992512,-7.839256497605925,-13.645549633010969,-14.846064235025201,-7.7297169286617695,-8.042412844320141,-15.242344220954287,-13.897060247513688,-6.700681350950334,-7.68394676895475,-16.761018751569875,-8.1397720178303,-11.05927942386004,1.9834700648688934,3.443881709653124,-12.924749541462381,-16.560343872086523,-10.106623704762468,-8.289750363947558,-16.548305064287167
3.2683325361237348,-7.856100268620981,-6.646963011035156,-12.566531344140703,-11.095330940941402,-11.790755678773937,-10.434772382176055,-15.823768662529918,-10.761057965774935,-12.703889777613906,-3.296583312257477,-7.509516180146295,-13.075624647119673,-8.357241956193496,-11.70445098922919,-5.282204171296383,-2.6748876735687883,-13.640517081269223,4.1435533377653,-3.1116759640099843,3.490403159028611,-12.307801213279818
