script/wind10m.json
{"header": {"parameterCategory": 2, "parameterNumber": 3, "lo1": 6.000027932988019, "la1": 58.9999434238085, "dx": 0.5, "dy": 0.25, "nx": 22, "ny": 24, "refTime": "2024-06-11T22:00:00.000Z"}, "data":
[rows 0 to 23 of 24, columns 0 to 21 of 22]
-0.6633395754519924,-1.4212195920081787,-3.635036055399421,-1.102103973161694,0.25125691641814557,-0.20137398348977908,0.401581217438618,-0.04104100865009826,0.21896743755003975,-0.7470051022225621,-0.5111680712659781,0.5977656040262941,-0.623941392961485,-1.0417607268383469,-1.713724976206028,-2.037079774279715,-0.06363701525568778,-0.5800599249496735,-1.059653744048562,-1.2184839726619945,-0.6165587273100659,0.632273425985747
-3.3421498707211805,-2.5450124126047373,-2.5904000279282253,-1.0207776627956664,-0.3549320374975134,-0.3609801332144162,0.21289923754996803,1.9683934101225735,1.7950599101028801,1.2468312625535287,0.6641378642181124,0.4540190882245215,0.6385380032895601,-0.013685618075255328,1.0723938823536499,-2.94043290639905,-1.3582065275189654,-1.2495260486668351,-1.1147885054123952,-0.6688243215680757,-0.7255369186697401,0.5677572935814295
-1.9111630924090324,-1.543783923589345,-0.9314354374099401,-0.5679420846700852,-0.2652296511341185,-0.4489970511398009,-0.9839859982818556,2.570154372497621,0.8080128954262418,0.7852574940003804,0.3900862958246674,0.5606150947164167,0.18823870515771804,0.14217682746873378,0.42816941112744633,1.575882467689391,1.274519724816113,-1.1977083938582886,-2.0359003712222754,-1.3384070104309298,0.2267464565512563,-1.054065828642181
-10.393568825694308,-2.0866682427468497,-1.1485058483169759,-0.9012916150546495,-0.7307971506196821,0.6286816764373213,1.9266691891352694,3.1490059815257223,2.0140113077466375,1.9906471212346772,1.096308023995949,0.520321892811084,0.9407975513723421,0.5455202098839477,1.5699806369477334,1.4207445365231015,1.351344076130078,-2.055768019861477,0.05335918942509016,0.24599061465355143,0.7083784127523243,-0.6257748107355775
-11.49663739113064,-9.106161610366977,-2.3694011539574675,-0.6998964719244266,0.6592562366963455,2.8882268153568655,2.8384354862354884,2.1478940738054426,2.8066407676809653,2.5209250746526757,1.5140249589306305,0.9963162281269435,0.4507465185378033,1.0053742681489346,0.34442114548086966,1.0271773498572976,-0.7072603799203591,0.26451612912225925,0.20859464978801395,0.018701136716217523,0.609660394605814,-0.3325260018418709
-11.179566806147838,-10.884507764037547,-8.19915604131436,-4.970694213230366,1.7314214701212913,2.917151227281028,1.0560404039678846,0.0587967565776676,1.4436087571682226,2.6928854264148105,2.812969598960001,1.972304998390103,0.39041372333198743,0.34684226392260975,0.69976795771699,0.9166433580444929,0.1787422687833569,1.2544472375500202,0.8793051919526007,0.8867683454694674,0.3540409239272365,0.7009418186618952
-11.231712010736834,-11.075803801998227,-9.656113761394943,-7.172296388277829,-2.9466655286762835,0.5201688668479577,-0.310579376823839,-2.031742676726747,-0.4060617852024668,2.563521475833482,1.5992183180051167,1.7673588560078393,-0.2058795702099416,0.39351973892797876,0.5878545901709346,0.794510112183662,0.23339371697538966,0.39002884197227916,0.563752614562596,0.09611287686298649,0.18601037953696892,0.2415983939405069
-10.760816992304596,-10.737779134139124,-10.171835632355076,-7.9921418311960135,-5.027723008345688,-0.43763235689767915,-0.46924628535151364,-3.139936308844517,1.0598309992080943,1.731761996989125,0.9002201665231244,2.9097340295917964,1.8162002272173168,0.5686163702417374,0.21826678836839203,0.18080011885646757,-0.05561794680949394,0.7369821120388328,1.2321834558775273,0.30787660455945837,0.1976769074043113,0.32119022609749637
-10.400456519830994,-10.15960122939057,-9.843856519768366,-8.313199753514148,-5.156004991266771,0.1471304092137155,0.0950955755111577,-1.0507366488555812,-0.3649349846280681,2.6002056558435984,3.356866499995761,3.222467079687905,2.5240218550883533,-0.33120421832887864,-0.2067654706088042,-0.018584483424547577,0.23510824149378176,0.8186122162875827,1.148593561253937,0.7313142139273336,0.36450943107164196,-0.43596424506618453
-9.76915705376785,-9.538903191697464,-9.187412604057275,-7.844001383840919,-5.969852865663322,-0.8456526166664377,0.09452313114599495,0.08683678610426922,1.065039718900708,3.203530153378383,3.44838812967623,2.685302800039351,2.209329698514052,2.6209463009630327,1.1265899067129608,1.2166423642639295,1.2330737206584947,0.4721275496431284,0.8707264943739408,0.460971000317303,0.08155988326910593,2.2516318667476356
-8.650841261544977,-8.677264531864274,-8.34841497975618,-7.626336098650264,-6.198469575503491,-1.4832964219297216,-0.34296771226637174,0.4841657863923462,0.4403242612741109,1.8542971000714923,2.135459365534838,0.9436749012204765,0.8609594517649727,2.401361512521837,2.1005105343389654,1.4213859948463266,1.0825750652108632,0.6632149291853586,0.3940468302361591,0.3862534089644815,0.8492023464003464,0.07594519260087983
-8.218656032269942,-7.957362356782105,-7.712758676432625,-7.3585735994256245,-6.202220679181276,-1.8706306548142393,-0.6275449967799641,0.11412950381884601,-0.16224428616769762,0.534142135271295,1.443123723378783,0.3988068904136888,0.568471693626327,0.9057125560666619,1.9740501124431582,1.6079138018276615,1.2545191866957108,0.9656997756141761,0.4953054866969333,0.5434963781542144,0.8365286168011231,2.857239847138606
-8.080539526178422,-7.745674932903717,-7.112391578738561,-7.202270629475405,-6.551285079653684,-2.49398345602485,-0.3656663148461155,-0.12467793784783811,1.0317526260847183,1.0336251258471816,2.2795094578308333,1.495862683263852,1.528901966247093,2.5474054877451993,1.9818619025697801,1.5352033506394744,1.164103759448831,1.8604068038964998,2.026294606498,2.025276936101244,2.5588329953081654,3.23994376965624
-7.992259157616234,-7.755371926341238,-7.264364736527332,-6.323840024930563,-6.366389216452063,-2.5183883223082026,-0.9959451537486506,-0.3275288841951575,0.5570234164280904,1.6113574059852902,2.236553850593332,2.0086523006292096,2.2204987945686354,1.2191788138977198,1.2648106849537568,2.042864611963959,1.2431850254792498,3.6038680525619737,2.705908820294249,2.5736848608774165,2.4118097152625446,1.9710592630005603
-7.735521543227958,-7.419625523993829,-6.883305893906661,-6.357336113002023,-5.876825062674509,-2.3942905275924806,-1.0001269109637334,0.09792480315787828,1.112145284050112,2.1917882591067936,2.305636770701759,1.144580793405457,2.3768268505976176,3.0180449366824624,1.8699042635764127,1.3775204476639273,0.5745501784061167,2.9064034509468315,3.3296941638881465,2.72938746328381,2.0832654131436654,1.6483784722622923
-6.895311835665169,-6.62674384541149,-6.534511812824385,-5.631383977216138,-5.389906846571817,-4.4066037453564055,-1.047561272521898,0.3455118243860454,0.44159243511175317,0.7860519210900865,2.3372033915528925,1.4021030259091236,1.8029079143389897,2.0332221484868698,1.7748536477972017,1.3646533305324562,2.8332407322187456,0.7694769299681493,1.9155653074455803,2.47970766089641,3.3447557133536834,2.379654965901342
-5.924926918036049,-6.174808471546245,-6.1099396245556745,-5.561110209183575,-5.068758526145584,-4.2480209011433985,-1.1925990361401073,0.6392362947388254,0.25426060890674795,-0.6695460312531072,-0.6638474350188092,0.5300262393839039,0.3635982241322863,1.3664389191343778,2.7186903015309056,2.332746508992852,2.383473738045489,1.1206431191204433,1.5231232294143529,3.453242285489881,2.722216508710454,1.5365053837999505
-6.2317512239407895,-5.767360577241678,-5.433384370500485,-5.284384440385337,-4.762066431584295,-3.4869625524335497,-0.49435027156743,0.35490486067482396,1.3857439254413595,0.8292425163441003,-0.09518773242494584,1.1415929815733796,1.29978762524872,0.697321244033819,0.5195299584564126,0.8336095767494186,0.45285277222514747,1.5181549111213404,2.4149067308378815,3.0688905335658263,2.8704998756274547,2.31841588879745
-5.43288573001761,-5.144541040981707,-5.378099775520171,-4.875543433881963,-4.290468735658199,-3.9067044191320788,-1.6416919820943876,0.07859690353933968,-0.4843780634385107,-0.5080767146842599,-0.5708215058366606,0.48836571931386036,0.00979223015303803,0.9019885276397615,3.117842361427769,2.4111896104449415,3.505994550469693,0.6060120186454641,1.5721054485082837,3.40583190369565,3.1835827495339943,2.9611527427754876
-5.347772336422253,-5.329235607909998,-5.01260054108854,-4.759539714132222,-4.093341086215094,-3.961804472003943,-0.8506834599422226,0.13341604666659737,0.8032687549088265,0.9319872536761632,0.9235196035180034,0.8081406570510561,0.9378760507181557,1.9101621520834473,2.0446092892308223,3.606886015309061,1.2246439262722695,-1.188881906239292,5.05898500087082,5.812790025590853,3.4425418683011397,2.9605811583926047
-6.02799027827859,-5.733639770866826,-5.451518973053652,-4.527530418639588,-4.279863495711065,-3.8879114072194674,-1.365839913637148,0.476221588590555,1.0773614518873684,1.659223817453452,2.4102756867659694,1.7994117756800516,1.87508049854099,1.4965686717034505,1.262467801914081,1.6232782790518594,3.3196083401425414,3.9440857567324694,1.8786251552898867,2.905012737957632,2.7857390523709302,2.2940530122045493
-6.297261555523104,-6.169589158861287,-5.211757750627301,-4.3429998667134875,-3.7535254796687116,-3.8368910608679574,0.15983301228477043,0.5093491374600488,1.4074945234218865,1.046274377653862,0.6757558696873684,1.1675963809250325,0.8796717256272011,1.2501190388371133,1.628072453568628,1.5161344422271552,2.1214464450481914,4.663396315307436,2.236478577430953,2.2921629876935214,2.7424347098688195,2.233689546161437
-6.001824763391966,-5.465096348981863,-4.233294951375219,0.4345120235574418,0.31814930169592187,-0.10185459317929174,0.5105474981785633,1.1928096346204045,0.5283435448714051,1.4010164248946857,1.0464494073142134,1.285365356950039,1.5637772572522983,1.5313011435395991,1.9967826281403507,2.8459281262485505,2.5164292240095927,2.3906730403598626,2.624097108336989,2.4941722864643614,2.0462274718351288,1.8361010643666598
-1.2818651368627496,-0.41191767243754834,0.36983554633021765,0.44494805385047637,0.8237919991006485,1.4083628553610936,1.6648328359716167,1.1124277978606536,1.3242756924394605,0.5311347204602431,0.7537569696020412,1.4956631492542496,1.3779122588811337,1.362531840052466,1.7948099810259788,1.9603697257989152,2.7681983243842363,2.078004240293593,2.6262201875814366,2.092989444398541,1.6658197521015738,1.9744998690944464
