script/wind100m.json
{"header": {"parameterCategory": 2, "parameterNumber": 2, "lo1": 3.000054539987559, "la1": 64.9999836372058, "dx": 0.5, "dy": 0.25, "nx": 34, "ny": 52, "refTime": "2025-12-06T21:00:00.000Z"}, "data":
[rows 0 to 23 of 52, columns 0 to 33 of 34]
-9.377626117856774,-9.14546977404683,-9.11882148073835,-9.214710754228374,-9.33146439213619,-9.940072233164464,-10.492092111532104,-10.863637313987363,-10.961885175446879,-11.173862374337807,-11.312595388731383,-12.61340512830395,-12.972585356578051,-12.46775528212382,-11.995450849121589,-10.153942814393181,-7.99554967700233,-6.6971050708127855,-8.6839854117826,-18.871500861210478,-11.159114774984959,-6.036197999306456,-10.624423556069694,-13.821797938162005,-4.871607810161598,-4.377226981005977,-3.355809324019363,-8.525131779724644,-5.32876882210288,-4.634188880995965,-6.857773024936157,-7.275243972875212,-8.29556001530697,-6.3423424100395085
-9.068442992339655,-9.036517795221224,-8.679361425928436,-8.585720838155934,-9.098284184325443,-9.383853387661413,-9.89900608598347,-10.144992486872596,-10.190611257653735,-10.193219007096245,-10.82013607507074,-12.727854639547653,-13.197636817854102,-12.86969711075147,-12.837849347122132,-11.269401023904361,-9.970321456973165,-7.072136133930008,-16.945338501330763,-13.195512873642233,-8.100108623960281,-7.611420871002269,-5.987931350156475,-10.366911301728996,-2.8197933553604178,-5.43887908994268,-1.5397831393121626,-4.6181149375606205,-7.296295905363547,-5.7986271235100775,-4.539000858415415,-6.119927554404377,-6.578994026441117,-7.093392871906213
-8.912852062870098,-8.569007811384354,-8.389599434074169,-8.2484252122693,-8.38153754209843,-8.304402740682502,-7.504498440624902,-6.915274963790166,-7.584240023718603,-9.375195874248774,-9.506379673493438,-11.0105116819312,-11.718928723602424,-12.53137599481379,-11.746754395441705,-8.634268578809419,-11.08748985421819,-10.420539586992119,-7.82186367921898,-8.572901465337125,-12.273191419137982,-10.069707533610194,-8.049069086055603,-8.792047357374681,-7.614026021197543,-2.3659389410007043,-5.862591371233697,-2.1585258631505435,-5.250984694875295,-7.673479718179032,-5.089498355613286,-6.943198897785838,-6.113597913184273,-6.693583845765594
-8.245545961948404,-7.573888213872148,-7.004294845703901,-6.681316998027897,-6.223282006140567,-5.637647514353757,-4.830128163022742,-4.977491018141369,-6.286710955152117,-8.390089078882937,-9.329661789097766,-9.433669862690296,-11.297861817936088,-11.511025323757806,-9.936886785619222,-11.007457841469465,-6.933475656526491,-6.221822712683735,-13.43544249076384,-5.36603236135612,-15.557309559613868,-6.63962534316854,-14.052628273348558,-5.136391970020355,-3.948744144014219,-4.174345362509515,-4.416227511776624,-4.181460932272369,-6.696926177639483,-5.483970302261288,-5.873806558318881,-6.2857539812718795,-6.056406204433725,-6.956439302756975
-7.271769388789707,-6.683384130386315,-5.738322139601116,-5.600365944714147,-5.275492610293928,-4.6935224118475265,-4.565284009368321,-4.252184266363463,-5.1153506836939675,-7.839101346566653,-8.966481560121787,-10.46700773652527,-10.46966094378111,-10.767478691386303,-12.162949051919295,-14.941761833709368,-9.090519179210348,-5.652094767506544,-7.204382991607958,-9.927084118355781,-14.259785237232318,-9.130559529084982,-3.0233216240701264,-7.065507671261953,-3.459153927235292,-4.944757136281958,-5.851789890186063,-4.910974287883308,-6.2306785191825655,-5.500154093019094,-5.866267176027777,-7.769147544835519,-6.6175223724413375,-7.094842456799393
-5.422985622766328,-5.0565554494908955,-4.752262701973541,-3.9803055760861583,-3.3683895165237208,-2.9796577303247473,-1.8464948702505866,-2.9137518807348797,-4.227506951628091,-6.7399892095865175,-8.37056027078709,-9.813937818359246,-10.821463123681813,-11.629928567060313,-7.152076424259616,-8.113965495186816,-5.102495374791629,-5.714004499109657,-10.604776235933711,-13.55322106209351,-5.909791032438636,-8.485292534303262,-4.736895124177291,-5.384268299602532,-5.782611029343922,-3.3769540282937034,-4.445864785473446,-5.530018966032658,-4.8048484747129745,-6.9840573033313245,-6.492989522347601,-5.695609935865948,-6.280725290142393,-6.091970459281723
-4.50949046575868,-4.028244936192319,-3.2329504816316867,-2.5147922834508187,-1.5947174673238582,-1.7856492937700408,-1.7716415372746497,-2.382098700564265,-4.771528915847558,-5.823021718950722,-6.085262087186566,-6.685947930867468,-7.4220287319479175,-10.969125812689478,-11.781066205410013,-8.500743853539925,-6.700044097021179,-14.439772277821113,-13.178696197470872,-7.0954351325106035,-6.414379587244307,-4.279338816336692,-7.485385865821528,-6.199216059161765,-5.466045350013321,-4.510280604400744,-4.848797844624502,-5.133076082520991,-5.57810120007235,-6.360845395270432,-6.256240772619072,-5.878838529352072,-5.936638149257093,-7.832192821694374
-3.7325866691037684,-2.2961732191629713,-1.9432514405164887,-0.9082901366839115,-0.8541500911982548,-0.5931172304753505,-1.041714261216954,-2.1560656366319355,-2.3574918732458663,-4.485704275013957,-3.6221169429274394,-3.262158636818871,-3.016018853503229,-6.629457868712858,-3.897103189623342,-3.9452666656809483,-1.8319807778111517,-6.8140854540279525,-6.923610375263122,-7.311933366149037,-7.2149616183776235,-5.26126674346116,-4.747117901601112,-5.24025379755065,-4.640658243941834,-4.77920163142103,-7.003947589275754,-5.603067260906268,-4.963088767860331,-5.003748768048661,-5.700724255366626,-5.617861614704542,-7.123416759745193,-10.693066071713295
-1.9504702404611327,-1.6236814953394976,-1.7741972364625764,-1.207704227153291,-1.0902038758044688,-2.139383748034947,-2.2243001508720908,-2.624007704644357,-2.0405927559405375,-1.47534318536793,-5.506474503990866,-6.362206687991212,-6.473823173411315,-7.3893723015874295,-5.818497617842212,-6.68047151097705,-6.69004709573133,-6.299892208668682,-6.400102165434001,-8.499656138881681,-6.653406735167171,-5.709721640992226,-1.017231007162386,-4.978582990402168,-5.114546559663483,-6.317059090525376,-5.40876618232854,-5.044138932688859,-3.4572542283065424,-4.214967886901961,-5.815805208608554,-7.183902051243656,-9.719636843659558,-10.615867941804932
-0.011753409121441655,0.02943325130386444,-1.9555771915527043,-1.6337310890223131,-1.9792965268370266,-0.7076282439179303,0.45530533664804074,-2.665370347659211,-4.745672458529735,-2.1756739785094346,-2.394970788900116,0.11656292099299642,-6.058606777229174,1.953633765515003,-4.225214000074172,-6.0021212972987446,-5.313593389264343,-8.982517732840314,-8.716974198569021,-7.482870597081759,-5.4054157427499625,-4.913293531330865,-5.224779216882713,-3.433293736650381,-4.326647517953712,-6.350419987344703,-4.7617452064699854,-6.221503200618982,-6.834074971696271,-4.907215534435939,-6.4623929278513055,-9.694518217612496,-10.135362967591893,-10.456528396882554
-1.3941154795715527,-0.6007817920897157,-0.5343710847872024,-1.226168340324101,-1.8237405792849994,-2.082385324844608,-0.8166547451527816,-3.0481121620198937,0.046557275199986696,1.5171633903369892,-1.5425582150820518,-3.5910867861744133,-0.5610525895996287,0.454643989173358,-1.4804095945898548,-5.594167308843695,-2.9214854046682834,-5.0298394340067745,-11.884634948105635,-4.028624377439607,-4.826019740821989,-4.474700851024813,-5.868459305114315,-2.68168703329051,-6.824786168111959,-3.751646357180817,-4.3394655530779485,-6.979954435738121,-4.589828432824226,-7.612889389078276,-9.854173227338757,-10.232372189837387,-10.552787965917434,-10.944963788357365
-1.8766358030473882,-2.254309304942987,-0.9587163466451475,-0.2568509474788167,-0.3466403135627669,-2.6375104365457216,-3.831193565283396,-3.1820981752740276,0.4505234276314066,-7.436678938562369,-5.751547071194816,-5.955834800354473,-4.445509839545899,-2.0729604698649196,-3.2914221160108457,-1.685688412413577,-6.6237007159598855,-6.5512694339602096,-9.700103797426925,-5.036318137342079,-4.74029051212341,-6.463674781311622,-2.7533986427012143,-3.5628830835706338,-1.8904552201885003,-4.310930880373869,-4.810430265789058,-4.773333682016274,-5.258013176010298,-8.9622995062404,-11.946122194429178,-12.295867998437034,-11.773703642697262,-11.845417642056645
-3.856737955883391,-3.401680301336561,-2.3301014932262887,-0.9529794302449004,-1.6538329752952108,-2.7742345059713736,0.919504757244154,-1.092331097808514,-5.29122448594064,-5.845900545704743,-8.578556218840438,-7.9169383538962,-1.486933031693337,-3.598958994445381,-1.27049708325992,-3.0633420359863877,-4.021240312489703,-1.9010399098290682,-4.555320939315555,-3.897387175506522,-3.2930710461094086,-3.3754011179276513,-4.845861714601327,-3.920751526946463,-2.1259637283179207,-4.5651325555282245,-3.478527076711551,-4.889143252753798,-5.442112556086543,-11.000962612542835,-11.687504789149754,-12.228607266467058,-11.881528550170092,-12.402134647225582
-3.8497179185652253,-3.8658472660403675,-4.301271052657374,-6.885476682736739,-6.740829964754664,-4.901619830268383,-2.25373228642487,3.7887481109377843,-10.493131552691947,-3.3079093827499197,-5.522229634561918,-4.0370220381781525,-2.7299304051757396,-1.5545508620124546,-4.3783227596269025,-2.059576893050315,-4.034304374435856,-4.655694931909407,-7.6090289075807656,-3.4477556924746415,-2.1274211050785956,-5.684726574657479,-3.014168722544425,-3.262221504460404,-2.306832528616857,-2.2589291452746525,-2.598977697927558,-3.3693440247617197,-3.5512262011816986,-5.621456200912981,-5.250026594510303,-6.865919911954334,-9.222594246781046,-10.735581003201746
-5.341615307565021,-5.752919190878922,-6.537992551921076,-7.802113167513919,-7.2107193793970925,-8.981130335085993,-1.0493893655222126,-7.8325442327326105,-3.596843927935359,-4.326973434984424,-2.589452143527471,-5.307850313911906,-1.7197205004234362,-2.599573156830445,-2.709660192801653,-3.711895342259429,-0.26132396125610174,-3.9351576614957144,-2.304259877707126,-1.7402534353682895,-0.5968223297146817,-3.2722675592721076,-4.339322065530025,-3.4332801076271977,-0.9696517586323257,-3.184719626119979,-3.048093997337625,-1.1629994416579714,-1.3364288518824567,-2.790796691727829,-1.2875077751620998,-2.6237515992504776,-3.583990181925628,-6.141242126278034
-5.471717687114307,-5.026574325388652,-6.928097141448636,-9.201370427259029,-7.297872041902894,-6.130633953557131,-8.178391667386913,1.325020334877594,-3.5313633425124498,-6.9662273843897955,-8.435653148455959,-5.6217107814186456,-4.176498925459278,-3.260995323661527,-1.4816535763622314,-3.7267944951765153,-3.4496977086463176,-3.2677784670493613,-4.027656917915104,-3.5803384240498186,-2.5870333373791627,-3.191260642603035,-0.22232600706873004,-1.4917256495706803,-0.3993898273707608,-1.2906502520119758,-0.6117712184263413,1.616663338304576,1.1589513693021478,0.09587146094104322,-0.6190830701745317,-1.0725059785442064,-1.6061638281028583,-2.128189178426889
-6.551170690654896,-5.786727850474443,-5.462462878457581,-6.36356973576231,-7.8103989831613685,-9.664653187942207,-7.208215309564646,-6.527543547986836,1.8192689761879661,-8.550916488228491,-7.360408617389763,-3.3580700230132394,-2.3044891661795237,-1.2104001210818625,-0.6214298475454791,0.4724370499497882,-3.4030426992297484,-0.5225282802526391,-3.4188862704046117,-1.5408172619705676,-3.9438153237824642,-3.342174630377245,-3.9956442871946027,-0.3737540940167472,-2.3429851960471693,-2.424092611900452,-1.7042536183544696,0.8541944125178794,2.8271483120473673,3.599474024108413,1.0878868395730283,-0.1320460961894054,-0.6286176559482346,-1.0508171470056706
-6.898238877838587,-5.7791028274594005,-6.09391779919802,-3.770321423870595,-3.0830961529089227,-6.759856374185066,-8.225320423228244,0.8639543877912705,-9.322539186093255,-7.587145656306863,-4.719095151071786,-4.708389237930046,-0.9649959390134055,-2.085443824671841,-2.1408084530761062,-2.4032652572481497,-5.252353343608242,-2.740204100543338,-4.283907317601816,-4.589419209800748,-5.24046240445437,-0.932417443382814,-1.8718475382896216,-1.7596546782855043,0.5546763714254223,-2.5891809969571447,-0.5609294015113631,-0.035506413708813446,1.8723226889751097,2.8082219593462963,1.122843994111547,-0.11978326028827227,0.3273187537805536,-0.518482298547854
-8.129614245354494,-6.219725012734316,-5.637499365523756,-5.62737944208342,-7.823827423244355,-4.137232721011408,-7.85314681127304,-4.594928270177685,-13.748277118567046,-7.19177432377258,-4.797298865657339,-4.213491514579088,-3.2840250447871404,-1.7146074160290177,0.20093504333516587,-4.517897990293729,-1.934691596434372,-3.305852509840963,-0.03196697292800958,-3.2140439147628883,-3.072333419856604,-4.405510265819122,-2.8322802059566525,-3.4273868768263855,-0.37611839557245785,0.011418357675147924,-1.071522340030847,0.14549355029615665,0.7421946623844768,1.9047179749909489,1.3837480988393616,0.6030308245236876,0.9351506345005614,0.08251850634543907
-9.711337807646789,-8.211288500043306,-7.013121493906365,-4.5639037200777715,-4.682180334028249,-4.218209617276805,-0.49248057458684974,-4.347268895162041,-9.931045847054126,-6.9462544974880025,-5.246674781621646,-5.368921067897659,-0.2661712638211082,-2.0311398935116745,-3.467136740004264,-5.09096613176776,-2.169890344565049,-4.165192257923557,-1.305086199116925,-3.277604428541001,-2.31862422548088,-3.944598968868645,-3.8913153358301336,-2.129383875593608,-1.1217730298250332,-0.733917882841392,0.2833953450530158,1.3065616644573705,1.6554013503509621,1.6406481467663434,1.6565736952560337,1.1374655287613455,1.25004238543705,-0.005318417678304532
-12.37518213616154,-9.93325005422754,-8.47834537261996,-6.96664896367178,-2.602669341016963,-7.0754362660299295,-14.374539226763345,1.2668272076023541,-13.935292054001343,-6.193804940119691,-7.083502649210778,-4.517673621867406,-3.6439264879768953,-0.8795539195693798,-2.122781712856915,-2.9426149537474746,-2.516500578297259,-4.179984922837772,-2.5983612386258508,-4.5469439344647755,-2.3671423150249917,-1.997142763126449,-3.6499483887032125,-3.1897631523905314,-1.994546063320736,-1.1786216788305337,-0.41836446345448186,1.5190486923066873,1.6578912390103762,2.471691398400158,1.7381788432174212,1.489445086296328,1.651310260039345,2.013249501846331
-13.271739731890117,-13.401598230924677,-9.85818782636661,-9.16371668575278,-7.0969407666736695,-4.596313975140601,-9.760151275652508,-12.327982279393023,-10.28025811743238,-5.1700207019054005,-4.23114071630106,-4.8863186195609725,0.8899279136142191,0.2247031473352721,-1.5284555717776338,-1.0282108124070846,-3.9171766361889526,-4.915936160392824,-2.974695143424444,-2.4298293297241673,-3.5371228790530154,-3.740928349372256,-2.93310167418136,-1.9406683567375966,-1.4906781384022376,-0.013140896412085497,1.566218241782115,1.5578485414469136,1.7111728035197142,2.362025064977164,1.2690536512857673,1.1278388952158347,2.0737544455999166,4.040689203857969
-14.494354525371767,-13.813912735146348,-12.187971253415604,-10.308356496698163,-7.847969309119232,-8.378348001701191,-10.16716204024354,-5.854479122458056,-10.17097309527583,-13.951705505708276,-2.359454999841727,-6.0961032452999895,-3.766347385974051,-3.065390987671375,-3.181589318906148,-3.7714096283456313,-3.563386901226463,-4.00162503304044,-3.489313377475997,-3.6533440930698005,-2.205744957829442,-2.716615532046857,-1.8503855105918052,-1.185838262490358,0.3283247349375699,0.8133632149503534,0.8847325723347859,0.824991148442403,1.0189555151236895,1.4704384600946514,1.0109161877352608,1.4466403848301908,2.9453802101564595,3.2713566520555433
-13.645485053559716,-15.014496035453154,-14.543232727942533,-12.089239516767197,-9.29401189524977,-8.995920876857316,-8.67900287233262,-16.77286883150092,-12.229494960013781,-7.2326751978891295,-1.8402475283433295,-2.8510743875373694,-3.201229385344825,-4.856416912008551,-3.567171645869357,-3.7292070018288888,-3.375576353607937,-2.335918892159483,-2.8770942554105705,-3.0180877477572485,0.41862796158705873,1.2063843410274704,-1.2257466979933835,-0.73819831144992,0.528977673605055,0.7540797235213228,0.776465387829285,-0.2665207693635657,0.3089245011579165,0.5127712159611365,1.3864163576561586,2.7658120695448556,4.250873307121845,5.007855848799146
