script/wind10m.json
{"header": {"parameterCategory": 2, "parameterNumber": 3, "lo1": 6.000027932988019, "la1": 58.9999434238085, "dx": 0.5, "dy": 0.25, "nx": 22, "ny": 24, "refTime": "2024-09-27T17:00:00.000Z"}, "data":
[rows 0 to 23 of 24, columns 0 to 21 of 22]
-4.245502578515081,-4.412242913771376,-3.3358150055106996,-1.7380418322449969,-0.788494639058364,-0.6719184572449499,-0.11855718759671378,-0.3538016968843801,-0.716912340808331,-2.842227246315493,-1.3863315011781834,-0.5227890273716914,0.7356723260616588,0.5705445775058566,-2.768539766274101,-6.019971672544875,-1.8049454961317069,-1.1532390024229857,-2.058440941584765,-2.0605269808493873,-2.403913141508711,-2.0851241071997757
-4.89683395871409,-3.5798597718441814,-2.3833300984311174,-1.9003828847108575,-0.19698589994218857,0.6916853361499286,0.1379748347989922,-0.6183112588670662,-0.9415552581715484,-4.505465926701705,-3.6980181656968973,0.8533673153204562,0.3785222596715259,-0.16711901204249321,-5.381365382627874,-6.676187339227119,-1.0115237965016366,-1.8173571692675838,-1.5979085988207047,-1.716296359597237,-2.035705481499162,-1.9256622042863254
-3.428788038940286,-2.5865597569896974,-2.1130560603766675,-1.3329793266229772,1.5087053372428563,2.209481518244747,1.833337497871158,-0.8153028654698474,-2.951937468054996,-5.214447860909389,-3.1643533651180378,0.27923109246924094,0.1143605824352788,-3.1850441496140514,-2.7779461887921815,-1.166298179265634,-1.239367628297904,-2.7666756296842983,-2.2519655422929796,-1.9010918239183607,-1.793017370438246,-1.802590575818084
-11.287523815872328,-3.247131615920011,-1.669988799125093,0.31244167698181646,1.4469802109397918,2.430193547205543,-0.023978951674395347,-2.081695944729764,-4.464654737534424,-3.575700211214666,-1.8818721961168938,-0.9825820307059017,-0.7388918354635253,-0.942784584577869,-2.3838896357202373,-1.2120750892468801,-1.4314021997018942,-5.444003013667344,-1.7090124522514427,-1.7190727566352464,-1.4213900602616762,-1.111211132403681
-12.921212357822581,-9.362051978207228,-2.8840262826027936,-0.6448926565072933,4.523516003565609,1.105777212086131,-1.4680652954597724,-3.570598414022075,-3.932725581766901,-3.0812041216479633,-4.114708885980873,-2.439057221478453,-1.5633631433906123,-1.4622447586758014,-1.1943764091276654,-1.0045400613605768,-1.2667229312934571,-1.5231815911306557,-1.336554904988085,-1.2340480874374566,-1.1220459313150777,-0.6868235962160059
-13.411959452605299,-9.97590615350222,-7.015232916897664,-3.234552542095306,1.1961604944941155,-0.706169531093155,-2.2545166646514265,-4.465403528923311,-4.378317465545385,-3.9383848823883123,-4.733961347088295,-4.282093001696362,-2.336565552860347,-1.1768125159603409,-1.6031018580130596,-1.1853388341510955,-0.7547164304968673,-1.047655196998081,-0.9467650263578745,-1.2429060510767553,-1.5799581556551854,3.082566127980371
-13.111866607674317,-9.672666016704522,-6.849738267567014,-0.9743573960991034,-2.2362001658831314,-2.299120957169735,-3.8330687282789295,-5.156735090296256,-1.7495241614093224,-4.62233700972309,-4.087139799865686,-3.582977189847449,-0.6926850423304081,-0.5869953327219755,-0.9667991342287031,-0.8520514301755764,-1.3918078640822424,-1.825830932819665,-2.0255203773327697,-0.8258757020082078,3.138188265945253,3.0885482029174156
-12.809389179190388,-9.095644883148745,-7.120817543819891,-2.6777986506410336,-3.93643597306422,-3.9781447462518926,-5.270139778379523,-6.159732956924082,-1.0797776699640769,-2.443866836975646,-1.068873287947733,-4.242116270229954,-3.0204991922255826,-1.1927784763704568,-0.4602105307895545,-0.6823824804018079,-1.292690293381652,-0.8552108471018255,2.6267742438970028,2.8181550575297862,2.6613240966861182,5.279125066562928
-12.530819825862219,-9.34552794950807,-7.423717837951452,-5.019065828001345,-5.393016786117324,-1.5491156743803673,-3.606219068065734,-2.799330445320419,-1.9169337291145865,-5.948808427320025,-6.3586484135830235,-4.922314818841695,-2.585032068423553,-0.9424912664353949,-0.7134659959038722,-0.9320657134311893,-0.0508495222043774,3.3664406155761286,3.5749112672770686,3.4410228694176217,4.388777294111666,6.948742437879239
-12.939329235252957,-9.404360369782433,-7.470229067864397,-7.087106301716819,-6.476599866775039,-3.4123822477720345,-2.9804075692213536,-1.5954264299035197,-2.356754067683026,-7.732389373150701,-6.880698493513783,-5.48658048037741,-3.4869000072343597,-2.2535061722556025,-0.3686300995281997,0.9087219316388802,3.237158929698246,2.5695552451352675,2.5932887684323935,3.021252785914182,2.6912778710683267,8.5494874867716
-12.244876912576359,-9.880599729142412,-7.879097247597221,-7.951996418316196,-7.855407260632745,-3.9820650955309818,-2.010614176946921,-2.1935520939007747,-3.494758541482418,-6.910826860627604,-8.09002776710885,3.9413179920830856,8.379589839530613,-0.22712799326476787,4.327541021077157,2.9373029128495327,1.9189764972178853,3.315204774656522,2.9311319705908807,3.271873059803488,3.684070686268526,6.238450928199981
-11.98965726597567,-10.628090132693975,-9.210914775576587,-8.584947246689824,-8.51231900292029,-2.3461743682545064,-1.9849237295280202,-3.274683455857338,-3.3280380498648583,-0.21398314364773743,-3.866269941654159,7.357030646057904,9.31016157734079,5.513310510248007,2.8190825189763165,2.11718044505863,2.602288970423819,2.1335590819569084,3.2850421955877636,3.8714014714059957,4.148574159097294,8.605659333989305
-12.083688444941318,-11.490711416638064,-10.415358695557092,-9.471810741255013,-8.439788417205623,-2.712320776135383,-2.2895783185673015,-2.6882215634861018,-1.7960830504077097,-1.6639853011379508,11.533379510656196,9.17128985052784,3.31060300277155,2.1702000460982567,3.55336361635073,1.83895547947386,2.472069665448507,7.769115762471002,4.931527320467612,6.175189948011255,8.835061890567637,8.64972997522099
-12.57606463289895,-11.686670142134707,-11.015364728798021,-10.513780525344735,-8.476432864484677,-2.8504749205846096,-2.4170392240250647,-2.7473921862337414,-0.6684403889040087,8.26698812702379,8.56752680185118,2.804080822632219,3.446963409246705,2.280995092780536,3.6601080096095377,3.9555101856063155,1.8605260346350647,5.1749614395911046,8.532228699367643,9.351809837205344,9.429666010550173,8.243552141313565
-12.992627159387249,-12.163026659496193,-11.745341973909488,-10.757522856848574,-9.163663445530194,-4.157152808341919,-5.409505323336958,-2.6803195175986017,2.0614682697295694,5.8934463066181415,7.137997340724094,3.9902523765225775,2.7239972185003047,5.116621484871753,3.38723342804224,1.228114675111717,5.960817644051505,10.644561178427175,10.37009561331514,8.646988720346007,8.518093045819287,8.9908605411501
-13.058984448812469,-12.069879835187981,-12.59102737990995,-10.93423021334948,-9.784351328628906,-6.018304968144527,-3.5666034693017914,2.184634351504023,4.15186209731126,5.447161398215517,9.16339729704027,4.867890448822516,2.803725091220583,5.402611070347895,9.455046302208208,9.46013732453295,9.767786704667172,9.618273150420478,6.196544450032618,7.945880791449164,8.65208569482583,9.354001644131902
-13.305640256185649,-12.941120293052402,-13.456439345780383,-13.887731604806353,-9.885564759637306,-9.981881089286876,3.4473837906229954,3.1784183498298058,6.9320353249875994,6.646448818552654,7.688223524374201,5.131262549157226,3.0446931425378385,4.8095225240371695,9.158632897215446,9.212506191344847,8.970879149860437,8.08106779354543,5.189607776997347,7.926183444177752,9.42353650692153,9.787724265023181
-13.463102077579665,-13.846630709707908,-14.62880268992313,-13.352520718104174,-10.618266236366914,1.6150534930396296,1.982035205645831,2.9703997748341178,6.701876880695641,8.553078573467838,8.057729515842508,5.543714461834862,5.01554706591227,9.25041256573891,8.220112103027688,7.5299427535681005,8.285768428830464,8.03375058056409,11.848928504156989,9.990728384929668,10.749966823901053,9.347055654866711
-13.754148557033975,-14.460064794703676,-15.387388757174119,-14.554903833266122,-1.1116152297920794,5.409961981937508,3.4841077876009123,2.5886488176461206,5.798593962248078,6.7797746431538295,4.271380211407505,6.367627638962197,7.9910233303571685,6.327834402357978,6.664154476767457,4.505519285450348,8.978427461723175,11.355896738713394,10.077980819620597,9.537552736106013,8.355176507778548,3.8873321036907296
-13.924235579741913,-14.93704286173442,-16.592425661198163,-16.24832598221579,-1.4241564253038967,7.7926675826666125,4.459471402472676,5.864111744626254,3.8708467627983594,4.159387911165871,4.974953016436433,7.959066276818882,6.473878126122619,3.7140196859433248,3.363422704959255,9.718350927437946,9.917891517567833,11.332381127334553,9.268979626954561,8.195199834227846,7.444130753833362,4.56790544942085
-13.86898726839187,-14.905590618193948,-17.1830579683373,-17.70665405168741,-3.2685201317215355,9.147059703255513,6.837157334116597,6.4691329209405835,3.468327628022261,5.540783276726394,6.756961872680172,6.030622006205187,8.281374829070087,4.6080690850713095,4.054619078037557,4.335067343319892,5.801048465606612,9.244332438876436,3.183110513911224,4.224805391099404,4.7034669238229885,2.8374435548694885
-13.767742870808203,-14.428972823759558,-17.413054846786224,-18.995722865145183,-1.1592805014427208,9.125040552004805,7.785739261102761,9.298460334536216,6.508207067239408,7.502713107540538,4.524570014502405,6.51270025499897,4.808991194233413,5.62397996029504,5.721056477541684,4.879623811531647,3.9460793251076764,5.44071109068597,2.212512038801448,2.4379079723005823,3.5101097021663987,1.828620062029877
-13.244202936999248,-13.203557991559807,-15.639890813875775,-8.462577190311562,-3.638285923001931,9.805170859918864,7.094436792282978,6.933352210968693,8.08514853546901,5.66458339286613,4.195400092914438,3.9277325315261242,4.924531420262268,5.84234777407699,5.9494938077185715,6.115512457265959,3.0931554592366464,2.3293938048860845,3.0912676638009287,3.0304538890428923,2.779010872007826,1.7793426710100624
-6.581790697869358,-6.023505939434659,-6.702433876037295,-5.585926934216845,0.22849192801380308,10.05274680674737,9.84210632684211,9.411033731924748,6.01327966893136,4.974086181622675,2.194253263062365,2.733075454728389,2.4579839691376524,2.636483355972058,3.2814260219736013,4.6645214259027705,4.483702475096362,4.438305497446919,5.9349778351166504,2.3850341476550763,1.5010463975447288,4.418738456718501
