script/wind450m.json
{"header": {"parameterCategory": 2, "parameterNumber": 3, "lo1": 3.000054539987559, "la1": 64.9999836372058, "dx": 0.5, "dy": 0.25, "nx": 34, "ny": 52, "refTime": "2025-12-14T07:00:00.000Z"}, "data":
[rows 0 to 24 of 52, columns 0 to 33 of 34]
16.77481119631946,16.11433433014954,15.293374833795587,13.358495014562846,14.137301926312231,13.74722972865574,13.310157700245727,13.379870059177183,14.890438865061796,14.731298841822046,12.433410084646495,20.681686108008623,21.5132526459483,20.922858527459514,19.951083915133104,20.25401097939174,20.971860857045915,21.894607053359856,19.06978381988001,21.57824467511253,13.215820883896564,8.759395582587356,12.76923699736735,17.82949521601601,16.07581984375087,11.742286834337989,14.061928583562029,16.499938150699496,15.038997448626814,13.991589092671173,13.074611148028682,12.087592482492166,13.677911553283728,12.64771012554474
16.93919602744268,15.957677783706481,14.62969720900129,13.751909204121953,13.134031822627017,13.282989464819963,14.183555899440252,14.23310691526606,15.6172207045522,13.029630519783494,13.860244027001526,20.046707406354713,19.335525925207097,19.048466392525036,19.529572026348742,20.27709327240156,19.16480846694114,21.497830436307705,16.291305850849106,15.592592932865415,14.647319504779093,14.139089949810888,10.366670201566317,15.889965248949483,9.464418040342524,12.126161778302881,12.57275196958995,14.509096203892891,17.30014311465486,16.08242585962379,14.492415511125378,14.943190602108617,14.202701308561469,15.01804207557023
13.462120879140173,14.521501073458616,14.18361305581697,13.387944056974769,12.570424591896389,12.68037612920124,13.488343912749473,12.993456653580637,12.048756839889814,12.256235250385265,15.48560340310661,18.95425447907027,18.270061736503223,18.232821514226764,18.353018515367964,18.57559176711771,19.00570293690406,15.455761043000129,7.5146829151405745,14.690977051720475,10.314459537794859,12.467755438083032,9.939960082203093,13.668821538432546,14.332191293518804,10.11190373339364,14.354604252325931,15.959530068854836,16.517580949928522,16.574752645917872,15.942789768460429,15.02121030133447,13.98948456973329,15.522530717324306
14.668065079875387,13.550459430809333,13.704080446801354,13.914819712809482,12.926895231238317,11.95685761800737,11.295058824412042,11.73067190131515,11.884004930977069,11.653704088289375,15.253945752270411,18.91503695038109,17.111700461272683,17.000038860951516,17.63903777599327,17.81119747119881,15.670051909715731,18.47405650121439,13.222046104173321,11.048935911044348,9.635628494950849,10.295189891905165,9.841802895067696,14.103212347997706,11.640716367639968,11.767765928961389,15.170392042492358,14.891932784906214,17.277219010173525,12.487563515001927,13.162670617970782,14.769475221517734,13.799613219585574,14.07054169376899
12.013139932899367,12.577537402268675,12.053457608242356,13.137196116054236,13.68984601922514,11.36767653132868,11.204740478302135,11.748698284327006,12.88964897114571,12.96181859981102,18.793600477855883,19.26891579208905,15.430969598794947,15.089975311219018,16.021612323175592,15.323399701389341,16.399825559313726,11.629255588426753,10.341768079022689,8.781175365244035,8.969129079824668,8.264477936181127,9.252563185072585,11.881459685121948,12.87712136654622,15.163285796653343,17.207769165080173,15.030049458706726,16.71972994318376,15.591017624019251,13.422010495558371,12.834090796261968,12.985069594026314,12.021070448329231
12.981915635081892,13.12666526292668,10.692093298321788,12.551237650263358,12.37905556393514,12.943233542281304,11.178219498857505,12.69833099979576,14.227776392027703,16.607538161123305,18.082889567509554,17.847479272226437,14.156624588876356,13.231449344165686,12.495889482111773,11.679529906850158,12.901602228874214,15.561908048103609,9.87754380095001,8.871494392740617,7.2407257201878545,6.233946787156935,7.095131443558016,12.56623228928224,12.019623503297831,14.724395037198263,17.150051523657975,15.315849603800311,13.94149920704347,14.336261924638023,12.994772669341975,12.803001686345707,12.487926704155761,12.513691778124125
12.143150388611877,11.360897113634252,11.609695727226741,11.05492483806034,12.092769382729825,12.326556728420995,10.45476601278964,13.018676792457189,16.59173834288036,18.16010587831001,17.325250199338086,15.170438437885828,11.085188307831027,12.72755647131673,10.250564115550253,11.00092197129661,13.104047169092427,10.899958551035352,10.187960363346178,9.999972824847639,9.009584421208936,5.8080625115488065,7.840755432187268,12.65964200630689,14.814409165286602,15.845641676719772,15.769743589860804,14.756443772022896,15.073500950679222,14.896913825955414,10.771205422272905,13.912033117926441,12.072533486260609,13.749597431675616
11.812501892533476,12.425336534982355,11.124226916678017,11.231026302178732,12.154779776030948,10.055072281814455,13.501683450299481,14.389183635679066,18.729731865509603,16.465698113027823,12.035393175814908,13.812072224976214,11.938115765355457,11.743993690332523,10.110222346083974,11.48292536273515,8.805640900572971,10.246204895061812,8.843480847755242,8.412003227751951,7.013497492015034,5.741892856262288,2.990453635389836,14.530355093077812,14.436046373792387,14.678319325851355,14.649698416670262,13.865342229169983,11.732305001571318,12.382848415500485,13.639417987646981,11.357524859488729,12.601535689758757,15.368306502648796
11.801726828674338,11.560378786345586,11.361373069996585,11.070642898012508,9.656498473461012,15.544206967579902,16.385586402520428,16.117919840628858,16.875457588326103,14.840727943054954,12.416455449632425,9.784829600172579,11.1544064947632,10.37556939832544,7.9210826719928225,11.45929509886199,8.735816286201189,4.7181994246652765,12.858573631104568,7.635084682713852,4.00647869149007,9.78486796179014,11.511995625278539,10.85745932092228,13.21947182075978,14.449812263772825,14.119712748379634,13.099789399304969,12.577928520499755,12.515018831046914,11.507005780034854,11.04103981909131,13.79329960227499,15.324512628941589
9.968636075194944,12.706310020325562,12.069444777453775,10.814287778492911,10.55600787419769,13.173077461529632,11.87182012592773,13.474237754886905,14.005698708212483,7.364930547368267,10.164406912503443,9.006626654326475,6.6741736933561455,8.246411692097245,9.894385591161424,6.769949270457761,8.645100373473618,12.824645803649764,9.831407702866588,10.20174779085601,10.553899054716416,9.645517435483487,9.020736862704716,10.341100660266923,14.010199710500405,13.28858261929371,13.164584573360514,11.854543658080802,11.778706469791333,11.893149040762792,11.84921367149404,12.21438664522986,13.065983052283675,14.834816534670287
9.071694079354295,10.891464442914707,11.589714285952365,11.328954910245196,10.272492953602276,9.216359347187664,11.948958197228492,11.232593666857957,14.060065454781908,14.74298153323102,8.270629896377265,8.90835800350624,8.905007182513433,7.270010617333173,5.85223282855972,8.35865890115735,12.281179925012395,10.529454230165227,9.922295646532548,10.882469689394823,10.764045608292117,6.997639028562907,9.423700554322359,10.918300425891202,11.695505469638128,11.7204070224065,10.45157669411315,10.127772137387733,10.118121932961143,12.043989239538014,11.549428164896998,12.288650112313702,12.410478937768511,14.52759304713672
8.023042271351112,8.946339381204973,10.703035462620397,10.331821549487042,12.020895071479739,14.305335923836148,11.994095691821833,11.367553156029897,13.382246372526671,10.611865187901852,10.58671352141302,7.806583096136956,6.303426603017974,5.214231104969232,7.332995103836048,7.3416768471763865,9.320994593245189,8.518971501181628,13.672950964374802,12.195811243179088,12.275949194264578,9.638194010500237,9.908696920995707,12.253789744122868,12.044052685709357,12.362143723555963,11.693108674764316,10.828947536007611,7.5229018896630215,10.955528226474144,11.00518755356377,12.297051049204512,12.238642609095757,13.614169082208074
8.939198500687464,7.766031186411239,7.864122399327391,8.916088873711617,12.9470911284647,11.019139009868907,9.791524654447752,10.342019869495807,15.300505441998181,7.391669152068448,7.90764870432308,10.967996654592387,7.083629757460633,6.694578974035014,7.881083500858911,4.0806584787424915,11.997881030149294,11.344173656948305,12.39117916822352,8.761212039634328,11.668401363900237,12.97908613283156,12.672938022757528,10.71477510558891,11.944056288884898,10.912447158697596,10.422753931349318,9.892371822215416,6.816293037580416,8.045583625036494,11.65452527841251,12.114430999624814,12.193644499851892,12.46834755576443
8.796208229162268,9.180399163885104,10.619705851866717,10.65708934143659,12.432973051254265,13.994255965185575,13.320379082749554,12.170854171464278,12.009417701294653,10.88880629674563,11.645782674069574,9.210708887028378,6.333106033437299,5.313258698702274,7.866224753759883,6.901765207109746,10.047225258283051,10.579169790734912,12.643874833584057,13.463619902837266,8.7600173633035,13.790191686633918,13.57212758358696,13.56976544919643,11.385910579598873,13.122712984794013,11.651737388464607,9.43148562539306,7.348074657468221,6.799760231013046,9.190956372348355,11.848912050870688,11.936245670543455,11.89071539210824
8.506447666199666,9.18897731516738,9.566938129501281,10.974274014694766,12.697576872810311,9.478918615963206,9.708836821059847,11.630660676913179,7.730012722021916,9.549075160578532,6.9949423302420755,4.880131674181963,3.6704478286739852,5.1181184375491995,6.424654562896607,10.049733247103783,12.749252125165718,13.021046462990844,12.162551770745882,10.511309151452009,12.511091849250553,10.400874956255313,10.79359423313866,12.613857819737396,11.883456133796479,12.368652744501592,10.274982138201592,8.960427359659393,6.615660552407483,5.090124718970124,6.305440340242193,11.178398703121182,11.268612920111373,11.08863291867723
9.171506664735269,9.59646579613326,9.071651658987301,10.752098001483622,12.208794039280544,9.01831360106761,9.723249609218122,5.481305260508107,6.804921591677901,7.460865041589087,3.946005864535511,4.873795266288299,5.411526919274888,4.636733879092549,9.140535782111352,8.936312200308574,13.476742668041524,10.901031315087648,11.080495441704759,9.825727589978628,14.747206146056286,10.17888234481541,8.329801866000583,10.760027485195296,11.96007777486477,12.347119902036177,10.71596439344059,8.9157836062274,6.846528378052313,4.977658505710652,4.6932947970720935,6.950041443169618,10.467603164166068,10.624261042869438
7.83513563019682,8.810639115461312,8.678044919494814,7.758775146693955,9.74735899829227,10.230631712548274,9.060293440813977,10.63246455889835,11.646388308361425,10.488245169231607,5.800673100274292,5.1386460880865075,3.6510038784875345,5.41587900626861,7.523165876270165,8.841071264406146,13.85578006013703,9.07139086076352,10.400685817802659,11.31482753101418,11.765767095919335,12.305128672401015,10.695141567234408,10.13068064237316,12.33579196189152,11.39416627688709,10.010283861352022,9.19206841266312,7.518650301111204,4.882672581013245,4.311916570551475,5.747361367150416,9.625316859069121,9.896705990249922
7.712711220791284,7.080133219378731,7.574307184823306,6.563092643626159,9.25852011231927,6.678951986544114,9.854111053262939,10.872219169271235,11.959657136727815,5.306545773309017,6.579149291505728,3.7339380757890193,7.027999026084172,6.632555415605798,8.252492918109185,12.46368370624196,9.192576164906939,11.249234353377688,12.290006378404662,11.03543183931296,11.401661200962506,10.598879998572349,11.789824522250987,13.563990871246784,11.741948589976936,10.091812965978555,9.504483682223515,9.34780523467762,7.934162753783317,6.71635807843043,3.7146567472756757,3.778898757322373,7.496156557691012,8.91498479823314
7.792395014773455,7.204963061689546,7.0375505060325425,5.917367323922264,6.926693721481995,7.024112217773215,7.426680633869159,9.164891696071107,4.389539383808975,4.446142363729987,6.128967846464438,6.110200952895321,5.264132813489519,6.515917113005595,11.232825066096401,14.831674449350253,10.38029966212973,12.184490768409892,11.861114735472306,10.342818353932486,10.977404978899433,13.045231108365366,12.346514080907612,10.76203240267553,11.862370029209705,10.356310102989998,9.898615529627143,9.087077318262782,7.998654608532067,7.696281114009115,4.694156301919967,2.6116802800857077,4.783905406374274,7.862808945122405
6.18644361070915,7.6278149399943995,5.920104182758364,4.982595248869121,6.775115592367517,6.787982538574961,6.3769030088618885,4.850029336193588,5.553077815433296,6.532859407886024,6.519409799485691,5.044413919332015,2.8639862906979303,2.7952580810934133,9.331461041199443,10.109403612720106,9.589413474564683,11.119364982185381,9.33523604339055,10.644072956288543,10.257061234653387,11.822116464429008,12.964142914274523,12.55638021680126,11.018515387981056,10.15701314092613,9.563907859577231,9.207215412271738,7.569085445218645,8.098512903814315,4.506430283707989,3.396796126732759,2.867744588030482,6.667499229886832
6.434568888633899,6.590997824503775,6.50938423647884,4.856039845269769,4.076929339329338,7.369227563844238,8.613689475102422,9.670423200832536,9.517680549051374,8.010601482389795,6.103191726005863,4.78356138658857,5.292281785647549,9.871703163486513,13.207560131511519,10.72626778352461,11.192233646497261,12.264985268675558,10.368015876895717,10.512544027811236,10.549342095630232,12.841260590165323,12.312796825327128,11.729011234597493,10.587081813968606,10.067368689006432,10.156214675098516,9.274303134384256,7.808051567567413,8.001836266712045,5.050568404678061,4.3317013425855375,0.7785951296130115,5.793160347362185
6.36268244788273,6.694169770870912,6.538498760819123,4.870956872251612,3.709056619427879,7.035319551507011,5.494626842079382,8.662542760749133,7.835513936818928,4.45289079056322,5.177734958261438,5.041929489306241,4.774594428910545,9.542712862272767,8.5734439249468,10.762295467062133,11.722485145912136,12.163886695410444,10.820297649688822,9.458797588835425,10.633546550792873,13.40581205800879,13.941651979115926,11.717128420305727,9.20648954259205,8.551628117087498,10.37968544606686,9.95473714736211,7.18207613727553,6.284421539032006,4.26044772476851,4.048395847355536,2.0499562928859723,4.019711089522199
6.757024323475277,7.852146201260824,6.594286563187483,5.126572337858215,5.088348331553384,7.4344762187209374,5.053421822718593,10.214036129680428,8.322418041394156,6.570252832318533,3.148200724415353,6.084187094557729,7.9957081952071,8.686102137347728,9.315612225150096,9.66453882193406,12.836299450511056,11.605593894447354,10.190374318209976,10.028001754007215,10.15564207389801,13.201363543648936,14.128027451779108,10.983319097344083,9.514046863372304,9.42170597054698,10.124212608687193,8.16984681978113,5.192757084631661,4.825503281131268,3.5363392323422405,3.9963364152266183,1.774436490289034,2.178287523704477
6.635141066653886,7.0082876475269,6.620598199708801,5.841750550883137,4.549394657000064,5.675524449235955,7.529513206262642,9.375157855733505,7.361008046516273,2.8695576536413254,4.098639263370056,6.427620718958502,8.253820466514382,8.9897817306198,9.739278579647854,10.985121065341731,13.014661738025326,11.624189924766283,9.391075675918941,9.930716847902191,11.341711978982843,12.83884181768575,13.30684821099619,10.43227763160651,9.780574861645647,9.21962880622728,8.220446778649674,7.566330874970498,4.573539945556866,2.503852463306735,2.5213014435734546,2.457567921799209,1.1338591726321816,0.19286030280323235
6.2838640663468,6.5887616488267735,6.3939899173502175,6.769450675380501,5.72386384630072,5.410332759685828,6.713827254830475,6.650542180156421,6.064676129042155,6.103366199412588,5.700404716644919,7.005816626501308,8.471737257189554,9.649460696884601,9.42738704778945,11.301539004138714,12.750151365815704,11.53467842042468,10.972811617169862,10.046710986672705,12.625415512852205,13.330117661714704,12.512501792752765,10.256980403348939,9.678335340379661,9.028775635811769,8.645508574117452,7.75917865725094,5.11884463983699,2.9129716113068556,2.7652989271631623,2.3853273642949384,1.5222615163729984,1.0795586093501204
