script/wind10m.json
{"header": {"parameterCategory": 2, "parameterNumber": 3, "lo1": 3.000054539987559, "la1": 64.9999836372058, "dx": 0.5, "dy": 0.25, "nx": 34, "ny": 52, "refTime": "2025-04-20T07:00:00.000Z"}, "data":
[rows 24 to 47 of 52, columns 0 to 33 of 34]
0.3860424366539234,-0.13690531603232955,-0.27721103522993673,0.18305165990196023,-1.1196541007588152,-1.7016387347702213,-1.2199758731341903,1.0358958541771361,-1.9163839728504615,-2.80110181367991,-3.192463161922352,-2.523546696126929,-3.0692584058100474,-3.4798400426123806,-5.0325196155593614,-9.497085108934964,-4.202591136180353,-2.3114509939477856,-2.2872747521165833,-2.731303973256943,-5.054024030242617,-5.776144769002191,-1.5923978344979155,-1.8009376965614556,-2.2654537570708637,-2.1633507168297323,-1.872857071777334,-1.645145600689768,-1.234916880843111,-1.2622171133165985,0.7849075867290867,-0.347452354103196,2.0564551293624134,3.701032064504833
-0.8906499811595623,-0.8752400291612916,-0.9587617461138208,-0.2674771451637928,-1.2903796856999303,-0.7502340028584473,-0.7224163524228442,-1.824557283523245,-3.891239889939971,-2.9047146080268083,-3.313299650117348,-2.3550102654131075,-3.1710035358849176,-9.125267648175209,-9.995359461417339,-8.547712805552122,-5.925282036690195,-1.905349039981886,-2.362037758765954,-3.9616356461347695,-6.262146232045827,-4.699582774076687,-1.2596532758139571,-1.4837431691599328,-1.2687096548466552,-1.2516780360433424,-1.1001064189923584,-1.0324097502298402,-1.2849184363694637,-0.2391718122764216,3.9172981022709195,1.9755733096613897,4.0143159773771755,2.1472327699551834
-1.8821395945482213,-1.397051310632013,-0.983654505124273,-0.22106833199419712,-1.6545931457331235,-1.9668944088539255,-1.3005865975958624,-0.9914270973530644,-1.8336980638714067,-1.8704434891742112,-2.935001868272824,-3.198921331817766,-7.766927671853753,-9.695234651192271,-9.189513083413745,-8.01861136952098,-5.47205895194907,-2.000896740911118,-2.0095254381347254,-6.741872541065773,-2.7568451018743922,-1.7950575125820674,-0.894060900570685,-2.790922229996612,-1.883073146343105,-1.2226173925130255,-1.0120487863161245,-0.8555594064808295,-0.2742161461643897,4.472673309001938,4.894354837415798,4.827033435983349,2.331548646497559,2.5770745438559666
-2.5193795306828446,-1.8312680204633063,-1.8316664070741469,-1.3366126290440856,-2.197602291230075,-3.65782334058344,-3.438585126928939,-0.8899962241432767,-2.1658010407481187,-2.4504105038072024,-2.625749321601855,-7.919040663113049,-9.918200348002161,-9.052683526463067,-8.19215111300775,-6.947388078546646,-5.617279349199638,-2.0879133591555528,-1.8131304840242286,-1.7118080876500232,-3.0371613882081925,-1.2850616370114016,-1.2740468007583012,-1.8192192705418688,-0.7999430569529586,-1.052880601368725,0.36480914192998,0.4150416929300941,1.8342088566790673,3.257080283171697,4.327799579317785,3.5484601396229314,3.3037190276953905,3.617359514073669
-2.4230149034793227,-2.1512098411825313,-1.945250479306995,-1.9770311673414205,-2.4379107760783345,-3.2151194016703677,-3.8959704418418935,-1.5750244117654233,-2.0589576691958427,-2.5936704743516863,-8.0798919500137,-9.833949756421461,-9.291147194802615,-8.707136062214982,-7.501275482163959,-6.864144295652772,-6.140344204019265,-3.1060965192016994,-1.9215382489845156,-1.315458682008497,-0.880461109263816,-0.9541789363676814,-1.113567037307484,-0.585714500055236,-0.845863482164667,-0.05391548382727459,0.4817063753081961,0.8446399199854755,0.36651170607082545,2.1595181525828644,4.668060376312762,1.97033273204805,1.975476959043653,3.9411839474446233
-1.6632863346456321,-1.6615522204591753,-2.291783622611588,-2.7830898853274477,-2.9803974310822365,-4.199689246210929,-3.765938985656417,-4.321442054763361,-6.136401217434907,-8.146579619454432,-8.875803484645436,-8.83783740302678,-8.384075279533876,-7.60205681074682,-6.916197123726024,-6.955928773956414,-4.347624743931322,-3.655735852074727,-1.6178213980799632,-0.9412989302667205,-0.8160229956905154,-0.6663019539094197,-1.461303949770853,-0.1300400944042682,0.9108268362588532,0.8758643713883988,1.0591920708747538,0.6345952873892371,3.3303846084001925,4.036150172929084,2.75272167222977,2.298595412466967,3.5901782482098556,4.6118636610975985
-1.7657240445014046,-2.731393325553732,-1.3670305828798803,-3.088379306078307,-4.20289751459215,-4.420410971825695,-5.321574308978551,-6.54846187854491,-8.053185004104023,-8.406618224617775,-8.32115277893619,-7.711484384434603,-7.021504653699939,-5.834089845851378,-3.4792911397311483,-5.2703371064942495,-3.880713318238258,-2.4401092021760524,0.09966330116238166,0.24715941222901186,-0.09425701888075062,-0.3692773906899715,1.5728084051391777,1.282163200793192,1.329666817060171,1.304296867751962,1.179363064920964,1.1932137485761662,2.9408468568276365,2.223437031601043,2.8644348058750735,1.523228744711164,2.6257843585149674,3.9539207386476694
-2.384735512916473,-1.9459127239208536,-2.966828764268534,-3.7846095091979417,-4.196922158363973,-4.306048673475907,-6.4944866967267405,-8.563538746179015,-8.099189677142578,-7.660571607846113,-6.878308183922169,-6.430358875387039,-6.363584492706152,-4.536963615672713,-3.0086113976283633,-2.7792853689731967,-1.305204852932618,1.2037026417063885,1.2752814670390582,0.9348680457405812,0.9225289449089613,1.171650908451658,1.2739895637624636,1.2232282372120025,1.5746180878733171,1.1419954026402475,0.9268458382521749,1.0595035938394013,0.8930742756766518,2.754746543307363,2.43067010422613,1.2424825654668818,2.5965228799588633,2.7580314209494077
-3.323402311778701,-2.4951592939199454,-2.3063986542928525,-3.8786293789908193,-4.0119443556721635,-6.0124462678968404,-8.47830919034957,-8.47625812883007,-8.223329504908898,-6.866944774686371,-6.878719189955278,-2.593380043512708,-5.4451124574834004,-3.901373192944377,-2.6378757026759176,-1.4518455201259162,0.5916586946909358,3.229078262695595,2.56829006837984,1.361969681526756,1.043047301797719,1.3388047647262933,1.65166209291093,1.3945912702836056,1.2332417869852912,1.0011355074765453,1.2135859327546104,1.0644344909385426,3.0712730636782086,3.5038226696402455,4.887273171079934,4.479857048718981,4.186976655339128,4.576118500522285
-3.6102903576201344,-1.7707965677499684,-3.7629390144202763,-3.9526666920424995,-6.2220349024977635,-9.062941476499251,-9.165085719661118,-8.484272311462531,-7.616050914480782,-7.853494726535251,-6.317174236153039,-6.1291677177071655,-2.9588553106608924,-2.0001355235397633,-2.001239931905217,-0.5973120962737293,1.4441618437431987,3.3076091929361042,5.119696506161601,4.205874818772729,1.3192998359365757,1.2728417891458708,1.220880367193579,1.2078880527650728,1.1554126198163965,0.798109399853415,0.5934228820632501,1.1216421603338056,2.8008365355035774,4.361180304110484,5.396797821458699,5.284396833006037,5.040350225507755,4.891312087225807
-3.77251623845992,-1.6052306594971388,-2.1262956174878087,-4.322100929515834,-8.11597250163705,-10.092931975711119,-10.232027130386502,-9.122845267776889,-7.844148258957823,-7.922513032511294,-5.771811501812463,-4.055146046958597,-2.4422633225496524,-1.849966002203337,-0.7184363421320564,0.3898675760518638,2.37005648041215,3.491657645582386,4.988561118678126,3.9372665911209155,1.5917609470941387,0.8712651255661069,1.1242517471708275,1.1090676594108946,1.2098652735284283,0.5233549668756611,0.907440479627687,1.895281425700543,3.8945155130998232,5.398753912107126,5.250416366217049,4.8601853961860835,5.06045450253199,4.505774111404051
-4.4927362587955395,-2.693755098295674,-3.8421534455302377,-5.315056203376789,-8.857236719233889,-10.479431998113386,-10.103841603271658,-9.0231520828716,-7.216855256855744,-7.170982396036078,-4.370243664430989,-2.7875899249336062,-2.6457460706434146,-1.468714242660125,-0.6438931624120758,0.4419064489417692,3.182302340315436,3.9999026353532297,3.1966609699578505,2.147653438704628,1.4911233545510394,1.2607444348678731,0.9103610712219575,0.9021167606322527,1.021129460840398,1.1627401357202334,1.2889605491230902,3.4840228849182115,5.796673224086226,5.634245818797672,5.330050348929648,4.258690223259152,5.045602179137693,4.50834000652314
-4.488870101686194,-4.390761839055463,-4.570544126906408,-6.730928503891749,-9.244394293262408,-9.702491388076544,-9.83388440840604,-8.185727016985597,-7.11512247176058,-6.7965121300441425,-4.7139131470633915,-2.6808721914765545,-2.440932023884347,-1.4030523537170634,-1.2038488583387634,1.091622920246631,3.4724503555401265,4.051851468434947,2.1678062552269552,2.123085094390294,3.0145144191005597,1.731510452029861,0.9931495644109407,2.6576908340240024,4.429163205870675,3.976545507550541,3.752479872320771,4.995447343894101,5.09570893328351,5.033545326462869,4.183844434454631,4.010461950379646,4.387627004848762,3.505988790172267
-4.529877514866404,-5.477134880481284,-5.400593352693694,-8.43585010739061,-9.23440101931203,-9.687204427888535,-10.128068538713954,-7.424776290313561,-6.781712606728401,-5.345298127385001,-2.6262753741283524,-1.2111825040026436,-0.91175111147621,-0.173122244712555,1.3476434137467534,3.2567136278765134,4.799139934376313,2.743680676748414,2.5362510804488876,2.639281606572071,3.408471340222439,2.674041168335483,1.8571355937163487,3.7839405026102195,3.841477061651013,4.359118162116114,4.64860625829952,4.017359901845714,4.396669453610053,4.919960011744499,3.942375534484171,3.840658147365255,3.6623395875274607,3.1916682049222103
-4.701797569460073,-5.141834101034065,-5.291134100097993,-7.877467654186654,-9.596223562426342,-10.623969853821432,-10.473436162024855,-7.849230110630982,-5.779916892991889,-4.470491597266099,-3.2021018643780974,-0.9018923444522978,1.1977768925274808,1.6305859911883653,1.9650538207851154,3.4366577552175093,6.008378561351366,2.8537581190160544,2.6808934833989224,5.5574334357223405,3.379513286795878,2.3179025473405637,2.8636125514734183,4.161935464305149,3.7794002771164785,4.597003766426121,3.8824302438789724,4.49950203602804,4.680388589345371,3.666529149511257,3.5118843094019643,2.740263566759379,3.699764248370818,3.659471251835492
-4.596477741022425,-5.60097988123689,-5.118304477007214,-6.531466935529699,-8.880701713107012,-10.03524248187888,-9.803680424886641,-9.064065862062604,-6.693007740664994,-3.033487764388136,-1.8747844963507803,0.22315679424661405,1.9210949664556909,2.0473567926291283,2.6705170350629355,2.9663775135164614,5.943339638546674,3.6930178227887946,3.1837524158330033,4.735990556388852,5.749624611978523,3.9285762145015424,3.51725735358061,3.401268325579025,2.42605147208011,3.507362453034373,4.58301331167673,5.230608787752361,4.272198071043049,2.709715041703427,1.8466156529893356,0.774700263886849,2.2721258787870746,1.5821248267685093
-5.0452293163198085,-4.929817227562637,-4.987550422578218,-6.6722363795157715,-8.327122963997843,-9.074722154348345,-9.693253478648511,-8.896370640870794,-6.296218730293577,-3.6608728378172892,0.23837338529651397,0.8321156161463075,2.3841574841067277,2.198331622815521,2.736116649470354,4.856861543045577,7.177359508667806,4.595565169380893,3.4641904923743727,4.005442369959096,6.040404779849255,5.215019355046586,4.096918282734936,3.0922581838757233,2.9563451582837614,4.865022515963141,4.909077426427827,3.8890507129093788,2.9003941235462927,1.355080681862061,-0.43889112144672354,2.111128044584378,1.0088970489553812,0.750415172317191
-4.799304199098342,-4.746849503217383,-5.644700983518361,-6.5882090265044395,-7.324220892980943,-8.82968379180136,-7.923389784481196,-5.977489504742681,-4.719231237340631,-2.2355603849039367,-0.27755802268876956,1.8557616472466476,1.8513290954427386,2.4990945523510186,3.6178971781962264,6.32701057902497,6.072108260412485,3.491039700115073,3.7584109283503033,4.651457030825352,4.668444200528312,4.551796902161264,5.209351921458835,2.995302491148052,4.024781418939967,4.589681976357664,4.011269842441723,2.914172936479755,1.9635036551688876,1.4471327824422309,0.682108810743314,0.9321921987742312,-0.1785748104028094,-0.5076056714510514
-2.189423770892128,-4.079097698646583,-3.239963409192429,-5.669749930674044,-6.658257160720613,-7.5158688024902265,-6.376382020815349,-4.426906748358812,-3.5310936450455688,-1.7862876117294115,0.8260768419937782,2.9480228062730434,2.1155352008768515,2.0571082035012407,5.16418330364959,5.158370222524346,4.474790496647276,6.837409926215408,6.151923535917795,4.411562501941003,4.36389025269959,2.614406389260046,4.115842591612273,3.5609070841146666,4.977645296480145,4.641668564621096,3.8518241010398575,1.9048812217792113,1.1651325180396346,1.1003067740087764,1.015699888493088,0.8862598958827718,0.7560118276739668,2.0765691403898994
-2.892350165400066,-3.0490512234253555,-2.6844460621804243,-4.391772594746125,-5.971170719430921,-6.198302028979896,-4.19569910245593,-2.7443032653289787,-1.020062187970084,0.6424920903778293,1.3317806934145677,1.6195206407602967,0.9038862547295466,1.8520475486253771,3.3879114677446367,3.146095409927102,3.259925582543719,4.3976332935600615,3.6431377793460644,3.1243105807780354,2.2459096517130566,3.6032212273973836,4.046540155946717,4.204675984191298,4.684667662029912,3.2992606086058913,3.0637649439317913,1.7735251741703926,0.9700213311022831,0.9000281633919097,0.5842825584813907,-0.3809267967647556,0.21113178470072452,2.51893427765361
-2.984610486512346,-4.5429215141280554,-4.917552654549017,-5.023442609737036,-4.440360092446009,-3.5078443920618128,-2.3392329208041205,-1.4285645067685477,-0.6477678710903129,0.04653722066543768,0.9977973101561975,0.385539345274331,1.5932851283742546,2.4758693109195975,2.051638563129407,2.293579558818386,2.7671859301187394,2.4858046716520565,2.7044744839489323,2.9736182242088915,2.0559607811011356,2.6867869495869234,3.275151598153855,2.9513490245815523,1.6646786729515146,2.470348204338102,2.0898328242859843,1.2353700406746544,1.028983902147954,0.5539340274383279,0.21558639025462395,-0.43580794089298186,-0.04458052815606395,2.8026969462878557
-3.581338834421224,-4.173943485059871,-5.130482848337136,-4.776179198900043,-5.118250374653274,-3.4064357057753103,-2.2408458733289156,-1.561047940669379,-1.9560209036832756,-0.848192304286687,3.290628203502388,3.0346320719744737,2.7722258209693655,2.276947396273687,1.9993425709921384,1.601999681621627,1.5056415080185124,2.64420412716015,2.9456594870216217,2.2492417957393807,2.7471092272470563,2.5695393243214024,2.5460368719058475,3.5449176131564775,1.5673724607905166,1.3655598245841238,1.1092074032777526,0.40518888983456774,0.4801705468799266,-0.19830267328632015,0.1447091543180765,-0.15984635540031433,1.456656509695043,2.0967596617496214
0.09163627975466603,-3.176932375312234,-4.58808703233188,-5.137683813546033,-4.929194161244226,-3.4337686275191546,-1.4218518926397996,-0.9196299625900145,0.7094869394900208,1.1934805574426133,1.7285888086631793,2.517204560870761,1.584942086794879,1.4008514629978184,0.7699156712780967,0.5707900121736715,1.365315062549994,1.7996007681663193,2.9632769685698537,2.208350677540447,2.521581410521204,2.8852277751553657,1.933233447615034,1.3771937156561376,1.5214500722592514,0.8825026869787803,0.23706493708542484,0.059859038284872344,-0.22708821886031805,-0.7096100628585632,-0.07565773551346398,0.2656780668834803,0.9898980832904644,2.6338200585576095
-0.5354138625818599,-0.07110540848301738,-2.866904903263543,-2.937746836119821,-2.9792382024956288,-3.4226416068242163,-0.6903878997024545,-0.6552549456761588,0.26300185646135854,1.593883411749355,1.3249944603833976,2.489398747104748,1.7918012978243125,0.423250398762693,0.4303277019366364,0.8014453364277888,0.7875845649816916,1.3448375559933097,1.7795358934166106,1.6178556605580625,2.377066066351856,2.201041796469845,1.9710002619862583,1.1381761926338452,0.6789969942872889,-0.23887282641589677,-0.23021986679883158,-0.7636404353706452,-1.1647307608373725,0.028678706901507745,0.0026925651041127684,1.3172971458148695,1.6064104261911127,2.787776037032916
