script/wind10m.json
{"header": {"parameterCategory": 2, "parameterNumber": 3, "lo1": 3.000054539987559, "la1": 64.9999836372058, "dx": 0.5, "dy": 0.25, "nx": 34, "ny": 52, "refTime": "2026-01-29T20:00:00.000Z"}, "data":
[rows 0 to 23 of 52, columns 0 to 33 of 34]
2.4392818056122203,1.8497038891465376,1.1437791839873406,0.7999515233587547,0.7858651469577546,0.7199592480426452,1.0514358573070353,1.135673759289685,1.1187020094466213,1.9129243072101139,2.268217649297181,2.700446438089177,3.1739807306955607,3.0541082361263325,2.8040266595427514,1.750181362385919,2.2582668593074655,1.6939419773183984,2.968837568691681,7.614523329675763,1.3620474020578082,0.22821879962746547,1.3801645029416985,-3.1870495775611944,1.8991298081024042,0.0012992846949243476,-0.598953792018152,-0.5322940432658452,0.7627612007024068,0.17039307742074247,-0.13738726913919827,-0.6010476803097771,-0.10979903379136673,0.3469577790040153
1.86867099923644,1.2439696625814989,0.7952364059598047,0.5775497153782996,0.8725266627652787,0.7832905703187213,0.531414199011968,0.4750656783266475,0.6269386851451966,0.471759449803078,1.1908750097897767,1.6850899641003185,2.451006126965531,2.867741248592031,3.654753560368397,3.6708065013281166,4.027270613270671,1.0023145825251345,8.317415381371516,1.0050493184754854,-0.630584852949634,0.19996866258974352,-2.141772182761179,2.2354255596413295,-0.26296791035642114,-0.2553842202344529,0.0584470889808548,-0.08427428067395579,-1.3611346327206277,0.17865638274755566,-0.8078069856779505,-1.0472542113031482,-0.6068984288171061,0.6154813431414711
1.984182121490172,1.179953071345891,0.6002342740820017,0.4412469959312211,0.43452147082124903,0.43267164727743374,0.06280487541163515,-0.20240700296892686,-0.056329614777126925,0.34302985369256267,0.6570695147697982,1.24569442139772,1.9329871440898805,2.5696017265401454,2.4219104542404493,2.28785378629499,1.8126415185551958,2.9756516404052427,-3.953420693235296,-0.26370118899634437,-2.0544308074083646,-1.359975390412547,0.3865476262499701,1.167631770427507,-0.5924257441292738,-0.08633105739053823,-0.17435102297156482,-0.5694877717212673,-1.2184004341793258,-0.9231719805026235,0.41682095925286594,1.590560938538291,0.658375587294122,0.3389307957976905
2.3046708165809022,1.3139452758844095,0.5938126779156837,0.07992592866207046,0.13054497747848343,-0.23219211204334247,0.33833354989865677,-0.6074735299926951,0.059484785783279606,-0.13987747616799046,0.6413400095549822,0.963925299285558,1.383755641219093,0.9806100458635343,1.6268070069621534,6.764700067132832,0.6802605121011533,0.32462726833230393,1.7338485998578537,-1.4353400429099925,5.8708385899602495,2.3975601967655136,-0.7302506159711364,0.340978296463406,0.8309910343292699,-0.9422270262186738,0.595740174680663,-0.4703852233094039,-0.2405752055298345,-0.8366601296948539,-1.4389547532022182,0.0434387587089978,-0.6641390836636029,-0.9847980964178067
2.2192197697752354,1.5230905075778263,0.3041364382152733,-0.2901381169992034,-0.6891345041200028,-0.8073457525819696,-0.17944728836894822,-0.3212547453929459,-0.4542891477407933,-0.2129747864618458,0.4794074382276122,1.4776574636997513,1.9221874381690014,1.934968787090666,1.5238276892451972,4.355167858811821,-0.744801537181531,-1.5326836121599774,-2.1609671296577404,2.3605742502537934,6.549772908373155,3.2940494859420166,0.05172754190058837,-1.0193482851004148,-0.8798547749410461,-0.23877104294936005,0.11901021349582454,0.08135180163717913,-0.8411563454743082,0.27610020566333415,0.009619197491947366,-0.7019956679997389,-0.705382959375429,-1.3770127669790733
1.3790697874937283,1.335294714591071,0.6774342499021119,-0.5792639962723013,-1.0787062073502134,-1.1264910751226385,-1.2352466157619093,-1.0149961165374,-0.8541755878341799,-0.4087554340721968,0.05476490475332727,0.37566380591076187,2.873785746109613,0.4330897598670503,-1.9116987263428533,-0.6604561351298448,-4.588289857603719,-1.4124233513399262,2.6945976553053232,4.485353194331904,2.313578438970186,-0.6835041522596199,0.8852387051753179,0.6465944911149513,-1.1726286072196817,-0.01280019611820426,0.7339573999119325,1.4319113720556023,-0.5958437027246822,-0.4514953129444237,-0.7788060163694644,-0.44475279165617837,-0.233040704577279,-1.3257045637227975
0.84194242622217,0.35458138752983936,0.6605218781848695,-0.10393739483353052,-0.4172286661767344,-0.8916093822425976,-1.2168279031346034,-1.2847838469070751,-1.3115388341676497,-0.7997247580302811,-0.9989029358080569,0.7447394660573647,-1.2272845809494453,2.9152197074571395,0.19727484266854817,-2.7859575489697237,-0.4573526394734875,5.73168538545075,-1.096345740558459,0.31116271155138164,0.6546119684528604,1.0605809773959267,-0.5042103378681593,-0.38856793997771766,0.1897287181011433,-0.11481852161935961,0.23265421311259038,0.3671398020060093,-0.9661056058158168,-0.208540011770254,0.05458440809734075,-1.140380288263378,-1.5321475988479543,-2.5640402172740604
1.4469691176424555,-0.1371323835013727,-0.15133864900011226,-0.41528078352085834,-0.040631977106507476,-0.7036031367849002,-1.0966190824862139,-1.3033173279472992,-1.183949159728967,-1.1354931194793143,0.030756552931805434,-0.2294538083147792,-0.8553930423700493,-2.9634925478106817,-0.4307049947483837,-0.784935316273831,-1.380242876043843,-1.2913643555295793,1.8221183694946392,-0.7849645756117123,0.04738456091375873,-0.7833107787675846,0.7999191557282294,-1.0500490806900284,0.20540077867471976,-0.5706239217698827,-1.1522942720383595,1.6693495782814467,0.06446872904738664,-0.1491238568010681,-0.5339462629242948,-0.7525903323839539,-1.8111202150888908,2.3987694061752562
2.8026683185679206,0.7954259963560509,-1.120370111876207,-0.8243516768665828,0.8882422239116136,-0.48611611965386986,0.17438733009068175,0.14735676073834164,-0.9360148771100832,0.693988051739215,1.6955638426202282,0.43663228869689036,0.039529068599906514,2.0769318925169764,5.48834110887646,-0.6276517814136028,6.280830381568392,9.578743281877859,5.306810167759533,5.235887007451115,10.622855024998772,6.249183751856968,3.448084570322788,0.6325779205059073,1.5266416895907342,-0.26822894678720133,0.9101100187613225,0.34967021440565216,0.4444945537705947,0.266282098711361,-1.304186168503479,-3.2735521601525286,1.1724137342956926,3.6563363079688016
3.8019635381258055,2.942643735647137,1.1695072982630437,-0.8788070925382638,-0.5814240691876554,-0.944478242910038,-0.031421995433764484,0.0995923369594109,0.5163160760556451,-0.9587408039194146,-1.4929817339795777,-0.1277041470363198,2.453083533196869,2.900152794620913,6.225837895121285,11.931548684015405,-2.456539873578278,2.0002127554175857,-0.5130532524803098,-0.9948787737000376,4.109510663568755,0.5803170064536141,-1.5157139972935194,1.8676499600677627,-0.5935910313740499,1.9318685371238502,1.841280994029137,-0.9282768268475937,-0.7845888428366964,-1.455792973384393,-1.3888134407093964,4.12702875276826,2.6659659437957197,2.8995153792763486
4.046061541851979,3.4651049979722397,1.9099734399564938,0.42165691009626455,-0.197092867037086,-1.205133659544526,-0.14209078590946564,-0.15886390530669686,0.19986155123948143,-0.9092662831834427,8.639448478324285,5.672020451381753,1.0370471046338146,0.8284022742003344,5.666867400983039,1.4780935925972836,2.2227568261883826,2.097104583045742,0.7206920488237378,1.371209122174669,1.8623849282262688,-0.8182710486924889,2.206175491760193,-0.5486566318243151,2.218482964666954,-0.9685542536211378,0.24999574615953066,-0.5291819864943451,0.10941033583697775,-1.5808854222081692,-4.325025579017409,3.122460562719938,2.4438824413754925,3.000310456341532
3.2146871337541256,3.092611256206419,2.1225595383713167,0.8781979117131321,-0.40069349425137535,0.24347000982592698,-0.04363463807477687,-0.5095997985444894,-0.26177067049584224,4.226055445663917,-1.5678493351527687,-1.2873198514010866,2.023736770437812,-2.6209869571388755,1.7930754940691316,2.227853632229365,4.598100884815962,6.589275872672446,6.488526828537154,4.330443746209275,4.098184739149987,-0.2203350176845939,0.4812504773767385,2.957545610772206,0.019447374306056968,-0.8519282947056251,-0.21746880559794174,-0.22262328451790425,-0.9065952532298951,-1.5211937793646793,4.033153674872944,3.9010892802868535,3.614396663233342,3.6919608042121657
4.352329817744038,3.5750017516485055,2.4624954150730227,2.0651999798200373,0.5975468871912419,1.540866906313348,-0.1288631455713248,-1.3167377144225831,2.7332450935932395,3.485940868292078,-3.5855772046848022,4.158088979561692,5.49155250776305,9.144451515344148,4.96181542691936,10.035826113051257,5.804976522708706,-0.4974064486286899,-2.4839575975887067,-0.7833206606554421,3.012191149126842,2.748717992751039,1.9444971165420442,1.7970834912875515,1.070176406568913,-0.1930488097531676,-0.2097463537279214,-0.1247096692234174,0.08011456593683684,-5.247059773844184,4.4362192375979825,4.223238701095462,4.002978947556094,4.009893920265302
4.772185190448381,5.321974114600409,3.3502550540505176,2.88152796243833,0.16307405520915885,2.087738052569092,0.616975719751098,-2.1716932097433608,5.770400625677488,4.614462723774696,6.216733937666701,-0.9334258356551778,0.13670187040816117,0.6570305015797872,0.8956891571184711,-1.2479785022373435,4.880130864032562,-0.9080786847483462,3.567493314517136,2.1406141791959272,-0.5174786165386766,4.015765980370635,1.4032281987452335,2.8168257268740855,-0.3926762872000567,0.748013686535829,0.034943126330269296,0.43837947267857136,-0.41754315903154693,1.8445284800812658,4.6708899676295905,4.496642733722739,4.219322714007438,4.290448591668444
5.157568241109385,4.946912329790007,3.9678478980310046,4.463369056822771,2.0281139327139512,-1.2367106299422455,-0.049870168182490175,12.404408815700883,-1.3767992243647778,-2.0283433447703585,-2.5379856456381074,-1.714837295783206,1.908165348116824,2.8295177340594018,2.2386004777723865,-0.41973649153689424,3.3265970169259127,2.2555225844014157,1.467397503463948,-0.3843830729024292,0.517792411591811,-0.34567791577479734,-0.018308629791084788,-0.21323954591647284,-0.9155742483536691,-0.05436017347151443,-1.148326739289199,0.63062521506935,-0.471791905125248,2.8047761442299164,3.458417941909686,4.121734897653835,4.4167071700268625,4.637995323543664
5.319344510681704,4.4931331175052,3.404180167072899,5.667487964774343,1.901156108133932,-1.0965354963959952,-1.337716400658018,1.846853063661886,-0.8397079023762883,-5.5905216293189905,3.8711270685401016,6.161957142241572,-1.8912733314752543,0.7950625725538565,0.6325463628613032,-0.8815922945901973,2.41153748628653,-0.46504811868331336,0.21857092053973143,-0.6973996025171875,2.947249441600304,0.9284279624661008,-0.15441393665028175,0.15537303827657,-1.4932766057460933,-0.4281358569632701,1.567441881543116,0.2538644335095144,-0.6169413331786539,3.173384152125047,2.3371932619813593,3.7613487522378803,4.031224000051989,4.602055463303234
4.263631827960752,4.525962326053154,4.042099730972262,4.060748993955577,1.536167406304101,1.517101146866725,3.4666708344029846,0.3417083063421315,-2.4228142291280217,4.235345484939825,7.164372594868547,-0.8264831353659146,0.4208688883908568,-0.8479272770602954,0.2951643866910589,-0.1765572941504294,-0.8940371870395856,-0.5604045934803332,-1.2296403535090203,-1.294198587595902,0.5873899939768708,-0.38165327062775056,-1.0004604600537506,-0.6575540594112231,-0.21395644030651506,-0.28550713953324974,1.188625368262847,-0.18909416953165517,-1.0120998200242883,2.6861819126283915,2.0138204196154,2.402946105751256,3.191169020171789,4.226405941080296
5.29485630601038,5.309246969090107,4.547465436074264,3.3948369464869455,0.602512225769877,-0.15556813405149117,5.503504983640276,2.3479271957562164,5.468714293561388,7.47839706048614,-0.13267592884816784,-2.384740783879799,-1.0438998121608005,0.4384016529472761,1.289290728276659,0.14775410605575418,-0.9668372110427289,0.5298111909962666,1.0500840324121459,-0.9213539320706305,-0.18348813375499545,-0.12217773895007593,-0.5714376574503002,1.0551627722046844,-0.38730729450699514,-0.9725857200119146,-0.1567138049054318,-0.7001373158344318,-0.8825423857071565,0.6810523100982171,-0.2518902971831778,2.2526594350183173,3.0582187121592117,3.8292386188318472
5.3070744519607365,5.694415226629035,5.921964798931152,3.3795794503514225,0.9399402660500856,0.7638554081207848,0.8316925835823378,0.8374869740595247,2.829466497687011,-4.5063324146753105,0.24782110196339877,-1.708442440871871,2.593346103053581,0.7096381282379397,-0.8576042877111505,-1.4911036679153158,-1.1340549526755768,-1.3910109830507704,-1.4789769887588184,-1.4525287205920134,-1.464256267664718,-1.5535827327821627,-0.47195962164032795,-0.33144483299795,-0.2641889779097241,-0.7884448833897599,-0.817698600011005,-0.6407304396078555,-0.6836479902557955,-1.0164497085056736,0.9719512156681497,1.716577480568775,2.3126173020356,2.2682289627627235
6.769746477775047,6.395666225772162,5.376488221014751,3.514206958531658,0.3349072567252892,0.23182870113317758,-1.7771232252901992,3.986877927848976,4.553140796117749,0.7757172496518256,2.3836480484170957,2.279500766777987,-1.1809564021928525,-0.25403221292519723,-0.9958141830153918,1.0208564190563725,-1.0665260366794154,-0.5696262926622342,-2.2568069442398575,0.06828181832819304,-1.9091734518114751,-1.5862360059785312,-1.541276707345448,0.2885443768926308,-0.10148532069131365,-0.9040625326036019,-0.9689548225119246,-1.5194971424142707,-1.1633517017675836,-0.9027397505508302,-0.9127503369556117,-0.27439333927742066,1.2443861734949033,-0.3490343070064861
7.717168545226995,8.12252310741995,4.4934975473633685,3.5638397246428104,2.741315205086382,-0.08720135367729002,-1.3411225712580248,0.007729604072553798,-0.0835229358680148,2.1015817058979445,-0.2430030102370049,-0.930545067502167,-1.1965522856122535,-1.4682019694023156,-0.5667720294949852,-1.6016550892935255,-3.6486737264182394,-0.9964065434479061,-2.003774581978954,-1.2496687067933163,-1.1693894234310895,-1.7594184906398682,-1.5790928146491336,-0.743911532311795,-0.723640497153425,-0.6515387293950036,-0.8798177620089452,-1.3153819231132928,-1.177096482007116,-1.6417969645875878,-1.4791388133828374,-0.965544969541459,-0.2586648073533661,-1.0143001251289032
8.836108706062879,8.862396837518075,4.770368782304657,3.7938549795528616,4.917769394029311,-0.03223615428577885,-0.6195566158244921,-2.5751666109597107,-3.1759476342920596,-0.6342971626311533,-1.4878836474546075,0.6575623699310091,-0.03115322044166127,-1.7395645322020885,0.3658273513342697,-3.653625848328231,-1.9330696178386202,-1.647319550226081,-1.525461075140235,-1.5427583415079469,-1.57546604299007,-1.4449025260770603,-1.0936044615099563,-0.9612743182042569,-0.8715899935635827,-1.7351036996551465,-1.4670548504082546,-2.1053220331534455,-1.9788437160100438,-2.251449160877469,-1.525459480127304,-1.6502491532991215,1.1560306909698068,3.613259463110555
9.099027257659893,9.017307188635884,7.788804790367088,3.8977999264924823,2.148884602504536,1.4044725576969184,1.199110781381947,-3.184551810568489,-1.1380958254754083,0.9596799693284539,0.2562733053611136,-1.1878657569163973,-2.9085403806522203,-1.5045195866070216,-2.8614731659491106,-5.665660765929358,-2.2531031002783743,-1.4110171910548386,-1.2048968743090767,-1.2670343070147358,-1.4284784805351702,-1.1867154464305396,-1.2530876219916938,-1.2580247658167651,-0.42182315155794675,-1.8786798155069075,-2.2064252975077654,-2.8393909573225864,-1.7239788752878416,-1.8745811969350659,-1.5993773538380505,0.8403734431905102,3.503865131781961,3.819281891367246
7.914250442959085,8.511507377709082,7.79652581451033,5.570942738871597,3.333077312782026,0.7346248850086343,-0.04024426292636349,3.039799850182225,-2.031656014612458,0.5230295348941753,-2.928240483601182,-1.7576235024185227,-1.5083338665745007,-2.828561674595235,-2.9522668742131146,-7.036371626891725,-2.73132611409721,-1.2666778323162435,-1.1232807976555266,-1.1209376276624337,-1.3741404328584785,-2.179071820327509,-1.5016250807030571,-0.9092771169170135,-3.741457805893673,-1.4599280521594418,-2.32393179185903,-1.3612943104066002,-1.1666209166357135,-1.0452689478357917,-1.0649607661267475,0.9484657307097746,3.1723799703894304,3.632912198580389
