script/wind50m.json
{"header": {"parameterCategory": 2, "parameterNumber": 2, "lo1": 3.000054539987559, "la1": 64.9999836372058, "dx": 0.5, "dy": 0.25, "nx": 34, "ny": 52, "refTime": "2026-04-26T04:00:00.000Z"}, "data":
[rows 0 to 24 of 52, columns 0 to 33 of 34]
4.687919217064799,4.787490423769524,4.805650041658025,5.024941719522771,4.3141724470727665,5.870690664274237,4.978708942492471,4.341491609349168,4.839567623621613,5.803268077270012,5.398525539455801,4.876710991922376,5.11103099517049,6.123507054791163,6.081763797234882,5.804552161770782,5.73983963493698,6.299355927619315,4.166820057039569,3.1035886822069676,8.707280892351,5.414978319919315,6.463982036764566,6.697696641662676,6.561603555335789,5.299988799261748,4.572060944406918,4.360484725403008,4.747119186142578,4.933709910051183,4.593194711453309,4.406630070413989,3.381643300774149,3.784695557083104
4.164677798862704,4.330494853648462,4.293215052660419,4.164683450486067,4.2427872934678055,5.091763156598783,4.845566763441346,4.033004119763095,4.550689589124695,5.2523309361562545,5.406167644541077,6.120500262522186,8.057448351329958,5.716770391481739,5.871264774223427,5.961160574519274,5.2516800528112855,5.115526650727786,3.640045517812961,7.042956545649338,3.4595353617628453,4.998256041409205,6.532496041773006,8.42765705678075,6.515524036727101,5.799873505242901,4.0620966170358965,3.810672564558729,3.7381170246785858,4.879474251139291,4.942972735579669,4.415239859027206,3.704349697899587,3.8121443826909505
2.954921471302113,3.808790249012265,4.089814853447691,4.229107490739387,4.359956767536186,4.5881588603988135,4.804191961487559,4.503833126904497,4.75670932257535,5.184365714831355,5.549938334236947,6.062368617684159,6.3628925262335665,5.7020768384616405,5.456003613171343,5.318199789559448,4.907905999675155,3.6730537473321343,3.058024109230709,5.20247371882101,6.760344649965169,5.575421094929588,4.575139191150497,7.304013946509926,5.443036638118283,4.678991393623453,3.227526130564114,4.708850498884125,4.659616655791219,3.9399133707256353,3.96943745048565,4.3137284093671795,3.861010056493827,3.391534503609127
3.41180735053999,3.6457789822105817,3.596196111760642,4.300331806796405,4.431907132405232,4.532283795444762,4.669260304399578,4.856334718734409,5.6412216393784265,5.017949961785713,5.390313833950327,5.864089807555327,6.609704117279368,5.616585363251765,5.807396420759573,5.278534081275872,4.33382160640142,2.799596451401547,6.060339597487638,3.06561270037527,4.921502200096688,7.558538484074709,6.051844239640105,6.795218232303462,4.980672014443132,4.82699533302914,6.590026644123732,4.163510902981511,3.5813522620793847,3.981856842721847,3.7191126165550465,3.447301913262448,3.35757510187193,2.880496683228979
3.2274892606010956,3.5254163971761603,3.6416082236585767,3.925550795216851,4.239479453980269,4.7213977545211945,4.924566636031669,4.858987678621142,5.132122783516845,5.145733259870605,5.648226251898223,5.961294593916959,6.522696569334434,4.759507055330574,4.611877207272218,2.927852902158422,5.031974613316192,3.85565554019551,5.120852015880367,9.565150212963536,6.335189391730537,8.112573314040608,4.7015319249762175,5.6349239948724,4.773013554063107,4.636219146029821,5.313056099209903,4.18566752520033,5.412858176641714,4.227217536233651,4.383679674815504,3.4291937801155647,3.4568303733497143,3.1905524042735434
3.0676244369363577,3.361702453186878,3.498487536202594,3.6245557056995836,3.9774838680212556,4.1383175712088205,4.739421657510185,4.852243914881994,5.101950965031706,5.405237921513285,5.323657785917943,5.748650679923834,3.8443862704359217,8.084762039653333,4.743031212736197,5.397707928420003,4.145703447521898,6.662664532745877,7.641208686268033,6.8829329969509025,5.980287690384112,6.973686330772769,5.21908705462542,5.024296548138541,4.47984668733428,5.160783317963454,5.3162871593945,5.279775515452713,4.978441659233831,4.283537120418905,3.683687630648962,3.2758758260476664,3.4307421242319474,2.7131873131513333
2.8911798196397642,2.909968544582668,3.1042781332808653,3.236901735815617,3.5468813044976706,3.967306803023587,4.273820724086703,4.756936166827869,5.06647863445295,5.234773606511014,4.913890144510024,4.363197160291815,4.418483912425138,6.70484930498999,5.248549661142454,6.537556223956402,5.334116735146639,4.786425360566942,8.439357054195717,7.071192202431591,6.40585831179652,7.063757875102715,5.6800352334252695,4.39704018812051,5.540758126321166,5.194054117109847,5.4471280214156295,5.0404462272499275,5.1603946235139055,5.116878859233883,4.351887535632161,3.6816849358266737,3.6694194698952303,3.289984145703963
2.550442371406973,2.609294464731106,2.709045938201913,3.06828887454236,3.1765196467426797,3.748768276093529,3.9748163098227574,4.560862719841452,4.609021264976282,4.892388576799459,3.6883809608161626,3.2758023844736557,2.5638375575370818,6.136261248145953,3.357679320253603,3.844689369628184,3.393476226324925,6.594525414955953,8.26540154636604,6.882517404036997,7.779173947574949,6.035336146737563,6.162645085157086,5.259437508601803,5.56626682774141,5.098077359898631,5.525377124341631,6.057787996885262,5.508360193550858,4.430044342311845,4.608384723334298,4.500711118035417,3.54155480606939,4.808436736180585
2.2462783304783245,2.4169151733581176,2.5557064813947363,2.7596259619572843,2.9975783569103944,3.337525342940027,4.001275638643983,3.959001852020893,4.388245249246468,4.006598764591661,2.081037385300163,2.6705772727579027,4.9696615019829435,4.511608333631723,6.671552328412208,4.502637873189523,5.050471781428041,5.649889698248469,4.490131662156217,5.836253577443741,7.91842984680644,5.478266098224602,5.395562231418075,4.533753961099758,5.975698045966131,4.993407326431072,6.056465485824464,5.666743968938916,4.745107476790964,5.834855641743608,4.610384308061378,5.133654676123756,6.841492967689644,5.154109500639129
1.9837704397986726,2.1710989565095513,2.247221605063651,2.4840967891362173,2.4908055996844345,3.1978476511593654,3.631523645061986,3.9884157789094203,3.161964143711732,1.5385875640782956,2.3975579641987177,-0.10361795568744062,6.4675660340944034,5.195489565577287,3.3351599513983006,7.620040414777901,2.9265048835985428,5.348801637024564,5.563173150911133,5.787781440799116,5.120308156802532,4.808215492602321,4.8903906700298085,4.095554990813329,5.4488016760345115,5.546433812397445,5.630249991002221,6.0688297664008495,5.054410293366525,5.097884860790465,4.565918427622799,7.584732489496119,7.152908670384527,5.338274504556698
1.6432715681258812,1.8385835004076765,1.760424277617266,1.9912620602241478,2.1203002464510803,2.4075586371567916,3.1200538496322654,2.30935884360763,3.8647618427050494,1.9121987523088382,9.378878037132248,5.95495445814228,6.3801608470747455,7.564728093442016,4.7272194872463436,5.75385929124779,2.576964075983557,3.7956709132231077,4.997348763671241,3.22162698054959,5.316877529384457,5.552824703501386,5.174296374638913,3.4046744782304987,4.11696518018925,4.9811424909753255,6.179481220351964,4.993396721714844,5.359077219066705,4.869843020429048,4.927247631631171,8.508609010341498,7.482445163262816,5.937616573791482
0.9958624218013306,1.2136685938296177,1.3204009852646545,1.4566564325094395,1.3518409384918944,1.0284274597245464,1.2097405750677692,1.9312278894978927,0.04647060548051433,3.55895256099302,5.081426674532109,6.686994350712478,2.6196587283659944,1.0960781503870498,7.042010714155051,3.553692620140736,5.302907756986878,5.812652714124252,3.716967515623257,7.5508377704607055,4.941250899794158,5.345541363501264,3.934844512112771,4.255666498107557,4.0183269872670975,4.320449899072584,5.173950241335212,5.397238179418586,5.306888083694125,5.460454150791444,7.16472894464102,7.766759836767504,7.67333664127043,5.833429291510433
0.5279621705614319,0.7210076510972454,0.8415114593118538,0.9851685009639464,0.6632895201816326,1.5016290527105638,2.7481972422088288,1.759782887018359,3.891411019238319,4.055271965932844,6.960310688972123,5.8201138027989225,5.21942367818563,3.5468679124686364,2.660049156947448,6.995108356393417,4.17006369286259,4.6870312676562715,4.724403857498347,5.730686493757357,4.871614884599769,4.550722293493765,4.9034836463394695,4.607762977559415,3.894328008299696,4.775386983147148,3.9809615004991383,4.656345091076134,5.474105905405667,6.240946698695036,7.7179589320233095,7.649727620135013,6.673725469691643,5.825717325282682
0.17853852431905978,0.232060519731419,0.6396265296784197,0.5354180224160036,-0.8889923093156579,-0.7991085124140288,1.7559608949993946,-0.2932800627816802,-0.9854115671765886,1.552970991651303,4.279310629983272,8.113170988805926,5.480006066690842,1.9040271116889411,4.983620831408014,3.6654843012070613,4.483738510138479,3.8350742999694516,3.653150059709719,5.127968009098951,5.191456606199001,6.325881942338381,5.125153305191431,4.472382174576049,4.351824066095965,5.088325204987622,5.462536286346883,4.755396049186547,4.6260968877282975,7.456624276592696,8.317696327753419,7.534410891129732,6.440280894919726,5.420060550888096
-0.1273566601919569,-0.11689875400348902,0.3755499817811183,0.45473944897209845,-1.228163990179562,1.0757569943295755,-0.590191834281998,3.7865380579797474,2.2988862747165406,2.7148588821924116,2.150262047941278,2.6928210287225816,5.619483536455354,4.174150676330617,4.842330412824931,5.310177573163213,3.2758939362977504,5.31272202714922,3.221642504758458,3.084181076508579,3.828342164880623,4.425005902080606,4.23853945318006,4.341557864739961,4.0242973957033294,4.398487620067929,4.601026506113968,4.852689457314943,4.254993583039659,7.296901477320437,8.229350577681364,7.169835521897846,5.776452436739324,5.080940066845151
-0.28158522980422734,0.04932400433638796,0.23292679011584708,0.14447634849702445,-0.6889376990064038,0.8849903341185961,0.5998302796770209,0.6062041240811739,0.5708196036140047,1.9338394785314745,3.1779811493790486,8.985990219670269,2.439626437995208,4.1683676011101145,4.52599206107904,1.0515736179702837,5.033282606626628,2.8865244436132804,4.046822436725915,3.1099825906525154,3.828562662360274,4.968081585043813,3.8378827306975998,4.459481264812409,2.8849470900916976,4.618835504029435,4.969251585890517,4.914386995105835,4.5128930953641575,8.53548370559183,7.8522277053583585,6.632009887711545,5.379454802775763,4.669609093811815
-0.5550273044224233,0.17064074712253496,0.19407184169805972,0.09087840143490053,-0.6617428009370278,0.4869133964858731,2.9443142936285054,1.8835850059116612,-0.37922400447615623,0.43667292619162473,5.745649730591795,9.734331454244646,4.687263021171923,2.455382425237377,2.7472072121934477,3.8430070335422726,2.097507162652731,-0.17408137560445142,3.225469312224473,2.6218844824187864,4.756935598750008,4.791661804934603,4.2002188133777105,4.256868288870955,3.5938497100715785,3.409786948898319,4.811255843601623,4.670096565771414,5.005448003379189,8.589495384650524,7.279737838293082,6.1213468594096945,5.394929273264235,4.634460542406543
-0.5868319218592857,0.10866990301004452,0.046345058885064204,0.22788217299137647,-0.3733776906007793,0.9598983063119888,0.37808541730435785,0.6300964830757974,-1.0406383601882825,4.892087319641636,4.729711745491823,4.343433196360928,-0.06267526425433195,3.950958416446568,3.874549862233191,4.52757542410604,5.9744334891438475,4.1409007061922205,4.493063460593174,2.697982491298766,2.975571005098383,3.6661568452624116,4.327204819443186,4.676303989142425,4.474197841305366,3.8880184434652234,4.339742173840938,4.189784105387108,4.342076915117367,8.2821519206454,7.598184824311273,6.478794241227253,5.668863865881248,4.886891022458278
-0.48853661975339907,-0.0784412905436689,-0.12345040579674763,-0.18128871218352063,-0.6028283525227991,-1.4592615866454446,0.39722240706058287,0.983783765395839,1.2698543962768376,3.8232114521524183,2.2816096044141787,2.472248052712672,4.056258861991037,-0.029856957819692276,3.698829110049293,1.9303934817192638,3.5492946198123883,4.3647751536761294,1.5225715178968038,3.2446899128103257,3.783080014536489,3.6623699823253157,3.8590305246929013,3.685983099412895,3.4313027296889316,5.036091588705363,4.304783204206999,4.326323563337484,3.808074696000878,4.388695905512053,5.327161473080009,6.803785471888273,5.862472089045342,5.212101964964016
-0.4183109385302053,-0.22198604123597598,-0.18637927002753749,-1.0224213097734398,-0.05869410578460218,-0.08746953271444426,0.06135456364584009,5.3693300718721755,2.9128629305775164,6.116197520333751,4.437501454192193,6.606326493836553,0.28505279920660137,5.053985991219656,3.231344037289179,2.5431033146221496,3.271919773182777,2.032585837520118,2.342735228910586,3.887559224233877,3.432826849494684,3.279876136353621,3.1045684008128847,3.449437260600818,3.8057611892227023,4.2489933773407405,4.33631909481965,4.375249788436639,3.7885096653328953,3.6405843185430107,4.084457859543059,4.315788007825672,6.262426646083917,4.024137654612747
-0.4578949984832484,-0.3632900453716116,-0.15070613579672362,-1.0465129126753046,-0.41553068590071146,1.3077057279216366,-0.8561958243329808,1.46653488475284,4.030868593084025,2.1111389384634123,3.5500004532521503,6.019196896658502,3.8185451592810566,0.9768879864179232,1.4381587695033664,3.870804412151119,2.896934158477174,3.4674269000740554,3.8506441737954002,2.7877273346632485,4.65073550867926,3.458756490636437,5.07281185924344,3.839511219708205,3.3306706108611697,4.522008574439658,4.656418058808609,4.87348083250073,4.075735212865922,4.715378651893601,4.140302056849137,4.584793655079794,6.730759913791805,5.529315549425283
-0.8628196627001913,-0.33770470914966666,-0.13511962610922976,-0.8555501700909599,-0.3634729264129438,0.6183905629274415,-0.47328300551015023,-0.13339720833251087,2.1222758885963593,1.0717422602898368,4.439766708839946,3.2502963701995298,-0.07022901532157763,3.8208781319580254,3.762016334205025,1.3311973440270901,3.174663603319834,2.325597608720212,3.7994962206313585,2.6391885374696065,3.587256152271081,1.8609090814372078,4.144727954005729,3.7758803266520347,4.470997303062148,3.5314081164987994,4.2260608201048795,4.940512109012848,5.239957134197057,5.320729888985762,4.112507518829405,5.141115945259637,4.335064854631768,6.483104097882847
-1.2251055834305637,-0.42812184042067725,0.058191766091223424,-0.6597842628646815,0.779959192007405,1.202894347261858,-2.381647493921923,-0.6539501779190742,2.0754442784146154,0.9596825194044654,-2.09475071080323,-0.38329926841534134,2.9050284416857806,4.338453136252209,4.000605158369726,3.299569215856371,2.4049096675029107,3.6136436248038906,3.0534813925642053,4.204988451496771,4.098898549458041,3.437479071031358,3.732132798366814,3.0304196461559396,5.35859346959721,4.058358425100294,4.827740707887128,4.701250664201123,5.349929385723711,5.4524405545284065,4.910939260882447,5.2450951521788545,8.177990222753236,6.424014484288344
-1.3224545534547258,-0.5751732995472632,0.2507872551756049,-0.22593003979546852,0.1446495273743007,2.5042484854408418,1.575700654310494,0.7316379325255553,2.2268533945510516,1.5484472549891908,-0.06895677228492807,-1.6527637492530194,5.018940845158591,3.5222541946835895,2.7355751987809565,3.5490476437695704,3.7116568041944937,2.48094124083194,3.1585606905035153,4.067532922649546,4.060013358177913,5.20979575405202,3.7907542195199184,3.6399400531241235,4.32305633519352,5.321237599283039,4.618182187763648,4.409885194523415,4.364196587524437,5.8835588372681835,5.636022401099197,4.898742432213686,7.610572396906981,8.668513330578778
-0.9779204057248908,-0.6911915856430323,0.15711540787772793,0.05271487971481831,0.6685804525033014,1.762238352396133,-0.1010849999527513,-0.5746999293563377,0.7570595613390123,1.583832576320378,1.8123803126533977,0.9446617274875186,3.2721279551664546,3.569721919511479,3.978617548124637,2.3313430108422555,2.1783527607886106,2.4428471538591863,3.2353222390525196,3.7775521884355303,4.26163146184432,6.550506237965591,3.1588639361069357,4.488377126657376,4.415240455213911,5.239405126814485,5.112523730286921,4.380044684897088,4.571351054401082,4.666391761892874,4.955588451873829,6.0624971502636145,7.991983820423252,8.336148117763306
