script/wind50m.json
{"header": {"parameterCategory": 2, "parameterNumber": 2, "lo1": 3.000054539987559, "la1": 64.9999836372058, "dx": 0.5, "dy": 0.25, "nx": 34, "ny": 52, "refTime": "2025-11-29T15:00:00.000Z"}, "data":
[rows 0 to 23 of 52, columns 0 to 33 of 34]
10.415903190640806,9.920481012361554,9.72383824264676,9.459547497901639,8.660561571567836,8.946571767980535,8.36828479024008,8.371390957162767,10.05837146228512,10.815933952022691,9.625052431552902,8.458720199164484,12.683835965592815,5.546969333519717,7.087936258877009,8.12063681350618,8.28052293416363,10.229216461928088,7.704852433376718,7.2805001653306025,16.204991993654215,16.85261820804473,7.263045602935832,6.092010462292427,5.10525103395643,2.4653590721039094,0.5003453752322223,1.328186536164052,2.6703273789332433,3.664595902519167,0.769880209427797,-0.22829053334085814,0.8346645178438458,3.05447928728378
9.710214849343018,9.667282261900192,8.998952119447413,8.982786792919288,8.409201018299393,9.093483704339826,7.489038372466816,8.087490978817266,8.757511705754359,9.651249591164627,11.339983442595166,9.919708274997463,9.161352257572153,16.109997723202184,7.467543493111427,8.305841399611898,8.130759381047865,8.290617741819455,8.337903658270097,15.27579173143498,8.080574997145625,11.007813208780245,8.071366867751427,9.01213996544598,4.314236178136481,0.20902014155539897,2.7412053381859636,-0.4814547366315415,2.4045745177343316,5.890005172516673,2.8101563786741823,1.0182770123131744,1.8273035239727087,3.189833849486722
9.088609653652817,9.19120901803923,8.562802107444737,8.115089330018252,7.892159640087517,8.540448038177562,7.31581433784782,9.195335869093329,8.830801767830762,9.325368547044565,11.366806146089688,10.066469192036868,9.065919517446657,10.833032651079794,8.109231630526072,8.389044785083005,8.003353633709416,7.6008775042919865,7.611200590265993,7.83455759188546,14.991301182452018,12.092855760051187,12.186967395972525,10.262227805570582,6.2868006681222175,0.1259225328645887,0.16071272859061103,2.7730865730215934,2.331285747553145,2.91328740658277,4.804891977111145,2.0762016925783495,1.6606460398111385,2.1742430978763636
7.6600827503316085,7.881103158038766,7.774769372717012,7.370359204761808,7.272333000974121,7.714964075567634,7.9010062548156395,8.271988095599113,8.689565838631701,8.489585157767998,12.108606194239691,5.571484455326375,12.15313529795355,8.230404060028146,7.900452631943032,7.64558568044964,6.47568820038602,6.069788981189111,9.764165038396959,7.389171602318385,11.073430975410334,14.327267717945947,13.627856790994464,9.967068646075257,5.168989690146579,3.8556809077840763,5.435183611603511,2.196390823863225,2.285686508632168,3.341691499448932,2.5030920664436747,2.9886698472171767,2.391224456337201,2.1180258649822057
7.438613941738824,7.9647070299539084,6.9669635039801365,7.296100924846092,7.2416015023334825,6.5788436225293285,7.753780689435298,7.174518391305985,8.169965595996405,7.277147101946449,7.038818495309333,13.118017041546393,8.424526364310616,8.865627811342925,4.877751240099101,5.968068294780266,6.40756193819354,5.545795242699677,7.718555279598675,13.690822269396435,10.353503843073055,16.18151776158368,9.332461633936576,7.015757885226376,8.524075707898463,5.1298413588903395,3.550959200298421,0.3018854012418993,3.5683220328261527,3.1941598198652073,3.0214586083463173,2.510940647674315,2.7606763174002547,2.30761782313102
6.244178325073671,6.1870054193866775,6.359719846241797,7.93086793314696,6.856014071139078,6.691756250011698,7.466707895786613,7.705242576364457,8.186056329456846,9.039634268319592,9.143055795538151,9.24974684540663,7.999493982850475,8.438672142873026,4.576522308914392,6.853410162010406,3.578824132632012,6.487516301816951,12.451334468277414,9.50646363223321,2.8376720865286265,10.724460621115439,10.407352834548215,5.69326465592337,7.266054709392889,6.036087399762694,4.710890191323222,3.137142211199329,1.764741997602324,2.49837420754177,3.275700517321788,1.3185391797736332,1.9747991191593457,1.9684503028439875
6.062235281825858,5.532702031785838,6.601207626890614,6.335593428065394,6.784460910602485,5.36642113840393,7.2290323760707675,7.106956900232104,7.181431527462151,6.910255930672003,7.363046358737785,5.701842595382196,3.0641735449887477,7.659808584519182,4.731717452104899,5.336446132850096,4.594208551661692,5.35470350500299,11.714178103457444,9.423944504663329,10.718111236195838,7.917020143706236,7.602716127205554,6.467184357222166,7.030929575623506,3.7125392471932144,4.774583978537246,2.6570601847571065,2.35673087686151,2.782311835524432,2.6316876622432495,3.237329851468184,2.335037430519098,4.399141746943683
5.866274403784521,7.080023723800098,7.455437548709171,3.77907738452601,5.432410226685407,4.892553438277273,6.258808833716026,3.5488464989087087,7.661306238078958,5.5213611016256685,5.0945454189792425,3.7471671107576885,0.6862004661795881,7.858391264490547,3.8880712924510523,4.791423756866532,4.875442984673864,6.656816669707924,9.148253350208504,9.168746703126157,10.874410290656018,8.276987393454924,8.437720542143783,6.507602984867218,6.134959622700341,4.478754282333439,3.6985082408688306,5.129448944852148,3.5638160715509923,2.4837365515488994,3.345441089831573,2.4384247258161404,4.161110119491263,9.277174124083734
5.853145752747863,6.361322627859056,0.38442573781413414,4.72321364347003,3.6701367168173045,6.384057106719749,7.46693039011355,3.0179381459348336,8.571499289385404,4.985662167724303,1.8560022950988815,2.9095405285629994,5.470591463893319,4.885359454080861,6.761496438903119,2.0120511981833475,6.100890467763609,9.136461465185674,6.251666219894923,8.745433780143825,12.128293711970427,8.102348013123299,10.575339957037908,4.96849657411224,6.086794670782819,3.84700242962887,4.8971283291476055,5.1486773795862035,4.937006406870216,5.055227064573759,4.006917935461924,4.007662751831832,8.968437565005223,8.963312282064349
5.21764844816272,5.91569399142499,4.660328401741267,4.920871881407783,2.723702133215274,5.768250145690527,7.303398525314452,7.151153438468812,1.996192587930654,1.5266727860777092,-1.5804400825699296,1.0277516401215563,8.142040550163095,8.285302730324513,4.159864333566357,10.396576306836362,6.861832591137515,5.073960410034564,7.3762202603945495,7.4664533444973555,11.625988279228999,9.839954120433507,8.260208469487342,6.976279603208916,4.216702078436699,4.953392401389075,5.8057736336483945,5.519982087721373,5.8234081070096755,3.638288920363131,3.9204230075166966,8.694791470686095,9.543258028625019,9.067077879808153
4.927176762648952,4.231089823174272,4.960131991881554,4.178467548791186,4.360955092184956,6.957497018681999,8.589179545251419,0.5254834331231648,5.259047017419455,-1.7396142430560333,10.098617859575164,4.875424764318645,2.9034638111799227,12.383829098651757,10.273108988622898,7.457776242128334,7.644840169292094,8.452317758810421,6.845030234790544,5.695038736946984,8.974969871545017,6.95833063426535,9.01828298688465,5.710752997206896,4.679485917824968,5.028419340965983,5.2369043171437974,5.366328707568303,5.139184113976455,4.735096864926921,7.588622606514379,9.36667180007763,9.106099653982342,9.86105440832804
3.812063317371726,3.364693009699162,3.5998575318548736,4.447634688500124,4.473098200060812,2.8543143154017487,1.1156069175384913,1.4271978940961076,-2.2571086773737776,5.199888081186546,7.239887996308155,9.824938219252223,11.301857209888261,6.5852833763181655,9.513830858397005,7.110033855200639,4.889879691942498,9.04816957555547,4.491862613590847,8.55894650843398,8.553269710222152,8.151068923733607,4.1699962341303,7.843501235383204,5.734526393656501,4.98945895387832,5.562703565717201,5.4367615404816,5.3485711614826315,4.590805919598935,7.812725004487764,8.806064943542138,8.9874455592041,9.986809290386324
3.1676549519109596,3.253732870042539,3.9305815630899246,3.5790836427692048,5.720936346384245,4.609607376414942,2.9062798173940054,1.7709474655303035,2.573815227620673,11.045281541113201,9.68064347012551,10.749918421624534,12.4694311875438,7.389132488540146,9.871251499900021,13.253372567279575,7.332738682355795,9.967536457924567,7.575435867400792,6.3920932415081015,5.037342500195068,7.464460780175838,8.452295845875275,7.001413112547873,7.405571253657224,5.38095758462573,3.7696115343826175,5.293004000300205,4.695690723632019,5.131498931714488,7.800782649946098,8.86688821986891,9.596682232070693,10.192834688158182
1.8377381493468066,2.236295659902069,4.873907747436049,1.832333940065776,-0.16944924493019936,3.574718327992916,3.662742023416402,-1.148673863967959,-0.02567245048300897,6.9213145617778915,8.148210716592946,12.047323834652508,1.9984144275761508,3.2166868782528377,7.635428261218203,10.941147205969306,10.887023657502757,6.341374585411806,2.9772312898471314,7.310210588814666,5.640958815366366,6.950402698294127,8.919438880022582,8.229315119294046,5.9538284510549495,6.7745177887525125,6.927132872340712,7.259543687428524,5.599488962495869,6.490050684966507,8.26535144931108,8.95193121956091,9.376915860609607,10.031746563687257
1.046509779931914,1.7476614827106438,3.032795668671833,4.0443115040130975,-2.2060415017586026,0.5037122522405728,-0.02693799509790235,6.227748058817879,0.8152118379932113,4.866452211236101,1.9232762796416571,14.338280108536248,9.627562534849925,5.874039511726299,6.27302704194786,5.9530350155628255,0.08003620157736098,4.130521143924598,2.859788937989395,2.4790388295501478,6.3110757445009416,5.83972575147857,6.2365368579066205,7.5576740150373825,5.805851208339605,5.729900310834815,6.021226126797181,5.716369830826724,5.965076351103021,6.999478695839243,8.748538066071806,8.511160114485438,9.134007206071042,9.672387995698097
1.0499085907491086,0.7063072538095493,1.5803686677374122,-2.8961693765786527,-2.405909266032313,-0.5230121130072027,2.261804655105894,-0.18064118374278804,2.2510306190722678,4.545155191202853,11.08337558549602,16.59176713513392,5.561785308685212,9.750232823730277,7.436195403791545,6.432997597111559,12.924121316386795,0.9671551385171708,5.3651847845663525,4.924700978308874,10.1967750139492,6.104290541258163,3.89638932615038,5.19401081885483,4.143371597416319,4.247849923899889,8.160041609220736,5.739458002271105,5.6366417267607805,7.746762991373689,7.749110637907051,7.8791988588563395,8.014785916403143,9.28018287232898
0.6969353465905028,0.15425368307095422,0.44040845479805435,-3.0205217583405575,-1.1423945227290189,0.1702693024800285,5.746285590524549,4.852456502707809,-3.4895596754029654,5.92774429679697,10.764306629006645,19.359831443595603,3.505259358145092,2.9649591741686883,0.960860385526253,1.2076863182991524,4.504843490470235,2.575778912196597,5.986856883356179,2.9460723209537405,6.331081256072851,7.364734929526955,6.2589724136307145,5.124021525475399,4.088362413382334,5.121797507042509,5.86555437418409,5.4644528429293056,4.686034933872679,7.299590295999526,8.007821463915421,8.014688782684651,7.4973539419038975,8.094390615783569
0.34776633195624657,-0.40517097532252744,0.21832109602909214,-1.4577506052392968,0.027279744854699018,-0.8798719634292652,2.9027246891349368,0.08844861719322286,9.063634535912179,13.039637675849177,14.081108090528478,7.526954489753448,3.0395725861893723,6.257355292563619,5.69734452570512,7.697454892430222,5.132832968003628,4.423319916013777,4.8299051874880226,5.747902418160748,5.505481686377665,4.723796242221452,6.023385996335963,7.340250798927697,6.0074589053566205,4.2407526691489315,3.9186009776279076,3.5489154401027974,5.1366538473177465,6.727832808504772,7.375944876667875,7.60044948918142,6.417796585437156,6.978968724114
-1.1576217952773855,-0.8306254824428316,-1.3040478164724354,-0.5893761174979298,0.4333835191015943,-0.578414873540684,6.538891499652963,6.928236800485802,4.076746597943624,15.656229829406794,7.859731539939154,5.417505735299779,7.2630279673727385,3.365958946723197,1.6775199337818225,3.2001156576955685,4.321504288028744,2.4376778566457706,0.7931841346082249,5.092172544518415,4.0654371637945586,5.6822957162469505,5.776139823732329,5.983976638029673,4.797767892200759,3.4000349857193477,3.4572939529959816,4.464987007563062,3.9394354662150564,3.238788811740569,5.64261739794081,7.239144908583187,6.9810458325911755,6.050898941121518
-2.193939935497883,-0.5139259949131577,-0.8152615972316541,1.3662514494911713,2.755858257603537,1.4014133112524834,0.8012690647208132,15.29989344603317,9.662384713317568,9.919889879556154,9.429571825378277,12.736572766874803,2.0121606015656845,12.502880972680117,4.156475328504441,6.169216066892083,1.837147982965556,4.960581320883593,4.451757059445842,3.682100641257966,4.02379033106022,4.152848903490426,5.020982292933292,6.374894822023718,6.309204054846717,3.584111893938806,4.445832865665865,4.429415002822319,4.8650995819404805,4.689580585798955,5.3131209159579,6.026850834671312,8.37897783978393,4.4961262656732215
-2.3748672600729526,-1.730162908540735,0.3300903271650771,3.4237207125792266,4.852657371582622,-1.5129480906575143,-0.11916737899201153,2.6948883229683305,7.807285713751887,8.364129961608306,6.408311791800235,10.963826924388854,7.23665931256546,4.019597408792939,3.7170369186680055,2.944601992467169,5.215906640734489,4.88716267016935,5.049882573659124,3.8803871996945114,3.5487251138168543,3.8062025211391664,4.130272242438671,5.4714961580946575,6.047264112450602,6.619437627921158,6.127633523136998,4.206639682724515,3.6960966468295533,5.313690527728538,4.002794560747206,5.259823020999153,9.319808146130942,7.1728678022529815
-2.374284431320251,-0.4138049462866535,3.2927592541527404,5.067616241976597,4.961929535518855,1.1000494441427586,1.638899785471458,0.3570290621674499,6.152270038481316,5.255515959173236,15.416568027200697,9.529398877750367,0.49225173028962965,5.644579493339545,5.18849395590708,3.2449989691501857,4.973523815385921,4.532485599686665,4.563293697920308,3.5696810997679633,4.327162894587375,1.571826432102478,4.529687139154824,5.883846703090739,6.341539997810081,5.237251761433681,4.864600701187436,6.456064019973833,6.685463576676013,7.31465620631057,3.5324432338700884,5.719266620590647,5.567438479574158,8.409069855408333
0.4291752363778363,4.7844043285121725,4.499611101272578,4.559956355927638,4.801710755976644,1.5197799270204737,0.6011411558308695,4.039182618664769,8.019489167586476,9.756307340647037,2.5034949621342837,4.311584241288782,5.468663608580353,4.385361696836343,6.585105311819658,5.497393505483942,4.987927890294024,5.4480962128507215,4.338693693461442,5.269934431752539,4.066796930652774,2.7263222422039477,4.857776813228515,6.41491019723623,7.09349258384946,4.949952885078316,5.659721756474398,5.949490265965114,4.990084580688931,2.107870093605683,3.7520005823406737,5.244777061015991,7.142937350270697,10.159042061907053
3.7008848374901793,3.515172171897902,4.542611555249861,4.440563515625581,4.188784306856184,1.8311304945212286,2.631202954927206,3.3088913443128614,9.83819343244831,1.3971486179483332,2.354927665058666,1.357173778579037,2.2023409149428814,3.6710450871327303,4.558301059839452,5.187295313501222,5.581116551315561,5.427428882704877,4.4016164781804425,5.397812824892561,3.6203887633589797,6.534339904964179,9.328859729930127,7.366630114016529,9.248345411837983,4.727411350985096,5.147168968800943,5.575875994773114,6.073888631297045,2.437088287669579,3.823716442632902,4.020188066999174,9.604436656018603,11.404030541547598
