script/wind250m.json
{"header": {"parameterCategory": 2, "parameterNumber": 3, "lo1": 3.000054539987559, "la1": 64.9999836372058, "dx": 0.5, "dy": 0.25, "nx": 34, "ny": 52, "refTime": "2026-01-25T06:00:00.000Z"}, "data":
[rows 25 to 49 of 52, columns 0 to 33 of 34]
10.787554921411,9.136139883840361,8.216602409657652,7.470213773193096,5.663175679097874,3.440710962798055,3.478893582194699,-1.00876201163703,-1.3520534981654535,-4.229686720511965,-5.077353417482504,-6.387685225199565,-7.028515045401389,-3.499428198352788,-3.005387882162422,-1.5889929294314948,-1.7771422392155243,0.05502552425382355,1.25747833149284,2.017333194711317,1.1384771355483037,1.3571377560620785,2.230176676301885,2.91857262978576,2.7526082061374186,2.1285768050999563,2.6531284703712994,2.1266699872724657,3.723076672947811,4.153634067807082,3.898234146076233,4.705834417848909,5.05176447273922,5.454635983878217
10.344697752854826,9.879035734340423,8.19996588194336,6.680532441278998,5.317223770194693,3.6237681952727434,0.05057560374766311,-0.6052457599203385,-3.867060064102329,-5.392246001501591,-6.961549898321062,-7.144709327673322,-4.920587743759533,-2.8790581737101184,-2.036830496886066,-0.5883808595434976,-0.004011772928189007,-0.5264116563774357,1.0361738181282751,0.5647130887624812,1.4901746477481717,1.1619974618195414,2.450542801047506,2.5620002394726713,2.265377462364537,1.9969536096129812,2.5985509277002827,2.189046574059944,4.409025082694965,3.8931501311034813,4.125389187937141,4.331969732711015,4.76644440008454,5.233539062247204
9.948917192400584,9.331626350573321,8.923157313795851,8.690142797868386,4.709265762310876,2.098900895500601,-0.17221367270892274,-4.48112127988458,-2.9449990668517145,-5.372213100083434,-6.786905073256904,-7.045981719589924,-3.6466276132451774,-3.332708752658894,-2.169161459390623,-0.2627870112125255,-0.6493264788587381,-0.8345707287835687,0.4984273826494639,1.0696748059127892,2.5143909334156525,2.5253462127808124,1.8800953472542803,1.5465518772331546,1.6722473370685034,1.4039363493002193,2.7752660793970083,3.1590112875055016,4.0552143376260235,4.2162679000814025,5.0390318466359805,4.741129794807942,4.916817450463927,5.107423442134133
10.006255054315053,8.889217191358087,8.179019884925223,7.712189026091022,7.322046379482793,3.7324721174382205,0.051080172807365994,-2.060266439958777,-4.666759331205531,-6.471622340124238,-6.445292323444684,-4.425039019500295,-2.650107313148977,-1.6391020235724496,-0.5733039179321795,0.2017624467809254,-0.18704047055479417,-1.159544112671171,1.4328674881230756,2.5791335975805216,4.724399444068993,3.291183109298201,2.1268614673577417,1.532744146248375,2.2519653770809525,1.0003861644904253,1.2633324185083343,1.6089620606466992,3.617679823879632,4.325063970367222,4.714742970122598,3.7324629637407014,3.842033685105708,4.815117641062676
9.772375327618013,8.722275501851977,7.240732926730296,6.428027867895661,6.1265933272677255,4.753290885244085,3.4384156889644895,1.8565414497295611,-1.2548936986401398,-3.6844077507544757,-3.4124411326639734,-3.337905536401912,-3.3176840477002405,-1.7379983117733753,-0.40226298926596654,0.05386588029214149,0.6786571124972234,0.5224455364745406,0.8983130308662969,2.4308814549186657,4.257522778846341,3.243118046458691,1.8073164992081054,1.8388633639057843,1.164943269439222,1.1303770416813463,1.339854779734256,1.4452690118721312,1.8278383571303334,3.020513064528486,3.9898767986956263,3.4017375909631387,4.614870166718535,4.69923944326557
9.584552962268296,8.854623123524572,7.255424389744591,6.0734973982518685,4.875881594467851,3.985451547680541,2.8398301037335902,1.5465631988716888,-0.1499466109042007,-1.486086026545397,-2.8265600125673407,-2.758208552042451,-1.7332982448626495,-1.9320441759352656,-1.066751784567943,0.4912534733028004,0.8476013844626785,1.8126998919153277,0.9069812834692094,1.1830136417474357,1.728286223321652,0.9506973541493308,1.6107294634601452,1.5982936131863033,0.4961696748604395,-0.18383845566873236,-0.04991086073970379,0.8125864471375323,1.9321628477588522,1.938405314948535,2.576358766055952,3.1044815552329403,3.5906725530082264,4.37478206983808
9.1975991459123,8.564727470440054,7.508292413934278,6.082507003825607,4.479754653421042,3.741156998487878,2.995706694777507,1.7633753132788916,0.6556611793833912,-0.5845918463953649,-1.2423784948725018,-1.8657980131312446,-2.3630956708891624,-1.1258175954492309,-1.50449054919087,0.9033354257446147,1.1348651148884474,2.0682908754085516,0.21673847467345214,1.9160342975955782,0.35612231439750325,0.32452370011859344,0.9527096975094093,0.38422659691097055,0.9834880074189073,-0.15411284266259995,-0.8571139101075742,1.020126283359856,2.354477010319997,2.032338943511482,2.2535639830076026,2.075866456981194,3.149410541375654,3.7140466538602506
8.64555577286047,8.179128353780948,7.374351608470416,6.266308684501316,5.046423120171385,3.671550410869949,3.0248927757571042,1.9851995849221098,0.22931917627912424,-0.5580959990128977,-1.535772755207458,-2.379902986857387,-3.3066060849011647,-2.631258960733402,0.23606035517119198,1.7074152388293777,2.4417805065704687,1.9005977780284804,1.2502101448865133,-0.48500015957660175,-0.10673091973943438,0.01773746931281844,-0.301645985923067,-0.46518548113286995,0.07128480813224011,-0.19108894333845788,0.5291788410179051,2.1754207806684143,2.6387619812251315,2.3628487070477595,1.945840333622845,3.0626135910169605,3.4211988114274137,4.178449634893822
8.30227557785374,8.38723368645394,7.184747759713373,6.6712271397276135,5.239176854820071,4.4499909885104145,3.3947543301734497,2.083282416799425,1.0034054732404962,0.05446334239043814,-1.7900771665951598,-2.6332463520378546,-1.8119460139741934,-0.08435571520147316,1.3774306547930912,2.405878907193833,2.5209118010475238,1.7024096845678296,0.9593413762028923,0.05900440498921548,0.4379906986276026,-0.352857807522094,-0.42912566223195553,-0.3005943767820734,-0.051236487542177696,-0.4451729505565474,0.1150034365519795,2.3286768586812916,2.5600138844243028,3.1556760033995452,3.7659851569397067,3.901559863945162,4.178261900305754,4.342839708750334
7.759472983902644,7.607367356211612,7.744401449641093,6.788511535892318,5.879419589481139,4.513957957355788,3.392166277283718,2.4509308323033743,1.0272592044228217,-0.8386854437527869,-1.1227517405819045,-1.3595018379170942,-1.3838542213246832,-0.47141007921010736,-0.0677051100732108,1.2321098069832634,0.9215331779949812,2.254815458339264,1.2559751704353805,-0.5311727532847133,-0.40298704105409644,-0.9441246952122585,-0.24913692158498538,-0.3471636363851865,-0.6363111564970467,-1.1556503043651882,0.16494645071219097,2.649321070324672,3.300022628581542,4.208275199876213,4.759362529288003,5.151629806678378,5.109578047108515,5.105502820672485
7.130933661779423,7.129810686539282,6.767595041186784,6.745743392076848,6.022524901599872,5.3540005115401215,4.221521319503453,2.9251843123640486,1.717645598976094,0.49619802928610723,-0.25611578850080524,-0.9050845587770097,-0.42626109112787275,-0.22964974354426074,-0.19182877743297191,1.3145889286234738,2.591316737883577,1.7800425825540227,1.7104372196815727,-0.14068099914554072,-1.494472307428561,-1.0542586970975265,-0.9765597291252366,-1.2296241888719486,-0.964217256552401,0.09224228972203244,0.46327845822382674,2.208139079901753,3.8953141055376346,4.492553475332425,4.981356013517415,5.728004697378794,6.191493437983707,5.8812786647197255
6.291628703924139,6.370040695745432,5.962557457611386,5.890478485937281,5.662875451810203,5.298968695792563,4.8532877409626245,4.17974548985337,2.8090380116613742,1.5129855226851903,-0.09274168338719051,-1.1311178498849843,-0.6379071673894292,-0.07596866107531644,1.4370540583809408,1.8013725943072896,2.0169029507043863,2.449208829943036,0.9289775033423173,-0.573200069617998,-0.44450985506690316,-0.9508272793356755,-0.3997526479822825,0.3459908265561129,0.8604705075984609,0.933012826674231,1.691270469916831,2.6728280577849297,3.7018523907601297,4.973306316508825,5.335268384387372,5.737405977086268,5.997106608243035,6.814003854468895
6.10487924758467,5.697455992318839,5.838556316214274,5.344018234680931,5.644696402343287,5.1408761938983245,4.6014480972457985,3.9696528614714324,3.7835987553050776,2.786195571780436,1.4449345994418006,1.575879294199818,1.1416119556451851,0.0436858416167383,0.47514207405610565,1.3169950872910126,1.1816356644977755,1.6362962708393576,2.42004619264817,3.892994295219921,2.9268363082932383,3.183629496657202,2.950265200306008,3.6018042888655732,3.4296811377912566,3.901259477445569,3.824868508998095,3.855645093348536,3.9707071171431405,4.502659947408183,5.361699076225164,5.584500444613145,6.5126620010516785,6.700775018070969
6.300732608565997,5.443438735239883,5.365843116546526,5.161374785055241,5.141412512483779,5.104094221756342,4.558346322054698,4.084194487117669,3.759098303699223,3.837428092274463,3.28392501707823,2.4098504657137245,2.0578990381309854,2.4715464191745165,3.690311866192073,4.404633899981724,3.593191569941756,2.546613489506571,3.018717963381643,2.5128499384306657,3.0046310007675814,3.0759348306127485,2.9015289926359618,3.5456604987919778,4.6134688649629725,4.2430598975096645,3.8016274907991687,4.583903464868241,4.603400849745432,4.9159999309428875,4.743393561712413,5.214732222964532,6.109881307799671,6.925086615714502
5.504347338333077,4.954012223902109,4.591751661019508,4.535938500987056,4.39246063810564,4.2230659259784575,3.768573763838202,4.403281322654325,4.843046784586574,4.030744711423453,3.5709005804147185,3.0241259530524824,2.8935547053567277,3.6674698559850456,4.529581170413846,3.9763696340401093,4.189034034900672,4.278755108389612,4.051788871382195,4.3010121685866265,4.132217671191013,3.2941241303004154,2.970645255811759,3.285860251101363,5.551728832605322,4.6012904240186225,3.9137982233726443,4.259777567683807,4.807612511951819,4.979509469347694,4.569952794497007,5.018580974116717,5.21349723160009,6.147266831091807
4.851470568691833,4.584459412114956,4.05953657379086,4.204110442681987,4.183652922465276,3.99671465625591,4.006318479747473,3.790645643256585,4.170355305829005,4.234583163051778,3.5676021211918787,2.215014111027748,1.622425036023082,2.301521642158695,3.5053986946310975,2.619980570255435,2.612384840694763,3.4018121815975984,4.116169726234502,4.730444477117033,4.912126563498458,4.620171242521777,4.270382777981185,4.933580349611395,4.761761361751499,4.761744504815458,4.089133728892892,3.8136056263089033,4.574107222010601,5.050708205763522,5.4198171421020005,5.088743793978158,5.274115402603047,5.3073112372296425
4.799039389811897,4.297501347541297,3.9998707366537936,4.5760505223999575,5.259254304623132,4.505046653064681,3.943248187277593,3.769345813853494,3.230417142295246,3.4323833108415998,3.9221783085367887,2.868713668716742,2.028026657653036,2.4212480575226363,3.392144151374359,3.4309008236581353,3.1221414857171,3.1683693478544903,3.8920365340923815,4.7190449950027835,4.7853768366814515,5.472161816842879,5.263744424310774,5.8465420824677725,5.579625111770098,4.418388404405556,4.047564729223218,3.509915627616726,4.164491139925379,4.981176262233056,6.476420390977688,5.660055651342396,4.491528458661689,4.378461412489972
4.478045042810365,3.5643636791998605,3.8743589668634586,3.5416168751353263,4.404807556023363,4.761387639907394,4.478545548807615,3.906149523307104,3.5251206540911646,3.0807346208786446,2.3181353826491797,2.3627768746509084,2.5889883551523805,2.2109392428742,3.379457768978733,3.372526922481243,3.1016912503768355,4.312101953363909,3.8347706751179325,4.1392490745188635,4.867937231894287,5.582705132360422,5.557262312003056,5.941563557658602,5.640257550184927,4.200626921619886,4.159421965689473,3.949647706010167,3.902597295074137,4.951775006652952,7.073749521543004,5.432592781590053,4.139559379154946,4.049413876003525
5.608394258807644,3.3857427665867856,2.853015973360163,3.1149004213978615,3.027707685621008,4.098967509720762,4.05884344087492,4.086368413452438,3.932547073695326,3.2729780138442064,2.877051907861856,3.1637428369132166,2.7644067139520656,2.5817405259732027,1.5451946564988295,2.2428008366353946,3.260072809840265,3.625992850560927,3.7183412717587023,3.9977601936226206,4.111298257445589,4.953604440982605,5.480736775572385,5.071430852045953,4.451297407706969,3.719767025012431,3.986649846760185,2.7602381791528123,3.6768479832586696,3.8359729058502054,5.24593355226142,3.6947323572761652,3.7972230112083496,7.375388523806837
5.007423580839664,4.606673942521289,3.3331736037159865,3.494262712008772,3.1856621624803787,3.3259910138638547,5.00912823105441,4.713073584189042,4.732046946691576,3.689051676334294,3.9932618374769557,4.164012053686014,3.677932583536942,3.1633412098704734,2.5898986233518713,1.9475424417145548,3.098898783128292,3.0687565381923654,2.3567683450973997,3.5258219931908417,3.6951476868957958,4.485393272260315,4.657562788814243,4.946132928650992,4.370540553969931,4.3370382583537985,3.946638335022195,4.297703706926242,4.534690548072055,2.7762280521795573,2.3995280231319533,2.151522510439219,3.7069249687757613,4.293127505965091
3.974354961610166,3.402676073072692,3.4669528325007772,3.2223347179093476,3.7361026532021717,5.210099604038017,5.8700009411171905,4.711183492465865,4.292523823319003,4.433141419515458,4.498572861554718,4.309103744676814,4.130222809023026,3.739479781858825,3.076834569496315,3.049397855762651,3.5420741206883952,2.5610825517158102,1.9658046562902838,2.4711707712494686,4.26422267174327,3.599124831008162,3.933904824504401,4.126948541634751,4.111017375468973,3.8387529994992136,4.311964072121053,4.511273644693861,2.903950054751154,2.5404765156729336,2.16234646746554,2.2880359095114247,3.8722320172080966,3.5675929625176117
5.795045348554407,4.5221919932071515,3.8210324080374347,3.4636427634892386,4.606147169327941,6.7006692329612445,6.2851348263917375,4.828597272721056,4.167533468449342,3.489322338111317,3.4097980233032064,3.8618273431032195,3.7484299948227067,3.8422473190119946,3.7466484894216645,3.3115694047791373,3.215293411672667,2.9100202016948065,3.150612946411281,1.6801776289514554,2.697202859296247,4.0086816070307,3.363475138451498,4.977919110164044,3.945535088297473,4.045245905055924,3.5777841932480916,3.3385356832593582,2.5838316161015165,2.2496895630610787,1.9942231388893727,1.7419208551757897,3.337969584647225,3.7092424406587763
5.967131775491111,5.505290855977231,4.6526971869024285,5.43655122690326,7.400430311430648,9.94442633411748,6.490615244743972,3.6799337458715415,2.706955091620919,3.51196418440744,3.387238544712162,3.182822651454223,3.08017756670526,3.3729857925431643,3.682446161844071,3.323102603854319,3.5627373291652455,3.627497180868858,3.846529770471861,2.007904477741726,1.9487571264903116,2.3303037164236895,2.1674624672422556,3.4906365168487583,3.4620497985555163,2.6261478164205827,2.733355933982005,2.6268459576890355,2.2261684098946573,1.7421093692036969,1.4010205159764642,3.0153038224007953,3.2554620695641434,3.609395295978815
6.929931625627958,6.205921441818147,5.5431297223107405,8.938495638168844,7.193058890248607,8.414612928258743,6.250367460019687,3.7268193956251605,2.117754533703319,1.8927810394557032,2.1537710632986435,2.9018807703651865,3.1186129219434244,3.3501642839556633,3.008296046289456,3.4440826517289826,3.2994611372494593,3.0652630632368543,3.7723814355942036,2.4557916943923366,1.7324072965871278,1.9394666417627648,1.860358994343123,2.832380961453582,3.0462600859830515,2.3908507807631167,1.7908510376493247,1.1306059888622544,2.2585953151054103,2.048427752187275,1.5772253935018388,2.2606337765793567,2.8052548238730144,2.4224010813401726
6.839348187713113,7.0603450155684415,7.29054943656325,8.296860079084423,7.4307141437640265,4.407533386157753,7.098571779655199,5.211098451188949,2.778207595017585,1.5682550948678573,1.7138796517168677,2.194595406265346,3.0232461422141044,3.1766000112062076,2.6455017486072316,2.6741006035621284,2.9740882027481823,2.552491349038083,2.442019153097527,2.1817027193191096,1.8765122457113244,1.985425703941109,2.9008779585649163,2.248806200839311,2.632244890620833,1.2350088159572101,0.8850523947997044,0.271957705627011,0.8590141762079683,1.5302817999447198,1.7202336103618303,1.5334543136171939,1.7772578209560057,1.1906063982326116
