script/wind250m.json
{"header": {"parameterCategory": 2, "parameterNumber": 3, "lo1": 6.000198445256149, "la1": 58.999992894266676, "dx": 0.5, "dy": 0.25, "nx": 22, "ny": 24, "refTime": "2024-03-22T14:00:00.000Z"}, "data":
[rows 0 to 23 of 24, columns 0 to 21 of 22]
0.6413848792778328,-2.304410282271187,5.009140146985199,0.6983408597082035,-3.2197342028963396,-1.544447159740776,2.538561483605117,1.3568960187782284,2.0790069042874255,0.5379781683025838,-1.0112652857442703,1.2458299170571983,3.70448714506631,2.0072603509242217,1.17797535056495,1.2697346356661912,-2.0154552811670206,3.665888617736829,-1.4834698926320793,2.3723315821019137,-3.698633175726268,6.1086823432852935
2.026227956774226,3.362937336170934,3.4862498901202383,5.977796515589661,-0.16155292332473542,3.181295567713428,-1.8357516664840603,2.773720374133026,-3.1306047990595327,2.4203154870485157,1.9618333800437495,0.07032532623143448,2.195170022921596,3.9167778252169025,6.441309433334271,1.508044923776118,1.929177507514916,-1.1659872558395046,-1.0258383926543793,-0.008683207909993055,-2.708651914305036,2.5343393204974762
-4.016437811486852,1.733339938029787,1.6332261129649266,0.24272144566656312,0.43031373202321466,5.1258895276173035,4.520707398854908,0.19380092178514335,-4.0592449460541475,-2.054837084335902,-4.363293535746232,4.209683692262767,1.3264392354222736,2.2688105947068147,-0.4321037419939977,3.406678248971152,-1.0551830013534345,1.5320269999328933,4.042206335127011,0.2625593488031411,0.7373092051019426,-0.01104170895431028
-3.1382236291268786,2.1580932585036656,0.19660493578367663,2.241115374681855,-3.053656720026841,-0.5342029225430426,1.8134561431544949,-1.496807512237368,-2.5753315239197603,-2.3917272558680245,-0.7599100394346427,-0.5509690159561816,3.0523430745801274,0.9625925259577348,3.0781030784773575,-4.662801464236713,1.4364587112334566,2.5323654231939283,-3.5664002815354006,0.25910941960688366,3.031323686143958,0.6574993709262242
1.2964313193945158,-1.9844422977515201,3.075402668587536,1.404774632836691,3.4502914637794104,1.0451683999820571,-4.1775741489855855,0.920994585144639,-0.3722578558165751,0.8475755811167511,-1.9992330345661533,-0.475436112887888,3.389220610994832,3.305248066008878,2.5601906626219626,-2.5475356811624836,-5.163696140019688,4.087623337628219,-5.000512596926176,-1.2102857814610855,-1.1237661860321129,3.442807943875492
-1.5122132980083578,-1.696377483196727,3.1623549738947605,-1.380675911414233,1.0407229977467578,-0.17428529557732175,0.6689253886458254,4.187762683440139,1.5582508775272386,-3.222819341202304,1.0924706225927618,0.26630773655035733,1.0035692531584723,3.0764886714584274,2.3667973278110703,5.479400573579695,8.634941466898272,2.1650681333312116,-2.4335489474545358,2.4040189083875547,-1.1414921832751848,3.7020431243574783
0.43625694520068486,1.9575352118880154,2.3251323674215634,-0.1551125372095182,1.085321552075245,2.452352531765593,-0.7405450281447548,3.081120128901087,4.236524451838463,2.8513679451712837,0.916875136648838,-0.05778275567127294,-0.42860847528580326,-1.079779202011595,3.4020590028003044,4.776475490799933,0.8914084831341678,4.481104586987388,-1.4155637091362672,1.8602602300571198,0.4529588445248213,1.073050191138944
-1.780827675910592,5.43477034933041,1.7172305383482491,1.786404854748196,1.298973857824202,-3.632429330381975,3.241098378222434,3.1960451603920226,5.935413508801463,0.9316261686108969,1.03987327754403,3.4834744884554874,-2.316398413004094,1.1012440664734193,-0.5446319785847937,-0.022418213688507646,0.2509312095466803,2.061517893122863,3.578390148888438,3.476165065919729,3.6569542309472443,-1.8908040131754746
1.1089707439779268,-2.4892669763464768,2.1782479132568704,-0.2021151240158293,1.6137667483025833,3.579827850587169,-0.6712932459053177,1.2186493125124425,0.2512458623910656,-0.5873746922432299,-1.4041108573211967,-1.7476521469831925,-1.1920253265711598,-3.763509939206982,1.4907579486052467,2.9919786911311883,2.390620000279732,-2.5344175460348377,3.6098895991033784,1.0634554114215997,-0.34851176077362855,-2.479494259041357
0.36466909404465336,0.9142937891401842,1.7861671025086008,1.3721247295685775,2.9226500559720017,-0.9372360139920927,2.1733363063852935,1.223078278436894,5.201298987002078,4.363405672759208,1.3850633386742155,0.2682575004397232,-1.946807133498605,2.735002083615214,-1.019436365581006,-0.6824767021555471,-3.767463775711668,2.47694755550894,5.167405669804726,2.6314708322890725,1.444489600904917,-1.5807928640493614
-0.5657899268241191,-0.5538743349435437,0.5622041863842311,3.6921777981859223,4.849898855227895,0.530623506972449,3.9822072636580605,0.053393908023847,4.25881722852709,3.603856998678981,-0.542736784317356,4.7158236166140775,2.417225589857701,4.2445368795756195,1.1360749441016331,1.3330556288575077,2.119669478577928,3.870959633336569,0.0327151945654135,2.6453724878126263,2.33570046228442,-5.1529878780713565
-0.04172210629187475,3.3324365790369748,2.5388637810496277,-0.7225002758585036,2.0090611032063075,-2.0659368402794054,2.2598148835644434,1.8039694702410718,1.4745612973851925,-1.407923071220875,6.1019655094403324,5.116492992193352,2.9746359799825557,3.061990718994317,-2.5065055561658185,6.837910098230535,1.7312901478938647,-1.3594892696219978,4.505710561816506,-0.690389402523775,4.265982096506207,2.783355677979045
3.133504923772772,3.1884947117173237,6.2285749703884745,4.210357235813819,3.2208515130084847,2.165909964428733,4.0261732473626735,3.0383003481307873,-3.83662033831604,2.224658042680145,2.30202888525258,-3.7958788043616822,1.0678937392568617,-3.9571689677622306,-2.511185690027728,1.501098351704906,1.816401726484455,2.5148985425168093,-3.415730374368349,-1.0275083823218714,3.8051498832528203,1.2810971785778262
-3.6552211920073425,2.386471120951116,1.2353008390325357,0.26372840000244646,-1.0755094801694547,2.831696061892087,0.12036601517997819,2.555379160416215,0.5617713220878189,4.052316982787454,5.508683615756645,2.4758036372755443,0.774420783210865,1.6098113056769063,1.2554448364490822,2.8003179462552787,4.516273355323836,2.736471962936472,0.5422263492563114,-3.9171001218775143,4.287928102896423,8.224477694847433
4.274098775014364,5.257238200327993,4.772608976793459,1.0956805455062932,2.7819726180311295,3.2192745046281788,-0.5498775601045609,1.5822745676249703,-0.3393499135658484,5.446349568011746,-0.016587913421716984,4.670735895064099,-1.0926061036716286,-0.5148855807700031,2.8532332627895487,3.040727262607484,-1.2060790643288886,3.2486619115942212,4.887895969326684,1.765821998896858,1.3100060204761663,5.680659495987938
-2.177801383622175,-0.004620553556070811,2.3976218093908694,4.660304423439406,-2.791906502241169,3.6789411640985636,0.8084427289092332,2.007732227096821,1.3082308981697195,2.860378338092785,-0.9158515485126096,-1.126394275509156,2.766437292545788,-1.4752752928186066,2.324306667717527,4.996118431670609,0.15083242173073325,0.2594447706088748,3.667966979340968,-0.6071600463922836,-0.8942166339397984,1.8771791056153342
4.773189926155321,-2.5112761721417796,2.992107228263399,1.477159686302966,5.068834818935766,2.688716593769876,-5.553689828687991,-2.361576161735815,-1.8988402714050656,2.9204286040707927,-0.9459517772427747,2.8003052765854135,-1.2756494830949312,5.547851236841155,7.081889112593287,-0.5641319045943942,5.625660650888429,0.8358932174426366,3.1245278776215875,4.29080697006576,-1.2365594291122766,2.9174459536358555
1.339267855413886,-0.08956990600729918,2.90159377223485,-1.7695286442536982,0.10367216993792307,3.9764818751616695,-0.3269338167264664,1.751011414463275,0.7211131822006263,0.8981147077210996,3.26519789681486,1.3771998213486571,0.4795893433635981,-0.4648770504178495,0.2488860782726893,-1.5980746775800014,0.5792963521734521,3.6074334047495826,4.3637766940236835,-3.987189221466065,3.842335745682225,4.758478348450829
3.5292529502743477,-3.8315586970218285,1.0108323155201429,-3.0673695613666356,-5.075592616097852,-3.061430364282678,1.1546627687735498,2.2697333989054513,-3.2416867126446522,1.2966567543902785,-2.632577128017144,1.5470829432117195,1.6949294825904606,2.2010602238491885,-0.39963914627339747,-1.1994491994495515,4.693682637574937,2.5972536540338687,2.4567348497724035,2.7431785151718744,1.9118633994941243,4.315595057219831
-1.7781985528415032,-0.9043222563065848,0.36978505659436184,-3.659015934097532,0.6845988523777491,-4.277207611043349,2.6294889998088165,-1.7303107040306682,5.1500718522864135,4.230486866816659,-0.6140660580078794,4.3158849222378235,0.2654518065031424,-0.4524470497702803,-1.2362935577914576,-3.0052013529630104,-0.8049855001330121,-1.096169834085206,2.8028029972172814,-0.3541318476035116,-4.466918021990091,2.5482969568429024
0.3860395711309818,1.3008588619358012,3.389193663439356,3.082713032163786,7.168103211111963,-3.595301556271984,-2.4238661961136625,2.7461858653001427,5.924728324773101,-1.8946435094102532,-0.03662767013546824,4.390642921899926,-2.1651918192735304,1.1227233626786697,2.0452353806541637,4.788343115731014,1.4501634979994957,2.1956689076297944,-3.3372431025026947,0.1827898438956827,8.7386352760596,4.749389001600862
-2.9265358379823474,3.793268453765348,-2.4229340975192883,5.372569999847863,-0.7066179894020731,1.0831236336672208,5.220146221264508,-1.0754886325551851,-0.11942403055980055,3.4083820829253684,1.9563578039705867,-1.9708116785505352,1.6075285710036133,-0.4227969851503964,-2.46559194100938,1.181056683047692,4.508581872641985,1.851708608214117,3.368804267900446,1.5735045491352642,5.2564609337431465,3.8145865376714765
-0.904165985212754,1.0674359198293453,1.6160543095683693,2.4199810572206744,0.9078403319409799,-3.451725132547113,1.8011104734447028,2.7063990596294376,2.324997309013462,-3.6683707474106653,3.9275476329090098,-0.080231558297085,2.1212321810610653,5.982775537871621,-0.31325837395844575,-3.5781206714298173,1.0109312091340232,2.1329334866008507,-2.6331188947315374,2.9740310264040914,-0.23073351860470945,1.0011884765585344
-5.199615098015257,-4.452825665180283,6.189252606981032,3.811590537125153,-3.4588243917797863,-3.279434975829211,0.7482247282775877,-3.497178171227581,-1.6264829746731622,1.8594217096762697,3.288592174577549,2.309335867109451,2.2088438288709096,2.5858583264543973,0.4363415653745749,1.7960579222505584,-0.7310298777942305,-0.05630452779747658,-5.082800650799826,3.429529752307812,0.9688926546271552,3.912310278854021
