script/wind10m.json
{"header": {"parameterCategory": 2, "parameterNumber": 2, "lo1": 3.000054539987559, "la1": 64.9999836372058, "dx": 0.5, "dy": 0.25, "nx": 34, "ny": 52, "refTime": "2025-05-25T03:00:00.000Z"}, "data":
[rows 0 to 23 of 52, columns 0 to 33 of 34]
2.180758866188055,3.059254618796542,3.0788850058137056,3.7817997750732073,4.251369164626272,4.6485849317406185,4.614634985464831,5.613510460975028,5.430307248822589,5.552130156386597,5.7723160153157345,5.947592978127433,5.866251888122172,4.487846101406113,3.8492724924611936,3.1538764754569324,-0.8383744829784542,-2.263289198720508,-1.083298918873451,-3.9258967295412117,-1.932135558846864,0.14168069087306062,-2.449325505956799,-0.5274575997752942,-1.0104955994031346,-0.4369125024376747,-1.3601276322503504,-0.9846028685495157,-0.6236124237074082,-1.6949652121812988,-1.5252236469658003,-1.555421141104619,-1.001821700212594,-1.1651023921210608
0.7006792770811406,3.0675851207322453,2.865839920045974,2.816773544419077,3.174501377285542,3.5600575574746554,2.8557610041388,2.9167128969364193,2.577850289630009,1.8655765097653818,2.579854966358205,2.748970717657133,3.2180020084779435,3.301719077035093,2.406132040561435,0.5324779338580385,-3.0357015987662046,-2.372876455251775,-3.3505773561553736,-0.7962068104665531,-2.5494779079854384,-1.2806734440921546,-0.5639691818431003,-2.2061744227423543,-0.9732798055668315,-0.9945147500765394,-0.8784029827266441,-2.191736356996086,-1.2203542258549729,-0.46242759322849686,-1.3370411283791306,-1.4663404923770007,-1.0526227524853897,-0.8755684459799566
0.48155032878587933,1.0883639131424145,2.89757943769044,1.7871469356346197,2.300098459096934,2.533368570937333,2.806999123488749,3.388108296637884,3.5613389671774374,2.8853315595721223,2.3107741565646402,2.783984206809893,0.9761887274285181,1.7949255466438407,0.7325694500516595,-1.968390667383791,-1.003665280055495,-1.9160392074792538,-1.0356077228541478,-2.4533218302413533,-1.3761815923955072,-0.1022031500651346,-1.8758294064290886,-1.7425681978764638,-0.8097082628339027,-0.9650865340633197,-1.5583974052929668,-0.8388091060485444,-1.2831360168404058,-1.3724870035261572,-0.3729192523525846,-0.7525202393701155,-0.9000260170105218,-1.153174455301797
-0.2787062466721726,0.22621601521225476,0.9622228715478214,1.358496369669242,1.4589756508545932,1.6368374557988679,1.6415954181331323,1.7251597490176407,2.2069929511997093,2.409828049730725,3.0588827652889807,-0.15676065503597983,0.7519142769711145,0.34076956986570694,-2.273946474510123,-1.3416351045895987,-1.2789165302603769,-2.0760258435331105,-4.008585653378651,-0.5563980992066481,-2.9625961839385293,-2.800522872217206,-1.9087145592257169,-0.08574497601498436,-1.0435945142006968,-1.273860573193338,-0.946632799347684,-0.6890461166623882,-1.4278933797424354,-0.8455223776474007,-1.0775872156006336,0.2845972592483137,-0.8528356542282655,-1.702890390787015
-1.129262987024328,-0.7019168089202792,-0.40716743353297313,0.5103995863421662,0.703521398787806,0.8876847885474571,0.4857833405757665,0.7082262834955665,0.3658664216975573,0.655450818773987,-2.050563005064679,-1.8992242279444034,0.0474961696759595,-2.2432767362918256,-2.842213840219358,-2.75215820894663,-1.513785688288681,-1.9850624508354007,-1.4159997655235932,0.44572500706562246,-4.430067008663019,-0.6169407676647842,-1.9860459569390954,-1.171141777967582,-0.4920322651166258,-0.9460595105290507,-1.4909595225669168,-1.5383681567103644,-0.7327345353630423,-1.1878414980872372,-1.1411277254875019,-1.6442410986804532,-0.4934843632025323,-1.0940454043131287
-2.517253476100571,-2.0293136211114917,-1.7630905078310086,-1.5508161441747816,-1.5703926924097003,-1.2458975309449885,-1.5742450977318159,-1.1770454208037315,-1.507373259916349,-2.8331343523261903,-4.59483929493165,-4.293726581134744,-0.8104201787649343,-3.7817931350371623,-0.9808996789390425,-1.008091673548777,-0.6486194886701412,-1.1502614858764886,-0.6830264736005826,-2.8834189224448226,-2.659253061862648,-2.9376248211257647,-0.49319152006076,-0.7563154152778759,-1.2447978908814221,-0.7109581947464209,-1.3146817625499054,-1.6430328825068448,-1.2126054384366174,-1.427412004916018,-0.9290214252050538,-1.381992637025445,-0.6386190460894625,-1.3641475334916886
-4.228744847166539,-3.908263226887609,-3.276743759066543,-3.3017922402927082,-3.509963440160301,-3.7904642166496028,-3.7639466651388487,-4.018793815112175,-3.632793539259508,-4.20672682694227,-6.144590002452998,-2.9166272460291385,-2.353268636137296,-2.0763235707775176,-0.9501359381326486,-2.9605153152631556,-0.4248482885323682,-2.8351668666409275,-0.5353428557232366,-2.8427308539082916,-1.766127633965669,-1.049959023548482,-1.9776007235030113,-1.760466699033786,-0.33750674719679025,-1.226407768034021,-0.23957987136239417,-1.0742941425066705,-1.1189335297858305,-0.5986222407938091,-1.011033595415562,-0.7882661149624948,-0.72188910061898,-0.551335730912558
-5.135869947895716,-4.4383959707401175,-4.896636049207006,-5.280473170630126,-5.094327879807873,-5.276288711621476,-5.9479112918419865,-6.119282547381952,-6.618796046621819,-6.641554861029799,-6.329083602988177,-0.5702056290402153,1.5789963939605152,-1.7967821927980703,0.053380776691372554,-0.33913245883772053,-1.3169707039532799,-0.06609978476320336,1.6983152346870622,1.9292287457977184,-1.7694396345366792,0.5405900256060947,-1.8999952007162675,-2.4435621237827316,-0.777890370488829,-1.3334901352882131,-1.1296888532717198,-0.05247602146983233,-0.40055396276039323,0.19171803049425368,-0.18721773947900833,-0.6059566081016765,0.409999025660783,-0.0777067303082845
-6.3311987173713105,-7.296808137949353,-7.618850475722067,-7.515028902898994,-7.451101441084215,-7.728201964150771,-7.0695776739112866,-4.961373905060173,-4.176436134179671,-2.2776396982942484,-1.2940485738311036,-2.938667524159464,-3.2393716038226152,-3.875479212206121,-1.9272687708951743,-2.6272337695153785,-4.137532413259697,1.2826986257194308,-0.859315889391615,-1.8745306227651717,0.6067845408973404,1.6692865201872216,0.5907494859941278,-1.690303102654899,-1.2360299918489766,-1.3905311773582,-0.6602279514738925,-0.641479972243418,-0.7785230258233089,0.22481984867475216,-1.4881707207880972,0.3585390181302381,0.13449592279295752,-0.188774204743955
-6.969675888828405,-7.645437068240887,-8.029598623212989,-8.481331942027872,-8.172593595402214,-7.188061505627292,-6.249148101076265,-3.3864419740350313,-3.6594776357878476,-1.5372405890035026,-0.962125187901568,0.41711477154480153,-2.5175953133402724,0.9596540210996488,-2.5873940976127536,-1.1558126245263083,0.9183631525815453,-2.2641041376144955,-0.9792673675305457,-0.23116614959053863,1.6694407621910943,0.48682323290361607,-1.3266616083587681,-0.9402247088258227,-0.9933664848882571,-1.0205659294087301,-0.3767703406446913,-1.0272132910591343,-1.468708856116517,-1.1549175249702974,0.18109603108009953,-0.2800659322852444,-0.0881361570404442,-0.3683397450958172
-6.316577186033564,-6.6500160593857185,-7.1529652819497445,-7.266167496403858,-7.510233283335722,-5.475243134604355,-3.741674607765764,-0.7009756899524554,-1.8719671369701005,1.2813612515006703,0.7011651424269159,-2.931013529176478,-0.03358425628298723,4.076171595220814,0.2273136283961577,-3.278432073343564,0.5578636592824295,-0.994411678310665,-0.8592531680555792,0.10703043414734206,0.5442430746179528,-1.633316234635365,2.0243272565675694,-2.1028944108360235,-0.9294939053236138,-0.16680668304592536,-0.48995986362858485,-1.1598634338629585,-0.8392144826849623,-1.6975609624591832,-0.38005351302759627,-1.006345286077088,0.3136971485126992,-0.38156654651142224
-6.3048654268590525,-6.553541277226703,-6.537229412131815,-6.749399423719316,-5.90063397725203,-2.368763499969053,-2.68211612321433,-3.3109866417358647,0.3540495731893586,-8.624930486773062,-3.6299111040104863,-3.182899346145753,-5.37709603805319,-0.16102332888802146,-0.9292521744424719,-1.4313182528052046,-1.227122093742344,0.19209279118829106,0.1980764851441977,-0.8777746678576543,1.1905565121817914,1.3468777674665002,-0.5547056476178924,-0.022589682626987823,-0.6038422598210975,-1.733258171830218,-0.6983358521474403,-0.6448620378423998,0.6499101856663895,-0.5931475306012775,-1.456398901359687,-0.7268003000105461,-0.7192721311417866,-0.7124705847677744
-5.398963608144811,-6.740030301350342,-7.052381954295446,-5.961149981972043,-2.990197185995071,-1.5340801346638726,2.176392672282911,-0.9264540435769922,-3.7032039671146464,-3.8196068602303943,-4.913632010800075,-6.474243644868678,-0.05095345623739736,-1.1234243819376846,-1.9147649130222753,1.137967004287835,-1.6887221118407836,-1.2190208499088664,-2.006797499082719,-1.2627531808489327,-0.05446970715889224,0.6552920837011216,-0.04635404118403142,-0.8922885826595177,-1.010225706254447,-1.456199547393267,-1.3648172535066918,-1.5609823276255732,-0.7084016153747278,-0.7951460111605342,-1.577363881312064,-0.9325973330732503,-1.266488752390684,-1.5045636738833634
-4.858638736577924,-6.047385957528507,-7.57865543510072,-7.3950919204611,-3.9693073880920076,-7.094659771961684,-4.107230716524528,2.1426858242025046,-9.158192109880442,-2.6333432585807297,-1.5171258950635684,5.362158673597568,-2.6935205109783804,-1.834854121849314,-0.9007288544602845,-1.1029037381984523,-0.9238348191180813,-1.2835354645711652,0.5454445745465952,-0.5894633902448505,-1.224273679867164,0.005399234039672469,0.807093976571302,-0.1606032219644591,-0.3330952297617941,0.1201730751321621,-1.0484999142580065,0.7956398440193665,-0.8485550302257732,-1.173334425156161,-1.8605098017799637,-1.294532767978749,-1.371312629334147,-2.055373374907007
-3.801303660752409,-4.727292784174765,-5.556327717782628,-6.23381326882657,-5.738734118719825,-4.71390546570541,-0.7032583743382265,-6.616417229725209,-3.5052492544171674,-1.7917773939870372,0.15102773893172405,-0.5243376366054483,-0.053311520749630664,-0.3753536996795944,-1.1636008336998995,0.17494216536676482,-0.4675310098629364,-1.3625992709773214,-0.07079386868981517,-0.635472618698136,-0.8610976321786016,-1.1174053784434659,-0.281889732564059,-0.5721874563837938,-0.8981251974415295,-1.3221326509222529,-1.3612902161680722,-0.30135550872158595,-0.4927394046191845,-1.685069760707347,-2.21277458688729,-1.399082509122523,-1.907554478123423,-2.3013385498120282
-2.668483761684755,-4.106277411551155,-4.255508553161761,-4.9462616145593685,-2.9130475146791124,-3.340918427001456,-3.7573374583014147,1.834536239008352,0.1261571894044356,-2.5567286500539423,-4.685311957874692,-3.5230689740581824,-2.9888123789850463,-1.3375459274092376,-1.8095753566196857,-1.0100921888180907,-0.831334536974001,-1.5769422543206773,-1.1159592422909201,-0.5484265595912997,1.6083087874904987,-1.0978626620148815,0.19572145993715842,-0.0014785497077145597,-0.5263544132300555,-1.1277879088174512,-0.3234206936178523,-0.15280548941011712,-0.914193621086383,-1.3870449623875143,-2.3043446203782,-2.0516216775547247,-2.139154674585021,-1.8413940647785176
-0.8862499895696788,-2.580957260616743,-4.187538439032104,-4.699104955539701,-3.293753383048721,-3.1811915247880505,-4.880651557529952,-1.1867541255949134,1.2120559551268044,-3.1569556933035,-4.3221841816188915,0.9729856392110937,-0.6030655780053743,-1.0931569524179243,-1.4480052431186268,-2.2396793221306943,-1.1232703980220404,-1.3889153684688915,-1.1369198745360867,-0.6825360079271852,-0.09249236352883848,-1.1030443143867439,-1.30635769731187,-0.23414369030997384,-0.8495131051255379,-1.1588018507266045,-0.05446120344575086,0.17589136498423322,-0.9000337495962384,-1.0663560645417773,-2.3943576555424295,-2.420728222076947,-2.124576375843918,-2.0794381258377066
-0.3530057410847602,-0.37122537345501677,-2.1170379864777877,-4.094572445646507,-2.5230619370236544,-1.1524155613944678,-3.519914788201741,0.8182448880931202,-4.0816184100463415,-2.8444048010833836,-2.268688614686557,-2.508052367567891,-0.4425872667561631,-0.975773397698383,-0.8725457667547003,-1.028676557077429,-3.924990551940106,-1.0696564606283714,-1.1344394849130854,-1.426675618336097,-0.6149991675080816,-1.4038996841908389,-0.9656266152484936,-0.2866004788656453,-1.1888929676185105,-1.3417654011405002,-1.1410298356772963,-0.5688632382445751,-0.4011388739783243,-1.276707466516327,-1.9982169969861667,-2.2201259541456158,-2.3408899848326605,-1.8036211191363358
0.06609835971741695,-0.40408659973018096,-1.3140065688086673,-3.124372526346015,-2.3150816200370556,-2.2907473509389065,-1.8752591354485875,-3.0236880792147875,-6.797973220120285,-1.0481955781910173,-1.3432851849579077,-2.5878726625025363,-1.7233046567342687,-0.788708887642537,-1.4721445477193333,-0.4641233498047076,-1.3559980381441048,-1.404729597797406,-0.4398074977709325,-0.3443840335530676,0.05509405680305563,-0.7395387859254571,-0.7747316203472695,-1.1325164690127458,-0.9076870881332975,-1.4240421139999035,-1.0344297644560476,-0.5517431933194893,-0.826011432467503,-1.0380426763407296,-0.480135273676884,-2.14949788261253,-2.306945621785183,-2.1375026003419744
-0.674642585295274,-0.6875444903274689,-1.6981734842295617,-2.1206163865482486,-1.9876898435647468,-2.369049370266588,1.3124434552056672,-1.0903057023279177,-4.335806976214554,-2.4231445576804975,-3.6358807241442803,-3.3391702688296907,-2.004275136327618,1.5498368163747605,-1.1791343958494882,-2.0748052163570994,-0.7523505597147525,-1.3405074841339175,-0.20920524168891658,-1.2345295603288107,0.8646147420339887,-1.646485609469907,-1.2401156943828298,-0.9309062241326878,-1.0774812680479273,-0.49163865137083024,-1.3323772703060532,-1.14777753831806,-1.2824041027329476,-1.4350412069283685,-0.7236998854957933,-0.5035244264780225,-2.3646439348047474,-1.1456813450787706
-1.5625208806527056,-1.282142170950713,-2.016684669956077,-3.3396636987807526,-2.801347779957854,-3.0808836907699546,-5.996929647232092,-0.2102738175376756,-6.728110812571416,-1.7579864313242926,-1.526494530666322,-2.108791242837821,-0.3267906963565067,-0.014773128923632348,0.09135811155798253,-1.3181591186080792,-1.3390711500546872,-1.4323360131439846,-1.1111937155495015,-1.3738672556714153,-0.06104158290352806,-0.34269980051924903,-0.31918894768749023,-0.4863237147283083,-0.48156631001737443,-0.022114209709409673,-0.747456526762455,-0.9433961547298846,-1.0662725880926611,-1.1370408669212018,-1.0446889156970534,-0.5887824438197274,-1.8419262096849915,-1.9299116493200812
-1.9818983113994304,-2.4114265555439034,-3.040391998550119,-4.602786697486651,-3.6189907732623405,-4.958644513220021,-4.9669298270037885,-3.536050621445282,-4.95447019001615,-2.1614328349980365,-0.8695418217076962,-2.1410136611360375,0.25317364150954186,-1.0532005883254396,-3.2081268960231424,-1.4286663190086117,-2.0242347868483503,-2.0838102070739932,-1.4258545167621668,-1.9011668886443551,-1.2657613632742666,-1.98591631133789,-0.6647578562633766,-0.889202678582778,-0.3867831844170144,-0.9408295933046175,-0.6865617000779052,-1.6208628203239686,-1.7532551379701242,-1.9130980280188037,-0.9931848599663663,-0.928083531871915,-0.8154611682514291,-1.6249991821005696
-2.7841696881360485,-3.2088408341464842,-4.139751224678003,-4.898838533291995,-4.134522571254828,-2.148073013738565,-4.100712983760054,-3.333279337760284,-4.65327606590245,-6.667909982677745,-1.2884383119785063,-2.930804446998639,-0.8766731559939925,-1.7961574418843138,-1.7717672490195024,-3.89893411490234,-2.2736960801938926,-1.8885317204144714,-1.3083779795075046,-1.526593061876084,-1.712333458930382,-1.6798697007280148,-1.4965581932740466,-1.1596316239564288,-0.4105662646230947,-1.5306102689588625,-0.9593677170514348,-1.8924914305108267,-1.4286962705229995,-1.5963123944584654,-1.3333302370441946,-0.6187888318322887,-0.9585330261021987,-0.6706548749216693
-3.680570249174005,-4.945176961296475,-5.1228307542668725,-5.680611073577953,-5.052108546253046,-4.300204287940764,-2.0744638053327784,-8.513071322262963,-4.273851709455088,-2.501727752244073,0.29577750452701973,0.44437678256832025,-0.9761955476611736,-1.5270528666946268,-1.833022210065807,-4.727831947350527,-1.9532911908042647,-2.2418442042965365,-1.834682531728219,-1.6354118328517004,-1.1205221263148377,-2.648541258510236,-2.7410833117212943,-0.8957077030723009,0.4259392970506243,-0.756078461946289,-1.8322720033762816,-0.777998273309215,-0.7420244580336604,-0.5540038161410955,-1.1679818049650448,-0.3737770835250082,-0.008038560972002845,-0.23976339620215148
