script/wind350m.json
{"header": {"parameterCategory": 2, "parameterNumber": 3, "lo1": 3.000054539987559, "la1": 64.9999836372058, "dx": 0.5, "dy": 0.25, "nx": 34, "ny": 52, "refTime": "2026-01-05T11:00:00.000Z"}, "data":
[rows 0 to 24 of 52, columns 0 to 33 of 34]
-1.7895516356428118,-2.2299181283332166,-1.2770159179448866,-1.4984243068837892,-1.0217287221638676,-0.3535284866563721,0.32700247503369095,0.5117011945904054,0.6628511661367986,0.8268863633380741,0.9745985099738462,1.7100377056399887,2.689056467707986,2.9608124628288737,3.723078947655699,4.988503111633967,4.918734437056023,4.455754580624294,4.409643689289122,2.104249087571219,-0.3783773839614176,-1.4980845711003032,-4.034759054800059,-3.8921125498771447,-5.021849839057358,-3.5384587211727387,-7.117580063432601,-5.6582379728367105,-7.028708885174684,-7.455292464476282,-5.541224969906875,-5.839866330738891,-4.903794439670409,-1.0210817731190698
-3.0555546787818755,-1.2988156940250308,-1.713724752121835,-1.5247830324300755,-1.4023489413020123,-1.543918168956273,-0.8683754992275643,0.20161773100739203,0.7850704769290411,0.6737201077174686,1.3874999078868306,2.0500162193705305,3.9086076269418,3.5853163528627743,3.9743612165507365,5.007737008070194,4.647899148103636,2.8186154634340452,4.357098260580471,0.8912050050276769,2.8715759695955096,-1.3306929701919985,-1.4524265199721493,-5.087614128195695,-6.120986466810401,-7.343691089397105,-7.267922157472469,-5.408247565320086,-6.190048419568982,-5.880839748173836,-7.992164764977559,-6.175127155337395,-6.069949111455599,-2.5885610821384133
-0.5654600993980827,-0.9249574195353482,-1.010890601869126,-1.9957247035310155,-2.1715286442280624,-2.6335904855817533,0.5988346009076067,-0.04410379849858223,0.13991625092800172,0.4634375748513699,1.4980691474436307,2.128748948618397,3.2650390706524663,5.060565819338238,3.3920729388441724,2.3267884383751993,4.84454476086733,8.08073868477185,5.526647782817025,1.4276816630592155,1.7215878341136486,0.4373705078751884,-1.1775208241881636,-6.00087009091306,-6.679316204169253,-5.640708442019096,-7.328735668832708,-8.880735848526257,-6.961395055538025,-6.127213431464922,-6.495768380393392,-8.52145650473562,-6.50304926451351,-6.106265225504395
-1.0499341630228796,-1.3946302086240798,-1.7821559863767817,-1.7417432159543431,-1.029419598020755,-0.27367679949559964,0.19087355428868025,-0.3685100591137806,0.11269927252836173,0.8329555012701779,1.1932252056099844,1.6696998782339978,3.454474665756138,4.433508861194124,2.5379442596942425,4.365976106274978,8.660038495430888,8.733129657856251,6.97946524800487,2.403727515767023,2.8116862395208377,0.7710702419735624,-2.72960477750205,-2.9624389716056,-4.899910484709392,-4.615715420906662,-8.130603797823404,-7.012638278484564,-7.268914202788595,-7.316482117143879,-8.275470213129672,-5.708421358226219,-7.361400178607551,-6.93884169882755
-1.740173955973045,-1.0076795878641294,-0.5881808685884881,-0.2708594387228399,-0.07322624583844306,0.31248031167312473,0.7329851789016014,-0.2358947086530791,0.8937899121479139,1.361836506974372,3.3033576356324437,3.4133485544827327,2.6478985492529623,4.572251786280532,4.823878020705241,6.466044271421105,11.493436269295476,3.857294803407245,5.407856918929766,3.1649991274145144,1.6743073689709473,-0.1163880509952842,-0.7824014948213572,-1.9767104078238713,-2.6556929018299495,-2.4028744556107564,-5.91506004630087,-5.364492798829162,-7.809561683437001,-6.198105579533071,-6.943393327472637,-7.439617009952189,-8.204752742564906,-7.389954762903252
-1.4542477441838824,-0.4599037242717034,-0.14584515914973514,-0.22837336597282254,0.36988391993849873,0.6565311850165916,0.7889095023581124,1.4264477370877866,1.9080209268908017,3.4508539740344983,5.168998077177745,3.219032259402211,1.9726826203446262,5.276917954504723,5.071458972162592,7.277894417958661,5.9409684823918845,5.2333466340393775,4.200765949756617,2.762484036454152,1.058346589762723,-0.10307541322930745,0.04225462136591856,-1.4369538256791043,-2.228798522354215,-2.5331936476520966,-2.375827170732455,-5.15312206366218,-4.891908933365056,-6.081873710547624,-4.925108150088511,-8.202589760794071,-9.053625928285859,-8.668730827826481
3.1067258719195685,3.9579930484856125,1.4396580064645725,1.3851598450342608,1.3548890933975704,1.1845968481532616,2.0618088570674993,2.35251604136443,4.006475679740022,3.8843549088561065,3.855911770195577,1.521620515986994,0.6536987602893803,1.9795081267551558,3.4387560534460926,3.250614363353486,8.579043407733323,8.799827069379681,6.917751037837178,5.936663162762347,1.8133003558484249,0.4070946924302918,-0.21717943616499838,-0.45405694501039295,-1.7815751724530768,-3.681516593817559,-4.241950824771648,-3.5771788253456727,-5.052442943868686,-6.456331373195587,-6.815895769895235,-6.439835728625948,-9.601243979996086,-9.638230889557308
3.3286984567707836,3.389485547951404,2.8918102537368195,2.8064887189665746,2.066600824351432,2.2183854231618296,2.743602099562599,3.2811236335351808,3.3088356547943447,2.7254617898877758,0.8617857997882058,5.077412397511386,3.351525823977821,0.7281222731658963,5.097094701415322,13.301940915772578,4.129874612725357,10.511143562702198,8.851077272554816,5.683024622801392,2.7803114698857,1.2623625589801204,0.19305050995824022,-1.6711951823081763,-1.367551399342989,-2.5086700972903295,-3.923284712849144,-4.50733149987931,-4.151349091453713,-5.167359571487137,-6.708263481821298,-7.334583677651734,-9.23249606991155,-8.218697976500433
6.17811598915928,4.445862189967823,3.9455356985682886,2.6594684386717633,2.714596224838186,2.738418726660618,2.1967921841395084,3.0734354034994666,1.8496741051678358,0.14018818640544167,6.052905213105033,6.594718380827768,5.979536571831296,1.4008557993799298,9.944417815945169,9.253667561540984,9.007053385168234,10.633971988674581,8.345029372715375,6.040491051036464,6.97550892817579,6.344027215009619,0.9855955815715288,0.37322025000571246,0.2586560658986317,-1.6751153724466468,-2.939941687435279,-3.6020865170717618,-4.779509876497868,-5.539684207465305,-6.496347645959352,-8.370355248212354,-9.315674204734506,-9.66430920793397
5.732574609405597,5.109208286186659,4.999976375979153,3.391708238102572,2.596554521546633,2.432107218728088,1.4466181095983537,3.1245024002239066,3.51853672248692,0.6836360790764985,4.538835476915547,11.746983795752904,7.18690855599608,10.213515407839651,11.469524188351615,13.910973749844564,10.120188120196374,8.444961444462846,5.26301579735737,4.699191661929372,6.017360096541416,2.177662158548727,1.9239443790097808,1.4844519642045253,-0.6694863925551365,-1.2918092256380904,-3.0704979656254534,-2.745176788623898,-3.8253384601549882,-5.686399682282682,-7.526082632562532,-7.531387708662958,-4.609110829810831,-4.918164920306557
6.274271987499182,5.219157214203359,5.9006694646701074,4.781917304683128,2.540379632834896,0.9773440975126451,0.48022210322761694,0.08426578008194309,0.5492895854100754,-0.09310249333932287,4.043118000427015,12.732393846805296,9.151487302940119,9.152027847563241,12.48335934522461,9.9481693080133,7.967137905442606,4.863701854882764,4.967157755839765,3.8379350833571513,4.479882044443313,2.2419637021003522,3.7702210066330695,0.8450639446558089,1.225087128088018,0.27133393999535943,-0.4775507374005529,-3.071310680243338,-5.165017890141855,-5.346774304813136,-5.534851071915847,-6.128126412508251,-6.324368259815822,-5.21708436341709
6.663669253103193,5.516872540346092,5.797026404490717,5.25909110935745,1.452743726458797,0.4245759698330318,1.4973361739794395,2.3783888833499267,1.598724837499046,3.2829287224845083,4.067869141371407,5.510696007597223,9.379293594930406,5.149012466853878,8.609835466695385,6.411721564984776,6.921995164625382,6.839502188126991,5.463603310123779,3.3739237407110534,4.2081977279487885,2.72662639414941,0.06981346171493198,3.6130708851372177,0.22855566616103523,0.15796777882763613,-0.3514707958115319,-1.819934719526225,-2.954680597970197,-5.391645569913604,-4.476428988237448,-3.928963497356844,-3.387830406142017,-3.337275168294031
7.001984477144237,6.23111416100181,6.289441981408326,6.378201187674041,-0.3410752538733524,2.9242457907005166,3.963230539138191,0.9035709411474148,2.9799067800358525,3.303369532254793,3.426485598917686,8.521416574536321,10.352329076920132,11.883648359351339,7.04578806358791,9.213705257486954,5.70857411739214,4.153727742895028,3.3857152166642637,2.6445555680404293,2.6724193435525425,2.5387074246240506,1.959376981901604,0.5725308883621603,2.085492659845774,0.10626392968282451,-0.05610846504195463,-0.09311793846574543,-1.785566359989614,-2.235879373845492,-1.470637914205459,-2.257110173783169,-2.8264198523378434,-3.304470580675272
7.151137392996486,7.194416528593264,6.482747172971302,7.089540446369394,6.539284573232023,3.8393221283823955,2.1209980732440443,-1.272357637445262,5.074690626890307,1.9440177823001876,5.444262619316745,3.9121040529183935,5.654466234848884,3.084290816560088,6.00620038951731,4.000379630754761,5.082473259581339,3.0994512091831754,4.119220980022892,2.6988765759504143,0.5829308390871811,2.170999036320193,2.5971232565617783,3.1335099386181655,1.7101840125051935,1.0452684304598525,-0.19084626003413038,0.4509461916278875,-0.402417744240036,-1.4973336961131658,-0.9672270565328434,-1.2057638952246865,-2.2412778310539343,-2.545029436047378
7.3498392235760095,7.232251875435324,5.766205087959665,5.588440921100738,3.4467111442521534,6.885624515957808,0.8025559888364029,6.705278459135475,2.2767494183560104,1.2902270844532087,2.140191678159175,1.4439161732508556,6.416221928532872,6.2043967507299165,4.987481079321243,4.549048885329227,3.121737749942369,3.505793364920845,3.3573326640161594,3.5664773993072965,2.332377171329386,1.3250336682244415,2.264625650596364,2.265153684394545,0.7976035768655577,0.7040519347305217,0.7076063096154055,0.36029850568604777,1.0150482056759422,1.6228331936207487,0.19512768881311332,-0.5377671288067262,-1.1398354658540883,-2.2238580102932555
6.719948377660926,7.493964886472849,5.945640265501015,4.7223568068677215,5.10923076159525,5.362096879128751,5.28013894773737,1.3027311829947237,0.5318600741421677,0.8820513962961413,4.772576365735059,4.306577933797072,2.1029983432257384,4.553700501445738,1.9811762242865134,3.4929531007264525,3.733713305287356,1.823975982960233,3.178770591915076,2.45513630562878,4.014106140484011,2.072014993188195,0.8963827136392237,2.3869521734574697,2.092510449362188,2.3853015958155805,2.3725897493923442,1.1812371634541776,2.175424825807062,2.0361280928212664,1.5953267331705177,0.1351909819349519,-0.5105522546041126,-1.8012310932182396
6.1262660120894905,7.536840080929588,6.331612678391863,5.588216283722269,4.558833579189482,2.5289258666149044,4.244463995364073,3.956464956067902,5.312968212996424,5.880459398841562,6.405919691596413,3.5422912365828805,0.8521426444145613,1.5863723214637544,0.35852914513659273,0.5099508482685335,2.8647987436393545,1.0307962432320992,2.9516014192093616,2.144477281633834,3.5413028455510225,3.033686440959299,2.5085289346022264,0.692081301907128,2.9975359677518547,3.115735885028599,4.081091678126905,4.111616286904893,2.148018220865944,0.897816082483427,0.6790288288465057,0.2525300211373462,0.07421601015031025,0.7559023888432559
7.495164802648332,8.203545535984574,6.265916407787911,5.029829721007259,4.290640903068561,2.867561863723967,5.095395195733435,2.3361087196830916,6.367473629833791,5.821999349823088,2.400878598791782,1.8641314383456775,2.4235403797979163,0.8246142431004637,0.9933041963585665,-0.178045962547331,1.3598559261423258,1.8302332559895365,3.6766898670167487,4.1885472478029016,5.167909609473708,2.4062193887753636,2.8896140555310295,4.7405452419266805,2.9299691690820233,3.635923075391013,4.014823323240696,3.7781015912982574,3.2806592871198967,-0.17818217401472872,0.5496838812562781,1.5639212873931283,1.2668858718542824,1.1684898043846301
1.5020444452424382,10.27733324065135,7.712853018708471,5.209500886926539,4.740847105216685,2.1550836847941226,1.3447894808764167,2.4697795574261194,5.652458001158438,2.2335989647131593,0.18781396203991452,1.050099021131452,1.91478249111098,1.3168432633575065,-1.1412729351714868,-0.22004400518798234,1.201949178327488,2.6544002007749414,0.14474876369438142,3.5878187935255528,3.9547613266122363,5.028256237077445,3.134391320976778,3.5302089268107752,2.809835198964246,2.281671182438636,3.368567461785896,2.436166164257933,2.5292443560340794,2.2900848874709716,1.6500163863780386,0.9561900555003886,1.180103328600154,1.0579831607526644
-0.6571702971384706,9.786265748425151,10.18896840085139,7.873767416687578,4.678886292454658,2.0526446446257816,-2.9986182408805777,2.5275943585980354,6.0692068222894795,4.101861670856629,2.4348461719487067,1.2881935927445878,1.10902339628315,-0.1743697769747807,-1.5554807808917503,0.8523350795967799,0.23244073736740123,0.6353654995920069,-1.39446075329733,2.5283004880075923,2.4643758191736023,4.799793241957966,5.312097942142562,3.585414339681719,3.0370032122759243,2.9187638991748526,2.390295001196818,2.52103755618707,3.6832373266032543,2.7696524212254627,1.0210962007168494,0.41884037292272863,0.13469022805255879,-1.7947357104291624
-0.18134594550409847,8.423617735298556,8.676036532912109,8.107096876374321,6.19437824518882,5.335456783578579,0.9237456776616156,0.938723882905661,2.583949742405021,2.98909872823895,1.993540796450088,-0.3303518029387209,-1.6278962666798202,-1.730135181462597,-2.2846796478095874,-1.5435202850551628,-1.825033869395525,0.6062241297989029,-0.02911229052692365,4.042916523201208,2.299059387068345,1.2739184091978224,5.182853509778277,4.615994551224517,4.488435948780588,3.4463751566306957,2.486879690765855,2.4862308368317323,2.1412097948343924,2.19747965225093,0.624776934775843,0.648610725649706,-0.028306844804017087,-0.553419779396608
-3.405682417986957,-2.310054514702075,9.069081584280317,8.777905646564925,6.389872557037329,2.8275852956770886,-1.069627777554446,1.0919141288205132,3.014500181868232,2.0877681542028457,-0.69673766086045,-1.006528014095444,-1.6394743169107866,-2.1878549002264136,-1.4476639540086615,-2.249998439389036,-0.7494201312415031,0.3184002674400575,0.5515600562112943,0.9971515730636034,2.5404305473651227,2.0516393726227427,3.706602496093655,3.015750787428502,3.2241641547314726,2.2133697902650384,1.3640654416739588,0.9945038304826891,1.3369212192140512,2.2448175590505492,1.669799523321816,0.8783098718503282,-0.31975991035628964,-0.23551954770655928
-4.144901907090279,-2.9613294709781472,-1.812902550236866,11.3523788671609,7.783721400859581,5.133157404032831,3.1651505793976393,1.3556906121077839,3.076167952901474,2.7046775434641566,-0.6810054562218321,-0.7456345577779001,-4.981536901747194,-3.010531996700643,-3.1054558073074747,-2.8116605616942065,-0.789771077162202,-0.7367315447460379,-0.39834216399098593,1.0377535238278894,-0.1817699130344421,0.6918391936874544,2.8721673473155658,3.4513267649443553,1.6722132650095227,0.8720713061583206,1.1030334383961886,1.7443027385213001,1.5642931021960111,1.2864920592908118,0.8905396820859621,0.5439344164105012,-0.2616592946466187,-0.44673555736831794
-4.269763485702147,-3.885310662795742,4.214044710020598,13.594856831857532,8.264986399393388,3.045197852787931,1.9040998439268784,1.7137120408065043,3.589785134813842,0.7868035954341677,-2.2578400263640273,-1.289713219153659,-3.0648921926578674,-2.915058974336351,-4.949862426327437,-2.823662138384345,-3.078165938647248,-1.4037075889786228,-0.3779481386510263,1.788493102201302,1.333264118238896,-0.1000026404631085,1.2184833114781053,1.5481654640568536,-0.6893433604093268,0.20444959506064406,0.37535305086261544,-0.059521023348191024,-0.3242738020835851,-0.3013608527520594,-0.41193726719182877,-0.7535468532382994,-0.7123342847735067,-0.5748480357290453
-3.320733604362512,-0.7240048212714242,3.571861815395291,12.80598617462962,10.026078531802707,5.009357271703314,2.9641078170031494,1.6531806797173159,3.725578006402551,-1.7085778785898338,-2.3439650206761993,-2.8581437206413867,-4.808421800201295,-4.762307579561945,-5.448926593222733,-3.2274174027961378,-3.002188915828309,-0.7980330821126208,0.6350898666626301,0.9711303102517214,0.12717595395058282,1.601981312395513,1.90663293750771,2.222866446739647,1.509211709615696,0.7836483114451714,0.08371927887702213,0.8022538812294066,-0.0036812491393176275,-0.4187127781393779,-0.6476737590565861,-0.16786928909648494,0.08728083893012598,-0.22562754115507336
