script/wind50m.json
{"header": {"parameterCategory": 2, "parameterNumber": 3, "lo1": 3.000054539987559, "la1": 64.9999836372058, "dx": 0.5, "dy": 0.25, "nx": 34, "ny": 52, "refTime": "2025-12-11T14:00:00.000Z"}, "data":
[rows 25 to 49 of 52, columns 0 to 33 of 34]
6.5513323356500255,6.32920212483017,5.423275972749578,4.090192407230182,3.5058719953013937,3.0583242396510464,1.9389170605916555,-0.9552183326176509,-0.19099146735519684,1.1893609227850839,2.553603447083957,1.8701215885529645,0.38240522809481353,5.874772405974884,8.00491323679444,6.7784540551309105,5.498328576045134,2.0589899534542964,1.4467419084861566,2.1022430710645392,4.895613556046586,4.950051247709948,2.269723696175477,0.6778122629191873,0.025778740696906072,-0.06227991677787242,0.7489910093684691,0.559826989938756,0.24313083932278215,0.6289531443492887,3.5911220731426647,4.377828021936751,4.42049235503214,4.232672686482257
6.405107767545211,6.763749300323986,6.318834675435143,4.371641746186957,3.2903671098824234,2.1186520452591635,0.6958339602252819,-0.6985639753287801,-0.10516517722093481,1.2302202537482352,1.2815658151309155,1.6505350630217983,2.9776324456628402,6.068387190481978,5.399334223215184,4.995064733590814,3.406308595836546,1.062866966108267,0.988641056874567,3.3833298282753868,4.291351626920462,4.227648082346458,2.1134154053524683,0.9302004136567804,1.361417995767152,0.3205650779362519,0.8040707104170509,-0.3254431137016375,-0.40574757843246434,1.4070297011922275,4.571265515633522,4.972943602321796,4.701205549450894,4.745748228920124
6.733802670209202,7.124387019970194,7.128558801804732,5.521537258354146,3.971542849585654,2.429825668350691,1.2299054960774232,-0.2983393263047722,-1.2523857104771563,-0.28388286445623784,0.35517605738837643,4.624017107666669,5.8983854912632925,6.094625667979291,4.370159758661757,3.620548334722442,2.3514862945824455,1.5370847719691352,1.0718833835582886,2.013123066232066,3.508987959633791,2.5238959425511585,1.8317838349405633,2.422167837002561,2.2266758426197213,0.57449425435427,-0.1908530010138138,-0.620988365714088,0.6555833073978374,3.737412383252544,5.511020924050734,5.342910604820229,5.963920287227821,5.128421766515959
7.321713510472218,6.800881542341076,6.827396607799936,6.85035812384193,5.242983334637796,4.061511282565154,2.4330171662447224,1.6962326238284233,1.7146911037159132,1.084287930753,2.901765559302684,3.7229048576118906,3.944025134412662,3.6628883040017337,3.022834954204535,2.292768943767628,2.7299725625342446,2.3335061955933494,1.309596402636281,1.6958607555230771,1.7095878929650803,1.4852556602504208,-0.018828321022357774,1.5977265061708004,1.5908818512119793,1.7177178399279678,0.10581818917732311,0.5743817305829834,1.6761138809963914,5.578298772434201,5.9624134167814855,5.953335786640148,6.647711910389528,4.850080196266233
8.21913496456671,7.668088880678455,7.3151896537994485,6.9782032198039765,6.665349462308232,5.295132012745024,4.012010678982839,3.4465707845263776,3.8331765677068987,4.190366545843449,3.3772680525986174,1.9978612597856507,1.8648002797608325,2.8307159145695033,3.256254737255863,2.8898091742322296,1.6051145976858476,2.6525494905679956,1.3496025838639139,0.8605315737022949,1.4433060942964742,1.012896296163994,0.9673552063261195,1.0494579222478382,0.3876212454160813,0.6375441434413536,0.8791399190266279,2.0355441322371304,4.332615982604953,5.336100196241835,6.872532682333499,5.22614186087692,3.459092208376086,4.5215009489632365
8.375740651132535,8.508424262910626,8.291613678813608,7.419529221811641,6.968895874684406,6.095792904317687,5.422812228457304,4.610424900211748,4.382445692900929,4.186145508027871,3.5728918234393987,2.9028965660614516,2.089485847511573,2.5793614527458484,2.5495011607193385,0.4318506008905061,1.4615303322776616,2.9275042115261085,1.70752493762003,0.9211837602266189,0.6551051090582906,1.0965787123618658,0.7735375602400979,1.1571277567798517,1.5537351620629558,1.7262019631089236,0.8087635975933913,1.5825775705105871,4.640988469005516,6.362553878572639,7.1784028412023515,3.2180317804965326,3.8473299043003157,5.100680839908368
8.490721721664082,8.204235110359152,8.140050952695143,7.519784540420722,7.0621309478598056,6.972490363558379,6.090773317681823,5.545933296852837,4.790184432037583,4.638485612153806,3.967632876494376,3.7623554334080516,4.262138595017991,3.797206426933229,1.3758020030058775,1.0114924052923921,0.7041857790323133,2.643480050065485,2.4984176999484924,1.2332315948277126,1.0386082457903578,1.177394919819817,1.3341593932246383,1.715964661157428,1.4254462645381256,0.39957639460720584,1.306448491797575,2.650353239013918,3.438353993760754,6.6887918456431485,5.8018792063317655,2.774602878079861,4.493934159509002,4.189628321788699
8.848457342842877,7.804462320907158,7.453889478254449,7.081081733814791,7.187237104493464,7.08865225382329,6.776815808935789,6.098113452695391,5.21068267745703,4.656153338442925,4.145928508928954,2.858268731532113,3.6919760379962985,3.5571312299921773,2.2470943520052407,2.232927623333208,3.150328103894384,2.7908902962905664,3.297537789555032,1.8033322245811851,1.3031911428695055,1.534232874596371,2.392236338774457,1.5464646145332932,1.5856321334759653,0.8822438720829625,1.4740777988445322,2.194487181126864,4.538789176670587,7.238073167546697,5.490431248485238,4.9848035445809655,5.004610652901844,4.656528651654023
8.706758977351889,8.188694242080969,7.235142601941378,7.103557646146715,6.795727236889328,6.7623794148587235,6.9726250307163475,5.754895313276097,4.898275546419513,4.5382877386881475,4.077451061711228,3.5466587741802544,3.705690946610683,3.2191797354890994,2.7989591505723608,2.8508788308880297,3.1957982892245353,2.9734351585604344,3.1826498991316265,5.045705168928408,2.2011280450660147,2.257204109328947,1.5890115785300445,1.4209194154441072,0.5337259605427698,0.7554049407659181,1.4480863917880662,3.7894836207512146,5.485505640002341,5.607559725218868,5.259320270196855,5.456530244102575,5.244260868712647,5.075845864193117
8.418350169341428,8.593305239094219,7.995525916858208,7.473724752614736,6.596537145849339,6.246126969996428,5.9726695734458035,5.607140722875506,4.713088908401854,4.185305260936867,3.872955951215791,3.174938893257437,2.9466034534866967,2.689626180650272,2.563653662804733,3.127282125671855,2.9004877349820077,4.838877850889454,5.4662947023264525,5.686210332740063,3.550985644074532,1.3981255537880712,1.1773870634820591,0.7550532669429264,0.6821338596112514,1.188022314467704,1.9611177122169086,4.362653679972662,5.245711614949376,4.20344000261394,4.341983864019232,4.26230583542883,3.682421462504582,3.0237404618038024
8.35573575060957,8.233853585298764,7.7931954446152725,7.037408159943498,6.87276990436629,5.71327674522956,5.511755737106816,4.684136074462625,4.39250028712781,3.96714674639639,3.917358586985763,2.735490300966207,2.647271134187662,2.145695184989707,1.5898557116776244,2.6494800961095297,4.01953236271506,6.878621530795556,6.722914446777393,5.323958977194753,2.3132881581886027,0.8677923212011757,0.5960981696007277,0.7099291101734275,1.035119184226584,2.0606207110205665,3.1790384139353804,5.237689379268421,5.069174525469655,3.2631761267129376,3.5785501558149138,3.452922317992349,2.3187069955876605,1.2264836359372329
8.207651619276962,8.012526012383162,7.682199393698653,7.237874703689883,6.866837275848899,5.86964266486278,5.795959342468504,4.510563551236468,3.827230719932712,3.538137442849886,4.161612643137265,3.5995345721135563,2.4999210368062528,1.5520731673955916,1.39316116493907,2.839779859553924,4.829483685637444,6.733435524070706,4.07464250371635,2.0786326549395366,2.1572402727654225,1.6756237652605754,1.2615594601264553,2.334011853028759,5.123580025123326,5.6207239641631475,6.143506164078545,5.513014585416085,4.33621836360446,4.180530441488754,2.8282301302409305,3.0063729089750306,2.40317479014915,1.7157597776431697
9.02834580790674,8.329907300948316,7.967159513089165,7.40054386365415,6.891336382023297,6.213807737945011,5.038171039138662,4.353639282886727,4.948941129491686,3.945055384913255,4.380881876957684,3.3403546838669818,2.882592616107859,1.784203069029242,1.8136892452553286,4.266960816595441,4.873157397107535,3.7491128863898235,2.7707382488007686,2.275156746235128,2.2752194246230606,2.188676646504021,0.7885686408300868,2.88409047426037,5.524958618462355,5.703797977333572,4.555451901987122,4.381545222828273,3.5583803646503305,3.0391192360985264,3.319449174127373,2.5446196693184966,2.648803567891388,2.191427367239845
9.9215779211849,8.654327221613928,7.947473749544078,7.293644043633711,6.408874193876032,5.4920815566571415,4.62868319085548,4.218956710584404,4.1357580876776225,4.5718498213634025,5.829157176180436,4.337244091102627,3.278161289506371,2.522214577184571,2.6886341578893203,2.774443667008848,3.24000292300266,3.323869172975321,2.547271542502774,2.8302354838132566,3.592411975073746,1.5941350191697117,1.0253114464932818,3.0592451082265812,4.441770482737627,3.9842822278042997,3.6144406905741344,3.839655031940962,3.48105238121789,3.0781840235778293,3.090114341788455,3.23055707188784,2.7522944514787993,1.9688317625800016
9.578694764657701,9.07355425661979,8.204864082702683,7.245110904684869,6.231534521467989,5.55791115776901,4.894279148644192,4.048962093639903,3.740290895876546,4.264528641769226,4.820191403221698,5.603588273573223,3.809650654281976,2.7853990268705426,2.695603541743722,3.594565414648288,2.961897148364764,3.861852143635039,4.637530884329803,3.5309075355495514,3.914837008530383,3.230782018754468,1.911647493153724,2.778037562874125,2.792869763376493,3.44024821098309,3.903475096159068,4.190233998149877,4.262235975870447,4.444151026371446,3.6559618437108097,3.0173336997558056,2.5317283338847396,1.6321489082259057
9.006006546097026,8.961995952327115,7.866524577737866,7.082347268224034,6.27870679399999,5.679153920881379,5.362224091598039,4.751459328232454,4.011561354072005,3.6491027599114902,4.217833720443647,5.225328462402987,4.762686477042483,4.358204147146712,3.500165584968284,4.00516934803078,4.188178488566818,3.24308430265367,2.8996290323998117,3.019344465331138,4.671525822670209,4.650217998450864,2.5227820399747114,1.9938350413483181,2.0864337261294925,3.746474314992946,3.8375726558272736,3.7707738221684948,4.766702820321034,5.091783833563893,5.183129765860751,2.761468761083704,2.740960221149895,1.7347159768841982
9.065484456350264,8.498585796391051,7.496386631702911,6.962543775876678,6.048216629924519,5.181580657303645,4.862563660009522,5.325759594900759,5.292361580130947,4.972268950443184,5.61343540407633,5.174455091681681,3.8673085322119976,4.067267137869555,3.5878191343539947,3.879306972326878,4.063861491508772,3.1744035468986946,2.2685638189397066,4.868172244476929,5.519174024766727,4.678496525107957,2.7223152549927208,2.030238833295381,3.7920232333015833,6.6257625709726,6.150528642273456,5.176035461763737,5.751129652664522,3.8926356872822936,1.6107571410597457,0.9743438247239724,1.3700237409568956,2.5330148825424463
9.047241751894555,8.838931498519102,8.087808923071012,7.0477772039406235,6.699161364749162,5.81098631878845,5.597763705252875,5.6311195786571,5.719832779263306,5.753139076038619,6.085070135188644,7.010471600280449,5.5636949547621875,3.7343028487026215,4.676777999583345,5.008366223535152,4.101918631955253,3.5239969167251926,4.694588803073536,5.322486585077538,4.11153946492623,1.8152633473091202,3.4516196150636747,6.3744697899997655,6.008447231810927,7.3202724467481595,6.052507701009965,4.988263892211772,2.6474628076489486,1.965347252430684,1.19178348313415,1.4861425672842485,3.958120078217979,4.030219427693928
9.41339926707204,8.887651017467265,8.544610521311018,8.774306884517951,7.099924707849399,5.839484144714146,6.1761948658544865,7.4776724958888074,6.896423378131718,6.23872658029506,5.566402907691893,5.536214340072672,3.9923747420926605,3.1316455433238226,3.256676413171095,3.339989418619815,2.6301139593938467,6.432880171104149,6.109652154879407,2.8019983295083604,1.9623765787829683,5.185685720543844,5.20964596723751,6.144341717344905,7.459301541324112,6.721274621237683,3.88791793567665,2.821599676317153,1.2095571758200512,1.9132357866575815,2.550302070447212,2.333003941877735,3.4723156883929054,3.2106988145170825
8.599307998372355,7.991874283984878,9.12021572695115,8.32188182632304,7.321503433726889,7.147046231174104,8.443588644354461,8.770031298082396,7.6739751074727085,6.748464510326957,6.3345182428597235,4.825886325198258,4.038928506820423,2.7062231127303162,1.7039938768401865,2.212993916207565,3.628122111647137,3.743003767529617,4.49450427888984,3.6149318285626375,3.3003330158961597,3.893918948003191,3.4838274439125096,6.528800819163884,3.5852288388759543,3.570853000233697,2.7348990080200375,1.674014173183624,1.2078169839046233,1.2696132882688125,1.344022876545648,2.1367687884954183,3.3452997545564847,2.71488072476994
8.060895561394863,8.438230869315118,9.292292280064611,7.920223530835206,7.35448420299711,9.611987322623056,9.624699768189648,8.347658907702622,8.154460149125132,6.377662994196794,4.965412241393674,4.954026994292793,3.6795571925009782,2.3376258453512815,1.7131246349081115,2.4341784713435315,2.053390037048522,1.3656950228636842,0.5388866617030175,2.1502403389070226,4.612736348849903,3.812180131623924,3.3040397488982625,3.7738197784122023,3.174575113492374,2.974820232119188,2.5604098960286414,1.090708761458329,0.9620908162587523,0.8498507858241527,1.8759374015477308,2.134068971462365,2.233250644801404,1.5559112928128842
9.723229477913067,9.609458309959521,8.341210856776184,9.94184253868327,10.589146524689442,9.644381570411218,8.620128284884755,6.976074885794551,5.723396944814486,4.626232920486859,4.471365927507413,4.17039397097515,2.3610484323738072,3.2746492870196526,2.3596477606454163,1.2725592440833535,1.6585839157691185,2.5672975267071854,6.525272389064904,4.765155927363999,4.8691274608391755,4.233343798639482,3.4456236556062545,2.473395011747836,2.674860568276342,2.731015656940141,1.111557025580286,0.8559239308990354,1.2955089374647257,2.0392960506664557,2.216743733921791,1.644667208500186,0.7845498576265186,1.1714122078355869
11.326286736673477,10.20975372085341,8.954973362301839,9.458020877480358,8.498948876367171,7.731599388029072,5.160130445200343,5.082681063776955,4.491226752024138,4.790444077002792,3.9259879806840194,3.7259446953738813,3.4634298870707054,2.989507697000165,2.8877251838635822,2.6503595501419754,2.2855730093704043,3.714996776549096,3.862094483126723,2.907754193972892,2.9841353548079845,3.697630601758688,4.158039948241865,3.2693464998977024,4.402255927443854,2.4853366867136333,1.2451267844251304,0.481455439120494,1.2834742513039794,1.5097796365634328,1.4949267725106243,1.281136606324411,0.7560324309256242,0.5557209624683667
11.910138878989379,11.135233634877919,10.369752950996352,9.620917997501392,7.788487108338355,5.939012564620561,5.438423232374734,4.475103761414647,5.339378073105425,5.141301097121808,4.727113836942726,4.040032669089738,3.697182695990804,3.8954745057363196,2.7818281947801595,3.0966677106462144,3.367674804570974,2.8459111204621435,2.9501207706650687,2.7470412414181555,1.5894655869290384,2.014327117550483,2.322815037909234,2.928100055508821,2.883046213645904,1.9188082556406527,1.3381186848107764,0.8174916482181931,1.7583682993371372,1.371595398736931,1.351159436269953,0.7537695966593947,1.0800969393619948,-0.030042397713644316
10.758626714135334,10.241518387480859,9.651587988264033,9.96450547355849,5.497404706382116,8.494793239382998,5.065847906116703,5.001296128230851,5.185071300251244,4.979431476485334,4.9289250013698105,4.415201285649946,4.937063839419896,3.233605071644972,3.5618465458669695,4.4629759537908535,4.546118074545182,4.460928309228583,3.7436828544811687,2.6985885473651092,2.909928189238965,3.0715868072671575,3.240470357634546,4.556699466319513,2.397662644946718,2.3485130814598043,1.468795611658261,1.222705602134063,0.9451990939866298,1.6339719092371292,1.240174777922103,0.6104454490736523,0.5686932465448998,-0.49875299714431215
