script/wind50m.json
{"header": {"parameterCategory": 2, "parameterNumber": 2, "lo1": 3.000054539987559, "la1": 64.9999836372058, "dx": 0.5, "dy": 0.25, "nx": 34, "ny": 52, "refTime": "2025-12-26T22:00:00.000Z"}, "data":
[rows 0 to 24 of 52, columns 0 to 33 of 34]
19.81158729267826,19.672926359639003,20.391644983789366,20.44212992492662,20.14249067879132,19.913779364921655,19.70792140296133,19.525932352364556,18.929606790108902,19.109183276218705,18.72910351693841,18.716184831388293,18.974647340936606,19.358811388633626,19.84802300138374,23.406440578848006,16.28567852338236,14.629672187139569,11.85419835441331,14.37342847733935,11.895543650312463,7.535766865675713,9.66263346813879,10.196219573881443,16.005190063164523,7.469549445863028,2.530284022911604,6.477947547278593,5.113886966571402,8.420709058674673,4.444454766830707,3.9193745547056573,3.238587005934586,4.734044000048793
18.89964419542721,18.98243332349688,19.486865948351088,19.346364391654923,19.243820654120878,18.97619374488782,18.55055908894748,18.258859156174555,17.98588410873645,17.838734392546304,18.126345162545675,18.465286983103578,19.22575563413086,19.86502736933408,21.99919257479167,19.336640662572844,16.59984022228538,15.280474407364238,14.48631688700393,19.167095045003734,7.747983614501939,11.553482002865566,8.067045506316235,10.787853338584672,8.002727614876266,6.211167164245034,7.184323580431833,4.730526058490212,4.320716663509808,9.585369245812208,6.02152784655068,4.6449705026065535,3.9463709831236913,5.940894534437971
17.81011141610839,18.102407429885215,17.847975446433438,18.329022834554173,17.64733159650486,17.423643698044167,17.439717493867345,16.98730847896344,16.987928880509354,17.766922628083783,18.077478923440953,18.68256963226042,19.63671584686869,19.936478515266,19.658624766700306,17.643880052635282,16.01392218130382,11.117452960367023,11.00190996793054,9.243468255312248,10.927602943802578,9.769016867151786,7.691488453592464,12.71192829676285,10.24096748867922,4.903927551142671,2.1517658262371158,3.683297938593819,4.9013354162030245,5.717737104283202,6.949469997202714,5.819459243762576,4.644817913281199,4.979458122950853
16.90594548801258,17.12554541747577,16.783906339618458,15.798958410634306,15.51380870512637,16.319881414152817,16.522704331434525,16.829922907177618,17.60808199595489,18.879730082273035,20.197690784373805,20.638453698430823,21.246510922777833,20.071616916637137,17.269650079910125,16.286417122272677,15.181410309466907,10.741287909170856,11.065155008641405,7.314188809667707,10.99334604662139,13.03201179939326,9.702241509844727,6.0785928689147175,7.0157857185363985,5.811596474511406,8.655657894888277,4.922754660364621,4.429893945630251,3.146861088956556,4.971121640247901,8.949128314881333,5.846299104086576,4.920792358471717
16.035725491964108,15.979753301856245,14.740065914396991,14.61092784963823,15.282166400649777,15.886181661654708,16.754551527583903,17.981571265817664,19.938400177498785,19.680495768439627,20.578888276495075,19.759195566026413,19.438844555212007,17.345509498753938,12.544188417260088,14.9826101245774,16.227958818034423,7.235169606622886,9.601059942060674,15.584725987186669,13.312836689322763,15.732193589276028,5.612598623753526,10.047377694002806,6.875654214175007,3.495742806613581,4.808079004980093,3.0724244445473987,4.788790440981344,5.082801375933341,5.222635386425316,6.74072219837545,6.632925767490886,4.848366318141147
15.029647531505796,14.327187235323512,14.568994972243157,14.940414230161068,15.259555678888761,16.545265766153655,18.331154510021126,19.184792710656666,19.372672456766164,19.65239831965848,18.813689747342718,17.67415876191965,15.915235303688679,16.440790916268423,12.66640151923128,14.147173797023166,7.706275871587887,8.023435971119564,13.81278867745574,9.7342463130711,5.356798227745946,12.826154958379204,13.038987520891396,5.696332928463256,6.0316363931055985,4.921456758365194,4.622437262624203,5.362173879487784,3.737002644112754,5.09515176942975,6.095532005603202,3.2500689542578365,4.560936246349556,5.646705498738669
13.116231559349997,13.585312119446783,14.4312632377769,15.243768968565718,17.013124128441042,17.50227006303587,17.83893194576167,18.528859949558726,18.127363222091365,17.14150332724552,16.59721064015026,14.716743729937436,16.521441475866123,14.745597885961784,11.990926135369328,13.748019382868385,5.425325777581332,7.351052921253612,11.28383033653897,12.797379656684353,13.440829670408204,8.76890744270083,5.845805061511297,2.977649445313214,7.220279668246886,5.27273620777855,6.995900668595253,2.21771160167299,4.203073865768682,6.464209426815501,6.396374987669203,5.045362569464336,7.076062520328242,3.6344461561970434
12.637313113309409,13.457955512329534,14.758001795383743,15.446038642153793,17.403817388255682,16.709741913535893,17.201106805864455,15.770080927512714,16.994945772389592,17.625428837444126,17.91560550396086,9.234968553617993,11.73616307095662,19.280693209246493,8.81349338273762,8.942817754093191,6.063861321589582,14.87516517445098,12.379401662377935,15.114100405531358,16.068554736503604,12.455491884262008,5.1382279017387935,5.561149425855106,4.8200131476132,4.318258296914764,5.050996720625221,6.855918592569141,4.378015771133755,4.6741866297266155,7.150261208013532,3.754893965579379,5.824281819126642,8.918440947642075
13.259488746000942,14.216257534995435,14.836281975013337,15.855297308225174,17.13851909758535,15.39800166216557,16.023726326357032,15.386316092141465,15.662513061192886,12.169127259898595,7.429072466649446,5.224446949688843,13.641460940454765,14.966050515564756,12.181878694838064,7.135849440449227,7.845260531673669,9.670014037759309,8.358276220322981,14.823368527581836,12.260655821731516,3.708101242246776,1.877173703443484,1.3621781362410021,5.075810302835112,4.9186538470022025,4.779849501038997,6.203373356798354,5.444598766277775,6.905103147061973,5.388657838498406,5.503526868865238,7.897550234153413,8.93510272543851
13.797313185375305,14.104414259512867,16.113601440434653,14.923481811199066,14.75794158494967,14.168142958740358,14.255477152008643,13.480849254125511,10.846368553397776,7.365342411768365,7.331665488000693,2.762493201452456,15.378398484340076,19.27519667209441,5.596860720447292,8.373953776666605,9.62206648758815,5.704112732054683,7.5846169753447015,11.899970719470987,15.374384672517438,8.846326771548275,7.01651020381538,5.647782865202248,2.479728886641972,5.552207338612125,6.811535388742005,6.963268177738132,5.950468593333675,6.0564202689764155,3.7704080179481156,6.441762510587994,8.318880165969695,9.535485651116366
14.041984978636663,15.507164527400768,13.60923130728244,13.150313340506115,13.486955572068604,12.66655561869438,13.23108716944328,10.332615467257755,13.835534930442323,-2.3811835134155555,17.82413530635075,10.585472443175309,9.172753155128483,19.697786104169527,13.861875844419407,9.766990961985174,4.227307177026371,3.663992166499135,8.63451308514159,6.772923858615242,5.365692794212356,2.5112773720868637,9.49172896330428,3.4926777128445976,4.473413349441966,3.9679404410890395,4.351466793944922,6.088174672378973,5.129929325354054,5.4522896722541585,6.051538958747359,8.265553557896718,8.067081388261096,9.949051565057772
12.85920198055296,12.584077619814213,13.27450332316203,11.93235905375529,11.07097542160368,8.150334700462235,7.474708692721639,0.4550989955940304,-1.0535717493522243,6.516842583803898,7.526826148655958,14.123280587380025,17.701254410674625,13.127610010633814,16.22601398769771,8.460731869822084,1.8455173552357207,11.963953808405801,1.9481367215867018,5.199715723318843,6.378567580089939,5.590213025094333,-0.8219089917139749,6.043503342893206,3.5392422582047747,2.9092106266623103,4.167918221100222,5.643711858777145,5.543162673733754,6.153684821801726,8.31400659491217,9.78305659475098,9.76954987801668,8.248179984616009
11.284177564365653,11.219316220913766,9.640771613836867,11.122258332356743,9.068860902530016,7.2238788365305435,4.35640440072939,5.779738997362402,2.5724593617266667,16.51901909199655,10.379309651306027,7.629549654503519,5.258562588208464,6.9550365536702605,6.4259643860275535,12.285911182650016,7.539284971593422,0.8254707155406131,4.428791421572261,2.2134666587649487,1.705051544612062,4.551527968121248,6.766520838934506,4.127733391292672,6.080426939795792,3.246235040854294,1.7007269987534706,4.604836661079446,3.6963962756423574,4.312302257463193,6.611386953954823,9.087038665753141,9.797888463673702,9.37343339543356
9.685224006215469,9.424864857852514,9.730965691163375,7.8198632078665264,5.334326610695784,11.944614039295647,9.251086545002869,-1.2675306685578176,-1.6283980768696011,8.472793031222329,12.902954274041624,13.253904408730662,1.4209192389959324,4.845348003259943,11.454691623143768,13.607941106019608,7.675084322941476,2.6506012268146746,6.3989236181621125,7.20034346066404,1.5265742190229121,5.596176064432385,6.795894521206363,7.745543597096648,5.282618053915855,6.0691580523080235,6.895909121500005,6.101919493317506,6.540422962324432,6.949487885384306,8.061248577840729,8.969385974909796,9.167369111569714,9.722347810726495
8.417977841839763,8.462796511775567,8.014085643734871,6.921166739606443,5.003147005720557,5.747199290606731,-2.6568177819328707,9.743695841916658,1.2985026896518732,11.512163145317762,-2.9865928855636565,17.479896041591758,6.248178611477299,10.842911880186348,0.6459527268379781,7.450282114839283,0.6662136559464608,4.421037843970286,-0.29002455821277534,5.397079773471991,-0.06859169891618132,1.3502484990583792,2.2824888541890638,5.9296344309704105,3.5540188954674847,5.783752632825798,4.2502634939803166,4.128419344304003,4.479182408967885,5.722449300641247,8.460112518437153,9.20764739627083,9.34634303546639,8.790804548635627
11.058060501833593,9.117183877651282,9.041547821860535,7.810854421221237,1.784492988381143,2.045317591195321,5.974227795278358,-1.433695483293947,5.254079130764029,4.195823661581591,12.761245848193564,20.04999841237129,8.950683229857473,11.055895793671587,4.571104585814321,2.926670405653449,9.250446270658294,0.4613885820172204,5.647458066604896,0.49402345702829775,9.076553574547546,2.861287664924657,1.199947526586843,4.943038070263318,3.9326180217705256,4.856372434092939,6.874511272101727,4.3656090263663385,5.69997027300669,7.831640172237206,8.11666729738772,8.582754284333522,8.540384339523577,8.04053059068848
9.653396648875175,9.253976890405234,9.419472130138164,7.1305441548760315,1.1147000548645793,2.5699684857642957,9.390722277025345,3.6710964124147694,0.4849962798143438,10.93427328842583,15.49230333096638,19.429211705379846,11.944481103425993,4.550775633752899,5.585886708012167,0.4715586950020408,-1.2584099398793573,-0.9197044953799371,6.202307575401896,0.6757183884898544,5.654206114216656,8.868239317653954,3.048584765131539,1.5740485867042535,3.91819674662773,2.4807165954528076,6.747354043429469,5.876131865063167,4.594123740668647,6.244601334625462,8.379610811449353,8.405343246306852,8.035635050574953,7.68371901047906
8.943017861643115,8.305474132626115,7.108718668461485,6.521748621496991,-0.09734687866177547,4.284653091214233,3.6553636384604538,0.2718010396340722,9.89057289949476,13.99729574819503,2.319168660511365,16.0221980811982,1.435226685796911,7.140070025357774,7.3413478244976265,7.974636343618722,1.1265745352879117,3.784268596312088,9.061706965788172,5.19323521459349,5.685867963651285,2.936913764135292,6.003013894841944,7.873489312446535,1.16911590231523,3.159566970048489,3.6731757252549295,4.59948424991662,5.345728125292844,5.5117183862394565,6.771649455280764,8.200281402785766,8.201925151310922,7.573929262209032
8.486862776884413,8.747460416471073,6.618594525749589,5.512816808323366,-1.3007332911042566,0.20373467422846295,2.9031523972814486,-3.412378269001067,3.32096426726637,19.721033148482096,10.75904507157555,5.338809657298438,9.85625522792217,3.5093104042747414,2.804889877119109,0.8327651912810643,6.527224285805979,0.7774974883870248,-0.4731798825810501,0.5975245407802192,3.1907249958421535,7.040469572397946,4.936932092952606,6.351765819585276,1.6341388621097797,4.7904092600584365,5.29031424523525,5.291157074132644,5.766210467835845,5.0782283081949275,5.527584704345194,7.435182780724702,7.674504461523776,7.245638697702555
8.224421255264433,7.981327454310306,6.922981331344723,4.232850740131514,1.1846606841192906,0.16455143631603678,1.4540697741456305,14.908379659126078,7.730069928045112,11.059788674147732,5.624333531506994,19.42165675713776,-0.8782817205569291,15.769601340545137,1.5633877589653018,3.9084597963627696,1.8618781345153916,-0.11084074538967179,0.4477466161352204,1.853355589664818,-0.0217138861999918,1.8600041585464122,8.439539181960956,4.698731342323377,0.2382799439509173,3.601217153764946,1.753436485756052,3.9885731078494193,4.025761209018935,4.969115600501247,5.341195788229494,5.176013099591266,6.808292359419921,5.098019492780742
8.430627206221438,7.0448102274417455,6.117765909317716,4.113923142783771,0.950164999879693,0.30469236556325724,-0.5407485030533488,2.930020350043187,10.753968005595084,3.038844446561001,8.716759694224127,12.334242032972833,10.263485971580414,-0.16474858823909005,0.746953451555843,7.126413567209855,4.0413488582091945,3.1392713927171583,5.988503144891158,3.782405469226029,6.548259181559571,2.545128702874857,7.168447110798291,5.705628208595357,4.828056757033092,5.839362884528951,4.402355830642051,4.627058273336958,3.992566011378908,5.644777262254773,4.908989530032018,4.988067874806688,6.561272899247691,6.446807803725603
6.357434920084416,3.3987594220548973,5.331577158851967,3.301091566447024,1.3048659890872076,0.5855109887216068,0.5808988596577025,2.5809787206195844,10.360906141777912,0.7183490658681685,16.647588898289076,11.460182064203144,1.3685318723328896,0.897265193595307,5.896373586579259,-0.6303753435475677,3.7262815879054947,2.8885993241334895,6.6645693267885795,1.2122996482657735,6.942796047359761,2.562644947681085,7.179563241442727,4.281568350921011,5.9056239986608325,5.9824514873037025,5.635285820944756,5.062412642143342,4.519855031793108,5.495593626866334,5.00280478664144,4.49306010519431,4.906344619245334,5.952156949899107
4.03933498705453,3.137961253907949,3.118699848552809,3.988724255801318,1.8219379788451182,0.8402878949212506,-2.6288766992193193,7.293228543845373,12.688880085084785,6.048821443295897,-1.285195728978746,7.038350044295764,8.974025232429518,8.18573777454022,6.674707133979384,-1.467249112693413,3.6782146655513897,5.9621553278520265,3.725697379050209,6.203333391233246,3.6677986791360553,4.955383251496848,4.796151301215439,3.4309209680990502,7.237540991305734,5.902785232378925,4.914208106030693,5.842239841339355,5.421664169591516,4.480188226387933,4.635421272666694,3.866532933447079,5.305580023528398,5.845395057097863
4.366908212881241,4.426188884578246,4.155805876629814,3.1101833858948043,3.0430139722604084,2.314124924218303,2.300617964854943,2.3707395657542376,10.583834643064721,3.14379574059514,3.863259892838697,-0.933777842193412,8.448570896924261,5.318941747438429,4.054153054907844,1.873248605791344,0.17300367090942653,3.614229914882816,4.088627238123843,7.718933257801589,4.291811496490007,4.659528147671978,5.111193781426901,6.32045238711322,5.088980669102041,6.563916407155162,6.662734306906727,5.840468616817257,5.5103531472834755,5.883419321615008,5.379263925235975,4.940057667574867,5.682925883820517,5.868721661104624
5.0120856967112,4.060887523972654,4.103641188025412,4.464949563411022,3.32268618823483,3.330401192627091,0.7102459121991023,5.503610475315881,7.454124455207239,5.642424760999702,3.9295492182235794,1.799009727566431,2.7015690832433155,4.086944062731087,6.4857286664792975,4.290873021081657,0.4567696755178914,3.9307365795405262,5.6302712182411785,5.0219540063268076,4.4511446214904655,5.840359895189802,3.646834171382397,6.233015381373285,5.152935740212076,5.641272037445602,5.96564820232417,5.33633920414445,4.948615283453015,5.584539157809304,4.428521900439069,4.898895871169968,5.849991300945237,5.7074543639001805
