script/wind450m.json
{"header": {"parameterCategory": 2, "parameterNumber": 2, "lo1": 3.000054539987559, "la1": 64.9999836372058, "dx": 0.5, "dy": 0.25, "nx": 34, "ny": 52, "refTime": "2026-02-22T11:00:00.000Z"}, "data":
[rows 0 to 24 of 52, columns 0 to 33 of 34]
-5.066568326345274,-5.20947211269669,-5.573038516007772,-5.432536057184454,-5.427642759737323,-5.390766632842586,-5.0333428957977375,-4.953539881151511,-4.4207692215759335,-4.288378334877738,-4.330191784984487,-3.950681157383932,-2.256462250220818,-1.9348438406430548,-1.2648983329172436,-0.9442918733815902,-1.2303528263251828,0.7084891890844042,-0.04302005769844265,-0.5755145597591853,0.025015807934822092,1.8933264447908404,3.6857654431285014,2.7664890309245105,3.0655131012650148,3.385784418197433,3.656330046354037,2.5683718523514076,3.340591926775608,2.382992302299464,2.2245300948671636,2.8607245598172604,3.710824728324489,3.8073370002633093
-5.297158238400205,-5.635653924676003,-5.902703349175106,-5.584740675507006,-5.424418617327826,-5.527980165377252,-5.497278731848336,-4.919986830330376,-5.333504716328924,-5.4576797967844515,-4.418406836686078,-5.2359333464794515,-3.795394488040305,-1.804373904163584,-0.779750229890228,-0.5057905000855047,-0.1324248843705115,-0.9966051626859133,-0.9878900568802893,-0.9254599933461073,0.9198029795430801,1.8527235254823158,1.8951035440124142,3.8995129770270958,3.371951721314269,4.493913029960226,3.629005696214752,2.819210665782816,1.9283253176507806,0.9251941806059185,2.04608174876046,2.8030769648581244,3.4197896238298524,3.2573620850103424
-6.241707687359369,-5.9502347276787715,-5.661773613782084,-5.925879312462458,-5.947789403033096,-5.742185321610767,-5.286500981786968,-5.1660431327417795,-5.305961259991492,-5.274837955236704,-4.742302820726551,-3.6227599974026323,-3.3161852585659113,-2.4235772614252715,-2.884679942620645,-2.2835349967967127,-2.6483069960730186,-0.757943576312503,0.689889124627561,0.3514870408528516,0.9880021687499709,0.7601140686682397,2.0517135716457884,2.4925373071724386,3.7905321490403576,3.3419257530402238,2.0070951441220486,2.061635188894991,2.7903842491641044,1.6646979807712867,1.5752477631833848,2.6513840226919507,3.496809206552958,2.9324523064705996
-6.391991545783711,-6.257414539904142,-6.038825166708084,-5.776646024135821,-6.214177439878029,-6.323705901480832,-6.123173062720796,-5.539885836912421,-4.667503994456988,-3.6273561773344514,-3.711014208098235,-3.981289000512529,-3.223342038853865,-3.1696343496085286,-2.2287447943407583,-3.871796646797244,-1.8747130177337412,-0.8357682694042127,-1.728499886419576,0.9931418486416512,0.7347288690439512,0.9686678537392098,1.9083542662877861,2.5356225363758056,4.746160581499894,3.877948642653257,2.875660923226883,2.5068675738611272,3.1012446782953584,3.835159681820163,3.261380696270696,4.578994107837995,4.289010456317636,4.5565006110640365
-7.112534719377088,-6.836824034660313,-6.846017161143118,-6.987698410264101,-6.922126550720006,-6.612765112403831,-6.490683125151441,-6.265391260367791,-5.922753528347929,-5.805979409773746,-5.486829484227421,-5.039882383159211,-4.8272258367103795,-3.3003669143554615,-3.100484615102206,-3.061793037573256,-1.757442427949107,-0.5617480797423571,-0.2760055219353753,-1.5872773231670947,0.0045809927872964605,1.7270960905598467,1.8619123043534218,1.9660142881208968,2.237747215407271,2.7482400597579897,3.1525503372510486,2.455991352243429,2.5240537314059877,3.396480030686892,3.423118825143986,2.9892825424550162,2.783411414457188,2.6495935720033468
-7.203510722797931,-7.581434384096588,-7.9366850420453705,-8.102380013553644,-8.266757161112707,-8.559047115511696,-8.600117859111766,-8.66695587260659,-8.400561708511939,-7.58441563279557,-7.885780881024331,-7.53421755328274,-5.540668085831935,-5.2656586288387555,-3.8068693792121153,-2.858458353900418,-0.7611379849116395,-0.9378551904030659,-1.9373612491923202,-1.8200473951857676,-0.12022564368716812,-0.8460020515593868,0.6117613574900674,1.4505938349955607,1.046129681173867,1.590501594145723,2.6147568637555314,3.487623326418211,4.102205693854648,4.348465210533114,3.4662200275110036,2.248465112147075,2.290305177692753,2.4666926602101635
-7.139504547040187,-7.473663695767574,-8.400482760370076,-8.74798015763983,-9.19077331638349,-9.658602937817847,-9.741141062318807,-9.590169489553118,-9.080664029233535,-8.782156560852313,-7.535429943076595,-6.176426642382957,-5.06556301087138,-5.98911040925064,-4.106127366119006,-2.5739028648905933,-1.383574903730643,-0.824868283699616,-2.603369729366408,-1.3335665103293424,0.6873731770640965,0.07961140321926335,0.15751386123603553,0.4136768814851802,0.42429593136034893,0.6381745249156874,2.272838717602617,3.9444172114345943,4.689983633459908,5.1100029622755265,3.1451413708931195,2.8459509577038764,3.34150531047129,2.7786530586556855
-7.21494309305787,-7.042101826205613,-7.682099745889113,-8.516676005021823,-8.798985071885358,-8.808228080225428,-9.172928597562343,-9.205639694898757,-8.668607741251455,-6.9753903034538665,-3.6652346048541187,-4.140603194676301,-5.356802542895887,-5.1225501480260665,-2.9394293100093978,-2.3029450997618444,-2.2939212132227125,-0.9931337848279468,-2.759403368389122,0.4136296599303844,-1.3569927818365757,1.1467730669254386,1.7682059342896266,0.5382887262211091,1.4187096229965543,0.9196258914835554,3.0639994950062666,3.683731015326219,3.8428832649711993,3.1729227838637377,3.2354257818108536,3.379851482177533,0.4663358995551995,0.7700744248450393
-6.855855606388599,-6.291845498865625,-6.112601004449699,-5.850444767324401,-5.489407468001493,-4.775855965975385,-3.58196207475117,-2.6444470875780657,-2.088967876681253,-2.0397941265192485,-3.760450610859461,-1.5927464158892313,-2.333905455527683,-3.4125138513670565,-2.8111830539025906,-1.3079448786989596,-2.564175101689008,-2.6179159904217917,-0.8632703329317694,-2.273771788297504,-1.4423447370606388,-1.2715597600515014,0.5562643259204626,1.80512840467814,2.0381086823213392,2.5980249288951214,2.991198191258175,3.2452253169730136,2.4953614812827745,2.614537378590093,3.169576634749116,0.9223650604187908,1.2421549263020049,2.3009216062651188
-6.291700329226116,-4.608380109533053,-3.117409164276282,-2.1958841218262646,-1.5449214237322295,-0.5160392855684636,0.7830541304507609,1.1343561716176316,1.5951478124516394,-1.0789566882260635,-2.5782709808216215,-2.5477961472083828,-1.294610302819047,2.186841128699207,-0.9117508541556749,1.08628307432329,0.07974789282026673,-0.8270733916268748,-1.5474608386130932,-0.45888478019861134,-0.8022541067134326,-0.7205578856555286,-1.2993048476178146,0.9697702231014399,1.5922413541496114,2.5518914578168723,2.623001782349648,2.1707345519385624,2.612323158108753,1.7469129088287723,2.2305087545904008,1.036857564463773,2.0001654320021136,2.1210546864537547
-6.001351371032837,-4.2024326332233,-2.4131302967240287,-0.3118965833219225,2.556242257528211,2.405424418636839,1.9652394844509147,0.45355216898755635,3.275570041542186,1.4625052071305524,0.6374710539420466,-3.4794578949136548,1.9224842598791325,0.457590953396545,1.1896439408722397,-0.6870749965484433,0.20019595266656393,-0.2587755117842847,-0.04258635962088997,0.12303436155570527,0.26410676335703426,0.0747962768868364,-0.7185635817827866,0.858003070611637,1.6934385112155228,2.1221587180497417,2.8893166429724215,2.7865204257025873,1.9931831526860084,1.3838794824217597,-0.6287297657074344,1.9556696325845941,2.792269774286791,3.645475473594753
-7.791613461214532,-5.479486988476437,-2.9983080773598245,-1.2987255263176427,2.0625636145179986,1.7504133453344126,1.4335371919501725,-0.34240847648983513,-0.5830177087536516,1.358172743785613,0.41666294182310165,-0.7612894195245394,-2.6077797638453712,1.8046446370794231,1.179073294548789,0.43257523014371724,0.04141028985358966,1.1101179797031329,0.0026368303353446858,-0.27956064653033313,-0.7497078782196638,0.4086363154082798,1.4880514987781093,0.25610886036357466,1.65944681940078,2.1657399037388783,1.947548729887427,2.7588118271218356,2.657566871004834,0.4945045774325152,-0.5685737705404199,1.165760747363593,1.7393819854222574,2.107908332157611
-8.583867666516673,-6.59671995239707,-4.834780403910788,-2.442620659673931,-0.803829207799622,-1.9305718008232318,0.22215144818767601,-1.0332736502504136,-1.9127454375136494,-1.9975024862348325,-0.8813675065535782,-0.14747898139292062,0.7758678470142332,2.96816913047571,1.4458269786955131,2.588237755888006,0.6854041565636115,0.3174878447589899,-0.9632783618997182,-1.1623706364902142,-0.7823354190913082,-0.570192202806277,0.33275725773721965,1.0757413992145808,1.1955256398814702,2.457311617203074,2.784447162436677,1.2955591075925923,2.3845417132166924,0.9587942534201074,-0.044765463871423314,1.660020197107403,2.3642619869708925,2.2689062801466124
-9.065705508404102,-7.712535049980456,-5.59641798862759,-4.443861311243234,-3.3899532224109468,-3.6115839174441997,-0.3947675281753694,-3.976433212733382,-1.1257387561551753,0.5623508115272714,1.4225706176100177,6.167560773347513,0.0768995729402425,-1.7927231034516224,2.107344761740428,1.0764023959124902,0.872011144445984,0.8387854945922125,1.2753499542099187,-0.34201345847400466,-0.9244428181481202,-0.2797339503187315,0.45758407921389566,0.9381962501834982,0.7901020717968397,1.1847835740718038,2.5961167790382644,2.1554788122339392,1.0133913910334733,1.4988858103056972,0.9493945433868133,2.3790330087587845,3.797394029544872,4.438018313242954
-9.231975879207035,-8.37398751180294,-6.588247594142953,-6.486794525554338,-7.103215512365416,-7.494544720905833,-3.5015052431867146,-3.0951609977217247,-3.046080405546381,-1.0354586345579373,-0.15070307305058317,2.1786316650598128,2.5223416252427913,2.931738346588887,0.8976705521851883,2.2930932545382503,0.8663152655896736,1.1771299801061508,-0.01424244419431995,-0.3610768909005631,-0.45813748895979545,-0.41993312517465237,-0.7456350938411163,-0.44090967679176307,0.662278961051753,1.5672396427030764,1.6944914766966905,2.910455984898468,2.5687504190390613,0.8829420419950744,1.1795982570082768,3.0586289450856037,4.6262203787234775,4.507800694854892
-8.838429192710187,-9.30823112832361,-9.648368739065798,-7.897874874604917,-7.8186527302404265,-8.250936867642634,-6.135908200078011,-1.7163817466072688,-3.348414739074327,-4.296007218141493,-3.021304977329229,0.1932595196169051,-0.3723738970099569,2.2736619975906756,-0.09693218046192104,1.548455439404924,2.6863646860901302,0.8281531340393623,-0.022205108858603797,-0.6066116318296649,-0.4145814425867616,-0.7941817757871246,-1.1554065419513437,-0.3602739085449544,-0.08813860299428429,1.0591261320345182,3.1830468825149087,2.71281943879072,1.1143971011742984,0.09192803298002918,1.165020455146413,4.3736319168687245,3.905705818128947,4.54609599450827
-7.876192359782449,-8.837111621109576,-10.733092680801596,-9.347674636806282,-7.548538984149746,-3.537743222306429,-3.17219872287261,-1.4304224425435368,-3.8214350767522514,1.9542353451037253,-1.1507476810375399,3.0889106615724113,0.794608848714017,-0.7331001481960521,-0.36493127369952866,-0.6629711261401028,2.080286959730176,0.6781871457195269,0.40671295061450646,-0.3070965337124784,-1.8115218139518419,-1.660014760944317,-1.150249027397141,-0.06935815175301119,0.7989405830564826,0.5942879048316803,3.391533861607657,2.356371789928677,1.0825503635788751,0.8349702706644966,1.7672523951121601,3.137164171603261,5.062009297558118,4.399291949532103
-7.58519872857214,-8.531335447250004,-8.955324364649371,-8.852949110922216,-7.076337132057143,-8.331243062010957,-2.231937019739522,-3.719272856946412,0.09565665024592264,-0.5762905455726668,-1.3898844029454132,0.5911970548634939,-0.11335538875411515,1.4205310703615512,1.4169679163296467,1.1332543334031253,-0.3530256059684005,0.5696649200849748,1.0277066930866425,-0.5600529649195847,-1.9880849502998963,-2.7521819688239857,-1.2886600636784085,0.03717148851040494,1.430163814474615,0.3309247693679734,0.47717346821876877,1.1775462911261543,0.4177989942377493,1.737598898720564,1.5544536698270486,2.0612713804903984,4.575922388581094,4.935118029324868
-6.944226653633479,-8.521637142637449,-8.764250179807927,-7.656616762086079,-6.61941329989544,-5.353006076040115,0.19374468820880378,-6.936557379103809,-9.584782210960139,-0.9538723505858249,-0.7586667444927592,-0.8908482603207097,0.714799388291992,1.4520959482649294,1.2238835307139373,1.6125639143929027,0.5393028893558555,0.4590181321156247,-0.4384914515702195,-0.7761953494879629,-2.2541206928391455,-0.7792062137873021,-1.351887736588031,-0.34813132227536653,1.1770567281226956,0.736074429933303,0.6080221959324437,0.1369470661825842,0.42725744462071125,1.4627513160459764,2.1752574404044944,3.7902639472453337,3.9869037801279203,5.001695361255572
-6.205369760344575,-7.571542774241882,-8.626342913579165,-7.397419413293711,-6.541769495659489,-5.692272611652335,-0.853779499136811,0.5407744151830747,2.9936286729301607,-1.023343771725572,-0.7744196326880133,0.23164945808096574,-1.932970899694097,0.7286710262819698,0.3724141224356326,1.2925185443144023,0.32054881249260037,-1.1077992944491588,-1.4638161804725898,-0.9561940215484417,-1.894563963041634,-2.3457351612555923,-1.560616827448822,-0.9099664897434816,1.4338189705994417,0.7979074162578772,0.524021661056068,0.24287846066017715,1.5528623762817213,1.434172383672985,3.1192640360079995,4.002428918021603,4.4483451035541295,4.108877185158654
-1.18395431273427,-6.4272589088967305,-8.150318213170626,-7.076892603231505,-6.661795571432523,-7.025821320334466,-1.0880787007110875,-3.8026966683253383,3.873980631315345,-2.4771592303122185,-1.6002260446087668,-1.1127907374665924,-0.44450177901445054,-1.1620535999094947,-0.368631569182089,-1.409588735444582,-0.41324921464169245,-1.2595283641016273,-1.7928192258409648,-1.2164269099789435,-2.708926595276569,-2.7282375019413823,-0.16895164564048634,-0.5065513331425671,0.029286116525029868,0.012976809167849166,0.2591489141700715,0.77363125758481,1.8033171345719639,2.6174006805052312,2.957441556706075,3.3670040354937596,3.481049537461426,4.773175259538757
3.663979501110922,-2.3897354237914517,-7.929130377776722,-6.948677528717242,-7.524998344601838,-6.642017447774786,-9.956237342064341,-6.2972874370327085,-4.049199053162786,-5.567230704947274,-2.0927151132660673,-1.0757002260867712,-1.355790931753064,-0.6177417409457375,-2.385590366424377,-2.1599494343988304,-1.0963800780803592,-1.0540881059296203,-1.093106444945264,-2.781597373597024,-2.7317449848526456,-2.107918323093244,-0.6576185542254013,-0.569384720871299,-0.04363220860801651,-0.3028200190105274,0.9857237225381695,1.3954179651831924,0.9109296591332546,1.5914069899821104,3.5643176259080906,3.665273005223675,3.804283734203642,3.2809913821247236
6.53551532004292,2.574651989324841,-5.441466774749486,-7.76089471374456,-7.010526598211734,-8.263111671871702,-10.187286847694839,-6.558451737885756,-1.2146644974276992,-6.041129471764158,-3.2412849316059718,-4.412093718814728,-1.465649899973935,-1.0871517238833053,-1.2919853725068933,-2.460201350024002,-0.6408902782959435,-0.5325682827447623,-1.07461571919186,-1.4476712996549324,-2.7907491584198123,-2.683969424361574,-0.7779260117594387,-0.20878055442538113,-0.21409711106708168,0.7415506549139241,0.8184029387439917,-0.12118415183409471,0.6005481480881463,1.6208400762829054,4.335609356073858,4.701072049087365,4.140770473315247,4.463265114463823
8.722039887840495,6.268873932916344,-0.14709883257631798,-8.017884724256993,-8.908358490171132,-9.063333093709783,-7.584639189497627,-9.475033385301018,-5.411151068154856,-6.2965272702630894,-4.8470450265260885,-1.4860166620878512,-3.1977006284299043,-1.2945281948200982,-0.9074488358630645,-0.3144062177158831,-0.6665053116480808,-1.1251626147463978,-2.2360086282768705,-1.979330537092906,-2.5736237162323072,-1.9141867021155867,-1.340753909444663,-1.2651613967415654,-0.5088183613981757,0.16996173988239052,0.49614644849672623,1.8197751218253881,1.002442189732891,1.3651464879233104,4.457376770826776,5.238822463871925,5.191103102649588,5.218374225385288
7.654619942648975,7.622593739332859,4.824609260138792,-6.810892605511928,-9.954188957817603,-8.626128437603104,-11.195709925490274,-5.603290818580576,-9.5642229214315,-6.5029391242334915,-7.491162551995979,-3.4297194512495945,-1.5064698704602613,-1.549192714008173,-2.0771319105296073,-1.448645029933027,-1.3863450386882765,-2.9326893142339405,-2.872604591003077,-2.6085142547471114,-1.9606323989715875,-1.567578429387024,-0.7817969843467879,-0.07033478778979065,0.08485628039860388,0.0659009349271426,0.24017550926049985,2.1819002304150614,2.3391827450346145,2.119756519556552,3.3462373477666434,5.2893479336465195,5.073057027687144,6.335092743290529
