script/wind250m.json
{"header": {"parameterCategory": 2, "parameterNumber": 3, "lo1": 6.000198445256149, "la1": 58.999992894266676, "dx": 0.5, "dy": 0.25, "nx": 22, "ny": 24, "refTime": "2024-01-20T05:00:00.000Z"}, "data":
[rows 0 to 23 of 24, columns 0 to 21 of 22]
0.048933273281106186,6.4939042270909315,2.8891304390957404,-0.21613897639984664,-0.13158427286029026,7.7650587698194515,0.8973010903466418,-3.6700196962568343,-0.43321281539833234,3.853248676366783,-4.520830684476898,0.5183912053225406,5.227893855169296,-7.2247030988835155,-1.0899090817725237,-3.932378603162631,-6.568984930473706,4.679902031199587,-3.2795600631618798,1.0118199227881939,-0.220070329620239,-5.143018729290288
-2.5965482219485296,4.129488810325479,3.3270860847006425,-6.20685284198871,6.233027218922153,-1.912071635835757,0.7316266604641152,-1.3397703691700875,0.07017044479052789,-4.03391564581022,1.5791573883972667,6.164612225636864,1.9172748952646281,2.8599172073867876,-5.75360185574312,2.3387320235827653,-2.219964537418061,-0.8606655191632099,-1.323573759279709,1.1152891441207877,2.5872625327454033,-4.438291174090249
3.2929680413944697,2.8404438536182934,-4.526539150472196,-5.416379865923636,0.2932452799165481,-5.266604912449461,-4.403518790483987,0.5638435798408431,1.8602989693273533,2.444333227612554,3.683846851540937,3.271890317677575,-2.9791628664347996,1.7900224786422019,1.0020305575946438,-4.915052683328044,7.7742979048775105,2.6132685911204976,3.7083918085496475,2.932646294597697,-6.791112911116201,-5.263230902057235
-0.7135702996035771,-2.217046330679827,-6.823855958443095,-3.8539525103242998,2.570417636366155,0.05326065844657782,-2.265925160734635,-2.5314082566333402,-0.7005817059380296,2.7760147368447123,-4.199038966205533,-5.1435501109273964,-3.7101235296151724,-3.5192630610201205,0.982260773914034,2.73257597117433,-4.556617867961264,0.8239265818325232,5.415025033271006,1.011206285477543,-2.249075180791918,-3.2318945836366186
-5.569555282718858,0.08881242144295115,-4.4763780004446145,0.7795332719572993,-4.454246189901495,-5.932810897611921,0.6246354598998638,-1.7217988744167982,-3.942173946661125,1.7941151043221615,0.25808498896247306,-0.9369750966967492,2.417129282833527,-3.2371463118887203,-4.137295654666864,0.24184522799913633,2.6164099200154443,4.627189894853708,2.528879234315874,-2.706614666394563,7.467263322939185,-2.12069890850442
0.30215802370312533,-0.04801754359273995,-2.2688478582797966,-0.34402382650515895,1.7523162480994123,3.272671578366942,-2.060367912831731,1.9743856315430504,-4.244968700968883,-0.16898892566051005,0.5813238066312205,1.1250526875542117,1.668142750888387,-6.301024344692982,-6.867570339884464,-4.575206149091146,-4.612609613882501,0.8882278722933646,1.5897753280830536,-4.858816930183948,-1.5029675425487652,-4.503833784599544
0.8772542861652145,1.0113087927683444,-0.02744861366426836,-4.05780993137338,0.45210257598891224,-4.427716624764333,5.193353075016266,3.50151556040882,2.3872678066235817,4.239348331314615,-3.032659154017439,-6.908910407497642,3.648215852254939,-3.821343297286393,2.233089217631759,5.877535352276956,-2.7687770195085935,3.2014476871567443,-6.228977459008612,1.3777589462465252,-6.234245969009636,1.786361792073719
-4.743920634787389,-5.02000665719144,-6.557869914596836,1.3965201595601917,-6.159545037542368,-0.01613185169422204,-6.372976079110485,-1.8751217710265558,3.662439703246883,-5.462053487331802,0.47357677136872794,2.53840878907716,-0.9427004587122588,-1.2303660390259046,6.855093385917875,-0.04747783381740039,0.35665175425593704,1.9241824813652642,-4.250607078254037,0.10649374253439542,0.26679222478026215,7.524744970581283
1.7483596912527866,0.9607344952162616,0.22786161547750308,-6.148295017103703,-4.053944824363559,4.20867233082935,5.101581658401427,3.0213158994150264,4.421921591653027,6.930457799534946,-0.15840789015753412,6.464338503200741,0.8147974991823144,0.9116535156468816,-6.308068144052984,0.2918059962486118,2.2261122234293507,2.313055439418892,5.123515616310251,2.9777549918592605,1.8613624509559938,2.7376278595379047
-6.9108053473772895,-0.40574013179402735,-2.2807035056698792,1.8126845365930437,-0.021330788419335014,-4.322027735778493,1.3308164123038295,-2.5306060906077827,-6.402502039851983,-3.8217656874155552,-2.881399804679251,5.291790596990708,-3.360289380564557,-2.4136293843903327,1.5087804641206142,-0.5827052138369543,0.18936946647925162,-0.18125869650572432,-6.540716480399748,-5.37612700034418,-5.99611898037947,6.177386669663302
-2.7119372308959475,-3.906813174592032,0.28101893785675935,3.8338561278235184,-6.035310539358401,-3.464863012832279,-5.575053632133835,-5.300070277879997,4.2726574904834695,-4.075023408190872,1.4308552508404175,5.04832462509598,-2.1505165895535443,6.84701704544859,0.8166298952224469,-2.5260232363771604,0.17588764536329476,-5.6079258843538256,0.3257867241414732,-0.11849809143005789,1.231240035509301,3.2904168773948532
1.1031585714515886,-0.9366932435254327,-2.9264746030657096,-7.672538540931598,-2.3233935957256344,0.7317970439152591,-0.39636996318342116,-7.059976876923602,1.1804344790063763,-1.0179986509141599,5.452456731487884,-4.813181025952586,-4.411834749355173,0.31124165685591454,0.559853006147378,-5.915964594429509,2.129068346721249,0.2081360472319572,1.4024340161525346,6.029745481851242,3.435204107618017,-0.6816969086381047
-4.9841042653627134,-7.089901851611331,3.3217271561150925,2.4113844939958207,-5.692686646161662,-0.2596578321893022,3.9050924143554213,0.9259611697528095,-0.3191164813587147,-0.37873263930020296,-4.927015318319901,-0.33911798179556424,2.4291262977749177,0.5460446318448874,1.9720543749451647,1.7278406436279041,-0.010518504338182693,1.2140498746297506,-1.1836301891363705,6.948422281211168,-5.50865641148361,-5.756114291126758
1.011879788633581,-2.123295542818212,1.773643673607548,-4.1724404109857955,0.2287173374051116,0.5499215855236288,4.259437722393852,0.436035266702389,-4.931211335767238,5.8978777425052185,-5.605830958178069,-5.622594580311608,1.1749278124046665,0.432893236682736,-0.22539465335551595,-4.23154434484289,2.3646868872633244,-6.750450923671527,3.5062161367303144,-0.5911393693182247,5.241622495146039,-4.717168904447404
-5.783207802676663,-4.946919304737439,4.175493220473,-1.8659014828054081,-7.16384594405537,2.94591558818074,0.6670681509275525,1.6180993467894798,-7.331012341520341,-4.796941704073878,-0.09196729437462398,5.7491243276133135,5.273469502081112,6.819135647172809,-5.090459814520894,-7.474858881929936,-1.3408510578647037,-3.1136704888004965,-5.172885515501963,3.963081522467405,2.5566068628125436,-4.514041114227231
0.8180849685938859,3.9846081782487786,2.5343605687246376,3.091204746227142,0.042110647071339206,-5.5673219019168565,0.39811549240745575,0.33041305539503574,-3.159529340764197,-0.5692366155975238,1.5908556987736697,-0.8642388310323863,0.13675842734954238,7.2139946123146075,-1.1362955502523964,-5.300791563574369,-5.83661432436315,-0.010062114478142549,-3.9308642647003547,-1.2264971134551792,6.963564465113293,-2.2087137493428104
1.092764708796545,-0.8758634433524806,-0.8846106000770275,4.498357409952567,-4.532863029636573,0.09343237168068608,4.836209813285786,2.421405544942791,-0.4366558027918163,-5.05369083070626,-0.7190276115926131,0.8600851383310785,-5.845940228770966,-4.6697480840462715,-5.986824572133694,-2.961709879288931,-6.079994961578555,-3.662061853805535,-0.36221582947496644,3.127666275238368,-2.49252577287936,-0.4426067797632569
0.7698372487495494,-4.603224050167995,4.451518724152401,-0.4783019937269886,-0.1316752129457657,-4.342940326502221,-1.6210585308720724,0.7323379319839541,-1.9749309504398183,0.9281677638354222,3.0396828867718875,-2.5787818787301267,5.675712466432357,-1.8755060124173621,-0.4355772509346962,-1.9555560231188687,0.6471664569220368,1.7482601703307372,-4.817407533197777,2.167950210117357,5.103404153681429,5.2626791413955765
-4.688784230744453,0.951282432066704,-4.298626306272498,-0.2495777827895231,3.360947440698619,-1.0232224460807129,3.4207119783309463,-6.591310785466396,2.285984017022342,-2.5192407415933857,6.682608151539112,-2.8116408159071873,-5.942777205977275,0.8324874583341045,-0.13353579471215385,0.025146282923398024,0.6974654781223866,0.6064618889693506,1.2347126275898637,-5.252819395045131,1.798170106959485,2.746216822029652
6.738859482433738,7.171505355180507,-4.393667759897192,0.8934127736532772,2.7002527484785985,-1.3223432888856492,0.8071879766310271,2.867905730277488,-4.9461480969350795,-5.367742901085144,-3.535611085022334,1.0045667889140433,-6.432616409775633,-1.462876580925769,0.4603292253855546,-0.24432406089977035,-6.663694461292151,1.439348235085944,-4.320082675144785,-0.06686010201997508,1.7864190710460928,-0.6283057225036229
-0.698529406543318,-5.615336238636909,3.8310639291720614,-5.5321635172838866,-6.383307304290467,-0.07251377915590733,0.49459016560403957,1.3806087371970222,6.4156358094894745,5.304950692237035,-6.843998505049756,-6.205504662010051,6.3380537735205404,-2.745875431649151,0.6941042608262882,5.8046218671810985,1.9326541672105653,-1.8796987752199117,6.263951974450517,-6.462275717671632,-4.591173515356227,2.0781385284431866
0.5679189412472492,-4.699818655962681,-0.896894560866543,-5.490733698170312,-2.8627887895523147,-4.698122013683456,2.2740297297501435,-4.403014832868386,-0.9068582117402566,2.8662446393014305,0.43352293968040656,3.3527141117227104,-1.9779984047545804,-4.781271807694797,0.3126571424554356,2.9771619884366665,3.8236682050220034,0.8446068330588287,0.9833286676203243,1.0498752432496348,3.1244989476727834,-4.37257184873438
-2.8506657558246316,-7.007321801876288,-5.363215404935166,-5.445740162510458,0.5445982257741087,2.0808583074605793,-1.744735149893337,1.789312892957889,-6.79707967918746,0.8205891963503086,-3.4928056333459203,0.2672266401538393,2.843141646568325,-6.573383422036387,6.934278401292862,-0.05267671720689013,1.547867166647788,-6.1595820539309285,6.547623087461995,1.2698260786017204,-2.5179629879287284,1.9882669192276692
3.641921302597627,1.5880562953044723,-6.555631038800181,-0.9327585450163721,3.8382065280401196,2.6060648282652923,-1.8488260159929875,4.448031489342796,-0.6369946462069898,-2.282791077399289,-6.202995890719295,-4.309012869638339,-5.3949898197745165,-0.5361034354821679,-7.008294648792889,-1.5120219006745323,-6.232654480002997,-0.5373824017326109,0.4589256411116674,-7.572635049940659,4.90892854373487,2.6819863234939154
