script/wind10m.json
{"header": {"parameterCategory": 2, "parameterNumber": 3, "lo1": 3.000054539987559, "la1": 64.9999836372058, "dx": 0.5, "dy": 0.25, "nx": 34, "ny": 52, "refTime": "2025-05-23T15:00:00.000Z"}, "data":
[rows 24 to 47 of 52, columns 0 to 33 of 34]
-10.55561194001479,-10.683207729935406,-10.652942918840582,-9.60564246729316,-8.55245062023345,-4.725007436070269,-1.5638808104562787,-3.4574734559635587,-4.574850885172745,-2.009679280494184,-1.3729618798524323,-0.9613493593784616,-1.4626933871941077,0.8158010128445974,1.071759495535164,-0.6193349626376655,-1.6445541569178788,-0.5474205717240558,-0.3086460334679531,-0.6334938251661667,-0.6509316391899198,-1.118568132232692,-0.2549136597116234,1.97486306917167,2.754840835919607,2.659405565057765,3.083811870448026,2.593392350975328,2.8683575578260117,4.718360342940926,5.564966059544822,8.39350042440151,6.013130083977948,7.779860936836496
-10.047657128536297,-10.244596310987593,-10.425722792364363,-9.732389948426269,-8.850423831548115,-7.241909347978801,-2.604148895989064,-2.5827242353041324,-2.569292847926402,-0.8617329001241134,0.869754181119243,-0.6343534059967335,1.8117291644742972,4.051006671825779,-0.47514935626062477,-3.9457242536154524,-3.262323252463717,0.07320178414048809,-1.4515200113786306,-1.3472419938901092,0.664196956463755,3.6758541976463817,1.9160782842799575,2.144117009027835,2.1576134756109964,2.261446069984162,1.9327769140174424,1.838643648732029,5.151898376759076,7.65081267390934,10.496035502033044,9.387894782421217,6.256984952650969,8.809899447585364
-9.796835785886149,-9.847377756074474,-9.925248601303144,-9.946838162254057,-9.130587508730555,-8.724066959663151,-2.9053564549561535,-2.6029254029055098,-1.1079211079939766,0.13941926523737858,0.6175119263579727,0.6604019280421825,5.978556986800871,4.3212321923367965,0.19371358567268565,-2.9655490380393172,-3.1930360158021363,-0.7881026050444286,-0.1798228265872105,0.713121547484306,1.1407259340464428,1.811432893537514,1.7212681620853103,1.5511475439894098,1.443985215697546,1.1956031823149889,2.150814204020068,2.402763946374209,5.9994163445444215,9.7392110267239,10.767422930118068,9.814358575598504,4.514854224212407,11.906445273091306
-9.392566841201312,-9.748226672374114,-9.952781996017878,-9.863604442483974,-9.876177357388734,-9.145590336767452,-7.930306339230633,-1.66180531480517,1.48304459700102,0.7354950085082053,1.7516609754470402,4.174738013156018,4.47479677941176,2.1558808777660667,-0.061475468172961956,-3.7352736807490206,-4.432884329093964,-0.3355400114812717,-0.3872411114207574,-0.059897107696090676,1.2697816298425855,1.0020514953579576,0.935447983996291,3.13206056222977,0.10083689311574955,0.6067981595898644,0.6833072048728573,1.9536479668980264,5.161324176709145,9.12268473385728,10.233974145995358,9.716152612588445,6.001579710390135,11.478075203828528
-9.236361144873992,-9.471023321396773,-9.803233717765188,-10.007726953093961,-10.071852773124482,-9.433451550863424,-8.704100813127631,-6.614408599566254,-0.41073409148008466,1.8081259671383438,3.535945094258821,0.3960139945535418,2.9064591252437477,1.0490189940046335,-2.421766343726816,-4.404641181257791,-4.218221345305937,-2.9337065249453422,-0.48439500185999884,-0.4244488494329118,0.16301369060091508,1.1577723026587803,0.6693187646827714,0.9075673414357317,0.7758092395254809,0.474089966584785,2.2179697432414116,2.142025951003386,3.4924330156579177,10.045047937584908,10.858441143956345,7.119358794048075,9.281085761800542,11.209865973625817
-9.288662097656484,-9.362171758994823,-9.50045377434521,-9.978700249320466,-10.035334371550539,-9.387082118313986,-8.476441395492614,-6.742761944165871,-5.588953466846839,2.7022757197088967,5.955975096030979,3.9854661556538287,2.3339458906289376,0.23583799157332774,-1.9971999831580485,-3.188942168760386,-5.70556160634916,-0.46635867204413023,0.5167841752092489,0.07248241416049041,0.703730610672443,0.9974854153009504,0.48157675493582514,0.2921776416079282,0.2456287202049057,1.9295663815090567,1.9656819987442513,2.7026569147646926,4.695799411962567,9.619371280656035,10.319365081316464,4.904775244207267,11.914812991969395,11.001014411197787
-9.088401507691177,-9.367811839319776,-9.402921905773436,-9.403935114025815,-9.541354341426292,-9.271734223226863,-8.33900919446438,-6.801260631223306,-5.870538057808934,-3.3434928823433734,5.4852285428378575,3.935565822220761,2.800098241970852,0.24969388090097955,-1.8150839287958462,-3.656052620173495,-4.3620789571017315,-0.845315852920501,-0.8261948872121136,-0.09050163424053925,-0.6449853420561673,0.09037159306246496,0.8772853840816103,1.145337277382034,2.5149640335846155,2.1897376116197105,0.8739801061756293,2.3280128694567965,5.537435014221921,8.680044399299838,11.38093453318317,4.339375874956418,11.619603459191485,10.399128666694464
-8.395258246167742,-8.507513589127603,-9.068585843145378,-9.262256479164428,-9.134067326627852,-9.00919512115372,-8.315146570882824,-6.506811092044089,-6.032195300113923,-4.279167871101889,4.7966212473998056,2.9938682787435287,1.6408191453519263,-0.19144009807785495,-1.7825410436546998,-0.9379821373461772,-2.27744687479105,-5.234756513315513,-4.139426560006257,1.1018442979438807,0.35815311183492476,0.7854233039569193,0.3708003559857589,1.8058401183112571,2.4361608069796024,1.7498235684867887,2.005685001213211,4.275673562029941,3.5842028939144055,8.46420665203592,11.369459343452398,4.870553987931451,10.334748448412634,10.035833863480708
-7.366609932587579,-7.749914333162556,-8.505381388920092,-8.559857742226248,-8.880021360795292,-8.533961764752119,-7.9327566468201836,-6.303302709180096,-5.041876846247391,-4.041735049508685,0.22481456370406266,0.09497409074195734,0.013144047643460378,-1.713372997991567,-1.9492330740880415,-2.893784797942896,-2.5405162999653994,0.14294051860962134,-5.45375851495362,1.6284647391592346,1.8312658823270282,1.627295829898828,2.3318731305658824,2.967691833476555,1.69856599729154,2.4119894571823908,3.424898298002644,4.5206683009871576,5.534497338529275,9.945259544867632,11.189556157514016,10.490169807696653,9.914889811860025,9.450530500204561
-7.525632534978054,-7.895010239040096,-7.627853825195731,-7.915839187779657,-8.072177372290716,-8.053328416605206,-7.48560808795028,-6.69316025604014,-4.634451298766186,-3.6062872900647793,-2.929643669551129,-0.3028195686473224,-1.4518590091909895,-1.894323885109244,-1.1825900331289192,-3.590242787868432,-1.545039034374701,-1.4841597343069246,-1.2131834105728936,-5.1000521943823545,1.2374677507118543,0.9623287066653945,0.9478371913160576,2.1364327792428504,3.3796889923886004,1.9154456818985883,2.784818870343157,6.267254732058539,7.642952263050951,9.21428607879447,10.275303473183854,9.848431742247774,9.573125642819141,8.811939362669962
-7.538084887205534,-6.732749561969693,-6.991590592422604,-7.3576447368213715,-7.469767863839125,-7.478570617648892,-6.950427211579216,-6.077975802243218,-5.272423404537593,-3.939966208987027,-2.7646065295606963,-0.7130072592569981,-0.7986701936897896,-1.4898769039738673,0.7509004108879782,-3.6860944765043135,-6.905837298831909,0.19974464865188618,-0.17003129611333956,1.9640223437217206,-1.6523733432081449,2.9641295401860535,1.871842771663528,1.6596027041214914,2.1173415265274462,1.353356940203076,1.1455884383144117,3.461446932394615,8.558775966209517,8.09456054305193,8.16515065638116,9.570497719274119,9.052654700843826,8.422172737635305
-6.9927773177157,-6.575097239104918,-7.191631895713414,-7.289820230169038,-7.558692137547658,-7.201267302248295,-6.8774613329440895,-6.169883927685798,-5.460358365712091,-4.484015234371974,-2.753273186018248,-1.114779222425888,-0.21350697619800893,-1.991495405375432,-1.2846514854591506,-0.5845022595107136,0.006560497632033058,-0.9297814450026146,-1.3545101345514554,-0.18592152657996638,2.854589007399326,2.044486597929439,0.9885294529086044,-0.009693250829614076,-0.5254511157165455,3.2370198434318547,3.1941560886325613,5.808974809015405,6.691898976358497,7.126926310505139,8.248685648788124,9.143200701462227,8.702579020023324,7.3251637136576315
-6.096731010287171,-6.964475668501223,-7.333301251686899,-7.309822801597139,-7.681133098475619,-7.267513372778865,-6.987659276644844,-6.456708344054321,-5.475510162865874,-4.327605991940264,-2.838275695240837,-1.1615720762145745,-0.6383906907983387,-0.21863083501149852,0.19313184068859618,0.5179112803398509,1.2987401254283903,-0.8817715484324944,-0.7261201661177045,0.9404857351377932,0.8993592086358552,-0.18004859127368525,-1.1280478694906744,-1.7527041587713397,9.066072584611863,4.219746924326004,4.667384245656036,5.802989322394682,6.585912520851812,7.990199422094703,8.471439731707578,8.450642779948176,7.588746524182449,5.300901687589644
-6.6308438795998255,-7.023988507215026,-7.390112114281131,-7.690704602914353,-7.400845541522026,-7.064981526838887,-6.7806680783041715,-6.4928654465754425,-5.25990527194113,-4.035033614720453,-2.984407160097155,-1.4926535202601812,-1.246782464820344,-0.8599769792536016,-1.063801220005958,-2.964311542407724,-0.6841692097712456,0.007894707227563929,0.6299613082025296,1.085103862401818,0.1458780753907228,-3.0105165533376663,2.326259751864491,6.731653278171639,9.521513916012106,6.3158411068449585,3.5840401734667084,6.807465369036101,7.713332997678504,7.9403987536764475,8.2728771501065,7.485412400847557,4.96636932908741,4.821455693167837
-6.526365026707429,-6.652899873658905,-7.1284581969073795,-7.4723162674281465,-7.26072323751201,-7.099019467268991,-6.726636192150083,-6.317976586104584,-5.114377250494612,-3.7336204166463687,-3.3697567733144713,-1.3286357913769014,-0.9247058732857392,0.1713666891388558,1.3496325474773572,1.297515691944329,-2.5570452157489783,2.2355524709529466,2.2644417415090077,-2.5135035638708967,3.8394986485016527,4.361280099223636,5.217564085937458,8.03923280846428,7.0123798960857835,5.38140112364799,7.614179122262319,6.777241278929854,7.466122601395384,7.233434131009407,6.74019749907238,5.415648682419666,1.9855230815972664,3.8361762092841594
-5.35162831131028,-6.4814973570247165,-7.018186776455003,-7.223175959737457,-6.799386044671394,-6.753876140907862,-6.786757650763541,-5.977766375002989,-5.094424053568543,-3.790795865003175,-3.067623352995308,-2.0051379472141395,-0.2427182585993092,0.25562895423516513,0.05300548973237736,0.4946226918934445,-1.3774745512213804,-3.132215438586309,-2.990364897274076,-3.2340390199457714,-0.3411723730908915,7.259127567188065,7.2041751273224275,6.660965166039831,4.985597655221431,8.324690725509965,7.099970380204606,6.91066750007574,6.411398382880566,6.043110755537278,5.253798241569869,1.6512389177636173,1.8532311923580835,1.549065585446914
-5.700539933318367,-6.139835439544235,-6.592591318921484,-6.8965107744224,-6.6697594583262765,-6.658013193869561,-6.6071769078824465,-5.881808670851183,-4.76237439251276,-4.125344390265393,-3.317328762270102,-2.12450492802248,-0.4253298324990829,-0.17052246176189964,-0.2589519950526617,-0.8687420036814164,0.500245862326926,0.3347592516591382,2.3850492453060297,1.798107953891304,7.437758135163497,7.375530377889125,5.921888975601702,4.561875092342447,5.029637864583971,5.939771223053419,5.201163743772181,4.897138662598976,4.099656802827106,3.108080535098875,0.624301777654384,-1.9892209210523424,0.2205620406788963,-2.5052957787336707
-5.397251039597726,-6.192001048458119,-6.551247959689345,-6.734857235369474,-6.72683009596278,-6.703008789091522,-6.545163525739922,-5.579060813613381,-4.192170786586356,-3.7728367500945432,-2.7635805630949095,-1.5996638541331694,-0.21579301156117023,-0.3084127223350764,-1.0102685075402156,-1.4343815486179576,-0.24911520227819864,1.6159059942617238,2.8279563024751675,7.342046695502633,6.228511801469422,3.8921046606437004,2.7456598594120436,3.8748018154394335,4.592625148055497,3.906436315000541,3.5558762241035597,3.040558682486662,1.9615206663743585,-0.6140879863595525,-0.8345653803294294,-4.943885531644338,-3.5044562514298128,-5.42039434640088
-4.948306576075674,-6.201074924469147,-6.195000566121495,-6.594674345151469,-6.73198747596096,-6.370432914531922,-5.969423899692576,-5.313002971379271,-3.9115740790154243,-3.0478700309429616,-2.286432973966999,-1.4161759153424858,-1.01173421107768,-0.22742973851787004,0.39186442893061235,0.1989724612400187,0.1551773695002726,8.70249620694786,7.592142394698263,6.681008139362416,3.378618940010771,0.9558652497424982,5.465971703683013,5.208998733857006,3.260384084947329,2.8141644458709694,-0.3418747010842714,0.01633469904134328,-0.10477560125602724,-0.11129619693089789,0.7254628547840706,-1.448373378367408,-5.750334687351349,-2.6848442427366273
-4.46734411563699,-6.4182772697642125,-6.394111031703025,-6.7165744762411075,-6.449729695361879,-6.041643675942417,-5.0690697364652495,-4.54407423436143,-3.437619489290418,-2.431666398715231,-1.8407750605652737,-1.5059360029041828,-0.09712100265775227,-0.028123188447710373,0.34312329525355434,0.5569751520089857,3.4465941422462594,5.530439187711099,4.695645856184101,-1.763437080238922,2.3351611072830707,3.5761067299136773,3.133564316614459,4.907540099084378,1.863205384607294,-1.0414052295900902,-0.8520030037983441,-1.1869155024443416,0.0913587002371825,0.46048449801598246,0.770639201934969,0.3747707258412695,0.4702038427832855,1.3976027449663702
-5.231269728027969,-5.71946889760993,-5.855639215691532,-6.755499872280292,-6.544171282261492,-5.827297585651306,-5.303815284620882,-4.403876047972746,-2.839824361326526,-2.144767734566339,-1.9465246901158042,-1.5873310890645298,-1.1482517718138263,-0.900601068660505,-0.06055348897327529,0.41756708043978713,0.7191200076221921,-0.3133392513371525,-2.0257480919432838,2.312158706834835,3.3635046102350383,1.8305094883160598,2.338139622425974,2.3395185992633873,3.4489812534213717,3.0030622292096023,4.74098843487759,1.7000211774974403,1.4688906138603819,0.9579143359755072,0.9268514289351554,0.7062117133207637,1.5209125392379494,2.1564637620620952
-5.18169022312544,-6.051834436728054,-5.871132057269432,-5.659599912395845,-5.9914433487739975,-5.054279725330813,-5.0821920607188495,-4.378406759188944,-3.6598791334481207,-2.9463732851570015,-2.9170264728327915,-2.802988113397826,-1.622779189304775,-1.559734357213453,-0.5905274043535226,-0.3991776756793274,-0.15453744026981237,0.5191745633047616,-2.2312805349008253,0.007352605396716774,2.754777311553724,2.9274461837267483,1.6631841136196035,0.8259797062773804,1.3040641094523533,1.9773904755632863,0.42676174626453806,-1.7372706874276902,3.5755175839627436,1.1439341793367919,1.0542455257484682,1.3496512526106499,1.3887938144606675,1.4645959745930783
-5.035782102617771,-5.73443850653547,-6.6421693257255034,-6.271470936592696,-5.2672065808661985,-4.833230581512862,-4.846548647344925,-4.70258390974583,-3.7522102906403347,-1.5437279786732796,-2.0682115303007196,-2.854819724676872,-1.4629771418164725,-0.7306414020673235,-0.7497478607237381,2.6588718697424194,1.1879193189991484,0.48542708620708086,-3.0478339986217193,-0.503793843641049,0.06476177269453177,2.3023297168784813,1.655937941390003,1.186251272717565,2.5909554917490123,1.265479218468748,1.561955598075966,3.187342934475114,1.606224651894509,1.3020993411317503,1.712547121037458,1.199591336845738,2.221804626335085,1.5190692199945328
-4.710212996792142,-5.420857386132776,-5.944906092639561,-7.34231059467307,-5.524063460277542,-4.405356191877702,-3.081680603690606,-2.943985464700346,-2.0707325011558724,-1.938521368359664,-1.2931328431518998,-2.4417129807150784,-2.148786188021942,-1.526952338904823,2.2203383713667364,-2.7440201796822965,-1.3062697433989465,2.1513915987569647,-0.5700828078529013,0.2302916699968833,-1.2535752069280948,-0.5300961987887628,2.4777850028744557,0.9687903457598022,1.0957157669283204,0.9957093264931689,0.7641694142102889,-2.3194771993518715,0.7151445072090861,0.9607905573163469,0.44027816375930584,2.37404484850364,1.918544517704098,2.0757522888478506
