script/wind10m.json
{"header": {"parameterCategory": 2, "parameterNumber": 3, "lo1": 3.000054539987559, "la1": 64.9999836372058, "dx": 0.5, "dy": 0.25, "nx": 34, "ny": 52, "refTime": "2025-03-07T11:00:00.000Z"}, "data":
[rows 25 to 49 of 52, columns 0 to 33 of 34]
2.093236458390212,3.0069552052081367,4.2457052137979465,5.22629226827788,5.32471775188832,6.804377460788944,4.626622492981807,1.5133171443232079,3.969944188279878,0.32223920784832594,1.8213249621379608,-0.060447689764749284,1.0273127532916322,5.237216754327672,6.2598752001665625,6.238048273662252,8.083983091821615,2.520899242702557,2.2580356346252772,2.7084284126140945,5.6228856776852245,4.85267962659845,1.5722482297502343,1.2614445832966572,1.5207235652041817,1.3331323967767053,1.478418572601082,1.3905665381125856,1.0891587260829865,2.2422405552868514,3.389475235008839,3.367216881342555,2.1609639850107345,2.06239765823163
2.360978851350576,2.8682597298616495,4.517807631513828,5.038645596793924,5.616275218333181,4.81535729591916,1.9772711773669298,2.1589622975933005,-0.27811676860389684,0.6197651193443653,1.294771056816857,1.1522175880344212,5.32140689202736,5.966148293616736,6.006495597386422,6.5052922660147905,7.239459690095203,2.1051813396283077,1.8858454460685867,5.712388711697205,3.688231678207894,3.1845209883877357,2.850872053617883,4.41170803861814,1.8402151231013197,1.2763663022179963,1.154504729411169,1.0450942812095223,1.738938402523197,3.5236807473817455,3.1327544849806754,2.484086293917351,2.83955840784168,2.6550286421818083
3.4995134485538637,3.8730071316239836,4.69056840258229,5.119264280464606,5.597538269121932,6.342907494816431,3.3402550182082527,1.6893455127673007,0.7938818310922214,0.43765911418731746,0.7672973500642659,1.9088846909647152,5.448674751140646,6.116811314511427,5.478507621108308,5.7623345153316485,6.922551744126473,2.839001462704095,2.381142401363905,2.2432811016359415,4.729870600475186,2.6375248446599895,2.2954116366151087,6.724593473106056,1.3713727816468857,0.9464258927280503,0.9589526316579133,0.9794398556034232,2.7245941968316107,3.269679005920632,2.7433277667578384,2.5088157572380396,3.2046951803837316,3.1377215749265557
3.680097103495643,4.000414359520078,4.8810128895175176,5.523851143513076,5.525644856289519,5.825417889975974,6.43692270704018,5.411656675658855,1.6071834700441778,0.7527487486110431,2.4221036312667716,4.885088784268542,5.156290200839434,5.782022699906533,4.945238580821541,4.692673379379583,6.855950576365606,6.50099609766723,2.7208576719851116,2.6060294919887252,2.736631802857233,2.9327213982397535,1.8252354705463858,1.8560797954663104,1.328243934164005,0.7432877833714219,0.8552266221926758,1.3670762558325296,5.120680694027201,3.797354788493284,2.587088501078854,3.7109765752219483,0.8956442573778057,4.028926353223859
3.4347326936130114,4.693583793039408,5.459230390376259,5.783147084618105,6.316464870855804,6.924004852292821,7.053994701577881,6.872890119261259,6.871175349151325,7.112839588125253,7.481172286718554,7.20997915382186,6.704281417249726,6.004045147263228,6.425425950702129,5.797121846621842,8.03002360831307,7.829181372920592,3.5920364501526505,2.5135007690859243,2.429997212987419,2.3112500755083767,1.8832080673092828,1.5634497833469692,1.4158266954108492,1.3597715818930591,1.228508152873359,1.2474618776500856,4.617529954881326,3.87611974813926,3.836338249838409,0.9310835771945366,3.8198720832984203,3.244769253860029
4.120659237277695,4.45086064600572,4.820715416461825,5.194432705589242,6.091383485148594,6.647620112256164,7.242975856109311,7.186436868503375,7.842007640270204,7.96704940315334,8.046589634865638,7.614708416665573,6.587497868661969,6.190738266564378,4.714670432245052,4.887322329677597,5.935422296402637,5.7729676969077595,2.4131849244456913,1.9805269313215579,1.8414136231680143,1.5035014645852667,1.4822800405314123,0.9167024230062684,1.3509042412611831,1.1323841736559666,1.0373340040887633,0.9802017248647945,4.468592386004018,3.5498536412690354,3.8877631969765694,1.3290166442151936,4.647621812315588,3.140119952046839
5.135649819228487,5.371593337858706,5.70757746235519,5.677384408404399,5.768163135677927,6.394147907508871,7.169333443253859,7.675868075343882,7.576796547288444,8.439333012766442,8.041287849526332,6.083121011586758,6.610663015791982,5.751368413941775,3.9943744777225105,4.559574739180549,3.6956880530003655,5.66944141095068,7.031094580433865,2.1520245424486713,1.604746202410898,1.2992356992948664,0.7475302767379404,0.7120752885382898,1.3770186036724454,0.6330506621328245,0.8678298661167639,1.6670042309721649,1.1315203970969467,4.173714034510145,3.417644038937044,0.9480187342613121,3.344007679536899,2.1102183453727483
5.230688215385308,5.406273210908591,5.57316329184556,5.861268425553527,5.680321719381471,6.327297868321642,6.995500899671912,7.499227778451243,8.275255747607833,7.1548193208491275,7.771358302042499,3.0502239426008457,4.692202416386289,4.982514893017177,3.85703033579403,6.120281020845874,6.855376104178048,6.091672949970856,5.89575943514566,2.0568312842428735,1.861591958035386,1.2396789296446227,1.2796387159196556,1.0685017353662074,0.11686907164278554,0.49813052147100906,0.7114491261355169,2.8314938823893026,1.9930375746600566,3.7700819960808354,3.060534361707074,2.441146727160514,1.614834154406181,1.3361257687242678
4.28068895060432,4.4746109402927425,5.427326101273493,5.860309260993391,5.844022533319201,6.364443602286149,7.020853340708872,7.400164866094251,7.188549431313453,7.233448000882615,9.234619614316104,4.896620258941436,4.287239047007138,4.112809806975987,3.6711859040209287,5.358002128571818,6.220985204566797,5.054266186077297,5.585039312561471,4.041623716298765,1.67616659954788,1.7942693654997128,1.4662363590407776,1.0776612864377448,0.6408766303987236,0.35324629458324064,0.8476661229064221,3.8159142776907236,3.7482329980321993,3.234790937438717,2.2679946362601493,2.17811927487882,2.0856739842731087,1.5439223031425755
4.0360656860380315,4.9152218051888585,5.505458830791064,5.453615148659026,5.624629894348301,6.429408602658168,6.804557656260821,7.4248893408381305,6.517154425886373,7.658718007324357,8.53727959020873,4.693097210753916,3.4266080563352164,4.140943712616979,3.946195710579833,4.27931208071539,6.608688648663586,5.6748563922589215,4.6267473250665185,5.6745791957506135,2.222713229729591,1.275235017488706,1.4689911068295465,1.2252027461933892,1.1430797013194902,1.0073588844335544,0.7467651389930402,1.655883678034286,4.196157023547621,2.543701151473095,2.588002073049843,2.452307232591362,3.077506241935569,2.503465369039341
5.532627841139114,5.363056518278934,5.4396739794049225,5.3881911143203505,5.889290935128156,6.670555300055634,6.986277891553401,6.851876176382709,6.591424728513384,6.904170044510663,8.420707953211894,3.523031524079981,4.391039267221679,3.9651683974555576,3.902985505777107,3.461643758594261,5.236926142380841,4.203209906426593,2.25847469566479,2.70852941307566,1.876673522206444,1.6103238573452543,1.3014844018894052,0.7068504328167422,0.7798407935372391,0.8575728402138588,1.1665345329887595,2.424717865954649,3.3370915903660157,3.714036925455988,2.9254258705878167,2.990188368125155,3.0950161534544764,3.371474872104264
4.903781223783993,5.424529806486146,5.072633660500829,5.27696400530982,6.495969648903866,7.016143489542823,7.073914998468165,6.202707798243003,6.39294615320127,6.704541458581397,7.881240869929214,4.22448969486551,3.3781394508722244,2.9160481695572806,3.4699525645292684,4.9671965875459305,5.3039867073087725,4.536642906187703,3.1609315531307565,1.8393040379647232,2.3675654556921035,1.8769383831050344,1.4658775398325248,0.756117575888709,2.99906298205006,2.05739969017835,1.7620154787605524,2.2964554349506945,2.530994263238851,3.1981385307697767,3.6404357011876347,3.526367537039312,2.650150673342662,3.2104311311652585
6.205725918569728,5.927288953045196,5.551154861008325,5.516682895910745,5.904611722215959,6.200319073165415,6.767454073716092,6.319536229633563,6.458954983665686,6.689672999441066,7.82662849187574,4.205747892050129,3.580994417918259,2.6022499052459405,3.955954713650507,2.6452661340636023,6.072137812127002,4.002785279387375,3.440499237428759,3.016223131913772,2.2852980691769478,2.1921905649288176,1.8275619228503828,4.479772558228141,3.1480093390692208,2.4427507985545054,1.1450823240898764,2.9584808930247246,3.322751441394918,3.339484346964063,3.6026488266052485,2.9986326600788664,2.7916615986343016,2.3025386242729753
5.910795574721751,5.811516783683665,5.878162565272639,6.3901930250729775,6.253775941879199,5.8285959361999895,6.287446541856281,6.708279413701026,6.332010174536818,6.15121439549049,5.864737150354682,3.9749261774869264,3.5083942715714516,2.52093706547533,3.5563453728135066,3.6098096408914633,6.5031677522310405,2.894518252115616,2.7833673792752496,5.452867684246845,3.022978360357762,2.0489690922427646,1.942268459202899,3.9784651030917697,2.4284435489955136,2.0242178652510017,3.0297366438313262,3.6276355493514725,3.968215372453024,3.7642608258494525,3.369821025257119,2.7507649841224273,1.9520075574603317,1.7160356433248525
5.885104237856463,5.832940696085958,6.832495985368212,6.338029327474459,5.714707666175653,6.370845981253477,6.324744909285677,6.068492537059525,6.595596975196856,6.755766049477903,5.990028632148748,4.2970191137589655,2.6079838160133844,2.6626107439224724,3.3070858124624336,3.6856686493418995,4.451102763554447,2.821542762729576,2.7014590577873805,3.0435225877900107,4.148389992128927,1.8437262119379083,1.8933300326744393,4.104059985894713,0.9625778200613071,3.144945308445232,3.529974132650456,3.207778430409454,2.9962826538267113,3.174283084713561,2.8993756497352194,2.1172880771946163,2.5161121488677023,2.982115905241679
5.443711981839384,5.892444745435579,6.119890948443681,6.433386937478681,6.685884549304949,7.118445230407214,6.263165071491985,7.147670901446022,6.776888911389919,6.1112327210653525,6.0114788882761525,5.475630697501482,3.275966126051484,3.2625980017019818,3.349745872492231,1.9912421155450746,4.850817913764774,2.044583984248356,2.660175497819679,3.763433030230614,4.219979628917045,3.2636253354693983,3.942112151612829,2.9433845490242043,1.9251517274874832,3.581860523464043,4.466811894083249,3.8897064080132187,2.6785239278110784,2.4706827556705684,1.6328718326886844,0.03076722007862848,2.965730889490132,3.4854699309224735
5.819549591973973,5.754771137344544,6.096485085783304,6.481528502688596,7.155249432242184,7.118795543270262,7.196509913883228,7.413727328286661,6.941640924358837,6.591081281981251,6.403536335090573,4.896237641228943,2.5365209657587395,3.2297865818328875,3.1248624702499925,3.571701891594433,2.541184757392554,2.7337039741375495,2.673173379003125,3.409861253292438,4.4431195035465,3.450542929592223,3.6293576890095904,4.036814561209421,3.967582316031091,3.690979603759787,3.5010425025430503,3.132763338013487,2.397158448886032,-0.9772538150931515,1.4481809010085698,2.1301527382506027,4.43412051696974,4.762281880803
6.096945192209752,5.970942615669239,5.951038604595528,6.729382642481985,7.267058972456692,8.081643809536184,7.469517222851737,7.130438686573745,6.639684320997684,5.680391287570344,6.180380828267854,5.609525901391838,3.1290848692818054,2.320662579883286,2.205324550890497,2.447214109620585,2.553655309961435,2.8079597707155926,4.074543713688226,2.849347605833395,2.4816015818561206,2.0553169001917273,4.770304972956963,4.633285714458127,3.565685706786335,2.612647663781997,1.4522108241370186,0.5535387757544649,1.1760801096081777,1.434718945229238,0.9807961083811201,0.9236268368729948,4.34328335970872,4.556086572279969
7.368816892140535,7.386260550196517,7.517085355176502,7.553035660588248,7.200745613680024,7.575332486538384,7.314003957223487,6.312635965852636,6.418254595710726,6.000848244770479,5.224480796726007,4.851299512662705,3.235406558219882,2.3636621516829273,2.4388506072701475,2.1678368987919727,2.132455284510949,4.4950469724893445,3.267393992436361,2.452347008555673,2.117719141891447,1.7587909821043297,3.7400879929400674,3.5152727167988376,2.8117229368775214,1.5242601092664354,-0.7355996656679711,0.6447118877014737,0.6271038019282682,1.4217605952153671,1.5028308095713008,1.5145033227393927,2.487475365409278,1.874544454933264
7.063298981044374,7.291401346647245,7.401762044670375,7.5846499509044465,7.437168875133739,7.624516155609323,6.32766352243173,6.480695017401839,5.163228619992442,4.394386434790204,3.486635590574293,5.326466727600985,2.9246450534096717,2.159016245729685,1.370633495602425,1.8872570186811022,2.9679738115545753,3.5461775639125994,3.1356105588743537,2.854275712096663,2.1225124001539935,2.4298739736167265,2.6867639107299754,-0.9882374752996049,1.6154652745936289,2.047172842345318,1.399890165278742,1.0237323121631097,1.7914178861818806,1.5549056723049843,1.1812086180277104,1.2139907687904392,2.150343912940175,2.2033022459934335
7.052725520058057,7.400128003802293,7.724980804172872,7.740743895433138,6.894921415382247,6.532970369160023,5.076760045955885,5.95653431082324,4.619874135444566,4.1673448076705,3.9625923558121166,4.543920554614089,2.8933185212592933,2.040121127482874,1.4529684202046973,2.1475400598072403,2.4900338889512965,3.0345886377296605,3.541524563885293,2.0398854052059265,3.005318688393047,1.7865616558132702,1.6152314705540427,4.097673175401641,1.8038367363518752,1.582830550642241,2.0954807880401067,0.9521898810284062,1.2621014219501074,1.8468189319404036,1.3161353234326312,1.2133206598925175,1.5741122610563698,1.3503013115420557
6.44182070975485,7.204810043109563,7.821892538993049,7.41211581209173,5.954870844892251,5.306380306155185,5.5002581226191785,4.247935638601517,5.506294101952702,3.1270322763365743,3.250966681056632,3.134907899151378,1.6475078324461958,1.686004189073421,1.057884770193033,1.648159327709328,1.8441830011108638,2.1569720704170097,2.8373269199924716,1.9188970138861696,2.88337035381259,2.6163653773048936,2.0403954134914475,1.7093025232056964,1.7334428661837684,1.5481745443419959,1.2239121270103317,1.1467331099256033,1.7511626597179164,2.219885224959457,1.430245544480115,1.1600813655159137,1.3433550932474796,1.6880193317801353
6.782123839261951,7.251567831618913,7.154051496117456,6.728969562136833,4.395189495457523,4.115222159632643,3.283546356669677,3.178995185391323,3.7051841886436634,3.0608869265929117,2.176135053250434,2.212288870148803,2.258959747121426,2.216233023443343,1.2474872576641591,1.1651476791394415,0.7781572771826495,1.5980494930842917,1.80200099155735,1.9329756680846768,1.9951306926261774,2.0098336032994144,1.9572550795832127,1.0036303757547724,0.9815674793666831,0.9348549105266084,1.0579779904035742,1.7345820278284427,1.8311494679497147,1.5007530348711076,0.5318950116053537,1.3519954022315,1.4266655792321272,1.5174408506071964
6.320557790645605,6.701744033445964,6.646647278883893,6.658674702246951,3.3220625431590016,4.169880048476113,2.9212440101973867,3.226389865751536,3.1753151006735876,2.950097727113712,2.5084048969087847,2.1604928040296945,1.6634622331961535,1.7124502332183036,1.1004320731631716,1.063841512599768,1.8270184998813124,1.299884111798793,1.7098507475565028,1.7352006339712436,1.944076624111876,0.8870630956556078,1.9383171394084475,1.2280327404846818,1.8247843380902875,1.5975024234117081,0.9416182983441291,0.8905503811940642,1.4398339384689842,1.0529444376799708,0.5074396761931493,0.306470015167374,1.0220052171692242,1.061934626160129
7.569767544948931,6.766473668524635,6.324421244243936,3.972020138252611,3.4848048479842992,5.406400551524931,3.311671821497841,2.8080050664077834,3.0945341394515276,2.6731823645596933,2.2497511627677356,2.03755475422438,1.9098539602700455,1.1733441078585258,1.1821348475305489,1.7247912042943903,1.470841701076617,1.5694591300939063,2.2677622032168476,1.450161784704033,1.0162521624243288,1.466161734452493,0.4438938549757324,1.7866511200354325,1.8757655476305204,0.9205124266624517,0.9113628036785925,0.8345198374168458,1.0445934293922352,1.0661207469469727,0.7197350763001646,0.8071446418774478,0.4373571835493079,1.263914119901786
