script/wind50m.json
{"header": {"parameterCategory": 2, "parameterNumber": 3, "lo1": 3.000054539987559, "la1": 64.9999836372058, "dx": 0.5, "dy": 0.25, "nx": 34, "ny": 52, "refTime": "2025-11-26T11:00:00.000Z"}, "data":
[rows 24 to 47 of 52, columns 0 to 33 of 34]
10.746216248222533,9.40348595625597,9.445159294626016,8.745191348536181,8.599346925750567,7.072894337764868,2.4989204594018406,6.305755863654031,3.67731448335237,0.20890468494558462,1.6011865310360358,1.137381321550769,1.7469493956749063,2.555197935929401,-0.06186739696294232,-1.5289966241127346,5.197212073549184,2.9952148614530327,2.7358891990333487,1.6515200086917883,-0.07843751467385178,0.704343717979599,1.968638649971711,1.1622715414127567,1.2015895181715988,1.455192393894442,0.6311334516268875,-0.47951152568269756,-0.8093729237850686,-1.065252646895572,-1.278549434174991,-1.6073409584973322,-1.8333631958756087,-1.198429722742817
10.40859948527345,9.72033212284093,9.037613061840158,8.481827044924882,8.083670598364563,5.322766897501439,4.650982735956973,3.0523310857562262,3.7686499052056255,1.8266736868856148,1.7007787972854795,1.7529654800703753,1.2556362870961226,0.6611557051609811,2.360311235897817,2.9391159212917644,5.8433549595952545,2.379273817979007,2.4667416596003826,0.8074398664722979,2.2145615313327736,2.5393262807552044,0.9101610251372813,1.355682249027585,0.6273536475861521,0.41661154894658886,0.04730900246149902,-0.422273864473384,-1.3457656480134803,-0.8018371417874012,-2.7147046235640895,-2.182303250328136,-2.5339554293150632,-2.603208494192033
10.371385303227692,8.912249732791826,8.585857054753639,7.200112703240003,6.6349595568846125,5.486684280800519,1.1224143104935835,1.5897116302322547,-0.5013955589347422,1.825360407608614,1.3469725601146714,0.7997909478262766,1.2923526852765823,1.1094481800964326,2.0034897720609037,2.190227822758393,5.309073041046413,2.166181529033664,1.3560520241279106,0.7969502433885707,1.9784633856037959,1.4449587238368624,1.6932088495630664,1.5023006826562142,0.05689477302632428,-0.38760017015118803,-0.7230504595699209,-1.5444054463365176,-1.0238024428399148,-2.5575164791670115,-2.8011420548754566,-2.917915695129312,-3.0023174489126214,-1.5712823762109673
9.966467606460572,8.402700341562722,7.432811441266972,6.748045831611748,6.303712853877653,4.971646178447802,4.980885879986504,2.5905456857616795,1.883376957854188,0.18790816091316898,-1.4347700913044095,-0.5248022872458779,0.8834609640396343,0.7374137281114215,1.65484219561699,2.9128569339539077,4.131073815521516,1.609020943492322,2.61849490421014,0.8372292232008928,1.7241600565941568,0.6238222163879764,1.2227196782856615,1.1074710564870243,0.4069843994368307,-0.020724750168152447,-0.30506965267160024,-1.433454507074473,-1.8986351966652155,-3.5093582092865048,-4.637831999373423,0.19476529639495474,-0.8455710744456615,-0.23793976188516677
9.878734763609932,8.527864856402429,7.3217859014050894,6.256458947697269,5.865533801741641,4.7248648727558855,5.551240125160903,6.0187275570391225,0.8386814771512201,-1.455485654806874,-1.1199778518332293,1.6310080117490244,1.0374600064551984,0.62471197493362,1.8808627588432574,2.6709216618455027,3.1351489079289796,1.5830292682829705,0.7018900232971031,0.5888083263935205,0.5927392151934743,1.0858980000626195,0.5080617933706791,0.265127165077834,0.23635147458081873,0.4859299135820088,-0.381235839435089,-2.7625277072317647,-3.4290586204649407,-4.459343012748508,2.3469433756147127,2.578408058405521,1.695937686448579,0.20408984809829142
9.391544112918428,8.55002395772454,6.755302315233221,6.190308197303443,7.635430550230623,5.0411962609617795,5.948977528042542,5.72610216860175,5.7114543491115635,3.9376402370628254,2.928456252611438,1.8052420528716566,0.8565613990523907,0.3686655600217895,4.235937027381637,2.9784430374899076,2.245761715474684,1.9502003462603106,0.5660421221319251,1.0770345267809491,1.2914336844594039,0.26891755335276585,0.27116930721106486,-0.1970511710105177,-0.7760352603359973,-0.739054239365073,-1.6812783631394155,-1.5799605397223844,-4.416388066594157,2.733594861786236,1.8082028476312533,-0.046310084731702755,-2.144348126206228,0.6043795104030978
8.727417052049564,8.160958856116634,6.177219771053579,6.099321165510226,6.174696293528513,6.972559544087185,7.0407013670759175,6.015275057225235,5.01433498208467,3.9082251440866322,2.3488710659232677,0.939035484116589,2.941190805746041,4.320930646887856,3.0382467784843836,1.247891707814252,1.0604534718462846,1.5155284721393694,-0.22013910319898206,0.23284900168361253,0.14584733949881104,0.14639713796752524,-0.5946905223007759,-0.10451782932527758,-1.0696877391247412,-1.8760235811670591,-1.6120615258395645,-2.3560732053175424,-6.015089733858518,1.986631811503536,-0.6586545264476158,-2.6309977594950302,0.6354839697058691,-0.3264617705488703
8.769717521621837,8.069598367171984,6.693130798220835,7.495130657874973,7.252816943023304,6.073600034954763,5.806015944370093,5.565412405731081,4.38186225139279,3.394525368112183,1.1899107044115427,5.705623974206741,4.9647357861139225,3.391406250753324,1.4093572384986321,0.34052122588849776,-0.08555054207841829,-0.5981284496614342,-0.8297160181505024,-0.4847303836102557,-0.7499328322697558,-0.5790570426119911,-0.8334496659078718,-0.7954899366483337,-1.932493172258021,-1.483019245560542,-1.8503126685474927,-3.417630742320789,-2.67855868494206,-0.295494406880447,-1.6913179635304916,-2.8610583543938333,-0.7324852924963141,-0.2606163146135769
8.822159410072036,7.3665680847817345,6.350521537501846,5.954638535599162,6.115404391189747,5.3571178729380176,4.200093596188869,4.2224053381454425,4.2612199491578435,3.122327374465626,4.604756653383236,3.3240534070297,2.2026581416618716,0.33455777995086244,-0.8491667670778303,-1.5796629125072068,-1.2467363856745728,-0.6969313703070099,-1.10483436784545,-1.236101986706178,-0.7885617414041468,-1.2187638581210427,-2.1151613360329335,-2.5802447379004554,-1.922909113868497,-1.3122095553405237,-2.7904640496395934,-3.910993842265177,-0.04672238763549558,-0.1373077541992411,-2.0519748382749303,-0.8781111620162799,-0.8255255353313425,-0.5815798474415478
7.383466484206645,6.050132915269503,6.369027492338661,6.0932077962415425,5.159159059259962,4.36809356754881,3.333815899913299,3.258211008233199,4.489945503115064,3.7880807676869637,4.188658779676526,2.306973062939311,0.815333635705022,-0.40142702287597676,-1.2447550417268702,-1.3026379526618062,-2.8267103830083133,-0.6685849370034216,-0.8032942424184703,-0.9263297803033121,-1.3665384036092685,-1.6598598939091236,-2.0807089594993142,-2.3350549449971654,-1.7727299185602146,-2.645156427219174,-3.1338549142633587,-5.253148821075357,-1.5502910476350664,-1.2416667019972025,-1.396302163675201,-1.7133046413953479,-1.8172699615272532,-1.299842888750189
6.640025515540971,6.128669417358597,6.3895463891090625,5.350835885645743,4.4518100641789555,3.680294838892284,2.5806455225890845,5.017635169949669,3.4893910400169394,3.2605496854233507,2.5947451282706697,0.905595182701445,0.31364003864738643,0.1361396097627449,-1.3780801231635462,-1.5123591373913214,-2.711909042430696,-1.2047958797029212,-1.7926343625565664,-1.2917668449492081,-1.0277041590999518,-1.5079171839469214,-2.154333250555211,-2.1555931071195182,-2.113346402539935,-2.566781818286062,-3.2440894303695487,-6.182983574289457,-1.943212298964809,-2.1780582807693607,-2.6145624713415443,-2.714018554117145,-2.732442595360863,-2.698094259827072
5.452695353802,5.719471355981409,5.6736416531328775,4.29287737347362,3.7545933987683235,2.8806827139897218,2.2416793546235803,3.788761943655416,3.4463161280943897,2.0601318675189626,0.8843236375625363,-0.46514628269126745,0.2619493350238771,-0.9251276232086476,-2.5253715211515333,-1.8323657624781893,-2.587957366280322,-3.8464460849520243,-2.003613363906291,-1.9647150297755764,-2.0255629054881545,-2.249764612137336,-3.058312956103014,-2.443180097459297,-2.3499695884712644,-3.039498465828246,-4.474736549716909,-2.5903957810137253,-2.8688571562687297,-3.1025110893502066,-3.070338203598386,-3.2483861896931514,-4.101164075534136,-3.9868754606603183
4.12267927993963,6.721458785950533,4.840633494952261,3.5798258956109796,2.9464244874291663,2.2025278431153366,2.5470228174408223,3.711568264225934,1.8652838490148664,0.996222761991931,0.18564911448591004,-0.7106579215589084,-0.6492707387925909,-1.3622657931532112,-3.019550298169243,-3.400260276454287,-3.452058129372057,-2.2896736553984933,-1.8015958760715838,-2.0462581353942384,-1.8887917174807913,-2.008337397760684,-3.282069540007241,-3.852431627682316,-5.846440386633462,-6.686302633579583,-3.4656115306517643,-3.389048852868781,-3.320130808857127,-3.532152558928156,-3.4427561055691847,-4.347720690298582,-4.312066422530594,-4.514902683009519
4.212139436252044,3.8171059947179886,4.356374929309933,2.914237160431069,2.4474325975756472,2.16387818070147,2.8224278014421413,1.9996728707558118,0.6767589135156081,0.5977303029455844,0.006582431344232226,0.464699794557425,-0.4276172389784617,-2.223872453423411,-2.496091273737704,-2.81608054767799,1.0524417137742708,-0.9978613470787026,-1.9015053279293113,-2.402452001345967,-2.5585208909496386,-4.863197863034838,-3.388752309471044,-4.9266613033567666,-5.944482560651943,-7.9009246953884285,-3.954723831902705,-4.332815938169427,-4.152386493398974,-4.171399085853148,-4.206203634848574,-4.96789970012848,-5.329841714242022,-5.063030254250785
3.670299184118051,4.230135656126015,3.3997378215826464,2.0124160352268547,1.6632583245318826,1.9597026057642675,1.350553491753162,0.47371417547956723,0.4185013248291136,0.6796659064829892,1.02957978157774,-1.39795828309802,-2.36745443243423,-1.7167487107557275,-2.9097461973339525,-0.30026785258535327,-0.3240432966696384,-0.598330000088639,-2.9546355616292823,-4.0115372120280535,-3.134119806485511,-3.4521978953195505,-4.931222704296828,-5.327823839699661,-6.2770678931270725,-5.301790421586489,-5.09056532615821,-4.939155639880479,-5.0556828082381,-5.238872302717542,-5.766901549130233,-6.328679434984355,-5.563841618814404,-5.287456676441713
2.7904319671914175,3.8092678196471637,2.5842970346567937,1.340128318920674,1.386192200345581,1.651276585734583,0.04503530910856261,-0.6648311315387955,0.26024215272443696,0.14225022916834495,0.4016985735798637,-0.05486277074530751,-0.8855890426645844,-2.9810694633411514,-2.2211167236632616,-3.1844573761579977,-2.5311064736520117,-2.5552293906911268,-2.8167991705666378,-5.435632764787609,-4.674668299171891,-6.215040171758986,-7.549536075191241,-5.124778788135141,-5.632129864791289,-6.1538445859298925,-5.939412695458735,-5.509724404555431,-5.858976779893583,-6.298008740282219,-5.802540782993608,-5.667997234260108,-5.741960288149304,-6.051267440707612
3.119355172826869,3.502571472833456,1.606344795611146,1.1784462281242345,0.4320102684049447,0.11841339209882772,-1.4577464291208317,-1.7544743613740383,-1.264740789839699,0.8190147436256108,1.0721594094276363,-0.9968255585684691,-1.3651552597658367,-1.5100048493165545,-3.5716976808286995,-2.2949461247996688,-1.414700796663975,-2.4572844560501546,-3.4166365039848903,-5.065770876565014,-6.696276784807896,-6.194349476067792,-6.5291398859521275,-4.179961266850856,-5.105946797223734,-6.7660672452708415,-6.84236917267714,-6.490335032525571,-6.968272685208898,-6.106450334746548,-5.679708158213834,-6.538181326476552,-6.506637420602926,-6.897454270182688
2.5703731410408697,2.4801837128629014,1.0342644609303906,0.514373662722595,0.6781095406938117,-1.2411779362401978,-2.792381883791186,-3.4420228458947904,3.7141930156500074,2.5751982195027603,0.99971852017911,0.2828824729262013,0.23757933913281262,-1.0387584144112,-2.2428728180750115,-2.2638752219294647,-1.9682977665444186,-1.7119601230312704,-3.0049786674257537,-5.384487782385432,-7.427915247519424,-6.700530398455179,-7.06910707604709,-5.958579264502134,-7.555648928007826,-7.488263002709267,-7.771662818007077,-7.704283366354139,-7.058522071191638,-5.159025233763618,-4.514121990707447,-6.796287419560258,-7.538919043831381,-5.815542927613959
2.0626963653834856,1.7033730462027779,0.2935391668304568,-0.43165978946251093,-1.1831512010272085,-1.366433578606784,-3.5362683437003675,-2.1071625434742813,4.240790093566874,1.4978477691540049,0.43692621242787627,-0.5106670054075567,-1.1451460690221742,-2.1757333131084993,-2.8835392189825595,-2.387308269097204,-2.4112773309006883,-3.5674125792967395,-4.412392242470023,-5.996713358574697,-8.261750520553877,-6.525855145905881,-8.07991014553853,-6.93064081891602,-7.984777973053722,-8.285522091319311,-8.509755395237972,-6.256100535450019,-3.6158826121501435,-5.8393642105181724,-4.433654597618603,-6.060994355248888,-6.486036710689313,-6.943871916035323
1.5589752164267376,0.22471229042778723,-0.48816607973178056,-0.7546019680909944,-1.6456974842178134,-0.10693458998151058,-1.0869875749181919,-1.3815140823135978,3.2213278218184342,0.8098376445388701,-0.9631665549610838,0.9643303793428166,-0.6645456154537226,-1.5055026086651249,-1.8350922384418265,-2.0506518409966468,-2.277478180048842,-4.643745360992864,-6.3338936472382805,-5.275314306257561,-4.557262034438991,-7.304948485543128,-8.70486096326802,-7.489984086788763,-8.479278072804876,-8.65859061708089,-8.44374318271553,-3.5219145585920724,-4.189392631732363,-4.8328811810861465,-5.694748375301656,-6.538333182563371,-6.425006825972555,-5.594902923060498
1.321676468168519,-0.8459897997119089,-0.9699891856267875,-1.904170713700259,-2.4596070653880533,-1.0341089070072054,-0.45341508181307466,2.4060210685592134,1.3224790141499123,1.0893847309059315,0.7145372533669798,-1.986720156398893,-1.4038259375895843,-1.7773912010907262,-1.5908838140806978,-2.351736747653111,-4.560404238567162,-4.169146251230911,-4.882492497272798,-5.508562847336999,-4.332271709317435,-5.808242679206856,-7.881510666718728,-7.656291551442802,-5.592371600793462,-6.36932145320789,-4.321607113556138,-4.610411631168736,-6.507027121610299,-5.551763273407519,-5.545451891864408,-7.032824222915508,-7.106376092929483,-5.86280629360196
-0.3588644928870217,-1.6774071109540787,-1.0884219092210465,-2.7781539721098634,-1.0929421544525824,-1.7816705497630374,2.3262568707049907,0.41458305540855933,1.9252830991470102,0.5184595083766432,-0.10675667497133909,-0.16040336198942093,-0.9016187296598729,-1.4376370360092854,-1.3801334586826586,-2.3652434810415555,-3.9884641084602337,-3.5575609845577687,-5.295110348878506,-4.665335207103312,-5.078092110226023,-5.3682014717791064,-7.371899668937813,-7.504092583185121,-4.428283719831413,-3.346956752066897,-5.081209122573449,-4.790270353281365,-6.507179469649405,-6.563654351158976,-6.386852403516536,-6.664915120469988,-6.419345019055648,-6.000378135390492
-0.9769645360176497,-1.6921197981282097,-1.6659167149563234,-1.9768047017577475,3.8859287793163038,3.901935449225882,2.900090294739033,2.182463459608699,0.305668296939359,0.8254016653010186,0.9204297387823056,0.5816944688831963,-0.15288053654006128,0.3304860883438644,-0.616754186518781,-2.3290254991588446,-2.780051112012156,-4.26515700908714,-4.320971401932395,-4.0069517615441255,-5.322240047488835,-6.400847601490531,-5.550230933907301,-3.9975334169035035,-4.987682444465536,-4.918186626706251,-5.770960861175033,-6.903078256897985,-6.792827234988446,-7.7572837737709905,-7.93642402504638,-7.065278974673849,-7.319120617732264,-6.019098449949287
-2.255685304623758,-1.7746887239871278,-2.0982078352913858,4.062788805794072,2.3324620374870557,3.0362871148460386,1.7409584752533294,0.562070202525811,0.30683773149286325,0.036349517482004455,-0.09957545731782487,0.7439511297111012,0.15074762909168835,0.539229123514697,-0.9171197238206356,-1.4184277087987411,-2.0460829724511567,-3.218840444314831,-4.8985207418247745,-4.889873225351615,-5.330968746650559,-7.030797786404271,-6.530179347678753,-3.120736288732034,-5.539608495538744,-5.717365206543549,-5.971677047309612,-6.664440235443021,-7.802007645992861,-8.462968332106945,-5.904683583842126,-7.919310735213882,-6.941765401053997,-5.79040896227193
