script/wind250m.json
{"header": {"parameterCategory": 2, "parameterNumber": 3, "lo1": 3.000054539987559, "la1": 64.9999836372058, "dx": 0.5, "dy": 0.25, "nx": 34, "ny": 52, "refTime": "2026-02-19T03:00:00.000Z"}, "data":
[rows 0 to 24 of 52, columns 0 to 33 of 34]
0.37219822407236974,0.027381295136942957,-1.3104239126505954,-0.18167475279846854,-2.894691328422844,-2.9897058898805047,5.319752519996923,7.205074552377856,6.3540775184690785,4.9874537230394935,5.004672727109958,5.4841152225350465,4.191573395924514,4.315222095108476,2.951674643602796,6.900313491797738,10.368233080503465,10.87325207562213,9.1402556628143,9.211491631148743,4.0481420836557245,1.4208047600160916,0.043347263405846465,-0.15710312184931594,-1.9828142836499063,-1.255350045696005,0.45609892476587843,0.4560263290505621,1.6802265837703927,0.5233812566185029,0.8596714291016938,2.5566732058982398,3.22200648071846,4.04881420952717
1.5899065997833706,1.4388792511232225,2.1401979237097533,2.6978427810632644,3.1777897066172875,4.498520969954422,5.8011054113221245,5.632668663158392,5.784039656254868,5.821177675506213,6.044148751450984,4.754622126508061,4.831693203749721,5.8778251749458486,5.586408411274124,7.449906587654559,7.467392360063574,9.442964726232075,7.021049914334662,6.310931691475245,4.017347910218691,1.4271850424416597,1.245341179871887,-1.7161321934915095,-2.2058876605970545,-1.45189607364635,-0.9271669674559151,1.3488393379365193,0.8060303163859935,-0.9602144466940875,-0.7792743342046335,1.9206079591709295,2.503645876910047,3.4969886165475303
1.47515245172479,0.5641381917237673,0.10718344980041153,0.2084512513938811,2.642653768057273,3.8883422377668277,4.238531626871843,3.305727888765221,3.5586104077150424,5.096282638887743,3.816648899457347,4.304686831943864,5.42412663389021,6.1232983882854715,7.285366827514329,9.498886838807506,6.145407241404558,8.103696560903508,1.848378929854865,5.713091397131151,2.4797882087881153,1.3284365300155612,1.3353409290845435,-2.3761921096904897,-1.8759108278945855,-1.1270598150012046,0.5323684029799364,-0.10257791867767797,1.0115127693397266,-0.404059792095184,0.16075136133167903,1.206489555707104,3.7057765131170575,6.8840114851962175
-0.7515972221374261,-1.6248424509246668,-1.2738148498066062,-1.8343305449460297,1.1841749455659256,2.9122924309315317,4.173720947904979,4.793919653912498,4.131543703568966,5.458364358068228,5.592512298114961,6.0177957433591915,7.545999867027356,8.66040929265607,9.195130698457849,4.943156678890601,5.7341048110894945,9.480198454966091,7.628592533061673,2.8052223252411683,2.097275529333088,1.184993410564853,-2.3061926409207,-2.5331071562218286,-1.0504606982757565,-0.5290258241264333,-0.002305912754916456,1.3680123461716138,1.1054648524323238,1.6043346121822872,2.1109158954866527,1.998506765299036,6.370143985504812,6.391552695886477
-1.4442462053557454,-2.6527382900589025,-2.2224235641703682,-0.5799434306723766,0.027116308683023792,3.0310629568815535,1.5048254688136355,3.0062463410325777,5.674047959708337,5.323577872335985,5.1114483346454875,6.186694547896315,7.38404784461432,8.297561041559238,7.5048579381997875,3.996432144011549,6.477873573754917,6.163784906861097,6.36570158809392,2.0113426604078724,0.24937608651526483,-1.2252919727641813,-1.3679194252053721,-2.5520874317667386,-3.8201060069240467,-0.45631296708428437,0.17292118560722294,2.006388451102446,0.4280274389763156,0.9545074674077807,1.9238600709841267,4.241542458857186,6.11327821602681,5.813188002440614
0.42408455819003127,-2.0170960971693703,-0.4169518084686622,-0.1322385201804236,-2.0768360196407105,-2.7804693010581496,1.8621975923554424,0.5283924335986941,5.944011096906315,8.007669729775564,6.12792471164515,7.167029600878399,7.417345409900883,6.324131365883493,4.662389331272517,6.0120698880969945,4.986775543522932,7.136717259595777,2.680055815118134,1.7522953759960547,0.9541572570657384,-2.8895367744127314,-1.6171561143377005,-2.2853846362776498,-1.8458345868452177,-1.288229965610351,0.9863017361157773,1.2171597391797184,1.6368372333234962,1.708774973931932,2.7500043131731378,5.216953274092946,4.508967027175513,4.3914225240704825
0.5775147804716185,-0.8090978772584105,-1.7020208697198833,-2.704268407246743,-4.189930165606254,-0.09375869264581785,3.4672950025898133,1.9510020765247635,-1.1563392289822518,7.697014907251739,10.193699938450317,9.17579060001789,4.075861069690117,5.536051548474758,5.550474171256478,6.980225484150133,5.874968989445352,3.9697441819621417,0.7907949366257633,0.7224007692222386,-1.2799343073378187,-2.7756494713538125,-2.8422391715873805,-3.526061471905924,-1.7859800593059072,-1.4630889428374556,-0.31604116352286066,0.5030981311082597,0.7795971519354256,0.5477951272648481,2.941427549907622,4.399251456047229,2.85927422051766,3.424554417042666
7.119731473446168,5.745050493894872,4.827461048457201,4.265081181076693,4.175116529575098,5.526575433235005,4.791154337753582,9.37987751898729,10.731265920117764,9.936531401523107,9.045175713273851,7.007754082371254,7.00867013361077,4.0117505080817875,4.201816547093744,5.6993856895569195,2.8113326647637633,2.039245918707066,-0.5329831948722707,0.04247955317186009,-3.2474163688383855,-3.432259220599798,-2.380637877117306,-2.345479091240486,-2.763334344935238,-3.2634714814683288,-1.9222975001747231,-1.1997165818423179,0.907018454273788,1.628431504871036,4.380479523058225,3.101260466253077,2.2617989925869497,6.490664249829129
7.568033721588752,6.858903641726835,6.234435786146242,6.236792195183302,6.961134639972063,7.809710872226558,12.831730303734927,11.245804442599127,10.771530328933448,11.009861576503956,8.041856258634615,4.912678985800136,3.627813520853896,2.3406473379177806,3.1469534617078145,4.733673900527176,2.656351819854813,-0.9517719570838812,1.9599215132773897,-3.2977827835025924,-4.708505476106314,-6.4246682837234115,-5.527665718987783,-5.003837506339611,-4.37500357313799,-3.6744206548570064,-2.0155526903999155,-0.40858006402897334,-0.021936000666239634,0.31926352048272855,4.618902413770997,1.3928565555896997,2.2840593980351964,6.428640043690907
8.789176057867683,8.41726810319694,7.758286442207158,7.514401314086525,8.83119798796669,15.34600901767282,14.526461778176358,9.750500418308258,8.421519292413377,4.976794264237231,2.486724975152739,6.4028845659994005,1.8526776162094454,5.512540973185942,6.361699945409168,1.4260590478263573,-0.03885477621044767,-0.30637393213143727,-0.24370620706958063,-3.5531120160676513,-5.825612395422828,-4.965086610213445,-4.543563766495857,-3.0325864798191215,-5.091223543067839,-3.4110558763098906,-2.894337493573902,-3.7950392101612165,-0.6295484598784571,2.1678831911845013,3.5750384989046733,2.498743269719255,1.3529435996596588,5.411189494097036
8.909390479569732,8.954305201088449,8.474560565217725,8.36379498421905,15.094013923229205,12.808214940158132,11.195682603818337,6.3395383861032695,9.348235836643555,9.755058142869872,1.9945750892696603,5.002967015515659,4.595797541887848,1.6254792563294003,1.0263209370655024,1.1903962405866542,1.5361204782661373,0.4036466781061163,-2.049633641055348,-3.722165275136429,-6.727341812270802,-4.97865601367521,-5.711644597841831,-4.187411155565795,-4.63672373501981,-3.123310664885939,-1.0529448974191316,-3.774977722797562,0.3768160166003442,2.933247643140891,2.930413515019972,2.411489858580865,0.9163445404197935,4.878309739106917
8.760402015709523,8.598084636917823,8.504803353731598,8.53926000329978,15.642400092810476,10.488241286366318,9.254265775488633,4.365679537320316,9.34279126512769,5.170431426904275,2.994025651541412,0.03998193765639222,0.7097371059998543,1.4387869013404395,-1.6257760705451756,0.5203605014803234,-0.05193770445252797,-1.508625017775571,-0.8126578022422564,-3.1798809550241542,-5.743500087050244,-8.959165429289204,-6.132726810171091,-3.906162187798394,-3.7283081224257315,-3.909551293111864,-4.696234058259936,-4.387486141797322,-0.7081877841406794,2.9538171484395512,3.1668808079980644,2.210722706214495,0.6677358077726095,4.2668144003129695
8.70781562220001,8.377337371474306,8.408931687815473,15.382331229331303,13.361884451673959,9.77551126283897,6.817994724902916,3.992569321281511,6.95649847603617,2.082963810424369,-0.8245439707866079,0.5324684891898063,-1.529018671218467,0.28204948255881207,-1.1441318706579426,-2.6183759052721953,-2.3680875446309897,0.12633449065634972,-0.8873656251458882,-0.811931513977335,-3.9235712829726066,-6.236707695070648,-7.2714116918267635,-5.241499301851969,-4.0619740414168,-4.003010990722201,-3.8314879305024214,-3.593867284701457,0.29899979029288476,2.709063904525181,2.789123676507062,1.397489433317062,1.3012881094692297,4.109819691248108
8.49283336412411,8.733929203432968,8.31842633992531,13.397341850822835,13.242486561820938,10.220342680632399,7.608622750366444,6.612172250119937,2.1353438521295245,2.540118868173521,-0.8781433298013726,1.0140554796406647,-0.40128011708638506,-0.7229620651795202,-2.5754047330586456,-2.357278373847578,-0.6107603935010186,-1.472995346825415,0.5445287446180198,-0.6496332139133659,-3.215139214699825,-5.907575139311071,-6.663904674349006,-5.606522622408724,-4.674389784922749,-3.7321597715381905,-4.686894269184677,-1.9471888397839825,0.7629597617814549,2.448654599265897,1.960297742493773,0.42199360631436655,1.6220407082324704,2.8605358510473953
8.949791283271827,9.029133093422494,8.652160739832912,12.396998776590141,7.767359847022471,6.033372719979582,1.7937434605862468,0.7229332260039903,-0.748965032721308,1.7801734698051443,0.7419272603320315,-8.27037909634102,-4.878833240696884,-1.8426103556271758,-4.248330843835663,-4.398127407435065,-1.6771831642194102,-0.5087840888085385,-0.29278014501117294,-2.395481675910027,-3.3625817912066105,-4.322266544516218,-5.6239823638952116,-6.269832982552912,-6.21284773705827,-4.047108568796081,-5.098505688064527,-2.6980221373072246,0.15534929830973399,1.7781360693985409,1.0910431605738413,-0.20630003719166537,-0.0037783191512988285,2.1967770860948175
9.106670989676074,9.445942609939502,9.415489605451661,12.827691010221978,8.4877888681158,5.950875124855582,3.872145879606315,2.4517390310112903,1.5344505672324498,0.627508608281349,-2.276019408601602,-4.538518674519174,-1.6160753447327538,-1.7539825778708895,-1.4843130838945344,-2.654071302464628,-4.623584494971585,-1.360086262479719,-1.976288106557282,-2.0205541945949888,-4.458160271507434,-6.1854761643858795,-4.249083820434089,-5.5877463133585366,-5.451210091246602,-4.72433713537801,-6.22377631362874,-1.710327248778441,0.7783115158832508,1.348654600856712,0.6285396239477029,-0.29054934888964923,2.9026093146556353,1.7936690657075158
9.433844363760379,9.706513501796524,9.36021721826393,12.137413726106404,11.163126647023084,7.724617367314591,5.0127976947966015,1.9861956531913902,2.2522138926836353,-1.3656482681973414,-4.3724596405248635,-7.452160043953926,-3.324350675291551,-2.1782814906318047,-1.98034350103548,-0.8095112332755271,-0.547973564260585,-2.04633607380928,-1.848991956662694,-3.5818061129368344,-4.93657849211343,-5.465516380199964,-4.123313012368726,-2.4788938875232183,-4.734304338885298,-5.603121144481857,-5.957440878982909,-0.83595960936138,-0.06645103959248462,0.9339875981870667,0.3900088601713266,-0.9759412218992952,2.381715561587345,1.1799381920601422
9.420929366779061,10.307565405535389,9.648801637297405,11.059758581605164,9.847130472055483,2.471482484530626,1.1561807476270727,0.9791566736579429,-1.0485845595608814,-3.0166229109100273,-3.758118375337499,-3.803156108773273,1.3889743076666763,-3.5590324848520427,-2.15212903554774,1.5921646975864456,-1.991649417943998,0.47791371779553043,-2.368715406097679,-3.732770317569545,-5.729387099934948,-6.0464842709368725,-3.5735804392083685,-5.100352366095155,-4.943714478922376,-5.64650754724698,-3.6850688199219523,-0.7921851196602381,-0.15605665018757775,0.5302271854992268,-1.1602521158130232,-0.27417621709080414,-0.23969483754034113,0.09926875953725611
10.004513663918129,10.78714276917896,10.016698364391663,10.249856172525492,9.04438511013837,4.133737122948989,1.120803464969009,1.2303001074137043,0.6254545872013942,-1.8524758737562763,-0.5890668217391924,-0.6246622683943461,-1.7533422499712104,-1.7258410969277318,-1.3572793406295434,-0.3385810857479834,-3.6626532171508304,-2.7149516804928946,-4.886117552660342,-4.222711123857298,-4.469370609682567,-4.5066242192588915,-4.463438350138523,-5.894355561157559,-5.486680024820491,-3.7097285712161256,-3.238631266105344,-1.441618771132154,-0.6012795463581677,0.00106812088365493,-3.846751779391706,-0.6542223748532323,-1.014477987963921,-0.771473917110816
10.23294169136943,9.592044676554847,9.702224918419565,9.017997195517873,7.017649475806932,3.091090016970486,0.16527218902862076,0.7817732903077863,-1.3020500326992543,-1.9101749765597438,-2.3729286525522135,-3.1381448837181165,-2.7845049773897776,-4.510066924944923,-2.8710057642799267,-3.0242928611766158,-2.045657352749536,-2.4760921115938817,-5.361717088792747,-4.78296579392818,-3.972691261777107,-4.400325503564384,-7.4533452089935395,-5.926392121436719,-6.1628899566869215,-3.711027543115373,-2.279522458348433,-0.6520539123607996,-1.1042866901801476,-0.684102935358827,-1.9570632593891417,-1.564514193273422,-1.6272999545571696,-2.51344393440972
10.63900995209322,9.332185435039033,9.420554290047944,8.265852121485352,7.3112394783994965,5.644315639560461,1.4706660362669,2.3213708469698875,-1.2772019719412007,-2.7736561403353073,-2.866050167768098,-4.278715939985397,-4.512392724751375,-3.05213342865917,0.03421139936791475,-1.7287120090709494,-2.914152336545736,-5.342804594078009,-5.395648793921473,-4.954719449119017,-4.194878741441105,-4.236314189284798,-6.393344039726611,-7.020072720481507,-6.25569510204983,-3.5218251481715366,-1.5499573799783286,-2.212240237243751,-2.1972874554176145,-2.487516635919628,-2.052356744302281,-3.3317158665427495,-3.066209302557252,-3.122224416626176
10.816256125768234,9.225445498075146,9.125598377811768,8.341005870743563,7.424400557256491,1.0298204509011826,0.32721771333723126,1.2425981717457124,-0.17547019190946303,-0.2555058646463799,-3.9939120231703926,-5.525277530262591,-4.767519968594758,-3.0488136910296575,-0.9775565891358604,-1.525150384157772,-2.658218031891012,-4.388850193642376,-4.403688953312159,-5.609941514903318,-3.9012442536185516,-6.026822030888865,-5.9571984320926115,-5.97351825319571,-5.240221648587798,-1.7321456799095405,-1.4621689546493053,-2.639225364474504,-2.5048819579364157,-3.6127697525136524,-3.654525277558679,-4.802091829958446,-4.355271418228745,-3.8967579308133655
10.246830345310846,9.165483615550155,8.311164152192761,7.994648381763948,8.033110300523163,4.78657352553252,2.8052641757840577,0.24605928925195752,-0.3369311335740707,-2.539039001524271,-4.494957787455556,-2.504409006774152,-0.4535904190546554,-1.9910282775416355,-0.5794359714226512,-1.20507838993732,-1.646812615422121,-2.322090868290461,-2.8094657475311555,-4.883701324082163,-4.228693608508571,-5.135678451726264,-5.7479771627071745,-5.960134881392963,-4.080356016935033,-1.445581018156897,-1.3286221098269186,-2.3950256890604114,-3.478365589182349,-4.297779899336105,-4.441284792062257,-5.859611027505057,-5.928984076750937,-4.425268079084337
10.307060313286833,9.145211391059508,8.274414535601657,7.37915377453336,6.851771062039094,3.6966442071465497,2.187069215878942,0.9765966979107796,-0.39786459968998755,-1.4693008231292093,-1.0429047826841975,0.2471669229606341,0.3401094843361235,-0.5838082472567386,-0.28868528096007195,-1.329030003639245,-2.192597511889466,-2.2724329907080913,-3.0902063476409745,-4.799495205989615,-5.80287032166742,-5.352180216605707,-5.972406177924044,-5.327443778212516,-3.8549854373486534,-2.695602668306957,-2.469879056186414,-3.29498540785662,-4.21239122681792,-4.920555439255087,-6.310624753223317,-7.21056569815777,-7.236710107079622,-5.075462406072446
10.16135316374372,8.850872343209204,7.088665207949282,7.653450064262079,7.100218864529243,6.894234514465491,2.1313224101073964,1.314456042546574,-0.5596044491978416,-2.56985377173618,-2.7690766807763807,-2.1949177227791163,0.7608807774485039,-0.4710378531022574,-2.4407885134453937,-1.8880023956379528,-3.2290001281399268,-2.991666568958159,-4.316279649975163,-5.8091502761946625,-6.063627030213197,-5.831776841336828,-5.502568522792722,-6.040972659118844,-3.9637370775092475,-3.5350981940417565,-3.1212774324380064,-4.1022737328868875,-5.446096769230228,-6.615596124603253,-7.920671254613631,-7.918230654702297,-8.764909555426152,-4.9685389610519275
