script/wind10m.json
{"header": {"parameterCategory": 2, "parameterNumber": 3, "lo1": 3.000054539987559, "la1": 64.9999836372058, "dx": 0.5, "dy": 0.25, "nx": 34, "ny": 52, "refTime": "2025-08-10T13:00:00.000Z"}, "data":
[rows 0 to 22 of 52, columns 0 to 33 of 34]
3.440560507700303,3.269350069102037,3.6562443897444292,3.3833481532369882,4.015502578581603,4.614179604647913,3.744894326105852,3.657254729757168,3.9700101122935076,4.3126926666877585,4.922033947279274,4.952348050137596,4.630386941951415,4.481442011381353,4.667411758049956,6.612624404360079,5.71113892344169,5.646183388152514,2.4515282413365047,2.4364734404185997,3.8814570228481897,1.2788790500373162,0.21182838231808993,1.3189191301170649,1.5149240285559964,0.44741244387087187,-0.332140304995675,0.43430319652569116,-0.11531522442213232,-0.45874385880839974,-1.679150398296144,-1.3719094540174572,-0.4676993980389182,0.44399133469453733
4.0459267085083175,4.031911402411807,3.9835069137210106,3.7917648628911285,3.7587093521104658,4.325753505858433,4.471018990647627,4.234024272847202,3.641519459395082,3.966222272475336,4.767103969154999,4.5325798172863045,4.371646419368316,4.722860674904752,5.048564510978912,5.518464005431783,5.447075696395064,6.090505951276595,3.3514555331523987,2.7976608232752453,2.4712337146102965,2.1891629119381575,1.604308448214207,0.20531138260676163,0.9083605914304289,-0.08895221233969794,0.13432544452736228,0.3259005431442779,0.1680107247431283,0.0021071135927186835,-0.6722862535764974,-0.0972751720679233,0.8782302175987025,-0.8773675909565678
3.872844366212241,3.9032710291051385,4.067016233874186,4.4057987262557115,4.21846628535345,3.720800546112829,3.863405421183077,3.9180082856519003,4.169203985771362,3.687310330631226,4.432465061036567,4.280790779943678,4.390477295369083,4.661946976335037,5.266298045501563,5.647841305249769,2.849880533085746,1.7019393687986921,2.497446178332786,1.5577245522721523,2.5410592726263586,1.3889665030270122,0.38464530403609537,-0.40329554968336395,0.1682383743415353,-0.4293225597763632,0.04381447055862286,-0.3181595439020315,0.15602842150408874,0.2781737664104828,-0.5475766340347507,1.7623016820900814,-0.571624607968749,0.4790071431655702
4.393093717266256,4.4889607588458915,4.4966269278121604,4.479536041305508,4.7882876954852485,4.626458889136425,4.256594267872999,4.169107026893764,4.287028261304219,4.19727341079326,4.088231244911028,4.230691180223335,3.891206552781399,3.809320000168065,4.614781398228773,3.7969058973372687,2.009707704054623,2.1945045170661963,2.7273075683713204,1.6961050186986142,0.5558904198378695,1.7132403101573617,-0.7970489798288292,-0.7347109329766214,-0.689691230751276,-0.20326765562942184,-0.6804140236888402,-0.5850198976509347,-0.6767443349232725,-0.37780285769639355,-0.7896474639111182,1.1280427595697142,0.21000601784273465,0.05898698227070802
3.979516870382027,5.211764182012634,5.686471744814874,5.797403037178482,5.667316260513975,5.491485647402974,4.931221923777274,4.405752153093454,4.263244235577523,3.840376054283096,3.8277608339153013,3.513618647793052,3.9229382099874495,3.9622279425458564,2.7681707203235772,2.3366244415313138,0.46824599096720276,1.8289009612039082,2.1177244369537798,0.9120719600055753,1.3738929102265414,1.146637781999793,-0.29557312457818796,0.35898362439048087,-0.6771994448555568,0.23181996119520173,-0.4104971433280452,-1.3618149086486242,-0.9803709532181856,-0.9742675030089815,-0.6239577899044211,-1.2949851160293546,-0.29978002156481987,0.41108357059040407
4.867339441938421,4.383828348638802,5.907605625530839,6.489115993879957,6.093936209517743,5.657174726392211,5.858413174675345,4.747225301573629,4.662237774140529,4.889121663269201,4.220702866261577,4.100002967144861,3.172185377682082,5.115603155186317,1.4393247418476094,1.0096279474244279,3.2581755552727407,1.2710453197767129,1.3545074002912016,-1.3140709497548644,-0.28407864579918646,-1.9534212475492694,0.6722882628375972,-0.31219490162289426,0.32479376598260024,-0.364147327993427,-1.1250257266322827,-1.1417897545907836,-1.3881593106543841,-1.2566582126084525,-1.4531906320894534,-2.120327962674077,-0.29032528661968054,1.4300869482339233
6.237379122203822,6.826203217689645,6.854169979561433,6.037598475678762,6.2000986745588405,6.093472184483744,5.63581625724267,5.199575963893971,5.196062956316649,5.314210997615336,4.922648105943773,3.033028816053617,3.6186328155862677,1.3420657882671514,2.0992008853462987,4.314435943653801,2.118733963551365,2.2414011342024676,-0.27480296757771494,0.8386115354016229,-1.1325008041077655,-0.9875784112295399,-0.7186561828774376,-0.474201590203528,-1.1384184390659502,-1.245094854441145,-0.8064869504573706,-1.2196646393261816,-1.0392146124728396,-0.22634998353952449,-2.4045245002872004,0.023393893514021644,0.6874961882134618,4.959079399347952
5.819702278856024,5.847233432826812,6.833643056595849,7.021317828599808,6.708867088279262,6.706314333054983,6.72314131027026,6.285994678475663,5.844350959003007,5.630557930409479,6.016903192465422,0.982459948488884,2.1875006993749,1.3090512980374105,2.007648102444782,-0.008398114885350182,-0.23936600081661144,0.6067531398606429,-0.09993191308771117,-0.7887942418099346,-1.113087450786162,-1.1587126551923095,-2.0586856936902724,-4.401868898029727,-2.0824799690449405,-1.1507757552238105,-1.1401111127837384,-1.529146492394263,-0.34074468158626153,-0.1361811428241673,-2.1066737723335334,-0.7198753461968131,1.974255732792207,4.979734204162334
4.903277920945353,4.818246948112326,5.891062993800565,7.798863306899542,7.438079388467631,6.838732874939505,6.774948089099575,6.681855100840013,6.593283604233723,1.840025376282722,2.314307788598142,1.3413382794822335,2.034490918124994,0.031832141640502284,-0.5730333763856885,-0.4023672329017294,-0.5238816319832648,-1.7079009240277137,-1.6267288802749165,-2.3388122144369574,-3.7510957264466875,-3.062334299908583,-1.5207249874234268,-2.147625182971542,-2.1457885652540094,-1.342267326678759,-2.0393165554072548,-1.824338194065533,-2.585677318670567,-1.9101356769747504,-0.5779960621778397,3.5234452861347316,5.986880588929297,5.119848649511071
5.451839719463834,5.526682205124573,5.578525178361691,7.662463564130845,7.6708816439424625,7.172069574491184,7.392852148425233,5.353742966917029,1.5664840040249175,1.0036155346275184,-0.22564095024414998,-0.2392848708921981,-0.8498395956167706,1.4002246890370826,0.6048492702421872,-2.049769411061343,-0.08132168297016744,-3.480025194531664,-3.0040981642140965,-1.3290859016303747,-2.172800436427691,-2.251706285233509,-1.8136522080472122,-0.5946558306558107,-0.8184994119712111,-1.514735730588227,-2.5562589131427775,-1.8064621212535057,-1.790688801594124,-1.5689225731377368,-0.9019081093964986,5.593450266444733,5.5616326737416895,4.564487807363457
5.208497518809605,4.922800794988934,4.738091362150231,6.8572559528044295,7.9167834903717855,7.3434990655823364,5.569335018681132,2.043716810861559,2.1946825566616064,1.8451098281834797,-1.2128619992974263,0.2511663667120922,0.26381984500415084,0.1271654521007041,-2.7698485828210186,-2.4448803863237702,-0.6527094717042431,-1.5234486624596888,-2.566170724584986,-1.1812801293309583,-2.8780555428682595,-3.0257147240124116,-1.6683352777987865,-0.804575060526801,-0.9916939733880596,-1.8177583027922757,-1.873911137659916,-2.0296888807498825,-1.6732869386845814,-2.357436808637554,5.8723311295548175,6.075040543552836,5.565176720038464,4.529658039777581
5.035153947881219,4.648438806014515,5.502119550198072,6.706877764106462,7.529992810418157,5.442481620038443,4.215157223425214,1.251111394332602,3.886671676919854,-0.6489579847572391,0.5144337805087126,1.7075981296566702,-1.0361940015415452,-0.6011196268377468,-0.07336890349806684,-0.6377766041605176,-1.240861975154028,-2.472912484254915,-2.5929630166680235,-3.861033219068742,-1.0089193571496664,-1.1607171608187175,-2.6514717277139086,-2.151393242830792,-2.340004217984605,0.3794598980177836,0.7213664916849839,-1.3701218724553337,-1.955656199152718,-1.6952233396644998,5.41445648058808,6.1384136326039185,5.4055635517521985,4.890738989765858
5.1898533537583456,4.431985506229927,5.41973980219291,6.037046769370925,4.895924852020651,2.484441240033702,3.312732926875672,3.72145564980267,2.111442091301587,0.7714796384001998,-1.6594648751183754,-0.5865216420766197,-1.371642332924858,-0.8597481613940001,-2.1145341061692755,-1.1703517418568627,-1.5457811408199005,-2.06414485666949,-1.2777490113560133,-0.1640375946471469,-1.8211564481007811,-2.2301063392880813,-2.181646274632114,-1.2744544111697218,-1.91825511920391,-2.076857245604538,-4.135465078630627,-1.648144582514405,-1.6817762029559196,-2.2974856905254386,5.185360642450223,5.642428617632308,5.230137397687533,4.454156424537058
3.8237046842036717,4.273984528855161,4.613170122258046,5.224536271208335,4.017932146969002,8.439554378315298,4.751120476887336,1.161855996425569,2.0586954685903427,2.268966422448626,2.122685004142401,2.481536301909342,-1.2674588423469537,-1.7934963637982964,-0.1065370928156199,-1.8651763460152961,-1.9315048380423059,-0.9153676323520391,-1.8186892118418447,-1.622207392883319,-1.7525776345801989,-2.480854609206819,-1.2120847749128028,-1.397289963526959,-1.6208846882877974,-1.407956731101807,-1.8370121630567766,-1.143680228394978,-1.3863983898595051,-1.0595617129859212,4.973999183341482,5.232495423020703,4.935414651126059,3.9872277503039726
3.8983060715543436,4.43132137855316,4.50088406663161,4.722970074871038,4.639202349943551,1.1455588066524638,-0.43035635752693624,0.4319173321534848,1.11577981188805,2.4713197120332815,0.8741130050498902,-0.7630272021647599,-0.48048415148906964,-0.8344270255818087,-1.8710171384562062,-0.6464214152729463,-2.1978087613002897,-1.376521350965511,-1.6999583165502843,-1.6970526247134796,-1.706163320007928,-1.6213944046259745,-1.4215551205622177,-1.3122427603703242,-1.1106734468793125,-1.2343153260199458,-1.6911685681237794,-1.7412715936219971,-0.9955370178931772,4.181389947399016,4.7645254743052305,4.696063086481466,4.480203079157203,3.4989071736004664
3.4772626223229826,4.02149597376908,4.120018433365328,4.6822857977739885,2.653481817102555,0.7151912687198249,-0.6772223546774473,-0.39911884899580385,-0.33677938989662276,0.48749822070325344,0.5571971055182521,-1.27832269044361,-0.2739684570336556,0.3958680884699028,-1.126073539194162,0.4424666793170595,-1.8749604564460711,-0.8228494498289041,-1.019374009627109,-1.3688221965709868,-1.6146730733921555,-2.343357834538586,-1.0702366371189482,-0.8928121030695081,-0.6619615946165874,-1.2643997810848238,-0.9902443299648312,-1.2725929922709847,-0.49015488782995464,3.666941673938427,4.527770576167376,4.405350426671583,3.9941787915361684,3.5474730449911993
2.747582978901367,3.3352760516061717,4.198793560011075,3.947101969211503,2.655586862997358,2.247395963196121,3.802111060949954,3.7717438329645243,4.6480869664557325,-0.3027504951444059,-2.0688175377731106,-1.2079963844795418,-0.6953213097236369,-1.5571772553790892,-1.016168847576565,-2.168716056423914,-0.8420125086818229,-0.26190000914558587,-0.5254858586219769,-0.22400420826774747,-1.3717813663536431,-1.4958837021812796,-0.6540802171205762,-0.6075341728611205,-0.963469097498912,-0.32172533216322763,-0.43675707984206497,-0.5588835823266248,-0.30828539173634645,2.9618998895414976,3.9561240753599987,3.8765249410527662,3.6944056342776377,2.8903372353511463
2.9865455382764896,3.6946862943001886,3.7759928755610668,3.1353123170198027,1.8309811772396347,0.945116128007489,1.0161872011592143,1.6630412496656108,2.791293108599092,-0.5042257638602414,-0.32948069143462966,-0.29732559056126967,-0.8088842989133643,-1.005674653155106,-1.364348610687233,-0.8099691432196636,-2.900902239321321,-0.5583434609098257,-0.8296792748747738,0.2367859736610696,-0.6535232090328067,-0.5787360172472807,-0.5702591287956259,-0.8647786214026921,-0.4106516351376213,-0.2785659767151168,-0.457404684940824,-0.4629657497625388,-0.006970660372385739,1.8833123281094206,2.571720799519437,2.907674815162987,2.7609116024743794,3.007504417804732
3.2966439852213916,3.3435596723538166,2.976065405992138,2.7399239633494346,2.0851727072554116,0.828982122044084,0.8393866475053772,1.4988344808751264,-0.5340534471197795,1.718204689037631,0.5889985156752638,-0.05855830695935697,-2.2687159639796293,-1.7940359446073901,-1.1188314655596052,0.6629502029977719,-0.3919976900058184,-1.213118672609178,-0.9184991225877029,-0.5824140291467562,-0.7788038796847875,-0.714317991388476,-0.4106129001719745,-0.6254024466131615,-0.2811054765768591,-0.3482394266450058,-0.39693938220773484,-0.28283900485607744,-0.00796109898882595,0.014280427063523952,-0.1897800288149351,-1.2424693866644854,2.7052055704436584,3.672485607220234
2.37023857188558,2.5864034061378876,1.8255376901239861,2.959841372441936,1.5319318403324054,0.7043264333524427,0.7300231886650446,0.4204396056332538,-0.37263093788005397,-0.3191228199917488,-1.7529302123952455,-2.984386489624023,-0.6428209704053842,-1.8945888566072022,-1.4717663138278008,-0.6177007636332582,-0.9744599183730128,-0.941949182680009,-0.4490778692029575,-0.34009483727877504,-0.25358983911476485,-0.22401914617291516,-0.26686696851016767,-0.6852612410974968,-0.49648476805117003,-0.4091973632006009,-0.6580033718333398,-0.12387955327236354,-0.19436052297675377,0.18210314848780892,0.12178546702360636,0.1232873606975282,0.35593080017504125,1.4532324852872385
1.963814999357567,1.6567503769730871,1.3881559832011596,2.2139200502329994,2.3754752960760475,0.6212677296736162,2.085849670577281,-0.07157896336069466,2.293888206603081,-0.729398403018156,-0.9241192288636086,-1.02951295356542,-1.0654145263518917,-1.1628400867681943,-1.343753716681881,-0.7588604731795635,-0.4860809591154994,-0.29637942603405,-0.6392684958268675,-0.4810671576506588,-0.46261151184930277,-0.3985425359450707,-0.6266556886444071,-0.33719768202370604,-0.1607001770511402,-0.5219533499692218,-0.4823710351955895,-0.21979869285462833,-0.12728407037362557,-0.05549128185662354,0.12410887630618797,0.10262468530726866,-0.17098581116382164,3.9903078227142244
0.9940157602188603,1.1204399468770867,0.9315590512602031,1.5167401853359415,1.4234884746015415,2.093717943409016,1.1326110808648482,0.9547890567037949,0.869965684340159,-0.27464926159006786,-1.4606184822961974,-2.40319564267017,-1.7759943573044707,-1.0367000801459858,1.0573952193756546,-1.648011118588625,-0.5545327956483728,-0.02452867016971287,-0.23803849856860473,-0.08893579597161508,-0.6113059920982811,-0.9575723998446267,-0.34143830022157484,-0.06899360267842626,-0.30250609211141066,-0.07057669821249338,0.01925780551147809,0.3168263925898675,-0.006783660217227153,-0.039280650498832316,-0.028558387131881344,-0.04569491535081485,-0.127203766163796,5.131727824422663
1.2031615087008516,0.7335682035378285,0.7794744773555905,1.526589330130743,1.4529541316234191,0.20741180551303906,-0.2225946324615648,1.1904252024463093,1.0397499355570892,-0.9267176404261777,-1.464349828064263,-1.2840159892938112,-1.8474371099203222,-0.7703557351147937,-0.8901886149547391,-0.8817457734498829,0.29805860028669895,0.2453129878165823,-0.38159325886453865,-0.2046939197365844,-0.6769841478858646,-0.876659436745978,0.08113277355147962,0.297939169067798,-0.37647866663617446,-0.3997641874174428,0.2698046726241784,0.40553276174524044,0.5861992762018123,0.2460285071540259,-0.18448878937470872,-0.5308929963407247,-0.5976684894962011,4.069956611067475
