script/wind150m.json
{"header": {"parameterCategory": 2, "parameterNumber": 3, "lo1": 6.000198445256149, "la1": 58.999992894266676, "dx": 0.5, "dy": 0.25, "nx": 22, "ny": 24, "refTime": "2024-03-03T15:00:00.000Z"}, "data":
[rows 0 to 23 of 24, columns 0 to 21 of 22]
1.178201462385161,0.7196767444315919,2.824240824194681,0.29400337620144745,2.89537054507232,1.933601298604034,0.42092789814845016,2.536503626890328,1.2582350914511327,3.086155306391538,-1.7419054580362823,0.20235454197834332,-9.374286999040368,-0.7468919756255072,-2.2734368199847825,-3.039195197361031,0.8522986278620139,2.698114791835086,-1.7272481756788287,-2.8573285271264224,2.108522377635869,-0.23111393865234753
2.6496105237208414,2.510098270057611,-0.9974989813370093,1.1657128440131554,0.2424025039161274,1.9128746479451788,3.2736441346346603,2.422253141280434,2.0414583062805045,3.393284275527083,1.0249193571592294,1.130469752944395,3.149008450793766,3.657165677392674,-2.0727291040033204,-0.16295717561757098,1.1905279166040394,-0.0990729313871461,-0.20704466750342393,-4.327761979197052,1.1185591147869447,-2.379619845991491
-8.023167754127027,1.7589905343838137,1.4129354709160686,-1.3617968247472105,-0.01171230083588395,3.4214834592864807,-1.2737380000823186,1.0760201885871048,-8.172087215370164,-0.8761159923352986,0.9725252711090704,-0.05722402684156033,1.619627512623565,1.393877239948714,1.8981527284558612,1.048086632693282,1.1294231644640078,0.8011485601357473,-2.581577504577425,-5.56001027265812,-4.81853312327757,-0.9152461462402046
1.9360626722768175,1.36399447777006,-0.7434614326610302,-0.7357815095704067,-0.5458879888912818,-0.68132064990398,-0.8369519051466966,3.6259635765403515,-0.7600736572011406,1.7372278378954769,1.576923573977905,2.9404735874638472,3.1910356227644554,1.3420480442572715,1.1805554630573871,1.8056340966104893,2.3479758252975915,0.6767178508879528,0.8675394985675733,0.8158190201658309,-2.66620055399394,2.931455844021829
-2.1330637654897195,1.6381790406065775,-0.9926693310044503,1.5702579363556233,2.203954639889172,-0.6434911092947724,-1.0858111645831003,-0.9712488803113409,0.5718804553706754,2.8037008502726977,0.8902030262064938,-1.1889888060999356,1.2623861164123864,3.091985902099663,-0.20964332257301138,1.014989585110018,0.43448873267067756,4.39513358685191,3.6302612043385585,-3.6517490305492872,0.06442574133192086,1.686923053944854
-1.1849841369696166,2.3180536904841054,2.7065783063107958,2.524613656618,4.359138956479894,3.3318120011100274,0.35571850700886654,1.6312271458186447,1.6225803765466105,1.0091439512674951,0.1604018251047184,1.5825844502797015,1.0965327856155664,6.046884311502753,0.7288696145585098,4.273800067315873,3.1452218288498983,-7.911761131751912,1.7112684603212367,-1.809329929275064,2.156413441433416,-1.8139665988386415
0.6344109491303479,2.038368949628699,1.2228597668874108,1.6564749856549055,1.6088433817496428,4.189523235943438,2.772042740659463,1.106611254659428,4.071753736536468,-2.5785582374220586,0.9550574882290145,-1.0373974568737971,0.3795349319036889,-2.986982910373464,2.601706936322792,3.519238977000514,-0.32426305410941597,4.204342930241767,2.1187252050047127,0.5664814122660327,1.3526519974860964,0.29923232070670125
-3.0832266406641597,0.2247015185895288,0.07535341713804942,2.5580708149814306,2.1659638007914133,-1.7171110528068134,3.237810078053525,-5.167609869005363,1.4841670016122677,0.8935698181063481,3.524417625400735,1.9453941298642332,0.6384427194665129,-1.0839226905212684,0.2491595642805619,0.42653687086389347,0.023955796732563543,1.3133106339445717,2.5758305086382665,1.110577664965021,1.2072775043675132,-6.464134562163268
-0.23696208272009042,2.1937118315393684,-0.6247497809784947,1.373281033169919,-0.17116429262559155,1.6456371579098168,-6.336814066716305,-8.038016334918058,2.5600824073960604,0.3254106767999759,2.419760666489335,-9.798416843982427,-2.8342485807843767,1.250387991293311,1.652481952492394,0.4846067766581051,1.8293014693210479,-0.5493280301760106,-1.2790897496313411,1.5743928887678011,0.8424522248190338,0.5121549521029755
-1.6415198010377243,0.26811418804931875,2.1663615611391,0.6304401445526309,-1.097880475842782,1.126322124885429,0.7851095498665218,0.36225852291164445,1.089792407879249,4.134801366431171,0.7512276394488624,3.70914819342416,-1.0253250669255054,1.1258491069441139,1.1947460218196826,1.4171455147202427,-0.781794875362829,-2.3342411160007908,-4.096264880670998,1.0543474913463375,-1.308992275062221,2.0785562328164917
1.1091536459147717,-3.184126573388707,1.7477299135487296,-1.9111729504357087,-1.3173278126067454,-0.8407260720528403,3.734423202956109,2.784931759454796,3.9310605262736527,4.3585827113033675,-0.020369428872921227,-1.24409584370614,0.7845603161967923,0.24077849756048042,-5.541870118066784,-1.4366624859050727,-0.47845633905956886,-0.5862537587668164,0.763212741025086,-7.4100344980024015,0.02771563205105648,4.004154794058671
-1.165910000488949,1.8116138388599292,2.4037122532021162,-1.0152181091737225,3.585851415487189,-1.1785021720283615,1.207502036768428,-2.993348150686091,1.166952367224175,-2.226103294819052,-2.262039628061522,-0.5858417991962289,-1.5065555910806816,2.0141293120584574,-0.22059660511617135,-1.1410108473027367,1.160581084350028,0.6549208511080028,3.8653984044681993,2.735873652168272,4.0168172958879405,1.6554649610217096
-0.5719005799202614,3.1417459398484526,0.5242394726947028,3.202644107434535,4.023731445560389,-1.9112423820522295,-1.6139378670368723,1.0128387020388185,-0.7589531039500259,0.9385741398418528,-1.5638368683366632,0.09853335101740907,1.1079833258843348,1.5689865230496527,1.572734641583712,4.318717279316437,-1.2274847647711054,-6.8291783754330915,2.2674155836200542,0.8717967162513999,3.733694539613737,1.0160188484626131
-1.2867808310226907,-6.006869127095473,-4.977626381421131,-1.3055501232624387,0.3051329109693754,-0.2030291624173095,-0.055843612317092284,1.40465316912856,-0.5383714620763108,-2.8157238485709613,-1.109784573077596,-5.397862658848375,-0.05696826906051828,1.3533203296398297,2.044661683551084,3.5201084382594643,-3.3358638961043883,-1.1700956620900465,3.224011869529449,-0.9063336011171372,0.10036414078899866,-0.58016038654155
3.944428033101396,-1.598928988926581,0.11168038951417757,1.077969630339775,2.1935935773396316,-0.555159326263525,1.1568416842777678,-0.891746171536307,2.207752463343808,0.6000085323101491,-6.801790301937047,-1.1094690777677394,2.950628079800361,1.268185598631755,-1.3329211056606465,-5.0466660069550775,-0.5371027445576315,3.5349830981292834,0.8183441701054521,-1.1413886880396993,1.177245266098941,4.483097713663084
2.0287551717642542,0.19104481038382257,1.4431285986195588,3.839761870796784,-0.6586865152064041,3.889227863711958,-1.1623005300316183,-6.040937284774625,-0.41150723684464374,0.18310170897044808,1.7218682136613854,2.130069541080926,0.24538029430341088,-4.20142037667651,-1.0446699502786063,3.1100449298807855,-0.5123704093107684,-0.1102105024297991,3.7540464098669917,-0.26172133675636633,0.19108237236767786,-4.441078222849193
1.0920035306693854,2.7024253091259425,1.6283187080270412,-0.8016367513531226,0.2033196358562577,1.7821758799381076,1.0550364372010426,-1.2438676394038217,-0.32651286325286105,-2.884670444102477,-2.3047573163411896,3.5519347798444714,3.285885492862054,1.518275469587164,2.839354694568612,-0.49171118311614725,1.3046317702579378,-0.3686838281779835,-0.33385811830089557,-2.887776561194154,-1.3938230544563195,0.5940748033900597
2.0160630892299,-0.4712900382594263,3.7816681306511053,1.4927242052975056,-1.2011964782333404,1.6400295257701165,-0.4616554583435977,1.220593574676573,-0.9484237470151057,0.03972839898937081,3.771246677107187,-2.7721962859370537,2.6512090952986562,-1.1957859265993462,0.14511899181065407,-0.9787674325600911,2.413093359309264,-0.3215777742281549,-0.5676433661755502,1.4229130873393652,2.901237825898971,0.08601938462319304
2.6180056498138673,0.8418039049404595,1.8385617876536107,-1.252492371629313,-2.2830994484690614,0.31879067695291097,3.4401816288788267,2.1741510832869193,-7.413132031214904,1.0374719429815769,0.7154753328958766,0.011370437994924883,-0.41725558054177786,-0.5164867990830305,0.7255658752362573,2.0154827730645217,1.5508627203929615,1.559650571942819,-1.8962862292098142,2.0069062344487896,0.7584817947802421,4.673126862365575
2.711150661309874,1.793098022970949,2.73147438625741,-0.7486240760240472,2.1396577950249314,1.083138365661889,0.9942729294253497,1.1532129456559084,4.608987175934044,3.0438140788529138,3.6592075586668544,1.5998264869824526,-0.5636173437825447,0.8005124921759942,0.5571034745043904,1.8009939762461282,-5.296337561103281,-1.383692810937835,3.446994211614333,1.6677970825111659,0.2018334333711289,0.12084437264953904
0.05079865053291777,-0.37467612896000196,0.08002091065436218,2.6410637466332187,-1.4559533654415044,0.8348135603797535,-0.020014491491571296,2.8149172052023705,-0.09870758496775596,-0.17730161388469068,-0.9495978031609567,-0.8737719668962991,1.340872206988542,0.9959189111863953,1.7176566612249125,-2.776117347750665,-7.061019620157403,-3.0362994192284516,2.2488870171707838,0.16649967374476438,2.8230787283353664,2.2362108467905277
-1.5945420865983515,3.636122893438131,2.155781613054133,-0.21043229241973244,-0.8867886719658445,-0.2947429748250713,0.981830500637143,4.284808918387306,2.113066415072425,-2.6668742482592465,1.5878109437322172,0.10348127048183339,-0.3274981523300202,-4.866192686308636,-4.554139115741638,3.61939240304078,3.5737257934163775,0.4384070516044229,1.8586630676709572,0.600094660958784,3.675752081460908,3.2849731861884495
-0.2827602907873321,0.6603609523315217,-1.2150765716431857,0.11120049396045063,-8.65006741418133,1.3151178662290308,2.0229495008185943,3.2794926306851275,-3.470940563165792,-4.726099713307157,-3.1109004467728285,1.9606484640485748,0.5851506289037706,-2.4287801015572636,0.564135566568007,0.6810077997043387,0.2757319373047836,0.01977706823903409,-6.726003384659426,1.275219684590708,0.2553053529701733,1.2887754054496647
2.0972049871013865,0.5006290194350549,-1.0482578092173267,-0.5180905752938998,-9.614895191949518,-7.307981535797337,1.4266878659499433,-3.7242017836790855,-0.6412959063384442,1.2689859536235824,4.807252079536704,-1.3037114663383136,0.6215174833475559,0.4064562803376323,-1.2053511258070635,0.7662236339065963,3.4902248388626593,0.48884647579367313,1.4520591660436506,2.535789709822639,3.9474176945129615,4.380163782151151
