script/wind150m.json
{"header": {"parameterCategory": 2, "parameterNumber": 3, "lo1": 6.000198445256149, "la1": 58.999992894266676, "dx": 0.5, "dy": 0.25, "nx": 22, "ny": 24, "refTime": "2024-01-26T04:00:00.000Z"}, "data":
[rows 0 to 23 of 24, columns 0 to 21 of 22]
7.4158167779054756,16.335432746684884,17.266480794885055,9.048793531277775,9.734529028768646,18.27395197647183,9.196658347578632,7.7649533348237,15.941080312080157,17.85829887216485,8.623689202084687,12.340288630104148,18.97399859541905,4.950510471756402,4.129071946471443,6.859636727985713,8.742483758719978,10.59762739845189,7.610825270307412,9.015107106690895,10.50373391113649,4.696884092230959
-2.4116298498422393,16.967142554197217,18.642298602055348,4.1628076497856386,12.281386518162593,7.855914244791295,4.4158197016170835,10.45261384742984,9.341377679704038,3.4237139262115384,11.705742940164736,13.306762704671463,17.434960826821726,17.626911492786075,0.8408383999585282,11.691860942633218,11.043337086152055,10.396081702840048,6.148321043502247,14.14014606462029,8.38649453410771,3.847606097778726
9.957530790060906,11.51315142326291,4.326299701256193,4.668631954511492,10.565960259263147,-1.7188467318046379,4.494706002962789,4.219494560753575,12.337508386434722,4.5139101721450405,11.227272496796887,12.90409586553492,8.2922800676709,13.096674544919507,8.770351809314004,8.194259886467043,18.8757757993584,11.917416817260555,6.146638186778616,6.689765917723331,4.250501187679407,8.54095108549366
7.22525033150275,11.06731782303844,4.337070449380889,8.728087221396814,10.355798395447525,8.032523927699366,8.911764275982929,0.28219769408079287,5.237809563868026,7.713494772659324,1.363319630937688,-1.532108376622016,-1.809226121616479,8.196604132326069,10.862407573914595,9.816850779702849,7.907158214754114,10.003412134540353,12.987329824422526,14.13301489325593,10.75550736478752,7.58573045553195
6.412960073318202,7.421712272711437,5.083533047359884,9.10185345585427,0.4500266493416608,8.692274035419771,11.279209986065272,9.19109370538866,0.26237623372940694,19.1060197750624,9.839387442441932,10.304333593752796,9.720734260208056,-2.2221415448015738,9.222760639042738,3.7042394318162435,9.872195446513238,17.237101145960615,11.826386974013904,4.437404686145842,9.256675287768383,11.990637511200278
6.252852816273085,8.139066072725157,-0.2545687569855925,7.311118400737939,17.409758928584303,13.660956001389852,11.649929073125664,14.432652793616063,8.694506371485845,10.643073980457556,9.40179342297224,12.540770782431045,10.961063847568779,3.4999931018504884,8.01522535134316,0.8401115256336443,2.6525931725282277,19.629073533478373,3.6809231941379563,2.7677750861504387,8.02661186556132,1.4992312690548972
10.820993042278044,17.4156983407768,10.706109192063758,9.368510139068135,9.849550451924653,1.6040649580146955,15.610550980529995,14.833155599370038,17.88539040920856,4.815028591729248,9.200128299005469,6.6311535396348384,20.155999321982055,1.8381418241782346,19.39103698644287,18.096087728235705,9.204691290651525,17.380684931137374,0.0616858870458987,20.394433478352227,6.50785845149142,10.273962204891506
2.2014475719349504,5.449793782299508,7.215493917156762,14.057166777561518,2.3556414827371204,10.75999295019121,-0.04399478827829894,10.14964483905581,18.251624541521558,9.124887480935271,17.439474300090566,15.373768096592316,8.87286816571021,9.945098905843938,18.96077680998802,11.835215010295169,12.362015359870012,19.27146650705495,-1.042865738575591,9.033622026480279,9.054230564293578,7.622144799442256
9.474352879764684,7.810930618096434,9.125473091958531,4.680807558107858,1.3619082260583844,17.106947034823772,19.460085366770667,9.624934818454065,16.555157499559076,7.724535294676416,6.757004644301259,13.7823215796168,4.649452159970055,10.35346580130467,9.744350937470085,17.293324706324473,18.196610753706274,5.754031934063413,18.60232385327833,18.919809617976743,9.517688494821163,7.736682386508549
7.492272411700732,8.606877655210551,-2.606676933914635,11.041334153324325,8.904452124173845,7.481710020508987,12.365415512164574,4.921476879551148,0.7515129474270844,-0.08462151419553662,8.840521746733385,14.972263638466837,8.924344344501716,11.26542371744692,8.644585808834606,1.9029749326605119,11.336579524387435,13.85672106511568,1.7312819370664305,6.877773215593258,5.397623822820021,15.222277187745043
-2.1891612624535868,4.0519464611378995,11.758216543327825,18.267399450146847,4.612713798330756,6.695069176107751,-1.4384425059219401,7.406041384650593,18.265884497410667,0.06526588363965366,14.628337263044612,19.234795452476455,10.829837252698637,15.521423505217719,19.60683040826,7.7863665994529905,8.343349650345916,0.3338271527771211,9.84967170967433,8.426244500329892,11.928169943642448,12.702622356670114
8.771797763646335,13.452758025393756,10.230483037023186,4.500099742321384,-2.6029455660689336,11.158609612737495,9.857873367428008,1.4521397746247056,15.50069097192017,6.667584409451214,6.18217947546415,4.2527397096085355,4.577870822895547,7.651657910533984,9.319859687386904,7.949346120343401,12.203329333938557,4.767723351619228,17.952629089738664,17.242396147243777,18.083829521774078,8.843471090047638
0.49837260963879526,-1.205082440503019,15.461674510211411,17.707547687501467,0.648464064316067,9.572996157551875,11.207071752216052,11.449659161946014,8.642034286569068,15.81314574032082,5.172617406316218,11.66440591785088,16.652146528002852,11.683843840970122,11.11606711669175,14.911795285763432,11.278035634436133,20.335343315999523,10.145610817891324,14.83376332115598,-2.4053003054298308,7.227613765148138
10.842866734781202,8.414906156286722,17.49311413587247,11.070514130302948,6.981779942583356,8.828033653299856,9.885599472043719,10.65398114770999,5.384861996051997,19.477637120095846,9.695815080087481,2.8530525358404533,8.252136696403078,11.233345766106329,13.834673700058882,-0.5138475368995103,9.532701132051267,6.870580346447066,16.39760776296435,11.243275573434719,9.162238852859836,2.993724297341704
-1.0486351326057157,4.8138992889705445,8.829304916187441,4.440339124213693,6.342342953225493,13.841461440888617,10.806472143514485,10.952581078786235,0.6173317000339533,4.463361622122978,8.577130952786545,18.44608262011618,16.442688087829275,18.609436275058634,4.123400454285017,4.828213176006432,5.891001381342314,-0.5995323696300953,10.484115694141753,7.9628658283932126,20.366175849867552,0.7367186901009197
11.69626230595411,7.747060627916863,10.986218120489498,18.735381537379563,4.961172668073915,1.1736340443890398,4.333231924801318,15.536318603054783,5.988179268185594,9.569589950105348,9.057225082674318,7.905547149821216,10.195025592128639,6.555289062061905,10.362762413938537,-1.441065688791768,5.832960141597564,12.156247144910024,-0.5590989959747997,8.794448814046724,15.869330315310648,4.704685911234709
8.377301383227874,5.763001424298121,8.497714687730074,8.367666189901943,4.427139705171115,10.667580434022414,10.625545166693291,6.238188672933883,9.524927255671106,4.024272818050235,4.404252332942089,15.980677259167006,-1.4058706301774955,-2.0498369503873874,-1.812798110023337,6.871008354474651,-1.4649034542880457,6.571813937682202,8.644183326511229,18.571907784935675,6.211031986993783,8.60201590530593
8.609429490258897,0.8159365816577525,17.825529745142937,3.436930829805154,11.054642256755818,0.6668523610550218,7.657774022237197,12.584912313368378,11.842543459557387,15.595961311170537,17.367494009711525,5.948641920321026,19.746867759085628,5.534481675545952,8.827001016434101,5.501456957417569,13.256072553467249,11.524606560239594,4.948419866409969,10.43478492958435,17.20294377846088,18.355768221773882
-0.4000264298881541,8.574105298115855,-3.110121446184405,4.658790777946576,8.353248846064389,8.62728774840135,17.26083469403909,5.8878464025789174,8.06700180734296,7.8057875574945825,12.379133861469919,8.849052286334318,8.381631511820169,19.27149893081916,9.147807911469028,7.071484102313929,20.437053456111286,12.02297465184112,11.423291713833192,0.5922839447724392,10.450481238258568,16.70195865758903
11.853126270177494,18.3430404674685,7.378436789910849,7.942394336869658,17.539287767634036,11.705480156991351,10.795120207168917,4.605934392110238,2.4817765705445063,-3.230869389121707,0.06995741392471215,17.97018576441978,8.975049959304886,8.434268874021045,3.8890291116017113,8.520111437637441,4.226003312187435,13.242351590665919,-0.9749218752001422,8.298257514663316,9.497203165861563,14.198145336274044
11.358063617433803,8.36603083611552,12.886194625067732,-1.211859089803539,8.00939689335031,10.462730353504485,7.712951552778163,18.408520557869522,8.367101605482407,15.145355594245258,4.906859329502459,9.09747007340951,12.28323072498705,9.338028496950287,9.719724732237067,19.07504650904555,10.418562920843906,4.639796868236295,12.81318308407887,8.803489495120909,0.28829591864978144,12.738914552053387
7.888282494062842,-1.368406582803158,10.623725744780453,4.869584780947198,3.240504515826519,4.999889276652916,12.095781760562076,-0.6729254001272131,10.708933255826523,10.662343492489917,10.144275574233522,13.68198363742561,6.610111064497172,2.6095785718926816,10.130419343898055,17.638896959328758,16.904743577780295,12.681352883458104,9.164038004172937,12.795850371424525,18.16762357836291,-1.0698640773086487
7.412006905519352,10.118048563389483,6.6925981425211,1.2386475070115341,11.33857493426383,11.09864125191213,3.6827770992535735,3.2891384068365657,4.038058912529539,11.481286737818007,6.208526232303303,10.304313739072247,16.630110310118404,7.625830224041437,19.462331609831097,9.551672446499198,7.569299571721912,8.442029791574233,16.39394943465744,19.573029984082073,9.722135232244007,16.307076469184327
7.760212176009939,12.714658843989286,5.476222662051836,5.668261424113689,10.657390279788553,10.450781921835471,10.308872184926019,15.269564017521548,5.051339715157017,0.40972087126297846,1.767389227828955,9.501180969951118,9.323376469167725,7.010755892184663,3.469592058054945,11.826768929294058,2.1217997944762783,11.221351601464209,9.111396145514012,-2.4681229527999573,17.38146107247928,17.260495580815274
