script/wind10m.json
{"header": {"parameterCategory": 2, "parameterNumber": 3, "lo1": 3.000054539987559, "la1": 64.9999836372058, "dx": 0.5, "dy": 0.25, "nx": 34, "ny": 52, "refTime": "2026-01-27T02:00:00.000Z"}, "data":
[rows 24 to 47 of 52, columns 0 to 33 of 34]
7.197786249786512,5.774258109837073,4.829752100936603,3.851190793895712,2.293251962451761,2.1271566707329694,0.37918645980148474,8.596312610295938,0.19933046670007729,-2.059917487818787,-2.6165100699619623,-1.4617502960163251,-2.250468737529176,-2.2767320009669327,-3.792690913265046,-5.612268801853613,-3.5958919796388793,-0.9956716246716746,-1.7134803890561199,-1.9919935420152204,-4.374545441488499,-3.4113377008222843,-0.9482311327505294,-0.8107056874090041,-1.7379266833204208,-1.439150328487004,-2.1747989831797736,-2.172493409102006,-1.892582638214973,-2.9654763440590095,-3.0706384752531837,-3.473231918875354,-3.033349268481553,-2.5469175910583792
6.441735081953233,6.142613881692459,5.397719597806723,4.213793448881343,5.517654463285722,2.7840385117147286,-1.027628975504774,-2.5124837500773034,-3.441924661198783,-1.9210513022132008,-1.5411029449742693,-1.387932011784257,-2.309214788321944,-7.107230119459898,-5.388364312840303,-3.8373136781851858,-5.1866726927577895,-1.817275574989286,-1.9010155884509996,-3.1502569997095904,-3.807246754871632,-5.00444762611116,-1.9113551157103807,-1.6582587059759801,-1.831857668341899,-2.7079944836339047,-1.759331997580144,-1.6321711211635819,-2.727649954547677,-5.31897010154809,-3.3512263141570506,-3.0374725609039603,-2.81538162097243,-2.713086518388784
5.647333596355161,5.737804950860982,5.537437116385945,4.634514259060309,2.993397689726545,2.0918868058180036,-0.5854705334923989,-0.4386165010682885,-1.7893960096998376,-2.1063720792665075,-2.0909875546923162,-2.4551240595902666,-9.12519780747603,-6.675794182425544,-4.707965015868013,-3.544543841662285,-4.087766838812596,-1.1821120251301165,-1.5169061524014367,-4.15942435367835,-2.666691845954544,-1.8882226831993891,-1.4733493647752773,-4.975421342070333,-2.8979772628102114,-2.9542101094674327,-2.576874318432325,-2.8251849847238,-7.355057595999424,-3.777741991985884,-3.2742743108327415,-2.9129610719973704,-2.7974825283959257,-2.9348640736997798
5.077663426222659,5.141079564819498,4.799384256979148,4.555788728562189,3.2377038583971776,1.781848136062636,0.038722069062174916,-1.3690108419499596,-1.1055836598338138,-2.7711445407195594,-3.018802585447637,-9.632893042771263,-6.422837639108218,-6.023750471725811,-4.175461725622159,-3.338916528747257,-4.243071561236458,-1.8337466403939582,-1.843881038004027,-1.6907062414918232,-3.9665184553923405,-1.102546869700835,-1.7288292022516,-4.475810911038464,-1.637480293935415,-2.0584269973898945,-1.6768781505729633,-2.272094289780821,-3.111176974065991,-3.1377708806017384,-2.6437568471722606,-2.7947584736969926,-3.1794638092983845,-3.826321774119917
6.024643142550281,4.468888656855379,3.9611526076300887,3.601828307062161,3.0429131467208705,0.8429089055408177,-0.95590949992414,-2.873034410015436,-2.8487339029157446,-3.808195866623455,-9.573218937064778,-4.667466543927607,-4.525651500288594,-4.765080636534774,-4.5953903082853245,-5.855203009911386,-6.068749834983367,-4.191888617783205,-2.457777111947607,-1.8171157166214966,-1.7177675920139823,-2.084955248858445,-2.3073973085603696,-1.6071482787090223,-1.7895505198110877,-1.8748709682060287,-2.1222575926157976,-1.312291248109046,-2.430716298684864,-2.654483244392365,-2.348711495355568,-1.9855132028418694,-1.719742741664233,-2.40010591452101
5.5137978038974405,5.451714388953953,5.7296557445056315,5.765859588961205,3.407111970608736,1.1086537649131698,-0.9381783509487667,-3.0374691785903405,-5.719544572378172,-2.1700022253814826,-2.3637145731651223,-2.5589456595393822,-3.0451613162508515,-3.38243311711527,-4.480734303974287,-5.694903604843179,-6.676026089950641,-5.9390602321221975,-3.273817180137441,-2.640507728108243,-2.389910592350835,-2.014036766578703,-2.759549721132723,-1.8645988253657877,-2.161064785693241,-2.3219968927065526,-2.149311524305415,-1.447559677899184,-3.3580725039441117,-1.5146127010200638,-2.708085595336877,-1.7866613353851892,-3.4651366382591924,-3.198726015305139
5.416586276429383,5.4024662897222715,4.7735613264748915,5.442928106383314,4.671662956211973,2.987757346378827,1.4961851057744222,0.04438591199935262,-0.7900060183574477,-1.8484965397530428,-1.5475780502841436,-2.0415187053909847,-1.9059666474743266,-2.7803827087446265,-2.338933609375388,-6.312586959868488,-6.691689678198569,-6.7687655585160185,-2.226388367282465,-2.5269155774910432,-1.7591732033629592,-1.762783711789727,-2.2607666894673533,-2.026652666244319,-2.204701328666005,-1.980488158043778,-1.2015057447236317,-1.3610905769187869,-3.5591543706592517,-4.181524385206238,-3.6363836303135635,-1.711390757095653,-3.5564339206268403,-3.3693283214633793
4.7871031420921915,4.321729305416803,4.13919597336208,4.361651069858097,4.489142652658783,3.3721586766476936,3.284095247935392,1.8806906363821603,0.44490556219803296,-0.4574466987507404,0.5380484178342768,-0.17613769959184666,-1.8171212527327065,-2.517682011433999,-2.390696550783137,-4.1497404888459295,-2.9078863327884252,-5.912068935564415,-5.383315717603143,-2.2903267691420783,-2.2248575157974333,-2.090941149981164,-1.857287436911063,-1.7827304314759482,-2.1233378124860174,-1.4759890739073918,-1.7650400112156652,-5.021767677912242,-2.3916948946984395,-4.926100106966261,-4.226163936372375,-2.5354509126953007,-3.6331026170769283,-3.5256925892762765
4.871746497829067,4.018970322509675,3.3806411442275666,3.799841554246894,3.762857722025678,2.560383324006265,2.1621110857119494,1.7425020496691699,0.3551178356337902,-0.23753756437134638,-1.658136163557591,-0.8797048338056853,-3.632541406782524,-3.2280806844692673,-2.4679228854888655,-5.010614593701922,-5.808019387347007,-5.876194982970745,-5.663679256668962,-2.1049637912643626,-1.9426868664120076,-1.9115058843505708,-1.8929147306914174,-1.639380882111668,-1.7426857754542953,-1.9110965945356804,-2.61603800650096,-5.445621276912278,-6.007039852596884,-5.496124513047935,-4.286481423776291,-4.5129986110592,-3.9102028468720835,-4.099161068596645
5.178718221565909,4.015408569778749,3.2798744026125872,2.849124262200723,2.871191211362379,1.8826630603632872,1.5491552421110926,1.0430858834668046,-0.34890066853034396,-1.7229816415071877,-2.342246790827764,-2.8233293925306855,-2.772915616534845,-3.3139685557167176,-2.7388535667488187,-4.371153770473905,-5.266805294011252,-5.660233139577209,-5.6353221249342464,-4.311749825826803,-1.674586202916121,-1.6125730480051779,-1.8112388514376407,-1.8108160000726434,-1.7204695717470777,-2.0396456635441416,-2.522745542252463,-4.9482188969717456,-5.89811170308201,-5.679887454394293,-4.98074969443878,-4.606915086843956,-4.398710902993118,-4.09342682185964
4.845414108121357,4.457149816253569,3.4157321225980493,3.0232626319483145,2.7961410902756882,1.7224360414284263,0.7423955389831594,0.6345460361860338,-0.28400943967430875,-1.2757752578638235,-2.99844972911122,-2.0961225433188906,-1.9827642157573893,-2.046914403663912,-2.442645832842208,-2.36284990735284,-4.809201759559937,-5.208848827789133,-4.460802601793603,-3.4928877874862967,-1.4318697549605777,-1.2969346718373826,-1.9060705515744785,-1.9135873675201256,-2.1819229063198393,-2.2626710336428024,-2.5241900146487146,-4.411356655197772,-5.1073637227315105,-4.817295267322613,-4.439482357170945,-4.285873400232003,-3.8767157022161185,-3.512713953751961
4.835318496355738,4.393005713257453,3.7826887790829637,2.8462234126075194,2.7251457702374187,2.042393403584504,1.0422090672584612,0.015604692535403294,-0.3528105441969646,-1.4007256127169818,-2.9047088925912696,-1.7073156708980175,-2.4564524249106383,-2.455214231870133,-2.3977521263519144,-2.6254760632085645,-4.650028342906618,-4.204193868134621,-4.774871224830362,-2.718971824339036,-1.7829164901878443,-1.6803929929986152,-1.4613037702319083,-1.98126987900072,-2.0097026675794,-2.4700814334983336,-3.6359750471528596,-4.2333258015903965,-3.0530680136179558,-3.107395258525476,-3.08475673106312,-2.9517384210359423,-3.4431289587673124,-3.9615239123915633
4.393819398294223,4.513739463723888,4.371844755902652,3.2252711283677042,2.444128815159906,1.839469759344702,0.9905494858286912,0.24920443710235898,-0.04465828441206724,-1.2842798153886696,-2.5373118377301638,-2.625507729393941,-2.1722118431709965,-2.2857622196770846,-3.1964396658284078,-5.542091960563198,-5.263539481451219,-5.721617882237127,-2.5612405950654136,-2.778517014445332,-2.5854550784808947,-1.9048956872812546,-2.059835306323512,-4.371326010847623,-4.745200443390028,-4.730503395923948,-4.351303455239475,-3.4082675939710545,-2.374654470524312,-1.5182601238194275,-1.3760652226656813,-1.2520683591065402,-1.4296330869910894,-2.020734593656454
3.889879456081707,3.9336969378300233,4.388447122900361,4.274726153177906,3.2232607968080185,2.652619334636867,1.6337500213120426,0.5045941382644469,-0.20163220822367028,-1.481088058618725,-2.4100881741590015,-2.1810575399875374,-2.4468518370349717,-2.745253776922566,-4.8378541715516254,-5.131013020810648,-6.125571508140889,-4.389429200685109,-4.030110935854,-3.492212625842555,-3.531878297419093,-2.9502083306987146,-2.5291375719084384,-3.361236201909463,-3.801053880774157,-3.4357373809874696,-3.124251981803705,-2.7306122077268355,-2.497096555903961,-2.0817845568888047,-0.9652572527643839,-0.05582195119367299,-0.21248293199096643,-0.550157331780367
3.9797299708597156,3.6176784877833366,3.706416899678986,4.22531594964178,3.6811622644240463,2.7662809091597205,1.7798932059416914,0.734535262286803,-0.6109907593281025,-1.6343363059088367,-3.1113182062510942,-2.735630758443685,-2.91198763033607,-3.2320908652709455,-3.0981618726194937,-4.939730078924288,-6.013735187004434,-4.2399455317872015,-4.275264636965701,-7.06328473461741,-3.307584156977927,-1.8274336503323039,-2.9273663134885166,-3.7982176731341326,-3.6437593901844343,-3.6218457341422403,-3.4647314012593107,-2.910576919332167,-2.019791745939129,-1.220102537529694,-0.9550531351375138,-0.39406872928462916,-0.12890462088656843,-0.1469589895455806
3.211549781651129,3.405637144197376,3.6649534374872625,3.902483053773563,3.9090428569176536,2.3997304032226796,1.8258658629297535,0.4513279599061041,-0.7499028661658029,-2.1250163238719417,-3.7833541404904927,-3.6990318169536116,-3.396758701127694,-4.041538571177756,-3.746266448315499,-4.031506591106663,-6.595928641076271,-4.1414432096107285,-4.344655454794546,-6.911655293532542,-4.364680805424957,-4.236349544924584,-4.037341875269843,-4.023940935608776,-1.8065301224843247,-1.7157056092935872,-1.3787042208273799,-0.9283391971390802,-0.13427330651152414,-0.18564290527609953,-0.05521736364836859,-0.31856639106588475,0.22057385444495087,0.44034726763797355
2.6700012356920535,2.867353647293115,3.4365922598116287,3.3173962487391266,3.5717391324126493,3.138396364675273,1.8140306025479755,0.3039056578969835,-1.0548674403193468,-2.506084357107372,-3.6251638307333875,-3.8987177900904855,-3.5460647184298506,-3.9698175901336503,-6.348303259023064,-4.639089410851904,-7.573062888737541,-6.905265999316399,-4.961103279510927,-3.1156122411348197,-3.850361097999982,-3.66835073820982,-2.7201497574509412,-2.0537662567177146,-1.6822664271458836,-0.19909975176712208,0.3312858098833268,0.32179117119853606,0.7647677106878705,0.3134973383696741,-0.2249638822334733,-0.33922730118671957,-0.2544803184893982,0.913832704037652
2.4094570973029303,2.6858876362076893,2.816926480598871,2.994382678188284,3.1136143220506076,3.5057027950022834,2.2190689276286535,0.33255790662688306,-1.116356495074896,-2.6369149934516103,-3.968170089882935,-3.9001724886821787,-2.6622213662669587,-4.2030276091998875,-7.324390524798109,-7.164143190727644,-5.896252704394007,-4.603285069261757,-2.9838094442152,-0.9076844301716956,-0.8465986477518254,-0.49330251209975157,-0.15691389642810863,0.21018370529916716,-0.34754902011047706,-0.23700373975452027,-0.42539695701197566,-1.278788679828068,0.4621004187528449,-0.3921023721326807,-0.00016107931965260165,0.2829756949698794,0.24681119185682798,0.2352455774759374
3.3232080784007385,2.8574898100541932,2.556396788122386,2.564498071254787,2.2333355404722313,2.655082877609275,2.38188701536531,0.7307544035989848,-0.8994431777703015,-2.6164200783711427,-4.070134867936368,-4.301656941246915,-3.0111374107259548,-3.766377826869334,-8.335414473369156,-8.67912816529763,-5.826222013952994,-3.0008795056380317,-0.5944724131581387,-0.38479919339141333,-0.48108086998546645,0.10722517674042203,0.3035475384825319,1.4212721764525067,0.9221448171559646,1.0372194819609555,0.9605127947294263,-0.26299042711030346,-0.31793006789079625,-0.8280240451129678,0.3981851480027298,0.4034752696372819,0.2719640504881844,0.07426316638057145
5.322956155096996,3.356791534701588,2.519307731389943,2.204416559332587,1.688220690827115,1.1505319793671205,1.8603986501415286,1.5261032559159173,-0.7312660459392437,-2.3835549781866208,-4.421188295774623,-4.8526246311668855,-4.085998705398285,-4.18826304950173,-4.817345894556386,-5.198051420111154,-2.083528194772066,-1.4550302768431114,-0.5216073499595439,-0.12950022505912387,-0.33603849251487194,-0.640520017414371,1.1765657841641557,1.254676925371758,1.2166510027638757,1.4793738321919616,0.5267735140233906,0.2728489934304262,0.7677903081902085,0.5260801925485351,0.3648265312516994,-0.004244962102430446,-0.37745511193824144,1.0458806721015705
5.536539467713771,4.596132553172807,2.4761105246446298,1.86245336290827,1.5498260416070044,0.9231366397360773,0.6656086156964357,1.7057426198412473,-0.35510260094647295,-2.4443876427088203,-4.1985666809831255,-5.5872590627677345,-4.393661452764044,-3.7125790151231093,-2.811642112433224,-0.963512745054576,-0.7251742070763458,-0.5872896309088106,-0.10133403031724252,-0.7282119211221316,-0.7911331388666384,0.027549016926176242,0.7295397208104968,0.7798148363627548,0.49147563723279825,0.658360418389339,1.3853798538105953,1.2483789967600354,1.190747662344019,0.003142141298687809,-0.021967124573521422,-0.49014688985306554,-0.0011140168332826985,0.39653240483103064
5.545917359502379,4.408835965009439,3.6920009236908475,2.437736570856509,1.3657345501402263,1.263477536480901,0.7796286837096904,1.9515024140456494,0.8072049282324891,-1.2146100723503173,-3.821908849711669,-3.85837677404055,-4.016522679661899,-4.200842139745085,-1.9284028186423376,-0.6514831374969171,-0.6412468607243799,-0.5886813696884948,-1.3493223403996597,-0.6977019704286755,0.2925884608950163,0.5644561712144384,0.19867851677795503,-1.7943654025279143,0.12261243098183958,-0.0447403878191572,0.2638309507544375,0.4574568838756006,-0.20062095659498488,-0.40930010520773147,-0.6606267279275745,-1.08988075301579,-0.6560960695333818,-0.5535808085952827
6.500420831909339,4.128025796510677,3.4382163630088742,3.235216343476505,1.4137006393755904,0.8531590961665154,0.4434864970288403,0.6679293807912372,0.9447165274316472,-0.25913640571385915,-2.127135416406962,-3.374648473879544,-2.9617983452537913,-2.6096856810872646,-0.48060330254098255,-0.6361424577632765,-0.7062750209293415,-0.48541119971829133,-1.0799523771818553,-0.9587607698537745,-0.30102050217740656,0.08465307239275388,-0.749681114982562,0.7259577390031694,0.3307743833290563,0.20830498563987568,-0.31630920693012415,-0.6876738145588019,-0.8331557863568269,-1.1733833529493463,-1.0595245186342717,-0.7785357265167935,-0.42306315610160156,0.4432757541486126
6.3487350370031255,5.351219470153215,3.291460095586342,2.379256717538297,1.0160951115767083,-0.46203921510727447,-1.3565004829549687,-1.1780248982749761,-0.3999354042029391,-0.25518528896729703,-1.380192738295415,-2.2032875094616493,-3.4199881692406766,-1.8934225463562375,-0.7254991526636009,-0.23664745764759312,-0.233434144947798,-0.6309680173230137,-0.572213809523822,0.00972547798314994,-0.18355933252992612,-0.8035092956416711,-0.24143509728261198,-0.21457949742929394,1.0516677943275914,-0.05840185314950445,-0.15897043028045654,-0.6102495006474059,-0.9088683041306374,-0.8936723944087646,-0.44146690163302577,-0.9732572405094884,0.19451259056393744,-0.42801879814810423
