script/wind450m.json
{"header": {"parameterCategory": 2, "parameterNumber": 3, "lo1": 3.000054539987559, "la1": 64.9999836372058, "dx": 0.5, "dy": 0.25, "nx": 34, "ny": 52, "refTime": "2026-04-15T10:00:00.000Z"}, "data":
[rows 0 to 23 of 52, columns 0 to 33 of 34]
6.172304305286137,4.382659198689602,3.4547208232851907,3.982352373612119,3.835861535977604,4.125712202995146,3.088793475711967,1.771472004326658,1.3492393006323304,2.153885046430832,2.132169561830181,3.269655738053121,5.9877429622297775,9.700120020280247,9.604043363959363,10.274417768262477,10.115023753759708,10.103156847346863,8.901429015678147,14.598872227962284,10.754287814548771,7.669335868582901,7.098118934523133,7.339197243160286,6.348783528924767,2.0322162336680036,3.6058450568871403,2.535969881427879,1.2996128549688717,0.4350941106375345,-0.3365687639689474,-0.2898303011760409,0.29463202569227254,-1.1684226072166297
8.232184329155976,5.989520504770924,4.9804315864311315,5.025009722888636,4.409076465092669,2.851586252477994,1.7035830675265873,1.421579236054873,2.0689039028797698,2.7486773453270943,2.52579298491819,3.6584788967331305,7.213715986665844,10.751600210302254,9.896995782304494,10.62157017648994,9.965745283078215,9.724597518220447,13.940550852193768,11.690018346336219,8.674615646710219,8.103190347253872,6.031228264411508,7.642663893533033,3.332091803368338,3.069019651847368,2.4508870945117764,1.556921824173608,1.456496622082926,1.7193958183561475,0.14547333521713338,-0.030432165894823955,-0.21443547182611328,-0.8633447386680457
8.551702134388108,6.770291483646936,5.074428489126029,4.231676647632869,3.6277301730694114,2.979488700837527,2.6485785021071764,2.5062175099845234,3.3829828675730584,4.191175687302204,4.403650087269468,2.922283483034425,4.558825060896926,11.9641559878015,11.250140961471603,10.731150439048395,11.85481449623192,10.62084634734576,7.4443282646733255,10.451369946218005,8.449093508290863,7.174546020491546,6.403139618732824,7.072776234282591,5.163447711337351,2.8108000993777518,1.75415776919637,1.881400307781365,1.014956042607613,1.6872002835159106,1.8895108939953573,0.562511183032739,-0.5083916033892444,-1.308070704258774
9.48836705033585,7.716551890698273,6.599236853597435,5.789546644496973,4.6308050980038855,3.6321631498859266,2.7377569593966005,2.445949974925807,2.679577134021474,2.9627540060741286,4.680917852973094,5.239916715365299,4.8994471215652995,10.521197817329595,11.69509631707307,14.490451867351602,8.925115450238795,10.540154914360045,8.138673819144003,7.956805527847561,10.410766037941558,9.761940891789708,9.2054018719644,6.587331155811051,4.618498452459549,3.0558949573557537,1.1872209958948576,1.207997077364551,1.4047515888304307,1.139485144528748,1.7240416105460772,1.5804117737844887,0.10225775143130994,-1.4453693988512448
10.134021099758945,9.018699162871295,7.6966909115806175,6.129714423763624,4.60193707735978,3.4942460303756966,2.7953044866078307,2.8365061012247916,2.415326426737681,3.622145876427405,7.5183098769719505,3.1939825497486845,6.191862763940363,11.546780193401757,10.821584348193689,12.586969337575571,8.907424495101678,6.68987135975969,10.616400953134129,10.776284230172728,11.906778926689677,10.182846471890999,4.625714177423087,6.3472471339339815,4.58022117405179,2.8211805794396096,1.1290853607490208,1.013184675916921,1.907924818559549,1.0257001677703543,1.536234487397124,0.7317906984723188,-0.45904898213179324,-1.9509788672177988
10.247853332275625,9.321636701495514,8.31442869904519,6.874315211719541,4.677674108928544,3.4695398273352076,3.1793046070427424,3.639130635887865,3.7590767659197883,3.6472854786856796,7.337109970016429,4.708920604039886,6.6623425824883515,10.603744452039475,10.202877119411866,10.028383986297282,6.294734316126907,4.94390177367121,11.449745284832014,11.550602400993554,7.531191697193247,8.467595405198143,5.979930363016017,5.219000182378697,2.4198162591303363,2.8031402689145373,1.0854986758460565,0.9572872777389526,1.1267831893922822,2.7092324194066792,2.201026290994494,-0.22940807680016043,-1.6471072441382073,-2.1589365369713653
9.501709620224347,9.449511002596081,8.648526114515455,7.453810370392425,5.1710106305847905,3.2414279495467317,3.836558595721907,3.9416232868881758,4.251571697190857,3.341895070250029,6.704987054435015,4.726366685944644,6.983793238234314,9.23802875273256,8.980329268259634,7.794477011016539,7.161450449050297,9.920957928511347,11.101543971745317,7.428836758677523,6.141840739444536,4.2329599036694585,7.371421149894437,3.6807216165314878,4.456175851901144,2.261679743284047,2.2546858613761818,1.744550638104293,1.1293363804582914,1.4099762417410937,-0.1507629570768948,-0.4958111056127331,-1.273365044660285,-3.9301326554726304
10.64121719764494,9.265094040496137,8.057969798150781,7.42596725008866,5.50083210729377,2.888168574710533,2.9071515740523552,3.3276521270762904,3.9773650067991917,4.912974626214317,7.446642281946874,5.827623275755991,6.899002515346041,8.598002230021983,11.348778887248297,10.956533197975864,8.417807747540632,13.98667982772227,13.150416855980493,6.474309244637567,8.076996008091433,3.8544009698544373,6.082664358878395,4.649066251790982,2.52807616843397,2.726602718217406,2.8127063212590686,2.181502356600641,0.38194930629334817,0.5282642737777816,0.024746704556498113,-0.6771623673009292,-2.0737322000904554,-3.5048169530180933
10.155293599684585,9.471303577063662,8.347389929105399,8.45664586079031,5.020747084107978,3.0263088282632147,1.430712790265157,2.660846730099922,4.619445264905091,2.145309609513078,8.480897068461399,3.922181370262643,8.74565872465407,12.65999547783023,17.69628364955618,8.64808887637667,10.727478322483945,14.376368273153815,12.691373326879921,13.449475227629993,14.568838511213915,9.852020621473377,6.288123609262522,5.748928516278435,3.1392510330872927,3.954391403714993,2.4739082397624177,0.9098951577423917,0.11238442156123235,0.855967479982908,-0.1399743994024578,-1.2516309038013897,-2.0931029467103457,-3.2472020424132806
9.994855348137362,9.54686321072575,8.606879410732244,8.616552854127608,6.164497712099785,2.029646075491166,0.7183059397439684,3.4981868315855977,3.5523912999779363,4.577610660702673,11.25864689530687,11.621001968857398,11.71776050740011,14.605018217754958,13.208226248107996,16.776712309930055,11.784930314124598,11.162535804568764,8.773205599497086,5.5561583601465045,8.530150679329768,5.019994304048049,6.995242385110446,3.90512544947995,2.0111641251089436,3.8127541707980948,2.682536118070175,1.3381628935615397,1.2605162774674197,0.37407799166595745,-1.2421365209947324,-1.3231683119005853,-1.7844627837251503,-2.713990082956592
11.639974452566923,9.470918894366681,8.560701576770915,9.268663772621348,5.122684162663423,2.659600363908444,1.332892212457212,0.3397365446190752,9.410490241915907,12.796732509648562,16.118428830910013,17.36712237076056,20.25131856854494,17.114341682264456,15.713074884733187,12.049731410899302,9.289247014783724,9.133487533666788,11.616426297395401,3.933195305662993,4.71632594197396,4.481815420605057,5.389662546520107,4.439630075569488,2.796942735768668,0.9473597063132453,2.2148918318414177,1.6736426049594928,0.4433035949357511,-0.987347477061218,-0.2537775219124262,-0.13328333356082758,-0.07303580924614825,0.540713909588249
14.583978123713353,10.899631769917216,8.805138611345022,9.80770971702646,5.324016820001525,2.3386468274986547,2.676885723644195,4.80178523179968,4.92721870452888,13.353701072057401,9.48555238266404,11.890645590870678,12.29259455878779,7.84527230480678,13.204441670979575,8.031822176666685,12.724400426841056,12.508387640213972,10.882220677861039,6.112618268805508,7.83489599459478,5.688620621086227,5.031296226479814,4.397665392465159,2.339858683083833,2.6353826302414745,1.6001280602554346,0.8907191276505939,-0.9654061139117317,-0.2217002094630968,2.7601571540317185,1.7926844493137597,0.9515025823494578,-0.18927835887701652
14.485563772195022,13.210105713575635,9.27677790396607,9.473756440713304,4.741468073818397,3.3191456023977093,5.148104747970649,2.3348739514962578,10.181494993417529,9.25994521681118,6.940230180227031,13.724396678872251,11.953776193298173,12.877060309550378,11.553937251966172,10.91993390490994,7.386109830831808,5.84583047222237,7.781382300276734,3.7615196693811344,6.895302466382617,4.998256194299023,5.763453697321982,1.6888029791004275,1.782302903764079,1.6003627788866552,0.5178606219534125,0.04088263026214164,-1.2907480150576678,1.6987655062287017,2.8869984418663015,3.3201596831661937,1.155861638173588,-0.3109980523008259
15.594707512602312,14.694926984381992,10.752346911034541,9.449318489260397,5.294720745995237,13.611592120598633,3.7685780107279565,5.672225775481038,11.541382792287223,11.01693953532132,13.142014654045642,10.187179163587942,7.716651403495422,7.052500363018979,9.41430953832063,6.950733753121173,8.398750231199049,5.542587365480932,8.747732285772205,4.016812049696157,1.5064903423636176,3.183901585751046,1.3571621675785843,3.0956776919200424,1.4308926158424218,2.595635060341287,0.09352277270369998,0.28379412457522774,-1.913854635669709,1.7044787912095956,2.5984068748938807,2.261003544930363,3.3134619948340154,0.5779965047051993
16.376708340251902,14.716550377343651,9.833054169159526,8.034601431806992,5.202318432910181,6.210622199159792,3.961518158606419,10.417067451115944,5.530286130390514,2.21603042445394,5.842281825628424,5.721973348137605,7.1521109151128,7.938893572180315,8.214369960689986,8.34141629263254,4.855114443858345,6.72843472928294,6.449286362619203,6.388375576841367,0.9638580038086049,3.0181893065763314,2.510452548431466,1.1111251740615613,0.802147167559397,1.3419448510796803,0.33223790903192996,1.4133778552503915,1.0946366854935374,2.1579862606944373,2.1124797357331873,1.1980822000165814,2.114057620078557,0.5475470265140125
14.949619175353398,15.444791530550521,10.545692138086155,8.385466741493074,5.61986542749368,6.352326435692766,7.7920462499239775,1.4007532840771482,1.640867270561395,1.64747515170159,6.952812907800319,6.748312515930521,3.0494843633959325,6.2047968449626625,4.578672763164871,7.552809408871087,8.545294943653461,4.3724336435999165,6.086267624731991,3.376247473273261,5.056738801431601,1.1230750226748838,0.9599359718291682,0.9113709152177263,0.4449589505595664,0.66186275213977,1.825422875852846,0.14492921074716078,2.160306046524202,1.1108560293780836,2.0137542958737966,0.5364494613948063,0.12723197963392074,-0.03762211215892625
15.361797089668235,16.35772635098471,14.045213404768132,9.359684912181175,3.6645308341856015,10.451775770447385,10.97704368267964,11.99104714074695,6.617212733159262,12.149001404226574,9.298878592881227,4.995534507708709,2.4533994968171324,2.5569738856776154,1.2098566443689271,0.5939196958054648,5.708012554975108,2.584915343431124,2.5684266781335623,0.46807590958322565,5.300830224225561,1.3744699700584504,1.3030219599647672,0.27683342170170766,1.3383014271406908,1.3990312809752583,1.1913715580979451,3.1253958636028636,2.0153718890376036,3.1611134107233316,1.9854007615807556,0.8462127453746042,-0.16788096364025182,-0.4353504151599492
16.474203000823778,16.54899811747937,14.459527469935725,9.461988051582011,4.3759130226057605,5.5504264781159325,8.847649973618124,6.701506555857165,11.897586223813615,9.010977976815118,4.384577840569374,2.0334708318756265,1.4899468805285525,1.794467336464727,1.821268793187305,0.44699024166024365,0.3527591963004506,0.515864532097907,4.316749704746524,3.8480390835926888,5.674093609338711,0.3685592456403064,1.2112162485756455,2.3832997020704934,1.9947370158257136,2.202968770846423,1.5778046904341754,0.5455954277797436,2.8078664499010086,3.618386617012598,3.3402649779997047,3.080927591249817,2.3014313264706137,1.7118364714684369
17.030551864380335,17.86189445763814,15.361318701249232,9.24682969164883,3.750990190311175,2.9545584470422455,5.480016482266587,7.359381166383737,5.77038107654277,4.395851678870226,1.0361065642876188,1.7171373409181772,1.5959102776981542,2.28180061261967,-0.8066349709968937,1.5018298075643128,1.312344109177734,-0.6751495749958709,-0.8049491933081981,0.33086964911972394,2.030950922046702,2.333742540261561,0.117086804995072,3.889905572082127,1.4831482945470036,1.6190387156382136,4.024981088761293,-0.07608982458534476,2.6157528247929105,2.4448993843822877,4.653971181409398,4.025815946147495,2.1846258132235135,2.6710848120339326
17.780128696332593,17.645466878105662,16.803125595505204,12.194789567150519,6.134863873916935,2.774458396135787,2.1787035118903852,8.040370499747064,9.220745816571768,5.751691564052424,3.626144960387768,2.839615456900882,0.24527815626916638,0.44830508225626164,-1.5715305514496385,2.921159729829409,-0.3726492822612757,-2.4579129150538814,-1.9025886366331948,-1.1431368107550752,-0.3026441188615758,0.924890848835226,1.365101464102934,1.6137917878648127,2.2747498679283495,5.170518111299623,-0.9839130563008143,-0.11140845618734577,1.3455737523169922,2.0939251526416536,3.752733591887201,4.6476759881434235,4.481670936506987,1.9005151272183785
17.374763909769673,19.260590519196494,17.08513508477673,12.863100249628328,8.57167236200472,5.054188166512927,5.4439900309935005,3.7909427926882358,9.375237187333253,4.298664612194262,3.4111689383092494,1.3754555370335018,-0.7621015221934787,-2.643189741981303,-2.9014190087738405,-1.3536668367203029,-3.0402540365630046,-2.3127232847233112,-2.201473648917342,-1.2434472728718584,-2.0883336178398886,-0.8052964614935403,1.5179442057294403,2.5366026058550695,2.4184467923758386,5.66073946391639,4.669539962252981,3.110677083992262,0.7390454850756379,1.256408759759566,2.440948480816574,3.6023268004938283,3.25919387359876,4.006264711521174
16.354750343642767,17.62389418153157,18.200291313391062,13.801108529570072,7.474043270339263,6.320245947424991,3.2370891734730556,5.229787021886526,4.762725551153321,2.6542694792734403,0.4981718538522171,0.2652669859429499,-1.6366593043868487,-2.888978776446356,-2.042777678992774,-4.934110497902556,-3.4227551105233123,-2.7810617417926364,-2.1835686566433554,-1.4981504284089342,-3.96153474470261,-0.5716173434478007,-0.6807597570369972,0.008369497985259792,1.935402206269181,-0.48040820526025385,-0.39179498411767194,4.047620850905038,2.3816249994411622,0.6936470399801941,1.5944798247663836,3.3813499800807194,3.7060623711829552,3.2493947431959906
17.263245816553702,17.09778493877928,18.069086924056254,13.276501194990956,10.38753820054245,6.934174592191775,5.9087846706900455,0.8648995113041454,3.8611577328676217,5.110877738305344,0.0770208091260762,-1.4331220732387049,-3.5005689611174517,-2.259851038517946,-1.841069141392628,-4.902006680116085,-3.9556859571921286,-3.363318463027907,-3.365283415846144,-4.139733436293756,-3.417483431684009,-2.1651694271486184,2.001006984985235,0.6297664206327668,5.739925505308919,0.11267353339671847,-1.1534224451166142,0.9842894479285362,-0.14632421888812408,3.935741334955481,5.483939518429933,3.6422067804245084,4.731845260367146,5.330105139742252
16.864912981534513,17.218749703678398,17.41982929127421,14.190036316436114,9.408131134687695,5.754210087595342,4.666189099954121,8.352894795009737,4.621408725598938,1.2978260266568085,-1.5014071479723887,-2.4339151365404987,-2.8921771403642866,-3.290966033696322,-2.0097923463832617,-5.158414276361853,-3.2203975221085352,-3.487805078397337,-3.4767407520384914,-3.108932490902316,-3.4443093469549484,-0.5773202561952991,-1.528780425186771,-2.279914301470652,-0.5560865793425229,-0.7493913698933244,2.3735005461771905,3.1163461957026075,0.1850300937777744,2.2386556004614593,3.9935252716611767,8.295965459279214,6.14647333025492,5.37907966776297
