script/wind250m.json
{"header": {"parameterCategory": 2, "parameterNumber": 3, "lo1": 6.000198445256149, "la1": 58.999992894266676, "dx": 0.5, "dy": 0.25, "nx": 22, "ny": 24, "refTime": "2024-04-01T04:00:00.000Z"}, "data":
[rows 0 to 23 of 24, columns 0 to 21 of 22]
1.8448744410268192,9.494542774009162,2.3732181593499875,0.4961193073369098,6.405216111891689,3.8821862015319293,0.05848043385245884,1.1014435838975434,1.0501447764853282,8.837360976914795,-6.956741324747708,-0.7454864048256286,3.2190781073115766,-7.407000679063815,-8.017680616959659,-2.8671925435748906,-1.6726466750405298,3.908802726358006,-6.588663577855154,0.5180833800735882,4.863639824077288,-11.861544219732858
-8.358206912527349,5.033672748185735,1.8817079481508556,-12.745359470622509,0.5429297002814495,2.316772196245415,0.9938618077102584,1.3367733577249248,1.9637794154418393,-3.9858273793050447,-0.8135370139101515,0.8186329189074272,0.8951825892490028,1.4091509305967396,-7.411987033198274,5.123258396119727,0.4011817171864761,1.6323039044553058,2.614442248092612,5.823936409165058,2.757695535551348,-6.041901748847129
7.265057454522255,0.022483688636181543,-0.7835530964924932,-4.250451005063229,1.8481811219044066,-4.479012121347641,-6.687558257413068,-1.9093473050402807,11.11200382943899,-0.2840252252305713,6.666232307238459,1.068018933066585,-2.282062165970386,-1.1847225801953216,4.463912364792396,-5.860115357130745,4.479809930769561,2.527864056598379,1.721274578996436,7.324907887120251,-4.279975696958745,-1.3319780491682016
2.5120193080197115,1.4169568962453387,-0.2620016408950161,-2.2484204349590806,8.995987981639695,-0.19617263017745443,-3.2625117475916325,-2.246908266657205,1.2578259535535905,1.8811160810886127,-3.0264655355982866,-6.913262437755165,-6.50497469096431,-1.8424162174028096,2.281502274809575,5.795112611546654,-1.130550972929986,1.116200771938484,5.40624178628782,5.9644849383912035,-3.1082096188443016,0.01801884851971389
-3.015625506440146,2.051099331578029,-3.3490022547220826,6.4484485463696934,-7.020047318733006,-1.0435146608725652,7.093498732551797,-1.5950934791618614,-3.8762951252904387,4.780402957399153,3.4948664719028337,-1.318750286992044,3.136887849186445,-6.7685090200815665,-4.884903121355115,4.208318853018251,6.01858748102027,0.9238033851328246,6.1944068196507125,-5.429093407297106,3.9245606920667484,-1.4489552331101763
3.3640642285085525,1.6556658125414911,-5.6724166023649465,1.697375642093144,5.081979113473622,5.2735007980548065,1.3947906226222224,1.4498787703245364,-0.1901657110393556,5.932428967078279,7.018497717621007,-1.8940553864388223,1.066987630110716,-12.66196425710506,-0.3262002809955986,-7.9804735327928995,-4.942632594909113,1.6148513643499671,1.9882885227573037,-7.9274056519141425,0.817750194166788,-4.244082045837084
-0.7529708657865806,1.1604949589356517,1.0326085867923758,-1.7541734372091216,0.8242377750037093,-8.140907427142562,11.60583435017404,5.924183356917108,3.3576135218960266,4.044397619069632,-0.21583301018113435,-0.5989238640413491,7.44910884225725,-3.8052316471007948,-0.3342663634768123,1.330656508906386,-6.386686929298778,1.1403392996999984,-3.643274692047828,0.9452292414629289,-2.645818354801431,3.915436800884437
-4.332494824598402,-7.448139285716853,-1.529887980007491,4.540409108996405,-1.0331439351328024,7.354405719034603,-4.450648116107003,2.090008504794698,0.3529121787958082,-1.3970940585658285,4.184996806672268,3.1642012366309533,0.7813090932446856,1.1227600188507412,6.553824876274129,-3.8441975667731842,2.6948699032313335,4.010047622955569,-3.727477038043568,1.0672359598741528,1.18948474561706,5.830683109405478
0.2436291394628007,3.3395808142826455,-1.3576143581897688,1.2418593671290543,-4.494605420019636,2.911140463378987,3.7982065635508593,-1.4795694043197676,7.606720522481174,7.2418733776603865,1.901757198115164,11.221278031110812,1.810075746428091,5.761146050910959,-1.0302379863330628,1.2941754792497457,0.6960192668102346,-0.42886694751151866,3.2912101616800014,6.240663623895454,6.08484122975128,0.5760848311264057
-5.105944574633768,-1.1978336101431992,-9.430486138290956,1.3220324858896664,1.622172303838062,-2.6880635736274683,1.091526288851099,-8.191668736699247,-6.949225303846112,-5.528839842159597,0.49337989046816744,6.384189857311984,-4.052075092212815,2.730471781570931,6.53302889135496,-0.037115317492690154,7.182040420467357,0.9555781994723909,-6.8496659097788735,-0.35613748341232365,-1.8687895527140115,0.8123046870361079
-0.8567339109924677,-7.390428054072292,1.4120094128743061,3.2938640110646165,-6.529086053357396,-1.0146922759595585,-4.732838532946202,-0.9575932256688517,0.6334597309731089,-5.4007122707210735,6.721883869813563,3.222612253313133,-3.3286945266747625,-0.015454682353682686,4.79083107997999,-2.5463380432817884,1.477258072206313,-3.8675122965373365,-1.2883464742162498,1.497028569335146,0.7057282881370419,7.438093937948329
0.152944658559049,1.4236995501946077,0.581035236303622,-0.597014563099849,-8.601671280050786,6.26480627619659,0.5509098579884716,-6.321534996175967,1.8470818520780015,3.107049987923595,0.3354861030599857,-7.193302475442108,-0.1257401946354474,1.1447035430110533,2.042640779427784,-5.7599627531790345,0.953435252774382,-2.5794922934769304,4.213158964861447,1.4988574102206929,2.302439182497637,1.7233071378011005
-5.2175399757267,-3.9067817955026105,4.44239385160559,1.0834418621566737,-3.549170565809936,-1.2336388493143995,2.184907155273888,1.8867621915680102,5.344325438871491,0.7523766871085971,-8.69789545338083,5.497064722030715,4.802426712986965,10.240755990184669,6.531414982055077,2.9467715938878896,2.458126436148064,0.782538885207984,4.651283073856586,9.250253808282814,-4.312200230111479,-2.8601158837953857
6.420222056555224,2.0134465762961833,5.0464604780638185,-1.7848364037559254,-1.3459393345989812,1.6482984181768463,9.546396609799055,3.3241100264347496,-1.1396123953339088,0.20326642610278647,-4.037024696439808,-5.262862638409371,0.6261272289541215,1.0725834751872145,0.19201800890770043,-7.910127917191761,-0.16874930855631357,-2.4555086444988046,8.090011095306153,5.590046381689385,2.5845931308443295,-7.150605458045068
-5.011261793926991,-6.41093819198677,-0.1317951331253188,-9.099643979127407,-1.4288579488327953,1.3701791683706295,0.3945096743237772,2.0352482617394787,-1.8516907136809597,-9.336648237457442,2.6900318924785624,0.6748849250348833,4.657790283927665,6.009183254522963,-3.2541272876225804,-8.14767473294146,-1.0361349420004897,-6.386321047622339,-5.89804954740788,7.1368429872992,4.680312634694584,-7.453167922547487
8.159565385863907,6.348275976740642,-1.4901319812176457,1.5266041852758523,1.4453567276611046,-3.9984135547038164,-1.1487161130644064,4.573132386327274,-1.9253436482927435,1.7954446377238487,5.206265674533762,2.79447891755719,-4.195022194402565,4.467284446040382,1.6749655363865186,-10.029454890058505,-0.24240345744489,2.2149324560007266,-6.707001394269859,-2.864073709933606,9.871539602477567,-8.27725640881501
1.717447564731865,-0.3854575497511394,1.933496308359961,8.306564739728511,-7.665296456783598,0.11983083437565559,6.941699859925369,-0.26028250154336113,1.7684764045865518,-3.941321319764068,-1.3344133245215362,0.3525768805118546,-4.564933034641365,-7.593706083670741,-7.294980529589108,-7.416115189499149,-10.944715462906489,-5.488629769272383,-0.7551380597195271,0.8876622604162195,-6.907694212844484,-0.45603116910336194
6.405931077558994,-2.9484707631479705,1.4314875707871624,1.8824292521219743,1.9101661896077677,-4.494623130239248,-0.33707955102626724,1.403849709680404,-1.3045362610389937,0.6339345645097356,2.1506418513959997,-7.256416797997563,3.0254463341488447,-5.12140355286718,0.02760505860408564,0.24660774455479972,6.332174131524537,-1.0337166931664725,-10.413017846010021,9.730162462654745,2.9155852995460196,1.4434078789110867
-5.181208830030211,5.960786618689248,-9.939861455126115,2.478559136989502,6.84692775202231,3.628708740060686,6.827842447555624,0.25309439467098804,4.8635024670827836,-2.4062014990054137,2.9642726690425025,-0.4893692435231933,-6.0108218514723974,1.50067686056131,1.9575654938851779,-1.5961049915244192,0.09817924423415329,-0.15613215068674613,-1.8532612936146022,-3.2905176547901367,-0.5978280479360351,-0.7669763290021151
9.887394814695535,6.913210784827779,-1.9754428536753852,9.204149858704794,4.348919881846092,4.4215133169988015,0.08264955078619252,0.4035372708582902,-10.554142742331848,-4.491139843821668,-2.8765347240008023,1.4772946022472344,-4.036606967162663,-0.6990482451640302,-2.1246284810174343,3.7113218203412197,0.12662066190045682,6.279453078251442,-7.326103793926312,2.8197550885798677,7.100512847914718,1.0284041420362815
0.12470304529555556,-2.8618879142154126,4.418616217138171,-3.9363308204778438,-7.674621420876681,7.827702842091615,1.5564061317368219,0.7206857983399819,2.8024183361917125,10.37192565640015,-3.389011731248913,-4.074262219898848,8.889321237587524,2.0932253817274864,0.8299213607472535,1.0053896629773864,1.326567454116542,-7.950602024843693,5.751827017663493,-2.71761654762369,-6.459411283376211,2.1140753009123414
3.480420095450669,-4.088752984630467,0.97154555977087,-6.370371626786047,-1.2107784160593595,-3.6427836494482064,1.6979048295630381,-3.7906766316689096,2.2712610062636855,1.7294636358371231,1.268833581095308,10.946566402201015,-8.511685749126649,-3.621859112096953,3.9543947642690243,5.962416455677114,0.9665442864624831,2.0232379022592575,1.961081411100196,6.408951529051972,3.7585152502873793,-4.191616710199911
1.6195393297903633,-3.7899924520104475,-3.2924724807224393,-3.6377247448957495,6.428060444834655,3.4832065472631015,-9.614794306728768,-0.548694251857068,-6.654835675731857,6.869505554110995,-4.684042763419795,2.582810266903739,2.1049660087524447,-7.663516021821024,8.111496873748509,5.857520137907149,3.5112617367613557,-2.4587637017921984,5.8168020112703696,0.26936146405453343,2.753532667932276,2.340036344572339
7.814075581997247,7.1877092800120055,-11.076347576516405,-6.758105292619968,5.632864706779381,8.984453949092947,1.3990829116534882,5.522676808958914,-0.18419457681870643,-8.641163417294973,-4.924834398296246,-4.6324120406200695,-1.172708870156125,-6.638906995039513,-1.87569765689768,0.590445101141486,-4.259197819319777,1.9005557173425043,9.641541825488508,-4.546992922025124,6.035342819645774,1.1015256313141273
