script/wind250m.json
{"header": {"parameterCategory": 2, "parameterNumber": 2, "lo1": 3.000054539987559, "la1": 64.9999836372058, "dx": 0.5, "dy": 0.25, "nx": 34, "ny": 52, "refTime": "2026-07-12T21:00:00.000Z"}, "data":
[rows 0 to 23 of 52, columns 0 to 33 of 34]
6.945077588888664,6.6347835612658015,6.438338107753525,6.654475444947547,6.32896742659918,6.840752526191101,6.666263175824265,5.827203776580952,6.464734515869727,6.384540535085224,6.487626420406599,6.159609212689189,5.357805494798299,4.941220054975507,4.737114473022836,3.6903807556247905,3.46374939007408,2.635211658371033,2.0896548577764484,1.3080909685368105,5.3372011486018005,3.7691375369492905,4.517143842910874,2.074635783939261,3.460886423799962,1.0517035887571322,2.842820352348663,3.014686768132514,4.640648904917115,4.415572285425285,3.1594100740341817,3.980248732230044,1.8880877008054768,2.8281200208383064
6.804359134181078,6.567386095290621,6.81427297404601,5.99344870042595,6.057553859713269,6.5108259412586795,6.028643808640682,5.839667442708328,6.115490528835426,6.01576832975985,5.889701734524718,5.045033929509797,4.90235518131064,4.67880585450964,3.825207536007173,3.3513862724118737,3.021057476183412,3.477070866255946,1.8005946710122813,5.459838102277326,1.6249638549088883,5.248343549920902,3.905279978903606,5.766903532989384,4.755585476593409,2.8966287553274244,2.8638078057605703,2.7043836051819232,3.0790628031953124,4.108794703894947,4.146956341074845,1.9410110832872276,1.60241260046569,0.947383820266131
6.785628596150148,6.666315819781098,6.020115256549062,6.547364377461405,5.875143643780254,6.491102122919775,5.503765843701447,5.731137714992586,5.769957074092571,4.707263820303847,4.506886845620073,4.597723109580758,4.088565131559282,3.400995396508256,3.097238546162052,2.653091864283155,3.541168211649449,2.6279309067385683,3.098755448335327,4.517807639930149,4.578685514581966,4.796371363241164,4.306829052049375,5.235017593704096,5.335028359577118,3.836612374808594,1.9036375559516006,3.1857459395457703,2.1954559600792636,2.6244566913820537,3.23997675660744,2.450891344699039,1.4476797172603668,0.5111601503811367
7.014904853920607,7.015032457498557,6.729349385667921,6.273267475423024,5.678501387778487,5.887222305714167,5.431706959781139,5.477301710225063,4.811515079059092,4.579829524970242,4.195048135750894,3.5279192286935817,3.148229127168113,2.642059241201997,1.8965147149973909,2.2039611853214294,2.8286437444897907,1.3635989531855564,2.7483545420111866,1.1447794405042484,3.008226467230165,5.370052695471969,5.126718306482006,5.874817902100033,7.2816414560206715,6.181200686744067,2.9113823264661436,2.1034569089037585,2.107388698936578,2.4750785611259447,2.795238891800567,2.5336627039926327,0.7233563049220573,0.1708406171216715
6.488036015756759,6.674139947486966,5.719261755687723,6.037841765529974,5.551056566615707,5.250558831014659,5.040975957358201,4.302119760088605,3.875019024982066,3.729719271997245,3.1896863418336703,2.948208545503285,2.263788257141057,1.6143016219330093,0.8754540353578557,0.9308960408658108,3.7017934295561172,-0.746348105797757,2.7245278238165476,7.2854557214732205,3.9801049407483995,8.453672705456718,4.933390847516734,3.2563714881753354,5.493145147566427,5.910630503349883,5.481625031586477,5.143313958994084,1.0486676903677619,1.729994018102446,1.906329828802399,1.8960938560822256,-0.10094306257640848,-0.04307113982024515
5.830582814157514,5.7687260123087585,5.4576485703025,4.941760832345791,4.6452320654867485,4.9391130913565995,3.832136681302743,3.5849292375352966,2.897395662713066,2.4937712836432837,2.084269987751109,1.2328522086169371,0.9348171548092081,0.7951501363195246,1.238772672936851,3.197695847043289,2.420433727550966,-0.8241752194434195,3.413382403999482,2.1961681366162056,1.8974710134136517,6.299732849442685,3.171580447658071,5.546115043906568,4.410283215902599,4.402593835513725,4.993616844674151,5.859589118117064,4.4135151065675755,1.4623852690554582,1.085066773715992,1.3577886808574235,0.8188245082748554,0.6746973190007475
5.027267623157742,4.46770141826341,4.28446353937683,3.7826355148675614,3.9805478087332204,3.498278626897462,3.0475550111383716,2.2312055509900053,1.718590572678722,1.032086938155614,0.6376791229710027,-0.054692600115474076,-0.89728043280065,3.168568119278478,2.745664712419238,2.489044841699135,2.7919260120602964,2.255908324465627,4.873615203233109,5.601290416960541,4.740346590729189,4.469315123107474,4.810022834861252,4.077169756292205,5.062357894779159,4.582509942337158,5.337172025200922,5.6561403511195705,5.8070685183867505,0.5714586916477657,1.1512496297670372,0.3985464875278355,-0.056462201366283354,1.2569098870767481
4.123524241121845,3.657126144014388,3.085652725287753,2.8684398757410183,2.8717881112699852,1.9806743135763212,1.9432864300198165,0.6540681276731313,0.11049462567288669,0.03500963425547059,-0.4146088294654231,0.5186555520069746,-0.04303184216536257,3.4351991356384746,0.24592452308108945,0.31923213182720866,0.8493398135573488,2.333962090016254,4.61057953313832,4.488905999296608,5.6282123570395965,3.9949976939116274,5.472918805720721,4.6270355948487785,4.067534219742026,3.3812263566129546,4.44697929452667,4.493768354010192,5.273181603101724,1.1892488458765713,0.9032360114920804,1.3254537837785745,0.3421431933074044,0.7905437387582831
2.9691166637009663,2.486483347216971,2.085594611064728,1.8555101727587222,1.2442712619584393,1.0488841597995546,-0.19234795972932603,-0.8863781484545303,-1.9517289291265432,-0.9653796578580366,1.0875461074949384,0.6926090649751904,2.0572430824211896,2.0864722773662523,-0.48145600684154305,0.884801744201956,1.8678155415927495,2.9634755118141856,0.9439904136063839,3.972890262988581,4.3067809930186645,2.816210278162982,4.2118024448781455,5.129222145202931,3.624351149132428,3.5355361048110137,3.944175834820246,4.238764168764523,3.826226855405393,4.622773847395716,0.5888302822174972,0.09516901734750771,1.562862020303534,-0.9013935756112025
1.7243280797634855,1.5416760758069525,0.6033651211493513,0.4331718809415464,0.04557846548742279,-1.2839199132730135,-2.076369377496676,-2.244851325147766,0.09689665674817177,-2.6863215900871813,-2.22236154975856,0.3922879547511236,3.177309031473725,1.3536546929430209,-0.5763545731427441,0.8875649281623028,1.6489474853718769,2.385744746420764,3.0243885220157622,3.1517316215958218,1.259358893731854,1.9698449192314131,2.1880017044523976,3.718076890835176,4.750725500710933,3.858575293508927,3.8392855803034935,3.348254831583417,3.111259247810442,0.09129003935994214,1.220207656131846,0.2692733792977096,0.9074821285114995,-1.5679643851930825
1.0470382549430857,0.2348143310540325,-0.3507134270225481,-1.0846204364518897,-2.2175619404218385,-2.9731573416038555,-3.776331609597406,-0.6512485668448416,-0.6823584761162601,0.3843137706272804,0.8676729109731388,0.3783868243328836,-0.00643730272930824,3.8194522508483337,3.7592811723262662,2.3642637004996443,0.37965888548016835,1.808992163891386,1.9794781188668327,1.470194748780824,0.7958410047625507,0.4969807887193126,0.5507723584472439,2.7385484620545624,3.4886923848467153,2.9328598926111655,3.349145252852105,2.4942576369306995,3.6351492315698675,0.5613340903366583,0.28146201697313966,1.2884245431202817,-1.0968223564307005,-3.1163814719591674
-0.37150745377349564,-0.7516794011848328,-1.547057981553219,-2.962138173258338,-4.2191230040306165,-4.050345694468512,-2.811476617455824,1.204170748907505,1.9184435071988504,0.254480990345631,1.2146032746359312,2.1419507612059077,0.2428633471690763,0.6412335130003227,2.6146648992073964,-0.789823014323507,0.8305523057555024,0.2514147278859325,-0.5822041743317887,0.09328812582222036,-0.18267627417779775,0.31323252450701605,1.268558914596443,1.1503700233683132,2.8840184839496126,3.2725796433842245,1.704141156396123,1.6727386876372559,2.221543424041231,2.3170467534852346,0.3110957712565358,2.3187629484846,-1.4556895145929523,-4.183455836394955
-0.7927916900047315,-1.5455242963378104,-2.6795826736763027,-4.094961274794271,-5.072010837338275,-1.5609310476700706,-0.3351533945599728,-2.053214494119108,-1.0952173752417604,1.3329945290801526,-0.23012215238658007,2.0342575497716444,2.8554196374419565,-0.9150790138549546,-0.5909617649041006,-0.6215263006587902,-0.3786274096594384,-0.30466223119232155,-0.5364942563385293,-1.7582925374141576,-2.2953395475331693,-1.4387341313193054,-0.05844348256078112,-0.01707045470596213,1.1352288029052688,2.702202175295594,1.4795854062922826,0.9529188859829951,1.2512009000831683,1.1415888564960583,1.7983403942447451,0.25527959545390655,-2.6352102905231742,-4.351454847173173
-0.9628858011671526,-1.868185308224924,-2.951812657795984,-4.393917181921828,-6.6684053212853645,-4.680285898057562,-4.9483244421586265,-0.5315584821973101,0.07448013797791142,-2.966664638142256,-0.2241670790277477,-0.9286974044175913,-2.1131859460317104,2.1788806785269395,-1.9031081937112655,-0.8550974626222078,-1.5994349673833106,-2.944667495005792,-2.423945058843255,-1.2673236411027224,-2.2834085561740265,-3.0917699757639143,-2.347877080117267,-0.488740959023895,0.046560458720752304,1.0587327374653972,1.8653541007925296,1.8545894005787333,0.6478923243519521,1.7468425939613557,1.8938565456908256,-0.6145382331652759,-3.05086823048474,-5.128885633872207
-0.977063122064949,-1.5731072152919432,-2.2514715601563835,-2.6678797424821323,-2.4421659052832125,-4.645970851217635,-5.141164482809397,-0.3214399091077686,-0.8394793801378893,-2.4647369080502135,-0.4322035926494668,-1.9083357180353495,-1.6216929733146337,-2.9523185986783287,-3.2762122978856896,-5.626988920640864,-1.5508601265349629,-3.5998348445058244,-1.8583807440321085,-2.212468846368097,-3.8107961585702106,-3.5826924273269576,-2.9911770158686974,-3.033362144477704,-0.5592250339535227,0.40201381777730255,0.5542251062750891,0.6477326171280574,0.251367583169369,1.4964047696214016,0.696037111981936,-1.563110975741581,-3.418191378076246,-5.076533416582885
-0.6832503691968606,-0.7791927830397684,-1.1217368081224464,-1.8754081402066765,-1.7868014579898592,-3.4189049711524335,-2.29443052252045,-0.1290411738746991,-0.6036552958004056,-1.3501955995669146,-4.361007818698443,-2.99910919513753,-4.156807051566923,-4.22445083043913,-3.9641568581117834,-7.901691012538326,-4.288351129293382,-5.0752234045467794,-3.196124289366915,-3.2103809592426504,-4.365555908519931,-3.689044186993352,-1.9788464890581436,-3.1820066798715176,-1.8679066273455887,0.32155402466859595,-0.40935982390626396,0.9852345988179062,0.21311618554301126,0.47145273769918034,-0.1781876690955865,-2.431278631482581,-3.6007082537456663,-3.381792360358356
-0.029503860058391406,0.030636552474395527,-0.04373252613314798,-1.0578293627101834,-1.0859667276602933,-2.026952487161295,-2.503553935682026,-1.0224996963016177,0.6830194404758998,0.054660475383169135,-0.910252752285735,-2.6131506425657016,-4.45534844224917,-4.706831493685895,-3.273268230484862,-0.8157798328891103,-6.6042485904208315,-4.099380206200136,-3.4705652636918565,-4.440985373676878,-4.938446153708063,-4.7012675601497556,-4.354884317945739,-1.8632968977363598,-2.4778667841262503,-2.091158357663804,-1.3544925511333223,-0.9544683417843457,0.2869138383368764,-0.7309566987721056,-1.3889915053048991,-3.3214563783542816,-3.2879032654788936,-3.6869794360732375
0.6770224499886246,0.7763869395388722,1.1702709095727823,0.4136663491326455,-0.20128062449604878,-3.9383135358658126,-2.1477832098575123,-3.687005365636322,-4.079436835710051,-3.439008786299302,-1.7252647839855713,-4.898271163599176,-4.992405506759554,-4.540710658947829,-5.192447326013504,-5.882992724140223,-5.166280694335709,-4.519879063306799,-4.451556046231705,-6.256374579918265,-4.54905392662713,-4.397164382996365,-5.825364497871198,-4.207608579580463,-2.2589445952774825,-2.1511920397428415,-2.2364848780002773,0.018102668019882265,-1.091446830432026,-2.0881169877231924,-3.384480521260387,-3.6888566048034064,-2.3354370678777268,-3.144921861044053
1.3408310747199041,1.391951763422977,1.7713705071236108,1.4335470912144033,0.30985362155097795,-0.03492679453873517,-2.409829677930869,-0.3642088910945902,0.012305598781668321,-5.091121301384685,-4.93858616017399,-3.7346887062302176,-4.74472343604201,-4.457907407158931,-1.7545646519319096,-5.856137823238074,-4.753727156308123,-4.278051448487604,-5.542376320012081,-6.179927035487601,-5.950103352553464,-6.467219095480135,-5.339612761285365,-4.53598536851649,-3.0211617031974902,-2.9814367060692035,-0.10749807161510586,-2.345630549645598,-1.077861609933533,-3.9429535611885433,-4.097444066112753,-3.3307013553868052,-2.9834236822449927,-3.0001897251413574
1.6953004378591376,1.8575583093243546,2.1949793000046385,2.1004218929800107,-0.21641910930207803,-1.3752831903787333,0.36707137700733417,-2.65250479853088,-1.989227829926883,-4.449562467553508,-4.060143017101891,-3.514879614690126,-1.5107745488603572,-3.8537631181949528,-3.2611454082769566,-5.361049907792671,-4.050698569814017,-4.45093096342768,-5.82153166245361,-6.831108806320093,-4.8171314998465435,-6.6960375943627675,-6.512844576136483,-4.650690164748767,-3.0157360977936496,-3.04283826035344,-2.991668742942749,-3.384645671774382,-2.1850829682199024,-4.602656810926943,-4.808949935987598,-2.9573356686980743,-3.6974043586315015,-2.0697383298547822
1.5185802578587149,1.9789728396749509,2.6451373174881807,2.848760474933692,-0.1839933644715143,0.6249231148078631,-1.0988448255957923,0.49948772820164944,-4.532537981396079,-3.1505920624072075,-2.8603525640852783,-2.9189548152719396,-3.386557271204263,-3.2931616175793272,-3.532763568836326,-5.192039530779215,-4.190308405190369,-2.7563406932904595,-6.175539306856217,-6.423783085802131,-5.632440023455415,-4.365936546630354,-6.233459879963211,-4.235729701872999,-1.9547962469162041,-3.6984751524144976,-3.208721534359215,-4.8668132019151535,-3.644852337311153,-2.082532130701258,-4.5353146481720445,-2.0227390412768345,-2.881349294611793,-3.290003700916695
1.2539645253397107,1.9923350374405808,2.7440777941429357,3.0008172007132536,0.5480650000523658,-1.0190596711482016,-0.5128011963122021,-3.7842535424979142,-5.496390935834053,-5.957641356660789,-2.494398740330018,-3.1808502012600246,-0.2634324167196101,-3.6357728043516544,-3.3457160930578804,-2.4820569881878853,-4.979803834497409,-3.4248369663779723,-6.163738481833633,-6.699357191536145,-3.8792149195887653,-5.657696587208191,-4.556628449691879,-3.160749698302475,-4.023890059418901,-4.442802548950779,-3.188948547669227,-3.6732568620503665,-2.5669636528144664,-2.5071358631266327,-2.465968774868121,-1.5371382225151011,-0.45836924953968394,-1.8514071818391282
1.1548825837150496,1.8934454191595738,2.7132008752651435,2.9868702898596986,1.8189090998509434,-0.11298469947351679,-2.7493029292225293,0.30310174705414067,-4.469557464762252,-7.522849898849457,-6.793856181353652,-5.476710546287964,-4.643528606712662,-4.813436092388565,-4.883347444639947,-4.952419287639459,-3.9421815616626166,-5.7931521417916665,-6.250373576434538,-5.430264838034757,-4.0272839762595,-1.8863869862427676,-4.93055231733757,-6.059599117646858,-4.300944858181647,-3.0914229250919094,-3.966643613945156,-2.735483324785901,-1.6124744741393107,-1.6568667338261174,-1.027970771508135,-1.519518780579622,0.6337679648290662,-3.393184392046116
1.0945411444196347,1.751990956688655,2.4322263125742976,2.792461695636443,2.1817316928580253,1.0189679393372246,-0.9122999089900631,-0.2788372936398435,-3.91508625884629,-4.412940339514071,-2.393539450496983,-2.3859421892143047,-1.305695914227667,-2.145981672986827,-5.261238027892462,-5.471205979183858,-4.294348214791686,-5.177052851240998,-4.311232527407385,-3.0791981585587958,-4.329108201031881,-5.4642103214931375,-7.349563106403754,-5.643121866537981,-3.2707933906790685,-3.514412787863366,-5.438762826567476,-3.168729604097311,-1.6799493183821006,-0.6414766106484922,-0.6371686468324733,0.20345568070227812,0.3921470314795181,-2.194569825183138
