script/wind10m.json
{"header": {"parameterCategory": 2, "parameterNumber": 3, "lo1": 3.000054539987559, "la1": 64.9999836372058, "dx": 0.5, "dy": 0.25, "nx": 34, "ny": 52, "refTime": "2024-12-29T22:00:00.000Z"}, "data":
[rows 25 to 49 of 52, columns 0 to 33 of 34]
-6.219758203018792,-6.57509882681484,-7.337502657861071,-5.709979219581713,-5.139076698348122,-4.92527218475794,-2.126124111450062,0.14559166179231134,1.283268161387464,1.6734020225871251,1.3903785327689733,1.491831225453994,1.0475521114432138,3.0059280742042933,4.507943138326886,6.529801848262116,4.947527448830439,2.2642931647485436,1.9775987658659822,2.3586507928427127,7.193713945300132,8.151418777833173,3.4463306968648557,3.326412937085657,3.359339677816444,3.6799282472282946,3.752014738918006,3.757677168564845,4.67771516913124,6.657757500530818,11.756645331690795,11.896610580192096,12.075554865749334,11.505171528431024
-6.649297418742804,-2.825480244229225,-2.1180293243867174,-2.2207645623209666,-5.185804974430769,-6.999074535246517,0.3696202931351039,0.2505272527961563,0.8315662937439439,0.934351728939992,0.6367612731023379,0.6035295292994021,2.2496622901066607,5.552669535232072,6.071902020874803,5.681288717107412,6.356746913323768,2.13151149514078,2.2240466389245146,6.281440588084267,4.929286337256799,4.1793532136272304,3.679651711710164,4.670262562000018,6.349507115886123,4.452817531895006,4.388292404080901,4.773553204611815,5.9888346950827,10.12340606220562,11.807507702802573,12.332083722672676,11.764442027832441,10.345682466729178
-1.725488761703562,-1.9436886405509122,-1.3293460092510176,-1.0210141524117693,-1.7342710504701286,-0.8047185877244746,-1.2465595004690109,-0.9020384893119134,0.03918245443275812,0.7626649395750572,1.2190117446703883,5.0412242576521145,7.2214595952671,5.495325160725715,6.06532784780014,6.250748626030465,6.250241673892456,3.3343971599986033,2.5868371219473487,3.1072779593758066,5.900266372137204,3.7736636689200447,3.486938791132628,6.722972902698981,3.3936595006920567,3.782004686635455,3.255588093491148,3.0535333568050573,5.8792901195217695,9.819774503695538,11.006793326751607,11.965515186404108,11.359579092871439,9.851566728386116
2.166661407315834,-0.3545328564686401,1.9196024606822508,2.2922643710799417,1.3925937647270434,0.6599128447273851,-0.13232436468747155,0.8376346059665526,2.8419287842379823,2.197059056426809,5.303915412074931,6.986412954216896,6.2978479624336,5.112608630515887,5.552228396386352,6.879283519896583,6.694684627162223,6.369270059688383,3.431091889376371,3.355238027824002,3.850550998202847,4.361941861122218,3.0416000091322544,3.423583411725235,2.9280726356877786,2.6581911419716757,2.8566583521978206,3.390147897406286,6.996058355306182,9.77721449727989,10.996066336534067,11.28405413773584,8.42806541370537,8.43471614577188
2.571915304058454,1.9626192767108146,1.8886392978812936,2.2297154730584783,2.5633649559720135,2.415611580842575,2.883959367167696,2.967280050130193,3.633696446604556,5.073082673127297,7.120744952148958,6.965929067382337,6.827449385952466,7.161505358388694,8.305343517970215,8.04756672826838,6.435304580286112,7.385667737080694,5.530420336536224,4.137481564415306,3.6706757520356517,3.5252812572457977,3.0569300192297715,2.8468366878853435,2.7508886380468875,2.6354978474496993,2.860198609628761,2.9061393096444172,6.896713268794824,8.958105322612399,9.982224144507802,5.765547089220203,6.4786137511492,8.591937530260294
4.878714116411989,4.163213051924359,4.296008631514735,4.644632588269698,4.390011419802181,4.234338546659738,3.1272720544178116,2.8596063714988307,3.8445097562047286,5.686833261441979,6.472339189818706,6.451062926526675,6.993595503443368,8.064821666768381,5.3867951773239495,4.405111701513514,5.931641216562903,8.386937512309144,4.66362988648737,4.037659083245992,3.2849318858934033,2.7749807479341726,2.7937963048857113,2.8089991568551946,2.805854474535479,2.6565475146394526,3.033949231366995,2.9873791049464744,7.112589148840976,7.686017689117632,10.327049459928988,4.099022058192721,6.932194721915247,9.089051677868401
5.983579005874912,5.416659695759903,5.312402324766998,5.726996005622314,4.948298185519086,3.5470325341140154,3.436649174220865,3.524213262201605,4.986447991100092,6.034948325127759,6.113159732075381,7.006096624630497,7.286157106558387,6.727939550629494,3.5804977730142844,3.3089027734590775,3.7887416869324944,8.546104505675528,9.85332072896333,3.7809853764274974,2.780974530030621,2.9431545442532494,2.698131868405727,2.5935605676940896,2.7497720326420745,2.551643333527587,2.1973455256309014,4.033206872585653,2.487110811694611,8.688053897059861,10.161052143340772,4.3497940136418745,8.371027520972774,9.606682602059882
6.811406679233699,6.336417954647441,6.031984891454684,4.851083353016917,3.8061740851695927,3.7827991811309163,3.975771488230404,4.646456911330998,4.748810989864123,4.7665979946670864,5.488907411880826,3.164446439173475,6.070197380397021,4.997373379656342,3.3321529902197278,4.317726044135089,6.041834347545652,8.305771866185255,8.86347860454238,4.446057450363108,3.2105743118335264,2.3181976818074026,3.0832542075387517,2.174159123325237,2.4583770951644186,2.126417915120766,2.5372215214886533,3.625487441555617,6.2603978219705585,9.361177018431178,9.269028586902593,8.137422660307115,8.733086608299752,8.768586740432385
7.158195421438794,7.081980807452296,6.762850845571016,5.207450129117962,4.615572520321397,4.757233221353479,5.169642637852649,4.9456858098890875,4.64173063113703,4.922742824341407,6.237387958070067,6.336663331647137,5.069090881909949,4.477919902586747,3.8667747076985073,4.699395366768921,6.048981478591435,6.308334268295415,9.878717969147026,9.161275928193794,3.587844472907319,2.506491901720907,2.398819450129556,2.2486172870234475,2.005614804566393,2.0178917440180895,2.13706780903342,5.001552443991512,7.507919844288819,8.989816462822576,8.500051681555641,7.990374731714948,7.654189196862131,7.764671892727392
7.97065793600743,7.4651944112076105,6.2130795976803395,5.549242990265951,6.700229957690416,5.997680703340669,6.602460282678217,5.842130893637188,5.602722722257573,6.3600179966585335,7.506307528218872,5.364299141181422,3.606225365651616,3.42957663155468,3.1478271122258783,3.6043331461568586,4.014761960197923,8.108066989913432,9.653674047654388,9.234075151507131,5.435536786091018,1.5743514095365672,1.7771653251384927,1.8011753207062533,2.122599820415623,2.3003811885147862,1.830261184991452,4.354258316493773,7.907133168163831,8.807387349231977,8.057023878690211,7.385179259177644,7.053120713156235,6.069284376585386
7.791542868340254,6.335494402167808,4.907257685896344,5.774764904854267,5.854729301545118,6.750901894805696,6.680811781022337,5.751014247633607,6.260980934293771,6.595775792054599,7.054605887419745,3.712810793908313,4.201522643067021,3.5342033115265736,2.9357905339695782,3.5952651949259176,7.36802645583025,9.575730892962515,9.361771228924427,6.5636859609160565,3.308677726866389,2.181132511971499,1.4564293601311935,1.877476526208483,2.2232239048727185,2.4117464409963114,2.2484063382366,5.981040234563489,7.627723470556998,8.094762418576954,7.616710570337868,7.1787816259685675,6.098159455735236,5.8870569901444
6.149817139628108,5.168809249308082,5.419201072593612,5.567241806188639,5.842825676319504,6.474954932776838,5.657248579538824,6.060692351661542,6.153111784233062,5.623430651066272,5.647652092857696,4.368168865536709,2.8930874415072814,2.2574166524803068,3.177249570742493,4.901961416809962,8.507609448226017,8.778485720691803,4.384230810082269,2.896967142169492,3.2121003604519376,2.217249690154155,1.8936884099747409,3.146743987389986,6.6110207615573024,7.082044501512703,7.541170112780288,7.094694516510028,7.5128190196569475,6.582009384337979,6.595830859904414,6.170596826268761,6.2349804497391705,6.047201260034214
4.590113774779199,5.1314201947612705,4.969938436798704,5.865918040475717,6.446519679385386,5.683258832636077,5.80914765564911,5.69056621584538,5.3799607270577425,4.975274859371705,4.789596349716209,3.4529800374899366,2.8910809247509923,2.304238360968233,3.46125548939454,6.5114223834222535,7.019010501571983,5.780468967043075,4.662518487335402,3.2071689324703905,5.778750877221612,3.6777087414728156,2.0934665512439885,4.83915907194383,6.303712038817949,6.727954198978294,6.113129365961384,6.159366782471978,5.377425873781434,5.3251198370050075,5.9127862930863895,5.934908746386895,6.2957411212334975,5.676471572967739
3.982418180417626,4.029340424769256,5.87758602552759,6.108502250778704,5.57587911415367,5.606709904872155,5.532920304403142,5.234161897137703,4.718690872004326,4.435471960391111,4.794778518553562,4.054126575795855,4.222261925101589,3.190318037565818,4.340699883957328,6.173614159188459,7.223348323659914,4.478521485678798,3.809577900487175,5.691720643998341,4.580445659126466,2.78348912157803,3.11500286479304,5.663184922910497,6.190185009446458,5.294165875635852,5.3125731131475735,5.534836332433864,5.943210980708677,5.858671905891623,6.4338323349418785,6.3491303096871885,6.231110732007244,4.70197021088885
3.9205728314027413,5.503253799770261,5.933939672804097,5.787027452795697,5.5419682342250995,5.167842204253309,4.620535491892831,4.186707526457855,4.168211067410387,4.717469903532512,5.255418170082192,5.850655229175587,4.139746105462161,3.8409464239680537,4.582093087192402,5.029487958281533,6.689396069669457,4.329486713905087,3.8393278085620204,6.189756665305842,5.855872653402118,5.091196359698575,5.989843673966192,6.606738556924167,5.23177489659001,5.328426951535776,6.539980866015686,6.030521685363768,6.640014648182392,5.5677822402837736,5.857592336119071,5.801149461748558,5.397097623433369,5.072559769662471
4.806358334778296,6.042701242040332,6.076315644320818,6.08558291531261,5.830576896616462,4.934976754078939,5.205134485289785,5.132114684916966,5.427826870617557,5.762097141122957,6.3812549029548284,5.518557894756531,4.063880841299621,3.778665967480549,4.693357262956656,5.24489325526609,7.26571322602801,6.069245868605569,3.872330547309256,4.3773520348867265,6.93407233874803,6.408097683254901,6.808902896110886,5.314204303324844,3.6910343763123286,6.239617031295486,6.409644931376016,6.912046649593593,6.458250049740529,6.878049324103437,6.597739311234972,5.523726717998253,4.742921883903813,4.980958871652991
6.9369589594525,6.312747022615119,6.329956163497127,6.414778014570848,5.747940160612154,5.413374810459203,5.45692990516314,6.073189778416454,6.4776327927605095,5.583350164527468,5.356528880609492,5.015152205732766,3.44073823245125,4.468379630924739,5.611836377440739,8.000592715073205,7.177739379875474,4.976355559759449,4.283096881809597,7.219138587857669,7.29177435347604,6.968185653952378,6.624566650128377,5.8934209474310695,5.871697014649229,6.3214833824902215,7.287748667339862,7.329547822410781,7.86615454091566,4.253273865219825,3.27768234648244,3.289409588045418,4.7362344891002,5.788785329850939
7.464154622660403,6.227290793781858,6.390903719067788,6.233307565757099,6.035017369931166,5.940886146474561,6.076670726276659,6.3386828044659795,5.775812856924428,5.995761882023889,4.818748010515823,5.610716406055979,5.044383179138029,4.1746871924269024,6.86522049159652,7.460512621578951,6.6200829443354055,6.554142319665108,8.679377159937287,8.617408878114993,5.807648807899262,3.6330214919490182,5.975020722725844,6.543871452921924,7.216778781584372,7.685299028040914,7.8558514666332755,4.730260961455777,3.1916705758056314,3.934678809295401,2.3166003945956133,1.2016977130225166,5.448910022855678,7.188190409348389
6.269620711316755,6.42398267065727,5.890284672557445,5.9529586087181805,6.260783864108716,5.950257913725037,6.254725012204123,7.051926026974382,6.369883634787436,5.559394639618399,6.602768117599084,6.604281435292455,5.245317329888838,4.766911932442666,4.9581459546206235,4.659475642651974,4.12815090750762,7.387078226587789,7.39248656998038,3.4582216816362554,2.589711633356961,5.329618113596228,6.665943872390676,7.3769343609071,8.086717289817967,8.485965398109458,5.594136051706295,3.880002894546507,1.902675910438684,1.4424121556780802,2.0277081695879704,1.9458963798326645,3.963531770522032,3.5029702259178577
6.21741593408783,6.053443133855847,6.29868236878138,5.918184312180743,5.920747563235175,6.385882210274053,7.772008412433106,7.117113268429308,5.165422721126353,7.331403385844862,7.4440064673001665,7.679128233203758,5.43740776793339,4.846029833910382,3.8326347927899413,4.003467140261949,5.565980298843544,5.335549541762286,4.0360335488806065,3.273647681329848,3.0652217914579722,3.4374307738067382,4.859702282794382,7.345250869883631,3.2811492392967234,4.65738477849979,3.4976564485391903,2.114273420425028,1.9850337052286258,1.8426074244187047,1.6327177020274475,2.188018759354886,4.0044503992709695,3.8891313679185253
5.584608418111148,6.04688019268543,5.440504527608857,5.571366468323898,6.4472973917305865,6.555497430655942,7.340635073235954,5.964111401745175,6.282460884522873,5.815675210004747,6.632506199575248,7.912875558899937,4.914954782168593,5.202561958808048,3.628919371564987,4.32691798017198,4.193745360598186,4.230190827734196,3.7048881221961696,3.003132622272429,3.3228959851361486,3.1139736120907546,3.983284762561433,7.500248525935593,2.6289606036077116,3.0202212210092454,3.2812597874857707,1.849824772574178,1.6192424428434795,1.8518950111474535,1.8370959614891789,1.785749366539128,2.3748063649813593,1.8197545460081233
5.9529928147484386,6.098328970131576,6.515179194866527,5.828069366434079,5.438833950077814,6.657938330077127,5.596889747349937,5.304991363138981,5.50906016464264,3.7983964744881207,4.752068365837821,5.3756252075993345,3.2425074730530046,3.3966794234755406,3.318670653813524,3.088117538272652,2.91024694091483,2.8925735671217354,3.6374598164644767,2.4253652920495203,3.254920698330196,4.400001382216858,3.0414908699301253,2.4242573439672874,2.8786903035887046,2.817653176702904,1.992378773393399,1.4485857009595104,2.281388162847285,2.3268118627508954,2.079516220756977,1.7776389006155586,1.586300963128165,1.1932843558162463
5.807657895540058,6.952266015574394,5.238477448318897,5.408546239837076,5.922534465597506,5.573656844713699,4.061150111310295,3.949618303058245,4.202077133597782,4.241689678106421,3.339152637510865,4.662031582909184,4.567180635555317,4.090332513911433,2.9654418317843456,2.305130470497803,1.73305218977161,2.4086235982161033,3.0669494268853694,2.3130276762302504,2.699234602979536,2.283176588643898,3.4029702225110117,2.8002286810233588,3.6592550268293906,2.1248871555558826,1.5682583588789734,2.1419361167366673,1.792998232475951,1.9797367103097074,1.1817317736251989,1.8257511974645804,1.4842463890142796,1.0369733693740748
6.098189426904956,5.556924499604251,4.797268482317322,5.543716245972856,5.359252941514938,4.435690670243899,4.189698408622975,3.549673873848167,3.921754829574197,4.614303411230361,4.2392090976961,4.032734436821039,3.62997946046444,3.870174751652903,2.2194428031906703,2.3033205810015445,2.341212900261136,2.064006247757276,2.6379458092785897,2.257751743710618,2.4700072558046315,1.7307446911543098,3.6501766856385465,2.7892822967065047,2.6695806656551526,1.8953523096862048,1.3076318111318732,1.3683527989446498,1.6085951739566569,2.1447105374051585,1.0048741791741016,1.6105169109518995,1.316274359181846,0.8284247005993903
4.510822400752413,3.5329046444120555,4.396737383624541,5.305940704269196,3.3546903600535356,7.299222826383332,4.219161291972669,4.037866289309299,4.443425497147138,4.201440177671327,3.785428851302557,3.6431905278085184,4.580507982515676,2.287320575507096,2.0665496568177293,2.241095455815604,1.7211286316982477,2.355090289306873,2.790114222566478,2.488736558362052,3.4672361646356724,1.8177852393813083,1.9085710956765956,2.6822391755079735,2.2163208561607464,1.9883880086778138,0.9545309652014132,1.1298449126339623,1.8529652416784375,1.8134157660667294,0.8720947552999753,1.254710100457955,0.550644518356545,0.7815927963260645
