script/wind150m.json
{"header": {"parameterCategory": 2, "parameterNumber": 3, "lo1": 6.000198445256149, "la1": 58.999992894266676, "dx": 0.5, "dy": 0.25, "nx": 22, "ny": 24, "refTime": "2024-04-26T04:00:00.000Z"}, "data":
[rows 0 to 23 of 24, columns 0 to 21 of 22]
8.393019916306105,3.884770329380265,-1.6077346048094694,9.215957734273381,10.31979263365334,2.2293763496884846,10.85341186663657,3.2158261957157763,3.6936626172941502,0.8248691086657179,1.5679853513916053,1.8585593200488542,1.6428918843782532,-4.0576436673922816,-3.0149363648415792,3.207838924729496,-0.3223179383660934,2.6366195023331147,2.1093343665216193,1.4148493027409035,4.47251037460678,-1.4838320492057178
4.634428823118454,2.9257546248160815,2.5359654325726115,-0.11126231433666513,4.180762033592711,8.857004315183161,1.6642507783236276,8.66611828898366,10.761975911685282,7.144523822670627,7.9457746744879865,4.137897000526235,1.9650084380474455,-1.3473606297397327,-0.7361909153402572,4.641102575214223,5.698502599982398,1.64775175926723,7.4576984658898935,0.30995380389896865,9.679734929033149,3.041129489824446
-3.066562981414453,4.8494425333811515,7.436387024033489,2.4026816203641186,2.8387254378099747,6.069838427846399,-2.677943576215277,-2.5874515179103863,-3.5344911017508145,2.5375234845023065,2.66467951811572,4.051515870752598,1.7561195552242082,4.741379117871433,8.962771767330066,2.013778248776348,3.7974943206135547,2.8699576605566155,-1.7473117532144604,-3.0308212195983235,1.0975350153941739,3.8873753445399806
3.0023650269886537,7.490634701552359,3.6706225992235573,0.12829483904289662,2.516353653889809,8.534754346039842,4.751238257623012,3.789405835986128,3.4886503239842725,9.251741777185838,6.803466152400565,4.879386873498431,5.1350966491278145,8.258296559148654,2.529674792983725,3.3509483059892573,8.866378265288342,2.638137027771037,3.3392027931095107,4.497276186930655,4.03885974148418,4.615168538246478
2.188730329637481,9.124656128294012,-3.3442143696220055,8.488993072908727,7.417985837459221,3.764920018031567,2.9752637388929486,3.3726352124572374,-0.9155922442548451,1.373962846195428,4.318723827733268,0.7841671980101126,9.025449664878856,5.582977757673059,-2.6190099593588103,7.3843422088279835,4.789739451554914,2.985741499870966,3.7793125332592994,1.832587122800805,3.0200848628366352,7.948176457984106
2.385356109406177,3.796101522110782,5.4365730960299254,8.798530283232871,3.0111450726498235,4.436907693548662,1.6053244193291472,5.54856827208474,1.8918038377146011,5.215762100544966,4.765801286188443,4.097678214322515,4.298048393090903,1.8151919562715007,3.005387373975676,3.7278132716098513,3.074726440291153,3.3155940609751666,8.281482551392394,1.7446521489753068,8.962215610578003,0.3836996334100041
9.349244111942191,4.5291006978928605,2.8755831322951746,8.980588605951077,4.5118327082747225,2.536014674977606,1.6372415218406506,3.825120143533174,-3.9156205238698756,-1.108278953922702,9.656622907613919,4.400180678319756,2.340639222812141,0.9381738168841592,-0.2745421424316967,2.2151787567971137,1.8278114525319062,6.21163127847464,6.57894908962259,2.2286781816643493,9.119826489089345,3.7914697292597572
0.5368428037658655,-0.3504835901124728,4.006604963509831,7.9520394321753,6.330683371908564,3.085279661341303,5.352441303289989,0.0847215662178316,2.0257990194156816,2.677934386223834,-1.414444889339133,4.075249916716249,8.663473185753775,0.5238303716815834,2.734523326871061,2.3990256980996563,5.857430618510057,2.9204408893414002,4.852201810900223,9.094092243129172,9.701084380468204,-3.6191076410622776
6.313507636229774,8.685342501505684,1.1983299901309432,5.638251498928023,3.1844200470284854,1.1025017592848987,2.6340924926990703,-1.4205851212938156,2.024295628287406,3.946261670090283,8.54018704128063,-0.822314079197827,1.5839076143252824,3.670373452444199,4.068480577710121,3.5678171588963172,4.49179856798039,3.0899447859384894,2.646975344445007,4.443537839490173,5.192816562854176,5.102972475321204
-3.958604980666608,10.036814257998325,4.533090443231413,4.179396676407726,4.901247583514898,-1.34313364018603,2.223024725469075,-0.43916690221046806,0.22534932531846505,4.45917993083141,5.445608322743973,3.0803423226977236,2.1845460540174826,4.1621419362784104,9.91450914425598,7.087539190990988,4.700876507064013,0.8047952500058647,1.034387825906056,-0.1549715258354439,1.7489264759689467,2.7813103673731474
5.939931493651122,0.43984457111828423,3.1766950357376795,2.674999075019162,-3.234545097788017,3.5323953235657584,5.917537183150467,4.034020695801844,-3.940264957550226,5.5757725921245225,2.09059127767837,2.9841190454556887,5.7234028538803825,3.3152289568192974,1.3816516757835033,2.4287927393418927,9.31396747062227,1.773017631493364,4.8702625863501,-6.046275968073463,0.39857593486035947,3.577255235988298
8.728385143877723,4.513221377136628,8.448511681358058,3.9062645731099694,6.298540116532482,2.7623809669846113,5.519031082035837,0.18359146081106292,7.117839064785553,0.34583387268161825,-1.5205269891945314,-2.956750667781031,1.4304044756116068,8.674466220040634,4.66670078587699,-1.5053918535574533,2.552604531256503,0.7792041128563595,-3.5647880660130205,-0.33215882499334987,-4.3191542226604485,9.550043425408836
1.6776720275498207,6.288077995329724,2.133799829359248,-0.007133789125300103,3.6218824856624168,1.765668199286686,0.08205726945624851,4.753906104197805,0.271755308580952,3.7294044757123075,0.6039773239369751,6.204325946424751,3.7766905745310937,5.299298063429917,1.7704855880316697,1.429413628666825,0.34489059926196763,2.2168777553491776,3.2938860236542373,3.0176124555488824,5.961865711984781,2.012457412979766
2.6631567627368224,-6.313851148816822,1.8419145226242486,4.993735666090809,1.0016493223088858,8.567536813752014,3.9273043579667353,2.1253966533250055,3.2066982590221738,3.3581620173711313,1.7331900110775473,0.5287172829955494,8.443101693304133,2.501771166821616,4.621479797926064,4.6699853552426065,-0.4523548041197327,-1.5276961762028787,2.3870111646465144,3.09956866201358,3.156799989670916,-0.4520270458451854
1.7938683737021248,-3.7272513986890057,3.762858544291866,-1.8590594882021785,-0.3255826402803948,4.2997909112094215,4.450679091045553,2.754714805155168,6.28797210021229,-1.7904398004388726,-5.4351883266045045,3.233576508342238,3.8041744739720893,2.2195226291810095,3.5525022765976364,0.03573753313705516,4.10947974368849,4.699807223702443,-0.09700271163782609,-0.06966742324179429,2.028414965535673,6.905147597533061
4.921354410624695,3.814462448009506,3.6093994796577187,-1.8303695436456733,3.5851021490635677,3.4800672429514776,-3.440331758720804,1.0292315860257604,4.306472234746409,6.407871151897373,9.717322577679994,4.2361137608691735,5.199015800971913,-1.1148744201921146,3.1642736939828064,4.724598305567933,8.367040590357128,3.2628446654058303,2.815993694378706,1.466014340517625,6.24621446840132,1.3607642776405773
5.5240136889835,3.422425139528489,8.971499943969485,0.16635962337815238,-1.5468160731723828,4.735023217995244,5.652499273233039,2.250416656619753,11.19527848536784,-0.42089839035638005,-3.423684637790083,2.829612215330558,4.5140248864760775,5.168850246113444,4.487557492626508,-2.1252488570040957,5.181489898693875,4.072667380572092,8.646157307010345,3.1177244371308235,-3.818248414105905,8.431943760712185
8.004055482442217,0.9056333579026051,-0.29586252990087686,7.5396689809938096,4.958486453212005,0.7794871460612379,4.329338156019515,4.232516461485977,2.1721023022171635,2.622786218619732,2.651985800443856,3.046826527772829,0.19050815066509472,-0.8514453463618035,8.426880293843073,1.8819741152749556,2.3750898746297087,2.7914124594062275,0.45620639255609463,8.464160423284936,0.771300666468919,1.9470728344865642
7.288326800827436,9.479734924599336,2.987883932340292,2.926211600775457,8.234164235316957,9.531547860756255,0.8137753353519949,2.153449727310329,-5.75437847704351,5.97547956612445,3.863817486099493,9.679538916252051,-1.1775986515670427,2.4986715713547705,8.102696063499979,-0.3351426991190656,1.637862600047759,3.6683981559074317,3.631595049498321,5.953960123899989,7.633696787110685,3.553218975683958
4.392231982855826,4.802064338934459,3.650382933054909,7.8599596448992095,3.4948682355050336,3.971663866708562,5.304262565560239,8.035239326325748,2.0634030279115576,4.511602993527897,2.625597854009998,4.460001009639493,-2.0055927910790325,3.9710503325601834,-2.056891820876729,0.869914889558667,2.5438606980511675,0.6921967493304342,5.193586397543116,9.793645445923422,8.599019849990455,4.004918461550014
6.737545896111542,0.556335904687229,4.450770146223447,5.107088961481757,0.6824114184745316,4.774939967782415,7.439790967502126,0.8530058111285634,3.5912567855266557,3.071771088523017,3.6688056881230517,-3.5416833269984718,1.4748841222436633,4.7415603135968185,10.332970838968935,2.1649357080550935,-2.3515706244644905,0.01740277792884777,8.598163709708086,3.159415933213501,6.084450643441043,9.19593591366651
3.144150773714848,2.1449388529179783,8.7554221877205,-3.910516192374341,-1.0525872849031956,2.9395131176528064,2.9146540028564956,1.6755772616084899,4.827203444072892,-0.42036947449970097,5.41853879157208,3.5838890359609654,-2.137985064184809,-0.023041698070867863,0.7196127216326234,1.9665168798488966,2.601832077365976,1.7332047002514133,7.194498263875595,2.875507785350476,0.13532364269224928,5.268408307565067
4.493957016501808,-0.8370551525569304,-0.5996682424091216,1.9683767922821214,-3.521456732543909,2.94086648921298,-2.1485871711275206,-2.307147468197628,-0.2027502003082809,-0.9092761368534034,-0.31470950637835843,2.9723301093779053,3.6731604170390812,0.5702386962284001,3.389586039832335,9.144150629480135,3.9566291773636446,3.9330247920929073,1.1161995701784029,3.7636608448697455,1.4166482634054163,3.6395968293784056
9.172251894193128,5.5096441315925,-1.162712143649544,3.6898037453889057,-5.961264101565521,-1.4417794432295497,5.207247972884539,1.7772757265655583,3.49702146736139,0.4519733743764147,4.694966710264627,2.237780166083457,4.313228930317168,-0.05716959361112471,2.3663886556717144,4.254178329708162,2.5617893072029454,5.163835071438493,9.729554433219125,6.530367126190017,1.5224783456325857,3.8951745096844816
