script/wind10m.json
{"header": {"parameterCategory": 2, "parameterNumber": 2, "lo1": 3.000054539987559, "la1": 64.9999836372058, "dx": 0.5, "dy": 0.25, "nx": 34, "ny": 52, "refTime": "2025-02-13T20:00:00.000Z"}, "data":
[rows 0 to 23 of 52, columns 0 to 33 of 34]
-6.369523932711587,-6.055957876934031,-5.505078989141739,-5.827380391029596,-5.128570115548527,-6.745562956092122,-5.584996621692915,-3.8340226158250696,-5.233178029601072,-0.2641412543338506,-4.323731354490788,-2.9905659870438264,-1.7827827292128902,0.6602746793844735,3.0050883150787904,-1.5093725449230349,0.6585576455234756,-0.22540567361029576,-0.3644770818424504,-1.8921186649303336,-1.6113435328851313,0.5296926521004839,0.7084492265771842,-3.3272119364872657,2.2129471090812696,1.5313836078726588,0.34304866817691043,0.4178729821858024,1.2888377951749934,-0.1435414052437936,1.0895429640331467,0.9096516053814342,-0.34496666167113693,1.4294715212650488
-5.620420914616278,-4.020910067010249,-6.346173746534931,-6.910393812141276,-4.634228727339314,-4.018275951947602,-2.2886147147737796,-1.5105173763761344,-2.1841345322123455,-2.0955847356703305,-1.2398091296525273,-0.7193188644773476,0.3244954462802959,-0.4026542723191216,-1.1492493629373741,-1.5273173243900893,-0.4287753669160199,-1.609979811308793,-1.7322153176563044,1.0815155841947386,-1.3689943316826385,0.2908087271178366,-0.9109174196445066,1.7271007111941528,1.452840316185409,1.2862322611462398,1.118158338426502,0.6435171903466936,-0.6039513533804315,1.8762505575436927,1.2375029658354266,1.3369750918476144,0.7510740832399984,0.2703924338295485
-4.305471750511375,-4.644939588497821,-2.9848947387748366,-4.38399735347214,-2.744810326671056,-3.352762380927259,-2.064487745403023,-1.6706054899367733,-1.9374836076718414,-2.2963605087604075,-1.9686174157135894,-1.6610222109431225,-1.6939167553741359,-2.333793782247028,-2.953847028721071,-0.97406899516698,-0.2332932862407791,-2.1690299824568715,-0.58553079900554,-1.2432122458296078,0.08816923540415032,0.3907500335479207,0.30639956617605685,1.3710813793063605,-0.30641519104789383,0.7130326581553009,-0.7510232436294247,2.12360155014228,1.2263017167287147,-0.011747833384888561,1.4002982053463537,0.5904370945975861,1.7127226830207203,1.2079737363509726
-4.39683307550103,-5.425314744996767,-3.609271174279277,-3.7156049621887237,-3.8953318853797936,-3.2179571008045174,-3.181618280032422,-3.498519182732633,-3.480743154968001,-3.2528603866996613,-3.297618654528904,-3.720581356758602,-3.3129810472181314,-3.041483927049362,-1.7387694823669118,-1.1753580167394322,0.1495612768712763,-1.8768883588553507,-2.3790521622643888,-0.5048571261409092,-1.3231581842039266,1.1731961695066528,-3.34526814515153,1.4225754000854012,-0.6516541054838996,0.11554387270738356,1.6034956896978974,-0.31918568569506245,-0.6504270076176134,0.4514922334859969,0.7963784476963984,1.0655532119698123,1.206609678352596,0.825747277550951
-5.241522529788551,-5.184307585081245,-4.380070887145519,-4.3693910613816085,-4.661724598368524,-4.791674634960314,-4.993302573663436,-4.784987515967637,-4.712272056277798,-4.762454982134806,-4.919408299940805,-4.825657767333608,-3.8517543697398096,-3.345904424367684,-1.1649086514642213,-2.4719815723567176,0.5466547805266234,-1.396863982803832,-0.2867343597367454,1.529569741880647,-2.2346223561110365,2.384006503591793,-0.5621482590786252,-0.8033372844924072,0.13656322521833847,-1.041184971930657,-0.26067717340649393,0.9192590393728155,0.12303818733253478,1.0530676670941908,1.2507717913694731,-0.07584645245488003,1.1878484788752066,1.2105853890957678
-6.409089869800181,-6.255862332280693,-5.737929359686477,-5.829495464706191,-6.270648888653414,-6.476845940381005,-6.672254708987188,-6.175081042035719,-6.08971258022828,-6.224361662019245,-6.025043608501812,-4.51697919186237,-4.7882868232819,-2.4886253899740622,-0.7390342538689385,-0.04977262311480853,0.0657985113242122,-0.8980980663743338,-1.2902968160386985,-1.3358097276922456,0.7729028955286488,0.03286315793191365,1.5582954329679097,1.0502359029536794,0.4146220814179013,0.6456818215550016,0.9951768920179052,1.7609315940031782,-0.2913236233906336,0.24880353155338972,0.12753054525132354,-0.6331181619521521,0.6991035654339975,0.6016362585792258
-7.249384072355627,-7.06133638139602,-7.201931227697156,-7.5143516244041955,-7.699616951104915,-7.554572415541317,-7.555362798509359,-7.407003062519842,-7.059395380120163,-6.68645720199647,-5.5581609587511736,-2.0527616293073825,-2.202844159049999,-1.4021365763851827,0.1243593041432513,-3.4354616875020056,0.830923801718369,-1.3511958525742775,1.5002260378721743,-0.4769926893351193,1.3277953866666825,0.851346407262154,-0.5700103383208908,-0.8181925876852262,-0.0605791317884109,-0.04502796263052796,1.4338911440915523,-0.09174563658544352,0.7780038521728065,0.5756753767190316,1.9994517970185253,0.42496464142016976,0.2727111798374996,1.2025160720487107
-8.46398091406101,-8.741052475294744,-8.571159479182711,-8.34294361564151,-8.267728547256915,-8.087118671110977,-8.061354380120312,-8.038562022227204,-7.743920544708237,-6.105830013195283,-5.285636892573713,0.9743058041763412,1.1723035059933533,-1.1813264232546081,0.11310687340390292,-0.20550417339560229,-0.4937384387067475,-0.9708811824495795,2.6505981358632837,1.149327658949478,0.8539948012059833,1.0154278697654864,0.7744748009178521,-0.1811601708190965,0.15257424227077693,0.36500287314656704,0.35016809508850544,0.8292122577764909,1.5202113357354292,1.1758443202589646,0.6414799668266885,-0.5705178306880961,0.638474937278457,-0.4544929862869416
-9.229964271188495,-9.16540988908455,-9.002053106720423,-8.715315166351942,-8.557259909206183,-8.608604800657591,-8.883125909853215,-8.446363274953459,-7.715920343182354,-0.9122725401113448,-0.5876599590288093,-2.22339251051432,-2.8715453191457123,-2.3427299076939985,-0.2978473795069899,-0.5994610313015492,-1.276883976306555,2.1900410772906924,-0.5457157511962053,-1.011647238172302,2.914127125809019,1.633377675069794,0.8180384470885633,-0.5553994218980862,0.47658550737523747,0.3213910980373273,0.8788171021225976,1.3407268598320734,0.7689024103647945,1.5878731947273623,0.3324058601194459,0.9029821172103479,0.17932335084391188,-1.9806973493999889
-9.456451833893164,-9.332911512128476,-9.392469497435439,-8.834675918725743,-8.526282173482924,-8.431324131173595,-8.170172042710258,-6.097326466866029,-2.133757898966566,-1.7415692017592108,-0.27178614003226687,-0.23898619136717206,-0.38589884317043194,2.2235462552210663,-1.6871483689820197,0.13882655184769793,1.4727154185917761,-0.5909635160900395,-0.05269724943826788,0.5424026373492618,3.90372725788015,0.8696814645458607,0.6389250464575118,0.2117520811668532,0.6380633234665632,0.41460409485817984,0.763542171325385,0.24827799066243844,0.7611962925311974,1.4192774358196938,1.4570789769582813,1.1278400274723221,-0.8725735550265631,-1.863164755893781
-9.222938145348138,-8.75164697123192,-8.595015662837156,-8.854906466613524,-8.025587781526747,-5.964877964538517,-2.043676401375224,-0.12910357745833406,-1.4620363633417477,0.690606107405312,0.4341918423102779,-0.8170194971548334,2.0426148621048648,3.067033630949174,4.709643254221689,-1.556669022861266,1.0042770169817232,0.5378530474430965,0.007763809071140047,1.302501288446768,1.4375645920603821,0.04054823301767251,1.3624399134879674,0.933032812116924,-0.919313260958173,0.7629683973824871,1.4695249249108353,-0.006210190231309422,1.2082389801651214,0.3074731430194328,0.9758374558529811,-0.10488809915785051,-1.2188775924582527,-2.1551538539582555
-8.440401605575687,-8.703024305242822,-8.05893628084992,-6.296669213120334,-3.00529731071522,-1.2018422526990034,-0.98340844481982,-1.2636675102214903,-1.0743885109275606,-2.2626368201332703,0.09717778621675693,0.6068858758069269,-2.6837601912755433,1.980913474660019,1.7373366299247253,-0.058217282033284454,-1.9578921015479505,1.510274749710165,-1.6636099219788034,-0.6272690486785194,1.3270899999774672,0.6065322190249871,1.240457626351285,1.7724881607870233,0.7017248207451419,0.43578432232005787,0.912738167422093,0.4718506707119137,0.5686157265627122,0.9957722927386181,-0.07666281361197837,-1.0671859781931163,-1.1004670495197948,-2.008437717918459
-7.788636230473387,-6.372987041301104,-3.054254226761103,-0.4096487613695302,-0.043643322569847515,-0.27181375565341304,1.9700302041542161,1.8578737755457957,0.18710176729741398,3.557405887587318,1.588180108545792,0.39741203675419084,0.40567569249107455,0.9356772579738636,-1.3384625955855587,1.4997745209092024,-0.21950594741514334,0.21415690526649694,0.9925506601679771,0.0813903070017607,-0.7554374535873172,1.3517661090484152,0.7387711997833024,0.8496747952202823,0.49078138722394316,0.9325066028743031,-0.7246316332660739,0.20697734076478685,0.9940109433256368,0.741664680961399,-0.6376198375082552,-1.0670895364225907,-1.8352697417860409,-2.2578289858966825
-6.076647795744838,-3.0872716283736454,-1.3741101505404236,-1.7203919956947873,-0.5764224570789824,-0.8707753464803945,2.0636590128029235,-1.2009640208098253,0.8855560617417634,-0.11165902533225285,-3.360643345711664,2.020428173546867,0.8434989699564585,0.25528187333575053,0.2741031498406222,-0.12882466065505718,2.242557737134775,0.27903965638510964,0.012925714642215536,1.725690072332196,-0.23675507573294974,0.40936902847127576,2.4453778292986397,1.7308397341881405,1.367002680023177,1.0127765535015298,1.8300569948932255,1.149971353457122,1.457750594829039,-0.8285902227530058,-1.6048534414069693,-1.6341145263965204,-2.279446731167551,-2.743571234648864
-3.8906675491634033,-4.337846096915475,-3.389914009540294,-2.1794703224244425,-1.4507073956786525,-0.760051530775424,-1.5172307643415885,3.4760783742278334,-1.7041678126216673,0.313944646893694,0.9673940284220025,-2.1706454252348153,3.025915266711831,0.9981756712173631,-1.0691423303050611,0.4551063505921787,2.0316450381463067,1.719378491053563,0.09144256658192439,-1.4305835939825515,2.1721020666700763,0.05030284461431058,-0.7899137309449681,1.576758424002095,0.5215899625566716,0.4595427571252134,0.43540134572421996,1.5850606173599544,0.8179948796730477,0.046939837615043174,-2.034136765434363,-2.1850542382827047,-1.972486817543773,-3.0005491228488985
-4.644109719202339,-2.256976262547367,-2.222047428613494,-2.636530502115975,-1.9473336409564515,-0.8379890152115249,0.9418728918171438,1.5381156670243337,-0.25410160153016764,1.3893903253114201,0.46745911395894874,2.236360269697676,-0.9179825833071994,3.525522492172115,0.796110564279597,-0.022971789821518193,4.2726254299588735,-0.7000907424638808,0.13852272637687546,1.3694138901899473,0.7500629955491138,1.5106977232612637,0.519119300921131,1.964924179380305,-0.9476075878935519,0.6631808451151345,1.6906363208276258,1.6810125799354538,1.107842567183229,1.7391814073250569,-2.2441028652649253,-2.6918816450481553,-2.255062203269742,-3.090339936819462
-2.265868754606644,-1.9817975549882827,-2.685968745697215,-2.8070025559309504,-2.335249203982249,-2.0598013610377346,-0.02150154461228713,0.7613946580124842,0.8540478871472901,-1.382123936982522,2.129483054706633,2.8871976832266086,2.3078480526407934,0.9900310442296909,0.7239198304562451,-0.027417737693822275,-1.3042961172480945,-0.7213265243096695,0.796085702504566,-0.40949850179137515,1.7160145978376973,1.8558204050611602,-1.133567153248483,1.153117668774771,1.0611232203399585,-0.12895594232472138,1.2550565325590362,1.2438183607840956,0.8096333227717223,2.6034562741914846,-1.6527993794550813,-2.0426722837628755,-2.4768462209342568,-2.6499055451293425
-1.543404545046263,-1.9744775140076758,-1.4120593101086245,-3.7160879207721793,-2.046766337555494,0.5466276152037878,-0.5540784726498565,-0.7063555965721234,2.9142308605920673,2.3183220111053164,2.258839137999752,1.3042469492816449,-0.4777687793293841,2.0997648907295487,0.9081123367730234,0.7134881020269288,-0.7009411721643608,0.4350021288011932,0.04818447748399889,-1.0678798057476002,-0.6664978882112804,1.7848430881260993,1.755188095469068,1.526593849886185,-0.9200566983943701,0.07784322391026931,0.9875323020954082,1.2167080438423266,1.306773896436096,1.8586805936093473,2.5539418784878545,-1.0835502904386447,-2.021608709365255,-2.284993965654124
-1.5013276467845629,-1.7027573312342563,-1.143442929796737,-0.30130346417072623,-2.392336890061069,-1.2218222798515406,2.329785195570168,-0.7307011317335256,-2.5118400861511905,1.084341688433905,1.5270311738135889,-0.0009171267408135237,0.835040327645171,-0.7637958337603453,1.82344819033942,-0.9114962249306787,0.7861631969429123,-0.2815889821368514,0.19890198080859284,0.818591285136055,1.0430080039852065,-1.1674299130950019,0.3966785590953414,0.304155051113209,-0.5019485097991154,1.2621029276409497,0.5613567259232048,1.3967165858009083,1.1708753249686779,1.3292134917626997,1.4356089085425667,-0.27370288223423406,-1.2748312354973412,-2.7318081010978186
-1.425685296629283,-2.422969859856918,-0.6792076361964285,0.23699221694798717,-1.542004989799317,-1.4625093435287753,1.1577732041661877,3.5775388689448606,1.4965809829090997,2.2591849939965254,0.0067198531601199716,0.8129549853868284,-1.1715698878838479,1.4679246489150497,0.909152519416637,-0.7604922348154128,0.7219305162108223,-0.056247293046269776,0.19662673475476233,0.8605202560630973,-0.36816884615909773,-0.13686038913074017,-1.0945949268599622,-0.16084780012137312,-0.6344016458410009,0.38928931334003036,1.301477491760985,0.758762619749176,0.7320723031950506,0.9322129473969237,1.0231395955162228,1.1532066415474436,2.8169221470095156,1.2671678733792298
0.6336561591783609,1.0102057107614368,1.4272553935586947,-1.3802728158865751,-2.7644995240392176,-1.8786072816553614,-1.4201141182234838,1.85278645152689,-1.3622479117054085,0.8687945213187598,-0.7172309385597343,0.6278511319420602,0.13847069688097904,-0.29402809477006897,1.1535141757602383,0.5781514695603103,-0.4250962974532437,0.15721924473090795,0.32966921900195284,0.9219533803530892,0.2285366813626338,0.14724530460593574,-0.7864689239552395,0.7138077112529784,-0.6551452199258002,0.05191717699294007,0.9620140348781078,0.38655041807681195,0.3296858613810302,1.5727980802512673,0.9977263958128098,1.1314340537146952,0.7525794970816547,-0.10505767985521543
1.3550403083885019,4.156856477955523,0.3483890568545016,-1.5713852638392736,-2.2164906446137445,-2.953867311379649,-1.4051002513633004,-0.7129152007532417,0.4383899415495329,0.5025732904404414,1.7514175357428656,1.849806855706975,0.745383336979576,1.1462198312457812,-0.2055741393180053,1.2311858219551814,-0.5245069077184529,-0.7394388023070586,0.49285074286111924,-0.4799485881403141,-0.8052039883872618,-0.09765635467722254,-0.9943515174983714,-0.16150383167059426,0.438291746541449,-0.4158683391456076,0.21911380147043855,0.19989238245393864,0.27818896954979655,0.6500089558178377,0.9710190768974671,0.9156667878853728,0.45915348421437896,-0.8372388234104922
3.6662474358462425,1.3773030183648856,0.11620769526826599,-0.22009537081079275,-1.543288617211641,-1.6495779065823168,-0.8480026911911062,-1.112629567638853,-1.1192207836559218,-4.532314474819946,-0.7888119518996846,-1.6283675292546849,-0.2684753973607609,-1.109056924562196,-1.0690823099575595,-2.9519639255725485,-1.4952527221309815,-1.373509187187336,-0.8518423648175492,-0.32917253723646417,-0.0021374842116666766,0.015159320986736556,-1.461743816708375,-1.477348455872663,0.22636911555509212,0.0967221599964638,-0.06953271646221877,-0.599991972468717,0.3163172686446819,0.27326708205930283,0.6888828484340738,0.5670384941401875,-1.8222585002127436,-2.272930271298074
1.8675523035411767,0.7412708095814102,-0.06895895832094913,-1.0632198560436832,-2.303596052512867,-2.4641957340972733,-1.4850264707865757,-3.9785692826988903,-4.154292095772513,-1.1855991127760623,1.3493964252456183,0.35746197170591054,0.7719305447471129,0.21128626248026855,-1.0809840343826695,-3.422479816827083,-0.8137540618487126,-1.7624116698938164,-0.2585117924033572,-0.8954518175498444,0.14549890137655777,-0.5866951778023649,-0.4042822194933109,-0.5059784427862195,-0.6955977136653388,-0.23358014073291694,-0.23731844135898894,0.197959362894697,0.5184013538910084,-0.020242590339264878,0.19611061566685534,0.3589713755077092,-3.33274826291633,-3.01251387288201
