script/wind350m.json
{"header": {"parameterCategory": 2, "parameterNumber": 3, "lo1": 3.000054539987559, "la1": 64.9999836372058, "dx": 0.5, "dy": 0.25, "nx": 34, "ny": 52, "refTime": "2025-11-28T07:00:00.000Z"}, "data":
[rows 0 to 24 of 52, columns 0 to 33 of 34]
18.257471003618814,19.774215496022652,13.671104737644113,18.63387854480788,18.43714098118473,16.880102100365477,16.539929411862435,16.02169887815053,14.327017815105084,15.157256446457325,14.53321284320505,14.310648394561515,14.480708950170731,12.008274460183843,13.18453542237872,13.128707612651597,14.799932983545819,15.160580787461036,14.86560173086613,15.870060673432638,10.11038875048575,9.473288392749522,8.88873477329066,9.04816815259997,9.14957763058823,7.6164974799169265,10.333915871902029,11.349186998441166,12.542833144414564,9.752704445227959,10.608833271866638,13.415231237555911,15.041561555379591,11.863280701070396
20.672752205288546,18.621404240056208,20.035225756287595,19.36034128931923,19.176651941644455,18.109920261819266,16.577890764224907,14.145727600016775,15.072333418981357,13.379025573944,16.915822186142336,13.41280526159295,12.485749911906998,12.448266680391653,12.668221021011801,11.851893265560822,12.001512252707254,13.059899069638732,12.85372885994594,10.958955058031409,10.195925665190193,8.760680306052809,8.74866394773926,6.211156339366954,3.830197283892143,6.665701133833473,9.223031261857571,6.128466707670094,13.140243390409616,11.237007907779578,10.633309945036437,13.241149585699606,14.08415926218003,16.01895657130659
17.316508758224607,19.68751272503955,21.28271741041567,20.212227162683032,19.20054053300301,17.95424725475536,17.21969692593873,16.455870840493183,16.444588522953744,11.52972377468693,13.534032700633091,18.412822327105502,15.83005791719144,15.465622946474024,16.448141814202366,16.7274580808056,14.156905301969804,13.155372848704658,10.963884661491532,10.860641846666583,9.300733084930593,8.145852286893858,7.905693398074206,4.565429476677993,3.5530864228848857,7.587519530251741,8.618601677658466,11.851138369341795,10.87827509830292,10.23223398925784,12.777084598108985,11.947020485429892,12.982736527544816,16.009175485271204
20.71864518970754,21.140067985816476,20.674914910639036,20.190985400984093,19.41944499836354,18.64885896269993,18.206494529365834,17.74058576597634,16.915455427098166,16.9737690258321,15.439316855021177,16.151328246859862,14.04212904678943,14.887638017289001,15.928176413896924,14.800865676969543,10.941769926819006,14.266469648545396,11.347501585006952,8.988181700049536,8.184074271041942,7.918087473923357,4.848376036804835,5.491558224064235,3.7578372776332123,8.609464443881654,7.3270224193811675,10.487434240103424,9.442925320139217,10.00404833602099,7.6451623613863005,12.05567689817188,13.244189485175136,13.810679034885288
21.830798516132443,21.531824503778143,21.39981935700351,20.791809967301713,20.430652888958107,19.484969558031096,18.471557248816673,17.099219687161597,17.116719680785046,15.59234632280893,17.95111240595005,16.526572441430798,14.901956045300624,13.737643925807594,13.873209356003962,12.404850131636431,12.628825127958402,11.237689179043663,10.875432079976358,9.0316256267077,8.683434909197269,6.766629335343818,4.395040830724443,4.604032037480617,4.890472102730341,8.128861878054188,8.289874304011507,8.640372889195957,9.074897652874586,10.233702448365044,8.703103109823237,10.621157416481267,12.784549222152222,12.703572129582348
21.776366445080622,21.71852018053164,20.518855752305704,21.123396768356876,20.300098235539934,19.30349683482618,18.438905839524008,18.12939840384178,20.95182100309795,18.309958464134848,16.649016421999622,15.15154636427495,12.768140751610447,11.215940713680864,10.70208090138077,9.765464245455783,10.291606534693425,13.516081684768084,12.157484929136823,9.799259200948235,8.37766307747533,6.333308286111637,4.346310150884001,6.21158407621171,6.432740682089376,6.85630190558115,7.382256114867691,7.8590445448737904,8.510222832263274,8.48857136035906,8.730064548988548,8.928881612819353,10.184777264083756,12.184022289900819
21.858304826128578,21.215776026379988,21.525750900781265,21.146829577171193,20.119857622854166,19.667080874138097,19.73910225596965,19.12176038693338,16.519748818604572,15.60315977007845,15.749389091259692,15.050858602333735,9.270129086007751,10.734964558621499,6.60790969188595,9.959177974424119,12.019542540318632,13.804851554155569,11.985501409012256,11.36958610687897,11.010749992791212,5.516843614904001,6.0507000884981,5.3399196624330925,5.697882074557036,8.476314844177523,6.344737053467136,7.793070768639624,8.186942313470471,7.5600823664034715,6.2088915898781,7.421200250363362,10.227810108106933,13.007937184082103
22.434904837091214,21.821209581685128,21.687700030154133,21.35022785881403,20.214045067769174,20.617726743814398,19.721944526967963,19.53492848080106,17.76359965249425,16.50231245977638,13.234632812678772,11.031881365989006,11.970819105858281,8.009479455721664,8.771853696513865,11.092954459709272,6.995532312141172,13.088556518689073,13.517927375363346,13.624517060702864,8.868212730592772,8.44672749872074,2.035385519829664,5.1085187313236755,8.482341280681446,10.199821355564495,7.105745865352897,5.912467323768936,5.5005561217249985,5.720090014810719,5.772023011192606,7.459988712339987,11.40576157425464,15.202597444136355
22.42183929399617,22.18378594249701,21.424542655461213,21.41240289235615,20.887026082393483,20.298269606774657,21.311476544588714,17.71737680036218,17.67985012116099,14.399104908539869,10.898337790099792,7.500808167305624,11.874087490494905,14.055469824225494,14.495040088207574,10.893558562838747,10.347672702948836,14.875976168853851,11.23734527488372,11.809852955704088,9.91716962596332,9.410118730201964,7.687399897761,8.874396343439638,9.781972109941215,7.224675634337931,8.325699615010347,6.0761107896746545,7.292726127161129,5.251797636621202,5.31603036907354,8.880020613329728,13.42137449884918,15.78232053756717
23.225767838386528,22.541188885833986,21.565526590278914,21.64468175262073,21.032899588883225,21.18920258830642,18.70484307441426,14.451424592416764,15.052560993894163,11.724776921324649,3.96213597653115,8.06559691770903,16.648679704217958,11.590723830289415,12.502455023460746,16.510699919718338,16.38265217494485,14.36003540302557,12.699087206537008,8.893392307402719,11.547456408201228,9.078409443571056,6.895920938756923,9.618834020920906,9.398216126986098,8.312025682668944,8.717347974561289,7.043332952644042,6.162650056315295,6.493571571882743,7.5501464275630825,11.578426774387426,13.569208369490644,15.652278231491653
23.40523428060962,22.780091105825107,22.71898932286938,22.156310934597766,24.172427120733897,20.989809218567018,13.999331952153348,13.063083856808383,16.524643234387174,18.698978297939657,19.707827503912394,13.13896338646472,16.82884487990164,17.60289162346687,16.025713608691724,12.537982593020777,15.684928070184638,14.722671386230417,12.541527038002293,12.857139796683574,10.047985076881307,8.467018570703782,8.264347400978679,8.421277955641228,7.634749350377668,8.869571692821106,5.933398493870656,6.093882779447572,6.136291258027364,6.547093261368987,9.249237548508244,12.080509851434702,14.158343879149216,15.40263932808873
23.233743239095606,22.205699536999475,21.73511621826378,22.180438601241345,23.66470037346233,17.96896618334549,15.805515424340289,14.730270421038755,16.33111921627523,19.384025062247446,16.117131301472345,13.886615681125368,10.012710838407333,9.125124800060549,8.748511033197401,11.803803384899965,14.877423383173054,15.803578056448778,14.643610565142552,12.963713295201092,11.687831747051632,6.88750144423926,7.152022085088793,9.559311764155018,7.209648402482875,7.6250490432030915,7.600458154602063,7.669989164219354,8.151982745925075,9.022445246280677,9.030815157709476,10.188781544933148,14.101093558118839,14.829702545532411
22.523279419922623,22.18517281955875,22.07727344618862,22.61461305252182,24.393362755750676,19.07955333386374,17.05662384826198,11.283599675952559,15.759761797936157,16.47725137547131,14.032979209199764,13.380137909518615,14.63486029124278,11.72985926470558,13.75081433407544,15.370382994706121,15.43951533706018,13.297294132170771,11.57945971492671,10.617052892398306,12.009520893153205,10.792185952049357,9.039042645952112,8.842083840046884,7.665832657159996,6.678388577019024,5.6599763104464085,6.82700192604224,7.729710244029185,8.563235015882546,9.379087322693078,10.668351746896327,13.033236462022561,15.175069828236882
23.385804992246975,22.39559062999403,22.198122339452674,22.052841215008325,20.653852303189737,24.098255236192106,19.639161031290975,13.806650180565287,19.78947264888615,21.30628209007879,18.072177062576788,11.447604463683628,12.414992847143385,7.709989684349181,12.660657922533266,13.683314644946332,13.718034824867672,13.93055445607081,14.44032107216012,13.304663870553428,8.18754841357098,10.46198669356899,10.349727649851827,8.462605373015597,6.7955305037939775,9.2172362901057,6.880584243445973,8.956061453064345,7.687933255027677,10.387576987459306,9.827008925499614,11.140416743220284,14.631990737428264,14.755575201444161
22.190479568192927,22.411804321412895,22.01428849268808,21.91212529650728,21.56036171732205,15.934590591880589,13.36262055248966,17.143849384134032,13.818906426649587,14.18912734269175,12.21973553175031,12.622395869900565,12.020131602546869,11.84993687034646,12.410834578488691,13.42403698057242,9.69683765610016,12.357518729484081,11.636566939463926,9.717443738588717,11.153378021349308,8.658421656083785,8.092800150250048,8.811789118047757,6.193019171629377,6.053447595846615,7.159694595864917,10.079839803338364,8.059633577137733,7.94032587284932,9.30372883956923,12.720030547918412,14.111218387056017,14.15490656775916
22.60691080211225,22.30538967552231,22.3982442041071,21.976947669033752,20.444579958343404,14.332416199834379,13.654358246564051,7.423444396721303,7.461395799627868,10.008658213806447,15.146913664742687,14.03673226069664,8.317919109559172,9.447356876040384,7.961783574260669,11.765279743291735,12.229797253581747,10.03604444554392,11.84279383032194,9.799157654342524,11.544441920654647,7.486926384677883,6.397293062060505,9.035174195440323,8.709157037242772,8.750745042137334,10.735637672441571,7.112300505787186,8.105193265831197,11.281994989686627,12.242807197697614,12.831726960711789,13.696160696372974,13.82469357560433
21.756536373401218,22.367843768414534,22.58296179119821,21.82318673672794,20.27015508501053,17.226703674141902,19.46037322805668,14.786491702873603,13.962830216542352,21.12085947158476,18.80319446109254,13.033082743985798,13.94373197682578,7.818160361535239,8.692603787914955,9.218089902610702,12.749757262740106,12.92739473488623,11.93647562260219,11.333709648325522,10.181546176835601,9.507048429673533,9.125354321382217,7.384448680338028,8.43268197329989,8.838959818982513,11.546776981706305,8.804875913778059,10.017149305011227,11.557325320150566,14.146775328475524,13.48908614234045,13.312390408391007,13.547683310131747
21.251203277790868,22.170463392515867,22.016493160112205,21.38356534290846,17.98416794285319,14.959839702590937,14.382197795328265,14.701644251718658,9.959271858581571,14.88556630807533,10.999433375648472,9.325270522262121,10.014057992106494,12.048184222197172,11.803507424276301,15.402345252007368,7.43195435975933,15.763120222678912,11.520061669379093,11.20052571687778,9.898698669685427,10.22827980330992,10.616601795622,10.570031294584936,6.9404194147512,7.531413552392766,11.093198123798501,10.495441929368987,11.5322199687025,12.759527493464795,13.338561155788701,12.694343875634564,13.28681305827141,14.453067783942508
21.357797894835905,22.179377318939572,21.389380508528824,20.940933987418607,19.487730149139256,15.179452727192,16.968635838464206,14.163647052603183,5.540604054492698,14.769554817307665,10.652043777897768,11.003177770755245,11.024799263467928,10.455613361096866,10.809301165429122,13.497094094390343,11.627957913624186,12.759270548063453,11.259618674212657,8.839394531543126,9.148909057836981,10.223349689790885,10.312602679005835,8.784187790667712,9.80275219736049,8.622782344334482,10.418921470270433,10.241930082941243,13.00719146765652,13.642880499472643,12.699173885552755,13.948420564148195,14.01796036306281,13.694976857426878
20.717621333822688,21.684513461133314,21.162611764173587,20.656821319661773,19.241718214972686,14.836037484946814,10.664889710437244,13.646081873335639,15.563494975497475,14.134306496294116,14.255021320073226,14.83745687305077,8.806797654440437,8.685418078686032,8.792135647736238,13.181433562808195,10.572711333024547,11.733124650765308,9.165319813509607,10.405767613120164,7.778866302648128,9.262622142158616,11.067038962705592,11.99270841833497,8.19264475714485,10.14404409779969,8.13875496082373,11.51581020800103,12.959319921693515,13.373872219427804,13.960650032548065,12.5267836170767,11.837786119212952,12.83209594222641
20.809052265908605,21.01000463161081,20.80219665610356,20.173136255405904,19.081963342302384,14.935843389670485,15.833207261025263,15.963699678545956,13.79021010453714,16.15202967722061,16.740437645863526,14.851934281453435,6.355915474707823,8.691147106026264,11.01255991040247,10.656701691378093,15.290513162151747,12.534994573774442,9.723469410524487,9.476675894481785,7.432111717041845,8.55790596442331,9.957428484824899,10.463784155363916,12.617828620926993,10.178151100997441,11.982753764773195,13.669964540917137,13.80503528289373,13.646863115145324,13.211259300528647,11.417096564590837,10.984706897656327,12.656218854576101
21.248680811070674,21.299966896988334,20.526632365996466,19.30336940805757,18.50026671931931,15.650169017278763,9.28338877392775,12.860457120780197,11.08951528708059,12.58576457883975,9.996170361505262,12.56507100300747,7.25533697908721,9.80741699293679,8.405805723202484,13.729502302493994,13.402895000222891,11.615646610838658,10.116066540825013,6.594971488561948,8.450318494907858,9.55959540055432,11.853541621512857,12.406276698383225,9.36112407910348,10.164191693661879,12.820194002815981,12.433498565364793,12.299152704715796,12.688193590525787,11.316671572865422,10.506739681711533,10.962277540339203,12.522750720678077
21.208871406775692,21.083932927573166,19.77269962380919,18.881615127074998,17.9463821232707,14.09522622113248,13.561348388757219,13.61266161098899,19.123232351958748,12.358460123554385,8.660785768700656,8.093607425777828,10.16094409733983,10.657935475267317,9.468720439400855,11.783701826892456,14.554327455493494,11.045290193331576,8.420971412494207,8.916848254639746,7.3102044062946,8.767460791978612,13.768467964418996,11.138753960871552,8.823278077554919,10.429965367871537,12.587770526101885,12.032611628207187,12.517273902313,11.822479334553776,10.996926383517696,10.20740745120013,10.861735708964556,14.332269104727372
20.57475771994609,19.707660580238283,18.33569143407775,18.235996635536914,17.309761324445756,14.22575967271478,13.373938286477344,13.167777949633427,15.341317340489656,9.618111534939125,8.79469818149702,8.96263957800276,7.1670946353221465,8.514422233665726,11.418678782339105,11.957462182759082,12.502355942688144,11.089615205158461,7.4774789701564135,6.785091395304708,8.16603507783576,9.561092973500653,14.332096115637993,10.766026784499694,9.828636572135766,12.582107828944237,12.556388055674319,11.757924215437189,11.761129608672023,11.844318196052464,11.33543223119875,9.611840457862359,14.036870053816866,14.89373532008052
19.198606807023104,18.154984311330125,17.49331333007728,16.77403850899063,16.88697690723352,15.608459188529407,10.574432107703903,13.170079090163219,11.545440944220475,10.444571030205763,11.304269032893849,7.329654406680791,8.062000745866333,9.721267007144853,9.351085175674445,9.166447997254979,10.50783498330542,10.554038442673125,8.232908790238856,6.154166109161169,8.745856839534776,12.089399441484034,14.02215498714161,11.556865426784915,11.147732427132791,12.3894475645453,11.05024491090276,10.301188313084262,10.122958794082562,9.741777344941678,8.734348574022421,11.659736268534825,13.63200939129202,14.483922192610027
