script/wind10m.json
{"header": {"parameterCategory": 2, "parameterNumber": 2, "lo1": 3.000054539987559, "la1": 64.9999836372058, "dx": 0.5, "dy": 0.25, "nx": 34, "ny": 52, "refTime": "2025-11-10T20:00:00.000Z"}, "data":
[rows 0 to 23 of 52, columns 0 to 33 of 34]
-10.246169078980438,-9.778123399164953,-9.83642260067116,-9.329350640260813,-9.32169598289181,-9.095874636996108,-8.801484795911191,-9.126267478681747,-8.580003904687638,-8.02310430142693,-7.301505104514293,-7.0629367796737155,-6.615448305806687,-6.3676598466664345,-6.4512203894510805,-5.299954323454738,-3.5237185697062037,-2.856974087077425,-1.4709293619749182,-2.7084288347971035,-1.866593055969978,-0.75051416870404,-1.7495540266420866,-2.017941934511031,0.2755790045618671,-0.5387961213927627,-0.25980826552382813,-0.7556535765595674,0.3144874144384537,-0.4769314981610195,0.7691423592789569,0.28961934914055815,-0.32987208498569637,0.9450338313939507
-11.004438123128008,-10.713980049999217,-10.328465944272207,-10.036483412187966,-9.67095014061714,-9.188844725761529,-8.69467859056849,-8.066451477363131,-7.683488067668011,-7.272481645048493,-7.077429894845971,-6.776553199126636,-6.400384721843926,-6.063411952455442,-5.679963782697582,-4.936499455618202,-2.771624392907099,-1.3430431204292166,-3.5334183629021854,-3.1103586377711596,-1.4663189289417893,-1.6741360714616818,-0.18908300969869246,-2.0367916614048314,-0.3868565729886835,-0.2120223334310255,0.10431971104054778,-0.47208860038623923,-1.0075483256414346,1.0183661257485965,0.7377791339430506,0.8318348998315099,-0.23692968608183299,1.023307043776231
-12.164102478316131,-11.917620684370497,-11.296218040908592,-10.677810880079146,-9.95215744169601,-9.205939009586594,-8.66198721506532,-7.7949888750978795,-7.621850701251821,-6.830518064823611,-6.426837980082029,-6.019215484644492,-5.771021477884947,-5.177863509734994,-4.127337454267044,-4.621961953902111,-3.1154553415517574,-2.727145909406481,-2.927530115235009,-2.250403755471341,-3.687347730716214,-0.8879518922788675,-3.2804364925563463,-0.6260048866008376,-1.018190997687552,-0.2906273578106204,-0.7623948446375376,0.3298490129355322,0.14710648733460568,-0.5969294241899047,0.32276273785073784,-0.028479264893936394,0.993970938494589,-0.13269441527760498
-12.748639567512948,-12.062561636984576,-11.32772861854033,-10.0416404342619,-10.136984977576017,-9.367590579170333,-8.739650346153994,-7.79024268931651,-7.313511846967089,-6.779801375444037,-6.26656293692167,-5.577333227693142,-4.990209062668912,-4.789112447265182,-2.64972488494371,-2.406267178609781,0.1626762031759477,-2.4479323103148,-3.614358938626697,-1.328046895329127,-3.3091926922231485,-3.109109809333836,-2.2113324227485176,-0.9174789645781107,-1.065910837208104,-1.0583683205170926,-0.6097911968247978,-0.7630891046286891,-0.8965259906596891,-0.09372857365179318,0.09656031445077674,0.10614564855969257,1.1120046283460838,0.05164612357596308
-12.603894012326409,-12.35710822974185,-12.118092747456256,-11.035120914341062,-10.823332909590064,-9.531421117266923,-8.758903463082925,-7.8554502801801,-7.38147947418964,-6.655049063927495,-6.2036220847242785,-5.295453624237062,-4.295364959458248,-3.4079056448233183,-1.8198122382161965,-2.854771068862157,-1.2189092901689618,-2.0414118217351223,-1.516401186430675,-1.5771001760355683,-0.9074496525025468,-1.6034266492685145,-1.0911566321211734,-1.1326109062756424,-0.9242308045064304,-0.9988354543417023,-1.0553764728957857,-0.6051920916682467,-0.8491068250625922,-0.6183583196143083,-0.20744259653812394,-0.9578006813989829,0.6202579218932346,0.6858390059302399
-13.102689010215594,-12.649765381065926,-12.349527327629794,-10.84474886478022,-10.589300145993946,-9.483941382050304,-8.32805734281612,-7.759220689454426,-6.661551782367464,-6.619516798336695,-6.00479293932472,-5.059467895301981,-4.5730828390601825,-2.668941980821333,-1.5902819038239293,-1.1282810155744438,-0.06839257925935534,-0.248792280749396,-2.4899559442894272,-0.6035663492056592,-1.3446754130948606,-2.0874897220596087,-0.9788274628743979,-0.9512428651924106,-0.8015964206010487,-1.1472150290934575,-1.1339104890148854,-1.0808746085885206,-0.6704013571782069,-0.9658469625770529,-0.8294459247934218,0.3783509079827213,0.3630195015457636,-0.001981918649872786
-3.8431295887455503,-3.392027088966314,-3.0311686650802216,-3.7107259021827876,-3.633201991060955,-7.267941912287466,-7.403907786958575,-6.845779209078946,-6.371687837397602,-6.426963390647174,-5.680000632729008,-1.1390611343590078,-1.371199210046813,-1.175718880687665,-2.6113894227342755,-2.9484779153163743,0.27087283199639595,0.27955272837290535,2.1631579706030246,-2.157604977123678,-1.4798323629133852,-1.1589342801455988,-1.2765872016840603,-1.1213379388998164,-1.171547416093212,-0.3788672042884385,-1.062008768485307,-0.5329347746176111,-0.30430834897421377,-0.7874143891149171,-0.6628738803203786,-0.7358762848717956,-0.5046670825919592,-0.6212977172365152
-5.120505814897891,-4.396765280824135,-4.81993992120136,-5.018436381058296,-4.727551532608925,-5.139673511482508,-6.2808712551638815,-5.454842509308323,-4.595348378945243,-4.47935974497188,-2.511542176864333,-0.8518239596731831,0.9748771765454299,0.9738502884992464,-0.5538618978123111,-0.24091773608936354,-0.18970038746426723,0.25709226610042835,1.353380579036171,0.04171605284250848,-0.7977310680971919,-1.175246614577246,-1.1510552095418978,-1.5156917459645858,-1.0622503689268472,-0.7138663112994382,-1.0674693573051268,-1.0386721599698512,-0.8265185658769431,0.06048088477518714,-0.9767426385075605,-0.7002969669714405,-0.672346393213929,-2.453133402865985
-5.231328473864822,-6.211862226629902,-5.892326267096068,-6.0146316237698265,-5.923400432847827,-4.740971546515399,-4.180072044078049,-5.293755616766504,-2.525868227681896,-0.8580445523039938,-0.772959530255353,-1.5828848791912034,-1.8690061331790047,-2.8226770198833906,-1.0730713719102973,-1.2381431411841037,-2.2249674658523912,1.9251498777338891,0.3519280694657616,-0.15187770031827882,4.049245178991861,0.41841023436125185,-0.283002300652332,-0.88713601500473,-1.0194309230103475,-0.8650167623658752,-0.7481532397963646,-0.8868426891885755,-0.5267538941474054,-0.5435551648423278,-1.2830379746796823,-1.7117091322046774,-4.397899015549537,-3.428137634093558
-6.559220252097277,-5.582980289657333,-5.523086471897238,-6.16335682784316,-5.741198047214218,-4.633520778579059,-3.684543627260663,-2.936510792606211,-1.9941148913854392,-1.0425053824534698,-0.12658591799228905,0.12282026691389476,-1.5716087344949936,2.318536352935839,-2.399182800132671,-1.0101574277224425,1.2874234572189998,-1.3385321026785248,-0.1939802572962979,-0.19671188941839007,0.43237123747896117,-0.2489789786242433,-0.42097723997286873,-0.2531054933948921,-0.8454364350048454,-1.0429378922974686,-0.646158531614462,-1.1140420434412375,-1.1446150903450991,-0.8204041621142693,0.11136097568798273,-0.8576884570484169,0.15346356251373847,-0.47372581528592667
-6.270653775382643,-6.394172756937958,-5.8405342638756075,-5.915077533410352,-6.186096079006413,-3.699571393345294,-2.9201370998848617,-0.3283085747990115,-0.15792441226318873,0.9437030896835853,0.3258142427302439,-2.436407100074945,0.5238238269845403,4.091851264865451,1.6082346620600982,-2.157145469367642,1.5370017266544265,-0.5313687936563921,-1.2396880238929318,-0.24683284915725417,0.5556664275225598,-0.5824893965093778,1.5549623058079451,-0.9555597966790037,-0.9131258198000285,-0.36663584539904354,-0.8308886358354257,-1.2280808379600858,-0.13778538257920828,-1.749053803687162,-2.0730079835044966,-1.3971272658177283,0.038306479795510696,0.4871639765914622
-5.650963408515143,-5.914290218702831,-4.802367372638769,-4.532294573266597,-3.7461075007167435,-1.9830025923863333,-2.758497331010683,-2.230694034734102,-0.16777036192267208,-4.331356755907419,-1.2905398123666665,-1.4803713557839577,-2.939187875019019,0.49126286233598077,-0.4618777523291135,-0.2615634833486315,-1.7058236054898401,1.3103411500983169,0.06034183811195802,-0.9074264803322496,1.0155920115646384,0.7797876715375753,-0.3554407992375247,0.6513420881219267,-0.3143652542374014,-1.1013482211141288,-0.523858846949682,-0.4904716729946418,-0.1515221206753128,-0.20292863595242347,0.8003416259413222,-0.8367273283788534,-1.7131935411422567,-0.41788132581643306
-4.3704612597929575,-6.223830644350692,-5.1482117183723775,-4.530541812108475,-2.0043715302647085,-1.1835741440859977,1.5469447737089612,0.04725832701055314,-1.0069027884353712,-1.834829825790884,-2.184792467473482,-2.958257709549501,0.43737991504873036,-0.38848018680179425,-1.0844953643009259,1.7158613811477004,-1.2799088912004761,2.007561862836403,-0.04957565178182802,0.06404425454918874,0.2964728195877021,0.7735189858112358,1.4760415002786182,-0.6964987406674827,-0.03722067110389908,-1.1873576598897357,-0.5919598941148889,-0.6786287844357983,-0.39419968489367574,1.1025202206410545,2.0280196550245098,1.3447318712829184,-0.013011339842064587,-0.4233548629804931
-5.46347792384945,-6.825366928457561,-6.199793851485988,-6.7971000874692455,-3.1982076388174203,-3.715109771964462,0.10299983724200142,-0.1602392656228486,-3.4014045009600267,1.2359555160402165,-0.24555903418646877,2.9318425591887527,-1.6541085726208344,-0.5247099946423486,-0.0953737371790589,-1.1428780862299703,-0.2676319303319905,-0.6035628622858005,-0.7036936225409911,1.1106037803071713,-1.0367548667544724,1.2189550378612612,1.3689206183914127,1.4831659277549762,-0.40347714168934873,1.066801108137382,-0.3367505874413457,0.1698189806797649,-0.3000731960338183,0.7342591050387516,1.63151584622714,0.9619714484981738,-0.09408692385002997,-0.74253794790112
-4.648176224546099,-6.240720612271228,-5.906159274493796,-5.895614986307902,-3.8742080444923537,-3.1870412672622255,-0.17239384630479837,-2.871856894892822,-1.9884188437349677,0.5446714561399382,-0.45829962349692954,0.4006048364043442,0.21240377872879448,0.0651782089640493,-1.2606413611033849,0.9931443617325881,0.6217051010871741,-0.6104750561308713,0.36915042137580434,-0.44680603567867744,0.1852637445496107,-0.28709736886869935,0.047167362761578485,1.1304010633105124,-0.09851839174590907,0.053823337078390994,-0.30387673582435604,0.13597556627817192,-0.08873909664945148,0.9936979787255268,1.5400186304170922,0.440050115918128,0.04995451460546295,-0.7580761102918628
-4.419420209206117,-5.683441521201516,-5.685154821884729,-5.581196548106883,-3.162582696988261,-2.877398080938745,-2.761123477245481,1.2051056684085664,-0.0024918642129460986,-0.2498801743694987,-1.110747009961743,-0.7971140687237459,-1.0828111958886095,1.8796528168706146,-0.16231742089322745,-0.031251877160867685,2.7077464420774544,0.03833005906632553,0.02063294378089277,0.36592724793225234,1.7374383306670111,0.07192742635328513,-0.5569716847108441,0.2801616620980526,0.2161200418750394,-0.14916271917778792,1.6234593173416947,-0.7833901976506875,-0.06168465383206681,1.4482597655663627,1.2392207891195957,-0.28616538569456434,-0.28242586619295623,-0.827801217940478
-3.6253754208651676,-5.289950615674945,-6.47042461808971,-6.1911055180626535,-3.1996521026976312,-2.329740134775893,-3.420881515809609,-0.15520358238029394,1.9830324798709507,-1.6027378059888564,-0.15387424930382868,3.666721301301369,0.7582811896693871,0.6128907569210008,0.5737511504356714,-0.03214003846692177,-0.15369471753205083,0.03147976630715093,0.07286974037563018,0.748302130961517,0.6111502085531592,0.4579267148325902,-0.06624154371248524,0.015157970535124028,0.23031869373036049,0.144641486865019,0.9514856243016767,0.5748129999842606,0.4282881186696182,0.9623927695045507,0.6089434966441905,-0.4424405117720876,-0.557457133420101,-0.9494454719802713
-3.276200329864922,-5.159028707336561,-6.107749049799546,-6.544967650433424,-3.0301690986087095,-1.5293165139730602,-2.8743880468917795,0.06852986870229731,-0.4820909122014327,0.20576847760890055,1.254024566958184,0.07480203327584849,-0.21220831552788658,0.8406047768573889,0.375741802699199,0.3998441824369884,0.8889436648171188,-0.33498118169102264,0.3688239530879537,0.5928889790769201,0.1992348174960895,-0.4100193993974501,-0.18728655270442698,0.23080525702726545,-0.561442378822843,-0.11899544980399009,-0.26120405992010465,-0.14649380422880132,0.44915608191923745,1.0112432693481364,-0.5013418008994596,-0.5486421657275157,-1.0058419704239139,-1.9266085562872741
-3.0827106888810594,-5.11007569644371,-6.3839106326904895,-6.7192727408022845,-3.3771549046114235,-2.8325654842857833,-0.9409272606859527,-2.4679701410574073,-4.387919421233905,0.782951001725937,1.6874965944635478,-0.7444263265264282,-0.1795284873200458,0.23529870316157542,0.9239790340917833,0.5206854582497598,-0.1365981533777883,-0.1464594636958622,0.4026575284354366,0.5784006819553756,-0.09942065174573587,0.6042919641342962,-0.08478956920533133,-0.5927252007694201,-0.04816542045959104,-0.4556477747590725,0.09324698088932985,0.18171063728037812,0.25075114814482097,-0.8347249457225834,1.2178354106671978,-0.619801827615562,-1.25923625176006,-1.6398992749327552
-3.721856700491823,-5.223292921199422,-6.4058771699042465,-6.910400725215336,-3.3847359928202105,-2.3938762241178937,1.2790968193368355,-1.1348232670722083,-0.6520876957799497,-0.36423879249693175,1.0473606013077115,2.4993529997640302,-0.8477075725379364,4.5473643064608815,-0.18111010104316602,-0.2546451614124509,0.37274543306565733,-0.5220180779150407,0.020694291281855733,-0.1847875839681445,0.42575779498908983,-0.15631782683016576,0.7092413401374891,-0.46017943022715635,-0.6120245718803261,-0.37064852796024306,-0.8262247591804162,0.3769243467303581,0.08373755050087757,-0.9513959193799476,0.10189708186279357,-0.5054445386538015,-1.077061689811648,-0.12011463702811735
-4.003492573979029,-5.177670838566789,-7.253542072662955,-7.493130789761159,-4.861771359564299,-3.371375918125254,-3.538712939282385,0.2686363085639955,0.030501387305311937,-0.2503197559283632,0.22596806926621169,2.350930484233262,1.958273123348826,-0.041476906542070154,0.7448876157395417,0.15742520477790148,0.04858703295242937,-0.3683500846179719,-0.24589990778272805,0.5658678805036504,0.9296227405407244,-0.07867180201579761,0.26971563737582116,-0.3063461566576537,-0.033006986774842345,-0.7091236668790368,-0.41590751868092474,-0.3074344034318912,0.2520104040910669,0.7285058646067999,-1.1058353211671819,-0.6232156403597283,-1.2280916315318084,-1.8973803521091188
-2.125114216919404,-3.577823388453031,-5.323587011924641,-7.6128773960345555,-6.670744169014966,-5.853730825748175,-4.482471603635986,-2.7757284967277824,-1.7496485893028462,-1.2216578457190863,0.4852335911138631,1.3372145481434934,0.12385913750288707,1.139110909295102,-1.4087340644797037,0.171937273344604,-0.5433621832511241,-0.06635696465220835,-0.26757455639899713,-0.6074529130498776,0.9286691607006919,-0.30067389895148067,0.20990266753427425,-0.44246710730619804,-0.6944754691359502,-0.9113564178153378,-0.7705960585759898,-0.6362883073899105,-0.46442292801760143,0.2503580043931897,-0.08609320416782736,0.019452062028675002,-0.47263649098127763,-1.2598763014851548
-1.6142826071392975,-2.626088136627955,-4.272721810386524,-7.001399255523852,-6.4910863056285955,-3.077411118321789,-3.1169106519097576,-1.5152264368382435,-1.9020658344870085,-2.4643617580216315,-0.7161857983987919,-0.9168434259651315,0.9099970641869283,0.6970374913153021,1.7607718095108533,0.9632777299480981,-0.5667866900995089,-0.09379058247178738,0.30544232711886676,-0.7746096526329292,-0.1254913391784452,0.14305611324502773,-0.5127564774879101,-0.2188032144387101,-0.792763080540415,-1.380334091341203,-1.6459870739266498,-1.137501536005043,-0.7558793986356761,-0.6841644420146604,-0.14162721043575685,0.30082924922846493,-1.6974161214689492,-1.3057426344207939
-1.8518179167844804,-2.828462551344236,-3.915792793770609,-6.0022273379606395,-6.37304176091272,-5.648327930881735,-1.8891879765826762,-7.303874488609474,-4.253491158656295,-1.719277544276599,0.5002699602617133,-0.11359419731503147,-0.05998473995171378,0.6459368159831447,0.6790299743802896,1.2226321113467657,-0.025230299061619357,-1.1012181408976065,-1.1586441626479105,0.5542845882173278,-0.35260991764958205,0.14586741934403122,0.7675728739865202,-0.026042952256028918,-0.23562166256088302,-1.0496551094065643,-2.599053492096952,-1.0057151239305437,0.17337827074902523,0.048537729846110496,-0.6034997727557375,0.3854242060557696,0.6478016583676585,-0.12747632376325263
