script/wind10m.json
{"header": {"parameterCategory": 2, "parameterNumber": 2, "lo1": 6.000198445256149, "la1": 58.999992894266676, "dx": 0.5, "dy": 0.25, "nx": 22, "ny": 24, "refTime": "2024-03-04T06:00:00.000Z"}, "data":
[rows 0 to 23 of 24, columns 0 to 21 of 22]
-6.957720810811726,-14.042560393024889,-12.127384290993705,-1.5525693670940734,-2.5641382126317427,-2.269459515026478,-2.3904947229417544,-2.5730316786767697,-4.4678019304911984,-6.9676839318755235,-5.910122312877644,-4.9342222718516275,-4.088237107627424,-4.065202867556449,-6.037230979408292,-6.845384108578534,-5.296510558247085,-4.149089821640455,-2.8069036461483106,-2.106231567014329,-2.2661289437292984,-2.4706958954365215
-7.13419960863613,-7.186067699159156,-9.476476517548575,-1.6315478194215085,-4.578475009167973,-2.6140279637557424,-2.9288134537589716,-7.983700387344238,-8.787609955067017,-8.00109751491922,-6.971077933031569,-5.056145436940505,-5.168984395108755,-5.547806002113091,-7.578111324191172,-5.270108013175403,-3.833446244037963,-4.1037616005949085,-2.9091602840502695,-2.4554292200415504,-2.3463001795016374,-2.106725600479213
-2.5520195617830943,-2.66619997472042,-5.291704669788229,-3.848549837281801,-5.092550734644867,-3.56977197134851,-8.854422840651045,-9.444471322239322,-9.38060471471649,-8.8222638567525,-8.347394419066644,-5.173684605251738,-4.8473969487862485,-5.877103965507752,-4.9419730116313785,-4.562527214949564,-3.5372217008891056,-5.111718092938243,-4.889239873365258,-3.2167969054967416,-3.0492300198042,-2.703679443993284
-8.512792863612937,-6.26700736111961,-6.4235383946036215,-4.194254050304906,-4.049797522697455,-8.797713879411507,-9.744000710890004,-9.58230272993068,-9.363893710059296,-10.219683433764242,-10.74290647032555,-6.246496819162091,-4.9833756826679805,-3.6940584089447897,-4.769828321850259,-5.28514021779149,-3.3976357524978824,-6.1691624424830716,-2.946357885280807,-2.4656507029544463,-2.432013293984755,-1.9753525368818874
-11.628676998505671,-9.98294084999002,-8.806900142810939,-8.416148729284933,-12.71447379736817,-11.132697717970837,-10.566980465529413,-9.962750607822576,-9.859949663820263,-10.58850970086517,-10.846612926166689,-8.120824968121584,-5.339309382933271,-3.973854952137347,-3.437543246855753,-4.166539046753183,-3.4844985335024816,-3.0750682826393922,-2.9025123113801365,-2.093902210761189,-2.3423794934899735,-1.5840275223452656
-15.985044218989783,-15.254713912585013,-14.66109767293022,-13.585187580116761,-12.486367711793282,-11.480093867848549,-11.258265390473058,-10.764698847378504,-10.390753669420594,-9.484349233501986,-10.008470583797639,-7.488074471357079,-4.455090793787971,-3.5566145372027753,-3.473593774850557,-5.181206066286974,-3.359414281149616,-3.196690123065327,-2.6650515058956032,-1.7698668492891902,-1.8299382240305924,-0.3168247540706301
-14.962696145129959,-14.340334568126865,-13.43092419041673,-12.439146796972235,-11.554509979447598,-11.21092756740863,-9.934365054323944,-8.91884863646824,-6.270118730392492,-7.766130301116588,-9.594028918754015,-8.314799860262061,-4.598406155328084,-3.6156440147999684,-4.4067722698265746,-4.330586907279205,-3.1380874036498567,-3.9890641571774172,-2.7091352073208053,-2.238239381796735,-1.879256983916689,-0.043639399178406986
-12.459462840485818,-12.088705235382577,-12.125907592284243,-11.274067655152026,-10.553624993800014,-10.060597602538435,-8.455054193697602,-7.069447027642684,-5.112516363638659,-3.8791647583174687,-6.830451632020076,-10.319364557966743,-6.5047682015497,-2.656475183838512,-4.29279602586627,-3.845034132610376,-3.3175917676199838,-3.4391655253955418,-2.9347485336294827,-2.123256944279713,-1.883218916591352,-1.6447769896924873
-10.211064286877336,-9.870491340959164,-10.038943476947894,-10.587572857327181,-7.633966534602152,-4.473989641473781,-7.324100674796842,-6.076645223410743,-5.253819374919083,-7.424980542100865,-8.802799982697723,-10.752206974518275,-9.355948344611548,-4.684502601689347,-4.499701174619213,-4.227092014476305,-3.519347757749278,-3.4046561362039856,-3.535343337751189,-2.7743078996911907,-1.7379454230167146,-2.3174038761326434
-8.8371024792649,-8.103016268972844,-8.448567496136695,-8.602430015415004,-8.436727317018914,-4.641763331688811,-5.162113847210271,-5.303523203639608,-5.452845068637146,-7.126358763169883,-8.912650664843834,-11.389283820973768,-10.32847406398109,-6.655085766672893,-3.6599437069193472,-4.559343927916751,-3.526826703721376,-3.174661011551471,-3.7408005800725426,-3.3679324756564326,-1.3430555564909936,-3.744613492801258
-8.870787256523705,-8.705902732134978,-7.775676020672584,-7.786321151747409,-5.587115610866094,-4.431524544781132,-4.31891921052867,-4.653993096883295,-4.752827691748576,-4.819228172156215,-8.047111683476185,-11.639712560610251,-10.641994413848245,-8.720486798393672,-5.157244501099581,-3.80173104152507,-3.504696946235817,-3.475571964714161,-3.575059830055824,-3.4387015650447355,-1.1914593020129063,-4.3670513904736685
-8.363985544578135,-7.849717411747464,-6.807613586103069,-5.116993606977003,-4.561605101460006,-3.5154873408304925,-3.7632612934145264,-3.907788615138539,-3.859354083539064,-4.880620960459614,-7.981426061416774,-10.073280770854105,-10.067033850494154,-6.206468108056328,-4.938793739296902,-5.0016964966809025,-3.0702667109758486,-2.85821219274859,-2.89716908848789,-3.7200376822164025,-3.11018466140084,-7.32379868055213
-8.782977085603914,-8.37504861754002,-9.016045679559054,-5.585780418279234,-5.627130747809931,-4.199227142183077,-2.8010547839371287,-3.5993966580432506,-5.354031282225401,-5.473395218720469,-4.6771749705720564,-6.18371329740085,-5.496390306531634,-4.363266332870723,-4.859628575825335,-3.8219328568213538,-4.081794728499814,-6.036648688813844,-8.819574132432274,-9.048218610310547,-9.048310889144892,-8.903886914059772
-8.364932267377789,-8.613079218695436,-8.263820373414001,-6.992330506219024,-5.373045074911415,-4.714475196126619,-3.8885281312560642,-3.5440248490690323,-3.6088222166457045,-5.591855183143446,-5.396045887492505,-4.8975871247741845,-6.904270883558091,-5.696685473210056,-6.249701800445681,-5.6391209949511065,-5.044913093142897,-8.726404242574118,-8.484242792484826,-9.267922927733673,-8.905184761242513,-10.402096067395691
-8.133897474703733,-8.30540016906624,-8.014930748299726,-6.817419018439027,-5.910063988903991,-4.060587464410178,-4.715451654778288,-3.8945927534471734,-2.9438947302887386,-2.2762809781795363,-6.4958779157882365,-4.5613702861942595,-5.1156958012405696,-8.031886408170504,-5.937750326191387,-5.377115855154006,-7.184093070870033,-7.444266177723175,-7.774192188738506,-8.711087464868287,-9.398548760565882,-9.544861884423936
-6.6984484258072206,-8.038449405600097,-8.073585950590287,-7.807599107709105,-7.474094456108928,-4.5243651332696695,-4.021121023089061,-2.956250698478764,-4.493796272921087,-4.367651291613857,-6.272798601900157,-5.391938385451553,-3.900757983845878,-9.623857758395001,-8.784728277314867,-9.0616023468478,-8.616739344567907,-6.579252138326348,-9.018035436487658,-8.573936536766212,-9.711119703071143,-9.262002394397783
-5.739352405674666,-6.05573861803457,-7.099983376342166,-8.04779293202819,-6.930039007628902,-5.895207496515195,-3.80013448244351,-2.5905705248650084,-3.2230179018644654,-6.447237693482931,-9.287929496563512,-7.9168374910517425,-6.298976393252417,-9.35042488579965,-9.531006572708066,-8.061081131062961,-5.570057422100573,-6.113639749800653,-6.541724503381914,-8.850172359404464,-8.759325205139522,-9.417945652320478
-5.594700500310085,-5.821569368338339,-6.311683439070604,-6.184541350394955,-7.402598613431945,-5.388952914330425,-3.586715849447204,-3.961252121438782,-3.4206606493497804,-4.640063220895986,-4.965699373856427,-4.785426933695334,-6.077525951136109,-9.428185360572048,-8.360742415521411,-8.277275326355559,-7.237825084820514,-7.260346010603549,-7.081560308607452,-8.589551956881168,-8.404067468190112,-8.465180143208599
-6.102298741884013,-5.662108164193586,-6.694956292779417,-5.603900920810628,-8.059896292586513,-5.908630979133288,-4.410152400755404,-3.9860770703038444,-2.806936503406569,-5.613235217778589,-6.261890850139241,-7.202843928573756,-8.296375373571413,-8.307312261719035,-6.275127091155683,-5.101656197132971,-7.3396761086283515,-7.334450143311258,-6.979983484960393,-6.933637008359945,-5.4756420766009,-3.8804982236811143
-6.559814267131594,-5.162354490690752,-4.726392948687218,-4.522430097722269,-6.353625193690226,-6.113059641257776,-3.4481467523225513,-2.778636033084776,-2.5104737463533593,-3.3096720941857707,-3.69744188762373,-6.367429016510168,-6.859874806011665,-3.5224007518319382,-2.9696499312613125,-6.549074203097397,-7.217761266756182,-7.917782217157856,-7.350227303994326,-6.614610858621681,-4.604454710817854,-2.5150018499883577
-5.286617917912596,-5.93494115845582,-5.328091063592772,-4.998072828347504,-5.9135208013459835,-5.974516540857195,-2.3683536713997304,-2.2317320469458144,-2.1396744973526456,-2.7073639134077374,-3.675096846217258,-4.125138291079236,-2.587090563978784,-2.728010650775081,-3.140833076262681,-3.467876423563127,-4.422840087144586,-6.156744543022621,-2.4955545456126327,-3.814807118758459,-3.70777010687582,-2.903290940980089
-4.225590049375076,-5.027316468457445,-4.323201142184427,-3.970314119217402,-3.67192876846972,-3.5346902362487107,-2.0541594100681957,-1.8624149014897313,-2.305021506853939,-1.9965524694198598,-1.1721767048781186,-3.821047800595224,-3.2241831448734453,-3.18211145152424,-3.437409042142412,-3.260816317122426,-2.9832516084429552,-2.4537640681947694,-1.6913186786220529,-2.0838970355621673,-3.770490588394352,-3.2314673600171213
-2.698668836242573,-1.508595433681511,-2.7598592552667216,-1.3875157283289052,-0.613839022933105,-2.316917435851134,-1.9715036213735808,-1.3982404299920959,-2.3065384686306984,-1.7825743136148313,-2.456810811286076,-2.1960629185527036,-2.8106406049847923,-2.604689739193119,-3.2165075949629123,-3.5660387831050735,-2.3785678187587362,-2.373920108380893,-2.470723397631836,-2.1289725846880523,-3.4035313584610245,-3.0717041660544133
-0.09826252551656643,-0.7389473102887225,-2.784535756912858,-1.088879161021245,-0.5517449164872444,-1.9090197448181052,-1.634898652657707,-0.5712001572147487,-1.0361189319832116,-1.638617002912001,-1.4821719207391186,-2.303633166766638,-2.6091650245001015,-2.004087064175543,-2.5884019885361407,-2.952453249212949,-3.7398107739142428,-3.5768173199751625,-3.8363874526063686,-3.2844473788726045,-3.1630447711398295,-4.518215949878297
