script/wind10m.json
{"header": {"parameterCategory": 2, "parameterNumber": 3, "lo1": 6.000198445256149, "la1": 58.999992894266676, "dx": 0.5, "dy": 0.25, "nx": 22, "ny": 24, "refTime": "2024-02-14T06:00:00.000Z"}, "data":
[rows 0 to 23 of 24, columns 0 to 21 of 22]
2.8398045199725184,5.928007162562652,3.9813930614847086,0.7934464252142864,1.170216639314423,0.5738464384789824,0.308653866293199,-0.6432738362630273,-1.5407002307082256,-3.6266474104039466,-1.8843106593331667,1.88102172412774,0.6641329161804702,0.41265783887502283,1.363238254225244,1.5589889833903308,1.5592568979719004,1.0603067031207651,1.5392008197182818,1.3192951615831445,0.6224898205126164,0.6247177425691378
3.53985771324607,2.7275429788172922,2.4328571109125514,-0.31769957078431343,-0.4802162994519246,-0.0008777301078801646,-0.47411883925850856,-2.0815437167090645,-2.2202249162666754,-3.403225722754612,5.605791867954665,2.255563938167858,1.914189127109548,-0.4057632281098864,3.9626521440941214,2.5510571785961837,1.875558274446324,2.5241292465165235,2.471075016325826,1.1947501626048431,1.7962856881368836,1.149883721730793
2.691554729776964,1.315937887166581,-0.7765315392628427,-0.6895564712199832,0.04952510343635914,-0.053079269564819974,-0.5599090126237005,-1.1444164275515405,-2.3627483056936507,-0.3923368569496515,4.845634664572896,1.766582485599687,0.6839196360708498,2.963530832701348,2.9144000031233386,2.843401546909081,1.8439317157100226,2.366267307470738,2.41631071345188,0.6050848414037692,1.696178777360595,1.3859430263537282
6.58473945236066,0.5176111432660953,0.5615894894240298,-0.015401620257014066,-0.5982542046304438,-1.998688159618182,-1.5509166035290307,-1.3352298790227846,-1.4365992012232272,6.777393756813247,4.538307443881926,2.2962798519557768,2.028970910064267,2.108533712003953,3.0178543490364755,3.4878571400253655,1.5083649089149165,5.607869077161787,1.8645747168945668,1.8914068676181022,2.0412082492835277,0.7382618124758518
3.7620072180430877,2.5486374229487176,0.6876896495947952,-1.145748910093145,-1.8769684842404397,-0.9830424748750424,-1.8769237598108064,-1.6922465718150004,5.654924830468206,4.5691661845639775,4.205951862726576,5.179676147915016,1.8686283559105186,1.2056644949519444,2.142811132828746,2.3004344486562225,2.0192547525866122,2.9833343508672576,1.678549737053109,1.4083299181217992,1.6790492787563187,1.0942621864901385
3.461913776125526,3.2304456503355237,4.7689855789781275,-0.016134571485184056,0.5106204562028236,-0.25544685573710757,3.9205027447879304,4.5850369294292515,5.295088036453232,3.285576763518021,3.3375988317042458,3.2475530844222074,1.5324338382610194,1.5450794714246034,1.8978144128365355,1.4770580865236334,1.3620649000924727,1.963710254180931,2.638212997870195,1.4328218138137045,0.8625526781977855,1.0002931897970293
2.6907419043296037,3.1726879370050227,1.4524094759801505,1.913217346959985,1.9889495231871444,3.619546716131876,4.5676384763397575,5.900413337393204,2.1598589990490193,1.4865653598236117,2.521963455498473,2.1509897756802903,1.0332398100727775,1.257048466698231,1.1126075193505771,0.8881335617829946,1.334528086067833,1.7168615288891529,1.8691479598459464,1.1560126893887959,1.4878793879373713,1.2595905915725734
2.6331210356109795,2.4839911559800463,2.3846670284173874,1.6028710857642683,1.5976611998852854,3.181818885612761,3.720349587512816,2.7767682776056013,0.9936096884057549,1.2070250608750999,2.222194281567166,2.7760782190204667,4.844331938769901,1.767464258796821,1.5557216127162756,1.3310997410757999,2.304229470319815,1.7852397778670137,2.2818624728329393,1.2117696228744042,1.2803480453942424,2.9388646679077786
3.0313948728264366,2.0862336556689556,2.3215273840975446,2.1122654209426925,3.938355723489072,0.9687443448208318,2.3765948375640606,1.935227788167669,1.8157518371978196,3.4994877076048567,3.7195068983469732,3.8656831605625026,4.5187603734783375,1.7189367995224147,1.2603535910763708,1.715483783719985,1.876093213693945,1.4811394590019094,1.689457220297828,1.5067830129426625,1.0091998248684184,1.8523564022233194
2.802029574017688,3.0433937029378684,2.9475072613952316,3.624732781281083,5.126789544177254,2.056664674219571,2.3506499856022227,1.1980441691194186,0.6873674168925721,4.278052374124992,4.27009924161725,4.82489089849784,3.9403583932270414,5.66499675731397,1.6249094396289465,1.8084098092232108,1.5191992726329726,1.247927551470849,0.5948341717902703,0.27232967789899665,0.4834729481080705,2.121015044110523
3.442437137409004,3.959741112534923,4.325849292617083,4.197647186991508,5.365120069713296,1.8519402480716594,2.135277065134975,2.240078291759736,1.7400263020942204,2.6823545883371973,3.5853198690030914,5.255165610867096,5.455735049574406,4.533598925473537,1.8416919680490187,1.0662252944272501,1.0089809644174907,1.6496906962147917,1.5310779488323911,1.3010291997311854,0.679096449909588,1.516571515653132
3.730133829527327,4.373941665877245,4.691206782348546,4.8996771046445655,4.001620205853787,2.1222784201755567,2.7682839420883867,1.990798510473832,1.5152055056937996,3.3594543069200804,4.456753956936537,3.72260560337778,4.428578926524412,3.0538208981373285,2.153979549042222,2.1433812192916313,1.1092857050862086,0.9646688971837425,-0.23392705231726915,0.6570707617945506,1.0851804347639038,3.2578148729263003
2.573080931696396,2.9799288250882134,4.921027876342257,5.6747930503609085,3.9170486722543836,1.9433380485241822,1.7778080031803032,1.7367651976008476,2.632811610255682,4.378488672407264,6.142487382545667,4.491243629478203,2.1417463738263045,1.6927615280363242,2.835222602029429,2.0732843900302798,1.3370209859510735,2.71157112305394,3.864545705599748,4.463100365421052,5.140279896318213,5.941428335382343
4.744140970910294,3.9891312812490347,4.016226637183252,3.024676876637512,3.2856724895743525,2.0811499267481937,1.4400389508055171,1.8759043774842956,2.198575402032978,4.643939178410982,5.022326370718453,3.2825318101065757,3.185477997801748,2.809799856658314,2.6670911170401252,1.5601990234235363,1.9212182176001902,4.5186762730829555,5.553986982182114,4.603970605450398,4.844956514575909,5.43811616222816
4.029057274758665,5.602212085454158,7.1848157092445355,5.963048018606186,4.8138023069212155,3.3480951423955805,1.8699050639860997,1.8773056171853688,2.6929476766253235,2.986816354880818,5.5720685006237245,2.81526057665535,1.9771648939541508,5.5259016232011495,3.404667725097875,2.323392218368721,2.3531163308342506,5.170023065263396,5.471504989296964,6.193741653714292,6.3596106239625,5.6109781615747645
4.782201170572806,4.915642441902614,5.307694142906399,5.783442199166561,6.185089433268676,4.447123740774265,2.857399584657413,2.8035551039990745,3.520967844842509,4.1876642795186765,6.078304406973081,3.1459383434707497,3.050590784936869,6.446378405498127,5.744978192883087,6.394666717976742,5.85235577582626,6.368780760133108,4.580988718529698,6.616889041838491,6.2992342493802465,5.622882541332289
4.836783272090702,6.006925378797622,6.443796425173249,6.6834720661706175,6.723019198490659,5.463432164332391,2.974936240877347,3.2668327181537458,4.9089438318907925,5.926641447373019,6.789869965040384,5.1736790013925775,3.36141926937761,5.029743493894003,6.622543685791566,5.810553349910353,5.922578676172951,6.601497988989025,5.714841244440043,6.663487437171381,6.886733271344206,6.807106719420044
4.359839861181741,6.375163275754657,6.75924753933399,7.196115128720717,7.261054811718451,4.368280009294784,3.0070681542569755,3.662935271184788,4.833681134832654,7.236890578673342,6.5873877968821795,4.355513461637253,4.528619175525633,6.484361619508378,6.464773317888075,5.7068415115421836,6.602829408227969,6.42481447436258,6.739358836276706,7.078505027731632,7.045053051289393,7.000696492226952
3.9186885075434477,6.533366557963931,7.83343134543425,7.705222708785404,7.569830015216228,6.4225377559158305,3.8595628709033183,3.3893557440196673,4.742753846849553,5.6579208187402905,5.399371234380676,6.843078104373982,6.984466206734004,5.015052837513216,5.441579130671435,3.45869296111655,6.171216877707362,6.524466391194255,7.032175671926953,7.44810790872859,7.096975014325893,3.615171052495841
3.0415906466161244,6.274082077375729,8.034312199018398,7.939275193834074,8.43131908238825,6.894378376164617,4.046866444319985,3.2510074559654942,2.6205783484532685,2.862191312984586,3.2403247551335386,5.784209276141489,5.403246568178489,3.014138700916723,2.7136126941017653,5.337721237354053,5.704005148737599,6.596414057069439,6.904187403357402,6.209997305633926,4.328454785314853,3.015771485517059
2.9319958526284298,5.65097470245004,7.605048217760028,6.902453274420236,7.4410680204656305,7.2094526151865415,3.706291563150602,3.3023345190064375,3.1598152693564,2.9745629000510148,4.520876154693443,3.8806590468846136,2.7846085401550194,2.9170041783212457,2.409315618632586,2.8233510727178586,3.662336825390912,5.587912995730956,2.584805723357661,3.2499567099488766,2.745547424655283,2.4760730882845854
3.446400079147952,5.8201182891483905,6.851032679907857,5.224950895497757,5.219858894221745,4.9802097438971344,3.805547908131421,3.836360359887857,3.8072858777383614,3.7667363557643982,3.5940493565900717,3.322212287333702,3.2819954322116276,3.5815184040056427,3.2133614293828963,2.8560206948229436,3.34323991690846,4.806690977836793,2.4251030899405266,2.5397828220057415,3.1278024370465234,2.417944620422875
5.054228366471334,5.195184272226474,5.950151969776153,4.329217559745578,4.1030590306293435,4.921850694712468,4.089720277433569,4.8343273168045515,3.832338467590685,3.355055042548206,3.9215685510916907,2.8343363029126363,3.180681966924357,2.719828538266503,2.9946924620500437,3.724723764062743,3.2797180784622686,2.4321240848139047,2.829316868269941,2.6771213565931142,1.981813596779558,1.3626493802798996
3.2356181659941994,3.8020062668131773,4.238900436998135,4.467550305948422,3.306172455632331,3.851963744760639,4.526723414030802,5.130258439125379,3.9426080970727266,3.9186951195841147,2.6018949246139234,2.81886405378649,2.8052358272350557,2.184165931171171,2.508195389511147,2.28964170681527,3.5533696492401567,2.035641572781426,2.2805622407921873,1.592435216470323,1.3549456679146248,3.0416010623245087
