script/wind100m.json
{"header": {"parameterCategory": 2, "parameterNumber": 2, "lo1": 3.000054539987559, "la1": 64.9999836372058, "dx": 0.5, "dy": 0.25, "nx": 34, "ny": 52, "refTime": "2026-05-10T01:00:00.000Z"}, "data":
[rows 0 to 23 of 52, columns 0 to 33 of 34]
14.753105185509064,14.644674107224855,13.709563414750395,12.452749115094528,12.575772223011992,13.156319872932718,11.538449602666168,10.77717356797559,11.99383725630177,11.990685044578816,13.154764916177617,12.902109756727665,10.687460742055297,11.381456645493744,11.086802244183538,10.121006462457306,6.818704793039726,3.255868908892523,3.5925401999704145,2.1209677263202455,-0.46522211928352847,0.6071284190031689,-1.269458921285836,1.8944835717394537,1.604463470675963,1.3658993992871749,0.2990821199803414,2.1179742398813857,1.9003249715554649,3.4953064685150785,4.018679209130792,1.4053335293261497,-0.8908172302894155,1.2738371302081206
15.11188319122936,15.290819951831416,14.822454523578056,13.011617727450377,12.3255860538886,12.387035290266846,12.60185748894678,14.2493078674454,12.50108726385866,13.13200648013882,13.097402475881207,11.830710961658559,11.398013776173636,11.527991680748341,11.440494114812587,10.523054255138586,6.578802169493155,1.8501319981791522,1.692902544983905,4.038707670666333,0.32853665737075877,3.097861974914093,-0.5605470629460759,1.2130030466907447,-1.2916968616383335,-0.922034444382254,1.8125220542267833,2.2659802771388433,1.5113310575181909,2.9750810383491246,4.581615477004975,1.0257574315681761,-0.289763471719504,0.6314338676348232
15.05516145933691,15.873023025643802,15.560341640415224,14.744334448159753,13.648014148503595,13.760936091999815,13.861341492615,13.53806302016938,13.595752846930424,13.648622122244486,13.33589386539352,12.121250037901094,12.479055384796068,12.005342296999006,11.67521654518545,11.327552098358442,7.552730876166103,2.9549278944310595,2.7986358109157337,0.2583629026744058,5.661953084797205,3.5201854694746646,-3.6554289447695996,0.4708832077453097,0.07184305184816168,-0.33698938901081443,-0.11404670121937242,1.6834413379301516,1.865702049375051,2.9694628043755333,3.0494220022469696,-0.37165596215998936,-0.559936045376712,-0.47378641138478494
14.503630029046796,15.656421163357077,16.04449287519161,16.107280934774987,15.984997709753456,15.808796764062425,15.482743727175015,13.820718361204078,14.136333846142737,14.117197141193854,12.97115533054245,13.30729616186194,12.730825001030507,13.011037242955968,10.216732617358318,9.8647788009082,4.194116696504824,4.107776328168366,5.6563252783523446,4.425766331629092,4.590167670465773,3.2688033946394937,3.319329318081067,1.4684196159737282,0.2126356688887032,0.1126231767196461,0.9582727707067271,1.0504670943973449,0.9079860101212242,3.610740377946128,-1.0292557328941636,1.739256989622712,-0.2292178195030848,-1.7687504966729357
14.236510306164167,14.846436409892974,15.817783918836735,16.32176510135819,16.420711766712625,15.842707834694165,14.924985652133119,14.018727451358334,13.676590094445427,13.965514105781763,13.59855944190355,13.26605260053342,13.79990853362149,11.433337214057044,8.014192806209149,5.792033750907884,7.515261885913813,4.6868329590999975,3.8398889381476744,9.855195567000015,4.973694629718331,7.417169140275542,-1.2776064792865451,0.012257211403269021,-0.030490468756285718,-1.4938636848702433,1.8094788321451538,1.7637085042099274,1.9471290795047087,-1.8865650389293644,-0.6285754880359818,0.6790300327972306,1.2064568764535932,0.2418122013964508
13.580825535031213,15.001237981183383,15.680808337949736,15.627388510108753,16.35539404093576,15.517513551689245,14.599924810466126,14.05234324646433,13.598303669654074,13.743390531311245,13.207520695299719,13.252028632296154,11.440797338218298,9.307344967213094,6.092003632860047,5.086383510101752,7.180164414885247,5.021443344018503,8.24978540702907,0.9037368856052647,0.28551663935562804,2.6557315273085633,2.2060126172214036,-0.14755016099967874,-1.4871788830640307,-0.2628184716016229,1.8082152868192225,3.3212207668436684,-0.245214389311003,-2.147115931293343,1.2638668226402257,-0.6070050736880369,-1.208867825057581,0.5876885201447103
13.22197182241138,14.019945737757059,14.299445918539535,15.53819807108989,14.858574549997106,14.867621593701724,14.141047435840882,13.609790672223667,13.284360485198215,13.42814500194947,13.39898491139278,11.40144697346446,9.344723772182077,6.845623606367912,3.721157787993531,7.004490941578972,6.640155844891283,4.241841066144386,7.8003938474966,2.914776329864267,1.3792688898821668,1.658114809905684,0.38159301042489774,-1.6476650530913954,-1.62115884805742,-0.3858661760495155,3.2466936113120632,4.482838269382825,-0.6082203226520368,0.8548540951428115,0.06914133659728113,-0.26702317161064437,2.602340924244547,2.120688121208241
12.51751400453213,13.603751147926328,14.034716046139124,14.013051360431477,14.562123113727205,14.52544448377647,13.76297697925287,13.26245260022,13.471658278786268,13.151461514990459,11.907721757262463,3.3490457657137456,5.66348588187987,9.18426183042624,5.568482028898122,5.4384764425932905,0.8948593253833174,4.17003130632336,4.052087945668657,3.2679097566807895,0.672617081131715,1.8059193850941717,-0.9225453263901552,0.6823837249530058,0.9156709868859583,0.9483473411773548,2.9215333085729767,4.444351607313363,0.18287729346594744,-2.709155636076995,2.0415039023982473,0.1856980224737765,3.1923597826041,3.491998781816724
12.569397931847389,12.591000336537169,12.92459871385165,13.265165648339028,13.289261146483977,12.576646325881834,12.565432239163238,13.100765225838273,12.580674691802319,8.721942270790429,4.348891349873966,5.111302966515585,7.515503880410111,7.4255791182305595,6.979749034696239,2.7439025153252383,7.106453232819119,8.131225922947763,1.697989279954093,4.412131323766101,2.341045644504045,-0.39060892964750993,-0.4129305412887749,-0.3679441173657393,2.1085623639145896,1.8196318763692025,2.78562601530499,2.7792467985679625,2.6862653833380294,2.7964151381381006,0.5351310360633601,3.5404671322641073,3.323723666408536,3.481784094755151
12.700460847808085,12.666225204311482,11.991988417819272,12.302565125645096,12.412624779872678,11.901235969610802,12.291412707439449,10.287583820341235,8.04869803744391,4.89889363374938,1.8064277981625787,3.9482751943175933,8.281460951070157,7.147429275394859,1.754493845178484,5.126104274043094,2.377115688885335,3.25263649013285,4.165098668968925,3.5268257878851355,5.768475114554752,4.178498896771527,1.6058280675984344,-0.3390155212479227,2.1279573781580234,3.7886474499571086,3.7090793950951775,3.887330178248472,0.6495670208036485,0.37943271333146605,2.2889450531212727,3.4034502969584457,2.2819356272960345,3.1655491356939236
11.276215496206527,11.847502689843516,11.38048278235596,11.408022020778374,11.30485661484843,10.694915669038576,10.015138076249418,4.1086249985620205,7.453479807867786,1.0826170582165942,8.63915226933209,1.233731934903216,5.9656081044989,11.826703693977354,9.535258313019282,4.645371570343742,3.184994132694286,3.2231101436118528,2.657523887864845,4.032785001024466,2.5729952061601584,3.3895983981252527,2.85556263844873,3.1745109036453765,3.104337086335331,0.7891428990569939,2.1717022824012355,2.696991935136159,1.0652679046940965,0.19449551964630268,3.066342103943252,2.7316733175475902,2.2144638567960353,2.871810412272449
10.215602583821243,10.372464645699006,10.150171647611284,9.755876873914012,9.127348979494496,6.5597371627397,3.9008941462475453,1.3231867007513651,-1.3093456145776838,4.604364990403195,4.281458882914931,9.997766022564793,10.349795721840653,4.185154108439382,7.72339821830686,4.046626836722187,2.070331178404709,4.669800326064642,1.6151780735275059,4.246127594762949,4.680789346403758,2.5458411379596178,3.0033242866132817,2.3776751642282736,1.082725227659433,0.5213621549896041,1.2161069599515717,2.0878782621564405,3.3322636011665634,1.1435473801056533,2.370457562519547,2.442186407099813,2.307750527995964,3.372545267623969
9.63029198639241,9.042552917274977,8.800649282424379,8.316328562448874,7.661921072659859,4.02498781936187,1.6192111148470865,0.46287976082501,4.154194220061714,8.378102313311476,6.3213053641367525,6.713402592570294,10.228780296495234,6.899630367265021,4.384501930175021,7.248813166573537,3.635227901934671,0.3391625502275174,2.654648168123087,0.6453185273210728,2.0253472054818933,4.374285940532769,3.871337979236854,2.774353151188001,0.3338148501444875,0.7090691163642556,-0.62618613040694,0.34045647043916843,1.7225220406930681,2.76857448466367,2.347788973775562,2.461683938576649,2.6713811133573446,3.5165121802549977
9.031013076998379,8.39861112953876,7.790567223228127,6.585677106086906,5.558646886401695,8.099271561494236,9.200404651210425,-0.8727882098350057,5.419003628268387,5.102719745512777,5.800925499943547,9.17112180464523,3.2234993174180557,3.3965385210050054,3.0314533407794233,4.208254661475784,2.9963238001574974,3.088416037691647,2.732610225259087,3.1515842500891003,4.320493379505988,4.886149776811029,5.083498245423026,4.505671573230746,0.16867993783150245,1.8215955831995394,2.8972003548445837,3.2913770660962203,1.76272164102952,2.337837499272812,2.399580877154782,2.5509581487877018,3.5132601284558254,3.493746870228469
8.229457459588328,7.026242095032857,6.34293621843177,4.667241473135199,7.539092629371608,4.301379656530471,0.6014556946185471,3.955400991821011,4.595532699002519,3.6251095031587743,5.01736008520951,7.295219659473803,8.32606492139719,1.1630273115565133,1.6597879356662575,2.794127317516627,0.3606014167833932,4.090905633940339,0.4164166637755483,0.5583842252305112,4.363610023899453,3.0685281673836027,3.09383870655584,0.729321696255066,-0.21813601560980944,0.1887433038990028,0.840085186768523,2.675088975656776,2.659797558255302,2.790694977787545,2.634515541516459,3.4092383192215254,3.8993872362243347,3.07318069719643
6.025174536444709,5.53381598192197,5.168167430589385,6.503687315701281,4.973035235724334,3.0358511755734456,4.769359069849125,-0.5743272562217523,0.555208725297496,4.3670426210046775,8.224703481598011,8.740557727725236,5.245451086421559,4.097455289226134,2.7340278992514078,0.5920883330454048,3.062163192470069,1.4646657717487774,2.1930761655041953,4.315365964035123,7.434423816246289,4.188093436819172,0.13596800116254584,0.19658390812172624,0.6621056109443896,-0.0619529471409943,2.553064910772749,2.7275741074661117,2.680238515506897,2.6839665736406753,2.5058262335960673,3.5672438651940923,4.3588681298094265,2.8026182364048973
6.305889390236542,8.390102719676403,6.161902192592788,6.0720083496930926,1.798148864423616,1.9277381798287816,8.087431137524106,2.8032643130693553,2.125347575731726,1.507038936634564,7.584572342211065,10.966417842573405,3.55711468586583,4.4040901438405795,1.3276870609835243,0.30104904383580805,1.2518554418242591,0.7887377672249247,3.0993767833434744,2.535203468168248,3.904158208381193,3.471921908262525,-0.32060250231767506,0.7279909563125215,0.07474105144510847,-0.9097376758709418,2.113080621445819,2.663806679704259,2.869053238197737,2.5158956112415396,2.485138080556967,2.643649533146437,3.6902805779864805,2.3747180911771806
7.614759280858152,7.282716268154963,5.89592095043738,5.598880988263322,0.9326940897404081,4.291782480158387,3.7963617925335247,0.9468683488398862,7.707014985302505,5.894974620148361,4.028819486382994,4.12684978885593,2.3686461208426453,2.2329386577248718,3.5229638244268706,5.063053578254336,2.5449138685298256,3.4611154676092855,4.687784886916253,4.643515796698416,3.1498945130061204,1.4209616933428468,2.1290785353413675,1.7049704940027262,-1.4391193708095853,-0.9078523131669186,-0.31943379079538764,0.7349112038808472,2.2592925158994244,2.3363646952512966,2.042406973171985,1.942952113702915,2.8835105735572766,1.910935727480054
6.714380708238624,6.404428657266743,5.233311639794843,4.417185969591455,1.829432711556562,0.6243587771728702,5.328878230906505,0.6955017658546544,3.410908066155686,7.844319832505436,5.127793574615871,3.1057319927548224,4.811365833086429,0.6175501996739746,1.6453355580226783,-0.28827327725518276,3.1086657244464933,1.7897431477223438,1.6389579509756174,3.2924069631450554,0.3326504343623554,3.179346643652673,0.7993936596122451,0.4500852990841598,0.2798856337476921,0.027591423670517,-0.8244540846800409,1.5708906547396249,1.0137747828455312,1.2732677902758016,1.9838685627300625,1.3778955170596112,1.9589662426481933,1.9959698488989297
6.1309996589047175,5.3461745449180995,3.9396341131782853,3.9702659388278843,1.7160822851994202,3.914944580502324,0.23408937676229888,8.807798014738328,5.731590664146793,6.0566947678528535,3.6402670671942836,5.469832049380365,2.380190525539859,5.179515244464017,1.349943815480141,1.8360945093695096,1.7620232242555331,1.4088061977741095,1.9112833071599333,2.3744970928870015,0.4284999762976468,0.8298764804489223,1.5276210676414936,-0.1723922460593469,-1.2930657297199641,-0.9812991344508538,-0.39402494051657977,0.4810954898304469,0.27908323767679005,0.7889137504954751,2.3308255192839784,1.881768011760809,1.2716236349439023,0.6727625277848992
5.948594445178541,5.520802927739216,3.8025434609771063,2.671813236322585,1.4450479315322105,1.4832009258401095,-0.797611452958544,-1.5389753465889853,4.74200599364174,2.673931981086737,2.626413011759497,5.711534636411286,2.3977283061597947,1.9690651053454107,0.7653448011094041,2.7470281627897424,3.1350810430072307,2.1097707670932064,7.161531208516356,2.3317256469383345,1.893290231910763,0.6849118658477326,0.0952833746310778,-3.1138733128020903,-0.751595007388508,-0.2592030862094158,-0.18644812389005752,-0.7281189744641348,-0.3258541732919829,0.5051321729554261,1.899520666960868,1.7599185275186295,0.5374365292296296,0.6913329574686136
5.414983118215397,5.094538049118408,3.89877281465108,2.4177004151169945,1.6573568006558188,0.6271091791437825,0.7688157996730196,1.7485334923092437,4.21135060691757,2.713808557999968,2.0018441616969205,3.2213735258219516,-0.039859386691525334,2.917668155119526,2.2240907178804306,1.6438412369628366,4.484075868426906,3.1014227868420554,6.470995963263267,1.0169995911986003,3.3970785100966667,0.7721736259964336,-1.4417889252084195,-2.9716704240203993,-3.0262210259442868,-2.427403420875716,-2.73260529303877,-2.19826247074793,-1.4175280104135652,-0.3264533657374434,1.002466462740405,1.0202149197585655,-0.025156846231743895,-0.497919491847935
5.083187595850431,4.367090479099431,3.221627612356835,3.6598021906250207,2.331782388026471,1.771645076895599,1.1670619732620244,2.7663641939298964,4.954867550213617,3.0854403012915017,0.7277591606155991,1.0998870269449288,1.217344106947783,1.3955452208425607,3.8901195156394075,2.9573747078200703,3.1014976168040382,5.651854223298058,6.046731266658586,5.274376151148593,1.1499416656987664,0.030695927467991078,-2.812191935291828,-2.814817069061449,-3.9799906949234973,-2.8724075744215165,-2.2515346018457953,-2.478791622322663,-2.331283093796902,-0.4498026256058029,0.3091479000858396,-0.32937079012182874,-0.9912270151038959,-0.9632410911962295
5.097256588495801,4.1542870161393,2.979742699212631,2.612556053976858,4.088767145416705,2.163863180685127,2.667201123959879,2.0926466899563843,5.091899576037368,2.6791191859310377,1.0042960933076803,1.572076465405624,3.777721117638279,3.4069518256273637,3.2932078660675166,1.857740592054879,3.245674714557123,5.4854123961019265,5.391494237219567,4.856473119552352,1.4672937327478879,-0.13189565510855217,-2.4092717987495753,-2.5713550725516474,-2.3523607713649564,-1.6571296747919284,-3.1698776434056826,-1.7895019128048724,-1.0039194040265753,-0.41293184633528923,0.0163063516659878,-0.9213228910990053,-1.7480715716794182,-1.4713157922031186
