script/wind10m.json
{"header": {"parameterCategory": 2, "parameterNumber": 3, "lo1": 3.000054539987559, "la1": 64.9999836372058, "dx": 0.5, "dy": 0.25, "nx": 34, "ny": 52, "refTime": "2026-02-22T19:00:00.000Z"}, "data":
[rows 25 to 49 of 52, columns 0 to 33 of 34]
4.62389536423513,5.509908366441546,4.931163449612319,3.7789877228521624,10.836042640949183,8.450511753569822,4.876160004116163,1.5444031356233032,2.646956899209551,-0.1291214477753682,-0.5799296614347472,-1.0210526283052197,-1.323765946311612,0.2541700359705278,1.8172992711124003,1.7060694937295195,1.2510334215386063,0.06902247030090296,0.09602421462679964,-0.833808153580131,0.9377988069874295,1.3918972303614456,1.1122968501615207,1.5854476851106472,1.1188973666951916,0.5501137736791922,1.0323540736020715,0.6232800306269207,0.48561942701936767,1.6478370056041245,2.7963074465187647,3.4148601812216257,3.7833440323837677,3.4546313996517686
4.635272432889038,4.495844502215888,3.758070474317589,3.8019546109792404,2.7060429837686395,8.7173070951261,0.4526751490341575,0.7893422899161481,-0.4011897250838881,-0.5578649670403666,-1.2780809477186001,-1.3090795224121987,-4.032844562142786,2.5105317048706675,4.390187602485305,1.9395670716457527,0.9371201791615605,0.5579152758251038,-0.0336484225877586,-1.3656032648068075,1.971611761881629,1.1513568008723152,0.9513869789965438,1.1956773538102339,0.15056040181412736,0.2190579979587499,0.9950019651008036,1.365293488301865,2.8136518633552194,3.358874723680942,2.2970119751047147,2.9570233466749514,3.2852163623871737,2.8902272873082877
4.008142349322411,4.054630631217509,3.676832096780754,3.480777554348326,3.118543953666781,7.651788039183569,5.134764064277326,-1.8326846062071602,-0.2054471249057524,-0.27334755096445024,-0.8325112571212909,-5.131488080813352,0.3098656527820702,2.8641028156371573,5.896182976537443,3.100249711211898,1.5675837099875343,0.25041179063790847,0.31278018414809833,0.686078069599695,1.3460088989713783,1.5719417316542488,0.8733258801757586,1.3861169219811225,0.5989433752832181,1.4113565994255686,1.0090237645343465,1.0137451699095925,3.149064155786947,3.607044722518416,2.5740976462495126,1.7293393630100329,2.1058275950889724,2.4239768280152605
3.416747354336185,3.11838056058481,2.9405052645991105,3.0913379911305534,2.615939393567425,1.8515079097767004,5.870983445345096,2.7163156301458153,-0.2934458001955286,-1.2071586773971466,-4.403896244002929,-1.0383786326839914,1.6285929927100775,3.0397631215691194,5.173683845534401,7.106114557433694,2.555827907149646,1.2622004726083411,0.6816531758054062,0.7519124989140517,1.1721593122325067,1.739642200918036,1.70809845533981,0.9469466294169068,1.3273266746345218,0.7416601760185715,0.7121068809939258,0.6107030461034444,3.727847946511746,3.792082760022727,3.060892523214523,1.9845461791859913,1.498511251910375,2.381431857968766
3.3296791640642684,2.5473819748011706,2.356213601762563,2.5574836444747246,2.33939508652066,1.492610344104374,2.027927646536377,3.3507096389776763,1.3149494157711987,0.462440410551333,2.4289265301673155,3.387436947344585,3.602279697421219,3.020498378108178,5.016840618597426,6.07585064401325,6.855613141271397,3.350878129530138,1.5533958047014778,1.2827266550223366,1.3619683423702105,2.003816398744443,1.5666872997163956,1.5173341309770743,1.5317168631405886,1.2842999230016312,1.0120968841937945,1.2071950782629255,4.6457020592212706,4.090186697089422,2.899019110740564,0.7860685677741424,4.034017744575083,4.444701891200688
2.2297814233152478,2.3283216470544295,2.4088863840275083,2.7182859214836923,1.8620465010264664,1.0291697441751955,1.0753533063789535,1.5051714128189833,2.0204567947980774,1.422172111717476,2.9291808034339684,4.794297326763452,3.959973147054221,3.986091043199326,2.267782943594,5.803619716172969,5.677234127767872,5.758535654359139,0.19915567587940863,0.8228382043175873,1.1504331179042238,1.5109449904405794,1.5750783555853527,1.715185986490273,1.4667795213965873,1.16035139361458,1.2165353881316587,1.6062246148305408,5.320862878635236,5.12907739586834,3.8361269777828078,1.170908477215541,3.606851218367611,4.290260752028071
2.580600022097451,2.993723510895833,2.889518628195643,2.8217942047505593,2.255167275051088,2.162796460514217,2.004510842553868,1.5109890533532764,2.1705435426534634,1.681736090462227,1.919238152235861,2.694791101104013,1.6879614635420044,1.7612611325662313,1.9655471199649721,3.084210865480556,2.85189589889398,5.591862370487168,4.115925267426059,1.4056589560073345,1.2889311335679472,1.0745312025111604,1.1468692521220383,1.371794944226986,1.268143738253788,1.4639449291270383,1.4721392903895405,2.759777877464868,1.7074080989214078,5.640879285758365,4.621118758225073,1.6789656585857413,4.1385784869636995,4.2700270963802645
2.5501621873758213,3.1567360719541244,3.193596817650394,3.0640604994278666,2.5282464322273537,2.5539798026074876,3.327700351452936,3.8500314362343775,2.7538713652845996,3.6925554924220365,2.0060661076345565,0.8165347859206891,3.4689129062024735,1.6018396779166901,0.794040045723838,4.26832224879978,8.178289364259147,7.099426465880518,6.124272324686136,1.7504057812501612,1.202243453394543,1.8499304006528003,1.6864010294547476,1.2929538739386826,1.190020602393173,1.0786598800529734,1.2742927702440905,2.1440962083263613,5.6084748288132875,5.419107967527658,4.657809332241725,4.572510037889943,4.791532108552895,4.348390473888726
2.342896152704011,2.7971771944377295,3.045118923636887,3.1739826096572963,2.9952928772853706,3.303379213729377,4.001200225604226,4.322260823805357,3.852619898575278,3.1868819878646844,3.40164402007907,1.5761704414342834,2.2688043722140625,2.498395509629379,2.379225546690064,2.937888405492159,7.134970870589642,6.419088291420458,6.802418009108254,5.275709358390957,2.0525613064285793,2.312673773401441,1.7431780810959754,1.5266629556754794,0.8713743602482907,0.9151757725518835,0.7560677731541471,2.1027570158865445,5.925102040887172,5.806687098367899,5.289469241111167,5.145461188650094,5.177417723267701,4.437515746320254
3.7892740218288705,3.6517968408954737,3.3092622911004264,4.371476242304443,3.673370127891088,3.2459648874335287,3.0462834861341803,3.7848213664767005,4.130738874465174,3.2661042745992286,3.1770251006901407,1.719392814888956,1.5845611430219322,1.8950312833491605,1.9273659517419812,3.8818629760406327,6.639835926936799,6.11907031142763,6.411584682501002,5.0599130467824605,2.7108766736897087,1.7536337632810863,1.6884108764205294,2.039490934967774,1.7467596469529587,0.7263737756256401,1.2741209636056292,2.9936763074079384,5.739026436737317,5.664875135418196,6.329701020058688,6.165617062114437,5.626973535071563,4.571109047035056
4.251034087187908,3.8403385118728477,3.546084346288062,4.213535655012624,3.7360448869125022,2.864890681579101,2.4252988326294047,3.5419036381419935,3.3615073151959884,3.094009100234354,3.183112072844812,0.9541799605003491,1.7813535509211043,1.2231220168094648,1.0174858763532693,3.624389428452436,4.7939782207334725,5.956622006779961,4.047134092891206,3.5111977278682156,1.4178332195246923,1.5527398285464995,1.3982885186691139,1.7480081874581292,0.9098376552841981,1.2822362167239367,1.4010798934894988,4.557390394802016,5.836649576772425,5.747476125286021,6.944086518014274,6.582243411075405,5.806171128428501,4.966156943599472
4.070398786858857,3.8121136771171336,4.034332218921656,4.002967421717568,3.3687895103125016,2.7254421889964693,2.654625653080739,2.8300296585456026,3.3099356717803303,2.6400198337418614,2.1889924977129294,0.8896334974568408,0.9372982932002842,0.7445773649280802,0.7098104364588537,4.801328373464989,5.851688357292524,3.0371139922934356,2.339138535034977,2.858741779703941,2.444264764881037,0.9341992728424989,1.0169792682451588,1.0425633092151247,1.9527605559842507,2.3585114497014796,3.149763603775291,4.472866939562878,5.63668364401881,6.505576085533992,7.09950947555407,7.093765052318282,6.007652672506607,6.0783491857820104
3.9070054232289255,3.8370271142406223,4.464098482882687,4.165060337498265,2.8986437894536627,2.589328807146333,2.708267592541929,3.061106511520392,3.0282830138393977,2.1108227127443198,1.697955762207344,0.6984216611673083,0.5207587011602869,0.4659755407068494,1.2203428354306118,2.7967909975193304,3.504909317366061,1.1617552807071174,1.8145304143673788,1.8735880344448483,1.0305001696999527,1.237377722770206,-0.2540873095480746,3.411814917389353,3.604990653459008,2.4429280595784477,3.3398127578403383,4.7726170807827835,5.379819606385639,6.3327395150470895,6.749642489191496,6.534560716276516,5.431230582078807,5.059748880110116
4.339937277284401,4.040252590217821,3.875932691493378,3.604947157027919,3.4691080165015755,2.704914259695052,2.940803969401385,2.7378812146564973,3.1203989586852923,2.2316433563437137,0.6126110872546324,0.7154171269545827,0.303050645410309,0.5698528111580481,1.7138692113722367,1.8980214247177754,1.6380672313048557,0.7764393296233737,0.7613496678543424,2.8841463365528743,2.552096011947002,-0.0259435624781754,-1.1131948938735343,1.430421042479453,2.9122910501691637,3.9686590856426776,3.1706274854642453,3.6223470142411043,4.381939842979989,4.731744197430895,5.301468897909378,6.501327782486318,5.466695052049903,5.243597987211059
4.737318253848258,4.442787049245837,3.019802453007482,3.2821761105440155,3.2848438646065556,2.7665462135731844,2.9449699101862272,3.0408992133253436,2.8087049343305748,2.396242627876122,1.341334510105866,0.5586374753358436,-0.2507096822686075,0.5972882729359702,0.480630387337335,1.474955559690151,1.661974350629866,1.8769386985322793,1.4912494346334582,2.555528893508876,1.5225659833776686,1.852539809485652,3.067853045510747,4.1991908928577635,2.8715969434814865,3.8611004936266067,3.814406330710888,3.2922823899922746,3.2298703363145,3.560790510161682,4.647275097415397,5.079921663997219,5.242797396473134,4.491274762569076
4.0578127902583825,3.9082707630620153,4.074897558396958,2.8033964258143875,2.537413556529345,2.3248575888629026,2.965710007320536,2.793653399588291,2.6060514169151925,1.924358842097741,1.5486869315877503,1.2603849061255001,-0.021312888642701144,0.15989178057763384,0.8923987658963306,1.039881576231229,1.6471273853569506,2.7214404181555807,1.4364977673047987,1.386347575700361,0.9231562766136256,0.9878349112396586,2.585106129815445,2.0397075078171913,1.6875791918339815,5.065558152430336,5.066550261396063,3.80373267529136,3.05486057090832,2.1389849760521615,4.147523443803456,4.607286670121684,4.279734445042174,4.570988845961119
3.879724162500524,3.5295899380580416,3.782537684008186,4.471702798267223,3.0227849669519773,2.475302814809829,2.855978629140791,2.719537630027544,2.5023424102799523,2.2085787868562905,1.6854457837471142,1.3997630061890307,-0.025352656507281877,0.21764201871852584,0.5881336756061374,1.1720230393286035,1.2656183351676982,1.2764694885831271,0.6790976235669988,1.9512066509453732,0.8509498664136672,1.7004084658628502,2.8397728741068917,3.513999295100314,3.209908498323646,4.6175613869590935,5.561910433837248,3.3452808085750347,2.2151188444198473,2.0729173088994877,2.799243625212974,3.7408700611385544,3.7399046766538304,3.119786235109439
4.541958269810775,3.6311204918586273,3.3657582452259636,4.003453037040374,4.625189685217211,3.2790151534298064,3.048424057359704,3.2287993838558853,3.5646132011048683,3.2643710435858573,2.7493499054532564,2.122906848863005,0.35386311555807426,-0.17216535777728234,1.1854207436798982,2.587508510372115,2.110755764893434,1.5512539794261258,3.9173962345753015,2.7671225482971398,1.5183477453510468,0.18970137209104507,2.3649832650968836,3.649269817782924,4.7629453961143735,5.136121820762782,5.193967018955728,3.371392156350149,2.8679633174259576,3.8727844443285955,3.136558617783857,2.8483029001783637,2.113566932308172,2.9896398666082207
4.870891615503028,4.144976103358059,3.722627274099061,4.073253108545713,4.102832471589111,3.9174280825177368,3.1438506362333305,3.2581413375706596,3.794268864288191,4.0811783725716415,3.016971104285421,3.239578659161039,0.679812850293519,-0.07450308793643638,0.3908294038777771,1.0294892311381363,1.8002620973876582,4.5556203823799555,2.974982160821502,1.320417929069823,1.290747033173507,2.957599925382023,3.6857923262580035,4.879001045084992,4.742529712917376,3.5552646775206664,3.5467880072862594,3.368874486539342,2.1106912289043764,2.1815524381682034,2.408076743590563,1.4749932136689294,2.3720080102145458,3.625543383677559
4.862886593960777,4.349085415825223,4.565597854252736,4.539978701692947,4.044040249663174,3.302216591698701,4.047598183050037,3.4228092848321032,3.5431138871458816,3.7799732398901216,2.8874787646672675,2.728245473524109,1.7405231556657907,0.26722728376932475,0.9460358648950141,1.4524276757613008,2.684756381088947,2.7233109954348396,2.3594269383440585,2.454916373311358,1.535137526378767,1.808475902924147,1.908883585997493,3.8235156751559916,1.5188027843921803,2.8710932043673774,2.02140611676626,1.974292735033532,2.4675145612235974,1.329860794177776,0.9122530863529008,2.0409388889178834,3.03403630780568,4.734736957028705
5.255333475760497,4.628316906875324,4.845917923036382,4.817159322579003,5.120481276270541,4.715742786510546,4.349656489925084,4.348886666743982,3.9243233703923766,3.399243368613451,2.4855403133541736,2.48834315738717,0.3546058204920286,0.6341232349873588,0.9735421105651231,0.9658723474948743,0.08695224977462697,0.9941836452189569,1.8389341721860928,1.709285499328429,1.9187893086504657,2.1991083789401533,1.5727787602206451,3.1976887038694866,1.5428597947252414,1.6887153945177809,2.480091824415698,0.948827316772367,1.3499153986191834,1.504630134604367,1.410380088781465,1.8105090745331083,2.714707009970856,1.8557150955308557
5.3226475238212965,4.764199729219381,3.865564932923322,4.776316073915292,4.933169380266764,5.4826169575741535,5.166296480554121,3.565269230864337,4.048778066313688,1.0347881757963373,0.8203028829795264,0.8029835815279399,0.20819193860350818,-0.171163368114863,-1.2846581105311652,-1.2770950967618213,0.007575744876236779,0.6584774719012647,1.07301614231918,1.2379424736035876,1.7294707967745826,1.8625940567168306,1.6932228944263117,1.293922658939344,1.582522371054832,1.8626439842379183,1.8079539835570348,1.3576658350762119,1.8749424393973255,1.9230749641496843,1.5069007626530613,1.1903575523323384,2.930121517962594,2.619570188754373
5.004643685328635,4.777854888040306,4.512895093333712,4.727084498617778,4.373668460975836,5.811436973171794,2.899407260546982,2.5369950748937495,1.9589627546530113,1.1626288041083572,0.7074829451933732,0.22102584092830693,0.47124803596106857,0.41176105971517957,-0.508479062508453,-0.8529891849436863,-0.006427706626361563,0.9078294227007101,0.504498256194155,0.5357604233855783,0.6782350431019268,1.3363939059334624,1.9791615899987,1.451197499836766,1.5456483971874788,1.0455905356855002,1.0686742556804742,2.105385460030719,1.978535904424035,2.116168588394178,1.421867304139433,2.4647342208759646,2.2865264264824043,3.0539638586816213
5.078191453543413,4.599866927330828,5.290703111032248,5.431080543282071,4.422595450851997,3.090075407621872,2.523829549398197,2.109981872084151,2.0021629289165266,2.3143278078315483,1.6908491120048843,0.45876492825572823,-0.009247898227693962,-0.09613674259428973,-0.5299657874485837,-0.5913712571679466,0.28880109505665436,0.6954524778572925,0.5945078742355482,0.4711167572315352,0.5862369725744422,1.4073322002810864,1.74933905937012,1.4370623317902198,1.5553567320284891,1.325792928928847,1.4950943461903294,1.3653669909837693,1.9300601006753162,2.518512614147651,1.2717283014977578,1.672346563722637,3.021705476380745,2.100783828774954
4.721356666165891,5.028788599870677,4.694238496232937,4.980552017756839,2.558338793849556,4.655325418981236,2.069683335235954,1.5929541676084242,1.609551572752256,0.8359665889062875,0.007450410400007466,0.02355974321967542,0.1240645164120246,-0.4571390616127634,-0.7001849653985395,0.4464800655586088,0.7346811042011858,1.0827162152133263,1.7471916315538036,1.279959797808528,2.119693904224988,0.9792066110773961,1.2723149603556663,1.961532700218606,1.9031913590374632,2.0868569220736926,1.377446669753154,1.4205969929458506,2.4866703274156006,2.52740402873626,2.004770864772972,2.735617534287489,1.5285488139443555,2.8725979859665713
