script/wind350m.json
{"header": {"parameterCategory": 2, "parameterNumber": 3, "lo1": 3.000054539987559, "la1": 64.9999836372058, "dx": 0.5, "dy": 0.25, "nx": 34, "ny": 52, "refTime": "2025-12-08T02:00:00.000Z"}, "data":
[rows 25 to 49 of 52, columns 0 to 33 of 34]
4.059836470525861,6.22357788059482,8.491143775039781,11.276562436990186,9.28280098426453,8.779015850306996,9.879667039660982,9.631597192847906,11.371184986701804,8.235738918147677,7.188356603034936,6.911625567347391,8.50913468881935,11.299815948063767,12.484999320408045,13.183243305375647,11.772607521045842,10.403869323041597,10.291814676396152,10.582454306533037,8.398903691096203,11.46176724585651,11.139502156437151,9.171152842414505,9.779615317520193,9.604679162842688,9.775075845451523,9.174640114968074,9.232927286058354,9.080827683502246,8.588573012448874,7.236132041289803,8.501782309087801,8.991313164747375
5.628545126043914,7.382451382723506,8.028687056306284,9.876720177874125,11.057495232104671,10.557091785336313,7.50115712459093,8.885188457349598,6.241124495481217,9.528287941221908,9.209458437928758,8.741928297221257,9.142322684194442,11.716994164785403,11.39644795978086,13.025674512384182,12.179029849239596,8.708936535308968,9.157677159886385,9.88250379443317,10.803814920533258,11.370372930926216,11.845811102898299,9.852987275713943,9.011753218047085,8.8049953014115,9.372474615303377,9.594440340610674,10.146968329194367,10.876387428811897,9.122766939748619,7.675423652081552,7.161600615891804,9.005714105282022
1.8613730801208341,5.5448741682129485,7.470901755819367,9.078123466096978,9.662823391842284,11.258604935873093,11.29762434618248,7.454360447584892,10.800758614890665,11.23909912179908,9.788365806555891,10.958154423408466,11.819641501992269,12.280844526624751,11.681760991957114,13.480331662412299,12.394481580823792,10.214556797512067,10.351306918692742,10.167954374709101,9.855278283932638,11.068897069280515,9.848608802766183,11.652630386932636,10.577433918985143,10.798899066684813,8.547130340773691,8.905239716950128,10.810219390537881,11.634529402209944,9.817557139368393,8.04520660008537,8.242201801162397,8.869755709490654
2.6055741804939268,4.91860450126876,7.334341753122584,10.062303899428892,12.577713130026615,10.378944212025921,9.293261439996845,8.716892177034223,8.782375386289255,6.79305631681218,10.00798970692882,11.905921238970413,12.409078210697505,11.598655147607555,12.772819224772897,13.293753726625791,13.1785113236405,11.678850336433632,12.13269642048345,11.348330795071105,10.595160925960322,9.89604313770469,10.351931223824431,10.323507599137525,11.008238794879857,9.932189083827659,9.837717160902208,7.738965385757268,10.15098108164415,11.49540564839846,10.896863087290912,9.590962850203049,8.720134710431575,8.778060875170222
9.34960516363923,11.614481024642346,14.355438670269141,14.091455940098736,13.030451193716601,13.610396711934781,13.979522128507732,12.180594175202696,10.000494556595932,9.72835274620428,10.594317416332734,11.286499836472617,11.706041816900923,11.750775674032955,12.147881604729319,13.192875394481028,13.672947412913505,14.07574552577758,10.135933658827346,11.720946532464426,14.415650043718832,13.113422061714585,10.954580170571619,10.892567247470437,11.6719615101137,9.783200205964778,9.96126177981029,9.679842399049992,10.813838563372498,10.295918894313015,11.035209554209125,10.912304252822606,9.446047206077164,8.718576158335182
7.624895321660955,12.121421315160973,14.97985691295332,14.047773361253006,18.53716698262216,17.129560514965767,14.051801867771015,12.683844210466033,13.371474587906825,13.366911750985732,13.417267572305985,12.656277825006507,12.09823360811745,13.229401252160667,12.73517079704683,16.017280321038104,13.568986153682253,12.452564112429059,10.372366395438267,10.798417711849686,11.83710491480769,11.659279830827034,11.410841572678613,12.90727435588815,10.128639790900824,11.387040578454982,9.317700558597986,9.701472896022194,10.467564328549336,10.694540574930405,9.644229053316812,9.609149404350772,9.519063757178996,9.120224441194038
9.713808239169742,15.732056496390813,17.060115057825488,17.202524673793018,14.733045472456435,18.726305631487424,20.251567516429887,17.992621278441558,14.034840774299935,13.495839157174354,14.590594059712284,13.873824366276708,11.9639526718288,10.744580376849148,13.438059528970749,15.474384981923304,15.57785136020383,17.372896826006897,16.033744549574955,11.256283881470482,11.517581731271795,11.563000720470635,12.211145369035222,12.47035268833965,11.97776719807779,11.830186179108171,11.751537632728002,10.63360472386135,11.201851092874483,11.492856211492398,11.375501600891921,8.652468765654383,10.132106627933425,9.87965024096442
7.462986807474681,16.841398509655004,20.92075548145655,18.708943444983927,16.683695492411424,14.678841488534617,13.387654397133192,21.608568246487803,20.068650742809556,15.909673550867401,14.043582615233973,14.519357348617238,15.177073111595917,13.334240641514068,12.387668849455972,16.480345493957437,18.65798842249333,16.008374514349953,16.673350329740643,14.607625425286331,10.986347435094196,12.332736696664,12.545622960655384,12.122605855189754,12.551833429089442,11.392151880343794,11.212812034425665,10.954260731100954,11.873968384349052,11.35383769340499,10.979765649817693,10.511101625326068,10.024898537216371,9.619880396694239
3.341965818717651,13.837930050230131,21.55808422907577,19.48185157334756,17.22241911491764,13.748568821119665,10.843802234380222,19.417919946819474,21.553266447536586,19.262843012300735,16.170434084802455,14.39419762362165,14.513782671939012,15.87167522397971,15.243821116656965,16.62626642813372,18.75832578343809,17.196603302871413,17.34389476437318,14.81840659095312,13.0566323839883,12.229232496849981,11.33542361404807,12.655994969783137,11.95338566371602,12.469999635364507,8.72270089060288,11.046317513619755,11.543691746889106,11.536877635368306,10.858878379522464,11.005301070217179,10.420048865806296,9.627984301437202
5.048465001274122,12.71286793476864,17.605712365992094,17.847347721550175,15.538457190181086,13.852569188093048,12.030470026717252,10.77587758737479,20.985631701392442,21.468245214256648,18.499397014698904,15.041044208845348,13.986863676398947,15.476012263035063,17.25142230559008,17.924109493324107,18.518896826957658,17.87910781499112,18.14199049636602,14.614376572411743,10.80968978306432,11.103448004554789,11.021986276279696,12.997709773661187,10.272535903633072,11.46304355665893,10.68248358398313,9.792833442119399,11.530565677411852,10.729971566529839,11.446193730891096,10.490954203987181,9.738657015780843,9.051684892430474
6.018492875598121,9.51630819791649,13.98223196289379,14.700362063518035,13.631149108824081,12.047282023689553,11.247030603352227,9.669561143562994,11.022942384101382,22.025456926119144,21.18252118114278,17.22456503561497,17.290952718349544,15.889441839289441,18.01571768083098,19.532114568801664,19.43824156898846,17.710301259949382,17.24633172680794,15.50192745872582,12.282623483521702,10.486749952768387,10.321477740812655,10.682024973617596,11.14584903425444,10.78874041008542,10.279884556146643,9.4826996304606,9.560465464914715,9.73464691736642,10.699343678231125,9.210062650559578,8.95305150510407,9.178801190137259
4.926392781274429,8.67739446037764,10.557990418482063,12.537586577008813,11.501382875428316,10.1356275827865,10.00410986788059,9.337588677723078,8.789031724704548,14.67036404727326,22.583573024681957,17.708284853159945,16.415345710087696,16.46087962941079,18.04519384263211,20.47635994512966,19.527843458610675,19.43607374368618,17.803041416156855,15.884441200975623,16.143191698432002,15.02437920717534,9.895044576291163,11.962409667182827,11.467474333105123,11.382745874440538,11.727688371002863,10.492242060871572,9.098910434928696,8.474864009811595,8.469644102677309,8.857132680652294,8.299753303173404,10.24631331642126
2.6979761134502716,5.8136464488448585,7.9580467297540185,9.674097881100822,9.929806084418729,8.52522658336571,9.19311757808376,8.104270881767329,7.5151476693203705,8.545002966757108,17.479974648758713,17.93149427284067,16.631088328655533,15.381764360377803,16.846377219451842,20.675756369496465,20.19926688827031,17.83069719703214,17.982303463803486,16.803006394599894,17.050927789367538,15.706167820769506,13.505137157279599,12.58339244165762,11.585561470395758,12.348417673140998,12.072512120985452,9.953905843510222,10.54280445013702,9.059016277323277,7.761373107165593,8.820423805972991,7.00241681683164,10.738344003991074
4.224598886786067,5.868807621888592,6.657128824846361,7.611113128719926,7.09130836485741,6.5050651876081025,6.467534012152803,7.072222239371432,7.681111077198649,7.839771461624772,9.803532069954688,18.157399725451327,17.180818044093765,18.774121789808262,18.284628547570307,18.570072876615964,20.070476141236895,17.106276904680197,18.666210191685867,18.2288363895094,16.596058867648946,14.352769310480435,13.708710431032225,13.93351469258984,14.005278331317284,13.565322435499576,12.245537747480439,10.66433250230851,10.659609353264127,8.388712773466612,6.989774437088566,7.916240146101582,6.700662656455488,10.761697472593577
5.047747809266053,6.103917500352548,6.6916959058009375,6.289041502259208,5.710466505111815,5.325193263690257,5.57801803260622,6.162195169648292,6.612343811595153,6.414251718891366,8.16864331758506,13.891355891964086,16.731179417505945,18.196034071614875,20.573034520374268,18.828500800794565,20.42014839928405,17.86553358142349,17.99344518589315,18.216428849428773,17.954819971522554,15.192241972079051,15.095469640525215,13.65714244480857,13.498312046512545,12.957374603874541,12.228741253298942,10.8648903530313,9.547290235898096,8.420430423523872,9.855629254740553,9.232377907593609,7.2550350287281145,11.612524657656223
7.281186277283077,7.846882942705834,7.665689106463737,6.998232119315794,6.103892280517679,5.027946475429309,5.349037239640099,5.498775931639532,5.865071685251459,5.7784260023517175,6.949737654768682,9.906614851359324,14.857662888045516,17.027261911833104,18.674957489911165,19.657815766016594,19.575452296625123,19.599981213367297,17.788993213523405,19.75575219364631,19.52326908136857,16.269636780908314,15.427594974104041,14.895865641476481,12.127650093353735,13.107210106839704,12.794740379911783,13.143589659438835,10.316495069854003,11.366522239718607,11.827728479577663,8.814555775041978,8.878315051836893,10.743705969740983
6.968246748055811,7.451724585053987,7.6278965537694825,7.694348785371976,7.1917015781830065,6.0114535193997725,4.738750835711144,5.463235071607144,5.594090147723719,4.535763472668764,4.7786473926615605,7.57580891445803,12.512515386921947,15.216313361603131,17.00167429491092,19.083520898961588,20.16235514164383,20.04607153720459,18.472966976729605,19.02444305466057,20.887245983019284,18.333579455515252,15.956232923397785,14.149602669122501,14.19626307880079,13.80339733612998,14.186582524288092,14.352046015349892,13.340039207250381,13.58723272825868,13.673878067536236,11.632015131820385,9.290500557374806,9.332924421789729
7.307455663204383,7.3910145560339675,7.73343693380682,7.324409804745722,6.979228588746671,6.03527386263466,4.370412289787249,5.2747581105475545,4.970869843407367,4.160147835892419,5.109663175754223,5.891427194458926,10.03136786715102,12.453034321260914,16.58636344936978,17.86660694449455,20.338620080223183,19.98680650000182,18.886856468663986,18.78008057629823,20.426686661663194,19.381184133880872,16.780986424427397,15.238973741419438,14.856676250046691,13.546184854657794,13.932411745650388,13.876562211906688,12.343694314251069,14.159185278157652,12.771132430330116,11.311094860868256,9.213380800328196,8.712426692596361
7.079469022323035,7.152017569736116,7.050599917785337,7.631220846122497,7.070262205867089,5.765500862783816,4.23049135869884,5.029763265099452,4.665671618847795,2.0194905898452404,5.703156255998924,6.1064348886514015,7.855359909292343,10.612238191960758,14.924089421831727,16.07163866260244,18.08238747796516,19.47217195692212,19.644304002041952,18.495485227355736,19.264832549855385,18.74147947945488,17.829374254724605,15.939601660049798,15.531459340093356,14.642085919134265,13.780702546573584,13.62455650114435,12.970671188785994,12.988218905290568,11.629143741490934,9.59054670248835,9.397739040377136,8.49816725702653
6.015598221624277,6.729989849575406,7.119910487957493,6.553549116862755,6.77935191557953,5.729380026566248,4.223560496200779,4.397188922582129,5.094405645700485,5.082628885933721,3.9205864956869263,6.662068856847706,6.465374643364188,9.484228765993706,13.55213433217053,15.608330725660105,18.633972952853956,18.241457412594972,17.116377042797186,17.650435531046416,17.66374686720179,17.158828480695007,17.84870202810062,17.484482764460253,15.765322733148551,15.802353752023407,14.284639850009563,13.023091285000937,12.710686184023109,11.3768868237753,10.211150631947932,9.492903498336078,9.75559946578183,8.751394910857126
4.6671366889397214,5.590535194213505,5.9609598896703,5.834026021514151,4.953669243026049,4.116998838507497,3.337761959596502,4.077029884397272,4.316886255328831,4.676856719409956,4.319192607381993,4.602980866701026,6.476027430221382,8.653466526771668,11.80195824094404,15.013541745338275,16.94543198440172,16.839983444458124,17.307164979296857,16.921855366160823,17.9285042440157,16.961822793863124,16.771029752690435,16.73985479263941,16.0811680684199,15.527038830217094,14.598492539223729,13.191637470757257,11.26326422231876,10.740172603876726,9.83639446713552,9.554298123187356,9.458321180727413,7.377727212402588
5.214652653946934,5.193565604349583,5.769884488507857,4.834285396566895,4.130891574506716,3.4576570119244945,3.8496140084924146,3.729643060438587,5.101426568912102,5.164446990706742,4.579640837912736,4.074438926794433,6.446217709858028,8.189276453247473,10.107139770839256,12.693031973027816,14.92254581793252,15.782076297031681,17.39102091731311,17.34209122719768,16.697456478251222,15.61830616326354,15.095980507812836,16.292068839089072,15.653416010020665,14.479502368417146,12.428024454121317,11.15408567227377,11.821321974175346,10.206616109769039,9.676377838867392,9.677977401928453,8.94510324295544,8.623540277610932
5.78556739818669,5.735904018374427,5.251102405261405,5.660541460123093,3.7757953683614516,3.6760479567736883,3.4846170163265837,4.244503571145714,5.346711320472506,5.689322137205864,4.962442068441995,3.7300499547520425,5.91361050633495,7.470940428781382,9.204675713973154,11.81174257562291,12.898065414030716,15.634707407506182,16.331782774153588,16.959761870777953,15.514216608691127,14.81229522582031,15.078758564049014,13.66234128442999,14.46374169102974,12.200260606584084,11.290750499176745,10.838442040585266,11.623640288715984,11.043987050242526,10.42056372750258,9.304303884149371,8.033637306112574,7.076823761166519
7.155944010731667,6.430569735438479,5.935659405116155,5.63365770064641,4.386116449002817,3.9481554074367415,4.873673250113382,5.472056073543943,5.086674206510943,5.535247252210977,4.403851819668022,4.440836072468393,6.5769908250343745,7.532565894446243,7.8025273997695574,10.623900403789875,13.45351308286952,15.176185939006244,15.257593020322584,15.610014129458415,14.953148734131343,13.965300041151147,14.922973199631423,12.762351145484445,12.862164326411497,11.910653470862597,12.103086314757872,10.932367828626148,10.423701988297463,9.912621801947505,9.643682474510998,8.669486380808634,7.67445750507555,6.203051897532923
7.29528207043312,6.08727224769763,5.926608051534965,5.546653350980293,4.845143188874288,4.699084290881917,4.988164534235951,4.810871448732818,4.445017949319463,4.771082392375198,3.800676094531184,5.453489589545916,6.00224018189663,6.090603631443515,7.3146162007527815,10.054235568086536,12.744433842316425,14.201022113264125,15.235022137978222,15.588041343713396,14.476495835289377,13.76329336052605,14.193753675861538,11.217136957401612,11.835102689526051,10.739409315064702,12.251639630448706,11.051675870767468,8.66305313540915,8.023218682163076,9.35248083047752,8.408106971984093,6.929600162089784,5.122995155383356
