script/wind50m.json
{"header": {"parameterCategory": 2, "parameterNumber": 2, "lo1": 6.000198445256149, "la1": 58.999992894266676, "dx": 0.5, "dy": 0.25, "nx": 22, "ny": 24, "refTime": "2024-04-08T20:00:00.000Z"}, "data":
[rows 0 to 23 of 24, columns 0 to 21 of 22]
-0.15805642813572318,-2.864564668333917,-4.600688271739524,-4.198257967631261,-4.273626221033956,-5.267131750056994,-3.9655473747059453,-2.8083152494289294,-8.25251754757354,-3.342772759421105,-1.985975235854965,-3.66534379524745,0.27254678320122394,-0.3153501771721647,1.0038282002906052,-0.7498391808510764,0.5016650358599727,-1.3728635535216758,-0.9360689283195082,-0.5473664942941382,1.13096243754424,1.403111084885054
-0.11913612130075187,-3.033311535808593,-4.7844980349776565,-5.978092415948523,-5.706323351420099,-6.765668174734766,-4.848257041668485,-4.883216672276602,-1.615029418212484,0.08977412925560899,-6.703220867258042,-1.4834062713897918,0.7778524635524708,1.3604507421855931,0.8663739653815419,0.06425634500315155,-0.010905695811887646,-1.0436958425873233,0.02097449326993819,0.7227124308001763,2.557095490507549,0.9733587156128461
0.8475665529902562,-1.645284576972075,-4.615517827548514,-6.1470423571436035,-7.380093225032658,-3.7302071673335684,-10.469948141971171,-3.0871748543530453,-7.845492817466688,-7.8323112305299025,-0.9280638151221848,2.1635781472181224,-3.455355768534034,-3.4249181386319125,1.580193646105869,1.5940540252847641,1.1147915252369478,-1.1356860384729335,0.8950022005321605,-3.488388489520662,-1.2797741013805248,1.983934711729597
0.9839748076142364,-1.6859435831026606,-4.427951010591455,-6.168474346068959,-8.53644774225855,-9.58058269436005,-8.465589018117534,-3.6985473035328282,-1.2523342176800638,1.1464214385258076,0.5787923320882392,-5.428278456171351,-1.9793581447174622,-0.19418738735097005,-0.6753224597840668,1.5835136950663704,1.6447031112817567,-0.14027650754067117,-1.3552918135224474,-0.4020703268900183,-1.3630352206519802,3.558642615286633
0.5080556867745888,-2.131280735807494,-4.86096714700813,-3.9026260585770047,-7.6009484119694095,-6.051109358086392,-6.907576763055183,-9.007607823648131,-7.6077782019027875,-5.150448541101681,-5.334649545690681,-5.116297947460264,-0.9436147646356958,1.4783657377533832,0.31236393284271147,1.3461724817435818,0.6076833189291105,1.3286344507089862,0.8031439252708553,-1.5553835292569607,1.851740156434297,1.046451376406723
1.0943127228848324,-3.9174612079355966,-4.289215337786179,-8.593960899202711,-3.302585097408077,-4.908979009618807,-10.622277410229373,-2.8118723841559996,-1.2573033839721115,-0.9214863106018681,-0.23059306957676137,-2.1151491419347304,2.6474875958644155,-0.4768783565210425,-0.6889812861477032,0.03278685840742371,1.1741150039001012,-2.098426762268763,0.2114437403267,1.5054509010375536,0.27172691168250646,4.526626395280794
1.0516566136686474,-1.6201983610819606,-4.51652154222773,-3.7851325821867996,-4.371445590942907,-4.117499448911953,-4.389822162846139,-4.696248039050526,-8.281162549349961,-7.122416063823586,1.075964155085227,-5.508319706519038,-4.719607646652034,-2.7360148247054332,0.13069133110707817,-0.7787933604405621,-0.7661356010263966,-0.22386473156818953,-0.21713238162860257,-2.0758814742702656,2.1393275379569596,1.3711391389143242
1.1974179854209988,-2.158618181737867,-4.79995106285844,-2.929578037434116,-5.554523643937207,-7.751819504675845,-6.619975570086953,-9.093631892677767,-1.0330605978722935,0.8495509279997968,-0.8888275025690089,-3.183232877602471,-3.663237104980909,-1.3679123823813721,1.4913367028271405,1.2869681784244984,1.0186499145681316,0.17100541825204207,-3.6059478940649723,0.5541258869960183,-0.4464307342660803,-2.8497326999803136
0.8346180713911386,-1.6893847679046523,-4.426044349208318,-3.3068728975906287,-5.41779237553948,-8.00188504009016,-10.538597042572325,-2.3471772998967406,-7.991744595786288,-0.5457093109381735,1.0445513383759861,-1.9030195741011657,-1.6197404800009019,-2.237370976440485,0.7282682902473552,1.5963455131872075,1.5529585571350293,-0.497668089083341,-4.661994715544556,0.544843498637033,-3.1680594026967346,1.3543571022835428
0.7436904076137141,-5.071718909065146,-2.8165999610846173,-3.49797182026732,-8.49304044423943,-6.601382904636528,-3.7275063211729282,-5.12665953265739,-1.9291917746845868,-3.698911517057213,-7.360254644895725,0.939623528229409,1.7150845100965506,-2.998673911324045,0.011522362562259046,1.4730338521828814,-0.11573520662756366,-0.4742429887324542,-0.7617679752735057,-3.2551769026953714,3.7817010889090765,-3.1492271424475455
0.025859567927743937,-4.313972129076098,-3.3766693026317505,-4.416091444634352,-3.3827603505481423,-6.0649689757224845,-5.218129761151075,-3.356097313570431,-8.150704564017364,1.1192733172688383,-0.8241922345121689,-3.649222899843025,0.6975166523993728,-0.4853644782549361,0.6915162297212775,-0.2861947622059062,-0.2999774617726699,0.9371499418504068,-1.6528222031533073,-1.0745042828509468,-0.49785455705364634,0.9920307658882412
1.348350863973435,-4.729887554412504,-4.976899302704526,-4.819831016669049,-4.484510252279836,-2.4455539494618863,-10.791398853548202,-8.375491240795856,-1.8694350789040182,-3.8384478260152046,0.4935919402924887,-1.7192691776870894,-1.7588552089902758,1.5082910919260935,-0.15048951941927755,-0.8253993444896215,1.233810281315849,0.917615455184484,-1.5433884370871296,-0.14479532757818758,0.10616774050855728,-1.187243290862151
1.0161718309546843,-4.6812693277792965,-5.0002703528768695,-6.140613497849717,-7.335885412955193,-4.019920103043771,-5.203319334326643,-10.0736455169499,-5.373517733008117,0.22378173332536097,-7.3516468646994175,0.9320458930473347,-2.9833438703419897,-0.965266202779913,-0.17256021700166585,0.05934448420234191,3.044634366670313,-0.7303983534146413,-4.628663588962997,-3.5585121886987054,0.5855871009139356,1.016294792097605
0.6061110573474511,-4.815737747041577,-4.8028811847733515,-6.024524720332259,-7.44476949466474,-8.947381531949645,-3.5478309659177016,-3.064341263710719,-1.7862919478573664,-5.291157056667631,-0.8792320362071839,-3.9396221671223937,-0.48690033190385146,-2.640310714453293,0.675014346771143,1.1028827403748334,1.0180748228118364,0.8003954580020439,0.36633583433868067,-0.4651136679620571,1.1658162244232264,-1.1619817649067123
0.11234224340165226,-4.791793097962146,-4.2216647279506345,-8.5693625061641,-8.992478562018434,-8.468033753843565,-10.387217205926099,-8.871628526142498,-4.881193628207495,-0.7758793553272233,0.5475719951351381,-3.57456147747648,1.9658066948018988,-0.9730689253834308,0.9553279144386809,-0.5964730269767524,1.0795252420840677,0.7613812808339351,-0.4916576830203837,1.4777012788697652,2.1100105676835264,2.5847452318783937
0.7304197377621523,-4.554360054205057,-5.13321990694929,-2.049215732154099,-3.678375078422289,-4.2998706664035335,-6.594529875046616,-2.5260054923583444,-2.0215354959640557,-7.319561543388249,-4.243962819027252,-1.5392284250431674,-2.773554271534997,0.18600482440546376,0.7863439177044319,-0.03365912735426437,1.6657520921301052,-1.7904382256171145,-0.33719901613261155,-3.4515382817995497,-0.9565177651433614,2.310003479036513
-0.4041129268043209,-5.0794593888590605,-4.571674717649665,-4.930359002195191,-4.315941355410519,-4.249453843881507,-6.414169548213366,-5.768359539329006,-4.442422474672248,-1.2620434524075541,-2.5008187640785717,0.8960516152521502,-3.607193530220047,-2.8099399993878738,1.3120055523935907,0.40240448861079714,3.015534839272248,0.43939387545416825,-3.916357703002883,-1.0254052036257346,1.8586596737998475,1.443741959407456
0.5875375204847154,-4.103974883518184,-5.067116531395822,-3.2634681475622935,-5.729909374373514,-6.007908477421913,-10.285206574407365,-3.1428865998095925,-2.099096141945262,-0.09525180006764136,-6.133666253228488,-3.8680842433676204,-3.464629693753551,-3.3585534477112753,1.878744866362878,1.478371129128744,-0.8687859596957416,-0.8335707698659082,0.8390237116788672,0.6163098704201107,-1.2049177369196777,2.1309297451216507
0.8260019152923797,-4.848571969998867,-3.3319194737897218,-3.9968849228985883,-5.352382166881058,-1.5723679311895213,-8.601323971603708,-4.961801194394661,-3.5178701908584618,-4.9390942623866,-4.7022055339507025,-2.2628992379747155,-1.243886148986809,0.8107540277622531,-0.28423285957008754,-0.08315376630408267,-0.7458198584523025,-2.3891762195552433,-0.5326994120898703,-3.5127890068383256,0.04077433079208362,4.070810781796901
1.0560201671408576,-3.9696484149718874,-4.309196265309587,-4.611910319010997,-8.525427700433724,-4.793364496370874,-4.124723918847354,-8.77114775195871,-2.888358406689754,-0.07159150526717126,1.6621308997130824,-0.602681687912679,0.3921323350982355,1.4221175419009215,0.8011019928510363,0.8701888079113843,-0.39360030055211537,0.37558449652112974,0.6728257283657337,-0.48447029693086396,1.6727468214710892,1.4475813310219978
0.38848036009244863,-1.9911963753625757,-3.0848069099147857,-6.112498338739067,-3.3596310396823457,-3.9577199790176976,-10.880971662155064,-3.2706515115220096,-6.727732645549748,-7.318834823381176,-7.0468809169370195,-5.2958522151632685,-2.3091044666522738,-1.684669025970901,-0.16344003163560888,1.7454527720438628,0.13926755258102505,-1.2266244215739626,-3.334538403096579,0.04922267922090757,-1.842724371212644,3.0601521947613777
0.7086340610857274,-5.184633647701699,-2.9491470040181147,-6.3402580615029835,-4.990525032826257,-8.67742307044944,-6.296106918259941,-6.263110769276681,-2.058679753065555,0.7126237174556581,-1.5169124713444677,-4.343949608017788,-2.7156358849152213,-0.11762727601474245,-0.5031409247395292,0.3518679925888232,0.9320876861710303,-0.5728756091059848,0.999103901153013,-1.146179804961775,-1.4623509881160082,1.6350584096922252
0.3550622379449955,-5.0281285550483465,-4.24011889154402,-2.3887986310496547,-6.528769247251745,-4.721240212530241,-5.6911278263613045,-3.1392414514784144,-4.187891055809161,-7.308426683468917,1.2386047927074404,-3.9710056743050504,-1.5380767571283682,-2.6471556604430253,-0.7576725493668867,1.105759966369079,0.18393161862037022,0.8205835119468641,-0.5400480793935332,0.9870587513266282,1.804355379343907,4.922854200749454
0.8604968564481218,-6.181617339122913,-3.645378535902127,-4.192530369680822,-7.467413536945304,-8.048639159162612,-4.5773268863406456,-4.40464755629815,-1.8200577329862768,-1.2692733391871507,1.0059744776623625,-1.1637886072090207,-0.24972797147470585,-2.8840660210296023,-1.8802328596020548,1.8120478664221642,1.260997405585625,-2.419489276534649,0.19033936627608952,0.7965852396631028,-2.8855816055797052,-0.8124280835254676
