script/wind250m.json
{"header": {"parameterCategory": 2, "parameterNumber": 3, "lo1": 3.000054539987559, "la1": 64.9999836372058, "dx": 0.5, "dy": 0.25, "nx": 34, "ny": 52, "refTime": "2025-12-18T22:00:00.000Z"}, "data":
[rows 0 to 24 of 52, columns 0 to 33 of 34]
11.00211387567167,10.079763755882317,9.301195620061314,8.761961883328551,8.930319440394413,9.194901701620765,8.56364797742448,8.127493025912404,8.55410299653151,8.336366478745198,8.983736020339727,9.059988804409581,8.045472254594497,6.366984552467516,6.1145642664471955,6.70057850753393,3.667317386923764,8.960669935742754,6.351112294336466,4.775489809793323,2.6556427786431835,-0.6807447224969507,2.055075052538891,3.6228904306156346,3.8419269503157936,2.1331600783833715,1.0493992483237835,3.520466570890517,6.587299141322349,5.148681607429103,3.8240248552165754,4.058459836295533,5.28659653003519,5.9464563380558655
12.554168560402431,11.955512656528345,11.006036102981598,10.179106575122603,9.659426560100421,8.866977379945212,7.899113188162577,7.201698047239081,6.446233868587834,6.2796455205110995,6.854085897143732,8.18070078564787,6.4191725307274705,7.102285448882662,5.499922208215508,4.219599232943824,8.551823923955666,5.966741671702805,6.536619029554761,3.343671081851797,6.739894275081089,2.7141791150290313,2.4015438749428024,1.1263671283310497,-0.49783743011834286,0.7181602676814197,4.343971721039071,3.4500232666986483,5.009964519696746,5.441395588778294,4.320555806841521,3.4723569415603137,5.829273779419876,5.773784125068021
12.796681706171555,11.952931205456316,11.305064610238121,10.83987713131711,11.057308179880156,10.185734597118538,9.482930155690342,8.82123376315324,7.669777229452099,6.441553398069649,6.838663617701913,6.880139544839852,7.288892018680208,6.891530629079057,5.97265692407308,6.36423808192219,5.456687569677386,4.981427142549089,5.279556701895532,4.00336504014634,5.261275505209823,1.780409141192811,1.9129699668057825,-0.16656716082814463,0.5705558977347843,0.2931486439903742,2.7334524087100665,3.796785421624708,4.339486506724967,4.321912174390292,3.392158235776215,4.58507160089424,4.221714134591645,5.951002976594147
12.232144695787625,12.34006176830116,12.070566097268854,11.26635700590202,11.709173341208126,10.769877678357606,10.743234941625309,9.018254106978842,7.794640744393652,6.598229281017961,7.267996969654421,7.851253137373859,7.434486094126089,6.862637723861648,8.252621694047942,7.344684894709718,2.369944311942275,4.5680984432561225,3.2255252903730534,3.0234025348922233,2.7086224956939025,2.691353051632477,-2.770695088497213,-1.9906292532456522,-0.5485101491044536,1.0549216523975837,1.2585863009065357,5.6137365364978296,4.240482117196561,5.703288341019821,2.968838863487633,3.414617699991945,3.5973503679493612,4.840249326311781
12.84287475754058,13.04187952287108,13.139358197274,12.961574891808331,13.221966291822715,12.70615001002474,11.43758660528997,10.649554781429606,9.851487328377035,8.858863514654214,8.994512188843169,7.840626785286585,6.837581156831423,6.84258618684621,6.391542678515561,4.789284271202704,3.577778686522065,6.763999509085388,4.689624002764624,-0.8734691923690844,1.343723902451494,-1.357871190575397,-2.6120973108741365,-2.2429227752487426,-0.7717608515238515,2.7929168495269305,2.527704530078446,4.027455221264162,3.1463577914412046,3.119004378298098,2.300145918730017,2.56911845191007,3.9908118636623024,4.222311239205156
12.893569574484669,13.700470406760667,14.12981408131831,13.919328178841448,14.015822086104922,13.851141855594056,13.146859751434462,12.340059276724908,11.50316462391099,10.000257410258422,8.770410234783762,8.543627772926953,6.988463742993928,5.8008438185501285,4.696025736502967,4.534138238384696,6.277545048114087,5.9941520591792745,3.0076648930646,0.09911445553427953,-1.2393784551261464,-3.522808380737493,-2.48372221389343,-1.6577381745219442,1.7874460042448426,3.1381517709120095,3.0569087714354892,2.1320079471871263,2.7902060451021256,1.7313107701690653,2.585431672983,4.030566958398633,3.899562917101361,3.538013097718485
14.263359204813558,14.739277302977904,15.19825622228082,15.429643102356897,15.637859654483778,14.588451553322107,13.911459568085393,12.440433940452603,10.135067761804983,9.417721684316932,8.986115243667694,9.030692389232172,5.525982010105004,3.0464091268646802,4.500959661896803,4.6306298306707,5.339503707637381,4.843043698838649,2.971764517367375,2.3172463829903904,0.9072046395176048,-0.6454230305841059,-0.30059572667186746,0.9568776534698635,-0.41599397633500673,0.1638183471735512,1.1187659354246333,2.391600921916261,2.9535457774545733,1.7962577246234566,3.069250860292317,4.301176315164411,4.817302805060538,6.135606950546174
14.66482966485646,14.731037284584927,14.961635390314958,15.349936741589124,14.567695986897728,14.991219190518324,14.28667187351153,10.602611606007507,8.47216952971697,7.41852026072544,5.164351429107588,4.618538168746331,3.7393558099191178,3.049791584531096,6.11637789413465,3.890120554116553,2.437193748909955,8.04692840161244,5.9866128817246524,6.065389527189133,1.0977416570283822,2.9357018287960126,1.0215093009772678,1.851080814620152,1.2692751176930537,1.9379905406820466,0.1486845426810973,0.3121045555663888,3.3176609226087876,3.3398541639218027,3.319945683363286,3.9660653957966456,5.48268256564617,7.10733477630643
15.544552548906829,15.642136007192304,16.115389365249765,15.97190694933642,15.837090739695785,13.798326787427351,11.231492513073317,8.955795855932568,7.610074417620113,6.122590541154938,6.217291373595529,2.225809989738439,3.181381113974441,3.4778255401044955,5.131986948632123,6.123696703888369,7.475135728371693,6.488377348593329,11.859023781343414,5.3090642579965035,0.8282160449934372,4.112674815272287,4.379651735011574,4.83203207752497,5.4326644929951415,4.125343694437528,2.3795729750931094,3.605421949681113,3.6375677802023585,4.463252792347595,4.05676386429188,5.524773744505949,5.5828318767944465,6.083343960203938
15.820034425114223,16.273568611987855,17.267953335510047,16.514636330968468,15.630102435451755,11.428355562046129,10.643020360425037,6.773514969569503,9.267315780940256,3.1738039671838854,2.313791969226624,8.982232143743735,4.23334830245067,5.20348520937862,7.113027949539434,9.019415060018776,8.326626970200204,9.128427896530727,6.625326883470721,3.9046206430850705,6.000779488262375,4.7374684844967865,4.075751058043059,5.606380953829134,4.36435734589931,3.2119594128437474,2.0643516946605014,1.742102603833752,3.613755377655908,4.924574709749925,6.022464481342126,5.13383787977266,4.658078454641488,6.1383632958547585
17.204719462423363,17.78079811100749,17.676933684333452,16.9514612611,15.321700754033214,10.635746667398227,11.490329231021507,2.2948895568625094,13.345024595308384,6.829925639815833,9.974854047086616,13.559318336939262,6.545410104902718,6.420233724062077,6.712895353324125,4.142849663369356,6.173966213622541,6.36024029373106,3.651473064826107,5.370357461372996,5.619145865930563,3.175178132369007,3.512111550010383,3.9865448867649618,3.664087293117425,4.148988049105165,4.575697372454523,3.82962544591702,5.464958968735834,4.179514838758943,3.538222931880568,4.129518870766528,5.47456586841947,8.745440146648725
17.716778018322096,18.099207368959263,19.11394767842794,16.45928286097799,13.940524651590126,8.445246224515,17.246520365502647,6.506527253663166,6.352486202409277,9.027521236113422,3.7105191507216984,9.845380527749414,7.926158859957843,5.285916138612624,6.923274475351043,7.191902287923044,9.616071006226935,5.980445272021355,8.00262731231605,7.539052138123554,6.047023662158585,3.6353534285928335,3.383548868314874,5.10533790138129,4.691711536888472,3.7211063315207693,4.578456487480088,5.568678036938314,5.8403501802311935,4.059936105565294,3.78463542747802,4.371150298686899,7.1368033649812865,8.834568487922581
17.272892639285782,17.880737592028627,16.805328864105384,16.702451849872826,13.456067034155884,12.093521250245098,8.069796381692147,2.3288932089940113,8.716424631290927,10.431568153945165,7.053863504187279,10.040790924712375,7.428859401086371,6.948286789223912,7.644972730025294,10.079318944437194,8.617145422063702,7.805417436922912,7.377918174050164,6.018578995622186,6.060519495438248,5.705130001117821,5.622042945066192,4.440204161522636,3.4107555356589834,3.635888867018052,4.416818375054116,4.581068748291381,5.279797284401737,4.670297470088186,5.592211343248706,6.32280914105271,7.558350469278369,8.568526781291583
17.076708952002644,17.15813472393637,16.84462207033839,16.46895100448665,12.381178174674893,18.52014473246396,15.712400217069025,7.4531721607306425,16.771963744233886,10.564298185136265,10.97046975418652,8.043079356307503,7.22830937072733,4.1329557180836645,8.17250171477312,8.37332745712686,7.635978185192458,8.4491863354852,7.760381334848759,10.379091300004946,3.307196873587497,7.677693902853978,5.95170824061379,5.98677931279624,3.2012829127806963,6.377886110018632,6.877626759662292,6.806780890904576,2.861041780211045,5.066743379535853,5.433570155867355,5.90108180213304,6.4498731889143714,8.857197189284202
17.50102454056384,17.59072252456464,16.576071886469077,13.905894599815246,7.023756844987993,8.18822614352117,7.451741158829786,12.841018773874788,5.958620653818005,4.248866903605311,2.892048455904264,8.140647365115068,8.141438656649004,8.728494321357552,9.497687962683862,11.244414201431521,9.083493832119665,8.082438697011215,8.199074942169077,7.308316627358947,7.963707718869409,6.276279174846059,5.490147315326144,6.547482775495217,5.079737666288845,6.053476057852974,5.303796515457985,7.0493490513807595,5.634358818518594,5.662147840182839,6.7164228517186855,8.376506448226568,8.523865401581823,9.145415186396619
17.63998927844142,18.13457865264268,17.079784604649188,13.803822138125733,8.691232213824389,5.686970260904668,7.279583895426064,-0.7938572796194414,0.30601908641943343,3.309160666346034,6.855129088904041,9.970106856370437,6.635837801507037,7.815330118817859,5.9545026430215,7.8594596112635635,10.785199238556874,7.168602729858343,7.825039636150371,6.8529293729743355,10.593195772891063,7.136690746075651,2.5419043250275797,5.929854821197095,7.257662281126581,6.970183579244073,8.423948978761263,5.219476026507363,5.7148322040925965,7.099646455105403,7.480661005588235,8.872406557003128,8.419752960247347,8.735839736315667
17.73660963194565,17.8410089744515,17.160705835064835,12.817533672053118,11.377385723845531,12.855752609987734,11.396391593612433,12.212999645233197,4.309638947436489,15.419362289273339,11.179598655284027,10.150103711115023,10.022502610267109,3.294398951740886,2.6299817530053717,2.2935365106975056,7.818502507886225,8.42287064751153,9.163337550085203,8.60781258846515,9.106787934463618,7.638483510027894,6.243410232027449,4.916536384933791,6.525947317747828,6.862837113548655,6.517745748087127,5.801614645885739,7.3812579698185905,6.614882860348923,7.228185117980924,7.659097175246976,7.956012884435459,9.077978848280356
18.071988201725937,18.433507593315948,18.29362097483195,13.915474890931259,10.683315269436362,6.633914694926229,7.540052921244193,3.432624107361746,13.774174654349698,9.633400777692003,4.0733422439611,4.916354407598055,7.452153588219428,9.782857304626532,8.624685513509009,10.100948627222186,0.10773767907667327,9.788632136950154,10.066127048079375,7.957079311006618,8.494997292770778,6.8978814827609005,7.565339234365674,6.882146041442774,5.975879745306431,6.1788518725563275,7.0297940176960765,3.8513350714688266,6.430789034049867,7.625106398607141,8.188218205459064,7.905374510324142,8.164096110146785,8.733992265960616
19.23625445760674,19.72955196789268,19.721643336340353,15.247157801859988,12.1061897096742,10.052428455498127,7.774351265980356,8.04770285611631,6.046039146555688,9.20804512097776,2.6428656247933238,5.3699906965262,10.290049855022215,9.009245515858884,6.907698196967972,8.877758355977297,6.401454662236952,7.463456730094111,7.2228803496209855,7.851755549010704,8.065695202678276,8.748170015504806,6.880077434442022,6.034604900253853,6.6332132701555455,6.553222645453005,6.6521840904292,5.091450776044251,4.488861907454597,7.388550717556835,8.673687300151133,9.239328786879629,6.208440304966959,5.054937830263337
18.816744020931637,19.138926554432345,19.963177955540516,18.360503074003063,11.065338959552872,9.016241770990824,0.10550720652793519,11.22052764042494,15.455762471671372,11.843219398976215,12.899350358495896,11.78217122355661,6.270461998652005,8.770947044122881,6.882132421952611,10.710891957160811,5.794816823391894,7.919269596334969,5.769270454590485,7.596503448202917,6.645896111444299,8.028218412422817,7.933778310228674,6.655842583107269,5.464850801811784,5.888544818178253,5.675544334766987,6.9782934990769885,6.758544803292122,5.901235216162212,6.538205387021795,5.964088251911797,5.782528507613058,5.571480428084386
16.45127813109401,18.076462691066546,19.880618775337428,18.80015257931732,15.326911696360167,9.174279680166759,16.048886177252527,11.62240489026243,15.16227115968466,14.315362387135945,10.997967176629542,10.271651762986334,7.872800240812079,7.486603550415303,3.5118693658393614,8.840161834783862,7.86881030794251,8.945373334131457,7.300406274207864,8.22866634516956,7.688988604456545,8.295575187905008,7.510059862343321,6.48906832186939,6.647618040933163,4.1089132971376525,4.183227152900026,4.85228854382011,5.499461677995707,5.1212207688920754,7.350200055063779,6.862463826409502,6.862613749989372,6.189808979770253
16.47041825885556,17.581493352233807,19.66213743470046,17.573538106076153,14.653650077748626,11.115670535847041,9.298863557585898,9.086148248493156,9.974891604209429,8.143607305277673,7.46371519473907,11.848176024197162,6.386526581276709,10.26756037361924,6.661952151229574,9.39416496901486,9.027833828079899,9.011022278866074,7.7316051465699545,8.070577404221662,9.485296333348623,9.122893439252199,8.459978019925286,6.159775127890203,4.507645175640028,3.884607818023179,4.8425495270483445,4.591636877615402,6.332162752516906,7.820338283967751,8.257663330194555,8.104874321816146,7.17311540077331,7.600014879526453
17.10606761696287,18.25742402114715,18.400504920461934,15.729189617499546,11.892205060467662,9.88039861578923,10.504139347881766,6.681443308412373,14.39082717775136,11.70482092780391,6.703372781167837,8.159536680942905,13.487515760651466,13.580062568799631,10.569680889256425,12.255733745810005,9.573308959571055,8.559880228845863,9.270353941442767,8.38932673648313,9.09314150628324,9.84991386459637,8.254990923994828,6.131360487014025,4.84996567667535,6.457974786390462,6.443686833658261,7.955304404780917,7.652291166924924,6.575983465714747,5.748997932934974,4.667461148781457,4.732294156762419,7.048051444731737
15.691054245154314,13.916633210074846,10.734960338423061,14.52069374446614,12.869561034559824,8.768980005887522,9.255924488264952,13.218272902438216,10.200835223997524,8.139126947775035,5.124529647017398,5.714638735544216,12.36278750836972,8.325270513190144,9.665688040027911,12.848670067456052,10.96470947383744,8.203081889832214,7.838282672725233,6.978611790525615,8.484085909214187,10.911109026296348,9.829613208358849,5.87660713158775,5.6817038080511635,8.010223174428491,8.219753139638375,6.384579913632592,7.573144537472975,5.274400529407056,4.757221413632376,4.449719723896166,5.424906117377914,8.742134215289305
9.341980950277298,10.532772544014136,11.605448610530955,15.89377163669849,11.16254719099246,9.428271715537297,6.7302592719278715,17.125033883710675,10.70524062382895,6.676910293601764,8.102646450511623,5.726468104647323,6.835282595740789,9.069036035415849,11.024103570859317,13.212725108791073,12.611455128535669,7.772614694199458,7.7198286022267615,8.056866841935259,10.69944948663826,10.765647286960679,8.695148406686432,7.1210468128280935,8.081701559917956,6.680844619010554,6.077412641862929,7.000056599891467,5.387005240680415,4.71800901854279,5.21622903769115,6.056540432139157,7.888731097581027,7.752274011386092
