script/wind10m.json
{"header": {"parameterCategory": 2, "parameterNumber": 3, "lo1": 6.000198445256149, "la1": 58.999992894266676, "dx": 0.5, "dy": 0.25, "nx": 22, "ny": 24, "refTime": "2024-05-04T19:00:00.000Z"}, "data":
[rows 0 to 23 of 24, columns 0 to 21 of 22]
-1.5256603081190894,0.6023577995852321,0.4331412226416958,-0.230596706209388,0.29992024149470914,-0.7940038472663802,0.6084423186419627,1.2060493436977833,1.6422416919576277,2.7302988695199635,2.8553921848916666,0.5559693572832219,0.39090161163679027,0.5707230214638254,4.814361469664781,4.829692676520639,3.024605577272255,0.38396786479486567,0.20682198488105963,1.1629196114544733,1.1069097464673678,1.3987313803478565
1.6994919388793892,-1.0418142473954177,0.9502866400907989,0.5044831240540257,-0.13358956003111083,0.758609704172402,1.3850955263000453,4.623338651624738,3.4863558118969786,2.1584148119487474,2.399679005702303,0.8130977015813099,0.5119113339197422,2.1648192743105423,2.3523668661589645,4.1566873761181515,0.8101594736137872,2.419331990590543,3.366017953202539,1.0627171534930215,1.4653185723308217,1.6822041478927552
1.2711249638733033,0.6245290694088153,0.6819442831259613,0.46723462925719816,0.6873092806406625,1.2082839776466996,5.324452789517674,5.420108918067041,3.992413511388248,2.866181694494903,2.297599680545616,0.6519882860055578,1.1753330131005504,2.3197149509101878,2.25875161979109,1.601791505402314,0.8268259097581969,2.75729554880274,3.329636091496002,3.144875128922912,2.0802489592915916,1.4404488905437338
2.3759561632224986,1.1915226899375149,-0.406704729841934,0.47435814130191356,1.3280614409752467,4.511914948969627,5.362068420395894,3.7610793094323034,3.451492056887978,2.5184042468756496,1.3872371058691768,0.976411723034631,0.7576937289592506,0.2642248118223731,1.465664145359839,0.6543595591170017,-0.0275597513836178,-0.9636155945438452,0.6932567207694683,2.32652233643612,1.1651156746780926,0.8314176428631728
3.190643486929826,1.505360026066936,0.1636939946522297,1.00403058159917,2.809695928569426,2.896934753406978,3.193040701700068,2.5472406907614658,2.222119200345979,1.448387916899142,1.4892720144789178,0.367923732132521,0.7500787791593329,1.1290051788303792,1.1131512007041362,0.8462782060310998,-0.20704478716440075,0.16987337467161023,0.2903888711377868,-0.9203498963273163,0.5158566465079221,0.6589360601475315
4.443334802413593,3.594046463841499,2.773023174371365,2.4246068613571414,2.394457353874805,2.3598678349910256,2.3332163479097554,2.3855599313286264,3.475009005812733,2.2201661777811554,0.8694267844923194,0.010092451912979337,1.0339270485003416,0.6877101606566733,1.0627533687456847,0.47075909882678535,0.5927552164249278,0.9973011719788325,1.0775539964793222,0.8479196335432675,0.9313226215585292,0.8864093117289928
5.025518617495165,4.072956270897075,3.392833328322203,3.132458287034053,2.8977567920394955,2.229054902255161,2.306986758671332,2.1612679876734537,0.6328503817326115,0.5115459658396228,0.574022724578849,0.8070045853137561,-1.1753061338411679,0.8943446607677814,-0.2643980120197581,-0.5771530324063584,0.1363673628683083,0.46372521880036155,0.9631730501526398,0.5255954645661729,0.2040393173618256,0.9211223992893889
5.705269936135592,4.601062568697542,2.9843994991752725,2.6139316847626812,2.7141777729092107,2.7131133881288716,0.5754924938381547,0.9437265715397063,-0.29749439000236294,0.011118321736364295,0.5805851278217888,-0.27815690491935635,-1.335112707968535,-0.14413383944924768,0.6141586533337907,0.8417551577470649,0.3943857934872265,0.09064728028320349,-0.3085436380301126,0.2945662568181598,-0.7246741361655865,1.748175969776992
5.85869467453818,4.576632199739734,3.1535434301642224,1.846016563063275,1.2992283533222133,0.8898012835613907,0.6883047663040359,-1.66723544072392,-0.9205312872758233,2.6183842488332862,2.0801461195233784,0.17033248710340632,-1.5658143004838097,-0.9659343441250828,0.4137571325787559,0.44767700823198864,1.6387235850788928,0.035454122313646856,0.03370412783817909,1.4563351759331498,2.2806227981990177,2.142352746204632
4.874434567932422,3.1661885617287218,3.0785892880314334,2.4729535861525687,1.421971489082467,0.1272627023826303,-0.6239802907230974,0.6627214770560472,0.2616513423555348,1.8370625110988807,1.8270324530128204,0.24127247683331385,-0.12065996314139908,-1.541651188813344,0.49724775880564365,0.6206798381680473,0.1805129201595965,-0.091695378296688,1.2638711514307306,1.069612865364133,1.6099886667760737,2.2029059857978965
3.689999770426145,2.322395113435039,2.972045166093874,2.234210768041585,0.9716836209764919,-0.10339305128556794,-0.9988084256935033,-0.7075284833313923,-0.6409982274665109,0.19086872557731852,2.4346007531555274,1.343641436418977,0.6541243705120182,1.3686870781676028,-0.7797331254486494,-0.6239390491382618,-0.8012676109806014,-0.6164772568958841,1.5912891298655512,1.5984900738973518,0.7556018402884987,1.2086498497368008
3.045499779229925,2.4100256566981217,2.526658848225832,1.4742420112376795,0.25747201172960477,-0.37040842754725845,0.023208661219173626,0.572020137590778,-0.17105020401481774,2.2198180877532736,1.844877196292797,0.9335763461973833,-0.09327850967419718,-1.665245099562112,-2.0110425923136144,-0.6309098767533003,-0.9583305688499268,1.1393790194703135,0.9920741512397809,0.9606587959465975,1.01256384332412,1.0691057329152551
1.6402414947437212,2.1920092212236395,1.748155284161771,1.1680475631756966,1.0712389391265542,0.02791821845763607,0.1540224703369784,0.40982412513596533,1.086536658681398,1.9738811657195188,1.1609536078103273,-0.8623643187660199,-1.040271746999301,-2.2799272707823186,-2.4850315285815796,-1.2581226617890104,-0.23873218606671326,1.1094000794442518,2.6450307989382433,1.9098749191798279,1.8804952417628122,1.3916957272246475
2.3961814091201763,1.7075298363331664,1.645311386034945,0.9228241622381553,0.9378898826701731,-0.3993513171276563,0.3285198725303286,-0.4883732099653714,1.0461822521434507,1.7833301750362989,1.0350726322263448,-0.740040780675111,-1.1537742090075642,-0.9170522130931444,-1.6991197024242208,0.28397213908930385,0.18832288863516736,3.057239857734931,3.8256627109829906,3.332593751506319,2.1907618400898694,1.6755714988628765
3.2892900556787708,2.498879802792256,1.9655986094361833,0.48856338252690756,0.1966164241673981,-0.06225437427809851,0.5422393572095849,1.6370886642847982,0.5775589593066748,1.7315776251630826,2.643067919245195,0.24325898148128627,-0.00014973907633555208,3.6888219943797793,1.488051855683114,1.168421603107713,1.2765161195426062,2.6833206824453706,4.128730221262092,4.753717065596551,4.506721969594785,2.515771261829477
3.644406749926063,3.3171701947261774,2.1912636324977535,0.6079815634740177,-0.8148097237502352,-1.3104341306310716,-0.5900100858871948,1.8173852619691395,1.5751278465904992,1.6420427595906177,2.321837011589043,0.7197578381627752,0.9950438838421108,3.1595915817737117,2.668712018073189,1.8868682962184968,1.9593539609025976,2.2112318603933447,1.4851730872058222,4.781629675133675,4.796349511821571,4.3233125653107
3.0380074549664444,1.5473186837925519,0.06563680338616734,-0.30760416159018694,-1.277278726482147,-1.1575263088024423,-0.14742427779600875,1.548607571344629,3.544089331849333,2.068030601007827,1.7018894955788622,1.458433042993217,0.978512941508231,2.1033079452955996,2.267233235786801,1.534301347297321,1.7034281849368311,2.01603700683687,0.33569865473172383,4.7654016524039475,2.9835889572733154,1.5173935406216412
2.681234241899092,1.365670264525819,0.31010302900838604,-0.29304842020979555,-1.408566089314664,-1.5083968117898168,-0.08712862534631582,1.5905438551036684,2.11936327199398,2.6240532141803032,1.2996685523206009,0.9382887740399393,1.041866296757126,1.5158943488564447,2.3864600134793155,1.8706039012244873,1.4631526514499646,1.4297434178116788,2.593705843423562,1.8625104304393079,-0.5599133693257337,-1.219693643940863
0.19003979262338708,0.8182737302764355,2.4798131680752777,1.5359539225649501,-0.5318432912389556,-0.9274653941055561,-0.8611111495335106,0.19293195019091736,1.4727489941909944,1.529794302820476,0.5520377491726943,0.7486275640942447,0.5634942447440954,0.7675004348968173,0.6003477280834617,0.886668648436759,2.246700920648251,3.1027289014815898,0.7495752225893313,-2.4891945429326356,-0.2826501845348947,1.0547134685371362
3.9126785746480457,3.725435762161931,2.477385856104176,2.5877331573074,4.664523381266727,3.6122129948067574,-0.10903367757842788,-0.7434024021144917,0.2854449358336282,0.2602016081945095,0.2755103441309399,0.7841951007692868,0.30965426721469363,-0.16186680509078943,-0.20291867821802428,0.19943194144293755,1.1960465954487485,0.21198323108846,-3.015116978434191,-0.8160106317238847,-0.5806291763958197,-1.0530349241509271
2.32351051242988,-1.5176335245897243,0.7950970466503103,-0.8054322310600351,0.32265550123139586,0.3861783624581424,0.04778253438374632,-0.6954040286748713,0.5898185417895458,-0.10927109072121373,-0.029522972033493952,-0.570946882778852,-0.9443878334476727,-1.3117244557203536,-1.3268595135417096,-0.32349930787573045,-0.653252734430021,-2.2605893666393104,-1.027312114065698,-0.898633840213829,-0.6233480142347918,-0.0811810839261447
-2.3774386028314773,-2.0913338343967984,-0.8073841457664076,-1.230477979910026,-1.5367986962098927,-1.5865038436809553,-1.3797621599205097,0.26241196951151324,-0.4247435923458777,-0.9637856815873497,-0.5924196099738211,-0.958225803276141,-1.261558705428126,-1.6095711203134455,-0.41944849102797177,-0.5596976302263409,-1.6367236476911426,-3.69027729011522,-1.031956162637027,-0.9657566161562553,-2.022400874338511,-0.844484499224549
-3.1162459989504225,-0.8691325011648735,-1.3832282058344105,-1.1267137215454999,-0.4996912653085401,-0.2695538786010762,-0.5567401536407394,-0.14941712187088135,0.8858911608968618,0.7848427100936186,0.4909214826989598,0.33602121090387005,-0.7502230654831066,-1.1243391038684662,-1.0988023702214604,-0.9397173580091869,-1.8983026052723482,-1.5892447140554926,-2.3509347689403834,-1.4360135597448953,-0.6998923512236546,-1.307486261229826
-1.7119977424240962,-1.4183072869119282,-0.6459022692719435,-1.032594091271151,-0.6194516514991881,-1.0173140377324394,-0.24616445823079652,-0.2571950456609859,0.018525494925837178,0.48280556258826557,0.14579125927865974,-0.18669926459287672,-0.856636629396826,-0.5679654401296964,-0.7667296681984727,-1.9005725108780183,-1.6968548463307622,-1.2589860586761419,-1.7404578495330603,-0.6097073515285724,-0.18796538307584879,0.03588555340855784
