script/wind50m.json
{"header": {"parameterCategory": 2, "parameterNumber": 2, "lo1": 3.000054539987559, "la1": 64.9999836372058, "dx": 0.5, "dy": 0.25, "nx": 34, "ny": 52, "refTime": "2026-06-24T23:00:00.000Z"}, "data":
[rows 0 to 24 of 52, columns 0 to 33 of 34]
4.720598939047812,5.711634565289218,5.699753075164738,5.7580897646987435,7.4361870116546465,7.286079197184648,8.147901999840519,8.314480256138296,9.46552555370587,9.607300733070154,9.424900423584562,8.835727603505,8.624821762251981,8.965326720108388,9.029019124703234,9.237648547534974,7.909408886907955,6.9899405692386445,4.593602122243005,5.783519812214298,4.820226965155851,5.430621441606833,5.257601244396155,3.9903192032022563,4.241063301491516,3.373164247821563,2.496790587286452,2.6135422816533693,3.5910406296672144,3.266817374362771,3.3898018119852193,0.46143322156505673,0.4653558498328594,0.5815162989538786
5.134377852224193,5.477473893064814,6.178759019535034,6.076877716881898,7.269199497491678,7.881304370006196,8.026055462029577,8.761372350100567,9.330196006872777,10.188561447455887,10.780214436227633,10.024810969588001,9.572954759521153,9.6940825534951,9.997403172913616,10.12659730541512,9.384068797936022,9.270674109652612,6.185727859944258,8.678088214755459,4.7199978817882435,6.692519407919911,4.849310866083441,6.792236376697004,3.3244490475241157,3.519356124122216,3.98797536139678,3.4651789167790628,2.7290654593002657,5.41618385461955,5.00863522073744,1.292103110024528,3.050804953990744,2.9637989310972372
5.538767592214325,5.932765279104873,6.809568744612824,6.582760995169809,6.877823821697635,8.446038222671964,8.503658873725124,8.836219072263946,9.289311097214291,9.885577226625957,10.867437946101813,11.480709768063031,11.646597672571339,11.253918341816371,11.127903424302877,10.037849428530258,8.805464840671299,5.396006067948946,5.1068209313123365,4.812650843726104,7.0617887779655915,6.8383028070358325,5.737825915328129,6.047474521374234,4.336195692380156,2.8789322083681133,2.623010318885835,4.891327405954626,3.852790703234186,4.009965125091815,4.899812922340116,4.60228649170878,0.2534769401953133,2.392226060635405
4.634130858522211,5.591139044044554,6.1421532940260075,6.959857027756073,7.038969252256648,7.545969758258018,9.00330055132154,8.944743385881662,9.178946961207762,10.34514484808389,10.935418992420328,11.877037212283732,11.495678937022404,12.00405190082598,10.063427526958472,9.27987499823895,7.061534216097026,5.267819282419488,5.799229614311491,4.587217636458633,7.254282546444669,9.12334273748162,7.3458425759804475,4.843727009820908,3.2334074990332793,4.636533237886644,5.459949308079518,4.26868368738552,3.1774264040869697,3.1053707616606454,4.737847381275244,5.298874098275182,4.477166674926533,1.9786771605390774
6.148278478959666,5.319942649739026,5.617170094057443,5.980919803635376,6.616868914306085,8.355770604208416,8.958576729407957,9.571874796606034,9.192910520341904,10.312630122174287,10.756587485153977,11.354450617058705,11.083878699111965,11.029106465149665,8.596165495863225,7.76722089038172,11.104657087214012,3.9718859816692706,5.75121401682126,10.377544849340165,8.202790900700126,9.955193968608757,5.482962104262483,5.838851734841964,5.130886093506868,3.294436178989126,3.996752806884693,3.584336607036354,4.217684605008868,3.742622458002263,3.202582006154817,3.596238310962551,5.320382381014194,4.841140716178796
6.756927914809474,5.9774192451376695,5.904550732347658,6.258412966051331,6.135154272414003,7.7408855124393705,7.65952077589322,9.021930083031712,9.683919595894354,10.053870105387306,10.22923659048153,11.133678655386165,8.874738419156678,9.849891793955663,6.730689426480662,8.194715448125613,4.99069446249594,5.658573722696689,8.5049789072868,5.46779776305823,4.033735225304277,7.048401122908922,7.051042070028719,4.893991367902492,4.181667848211542,4.609940093120266,5.0680053742512285,4.4854871670772605,3.539965267828359,4.514359019119207,3.965523537393767,1.1995565878239645,1.4295850795942378,4.90438927085072
7.719567963385306,4.921803691833418,5.7273946185562545,6.4422654597507165,6.481487086051994,7.383090786746323,8.008720646908998,8.340539728677468,9.247661747337709,9.365554575326724,9.20955248119567,8.02734157782215,7.718536063176857,7.0221280862459885,6.149829349300197,7.8497930246515955,4.311403179490607,5.902339483456393,9.410853683771931,6.925579763702151,5.974505816622611,5.341378986380871,6.392434757049156,5.426044772614042,5.752187076352118,4.905699715648654,5.157845047036854,4.333512378908066,3.86422671884381,4.310991035902495,4.751457101891828,3.5427994848758777,4.727091079478767,2.4001418513994506
7.061813813183626,5.731669472078034,5.732256001782233,6.057444460768967,7.134517299029786,7.505235382395963,7.758100058024659,8.414200020566255,8.062710391802003,7.992519001049149,9.023462557321746,4.224913518508109,2.472942310671938,6.9025951316910135,3.1111940465919874,5.157951199874419,3.5569327919583604,8.093901919823537,7.908987466234089,5.957035097529481,5.3565945998461135,5.68369816501932,6.14133608871628,5.492734129972905,4.768970679784827,4.605132855454274,4.5466409071596745,5.759077285596065,4.4674622662087895,3.677036913019984,5.325462091564818,2.936832964967045,4.638444500536207,6.208448895482262
6.602531080503398,5.887528567848942,5.716812663590069,5.959356336196191,6.314444388393804,7.217374487022306,7.009046335513319,8.25294764777443,8.697241450126121,5.31039327451639,3.24715668849869,2.58758795218373,5.548194735503461,5.973327501214527,5.82556102494954,2.857700134798749,5.2568293809832,6.749394866060294,5.263598106572211,6.679888275516627,7.51860366291425,5.0728982373157505,2.7626405598983896,2.7969029390153373,5.2508538680000525,4.283744091851936,5.592299343929657,4.6092010211132965,4.673535512321288,4.188629336628548,4.039340164837056,4.398020079747075,4.714156034417518,7.479629158071844
7.8881470283695245,5.663107007029265,5.894843393124811,5.303465224842219,6.722549803489521,8.011566662783688,7.903567751142076,7.6126260055836825,4.537611107227783,2.5747647987432942,1.3200778757346852,0.44699699232804424,7.328662731965393,6.577884101825631,0.9507793099602909,4.982830882738045,3.249409876673307,4.124200058360379,5.166337619321693,4.147747972480361,6.912218021772091,4.539430289154213,5.315242898209105,2.0463445536667337,3.4230295366221575,4.695503291534206,5.2953389160657975,5.617697788130008,4.775019310221506,4.243053019128287,3.4682231423299186,5.800863557660619,6.26797828136806,9.00793394998701
7.273747675891123,6.5673329595271746,5.394609416072247,5.885971684313315,6.442548178173237,6.721514024373694,6.610134752125155,3.3506799433069547,7.17193181265797,0.17399177668949262,7.57140974644025,-0.8858459330074716,0.47100534903395724,4.860432250560562,2.961587635772087,3.6089027983220396,0.8680247185489904,2.061042212700238,4.226425879135816,3.3062179984744695,3.181552816982894,2.301358561465549,5.120601428618282,1.6333695072222025,2.7648423632352146,3.4459831259502383,5.481749361433083,4.835717450876053,4.506805766373912,2.7853509375394765,5.237796759072532,7.887743945385561,5.482981708698598,7.732838065294368
6.729534057131989,5.686981076114232,4.3534787672259005,5.424186871686749,6.399535720603928,3.4976168429645393,2.418107067109633,-1.6440251509070622,-1.714550068275499,5.602650836563147,4.588422603397148,10.922762937511042,0.5856925512807244,2.005746884008488,2.060731754503917,-0.3697619194070611,-1.3156427211551611,1.4283101561480536,0.7037644599066583,2.0718329298651654,1.3839329081926193,2.3843672427947205,1.791468934925849,0.9551625783841374,0.9580903217849968,1.6556276504364518,3.461286050573981,3.012331698387764,4.831969685006328,4.486156105749291,6.216387879436094,6.501382020486884,5.592510196458588,6.521073364295922
7.800874354998878,5.960386719809611,4.521310324372244,4.183401588089182,4.588233085445638,3.7715271545648577,1.7513373041145623,1.9760171143200655,4.332737519435866,7.166358220464624,5.276712639286267,6.871184588460095,-0.562845907947214,4.4305539377817516,-0.9147028625310357,2.4289308619849654,-1.6697984850096943,-0.22225789646182892,0.9854927103695957,-0.3185154534595144,0.21995725542155106,-0.056677972588973,1.9965957066040416,1.5327357948082252,0.2820819142441814,1.676019392610653,1.033209520492883,2.054989350226649,4.154996699195413,4.492636452641917,4.7958284386942,6.218444345975192,5.756056413099981,4.952764861464505
8.084407640528566,5.805456767757002,4.579399418998483,3.76929036138361,3.739868571627284,6.103586532721262,8.627387417762462,-0.5358985891039564,3.6357758101724653,1.4195679049073746,4.522527002474502,9.645836149326342,-0.8549331131426139,3.3626730641669975,3.1904276092020525,2.8933826915361682,0.10264351421643725,-2.5507480756113017,-0.45009520886123383,1.054198844188814,1.277411627939491,-1.720477599862562,1.1850752302303313,2.107526384042952,-1.6502565797268114,-0.874543651359255,0.9080562907808113,3.844217120785401,2.1634734437520375,2.374221454695857,4.836015381826662,4.49400131247056,4.605138923776865,4.11581108138095
7.113706757488272,5.432563977799192,5.210993851956904,3.301226170818919,3.395764026326621,2.4203407754679325,0.3211026189005391,6.325675023969415,1.2743731547328445,4.564738012453919,-1.249862397027421,7.683076881217596,8.431742263702029,1.3613904976243318,2.1951615331909666,0.947590680655254,2.5268247272873667,-1.508830389945878,-0.4535868076710402,-0.01363579465216541,1.2684129267201767,-2.8650467681140315,-0.8636288522266597,0.8527361913057271,-0.5220203057990179,-2.365720424122514,0.38835355498195206,3.0952177696455476,1.746483194559057,3.3131988970123407,2.620430491900417,3.9480178400643875,3.198750420844856,3.1474340412658486
6.438127333163383,5.3049199876916635,5.474715366135566,2.5934710987466634,2.72153326053389,1.8185024585701985,2.6159957537075376,-0.9904782166192159,0.9838580282535287,4.863957707613251,5.141336840913266,8.329927632270152,1.4661302836030032,0.919990248429586,3.8938101081711998,-3.2236766073901166,0.3172731613688972,-1.095781070058378,-0.1671695352915553,-0.9927598411349648,-1.50668510230259,-1.9158435261685207,-0.5874953643763826,0.7480693047346256,-0.057475306226380724,-1.9423431560194262,-0.4988176991085979,-0.7419606682697769,0.2091940064403662,0.3030983375641442,0.6136436810139271,1.615699635483347,2.7315036261963606,1.4274761794903257
7.270743660746477,5.695634985692511,5.54268846584998,2.4394753751610527,0.9393363959074321,0.7758024727338574,4.7513452214517224,3.596578216352689,1.6309298691735776,1.7466886270852193,6.931328470395515,13.86969565881956,4.296399414788992,1.0976283588085982,3.154499245669163,4.088434101269488,-1.1985248501126524,-1.452054748559606,-2.2033178623548646,-1.3136771675316765,-1.9090902843838087,-0.4453277913111397,-0.26393977327642887,0.7731997196060375,-1.8804375364611228,-1.4616735741207076,-1.4595250076432564,0.7861924849068535,-1.2380129465880727,-1.7365291653125678,-1.6089180365561777,1.2591551612516763,0.8938141149823072,1.203069376298824
7.709736575201619,5.853639628680514,5.779755699335939,3.387540280525304,2.2810170235304192,1.2326649099565172,1.4368651114308524,1.1373292314691368,7.471926018393819,9.076469772881032,5.177090849223484,3.583369050571767,1.0478262045637758,2.165018356189314,4.688184458170002,5.410011615284091,6.790438174375364,3.8790635545126486,2.56751952823503,-5.312728234763914,-5.242644998450094,0.468998112415555,-0.20390962122065628,-2.354123283888852,-0.8019363055123098,-0.8535547628726001,-2.9376475053553652,0.561950027414739,-0.6324864104388664,-1.635578168634977,-2.622066003304733,-1.3086290228758521,-0.596055268643742,-0.16585148071964245
7.2918891833874255,6.366361021707756,5.845623781320914,3.6629190572838173,2.2229100921563245,0.6620375546655076,2.339530550762339,0.840779085699877,3.33403742635981,10.012935481820561,6.260226635955499,2.887820909463057,5.640322113381346,0.16449479155520058,4.315827404149813,1.557958876929106,3.641982628721969,3.5191422991250736,1.4293921949881325,3.531370201573499,-2.2031458225987337,-4.068685650513084,-2.7814805750082314,-3.202249652506233,-1.4484636408247042,-2.318462721250373,-2.9579149169763435,0.5249314172682151,-0.5530176059836553,-1.0653533741158339,-1.2624064675983744,-2.2384216499487817,-2.283855119617554,-1.3444930769176968
7.735112146999745,6.542896979617191,5.182737472170846,3.1170571515322743,2.380957999579908,1.7029622438426026,2.5817308104221586,8.343804890538905,5.1458176720089295,5.8490062480199585,6.000510938049313,10.140446689945493,3.4836796648984962,7.931839763239942,4.256933394847887,2.703414359740847,3.235386983450576,1.6295766810507708,0.4148091207264651,2.5286690640703484,5.049283093038218,-1.8338297996766757,-2.632608320506316,-1.4936974746579963,-0.0903802025750205,-1.580470828118498,0.33000438975135943,-1.2995396937303623,-2.055604861976869,-1.091483659505948,-0.879359149916731,-1.2809034957664112,-0.798926232851053,-1.1299702809953756
7.916150210664201,6.504313937488335,5.196766386430824,3.5323430834011385,2.9984446403471043,1.9898004794220834,-0.07014927524460714,-0.1453214441011324,3.2770264215489755,2.239070462193834,4.823894481795601,8.300810280703363,3.973763049240872,3.5051926335627934,2.413010208214562,3.932567325190809,3.011393191925703,3.955749824385146,5.417666593390431,2.0624195926764837,5.891014559606555,4.7754541021482995,4.6029584396347065,-1.377024074199219,-2.434041344583478,-1.7029991880070456,-1.7184154770135613,-1.4972196319028594,-1.0779442343285865,-3.1032568300087697,-0.6016862827860545,-0.4547880482816932,-1.167975125195759,-0.6965757626798017
7.43846946838833,5.844763182363611,5.472201761953272,4.177016829142931,3.119723406427204,2.421849196441543,0.7204072336646831,0.4252619096965344,5.980967071257762,2.810694707074592,4.634188980607676,7.534839211892459,0.8062907793492381,3.646157039146948,3.4289265824714907,3.518361756209299,3.2564549148054485,1.8472208379727293,5.641661770549966,1.8982051303097014,5.396304190940481,0.8523661718865017,5.278882627315439,3.2946244469541077,1.8802146780058857,-1.4908654300255668,-2.7012015639473055,-3.1398175458051543,-3.528597124451162,-4.294981431614634,-0.8230419089328805,1.4397756717345997,-1.2755364660800719,-1.1508048060973324
6.3855967308308985,5.7240887579010895,4.498772106551309,4.507659644449599,3.5828795566001137,1.6471598561805683,-0.7540396173327807,5.621465066892779,8.958190959324714,3.6839617689600184,0.8336601056013608,1.9623900024438858,6.034265946870419,3.6111841059181278,3.6982677713080956,1.0939203475325232,2.380376173541624,3.321971948664254,3.643343649759103,4.256378242302727,2.6436826869037477,1.3090113281193783,3.940491334715099,2.684996001854801,5.582838793748886,4.492393198253093,2.436536698843141,1.918218948861018,-4.347158079750602,-2.7483409014643416,-3.9915518524217055,0.8362507735167838,-1.2729523265442273,-1.519918550589813
5.679968712514213,5.36771774300033,4.446544646132376,4.632076051148771,3.9791291103016118,2.74235722935505,3.0739281302132135,2.935009108019825,6.332053870475879,3.4849908266949283,1.9261183659415273,-0.34434707344673526,5.184470514641637,3.468874548240597,0.12405321090759344,-1.101116844519231,0.10509648313710411,2.1383402131570333,3.338271613495268,5.425657654829003,2.6885564877085204,3.8432940723384603,2.293962228500491,2.8619244358083566,4.573791766492342,5.157523403472159,8.60341395588442,5.6103388509970955,1.9532412048662509,-0.10108782970935205,-2.296631052302113,-1.6068439510092947,-2.229913407218011,-0.9122063351777222
5.067171088053664,4.766314189817102,4.7611941620869525,4.185645857007101,3.7905634053655577,2.7277268911989396,0.8507795169175792,4.070951813454124,5.125860566274504,5.224235151547609,2.8010594803340907,2.091887986132586,3.0799519538517814,4.22538038950136,3.467746234994994,0.5335205899439066,-1.2698549934036718,0.9032620919772923,3.3001448483211284,3.586412132170583,4.211299273573989,5.315489285253159,3.671552002048286,5.2946509424697314,4.5427181247441615,4.69395485390891,5.093600593216257,4.994944624516239,2.5362786647511975,0.6231045118678634,-1.1548949336844598,-2.551382838381973,-2.8144053816013694,-1.0309887123542043
