script/wind250m.json
{"header": {"parameterCategory": 2, "parameterNumber": 2, "lo1": 3.000054539987559, "la1": 64.9999836372058, "dx": 0.5, "dy": 0.25, "nx": 34, "ny": 52, "refTime": "2026-02-03T02:00:00.000Z"}, "data":
[rows 0 to 23 of 52, columns 0 to 33 of 34]
-6.7048144352044705,-6.589354591743452,-6.568472317161967,-6.676513268323726,-7.123221760963644,-7.109863487878322,-7.186230337853122,-7.383367521312377,-7.733845779323462,-8.052245645071475,-8.43290237743353,-8.33093572935099,-8.095919764291454,-7.499597059533925,-6.72729381239245,-5.506729432660697,-6.352081796140796,-6.366579503955531,-9.280865900992016,-9.386065999581016,-7.26950635370833,-1.8392058784028513,-7.162959740279924,-2.6598701504978357,-1.414080478137216,1.3712489972876103,1.9420725414850348,2.986107198936919,4.35444900368388,5.612266941185549,6.1064414941569085,6.611210877316039,6.719356311844134,5.2885457357606125
-7.146348302002119,-7.164942923012835,-7.02024715961531,-7.238837426268766,-7.27977374416967,-7.261323739946396,-7.609175513247737,-7.973270339177948,-8.044749787004154,-8.090732237693004,-7.994506761641507,-8.349556758280889,-8.365011123942008,-7.663669234995283,-7.431338809727586,-6.455985730337584,-5.908555998147368,-7.022097987544214,-12.710673032562395,-10.18924951516641,-10.257495805946808,-9.08910798076879,-5.280416821261531,-4.330368267488866,-2.382192807447809,-0.30075145355849875,0.6628945310461611,1.0362171499934651,3.5171634273217083,6.771346751893728,6.000619517898251,5.113153461434685,4.008249653312202,6.25045614339258
-7.6949138369791985,-7.424514331054039,-7.40907636761134,-7.300442837589944,-7.3455673615560855,-7.5342341302812335,-7.576961390294982,-7.934104442236476,-7.7845808456734575,-7.68901318818706,-7.431220791166899,-7.41586089426676,-6.468808677500448,-5.748736214205888,-3.70711820962034,-4.989987658977574,-9.236467857636557,-5.773017612391097,-10.574918656157017,-8.180867515973828,-8.999272169217035,-5.169146680618051,-9.08260549975414,-4.454888560794349,-2.9821066038340054,-1.0943284430653084,0.056537231069862755,1.7826375555181315,2.70587085916052,5.3032929987763815,6.973452267310611,5.935051844115034,5.367723865198268,6.29120224332375
-7.1466800206244985,-7.042504311668128,-7.147208971357649,-7.3374044895668185,-7.430697565878452,-7.367850758949502,-7.045229665512151,-6.662050764998388,-6.169183073933421,-5.711526114758682,-5.574685999247939,-5.406771114621361,-4.773912645037826,-3.1603581338503006,-2.7011324480603403,-5.050840462874711,-6.9671430451343666,-6.158929703719961,-2.9918785394664105,-3.9054479967966835,-3.7386606400421916,-7.254282557390252,-5.228201408489977,-3.322937937637983,-2.1845687422113276,-1.0785982295310677,-0.19454580778670855,1.1566254731839996,2.2073076471599604,3.4719862153759347,4.717875974856772,7.4537174665718,6.255383486937112,6.104472535288506
-6.646428713661366,-6.387688222204706,-6.081512160913743,-6.311879560078678,-6.1507324268891415,-6.1904343986850074,-5.655487652932678,-5.981866505394396,-6.001049211571292,-6.281130333822838,-6.146978991057361,-5.714598381302311,-4.957336505744488,-4.70874373515495,-4.873254766715375,-3.714897351301735,-2.7485225747593685,-4.823799670734281,-4.980091706841861,-2.900595772713486,-1.9349831666821071,-4.752617292993937,-4.156409479922901,-2.3257075983508515,-0.08769263800042083,0.6229721965011954,1.672155744890059,1.2249751950974461,2.7174036345590795,3.1989809010476806,4.112969273888672,5.953307341365521,6.536560309746894,6.610633040886877
-6.441798519320682,-5.937463191860573,-5.226422660669583,-4.816555891132646,-4.570823527188863,-4.488497922688311,-4.526910607413506,-4.850696210210887,-4.956321512013898,-5.188300882033072,-5.950871271260555,-4.737044075870991,-4.351053894057832,-7.184963870997749,-5.651571768223584,-5.267161501480643,-2.1280569655625174,-1.0090427584883992,-0.6398330707500816,-3.0541680861234606,-8.13415737988331,-5.172838450624913,-0.811871410124151,-1.6777886364891592,0.7648885450332134,1.8432134894046093,3.2315837074238343,2.594724840194149,2.2710531971688814,3.4411100563612123,4.696596977063206,4.833110959043362,6.047260775011937,6.800639734319529
-6.026471887888014,-5.333291920170857,-4.860638045282016,-4.364972575205419,-4.005309426216331,-3.7646768177982244,-3.3276959141595333,-3.1294164978293986,-3.5836926730038923,-3.1168059661463863,-1.8369098243042723,2.900044408399672,-0.47033352937030704,-0.3344932850552161,-4.429177245139493,-3.3374456759653426,-2.325254879462076,0.323950538111452,2.164051449799443,-1.4871346741879377,-2.818416489273731,-3.816530492787687,-2.760846659038523,1.2881576434794895,3.110003156445769,3.3110417842749515,4.373886420475073,3.1529932592675,3.621354052164234,4.143574050877117,3.8091494189054,4.814490100991783,6.843135597368031,6.5374977558231535
-4.754502051784739,-4.621868575542909,-4.139301710519465,-3.6470494762301406,-3.047054858800724,-2.5314937492845218,-2.0014573741920567,-1.4571670624687687,-0.8249253704412717,0.6652856506627404,2.9416944229323985,1.9442721203197382,2.1506041557216187,4.158799889375903,-0.7485381355536045,0.976330845191074,-2.248737871700611,3.0894619182133676,5.55008913931985,1.6849898527157525,3.374339126406052,4.5589713486472805,-0.20830998656062438,2.5671105392941276,2.8713455179721215,3.7520512131464785,3.803564949633398,5.238788640629616,3.51408574214115,3.801362223637454,5.304990987307107,4.703471634028623,6.3312205568881685,5.881544724408499
-2.5683932572384074,-2.1861641139227292,-1.4053091300207665,-0.863822929277564,-0.4484904408198089,0.06904722403905995,0.8910330602338289,1.5728351611089761,4.496210424768963,5.01332708581896,3.0392531697093776,1.2753446554101249,3.5324530183363776,2.654762432548584,2.5950248623800816,-0.40787706705197524,-0.6091034888536392,8.65960359914722,1.0091778336577644,3.287500530774634,6.122109345031086,7.460695096686477,9.88909324415975,2.4778969314571304,5.209878298418783,5.975975324101138,5.343424835773909,4.791784927267139,5.64457503808557,4.8007503674984795,3.895352288860033,6.70576159485266,4.964588335518389,4.283246078362591
-0.3432500341591241,0.9579208387034392,1.9354354977850754,1.149138399453669,0.43457527411066493,1.8360946256862805,3.3606908646334657,3.4101385364794923,2.0681425947782195,1.4685244132898476,1.4415338400473587,0.08226197662658488,2.4768396635926133,2.3099653997811966,-0.33333601992523626,4.309795374058666,4.989813483648672,2.2685195055682343,1.8013333863120655,4.938907383089297,7.331195211094852,7.25600377545589,7.182067376730465,5.926407359887362,6.3821122401211365,6.4466058980419785,5.592739397984966,5.6930998945789115,5.24234183579798,4.833946982792756,4.143542564621775,4.630109022298414,3.2618965754869365,1.668928461145343
-1.1150008729620493,0.34130864937529853,1.4380939877734717,2.8477838028389875,4.188246715355201,4.50590256582637,1.200219838327757,-0.005331729926621352,3.6059974577401017,0.027148292289735077,0.8807086729707795,-4.860000730795859,1.8158614540269278,6.795244634773446,4.178780458640844,0.5075016589398086,2.564073679879797,2.664240388182513,3.928350193096356,4.565859909501764,7.145769241549001,3.0042064648869196,8.670804324553824,4.5983763592534865,5.515036732591685,4.368641565149367,4.83241145898038,6.423733160813068,5.428268956990075,4.57656470360605,3.88053360094928,3.879629460616905,2.9394102209594153,3.1216561079969294
-2.1077462322989486,-1.6518250369855787,0.435339534564347,1.8492310578434745,3.1810340949048057,0.8345726565973702,0.8120263931877524,-0.1098259849914286,0.4298100855297292,1.2147566443114914,-2.6593870468502625,-0.6566043418069818,1.7777773626760918,5.734360442794021,6.397790754602578,4.026937032281887,1.3453612677670657,7.063417460290176,6.037425488155637,5.822301300185795,8.736683546678709,7.033389969772151,2.614855228906413,8.409131776271401,4.6762756697262295,5.317662469186417,5.861664323247986,6.939602411226374,5.637941664780762,3.7533583074919745,4.103449845798289,4.373850622229323,4.227780441109883,3.078000784158833
-3.1416750406704628,-2.163965256010402,-1.350194498651413,-0.3418261432121302,0.05588919516901289,-0.44341346433319656,-0.03893057599095668,0.348240111022454,0.06502565604492837,-4.586096672307267,-1.5577019771384177,1.3970038038539216,1.7308317624611176,5.098166387511231,1.4987430515416016,3.6477476619214695,2.170117893289401,5.272144726102048,4.047154482429761,3.1753382341894567,4.5069012018546,6.922804882052113,8.235894720802904,5.315877423353488,6.694246895244802,5.03886406459786,5.335484970978992,6.217604004660542,5.980449230467233,3.90167844159759,3.7119497474200336,4.013903201701744,2.7167411805577717,2.905171029793203
-2.915004455105319,-3.0964096994627357,-2.0741910027132757,-1.6964716097205288,-0.01686859503515065,-0.3592461748748498,-0.8646417752292342,0.840784670257901,-1.231659029851282,0.7947882154457843,0.9875243184610584,3.262677485871193,-0.44994059095302835,-2.8677332471740375,2.729721959037092,2.7007547172153243,4.240924538607122,2.89706175990852,4.314046807386055,4.798250535723059,1.045352951965374,6.693693832619236,7.569819921425837,7.756629158327141,3.5749825334873013,7.103335817990892,5.726083096192721,5.717914003550734,4.9972215405033795,4.150613668466456,3.8054325079363247,3.3883482505140914,2.481662092335289,1.7024263078392887
-0.8114045576209149,-1.3310460311899042,-2.328447107767854,-3.3020376289563096,-0.6521830751464596,-3.427651097525909,0.37119493150632377,-3.536868771244488,-1.3409224725702213,-1.7179735849933875,-1.8412390284555324,2.21361071188477,3.0622887955021425,3.6110685222474466,2.267729205103488,5.160171611462335,1.6428960968420177,1.5977662422214187,3.4222461010006096,2.7731076988208274,3.8368289573515253,3.749645173129428,4.8889536664321644,6.6638548954132375,4.224382566029891,5.393619255190768,5.201329046728526,5.28392261195103,4.56753431484589,3.7584498504255848,4.127246211401801,3.152139581364854,1.940279248211136,0.4319641548548736
-1.1449056392578743,-1.4290632478583898,-1.9736093777286592,-2.666800800882734,-2.500601365838726,-6.839094397330477,-3.7334855772148177,-0.26142372343232856,-1.4331329286134562,-3.5523334814052703,-5.3188059917522965,-0.667292146371988,0.14593414106347097,3.78155894323873,-0.12848706280660965,2.720477710095643,4.264851080436307,-0.040237440847434636,1.6693546047453345,1.9359889994423922,5.901774777919844,3.4987335984015706,-0.510868383052209,4.207207420056425,3.9831420296122895,4.598493793907454,5.808556102905281,3.528008087203158,3.0586701974351733,3.027915425526851,3.324085239175729,2.388676500736656,1.7309601029216966,-0.026580918008834806
-1.5952991497739686,-1.5311447917068863,-1.3861857989434772,-3.015233151947131,-2.094702245688972,-5.8142398432465905,-4.0883196070679535,-4.03635240403858,-3.9464975608424395,0.3312165684955255,-3.131737000639417,0.4454030883473063,0.113791843776153,-1.3305808984473892,-0.534538537766319,-2.0909144975433813,0.3994959245952491,-1.2777151364806756,0.780545726340803,0.330329526379944,2.494127001945643,3.0924201629360337,2.7746860706028826,1.309644602185148,2.815324755860978,2.0976069842463247,3.2551028396518524,2.744839809771051,1.733341718289838,2.2853480849654173,2.322595705019551,1.97202070770227,0.7070905238444022,0.05353389694069337
-3.219901650827166,-2.5062891434595596,-0.4224099769556007,-3.4914528646022007,-2.916025950069126,-2.8504237279567883,-8.98727197850292,-0.7572469061695309,-2.5672091746350056,-4.198588942500159,-2.9010926380772792,-0.19547094473551796,-0.47972216071302004,-0.9489470937928475,-0.7098407557773522,-1.0362920553126995,-0.9768503557832178,0.573400855998518,0.24737246205865063,0.8385974613421053,1.112320704635357,0.8838521915763605,3.2440870404402964,3.6156801559481933,0.5964904379087038,0.6095568353018241,0.3287957354010472,0.20799111113197882,0.29941295198088863,0.741784507862788,1.619980442579128,1.3463371466937832,0.09640764992633105,-0.002633208287156106
-4.19457418255428,-2.1505561238911235,-0.9480236774990752,0.08483031142974559,-1.113458671209591,-0.2572732385766611,-2.919353416038336,-5.163385285238952,-10.66183063020334,-4.435386103860612,-1.6690417834390168,-1.7634120177404535,-2.213264147766104,-0.6249731783780875,-1.2864318383614475,-0.5850344573126622,-1.7846481742180786,-1.6972001062231874,-2.631309783352085,-1.012691657389119,-0.5894085297744243,1.7559731238760217,1.3915453601917769,0.29169957048597656,0.012960492342879864,-0.5404432839206075,-0.48998987401062233,-0.18244534181071564,-0.784905341250328,0.10368018933466545,0.842201438006843,0.8736768135781958,0.019319824280778938,-0.4840386193006994
-6.4644875416113345,-4.824530868626205,-3.7690299877886426,-1.8284608372755726,-2.8992962982571155,-2.865459562168073,-3.5205606700769714,-2.089159174792053,-7.9827800180716215,-5.603048269711884,-5.034197943421477,-3.7539071503920467,-1.3132662425453194,-2.2902362997321624,-1.695365670578506,-4.028178097090276,-3.209323421838728,-3.1804323693590977,-2.929739374237383,-3.126183827664105,-1.4891560492140747,-1.0376598790118812,0.3405322639736725,-1.050940119366612,-1.3779675500804534,-1.5440253837796243,-2.0163036238754004,-0.8011286806125714,-0.42383667447776274,-0.5046023219533451,0.019862450284920147,0.8967736203750557,-0.25414183472437174,-0.981098791260417
-8.431747950271879,-7.0186102460128605,-6.575720567498375,-3.5726735043112,-1.804816294791752,-6.832153222821423,-0.3453872033905391,-0.2755857776095969,-4.820457466559848,-2.372845774898995,-4.742145707235668,-4.539626927620128,-3.2706562458510717,-1.9604830672415794,-2.161434241014969,-5.678040976153244,-4.322970629587728,-5.0079073449694915,-4.156259393327871,-3.838881076682425,-3.7187573867557457,-3.8359378407901232,-1.823957378012099,-2.370187113839414,-1.4439804801847622,-1.7181098773586314,-2.6193304897083483,-1.9309781375544,-1.2766884285533122,-1.1995018026196278,-0.8783529136096286,-0.540108956511601,-0.7804604917275423,-1.965095301857408
-11.138774433812419,-8.751448669436305,-7.661906333072563,-8.990872954252799,-5.2201624568867935,-3.3694939325155167,-5.747421669461006,-12.791423246316032,-10.943559250837641,-7.1723879744594194,-4.332176939028729,-6.099238725954606,-2.616430329085259,-4.538097599491162,-4.857139213017217,-4.049573164224121,-7.049894089545662,-6.865484261793103,-5.553465743693147,-5.951340692805075,-4.549711210952603,-3.3585947078509277,-3.0703921231725686,-4.224843189719319,-3.940146293053973,-2.8457530200213292,-2.483604558846721,-2.6929568012312615,-1.7157434180561935,-2.367136891561259,-3.149186533510186,-2.174723414902013,-2.0315535617494027,-2.885025134745836
-13.055581489918733,-12.286126969026796,-9.171250148071756,-8.616509386064088,-8.07218235208884,-11.698233046927559,-12.850333218642861,-5.349720839282,-13.030638129740396,-14.110227629270891,-4.983684875926463,-8.480458702042036,-5.512509864579231,-6.311825856577782,-5.265025122549723,-5.922793758450533,-8.335436344266002,-7.741670390241663,-6.953940962246138,-6.41246734808147,-5.321286702749894,-4.266824892420174,-5.308365010988261,-4.714398747655283,-5.780383101265551,-3.921617929108081,-4.1662381538566615,-2.744854167920257,-3.083449240120211,-3.345862083408844,-3.202798733268796,-3.5883849299130626,-2.760517940206923,-3.739934491220752
-14.840750776265189,-14.945698549168066,-13.98726418934435,-9.423308930430906,-7.843390724435423,-9.348373149267665,-9.691168638046642,-18.067357681657636,-17.65807701325449,-12.586229724331119,-5.166797040154828,-4.65963515413074,-4.757134762139929,-6.685990136419478,-6.937022511550171,-6.922518632287915,-7.467734565408717,-8.512918152636617,-7.71062847049896,-8.259660763734086,-5.134901475353304,-5.705723337332793,-5.84966462797045,-7.021451288602801,-4.947781030181223,-6.480156087056419,-7.434225848048866,-5.691434712360846,-4.919517765058588,-4.468965625547278,-4.12468047573092,-4.000519610396725,-3.5362763306738767,-4.12860693880474
