script/wind50m.json
{"header": {"parameterCategory": 2, "parameterNumber": 3, "lo1": 3.000054539987559, "la1": 64.9999836372058, "dx": 0.5, "dy": 0.25, "nx": 34, "ny": 52, "refTime": "2026-01-12T14:00:00.000Z"}, "data":
[rows 0 to 24 of 52, columns 0 to 33 of 34]
16.52705648523109,16.16964156831985,15.362273334317923,13.298965226464661,11.150069571598866,10.564529997007872,10.135791601075608,10.647692381890934,11.672128708268694,13.307392942446645,14.645188522808011,16.110234390828744,16.983215890430344,17.08904263572426,16.164165238405246,16.757501431133434,13.349117547100205,14.637586720052958,12.712252907048907,20.219596724180846,10.07120862385901,5.489292816253948,5.8507411358915595,7.8065500025986285,3.714123948044684,-2.0539561569837677,3.245322949063946,2.5968466004626465,-0.6393201594102232,2.1003086110850333,0.9593420070764883,0.08188109781309794,-2.25197509024785,-1.4649049927089293
16.94059183200077,16.291641225283023,15.26743308965696,13.463395915193779,11.06390836937982,10.351513779896852,10.60930135494824,10.137013334941932,10.735363365836673,12.672923506533747,14.440715761093514,15.52408737652947,16.64793824029627,17.162847579160427,16.34855264689904,15.269991628198724,14.995959570347976,10.331023962419867,9.920104789587828,9.481505453469182,9.021873430674198,5.250905050973215,3.8440956779028315,6.364710081009079,0.5614598518541798,1.4177860154107105,2.4480899351673293,1.8325096146996094,3.363546766055632,1.7637360841729537,-0.034321573904975776,-1.0040657433061424,-1.3644700050227572,-0.9343108712674293
18.67839424322638,16.431346638599106,14.954560609608482,13.62891744494689,12.070254356639511,11.570322944345937,10.921109160240452,10.86389997724971,10.296099747385833,11.358243028329445,13.384815407587197,15.93874960219572,17.117788989297928,18.242667904133288,17.840397328230647,16.17263501599341,10.74305294790271,8.412386433241487,5.050771069450195,7.340280240361487,3.780087144140439,8.41019036394262,3.7082078209584766,8.015165603464046,2.5813955315022117,2.042071085835489,2.3811713280922224,1.575041164917363,3.230763150788313,3.345043022808595,2.5482392971087755,-1.728540393159324,-2.1658703709583866,-0.3745635774617834
18.294570347357936,18.254866777037638,15.087293495733709,14.215175850599763,13.245787633711368,10.086123796884369,10.71947316509453,9.99309633374287,10.124530462358146,9.79199701009074,11.597225535408457,14.581983313390175,17.588664940006538,18.155049688585553,17.453213466948537,16.7324354581716,7.119835987026083,8.156885613548706,7.53284059112156,8.541750588031885,16.32252383931077,8.662770266116478,10.601664131421645,3.646288294388563,0.4875917022543455,2.756659725100245,0.3216309912123554,1.1996273207104118,0.9182036409009141,0.9330401319319019,-2.941128763746118,-1.1914115049366698,-2.4910459297667935,-0.6987662105952578
20.352979940968833,19.148121217159368,14.291829922589733,13.005281500245445,13.239464098246748,11.440713545813285,7.928136254486873,8.977871115008313,9.693553459723239,8.020830537118893,8.629257414904355,11.99044520814405,15.783095944309437,17.68151423883341,10.56674033637025,14.658269566864172,9.23572738012024,4.7048178175155915,12.21466837915144,8.54786294346322,19.99560950775686,11.739054475301856,4.656644963706567,5.286720224920489,2.3788648284458445,2.024595190475242,2.2807722227718545,2.1491929624325685,-0.06660480768161531,1.0513572243414055,1.756375615228924,0.6162728822091275,-1.9741546808394783,-3.0611251129502945
21.452457063437777,18.989387562913198,18.97307317612735,13.572256716827411,12.228031569709572,10.870832149755357,8.469282326582633,7.734445921658872,9.010966067268987,8.233140500617152,5.3121599820732746,5.400331608022004,10.724397361195647,16.34936027517015,9.93812415431406,9.757191673977543,8.997008871218299,1.1236189420120914,15.649105909547345,12.203882988675335,5.967748404660591,5.6867904754518666,5.554594735739059,0.8991842621034783,0.466143146565618,1.297256949280528,1.9429635285014524,2.6555885509945045,1.4630859815489627,0.8313536809392107,-0.5359150184750409,0.393074557471114,-1.118654041155528,-3.9042228125970255
23.128899320285267,20.4997529836592,19.67491326829055,14.127175988122243,11.3154926304857,9.778659208045307,9.132642617040773,7.599025681009774,6.74935365968462,9.403675902267407,6.481908001121492,4.406853610999471,5.134378251492349,8.51716159153188,10.165072955286808,5.669003011690411,6.609917003987453,13.613456315448914,10.470095302163537,8.591334959015036,4.603153192399135,3.3270170184620134,3.893933520417881,3.3967090506345903,3.824787884058818,2.4083695103192224,2.6297009329247785,1.868171189860414,-0.5212284816867254,1.099530689236467,0.6400104148473093,-3.5618507811113322,-3.4457409224660744,-3.388326402000326
25.156625643439405,22.368786061534543,21.162755742625436,17.83284494824503,14.256308168520997,9.032922683536036,9.271227298424334,10.160722700415011,6.551056764135531,7.499486583901979,13.956247585692088,7.285629786783021,2.2301918961483564,4.9237928178184145,13.347711015912903,14.7345447737611,9.572705915128058,17.36936951969421,13.856272009810837,6.040288045610273,5.8285929239590155,2.922816640796681,3.462474931535866,4.167523999985335,1.2787108354885544,2.009719957122376,1.5000493985190064,2.8660021039914847,0.5156550643703187,-0.571972501899529,-0.6038063119081633,-1.6582624763313834,-4.1849001019899,1.3439463520090515
25.979162252649665,23.70697335936981,22.211268281489065,18.746290039470367,11.594735201797372,6.633700260212337,10.993481824317655,9.078673196573742,12.56653550993945,3.802370486085554,10.502085777570404,4.748295929387072,12.387153032770653,13.05705874783395,24.46281033366387,6.465427809348922,12.514108928594323,19.449935693091643,13.274020585405532,14.550125439760448,17.153835945962964,10.786146770654378,6.4646916018549305,3.870819239183136,2.6317694122281776,2.2443927055312076,1.0957964113141374,-0.9569033137408645,0.0215383431393925,-0.5044110656833849,-2.1271253005951767,2.085390632802087,2.6005409821454193,2.8507425929744317
26.81313337855496,24.10729115307576,22.897602318697952,21.243956570703435,14.578438782881054,12.86747571169185,3.4449242264716813,4.457505106926552,5.498387677893642,-1.8159110955789235,7.6272256137509995,17.780821493999177,11.841094388043233,21.065876285855364,15.632945032740619,26.118552475138067,13.650739299699362,13.405062910191033,10.175090498630881,8.653058748495905,9.819465791927339,5.523497790762645,2.4798559186507005,4.382347992414177,2.476684069786433,2.8751997951065267,2.7398617643354584,1.13673208675843,0.010452501303270184,-2.0881710188330147,-1.9802389795896975,2.9671237116297617,3.558156445482151,3.4890881745947966
27.24210232800202,24.863739301972682,23.32338264849585,20.490462965624786,14.586732850637405,10.324531491446955,5.688340952584395,3.2721826660695683,11.367171209680789,13.461403347161543,22.650593319821162,18.906859716582424,28.728188439770296,8.230255167629288,20.48052322073773,13.752444930090743,7.950632600389722,6.593218438714834,9.802111429852479,5.273776209349187,3.870639514724022,4.076874892805925,6.366486991887647,2.5877256527972423,3.57338641284005,-1.1637197678850932,-0.8988781843611261,0.12473460881751004,-0.6247453445746431,1.2213715890186814,3.274375746648435,3.7193929505733134,3.960079223812173,4.124338616988041
27.54674206279328,26.305975419731343,23.01838180551413,20.51478307804251,15.896737638912457,10.64430612652886,11.925045139971017,5.951606430266347,8.12478006359236,20.23113854140987,-0.7280438892911644,5.673310673227065,15.302471117997491,5.56505047451417,13.877226181604414,5.46715451606157,11.63563636527362,15.250280567847751,11.622795501421018,7.802894019142402,7.070849366639181,4.471920234877422,4.094973252978258,5.002666138388369,3.082000090658799,1.3719531490989179,0.9123483027214634,1.1466669629978703,-0.42454364358721575,2.265677735522527,4.400411064353522,4.310424252909733,4.265697865258645,4.389436095045969
28.669811349531944,26.314696719722573,22.707237083573265,19.030365152978934,12.830346154521525,12.635000765784321,13.215658925216225,-2.8478456739751365,16.861426805884005,15.186095540244407,4.3801004482840655,13.317071884074004,18.875882819533913,22.057503350152473,15.970371959762144,15.543979062421027,10.503230964959604,6.587980502274093,2.268338180453895,3.49315423198929,6.222662563308629,4.475183950724315,5.890351683304188,3.4293702070136085,2.1294061181112367,2.188874970427387,1.7781994441267719,1.6539133140516378,0.8334886268609828,4.962844447370076,4.809993158170192,4.827425375300762,4.622078350812273,4.592978378837572
26.560253404051714,25.87682768142315,21.106796266821338,17.45018009724058,13.566258390745878,17.265791942574516,16.79037799703191,8.090843362594496,23.660241664066657,14.318018555557336,21.698160737868495,19.910340808059917,2.86287632175452,0.6403765149217948,6.855418272969067,6.036124038611775,7.996436989696605,2.1918982352463234,7.133304636290034,3.7046273837215398,2.3442303112329963,6.278499906942199,4.324455665554486,3.751387228932076,3.1837830717667974,0.9932689766451145,1.1207012757147066,0.2635153157469026,1.448440496356015,4.586824414067968,4.98621685142966,4.856500620970299,4.4930043482676885,4.2680031845336055
26.06846217371911,24.757577417313723,21.367362146813896,13.35410797290373,2.6184465040087277,3.8454817725400323,1.5880778160826177,16.364866631127047,2.872137223434219,0.5845898897920232,5.534340643303732,4.772153591183569,7.600712421796569,8.8172621710768,5.823483830622888,6.212941893537136,6.786770135183879,5.390748847862784,4.261518645611126,3.724951180535576,3.678574384647092,4.068829433641626,3.5148469856940006,3.318588056088494,1.3227313588075245,1.9401099289630734,1.1542615283069786,1.667131266993357,1.8352212367288139,5.150533327956139,4.947241264419976,4.430786106526488,4.2647893203604035,3.994354746533278
26.801862926728955,25.10508283892995,22.28433879186129,12.288233036795331,5.665374332375425,6.337121808171241,4.796731661320492,4.324739278030919,-2.962754485046359,-5.408239380907754,6.414494425776591,9.079454782908305,1.0906449192278507,4.693828586059047,1.885449298859126,5.181110057779269,7.6354641875956535,2.230946318661753,2.4517487954800363,1.672391683580882,4.6004593474331825,3.677420941656601,-0.16834065260394362,2.1105800782099338,0.04217994857435735,0.21127192050562957,0.9044577376621908,0.44125031442544604,0.010308534632169773,4.6061780057178385,4.167353239851443,3.9764087928194747,4.088883045703799,4.053338251170013
27.255707630451766,25.400766154542033,22.907493031373143,12.429644033403058,7.783448440916584,12.363059579562153,10.700672236447266,15.7958687692704,8.66867235101242,19.91653525520146,13.707097905652313,5.853078487875593,2.5519936358480404,0.7511558626137415,-1.2180909800825046,0.7795688887411951,2.9460120053248624,0.825478090291305,1.186409881795296,-1.5146225348212192,2.705818954095121,1.7567533534806894,2.319840838907275,0.56647992560519,1.4920665755556153,1.9039673892380646,2.26526251305413,1.2779481442277623,1.06282023209115,4.208963486210918,4.642703811220298,4.421393690547907,5.076549745860086,4.118276719009299
27.613809162214327,25.950927946229204,23.146124397093633,18.27889098226693,5.859883581551196,2.6484763642295013,9.524506552924127,6.433640759676856,14.216602427895985,5.015897009485678,1.348228055142726,1.0085275549356116,2.22710004300153,2.198928145812519,3.292914013023442,-0.0960030503159265,-1.59986983087912,-1.1209445620567917,2.7989244150326447,2.5028911112698,2.4469042450273326,1.3522000642586254,0.5337694308147352,2.055102358747189,1.2932791869388003,1.8986974724996633,1.7363869782388297,1.2778943773555904,1.129364117112899,4.190239263497623,3.9280094300542654,3.8432887007791723,3.3040434684279085,2.8259505402377516
26.45222925134658,25.850384442438926,23.498660755845005,20.298668907556994,10.797129685774372,3.6036419069067778,7.964811380695205,6.844613307668285,-2.9056145467032404,-2.0370149808917657,-3.401751318946343,1.5340135226368758,3.3244744221826474,5.408515740321014,-0.6399743229033901,0.8930285149976412,2.170715478681492,1.777719713186772,-1.551091659601362,0.42520651947902127,0.1490058001541655,-0.17046835667715846,0.6349387824000129,0.8816364792983482,1.039403536866445,0.36124628089088623,0.014124295962886847,-0.4979935572741122,0.5912508849917849,0.49342000381804463,-0.18131722118672772,1.8295327440663653,1.4102234116914683,1.5607805451621823
26.047928327731903,25.438549538391037,22.76265899790204,18.921381068184495,11.133362413400219,3.6863324256873895,-4.127751716548248,11.188837262256438,18.669433415558753,8.225440670935376,14.227570153834028,9.909689123568677,2.5843218234918086,8.986022718622511,1.1866446965811868,5.4739047592014485,-0.1481359809085002,-0.713201234583676,-1.8033451627313526,1.2821324777333538,-0.9230901900352874,0.5562404661392166,1.0979590111356676,1.3754374028106067,1.0484293726542444,0.7279514820445733,0.6876543633738786,0.7459458240672971,0.45342365854578676,-0.7616352552451428,-1.601460614123117,0.26422200866521467,0.6952313879619265,0.5980330938066778
25.11118796788418,24.86543249503855,23.09460462914904,19.177937151597263,15.425764512655073,10.277931847946185,10.12004784731662,7.198483173874441,14.62242305272177,13.311309576339168,11.056689729466555,2.8660611679891512,0.6007451067037385,-2.267315991600252,-1.2597773463318491,1.5190136463812645,-1.8066676809005755,2.1157119835506792,-0.06759816314693182,0.8637981385219885,-0.4058768935591551,-1.0519538991192297,1.3398181336043842,1.727892055058075,1.238075131503222,0.8370400717494766,0.11737767174569154,-0.5092830065510939,-0.48402893880632825,-2.5627281468355263,-3.305393627433118,-2.1271403132181734,1.5299353962755078,0.5623776055508085
24.46773448655155,24.659346661719734,23.31297401207085,19.84875235415672,12.364005487599574,8.25827577539045,-4.655820998921113,1.7409008759212743,2.264479244876979,1.600075502598033,3.3563262731020274,3.549210889211103,2.4138639976012923,-0.3914284238830475,-0.5405790953816354,-2.7016859452045203,-0.10418044974070247,1.690416663840785,-0.024424514763781366,-0.25359782906999023,-0.20341587661584937,1.5996829735885945,0.6813363769873968,1.0701071800974284,1.3212803930073613,0.13875390378718241,-0.21249970689160966,-0.8007566490602306,-1.8848847928647272,-3.2585556631777304,-2.439882188351081,-3.2863772515069267,0.8929561875798573,1.4405790147890511
22.530107022529034,23.46301884490586,22.925412000156452,20.12292715808144,14.822697145497676,8.107880232560946,3.736125189082482,-2.3179945899543273,11.983603403401041,4.7308597058612,1.7276035715115798,4.1566916384008845,2.730040879403546,0.7924273577675509,-1.685355827026657,-0.325009936673192,0.3889093170018196,1.7751634083060934,0.008925507436972326,-0.9185676141094509,0.4900329042412951,0.6599724897556796,0.8953981192401813,0.387243347044517,0.012954327413283964,-0.4741879864916078,-0.9406964900557189,-1.0278864740657943,-1.6434289826562634,-2.781518283470258,-2.083242119801088,-1.6414426256844525,5.826795733057236,5.933554021889528
20.240096633336535,22.10807273460782,22.19542119233479,19.67929727043859,13.863147408087329,7.536604009028259,4.923557065081912,11.73576008462201,5.624561966437058,0.015329937145508945,-2.4029820475317125,0.09377705373979317,1.5361305040743083,-0.7628805909478314,-2.5507682775611187,0.9650074670416854,0.5328540783527098,0.8105130718542631,0.9823926835364762,-0.4734317857020667,-0.9364604181097377,1.5824349096460697,1.0462111046582099,0.1644040559736556,-1.0918676631121995,-0.8991255140056302,-1.534395830418962,-1.3002140351263491,-1.547808338031288,-2.2990218302900725,-1.4802795069138066,2.4985079717334755,5.011591505298787,4.822483217470398
14.794984585958161,19.438775916802147,21.33702690694867,20.34172993437101,16.96611967418423,12.030563434613885,6.373822204851252,18.774455045698982,5.297596536617912,-0.7523822756407075,2.23690623337695,-0.5133465695311389,-2.3250918101176277,-2.284617189962074,1.2868856012633887,2.549286928733135,1.080884371858885,1.334890828754552,0.9135420882147776,-0.09006954869757186,1.5213449135874408,2.3441984720511817,0.453383980093191,-0.7553607927285277,-0.09132556340762998,-0.2454034653665128,-0.7824114344193265,-1.5600603259920214,-1.9828215277158538,-2.8326116312407517,-2.1837527096149474,3.449744086891403,3.445421932230491,3.8633189118579123
