script/wind150m.json
{"header": {"parameterCategory": 2, "parameterNumber": 2, "lo1": 6.000198445256149, "la1": 58.999992894266676, "dx": 0.5, "dy": 0.25, "nx": 22, "ny": 24, "refTime": "2024-03-01T13:00:00.000Z"}, "data":
[rows 0 to 23 of 24, columns 0 to 21 of 22]
2.2957532176626234,-4.671684216697056,-0.07280245565843868,-0.2568507761183451,-1.425877833489819,5.7241947939273965,-0.2097318270584466,-2.6803196403449343,1.2961285929875241,7.257913028691772,-3.7052986546976228,-5.136577405566976,-7.472992728337071,-4.794183679541522,-4.7837939927781195,-3.775516612147118,-4.652716618450392,-15.245632460692097,-4.1608884311935626,-8.869241253491392,-4.3960543018564024,-8.454508277882448
-5.956447380704877,3.151339044250692,-7.128817789979261,-7.574731143704899,-0.922615773946103,1.4323913630589624,-0.6805188760829196,0.5626567651477133,-1.3008367013567108,-0.15482075653046307,-0.14028608454826721,-0.813516738431041,-1.1724070845785106,-0.11801102579573555,-4.380443653144058,-2.4771821891040586,-1.8263453222649493,-6.42274873653516,-1.6308994007370425,-6.901534105105804,-0.18180209819204543,-4.118416419793333
-9.55094548215108,-5.358029002303681,-0.7303476795550384,-4.90692741984281,-3.9556035903747944,-2.999205989942861,-4.5809310972129875,-4.015011564122536,-7.447760498749144,-2.3214517475991405,-1.9939459006758788,-0.8314706504559755,-4.019361169480288,-5.57426606479384,1.759823097607466,-3.997026431201544,3.960257291578826,-2.2565332634021122,-8.880874823993402,-7.644169444489233,-5.238173160020179,-3.5592120024163236
-0.856082824706068,0.27509416471057674,-2.4414258952754255,-5.810283404325485,-2.0008724104987525,-0.09634292976664853,-1.9672542688528114,-2.215008490966673,-3.1470123260636784,-0.25581971740006276,-0.0901707305174107,-1.7317714603704042,-4.6692462652179545,-2.0841525497036515,-2.63335333711429,-4.92384846737425,-1.1045435350868973,-1.1261188691148845,0.2752877355044074,-6.374361091897637,-5.386423273961064,-2.7493651576306655
-3.3934645187304757,-0.36512296383227516,-5.143125785119548,2.1606105381706806,0.5076624103029037,-2.409488764363431,-7.455194651151735,-4.004276619242628,-4.688051537936596,7.184689706962078,-5.3563364867316725,-7.189128308223685,2.5070261759421233,-4.270725750393443,-7.475921696193629,-0.6217770110161736,-1.2422354334592027,1.8670905818429715,-5.259025091155705,-4.201764802027631,-0.21297513302620258,-0.698900193534274
-3.629893018875594,-2.973806678156671,-3.278369437136325,-0.9207783617363341,1.1062267502055196,0.789867633722727,-5.518285540970713,4.034359742716739,-3.9571829750692045,-0.9817200466831022,2.697141655958454,-4.183885640482645,-1.6043678944998616,-6.0185117840431746,-4.387033245848664,-6.739151334607948,-7.765587157319089,-5.985773443485635,-0.7031316548072717,-2.944000582361048,-1.1191052044604957,-0.9128482572462521
-0.25459337943787497,4.811839683150528,-0.6820872031067132,-0.05942249268962459,-1.4581150088942714,-3.118149858505258,-0.35178171160282656,-1.1302293205282934,4.388778879227692,-7.419202939215243,-0.4396582855286368,-5.216473601784197,-3.784514022016414,-2.841387030263493,7.434823228909996,3.1947183215262616,-5.435330845504583,1.134626470307712,0.32703396439515203,-3.769003401523334,-0.539443470136074,-4.541289163650856
-0.9992528397338635,-8.034477040034373,-2.307881493594283,4.320129071212393,-0.5408290910856738,-7.1429589562248355,-2.2139618429265875,-9.454651135682887,5.621246726395293,-4.567884771096384,5.906730574516879,5.044525911020117,-0.25442094672815374,-6.331287423615371,-4.091701082766883,-3.9919602474778055,-1.1030138022776013,3.319535237244086,-5.08225885238363,2.708079076235999,3.0010160452797328,-4.539862894288452
2.3401108087704556,-1.494282930856204,-6.937991041999367,-0.2554580221817898,-2.742238496295525,-2.9279151181134746,-6.815350212048091,-9.5364334912186,-2.1769314592807043,0.6911448312072997,-0.9403766456487768,-7.982602650665176,-3.599576515957832,-2.8705169024448978,-3.3844182276848036,-4.095807402725431,5.1956043156407885,-6.698694174237656,-4.906730107056063,5.623689400851236,2.6969239014495496,-1.8657593916582438
-6.60461720734355,-0.6065111018678822,-5.686121079237417,-5.4340668509380645,2.485175482077851,-8.634735760216842,-4.602560995100262,-8.535615294631702,-4.192432281833152,-4.466401507685044,-3.3529233527460622,3.174114094154983,-3.9382347922369245,-1.502196525579797,3.2473149511554844,-1.0010523622057268,-3.875558778804816,-6.9849800060176905,-3.779979715566263,-5.639461796668694,-3.4294298377089105,-0.8549191437899837
-3.5220250813988265,-5.119747374236206,-1.057793614461765,-7.624214610712973,-4.962070147221147,-1.0982820703320777,-2.2471571970660977,-2.875089313235783,0.09257818352803639,-2.743736813630171,-6.8794553281290485,-4.0794878271682595,-6.482504197573653,-3.204271922821719,-6.238148992233732,-1.0172264649338159,0.09342196256878167,-1.2114076249831083,-0.8202657974190624,-4.862150983057062,-5.888957699698068,-4.855309585112842
0.7555836932372744,-3.889197145354917,1.2524759835860775,-5.077818943194802,-2.3990231220630376,-1.5949231773392718,2.665600847258922,-5.471124193999101,4.656880486628609,-8.298265365502674,-4.614794171076218,-5.310012547979138,-3.0364218603885824,1.6480216511560979,-6.069509143692027,-3.6251654005965643,-2.093278974051725,-8.961143453072172,0.5713169807143762,6.703506506242061,0.2628546001470598,2.8594276702166903
-1.6051864732671421,-2.9297731495323447,-3.776232611995802,7.678498931024162,-3.125598519653643,-8.232922154237066,-11.509049141960107,-5.632218128737032,-5.184662886566132,-6.486678831267722,-6.904400819808413,-1.1786315332016073,3.435465884484418,-3.9905028436390726,-5.096188406873071,3.126551360820232,-6.483026725421694,-5.858954031890663,-3.3565678611939376,-2.041463205293832,-2.5111438961846133,-5.081829556974922
-1.6232226263289662,-9.869821510889865,-8.001558831369612,-2.842132075237513,-3.877900019655048,2.496519686047713,-0.11446197415739406,-0.7176682697845324,-2.1434196621694954,-3.6276832639809338,-3.3538415028193613,-2.197821615402796,0.6480382330022316,-3.9069470016620826,-4.1357000256815075,-3.116246011371823,-11.660127002237877,-4.821667614757351,-0.7818303478402592,-7.641063697416406,-0.21493750947182566,-6.779563870341272
-2.8857689794587196,-4.841657284344149,-0.05458794653362383,-6.8402864142789905,-8.059806783204584,-3.0391078073895965,-4.781681313016663,-1.4433435292354826,-0.20810371791265833,-6.649835885779661,-9.809817687117269,-7.533120041662139,4.508186273025494,5.646753454426077,-4.7720923305051555,-4.089887644569152,-4.893672976656978,-1.8336458222117573,-4.07748985677586,-10.087305999885272,8.009479556854263,-5.5865648507792365
-6.200513646962779,0.6857898150112617,1.4083591072908024,6.8867527961211925,-2.434668464267586,-1.6723249479467466,-5.390857136110501,-6.834520002645418,-3.703143271905574,2.4835021303021296,2.4855456823097373,-2.720218065557054,-8.495188281126714,-6.211179816440569,-1.643663042339335,-6.10536046930173,-1.213608469486278,-2.4652641283283123,-2.0447726799884003,-3.646923387145723,3.927952419443208,-4.935947796426401
0.8538624103133733,-0.8258866864978273,1.6795717709494933,-10.582934193111548,-2.14397089012964,2.0484439832899146,-1.2301906739003172,-3.720216908777455,0.16130811670452347,-5.906314580673796,-4.497848703078351,0.1941806786508929,-1.624639535792587,-4.409777458110957,-3.0314577416595183,-3.6333023919684306,-4.431426162593862,-1.084126316770242,2.2739665341089417,-3.878854339487863,-5.720604144309659,2.210793873131544
1.6715291170514752,-1.127475386636667,4.514196168642562,-0.6679937127331569,-2.2077973567478275,-3.8643310723914155,-1.7183798586633525,-4.2354304269218455,-5.106216514729945,-2.0146671696339897,4.174180144528231,-3.351884766633269,7.27471430307822,-2.790046061425898,-0.2582758926619298,-3.998896632483852,-7.588078152169943,-5.201591804546836,-7.450615461977011,2.7348837318821366,-2.355067816605664,9.465991193020365
-0.3924563294573034,2.5809502657305603,-5.610187276969371,-2.2569095134831163,0.4877066279806004,-0.13292991842625634,3.583942824321557,0.21309307198030406,-9.589140292640481,-3.2976780451859096,-1.2586123293885716,0.1033704952843255,-3.3403276645501903,-3.9904630276807533,0.23500333461121858,-5.184556028634445,-1.9166557959388786,-3.821572081953728,-5.521450346000329,-0.72075415611481,2.578449128462723,0.7418726202171567
0.7522371327435311,5.41553350636787,-2.85081705072864,1.868859112460104,5.128407492404589,-5.561911008585548,-0.38870224689716026,-0.6947868158931373,-7.405069838626393,-2.614649988668684,-1.7411697743126,4.635195067476112,-7.844834389925973,-2.552046030246357,-4.471363575872744,-4.336800390694287,-2.942081343970481,-7.085568635357445,-2.279940964278612,1.9728223583158406,-0.16954718608110472,-2.7555216739840787
-1.7788285536041366,-7.183498625366391,-2.38161055871248,-1.9965410636747023,-3.3287448390960828,-4.7205105572290496,-4.013172377692365,7.087742612941354,0.44158679937435474,-6.819911614429859,-4.440950097773593,-7.894017359647087,-0.5627819267920953,-3.76951461019353,-0.10564174867475885,-6.56960285916711,-9.212590647691306,-5.645196978574459,3.9322575630376697,-3.184793587201728,-4.308963986611287,3.840754912964167
-4.914157066402169,-0.28030371098700896,-0.05339723103060786,-4.949151863125749,-6.654386955082003,-3.8631930350767107,0.1113489148871246,-2.6240664439504093,-4.577209584052788,-13.169043733591224,-1.841403226514898,-3.232319015120333,-2.8812184818203668,-1.3335581639935594,-9.261490457344005,-0.9776130670872618,3.847254825620678,-12.780957613911605,0.9408631547222642,-4.772199589246157,7.710368764312436,-2.5075895567548483
-0.7589224204713181,-4.462971980563126,-10.456308230762637,-1.9418983283122162,-7.817184488748003,-5.696225169692231,-4.343486101400839,-4.184824521216601,-5.61056643717102,-8.086206616917432,-2.5394693570082705,-3.086987950791175,-3.9476629659364475,-3.949422250265164,-2.953034909951315,-0.036648819131728405,0.6807844194000628,-2.1195438643596627,-6.839743726864928,-2.847621764939726,-5.974889033490318,-6.624342142201341
1.298953030285091,-3.430366832987012,-4.952044562169575,-2.2666989327118308,-6.310785989157771,-8.347938883916864,-1.6683904717466658,-6.806572332274993,-2.7096929780735577,-4.263658617803898,-2.33195004044588,-3.685021751689246,-4.021309179388657,-9.3439937492139,-2.1827256743297387,-4.236487727204223,-3.2936682809705506,-5.945966778002798,2.9840506068659565,-2.790009042261803,-1.288765657486051,1.45163060008114
