script/wind250m.json
{"header": {"parameterCategory": 2, "parameterNumber": 2, "lo1": 6.000198445256149, "la1": 58.999992894266676, "dx": 0.5, "dy": 0.25, "nx": 22, "ny": 24, "refTime": "2024-04-19T00:00:00.000Z"}, "data":
[rows 0 to 23 of 24, columns 0 to 21 of 22]
6.066682842413546,9.30935479167832,5.287017314169576,-0.49999049183701,9.638874748636175,10.009035952740458,7.163145515489896,-5.570034209982407,10.566000756073866,9.608872182926689,-6.0426978136508005,8.087731878759195,7.816300382669804,-7.655834819710396,-6.832959324802044,-2.384903605771092,-5.981377865349521,7.4744357032909985,-4.398206590326415,7.521254733439471,6.365351282409424,-7.604179619009088
-4.169863776148232,7.573844872653502,10.799499961844916,-7.568124552946962,9.250606344217024,4.069865774286803,-2.5189419544968232,-1.0397338739262565,3.0424733879490837,-3.2587428017794315,7.8664441789910144,9.454239016234354,9.92021917196076,7.336545827575312,-6.115960770847782,10.392482387190071,-3.0664115008164976,2.9967934482342975,1.46952035740199,8.710969022426163,14.479195007539309,-4.329882299997469
14.325320101561571,3.6876936381033594,-6.269512679840587,-3.4507834818176137,6.268519527799021,-9.090019197078265,-7.577199610856622,-10.975242619308176,10.819306736769404,11.604963967155914,13.378803993488697,9.06894644264767,-2.3782066660734515,10.070436598847762,9.258431983651478,-4.368277983069776,10.512970587825304,8.715038308820704,9.687591183416808,11.328132662706466,-6.95042583422617,4.187355354497347
-3.3484000727987207,0.5296964932963745,-6.328968507756795,-0.635625627847385,14.54032240206182,0.8495667941410242,-2.839060001269531,-4.661303149456459,-3.741314112097748,14.196971759171657,-6.181651910907497,-4.927996176872649,-6.355759077384921,-4.0871897900727605,4.730571305221606,14.30917206572334,-0.5720290053536482,9.698111668184657,13.31850622879233,8.133766701929645,-2.9303170811235657,-4.020751231404097
-2.401712952745668,-1.2584774952225395,-5.745630343339377,8.730237929328819,-5.10004783179761,-3.4620402279287394,14.108314369900228,-2.9105102590140204,-8.955070786093724,9.566164303641882,1.6714769747303488,-1.2487121796897487,5.291433097818643,-7.168879376095434,-1.9402451521435098,-3.367071169989038,16.417694131631265,10.527091639689964,17.350476737887817,-4.802784879096862,11.394107393448262,-3.3170997627750722
-1.7239106152457369,0.07319792096366917,-6.852329059522637,2.5210453977872764,9.332924444506487,7.773682794769022,-3.57332155145261,5.082712810683595,-5.815143174395948,6.30422092483693,8.028934152440154,-1.599464156864085,6.7815576791621055,-7.546043806682054,-6.857074782267899,-3.315454369424434,-3.331568356649342,9.941912466485398,-3.350125895875239,-4.739361320407169,3.6719566180014747,-2.531600400403688
-2.9505316245259596,11.279384983278534,10.199995789982172,0.9908163226048005,7.989102858137462,-3.9971871454167793,10.432390899593718,6.970230876519061,8.954483286228232,9.926813808476279,-3.0093748402151745,-6.040900689988247,9.771651251408207,-3.3408910392350055,10.804831396111917,11.465964033806044,-0.6434113218450102,10.403177132231193,-2.822921139459486,11.259515024527886,-3.150638014945941,6.26659364626429
-2.312972014301803,-3.4328446353572235,-0.9216859667435187,8.591861753333943,-4.110361968935098,12.157009692367037,-2.4618986308792667,2.829740370923108,9.002287293823784,-3.6993029496308387,9.649059135175042,6.707655317781628,4.953747782071784,-4.444637525785554,9.811540569846208,0.9135031656945588,5.096742857483981,8.714310446598887,-5.568256702776908,3.689107640848736,3.898614141986149,9.938304857642747
9.009834025539528,8.333179616887577,7.386468026871418,3.010865081456681,-2.3641708909262227,8.041213122950975,9.41090602270438,2.0243707441552896,9.147776217969406,9.470379894107422,0.7597681268047349,8.268216057210818,0.06692794308912793,11.215435253660292,-7.062627984831136,9.080234149842045,8.790061706663755,3.266989482603979,6.14311135961698,9.40024125266113,7.176476126366551,14.1085443759388
-7.757807777768605,7.42297788923677,-6.435143562311098,10.082954142464311,3.9906868879536,-3.9214116057694643,7.0731073257076105,-5.979491542166491,-4.325986965452507,-8.256291815096374,-4.109406388505095,10.17095453987775,-3.4295371898084737,1.4553772054470997,8.759561399066056,-4.8909522542236274,12.596417869632562,3.7277234978255867,-4.144609162632384,-4.835457171229795,-7.111295759633761,9.36781070920492
-10.383315038037908,-7.056388284953144,7.892177496480468,7.497062464420994,-7.06612744966186,1.5719847414907466,-4.080548388344476,-6.0482956271007495,10.175014099170411,-3.041246794029852,7.859721598343608,9.51580142632495,-2.7067133466952424,11.720657894307848,8.96182427670364,-2.2397878935968905,6.797923558929549,-3.7973677140829714,-3.0986974801681555,7.0996701632300265,7.883264585300347,17.008936849519923
2.0198241341076817,-3.75922585199504,2.158881682195331,0.8235019201509846,-8.279128605469712,6.885844641504021,3.8069907356205004,-7.485642021002152,8.69124593879358,-0.8731689302780534,9.366475158274223,-5.96833484422289,-5.595485818627274,9.161923123068775,0.6714016367199889,-5.705632979310337,9.640413884590432,-10.579304854849635,9.681631234435853,9.692875679257217,10.717330769275177,3.515768972919433
-3.0625184780909085,-7.388447637566296,8.197015147572735,10.68607210909618,-4.740112918076413,-1.3944821479521599,9.61801280535873,6.87070912747576,8.839995643700883,7.898454120547141,-2.2382902858557783,11.589827610547951,9.014086875532692,7.157926862950246,14.24587836119038,8.760104666735186,7.852385943744752,10.955528909894035,5.93942092270174,10.228544328770326,-8.422024427328472,-2.8274360178063227
9.34956785122192,2.7769095160017017,9.581531086023768,0.8139677365861969,-7.012440790712075,4.219503180358851,11.135052966620272,6.42421978796788,-2.7442069778211184,10.558328985292691,-2.541169625817158,-2.2579315143428937,2.626923670081303,8.383610019491606,5.6413820218520865,-7.9893655355549384,10.144745076123604,-6.780340473247048,9.861587512283863,12.499174648625768,8.261083597327945,-5.153525185208397
-3.785301652693909,-4.553795398834137,9.86167499805917,-7.908806638074781,-6.91860094154882,9.68571341137085,1.6987285842558073,7.0396921804328505,-1.9066962665448777,-2.960108260997119,5.609199789703112,11.399982110410042,9.826417655978068,9.93698655617681,-4.383488931345493,-7.80935076772978,-4.6295463340305245,-8.097513165347626,-5.51553578712928,9.555589622688206,8.762911450519681,-4.906101501345667
6.203239764336759,9.902142311694494,9.940582826636488,3.51549064471818,-1.8192851333576272,-3.380179598823417,-9.799662370807518,8.108647109139172,-3.3396806071068132,3.051094261885346,8.610091157597951,1.2264582817833567,-1.7255255684409274,10.148199169371203,3.6076756254890587,-4.650526675441172,-4.324437231501568,4.542396592723596,-5.3137842975257925,-6.142364532072972,10.373591783874321,-7.7976179820573375
8.271159135989567,-2.4025268540607025,6.270789820763439,10.676523796232878,-4.0201087502824295,4.634191514799689,18.4294148993101,3.939771848832238,4.837367876973903,-3.0007208400074994,-11.636383063974238,11.324958636173601,-8.170500883751938,-4.802536748509567,-5.700176376792981,-7.932780019776618,-8.00271577670511,-0.9544402130872118,3.299155408667331,8.111701847150256,-8.254686181323349,3.374825178975213
8.537986752586738,-5.7647974155563135,9.109125313120881,-2.0772949270567764,-2.4851688972905115,-4.549596298302182,4.929394667854892,5.3984029492887755,0.8853471189511678,9.13845025700426,10.02957871407403,-2.367408556397545,9.530974568468823,-9.398674109377044,5.00300932227731,-3.7263792796307187,7.846045278746798,7.148337298935965,-6.0580092889860016,11.744354867269251,6.654732629482132,10.079482139020575
-6.609839894187313,11.903200399053862,-6.5154234184626905,-2.785921938356719,15.51322921809807,3.8713934417997824,9.697894174192555,-6.557322074522394,14.680882324184022,3.456807567839987,13.643498192853567,-2.5171740383015626,-1.3213363140847998,9.545097377600966,4.352611442147043,-6.519874054687987,9.727858968439653,8.303070529884078,-1.3580849858191346,-4.190341829703711,10.591845433289489,10.199216802453257
10.406325979580318,9.430914231468263,3.0444295407788777,6.229866830287266,9.899401056742656,8.236882278018037,8.291207693665214,13.344226084010115,-6.258901944100447,-2.8116808020678996,-6.237079482431294,7.974470250486463,-5.520996938352141,4.713985936861077,-11.033664794210575,-2.9021953230651523,2.516423744522355,7.263512018863889,-8.379930524169197,8.193259856520852,18.09913573914746,7.758717697335496
5.545336359870033,-2.680614376794729,9.867888804871038,-3.2550116372175495,-7.0812116926521025,11.954723207357945,-1.071921361592816,11.075052701502756,9.861119043994098,9.78979780161115,-5.2052249228747405,-2.4561403563716775,9.41535661505429,-3.405474179928518,7.7731092132738,11.16655937470056,7.519842813758041,-7.799332316738588,12.90977269167792,-7.277298686353216,-5.540563624922996,5.970409920802501
14.341843686645445,-7.284091953312508,3.187576351444241,-4.900440313244438,-9.779613489550874,-2.8810852022010436,6.292253569336745,-5.3655703962451025,-2.6879547336971004,9.730833764394378,8.4182983185074,8.111800197594366,-4.7558433599356364,-1.6426195471906344,7.0659134773680545,10.350416817069657,9.919515718471834,9.361616617171249,6.934983391816501,8.85129757483986,8.556670064099341,-3.5820496894335436
3.3952098376172577,-7.275390131973076,-3.0600718744310225,-6.494911467993129,7.828704757897314,13.728297194615172,-6.32710173015511,-14.718395498355386,-7.0421503404519425,10.681257806271555,-8.94613821385318,3.7251501606550677,8.481890905425455,-5.643657577346364,10.00687882503885,9.727770501123208,8.831341377946673,-2.0849167306468996,13.736702198879447,10.185709217054445,-3.3665068068784443,10.092012512058869
16.456351666558966,17.946684399286738,-8.16364822157274,-1.3816823443838915,15.841018479278574,14.423104822526117,-2.8944800737637157,15.529205442810396,-0.07596202637193444,-8.445595756937662,-6.748724152535348,-2.0777290636130235,-4.465527605544467,-0.5664509286349955,-7.2724013877731055,-2.861100695315452,-4.811344912216406,-1.9865594299372231,6.910039172370933,-2.755323908460803,10.438380653674153,10.813423444802847
