script/wind350m.json
{"header": {"parameterCategory": 2, "parameterNumber": 3, "lo1": 3.000054539987559, "la1": 64.9999836372058, "dx": 0.5, "dy": 0.25, "nx": 34, "ny": 52, "refTime": "2025-12-14T00:00:00.000Z"}, "data":
[rows 0 to 24 of 52, columns 0 to 33 of 34]
23.294960888633295,24.690839539413783,25.51041498369946,26.135558024140067,25.354841311873233,25.39522376553336,25.31306740405289,24.083455495017912,22.881481966109863,22.221793178067482,20.680508135439513,22.28960959448847,17.60849274994544,17.508864351719208,19.01873351716178,16.77322859081872,18.415467793185275,16.30615793879837,13.327101855514567,15.817713058285532,10.354102421114657,5.589678163766258,6.1152363081803065,4.938754457326287,4.056820367358441,1.6308074727165227,1.9906156806028399,3.5786381917747168,2.435005643454205,1.6656628642553792,4.70407523832016,8.01230027936746,10.91412003238001,9.771544567631445
22.79422631309016,24.151503393310147,25.283846851435886,25.797716092338224,25.878711644552716,26.054913557493528,25.766710395106223,23.70813974322571,22.996271857996604,22.169471743276823,20.452821401605718,19.30497494930805,17.15400963181982,16.465034441511246,15.267512618841462,16.837005162364004,17.25429392796693,16.535244812810618,16.816042261912035,11.245940201349272,12.572111895761102,9.44904761373625,5.050083200755004,6.556470878068358,2.5560587546145794,2.0169531375345997,2.6950214553632716,2.437865747705354,3.3133890396044676,1.9179334210245949,3.253795042664201,5.686728455249457,9.276694728817613,12.741247506274192
22.489565755639198,23.765060548643547,25.207056740226815,25.960133965435553,25.607790063558,25.58877023669126,23.99465474790932,23.018761492212555,22.286278626382703,20.824017844229235,19.819495360096976,19.00047494514128,15.636585304988358,15.35922878691255,16.231962524406093,17.707592033834576,15.569559884894707,15.72942660777947,9.518451738308334,11.566784067815629,12.11174897614889,11.457706165665332,7.365896340556514,6.663502593179632,4.99623343061032,2.668314156464274,2.959107107678661,3.186233558726504,3.4776719024011453,3.048399848667313,3.39422208112798,4.484930686758122,7.074331208089925,11.185869213185391
23.357409911228686,24.215715579149283,25.9104724639134,26.690862033820277,26.97236934372633,25.912474709196392,24.655105363127454,24.039783846804408,21.00243358388531,20.65295856400048,19.275279717751918,17.537448228626655,12.816106334194307,13.92612671471011,16.045048836745035,19.17560216036601,12.703735181232439,17.20465656037418,16.41457826526717,14.525543626405065,17.761730378670208,12.667622160756054,11.143901789503346,7.664187132105487,4.370823522871154,2.476824700307974,2.3343787518139822,3.1162598997722872,3.0314979602573615,3.607908163619205,2.712801864348932,3.994808227292691,6.856554846877553,11.028060934069279
23.059216447867183,23.782667319974394,25.686766424904494,26.413486578872998,26.694539966700095,25.935661070525175,26.13824581324464,22.1035252959951,19.437653095767825,19.427030382869074,18.353634939428563,15.2360190790026,11.702909922668415,11.954535931076768,13.393014342866325,17.18359747439295,14.988838586214168,13.696878669597961,16.808160376269317,15.843668212085838,17.52973143827159,15.546999818367372,7.1700506690208305,6.920790250985886,4.916479070688323,2.703397924789189,2.432510563249693,2.861109969405434,3.372518977176247,2.9996152974618915,3.2063303805672376,4.171108303157323,6.098269801976995,10.44710084189147
23.466290797304662,23.597350323188675,25.60626251865622,26.32415358276749,26.489358012033776,25.972488163536916,24.393611968977414,21.931885181927,18.48385565671221,16.965058342964998,17.846872656906736,15.653363976782547,10.473822959107176,9.150296801134326,7.848724080564325,11.853054730178153,8.936429776753961,17.176554252303177,17.42340914004788,14.446446696421392,12.078511168886045,13.521368718907436,10.145274251548422,6.718111037403124,4.96197400214851,2.705425372499902,2.8656859202744367,2.659186557038559,2.9449842641967177,3.800238586796348,3.719911863993708,3.298936255322905,7.282184626768335,9.944820517072799
23.45445874248133,23.53293596747538,25.34747411863074,26.637762140326863,26.952750899221485,26.51170022589088,25.19146415061651,21.078280912478682,15.567302513988173,13.509082126960879,15.123428193767928,14.575202575377354,12.274197233743232,10.10964320447795,8.174709929357249,7.81518589972298,11.25236637922672,18.34565202129711,17.116978489336994,14.265994524784306,12.321807815522845,13.009891501672062,9.594185053241278,8.016613347223847,6.609833123117934,3.4718527256959146,2.7144831379053525,2.6468792551184115,3.125799469820382,3.3633851992458554,2.5914758167999117,2.93054658294384,9.854855486805645,10.484167400104996
23.294882247237776,23.952286980609728,25.30720357080085,26.528240212815696,27.259147239847202,27.137503309706197,25.303323350253905,19.659440681824048,14.030368079220768,11.866592473977395,14.102466771958746,12.234301008144596,12.168916216935111,9.04761863007858,10.482691505747981,18.874719455375953,7.837026865211663,17.290975643523733,19.4506138349386,16.692793114123308,14.118361712297999,11.787927601990202,9.465934599956844,8.7185010988134,6.4823790505916135,3.6981695806100503,2.9198351736561494,1.7007960790411079,2.2440739816014017,2.677453587861461,4.840777621063288,2.843223889900678,6.785308039176828,15.815280730839673
22.336812211625702,23.546206867341414,25.202661889115685,26.541049536519438,27.627553773415716,27.816231234194706,23.627311976008727,17.643480646425253,14.115120942777747,12.08814073807255,12.720750015953772,9.822950483170997,15.638803673992259,13.458778908631457,17.841368940525903,12.08986689163394,12.904440600250297,19.6836228599196,17.28357292601638,15.563364141375432,18.295573743323477,16.037500461662777,15.182848107727029,8.756978914587856,8.098917916891208,4.480224844609573,2.0075314240204007,1.897738937751059,2.269664394809878,1.726475097916202,3.5872921502613533,6.66763766881096,10.575369513426278,16.124904188656675
21.61443867125234,23.624512419936533,25.45347063877549,26.911444002132512,28.068155334895895,27.95841485727799,22.417525426969718,16.021938838918235,16.13954097271969,9.199897815702588,8.189973151041604,19.750895628070744,16.628315461341113,12.097555989383608,14.466322405859207,20.18874984138875,17.591247714132802,14.75552380758624,13.93817141128035,11.94126575880228,13.339071076472695,13.965226403731387,9.587651690995115,11.109971639762941,7.682274512472665,4.619358430312427,2.7638469371433203,1.6840027959562882,1.9107034356828407,4.235503689704686,3.672253171096114,5.914470216796578,10.255139604076883,16.33398748523871
21.041993942829013,22.447588016266913,24.47434319317841,26.913340023694406,28.12002131705093,26.511243614949613,14.647630497986798,13.445413357174289,24.431679360959944,19.42705194925756,23.989480004519766,19.602429046950302,20.367514100217846,13.467145414031046,16.329592024347836,15.762237212391804,15.404328136207345,12.94585256843,13.871165011184756,12.21869634093941,11.812146095759458,9.876944791016044,11.724163161974023,10.225445005512936,7.615739525986923,4.307114716413314,1.949786290947606,1.1689347441729714,1.9059515380579222,1.445602157823494,5.068737813250136,7.318293890545926,13.292282451496167,16.05376038165536
21.318725613601153,21.800177638687835,23.718805404116846,26.38001457009811,29.573844029441247,20.02137574906363,22.480087067383945,14.642452355345103,17.711027386507073,18.687633546980553,18.817313501294603,10.574698678510398,13.163292261454362,8.512951776839913,15.761969099607914,13.202234027608878,15.853955536494004,14.397181374390705,13.90021649286746,14.402563856222814,12.922804563549073,8.424516420084489,9.968458359542987,10.999889572543314,7.680692679847537,4.852488446129646,2.756632956737992,0.9756474714417337,2.180520189027938,0.5197590065899299,5.477049695182797,7.584522658122586,13.31922132893807,15.244644571493813
20.646209706326044,22.05998023504418,23.8434100621221,25.906123369274432,28.533164606956728,22.742529144822555,17.228598672537327,10.500570645967871,19.629272238317984,18.72693677079941,11.906372633584024,16.73992672023382,11.978750977137096,15.67702603462856,17.056926195767126,18.671468595312923,11.74808334526915,11.866919964053643,12.301874326026372,9.884770482577197,11.90397693935354,9.92364033503354,8.128212877077727,8.272082033155362,8.087785384749807,4.138703487807623,2.091617009048779,0.951555889045949,1.197346094729872,2.88305992675623,4.8571203659655895,6.604741452201047,13.186658720671378,15.542634570763157
19.683329461020424,21.308343823176536,22.93860130930035,24.868691455873307,26.188289139234865,25.424481402901094,25.94795266622779,17.883929875260694,21.58262377325144,19.586599159242255,19.56288998017321,13.853740676729698,11.227340091347985,7.3723229118498255,13.052468787123528,14.610385464698115,12.935538519834092,10.666941923311093,13.805526290784634,13.203847713280025,6.45635180671192,9.325247714695207,8.460087634088394,8.21806026484435,7.024937760361241,5.7418911823310435,1.3574629728027299,0.5893041736839785,1.3367640405792076,0.714812179715416,4.461484292851829,4.788580688493287,11.923770920256198,14.755853485288123
19.464237513662326,20.393637222798535,22.13604050282199,23.996506426329947,24.541662072257562,15.020061335580412,10.806906492079788,25.627619048951434,8.069548066230176,10.443711307588828,10.441714311595447,8.711736440628675,13.067402982228543,14.936922649968661,15.020335025982714,12.716578099917772,10.802694482940769,10.990309175012053,12.033093647442225,8.697208619356074,8.998423102425892,7.040479204846591,5.891539204199268,7.838788843146021,5.962591328783459,3.9101821301292596,2.4646560672918127,0.7640841779204188,0.81145599590032,2.7725614373506366,4.444546935886328,5.14314583199495,8.870590256178595,13.20133549582615
19.107813887852252,19.986837771216628,21.154490854590822,23.060418625500787,23.27086211621749,16.29133423203472,17.577934601377432,5.471592517283672,9.401646619799159,9.167280885416092,8.708839870562475,13.091837841302922,9.811156523513793,12.349028261665781,9.472922018467228,10.639933358558471,10.21925315338351,7.58934746119221,9.182000221207048,7.297816284393561,10.606743993125146,6.545403698333528,2.602863380023628,4.271019350779543,4.517293309109923,3.436531875725004,2.6719044183156213,-0.3613277507736599,-1.1977237657906519,-0.777744115109126,4.313129518507054,4.947754993644288,5.656845530736125,12.903719557329284
19.254146013274116,19.685997132899484,20.283594007757486,21.694814666791007,21.224619829926368,24.944813662475468,20.201711845586335,24.40366592591061,11.115045505745611,20.620673768721925,16.053346760387736,11.107437018651604,13.075946687017504,6.477163709477333,7.671334103823122,4.480839250940172,8.316923190766728,7.750655976128361,7.746520332864426,7.187865403993772,8.531745706247216,7.057489940084115,5.099746782095449,3.707814155744463,3.772564317862502,1.9513044625229186,2.2824592691457624,-0.32091919545022124,0.15025859525994345,-0.32691599115008346,0.9557188951293742,3.9236541249380545,4.891768555420368,12.212355820566225
19.503847535278894,20.161371973911184,20.533083202316647,20.402804264105765,19.919387484092656,15.86332353503548,17.405125024936567,14.683634213446929,19.82656395494471,12.848115358529784,7.8938817195661235,10.903636735046954,10.546189363797808,11.372070503813594,9.764796146593683,7.614029828518106,4.242840796276621,9.473429291832995,10.30127029352015,8.305717786479768,8.520699711999416,5.467921579685883,5.251375864287153,4.174529885496801,2.698669223888614,1.5755822435663633,-0.2677405817570988,-0.34135417329767026,0.3108473104785859,0.7278405486293451,1.52987970831664,2.0385139135263204,3.9281878533834207,9.403359046172643
19.826757216133366,19.85525500722411,19.96025072548161,20.251768443038827,19.999429616094364,15.12094482722379,19.68006920793717,19.459030224602678,1.6642679923754264,14.543385856247841,6.879162388620552,8.555904255834355,14.129057828504777,11.794244432208108,6.05822707300006,10.053436927780524,6.660382731531257,8.634278244430808,9.62444834292808,8.945179277081976,7.141506959680959,6.77748091974011,5.682890599223329,3.556788908822859,3.7792997269190987,1.1328877848304697,0.6275368660312061,0.9464575009181599,0.2371725295658145,0.24590044056591767,0.9327124567599467,0.7148781835949325,2.054903088710505,3.029173119722311
20.093887633324538,19.76682271272586,19.395032989949335,19.761934368083963,19.552029173507457,13.544138999694965,11.065560375131252,17.372858073945128,19.815858736686096,14.986287806210091,15.280715305462266,15.193311323459673,4.697571122673347,11.646819519349467,8.314505343328179,8.158927832701997,7.200536688211181,8.479598814029016,7.8270644339981645,9.439339800486842,6.063947863301749,5.072565497393382,4.911773767873054,4.671632400971604,2.833813790923064,2.019973704024981,1.3095931691389562,0.861134407762586,0.626147725410626,0.04694310023122533,-0.15213072710225337,0.5550385684209506,0.24229738817072685,1.4981261191983684
19.378817952394325,19.403485876521703,18.904940403766318,18.620282541955934,19.11578869380896,16.221104942763837,20.53264881634732,16.22642009813721,15.879282660340193,18.0284580225573,14.040122539068273,11.488874315002619,10.351910502811497,10.633695385691073,10.767098364659375,8.520281757833038,8.828640095638805,9.463094553524785,9.517443109672815,7.950923514819447,6.145735324364968,4.869911453727137,3.3971804580772504,3.5122747561137193,3.8695361247017077,2.607017890845353,1.4246868616324817,1.138051069816679,0.7191974177005861,-0.09323440521322457,-0.9022262912298835,-0.821821887237234,-0.21143500631018794,0.33554435580352376
18.811720850112426,18.609704807300957,18.396635863770495,17.604153148681142,18.206676220388246,15.198617187374023,12.530840353404646,13.083733857580881,14.539306460323346,5.877460054528154,11.947840758797248,12.19534231587626,6.576771520818854,11.367824374176859,7.403926891635099,7.913262176446991,8.700985059452549,10.656033603607726,9.42735944324499,7.430742187637532,5.243461635607034,3.9925508739588493,3.092222577458427,3.399494932444763,2.1694419089359362,1.7020815110646643,1.4558836160968398,1.2765523753761603,0.7203061733081165,0.20041126735375486,0.7767102738755217,-0.8620055751672994,-1.6317064565451926,-1.163618623384621
18.21271507811209,17.74547990229898,17.583167647388013,17.139226690181125,17.726633020247963,14.898762793349242,15.421200217258233,12.8414160668848,14.370721338770785,11.134879740779738,8.747838175503617,10.320318284100944,13.26932568750341,12.139104982385035,10.801101704953398,9.288280976555656,9.772310145336611,10.941409452168996,7.6816568846058635,6.920647109104555,4.0677171309929925,2.9512174080008773,2.5276437658861552,2.7020124208309837,2.107298798672146,1.4279109132947287,0.7787894554628761,0.1643336873246415,0.3124518653895279,-0.8229142259560727,-0.5907681905988305,-0.7236379109437061,-1.6093813950670333,-1.2531475247397583
17.418175494605055,18.04357249990654,17.482030864185727,16.751969310349192,17.014489967067043,15.702703983330059,16.18754125677028,13.989470317508227,14.38893038085378,7.559594802633717,7.853742934292293,9.867620437464758,12.927108861625364,8.426508455978194,12.763447630786711,9.658572960417816,9.592570310669611,9.257030473510284,6.838959801468918,5.468452081845129,4.783221059682526,3.23058221769052,2.7912501407787422,2.682427611651651,2.0717915479495788,1.5251940889770381,0.6669870672739916,-0.5015123424145913,-0.5697888089900857,-0.9001249925278987,-1.4137898697661881,-1.6438759470482511,-2.0440076691683506,-3.963120545143824
17.430835626329518,17.023115846785664,16.885161290043015,16.69112195876635,16.73912473498775,16.68828046990961,11.916348017442852,16.16075640530789,12.603211416118475,8.093684482472261,10.121210325636497,9.833396403242242,10.45830445452655,11.833140156114185,10.531195384508347,10.428937497739435,9.369118368144976,8.448599431225496,6.441923090012287,5.622679244647757,4.558340683284211,4.201451553066535,3.7069905768632205,2.602566902560905,1.671073374328392,1.4378380537175315,-0.24256460420784381,-1.0676663006605893,-2.669369673077349,-2.2593460763805533,-1.9347256954517393,-2.9930658413929154,-3.381402539562599,-4.580100315275586
