script/wind10m.json
{"header": {"parameterCategory": 2, "parameterNumber": 3, "lo1": 3.000054539987559, "la1": 64.9999836372058, "dx": 0.5, "dy": 0.25, "nx": 34, "ny": 52, "refTime": "2025-07-05T14:00:00.000Z"}, "data":
[rows 25 to 49 of 52, columns 0 to 33 of 34]
3.4879824412099723,2.8368033597236257,2.0915573291671645,2.139026160043075,1.9388928863285437,1.9792988506401832,1.391079634956952,1.501482766070849,1.2044785501189748,1.1795453165677436,0.9220101580904175,1.1338243724785786,1.1721801139861818,7.08666630987187,5.604979485774707,5.889254684435644,6.702745432677479,2.4488035191391533,2.335389883293433,2.4662773233031134,6.392442722045461,7.543440319050232,2.3606631588290097,2.6253915219381794,2.9671496050900683,2.346809237715396,2.7417931973756557,2.6226784031776784,3.246403884733887,4.137156474351299,7.982676661442743,9.298010481518359,10.40797299468583,10.177386530762854
2.8436043526144226,2.5951484773011613,2.082507753465188,1.4631704094379947,1.7159924017206718,1.5638854173213559,0.8702430478302953,0.5691300390796934,1.0947544178372475,0.9374815727201627,0.9538896874904872,1.0724503927866464,4.330386323879911,5.90277103324115,5.8667311790824535,6.342903594068111,6.496100709098916,2.5688203568504657,2.3133529576145135,6.114481152413877,3.736932295384004,3.809049813876591,2.5613721700795615,4.240629567463014,3.442669741724268,2.298959651755832,3.123776617666297,3.1804640721750124,4.909019571613062,8.539183886535946,9.138305831104656,10.297878389662298,10.606350924574295,9.13448012802251
2.2810760532291403,1.6556358347258888,1.573057616480561,1.0520955818102156,0.8849762220538746,0.6028163338852432,0.526287037731797,0.14301924850382458,0.41173338247989094,0.5333061663813998,0.3857912927113687,5.164784831713,5.357054783705656,5.237331823181205,5.773245355421401,5.416282091332388,6.374465655204358,3.9507812853928828,3.0104139589869603,3.334344450293589,4.505017998391711,2.809173469880879,2.7196813035238336,7.372969797787538,2.2290164604022107,2.38855915008104,2.5106682977977113,2.11843243160937,4.222546264631026,9.425932737634792,10.196922767369722,10.806983464578924,10.64529967542724,9.53139785032317
3.163266098477852,1.781206857638333,2.1585448909281677,0.6957837163590281,-0.19080639083489562,-0.13619710438842778,-0.4107756088654262,0.05460556114306564,0.33641133102569676,1.424324961288315,3.7101105224244693,3.888332383980756,5.379878666545057,5.749354595372369,5.303003498863579,6.144050326857802,6.230894239122586,7.436932343977636,3.3453472336238983,2.8718207112599052,2.934659845226731,3.0678836978063027,2.450560539136843,3.343607579620805,2.712797129164165,2.6598306505390577,2.6712381403958116,2.3914854996329633,6.744633949219911,10.008976732332144,10.037813760663788,12.116195404939534,9.217936112589733,11.790557963156777
2.710197156171963,1.6434959278626917,1.400747148364794,-0.2676542790282983,-1.1545068580677653,-1.0864987143102693,-0.7017086497490421,0.658532764094229,1.6881135011079154,3.1675187938986262,4.237757490945638,5.125240425577116,5.066195770811451,4.825385543515946,5.564947882074065,5.077363684952124,6.805467297761665,8.79872031673263,4.9628230306179315,3.0093550393966857,3.004208654123998,2.855375212939285,2.8387577286816543,2.8250208098182883,2.9852962457151584,2.7933798012513393,2.8163210317784553,2.793510801531882,7.618831096448328,9.314322073895738,10.823662446168552,5.723057669597725,9.161220892639163,12.417902400227055
2.4951754599352522,1.5153749719504102,1.5388080028678703,-1.5888946563132091,-2.238121500106284,-0.9515124930388034,0.7013437707634443,2.093892212874852,3.5358489409648506,3.3922798509440515,3.369590139642369,3.3272735420669393,4.151160617218785,4.940507033965823,2.2088802841144197,3.5441453837909234,7.678062274986553,8.050574178854648,3.837643735024589,3.2652802671490555,2.636566446959078,2.4415238458650435,2.45465183056958,2.631152641063824,3.4158586562260904,3.202334102432514,3.0174748237709323,3.3771931940368316,8.587808228582013,9.329710792519728,11.382612514356447,4.43805917007674,11.315358076145424,12.77245255409797
1.4946768057042896,0.6709848158766706,0.5784177409672042,-1.2318633289473646,-2.1813835871247123,-0.24369558895842378,2.4986727342077413,3.11922574795852,2.706200396616916,4.088685323908187,4.016020012054997,4.429334876103545,5.088713144839327,5.349044839211197,2.7317592699995537,3.076677609365547,4.110871590525469,9.017507203629176,8.541108593353515,3.3694725600815576,2.5255833182667087,2.740177948837432,2.9388351855240846,3.360503580420425,3.3797965969705617,3.5285049063511895,3.2920628308001496,5.191233386457458,3.3997226373729017,8.278569966483952,11.908348211274093,5.114505153862457,12.488746276455572,11.783983277685325
1.0498715910404748,0.8215325346315017,0.14103775133524105,0.5098006607889297,-1.5050784482569814,1.8695300486199635,3.4441657787247504,3.2593728411320515,4.9350215123332895,4.826898022769184,4.330474109220871,1.887859055176042,4.8807217181918,3.625819736968339,3.7436362368723657,6.701490060022132,8.227392003223121,7.608514383816463,7.6441547190281725,4.186213412317215,2.967759561209004,2.4759272692222862,3.5460103084891768,2.8667369047324813,3.2780347641182415,3.1299858494695845,4.291083262076746,6.053859916822376,7.659938996693681,10.926274619203927,11.855629527047,10.878030514433675,11.20790098955015,10.782311140409972
0.38503834673697435,0.09951258675546873,0.27489209963048267,0.06146709030035917,0.7223600798682042,2.467516324599782,3.17600203739364,3.2211216380695102,3.7208123728934916,5.437095413206842,3.859038679366462,2.6465154257973924,3.662887630915272,3.7204091107133785,3.601426946505913,6.050103099740444,7.009780216457104,6.795897345733846,7.978426036284775,7.969368312527407,3.63570208371973,3.391155519756771,3.1813028250799196,3.1503904235665336,3.05154301368744,2.5411765410379057,2.94262645206602,7.901934288666461,9.227090526592894,10.767963587351018,10.803865389248111,10.13766116991321,10.121318344987543,9.477647762450069
0.07984735171924251,0.21037354287578688,0.3033763885253385,0.6286274396260074,1.3284431409149204,2.314235913063169,2.9090014032731326,2.3236391957787825,4.099514401532832,5.298861628233581,4.069756175043586,2.510483633392561,3.003526804429834,2.876262426739014,3.5443495877869764,3.1483585491870074,6.079333510695746,7.565366659348366,7.949848223035452,8.853920034966091,4.723114724003869,2.776940435074118,2.6987118397638272,2.800310398942565,3.0344833037836927,3.3304902148203834,3.0045182677979017,5.845161962540577,11.99230147388726,13.09165254426914,12.758028938589865,10.395654217869032,9.067559091465506,8.017967405846978
0.31066648985772227,-0.4387926277347094,2.153604112427654,0.7881449316886534,1.2083962541554885,2.0413006433642717,2.155381242756767,2.276606690983983,2.6020043923166103,3.878337732862518,3.8670557743472194,3.181458597931138,2.9932512567974596,3.158445871450339,2.782190656738431,4.112670072245777,7.650259840166421,7.891461190287691,7.992143489680251,5.608817378027978,3.9846786838108477,3.007926997721542,3.2166560356695557,2.599591189896927,2.7542684411626652,3.611142671352638,3.938600575639363,9.823319059973253,13.051873547967496,12.114274463105636,10.585755593297204,9.27899517074955,8.569225953228209,7.66645549093983
1.2143494628776177,2.6215582400930857,2.790848656499354,3.9819393978068227,4.337275450296557,4.115135134200497,2.621024055259203,3.2623851650698965,2.973716065394044,3.154139951972676,5.38634244058179,3.7566102226002793,2.375497115094149,2.193427437904181,3.257684358353091,7.531686838187297,8.528392906984859,7.984715061034686,3.6188715009800903,3.3517347507337294,4.189652118576621,3.457193578532707,3.7712563028150177,6.614385263209232,8.95075391748408,8.694691774220662,7.788490627450812,11.714043832033228,13.24796949879159,10.572042121230313,9.790724870360332,7.74950478294341,8.16429902878085,8.209420195095479
1.7479961708865819,2.410946611504354,3.938130865991445,3.9896438193292623,3.6785290317445205,3.407610304764597,4.998678629962765,3.24076921496856,2.6683365589513914,3.4158298989893305,5.404390110286078,3.084503010031169,2.8912027839209786,2.6389123772611254,3.215447388113411,7.348910081336361,7.479635497511894,5.0811129779048985,3.383897236956736,4.34265380497339,5.244978164937343,4.648722420144933,3.3092735446488564,7.446978865300472,11.831802437338506,10.620134132037297,11.694055729734101,13.132280407917278,10.302187167775205,9.637573923168246,8.317030656783558,8.830575115660073,7.066644140904238,7.041414504044842
2.9562197018589482,4.191792966375366,4.2881193170952985,3.5806681944379513,4.410486024807214,3.651480286015761,3.964918658284242,3.0826392239547697,2.815430774967228,4.5664188127934615,4.842984012058665,3.2019499548939314,3.3675317839581185,3.180342867192998,3.3483300365281004,6.002877363518639,6.022319098924768,3.8795656661187117,3.6099386426296864,6.239167811766074,5.242713661534945,4.320374854293993,5.635311711007022,10.298682130091342,10.805165256283406,11.16901080161777,11.283192577949055,10.824210173627248,8.880888507756605,7.909066735093626,5.211031271305258,4.807227921588919,4.7732394192376155,4.646399747371248
4.209422312357471,4.340046037032936,4.032410931497774,3.712464644496177,4.490363663473734,4.520204641577717,3.6134064334468374,2.3512734663758263,4.279095957790338,4.811668350735865,5.490702430913712,5.284542610595835,3.3029374200202017,2.90266516652541,5.103641840662196,4.641641893127627,6.384365476594035,3.7807100649107652,4.2538388125254105,7.106626234810078,9.345704355780521,9.72540559576341,10.794008304078417,11.593383016167001,9.441853131836234,9.092311338546882,7.443732573765766,8.936380448542227,5.950059689409464,3.956094408108736,2.193233904510431,2.4535024307553757,1.6951474011546779,0.8833911620375123
4.063414295607061,4.165613720306445,3.921706251554352,4.9253032576474185,5.5195857200128176,4.468722304764745,4.042115899525704,4.043100980458723,4.944905376806953,5.507297204212216,5.690429506113934,5.170999266081552,3.2162688460217517,3.3819006934807816,5.046768982638555,5.3384014429246065,5.964864822532015,5.62435231402366,4.50744355921366,5.6756456054028135,10.101953354534936,9.836422822293452,10.294728006023615,10.166973495500047,4.046450010846269,2.869859601632807,4.054544105671142,3.336075436406014,0.7402486836079828,-1.439301126769513,-1.8179162880777122,-2.8488274339231587,-2.3371241832899012,-4.0124035028237985
3.58797824128495,4.508493418362021,4.800654934693515,5.582163559653429,5.348600643353883,4.977376917382021,4.660893485548943,5.502306675698515,5.434358566185016,5.687294883389179,5.542385244375576,4.471077917173144,2.730027295503216,3.6180456320492547,5.08319517292624,6.504220201936431,5.173347286246209,4.580132980956185,6.669141993447755,10.481057909199802,10.712876987027116,9.633213276972718,10.134316557479282,5.617346467376448,1.009546352023204,1.743647985041156,0.46302093423208257,-1.4733180397047578,-3.334067645937399,-1.8361915437922844,-1.3446063383337075,-3.204319761071806,-5.203415604182027,-6.455257358084374
4.69008240000787,6.092021414190365,6.634026316824312,6.978152284294815,6.939996406184842,6.7553111810362205,6.71042067585619,6.091737512155504,5.440028782168443,5.569050620086456,5.304804502847917,4.991911360617116,3.5749262559010586,2.5887619812113196,4.5017823142389055,4.879060800497584,4.976431195058202,5.452638824664311,9.496763799538149,9.861694094572014,9.320506323649706,6.497124333716857,7.105469860472283,1.7332792727385111,8.121292879078311,-1.8353840288933123,-3.809508729496756,-2.0836736708006662,-1.8650752807029625,-1.2407974409940898,-1.922463169854999,-3.2011679184823567,-6.055760099587557,-3.911151182934025
7.355433117273496,7.609458731244882,8.164408735512566,7.529366431244701,7.171216885813842,6.8851518366369415,6.00049657881142,5.842501734911478,5.5913878300175845,4.614668850789585,4.654943153266213,4.106821703906317,2.8599061521960594,2.570577641708445,2.664268750775938,3.2277070548515163,3.5490877260642826,8.582673539723727,7.7790855429760235,4.938455101937712,2.8302646528932285,6.328374704323607,2.3241553359453913,5.40227459615779,-0.12602259926744167,-2.627327607892344,-3.06473699151739,1.1212777453468807,0.4656150917780132,1.151662370863986,0.6871275148232306,2.4590615167724073,1.6070394410258078,2.5486325386110833
6.799764316477116,8.642069766899928,8.750173968294677,8.261951093421148,7.570954224766585,6.728032877390752,6.03019857007718,5.773940204563688,4.9497038827340125,4.073802090896935,3.454543471955324,3.5369484784855194,1.9766870622854373,2.0938447945765453,2.7072210347058827,3.5064484822403585,4.920771759865817,5.350482276161575,3.0221742106285,3.4774903410428206,3.349120872934174,3.6747870810952077,2.406898996912833,4.217711766664725,2.3730742310047694,0.7242285899869538,4.516209459886696,-0.08777407040518297,0.26077278670287424,-0.4848101824905731,0.4288247993622963,1.4918495227094168,2.8089311991307264,3.0979134411727838
8.478474848856177,9.429837124470254,10.197933481543144,8.845528921237843,7.31059168109927,6.370582403749145,5.1747208332538355,4.753286695546177,3.4720258838641773,3.599605932045538,2.0406992128424988,4.183979789955259,2.582529822179148,3.0347331791236143,1.88929181072484,2.3877563080584303,3.3823117005231826,3.542727200602453,2.5535497130293745,2.4636060960346255,2.531277833299993,0.32878374253390547,0.857487618837595,1.6883725342784166,1.1881244018627222,1.9531201332163177,0.5168671490708231,-0.4147362779229369,-1.4045541580453267,0.7502520735497924,2.0084274478889848,2.6577054553659565,3.053881029332048,2.6922957484270147
9.230628148624698,9.405308719154306,8.774966824502046,7.5859424758313985,6.882944236971865,4.771917519487504,4.074069318230885,3.446816183214605,3.0506547778904416,2.541065447197683,2.7114717714038994,3.226320963702302,1.4619741251497576,1.3201413320280009,0.38506701261295806,0.18462383241809374,0.2587318034441304,0.1457761154756683,0.6278646787970376,1.493859112474575,-0.039860689653378176,-2.081871675838779,1.3319427306950213,0.8117579757211513,-0.19529069071683042,1.2179636126444884,-0.3841510512483949,0.4294754278994928,1.2600108317650327,2.921128582503901,3.342891042075914,3.0813411795617762,3.4018870772576024,3.9663716666049766
8.702394467362385,8.921847529273862,8.665986120435695,7.553974903527613,5.864208677174391,4.951933508416889,2.7893724973792717,2.911993958454808,3.2551921275890066,2.6733339121465662,1.161198676065372,1.6450018935639024,2.0238215082868583,0.33157839472037154,0.7255478078199054,1.0047678400805218,1.9024876657600887,2.5607176978735335,3.1380338551359586,1.4409455100354849,-0.06435812785679451,1.3601035476144774,1.7908244340444464,0.040308555475420595,-0.6022183481768599,-1.0012318803406264,-0.33309240018195974,1.62271778977906,3.0140948140051735,2.911698584228965,2.136504390555001,4.325744578156004,3.758993805195534,3.6441490827646614
7.789309504232296,8.87631983765014,8.150894813183308,7.532976852564803,5.036909878112428,2.191915525739901,2.6195005547414025,2.4475525874990094,2.7682177584585212,2.1844498117873927,1.3872910313017486,1.3958352878397577,1.2558316769190645,0.6538574775468755,1.4650323778779821,1.7387565782710652,3.268645109632973,2.6254497760716196,2.7594998299891773,0.818580456169058,1.3508107299852228,1.48012947579897,-0.5342109489608804,-0.8255775317866,-1.107914084652135,-1.6703679307633204,0.15963724890278838,-0.238665100949817,2.3880018568805648,4.114319324953993,3.429514094297991,3.0958825002997066,4.445629519321026,3.269952989601195
7.503509222168769,7.73488630932617,6.775136003188847,5.91475348489108,2.5393849946527776,4.219904056069257,2.2439917377886123,2.5130758236486814,3.0758424324696167,1.3042950054156142,1.6264049212341796,3.7771165493011223,3.6304421836322547,1.7358079021045354,1.3927892642430795,2.9567618279894625,2.225257202102169,2.8626538325379887,2.7360140396343713,1.2384117361049558,1.0489131038065296,0.45838016693653844,-0.7866629335641506,-2.6369999723584763,-0.4575478520568833,0.1962895814572233,0.17862301972150788,1.3484598312073872,3.670250625280405,4.09570366167732,3.1936719034380223,3.651481056488975,2.6239042338789997,3.964935629571142
