script/wind10m.json
{"header": {"parameterCategory": 2, "parameterNumber": 2, "lo1": 6.000027932988019, "la1": 58.9999434238085, "dx": 0.5, "dy": 0.25, "nx": 22, "ny": 24, "refTime": "2024-07-21T06:00:00.000Z"}, "data":
[rows 0 to 23 of 24, columns 0 to 21 of 22]
-5.034230379780418,-11.22359037780227,-7.487010013039593,0.06938246628717619,-0.678889299037206,-0.696576512355002,-0.520968539193933,-0.5315703473435606,-1.4539161891364851,-3.2146780117939042,-2.7694671613482678,-1.9815696845305366,-1.616728854911596,-1.8990707556060693,-4.303679081868588,-4.915382549261973,-2.7072823903009438,-2.2188734817116624,-1.617048076988419,-1.1367177419801802,-1.4497791972687166,-1.044528185146042
-6.325782324890398,-5.417813047698809,-5.178195757116056,-0.23896550895956772,-1.544226172805836,0.15879528045637004,-0.8582693091799957,-2.3150787467866927,-3.933665357224106,-4.18770426619896,-4.0489756742063,-1.4085209727663384,-1.7331608877770448,-2.0056959308403886,-6.198840221145342,-6.301513357881658,-2.0572428303413273,-1.982084253827184,-1.404788907108816,-1.3527320259581528,-1.2744331575390753,-0.7570332189164651
-4.603415071766028,-3.608035391838527,-3.1319690712324246,-2.2061058285592274,-1.8541554386402552,-0.9382148811547059,-2.5327317334447965,-3.480482534533443,-3.140327432555604,-4.589971606754228,-4.3876722637091135,-1.7182072933082866,-1.7696859617110465,-2.394870349894769,-2.051945816002746,-2.543116201010287,-2.373195487571128,-3.658987574197496,-2.7553126203526985,-2.0371030148687543,-1.6231827095089149,-1.388884789070816
-11.750609600171837,-4.79920855683256,-3.2741516903217796,-2.181133883274333,-2.0197069345269227,-2.746459209032925,-4.420159527020266,-2.721235198004927,-2.8421737801072338,-3.2261634248982314,-4.663407241677308,-2.3692444300431417,-1.7134787356157573,-1.1674255948237482,-2.4559296666533568,-2.7140002699671326,-1.7720341515048448,-2.065020373827056,-1.6026807002617909,-1.4496065444393273,-1.3033720669922129,-1.4214175412391417
-12.367412753520174,-11.97173557127148,-7.24049969585656,-3.982082723475778,-6.7996724524353915,-5.846153142000338,-3.596556112984595,-2.413435335172403,-1.7105376108074988,-2.505442222387709,-4.027682719708205,-2.832912048254668,-1.34910454108618,-1.013599260698986,-1.5548340935187546,-1.6218472144556753,-1.5955886328054152,-2.0778923689537736,-1.395854611100259,-1.2335127513797832,-1.410679623005667,-1.8094828868327402
-10.118843227244483,-10.703647457478107,-9.159908521081816,-7.649221180544551,-6.116233715983057,-5.552896679771272,-4.807668249565133,-3.778804147381022,-2.4473832583343405,-0.544498914057354,-2.954109536248552,-2.266761718169599,-1.757944105126964,-1.3260105051402433,-2.176583753909964,-2.0183083683789698,-1.6877572354327133,-1.93194892068708,-1.602241074966016,-1.507814249073076,-1.2695430970898465,-1.2871228465228204
-7.378378200157762,-9.873320575577765,-9.51120075937294,-8.057518361139692,-6.489257683221367,-5.072073003092645,-4.326800884255646,-3.816944060504885,-1.4572990346072936,-1.139922085490436,-2.6123538376176505,-2.060119420248502,-1.4728189895000114,-1.014444819989479,-1.105550029029574,-1.3826401163350803,-1.0576286607693242,-2.1898352460863637,-1.451525876631822,-1.7170512260842308,-1.0782445840015402,-1.4127348522844356
-6.908261552862167,-8.439861825063502,-8.913600478119392,-8.524787132663196,-7.1073447738921125,-5.647076522766577,-4.700919904866035,-3.3737407514659625,-1.9482768917203326,-0.6372202469233011,-1.4498839349357646,-3.1940645485193904,-1.8768694304092117,-1.0574538285639368,-0.5790767536953833,-0.8290511739828808,-0.6840695977922138,-1.0388254480766186,-1.7018158806453674,-0.9702642300533015,-1.2679105306232363,-2.894327068939682
-5.298705708269101,-8.066581030486955,-8.22999766235353,-8.143789878623812,-6.341926496374504,-2.356252690747363,-4.7379619764896646,-2.475446104462202,-1.8157309937825072,-1.6482844541047936,-2.428068378477197,-3.873724085191912,-2.1901375386921162,-1.4715674489070782,-0.9432274416556767,-0.7233423191510957,-0.43950787335314373,-1.0297437392615447,-0.849967455356679,-0.5563656104215595,-0.2911873724118727,-1.4572519321481257
-4.479860514592238,-6.773026071423125,-7.286142299031569,-7.618771087440127,-7.236840521455212,-3.4633308550353044,-3.0025704395374917,-2.6729306587597077,-1.902811174140199,-2.1473237868051465,-2.2873082795547783,-2.655403988467238,-2.638087142275869,-2.7717017873753442,-0.6170044340941807,-0.4095888402031575,-1.0995647033403277,-0.1486429395565785,-0.6163493637319848,-0.5960014429071117,-0.6053618195620966,0.786202006633955
-4.018853113443055,-6.452124230252706,-6.5391607335390365,-7.52358212775308,-6.233903348998881,-3.0506647122022357,-2.011542916781377,-2.476923734313655,-3.176145819068043,-1.4295898321113567,-2.442313636608642,-2.6507393780347233,-1.5561792500010192,-1.4288986733803521,-1.8865784852717606,-0.6230230169392665,-1.1839580227192343,-0.6249199224990473,-0.8685010014625492,-0.5133076067573734,-0.8331515948855481,-1.2307981475718848
-4.12043897935893,-5.401679703665543,-6.2271037481016736,-7.494864295215362,-6.009721318890209,-2.7612798136899603,-3.2752539917339822,-2.378551709023747,-2.675344939243533,-2.8885345608726802,-2.6982425068843474,-3.030821306000359,-2.0942861104425083,-2.2861997272532473,-1.1221875435454949,-0.7629151691640244,-0.8741763108528715,-0.934424331515857,-0.7483551357762255,-0.8911758181424475,-0.6959055119123829,-0.9513664961400258
-2.8517744376253145,-4.676492725088245,-6.145454669787502,-6.226166783385169,-7.124567540513388,-3.5871642462960853,-2.8314029908662475,-2.249806802572881,-3.849060586869294,-4.41885257305202,-3.3672829087380327,-4.164867134875298,-1.4681937559441005,-2.1936061154396644,-1.5829007352652162,-0.6917578477107784,-0.8904118785939042,-3.1129953217978454,-1.7226205465082325,-1.9586866215454175,-1.9762005127118574,-2.4025471216663803
-1.64488167640834,-4.638266432971986,-5.906497567255255,-6.104735138831936,-5.925939647660608,-3.4294525693082565,-3.4770567359045357,-2.3161618515134332,-3.059064493528734,-5.275469051052342,-3.467356886989115,-2.193827961325496,-2.0027884062077588,-2.385773447282687,-2.395481487532383,-2.1397706557327,-1.085248493020125,-3.0596919859368032,-2.964775348826892,-2.755100452821533,-3.060817753385324,-2.9352748281351198
-1.42521273003513,-4.613506944101816,-6.010841652295452,-6.14319777144574,-6.695542856243358,-4.061792216063379,-3.729814844376658,-2.531172307291597,-3.183290990205915,-4.061080778594896,-4.53809331053212,-3.1540481715687436,-2.2991771156997967,-4.546644349697414,-3.5595156103174035,-2.872266217419666,-2.4526464178913594,-4.145554872951813,-3.5680535111937335,-3.6998098160301676,-3.616843190370611,-3.6198986210973962
-0.3771468875080958,-4.085929827765279,-4.894252344299575,-5.38114643996701,-6.327575703210888,-5.257460656279998,-3.6250752831759807,-2.998454639705626,-4.257377880793312,-3.158727040928341,-6.227527921399167,-2.9864465400946627,-3.3854912821059404,-5.170701405483285,-6.414656018336463,-5.13730486145575,-4.9989707988971235,-3.658249924216705,-4.051366410495169,-4.267710140949356,-4.035787715710413,-4.011268231851854
-0.13777582707205416,-4.171117240178505,-4.036499838007135,-5.203032868540284,-5.576198386307738,-6.024318777427578,-3.4587097007847336,-3.9482931190847905,-6.636466932890459,-3.7018251209685324,-6.579772733265621,-6.53934295178375,-3.3196983950429173,-4.111265632581201,-6.125444228451487,-5.04055138990729,-5.132982114306037,-4.877251065371894,-3.4075852460269016,-4.946513164953795,-5.02574876107748,-4.432448362062623
-0.5529394846361279,-3.9820437532263173,-3.8159265997657204,-5.017824061291986,-5.654364252766283,-3.92640583421288,-2.4839392226136723,-3.1881874606862812,-6.23595400388025,-6.724093605175571,-5.346684008054238,-4.2358694551222325,-4.661072748416949,-6.75902793851116,-6.8937554422819325,-5.810334404210612,-5.465895117028745,-5.6940264106411345,-6.22774586661323,-5.754680582945932,-5.400462614913781,-4.893980908596305
0.2969920051706279,-3.310637928486116,-3.536988458128645,-2.8099521896411828,-6.046015204729846,-5.418108471377016,-3.159082756456617,-2.430011834008105,-3.1628900901935655,-6.710680708761879,-4.338782616463011,-6.880537844985844,-6.332692629810314,-6.083807406323703,-5.007344924645171,-4.148090155254554,-6.105737432271053,-5.253716648861549,-4.740644514366767,-5.43746456915929,-5.142338390738209,-1.9932099458057935
1.3743460817652784,-2.1681312709057026,-3.4364500363089285,-4.059174006279414,-6.327631814771963,-5.228431536428227,-2.6481219561955487,-2.467299485460218,-2.184488705575514,-1.21392387755748,-3.0340656061519278,-6.2304260749225815,-3.8557053287839933,-3.294163020637264,-2.73282133554373,-6.51027351557718,-5.588510763977687,-5.256779754449387,-4.19630397285494,-3.901623968516895,-1.9816900870195016,-1.6888547224030386
3.475038608495408,-1.3709081193523345,-3.0813013977872483,-3.5191208037310724,-4.786576237409624,-5.1192068414435665,-2.7889626700237384,-2.6603493031079144,-2.3902473124446546,-2.4260563958631973,0.06092350808997306,-3.24527916113087,-2.8288389534644183,-2.9528007452657334,-2.2090951775849192,-2.8698411598996727,-3.3459913278611304,-3.5436186359693385,-1.353839323288498,-1.609105367808282,-1.0177621497397202,-1.072741758779667
4.327211159816245,-0.6716127338785238,-2.0586057573872645,-1.4057903109673024,-3.346760750510285,-3.0981749163812378,-1.9773486498322785,-1.9940368270583357,-1.9501508725991976,-1.8446269488878053,-2.0107417578428333,-2.612397102537422,-1.99356752102331,-2.520640406838307,-1.879728837508502,-2.148494499077919,-2.9932898238008403,-2.783169299696362,-1.1039132512386736,-1.1160619957827247,-1.0806652959099063,-1.275607887694193
4.24219222673437,0.49206243609140976,0.8733146644105874,0.3524169948837193,-2.601473894748124,-1.0957148257526823,-0.9251112169163349,-1.4686563412465383,-2.3057452008695245,-2.452173249086259,-1.5051169031196447,-1.639552757724481,-2.4441648227581414,-1.771797344493551,-1.7903597533753282,-2.3206923727794653,-1.4523964103763738,-1.4305264917899467,-1.9763109684455797,-1.083425358419982,-1.2077240384622732,-0.977163453200978
0.8963526273461014,1.7227127143151322,0.34626165494080174,1.0296309842221614,-1.6134341949095043,-0.18936784044127136,-0.627973539192807,-0.7140344552474193,-0.9537302297038194,-1.4621819022250142,-1.344940361883553,-0.7456646503736806,-2.0021613600370105,-1.2254590187579029,-1.6144198066170867,-1.6119935372228,-2.267438373900913,-1.6679276252641697,-2.169529412357473,-1.5986275510554595,-0.9520133019910942,-1.686206586977407
