script/wind10m.json
{"header": {"parameterCategory": 2, "parameterNumber": 2, "lo1": 6.000198445256149, "la1": 58.999992894266676, "dx": 0.5, "dy": 0.25, "nx": 22, "ny": 24, "refTime": "2024-04-30T21:00:00.000Z"}, "data":
[rows 0 to 23 of 24, columns 0 to 21 of 22]
-9.836146257569851,-16.675362568808527,-12.860678886063077,-0.16666761058900176,0.10045155794318647,0.6030438582515331,-0.6280672984055408,-1.9808232797004124,-3.9392864423690797,-5.621156979387572,-5.122372718662038,-3.4893514402851267,-2.5010269432940833,-2.365832081337689,-4.835592483449158,-4.5781701780160455,-2.8453102925695233,-1.9603174906638214,-1.170243927863299,-1.3904168869479274,-0.6577839222857874,-0.4484257292262223
-9.979527665677573,-7.242438682753979,-10.098723379220566,-0.2902005035777018,-2.2745891002364598,-0.6710397644089201,-1.197674207736204,-6.346304953867829,-6.904241260368011,-6.955386230406648,-6.249966691605146,-3.022160827480523,-2.84887689398797,-4.250418954788314,-6.457906464864101,-6.771631070357833,-2.4248149981395986,-3.5101182806765983,-2.892616144470913,-0.8410017334730707,-1.2207636093311773,-0.3204290425028666
-7.658438242124144,-4.515858929468056,-6.837861923186287,-1.2011919850227453,-3.451921481677087,-2.0609019014984176,-6.656820626067569,-7.984144422994912,-7.9977583325676,-8.1861025429772,-6.836859355028534,-3.1341866172430723,-3.276952318325098,-7.820684038892784,-4.790265168094072,-3.7744527505006906,-2.800764567120693,-4.177444631043584,-3.774805971661854,-3.067790323757623,-1.7134935865315848,-1.0430143621194452
-12.426488315935389,-9.511409139503304,-5.769763924362213,-1.9509558575764525,-2.903229502822525,-6.714692756728805,-8.923791613251192,-9.073804514430762,-8.834555722304556,-8.589012766328501,-7.67714528055556,-3.9775653879346717,-4.209968245480427,-3.2317277746641087,-3.715736400030737,-4.7535495282601765,-2.3139184465293945,-4.745002739920652,-2.5204529167671295,-2.2066334260231035,-1.9221913245667763,-1.2902356427263355
-12.153565251478115,-11.934582328576631,-7.88909914493275,-6.687373768268671,-10.89887681425272,-8.986353685399077,-10.053552642552376,-10.13971895925671,-9.763312049692667,-8.2528568069984,-7.57354264350014,-6.334313296826586,-4.133972914901396,-3.4054392318695648,-3.3041909483651675,-3.202822182871945,-3.3080772520104076,-5.737016076580484,-3.4279350070188053,-2.611023002086379,-2.349877023272097,-1.5793646902538079
-13.483308912373776,-13.7945161264377,-12.33824174622245,-10.567308324991107,-9.728549189177315,-10.708635497478127,-10.334547768007594,-9.723378595797138,-9.087232846210926,-7.2511799708295674,-6.112052737041469,-5.982471560486847,-4.948815528324451,-4.636961279221156,-3.987043670286461,-4.913070868166364,-2.4880332715720925,-4.177786050465277,-3.192277736833318,-2.172295603321495,-2.324086050078703,-1.6284892731768135
-14.645890949936016,-13.859875274592236,-11.091266037604987,-8.510067823052177,-10.091569901347187,-10.270071409750928,-8.581108778582768,-7.21954487523016,-5.813023911233469,-6.8896322402609815,-7.433546915170902,-6.737462123382978,-5.333496654053876,-4.812310522930058,-4.449166449586186,-4.1126452831710045,-2.495660031626073,-5.035494341157266,-2.6940970163289375,-2.9499910252694184,-2.311154291135036,-1.7590536686165656
-12.292392077311044,-11.844393545842639,-10.562913715496045,-9.433115109464309,-10.81475620417207,-9.836479094810125,-7.237123449656748,-7.4397943867609655,-5.274565070839876,-4.2147793992332145,-5.338605168268284,-7.5120703471491295,-7.385857723418757,-4.893085603278195,-4.587922554047222,-3.8063270540583636,-3.432878746571153,-3.5121544697328595,-3.3162625156821144,-3.0147204845667983,-3.3826400787164133,-1.8541556143422888
-11.57127006147948,-9.823584739598386,-9.685456904269662,-7.866586783210906,-7.239656868201465,-4.864083134525103,-6.923952017368656,-5.017708143427709,-4.650266342367541,-8.807965710681586,-8.693137049304848,-6.950231001981596,-7.671781820134484,-6.604281406344891,-4.8640792400845525,-4.531018566235987,-4.087293187409162,-3.6753703644124305,-3.957709149184532,-3.741410407571662,-2.916074241796319,-1.94937694959406
-10.079211302254164,-8.738015275394481,-8.529616272819366,-6.927850953115326,-6.9386778902322135,-4.229935455714323,-3.82657737830247,-4.103654003694386,-3.9093023751209297,-9.294143979365566,-8.77951537802965,-7.576615532411445,-8.446708865415852,-9.463254054609882,-5.632781440616506,-4.878824871301723,-4.008940464878474,-3.8220447992579007,-4.712794207957658,-4.31980851996692,-3.342376700861835,-4.5423220369424255
-8.595457369613838,-7.405183058976889,-7.929748133813942,-6.703351619594412,-6.3890548323468614,-3.5879967116337617,-3.4000076006690114,-3.762864277259759,-3.5409064987952426,-3.758340186138531,-9.912147675325537,-9.462513880474633,-10.01240095840518,-9.596176363775738,-7.167021227385808,-4.547543181786062,-3.2537169708183176,-4.3948760437186225,-4.43926075748027,-3.879534996828178,-2.703200112533567,-5.421589712672069
-6.34494299549383,-5.719769090606883,-6.506493510364497,-6.707888377262038,-7.1541051738970625,-3.9101507508516735,-6.761244672161785,-4.5446647763404835,-4.6599386806895255,-6.874131192176643,-7.092446454449345,-5.730324497974674,-7.487855913889154,-10.22516479977193,-6.8321355913422055,-5.060426309661223,-2.6334909362141126,-3.538025734644831,-3.5881847335433124,-3.847445175437397,-2.9092052511946234,-5.036788057712145
-4.585771781757454,-4.788579875715153,-6.7050829408270145,-6.411257774859505,-6.9148837535270244,-4.031523311351178,-5.042774281288581,-4.628130748752118,-5.417202970664877,-7.09320400232802,-7.116066095311642,-7.846753913825188,-6.545738619192151,-3.9030389905252063,-7.63743731235778,-6.0824707362233275,-2.1409541482869963,-6.720227723298762,-7.935551164393206,-7.250642146874937,-5.353361834664557,-6.164180169353579
-6.375512433769492,-3.383405276884992,-3.6613445540018206,-6.116927677099452,-6.087422237444928,-4.464851445434701,-4.637495806598578,-3.845920560468673,-2.61529266284878,-4.280327999752126,-7.402621298906947,-5.920845060382597,-7.390404735350571,-6.282047560773439,-8.362893495354538,-7.754990657571834,-4.45500080434974,-9.468146392832987,-10.599589307816117,-9.624721779080287,-6.721700026108922,-8.479000591029473
-6.855110849818678,-6.276522393731071,-6.501488133071425,-5.808258860149647,-6.726960360519517,-3.314508154870867,-3.7044183215184763,-2.961827134465583,-4.699685717778834,-4.835265309741886,-8.969017744002771,-6.165655147472023,-5.750146834315281,-9.406304139520003,-7.468626547057506,-6.280310625216992,-6.969505190877645,-9.647198566598266,-10.00113475957749,-8.986058610861322,-6.973568672172188,-8.849356586014387
-6.3047961731182465,-6.432198503229842,-6.181633018112481,-6.663569501204121,-6.151911373596309,-6.410745566817731,-3.7271483544116957,-1.6983210920059317,-6.566303580171083,-4.889806410153078,-8.095376779262098,-5.236421226651173,-3.8714698615997176,-12.138391145743515,-11.374855773030374,-9.913364088258824,-10.871241665731228,-11.141387210821716,-4.321466388063721,-8.568918890993698,-8.5210308937593,-7.8211208898867355
-5.567107524057125,-5.654773175477931,-5.4945567489587885,-5.057967850513302,-5.496776162595062,-6.664069013163947,-3.83918348729725,-4.965100244887572,-9.177932659469072,-9.52321676002221,-10.341521610617425,-9.607259764871253,-7.2612617350106,-11.42731065373291,-12.54275562609669,-11.343658607503174,-8.667589096430746,-8.534402168567125,-5.966077472691429,-7.59009535031224,-7.64571552500264,-6.3582984390901505
-5.768675190585747,-5.738249028477006,-5.498868327282934,-4.515572352487876,-5.167484940879943,-4.85106284288286,-3.912213753351156,-4.832583147855887,-2.809991892471076,-9.371146730735845,-7.26565816647532,-5.984740902959344,-7.608462342688304,-12.40859453418348,-10.54645478748414,-8.860973108375065,-8.516444319170658,-10.25249695900909,-6.616284222910484,-6.5457822122436236,-5.949704772456563,-5.893635189777978
-5.805402012932205,-6.546415044659018,-7.349463564534032,-6.882356552950158,-6.340922001346387,-6.547042276210008,-4.71307251143081,-5.906948679155467,-8.788531712766735,-9.533700012109868,-9.091073931152142,-10.573066273574725,-10.96331797049833,-8.895355042104415,-8.380998133900993,-4.439917633310922,-9.778179158013751,-8.330629580449836,-5.2196373191674255,-5.814775799994428,-5.744961198382914,-2.7960812885395216
-5.732849043851415,-6.304797202975899,-6.220796813868015,-6.338810466470897,-5.001809186814573,-6.075215316781789,-3.0234433035821535,-3.316081998242468,-3.212867763929559,-4.794333474840116,-4.509854163849376,-9.069247714855054,-7.293679254120337,-3.6475179714889583,-3.0888997671529426,-5.14926892749511,-8.33607267158497,-6.0940443545863445,-6.478968615296295,-5.198154118455771,-2.7556923587242794,-1.7628106331002955
-5.607843176119107,-5.528196541611302,-7.245721226175512,-6.254855510777843,-4.437878998879951,-6.139901941173167,-2.415076047909783,-2.431197665905599,-3.365964085243281,-4.569724340785724,-5.167141923868222,-2.3126641186622625,-2.096800510584592,-2.9183207338098156,-2.3284085752009673,-2.5063679121708917,-3.761047386561669,-4.840264546164448,-2.5200313003394195,-2.882299088640748,-2.309456176709635,-1.5113977958982474
-5.198535833352857,-5.6732773126215,-6.96639099918484,-4.75995880954775,-3.8816080317817883,-4.496370027492052,-2.5223066533586618,-3.0688001454721943,-3.803544134181099,-2.9566672057768457,-0.9883254091488858,-2.90133032708888,-1.816857367962807,-2.6658490031696536,-2.5280397480722745,-1.9773632337230926,-2.558073758013867,-4.819880573510006,-2.3205301790360156,-2.7964850350393164,-2.938074300837059,-2.031993379410855
-4.2637019352292365,-4.133809449441845,-3.9109577509938176,-1.7682925284781037,-0.9075311306869841,-3.6346398307970347,-1.9339007628765663,-2.858083119627898,-2.0356312775453387,-1.9139374234288917,-2.070763801516016,-2.117467635933622,-2.0987973904016015,-2.322702279209843,-1.8700740758456313,-3.5304841683890054,-2.4822973130356507,-3.2612278070166645,-3.7595847672785574,-2.7236362100809064,-2.226703227599029,-1.7367261471720852
-1.3152373269758189,-1.5046569597376664,-2.194151019227945,-2.0130205844180966,-0.7718651539955579,-1.9696911169076592,-1.2250690540713591,-2.6171706500671155,-1.4155968533554786,-2.6801153627862435,-1.5114130167771527,-2.350562499626652,-2.368789100575814,-1.6972852145477162,-2.0397845674579944,-2.6388640153070364,-2.052294574749535,-3.535207992806664,-3.524168637701783,-3.0987427172702735,-1.7569484203160062,-2.5603505588360673
