script/wind10m.json
{"header": {"parameterCategory": 2, "parameterNumber": 3, "lo1": 3.000054539987559, "la1": 64.9999836372058, "dx": 0.5, "dy": 0.25, "nx": 34, "ny": 52, "refTime": "2025-05-15T08:00:00.000Z"}, "data":
[rows 24 to 47 of 52, columns 0 to 33 of 34]
-7.553692682341834,-5.983459820862529,-4.467930094864815,-3.293175050263748,-2.680859150368943,-2.32092392433282,-1.2324763789676998,-4.6595443894552275,-4.643126724072711,-2.9073823759704367,-2.935301040116589,-2.075452778663635,-3.1175289302554057,-3.3594075182035157,-5.0764783413594525,-11.05133096298785,-5.752090095676686,-3.1495528147299567,-3.3951577084111646,-3.621505799956291,-8.277772254417798,-9.18806743722152,-4.609981758417393,-3.3925951888568098,-4.285673999857375,-4.769663737672549,-6.180984472039336,-5.411011527707966,-5.081420994367129,-6.377008076134952,-6.351739348772706,-9.891275233279357,-15.422057493927092,-14.144679788149123
-5.715028864206392,-3.8030848603498995,-1.5952911944405657,-1.9445473170404617,-1.2109758052491093,-1.174530069179271,-1.622867513324431,-3.225242085191677,-2.851417740938694,-1.7983507254052784,-2.5595538926087515,-2.43297015607636,-2.7779224411779446,-6.840189621576742,-9.59191725224631,-12.033249630176412,-10.045476784537634,-3.5371976776685834,-3.9184912414459396,-4.486503172476376,-9.821761540478064,-10.372371134669638,-3.648962201791471,-3.7806804288725977,-3.704919175474571,-4.253224465954025,-4.518452432644139,-5.0146055375517475,-7.356148989694104,-9.686896751408291,-10.522792336812552,-12.712329779986344,-15.814354757301407,-13.85107434757397
-4.554859926352559,-1.1282304136930903,-0.6207257867252263,-1.2482182760391536,-2.1173934244192854,-2.986257843162515,-2.474372723663238,-0.9756044052242353,-0.827543909063634,-1.6041777889952065,-1.871462625694336,-2.5050125925180176,-5.408898729154977,-9.04467254881828,-10.693361407194912,-11.819103001281176,-11.373237599050167,-3.6293853968878906,-3.109115961156982,-7.4601506628722545,-5.779434753451144,-5.5515963989706485,-4.418293056286024,-6.575567499256029,-4.756647798364952,-4.495733416483979,-5.556955010598356,-6.91793783637015,-11.678733245748155,-13.3627764919014,-12.339388879469247,-14.160499538008224,-14.429056653361377,-12.188865956700717
-2.8703238629783603,0.0015216875635365213,-0.4849703277565665,-0.08843282513964791,0.7648576189100452,0.20920194778988999,-3.2171050964531465,0.8290377217448505,-0.9886727072155915,-1.2768046464199956,-1.7225950315745064,-3.463696907044563,-8.20469457519272,-9.292196357430642,-10.816976513460864,-11.627621954852888,-11.439812296752633,-4.230523414911643,-2.9187431893019635,-3.5014576285579686,-5.546926670265639,-5.398803090032597,-4.95012957262178,-8.831792908659652,-4.112521175588741,-4.841521321769338,-4.4818811428301455,-5.252116890822399,-10.544142343336924,-12.94070921420052,-11.269195358042962,-13.513854951906076,-12.985848642443685,-11.243724283830241
-1.5478364143102752,2.0203534174749844,2.447175938276751,3.0728621266374683,1.6871723121046844,-0.9025183880796376,-3.3770297183335924,-2.1528641742201717,-0.9393042285161434,-0.8196863253884246,-1.6925842132607056,-6.675453470103193,-8.52098127259338,-9.708483062370203,-11.334304616359558,-11.909543610533005,-11.255971975165188,-4.779934490233905,-3.1063841054307955,-3.8900379535074356,-4.27579164523609,-5.061123778339831,-4.095022998456474,-5.083896006230663,-3.995121153507414,-4.4052195554782045,-4.384644887166702,-5.202347549054373,-12.854592195276522,-11.479799779253112,-12.522502061057455,-13.500666621885845,-11.383561915534907,-7.965346001665003
-1.3018256376263404,1.7774568742524992,2.989771701015028,3.0179147066178773,1.6273832468950389,-0.9197336307626391,-3.560609996352375,-3.120134016050262,-2.8383299127399324,-2.914800965031599,-5.614657534448397,-7.3398312802349714,-8.940050598961243,-10.138759822569,-10.800334230311623,-11.102291809674194,-9.800797607953994,-7.749551465637303,-4.368003089438812,-4.447304938642154,-4.480934668208889,-4.675986030502228,-4.524851885028071,-4.63879024850746,-4.653299371494604,-4.965283133929392,-4.92532667856206,-4.365266740135026,-13.577827025375802,-12.267217546946743,-13.564676989036485,-6.802985589204593,-7.410026892131814,-7.862106631554156
0.8070966282764049,1.543753880467038,0.9023506035032401,1.0890652983828233,0.8695569395326194,-0.7099402352744075,-2.596467709230743,-3.5590665346821484,-4.056151398686026,-5.080300571061861,-6.182381463377151,-7.382096539746781,-8.68393575556752,-9.75242468665309,-6.034086668127675,-9.815862498386915,-9.472459088696759,-8.889061887136199,-3.3804540841605157,-4.199584996788699,-3.7102157085962273,-4.038233064117628,-4.342350654070686,-4.947909615333359,-5.207772459417751,-5.275218577301221,-4.180643163406443,-2.752987625437861,-13.212040103377142,-13.529512228229105,-13.79132396119833,-3.8310583665624516,-9.817997545703358,-9.577774750642503
1.8861921395112196,1.678916025811392,0.5474292712869019,-0.7122523689071086,-1.561652006623117,-2.0877046340868883,-2.6233895075817353,-3.8309439868459565,-4.847936191220013,-5.963178937698148,-6.921450382022837,-7.65182962771983,-8.872665737148814,-10.232848899921834,-5.770173842640654,-6.509724638811829,-4.730488905405297,-10.074703738193351,-8.409064336984297,-3.9608506485638544,-3.792168588212289,-4.1721319432938,-4.575519706755306,-4.523092299478592,-5.143283901320695,-4.475688838158589,-2.7690562003715695,-7.591673809569008,-5.852302221640732,-14.249296325846371,-11.386355420462534,-4.544668508094803,-7.8592155226990785,-7.292459874925309
2.2775687528189437,1.727400331355995,1.2032880420125789,-0.7804980404311492,-1.4467564607858,-2.5651469058655745,-3.7322696885563564,-4.4380119794476105,-5.368701210890516,-6.365900567469175,-7.0644662225962485,-3.3349952691895757,-7.881302427415724,-6.132787305052294,-4.573696620302243,-10.093609336270026,-8.302465582623151,-10.533199566049275,-9.783747120747417,-4.152311036039934,-3.9676259519040165,-3.895875747686366,-5.729815627299879,-5.218716359005491,-4.972604019998123,-3.8374946682349735,-4.531582925697078,-7.951804922116353,-13.95911115713355,-14.698722929283395,-9.00698803770596,-9.74617674760148,-8.812851272619818,-8.930986541539319
1.4671798698139689,2.178903984238282,1.9838215139077149,0.7326062314494145,-0.7071197767463124,-1.9883666937688123,-3.0316178998184786,-4.564560869405107,-5.545031576715344,-6.429719580920145,-8.147913352147715,-6.566371662260067,-5.846676909421964,-5.057823430459079,-5.099837781842867,-10.21597851300104,-9.977363899386186,-10.91402186313197,-11.180725802047808,-9.470459066753472,-4.33152954235904,-4.414619780079448,-5.249000887194786,-5.226033787717295,-4.846856403445357,-4.0570753009329685,-3.9878213976514525,-10.59425528984089,-15.167164188296788,-12.550295917887086,-9.34463966105407,-10.25914673514335,-9.869110033223489,-9.184857574886768
1.5287873951673188,1.8822745407970256,1.7002774237926717,0.2054538949805502,-1.201337467194021,-2.560700677420862,-3.462634037879,-4.616631422614275,-6.068020447848736,-7.466619623989596,-6.972621910091094,-4.753127915028686,-3.7536132213274715,-4.386962371131269,-5.027839924036408,-7.756973602902325,-10.962081709504943,-11.261769015647937,-11.80665097078957,-10.476016608196174,-6.118870763994261,-3.900178129141988,-4.591585256119944,-4.7006998898707835,-4.039468833080685,-3.990998366450747,-4.2194333423343435,-8.799433081527633,-14.236384459095515,-10.437792990013236,-8.944388340936108,-9.830961714297693,-9.814594006234506,-7.1757038298079845
1.7378259475409108,1.4633441384428825,0.9674348791167359,0.1124021026783039,-2.809902721440159,-3.6720321714314097,-4.340262649166108,-5.487250720268575,-6.706033726558931,-6.7703448605388035,-6.6685829209892455,-4.093967172306471,-4.779032320562832,-4.373015593172421,-5.1289286267219865,-6.733748307878791,-11.850681937413228,-12.047738174693302,-11.802628246560566,-7.1903799526216945,-4.525369404227519,-4.245073898425904,-4.378865584027967,-4.675915909149917,-4.005712537846122,-5.13003896286465,-4.9792212247195335,-10.905282940365847,-14.664238696332015,-11.768048705706693,-9.159902178856498,-8.308553532072047,-8.51486873129582,-7.624641907475643
0.613812097907552,1.215084388435133,0.17253043593411652,-0.7620529169367367,-2.366736632527969,-3.5528606765111688,-4.622486016076184,-6.07310332777151,-6.349510643427023,-7.4464957311723845,-6.165715314470816,-4.645605696969916,-3.9548448824181364,-3.5552099113588453,-5.402676494380919,-8.85771080323768,-11.969989784441454,-11.61032855079318,-6.372657923318415,-6.712444116703419,-6.2811445549452385,-3.975644618816765,-4.033660380926422,-8.23629933748261,-8.839934127105959,-11.325608053362318,-11.211047619258453,-13.488456534631458,-13.386853098114562,-8.902353579913276,-9.057523131454824,-8.455043448413422,-9.037917877100211,-7.361896867769872
-0.6824089582785198,0.6873641397630248,0.12457011581930044,-1.3156964424558957,-2.507846640077425,-3.9741245354832095,-5.541545223563276,-5.965580665823582,-6.6743030368007386,-6.960562027419581,-7.157760838783097,-4.2754876524362455,-4.363491439618712,-3.6554369092465926,-5.586292676031438,-8.592622249963211,-11.596428673869335,-7.053287576404292,-6.673346602618085,-6.232413519355522,-6.527875073466623,-5.981791237718833,-4.289142600709335,-8.776021589245797,-8.294553907413153,-9.783584391493736,-11.648102639835871,-12.913831038679197,-7.562902480332032,-9.651568786024592,-9.278675644566448,-8.678338710461066,-8.542920277808362,-9.307065601233154
-1.5464505896732288,-0.4759815382029073,-0.20570819287502254,-2.0349945386952286,-2.736177639385292,-3.932841389347443,-6.005698614369656,-6.2576851555108535,-6.463700177403565,-7.040981333746287,-6.600308713782903,-4.295314107211703,-4.279182997139257,-4.3233849953031624,-5.309758922553955,-9.305100089882405,-11.900126275049725,-6.302924090997515,-6.238569242984747,-9.698041885355762,-7.317081095749846,-6.26779076095263,-6.314331619595372,-10.06236934754983,-8.300077795179691,-10.287377983688632,-11.962641252384564,-12.771171420105162,-8.250994476396002,-8.185504210228512,-8.234580154088006,-7.961700847082378,-8.524464493739295,-8.692058211171702
-2.048133952537951,-1.2303717483827281,-0.9542424912913113,-2.2613163255198994,-2.863456730625834,-3.2207582433300703,-5.795843621463941,-5.792031880847498,-5.720899722309573,-6.702356879022581,-6.372542058664145,-5.70598763335232,-4.101359773404456,-4.426318629999343,-5.775602483737829,-6.853789070246924,-12.100632403820576,-6.464703763248834,-6.703668255552362,-10.567648020511882,-11.531255886053337,-8.569414977714947,-7.700234558811654,-11.14673476805046,-10.21736942457808,-11.159919266874718,-10.895956398664467,-11.239932827164866,-7.89978280945048,-9.609924742993153,-8.313820392709395,-6.861741504146407,-7.798944542322727,-8.232133057814877
-2.6592422790161483,-1.8840151058982986,-1.5468149292023177,-2.5126598622099614,-3.2803600230448495,-3.3869826780049217,-4.554513021211083,-4.9707785777470574,-6.081356931539546,-6.458307650027855,-6.682529918704318,-6.643877226090264,-4.346680269050328,-5.305037375180303,-8.290205197880503,-6.753148383689655,-12.355162467452034,-9.926954582518212,-6.869638930726539,-8.344340782754506,-12.394433018812325,-9.765499639812566,-10.269114857983304,-12.434669529824324,-6.676144179584438,-10.908356778049335,-9.028487559930952,-8.71727843306708,-9.450634793288666,-11.022255573248854,-6.942051307857648,-7.397407549072599,-7.88016175016116,-7.197435577163857
-3.590635802295636,-2.2896473034408844,-2.0673669277499354,-2.929409973376123,-3.5815162496128456,-3.028929922125444,-4.077207671896274,-5.1111864850649305,-5.73071332624929,-6.214507203167026,-7.077642273115151,-5.697182546826855,-3.7243777447870117,-5.107434387732267,-8.755991330233078,-9.897570385464283,-10.40521017080899,-8.639428903097471,-7.129389935023294,-11.663542789261365,-12.473272986338106,-11.213370442633998,-10.851254647380365,-9.72202473210836,-10.455310720629363,-10.974832651664173,-8.299698967630606,-9.511025794689663,-10.271848761477553,-5.665297510117991,-3.448102318245458,-6.572559033123231,-8.111558681617312,-8.208124321294614
-3.9271679519693388,-3.0559524219949648,-2.782275100467975,-3.5724564139135087,-4.176037689630963,-3.7737434636081217,-4.836786081433957,-5.002786065485364,-5.473517472470619,-5.857557213554519,-6.227107408668522,-6.339062279074615,-4.201902749018386,-4.003237989292967,-8.931380938939094,-9.348833271894337,-8.991882819029637,-9.820034743253766,-8.975897201888966,-11.239049517242375,-12.34767259079248,-8.939008191348453,-11.099267522329246,-10.339487162557875,-9.43608390798034,-10.77603292302673,-9.226206937951302,-4.784726063532084,-2.8632537786759573,-3.1391394985771006,-3.049744774412903,-3.9783886250403135,-8.70925982794595,-8.590078140642778
-4.597987195408761,-3.9549354701206236,-4.0148458314843145,-4.435020120243963,-4.8135982243231865,-2.716299364968632,-4.204700423766354,-5.399301747462983,-5.107393445905749,-5.284255057414279,-5.481983912579233,-6.400929220408744,-4.004835833155378,-4.192713821841485,-5.391936596268684,-5.634598997526766,-6.255669464861246,-8.295231780524668,-8.925717473685776,-5.4577617798947475,-5.701386690702817,-9.821220780322708,-10.93325654145787,-11.570907799486498,-7.628403818626957,-8.1709394151799,-7.792020337804447,-3.6508179340323634,-2.4746429233926226,-2.6530586947460693,-2.9326410180535687,-3.6677487206079458,-5.255624518961728,-3.998355351714384
-5.433436318171501,-4.975304509289357,-4.956714254644579,-5.242420122535892,-5.573115510565775,-4.171308906579155,-5.437803034708871,-5.546409942964249,-5.309033899210023,-4.982910104073675,-4.97535068149834,-4.9789381929105865,-3.4405396497146556,-3.8953463128558887,-3.8726309100097445,-4.054418475765942,-6.60640347384583,-6.334899328267411,-5.115137228722843,-4.634360050731048,-4.840639250872366,-5.284278174949989,-6.550481149120555,-9.759559270384928,-4.084139923933265,-5.644391343759737,-4.754527119915203,-2.502037971457466,-2.8349691105939314,-2.617895219832302,-2.5910190298151314,-2.854384930945107,-1.3490511301482575,-1.5942032844284773
-5.9464947825209995,-5.658077897882989,-5.929159896014052,-6.122430050171317,-5.690187609943268,-4.777194335740592,-5.649834428735084,-6.169766742582375,-5.5194771518193715,-4.864616298810304,-4.066127191000154,-3.7050648837146487,-3.014508654753323,-3.3108159881305554,-3.0331987856790508,-4.650442461536588,-5.078603121699748,-5.095531162817705,-5.084319801953976,-4.090003639084684,-4.643163414457162,-4.140390025572781,-6.499553238382019,-7.692861206799152,-3.8791204391544944,-3.829658250276156,-4.6064885050775635,-3.3820112311968646,-3.0947863117856422,-4.027222861218145,-3.4042831061163366,-2.344735915152068,-3.1936430628450863,-2.792593753489669
-6.290320567863804,-6.21868531718129,-6.716867400648667,-7.055572464286329,-6.955718168976269,-5.51798327273977,-5.989692494176592,-6.516274241670809,-6.932953602174087,-2.833642435477686,-3.186165512250924,-2.743958706318584,-2.2938757743995337,-2.4863874585595687,-3.7730220461034816,-4.188240819100041,-4.701801210077891,-4.447986592817712,-4.600140538449683,-3.331516135741694,-4.937793915998507,-4.8281940303067525,-4.070178424510133,-3.2565797308352282,-4.495744287317123,-3.7316246057957754,-3.7372081200772023,-3.620048864766849,-4.197330441571409,-6.37699450131059,-1.7894283482056612,-1.4647726739922502,-0.751144072879126,-1.5186609243158389
-6.528338247130502,-6.447005669410748,-7.130934768638136,-7.280336495449471,-5.607988722565594,-5.606226151839804,-3.9114850587929,-3.910982162142363,-3.1114559148894303,-2.84988342199724,-2.699208671487904,-3.083569931986861,-3.141213644941854,-3.222994101975175,-3.6774711692557585,-3.5662847947057332,-3.0034099332300768,-3.6393769081125837,-4.752820199573857,-3.252785554023126,-3.4554911760538864,-4.324400182291039,-5.3491381273577945,-3.8268963119037367,-5.26086721206159,-4.318010492640071,-3.842151405581163,-2.592584749501918,-5.163007181825512,-2.698282184863582,-0.11169629390742425,-3.049894771084798,-1.201599321292141,-1.6739463050816936
