script/wind10m.json
{"header": {"parameterCategory": 2, "parameterNumber": 3, "lo1": 6.000198445256149, "la1": 58.999992894266676, "dx": 0.5, "dy": 0.25, "nx": 22, "ny": 24, "refTime": "2024-03-27T21:00:00.000Z"}, "data":
[rows 0 to 23 of 24, columns 0 to 21 of 22]
3.088102339392912,9.996342594246961,2.1441589224169655,-0.7337266302547569,-0.4828007345008439,-1.310285055789234,-2.705912432467186,-2.7431626302176633,-5.074923171390749,-8.0474452607354,-0.5837629480357265,-0.2046423565207855,-0.1260958456131127,-0.8444544869493388,-0.6282833546536424,-0.06778489108615574,0.4055911047820781,-0.047699373010076686,1.1257821331995082,0.8282567347133223,0.3340498811466523,0.08735601903350507
3.831547333073985,2.4504212606469054,0.8588868970576851,-1.0984428424783987,-1.46108727554686,-1.0467472651321825,-2.5365397556809115,-6.534492810418221,-7.279162506945625,-5.910566180043464,-0.31850570088040886,-1.145377345197542,-0.8866584656801904,-0.885706753221292,1.427287635410673,2.792128302912818,1.3908648336119411,1.3835026286246992,1.1474551479224286,-0.43810419928028305,0.4273753540804637,0.25701569342300057
1.8622834856639734,1.3403448811269385,0.12231414699354208,-1.6992096300291109,-2.300166375715772,-1.8299338281211734,-6.67658462692681,-6.027201806173396,-5.576924615532143,-0.5655452190380628,-0.5181605279710839,-0.35005599199803605,-0.5845127812802472,1.303584590321431,0.5574793777384186,0.7817098642341854,0.8112493319266424,1.071170828140896,0.44283133961345306,-0.47023330647579814,0.0003434775502612702,-0.3744844736239725
2.860875393086079,-0.7451158340438557,-0.6323392141928794,-1.152118882848277,-2.2254421259414703,-6.181023088733702,-7.499603792846785,-4.22000144298576,-1.7129106705029142,0.10916937199947764,-0.744761995351113,-0.5578830918905247,-0.272388143546751,-0.24140630595917167,0.42508695166899885,1.146743513942282,0.7338374744824274,0.5179348305128719,0.4194232636561403,0.5675796186053645,0.35684050326125905,0.019400807549234563
5.241002935395674,1.273477758325459,-1.706458904266715,-3.203456468453032,-6.530398852612567,-7.301140195011896,-4.3640415189960615,-2.3455891555639603,-0.03819752944330866,-0.08301030738696114,-0.595458437775941,0.47191429227064885,0.3192496404311497,-0.1384894656172471,0.7988869946593878,0.832714515886463,0.7184114343636201,1.5570091323429414,0.7823884785946217,0.41966154720147786,0.2545833413124692,-0.8727157300378932
3.6763600479028558,1.5335259281277513,-2.1765371234801445,-5.024306038396726,-5.696485567367771,-4.133201084314849,-1.1909595042477292,-0.15419992807012547,1.326865908536635,1.4725978097,0.9204126074798067,-0.177250418160854,1.0874615270811057,0.964735911088766,1.464035687380966,1.05342587440394,0.037156233123816926,0.8950902664145467,-0.057327645606535874,-0.010840652306179692,-0.24052091118705615,-0.3892832223511462
2.2493003444666053,1.7431832980166428,-0.3525270493478375,-2.8669520933495125,-2.3574818731498075,0.45715380541332423,1.3092064729808643,2.171181241486631,2.736276569307047,4.536178847283476,1.8590174121886958,1.324921863193435,0.09904189799534999,0.3254791116251951,0.5010565726555612,0.25166030231698483,-0.03995870304762618,-0.027032206541089673,0.17254759213750995,-0.43436258449196735,-0.5040003123463471,-0.781559739564671
5.067688907823064,2.6202228682440865,3.7082835895810917,2.1529714242392766,1.0503442377810743,0.5816539389914742,1.5269568944516194,1.8783033533228999,2.169398265784709,3.6794560937180387,2.9127690790349816,1.3241348061459244,0.2607685303563015,1.0197050844804485,0.19598666270697124,-0.02829106052184843,-0.010633474036875583,-0.3123518643817398,-0.9509701350346363,-0.3299374653165411,-0.8371101333658416,-1.672263963252779
5.5648296749346375,4.200092963085393,2.4847298342436734,3.3195918094511088,2.373076130652364,0.8676616719909234,0.265360385717037,0.4114608829703099,0.895793760597869,2.8177418157499035,2.8573287781710115,1.2830139899347,0.49010327228771455,-0.26053745360184566,0.11482380812864668,0.12406252596197626,-0.06741487195176454,-0.6213829007796041,-0.44344347027022446,-0.889329051599065,-1.357570404207985,-1.7978575523490123
5.333272885424604,4.086479985565585,2.262912905190701,2.6034182184009205,2.5387416211406104,1.003838097155083,1.660781993587849,0.88767485870918,-0.5676331988097676,2.4650072793422115,1.6575267450141011,1.513169141107581,0.7011237226403232,0.7679427514814345,0.045518474305474586,-0.26590478495808173,-0.1430364217056679,-0.4402325626345259,-0.5030416865000134,-1.2991965909339933,-1.6433381579435742,-1.1070053245401605
4.546526459140962,4.742473089933959,4.114307051426657,1.7552016162537623,2.560282702206109,0.4176180718072479,1.295557109566234,0.5846451045431404,0.45606516884349324,0.8718000527449558,1.3638543189206231,0.8071911200118382,-0.29820636244705345,-0.41712986866169177,0.4550303675388522,-0.09239444519535438,-0.7359290756158879,-0.6644005075924969,-0.6010627349612968,-1.238186492808615,-1.7721905378799592,-0.8087943240230719
5.1792722297339955,5.1453578442251215,4.044974894956224,2.4604262150501897,1.7025075585779248,0.5085817587025272,0.5556547771458791,0.39226822573283254,0.4165055315203258,0.34199575609484106,0.2912897536055503,0.5667411851282104,0.5096040368384432,0.506714944810015,-0.1717462943269716,-0.04083186013873426,-0.4898941548238777,-0.6711617649101888,-1.2353938987321453,-1.1037492297935647,-2.8456540893099342,3.1013575437829988
4.341192668029284,4.837380897676105,4.142017751756907,2.8550730273144524,1.465009377904155,-0.5189351966238197,-0.23948277593736708,0.19691292774460392,-0.3250812672270731,1.1197903245480714,-0.2593992461691509,1.1491081464889334,0.8671660242739544,0.7121826262213395,0.3761666650035555,-0.6002160724808664,-0.12227900437682855,-2.745798967284399,-2.9937217770197044,-2.7545571075144695,1.869888791133256,4.5240166134062205
4.055553345570691,3.984611050990695,3.731089808310689,2.867463039533792,1.0855826020320059,-0.19704383407381545,-0.2620146868388826,-1.2792656464875078,-1.5274773344442965,-0.14737183448076804,1.245246299580226,-0.2517785056959243,-0.10896685857517245,0.24127760730197576,-0.7879439120365781,-0.44029691806012056,-2.1740934495850985,-2.5739670035088293,-1.8121557610984542,2.7682266440385974,3.8517868430792523,4.134722495762947
3.9802912588035264,3.5917262381118107,3.080969618575514,2.206909454966063,0.06298838194515018,-0.8974006941663616,-0.8951464893283216,-1.0989891978369983,-0.9874932296492958,0.5845994838518175,0.2602169334128396,0.5549794127570563,-0.477554316298437,-0.18930640362640305,0.588873649742949,-1.2334299403038484,-2.4608714499606545,-0.19345352923582324,0.7628128348846496,2.0197282236117142,2.8181778148349417,3.3788693165694528
4.135550242849759,3.313830704455504,2.406629088179517,1.181697070991497,-0.7957126495333868,-1.0983174733294456,-1.2967092340925797,-1.203906766537061,-0.3322501830715764,0.49120218983244784,0.28967747778955877,-0.6534628114284886,0.9972190266005694,1.4257672709830342,-0.3120963745092633,-2.4840877987333903,-3.5120840820301007,-0.2991698150275974,1.6181504529379058,2.1125671431308164,2.8552287918901302,2.8372173339004543
4.230512921532827,3.0415905163899977,2.3911655969711196,-0.2886579066177058,-2.1832015952420436,-2.177227653467747,-1.8606856242324608,-0.9176708291681748,-1.8381144750406138,-1.6670029444394932,0.29716459868917944,-0.43106014462798353,-0.9653992666865825,0.7744466411995884,-0.23946170450416837,-0.3342953290294767,0.5748229794448464,0.402753036056255,-0.8574621914871705,1.1375372442884586,1.6456559215843547,1.804704238977731
3.6966293172615865,3.0906925240860543,1.6644901317692418,-1.0403401981556684,-2.6459801895784425,-2.410501098192741,-2.122680403955385,-2.8066247913188764,-1.8196346580306546,-1.040326639957876,-0.6973570047317214,-0.13738566098829824,-0.8475971118029779,-0.5125470431824825,-0.3758085021217347,0.6653630526521892,1.130155398201646,-0.4329755811709089,-0.11626697958192045,-0.11363530641327409,-0.3906322658629828,0.37356475355418167
4.162632116937747,2.4421983128706657,0.2736584385664343,-1.7894872523383154,-2.690767767343219,-3.23617703583245,-2.6805205758352297,-2.653438289332382,-3.1836035674203758,-1.3364852930241047,-1.1782847622890549,-0.05468051985554566,-0.06803074411398208,-0.4571998578749889,-0.34905076756347225,1.0597797151948942,-0.6809889589615099,-1.14455668560376,-1.257415970242054,-0.7223501095686808,0.42766089808703467,1.8477319125341223
4.396125966058722,1.8588297909482636,-0.5576763373633082,-2.334884159286124,-2.6354147750009767,-2.74364161151967,-2.5429352444967486,-2.9277745066026504,-1.9919191720146514,-1.0519626164500635,-1.0701855286996402,-0.7669043227715611,-0.9766401045624038,-0.4598607256928982,-0.3424416172711551,-0.5072659047322495,-1.4175620674402065,-1.51835937167293,-0.7167194661311406,3.2310668761389585,2.676887313847208,1.860047499891066
4.292333495739914,1.9104662943750534,-0.29411341004199815,-2.6045147516817093,-3.1333632112746397,-4.027430597986678,-2.545156805325571,-3.1314863806200695,-2.618091882175164,-0.49837485489263056,-1.0578591503580221,-0.14972347286791662,-0.8942287238764917,-0.8519673626120376,-0.6660103053279157,-0.24908642745419607,-0.2275367659730039,0.6373020973671268,1.1781945676458299,2.8792736936009464,2.1772301193640784,2.906180454853857
3.71457928763772,1.7724484328408414,0.27019109358306215,0.10235251955948053,-2.7801316209275524,-3.932516093823918,-2.416072362640049,-3.4013107909659652,-3.1141881969926555,-1.010550015976403,-0.6943586815787542,-0.6782392364530463,-1.085018264723402,-0.49841834645812383,0.2680225236367525,-0.42608107663243416,0.27782246035102015,1.5252038764855211,1.1522460845661906,2.439990705922257,3.329510287968158,1.9394247567954148
3.450557333547365,1.3417322931150701,0.6132601343459335,-0.08293084373486197,-0.5677850176819599,-2.523202397691304,-2.182903135502741,-3.1518465591749,-3.130106217013543,-1.1711640560878869,-1.062419382221711,-1.0737616578405398,-1.2831170240634633,-0.7549089593402085,-1.0451057029332675,1.5065477454348073,1.416898361941452,1.8065838093353401,2.4088319866058,2.4627229275581577,2.348342143107162,1.6485744755306329
0.8976647476800765,0.5196164999198535,-0.5160014044355788,-0.00748242663070757,0.15117811674224724,-1.055887570681152,-2.3892790738106284,-3.235604498409136,-1.2270100463296245,-0.6899410363230456,-0.5954659977300147,-0.47372741666440915,-1.633223923962787,-0.6490749806031402,-0.47112533384152094,0.4008660945058967,-0.0890125013744207,1.2488386335049868,1.463674283179746,2.0111647485655095,2.2613548320893977,2.7597203214051707
