script/wind10m.json
{"header": {"parameterCategory": 2, "parameterNumber": 2, "lo1": 6.000027932988019, "la1": 58.9999434238085, "dx": 0.5, "dy": 0.25, "nx": 22, "ny": 24, "refTime": "2024-08-11T23:00:00.000Z"}, "data":
[rows 0 to 23 of 24, columns 0 to 21 of 22]
0.2611745354170045,1.5615140084393782,4.651135828499645,2.099765446075302,0.7887654830948063,1.5743746502651799,1.4404647777636497,1.5200564765749336,1.9038695181310856,3.8293362064649914,2.5718325001547884,1.0646716370816263,1.84040567075636,2.107918842039348,4.274006252620711,5.539014838437404,2.6805409414783523,2.082501396159583,1.94343553521645,2.2870976434476606,2.7567876511181995,2.2393770613236113
0.6056764259894704,1.3418453120970195,0.23764118836829085,-0.46532607974881424,2.1991878986917515,-0.2426174079673257,2.108782706703283,3.208605740725842,3.988468113182264,4.577003999734458,4.090206924562343,1.6735710067208784,1.8894084478523208,2.144358968116779,5.854130326666403,5.367375626018011,1.332584248946618,2.327639664590024,2.613049296147176,2.800833439667135,2.2113311537793545,2.758751683087044
-0.33416014204441113,-0.8675627819021968,0.6138892392739038,0.12506342718559033,1.9567223738388804,1.9941580879231062,2.687787126243951,3.836796877141566,3.5760403964489598,3.9373014859918216,3.2724078228269415,1.6507584528847183,1.7443505756133113,4.373778645712422,2.282617875091411,2.2128152837994097,2.6368717131074995,4.351920368664269,5.525154322326839,2.916896041731737,2.951129242908741,3.9975000269041088
3.7876751942463347,0.6779766447778247,1.5149936129768593,-0.19227589847968565,1.1960013042837736,3.103027358346239,5.330606266237345,5.578468973848655,4.956521651646356,4.599160659380798,3.84368085121592,1.8813939553269154,1.9415464228890766,1.6126319065029542,2.720955400078109,2.5997692623652457,2.273154183367435,8.618915043381238,2.710748769693902,2.326648847853517,2.4069683349907347,3.086939183008588
4.374550816441997,5.584293494122687,3.6113515138951,2.682482764893777,5.66084193175666,6.962916859048284,6.806535761164752,6.254116420949176,6.077864121766184,6.042797756131271,6.056561503358779,4.630628308142918,1.3932223469458578,1.3668416859040045,1.9729210553082168,1.3971138800834246,2.9672662719649217,2.3358093618839484,2.7581835314541383,2.3476188987008832,2.4686341842968105,2.564756750953155
4.214320424275711,5.255027115370022,5.872908188082139,6.945809571982155,7.600314548884788,7.660474500605774,7.539082337665863,7.203940389232689,7.113419812966853,7.202143370970717,7.140828717612904,7.50963553592793,2.454013768189167,2.17507458869787,1.2823045156587218,1.960548363146978,2.4054714347351402,2.0168932883341975,2.4412541028596566,2.6097317681369954,2.7441729368044787,2.9655156576790773
4.357669977790358,4.6612929959346365,5.404815023419253,7.032473578208714,7.9164567062316635,7.808458848087849,7.63946529427182,7.469526177250778,3.476707729349965,4.914246077774665,8.777623154283123,9.475916346412244,3.3642767981921344,1.8020949732511344,2.6427854004906552,2.3588237072616915,3.0762195512443706,2.290572313517798,2.5590447167616546,2.5582244883497394,2.7399946172494274,3.146096188816596
4.445995375912139,4.802116557146893,5.015418369274746,6.9137900364247615,8.338408327950273,8.183829865163519,7.903520510228489,7.7227354586730605,3.2308877148750907,3.750492469132175,3.93101405445229,9.02602665525237,9.844814307401043,1.6969450868422022,1.8569273558319328,2.3488395356021177,2.320689379467605,2.241165809282191,2.2246673169706073,2.616695283284713,2.643375659832779,6.564963534130347
3.659804011256764,4.800535580762259,5.175989404260232,6.293883604770867,7.6739323058177815,3.575865376866736,5.808769241384958,4.545460519418168,3.592131913783164,8.080020278014493,10.005718239699409,9.891032903607076,9.850193246136053,2.0870891226262582,2.088463437161865,2.481557968365209,2.7743045566611237,2.726232900694774,2.3648244594581853,2.9835183713871327,3.761006607207515,4.812267922747932
2.6644520466448784,4.024618125003006,4.872591304027138,6.043153575507808,7.26306127917083,4.8261405184524495,3.748466593180121,3.0157455162154645,2.371114112311195,8.214103830810004,9.656282656224596,9.692022228950524,9.472229204928947,9.48484808616257,2.5462227674880595,2.9569313146260776,2.10498369246755,2.627112779389519,2.421603166810769,2.695121166365298,3.1324328126594225,4.574747415434626
1.9102291865710939,3.116911398277115,4.14707509663529,5.191278493770924,6.9218537283767025,3.179865393011484,2.8729732023217887,3.2825284114345603,3.425799570018551,3.3145143845502574,6.416894041838103,9.132775704853653,9.002006082861438,8.788388047041396,5.506221568032039,2.7881131497655365,1.7762263727559788,2.5328709315529525,2.5416028125973806,2.266213154084612,3.1406003551530004,4.331726801467695
1.3881783397261418,2.5751664883489687,3.769733357712035,4.292972670449072,5.524731514707011,2.2309631597400617,3.0236873035732517,3.064731963712333,2.6410821773118127,4.328494392706864,7.283602343979688,8.49196175093748,8.815145917214048,5.79328958243921,3.475115799663305,2.3472617044482003,2.0187769271242675,1.923069149323715,1.9225409923764587,2.1946159584128337,3.148821764762067,5.9399365553277645
0.6267639436085093,1.9491770859724376,3.2172860228458906,3.7848813524342195,4.6797421335278395,2.2816942978818875,2.1191061015307056,2.017578854917952,2.3354315264354684,6.124871458661683,7.335977451728797,7.81822321957687,4.102960030821529,2.7448074106521303,2.874048822362335,1.8287034610238357,2.1282940154524836,4.296139183815058,6.297973068483828,8.28667999657198,9.333394551207254,9.40680105274561
0.02301612517151635,1.3133941140580836,2.2401587741341706,3.4096411737614005,4.197878552112613,2.46285545613555,1.503712991429822,1.7989757218026161,2.4783923668901937,6.111655419142305,6.822966600241184,3.527813752201798,3.0162269307446663,2.948144875669078,4.308194770409267,3.093775768189545,1.8151635794299412,6.450595510589944,8.039459639953227,9.044390595262858,8.851687762007401,10.020372280629946
-0.43929581862611616,0.869454375060787,1.4497741440448515,2.5428570374725217,3.3916754651146683,2.2562758029441983,2.311038100892129,2.4216493673556414,1.770110243092862,3.8709368948504896,6.739835141311831,2.1569686639501477,2.692947451932019,6.736478448464963,3.840229643813479,3.265418702217248,2.365337993146631,6.183682430457636,7.181711542492154,8.515804019317152,9.407698058810386,8.557373886498029
-1.1582987989242841,0.0865640387810649,0.8443594876970127,2.0755687149686177,2.7852759348233014,2.8757547323657926,1.1332835696959231,2.3716630306027273,2.3012201071807983,2.7601527147602503,6.254240331627996,2.5006380863238498,3.225205669600743,5.907213629958702,6.84101111412562,5.659416711623173,7.419836851037678,7.463910834863371,8.433855396040325,7.633962413244656,8.013055327302062,8.941105510782368
-2.1430882935253877,-1.4303024507632716,-0.38396285740810393,0.8248168724436981,1.9185742195523587,2.826477857080444,1.1945035789073504,1.7078459415636993,4.569371989766321,2.5483946695315876,4.843850849494659,4.940886397871411,2.3264392565688046,3.490310218682618,6.889344598324663,6.468996889210018,6.198549453993252,7.054105258755202,2.0489167141727074,7.199572975474057,7.302239535904132,6.835603394044817
-2.395758735432252,-2.493582371581836,-1.6212873900484632,-0.399261867586313,0.6126537256826247,1.307620322204915,0.743224413454174,1.1490517978763088,3.260501503767921,4.2416305956814515,2.9370763292813677,2.1573968631082825,2.6063573384800462,4.477142799305625,6.096931082087053,5.838811176733808,5.722107490046314,5.794542524260904,6.525095256649402,6.772577229536795,7.208791006598003,7.268259326234751
-3.234201231925429,-2.7826848975735112,-2.3140830736042037,-1.509903665042839,-0.91141541059151,-0.34296780635900015,0.08180780024994261,1.3467225919624075,2.9663658186287822,3.813963867271336,3.1764411633176244,4.014936631527344,4.743648102733439,5.19859675021798,4.8870173877110465,2.165001962390448,5.647417178233098,6.3489529733274805,4.93678862289853,6.448047523308443,7.353143769605506,4.3655451361775635
-4.077633803737101,-3.1380562394002487,-2.260479325912943,-1.799059007518698,-1.2880969347159181,-1.2679076812136336,0.7795143893020865,0.4067809356769492,0.9809724952915657,1.2520907584380447,1.288660767532267,3.4494874707343355,3.287177890888972,1.1939886043425543,1.4592655953253795,4.368481856788367,5.610290514486277,5.990604044394452,5.971859584947858,6.36752533795496,4.358211774408089,2.2776253085031883
-4.694880115477135,-3.9647612237213874,-3.1051617073515003,-2.243968470610559,-1.4642673060375038,-0.9281271778926373,-0.1945142311752354,0.0980344497358433,0.640688453729066,-0.1944586209993062,1.9470337036462506,1.3228149305987509,1.266486627601525,1.33782915001216,1.6559305532450987,1.4543181497581092,3.8370961002589206,6.181693812147191,1.3813822669384352,1.7722446775912712,1.725615095155416,1.9226830907127936
-5.781479047654411,-5.1320741193058605,-4.070599989635644,-2.6817930653981388,-2.0596496461947424,-1.5846962787292247,-0.6010058358357535,0.030962468236591816,0.6485700885782953,1.772385605981542,1.570469497889046,-0.42116219490556495,1.2292500195840717,0.9199894358537705,0.5036991918982628,1.1164989237600997,2.2461380071726795,4.5554244808530395,1.4416404485470944,1.1724794553207054,2.089620406359285,1.909811251485249
-6.072830792263592,-6.478180354248971,-3.530070955990276,-1.7398290591557208,-0.6817326198661455,-1.1180705845779781,0.2792411998857946,0.6094055723775003,-0.009803997275982409,1.133304941143075,-0.3528363104132495,0.831747444299231,0.6654402289554101,0.2967429772767312,1.3262370539989654,0.2213035813871163,1.5524510477650808,0.4909713355436637,0.06851207417469242,1.3143447284489553,1.039811325537425,1.1230726318952586
-2.787389947061091,-2.0478414373870346,-2.7432764591502368,-2.0408924465992104,-1.3853558475245946,-1.4386158754351814,-1.0893175300030604,-0.4812049508122308,0.39736799988833515,0.5027177712965266,0.6749914847198091,-0.3201928671075549,-0.6581591641968533,-0.8435950711649477,-0.5956906772493036,0.46072293916426943,1.5678043375375832,-0.20109002745571294,0.667590659575126,0.6054173172262073,0.6285797704898508,1.9395266376939881
