script/wind250m.json
{"header": {"parameterCategory": 2, "parameterNumber": 3, "lo1": 6.000198445256149, "la1": 58.999992894266676, "dx": 0.5, "dy": 0.25, "nx": 22, "ny": 24, "refTime": "2024-02-25T09:00:00.000Z"}, "data":
[rows 0 to 23 of 24, columns 0 to 21 of 22]
12.366001215238676,8.089676091610825,8.500442146653166,10.65076649394224,5.627202289291158,5.873755172692557,10.456679166333892,6.5614239894035284,7.535147797666821,9.751166757363457,9.11365549442418,11.21170251788502,9.187940476982597,7.1041610810249525,1.5490427928255008,9.398087232551095,4.889021576403625,8.972339338415232,5.756349602101008,10.838944544881159,4.965091870833499,5.190497682383257
3.9900279337140643,9.031225548497858,7.3792654557819635,6.076564887571876,8.338408041343925,7.151535522357706,3.5327158503554568,7.22941765933769,6.608687193120238,7.010847759216193,11.592539259166227,7.706170403973657,14.427948470495881,8.397431159237117,9.19115398285375,11.206515029223903,7.136393692305076,4.708308959435882,6.247126512184557,10.18548546337996,3.061138896872441,9.011111308833886
4.590095665276132,7.176472415912728,7.931236150099507,9.998920087261155,12.280083934520356,10.093583264648547,7.246859175016039,0.30732487127195685,8.109684532297996,2.870256021482261,6.402264662128007,8.87175269649978,7.934126243238374,10.811125544861381,10.816861775941435,9.269641709961366,6.441045862438255,14.345727421315448,10.066150501140463,10.042165261608998,8.433256518245415,7.554067697241343
8.629863001886202,9.328879895244086,8.900523676516828,11.777183091253045,6.764050623754939,10.194851630328301,8.607304977867535,4.9551525115820185,7.625093057060753,3.399797427520178,9.203796528152296,8.571411460624006,8.930664068675176,7.768914771334294,11.173596346480819,1.9113763090801683,10.222751338903588,8.454183500677585,5.856534676849774,10.540934783610348,8.574375260207798,6.276253889991138
8.702648097949009,9.253500269731123,10.170565895894416,11.473482692133974,9.765192433432311,7.830252870664191,4.761679974161264,7.282871022540566,3.4443078378229446,11.310107773539682,5.1222684727332926,9.261458536099518,11.66807353100818,8.559685206850908,8.800357281022585,6.732123321830741,2.667958418107115,9.88829271241312,1.5174554886566927,4.795644806964837,6.6083893332609716,6.726816801763532
9.3645461365149,6.183535135327529,8.087895368749694,4.886796779448675,10.217057371605208,12.00280312989413,7.486352277322308,9.657145568625586,7.549094706374208,7.85467276443725,12.440507197336233,6.800392424753757,9.062176259861737,3.606004459717863,9.788105404595806,9.573287341151342,10.137517222226084,14.528343290939873,5.924027816197402,7.71444890398366,5.897686382133694,8.57113056738198
7.486647105312462,14.663258346729117,7.758851187125599,9.53021089162752,10.222998197412343,7.6043496213847614,10.68418538522344,8.354108407380428,8.313718433365143,9.596792990980214,6.853043882549772,10.116500163790523,10.45366418863785,9.173631908489929,11.36583764373971,6.896762492037114,7.442251786210562,8.229919018806367,8.014165587458887,14.164274490108422,8.444715182590762,7.638559101781089
8.775143819634618,9.678033755918928,10.690512592872208,13.208531105057668,10.385958806883583,4.643935693468399,9.05696155071687,7.176067377726166,8.88062490398372,9.430443224343378,12.196693702938681,9.336662072249409,6.940852202642726,6.387328143534361,9.246743632921056,7.415039639889143,9.798095325906324,13.086274230053478,9.24485122110657,9.138598403080595,9.409790979065354,7.842601312061619
11.081615835706875,6.909943083099038,9.892810038662969,9.83100055155809,6.521258324999405,9.254349245286722,10.294958988847787,6.3388289445321275,11.8266284062703,9.491232214918659,6.465013301790144,9.685552300297042,4.144121337364114,7.880669664389476,9.669945585446277,8.20075609235594,11.48704952556587,4.769465510903672,8.408361251667353,12.08412887175311,8.952789111354473,3.745724867202125
8.696787334119202,9.628251269582046,2.305479938001872,8.582041557578522,10.436122079114295,8.871636009538431,11.300401641234233,2.7023976428108485,9.734996157882353,8.65221851620983,6.191457394974321,11.07739129366736,9.108724295318126,8.985487010422009,8.070420127130612,5.590670259917452,4.4810112890847655,6.8596951454893125,10.088122385718401,8.233219025199896,9.404335157245292,8.478299822536137
3.228131667953918,6.888182021810133,12.602841863790188,8.813362920513205,6.65365330836252,9.372463803997526,9.667151829064059,10.447282793312027,5.618226401553775,9.080156413474581,8.77184620695535,10.149596407196146,8.664958635784943,6.278919071615296,11.154972313989793,7.990751524995324,10.768282859961944,9.521765360203668,7.636143016804911,7.733452173868456,11.150050854266176,1.4808007265309127
7.11435433044494,6.681619322213912,9.473426569083982,11.649207234766815,7.437292536961558,6.6765105348919045,5.754915824822016,7.301446848115561,8.985175889277631,8.36097952652367,9.040998846820385,7.362009769892971,8.934835457564809,11.02271887531583,5.212587189136371,9.531217358272881,13.965674564879093,2.0070922086735563,8.674296935513398,8.399044941406691,7.975292828693013,10.191170315471277
8.819937896765667,9.34756031307345,6.965547252318123,7.411147517032086,8.786197061378667,11.300777258443212,10.026001171719662,7.552946464108276,4.757088357937682,7.198936509610681,4.498418141436195,4.1692529392200495,12.321738920797603,7.474724616352875,5.274298363510155,12.793985522801083,11.763484152491289,12.944726906166679,7.736935102721881,10.408234015996841,9.622901905511407,8.430698911323836
7.305959182274428,9.731832342181345,11.689622186993118,9.545995659210217,4.950591303155127,11.066144078497816,10.51583922227571,9.161762930595776,8.868927443818965,7.818553754900764,9.855800848960792,8.124675406365059,6.633838894700808,8.16214681560787,7.867412303445278,6.884348036243151,8.631127786367584,10.074785525239989,9.896075938969451,4.244567539730253,9.779087054147304,10.14675073259272
9.700328571549326,7.232991928018265,9.038417730244978,4.461334311100928,10.084110243400564,12.252676762612133,10.509522420435939,10.500842474480997,6.779510991411019,9.00979432509348,10.692223443824066,5.595557490735437,9.953409053348546,8.992217837172022,7.3925602557705155,6.2381123297827274,6.65095764844026,7.947918567264666,9.634637502461759,9.557977532894808,10.328718123916405,7.55702483715188
6.542506407830194,11.41680407274111,11.312160243719557,8.205166315823151,8.310189242547871,9.43963059749552,2.6675919254463283,12.943890176356817,7.373937303053784,11.06694065306427,8.050193672334164,7.610220212518664,11.842236002691358,5.651229690056448,9.813367292467696,4.211952998876232,8.840014893183644,9.556399647211562,9.943759865367362,2.9893150662311636,10.56891929181982,7.837687320322781
9.024289297669615,8.420648701880435,6.956907865529557,9.367890794976493,8.698013255103211,6.291888842487618,1.5679028694889297,4.39512243794187,7.652535584333862,8.09837636743525,1.2970622486931904,12.32382166582736,4.714084329283135,7.183480033132711,10.720025138592545,5.8689673957795225,3.640826250516375,6.878275841986364,9.064665791559854,7.475387637473866,4.576530264746391,9.100781151570622
11.885852782618095,8.603428722290936,9.081569843030863,7.69249647626036,6.6658833459247075,7.486548391409103,6.21621266012984,9.441510769324681,8.693760747709241,8.020999032472874,14.647154272472196,5.498250688871822,9.921855993071253,0.7640118055538482,7.4203641228614865,8.383906815373564,10.105270066023156,11.287193045685989,4.915102004773867,6.420973778325621,8.912199612506871,8.40647722823915
9.712701822518774,7.665240915014661,3.457870611373986,8.8008875991729,2.6110279504125136,8.242006839839044,9.61059331694035,9.242053449315565,5.642801404661202,9.020100323887936,6.605265881083714,6.913362375286894,6.959966654752923,12.363835166025206,7.536093359606718,4.620745814008002,9.611310467237782,10.86019230231413,11.183700296724732,7.050310099928506,12.107368789929719,9.851156826809772
10.012122553227625,9.083911756240676,6.832761778058817,6.412505856424774,11.98145466905316,7.776126423082572,10.917949125998557,3.303566866719073,5.2484937547901644,9.43961210880508,9.805765769928827,9.234853536658582,9.01793542667878,6.317868020830558,1.011090930566778,8.92417569249225,10.158785559352236,6.9540547401524435,7.770533132151314,10.805530824317666,2.3264782413596743,6.8269335669628815
7.187449800537936,8.535794461889635,9.145287396042155,7.59367966433696,8.657232639966145,4.901521699113825,8.1631824707217,12.184629378659372,9.86698825439092,9.144781125572607,8.624858380524627,10.480833574948333,8.52654495728159,6.494780196411247,11.115493949934601,5.824906761545786,11.313938895673008,9.152599465251313,5.771265055370291,12.522644685587785,10.517129245551542,9.616276007630814
4.759316875341018,9.637351333469967,6.784169597318929,8.154917932344082,2.7422328672470813,9.368429370386384,9.667190205753114,9.471873099386872,5.138705315761951,13.664248541358566,10.259735247344281,9.237142587666936,3.117244446060994,9.102768604375392,7.3282674535097625,11.131860614599745,7.033156144368198,14.46032281970734,9.328045590485234,10.587195228745985,8.104868105702213,10.519018258314652
8.147844607533093,7.426177757217424,9.321398653619548,8.170155230196297,11.049476627336194,5.697955187654475,2.9494638394148223,3.701003915471281,7.317864288962759,7.9283270467567135,10.534299907298676,10.300124273651967,13.798264380118384,9.54354982846276,10.429963608782453,5.047769374543099,12.407930252841401,10.10773811449482,7.040139201722127,7.985923113298583,6.335891904286022,9.802219822871503
2.3895867069141388,2.521038186243879,3.9830818950266393,9.08435403808074,5.067659709561,6.336987135819624,7.55457672938306,5.853228423482813,9.449519209640432,7.082766648336503,9.423915637026841,8.101857408357132,7.767864836175446,9.345567740535177,10.990719667853938,7.31358381716932,8.82510571981041,7.0011905855968495,7.575800279336341,7.699807961151801,10.686316958223246,7.089473754760404
