script/wind250m.json
{"header": {"parameterCategory": 2, "parameterNumber": 2, "lo1": 6.000198445256149, "la1": 58.999992894266676, "dx": 0.5, "dy": 0.25, "nx": 22, "ny": 24, "refTime": "2024-01-22T04:00:00.000Z"}, "data":
[rows 0 to 23 of 24, columns 0 to 21 of 22]
10.039265036790564,14.866791526583937,4.788147826267409,7.816594026796505,19.760864366707683,16.083068636133635,7.20225664246774,1.5822016494927913,5.433093222362085,8.842893057730544,13.121139237352589,8.440516755601532,3.3764718594598655,9.07357231101642,10.645527150275791,8.792118961314374,16.053956177505995,5.795259157594915,14.841242540993738,6.55187604138641,20.40163469605654,-1.4934029953137893
13.375374360002096,4.483472306481776,8.237201621575105,-0.4574223937948518,14.229524810664357,5.719060370624344,20.542205654720036,3.9160296957100766,20.15258309249153,3.422727632989085,8.261064868476181,14.200736544396083,3.648446928729529,4.2072393122044085,4.132025234675984,7.9754850177725825,3.6715324765292037,13.069537527779554,12.681113361658317,11.377322887644866,21.135820950229064,1.1462906320506712
20.65517699403379,2.2897691129272677,3.780117014880157,11.701684501508023,9.736115654074249,-0.5147826585032277,2.485275268435978,11.707058033339187,14.940640749691088,19.43981883031973,17.66803988110804,3.9900106748193607,1.5122190210760664,6.617572401955831,10.879337958238507,-0.2369250854373812,12.633997494215023,7.553306842992659,5.619138968057852,8.994255871299998,11.727792281843874,10.105828108517004
14.712893321235125,7.200827017813001,4.316819933667491,6.509053057471336,18.360474423167215,6.777573984007623,4.265362684319437,18.602479727610692,16.64953591232956,20.446539236700055,10.990273881873302,12.429322716102613,-0.8502610918114599,2.391658494898323,6.051788353251619,21.29833561855863,0.8846646983307851,6.5480005819366,17.206581363939893,11.44424352694617,4.303410418040779,1.009499886970219
11.310586350630905,13.572810550910013,-0.5635680653227038,11.458972817449887,4.515446410034005,1.2702298200635105,19.734201387527758,1.0798437232799856,16.86073029988714,7.246773260881865,12.558996870179133,5.827524499111675,5.815110032075933,-0.3718629675536953,1.2241540629523995,17.724563358074803,20.025649374441866,5.793604476019031,19.039349225594925,14.108732302332958,14.026903952091871,3.7515743877102143
12.029742115200674,11.562465436070063,-0.9967504968485212,13.232226305717225,7.760381050144464,9.509683117288644,5.015631733966034,7.257801625852059,4.466571260914612,15.223489932561067,11.760568745896986,5.7423178835925,7.409204943624632,5.20931699809797,2.197572036162718,0.03437892396112517,-1.8886776609020628,5.762901293448584,19.148766130055776,2.424068869643512,13.834773333805806,-0.18999167745201923
4.195579263411209,5.201662014134062,5.667788107502495,4.854369377369005,7.629009386999441,2.6328272487952313,10.085909511693005,3.7161971802058718,4.642782903628417,2.9801250539227784,0.6664674669563126,3.8146620802159865,8.42986768302574,13.080387690754494,6.032182178469417,8.946966546800025,1.588792151487615,3.9745364521213378,14.048654763419654,4.76619849977774,8.939226411117914,5.624280414641636
13.95967496403534,-0.28587188615979126,6.083139224982641,11.419663613125214,6.733897453382159,20.044678610389514,-0.30891973144775686,5.67949719471357,5.7850171902972765,6.904596790630105,4.7036010092155625,4.892454667144591,14.386299344327028,3.7568388396485033,13.11141260266032,5.9602842422250335,14.038120944253086,8.280072936168967,-0.3233966903530869,6.813594530733935,6.576539992435021,13.265746895834736
7.5157065732690285,20.0796588147068,7.604907946272316,11.748833239989954,1.24789672880928,4.637816516739303,12.549184368772952,6.935685520891653,11.208765647583991,13.612430644533612,12.019998497570858,13.726509450694042,20.247435496014226,17.349269098253792,7.107821062080704,6.130360462126098,6.006585850225904,18.538749328731583,5.872432107558421,10.633586213592011,11.895316426891684,20.881290890948613
10.332041962983409,9.03036323170752,8.746806097237215,6.9676363493136035,6.417386228716999,10.80033943490657,7.266373739042804,10.8295933303724,3.78717779304854,0.5961536979892856,1.8691593888161724,9.837453518166049,12.991258388665148,6.884420860288192,11.356355646211059,17.465988046685716,19.739628263775572,5.414790202699396,4.030845814759734,2.7160595882915834,7.668394114002193,13.243301924623228
16.26725693278449,14.467198952289118,7.110804646602633,4.498372005122029,-0.08038154452147336,11.958801324572981,3.8401247017976,4.160223012540164,5.445456353405097,1.819023548070606,11.301727433220854,3.9140407281684118,4.882901400091261,6.964514185239509,5.3893846887570875,1.1452168551150501,10.948881229066709,3.9172608165558214,3.170115956740598,6.022002474427256,6.733181587662762,19.22896118419606
5.086254418079554,3.210422320113722,8.011507013176926,10.969237169045629,1.0060816476744283,10.397111375814793,6.443911159436071,5.941526357232898,5.569619621899233,12.274531777646926,4.31171408461067,2.4303738169004316,5.443874426587612,8.454460198803297,12.229490407336112,2.5194652813712834,7.004083576682616,12.96816348228128,4.597575817022051,12.771969701215102,7.05555244023495,7.1383975531249835
1.8813746013467068,2.4601608325416877,5.961623119255269,4.28780400376337,3.0746507452213114,7.803274827577687,5.443974767583153,7.080437202425043,20.115607876134327,6.664813624149329,14.482992805885326,19.96353788535951,7.602288186743641,14.08002435788541,18.81316113800006,7.433692464728237,9.811249376706257,5.5427661481347945,19.15972372821338,13.931142832164925,0.3993919634595719,10.163921866606273
17.70449685957337,7.4056405407699275,7.010199018829247,4.11821797731595,20.67020281548109,6.097170846887617,10.22253812842981,5.500002704406783,7.984136949414337,5.218739031030091,0.5789587848484371,1.031972587138028,3.702294259934144,6.706889267512025,10.941143345605857,2.107030816094312,4.8107562811875315,2.7090918556570367,9.365842368629243,20.212859662984172,4.792124087270413,2.3458959507917143
3.53015151569089,1.94831689290853,5.259094524730021,10.557087897230165,0.921876519690374,4.565284890222944,5.987298210281811,7.935270625902211,10.713320521530688,0.020796350253745134,14.40012511609125,6.176897867828393,12.352958075768717,13.13653293063519,3.1199182039832003,10.626212307505977,16.773094351436132,0.05796213115654871,3.121078446212219,9.083489546821886,7.354414027476556,2.0551704362650174
11.540536131153601,8.308007537160046,6.193140506752614,3.5966834899988984,16.701393536902174,3.206471464629193,11.337221595769176,10.180576236076918,1.292298782116999,6.699048073989476,11.662813641358152,12.768806781947767,6.8547534395264,15.788313505312951,7.38697846025253,9.9717465199692,-0.3939649563914094,12.491100393206736,4.178696954143282,20.867794169718373,13.822004403731901,0.9456409939955193
5.6694549373807455,12.176568879432331,5.664239496013333,8.101676573619084,0.2849537871317181,7.40473912264381,19.771407339237946,17.31317670718827,12.420084568166354,0.5042982555823636,14.62443720937373,5.292596517409483,18.39338283944093,-0.4827187392330939,3.694742378937852,17.005547256289137,9.908492213228783,0.9041062112260259,7.400101203306294,4.195070434761925,16.88975437050296,7.350065199292567
11.295564408859669,10.258659683476305,5.014376463463324,11.821571212378824,4.646866040365444,0.24967804933597823,12.1082455096555,11.336589245820207,2.9532648737195117,5.5347735698003415,2.805075776227636,2.4485133374239907,13.03102637129584,14.719496923249022,11.685585630982954,16.060909681912854,13.719240172492098,8.023988469563882,12.083362879210144,17.490411988103943,6.816707653459204,7.291171169049596
1.468612599911747,17.295160262881012,4.687694892237288,15.195094126063294,20.71721377283832,13.955123016459119,9.349503775636695,2.7331241268242645,19.105250146278106,9.620322481024743,18.070524717202222,4.476349641561795,0.7398286924795394,5.99857881338359,13.920432441007172,18.828517155619974,5.673281889450905,6.067328775284711,9.389008304036048,2.944000891714838,6.579573726073443,5.4773869712920265
14.486801923976627,14.18930975197873,9.067105024751664,11.82806940580575,9.336345091748115,20.557814964909408,6.20097548565193,21.267380739001776,10.0563839153482,-1.1622449427039612,11.270155002322163,6.224794453895484,10.341567195546979,12.028759352594694,10.859727454854736,16.268813323364125,10.974292389008646,11.812704940135646,2.1494667722266043,14.28298388297865,21.365570489645666,5.698533177857099
12.292488055483743,10.84677434895541,5.727178342555849,0.14985149905654702,3.6728370076090093,20.236485926084097,15.116369318330834,5.115864710221978,3.8100326776588855,14.972132435611808,10.868435061780238,2.025777147162371,14.50006658233776,-0.20742000154206033,6.498967599159505,6.431310860135446,8.131970972225291,-0.023194456679479426,18.82271876861618,7.530904463646726,2.4527626622641914,6.9665143295494305
20.766426810618928,0.4525153212205555,18.131773475550236,1.681940955930674,16.32746616730512,11.867387976547507,7.850841141580394,9.631000923301277,1.16686182219071,3.2252419818814766,7.781675479240488,14.618337582805466,13.971500158360039,11.702601563963048,10.914763262141697,7.667234451760195,4.709522070316594,4.023391566174418,6.103759891804683,11.377501091076194,6.124419201627621,-0.518056936758169
12.381451683947859,9.582041276986052,11.120043665035784,3.598033307623896,11.742577570124583,19.750896900148607,6.312371591863694,8.254692601891769,11.672878036749326,17.203516118477935,-0.6953576350453644,14.407573244595813,5.760398318937541,4.045693753698456,13.361744032765719,19.691193983668306,10.370634153807284,8.601144666568267,16.25530284833319,6.258826531640924,-0.37322752460745556,4.474668756731655
20.283775372963998,21.48531147654332,10.169881556274206,6.8883236252317515,18.332064617794636,18.611615794349404,5.623733066357154,23.060156759361753,12.38215190865406,1.1935950985389596,2.2022012734263274,2.0996588950818666,3.2286096072110038,6.532216971743788,6.053012429385908,3.0664736750887176,10.409059750475564,5.969475060152895,11.782456048397114,0.2095111783398653,10.245350503718674,4.623890864870543
