script/wind150m.json
{"header": {"parameterCategory": 2, "parameterNumber": 3, "lo1": 6.000198445256149, "la1": 58.999992894266676, "dx": 0.5, "dy": 0.25, "nx": 22, "ny": 24, "refTime": "2024-02-08T07:00:00.000Z"}, "data":
[rows 0 to 23 of 24, columns 0 to 21 of 22]
-1.6575203744389804,-4.5444928429049005,-3.2711541599526646,-0.9948624872840428,0.5130508529482687,-3.6219573875138535,0.47614081940167174,1.066985497758086,-1.7388575566954059,-3.1134203295775578,1.8104145426874605,-2.8994841214884484,0.2693134860565938,4.528965438487422,0.05069977150808309,-2.885775435393872,5.697664140886722,-0.9943097210981467,1.642434716688784,-4.293842663719227,-4.965506187492738,10.717781541554318
5.935352655293242,-1.678087103503968,-5.961310576403091,6.250834124691951,-1.9492967124924683,-0.7828712745503054,3.9928697237212645,-1.5611262895440958,1.6904450798680628,5.8177843248396615,0.5426530538575693,-2.0317208828778033,-2.6801287704983516,-2.733462518944894,4.402018603176356,-1.5795657201423101,0.18482279157631798,0.1301941014714077,1.535749934328902,-2.406509009061807,4.459440450333036,4.0447370320714455
-6.02421652017906,1.3087897437563352,5.524461045219246,-0.2933015622901837,-2.1420311119897333,5.459396620052666,1.0448820002769998,2.6714215682082,-5.2681872876495515,0.8564367599908252,-0.7844121533276925,-1.9246070973329152,1.1445124560457587,3.99348554545699,-1.5780309385460323,1.9154311474051393,-0.08005625528301999,-1.6007953842694702,1.472014908571558,-1.505882921950933,5.784553162381936,-0.2758804852571676
1.912228148749914,-1.6981113256495601,-0.8358339066067229,-0.5908296720232074,-1.6600735899833277,0.2835860010387999,-0.15164402586470127,4.292967640725203,-1.8281617837812631,5.135840643878322,5.179989446914892,8.926750406937774,5.729030985603442,1.3727378067388947,1.4577049220056488,-0.3796680529307266,1.8575014505233713,0.6569304882959897,-3.6351076164648246,3.1061487552552984,-2.3432569616150305,0.8047493169448037
-1.755353858314913,5.256852305713059,1.6136114723098522,-2.43834363300864,5.357876409596334,1.0452835225879216,-1.7634004471045361,-1.3382831064520697,4.82584797498019,-4.806195120372338,-3.9380133542396645,-1.0411393779054756,-2.4960247006721326,5.635865530212243,3.2506362056132274,5.687566430988421,-1.3858022313419398,-2.776582848723359,-3.0356657659662503,2.8676563226174814,-1.955100389679264,1.298042226337475
-2.9320669371285413,1.0786418765104993,7.538447846388167,2.266354639543211,-3.3354903680804027,-1.9138545174175412,-2.8132073136019424,-1.5255237642409585,1.2034719179260984,-1.199623132636102,-0.7091630410205969,-1.5060477656223352,-1.210998646931426,10.412128435151574,-0.9551857964758868,12.029098627780394,11.249083068758537,-1.9655991397272472,4.6738178943558095,2.9110803189645393,1.1671264854270782,2.011671652724377
0.5610123580230979,-3.930320165012965,1.302797972991478,2.1880216281524496,0.4310951606225581,5.928688359471021,-2.066567976493229,-2.1322687013113515,-4.6942258541320845,1.4626803152127477,3.5345370881772693,-4.864828090849449,-2.339151681863084,4.806247709831715,-4.632649115259164,-3.3780442444741388,-0.110010583357315,-3.529038992543637,5.696604182614003,-2.4686393432366027,4.5845039998716235,-0.9883657741611369
3.841736777922709,11.724316968562954,0.3332544031319345,-1.554252942878661,7.418045446610028,-2.4307387874174853,7.361333723095002,-6.03645306691487,-3.593032192803784,0.014006968128042297,-4.021143366982295,-1.9912480447059797,0.8363902540378141,-0.5924178619408651,-4.497535331979337,-2.02588216365773,-1.595663892125379,0.04834451592400219,6.291511076830285,-2.5414538359118404,-1.9852994014495826,-3.322533765755251
-1.8012430824266499,1.1297425004251802,-0.3947466249691006,2.3811028064572466,0.18580086874605026,-2.0330286984550465,-1.0824372334372807,-6.832808360119013,-2.1672774332059483,-3.2364165040536768,2.251615287017959,-5.278941639894277,1.7622992397414103,-1.775402172976262,1.9855886225229935,-4.2383525965540345,-2.8656664444439146,-6.149226651481823,-2.601603017761038,-1.103324163884127,-1.1276083105969115,0.7930877021563099
3.408439169586634,0.731913932557314,4.594858634994761,3.045546061515414,-1.8191798583428307,3.4687793858404476,-3.050367785806924,13.322965551936875,3.2018302887523347,10.560980795669556,-5.9029913127241915,-2.7782906275593753,2.183757774332413,-0.16594024642975788,-1.983346765696109,3.9375479359795276,-0.44230994346077,-1.57546543565313,1.990490554185352,2.800419578802194,0.16775786670810575,-2.222790748284501
6.150167522547427,6.310431874474685,-0.5940178585285615,-6.133852127571888,0.2863404883080893,0.5711892583143016,6.456333858919737,0.8237792640719375,-4.232333323322274,7.617754716057694,-0.11570801576919293,-3.942332726235256,-2.15307390967651,-2.004365105495638,-4.699423797883921,0.9945588224389857,-1.52116290904985,2.215928318853223,-1.6426403120005215,-4.192730512608863,-2.489659568883462,-3.491971890431405
0.04175953854906078,-4.663075897126791,-1.605426506509533,-0.37069007718725205,6.127832175792235,-1.859387194084048,-1.4618393691854572,5.6963577008696245,-2.923835560495493,-5.11584400353078,0.7621351407327642,2.3022833797160818,0.8246303799836169,-0.15891231735764427,-2.733549610662049,2.7313717059426867,-0.1381124543203941,11.577880097805247,-3.6785289291072587,-3.5971028747415237,-4.25620738030265,-1.536574643875333
2.099249304175347,6.108520040326099,-2.123408441745061,-3.49047916391305,3.8716005279047705,-4.160099903491239,-0.3956189876809645,1.7228184674412772,-0.01623676827718636,-5.837273384113267,11.768457897273455,1.531720017948684,-2.0278206733198756,-1.8120456595860248,2.3979438546740894,-2.3464080015472657,-2.388119160777084,-3.446755144743713,-3.460431948669987,-2.553646249521582,6.325933918665283,0.14147343173294094
-2.328859574369967,-4.931080664200573,1.061172500571472,-0.77847342464693,1.106981344886325,-2.71985143511371,-1.8398065723315047,1.0842641754668727,-1.876520497521703,-4.302536071623843,2.8920222654226535,4.151171465379749,-0.37588376887013075,0.5303268394429184,-4.463332275766258,7.532682590721632,-0.8134567092324825,2.8354911478455835,-3.0716183460428628,-1.8107798119895977,-2.017878658387109,5.964935003048377
6.977731807322127,0.2937924185827309,-2.2486257252544553,13.705380552572857,3.901194520571199,-2.2752697987464128,-3.4011573533738857,-0.6554457984737656,4.5567949228761035,13.575010321766515,-6.0770436322039805,-5.894940020397681,-1.9866864047393749,-2.994210240064887,2.0223934921376183,9.44492396139424,-0.21436440113899555,7.466645995041149,5.661089251493999,-1.4529326782307046,-2.828787640506955,9.159519004835383
-1.0163310587275558,-2.753348320882368,-1.1411678355822041,-4.122350380857079,0.1969242754460821,4.156967739948217,-0.16795026472121463,-2.393084160782916,0.29198315846658374,-1.968597329659403,-1.9332233891646797,1.1939663779949994,-2.0679895669628565,-0.6075833932319255,-0.6813484409080364,5.43988371009451,1.7805159685540144,-2.2863531227567058,8.577698840884128,2.8821352290239304,-2.7145919011391633,2.3550572400686263
-1.5728815224341517,1.2517621894528987,-0.25684657885614165,-2.1721136351274857,3.472586430935291,-1.7391097362484778,-0.5167033249060188,-2.9881692111378717,-0.41285300152225546,5.580576717557243,-0.41439670617682156,-2.8723096176298166,8.056924448580496,4.727191809970112,7.274710990293947,2.1606704915841854,4.6696774409275985,1.2549808054189617,-3.0302409716201413,-6.950685660704883,1.857181034731553,-2.784880086820645
-1.9723232522765388,2.4408190940811005,-3.69688396187929,5.159735081648701,-0.8826656419953539,4.841743603882444,1.3238511883683208,-2.2187789325059315,-1.6158698303540517,-4.92491141646175,-4.146958375448185,-3.0636144349611403,-4.724998856223795,2.1278171896975095,0.1657201448031919,0.7304246838275691,-1.0385516106949457,-2.4289397861788475,9.537474260733875,-2.7938403475117073,-2.424831046502587,-4.3393705764124695
5.404159761472903,0.23761353086819892,5.7364237190755265,0.2554936136551247,0.5606274931061274,-1.1495538018549751,-3.099097661398609,2.6888879215692976,-7.074918183401484,-5.224480944934813,-2.6348783979584747,-0.19339884312288363,2.0704337410349933,-1.7678338907337283,0.018804929099376914,2.7153269311625676,-2.1115034310937664,-0.9753863326745951,-1.2042774723844498,4.934768007259679,-2.20522201031798,-3.3776168600906535
-2.0628271065830517,-1.5552681302451041,0.8385703984639985,-2.458436052463499,-3.9532958137958123,-3.9778344512973356,-0.017719566769120385,5.350409644988919,10.146673764786442,9.728265294609077,8.545849662210255,-1.9954344605227756,3.812045943843926,0.8116952204950544,0.5095840693800343,0.97529834236179,0.23066928851633298,-2.2600261722463006,7.754308207626268,-2.628873660263588,-0.7465118800406922,-4.730795991871972
1.4138758094041357,-1.5295416623860874,-2.0233027696038146,8.610804534456962,1.2909097842347466,-1.3664209705657004,-1.9624076507336727,-4.516501401232574,-2.0229171779162716,-2.6651846053056256,2.2359097538012596,3.9373542148753455,-0.3754215079232855,-5.3884892505532695,1.1218773650562641,-5.260104967998786,-5.696576581142326,6.238509137182736,-2.37853476361678,-0.8231703721737671,8.346255995396817,-2.350853490384042
-1.831465042836008,6.7921086969770545,0.8690206178226065,1.9932730107678418,6.307411382191982,-1.415351872530619,-2.4488711312089593,6.010063929238067,-5.60858473294595,0.30766415876071573,-0.8308344792296363,-1.5729001048995748,2.30279833319554,4.004745070002475,-5.809103168614436,-3.128225760808167,-2.9834400077335745,-2.548181650953493,-1.403814659377163,0.8777849147020548,-3.2214020181384395,6.155879094647678
0.5415609671145458,6.501070774027384,-1.4788757584394792,1.288829706094483,-5.521633683892446,-2.2014708052729395,1.4234613543778865,1.6060195879104475,5.59806609983819,-5.512251951623023,0.14478608333307996,-3.610115978438622,-3.934449245447907,0.6152955094764329,-3.681853817866838,2.3918491960532284,-2.342146562020892,1.3851033819368697,-2.97786897111587,-1.9606968975649737,0.2758371877488981,-3.172384069646305
-0.43853801682557797,-1.110569830805516,3.948801235947707,-2.630426824285344,-5.270063041048901,-5.81415616195704,-0.9907522995434701,-2.0898047695436843,-1.0067142071945774,3.4562521830747617,5.579692956667052,1.0032554615855875,-6.718084047043919,-1.3801822638367245,-0.058456627296839,-1.878827115881199,4.130219602210826,-0.7935735956681608,-1.7880073426208645,5.390480300040909,-2.9752090504283273,-3.4626285622049817
