script/wind50m.json
{"header": {"parameterCategory": 2, "parameterNumber": 2, "lo1": 6.000198445256149, "la1": 58.999992894266676, "dx": 0.5, "dy": 0.25, "nx": 22, "ny": 24, "refTime": "2024-04-23T01:00:00.000Z"}, "data":
[rows 0 to 23 of 24, columns 0 to 21 of 22]
1.1797688870525167,2.3543001330739415,3.5242394394874346,-0.3453166477526858,1.863348410726473,1.7046301398620378,2.835713130624012,7.489854561080988,3.550802359150518,3.4347908240963547,3.9680928588194124,2.8829733499909196,2.5743139750941193,4.080837269667841,3.016716092639813,6.56078055088416,6.044211728574192,2.1334436154830554,7.715359935427031,9.282016483431358,5.0363725934596,4.0176539377436695
1.1211701918607222,-1.3738908900841311,3.573065668954365,-2.2865357074129666,1.928595783824327,2.920320421464865,4.120128238764764,4.189948066417016,4.137727504809052,2.6178553627195265,3.6365196168797826,4.000201005636284,4.217475733469396,4.108307861084898,2.9507625263344166,6.271370080473959,6.4371961929241275,5.466988473005176,2.579144549366014,1.241169939451313,1.4914671336605962,4.14097143218197
0.2974351998872695,-1.0865797056725912,3.7801283245864785,-0.17208203755151877,0.6703675001799866,4.78464834146212,0.5457903039814522,6.441872446608147,3.548767346947846,3.517251907985712,6.234533870358,3.236775959845258,4.231805229091301,6.578476971799154,4.510366946273034,2.6308749532994242,5.859619536423816,2.2897493765581816,3.9682674281921475,4.844243394221181,5.488964485739276,1.264404838267493
1.6386076231489002,1.8611786016075005,4.762356694372632,-0.023890655703782057,3.1104619121350265,4.260061904774827,0.76297627505961,5.178322754516109,3.0932541327059235,5.034332419957598,5.8756652080017195,4.18525711328551,6.315796460776008,1.3657602766957526,4.364506168133124,2.6025614066172658,7.648372628271437,2.9048834640363164,6.560660460765398,9.504038508898205,5.707325040204419,4.767750335070203
0.29515754411908346,1.497944630508462,4.369159112181822,1.407163912904321,2.2537116531557815,2.7759648523643037,1.8018603121578962,2.363372089229103,3.2374039057436477,0.7292646693526986,3.7048316585403853,5.701271057278292,-1.806112869660847,4.292004462062001,5.326343804579126,3.7128096889445343,7.508436488721991,3.809953159374655,11.521844508568527,3.1734749673921834,5.785589010100715,4.534043302633064
-0.13500450967028785,2.178130169082932,4.307087563054619,2.3591318392098706,2.658357417499362,2.038299727701066,0.8374398153164234,7.251697214067983,3.8818720648577756,1.848881441051567,4.126463754263146,3.4368185974598418,3.673129827721294,5.103225411604286,4.293531344570251,3.951602308141393,3.9810639059982513,4.044070241353401,4.747266209603506,5.159543005702463,4.97399950148819,3.3874404179197795
0.8117197453947291,-0.5360461959833253,4.024915461621804,1.6628400981213376,1.9156589655763414,5.174989400825044,3.848765283203432,3.8038195094385068,3.601073161593281,3.7309846548599404,6.914476791996864,5.390639765490893,5.959572977429424,4.465377221851205,3.1402659078088346,5.398775024807381,3.3165994967832657,10.063068717480238,4.212398756035315,8.132642239680367,2.165748589004019,2.953766407681518
-0.3489928964964784,1.2665683363618483,3.434186868484971,1.0253296769454108,1.4264167803057763,2.718244818631654,2.736065632874076,2.260946693778481,3.274062402187616,4.566146382580305,6.456819513388511,2.7407624695040287,4.213202882929844,2.3968845368362794,4.523045401794169,2.320192648891351,2.6882468402702826,6.745466829301459,4.395526703151269,2.815061290965254,1.5512702972992372,1.4649282337893281
-0.5674482402397214,1.3982547917145076,3.5740502762914117,4.791324299338152,2.4065858379284903,2.880298236169537,0.708672485105177,6.364787733720797,3.6340899509524545,8.234972877254979,4.79937972465914,4.222542788783483,3.9968806140032096,6.571601187252965,6.391461971366989,2.4233023553437043,2.9948601898125293,5.94305635120473,8.81383580262171,3.568076313128664,7.74054416190272,2.3410196156078893
0.19739406488208555,-0.044493970927883646,2.680727912596171,3.4195115333291706,3.9250547104495923,3.003085163775168,3.440328363999136,3.190201364739221,6.336229088356444,3.8736382847232833,4.126471695181727,2.726328180147515,2.9237529364176815,6.623502984021301,1.037376365844398,3.6440829268271586,3.0659474910542643,3.4491662776473477,6.961221851945244,5.9737796663682605,2.553654041057622,1.186986109994622
1.3427721776618324,2.05360601893417,2.0123963157823144,0.05782135884157413,2.5236907407116695,5.115902585646703,3.9927012738722474,5.726379884927369,3.6147358493825115,4.970517894629096,5.419113659192642,4.5572780769395305,4.476454225101594,0.822668253667052,2.202778506311399,1.2176035758773236,4.051743234213673,2.8755757102196235,2.852208657970833,6.451970151561895,3.4876303769651313,3.1930657315038076
-0.0422086363636879,3.73514807793809,1.6699718574316318,-1.092053798248731,1.2725472143022805,0.8248752349413456,0.3456994035717428,1.7777900810534353,5.8606109774442965,3.0831214648078085,5.48753472661807,4.137231430337656,4.672590613849717,4.524325092621667,0.24775573386103675,6.191589186808103,4.087346788767356,3.1370891150259514,5.78346825626219,1.3502521571350117,3.2616413536799924,2.899429417856689
-0.0018295115962939262,3.439814884499056,0.2691769419746036,-1.2361724585819798,1.5331630918017747,2.4856930691486165,1.3911309067720083,1.8541481678553657,2.890017423681178,6.154116597735158,4.1644936548439855,2.847110816144939,2.6666525643565606,5.233782136701291,2.3460451229663395,6.260038443862161,5.122167922090089,10.020183717477588,3.9286902984937533,5.92096599326806,3.7417516320091804,2.8871582903104054
0.35080447821751076,3.11497796759158,-1.1628854466029634,0.03007068394574987,0.5422475257381392,1.4862901851466332,3.182893262269942,0.9013408465468029,5.395278552793868,0.825848607027547,5.146927048197353,4.7022603872320134,3.1051514375693627,5.232010695184219,2.9478120485127426,3.472682848332584,3.1561978113707934,9.307181758975732,8.70284280616467,9.46880441357755,5.998493842048892,4.392036589549534
0.9277865202075247,2.063621954271409,-2.301722114040685,2.456783676039645,3.400492120618539,5.124978995321864,0.004786860487671041,2.5146195849555437,3.3496933250764434,2.0446567038580703,5.040992156504658,2.924452431696391,3.3924464658935665,3.954751674429569,3.1997351698285943,2.997202619160002,5.961187736157202,5.183087167684287,2.005023897307261,5.081293770616226,2.148930912657459,4.203798153260356
-0.3895518511888942,2.49176468267727,-3.0771134625001704,1.4104534495748493,1.4689342612785918,1.662540531837507,1.8854564659379212,6.231942959224325,5.058784819747864,4.495862384183836,4.946381001791309,3.733582532930528,5.474430253892339,3.6776032351396672,2.653238635609314,6.647957667459729,7.830132919958091,3.6370010264117028,3.537579827693841,5.668498318522706,3.2523873167262884,1.0923036551380265
1.06220653677346,1.3998840905700352,-2.2549928900356253,2.7174922512135424,1.0147510479251107,2.0090194509925414,4.998665860366025,3.795594344257404,3.8694071548109936,4.466838673296687,3.4052855587090294,2.602846214814845,2.9623088577683383,7.684106546935853,4.587466588959307,6.2639686837888044,6.807511791114089,0.9128275750108321,3.54858589688101,7.1082669788153146,2.656006033535368,4.081344976967894
0.5071027990669694,2.2131083297898493,-2.36327274954218,4.071775889998827,1.7272442239167394,3.8911415459106826,1.6905515942129559,4.7997811320840675,4.39075831683446,6.677902706456597,4.238617864501543,4.641214492862126,3.3552946152180967,6.866432943087623,4.324443236857706,2.974335812717948,6.539008051656677,3.229414083809101,9.788890481893175,1.8561872144624314,5.906245932604074,1.3517208567731576
0.030568755632571703,3.3251775716146206,2.005610460532434,0.21534001363327396,2.427384931896295,1.8827054169818682,0.5357355826760323,4.311078797503144,2.932235750705863,1.2226139114360164,3.989072536588393,3.4159943862225175,0.6445847972531716,3.4459650142425584,6.014034447165697,4.578671890944045,2.993323949771217,10.689669503316948,2.457115935572765,5.120357398720345,5.044946874809835,3.5263939971789116
0.6429986630854129,3.954601783062767,1.7041960688935216,-1.5915298467478072,3.809612257016078,2.70954847828868,4.203019708021407,2.84292632050218,2.5642934759344134,2.5647078884893433,3.5560162760891023,3.074554254464215,2.544046442960574,5.024674093948333,5.835688768109023,4.255148661864032,1.8545663023276553,7.4597731403925565,4.663727525935413,9.176040326163093,3.7589201718920187,2.094018432007556
0.6711244081870682,3.5458559554159814,1.5962190590424747,-0.3003767186190191,1.813463914765455,1.9700384420845225,0.2348529478778272,5.924011489787493,3.6365615685620507,4.166204042538441,4.7769760267761825,5.445986310495313,4.977671206907135,5.486498527084522,4.336943243055507,3.9045077609422587,4.123304969480155,2.4986259311281693,9.200861544422851,3.9115532869422647,3.5550723725528166,4.2210679515650344
0.17146787942539823,3.41937148932278,0.06110968035252288,-0.5670280367325735,1.6702400606982089,4.510013127481158,0.2229391898236772,2.623846851214801,6.853198541694071,2.972672472718238,4.439170481415829,2.845650050946529,2.369447236665823,5.1500970766814635,4.143646603233657,6.087766732522799,4.07320086370858,3.2174022908750413,9.992334722715713,5.552223171780096,6.193958830723663,0.5649763660837485
0.5940916147130161,3.406161655481233,3.251642776839802,1.2983827032159745,-2.4649228848175717,3.2486981225762097,4.921938797713721,4.204605023467367,2.4590641515469245,4.3144542188196295,2.787614427539761,4.698962562492436,4.856359106179655,4.113766459784934,4.453119098030638,5.989755356083788,4.316148859520287,4.3308016747836575,2.111174788918842,10.617646159816921,5.870768569167792,5.810960369051453
1.0305396405803147,3.0719563976064683,2.7070421360516637,1.11296815349586,3.88862430608516,1.5306776594366993,5.254763628509962,4.031066187456355,5.354470499622646,4.479180451327822,6.497526333276042,3.6969718904962345,3.1871544432427106,7.54317089060153,4.232761141605702,7.347615424858248,3.952629277954131,3.1321998156678754,3.332701313185316,1.3096045362788467,8.109904471755396,4.2989223777127785
