script/wind10m.json
{"header": {"parameterCategory": 2, "parameterNumber": 2, "lo1": 3.000054539987559, "la1": 64.9999836372058, "dx": 0.5, "dy": 0.25, "nx": 34, "ny": 52, "refTime": "2026-02-07T18:00:00.000Z"}, "data":
[rows 0 to 23 of 52, columns 0 to 33 of 34]
0.2172016247566321,-0.07778262787429324,-0.6075013573205701,-1.9703140631048146,-3.265139862910625,-4.230454273884574,-4.317816071452045,-5.991306666557477,-6.8298617437017715,-7.159646354977543,-7.586410246394699,-8.362882535710279,-9.06870146836762,-9.314330916506526,-9.190148934312813,-7.8312958376299315,-4.7852785828752396,-7.710110471544057,-3.944760420363155,-10.307577071137493,-3.213209222361484,2.03292091570981,-3.5150059651361087,-4.859425028755917,0.5292417968350226,-0.29959934304612695,0.10583682518979619,-1.4341623809678548,0.45272320944731126,-0.3271040032830876,0.28766612166578903,-0.06489405570236849,-0.7426146017598853,0.8267172160511361
2.3430895040017057,0.7013730421213643,-0.29437394898654906,-1.5053535867162207,-2.3695296012886136,-3.55365038652417,-3.522707149294839,-3.992187298520044,-6.347902134893969,-7.481008333076334,-7.391904879416868,-8.083909579982652,-9.086295951063352,-9.357099706768288,-9.554135891191205,-9.498076874925525,-6.703369737230474,-3.821810592707251,-10.43169801271031,-5.677397299104717,-4.777578575209834,-3.7313478516025023,-0.7274972378281116,-3.7172803574023146,1.0292371428384595,0.5271638645659447,0.9046098090520096,0.3818948322657464,-0.2248013393071639,-0.9165954136315111,0.6154087056912639,0.1384603636974544,-0.17786163753553186,0.040680265027360184
1.692870774471487,2.5985020458397403,0.8925548585584262,-0.09329028570811658,-0.9077702012736004,-2.7567694187112144,-3.153987430702103,-3.738515621186895,-4.74707812247273,-6.894698880955674,-7.464505070763866,-7.8280563998480215,-8.745674420973176,-8.491638125851525,-8.228930471203208,-8.84276912639255,-5.845553060952645,-3.211077658577034,-4.80744786800007,-4.0457551867268124,-5.951531804719534,0.3174454284897327,-4.448912105601709,-0.4300890937321862,-2.541927481163512,0.8541381007120021,-0.4253141653721796,1.569001649072745,0.5587094328976709,-1.0074284976155194,0.38301909684432894,-0.21501251460068285,1.1762032903976636,-0.016095146401676728
1.2025118079466084,2.5009822480711117,2.5554159161004923,1.2879731857260899,-0.6942756193233154,-1.3843275086863183,-2.6324619100221973,-3.1017494277894975,-3.416356995219034,-4.550664282442692,-7.762329013064788,-8.171844335032318,-8.995448599307734,-8.622024001635202,-6.502406696083613,-7.68199634769671,-3.2978934687484487,-3.617591904399565,-9.326576492888561,-0.41581653105066807,-7.55742086221667,-4.5348335798703285,-5.189594667184071,0.15182271811337833,-0.4398605860233177,-0.06177614279351636,0.4638071286134876,-0.8517880640997394,-1.372976779877728,-0.3306569178332441,-0.8125723355556635,-0.8240852079189175,0.1847904468136135,0.010689276938664708
1.063722019998977,2.2291060440527093,2.762275101994917,1.726507747663465,0.8719480140155923,-0.4207974624916309,-0.6733963103061819,-1.7987603158938208,-2.1568286376610524,-3.7125282410698586,-6.551927811294031,-8.70563537792021,-8.409925196769521,-9.530615993084213,-7.217798557207685,-7.788985634525069,-4.126735483166004,-2.6599061163806605,-4.171813222770137,-6.309627543766725,-7.595263374957862,-5.088740855033933,-1.011314049529561,-2.0357451094498624,0.3280036309896707,-1.7013106226689538,-1.654030675429777,-0.49733424337245097,-1.4252478581214763,0.3134598619016668,0.51106809352668,-2.266439464062924,-0.6745513371599166,0.6144480067979041
0.6949095827881835,0.3431155372322805,1.215231165995597,1.8204800707710331,1.6844249027956584,1.579349697441951,0.5951457164210849,-0.24489061495678202,-1.0601623252604018,-2.3434947525759475,-5.797973889531822,-6.500669175912114,-8.922448220505155,-9.200750394696483,-5.129665285656683,-2.841526495017753,-1.5778555754840236,-4.319203093750639,-8.59556795110793,-8.725898266908606,-0.8972921053836095,-3.706482658054844,0.36967322822763515,0.6471755587349008,0.018452776457089263,0.29398532926870463,0.42622127329285536,0.5873151101397043,-0.28707341334623476,-1.2286826209754578,-2.27746053375237,0.8049151129991159,0.9289664811772725,0.0505869895858313
-0.2399545536600107,0.06864835988372855,0.19598439629383602,1.2388240463461753,1.66229543811386,1.5495810482466774,0.778550677343325,0.27482018117634666,-0.9943293655309827,-1.6397804010248438,-2.9480325858226597,-3.112476961356626,-3.8756723194728933,-4.966892838400032,-7.314379483302632,-5.856075838660988,0.7186610749400291,-7.180989599476656,-8.36631512961685,-3.5319975547223903,-0.47845621911247327,0.33928714155941103,-1.8800681984014507,-1.9827450646255222,-2.0351956220007756,-0.3542426963633041,0.5262695096828821,0.6749436937526773,-0.45112586954547584,-1.7386180771493212,0.3026705684232162,-1.2643129243825832,-0.8448074125472692,-0.2238348590920829
-0.4336591147777135,0.3776820882042706,-0.39664790159239993,0.14930864057984986,1.1576540443812355,1.2073738139116426,0.9662326840051126,0.05842784235240571,-0.7100292429500151,-1.805132742238506,-3.3255460155462764,-1.8483199805229447,0.999672649070522,-2.0354488753579147,-2.5029759601620816,-2.1022390441186087,-0.02515405358453256,-1.4057043565174014,-1.473109152221486,1.1886734104419692,-2.938671102838925,-0.36606425885446825,-1.4804620234155101,-0.4675711302201126,0.7452912225393126,0.09227587341856071,0.6071042225288672,0.7385181333272629,1.0125648405927914,0.7768377592670175,-1.0836118914734865,0.6598886434154398,-1.2453794451499063,-5.311513687474435
-0.9348692780717858,-1.2200253636930192,-0.5316393551587215,-0.5335743764095908,-0.5316411728139846,-0.017402788317877647,-0.2524741069978579,-0.34731854913656907,-0.6382475780130994,0.39928663071938303,-1.5900523888714395,-2.155012173060696,-3.0435354066929,-7.077560728253267,-4.323199339572395,-3.291579303762849,-6.350929195073011,-2.5432014551204745,-6.808964958526067,-5.9786269316995595,-2.6277202447151544,1.2009943721719432,0.950974180353306,-1.8066137858592322,-1.1912841441919892,-1.325249952020112,0.9319792868387767,1.5239224061093872,0.06787014934157454,1.291446425080284,-0.09771527707552641,-2.270399491567481,-4.982817657607795,-6.251379584153288
-1.3636289265192556,-1.4421192578660966,-0.8152153338272982,-0.22683480804735723,-0.5447712977696275,-0.955130673518887,-1.1876113848652532,-0.9230128702520916,-2.604984696647819,-1.067180701687379,-0.27343083882691577,-0.442430225450412,-4.121104125318179,1.5736876809802194,-3.8687408692273686,-4.0207459127345135,-1.6981964716731737,-6.655160326352834,-6.863990744107028,-2.3546687050266017,-0.7208451566775529,0.2405619147211765,-0.17445285075658631,-0.4498654750420714,0.704343452588904,-0.9620838607704579,0.1473952954596506,-1.0339374891307955,-0.531783242794263,-0.5901234459725446,0.8489846778039594,-5.906234868239423,-6.237306596305508,-6.524872049566799
-1.573370188629293,-0.874424995491203,-0.23398155494001938,-0.005100246442028451,-0.6664521979679517,-1.3378720329172573,-1.0541680845950798,-0.03914086198134815,0.4131658933464633,1.7430362081897945,0.32033761015899526,-2.6668499455347203,-0.03825853908377868,7.1984409130834575,1.8918288860944452,-5.174562027877264,2.1639987182178415,-1.218686883485278,-9.730283095636182,-0.6224904369617555,0.08918205650117525,0.5468007388859774,-1.8344507776880248,0.055491090970941376,-1.6814764416915629,1.2203474860557622,1.2703819912210226,-0.9913992727088842,1.0459237237904218,-0.5679517346504916,-2.197356389706859,-5.639414917025811,-6.836383821819815,-6.8896131869008705
-0.7326168708848229,-0.16251771585767885,0.8720999241537103,-0.3375438047491528,-1.220807629632925,-1.2411312987955494,-1.4732399691119467,-2.7689246427011383,0.4685599126284023,-9.14763073328395,-3.601507376649215,-4.089444972035565,-4.74972292858747,2.014696647168145,0.41177176470075527,-1.7281079268023085,-5.595499158723564,-4.674655706668397,-5.423361949889872,-3.1423043456063673,-2.6638264836701535,-2.055501780476491,0.6874349125931176,0.388831181605609,-0.7725130760243997,-0.17918189616601393,0.7722358651347894,0.46861115069895415,0.5409360666267277,-1.2948157686450386,-5.439873790370406,-6.518056942631102,-7.08943062714695,-7.440114877776464
-0.7653366521541157,0.03204107945274888,1.351967852976461,-0.4264676654767045,-1.6211557963298553,-0.3579039960262155,1.9567765439324951,-0.08053868842355028,-4.278917504442574,-4.465558848376824,-5.769552628505319,-6.32906000037399,-0.5064955574004498,-1.5540656986673886,-1.1019944194792375,0.4589093495900182,-2.016329765734305,0.9726536648680982,-2.384858386105614,-0.5611078370973784,-0.9550449564756428,0.04630323346081703,-2.0281804987183287,-0.8601249390440819,0.12910109728286429,0.6652704250273822,0.15044372708459075,-0.7969020265643657,-0.03812710938456,-0.35203240456280904,-5.720357046229067,-6.7482116412047795,-7.4725471833837025,-7.446648733556738
-1.5887427013750683,-0.4629761251220274,1.433098685465337,-0.3148314325834028,0.6734045182803928,-0.06106103730175564,0.25982473432917536,-0.4591312382564935,-7.714458021619158,-6.132469876631749,-3.0577957735065504,1.892019844979155,-2.5730260476334665,-0.44569814577441647,-3.218008323918322,-0.5405754708327861,-0.8842150673379818,-2.1839910918747654,-5.864697886251113,-0.02166418823983218,-0.1784116406998899,-4.053646335284005,-0.06980678692410797,-0.5505522049656423,0.6006699812833478,0.669198041500959,1.6829828000721156,0.586816246150246,0.17232345940592417,-5.189830151226154,-6.357376708647498,-7.072974439255529,-7.543239878717065,-7.472360141089426
-1.9035463388372706,-1.1802817082537629,0.7145355789340706,-2.419447576254175,-2.6957661710256957,-4.1864802629900035,-1.0136855621134444,-5.999788382237433,-2.946717082629683,-2.6463089408101697,-3.0535431298663434,-3.446984194383596,-0.375362479850851,-0.12635294199941352,-1.6679714473345992,-1.3750294150110183,1.1665276292602187,-0.24774565903299836,-1.0200064157449769,0.11515758358263083,1.2857267851869107,-0.08831974261173854,-0.984504723960604,0.12370935942873147,0.11844483702214953,-0.8896735354421736,0.9989530952185575,1.1452487206370994,0.020464270497787884,-5.752093413607543,-6.717646384309486,-7.054059298346725,-7.046485142098246,-6.980011368205651
-2.5003229668282554,-1.4407856405127664,0.39041022502213973,-1.9056382387693604,-2.0539790794215724,-2.263898027712503,-6.9134175211085065,1.8626344206061733,-0.39055954533241755,-3.626728298826254,-4.410071753073454,-3.9560924703079396,-2.4215887732540287,0.055004901730893924,0.43920233126750996,-1.6178075661969176,0.3621366133234977,-1.8587483623075143,0.11262867659260471,0.25395309270648897,0.7455389481900645,0.518014646724136,0.733632920230785,0.8794214548838384,-0.5618596865055002,-0.1147622341514564,-0.2829330854088404,1.6792608334718975,0.5526566960400834,-5.454732907893877,-6.184814645134249,-6.233643387803803,-6.3866393630825185,-6.301808993400974
-3.705848581908364,-1.9988725530867466,-1.0934627188581387,-1.6826923320064613,-1.3697828007678658,-3.138477209409146,-7.350644505693241,-1.9379136911165917,1.9453233509979677,-5.5015172468978335,-4.123840707641165,-0.10952697458340913,0.4626369491791946,1.2004394635868305,0.3367546275285303,0.19963867479946387,-0.504473203867223,-1.062404155063022,-0.1707111496189472,-0.78869169081199,-2.507911126335521,0.05695884232999906,-0.6461820235357412,0.8636951688304554,-0.6000170239351934,-1.009198155810679,-1.246520998112131,-0.34685940600451737,0.41957617086741544,-5.0230426401023935,-5.77019100782606,-5.968884532639532,-6.717656728095594,-6.725033730204956
-3.2809201407674187,-3.11685436060617,-2.810871213496921,-2.6306170666828392,-1.6106292339496022,-0.7694641627323722,-4.973245788129664,-0.4048206523871109,-8.461777390809488,-1.2698331435541284,1.2978569811292298,-0.4459556703473203,0.13726469251869275,0.7250328574148115,-0.04249832816732373,0.8467948822317909,-1.2734701071946137,0.04046478878903573,-2.0556701469558867,-2.491332174741114,-2.9881478941767448,0.5212957499782863,0.24190146196191428,-0.5734065648457399,0.4156535184392475,-0.4482474216927054,-1.5814077326175808,-0.47664419411930725,-0.12356471476374843,-4.6702366453106645,-5.328700122965704,-5.792062223797018,-6.305378164711436,-6.872338484283227
-5.476064687604992,-3.3091376047704815,-4.899573755051508,-2.933515697964079,-2.564629045506285,0.5694870921437752,-4.478501226660892,-2.253892802768936,-8.554260825538586,-3.6856988893906406,-3.0622900113616636,-0.062157590521893145,-0.4509761961654779,0.14543975054155253,1.212916880544543,-1.5176233015743819,0.7761475901429843,-0.48920131223857305,0.6737880205374577,-1.0995902546929188,-0.7925122932251574,-3.981086411341817,-0.8957943666921346,-0.40443944052046066,-1.212659988197232,0.6501493205983991,-0.9475783680094602,-1.1067995038045917,-0.2741355798723577,-1.163272632666375,-3.1137484454682256,-5.206820879347503,-6.013357741485224,-6.132563177576011
-7.9760275319996925,-3.8873038641593194,-3.5879746306834392,-1.0160112098461895,-0.8911671362412815,-1.340459182841257,2.166638254711895,-3.901121432643544,-7.218532716384268,-5.0651961567660875,-3.045719405490063,-2.9898839613338573,-1.4141892746863303,-0.9408992221463359,-0.8275923528869779,-2.5462591262003174,-0.18257552567316498,-0.22897783678966402,-0.05315716454816608,-1.2176812547341698,-0.7642664062475555,-1.5788756815222917,-3.2013046223773216,-0.5599131239444608,0.20772767873086756,-0.0968166586163918,0.944439748257825,-1.1146271659900229,-0.36033661110565823,0.09168273102663099,-1.6064930797413177,-2.0123183224756604,-5.997533843192763,-2.172493672754942
-7.96694436006021,-8.496303449762753,-4.475844316930243,-1.0109880345607147,0.002454494824768282,-1.2453782291163586,-3.594136202414723,1.8249673844012242,-6.386016148524902,-3.0047271517911964,-5.440381456311543,-2.416056179049503,-2.238650752219233,-0.029694651574248068,-1.7131693360284956,-1.500970578573459,-1.3364972082000677,0.192973514455727,-0.603423143192616,-2.2435008304868336,-1.2726292461783248,-0.8626752668892596,-2.358599375069357,-1.1503470854200188,-1.373144272780688,-0.11050685462409711,-0.1440120266073906,-0.4202343468044817,-0.480796978630846,0.3960814142025818,-1.758651301789493,-0.5965602336870667,-5.340967660122449,-5.320468480463618
-8.314275159458148,-7.688202651768692,-7.698765325844298,-7.185270577999944,-1.2102261477605412,-5.080710022226749,-8.125318413564994,-5.153718457006726,-10.115743368497666,-0.2572355869494737,0.9912914478208343,-2.646347058372403,-0.35641045806885313,0.3457278627010506,0.5449322570636885,-0.7780443405527213,-1.7973662467668379,-1.4408519822337231,-0.95107722325488,-1.5359745955368802,-1.7303032509936394,-0.8463682385671594,-2.239490967341126,-1.8077046184357572,-0.9032686505187909,-1.2829356638278238,-1.059548744626042,-0.20649454962885602,-1.0085613737511872,-0.510040508754907,-0.8191569059620594,-1.4663219520207216,-1.954541163608438,-5.877632656327797
-9.47982150185207,-8.885575800629635,-7.5981355129226325,-7.692207292540038,-6.943449167154411,-3.7032490036581858,-7.082352898734793,-6.543377673153303,-8.609770747363436,-16.636923486501285,0.3594719644329383,-4.353856427589723,0.5971505481423434,-1.7759795840255896,-1.3779966275259898,-4.732534196189324,-2.3411009945841017,-1.679769796976822,-1.5112158013598942,-2.560658538055047,-1.9747856959151995,-1.8185322670377528,-2.3178765876918574,-2.424093131597832,-1.9350181975772585,-1.4472896468977587,-0.904836571390723,-0.6503024032045853,-0.12762136309161295,-0.4796720524607239,-0.2494406833148143,-1.6547767683546786,-5.890241919248608,-6.460654897367821
-12.051841527063699,-10.340786404625089,-7.939804092849467,-8.468558041837255,-6.3387779242044395,-6.732594058507265,-2.9364361998819226,-19.499005211798345,-13.552781793188561,-3.5541803492869204,0.0676985007817857,0.9144940394328747,-0.43710265183649827,-0.4596805006001596,-2.227936107324252,-3.8254738259518417,-2.4842767246137005,-2.457090508305944,-1.9396877963120245,-2.7120204041173976,-2.3670854784077764,-2.9618986147803743,-2.5620365779957623,-1.9842152327437033,-2.4728298212424384,-1.6028118885277047,-2.029739748468169,-0.9774406920857964,-0.34452587618813946,0.5180278033867133,-1.2588212551239786,-0.8061505802549522,-7.028053004859694,-7.407589501152107
