script/wind10m.json
{"header": {"parameterCategory": 2, "parameterNumber": 3, "lo1": 3.000054539987559, "la1": 64.9999836372058, "dx": 0.5, "dy": 0.25, "nx": 34, "ny": 52, "refTime": "2025-04-20T11:00:00.000Z"}, "data":
[rows 0 to 23 of 52, columns 0 to 33 of 34]
-5.437576033874045,-5.303580903616434,-5.621185040453143,-5.712854108056123,-6.123384786841689,-6.317909388454354,-6.6591612565651515,-6.624731837066798,-6.839516075240641,-7.178644131233684,-7.057117097357528,-7.031896114147313,-6.94886565519242,-7.361489439817664,-7.855179289804816,-8.331987714315142,-6.664476837506621,-6.370558387172923,-1.76753707234633,1.0405237535680345,-0.840219684133436,-0.7367441862477444,0.10241720700914185,0.41558865247640886,0.5258270665479223,-0.6342057597348901,-0.20760667652220297,-0.3064239016486887,-0.8395114128899358,-0.8616242017407433,-0.7262628163473189,-0.5534017798673171,-0.33033585083624123,-0.433274547022016
-5.3038885425686475,-5.455023185095859,-5.6287134338042994,-6.256893827597305,-6.178769111063457,-6.478754642593047,-6.540913637531201,-6.663529052478289,-7.0475200489265895,-6.883088353503359,-6.646481379801556,-6.967112235745892,-7.180765253766552,-7.811205299251713,-8.154609870056458,-7.582881516576951,-6.301700136230702,-1.7996003849337343,0.28361797417508666,-0.4990805391250875,0.5086426923047427,-0.08278338219318403,0.3156764591060018,1.20046376003188,0.3285620147627242,0.13019839726708313,0.060032655299879716,-0.1681157304816443,-0.31392702499454517,-0.6721952759613212,-0.12915071085347116,-0.7625204953902595,-1.0605042415851016,-0.7254174448992402
-5.868431269235345,-5.995010750537724,-5.747730392166099,-5.896157479994319,-6.314976491125813,-6.218728172639056,-6.143907448870095,-6.503788924445982,-6.885646265079095,-6.83898630170723,-7.048895043690784,-7.198406996107451,-7.621902215309985,-7.641169690245305,-7.088464089506133,-6.628659125842328,-1.6698572360097177,0.04184603573455006,-1.0423851605841812,0.7647298139816018,0.7772786062104606,-0.17260832093373263,0.9328570057538024,0.3898494395051212,-0.13799079057799638,-0.5550191184572582,-0.35855861804515327,-0.8871611335620411,-0.5265728142531283,-1.0737289817775737,-1.312407502643881,-1.5674090540126107,-1.1092052005646873,-1.215564285876002
-5.39366880060704,-5.414417691352462,-5.296410889391831,-5.530803202114595,-5.664730104135447,-5.913115183337669,-6.224290076021952,-6.640060954526831,-6.967951720899247,-6.8770775992678095,-7.10217825612415,-7.276518548335546,-7.413352019283996,-7.234591493576021,-7.9910526179739065,-0.8728711159706694,-0.5606934695566426,-0.7750617665054633,0.3423495916851279,-0.7278930279478643,1.5544179349932459,0.8982756816556678,1.1241787514557138,-0.3093667647316824,-0.3874291076490191,0.10607162600150694,-0.5277554228297722,-1.0145106426734478,-0.515344990758632,-0.9283178129228679,-1.2323629171510717,-1.3191684427066979,-1.535408706444012,-1.3946393720240124
-5.478441103357796,-5.488961486234723,-5.7116444003714815,-5.743715946133467,-6.178720579221377,-6.366962878054838,-6.783359392017479,-6.818605887208897,-6.861462330152593,-7.045289512324289,-7.404376694884915,-7.698721521208075,-8.015140385718155,-8.799136195138194,-3.8430443156029797,-0.9627713188403784,-0.33252312276308554,-2.1158119960463257,0.8578066275333208,0.9332907287888478,2.470563729215142,1.5257682339899592,0.85551301928088,-0.1730632666908629,-0.3943614384977852,-1.069311137237116,-1.2800642027224987,-0.9334776888179668,-0.9326737644731923,-0.96416228009676,-0.9750567245469088,-1.4592155463262328,-1.3329233300878374,-1.0998348350166025
-5.596509179653017,-5.896256360052959,-5.965563661562882,-5.845776559381409,-6.130745892232655,-6.378927895219659,-6.8831163131527635,-7.096122037992341,-7.298737115505605,-7.643744907443639,-7.774751233248834,-6.5889349786230165,-7.8691362953134645,-8.56102139189316,-0.921562521860413,-1.150009433996157,-3.393799743178604,-2.001204313772359,1.6703944237437633,2.1252799842499055,1.3130513378387885,0.7039155402285671,0.23433926129845298,0.27507283737450194,-0.37032683213644346,-1.2682764637686066,-0.859405715314879,-0.5522128582746806,-1.0839821083883892,-0.8909198564188364,-1.298569982719577,-1.1508549061187758,-0.9442393958652767,-1.2606669995927244
-5.679829275529478,-5.7238538581178595,-5.695078508066938,-5.9500142906079025,-6.322272150174292,-6.949923334333136,-7.271026073992498,-7.664533204606735,-8.05291601745639,-7.854136640144571,-6.03885288288679,-4.122124096164003,-5.098406511056603,-0.36097599458799956,0.08024082114302787,-5.783781967908955,-1.2681224354188456,0.9863569750691884,1.9135375693738568,2.0218282908401193,0.661384470117273,-0.14882829203466003,0.03314627957264259,-0.4490240889507043,-0.5932098928726205,-0.7655576935913201,-1.0250820528694793,-1.0153259019318461,-0.9545033972425657,-0.8822955791891222,-0.6480080160180741,-1.1046483037667678,-1.2504009675375922,0.45858838128503115
-5.471118529035425,-5.721807169510955,-6.012441794363247,-6.270015370329619,-6.859933377659833,-7.30838998812986,-7.519463226877039,-7.8141654543013175,-8.253315034797879,-7.832558074504028,-7.544452887342775,-0.8551883580184506,-2.446887762445472,-1.5554825226456124,-2.414676652973179,-1.2590844279724458,-1.4728883459010371,1.2015045785832852,2.112160816320017,-0.23873938574310188,0.6457102441136083,-0.3205750661699731,0.39999904202846587,0.06086647573434146,-0.48324945541109104,-0.48393417623076235,-0.6405289888515434,-0.9913944633769074,-0.31567980588757294,-0.7250352024887874,-1.5717860470889706,-1.714965592118464,-1.6521575490316938,-6.671721153395009
-5.6112177830321475,-5.921201974218755,-6.209314397289919,-6.7023948905114485,-7.192627436197458,-7.3843334088178,-7.647960544989988,-8.137012934540728,-6.366136247726739,-2.866138499300746,-2.5672018411573694,-0.9339302099011821,-2.4470142967057713,0.1285387128211795,-0.43517932917490965,1.1209678332652675,2.884597428578783,3.2787857257374653,3.229375830452022,2.2977525044771494,2.411742895647967,-0.07011799655223452,-1.0709075523673448,-0.48348636095787856,-0.6196898014261725,-0.4912579126898566,-0.7653891354443301,-0.7046544715083256,-1.6301449609973941,-1.2440502008975602,-1.1023426264243048,-2.632325237316973,-7.446630513206727,-8.72994384913755
-5.363292545290453,-5.6196430290052355,-6.071818596051032,-6.405967397507818,-6.739364806429792,-7.1085285427721585,-7.2087770334186025,-8.640261885931137,0.4801301081435005,-1.8126555332062588,-2.55911163331892,0.4168208309235774,1.4066629787732394,1.8636023886398754,2.810138443390586,4.037608115038181,1.0257594010391387,2.711670577931292,1.9024726378834216,0.6823037835075602,0.11323792510557214,0.014930699861211203,-0.7418990673731637,-1.4499327661508907,-0.38755447836931806,-0.8215668943933973,-1.3840157252081133,-1.4809150092811287,-1.522512215588186,-1.0730980490562898,-2.4106387340831104,-8.842058828435286,-9.670465905423159,-9.848409752136405
-5.093241201376388,-5.573172447183198,-6.170017124079833,-6.6354772327455205,-6.905640895960459,-7.20187213558891,-5.0366853465635755,-1.5358728162627893,-0.9712606487625071,-1.5175815336746075,5.54402914745474,4.07621723598804,0.9608034399418883,4.499360321798428,4.1891755581076,3.026715066325626,1.1299108487941008,1.2513602285266776,1.554323772390838,0.23906103833005174,-0.38817610207571024,-0.4008431876726906,-1.4534943714105033,-0.33049362332631615,-0.9622153270618187,-0.3702056380319127,-1.305765127245666,-1.6280464189160904,-1.0091421851695972,-2.8475341858360927,-9.22443133053063,-10.110032818963104,-10.286347416241272,-11.028082501018545
-4.895346801446508,-5.494823759112175,-5.942594566763956,-6.136775451971234,-6.006635681658041,-2.2022155436434523,-2.3015950957506153,-0.30651332933023134,-0.7212862433372137,3.623535922831812,-0.015278995478471336,3.243370286122601,3.0069634193920898,1.932823326437311,3.4864794560562724,1.244524340594159,1.6693276666376138,1.3745087096502453,0.30748385115785665,0.06733924812969969,-0.5499066630020326,-0.35142862741624314,-0.9367728988580545,-2.181468641166426,-1.8084218702342083,-1.499738035457634,-1.6756500289439353,-1.3983592397488656,-1.7615068051033114,-6.580004780793874,-11.201561644762101,-11.195513045959087,-11.175120264300867,-11.160749942670002
-4.767345699397486,-5.204301412595808,-5.8418606459151885,-6.837351347978276,-1.7411184433219065,-1.8341257070536565,-0.5481466400177847,1.7546996033800033,0.8329282874927755,0.1914816337906547,-1.6015836065563267,3.5479343934989775,3.081544197850134,1.36930424472317,2.0770628966791422,1.0108346726739998,1.0908896755231463,0.013325145258420835,0.5792800737784136,-0.884483134267257,-1.2011489465833125,-1.1687101699523903,-1.5809910124454405,-1.6607951918901496,-2.1202969663393456,-1.0902218824321037,-1.7984788577707622,-2.3890395734671723,-3.203359147415217,-12.148361116499286,-11.833137619736998,-11.848975444800054,-11.47716333952676,-10.687877485869528
-3.57134453912235,-4.268937196233978,-4.670395609282307,-4.54400531149254,0.23637220093511713,0.4509201182729198,-0.45052917092202127,0.9371854602297545,-0.06543954759958828,0.4197270521759077,0.8328346315713618,3.0112575536416704,1.5446204867126399,0.7651344876147806,1.14901726447702,0.5117101255727072,-0.20536160095407438,-0.6565536141479087,-0.7419021277133216,-0.6469091912088702,-0.6532887284869804,-3.1996980982218615,-1.8491656486438919,-1.9711293517964128,-2.061829672169014,-2.331804788689245,-1.5498261413430412,-2.015373885859405,-3.660633204966268,-12.859721322975245,-11.86897836238583,-11.191050021231982,-9.976046994891739,-9.251988809714472
-2.0229495930475934,-2.3244898664022653,-2.441120840200194,-1.3617268793177328,-0.3280443910435082,1.1417626452450877,-0.21744253172258463,4.436136592187278,0.005157747299523323,2.2471083808740993,1.3957149639032245,-0.5258411844591804,1.9895837142468078,0.3483404918310807,0.6119214789825307,-0.43688343245630523,-0.9638054056185629,-0.36728686319468346,-1.3677113033352228,-1.6398278115241045,-1.9416750839679882,-1.4804061920862324,-2.9200827078260425,-2.398132996145753,-2.4290431089764186,-2.5561103517024897,-3.160930051363768,-2.7528875675213578,-3.991757449606959,-12.697309228138309,-9.228371945463072,-8.274544864639775,-8.260527272677118,-8.432529670070632
1.9346222302401193,3.4252544045999107,3.8649898663260505,1.1164343291452845,1.6322198167574584,1.1643161309061267,1.0679218198244347,-0.3058267595356516,-0.2764750220559834,-0.769614213964036,1.4958087778505356,0.243928020686664,-0.2597692267372472,-0.5480790644192753,0.3409993031909246,-0.14280176607512685,-0.7377325319099459,0.42749028578974363,-0.40140568539941307,-1.5957936969106652,-2.1359514372455477,-2.3344191504236034,-1.5467452497045986,-2.4687736815550583,-2.845234067327096,-2.7383409876382894,-2.8912833666891418,-2.3761129481654315,-4.53378473508694,-11.636477774773839,-9.724493320047594,-9.21925614813422,-9.869849920406256,-9.217794062982454
4.665228690470943,4.9597062565038135,4.378875820759577,1.7223529509826714,-0.8946536584448935,-1.1570003098568369,1.1861493766590974,0.9335426323376455,-1.6464001767057923,2.8561054644013737,2.0600034650791517,-0.6752573577153559,-0.2874364585881217,0.41965359057163215,0.2804730504474216,1.0254483460543935,-0.7796787690124108,-1.0997227884342253,-2.1468384495871122,-2.05148602665856,-2.1931417918120117,-3.009032430905911,-2.4042623603095143,-2.5607098908862658,-3.238469444482099,-2.8814718175472294,-3.385633724696622,-3.711799933794896,-3.917015566146705,-11.031130005511326,-10.555650713092028,-10.43707342585498,-10.534251469936313,-10.681856092151737
5.48967716653833,5.056227466726537,3.4298319106774287,2.330830808355374,1.0235010639038629,0.726719567541461,0.9074336597818805,1.0369105998262158,4.257902437577896,2.8932591561354895,1.2589623239582823,-0.1100957104803421,-1.1909807536270205,-0.37276773553914005,-0.7883883940025361,-0.14835776038717866,-0.4791308048593748,-1.0192147535301737,-2.0407533360336814,-1.9511501334581158,-2.352325021460312,-1.8187050445064656,-2.4415945531294603,-3.5818017386392964,-2.6721780128565618,-3.419269245216856,-2.6340325340841497,-4.032109780790099,-4.651764074111529,-12.902021448957836,-11.38047690429126,-11.641365525974363,-10.710945973160749,-10.110684624070693
5.318949736373852,4.204422777730364,2.9732400080839487,0.9460396221722335,1.0508487104179214,-1.0381795103395683,0.665891597205194,0.6399382724692032,2.780448873196562,-1.2075982456001964,-0.7043858579729863,-0.4536803424791449,-0.5029713476481918,-1.9324093302180472,0.021586091498060355,-2.1432325616041252,-1.6057545987005306,-1.8050151539691652,-3.2355320026865098,-2.1826961999130132,-2.473359047637979,-3.303398530635761,-2.3981241623795886,-2.404384723233164,-2.8322887226949227,-3.3484216497764585,-3.700965623504658,-4.364966716017033,-4.329440037127014,-4.511754655930632,-8.088780621088034,-9.483218168266538,-9.44912319148277,-9.560257003395275
5.0838098591247265,4.276238132565923,2.633977762831292,1.4799123900518714,1.4548949810381688,-0.2902870401800477,1.5846569538195758,1.5841184234586065,1.4531014225024859,0.09861276736356882,-0.6899608921768722,-0.42108187341967296,0.45408503698101754,-2.676016280105644,-1.376858965153782,-1.6497702588257188,-2.723366743366683,-2.4519485197399065,-2.4767779203174443,-2.067718629066782,-3.2151105461238045,-2.341606276556116,-3.3861091902298592,-2.805390357449256,-2.885374584692993,-3.82304154551533,-3.6802404235845,-4.01887785190072,-3.960041396943038,-2.96630314794086,-2.8860352476656375,-3.187972385867242,-7.630546179208073,-2.346670272527402
4.473566562257811,3.9981971167814523,3.071974057946343,4.388272004975302,1.59837142883869,-0.7588888942623077,-0.1517075534055171,-1.3966480214243746,-3.410572320891393,-1.1979410950473337,-1.8460572277782552,-0.5838212341334237,-1.2923182556191986,-2.2212522696172483,-0.9799369985309146,-2.5560812853404897,-4.071618126450711,-2.177478863606738,-2.7414220050959233,-2.7275940112059596,-2.6475353386765526,-2.4087269596155125,-2.7010501738736186,-2.88777061713228,-3.966169109172501,-3.434366507859826,-3.24544495767022,-3.563755211243077,-3.0870347238935842,-4.059069898550211,-3.084615047960155,-2.1226111342927703,-6.511003970169687,-4.681537823276692
3.800252432369957,3.2846298955970403,2.2732408449209434,2.9934928306382287,0.7895344318030845,-0.29028543680493624,0.5808260801546263,-0.9436243606607942,-1.0601641855973503,-0.025127400047215302,-2.7566017640831615,-2.3148430839737584,-2.576274237790656,-2.7532466390537413,-0.8908606179992956,-4.799301387593375,-2.8489801369805647,-2.7597961187190365,-2.840756277226047,-2.361128750927438,-3.4266102264230858,-2.817682933866691,-3.2982617938695986,-3.5782583704727493,-3.5108283885735245,-3.746991515095014,-3.385826108865546,-4.579244000063051,-4.17325237141824,-4.278380559134091,-2.4950160998692845,-1.8834097544754662,-1.107964319385021,0.20099327573845854
2.7544177713970956,2.811674875651451,2.5087741101423155,1.8749637636839882,-1.1381240866414912,0.9219496479444227,1.0890293575270853,-0.05200776763114576,-1.1790993902038538,-1.1351693260584212,-0.7536626322562008,-2.1510646556784843,-4.5280347020039375,-3.0170997815864053,-3.4096659902577633,-6.244193811668333,-2.594886443783181,-2.8296718843657716,-2.998760790506144,-3.4524721534366445,-3.141776190026214,-2.809854339495495,-3.2025381776184516,-3.107418834783244,-2.645349823216638,-3.366601131675063,-3.5102821180043273,-4.613940184994281,-2.8494831523933972,-2.749458963149607,-1.4698738655355477,-1.1610493113453357,0.9182394446135289,2.882786531542414
2.0395799553946694,2.2783437245108242,1.0509655222429697,1.7452661522273778,0.262930693610239,1.3040861684809144,1.2426920410190188,0.8833683635998723,-1.4203749939777195,-0.2961474200513824,-2.3380118362191302,-1.8054400696287658,-2.3568464841047323,-2.4997573553443235,-3.336977574998857,-8.291685946860097,-3.3844862777553857,-2.685895565572474,-2.186685731482431,-2.9338120130568384,-3.4861379005453172,-5.295542092657565,-3.8375284278565274,-2.0804349080120796,-3.645100693990764,-2.3811620354611915,-4.611047700446739,-2.6014801691970586,-1.785626856002878,-1.2675501556637574,-0.8946209201604453,0.5551654776422694,3.0119919576845553,3.481496988700663
