script/wind250m.json
{"header": {"parameterCategory": 2, "parameterNumber": 2, "lo1": 3.000054539987559, "la1": 64.9999836372058, "dx": 0.5, "dy": 0.25, "nx": 34, "ny": 52, "refTime": "2026-02-02T07:00:00.000Z"}, "data":
[rows 0 to 23 of 52, columns 0 to 33 of 34]
-3.1684134349539015,-2.7562451425936842,-2.1715036985409113,-1.6400759349057967,-0.7888308792394751,-1.7125610447560162,-1.7187395175485847,1.3475673036579214,-1.6738461219339666,-0.7489487642248548,-2.26781996712431,-2.9236569023455745,-3.300679110511117,-4.024534846514149,-4.384272092904244,-4.523281414659325,-4.607811041345335,-5.227870834669309,-8.142442771778798,-1.4730908666111475,-4.623595953579779,-0.4587367192451556,-5.0200470136358994,-2.6820035848427652,-0.465826568353497,-0.0010058496455245976,1.2287119699724862,3.56421281285143,3.4252755326143562,3.279910454480329,3.193304964323737,4.5110122844651075,6.4957763883300785,8.04045287845787
-4.4633905408482715,-3.80296294208235,-3.0256011930876117,-2.123092300811871,-1.1005051729412232,-0.3740016799424101,0.29626029947609156,-0.38623052986874945,-1.9388671209600337,-2.9025968062261454,-2.716444348159836,-3.133976633578468,-3.9644167266042003,-4.132754894000566,-4.61078780986354,-5.5499550630830115,-5.41024037391121,-6.221220944606935,-9.48061187170386,-7.29606902815298,-6.05284247518022,-5.137865270147009,-3.099818931872678,-3.7909498543188,-1.8279204272482217,-0.3099025546017275,1.7928597481676436,1.0248179326567561,2.554338070951975,5.514550906956549,3.91291751579735,5.957083707826947,6.420185386149894,8.125810425707488
-5.3264934933267245,-4.587694519563337,-3.231016299717528,-2.328795647920131,-1.5061327593780236,-0.9849637737313885,-1.6827568718828476,-1.9584020436158245,-3.1283138014740235,-3.469434483944516,-3.522053248677888,-4.230604638010948,-3.192394326477082,-3.490226865666511,-4.356689402228556,-4.811101225016376,-8.378780333177863,-7.030532042932588,-9.636269228832123,-6.796623398581634,-6.610679248399082,-3.5110888176662223,-6.434535681567374,-2.4337937006471653,-1.3422722561387768,-1.4052910064440265,-0.6643283604650738,1.7656009879607715,1.5471105369462084,4.728263172748713,7.455042327885739,6.298439887419101,6.245860438723944,7.281784492338438
-5.576988815469045,-5.358197495811086,-4.896684468815964,-3.8454541267410045,-3.422025428323648,-3.1504386998687326,-3.624189884091832,-3.538878422570264,-4.525194552102195,-4.951807077230985,-4.653829412253056,-4.605619149203939,-4.283319375954803,-2.580875901832151,-2.4402953809564374,-6.527610736756928,-5.810437852104712,-5.631571617838319,-5.318414236213367,-3.5525741751680466,0.9314637144071963,-5.519256063613225,-2.9284367374397235,-0.6906365019101516,-1.6697577646105193,-1.707281049653491,0.9310218118065783,0.7426861913507439,2.073760817010448,3.1816704400759397,4.8076743208095944,7.135373348261823,6.8923337074676985,7.38797643705594
-7.119385364630437,-6.654730776326902,-6.369199240152287,-5.490206311781043,-4.409497107171523,-4.591565849412594,-5.010762941597094,-5.035489280897351,-5.748270215939053,-6.700602235049243,-7.158037295577089,-6.5243105528707295,-5.030698554525049,-5.199280425341073,-6.9611647431013415,-7.845680828033367,-4.189595960285952,-3.467418797955374,-3.8247542223545183,-4.52024447983844,-0.6103935039850179,-3.076077892072785,-3.0443505913904834,-1.5531374373358031,-0.2586437528955976,-0.24954838658342743,0.6616585561625442,-0.3627588795126134,3.671033486267282,4.334582692087393,5.579933762326038,6.2587173515815575,7.034877136405962,7.563425455540283
-6.874419590411751,-6.435734011810332,-6.011722079923885,-5.7592570027730945,-5.460742767069574,-5.139486651354297,-4.783218087741268,-5.060494539611127,-4.9331734415069475,-5.412970943860647,-5.787183915255165,-6.587884498910704,-7.669815851026939,-8.246314036722788,-6.721818010344075,-6.019291123278313,-3.9076386626279644,-1.1481520040313413,-1.3240323874183557,-3.3291225748530118,-6.601679815699952,-4.544656185220777,-1.2333228431829375,-0.7802380306773249,-0.14310227543716691,0.10143921732014922,0.5361431402755428,1.852303941296164,2.448840336267771,4.8489428528022245,5.963998884990901,5.41574815548324,6.229942764071172,8.077342780906378
-5.453665322887257,-5.994231901242844,-6.105336333976046,-6.030680109637504,-5.4079231858755925,-4.8910637525259215,-4.462418756894409,-3.689645807158446,-4.289572895986063,-4.0126273851927925,-3.4475958223459076,-3.8284038723783826,-3.2518360804137707,-7.874238467841977,-5.40512228765624,-4.313058869894444,-3.0804912457110505,-0.751587233502586,-0.5600764491153596,-1.093430376019232,-1.1625326116280121,-2.4711494530157054,-2.230563463890957,-1.058275529059536,0.48029251245912485,0.16624814274649474,3.7975871113709636,1.5148345982632254,3.6143352102946755,5.464050616627408,5.146630917866005,5.61499451382648,6.57694881539791,6.725081113149084
-5.155065788889638,-4.378715646171544,-4.601680028074434,-4.59754845368138,-5.068793473932406,-5.30081023075487,-5.033014460825257,-4.195071864504213,-3.4212604275377245,-2.6678625346835156,-1.3946408654254445,-0.32897209890197143,-0.9797426480507293,-2.8574199133411873,-4.494833828584085,-2.0499242433325784,-2.795401668873317,1.1140238265266014,3.2635132985643085,1.9223946030681762,0.4927604993282163,4.168852269639674,0.029827516283530527,-0.2734929801699604,0.8019622345165848,0.550188679111192,2.299275760451983,6.2766758530917945,2.408546527587244,4.046093611145075,5.476915229003128,5.7281370477291125,6.673961374904116,4.839849645701538
-4.627042706470154,-4.341204334709758,-3.725545246405619,-4.5163620472844075,-3.9574932319413167,-3.647153351830237,-3.0781783817859734,-2.5805488179796923,-2.1636617464994177,-2.0918214397048325,-1.7937237889300848,-1.1177578693669845,-0.2164723225102019,0.47621099034142483,0.47728800109633024,-1.0438310842946144,-2.643483501752135,4.601897980663106,1.4111164561772962,0.5055368948319854,4.626953974212862,7.586776909194231,6.570141380813968,0.9719293133418342,1.473999661241221,2.2478464764412385,3.775099523589809,3.605110310487242,4.454506862061282,5.518544631790803,5.595297756880041,6.785223991850926,4.893545847651947,5.352097838842199
-2.0074383191555536,-3.0120028607004317,-3.1985996542266277,-3.4943194814243332,-3.3536370692195367,-2.8167316371990316,-1.979447362260953,-1.8447577942951379,-3.7293030533147657,-2.2266394856953795,-0.6808528278819503,-0.6650485306347285,0.4643968048060044,1.2139119069105282,-1.4174603800302361,2.595894057632581,3.7242735498563806,-0.3081395408156203,1.4110390206277856,3.664067090425293,5.9978203943534805,6.104302728300944,4.23582786136151,3.5886462730524147,1.2168261950785515,3.9005192815756153,5.073305419498455,4.8365968246339905,5.5708668872131355,5.610031582343296,5.979850758470682,5.23598872571566,4.893694241281044,3.977572100372152
-2.422236551552071,-1.219262317669876,-1.03805625420619,-1.8300244734257325,-1.6557897225400926,-0.8298203747388663,-0.36652622820373637,-2.095339244177774,-1.8774836392866199,0.9413396772136038,-4.082899502499678,-4.570879128205531,0.12691420715056687,3.3787091282351454,1.1103187100498841,-0.7408565197059038,2.7032059267056674,2.7126016663518695,2.2838888053402737,4.623058644331961,4.316650531891577,2.570266286345996,7.724724636358416,2.1999173860520225,3.4271262685795376,1.5385968665136027,2.164284644752526,4.987978158199227,5.306176673921511,4.543598687766647,5.2155432843051,4.210087759586451,3.9188767861428295,2.620942244388694
-3.65471670998796,-2.0114213210097516,0.4737902234851916,1.9015938421498977,-0.19184217909622328,-0.5348294539892094,-0.3943865777501804,-0.0857027845739844,-1.1255384509881834,-2.1763613986970474,-4.656667002528676,-2.7305433212376187,0.8992967524775308,4.009537852497103,2.667273939846965,2.9415548919682646,0.6875837361781612,4.716374162915254,4.517444810819703,4.261227885474446,5.9334463041894665,4.402906382854035,2.4993037236563787,5.413710461005246,2.6999726329088944,1.8289906301415906,3.9975202014022306,5.2311283414667935,4.644563360092347,4.8480611305305965,4.538611282972795,3.227234438240146,3.511558848478092,2.071923918462874
-3.9919106998033365,-2.7677861943113617,-1.6379317612665951,-0.4230416302752107,0.010661594745373065,0.09126390880282972,-0.2577098550802774,-1.7201786016796345,-0.909016320653236,-7.129367445909623,-5.8085644757726,-2.5463160110545098,-0.9768080577025057,2.06572868602722,0.482124173599196,0.17776836776859334,1.5336305820726936,4.904676556438831,2.3173474103218488,1.7792582769477048,1.768150485515972,4.719262895649091,5.223693725143334,2.675468031974387,2.842405001847277,2.944769972830474,2.2395054662051317,3.7963789524454272,3.7242226072420292,4.766092245931526,3.898271145613417,2.9122863814749858,2.827706868474295,1.2807889309575629
-3.9886460076584216,-3.426914122930683,-2.9244881452024325,-1.799727597307884,0.0142547614130912,-0.4337897344417611,-0.3911438162871195,-0.18516697653377998,-1.8610457250827934,-1.9611667058640256,-1.0829778757385167,-0.677115616438602,-1.4219067750510916,-3.660542399287154,1.337479941981006,2.0100808336999063,2.754625154936935,1.9738918731994106,1.8930940780697143,2.2772388045661756,0.8316312468370158,3.837682385808779,3.284585753919249,2.0165613022778466,2.2270710111040324,3.6037838081175617,3.374427494867152,3.8428248266602485,3.2211983092668026,4.350370233293859,2.6843951099345458,2.254285142050167,2.165720234947783,0.8609358823530463
-4.19824286266039,-3.4335502913697886,-3.416725211661595,-2.5268005626962964,-1.404050276110891,-5.424043890444187,0.7951273986835489,-8.060606863171623,-2.307117330773415,-3.479264332379603,-1.739315842038341,-0.771626043887323,1.2005889727382038,1.5428841308690677,0.7445546374085116,2.7503033748096786,-0.5324287333922672,0.004999027403165731,1.1164875301745714,0.14987594469661636,1.1215988933828314,0.24084394558396496,0.44875886783009894,1.6192028542080907,1.4592727790130986,2.520878808442273,2.1967572824858705,2.697789847789665,3.344540346991077,3.419789695560953,1.860173213109386,1.993004581834087,0.4503430222839727,0.09962616214009531
-3.9386770203745693,-3.6323400943969397,-3.1217276061202672,-3.092500138672318,-2.943815341583228,-6.366249237318031,-6.784166465257418,0.5151375921915975,-3.118896090835264,-3.6931137338959283,-6.945272715886928,-2.012744339660747,-0.9753633080193065,0.9885593218997918,-1.3778459506493452,-0.10034774898913243,0.9326618140827505,-1.422352923201355,-1.0015798591894571,-0.02478344416920431,1.994763015695331,-0.2962246578801372,-1.5726285736296335,0.18002266708630266,0.5069223525280705,0.5742882707038452,2.034088456085955,1.5596320552290284,2.4186166522789816,1.6126015010137449,1.3629080548364845,1.6443748975537509,-0.4476934326404931,-0.5529488839990792
-2.581251272270429,-1.6837894648424274,-3.4121978353558116,-3.301018426665337,-1.761387323352107,-2.6313241791815862,-5.735286573794002,-8.163989521117651,-2.808207129039507,-3.9071519158771313,-6.474523852444793,-0.7904567754343126,-1.8265992656831498,-2.8159538892609697,-1.6569059826668933,-3.053024588275894,-2.087954492153156,-2.8802192107933817,-1.8270587954539204,-1.1882838691986062,-0.0864217221271512,-1.0580828720448319,-0.3741435228779067,-1.9831371461332066,-1.18645493919246,-0.9412770735052661,-0.33569376623895153,0.8141774880202468,0.9792340000987501,0.6760450151336638,1.2060314756891943,0.8523280645174145,-1.4218487817218675,-1.134222203559416
-3.1952317804981742,-2.510386397707925,-1.1672415853509044,-3.201444314023373,-4.852708317843216,-3.5685006206398406,-9.599285511184258,-1.3709629800523577,-7.814936084089247,-6.31795942080184,-4.11227222972771,-1.6701924736181035,-1.5715597395516565,-2.4037062358827215,-2.0954519786459067,-2.8257579456339914,-2.719876024996219,-3.355828823553276,-2.6940348377602046,-3.004816119318517,-2.298342362775193,-2.6149884269265713,-0.8189696938050172,-0.9336352212061585,-2.678385594779711,-1.7311206105636812,-2.4377167976434957,-0.5729693924025394,-0.18727213198209536,-0.32518872361312967,0.318110392840879,0.30905078350769183,-2.0873455907336718,-1.8130253235240688
-4.731236357157155,-3.5143113973761904,-2.8636503004016083,-2.791294986641079,-0.6936690439001759,-0.40159264660656846,-6.783848034008422,-5.638443802131919,-11.479621211807975,-6.165031950404449,-4.134680489822493,-3.5061338088668808,-4.386273959331325,-1.687734639271658,-1.6084073313946816,-2.5059629982031084,-2.876135127884234,-4.5670203000787435,-3.7719413297452125,-2.7818014147047356,-2.589441652640782,-1.9353266949012746,-1.412097941097313,-2.7003120634873907,-3.250381218494868,-3.3257516986928373,-3.2600993743013955,-1.726970933699598,-1.5680389093865281,-1.7046404152519157,-0.543406099169114,0.0017557314955115413,-3.2546821918816726,-1.975220757594431
-6.479511072664287,-5.425778625864659,-4.684941252291485,-3.1488311829067346,-2.5855595137804643,-2.1495481186876164,-4.170543017304257,-2.2243359916771044,-10.400950351265964,-7.472751102023909,-7.12785696099269,-5.831251614193322,-4.600660740162752,-3.9492990574322158,-2.5375879749933166,-5.96744379809333,-5.190187103260758,-5.233889503017842,-4.023907242721214,-5.210078133448454,-4.280142189258807,-3.9234542542330533,-3.6062271988899743,-3.135408573157493,-4.49492624802346,-3.3242400962333853,-5.267944922360111,-3.1156355848541257,-3.0251987915963894,-3.0139528488044665,-2.7740182553693997,-0.6503728837563092,-5.707520912380898,-4.148195063961003
-9.419907292772455,-6.916325404523984,-6.253897222168588,-5.020458275676051,-4.339219635111148,-5.838574862345301,-0.6364417562669533,-1.7770546774300233,-8.160385636780399,-8.207795065940596,-7.931356929589304,-6.06560250214507,-4.7439375125099925,-3.3806464907355473,-3.6516842816548056,-7.584084230598616,-6.555233100571064,-6.749703259967957,-6.777082385048975,-5.257587514181952,-4.129458714056825,-3.8882731559599453,-4.466392262022515,-4.156306471780372,-4.125024181582969,-4.279360673261106,-6.4737664755198105,-5.242162358358166,-4.421792093476291,-3.2546598147801387,-4.406673147397272,-3.58125646396032,-3.7650540059836866,-3.725443209612868
-11.251520735108297,-10.029893518296337,-7.4499763097672105,-7.860974132138109,-5.206978073671101,-3.8366957938502715,-9.723153788811105,-15.104424443359203,-13.927158961157556,-7.387031405512241,-6.0963911818624545,-6.098656489442714,-4.556711409663872,-5.599968691946531,-6.7842753765929364,-6.059625328206861,-5.909311768889307,-6.6867999020825355,-5.9271130077708225,-6.206784226928998,-5.7660453310117346,-7.659437931994313,-6.0970450981803745,-4.707356155367242,-4.851574967769908,-5.156469210311409,-6.993517911424123,-6.408409864415141,-5.816743963274124,-4.550732483156532,-3.9344627481604166,-4.8819169572940595,-3.8585246668625133,-3.941191416546179
-13.854430804389535,-12.024301317223653,-10.846649211270972,-8.107564153285024,-8.01713502800847,-11.471281131234129,-15.605390972361176,-6.861828328806533,-12.325333714147593,-15.7167317842091,-4.074804943159258,-8.68366834555664,-5.939406114167452,-6.746516866060449,-6.912797672127034,-6.690628664869205,-6.391501909650425,-7.115483958242957,-5.555972120810525,-6.03501003247467,-7.895982040854056,-9.203645003730816,-8.43757662504822,-6.132318401610936,-6.112993864040469,-7.130907743480932,-8.129273842317756,-7.333115449126372,-6.730854187145176,-5.874151211309306,-5.16242776350009,-4.064297852094034,-4.312598030997967,-4.430188463837294
-15.392410750663664,-14.601650682900916,-13.57282727666182,-11.499475380274252,-7.012116277485352,-9.754216901881822,-10.518074579206488,-19.61451390413565,-15.718204599055017,-11.82712245058714,-4.610196892017895,-4.969465997654768,-6.321850860104236,-8.00275465185618,-7.763688146188799,-7.126726801720942,-5.793995924863473,-6.88354514695029,-6.864929485032207,-7.061860323221888,-6.097363409212345,-8.002795027258504,-9.14835208042824,-7.4562534726396095,-7.499365415634126,-7.519809094033365,-8.184853104429326,-8.146242215298532,-7.639990033303071,-6.770551720820117,-5.601108300075103,-4.663587370495125,-4.6514953292237005,-4.6876180518736845
