script/wind50m.json
[{"header": {"parameterCategory": 2, "parameterNumber": 2, "lo1": 6.000198445256149, "la1": 58.999992894266676, "dx": 0.5, "dy": 0.25, "nx": 22, "ny": 24, "refTime": "2024-01-28T06:00:00.000Z"}, "data": [2.8876875604493675, 3.386632499786317, -0.8552120178555461, -1.7268788900429906, -0.765950101204981, 2.065376404284876, 8.631121553423576, 8.867285721273516, 2.542849032064799, 3.463688929023218, 4.873018844073511, 4.204998843958324, 4.3236647104255, 4.359076648594854, 6.306870443347995, 6.344707929010306, 5.085505986008097, 4.8488361516339165, 5.530392296797448, 5.934594767577141, 10.20025343329316, 4.273861795800218, 3.1882190415440737, 2.9519954587363872, 0.36867154885107845, -2.3978963620776317, -1.33120696615495, -2.2748071173153024, 0.5272427407782623, 0.9957426334718461, 5.230596064758086, 5.886837121113385, 4.753456197826823, 4.511730446207139, 5.585446687425542, 1.9999889431318334, 4.335299545591682, 5.89551002923862, 5.012143941111014, 5.5479992867274, 6.838753890792978, 8.520508854074716, 7.3340970164221515, 9.22289566837431, 2.89605054376265, 2.962677777516058, 0.1069166427201001, -2.122110253157173, -1.3124465629164055, 8.733035957685475, -0.10949257198922581, 10.424001247300483, 3.5334593680454636, 4.269012951175683, 2.6220095767775016, 4.735729607452709, 2.531027612690061, 6.567470570266756, 6.235526480444759, 4.29601899646719, 5.056628163332809, 6.554653917385431, 4.0775654076022665, 3.669547956553128, 7.101046044762393, 6.497937187102219, 3.0582687827759196, 2.596710698157977, 0.5834007609423241, -0.8012012776907494, 7.111486408857874, 8.064633766495144, 3.002356026495717, 7.931135213062918, 6.682918243837907, 7.418422480962573, 9.566134162110043, 3.5057454429134505, 2.5163272595908333, 6.344015252996576, 3.728048678012842, 4.132414568879014, 6.3991293498524895, 6.175171460355148, 3.906361655491174, 6.176462904920721, 1.45574906553683, 6.859308379588251, 2.751668140960837, 3.2085892825159865, 0.7470510494720152, 4.577909905627933, 5.418341310296609, 4.794981264755586, 1.2087043071225183, 1.1557915297229024, 3.38827715036646, 1.3637806520213127, 2.2391473150382173, 5.166579015508238, 7.7650407388233775, 4.705918600887601, 4.376484408919174, 3.918799262044207, 5.974690814715805, 3.346685462500262, 8.820768598179358, 9.119686903844281, 6.3983923164417185, 8.128237967755087, 2.284292508733287, 0.2306647148183357, 0.7464795101852967, 6.790427764663845, 1.3552757769241341, -0.5272248767727911, 0.06877015102467463, 8.768805257638316, 7.879676318520769, 5.289490692977993, 6.153005735900562, 4.298043114735368, 5.024596338012118, 4.115372033944723, 4.117873915713086, 3.1696353110455404, 4.9270322506346425, 3.7596444468277976, 7.621503394885408, 4.503969665807749, 9.268349621716522, 7.028292211895041, 3.199561677464645, 3.036394698775263, 0.1989979822555788, 4.21785144113028, -0.9221592613901537, 8.516570529378338, 7.06003905508478, 0.15591672344687071, 2.037394526586287, 4.053636973745773, 9.177368243923341, 3.990426639323938, 3.754285149430006, 3.3225750342329996, 3.9399282901699686, 6.111120634755245, 6.125108127994086, 7.561898090119614, 5.461990170947776, 9.070314229947577, 6.891857107143769, 4.259857013015141, 2.5447736783069534, 3.1095923885010954, -0.21440935672457392, 2.7462859225737826, -0.9366534049059547, 7.076936149534598, 0.8587761811548009, 1.2244358460992977, 7.6970464166282335, 2.4893441549273136, 2.7106237617431077, 3.5696054352566935, 2.89664608879841, 3.167649871906004, 2.3896129477804324, 4.025722565426868, 3.414578029321152, 4.965119897895383, 4.222972040864062, 8.27221625926603, 3.4601470705588087, 0.9778479965363006, 2.5141239707788694, 3.1170885284526886, -0.43150020003586853, 1.559634259320352, 6.650872132215875, 2.7360263750438523, -0.11798026515281752, 8.300533175493014, 1.2226728496657189, 10.980473132584748, 8.507951580794666, 4.299256335666349, 7.1558531795550975, 3.7141203904714635, 4.020290269363808, 4.131058843070329, 7.009442904263832, 5.191418057933962, 7.542724480652571, 4.263730058748062, 3.2114146234111542, 4.259433820564949, 2.8659287892396885, -0.8921809916027938, -0.7713823778414608, -0.4377306911655485, 7.073236361879775, -2.1755838226374933, 7.5490164821060315, -0.8437352981686033, 9.031242276817535, 2.6071742045090125, 4.75524877751001, 4.296132644160138, 4.537386852899156, 6.7015229823794895, 4.29705624611847, 3.874364236368222, 4.284636083193145, 6.071560966737628, 4.633025102050663, 9.029050572409396, 7.528711261535908, 1.301507392453568, 2.9256583709469446, 0.028923935251197123, -1.573401057229437, -2.7916665607160955, 3.105737440687874, 8.374839487499962, 0.6966267955170866, 9.614538305760577, 1.6144661407493943, 7.3642338629333, 2.821111415211626, 3.825883531339137, 4.753148913512567, 6.201748575433754, 4.464904731563693, 3.1150259615448523, 3.917423222777938, 3.918224398591453, 6.411140090516428, 3.2149817034648023, 9.366440229654938, 10.590534904745875, 2.5121789293667054, 1.963259376700907, -2.2592614344264437, -2.427214663619581, -0.9741504223220986, 5.537187749060054, -0.04159481142299454, 1.2282179153766748, 8.506131139514213, 3.1837013983916034, 9.366990069496953, 4.414214368503863, 4.259737567511369, 4.657493622383267, 4.327593470942204, 6.6050129748639135, 3.686319481237668, 3.123052802128016, 3.421391643720934, 4.921455568863239, 6.026834421450238, 3.938614645271474, 2.6851522210643846, -0.9510920256837502, -1.5364168470602457, -2.026421030531694, -1.6649595532546346, 0.07532244845273668, 7.43107565700882, 0.9815096460513709, 1.387841199650283, 7.868510988761529, 4.641473447849627, 4.130261775740905, 4.392432599626749, 3.9188747504800534, 4.35063821329185, 5.795194821073755, 6.036274248576759, 7.461790976307122, 5.404228462447196, 9.068829662582482, 4.721399761710761, 10.062911436450198, 2.745759063267153, -0.3213817768339145, -1.634420714777857, -0.910940987157999, -1.300178748540659, -1.1724015274711916, -0.9026754337373492, 3.337399662995091, 8.453338642109205, 1.3962767193631964, 3.006316458862611, 3.8540942229741844, 4.783027995628274, 2.4095638045821524, 4.820987319722227, 3.8125925798175606, 4.752209435415065, 7.947137823732273, 6.942148005935012, 6.087170658861073, 10.286868307421567, 3.580473330636986, 3.119318170953398, -0.7403410014782661, -2.200758215197315, 6.51089748308664, 7.54973046112957, 7.902052731412591, 0.2584113438318276, 1.0207302841196, 1.784715842269564, 5.551788363303319, 8.624052588380872, 3.8426973999612835, 5.579284794982482, 3.966609669808914, 5.295383391520186, 4.601633572727597, 5.910124823837226, 6.17754322099644, 7.096424108979875, 6.629036569180429, 5.9783393564297596, 5.867444616927694, 2.233085319290046, -0.31751008266016517, -2.34636733366086, 3.10172801749077, 4.124068870145901, 4.221442119334423, 4.682692132940666, 8.402827242352364, 8.006737988281387, 3.0366652448943965, 2.278065177725805, 4.456756133819693, 3.90968269016431, 2.471486539789177, 5.170717259116037, 6.079316401850859, 6.844776445188889, 7.26332431817187, 4.407644210919286, 8.776600091095771, 9.6521613008264, 9.68792695714855, 2.9921189975503286, -0.43665215435538857, -2.1539156303515203, 1.3017472972424406, -0.5253144345345809, -0.4261591673598688, -1.1513528995664037, -0.3934084774638235, 0.8947478795174456, 2.986527343999911, 5.30276942533564, 4.442642952269064, 3.000508447498466, 4.734374472478815, 6.745152830896262, 5.855200938259848, 6.820936757013416, 3.346134434970325, 4.147937025517, 3.5348081326413316, 7.1675249358733195, 5.2261835497301155, 2.618797080698001, 0.4230802575551411, -1.0221171095850734, -0.03123384591268068, -1.2558954568135166, 8.280929738492638, 0.15828155844111524, 9.205104975023941, 7.482356807155309, 8.399028636799557, 3.6311919011266527, 3.777640570891376, 3.7365739579833046, 6.537506445001087, 5.457405873477749, 4.5668907679943995, 5.006629143361336, 3.8181688807427703, 7.761580857845184, 7.20249750522679, 5.9312824513106035, 7.477005230117633, 2.4621820502285074, 0.8871757937810676, 4.128074984749163, -2.4814199255155636, 6.627866165464486, 5.289369981744924, 2.8594415923259127, 1.1689277045166098, 0.24986624763121393, 1.3454763896167734, 1.7921757580636732, 3.3599412862042857, 6.30020058858445, 4.863493424194324, 4.570140775451863, 3.8195074297854057, 6.679245421625522, 5.132416043446815, 7.186863570914397, 4.551252685064823, 9.245750354415682, 7.151873596768521, 2.7203234554109845, 1.9406145309234404, 2.9070174885363085, -2.407303961709975, 7.185424976737957, 0.4346048997025581, 0.463630616828034, 0.7870424825575326, 7.406378744612849, 5.875908284241506, 5.516427706056581, 4.005908095034077, 4.429224187875975, 6.171485468199008, 4.787622915191398, 4.075485630506209, 3.6748328078239623, 6.195116314893076, 3.730988594517617, 5.878048275576243, 6.439917677977746, 9.884129505896, 2.9744182718713694, -0.8504046958438651, 2.7161092500724524, -1.8218879558542427, 2.501352463040476, -0.23679303946422514, -0.2082520715711816, 8.329030543030251, 0.10992553528082372, 2.9542557331035155, 3.7219893384909764, 4.065736015594176, 3.7172035360333764, 3.8840904336539586, 4.493022810863612, 4.790749054453515, 3.9120519669656764, 5.50787035835002, 8.559763538555329, 4.988418234369479, 10.269352545483846, 6.767907865502519, 2.7710478254866207, -1.0084828861470159, 3.108153061669496, -1.3423772006861052, -1.3166943302750638, 7.73262692825738, 4.478570719012617, -0.13296996874020486, 10.220303827744557, 5.554946815238544, 2.199322825056113, 1.8612433424141313, 3.3759336916295477, 4.608932671668839, 4.2805074406687496, 4.432200536604368, 3.5594997750295265, 6.014581566496209, 7.865046648749639, 3.05948367433875, 1.407450770744009, 9.904862844768786, 2.737251993553239, -0.5888611828460683, -0.17772775771574825, 3.714739043837425, -1.3950030653427903, 5.480229536028174, -1.420822234555818, 9.028805160208433, 1.3199427965391393, 2.958126684762576, 5.369409058757045, 2.832678242067622, 2.981404507740191, 2.874044680132146, 4.104739802784816, 5.349893073466025, 4.477767431548985, 4.270421665671653, 7.233366884677441, 7.6857762102875045, 5.646486475179357, 8.659379654748799, 2.9306270281878404, -0.5280857453923608, -1.300826608266599, 1.063005916684802, 7.14570546964756, 2.9086116633050616, 9.155889469924068, 0.2731837291840929, 8.49725770343393, 2.9057399991013195, 10.24010196664749, 4.232048051477026, 6.209917063043242, 5.059051757076001, 4.0190794393497455, 5.00039197620563, 4.9224928350938955, 5.1629283805565125, 3.933240584867318, 8.162597972650488, 5.511227052801669, 4.133894857544039]}, {"header": {"parameterCategory": 2, "parameterNumber": 3, "lo1": 6.000198445256149, "la1": 58.999992894266676, "dx": 0.5, "dy": 0.25, "nx": 22, "ny": 24, "refTime": "2024-01-28T06:00:00.000Z"}, "data": [0.7217040126853151, 2.413754317046795, 2.851261062285999, 3.614179000908071, 4.848132100803636, 3.6654742390054365, 3.431977606591222, -0.6467658475438115, 10.03279499214886, 5.029987645365743, 0.9699410617190424, 5.055463522465479, 0.48619944598506887, 6.441315582050092, 0.6133560624459586, 8.663414018780932, 9.856732590065507, 6.8675869083003, 12.939328604711934, 11.72645125359303, 7.78451822960976, 3.946482940962574, 0.6366080803333641, 2.419261511683038, 3.0114976664089443, 3.9651634914879246, 4.889027694984835, 7.581451470654782, 5.373324778362217, 5.622290014790368, 3.606578468374337, 0.42616308441379236, 10.247316616879376, 2.6537471287339716, 2.5121314345099406, 4.671937746712816, 1.0531496801853726, 9.135311750453573, 8.918914525355715, 13.81246945275431, 1.5774843056316725, 2.54204305977496, 2.1821403483635002, 7.555598183627219, -0.2987679215867833, 1.4330166582110262, 3.007043804280427, 5.226905952186237, 5.724162514316397, -1.1605144958586886, 9.17606590239024, -1.1723872925367975, 9.526135290949664, 9.478641510956242, 4.452448701230832, 0.6217868003995418, 9.82807450416886, 6.237146404717101, 3.403411609488349, 3.0332057370486107, 7.993319108683389, 2.2306587823131894, 6.161344115307977, 10.288962015339774, 8.166939689392505, 6.740775822394591, 0.29067296054450786, -0.039473310899245974, 3.0621270726924266, 5.2469162298842695, 1.0949688950724976, -0.10958052757556253, 5.04114882798857, 0.7061075498273884, -0.08097131398761995, 2.420210233270196, 3.519618348428598, 10.207790495258813, 5.1824703812320765, 1.8190452144910807, 7.986060366776516, 3.15615845485029, 11.291132544547237, 2.025479459952433, 10.76825024520479, 10.919006628158456, 11.753927241908611, 4.431861095588167, 1.5073638577433681, -1.5415184989494264, 3.1991218767679404, -0.9121981005401751, 1.5356191724943744, 4.459779978153764, 6.200881584755223, 8.867564853648409, 9.36466134873762, 7.576761169944, 9.149842576886249, 6.250389949670803, 4.256424832922197, 3.0504078429609476, 6.50422315882921, 3.3179885397190807, 12.871330273595442, 4.9154449273448675, 9.657660617801309, 1.5321427310511646, 5.8965458474572845, 7.46835849656559, 0.6087950783640005, 5.671481579398952, 3.2073032536011454, 3.3875901393578345, 3.418071254316265, 5.424408333818919, 9.191309117766282, -0.7074129380219533, 0.3599479992769421, 0.21266968528695893, 2.157018998778664, 0.37879548683980135, 0.017479848704716548, 11.275046740285852, 5.649287033052005, 3.4802902485288003, 1.0583621087560884, 7.998914971720255, 0.21515017979536427, 6.067500509857759, 6.879749599600281, 6.593106130661042, 1.4005858242076137, 1.183642865192492, 2.8585247923899986, 2.352107044977804, 4.773227535712055, -0.9505467480506762, 2.7190260297364386, 5.409435485426149, 8.940050465155043, 9.85426031027835, 3.5174441927947324, 11.636587658801558, 11.698565634235907, 8.051977653389926, 5.034818608522762, 6.781065271026412, 1.140955811123082, 10.673586100929771, 4.728854896419597, 7.765612414931388, 2.087493573270974, 3.921386902690148, 0.5255176352337205, 0.21952169659578022, 2.7497591558772423, 1.7501292040043235, 4.976583998666703, 0.834298826170852, 5.802115323612163, 8.86791837123547, 0.49079603109100567, 4.185914722744693, 4.34880769455882, 5.844627622249601, 9.977663515172626, 4.521174210420381, 5.955416730394448, 2.7729425651719546, 3.1378878197835087, 13.18192783794954, 9.092683953073418, 2.339153070729609, 5.881359139150946, 5.341305582263951, 0.36752501324705633, -1.3550301142214805, 2.8683275770458128, 3.367948535320375, -1.0716377603047558, 4.407645898956181, 9.484738303993746, 0.7274999874404636, 8.690454483113996, 1.1876638340680326, 2.96800412926288, 2.7871635848159477, 5.111326145753539, 4.7158130328361105, 6.329857163122261, 3.0760656087993636, 1.793251496757256, 13.366918757153968, 9.04722664122518, 5.744098809541789, 10.46061122722627, 4.538254385222453, -0.28373989343288397, 4.85178302141095, 3.1745916325250323, 4.477773498222037, 1.2203547226036313, 7.732311720717545, 2.7340662146375165, 6.862509444830442, 1.6177446619655627, 5.005334437056862, 9.909213495112299, -0.01049949963627944, 0.3886412257727166, 6.457092950709159, 2.794877688566757, 3.2538223976555316, 3.386617242547311, 1.5858605176863085, 13.32950170676332, 8.736111468695542, 2.328802308975231, 5.828792652185257, 0.8965375881839369, 5.349443295483107, 3.211116435520115, 3.3631271112844523, 2.358684460972524, 0.5276773942256813, 5.178999406578849, -0.7919651027844087, 8.809124851045379, 2.402057498433625, 3.5569384733923783, 11.378649682949563, 1.6708407787723445, 1.8247667866960162, 2.2718581769890993, 4.467526093892483, 8.007583571409397, 5.161911241797985, 3.7757447009087386, 12.857743739609832, 7.372717928818769, 8.189558843272268, 0.585842332897456, 5.342074778675847, 3.4626871030241015, 3.6524663051307376, 4.032899627570049, 3.313116285933923, 8.705208641208365, 6.945297585186844, 2.079582277602258, 5.480005672041469, 3.194095607776574, 2.8204539763359375, 11.174296511379147, 3.3850952902176474, 2.768335297701266, 8.344078566726479, 9.132058467105809, 4.955300935795603, 10.287988034807444, 5.120531212285561, 1.4112783076124127, 3.9466736039363104, 1.2330068627549753, 2.0587190287228267, 3.6422984025534793, 4.70675412992645, 7.051683337889474, 5.096757327562609, 3.9038805094548636, 10.16232144118131, 5.641375763399172, 2.8320366534345855, 9.85776093308007, -0.06713294674289921, 6.093576007564487, 11.2036973961579, 2.2613687053510785, 9.102241939641585, 7.3256595692925455, 10.656276829034024, 7.763496237844046, 8.962407388121804, 5.842328419578785, 8.393405695443086, 1.562680246741882, 2.352960271020528, 4.649481602664317, 5.383435748503917, 5.75402336322129, 7.79674657492353, 5.673006428355097, 4.697790829105508, 2.291337467086866, 7.738047116585233, 3.5106244507829736, 11.446842003853671, 0.5702891466879264, 10.077004404299847, 1.4274372677825085, 3.342494184662152, 6.056810466834749, 11.28601361213869, 12.117315150097781, 11.176149118258015, 7.527293232734192, 4.0268151452000245, 1.083312328293833, 2.4504345565876253, 5.013779036204298, 3.3443707588752827, 0.9437831492794544, -0.7407570232078289, 9.233854159083913, 8.982664302838536, 4.97299613593044, 0.36797230886169724, 2.7559925646983965, 5.378843859372982, 0.42638344278136187, 6.291752373546876, 1.125342355771362, 5.235851644523498, 8.113407877733568, 1.7610876075824526, 2.5002909737918753, 3.286582778290877, 2.952424981335523, 5.554388659318728, 0.5281875528437666, 2.758613385313636, 3.7887800175138726, 1.9371464740871802, 2.3897528882785615, 3.235441329367969, 3.2133177347936828, 0.673595691412325, 2.518839257508353, 10.034822539704878, 6.686837973524139, 2.6828940556165364, 11.537055726161162, 4.915192033630558, 1.1012416774549754, 8.991382166503296, 12.181347091146995, 2.6875436054913537, 6.519607519823166, 9.443551233504431, 7.803957429091677, 9.372293989165282, 0.8199891534438571, 4.7633892150536425, 4.740169958497548, 3.818458810528105, 4.368940478425826, 5.265979301074333, 8.72713102294276, 8.313483336347547, 5.00661632785946, 4.190047249423507, 0.7511857928613505, 0.08944044359138076, 6.298396796272416, 7.284769572770151, 3.4951287168606804, 8.36539658340377, 2.1491046958411055, 4.8201395208430835, 8.473240048510004, 13.043608603293352, 1.3521719268860233, 5.992634841002844, 1.4758164443904151, 5.976045981428972, 4.77647183035831, 4.948357769043302, 4.88089434515985, 0.09903398114131516, 8.892539438249981, 0.14605425843816777, 2.5997799910066126, 2.9658687736309446, 11.324897588273306, 11.478572177390483, 5.3402963036376905, 6.393394366526764, 2.9847197484644252, 5.2551353621654275, 13.52170149919787, 7.358594683922446, 11.552413041126565, 2.494399923876115, 9.021003370997294, 7.681767633118573, 1.0775178871816435, 4.767962970155391, -1.4332977047501523, 4.198133033985881, -1.1457777361710968, 3.1810795123643785, 5.084477462516104, 5.714081953329093, 6.680201948839819, 7.088287266927215, 5.231229764057382, 3.61482906352486, 2.531918192263685, 0.450836575527556, 11.833635430098042, 6.245619567131507, 1.4806630462633945, 8.743388624332802, 2.45333225440071, 9.802757122152709, 6.891924709744788, 5.729060578896341, -0.1729797134824512, 4.572513072990028, 0.09952220311454331, 3.472448241536345, 1.6919105849103109, 4.86504587154598, 5.374769744426561, 9.14867974385948, 2.3680320105002886, 0.4105110310632248, 1.3455040218357508, 0.20552976385712277, 0.499597241289704, 2.9884520897850835, 11.751321521877033, 6.661578943993533, 3.3307312532438673, 12.786091359017444, 5.903481796604062, 11.99009484566486, 3.4781606615542535, 8.715741790281523, 1.5815620687295773, 2.2313193578641255, 1.4572215721852646, 5.474919414419097, 2.5465110906495414, 5.4327752695277685, 8.720773286962393, 0.5108489780432086, 9.407626080461963, 10.251341414841386, 11.591772127775899, 11.762732292447089, 11.584395179633669, 11.541917296091041, 5.979582850061159, 5.749265008800163, 5.614239387549266, 0.5084042866115971, 10.05496470840168, 4.811766133057538, 7.932649507623067, 4.427755568522979, -0.2226937702195956, 1.9172103843341308, 1.724827087850875, 5.379925531771438, 4.644345434828683, -0.578580967672327, 2.838666138987618, 9.493584315249887, 1.0631157035470955, 0.5289217430952444, 4.900223964372431, 7.954692971503693, 6.223161338248581, 11.102416830686227, 5.882147254601678, 7.215157965764275, 9.433877230200236, 1.5408913166481082, 11.180938747000827, 6.835107574388413, 11.90288929745079, 8.712614379136957, 1.3946527760305112, 1.7990102216221204, 2.7068644435042093, 1.9872539470920594, 6.760854570610008, 4.040129533164627, 7.663463648679997, 0.46594283335018905, 5.187632399517023, 10.178822528076296, 1.8765384542773214, 4.120367533938177, 4.423667472181982, 8.095307861571106, 5.612408392649932, 8.85457882999058, 8.509492314986465, 4.584512683828476, 2.434927183778249, 8.06755301291889, 4.702590356236736, 9.708799748048715, 0.0273712747378832, 1.8964353515612313, 3.5598292756103427, 2.9936187839807626, 2.514831170357916, 3.3944153730293873, -1.3996874106956254, 5.190977444894962, 2.3593622578299716, 4.215160706289767, 4.174581029535547, 0.38600594919643993, 2.7516829091303907, 7.64827059748617, 5.341294764381625, 11.461699967145107, 6.221105337164082, 6.5827501403576525, 6.34920087588439, 2.577768864189076, 5.868223398217561, 4.002643017329367]}]