script/wind10m.json
{"header": {"parameterCategory": 2, "parameterNumber": 2, "lo1": 6.000027932988019, "la1": 58.9999434238085, "dx": 0.5, "dy": 0.25, "nx": 22, "ny": 24, "refTime": "2024-08-25T11:00:00.000Z"}, "data":
[rows 0 to 23 of 24, columns 0 to 21 of 22]
3.1498564370862776,8.422898261556027,8.308479478450577,3.5900141053976067,4.039602659135581,2.7748548765525665,2.5028026453665326,1.9738769603370276,4.950302672692855,8.938418332602334,8.42432743341283,4.119647217071029,4.052914296297393,4.123591450887893,8.180636105919044,9.876351070357492,4.820361783315369,4.182875491815175,3.402278646323267,2.8581144100892337,3.559464926753126,3.5599137961169376
3.3060056632100947,5.690517536766549,4.076793402783435,1.3949859852889723,5.223092657614648,3.3909850678638147,2.8069358956208053,6.534873934988898,9.318657718404028,9.251267026862639,9.600148365076084,4.236591935798124,4.59305437673207,4.7683434152948525,9.293497546043694,9.756528441321905,4.035257175147096,3.666468870072947,2.9647879478498456,3.680123757992307,3.6172910183910587,3.3870601567269114
3.1951006834777016,2.9037650273594178,3.4242395500012788,2.873508744771014,3.452367967741007,3.70034633688137,5.4673261646853915,9.74797080922961,11.351724918581452,10.218490687937066,9.566807151503394,4.099561628974511,4.0516331694456476,9.451979373664356,5.5623107798859355,5.10243439524193,4.730131157591565,6.04270392357234,5.117174079720519,3.686734253597011,5.59924971630034,5.418471992642444
7.965325668250387,4.850236107499683,3.6167500927435814,2.9406036692689232,3.7996472800599967,6.944122511817215,9.694090502870862,10.622445207858949,10.393945375374097,9.60347603723245,9.730402485799084,5.928958684716252,4.1003911382671285,3.8076856640470567,6.007858588485939,4.9023435353580185,4.333533760282315,9.063965592441324,3.025168708205445,4.055286933082589,3.203716536216734,3.3631909170321515
8.461264219720546,8.51015043981216,8.27645496910416,5.119369488627989,11.023199951051915,11.500803812716196,10.958803730810597,11.35227217813674,11.419159320774968,10.211916138077928,9.702067238213917,8.14378851764838,4.221361870061335,3.584910355800085,3.7665721475842893,3.913122163638859,3.6029457739460007,3.844852540671912,3.3087288746644576,3.5945042438147294,3.1139336445345007,4.066578513858636
8.515816531327332,8.868299848815179,9.704804547108285,10.078560026154609,9.621515300241219,10.7486360369198,10.628725281099808,10.746331714783064,11.58292678174258,11.952206941333312,7.084771894392953,8.252301410142628,4.492580159074489,3.8232217854718833,3.6372344222751236,3.9169642793722446,4.071686642948009,3.8041937536631125,2.9040352519141273,2.664936613982924,3.175606768996001,3.5773008588189024
9.475665064392409,8.912277036156818,9.648961153582269,9.826991191265186,9.414651774391821,10.115427857048104,10.978287104381403,11.857299058551103,4.9511064726594025,9.746047942042631,8.118008960363179,8.07530563637544,3.964543060913884,3.6126287240469646,3.1956034891450704,3.5690909458653457,3.8531102068295473,3.6345852914822623,3.1262870150400186,3.164407314094941,3.501029595470321,3.7806702414676536
10.202832522708249,10.644650602262237,9.47024759166771,8.928281972913515,10.773937960609953,11.037363015277574,11.88550612374429,8.45995663921719,5.5310236644759625,5.639160602712957,5.322408392815036,9.640072188463986,8.598616802825008,3.9246374467151024,3.393061992235664,3.3632455072052903,3.098180308143004,3.308622532953083,2.9977073822209093,3.047969138014455,3.3451352944933173,6.531442015975252
10.731146375530225,11.142708869652655,11.502201742810255,12.208715186503126,11.214874693217658,4.038027974931196,10.24801575618977,6.687462963320289,4.643196703561055,8.77031213982504,9.440004147916126,11.07183811367297,8.287185755633399,3.9508403542571298,3.6101900759518135,3.425165294316364,4.68426855958121,3.73021457404898,3.20513767325315,2.982662802360955,3.4676302095513982,6.950236197123446
11.005772594532969,11.277710812591309,11.830782015388712,11.882362521838191,12.342114119691809,7.356706176728788,6.7901594360507636,7.140507161844223,4.03340418654917,7.508300618224122,9.550910247073258,9.530962969639585,9.48523920448315,9.360632584080752,3.777074240621459,3.5815394146706985,3.418446342068083,3.9447054762361677,3.314914687049725,3.2223026335458087,3.1167332446397995,6.472545891825353
11.056473334378811,11.519967426816594,11.74497207370557,11.777165321076277,12.078284233937191,7.4627905464541975,5.126409446815815,6.134313403831634,7.803609682033499,4.663974833960041,9.42047340940841,9.032321729136749,9.320954130137352,9.646426761396963,6.472748139749792,3.682073404955613,3.519883944491367,3.2189263713553666,3.492519388927449,2.6294053847500924,2.920615689754664,5.25677601364577
10.75947537531046,11.589776750701347,11.865343001814132,11.88037084373231,11.50180065943798,5.799855712139613,6.427665952975246,6.134302207938658,7.062213502571808,6.371478777577741,9.956253441233208,10.11560143908927,10.732607292550814,8.57159281878676,4.90434812577515,3.555664061653603,2.984638890204139,3.567725134083816,2.8978780270275206,3.105704753400433,3.374932836034326,7.431069172094137
10.784561277001318,11.24629186147552,12.068878911819123,11.945229179114165,11.73066416819136,7.079410500387445,5.81097446199623,4.526741519625827,5.114568120974292,9.125739475087656,9.807056186311325,10.188206879467229,5.950762790218404,5.094573608924081,5.078426699524414,3.7863102918481903,3.1640818921232583,6.507066337795527,6.127281714170383,6.386328022571234,8.269746962848213,10.6199787660684
10.730041552777521,11.347764853749537,11.484681333926746,11.579610147987932,11.597608697990047,7.182827455860088,4.14747523556229,4.370932003399384,6.568273912002959,10.320149988373094,9.359986119196938,6.788998312372047,6.678353884306979,5.772634754640841,6.064144117243277,6.2974233824874135,3.9859103982065687,9.443337199411374,7.974722605372348,9.55692394201381,10.631964060135125,11.041478456599295
10.772025415221078,11.027813482488996,11.35091739685812,11.109454641805135,11.369170341175083,7.752480421655281,5.0408009678662955,7.645154979131543,5.88658135049801,8.966707500774303,7.263340063751704,6.130534311984067,6.024363877655074,9.609513511436656,6.785715917686232,6.1216095897540335,6.249089671679956,9.453187800483558,11.056279017298072,10.578143340303296,10.46552038841735,10.265759289713795
10.595801791355253,10.591207779892878,10.835094734734325,11.172630418235478,11.250475640956306,10.189709517104331,6.683653537729049,6.954145862627303,6.979755141341934,7.004069912848811,9.159356000247312,6.169887074320289,6.265425831985997,8.666227709494697,8.92413122148532,9.933075168451692,11.282870613176476,11.552704441548586,10.911749330152857,9.567461936990709,10.330857363622137,10.944174040543068
10.3179105218148,10.080514298802626,10.453472511232334,10.941884182302838,11.081089375267117,10.568737325798834,6.795016154564955,5.904840216816884,7.905071966043746,8.215119598399566,10.280247419166628,9.854616327430268,6.54626885173645,6.560536958509155,9.302867293189172,10.195494877258275,11.219744718290281,11.632791505869639,9.058293188837013,11.562359052670176,10.713973295460173,10.582199486225731
10.203558844681943,9.978722705628496,10.084283462625262,10.451045863812062,10.678898670593203,8.633029015807253,5.225382888230567,6.531087741684547,8.68441054589176,9.885262804271887,8.673626071136905,7.698002940946008,6.280755183417693,9.043000659016478,8.496789605484167,10.981334243885147,11.136927788950121,12.30297048299048,13.311140182238987,12.12695965965989,10.781955491484172,10.481976054970351
9.950760358529251,10.109334950915677,9.833303005348606,10.027262379414475,10.769742174399365,10.527831685236075,6.651423331497149,6.047434623668302,8.692040723195705,9.523406815368153,7.262139791791443,8.78936736801948,9.480965514330116,12.050844918079013,10.56308445618597,8.807733768965017,11.318819318987709,10.409881231528214,12.892041001067243,11.67208460805424,10.80742256308118,6.227185687157717
9.428696923650257,9.734788664108184,9.817151366281095,10.157273085668404,10.65524604770759,11.008933984815787,4.727936282888864,6.079812657238797,5.442956651730313,4.098629413213695,5.15117717317951,10.031152409135204,11.879814815788452,6.25130520102357,4.378160063238131,9.419816401924656,10.838945109393984,10.877874212977767,10.10369772979093,11.08747867828024,6.701358177970274,4.506728765371911
9.426873523918196,9.500311703055516,9.336415162038271,9.391477556488647,10.62185582015567,10.381410885015688,4.721667069764872,5.979859230127718,3.6250729676023563,4.333570358561876,7.656834504725069,6.274918216258923,5.270359211175643,5.829660858280005,4.613296248526824,5.839422660572913,7.895302331480174,8.347701635223592,3.5162500557857186,6.192017377569227,4.014939246989594,2.881746560695492
9.328664508058157,9.626747483764849,10.428760943839011,7.92292912649834,8.625177088913041,8.843953565395472,5.681567063766537,5.998686936475166,5.187950308110692,6.527434350517705,6.613812432502308,5.361616058387839,5.206709514953655,4.354588383059802,4.805456290132602,4.835364210931983,6.138921849237906,8.004283917380802,4.91592899222339,3.6611351422536016,4.401560008543628,3.6817161945084593
8.615741057332768,9.412083085184266,8.18566114128655,4.480587964048538,4.745574797257496,5.4564052148731985,3.9146897349059113,3.9394534616931516,5.665231198482091,5.437878309829283,5.467380840131708,4.527198611271637,5.722315773855975,4.285821958930629,5.000778429195286,5.4027855458921294,4.2495255916292525,2.9015601425130275,4.719444013103583,3.549686571298851,3.3738430063887805,3.483736108383266
5.281112474136737,4.8774035218011935,5.1332058075466165,4.101857346928015,3.7759354011724597,5.077638849702757,4.800093035242002,5.25609938223863,4.2920727242215495,4.34919602782906,3.317298702597364,3.986866777647315,4.661014617001533,3.531732364594825,3.687559731165945,3.6955072286732014,4.825489291069107,3.8957838978231116,5.391719231684695,4.00913920512418,3.4930687058541476,5.646183429906723
