script/wind150m.json
{"header": {"parameterCategory": 2, "parameterNumber": 2, "lo1": 3.000054539987559, "la1": 64.9999836372058, "dx": 0.5, "dy": 0.25, "nx": 34, "ny": 52, "refTime": "2026-02-11T19:00:00.000Z"}, "data":
[rows 0 to 23 of 52, columns 0 to 33 of 34]
1.2438545333459186,1.1046652724709518,3.5256752328688585,1.4262518333002647,2.0558252162649233,1.1155311166171507,1.3196213950323379,1.5976611580937898,2.4620625606798248,1.2579729444464391,-3.3364981775984037,-1.7034482504105364,2.6772337653819798,-3.9568321041073897,-5.1728204113553335,-6.264137742880937,-4.962467949451716,-5.301654040154297,-8.324938413855708,-3.76029386572508,-3.207742974732261,0.008971294265367616,-4.329069140905982,-0.6987919672588617,0.31463387656675235,0.4791114393876333,0.14776151240305158,1.121007808959662,1.0231485694574658,0.17818500298067894,0.5131988608446597,0.4813293675605188,-0.09072291691208657,0.14074241775276522
0.18572929684470116,1.490075289174638,3.615814842851155,2.0062587797187654,0.978951008518533,-0.8590644979922013,3.2027824378505936,4.196897269468746,3.772684224266561,1.8541356226765113,-4.739360520229986,-1.824518707067396,-1.305728502541585,-3.352610184163114,-4.132471728704051,-4.954267134899959,-7.426445929793334,-6.027380577051133,-10.603589173502021,-3.2634930447513737,-8.19666047522714,-5.400885767479382,-2.592909061449782,-3.7161748975803235,-1.359106656736792,-0.5077769625190267,-0.43329485105207793,0.3785930984063492,-0.00901172153406354,-0.5929561597218391,-0.30130360679445545,-0.1021995098765245,-0.20066397073592623,-1.201950880875679
2.2545617443128654,-0.10112175434867053,1.4016957289928602,1.87485025179291,1.0302561891417066,2.2100538617347065,1.9201665331931068,2.9377592003157025,3.927907811620014,3.9812954207746776,4.085641649410287,4.531132002937893,-1.3253957100134666,-2.9174568536961445,-2.1788542089081537,-4.989395402168332,-6.588425292827494,-9.82528350942923,-6.980013754572382,-6.557261402013568,-5.015670906651483,-2.771012019714807,-7.52368743656474,-3.1797231015133454,-2.3794988269115076,-0.9033823307297917,-0.6937976098250662,-0.7794757879608405,-0.8672440792405677,-0.8758714135667549,-1.9318434592722602,-1.0515916421448843,-0.9207276590047734,-1.306010022401045
-0.1976334313017342,2.939553294250552,1.5811959723314242,0.3687901993526576,1.551052469380512,1.7432186508023049,4.823277525847533,3.373450528854312,5.410934125593971,5.237334614531369,6.034560174055722,4.934211641802015,-1.389995182701469,-2.2486676401454977,-2.3217054869266067,-4.066408514864429,-5.020758055106208,-6.503952587862421,-4.4669873025193265,-1.9738721081707014,-1.9873898620600767,-5.572758399136055,-3.7392227007028715,-2.8817489342182956,-2.032725165820115,-1.236246905451631,-1.534313001332287,-2.049535867070489,-2.2624465728932717,-2.221627518344368,-3.044298767312582,-2.4669221045614997,-2.1873448280539574,-1.8514452434652102
-0.24742332646806292,0.7957073738294556,1.7407275818318622,1.652113292243589,1.5097271474578626,2.286680834405698,5.177512586217502,3.6654673380480665,4.449589574290932,5.954351622535239,5.4063900094382955,0.2811423885827423,-0.7034845112359162,-3.5578170713390618,-6.600219315172434,-4.011235016909837,-2.5492967931115103,-5.797029576770193,-2.77167053822008,-2.7745169517396056,-2.027723947548607,-3.142776848453299,-2.3113467391377225,-3.857424103675621,-2.0107012947258602,-2.7575015047914024,-2.4630683893704526,-2.700497277358077,-3.293387954197934,-3.3376586796829537,-3.347957952632938,-4.7046342802000405,-2.767011524702353,-2.5343187525541073
0.3739930040033812,1.314312078808666,0.5814460860483245,0.15126438548680765,3.392952038828101,2.87851494845614,1.9642604400977992,3.7175244327755945,4.3909378325006125,4.680448112906008,4.161945762302981,1.160876376210521,-1.3875662676614375,-6.419106081492024,-4.506054700170221,-5.040084882880757,-1.4559283435887942,-3.959940254391128,-5.065044782117668,-5.074257939778177,-5.086737249427534,-4.428368012610432,-3.027136796688327,-4.047072081764386,-3.795158445849073,-3.075284437430574,-3.1883083071131293,-3.0625980142064746,-3.6926298524104952,-5.3047468716178745,-5.47310889733929,-3.9519663155471063,-2.393734440923435,-2.8584873582273835
-0.0018520639599861766,1.9796857601214304,0.5768933678241255,1.7487282106427144,2.7984869513290445,3.901187138270135,3.0995667319387974,2.7989770378167522,3.0075948351287227,3.434685974106313,1.9613609021991667,1.2009505993776908,-1.3258753402419767,-4.147645415271898,-2.1773094478085198,-1.4712553502639836,-3.193603799535806,-2.886633976134356,-2.977690188374108,-5.359277387642144,-4.357924843062141,-3.401364999456962,-3.5101091146136043,-3.956845798111444,-4.679067749153315,-3.318336134319798,-3.4576295365922314,-3.509004433874355,-4.619862834455569,-5.486319445170816,-3.332420229642161,-4.3787617234517615,-4.5461486844444385,-3.1853548174337267
-0.8994273331994544,2.226588938097498,2.145715223113395,1.6719631384301334,1.6907535872692838,2.2625282655776795,2.38120882722815,2.156702461857181,1.4577777175448208,0.5963646833302674,0.26577206731992187,-1.6446704425702923,0.016029320070559402,0.2738005851230101,-1.2527663016825425,-0.6282742804240568,-2.2983482812857106,-0.1837569213563875,0.45089565159934786,1.3015708521427547,-0.627030856984793,-3.012974751902591,-2.379610372983195,-2.3733418812229656,-3.2880170053076476,-3.988425426174647,-5.841666581487007,-4.3841128402457405,-3.7885110451474833,-3.4018230678328156,-5.40481141432222,-3.2740446356720434,-4.838559366767945,-4.2414665144890265
0.8534853993999327,0.2564089896035372,0.9525695737835721,0.9107434535452459,0.8318613418341013,0.9072543991937118,1.292413112072106,0.9021964846374105,-0.15378288040508906,-0.170210217411899,-2.3346624841208845,-3.5599096089626108,-0.32841751533414826,1.2672445237775585,0.12035961054925641,-3.687404977397096,-3.9807786140402532,1.5117253047349923,-3.2838634316769673,-2.033751607103046,-1.2274884643348902,-0.5576731376898152,-1.2528175959156804,-1.7466518161007392,-3.538460342320596,-5.099848651865157,-4.317333500755768,-2.8016392259912446,-2.3005830163135497,-2.603626148736327,-5.505281095200158,-3.158656873135036,-5.796123945221344,-6.063564947179222
0.8321212706114082,-0.35721067699305925,-0.0711037544351776,-0.45573159029516336,-0.3782277150802149,-0.3579537192680148,-0.6202901257287482,-0.8567968619008446,-1.465377043252192,-2.520558195765859,-0.9111368266531672,0.10934194638949758,0.05814939875972015,-0.2174953563820645,-0.33529542885432434,1.2105284196370705,-0.0576400870262877,-2.23373221382148,-3.452407485090288,-1.457221272827454,-1.01209059993615,-2.5458239563545906,-1.9811423205115928,-1.2925078293189594,-2.229202811706246,-4.703274244182983,-3.817554687797144,-5.441682899855403,-5.325959773453586,-3.7724954097211034,-1.1213488305129145,-6.793555391509883,-7.387654104018491,-7.830058046444458
-0.3315657246180749,-0.8871940373737621,-1.2016283562703112,-1.699412050864218,-1.752675291124947,-2.458845028477085,-1.7310975416377166,-2.1686565799002318,-1.6908892316917095,0.5032947490671751,-1.03957855630203,-0.1542084721514751,1.8867354364478313,0.8178930805706517,0.5634281451935602,-0.612944210485639,-0.770497931613541,-2.6151862450879455,-0.8005813729563126,-3.2722165903327567,-1.8172002588864562,-3.231195247265045,-2.625064635008512,-0.11257023015440289,-2.8730093341200287,-2.6082743273927647,-1.8562292152357909,-5.916816582672096,-1.0960349882389755,-3.098068686486683,-7.712004193042145,-7.767037217255674,-8.133978324383968,-8.266080112788528
-2.3323381499202562,-1.961959268542695,-2.152456524741858,-2.597349523800228,-3.362705451324628,-2.1779644762653843,-2.8764446136276822,-1.194721403053804,-1.078509585673252,-2.7535001840048228,1.5039087577227521,-0.450178812739266,-0.7443503108534811,0.8889888278904451,0.6949964756425682,0.021026583051845068,0.18716733491659743,0.5387217001920582,0.09679063691777924,-1.9043900374131935,-2.1975091200469294,-1.6251541671635839,-1.4898223732509899,-1.4167246929264459,-1.7227254017987015,-2.282396213285168,-2.5688415624112926,-2.1112969310728453,-0.33301679917440424,-1.1878280935151515,-7.729097117879931,-8.533629852856983,-8.732685948090396,-8.430993218567387
-2.834906744808786,-3.099597580684838,-3.4410531379560974,-3.926495821565966,-4.283841784277393,-2.1249530449579366,-0.05624881642093389,-2.7678929194446114,-0.31797768299543033,-2.1677251753426763,-2.050946434651251,-1.4645348778406362,0.8476065000204678,-0.06795007462786071,0.01434354052823499,0.6282676107008415,-1.3846889722716604,-0.9467604957092474,-3.3862562900707984,-1.0516773055225206,-1.076431358675615,-2.5926170669057558,-3.4483178221660085,-2.794111571993663,-1.572955974410005,-2.2470724125343007,-1.9305456121275089,-3.311345073343128,-0.7039683495783265,-0.5184267206795696,-6.945555987479149,-8.495634295246413,-9.099734823383912,-8.965011536238071
-3.8826366593809896,-4.349440821277442,-4.607489769622516,-4.055061140629277,-3.9935308392397917,-5.344321953441111,-3.5763544175425546,-0.8520200048731762,-0.35478744717319916,-3.8350020773050897,-2.2009211893330543,-0.6785835819864233,0.17631079712000775,0.08867032946782634,0.9647666172883524,-0.24718424951273366,-0.37588994212496657,-2.8320602196152613,-0.672165207594133,-3.3829468182254994,-4.347746046141769,-4.6697667615805285,-3.100250794853631,-2.8551812543477824,-1.3955766405660783,-1.9326869425819855,-0.6194320424723038,-0.013690328115641748,-0.03688613274088238,-0.3401422104835759,-4.601896093835621,-7.091383371003949,-8.109990452124338,-8.415766282186597
-4.395204026738596,-5.439411131762217,-5.10574710890733,-3.4518648960194613,-3.4589792287417045,-3.3371239762987015,-3.955970878343686,-1.1520944130493085,-0.9750191258344594,-1.362951817970567,-1.2487358849688277,-2.6623834610732273,-0.488360122279467,-0.3390482236827499,0.40423582663996194,1.1574806661254773,-0.02607925340932837,-2.267171135322244,-1.2267653180683795,-2.631943207628581,-3.017167683743877,-3.8734318710706837,-4.591962161493403,-2.2576503101925685,-1.2019174795733965,-2.344084567098059,-1.5477254945662666,-0.3179459235176852,0.7272066348697493,0.009135035857468214,-2.9823534124937883,-7.328321822224759,-7.194281829678545,-7.336030779598719
-5.6199049798150655,-6.009549636736554,-4.306859313549198,-1.333872050143682,-1.7487086653212596,-2.646540417701027,-2.178246855428617,0.21436948608249254,-0.6850785816411894,-0.35216943775511655,-2.378606415066538,-0.6049686930185624,-0.6493030141884055,0.7235767420031466,-1.1026473085656985,0.4299427361049875,-0.9558932587485743,-3.914597135984192,-5.378718988164175,-5.215241133708036,-3.064803240232913,-3.0211960627712777,-1.6055913345667967,-1.565290038884826,-1.5846573687846428,-1.480650330409232,-0.5865105835401296,2.288640335249393,1.1818162515441557,1.3056295188059226,-1.436429876361186,-6.5250843813592105,-6.714412543146229,-7.024307221235613
-5.902875128402279,-5.470495209287797,-3.250882730783815,-3.4785867680388414,-0.8682563787057908,-0.9295817812369447,-1.7002992648873319,-0.5867082614141321,-0.19407347798133512,-0.2834992563143167,-0.47529527933029236,0.034932316170956906,-0.8092451703543567,-1.4873581741306479,-0.8669110317666935,-1.3238466973521241,-3.6770679032378943,-5.049156288284827,-5.2943198883760205,-3.554649810693051,-4.025212429103997,-3.491942468005617,-4.397936403638578,-1.7815464182262792,-2.8971914923516713,-2.10066870551079,-1.4210767137890745,0.15472715642363916,1.758701033943537,2.610241559565043,0.6792373186456856,-4.364331167318598,-6.172528333511379,-6.491989424401954
-5.688234998771961,-4.371910896974715,-4.054862376942541,-3.7549305652022706,-2.2125844087648425,-1.6756872947226087,-2.3971665931332704,-1.4188405753413573,-1.945573582127513,-0.7923645511276707,0.24044383991612922,-1.80697856229583,-0.633111791281811,-1.6923314085546395,-2.5691866971417325,-3.7747341888391253,-4.317625347206896,-5.450196569372931,-5.855574471182604,-5.668059081813706,-5.671370736033522,-3.938159056705509,-4.893404501299966,-3.657566469730672,-2.1327579179522993,-2.6417903518521846,-1.5231792292868107,1.0207921202317871,1.6316515390482402,3.3567025236376433,1.1078768611945127,0.32015658753585674,-4.290412260810648,-5.152838535765441
-4.812093220772722,-2.499988942364146,-0.7266213287069713,-1.7364036034840138,-2.599200896227347,-0.23735308661336582,-1.7503652916577523,-0.6369400664515621,-3.426949847182202,-0.7048749090052787,-0.49756158967667746,-1.0166679478462903,-0.739718002304174,0.4789508632934203,-0.7808331702064651,-4.43136896424251,-3.084611030273288,-6.073592288591321,-1.7446148504591381,-5.085768910821695,-5.037908691039314,-6.172217550545253,-5.190740018366802,-4.05491462136185,-2.4523065760348106,-2.3890396891489756,-2.7727511451059352,0.27671955181581015,1.1609194449647535,2.1346468408788413,3.2552740188327816,0.46133530572510917,2.094783558896497,-3.9780137530387125
-2.5265880154003604,0.07401416297598068,-0.2652563498324464,-0.8907534557846086,-0.9383557663890277,-0.17857271114950404,-0.17083737080055783,-2.174940210378747,-1.5870166497643325,-0.26829548278256776,-0.004127539431936009,-0.8118298849171028,-0.8419250698538242,-0.7056733372157333,-3.2648033894745403,-5.181544689032089,-3.196740999469884,-5.036837458161108,-4.20033923863272,-5.942044253108281,-4.472561207066576,-5.852887029882623,-6.7869446052602305,-4.468363990238673,-2.86040913187703,-2.7990065190723605,0.05482319307152216,-1.0220570814931171,0.7851957239157249,1.352450954568128,3.0083920968851263,1.57796631743092,1.616271713952453,-2.116844545593929
-1.0541206187991268,-0.5183712578653876,0.016836503202260007,-0.1306280876630458,-0.06443164664429697,0.13337386417980104,0.11744546259694236,-0.370589772926893,-2.8471011636143078,-0.5263853380584332,0.1720860994563777,-1.829953396411978,-3.4509315001993452,-0.9224892523415584,-2.776639885542162,-5.450961040458147,-5.500620522023378,-7.737336803074084,-5.885442903332087,-7.489565495095156,-3.7879556359512288,-3.837712431847592,-6.8609769683368516,-4.318256247508685,-3.8110933009136523,-3.409087291851894,-1.1003114808083232,0.10754049847998812,0.9086180577880247,2.3027041035480207,1.3707169127761836,-0.31474828303589875,0.43217675073846656,-0.5947422669150396
-2.2454953254278616,-1.8305372287946755,-1.1081282222393365,-1.20793881577316,-0.9198081381590844,-1.4051624554657998,-1.2344579667785365,-5.440264932154704,-5.838892284750329,-1.4436983182455716,-1.2962816567368176,-2.684930094245015,1.6626690542980127,-2.007570237659828,-3.3078439975240532,-3.2402854385292863,-5.724469501031345,-8.688903352088548,-6.271329658020312,-5.556079744369322,-4.403586758781392,-3.9375217319001825,-4.528737438700491,-3.8346344926366838,-3.0488016689042565,-3.1350799207237,-1.975861204532736,-0.7992848121081334,-0.4009919805497243,0.3913197040000869,0.9730602902314703,-1.7381009041004039,-0.07882161810153827,-2.2650490280332516
-4.244441063497922,-3.0529589505816563,-2.8376416801177022,-1.9081747411601644,-1.680157427743917,-0.7294983000254527,-1.6212593644362656,-4.1993121140478635,-5.442821869981664,-6.285992655248278,-1.7204625518602694,-2.401492761802924,-3.118553371896637,-6.157570265231638,-5.28433305832202,-3.8725727063997675,-6.372785188636053,-7.982335073989663,-5.659027966436356,-4.6883244969015285,-4.612620510675393,-4.289065771722854,-6.062013112631488,-5.059544353330461,-3.501210382909199,-2.9506479854447445,-2.4895197614671924,-1.514682439318164,-0.5970853605536054,-0.7455575680033907,0.5956486389559313,-0.8777202622007206,-1.017114355326813,-2.3652707686080343
-6.011845185522718,-5.287527774166048,-3.7132678607864538,-1.786537744248867,-1.0073648234303243,-0.2649652394878326,-4.622380570785949,-8.242586594068582,-8.947401867173005,-6.61288860885544,-0.17442842718071527,-3.4574337745696706,-2.9396453292506575,-4.737531495059125,-6.2642860304825545,-3.7365246051070575,-4.37778954377369,-9.514027644858693,-4.716968929746361,-5.594292628643145,-5.198309072751996,-5.842911699134445,-5.254388744028761,-5.198790402638458,-3.772859823474883,-3.578978785225302,-3.484001416317221,-2.3646889408710723,-1.5934785730129455,-0.3548967923296217,0.23530179519407993,-0.964010377167884,-0.7114362586085018,-1.7512712668197095
