script/wind250m.json
{"header": {"parameterCategory": 2, "parameterNumber": 3, "lo1": 6.000198445256149, "la1": 58.999992894266676, "dx": 0.5, "dy": 0.25, "nx": 22, "ny": 24, "refTime": "2024-01-25T04:00:00.000Z"}, "data":
[rows 0 to 23 of 24, columns 0 to 21 of 22]
-10.788548069788103,-10.28211511111031,-5.497530905362119,-14.549420989647807,-12.5560342502033,-7.0519716236053,-11.315133897912162,-7.832325156949256,-8.86036398785114,-5.607456296363029,-11.771162840477459,-10.555932435041425,-5.522971975967136,-15.53470467953152,-8.360400767044741,-13.88473932703931,-13.434085495723323,-8.158246441823726,-11.730425775070959,-12.033501347087705,-12.364631213587662,-12.470182906378882
-9.729544817160653,-8.297006866244232,-7.656587140624253,-13.176422189990777,-6.435514588048291,-9.54946918522876,-11.19645073572522,-10.082060869879163,-12.809259659970586,-6.27832789894514,-10.419309842337453,-6.526661871163617,-7.160980094153517,-5.7501007650678195,-7.487348260083536,-6.526562494328898,-9.113647721242788,-11.48257195124325,-11.63425681441745,-9.327863836070627,-11.882487954524903,-8.466513187177252
-10.75199722339068,-8.806332268049323,-6.416137454269835,-10.998014996433893,-10.976625205611265,-11.25685580119456,-12.033944826159141,-7.126269908993693,-11.284574302158328,-11.541710140736953,-9.666957080280868,-6.2688976533728775,-9.143609561434566,-10.925062566849588,-9.376470349416932,-8.482377189697202,-7.348332309774303,-8.220391715405265,-8.115135392368638,-5.841296854137508,-14.864444030688297,-11.765845960161549
-13.577120618723265,-9.412752306958835,-15.381742221288205,-12.2406396980496,-10.478986072828082,-11.859039063950366,-9.794918897420374,-12.699774153070598,-13.749864169641606,-11.640396592395613,-14.432262724841074,-10.904370328527728,-10.091534781941128,-10.094470093952225,-11.57057894979661,-11.058137886070915,-13.105653790216884,-9.192900507075999,-9.25477860969485,-9.303588521045253,-9.187565477953507,-8.490769286524717
-12.72066475131653,-10.828075965345745,-7.202272418420121,-9.691876303298384,-10.789126544988486,-6.1731393590304915,-12.030911550125861,-9.069399549571488,-12.33551141853605,-6.858502426467257,-11.633143805707235,-11.657630020264936,-10.0636631659193,-10.822171568019897,-7.258848949908201,-12.439055740528786,-11.59748232124749,-9.306328816802502,-11.495429630300938,-12.139166261849853,-6.63235481847411,-8.93247024695673
-10.382123727792202,-10.928254480188498,-10.62992800672559,-11.614048481284753,-6.412537325264678,-7.139506242426192,-9.14139356433293,-9.643151705676312,-6.4846658217052715,-12.251912497964053,-10.587791317872238,-6.628548521244134,-12.756296703776698,-12.779905356854814,-8.507017278977555,-8.488021416851387,-6.171735756664291,-7.870741384179707,-12.278548834091593,-9.206902674809765,-12.186315209090155,-8.506812515171232
-9.662986429779073,-8.355789268279542,-8.88156145805329,-13.757811293623902,-11.360924488056696,-9.369582825761034,-6.012451148579,-8.510721715273656,-7.377724290890395,-7.496335268754849,-9.157993557001904,-14.865552839478186,-7.0463659024091845,-13.367498625945549,-9.902826412548183,-8.190381066996073,-9.641956885945064,-8.318764708582835,-13.318038052472298,-8.38710964730154,-12.20270830788638,-12.826191649783555
-13.581877458791638,-7.737992202731852,-14.339024481298518,-9.581479760363752,-15.28672738397499,-12.413955199574678,-8.577757910405966,-9.447576598174166,-7.733774410030994,-14.834357893233529,-7.299827732207505,-8.810187336883763,-12.715675048309155,-8.753519770560926,-8.932030252190469,-10.971766192673936,-12.170733200393508,-8.447836420329992,-5.796560701090106,-11.92721219930042,-12.198439200778138,-9.342779697675555
-10.577305405340631,-12.454685933948326,-12.062258299103119,-10.591829803571777,-7.674937440644223,-6.585284046193078,-5.814589156444645,-11.242859400235732,-5.084495474643507,-10.153678960947957,-10.926286644610578,-11.676955460257709,-11.39423924142546,-11.362505499820136,-16.3249221067542,-8.663785711366318,-6.916412067242646,-11.394606540076028,-7.983251464720381,-9.345594313346462,-10.53089162755001,-12.439124922324702
-15.060052358522992,-11.969364176240237,-8.257983634315684,-12.50841508386865,-12.350968592762822,-12.003181887604613,-10.758031338048823,-7.865155467105876,-7.59599333143439,-11.847710163155996,-7.6862715055812245,-7.181459128268104,-13.469861698968186,-9.867817995104376,-9.772971279313987,-12.557366854818575,-12.352140321793348,-9.968021227833217,-7.4733632864223285,-7.563127581882891,-16.05952077011165,-6.429149456160699
-13.058388179813909,-9.994428970118069,-11.13580277437125,-8.239452457967213,-13.71673756108259,-10.281833645961507,-7.396186615790205,-15.197206611207013,-8.074656392691129,-7.570227550686834,-10.295697007967146,-4.930455702631524,-9.772074445898278,-8.481081584994737,-7.15789036467511,-9.109198061781514,-11.216878571537077,-8.452804023614277,-8.401398011456724,-9.806478932830808,-11.095937695558757,-11.432250375376677
-13.446374842026419,-8.776719327952504,-10.728680304251576,-10.579173911856952,-9.45626578120201,-9.6519214203506,-9.317843360303614,-15.182601654893285,-7.749847473395916,-11.20047416113934,-7.299200350439714,-11.855888562911625,-8.342443352530422,-10.972488088756661,-11.540959870580581,-7.578689303609475,-9.595059254003042,-8.192336761553593,-7.976148861358886,-6.2781831456553725,-6.744412605003595,-11.512654249390344
-7.396656517340678,-14.261216323585113,-4.3758459452248175,-8.890182486684347,-8.351157170643743,-13.208330010706716,-7.848991257890178,-7.803131512739579,-12.237489230624679,-9.45537640776727,-10.871399248360643,-12.202742302662287,-8.06229127366505,-11.959131340482447,-10.822985850556366,-8.087480519543421,-12.229105918595142,-10.049388871942023,-12.938178509962707,-10.612015375839242,-12.866293805433376,-12.790507843868982
-11.71625191178462,-10.805619068203281,-7.332069706763768,-13.488305307413494,-11.57967360881871,-11.981487545156751,-5.862184242025854,-9.142731625529812,-15.103524229691935,-8.136174742402723,-7.536658280738267,-7.137470719192926,-5.95536931662178,-10.248035418378974,-11.338124913128912,-8.968111157495532,-6.822734417845778,-9.373722024242015,-6.661881234684948,-12.169150561131309,-6.230051003042382,-7.59410364426512
-7.948472132390641,-10.664066673000567,-8.038303217658406,-9.481695414230975,-9.146067703860076,-7.502895186340846,-10.722936759956907,-11.647862929882425,-13.72699476299531,-8.514163008584216,-11.513425041761552,-8.593567676395077,-5.627700482942883,-8.063009450405156,-7.596709571698077,-15.631189027301366,-13.608590047212502,-10.720636260528533,-10.525715869168899,-5.402595172271095,-5.742363923392085,-8.90826144857541
-11.70267343837281,-7.285841391498786,-9.604488744641055,-5.235463152120123,-14.312857436898032,-8.48949326962953,-11.564661586449791,-9.079701077911507,-8.088146728392655,-12.394551194031575,-9.782256220485632,-11.39107543678746,-11.178515811976629,-6.907855629102687,-11.43718648618053,-13.0571813153482,-6.940964198795785,-11.850954047254278,-10.6674903807043,-11.472005360995038,-10.717275932534838,-9.676326645755184
-8.200723018960824,-13.378579756173172,-10.302415340346597,-4.942215743115594,-9.229903294523426,-9.760350907753823,-10.407252614286614,-11.498673445351175,-12.619521822150341,-7.270644887908415,-7.968099950423558,-8.48997143367786,-12.59491022115996,-9.159703029158607,-7.644861649553941,-8.468464611003562,-14.180750353131366,-9.344090241575678,-11.42948250082978,-8.5598036875493,-8.888286278306557,-11.52946299953192
-9.796751875774884,-14.987953902360736,-8.086563914526089,-11.343198401816124,-9.196870134902273,-9.870440206892573,-12.694526288757597,-11.001968353625546,-12.052413059566614,-8.196065199655996,-7.321609664448135,-9.425575631812219,-6.073240921549277,-6.968881194560186,-11.442802362366125,-13.362904774848639,-11.094302591685722,-10.382550677153414,-11.631917325754792,-10.361462231776331,-6.361528267651814,-7.738677477222523
-10.977999476376183,-11.354469498841707,-12.47937571903442,-13.615288571092321,-11.264955446048997,-11.992722344704692,-5.472098207111214,-9.642528424726667,-10.727908827444484,-11.889760737321668,-8.37820155461137,-8.97089604029665,-7.623140183466047,-7.809559500272845,-11.906877655194965,-10.931643977301338,-7.63618691933672,-10.318796176093235,-12.600629779606264,-7.022658791315927,-10.902097601951937,-7.294846638109592
-10.583604526182278,-10.21474116428329,-11.193212523953004,-11.499959208088868,-8.012014381073003,-12.530492167209928,-10.397409373377648,-11.704283711152083,-12.884270335039732,-6.981571751452112,-13.367684734197383,-8.565332106332445,-14.600110676072466,-11.944561926601883,-7.779886577272473,-13.99030348225351,-11.24561848149995,-9.518589812422519,-9.595473841082892,-11.15064964395093,-11.602902033817069,-9.492008628468437
-11.33088514847848,-12.572134164344906,-9.032749506678662,-7.314797943821258,-9.54083320175759,-12.202127870854227,-13.870975097354101,-10.281334170639337,-7.269224216643545,-10.344169087359672,-13.465142997204357,-7.355279342073022,-10.21062262842156,-8.959773969601917,-12.753331071680554,-8.990229490583479,-12.244990448256356,-10.237324248719972,-8.688605528671912,-16.603554242636747,-7.648670866368445,-8.262875548996462
-11.846929556229314,-12.98516794451686,-12.640392410187898,-9.799680866331897,-12.913754011928374,-11.760622987808018,-8.229305381945089,-13.832283398799353,-7.359486558882108,-7.1448937401568084,-11.425092937945921,-12.046919780321057,-7.336704761249592,-13.993184545534177,-10.01470561628334,-6.292965774622467,-8.437571904106502,-7.534273461038409,-9.016429097160415,-9.266231943711764,-5.593837302026069,-8.518998139273426
-10.975386431205695,-15.64566845800082,-13.00342077862257,-10.916771691171103,-9.74472854804852,-11.296048527110983,-11.306941062625363,-8.908561009053104,-15.041930948474894,-11.540101966166226,-11.948158216140715,-12.344501667150197,-4.946639050393394,-7.4170012035547925,-10.489191269317523,-12.133564797911193,-9.283921789723221,-13.24877082277101,-8.709460809187544,-7.714215271373286,-8.339463315797728,-8.971059398611116
-11.225187350579475,-11.719771282771221,-14.489176235570564,-12.562636666671493,-8.081557917410546,-10.720252511317424,-9.170386483318223,-8.628861013686567,-11.498059728324263,-9.643354904828929,-10.979314753535089,-9.272108105135354,-10.080713926844483,-11.155520076156119,-15.984325554345403,-10.232388556634097,-12.955777441039562,-9.075293277688653,-12.04255028449429,-7.443428735439453,-4.534179815328963,-8.366991926454448
