script/wind100m.json
{"header": {"parameterCategory": 2, "parameterNumber": 2, "lo1": 3.000054539987559, "la1": 64.9999836372058, "dx": 0.5, "dy": 0.25, "nx": 34, "ny": 52, "refTime": "2025-12-13T14:00:00.000Z"}, "data":
[rows 0 to 24 of 52, columns 0 to 33 of 34]
6.398725457855582,7.529075107639293,7.046514864587754,7.1201006740835355,8.136725864133142,7.292178435076663,6.375367087231788,7.848885708095671,6.398682781475265,8.584179245096172,4.327472754282761,6.552199408502395,4.937657721754879,5.577941042518462,3.4705860545585927,-5.033765380469207,-3.7706443179662794,-5.827322856181102,-7.645466850596438,-1.4867812874685868,-0.7651896603013264,-1.2047804131756565,-6.200004483552523,-5.053527124669859,-4.63486265849954,-3.2487680591459798,-3.0052863163241668,-5.672478687484766,-5.212845056014235,-5.667915081969055,-6.467762800461375,-6.57416017514132,-6.310908651559537,-5.996940861954588
5.347394725349761,6.070082525728324,6.168491991903337,5.450925755674217,6.079710004440725,7.047958266339119,7.413582755320874,7.992658232483475,7.6591017081717965,8.930626087932595,6.75845649986145,5.834110376709814,5.757419736654176,5.210382191098907,3.532433369646811,1.1184618175869476,-5.2112332895884395,-4.410282402529117,-6.308165582341105,-2.613522964979221,-5.777988905579675,-4.299810840482291,-1.461220721925343,-4.344085937003463,-1.9550542536696256,-3.8795868944515366,-2.9939427215472394,-4.896759113905877,-5.333598294002221,-4.335596570671836,-5.746914350543912,-6.203921830004814,-6.171204736822355,-6.383967492534054
4.829371068553016,5.393738661193604,6.063089667036191,6.709267572828747,8.987798873926025,7.8935201351224045,9.886354712570785,9.573932953418423,8.561646750435644,8.003421845815812,7.179002372128615,8.25322423374828,5.713090661682896,3.626552362585196,4.412450791123934,4.5405804178784885,1.2359549693783987,-8.76165617495485,-5.001348650424102,-5.335522340251487,-4.851071248721063,-2.0901968845419883,-5.718538346179007,-2.688773543822002,-3.187178208814751,-2.571600865084468,-3.9923918030984122,-3.423504716434647,-5.215636388190993,-5.801604941252815,-4.956978695197206,-5.291043930597337,-5.7638814411670065,-6.401614455326431
4.965963427869419,5.830157223156943,6.542531249521482,9.250616464766301,6.546626490204409,7.062722738914028,8.727239400896304,8.714534781851668,10.046416421134023,7.648985807938651,8.599939055338695,8.330103481063523,7.118893544213222,1.460248754675721,4.575042869832527,6.285124298795266,-2.252622208051371,-1.3492725511994286,3.2278011806364244,-2.686285771666478,1.0977420891405696,-3.482739600867607,-2.936403112394942,-2.120107204050204,-2.039459670920562,-3.779822616146971,-2.129109481884416,-3.6202183116076054,-5.516081241414451,-5.554463745861299,-4.984924040043737,-5.9266085224544796,-6.2433581805618745,-6.942045631847491
4.4568691125814945,5.335667170190989,7.456160632575323,7.731714644120273,7.569913954179997,8.148620586350516,9.13330001459345,9.916829783784003,10.519844136989084,8.47173921488891,7.048574691475275,8.359210645498926,5.120599039106001,1.0910528617637818,2.3369816576722005,5.968983266410543,3.4688861754808125,-2.2072886430866423,-0.753892728895829,5.354177863003567,2.772477966776536,5.080794619101352,-0.4781911617168116,-2.098028905379593,-1.4677303665165105,-3.521272220461396,-3.9474486420039976,-4.387158284512114,-3.669276351461082,-4.025411475734532,-5.332378986552085,-6.03523319593262,-6.141140860997269,-6.183330240699837
4.9011025366367855,5.1272657635318994,6.614977852710522,6.983610920694461,6.970575984973904,7.822861043758838,9.363687846803192,9.948343315641642,8.305671028448728,10.843901278034775,7.976035176818078,4.803417607266104,3.7150472169043143,-2.2905242541358852,0.08263213965857191,0.9259478694725295,-1.023377743026199,-2.5481427541969848,3.074166580911152,-1.6795554567447273,-2.751444200593885,-2.347044136127683,0.07256976360328564,-2.315921756699172,-2.0373425864351598,-2.563572235573293,-3.15957662173696,-3.740034776510555,-3.6946234629842776,-4.527649127517247,-4.661379148689078,-4.883165504115562,-4.530559624802006,-5.899799657647264
3.6335607531904683,5.317696738112041,6.483147367073243,8.386777220987371,7.665159512231783,8.05833004755304,8.456344321919744,9.700864593157474,10.042769803451282,7.748353113808186,4.059417343842243,4.262260514086997,2.7116133201080155,2.6956412503071077,-4.15018895974549,-2.7105402812573094,-1.0827553510569492,2.243891349213095,5.514434452351423,1.9777428761111264,-1.4032240238688425,-0.24725549873387953,-0.41559846363495323,-0.3975642373811741,0.44940990461330915,-0.7384327868884824,-0.2553178044657981,-2.8581803996081803,-2.44833569042455,-2.763926718093833,-4.592615619132297,-3.786496004482476,-3.456316490698471,-4.960789933720738
4.526249245021419,5.4444322337156565,6.157361331901157,6.576109103765477,7.676137269296584,7.347354231177737,8.05311753085518,7.454473673351944,7.996762468059124,6.493457479669985,3.3972002073762204,-1.7334549111974087,1.9334369358651604,4.264112517872702,-0.6980767432527016,1.1245733526267145,-1.2443406370602597,2.308336158746117,5.812794317508373,1.4728059579739905,6.575777008061585,1.885477657889931,1.4333505290438082,1.4306921877017,0.43859887876337583,-0.5474189147016041,-1.5785424655595766,-0.5336889411368516,-3.3798908929442333,-2.883437985658841,-1.6410545582241767,-2.7034785300342383,-2.004321857204713,-3.700179350748546
4.754329845532357,5.146260147148295,5.824015515324327,7.395845200920519,7.685194758751634,7.997409353202925,6.6992879554906395,5.5381584254242675,4.088406282925684,4.692523915985831,-1.6223170426021445,-1.0873204136869081,3.6520030446225147,3.797798379763084,2.8967594022906074,-2.668569777276299,-0.7522611813736934,3.4899571894502746,1.9948044669107279,5.0108120238620115,8.520063201688279,5.088975793971165,-1.3230441701934699,0.5307116709580144,1.5767815202117466,0.7721668683990076,-0.12119848957351084,-0.7714428443743243,-0.7484577598480233,-1.4237880065212392,-1.0578903014101644,0.3758191021099684,-1.7729228908060202,-3.062698365340997
4.270622620570159,4.948578930213889,5.542333349032126,7.401885199168422,8.114627828205743,6.429412375353267,4.404808870941999,2.7312444913791167,1.08678886807026,1.7701585661924923,-2.1072940886980343,-0.3427276764190261,6.295533637880582,3.840998086178228,1.1467370622455633,4.471644261750496,3.342539904633365,2.5454395595366495,3.5433635348620256,4.682248657136689,6.245042573492474,3.082788195569651,4.248609804524963,2.8172087505377115,1.235027309192595,0.9561777659248185,0.17327804039678096,-1.6613044918261717,-2.5466217455773603,-1.5578314868568939,1.3923178671477605,1.2305826659710644,-1.0251364744000389,-2.561503427220806
4.529892294602269,4.8871704077119675,5.466966798511529,6.223320303720464,7.822929406201976,3.9277659962849576,2.0552703937428296,0.490455234008041,4.476373554242804,2.0507859145320326,6.723636815472057,-3.6192644814145982,7.331175992401018,11.649561453514496,10.94803958931871,4.700091059923983,2.4875623691647366,-0.4493624355063947,4.2927670195379,1.8838096404987517,4.520301774459077,0.012013647480251395,8.694922043339602,-0.9272799234381771,0.28902830802113877,0.43077540017109417,-2.790479803232963,-1.5422004223904004,-1.5869181652162652,-1.336827819920325,1.2756508709749088,0.9729377752225229,-0.7312110633501523,-2.473965973005174
4.8164047526238924,4.614648759367733,5.090748290935863,6.785329139939701,5.919590198744468,2.5719782937891784,-1.8368269077082418,-3.8994845774657203,-0.44729356224882494,2.9497228576148564,4.339285972311021,9.999040109750448,4.863161414637909,5.720590688253031,14.20680281638686,4.048671913816016,2.7500165967466996,7.449558988392611,1.592461226206616,4.793321945840924,6.259513710504704,6.096554805185421,-0.45684729266233776,5.4619905758282865,0.12503004691529315,-1.978453154733405,-0.6376171528672103,0.25075137395827657,0.48038577027113183,-0.06667598614641827,1.0785826670781482,0.44559061539563605,-1.0668257660422928,-2.7968419645440696
4.182235591551957,4.622512116241536,4.091576640766984,4.640873742337137,5.73050324001044,2.536928918319744,-0.036514701642138984,1.2075387171474625,-1.188241736396049,8.415572696402334,6.4082668700334136,9.45282662444079,3.8973446365719058,6.664146142962865,6.158077094620626,11.468768031071889,1.39577048613272,6.666340178451826,6.2024487284251535,3.6785761900030245,2.390574440254493,5.133863149393817,6.578023880604933,1.8678709852886801,1.2446993498724785,-2.1637749733997054,-1.469889961777778,-2.2112293171032524,-0.7600132547717142,1.116242721283268,0.6363440396457899,-0.03051427023165501,-1.7012525045641291,-3.034905777492182
3.6050501140103384,3.6105366477877796,3.855034671356835,3.2242367645976597,4.754348581159806,3.198867191549139,8.543485204828997,0.22229652105399114,5.6857668271134685,6.7653347948289175,9.048105672335984,11.43580444629118,1.2650415965951212,-1.8759599876110538,4.99924012324589,7.278723083684714,3.9718308863308236,3.6996350057822127,3.1365750157921526,3.0929091674806695,0.6172620688053798,4.18479712393766,6.5255500621362685,4.987613986886513,-0.007460213484170367,2.150660557555389,0.2563792358410983,1.6191384761382306,-0.8277743017758713,0.44433720839151764,-0.1902156705215906,-1.094805612480895,-2.691775849109485,-3.419963150999352
3.869472743621439,3.2232379689106136,4.1139907123721144,2.0660783846390602,0.8142515413887754,1.3204783054268912,0.8672349739407171,5.156641687423231,0.09794089311010673,5.10681997300894,1.4852190380138501,11.584051493286266,13.197801097259454,7.514328243674243,2.564635620572364,5.994073417071608,3.7071284392686423,4.688011661411757,3.228565266948434,0.5102633458820567,1.522106522794945,1.7048821119224675,0.8045665656170639,3.048725103970351,-0.10406560717190536,-0.28693336210096926,-1.5298960368698793,-0.26193194771720535,0.0998927653357548,-0.1751529867017071,-0.9091937358334171,-1.4753705914710642,-3.567030918832491,-3.6254514035034617
3.7417378281936626,3.2106745518019797,3.1312054268696023,1.9945487644346271,-0.7800451062517894,2.8191602928752793,3.321384940904781,-0.16014694882532154,-0.09360125788530807,3.749612494463944,8.3220442895664,14.279841922337056,7.020306421446145,12.191303080611116,3.872033033633644,4.059875701116012,10.03847894996338,-0.039355592191541465,2.650181487442012,1.359954198543837,8.983164551914667,2.0752397810094236,-1.6635568527303433,0.7446701132842914,0.15472140545969348,-1.0546234204920568,1.2333024186831079,0.09650262420013396,-0.06310806321664307,-0.3085569029106159,-2.1518810645506363,-1.9816219611111536,-3.843424253925978,-3.8929601793293047
4.095770817304026,3.06067755348964,3.19088501433744,1.3253175206218897,-1.2860471799927315,1.3733621682688333,3.7084360700093515,4.317525674649101,-0.6811650673919548,5.8442132226553145,10.214985841768206,18.156312444016596,5.773584363643856,2.815407525664312,-0.098424616808685,-0.8702730867532635,2.122038038383915,-0.22819376694674612,3.8247652542848387,1.2891198243820399,3.3815653312522693,5.476387702058553,1.5112247485328105,-0.9620251951545759,-0.038015856622787156,-1.0048308557010934,-0.25987084700066837,-0.8218464416648644,-0.03657749304439929,-1.2844663714227362,-2.6483785003273144,-2.9792920631556634,-4.05752886259351,-4.287280234817382
4.254399861211357,3.6297591814096464,3.4894626702278075,1.8584562196777963,0.49893640127463135,2.124839197799931,1.6528368278736372,1.422543090773713,10.425564066970262,12.393372866384194,5.0487743717609606,10.681721531940507,2.2599351322311985,6.941281606084048,6.584620727130072,5.733611669555792,1.3608119105460714,2.7290323537963883,2.889196423274573,3.969975406801304,2.5998919235577262,2.2506418341613745,4.024117345384988,4.222893020974605,-1.5333555367156724,-0.9208002282355499,-1.7157333192054176,-1.7796354483004109,-1.7821743101956398,-2.3700883294272015,-3.881523141883287,-3.9215429978360623,-4.23916016475484,-4.821843267263964
4.4121175381435584,4.349055532111393,3.572157958570736,2.505258854030216,1.2417681860220162,-0.5085154195860208,3.0352810540754898,5.901173206783749,3.1422504653419625,10.822969014965436,8.085348090469756,6.449378501884175,9.26248394414719,4.9191299478312835,-1.3524228868627155,0.35710464261497404,-0.24184948067682238,1.7557787926764947,-0.22297637405483192,2.1027919960129684,1.8077210617469857,4.050267686075235,3.3728747862837682,2.7724969656890974,1.1909185272493816,0.4597531565287551,0.12772710279503569,-0.7932406907311131,-2.417411797161727,-2.775155662212636,-2.978868040209951,-4.029471338784656,-4.789385123931501,-4.974918314336925
4.991836937607876,3.903498165313565,3.001735693268745,3.059221407683396,1.4595310876838348,-1.0709286980678896,1.9904721053546857,10.922845485427068,8.894971952997725,9.801367931492402,11.575889639268695,14.658542769236242,4.424892862472931,16.26942333333876,2.676528713387005,7.296379960546362,2.224480986798739,2.7040086702764605,0.44433124441154664,2.4504437738811946,1.4581489219974226,1.5642416476087104,4.116614562446368,2.848601184332347,2.303460085264816,1.52356515969686,0.8222999643998197,-1.2754679493266297,-2.892659730471575,-3.0312481949955736,-3.3008401527976856,-2.4021030080755317,-4.305280874681707,-4.404196067419918
5.307140955532046,5.1086942940382345,4.491731146062844,4.0190718135463985,3.227110368051373,-1.2275034558273532,-0.8154565901788016,2.6020079272603605,8.607108453331428,9.223023353014948,8.766648734367896,11.475594590975962,9.933279761270525,0.5267754052142464,3.0940424740991364,1.1582600925431623,4.301870702169759,2.7430593054367907,3.110684410037321,1.2409032259389907,1.4832415434765234,1.652745369613419,2.5392515279797636,2.283664008565844,3.0341593968505434,2.8245407720680364,2.1010546654879385,-1.3961105068032982,-2.512325440472125,-3.248419107542721,-2.5202170834199618,-2.836305513625743,-3.2133362569376565,-4.079832841112241
6.714893739689177,6.333311421167417,5.75246968530949,5.091399714348535,4.589941809007534,1.436572559206087,1.2414139278108296,2.9139552854577735,6.776570629622747,6.862855036232683,14.914751944020038,14.09933331624416,-1.3825165600946225,9.29611281716306,4.501138749322546,3.613572450694726,2.486091598711882,3.392143034773935,3.851194956143688,0.14919799083099108,2.563738422795947,0.2436256153123552,2.834028745561764,2.7105513381549096,3.159217584548929,3.416726875923089,1.932225022609295,-0.5591475280204085,-2.6097962211007397,-4.366909754890706,-2.4869718899280437,-2.979183808815517,-2.0609816146299673,-3.641070932162486
7.597529891481722,7.180519646366795,6.862958052124649,6.124578059810845,4.663495465212318,1.8242327752910192,1.3324381631942805,6.353110247135732,10.9078455796671,11.228135752556998,2.7451167707908732,7.557461859909668,6.6552860052544185,6.679059071143016,7.764521403443499,2.2145899022633393,3.2041585796039667,4.733001150127573,2.2663602243362146,4.047027178997604,1.0122708470677175,0.580083262369752,2.568814915222469,3.250889909458877,3.918162668544607,3.9499186272004256,2.4289179404168757,1.3513758823919462,-0.4939500681608449,-3.325908404066544,-4.729879893593354,-2.5236110969530903,-2.393894897085985,-3.604804298228941
8.399127031485943,7.940951755683942,7.92309388828131,6.994862888066091,5.413993346411242,3.734818996177751,1.4979752959009733,5.381311725260252,9.257221080020397,0.4000276029033535,3.5704171115824117,-0.08571971852526267,7.306503557274064,4.417146452120678,6.1284031157283545,3.937857606315663,3.1781573313351976,4.766934814035523,3.9279468034328726,5.086921668930424,2.436958456202535,3.6213289927351546,3.708552445624095,3.3761069027368715,3.636490396477475,3.7221129752426605,3.5518258011478365,2.8275271224596112,2.108893066150477,1.5049661564365344,-2.100064178772401,-3.0239792239332033,-2.583068320308411,-3.3622457529026266
9.145297756500604,8.311372986748596,8.611006801938666,8.061607644425587,6.294503762041737,5.261435302469595,0.6505700457542343,6.359972915146751,10.086964684152978,5.615992042783322,7.887214128387729,1.891141345747059,3.3970302381888544,7.2627484332664345,4.12205868543062,6.2748824317234,5.385808842515896,4.584904531913035,5.030944979742154,4.456684875274771,5.009247787150411,5.099512057116154,1.2896033126520103,2.8054045723637886,3.8238781629370764,3.8712888836756076,3.3368103685266646,2.1543683117082884,3.413007004982394,2.842796311014559,3.1282276910355824,0.46377410025502963,-2.753049940333802,-3.114926453563858
