script/wind350m.json
{"header": {"parameterCategory": 2, "parameterNumber": 2, "lo1": 3.000054539987559, "la1": 64.9999836372058, "dx": 0.5, "dy": 0.25, "nx": 34, "ny": 52, "refTime": "2026-02-09T10:00:00.000Z"}, "data":
[rows 0 to 23 of 52, columns 0 to 33 of 34]
6.272981830780649,6.444002735676835,6.659559602366985,7.371429640733396,8.11956250693231,9.086647884114942,8.860060695415903,8.878599963084632,8.216379735244855,7.285065106564879,9.076891046537888,9.836990349405475,8.324845269141669,6.639567755259681,4.379971695214063,3.532445989958885,2.684214535923031,4.751522797093591,6.3887984663853725,4.857799432496671,4.0083035711873745,2.0416633900428858,3.086741876442322,2.6098783740300524,1.398640851603549,-0.6705168480153854,-1.1720803068065229,-0.6567093389196771,-0.99946824259035,-0.8586255691629817,-0.08161920412126926,0.5569401259110346,-0.015106317784772824,0.47980572614970013
4.492013727033281,5.347616286161381,6.868839616814908,7.541339507125688,7.786341782856784,8.356765872476338,8.801246759924908,9.72473880069567,10.757861814675678,11.122040569476177,10.522089050395119,9.768518674562834,9.581001524821774,8.773356940715766,8.793664620126481,6.366897580262135,6.35187945262863,9.567164974226158,7.66728179002072,8.288280821952188,4.557733983335163,4.036529336539597,2.497755248383452,3.3409867481135933,1.5551686545873584,-0.6259335404336434,-0.5639712766725177,-0.7321381900719697,-0.963055686652875,-1.115037581562378,-0.1328687764964103,-0.055284180422860645,0.17495098041230728,1.0419298450118408
3.7948440662647203,4.47722089593307,5.151449723720064,5.741524753685512,6.442699469410572,6.39959906645917,6.4999430109834835,6.8368720507120075,7.233207429090597,8.165227308945834,8.81532007262718,9.909443921962446,9.17999009969554,9.445692930188304,9.017913304767099,9.352599873321731,11.577582353680697,9.02832373411651,2.8749896482927246,2.7108020182972683,7.136475980009814,5.532861146872182,4.678737770051051,2.7517116195647917,1.4861424392980203,0.16497705146986164,-0.47796433499942126,-1.0130026480012344,-0.7916713270465244,-0.9756914134448665,-1.0064798743149115,-0.43822334366454907,-0.2130168528091969,0.5413064873612916
3.2697233936962045,3.815909939861516,4.249218989329961,4.598896521870594,4.873439127807977,5.649675770650253,5.961913415167448,7.09559212528841,6.205092100722276,8.037297804161172,8.985202074766349,8.08563188371238,8.593790157571572,7.849051012278548,6.774293781594399,9.629031102501791,9.549027973192286,9.188725741802894,9.448458081127939,4.1847942458334,6.693650059136408,5.231219456707489,5.132400536652326,4.894295720329865,3.63751399845494,0.2450466665673327,-1.08797998059921,-0.745815295023099,-0.04877918835412539,-0.21912192372449105,-0.9469578807435779,-1.608610163059563,-0.6827990456500583,-0.025322280038765885
2.2426642263853975,2.5919808534904707,3.0447536261373247,3.4918446763514517,3.446290381583335,3.9475823819326954,4.303338674352714,4.156654720069931,4.275760654853439,4.93022274339469,6.820469154559885,8.011852516894926,8.084138732296553,7.765055013560831,5.984612289304055,8.154266619548359,9.534215626825794,4.709051353436076,5.771803291232697,9.194287193955063,6.444717651307093,5.669692786449898,5.002321167091916,3.782808572930772,2.6597912792931737,0.9827002467604382,-0.7059475825792335,-0.32216804739770966,0.09708059709673356,0.2505091340996492,0.7364207721279062,-0.02173843879985539,-0.8262430845752078,-0.9377961303513357
1.016942954556378,1.1571362134734398,2.2033937811338165,2.659522293613231,2.569821226802199,2.473288449076975,2.966951821659924,3.6922203944190946,3.3849035899331423,2.160671052539515,2.9371235941427405,4.161739593593115,5.493479022368226,5.143181456844714,7.545694370389347,9.347923110001407,6.509277728427983,4.485329806560218,7.518087274343154,6.195361808244225,5.0116299291511135,6.418204511035104,2.9745147828061387,4.333566183129211,0.7761394690419244,1.2245850112772576,0.5477251638549776,-0.19666163368964912,0.2809000163500239,1.4001642140220798,1.040145873784787,-0.009810503391637058,-0.5717848265054739,-1.1354947802714004
-0.8976263368654916,0.05089022591451931,1.473592818784697,2.188267924212669,2.1100384594481367,1.0573541407281704,1.753253624535803,1.8656006128743452,2.8503979542278364,3.156684211161329,4.1093932444403185,0.9222300255368991,2.2122441163803663,4.127342987182046,4.4802422212757005,3.2796599022362116,4.197213544720622,5.525187320702016,7.080877402752858,6.856370087990695,7.20486415172253,6.963626051615753,5.254325122115768,1.7409920510686119,2.94034727181372,0.2164753880479888,1.9487294817863776,1.599475705097706,0.7266799933767989,1.1295621038126984,-0.2972368445235415,-0.28688937891488336,-0.02335391507892493,-2.005093154666557
-1.011141867259123,-0.3741723439610815,0.3693520797197331,1.430430934644916,2.1091714112389277,1.271066665403613,0.22531906756361733,0.15209969575198687,0.8434959692837115,1.4567041366343563,1.1382707291254972,-0.305743153341173,0.04190615731358984,1.8290401271271766,2.619081006636789,3.205841585329305,-0.6108609003216658,5.000726358631676,5.012819839340124,5.945097820441534,6.44178835759326,6.484080227713914,6.769465927915978,6.861012852692453,4.975621936387082,2.9670157757636773,2.2412908407825385,2.489901314938577,2.3014276308145676,0.4672035183907444,0.9686391876027048,-0.500054773495694,-0.9900972667980715,0.8938316939012945
-1.2335538520568732,-0.6063174085753558,0.09113492729013307,0.45289581177908783,1.9547066151033925,2.691664892638924,1.89713132104719,1.0082157446200355,0.11221195590475283,-1.2332729964906268,-1.8357626393693318,-2.1669289869705994,-1.2048076836081596,0.14126357521524713,0.8957478467420764,1.7040649216744865,1.5121179043806678,2.017744247598832,1.691565234046159,1.891574935954771,2.289693126703411,1.8882627337409934,2.608070040131512,6.076984286860839,5.493606737095668,3.9104016582494006,3.3765605075681404,3.4315512577710345,2.622412899595459,1.281982601460282,-0.15751681568465234,-0.7183386372804277,-0.4325172827212635,1.3741421121587574
-1.494042349120135,-0.536606980740506,0.6079283489252214,1.4561327905502772,2.0813641701068746,3.170920812977646,2.6830136564515503,1.9627114315962069,0.03291649313506823,-1.6586891101822652,-1.1403689068262568,-0.5602087257698336,-0.4943398571102573,-0.4541742344626819,0.9133222262246457,0.6171005758574292,0.674286468087044,0.2715288188555354,0.043769614493983,-1.1287116113966176,-0.15731874672106222,2.278947916395415,1.8630597737331818,2.8067269145547993,4.0690669774286725,4.4179825818799765,4.256413979571083,2.801354477725986,3.309661916677155,1.1786246609768314,0.3176800932688922,1.1869140462641756,0.7369321339507497,1.53810396318013
-2.712394393617738,-1.2372763206203865,0.24759400729428988,1.3585316411271477,1.7005047596580773,1.7906881687191811,2.860290495366029,1.7411820830775795,-2.4708653938773844,0.07010486060156204,-1.6770684139885577,-1.0461984218719633,-0.8348453380397495,-0.3481229480154444,-0.15704269787702152,0.2450688097156628,0.25779327694433235,0.6990308328708381,-0.06529058020203439,0.9036145745071672,1.2893560554387342,1.9063964758205143,0.49349962238347667,1.4119565978544915,2.5186758178314705,3.1208275144872775,3.7066875385500793,3.179626125023771,2.5024535898401763,1.0550412591314684,-0.37076174542893753,1.67052511914356,1.110685389390235,1.9815920139593064
-2.455005854511542,-2.210726569687405,-1.1488267107705357,-0.22764061769093297,-0.6775206381537654,-0.1933566181027238,-0.9072618864505041,0.12425960622376683,1.320248933860838,-1.1043007801546576,-2.009529026801278,-1.7784783744073427,-1.3203788434710988,-1.4525147845778963,-1.1417726121906937,-0.015639338938835144,-0.8614858439232693,-2.193710624272608,-0.8639717432568917,0.2162878865811166,1.2027835587847349,-0.21595102947220965,1.586673755714259,0.07173043292751798,0.9017948919008018,1.850504984533008,2.1182119606064123,1.979303343571721,2.171341986489772,0.43815013461875985,0.6731172411628372,1.5934728750017333,2.667481787608399,2.4731165238923993
-2.508237561926035,-2.1093743326346766,-1.250261784377119,-0.4012564928896462,1.9413243018683504,1.1963619795069746,0.8465362262766122,0.20086350601895425,-0.7969198005075357,-3.578538389915332,-3.6221314476405344,-2.2200334307466214,-1.9391984574224455,-3.163597256836613,-0.2599976573939207,-1.0817226912561069,-0.4945568606379708,-0.5052650439716004,-0.7217755664516445,-0.7987293557271935,-0.7106865868263226,0.777694330083479,0.7126863484770726,0.7617320286317315,0.41098586601181736,1.1407101202102923,1.5532786609376548,0.4492439732034798,-0.4351883027595843,0.32671368082718405,0.9720664143920138,2.060785488567004,2.963677270015115,4.005852182792526
-2.6028432825112406,-2.0141879666101214,-1.524944865674605,-0.5815246583506849,1.3777159045737368,-0.7163876491928886,0.1419326702027871,0.3000946914103943,0.2527315020906867,-2.1966945383268355,-1.954480317417268,-2.0460437012736543,-0.17279729478819575,0.7291306280496421,-1.3480486379985521,-0.3723654790568133,-1.3899009679525547,-0.600268703991404,-1.2850343532478954,-0.2851458952948221,0.9991264862545417,-1.2353537454494605,-1.125140382642119,-0.6761456333718628,-0.1688899953332363,-0.5672489518583561,0.8075291619067039,0.8561322301415136,-1.3157163420327214,0.6827172798620039,0.6471302460429802,2.280024416552897,4.154536898314812,5.387276888938812
-2.757536084445501,-2.0648804469149105,-1.1837274452884265,-0.813651319989365,0.2941094167964379,0.8608220753495438,1.1809632399560626,-0.7606833406991537,-1.1328478394727393,-2.2507593923472236,-2.2650272308557233,-1.4241124488294536,-0.603059424914394,-1.153098742801366,-0.837564987316414,-2.2001627995860873,0.535427212371996,-0.5687384733523602,-0.07479116542305067,0.2854744809410509,2.5946974217049186,2.384411609078488,-1.67339570355137,-0.8031518530798589,0.05066560041466491,0.8549468489032539,2.0327898307385097,1.8010160239635233,0.6781124691516766,1.749995182145404,3.816880695906999,5.114539321775685,6.213191560097946,6.979213922058146
-3.591313714063893,-2.50218415298388,-1.2220036912391847,-0.2614256959096494,0.6965417897293886,2.529028111422014,0.28610298042677823,0.5335658448082964,-0.9348183475903086,-2.3987588192963263,-3.928991758915352,-2.470802328171531,-1.4934599976855039,-1.687819910612279,0.3277154000253294,-1.3064656254057823,-0.8957440175421624,0.7937319067725973,1.8489389224040242,2.924788901593272,1.1673709095092228,2.9065023375391146,4.934373167443678,0.12230394814235566,0.5273941527150859,2.2285669038663856,3.1442397416626915,5.961921414889411,4.851133000361756,3.0247615938775763,4.160759491347695,6.671230068290393,8.229338445615861,8.707636340895785
-4.648179483495359,-3.4902247381728766,-1.6486526846996934,0.040523622307998504,1.359168195286329,0.2213495603882845,-2.2655634888683784,-0.8879860323232165,0.8286026410813981,-0.8925799756308407,-2.5453006151413518,-2.7921269326123417,-0.3992727793103719,0.4871955904427943,0.21803917727711422,0.5579438870760358,2.199070427071406,2.251673945488758,4.378966733850396,5.371640431230285,5.654524740930654,2.6794628179556996,5.0537294457573845,7.874979631606827,6.508372458888115,7.044846819947059,4.685787120756828,3.1530615672271205,5.158764608563071,5.116135749073045,5.996977919522362,8.197168665216493,9.502201107882875,10.04095860138608
-4.956251895803489,-4.333357908383792,-2.6568489731309968,-0.9651551781163158,-0.05850590631832728,-0.7961643723898117,-1.2182448931901644,-1.2242486306505207,-2.554914862546943,-2.2150771837901395,-0.6129354778610117,-2.5414863143801916,0.23471636044704794,1.7019330995517958,1.8544032699206732,1.5751103868324905,3.0052895410844593,4.505761107067462,4.92141114522222,6.17682279196489,6.606467669000396,8.450893182399208,8.684194724980106,7.594222836126848,7.185396735306459,8.162571565042288,9.669201503057906,10.681842472361275,10.553978293402174,9.983324770106808,9.052758953039872,10.401390800633319,10.93178794630956,11.403981890401171
-5.529129512106078,-5.419996736971372,-4.331457851007346,-2.4715671402730393,-2.5775702092073325,-1.3369137041727288,-0.5665594990406778,-2.441591931447673,-5.140311804601666,-2.1774277797111186,-0.3839566963958284,1.3956781158254936,0.9748677527285173,0.8703826358335992,0.16036304067783186,2.059422094684884,2.17617340348761,3.8348312437274537,3.7686111228524175,6.556539770439061,7.270639469459293,8.462130327357984,9.277119490269135,9.583116402401442,10.483703245260777,10.35455594237398,10.538656380085374,11.12084974853255,10.448551335313882,9.953326595897304,11.17205061408789,12.879688053345209,11.366894007857665,11.06099610908002
-6.429728926856173,-6.235365569452842,-4.943801830162875,-3.535474457170295,-1.9998671796757228,-0.4871345124564788,-1.4044748796254225,-1.1840099667662276,-2.0835503301357283,-2.17601900032877,-1.9533997146662168,-1.3934961302311408,1.534704598247394,0.11102072242828749,1.8402501724391078,3.168201361074019,3.1000546724793123,3.037549142305606,4.451458692066779,4.9934785281233705,5.431615132750905,6.293187550355397,7.741441790924831,8.494637351186952,8.192051921335135,10.155162193266094,8.339794231477685,9.775206690322644,10.106751454929068,10.005701012049038,11.56310873178317,12.484816437287302,13.86761877306802,11.851000918335487
-7.916429480099552,-7.39812686918919,-5.805718080447763,-4.8545643468861135,-1.7583033076389947,-0.22244372772896925,-0.728430168125328,0.5347605231593507,-3.041523487574009,-1.030537343656241,-1.259745674238461,0.17478614602457068,2.1187905617738414,1.8809970640208853,0.6753393411576241,2.436846935513988,1.931592312630617,2.2981577524574845,2.80316293664105,3.6193685251981296,4.104232131253922,4.757179277824623,6.298093930702487,7.255842766092905,8.212421216214134,8.523194860531317,8.723778270775755,8.978572058195262,9.832208125535718,10.50366245746445,12.657429242441808,13.609292698320395,14.359165663922415,12.541050547055208
-9.25983091880679,-8.53999393915714,-7.62408665340583,-6.083776886351481,-3.675100362081463,-3.3027936622861307,-1.829362121295519,-0.5064783426930617,-0.7177655061549473,-1.590811014578123,1.8496273919923418,1.0799101429382736,1.5121657390769845,3.859232755052586,1.1423476451097179,0.694225467212324,0.6438180847320862,0.42825689057974653,0.7667166425791226,0.5735086695196795,1.420539941992523,2.016965551862179,4.37868205075202,5.45713531179253,6.50267147103931,7.714879528437149,8.093293029459065,8.739669964080678,9.481170658276492,10.886011391040288,11.517909713912424,12.935092812062827,13.648308151832982,12.652587834592193
-8.802198375226729,-9.735566206188532,-9.364982776413752,-7.960414794072349,-4.813792862487432,-5.233141588414389,-2.579986129338327,-4.639330961934131,-1.105302480541875,-2.137507405156886,2.2295787856164866,2.908206343215242,2.296959058857751,3.541767861021373,3.1770963288804,-0.16062883351550905,0.36979606107248475,-0.005108719020362252,-1.0361704855514666,-0.3010923728345827,-0.25422027128387964,1.232308794560397,2.894926810199283,4.471926928922745,5.4173532156760915,5.0133044498681905,6.100877497687627,7.010946791181064,7.833433625688239,8.212966905026876,9.624058687414394,11.339662117800671,12.647954331602227,13.566875461136778
-8.982792079856646,-9.561564050455624,-10.559766427464176,-10.06144672496089,-6.900107527262712,-2.8026151730764983,-1.6783454908239386,-2.381981663613643,-0.9761863588431652,-1.2069594968067414,0.6394091152710978,1.1646874921239714,2.478746772686759,1.6320822922706362,1.126192082142154,-2.003556748056734,-1.5982920239822909,-0.8601094474589843,-1.2728329959696534,-0.2802925074276584,-0.38858932111151306,0.07353358549216724,0.8706049471350366,2.996690245357595,2.7180241328863564,3.4269297062990636,5.061496811530988,6.85871478240214,8.038267992677428,8.77644660412071,9.93093520675132,11.650541905459809,10.865235986779668,10.288853219326388
