script/wind100m.json
{"header": {"parameterCategory": 2, "parameterNumber": 2, "lo1": 3.000054539987559, "la1": 64.9999836372058, "dx": 0.5, "dy": 0.25, "nx": 34, "ny": 52, "refTime": "2025-12-17T18:00:00.000Z"}, "data":
[rows 0 to 24 of 52, columns 0 to 33 of 34]
1.018486792184045,0.39342286273352484,-0.5069334880091623,-1.153797684324409,-0.8121713224303568,-0.5588567731801894,1.2753706697763603,1.555074428833035,2.7140924092952825,3.2576954948131043,2.520223876907333,1.9328556769166,2.176672430248107,2.5831375631176186,3.0296914078656654,-1.3674456008863258,-1.6050682754973262,-2.5901650942322663,-1.8163888890717883,2.426314412392746,1.3343124470535874,0.11751966636643588,-1.643299129166911,2.918526563582201,9.11413308196957,6.810152930606136,1.864588830148002,4.8680913945718745,6.729127752672049,6.084304322299734,7.7435701847175284,6.404800057162978,5.274037156624801,8.132332303423604
-0.1277861344915528,-0.0020871161475681166,0.14168961028853444,-0.5155533741727022,-0.8832470236630031,0.87174956160734,0.9150017716860224,1.3406767312713173,1.9900483154137703,2.583136202131819,1.931784855504393,0.16528572627665758,0.7164008488011562,1.0391394604085158,-0.36702251739862213,-2.4842562304756575,-4.556561875930565,-2.2093769023651517,1.2150955751138166,2.7752419892482343,-0.3961725227870926,2.8253712802173796,-0.3961515366613544,6.555444382629455,-1.0952770105846337,1.526204052188556,7.247176622900753,3.244731382479496,6.126815488029499,8.133513850874525,7.848596803122961,7.405957500300885,6.977080844044877,8.593813766553442
1.2219780441506338,1.1104978872917899,-0.032553313686226514,0.778298409136071,-1.7231213876149354,0.9033777514165842,0.6776416974171505,1.266864120490356,0.7150203175946611,2.2410369063318885,0.5866765894178029,-0.3629202002299574,-2.1680533687237444,-1.6671091490845145,-2.7414307745905235,-3.4007715256517423,-0.5768947449809937,-5.746865145299196,-3.9795952048071856,-2.6515155299069977,0.250235998715694,-0.2500197055968782,-2.069275639241749,4.967793677332659,3.8641316343123537,-0.19071316203033473,1.3993888966905208,5.333481997708771,5.315576641830806,6.483881625111946,8.363885873771203,7.971324536156363,6.893256755788534,6.001400104962734
3.98617084562786,3.787436244501754,2.051749737363695,0.570756461756225,-0.9524035406575787,0.5954609722829922,-0.040198078099987204,1.3958444864243662,0.5626392331805441,1.057363686302222,-0.06749349254499444,-4.134040291949885,-4.35138708202542,-3.6987416715261863,-4.624357147432635,-1.439192274820242,-2.3399929819223013,-3.8539808095774855,-2.132322805069075,-1.8543667238267243,0.5566722800061294,-0.5050711752265846,0.37269318071601537,3.8548419915345664,0.1496551729486445,0.7826067665822283,7.430813167129587,3.6788597862822234,4.992681628908744,7.905117593753584,7.652561550862269,9.093198046612798,7.990535578215371,5.609992602286171
3.808389973249336,4.791048316637089,2.538857819387246,2.147747517917439,-1.1818740892320025,0.7973941486560868,-0.08732600635202147,1.2020184120291637,-0.1791711987336108,-2.0677171958189673,-2.726199159624542,-4.872796054478207,-5.934188137548421,-5.811991048598469,-8.619175345048818,-6.015697779591201,-0.977978230175712,-2.2096133312337107,-2.9154964396509104,-0.47272789145380056,-0.8985415473661631,2.774120108582349,-0.6375023378677424,1.783323165116144,4.566676820180545,1.8564439304311797,4.564288154958605,2.783415891010307,7.108382759237062,7.30523355782037,7.843767351865576,7.122761508519043,7.5743740540516145,6.399526762740406
4.058030092773139,5.57041006077526,3.535912527402815,3.885956899498861,0.06108072140470337,1.2366804695026077,-0.058171025028472184,1.2537022075890187,0.02551372496429789,-2.371274277280885,-4.180073944796845,-3.4516887433097576,-5.177647305094548,-8.693429000124292,-3.3802559348790497,-4.311183788308224,-2.2214475688061377,-3.485428150796472,0.12017165488939471,-3.69445154109788,-7.031175517445873,-3.083950826313284,3.4214834788104764,1.4510576711266783,3.673210934960006,1.8730362819377289,3.9396836381256355,6.095366781807746,5.942213032372231,8.035711688242053,7.962299825670384,3.265540362498036,5.9542056167895945,7.039990747539265
5.137586810851143,4.440921759937263,3.8614011093943685,6.145759335123856,1.7362486118855327,2.7134409777753503,-0.08764031074934595,0.3006748993903198,-1.5384677815399492,-4.2846200691986835,-4.279186597636705,-1.9456254212593147,-4.100108848256952,-6.558162736658406,-7.381021923807381,-4.205615595582556,-3.296472232392734,-3.2586513889438202,1.3811371798790364,-0.8825495969640248,-1.903705410923226,-1.4896048232151748,-2.720211311739779,-1.2835561160377202,2.1219098564416337,2.146247865950956,6.3192302200505495,1.3557125535354135,2.1537652359582102,5.027280233585647,6.183883117143364,7.20120665217461,7.411198974368973,4.343968097852679
4.827934243791455,3.5107865833045295,5.607182790156453,5.903472782063835,1.714694558992,2.2223233940322027,-0.9534101660979782,-0.9421415300881741,-2.6456497775361854,-5.303675488902528,-4.253242370594772,-3.916606989709621,0.22138042812616957,-0.5546049924440173,-2.5999447073160775,-0.6581735619654311,-3.0017778427137167,-0.09614526214704354,2.6475623873096357,1.5362282219476275,1.0724849877537468,3.7694690918584635,0.32766227238932444,0.231694516979455,1.6407663478437735,1.4022949532859759,2.642121262176159,6.9723765807201605,2.71499722276683,3.2673589139030037,7.964344517003794,5.422402001155296,8.181373823340117,7.875676447997071
4.732955237284415,2.9225028223175062,5.516006425890194,4.89238755937741,1.6445659712724732,1.4103348701952227,-1.939455797490454,-2.368133803781324,-2.3946483367432903,-2.6563608891587074,-5.349457678576554,-4.702569003237767,-2.8505208286419688,-0.8570770987446681,1.6996056210713124,-2.483435255640087,-6.082018513501125,5.141955411404788,-4.958831708468501,-2.515067515706039,8.2140475219306,5.119275525431658,7.57170835974803,3.360908779059489,2.6585259308929974,3.5104438853471627,2.8224617379068766,2.3599201597253416,3.145116480143004,6.39409829360062,4.647249466248173,8.871917821221503,8.216868283073802,9.530394708169501
4.63661183460047,4.442974874161257,4.504877940129072,4.8039188380476014,1.8135581705993757,0.17546283334267082,-1.9532383972035066,-3.047579787667332,-4.732031193326111,-1.439420273585434,-2.0574949454386657,-0.6965533625527264,-0.16914238992098674,2.372440025522997,-5.70032936159629,2.601643390733642,4.126607758251961,-2.065453215400487,-1.7458436220633708,1.1009137002587142,5.138491401160382,4.402863807536011,4.558706205408968,4.142706061578086,1.44119391629141,2.6250987768386884,5.212131475229045,5.9925109102569465,3.550429464494059,5.2815380747331035,3.078190475730797,8.444500577894974,9.488379549354232,9.853066646230564
4.606913933686138,4.516757196169126,2.01993603354426,4.389939187485092,0.9836839956928591,0.6496237071837189,-2.5255635039014694,-2.7981365508028264,4.206338972463141,1.3234569035678425,7.35152228006229,-9.941815997171155,3.664945882539013,4.765391900149738,7.551368472958223,-2.927940862987994,5.217025320229999,-1.8049283177656108,-0.018359323018541398,-0.31967747349544506,3.465424572055161,-0.001656969261273254,6.512509748366968,1.330075207474929,2.202577392398005,2.2864963228272983,2.2313050570140964,5.256297552940649,3.4050497339665604,3.9997465470316085,5.9937987142579185,7.508382297369163,8.807407089639945,10.245916635234982
4.325860408515976,4.175172495999972,1.5726925472138245,3.62788667134042,0.12295560566524508,-1.8720370444037335,-8.298226278017223,-5.335769990324108,-1.0651278788117644,-5.404473458501139,2.951372233116107,0.42583588176396614,-3.7055501679473446,2.5659308357271056,3.6635323459696285,0.46462756765136276,-0.9798164873015295,3.8442386969732314,2.214724039699873,2.5866096679073993,5.132374265298707,6.070275454142134,-0.9100392548686881,5.634143762616993,4.723889165451829,2.7737918646256876,3.7283846950597836,6.409875332116264,6.111528684246521,5.358647480503885,7.70301111885709,9.019572109764436,8.729964119063673,9.126280675687044
3.946378879330504,3.639513260978042,1.7720366546353035,-1.6162816021295334,-0.9909896662115467,-3.2617477879264523,0.2650133724024947,-1.063987807548032,-5.122236977076181,4.5566881074356305,5.4658646277102765,-0.022623361767545074,-0.22551681822409808,2.070765854326276,-0.34222885389434227,5.135854386070317,-0.9414548776840376,5.254699100109339,0.4632285689229521,-1.0799292944476488,0.811747343708935,2.8161866830182403,5.826186345210312,3.884826329453787,6.304800532672101,4.112476515221999,1.7864601539308596,5.278200882024748,6.238261899178311,6.865579369588795,5.622661526453705,7.47892248933795,7.688275213194425,7.729303278683904
3.3377381692548873,3.1691343933605634,1.691268522449895,-0.3904495075924361,-2.019615272958883,-6.880972871292811,4.025077578565673,-3.015449670406804,-1.4564376580577438,0.775825593446914,8.159395107604642,13.054671589701938,-3.9999071427279147,-2.9441089319836453,1.1549758066500964,4.771813563134971,3.5312527863959673,-0.25498277382094026,-1.3240242494343704,5.0733253732760994,-0.9666607021890947,4.357696355334792,7.90878317671725,7.734256474061145,2.10440698313155,5.895795419306883,6.500625156852212,6.844324186802514,7.885377750966548,7.243932204844565,6.718869997550419,7.101561353043,7.182311365044128,7.429316915670578
2.721254176620289,2.6275555292296637,1.1290571397840368,0.1972988503194275,-3.455931602478203,-6.2859772761928685,-3.151748288296151,-1.7803868427694942,-2.928785867853423,3.6019004730621718,-1.917593583909381,7.615389099377156,4.775375987588889,4.169638031278421,3.930361885725849,1.7854430783960553,0.22529096978185767,2.681917305402715,1.9954763740810457,-3.062859140604902,1.0330057887780792,0.32735197498022345,1.7299855572823966,8.210069089913576,2.995414272275409,4.1519994443119055,3.680176415375943,6.230139408729128,7.430300119857713,6.476590822368992,7.313649511192878,7.515332994036055,7.381746809918916,7.28191803480841
2.346302954680684,2.248044148954777,0.9015193200741785,0.1593740028370657,-3.925735064876788,-5.950003222470476,-4.096487069707268,0.33288889657800175,-0.7644237622827512,1.6241213747642864,2.563985341686109,10.003977908238292,-2.678147779417475,3.8221661685441433,0.0941345224855077,3.2452346878183005,6.320221825623972,-1.0929435656115636,1.1990925852131433,0.3637435358766997,10.5464482860886,3.8258945448278063,-1.1890877559922457,6.127450173624654,2.6548270481607097,4.8803281057601895,8.030843179284009,3.504663892730588,6.951758299886535,7.842028054224591,8.893339489940754,8.430633114317494,8.191305428625517,7.800646654488809
2.682189422535991,1.7887124201258322,0.7411389706953766,-0.6384229177119256,-4.435258525343208,-5.116311456073522,-2.6612928053165312,-2.866292854893157,-5.6316883773345845,8.762305882486887,6.39126867560621,8.597439721504802,1.354382121587712,-0.3333171284898405,-0.5711962893097408,-3.381794845404831,0.5095206226556103,-0.916253422715821,1.7214403041915083,0.5558850954895074,5.668572655276183,3.777086009272207,2.456521502161992,3.190540038417535,3.9256361735755787,4.233969944871931,9.019863724700048,8.130366050492114,7.619004501686005,8.547024780657784,8.340771636478763,8.972884728822768,9.109538755352483,8.339938917607554
2.6424339901246205,2.0275893892231145,0.8998879071165321,-0.628122855236807,-4.591566818951449,-3.976667057197552,-0.9488499596634231,-2.946341977921017,4.767332768971155,4.3838653249919615,-0.1397524434057664,3.5874968166287773,0.15269220976655595,5.774474014175437,2.181752448210151,5.726589050766238,-1.061970252772224,0.773693111390258,3.6487732360028664,3.370812665830191,3.3721733592672556,1.3805452705104149,5.229382333505274,7.409989312662088,2.654910681286331,5.340049916376673,6.497309399572758,7.497668370567157,5.296064937269566,7.227130056300629,9.62521785889699,10.663453221598388,10.21841517596006,10.071846065017324
2.839972650626977,2.083475085259942,0.96025778636171,-0.5382908505392007,-3.5041930213453103,-5.340370326911388,2.6501168202589187,1.215616632493263,-5.486983338689658,7.6304229476898895,5.7640006094529115,2.6824690664290123,4.516491834508005,2.6144391180568234,-1.5538861859003847,0.3455225432800885,-1.1182345242770835,0.934191546087524,0.04147031599954995,1.091011765593916,1.9642728631319084,5.6841198865983715,4.208498207277274,3.946316687195279,3.757030662167409,3.5066396983303156,8.44352567093334,5.368246647644023,6.605945422215382,6.08904158086684,7.999227028745329,9.984915634538499,11.757545940036014,11.795665553243111
2.905223542502283,1.4484155522094972,0.8137705464660674,-0.5965753214806189,-2.18869375446545,-3.955262021556547,1.965308896419926,2.7612743344689017,2.724901738971466,2.9972331480068823,7.129766884513641,5.535608900920344,-0.822455648791156,10.082764424687703,1.7864500355195299,4.892740081387223,-0.09594189469894092,0.6672205407544229,-0.5110996480573572,3.9643831942008037,1.5103555133892874,1.6462695957010545,4.305743617962328,4.219501852041153,4.214163964365096,4.989684711558914,6.0304592162217325,6.108693023271358,6.848633054221588,6.54889070612,7.578936415646165,7.915373542817093,10.802318799837808,9.748120708819625
3.1584407388809703,1.8846310560298285,0.5426967927092065,0.27148294527754824,-1.5722863789797448,-5.783996821045169,-8.62199822711016,-1.9642126103847908,6.437981819518318,2.614569020234028,4.64648575726367,7.961003243250835,3.270357903094782,2.0205617659803154,1.9219886242553363,1.4370647736064768,0.7736164613699795,1.8496607175125188,5.601585209069611,2.3033060941150545,4.121292590663513,1.5672898762482168,2.9820728048928853,4.175155244493658,5.2926699001495665,6.662756288913335,6.120112726708782,6.587553610721741,6.750126912846761,6.868697820622246,7.507076896064467,7.41156889583464,10.290424529105763,11.072848119815978
3.0195255270285077,1.672630469153864,0.5519643453956264,0.42397064088269687,-2.2320189372116856,-2.7383691046925938,-5.063855700678196,-2.208383371047423,2.1583526616605284,-0.6944561412598235,3.08166618506847,6.1285155811532706,-2.376844841493503,8.084905834430405,-1.1604681228928164,0.8272361411241795,4.205088653221769,3.7656427886621597,6.9847402424677485,2.9652925633344074,5.212797342646982,2.305395808190812,5.229014631437224,5.469034874914564,6.18505138343919,6.527652423084066,6.730826359430392,7.296250982350567,6.6480466127255,7.391055346110584,7.176178923351028,7.217027043557929,7.3000197159596105,9.515859622815336
3.2286818435020823,1.6330236729781893,1.2264850971517105,0.3985327894597884,-2.2619390864153823,-4.651018077954401,-6.038790775917629,1.9174209222303087,5.275892987490514,6.101896718526402,0.7473255471757375,2.4136931918693554,6.799143755044439,3.272428280921764,3.7820760071604114,1.7373538224074467,5.335060231034593,5.8677390827111555,5.319440817305832,5.892552677070838,3.830392458174427,4.936039914071664,5.791490964383944,6.230791693577013,7.554616542590032,4.067417273850387,6.312909831412065,6.823311951177284,6.577767963702122,6.6306605983010085,6.99724600532911,7.127485405530233,8.7678248292727,9.179428992137154
3.195617973155613,2.2095341230782486,2.0046281298044146,0.7565806869696217,-0.8624448976623295,-4.90733097804893,-2.4045295333162313,-3.337079034753298,3.1456087386956377,-1.150590475439755,2.3756659643362643,-1.5831071382183886,4.622003385165868,1.5214021637121864,6.591035883164773,6.157175376388929,4.814564387700353,5.289356142743856,4.939615068304013,7.7959321948062845,5.160276130143687,5.905681092483397,5.843308375839582,7.864099780090539,7.453575964578677,6.276602639363197,6.031308475800281,6.977111684122608,7.454765614421616,7.625909944627837,8.529322858292515,7.495217803204018,8.78347668445949,8.431608211010413
3.5528622335018665,2.48851088042551,2.2621554683401905,1.3494817253243323,0.19139657838082474,-3.511862114515517,-4.147799419785582,-2.384728073551877,4.520820222025907,0.3939925719758714,4.132740442565463,-1.7163698596606112,1.2810008902737287,7.127677896957828,6.965145316763301,7.891395883849811,6.153726645549564,4.970633456369907,5.609804812305111,5.896679849311302,4.439869084053125,6.835330720689245,5.786599579903345,7.564299337411362,6.730089537414759,7.171969815312417,5.408095087486934,6.504215544196934,7.38269136163317,7.36452492689512,7.81125136634797,7.47458286190964,9.256011468911876,10.163037259574235
