script/wind10m.json
{"header": {"parameterCategory": 2, "parameterNumber": 2, "lo1": 3.000054539987559, "la1": 64.9999836372058, "dx": 0.5, "dy": 0.25, "nx": 34, "ny": 52, "refTime": "2025-09-07T12:00:00.000Z"}, "data":
[rows 0 to 23 of 52, columns 0 to 33 of 34]
-4.3489308814175,-3.797934649045689,-4.684946692573156,-4.852544186177745,-4.157287805719647,-4.0684403561079225,-1.3779113007208363,0.07915548137690209,-1.560558014106301,1.1343295908678817,1.3080351326758581,0.6321463084738357,2.0584231316067267,2.446699797591204,3.209303249706481,2.3420350605784273,1.6336245855953957,2.644441199294904,0.685078190800314,0.43369425401586925,-0.06982153849081155,1.1805473799595765,-2.071979709865664,-1.3133149239594557,-1.8373007280631248,-1.484586763137346,-1.1343784534563446,-0.6959937409673417,-1.6074024598887204,-1.1910849441701001,-1.3826620363361388,-2.4199958210235955,-2.5831887361364627,-2.163378214455187
-5.545271091354026,-4.437313102325457,-3.7480503499773685,-4.6714164445143185,-4.024446548224647,-3.5450393749577036,-2.4068593525948363,-0.45723449906339103,-1.2589369456732284,0.037042365381511365,1.0440831465133067,1.7024863719558696,1.4345261030174696,2.446843860639022,2.8950434660431634,2.921848644298679,3.0728794754744415,2.079336394020151,1.5881625363311107,2.7251495329369178,1.1928485084731395,3.0981157915723845,0.07557620571207095,-1.9659054032114176,-0.9014632253228946,-1.1965106200446882,-1.339068564592328,-0.837630623235189,-1.4201913434217328,-1.2873313182250405,-0.5720103540819954,-1.5642505576946646,-4.476367103319488,-2.5576549538805713
-4.456625266483397,-4.802696386149326,-4.323957048822602,-3.570565020751588,-4.284802318200574,-3.314756230713413,-3.0476209294639816,-1.3271881563331256,-1.0715140114158528,-1.1557435546495174,0.45623228569688634,1.0266502423636508,1.2647766899086277,1.6864158744823918,2.7783863353699028,3.1105347159482726,1.5173650763804098,0.05628585148051566,0.24570215509763169,-0.12649657637262526,2.288843216860306,2.178586611064896,0.6865050957727333,-0.5864075151244721,-0.6099228561025916,-0.5833919289712196,-0.8303417352746515,-0.5158232598942616,-0.8794575427261736,-1.4692006183755941,-1.6766729295092255,-1.456268361224844,-1.8359282286668552,-1.0683512443228558
-4.41025645489677,-3.775844179234825,-3.8304241100608882,-3.0772993212368727,-3.509774284479164,-3.2659370630807105,-3.4261403775924864,-2.588345926142458,-1.3696080396257164,-1.1337189247768436,-0.8473582431221752,0.620619996128598,0.9005445379015073,1.3905366414236402,1.5315979022731552,1.2885544945787,0.48557268903280615,0.37579251387578344,0.023153713141452766,-0.4957967355406719,1.1965855787678303,2.845095347245836,0.7441837178498542,-1.134581168935819,-0.40090781365609485,-0.9904289315840851,-0.8500518928698493,-0.15601053102891502,-0.748776845518333,-1.1065205089347898,-1.6488731443832487,-1.6958942032791118,-1.0494453015938052,-2.3890008450764637
-4.150883599452484,-4.132160657830105,-3.6803277792991316,-3.5296305987902126,-1.9842497755857458,-3.181866561904654,-3.1346342192715504,-3.1096271919529093,-3.1971685262817795,-1.6513475844277887,-1.5632287845406838,-0.6822611521538066,0.47266519295437054,0.6617932694224631,1.218306306864416,1.1726522364493885,-0.7228214056473813,0.7353755307684716,0.19047947146149516,2.5831490816625493,1.823733647359134,4.018023329319795,0.8065229958625734,0.30579059270296605,-0.10524142531673504,0.46207517172520157,-0.09935312426798389,-0.44186081363945506,-0.22355497445184327,-0.6221960047120931,-1.4145196884740712,-2.082570106297975,-1.0410643612116095,-1.306552095261574
-4.679571256074836,-3.9013502477303668,-4.029413621202513,-3.2235483297868446,-2.7620073200346913,-1.3305866811141427,-2.5089235829214602,-3.057577374586734,-2.9371239643133915,-2.4351078315657055,-1.5032983508338373,-1.4927699722030388,-1.1345375732455067,-0.35449879744076124,0.36802928518822414,0.7737667642454643,1.0659677690370335,-0.29751680948725406,1.2120376611897095,0.13801734356598594,-0.6198715045332608,1.8737582232687753,2.1019514931703585,0.5393467148468324,0.3300709763384711,1.3199624687192746,-0.12392024068999934,0.5490130277998663,-0.1097289666804748,-1.1329074918656732,-0.42565636987722844,-0.986266399568795,-1.4603738481230155,-1.1229541848106839
-5.011541288537157,-4.806403907352457,-3.6242618390492827,-3.894209527190212,-3.0224169595079133,-1.518212273254818,-1.2562678291035931,-2.1051727746942914,-3.379022883330941,-1.6694305981980349,-1.6299388244544328,0.42276133842694635,-2.2171124690930584,0.6856614463745483,0.9074217666691867,-1.0295402701627943,-0.024249622558803852,1.0224389019757136,1.1112669291904818,1.0357770984434533,0.974206991329799,0.05563593205206139,1.299408399992539,1.1731825222383923,1.2773863531235625,-0.30453292403365806,0.27931045907581675,-0.10452466771669251,0.5539643749826495,0.051456861617335356,-1.2943341482013069,-0.6471108918083611,-0.8749051385597773,-1.617185617935825
-5.048905488683094,-4.7496605022725005,-4.105881634074437,-3.839708944324098,-3.3635436056939594,-2.243638525984462,-1.2575112076146477,-0.8256471373589575,-0.3688697793544852,0.03964970765953386,1.4364562121966409,0.6890163361389536,-0.9589555706024241,0.027072537481215762,0.41138603199083423,0.8567475767122141,-0.08354894303967648,0.7879862852049732,0.9484577651258118,-1.5947432192626778,1.0793020788087584,1.3428695519378793,1.091262377962598,0.7892050909630194,0.9419692185970829,0.309423400230133,0.7230277009168554,0.6968202574588573,0.0077100516955941915,-0.3276805839198875,-0.5449414329671494,-0.5227652848119888,0.5906781299948364,-1.2784800502533613
-4.868149186259052,-5.033237292489709,-4.23197305151883,-3.834540230698764,-3.887495385245337,-2.911322300227074,-2.329648651620517,-1.507572658893025,-1.5026710532776,-0.32325002379526224,0.7837046697256277,0.4685804948612386,0.3528697854382875,0.7835161308562205,0.023040023074665548,0.43336432390411705,0.041092339786170044,-1.2705439465592425,-0.0954594527046045,0.29888403704992694,1.0063022875806982,-0.452024462090405,-0.6018887393996948,0.40676517354091957,0.7541748214157713,0.9228627422179929,1.1013749191775168,-0.011109674199477256,0.5323856574156732,-1.1959394156949112,0.06936897390449855,-0.8059263659982973,-1.2300626304673272,-0.2745047570342445
-4.473923566584793,-4.4933186028489835,-5.157739575177226,-3.9897941012664218,-3.995057435403198,-3.699845447810707,-3.1442462864432352,-2.058488321931285,0.9347533415960265,-0.7830901692093347,-1.2851371850843911,0.033341863894317494,1.0280141681909398,0.5485139059788556,-0.350507101406742,1.2412932475491318,0.3801692331196485,0.514046780797236,1.3932281676753429,1.5456397438119789,1.5965485966352193,-0.22971394284350286,0.5254969141154677,0.03058546407325674,0.350273699620542,1.124079528241702,0.7076499589508091,0.3232864207843019,0.945036665709266,-0.14370975386656795,-0.22999111957680443,1.663730472183086,1.2092610693996773,0.5300538613053767
-4.301615569107602,-4.134525464086524,-4.344106102053423,-4.10482590038147,-3.1555825616511086,-3.5135562231238713,-1.7866048444270746,-0.3494369437303521,-0.26106562146361234,0.0995320251747033,1.069628266901845,-2.512420184913499,-1.0301637759345694,-0.0003980421956936228,0.3134437302495493,-0.668928132743171,0.15448694662604104,-0.6201420082499337,1.268368371080581,1.0710500906260534,0.8564159187668615,0.3786453003971275,1.482752351889609,-0.6423154484897816,0.9399898790758541,0.7439356925881238,0.6861854593053726,-0.15063371295653608,0.1831952893003206,-0.48445547868096794,-0.2619310536070306,1.3305189094160126,1.6545120868171115,0.5962838384815736
-4.289010810628834,-3.73164437674386,-3.647529647414596,-2.9415578863306067,-2.2302284976498967,0.6687770121394181,0.6501577738665645,0.8110517167544173,0.8815032926667958,0.8039005141833305,-1.2292162300219438,0.3721668349107891,-0.6606828529844501,2.081623936907512,0.7462819071378233,-0.009559122452494457,0.5012729520546011,1.6112945035292587,1.9053985992036424,1.361602841018339,1.8348911449936647,0.8854356365266384,-0.8310984355497354,0.728729408172239,-0.37066760085533407,0.8924893419594306,1.1758931878984926,0.5699464271273674,0.7629712985162269,-0.9685795950555407,-0.7137856061538634,0.8420237412897906,1.3635491544149632,0.6411529402447066
-4.6254153320683855,-3.7273182344823055,-3.19109321662031,-1.9053528027543898,-0.28493501714580716,0.4143181028051331,-0.4158333943888785,-0.7093573068268557,0.4429597631540754,-0.9146418838858371,1.0431017649477943,0.3954161921774395,0.06585861416416766,1.6142050642468628,-0.6726331555013025,1.6835022810819873,-0.2624744049928949,0.7196567494629712,1.3269234424324967,1.2992557711143529,1.365392941892366,0.7637312895175551,0.790805869406591,0.6783767931452386,0.5925665975400695,0.7686093063032464,0.8752236125484703,0.44022499681295874,0.6223561394543519,-1.5309798541633193,1.0140730231369854,1.4149469541281656,1.1352938956906862,0.8541910905392553
-5.23829014474438,-4.132747869156367,-3.101274442009555,-2.312230386191858,0.8843226242433001,-1.7292438835397494,0.3054801435536839,0.43742192057360874,-4.332634774863021,0.3175027333851756,0.1796154094589042,2.413951305786428,-1.7722215678229771,-1.5960758758025755,0.860083121705278,0.5112092148323344,0.5833547429464309,1.1471677437899022,1.9021600457513197,1.0812904423555239,1.0190656904745923,2.041577930853142,1.3460026699186372,1.001946144122429,0.249583460567464,1.0887033065493965,0.5021358413362845,1.2253719490279777,-1.2033742300390504,-2.2446235380777506,0.9951728545713276,-0.1466198045280624,0.4103056679919226,-1.2432173103758357
-5.497468289978315,-4.303569049120707,-3.2353356194796055,-2.8138371080670335,-0.7853213844886436,-1.2826216192426072,0.3464079806285071,-3.335425302454253,-0.3530056359751537,-1.2874304834432102,0.18600726852047406,1.5244716670548568,1.7970201640912031,1.2423360299642716,1.57152224766954,1.850621936349812,-1.3821571451683259,0.8856255904975108,1.0437357057844712,1.0591222419516673,0.9036175786167356,0.6921869513105221,1.161364412967599,1.1803830622750366,-0.0031883872651060526,0.9422706665717326,0.8540215031854888,1.2084205118399562,1.5777025803386389,-2.1681087022082495,-0.026679740251714937,0.43638363184153695,-0.49384282296946735,-1.2526749187656805
-6.055368699687625,-4.87600561646742,-3.909802831809681,-2.5172049432380805,-1.2293022368600528,-1.1859173106563798,-2.283567548603517,-0.6214020266593636,-0.19241652667552833,-2.2805998220339494,-1.6905755561071796,0.0917362015630167,-0.02686680981366235,1.5009804204437374,-1.9439125092741074,1.803654041336191,1.509237724299105,0.3695358751717195,0.9409197894078315,1.1357472545104659,1.7792616052007901,0.9734288464021863,0.9723117028173138,0.8130109003978743,0.7207769799635225,1.4467129916649033,1.5645808955359755,1.042191120388901,-1.3788067988137587,-2.729481970017954,-0.7482936202743508,0.44294364851314405,-0.4932610964846227,-1.1045783361871457
-6.26078599795358,-5.834294556697721,-4.358830502806935,-2.206150266612048,-0.7977825533816132,0.5348499353541648,-2.620202021444289,-0.6949063348251037,0.224339593816912,-0.8807443151614646,-1.953017537474824,2.693938297868565,0.0020038999177507326,-1.2052385257485925,-1.1834335225379815,-2.2929609320432007,0.471153595881982,0.014510945218975693,1.408197923443306,0.9217532513126757,1.4993773457157364,1.9767606696671538,0.9990458791680672,0.45293727571443126,1.0053770244325997,1.57426048936057,1.5477260757102558,1.1971005685220526,0.9248672473152488,-2.9513225453057026,-2.265726984199065,-0.13202364192161783,0.324705757804538,0.8854430807389747
-6.556403966381402,-6.031667372474359,-4.74813063028874,-3.3853304138064098,-1.5688312460378548,-1.2612504692746613,-1.0839266226158475,1.144247705235804,-2.137622055544542,-1.6426201378627425,-1.958093428433887,-0.4329889502005677,-0.3193997021997375,-0.7217009573125747,0.3498968277734765,0.7171703652873982,-0.6731476637898293,0.8270259412288429,0.7344225925339717,1.2770582586937407,1.4360701717657522,1.3007212662697971,1.0407325146935482,1.0819325929475812,0.290076479877325,0.9077530334954781,1.3989805592212967,0.5488453150022679,0.9125742521934085,-1.8572659237401774,-2.1237052214994137,-0.38062809706207,0.7481067962351158,1.2459266055687543
-7.1806246067739945,-6.075988447328366,-4.982790283082542,-3.9607965857533727,-1.421176298814359,-0.7897859720753276,-0.9003198194136748,-1.6809370808169481,-3.269041279815037,0.3387905303027399,0.5580725846415633,-1.6080824010512595,0.018014983342571463,-0.042118543315206106,-1.8243970287121318,0.8174290806385333,-0.20771634554967666,0.0686071542564135,-0.8987641850953715,0.6849813638167486,0.5993731739250246,1.7508641631662571,1.1543424055685427,1.025785051741029,0.8188473758208081,0.3635552056057597,0.6873916857792889,0.7599503033473446,0.6882721978658869,1.2300027236099187,-2.0677639941837116,-3.1622920276684243,-1.3774519158050575,1.5822980045979358
-8.004818947654272,-6.658908780432065,-4.917798662689102,-3.8670452050262716,-1.1218732620351417,-1.0678133374886671,-0.0004051902220734428,-2.478455189886552,-1.6805651581929042,-1.1059954753840027,-0.49406508026908746,-1.3007949496502815,0.3011242461814096,0.16700600351375117,-0.6113286651066555,0.9584142058867601,-0.40204813184732596,0.3663285482650824,0.5669505074774077,0.48897609031210143,0.3113675148720457,1.019325207619242,1.4332073110416514,0.9808911895580872,0.09283740505232163,0.5276807429055725,0.7351872466403515,0.6671781847399049,0.7855234189115173,0.6577722665234106,0.677259571766366,0.8876222551520694,-2.5426482616539587,1.3521823152825956
-8.347714420778466,-7.448936621975739,-5.74006997191503,-4.015399716157588,-1.817166417090435,-0.7771447834598018,1.484153587338504,-0.7453266035309594,-3.4334475413102052,-1.1228737175918233,-0.4077274071706742,-0.6807198768617188,-0.30029275777707776,-0.16659790804432445,-1.894902906978323,-0.004592311069163264,-0.11084356475897736,0.2158175601395414,0.1890396311777757,0.5035164522703813,0.6242988418296271,1.1402535300737628,1.0758554471655333,1.0646086111204873,0.7733986828568449,0.8909676760645073,0.6694468155094169,0.5149355104447078,0.6523251843664184,0.2893873145584062,0.9801357132927198,0.5649382895071978,-3.7832896501200723,-0.6566102809483176
-8.738760730577757,-8.292314574366474,-6.904977410316926,-5.005671968343335,-2.163505787796993,-0.47768169041585196,-1.7693272935346316,-2.164919708302407,-3.62368496835869,-2.367003726768818,-0.0936963039863496,-1.2558903680970257,-0.056946264635787454,-1.6666980453605127,-1.479510172041313,-0.8323033500207797,0.22949104646243063,1.1944322371766478,0.409311827275569,0.6118452789707797,0.9391775429755141,0.9526448978403046,0.8795221921128636,1.0018931213749918,0.9213060940236281,1.092008551245569,1.1404319813282644,0.7416518511999234,0.8243709713019695,1.0673529795713046,0.7515637348751386,0.6131276162708347,-0.22217202885057477,-0.3347833626677915
-9.88523661077981,-8.806736044415574,-7.830559474333519,-6.715116674202857,-4.554362875245547,-1.443318798613178,-1.0540115561334058,-1.889219063566,-4.232835369781897,-5.357294159548943,-0.440478746201694,-1.5109256148473182,-1.0996988524794575,-0.44944335833628474,-0.9621359546458,0.015244573820785739,0.40874024461631175,0.5539500243668154,0.42068240632686016,1.0528256744911506,0.7651290120551234,0.7593531076716586,1.0506315139447298,1.1587082786911946,1.4013662259178188,1.7325229297372808,1.9208143572213097,1.882941422519363,1.4156512957459246,0.1712999781479316,0.6229110287553878,0.6034173862981881,-1.1590812422569694,0.9161845338445322
-10.523072845665759,-9.790542098831693,-9.287857075029962,-7.558842280592603,-6.42500762709933,-2.3031435035721253,0.07181820166772102,-6.440241197854185,-3.7975877938516094,0.1829741491083871,-0.17669439467377365,2.082981923839279,-1.3224618121073093,-1.1742431779088123,-1.0540955887223877,-1.1430770140015938,0.5569408755776593,1.2242059139531412,0.46919298308723606,0.36972761946932386,-2.0594284969205026,0.6068153901413469,2.044632025727105,1.114646346240402,1.47861645293488,1.3333920162508481,2.801230289167881,1.7056901242492006,0.7195087355381935,-0.4769232437708251,0.20807701079153582,-0.31474410424971516,-0.8023003337422477,0.2124256090218803
