script/wind100m.json
{"header": {"parameterCategory": 2, "parameterNumber": 3, "lo1": 3.000054539987559, "la1": 64.9999836372058, "dx": 0.5, "dy": 0.25, "nx": 34, "ny": 52, "refTime": "2026-02-14T21:00:00.000Z"}, "data":
[rows 0 to 23 of 52, columns 0 to 33 of 34]
10.01157134582029,9.502447862266846,8.975551313377604,8.197038219243794,7.612349072141364,6.935666465827068,6.207813688780653,5.4866593321520645,5.0537763626616234,5.288855981107498,4.028591141742497,4.696979432771139,0.8639363115242226,-1.44526275349127,-0.9204944533915529,-1.0052338741509559,2.4477879695926,7.701153811439564,6.098831312373251,8.524933715154392,1.7706518950068242,3.918853926528378,-0.8532477262832575,2.334182922953888,3.6350557402534327,-0.6773287531060933,-0.30513157601128466,-2.2296880603607367,-0.9260683513498756,-1.5000297488830727,-2.9113460671697715,-1.8999794476382414,-1.8134323593492325,-0.5029233322723343
11.13970033742142,10.372439612803198,9.879528361812602,9.472424545750144,9.140372789313743,7.7825636831005705,6.565546643674029,5.198619362360203,5.147070586286824,6.327379343695197,6.079306011798029,5.756900353241585,4.2091976199609675,3.5965296917091263,3.4246615860870784,-8.530754908353224,-6.822933428759131,7.227113828668655,7.6571562996598175,5.897794567968955,2.731655434569518,2.689421597618321,2.857845411264255,1.4492607672373443,0.5878858697330526,-2.2070225471578775,0.01830563688221884,-0.44066848550316967,-1.654349650233292,-4.574872360128686,-2.9460498026397355,-2.158449167679434,-1.5313674350562403,-2.77713760443088
12.281121609820772,11.799109248717443,11.2026041800319,10.255999627492328,9.741541954171955,9.683227868135653,8.545204039242234,7.4591133203930635,5.325341848348636,5.14944276390923,6.6398722726497486,5.676032190304165,5.893218924235695,5.644995284187993,6.184640347228029,5.919129347451188,6.526619185526072,8.453890626210413,2.099502439507923,4.601770944582052,3.29733432692477,2.987445622702622,3.764456354095249,1.535618845265622,-0.6575067949360731,-1.35966945746392,-1.7857866472860595,-2.1005348689885217,-1.3733986080888454,-4.310381773900014,-4.349744117820527,-3.551552353473404,-3.0375985331023636,-3.5621533128300853
13.1486102289168,12.84716823000669,11.93104327529196,11.019496699555582,10.173184868328756,9.063879679516232,8.772982643922104,8.145745365252203,5.93709854326567,5.954357218444509,6.570539357656708,5.944303463724971,6.7165643774183685,6.7367297476821895,6.114323412941227,8.845896580536321,2.8809817364797357,6.10358161924738,8.058090066208973,4.1812778627272955,4.799191127548143,3.2041187080197235,-0.33176033091739515,1.4079356284549545,-0.351083462181511,-2.4016550345144396,-2.9997256604313223,-2.1610955064971913,-0.5424474417411943,-0.10722221840324656,-2.629155330917947,-4.124480187983287,-5.108831377958429,-5.529240195650678
13.01066442505413,12.76733422501436,12.276071422826684,11.419904240017642,9.594214795107993,11.26083104079771,8.621348449078326,8.221745053582486,6.685080870371477,5.797821914800464,5.956979857063784,5.7055795471791155,7.148245349908699,6.147462286982594,7.359426993082576,7.192691866382294,7.046817654082694,5.669769918443111,3.120809650544534,3.760026428403047,3.2955229229587477,0.9026314087363609,0.887116598783371,-2.2709004258372096,-1.9426061155022816,-1.3332316531692836,-1.2325685526998318,0.30464236759876523,-5.75067575095916,-0.3456956993362891,-3.6994585722069058,-6.2785812241234495,-5.8777727722319115,-7.253097457891234
13.00152326332306,12.792612451804434,11.979603763110786,11.226228847980673,10.675529943877349,10.850898549756613,10.002893985697941,8.094374490145636,7.461548743644039,6.533887762703462,5.713215939218422,8.110952983150748,7.01611530610046,6.217108623766729,2.7254431672744692,5.358414098533202,5.54676919041174,7.192818146999277,5.103465848044787,2.253241181442464,3.5393600163468952,-0.1879453951129983,-0.7062738721407179,-2.9283217622509747,-2.300036644173543,0.32423050716943297,1.0015588191127816,-2.3565991233612618,-1.6185508215750632,-5.57882262820447,-4.721994243533407,-3.587029885055708,-4.170400705035732,-6.016429832388133
12.301586591887443,13.082483422289966,12.226931501431958,11.571446298313305,11.264303352322054,9.464817232149223,8.617694516275852,8.228736434437677,8.102161388868572,6.719827594472221,7.655368836636019,7.075916543997538,4.744698506011413,5.41323530033721,5.511915150900018,6.684503518319402,2.9178043570554344,5.628497348289125,3.5089627898661275,3.0357700840904056,5.698896329493883,-0.7138811129303541,-1.6927437318294598,-2.9198854409156465,-3.3893430132598428,-0.756889487065164,-4.247056785897952,-1.2495119554249268,-1.6488485420759242,-3.6262271549647034,-4.035567984635143,-2.5454186912130727,-5.2127124959586215,-3.097169110212024
12.862474082563509,12.111864287211143,12.209356691047404,11.423875899994025,10.83080735867731,9.853633065519237,7.533902262538801,7.188457923684603,7.605971170619958,6.772868704174267,6.471092880580736,4.560422834216894,4.468740059093141,3.0367772694974584,3.695177182312751,9.197642434691135,-0.3919348867690087,5.13552949928326,3.9568238573982013,5.092527586439366,-0.0746321776283487,1.6857665065051934,-1.2452938283572195,-2.758678512273022,-2.6663544682162157,-1.3319262217796615,-3.272024230268942,-5.988834791786672,-1.0471098781859323,-3.457251579894977,-5.2952604959761285,-3.61639830134689,-5.088035189109216,-2.041513776152163
12.53339405686024,12.533505347812813,12.664771053011375,13.355804917021539,12.418566963936932,9.841637067156409,7.686098609436722,6.734626906972436,7.600698799997415,5.432781993610591,6.1426922719223045,-0.25794817361193056,3.253359936689642,3.0947509459500244,6.826073733642609,0.9863477229480846,5.84429234525474,0.5963465977073961,3.1320332333615633,-1.3902000660220821,-2.975353997763905,-4.1194905485923075,-3.148659689593169,1.2064479257678455,-0.7093865373389849,-3.6479638070550475,-4.030514981152024,-1.6358554868313002,-1.1789444872041783,-1.5208563358343279,-6.4425002538839635,-3.518650668233347,-2.6899645175195293,-2.047067278418403
11.79180446993597,12.361051100252393,12.8680508290071,13.802533111615254,12.08767780023144,10.468592625710437,7.1940630081703665,5.985706320081697,4.195711023391515,-0.1599702478797998,-0.014852920192633802,8.314212829766525,4.664485586120416,6.584041146188996,8.116362218679964,6.5417119207196235,4.587654148541204,3.6913668982117835,1.575557078548301,-2.774159768388545,-3.672619575694731,-0.82317477351295,-0.15175680905323116,0.6589378250184259,-0.8441358822946002,-5.83158895637972,-3.733495791556076,-7.7422360605741005,-5.729655193392703,-5.145325955098336,-3.3710899240599783,-5.392823142038625,-3.4223747660262895,-1.169009048095666
13.242511830339149,14.467600580188716,13.316940326423953,14.602252465315122,11.725894109733826,6.8820817875447,6.827450093547513,0.36340957133445984,8.22440453102621,4.361026719526231,7.677455618574001,8.203939020630841,2.3886647758329693,4.228675739954416,5.4008832848322905,3.6225479791590165,4.272444276570389,2.1879270591347804,-1.0150748806772605,-0.9913122507262218,-2.535101193202398,-0.4237828923353657,-5.804446234778633,0.5261200635895292,-3.0528110871471412,0.4261001606290236,-0.5612568050691209,-3.938003494002105,-2.252826130150586,-1.7750599619133143,-3.6444031431754036,-1.0718513857758452,-1.6925438302212692,-2.1601047209331328
13.989568502066753,12.101504736216315,14.076679387917169,15.057550372319623,11.390574419243272,5.911668155476544,9.404228647336499,3.8693712239784492,3.8633737203773095,5.707969364692347,0.6521345670147801,4.166180721814097,0.9666333472482433,-0.2212030071115382,2.229575565481205,2.8426811792955005,4.684190674830643,0.5106520713370735,1.3806197493071113,-1.6562371591717704,-2.564935049104012,-5.605371374272126,-2.5090357253443254,-4.35610238259924,-2.2539247268561993,-1.4648770542997749,-4.123649383660167,-4.722874953056618,-3.902911721473581,-4.413373523377165,-3.0834745668759744,-2.5060534740856686,-2.2066904363405704,-2.4550600756319807
13.485426282154984,13.190004472511484,14.706575218054407,15.048929274913293,10.50731520754286,7.9201302785601015,4.311092035190827,-0.7109663838893636,6.718790186631013,0.9306578067386828,1.9396921345293572,4.901584007204203,5.656360904408967,3.0366413547546665,2.0715751227418475,0.9278022523155042,2.3950797173326195,-0.9037057395862014,-0.9701475072495835,-1.781912595155959,-2.0049363865295433,-4.475511994124083,-4.32382842075744,-2.288353869980581,-3.2093474353446063,-2.6290670827959395,-1.316343934333715,-3.7969518133558577,-0.6129709206336296,-3.3208895138028725,-1.3088472290551403,-1.689606538495634,-2.103255693480175,-1.8169556451123983
11.875220333190796,11.918954387136866,14.020665011656561,14.151999974338105,9.451395146237466,9.786573263708489,9.291291328836621,1.4763859440622662,9.359796641161319,6.047396808749888,4.02132576213669,2.796462357494833,1.6259594326840165,0.5103664500483089,0.8815931963122418,0.6509856624422097,1.0222480935329263,-0.14954064233743727,0.7186785133633611,-2.222100296221742,-3.2230868542182525,-2.555079828500653,-4.663661770008897,-3.084025426993452,-4.064027722687951,-5.339841377012537,-1.9266426045762162,0.21791891018091827,-3.25912399929045,-2.364481864089254,-0.8824098744936002,-0.8731334625867678,-0.9990690457821015,-2.100578573981624
11.6865626584572,10.306012058403795,13.24783523224061,13.525365364998065,3.843706371983631,3.284932806716316,-1.1609268501441576,7.82416460286167,1.3330838372833236,0.711292414085554,-0.5124689408653383,0.2549668256304894,1.263496649073737,0.9800491352744999,1.0045560810397915,0.2883062635137874,1.4343730240688155,0.13899233922548462,0.758486564662739,-0.7860965927946095,0.4216772101779206,-1.2101624117380545,-4.27787835075825,-5.413226894447523,-0.6823052014553617,-3.6292061729759264,-0.6806458649315256,-1.7826866717801864,-2.8495197847776286,-1.210925417406323,-0.36999690689118675,-0.7718744978470041,-1.1460470017167053,-1.167705456173258
11.588315975873785,12.602003737666767,12.734095649583294,13.119781119236782,5.634722498703136,3.2508942870360866,2.5833836235284187,1.7219662531969464,-2.088765099450918,0.8312232080597126,0.5862199687318586,0.5006073249237071,0.5612612487828297,1.4300234500376865,-1.2983146116503734,0.6756604856521294,-0.234637229440988,0.8387023444494606,-1.2638093792602514,0.49601224861720855,-1.1588191288286112,-2.16007413557511,-1.3744270681687563,-3.2259821471061843,2.6946851970169754,2.067011461728824,0.578630669239983,-1.4556618767924325,-2.356128780464537,-0.8003295101234287,-0.2864796471056311,0.08034829057792053,-0.21856338492122923,-0.5224647663335612
11.724090020775863,8.920468950914515,12.968107691884518,11.58699051591372,7.7425682996589815,11.174420838309842,6.998710163921131,6.39748502365109,2.6495080789955603,4.628756846114475,0.8460325854643843,0.5658879147586159,0.25102038762354467,-1.3727370166594537,0.04536507951504683,0.6168838650752069,0.5326268290064317,2.6960394549221327,0.8193217914444467,2.649756423259905,-1.631130309755778,-1.028474323393953,-0.38841555612864415,0.002776268104650071,0.9302332817410728,1.6299401417454331,-2.03574556339681,-2.2878880044516317,-1.442973071879681,1.1438568784414855,0.46843269589977776,0.1409128153899039,0.0011917358009629986,-0.10352376732719178
11.627970299741452,13.0684488609606,11.367034883945651,12.194270236087055,7.1178538141621095,2.0728933943787036,2.33841986313576,0.48258013415937157,3.196444460864497,0.6618446007769989,-2.276848652454219,0.5560799083154574,1.572338936627702,0.26107668552186336,0.7535452457305118,1.8604181081473758,-0.5523440109636121,2.7975673485925574,0.14021905690131323,0.4557343074025452,-2.090799991623374,-0.8059313288693644,-0.7351475765746953,-1.414646506674938,1.085035358886702,-1.4731824338631623,-1.1395745666808887,-1.823205693009147,-0.4862230106078374,2.6243538290195443,2.413659584160285,1.545005558327481,1.4354323186568934,0.8947105760613969
11.81106242213025,11.489324951451229,10.930403034504995,11.502775509674501,5.670992394997655,4.698517726763094,2.8450638893497007,0.3808230965533608,2.6143043753786217,1.003857290918973,0.41663064122612903,0.2713873155013946,2.871188320706504,1.6265670419043958,-0.7968039657756694,3.3775674859307263,0.6384536191096851,2.9108187151234963,1.3911316440846375,0.7100266315892018,-1.2640705694609868,-1.2853124851060458,-0.47046680377727595,-0.5414511542002454,1.5560838425612857,-2.08407930961253,-3.6457726797132453,-0.18334688874557412,0.4007986127625972,2.446284714968945,2.415182554135259,2.424365937752686,2.177854036372947,1.2595626439734915
11.184587746438563,11.029155026746553,10.147335603162993,10.425036709661592,6.5465546917353175,1.799846502304419,-2.4450057660361004,2.405155501493307,2.2148343065163156,1.8187784049631748,2.315288789923827,-0.3238527781884407,-2.0499223968166156,1.199723005287742,-0.4550087037588262,1.1441166399047797,-1.0500016829834997,1.0060799816313457,0.6705013736666179,0.8472828040591674,-0.5316698387977641,-1.2975702734503611,-1.9409524563978893,0.3524013223846619,-0.5628046799069907,-1.0107236934253816,-0.18010849943916554,-0.7028358381730351,1.1932083837082446,1.574290005415485,2.635567072553736,2.253189923110441,1.3654621279750663,0.7456721572249898
11.113352990681308,10.296045633002448,9.737765078004795,9.754901185182272,6.550966017891814,3.892890015462375,0.32077844941430245,1.5191230130603024,1.636972716925512,2.3617407342691767,2.427022322503848,1.255609694433546,0.7630397276615496,0.4439431452216101,-0.016352990569670055,2.2400763302387134,2.4586489315476943,2.465702921850649,0.42100076751885934,-0.04305426545062334,-0.778125816392335,-0.6011304576043422,-2.5514570182062,-1.9335133163766862,-0.17013346642280378,-0.6801681591810931,-0.843094670148877,-0.10430417407479162,1.5208828020571787,1.392515664710018,1.879965024126577,1.379520790177982,1.2445498944966475,0.7735608971723709
10.005368241598372,8.678130623823522,8.389952712234379,9.498411103928824,5.596272394213765,3.586592389360565,-0.5008785326618457,0.502338162981204,3.3669350294977143,-0.4624848859180573,1.4487199960124644,2.0453191266256154,-0.02794104678025573,0.4799992307452604,-0.24215683466387372,0.801402238594473,2.5408702711710176,1.7097000722266174,1.967441405354726,-0.4774273761273696,0.9534241744671048,0.8356465629092413,-1.1018436451066844,0.23481566123153855,-1.3773453561203128,-2.2479742101245974,-1.0454760208813116,0.3746751135085372,1.38597875401193,1.3362500301793294,1.1406934062461367,1.159504476838027,1.1167447326229365,0.7765988400925474
9.34416183164289,8.237321867382764,7.588801115556602,8.466877273972912,6.935442326887803,3.263474296851213,2.8884633874774406,-1.4153301056129628,4.999139388288438,4.806580874675335,-1.167498510484191,0.9090667086717629,1.2577634498083383,1.163723691721925,1.6544672212603193,2.458269350385669,2.027542449743913,2.011183902661725,1.84418497909069,1.0124397007542358,0.7183641119316191,2.0596951167052735,1.1560795253790215,0.43112115711646287,-0.4033168172390392,-0.0077969857800943,0.1718067390315562,0.8457143098491773,0.5368599015405074,0.33576085875915357,0.6469887164107267,0.4819425618878058,0.6497217635708814,0.663960319519962
8.525586970962928,7.363404036052834,6.808964612635796,6.682841195700654,6.164506015919883,2.3776882494729445,2.0258103798994536,7.9412583059625,6.699512329722778,2.3410769115634604,0.7038359464084942,1.735373362562732,0.44483003779029107,0.8754131062079948,2.491318409859855,1.78038239580639,0.8020741926454464,2.4947438865981,2.44289290719443,1.8627214448863412,2.026790828373362,0.9681052583786466,0.6806015039035094,-0.16271284218409204,-0.38687536375391784,0.3549371646039341,-0.36118661669665364,-0.6414373616502004,-0.8493681047357987,-0.69647235871197,-0.8731321942289464,-0.48463575998845293,-0.4999926606725635,-0.014639579898931332
