script/wind10m.json
{"header": {"parameterCategory": 2, "parameterNumber": 2, "lo1": 3.000054539987559, "la1": 64.9999836372058, "dx": 0.5, "dy": 0.25, "nx": 34, "ny": 52, "refTime": "2025-02-03T18:00:00.000Z"}, "data":
[rows 0 to 23 of 52, columns 0 to 33 of 34]
0.21813297341364887,1.2803926006963213,2.242779147821112,2.2860586221216024,1.455568477822077,0.7087362762760473,-0.49805439972416493,-1.6587971733439368,-2.7975544535897217,-5.668124670714405,-7.132017944402251,-7.4654076723753215,-8.137225605736738,-8.626741795114253,-8.994642130077759,-9.051966301219927,-6.289193054546595,-9.919310277022598,-5.076278363170919,-13.915837171743538,-3.2363877511870456,-1.7417305253427366,-5.953012313232609,-6.439683362231472,-2.96557954680666,-2.0577952311210104,-1.0618960765066694,-1.9959525735717407,-1.3197834184239652,-1.3249481942530263,-1.309617577920106,-1.3450845426512301,-2.060994481626907,0.05692790601319463
0.05055015350525873,0.9669437077672847,2.696484618181761,3.165656211712053,2.1762977855613093,1.518828736128705,0.5088876236674386,-1.886841435316791,-3.6333441605826473,-6.104929362993424,-7.05802820653807,-6.482275761661423,-8.722937315155953,-7.928908396235187,-7.846286065034524,-10.414337932422706,-10.570750635470286,-6.7420005881861655,-11.102433300235306,-7.437648594629438,-8.614200558572604,-4.754387332684321,-1.1714441518294707,-5.212555129692988,-1.9286432971920995,-2.0861168174691653,-1.4421698972005965,-1.7266471029562949,-1.850223325338532,-1.6259529115846114,-1.0967155461785536,-1.077695307104626,-0.7788382084735759,-1.4241938436016082
0.1521297915545342,0.7087976512158674,3.0195022314935103,3.8316660302555485,2.9002419158419492,2.513092727051337,1.7024524007323016,-0.9893033565180528,-3.8542353086453947,-6.049136637090198,-6.454918343166714,-6.201312506631863,-7.050053446612939,-6.777365158056026,-7.028796915825011,-10.146431937002033,-6.374354439945904,-5.044768295128164,-5.3935183669946,-5.099109732768954,-7.928767652908117,-3.151680513139182,-5.7877499669814325,-3.184779932996724,-2.595025869184256,-1.4809054368746637,-1.7439712912487388,-1.3635647843044265,-1.329855971099332,-2.0086244004063487,-1.2477296426049427,-1.0829345311537162,-0.7152366029309316,-1.0886762070009344
-0.03378737587672325,0.6894127921605159,3.351213427592686,4.206597817628581,3.419490737404004,3.14171152388695,1.2575155686008106,-1.4033513657359085,-6.098337391482494,-5.629055766184769,-6.229127902025482,-6.44608702331169,-7.433882239449557,-7.715896646841748,-6.67663432292891,-6.614062280334095,-3.239897687912181,-3.769736011088556,-10.004829931408228,-3.0198176422695044,-11.711304996411021,-5.73551384309785,-6.98089151282094,-2.7836458132983743,-2.1886591291506523,-2.5305775007345637,-1.910100396767443,-1.5232477364201047,-2.5384752268683113,-1.1519385900659493,-0.9211372412764345,-0.8987624142372682,-0.9045670017102165,-0.7790710853511349
0.11377139522298178,0.7452157055832649,2.65387297539134,4.418606582556653,4.07991193043473,3.2490520735861184,0.9431077946567488,-2.857902572593321,-7.258858042770912,-6.661791557492474,-6.307433966570652,-6.763440025643407,-7.14261124311709,-9.00408159286911,-7.0368168798661195,-9.411534408446201,-3.937354683749353,-4.155173731029483,-4.412295112661412,-7.305461498127438,-10.3683612508157,-7.046810539657948,-1.7494311358828192,-4.2625775864103295,-2.2073458806708675,-2.331143134128054,-2.5059054486153127,-1.611489594582724,-1.9497347171724733,-1.3652302164631793,-0.7466745602779424,-1.7809891620498648,-0.23268890921773144,-0.29605343903363424
0.5547424787855885,1.096686965647023,2.7924978541732126,4.155576426704086,4.8549634890386955,3.8085222541553305,-0.28802430084385056,-5.262928536414966,-7.953837434453748,-7.811108709856214,-6.851956215555461,-5.129813355951649,-7.15944664204674,-7.976675674994817,-3.540352725300876,-3.1435044102256895,-2.0855982892511227,-4.936382087414679,-9.498190893871968,-10.783339049299425,-3.2101208536091677,-5.3215296001076515,-2.7274939370653764,-2.725580818054351,-2.6261002347255684,-2.370077732163113,-2.521796724166841,-2.0461163759881607,-1.0164722615191248,-1.7245461935776865,-1.4251706466068643,-0.06206099492386895,0.2734730599728793,-0.181268735291675
1.0707997578657387,1.5872969865759503,2.8770505265904367,4.016450684297874,4.687336698818144,4.3470049449824675,-1.0596199804612694,-6.556061659371063,-8.06112388406138,-7.870820863455663,-6.742702878070495,-3.611938875083295,-4.455036799207157,-4.105353699629785,-5.869239280136022,-5.37924966996094,-1.6675207813849209,-7.45800096245376,-8.450615849619153,-3.7430553090583376,-4.198848725251173,-2.742379474268336,-3.4350625922079083,-2.890765748796097,-2.8591136693797248,-1.9528735287125873,-2.216281810659494,-1.5380755745813073,-0.9849964147426122,-1.7271428416790144,-1.089651501815857,-0.9715987882054836,-0.22100968906095636,-0.27509900996533626
1.3720174716589606,1.7872143438193422,2.736247397619812,4.241995615362549,4.732001441095722,3.7053297822091547,-2.047775076014838,-5.452252117268806,-7.688648539809545,-7.5500455887975635,-6.229266357344725,-1.2517365468802597,1.7476222168068931,-1.6991914308793659,-0.20929874196215578,-0.6476738412179621,-1.7458247882979512,-1.7769533183218118,-1.6202145681244915,-0.1540389523264382,-3.0142423147290085,-3.0847060674212177,-2.9620078378052246,-4.098630581022725,-2.230834725313918,-2.4801936110012335,-2.4305853706255447,-2.397571551658862,-1.0157209256694564,0.4459792157942274,-0.7031019371412283,0.16430008547229696,0.21442505998610203,-2.3042798897273182
1.1965662637080665,1.3699127562455202,2.4246899629612644,3.958655340787551,5.047820806216468,2.734188854733823,-3.078226327126998,-4.060496175584986,-4.840249951937571,-1.7348439826830362,-1.38538261881208,-2.668966774648969,-2.675942053517663,-4.584217777705133,-1.7788999409466715,-2.451474787722777,-7.085816812022711,0.6728666999752505,-6.706028787115046,-5.938984584704682,-2.1725233668696604,-0.6254717203386249,-0.8603970015799617,-2.505833286979012,-2.333037267457456,-2.661952407908215,-1.5821063729187443,-1.5190417677861159,-0.8925703223073004,0.2750386026183762,-0.9195645571704805,-0.7278946131028233,-1.3268710510018211,-3.9234314210205867
0.8576394995506395,0.8376790705959271,0.9529614834189364,3.2042751174727644,4.910314807615129,3.1487417574301855,-2.1136010786240487,-2.0982069280792763,-3.035360994411136,-0.5513692382338925,-0.9585254272054777,0.06674802964833441,-1.2950306238572706,1.5632113046675244,-4.029163158874829,-2.2126111519810596,-0.7730023554239633,-6.418104893591748,-6.161072514616183,-2.54101297082376,-1.1791652938508315,-1.2367335823338956,-1.890232287977571,-1.7018498563400912,-1.8891294275049106,-2.627391710416832,-1.8983605027177777,-2.1175314580288336,-1.7588161894420218,-1.213098641552075,0.1889150624121714,-2.705646393572595,-2.9073919349658217,-5.393634166440372
0.7206623188036104,-0.010834019736074016,0.1790949538246604,2.3359071124821336,3.714594246530206,3.5069501847195697,-0.2876563278465832,0.0404234085955823,3.003265386500514,1.5382429437215035,2.428553459943346,-3.559103245362616,-0.14659738622082633,6.735851073840278,1.4381935258339298,-3.6036621584633988,0.6416311019072681,-1.7269485617234177,-4.200987796638823,-1.56273458539219,-1.0158570560383249,-1.3244551577149477,-0.5757941313189305,-2.118987881992607,-2.2535067513713294,-1.7795056144858334,-2.129256791053179,-2.6090588740170406,-0.7264844953433856,-2.480436631928698,-0.9037722443506834,-2.7593542550201646,-2.4877257413168485,-5.178693771648857
0.4811120288266199,-0.2820037592478864,-0.5822375361152315,0.32949903229110744,2.06299358675716,-0.5243677399859628,-4.189120533622757,-4.0074870976839545,-2.3292257542065338,-4.799392110368142,-1.6058245475473962,-1.499070741410408,-5.88273459688953,1.5690437075500396,-1.95292641243498,-0.6070500208496006,-2.5766911975987425,-1.2989655737496826,-1.3983181415697739,-2.27646272999047,-0.6317468405695003,0.017069993977374135,-0.7279677725847314,-0.9000514928196325,-1.055110939177871,-1.9366744555987918,-1.3319283339281112,-1.4939202741249529,-0.7886088836335139,-2.01284413944062,-3.6577189230612115,-2.366114624629271,-3.933355833645924,-3.9107667715387575
0.25585624324949435,-0.5009693392287504,-1.1743788031911688,-1.39004218549372,0.12480284165864092,-0.6311770111102051,2.269628834670805,0.20569709830611996,-1.3841952472560444,-0.443591850554257,1.9641940059259606,-3.436145183088343,0.45217349771629334,0.525363307654927,-2.4879473501584854,3.6264163230134576,-1.9737263291849754,-0.967637923650575,-2.8687203621712376,-0.8650629315263995,-0.3482475602156507,-0.22119632092485197,-0.8053074082185195,-1.3934745438821725,-1.3079618269070248,-2.556462888115247,-1.6130389326141186,-1.7890616586943158,-0.42044983532460134,-4.2808555699748725,-3.4375059948172804,-2.1184118323818484,-2.712263077144875,-2.6660696013730285
-0.08054772098279285,-0.6573907117109569,-1.6852528890212641,-2.4936519430947044,-0.8272098473565804,-5.180556052615678,6.006223058266099,0.9062649348763234,-5.159850420588824,1.1636233228709503,3.8087444103907977,5.520526122325546,-0.5919752679065223,-1.12965358736282,-0.6239586945043984,-0.9535231016759754,-0.8448513119893332,-1.7016425730247666,-0.353538652587859,-0.8787904834213764,-1.8207215308540632,-0.8205015409088948,-0.435962517739885,-0.6415658774436558,-1.1450472929266533,-1.2708017095787478,-2.066954111778803,-1.3370879663706758,0.1976727414425656,-3.7978790278278862,-3.2954270603112072,-2.361369267703966,-1.861959042457703,-1.969229166306481
0.18402304133122543,-0.6312782357477833,-1.768179376840707,-2.3898404462429097,-1.3585000393252182,-2.432914005943472,-0.21487107099877648,-1.6742489645241203,-3.520723584839292,3.6854595144121096,-1.8803684024758578,2.956345646134638,2.7641949313389373,1.4316429860024684,-1.1989820475530957,1.5244976443297142,1.2328406380635173,-1.360460094942597,-0.41219454516710674,-1.1411817158008533,-0.5581776661875286,-1.7146830188150375,-0.8668345181282636,-0.6565391675593063,-0.7112328455956336,-2.4405327876316854,-1.6410618975859972,-1.4425172216622335,0.040616392624524746,-3.8894993646384837,-3.38211838604212,-2.342767725043662,-1.0513603546675738,-0.8894075314869085
0.5612095052141084,-0.26296198845804525,-1.5084306016152413,-2.9177057571351797,-1.7434955102987297,-2.0801804915784095,-2.9294400974554837,1.3775119035433618,-0.5162692640838628,0.018253816171690307,-0.856594292002683,3.0004509862405495,-1.488138875630468,2.968429375248674,-0.8781455233816055,0.4577758558661541,2.929962307801376,-1.5860622176168722,-1.417906589339074,-0.5676449103658232,0.7415091831164236,-1.3541522058528828,0.1341006213078994,-0.6806587123177026,-0.37241576609008703,-1.3106863983569368,-1.8215924363704505,-1.031113087918023,-0.6823702075966471,-3.6821110028866597,-3.080336855885645,-2.1058187391420287,-0.7849290362166742,0.1955062854557207
0.8114695752429489,0.06997229842869947,-1.4291696923433443,-3.40986990335838,-2.4847500476274984,-2.232498031974752,-0.904688285355961,-0.05882142615022154,2.9360502292852853,0.38401955461422693,4.74804830666517,7.055632633375912,0.46329108409078695,1.2050869921520007,0.8776080396910433,-0.6009007279745278,-0.8551488850473241,-0.1528233263409751,-1.2553224201371056,0.3309716038719694,-0.7125719758651066,-1.3856962082922268,-1.0713361609412004,-1.5073479532234557,-1.3275277371729877,-1.0660709220478202,-1.2909112973203305,-1.229542013750688,0.010924608501496291,-3.0920650490069566,-2.568380824841093,-1.8413182038434377,-0.40148093481232183,0.5683993685649353
0.6079684540350392,0.2024996317409395,-1.3913176337374689,-3.897151031306937,-2.23170899232374,-1.9608638656709965,-1.4141081144488927,0.09485697366563858,3.713709445109366,8.081152968577046,1.9812417993966687,0.10199609721509281,-0.11259752689169444,0.9187312269530472,0.14481261396827264,0.3083600739176248,-4.061620478332549,-0.5953188602197554,-0.7216733041841153,-1.664311303055956,-1.0312128110548042,-1.4297767841836946,-0.9633188520743037,-0.48348624936886514,-1.6151519560563332,-1.1130394645066575,-1.7085286797672947,-1.255607640126421,-0.3597274012481809,-2.547950030276697,-2.0147154758651302,-0.9466866078589746,0.07549204165560264,0.5373041755502042
0.20578439964703807,-0.08380370023007204,-1.3075837526073022,-3.925070359118637,-2.960815317186619,-1.9270000218624632,2.507832481872969,-1.2541726070895398,-3.810481241557568,6.9992689469288925,3.173795126182897,-1.1113966961034958,0.2555276476475777,0.24390455208603287,-0.8764090419742759,0.6718382093042261,-0.9657381544877102,-0.9793997453081714,-0.498131730618352,0.47298470956408906,-0.47879911671886255,-1.1366218884955055,-1.2399408923120558,-1.8114940994708548,-0.640505213930938,-1.3160241895685654,-1.2011176656301323,-1.038017289027808,-0.7007095467005166,0.6056398999242334,-0.8712559866889281,-0.358882719379601,0.7640198035087875,0.7778465799764896
-0.043671495443281035,-0.8221288593887688,-1.4220037112132764,-2.701672351928041,-2.0490700073732158,-1.7257099131220093,1.0186098907872578,1.087721186439904,4.595012308160581,2.324388313186253,5.136702306341569,3.813689166338277,-2.2535696275359443,5.428487867579362,-0.9836878140337122,0.21301372587135387,-0.3230725806695688,-1.2353037118544101,0.07743292334930504,-0.6071478234691724,-0.09450628485708845,-1.8085920373367947,-1.4291286072441143,-0.6465269585394646,-1.0466593250363834,-0.6963251769967483,-0.9655661309444828,-0.9319362611661769,-1.0534008575457863,-0.32621011366881286,0.6651417093359925,0.9079501019007523,1.1902382601782702,0.570286645941043
0.28736356855433326,-0.6710417326104748,-1.9039731416686834,-2.7971379518425765,-3.933882678209575,-2.516167745049064,-4.4573809120278,-0.6933539786176075,3.016799337759563,0.26446631738950593,0.8460216952773157,2.7791928961679444,2.1167728876701357,0.2150063227337538,1.1949489643402944,0.04617045158484377,-0.4781630877813038,-0.10263368042744055,-0.5011304801071889,-0.5964072645733769,-0.7478749455708258,-0.7145999140126525,-1.162047212604253,-0.9594592090674449,-0.354138530356039,-0.7685196638106045,-0.7386950248796883,-0.6871188912871706,-0.46240962692982057,-1.0171339767879923,0.35656835752818467,0.7927961449129987,1.7861798193011873,1.3779482418003959
0.7613502204721817,-0.05899909543213128,-2.672406618567401,-2.3735065595389058,-4.798667608228044,-2.837886673202365,-3.239080143000735,-1.31154983623588,-0.7659303770494723,-0.6797346538680274,1.1726784164785735,3.2560960864066444,-0.14257809526617654,0.5073985505765924,-2.3093033253304145,0.3700819242376247,1.434506318942257,0.4935515924481541,-0.03435963579381709,-0.7898973948606861,-0.564249234540035,-1.5820363994099846,-1.3133426490009068,-0.9631513484771655,-0.9975418952635614,-0.7062064676436345,-0.8052398832979666,-0.8260114183151017,-0.320511212960213,-0.15148704482818628,0.21521331838554972,0.35109873448907053,1.360655412463741,1.896592391169156
1.316243573334558,-0.3582519616553963,-2.2127152249677295,-2.079128931637796,-3.048283253393357,-2.815910770873914,-2.254113575348868,0.9788769028229625,2.277736336718277,2.6280353794496034,-0.5566839127263454,-0.13691520429242307,1.417900090098463,1.688641991733925,1.5046615851422576,0.8746662377693395,0.966147178740089,0.3932152957705964,0.3442148644265042,0.906774114422684,-0.2927291349542723,-1.0647479227538446,-1.0955902358204859,-0.8883016334423699,-1.1264651179271257,-1.6847270279178537,-1.6716093967406749,-1.973523165959876,-0.2706092233749606,0.2545232805438708,0.7406535164912822,0.49954597317708554,3.058050352689791,2.271252170752234
1.6916097431167365,-0.0909159867416207,-1.1289002491213298,-1.976610784832196,-2.4091172474665012,-3.6409868425457894,-0.2600089886048785,-6.3110328876178725,-0.2722991769298667,-2.3945553408229885,1.5927899065881495,0.5965427985673966,0.9411843108872628,0.1920065164984747,0.9495896682644467,0.7339969276216444,0.06716192752927361,0.5952247575325276,0.3972021263880702,1.095345467148246,0.8018288128159191,2.585428914705094,-1.2196631504886926,-0.8605725833610821,-1.0261284492046017,-1.3338976825948403,-2.0501996654749397,-0.8440673000433971,-0.48995251383799493,0.30229271961355714,0.4123603491155901,0.353567201214383,2.0660227521475383,2.8179037799850697
