script/wind10m.json
{"header": {"parameterCategory": 2, "parameterNumber": 2, "lo1": 6.000027932988019, "la1": 58.9999434238085, "dx": 0.5, "dy": 0.25, "nx": 22, "ny": 24, "refTime": "2024-09-21T00:00:00.000Z"}, "data":
[rows 0 to 23 of 24, columns 0 to 21 of 22]
0.5026838935312169,-0.746097071829369,1.6016854847446003,1.7361755574536817,0.9483567595702451,0.08943090149069774,-0.35788216481798857,0.4877892009450909,2.063554194613851,2.821343481168683,0.4348196560288661,-0.5625248226123235,1.548284170262307,1.6673426674822303,0.47227633681201214,2.3112386078015064,-0.33344208135055325,1.7094200722083603,0.7889576207172115,1.5973175054847433,1.8816380687411107,1.5337936182640521
-0.49629025314866615,-0.630850541174091,-1.1493318095506388,-0.6163494613399505,2.5514413068017925,-0.3424420008470405,1.7317152049896436,3.6533630465329736,2.964739121477961,2.119901914913372,0.6574993438082707,1.2467847894547668,-0.5538178350611652,0.7079848177856181,2.5398495412768964,1.8170937052489657,-0.34752700940160725,-0.6354722161813715,-0.4368656726076098,0.65677899882375,0.9319433866163345,1.3928997365393863
-1.3302817480191762,-1.017189882244409,-0.9442441094888666,0.6065300205793333,1.5291711107296826,1.8556867266586272,1.6032568357621784,2.7877102450837343,2.7223023725205975,2.2840899651318476,0.8897648025993019,0.6643862485889757,1.4077726355885198,2.463883617429721,1.1803361332538875,0.48753976615851147,-0.5627539847497517,2.1857048396952123,0.8267953544825881,1.3464609633601339,0.38401721229937835,0.5463660147711178
0.8499957609840683,-1.124618915613661,0.454183965440883,-0.6969427173745768,0.15139936827007347,0.7227880590512019,2.4739606609415685,1.8767735000510097,1.6679913092745438,2.1923288011504845,1.8249818684939028,-0.3067038663116466,0.8357649574872925,-0.07258799833718955,0.6210196364010412,0.9391211605756304,0.747306242423248,2.814199258639019,1.4165670564781196,0.09538353976624216,0.14333503827594216,1.480405248089482
1.1345931249072052,0.9234477047870361,-1.2035862453658066,-0.5052975774060896,-0.141802148704048,1.108576300801597,1.3635470011037765,0.9821459590143508,0.4617382763603647,0.09714645967643784,0.9661001848159813,-0.224670826652805,-0.5740394593614814,-0.6070339251137551,-0.1504276199202345,0.2568203958128807,2.049970368489941,0.6470411162107349,2.0497731583234082,0.9500364406452002,2.277849274090935,1.116826936203186
-0.9446234597565928,-0.7152021910635684,-1.205154951621029,-1.0284941538807009,-0.21778241809857896,0.708237729326608,0.43666182020186123,0.5330609193161285,-0.3702416687623406,-0.5801944817517156,-0.2175062794314961,-0.2947317261975696,-1.1866894816825018,-0.9755868076237774,-0.3071315902746532,-0.8489056412092849,2.3546538842042457,1.0163254226151013,1.9860126154011124,2.276099371982493,2.6161122621248922,1.5689691824300198
-2.4519561263906544,-2.3647360286361954,-1.8857467812502624,-1.3639165435550606,-0.4746060572333502,0.46543606578554075,-0.08413707423917233,-0.3861259903642715,-0.5723590936837855,0.1569448752215498,-0.4509162658542332,0.05683966384029696,-0.23759316938967742,0.6624776253434073,0.3497818965803157,-0.16350618564042463,2.0532651545633858,1.688103505944563,1.7335150114134785,1.115833227442025,1.5878641949964978,1.7667379949546305
-3.539284627182011,-2.9291157899728737,-2.6002210669956125,-2.2337306821331766,-1.134850306171375,-0.9336214456084101,-0.7294128154086766,-1.4335636541205883,-0.5378051454021369,-0.270648401811753,0.0034820352624951446,0.5589490685605198,-0.6385570370155086,-0.35649470518202275,-0.5259966338267422,0.18752575777500521,0.35400741278658626,-0.5596371643846114,-0.36172479324551976,1.4090456996141718,2.0475747162843136,2.8290866896593667
-3.948787420753151,-3.3941877045555735,-2.9878541346164,-2.1609610795055176,-2.3775378673513305,-0.8266244498230512,-1.9722775262086738,-1.3572294460686944,-0.9838539540435343,-1.0408719090226928,-0.8492792289166983,-1.3339468136808836,-1.5933801236247245,-1.4850936627122493,-0.4383148758255908,1.0770129254797465,-0.5350952840472953,1.023249290649031,-0.5544559068445796,1.617191179710914,1.7205895780975295,0.9904136154098857
-4.64213670310986,-3.996276510313263,-3.2369878665953515,-3.8667852361686723,-4.132801154161533,-1.3248120628986249,-1.591282469840942,-1.4550923553380668,-1.2549821077074632,-2.0210678131385515,-1.3527307023188808,-2.3276042351255115,-1.6469084621515575,-3.0953817650984345,-1.530079946162576,-0.7495552275960963,0.42836172773475983,0.6889791644461518,0.46390415861160256,0.4348300124633719,1.768839481988857,-0.04888158780253282
-4.973262509766031,-5.144891895313549,-5.362155286594721,-5.879677144337633,-5.238121939088438,-2.1974982646143504,-1.3758056650602404,-1.8598109510294167,-2.0516746399822874,-1.484747970960682,-2.358266723608415,-3.281382878974031,-3.6703647313263104,-3.8084047333297955,-1.8750026208044188,-1.413108203066617,-0.812270740216035,-0.23407699742441365,-0.2277903655247501,0.6332035027814793,1.4666630067338529,2.2595161040748786
-5.098273093002453,-5.492940216222457,-5.820068374117149,-5.999783367508328,-5.146082445909962,-2.240871974277703,-2.5287866652191044,-1.5058379967826092,-0.8057689204156584,-2.3187221567769165,-3.9213623306945826,-3.670053111089634,-3.437856763971573,-2.7241860288872854,-1.8812367330880206,-0.7745925387035391,-0.3690499795551161,0.879433658876987,0.2318100894454354,0.19056497601990927,0.7503415017696552,0.7949535967448425
-5.6583860476411525,-6.551153642449781,-6.949743994161602,-7.019079134961844,-6.088884882586684,-2.054529679628683,-1.840724978024218,-1.599345818287608,-3.0208541486121137,-4.413010903330954,-3.6713986946528676,-3.6593105807149593,-1.6297835759729093,-0.751651942255989,-2.07241943926195,-1.6619293908544062,-0.3086295613835327,-0.2552110194250896,-1.2237964180072374,-2.1041068782823578,-0.9124566403797933,-0.86564217274179
-6.725439958147575,-7.255220385184679,-7.685255746759739,-7.83604206346728,-6.883086488182498,-3.2209819876027903,-2.5533329624819623,-2.4558499095246846,-3.435992304834575,-2.885712982783147,-4.073114413869938,0.13380130859142747,-0.36376478209540586,-1.917187690888609,-2.688043840975428,-2.778833971024849,-0.7981298792874345,-1.7689177513649068,-2.16246335008586,-3.0464946532454467,-2.000733683851153,-1.745203193016343
-7.69274491290895,-8.391795009586076,-8.043902006202668,-7.91362526747001,-7.1517563728769025,-3.0175322779325597,-3.387937991907179,-1.5142782040300824,-2.806099729500547,-4.055048773683738,-5.174315680708024,-0.8149957322674147,-1.1531785842524565,-3.9314089673004062,-2.9191755178533905,-2.6036668005155095,-3.016969142737594,-2.6208747324459276,-2.844993122521328,-2.8181799555116442,-2.487353037554264,-2.024534114289245
-8.465427081066558,-8.479424649849564,-8.659951724427472,-8.482842139492321,-8.645866968610154,-5.780162568274982,-3.157082845975512,-1.5938037129153058,-4.321772732664033,-2.890983576687104,-5.997793988050999,-2.1367906030424666,0.26706042957426446,-5.761097884398045,-6.476813332173338,-6.3729139033191595,-6.9689961066027815,-3.052353206801062,-0.7784198932625649,-3.257309219333601,-3.1888271542785325,-3.1207313477062097
-8.78217622546189,-8.552739741837001,-8.903534326498594,-8.597334945998568,-8.598520527239902,-7.389498336585092,-2.812746948338563,-2.41958831333464,-5.996079132701519,-3.1806701107608326,-6.472318213215427,-4.9346699656921515,-2.3430865479811347,-3.4551047571598192,-6.693017710840678,-6.343770018826366,-4.302056913017198,-4.326976313202562,-0.6530219426128351,-3.136003320766071,-2.555123598184355,-3.2214470257581302
-8.61905488318292,-8.7083580793909,-8.860199761176414,-8.565042332303268,-8.545594939175931,-4.88232726093246,-2.071098297117794,-3.1447317933458256,-6.932798250893082,-6.148282432132278,-3.9342181753208747,-2.2121431498152204,-2.9466515110647875,-4.901160124892533,-4.8190191319182345,-3.4270531680776664,-3.8533889513967385,-3.328134584429805,-3.139170802356226,-3.269117135336421,-2.790681417682048,-2.875163151474219
-8.591239656873917,-8.709880250817376,-8.812297770192306,-8.453110728453787,-8.131109347570863,-6.270051616106828,-2.7178169781435306,-2.26087557637104,-4.897523386414081,-5.889134134883981,-3.414681343224224,-4.860246368792619,-4.0976950148903954,-3.5518348033150304,-3.2146765462010793,-2.6847003100451032,-3.7439074068187965,-4.016895381153745,-3.2258206371787916,-3.201929897858289,-2.847483465334901,-1.337950030456522
-7.914660417852404,-8.32221413667114,-8.620813104689459,-8.466389977419537,-8.234694959397595,-7.253345374940083,-2.654378781292885,-2.7856235570347994,-2.5356134582120573,-1.8065736317683545,-2.7839268645689983,-5.170796371909278,-3.938317746049951,-2.098675456126256,-1.612836523747399,-3.7813569702569985,-4.022124515127669,-3.7898429452759412,-3.5113339158232972,-2.228006064203332,-0.9964419064306251,-0.723234355371977
-7.814965994543712,-8.455579817789605,-8.510381653023572,-8.493997503103554,-8.176413291618628,-6.943024779519615,-2.3424366693342065,-2.6063096853431307,-2.3471503730474668,-2.85344504512718,-3.6244771300656344,-3.6516132588688626,-2.691216104130812,-1.9637886887030578,-1.7758768414864747,-2.177507333892321,-2.4919841882452456,-3.105606841000559,-1.6800256385342578,-2.197056023493181,-1.1090448397014196,-1.0325892133400802
-7.8545180561017265,-8.60294027085508,-7.4424966830993835,-5.819333953477359,-7.1825221739792715,-4.8902336741438415,-2.830751562189031,-2.494481374298675,-2.0419058670499863,-1.549136446680742,-2.4064640603251237,-2.8626309788776014,0.24140013260458798,-1.8808433675489487,-2.714062135973717,-2.4154955294728353,-2.316167574687388,-3.664341898598939,-1.6485385267422827,-1.4260457270207283,-0.9393349939334332,-1.6436197502709076
-7.343378554697577,-7.943523137884891,-5.259479302773565,-2.5231443221638417,-3.8737936191341826,-3.265731420863175,-2.151053089250221,-2.067443680784073,-2.4009681733865658,-2.0485940888155247,-2.325152551199033,-1.7437195057997799,-2.6874279059362043,-1.7517407051850054,-0.33532896581338356,-2.6033250084704163,-1.3548586691272044,-2.1016312496386256,-2.8770476673331804,-1.4940640645073298,-1.548024750491961,-1.3800316561258728
-3.463288518002263,-3.2423943856316857,-3.866819151473005,-2.6842051288157127,-1.9733179468506548,-2.521671650468896,-3.2969148571363847,-3.014138616515363,-0.80180832739418,-1.932464403845072,-1.8225498179285229,-2.2466017303151204,-2.4368158690542505,-2.113663674441183,-1.72980107770974,-1.8342409960318224,-1.9544710434556039,-2.6175289125185395,-2.702671545130797,-1.576192922799078,-1.0752627456256334,-1.6933175449684597
