script/wind10m.json
{"header": {"parameterCategory": 2, "parameterNumber": 3, "lo1": 3.000054539987559, "la1": 64.9999836372058, "dx": 0.5, "dy": 0.25, "nx": 34, "ny": 52, "refTime": "2025-03-27T04:00:00.000Z"}, "data":
[rows 0 to 24 of 52, columns 0 to 33 of 34]
6.168815834952871,5.856382306976749,5.107223670281195,4.730326219652566,5.29842051340189,4.946447995675713,4.996898092431403,5.255487937479438,5.121076841544133,4.893800268944612,4.085600194530486,4.702655468686193,4.933726700407761,6.256459228039549,7.2128328735206395,8.049151163185641,8.694176736046764,11.559278412286654,6.174507016229114,13.096062187044408,4.953121480035271,5.21202053002621,4.436941666831039,6.466302816491488,5.267337096979043,0.7010937385804796,2.7945176780785617,2.9611710994767018,3.529709044260276,2.8390856207096076,1.9863808096532656,1.0647186919629674,1.4995235266854359,1.5273227183911744
5.7979879177928675,5.550721108887502,5.355089720635244,5.485141754895751,5.338943285431406,5.481693946122937,6.426677927496258,5.5221124796015655,4.3769994813709125,4.862962660608519,4.497001431287704,4.743477529021272,6.664126771505058,8.845800308132112,8.9881206439007,8.773653829673691,10.362710855056406,7.301636141467104,5.686413058700612,9.235534935382406,4.0468851221053885,3.8998769554899053,2.8297990691828017,5.22301416605853,1.1886931235291607,0.13171078503581557,3.4022934481578844,1.3773207453445664,3.2811534477187068,2.9059394181639613,1.9018570989192525,1.944814669305994,1.434969434725299,2.3865403066957143
5.54539496654843,5.385061754383773,5.399782844771895,5.3920743357379735,5.4558875442250745,5.759570174142854,5.384527090973834,4.232104848715534,3.809557857734057,3.748670248633247,4.9694627171543715,6.013876333428364,9.272000195906474,9.208707488792856,8.8585062499448,9.102922925244203,4.751471214447789,3.7092222341212877,2.8599607495702,4.389364071210332,5.6419413703094685,3.600756385342682,0.6755880570770374,4.831871367723633,3.1608924128653033,1.6187882537658889,1.8426046716000584,3.0304625891519983,2.206249799297439,2.4311522503784264,2.7981421637347603,2.401904031271028,1.672298420220325,2.4405346274093875
5.359124872010133,5.2148076953163605,6.178992722947852,5.804787998937999,6.6992305175080284,6.024027383707428,4.948690104264888,5.234888784577304,5.943349850973143,4.106466266630897,6.3035130829131685,8.924344656157288,8.962598971978306,9.13374779908512,8.181355471209775,5.942484379304563,2.869613898565007,4.285388759352984,6.841830547425306,1.152760212877608,9.398786345088045,3.4468641252482124,4.277323764881752,2.840487779907332,1.3814182475323835,1.2995844979125726,1.763607422230652,2.1052043932981115,1.8509446256224853,1.6952018063695906,1.2080081470871615,2.02844971900549,2.072472987071709,1.202186309562702
5.545357857040009,5.188481359436274,6.5134699013215265,6.688305206769955,6.570756292541131,5.512005429593324,5.030988015541998,5.374292997522365,5.675000291273559,8.298452911329115,9.357793340437194,8.706077442675086,8.975031370391758,8.154377973421443,5.446673900345599,3.377091924829241,3.4534173752225548,4.001602855710822,4.304927336432916,6.516808673810729,9.328827738358706,5.784571381921465,2.336205382287673,2.5262046483558684,3.030883488192165,2.342805789903285,1.8992327048572677,1.529130807400158,1.8144168940979013,1.9365367777974092,0.939950229279655,1.6057232003038673,1.5963128908342676,1.3141765313920286
5.8108260032517665,7.802509495663949,6.3526319141417416,7.036577476422222,6.110242380027856,5.684030537015632,5.137877907662295,5.796333026915504,9.694841023424825,10.904138758278355,8.977212007121793,9.650511514564995,8.021054883297586,6.952903499701596,3.0400695538095706,2.8029483357324567,2.2315031967307855,3.396380174479454,5.4382626462572325,3.8258758478581267,1.8180349570290504,0.7758004978479496,2.2344969085246436,2.0088125235334693,1.7787369663935018,2.5060699728805025,2.092262939630862,1.2759516402050821,0.9486029260248214,1.429835642272374,1.4194366835226782,0.6154193166007915,1.2313496198828302,-0.31853875117377
4.988928572931537,6.473846217683355,6.459052329939584,6.61071434484992,6.4058408527046815,5.983809868200986,5.244112505618318,8.674776008712115,9.58930708353533,10.29080662983909,9.4837445010037,6.6643195709545635,4.567024749006574,2.9621295474969904,1.1160192844024615,3.500256733332007,1.5180425937008786,4.868423506536949,4.452500547573205,2.865670606016624,1.3396459634976006,0.9416047417405766,0.830402114543519,1.6690127925461595,2.6672628237197253,2.736821589286119,3.1041843131137736,1.8348426573777534,1.6978456550174967,2.015116506160248,0.9727396794223425,1.249260406944593,0.00919051890814415,1.9433677991512517
5.871654058899511,6.2342634451692,6.4651180373888595,6.021911590322982,6.111768039836754,4.261736711319251,9.89865140123306,12.383957008353272,11.759001900850379,10.365747099595623,8.895315611068483,3.3302205527673627,4.0435121718954,4.039678350269752,2.718632711670927,3.085061735062936,-1.0493666456715998,4.675001093719236,5.016674969703989,3.249376807808062,0.735470594355303,1.1516450638717561,-0.09965959350291155,3.023913859427155,2.18463905399482,1.737424484376929,1.1967250489545895,2.5507677423884103,0.9264692743252022,0.6615778095029375,1.8848115250373214,2.1134541595295357,1.7270762729489733,6.32867525202419
6.047251549360118,6.627711162357487,6.3891254651995775,6.398261471395914,5.390713929146317,11.480979432547887,14.324409505758858,12.019374778777093,10.275713663655274,3.891394018507933,4.167618746950195,-1.272169517533006,1.9095871962659927,1.3280856089361015,3.5709345964240886,-0.672260174397846,3.308157797496241,6.774795102911047,4.47697976385876,2.911124088783834,6.41244306054729,4.738830988314335,3.0327380181748826,2.031262980955877,2.3183559723889995,2.3569416190793535,1.9930840249914294,0.6349093898605095,1.7134537565263865,1.3717496383706271,1.2357426717868452,1.4355571993922114,6.3677757165644735,5.047692946966407
6.03785192717668,5.724152803098948,5.521840347927353,5.041647371378375,11.394581151864234,13.918618127627989,11.554262813443781,8.308214906256127,3.8693210602759396,0.3587105853557092,0.4676991751481256,2.055793893753531,-0.140621495652342,4.814427442589581,2.334786376233424,6.495408836848381,3.2974321952638177,3.239672517474782,1.415368425176231,-0.25768648549463313,6.026187019417832,1.3640724826671498,1.3702973763484692,2.3765198766558204,1.8514286625770426,2.2926405828189345,3.3837455472655953,1.8763080051612775,1.3415910928921113,-0.7166135163047278,2.827570866439742,5.186903238006029,5.975567109334816,5.629144014580409
5.432883570531196,4.85454053336438,4.259199301552156,8.257636323402297,14.595941618725268,11.85141990492712,8.734266921461101,4.183366911830686,7.646272657328862,3.7229733284786737,8.121476070549303,2.6024938445750796,-0.2891951161040395,1.3385393063173419,3.608830796859342,2.2070592300217498,2.0329884250164962,1.8020278405373227,-0.014394700739804124,1.7537916456742575,2.6558246474834792,0.9440378522317963,2.977129177015261,0.952951406053221,2.4620494146607395,-0.5215235991687278,-0.5715308609994141,1.3757469565369278,-0.37123993248572407,0.06833464066107557,5.079677481667309,6.187017967824915,5.956010235704519,5.931606872165643
4.310522094519305,3.627401581566046,4.087824533746489,11.942483036106625,15.993654062160498,6.984108514683065,7.456388397669147,2.7548955429630597,6.998653908068287,6.350614490049445,0.745273074357445,2.7617401716554464,3.756207199530957,2.487151415780724,5.121820421714717,1.881058638137769,4.656093056548302,6.1799485804229715,6.214161163509181,5.152514661202045,4.828549034536398,0.6902856319679741,0.7529731160078634,3.5389093773754206,1.8325098985598647,0.6212771526107714,1.6880540502118702,1.4383784813254874,1.7272340730846976,1.9740145042076074,6.578514054418365,6.852683336693788,6.981652824783013,7.0124015919474525
3.1348325622526705,2.985348919900759,6.310433545465178,13.823537547186385,10.047934194670564,4.9327988186175755,2.9490566579124766,0.6026895443632238,5.247190057582014,2.6323952329815166,-0.4609173313404556,2.3812853860496803,4.006534166783844,6.722235257955406,3.2477172813334843,7.3401136181235715,4.282868758170835,4.052427926729864,1.9490311832720086,0.133673577902072,2.5753186269502057,3.028193848014281,2.1237206493672924,1.7516294930082839,2.2475036896711176,1.1454760911564024,2.0293392856109103,2.070506162763272,-0.1616355100541418,4.363588106781216,7.656867272810488,7.566159215089332,7.459162609673917,7.471525057496393
2.8859886022241783,3.190524709459554,5.87479934249546,14.08326719949985,10.696429883577354,8.477085817227799,6.71186863034736,3.1213366175758908,6.595748110301062,7.8462977340422215,9.106801514523772,4.4519744665294185,0.1687846118339332,-0.5284922009245036,4.342402954923382,0.6856138867047845,4.2411553026463364,0.5302006457690175,3.8604239420112956,2.9950281957891556,0.26759906899770103,5.601882591297055,2.3239954461180363,2.9714329884377917,1.7299661574878704,2.8320579593929196,2.0064382256872886,2.510845306003293,1.8552613760757288,4.874458668823252,7.801601013338031,8.20040475196519,7.632306347026123,7.656814390524757
1.4970758873246768,4.676818948810499,7.351391535362372,14.44848235071062,10.761382063358157,1.6359276800294285,-0.3522965646899487,6.266214088296788,0.8930592265257044,3.701303759192226,2.138803253824767,1.5425903246818995,4.785809395632794,4.816984457799939,1.678780947826627,4.469428818667773,2.565171962470421,1.2121025254651725,2.6111771220582156,0.7414416497065502,2.4644354216130546,0.5459028188041097,1.6245504744595818,2.1462975114580365,1.9692790354578975,1.9550733196718257,0.03214264688917598,2.6190358592553022,1.7802471130438682,7.92183525247113,8.332149717946372,8.176361963873635,8.330739463766083,7.729747656202878
2.4213647688968827,3.7746887657327473,6.933473990685298,14.006473378666062,6.139714266652864,1.4886531453692602,3.763669264277764,1.9408638654681356,0.15217450594827642,1.2319247681695702,-1.0257186600710342,2.6782548995058146,-0.15160869170438432,1.986605543204476,0.39833990448550116,2.1529424248269478,4.08631295258622,0.1210572565895218,0.7353480686323481,0.6700725533219432,4.92662988403123,2.802970613240471,-0.5750818787153283,1.3268476014550363,1.928323630184883,1.4799691625336178,2.6165436446868746,1.4467955273869133,2.0804067494040517,7.777752715216132,8.673934530988122,8.396263789734258,8.015545650313472,7.806017711263182
2.604953155598775,2.2311665192299377,6.089823383188558,13.459947008373767,5.830869361569967,6.734786680921452,7.0009139368075335,7.063259812832229,3.3660176000038975,6.286641595859454,0.22774198633465814,1.932646304495481,1.479190422783111,-0.6989761670476446,-0.059728352816892476,0.23333227051426345,1.2092614919371996,1.5405150745210658,2.181421885840349,1.3915599141707695,2.8188456642809756,2.5638079602386377,2.2187327164807047,2.0325885810871687,2.423456592206109,1.3039478279268224,2.259695894646207,1.0945624680326067,1.918811248038344,6.818897218719453,8.35012964624874,8.059200023954316,8.11524321851136,7.375058100433255
1.8336097336203852,3.344269887971966,5.584378646572074,12.63441083590759,5.502457641055444,2.921442004085105,6.472135644949918,4.452202292373848,9.00240491830792,4.274084661368239,-1.611501258634129,-0.5036256639850184,1.6669370322342585,2.8028662800355044,1.2105310736338932,2.1946833627524818,-0.35150196766576225,-0.33938039054367675,2.998280053013857,0.9959385951002376,2.1975015100692454,-0.27939945630775026,2.02808092459661,3.1004608715741577,2.358511603464565,-0.7293328711290629,0.7078413919866211,1.8744270299531929,2.2245478753220564,7.29000294668578,7.670435651651533,8.349588985861145,7.942843162512239,7.539423272042055
4.089096803432086,4.242270799580597,5.207469893040399,11.746131684256664,7.216729389192746,3.5473242831863456,7.411346607196398,3.517499369677808,-2.008237480987519,-1.1632897427500042,-0.35292437253552444,0.33279162311332827,1.8708494215029212,0.37156081510197275,-0.02781618044522012,2.130653506006644,-0.8845938101332304,1.8981044768251434,2.6604682762216583,0.40602909053133995,1.1737332488233878,2.4872936576757465,1.2769711812371929,1.3754878116539933,2.249847436773581,1.9734110501679223,1.8660438896577307,2.698637277578228,2.409466593436721,2.7689784067445085,3.367183596169435,6.240103952752782,7.1971057247273285,7.1666734735497615
3.6690292181743187,3.080312534078853,4.858808582390077,11.162551432945554,5.4807664516904735,2.0967556566938046,-0.47001358670749366,5.272649761179669,3.448896819423475,2.1600971172740553,1.2824630293464285,2.7479401263483196,-2.8132813936303736,0.6132505545088651,-0.5650580606543437,2.2579744791875354,-1.1947630239883815,-0.5390816121047146,1.4657495561920457,1.5725381557076528,1.0347848953187093,-0.38907815107856425,2.6876368905129127,2.6848267160370485,1.5528629552858955,1.7125754263318351,2.1218056666217633,1.7516116438341143,2.5949008660397537,2.460300745035882,2.5689829341977934,2.463482410780732,5.878762850915553,3.618159407472851
3.1239036268049976,4.303165979582051,5.262286816790968,9.93181363421599,9.877657113490734,4.771269376600023,3.0508182026932533,4.001782443140733,5.960147140300588,3.5928606220411594,3.3738392988672907,0.8604271309548459,0.42544819787488186,1.1809210921831683,0.04546437365473337,1.1756760832154154,1.8708995412545795,2.151339316890289,1.4864607210718233,1.9724789285704223,1.364890790067138,2.851757617300943,1.8537970367856895,1.9193296307893448,2.854038966336793,3.176963316882005,2.8053242682336457,2.681420336175459,2.615452912315424,3.347799045776864,2.9997185713435406,2.2921644087032913,5.211039423690892,6.015217663161837
4.093731420671836,4.603527954056683,5.669127470154451,7.627148543634724,9.83277715033595,3.249178174186059,-0.6729445630668537,0.7212649846429057,-0.5130364624372249,-0.5450315364729679,0.3036520658409507,-0.9035701318556469,0.9195860984241235,1.3059105016388215,-2.0278443870446727,0.0831006322327619,1.795646374131316,3.7412335538892942,2.323274879131736,1.6125089408896436,1.786969860545809,2.9917100507177423,2.3318176837138003,2.26794781125951,1.9383226470331874,1.4720460012096426,2.324724598794529,2.659950352705307,2.651783692710167,3.040386029291328,2.2574761897148528,2.3095840368544627,2.3244201647508107,5.663016165535773
4.2040798353708215,4.350956689287085,6.407239242729598,6.63110463439954,8.988424529600458,3.5824443764803466,2.1265418233500903,-0.38818282265756676,3.652095874709794,1.7284555253484764,-0.8984164749213462,-1.8242861721582113,-0.812271084978127,1.7959864928661953,-0.6881490544772547,1.8523899811186988,2.6977062880296097,3.2447256767882315,2.3795375071718983,2.658358366593789,2.2265244661686148,2.7751079410724007,2.8638567008518963,1.8907112049619117,2.1978252541450956,2.5274913602598406,2.4522313335386743,3.9956699999510428,2.685623690653419,3.381827275642395,2.5694084383246474,2.3408363474005593,4.686288225335042,6.11765256855041
4.159701379964971,4.546868335708567,5.297932175822037,6.45188330786995,7.720969499517851,4.836564474306602,1.1304707489458723,3.0356386891781817,3.7041498546151823,-2.046112953747209,0.3763947435130183,1.8149878592223927,1.0643399508696278,0.8796208345731015,1.5932504176520934,5.5114637409317915,3.7218617771684612,2.9160159896040407,2.015971177048124,2.1128127016427927,3.268191277236217,6.146555838685612,7.7231728693461505,2.1574346510808167,2.178640615532149,2.5109490416866564,4.901185734456394,3.042500771656901,2.316527398591233,3.018512423367366,2.7325244465645695,2.010769915947369,5.6001331100059515,5.694818744952873
4.212374762399162,4.938544288629262,5.195111520329378,5.859322706519816,6.9312880233305,7.016878052714836,1.190944772347262,5.618004020350782,3.111798740650815,0.48560163896972586,0.30704060876618416,-1.0742710247390954,0.7180064303742035,1.8840415983002716,2.940763193917262,8.510447152804682,8.591228910841231,2.8130914225494,2.3871751685047706,2.0015508398942528,8.364247922065093,8.047116742560132,3.3899745766425284,2.023556748649036,2.889320960499495,3.2198226727774393,2.9825988727253585,2.2265495790909844,2.149993651888316,2.1165970844018855,1.9121613546116278,5.171101517707213,6.20047924971382,5.937860528177396
