script/wind10m.json
{"header": {"parameterCategory": 2, "parameterNumber": 2, "lo1": 3.000054539987559, "la1": 64.9999836372058, "dx": 0.5, "dy": 0.25, "nx": 34, "ny": 52, "refTime": "2025-11-21T17:00:00.000Z"}, "data":
[rows 0 to 24 of 52, columns 0 to 33 of 34]
12.715300262672656,13.601830146848064,14.180054427909447,14.746148348018938,15.128919672734005,15.32546850840213,15.599000500170087,15.56009299522087,15.066055555809331,13.444480115313649,12.116915643780978,11.60631926451691,10.465843472178555,10.40270977292516,10.037031497006373,8.483397812504268,-1.4960909511544283,-2.612125965371194,-1.9276319028113509,-0.9359944836162586,-2.044023550824885,-0.9181504766142145,-1.8041025718081471,0.45743656457702486,0.6323870842686856,-0.5727660983757059,-0.5828963824724611,0.050714231730373274,0.14743663874898394,-0.9480824566592406,-0.12240173726472123,-0.4784192545236788,-0.04274039173504666,0.6268959740709736
10.987582922331129,12.015210785396318,12.86377035838285,13.511950652647464,13.857994878813367,14.08722194032628,14.12505428208822,14.05758096668075,13.345735315652188,12.953894084159813,13.092389950807256,12.330153393388843,12.857456288274983,13.390602930479968,10.517635236825129,12.637708717294226,7.372217700198524,-0.7304353330398423,-1.0942588620886051,1.2082387283513587,-0.6072340675652839,0.07026443327882914,0.312005503597475,1.1866548187532453,-0.9013613098344994,-0.5832887049353729,-0.8334637053249964,-1.374750201886263,-0.7498774393149705,2.160665524399038,-0.531472378084701,-0.7337583059180098,-0.37740430561019717,1.0552695401438608
9.717279035215787,10.44192551728102,11.276708044003975,12.037370482665128,12.525684939078706,12.624584220073078,12.907784690710736,13.118401287116045,13.006913788836965,12.556863858260538,12.6262617758499,12.214525677487945,12.216871254836088,12.803771490374631,13.199146211545951,10.755574067383701,3.441710092055523,-0.48743980982485835,0.24826849643506654,-1.2655271620734094,2.343079716349434,0.17385523648516304,-1.2786742790409846,-0.3667892577189747,-0.5259686250156015,-0.4745569516176033,-0.7348804606228966,0.41253374132399934,-0.3356044580816642,0.3536697523283692,1.6032760029322448,-0.11140729291580778,-0.16337180160862394,0.40168798504279474
8.369484901069432,9.261900322297658,10.408802847614442,10.913126475903383,11.360268303645052,12.074970195712702,12.7044004108571,12.714746530217397,13.403073412218347,12.540141380401135,12.095021857414928,12.116693757174474,12.185319569080798,12.021698692684742,8.846442163443362,4.749026753038852,1.7661716607356641,1.1165450111758473,1.7514587164559134,0.12623618543814635,1.2351766046977117,0.9243213096337278,0.26957951113218215,1.5178448011163057,-0.8361161409579179,-1.1512912665927455,-0.6553424483612226,-0.424224090230919,-0.6540277267216706,0.05931011195040751,-0.3266318212793052,1.7769708492257668,0.26878235260135674,0.298128672233655
8.459661616094523,8.475266385996193,9.841837973350676,10.257014902328942,11.156291635975771,11.248966471844609,11.97720545472571,12.15171151648812,12.280327733432859,11.98174701134235,12.165223261012725,12.63800106112417,8.00500397548777,8.253121655619337,2.3573313347743636,3.2942138677350097,2.479736581754869,2.0780562638000646,2.8113873317463436,7.0494487823662135,1.7864487804071678,4.977897471436178,-0.7912203758445547,0.9889464665316022,0.6600070460243289,0.12463694291431059,-0.3886680038461326,-0.4470751309559495,0.14524857211468956,-0.15420932318640945,-0.18579197966488825,0.5734936781359723,1.368058940691359,0.8249224936769147
7.391901681007353,9.451335021008541,10.00683494488053,10.36894079099022,10.588291192126245,11.140344009564146,11.134520387316684,11.378230425594134,11.852223851745604,12.108605195171627,12.051403443844881,10.167483195928684,5.89738746842102,8.620287686591162,2.3881488802702138,1.9127445164494736,3.678794077893364,2.0811957465672988,5.015261023890913,1.8767049970322935,0.0949242404366294,0.45240983333404794,2.9151469101027687,0.7854129209756333,-0.5320236314599239,-0.08746220893086816,-0.36172246844687883,-0.5268857895164014,-0.3492339373609478,0.4002667776450944,0.30583689963190563,-0.7555207387119457,-0.2650812910108022,0.8142481384545275
7.817551374737873,8.277990633311859,9.260173356276356,9.324903694700104,9.933622985969492,10.407424030278325,10.922751777129982,11.266852481352315,11.658458860252091,12.02314039213903,7.064502294393315,6.522850727675534,6.562051437755717,3.889120816047904,1.1642719518133657,4.14207271859062,0.005089736787333933,1.4126339953781233,4.628033270669578,3.2745479291790818,3.4073963376881764,0.9611275266837321,-0.6209360875620747,-0.3009092748403473,0.6512910759636225,-0.22639520199100072,1.422425135499025,-0.8289681120355331,0.24580893933984488,0.1294374582711263,1.115183540868161,1.1585247110694383,1.358474780807795,1.1054716186770228
9.114595901926865,8.43311291382939,8.31836790380729,9.588601250376328,9.566284082469787,9.952838477612513,10.68015708552089,11.259962555727048,9.510926654524345,7.652739148268374,5.5130164639348855,-0.9267085594602473,1.5205297644623934,8.757969846174037,0.979643523955817,1.618085081543975,-0.9639683559070071,1.53499495352122,5.5528580010648065,3.1399310431965985,2.3279392672173245,2.456142836563178,-0.36769806506795893,-0.6406408562149574,-0.42714175267824317,-0.638194613334223,-0.3878256592211691,1.7429738367036294,0.39889782898509385,0.042773192054317684,1.4691040777021325,-0.46135830757624424,1.5244168924071577,2.7578401773874575
8.519004033780671,8.575340041883363,8.272536950827893,9.66990711353596,10.894475362207967,10.411550443867311,11.748012334855185,9.800050792086324,6.293400534382714,2.112117311586775,0.6796254906871124,1.2731368488945098,3.770659499119723,3.990647046845437,4.406113102760016,-0.5361502865151669,-0.30359836078822394,6.352268453917915,0.6200592390458847,3.9257001440882173,8.369819287908836,2.19487588870172,0.8284879663528192,-0.9241633991887402,0.7468235516191922,-0.07083267936738384,0.35051343925087736,-0.4554922203190801,-0.5500280330318268,0.04789238182610378,0.8345628668743665,1.2706981978352527,2.776587372607186,3.936437942662189
9.164978035418972,8.794574618538595,9.05719853272868,9.544793726129326,9.229510022977637,9.962374750670278,7.362323758227492,5.152269572050959,0.36683393136284637,1.657340719166667,-1.882103900634142,0.5039012671024073,4.558855050296039,3.5790030260678574,-0.7095163837772795,3.4136588084726487,3.0092199705863174,-0.46081822632477304,2.318578763480104,2.510027565953873,4.880985357177016,2.985490869641635,0.6713644446539463,1.9067611312226664,-0.30857919007848633,0.09017058461097062,0.7237768425651357,1.1428582298074494,1.1530238558737371,0.9906632957399057,0.490618554827372,3.4928275406855933,3.8063345033877547,3.7830947666629644
9.372100614499562,9.099967665773024,8.99700252340596,9.124582392941258,8.4768073359039,4.91460068816755,2.629068636899946,0.47404190012607295,3.8029503940045064,1.1564425353416778,5.685990179180179,-3.192204469594013,4.6835382607955,8.153092615951412,6.064244201836676,-0.08706486066852474,1.0497130046003487,1.230124083179556,0.9575612390108056,2.310521373876084,3.708402847344601,1.2226512366703832,4.438265422329187,-0.43843411931662835,-0.182052986174172,0.23007583119245023,-0.6543620103046164,0.6875891053148003,1.134144790536678,1.188503653021558,2.877418878967771,2.82507704076767,3.863037833423779,4.139274023882256
8.760082877727926,9.431768927921542,9.064271508252576,7.758414713265564,4.71095500026688,1.1428749226010433,-2.652360035603241,-3.3192399130125723,-1.4179367959409586,1.0868378696885541,4.185156298672319,4.179967678598574,2.0761231018643875,5.891288350994474,7.740266076483216,1.7638635779501113,-0.2615887358315482,4.372665286616242,0.8431491134341278,3.2586174570795983,2.7539763750839223,2.6552659552993676,-0.41057846978432305,1.4698417491456044,0.4575780539275622,-0.7005731435577478,-0.4114413543107592,1.3437054011918523,0.7741446619952291,1.1280032147782069,4.245345705669236,3.7253069141546344,3.3548819439712942,4.209912538576152
8.984665163416537,9.503597520602009,9.680672646218403,9.883382411831134,1.3079183472753628,-0.07112979220005093,0.29519499733475785,0.9593550535305531,-1.2325613172456809,3.7892236766586898,4.854484077151228,2.892368164138295,4.727589623337503,4.989031825248559,3.439311257472721,3.9142740081587055,-0.012173905311583461,3.5028195794251396,2.049407688865119,1.975214195011013,1.737241758525528,2.3522269931089816,2.073480277366662,-0.25753665403101855,0.6322720902079982,-0.8787154917704169,-0.647006334175073,0.9096432046900619,1.584791850335035,3.4594126251022383,3.7085740894466945,4.416204128042407,3.970451720635411,4.134826867799164
9.001375235254711,9.442011013432536,9.66709233044879,7.218906509852525,0.6968105287301082,-1.3019819233546042,6.208696267125547,-0.19998884943510278,1.53310629965701,3.2995907983978507,5.067094575953678,8.057750261692341,0.1166198896962769,-0.9230080693868513,1.2651286137214919,3.0232104903954085,3.433585074018486,2.3299904136560547,1.880349330102845,2.2225026221732063,-0.7432833372897011,1.3972119286965123,2.8814569486035744,2.4111398340725625,-0.1880755404148431,1.4888505705540256,1.414248272194839,1.4830640691713224,1.4889001644483453,3.9568698417346417,4.207618222876589,4.420776478112179,4.2301618777346865,4.042130404128683
9.068333464736291,9.534057499287302,9.583341033247441,7.198060219507468,-0.4819300836633488,-1.5491534178664008,-1.364919013943305,4.435730634186263,-0.8408338618395756,3.647550361375372,-2.315978489401178,4.508538083151267,7.379090668322977,2.2685362874553143,1.2208569844009596,2.536129091340499,0.32300435167449437,1.453987852454131,0.03676893311778497,-0.9614878631966289,0.10729846404071618,0.8468782976292962,-0.2799442108422076,2.056096578889211,-0.25582970403293637,0.4281178643481192,-0.2111609334632774,1.0603760217924403,0.3551968459295759,3.5409016691756654,4.041863746160581,4.62976402222881,4.293151274637499,3.8114306508501303
8.90950944104772,9.462809426232756,8.749901567236893,7.103275186687703,-1.615880585100257,-1.863390589125499,0.1930714634861892,1.0371006360322452,-1.5074532204048972,1.3383268028872248,3.1723135448574493,8.010602839608817,-0.22439664073200713,4.0684797511973345,1.5411896744913314,1.5823055771367152,5.739824812319254,-1.062636003078627,0.7155415475650586,-0.07168654763303065,3.6183118068792597,0.5709651900046049,0.2566216101623951,2.0284224002011775,-0.020218728379374773,0.7744923307921656,2.704622753716281,0.7648933009232775,1.571353781141236,5.245467665507078,4.814106404213822,4.815995021575794,4.442082659117321,3.6903942925997537
8.940772696130857,9.043062403053574,9.160656012799382,7.005826476872292,-3.6518132433911763,-1.246329971504167,0.2057858369669216,0.38237150385908736,-1.559081310215457,0.4882007412538383,5.819714476420135,9.775139952467725,0.7544844229436264,-0.31514528359686755,0.13174246939831014,-1.621705579843723,0.006990173636822135,-0.5409639627733361,1.6793028181379617,0.4788038115360401,1.9432759189906659,2.752857185947253,-0.49913067035826486,0.40845255268733033,0.8191827307515738,-0.1566117670090915,2.42663999037188,1.8946557367388903,1.7736246049472955,4.9602165242885725,4.807121887135792,4.863685592359456,4.477187801535078,3.6316803439122487
8.68821677696667,8.353275191519453,8.330915816614871,7.088343880416508,-2.484579513975516,-1.0463511544841282,0.7096062156411367,-0.644258378695794,5.226840992490379,7.796429895838971,3.2019695359903038,2.1089017778483,-0.6622976904699975,1.550006065655626,1.5037072596905963,2.5265961617070576,4.39603650675569,0.6819783850655663,0.8761072224131067,0.6462225698081002,1.079025183940644,-0.2749464626950698,2.1827744773080915,2.511682242005796,-0.9323638670540201,-0.2734270977804569,1.435505410640609,1.5170429152552458,1.5754929624545768,5.008734777095625,5.287483037567341,5.530122615707073,4.8310048460361195,3.402729012529845
8.518029578349894,8.475566876795947,8.413084440387857,7.403344749274344,-3.945921567723783,-1.2841544100285727,3.4913494959288487,1.9801466473576632,-0.5788315769359501,7.122135942677762,3.8498062767772345,1.7475515635806833,2.477299188173201,0.2561659771889175,0.37307457057487287,0.5606064755698493,-0.3120117957363828,0.03512192467921906,-0.3126186505420282,0.5658686949668907,0.23894815874135228,2.0763738788435613,1.7430517833870895,1.4653990626973261,0.15468787000467674,0.859133483668464,1.6600662162322601,1.3208049670910913,1.6691319440372028,1.8897921864216354,3.0843669823965842,5.8135830414287115,5.159181875561743,3.921169953248494
8.462470968806741,8.113336248976402,7.897090396243189,7.587618351669918,1.2623772781744271,-1.557109898468393,0.06092387523599523,5.745393113080478,5.006508887281972,4.316073789877576,4.335019536613795,5.76639188647496,-0.26657989220949807,5.546388276506999,0.4424297942285673,1.5621416291967603,1.0223178774509512,-0.11709896460687691,-0.34715816018925205,0.6990599584324388,0.6628574202047324,-0.10251627393615959,2.151104690464567,1.5946536572405439,-0.35334604720835994,0.1425612946919111,1.1813958969284537,1.3145868949361372,1.0794186025989903,1.5596629398304676,1.8415556868091765,2.079973215593595,8.141986898658542,2.242891978461141
9.056115601380265,7.634770114036325,7.773987173802744,7.225690871122061,6.675921876748511,-2.426312955490704,-1.3718002626443397,0.24673838007807317,2.4739154847312297,3.258672600655651,3.761102776516053,4.227140637614057,2.279010410407451,-0.5306149416716409,0.9622245109132691,0.404068049822456,0.3759710429779093,-0.07614516046195476,1.7349300658500317,0.5760876553039292,2.3221174395271458,-0.0971665797928009,1.92242752074152,1.7825093724651366,0.8298041312148177,1.7302100787309636,1.5029395948788578,2.0077152455345884,1.3317686254055567,2.3244388257381874,2.114724929424459,2.1708040796900017,7.537431576098811,5.5168345125549285
9.22183236256803,8.43008904428403,7.385848184817241,6.91050439709218,7.348144800188533,0.12588429145575367,-1.438815602962501,-0.8777433983559517,4.1965227888283305,1.2951952031578187,3.2385321579424775,4.610834334295251,-0.24015578285813244,2.3737139793858946,0.8618642093968159,0.3684643560041613,0.060724130445851905,-0.11211490978402198,1.7282698482530026,-0.42931936684424327,2.2936630065020935,-0.5260647904973655,2.1444185403292093,1.0240682472513845,1.4944078188408838,1.770759679117947,2.1439165951751717,2.186474029843515,2.160096188240021,2.1842409367524036,2.092837735631867,2.9505919102763647,2.828924984266577,7.30107823190313
9.645761866817216,7.49701911759167,6.812426322732071,6.512746314506604,6.3535332782379585,-2.359419428782934,-1.771992468793772,1.858564220621842,5.32231762129214,3.8029194568678846,-0.5333412999363075,2.0960473655212026,1.7947504236487304,1.682193153224122,2.0225820120335936,3.105145422658962,0.07042258447464395,0.7970598084047648,0.4627078654714871,2.7003984884246006,1.4404195547348655,0.6618387391677591,0.7543947006302323,-0.7633118091789555,2.529230071931549,2.2954610976046537,2.6717412709528956,4.208407062067901,2.4043072618114008,3.69177893069944,2.644552735052687,3.8781635986515886,7.730985985588631,8.59855449668104
9.839451558625518,8.99742897424924,6.793681683878746,6.308416146114094,5.908127472414432,-2.4336731742558473,-0.2090338551055365,-0.6238486375381569,2.775105234741342,0.2894997844661241,0.41675952874560535,-1.093409489730487,1.9806034720199839,0.9665931184258433,1.743947053528865,3.136759713324209,-0.6454825311972847,-0.12099490392775158,-0.27189950480097497,1.9762882877726529,1.2316629801511783,3.398593337536583,1.476496598481253,1.3689001801404568,3.052670807039134,2.541544824314564,5.057936566922513,2.3235094310892457,2.301943648321736,2.310057248180835,3.279366479913413,2.9251028252181364,7.562103468038715,6.905702630015941
9.12099828225569,7.2456005702415,7.121963853579211,6.289132604356977,6.09496407051954,6.477277931109474,-1.6326786249514251,3.604735651797371,4.71311783513296,0.6819489042544472,0.8855596737179724,-0.9094044717152574,0.8677117120522534,1.7367441744489882,2.1400243728142603,5.386284683365376,3.885906270281425,-0.5482908224219526,0.903421070744428,1.2208240317293746,5.1805683889062495,5.793376571389479,1.741371563309129,1.685206835186932,1.7553704769651637,2.3823500375027353,2.6885345448356994,2.3193118150650753,2.002113025509657,3.037020491662391,3.16806750623098,6.420385909115042,7.383517699243804,7.415820402106144
