script/wind50m.json
{"header": {"parameterCategory": 2, "parameterNumber": 2, "lo1": 3.000054539987559, "la1": 64.9999836372058, "dx": 0.5, "dy": 0.25, "nx": 34, "ny": 52, "refTime": "2026-07-19T04:00:00.000Z"}, "data":
[rows 0 to 24 of 52, columns 0 to 33 of 34]
5.22169754897501,5.218984261766371,5.111036198260882,4.822770831756033,4.808924149838496,4.109129517264228,3.6737889454511223,3.523834857082743,3.573126861775061,3.4741202364761223,3.4420535147413966,3.0757303006262626,2.9249801387280776,2.724372232778007,2.650467464370178,2.0625995513499173,1.4855327977738881,1.0733098840190243,0.2600419558968397,-0.4289064094711197,2.8834196532292555,2.974886097657318,3.8826136299293323,-0.8415332281123521,2.764175147932694,1.2916937864537403,1.6800153317554907,0.8261731037036095,1.1255723762020704,1.3386801999184372,1.2459694634516052,1.5672180997271032,0.9825465245618702,1.123048805646603
4.427186458753188,4.304471088156784,4.087508122804255,3.8817935873190343,3.2215119508112022,2.5514691797993345,2.2441848958115562,2.0588776006430582,2.210387386361877,2.057309047708783,2.110933362061578,1.8448174234999284,1.7474981147410977,1.7130072952117954,1.5695527415346566,1.284702232542375,1.4052034689975073,1.6158642760844066,0.7485758694470083,4.041229087130472,1.43080424293017,2.0532967072294017,0.6929209168482037,3.5445912456570414,2.235067910534428,2.360585142753449,1.5114232813131954,1.117044991359452,0.4250562475815173,0.8178808067883379,1.4041280810726051,2.0770036306777517,1.6375224599323237,0.8755717597265463
3.283333758664978,3.1180416648288323,2.77798719974465,2.414082866987685,1.6762378583238604,1.2479435732633963,0.6633530960990431,0.6885940187753945,0.721999044688912,0.5359639922666406,0.6579035073672287,0.6576489933541634,0.6032925013115028,0.7756966629678151,0.791449523220605,0.6911958335512604,1.4449591516399258,2.3659977187053687,0.9286883969129985,2.4438112092523157,3.004568179221429,2.120654153152773,3.1372895871781292,3.443277399633499,2.3197828608364035,1.7127634916064116,0.7109714868594501,1.2707387896194973,1.070752817304362,-0.052075258924741165,0.6693367237096827,0.896928677460211,1.812655513446527,1.174813507019211
2.1332745445769645,1.8596708078747402,1.4876312963302771,0.904385882087916,0.2267880197511267,-0.11375304802984204,-0.6307582951954909,-0.36890385022696315,-0.4327683215018493,-0.46470148745672313,-0.23388823330194308,-0.42952389270657,-0.16996766725584253,0.07059847325207858,0.18488000665126117,1.347895148037135,1.615887654462381,1.6418182766244929,1.9964358147899088,1.7617881974324858,1.9915306231246417,3.1731978031700785,1.7724810747087834,3.4705624279473133,2.837692651141898,2.18162356528532,1.9668443998492797,0.6095270520976035,0.6831806287254186,0.8291088351802561,0.3678150187317737,0.27724023560332584,1.2952040710092536,1.9823590774300575
1.0855373139723237,0.7134265009208378,0.32825104806015776,-0.21757011425432865,-1.0887936133492182,-1.4954135309499457,-1.789720812349943,-1.4979814765916248,-1.4515509362877337,-1.1683639005082196,-0.7151994733747462,-0.7479088416314954,-0.36625118509875254,-0.08591098724241832,0.3805477647422951,0.1314565045874988,2.645127750519097,1.0619684060748604,2.3499944598856564,3.7775939939806715,0.9189041444194582,4.431099728885062,2.0487166901656844,1.7941828736478869,2.0035807492319906,1.4672339703423378,1.7902798552154795,1.2026012784438962,1.3021089699802284,1.4481091438849747,0.4129134737767016,0.5313402134591089,1.1818662655730319,1.720597464587276
-0.16990461962870532,-0.5922136750011371,-1.3249314011978455,-1.7353760926562278,-1.9509027789916074,-2.2349691120603836,-2.0086153593159435,-1.3949008926354383,-1.5392982609140942,-1.2841983279399494,-0.8891345742189766,-0.7277868997536167,-0.34678472241096187,0.16754378771092981,0.07711929370823815,1.7269590765276268,2.138371866392161,1.6174875360171848,2.7793562673863805,2.772103888260813,2.4230861772534924,3.6536077526107062,1.428608542049571,2.9675391980753933,2.4944815169184786,1.7671579725583126,2.021222112876382,2.49582814365348,1.235503842380335,0.6688430197103407,0.2679790611567505,1.2257710090459404,1.6252941751653187,1.1577121959390049
-0.9373256859910345,-1.6966519041367223,-1.902551195912775,-2.5399130707013837,-2.037142059481651,-2.363775107037503,-2.080049845334672,-1.7056921276305657,-2.060056243887221,-1.6254602516550691,-1.2270955676392556,-1.2374515919447617,1.1373682477679155,1.0997823392950357,1.3311554312447031,2.438651058963213,2.6899649241354493,1.866954029603789,3.205554920479992,3.6032954252268286,3.9071600431479383,4.07012225316237,3.09839201918619,2.3055636990997743,2.2828541603852823,2.1032026079894868,2.1195200910125345,2.397168454376881,1.8671020625108745,1.5337848357969401,1.601240341729059,0.49593843720230874,0.9186435271204682,1.61158352333874
-1.601899920772234,-2.0719681282783435,-2.7441696553891886,-1.687090876543035,-2.3933031256617627,-2.741380241495047,-2.385764501786728,-2.579947798271652,-2.462966473375013,-2.847013805651525,-1.6731403564995144,0.2772184994843554,0.6537453858656426,2.054671268148056,1.197730072645515,2.040553732453392,1.3535570516613193,1.3100715109941228,3.138750574403018,2.634429436556209,4.703600940927528,3.8391115246074987,4.446106116465506,3.117599102388504,2.9259050340515382,2.26283289556112,2.041466985003332,1.7698025940652278,2.3730496998406574,2.030327205188708,2.297291936522791,1.6433552461268954,0.8223477108215635,1.1823360594434638
-1.8584368985287434,-2.4435844862186378,-2.034100066921502,-2.445139926871514,-3.344802580373656,-3.156970037798833,-3.5649905247511016,-3.775609131161676,-4.08241364140994,-3.715750532838153,-2.444487701320441,-2.798215907509416,-1.739887025424353,0.34088618400200266,2.932128010355054,1.2155258197073187,1.8267703678494909,4.080955082926137,0.4825957165395128,2.973969252970313,3.9948682707120704,2.3096838683856817,2.814210546455411,3.134452958320832,2.8348172216419174,2.4295512164625874,2.6708336071416108,3.177077916159831,2.699629894322383,3.935555250309816,2.7799059296066924,2.500126071999361,1.9886653925221773,-0.7067832292353318
-2.2300350338625443,-2.344314726245989,-2.876120433719383,-3.630642012237645,-4.204167635910084,-4.533747369100211,-5.346048479215344,-5.525973559514792,-5.323008927719074,-3.620105081660861,-1.4832937310306762,-1.1879470510718149,-3.8406997034974313,-0.47356028883997253,0.9063123814601486,0.4800385166467953,1.1584410618001315,2.161980269205069,2.190320031294429,1.4785001456539102,1.4477217015181978,2.228888717981378,2.285697073012375,2.4858094983617534,2.8382836644938236,2.362893373620733,2.512101934805793,2.323431951292157,2.3990472578738395,3.1511048692469474,4.174196760746629,3.018291585213678,0.2865532500406187,-1.5942629760490068
-2.2597190931152435,-2.9994570190025223,-3.6962050889327944,-4.669165832895062,-5.369838722540016,-6.348550405715142,-4.965310030648211,-2.441288168951577,-6.110732525139502,1.0948911084036086,-2.8672032003604278,2.4872382703100824,-0.26857558623869304,-0.12587606633725754,1.6464418539229768,1.6698974234575419,0.44608271669852007,2.5854382451844864,-0.27339402053702705,1.1202670466484546,1.0049033688029028,1.9247636583922627,1.3899451367591913,2.182015927605895,1.1791376094059958,2.052405651981772,3.0670695517881157,2.324470493212043,3.298471298605738,1.953035189805712,4.649110124985488,2.538195690343729,-0.1648391582346655,-1.924062036725849
-2.9395145499739104,-3.604443014709133,-4.22803983407053,-5.660892037595713,-6.848195139327932,-2.7833617142451033,-7.0286987405560035,-2.7121193591635984,2.952615795227052,-5.1361010178492865,1.3821776107599675,-0.44429235526358896,-2.6630127793132403,-2.1321849795375227,1.2735254125323208,0.38371363132628244,1.2345633702737755,-0.5314804369005255,-1.1159877386461925,2.6573599245081514,1.1384472076731726,1.8369778113223176,2.7073062606609017,0.7582631368544516,1.3085615932265438,2.291221239588522,1.9875407803620275,2.870434972639016,3.0308654963100383,3.9677840560221824,2.947916632635866,1.145358778363698,-0.44481560141194615,-2.2285133626908644
-3.155568709206371,-3.689096807768547,-5.038488764935793,-5.771478492442899,-5.44952009738101,-0.9538862754843327,1.844410206057094,-0.8470443642612638,0.9783952780240606,-0.46639034811068203,-3.3229373968264726,-3.9250734812475634,-0.7648042943132782,-7.475237466288409,1.112933107103246,1.148331039780148,1.5578115505547343,1.848918133014039,0.9134104726129028,-0.9207468022614704,0.720926160218878,1.590545660412426,1.6034124072645977,1.674813936606929,1.8747394435550349,2.2879136005046,1.8091353435952864,1.2643061540951102,2.3808639196263788,4.088642210999821,2.4306621795190093,-0.1897227508230267,-0.9119839617398915,-2.430406019461605
-3.1813314838961615,-3.950345323831601,-5.111454100325497,-5.721916624767538,-5.273285097029407,-5.973459942732792,-4.381907140940053,-0.7141148408206147,-4.007519921257616,-8.489772533411122,-6.696649426539366,-3.092849929803588,1.227812927378673,3.5710800421725684,-4.813829677617448,2.48006065772448,0.5396498127909254,0.3055180137559073,0.44780540459446777,1.460132749423004,2.0112822223990574,-1.3870376411059322,0.8398276862162155,1.1986025908496931,1.7406399049253003,2.087213505963102,2.893219065437669,1.7912203223567251,1.9740739317126892,3.3866646485642136,0.9035135322398314,-1.1437909366296994,-1.290823192685349,-2.7394351627003357
-3.1741088467420493,-3.78467303546322,-4.019382829556419,-3.177120136810072,2.139895194495234,-2.4389055000333406,-3.0094707617804732,2.5755877380592596,-8.554481125179958,-5.0000627586822715,1.40594570375479,-4.906667491282983,1.9240829334602865,-2.0416326844911135,0.37065381284213894,-4.6711850675874835,1.9755103285069173,0.5817282648964663,-1.009130890384479,1.123079034412927,1.5875480604230483,1.2371578781283867,-0.9760816402936526,1.1703680351729826,1.5261380881307816,1.0534104519918874,1.0951580117408592,1.6710451996320617,1.8995259801856825,1.6384626373702271,-0.5767664549470116,-1.6160512132094293,-1.8777423472698576,-3.0387144844837173
-2.4588343589324615,-3.340164519766495,-3.6124017043001713,-2.138803398637624,-0.9283316259860468,-4.5077917084229915,-2.6167037820424706,-0.2332457386607934,-1.0794492084906093,-3.3651638501958603,-1.118231011093498,-1.7463993240194642,-3.356872332580454,-0.027941540282426472,3.768559339221072,-5.912575374230017,-0.31514610864978215,1.3114757117277307,0.8060835038635834,-0.13111478969447943,-0.32387512011789915,1.2222482847503402,0.2552949343861104,0.9079310839039353,-0.6516730726056092,0.71438838834549,1.1901378845257689,2.4353761063747386,1.071724651079595,0.31837305311625247,-1.8344115946383162,-1.8327895069956595,-2.0491379468765984,-2.4875648791541227
-2.2293246519793852,-2.8377893643052454,-2.0788547060295546,-0.9111438155234531,-0.6533490542118023,-1.4277276463740929,-8.078266973789983,-1.4372357522208539,0.2726312985440114,0.6322718214916251,-1.831889069638414,-3.3700366776662425,-0.8632631396798673,1.807602690841362,0.023161316316630636,4.296663774250916,-3.1536498719751003,-0.0566714581149447,-0.2923008309746796,-0.662305875905005,0.33052680530095213,0.7123149616433553,-0.027364921273198034,0.7990928330521181,-0.9192616746330189,-0.42020957679814697,0.15798411325483944,1.2727933583629294,0.8270702391315653,-1.333033415856885,-2.448449702339212,-2.267258792208745,-2.3553689077986313,-2.023962655192817
-2.053016497112113,-1.469464300211225,-1.1896206806332585,-0.23133929295034567,1.5600604379362168,-1.8044283837044706,-4.275363000719828,-1.1626565413745593,-4.042519979640823,-1.6214791502170143,1.6345554689941575,-0.8543656523104826,-1.0787747139770127,-0.1570496339429827,-0.11270710427989288,-0.3368610087900901,1.3863306067375736,-0.5357352056224429,-0.517988646753183,-1.8268491830455513,-0.5077218524597055,0.21174719534634187,0.171587980938493,-0.8555785525621346,-0.03627847447487649,-0.5192057632282655,-0.14814691638527977,0.37296345134906844,-0.8422380643141312,-2.7105600166342665,-3.154629326138084,-2.9233543724996385,-2.5328745955265037,-1.7367541963827597
-1.1924350141060964,-1.15235622498409,-0.9325847521136446,0.3561418029981814,1.251806296428738,0.03163906537435952,-1.767830006566213,-1.84801583810054,-2.696570276055002,-1.7466860979366303,-4.452027201580545,-1.710242699867406,-0.057171943832740435,-3.5647453548060746,2.7888404851147013,-2.43475597986512,2.017881429171536,1.330694733472351,3.4094669805432125,0.0303515794857231,-0.12223827993944007,-1.8545907364640126,-1.2992456066231104,-0.751716414789282,-0.784045606519783,-0.11534066631011936,-0.34914254913828613,-0.6747984373521466,-0.9447080694661616,-2.602456367907374,-2.8109638688738627,-2.896611030718244,-2.138458755584775,-2.592601786431639
-0.4821034142053806,-0.5801481644060046,0.2276225713885092,0.537925678322657,0.27611646208766755,-2.2255912054426275,1.2185999617879852,-1.2377366510393335,-4.356698851674563,-3.898591320105158,-3.9067569669070332,-0.12450288817277588,1.7792594836696485,-0.43908586805126126,-1.4052268966774304,-1.2274469753302826,1.2084372658964229,0.5775854181909394,0.730948615446645,1.4017648929994733,-0.577057399407854,-1.5241248120865813,-0.4345197780273814,-0.24310657366169836,0.4004450322435379,-0.1824154743249243,0.45368092795574927,-1.3699488970089915,-0.7829725094052705,-2.829891065357849,-2.205014722398093,-1.4614002096409568,-2.4950412871387395,-3.1231662805663243
-0.13800542392437296,0.44153701932371736,0.6929281898393681,0.16093524726444766,-0.5867388358976232,-2.7257562787951892,-0.19256718273459347,1.6191685862313678,-5.871149713746089,-3.770410041858854,-5.033905167651692,-1.7126695028424392,-2.0033991745979147,-1.1437803107737394,-3.1873719188031475,-0.6329239755481862,-0.49824226775454444,0.5126278299542716,0.4453879365568935,0.7836164250968194,1.3934403302479383,0.8620389917160168,-0.07366366254700474,-0.14567460210626937,-0.5830713843267099,0.6961524928427907,1.1294873002669261,-0.29068096742221594,-0.1730190185438878,-1.4904295629533915,-2.2815106450819957,-2.2564945120287545,-2.6039258159164964,-2.97416961749219
0.664060302701291,0.9478795146515792,0.7228681463426865,0.16773460708489962,-0.451536167253445,-1.9395714074856312,-6.654625047966235,-5.048782327247314,-6.692380297528021,2.0478535207495803,0.43072717300049906,-2.0661929008296247,-1.1604025028473017,-2.118787084373843,-1.6797113569222935,-0.29407537704709796,-1.9509505812482206,-0.8745757201068264,-0.0965795904994994,0.8340385384956839,0.3321711404838667,-0.24027279579819627,-0.40157435428150534,-0.6154828103508458,-0.4309929688122838,-0.05275701126305254,0.5505722511246265,0.1894590669332819,0.010952088165878159,-1.8369207627866326,-2.2678740903870804,-2.956419732067863,-2.6249007700775926,-1.7785510120999704
1.5215285324913372,1.3696657377949855,1.4891971149435077,0.19006119025521745,-0.851091587084545,0.356362275119218,-3.213282381658587,-3.947463716426361,-3.8675152887117985,-7.301754432772446,0.6158558773020114,-3.1846381745332573,-1.8045044113852606,-3.6023462162894186,-1.2409751816597312,-1.4399974787246959,-2.1936155435442113,-1.2307846448363349,-1.936877494573138,-0.9610456673798451,-0.2561548986748613,-0.39504119368539325,-2.3186991153355048,-2.682076720610322,-0.48203934184628994,-0.14938765414256386,-0.446671036013285,0.10604546372216804,-1.7020890445476566,-1.405396165722545,-1.2348103245937907,-2.3763485850764443,-3.32983084023065,-2.1651956915985724
1.7240472384631658,1.564579786785951,1.6048864054799057,0.46021318905217595,-0.9106584348688952,0.13909867714990531,-0.4405619467836386,-6.060077292590285,-6.025469937596753,1.5012418883963705,0.6067330922614016,-1.737839931481226,-1.3673128459619068,-1.9679442318758837,-1.9272305264980865,-2.966573466570156,-2.106058299830386,-1.7464217354374103,-1.5597737849194757,-1.750337442048932,-1.665399192538761,-1.0826120435057256,-1.6582705891266656,-2.5387253169432715,-0.9233172219923698,-1.0371249163034708,-0.5232958861357287,0.3181629316635932,-1.279569976269087,-1.593037969213714,-2.1158250006448944,-2.6749088874606577,-4.181747647097655,-2.52365809257429
2.2645751201084185,1.817672150063311,2.22099454369022,1.6189702011287923,-0.11874999664644738,-0.48659961121737916,-1.0548104752183929,-1.385164538813785,-5.923257349618388,0.883227934271009,0.262677746561272,-1.2008028340048902,-0.7476168223761277,0.08530539559040907,-2.005471005792916,-4.669926829163098,-2.9731058673185866,-3.7547939922158906,-2.5734306373201403,-2.1338350710892993,-2.223630568764629,-4.226208535631634,-1.3298917935997066,-2.674920455229282,-2.420585487695591,-1.6907259163144825,-0.2131945222513938,-0.5591294442114679,-0.5126581490508895,-0.6944061862333625,-2.4152153602834705,-4.264284024504068,-4.824732244059585,-2.616991054345501
