script/wind250m.json
{"header": {"parameterCategory": 2, "parameterNumber": 3, "lo1": 6.000198445256149, "la1": 58.999992894266676, "dx": 0.5, "dy": 0.25, "nx": 22, "ny": 24, "refTime": "2024-04-07T00:00:00.000Z"}, "data":
[rows 0 to 23 of 24, columns 0 to 21 of 22]
8.463943066082308,8.677180069105884,13.021404771193623,11.50892118956001,18.409540287924735,12.259570769404911,7.398732581521947,15.105326802884735,18.7383381544598,11.834102417894751,17.362394740799193,11.33178832515612,15.637173501971454,18.605656952021217,2.2974077519488336,14.371498818466742,13.747903491180418,13.627056726392,15.59410265058886,7.129872664098733,18.134557983959127,20.795348534965626
7.208631469759868,14.4525271702441,11.873690547148833,19.9619106377678,14.180193445803507,14.314397362089482,16.664673869180252,16.201435894392098,13.137531527863155,13.056772995398662,11.044902644264418,14.45816504367705,8.28894320181843,13.647971216695687,17.472366001429595,11.771646499013048,15.367592089507244,10.830781269053825,9.925984926342979,6.698000255410649,20.3580366332473,13.901582483707127
10.970301485578478,17.613734645875734,14.937287590688344,12.264014379618454,7.728093059058221,22.8226275027332,17.015679063441077,7.580313049853334,8.769882753408154,20.376618134189822,9.963491991121128,14.458635450972539,16.693625098928525,14.58313689252541,6.324407088606312,12.276789682103582,10.435769713447145,8.501362009756413,13.94075656124676,12.728867828690255,18.800843485994115,13.896016909838371
16.48320145065319,12.305655091475776,18.803822730949676,14.853160560179102,10.129024587629248,14.848719350495845,13.76908649103026,14.449856604204651,16.353770309826274,20.136510411478643,13.224017619091873,16.776263214931873,14.285556295659662,15.195375751534895,12.772333259431464,12.397676691540784,16.96653002640983,19.94540336097643,10.005234231624602,7.056412875147062,13.520662737582262,16.457968476132564
15.578724089609116,15.538600150599375,15.125694087718358,6.8780116342497495,14.745695619891105,14.657929526008989,18.674696801953086,13.093836896680132,13.45967167356216,10.292992259740743,12.420136472816367,15.054752826142527,12.857303191841513,9.855406373216697,15.53864744049766,16.089320653705876,15.997748718237226,14.314928654251515,16.666784645820062,14.00271206173415,14.803283423005384,13.26800652332993
14.291760818864379,10.165040535041872,10.721960658875016,9.998939161678857,9.993529141472747,9.505071407372826,15.12619826828364,12.397515353823671,15.671650566776147,10.031155415993574,5.170670982628098,19.641747190882427,14.105357222483454,16.293006815475483,15.745147779216413,18.720624396252585,19.18157059540118,8.07685973754519,17.91510295050259,11.301240261916215,11.603823460008833,15.261748478686847
19.130854595222953,9.330226013176523,19.239136465601483,16.383336125933816,11.56889133445434,13.092183021409717,10.896360874322601,13.5760716073814,11.9754388769439,13.671256228599923,15.457216802084796,19.04529747633063,10.412433780466774,16.408469722559857,11.728679797966722,14.81248574228671,14.307586205764858,15.706668177290853,15.08118861528745,9.33911009734401,15.182254407578444,13.735935412229065
14.815060819655736,17.04188214411845,16.63226010825135,7.667128485822732,14.683356381881035,15.65458178860498,17.368652971837925,14.52751828090511,14.471551312395844,16.75722003057479,9.854692575496552,14.424107364414432,14.195632750395593,17.263986703788486,10.00928153886414,19.176237036315282,8.009654091642302,6.598141817247883,12.7546767633236,10.85029561752195,10.912508232036975,9.383598814839146
11.752206018529435,17.64812205160212,8.308323825045312,10.858194926297356,14.558603738704164,13.774851663591933,11.508805880401914,19.753540688640864,11.427742844874073,9.527001315016633,10.18918354206161,7.6166689789942295,16.87755571376765,9.202118537069198,17.613307513113224,15.45632099523657,16.798376286828983,18.34933355401768,15.042938828211467,8.103156281124116,6.241461039200849,20.460054546667664
18.355437284999155,8.844079312713804,4.01304282729834,16.78215172106769,11.886752193767439,13.327815076598151,10.049651052486418,7.706732436460517,16.42121028410717,16.848283410352252,17.04881759855617,9.53900130844629,15.034759195721726,14.052084140198051,6.686197261537543,15.842098069030092,15.890634865047032,16.728532407709494,16.54333676178542,16.63513350577494,17.45202703776418,13.62853812732183
11.984624876940707,14.98473756111328,9.221708521057415,13.865408738145067,15.461287465239822,12.572594433164657,20.59550505244666,19.001327376950933,13.369235127855902,18.24590241527771,6.216989776166413,14.003485146545307,13.62216247948721,15.24622702504819,10.301476010119103,16.324752973656818,6.14426017919884,17.82704465533497,18.446794309514154,18.827879804060142,8.075766031830982,16.3630152454442
18.0496646272432,17.657474673836056,11.174894298032445,12.377983409044313,12.375381288953843,6.79169822776082,16.360970435617094,18.53096718101574,17.921758997263126,10.587220264693826,14.89998801216334,18.91721563879504,14.385613125151893,9.764487201840236,13.151882113849066,19.09809370638704,8.618930028610242,8.486240369137155,10.457913648081284,12.689944058090582,11.11368297353422,12.547918714083876
16.404011214724857,22.31384318368376,12.521789242259654,15.164812020563103,14.450521271626211,11.36985420478603,14.040466625173849,15.827838583193463,18.050431020372837,16.085373118963915,9.230352047321947,17.607654754202404,6.749074460305056,7.89903148308986,10.574476996284927,7.709730600238233,5.907445978547,8.59052636531799,12.472014817457067,8.70228380269167,23.01999927859539,15.45392521973882
10.3955765727208,13.105410004718388,9.761729267538083,16.07006140096249,15.939128320640599,12.346945864864034,11.913234094322736,16.018956662785445,16.573094602657065,13.601394845192903,20.643437290354235,15.924591241440075,18.566419956983125,19.6072602166659,8.982953127749795,14.030230468308018,18.953454880129264,15.253574334708269,12.685072975315954,17.97504792460849,15.615134757110818,19.64665073953048
16.709112745094654,20.915636670665325,17.391295290501425,8.248890202062052,16.04251761348127,10.372842006428119,13.02256402470636,6.844307987226211,15.92323059313084,17.689651734322027,6.0647283960701595,14.23944940296532,11.792161968971028,10.274570220463819,15.281201400536792,18.829835303083794,16.346303429389476,10.903135323347128,17.734855730940826,12.742194188478008,13.42173283009677,16.072975650829505
6.466571222592163,9.782997646177998,14.114217469536515,13.501701662865118,15.974721290175594,17.68472743097844,9.159547306821606,9.053894414369559,14.233569586642025,11.783096094439413,6.82376811009413,10.044374223470182,11.05456453917451,12.16906730617384,12.175211435521218,9.6540378431893,15.31293472602738,6.084135287924136,16.60059277915748,14.786033071084418,8.814463375617464,11.273167279318278
15.292925342646617,15.970901090742645,15.141350479816309,13.014569887709746,18.19291589931741,16.041855926912817,17.192490794248926,19.731934917221754,11.615143130771168,13.85568717057946,7.151731100020909,9.259848576022831,13.97108943786955,19.829387100491626,18.270413973214875,12.725126433784054,14.273659860168541,15.140681027106556,11.778516760967655,17.200700217704252,11.019368643771296,11.870484126305847
6.974513775669978,14.580006692765389,14.919730471386389,15.47898113075636,15.239307497771541,12.527456677684217,13.025836222737844,6.8263438679051776,16.23451588934034,19.395868635330682,8.27366196023588,13.483254771685372,12.027147316778006,7.3392459557222285,10.06330966172693,17.14035027817959,6.1191582184000515,11.14322060565016,11.278840144805617,9.936195280353362,13.028769972591814,12.557947750379885
16.42010390015321,9.57156084998665,9.056422711378277,15.83488471397884,13.343903511850872,11.29607489435964,12.783159574204417,17.028739781342768,11.500513682393375,11.394492250394444,10.760012972414438,14.488542374286586,12.815211353724104,9.710311151562049,10.405488163221209,16.808526085227516,18.323748195793137,9.136352654604599,10.685886300053792,13.422073567713511,12.591006457225355,19.849781946017217
8.331301061320147,9.182665004955894,14.067423913586621,5.888597680448157,7.3479321942008795,13.925909120440055,9.063991113329006,20.38722436780273,11.87542854985976,16.691959184159774,13.80373400104938,15.226984801245933,17.536405995820765,12.522582034174306,7.13955300480536,15.697698202811447,11.948028579646369,6.617206352364132,13.57368773711067,6.048370912959606,19.602333273333635,16.68162996213612
10.324719489895408,15.523725698190052,13.219237052694448,16.637512760925137,16.524968319946773,15.927878825761285,14.25799957557617,9.643157478301324,15.53104703802023,9.069130825013245,15.146930383837411,14.474874966717678,9.150025259045758,18.97363901482141,7.503183291989741,16.417838190787364,8.382678601083239,11.439699770376654,10.365008717615613,16.637270872086287,20.884318400680343,13.209974661157453
18.296358614515412,21.00425133480332,14.820151542896634,20.528065751562302,11.33810923176887,13.66401816699554,13.532861393652752,16.892134046575126,15.515048143376145,8.262035917352,11.472328825803476,7.9969945630324455,6.712451664256189,13.023401648649976,9.3310786825612,13.390840857201217,16.79160490286158,7.82532182975124,15.139328434498344,6.6874615621114435,13.109955274203962,13.738295772693823
10.494792541385493,16.882682051422044,15.638793898985163,14.402248517757283,6.684351641935165,12.40301325856517,7.157200747894048,12.982944816518941,18.395966194734047,8.525056620102147,24.446393779467464,8.638345134235918,12.122192738706547,18.1696432966233,9.83099706677957,15.397407332836252,8.008469085458039,15.999993749214068,8.849875629137037,17.99391310394122,16.6356940361808,18.279947683620918
14.167585760498978,19.340971442647625,15.927287984395912,13.504866465580388,9.074415026168786,10.082654318180365,15.008222528325756,9.734071911589345,12.66039990679326,12.129068340516268,14.56633966755044,19.630638056431135,16.001652041534484,14.117313548098817,16.260443554893676,16.992029702922018,13.958681697119337,16.383563090167264,6.828658161813278,17.130294652180535,13.185520831040478,15.121405006092699
