script/wind100m.json
{"header": {"parameterCategory": 2, "parameterNumber": 2, "lo1": 3.000054539987559, "la1": 64.9999836372058, "dx": 0.5, "dy": 0.25, "nx": 34, "ny": 52, "refTime": "2025-12-16T08:00:00.000Z"}, "data":
[rows 0 to 23 of 52, columns 0 to 33 of 34]
6.171985777716987,9.115531871664443,5.168332018190225,5.791518227285565,5.79266405556297,6.690467500436285,5.109788150101203,5.55867584160166,5.033249641616349,6.447527649601203,2.9315485403624604,3.085145812776426,3.4323728333242443,4.625547379334297,3.837281717935207,3.004558244792701,-0.6640321723271291,-1.293737604124221,-1.6298392084525013,-1.0608056324204929,-0.7555797899443516,0.3760396520567554,-3.6187381169597557,-0.5538641088897522,-0.5703482836978504,1.8718719752772826,0.16648418715607768,3.6178013609755175,3.731188617994863,3.91107515324478,-1.4793850803134938,-2.262541834119549,0.7211795683758307,2.7259228533050193
8.718447126052888,7.504054111602427,6.07739843723578,9.865952742955283,5.622062252970791,6.366260572638955,5.732399739628704,6.3648886333765775,6.282671929095017,4.728605831974117,4.640545490605959,4.905656607159488,3.441197355555287,2.279494827173829,3.6164558593922007,2.997799265822065,-0.008980756310924706,-0.36524278528575455,-1.2448871666425179,0.4857482956861433,-2.5869765616707703,-2.5769375331760718,-0.551793009591548,-2.5873868849412553,-0.42782536949224725,-1.1709103209427674,0.23752646531585836,-1.1429358895390924,2.7232083627418855,6.754525905379258,0.14890876698580893,-1.75105550592348,0.48083610022301093,2.513493518000097
7.633849260015052,9.019830002134794,8.30596924804901,9.600848885560694,5.281552460019529,7.047659575936479,6.137478966843748,6.622502035482248,7.588140807083238,7.306829145912947,5.471794525090671,4.618776725797038,2.5001640275851438,2.107639929557167,3.0419748753808356,3.5317506521490634,6.169258466540135,-1.4610094093110246,-1.2458362188966674,-1.2640977242864277,-0.3238964654639996,-0.7053346549801657,-7.2524712731144465,-3.159760189234627,-1.5595849335537157,-1.5431808543315932,-1.2978651374731294,2.129145915507694,1.052032013906208,2.774715862578653,5.415772652893887,-1.1279787723808679,0.33579246910934935,1.7971488780784177
8.828441485502971,11.377858105395962,6.736003229280915,6.21843109349046,6.261194488712592,7.157771502177658,6.574326538142968,7.364596644247216,7.166203770193944,10.258728055650623,4.212279311958916,3.610667676927114,3.1543258626150745,1.2122908046138547,3.192693595951869,5.7613226076623505,-0.012679525911135796,1.2007642420577556,1.517178018205511,0.9085038405367585,2.075744330495455,-3.0434629446665498,-2.2432161604677447,-1.5118377748762228,-3.4220280039932987,-4.10599537449831,-0.9731470140562664,-0.796102373254319,0.03781860122895142,1.1573400764826096,1.8223932235376126,4.24928310725243,3.3537787667720913,2.283615306844092
11.96295034446551,8.271380377556444,6.900362020670305,7.3631404487541205,7.826394284218292,7.3340605028276435,7.817347857617292,7.3046504367364715,8.005417103595041,6.309744983163981,5.061592116707939,2.0799846128624666,2.0312136471098388,1.4046679085523575,1.4058631647653579,2.4532070610412404,3.883332208660576,1.0504286077494118,0.2363208889966351,4.140294258379561,2.325818004558399,6.3113368746885525,-1.4722548326273834,-1.996507438530867,-1.8581855864060042,-3.986199290811707,-4.157534874209442,-2.9066829858134766,-0.8485526150930404,-0.37701649698061274,1.1774362758521462,2.433539553460425,3.0131548346113255,2.7639388891832493
9.225005897028046,7.231237448265795,6.887603726445715,8.301903320795219,7.6815013965902015,7.394463041685803,7.9638924434421146,7.768263829087342,5.7651750850222845,5.592247021726489,2.388040229214658,2.898714591821877,2.5382183232650264,-4.265183557132878,-0.6105133661757337,1.832162000219539,2.495462635841883,0.7116576648180002,4.704979207414688,-1.028705965676257,-4.153694898528394,-2.239646969993149,1.247092440870677,-1.5957753675344915,-2.9250720700752426,-3.3017138856576893,-3.8175965151404516,-3.5880517871664246,-2.5479091554440663,-1.4229861651708149,-0.11825651143669433,-0.1774618007130387,0.5986648834609376,1.2238330328654143
8.882827666331114,6.607179617507623,6.695255173022565,7.339832390580618,7.517088656909031,7.418900274234329,7.817990648095316,4.267114970228231,6.531533121177505,5.271385720293218,3.3400830446727423,2.4766332646018303,-0.2915022358665914,0.6758627347819098,-1.8352858437268358,-1.91001604030049,0.03903332967028712,3.002804916504846,3.31981137020198,3.3319025416239754,0.2349335871392117,-1.0212048172166266,-0.9881771684445845,-2.2126624263088313,-0.8165237772114149,-2.164681207133512,-1.516548357820992,-3.228494139017684,-2.6156453856453776,-2.417552252652086,-2.0399320328100563,-1.1197006034467734,-1.0932567523088508,-0.6924602352148501
7.251829164855238,6.4861869142221105,7.084680218618333,7.693148626631022,6.713367135072964,5.97099157425378,6.916746473062298,5.726968098094254,4.9274288778448,2.6873749126732713,2.8655244291666047,-2.3126452962805266,1.2470298934470183,0.9017006076655019,-0.798924377972095,-0.5464686078810579,-0.35161943634912574,1.3925263520179758,3.0919322383610686,4.10084212271468,1.310012400947627,2.2686268371379956,-0.6655395682441678,-1.8361453940687422,-1.7188373822092302,-3.448199368729199,-3.62441577463553,-1.9346577824969142,-4.240824893821928,-2.3089051403560172,-3.5606749768217965,-2.413309333797159,-2.0225832078372616,-1.2732262276362996
6.899448769719368,6.366323824354661,6.74982754227144,7.492921268810693,7.323779762104785,5.232003597433409,4.583019858706369,4.476324673868261,2.536653800978547,3.698916717979873,-1.4324520177334998,-0.9249502692064365,-0.47014114644922295,-0.2613733752881407,0.40868876001123516,-1.181625756574526,-1.5811033308111446,1.9471397450671235,1.6856130377136427,1.5951439480316274,3.415278831427692,3.8168536779261895,1.7599759243911204,-1.1226981795517814,-0.9820214444071902,-1.5429392268509097,-0.9761375224338447,-1.745098092495479,-2.0571491081137876,-2.885534728980297,-5.160339379386435,-3.227206681452637,-3.0915815110147418,-2.5492921153178876
7.227982463444759,6.733534965661749,6.5857979303406795,7.713154670571633,3.5593110766657063,4.655894344882244,4.73537635802223,2.741836743716188,-0.8573421077131369,0.4139160388005305,-1.2354465218794768,-0.4872171412546592,1.488352591549526,2.328344924576339,-2.4871298024258492,2.4431451269775004,1.7424329348325738,0.4751241015953319,1.6206926798015688,1.323724681406325,3.683596365363335,3.6586645549073338,4.184834296886241,4.0184591926965165,1.4733146092924907,2.2952613717859274,0.7655250971957784,-2.103504688188946,-2.955267094972219,-3.7190342058470365,-3.1133839838885353,-4.50553591754545,-3.859595961382355,-3.0457315782614423
7.922564770494753,6.8222227245450195,6.762626462022832,7.169987370597376,3.645832431221808,4.688386720558292,1.8316543105064755,-1.6752266113767413,0.6576339745986328,2.1249263255987683,2.6526032825591495,-2.4644943949800884,0.6383440332385039,5.256420559527115,2.369340872603255,-0.6504979779171022,0.6559830126693097,-0.2667784887824893,1.7931678473539951,2.2502734506740927,4.191144696231184,2.2998035401628276,8.169877712500766,2.0627087999436595,3.403518180077473,-1.1301448924115751,-2.265307143305354,2.481715891451826,-2.288692133514104,-4.220112035654203,-1.3385426187958658,-1.2494465875045788,-2.043565299131407,-2.0709772772208406
8.02137656726216,7.223229893934872,6.43101281851082,6.6113401413839155,2.159374815023229,1.9674981927914639,-0.2578306317074526,-1.8805729099859414,-1.030214387222481,1.704659205925274,-0.6295369464780992,3.8162487916376397,1.192999236819749,2.498976770046565,3.929484916331732,0.01287416810982463,0.758693272347785,5.5725264516217905,4.364354910382706,4.193286360763735,4.646518722244591,5.067749883648885,3.647210700384947,5.506544316366312,2.7549175919115836,2.634669073365509,3.794060574548074,5.325379504333083,4.27392554361147,1.6548943078727616,4.634953136072661,6.7784786235955234,7.801947151936186,6.137239883387782
7.3593935035823845,6.713439869533522,6.163471646100193,1.1147478055768152,1.0738805141232324,1.3865331326800185,1.722384575475553,0.6740401639941626,-0.91237334723292,2.3208044944592987,3.492848881194497,4.2439751090465005,2.7119542469751567,3.638236859234255,-2.759873837824022,5.179416121192497,1.0745206572694666,5.695510680938351,5.099176016287795,3.5579595819182828,3.4840302736287416,4.415232297021448,6.559354847115656,4.8977517480418395,4.179929635272788,2.8642109272738274,3.0207180184670905,4.863203089360804,3.008035309032077,4.46254679494981,6.077032065175283,8.865935976743646,9.10328987052059,8.477814499907229
6.950408962359021,5.668657557057781,5.1627617380537485,0.26959316223507596,0.7991406902316864,1.3982557379425944,5.674149495897055,-1.5817280056572052,-1.7737872575235882,2.0389856190929354,4.740233559288351,6.09050764935215,-0.8308904298766626,-1.2454188612010488,1.2184090634827678,4.556541996360067,4.088936687734181,3.867440248960914,3.4138739428178826,5.0874244546056895,0.9434921903276169,5.0358736430605155,6.510245507968485,5.658442235024785,2.8522571408571062,4.964337374878766,6.228742668525939,6.873774132569181,4.179807221213822,6.337865150746129,8.175267926016494,10.12216510664867,10.475529733023748,11.220992008934928
6.202268754665931,5.141832229189425,4.63270271958434,-0.5943693721607051,-0.5643162288602219,-0.40092811565911096,-0.2102063684227688,4.3939618201864565,-0.28478465304732903,2.2791353293714485,-0.7539964914674147,6.224873805381627,4.974409726180183,4.274959875263389,4.153778359884696,4.657101481145456,-1.0880451786241725,3.1697638458448507,3.365806115269713,2.200402035822164,5.799837417930775,2.3689226051216634,3.182678997481948,5.526401411210541,3.236069504564564,4.463033553593509,4.56591325730842,4.914857729638097,6.657638741263235,8.267713277232746,9.231062078913023,10.97645536507692,11.599116921768577,11.54965484857333
5.523228268454817,5.358397132792778,4.098867810550686,-1.0332123351308276,-2.7640501039022665,-2.4260690189480565,-1.1740558405727188,0.2618913413127907,0.8548303816299767,0.3973502737695388,1.7080719681579104,6.609790455503442,-1.1086990497768745,3.512072481465814,-0.9734296034966391,3.0822765419075258,5.422871709059743,0.6175268545482854,3.334113521410034,2.3410229278383206,6.383485743916728,3.6028614082773336,1.2712033536414358,4.041608780827533,3.2514067320371316,3.8967094404306106,5.8217237673280025,4.945530077210624,4.980665474422357,8.143917319838303,9.699078955399372,11.468690268681257,11.104963396730865,11.16465806833613
5.513840285879831,4.717993725849536,3.9531987299769544,-2.1916000591828415,-4.396568776555278,-2.069698532653421,1.1704760208627132,0.7389510157114547,-0.5104160308775083,1.4850743327940066,4.853948931012203,6.837530172484861,3.7838504747606754,-1.575803412159804,-0.3406602677886739,-3.871544291135788,2.1915750539021577,1.516878040966609,2.5081358511861302,3.8194081269259383,4.218601116275254,3.326562398814294,4.01125960462517,3.927103961115742,3.837655810734283,2.5787575416508104,4.259295482249376,7.596599973287116,5.211113184102965,8.69266393239895,10.41590234461835,10.683026541617341,10.342274637863055,11.02561344685136
5.177020208986911,4.06594948592149,2.6949495254364013,-2.489385601269295,-3.5648664552259857,-1.9619080317834714,0.2419287403876956,0.29057207274633395,4.895786505186065,6.162491295435574,-1.947662630770304,3.4081727031876623,-0.4945846698536289,4.381589232541752,1.2036161971915986,4.766769446990743,-1.8096075917203227,2.3919107654160925,2.6118092168711264,4.442609325782349,3.2188502929598077,3.6747803106800454,4.207196696254766,5.429077583279034,2.765574793107664,3.1217290964878606,3.7813313757076785,3.910553038558629,5.711622260123018,7.9331614901013365,9.349796462443997,10.240980325733096,9.761801283245084,9.691318760636358
5.296552741804514,3.629145676327051,2.573865027249297,-2.8141487968744623,-2.088283910133619,-3.7408696019831633,2.0310612234526926,0.7993196063962156,1.0566555856005524,5.016768807025063,4.683875557595649,0.5296941049521435,3.5731848535668442,0.23768844357732474,-1.0766015951038381,1.5429414444521374,1.1521620653248268,2.300528191454414,2.335732119742581,3.613898453760133,3.122388759764104,4.960487590791392,4.559340529529059,4.083963624599134,4.416328320282555,4.504993363182781,3.6617424547201183,3.5036890755017045,4.228940218351855,6.388818391338875,7.243160331691688,7.318442285801991,9.50076864879124,9.671647792750766
5.027516639847546,4.331705349813189,3.636582050267814,-3.580626973239892,-2.2941917992100085,-3.0308264689628035,0.6953603525163649,7.742720923542046,6.997464904097001,3.452029294342406,5.704514147337416,6.141717491561375,-2.020405217147052,8.894980617308478,0.6442036458712546,2.3560548452761543,2.55028223309305,2.4454493160572643,2.706087686371778,3.209632094020779,3.7457388623381638,3.0068664600085517,4.445404629619247,4.150296971506642,3.649905227190614,5.0737950378363585,3.4746240095624166,3.778231701623867,4.290469053866673,5.280669883736341,6.356537883286364,5.31121075842955,8.755945918677963,8.117539330881245
4.16092548087423,4.283702436533664,4.312994577189601,-1.787418822386073,-1.9316960169018986,-0.14650232227162813,0.7440917400186161,3.3400423553595293,5.451209330994395,2.8863894935122083,1.484992506018957,5.579496987807135,4.136940331920686,0.514664370765214,3.147247249469376,-0.020751206058699893,2.8255555421946905,2.6402143948615078,3.751755200055865,3.487799459916763,4.310796706797084,3.2643100890554697,3.4077054604101322,3.427470238122549,4.405367436041263,5.935707236873255,5.852111042283261,4.215028237072251,4.585809285330798,5.9095629039136,5.7304767234325515,5.763337562142533,8.196562955718285,8.601056771480867
3.589805165021241,2.869592853597049,5.288748029191013,-0.35691184813478527,-1.0185945410145616,1.7013903298875201,1.791802813614553,3.008005308893322,3.1615358585455358,1.0590990970479393,2.429904408233915,3.7565775719242325,-1.0330845291642319,4.016425100649722,-0.5324947605450501,0.8179086838219302,2.6537539045472367,3.3751796164698966,3.4726001023038076,1.8492001978078332,3.790829845560235,1.852776358320473,4.119687984823767,4.30318977141961,4.316807347420294,4.486425775642171,4.670721850563729,4.661909249267055,6.524233848045685,5.184089758800777,4.722943958565456,6.083431867779724,5.397177806447102,9.368026261436471
4.679953434991475,4.457655971834053,4.027934286531676,2.0482908639767485,0.7240023408250182,0.9040390632264919,2.0428445719475397,4.978976325020176,5.838992925044242,4.331881098705467,-0.9370350736065826,0.30830975623359175,2.893368180212929,2.9225947512922708,3.0694786180855034,2.4007365449903224,4.573602970443101,3.917648807409377,3.2496170975641783,3.1514021178826983,2.5428758148398782,3.587237077032705,4.558156011137489,5.005008758013992,5.323496701330686,4.037215885720799,3.858195984365767,4.4500115337652195,4.704589452316311,4.347291590792072,4.678581688452035,5.770196222953296,6.847357656466557,8.60938466521794
5.49249139834152,5.639440076102463,3.7119922421864757,1.5263361024673068,2.095698852510212,2.512623999293002,3.4889704596746083,1.2749711225219404,5.381514470033525,-1.2910617823866175,0.8404540449568418,0.41221212539762375,2.8821076772886784,1.8807336826626901,3.3762923025879417,5.112882737298427,4.097922206103608,2.7730215875831483,2.6909503896494154,2.859923923729038,3.4181497242456853,6.451839322740259,6.847838427765631,4.494442084480749,4.236977874867584,3.9696661003274105,3.394441184369933,2.5445276211181644,4.252983573591384,3.8853788255761725,5.372025817075567,6.024374600118731,8.932057157898782,10.503293893724113
