script/wind50m.json
[{"header": {"parameterCategory": 2, "parameterNumber": 2, "lo1": 6.000198445256149, "la1": 58.999992894266676, "dx": 0.5, "dy": 0.25, "nx": 22, "ny": 24, "refTime": "2024-04-13T06:00:00.000Z"}, "data": [4.286412914053834, 5.067574410174982, 4.2859273853804005, 5.402167231107789, 4.880088396726467, 3.471968206762674, 8.2335272321778, 10.237180581070811, 8.575407657525265, 4.666132944904011, 6.489143574517792, 4.877849106878324, 3.9239047413553187, 6.051248779743662, 5.658129499666511, 7.885607763269609, 8.95460561586306, 8.93987280749402, 12.863447796914972, 12.090127982206914, 10.055273130689962, 5.145257783536585, 4.896253714756341, 4.963058039195084, 2.5685130247598043, 5.992671984735134, 5.441526593577221, 8.530441016841388, 5.206806339163242, 5.334771015336344, 7.4917504055749, 5.079901822049658, 7.8107573310888565, 4.153644094294279, 5.07350636811869, 3.559181776284283, 5.0351532906483625, 7.474460345191151, 8.249240873248514, 11.761765794420763, 5.76150015555093, 5.654135300880741, 5.383314713936759, 13.388538759953764, 5.829526691146583, 6.150638820291176, 2.7418294870379087, 4.9861395929249985, 4.281562952711755, 10.466449632823965, 8.509410552161373, 10.45413346456116, 8.22782624639231, 9.291321917303655, 4.7854142508268165, 5.459786128227384, 8.586079780791913, 8.607532295780691, 6.0437451627291585, 3.685681877408631, 7.213732113747314, 4.3163741562851925, 4.3940756055688555, 10.742338817898608, 11.666216891802563, 4.888083771479353, 6.100307641156972, 6.264260180062687, 4.16800040793541, 4.876821133866543, 10.370406544508157, 9.411600348265795, 9.376353445716221, 6.095203739284045, 6.64183229396646, 8.545637115675069, 8.687825542347822, 8.982830452222908, 4.9790383437737304, 4.991241965305727, 5.992737817022718, 3.302376251082955, 10.633237025144053, 4.072687296760289, 8.2300370841144, 12.532613470939815, 9.789095560002286, 3.4080372392711737, 4.4269516327890495, 5.800663459680549, 3.335631846105182, 5.974733340847096, 8.242818963500904, 7.025830878473776, 5.512093695996034, 9.6983881306189, 8.863888383468387, 10.063684399116264, 10.031605494587904, 6.978020389657264, 8.199013712965508, 5.711281985717853, 6.088394999146594, 3.6736143066330627, 11.169443440310427, 4.450704322884579, 12.485051138990222, 5.5719286191039545, 5.442619788447621, 12.882837249724433, 5.148792779117279, 4.045864227001677, 2.692397764516807, 9.136190144857933, 2.415673178060006, 4.817843816383222, 9.476072799350643, 10.138455678026041, 7.465293890994515, 3.929435385410142, 6.795293674197622, 5.161905062551276, 5.097662877474689, 8.477805925792756, 6.033611432646076, 3.8173968746056604, 5.127885144453524, 7.395829969156937, 4.014731114560175, 4.968604111849301, 7.488418648068357, 5.698267645919258, 5.190496235173496, 6.664006386172859, 2.6870493018862716, 4.590213327097007, 4.8977900255526325, 9.709216599092478, 10.76185880958758, 6.03978633768495, 9.378765580204435, 8.023163669519006, 9.809775928884044, 8.525607032893083, 9.370472226911305, 5.969719707383535, 6.050516568883085, 6.156986352962095, 5.112633884768894, 11.315407586199443, 4.163689414926529, 11.90383831847526, 5.646320875949511, 3.912448885474478, 5.226884890861311, 7.0246851412317035, 3.2702090017978778, 4.119224702666867, 5.330943258384342, 8.224149744608892, 5.430504220613983, 9.572436191128057, 8.986299471281198, 4.532125524514312, 4.899671612439494, 5.370963377721778, 8.569984269226229, 5.256972086429863, 6.002651933436798, 3.7063085665005167, 3.0690118003243074, 11.90250125136349, 10.675277146315949, 6.328173824159326, 5.943725127099905, 3.6895523697380948, 5.517158305001199, 6.17125983402038, 4.0460718245840654, 2.22867903147188, 7.675793270857547, 5.831030006515488, 8.968802849429737, 10.874516585719793, 9.56963324155095, 12.06060246640028, 7.258123914295664, 5.544565516065187, 8.38741026992304, 4.831649687216138, 6.766223909624873, 3.337956202559897, 4.443056384881549, 11.81043782751145, 11.641405642436963, 4.655719063369825, 11.624306789230129, 2.950223125713961, 5.759825584991366, 4.974612885030418, 4.2758141678686465, 4.357382602900133, 9.902940424653043, 8.478348562133677, 8.874969744416227, 8.25749361757422, 11.517086946890299, 5.970274896914489, 9.193367100908349, 4.002706467178194, 4.043511595337102, 9.068687379921522, 3.261721496018282, 3.64762756273738, 3.7316428483619526, 4.797060333489976, 12.46804686499974, 11.426346319295531, 3.596595351597103, 4.008548959028055, 4.625232916244409, 4.141514144445676, 5.305848078450518, 5.470317681693688, 5.009265938608673, 10.829908080883374, 5.30331676529421, 9.973230508829108, 9.478331573488866, 8.465682168767925, 4.748264334050907, 7.72038025304572, 4.707194412632502, 4.933551877105705, 3.548760088256342, 3.604439745207557, 6.918490778872863, 3.970065603440696, 4.691866937458128, 12.019602089519196, 12.317084487666564, 13.156671336240123, 5.709347456895387, 4.646903334381834, 5.084141444202745, 5.209028615602316, 4.865257455137613, 4.972682774491543, 8.248978390172566, 6.87404197500246, 12.124768629426542, 4.474194621601477, 8.922691558737299, 5.512184085128642, 7.7554315479181835, 5.935297403015204, 3.4837833823042463, 7.7887258364223, 7.164239785921919, 4.330499665634447, 6.6002999338648, 3.466293745315135, 3.4316661384275187, 5.436859962078832, 5.11949704928634, 3.9544787998482347, 5.861661952655973, 5.025855233711824, 6.719113163777104, 5.083324140488451, 7.482161373923828, 8.478990928977717, 5.484568808250468, 9.556129478740521, 9.260954797529402, 4.109381300457684, 5.343590739413955, 8.651062857575774, 3.6559480763756973, 7.2387824259659395, 7.181766557966057, 11.580332589011977, 11.703410881679705, 11.623378924127243, 5.9535395037056515, 13.075521360931496, 5.242707416517889, 3.9213987655548235, 5.264863442446686, 4.515557135884667, 4.265882775939496, 9.284198835992656, 5.088660615502757, 4.757880869248405, 12.117666902675113, 10.158918530128314, 4.632456244911712, 7.847143961606772, 4.289002350073631, 8.204509275329643, 3.7745282129955546, 3.491920565779875, 7.473933302805798, 11.414336979639057, 13.665328463541654, 12.294882334874048, 9.15487754673332, 5.523725724189903, 5.489421611741233, 4.120382079059392, 5.481989672872461, 8.574797750824581, 10.61941718879072, 10.660401162924979, 8.535590227470873, 9.932154847198873, 4.56939642919971, 4.090506380203829, 8.662861431815044, 5.13360767885123, 5.655284326775639, 6.232781149048498, 3.8088044178668765, 4.491397860290149, 7.595400594614199, 3.8023790876172994, 4.433967374065149, 5.289896413268961, 4.133429656225544, 5.118575759652654, 4.299202395186024, 4.124315514769467, 5.59927396784799, 4.331448023144037, 4.437944925504354, 5.754523869065903, 6.120466767148657, 10.859786692395549, 11.503445608378016, 7.707962881396268, 6.035466343132917, 4.249946819405652, 8.504534270823484, 5.1657466912295575, 4.105090047346077, 7.7254366681996185, 11.863222385268791, 4.885337682383517, 4.911481394938862, 11.1650820937684, 11.737298283194324, 7.187600014884661, 4.61197525840793, 5.25950143028535, 5.188890427559388, 2.6075258497514504, 4.964398780978013, 4.510211171766963, 11.150670308607872, 9.707944781071737, 4.311906421427058, 4.251109503570843, 6.4327901320938725, 3.9627081373650794, 5.9757125837223795, 7.34093602143498, 6.581537282247774, 8.405625233466289, 5.336083854455909, 2.628992908358598, 11.127191864639922, 12.067387021644585, 5.326463801420464, 6.1606867733306006, 5.269279442609508, 3.8700757932154954, 5.206897539248998, 3.971394662789448, 5.42989479151287, 10.733172501226544, 10.80568273312536, 9.208047099322892, 10.063104976967526, 10.527108009613908, 8.365341461631571, 7.804527888914203, 4.622743594464953, 8.72737605211109, 5.287499345795347, 6.812481142227618, 11.816968830054215, 5.384700152539161, 12.736821220689897, 6.473586179847054, 11.004047197810184, 5.915034845202168, 5.181591988929139, 3.842944161614313, 5.533988016289649, 5.784709643127689, 7.462075484600681, 5.512794097796392, 9.168376448726098, 5.3383077980739495, 6.670445344252328, 9.491395415719394, 6.137988032020029, 4.8894051511978, 4.705169836936659, 5.55593440768748, 9.840653167879841, 7.265141319398664, 4.510795432088853, 11.449076110952584, 4.706943157721725, 11.715181221670857, 7.646058672046401, 5.17650326062697, 6.141595070456883, 4.927587894336637, 5.615223149628217, 5.362301468836008, 9.054401167222395, 4.718370573317969, 5.0757086865883725, 10.200876173029746, 9.821267126776517, 4.8732026898431275, 5.362633685621513, 4.902037592678848, 4.0058411974084045, 6.557419879440018, 9.619892130604507, 7.322517659013524, 3.4859483407014302, 12.344882689150976, 4.96646010030716, 12.306226779101337, 3.246337032707646, 12.291815156010301, 4.93465570038712, 5.4605780026975905, 5.431367831308618, 5.025999042394697, 4.547794514987449, 5.3947807078716545, 8.07095686189053, 11.700403654613432, 9.9484005169024, 7.718617766742806, 8.704178328985082, 8.632893570149662, 8.085970132687853, 8.710580368589259, 5.766289110038466, 6.882848492976769, 5.2409554013809645, 5.545937731042551, 11.56765778707424, 3.5761342005570707, 9.829551788019998, 3.1389824353182627, 5.577978645144235, 4.145479537356822, 5.274290861506495, 4.10410677746687, 4.880374590693463, 10.361229434356096, 7.274678845644835, 10.579737633282445, 10.638488763506889, 5.847811701731493, 4.674146841364785, 7.439007824158362, 6.106607744953216, 8.321118710009108, 5.966443598846243, 7.762076027915886, 7.0693887203198855, 4.7177040961215075, 12.719414904606225, 6.428276201794982, 10.208584176674538, 9.059905535469584, 5.43548252677722, 3.4025536134480903, 2.9689911127895625, 3.9239751465792483, 6.063256826009427, 6.513340830504723, 10.483189132866258, 8.29492225419743, 4.87525284988789, 7.717825436085782, 4.3632728263053755, 4.510667099819695, 4.7477676774451325, 5.8915561611108505, 6.120375179595192, 7.955465992187103, 6.9746906330500575, 4.4921663332374955, 4.671921384537257, 13.179372148593814, 4.93386445408325, 8.262212758721207, 5.570982702788362, 3.678621601487592, 4.7345163672848685, 2.9524389343781476, 10.837716185861986, 3.829793949407055, 10.4722048846534, 5.599020961139627, 12.01544705585042, 4.195388367332988, 12.015055626259448, 5.017950446321928, 4.677908740425926, 8.120459004016272, 5.967901563231277, 9.410539811697825, 7.793118028715319, 7.960384603686402, 4.966697869350721, 5.686240081128629, 10.519628763732161, 5.172274991880317]}, {"header": {"parameterCategory": 2, "parameterNumber": 3, "lo1": 6.000198445256149, "la1": 58.999992894266676, "dx": 0.5, "dy": 0.25, "nx": 22, "ny": 24, "refTime": "2024-04-13T06:00:00.000Z"}, "data": [0.31300081300807064, 1.6450404597563035, 3.1760374329442542, 3.40128291305069, 3.6043335303554502, 2.628166284026104, 5.19449617260465, 2.6838606427887868, 3.4576933427081946, 4.302364354610438, 0.6203727197264056, 3.116670936700647, 2.294596842860956, 3.163584942108673, 2.1060164811361344, 9.634469720733142, 10.26008536410677, 4.622015728683987, 0.9912602702483846, -0.2638529475734289, 6.0538361023004175, 0.8006096403881969, 0.5402590192417449, 0.15713760708193628, 2.7665181509531087, 3.463433652375751, 3.62756921152696, 5.624002407059638, 4.172335503751303, 3.243326170537583, 5.40991510569599, 2.309404269127997, 3.0806237359406836, 4.434447921609541, 1.4338992198439304, 4.549584170019091, 1.26002313564313, 9.607993507396506, 4.2684964074599865, 1.0305177748025303, 2.6346396958152796, 3.5245984127263656, 3.855670224681656, 8.792096862293747, -1.3444312145221706, 0.13916079413947413, 2.84720482217098, 3.433156621514143, 4.117518760541557, 1.2502716554225437, 5.681546757196487, 2.412052337554412, 3.4931607175042756, 3.1911277007897727, 4.664311613078955, 0.8214980091370688, 4.82179295563428, 9.2451679301767, 4.401180169188613, 4.104553307249557, 4.4444530176125205, 4.167068327317428, 5.425028174340607, 8.053601498534649, 8.72953757426336, 6.373898174815631, -1.2760090219712719, -0.23866654541602422, 3.2676136978047654, 3.7369436541270726, 1.2819267029098682, 2.5984627380686964, 4.2015823443501725, 2.4307961634222415, 5.436649314568898, 3.634022020336211, 3.517610159575394, 4.47785532781132, 8.216845225920407, 4.046421226758408, 3.2950817403201973, 4.320623796493318, 3.656348899877059, 4.115643770999455, 9.439374466821194, -0.3057809654515027, 1.0357217407460324, 4.852043573780196, -0.19704857455109429, -1.0719602663896184, 3.411944391233903, -0.49709993110032785, 4.041698361903192, 6.653383998052529, 4.746514842137848, 4.814022599059777, 3.1580105740640376, 2.724757605334571, 3.8131866713141362, 8.16817521005067, 7.015044946182485, 2.825713045285844, 3.2257385460729564, 4.527850984794221, 1.2158385481537302, 5.085734001961889, 2.3551155427721397, 3.0330777683646684, 5.879230344479272, 8.718552124268026, -1.3550102859341349, 2.939368745304536, 3.3834562591721964, 1.5526624265403723, 3.5137389555009393, 4.065674850377425, 5.777576697715254, 2.582762531184974, 5.7098605981573725, 2.7688013699899336, 1.6182628105405588, 1.6652824761929181, 1.127496100294382, 2.548249902408098, 3.644348032810368, 4.216187780332468, 2.6472157278260027, 5.032580621492047, 3.7763127913669514, 6.1221712714657155, 1.295686858658183, 8.642732596330736, 0.5048580873596478, 0.2314992308669215, 3.004317784711876, 2.6805533305740648, 3.5126378905247106, 1.503814071047318, 3.7081834670077343, 3.0467934081287154, 3.2377402382395837, 3.043373944613857, 3.2323748951559876, 3.0322760178067116, 1.456643103441589, 3.229777754052873, 3.5335309119120777, 8.456925315795003, 2.4910985643557026, 4.750373874311958, 5.2563063683310345, 4.089741064901344, 3.279709996049939, 1.7482026063208462, -1.44305139868085, -0.1539589253476622, 2.9882726859491613, 2.6395822851766066, 3.3675977503376804, 2.9357549415015347, 4.926046273275042, 4.820754677522905, 5.406285899157559, 3.78437467283452, 4.575698982584727, 2.525959446045692, 4.803282158161353, 3.5411254196257382, 4.902970968141184, 4.456985357667696, 4.881426312960645, 0.8721514910821316, 7.008504660840337, 2.9984139142564477, 5.061930356796073, -1.0881725026653162, -1.5293472197354119, -0.9120036510127135, 3.1495852744948687, 3.383338784742756, 0.8166238862658692, 5.852099702367107, 5.790755639049179, 3.7374989669502865, 3.27094107932531, 1.0153117573784471, 3.779589322875202, 3.424475044577717, 7.725299248043371, 5.420658491404068, 8.36587268952242, 4.243407806027026, 4.15184789497772, 0.847352925191029, 5.857664971985011, 5.6072552771594335, -0.8554245449322575, 3.3782455590703604, -1.3472721274956774, 2.3809723222836716, 2.757603024466236, 3.217665705080417, 1.6820034332191438, 5.613808037513966, 4.649079127862028, 3.787651758972279, 2.9457165648315478, 4.636636506353302, 3.7316412596921746, 1.354660299155207, 2.2029320409611604, 9.205519380751731, 4.769809166478825, 4.4750186448922324, 4.787490869064387, 3.347919743912889, 1.0991154645764025, 7.685503304915577, 2.638833444995946, -1.3419166027295149, 0.024519156342997585, 2.6595391448565886, 2.412831682486713, 3.104971697951094, 1.66503588184121, 1.4709702884588254, 4.158768767249628, 2.8595191924310135, 3.2559356140659, 3.387380923518914, 3.665074473837257, 3.794975394053013, 0.40349891865601967, 4.076765667405868, 4.035106532695547, 5.550388375756945, 7.677611135039153, 5.479672545824494, 5.135144497779096, 0.8463253179028366, 8.167863936465414, 8.905914240797753, -1.4449395183705187, 3.1171993965051046, 1.7567159394938971, 3.804058306326976, 3.115186383009286, 3.4799018127402364, 5.260528752504035, 7.764131341089657, 3.079124529709806, 4.59037035065498, 3.3775063425208254, 3.496663524442941, 3.4127706175235097, 2.9456700586627456, 4.898494681308877, 9.456895049539137, 6.439310387307438, 5.120729774029099, 8.29884413678988, 4.860274785401133, 2.917901999550644, -0.18105792927325742, -0.8278268675267673, 3.1212529457137035, 3.0401302937884425, 3.1786927902684625, 4.209705523149994, 3.1568997159550025, 5.006420187368349, 3.879588094461698, 4.534001528350999, 4.239368042517484, 3.753871816826564, 1.2743472501370943, 3.0014297765517903, 2.2547873282062585, 4.708608173357354, 9.420776693020585, 4.207488158005745, 4.4285152499783536, 7.618751344014698, 6.24995339234687, 5.0196563007029775, 9.156663120532533, -0.7302467967747251, 3.374149057749215, 3.489218654408192, 3.7538028065803397, 4.15117228995565, 5.210665139726439, 3.3460313294094943, 3.9681079439051623, 3.2645893857509978, 2.609475709526898, 3.5943190041693356, 3.621094602078058, 2.362952177290386, 5.049924258161814, 4.016642223446756, 4.494751011412211, 4.265641647441672, 3.8044206373700638, 0.8973038347652972, -0.3390504635456815, 4.809885645094877, -1.6206249364075855, 0.6062174605638121, 3.633481768650497, 3.3778398483513676, 1.8913252749488725, 1.4718477778012928, 2.8586478953627714, 4.82807137981555, 4.815677101979186, 3.9373346176483657, 2.7833170024508984, 3.053033955429922, 2.4153118867031393, 0.8334627307651832, 3.50174130651016, 3.836664159735465, 6.6715793853615635, 2.4886791985254098, 4.2521041145004865, 3.523979429673775, 4.37979982424215, 4.184684200016214, 5.393253875534834, -1.2880461282395101, 4.271112429599628, 3.0329009026183718, 2.885618392558275, 2.7063030021749683, 4.856867135449905, 6.088237384628796, 3.485024702976358, 4.602028767316886, 2.6377722960539507, 7.296931613226685, 4.429924288329113, 2.2440589558582915, 3.8541864992156025, 3.45648803922781, 9.692008884674518, 2.215156852690027, 4.750595641577747, 5.378881756383369, 7.838286549467102, 7.337678652084774, 9.40783795795238, 0.5238502063110426, 2.3826267974192468, 3.3307367026096055, 3.5551395824193364, 3.608248811299757, 3.588652301183835, 4.49983989737144, 3.7597995231190047, 3.1324267947982483, 3.447861931800255, 1.0931240452783304, 1.4323252868026168, 3.105702546272054, 9.038851983550252, 4.714037064305099, 9.642166305761418, 4.370067319017814, 6.353889939318439, 6.669784566080174, 0.45740278368997994, 2.7688371758380246, 5.720557998489103, -0.8244458949205714, 3.097575069493952, 3.536747200690702, 3.407866137791814, 3.617556481929894, 1.3850542867971078, 5.3649356772658825, 1.520228676094217, 4.7865256258621525, 3.8810055176621168, 1.3764734690248632, 3.661957427716306, 3.5963505229516173, 9.383871704916304, 3.6063018497058748, 3.7545379120664877, 0.8419624939006158, 6.777815891750465, 0.7081818341505232, 3.1825625264829918, 8.472391488696175, 7.770146831509573, -1.0857681843222773, 3.2095279131006036, -0.975749212581814, 2.9273768120225374, 0.708667145513755, 3.1216830223753775, 4.0927960927864415, 3.2932825089965405, 2.1785811063214315, 2.7567252702087712, 6.332756651266858, 4.162293533439374, 3.581521017742735, 0.7485267784634654, 1.6568929664753567, 3.7175872190957318, 3.3794124147589923, 5.523657409285686, 3.1353973997881304, 8.088421777565456, 1.2631729135189194, 7.747698704324691, -1.2033322552455072, 2.9069938488257416, -0.9526828873229982, 3.6949624459620765, 1.9950068242813974, 3.242986450886087, 4.127972017489521, 4.783128615450486, 2.6386543363243513, 2.3970413522218927, 2.9043141361304614, 1.035265709364831, 2.307057414676958, 3.4645066143872545, 1.906470250927599, 5.077549281761479, 4.4287390337771315, 1.6366186643943943, 5.298073341025395, -0.14944485692586226, 3.2191239550606996, 9.24761301585245, -0.5205091246924382, 3.3311254016361285, 0.020397388783349017, 3.6181384311200744, 2.533896619258135, 3.649331579699817, 5.1080204658547, 3.2055629181477268, 3.3558361558793535, 2.526386411931076, 1.518037177721594, 3.0244864795993527, 2.5389672469567794, 1.7285006900358793, 3.3736710417540197, 4.215728413974923, 5.893490882245924, 1.6151112232917149, 5.133182908378485, 5.399364842039073, 6.627836322215654, 4.842396224480267, -1.366079498001387, 3.547696840538199, 0.5574406620482708, 3.4586617108090927, 3.7195218161415737, 2.839711253058616, 6.6854507947581086, 4.10713735583135, 2.665617663664786, 2.0700324959872556, 5.50671335733972, 2.021324997728976, 2.927053424092889, 3.570107856588323, 3.595647874548867, 3.962753039023725, 7.768413182300846, 2.953230236315918, 0.8166842281044517, 4.887017532664129, 0.8917108643719236, 9.244961392107161, -0.7447055254397621, 3.250267547415362, 3.115490826199761, 2.76109204653908, 4.628890397539729, 7.328703810190275, 3.8539657986100218, 1.2085387742671592, 4.113045638202216, 2.5565133106051317, 4.14787268215217, 4.668767949187583, 4.899245617888892, 3.2209597485593693, 3.6859238753390473, 3.8742572518582663, 7.7651161124188866, 5.498442154508751, 3.201068044760597, 0.45816679215074874, 4.212868462815281, 7.962801603434952, -1.2945471527504324, 3.332063086923327, 2.520359559007547, 3.176365792011559, 0.7468525960261373, 4.55333036529097, 1.1562058587237456, 3.1160322937426295, 3.4072106155307127, 3.3528793899459584, 2.882095832044743, 1.4939087173502221, 3.5328015117736555, 9.444321554288317, 3.610791283051757, 3.196995730388992, 4.346149520907332, 4.0855359665214985, 5.597864037782384, 3.42518321785224, -0.9479383468948436, -0.6161504690445458]}]