script/wind50m.json
[{"header": {"parameterCategory": 2, "parameterNumber": 2, "lo1": 6.000198445256149, "la1": 58.999992894266676, "dx": 0.5, "dy": 0.25, "nx": 22, "ny": 24, "refTime": "2024-01-28T00:00:00.000Z"}, "data": [3.4755984463604035, 4.287055644432879, 4.75640638162157, 2.645899207045785, 3.4522917277079035, 4.044568445408557, 8.727291232314448, 11.5074152795198, 6.917219912509825, 6.16785127292327, 5.811788384990149, 6.195165077284063, 5.1566462427198125, 6.413421221449056, 6.6265047576112845, 6.978107840721565, 6.654173803079883, 8.203141447563807, 7.58339223889844, 8.510553948900325, 11.402082869393269, 2.8476733971868193, 3.4363360223980246, 3.3049051132508067, 4.3717194596963385, 1.2165677286164478, 1.8682669980854767, 4.156366958099802, 4.876441538270017, 5.867222808559315, 10.428442261320717, 6.50954718936457, 9.39548644482271, 6.339725388518478, 5.791178200995207, 4.7373210035832365, 6.651986764022067, 7.839286253899675, 6.18926120775086, 8.564400536392544, 7.0371498907194425, 7.496693683107119, 6.028524133653389, 12.197603664726099, 5.0520213736479, 4.641162963546603, 4.549907570567831, -0.22637287924934976, 2.961032946721989, 9.83842218485231, 2.7216943017165613, 11.487186589902867, 7.440721204489423, 9.107472887329571, 6.301425412766674, 5.131192459550809, 6.793557327966048, 8.63359960961273, 8.204126848554829, 5.8095403720035685, 5.957240090311804, 6.623006048615204, 5.22114375474945, 11.154588483709436, 13.616263963685883, 5.289974166854334, 5.610538352710444, 4.9589157604739365, 4.955518866463463, 1.4506652223972287, 11.290156778549589, 9.17312445755644, 8.166015740192273, 8.447255494713332, 11.718690344886534, 8.36606607636831, 11.00191093616349, 7.342591839183888, 6.271695956330092, 6.8008681563650235, 5.894524292166726, 5.646925720549839, 7.216605056632603, 5.991507251856811, 5.184807989876114, 8.623402904821933, 7.9271830141319555, 7.0577766551144645, 3.5598966240337844, 4.838440228759701, 4.7005509972792865, 5.600824544446965, 6.316340624719589, 9.232339340079063, 6.494392115356515, 5.280864947500424, 7.003473277465563, 7.860607740801604, 9.420348922040407, 6.882519898806549, 8.191752100175037, 7.552530325537606, 6.327021728650917, 5.760021482960713, 8.330637203617835, 4.737773510286323, 8.798679839182919, 7.533447888922515, 8.43248057187077, 12.85116202144247, 3.5017774155588652, 3.5608878075587955, 4.77129832927334, 5.880716780913197, 5.187970431005529, 4.185096678983643, 3.3976614934433744, 11.41119297361559, 8.821659758365728, 6.271585973548509, 6.708666066691573, 5.931580762045007, 5.968876825362324, 7.953255066373575, 7.054917312649832, 4.844661750385376, 5.078322394243246, 7.945087469254324, 7.6758062498568185, 8.297598317286244, 11.222265123344712, 8.61388979804523, 4.332058090263274, 4.502159181307063, 4.579776219254471, 4.271892036154466, 3.3976022483139605, 10.515152532172445, 8.911797766823776, 6.068295971923898, 6.722263097726981, 8.918417146211203, 10.911736908839961, 7.407299251889995, 8.073268506670509, 6.4833905840707855, 7.402568525163695, 5.692340730094723, 7.1691743075380066, 8.581550750046583, 7.697575457249751, 10.50120576600845, 4.490670999821334, 3.3700823731227167, 3.7259569798283203, 5.611702985056047, 4.001035081579407, 4.65308686019971, 1.6159990441836003, 9.464863496700218, 6.3107586923089185, 5.334334692000334, 8.069381450669294, 6.457123266954918, 6.388870593664864, 6.4265034261359055, 6.837545182475458, 5.942584229926627, 6.884191679366099, 6.905137494139044, 5.641812451480341, 9.362713504989026, 10.997832359661084, 7.242414612814232, 6.079186789745247, 4.892368611883934, 4.0647534844473485, 5.4110389429783705, 4.738197533832074, 4.773616235470599, 8.630777386552795, 6.519591516456026, 3.0558328030640394, 9.927329048932299, 6.752285001039984, 12.767791717057815, 9.2176278122267, 5.710002247699249, 8.179214207966893, 5.490035096379194, 7.261917968898775, 5.670599518277636, 6.484346005019887, 9.473339182708264, 10.180340041184436, 7.357483886598553, 7.781636391730822, 4.9535845595203885, 4.975845566786513, 1.3361372302282317, 3.689190800778738, 3.9523676733061, 6.361300124817663, 4.097365082338975, 9.029465978033352, 7.924712607879014, 13.017361997125452, 6.540173349478227, 8.909718374721455, 4.928395330495, 5.454137305496478, 8.243746366968361, 4.880635143926958, 5.751223356235506, 5.4421256348229825, 6.258039033237939, 8.67413491390525, 11.629001676018966, 7.306775579088859, 5.029293521338797, 3.5260123129476706, 3.2993349371733003, 5.095603387118145, 2.7440165264271337, 6.20378351349657, 11.050475072233493, 5.021081151374126, 11.979735476525816, 6.732920124070357, 8.169475170792285, 6.148913896382488, 7.239454427203913, 6.1313126567686265, 6.560935885495803, 5.718347984911489, 4.6663152295543, 5.312687441933208, 5.8920215651202765, 5.583322734634371, 8.676596891697338, 11.508848291027585, 10.387725357946547, 3.7437823008893223, 3.9811300074399663, 3.618186062341346, 2.5050338138117474, 3.6440295546864094, 7.302385898290395, 4.576663347274116, 8.441454569432668, 13.144680198429747, 6.170296542909994, 10.839324640412203, 5.780426543431363, 7.700455366432106, 7.390867734236899, 6.032904905360123, 6.480752771794527, 6.524394470778704, 4.4830422297279595, 2.584881871954947, 7.7535399271565595, 6.867058241545814, 4.9041058536852535, 3.746814177668502, 2.7400803784425323, 3.97880000978167, -0.033410804722370145, 2.839584548253906, 4.653217711772287, 9.49388223280071, 6.201356469655782, 7.946773785923223, 10.558719895493915, 8.824176670704487, 4.853322241480508, 5.9875401131403985, 8.133318651288988, 5.2689942156132314, 7.850349244602091, 6.40968281956349, 8.025449606899816, 11.399269854661808, 11.294789987118829, 6.290779412263577, 9.81063137823387, 3.5370054332921548, 3.9245709933137474, 2.3557965441486575, 2.457571276533315, 2.868120314305459, 3.200044341541405, 3.9653938570663607, 7.553164951598644, 12.510149239907024, 7.870698600110818, 6.026118245134057, 6.991360841312406, 5.510704297423619, 7.052630426446109, 5.864614511367428, 5.6199771644193985, 6.986520631658082, 7.818495298122249, 6.869455954996668, 8.614775257946203, 11.398169298969108, 5.132335667397679, 3.9523700289133097, 3.8914645900943734, 2.6512629342692406, 6.053863400347428, 10.640193962777934, 11.633359673283696, 4.693978396339883, 5.2804686931603575, 8.067259431464523, 6.445678345292811, 10.054439820771597, 6.936800559738272, 7.517152064646271, 6.746404903657189, 5.9532142955772995, 5.084766783610346, 5.577380065356922, 4.107409911208012, 6.317107356788478, 7.566580783261139, 6.0672741649523845, 5.736816549545622, 3.7877509000284015, 4.451511568886724, 2.2466961156097534, 4.082691820889458, 5.4679764290705135, 7.490839987510539, 8.111188633846476, 9.889896884707003, 11.707167080686332, 8.600099053972919, 8.4134683742382, 6.178626038719386, 8.00062938748839, 5.546509055243293, 4.963254320244885, 7.5901670871761775, 6.7503445367199, 6.750145450055129, 4.13868905826803, 11.650166826264863, 12.161236289751693, 9.488356169952771, 3.7461825523808856, 2.4609543593071748, 0.5739716982843185, 5.261525026540714, 3.290899220470441, 3.715755066447586, 6.910576933601397, 6.925097509853262, 7.834851197181049, 5.9398082723269825, 6.553780074492353, 5.029102685111851, 5.572257120381998, 6.590455737008574, 8.738916689355657, 6.72069088414496, 6.704815707519865, 4.867007529593492, 11.176019325839038, 7.587757418953631, 5.608329993279146, 5.541054509713483, 3.327214367594127, 3.8086544597671232, -0.41148155466212893, 4.184083888117803, 1.88364060150581, 11.265243292200688, 3.949774392110734, 11.396071414123794, 11.653106663117162, 11.919137152464046, 8.305862069066439, 6.96671053279636, 5.624669809449799, 8.53119385696018, 7.375559776470836, 7.21360236474898, 8.528539890173462, 4.085527331712609, 8.066219676280651, 8.15972472609833, 12.990978873389327, 5.938625597107254, 3.515048191287751, 3.376647881647181, 5.454038862456329, 3.557068579770283, 8.425998056569975, 7.615893180140517, 7.901581563374685, 5.991016685078208, 6.16282428360094, 7.570193005627814, 8.058363633558002, 5.799621137568897, 6.700175201555781, 6.880976981663812, 7.9012378109830195, 6.067612375918695, 6.1114085654288495, 9.064377089213119, 6.965844291495068, 11.34560297399781, 11.152192315682184, 8.520927158055768, 4.99253014002572, 4.924611403375325, 5.671468276115242, 1.6030541944173626, 5.100610190683332, 4.362011096089187, 4.5401018826861215, 5.355599360943339, 10.51478048068947, 6.493916350521521, 6.615390283826609, 5.3356358824178285, 5.207148424661101, 8.221850895387389, 7.373855225900387, 7.355664135460743, 5.925920428152987, 8.011853159854295, 4.515300301326625, 8.389702954752991, 6.995229355491161, 9.855062913756534, 3.5880496460654734, 3.789100661044124, 4.793345845048137, -0.19081439194810973, 5.913931840741774, 4.973810006919434, 5.07557128072491, 9.854233679896256, 6.850368186718217, 8.474763412154417, 7.7677737053524964, 7.3007189121532, 8.042703360215379, 8.3729854885209, 6.769808203851213, 7.290332522805463, 5.072282010647592, 5.83724141766442, 10.2416657036476, 7.853596365630625, 11.830724536782085, 6.872146377866006, 4.805626008522122, 2.932471688573302, 3.507717832163659, 0.8800485040673715, 2.5858189193678953, 9.129996068650224, 8.083806935311637, 5.951813727215261, 12.142314042087634, 6.4917045178838, 7.247720429520546, 7.1983765819952215, 5.268705990699415, 7.412630594300375, 6.9945885130339605, 6.017002710853382, 6.005779523610971, 6.424581642875571, 7.925772582053036, 5.448135634948665, 7.850666957830693, 10.440936329543533, 3.349131519188614, 3.2124764629483553, 4.2592238006079555, 4.125144388235959, 0.0305898643381879, 9.768280635986832, 6.446978305169025, 10.836935812578675, 7.603656453652113, 8.45276128538406, 6.502762575706786, 5.713465777517324, 5.9954181407460565, 6.203095084210458, 7.167424914263807, 7.365494221130478, 5.918095183125277, 5.9266791403741, 6.7690112063219905, 10.027183460660863, 7.087547757134518, 8.79445668920609, 5.62133590587612, 3.770370991921862, 4.096330184739383, 5.836547204584482, 11.553184611364685, 5.071089217005726, 10.148421353455571, 5.742264520858506, 12.310213078965512, 5.930989689361115, 10.918555779880604, 6.01280050474831, 6.495417502522158, 6.785289838332779, 6.777638294883118, 6.553142130824622, 6.868104769578715, 7.744610263717393, 4.412378371680283, 7.5341238581496786, 10.096712621804372, 4.810628144489501]}, {"header": {"parameterCategory": 2, "parameterNumber": 3, "lo1": 6.000198445256149, "la1": 58.999992894266676, "dx": 0.5, "dy": 0.25, "nx": 22, "ny": 24, "refTime": "2024-01-28T00:00:00.000Z"}, "data": [-0.8582983234709903, 1.7431173204705834, 3.479743838825812, 3.780717913158435, 6.023252556235793, 2.9607307143894763, 0.6717394016613563, 1.2728229677653717, 9.092988760712647, 3.559638760960708, -0.27713599288973345, 4.038105371849766, 1.1714515504560241, 5.383561003914951, 0.537011244493964, 6.982533783589743, 8.571488006028078, 5.580560722285792, 7.452149559637814, 6.4522584359585595, 6.265318346677515, 3.583565968174461, -0.714137066175079, 1.0833085195046495, 1.8551537535798337, 4.149668658477994, 5.344604831858867, 7.411545637208213, 3.650030195063572, 3.8452989485534292, 2.198618254742449, -0.2572318733930345, 9.036321548425278, 2.8394598843351933, 1.8420676315258262, 4.009712715446691, 0.012894660555413119, 7.705661522141677, 7.683155711838443, 7.982649000738739, 3.0179209989361073, 4.189731536115339, 2.4259545499686395, 8.138448882553323, -1.5871665826488777, -1.5891165852118576, 1.9445485977276349, 4.635041212566772, 5.540166596042578, 2.355961656795224, 8.574989804647359, 0.7028717798053282, 7.137535802191903, 7.187386058877118, 4.012682390091102, 0.3187466151908093, 8.95941474106852, 6.241913867705389, 2.131592286535731, 2.768011274550959, 6.207734073069689, 3.221411977399222, 4.9403299997795145, 5.284560606480754, 5.451986978393629, 5.696796959305084, -1.6010169822922113, -2.256445777620437, 2.1529483370357307, 4.3232266538599635, 0.1909668492384431, -0.44390790225940674, 4.179626031694787, 0.17069301584976435, 0.8962954374623278, 4.858450635738853, 3.38263116012055, 8.956077731184966, 5.795942968202311, 2.9946090972432207, 6.948004886444661, 2.8862582732581332, 9.392461348491997, 2.9333562064767436, 7.157016770593206, 6.3385412558569865, 7.316756833775119, 3.382137021776827, -0.5113619748285039, -2.967788215886656, 2.3499564248202014, -1.307827849788931, 1.2125188200090578, 4.925512472276193, 4.06762993698785, 8.311650210490782, 7.697802083866249, 7.330256218661785, 8.147194696218385, 6.912231984710201, 4.708387030455939, 1.4968720638898676, 6.166993494168433, 3.4483082367414966, 8.758220133925766, 4.3805950815454615, 8.283411438013989, 1.625950339558518, 5.752943455296881, 8.319676984083168, -0.4715301897820692, 1.7009884441389151, 2.52913091457144, 2.0770272456272205, 2.187672815909531, 4.343897128525321, 9.330993095932328, 1.218882932093409, 0.30439784288898053, -0.27422244119140127, 0.05213389854776011, -0.23518809261342985, -0.33415853651749133, 8.47866075535386, 5.584065979593873, 3.892180953588997, 1.66121913337062, 4.293846535790879, 1.3728553886603965, 5.712470470091341, 5.349778724937398, 4.84067006116088, -0.6225148095180125, -1.6397445896241434, 2.660319540967643, 1.5442568681607454, 6.112564508653449, 2.054176911617265, 0.5508045866967884, 4.021578031068228, 7.766429445270508, 8.147638870997795, 4.104839497398208, 9.698754454081683, 8.852013961735633, 6.7235017135832456, 4.37074879129658, 6.66945908326416, 1.7709274386953513, 8.84358129327917, 4.344274452218524, 6.496157010607476, 2.398996028583658, 4.005009355019146, -0.4463990055524887, -2.42059727493456, 2.9792374144049365, 1.6849731688007827, 5.113822901448727, -0.43768674870700913, 4.040777207577054, 8.353325323213921, 0.5002871885536899, 2.8718828132478773, 3.970839414065618, 4.6253511401729, 9.11955346979301, 3.932944973830804, 4.540142814243451, 2.915632234109032, 2.9589196145156365, 8.48357104207832, 5.153947153501719, 2.577554280071359, 4.513804811596578, 2.217194649046379, -1.2172860185018282, -3.1891954287226847, 3.5351624194601783, 2.504285546025257, -0.14644600211205394, 4.449639391607848, 8.974660681079682, 0.9782399269914223, 7.750492051005733, 1.2678245079155068, 2.686242308366065, 3.284465354666289, 6.066112356976525, 4.398095957219509, 6.522957961080177, 2.8534885314675265, 2.4818271141007306, 8.248559732739718, 7.614992358982065, 5.181518770409547, 4.694965824279207, 4.860573880558976, -1.5796919091596529, 1.9193928666400326, 3.5094877657027435, 4.094226276215909, 0.937047420796911, 7.189568731540445, 0.5635877136930556, 5.805749269017989, -0.41961954970881354, 3.47430071743366, 8.399270899120372, -0.4964084272754233, 0.6063056604367948, 5.765368351831821, 3.0387728571135573, 3.36786903497715, 3.145253420002315, 2.759628261922544, 8.112655528490777, 5.46177143810483, 3.0951452851863794, 2.4392188299652586, -0.6396328703389276, 1.6471299662825436, 4.429574495630481, 4.850492223476623, 0.5143481001054454, 0.2964355674803571, 3.5133211091790413, -0.7893497850140646, 7.747798079882673, 4.814191760673163, 3.5774356936570335, 9.666472846661895, -0.3220417459042322, 3.0992135139422072, 2.419763661244569, 5.216302198480295, 6.985390848621017, 4.670653383640734, 4.008548441350377, 8.182654443041201, 5.666083053021617, 7.684125176653706, -0.8555976172423808, 2.6462911154740274, 3.3120387086359826, 5.0260902083783465, 3.7817609462607726, 1.7509437172822802, 8.34540491923238, 4.161711553593557, 0.46891913334386315, 3.8316691297850167, 3.23756350017624, 3.280698085050576, 8.870514191485093, 1.6236280492486552, 2.7128124259369186, 6.909344331332073, 6.547930748200099, 4.409259782032395, 7.516547373180404, 4.403263623774249, 1.675046745101679, 2.926081642298871, -0.44656302356665317, 2.6725682257629444, 2.6829312330424218, 4.119636250984393, 6.852967930066912, 3.2646233535672082, 2.1728612511557595, 9.24408721083702, 3.8979759674838887, 4.237803048615142, 8.275507683887028, -0.4727264291403624, 4.862643815482667, 8.624429720158268, 2.770126837014541, 7.895111921621849, 5.197949532541133, 8.784294950352812, 7.027956183254914, 6.1169385062484425, 4.692268399931538, 7.57646604397242, -0.41511456628722376, 2.3502197515835084, 3.234620719840899, 4.487431955506673, 5.50154853368458, 6.217553696362001, 4.466149908292132, 3.0563152223020444, 2.094341257978591, 7.286153146594882, 3.4074438855580507, 9.527261725520733, 0.926717650052359, 8.85614507041768, 1.9648173116464147, 3.5330590119509946, 4.873047112957596, 8.988780215179077, 6.967049817944466, 6.3789797079719355, 6.5574998585637045, 2.7783471590391327, -0.7774967197721626, 1.539822085746653, 2.8871544659875608, 2.219151660517733, -0.5518007972247743, 1.316860887618318, 8.580137710164555, 8.2570195516948, 3.5748892269409245, -0.09190693557647031, 2.712952935964651, 4.443138107549109, -0.5914982326214252, 5.277043047254998, 1.6001253727257347, 5.756968330813553, 5.484804199649163, 3.3453727220777307, 3.5916689458115, 3.563608605535549, 2.756611770370645, 4.904248851783323, -1.4129233461743165, 1.9982730209930977, 2.1826756980463986, 1.7612331254751188, 0.5962031394628323, 3.0039954034020813, 2.1462989428565846, 0.9371652558829262, 2.570897324893833, 8.867005977490157, 5.583080950870805, 2.900583010262732, 8.689819811157314, 4.1110809620844, 1.5991984730949962, 7.385327976973344, 8.962066725353587, 3.444809608257226, 5.068464771975946, 5.375047317238136, 6.57417792958376, 8.63590739506375, -0.9758457593360673, 1.5742536348927145, 3.0112250841973816, 2.6594116961237892, 4.8467502991739595, 3.6700010901724536, 7.094776539451672, 6.6888363846838965, 4.2696950495422055, 2.6045146342982775, -0.6680632699917439, -0.5330779546826273, 5.404254652722968, 5.881553218597918, 2.079873871585338, 8.043261021287805, 4.157921607249512, 4.323264645336242, 5.595261141669778, 7.246629820871333, 1.9053076241882143, 4.743628197820173, -0.38801652356050814, 1.6802486263136605, 4.212921296864823, 3.890291323656868, 5.394315858391113, 1.1825222775194602, 8.592617097067448, -0.16178637836931967, 3.483974971910344, 3.4285364808580012, 10.237608656192497, 9.531164475992668, 3.9363928247116404, 5.97270241490702, 1.9171101520019773, 4.321119419092333, 8.596195265198286, 6.571444325099398, 7.443176023133841, 3.591850521471751, 6.153981319265394, 6.522686381887146, -0.4924526058526849, 2.137971081778315, -2.007782056448507, 5.038512729148881, -0.24384705705680768, 0.9494101877847184, 4.304843121007131, 3.8263641989580326, 6.259061455147265, 7.12965457408447, 5.4385369497601594, 4.019739001497448, 2.833969528818697, -0.6503130768108966, 8.873781179841476, 5.372558237251925, 2.5416917713049587, 8.278332332184691, 3.4387695149514252, 5.37897386174231, 5.183571467262088, 4.392870201341586, -1.43490028140031, 2.451913817260184, -1.9778320003249208, 5.233061164997563, 2.18058210223947, 3.3289594121360917, 3.867599329619502, 8.15270880796652, 4.190894868235703, -0.24271870575908588, 0.35344563178010197, -0.42520366845751106, 1.2256268379531234, 1.5914930017169462, 8.989374999225404, 5.483021538876428, 3.139897607629686, 8.212414160854577, 4.722074374715953, 6.415789691927851, 3.7279105790118683, 7.76530015673796, -0.44576153566164034, 2.087559937933347, -0.9664130495841395, 4.969593313776392, 0.6964105447655816, 3.6299455042097692, 8.47477190780925, 0.8804647697780242, 7.810626861764024, 9.342021169383337, 10.395912975480403, 9.813456944067347, 8.683796276186325, 8.949100688489699, 5.83356680276035, 5.179335360363006, 4.964274634699428, 2.063781609617665, 7.801715248489225, 4.537075533453761, 6.268264327382387, 3.469484899955356, -1.5559907580292045, 2.8342417010950025, 1.3489742939885245, 4.8103695218906815, 5.297321322407439, 1.1491245981951688, 2.269377658760168, 8.109033577990763, -0.1790450579329892, -0.014641504567551339, 4.648068812318696, 7.039431105603836, 5.080975393420278, 8.424837675311998, 5.826235926121754, 6.076890861260164, 7.325452724742885, 2.9201291591010645, 7.410190918320254, 4.091132745821344, 7.093525564681166, 7.60088999310942, -0.4150715741979072, 2.610063364447326, 3.0135820029512224, 1.4913358896562743, 5.814034345447214, 4.250557496580389, 7.457473304713687, -0.22736236732961657, 3.6387186519388077, 9.240822311862363, 0.5082706472004052, 4.269146770065004, 4.240339950140836, 6.740124983080667, 5.513556198987372, 7.813632693562342, 6.618969558072947, 4.1196183856582875, 3.451435349830324, 6.279369968166959, 4.345646023975996, 8.188169869037466, -1.5690799970884268, 2.436385642492233, 3.688632929204648, 2.3002277004270804, -0.595763226801347, 3.6598523909468934, 2.6035836382176405, 3.801337784333774, 2.2141304317319994, 2.5617449547510542, 3.9211919456288147, -0.05298520161168963, 2.5073781599290976, 6.169403388872571, 4.8081369779303476, 9.06550544520172, 5.037057816767509, 4.993258311835476, 5.052375655855736, 4.055396551065447, 5.103043352105833, 2.922850472919237]}]