script/wind150m.json
[{"header": {"parameterCategory": 2, "parameterNumber": 2, "lo1": 6.000198445256149, "la1": 58.999992894266676, "dx": 0.5, "dy": 0.25, "nx": 22, "ny": 24, "refTime": "2024-04-13T12:00:00.000Z"}, "data": [7.328965959221189, 10.263111134631933, 6.478504683677883, 7.180303363869379, 7.650832590188508, 4.622495177754406, 8.33165340607191, 13.430370538393541, 6.618879595493297, 5.938322319486226, 8.564355084846614, 13.733138051324369, 10.08742474314444, 9.538360414450901, 11.535841543875717, 9.274269782106495, 12.057960321743252, 4.278371788827065, 8.211922163209216, 14.329108451119874, 9.708366964851079, 17.74913914620153, 6.6753857906556915, 7.647960671885918, 8.51289476548812, 12.273465372354632, 6.036350648225043, 8.539722403053887, 10.88351398949373, 8.687380645203667, 7.445208788163109, 8.391085431478093, 11.367773115896373, 7.5448894106434565, 9.694277586387852, 7.94389253614714, 16.62573550393201, 6.888571484367572, 9.090188467220488, 7.88815593105982, 7.942571075822207, 13.396099338906431, 7.28395771962432, 8.018922130551081, 12.023006324653931, 6.438138541268437, 6.8613780213893305, 7.98527965536816, 6.757310424308986, 7.560764557303297, 10.54104851204101, 9.50059202173847, 12.833373099134645, 11.062912209062485, 5.909023688872439, 6.2870433842793085, 9.274787375066742, 6.417227410780068, 6.890457912699648, 7.968762244184765, 4.789948863788591, 6.491923278341759, 5.585463233826048, 6.4403711378654735, 12.221218689267697, 9.009454059472016, 7.433033983195097, 8.905053672512818, 9.821023004429264, 7.588975968624833, 6.686703537316282, 8.195394865496546, 7.707935460338544, 10.493409146142389, 7.791469679643875, 7.026201625954664, 7.338734494272872, 8.283157694476921, 7.8899923051941645, 10.448522093694866, 6.795430617073874, 9.004461506105008, 7.757868184455775, 5.473792033514604, 4.510036029704836, 6.61353896106256, 12.346333385242888, 14.164477104177587, 8.755560934909548, 7.631183239184174, 11.514151202277105, 6.737935363721871, 7.99732944826827, 8.840722201381707, 11.409568843073169, 8.803647185863266, 14.565784711793778, 7.190845663006616, 12.05585588143932, 15.281506184757374, 6.7918966031610415, 7.808472685656973, 10.66216032220924, 7.023704731657961, 7.267448496289866, 5.106794438064475, 8.62735132966893, 7.088787066784458, 6.670444680598182, 9.439055997025958, 7.662322461653826, 11.237352170186501, 7.7481171495754, 7.9654779655858166, 6.498534562885461, 7.815816764536664, 14.320640377944077, 8.257572047885153, 9.245090031959739, 6.837394725588523, 5.833936184828884, 8.622574721603623, 6.308649343944181, 14.11269695719041, 10.047353365376622, 14.727938988465056, 14.74437291284828, 10.300421241387205, 6.719277070664869, 8.323093919033449, 8.107282639777877, 16.217300034421314, 9.446537417979446, 6.449598656854081, 5.1333357533329025, 7.499698792831636, 7.008747489671061, 9.044557947182431, 8.224024071954839, 6.9640645002236825, 4.060785637963942, 7.639433579474291, 7.165350976090451, 10.23057303380371, 9.704345759315496, 9.495507571030128, 3.3402861815704283, 4.778177062676027, 9.266476596181958, 7.437730460879792, 7.87983305706316, 9.572388063031337, 7.1785682893161935, 6.384162118287726, 15.289970730131758, 12.341355566659528, 9.843381933232607, 11.735249771548272, 8.258944175955696, 13.375924006934522, 6.760084278241453, 14.782973115088707, 4.103876257202219, 8.72043575537896, 4.362340661958031, 9.366138157181567, 6.813527157144897, 14.937702768732965, 10.267658240329332, 6.539776305648457, 8.67203088288269, 4.787662774339066, 7.698218607076349, 6.0873441694679356, 7.835221214806145, 8.046529372092763, 7.458150808076734, 8.608877524902052, 11.850262734386671, 8.8117116479839, 17.77138966281631, 7.688494218773544, 9.191164739350205, 12.730743640154255, 9.621341635927557, 6.860688980707848, 7.8478457236855, 12.307355397190173, 9.91407742030443, 6.413783881796887, 9.122534972676963, 10.276046771813936, 6.164512358738826, 14.628823892999387, 8.847408229042728, 6.461965963097595, 6.36760470939177, 11.791149160733788, 11.166882038950806, 7.87574206956999, 6.011569724044991, 6.434093221019702, 8.28397929534824, 10.143553468555142, 9.144016909317306, 13.816670759307017, 13.56094809832435, 13.656302916336218, 13.815409995121199, 11.311175190714893, 7.596878043423922, 6.421697656573822, 7.6394046408452185, 7.553435105224349, 9.905575965693238, 13.475716505271087, 16.424090527715578, 11.451537166951281, 9.254003701593215, 7.258731926495126, 7.0367340927447275, 12.950117012599037, 7.381743719969999, 8.093300938636013, 8.967344417595791, 10.089951190280749, 7.101628535279218, 14.429641919517273, 5.3166786778231225, 8.004960188186029, 12.353657579143274, 10.366412443906032, 11.837547065517821, 8.800394008229418, 9.828862191968494, 13.974620029461978, 6.853901936019563, 16.019970779845558, 7.484865883933874, 7.181602586241939, 15.953799840129903, 8.310481708066058, 7.349915918527923, 9.376123638240607, 8.367130482621183, 7.62313028017236, 7.9437331590424884, 6.437135137236963, 6.45954093280109, 17.213691935220215, 10.524309156428226, 10.273946606655864, 11.862817662916713, 11.936365345549921, 9.21991962938211, 8.86153137728593, 12.588989943442874, 8.770962014991891, 6.438595054812226, 16.41244941084836, 4.4961987125644844, 3.4013650634573853, 5.564597511607848, 8.03491325365402, 16.008096843277634, 8.046222814739577, 8.752871528418924, 5.063822520342274, 8.649000497852512, 13.621706759401883, 6.368785971072846, 6.382741290461424, 7.992930436842562, 10.460668589978127, 14.529990780112035, 11.760010414517383, 9.001219888609594, 6.676399779508786, 6.796164335542736, 10.391293825810758, 16.539519223334292, 9.75776129416858, 6.404943406946034, 7.6219804661096395, 7.2526298009360435, 9.433260964945566, 6.4041027633788286, 7.7069977782056736, 8.797466966279833, 10.485607991360945, 7.251312249380688, 6.036247401864764, 6.714442631766973, 5.217233988275811, 7.835876333062599, 9.302347227725317, 7.6509265629155445, 8.934609776573215, 6.609122255452027, 6.928765734101574, 9.276503476964448, 6.794505161701256, 9.56985438368206, 11.023976268134817, 10.938037194069889, 11.30438512278444, 6.674002741412078, 16.704394035033623, 13.322428924659716, 8.663733622004033, 6.57744277751749, 17.398564068645985, 9.787127574618959, 7.014471070284244, 8.359379780724092, 6.765699254411297, 7.108532839994775, 17.291460426884914, 10.312149635991704, 8.335461627869826, 6.053538854577736, 4.837159621106551, 7.7016668778479636, 9.66413310369945, 8.759614660947127, 6.516358859028249, 10.990678343328991, 4.779434019303214, 8.685281695453844, 12.95299936749993, 11.027916455574355, 6.3273675300789325, 5.820659410155682, 5.497661313352362, 10.054055749175483, 11.32272875247124, 10.923117263051115, 11.367955442528691, 9.988300927314357, 7.206936976615638, 7.67971526160757, 13.108858544475048, 9.768582989403233, 7.997655485743315, 6.699938779488584, 7.010952573063112, 7.874353081337726, 7.151949367770508, 9.836581019132748, 7.934463051569445, 10.732487540339317, 8.532082128486785, 6.935299394343737, 11.989160044203777, 8.188365048321616, 5.062707812918053, 9.401778412423054, 5.586395276190922, 7.9140877050595035, 8.004893921373943, 8.034863658159336, 17.815264489324647, 8.681112310498463, 10.329422402715876, 7.096097016019371, 5.865904201103837, 7.415758996992573, 9.105114699388766, 6.888491414531429, 14.537060672479909, 6.164826583039333, 9.112047743315992, 12.095214065273355, 5.315617103948666, 7.3557332686804555, 15.245985267023467, 4.651004685091286, 6.948680363944893, 10.184006583243708, 14.796325632243372, 10.024622170498537, 7.434286498411535, 13.472440065522669, 9.91594527503564, 4.774539875184584, 8.783038228693211, 3.659059227279662, 8.602850300161606, 7.371677911510152, 8.338573264638754, 13.103608811797683, 13.460416037975243, 17.146311021942083, 5.657009706762955, 8.74653116887573, 7.3303517036138635, 8.066327902508785, 5.639698824869727, 7.727028117971223, 14.05086996824699, 7.445856548506787, 8.671068450869413, 5.976832246485392, 8.934744094375736, 10.892611261393593, 11.632044835468108, 7.028149675610142, 8.159325968779774, 10.659566011031666, 10.026315752015888, 9.247364764579869, 11.029971840917188, 7.290484633204181, 8.05900658063627, 13.654054006782042, 7.085102248691891, 6.281376505068647, 10.66060139401643, 6.047024405440294, 6.6360975774740645, 13.87678501479719, 5.900599770303739, 5.7220017201870235, 7.59757850598251, 7.802606116497891, 7.0098465729908535, 15.711540388118973, 12.693189470685814, 8.586561179387848, 7.025896005962748, 14.778032373297679, 9.763916676408636, 10.897678836157613, 8.586019043059371, 14.160102530699096, 14.54727460612542, 7.236635837282157, 8.04281768546505, 7.750851391822702, 6.6644337737802, 10.566899748604685, 10.387398479918447, 6.9972983741228925, 8.648921508089586, 8.906960973509644, 9.506441068867499, 9.056343914116729, 3.957068537952472, 6.861026777002189, 10.892519957071261, 7.705501923568551, 11.654207240096312, 4.843034159003524, 10.210430314493712, 9.411751549309571, 9.329107108624386, 13.387145051200905, 15.231096387617722, 9.711194323454793, 9.499911565822774, 7.551508785410401, 9.573595037269886, 7.648317867645174, 13.523990164901326, 8.796531941972743, 10.16373414993851, 16.98714932181322, 7.914163568618767, 4.531863513967841, 11.8890881560722, 7.759804831211635, 3.1903452903815057, 7.307821806191216, 6.92313018919605, 8.94481291473893, 13.186544545282418, 15.082720077486703, 10.147237900516329, 5.366950925693204, 5.852668804242415, 6.207542303001248, 5.8298597368975456, 5.1852788565175265, 6.557350506721205, 12.518694866071037, 11.579336434358664, 12.933572089135405, 16.635952887516016, 12.437275937972856, 14.08042079040694, 9.68537041965596, 11.86996922512195, 16.950957091898097, 14.620551121306619, 7.319318801999677, 6.393713984910741, 10.276607666852636, 8.529492625723984, 8.586962082326057, 7.4860626032626945, 6.902094443874861, 10.808049219425335, 11.02028925292506, 7.9850928577934415, 8.071185275462534, 10.443461554175569, 7.640801726253757, 8.441411213739498, 8.528947267036157, 8.720700429442555, 8.183640047876642, 13.041228340030464, 6.365624591685937, 11.166751394722146, 8.560758381401765, 13.238826764103726, 11.536890361975068, 7.458735580137151, 13.004805320648817, 12.897754219430684, 16.284079704634635, 7.091795256748494, 10.79682050440179, 10.141418750396134, 7.970918821670856, 6.801177028211439, 9.685042377884097, 6.595143276536639]}, {"header": {"parameterCategory": 2, "parameterNumber": 3, "lo1": 6.000198445256149, "la1": 58.999992894266676, "dx": 0.5, "dy": 0.25, "nx": 22, "ny": 24, "refTime": "2024-04-13T12:00:00.000Z"}, "data": [4.326337698516597, 2.140428479022123, 7.303031502993023, 3.617658997727738, 3.66108545067656, 3.487066809111999, 4.19904794333449, 3.9610773557274332, 2.249058730633814, 2.483724321870175, 4.073078308006274, 6.227813743752607, -0.7739917547233718, 1.3852691864435736, 1.6394170088927258, 6.0414950658425095, 4.607600190761039, 2.7834959733257905, 2.423824121364349, 10.620124491851525, 3.1327521791711086, 5.923650472853639, 0.7073854679563749, 5.306775851238752, 1.0936677998041429, 7.362536540404505, 5.416082434621534, 4.09900167566589, 3.5936033527498474, 4.926234498559394, 3.3672896230282987, 2.7324859616635364, 4.457764908129256, 5.071813662937186, 6.239786724144822, 7.158746334663173, 5.205735984158138, 6.186826978430907, 4.490836142190769, 5.014805289154006, 3.6638809218507142, 2.2324710502027507, 2.5707792048694156, 1.6569964099670105, 9.510674258621984, 2.4403782686753743, 2.239981126218961, 1.0263638917440399, 3.325176761947249, 1.9221756694768106, 2.5811525417888808, 2.9681387780917277, 8.14023407667058, 3.3849480285415754, 1.6790521684095712, 5.370723039400919, 5.2200580382771, 1.5818913554790985, 4.911154181789287, 3.617264749406776, 1.703366467906038, 1.274480552098374, 2.9628112152969694, -0.13618491727410684, 5.990163893627854, 5.589884269924612, 0.1530033192631757, 4.232088685665163, 3.5913969103426138, 4.511224729670025, 2.5947117035487213, 4.091402114215937, 3.7080834339312747, 3.8420011757325634, 1.2393228661559388, 2.4828224583756193, 2.0807302911130434, 3.1151745958099304, 1.976525031275094, 4.548412130837117, 2.8248419130772593, 3.6614763842903213, 3.2414509801872744, 2.7572716386097738, 2.3374871236744865, 2.7502723476961655, 6.455345585060656, 6.522980359473218, 0.5521449570541512, 2.837517223163638, 0.7463063593159645, 4.704174163033221, 1.9362752892714685, 3.016494130398453, 5.275830058702394, 5.1923295192117465, 5.01521428640241, 3.4599757558002526, 6.374994014312312, 7.545378513840525, 4.627160689852225, 1.9653097806782616, 4.559910362863546, 2.2942945491493676, 4.523313256494282, 4.477365850647482, 2.8475815096052663, 2.651067768343482, 5.163296408573008, 3.8091577738710125, 0.051611725143848444, 2.4464919999847146, 2.208641596941286, 3.246575843797412, 4.813218765273009, 5.338675909228701, 5.344133918674457, 4.371380998506015, 5.298124548777786, 5.031078849871516, 3.875630008194319, 2.7742028194023782, 4.471933403105526, 3.785560021936662, 4.237582364280763, 2.784393722174803, 3.3847498206072233, -1.025154670158696, 1.5852625591431881, 0.18342912462156524, 3.720008827126344, 3.863169487148134, 4.533877065072199, 3.6672364929972736, 2.5725506857572857, 3.1486177014035928, 4.181223107038123, 3.5618308414404294, 6.097793411699189, 5.670237615186223, 2.556554715644753, 2.6556786462229103, 2.656389008144472, 2.0189535769238978, 1.2096308077110605, 2.737829489237342, 3.2108282681906135, 3.3604079628008545, 6.177547504894765, 4.826774905579301, 1.9402109461238546, 1.3022056351677207, 2.028191081207941, 3.487590511848591, 5.88675733349762, 6.705859934447449, 3.2426999959165275, 3.404929617038518, 2.4676352618033515, 6.373797453421467, 2.3426213896606964, 10.4314281173829, 2.393602511146732, 5.476818155111559, 3.9112859249421446, 3.7976336813003035, 3.171409661073266, 7.0472792478014235, 2.799169758791807, 3.3379695842920647, 4.158352240042686, 1.6193731259227417, 1.735583555415744, 3.5936510245492146, 5.075045033496845, 2.461381743891551, 4.937410586971285, 3.5528000173464735, 6.910540124825797, 3.428219744294663, 5.819580712474505, 6.747917538364147, -1.307587351231776, 10.437374839931863, 6.775983287463698, 5.251173013489442, 3.402533463485325, 4.2996551656413216, 0.7990545908088688, 3.7331130395286665, 5.379976873615508, 2.464718880730277, 2.810064173330585, 3.8600749491481365, -0.3693898853992298, 2.6174749252682874, 4.2323442945670005, 2.6719447234567655, 1.5896345875594342, 3.4757279750782586, 0.6303168934462766, 1.2648929131739906, 4.914007356548232, 5.362579438067065, 4.213487452013139, 5.661920628555982, 4.096645151140181, 4.235663209075908, 4.618055396132421, 5.6298716517043665, 3.7065615740789535, 4.368140264166455, 5.4114496183817735, 2.2185850459343075, 5.20212401212968, 2.557001768375875, 4.363783471942865, 4.917984535211429, 3.1976044620825204, 5.854436584942206, 1.3373216879365541, 4.094037301136818, 5.2301039737434, 0.14511818919571742, 1.6491418060801348, 2.8114577103994627, 2.8589320121789497, 6.559796033405976, 6.106453424489494, 2.148344618418323, 2.3431613312010984, 2.5599186663583535, 5.342135531583855, 7.385127262774737, 0.5462238968982343, 3.773025940570388, 3.8304244563720173, 3.238555040033443, 3.3470729630322866, 3.786070130926365, 5.057803160754299, 3.2441675009566575, 3.4350376424006654, 5.713416055075002, 4.345681148402113, 1.2138113664899792, 2.4421278921629237, 2.836436430659459, 4.19397064428213, 4.09304788971047, 3.7913921857177706, 8.53326945012955, 2.4125880395607044, 1.5768879884019753, 2.1539634687155527, 4.039466283747605, 5.481481308402896, 4.177366011737124, 2.379853681715111, 5.1851175286933735, 5.493168472004393, 3.6303931182445206, 5.690279838994626, 4.892460335466628, 3.254840661470683, 2.515663375494098, 7.690665080975048, 3.4273709838816444, 3.262979630775803, 10.301984088032375, 2.5070524045590536, 3.07510240143039, 6.11795222792008, 1.026691784459188, 5.4521780077484285, 3.699862402621398, 4.889216329926695, 4.527596297694622, 3.199474309782677, 5.399133206066149, 5.775714852775793, -0.11443703794319089, 3.3840481049553524, 1.6772356273653548, 2.637427835349576, 3.9990755372939724, 2.8084203166425996, 8.157204537278169, -1.6698277672885697, 5.072599806328106, 2.915028258026746, 3.563446730312153, 5.474768802603199, 2.2514991147902004, 0.702466830051331, 1.2765167948221798, 4.167343686283381, 5.473294589797692, 3.52535242335435, 2.280632848067755, 6.44709734065496, 2.3920265790953423, 2.5015751552657686, 5.290667414527793, 5.872269077279558, 5.098928197332202, 5.077766455696204, 7.168479885395214, 4.154588300261535, 2.0691041168299535, 5.1338767594248305, 6.7493906855723225, 5.968808432124143, 5.798389691134955, 4.214935867665591, 2.6962151485945527, 1.866600993948139, 6.8882856095197464, 8.801937965032417, 0.6168849434729239, 4.947915927211555, 1.7618438499336242, 1.2286010003030337, 4.3654671292196925, 2.1188649620190803, 2.443348150634277, 3.796255025916599, 3.0660462752402724, 3.9224120063291217, 3.922793295977569, 3.427496713327069, 5.270347744019139, 2.6484651240595016, 4.696081329613305, 3.570350158264137, 2.160747297286788, 2.198996224526715, -0.08150269720269457, 2.1062924095516626, 4.0217826497999285, 4.8781627712845195, 4.5758932667049805, 5.120218792859789, 2.514534453686876, 2.757481152257279, 1.627966755807252, 3.5522875052551206, 4.97371687625791, 4.180106856474158, 4.018189954081657, 3.9865143661583198, 4.651314553494868, 5.287824664862357, 1.6575102747034958, 4.294427059237527, 3.2579155980356616, 3.2206079589572347, 2.5554680537868273, 4.426420074730766, -0.2341688732504035, 3.9306437710798847, 5.1663167987891, 2.636199247916445, 4.861570654523131, 2.602184856845614, 1.22307415271092, 2.552784310114536, 3.3907069365148477, 0.7574960924166266, 6.13060795855028, 3.303461538935913, 3.619723159915458, 1.1557072563444497, 3.3489270154128135, 5.07163311757687, 3.315598791725662, 2.7351562636677893, 1.4611066003009292, 5.034051222445512, 2.251494579309407, 3.57337365369363, 4.5214569928397825, 6.008017970064225, 2.6062874910490534, 2.749149415295934, 1.0701300201625512, 2.780608575457002, 3.0571505438418614, 3.3517414875692304, 2.4886177760113894, 3.6020943204870446, 6.328914752417089, 5.87723050002615, 3.9347387301783865, 7.846800493585422, 4.1735846183288485, 1.7085213383113829, 3.3696378602779222, 1.1171388964367577, 5.025345881715396, 3.5378586958078673, 4.6664782590685165, 4.486053440317753, 2.4064667549413814, 9.700014951486198, 4.991841938364694, 1.199380025904937, 3.90583800430191, 5.699124179104294, 0.5798471601548367, 4.985049599114593, 5.309506079060953, 2.1600454447983015, 5.643558168089307, 6.587072596110073, 1.5029286464362572, 2.945560495974876, 5.324041659870058, 5.802566175854112, 2.60775285844669, 5.653231111455826, 3.6498969489133395, 3.406014766315916, 3.9279144797948478, 4.7356142518161315, 2.1912493552272845, 2.0492140010551636, 3.258742068603666, 3.3855820635300264, 2.648044430445767, 3.2536893716930724, 3.0403290001364245, 4.427703381414023, 4.8946564279624845, 2.1851390213196225, 3.226349744904622, 2.60645518038774, 4.652996469071391, 3.6888341598153738, 1.9544264705999934, 4.471620108887066, 6.670372333542352, 6.219061739230062, 2.9111393707170277, 3.465704958107966, 5.025856275763796, 5.140868103664235, 2.6416361361263814, 5.244054983097131, 0.21767686721698803, 3.0452828116864965, 1.9482551730314521, 2.9785689855433377, 2.5803779087853824, 5.506189749232948, 1.1178206373018396, 10.834816062300277, 4.81377039812828, 3.006342142171479, 4.236757039731315, 2.104853646997952, 3.127760734387054, 4.147133179189003, 3.2573926131685207, 5.074344339139218, 2.182185143749396, 7.15228130386635, 0.34147169691503093, 2.402445713338564, 3.7720560561122145, 2.842239132363092, 0.4075442644265806, 3.583059158818007, 2.43021837611765, 2.4041792055446924, 5.795369896325318, 9.918865425684396, 7.282275029680193, 4.100009863572129, 3.4132131809131616, 4.953590253115582, 2.216554063683218, 5.688841721762427, 2.295302858342264, 1.912600924534993, 3.6673963160915375, 9.988443785408702, 3.956758065341408, 9.327549995563304, 5.094135115386938, 2.896837257886109, 2.8307010427690456, 5.081604707626577, 7.632660391063243, 3.221988284268748, 3.269070210379469, 2.3238893869232093, 2.913059009098431, 1.3288152260889752, 2.879205165397148, 5.199507588863622, 3.1994668198047234, -0.5907164258585128, 1.1599818201525098, 5.6011243098629935, 1.3168876537598033, 3.7421286222954704, 3.319142479158713, 5.9032212229521885, 1.276896016761115, 8.06981565921244, 10.597777734906233, 3.4419856434163814, -0.09437166910886079, 1.209711555541252, 3.7847682845030453, 4.815573294816091, 3.72722891950536, 3.0373217212011068, 9.826326596345769, 4.766327165959648, 1.9844855868689817, 4.132637325124574, 5.263788135567545, 5.009958028553293, 2.0646346378829126, 6.825145432635811, 4.734504588707223]}]