script/wind100m.json
{"header": {"parameterCategory": 2, "parameterNumber": 2, "lo1": 3.000054539987559, "la1": 64.9999836372058, "dx": 0.5, "dy": 0.25, "nx": 34, "ny": 52, "refTime": "2026-01-12T10:00:00.000Z"}, "data":
[rows 0 to 23 of 52, columns 0 to 33 of 34]
-12.374533641954946,-13.218383019851668,-12.8101017758901,-11.535489909239573,-10.697579427164941,-8.957697142464525,-8.216237451221785,-7.111881735433445,-9.134178137992773,-11.057976499820814,-10.776497194520914,-10.767223407866275,-10.484310441990143,-12.217330111561902,-16.053287383842402,-15.675491863874557,-11.449903074471678,-11.761713579235494,-11.704448569005914,-21.67829365790564,-11.093750433171286,-4.5685388907487035,-12.793179850173122,-9.630806099219736,-6.153754152472826,-3.9509594355998083,-3.1588643902736213,-4.431334748352394,-3.3014912571400745,-4.911026458943729,-5.5751243507560035,-6.811344422726273,-8.508284738625074,-2.5108258606734464
-11.950923612106273,-11.6915802221661,-12.085783825509191,-11.889626775147258,-10.975113172760286,-9.177330844739377,-8.456895195866382,-7.138909605526033,-7.236071487023239,-9.750510999967068,-11.002091630332524,-10.359879743001864,-10.749506342830419,-11.910814638299149,-15.635094548276104,-16.387342159197523,-15.23409552417069,-11.133608634343263,-16.84750704953767,-16.271595883332896,-16.614062707575712,-10.82707991217852,-5.878220300248674,-9.797770804949824,-3.4367958125480333,-4.715423646293138,-3.2572715186104237,-3.680063064497709,-6.200852618693288,-4.6910507182345675,-3.463818871266614,-5.625099539852405,-4.168031205959445,-7.683237629679666
-10.73164895444678,-10.835995829650393,-11.149314078884249,-11.034069598283896,-10.456600321986599,-9.456813984123047,-8.036525508285118,-8.604992872224049,-7.554590379562143,-10.286864833344778,-11.157909550334567,-11.125080328598965,-11.038100521179851,-11.79779819398074,-13.97604792230372,-17.260901860570172,-13.285425580546281,-8.979979459332755,-8.494731991574305,-10.750653582001613,-14.199720259391867,-8.114119383784635,-9.205362386129423,-8.089683981516721,-5.608704006205516,-5.347276877877116,-4.628828790692361,-2.5138852593702556,-6.4675619694051605,-8.048008981793153,-8.504334671653956,-5.50313363845167,-2.3913284946956526,-10.421472544059537
-9.686453500037588,-9.798672934502193,-11.115839291554174,-11.92145733346,-10.083630960225669,-7.385452781040822,-6.63483742854563,-6.621418399424523,-7.416705076695946,-11.210408306985153,-12.505928163719977,-12.343716185393358,-11.798647919882065,-12.290097044031308,-12.694377195355752,-14.394073622983866,-9.080074090728631,-9.190197312328035,-15.982774625431833,-11.649701744933733,-15.736838489925272,-9.679893534788853,-10.077507051283893,-4.652684947276123,-5.2173115771551135,-6.516134865697402,-2.1226724530442014,-3.7720420788218356,-8.10365009280297,-8.215160091452521,-4.6361177634424,-4.585439021829248,-5.956189061612819,-6.634892921312616
-8.681815343054634,-8.423527722704948,-8.569863130242878,-9.515465684254167,-11.162105152855839,-6.582801486895102,-5.736680380143867,-5.012529448806859,-7.274914601817917,-10.65123019915957,-12.49624651455017,-13.218030136226934,-13.103478740887075,-12.897389072243579,-13.356677637701187,-14.52989196861229,-7.721537473080433,-5.221396081915697,-10.755858308122752,-11.70806921089563,-14.41175443716675,-10.550007617445083,-5.210097899419024,-5.445018546620905,-3.195758757320956,-6.0213392022832375,-5.306432960713998,-1.6139027992201707,-6.6839490960826815,-4.64220699746765,-6.110636503108454,-11.980290434241166,-3.6424817731555588,-8.077354339751151
-7.232303399054474,-6.678506235940008,-6.870784127908363,-7.274301698487972,-10.920273105921503,-6.8127384482979,-5.751570401358015,-4.941348342386384,-4.606214107244681,-7.643686696397034,-11.6277756385188,-11.043450505660301,-12.454985824339179,-16.298259179645235,-14.498043537348215,-8.431179442386894,-4.5478334619078105,-3.8488862748524237,-14.836476556311487,-16.39296482085688,-9.171333137257758,-9.215177782323154,-4.785736707568086,-5.542484248201603,-5.218273720377223,-4.525397798382872,-4.330581070747839,-5.131452202079885,-4.225977528450573,-10.243981007544791,-9.383902960134034,-3.9244174050019747,-2.8373865935546188,-5.265745950195422
-6.443501013095396,-6.206315976127142,-5.102810857098528,-6.980516079790722,-8.226084565892654,-7.695761961736693,-4.610310273310813,-3.843834650805644,-2.3303823808758053,-6.602971036652894,-6.204877023253901,-9.876087045228012,-8.325491548319222,-12.782491512422649,-13.339135182637202,-9.03549308960597,-7.881569941638106,-13.947981397228137,-12.026225111664175,-8.728536785056699,-7.323012324039148,-6.330434637718342,-6.823109196269119,-7.416765389515951,-6.19435761361177,-3.459188591306172,-4.925497803872426,-1.3241765191543127,-4.845267624358842,-8.006947598925066,-6.369262904864012,-4.866000256553289,-5.8806818518788235,-1.2543987723325807
-6.522444871710254,-6.376140103067501,-5.014318544743264,-3.803020707461705,-7.752647841110404,-6.755441319500809,-6.529185557945128,-3.6365586535995544,-2.317273190419961,-6.0674758702182645,-3.8588753574880714,-6.054477110217029,-2.603575954903877,-8.934043854014952,-5.893755989380693,-4.40521534355673,-4.875354163119421,-3.5046151284598515,-5.91811424726017,-5.897312994225603,-5.934428841366916,-6.391874553046546,-4.56662481186179,-7.313191146882653,-6.0478065186160785,-6.01646900050886,-5.590825174376296,-6.134033068791054,-3.6501382279727292,-4.953740686568929,-9.39773598239485,-7.092624568507128,-3.449841278678392,-9.348521081638363
-6.275215577145868,-5.9831471095818545,-5.4670598243286435,-3.751799875045354,-6.7247292890996295,-4.845891494012664,-8.686177098048407,-5.157762119635025,-3.002567829916969,-1.8791335602405308,-6.828962948188475,-1.6280772512810213,-2.792216420179624,-11.66177459093978,-10.759475819493849,-7.200611643881914,-5.153116361916271,-7.2392815673246504,-10.043108744597525,-8.0898551806238,-7.69835924773687,-4.004138888419084,-1.483333333229613,-5.322349356764091,-7.587086210825202,-6.41719237008617,-4.198101758859084,-2.6182857936438024,0.45917085457030177,0.42801080947113385,-8.119760982306513,-2.607258003465964,-9.02057605752728,-8.997060930662885
-7.476673705928081,-5.633839260653958,-5.2794744854249,-4.500113993989797,-4.471755530543947,-4.340428786704644,-5.9651658310739055,-4.746324367593941,-7.264482546068834,-1.9615483866407564,-5.370564369590042,-1.395461519185361,-8.06583434826089,3.08559104468845,-0.9294569565146165,-5.786158082284856,-4.3589055100676415,-8.229997899686898,-6.780237859757098,-3.9151886890055363,-3.3108217951183834,-3.1216820401258456,-4.753839965241839,-4.646128673163967,-5.461221633789858,-8.643261575882214,-3.3997676959439223,-7.277968985279592,-6.733487336672693,-6.278029470481195,1.393747974677927,-7.952238521053118,-8.023887483040266,-7.914293164633164
-8.770715500437516,-6.283591017377635,-5.73358343741883,-5.019903736941542,-5.053123389418276,-4.363572278274814,-8.222436879972156,-6.731092425204577,-5.561303434238377,-1.2008275773704913,2.2672706646976195,-8.28515908334481,-1.1818989228062193,-0.6166899905351066,-0.9257090097725192,-7.532990256418668,2.4290279304484197,-4.147340158087987,-7.516115363706646,-3.0045003777045984,-4.04100715925996,-2.589865390957139,-3.761869267767544,-3.835745791410422,-7.548314775911597,-4.820502007538472,-2.749775062192104,-6.035409027036787,-2.3914127784178616,-5.6058469328591185,-7.508934717638359,-7.871845163857419,-8.216577361763166,-8.28028564063938
-10.637310714957502,-8.41878965638693,-6.403485188618973,-6.263281838281721,-4.521104850395536,-8.634175445237151,-10.839032055967088,-11.412677042293707,-2.4510222381022526,-18.213945199721906,-9.164228608258146,-4.081187136076572,-10.887510932907688,0.6981800036076063,-3.3110252956328723,-4.673121005553233,-3.419799653099535,-3.5772677369595427,-2.9583257007726353,-2.6212407024067863,-2.0230328930059223,-3.9658561522551454,-1.8935451162742043,-4.949722956740523,-3.8032380759329487,-4.276144009617321,-4.492528328077705,-2.8121898042001403,0.4290717514077686,-4.973634707908716,-7.596313176033889,-8.154460133511453,-8.688362481840926,-8.540292112972127
-11.203665515238752,-10.926243694729715,-9.155230675914574,-7.965661387937232,-6.100670533310973,-7.609284580216608,-1.7801742735834307,-4.1764430975866,-13.170432861755534,-5.010886218752432,-8.990493967962813,-10.285373979260365,-2.854884350998464,-1.0595703856360066,-3.485169415925062,-1.6844443542057026,-3.6236817742834737,-2.184616359433142,-4.826011529869693,-1.5334002000781557,-2.011141345976625,-3.0443461938166396,-4.681226634828001,-3.0537493961082385,-4.380471972712804,-3.502694012413874,-1.298755562709914,-3.61862424079941,-0.12467782298633857,-6.94925838198397,-7.622515537849232,-7.994641606245123,-8.055915572392733,-6.936924695880125
-11.870876547975636,-11.604446740365882,-10.553705901511279,-10.997647974218586,-11.905403730191425,-15.953699238784067,-10.449598723208682,-4.3714862305014455,-19.216220802179475,-4.886035259948809,-4.1228120161817525,0.9585267945292626,-2.127497510687471,-4.75552668643304,-1.3150350285815275,-2.209896004096497,-2.995315974038951,-2.027950875539163,-1.9637607033690807,-1.7113563750290814,-1.8727136030677454,-5.2348175867142,-3.905985423456552,-4.93300591155772,-3.6332216776970796,-4.085900632024723,0.3801148237254315,0.6197691589717196,-0.49964547750095956,-6.685737569049702,-7.425022116146028,-7.175923342527024,-7.089039080232894,-6.026504797892112
-12.362209054453505,-11.540649815267082,-11.482328129517049,-12.081699459252745,-9.341179642950394,-13.796229768276248,-7.716101833661124,-15.396244234600276,-11.198222353258172,-4.043717548938078,1.0993733799068417,1.7297506757532242,1.0522592445143255,0.0017502497196402022,-2.81353793147548,-1.3508961094443455,-0.04201054069804194,-4.103597131631249,-2.2915400653947233,-2.208226121914446,0.16644209535365007,-2.72020904745264,-4.283587998678935,-4.716828131828552,-2.267138635559393,-4.1825415483108594,-3.0101095556084947,0.036949216893828914,-1.8699691541834462,-6.602327101632943,-6.814238712535798,-6.585261939379609,-6.511148836734074,-5.715615872789094
-12.737228265780871,-12.493372767556789,-11.842242304410686,-12.16604748023117,-8.5722704405571,-13.106557356668176,-12.51453380490644,-6.4478239434685545,-7.499880201567502,-8.56085950758165,-12.293497008786478,-6.232763418993797,-2.0596868431380173,-0.5505840557811947,-3.2817093648372673,-2.0562074376054187,-1.5919350804613634,-3.693261918705658,-3.7113793103701087,-1.3209289466082463,-2.3359494809009846,-2.3130858182151144,0.42441964406264343,-3.355335871557032,-1.3511340245615358,-2.176120776648393,-1.296343698370128,2.1653843358578473,-0.268625735398526,-6.265501685416904,-6.143218780022634,-6.393113032650334,-6.4432835976225284,-6.058887599426637
-13.61264033120783,-12.817400713689205,-12.38095736731907,-12.962252322958117,-9.186963625403122,-18.58720430660911,-15.452027273677162,-12.05556936218073,-14.421335418874982,-12.84040978396068,-11.847724160965688,-0.8811221341811122,-1.170814794115604,-3.2397605488810064,-0.11927538504069986,-1.6474486864325937,-3.828125236910678,-2.220906730769302,-3.0879384195728536,-2.4327253602924896,-3.7494321881856454,-3.918964684245574,-3.206717087498801,-0.10897813760623618,-4.0996505246798485,-2.9716277001602447,-2.5598880276350027,-3.492980583933757,-3.3241538634744834,-5.913980247326785,-6.087464594559517,-6.350246300881871,-6.3662368845695365,-5.932596907237448
-14.469022996124279,-14.163489573028532,-12.854606101070257,-13.42601212073991,-8.259945668078357,-8.96500285537592,-16.00789893895395,-0.8095543138162922,-13.947986140017116,-10.244237129106468,-4.9311092071464735,-3.425445285539952,-2.4787227936541214,-4.3236022865047445,-2.321184526019159,-1.9569998787938923,-5.653680956142344,-3.467298832779477,-3.824377157445201,-3.9537692257448547,-6.983842191219583,1.6033715727163054,-1.1686218666499761,-4.266412930707061,-2.1323764563062353,-3.5198940341051412,-3.4855520235145065,-1.7673030147649997,-2.3977579393789012,-5.321410979209679,-5.884928341438889,-6.261140599843938,-6.565520111692186,-6.567380543097548
-14.977581581757452,-14.812629099106504,-14.44010019934868,-14.151271565026187,-10.481626617448207,-9.282797615439815,-13.025585769719545,-15.242870413147376,-23.02677122809701,-6.213550275688921,-5.270160691172708,-5.87233158638164,-4.847802975515338,-3.7397107536918037,-2.230397424858559,0.04338666140285686,-0.8715835023897486,-3.602119443035695,0.5468152409501271,-2.805617065533618,-3.528755322826154,-5.878861558336472,-0.5170185895323527,-3.477138138603678,-2.5542649113545632,-2.1859831477557954,-3.4029246525688923,-0.3494726638098627,-1.5704727997898307,-0.591700529560413,-4.313419376596907,-5.173388967320725,-5.244566544167448,-4.6588995645238365
-15.722455531071796,-15.64259817205624,-15.370557729440534,-14.863239245541175,-12.438537187321437,-7.303542546150404,-10.089048075562781,-7.909095510633696,-14.286364328984291,-7.989124596074776,-9.411747700319308,-6.583053282553741,-3.3511723576815284,-1.9755495307001678,0.31458788280762706,-3.81216580253185,-0.7640805930512528,-4.876159763731701,0.1838821383942633,-3.4678832024259503,-1.259308715288544,-3.820743428021044,-5.57286693047381,-1.396747899492775,-2.828167618452046,-3.6675495602807078,-1.643925680583574,-0.4201728531880751,-0.4592288446925974,-0.8101604833172106,-2.5340899730272572,-3.0829686149291673,-4.647028268541996,-4.880985372864279
-16.595310869001853,-16.787158770562037,-15.777880143751764,-15.331602137028788,-14.90864585325584,-12.746798632810373,-30.645872975393175,-1.1173485399893062,-19.630101697755148,-6.635213993628085,-8.454113167766332,-5.51858956652368,-3.5831040334975386,-0.4822736728358273,1.8595758610232058,-2.2280286112080656,-2.792952652003684,-3.9346200519527317,-2.9740466190517227,-4.72733756753219,-2.325232123697573,-0.2864329173686154,-5.046643350679719,-3.4891031823191936,-4.136438985533599,-3.629183066593493,-2.4244069055892186,-1.6767047872297947,-4.062672613182226,-3.106683674777153,-3.075022828295816,-2.3942785050938897,-5.257508233998905,-5.695762207638715
-17.43566790069016,-17.441764476264286,-17.09833395609668,-16.243816841808872,-15.581267158658601,-16.12358275030654,-14.208193243496295,-16.02025014641469,-17.455709783483798,-5.9559265260878504,-3.774805760179389,-5.984591399585404,0.04026621695211154,-1.3868910399024463,-2.4717948638406377,-0.3057937003970875,-4.084354512892515,-4.909547346815938,-2.440844478974233,-0.48250618665549233,-3.865963414815051,-3.252594540737062,-3.814520930590395,-2.685123987575541,-5.27424843849444,-4.112494080654917,-2.577526471032868,-3.078290603394429,-5.2885418123855,-4.257698035870547,-2.874981952287419,-3.1705190207641127,-4.021230330661357,-7.805066275305543
-17.54259991828517,-18.130407304305532,-18.931967121471956,-17.616639774033327,-17.653141863836538,-13.243065929483988,-17.451192632732084,-15.811198437167105,-13.73665437006862,-18.30545902242291,-4.931773143108522,-9.24606242719032,-2.36890447118852,-5.542200673181298,-3.073190579700154,-3.779377555734604,-4.201989027115012,-4.477530406856507,-4.225919491192509,-3.618858960750998,-2.430506909487827,-3.9531473302311797,-3.97021069118136,-2.8366948983049727,-4.61661642693074,-4.3810330057727995,-2.7556434288197535,-2.135881069648792,-4.0230116228598325,-2.927371250160422,-3.0300905426790985,-2.967961093442219,-5.832650968745308,-7.447322665877457
-16.699136718252323,-18.692987086494636,-19.548557298655663,-18.98553812037937,-17.810949857375967,-15.834541225403578,-11.752410303593331,-24.850944988197533,-16.0195126114749,-15.901415161118628,-1.2783883052105973,-3.201988046994419,-3.1755471908439055,-5.647871693079576,-4.419657473411806,-4.062840745128527,-3.7213525635886575,-4.327145427086107,-6.078644663244348,-4.588459757832568,-2.5178478524388352,-3.095291571833523,-4.010110404238665,-3.6632694602400733,-3.7603468745765083,-3.924349343622901,-2.8804490671236898,-1.141776622890429,-3.7584951212478233,-2.7520254064353544,-3.048653358263119,-2.064169342253403,-7.201591467774263,-9.167997801996663
