script/wind150m.json
{"header": {"parameterCategory": 2, "parameterNumber": 2, "lo1": 3.000054539987559, "la1": 64.9999836372058, "dx": 0.5, "dy": 0.25, "nx": 34, "ny": 52, "refTime": "2026-03-10T16:00:00.000Z"}, "data":
[rows 0 to 24 of 52, columns 0 to 33 of 34]
6.208260773883755,6.029342019315662,6.234005023594514,6.834877247361035,6.035519525273513,5.963068729674806,6.135336646656013,7.410054887060075,7.511620411576526,8.296005416982828,8.935570142810286,9.363328545922657,9.197981854744963,10.191211788708245,9.76615346562429,9.278069680036424,6.528705148698679,4.546522913388632,3.8067715281221224,3.848831425381037,5.98841018501717,6.9836432641486725,6.343485195553473,6.707281025832939,7.998119966596549,2.7411167901471196,2.1780929208444184,3.7151490036197345,3.287339020952949,5.843150590253113,3.6552077219410593,3.4076064608827976,2.8083511235381327,5.24962005048782
5.302710069931414,6.062606282916063,6.1858119052860445,7.054029718306581,6.495765618402799,6.095857062133437,6.25195376440631,7.176869685669189,8.05309151907717,8.83584194759263,9.867382286079664,10.057867987121515,9.528954338879748,9.937191454382765,9.720409854148087,8.372716888706325,7.709596258527947,4.380410582825394,5.61868714061492,8.382566663079885,5.5214013710956715,7.933926723678345,5.795322018684955,7.870190642717395,-1.0760408175515948,-0.7645983074251832,5.15333998339304,0.2546556410602986,3.351663971852432,8.386844267277953,3.955998947446808,4.850148770010693,2.9248094398287785,5.528581354618393
6.739328377269465,6.647733166650034,6.6832122274571235,7.288364481270556,7.442915275487239,8.073380578022137,8.122388664584554,8.450218751670466,9.502277090835172,10.160041591994927,10.371309967391761,10.79751593454896,10.159631443912472,10.790714203850955,11.405135911401942,10.874076159785266,10.892702747118113,2.7119766676256907,1.0782865735855756,6.334866724026692,8.704649391026276,6.881012529799063,2.9351904240414486,2.0569214061591423,1.3420225236108967,0.3410044813922155,-0.9311415270363294,4.912349544257294,4.2423740188025505,5.27830969965957,8.189791519755186,3.5830199379600876,3.0721069288701113,4.010535862318743
5.353674455900146,6.4206912190568515,7.010145281849001,7.106415253307356,8.274865700834336,8.435068235233524,9.290054094501244,10.17353265906807,10.123534060747218,10.945983698563273,10.946369293737893,11.802958693069677,10.829860898772324,10.594546039631496,10.34852140385774,9.11694656304612,3.834512844451629,5.109248532782648,3.8462627991302845,-0.579917683072544,5.524395092201238,2.6699124278904653,2.4151187181391016,3.536088265395173,1.598488233588098,1.0904157901449243,4.520003509486667,3.2592708879145236,3.954649046252989,4.058829551140274,3.0614538010669157,4.990345672147328,3.0524766502455045,3.10768247594433
5.559634578127576,6.236786629280798,6.9279780469840135,8.026664803784,9.503646776216389,8.190637609530464,9.687257249155875,9.597844936170366,11.312968186304708,10.265693100172786,9.307117428753003,7.970210549315983,6.878105757966241,4.936902729636741,3.1204654939014023,5.332789269699921,4.2240776528967645,-1.0971125008092981,2.510354831234936,7.470613621386084,4.730930753333936,7.642853573316488,0.00048071096312851284,1.5299305967645844,3.361699473497198,2.209669699618528,3.0760134498820215,1.3540496388132268,4.402853256599945,3.6147135961348185,2.7916605662492615,3.4296201909482393,4.229291839818569,2.838118970461477
5.2602007577845376,6.565184558783037,5.934621093068183,8.001922694399811,8.36384962579235,8.157727204185226,10.078244805602843,10.221034536285428,10.465368476042824,10.154301470572621,9.531226696842666,7.395985943571281,6.11946630788157,2.582178319484284,2.2157602687155262,2.4889414888670642,-0.1993190958302982,0.4441979947375476,4.285685822587549,1.452973528386943,-0.01852151748002107,2.325257656063299,3.970972800842834,-0.04796873388878932,0.7107523089989726,0.38406083844998845,-0.3199188859878624,-0.6987046249860924,0.16600836109114636,2.6106090859851316,4.382091805889926,3.1217926109032565,3.109113269109844,1.82025952369526
4.846782232300621,6.222146536290759,6.396528036000538,7.932890714366761,8.305107236910834,8.54847719719755,9.821357978991935,10.188394927392428,10.301502266569237,12.302024377095822,7.230339285843209,7.088536601482556,0.09300633897702337,0.8227626153186007,2.564846241946168,0.9216019930533336,1.7424979265675875,3.3127087837170017,5.418025629805852,7.060177763572684,5.167368861926162,-0.3694289240127908,-0.4937358086416457,-0.5586304788099592,0.8574038214706601,2.0439001858344863,4.100640177188479,1.8891827002695534,2.1769287393227916,3.0779408755842077,3.984907260686408,3.6421018326032057,2.8229885969593975,2.9214854043709018
4.9941294362146325,5.903568289326165,6.307674184504452,7.987370039944684,7.253298822338041,8.543734137967695,9.783459868368134,9.515287841891785,8.946627809666914,3.994955155268696,1.82923319363595,-0.6213125958734858,1.9130134291733565,6.572623535450571,2.38625333611481,5.151744586023787,1.147298880283276,3.7372312521546673,5.53558937972027,7.472484602069023,5.2326680572242985,4.675582867910507,2.824921161423806,2.432025571790585,3.7699350811817247,2.6226940804474475,2.654443034616538,5.457391048245881,2.424260647404087,1.2812751172428074,4.191069187823765,2.117767727165105,4.984476994055744,9.26701190474225
5.251177166825003,6.015653646952457,5.2941341677019444,7.472801782439813,6.839631121358832,8.154070981929072,7.9924425631143725,8.329266071130572,3.9063540573638034,1.8204941639006151,0.25727891195065694,5.599053802879044,1.0107847173065172,4.369447293351156,5.913928974299464,2.756739334647001,0.08289136911321114,6.450708411266277,3.379144304770523,5.661752412376684,11.0638968101664,6.139805722390813,6.454263833496492,1.6774615056296942,4.282383452037807,4.239764989833429,4.222326611718128,4.5122487350764935,5.284481768703872,4.237104768714047,3.7951444025918777,5.822241069229283,10.611948512672695,12.462282291680308
5.907297078196794,5.446079485095873,5.105759799527131,5.877808646120899,6.201895387941914,7.4993063051076225,8.413806060841475,3.247625831687119,1.365735998059452,2.3965664570315335,0.8091567856038592,2.272412531227608,6.332980836354567,7.155880900098539,3.5167127919574397,5.618377457168365,3.7664726496898595,1.8553091012956204,1.9688350439815285,3.059331324639357,7.949931729568274,5.4270758887524,5.613321710629105,5.838123673797795,2.3967948812849165,4.194143646196224,6.91917407127573,7.191146151433793,6.2675455844216215,4.732693106501614,6.225132972308357,9.366509526503068,11.098795270628392,13.358692108783167
4.592815368901304,3.9234976366101044,4.3029150053132135,4.932969692160731,5.608473786569859,6.186832577477266,4.323923670960568,2.1837589749870503,5.36434945523692,1.033113374632852,7.702082066062831,-2.6823185727424756,5.969283170686223,10.840111186864904,5.957598118570542,3.4675972202627077,2.9058074176069346,4.1586019105279,1.9162005979718586,5.412324218905426,4.724828887494334,3.7155484364827287,8.212349516361543,3.6511591541412054,4.184006850715474,5.1056475722303585,5.969054859102632,5.989567267521326,5.150890750891985,4.283530879829208,8.038948288637101,9.73093673061675,12.717210442686051,13.96930730982523
3.8101423327381587,3.522802306169672,3.299993145916905,2.8841190507933194,5.254471013757072,3.1489904666784105,0.19159566599597322,-1.6236034663285699,0.33448847351371563,7.586257956652476,5.9208408881278425,5.046806051891756,6.96817528517037,5.767666279660946,4.153532554052354,2.5905564441812308,1.615337527420992,6.250229991982776,4.184392162198619,6.827517216932146,6.3666836655340475,6.315764509535717,2.415261457045713,6.728834649619921,5.205150097759515,3.7696962386787214,5.586850384524837,6.21900425927231,6.468715605448181,6.560515146880318,8.093930251779772,11.68814614348569,12.414492857066193,13.159095125160434
4.081572587725209,3.377911137242766,2.5509328745445328,2.187009466684346,3.180062486038485,2.556986177047972,1.9875719050708132,3.0437116513939615,2.0728543957945615,8.341454121103137,7.8105210055526175,5.882201501425113,3.581414816297311,7.274900379005665,-1.187765017689802,7.819987176995231,2.833009770402629,3.752816712224407,5.4822248360602694,1.6113876476354259,1.9235296412050717,5.647239023011024,6.0105847288511765,4.684512994809234,5.400564371220114,4.083835823877275,2.953674781337335,5.517412152876917,7.092000815290609,7.961436016854864,9.821477279020925,11.215478421750278,12.457718915287147,13.067144498014631
3.943822940998186,3.5377831806885274,2.70221586145846,1.6366129992963117,2.1671994938128267,3.406836449014348,9.625285002782093,2.8301005717123866,2.1690109554960078,8.309062615396822,8.956856121826833,9.316712275743784,2.7810999162725643,-2.2058832369413293,1.9848921876035666,2.1745331198192632,2.15982879521914,3.1422849792609857,-0.5239415383788135,6.794044036267779,1.2965616028862186,5.64325454912132,6.720643549827014,7.501475281318802,4.408758239534734,6.117234135000367,6.273313266639958,6.888818027647331,3.776452600059935,7.640578391499377,9.594669592252291,10.579102518860788,12.148661386077736,12.897470609463065
3.9156132692374044,3.6355925558032363,1.831212026024113,1.002122366479558,0.902752049324522,1.6908080410442505,2.3755191364312487,4.971110172383717,1.4701241159438745,6.27134153374076,1.8556827650725236,7.177414654217671,6.492421380872549,3.8135970420824528,3.7114633291178705,3.453276359117898,1.3841317805393998,1.048570362246791,2.4183366497351195,-0.8468761239387944,3.464654684018453,2.8097879900139136,2.716725302403505,6.306703804697206,4.2092641813502985,5.687868386603313,5.71698486131875,8.208735032519868,7.750698334556358,6.390389931401429,9.858671829214245,10.984704249097538,12.177197163288003,11.800540442427996
4.5585035601134445,4.04372504509606,1.574767495664867,-0.5989205791193986,-1.0294073105461012,0.9805977603091477,3.7595295268559403,-0.9200358005068591,-0.1457795604293654,3.7031162493586374,5.308272676283338,8.649466943347779,3.0959456323780192,4.115328324238811,-3.288738223527563,1.9473279461746758,6.470727577856245,-0.8962311017981134,0.9352334135159998,1.0595353675235866,8.433284858672934,3.555043816832719,1.312299240590984,4.610098020240217,3.8972497446836054,5.25919581981186,10.559552937929576,4.98772623205167,6.189389223425949,8.0552596442322,9.722519748669393,11.108863187370746,11.343504475246657,10.327495839180896
4.510383653780295,4.060942603834006,0.6724252579358595,-0.9975811077591825,-1.2243304244014797,1.060026274066769,4.194716379882871,4.109536232522383,-0.5585752333151836,7.158756406187806,8.384009439581613,7.657445878538973,4.048033008073008,0.1596649628184704,-1.717958073331913,-4.004374672923449,-0.8704786267203956,-2.423080316634857,-0.14191793407525358,2.8231416350612695,3.9727019611681857,3.2921490215236813,3.3369278443733252,3.7956011034054162,4.396972288375008,5.278341055416045,8.60943489552775,9.382426559783768,6.302223258082756,7.190385287648325,9.870068524676789,10.123548421519056,9.266176194690795,9.024498250075375
3.855830735673139,3.8378409914727127,0.46422141570568476,-0.8576111450083671,-0.49951239130212455,0.7593904319256705,2.6061961904148334,0.9428478873478773,11.068669860950129,9.20920909377421,4.107757092423527,5.067403177759792,2.7364367361639808,5.7428393607225585,2.0925032196649536,1.5801171484480583,-2.6184390934325124,0.5435903186884828,1.0153476704326054,3.3276310966340903,2.9754363401399564,3.337219433826461,5.378899818331508,6.854834011057304,3.0283907916443833,4.694386106100471,6.571964487688411,6.3020232965337355,6.542401306391113,6.120346544790442,7.3538082946136205,7.837056437609401,7.39974146725054,8.520021999131563
3.2498920228427757,2.079944458405659,1.3330053444127752,-0.5045179425053148,-0.4331980167865302,-1.1005875259090956,5.168532835775781,4.758188144644173,4.376807087141532,10.915858964356572,8.042935383906128,4.705147697229064,4.154398326525717,2.0066876590769125,-0.6972989086386686,-0.3337968264787202,-1.2069643917447415,1.5932549904272042,1.0347969168866908,1.8198660102697508,1.516698875422983,4.647253519123747,5.402461781634023,5.007736728743706,5.5819498221337325,4.377756215946987,6.5725413556520715,6.430018473412993,5.342624124673981,4.4032119827107365,6.148053655957914,6.505474044585633,6.420464338020624,6.7901378873709755
2.022847800188541,0.9908381299747765,0.5855887560086981,-0.1372261902913939,-0.7142063960605536,-1.170117520798904,2.279443272485445,9.12206684860153,7.591250748128168,8.618756469084799,8.346226918983605,6.299634834441866,1.6176279487670746,5.059616662081458,-2.166133710120041,3.507265751905103,0.8185261601301161,1.9406356173944406,2.3984111908934027,2.411889690743568,0.5742651479852764,1.1134824921459014,5.005958216472482,5.689829661168491,4.41945845185173,5.256164405686867,5.302406546972227,6.863831093277971,5.586087424907953,5.122651200939072,5.957521929855763,6.323475307059953,6.631453962954361,5.641149433333377
1.5114640229301344,0.4374236229020556,0.05638308494737534,-0.4751136819506736,-1.9480680605296723,-3.4613148625505152,-1.095182877975079,1.644176766684786,6.127599795379856,7.255134089653005,6.837080538998689,7.619208564064606,3.808677764691604,-0.06805108688073797,0.6983814110127885,-0.6211703434984925,2.1888298402923154,1.765008354822227,3.83910627570482,2.8960705834531146,1.42302517854879,1.534212610223619,4.068236553118442,5.672986203602102,5.7350650024642995,7.566774117342861,4.188765979046119,4.205690801803129,5.497551873634218,5.2958513308417405,5.593108227616578,6.797050071051014,6.547193164894367,8.588541210568815
2.600965935657595,0.3282131822976693,0.7628202995669252,-0.5004787072846903,-2.331494613244297,-0.5289456027829822,-0.5329866587137647,2.631552853004871,7.619796934879235,2.337594181249988,5.213405620130561,7.71119508894536,-4.144263021943496,3.5418267452452477,-7.029879127821053,-0.28958472472914226,1.1307222790529015,2.3180103073610816,4.984437802781731,3.1325641426224746,1.8059016826026693,0.0029528681319046087,4.878434235054093,3.14533779983713,4.270763476024219,5.279308061708034,3.4737393488485777,3.689747038217497,5.150683922832025,6.237320704141252,7.490484608913239,6.6472874143453025,6.495808654574073,8.30334845412785
3.381705307816391,0.9163824921037446,1.472466190470314,-0.28683760014597887,-1.960377170123824,-1.2194114092537254,1.0983765978197735,4.07472040307917,10.379223267145308,7.400752694654261,2.2463189996798314,4.579666965809135,4.712501767882451,4.501051967125715,4.7658829095033814,-0.4342620578120745,2.1779953909638428,3.6349229933411857,4.590203423520683,4.8004317304704305,0.29236401283187563,1.5508990714027429,4.279550997695802,2.934722457438208,4.46656921972751,4.560980832559321,3.8713568980914195,5.338253473648613,9.21395605953292,7.966360135561234,5.670567171035785,5.677697629000336,8.303815695842136,9.487991262724195
3.121491634825601,2.822537617276809,1.8478862160134202,-0.02955553305446505,-1.1384190860622736,-0.2046456734155878,2.720279483476622,0.9912837127031187,4.095101531235555,-1.459972005869539,2.0327027468144006,1.3661773571996985,1.9798179487177923,-2.5616195520766163,3.74383261355709,3.6356490034811584,2.234037814099022,4.367071260655693,4.400834556853572,5.665198589543486,3.2028289991810257,4.947650134879621,8.064472198918942,4.422609804437704,3.932720215902761,5.71010748007927,5.3930119691356655,6.42543196115299,4.540903944840907,2.0913382597890005,3.5445490166487263,6.339696021439374,8.863122467731344,9.403772497381613
3.3511060852626313,3.6365047595229436,2.6176533468030576,0.8646469760602968,-0.07697018548274859,-1.1765114265027914,-3.295423510327011,3.2187998790370203,6.544314238177344,0.17997924768663684,3.447940728510522,2.065066703475722,3.503924835944059,4.813194696916536,6.3999722661305425,6.366932753142501,3.7720888614119024,5.084442926370072,6.544172760041644,6.0026701261644035,6.183805777952877,8.823078781413537,6.273127283473562,7.590034774758778,1.8375562844792208,3.694747806125389,3.8656322033429817,3.721927411344511,4.441720192233374,4.662360925417591,5.104523650932244,7.397424361448933,9.277476728448187,10.239141109034339
