script/wind100m.json
{"header": {"parameterCategory": 2, "parameterNumber": 2, "lo1": 3.000054539987559, "la1": 64.9999836372058, "dx": 0.5, "dy": 0.25, "nx": 34, "ny": 52, "refTime": "2026-04-07T01:00:00.000Z"}, "data":
[rows 0 to 24 of 52, columns 0 to 33 of 34]
-0.9105015828413032,-0.9760573727832552,0.11483062133436026,-0.7293113891088338,-1.5248779887351918,-1.7369334069790705,-1.8372785163932757,-2.7184154058940786,-1.9251679520011,-2.4386443593051217,-4.4799048666192895,-4.0031197125893,-5.303008330270684,-5.029990903550693,-4.694128774379575,-3.329540137848942,-0.9422493894130273,-2.4109926938400252,-2.7701572210985415,0.40331316667093486,1.0257787462246872,-0.7355826689963086,2.3557976314473636,0.4427253593262306,3.185241840199275,1.4576222716190061,2.480493550462298,1.1165502069917446,2.2211023081582444,1.9274561915584556,1.5195175946526918,1.1576395085151348,-0.4904498281586957,0.5829845518557446
0.35376957017158145,0.05728662617392424,0.2984047114861404,0.33006922884015927,-0.4790034270513408,-0.7998304193376757,-0.4074216496206048,-0.9052715659296157,-0.4640460009349645,-1.6651223830147357,-3.1776223121418634,-2.2503859626256393,-3.5857957690607223,-3.9192294990419865,-8.216153106167061,-5.5558755887643,-4.85827420189203,-2.421910633309749,-0.14323674483610052,1.484783850005039,2.023559852922314,1.9513413700473448,2.0083463828008545,4.44941962990837,4.2424376462307825,3.160515292803518,4.152584427072604,1.4122644652712755,0.5019603369945164,1.0419130082292438,3.140347136435178,2.5569804269550356,0.9615217005210288,-0.5623043658248116
0.9993937568002081,1.8857760123626712,1.3265592042755667,1.5797682487994096,1.0801814915437578,0.5898148074665494,1.3561273401729421,2.633690088434483,2.022946287671624,1.193502690881911,1.2015431931494716,0.36931691075963574,0.7551219034825609,0.819274675866451,1.8839618197594667,5.497992550938354,-4.901631787438336,-1.4572396276817332,0.485436112392214,-0.8856195118108766,3.6413048980956155,5.802048890186381,3.7823109905931416,5.493983974419955,4.300342908804359,4.56974347311169,2.052315243192855,3.47812955310986,3.074482205806303,-0.01027964576200389,0.9288170396967459,1.7733389584043706,1.7818924796529374,0.015652187307844193
3.2774298512723723,3.0186221757418954,3.21787751433394,2.7381113212319095,3.4230921058005257,3.297191941161333,3.650159396924544,4.0510505419432175,5.085321335325006,6.263587437759761,5.8245558429806525,5.908567598516406,5.810425959552015,4.304248884928132,7.80266044294969,4.3644795486121515,-2.279532643346672,-2.413236392988864,1.957608716575613,0.6922661602623124,3.448963822050246,7.203728343863996,4.742661160385247,5.989168661548478,5.566577874328859,5.483173343590807,5.1523405093349215,3.0404295725589527,1.9771439533704578,2.3682557771629336,0.8399856231745182,0.9153972599307585,0.9329992758873507,0.9742423445971479
4.54052967644919,4.765237251126353,4.9627786331873525,4.839203947472203,4.9471190723774185,5.309218429997965,5.865879448172045,6.985636932944381,8.045429590286233,8.866593179120615,9.08802745369915,9.314297138794629,10.558748557736989,11.163129502486967,7.827166459879078,5.029333829919863,4.397582693055466,0.21841905511877904,1.2320595054477186,8.55057537947291,5.354728656422047,8.375546878241819,2.7765195002400707,5.596716018879231,4.875646608439096,3.733309208997767,4.147233947798987,3.2302522392754796,3.14772024528294,3.403758224667719,2.3269798537299105,1.2469573349757805,1.0189867965920332,1.236719734985176
5.750107158596477,6.711724129959901,7.396450470739566,7.319289747976222,8.095443873383653,6.643702535839399,8.662095717395326,7.402736816149612,9.439446112282601,11.72308769515986,12.953763352945643,14.272911751855185,12.399884517428047,12.009736994420546,7.489685895206498,3.8694707533035415,5.683348001512504,1.9757766611837824,5.346681036555821,3.1491290643942382,1.8962291012699832,6.354960838680267,8.156796915387943,4.640865082904063,5.308510347564302,4.729808956068064,4.880354125367039,4.090763410655199,3.1142695363813075,2.8133748579662257,1.631939930447588,2.1123616841218924,1.3770877218598527,1.0482039838209751
5.805405616744232,6.4116799324232545,7.103313885138714,8.083128002330774,8.959975776797176,10.187526861674126,10.611158643886776,11.008149984925645,12.401237157439374,12.118819004789023,14.171471420699365,13.434248835060218,11.895243871102618,10.648468505667006,6.728458073252038,8.629878449075875,3.766627004104591,3.6872872625103774,5.529614447498582,5.787227205373923,5.547728151072425,7.419250946539797,5.669733928169783,5.223095139657557,5.138671002951551,5.629596299805848,5.603785585457731,4.42546698692089,3.5221648842327844,4.222912530054935,4.051884059411904,1.3161011239072475,1.1426693677455484,1.4817328209165643
5.548534182666758,6.102220495625056,7.14600637331085,7.607329253631569,8.738916733591237,9.527142250938986,11.374078381432762,11.993333335046085,13.173917458266988,14.082831067572876,14.98794969267357,10.004310595873783,6.3307158027672035,11.672561328150431,7.13582151904297,6.112511726319334,3.3469520314460546,7.179596600536414,8.601129692977807,5.698519726595346,8.75731850642019,7.554761342603834,7.898782485556791,5.552034723714486,6.477500644317783,5.12895974707343,4.653499069040843,5.038049390727872,3.9623256750066522,4.309458762485556,3.527181953077801,3.04609909092221,1.966238682237544,1.2599174787591507
4.472128358040899,5.877860762424989,7.056102307877017,7.6292133944777145,8.187064736407201,9.16937450010198,9.624438513846062,10.905044312114837,12.362674018448566,9.4625853729183,7.815896366102533,7.543790969351118,11.62458731205004,8.74580070314718,12.217676530683024,4.888518553889706,8.053783861198339,9.079568995548252,5.7346372887053105,6.1380233182380515,8.081956972560526,5.955744292231592,8.030262048669766,4.623557307589754,5.799116094886589,5.403913670557848,6.736783004889429,5.643421484665904,3.896037642087208,5.783264048351156,3.9765720337736417,3.275554711679307,3.929159175532286,1.4575097217260968
4.280013079688955,4.913203566964079,6.077164759400459,7.114132096307754,7.482624439499544,8.189406469725201,8.669127371664397,8.78108848702707,9.1772519318521,5.530318687593804,6.244457356366364,6.0046927750741395,13.35366735810853,8.900316131489724,7.591644981635241,15.763745490445903,8.515082676451616,5.828625953961201,4.270247433866491,6.60690969980517,8.709336383504326,6.920691190387376,6.455485511388454,4.15484644646806,5.510258896613669,6.031303448592071,5.884123905201186,5.805467031327034,4.392498999842564,4.455161529854563,5.21163978827481,4.271371925384933,3.9081290017450416,2.218099984900269
3.8900309459819886,4.6334894841695595,5.232232114919231,5.860976207636925,6.523779945515549,7.146446362751967,7.858103108795772,5.1034896698829595,9.396502792917941,1.3325877310487368,13.246724365767367,3.691663657091779,8.65239032884714,14.977030960636554,11.303066391632294,6.94520327703964,7.293771921890801,5.736859644224412,7.384384790423962,6.08596558305866,5.0936630667286895,6.011823421457078,7.7309516380789125,5.17119422318695,4.594078664534217,5.7713440690909446,6.3428647768009085,5.018428339310428,5.3666376710352255,4.63926057618973,4.644057943723837,6.011095093237768,4.32415757806904,2.4982639015200543
3.0503325566846864,3.7350528702280577,4.342543564064471,4.868396650718066,5.232142417995659,3.801422934932064,2.2845485695163443,0.6325095538064397,0.36068427466673986,5.284321440608852,9.11265848543491,12.167467482658003,5.753526778283118,2.479920906469092,8.027196645809354,5.560462037191742,6.627002041249979,11.288841226347747,2.8786889989014592,8.236552370183256,6.937397129303588,7.342262632135266,5.538775432531237,4.767919790872325,3.9989971373939452,5.379712877689701,6.079595047518688,5.82789206033831,5.017887002625209,6.255316367010483,6.18450479752801,4.993467993361055,3.9366258364377162,2.0581640407634345
2.6662178467780584,2.900149183959294,3.4235643749183096,3.6482662738866773,4.796834250705533,4.865695046167577,5.172192177815807,4.5170795017813825,3.876140877468856,6.186349923067178,10.31167159454447,11.798313121254212,5.295182355693858,8.66049216776835,8.438736123130772,8.501406206164896,4.985998281547974,6.093746455374655,5.352436148727493,3.983797760240708,3.917284651603421,4.860107161811992,5.367846606557267,6.3120987570418405,5.0324045520122365,5.624141605654546,4.381362755128158,4.8988407330016255,5.0063614120286735,6.083999521549516,6.367331293373925,4.4715134218755175,3.8843235046224693,2.0351134643574955
2.658924742853765,2.2512935221719315,2.8180945135557196,2.5804509083098335,3.8941865337928725,4.428339700624515,1.1834591114507798,-1.620518571627177,-0.5537475927505109,6.267598934888334,7.861644784790767,11.738757448760865,4.219274260408845,4.126399628862941,11.266364970679886,5.469406330469785,5.265353089320265,-0.540726717628848,4.6775435635612705,5.597746411142406,6.638042506939645,3.861219209775771,5.434272240748277,5.004363656963311,4.6820956031166885,5.5950319940826,5.861126800596329,5.156317476895298,5.4553252617532655,6.763017452492241,7.32742002253574,5.571027963002237,3.1024155071559827,2.2954327317739636
2.1038480585226167,2.2741873770418204,2.1172465489930774,2.2080235340199947,3.65535826244368,3.066933585236292,-0.3353995023212488,5.249343286989279,4.29253362027103,10.049582519125272,2.2692901028134163,7.062501098438054,10.62083433726222,7.284289592602126,4.933253576508094,8.453762229869607,3.4334427085357175,3.2553442974857143,2.1947570870051236,3.072207813977102,3.938098922469899,4.875666728824424,3.783829267827006,4.231295768370877,4.466546643946201,4.921152679001084,4.524837059043566,5.5825465714144284,5.063717245072307,6.453313705300315,6.617511710898596,5.129419618981549,3.897415273643228,3.221275262326253
1.1279047846450239,1.742275525631758,1.9642635741315242,1.8516076438804816,2.1683266652916617,0.7667986048195574,5.345726061215328,-1.8536577163986518,2.2623628843699746,1.6128536932916078,5.843309201850289,7.581284694448798,2.413446036298683,4.899468033802826,5.82783000596927,1.3470660001598436,4.233171996634751,3.663405842475171,5.172784845881174,4.759032904775547,3.403469844488415,4.677315928829755,3.1626150524002012,4.105068300808626,1.61698457452631,3.9994879525297016,5.0620425156216635,6.1316739368075694,5.4721732922938795,8.595996114549397,7.032083852960817,5.7930886342229675,4.978272632770819,3.1821792146218257
0.9055809225645185,0.6992544505186709,1.357288478268572,0.8895854483235258,1.1235490166713125,0.8799021654819811,3.892514527061274,0.16852426965866227,0.32377964050277097,3.921733573860786,9.879915281541512,12.32105158901165,9.218313143948823,1.6281897123965947,3.051331695612322,5.637497713731438,2.111970056068117,0.18143978808480973,2.2221775077759065,1.31031237416373,5.632002849683008,4.519963333157447,3.846424368043076,5.277483615232836,4.038254330731957,3.2151697853938757,4.669562829867427,5.834730867363249,5.757341864104503,8.18740193221407,8.460127478318801,6.3369637442634,5.983223552656091,3.916910688918797
0.29197887592314736,0.10539264262397842,0.6916463003480215,0.6619288837697883,-0.32344905237003646,2.3362193249464496,2.6733677628892933,1.6078008273473505,6.136264422774776,9.299712890436773,5.656230536257206,9.134201589299453,3.3764379834253506,7.16279052246226,5.714657394017771,6.8021939763139185,5.1438383075106,5.694681313625946,3.7966741030204423,1.456134249582798,2.191183548585,3.9335211760870408,4.795699318622706,4.379916663861476,6.0206629515180605,4.180233202090263,4.453370712884266,4.41278187655157,5.0359032991963515,9.292879588965903,7.997652198193746,7.075046956444062,6.189630489324446,4.916478844076493
-0.2797464418290853,-1.0261963166974548,-0.8324596492515558,-0.7187840620437826,-0.6160809330925086,0.18401956132058817,3.861479776101962,3.109885729144004,3.4903285921475002,8.16119877718671,6.6891166870470435,0.4620917602684379,7.23283617382896,2.5341096485224295,4.934629790779677,2.2024335369030186,3.800807542755023,5.4606390609219995,2.288776831713441,3.4784839590030985,4.585084876397446,1.750079160372346,2.970646466906909,4.170646751754792,2.7686193943847033,6.155917806209915,5.778114674518407,3.8936427599696155,4.614326072836677,5.460146712080138,6.760693032516702,7.712900558503391,6.623792461949763,5.451961866319259
-1.277470290897067,-2.09439077769815,-1.1222863976614805,-0.9503785760094072,-1.2592759237883184,0.9465481057440686,1.3046860337494284,10.083395441264038,6.921198639774628,8.614094172630274,9.631914526921799,11.684998499271451,3.3180575109162187,6.884538009219128,3.930479298069644,1.908875026157625,4.318614872947753,1.5252919862705365,3.897684545865477,5.760893044679682,3.9730177755912814,4.255198910642823,0.7939164186903537,3.41542042223323,3.622426879742681,4.401102897590037,6.064185550257164,4.4870573435217755,4.308408981829734,4.69862287982856,4.206929729806678,4.437291346479255,7.393935891175997,5.111605414847377
0.35523364362284027,-2.1054545989116282,-1.665368175496342,-1.8332501849954521,-1.1177439839236405,0.9716307147958969,0.3590210288342427,2.8679499395567865,3.8201222374789654,5.46418172183237,7.152417373415695,9.342282914234984,7.4163383705804184,1.7973793087604801,0.3455700432742152,4.0246541586208515,4.573976536561424,1.9833100866775482,5.108627241326422,3.150384801737164,5.494909992534113,4.74458404279039,6.098826120904969,3.1475897339024197,3.2441391286518644,5.367782953977764,5.686092560950001,6.0622000352923795,5.009476930895329,5.10136857311525,3.737645708233775,3.52365458022717,7.630754804956491,7.118262259733518
1.059625415551427,0.08950901134357586,-1.8014143370806157,-1.674732530796918,-1.1376110752770834,1.6158176021817803,1.5548022889518365,2.4907290918115352,3.4878913724854868,2.304524637681519,8.113678077580202,8.216722851721975,-0.876318954279323,5.032851929280244,4.051569132603846,3.3611626911152475,3.390291790495992,2.850372734775487,4.9214633662772105,3.72633712496639,3.998212970094324,2.2778256219019952,4.768031103706285,3.3395056516293375,4.746813491379668,3.510736608548528,4.942423395782549,6.0100094000326205,5.837133812695253,5.322737704691799,3.917788637241012,3.6539373101319943,3.909002910071219,7.564169302956642
1.2491919960983668,1.2540542071807714,0.4258986825788676,-1.318975702184113,-0.830877857334068,-0.9185157465378655,0.13390388669726835,4.228091480008534,7.34917311042639,4.96562848207026,-0.4390085786074968,4.066151081353901,5.935728983742977,6.316758551883313,5.800239139013425,4.883001449485502,2.6111668845586924,4.658183643175573,3.6779110127259544,5.113222042974101,5.126090298403963,4.082988147693741,3.691296033247526,2.9424773670122897,4.950266434593205,4.781950637228208,5.154525641286897,6.720591612559247,6.40029842168123,5.49543024384637,4.9729642570199895,4.1927481378934806,4.641507390575473,7.629516732744884
0.5702944911519403,1.618431268947043,1.0344720684970767,0.2197808223580419,-0.28671568948308007,0.1544706468409138,0.4394111885879472,1.2812778965681393,6.058161107801978,3.603994059036188,2.229005399732519,1.4405126873803502,6.9531089784993405,5.076423567444908,3.400617199879796,5.610833312433878,3.0659660748990976,2.676735098781074,3.6124977634995856,4.371845734282299,4.92539784096967,5.3006260226481885,4.197487153648679,4.0523785011150775,4.148371544647825,5.298084033860669,4.946792975638545,6.220625181369817,6.4901283351293255,7.017239874860002,5.788563470655892,4.575543550072392,6.510206472508525,6.266684868109354
0.04361328912018192,1.5477257669831606,1.9462770690262337,0.1836940035724659,0.3824073195947418,0.6107383340001702,-0.11525435411676456,1.922033354620241,6.970913752189408,3.784509041263517,5.225954374455875,2.474020281395871,5.850531485963028,6.3345124925789715,4.072386126789887,3.529490592653227,2.378514682729232,1.3140713367060075,3.1178788827480903,3.7207131102370905,4.571085006502761,7.942337282881391,4.204407572704272,5.72821226792035,5.592114478984466,5.8088106151675865,6.075530151566633,5.877703953370066,6.43297852427078,6.177683219277297,5.891440713310499,4.784802921854194,7.453009848842751,4.971833641970118
