script/wind450m.json
{"header": {"parameterCategory": 2, "parameterNumber": 3, "lo1": 3.000054539987559, "la1": 64.9999836372058, "dx": 0.5, "dy": 0.25, "nx": 34, "ny": 52, "refTime": "2026-03-11T20:00:00.000Z"}, "data":
[rows 25 to 49 of 52, columns 0 to 33 of 34]
6.21419254892553,5.359650161149232,3.559080916591178,2.2131200617427087,0.3557265128970695,1.1081220259543825,-1.3526308119968249,2.991166096199095,2.8092398956291094,3.563503351269339,2.702607122992939,3.4976609496373556,1.591737574704363,3.853942213519299,3.235075410234212,5.608893400323697,6.4465819019385115,4.855848554881433,7.320343987926047,6.55247643863065,10.440633919834664,11.851202266022383,12.10075546796812,12.931526358676804,12.937799466223018,11.967059890104906,11.403545250547634,11.44847951780762,11.012931703304787,10.813848012705792,9.878684556485776,7.805848183090769,5.3935401481627565,6.383886157736019
4.195959254851184,4.899795793229751,3.7659160919729175,0.5545929381841692,-0.9857240955105341,-1.4309244976922721,-3.405080082471361,-0.4082746385776166,-0.08772409735918464,0.7612014019576923,1.1451119111967711,0.015883017645725982,2.5585598748931013,3.545005991184475,2.5039694048142414,5.286159716770836,6.3647463101246995,4.488804544604652,5.813571519969262,9.249263096487924,9.882983562556541,11.144732115276042,11.670385801028203,11.0365156742202,12.211495050590354,11.256008209828417,10.893386449139657,9.498136199245586,9.571483682912307,9.818563667281616,8.695568763456222,7.84013323258917,6.07692572247556,4.991289579232103
5.085159356405753,4.862838555067835,2.84442534286517,-0.10410809241480233,-2.070145375181619,-2.6320932333050053,-3.306226827351365,-1.9262357873368727,-1.9767428158875608,-0.6325957784350221,0.15447228389608164,1.4422010326538501,1.70172417425864,3.339932650801301,1.7561564316889717,3.4836136992047377,5.821735906345824,5.784184756905823,7.61247509208037,10.646145992212139,9.860823135464704,9.771724744931879,12.066249763875133,12.61712435107381,10.522685743922388,13.898963834091425,12.151134888179303,9.722591713072125,8.093248584020523,8.92119386871576,8.657004062602763,7.52070909490822,5.966796656023861,3.539399166776563
4.914694984043581,4.6923464022460575,2.543307736045827,-1.171097991838936,-3.111797424953906,-3.9980752084621036,-3.6714845146825192,-2.8168106396801305,-3.3543453061281694,-2.0066069492821446,0.38249406067573816,1.0166966776776685,-0.16728322299936502,1.561860590501595,1.6973766860726285,3.657409721488598,5.381110663064118,3.8332872299542213,8.235597022548388,8.694203027316032,9.178118810882301,12.390616094980237,10.278508063178231,11.744015487150145,12.853445528323425,14.238640503052014,12.864466443634019,11.464096345876824,8.756771675103705,9.499145924874446,8.437485789241736,6.612998835316685,4.840260261635991,8.491891818441365
4.244740635001546,2.2281307679210864,2.38208795682073,-0.564767172103856,-3.7122209266198722,-3.9043061795227314,-3.158679879083661,-4.299759807337362,-3.2795474482266327,-2.704709146693254,-1.4577838267672367,0.31070367376834324,-0.39058044228661115,-0.1916748698842693,0.9085465243059236,2.270426783821229,3.4513198538464582,4.9313445522261175,8.64614841870473,8.509027797874616,11.39580670204468,13.03974244569597,12.0958455403833,12.330184992989263,14.638841445015277,14.319024092037706,12.442920797691523,12.756815297700948,12.25986276409508,10.130043342852039,8.5899526977153,7.01333456619866,7.845272908808369,10.118344343248236
3.459008255971176,2.013492689306287,1.6558923191348698,-0.5640092517571428,-2.9712464477167178,-4.025704551921104,-3.674082718780903,-4.933919657249785,-1.7648827939192884,-1.4580153096323467,-0.6362565722506924,-0.53625613241175,-0.41456183644462824,-0.32034945072173787,1.1969570071860565,2.1618984946580517,2.6446070617024238,4.6610027233271145,6.4220797613255955,9.317658547106328,10.945392412129163,11.457921022989098,10.869519799899514,10.015430118275903,13.899146020722197,12.981132986902924,13.828606876831534,12.694209388544587,12.227417244150868,12.33346554662776,10.15015247281764,8.945581016031797,8.880418217383482,8.553231999388062
2.7707600464820605,0.7925023941938725,-0.9083102690792875,-1.594173459083528,-3.330821880872363,-4.829244392937045,-5.093343842704689,-2.0743999927866072,-1.192135400379197,-0.9162498329365477,-0.9353336267256644,-1.2554235120373265,-0.09679687721108314,-0.9309767086084076,0.5175438129595272,2.470472917152371,3.432546868194334,2.960532932365347,4.680154362388354,11.877169313689249,11.22370846220665,11.03297099587473,10.238506770687051,12.889469208541753,12.502590149457541,12.190297800335445,14.512444164509299,14.793174614474648,12.708075672528983,11.708756287567212,9.940858983053138,9.466660500772525,9.203929016844763,8.324767422038022
0.8000293877413625,-0.6132971476042441,-1.8829406632165648,-3.1191200202246314,-3.4703870933587333,-4.466044386755703,-3.1381690619017784,-2.165014657153534,-1.2470824426223843,-0.5516283362437051,-1.2021223380439245,-1.2792100757080722,-0.7205952503803734,-1.0271554722530984,2.032990936952149,2.8773175374150726,3.748100801067089,1.4772178574954966,4.864309603669734,12.49358786045129,11.842400978511334,10.126316603788462,11.246510796967547,12.61123140200104,12.88803961468995,12.161321227037272,14.71019458850391,13.762290972969302,11.987666269601663,11.0557555369699,10.356871374729778,10.231975160354093,8.933216521348859,9.100187088384994
0.008640357398711862,-1.1498501059554456,-2.9822744058454584,-3.8767232811283754,-3.4834430020839364,-3.7106213606241067,-2.6979388187371898,-2.120942617792065,-1.449646115506355,-0.40485641965660707,-1.3379662854549494,-1.4859124516305036,-2.4762686371544342,-0.9301568009814835,2.8651216886641273,2.838083177304176,3.457837138334202,1.0891689600781727,6.335272639952452,12.141988149885938,12.089181157754377,8.846074160433512,9.517376111219647,12.00222848611513,13.538237005474102,11.426128658255262,13.729835210036937,13.836857328597675,12.352223585639662,11.028422061249364,11.741580630524208,11.424285166588184,10.129684508218705,8.869456129517165
-0.8647558850182857,-2.321247891092315,-1.2511062580618086,-3.0567221676509955,-3.2397737882683444,-2.280311046533811,-3.3498522012723906,-2.043004938571063,-2.481307078416243,-1.4375544765903767,-1.3451582187919546,-2.413417591811553,-3.1930708770958587,-1.5931348881584377,0.6699737340694315,2.2617805660351933,2.6142983223342484,2.918988875826855,10.408694295921793,12.718515005019022,11.728211787512121,9.88018448853297,12.191982416453767,11.781129592593757,14.528090685270492,14.347159748605094,11.299370042888674,12.226190841600692,12.995599944943807,11.980501814230998,11.638833293458928,10.976569210557328,9.608453508778519,8.020557032094384
-0.15997838807411102,-1.5279236248785646,-2.567020849238086,-2.794314176355975,-3.486832350231116,-3.07616529233206,-1.991638130045444,-3.1327406766030976,-3.2074490102720357,-2.522493758706378,-1.1875722873939183,-3.2923866717994352,-3.1657443267158056,-1.633277833600455,1.9708757569781126,1.6138077145419998,1.2603644792684296,3.57652178525937,11.011783310017886,12.135356616031125,11.448810467079978,9.738670488643741,9.703426598521013,10.086889510435668,12.176490975918094,12.77660150895911,12.937881632026496,10.245995658376435,14.669806229238098,13.397089584585196,10.899137356245188,10.253995221016817,9.338425860684305,7.70112455752266
-0.8757056656306657,-1.9434407383379253,-3.0145935807776296,-3.0809716103639126,-3.6491343969199725,-3.461384883453686,-2.3787031818915416,-3.4888417582371596,-3.933021989823798,-4.112897186166384,-2.2928059971531036,-4.016795315882202,-3.4454136349238818,-0.5953801664891967,0.48703392181992283,1.0245443382470605,0.6367119761956788,4.617993205478742,11.086019588710801,10.640008118629341,9.567835988157814,9.189712154694766,8.798144600767744,9.865683039588907,10.099501092328067,11.253592622667174,15.344261740013742,11.54366652979849,14.643391157664524,13.491058854314442,12.170983916224046,9.993217069306791,9.38053468014973,8.16990374887758
0.3341371307237086,-1.1285454957105845,-2.36798006759806,-3.705573663790996,-4.4020241392485,-4.1082452416889454,-4.787902878333236,-4.17550033103225,-4.491002811859054,-4.541832846646314,-3.818013258836414,-4.786653098612725,-4.149638729965025,-1.8647900458822049,-0.07188102902565442,-0.5968877631739661,0.26360428906794,6.3632139644565955,10.226522944522861,10.391051119944576,8.712027212131126,8.189623099144972,9.638849843307776,8.614881850122062,9.561253025154564,8.663067295194095,13.6973724640884,14.970789471431107,13.90770637058292,13.141708356844953,12.432479310956918,11.78128121180369,9.089010335466455,7.159114435174087
1.7084219866072723,-0.021154389473000343,-1.85188258951031,-2.9510379957065096,-4.223449230067981,-4.9573195108371,-4.279177769420605,-6.037002971618724,-4.790228978045231,-5.208081274292746,-5.3633930505603615,-5.723874337868301,-2.6824905363762146,-3.256059456588205,-0.5611009746322838,-1.5098142902850649,-1.9000593836869597,6.427174102932534,9.421596455535509,8.954300858010976,9.758143025808778,7.468832590126695,8.311495188242418,7.511907710132395,8.698540750175425,11.66933676018322,14.80121046346978,13.007494585189974,12.920925414697004,12.803946237129965,10.296567449709087,10.961772522174215,8.238140627540668,7.109507503372268
0.6844146082992884,-0.1316773090958557,-2.6243559420585294,-2.4956760541953846,-4.704676663241947,-5.273262985439047,-4.714329293023854,-6.3353029589556,-6.302504255310774,-5.513255791864426,-6.682500563923103,-6.948924970333745,-2.6777586058684775,-3.862725155258194,-2.0766315124179284,-0.6928469306693709,-2.283811979568495,7.878232857118635,9.064552171998026,7.546058317078046,8.413625528713938,5.8611592050097014,8.061869772108064,11.201082091885036,11.96699427364807,12.54773160024308,9.538544666766052,12.580696976850058,12.04450625943289,11.82971164479865,10.218570056108714,8.243964686855392,7.329787379509612,7.679338773903596
0.591188195574827,-1.4292611111319293,-2.815140221347905,-2.4819979989591827,-5.31677764741371,-5.238485682642872,-6.08535877496345,-7.095671183007231,-8.35894744646404,-7.524845996929312,-7.264918256071189,-7.188491968718904,-3.1299999963623257,-3.3545143626868046,-3.532695322198441,-1.4028823754990274,-2.3202771960265687,7.282660170643954,8.606755366180113,7.930289602400077,8.00625366091304,9.468224497724293,9.400276396201315,9.794871168223345,12.191585743991743,12.35008985140616,16.830857060363353,14.042961724552027,11.184214170199159,10.87130268297489,9.612524552176367,7.920540953288982,7.0646259019345585,8.93730766281075
-0.1948259478989451,-1.6990650087331347,-3.208134336052988,-4.330720435039282,-4.785589039582386,-4.9479030336718735,-7.083927280738118,-8.179859942079398,-7.003099409891422,-5.715121950869988,-5.687985005544142,-6.22929100974103,-3.7508004761635725,-3.0300551851996125,-4.237843401095967,-0.7583679635559096,-2.112889167257716,6.04542509034642,6.185954214155751,7.648358779748726,7.137648038393755,9.287331595461314,9.33036037909007,11.173137835957746,10.934661782557844,12.901995422532467,16.20097689260702,13.831336334492553,12.062744533185194,10.48527223504918,9.832813344791806,8.365351977404448,7.924666513530392,8.968439726093209
-0.2610951631693933,-1.3260766705186542,-2.16720818397174,-3.162996652577045,-4.268316221763773,-5.2109027436642,-5.052610718330371,-5.526650661394106,-5.515531331914268,-5.491200995110331,-5.864499280600154,-4.937436155897646,-4.286584535635654,-3.8280827987047923,-2.5144610036984076,0.20869963343946527,1.046883599234856,3.4293984869102307,6.739552827842779,7.264114259733678,6.212223328703384,11.21069161259966,10.219549076994257,9.809659461413737,8.867622586591404,12.416062049159644,15.998545056019907,13.842284179216982,12.331846153855697,10.36247251462101,9.254733309619565,10.878290723439175,9.943958416487671,11.138171663857594
-1.226903985635274,-2.288200559729013,-3.0937948329422476,-3.497504882534472,-3.769795950935095,-3.9647897907972243,-4.47161479415394,-5.147711259006469,-5.360271743570273,-5.8947835926413115,-6.08495079565632,-5.223487553800077,-4.516271112701122,-4.786154879908067,-3.5418050758997803,-1.2333041629682002,5.991159225704393,6.091992391404281,6.474806780789156,6.88030356435888,5.711374204220962,8.017333312930637,11.995093832663281,5.629071115391398,7.769225909526924,15.07682681440882,14.79270154574495,13.228032612265144,12.034330037233556,10.176790353192684,11.02782037986736,12.117118332938144,11.760476121789761,8.604644710430419
-2.180682314300106,-2.83959126578708,-3.314024861194688,-4.53715543402719,-4.421792003804536,-4.727140966441788,-4.569477935539689,-6.053097296055953,-4.727767349339979,-6.061981194785051,-7.153962025885658,-5.672713499490483,-5.5970768260941295,-4.753587329357491,-4.473059615502685,-0.44359877073642934,6.12374701599783,6.710175862231941,6.791513629682306,6.170531935954787,7.401324092496061,9.046107365194842,9.834744573694268,9.918214002601763,13.416839007263615,10.31821441914669,14.455181217407194,12.447130458018755,11.647895898898039,10.73660616447613,10.607906750671939,12.198428855670986,11.358889482199197,7.569497453112356
-2.8210131752559726,-2.9468386839513494,-4.059410550363911,-4.678315517313359,-4.549111862182967,-3.9134029781573525,-6.05355400247633,-6.668026275180147,-6.466533739963168,-4.863269343111796,-5.944920196998438,-5.871525850564651,-6.902975213314885,-5.447680301045913,-4.961527532431577,2.9739656119145588,4.76390320096229,6.361038612801298,6.403293696123426,7.568728455099553,7.014317800218299,10.12258308242925,12.049588890139903,11.841846620244102,13.125957285775463,15.014622428605472,13.970663099088378,12.882780874184714,11.687957867827928,11.009643593866366,10.306281835023645,10.534783978562347,9.801489299345077,8.02708119818727
-3.0080727450719777,-2.9454849548397872,-4.787285456745672,-4.579890129788288,-3.578561050239813,-3.6881838656940973,-5.491874802771307,-6.268233740089775,-6.7932997502901,-6.865083116435851,-7.366965445972868,-6.080238248672002,-6.3526071620551905,-6.149910562503095,-4.570841760191636,4.236989901914672,5.713857908010185,7.255293514964435,6.61368167145461,7.354701925418324,6.5949281782422515,10.798640868045595,11.900866978408171,12.152432446741175,11.77283934264771,12.881801716376886,12.835763593801342,12.408819122951693,13.620344430337413,10.305277295703974,9.297279790269068,9.34962629651522,10.011986549733173,8.841180943351134
-2.5978987046049733,-3.9941969171630385,-4.5997229284194505,-2.672418245580551,-3.1768405029750473,-4.021639209791095,-4.963818576237765,-6.167189483029295,-6.150868928472225,-5.294747426912918,-6.025595911176739,-5.598136113243517,-4.6428048915039595,-4.67990791016493,-2.471979393305967,2.903403860229903,6.627064067151035,7.355324387037664,6.350152715749553,5.4041534663293875,8.373129866142557,13.819563661252701,12.319256652114348,10.661744341315183,12.334649336034108,11.753800596028949,12.919222280414134,12.506140154044534,12.199995719083827,12.265769338353744,9.000289558533307,9.271355530814198,8.87953287089528,7.724932740866741
-3.075625698802026,-1.5011468184514514,-3.5816432796069018,-2.811754711969838,-4.484635968675555,-3.3703183187586827,-5.478786387439901,-5.203680322656586,-6.540610674654325,-5.334100418206345,-5.0481432298426645,-4.31025201250366,-4.192779554742901,-3.7330955315616996,0.44866770483013374,4.286591930583079,5.495025606659766,7.118967539123822,5.619286431584614,5.724438423079473,12.952030632486778,13.212994776266328,12.835563861056299,10.415906177507841,11.205605206027036,11.521514103644684,12.862667406329027,11.9188089822472,10.303678709685755,11.921554682276952,9.98688879982258,8.78645986462184,7.761194777235432,7.086540080003058
-1.938815665074975,-3.413985177702384,-5.113676030054257,-0.9710884677948338,-5.145166003741379,-1.352623680619718,-4.663309288909227,-5.0381666697467296,-5.65532882730092,-5.162270114299113,-4.148473591819709,-5.067859836653846,-4.755740021501146,-3.336463559212459,0.8985613023415078,3.2201534320638787,7.051597926241614,6.324697066827438,3.0041789259812233,4.8250622759810415,10.592252347948525,11.974187647373489,12.23670385826765,10.816156548654995,9.803173006165643,9.495344458512704,9.95571756586017,10.709890845754211,9.715092958800033,10.368497721319256,10.1327245358258,7.698055721334312,7.940305084833152,7.102418871403997
