script/wind100m.json
{"header": {"parameterCategory": 2, "parameterNumber": 3, "lo1": 6.000198445256149, "la1": 58.999992894266676, "dx": 0.5, "dy": 0.25, "nx": 22, "ny": 24, "refTime": "2024-03-12T13:00:00.000Z"}, "data":
[rows 0 to 23 of 24, columns 0 to 21 of 22]
-0.3215986887944487,-0.4837546941012274,0.11259989356633458,4.823628719834082,4.496095200809539,0.5072141243834306,2.75627929617476,-0.4168863757513871,0.7094566907734222,-0.4773242075085252,1.3219054205690957,-0.2508099237600976,-1.3586365664409243,-0.36115171437447424,1.0446412611878924,-2.361973190198251,-2.7455119395368124,1.3031777046443966,-2.054238501686736,-1.3381271560117278,-2.2206982282699017,2.2331825905071523
-1.797346168378951,-0.1719892860752698,-2.5207585979147757,0.860381310313497,3.626078601809627,4.395746146873447,5.549208255525511,2.291644945420548,5.175591963889475,3.569974914506382,3.3200942808232807,2.238234364045321,-3.7377005156633976,3.193816841275876,-3.966117352554999,3.744820396115366,2.335686048456453,-0.12041825142726503,-2.5307056633408616,-0.7720611959253916,2.465784209788443,0.4642634606939222
0.1884574751654184,-0.44024645348895597,4.684452585944819,-0.36194830629490554,-0.01731026185398982,0.5554676089086131,-2.6618549364313804,-0.7283727986685026,-2.6974136718175634,1.2033119837647797,-0.08294496262697917,-3.7246522654072365,-1.2788362752778661,-1.4961095950242504,-2.240331233798995,-0.45130074341372395,0.4661108122368631,-0.0707004164718168,-1.1729403214016279,-2.69382535236336,0.9882735125741787,-0.8490443161718588
-2.9263818349069686,-3.4526633600896366,1.3694796206037108,-0.771046145869858,-0.9778870627576378,1.1887691594492704,0.5985328023305331,0.2551178284660879,3.398970820830187,2.953083850010857,3.809491848044916,2.5570894014483843,4.242540771980808,2.219664786996346,-2.913238271681564,-0.8935089152559035,3.762630309345518,-1.3948762280590548,1.2956286476763654,-2.6887536089706368,-1.3992865339725642,1.9869628495622078
-1.3905623959721207,1.1670019440929642,-2.2058650340406967,-1.9990385228784722,6.122085130392677,1.2121241309029804,-3.071993223285358,-1.994430588246878,2.2223822115920746,-2.9742937508295233,1.9073194664457505,-3.031070966446203,2.647871117357587,1.4413961342602104,-0.31580346265758275,6.478266126349459,1.7618150392012697,1.488084567619434,-2.7063153142217313,-0.6711380256185652,4.8436175122946405,3.0262900439833347
-1.982124138302116,2.4434540320655884,5.136525239569568,1.3479173564595874,1.4181101391208684,2.89111401017503,-0.3623255889481388,-6.478750444356782,-1.0554885498408983,1.7848659766907387,0.23355750208940143,-0.05954759419030627,-1.4352703791897476,2.7122390533045615,-1.218825801633515,1.7669316117011562,-3.7935659185066357,-3.9061057819379976,3.5412228527213867,1.9628181528031285,3.2349809563211593,1.2398145400711638
-1.798008777631949,0.45651000576169354,0.5811724847149299,5.902520222729478,3.735298500915177,-2.530974726318327,0.9344560300860296,4.041817328264009,1.1370058461630181,-1.5133683563523848,1.1358314226485837,0.3936512335209989,-2.406494156253094,0.6769005269246098,-1.3085271527949458,2.155992062759534,-0.495413940104257,2.3295585517844826,6.158916075456048,-0.019023358295822065,3.1839280278494675,-0.6130795585844026
-4.406051650662087,0.4434836333459617,1.0304984064468126,1.8042826695049234,2.5746859398217965,-0.6813292043426298,4.717457335254117,-2.0460421165528304,2.107580724562381,-1.5472632927593233,0.3373657555500514,1.240014791019574,2.9084500635363084,-0.22195817316548658,-3.4207142299188438,0.8157225918563714,0.6955627289691403,0.1888443219597885,6.1337277718809045,-3.248254025790688,4.802074893884957,-1.4017045706671267
-3.006993962532332,-1.8192589812192441,-2.816019157760151,3.87113080216267,-2.1142773248380693,2.318522617209355,-1.4782882976757816,-0.7413039712488011,3.1854234153324983,0.1739329236275664,1.609708557022621,-2.3025328944313337,1.4879059312898095,1.4873831250024903,-3.915191533568154,-0.6430791200846188,-1.1535597507875444,0.5326554743362021,-1.0966300490919803,2.061484615962618,2.1377302322185376,1.6411003422222015
-0.010908503114624222,4.552403236033906,4.084650676846702,-0.7427966905220967,-0.9046825936343773,-0.4667782616318235,-0.9102246995933416,2.2563199113157375,-3.0260857135595063,4.723784095942146,0.7135358315787068,-0.4102016975741615,0.746051514256776,1.3549348324911707,6.055209270804636,6.225044212777983,0.9076464991272778,-0.40468136225223444,2.781841427473848,-1.38772110562475,-1.0095875369864051,2.316101760881244
5.073989641091307,1.0575555731580348,0.5381821039152698,-0.36453183626203994,-1.221428507204566,-2.0623485108535666,4.851123911888371,-1.9867594721250976,1.185686701727131,2.1197891145164234,-1.8328824472843468,0.539933107213887,-1.377008257429776,1.4519000175850205,-0.8724188839624325,1.4526669644126529,4.4319357970850835,1.5125010158794112,-0.171118389790688,-1.2229576068024484,-1.8427051134057437,-0.9601994496312591
-0.2782102817260064,0.6212711618896831,2.7614539268069427,1.1238001707670155,4.321842403446604,3.7363992825155994,2.2067271621543587,2.7218638029956526,-3.4738116331942743,-2.7746457135047886,0.3111779350115989,-2.100556652749633,1.3669217283170962,0.5286254454860423,0.08854598667288219,-0.9393143660131703,-0.5190007612393872,1.3051241328558882,0.1457592019227664,0.7044410548500118,-6.608082827416388,0.8687869336213052
-4.516680383098205,6.246978805372764,3.7159425557646926,-1.114491243852625,4.470208375211345,0.03164108009862715,-0.3436117370391118,0.4893967486488433,-0.12622863221441274,1.1921290061248078,-0.36638601418066663,-0.5371340310851375,1.5411893411328497,1.090828296895936,0.9034958373365638,2.100076249482683,-0.3710507623347991,-1.0092165932054427,-1.4051615432797102,-1.3080592097456978,4.585190503170471,-3.242211455269557
-1.15987757352542,-1.3823725687914383,-0.5847182455267808,1.8412226075253963,-2.3909666416801163,3.4839508891253086,4.120503938623006,0.5576044786311555,-0.6215789775177708,-1.2793386207400526,-0.6560397154514307,2.036142840055631,1.8458758330751406,-1.1804709798651065,1.5531972870102846,5.949463998549186,0.9146164881209861,-1.603118586637575,2.963356472491818,-1.874281880931912,3.802069395886992,2.0633127139317007
-1.7493835287624806,-2.0630758079003817,4.258591504971601,0.16329250376333965,-0.8152675263080662,-0.5092479427424438,-2.2786242172902234,0.11842040007857609,4.786218666402131,0.9021483171413245,0.35014626712454455,-0.27939787657201903,-0.24093153312909246,1.9818917749665714,1.3299955962593795,1.8042801259841377,-2.3641834551396177,0.7002613723856346,-3.8258846768481694,-0.457104908159651,-4.890869141427959,3.93169747615135
0.8575343964091641,5.57579323625857,2.324042905383972,0.5600740319885131,1.2100051793404258,1.7889413554494196,-2.706996051726975,-0.8768731790115004,-1.7974059603843715,2.359866715702821,5.547439705575764,1.870223476773093,-2.0103749575125853,0.023037084295703388,-0.5329954214405117,4.96361240920256,3.2047209552569114,0.8990889770442678,4.127317385397912,-1.4346333708832453,2.7678358090679813,2.5561435482149886
-2.0756690876253723,4.207271179196899,1.3355395975591242,-0.7030688707142205,-0.5270200158750933,1.5128535235041258,1.5723655816271926,2.0199748488239053,3.513939803089144,0.7202524971360703,-0.560612676676474,-0.38788281276057207,3.91681723572976,4.754830242475113,0.09611374284046666,-2.0555379055806156,5.132849093139562,0.1913411810522523,3.71839350774172,-1.8264718313246158,-1.32076933306636,3.1432430776833726
0.35986874321386475,2.0653956194513543,0.23216746095635424,5.57836425536494,1.0224809212272228,-3.6578947812334954,2.545777232346885,-0.5987355643977652,-0.397054121303459,0.23043941537704601,-0.6286507825348013,0.26350384317236253,-1.177576157032143,1.487965410048451,0.13147061934653578,-0.3686350234866588,-1.3824448225506982,-1.9456831535423549,1.1214342519601055,-1.9375433128280188,2.313309642149434,-0.20445823907189328
5.094478458887189,4.92104785511918,5.8894885245668,1.2855335805144477,-2.0736301342353496,0.9067225277344044,0.5615321527605749,4.267704727388821,-0.637121030244774,-1.8870742321611265,-0.5209794150913786,4.6617826754828915,-1.2312901560355223,1.2874637483507334,3.4273899034537862,-0.49911980343010376,-0.7395933318977391,2.187867477882292,-0.782337749876866,5.62720289758385,2.2048771669459115,1.737514188667936
-3.6270105617956645,0.8477790730624141,-3.6840554590792625,5.704677909967766,-1.633413420604753,-2.853853511107795,1.280355713762746,2.1645162645487805,-0.6739084404351122,2.6951744935726043,2.423161368916205,-1.4051134508515166,-1.0890400591000406,-1.2021459210051386,-2.032100240073825,-3.352379774486244,0.5192587466370912,-0.46212674647184954,5.2076624198269394,2.340215009641021,3.260524142352408,-1.8722792061229918
-2.717425916556662,-4.923293905522298,-2.720191799946046,3.0002705400679996,-0.22450773051651476,-3.3416942459024384,-2.0449577386938422,1.2816918222632467,3.2399836221404112,-0.8503085510753042,0.6828369664632514,-0.4465593184880607,0.09432831508097268,-2.1231488638000156,5.987272491416742,-0.5961311417447307,-1.575599808515317,-3.084983851703481,3.3019680111258087,-0.39005070570393185,4.869204004237735,1.839455264915159
-0.45680258575100696,3.1601148964361396,-0.15907269495944898,-0.25682451674874196,2.311837052192804,-1.913094959029032,2.3022772850938034,6.569594133835128,-4.76942125614486,-0.6329200117353379,1.8655983932566576,-2.0815179336405834,-2.430768113029524,1.3466213080678118,-0.035157798226881906,2.197254001268815,0.7593754666229591,-1.5565598187876482,3.6000849035968083,-1.1476300225895248,-2.276251130378641,3.7858180536576014
-5.497648413623337,-2.7776406387258312,-2.9355644524264184,0.8061978086641819,-1.4469322014480135,-1.6278644422029744,-2.198891823654471,-0.8096501422985409,3.279223431912067,-1.3772320632689485,2.40244269366964,1.1802776066180969,-2.3917625773618783,-0.8468286488092923,-2.110985360719085,3.612339773814516,5.123963618767542,1.3259084387849605,-0.22825001293213687,-1.3864409584123427,-1.2048090505865356,-0.8829342029589503
3.3505919605457866,0.9455046234916621,0.8495398279860021,1.97909758316853,-0.21704284765645548,-2.5751443370905434,-6.093993924697218,-0.9316023506154297,-0.6145496350732635,1.2457261226860252,-0.7982721262316679,1.3422792094798361,0.019693892349113066,-3.08338131198149,1.9682711959508012,-0.5252437080656859,5.63066485240046,-3.012637891744324,5.394527738865692,4.030308949829797,2.7582341114181426,1.5001917633537993
