script/wind10m.json
{"header": {"parameterCategory": 2, "parameterNumber": 3, "lo1": 3.000054539987559, "la1": 64.9999836372058, "dx": 0.5, "dy": 0.25, "nx": 34, "ny": 52, "refTime": "2024-11-18T14:00:00.000Z"}, "data":
[rows 24 to 47 of 52, columns 0 to 33 of 34]
-6.966115120508981,-8.598102619312035,-8.408436549479676,-8.489049724452983,-8.278791704948517,-6.617375605424651,-1.4248319686618747,-3.2259762790034667,-3.2964683096319667,-1.8500598470625451,-2.031826029531939,-1.4422530038715415,-0.918440290296588,-1.018734403821382,-0.4641482750248998,-1.5125992995644364,-1.6746386768080972,0.4899561909561666,-0.14023280610960268,-0.29120822805523167,-1.9881742323113842,-1.312101784093233,-0.42757847957921513,0.022130887402019205,0.4245312046143895,0.5681516089307682,0.21662225072820857,0.7389764585582634,0.24989966734961583,0.33702437817144953,0.4801716364778293,0.3619894910001983,-0.20953558189154892,-0.49807690417752776
-7.124361630319721,-8.610496625936038,-9.877963530453872,-7.9417128807103685,-9.308500420912363,-6.166013679316582,-1.6824983437257823,-2.5355394151482593,-2.3960409215866916,-1.7070006258437322,-1.4130354194562464,-0.47100165967107926,-0.44671599979639015,-2.3671047631616235,-3.8073084823772367,-2.3799177359187524,-2.493582313663426,-0.09411621663010102,0.19728045307904102,0.36547009295134497,-1.6076501002050758,-2.020988652099041,-0.29059386220405475,-0.07741799101317663,0.6395917250934994,0.7815035259219245,0.636233425801936,0.6158259308447956,-0.33529756440745717,-1.1821540255149703,-1.344859602917654,-0.9273853127321905,-1.2765026420145769,-1.7257108722312877
-9.346391669209394,-8.875208809292293,-10.524149627679517,-8.373686146258775,-8.181022501212375,-5.99340229883838,-2.3783437783876282,-1.7233048045955794,-1.1072862612677012,-0.882095170082469,-1.2755470339754742,-0.8997435857214093,-2.6713414278728753,-3.050630990343517,-3.0609759575345707,-1.9639540042855113,-2.295979615506079,0.09349909164088145,0.05010295142017895,0.8234325736208498,0.37019384663152805,0.8711336532701415,0.6439389492687593,0.5317965504923994,-0.6307112552428075,0.19199621629075464,0.6988398834821722,0.7949843919966689,1.2314742120580362,0.35048275648944943,-1.5857766662882116,-2.225616732409006,-2.1605305535074373,-2.347561038688814
-6.058112629715929,-12.123333096883849,-10.856897379702142,-10.273914728860651,-9.306575865929178,-6.499599096813267,-7.517451033177087,-2.2616900838589835,-2.545935473305128,-1.3487820232005012,-1.1772868864924213,-1.9454958046281214,-4.295545960781758,-2.695942916209644,0.7936410881232855,-0.5138861917744695,-0.14814357078650478,0.9609154098783993,0.07501762163762114,0.334706283388828,0.38405102562368276,0.2505118401118138,0.2676302094163455,-0.9045802908400508,0.12816549134936633,0.006428819069886435,-0.31895455620760804,-0.05549783971172716,0.21468661672176692,-0.5355606272068022,-2.2170915958459454,-3.425719193518275,-3.4640035306864436,-3.6133570072368997
-6.042031245698174,-7.7282557517673665,-8.859179534466769,-9.672826930064229,-5.410507806799854,-8.735222046964402,-7.597082973476371,-9.51220697675406,-3.809872487503299,-1.31109446322379,-3.5217870049110105,-3.6207985144683055,-3.810818124508255,3.462113778761918,0.658473654415351,-0.7204267826082026,-0.7612940615968636,-1.070203201144673,-0.0002889782499192503,0.20912818852173048,0.3870827639127055,0.3841848542055032,-0.13699319295649565,-0.4784833636330091,-0.08087659555514168,-0.16166569761005198,0.08446150248832408,-0.05145381333059243,-1.9235279090779211,-3.0394656311304313,-3.456021610991479,-3.2148862157957696,-2.355387338843317,-2.2254562814344157
-6.21394493119832,-7.176792402908703,-6.688106727008058,-8.22384641517721,-8.909915742546254,-8.00628653955492,-8.651024951024851,-10.221152632758884,-8.570440399399615,-6.198693666510789,-4.7319159838013185,-3.786914998058209,1.5137248707224404,1.3020057525683042,-1.264838466346383,-0.7904438293357391,-1.5169214732587506,-1.3471315173221807,-0.6009961125613308,-0.3843503393529341,-0.1714721261591333,-0.34888654304621847,-0.3682033195193501,-0.06436757106663166,-0.1762962879952719,-0.2897621738988475,-0.22612362517522472,0.04073107640703614,-1.8810542576744915,-3.5634358805442434,-3.4297619401299366,-0.8874592361728741,-0.8125557485153868,-1.592032541153612
-7.239756309764989,-7.039012879791421,-7.641312419595969,-7.081768920673746,-10.80666422867459,-9.54213414346018,-10.443416992779515,-10.74749490640472,-9.994446653407024,-7.195165602236579,-4.553567280977924,0.11893078642668811,-3.6730546683261824,-4.072234229247885,-0.8081606624649597,-0.6898302680470835,-3.1705069267555426,-1.3413734950838505,0.03169436194381263,-0.6126403658570225,-0.2950798632606109,0.10362173912351802,0.17997253300961488,-0.02462005766960467,-0.18482753907367677,0.0529084145522358,0.042913339894791847,0.00784002661174669,-2.242764931866498,-3.289039771993428,-3.6750535659061954,0.019323990002156007,-1.133338787048594,-1.490488980494117
-7.130226867035704,-5.727443041589727,-7.001244667824649,-9.183701333265002,-11.460452396322259,-9.594005056731362,-8.679788831845045,-9.833735716285341,-10.464025617790556,-8.188414721661156,-3.7112833741282243,-5.575854264358435,-3.052836420899203,-3.447474861958694,-2.810781532412015,-2.426825383000038,-0.6940277694054509,-2.011608704546724,-3.07072887909185,-0.8703470326252677,-0.4615697197462308,0.21836450102323635,-0.38041130904280207,-0.16155088789445649,-0.07995544367227764,-0.20390819091815363,0.16943065656769135,0.2375568847115696,-0.3901034146946323,-1.617691848561561,-2.5494608459921237,-0.5392640172353343,-2.199495963568899,-2.3437630659429223
-7.278599674066523,-8.487252237736069,-8.423928240663205,-7.545266407004878,-6.785914555869213,-7.539604375712512,-6.825608639442963,-9.210330191484353,-10.432221951293707,-9.15060308981578,-6.988203144001127,-1.9188650167057628,-2.392798966808607,-3.4608187557339103,-2.036746545457037,-1.1476558313193668,0.08182300196974987,-0.5670910014972965,0.08311533006363829,0.4196385931380949,-0.16580713325385513,-0.27397491988817,0.08698759971414086,-0.1119323653128542,-0.1490656172806755,-0.09825479862466385,-0.272357882666875,-0.8902005179474908,-2.0858056513023207,-2.8658180493076153,-2.8451131526483304,-3.2196790300106772,-3.1834746098256326,-3.1179892754463534
-7.0191339921618,-6.958333743245196,-7.795250532143213,-7.068396312039298,-8.463692670196586,-6.6883457135489275,-5.43444734268172,-7.285640972718044,-9.446783316458555,-8.78051227059764,-7.86410841830775,-3.70872505881847,-2.6878017736704667,-2.626111088380528,-0.39291697189905483,-3.128203614832474,-2.280683331919274,-1.3339211162105258,0.8835799441060629,-1.023404313755144,-0.06505256889998039,0.5926830205159127,0.4506435178037877,0.529128164260206,0.7732790458050118,0.2589041140448658,0.19313048721917683,0.5152090790849928,-1.6115776123471377,-2.984460924241697,-3.721768638985802,-3.941974706117543,-3.4329210503333547,-3.392134337828331
-7.610487665440228,-8.030148802935873,-7.576327915373711,-7.429424651386706,-9.262039637416239,-11.161158304190197,-9.232516150111143,-7.334943909571782,-8.139725930327948,-8.336974841325565,-7.448002309309976,-2.6284088331496727,-1.6111963545371824,0.6306285083032633,0.5931660398311057,0.687989487914731,0.08554278152964019,-4.381097228634235,-1.9521697917075613,-1.3488782026646164,1.2514005334023974,0.509913488919882,0.5441949763327945,-0.27886259629899696,-0.4941554988736657,-0.04722784341447835,0.32093845415030486,0.41862663973074554,0.28800733959908026,-0.6173915802959797,-0.7960526677217636,-0.7408185893900462,-0.6895302828488524,-1.0557755672964697
-3.8702474187154694,-8.30476367287627,-7.259527818531901,-7.100742880348437,-7.253636997644767,-6.027060431392413,-7.33096887477248,-6.781826756959276,-6.214900724668598,-7.910489165974385,-7.753377736000143,-3.0386255125554698,1.5807763161166235,1.0312452912778693,0.6396855444227486,0.5674745072659456,-0.06722936941373354,-1.4530480696250425,-1.8041759470109828,-0.6580823854784831,0.41853760438079224,0.5326061535852566,-0.38181686745516935,-0.1850806823840074,-0.6708481637957949,-0.09749178150494314,0.34222622476684744,-0.6065651964820045,-0.6062719276345511,-0.15453491183733956,-0.34575872031072225,-0.4846680352971195,-0.6080932703313138,-0.531301516236457
-7.120588327226356,-7.725440376620906,-7.450918268405938,-7.960964109966797,-8.223168604472562,-6.516039518134375,-10.802041621901903,-7.180992527220325,-5.681963819503658,-8.499967626932543,-7.677872280255739,-3.423145490769509,0.6347459263493228,0.22105143419143294,0.00029079355647969123,3.0297134006362754,-0.05823546823401563,0.13489733136523158,-0.24968442817758063,-0.07207589845282525,1.1685127747300288,0.8525012789161809,0.6756246828362122,-0.9178121901000964,-0.8948174925359528,-1.8855925478002942,-2.2545802940692097,-1.682571310162729,-1.7814894901601825,-1.2985976405714723,-0.7204418917826462,-0.593938336540968,-1.7151362082830224,-1.8529958657857688
-9.099274427103628,-7.941771723657463,-4.857338963425244,-7.542967534062362,-7.5992928396646935,-6.774674365676399,-6.413290044367388,-4.605045761189579,-6.2793222140051475,-5.94852027094639,-7.100861833666048,-3.558052764238876,0.5815814093834346,-1.117283060515101,-0.6308814993818397,1.6844415141160312,0.7515034471341401,1.2680573866162492,1.0711787428066448,0.2902185232283195,-0.07863613772485437,0.5489815143668296,0.3376032268968121,-0.48339515507071346,-1.5777120208471087,-2.033203378785602,-2.169356495695303,-2.640925416985413,-1.6284700933520107,1.5101787862345843,0.060445386658814826,-0.6981215632284281,2.9217448453203767,-3.1365866587204265
-7.665702949527277,-8.112266341381849,-4.676763493812978,-5.491315290476088,-4.138116861271091,-6.560502520082506,-6.364986717573895,-8.851016422402704,-6.091253293428355,-6.82483906415194,-6.949346293980944,-3.8173391613377388,0.3206761184408973,-1.213144852344982,0.027055754834494624,0.7707422539458617,1.2654018052791607,0.8398130298653225,1.3678880164205804,0.2975055769955459,-0.6425812165605072,-0.6065886477521735,-0.041398926096072305,0.08704958345181985,-0.9690151853061497,-2.2489500002152454,-0.12519130447073668,-0.2767403146835943,1.0360638279388297,4.611266490397919,6.087610736092534,3.6239541388476706,3.0895866063200796,3.339474544027358
-7.648731278403157,-7.337161974589484,-8.889842650297753,-6.761503324802993,-9.817162500391857,-8.203050323154706,-7.4653756341328075,-9.470941593301411,-3.9462398824016263,-9.976961611808038,-7.556518337161881,-6.912558959233871,-1.2711587475893633,-0.5615405903972241,-1.3663460011270638,2.0771877224119546,0.948726386040952,0.34269891280917625,0.8219535810192471,0.5450930820363017,-1.8434871153660735,-2.5102771572379123,-3.5150621578962684,-2.8789332223656587,-1.8538715543308506,-3.46736942895146,-2.8722139777500564,-3.5666366898873054,0.7843860146743176,3.162571486188652,4.896622655312327,1.808491226630432,3.7625297585894577,5.158078093195765
-4.69753833531637,-5.624606444314569,-6.899907418378567,-7.031979935024901,-7.219187206094544,-9.802711127042551,-6.663876907827445,-6.082526546755143,-5.84769150796331,-5.674940384661072,-8.242029565895454,-7.905097156220788,0.48054846666956086,-0.5720063648061807,-0.5361000595662687,2.702302652479359,2.3868186445073256,1.842334063242748,0.9545197175702603,0.9231446326158969,0.013800017402758463,-2.7482354259998725,-2.3671450112911843,-5.854094163030608,-2.0123570587313764,-3.0756715900645157,-3.4862002105870675,1.8775158906045741,2.975370245103878,10.448831710812229,6.947534203477949,6.784535270928056,6.203816752489098,5.925529294965101
-4.899780766300077,-5.006486997149089,-6.134754591652618,-6.648804769324492,-7.176705543227687,-7.080674634319398,-7.298947863401967,-6.239815188223838,-4.836360875369108,-7.46985046265592,-5.63344817674306,-6.008029430171261,-0.8451346154485629,-1.1301552076174248,0.3625477360223987,4.174321585970631,1.6208302239620327,1.2829371450163733,1.183724433485994,1.006902631331982,-3.006656428912206,-2.330054729137417,-2.5944961333667798,-0.5443254097419471,-3.531888252910617,-5.145197220219859,-0.10752905351699514,-0.7621040022271737,7.355506993887364,5.375177854147993,4.040776943156797,4.909289912809537,5.929160509267879,6.363856840562028
-5.079555754807201,-6.188685561173024,-6.438029016810008,-5.12047576558498,-5.976094403448305,-6.582422876873171,-6.74735111775533,-6.593897275299076,-6.791405149356121,-7.112504497236306,-6.385448843633797,-3.6257506317136876,-4.1416604112920155,-2.1690895844745532,3.5750729107184425,7.543598540244698,6.041335382603917,3.1607626718045325,2.279885524341491,0.17323215907987433,2.0688061040948784,1.5710406720426517,-4.020278483893009,-2.5178374212664454,-3.8211763357912267,2.5992039595054375,3.5202909110727636,4.859893661600688,3.923531878885361,5.059423310736134,2.871392099238855,2.6622933563778917,5.886046290277574,6.4365254393573705
-5.402243590222756,-5.076023358533197,-8.98030904338271,-4.87002305755624,-5.801852441852894,-6.832939521153582,-5.034108292568756,-5.287387774173153,-3.963078232813636,-4.965858021116331,-7.175681780962644,-10.464697734600371,-6.175860570084631,-0.8648643875316577,3.208432721096636,3.7289583189337683,3.5543872412663315,4.726109506965834,5.40760497443822,3.5656772718390104,2.3653894913420537,0.751602268363748,1.541519808150437,2.580134892850965,2.7328414007257793,5.180996708257144,5.116221515550536,3.552653435704527,2.385383757136755,2.4174894469473025,2.8582383692957687,2.785930968942994,3.082025613696077,3.2439457010633066
-4.966064257154871,-4.500501483417421,-4.535589091292913,-5.17677454546174,-2.733237612498244,1.0850496176670459,-4.155460545214732,-6.560439238008465,-8.788109985834566,-9.507225095885087,-7.690117263176413,-9.199842566468154,-0.21502197930342376,0.49932420209833134,3.70755886133972,3.3071793641331264,5.265802062622637,3.5898672106082667,3.258373783005935,2.5612043555986244,2.048289627419449,1.3110353572343503,2.9138669601906924,4.1402503345093296,1.6646085417996739,3.880754663262665,3.598211497621497,2.1347761331609822,2.8564629837009803,2.153300985614106,2.058998321976932,2.822874264534368,3.463145189987322,3.0878644985025407
-5.13641065960753,-5.269225317950124,-5.236806125332319,-4.2847781003143,-6.086631526425709,-9.767893014529939,-8.435441493464044,-1.9942223734944302,-2.2126079418057647,2.3026354817639407,2.2139342382343323,0.06857518691794073,4.422141134943226,2.44222520220822,2.387781363888097,2.8013490401507775,3.0171230129228466,2.951570740509386,2.88021135391261,1.863116190342415,2.2263732614556604,1.7288231689996214,1.5184638711796943,3.2345598398099664,2.2123485578881588,2.6291867072189814,3.0604077825602984,2.2292266415072057,2.0292585098913576,2.223199232835914,2.0658142379014994,2.1366198165802883,1.8754142636645312,1.8385373971533154
-4.245902291821359,-4.691020260203175,-4.69846177350924,-4.5392313489859335,-4.571492589392695,-3.9581042232403063,-6.595510509438994,-7.849190557268923,0.9211846911787825,-3.435116968739466,2.976290801489171,0.5551055541672155,0.9534494901038456,1.2228539002653833,1.02926058694823,1.2593641407945797,1.6522596075516007,1.4921874195385267,1.676223339313356,0.872907209721615,1.8763071366876936,2.0037418572498207,1.6032457099617854,1.3690756366917396,2.4595335154920477,2.568990636689395,1.8586061619644774,1.688431108393449,1.9379911814885036,3.2506343782603397,2.766057451186553,1.8155192085835237,1.987323165765,1.8156617482216255
-3.9246016471321257,-3.9094547986320216,-3.903583138328924,-3.793536550420192,-3.7054360759905647,-3.9448389293737627,-1.26197204436583,-1.1148191899612483,-0.8153618175300479,1.0651675052820868,0.5831991879392255,1.1697686146677875,0.786405877508236,1.799966369729753,1.070501120668028,1.3066048335722094,1.0728882005192157,0.8690060632313035,1.1480309082473772,0.6711546173651766,0.6450499027704427,1.6060396198182252,2.8349413025970542,2.2838504766376384,3.0843375873223096,2.2587174506060195,1.8411317750646883,2.505318745729906,2.574110422547264,2.83899939238554,1.4689007916794585,1.805572332434291,1.617147852550545,1.3543432712403671
