script/wind10m.json
{"header": {"parameterCategory": 2, "parameterNumber": 2, "lo1": 3.000054539987559, "la1": 64.9999836372058, "dx": 0.5, "dy": 0.25, "nx": 34, "ny": 52, "refTime": "2025-04-12T00:00:00.000Z"}, "data":
[rows 0 to 24 of 52, columns 0 to 33 of 34]
11.42736837039952,11.905400161256676,12.323462981645473,12.62836494994647,12.75617681033491,13.22662949987062,13.720659435511964,13.747879991963961,13.535105612210975,13.461223322781587,13.811329905026431,13.938936838369022,13.82705291272569,13.615451900567647,13.247057353384282,12.627668489528709,12.192786840374346,11.704660051634262,5.442073801299864,9.13729924606563,13.884965106697685,7.265806405838651,9.013803677995206,12.506728081992145,12.011055112390347,7.266414543036459,0.8322887914440474,1.377101196690596,2.309756252767512,0.6343385669803537,0.2743974033311483,-0.33160633710743914,0.3665661560050041,0.16621975399282996
11.05610806489651,11.446758096773769,11.926084238917097,11.932568056096107,12.021695336156675,12.418542697561067,12.886188477883795,12.827833995126456,12.793233374638552,12.712301937360847,12.959027114422343,12.902202063657642,12.767234411720402,12.679328016129277,12.660618698594389,12.360369558209978,12.66629097616911,8.597439090347551,7.128046296728908,11.757214947681412,5.311820765366267,8.945861660361768,7.757728324586332,13.011593421370833,6.377178794118488,2.037954580544474,2.7665120154738467,-0.5340402471622829,1.6440292619547954,3.935018693349168,0.58663564524181,0.049782204511035606,-0.2110814575950476,0.6535852803703488
10.791753906184997,11.285861089197196,11.299504439642346,11.090119567832975,11.552133991613076,11.977184747570638,12.118958801887397,11.985922376845295,12.040845035914636,12.080129847486512,12.095748431576105,12.065543946052737,11.925336150208226,12.063375603620567,11.994838198187198,12.381027098600674,7.639560790070525,4.810033898695979,6.609608723606126,6.306536488143157,13.43034065983475,8.52963765400266,6.0523843549682415,14.985649552438758,6.498783388676946,0.3619214371514389,0.9182555834512092,1.7551061551940326,1.560539668700296,1.6341822242407846,2.9333229986423768,1.013710168718272,0.22992738715272565,0.27892825361316
10.597153637770246,10.857042038614892,10.960675119966554,10.87037552866648,11.140396877840908,11.161511872183874,11.086300518691115,11.13680365843272,11.206959182268596,11.487218002521919,11.568826461291303,11.611218872718268,11.848836173927786,11.438504576381927,11.099979081363328,9.3952518949092,6.219187795631451,5.519774208532685,8.576591965553398,3.50423450624331,9.804189494988421,12.611145732170604,13.628676243947773,7.052975726485159,5.85272119618835,1.5364170312458647,3.905986824813341,0.999611017693936,1.5450372460608093,1.5585051253996258,0.6540004807858613,2.035425890620394,0.9774761790927621,-0.053797863946291165
10.226758340711587,10.384829235788674,10.56127772785071,10.73285430131854,10.674959802086605,10.58418656153253,10.618954684665153,10.27070359254515,10.51604893979716,10.70337413714771,11.215926917790595,11.929475851278148,12.298534424687958,11.173408938529423,6.951782134035161,5.988055861840829,5.730963796883409,5.369666873499582,7.1983243696389,14.011435127594439,10.160209665880215,16.498818960324623,6.252315953541358,7.494753241908285,4.043332757554033,2.4004096776861097,2.1980292249508815,0.28503212721403826,1.8263335404535324,1.6325902540607278,0.5301341604569668,0.8913389091867077,1.0703020741404712,0.4423512952192995
9.969275915372611,9.855745122814087,9.99014970020733,10.49107598447023,10.649400311771934,10.439289333890352,10.502844633912964,10.11159161069312,10.193504740661291,10.656315973657188,11.267868241747673,11.54685067901062,10.242558155268917,10.572714092143654,5.150120191036233,5.36343020933139,4.024411504297512,5.653280947881183,11.451205036947668,8.658409646069765,2.7211993885805965,8.743205650566933,6.717929823927269,5.048055227687256,3.101153973089906,2.1374103135497866,3.0739289904790605,1.3574715765899483,0.5242191956059277,0.7198644309419997,1.2343275578644481,-0.262081321046003,0.3596572939264347,0.6347243710780023
9.556473222247153,9.664931470088124,9.837167823940383,9.893985968257024,10.21094868908932,10.300312007075723,10.228077230336496,10.291888449552198,10.50583361403007,10.553840105442946,9.96513095000982,7.902567923936826,6.646222592045877,5.7967679352881705,6.4156146426695315,10.002983602788687,3.878273385492875,5.424710014434839,10.48948818869371,8.502627695175885,5.697605084157086,3.9244172189385393,5.078495036284014,4.757929772901843,5.269758799448542,2.9337238980525737,2.7751362300742857,-0.8285757079149147,0.8807336909140926,1.1929045494396973,0.0327317615519367,0.7297486810503054,1.087706095622353,4.055284416242644
8.937714638793995,9.172767115357022,9.536800400401528,9.456286199719683,9.624383914364065,9.47517763774379,9.551609591626885,9.412575381700178,9.866406233771436,10.50125024035317,10.132753427187934,3.3538701788796894,2.957065614147091,9.657473699438782,3.6164040015965995,3.837675109180586,3.8468376941563402,9.051521536700786,12.874117848896198,10.09985830299731,10.8644215387429,7.355993904603009,6.751280485966826,6.2797052493902,4.883484495481108,2.32371004669438,1.9211045544670515,2.550422101951569,0.13802533257159674,0.017251482545220628,1.890969470470665,0.5373361823073027,2.615708430770705,5.7661532291956235
8.652061878051633,8.740731102291429,8.787610680071367,9.030614510775738,8.679104604639534,8.18401676858924,8.326702624822897,8.102088688989543,7.5435000145616335,3.5528288919440274,3.8964843395420727,3.3174406699927004,5.038449029426269,7.901689009235286,6.0622595002814785,4.661821645684235,9.613367599033772,10.338247280829862,7.536586343229757,9.46243193022613,12.095218854790925,6.483873994417808,0.8039711572013151,3.8942566793594025,2.8952240948325736,2.0586735201500725,3.459982317984624,0.3111521658615158,2.891577221209196,-0.2887830016749308,0.16875864135213808,2.3776831088432995,5.560903800183914,4.6906308915676656
8.244401446275322,7.9334099937581035,8.31249845868986,7.932149348864232,7.926734314163033,7.25277770396635,5.998327374282133,4.684768946877031,3.3757903205308564,2.0740079595431062,1.7571577496865758,2.3998386512839986,11.192257647700478,8.640504110394708,1.8345244108528647,6.773098417447062,6.552448641151109,8.155490271940714,12.909839512412837,8.959145032434439,11.23349926113414,6.458449419399235,5.1789817452832665,4.18119992915103,2.7978883608281557,3.183314630307879,4.0006207666091145,2.279468469871698,0.1342122638225246,1.1001030286380824,1.4426972879039854,4.828037997311254,4.398619476910845,3.762612836697211
7.080571942516786,6.786584811526675,6.95933298007376,6.590243335935215,6.65411838588275,6.153251057601672,4.035691860644841,3.3620854574959864,6.49720174842921,1.3174318627527672,10.133654398064825,-1.0691824767264029,3.828015638671232,7.1051591805292285,9.14577863434881,3.107839866511823,3.3113427557404873,4.241086002805372,12.218789603141744,4.3751705226779265,7.013630232569453,7.244794034449524,9.552548624267105,2.6833513378361373,2.0979730393857157,2.4703976167482375,-1.0456071602842163,1.6396573888219008,-0.1651635050887209,-0.10086594662659328,4.892649754854605,4.7909820068650095,3.963033325422356,3.0492591298073006
5.712656844145416,5.899711020748743,5.357699882954366,5.491370823718268,5.42295004025001,0.8415410008603869,1.2097640120430744,-0.8370728332617654,-0.8335437584162905,5.456449054818748,3.8573445599515925,10.732976124039075,9.299894780603555,3.4447639603205285,1.4307632789268354,2.0274247112533885,4.658614346377843,7.101696291318532,5.7211269865990175,7.247122883365085,6.321729982337842,6.238412474480214,1.1974693487218149,3.235323054297506,2.0140132587703192,2.5695954057642005,3.076883730535927,2.9363391691916303,2.0742649565318763,0.5184135775749128,4.31487017755646,3.79959715088362,3.607046331078285,2.7260343162805416
5.307155103350009,5.2379392127582305,4.688054222435984,5.279101668624531,1.9530827792669254,1.2643284641491361,2.131583692320545,2.207713126452684,1.4903707562959396,5.2115058906752125,10.119292312144676,10.17954105390548,5.102027589631444,7.794302787368472,4.40112650552547,6.656970397963769,2.263848037694132,3.0930536553618664,5.754262531043845,0.1288996802537836,3.4278049492754312,3.576504332200519,3.115247645252297,3.9897705221023916,3.017287489211174,0.5449762401391665,-0.7181096859974203,0.6290309494570429,0.5847250362850204,3.8776748999812525,4.648626571281114,3.6947925404561963,3.295510461641052,2.2907143796571767
5.127909660341672,5.017223151036197,4.398948612289475,5.043944828618993,1.2621679221984916,3.517582349295502,3.639835525461929,0.18414330659644454,-3.5657347541857023,9.936602557370293,8.639113021186098,10.725803597919784,3.548602253929227,0.571048713423651,7.413445071581956,2.599549306091772,7.346983992843457,2.5124704892477348,3.790305616816126,3.10740932676602,-0.5124435572908309,3.6722424369084483,3.551544825896229,3.655299280400997,1.469271441144912,2.313674381046425,2.92933838352259,1.9082770491141792,0.448426925987836,1.7175346975649304,3.7704970345785345,3.6642775879006235,3.1057790256500737,2.6818794835115045
4.074219818248814,4.664700537623366,5.2395096795768,4.029481744848358,2.417627484992561,1.5973583495542065,0.13850408028616523,8.218216567184555,2.9288812964501023,4.528303208091943,5.301972666005969,8.415766269954739,8.446316843471466,2.9941870307033716,1.7434071092305061,1.408390961727155,2.5158144703833436,3.952891466552264,1.5007849336856962,-0.2703256731624204,3.8106113725714716,2.0272338797527056,-0.3699772782795857,2.9683556092695333,2.433986025502646,1.951583008231778,-0.10620184511084176,2.5574588752170504,0.6201093703488657,3.6459970030621633,3.0552942824224085,2.812932655769978,2.67864915648736,2.054769242236521
2.7579487431951537,3.547864962307984,4.132283018710572,4.14805361642915,1.0661003831684253,1.1717837580605903,3.8482458369426307,-0.7896840506232194,1.5216203795221106,7.545533042439927,9.16789382876631,14.039731371752364,6.9677095862764595,5.7378208701148035,1.1362365912648493,2.2325964213535516,3.7022323679450277,-0.7009089758199268,2.2347938195762427,1.7665525175192183,4.484192481282384,1.9945227925841977,-0.0722280175938312,3.5838221977762545,0.3584546484882172,0.7206848147163752,3.124896197018253,1.5252893036545931,1.184876169219575,2.931606488547269,2.1272386818944793,2.698235614728158,3.54788955530168,2.212166617132771
1.6969411971606476,2.905632859598333,2.788741118683946,3.200307019348676,0.5067312562868661,2.100820461134261,6.047437550776948,3.9369873782616747,2.372914136236025,5.281758406272663,11.499695320981218,13.247594541033486,4.034400305216186,2.0636782074706232,1.528619814737362,-0.1678271623207987,-1.0185952734465533,-0.6663599238474561,1.9238842881429281,1.1101887088964644,2.965133604352179,2.908437494417402,-0.5145485859001395,0.25295194738922255,0.2606071645675972,-0.4905299845536318,2.377591540882549,2.5024307901079323,1.900920231089741,3.0779642677070065,3.5071725683787616,2.4590514172102216,2.2205025802510305,2.177335902315998
0.8253701985187473,1.4171651369744322,1.7206437258299851,2.1525603983017785,1.1483412357366707,1.9697179657536126,2.369671976395462,1.35261641179846,9.414405096983424,12.808411441456826,4.092127555664361,1.8874411592978448,-0.49974656833374415,4.841160453135447,3.591536059903018,3.229272974786445,2.4577770815580515,1.6542247318976107,3.2047761431252835,1.703979129771989,1.4823477259125377,-0.17645381440707358,2.1568423449273646,3.1297336920230188,-0.979770620794069,-0.029887286947052845,-0.04732136606006835,0.14497883109733914,1.7072179832414325,4.209645860409851,3.314418587950004,2.412371756506221,2.2090740380683402,1.173393079491183
0.5294776622588241,0.7200102833354517,1.6491058848776043,1.402131043217076,1.1794463419619645,1.2011776324270511,4.382667900154739,1.9902096074212405,3.622153733059011,12.06759757992139,5.8886410075613105,2.726071357449687,5.375510768102532,2.3844206377981525,1.3927136249077567,0.2801456719900997,1.268834492979905,2.0191666682314335,1.134525122205346,0.4310301382359172,0.5079111755156502,2.472707828621866,1.4704668145981081,1.3146492102580867,-0.5360671046558241,0.3544295270515184,-0.26058640816509354,0.9866364366832967,0.7519734232322671,1.4254920305213532,2.567717287830354,1.8082575467563755,0.9474126714884106,1.2333170522615076
1.1500496588466502,1.8948057314950029,2.351673799488564,1.770725412823441,0.5749010591499097,1.6735234809534176,-0.5283089109338283,9.67705705047738,10.168779003979042,8.894196949094432,9.135700614860907,9.397277314905942,1.5175778455754525,14.277585792322492,0.9700995691617257,2.7592554706710612,3.873793101739848,-0.42216613253339363,-0.6168539244429783,1.1890540693232068,0.49736774544819445,-0.28007164527634193,2.601400870621635,1.4540163866092273,-0.670011774039326,0.8211808526519483,-0.8211112252428207,0.40716937692046223,0.2439047307366793,0.6523929358590924,1.4077825982809422,1.1281036544367047,0.594670520314517,-0.1958734924370988
3.6144281265325446,3.7625499763357997,4.34565041062159,3.8683507652874645,2.15257730403708,0.5871553312862261,-0.6410196479987085,1.654052490864039,6.877991972790405,6.995914696941643,4.845234788091896,9.283962573379998,7.64163437858742,-0.184600875901715,1.2677704134484116,3.5004603023133543,1.3881005833504665,1.6998501976026847,3.2084923475437,1.2145663336675132,2.5657771513048795,1.6388722893287113,2.4858683918345217,2.113848094005162,0.9172813251757539,1.9530380579228124,1.1863688049036816,0.7436577492371498,0.79694484594978,0.9015773379439037,0.8877243641018929,0.45922815074371726,2.437733473722864,2.092507591073596
4.258505882099566,4.474907277716129,5.232194555278361,4.498201727035635,4.657942531345431,2.2752020347580357,1.2653217013551155,0.5613365040068812,5.91134184662008,3.884876349142385,12.11777910182816,11.483207671655014,0.10827553394123215,1.7951901041137712,2.38587128323865,-0.32001851086818395,1.957508903711908,-0.2219213421952964,2.797208260208772,1.7788043749304223,2.193354442878588,-0.26645730462954825,2.0603700386579766,1.16767028634561,2.6253423366324835,1.5099889077291058,0.8392557753304375,0.16932661379934186,0.23242142224847695,1.0741976588075965,0.7985374886315445,0.8612986517800714,1.159921111092357,3.691841610885677
4.298263324980468,4.980412586718352,5.065729967879045,4.6398152601472535,4.311126844987282,1.5579149444619587,-0.22123968838467403,1.891865742085005,8.573033890317909,8.246795533206607,-0.6486575045955673,3.8829612516918304,1.4140446507210753,2.8305199331185413,3.2730976406903523,0.8708988953156234,1.7078435892533308,2.299302588235424,1.2167948979986396,3.0763109178698804,1.6335584329025246,2.097987210920712,1.254759740169234,-0.4823254257460522,3.3200238863415623,1.1647343511793944,0.7416352332926464,1.3252077499817791,0.5714919948593166,0.5419634609490283,0.896576019244012,2.161117969190425,3.6683650467026085,3.5479056743640447
5.0882017587903885,5.552383083428644,6.020869032769395,4.973200558434063,4.80220278857368,2.6226529787787825,1.2147294101976212,2.3232068886757062,10.514457267111935,0.45017059666122966,0.723925856198726,-2.0871179467728367,2.6933518710185202,2.2440940728181142,2.150993887166242,2.2218449187826437,2.4261732894999546,0.8076118190637919,1.475603249357379,2.5719028968950406,2.5133829676188006,3.6735598855982703,3.569697321845856,1.9395823875469105,1.471334254235837,2.3286264897515467,1.6957254146472873,0.6107523222665638,1.029105209098266,0.574304111069247,1.076821018242371,1.6477376968930577,5.101939558632402,2.407925567400944
5.351534721273252,5.919245414350981,5.886768026419671,5.264395784744802,5.447879318600523,5.605139136112324,1.0738279822266765,5.678144814364588,6.846884466531643,1.8144183365047764,0.7767377147994796,1.1112822818508503,0.47037005674847643,2.4459366298070138,2.7881733363328753,5.734112176062597,6.251677422813973,0.689559218864411,2.0505830311627578,2.291184734392088,3.7037741699526916,4.782124749518022,3.362956626294958,2.915405865909224,1.5227495004192848,2.2342895741203828,1.3087757196456336,-0.17625361390010943,0.14560485631779094,0.6043503835831662,1.4992536840573136,4.420614703307796,4.127914293539837,1.8750072242390616
