script/wind10m.json
{"header": {"parameterCategory": 2, "parameterNumber": 3, "lo1": 6.000198445256149, "la1": 58.999992894266676, "dx": 0.5, "dy": 0.25, "nx": 22, "ny": 24, "refTime": "2024-03-10T17:00:00.000Z"}, "data":
[rows 0 to 23 of 24, columns 0 to 21 of 22]
0.7030955277756663,5.999657972725156,-0.20098068081404244,-1.6859634243340056,-1.991537297503876,-2.1795255368404884,-3.0281740900879686,-2.997695171627792,-4.6958810617996205,-6.0182935746667,-2.8362499659531113,-0.512451040584617,-0.614745440716769,-0.9882629629882245,-1.7847655246846605,-1.2532986161407265,-0.2062945718280374,-0.1902424942576342,0.12544937984554608,0.4489696468994246,0.4374039393613455,0.5418665757909119
1.067139518980319,-2.4968378630536847,-3.8064813048026647,-2.4873123232530223,-2.606319405630205,-2.8408470368394956,-3.2370862042510677,-8.203734945574356,-6.900803918622361,-5.086943140699002,-2.7312985576132913,-1.1355441584588986,-1.1979356424094187,-2.339677177811782,-1.4362729511737073,-0.8377431212373286,0.24273797871834304,0.24006054742150637,0.13753274241575467,0.3796621191134339,0.30103625742257595,0.272159540441996
-1.1368088849630442,-1.079641162827037,-1.4275764251963408,-3.1232999342426773,-3.6518049533817947,-3.220800339980262,-9.324427559226958,-7.611253137914094,-5.984190687630425,-4.710843225678319,-3.3912330211488677,-1.1875959982031636,-1.4952314437856935,-3.1471888762697913,-1.0662899568095368,-0.5447226504194977,0.09148429208543576,-0.9056648257811265,-0.20934215657161728,-0.2523641801237868,0.2257593338804038,0.5858365668113269
-0.516556700239276,-3.261782907256268,-2.039282405158921,-3.1290522660546713,-4.208964205932076,-8.978891870525068,-8.786702986161757,-6.6109318316136525,-5.725209227805036,-4.554188442687232,-3.2318095076373248,-2.0041124715901995,-1.4714382324205124,-1.3928247598141412,-0.8509429530170091,0.11303379187322772,-0.11810770250889047,-0.9740181594184414,0.4079641152451757,0.22037849970365062,0.28554471933468184,0.3927005558543762
-1.4659115052407392,-3.9223339909658317,-4.17902586160305,-5.710953861604163,-10.527717307614614,-8.745913689618188,-8.150242154722964,-7.079466654757849,-5.732953646268863,-3.9159303120818523,-3.4892715273346995,-3.3278980318031075,-1.7166184301269463,-1.5745426413188188,-0.24672523900456841,-0.02746888012916312,0.01181390542636034,0.7164882088721026,0.18255057554431417,0.28844016211569923,0.19033659042970213,0.11466587024978124
-3.629276249604219,-5.560939096463927,-8.173368361604933,-8.744259268302072,-7.53706880951492,-7.386926340068014,-6.685095315650357,-5.614455468908136,-4.983584105661897,-4.125535931772883,-4.636353647092237,-3.6590482643853646,-2.1497956504097866,-0.5622189266692761,-0.7199069189394058,-0.0951769642912977,-0.40294296737399893,0.5287766480541305,0.28596109677924264,0.3459476038137528,0.23552563633055273,0.04556716715528229
-5.014254719090821,-5.7082885098841505,-6.600140106716207,-6.855913770671792,-6.686115700409877,-5.383365812341585,-4.787468133494719,-3.7455483847664564,-2.6687353004352663,-3.530650024745098,-3.819424772227245,-3.378543998278007,-0.990009038750399,-0.4285895378176523,-0.09767919478837864,0.07352256941465048,-0.03198960544518099,0.2872460337990316,0.283301368079185,0.2656182967088602,0.20422512202664167,0.16448263778797834
-4.207126252887516,-5.680412659132776,-5.434766837331759,-4.623744125086113,-4.580317055249964,-3.8736066822699624,-2.77032584062368,-2.0950560175649247,-1.9921549864868917,-2.9823986740481794,-2.758023416854843,-2.6777137348880924,-1.9228301926032099,-0.8740609429750693,-0.272814210923531,-0.46459909046448417,-0.2932210613189968,-0.0851707543183192,-0.28048574173147944,0.10099074452497768,0.030416743862537284,-0.4368340334257503
-3.7304875581481394,-3.5563466930111596,-4.3661527512726215,-4.765722559691233,-3.842899594240325,-1.5089409517326267,-3.4826338421088763,-1.7556096654920827,-1.8831345515615658,-2.587714820215559,-2.3641884287091495,-2.0669441045241164,-1.8818527311150666,-1.1570996165132876,-0.12880273180010404,-0.1577054437549588,-0.440203527355413,-0.30115708092075555,-0.28727408242224844,-0.2903660669604533,-0.5358408199052952,-1.121760845037065
-3.3107411769005686,-4.019772500610494,-3.9131186066304062,-3.534517460204709,-3.0007095269594033,-2.8677323775828,-1.2120047924844466,-1.6431228484684741,-1.978453316053757,-1.7609142104574695,-1.3000323439742945,-1.1581289805311379,-0.7917328523521078,-1.0440395419523598,-0.9754683465795263,-0.6293986046435442,-0.3729795676380306,-0.4868296605000577,-0.7066254197706356,-0.7358135514953539,-0.9687320702962754,-1.227446078967095
-3.523390329930021,-3.5419939370181797,-2.9112526203673794,-2.9513151134095557,-2.666720598366711,-2.0834388766750034,-2.3605781153098504,-2.0256700704553343,-1.8058972031508576,-0.5198555154554273,-0.5725875503907311,-0.3950289386898882,-0.7486711597615541,-1.706633812058697,-0.6274056905898815,-0.9471219125466392,-0.8334599094602435,-0.8881598144661118,-1.1099454006533185,-1.274236666900855,-1.4445726083419923,-1.1323292537112701
-3.1698182305889815,-3.182879968291172,-2.8457942806609187,-2.862936960231674,-2.7497346589379013,-1.8483704639608558,-1.830136035407479,-1.1264238744615307,-1.123571533680603,-0.357259595724226,-0.057043835913238854,-0.14514331400514352,0.32675152489997655,0.06965834181432631,-0.861403215021534,-0.6608723618127482,-1.2206026814500952,-1.6379067028417462,-1.8331063903404738,-1.624275053190176,-2.4683675496802415,-0.6549819364751155
-2.673331326741606,-2.2668316762086764,-2.994397511866278,-3.172895794881976,-2.7535697430004946,-2.6067059354358753,-1.3333548879916357,-1.1460304598794637,-0.7312823652489835,-0.13402628357332294,0.5912311220137424,1.3184394024156396,0.5348956662647432,0.7416350716612596,-0.00835313131772904,-0.6410069173196651,-1.132473760697906,-4.368456943365943,-4.778903534577145,-4.292317143115554,-2.0570003969345914,-0.13499609717024905
-2.3546626772463264,-2.209436099478196,-2.4205125992888523,-2.7728680237797088,-2.6635063330362727,-1.7505238354804036,-1.850756069182312,-2.15668053622845,-1.4434742926998045,-1.015262253267146,-0.4099807834753208,-0.10868624981965523,-0.01435644263576154,-0.6448075592646849,-0.7902794732073593,-1.6231831781230295,-2.73182825938847,-4.4065832052478235,-3.389279475633157,-2.4100654165353825,-1.050976268531271,0.2279313801636404
-2.015060456792909,-1.9228854374673163,-2.3417685558151033,-2.438823439971354,-1.7903090035947142,-1.4238646458049729,-2.1939380755288167,-3.1778298200928488,-0.8996401262206725,0.08671343792296228,-1.0988578489355818,-0.4933771686665641,-1.5332145467610696,-2.7438292175831953,-2.0745956201282296,-2.801165299443281,-3.6921520987005882,-2.72372715725204,-2.1385924237362803,-1.4409270859187444,-0.5089329614947289,0.1567925085813891
-1.6653656927981704,-1.8287643184697233,-2.0355680295374223,-2.2121631059778566,-3.3101819837630555,-2.725984741820472,-1.1050552183111664,-1.2391829251942148,-0.792166933304475,-2.1327902238851193,-1.2728924759031395,-1.8804223448036679,-1.6394841164810348,-3.6984192629242103,-5.145484680333853,-5.554487867033576,-3.735183527858165,-1.9570154421509738,-1.094793160119477,-0.8189416398374398,-0.4592652313002992,0.22421709045953253
-2.401590234566481,-1.14715058492031,-0.5287123636349348,-1.034702642552629,-1.4257564315960742,-1.4717000687077892,-1.326412866351463,-1.2188402305869186,-1.5742408255119567,-1.8327237996537118,-1.6540709320464473,-2.044087466208104,-2.770856865811093,-3.505357446391799,-4.849125801285715,-3.794928426673068,-2.7905121878203807,-2.2797813818338426,-2.913788353124264,-1.4513470064851977,-1.0393435177400117,-0.20492231637142969
-2.718911891185038,-2.853142556455516,-2.0746461490326804,-1.1923886022966825,-2.1221266445117646,-2.2986336478907075,-2.5846344728364334,-1.7874095245382273,-2.3239469605272434,-3.1565003074545013,-1.9894700830525123,-1.290022864689716,-3.0251693935787953,-4.209542155029094,-3.1469657762884586,-2.8474083850282805,-3.395445963887012,-2.936633803909711,-2.7749207054537806,-2.8357395305704225,-2.180117036896631,-1.052601117304363
-3.879672094661857,-3.9586468708700617,-4.632469235436098,-2.4909100294005424,-2.239536165462273,-2.274754942129292,-1.7156231911551882,-2.050425764277356,-3.2149662635035603,-2.5369949659360045,-2.048984871076834,-4.20117481489242,-2.6319591484332676,-1.8256381830451869,-2.5411981087395956,-1.813373812116417,-3.4118517469330114,-3.794867897926376,-3.5019677075744298,-2.7816561262771176,-0.47555576684075584,1.216048454901389
-3.618675027481945,-3.236182566981212,-2.900386313717384,-4.32748038303688,-3.752581291064551,-3.416922298161054,-3.120684358247676,-2.4111732649810387,-2.5915010641123435,-1.962440192704162,-3.1940948399335967,-3.3089434323298383,-1.6227784496125028,0.05015926925938414,-0.17365419870835358,-2.19924667361938,-3.193453151701079,-3.5493409798097413,-2.3606875769228766,-0.8988104102980425,1.2693687884421065,1.2801950187596636
-3.9372558043067256,-4.412562627748501,-4.709299660265645,-5.069678802723784,-5.341681468145051,-5.61682172678227,-3.224396391207461,-3.2959522928244165,-1.7667842198895194,-2.2229479991594054,-4.15402407121169,-1.29556228698598,-1.4811646659117723,-0.9147786882902225,-0.8435713332350973,-0.5597464880023579,-0.7399851772008819,-0.19450006815907303,0.45336590305695895,1.5433188360407204,1.8689094733578937,2.108614373573045
-5.329671637541197,-4.412173201738,-4.056740048049947,-3.7844813178934995,-3.561877459817282,-2.533697491042761,-2.234354905893838,-1.8272702706712178,-2.6255487580995043,-1.6608444568687246,-0.9014257081248088,-1.7042437329929956,-1.6034773593664258,-1.1091617120505357,-0.8551828505184244,-0.47061007303667435,0.9058815461176231,1.7208446690540034,0.7618552722375723,1.3944842301254978,1.6244815443451137,2.1236942767150166
-4.228766112597635,-4.043012973316015,-1.4703587605770105,-1.400883117710173,-1.7425643709549579,-2.1267438929282405,-1.3176089221440883,-1.1091109331089843,-1.1233415693943345,-1.4945986656986339,-0.8657524842739209,-0.7261857354412825,-0.8306634242963261,-0.6055107361802107,0.3492324333920422,1.111559120707092,0.4891942012688462,0.5717391494575352,0.6972158932191179,1.1228988649554363,1.0474449154711591,0.966087972402925
-1.09125218521487,-0.5594677028004618,-0.5672380800034007,-0.9931838425893594,-1.1961561417695854,-0.7463686959127158,-0.8234120288778128,-0.18424642136906258,-0.0946743687035917,-0.447903974103657,0.022890701515073407,-0.5260700822265956,-0.6633797526675927,-0.17775576725420797,-1.022429193442382,0.1652757547928512,0.583768897111356,0.26510220930601835,0.9385017261135451,1.227888544532979,0.6753251210434918,0.34275834833326146
