script/wind50m.json
{"header": {"parameterCategory": 2, "parameterNumber": 2, "lo1": 6.000198445256149, "la1": 58.999992894266676, "dx": 0.5, "dy": 0.25, "nx": 22, "ny": 24, "refTime": "2024-03-17T18:00:00.000Z"}, "data":
[rows 0 to 23 of 24, columns 0 to 21 of 22]
1.6195900145940867,-3.7593238815554977,-4.130330371569322,-4.285025945055372,-6.8199121598283305,-4.93532518144056,1.6242037414882824,-4.082492355472463,-10.79358348446954,-4.161460628415249,-1.6440006833459853,-5.578401508148165,-0.9770503427476405,-5.956765635736345,-0.33754854662306893,-5.796524859992098,-5.400735075986631,-3.8344449010359076,-11.74467539409766,-12.357060403953257,-7.126713838321719,-3.3770369797484556
1.6398267369895692,-1.3878598454869349,-3.7672689503650156,-5.326375423891322,-5.3211469910212035,-7.552242116917153,-5.832976871233503,-6.72741651073343,-0.13056927681572597,-2.49548467056491,-11.048619289087139,-0.7567696527181487,-1.9819646476589632,-3.7569447114719874,-0.46244729888512304,-4.555500689595265,-7.971208686650091,-10.77574413087948,-0.1597530948521844,-1.6842929972916572,-2.4064523678059775,-2.2270406959960365
0.0660594800759742,-0.28583314874988375,-3.7248068934323935,-6.291550630271104,-5.323615413841841,-2.0194360378715968,-10.508975677925058,-4.46219664255428,-10.160320295481261,-10.077004740226899,-2.4541012853737274,-1.4877329107505626,-8.67580431973415,-1.3680901224985214,-2.3687373282391317,-3.6955320590171175,-7.143245937279651,-1.9079954420679381,-2.6198700976518796,-4.8608672859328115,-6.384961291333687,-4.306363679244104
-0.6662736203740379,1.3983356938104483,-3.4056767978032907,-6.394894382758597,0.23614950025694306,4.785975398809485,-4.960299644774412,3.3026075458010156,1.4488337135689497,-5.476631720527615,-3.4720676134345285,-10.284815222322559,-5.622135251792235,-2.181360801030178,-6.010147807795482,-3.6099762827185495,-10.346665697926195,-1.5801584022415138,-6.381788885134017,-12.587317800886657,-14.55583970596358,-2.0984691592508855
1.5487774498532128,1.501383769524605,-3.2900103812676518,0.6357206110988396,1.5343196781644517,-4.0772191872799555,-6.662779689587862,-9.476111451134527,-8.188680004588646,-8.090610438038134,-9.012240375615805,-4.324898014577741,-4.091568978352401,-1.396530836172992,-5.472310508197095,-4.054133857444014,-10.298796862002876,-3.1264391900599553,-10.179100176858382,-1.139442613678815,-3.198691819360326,-2.096636507390879
0.4526622982699646,-2.3125030390980776,-3.228690135980192,2.040679633003797,-3.5881691348515177,-6.188268973954527,-10.41208258033671,-4.118925634326096,-0.39296651528230736,-1.3392310187125431,-1.1029660127483158,-1.2106584708853487,-2.2373945047712085,-11.105723377377858,-6.232778235329024,-3.7781089442206497,-0.3362364367449427,-4.943048699336374,-1.7198253155177772,-3.564503314921421,-9.960397558575615,-2.707460220197685
1.6543557604156462,0.28738726815625504,-3.9236776037908028,-0.8160359238448684,-6.361871798022722,-3.5921929262959296,3.037951021386716,-6.89217620967855,-9.69656717440267,-10.067545654623034,-4.640719582470398,-11.18569292745133,-11.494025247875953,-6.860052233104158,-5.891200641756992,-5.142788182896323,-0.3956102658488793,-9.170076718620258,-4.232332585232484,-8.722920303972668,-0.9831774888301189,-3.2583731517525885
0.022168454932400734,1.5663712568739716,-2.953063838952728,-2.948964560591988,-5.297251408668824,3.8497017200464763,-6.488104632566909,-9.510875841739455,-1.6181159620860408,0.5182263312687778,-2.2052202971716497,-6.783288179600301,-8.928795625427155,-5.103167416508399,-4.345623658107932,-2.688936721190696,-1.8755830084334133,-10.62902382852814,-7.234380255282756,-0.19140824267120116,-3.1065496532364203,-7.727930709632755
-0.25057223429204695,1.3853562396652195,-3.8239316966567296,-3.2240864164996976,-0.646248571674039,-6.439610840629622,-10.570170837135397,3.28557839043827,-10.452435026680336,-3.229650514597414,-3.5007959424866755,-1.0970305349028846,-1.3386045184829796,-2.9648044957909314,-2.500524371508821,-3.7054654814002297,-1.8187925591440197,-10.799210729105782,-6.838634165536782,-3.137952778361373,-15.556316642831666,-3.3534053869406275
0.4486333088822512,-4.271080274146849,-4.086016854863773,-4.423102898884946,3.8225567200566135,-7.289551184559753,2.4260802519887945,-7.756467440623788,-5.308613410851596,-4.611132642611651,-11.419276345648338,-2.206316641340721,-2.537657960911836,-2.2696886806670213,-2.9791239631482638,-3.787980220231657,-3.854107795510197,-0.45057317903351424,-11.852896987898616,-6.141406316065914,-2.0358858024164115,-8.515204160199328
1.7078290927713071,-2.3781997446172416,-5.0506050473968935,-4.9384728366554125,-1.232897908485352,-4.246555599302372,-5.438586522520409,-5.884298151658385,-10.103440507694572,-5.371117826477738,0.4754411062443668,-10.413902937072736,-0.2080680800067156,-2.1010225813669936,-3.143215369193639,-3.5318151428299256,-4.554226949607396,-2.8980019576001244,-2.71221545818218,-12.573453875454067,-4.853990365851724,-3.202874083542831
0.9055506482285106,-3.45391148873453,-4.7917692330086545,-4.861635308480662,-5.69758007213278,-1.1054596632336957,-10.08874611992605,-6.071724302776328,-5.176716868285776,-4.672533595989483,-3.9243577262190104,-0.7530704468340936,-11.042752703666386,-1.2100533467502914,-2.6638304572201967,-5.840044381147035,-3.268579215491413,-3.174523819998393,-5.191517067546405,-4.51205747572816,-1.2036027097396365,-4.476380547310135
0.8911517009271772,-3.8938393710530375,-4.89824843178426,-5.721007067551849,-6.480596394065383,-4.037008572174099,-1.6302245428330389,-11.115586968647488,-4.641285743844437,-5.672842803151164,-11.367190236331476,-2.5485628458901974,-6.44458994666228,-11.441279533612681,-1.2448771116874175,-4.089601644234659,-5.887155853067149,-9.143150454663042,-6.777001499049999,-6.16265315011169,-3.4045438406133175,-3.7963103747744262
1.4800970357652639,-4.151638147655391,-4.445137802663908,-5.006146193753149,-5.291367924896981,-7.811661058264156,-6.0565681699797365,-2.114093863681244,-4.105948798997575,-8.584062580465371,0.7261549863459992,-9.435174737404937,-1.3121142682788156,-9.308696079665257,-2.6892165932602743,-4.233304184865981,-4.2088370470078065,-10.254730671302537,-11.202250105279157,-12.592855960128867,-8.00281463721433,-4.975556797294072
1.8509924682544574,-3.918718377375195,-5.090335655099861,1.8088565310069642,2.7905730597142506,5.08341806061285,-10.340160404682047,-9.57003970553462,-4.416313461522673,-1.1480962253024227,-3.4990193508403253,-6.37243812503141,-0.13301590126906732,-6.226060450071821,-1.8840416904544508,-4.548461258603161,-7.929729999102015,-1.8443431054468358,-1.4710438657408984,-4.286764853777002,-2.5145866662205085,-3.1537599131672267
-0.8075739832450091,-3.5668188910781202,-5.364926254629181,-2.67374491750118,-3.3423164579964055,-2.7192581987915525,-0.5036344486153488,3.407565557690048,-4.849955285788543,-10.124764386443461,-4.7255660471235945,-0.867853203420602,-9.714616078591323,-5.351098912594965,-1.929064968470816,-4.932374471411574,-9.634361465292343,-2.2647617532391036,-3.3595752267557635,-7.524555086369314,-5.343317788244639,-3.9859822358858863
1.7182302933877576,-3.432533484143418,-4.847862257644467,-4.308740913000562,-6.003757713310337,-6.4828258720246215,-6.720613344119736,-8.756359258821751,-6.36574471803602,-1.099230270425172,-2.44810288989258,-1.8018006152190642,-6.722857157137295,-2.225909218815413,-2.7874667112912404,-1.6296171809738489,-3.453963709435239,-3.8640546500320254,-6.876849022569782,-12.20531885380724,-0.4455290670615569,-3.148725711788975
1.1921596235628382,-2.4259378898600095,-5.684123126254684,-3.5688341357049214,-5.461161156751492,-3.16020406564413,-9.433778279205956,-6.227474034171787,-5.834504794044175,-4.286780742666284,-10.97436949232523,-9.40938567378717,-5.3616581741871645,-2.317431987969339,-1.8177729806607812,-4.152469227045088,-10.191539963352422,-3.5847232199670387,-10.476454088818372,-1.388973214825579,-5.58594823251626,-4.419578130030075
0.7804658196010991,-3.4465419984078194,1.448149137270742,-5.17597954386266,-0.6898136586472058,-0.3028068273550653,-4.931586907130879,-6.575333933460411,-6.774222807773155,-7.653652067372317,-6.887884575271141,-1.7647313666050914,-3.7747464763295873,-1.403279031023696,-10.383655488731888,-6.359524392859749,-0.8201024280490905,-8.716499831720478,-1.0903014212455333,-6.162607033736599,-10.21740789258528,-3.072524600567111
-0.440470727339605,-3.590246797698482,1.2437903848245695,-5.123333807187207,3.4711751917041727,-4.6168214590871175,-6.411163517256147,-9.691730361220452,-0.5335263789878807,-1.988693731965862,-1.5246045216071886,-0.671845156975989,-1.6142050866789133,-2.135985005059029,-10.3557446031313,-3.959340299398259,-3.9582154948364163,-10.873006978063074,-3.383126174704689,-12.176728010333797,-3.348129315806033,-3.589505838545343
1.2194364787354055,-4.63088728293395,1.1422334611483451,-6.300807113104521,-1.3305829757687755,-5.349068304911824,-10.07201045446661,3.381087673320028,-9.848464948391904,-10.666235913786243,-11.588454596809145,-11.703266128247405,-9.968106903048161,-10.002693370597166,-6.108930617747267,-4.56889707170951,-4.002084737593909,0.5508499745533916,-8.039388309341678,-3.075270747333208,-6.112643344063691,-1.9922188991363952
0.4451805872750487,-3.941989625777641,-0.16347035336160073,-5.02340891887725,-3.730073277521082,4.907892864160413,0.22286567924106948,-10.12106188235462,-5.187248809117634,-3.2325460785146043,-5.420065812776429,-7.124817896677402,-6.580440765563139,-9.975815253285896,-6.305830231489503,-7.629114619248823,-2.7640823081774126,-0.5477497664448465,-10.269877913259533,-3.784002144338778,-15.053366988208426,-3.589143072570716
1.1224528341213431,-3.668460331255447,-3.971138859575399,-1.188901818817296,-6.93520483477623,-3.6575715805359805,-7.059845445329907,-5.7233731769016485,-4.099916249932869,-10.451879524711833,-1.4131356167756444,0.06035911223518318,-5.563498746211229,-6.852965310456989,-6.199023907379856,-8.658163020280131,-3.9536953921668787,-3.9621384190469278,-1.2120405342986917,-11.94868969457657,-3.538959786835254,-6.412450174911175
-0.8734185076551866,-3.8964959672700923,-4.387760025988265,-4.223030962584455,-1.1138089396732946,-5.994895678154284,-2.3647018508416173,-6.655004984930979,-4.015230921475506,-0.7046268007597,-5.183460029897466,-1.9009371593780704,-2.0030712861813385,-2.226326366836186,-6.109157084689435,-8.559313624088437,-4.73759451148152,-3.765896559364753,-3.218160542554673,-1.649908203959069,-12.627503341682191,-4.368532364266387
