script/wind100m.json
{"header": {"parameterCategory": 2, "parameterNumber": 3, "lo1": 3.000054539987559, "la1": 64.9999836372058, "dx": 0.5, "dy": 0.25, "nx": 34, "ny": 52, "refTime": "2026-02-09T20:00:00.000Z"}, "data":
[rows 25 to 49 of 52, columns 0 to 33 of 34]
11.056321109249977,10.846258914968006,9.985226532378261,9.31831336403366,7.90572935855581,3.248252645477045,4.723656946102031,-0.9459994126855891,0.45826703798749807,-3.2734097729755467,-1.4277055837360368,-3.611574783039185,-3.5789419137623906,-4.099833535959044,-2.762737055815846,-0.6011019227631852,0.07292873961539678,1.6652248550366744,0.9783490579455207,0.7481701200134837,1.246806012571225,1.2508188715466997,0.8365155225840096,0.6409123327737052,0.7997564261882263,0.6135986099224917,1.1498982415519212,0.6146678981025825,-0.2600395075265856,-0.15892893805241648,-0.49064199535583786,-0.3420393904298127,1.2929421713091842,1.2908082704129278
11.077075222010848,10.663384147646392,10.13707495766532,9.603948569756227,8.539144141165453,3.7531189566580885,0.19909418230383,-0.3303173913008836,-1.0574849097946293,-4.356736051713079,-3.9667397563647313,-3.7602413528886127,-6.506897077494904,0.11635421074003327,0.054854100337728126,0.6092790454234338,0.9498878200526332,0.9220809602330383,0.47782214302425263,-1.174083086789682,-0.11434854328527484,0.6853154197671926,0.564440477165099,0.8943936547956476,0.538299867065069,-0.00956167551733412,-0.46752838272217656,-0.25521368209064954,-0.5905352587450275,0.30106861499175425,0.6292162312840861,1.5977597271350272,2.0186465347603018,2.139016063994477
10.42577483851414,10.302769115780317,9.623892546808767,8.50756804290323,7.058485589018427,4.614135981713864,1.2221561369872598,-4.902263321160508,-2.0351785754996787,-2.9143930996675955,-4.204604349653737,-7.664024948486132,-0.8857485722425098,-0.7141150020319048,1.2782631986685187,0.7110682093915772,0.8352784267014463,-0.1969303160863327,0.6534660022109714,1.228829687109664,3.5595877990459335,3.957135955837784,2.410156792838386,0.8738590131800079,0.35811968296373736,1.5828319024620234,2.0938858719516555,0.5306911729198449,0.6534891045039951,0.3235972677751823,1.6930697998224775,2.1096793560333387,4.190437927470447,3.4618843270659005
9.786353984847953,9.772272625716042,9.245398438071618,8.516731274683831,5.925983067280341,4.3977975648918335,1.609425458311432,-1.4283760334892495,-3.3164834667509915,-5.257805739692341,-7.606233674427255,-2.8135254486463572,0.1505220178146002,1.650439129449411,1.99062411965227,1.3854627606723426,0.5744961645982931,-0.1145586303225228,2.467543528004694,3.326401595657767,2.9116211500039446,3.283195387676212,1.3420532375800256,2.833318626951201,2.239473390217502,1.146712504515261,1.6019008956929235,1.4253292449737007,0.4885427002588586,1.874373614344333,2.2141906724082574,4.884118081706794,5.555594403311195,1.429744676431576
9.603240769772913,9.26500745767891,8.991012989670713,8.689400233841692,7.692534823773514,6.288261384939609,5.3761223559203595,0.9350282832578777,1.7447515445375865,1.1951390528738053,1.4139051122601998,1.4062013206636408,1.5907799764946733,2.496626625883826,2.48334640561113,1.4478629197423583,2.170584322331565,1.702512585526466,2.265558612786351,3.8442227170414025,4.326459019553809,3.8767519400747723,1.9008001395425977,2.0726357120962042,1.962184629966381,1.240369077048127,0.773054412791622,1.8543934902462924,1.3434525943943207,2.137679225553161,3.271474142160943,4.957114815752624,1.9248914140540518,2.528499338315187
9.784558038947752,9.074947102175924,8.560378545871849,7.963844251229278,7.881488883762683,6.870070593192003,5.273718212873087,4.694475597100718,4.084910576408257,3.833701928590619,3.328152237987162,3.0918096545648224,2.0571682759285537,1.4836903982763492,-0.05529268548910428,2.850942380962122,1.2560809692263077,2.1300919500099877,0.7856598556039255,1.409440489536518,2.2520268279673403,3.1056004750979693,1.5315290154219614,1.2654472371828114,1.6811566676614624,2.842652024798225,3.765089567105917,3.474497359592495,3.015864949305448,2.3283390142500373,3.732779172459677,3.8900570466207136,1.0183402663320495,3.0318031229157056
9.656428958094263,9.030597499519734,8.001669107263812,7.384769527600173,6.572012141757016,6.401750308318488,5.6216043488372485,4.792449131554317,4.056669027178989,3.8802300913812404,3.9662946886607555,2.9124168643406056,2.651565547459652,-0.20471875892187144,1.829713433270829,3.96117551236575,2.072066799115137,1.280304242441484,1.3250853389455994,1.5823479289946791,1.0853577287617315,0.8743307295702611,0.9104856557625505,3.909349527730066,4.692606606974623,4.552113261709697,3.861440659335665,3.0173345084517513,1.8939059154231987,3.74797884027538,3.3642397017024352,2.686778449791378,3.223406026757888,3.595391099307368
9.54790014140073,8.967734559036124,8.374765745068798,7.35289483344458,6.350309002599949,5.59069903823884,5.279688051002942,4.749191777723731,4.181911348669582,4.120424209127106,3.6339920094726708,2.4552089209043544,2.4219453184974604,2.92748034212034,3.195978674407298,4.766712150350674,4.503357731332907,3.406764331099681,2.715686912341284,0.768724966516916,0.7913601587779107,1.5635957930664401,2.6664495448270316,3.0977049641707,4.731440241565417,3.3167795089165706,2.642843920145457,1.2453953413746168,1.5698160606895433,3.9013427949904416,4.205241768443322,4.427959754171322,4.289458208502829,4.243364451737118
9.676827435328933,9.004428095106174,8.222310308600045,7.522709109599606,6.796699304278382,5.916822662696735,4.994499013639376,4.36595924970162,4.052624124508712,3.9689302275398215,3.700607453199271,2.2285732387042123,1.9321430387523961,2.2228680186645984,3.1542968132645113,5.0094592820238315,4.856413273734865,4.53542176128181,2.905379244100892,3.5025453604330927,1.8189118731851672,2.1622265127500206,2.0160973610530286,2.6133540689220305,2.9367982650344606,1.619505894380999,0.3225560955619121,3.138450391102206,3.3809879119890804,4.51622919621621,4.9699651081584975,5.4593033280858085,5.450903156439652,5.748572899831309
10.490810635751977,9.55929399409502,8.369541785549513,7.682328357113086,7.09129523834537,6.246396782304124,5.554029278379308,4.89378853924176,4.459472948221051,3.2945321608370257,3.3417812354930643,2.8008371747925502,1.4553532471578434,2.087171388864587,2.73303999530842,3.638925888578958,4.794916750420049,4.369662042629128,3.268831903254888,2.0706334727754827,1.5005541287134625,1.0275510245069555,0.573779059506109,0.7045318067172128,0.3558873008426012,-0.3701815528727269,-1.0333875823449599,2.6911990191271373,3.6911577196737455,4.9093240347557225,6.063015987168342,6.505484891934081,6.735453793678897,6.141039180999405
10.136126582130514,9.896319261284953,8.83690869907301,7.721306477425681,7.285234008186556,6.638722015249616,6.106393978659219,5.375554016994787,4.3495615359849475,4.29138021494485,3.7208968089607533,2.8989970825620577,2.73036178110985,2.8690605225349177,3.3667072331460024,3.6127653805880473,3.1618795976621232,3.7324118151070005,3.088315115138278,1.921070752290936,0.47448810805929315,1.0128636838332372,-0.10614792319640795,0.10853785825720416,-0.0959050236129487,0.1976471140650609,2.898534211069872,3.272614261920145,4.417305647086816,4.895151520388541,5.915982885886136,7.364754804719851,7.705042327120246,7.202721052152271
9.750312546343286,10.08210376004417,9.207011492695203,7.9679519030593235,7.519081764375065,7.119223106024807,5.9947333753603065,5.847226880694495,5.161399942997645,4.370911266692264,2.994284951389411,2.9457605711866703,2.79088443094898,3.301326610504696,2.681134292256342,3.389404902715585,2.764564488087708,2.3143205602329653,1.4656012543059334,2.2570762505956123,1.6886818874749476,0.8351617930574763,0.6081784175582192,2.9284966518002222,2.787998962800234,2.4920988290143504,2.667791123574642,2.9559528488815103,4.725453351085143,4.465524454403219,6.144519192221742,8.36727300997984,8.883456714185737,8.035824024545388
9.84336708408278,9.826000426059865,9.431318801330745,8.36910845878883,7.868090074613911,7.643119034742719,6.408541795294099,6.005296407202374,5.123362041150097,3.8868799606955524,3.844121291916675,3.011962795905067,2.8959046566870716,2.644988784681895,3.2997848704527786,2.913885412472672,1.9568228142954247,2.180949544798207,2.259767334467192,2.1549617617296533,1.2643727288212758,2.6419080359137683,1.3752814860531042,3.1430343889326857,3.473706229633637,4.250659662670417,4.109763469653909,3.977791554982333,4.466731077365688,4.78373644603856,6.664144885738392,9.365005109677133,9.015198329198517,8.145360301644107
9.628278672879533,9.533771448566581,9.480036990161471,8.688359310921648,7.563366963308131,7.453963229252558,6.982949537308419,5.927918520183628,4.875713111903798,4.161957158549845,3.402078369440126,3.311502501245936,3.1644994413526795,1.7234063849632872,2.3947107481992593,3.835959216305414,3.5641259560865373,2.5762255410483896,3.318774835138267,5.351123558616811,3.5936184803800906,3.334613916184829,2.3697882985543512,3.1628513089462458,3.480412701267349,4.216034977834062,5.090978480182642,5.304876511948075,5.800099886867971,5.1515707639554025,7.483136081808135,9.75854648594049,9.107323116370754,8.84359932412242
9.178516482196093,9.568377411129063,9.08425921139914,8.757492305528897,7.767819082121433,7.247303966292685,6.446165870563702,5.995410146464419,5.653242845405368,4.918846487329808,3.657976820388218,3.0335518946371214,2.864028085978622,3.3358231456214518,2.469822730292175,3.5569926872261353,4.895447149103708,3.179183746539149,4.25134745553415,5.819628334084587,6.0686760990016335,4.752335202278893,3.941152309270391,4.173569136970672,4.23105582176687,5.932674453724412,5.806866625224592,6.0205465600771575,5.826831866372604,6.44280966629686,8.179875089556484,9.671362613381824,9.582636200087679,9.152364795711112
8.779984476007968,9.049898317052213,8.659942737392413,8.306742000114893,7.8231488983937885,7.094442252492382,6.62306648978309,6.252276482245734,6.006445859647638,5.9095777293965055,5.229292213048889,3.5923727886117525,2.815294377618231,3.9413453755997048,4.45215664564647,3.76766738614933,3.675793216454478,3.159523695510842,4.783852216485167,4.679701918598926,5.552738104540401,5.536534519917029,5.240093604037886,5.431492530369899,6.05508708821178,6.7933475643020875,7.049294500966281,6.268377394465634,5.806999094383936,7.113893852951405,7.7396890986386415,9.39590427912423,9.802137701463597,9.247132288564844
8.13417985875792,8.234263627445115,8.194266498923206,8.026788967988455,7.775242374106695,7.591166252207502,7.085366473288403,6.430117680337034,5.760787297336968,6.121312890285801,5.6153555048810135,4.6953760139170395,4.079654346071491,5.0262207038722995,5.043905279098671,5.045547995071304,4.845957620447274,3.849671056477972,4.102039807958597,5.2731111947124205,4.592924862625962,4.330568304009557,5.942784406281744,5.875398320957067,6.971300530735144,6.843722748767094,7.650184358601669,6.414094179737401,5.024099549504562,6.775034242173167,5.307196210901956,9.214115439113945,10.257082879225399,8.53937790395842
7.866516668520212,7.289588402290817,7.291530116158973,7.883275465580636,8.332836651185493,7.074464027272236,7.1666890619528845,6.959224806344858,6.080787540369088,5.886235517626516,3.821294680247248,3.3526989131515155,2.7387293265677,3.4619314075500753,4.52694337311946,5.5189808963027,5.112214956665633,5.863181327446352,4.811248351973882,3.135893407874188,3.9208132804445266,4.162053533381048,7.584191848115395,6.225512058529557,6.143837987566711,7.559763517496345,6.707873839181971,6.005023247805098,6.016324364735085,6.293206633239029,7.972265915475606,7.353286188000281,9.97520343328854,7.305870600341508
7.622976367200546,7.62332750576698,7.477156590835525,6.935381643807336,6.710559847693002,6.4839948374169225,6.31764043027559,7.022847052079499,5.838779097354543,4.778298955287259,4.711990205614096,3.9654119388858287,3.6786359829249013,4.835009597241047,5.373420692924523,5.594201513469681,5.4871264432464315,6.058104786149023,3.486413388758111,3.1985359496907115,2.8851858517464706,3.0305478775711285,4.921249948557433,5.323543852698727,4.574900383203018,3.951990093403916,4.872370092648857,4.720090293390862,4.6949728064620215,5.219355076621719,7.039133512305107,7.599255867663617,8.388254228709465,11.976070635615242
7.166508917196872,7.807409289436753,7.213104199487011,6.942926240884547,5.890781138756075,6.445368743859898,6.111936882841374,5.949624008576038,5.720612914901952,4.910685201663544,4.557360182987163,5.412663239573186,5.1482667284557,4.817189850807586,5.406685326272217,5.162002222806193,4.89095826993016,4.754316782274359,3.8688713872380145,3.701442449947024,2.4688504148977746,2.957617609390665,3.5010275318178037,3.4525836588461187,3.2869807709899135,3.9764559888893025,4.074809586235016,5.294983703269598,4.811444330263853,3.8924841606157936,4.555054255657368,7.545245081179407,8.808703936226872,11.47533324846896
7.244963402251861,6.809286930765241,7.500629755729654,5.667765120412644,4.634951017067762,5.290827167581539,6.171557823226378,5.012935090553681,4.307331547922191,4.562468535167964,4.685552370123385,4.0393216732486845,3.965644311965749,5.162959510215713,5.722786191934112,5.5957830454317445,5.781178801007284,4.777071710483953,4.110236428890083,4.04130087946621,2.8299754728235667,3.4583990122147332,3.743398534583993,4.489467855883203,4.438588640787314,3.78383888216084,4.962189030403649,5.015757022108014,4.4313123167982535,4.016516128516355,4.073302492498239,7.057730575956944,8.681291936837448,7.449241496419851
7.659651547732996,6.5380059836225115,6.783062461178763,5.3585252312523055,3.7474350644277687,3.2285694609760758,4.514582844991422,4.302726016369783,4.519737070424896,3.7964296802644144,4.270872835008576,4.042568869183091,4.297269597084217,4.334397332700664,4.8796754770332,5.071141284018469,4.3646761658254105,4.455589896268906,4.633593624540631,4.616409563883455,2.867642396426415,4.700901717625944,3.9991703057762726,4.270112514945436,4.07619626766893,3.8035975028286155,3.8947596619689464,3.708122153062352,3.9590129700154626,3.028021531350472,4.060512788646184,5.868040991474455,8.453013682592138,7.697146084632014
7.859705088719103,6.7562323416351315,6.974986029407881,4.644271889351494,4.540997871292711,3.164729803527011,2.413399144143996,3.078531719566645,3.858304013005671,3.814376440824941,4.105391930329305,4.778087989782813,4.936355002134021,4.847683263249872,5.058264934856823,5.159830239123154,4.111554700773895,3.941655937518661,4.779565326702245,4.551530607939292,3.2369032049280704,3.329104993499671,4.10252765760022,3.6435335233195376,3.6633374124175857,2.903221808834975,2.8399690492345693,3.452898177924641,3.5109497481041405,4.151182021032698,3.949226601799129,8.700037028895636,8.329571926067167,8.473974594809448
8.186611822094227,7.163002370009515,7.567497209550805,5.01178267879259,5.9325670603626435,2.6788431627051823,1.6936600486709632,2.1488705407861057,3.3657786669251895,4.074460763852542,4.472157659959574,3.960975776418168,4.381435472168487,3.685762101955613,3.760050848209082,3.8792208390308676,3.2776274592287566,3.7643331586291446,3.8668272654232823,2.624980443412017,2.2989402658308467,2.901839345495239,3.912637859888654,3.4654600880610746,4.443050670150395,3.6031957448962557,2.283377408995595,1.6925522142456466,2.809580310040288,3.614702533195256,5.062372612836343,4.5247467184160435,8.25925494721791,6.699216537544087
8.570165186779787,5.75406722519792,5.268731531236799,5.2932565514315595,5.638153350721001,4.343904754753585,2.1915289316880524,2.516210555280821,3.455845236134484,3.92332610963643,4.295963756082418,4.310391362423717,3.7271564366423138,2.500799188203924,2.5471199389746304,3.8975916852978356,4.248830177891276,4.166023998367973,1.9624240194675124,2.1102695151886603,2.6856724128599145,3.865386553050365,3.491734540081798,3.462523499507416,4.465633446982312,2.8051270129112154,2.200113981020194,1.172331468737784,2.322032461659222,4.04837943108574,5.619708077933969,7.7966665882722195,6.406017321333215,8.021204791207538
