script/wind350m.json
{"header": {"parameterCategory": 2, "parameterNumber": 2, "lo1": 3.000054539987559, "la1": 64.9999836372058, "dx": 0.5, "dy": 0.25, "nx": 34, "ny": 52, "refTime": "2026-02-15T00:00:00.000Z"}, "data":
[rows 0 to 23 of 52, columns 0 to 33 of 34]
0.9010554566374085,1.735675486284147,2.3255700237894095,3.3177899867062273,5.0556609407230555,6.252003424481036,7.20045187952239,7.268378532869668,7.944597452766256,8.30332836091609,8.74794241656291,8.897387853127134,9.28372746884231,9.493506573045702,11.387104769347179,11.721555398128162,9.660939802854726,3.094834990832665,2.1474501494846634,6.9010868767517755,8.020528853388564,10.130527921742022,8.823694399114826,11.2647258745476,13.25938140188162,11.853966265472936,11.153883291163119,9.749203810850105,9.426981828795334,10.952537104436418,10.820273812963343,9.02688703084983,8.391276308055195,6.990037255909808
-0.21101380990266175,1.4263926290100108,1.9562145503236446,3.0042554929550604,4.2959521423803055,5.61485357126857,6.54989541864064,7.390054060591614,8.044492868788774,8.192452978070362,8.158675206636921,8.213674365733441,8.756363347030335,9.176612538247708,9.265723627143826,9.948635938775269,11.27590274022417,9.52969945677257,12.026708754089023,12.803291234483641,8.65062282119084,12.429141247371295,9.116781550382045,12.840597927897795,11.651734304971558,11.937750841949448,11.633833831601978,9.961739255485236,10.139155589834301,10.326528509372928,9.895105351446771,9.254193935310209,8.387692294324498,6.435457341590921
-0.6732575260238539,1.1830003813498604,1.8556342452999495,2.710711850818008,3.7778065708047683,5.073926505423401,6.684734793083306,6.976796423928382,7.495430759457324,7.615968558635473,7.76971855077262,8.004723857124873,7.138522819180112,7.568490113858203,7.528549564787391,8.338972792846203,10.954647162947618,10.343433087965069,6.919511771469144,7.561371332547928,10.7023439321354,12.802716553188949,12.590857858591418,12.278369046793909,12.907437544889763,12.222257270197266,10.657145379083762,11.882312414445073,11.759176708944906,11.454390507245565,9.463400996314647,8.189591418021068,6.781835543241721,6.5086995330745525
0.10540960524269208,0.3678216976996527,1.388091685274029,2.7523219918165895,3.9198564103041553,5.536065885919226,5.670106724013146,7.51222047621233,7.306328417595149,6.858409931226555,7.079606653781439,7.018406152591508,7.386032540780752,7.246044478670517,6.389935218905647,9.090783403175847,8.928215231099486,7.996795353101751,8.298260714408737,4.780332718065506,9.162403041147009,11.59306399062883,11.580527968068324,13.197698191790577,10.222237823516197,10.839920270654943,11.655158821080741,10.868101991244474,11.63656211832602,10.169897902440301,10.420090337381483,8.609254458780791,5.649965035349763,5.8730465373311125
1.685038097574984,1.8058873523630192,1.376771723338857,2.95908943349889,3.92777331229582,4.908554319844118,5.571296479856816,6.068058256571333,6.660896074737541,6.393869277456956,6.238762947299404,5.990426559489356,7.480290648465132,5.110327918638282,5.788087107987072,7.1310045759964895,7.335400764253206,6.3479831685611785,6.964949723982915,10.209150389220339,9.493551711156805,11.395535592292086,7.483940369392987,9.66241888930853,10.618334212275087,9.643931948009383,9.964772546035286,8.713892765735675,9.642348817403908,10.148355686094604,9.95002344608134,8.12326308405829,5.247942022125884,3.735753245401436
1.7057322878984638,0.097119143185368,3.6426076169194057,3.154426179125175,3.3554740245350767,5.652653300264749,4.830115464910207,4.737976149513501,6.122643747033977,5.906947399708693,6.117315827554477,5.9809983235805815,6.171960438856919,4.070884907045126,3.7261482286804095,5.568499315039105,5.751715099549551,7.348626149705135,8.63749260584269,6.334306612704355,5.5765678450317635,8.691309915853578,9.08884201589731,8.332795367065504,7.585113209445851,9.829534968976752,8.62001656552727,7.2222492651633745,7.418403362117282,8.57894623589522,8.137736013821694,5.5826231332396326,5.842554968817942,2.7091280624858634
1.6095995011468487,1.6471678139635988,2.3503760699970213,3.7342267484624836,3.607237041576077,5.264108188698589,4.6303595844506455,4.321633547707948,4.210523521885076,5.1937473670391965,5.98389273124182,6.714243847028966,4.706907677835331,3.307264424523379,1.9235751549002216,2.9896100560840533,3.4552797115641587,5.42880285056778,5.901762047358333,7.161490147644034,6.327701394064044,7.722584890473947,7.151420331903865,8.634716426689971,9.00501761581287,7.514907394475554,9.339706077673439,8.735669207283959,6.70974939754476,7.8665971300072774,6.391683928776786,4.968853829056755,2.2861663994923376,0.813929728255712
0.8844096246190951,1.110516929325907,1.8436458994645473,2.7028089204289767,2.6129519488913133,4.143185214797575,4.464140910745837,3.04878887808426,2.547791566614705,4.0163997008815215,4.341549839719902,1.4759589133720985,2.6484440389733486,2.093210226199666,2.9059800033745735,3.939737178691084,-0.6025145997524839,3.5745368503118153,5.264764206747194,6.246699366488895,5.813073603231072,5.763526419275126,6.969614310539689,7.181567898162728,7.086374131063912,8.10005559076139,7.779897378430099,6.496408237601459,6.0228555628959946,5.6588539738277275,5.3876524576281914,6.632219819797564,3.525378194196528,1.7744321142583699
1.6292335115427552,0.8750216126285109,0.4519790846971389,2.0155183636538934,3.1356733479270638,4.255664460708054,3.471430252145535,1.563583307958956,2.996608699750474,4.535881899903893,1.586688105127584,1.4610633032265232,2.693496096233045,1.7707756542586164,2.1159692066794924,1.6726428945545397,1.0639976598135974,4.387053461602408,3.6174094770225667,3.457282302246981,2.4384545960035733,3.065784806742575,1.6514067343194552,3.624738055051846,5.4219633474983215,6.220410324706171,6.004396976947721,6.500268341112975,4.399696809123669,5.735564944516828,6.699722198961885,4.890367936006816,5.384534401942929,3.809072115917097
1.3871441145279952,0.7867681208620612,-1.6676066351215564,0.6059261955613561,2.175596461586449,3.2218192112231123,2.3988466958850365,2.227322018233824,1.3372572703012888,0.4418310581194449,-0.458152869366563,0.389819334447989,1.8524457741885847,3.5433753464521867,3.45027879277491,3.458297831319903,3.937725317411787,2.899082406931723,3.9665831263386933,3.743776791017042,2.133905356119385,3.9496685464197605,4.894902164552144,3.2532186573853923,3.951390277457191,4.565088940687367,5.0178839117409,4.836502886054556,5.671387736065214,5.716348224711563,4.88312344235919,4.079374520189652,4.8992575138097445,5.548619090757896
2.2305207651095422,1.288031337133901,-1.0951831331625268,-0.24526234328090063,1.2199536571432505,1.2386585148497948,-0.4715938003966501,-0.2860806125564528,4.3299588559173054,0.9689568928518649,5.728791949438083,-1.251232412314747,4.915960619962804,5.681135290496465,5.58898274983018,1.57015565302376,3.337287609306915,2.6731511959882868,2.9685290802091626,2.5677333177438784,3.3173954819430533,3.3913606935535516,1.0639950992011578,1.4852337567834604,2.0031289283091525,3.376148469975813,5.4687679488457945,4.870478294272057,4.856333532385919,4.961355867505251,2.9569681436017587,3.8943621345231403,5.148469876532946,5.8751728021143785
2.9794489464344176,2.7925324527198083,-1.615575898871725,-1.031436850381037,-0.8821703562066723,-1.506640846217767,-2.046279260314477,-1.2255510608325029,-0.5446683900684317,3.4143864502735664,2.0248402478999687,3.6930670498072535,2.5192666461609874,4.837217384958488,4.388964758472134,2.018594148956974,2.4568917899375142,2.545736769871079,3.1986347993279867,3.4435789034788407,3.973409676275014,2.2741646680817884,2.9158150035057053,0.8872603072335317,1.4576454207551228,2.074077373213234,2.116301636019561,3.1176736459588517,3.3016480738389014,3.2581430675353085,2.765965627833714,3.961145424363996,4.4035264715492675,4.694751986419733
2.7037822587081832,2.3646122145731634,0.2714212315936265,-3.6126065681571453,-0.09438723987556544,-0.6205977917179238,-1.0837050469343215,-0.22035390467754015,2.087422127770239,1.8894948753956948,3.594317614781147,5.2529265005057155,5.7858079980315,5.275547552021623,1.5986989952118353,3.96727286740409,2.1458368462863326,2.3645138418016014,2.849432290130307,3.7482463145960576,2.247559164694559,1.6261266250600543,1.0535841464036197,2.1771533704435386,1.3046420301606376,1.8924049347582985,2.138105569003075,4.345805603646335,4.231491372073,2.7160842945053134,2.5679323148242017,3.231498230218492,3.6605765564629014,4.702493318145381
2.1627557596647704,1.7354849929601244,-1.3630657173037473,-4.653263922964753,-0.023395450441045594,1.0237079001188814,7.326914201896967,-0.2636064580904502,4.529551240344208,4.97769722409355,5.290969768305973,5.717996038200906,0.7458943023179304,-1.7799754722926735,3.1771371028227953,0.9505298455190202,2.275257363047649,2.2780527189314803,2.626218195542652,1.6239123640151785,3.9294350726389613,1.9840502543949365,2.3969774223802194,2.7843742191882725,2.175465603107878,2.963614487780482,3.055941568290753,3.1198688444860405,4.9662049402049275,4.450590942927926,4.240853478773894,3.4009636704780797,4.362517394284736,6.2192691171119545
1.9831306995531346,1.171433609820043,-0.9813265845934469,-4.095145957368115,-1.824089002732384,-1.3024907299056516,-3.862068344841883,2.8452758161021547,0.035413609069182526,1.4078476718376762,2.1281265257782183,4.007090329834718,2.125809442855495,2.198253594186524,2.124920375885673,3.603662919670287,1.8584329572669605,2.486632676529312,2.9520723500338137,2.065760710065206,1.0553356246335601,3.542681214886471,2.5638787269574603,2.3014901282616678,0.9647443778924626,2.9886024416742973,3.008218015167773,3.070972399129969,1.6036961760665864,1.812188514178528,3.20907733157106,3.9211382646161335,5.730743168711,7.07864094489784
1.728374290039698,0.16720750445238647,-0.6820297761351786,-3.8185822588544323,-2.9420608365146377,-2.3631254523564387,-1.6924193515213197,-0.30331044216227954,-2.305397332910818,0.7492049348719473,2.0422144113288705,3.384667866719295,2.9116446306432016,3.055273760653079,1.541057192597412,3.153397304723364,2.754276006394761,2.466845691630221,2.8848768132486833,3.872082285802309,0.5950359207210699,2.595598057225764,4.485504859203444,1.8421947987921994,1.100635126487761,2.542958180676962,3.700599175137569,3.5153801387185935,0.48825028712680535,1.749763207471387,2.4196365226103502,3.84625917549,5.318425920067967,7.008671908919572
1.1679449023252768,-0.12942439754589832,-0.6992427106623892,-4.2893113861693815,-2.924637440376451,-0.2142091956890024,0.9943238986805198,2.040702775168553,-0.9337670738215486,4.509285810193338,3.545486373520997,4.233734606411655,2.4149140351842524,1.864470536757953,2.1930873334536787,0.5487937464807366,3.680003429053983,3.231448986518579,3.613543559043111,3.8161977724628118,3.668748816773132,2.615759363436275,3.908766704827663,5.278253390304202,3.4001158577057025,4.207034576770069,2.802790566003248,1.8544040731974303,-0.033954994699882085,2.7461585219727183,3.7542689879856854,3.3878679371209555,4.61627742465989,6.896149181884702
0.45072685995402,-0.4657119862662909,-1.218457892841901,-0.8316313408794377,-1.6190231466998692,-2.0343517147226016,0.5649139229603014,-1.2689462383361467,2.9493023312516193,3.7211205942634917,2.0621714731841716,2.827487644122552,3.0902867525774527,3.240006254133934,1.1834367956098644,-0.11133786953813443,2.620026798994367,3.1520739516480103,4.188032647772038,4.347998790962188,3.7888828236277146,5.588649996727735,4.244405156024101,3.3836846473329616,5.976382019412143,6.001206784273893,6.542548709647982,4.401508573226769,3.2356218211043446,4.228016094834872,5.949947754922983,6.905873613492754,7.72853596331705,8.623955588505833
-0.12046478097861152,-0.8732943497870181,-1.0545753290476445,-0.21903393647480152,-1.5142408016356301,-1.6951972595470495,1.186533914289808,-2.338077087589085,-4.819568051036302,2.3927401759262077,5.344030823798041,4.30097080094003,4.8179533680727,4.314358643123824,0.19296392807885493,3.3663301796504075,2.87227957574488,2.766471249216158,2.714611849126078,4.746228555083406,3.36616094294996,4.15732987134266,5.918312492114147,7.310284791203683,7.849713423647549,6.734832910762531,6.626834888906554,8.924243629301714,7.720361525443877,8.188326793124073,8.861179676656468,10.603964089145363,11.111381360108817,11.138551749507792
-0.41854508378259186,-1.5088254630166291,-1.2538402808605573,-1.0408219731872734,-0.8415087594755324,-2.433162654537856,-0.6316384372354337,-0.6091544039945933,2.415442591420096,3.8112968729402708,5.901924594815672,6.297902978908501,2.795789205992411,7.624178696882729,2.0712650876469536,3.5452813625665707,3.1064661965730402,3.677650067919973,4.177027757437344,4.970798923735139,4.685834572584562,5.876060815642209,6.6814011018159,6.113317820528011,9.07644956756047,7.430700650856029,7.1360097591702365,7.778198737108924,8.313065707274754,9.599221672252101,11.510018581543045,13.104528980324583,13.194843495351499,12.199735668314148
-0.7595836892038562,-1.4172839898470049,-1.352036504626226,-1.0801405294239996,-1.1264505170429902,-4.531158512767045,-1.3362657342940423,-0.9176727581733253,2.0996529157015567,4.180164398425438,5.142302846783561,8.279612380356237,8.661810854729314,2.6197242842019777,1.433635770046109,3.0358999902137316,4.040583501398714,3.8121286828539165,3.6507251461675123,5.0121074621066395,5.123198847609585,5.297498327829836,7.297885653567159,8.807049269895089,9.465269649759941,8.858697965845606,9.545536710951023,9.23072760331909,9.83362096202069,10.696332419040665,12.04354340565266,13.388525246594435,14.383727382547523,13.484239483749217
-1.1282997526816403,-1.4734450447060348,-1.2805358280445214,-1.1304668965940423,-2.2996269669463065,-2.571253083455148,-4.976243542864383,-0.6221289457081544,1.0084869695351832,0.011447169549883052,4.24353141870204,6.215589347237746,3.3373247727187785,5.711155679140231,2.3449661780959374,2.542354183498741,4.741755958881724,4.406203176766549,4.008317430023357,4.353771921002061,5.593882380722622,4.9984297860313855,6.885112972720777,8.130740121566236,9.211335804406177,10.160891770048545,9.20104485765936,9.236769665117817,10.13669745386714,10.459683214494012,11.761571083156365,13.604943333221616,14.155278594564113,13.137710286426287
-1.0531378869502475,-1.8226924748381539,-1.3688650677906986,-1.2124456322736028,-1.908410783538098,-3.4614984244776443,-4.689335379028243,-0.5344907314509126,3.1541336332741863,2.3454551431199273,1.2168730008847957,2.7008428609221116,4.933710674257015,5.330177515483704,3.8008064576040574,3.5225180246343943,4.837970127393937,3.929955378761687,4.387429017105432,5.243909524202296,4.414032615470936,5.326341215785626,7.055020220581231,8.14402939196753,9.661805893911996,9.52524371988353,9.816911342670261,9.612122964706034,10.291420270141796,10.287685402875704,11.903847138364803,12.754545545611544,12.507212246179146,11.931051887675354
-0.4124138966812697,-1.7107083107595527,-1.6290132683120062,-1.3284865650732278,-2.56731242693945,-4.626155560427298,-3.6586440809656717,-2.2744511498562443,0.4680071272890955,-1.3130868023002624,0.15730995585260443,1.0713632124413455,3.486937497845594,2.562762738851426,4.167579513834687,1.931635972910286,3.8155681467524327,4.92443052853771,5.070622179749626,5.580640965559083,4.404235336049317,4.992414832205019,4.690639232140383,7.066634384095594,8.652197150755965,8.52366877456046,8.639709703326538,9.274885932169523,10.340573313324548,10.929742176498788,11.029691572473228,11.004169071868125,10.553188825695932,9.924259725187834
