script/wind10m.json
{"header": {"parameterCategory": 2, "parameterNumber": 3, "lo1": 6.000027932988019, "la1": 58.9999434238085, "dx": 0.5, "dy": 0.25, "nx": 22, "ny": 24, "refTime": "2024-10-03T21:00:00.000Z"}, "data":
[rows 0 to 23 of 24, columns 0 to 21 of 22]
0.25872404197481547,-0.8739876569030004,0.7740760460200476,-0.203777996513578,-0.14645298374026694,-0.567423645103659,-0.502708652035806,-0.10546233015641676,-1.1254632003249088,-1.8732117360306817,0.659196327803816,-0.16165755781779206,-0.959178662948768,-1.1289799451182392,-2.145441732411952,-1.9273175238434932,0.5375688014813395,-0.024456705228451777,-0.12347167577129953,0.2737146441521447,0.24431393261224282,-0.48166179279159504
-2.4415376729878226,-0.013272623198418777,-0.04803605644465082,-0.10623525973500746,-0.39778683937084264,-0.7756907842467933,-0.9936549939164203,0.003524727410813053,-0.45774995818251035,-0.3606943706143026,4.090215299150742,-0.0528970133986337,-0.49413701422430173,-0.0744340281334238,-1.1509932146781081,-0.8164882899999973,0.21789073050032495,0.0015393687874496868,0.09857513687973851,-1.615122726306346,0.492640954124587,-0.16177188559850766
-2.3146088223623136,-0.014226643446893552,-1.2025427817826382,0.12364051488928536,-0.5091425273331266,-0.041612879708272044,0.35975396834650786,0.5826652546796661,-0.4504398671318662,-0.3407061948660949,2.9563852709688088,0.2486405471526625,-0.24289019817806085,-1.441791731818298,0.10015365023922054,0.8381155512877945,0.3426612472819478,-0.7280234775462006,-0.5192546862139745,-2.1705331884296717,-0.12463239259967905,-1.2926526501467983
-6.957391630751215,-2.174842518524427,-0.3384057827398831,-0.3214262970284808,-0.7820070708138978,-0.141068306931073,0.9106545449626006,-0.03367442404943615,-0.7434364182422794,-0.6852424615415313,1.636456448047261,-0.01903703204640782,1.080699806213186,0.6295695822992471,0.365210535500082,0.7358923429103807,0.7192702029997599,0.06326236206308898,-0.5908937286962634,-0.28781486042217974,-1.260184576691099,-1.187121484290445
-6.88890621123744,-2.5759192937868,-0.1525134889008401,-1.0207593235925978,-0.4359339426638827,0.8563904848502987,0.16287949976702823,-0.9532665186019693,-1.267086307706909,-1.2157700899572703,0.6019876216299991,-0.9416004974809005,-0.5809850304433862,0.5166825226137494,0.8055300640727241,-0.024341272241252997,-1.17049711686706,-1.2697477046998342,-0.6412837288175667,-0.04855697926201734,-1.5741227554649835,-1.6535116602998916
-5.286314737984047,-2.375593887626014,0.4352928690858717,1.8519435971853981,0.7246576685429055,-0.13305189419860092,-0.6440782886884985,-1.7446380756367414,-2.027882468322519,-2.0101868113350596,-0.5996347619088526,-0.7265835415542422,-0.9456604424199513,-1.052692395199732,-1.1979134555361555,-1.6743300682638536,-0.09423280141912127,0.8464898981740218,-1.258032915100017,-1.2486221713256946,-1.6421295569828078,-1.6885716261099057
-4.429712192914686,-2.4908056761504422,0.8397399740331938,-0.3219954847013736,0.26148969285404955,-0.5663163823324513,-1.3989934330577174,-1.9882431203840891,-1.4083244720781334,-0.38856616636454183,-1.7177991181872976,-1.5198648004442565,-1.6165231651549217,-1.0668998353833343,-0.9147452559730866,0.017104104726438266,-1.5228449133594364,-1.5780445860286114,-1.6570440875409906,-1.3010598724856297,-1.2941127160831651,-1.72000635264718
-4.336491444961392,-3.016690105606064,-0.741342194308061,-0.10547850113566258,-0.583419232210962,-1.2281807647097014,-1.745983095193962,-2.5122710067802405,-1.655248865377442,-1.7039841927692398,-1.2058816502519876,-1.9133138326885653,-1.4290609612433012,0.15741108586788935,-1.0132207165765417,-1.4151663239570529,-0.8789553597700973,0.07616341991235157,-1.3152963354291793,-0.632390743839005,-1.7820596332860341,-4.327992194905133
-4.424903677906526,-2.528437568875955,-1.9987876540274103,-0.30889285222759094,-1.0465656221396276,0.4076391623351128,-0.9993515894969018,0.5837283214920641,0.28912778570404246,-4.139385821938484,-4.587974160096794,-2.21449375127326,-1.1258060465756594,-1.7171984758015855,-1.4010063483541066,-1.4013190373246804,-1.237168949207848,-1.424926995359053,-1.6452061215106764,-1.8502068267359368,-2.365277284135156,-4.0070345202837245
-4.381736575078049,-2.219313166144048,-0.8361298445564351,-0.5886720686616036,-1.1841054579242196,0.09725114413501566,0.36872861651626027,-0.7652740658560805,-1.4048006213021003,-4.55500866570115,-4.4843498046286285,-3.317686654176759,-1.912331339755192,-3.2115559190808214,-0.9272781490426544,-1.410575726653194,-1.4845603775747584,-1.4743471033280302,-1.758294053258438,-1.8566722728694642,-1.966314849703133,-6.263013900065714
-3.0034363562484083,-1.6431406761197975,-0.5970123598294361,-1.1678316193212712,-0.9526162173634412,-0.22181138114377774,0.33774948819060213,-1.6616112438601838,-1.7295774168145845,-2.6544313065429614,-5.055521144890841,-4.8475165954518715,-3.0041013374226813,-2.353252750740278,0.8183753173396091,-1.1624930160591396,-1.288909583735223,-1.3265782301727138,-2.1314839768220577,-1.7453953016254422,-2.387728242952214,-3.01672876573811
-2.527690870778934,-0.612565683473557,-0.821960349421464,-1.5973684713062424,-1.8222817156508246,-1.2699516646821454,-1.3078537866232491,-1.3845356667110944,-2.3427377848264745,-1.8878476249288223,-4.942421661171479,-5.619244934627919,-2.282741729044318,-1.2331215145383108,-1.1950039560937828,-0.9896247106947382,-1.3941012023393808,-0.9613201515605708,-1.858442315879369,-2.111959155690377,-2.991470790437758,-8.071794482798154
-1.2096028127768679,-0.5659355328182822,-0.664937149522046,-2.335493421343351,-3.4301980993593704,-2.695059070909709,-1.1430919523288718,-1.2401994155318952,-2.2948561236596077,-5.009710613768855,-5.252301788790992,-3.6895538345167,0.7428945763356248,-1.7656877984954393,-1.2257495940834329,-1.4365479492287,-1.6634168772515632,-5.614134177506198,-7.988456419254658,-7.492109865339538,-8.698887963597526,-8.949637310757472
-0.4934186453165172,-0.5952659902072253,-0.6795092315783426,-2.7595601962328025,-3.8103997851889266,-2.1846011902046754,-1.0408827686526314,-1.4677742608570195,-1.730419609248638,-3.6452940422228206,-5.067337326220742,0.480025723414081,-1.3805802858281784,-1.6216876895204182,-2.5632144873336156,-2.6065052950328527,-2.3800427295733524,-7.966876157416036,-8.569195931826641,-8.87380373832576,-8.734102021341716,-9.513159667782798
-0.4933288197506461,-0.2410673949009242,-1.402318151026413,-3.004328161156403,-3.7556738977700843,-2.065628185392551,-1.9757649355276437,-2.7558249636254923,-2.721396930545376,-4.876049543287609,-5.100634180757784,-1.5940009549280052,-2.2017481650421917,-3.721758436240082,-2.6311876531643876,-2.450594871484454,-2.5912594385149523,-8.269306084562492,-8.840812547039054,-9.861384801896763,-9.314827116261265,-9.932184847748884
-1.4654298316794658,-1.222831095253488,-2.234385268405909,-3.6189307636680854,-3.8072807908271833,-2.816002125064285,-1.915118643002383,-2.627762570672827,-2.3231401809613326,-1.7390381328779947,-5.9883741326855,-2.3644317895177602,-1.5652165545245638,-4.844688989333079,-5.566596384882372,-5.994886707270091,-7.0105122065989365,-8.646379704071427,-9.057982406356,-9.58069205586353,-10.150074306019407,-10.069908795319614
-1.3743113284170865,-2.1191562252482754,-2.9143872712175374,-3.6721005847739487,-3.8373582467198104,-3.315374863535131,-1.8918949358161927,-2.150873923754383,-5.03717284814406,-3.0021038211657327,-6.384319985803064,-6.661171985938065,-2.9530619227014596,-4.520337036873587,-5.895664355699628,-7.3651090131243135,-7.757440362645773,-7.792596468392087,-5.4995588261119375,-9.576398934299505,-10.623162208496554,-10.033787313185279
-1.8956114547143588,-2.39490810544726,-3.2929968047548077,-3.482652047099203,-3.7576148516262067,-3.1216318400479377,-1.3612314218547434,-1.8933370941207612,-5.797144587666575,-5.973011997654675,-3.872792313072366,-3.094335066938087,-2.793978057432378,-5.147316445859941,-6.827863539576977,-7.802967997732306,-7.9636783550256744,-8.771619282729066,-9.510745968376098,-9.941867740844604,-10.136076795857807,-5.918916482276023
-1.8680039252075455,-2.376079437657064,-2.8277294540919664,-3.0813686716638085,-3.7824434785386942,-3.119631359258583,-0.8700948366342416,-2.2589142338504478,-6.17807790931937,-7.0962441963624405,-6.138126465806281,-6.536897423317781,-7.548879402862515,-6.1644026514990955,-6.446271222705893,-3.9084041761535904,-8.69360922260272,-9.33423854268197,-9.57437410490479,-10.147631255960635,-8.897189889567159,-1.6623594410174773
-1.8462510584784229,-2.795172739027089,-2.869183050546672,-3.1654389445781512,-3.1572378227240008,-2.6339437087018824,-2.3190472712959345,-1.8154028271194487,-0.2000748761064266,-2.0155460880983584,-3.211502269691961,-7.497198998744092,-5.196297224243346,-2.1850985525141975,-2.18598253818742,-7.052895815956707,-8.964373696449558,-9.559766906148637,-8.750747019220697,-9.341545325538469,-2.1693720676139505,-0.06371805331584565
-2.2179739380553727,-2.7057080295238443,-2.417958874773856,-3.252096830414586,-3.1695648298607386,-4.158589732356122,-2.1591730553947195,-2.029650225204974,-1.1460622153514595,-0.5337466105649815,-6.118123744503369,-4.367880120950359,-0.8825579238780362,-2.2178125124313346,-2.4317511098850293,-3.712381766522844,-5.879981924211423,-8.72602479687218,-3.7484018737279037,0.5621594152747723,-1.5452940937571473,-1.1856636106686864
-3.283331816049619,-3.1064629880388037,-2.9280531678691886,-2.6723740108121743,-3.9365012863923923,-1.893565709031067,-1.674777159202111,-2.1918239259680123,-2.098773631176858,-1.74539852745357,-2.6171021379509596,-2.342144434121429,-2.186982936922155,-3.09261035526674,-2.887002018979166,-2.9683724096487247,-5.107084630779936,-5.683688023102844,-1.0850522346571254,-1.054928269399895,-1.8540399827532212,-1.4697943459933789
-3.1831932481428016,-2.3223757484243004,-1.242269172887728,-1.5247404639611586,-1.7117725270433746,-2.6601745576149094,-1.9045234425072937,-2.2650746708470617,-2.3928930483136766,-1.8887550038352057,-1.7379137817260837,-2.406029358676003,-3.3727543679356424,-2.6421779142062065,-3.9819462524923064,-4.092965662960944,-1.6905847018994167,-1.279922712652308,-1.8775783417325924,-1.2254067475292498,-1.8054630234579465,-1.71233322128728
-1.4168114017940392,-2.0721783502383033,-2.3894446810640955,-2.28822217019788,-1.7152560791397216,-1.9757896581460772,-1.9689328758216054,-2.0472181493275254,-1.807869563779838,-1.5998665019629317,-1.6986736724902443,-2.216732632458278,-3.5321459257241035,-2.659929619306168,-3.2459044546724476,-2.8753470752424803,-2.973102996082383,-1.3361396965685788,-2.8222420949466036,-2.2126282167927704,-1.702940769688285,-2.6662020758441214
