script/wind100m.json
{"header": {"parameterCategory": 2, "parameterNumber": 2, "lo1": 6.000198445256149, "la1": 58.999992894266676, "dx": 0.5, "dy": 0.25, "nx": 22, "ny": 24, "refTime": "2024-03-27T14:00:00.000Z"}, "data":
[rows 0 to 23 of 24, columns 0 to 21 of 22]
-15.188705560592938,-5.507545655694105,-5.5183484624342105,8.436721367640377,6.9840411508242495,-7.884241318612307,1.333442147014576,-4.120388058439279,-2.9841922328925867,-7.095437427564582,-4.77787894811535,-6.546108440488044,-5.524493660298787,-6.229884537187144,-7.525787621654556,-5.150635588418906,-4.6011906713800395,-11.145735050228012,-3.9099996703168767,-3.3736132538343795,-9.387319976919219,-3.594687331296422
-13.928194250723552,-7.228169825476953,-3.881971057189677,-4.13714093357881,1.499931624907559,6.09775703673378,5.466487052174438,-4.933293405431054,-0.6914503152225284,-3.487383427075925,-0.11178132325102477,-3.9280857052365175,-7.464233406318467,-6.820725285925634,-12.129809618806911,5.316978308278838,-1.3226765018604323,-3.7986733137376265,-13.482811939838475,-6.519641245217811,-15.238013278353536,-5.972354332777487
-5.2421850223700845,-6.469174241953173,5.104890344502506,-3.668782383407037,-5.342614089782169,-15.478172616460041,-4.883024098890614,-7.433573848612191,-5.013577094455659,-2.036717251593069,-6.914160041336542,-11.552376241878509,-7.895148305996072,-5.274312159643268,-5.464124583727865,-4.981160690191678,-5.765114131377478,-4.4621783558856505,-4.999965389064452,-7.076587916017303,-4.472256985567424,-7.295663200044936
-11.524709706957417,-12.588538550021338,-11.352788791405313,-4.941973255577773,-5.1317813693150525,-8.321109218082709,-5.625926740499834,-9.118201766816838,-11.553863401889242,-13.539655178722224,-17.295571196360413,4.533643836499129,5.495214746624082,-3.6935131850995635,-4.145288412212415,-5.4318810645968,4.127707582175819,-4.55369481632707,-7.0300471385497225,-5.103579162238485,-6.287243241908903,-4.798914372268371
-4.966508164631489,-10.940696576659041,-5.257286846296936,-5.094247036764531,-5.238014878540528,-11.30695893839135,-8.953843358391323,-4.7522407351009335,-2.1088132920107294,-9.532241454995008,-5.72912492915815,-8.018408413829514,-0.38005171519257896,-10.223691727626973,-6.08209213764913,1.2917200103038167,-1.9734001573066906,-6.499099038214465,-6.443048981812691,-5.220367071452143,1.9507666362214005,-2.3276255855770662
-7.228275454923622,-4.502912722513669,3.7691631311876943,-11.878286599523081,-9.544280347660044,7.978936326222333,-5.032956670768336,-9.411340024155706,-4.334275694859635,-12.113096377714763,-6.978307323919116,-4.684681732557926,-7.687326780226149,0.7157173877076851,-8.728490665920075,-2.8075362604200502,-7.483835636989318,-8.849067695938487,-14.45908411037489,-10.34685077496066,4.297388636323148,-5.5267443521925985
-5.849203812382978,-6.021242402829695,-6.454832591125668,-5.317011796066077,-8.129133724499557,-8.763862778798888,-5.8305704055653464,6.365079618914614,-4.399560816640093,-3.618851352054843,-13.5812647790008,-3.606016852151545,-4.502801448865303,-4.311995041823274,-10.700631267958787,-8.58966337682813,-7.459045727801104,-3.2191400835065664,-4.237129851417116,-9.75277754252128,-20.09215380223148,-5.247957224475257
-10.694906957284068,-7.501633396763923,-5.068061529901967,-5.98296045212741,4.392594057810924,-5.755227446083217,7.343178061046975,-3.854995123441037,-8.955567921539648,-4.951103709138777,-7.299634371904668,-8.512122495760067,4.149666057193045,-9.716474678131576,-6.517308334595252,-5.304867948507446,-7.149960756507689,-3.9353498761534493,9.256302101430197,-9.199480877140754,5.632362370945282,-5.196866444111753
-9.691655626069853,-6.64602119816688,-7.948855646799474,3.427858857322519,-4.772438576760182,-4.488277527696301,-5.272725841167617,-5.555748839001854,2.542653713874045,-13.320192054448212,-12.802693312422436,-4.061111580886677,-5.805580056962905,-6.898630123670271,-9.260303848882334,-4.668951995623604,-6.17150444537089,-4.634060994201241,-6.3706041920671135,-10.31963464380508,-0.20362640137435634,-1.2920383069768209
-6.876610214398807,8.64351396706348,4.599231087895581,-7.7706566485113715,-9.903305032323244,-4.824179701929996,-4.360165661008326,-7.8012742966040545,-10.702846385917193,3.577770998110493,-4.657694244017988,-10.177743542959808,-3.9821595987058456,-6.804381730584701,-2.873369568398389,2.1825154945855703,-10.843717011218041,-6.122450420639279,-2.516731676971645,-9.58258245474938,-8.935003931723775,3.6206442278068014
-13.718493767917764,-7.436622974906945,-5.45897482423633,-9.72181706523867,-4.901119210513088,-12.434065618893133,5.967563129433767,-10.686966483658745,-2.5248466764724373,-13.188557772604167,-5.6419596538754435,-4.697221275531256,-6.7286198136904725,-4.327770084647774,-5.766542131051522,-6.669513734250505,0.27722374819170303,-5.39429916919451,-6.532313415488277,-4.800019769664431,-9.511869001165783,-6.808012160854225
-7.981820687686497,-7.460293763357706,-3.999079049706057,-5.897545965499434,5.995292977751664,-12.396614529565975,-0.7358934137913051,-5.286990479900044,-11.746421718792568,-7.616190564844309,-5.916814081230739,-5.381721516619819,-2.4830656165389016,-11.067932253556895,-4.3081459053358,-6.077054176574289,-6.828297514918606,-8.953488368851515,-3.8673257289229634,-5.398975072646782,-7.020046829496464,5.036655977427556
-9.821821892386462,8.87612609621077,5.296470013671373,-3.913454155528139,1.5982191139914712,-9.597116428511967,-6.237002434931438,-4.688153369867448,-9.75504857774613,-8.804961637708766,-2.85118202651612,-9.773486400087846,-8.913091502633224,-3.095453443571902,-4.7583370971890675,-4.724689040991643,-7.318855130946686,-7.129226822791036,-9.703154186284157,-10.609189438933551,6.311956626059296,-5.130888007006426
-6.476429997315156,-8.992554256585349,-8.048949970076029,-3.155674320746985,-3.2387697628045835,1.9500417427014112,6.928764780380651,-7.141182444455756,-9.174882348539153,-7.447116426820616,-6.247089854277566,-2.629479915066536,-1.8977482563349062,-3.8635143376649252,-6.341378046945001,-1.610964843263814,-10.958399115845072,-7.9266014002134115,0.16483244407811357,-4.9686091241896335,7.139340389144241,-1.7591587291088184
-5.749573469312021,-4.195515853791926,7.496281392299372,-7.153625753555207,-6.553863989532568,-10.790321786043535,-4.641663332039981,-3.5129908045616074,5.906819683201663,-9.48101644284306,-5.676766988718236,-7.364972117193178,-8.950821004512042,-7.524213324232321,-6.160803540663339,-8.995111760246587,-6.667392499699832,-10.494877548292537,-5.608928237356308,-5.309165748019055,-3.73147564296847,4.747187155791156
-7.812894842147984,1.8630142016279614,-6.108767358704175,-5.17582119469398,-11.816440759427755,-4.9045546213028395,-5.047142478544685,-5.680942225072687,-6.212570050293027,0.9876483817142021,6.9156532880467205,-5.71546804052075,-4.160196626261426,-9.53438137216149,-5.558715724339972,4.858732462705823,4.416145761066447,-6.713518611044487,0.6393320844804364,-5.836224892195155,-9.631250456159062,-5.926293699027494
-6.004392021277335,6.774663685124854,3.9793455805923448,-7.499226646234982,-9.445802247287759,-3.1211240003765193,-3.46324345590557,-4.729335352516674,7.124902359411108,-7.3834897103796555,-4.6941518234248765,-10.24198847808128,7.11342068673666,4.53981019770346,-14.134552857295322,-6.895430633689988,-12.554974514340552,-8.299303928689012,6.371708602952751,-4.394824476092842,-5.161555849199728,6.18515518675315
-13.212074875411783,-4.261259919994717,-3.6197312062639644,7.385179433713591,-2.233914332797631,-8.685344357525803,0.40780000391335325,-4.922603280704533,-5.9585404189966615,-6.055106178263179,-4.27413905548935,-3.048904065156956,-10.469701969698338,-8.954859827223675,-14.931958191820257,-9.70498161815526,-6.33694494839684,-4.8328867507988145,-2.5072180584466244,-11.265165489596825,-4.054720997695487,-8.09007760771348
-17.697207897372415,3.7417135641483954,-13.712248183482618,-6.227359164929898,-7.660492046573409,-4.347770664363665,-7.480980516859653,6.193502394698214,-5.529488028049892,-4.938123118104108,-6.70906822724979,2.519382348039412,-5.188953419472061,-7.617948169172032,4.272513494486111,-6.605199586921067,-5.083685441728935,-7.71754544085889,-6.154038001273147,7.6900537314876845,3.4972059837612366,-6.044678182648964
-13.39438488401259,-2.826327251187739,-9.072453432160806,3.8385221325602825,-6.169970015649397,-4.917725984441865,-4.82521978153584,2.509956142589638,-9.47538303578797,-4.277237907326174,-2.334437495750773,-7.099930427472975,-5.668266853281169,-3.9066530726575306,-5.031377989807578,-8.565130383452285,-7.810397670463797,-4.7817723081870005,2.1814859201927037,3.126470252905167,-8.529275349214858,-10.971670532118331
-6.001952228915005,-7.895506968772493,-11.912889649547731,4.674392841270965,-5.716048371352096,-4.749438127556116,-4.448949171668462,-4.213646153643312,5.865272691071995,-4.331590749948789,-4.133120374176551,-5.850683149422866,-3.2524910311872675,-3.8276020881025308,5.745237875222144,-9.104124011766316,-4.045027550914479,-10.328906333266577,7.401363515912606,-4.887108544330847,8.533934394584616,-4.306371610893466
-7.000450324908309,4.583646517388064,-11.257868249582613,-5.7550068219387205,-4.516673522221541,-5.774757854809307,-9.050922850939537,2.531908386880465,-7.867177789542064,-6.174189153417957,-5.868938646209458,-7.484962158256069,-8.595429584332523,-2.1577851878514096,-9.151503991065606,-0.9717446447318937,-7.193049881965297,-6.8566927668096405,3.8126987605533715,-6.201027529030309,-3.7187457292053288,6.9633285470202075
-9.472739418227674,-4.6754734435672995,-6.467533101253799,-6.661798003034004,-4.787448378249286,-5.8139153713441205,-9.613157004007755,-5.358675098796616,-5.8076753525432485,-4.69159773642834,-9.529834455835369,-7.971777404734167,-7.316412430354362,-4.214316725663406,-10.514741406322353,2.7991597519002474,6.526963779333201,-5.929307224018532,-6.102141832753061,-3.8211609985063246,-4.43584009042861,-4.882125939110965
-17.665517061167375,-2.2298542897511884,-7.337699692604638,-10.44212442981222,-6.168645094695036,-8.899403808696519,-9.627190747395419,-6.186365061249529,-7.811216287937013,-5.7090407803490555,-6.985033325640032,-4.438556574137928,-5.483445038591423,-8.85759274106604,-4.796878316965318,-5.101971438038706,5.255644130000501,-6.617160970921897,1.7403959731779581,-15.040265337395565,-0.21269035311377718,-2.7233185099669712
