script/wind250m.json
{"header": {"parameterCategory": 2, "parameterNumber": 3, "lo1": 6.000198445256149, "la1": 58.999992894266676, "dx": 0.5, "dy": 0.25, "nx": 22, "ny": 24, "refTime": "2024-02-12T18:00:00.000Z"}, "data":
[rows 0 to 23 of 24, columns 0 to 21 of 22]
-1.8729832443799077,-2.4499791485565856,-3.6191991550521467,-3.331796778025855,-1.3071484061294312,0.7587159200976974,-0.8314172386758362,-0.9855315246622595,-7.430266956406716,-1.3937543083699706,-2.0912704546358114,-1.3027376329041165,-0.974651085563118,1.690002861671058,-5.789154321618363,0.9010184759927373,0.6390907670299926,-2.6390455582147876,-2.8570716649155274,-2.313626650211323,-1.6239904301038568,-2.8058679285029986
-8.404341661143368,-0.6278136946072413,-3.3945834772699377,-3.815300352919087,-5.462892948621479,-5.597932835426266,0.3099287037815454,-6.310979789010112,-1.4845256398838504,-0.6703441041379169,-0.9405138841593583,-4.90158605940525,-1.8224985562783698,-3.6437022484639,-3.4246452101002296,-2.2822279512459236,-5.304078312884616,-1.07239869530896,-1.0905106797146658,-1.5912501165226967,1.3108275397112628,-3.6065860089466013
-1.1450490760378582,-7.667720985039224,0.6059927211703051,2.365314442426319,-2.1588316105111574,-1.3388947458024592,-2.0183330932434695,-1.8175427994973092,-2.176950357115212,1.1882303065735318,-0.44325529482566756,-5.192095837802409,-4.485366862400394,-3.7986395112924183,-1.77185744937854,-2.78522804562313,-0.4103260656259307,-5.353993852495242,-3.6911913417070097,-2.6358082303110444,1.1368751905960826,1.5236615970889982
-2.882167250582923,-3.9906384523875134,2.2370455964109413,-1.0686356733724194,-0.7271159849947344,-1.235701521094189,-4.963688025959722,0.3831869247701702,-3.214460533728341,1.8004827453572487,0.9822108220728816,-4.081910379158527,-5.1470596754607785,-2.6730357497741144,-3.9997919332570744,-0.4811587800112795,1.6065793132845592,-6.059665940219181,-0.8446372514707932,-2.1504161961489605,-5.159687650192913,-1.320148549440401
2.126419430970682,-2.6382154685236765,-3.646604831069742,-2.2371343480361134,0.8500034531458821,1.0376616667293794,0.4871321940526815,-2.045061065026843,-1.7065184688469854,-3.2093423595731516,-2.07298921638647,-0.3588893471002975,-4.165984384398358,-5.710894124079565,-2.1482889838995733,-2.0279973963046887,0.4275623057553832,-4.219899420347689,0.7929796377255603,-2.5253661287195883,-0.8483203647911246,-4.466474725790804
-2.6342803123099454,-2.4160507446241555,-5.354526377472554,-1.061174760705897,-3.817538945069049,-2.3754763779545383,-5.8756767528800715,-2.01627917481718,1.3506538845818854,-1.2721129796635224,-1.4105124078232816,-5.765433613346226,-1.3658830910823774,-6.937373295042706,2.370254170859774,-3.3865805790807926,-2.965318710286064,-1.0097197107375122,-1.7966106673500137,-3.6970878858230334,-1.9718817410733367,-0.18151562402516822
-4.4268815803077475,-4.050199119768756,-7.058098703928183,-0.4817884559301737,-1.7345525800486958,-4.0837449822662775,-1.551867987122018,-0.8149467863940425,-1.8807820352549602,-0.4920047566843447,-1.9083680975961008,2.117886831120639,-2.5087544978275167,1.2905019269920865,-2.7067253098965462,-5.40098087833399,-4.78286140954025,-4.41163157190401,0.3308232897781158,-4.326936701665472,1.4237546668504244,-2.497025497742314
0.268770896906074,-3.2608412933370743,1.6462632967079747,-1.296198834194569,2.138212880619079,-1.5751441297633686,-1.8148116795007576,-5.781890945778881,-6.713346766346395,1.6626437983547662,-3.18271015739107,-4.248793536683141,-3.237435592188371,-3.834097214332157,-2.755713018787088,-3.7873386908924562,-0.5139588751161646,-2.549372109948974,-3.7418100269976136,-2.836145108053709,-3.049795596882991,-1.9998740048625994
-1.0508427475385076,-0.6291433922864577,0.04752697550338494,0.4997918834104295,-2.833483450326905,-3.6022218559562993,-2.430291585595007,-3.8387768296696447,-2.2410246850497546,-2.5116378141824756,-1.6757150172909963,-2.320553252910609,0.6068582568131253,-1.2645959034167762,2.54381852560911,-7.856925029294252,-3.968770204443035,-0.8195428266164944,-3.15503593951418,-2.036464090453043,-2.75082525532326,1.0941569581849764
1.9966193186769092,-0.6157472194932222,-6.220471082648583,-4.987300010298284,-3.625193271443936,1.945319150172372,-1.848956229672299,-6.906716647204017,-3.0268922182735007,-0.9992633610739712,-0.990277080244335,-1.68905531462076,0.875706911339124,-4.480633010906209,-1.9875260407256208,-1.419595089284685,-1.3048551744426322,-7.340458509299149,-2.8020628071194142,-0.2663642442572534,2.4448821093381476,-4.850315467738947
0.4625100733049904,-5.159691277194679,-5.279229183917494,-2.254746388148001,0.0719756687075505,0.8235168294807335,-0.8082780339990119,2.1784257281376957,-4.073604037206926,-0.9504121037801623,-2.636307060732016,-0.7493180524428633,-5.34839400133488,-5.06125259855758,-3.7046974532786145,-4.680125562348372,-0.43127937247107373,-0.9159532790328172,-4.613658846540705,-6.803652279207895,-3.186250733872142,0.7011351398138311
-3.0271086028303253,-4.71392194622817,-2.511682953113926,1.8636180085462972,-4.28835786809589,-2.7093541117885316,-7.40636846045695,2.8241913226174664,-4.754715956635977,-1.516965360822358,-6.549191547148188,-2.383850449998319,1.5219388595536087,-1.7328700095142835,-2.9221433874428144,-0.9843328848363857,-4.432756874722427,-1.3432557279711295,-1.1725231617247875,-1.882457652888431,-3.4546729657746713,-3.4059572151453885
-0.8247640889802768,2.4348399671923437,-2.055402501477975,-4.431698469268694,0.30598999099745927,-3.695292053406721,-3.6919606760383763,-6.905361938956276,-1.1198446956253376,-8.830833028822997,-9.797653609272732,-1.1009625263705314,-1.7127494228928806,-1.529545964062964,-0.5953541076690635,-3.4147147286454227,-3.2335852755998067,-3.732065152845493,-1.141268587877985,-2.4594208834449542,2.3196891297484186,2.0172159794962217
-1.4123788259183605,-3.812437381221322,-2.7997362235536785,-0.3449943320384167,-0.7193815785394934,-3.8897906297898777,-1.9647665308686275,-5.978727752627006,1.9323771774953293,-4.43354896934194,-0.1371566958088394,-1.7363520886174981,-5.812370159778062,-5.8267949394778356,-1.2981829310584594,-3.5215990267277935,-4.6687251861873404,1.4436546769494574,-1.4485932845988794,-1.1535179997454748,-4.29620767644388,-4.188143085754113
-1.9112051090040116,-2.4504672194411823,-7.542658271613517,-6.189180437546135,2.608882867623819,-3.5804126136716494,-1.5065572572541654,-3.1648192093480807,0.2998862159105716,-2.8913149256447923,-2.285194454529497,-4.424324408673231,-3.0157054797870253,-2.829477152778287,-0.5486971663989567,-1.2835240666262693,-2.430540694639954,-4.234094959519842,-1.738085168000599,0.3769654157106976,-1.2634973871212756,-0.8384364425340304
-2.76408096155455,-2.4266847931031466,-3.421832261885618,-3.8217565867700083,-2.7106747660838657,-0.32448675927338194,1.7066309281545629,-1.0703141988633111,-1.194174730627245,-3.872280928640911,-1.686516217414538,-1.359897446800421,-4.398871544032437,0.14053871762620196,-3.2544663290675633,-8.28517843740593,2.037100726536911,-1.5487234820208102,1.3703497596211434,0.9324286398255744,-2.67904770848146,-5.457877475719097
-5.949888427064869,-1.3941742000231445,-6.11277797400004,-2.5285800694720755,-1.0294533196801183,-7.600364487695862,1.051795283378717,-0.1842654182286314,-1.7040527629187157,-3.2131164238504235,-3.281800135845419,-3.165771531451357,-2.2325768108504747,-0.5897587338562169,-1.9019797654662545,-8.690561987626626,-6.426156762196282,-4.529860662144522,-2.3041007201301205,-4.4093546544216355,-8.916659037113233,-2.4090496680500073
-2.4534696627731636,1.6716676294770536,-3.6532784142222323,-2.8176849438114853,-2.599544264907807,-4.274267517256922,-1.982186748333509,-0.7736139479518138,-0.5191561803043752,-6.99163071809381,-2.4047694152956023,-4.962419293185583,-0.9439660668408951,-5.299008679246301,-0.4811876377572446,-3.099147563728351,-1.3491107436649443,-0.44659627152703696,-9.217133252056355,-1.5436982470138891,-3.138366168934214,-5.147095394732964
-2.1420559768281886,-1.2544372070843453,-8.041628623334136,-3.1808214866631865,0.04220889130497942,-2.854648911884573,-2.312956721254926,2.7801735199369095,-1.0024910712774155,0.9066388201431219,-0.9244370931774275,-5.473208459856694,-2.737519828500707,-1.0689754129726603,-1.7645476816443104,-1.339454459726416,-2.9199531306060607,-3.9219611179375375,-3.361992695441364,-0.667622440096424,-2.0025067889858725,-4.623472465663876
-2.419002853370498,-2.3831431270959778,2.0012356878460102,-2.440034416092013,-1.6957401124502043,-1.191545782057001,-3.8874367061653,1.95352563542369,-8.090587425901628,-1.3107490712392715,1.284386498951123,-6.112742053251027,1.9673260116568605,-1.5811520300344375,-0.5065324302618294,-3.291571857754439,1.5655047113789196,-2.232498378007373,-3.5829326439913207,-1.328554886361587,1.34058976772121,-8.574652517462102
-2.096863230887422,2.0407844543675737,-1.361671547199076,-3.532502906850739,-4.921923384057492,-1.583342385941497,-2.0299754957100844,-3.2054871374742415,-2.52247516566492,-2.354478793659182,2.3558198012173395,-2.307769652421507,-2.6633502367103756,-2.3417535580928615,-3.263391065849237,-4.962902946670003,-3.773672673135553,-3.777199145959713,-1.6222801440295243,2.3222979023104915,-3.6735743463411676,-1.824947800609768
0.2692903776304844,0.7461488092182385,-3.4770608190315446,-1.385492539534439,0.11053615841692614,2.4980581686895706,-1.4449860087101343,2.4541120014924567,-2.185136933006462,-3.804615828972433,-1.7145363790788002,-2.300400074112063,-7.422552880096705,2.2770513548241293,-1.6862780150263699,-2.960775661152269,-4.318396149673579,-2.57302981221677,-6.094105916963482,-1.6621793973221555,-2.6207638750203017,-4.9718005612023575
-1.4779451560861832,1.8896713252527428,1.696442721047422,0.35431183055962245,-2.244129551195123,-1.0091325996084315,-8.14884754763552,10.28110065728527,0.3224591049629819,-1.4194988115660045,-0.5788646037331776,-1.2961129906708526,-1.215318104767149,-1.3768725898480856,-2.7478047888152086,-1.3445446533960244,-1.678720641524472,-0.9119142986105784,-0.6957112016676875,-8.598651984166256,-2.4782499957186865,-5.504607445157944
0.28964138154189945,1.3555511150592443,-4.9459700461495295,-3.7212243064681725,-0.30574644560036485,-0.6670370935510582,-5.834154129764589,-0.8017469533795092,0.2907172109963252,-4.550350071294251,-0.15058005050528414,-1.3466607419699375,0.6724140773928713,-3.6567424306353384,2.893162771138221,-6.583119509407554,1.7683795434631762,-2.1701954227849574,-2.014014081544737,-2.646377470301738,-2.4727264303275063,-4.400822564243791
