script/wind10m.json
{"header": {"parameterCategory": 2, "parameterNumber": 3, "lo1": 3.000054539987559, "la1": 64.9999836372058, "dx": 0.5, "dy": 0.25, "nx": 34, "ny": 52, "refTime": "2024-12-05T17:00:00.000Z"}, "data":
[rows 0 to 24 of 52, columns 0 to 33 of 34]
17.888466348875696,18.533256052284948,17.44217122876458,15.873085902688953,14.413398823235104,15.661140590005658,14.444050920022,13.814634617989336,12.240515872856262,10.743336153143826,10.713536528067495,10.99528007985226,10.942621202928802,10.863112390189867,11.040537718990384,12.038211648650195,8.924045195584792,9.014781908988331,5.886895542745593,16.670621906257715,6.186777199173082,3.3328776281060026,2.3975395326760065,6.191514710757898,4.273463142349835,1.5162907234849745,3.051052007555294,4.477086197085521,3.3799012461540485,3.388222405296019,3.0664430642149747,2.685278170532802,3.4933063406751006,3.0093365511442216
18.1886601214045,17.56269327797588,17.331598367072964,14.647101261331754,13.902160807779845,12.233643223090086,12.25052691726459,10.834230747043941,10.487570697817118,10.114814444851284,10.379573201153777,10.900234784216712,10.247951703493863,10.431997021469988,11.19864384029432,9.381770994351502,9.857471202049373,3.0240520704585676,7.747070184690047,3.159237049166534,4.500602439878933,3.4570199042753713,2.6090788979166932,5.164629190148249,1.8374554900005098,2.5881201132651954,2.392867162699397,4.380162427457584,4.432260022906049,4.065602866577605,3.5154957577965416,3.711099783206812,3.934215213997405,3.5794513625267106
18.336432238789797,17.087507154333437,16.301161126881528,13.683344855633928,14.892777373104582,14.144827417351529,12.484322595269246,11.438303485599471,8.540318999771289,8.816337404369262,9.259703695815398,11.217293106278053,10.962056845539676,11.552485405961317,11.955117132469717,10.60041535283433,5.420367591516756,3.546350586085546,-2.5051201495103665,3.323877331858115,2.4302325776125335,4.46805166552907,2.482417864526711,6.341133505820736,4.220710847044878,2.7494246555680326,3.4394328156611635,3.83691951455147,3.5256720998250612,4.421107135405219,4.584136847387309,4.277939312557419,3.451668232080805,2.8032630218981134
17.65856009498884,17.09697970503949,15.970845366308685,13.053044566405761,15.357980780094058,13.458559837505264,13.280099579949175,9.154306516692573,6.751539112493407,6.548169936800643,8.11890764767892,9.89517929166573,12.015377576781459,11.762993389994053,10.475743336260672,9.182400237551152,1.6969219876957193,4.2610885263133795,4.370917369751106,1.9350808435300573,10.724547474739932,5.456347126077638,7.509057838657655,3.3780541901329593,2.9608784646686677,2.7756019592087493,2.9449799475641325,3.5673621517051073,3.229111853740718,2.516790829460811,1.7601853081350616,3.5127323700456587,3.050041176892867,2.4840224334123966
17.595142510696178,17.23180619422154,16.006716843159406,14.174654342892113,13.095402980096488,13.72912409297987,13.458864019386448,8.200961007427592,6.430959274439004,5.296992201616024,5.422737965295652,8.37566675110532,9.514822993924007,9.34389741242621,5.870897322365349,8.723458988283488,4.783545474675543,1.359148740663178,6.732235852506006,5.958225341220973,14.252310927579268,7.308356379461741,3.0171250988652867,4.5827842829884435,3.5327801701268973,3.1836016816373234,3.2936077679526763,3.386699995914388,3.2277682484120813,3.8717055695879776,2.3467931919555567,3.166526282874242,2.182442186013174,1.6702411946231457
18.78723189647132,17.680443771779196,16.614705478005273,13.982236556419123,12.584166918695816,12.703826363899086,10.488561172452041,7.297919074927083,6.660662508800444,5.451791147233981,3.4796414357987175,2.944010282317627,6.705086338264638,10.779648764428348,0.7703082533111946,3.544790734243724,3.111335476541264,-2.2853161267524262,8.102608527160893,5.982201142021971,1.9997310353200046,3.5562930357469766,4.003116751168336,2.975590539822488,2.191588447713093,3.2055919612196178,1.4997638747659314,2.523730125983272,2.288282205296648,2.3804943338032953,2.2272631543017267,1.7714672907785902,1.053528022179947,1.058690904316829
19.379789164357398,17.859702777855322,16.997754110655613,14.11810236027207,15.306672151567334,11.382626977505108,9.485812458396326,6.4852724806688045,7.4257073208283835,8.590456172188585,4.41097495044253,2.1767391132693077,3.5573073520256693,4.579462607370512,6.578641561293023,3.1185967278364997,1.9375224188954823,7.345707339147192,9.826622305658644,4.0211628239257875,0.9816410148320334,1.6945394856441454,3.472376360734314,2.9726914598309024,3.8361020309806557,3.359568474922321,3.707991710423987,3.382827570541982,2.9015144518622487,2.7878558180045583,1.1397814356334686,0.286307304633211,-0.41981870307219404,5.645980483860144
18.943186994004623,17.939963943339784,17.025050952216354,15.82801616265302,15.259859664089598,10.082431931198446,10.230242512009955,7.583106392457779,6.337120846825515,7.742181967127862,7.145268474295561,4.102835821863724,-1.2258272724772825,-0.1957587863908612,5.834146298019988,8.06134196732963,5.237877617345416,10.885138367333171,11.722660012777514,1.0900994220871096,4.486980478930675,3.923611553431629,1.3665896266271085,4.654557674459312,2.351174045311176,2.367671645011754,2.1629132950090053,3.0234544337972618,0.6764843801183814,0.9126452379697936,2.2696140101915723,0.22958667543275027,2.3153587099674575,8.648237608535082
19.23722317090134,18.031919037830615,16.815559135575164,15.607287925688857,13.10726438005711,11.01523007867183,7.579140133452944,3.7843299802321013,4.313919910803056,0.9333781609939205,6.29387233927807,-1.330428491824603,4.920990994108764,7.502286891832705,14.652199085120793,3.2502925159464144,6.898208340703646,15.491115700011347,8.72655648426854,9.97288824187686,15.928116584385718,8.66472409192234,5.4421608389456395,3.3142025832419013,3.3919193744527765,3.1694847651090385,2.9138731534572173,1.4598883791870494,2.029447067759973,0.14126095592696328,-0.27542890076827825,-0.4945036399901967,8.45061193464673,8.69279321353542
19.187715155271743,18.150181418408852,16.279561806676675,14.722543587608472,11.651216132569672,10.150159059729969,4.728433279478433,6.754891961671036,3.42798602530412,-0.16024668185589303,1.5631851478456273,7.809999973132261,12.046939513135404,11.444996423940204,6.748500736080253,15.387845534553911,9.127033692381756,10.286509643445356,6.423682146572518,4.338155141051587,7.722807693959347,5.430178437232502,1.6193731776364095,3.5541990764864297,2.943698195111401,3.2317004927858504,3.2525329342015197,1.7380860563284606,1.4151657817068615,-0.724725415318789,-0.5525442013216506,8.194914500215303,8.772863247014845,8.981675922988902
18.807285956825794,17.795411004288656,15.744079376740851,14.472966984083868,9.786268257103089,10.046794054422877,3.2416060227099255,0.9610066510314631,9.765272652898476,6.451924980729967,14.812855396424165,17.12379294387367,13.143944937114764,7.756815134651978,12.72083287944767,8.76608175704432,4.493799655682332,4.372467236886482,5.783676962570928,3.397632653349179,3.102008891201305,3.168344830031002,6.05294271092517,1.914309763574304,3.3489948137974395,-0.2626514574338301,-0.7446543168680902,2.2668102467150737,-0.5106069296937981,-0.23274716029535555,3.00123299926199,8.563883556880524,8.627707669629807,9.070790374995841
18.38538070737866,17.3421545430606,15.523853952274404,13.660747715855422,8.626649559830371,4.866119529318904,7.9938662284092326,4.86882873449628,1.9838888967433745,9.967193182964646,-0.09821888238282246,2.6264417006235474,12.660222966163895,7.607515454656859,10.645697414815844,4.684778947698062,8.736554653723589,11.869770806551104,9.396238026002273,7.635549420815508,5.375365604083918,2.9865938562026675,1.6509794222844127,3.4010975094888067,1.9167383378040437,1.4981669826842197,2.044488629087215,1.7670296328652482,1.2381409823162144,0.7836283280619207,8.094528717427202,7.857649512967171,8.367905895590221,8.384916388399214
17.85600463970969,16.681973168871085,14.03197919338172,13.85466855082791,6.804298854802137,4.33443914251252,6.019997562491846,2.621391242317298,10.362797952227819,4.571920929821497,6.57718234530758,12.073573650339236,8.472635902163208,17.237584700942033,9.867273929380344,14.668019068343067,8.434900262400664,4.631053772646158,3.390671575013429,2.5692635242884885,5.185190259665504,4.292480385923634,3.1319466289689357,1.490824262978276,2.0232657206114117,1.569974861350362,1.5504018011019935,1.6831842217408184,-0.3545215354941834,0.03064387625948265,7.082687134361332,7.412564586171167,6.581525950991942,7.11200101706599
17.597384230577646,16.65109452650184,15.25477918110342,13.574753281384739,6.368912531875671,17.514001500862467,14.094330378465653,9.66505927536529,19.153139132617806,14.032884530111824,13.027892150177642,14.123686639307424,3.9384372862614234,2.095437141414625,7.791890661864144,3.1746030329382133,7.311875897031856,1.7173894957024465,7.011782350002989,2.7294733905512385,1.878259413771223,5.985465979233496,3.0464106077248276,3.422195617705223,1.5842285835680832,2.077076226261489,1.252551963675243,0.9224414026570606,0.1920229918644246,0.6697563973007037,5.602690525163775,4.78611400214066,5.452054605914504,10.38643258334191
16.683051204587866,16.85003211401602,14.402206093621597,9.902342665429206,2.374986423194517,2.940129536906657,2.4501034916094215,14.367140806896838,3.4613828485559353,1.105990832998161,0.9015577014537559,-1.3003002950374467,8.797693167018563,4.8420351956173135,5.504307995050021,5.688473764608206,4.498038184405127,3.442036181364849,2.9281178193306308,2.616641608480893,1.994949390647834,1.9392669788457089,2.071229158153277,2.4274221904267623,0.7020603006272919,1.0405745387974892,0.4923482257973623,1.9882159894502505,-0.5510598071060059,3.8450770244623476,4.419498269253627,2.4517489269110584,9.477548117868219,9.787548675656431
16.67810852344852,16.269718406522472,14.446332642368883,10.607580552444297,2.3802063208590827,2.9673619563383116,6.89236081691142,3.908496410943054,-0.010533365598468134,-1.5797483200890476,3.881518908290429,7.491043059725729,2.3650441229705312,3.095774710227358,1.8548671544666382,3.7198871513353318,6.13266930115496,1.863597157318955,2.3653135007129755,1.572941837064619,4.52361899148324,2.506582694352237,-0.5247850911258569,1.0465822907044589,1.0539881411419803,1.2015796050538177,1.7977986448538457,0.29418798489954506,0.0042022166432201195,4.074907462805172,2.0023024010925465,-0.05681807585229231,9.709185793248475,9.735235129848839
16.644135327016382,16.405255083285113,14.119984789747079,9.431317315990452,4.880584490300634,7.083945975982301,12.872777070737573,11.907136350651971,10.367136521801923,14.45130853865322,11.603251567421339,6.002008846889748,0.15400408562776863,1.8866281728271235,1.5197762901952165,2.5595843429674914,1.7467991939076004,2.2240059356068285,3.0608937518700823,1.3964824970866938,1.1849745765384394,1.6066260073686727,1.459573577488534,1.7248144522597064,1.124057374082759,1.4708938990232958,1.5975711407325537,-0.012855703417978861,-0.876314836313998,2.9740832387005813,0.5439592601147245,7.682057156021061,8.332549334432231,9.315087979606249
15.258671582234266,16.659228748492648,16.530339050771754,12.076675546670044,4.221049140786476,1.7541788706211694,8.48012932257613,3.312696514033582,15.491890523408033,6.826061954273321,5.232796031591877,0.25823082432628663,2.853560857366107,1.195517756514988,1.39461539580852,0.5633413163932618,1.8147659421387754,0.45141652407028443,2.6859530434265144,1.8317094241293628,2.5747325494314173,0.8464818885115285,1.1056991955261095,3.156129563433093,1.5173722528973057,-1.0763817082265377,0.7192832702788405,-0.12193327604182706,-0.16157938122892054,1.6530538134812172,5.778642694320336,7.10188269203577,6.847728893533783,7.107267837542865
13.706803846688622,16.800177367109576,18.305829418195394,15.152280149609561,5.13845858896056,1.2754234880708326,8.897719537499114,3.298830284581693,4.000211044617145,3.3722060248292283,-2.1946761698131656,3.8308471518545235,3.4119793610905345,3.476085930079834,1.1539018066938895,1.6376981710201326,1.5774748848852227,2.2156417013514305,2.241478195793736,1.037480077929356,1.0615625736758207,1.8180861969797244,-0.38623823530027407,0.7199655354921367,1.133495470530533,-0.49401241789351935,0.8522479197472649,0.07519217086487198,0.07177744116007743,-0.2554534789897794,2.7704257387651943,4.387722957053008,4.702112855692964,4.658949809820465
2.497238386156325,19.424165185020687,20.131592666503817,16.890164936722723,5.271940270743673,2.6418710191883794,-1.894382372555314,12.8459760138231,15.933616942074917,10.222319865194468,7.72828829233141,4.930781182540349,2.442054236181446,4.53907302780379,0.1184251649965984,2.297038530852103,0.13257139713051463,1.4562079843506266,1.4189975971564979,0.8725077939325687,-0.5524478774146109,0.5530506416043409,2.0532575547620735,1.4332445537840157,0.6986031604755655,0.3263301206783384,0.07631734787623005,0.20283010994872133,0.3101229510823136,0.42110442189766895,1.5648965093882163,1.1114437690693875,5.08416821562178,2.4917952820541
2.411323519352879,4.58212411048827,17.86010869190355,19.222539072855668,13.719370380696986,6.302493535661099,6.7879321745612975,5.424961598371098,13.966044145783487,12.706654828972082,10.868751847879679,3.2521157648611085,1.3468561826874736,-0.4528110709921023,-2.146978973764883,1.2888645625932489,1.8764523061724023,1.8593851626189117,1.1689079965317484,0.24289481339061927,0.9556993849144647,0.9967444687913146,1.0498684144785655,0.9432916046290829,2.039027183070935,2.177657313331305,-0.26509362468345465,0.4561734576768525,0.0501685613982217,0.8860758933456352,1.4005444982773263,1.0312762235631596,3.110870225151344,7.605762669738179
3.794271320180619,3.458357250138792,15.58849949539894,18.579093171227655,15.410539024886214,7.540942097444115,3.039744407198996,3.6291616443212114,8.518753870829116,2.8483427669292114,5.945400904694978,6.137182142802634,1.9669013335125631,1.3840371697913485,-1.157114964225633,2.7006068000722556,1.5753889999554043,2.7489805809315477,0.9897611692849246,1.0099632039580433,0.5410947029133798,2.2217044249108957,1.2242937394839863,1.1644581562913385,0.6149495041270823,-0.874244194160251,-0.33887700447243074,-0.9514009506847698,0.6653290080680433,0.3039872444626706,0.563853360930785,0.9837693684386574,1.457011774688963,7.021304394346723
4.857081436017682,4.097941407800078,5.65566746832422,17.53728425897587,15.225482524637057,4.652457574456762,4.407187892795018,8.726283654490116,9.023873063629793,5.994557831235183,2.962041797790002,3.740572943409565,5.028185542289247,2.5813977293473136,1.3989610494839955,3.9444195584543555,1.3637553027335139,2.209212945297533,1.4568046155375318,1.2697838569256625,-0.2410683656196114,1.1451282622801378,0.9323718969056355,0.8448900282918921,0.6134257003252985,-0.3226658594192447,0.19632393877334933,1.8910412758786999,0.7024584010458891,0.5619530972213057,1.2091960375960025,1.7466379737424216,4.074166802427748,7.073559305233836
4.583333288224582,4.3088412469570665,5.3181003271765475,17.626036726703724,13.954704161208731,8.549887281450118,5.372457717837131,12.315239531450446,7.472427761288413,2.821999256676389,1.7356664723622452,1.6670967898541644,2.3799928698632065,2.5559143849139994,2.4115118973340954,7.088531155597963,1.771241591328004,1.4430196125616772,1.4937554584837471,0.7629252808836008,1.5064368559843335,3.7189605911368098,1.6981420871453468,0.8204655614366269,-1.90614194344619,0.97163814920684,-0.1313390493046756,0.9316840055059457,1.0767560654834016,1.5696478461281613,1.24988567443893,1.4993302505440416,5.38380922610565,3.405411368427354
3.659295409728496,3.971798663081977,4.883796594268683,6.047219728329001,16.138093562080506,11.56498110724037,7.088555716383905,18.39967128890375,9.163410378757685,1.1100629073794481,3.520149293271026,2.261538932401688,3.120848726343433,5.044062824716922,5.304628050260388,8.790256893571923,3.6325483311926354,1.4056162561070944,1.2376661684021726,1.2926522947994985,3.7990819134539646,7.123716054232033,1.0144776717353692,-0.38456137624688486,1.4467683027023475,1.8826720030247046,1.359488941850672,1.3665219418399341,1.1450960139313382,0.6902229283766879,1.7801530834672514,6.526011984284305,6.21270673135771,5.804650396217884
