script/wind10m.json
{"header": {"parameterCategory": 2, "parameterNumber": 3, "lo1": 3.000054539987559, "la1": 64.9999836372058, "dx": 0.5, "dy": 0.25, "nx": 34, "ny": 52, "refTime": "2025-05-01T17:00:00.000Z"}, "data":
[rows 0 to 24 of 52, columns 0 to 33 of 34]
5.037723960208951,4.929829905508627,4.3991713891584565,5.176888602777671,5.017085120576234,5.194545621159836,5.196077974602351,5.070341868310174,5.129939760216643,7.061622762490348,9.01239139266653,9.248810232950753,9.050142326781359,7.943229621532639,7.37945099731345,6.608643923191565,4.649916133724867,4.8736609559267,2.071859696151962,7.917994689622431,1.3720821761942892,1.3526761056554886,0.15485971701513207,3.835663882221458,3.8411177454760486,-0.6329899438931104,2.3334900029974572,2.0819476368810923,2.288311187126425,2.066733686000288,1.283826896178718,2.2355950285265815,2.5664374437461586,2.1446263994709764
6.7576626384819205,6.334102573817339,5.92808717002724,5.351480468921007,6.288593806487256,6.35145148199813,6.312709512048438,4.551125832294044,4.916119323945925,7.406493094276362,8.47276601654535,8.808178187699445,8.394313037144975,8.603959922912583,8.317790980094246,5.800714537644325,5.151662817632792,1.8877058711163368,4.500831713200578,4.210792367224835,2.7803739404803633,2.578795290285857,-0.20736418942216617,1.6645593724582122,-1.162134990813292,0.21148307258094504,1.927898618427389,1.8868705327870403,2.197348631047844,2.3478770366707638,1.2895010045937727,1.1520808213515812,1.9187956052515407,2.545184534296649
8.723711321525064,8.63225888528524,7.859399779629077,6.624662675803652,5.893389962913306,6.439222977125482,5.554899924879141,3.8985918588251884,3.591658997269996,6.027942163593727,7.542486214954073,8.121187562031128,8.105835886086426,5.865706850105136,3.9824232409591898,-0.18244648920527692,1.7354100589072283,1.8853392372246698,-3.043733215634497,1.287298076253145,-2.497772330551061,1.614281610594033,0.5118670844406815,4.065206551788623,2.4280801973298134,1.447252470721198,1.313009104059178,2.5288482258936344,1.8408499382204908,2.226941636533139,3.3890851888987337,1.862212363414286,2.2225824669185696,3.722717002480543
9.532873948923143,8.79203718683976,7.462646548960003,6.176265940920131,6.362021518473993,5.571632650159511,5.205052968069385,4.248484565301911,4.381069078913425,5.455706636583596,5.831208391788413,6.891608145162759,6.659919942555613,5.3062779702314575,-1.7042396663190074,3.4030043473703024,-0.0427905488270124,1.916717942667243,1.5426617546601755,1.1949763192739646,5.682138059345608,1.549790649227998,3.3649535496030696,3.0183087465105842,0.6459869613212125,0.8569261825034125,2.339786588472042,1.6040479686394487,1.5346380738233054,2.439564692924474,2.404863623366447,3.3038986309120837,3.6841372502498375,3.335331523225402
10.70664470537479,9.173558600757916,7.672579178579179,5.417730569718259,3.911552558410109,5.560910448578489,4.607629948832792,4.2341774778600225,5.356156394941366,5.377162596488649,7.0247455323609,7.15857489237069,4.488285559422473,2.7170808507543303,-0.7864187254425768,3.8163658732014825,0.2586824080418766,-1.052764883220856,-0.17305832307571056,0.4893566977454224,7.002514425598109,3.9859399754901457,0.3343615681516416,2.666267655981182,2.027490412147633,2.053941412687929,1.8487090287471744,1.6684335323348831,2.310139452806073,1.750104897805558,2.9372603918049762,3.7409195644813336,2.9185508433989735,2.67363361744996
10.264141264727218,9.867413956409226,8.325889969773915,6.052738642290115,6.122941572864828,5.632313442710127,3.501165141369556,4.07038983656216,5.431818309337502,5.528069323624873,5.047473143029582,5.148581438094479,2.9916319570911787,-0.6314202977984498,0.5969508950655757,-1.0367493953705549,-2.622824867186391,-0.7669005146731435,2.559274521425577,3.25875760284548,1.144263910996354,1.0123422010990928,2.1572831501086402,1.0856096474161845,0.7138178081759488,1.6392622400743735,1.6332624603639536,1.590637398778154,1.8163015754741894,2.241543919270564,3.329607209417076,2.881634373076717,3.100548903333792,2.6462278242035335
11.485283251562297,10.335140912180247,8.446491180755334,5.787445571207647,4.113630521150067,3.791629960845036,4.149629250103959,5.821633813105282,7.1243117102366345,6.443025883220499,5.126977810173617,2.5765503175799855,1.659228601949651,-2.2921463489065186,-0.29076102663475134,-6.943357504100625,-0.6857377722693493,3.6960141645401703,1.8915950605429914,1.7693412221381157,0.20773245069467375,0.44030997827645524,2.0186232147879055,1.9761945212552658,2.828288297253423,2.233106284200949,2.9764262558656873,1.9429579214553532,1.986335844151568,2.5012780782428257,2.6960404051502733,2.887510175817217,2.5618250161428535,5.227917700941445
11.78307150326474,10.718889943537649,8.736505459491644,6.282385623240001,4.627392662566823,6.85058340311961,6.584552661097925,6.569410544143616,6.964118474800998,6.945052540713923,4.0580826393686635,-1.0551043773637359,-1.73357513841064,-1.2324749291010033,-0.38977032084243407,0.20172502378456533,1.0540617861488788,5.416770752838064,4.475561282462629,2.246522582930384,2.571819814043586,1.9130388596545003,1.6899086162881936,2.544647434013627,1.6424824600845183,1.596794284096427,1.6174857576001618,2.6382031850455077,1.6114395997571043,1.8950921255588238,3.038281063995421,2.73966512914013,3.053291810671997,7.772417940701292
12.809972689117545,10.838343982374926,9.130642301566736,6.319419719856084,4.675477660355105,5.712456861451495,6.994535580034469,7.218452225511051,6.624054184421789,1.1878857918019268,0.3848056464837763,-0.11367525477822686,-0.055864374678702935,2.402263602337171,-0.6110501244290817,3.569143290995985,4.458714406631962,7.46635459434197,3.894400528942947,6.078487349392969,7.667817812485942,5.036692057959568,2.8626867550838266,1.800772042613793,2.03513289995329,2.134170529207591,2.0148784038021375,1.0722705677358637,1.8913074253780788,1.4371715447758624,2.139547451159614,3.5798195093039578,6.709182338717513,8.311381795349192
12.379548525289758,10.447712398834264,8.951624738480511,6.167946606709104,5.685706967724184,6.205634365953937,8.35489179866475,4.898210038989523,0.6519293630519146,1.2720241967729786,-0.5093503626657587,0.21431498747456748,4.688036399226734,1.7934959532998704,3.3705733843191052,7.518352305260068,4.118895991240356,4.833106669184846,4.2465102375770885,3.3574817696173787,5.270864440819913,2.706117031874685,1.3507341625187617,2.714804655038519,2.3548603121862177,2.47721646631931,2.6614321701621226,2.0710408943764373,1.9282563745531687,1.6172879680606564,3.164523673978509,6.800146117945138,7.082188658202959,7.193693608661849
11.804821689058425,10.523431931741781,8.324360791857789,6.616423670326651,5.152061935036126,7.032975286395968,5.009402177871767,1.109526848076356,2.0279357429758,-0.792681305514734,4.0203589104914474,6.536545107216725,2.8183762150069684,6.159311333588096,4.874778179199833,5.443226325875854,2.691867561531818,3.9708923133089007,6.6805290644812505,3.059159596016883,1.2147602475206043,1.879220605167666,3.7311360672341967,1.279786133305825,2.088583214064249,0.6176751340715241,-0.11615380246444354,1.8857122860952347,1.964332075675585,2.751698860055101,6.787280517748125,6.002246787549975,5.870178318419969,6.6188473578680735
11.18056461447092,9.958672216450982,7.493706964256331,5.9781219129198915,5.407303384857454,4.907081923936836,4.398941278301849,2.6167088092055417,3.2115910871345807,6.559639256408874,-1.4082084846671896,3.624362825170728,5.275335533424037,0.8346476683332911,6.875554239377687,4.705999047585084,6.531535477995098,8.949776979961992,8.704671416479018,5.203257005326951,4.11480029755925,2.63336338166359,1.7510138431290982,3.002292817906896,1.5355746430315782,1.5860937742840986,2.0147931337895897,1.990570138457933,1.8715309862901728,2.995006970504706,6.160201925939272,5.76991446213812,6.21782148166156,6.495575295559309
10.03699027971799,8.524339149023787,7.490763739633549,5.953074295532256,4.150947997707014,2.430467776400603,3.0691824355928166,2.378517639440497,3.595948854913186,1.4016247540002638,4.570878557132318,6.2937508135086375,5.999393126836132,11.37071860106364,6.987693809220964,10.587959836889434,6.667190438822231,6.865659477093507,5.326119590977127,3.8683077012967506,3.4170384297776506,3.67821504771926,2.628515011923009,1.8535314955862927,2.472052690296388,1.5110126863491429,1.4886425913918548,1.5204452071863381,1.555908112372844,5.092612217613222,5.457046328265275,5.290697546733116,6.127658842878724,6.374136667414358
9.190311726386279,8.49672283336761,5.999387381975747,4.805242478913263,5.383325369468318,8.317658781315922,3.2914358996488287,0.9776282187227238,5.130612540723521,5.195307480333178,9.346664195369577,7.986454065848129,4.315980460579463,0.9884313111698513,4.572323149654804,4.217121427128249,5.280842267016023,4.784178905201305,5.397640401467045,3.5342769235705016,2.9649506304556095,5.047914966438245,2.375718395845488,2.9985522604347867,2.3974111262321944,2.507330615269892,1.750262020650306,1.2465915364249947,1.0676724791702041,3.831320908797987,5.048794916502678,4.911287355386638,5.642601338618975,5.745103444414145
8.751358828347419,8.010937960585256,5.970276094119129,4.61039615138467,5.949246724883801,0.6942088156577257,1.692379337684141,3.5891139100717737,1.4606610402889662,3.2886619183815213,3.4957912316619777,3.104277510106647,6.318214486486488,5.442167910385172,5.017031978430407,5.63517584641827,3.1881641573768733,2.9770201397139533,3.0791368195435314,2.5532389332065746,3.019216193397923,2.573393210272354,2.591930891177373,2.6517841692564383,2.1879350680842427,1.7676662495700155,1.7122387695417574,1.6657963509347797,1.3616557095407746,4.549221187934062,4.696486395141285,4.38990665436624,5.363628205523115,4.636000587491818
8.04512660976461,6.766369017183675,4.993161792145206,4.702267838397874,2.8267957850983225,0.5340720472436062,2.7237251536179308,1.6792018701122746,1.2394103681924011,3.856563367837922,2.769051951543586,7.4357739818042745,4.042231704194455,4.263898070617701,0.6996294871719358,3.835527801235185,5.703184356357857,2.371487845868107,2.267008760866646,2.4456473673523003,3.6858915236139502,2.717088163971307,0.9118360272906164,1.6451157939304677,1.5206617021963993,1.6665809648124819,1.8988071939395448,1.3658059368749096,1.9207941130612969,5.267276629293734,4.182356569399461,4.706345813401185,5.033264809036867,4.967941335124989
7.449602696605705,5.658004825455584,3.686365935485416,3.8878280181357163,2.7242519829241365,2.4068585117877093,4.124115770892646,3.373662054930715,2.658139941724701,6.5453110529737195,8.154544593486218,7.032110872979607,2.308856430296808,0.10662271242144228,0.7024602365733531,0.16153257584304567,2.336325899991777,1.5720022297538983,2.8598132421634292,2.422661159350345,2.59892972229423,2.918474963026909,1.8133582153528696,1.870786450834551,1.904325657810602,1.6732804847141474,1.9475219134108013,1.5577519844634269,1.8503556293379053,5.119852320045864,3.609175326560736,4.611582086530283,5.296093472098361,7.19714007412656
6.599575476874626,4.202534655900725,2.4940721761334714,2.9727422523691063,1.5043181417156652,1.4230655176660498,2.707347634877964,1.6602190941801416,7.19502023826749,6.357551133023166,3.8347035923480024,2.8189603314181064,2.8483398879128066,2.0292412380481295,2.738246209639266,1.7988127166570855,2.6006367418436835,2.6726179393540725,2.7811219520673562,2.2668590556343116,2.764381216580549,2.055574452509762,1.9737276954560097,2.2801666527144566,1.779237353743348,1.174540431427261,1.414027039023447,1.6425387541343368,1.892036592688311,3.9082759620004843,3.0234939218635093,3.7976238237367275,5.697254269155645,6.610490929719543
5.162883621080377,2.8065202257288986,1.7768861851426871,2.1107186910289584,2.309002734855002,1.9968647995357478,3.0302260444134306,0.7054784583441772,-1.9613967970242372,1.8703712263764896,2.0409792342284763,3.5649865678065398,3.767028255746881,3.742970267946131,1.4595430963938867,2.7182303867406907,2.0683724656146962,2.605702337134153,3.7974852413292766,2.472006596966954,2.3626878055678056,2.9751223200529626,2.3517628888745965,2.272558508198944,1.8921034318328307,1.993098868955472,1.9798602755979382,1.7927996906225214,1.762887575714934,1.7291953838197571,2.436612982763084,3.5072540831129406,6.821210540301609,7.571685922740095
3.5355934810659226,1.132974575570874,0.7090057777781871,0.0759588954230546,1.0254271824264412,1.5240840980808736,-0.13351074943451408,2.653075270390241,4.865144511680397,6.691555209307112,8.063235874738409,9.644799123439281,1.5081000589328528,4.794667063974297,2.2229140955123325,3.818812912967354,2.831219349414353,2.9461631352842614,3.019349517021304,2.3707672264454236,2.621663607026662,2.057764420452194,2.5540967460773953,2.67264400414245,2.614342087325374,1.9750238760725984,2.7321366594757808,1.9220129435755915,1.7948435683200175,1.6942743174761112,1.8090271999638017,1.9799349708255138,6.57614480787803,4.109975323340673
2.0402644335135207,0.20690654445476364,-0.49942840636994007,0.05338581811520189,2.124560683193751,1.3462892763806427,1.4258076115708755,3.6424805824328477,6.538328071432671,8.60895409680339,8.570497885554985,5.466683794510393,3.186932643646247,2.890884806864361,2.31934682837892,2.4274864366476647,2.9739980230034435,2.812914986184753,2.457644610652906,2.3127552095503767,1.8262345395165152,2.12922742287851,2.25621661357711,2.3522157871920784,2.66109978584154,2.3386653623177893,1.7966623081352258,1.9607757290618988,1.9145573850696531,2.6892378888301964,1.9502470652694286,2.052931826443919,4.810754762177905,9.203312427560606
-0.06053891393648689,-0.8060263095052542,-0.37532652463394506,0.41435084586306775,1.7740933797555412,4.364214441570452,-0.6645044921308904,4.859947664427869,7.535697159992162,4.116503906329457,6.680646345636433,5.924500743240964,3.6234677636542965,2.6878347231828967,0.1466177802842019,4.458817898913297,2.6609015157336766,3.145442799472782,2.6138776432548005,2.087008776883832,2.0306254842896156,1.8105438546004868,1.8367606378432833,2.4673539396901156,2.425594237938836,1.863104289550844,1.2674217570612814,2.01184903858862,2.02707243409893,2.471406039782647,2.30940293257174,2.5909691956102154,3.5088416595059604,9.639813404059801
-0.46065430189336987,-1.6581963814443303,-0.6373509534202539,-1.689103640078695,-0.27682937039553224,2.1355706602989777,3.290407186130914,3.4998218483506287,11.162388388973579,8.289995441381834,3.136494885742344,3.5953699002798323,3.969008072362334,3.302759626542082,2.074274992046325,6.221238422420306,3.136401261357681,3.307612440090941,2.807842594422621,2.9417921164954945,2.1341776370187726,1.8057685784524793,2.830432895229151,2.1350740289104873,2.0799124042649373,2.396181571905186,2.9495756554813632,3.304685828533811,2.4224395446109974,2.477036129456395,2.4584207340111837,2.987227748522702,8.717052622443987,8.52074751869918
-0.9513989705198006,-0.9311647259335458,-2.273259533263928,-4.507185139087011,3.309229722682728,1.9493328184761585,3.522746065670322,7.1832343726574654,6.67594409740954,3.8475972995946206,3.500152653527555,4.027162491371727,2.6947938224482253,1.0134155198304968,2.4760285783981564,6.561173653066147,4.1048927160923085,2.9306022258650053,2.2982268913315194,2.0847722289817794,2.481479004602595,4.532330162780517,5.245452253959161,1.8853475609424049,2.761471347864953,1.6369159765826609,1.531263478568123,2.089566300937703,1.6567224863220402,3.043508002744042,3.1062851415567874,2.8844458785700593,7.540366796046604,10.206961610011854
-1.0604051466134716,-2.8300881515164265,-4.261240722703773,-4.977801224624182,0.29742634070981055,7.492186313381725,2.03466411665977,7.043380666924125,6.123731967441961,3.1487894319522316,3.807168044695971,2.9316550813876465,2.593276049920953,2.5831661654472073,3.4792290389043723,6.566117162547451,6.301497336830547,2.6956671601215216,2.3900490400852226,1.943244530367525,5.9257715857001,6.118931483489951,2.602647823170448,0.9185704907305003,1.3331144138501576,1.203073902205778,0.7244810460936465,1.4027015589142333,1.7982390833500286,2.398971700130494,2.1388559421970523,4.978708245085337,9.135353885540217,11.251135694655899
