script/wind150m.json
{"header": {"parameterCategory": 2, "parameterNumber": 3, "lo1": 6.000198445256149, "la1": 58.999992894266676, "dx": 0.5, "dy": 0.25, "nx": 22, "ny": 24, "refTime": "2024-04-26T21:00:00.000Z"}, "data":
[rows 0 to 23 of 24, columns 0 to 21 of 22]
3.751888836368657,-0.11367881268740407,-2.8758071760201136,3.1808957579590795,4.663486457242949,-0.09464880891177603,3.747521887467465,6.00248981878438,-0.21151184890348346,-2.658706017172551,2.5617472538945654,-3.616299025998692,-4.765694849827103,-2.425282895446616,5.6059166492927215,-4.262661029543404,-0.5073212633459575,2.2429490375423953,4.400024117185472,-1.4111610805590922,-0.5712440694742689,13.217609956100754
9.915346129655981,1.009884830385619,0.5511793333644287,12.197890771556319,1.0223112918877089,3.312578696346798,6.4132174232337125,2.63796425545571,3.5900030868439083,3.5145594003135976,3.627238218621805,1.6836688278477279,0.8978081341749031,-0.9951931625696671,2.7496288422385247,-0.06876312161210302,3.746695929970495,-2.0821834366230467,2.6290135003504154,-4.499824742900585,1.7202406132363564,5.590644528368672
-0.18070186110572703,-2.4959111080073293,0.16487973618909324,4.318526647697998,0.4970534795531701,11.142976494576347,5.377587797806616,6.920163823263125,-1.7856809758567285,6.760578073030359,-2.3262866217609175,1.0228735481134723,-1.637907628797674,0.7060285584836801,-0.45813545684146045,2.0427030955014094,0.3397037984716902,-3.2433253892838954,-1.1428562268897642,-2.3985935127205193,6.957472803574509,-2.9627006471606294
5.832045893119907,3.1834068527411987,7.87791492894811,-2.868644074886943,1.6602112082201248,1.1386271326025306,7.0622495073457054,5.037048163240432,6.471999747656784,1.769135799805374,8.30742031591617,11.937831323685096,10.023600667521716,3.6167760238826943,-2.0156582888696564,-1.729344461975861,3.493942989351056,-1.8137722930677898,-0.4956020202231168,-1.7082632179656678,-3.5250557896676398,6.721382645118238
7.329234031650922,0.5880786052393827,5.761796192961291,0.9054768562377982,7.421516777404001,7.704458511395541,-3.0962293301446033,-2.8406011500745496,14.588273226249415,-1.405748255661256,5.651306451248769,-2.5859975985274297,1.02305769067477,11.32703339129891,-2.8220899551909056,0.9243844995102305,3.1879400848242114,-1.3254962308559104,-1.5564167226296841,5.24577080881174,-0.993208586826316,2.166766937045581
6.937708768150225,7.523319544560351,11.20893752596555,4.12167406643542,0.3334290398982651,2.073315850850241,-4.358148585961007,2.28993902549415,-1.5821190973991899,2.0573667847231865,2.400497318825003,-0.6727228032745738,0.4902100503538049,12.935850792458151,-0.4932510589378653,14.489193416960278,13.551289932694477,-5.2314784403644605,-0.33919910438215567,6.172960269752353,3.0219662814177286,3.3859110891125463
2.0970056079789154,-0.8330207154354838,-3.0070852788900817,3.1085108907600665,1.9791139565760851,4.145640286758941,1.8670219606477318,1.7635946063351073,-2.849919037656164,-1.4474939046764193,1.9557978984009088,1.7881735001435675,-1.682392588435062,6.132507483860721,-3.0774469782839495,-3.68173082855944,-4.253509280793441,0.7650305310688981,7.679578536983708,-1.6699442366465562,-0.6921842458968915,0.38148145873834444
5.599625983998395,12.739812080739409,6.448918340878549,3.7344481667303313,4.714630896896138,-3.9166730068727738,-2.4296818569984575,-2.7423756270887285,-0.17678635609555562,-1.1152767465993254,-2.5118722086464302,1.415108193535923,3.425181747413546,-2.3117042428241836,-1.1558382339323119,0.5716077244156285,5.184668884443193,0.4123377410624417,10.779417702342295,-0.39262137250443624,1.1800386254504585,-4.983314760799513
1.3368365287824466,3.0689627556519765,-2.8335990745054187,4.50776510871526,7.169556160982832,0.3240134716300239,-3.2393273179905635,-0.016230912763441147,1.46681649606156,2.257988033843291,3.894221382523919,-4.59708950585192,6.50704446975476,2.282329477818982,-1.8517556734393914,-0.8848368532958814,-0.7219665512535521,3.392614953390361,-1.6065538649039188,-0.8756382975744902,1.6621009373254068,6.095765192453141
-2.5575423625174363,3.810765529727577,10.611437888647576,-2.841001505320295,2.174202969170255,-2.397573299164501,-2.919926508125348,12.908682116910304,-0.44654431333113836,13.840493330885367,4.269689089230585,3.349840570862658,2.3281027419809828,0.7355049908593154,0.9851894719989039,10.270405040104365,3.7477352026374406,-3.9643664397358376,0.5130720125991932,-1.975726563352889,7.2304264746438225,1.850621854536914
9.177314326527794,7.124470638884429,0.552394924980491,-0.1639584677626513,6.405835466990736,6.091097931839696,11.554341193063408,6.4577874911674975,-3.501039452523542,0.3346824713208978,-4.709249989839943,0.9749191513093556,-0.014890074934546289,0.643503992354765,-3.254956431458253,6.465740675812989,5.069556523690044,4.184631883749382,1.9836803618311418,-4.087150333974518,-4.631312280609194,-1.3946764186726497
1.6551554919021707,1.5528612516031028,2.756312978428594,4.26661563040933,11.173944829806159,0.5587097802584478,1.7896459390261799,7.712286997011569,3.0507936775048816,-1.9669863025730192,-2.013085990039102,4.184651117056423,6.990821405205098,3.352495732135596,-1.010816786538349,2.0041038804436075,-1.6728658772847644,13.248402033210725,-0.3596783107211843,-1.9426513914377144,-4.716821756412399,1.159880235440422
4.752391277909163,9.962869950355339,0.5260201568536511,-3.009771584900601,6.832780583699583,-1.8875803516513752,0.11797033754506658,-2.2182168676921123,-2.2983962315264566,1.326969951223462,14.547672180313247,0.955728152395318,2.0999796802881487,2.155642888585335,-0.8834106052783229,2.666161167222654,-3.984725212833166,-4.330510846321584,-0.07572299043045995,-1.686163854710616,11.390077424155512,-0.18875154541054337
0.7768345768691153,0.6644728066099438,-2.5238562022022983,3.3107620790333043,1.6109372217560263,1.1788127916300526,-1.3790505589060822,-1.7820122494136077,7.78030341823043,-2.0163986936133496,1.6659275014958648,7.789052333077821,3.0964443906916097,-1.2457221483968157,2.09401698543788,6.10211353410505,-1.7970874697018648,-3.1398888296250154,0.6307132873826997,-2.724569953127283,-0.9091870598813248,14.480090020245386
4.795686180428212,5.756293036550693,-1.0957567509212267,13.710273481495024,-1.5349995615457777,0.5909614964524215,-0.6253275674170449,0.9395765603906334,9.285908575620658,13.912122371753538,0.5467272999868641,0.416733195789782,-0.3189644198981354,-0.5635027806253163,4.631908767486681,15.144839626056951,2.298416876648634,11.90365610355412,5.011467189687346,0.9377984802151662,-1.1608994377312043,13.517291031407405
2.5043434592873104,2.974927106016934,1.7981432562107322,-2.691754843961757,7.799605772471112,8.412197558209915,4.7381148748033866,-5.147859355143977,3.2471067035688734,1.3509754342712126,1.9778134739343929,6.859377074718066,0.23799887874335826,-3.1870766633029475,1.914358851646351,10.199929951120987,3.679191842233606,0.06269251454688687,1.6622777457612063,2.228100845516388,3.96198899945302,6.487298141535704
-1.0927910888527386,5.635729309760589,2.937813667299765,0.5935697379788164,5.113992600235125,1.6178203668135027,2.057038578998954,6.9329552234525185,3.7202823410469508,16.25481857043191,6.470630218342945,1.523316735553301,11.744194662486482,8.127872985473882,12.618707241340752,4.747189582149133,10.981933345948272,5.965250271924377,1.008813150540044,-2.537303645882068,3.273408687145242,-0.02775554046982669
3.2911278788052267,4.208889582929284,-2.3029377130830126,3.0159920394600075,3.3251973879140113,3.122317733560266,6.656440617541385,0.21052285195300205,-4.7058783395318144,-2.7262162048966436,-2.169818428272044,7.020729550156602,-2.7929301448754305,5.330860115379526,3.719086256077634,5.843798523044666,-3.525491396709442,-3.347517312372983,14.308019028442532,1.4245035472322625,-0.04263924888456133,0.11553492551805164
6.620574849118862,1.3892151019044634,10.2723734945872,6.0376364921886605,0.7180011016103528,1.559174748042026,-2.5990402727751123,4.707637247161012,0.3204460849140884,3.8555790033517274,-2.0764952112076545,1.5645746042013944,-2.988424400111714,-0.8486121467320727,2.2153821286736965,-1.7927312059570273,-2.5430417916621235,0.42289084179259906,-4.616479771342417,8.434015669022585,2.2102997679357217,1.3798084239557027
0.2041435720561175,1.6093543714837935,6.661780034096669,0.686220135280327,-0.5687658829891614,1.2479633131203123,2.193339045676598,-0.577802410506804,14.421551167179997,13.451932620868485,1.5187081830528943,1.5640201515042955,-3.0732742324359816,6.768741015141242,6.537232298199962,-1.9232383925994305,8.639295808605835,-3.6396669622979587,-1.8873031245569372,2.7811151821624547,3.561211819809597,-2.413752717417026
1.3039115831481964,-2.62913854182914,0.7746710007398786,12.771499787902508,2.566258531188064,-0.5620988255042939,-1.3923182438894632,-2.85032752027173,-1.9249394233353414,-4.208114025934805,6.507017407506355,-2.7907686926898037,-0.9708609592837499,3.0491172897808507,1.9580728709281456,-1.8929197142102623,-1.166209092743278,15.22236440339337,2.690636100125159,1.2879909143430108,11.651308974832133,2.668779341507509
-3.3931328845143973,-1.056777129902775,1.9647635845754874,5.2111991222617675,14.927784268313115,6.546933608207767,-0.40032719905111785,4.1556595695966045,-0.5339340795248749,0.9005595381636264,2.084041578095129,-1.7627813275537294,2.006979616471434,7.345017843928313,-3.192816801925401,-0.02069240555695115,-2.396936440087504,1.7859102676163392,-1.1338852645772766,-1.6698316328077683,-1.4416341264021961,11.678060957267103
6.1212934829781,0.6307578193067973,-1.8967047174060305,5.21871012076411,-1.9944052334051492,-2.276724706821469,3.5163084727761604,6.823846653211709,12.897531979411404,-3.7732960707840095,2.91516929059046,-0.18129719322731516,-0.6712415180359789,3.5812165332352954,-2.7158293541541663,1.9393140056128346,2.4574751263090975,7.34324075292341,-5.175337161939751,-1.805562980440737,-2.0945272698888484,0.9323904839753615
2.774980172257255,3.130939306309137,5.651453329715056,8.053238093432697,-5.28905731291612,-1.3885460394138662,2.3833451989578966,-4.74687003138746,6.3050269692797185,2.747322323601438,9.890105244595702,3.281240111393996,4.1056409634895354,-2.314007214929633,8.394452717425185,0.3744910814007222,7.6438187805087905,-1.176204870111644,1.1376947012300065,10.221746359784822,0.19299606253652793,-0.24458820697266195
