script/wind10m.json
{"header": {"parameterCategory": 2, "parameterNumber": 3, "lo1": 3.000054539987559, "la1": 64.9999836372058, "dx": 0.5, "dy": 0.25, "nx": 34, "ny": 52, "refTime": "2024-11-17T08:00:00.000Z"}, "data":
[rows 0 to 24 of 52, columns 0 to 33 of 34]
-15.457441908111075,-15.425271436283463,-15.791327052400716,-15.811884864235605,-16.13806932623981,-16.719273252778876,-16.96852588101382,-17.439089186170847,-18.138957233858907,-18.566018083044792,-18.812208723403018,-19.069124465318126,-19.464696089768324,-19.543192686234377,-19.472764954020555,-19.485849992039352,-14.835986092082768,-7.704955223102937,-2.7145469503383426,-5.322558604794328,-8.49733384016523,-4.331667127123107,-1.8517450603475762,0.6670159821406564,-0.84100663790669,1.7669298530360193,-0.3744818654262601,-0.8434134774616687,-1.107477176210914,-1.3284583356214854,-0.9136420820245171,-0.608762212656093,-0.16519234389101287,-0.3980854226092821
-16.03981073021275,-15.900575156078155,-15.60381255944488,-15.80458884792452,-16.17386060311524,-16.808937100275614,-17.12648507199646,-17.635472711871014,-18.145612343009923,-18.477109509570404,-18.83295693755003,-19.00165605834021,-19.04569050485926,-19.418608215384538,-19.29100510022078,-12.895881505512229,-11.454026037687568,-3.48762974537604,-1.6062264363618814,-8.982761789578735,-0.26930564423281805,0.4257916273607561,1.0957970427103352,-0.4482664004224034,-0.06827021457370043,-0.7965693228496666,0.5546634207791479,-0.0640653338759273,0.19362411170190758,-0.4193802119819392,-0.5884020802643856,-0.761317592452216,-0.6035691793197412,-0.09142021037655972
-15.082622580307104,-15.587836900248384,-15.831550341578971,-15.952973205001623,-16.30539897607969,-16.697686822055744,-17.25496107648168,-17.732567898013652,-18.129418722248694,-18.471821792418545,-18.642898193599258,-18.61604185335472,-18.934364648863966,-19.364684582899258,-16.221464937147914,-13.686083499752401,-2.461171403458219,0.95859991380812,-0.8873585432752243,-1.3429185789479197,1.4045211593873883,1.0431439220935468,0.35570574505711383,-1.135813554550172,-0.5226015666192797,-0.4969551184126959,0.3748783436719457,-0.02060059136024566,-0.015724359771876747,0.12349949842933933,0.01588748856131871,-0.18474241645857467,-0.27050454889544573,0.04274725428861345
-14.300434083050286,-15.145615397728799,-15.546463957013193,-16.184752402416663,-16.297860174433566,-16.892742215935385,-17.204135307221204,-17.56379322293135,-18.010651031889218,-18.366939590708064,-18.35355465999553,-18.64921717478332,-18.691109708440926,-18.979671103013363,-15.07740355649982,-8.3125032531255,-1.0736012645239366,0.04367621278596177,-3.4189265621443448,1.1945628174333822,2.298193724337882,0.9252571626614958,-1.0769784078579112,-0.07873697418208316,-0.40997261528164847,-0.2835458417273312,0.04052758031465948,0.06330335275107352,-0.3555910444528121,-0.09337278493978886,0.0005268115873421191,0.25142711548657276,0.2012038264361467,0.09475518014210667
-14.635071000670596,-14.911717214793363,-15.411180608903566,-16.60880329395382,-16.70928180407854,-16.726642445807492,-16.98006500282291,-17.285219411022332,-17.59855680389644,-17.796908822379546,-18.251722315498746,-18.40008860817545,-19.366148260514503,-14.916851984869371,-6.365029609084936,-1.9699959440902979,-3.9172877295368225,1.8296126459975246,1.7515053909412204,0.9635677662604484,1.8213618262251714,-0.5234215074970024,-0.569979102318434,-0.44256737335024876,0.00655696449617156,1.1807108606742305,0.23451108532189097,0.043745105611708295,0.012082284266602647,0.11227329595610981,-0.4719194563744633,0.20190020267716274,0.45538223303848757,0.2333492879548364
-13.876223142769271,-13.496108123919493,-14.652057578517637,-15.444048141985226,-15.966652869266545,-16.469506363530428,-16.52540021524726,-16.77305874392442,-17.145891356995648,-17.662713722277996,-18.138301662889063,-17.312360800885322,-16.360770856058863,-12.059970239830168,-3.9606933117099894,-3.7243178521853935,0.08679008298197914,1.0531854281898159,-0.4057212509870701,-0.595903678479772,0.4991335960736731,-1.1679304610921324,-0.24326760628690544,0.2029109347643707,0.35727996262494177,0.36178242409789335,0.48116222849229745,0.1291375933528424,0.31255510513700197,0.004970963088382516,0.470517667900399,0.309271588394214,0.29724173302725543,-0.19015071441021827
-13.122204710202555,-14.99371507740856,-14.013588380038545,-14.692690960718522,-15.402394014568028,-15.814760687917081,-16.03501196999983,-16.471118478850293,-16.98798358526842,-17.34924024252881,-17.056317508033917,-8.654120585300388,-7.962559232281342,-7.424437538306422,-3.6124444540125515,-3.1050858690854315,-0.9648265548870035,1.3950429489383631,-1.0861524365974982,-0.8645874016349845,-0.04234427678597578,-0.8655719178488982,-1.3022634632520245,-0.1789017231621148,-0.17484214889821825,0.4000843587677697,0.578336635325785,-0.377787335792466,0.7379787268602983,0.37487037507717347,-0.09068926829025253,0.5244491414582678,-0.1781667324237154,1.7436302375139527
-14.245202208656345,-14.415308227808339,-14.025368711121907,-12.34298925878383,-15.331793455666793,-14.637825034165106,-15.756940388134566,-16.302393116639568,-16.516165409806383,-17.188537856836636,-10.848815812690976,-5.618677582956654,-4.321921058154056,-6.720959670128676,-0.9988963783685874,0.3954344342322319,-0.9349844117391073,-0.23995554505685088,-1.478205241630731,-0.6317345603172766,-1.5070986247495908,-0.08485268540931722,-0.8954361901561431,-0.7384723249214749,0.05740188908869306,-0.045163506818329126,0.007829741362890932,0.7839392560836124,0.7225926040813438,0.09469874381029553,0.2467006133837949,0.6019477651736548,0.37434042873136447,-0.5787305052646666
-14.057648821941761,-11.691142619150398,-13.63289882425759,-11.966512182497802,-11.293218533463284,-14.532622233491704,-15.121472872591136,-15.48942123647035,-15.065840872345023,-6.687740509206763,-5.655252797065911,-3.522790492322324,0.9001211457395548,-4.619861389935888,-2.809319960164854,-1.004099572917954,-3.6292286032733623,-2.5542851896407686,0.5434920326764943,-2.2044574897407068,-2.55878104950515,-0.007844754601482276,-1.0133708099160021,0.34047273438770126,0.23334049354966177,0.012485301340044328,0.340406910625978,0.7208337734953455,0.5734719969022167,0.06652692556730577,0.38561766656562735,0.8020708999077616,-0.15528329260110785,-1.4263954402446282
-13.287335093450288,-12.902834564061513,-12.321331248184256,-13.20145763081141,-15.526015052449473,-13.726925400090217,-14.123109089534099,-13.843953966011018,-5.06131121866435,-3.3263978630979394,-0.6735083432646557,-4.060801229625625,-5.060728184997163,-6.556954476196362,-4.507441742531253,-7.775479365200393,-4.569222233606107,-1.9712800103921442,-0.0015428478466383276,-0.4752494125630878,0.416334712578626,0.9204070427990612,0.7266261882790184,1.440554161847975,0.372093941214821,0.39793951313363823,0.5995424365020859,0.05549498395762612,-0.32179076988393374,-0.47336766452512147,1.5778537440317493,1.0114141183021377,-0.9929233631888164,-1.4128890679904673
-11.49030320472468,-12.24815056920206,-12.953974891263094,-12.60591249707159,-13.912711044317867,-12.86536770323797,-9.72045950467634,-4.009381377190906,-6.845751551747873,-3.109692670600716,-9.252072593529807,-9.115559101124925,-1.1143665328818648,-7.556512316376636,-9.273494784971954,-6.832459325577752,-4.213953756209953,-0.8281439138157115,-1.5683760840566652,0.1897517414777661,0.7016980549947203,0.22048388565382177,0.6673541996656491,-0.06921591724843729,0.45692141709545575,0.8113619348997497,0.7378681218732211,-0.23319448585090044,0.15294311276234893,-0.2778861314100168,1.3416494840399773,-0.4482066649071234,-1.1973753851250872,-0.8945337654091347
-12.690202067183522,-12.230367276766042,-13.000170114312839,-12.41514976839148,-12.844851843843728,-8.91687120482589,-7.547509881930265,-4.596822196231789,-3.0377849580679226,-2.2434437787627766,-5.485169225266325,-14.977897159599694,-8.591334996884738,-10.62145268440296,-12.42277146634008,-7.286747925723926,-4.472353272969641,-4.8910081698084875,2.4801632425097786,-0.45860002855162696,0.7516897872660554,-0.8886143806552695,-0.5162698576571457,0.7669768747148965,1.4084685857721524,-0.016832421035241713,0.8296948682356554,0.49320117931573076,0.6645392903851609,1.1518266528547931,2.040629399581834,1.0712807107470061,0.5596141177480469,0.8009683090897645
-12.469730561641036,-12.121183023054352,-11.555527768351102,-13.169029775497513,-9.508157209304057,-3.638026580312507,-2.147872817944329,-4.205028921128221,-5.26613899654448,-4.632415299762567,-10.037976391508606,-10.825874425457224,-8.298869708819755,-6.049938102233945,-4.532975613850262,-4.297197713947371,-6.659113114432213,-3.9316284477046977,-0.026883332715082246,0.06583292034532356,-0.1440405306292058,0.6055158886189229,0.7558329012444633,0.8080287768293604,1.1931415274502912,0.88980893978982,1.2358078779484698,0.6910986658517525,0.45502527238896545,1.8989488758334987,1.586559477668206,1.3821421657542077,2.940945491804424,2.829274154765155
-12.052508624157184,-12.136900986603115,-12.49879847102936,-11.823537218156057,-6.224105340590617,-9.348973426103564,-4.227460103499463,-0.1770377876037919,-3.383355470024402,-8.081411308792894,-5.474710380925069,-6.428815993251925,-5.071368231421839,-1.1106458470243274,-9.067134062528623,-3.550583838987058,-2.3559919865707606,0.4247861389928619,0.47860892876622446,0.8249693304638372,0.5719035290852691,2.920130212556819,1.0798213335017233,1.679869151113137,0.590669830062409,2.379476382168073,1.3245116673924107,2.129200369999116,0.6143732438113908,2.8816292738115896,2.700258536708204,2.789297148961632,2.459244013805345,2.509336527745799
-12.639010247077742,-12.333268691098066,-12.364175712915031,-12.291102236676512,-10.38801358934203,-3.132101247262562,-2.4410959225552347,-4.177934671091448,-7.271461188864317,0.4655695964972136,-1.0299448807639475,-4.121247103126043,-5.760918614678817,-2.346363531289239,-3.1319847294217866,-0.7520863260997093,-0.7132568383906975,-0.7322919333083496,1.5446178439328024,0.6668593920510131,1.0800668243998444,1.2944969304001241,0.935594481339585,1.0334363684126529,1.3254669386269162,1.483873573119141,0.8716334563215096,1.5658872714451795,1.219789136997159,2.8728265718076753,3.4577616838719543,3.492480213188245,3.719912449271435,3.5830482874176766
-12.41591706659334,-12.036705004754733,-12.137750405671913,-12.370672748637421,-5.562698547944134,-2.116919612184089,-7.382850419288971,-4.3520164710939895,0.896116186139735,0.4157000913650004,1.5030724832326987,-2.145239219816802,-2.7349921635320453,-1.285170762013382,-2.430192472395943,-0.00046980218704981776,-1.3724970495801554,0.6814645141124023,1.1823347426350925,1.0813072531457804,3.3893566923268184,1.4782831391484919,0.23566767245148643,1.2530168695492259,1.7160218359037303,1.3838130766308863,2.1872145743911235,1.3362998612827708,1.082332112529263,4.444826641671422,5.551808870866998,5.457023452049977,5.280345929783387,4.485068233907826
-12.087123509110462,-12.14441516967627,-11.864048617392553,-12.228574615614267,-6.672770273019884,-1.4951421123674336,-8.064630872771271,-1.733255366702694,-0.058259263155455016,-2.437319973572817,-2.6153762156605445,-4.665572705068611,-0.824420850267689,-1.7311788251297893,-1.4674016341708132,-1.962982131187186,0.08070520840224053,2.5999345135447833,2.9771042587916443,2.3322279799759023,2.0706554928742693,1.1148832673819469,0.9513443124226515,1.086933437203292,1.0555330529031068,1.2427367776712104,1.7503727537749856,0.9635884781494395,2.120409238465711,5.448851390063569,6.023544629641866,6.185790461450486,5.614722299643804,5.097133182024606
-10.445120956895167,-12.72932533017116,-13.12477945192184,-5.901367811256795,-3.2042846085290098,-0.6939089859979292,-4.567911747432693,-0.5367253767682664,-7.408285345309999,-4.845642796577456,-4.909852580732378,-5.775688330188034,-1.5187092476040223,-0.600118087692251,-0.4250404677374514,0.7946237142490647,1.5009428380552778,2.371160911923024,2.650581758023323,1.122434405869723,1.2204183988744242,0.7155096813982023,1.2979952002162674,1.7557003407249712,0.30511089104030625,0.7005194232821305,1.017231601539513,1.7053128300769644,2.1213922009670125,5.235156544712889,6.081118995122304,6.37318181468149,6.14195786272122,5.117526404165529
-8.816116197728219,-10.246633984692538,-7.487455512097171,-12.159965111125317,-6.135869034161528,-1.3254669217410016,-4.044480305251323,-2.398473600369368,-2.4791234703547436,-5.459292044840814,-1.7795111178036884,-2.672440559106375,-2.6551511435312847,-2.4427046460052244,-2.304634606983061,2.1993644857343733,-1.3547645502322814,2.412048808538878,3.4464909445751832,1.4317853183095586,1.5697655158554336,2.1316233047242714,1.4745067535590255,0.3589296775159941,1.3340715424653895,1.2660798521870578,1.093971217137543,1.9167115572953968,1.6010985772681143,2.5761840658809505,3.0920893967861014,6.036230778229841,6.969732800044006,6.440987705957604
-10.347179575205896,-11.378728270893104,-7.941849899549781,-5.999479423233097,-3.572781745503904,-2.339662539755521,1.6274505872546816,-3.5351186868808506,-4.513104432076986,-7.501858833056022,-4.572371021563728,-3.4634139014821788,-2.322842738132917,-6.741699901247533,-0.3866902129086251,0.5806352651385568,1.3071600825811822,1.713532412326189,1.4569839516797,1.6534241187909164,1.8249657739739424,1.4457210180864921,1.4384138948491763,1.5822902753692383,1.9242821221960134,1.0060142672680692,1.7987262268309527,1.3652142049473344,2.0049628248021536,1.954057947142022,2.226813459641028,2.4151579213160153,6.622510936437544,4.1933665505753694
-10.519805830752462,-8.529304194446711,-9.119508444423069,-13.440314783028084,-9.07092285200915,-2.715832630240058,-2.096532952347146,-5.638858703906326,-5.391021905017051,-5.844244677045888,-4.117250998543049,-3.5790041490348843,-0.9373171030051115,-1.06396134979098,3.182157487818202,0.14180729397166028,1.4960451463300557,2.163214013787165,1.7827729648177821,1.6500013772412758,1.16219470619866,1.5331000127725432,0.8204134992713377,1.4139340033205838,2.031518958562752,1.68059802499726,2.020305919504985,2.2825185499168112,2.0057213475028863,2.135259142566644,2.9630861680061957,2.613370364017582,5.334313444730452,4.976063785665753
-10.219233149952425,-9.707539822998314,-10.058907837689517,-10.373016072966164,-10.753744424814565,-5.033793322243176,-0.31636824375393435,-2.2817309271614663,-4.234297872701442,-0.9117534398278395,-5.851819324330323,-5.8228203215436825,0.3554779069431608,-0.2019894924749183,0.3955986845361063,2.9106770230130636,1.865646616044989,2.8984222249528466,2.1433780876989563,0.9694716335418684,1.2629248594800624,1.5118916213303975,1.4891552328922089,1.3779610032267036,0.6982847323962363,1.2442650769685697,1.9099691161150525,2.579279786288937,3.2369594609569665,3.757405198923522,2.7044314926573607,2.8348184704394903,2.50610267948271,5.318141921327199
-10.442985547014054,-10.427847135124406,-10.350733658464154,-9.687699126044729,-9.635705370382826,-4.053767600973805,-4.504833668756313,-0.54032507998629,-5.786909039922748,-4.618404825647281,-2.7845243359417458,-3.0880909300354564,-4.674540033077205,-0.5773496488330013,-1.118533213963795,5.0263268484303865,2.1913272951991227,2.455234767445196,1.8632481938805707,1.8325942819251109,0.4846940222730266,1.377148441119139,1.1615309101044007,1.1029349047174632,0.9045337684694815,2.2231507778700736,2.5963204179582595,4.495815715420676,3.2280501055063713,4.094322486946468,3.2619891635856213,3.315490275915985,4.530852801087904,5.495414946057418
-10.398150622911288,-10.212786241934346,-10.1713952874375,-10.281330478389826,-9.529768348850368,-5.608054340732305,-1.8868190080954632,-3.5052839444409503,-4.275615897052577,-2.389969780231238,-0.8979085592428473,0.21296022209167667,-1.9787312869022904,0.1635607026031934,0.33148351732499554,3.8055425530102034,2.1131641471986224,1.4795738912072014,1.0449740924907545,0.9038662057676968,1.2133560842427207,1.8253834889412024,1.7895847961213396,0.9023391588738195,3.3385076230823323,2.5977697793991616,6.128830962313416,3.1472531339888548,2.517306740783191,3.161527458252962,3.241107664498621,2.195658022272041,5.984227466250271,6.54112061848065
-10.387866097372028,-10.456851067545719,-10.571396570086373,-10.559895242592445,-10.448768381280418,-8.969193803788086,-3.4865593336782656,-7.212298044890695,-5.839385773095797,-2.7251881962194613,-2.2483835359541193,-2.2383984951056757,-1.688264734404764,-0.6418614650001472,1.0824080867595807,1.3978821946196591,0.5939165902914915,0.8022652486608957,0.2821321033897441,0.359685868274607,1.7157325055499248,2.7383030040244263,1.4813620371577638,1.0103574620970113,1.1498713252614403,1.9247493011556582,2.49050999038231,2.967812288622961,3.0681297670475205,3.4215982043243263,4.0504499203363835,6.840729806624789,7.244728870882173,7.060488209146379
