script/wind10m.json
{"header": {"parameterCategory": 2, "parameterNumber": 2, "lo1": 3.000054539987559, "la1": 64.9999836372058, "dx": 0.5, "dy": 0.25, "nx": 34, "ny": 52, "refTime": "2025-12-25T13:00:00.000Z"}, "data":
[rows 0 to 23 of 52, columns 0 to 33 of 34]
12.560263969842996,12.971918641647287,13.024530891104778,12.975498071179308,13.205433102717834,13.702553066753529,13.682322326295775,13.608002494314482,12.869475489732013,12.80564487928909,12.90074501730173,12.972345984625653,13.184021844813882,13.389985012682523,12.806059292068634,12.804187326995573,11.286824978036348,10.463947966872466,4.865830143250148,6.171832047928933,8.270061475344155,8.423491940285631,13.23706917670036,7.494020191733233,9.044234184409321,3.836495168970505,3.859725411798487,4.168646698333718,2.842608041315746,4.07503895352126,3.3927818687450153,0.6589071223002224,0.4842888229935923,2.9242489036426678
12.358840335671909,12.608493509617752,12.74219793245346,12.670481070181431,12.660294285975729,13.018027570349329,13.344162422976714,13.553940475912654,13.409670625915723,13.276088683097013,13.083375567042452,13.004425553656597,13.273072507249127,13.221332789454237,13.126745964820335,12.809832659134171,11.939530804053609,8.150408355707597,6.747129512556639,13.42160574622489,4.827535206219542,6.395986547087892,4.079986402852461,10.558603421823415,6.933152314736544,5.456807775257335,5.100424671883972,5.232999537057055,2.42182625429507,4.204845268847803,3.252940890982136,2.4237339015384243,2.9790845654103486,3.35422414484334
12.2558165193615,12.294440129123206,12.343617469079147,12.41277080761382,12.37707928584425,12.585761945279792,12.926002422142473,13.126111058653983,13.293624963129616,13.296052295409055,13.261966631672996,13.46255803267948,13.705971624431644,13.403325358419444,13.0417427492472,12.526164433940165,7.972609259076396,4.6590208909138555,6.170965532826792,5.456409274738626,11.912763564218148,6.303955374592723,7.196325570961639,9.767784441196671,5.659051032719147,3.802731336094249,3.8336637846119515,4.193213967793135,4.11624676707898,3.552203270628882,4.070922083640334,2.905858559704987,3.2322719690724377,2.7108988116408512
11.436641883327264,11.77242070431459,11.912453275114565,12.127240770088598,12.014278431845034,12.009148134295549,11.97462597402506,12.820608113311756,12.894279542516367,13.208488120788543,13.131384426261187,13.377655966689836,13.880124574846741,13.516605706909901,12.275500364701076,9.317848925766548,7.652403956417093,5.648988129696697,8.811800052708897,4.18484930798456,8.730335229188706,11.944249100241269,11.389087643654754,7.51705050789355,5.044712299443954,4.471329852969124,5.072729962994237,4.16420919187187,4.126565614583822,3.5566313036157267,3.176557742080433,3.7738839256265675,3.396904319078777,2.5625783091422663
11.333856366515253,11.697980289715156,11.890394735443145,11.881809563375596,12.084546848147133,12.298436685118608,12.162938443967391,12.420502053747002,12.977068573138581,13.12199107695659,13.077081309419631,13.380608971218864,13.698600232035377,13.04835651867951,6.86217687362552,7.42429364375565,9.127258208421383,5.249266368131964,7.6715778068684415,14.550724562714148,10.634491086751929,17.097883978861976,4.552596430179111,8.639224005245966,5.99107003608929,3.933271913598912,4.91147595618252,4.118038107509651,4.956646611118581,4.71366436141001,4.420919939012332,4.328264865619878,4.157673850716657,3.4265604183246254
11.217767060697797,11.326574868064725,11.628498293504688,11.699193394467969,11.939621228853248,11.956347190541338,11.997593227340715,12.300349579666383,12.762426401658207,13.103090936122445,13.298041074817032,13.916911350064087,12.885419205005691,13.0726566040632,6.481597466300068,7.584560553375108,6.630678906915504,6.2260302942218475,11.725685672961971,8.872643659200527,4.807088201842544,9.216276441909487,7.563683722252302,4.246488562657769,5.355233002179677,4.157212215179978,4.629069575874756,3.9570148568914867,3.480320146142437,4.690159254360629,4.530608307451943,2.5321534680469795,3.170249686458529,2.9240772024860693
10.821277252804066,10.99153507628973,11.175076385498194,11.335473427453174,11.653087666750798,11.832588790366726,11.739115493361574,12.017232682278461,12.10959263917709,12.684313890653332,12.073256088890783,10.25197729848803,11.286125200648609,8.538426013618196,7.83842429227924,12.25239162978294,6.306118743312016,6.931940945813483,12.127266160351171,9.531238069202201,8.384704358850534,5.896764976889919,5.455176247840153,5.206260473907286,5.1353846732581525,3.9124518019440537,5.418125284616805,3.9120160676860602,3.5966315450356046,4.140139533746816,4.328754572700109,3.1666659079549953,3.08339282451676,3.8012230069577786
9.777878158105343,10.135323088772566,10.21947477636717,10.726956051633634,11.12856225460935,11.30863353085418,11.495844715955855,11.860771099578688,12.498290526670907,12.752317536457678,13.285465431415053,3.475367358806628,4.302417851700515,15.943321646612125,5.145049222461593,4.899672399889881,6.656605947203875,9.109922924554473,9.944574949160042,10.49296393785185,8.495779160175378,6.558553238182504,4.90511762332033,6.831447618645686,4.803682045108578,4.670629624639915,4.664903802304664,5.103400104767862,4.051182877760018,3.843756128809272,4.931029282433772,3.258604367005618,4.084179792094742,8.657292773904185
9.384455290250981,9.431878930197824,9.271111338057764,9.967004692804469,10.218866510086947,11.109983859331852,10.692418637471242,11.01140363004411,11.26754389314537,5.917407871830906,3.6344365169910384,2.1335929069557125,7.069407003121592,8.915492423402286,10.906294946692142,5.391760353009965,9.97583288749421,9.5552282022891,5.040728860342788,7.424608313817439,12.861992178418534,10.118181899990276,5.001956833774604,3.8122685170296466,5.181925972201465,4.731632096309321,5.134225529963126,4.2583447772600485,3.8429299398425574,3.8485012636942955,4.073463923995576,4.421749134834801,8.57488976759532,9.794618970637421
8.585184211762002,8.774360902603883,9.110304673111896,8.941993495965356,9.45450276815505,9.628675797149647,10.092477876017972,7.928816163420445,3.9928764106780985,2.514229486941423,3.8142838199239906,-0.32526393797228387,11.191049585203315,14.642784433972537,3.5739490469791657,9.461438511165658,9.586187239505625,8.225921015671737,7.207776071999975,7.700369564067662,12.084097337860904,4.373290244752287,5.769347546805845,4.1016500463806045,3.6241661783316474,5.117263260244372,5.16473498619956,5.546998996362948,4.776979391290127,4.519976546626522,4.564480823473143,6.977427841443709,7.86507054308484,11.4546500973273
7.720496465068607,7.180621941606134,7.873438471107627,8.315972143140117,8.543699366953367,8.409920706624062,5.250297808161138,3.5499074434705817,8.563884177011667,-1.2520050897698431,9.926203845296179,-1.3689897639458772,2.0543765839508503,17.494010944898996,15.505521519478945,4.154565030367373,5.543813267275123,4.26388737283782,8.534147461461014,3.73973788851062,8.522653507560054,6.982232084717717,10.691432693892523,3.6791326533467537,4.034218898374612,3.038126555839674,4.388901503152022,3.811794313225133,5.059424524800501,4.9597809621974225,4.49556213732188,4.937678663685544,7.747790946660234,9.72233580859365
6.983043245744755,6.997704266073159,6.796978556748124,6.852223998701146,5.472055214703448,1.3312569870562594,0.1774022259417025,-2.1919017739874915,-1.5860892550264831,-0.7678780611448941,2.7566243808501287,10.948207680480877,8.585152376108688,12.702995935068266,10.855863105217091,-1.0653748865897184,1.50990326339415,6.945082257863622,3.4593084073791003,6.6839796085341385,6.017625514036736,7.307610431310192,2.8988310744398644,3.7633761743327634,2.2772878545380175,2.7033870171944088,2.9064438146142235,4.164511699352952,3.2952169694192244,3.5840127861236426,6.47218270532919,7.3528716171749675,8.855047676811322,10.445337714379157
5.8887156389924815,6.355429299277018,5.857233069217431,5.180097823744111,1.7115499900332776,0.3042494827236204,0.628303199547313,1.7393733343700681,1.6150353135531295,7.85308571545726,5.563270687237701,8.052892895591024,5.294700469882364,8.614311309366526,1.9177765995366698,8.54494199504394,3.6174745967315975,1.9356382824662084,4.70303857813487,4.883980555377494,4.964386544227137,3.9361596703855444,4.348063788922693,3.040175973264324,3.775089051282704,2.6195206273561724,2.533578428745091,3.1829525765748103,3.25388325269815,4.8772374426447636,7.176293823878577,8.22092149077175,10.140377806602293,11.621542048433149
5.342094469017181,5.015336678565222,5.236318832223709,3.3958294064815386,1.1886809073539089,2.186070225162888,2.5894622495098156,-0.9559237920657596,0.6322099456029825,4.342135217633006,2.6737785928462166,8.312051539538768,3.4586241487835787,0.8345729257238538,8.932914579519965,3.1199345515629373,3.128351664774178,2.95122964070251,3.648452687278808,3.603488127787998,1.0014812926733396,4.595834964737739,3.9065231978447295,3.8726090601508956,2.8766167928593527,3.107153054753986,3.1117806532622203,3.185764997830825,3.0409152317843073,5.975759335176852,7.628803151345207,8.463731956815657,10.210213589457377,11.539647191477002
4.017514469051989,4.040439572638196,2.8661127386216463,0.2728951027820594,-1.9939199456181151,-0.7238612699711447,-1.0699020706061269,2.768253323570379,-1.3057088127877405,2.8064209587304236,2.250331584816953,3.8640076005874326,5.725578029082592,3.128655774822892,3.870147234835341,7.945003386115722,1.853517394097112,4.449901289359392,0.0607507180292635,0.6762218742299073,1.827188175259441,2.4372409399145027,2.9314586966258065,3.9829699597683272,1.792212494073184,2.6449722158548106,1.057877189626924,2.739547970415839,2.601831932073923,6.553881889709585,9.022624243337692,9.881318975401058,10.585164639615778,11.568170922445953
2.9252618916737885,2.880614196658357,3.5730406412978133,-0.9585864316512852,-0.5225235814864522,-0.5654311245384789,1.6391597957112174,-0.4127092475446063,0.23717839433561635,3.1661113979290603,4.967405470257722,10.635447323793866,2.7221308928662893,5.183964722912066,3.3077302703048272,2.6603585778197036,6.3721089405135904,-1.0084989852684076,2.43316134011311,1.0063651874223807,3.828744582793126,2.9062624369136802,2.0131208421409843,2.5040609319063067,0.8091568457995919,0.7182060899176581,3.551420541283341,2.8905219432794254,2.6690520314293282,7.018296387428896,9.891440822850285,10.441945702214463,11.505182476840483,12.298716418702657
3.1325808294958666,4.0279288132658975,2.7110613739207126,-1.6089646821794537,0.2433936773417292,-1.9464383418147062,1.4756757597031545,-0.7836486039790305,0.5215574430499524,-1.418201226493585,7.481423770339245,12.259341694008357,5.270094191391136,1.434236194632444,0.8942677855135539,1.3955015847090084,-0.7491519396357199,-0.6764901718836351,2.1177048635368463,0.386286306926365,2.0337055964380557,4.250589493452287,-0.11563089488309422,0.3962291162657212,1.717786072458333,1.320230848961767,3.4671426216336654,3.5816898528916514,1.6437068915652702,6.214754120881657,8.848137744990913,10.300225978136254,11.753232997064806,12.62872315946011
3.954675712465907,3.152161111608915,2.8495567631291605,-0.848986122574733,0.17123286754383707,1.7708226235090816,-0.731049665514223,-1.9286283587816813,-1.5416978129984347,6.422690413122772,0.8953467783445802,5.77498724204315,-1.2059623418686671,3.8839783784159603,2.6943180544611214,4.0765469383246815,-0.03651624567052117,1.9680989565819231,3.079916602275596,1.5668430081667144,2.1640476317115995,0.4608918716062345,2.931443913465672,2.751083166647592,1.1600816206066378,1.787135195533282,2.6821178453111205,2.2555847330872685,2.35559751287042,7.305093627430797,10.55361713109016,11.687116172457861,12.404071091063509,13.278513190380012
2.184119028087663,1.7462353672435968,2.3914761869790175,-0.6748676308376946,-0.22509635681873402,-0.18109487169562077,1.842795773902125,0.3850176770810917,-0.13268264572330743,5.783579503574608,1.9686413583493731,2.972647300929869,3.2792160495913896,-1.2315728999358195,0.5182938010353111,0.6256784854658493,0.7236618472180799,-0.6030053130328018,0.17394244431267988,-0.1571042740984975,0.6592180208911093,3.133705008561024,1.8029293830155895,2.3333580410555617,1.0984098296007894,3.3040224691710196,3.495941263171212,2.5903359903937653,2.167081637284049,2.8717287528753306,4.281125073495594,9.738399550245038,11.641736152414405,12.564495872368399
0.7841293852950675,1.0393304871501654,2.626384344596815,0.5759323059506464,-0.045747316104602746,1.0387907553385343,1.0907505437569949,0.988267749226013,3.1090764212987883,3.724694004102489,4.521984266022728,7.291735451381915,-0.9614296236277756,6.545249158815728,-1.4189954003688865,2.5489075418243097,-0.4401705860068989,-0.5388558660279777,-0.2877310365967903,-0.3205494995153714,0.0440361155720022,0.44527098566126505,2.765600725391788,2.2981287286392966,1.0530725059349628,2.398678221124616,3.090864401735788,1.55566833794458,2.0398145506963234,2.5121183858687126,3.085586261102574,3.269345758309394,11.400647607070997,6.309644151264514
1.119022150121727,2.041288436026668,1.6978415076418365,0.671657252453396,0.5642824169860495,0.22326750807482956,0.002539399521058728,2.4021762473675596,-3.0027648751743605,2.663217330273136,0.162944426734233,5.2954550787762,2.1444390751369085,-0.5490527908025558,0.4115653576463364,2.6456233943695713,-0.6375310344747621,-0.039754043453356036,3.150825551199668,0.5250015090510682,3.1827054882521493,0.11551611582851452,2.5315380964649505,2.350885287522006,1.2058293925423753,3.394751724964837,1.892796199452928,2.315423518512926,1.7799803733489628,3.6088786901336647,3.3643525437961603,3.2383635675883693,9.973029364896597,12.400897413276434
2.2860305196514243,2.5655111365194423,1.7301003441839164,0.7932254830081417,-0.07690853909381137,0.052802518124245905,-0.027074841905169632,-1.2472094729109515,2.2566540892391718,2.3747203007952433,3.4529861896238017,4.9702603002467285,1.4737884071042784,2.2635032591008,1.7725907180994578,0.86383699517813,0.5941180793795149,-0.5668476085954123,3.1445593312804436,-0.23984199143201956,2.9266790359366595,-0.8135863935157653,2.1996134840531227,1.625817368735099,2.623873690033628,3.30486388706292,2.376080369782922,2.13142578019639,2.8329713337126083,4.076609060244324,3.2763631805290543,3.9087612977411377,4.025175753970666,11.372694713932527
2.603069475728317,2.0359283694385906,1.9076234042050444,0.5775752717567381,1.2406752240054963,1.641768720179157,-0.8735557462918497,0.5389436826537979,1.2236527193779914,-3.0694731410361555,-1.7776633757154354,-1.4120923608028868,2.7910048990524543,1.8251390261447533,1.9205805856494478,-0.7990455597971635,0.6953606921222556,1.6555078678713013,1.1572886621397602,4.051339579312498,1.5673151950003785,0.6422464909093789,1.4326314192026153,1.6371375544281623,4.172652166098062,2.780560433193371,3.042428787710521,4.991391219035299,4.3893053718504,4.05514818921409,3.220214621350016,4.705893345228169,9.427265052582525,11.470422273562608
2.1556139078447085,1.9941758231518651,1.7713441353553707,0.1396449166496169,1.6680505197065314,2.7103981903641348,1.1317249286347666,-0.9167836273454802,-0.5714201009612204,-0.7740514899126874,1.5466211924313626,-2.4342400433824047,1.5124819869796924,1.376604946661408,1.536215751789475,0.9817239295548968,-0.3601387153516372,0.9588072631771076,1.648064179462898,3.1784897982080853,2.3338319688196356,3.591568248418422,3.7102889187250887,2.4446460341984824,3.7525613153179824,3.847923519012545,7.085475605733972,4.001513065920881,3.5408685354677205,3.304889986846656,4.368468672364728,3.7230463939994807,9.604985295729922,10.766720347794838
