script/wind100m.json
{"header": {"parameterCategory": 2, "parameterNumber": 2, "lo1": 3.000054539987559, "la1": 64.9999836372058, "dx": 0.5, "dy": 0.25, "nx": 34, "ny": 52, "refTime": "2026-03-07T19:00:00.000Z"}, "data":
[rows 0 to 23 of 52, columns 0 to 33 of 34]
7.706268459317281,8.098393484659576,8.192507715542572,8.931874356899918,8.727166371901387,9.181996927556538,8.841578552717378,8.57070727907894,8.175948070466806,7.712035334041692,7.257874567919472,7.125174662893271,7.002470698993546,6.113980085698237,3.5176405434394824,2.3652890269794065,0.8539001292105447,0.5458910379689687,0.049528970990093985,2.2686215189262398,1.0725569420812167,0.26663319421452464,0.9000415534067222,3.8248385002881022,9.288015050985235,6.610508548342701,1.9420025747093272,5.1455678779056795,4.7048941574909176,5.074651664878794,7.14114189063018,5.541082038189482,5.49895974056238,5.865383327117817
7.470071783791253,7.638181482670887,8.273048213954752,8.668304783116291,8.768477911488095,8.760633354949267,8.70491906979036,8.70804611500286,7.823772638253215,7.3795104301930525,7.34314421937468,7.304677526818139,6.23503203838108,4.510198177830948,2.9634475274518888,2.7762509102761688,0.9341414294597638,0.4943059168682433,3.039681170569527,3.7643748471814105,0.6116293760697644,2.270940115218086,0.9180075645939995,5.750317221363934,3.2107196152894097,1.2036540212154767,5.809103208823544,1.126664518071932,4.654276135894865,8.696589408429976,7.140778866143923,6.015074321574103,5.071744089488452,8.561476819060816
6.566023774358438,7.776281288749546,8.110505229697875,8.62777988745808,8.725596277208128,8.658691377069221,8.733225922164413,8.221380082868857,7.411500006556951,7.572375291360067,7.122244692315132,6.977580620591797,5.869457491755363,2.935551601986273,3.011921751423366,2.896761191254598,6.056767808925411,-2.3286624213042995,-1.8633980567207324,-1.6470357134130185,1.203655084786605,0.9375543905837352,0.3517437960036602,4.5861259102224246,2.79061811853081,-0.5118004452799712,-0.5377297123101333,7.070310263289168,5.8047327681846825,6.602762020556003,9.014005606410844,6.31220522879746,7.002657283784922,7.797108567749574
7.071046625363462,7.61113109114626,7.801289231758116,8.680950642540536,8.571352823441176,8.752857712819436,8.715790856474278,7.900130431125193,7.599106596069038,7.365872122796548,6.865439967664097,5.677518593294906,2.8152407940786914,2.5444101639636076,1.5583894022694882,5.413743261294099,0.40736321381388224,0.08946815590248879,1.0080732473659784,0.210369958039041,2.699898782875392,-0.28880033409602407,0.9799972910685679,3.2892270454173342,2.614262268470652,2.872521474736368,8.509316850531176,3.2996733799896623,5.989045096412365,5.864578211439508,7.190619222660488,8.81699992081602,7.657222899073021,6.94240785300757
7.043965224594319,7.240333170674841,7.4645943283936695,7.929530258746039,8.785549098348676,8.90173115358779,8.518247744716518,7.951041981266983,8.159736253804406,7.077054957092156,5.752997784689117,4.8342975310883824,3.423267802565593,0.7005766624144312,-0.8071275592327082,2.761316465664154,2.500817192514233,-0.16748340114890378,-1.7487116406875622,3.3144575363396798,1.873749656082453,6.958218076387481,-0.14004598133952176,2.1984737005817947,4.399903745101645,3.2141873105966874,5.355699143801151,2.948142175708499,7.639066115417134,6.275504867007554,6.466877682112984,8.623538021846706,8.653949838086655,8.369263442912958
6.471697250847494,5.855606979336554,6.726565681774799,8.257687144347228,8.8344696946571,8.44627321332467,9.183353691402417,8.55922073004347,8.109315541710068,6.9195098487571505,4.818305515582094,5.354513038918973,1.6902336608383735,-2.833430207638936,-0.6670228680870682,0.20134192282248975,-0.709667366921861,-1.3309639803856168,2.4748914189726947,-1.4375746240712965,-2.9341449999244094,0.6568818221185831,3.4749845467091727,1.6404442464158053,3.1805000296604313,2.956282084335755,4.820549310967388,5.053251239616809,4.6397509640656915,7.423245824453487,9.064626287427847,4.824002446583059,6.243055942011071,7.498366549050647
5.093402054812335,5.50903005945551,6.67041926813859,7.996639443332889,8.095976011497092,9.16107441802378,9.165113123879644,9.153462294268259,8.026380300375864,6.080053554795042,5.560893470229862,4.105055944229783,-0.16246157680101386,-1.0131352076885027,-2.79530714782946,-0.7400523893149836,-0.5669636632264806,1.3008059995253058,3.6411918765880458,5.474545159609689,1.3684750588823673,-1.0044983965204215,0.8115469792552777,1.1212148041880894,2.711438635686355,2.847791940049511,6.205615161019398,1.7292316172026039,3.142041792749315,6.484612158576441,6.148869773560064,8.334612861658892,6.7681312175362525,6.284715545898313
4.847993693412617,5.465484663941018,6.411221698882806,7.784656207538552,7.879225819525203,8.445404462806001,10.165086259196373,9.238535575168166,6.388137481174567,5.177728283650798,3.838786030449636,0.6628708985699342,-0.217259230199569,0.9990449912901218,-0.576501366434267,-0.37208576745611216,-2.0535298616833324,1.8513113134846169,4.957897585025825,1.4568920733032575,2.311953710088501,4.431727855108126,0.17943532557734826,0.8386650574932623,2.380232463937729,2.5053313743341445,3.9321489196139643,6.3536300192055855,4.337812681984588,5.830302082667212,7.65631456516559,5.533543792951072,7.165349092211056,8.780372627334945
4.596839657950723,5.386287664869658,6.444829160109243,7.048556810459775,8.44330320230215,9.200226613368262,10.721568556787116,8.721573432000518,4.252736516274582,3.413582564827847,1.7617807875871454,-2.1962769487451017,-1.3767530385688438,-0.9417358789101934,-0.3276640610645612,-1.9628987623425629,-5.276579918515685,6.552579019295893,0.24034174915842396,3.3938055486046395,7.481156597970199,6.120309902387954,3.3627247707585113,1.4864584350800483,4.633601161362806,4.513553820492583,4.601457879051933,1.23979026271513,4.812452274690807,7.960685172749041,5.520912646943764,5.868044570821302,7.090033402533858,8.975208448958734
4.551836784670401,5.277185424141061,5.7395556172727025,6.9838094205120305,9.041511027837478,10.424710323727904,11.3164460820911,4.826625302598947,-0.3294603134783291,0.05534658915980955,0.2595082559821312,0.07831076399574062,1.876485369156011,2.8888270837752117,-5.844253174774488,2.094388606288852,3.097676847531295,0.24875090608283873,1.9302788321631468,2.406716865636033,7.151048500250683,3.7396931164272647,6.260869262201729,4.888720814452685,3.427467879822095,4.290726421213636,5.2311985431559,5.163690872734977,6.032066587683978,6.053854563789532,5.543278962702158,8.340728251772234,9.192375780427959,9.701376898177783
4.539387339601556,3.9139870559469556,4.909273539721109,6.514911484081166,8.321242383831445,10.269023699248946,4.67520037852788,-0.10449430082079804,1.9062136289117348,0.44537492509458904,3.3745183961610317,-5.4158534649527335,3.916434477500203,5.328015729359362,5.036408695672492,-3.1849541047025705,3.6498499654565277,-1.011717561326748,-0.444945728849855,2.4543360125431852,4.872197717861579,3.1004740517885883,10.77767253407284,3.0439422835580134,3.943323106921957,3.0654724022251685,3.8737042714450385,6.420709314187084,6.667807582056674,4.163444090096053,7.332243758434101,8.646007535202596,9.075031418471221,8.615163301025078
3.65293385025938,3.489615724694071,4.053634493412132,5.2484196938882,7.725991859385048,5.151484082621653,-0.11480870361383388,-2.837843438019618,-1.9622198326317144,1.8697281640250887,-2.6085252469102467,0.4052444987395798,0.9843776120370674,4.969567950047664,5.925922711412587,0.8025178385270005,-0.7617434293871035,4.37918590358573,1.4973881061606669,2.0557884689368446,5.111709015064128,5.360323537800977,3.248265168529524,7.572710950718939,3.552098921351131,2.4646052747268246,3.7575186089624197,6.478643940146456,7.016690325606818,5.861913006754042,7.51394368025364,9.016048746552793,8.413688176028089,7.683443759577123
3.08510287885833,2.467560608576916,3.0435863592815195,3.1692078173571008,4.097696138459238,3.2018097283726514,2.031999355403662,0.8952376641798615,-1.2461889718684775,-3.605716386223796,0.11646490069071737,1.100646677733911,1.6273114890628448,4.0740034095284585,-1.5485849129394822,4.175136620217229,-1.4795546867401703,5.076333111415799,2.67808637259514,1.4617404508545986,1.5362368788371525,4.453193764908224,8.024456943983566,3.8757312421967325,5.169683692412174,3.977156950940779,2.6455693004102026,5.7971920355530555,6.076097350678308,6.195543554605211,5.636805644060686,8.079967240946736,7.873847571826724,7.244781292226791
1.9123377727088304,2.025934595911556,2.4355336985250764,1.4790271965478465,4.115488697632523,1.4291563190298553,8.76065153682239,-0.8638175816510926,0.3027231309814659,3.6042391787216066,4.250623530428791,7.159638644895397,-1.2074048524552998,-3.1929435905185803,0.8800182759605467,-0.7730657797173941,0.19285730487947417,0.555807766468671,-0.4994585597445399,3.1490007563021205,-0.04748399748569171,4.882673479787792,4.864768827295942,5.444946144493579,2.6541289235922725,6.6008533904815865,6.627236496036784,7.017385035559245,6.227456694182232,5.585510324832193,6.72029960400469,7.293314898904069,7.154751920339753,5.913262083999896
1.9224372921834016,2.015601741390253,1.923838194964683,1.1961836094760612,1.6441874561104535,3.330618701597505,2.5445079829639092,2.0838523411392176,-0.22587103107403195,1.0775425720161882,-1.543284739096346,3.4323783374063557,3.750012527251562,2.3859915480422114,3.145824027665667,2.1885324772496575,1.1475981089304208,-0.6661539900422728,1.7681849755430812,0.4071708245372861,1.3404799306923558,1.2322483214329027,2.2132935455451754,3.8622349014959547,3.141876266582156,4.615086531931169,3.783812129872678,6.441791174665221,6.748489643743139,5.1182803592206865,4.905440076970648,6.317386789739519,5.793260802101396,4.318125423570381
2.250437805505263,1.6925200004541001,1.4639666580851132,1.7476032291266907,-0.020847300946456166,0.6493146321334206,-1.5759824576533885,-0.24210812800751477,0.4081236360287943,-0.7648809368475765,-2.7714484653865883,1.2395591050682195,-0.3439077330173235,4.028957627478196,-0.3467365198347429,1.8474664531582665,4.283429673792147,-0.23011200197245385,0.40646807911113736,1.420658717549509,4.169654378416385,2.548663095896783,-0.8620878962465137,3.5463311234054973,3.2906191869019668,4.590113460992446,7.3187584788102935,3.634800121163064,3.9405711512221027,4.0387383903697,5.375211122318966,6.035772478047653,3.8444147411796648,3.0534494761194755
1.8763083735855677,1.5248179351234503,1.1621527992629255,1.3085437503285504,-0.24806835490917709,-0.05406518097181539,-0.3603083888034582,0.04179769934844005,1.012557022439817,0.30826030927883297,-0.0941235825401405,4.200426916815749,1.3905906299982747,-1.6102825672054233,-0.30919518314385797,-0.39968976154393543,0.2795811429530467,-0.339121592826401,-0.1084966250169229,-0.027661342395120695,0.7558701162264333,2.033005752819781,1.2695372447128164,0.25715882233113163,1.7751564878008583,1.645298023699843,6.21381854868436,5.551074270266901,4.42263525141886,3.260929615423983,3.9539772336177963,4.326209922605422,3.4735836747226676,2.3108685031027423
1.4913959402197388,1.6303555931275475,1.3017470195972696,1.1949142871709757,0.06550639884466951,2.548168347807419,1.0615264615383697,0.9215968293414559,0.6364085776296414,0.1486464765611073,0.5662901424661136,1.6429882810908776,-1.302359334639789,3.4569961022333113,0.8443638275834869,-0.6611868693747093,-0.6635142024813154,-0.13738141287080394,-0.5787155599186234,-1.3039085089891773,0.11765582809333268,-0.757956168399458,0.6760680361522622,1.9412930703276396,-0.1027698247927107,0.6804439506708229,1.8419575402988007,4.202649812443954,3.4646372871746274,3.286733417755998,3.045798991065347,3.5547552033086203,3.302180708099189,1.8495191540406806
0.8975511563226207,1.7452309515101816,1.2526826485278693,1.4524686329487826,0.33670234484571704,1.2417817223138667,2.7559930038603113,0.2033920158899657,-2.5698304733373,-0.14369966209445423,3.8237035017174383,-0.42327209124521753,2.093273969014955,-0.19882337226874047,1.0542349983389818,0.586221688844581,-0.4056245725288403,-0.8969053463072668,-0.22964470508813606,-1.3044555492708465,-1.208703349689244,-0.3045882203833646,-1.5263046441436268,-0.6618089714702236,0.17279821749637048,-0.1260086270279127,0.9772782791742888,2.17128079787058,3.0745791726785567,2.793077639723677,0.6924799578876807,1.459968776572633,2.1214603335369584,1.1729130796217493
1.03961572142035,1.581034181473552,1.4870421671662506,1.6112335202433758,1.013627788164029,2.471004494026002,-0.07193161931341349,-0.7344484225902126,2.3100160552905913,1.4990795039574665,1.5805848491278094,2.572540617349216,-0.9714258982626142,3.667173824673248,-0.5145062084041377,-0.8906297754591691,-0.35149528985399364,-0.7493503937165722,-0.8942652514645981,-2.292994081147013,-1.5822466485899092,-2.937113335800629,-1.3918495088647602,-1.9136908894079283,-0.8296590055343499,-0.28456280947400464,-0.7913019871166097,0.7181272040106208,0.2541889574723111,0.6019104737770387,0.6092928169634103,0.7558934306725642,1.0631692562620347,0.9138550593859597
0.9613930453365442,1.750667384651399,1.3310414529360808,1.544670524507296,1.4513256289211702,-0.21851912563828263,1.8839752948524724,-0.12693985408324834,-0.10810094512146677,-0.18654693917278503,0.04403829193017535,3.3352768770728565,1.5249465703920306,0.8194523754403321,0.8710810692594703,-1.591426071834397,-2.0925444531956936,-2.043782271203635,-2.7406916894351294,-4.080974808415468,-1.8285829188552043,-1.9075500560933218,-2.7588981929539855,-2.331813614962567,-0.2100837914591431,-1.0852019484760218,-2.1660815951334262,-1.8966359322140809,-0.7042455489709345,-0.3353661893286303,-0.6870824623125775,-0.8696253454219969,-0.6822982072610274,0.06250316810876354
0.8829434217395316,1.5539389019492904,1.2358535954987808,3.1402898629060028,2.0261261490327427,3.353592243221057,2.10981674162596,-5.356122816504016,-4.05807894960887,-0.8818460193973814,-0.9723069625182454,1.0102200942840867,-0.8761072866962649,-0.6759429501192623,-2.3008981352164244,-1.885291087418029,-3.7700644289250094,-4.523053157850916,-2.887250472211035,-0.2892451986135136,-2.8480658564807597,-1.8334991240740641,-3.9734693316179115,-1.534586184471882,-0.4369933847319277,-2.0249029489699297,-2.319560038749245,-2.748162060259508,-2.520748490495091,-1.8779351998822553,-2.3880245347944875,-2.334181855010024,-2.231353704878397,-1.7235267053364502
0.6572206939441784,1.453300967501032,1.3557800047052295,4.344473055574492,2.228165245620094,1.169048077097072,-1.636669989238501,-2.310002575225899,-3.962700355201092,-4.67840890797949,-3.1783091430617736,-0.9463055577011296,0.8637075967148055,-1.6135371151588824,-2.424094200914455,-2.2766894509841284,-5.559008311615281,-5.196469353538722,-3.1653192579386027,-3.7308889863805055,-4.615119442517457,-5.256134921756465,-5.429783207516115,-2.0409380315323897,-1.9142399826736587,-2.2825262240714426,-1.0988824138669313,-2.3525456322922005,-3.242820581063775,-2.9476878659123233,-2.8180692386597928,-2.853130326213865,-3.2326541309956567,-4.011199563701843
0.6104241162565242,1.0063414698249682,4.501734748201046,1.6387311944550162,1.2792843102522993,0.2407355203499969,0.00891683026594702,-6.643884357481996,-4.7947581829361985,-2.137204301576069,-0.14328639294757753,-0.10271510549354584,-1.580566323596621,-2.137732008963093,-3.995906699405818,-3.256540453081689,-3.835596568298363,-6.813738953263863,-4.579534870564167,-5.1164034218036125,-4.261284696926921,-4.647568711278736,-6.183464525130317,-4.111607665470949,-1.914539417236616,-2.1577063041445856,-1.5561839938648059,-0.9035549174314356,-2.1728184240338693,-3.6454009089156205,-3.8418858918814087,-4.345752961725537,-4.291847438830887,-5.427888890905071
