script/wind10m.json
{"header": {"parameterCategory": 2, "parameterNumber": 2, "lo1": 3.000054539987559, "la1": 64.9999836372058, "dx": 0.5, "dy": 0.25, "nx": 34, "ny": 52, "refTime": "2026-01-23T17:00:00.000Z"}, "data":
[rows 0 to 23 of 52, columns 0 to 33 of 34]
-9.248875610617986,-9.33928746682785,-9.444670588793286,-9.639835260064748,-9.960244007954588,-10.007742175106701,-9.45847959493642,-8.873434260198968,-8.50201094552787,-8.011895467197949,-7.432890455122294,-6.8570255995854446,-7.045508196392928,-7.374452419519821,-8.03957149513279,-8.03272454562292,-5.034233527232917,-6.839571264970795,-3.3347498739956003,-9.814717552197488,-4.247237447733209,0.9068933735694863,-4.361670191153535,-3.737302202148456,0.6098413960215372,-0.34262814030035094,-0.8481463844773807,-0.2474032696423434,0.4499097966722102,-1.3053177012502193,0.818703867973252,-1.0553672589427021,-0.6970402148430221,0.40123003244682726
-8.416921560633261,-8.420178953722749,-8.26975585402301,-8.098656175299894,-7.800545878752114,-6.201397934162943,-5.965939831687017,-7.002250354788027,-6.5008040696938885,-6.961730272731543,-6.796608783850962,-6.683177793262886,-6.4279185743833525,-6.948013750272068,-7.641233831535965,-8.086361768725784,-8.141172215203929,-4.0424391878109205,-9.866810727735098,-5.779581868530734,-3.937668184078531,-3.209057402627007,-0.3431891264833419,-4.09517254167633,-1.030349200793829,-1.164669849311231,0.5016833510728235,-1.4438229189606522,-1.400861364682334,0.9482131045859526,0.7269241054117035,-0.9130091730346223,-0.20129508894539944,-0.3142799984188732
-4.912863059055133,-4.319822955072753,-4.034236924802232,-3.248281625429486,-2.1571808120780323,-2.8471583893376446,-3.009899962293232,-4.083005910028883,-4.428830697914231,-4.934758555080734,-6.574757678486314,-6.197603698479665,-6.085476569525722,-5.812168619720845,-6.637459416167202,-7.668309145645627,-5.8823607240404385,-3.773565060086735,-4.102659831502969,-3.631859079989816,-5.327295282261728,-2.3153713007512007,-3.4937715856642177,-2.456701724708704,-1.278667456519712,0.013796581408807103,-1.7841794067709666,0.4150173194616093,0.8372223001121777,-1.114899816330088,0.12979674055483092,-0.708809040815081,0.20721308268974753,-0.955764435568383
-2.63148434194478,-2.4952931064916455,-2.106321022349902,-2.5072803283386005,-3.433494766156445,-4.283115991318239,-3.5023514524472557,-2.484396041924643,-4.2112404953387745,-3.8108885562346253,-2.956841669185616,-6.072476088523764,-5.897418953695423,-5.838837097046283,-5.565715860184996,-8.189829823489696,-4.21316190190136,-3.5997963654011014,-8.579348817309432,-1.2831886842196762,-6.822111305400735,-4.62030574306588,-4.055331368087834,-1.6829113941539238,-1.4564726710327711,-1.5802253303262324,-0.5700859746768321,-0.5738242775922235,-1.4988074653531243,-1.0108822525764385,0.006836647754091927,0.5234616316461079,0.4198849662439815,-0.9458904484920992
-3.5211012656545226,-2.046034610252404,0.018505018083174993,0.7473537132653865,0.13632642567123374,-0.5170912224356289,-1.8413918271434793,-2.096381901541116,-0.33277483528711543,-2.969055340525322,-4.238855922516024,-4.9111877029538,-5.796584626825522,-7.558329597338542,-6.072514780471356,-7.8026694907351635,-4.328056854882904,-3.019762453241028,-4.522780103834621,-6.502048729462457,-5.16405535641673,-5.3559667459945866,-1.973989056468402,-1.995850200978714,-1.1380272158612776,-1.9603871798445882,-1.7131569364652717,-1.7057878557921264,-1.3338364535037806,-0.48481761734870743,-0.7715103676301421,-1.759361832906686,0.28474027137255786,0.5386368179526922
0.8369903879388523,2.162333652541857,2.2724599473749985,3.4995648740817,3.4461629242168224,2.4074314708255473,3.1313222770923144,2.0679603991918487,0.5323475735163774,-1.4051741707042635,-4.020032256121918,-4.811148272426534,-6.155520383863242,-9.534922722108947,-3.560621000600876,-2.5611981824690777,-2.160869392962227,-3.528432385556341,-8.3133120116507,-7.989758219182244,-2.554718019511917,-3.6065121759995056,-1.5731130678425387,-1.6820305665297937,-1.6433141957999475,-1.1960327925071335,-1.0670161078432252,-1.303575662979938,-0.1851156705743433,-1.6593179170271988,-1.2858265320578672,-0.8575199739422613,-0.0022902135485288427,-0.29052069931738195
2.3539415687556184,3.663982181892285,5.143250099051614,6.409083507132635,7.07641008576525,3.8023574351720706,3.386652284015886,2.7013449341289535,0.36098811834365646,-0.1583610292888489,-1.9955310875493888,-2.9878353197453005,-3.7407809888482015,-3.8277033216984098,-4.55877032743867,-5.46108785081704,-1.8467315479641355,-7.1018331288246,-7.440155823259454,-3.9466341180742495,-2.493479818185803,-1.7582693453180647,-2.294177572635786,-1.8592096190898721,-1.5760259626933004,-1.4949631819655433,-0.938491905566958,-0.14896549229729547,-1.1920945326430366,-1.6175975261403044,-0.7029570208229488,-0.696800225913366,-0.5544723580813173,-1.5122325771602416
-0.4082099505862161,1.3213704014814678,3.0793957608535187,4.866672097757051,6.381083311895259,6.547695950531787,4.6646188899005665,2.510475916151728,0.21526705027953077,-1.6273595492367183,-0.4211248278893043,-1.6551762366179987,1.348279601528827,-0.6961206019803822,-2.2232523408076323,-0.906054383344219,-2.04199842941898,-0.6386061510754616,-1.3847697157079297,0.4584688694445511,-2.7923920891740277,-1.8521274744335938,-1.6013851271779784,-2.442968587179478,-1.2589365172804337,-1.4526144547667486,-1.126356826929681,-1.2171416706991998,-0.5524814759542974,0.6640378041573312,-0.9375513078910966,-1.0362295258423662,-1.36952379598893,-4.043740035121864
-0.9369380442304602,-0.1615059683708864,1.2994117818077013,2.8492847681556053,3.4045986513056823,4.696342480288128,3.991731397780867,0.2822293488097909,-2.120237649851313,0.17252703280246334,-1.2251045864392538,-0.9947176504847846,-2.610410443292762,-6.5674271337964365,-3.7683687316504777,-3.020238620360456,-5.890778584849457,-2.670426011379209,-4.799350124142192,-5.473016713883066,-3.6330617214476386,-0.40662310982446337,-0.08128580916126192,-1.5333759846517991,-1.3479636030026247,-1.3879522509920474,-0.8859736526672193,-0.20260391889274246,-0.39209004328958835,0.10134559256389396,-1.0503545230480722,-2.7569600023951457,-4.2926917484218,-4.064048351615702
-0.5413194417178955,0.1074857695641491,0.5731354658779757,1.819605636095235,2.4855732304786597,2.3851155815253615,-0.10508433296021881,-1.7579105038880913,-2.643983701391918,-0.8293882052358974,-0.09027935895900133,-0.9310931180146363,-3.442591779913239,2.529568397449006,-3.8102909920897785,-1.3986686964149921,-0.4409244369824541,-4.888829195468973,-4.921909503977919,-2.271157173354309,-0.5664065193051386,-1.2209463037927974,-1.5984847413497614,-1.3920509933630885,-1.3613980700813473,-1.8002457719978524,-0.7240876034563689,-1.6915504126064584,-1.7126678306438399,-1.2262655967622493,-2.2815725254032793,-4.580947918754555,-3.9796401146722045,-4.064862730289082
-0.8844741722033906,-0.2717205996136042,0.4504828445992773,0.8846269875239373,1.2974402191139731,-0.1187509125668849,-2.1633282384819514,-1.1498384625206575,-0.5805566263381808,1.308149015063295,0.46575106165812064,-3.675732128316134,0.07350487801676661,7.8316353295398775,2.9424528885346812,-4.316722404588617,0.39029856652210615,-1.5663224325943501,-5.37085634050931,-1.0647956698003014,-0.4481317024223224,-0.761895622863366,-1.0561040935809671,-1.5241417137565347,-2.0303113994982933,-0.2923789876761228,-0.125393280207197,-1.155438112857752,0.15870243623882718,-1.3072986756049336,-3.9891255772685197,-4.005799922830178,-3.8287372654809735,-3.7950905970697755
-1.0917179605998153,-0.7656754533378994,-0.370640685424018,-0.6654983925912173,-1.3582851417229644,-1.4214384037837247,-2.66828344386476,-2.281183611812008,0.3306162978263944,-8.885220413398065,-2.8355110937896675,-3.3153469858600872,-4.976093796055362,3.4157837688510555,0.3510045511293539,-0.919522772516358,-2.4332023366955715,-2.9824698076180938,-2.158716153540883,-2.0332794018466527,-1.4153541417964397,-1.8600255491563635,0.12684274212397842,-1.383384755701295,-0.9994814424102683,-1.2519960407098747,-1.3634620116174505,-1.2873767994747027,-0.9182397713012639,-1.4752437451010223,-3.6970783577296418,-3.3848824977181855,-3.5239632391058047,-3.9814926769357513
-2.068187579776123,-2.1651865985198326,-2.274695951438905,-2.9433940975482638,-1.8972685997278014,-1.3542519844979377,2.049775914319941,0.5318444349567752,-4.656312425700941,-4.9901438811071905,-5.635367514298033,-5.382305903030831,-1.0399768600225399,-1.6376496688090838,-1.944943196050113,0.40850995443869337,-1.60128587450079,0.1905079877928876,-2.308940589148018,-1.1928809669181313,-0.7254375152179579,-1.5304453491229941,-1.340067780462513,-1.1837767367275933,-1.5579346740586155,-1.7277066383659083,-1.0570563917212927,-1.4218253925197133,-0.9205868102035776,-4.507878872727587,-4.085899808809992,-4.194199490616606,-4.415175445471317,-4.069741339154599
-2.5839806968996832,-2.7147186153041765,-3.2589875056624993,-3.8856407102824786,-2.340876803128283,-4.629547853793319,0.2821750509794563,-0.9662485705937163,-8.645856893050164,-3.63239300844044,-1.7832929199539291,2.7713236981772353,-2.1837716744059747,-1.2650302799726274,-3.8432734138915987,-0.7127362805888453,-1.048214082918711,-1.3219669247724537,-3.009790566149031,-1.5179275163793615,-1.2012673456673317,-1.6748664435901657,-1.6655917112030656,-1.3438908330381862,-0.9514000872251955,-1.2810697018407058,-1.0194180620003555,-1.060494524572961,-1.291272836215562,-4.3484150856691475,-4.65828963408274,-4.383966655152388,-3.3759284264779934,-3.6833430168255554
-2.7770014998146153,-3.5880690834187603,-3.2352931858211105,-3.4553604256049946,-2.3077431856017645,-4.543085696712128,-0.9189095031565199,-5.702590839475683,-5.077843327314249,-2.903478565180407,-1.8124154623684507,-4.345259462752388,-0.14350520837593211,0.1703125949718926,-1.1796001736855684,-2.259610446620945,0.5250244017242628,-1.3949159528429236,0.17335555342073408,-0.4423282502765045,-1.196278336345208,-1.1171909216539773,-1.2917873174373002,-1.9846061276351434,-1.740427282201706,-1.5109966017166712,-0.9347531181140775,-0.8854858890952654,-1.1433631967483318,-4.275085401042405,-4.65111367767062,-3.8961105348263247,-3.3170468984798656,-3.9600416261198825
-3.4031212527379076,-2.7520094276363642,-2.2613110176762126,-4.514795587450038,-1.873987388523076,-3.3775790203620875,-7.106708706891735,3.5287679420930806,-0.36486606620275464,-3.2644064176640835,-3.1920584263126592,-3.6953018733792917,-3.059896350720144,-0.8584748211919714,0.3345721143882856,-3.1104490401013547,-1.2880492445943346,-2.2451221078969383,-1.7252148447328057,-0.30280096278527024,-2.0068702475842284,-1.5311196113451533,-0.6204786120298647,-1.2907447539612753,-0.6965852321457816,-1.7721364903412862,-1.2428960418264576,-0.5236936086778493,-1.0306613625455658,-3.371729056016049,-3.67698326964952,-4.0826206232173226,-4.535760087123971,-4.483583069746159
-3.9820691927611236,-3.9383940308200547,-2.681388239904534,-3.8199492708902048,-2.041661116794737,-5.454103601666193,-8.310976290493837,-3.0060635763019756,0.5900640722169649,-5.895338480380565,-3.884820147113362,0.2967236236119784,0.9893720527380606,0.4304999467086203,0.9413580085514183,0.1959158472034988,-1.6848884441602343,0.056938157355698904,-0.36819650097074863,-0.9249868726870788,-1.4808865460517464,-1.8731336584213116,-1.7676624042007012,-2.0442200011360376,-1.706494729663457,-1.5583033852393307,-1.4361953852298133,-0.7614269069221096,-0.21892363112628857,-4.981573800033535,-4.802780485415542,-4.285275177935728,-4.659004674013616,-4.830927001754358
-4.427838542450276,-3.6540418590455706,-5.152016747950641,-4.279949181903664,-1.7833655287905994,-0.8749246519560947,-4.954131187578433,-0.12837799636349595,-8.122762149116607,-2.080482946179294,0.9827245691222459,-1.4419901955574232,0.6184145481467455,-1.1070442935842848,-0.8437025590788748,-1.4455022917342546,-2.2442945626198347,-0.8765933033942448,-1.5604561923750961,-2.161343963058731,-2.876579499785931,-0.6697902854644485,-1.7973451473632756,-1.975919474136443,-1.018606353854236,-1.7002643578505472,-2.030200551503621,-0.9684634600545375,-0.6235625380295617,-4.037278168005356,-5.293163780520917,-5.548917872133803,-4.979719665195218,-4.422848827847055
-4.030938173500096,-3.3345486261411996,-4.345065050835065,-5.5101180242690795,-4.23452012446696,-1.8203634705847842,-4.291900126567474,-2.108756560422272,-9.996101765470272,-2.1135251297836257,-3.8721783398933276,-1.2056956533182737,-0.9734442653746598,-1.352361274989697,0.4502809421384749,-2.529925682992358,-0.11217512354546129,-1.1642346101016687,0.47219303633523974,-1.5167956598774484,-1.3704445298399395,-2.9434218798239935,-2.413198308860768,-2.31017230879197,-1.8196307817921262,-1.4178114250261045,-2.0578809234840745,-1.461222814360274,-1.0755907830159253,-1.4750736961808817,-3.600092379908831,-5.530233415906025,-5.771908669155831,-5.636540162755852
-5.909119546721261,-4.649804539277555,-3.336202357908835,-2.4676424219864375,0.05876637897170297,-2.4315665555352917,1.5193109307913462,-3.1032999669349017,-10.29072427891013,-4.094044242973541,-3.8487018969590805,-3.3978960426830045,-0.8030811268308192,-1.279670960798136,-1.1159887405587472,-1.2696112278850826,-1.7698245247522673,-1.275571446068543,-1.2839256702025366,-1.5092158576909371,-1.5405769791220234,-2.3400139187467985,-2.3100538522907907,-1.8578555491796893,-1.570184170542476,-1.3633719439107,-0.677439320497348,-1.8877846459038135,-1.4541575653984136,-1.730604374520729,-1.7413882084444605,-2.6940264870385766,-8.247344016472146,-2.923547013858468
-7.750961875741837,-6.316446551586379,-5.385393695883763,-4.849554013079597,-2.817315168971717,-1.6367443382532851,-2.0459125573736423,1.704445613773118,-3.9544621960996005,-1.258405791943138,-5.878346520002687,-3.548772089605994,-2.3791435498197506,-0.3047807428555779,-0.8524533225863811,-1.9756119279699575,-2.061573358712801,-1.4396360942787487,-2.348459466681474,-2.698779226041373,-1.703353632260268,-2.0353787365092617,-2.8182731465613635,-2.454647673201545,-2.3754170907009478,-2.0727832010259375,-1.5480382124984011,-1.6154394524011682,-1.3013331828500783,-2.2932197901449483,-2.173626208604284,-2.325272409658183,-8.938027555365485,-8.294849814556295
-9.565899362675857,-8.360862960103711,-6.0310020502013115,-3.7945706069871012,-2.9169977189060936,-6.66231362087146,-8.957411412742626,-5.659665434273126,-9.017336994732906,-1.0750209407608542,1.020159478998955,-3.192422449202438,0.002285987784575739,-0.7888152928705179,-1.980689072776754,-2.344910836487942,-2.162264835340602,-1.8960261193778212,-2.1206668649010516,-2.61808633870973,-2.1410286124158757,-2.4188660467880876,-2.765493585397351,-2.639897268629943,-2.588555496215496,-2.069931883602448,-1.9345021906170852,-2.307486597753501,-2.08240457436039,-2.154710216375842,-2.048315404714991,-2.3548590827701363,-2.8741260702536584,-7.93514462876983
-11.356084632101194,-8.765575026235092,-7.308587526542518,-6.811557283325206,-7.524358177450648,-2.277282532555234,-7.674824687909218,-7.326285486681413,-8.252225760240664,-16.378224956346802,0.13623182227859584,-3.365385932732867,-0.18654269613365645,-2.0473067593094867,-2.1374880663249196,-3.9410711700688803,-2.0477522900639267,-2.5609889746453143,-3.1032360675853496,-3.4194770315128507,-2.8660602140753744,-2.729914137363136,-2.8525381033618493,-3.1341185854555067,-3.365903332087058,-3.8112961866333954,-3.1892507492870252,-4.765459768275513,-2.744813604399636,-1.7924188156448224,-1.9710727781606792,-3.841892467768855,-7.504481426570498,-8.00161281315204
-14.264076919875261,-12.53273864096649,-11.095979989298412,-6.8781139008281,-6.640740621066541,-7.018446155677602,-1.4764098248638287,-19.76635907115023,-16.541816912913433,-3.161836562169566,-0.5619231603844494,0.0070850345681423964,-1.3803400003887052,-2.065097828923552,-2.375197328789929,-5.202921823592802,-2.887083578556843,-3.3615451331536557,-2.8810719165229344,-3.3924526988104544,-3.293405241233048,-4.481701377151205,-3.9330612404480276,-2.976981046264637,-4.800112814997898,-3.5224763945889026,-5.137790768118681,-3.4165384691306233,-2.6233059284402733,-2.9264444728469523,-3.2811691581481357,-2.8312370725407754,-7.4621056244888,-7.639333603518093
