script/wind350m.json
{"header": {"parameterCategory": 2, "parameterNumber": 2, "lo1": 3.000054539987559, "la1": 64.9999836372058, "dx": 0.5, "dy": 0.25, "nx": 34, "ny": 52, "refTime": "2025-11-24T20:00:00.000Z"}, "data":
[rows 0 to 23 of 52, columns 0 to 33 of 34]
2.2183619220773934,1.0613320966695887,2.3125683279996956,2.2466551148614817,2.2368519065489716,1.8322886188313703,2.267154976830964,1.640095130116909,1.0781394023845332,0.9200877470509348,3.2960480668030767,3.3013811314397095,2.2029023633325573,0.3484614096442129,0.4578661494321746,0.3716540005505267,0.004766145644829572,-0.2861311721614125,-0.7293166267461484,-0.8249815429418839,-0.27021310560441714,0.22021229751386515,-0.4193253156725717,-1.1460883249239637,-0.2365731915655712,0.7176570712607355,1.4626967346549824,0.883408796906015,2.6775204877580543,2.343389199069636,3.2778160416623763,2.6901535352185064,2.1712472416659985,1.2629537398171358
-0.5249548875765786,2.3933366306619095,0.7815355887860967,0.85046757198924,0.7953262621775989,0.02947811903766175,-0.9434070863663084,-1.0665986279011859,2.7380209441146293,3.6502489065337147,1.9547500244804483,0.8350077206531742,-0.20636848001648128,-0.517869236238164,-0.2601800027570111,-0.5490187058227579,-0.12209913569680307,0.3048935395735918,0.13714803560045943,-0.5183687311552065,-1.2926852266050592,-0.4831322545033215,0.26373327927571877,-0.6180238669740413,1.2614330945112167,2.599383028373805,2.5346740941137362,2.5218284733463294,1.827293202989416,2.01143499343576,2.880300348132281,2.9873108205040966,1.5151725662682367,0.6602636407863206
-0.5411136403194935,-0.9093509603937763,-0.8485675670657379,-1.1521087243132693,-1.18426046125422,-0.9344741058957192,0.43829930731003514,-0.10308350375514412,1.56522140493056,0.7464584133292042,-0.25110420283840534,-0.7344474149937016,-1.5022548113297136,-1.241413246927218,-1.4619554683902987,-1.683217166665422,-1.1775419581711613,-1.3145294240692447,-2.114802919030839,-1.2560084956183508,0.5298743176419944,0.5428172203359776,2.265000423187022,1.0779781412973009,1.2451665687679172,2.3010243427068335,1.8804814100076663,0.9938433288037863,1.3238079578602566,0.8916569681631581,0.9445416865164575,1.1431283784929036,1.7360909726369746,0.1434415469239392
-2.4149673096712196,-1.7653728959467971,-2.717943596334354,-0.9395796134419384,0.2366918843598243,1.1661764624217674,0.11785932444291394,-0.3054792897602083,-0.9177510848405954,-1.4202051552542088,-2.0335944979869325,-2.579736246229385,-2.5124302637135845,-2.5404701833738357,-1.943938373181718,-1.9897377218022654,-0.4879200028070107,-0.15782947325575003,0.6065738186392126,1.0019441443091492,1.313725039385796,2.174900585928241,1.0420630468988452,1.3019122861524453,1.1769925086011086,0.7265242504830507,0.17007318816783035,-0.17300258715838912,-0.004712319706925784,-0.15081642995822298,-0.8254539857814401,0.12490131740253885,0.3009486069178887,-0.05597373063716146
-3.698624480914587,-3.502650842619811,-0.8622475718319845,-1.4371058324698542,-1.076217279140691,-1.1365114273762285,-1.6904423094740404,-2.0764991903045984,-2.7469476177423076,-3.2979432940942073,-3.592308075325083,-3.3180761595188173,-3.1020452062642057,-1.9757120035245965,-0.35086867479860356,0.42827353853666206,0.6071571755580422,-1.7821685012297463,-0.6869544649999628,0.4825589339273814,1.1294305717603683,1.1911377160519168,0.526748582669092,1.4887335791717993,0.020895090911139287,0.06431414145788557,-0.8330518160204209,-1.1046145528651627,-1.7328587503191581,-0.9917884023814726,-0.7972614625319392,-1.4004190801639316,-0.07173267473465779,-0.08405525403405842
-2.473679177923378,-0.4244938641773088,-1.4747926389710462,-1.908266284804073,-2.5570168781296445,-2.7458544444373434,-3.3108018342319085,-3.780967234963708,-4.304217522804354,-4.392244737036364,-4.182282434553633,-3.5144433014980203,-2.327010552712408,-0.08581579529695678,0.13708825504178374,0.7826053651754811,-1.3741507900099381,-1.0412365262248753,0.8272963511181888,-1.6711919972883986,-1.2239651800170768,0.8425972009707573,1.3460338608661635,-0.009709748057434641,0.010732133357495025,-0.6178057719740525,-1.379722142210777,-1.4501765475390413,-2.000747513374973,-1.989517816893341,-2.1621948794288306,-1.4078638495675826,-0.5879403310313132,-0.8079161644574853
-2.0652243783751625,-1.6324752615190976,-2.730627031016144,-3.020583165723784,-3.4818067536024278,-3.8043934552645955,-4.657353433099687,-4.997648976644587,-4.939793981730927,-4.560746973935026,-3.3382753537721643,-3.3431079510764907,-1.05064135240931,0.023314148604265447,-0.5600521644877323,-1.861503516019252,-1.6793939693030517,0.538344350186993,1.1096454299626062,0.5194262890135404,0.3649278824032359,-1.2190521432337302,-0.5925337844255638,-0.6285664148935621,0.1334869530152332,0.5424285381261519,-0.7342757375240329,-0.008678409928401111,-1.5166046307541363,-2.1142262982808706,-2.483533153939909,-2.2219907967175376,-1.9634837760335602,-1.614549892381939
-2.4983816226788855,-3.409588669355572,-3.748428227223541,-3.9254277251605614,-4.4633099046681535,-5.119062475098276,-5.2487977894360025,-5.244582056801833,-4.610026855186665,-5.324792358214882,-3.2927474789300133,-0.8506325133191838,-1.319994804425902,-1.1900062619322305,0.09911289512991522,0.11056440894937165,-0.21211485350933423,1.7147542964699298,1.3925643090033135,1.1619001255650554,0.5216861447035359,-0.8938534732505224,-0.8916984432647731,-1.2385908812475375,-0.4648760159971855,-0.7035338290515413,-0.5853047959785423,-0.7215910125926409,-0.7062479872286306,-1.3779486922108832,-1.7934839361212473,-0.4972518345923468,-2.6972228138608347,-0.7796024411073126
-3.953566671301039,-4.18652725712049,-4.58752302960722,-4.980024119851246,-5.99981880040562,-5.890123068426603,-5.8599733680162345,-5.406498191992202,-5.506523262342697,-5.154394740309468,-1.6420670971331766,-4.297336906892274,-4.165475923249301,-2.000534525128089,-0.5584280141892398,1.0345876205233302,0.2200663534122345,1.6051127068298363,1.2091605825563057,1.9807823572654701,1.9459986547092303,0.900967659935335,-0.20734410935230627,-0.41169364544602405,-1.3053022133486623,-1.0905345741397696,-0.1862796913110335,0.5020100149021518,0.8172062525790879,0.6604391361521654,-2.202981218008086,-2.009501995462665,0.0662306817332242,-0.48664289257548315
-4.1466549601604985,-4.9206291629834835,-5.402961735429641,-5.99646411080243,-6.63552265135925,-6.510252314122905,-5.867829552915888,-6.640969868229509,-5.896710957832363,-3.8208053438274296,-1.4373057148624744,0.6931285754993414,0.12619778551471197,-0.8629456176039089,-0.7948964445335774,-1.2768174556269283,-0.3403430819178331,0.31923351901502234,0.07704063073661116,1.3145655193628443,0.5672217013015328,-1.124042910561189,-0.8747782176390205,-0.720049677860541,-1.0162371873762654,-1.5329768452787826,-0.7877825534501143,-0.6300676389104607,0.057084336997486995,-0.14898650977722067,0.1683071488793421,-0.27449478054891363,-0.07081854094140755,0.17167421931613017
-4.866647893397465,-5.359961789403696,-6.044118376922007,-6.973393114568323,-7.223649807007641,-7.391311751250569,-7.5331547902852,-4.30927840331782,-5.889175020899521,1.0882566772584403,-1.802585760687606,-0.07654854896574519,0.08726553062125111,0.19414102064575142,-1.2739052479925117,-2.127403611128974,-1.4510037055049125,-0.6665182093029034,0.38403019315238357,-0.24867335243539618,-0.9772073783050874,-1.3631757656898347,-0.4255676249391032,-0.7218252188396378,-1.4018325881036588,-0.4212134728217155,-0.026407446461811944,-1.2346001547355936,0.012660614188907722,-0.14912900438450408,-0.11516190521605922,0.3072963733576474,-0.07636489893348891,0.14784850972396357
-5.438364656836771,-6.063263094237162,-6.765375789841474,-7.490528909141015,-8.433002213764386,-9.073333863624013,-7.945744983181145,-2.748969552208661,1.0446008078357076,-2.6149044462668094,0.02352971942914151,-1.9101663026601945,-1.850574277649742,-2.1898202486228073,-0.492952238349944,-0.4066099294060083,-1.1464660685726815,-0.5771754540764378,-0.33338514184035173,-0.6199575214419233,-1.1846393513770423,1.2917284588892797,-0.29749719546858716,-1.089940944067969,-1.4954476636523055,-2.0252806047990366,-2.5599955296213475,-1.4153100693553258,-0.772128850378014,0.20229163934915442,-0.24461101764015256,-0.12666424709917712,0.03588756931875861,0.09164516499714288
-6.077444752550122,-6.60604280655134,-7.435910002024482,-8.111147614938742,-10.447775067006903,-6.054857743841215,-1.6533910077028313,-5.120676076486456,-1.6765540897615516,-1.6436794571543132,-2.9922511089034955,-2.8611763180547722,-1.7719471998965959,-2.713738964305454,-0.3998117193053485,0.021937401732934313,-0.23677962837278535,-1.4072951066813055,-1.6137843658874977,-1.635648598686328,-0.07224773760478931,-0.41735415646354623,0.11731797539896413,-1.6675436289744885,-1.546141846990658,-1.7503639820277548,-1.9976316375098213,-2.0745306735500773,-0.29266540769175925,-0.3967524976041469,-0.4111623778206048,-0.6474037367975507,-0.25157762878127893,0.1736993404772458
-6.334325252906836,-6.980242156740426,-7.87914019446669,-8.94597645378709,-8.302682955944485,-5.710769126009777,-5.5421025287476136,-1.0328084110857463,-0.5925725692904183,-5.1286866729306775,-3.3975309329906977,-3.0880448456886884,-0.1095093757689909,0.11922954612849655,-0.627972800775216,-0.5290795639368479,-1.2027866766260558,-0.7260099900136127,-0.47654283638932077,-0.23713681030287942,-0.5867595209136531,-0.17040083494561592,-0.978626567091479,0.5145101004733681,-1.4151163919623664,-1.9328718013711566,-2.675474703039899,-1.6129214257037054,-1.978649564401402,-0.6681971637529678,-0.9746943380611992,-1.0343978526512494,-0.5076302624825193,0.35381592047545724
-6.544430889173002,-7.425413551435215,-8.497099016517403,-6.741725425051508,-2.340256948612384,-5.369217790518039,-4.262140147234472,-1.817013498244131,-1.210781412435454,-1.9904550641070693,-2.7317621517778043,-2.7879365651108765,-2.0205989863146456,-2.0885344697588413,-1.4460407416064336,-1.5250513203332492,0.13441704970899887,-0.19297692343726758,0.2923326152173119,-0.021979373723498632,1.0250696551475347,0.8370683447367867,2.4856827833561277,0.7497726772386523,0.6376413960942706,0.07404155063777976,0.21913034287905384,-0.27529489919272526,-2.850629534496439,-1.4068357489431624,-1.2682581222477318,-1.415226576166731,-0.7081049862194353,0.13644562360134424
-6.6350431260568845,-8.028827503178313,-7.363871833171095,-3.330352350885271,-2.1175185193255235,-1.876736861403889,-1.5923588900996055,0.12412789054518578,-0.9856154496761185,-2.239121199044905,-3.9317418562896225,-4.766322581013746,-2.0542636770444265,-1.6002000826775418,0.04879854678199072,-0.27797728868370664,0.14264919818789654,2.006277876116399,1.5813268458616199,1.4194061236266926,1.189208840867678,0.04495205861733987,-0.41394731993588296,-1.3461073112459383,-2.0601560426320282,-1.0397164047012863,0.8742465165650694,-0.4889367037308892,-3.5607436504122862,-2.0600976869200482,-1.0176204130993105,-1.667480623952399,-1.0152758347356106,0.08106644377751454
-7.368486139806088,-7.843227240712076,-5.270966101258697,-1.3772889968078632,-0.7048781254669756,-1.7631587138054514,-2.2531815325676807,-1.3627598236436147,0.20157819156029255,-1.9880537470958928,-3.839299297977129,-3.356973692295099,-0.5028339449462383,-0.243104840585229,0.18284997286289928,0.12382352049946137,0.2255963437492287,0.3038418642952783,-0.5398893169417077,-1.089416986245696,-0.644435138265757,-0.9031477795799183,-1.688621996899971,-0.7714508561966534,-0.6259766248125197,-0.7301947235146764,-0.06730860112642335,-1.217955427497038,-0.5488755261592138,-1.7400823392289464,-0.7351503400650079,-1.2351258453304976,-0.9888389447268326,-0.049279356009299544
-7.169498919034295,-5.763352834123645,-1.8697646308446156,-0.24038277273328132,0.6709965400023271,-1.038026299028297,-2.3128332652610744,-1.751334077403943,-4.303173942679488,-4.06821606066852,-0.9076858735616111,-1.3134907237712106,-1.0157667635834695,-1.4779372409545903,-1.5641741650127838,-1.2227741973554784,0.5469678386947031,-0.9236894944341113,-2.2150096838213233,-2.9706960899401906,-3.8596478397921836,-2.7468564303814804,-2.5974703707429807,-2.2967038810632707,-1.6895144739629824,-1.8301958789539203,-2.799943689083396,-2.36070344772064,-2.2685972727077224,-1.7609771031374544,-0.9834381414100486,0.024764204534463995,-1.3224707292269358,0.8253605463914783
-5.727145098811556,-2.299821106358473,-1.5691069349340094,-0.6592317295581734,-0.15722669174828674,-1.248711236824123,-3.0819206991081582,-2.326665352762917,-3.5267004864106655,-3.3162294985562824,-2.5454167839213113,-1.7421392407758507,-2.5144864624949954,-1.2930828376887933,-0.6669559324900485,-1.3976158068949318,-2.365874851320047,-2.9046159970039596,-0.7182074790192432,-2.8228482248841766,-0.9197861320084718,-0.13214569662925008,0.9344017833648539,1.283555101465783,1.0305294440300135,-1.2698730754805514,-2.0335133286900673,-3.503103811682436,-3.1487210987555554,-1.4147603223682448,-0.27690195133335893,0.5981909710305429,2.1007069448404727,2.0922076071446063
-3.926702888906576,-0.3358392085783603,-1.9136346607274437,-1.7897357628012265,0.3598694062251361,-0.001310527708860425,-2.482632408149445,-3.13251871091947,-3.515956159419634,-3.951736975477016,-3.703860145412483,-2.9715817732198584,-0.9076123111429301,-2.6547863839727057,-1.5820628580771732,-3.499622682284679,-1.9625395468326927,-1.6586180822397842,-0.7946137046939742,-1.514668806329255,-0.8832624676694215,-0.12029630908244565,0.7323071475092152,1.2368393218758436,1.1786025641504931,0.03887274689969505,-0.8993019744889466,-1.7362782423305543,-3.399753222044156,-1.4584780295140765,-0.11000932832495239,1.4685523065079316,2.2432238776163573,4.46438428417721
-3.918544981542352,-3.2829279981852584,-1.164191034964856,-0.9846827602785665,-0.7627708209823553,-0.7686789281014961,-0.28333591509180744,-0.7986649100579992,-4.831412869195716,-4.39101925500473,-4.33791301755807,-4.333506615483412,-4.038159877138079,-2.194567354436034,-2.193061167036552,-3.6610647973426946,-1.7250470185876048,-2.27917997047968,-1.8183653524592491,-1.4775734447644935,-0.7355084479987375,-0.003315245878481069,0.09455471375408782,0.6110284908957616,-0.29817645431911227,-0.502283355703886,-0.4103787074409312,-0.6314610825361624,0.15773196434340905,-1.2611952586181367,-1.5279244571901311,0.4562424631797577,2.2564596153499026,4.1713326228702465
-7.426494978680785,-2.5077801447834105,-1.7841841451713325,-1.3371337410642703,-0.96073267480521,-1.5430182306975202,-2.678155626317307,-3.584785015164218,-5.435446295732334,-2.501086832208101,-3.551496995368687,-3.5368783463259232,0.07331558203075969,-3.4446354266408155,-3.300015511010443,-2.744929605054619,-4.2543030777381,-3.615786955906831,-3.6036214449342916,-3.1953131965651376,-2.4671083263777738,-1.2404866913687052,-1.5395655571757236,-1.4158945481578897,-1.345822709688835,-2.1690364230601724,-1.7476457652505855,-1.4640483444241703,-0.5748324947678839,0.39958649730301227,1.9860881982250784,3.3731911364162475,3.5118181244023607,4.627929636259278
-0.6315822523179461,0.416130226584646,0.9475249873544286,-2.0356168736013585,-2.1302350690725733,-0.832943643739723,-2.387758829553134,-3.942638807576434,-5.352695582296015,-6.063816982553272,-4.42775375393858,-5.3177991560605244,-4.137221853923767,-5.697549373031481,-3.9216522667277047,-3.778688996045009,-5.22464419064642,-4.837137404665433,-4.413198368156075,-4.387466232644285,-3.1350167269791642,-2.947321542209428,-3.763329463598463,-4.349770804639364,-2.998339489982748,-4.12727757575762,-3.162044854814625,-1.7599273765156351,-1.2691575752435584,-0.2874453495326084,0.8637370966268074,2.061793713309203,4.320083924649146,5.980821051071244
3.876110520397492,2.480525654387035,1.1267324989667529,-3.135123695888933,-2.930448372419855,-3.852146453942571,1.2304463361289082,-1.373841322221527,-7.248600624945297,-4.968387001417903,-2.9226180884403052,-5.432362008199172,-3.2583487066188397,-4.586385441466956,-5.892539284060459,-4.2295125258566495,-5.494577946068671,-6.481286368399795,-5.5529248397516024,-5.791952326131679,-5.270515909170146,-4.849644881655067,-4.0051247539176575,-6.12577618907636,-4.875910837417595,-5.069507784308264,-3.897471794806653,-3.0687369256563786,-1.5486420349429448,-1.4612140187157707,0.05173334784606138,1.5856296800769554,2.6696566509587005,3.7244061614347754
