script/wind10m.json
{"header": {"parameterCategory": 2, "parameterNumber": 2, "lo1": 6.000027932988019, "la1": 58.9999434238085, "dx": 0.5, "dy": 0.25, "nx": 22, "ny": 24, "refTime": "2024-08-06T19:00:00.000Z"}, "data":
[rows 0 to 23 of 24, columns 0 to 21 of 22]
-4.139172480981287,-7.408297600391028,-4.169635311106913,-1.1370427667776337,-0.8293328190218695,-0.4896955461106928,-0.12208065996812671,-0.554474022823927,-0.00292998197214608,0.055281571790248694,-0.3620729380730333,-0.2450249183733088,0.632808149227428,1.195879103826015,-0.1233447480170549,-2.82754726723763,-0.6164740699543224,-0.625966806235326,0.9628156564558096,-0.31861410775943644,-0.25022113992414474,-1.0535364745606133
-4.298504199063,-3.8342535097263712,-3.4872894218833435,-0.9021807291669565,-1.5688535977786942,-0.8163377931904814,-0.8399774609367324,-1.8825966187968188,-1.6622429249659332,-0.7482571070491867,-0.9839804075388678,0.14903960264715638,0.4932133888855922,1.5182207261774316,3.6744418635417917,-2.3730634025020394,-1.0151735041768029,-0.3005707415734772,-0.3737814845287867,-1.3862785451373552,-0.4166601672508153,-0.2538104582271581
-3.676477767219384,-1.3052922670245801,-2.739394272646856,-2.077883046079223,-1.87347000070924,-1.340803693625066,-0.24811710480330143,-2.990274186106302,-2.8982357393987055,-2.0575792254501297,-1.0461278591302055,0.6745562318501543,0.44879422139804287,3.1165603455489492,-1.0282878724083904,-0.3382619278548687,-0.5855981919763336,-0.008009308563872332,-1.728026466629697,-2.0552127579133903,-1.319311295905264,-1.0619897649312358
-8.614787852073581,-3.5129011376527153,-1.8728068401564741,-1.1266766559460373,-1.9877113745605495,-2.6591046503191635,-3.0432982780570845,-4.046761756745184,-3.926757871051792,-2.7107150083230143,-2.1079707797914358,0.19898535606631196,0.3571608005810349,0.6357874948231604,2.0923226179039185,1.0894611880910603,-0.4609276429763934,-0.755738070681459,-0.6016228369530918,-0.8578033490888349,-1.3872702947816902,-0.505562998836795
-8.009494899466805,-8.18216524155792,-5.018308309048558,-2.7328006902234216,-4.876717657873165,-5.185532570888115,-2.0669335347152757,-3.1740610558399878,-4.055218733291564,-3.1312123444427686,-2.6335505038181206,-0.9340928420643899,0.09295229087398806,0.2898961904480155,0.808958308939753,1.4509000468707471,0.09538586087069519,-1.0560284964462345,-1.129092503236057,-0.7084403673102178,-1.2548368771713385,-0.9040116921034203
-4.136574773838512,-5.258044036503178,-5.489506604971906,-4.620786481464892,-4.398177633712091,-4.26599141898459,-3.0882665587834106,-3.422498728560677,-2.787528118430268,-1.696793873089234,-2.635865888319505,-2.035082629159135,-0.6626439959669683,-0.5530368272601629,0.6142596358199748,1.2476603399451323,-0.06526279262426743,-0.5484781275610514,-0.881777456608758,-1.252241003789185,-1.1605534895375604,0.4424230846441938
-3.234719055290678,-3.175811533536037,-4.788005608302985,-5.9385688640494,-3.732258768513006,-4.5463089259913945,-3.9519269650815154,-4.173943615195942,-1.60343956086218,-1.6283242678322634,-2.539957693877601,-2.0953134606025037,-0.8286473841285288,-1.2372074465999725,0.7844780163970367,1.1890414711541977,0.01508717071265629,1.1335662285684327,-1.0401506933960238,-0.5898663984212519,-1.265026957926553,-0.5733655237830548
-2.94943076675232,-3.532070068591142,-3.6744075156537144,-5.116872015427624,-3.9306130536705073,-1.4318037709712808,-3.9906108159605593,-3.691196023802936,-2.2695720683294103,-1.4459849772352709,-0.6485192043368165,-2.8748340157439642,-0.8251726570511252,-1.2374400692856835,-0.17970443370805622,0.8334294538529431,0.4621313181713748,-0.22933252700789664,0.3529269220088405,-1.093947191236544,-1.3009596744269853,-1.4813049131390283
-2.324074341420865,-3.263296822367759,-2.1032821296732127,-3.963098338786201,-4.215035871307932,-1.586862043851813,-5.124596604169567,-2.9353413131793635,-2.1872883594435786,-4.18639980674833,-3.5977077278006577,-3.521500504830916,-2.1756372773897485,-1.0787027318232434,-0.3601221366763227,0.953746429912947,1.3329146538831826,-0.10470930946362296,0.07743844157259804,0.8976616703706468,-0.14148171481297392,0.3735028739898585
-2.255360575064111,-2.8576406473051423,-2.17995174117014,-3.208601554793979,-2.5776197867704704,-0.5936797386680308,-3.627249643721231,-2.8930162332300227,-2.120044583523403,-4.873575929283612,-3.9637589378001317,-3.898632661246633,-3.676487526745467,-1.5372336990924533,-0.794268738740283,0.36293527967862826,1.3720565088339485,-0.31709122600154516,0.05638631894169736,0.5005953162811867,0.02675519443488192,0.6368550150553869
-0.9643137616044021,-2.1834830577428495,-2.9180068873374005,-0.9650937584683958,-1.6887867575592017,-0.9334236516510951,-2.3203471131965467,-2.5734885259860913,-3.153573265615654,-2.499353970619144,-5.183144872036605,-6.088444101960053,-5.0995907389190025,-3.1341494295125254,-0.5596079665956215,-0.2808245975895425,-0.5131117109626929,-0.5647996872407018,-0.2747204992538869,0.4463408352500248,0.8048852043424043,1.166019056252122
-0.5096793823934006,-1.9060906451050692,-2.900455752812674,-0.2524559449634461,0.1722729660369621,-1.038397105037185,-2.666450830944564,-2.948821290296653,-2.0682701134806822,-2.618277707142436,-5.781340028330855,-5.247666906940738,-3.798085212636778,-1.301003538033418,-1.0877382003671368,1.0006851070174128,-1.4310843204373953,-0.773188490659645,-0.20787849737290462,0.8476014984326273,0.7644428870495715,1.1775641901057752
-0.34273786575652104,-1.8102358407664705,-2.0993522501253707,-0.7156251962196036,0.39431202144702077,-1.9048386309866774,-1.7077249764186098,-1.7546977938623936,-2.3829345063093164,-1.2926170518171618,-3.5026594703509986,-4.116451336491008,-1.929631091083399,-1.2090404392088492,-0.26039594453088954,0.18627079027595786,0.5052677272278098,-2.605949677447438,-1.0015841630151072,-0.01637423503090723,0.6064073927127677,0.38596793926812867
-0.9218060015085116,-2.382092602330156,-1.5259946651320433,-1.7370591997747826,-1.3457600689934879,-1.9935303090996064,-2.391752190926519,-0.7183533476237259,-2.2269936403824704,-2.680535321586417,-0.286737313549211,-2.6448989724188983,-2.1101212218799117,-0.36636458914946346,-0.42071020926488756,-0.924183566234392,0.5513488718233226,-0.3639063606027574,-0.6305023791327756,0.2387295118674724,0.12287726246226834,-0.36798936865608195
-1.7776652285411991,-2.125771319792602,-1.164012536275528,-2.8773527398856764,-3.6383089014404355,-1.5523874829711848,-2.3857748346229823,-1.974945484460966,-1.257339584933538,-3.4111768968016634,-2.6928807666956085,-2.896255374760203,-1.8642459622808367,-2.9595751966954205,-1.4630564774626063,-0.7312131113072374,-0.3849326205918367,0.5697784344883876,-0.3021002731724924,0.42007577580475186,0.853049334393872,-0.025989312256815687
-2.050998618612712,-1.898994527058325,-1.0112000037847273,-3.0095407352475325,-2.504932184778032,-2.9839814762586867,-2.691204713197633,-2.612576339057925,-2.5201735489226147,-2.465172786646717,-6.051564331111489,-3.2706231251835316,-2.7637614434530993,-4.051020543848749,-2.825735221412589,-1.831576462998333,-2.0263354063846277,-0.45914694746373524,-1.1517458188918717,-0.17266195994586725,-0.10468567960990467,-0.34982556471349174
-3.2203276640023786,-2.8919348632888378,-1.8069130083878016,-3.058170475291096,-2.2325749719547323,-2.310446617749502,-3.0110248207738723,-3.6938444812408004,-4.160200769698739,-2.6643747428686253,-6.156616764006495,-5.823762336412883,-3.2291965123151836,-3.4935953032965474,-4.076581259364781,-2.987131136665065,-2.680665313352286,-0.950329430406038,-0.41531275432899734,-0.01916904802011181,-1.8592714627969704,-0.5179723358271386
-3.253808386663868,-4.089386813105086,-3.448436628288811,-3.3636468341747845,-2.7364051045322118,-1.1022042011808748,-1.9390382389921148,-4.2688856605894125,-7.64884682469801,-8.145086716493497,-5.54581201274939,-4.492280953852886,-5.509466129619313,-6.437070427490379,-4.72925547595719,-4.069393673150957,-2.9858831676760484,-2.618873496953063,-1.890830964237039,-1.793243628515591,-2.2627204396736134,-1.4256867150290802
-3.4124915593895566,-4.813636176932551,-4.462197861622121,-3.471991382954907,-2.7422139850430165,-1.3474219879733873,-1.491750226073913,-2.4986109196746598,-6.252853402863323,-6.298853798813152,-4.658207922320589,-7.927374873558135,-6.979246681278378,-6.025347326303001,-4.511913210849522,-3.257973590341066,-3.7790995053260183,-3.2206022153991847,-3.0414160914683555,-2.9560466044416596,-2.82912222558646,-0.9476327017342564
-3.9057595354066916,-5.388578055954522,-5.301873356465021,-4.186193083246537,-3.6309066207286755,-1.253822011705489,-0.8383692511764728,-2.20968346709656,-3.025765361300328,-2.661964499054486,-4.268121172571806,-6.244193039718722,-6.533420342130264,-3.610534188544706,-2.5905652315672207,-5.935434611631881,-5.037241669505182,-4.543947880067069,-4.316408039858913,-3.41397990444034,-2.1272137131037874,-0.7810347363270552
-4.569465354226723,-6.17696910815042,-5.686816068967273,-4.766189167978218,-3.618563986093856,-2.0350608699959833,-0.41091169668730404,-2.4006413491230707,-2.5007172993909674,-2.5574510377948845,-2.639501980782878,-3.314025362461661,-3.0541262410796954,-3.7602525905546256,-3.1200911173637893,-2.734554015194523,-3.427392798146953,-4.318752338887723,-1.8354477478216802,-1.634812314132348,-0.814287465552021,0.3427269530101722
-3.450862749961182,-6.112351588187999,-5.281942671079974,-4.012926267930747,-4.2040450606398005,-1.9297165136114915,-1.5285864385926318,-1.7789134604747594,-1.956903829794471,-1.7130210660788074,-2.048900464576961,-2.8831992728017997,-2.42841655758772,-3.3032612032450834,-3.907410319969369,-2.908621163645199,-3.136943464733018,-3.6250406182007504,-1.9691964138402531,-1.1318309992131164,-1.0494504836595366,0.48263628028315064
-0.26153997627903625,-1.0231940035271034,-4.165549856227844,-2.2283221240427644,-2.0851286917188556,-2.197968809522194,-1.0561953941919728,-1.8151940391466486,-2.041015998339733,-0.2501642164217268,-2.2706455691006444,-1.7387804330340948,-2.207883966995631,-1.7194622986995505,-3.0081237553804367,-3.6180082990821094,-2.226926332385022,-2.0136614114432834,-1.8173335372268027,-0.9635526217181054,-0.43031875404907755,0.5798544623488566
1.9879914373148269,-1.9689820076129803,-2.318701085488023,-2.627632765625694,-1.2139713468624478,-2.789754490757747,-2.411564536985883,-2.1400252882502553,-1.6256755261026892,-1.0786816328173578,-0.7094876182577758,-1.987198318489236,-2.315883596139077,-1.399879053526299,-1.452547726696829,-1.2388622649327947,-1.8691747699099062,-2.3256927000040966,-1.998043843904956,-1.4917618896301617,-0.4015888543445745,1.016891658559806
