script/wind10m.json
{"header": {"parameterCategory": 2, "parameterNumber": 2, "lo1": 6.000027932988019, "la1": 58.9999434238085, "dx": 0.5, "dy": 0.25, "nx": 22, "ny": 24, "refTime": "2024-08-17T15:00:00.000Z"}, "data":
[rows 0 to 23 of 24, columns 0 to 21 of 22]
1.2200682767241908,4.87338386411485,4.949503397708583,2.668344447027124,2.4970416798464234,1.8931758706439725,1.8879456846909484,1.8730562133475308,5.191756534464613,8.13803698994984,6.684664737344664,2.867580563645128,3.1306582923144304,3.34950493209768,7.847807732439883,7.454682879324587,4.143199722688506,3.6093579668718543,3.7761852501279507,3.0181907194378996,3.4860844543359106,3.891607958801747
1.4771553426064716,3.56933482208155,2.602243011203574,0.8249297358611354,3.632390597253557,3.1112677815140883,2.6450658974901464,7.012322027274204,8.338115967533955,8.700424388893087,8.293238273093728,3.3004669532864184,3.6808544598795865,3.987877506814572,8.771847802203698,8.091691941515853,4.128886328687337,3.842294891261068,3.2287317468950265,3.2039172078908322,3.359216305152042,3.367931613654696
1.6530706805835296,1.1341331003164006,1.4167707475692886,2.2856308840604216,2.647757457076956,2.6390893875573136,6.023182564343778,9.212570194087377,9.289974741236081,9.05063056840586,8.5290483543944,3.4838645061520657,3.1635368630640044,7.465293305414775,5.866009323152446,4.370230504188241,3.299633467998627,4.089129107763543,6.0411415582197385,4.26837915196574,4.349047948862243,4.9446766262322654
4.654668669817015,2.625241201432368,1.439484645156555,1.898501702186564,2.6004453241664223,6.072365725186377,9.508282709314766,9.64060184591728,9.221742223635392,8.633700601152952,8.058817188464312,4.498192605098746,2.5750043623353704,3.3799047417700274,5.091083775724131,4.01606720956505,3.639848563551529,6.7171987159550905,3.2712748720973472,3.633540216937059,3.053020547540091,3.044471927017643
5.148416594235515,5.518414609738821,4.751701738836874,3.877040008821791,7.791798766112667,8.530588834204595,8.419434948781122,8.422297754068664,8.317437670089344,7.986524130277693,7.522919163401816,5.993700067151954,1.8546705637255225,3.035125130336666,2.8814524047481997,3.549661272196284,2.7364332274535887,3.452014097845197,2.875760652623675,2.931234859006138,3.173650659583489,2.872322907592632
5.258671996343314,5.655576095362317,6.079767567927563,6.5071502337100755,7.022588353788659,7.349933727712221,7.405092772778279,7.596071839780401,7.522560907161756,7.111211239607107,7.1173481929554105,4.6810523806071265,2.8429119315798848,2.833678378044028,3.1298201441065925,2.7702796262172957,2.6968491143133733,2.7486646145457954,2.623263469686384,2.602920014294967,2.552666687323953,2.330845865414204
5.335435934299075,5.7381134088458525,5.920814554584924,5.5475234694212645,6.023068265123587,6.645119520958317,6.722188376279867,6.352842506309895,4.284481426203915,6.043492704247753,2.7674196756878615,4.73115077522784,2.674756318251819,2.0469440204206424,2.973464895090253,2.7115567367919513,2.5954062972259218,2.6799186184730943,2.5361428706129527,2.48144972206976,2.722098683846875,2.549501048927977
5.692997653728911,5.433653986141637,5.985390831883768,5.5986945263821175,5.832630499779416,5.990575337307093,6.100474932771528,6.55597042010679,3.154806310813156,3.929067160614213,2.068096598514332,2.613371655666943,4.53732032609545,2.2706055618838894,2.633478021803515,2.435133778090005,2.5674807737354923,2.501902306222724,2.5936814951731946,2.4481538439969857,2.433861928962618,4.2979486167881555
5.805415518770733,5.706270163388418,5.899545478046505,5.676563770861253,5.657655187811866,2.62545997903145,6.722284507794148,2.7896495024816925,3.762332794804855,8.536266818629228,5.3311301154636865,4.316461000257972,3.4273801035994036,2.2143691721352705,2.2633961494739943,2.287147702425813,3.379447568772401,2.5223599316627556,2.3749126987832323,2.460078504318012,2.927234464807585,4.21487361602779
5.940309190526288,5.884629492850937,5.740386633697067,5.522283859916598,5.880139722861827,5.383313748822298,3.946298046802372,3.8703165193047413,3.2162609369797543,5.314288818178348,4.277032034035456,3.286447277044973,3.8130076458502917,3.9410336116168443,2.2437099286790914,2.3724610690879238,2.629582083881979,2.6049154779620594,2.316181069150375,2.320262390710529,2.4846347652205023,3.133465543378617
5.9778247160891285,5.499243830283564,5.465817967069134,5.474109570944287,6.384405341097143,3.8846124619839473,3.0201317302547506,3.1188258773701953,5.246139580479047,3.64772503490754,-2.2653335901828693,4.192473276117812,4.356628322482583,4.1331104965035985,3.3002636597951054,2.350887385504879,2.4183770732562886,2.1583782528787268,2.1371733572302936,1.842617156527482,2.1014168452568374,3.0625077452758442
5.753558788673208,5.440296263513432,4.749000046972312,5.647619288746059,5.763597958577776,2.210932167601509,4.538195738097863,3.7563467446110095,3.5856527341016426,1.9429509548484316,4.99939034933977,3.3163434866256316,4.26889631538479,3.023363816300489,2.4385792989325537,1.8597896079241467,2.245363900696434,2.0707459629360865,0.7466587145520978,1.7139278279856847,2.7598836475531447,3.7315822368911244
5.197573298266288,4.754572230165294,4.9333309076377585,4.922861294033469,7.863127230749007,4.44336765849137,3.5042342917220926,2.3961229615635435,3.2795698361991237,3.0536161280099225,4.261367708109141,4.313182969055343,2.3154223740734237,1.8611919202912959,2.014956120980332,1.9153511816896134,1.755098770305465,-0.9652707030875487,-0.31865389830590907,0.7655727014654075,2.1531371251636524,1.8411949584039318
4.448906880141351,4.654616226494709,4.504018401437559,5.683578818512831,6.320171779800181,3.527260340200496,3.247734767131257,2.156685298860434,0.37943959088295054,3.2591883748878163,2.357679216658812,2.4427867182220155,1.748601494917901,2.035393671223627,2.112174665440697,3.04039749560146,2.051011160252333,-0.5706391953241526,-0.36965544711918613,2.062331716408039,1.6135721794773565,1.3515048765891462
4.02493497125853,3.7072035905693137,5.192702767510759,5.4281357337402465,4.934936170943468,3.4160991117468718,3.4352240867994106,3.1741487957878607,1.9092023645552563,2.0883978743895106,-0.32980770217562067,2.1978201140368085,1.0648738438471832,3.0949433903366494,1.3450506396083943,2.6281356820698436,3.3041851918094163,1.9802487907144328,6.085161311605019,4.32412338997967,0.8081782169527598,0.8626538262271848
3.1992416369593935,3.223355902601895,5.469483920511185,4.330548431733519,4.1390170397550134,3.7907170337084053,2.8929787498157107,2.9165883771307346,1.7926818909624564,2.691989663179123,-0.8731627095000164,2.1482777877204855,1.5723083383224594,0.4964948501903275,0.8491285089415278,7.4680433302819,8.158323890882782,8.369963213583803,6.11984480206129,4.7591907305415475,2.604035766837561,1.0552027608818368
4.833042466339129,4.5151571912446435,3.9087798400086133,3.4056037059140722,2.6826749625555584,3.1603321187033075,2.1664792244459004,2.0626577243725466,-1.3411978452099018,2.6934070887230295,-1.4699669503679473,3.241640599174546,0.4084683826284924,-1.9734203082572925,2.3266037825491064,4.2672720106948,6.0746669338987065,6.384420317439431,4.589612752354049,6.53464648765164,3.486369871327286,1.2440479735502759
3.8812086582531253,3.5287347854273574,2.532061670888987,2.387931555889948,2.3446514171788118,2.6628833008639523,1.5579006348085604,2.131716063444365,-2.8504197105263294,0.26825236000965524,1.0643251087091987,0.39734793253170986,1.893468839382528,1.3415299299941015,0.2727970931190618,3.109718001733347,4.223975987416366,5.330416130241087,5.717624078783584,5.081478955854397,4.4677603116942,2.570558027744451
2.791929322518092,1.4909044878950388,1.2070370770666745,1.9395234076601289,1.9356156860465972,2.519006360378698,2.571310058221101,1.9301902722701063,-3.677784924284946,-1.2419792644688548,1.7609385663131507,6.052539947446873,5.510254966197539,2.66819048170334,1.7068282938461954,1.8695637910694924,2.8486619272524756,3.6382864062121825,3.293782822379386,3.932161518917275,2.580126329978146,1.8956456979584346
1.5171676880694853,0.7631395265121068,0.981329050538388,1.3558410941342647,1.1990955696183598,1.670464260559206,1.7913110304747615,1.4110133155757305,1.0959180314667307,-0.5677903857775937,0.990013889593266,1.425947815926684,2.993998076041089,1.1184120130899666,-0.19890782809514979,2.456082594399756,1.0759677761213373,1.9989616483281898,1.0169553694663924,2.4129102699428224,1.6432362327433272,1.4461502402215163
0.3995432594766854,0.5880134230216045,0.6684284364889265,0.6354897333173226,0.8401876481214884,1.7438246026925697,3.267108831991571,2.7654310582923802,1.5144145014136552,1.3322236685785969,-3.139076186874673,-0.1637308492497908,0.5052043111341251,-0.8020931115727484,1.2152072669783354,-0.5020136485393345,-0.24259542080725702,0.655052970605376,0.35452807106563416,1.4279764191542819,1.2581544154139004,0.6848467618860579
-1.0925498715946975,0.22034079076542457,0.7361779840691677,-0.07980812456551539,-0.3749246007121174,1.1839116969364576,1.8753627155070005,2.548195674534869,1.2465523977068664,1.2413301806845005,-0.845462248696599,0.023232173238676754,-1.101688286858572,-0.16016774518582116,0.027610588123113216,-0.2968038637274826,0.41840912609238656,0.666027587393713,0.6570458095727483,0.6397974407979035,1.9804828193654103,0.813144870612951
-2.3942535115195422,-1.681963853193878,0.8206218807224024,-0.6330885631151413,-1.6325218025191324,1.205875931576772,1.043943235709235,0.9157993376021553,0.9585715599100769,-0.2031346348224978,-0.6522447106586735,-0.7675439976766435,-1.0658192077531887,-0.7117754032875879,-1.001180615315336,-0.35544725448631126,-0.036036784198771245,0.2970922832270499,0.030524960112159393,0.9768211449887323,1.4968528417824494,0.9271559617724007
-0.8237468708692128,-0.4287862006148923,0.3660961719317608,2.3542887297012105,-1.1096813714566902,0.9887811676492773,1.2294494593533083,1.252364018133998,-0.14962991726513244,0.08821890257360276,-0.006886030731271522,-0.11092703113422753,-1.9300683080937786,-0.927680539737798,-0.49678917499354913,-0.589294017077168,0.11219209204511073,0.10731884500999077,1.5836568369618238,0.6099687510419202,1.1451869025462582,2.1779103416924372
