script/wind350m.json
{"header": {"parameterCategory": 2, "parameterNumber": 3, "lo1": 3.000054539987559, "la1": 64.9999836372058, "dx": 0.5, "dy": 0.25, "nx": 34, "ny": 52, "refTime": "2026-05-11T18:00:00.000Z"}, "data":
[rows 24 to 47 of 52, columns 0 to 33 of 34]
-12.586799350082819,-14.02070462430399,-14.420803694960744,-15.373920590451144,-16.664462380237605,-12.675252150518165,-6.569794966079788,-6.3822416805443005,-5.014941055338223,-3.7421328565594045,-6.436413206311746,-7.0893026365463765,-8.961486077079584,-4.357134078710491,-8.576046927363606,-11.21081486277999,-8.046458488823433,-1.2354590510634076,-0.01438222416689186,-0.5313760010427083,-0.9235784233273531,4.989937605514869,3.3153805960219147,3.3423808805361843,0.636971231959822,0.11500304507633637,1.3955865935285203,-1.979690427489169,-2.8566356597446956,-2.6355394999006196,-4.25590966418651,-0.8437945972297874,-2.626535638419111,-3.339851313844275
-12.573057790363686,-13.66152861912924,-14.403940847521778,-15.23241248103677,-16.604373559618633,-14.606916399147742,-8.385678435052398,-7.602834934372094,-6.111133418208723,-5.808144553509676,-7.771582338155373,-6.337186628800173,-4.665289888525494,-2.815329688252021,-4.2710381213128565,-7.9205894843885485,-6.771320788379367,-4.8616172275210285,-0.9535204513448491,-0.7354178500705968,-0.2863579290395793,3.579190575059303,1.5262131060245296,-0.6046719228212829,-1.6092090083581274,1.224130476946628,-2.4636606949959194,-4.39589392611273,-4.243806753127401,-6.8287952421607665,-3.9733720325287503,-4.933645444158821,-4.413420860295464,-4.516674042047065
-13.112475611848474,-13.689848294120582,-14.418221482743977,-15.234685105101553,-16.535544308716982,-16.286038536450125,-10.094255288789249,-7.691127857632692,-3.4778086343254317,-7.295178174701923,-6.510403535558313,-2.372249914608302,-4.690949175418443,-5.028833935602116,-5.11484529127329,-6.181112295602153,-8.84108444331055,-6.8042314795571,-3.5956834011582957,1.5809026682250875,2.298812045306005,1.5052644169456764,-1.280642451823705,-2.3585519841975056,-0.2446713876294319,-3.1056771055283363,-4.041912064253393,-6.207949539408732,-7.057741477026899,-5.637346701510957,-6.600611724269769,-5.800323200854448,-4.906403368495236,-4.273622753540645
-13.244605409887308,-13.679784713636026,-14.508635782420411,-15.352824005480443,-16.23396095890267,-17.064369464677835,-12.437451635148644,-5.927930059315711,-3.548152088053302,-6.991827812526793,-6.494945351178732,-2.019004973737593,-2.4827047209891004,-4.497329571824205,-5.754707042289834,-6.893854474859688,-9.101345539800576,-7.929021807915702,-2.254255334135544,1.0850661532920087,1.0124993786536738,-1.633941136147773,-2.9825441834445923,-1.0048024287567758,-3.221221458639947,-3.5987187970432255,-5.949385910318605,-7.040763856562665,-7.224583504129289,-8.283128773830086,-7.352866903081263,-6.03221460013067,-4.183016512145417,-2.20650675228274
-13.241305041437911,-13.607633124376811,-14.733211783720868,-15.51529883123133,-16.219586123031284,-17.066467954279815,-13.407537468587849,-6.157708336014491,-4.2295856220231345,-3.9163549287615242,-5.409042870961291,-4.424395974526486,-1.8010443224610206,-3.424366722155668,-5.9751232948247965,-7.345473343350629,-9.023944623104537,-7.018423557466534,3.263700535291722,0.9118095736042011,-0.8603244935028361,-2.979452818387907,-1.4564851364752402,-1.8494654818748093,-3.791402986330727,-4.933237463959944,-6.673786563043255,-7.992092580378309,-9.668793297238901,-9.31228232989455,-7.206666033159966,-5.544143523010104,-3.2090082052590128,-0.5577980341744786
-13.896037102841564,-14.083615573123362,-15.064554680883278,-15.87927219595838,-16.383677870049482,-16.899976318604164,-15.40773682415508,-10.967594700737724,-5.101609144875837,-4.167402295495365,-6.653385498939818,-5.201843201396447,-1.859679642254395,-4.606996401934651,-6.084220587463109,-7.6376421977030065,-8.868509517159506,-8.981012289028675,0.16141455541063102,-1.7998950532365412,-3.4486437971338026,-4.011649577896278,-4.550290962052314,-3.9402163772379213,-4.784396201034538,-5.117896186518495,-7.89997458983002,-9.180866901960336,-10.63175412115464,-8.36262637236858,-7.4091755732605,-3.018709394805741,0.8710316611974576,-0.03426075796238281
-14.028614288125503,-14.502784213758769,-15.537659175553317,-16.36977082466995,-16.41756176073044,-16.87575847994357,-16.845784508422344,-11.676090065664392,-5.518459178664198,-6.635369724387109,-6.915643878198776,-5.800482118815214,-5.225060719398935,-6.0950331857751205,-5.685391806616089,-6.553672817939895,-8.509521948936985,-8.999869833922167,-2.22473101684095,-5.576432227143493,-3.7078991265467933,-4.664447604073902,-4.852932621086841,-5.725377301081963,-5.365396400963453,-7.247478129906833,-9.721151328782952,-10.394764055306545,-9.59438964582422,-7.489322484999263,-2.65585998419955,-1.9578094364504521,3.0445695701391475,1.9704724459468927
-13.982183933996161,-14.795869443676024,-15.849599823492666,-16.71218777777957,-16.092848089045614,-16.051032445266202,-15.081618790593838,-9.953524084606352,-5.739425155720448,-5.572317695692341,-7.5863003950331755,-7.105907184314818,-7.385402206931989,-7.098661119214869,-6.542572190048384,-7.095249776350143,-7.6850186602926716,-6.868130242394023,-6.094730487599235,-7.0026646513456114,-5.905221281785012,-6.126317327577695,-5.780367854478141,-7.3539097631060315,-7.714550626086774,-8.927290859625396,-11.293988960105846,-11.515713611179182,-8.327164875852276,-0.051343258493701666,2.840424659498599,-2.2220600261793906,4.543111287451191,5.968799184095529
-13.964884571479368,-14.961515932233036,-16.121718323745323,-17.051960541511452,-15.886280528595758,-15.05995103261431,-13.979243054410988,-9.218021101534195,-6.5884359707200835,-7.8120068255895205,-6.788631888038299,-8.168928890358066,-7.268777546827546,-7.204354694506363,-5.896694631923549,-7.333673353225804,-7.82364572770895,-7.734772494903129,-6.770112593494726,-5.256724379823734,-6.181324900374597,-6.668116161671982,-8.893482102125478,-9.136449978353228,-7.918224728075657,-10.005490019042705,-11.236786941553829,-9.337792626948561,-1.4682923845434368,3.273176284628421,4.4360709003359045,6.271565617769837,6.281487671459007,9.688349022686559
-14.36448891757514,-15.31046850730771,-16.602537452883535,-17.407351725591102,-16.073791917663982,-14.758536790984957,-12.304585915511911,-11.059535099142614,-8.835409002613881,-7.898987614694364,-9.385023328175789,-8.838844106082702,-7.719885862569095,-7.013554049773509,-5.560225161864673,-7.3667220405528,-8.489062081146658,-6.935512219328007,-6.410804196919479,-6.720488420227906,-6.899135091014909,-7.457834730474527,-8.892332641110878,-9.03616046378322,-9.325117965750811,-9.71747556578688,-8.394902035529308,-7.856791109984441,5.566536400736146,11.87647658589567,11.980740237729036,14.37514615108746,9.916430507125089,10.710000730145854
-15.03306879649646,-15.595055792633374,-17.012397693225864,-17.258156409242872,-16.56604093599153,-14.88834293622567,-13.525751181720995,-10.348346519614942,-9.979112863314203,-10.26997087001501,-11.85855571670341,-7.982680289888931,-7.299571914883822,-5.523918984243429,-6.159091471978055,-8.42188301123419,-7.052181618176731,-6.14640876742743,-7.789157084977003,-7.466239691101412,-6.109845587168282,-10.494352523237215,-10.392652061164103,-8.973995809078989,-7.5736847643783,-11.546103345159025,-10.82346223006449,-2.5216981261801794,9.963477342267572,11.613603077462397,15.492071378781045,15.013148095146638,14.914458749965311,12.629125733779047
-15.396430927910282,-16.215918424326834,-17.93157237420831,-17.720129794556748,-17.02292963807564,-13.582567766086513,-15.15795989863227,-13.032129083835917,-12.217640603686839,-13.189516602596836,-10.464461916359785,-7.720012177326326,-8.484954219081606,-6.192090333634029,-6.8798038337037335,-8.59484615298855,-5.0540075805425095,-7.236280588312297,-8.571112887638005,-7.008437625683287,-8.73393364793445,-11.52893878041542,-11.034937505334257,-9.765701957170494,-9.513551462396316,-7.169467168824787,-10.465970363700743,3.1672033055315816,12.175291877668522,13.066701933893558,16.523318117585976,17.281055316523233,16.229358735029404,12.77813944034491
-15.604107904434663,-16.69174976145472,-17.52711339829497,-18.50461858710124,-17.92298262836094,-17.146123862470198,-15.956890470009311,-13.517310111290678,-13.424671540051492,-14.730839719358537,-9.729029124771708,-9.223459202523337,-9.191680396944653,-6.3161699746616184,-5.692199982866039,-8.95833094537174,-6.781239090595926,-8.554881317124575,-8.425901624811644,-7.1622225905493515,-10.622383214897951,-11.57206349146576,-10.519696661060015,-11.248638168694766,-5.823664452812653,-5.344379247621568,-0.7929266989512762,13.322761106965123,15.42087210143464,15.645178147971105,15.91079656420049,16.11710700656243,14.631014449207711,9.21501441872314
-16.25527504438745,-17.173288580913457,-18.091169722291063,-19.792401846268913,-18.68448591076414,-20.19144277029697,-16.273817025088338,-14.203753887401872,-14.371987373666958,-14.402619130938854,-10.6991664153301,-8.976244152731223,-2.4184733805383893,-4.086106806978766,-5.649936977203138,-9.422019061780011,-6.792723556327004,-7.500916426631638,-7.545694951064964,-9.121018485913744,-10.686782051358895,-10.797629257899926,-7.932218732691135,-8.484357643703826,-4.629302474736633,-2.066906265195239,9.024158258056683,8.97998954946842,10.442777605386222,11.122676101191313,11.954025635478065,12.341745402404886,10.404948434504776,10.966150198882524
-16.416261080106537,-17.594552933861745,-19.30671492606526,-20.067791132238614,-19.712368727852756,-18.753919945976737,-9.637011540500174,-7.620096993331083,-14.513566718873893,-12.995419838123542,-6.9054470307905005,-5.809646990981905,-0.5995288969480694,-3.0632645417670195,-4.843151217902092,-6.148805846843228,-7.787576407361566,-4.924074352640831,-6.533897683608464,-9.771128833552233,-9.401986390690062,-10.446112846870001,-7.400282519091272,-2.0748302528489564,1.990657401425221,4.85736881539848,5.147873156231284,3.5001993263456628,12.240672938755125,12.203135833607687,12.011600448878237,7.725595865092133,10.380544165605915,13.731690136371004
-16.932003555094116,-18.094022659360473,-19.881679714682893,-20.721880089943852,-20.256902960373726,-20.647588526809646,-15.243742473700715,-9.992893508578973,-11.446891355528775,-8.59644062027185,-6.641766037583112,-4.8082090699239775,-1.3206379146958032,-3.2110013891934392,-3.77303172388192,-5.592494009902117,-7.556489656534375,-5.311290080443396,-6.850812358994035,-8.944340846222198,-8.42785351386145,-10.669857827808803,-9.138390761891408,4.052392189722612,5.460859228364069,6.515654687127717,6.825265667791663,4.887139005062073,10.657842444259389,11.498090853498887,11.304440390297723,9.877881129658313,14.053096012078464,14.515968754511801
-17.072260997644086,-18.809429737673266,-20.577651189002395,-21.418057418991193,-22.13408226295467,-21.60121024099042,-11.452507820585144,-9.173866272756564,-5.66753350537241,-3.1395665403114084,-1.5992964466484052,0.8672485832599697,2.0725035144806405,-0.748407675255285,-2.9295412992487844,-3.895389295071042,-5.315143997344108,-5.62055207229581,-7.103728953232674,-8.174001903802443,-8.935118795927787,-10.720037573939193,-11.54941233985404,4.6213950724672825,10.699606234479445,11.43334042347708,7.372892640843996,4.227244941029305,10.513531499309853,8.706256525355915,8.187070632211054,19.76762359808417,17.135965439342105,14.736956952537183
-17.347574842539704,-19.10036042403973,-20.49508566093343,-21.83595721935422,-22.3932143718391,-21.046938918354158,-14.051692750130016,-10.104215123101007,-6.638252129140161,-3.910257166776475,0.3866510285414969,1.8262478737158498,2.755216478694825,2.566798314746428,2.210334809798966,-3.530621121204078,-4.9562945586089375,-6.394540037332987,-7.135394945810703,-8.583001997233499,-11.690069253642799,-10.147305643233896,-7.2350038378803205,-0.7158935302036691,3.6770556424978196,8.945159722039833,9.300314692011504,4.455613892918857,11.808121251486998,10.984886113678174,7.399792773179542,16.887185386067326,13.378956374935543,14.624316542867419
-17.532792387395414,-18.883339225359386,-20.36580590065054,-21.77944583858133,-23.052008526119057,-22.753554125986437,-13.830193293111215,-8.928668114847042,-6.090283502548012,-2.8599706366731965,-0.32763712280095303,2.6939541813576913,3.73657421034864,3.0750088308847676,1.4779376336289585,-1.9024740118951782,-5.050072778512515,-6.322037452869046,-7.023686919752183,-7.281397057892318,-11.431133635270376,-7.980207769755609,-5.502505418062163,-0.4622654843116294,0.7880718130549359,7.102927660835947,8.045394226568318,5.270063540885291,9.607707339371995,12.309698969820017,10.860237400983607,14.845557762298132,11.758827843692808,15.698903595507264
-17.761367534539456,-18.623462958464064,-20.044925433203108,-21.313852396344185,-22.426041430068317,-23.850588789101494,-14.7648066411221,-8.933086890375169,-5.400529682453558,-1.8024617149172384,1.0779201803272598,3.096694366043817,4.723211706060336,2.828474491363568,1.0043081890185641,-2.073233115106984,-3.6919508759475805,-8.169034574381255,-6.576422444942806,-6.079706145469182,-9.68912228716984,-6.3964147944039595,-1.9564024730963536,2.4551295820340693,1.1161853928455552,4.036816454295391,6.007077766564861,6.91978957576095,11.260212465364683,10.28763535895229,11.895346957114377,11.721426725239054,7.279069233020448,12.115116202909332
-16.401715300799623,-18.295596649531003,-19.306488127688002,-20.45931203099043,-20.57768109430697,-21.082662367282026,-19.551475182679436,-7.518652795354727,-3.211979807290109,-2.8027573693226664,4.173197630334437,2.1511688236992668,3.5530408958315043,1.6229316615488425,0.18469006206864644,-3.067355300606648,-0.744762723872021,-5.22255364763485,-7.652441602788712,-5.256951836262663,-7.61575821190989,-6.412706312508079,-1.7396602740415958,1.579322347607311,1.6558597640095254,2.5827044717795893,3.5641469077172006,8.531533753312893,4.492158292664105,9.362784372594472,9.185134050117933,10.83314605202719,12.890562301307025,9.842484830349603
-16.893682237633154,-17.09443097266817,-18.23735071543029,-18.811806700139723,-18.017813521363657,-18.517250761245347,-15.947450300538069,-11.547520165144961,-6.368534853188766,0.21798062879602725,4.787270840434978,2.2063903696375244,1.6297459116336588,0.6839925647873175,0.6188795431856601,-2.319051169802977,-0.8475318707075095,-6.939951356370594,-6.0453861281620505,-5.062842330489474,-6.313664275905687,-3.7981407662695092,-1.7900117901125887,0.5827153466695449,-0.20611168006569464,0.013458681359520205,2.7419801012613316,6.366943380735018,5.0269180547518335,8.665093584699424,9.326006127366565,10.875499503445512,12.997065160386288,11.38157557391299
-16.075966221021634,-16.477255273845202,-17.214550476528366,-17.153354125531873,-16.745605644887526,-15.877756796255841,-13.175313554989087,-10.195527732286088,-3.966230984495065,1.742244049169009,1.403661501493532,1.1438637422470082,0.3329426205794525,0.6419779824673743,1.094845208890297,-2.0518776526003033,-2.3675785907330256,-2.8421206278547295,-7.934633418213156,-6.70880041852165,-4.125125678045098,-1.3747658266956775,-3.5922980525419095,-1.66744328088501,-0.6670362255915179,-0.3353617510939381,1.7284603904626552,5.251132149630604,6.31186327794984,7.4366222244659905,8.706328386018678,10.602345568690877,12.551103406692564,11.904999135962658
-15.189444615136441,-15.48650194234,-16.045471022253757,-16.768965826126863,-15.983190740114381,-13.778062976294686,-10.522138912180818,-7.408797225160926,-3.70706906173306,-1.623563186154232,-1.346832515926147,-0.2955542150667103,-1.2930887037247898,2.9609662359145252,1.1360068718337581,-1.593004279107856,-2.911945767754095,-3.2427519153904916,-7.720384615697882,-6.881285827644416,-3.5597297947092437,-1.644991562361883,-1.8881471188953067,-2.667985889713011,-1.0350714736281732,-1.228141191703919,0.43076162476389834,2.111004960169973,3.8016217999829323,6.981059170661723,8.533135162606532,11.240374652907258,12.215336590082304,9.772788688194419
