script/wind10m.json
{"header": {"parameterCategory": 2, "parameterNumber": 2, "lo1": 3.000054539987559, "la1": 64.9999836372058, "dx": 0.5, "dy": 0.25, "nx": 34, "ny": 52, "refTime": "2025-01-01T23:00:00.000Z"}, "data":
[rows 0 to 24 of 52, columns 0 to 33 of 34]
7.682463619704171,7.643415176530532,8.827236343314567,5.616479675684654,6.759630087427417,6.801359516889501,4.795926385629875,5.638663219863491,4.317399759448022,3.8869098318896267,2.9578556562104095,6.855557583216411,6.840751413386673,9.174875797033318,6.711798746054647,9.573614262734967,8.467421336388028,8.196132494805614,2.0482545084951504,3.061524052076806,7.033337467122107,3.2015756077243283,5.500093415459979,2.7084953826739713,4.790855323070973,2.0158336730004103,-0.6618653018216277,1.6714615166496463,0.3767510338291498,-0.6184982218330622,1.107069818742529,0.4581080652104838,-0.19953759048495087,1.388387803284926
7.100298857485401,7.131686543676581,6.052514920752276,6.813691315864098,6.291273221443271,4.919360504847771,5.027927199477864,4.197753744199702,3.164816357671412,7.4654822871069255,9.093896258050487,9.185058630079295,8.552039932683993,9.98532862633389,8.078406811372654,8.340203893950303,8.769711170503326,4.604188830115395,2.774286033519317,7.179565937058965,2.703359357505507,4.016703746503218,1.800999124483483,7.001308360731775,1.0273746330136173,1.3360600332354902,1.9777435550768618,-0.470348774305389,-0.5065853176515515,2.392551494157356,1.0663617259000455,1.1130366843555852,-0.5166518021914988,0.810076088705068
7.062149756358954,6.992457554486158,4.896079243440495,6.416977543871881,5.433836755732541,3.266749788827405,8.006381655495172,5.308845441756977,9.941607390902456,9.7068421701171,11.206516897737995,7.93317656521622,8.819470570341272,10.71084210667556,5.268947265209619,8.342400573267708,4.191519006750399,2.3147672877801977,0.3984829223176822,2.4521278482112163,4.642470040341076,4.381177919534709,3.9285381035651006,5.681253710880771,2.2156177382743456,-0.4588234210050924,-1.0634763209110587,1.1194742336450825,-0.40816402146042247,-0.40142854998490374,1.8029277069748844,-0.1181497785364586,1.8430937199788322,-0.07804771441286851
6.511364180674605,6.324612483473433,3.348104845354124,3.9907294368380435,4.841568951239232,7.506072269017058,6.916105062488906,8.014984380707913,6.7263484064810894,9.716270627878645,8.636272341996849,9.079977405421536,9.215285171668429,9.199536999424259,4.7720281783908876,5.882949363083289,3.309088338644038,2.1197987218893366,2.862873687949792,1.8863994403605657,4.581486551306326,6.672520023351998,3.978009485157539,3.0439789305024583,-0.22260363952561918,1.4729295517861416,3.6097677619484156,-0.3460051258159733,-0.7306209083448978,0.3540372793135183,0.5903204668766255,1.8380513457757521,2.2010755430579865,0.39062652406458387
5.72115604529009,3.570320869563529,1.7620935978368293,2.223405575336047,6.019343564700571,8.110610042028545,8.296700894367232,6.181762587861499,7.4625095544796025,7.031604164715509,7.817114803140375,7.423284349661175,5.862073400042322,7.768681526247107,4.103655727268504,2.1620393978088823,3.7312236198152355,2.7684312942820237,3.8154584237395897,8.84933719135959,4.739379046613723,10.576381758514094,-0.42277985765537424,2.7222308209737363,2.876426341059542,-1.1763350092696037,1.099370533232765,-1.1194380585651578,1.8644676241365405,0.6136051702986014,1.268319159071601,1.1612614332997648,2.183932220654944,1.4655055214008288
4.150714812011707,4.733124513811181,8.158884845908934,7.483591447673062,8.161689421035941,7.249733703182565,7.52295921109254,5.25258600477884,5.285173045648616,4.821904811937998,4.501831575441756,6.001581175780819,7.843615270084701,6.05791376638406,4.104397233244935,2.157702235047592,4.563179589141285,4.129011995973029,4.954172531904375,3.933894068453148,2.7509881835396754,4.571262629167679,4.576662450390233,1.8728278941710783,1.7256089871467681,2.3321532922623613,1.5764050542745027,2.2228917729979063,0.253434473491462,1.0589542680261759,1.0938112601882197,-0.8293092566379971,0.4071177726672099,0.970817184203073
3.907997604860639,6.619492043413499,7.338157101467652,7.062816862380006,7.22496514752297,7.779963858168816,2.4652644026619877,7.257373423715406,4.87742327043759,5.563332447817875,5.29467304226778,3.8064501821986303,7.145252951938788,4.408524345919349,5.132863977356902,8.820666382834695,1.590941054182157,1.8471302362540145,6.534551353408041,5.407455679944656,3.9923376432226974,3.2354173959935486,2.183031390059645,0.5915827210937158,2.8476789273794796,1.2521867738072052,3.6633244256200848,-1.177048430469264,-0.841766480163351,2.141618161069044,3.498639083888652,0.9052234140945123,1.5946043519944113,1.801640418510085
6.1804229136681625,7.819057694256679,7.326924005166699,6.765491419014132,6.099812650898931,3.8541185710517727,5.974858436291757,8.877692410102977,8.086924633912318,8.127885281944893,9.284904483771548,1.4496335747813014,1.474308714251573,7.810148714775921,3.6053943513402573,2.6231660829871726,0.4884959161655347,2.1731901964979383,5.699152686184476,5.199205303580976,6.150029718698184,4.058840019202131,2.9793941787063716,1.964897675873632,1.9496495639193887,1.1844959384079485,1.6293322639938317,3.1728558898805335,2.0032507081983546,1.745200601586442,1.3601036093618812,0.40604603012398954,1.5807491250623151,0.6937858246388151
6.570183423630087,6.591464658180412,6.27402563885854,5.70502290768034,5.197472905390984,6.508219623469076,6.501790802125295,5.474552098081664,3.055294274340633,2.6502364783781083,-0.13570333486986805,1.0362917813360355,3.1457145451116126,1.3851496766779512,5.101593626645831,-0.36813365670669224,5.978755461371428,6.619764825403357,-0.05003907484594739,3.286839219767127,7.697168739302764,3.8017136765650537,3.399710846340142,0.22555540927679785,2.5653536694757784,1.2719964801685546,2.284835873622303,2.393119854974395,0.09457692836799204,2.5501845823559335,1.1746975275922362,2.034258682342645,3.4474402864285456,1.9641611495883826
6.8378069750731845,5.887314339308115,3.1732701011120987,5.064119319071816,3.269944876413004,6.708898469399152,5.777089280057449,5.7175799097966395,0.3840021199818044,1.5557924709457909,-1.698404019923823,0.3723325465232044,5.097847521745622,6.670771164670063,-1.1857937077386889,6.323125188192749,4.78261934409368,2.5043954776313693,2.541866650372799,2.7263154528830333,5.23226686134561,3.4075850442486626,2.5981989494322155,1.7067967392124836,1.5691328067929788,2.2598991976018876,2.7913407098645617,3.225661884235951,1.3968338978187795,1.8628527336969585,1.36636973910011,4.078953041071229,2.3355882670985855,2.1712237234474334
5.257955227468741,5.56757170198068,5.023618975288429,3.6955893191377522,3.6346445808161025,4.126828906888283,4.9544183752576965,-0.39048583217527433,2.767692479498678,-0.9452718740646585,5.312955724632791,-2.1330133259547543,1.9316274687957193,10.234745166687038,8.783474789864352,2.1437971536942926,0.4810092543056609,1.8737342880270291,3.8642558246984016,2.1427315518870533,3.213967614345002,2.6576089577764552,4.584018715726371,0.7189510150290319,1.2739047391704852,0.7974878147716234,1.9352635394014053,1.5288772409602867,2.0443190246755663,1.9409993129804342,3.324671501376521,3.9490060492547268,2.5947160677940033,1.9682657478545564
5.14640804775934,3.2670248782578475,5.080734175461552,8.030549853669196,2.627053938128891,-1.260414439649855,-1.3235768234031609,-2.034347638965361,-1.8572223550769744,1.505087356741432,2.4815946240091855,5.633743047833987,-1.8623109533896969,3.7807871969218776,7.179016921035849,1.723516846605401,-0.39094698819492507,3.832571124759333,-0.3286999380047441,3.4447693847550203,2.7471369940112376,2.993464366471056,0.5675904338971578,1.7453082730857798,0.7160954420443286,1.4958265154904722,1.5332675439501087,1.982337597864913,2.270759880271673,2.8459199863698292,3.608214864081674,3.18016938510881,2.5380449593101146,2.801214459734154
4.924495949802885,7.631350313518636,8.00843596849514,2.542174081156175,0.47284434574866663,-0.1410642209181026,0.9690428137053637,1.698212580281082,-0.40349350786305266,5.83451680675537,4.365109101120272,5.26011766620249,3.4470031068032947,4.812418010918907,-2.6542358305178357,6.735432024555093,3.9879173598715174,2.690019722270596,2.488280183385434,-0.0928501059636207,1.0553550692168452,1.4082595783302048,2.0127659168451273,2.704490631544889,1.9152114636641293,0.277793585645599,1.1206368105083624,1.6984529023529071,2.7126515177547925,2.618773351647023,4.230070001459445,2.872446827943145,2.2650526246403104,2.600943263800411
4.750036373747176,5.941848546668582,5.693978464384205,-1.1513563037305237,0.01582151635879817,1.6997984470616039,2.0316820154164628,-0.8936492960757435,0.4856146197770549,2.3088422899550936,-0.870676165345758,4.247863215079071,1.8647141457108176,0.30952067382412574,-0.08548501625394708,2.8690137223474634,2.6504878867823787,3.8099575425973615,0.7533207374272516,2.8638690742689317,1.297167597947046,3.4020452642610866,2.5674570504648746,2.6366488579597847,2.35376502691407,2.0728040047177627,3.1665833112045507,2.349032196804473,2.8419594172700635,4.034120549219741,4.18205445947282,2.3997287878695994,2.2854671838353684,2.1761270277769995
1.2192774943356102,7.48587562381105,3.6957596468252736,-1.6818371051775358,0.654131863304809,-0.6082911905849115,-1.218978357678329,2.1363086935710323,-1.6455359772795013,1.7574453769722245,0.6654328836029011,1.289020331217102,4.626190317821656,2.314989343972327,2.6724189176856172,1.5727813791007546,1.2440574498322172,3.010960456833014,-1.0208870507227708,0.9832947138838658,1.1138978828722064,1.2644681740524057,0.8980360179370771,1.9267166427281315,1.2168840997266106,1.4716164865911414,1.5778767679860974,1.719410725719413,1.4769769275669167,4.209170988718335,3.2084973906127794,2.8789111914532604,1.8489143602242117,1.6569438059464023
6.044073626916321,2.5537601652380695,2.233070919343452,2.840861275436643,-0.9327170868363021,-0.45146420777017104,0.9148100998859382,0.6810682742564909,-0.5204619135399788,2.4197962906577644,3.204571091735645,5.977364896487125,1.0771325270002472,3.625336442568701,2.48217709498341,-0.896461146758116,2.1175805063108544,-0.20896961686076418,1.7165070270244838,1.8118903677233944,1.191298350728347,1.052963248611614,2.6640741593467996,1.72403697404999,-0.8556758231446462,0.8944668772891807,2.097048525156356,2.21348328229753,1.9062258153049176,3.446662347651577,3.833193295779258,3.0613982329189526,3.146499464933681,2.782920591285752
-1.009356314377607,-1.5475687243463097,0.1280230737481264,-0.7086505452642698,-0.8750764072988322,-1.9583614936191343,0.6551742415538547,0.15189282438656052,0.265658481122695,-1.5174384032888328,5.236240397818687,6.011652976667054,2.589983960025457,1.0846708966547656,0.21692841007639502,1.8370225799946507,-0.9710262535568812,-0.25009354121856825,0.9049284472928621,-0.44705557666936535,2.053814932209202,1.8437808275971974,1.1450412819840812,2.280358185868044,1.592327277676705,1.1063820471153325,1.4876801004848528,1.9798973376937605,1.9753897330081092,4.599525274891505,3.9048439710763594,3.2418787617727816,3.317152644279229,3.4364644984575947
-2.6704771027935497,-2.228296730132238,-0.3685601327592327,-1.5684534674263266,-0.4196989896776624,1.5368900351773689,-1.3257249527825308,-0.7610625491204583,-2.0836808185808633,5.044412098269533,2.8840848100923857,3.3493662559779307,-0.9480654759145474,2.2686361407032964,2.1974303282588754,2.066333094258767,1.948396788661865,0.40500910454011696,1.508247053305925,0.8554195918433493,0.5373180779281296,1.3181993109153767,1.4727556965523827,1.9727649755477745,0.7668595664451706,1.0589056605133704,1.8610404878469669,1.4789813990205856,1.5560007217439042,3.8669648021441523,3.094029379336958,3.2872538363516917,3.35577069015795,3.284023907586146
0.684248976296034,2.452094004579755,-2.4490646486457095,-1.2970272260757387,-0.5663335891951679,-0.7594921599855916,1.6673276693664785,0.12633458924912838,-1.0526213744646828,3.9056201592554234,0.8975868631671334,1.6850938778330216,2.5503332990657017,-0.6429380304221238,2.5387859337318712,-0.34568629340014373,1.5667556110312353,1.2127570992812595,0.10093433813073498,1.1416797877002998,1.1410757439576922,0.24852257396524635,1.1613284537840252,1.4952270382192128,0.6429491208479035,1.814045194355798,1.5562052618433535,2.036331300707334,1.3833623300148845,1.6261308614424623,2.48224415822511,4.082087769266732,3.7446424276557564,3.5246065201309147
1.333476589245404,-0.162469630486381,-1.9775746436456008,-1.1845577567623273,0.1662739915724398,-1.2280311714193783,2.272827943735631,0.46948550747673096,2.4603452352573,3.189313037097079,1.7751542511635123,5.0035648862460045,-1.106076158448622,2.3412187015857278,1.1626180065124034,1.0666814811760992,1.8272230915464132,0.7423355761997441,0.19567796817116975,1.1367384675469558,0.15288108079021526,0.8745912289993458,0.004058829930209568,0.8479863956704323,1.2088194703535862,0.9671001733579322,1.5281378755185366,1.4010828769059593,1.195600581197297,1.3172894563670894,2.0242199022436225,1.126304512204477,3.495649936840919,1.3595643636220087
-1.8493766682736061,-1.3362012884904215,-0.7414476787488274,-2.238740565695615,-0.8645748573181803,-1.4303336818171066,-1.8439885831440832,2.739575570220116,-0.7883342774593903,2.6639864099424244,0.22583390371440681,3.314765697088982,0.5305186653948187,-0.4245836214376836,1.3562208849228958,1.2918878543202852,0.45824752637808497,1.0650660590438181,1.258724235374545,0.9387833416892438,1.371497993519735,0.7454740591388681,1.0456658553270348,0.8576278986051886,0.39921594119356346,1.367675858727523,1.2224126545738203,1.523892564481129,0.9369372211708329,1.9788242955612207,2.255737182750077,1.7645302251054407,2.7863231020859707,1.246456334287306
-1.6011975733577766,-1.1445516108987714,-1.169821397028197,-1.2298789738406926,-1.8698748237720737,-1.0158608662249329,-0.6896810167384598,-0.9784436964101707,0.7654973302438624,1.3704715089954491,4.36164143060679,3.792732521481895,-0.13544736906081178,2.9951641022658504,1.8957711651563944,-0.2950575003096542,0.8286933704466264,0.34828226715444227,1.2307889192709076,0.7988077697314816,0.621168606531168,0.5954242073458178,0.7718957587402002,0.8877624522372417,1.062705536938174,0.7887317232550077,1.116847046995015,1.711692594296305,1.5020905851668636,1.9640377037132364,1.7579478027800666,2.0452529538932422,1.7476285332236912,0.6981186363430201
0.6361259103933999,-0.4205912966168304,-0.07585116511395505,-0.3096143923340145,-1.9344158763764978,0.502043685862975,-1.9402762364229174,0.10193937308370492,-1.2584323262983932,-4.064040558866708,-1.085333217955583,-0.12541302184921319,2.2490625040352423,0.8845101220223014,2.270442793514787,2.205585459950705,0.5952161305649329,0.4730503763229021,0.6165534082905151,1.0329260824079798,1.2170786780486282,1.030826057837721,0.6297450911977399,0.41689648274698604,1.359481438024236,1.1359166697769814,1.3825133294527192,1.9739963285337407,1.588071138028758,1.630563089853935,2.0444545436402217,2.2095357395228596,3.897071387309905,-0.2194202139539602
4.398396005964937,0.9342777314741931,-0.16959603871328116,-0.23838765428658018,-1.8972186122429315,1.3194234768576938,-0.22430502680702044,-5.882524963888907,-1.8058567200508078,0.3082392659199286,1.2695486491658579,-1.4637793995336765,2.069764895087723,1.416375941640036,0.7501638648545853,2.6120760240024645,1.005384790670787,0.24762455114463763,0.6371620651932268,0.9864680940026032,0.9926895685400442,1.3048070442498712,0.675992527904388,0.6023492461805099,0.9419282117152579,1.0068928910610926,1.0412921490708646,0.9308640743912223,1.281028035501258,1.6161816120814072,1.96869792260317,1.4925697367632182,3.1435004349366165,-0.5103720663779497
7.071816524877753,2.7291750495051685,0.614071407246767,1.4595893608655206,-3.5682577072034087,-0.8574391793303334,-0.23624602540412704,-0.709013687639237,-0.848630935144345,2.5458151601785337,1.68894553786009,1.3941287777258704,0.9015852390445168,1.4476430973552938,1.2198320564448695,1.516243731357344,-0.4784034730253795,-0.07890599749031314,0.6066209405344045,0.9167795529899916,0.7145464534447944,0.06538124173442493,0.13070576857799673,0.4719832991012479,0.4571101515488906,0.660293722486243,0.7968069875689198,0.6794199129860856,0.8156412803036932,1.3170527293729366,1.8516736343561717,2.496859474206511,-0.48583285393435255,-0.6481822273441614
