script/wind100m.json
{"header": {"parameterCategory": 2, "parameterNumber": 2, "lo1": 3.000054539987559, "la1": 64.9999836372058, "dx": 0.5, "dy": 0.25, "nx": 34, "ny": 52, "refTime": "2026-04-21T20:00:00.000Z"}, "data":
[rows 0 to 23 of 52, columns 0 to 33 of 34]
10.399281554840545,10.45819671875094,10.727729658287872,10.832970274642355,10.977419009366145,10.917525585954682,10.976516422783815,10.982780779059995,10.7844861526075,10.687579174937106,10.61316854459871,10.551069534946517,10.600804306629705,10.361754760535662,10.018219647134202,9.508297907935637,8.1230595608705,6.613659077091284,6.211366102022567,7.808811754155271,9.744540916303595,9.453029698378016,12.6891243843243,10.357123554464145,13.11463734000043,8.408937045744782,5.6336560593268405,9.707557714214243,7.395155713413106,8.014415877230453,8.226794399825756,7.322177226992019,7.8930896957406675,7.460675403531328
9.857373997735811,10.053582794041564,10.114394243652326,10.000967657868443,9.87346741107063,9.685491190916942,9.699193468519352,9.759952913850466,9.86262943455666,9.842701785279624,9.968187368273874,9.816167947002516,9.661070683526036,9.392839991400391,8.918295047265547,8.897684835688334,8.618483335100086,7.294674337986218,6.506077520201601,12.450693182440645,5.018561190358214,9.257389053461488,7.122625520538611,14.488609973317626,10.752642854277028,8.4607933157516,6.905613883886259,7.9571002571724625,7.56438823024428,9.538054276486719,6.625633486956971,8.011948756988083,5.895916699264766,8.325394207120427
8.74832349369625,8.517692536502322,8.547992130231192,8.5968341865578,8.923064599422469,9.046425539016514,8.974534700827654,8.985199793024071,9.089286019781543,8.896961860871698,8.77625012201389,8.653845675723614,8.361667961391564,8.017293272678852,7.757508298918784,7.751729680230228,8.740355876463738,4.523674051185561,4.782768337824563,7.111662541500188,11.210421622673364,8.62013131574369,7.976319012666402,10.742754150788198,10.466779745169706,5.995869958584532,6.140719882503113,7.129578061349064,8.139277326997766,7.925177363972492,8.36146998256557,6.747094344994124,7.159917154755065,6.238993664506602
7.037093578378816,7.5364735170178845,7.917775300391233,7.871034772819499,7.797749416308691,7.98218064747828,7.8288562933015236,7.965394870442214,7.970218363850922,8.033431032269712,7.769136224897853,7.405230530525552,7.247883109612238,7.048032231399176,6.657727746888296,7.775447168528396,6.566737742400687,5.432042546266165,6.533992762513528,5.95002881584701,8.360911872386183,10.26470324832069,10.829797487630039,9.914219544198392,7.363284504877373,7.460043663722054,11.05071159434392,6.149459795943304,6.9124535349063745,7.547476452322264,8.115644666684867,7.94082655719243,7.112208487735774,6.214459352664274
6.603483770461592,6.66376821258503,6.605620874642545,6.672786867034269,6.590691038149017,6.824104302423637,6.8551979824163976,6.92304185212075,6.76033637476861,6.489304323474908,6.45305497314971,6.472205366817785,6.627617498927509,6.1958441709244445,5.556554787665955,6.440379695168064,7.9557951132842,5.008312469212387,6.389629326043915,12.018374781197648,6.765199303757185,13.962322368976526,5.3840808746900635,9.211837541491402,5.584714697591854,5.751470035744404,6.863923296385275,6.19065739553642,8.34241192971644,7.445053696594117,6.921875552433973,6.813127181925313,7.306109245098942,7.261844544121118
5.6050797934156815,5.610015169119233,5.274129346171712,5.33577171798555,5.503658719315987,5.570731467349461,5.423861368110487,5.372333549376354,5.624228606081016,5.429038253796349,5.614721314410384,6.144445073957261,5.511742651746665,6.429514042249897,4.230646141290156,6.379547103874516,2.941858160575325,5.792869429551144,8.725040144030322,6.2386064317450405,4.750506503580805,9.508858259523038,8.625620289209927,5.575360066269528,6.694318279189806,6.996300145729271,6.347653553394386,7.90923612182639,6.517127236342169,7.6104032543922795,7.2902860084121235,5.259927612186392,5.627784496929846,6.4886125467032185
4.320687469910163,4.24713533823777,4.2234153410801945,4.254992793509567,4.066618109615636,4.085600904046985,3.806113598957733,4.155578879436192,4.688496647501624,4.756664246128175,4.733821159122748,5.511733750421007,3.899987597153245,5.436575846562015,3.918369267669077,5.254050595539243,3.7402608527570047,5.224840914862759,8.75139895669617,7.276317756526677,7.334585805625299,8.144206932890933,7.130664428430196,6.528577382054184,6.790940831087594,5.713752212331328,8.023684649241622,6.3503003368024835,6.719319865279824,7.927926254826982,8.040450071406012,6.738072327610819,6.175828312069741,6.773325096017465
3.49558032132894,3.445211277843721,2.994035651024434,3.2878619830846,2.7856485798031407,2.510224174749804,3.0597077723070694,2.6206275407651547,3.5338368475381903,2.7317620684841484,2.968633417333947,1.4993373351713788,2.732191771389395,7.135232758077798,1.748342053371548,2.586775390727087,2.341980993681286,5.047445536502983,7.656550247589006,6.366842784379794,8.529789633734278,8.45237939219156,7.2583481864119745,6.3360461010252065,7.230066284874277,5.579893859086452,6.859314326306563,7.060568656171257,6.484236437443539,6.661446806648334,7.136157326309394,6.475139297293689,6.9016652476159255,8.845391133969656
2.600254552515075,2.2019645746703205,1.944423952144367,1.1071776601343826,0.9755726748816896,1.1635248670168874,2.023699503937151,0.7353331248472796,-0.8675707201272016,-0.2565486710266772,1.243846153337123,0.7661276721446308,2.5685809673612328,3.6229396872281643,2.2396581083196407,2.53987104584447,3.524285437522293,5.751705641376828,2.572010064540637,7.059797668728373,7.011408792085381,6.673590731828708,5.113293976248638,6.346145976540557,6.116400607835238,5.993099480506616,6.472997828519154,7.335016956601957,5.726236897481769,7.737551593317139,7.258188387975482,7.9524212118813455,8.43640193868728,9.93760955221578
1.4121490017739702,1.0187033514416433,0.849679543574664,1.0819267828179087,1.1425139736438534,1.1799532231783592,-1.7867177282842888,-0.09454277460659195,-0.40796308355699124,-2.2855077502907086,-1.3557807971564428,0.11254120913555474,4.833944044014045,4.63732308278144,-0.05112862443526808,3.6770453368678373,4.634210143735162,5.662323133368493,6.580298338492505,7.009775981876659,8.000283106896106,6.766119246973287,4.867868976527154,3.8572110143150034,5.454245091900595,5.989200248998742,6.174406811874541,6.744021952393511,6.712568093072051,6.26601912244844,5.972544874515565,7.953407783058697,9.854258805554107,9.374845720983993
0.7879780116542874,1.094938745149664,1.1109967981124587,0.36894303753591057,0.0722275123015653,-4.311961770061266,-1.0157085912699146,0.8379029692579599,0.7011051166599197,0.1500777618593823,2.931618811785793,-0.9919109049093772,1.7170128737188786,7.49244968369334,3.5934869299991847,4.116017605166696,3.2152794210696682,4.3452234806190635,4.95122544642829,5.018663436611987,3.7259780951315875,4.312684773127694,7.139995837530495,4.750692393199717,3.4963498260975534,4.329634555984498,5.879701183182485,6.0560399254978154,6.336138483012917,5.9309502308802164,5.400773372581427,8.544934578815834,9.869452681397112,10.724355912398837
1.0543573072101164,1.3022178700321758,-0.824316415346011,-1.2909846239062737,-0.9965520341394779,-2.811797635845196,-2.1905678598159546,1.7106130780506732,1.8363503004446318,0.7348770739240202,2.058784116420805,6.038689030548401,1.2330030875836269,2.9375512767551775,3.437489730666073,1.0915484644608815,1.5519743030838653,4.479703719545895,1.752775098309516,6.677314950535665,5.193213629336734,6.632625420393376,4.389671468986196,4.4208768223329225,3.927651039703412,4.016790109526126,4.823043634880624,5.850803237709393,6.194024880613231,6.274773789859831,8.965573704601981,7.699823029070748,9.834508234971926,11.276565998320976
1.0191742214965243,0.1694871402946386,-0.9763742380252242,-1.344743937775105,-3.0881244076980234,0.8550728033802265,0.43076258988243626,-0.5684960165475134,0.04697797005471856,2.879531814618011,5.115126843723144,2.166533066229911,6.962609475050953,5.221049942723138,-0.9658533674214524,1.1603375031709433,2.609919268929045,4.200137609964419,4.189832438203803,2.9566541761201366,3.634774517734267,5.778074104996979,4.925560953947837,5.435315167681105,4.568909087584914,4.44343612561259,3.6601342762705142,4.928106503776636,4.966084970100068,5.714984030113363,8.670784110915022,9.733700002736988,9.589650138314047,9.918023947561453
0.11229383938507473,-1.963604388552577,-1.3307479342054476,-1.1358747727639185,-3.6636272147572497,0.998467832034369,-0.7042273306352352,-0.29752728171832415,0.6039153049178692,0.9202445215036275,0.6955056799648761,3.81392820314828,3.115898962452295,4.103742284285747,-0.37512683656994683,3.377299442672079,1.526730463462378,1.1827848889076455,2.3691692578985317,4.591815619784208,5.5467671868697765,1.8018668758791572,4.408164816088749,4.393078801663752,4.73948786401381,4.72953630648204,6.369692237784351,5.774161374262431,7.055777499145839,6.770956158815126,8.294487441001776,9.054098932317313,9.118559993705416,8.593047438896205
-0.3872069843791208,-1.2914584668726663,-0.48808175420897487,0.757676280809895,1.5192002213142797,-0.16632455808857377,-2.760177309782745,1.5768244312597928,0.8576154550007847,-1.6302902042513,1.2484253428902414,1.2605274765319452,4.077828960849919,2.406650499963796,4.356791347735574,-1.281961456042389,2.772979698971393,1.2225999001168637,0.5223178595122899,1.6651548065675763,3.303893351782477,3.919591075999934,2.3182977251778922,2.8905414269848975,3.6359056399589536,3.756292230090579,3.627543516542324,4.756392916290906,5.032973761937069,8.230879410521514,6.865308587120228,8.100560159273515,7.99766670060599,7.908983031829643
-0.18384945215622564,-1.2770777904605028,0.23874501697955652,1.4894098298962766,-0.08589055842782979,0.8565775165943263,2.653337489296119,-0.0887806195052964,1.2400452688456853,2.720018295610273,4.326979236423242,5.326239523814421,0.9809262261527353,1.7761467066651482,4.332645856939464,-3.5378911762436065,0.9492809063652703,0.36865387369389746,2.079535932962934,1.3211174698073984,1.2129851141007648,3.7265627766225524,4.09955454318444,2.8525245578037417,2.1884625391914168,1.8317358159154509,3.25457239167426,4.53060876878183,5.363205880752484,8.36370730352998,6.582642388518982,6.241327409221132,4.866890906706636,9.0045969744343
-1.4832376747322789,-1.0215620976750723,0.6803566699521864,1.744027619457922,-0.4074011602685939,-0.343630903459237,1.2984527948034923,-0.07393287214670255,-0.051420036688827664,-0.7434445769412898,3.2940057874669106,2.846532392668123,2.9613790359773318,2.0377550230777177,1.6075127742382216,1.6530698774505919,-2.981220340871799,-1.045282615565727,0.01574186360968001,1.0052910171891098,2.073162702678041,2.436757799843266,2.8407948760877133,4.945016236887833,2.3465427749987633,1.9659139507309413,1.8024648820443714,4.180539516735682,5.021959371597883,6.527403055566878,7.202800033104323,3.806835868887066,7.906705048143141,7.988480941160952
-1.5978860279933382,-0.34615762914438863,1.2106640418349817,1.5171490723669334,2.807517922767361,-0.5383081433370878,-0.7635148301987477,-1.0159720134214083,-0.2491245535622005,2.1567175843793565,2.543540463294088,2.895765714585482,2.293826368444078,2.949624954481595,0.1419104626036762,-1.4754242097659267,-1.918146091008277,-2.1809997195788706,0.03527561024637523,0.2673468476451595,-0.3367796985618344,2.310405963317933,3.10342063799289,3.194098026118202,1.2286803979543146,2.3341880838355435,0.517336351082553,2.737700086247594,3.653914285281135,6.313729285211148,4.557067501334904,6.3586625950171145,6.989478379185282,7.318584067541438
-0.5353639868697178,0.18051769759573377,1.2632263151717968,1.4117549658132171,1.951581804505311,0.45238285139610296,0.5284127200069434,1.4350760165421754,0.9680421394041279,2.2797210888505695,2.033404321548633,3.6414963875053337,1.8224838820150295,-0.15555457136480758,5.149889817013718,0.5388582020431272,-2.9073707581784336,-2.3972448685928374,2.697975487106094,1.1029094487327902,1.915563249210698,0.9451551518644425,2.5900002350412348,2.888029057928795,2.3068525690855464,3.497253208025877,0.8763307173204307,1.1359397879554594,2.1870091575012256,3.7126382800072117,5.117675594992289,5.267264844785165,6.01935164669076,5.093257577560741
-0.25860602796427073,0.6713550911133734,1.2671143203890127,1.2984137178065316,1.0271310748871374,-0.2654810872324925,0.0973336524540752,0.21482235306219635,1.9101071539637213,2.9086324764144385,3.4473146848665657,2.590597139930265,1.9728111259656622,0.3453859508389515,-1.5312217452437304,0.1391886294336264,-0.9956845855163345,-1.696705484783502,0.9429474920325279,0.05141388909711739,1.9617975330760395,1.3407508927315381,0.8227233983386444,3.577705077862814,2.4857614492352025,3.6715178359346283,2.865070213277789,1.4950849521872487,1.5408655517117942,4.65292141172176,4.920817327437609,4.71602635372512,4.329935732373382,4.032075433957105
0.9678654240434353,1.1482229874361476,1.4802826563966902,1.059026207414421,2.149900662729681,0.7569322784060275,-0.3046401309835903,0.1398429385573493,-2.3057093174664915,0.34205835070437746,1.872102355459422,2.3679900433858405,0.23292481850852687,1.548408299323078,0.28441892777015554,0.47874452168528425,-1.1095299238708134,-0.15612186289078286,0.4894872082149854,-0.38687502276462565,2.6220465973932208,2.0986406068228898,1.5728902128964684,2.879085343012918,3.1086023591650442,3.135852113064914,1.1500026588922299,1.7019428016764133,3.3624872937953345,3.473039279245639,4.731956687123777,4.0565450447582965,5.1375651253624355,3.033684240921182
0.6730916017685753,1.087160120886173,1.3186430179443485,1.0615837208838599,1.6302066582306547,0.6491088002668448,-1.1123177031707294,-1.6534545580545454,-0.7993446463114338,0.9723189226647995,1.4443782385602766,1.3003630900103633,0.041954536677592726,2.2676776711904854,1.8947171188027248,1.254184718309697,0.6741179286820316,-0.2554430974117222,1.6909666142618849,2.2759524153714468,2.1826693937905794,0.6779827313909406,2.1033743296460057,2.3058769604092775,3.406906472575631,2.3882442100964645,0.6500405847337372,3.7117807975713797,1.9673959863346187,2.092156453204704,3.6887431929882903,3.9216800858387235,4.138325456268929,3.7678849196613737
1.0224789232529288,1.2251284998261769,1.114048589158443,1.1447717282321084,2.2273833603703332,1.178366218758584,-3.5353655265708506,-0.04470155437355269,-1.0340870145784002,0.2139913733293128,1.5081652052958376,-1.3485696910411429,3.006196397993893,1.144836256367625,1.3659548094864127,2.312490955111395,1.1109393508121463,0.8222321000333425,2.4032495116403347,3.4956185475654906,4.3110404258296136,3.958114326727272,2.270781877733785,2.8294673003884445,2.5955724138357783,3.016974718651999,0.7492466597700084,0.7296383027348755,0.17572817535319313,0.19231008332367516,2.7069938580826176,3.8231652156698965,4.049112602189646,3.326856979677713
1.5058104166126447,1.5766546551774878,1.3145491754070837,1.5566035285502984,2.075424885683392,2.5408814005342477,0.6053541195410533,0.024906342959374876,0.43997561722152945,2.9415970941278466,1.167718119718337,1.060006673111906,3.441467302336662,1.173572129661957,1.1436753180710253,1.5521702169222846,1.5655103273972812,2.680698540207297,3.4101401962531592,3.9996567771475333,5.634832193624601,4.709704674760386,4.529954110560806,4.054950720289627,1.9083725772405902,3.0222303626637825,1.6359211699619243,0.195005173178668,-0.282344730091658,-1.0536665703838917,1.3654085890685805,2.8585256781460346,3.8933674374639033,3.268980020822954
