script/wind10m.json
{"header": {"parameterCategory": 2, "parameterNumber": 2, "lo1": 6.000198445256149, "la1": 58.999992894266676, "dx": 0.5, "dy": 0.25, "nx": 22, "ny": 24, "refTime": "2024-03-17T00:00:00.000Z"}, "data":
[rows 0 to 23 of 24, columns 0 to 21 of 22]
-4.848505123540623,-6.525869361949648,-6.6531189366960515,1.3769302142453754,1.1142343624461677,0.7158120152467332,1.1907734679499025,1.1781704664242756,0.27556091037268987,0.6172836893960757,0.08273325356600814,0.7223386770013555,0.496827354206754,0.636073413170878,0.7215200253679191,1.7099146121722832,-0.3465044403699101,-0.16508694325525614,0.3629262358827694,0.18761533667534638,0.1252158047570167,0.537353671689348
-4.557691133110819,-2.3778753725966455,-2.7511812454487585,0.821661433818465,0.11907839915811004,0.1317768872688065,0.8053811290728909,2.2737956561640194,-0.05705632957661659,-0.38707988444846647,-0.23874150556303578,0.789491756851773,0.841611926228954,0.9916646837027618,1.1210667490637836,1.2878165814634115,0.3628644164713873,0.5122029352656882,0.2101549031673536,-0.1516812693903506,0.1524931661532616,0.8802711111170968
-2.5875827760350267,-0.6614936945859187,-0.913033279144284,-0.4957858574061264,-0.0946269886263688,1.6176833126281671,1.6203140943786347,0.0629062774856777,-1.1109734210239803,-1.186397865602337,-0.19280434528526755,0.903297561234925,1.0733081839309302,1.5058311888038673,0.48289015603489416,0.06131458606374552,1.254470501737185,1.275713267098604,0.027155128458442916,0.226584307640998,0.8122336972624647,1.1219891010105323
-8.008070744652784,-3.9715075844347756,-2.826490349878252,0.3901997198160997,0.379878785846385,0.16449302713985917,0.32964464443076474,-1.3971181542071305,-1.696166837056961,-1.2672589080888106,-0.09125298672140794,1.067473933492525,0.7494547072641272,-0.07757317797037967,-0.6039572840622439,0.46310101538669346,1.0141786429239734,2.4385546576255,1.4967014925678865,0.49437768117982267,1.5579910112221254,1.574808814397337
-8.590025080518386,-7.6005262395982545,-2.189951698881367,-1.6739583915040195,-1.2513993498107054,-2.045659050641762,-1.7367631896695728,-1.7352929843258293,-1.8244812073299035,-1.1293788363702515,-0.1647356923591177,0.8612508499076778,0.10549980961711207,-0.554006264358179,0.2376394359312629,0.7894121558396019,1.2401839181185994,1.9091011076960889,0.7476941528167805,0.8700955583091803,1.423152978709996,1.6171813813036005
-6.5582202640463985,-6.886483075310641,-4.575581140707026,-5.671659408268669,-4.488519904326867,-4.13087483392608,-3.274697003275053,-1.9872022229266233,-1.7852338042453142,-1.0640526524941667,-0.6706590210168436,-0.05420487498579792,-0.29045935207392665,-0.07836945975950019,0.19779147433050973,0.5422692733134383,1.3312441414500993,0.30063905285228887,0.27239310683381834,0.7001982675380806,1.3503634394153665,1.4942260452336689
-2.651083198652238,-6.38594559239218,-6.529125952474203,-6.81690272093037,-5.040329995723493,-3.4315258469779684,-2.5860217556599565,-1.8676755326747714,-0.5116866120933292,-0.9544738334437016,-1.6934742998734518,-0.09282075464920982,0.006668737067142547,0.2860863698579794,0.8737314314042812,0.6896783268717691,-0.14130590308523916,-0.017394673714137554,0.7312740686547793,0.8802140245939188,1.5632665878493155,1.6818399240761817
-0.24079654991789148,-5.876656587732203,-6.357411996341313,-5.300858710989012,-4.883992759195393,-2.525391993412993,-1.7093215376614952,-2.1687383722006306,0.2706025842613341,-0.13681777683597207,-0.5656113491274164,0.2145609842121655,1.066293555696067,0.6576168404881165,0.8221963958222778,0.7376280829042716,0.15039270407965138,0.7035579345557047,0.7019275232828708,1.1780139854173235,1.6562551080922483,2.596871790887493
0.29176484180347184,-3.3071335061138076,-5.4078816003172046,-5.244063795181958,-4.1435271488364105,-0.17260793739659167,0.45775341275923087,-0.06437911394153052,0.7595406293218463,0.7574285654951995,-0.03100796543580431,0.8022370821958349,1.6248644560600423,1.2594002338338794,0.6717113159967496,0.7928113713384907,0.9873888111871073,1.2208416141997567,1.2127393738449956,1.1555907411345474,1.7541133947149032,1.9394899759099242
0.4088001604321173,0.13400118438977507,-5.360583242957213,-4.633378647381615,-3.6268908715682633,1.025272761205529,-0.0018923480079299825,1.0108893818240479,1.2679815177613194,2.614405585004002,0.7393024583627444,1.475325880373816,2.406346201028402,3.199992255725924,0.7015791532889403,0.968718868814291,1.0386175570322687,1.7199280063597018,1.4893969806856078,1.2654751032386866,1.4694056456314737,1.3330669163200852
1.9052489647730917,0.5991755433801463,-5.309235991316532,-4.574741455289273,-2.9166253844327708,0.5425056250376324,0.8260271392331457,1.421195518106181,1.7767238619606267,2.9084127406525986,1.478307239110635,1.9454407269087706,3.073516003386459,3.8358093932662922,2.9341716422323967,1.4860253530248708,0.7611879499621249,2.148519473773305,2.0030516984274134,1.3099226956456236,1.6451855671583049,4.222567461574724
2.079676913324421,1.0940497584733158,1.3288816159893222,-4.282373577728085,-3.3397901984400757,0.14121197417762238,0.9574672030828073,1.6549314315259824,2.0996203660931663,2.596759546467177,3.7765596036555547,3.0137134820248797,3.6462486769949174,4.522306911737636,2.5781758648310618,2.2433310750133693,0.904965989408475,2.489984314575577,2.177136761143175,2.978598115835889,3.6137793596445382,6.1577403254617025
1.7570785721835034,2.36902434280122,0.9016743288411928,-4.344917804564316,-2.678053816462294,-0.39130074286380867,0.4900032582083148,1.1222859943767538,2.1922855470338676,4.327164612627235,4.887417762931592,4.576700055365959,3.2519855439992047,3.842783335388792,3.9937234667847057,2.9449092230942413,1.7979306813183327,4.570421694763174,8.4220676514088,9.561009928880186,9.74218712407951,10.490012176300452
1.3485578255734625,2.320529767871048,2.871351325901706,1.9914832961581166,-3.4505191288242183,-0.21564418342103062,0.25684007169323464,1.385158264756919,2.492437042810972,4.613809265511534,4.653362604615701,4.484597651646698,5.017168074892473,4.164385271998517,5.304395671362211,6.141078306004167,4.011142470696572,9.457717990975379,11.453277033526103,12.31300263544364,12.873113347223471,12.786579115912144
1.389817237779337,2.1519186952801292,2.5810427012662234,3.2018054136387923,-2.733482297101302,-1.1512586247191456,-0.014678949918997774,0.8558296114901778,2.0487381714444135,4.025162001691937,5.209110313201911,4.177808218458338,4.898806649005854,8.717005860424873,6.239656615012345,6.577896503808006,7.028322400810821,10.62424534458048,11.466492700354012,13.14109016354779,13.182151936026752,13.024152317358585
1.2983948996106707,1.8435147875828317,2.503598762513989,3.092904205629245,3.9594694841955103,1.479755828894508,0.018523438754162146,0.5736558814694792,1.2052517605199966,2.82868752192815,6.086832424775213,3.9045135526294046,5.025821661250506,8.43875935938243,10.366238049426988,10.47474183951431,11.270989529998095,11.791475976669247,12.5247764569976,13.268569883946363,14.188838423211367,13.836770157441714
0.7641608948555696,1.6781356982909423,2.437976281263735,3.3969324820916658,3.3937703410548137,4.521388699665361,2.1472430624685113,2.3052058076154913,2.320426235051581,2.6494071503794943,4.697532474270812,7.786928304887789,4.998693882116542,7.6527757502922675,10.677859876362636,12.06296777775127,13.258806747203474,13.558823507329832,12.012718133384917,12.135257947164726,12.78994909939532,12.886583834755104
1.8689538721391135,2.0692957282565576,2.3077220782960164,3.121697280128637,3.86156231145017,3.148240974543846,2.3376621280844283,3.8786187013682816,5.242802993264161,5.141545720291346,4.029497424940849,4.123062400482688,6.102502240063052,8.884728310470118,9.114430825475154,10.93923814974273,12.752773402482129,13.679868117773971,13.617170210160614,13.732783962093356,13.349554024015358,14.47727010073169
0.7852009525168342,2.3569373717888498,2.8664479597507904,2.8414214569930034,3.7649327040266556,3.440214486559521,2.313011964064193,2.625209237211735,4.347839008184294,7.872474414232866,9.096360954196824,9.109700577613756,5.944599211839839,9.168654761269996,10.845852902532139,8.345730383065955,11.050321877686953,10.689803301488439,12.470648503121865,12.54432423582222,12.7358824944762,10.582264520135679
0.6669719264313306,1.479878008336577,2.4450811327445887,3.49740037389686,3.5666186776692257,4.07304475731482,1.9011239872367083,1.9678086976810911,3.2894423976978353,4.124766576834291,5.111087863678744,10.430297638272059,10.152579828704415,7.05571274925299,5.610951412701573,10.355391469099935,12.018192296169229,12.864677542567442,13.336000708186646,12.846166018203514,11.389584737234124,7.69086768007586
1.004794377690583,1.844907367612004,3.256332228699583,2.690863181039798,3.9695740892270015,4.627537498595546,2.2338593196621233,2.5913047073332764,2.7399797772386707,2.786545066413086,6.6180056260702615,7.495961925076486,6.8726889612067,7.302880742109612,5.924228025046027,6.913723790878908,9.450223808081768,12.188424824875739,7.16054412918196,8.33591233032389,8.026292464560518,5.7423001837251935
0.8543444723472728,1.5135581512560572,2.998221289478524,2.7119803211429123,5.299977586427975,3.6911071844231507,2.7895349348861047,2.983600698130749,2.504275671108937,3.461107741516617,3.1258958278122084,4.764902209980801,6.070267123562233,6.333804584476292,6.387743626719288,6.891778452072074,7.109595497870592,11.521536745919962,5.090149837491332,6.164623339918038,7.074453269417108,5.68978615468052
1.1240634162920924,1.7434074209345514,1.7303574273271782,1.7244149394882677,1.4350760106639031,2.0527383344544985,2.3634404729286373,2.6563803354543247,4.114405243090516,4.0440678579150955,3.747849774227894,2.9568479786678377,5.274307521283807,5.720634284147068,6.352098548266713,7.182607348342651,6.505588487776248,5.382190157713045,6.714550030700071,5.36610913634048,5.642066374264469,4.840875142840056
-0.3666000845154004,0.08875905035056753,0.6700015346070759,-0.19636164177592075,0.37878204683996297,1.6069579432622751,1.837524666965827,2.977829590703654,2.337398784085604,3.4737016058974195,2.8088543658439917,2.314535876796822,4.573195055144712,4.0790840523404475,5.4354545001658146,5.180439541349286,7.072961596786969,6.178543107491468,6.938619395656089,5.932358081101349,4.562183042994051,6.01761487042821
