script/wind250m.json
{"header": {"parameterCategory": 2, "parameterNumber": 2, "lo1": 3.000054539987559, "la1": 64.9999836372058, "dx": 0.5, "dy": 0.25, "nx": 34, "ny": 52, "refTime": "2025-12-07T09:00:00.000Z"}, "data":
[rows 0 to 24 of 52, columns 0 to 33 of 34]
-5.907854374781936,-6.3573070505099665,-6.7268548248973765,-6.339493533825718,-6.266181189082413,-6.316262084765125,-6.499563401057254,-7.4640667886958765,-8.45850582237369,-8.26887184925801,-8.2207143769135,-8.680897498502675,-9.82252507657408,-10.49184699564179,-10.122258534384788,-9.21421106141635,-8.513961522924863,-9.15657640615996,-12.686393106152146,-10.565927533037183,-10.31456277830043,-6.2588933479876525,-11.256924444970672,-13.194683785946184,-8.958677120768836,-7.5108591854724285,-7.672439425638204,-11.886680440858232,-8.669781362913543,-9.497427597350011,-9.978902976304237,-10.236304812977668,-10.324676876690866,-8.443112589507102
-5.276371821815831,-4.556854213702374,-4.3820623059441335,-4.529741693403684,-3.94420731099565,-4.463000777826975,-5.958575607342569,-7.167306447002734,-7.806043497862763,-7.834228166626158,-7.802593374961663,-8.28529435569727,-9.466832082319463,-10.390998219987077,-10.28435543485682,-10.203316688520655,-9.966478678473322,-9.693284191892596,-16.487531398133648,-11.707995774781459,-15.02617735679411,-11.361936604250868,-5.930891308818747,-11.045942114631762,-5.573635585533224,-8.8580062379614,-5.986594893153681,-8.337928772922275,-10.17004448721502,-9.29259739698109,-8.421269624698496,-8.942515796627458,-8.324138899876692,-8.039022155158781
-2.511974885446142,-3.205350860584723,-2.663703180389585,-2.053646393521327,-2.4720161225075583,-2.975381949791045,-3.33172275544671,-4.390491605371522,-5.043733449403544,-6.277819502058216,-6.842718746584688,-7.55940547241681,-7.691721459547239,-8.750869389298495,-9.949614616093527,-10.498334914256489,-10.544089211153977,-13.389470977375755,-10.845209929271421,-10.09583062632407,-11.904835899790294,-12.248519198277785,-10.185998783281685,-10.864601316102322,-11.668469533198392,-5.269453276497687,-9.448455259945893,-6.87058698672061,-8.715724600348564,-10.45954420827466,-8.625580455379135,-7.635727761267713,-7.5678103598094975,-8.156282559152562
-2.410786080515262,-1.1215073424159003,-0.5643564651685038,-1.0011926475146897,-1.2277574810457887,-2.036278410526093,-2.02206370857492,-2.3561388624185535,-2.6464769839355013,-3.1386328467722717,-4.2323037743938805,-5.657530338055874,-6.329970681150446,-7.306865387609318,-8.02074213608981,-9.501039605944225,-9.557219610647726,-10.012534841403514,-8.18085464432789,-8.026809583534217,-9.865021508680277,-9.992125346999748,-8.863365817822583,-7.8807692891335295,-6.5751617690566215,-7.635172312623756,-7.573695344597698,-8.256781623374462,-11.59505381047263,-9.985677762936623,-7.099010114906904,-7.7627037086189725,-7.161954225378288,-8.245545017813948
-1.263128472392685,-0.5424940238590644,-0.1934168480729624,-0.18576236472160718,-0.05446995500834338,-0.7961510684422705,-1.2261862852104848,-1.5741816741730696,-1.4920162836563504,-2.1355636699748266,-1.4868845458265907,-2.961552021644553,-6.012315302035229,-8.231762360598497,-10.846972859073377,-7.535491564739423,-6.5863811658172615,-8.395478485577172,-6.119521432343535,-10.39332896424341,-5.5237425100579935,-10.718007802375647,-4.798249624834996,-12.439622603161636,-6.529550065333342,-7.883579577211485,-9.119540475260926,-9.877538993335904,-9.173517041658156,-8.081294338771729,-8.513853058844482,-10.065962917271115,-7.290672087378551,-7.494027329122145
-0.3205593719548585,0.22396968629629277,0.38331910328797086,0.447262222374845,0.1215269753793167,-0.0812432881065287,-0.2928331042368014,0.9497103506957812,0.8942122625853531,-0.09123576694622251,0.350732860713245,1.5408769488946212,-4.930985860900773,-8.90852040026486,-11.140193921418993,-8.167284492720821,-3.167937601728205,-8.410437838630726,-10.041454587841589,-11.048731747029882,-7.7651323554478395,-9.595154212346266,-6.6482209087395105,-6.834337648209143,-7.231559728120458,-6.533748431547077,-8.091267099824199,-10.126421491871817,-9.773993139625013,-10.907828321172113,-9.355253083268481,-9.243190646998638,-8.969917948913436,-7.375086305668585
0.8159756035217391,-0.2927272647127699,-0.988530612070453,-0.5612381768920626,0.026842428272393762,0.6123130915926385,1.0436058423723356,1.5365422520457641,1.2416939015084376,1.2167931785579311,2.292639085451519,1.804970970727461,-3.1125799978858075,-6.508957158563571,-9.308493507606341,-6.222919913626961,-4.866604554439151,-7.699541925161624,-8.13775249270271,-8.171794083119707,-7.510453410842049,-6.092662347665498,-8.921991653625444,-7.698576426744081,-8.99181523080808,-5.51796026525742,-9.231421015305411,-9.37225125986922,-9.66433107373716,-11.215669993750295,-10.143444401779812,-9.675543737536591,-7.650836674393712,-5.7027315711532625
0.0021995905519991464,-0.20981999446627214,-0.8425843169308254,-0.5507252901506596,0.3962796449961307,0.9156079452483681,1.8104175239294191,1.1449859438000614,1.5321420198798152,0.22867984145478373,0.7488840607518639,-1.3271313821805177,-0.3272579977534771,0.783076438568583,-3.974210177130112,-3.4296406034905598,-5.735466407939961,-3.333817957007239,-4.395305434022243,-3.5841123461021334,-6.040335592213816,-6.760032019115985,-5.504675999443717,-6.17659826638518,-5.80368717431215,-5.772602110604868,-8.873695285271856,-10.390329472345378,-8.834160816554427,-7.935612091237999,-6.608618305795621,-6.51782468004798,-7.018232968073537,-6.596035766658586
-0.6057440887779234,0.1609392528893199,0.5164911518514915,1.460812443359688,1.5140564529643512,1.9840983817082285,0.6630314230893583,0.9390867380108159,-0.399654649590463,0.3646254875220266,-0.10898711697960546,-0.9444070447439132,2.0997599052703357,-1.0910674476705835,-0.08855540791601088,-3.9349189459669645,-4.5041006807471735,-1.743730924634639,-5.96191478919537,-5.118081476009882,-3.06645803930805,-2.51478513715695,-1.999469675553239,-4.409016094419769,-6.123192186438676,-6.183538851219178,-5.818719933915483,-5.437251167400349,-5.613771058587974,-5.194765653209449,-4.4290048438582605,-3.9694188324610353,-5.800498899957263,-7.03825485083414
-0.15728839732757138,0.5136952239675302,1.0817535164389673,0.24401208429352333,0.41060047647310693,0.4602298663337746,-0.3365907027300652,-1.6160428244410265,-0.3815459988415141,-1.4187820470606005,-0.8313635023594635,-0.38961214613839396,1.137735886686475,3.494433734643017,-0.8848311666710651,0.19840492405767537,-1.0122108982711824,-3.909394004541031,-6.023525902435071,-4.792445959552094,-3.242078479555709,-4.576541540475549,-4.227965347715961,-3.146760511832334,-4.545862343895083,-1.8511318170500253,-2.360052925801774,-2.3122150763753195,-2.702156220660569,-2.95380574378302,-2.0289240960353427,-3.0099776015518134,-3.713332010680421,-6.301871714282094
-0.9705748470277172,-0.11188570864174242,0.47988721258349065,-0.03730690020878016,0.3416883370638257,0.19555263499222056,-0.3261620228570844,-0.9285758734084417,-0.4387289910642166,-1.1061740737103611,-0.7215550289928637,-5.608614054522851,1.5162078700309007,2.8530326877300696,1.5193645494887638,-1.98609866809544,-0.6170974528362186,-3.0433935165252595,-2.7610231157497065,-5.081536513592479,-3.637715150442997,-3.3871114086063483,-2.4229343883332706,-2.3750192311862444,-1.732146754353471,-2.0096820291077857,-2.6427037777142446,-1.4854593883958478,-2.349633101600468,-2.3625991388433785,-1.9857774456725126,-2.4524471421059557,-3.642364876979767,-5.55013322584661
-2.6091145249051486,-1.0039883193384118,-0.7745836142056041,-0.7114588380422722,-0.33740542654713795,0.11299855009921891,-0.8330900980012219,-1.6360813032315058,-0.003206056624317234,-0.34981337376317717,0.5467706273761278,-1.4769365745360492,-2.869568818868351,0.7460528054255353,-0.35709624690695563,-1.4897231897472738,-1.4119005215119906,-1.7713752255941762,-0.9573881339921397,-2.4294715155611755,-2.6315807828746407,-2.6389592845744976,-3.901808896473783,-1.7186863008412125,-1.533807491523876,-1.6966790676807784,-1.4412486297182454,-0.398238653648443,-1.4826047059499947,-1.0588671349106067,-1.4713526962605785,-1.1547511687119236,-4.4780700614045665,-5.2995196071080715
-3.960937379132973,-4.075778657807491,-2.7868903034370938,-2.205953754704579,-0.34492201224470936,0.04613086516235687,-0.38151046290825363,-0.41670090473248445,-1.6350758550912827,-2.619028449510171,-1.7151849947328146,-2.8493373284772043,-0.9061411786051944,0.2984775944477137,-0.5045950127234915,-0.2765447056263296,-2.011048633931159,-1.7216391993703806,-4.06734611560769,-3.323798684063493,-1.6886856182191634,-2.706620858087281,-1.4258192561529393,-2.005772394804571,-1.019348817990035,-0.9703280224896739,-0.7779385612446396,-2.212819434839707,-0.3338377688705598,0.6554341420172902,-1.870386484179195,-2.4198504184552734,-4.513119507076135,-6.0512157765869174
-4.628970729305673,-5.066509781853245,-6.556369495267726,-5.459050971924222,-5.465959390236418,-4.163990052978888,-0.14766290431732146,1.3502144399731388,-7.539018001934615,-2.8841701674624316,-0.9388667442232722,0.054112347186286026,-1.2455629922091749,-3.1794445683061796,-0.7304879577761069,-1.7836777986979544,-1.8078225206859346,-2.1370105692581176,-1.6858752157828405,-3.289534221180239,-3.2641349941193907,-1.9483056808428623,-1.1204550195222986,-0.8750559162434842,-1.1708290154391672,0.8549573163076011,-1.0284141821830373,0.5779417386180055,0.5110743297389313,-0.8914288578686229,-0.8828177769504864,-2.7660525005840895,-4.1538448217115045,-5.455594332041484
-4.949447486032343,-4.935547829152527,-5.408611819490674,-5.85098027056904,-8.085545622133367,-7.847594714163746,-2.591775068558957,-7.768368798983831,-2.2560797677135085,-2.7046717846133856,-4.390429126912492,-2.363880729805702,-1.0901797247401686,-1.0202054476468674,-2.577617883376351,-1.9719115990746823,-1.076546668894267,-2.6086001265598164,-3.1401806337843743,-2.9016217678216023,-1.772620438542876,-2.978220314682868,-1.5332729561133538,-0.9561914446583252,-0.9111983566179802,-0.8058550220299159,-0.7668225286990392,-1.2017358619229994,-0.21381147467555223,-0.3525931381532601,0.08954298725658405,1.0766121085067588,-0.9484009651948742,-1.5868764446846897
-2.5078738472107367,-2.682058933753929,-3.817003228723026,-5.059624796204127,-6.68243027748366,-8.619564405596863,-7.898317476425564,0.6192122480392956,-4.360745648879288,-3.8731442108705547,-8.415030238885224,-5.07074459329205,-2.1257394793738853,-2.1165650551251685,-2.5647566559075003,-2.0118058018106795,-2.4849320923997986,-1.87558768981295,-1.9520218137989263,-2.1117952459956495,0.35677189386599734,-2.1602421245455536,-3.042586344434513,-1.4813771250509173,-0.4770599362331042,-1.0061230144419067,-1.4028328837793833,-1.0074197611504823,-1.403654065819878,-1.1394082545809068,-1.8416350851493324,-1.178163732230288,-0.6211757958189252,-1.4549906336293787
-2.1919015526149854,-3.517406477181974,-3.924603469800046,-4.307078626188674,-4.354817216316201,-8.459230668819567,-8.21653914524667,-8.343920351724105,-0.19994183743723834,-9.29074943554333,-7.662843621115373,-3.7256255157550333,-3.844072749275236,-2.7230432771688085,-2.3944828844200297,-2.315670276254572,-1.220985950783419,-1.4746751829465958,-0.5813363950711862,-1.0710368185135435,-1.8757223144691406,-1.591090136782923,-1.6364313139621702,-2.064886935961912,-2.810932689381273,-2.484333252911531,-1.0466119334024178,-0.6405428793707666,0.3888217580308831,-0.0900788571611074,-2.51892465397725,-2.3906777750654227,-3.070253060556922,-1.771613574280257
-3.8547888717944034,-3.6910501807322076,-3.304053533735034,-4.2301467074467025,-6.968143361873056,-4.620240295200921,-9.896139733739188,-2.4642290125472224,-11.621327996673374,-8.656426254260692,-5.132050889110341,-4.933742227164213,-2.743470705622725,-3.506227103125262,-2.3108051927579734,-2.3507100799206575,-2.1577470700543153,-0.7872304361328797,-0.7496124516678007,-0.6595965608048753,-1.207459956385425,-3.090736206795616,-2.9875868442490803,-1.8677157036509502,-3.5299184568992183,-2.9281978003573212,-2.4429136366205917,-0.42035952985618025,-1.7498884702781765,-1.4161991316407259,-1.8382690226506933,-3.3651876758095853,-3.1296108837317904,-1.7727202975857534
-4.672499164014804,-3.16307555794916,-3.96791156217614,-2.6767112640716033,-2.9892044351330145,-3.7186074227053996,-5.109164655009025,-5.5434481664726425,-12.710026890038998,-7.577703312660264,-5.210078068132907,-4.595473571788094,-4.73319125354733,-3.2507606447824804,-1.1720853322228635,-2.183328581373101,-3.555435727721003,-2.2572657892247285,-2.7449473797465895,-2.278567404589347,-1.824032111770849,-3.45515950798315,-2.4957664144777776,-2.9852476554595695,-3.621737850165264,-3.039082817831962,-2.1608109798452215,-3.9204812609930033,-4.318794848315753,-3.6186032079801977,-3.2142940532435698,-4.289280029917201,-3.6754029265407024,-3.1920988306260223
-7.100600276879564,-6.006671104021743,-4.980245077033409,-4.29157005690334,-4.351161035677439,-5.508431100537271,-3.9980264627079936,-3.124042351501201,-11.062443495741675,-8.143097880164413,-7.686595850636384,-6.155803267184149,-2.6440267738325494,-4.10649239401897,-3.31931573669835,-5.741614124008777,-4.398775545145666,-3.966123695604417,-3.4911442974630367,-3.6542920395824905,-3.5025355673227874,-3.217135134835128,-2.9912425211201894,-2.9519314699989567,-3.606581543996695,-2.3460014695656586,-4.740565635938464,-4.891647313770025,-5.653098631765704,-5.9579264650921315,-5.318395479034237,-4.751809135206846,-3.5515285305352142,-3.68539605116329
-8.416755365956066,-7.050298209792223,-6.649900572083442,-5.032736648932579,-2.4167124806626767,-6.113700536117574,-9.781703775463834,-0.17829448492126695,-9.908485179483307,-5.972248161056222,-7.215388961481825,-6.055968539961621,-4.472267423821668,-3.225169954219958,-3.3147035111137426,-5.300292616774072,-4.416940858683689,-5.121408801285692,-4.930332898812383,-4.126784480727337,-3.937825651766222,-3.780305433297613,-4.265670078710407,-3.663754133617274,-3.3637688107751322,-2.884737736870759,-3.2433920822200966,-3.6059202532019112,-4.037478218640463,-4.480836260620991,-4.6094344771487865,-4.677033810267971,-3.600317543472517,-4.741838369737675
-9.033935864290665,-8.28551899548125,-8.583442025730411,-6.452898776022233,-8.480249396471146,-7.744346802803997,-9.311400397806617,-14.46454368962472,-11.880010885718072,-6.733530305709474,-3.974097892123293,-5.997150313869397,-3.0102324438216335,-4.974500763073308,-5.581124879870632,-5.096480370738487,-5.335001325800998,-5.2641372617018325,-4.793997469547945,-5.516297184245379,-4.49310430097025,-4.298469300466722,-3.9260998963826577,-4.850567945353956,-4.158031209902522,-2.6292607580571126,-3.23753456788395,-3.6920584317762164,-4.487181415603405,-4.665895258339732,-4.983047668266755,-5.260063562002955,-5.601249055861286,-0.7480108437403165
-9.762845686454595,-7.434549329247551,-6.282459727287028,-6.486688556635777,-7.351544077777924,-11.823695705026921,-13.603133310630584,-5.835645688240772,-9.815177545198278,-11.8656490100518,-2.334333079902167,-5.768768421584135,-4.237335463601743,-5.883362222543083,-5.311013081953243,-6.607398469934184,-6.464786410257845,-5.507936551903749,-4.562516151459888,-4.494480900086436,-5.49648478006926,-5.249824340504411,-4.603521973081793,-3.6213925454063913,-3.1713532149036796,-1.8940792929336707,-2.73635374683355,-4.336356699345739,-4.741332700741476,-4.5477537165366435,-5.617429996007099,-4.541600983223217,-2.0788654143185163,-1.4265686194404794
-12.739260989901494,-11.816376432074701,-8.640563793897138,-8.386279897316124,-7.143071750807565,-8.848235725656568,-9.796788854554407,-15.314306190650854,-14.011034988130053,-9.969340476697178,-3.3091262958550334,-3.639935060321689,-5.471053426934685,-5.6990623410218495,-5.8215239263761065,-6.335161920793006,-6.446731842734874,-5.329801369000559,-5.425534580256115,-4.774560822697017,-5.029435931654064,-5.149031196375907,-5.311762682055453,-2.8911487180980853,-2.7917305376992902,-1.748092149207543,-2.8051671174189563,-5.216967822919936,-5.251667533189012,-4.61839882732625,-4.8720055946259295,-4.2720900146729885,-3.434108174293368,-2.784079728249995
-15.16993884225917,-14.231649606507252,-13.773440631130093,-11.155793767173673,-9.903238195140261,-11.917923072465388,-18.26485302331569,-17.812556686361887,-14.02970068938461,-3.9693222064514213,-7.062377637371687,-7.069811613297747,-5.459826968538677,-7.010432189213031,-5.611193205767084,-5.209999463609483,-5.214607279479492,-5.229851400921034,-4.284229478963297,-5.624868430831337,-5.6193359113853925,-5.200332206414808,-5.456532178626672,-3.5111401079944873,-2.114845111242433,-1.9660285737858822,-4.247669585353759,-4.938569316936842,-4.482117642452248,-4.160757668785122,-4.221444444872572,-4.241033964784984,-3.317059382144245,-2.615596972497679
