script/wind250m.json
{"header": {"parameterCategory": 2, "parameterNumber": 2, "lo1": 6.000198445256149, "la1": 58.999992894266676, "dx": 0.5, "dy": 0.25, "nx": 22, "ny": 24, "refTime": "2024-02-11T20:00:00.000Z"}, "data":
[rows 0 to 23 of 24, columns 0 to 21 of 22]
-13.198905085943528,1.7578070435071804,-10.622714241813181,-12.756690941525324,-10.76318829257439,7.245265574899161,-9.034508765173376,-9.628791215756392,-15.76430413262502,0.04455245424416343,-15.550906583778406,-11.61467801180799,-7.745108582816199,-12.582271948724308,-8.383653448325383,-13.160949444212795,-18.787765496293872,-9.245734551584253,-18.191740542614212,-10.37046432993056,-12.207120156163615,-11.19660168908636
-12.906939333999283,-8.328941215935629,-4.218993272943557,-10.675109518073013,5.917835684412607,-14.401777656735788,-14.487075678623777,-15.699422640430779,-10.673817634307326,-10.243920411018962,-10.374304041399824,6.488100351691715,-4.41261852020678,-9.346092050127137,-11.115424264215982,0.7277252474314739,-15.84904348282191,-10.047294767976384,-12.149615585636422,-9.00167700693464,-11.265125372900565,-9.44469476523492
7.049668292133626,-15.902683538383132,-12.231614005608241,-11.512038887062804,-13.09281956201047,-15.89601781474445,-14.204640828602583,-16.985827132268472,-5.634237438850068,-12.500506892091623,7.572660661177494,-8.251784125248264,-10.728230726333708,-13.91444036770445,-6.903005180717356,-8.983698703060272,6.865118259584053,-16.092446096156788,-8.525586345062523,-1.686824183134522,-13.149555663267794,-11.605827315760843
-12.70405580056374,-13.28324051217019,-12.690132743293944,-11.347462549566846,6.543021986575397,-15.207975935364294,-11.197764252472282,-20.374767145260655,-12.744714558596401,-11.443304693516149,-13.046958356686282,-15.895566981327665,-9.017630005751691,-10.730318081873051,-12.788835373152414,-0.998002864533415,-13.686455862894325,-14.511145977567624,8.126039533231936,-9.962078035612706,-11.356125807542533,-10.703749281730683
-12.002821652132322,-11.336105351106434,-10.76958944282429,-11.447576960381502,-10.324517485647913,-13.050027907047674,-9.730744990924507,-10.861531382374967,-25.554441989440075,-0.6759419232739718,-10.769033936330299,-11.691367441965959,-12.659302358689557,-8.841512564179492,-11.308657709673113,-13.064057817623821,3.5890318475542915,-8.257533121678485,3.8130814391600083,-18.986220082824676,5.174655017950986,-11.283161463861383
-12.404516692997548,-11.33947555138945,-9.96674390057232,-11.574604621817421,-0.0016963775966193433,-2.2906479463313945,-15.086699312023118,-12.57578494016337,-12.630884506546924,-9.340706688868115,-11.582951663607659,-13.156964686518526,-18.577555819927642,-10.104814426459948,-12.63497464184199,-12.669918080836053,-11.998566896823638,-6.028280872516959,-12.903561688279575,-8.282504592413165,-11.823926564607996,-10.60194528323553
-12.254593301767295,-7.844419049809873,-16.24017784740798,-15.573967077013222,-13.249529847047844,-9.15877419034837,2.611642630904812,-8.688395542612579,-9.634652255873382,-7.689567355724054,-10.413221256373758,-12.683387645100211,-2.3996203782853374,-15.456921484481535,-5.121403496329539,-7.493784677414313,-7.956142540889121,-7.5102343673724254,-16.902460872929268,-8.349350788616361,-11.844061581632666,-18.335698413802096
-17.042113888908087,-10.974991898723864,-11.89430934109461,-7.05836163979282,-12.271939249696581,-10.279197863712351,-10.381578380074158,-14.518946771121625,-8.961746788319983,-13.922318312242364,-0.7632155696986008,-9.782034466581678,-10.468149830040772,-9.720459692315524,5.756054363464526,-15.153978506766409,-10.79038238854209,-4.501653545370309,-10.884790811558537,-12.946652193036957,-12.717525850250501,7.554065133459413
-19.216376526961756,-11.40711122615163,-9.371006252011842,-13.319312045563832,-10.288139375048623,-9.873965414077285,8.254384160928696,-16.63700740439323,8.257641964042282,5.047631663793077,-11.006063633724189,-4.748161835224873,-14.28431020005617,-8.126555829102182,-12.64610101796833,-10.691117252129688,-11.66919533319021,-12.189757105515312,-6.986026713029378,-4.262368449089065,-8.456852412911015,-12.444590802857547
-13.014251185617756,-9.149052872078588,-7.819169008619726,-17.522386957817716,-12.854973973935856,-12.10773384162443,-10.563132913965214,-12.438722779421843,-10.888041662588087,-13.903849926061019,-9.719994208942971,-4.192292005708418,-17.09867685844172,-13.861644060519067,-7.9388967227315,-15.172997462832832,-10.074228788091686,-14.712365915414617,-10.757598225831911,-11.753195340827407,-12.988591309488385,6.5709000621151405
-26.720849756162643,-16.78437675160513,-13.890943618745656,-9.13719672933027,-14.34431768559206,-12.180563383463877,-14.002460070202531,-12.745724464255046,-4.5337166366965125,-11.346443201341259,-7.643806084595784,-8.387493900006094,-10.998589150876764,-6.641540704264168,-0.49915260793934285,-9.768393980618967,-9.605523539841235,-13.74497730724214,-12.264284142670551,-13.920441722746705,-10.759019744117401,4.4241139444533495
-16.264814370497504,-13.087135426266514,-13.510406873604849,-12.871021195553896,-8.515810463459582,-8.248588869423275,-13.809381091726939,-13.760079438424883,-14.249243366154632,-12.561763959396398,-8.286004749032148,-14.75843342749161,-12.568554601409982,-10.870052420519855,-10.661903920622162,-11.349662746448733,-16.914914637260924,-16.95027500043568,-9.741105197834546,7.279267718506611,-4.259273030496392,-13.253949038459496
-10.860221611888734,-14.178936367394375,-10.061088584952195,-7.493319408695886,-12.54330114736874,-12.501241024140757,-8.143549320412728,-14.554195499112629,-11.642048101195469,-14.435357950861597,-15.86455937619003,-11.501585240366142,-2.875649118632099,-10.12462369300151,-3.770354734209867,-4.6527075592281095,-8.203181522271366,-5.797530811768756,-10.870331594633386,1.9434438083502987,-15.934980217604982,-12.13535125126303
-9.05616347220679,-13.498917129964791,-1.1048974801667975,-14.77614464117505,-17.316696211412854,-12.856249970101976,-1.0236188013330974,-12.267844930760294,-14.858811927950262,-7.247767621409328,-10.606772815950173,-10.88244276657787,-14.556394424757084,-12.089279141786523,-8.849439328838239,-10.748019932351584,-8.235288685786555,-11.496730933043128,-1.6421766534682984,-11.37633260763914,-7.777338656502214,-12.616058076705578
-11.402544753617116,-14.087853669281568,-8.923271178951895,-9.543430665951021,-12.753909166964608,-4.617859152157708,-12.935990660295868,-12.562163083798666,-14.969597404916362,-11.475752619086041,-11.15869867475876,-5.913310198205197,8.009077667603758,5.965151488303484,-10.095328644218574,-12.288722805107161,-16.047342696973836,-9.223269587414446,-12.682723733575958,8.217801342648615,-0.28354024206475964,-11.01060343629977
-9.091786152825529,-2.774722879628321,-14.575764261491361,-8.974171387152934,-11.92704142500329,-13.019119604827358,-22.12972612372919,-7.078372790254539,-11.613049298640219,-13.003553257297169,-7.992246514872612,-11.895286454280425,-11.428744008343422,6.39369856076297,-13.57753157875528,-12.003035401190655,-12.391258128972177,-13.134830505343619,-11.366166390278554,-21.54827645802656,0.03958041007595296,-8.663692644773311
-9.499841393440276,-15.452833756831241,-14.75777539783455,8.770754590148613,-11.28104682791132,-14.300610030298696,5.515722940005114,-12.373223576841864,-10.012014876119572,-11.430048804635426,-17.561853108734873,-7.404902663750421,-24.417525111519314,-11.712506351407065,-10.70519136885838,-20.29975146822062,-12.244932377956877,-7.961030578575779,-13.38705286655137,-6.207385783151407,-20.897963632792006,-13.443292999364335
-11.581834742792232,-13.30551696952505,-8.365131458516824,-12.623264891181446,-9.513752797886362,-10.731203569503814,-11.437121876860697,-10.360054434842649,-15.880512601716113,-13.230093958773027,-3.658744723744685,-8.124891287033734,8.930868234526663,-14.219786895139809,-9.213435874879423,-14.692318911460566,-9.342781884376873,-10.589739811130045,-13.539157921633905,-0.03206524632708885,-9.36791154940488,-9.59447022987343
-13.35108187063643,-8.038561987713281,-7.520940685040511,-11.66538325563706,4.456724956673621,-10.612694240005554,-0.5201767753660431,-13.508697345034312,-4.163047752926184,-10.315067322365572,7.532387214007616,-14.645730464605922,-10.989130673599792,-6.672718597348268,-8.809547741843346,-15.936388862187151,-6.297195508576393,-10.141490718452122,-12.536388455405683,-9.761133439411966,-15.770104305039917,-8.610300367311318
-1.0362138825054306,5.435514113544943,-11.557625733855234,-9.644552204719602,-2.4455939597711236,-10.962793930951126,-10.255004474654099,-12.797154278314098,-12.76571926132885,-10.525240390377693,-13.983214464869956,-9.924643395571318,-13.495312790857023,-11.537971346413007,-21.37038138552846,-11.44117159053458,-12.980926387721063,-8.62427925714861,-10.22159320868257,-10.472237191590171,3.292853741758814,-15.190803768075689
-9.335192344173029,-12.16325772279166,-10.44874876680664,-12.957068267243487,-11.205107636370586,-10.525744662255098,-11.74973996162929,-5.460557136185432,-8.209325625538412,-0.5291572582517823,-11.984701962227803,-8.825585672933599,3.354348948253317,-8.877752421915002,-10.303076952710503,-6.588738519791107,-14.461449396877617,-8.55212860123815,5.983672987251771,-12.30808045409782,-12.32138205191801,-9.946957604736363
-10.649276690004616,-15.459641948267539,-10.982693720233538,-12.395431168871756,-25.408157414937456,-11.40220509598377,-9.767115960963114,-14.460940893327026,-8.833201158107176,-2.782762643053367,-13.00040820408231,-5.679615789966737,-12.469473625177468,-13.66467317365839,-10.440562959336425,-0.5752338088241323,-6.389900642067147,0.9101974325477905,-10.867359004401303,-10.452846392635811,-9.305688077496772,-11.298078310515802
-11.290857798877491,-12.819973231712243,-11.863414158975402,-12.226674003220108,-11.786982576364192,-7.43175587035102,-8.621696075645634,-28.38537573304388,-14.040365525531815,-8.515480788536436,-15.936921541208568,-9.69579823789478,-12.104959887312077,-11.894825800369722,4.396579929567595,-11.293956492885723,-4.061341335768148,-12.746313964756734,7.6770797780713425,-10.936192447490926,-8.21856744057818,-14.507650042870383
4.499218232676687,2.4706682346474724,-12.269419556449478,-9.146640124480017,8.382177199376311,5.7941111215089505,-14.642567004510202,7.626997303453927,-14.764035373513554,-8.823105190434438,-12.31640661869258,-11.444380411673022,-12.434215517583565,-9.701660688688161,-11.214886903165347,-15.64929290248836,-11.632917107302102,-10.613227234767578,-8.566751822829456,-12.04069465134497,7.4403655529482755,-7.219433491329921
