script/wind250m.json
{"header": {"parameterCategory": 2, "parameterNumber": 3, "lo1": 3.000054539987559, "la1": 64.9999836372058, "dx": 0.5, "dy": 0.25, "nx": 34, "ny": 52, "refTime": "2025-12-15T18:00:00.000Z"}, "data":
[rows 25 to 49 of 52, columns 0 to 33 of 34]
-0.39450688054920285,-1.472162231627437,-0.447238146043701,5.670643235103117,7.528895820550386,11.128244284447119,10.68151136562263,9.59721759649015,9.757299632801312,7.467181119999299,8.322788306102671,6.766303670800304,7.2956360124826665,14.13748103244355,15.734672215708317,14.565613787516257,14.084780241806161,10.39796717305697,9.026868698116493,8.18153808703213,11.636817686626275,10.850717577503138,7.3548403058316785,5.792419852155683,7.160888704907519,5.78115936602671,5.1991691038973435,5.019599061715479,4.345958414397724,4.868271011772585,5.556879623803757,6.944414870994063,8.645131008700103,8.820779120674397
-0.7769572535374462,0.2304204713345872,2.9849638190238985,5.495036343881609,9.51439604672252,12.718389137950126,11.896271349252242,10.174963129784983,8.13740190013893,8.697982860659867,8.065748289672642,8.293829407146262,13.282817918714679,15.743973957562995,15.455130269771095,14.226707990940074,14.730839493997127,10.793025222060793,9.335605040113016,10.071969436990171,9.198536384906454,9.614152718819868,7.260308693550681,6.773342990466695,8.192558371011245,5.248041630728897,5.194824276394691,4.204031126808564,4.285958971232842,5.26482099025526,5.899660448258803,8.166669090008147,8.872740493618172,7.7098405501819505
1.0062484359945452,4.269333697615844,3.0245516795413745,6.091843550976581,11.711159111235968,13.659084805719571,14.548401523819365,12.543121206726294,9.559051533510331,8.998334424990894,8.547917671326491,13.820889514506371,15.555197990664285,15.47907314299033,14.763391237541478,14.59308829922821,12.815050803667692,12.751197366054685,9.982527494078363,9.324740011710682,9.533303475506665,7.726465751245157,7.209639646981787,7.976330137014227,5.8062151741592,6.108896805874568,5.53872989727406,4.153221582522985,6.060606266278792,6.816063871317274,7.847892368120287,8.326691504042737,8.49934291382492,7.471921539800877
4.25687724810107,3.609805745746822,3.115784726622262,10.086614525914236,13.086516653594796,14.275157876480257,13.705746926712031,13.373956187074464,13.005838655860188,12.263098621608652,13.642947947029635,14.988896434266186,15.601453433212274,14.691697654716096,14.428430813439341,13.291668918270748,13.720296304527684,14.743962012211663,9.888251809631743,9.41125398467416,8.916101921024579,7.626721276913578,5.8044201731305805,6.609965804931301,6.505953257133473,5.168597334188267,5.895439635724394,5.9166952228063305,7.456092671910951,8.695014270113997,8.270255351293956,8.849764487625663,6.597512795714096,4.77238882306313
3.6712291061662765,0.674581125919699,3.841477376253314,12.61953323153483,14.114926984734899,14.202270803242568,13.997442964219598,13.54177651188366,13.453935075304994,13.922732912851778,15.101189102036862,14.89337688900336,15.004415387714031,13.935665918827748,13.930971226087028,10.631176514859032,14.244548338703527,13.927357576715584,12.339936991257108,8.97134551331606,8.923179007569987,7.3768325553771525,6.179501388261222,5.458527552150282,5.385762994375314,4.457292034520157,4.4915566266897855,5.272767826008549,7.796085931818009,7.585442692475989,8.351101926858268,6.983255023618748,5.157752229850672,5.414055641436911
1.3816637942606556,0.1464069371479095,11.942790217051778,14.17232413148919,14.302981799149286,14.030372714539538,14.34078302978967,14.323925046229197,14.109057189502163,14.341419783511371,14.281604706896307,15.876142028525361,13.547208594573128,14.022342907731877,12.409201428454594,10.993907033888528,13.508948071676436,13.527551322330046,10.99282338379211,9.326356240157125,7.477129908817014,6.60551978939438,6.691891802673542,6.137995782719901,4.715535097887347,3.6202866572149834,3.357694097996787,4.687007160721891,5.840026473468274,4.566970811867104,3.7601523800446217,4.318367026152649,3.500423042392155,4.29058574662825
0.5720442577020464,7.038200880303425,14.061060308262235,14.568197125930924,14.337318849961088,14.432961278702777,14.391501075487867,14.234280878133113,14.604135064916585,14.359996812008688,14.701224489762124,16.040462495934765,12.153366048502832,11.89155320190314,11.342706124010626,11.296106768644659,11.839070905041202,12.444048197047774,11.491098140131339,9.422232259294368,8.351484481451495,6.448395291889897,5.6118487157258965,6.232517214511509,6.056367501159082,4.043248705587831,3.5325704805120526,3.8237923043135646,3.584408043900245,1.8534622009325517,1.7936519081790547,1.638082430059444,2.825446110755774,3.014774929055051
0.3248232434195429,12.4891989986485,14.542591469553377,14.528266167409054,14.26929066502175,14.81423929235672,14.873100365164763,14.935585704966675,14.275564402288149,14.433702665658974,15.007717105623843,10.959165570080073,13.952852091505466,10.406977746780427,8.392981834263658,9.29461164352643,9.868017481926438,10.717809739610964,11.128422465636547,9.639162960425583,7.418567103537803,6.076744330832349,5.8217443266008315,5.89912229756355,6.147542185823026,5.056792785181466,4.832997366894511,3.321664910115643,3.1039137617627146,2.2682400336680497,1.3197407332774374,1.6031352037907316,1.8297121026322638,2.793279312450797
10.738890027341165,13.840977779442035,14.321097849480168,14.698619890441734,15.583029001415117,14.965734948744124,14.480136914376018,13.804968955781156,14.04332355654455,14.37960601713633,15.648569285933018,12.577528985609415,12.292160411952768,9.202896531057624,8.15561652175425,8.390761396121174,8.586545422200375,10.926925735944367,9.66741501122257,6.931020538464236,7.178206142113027,6.138901944516886,6.00055000077087,5.599060508973565,6.7899611214787505,6.1199389111369165,4.930961379126393,5.86314321863501,5.199232250398626,3.5695955653412716,2.6774167788590106,1.5746935749566064,2.142080805127406,2.2614259339410063
12.086406697770173,13.7955195716623,14.780821139510145,15.643739646832929,16.218470820271175,14.962735756712163,14.947956977227769,15.414872394781357,15.282266684835719,15.94927125740005,15.836029099356319,11.58586038790432,10.521326116294855,7.80229403059525,7.422954873074066,7.744373102483444,9.08913274843139,8.54978948635014,8.61725130100447,7.358695184641256,6.200122727020087,6.641865171836272,6.740027494672851,6.307217920747125,6.231960268722428,6.014291406386944,4.437729860265077,6.5118338703561225,6.414521691772586,6.093787326795613,3.9763931992879185,3.5838491600367886,2.8070925804014863,3.1712092945623134
12.962406506824172,14.467277779338882,15.434589354528047,15.773195139382873,15.391615054079931,14.883817647298699,14.051802192564889,15.303794573283374,15.368028180135104,15.353381841562221,15.952918956601438,11.517937824263042,9.963221597765633,7.919154486295688,8.382598441770545,8.538252283393552,8.315912372413592,8.674314575308204,8.484678381342759,7.28814636217712,7.4412310979307,6.528531915571038,5.557842473304027,5.920650198500397,6.114714080384135,6.575634813615747,5.435999601043426,7.360362238959498,6.012307148744787,4.836147612869943,4.823926573143064,4.088957334182942,4.398315149945815,4.282993677908128
14.524270293530263,15.462219236830572,16.31796294095808,16.208648479295103,14.998348577844602,14.492718647545358,14.273106803385769,14.956443419072658,15.03669072727482,15.401074373465988,15.166580062882485,11.390913818308515,9.30415444287923,8.544989137105462,7.0483920843902395,8.807979419161262,8.252947053011793,7.8983621126634,7.413691987973615,5.982240523633414,8.840112136551655,7.377923444872146,5.5928763969907545,7.408760162026067,9.287528496950141,9.862376409658363,9.816183527129816,8.58979683389772,7.730360296067884,6.84369511568552,5.728304152755789,4.299754420500801,4.0351415629714955,3.9401701683981023
15.895258716555853,17.0094238088856,16.90297367318095,15.901128934255867,14.91337319703189,15.805654735073404,15.694956186006625,15.36465551814854,14.927050665362247,14.368503104803624,14.669531917276649,10.770990995730205,9.687304127170858,8.31241303539554,7.912843408937247,7.752319013139618,8.602684190915651,8.2638713777034,6.781630128782644,6.216359110259371,8.46080779197416,7.024344969854757,6.828440306308762,7.497788359484288,8.503442640412441,9.610409213622864,9.544924966690758,9.146554135437274,6.730612821335558,5.741864106288936,5.67108458828076,5.089731247615731,4.372563138363713,4.235195443051643
17.128733571526183,17.360469672747815,17.516609168608856,16.233162623947205,15.566933919047646,14.290389411221906,16.51824584836776,14.949976784731085,14.306408124748833,13.390021771169172,12.009211450614933,10.17417859177853,8.822865449576584,7.7144135133535,9.201540253989911,8.287781885071023,9.834454393643785,8.197952356755891,6.886538050311225,6.487932150672219,8.219286938803277,7.0479852317669405,7.344145766193077,8.032462537374903,7.471012081518143,6.9153304118013015,7.037494007438107,6.015365721212918,5.860646762458216,5.878979056144817,5.979464369614767,5.720968832991585,5.0289441995321456,3.5182137005544085
17.2892188745144,17.41794010550386,16.738465224228804,15.186890088554803,15.238127681249637,16.98327599555391,15.72021891393666,15.81550694280839,13.807280608920284,11.184610893996817,10.295013875648435,10.13783797058535,8.05601923946156,8.106222993370615,8.959977212851967,10.707633137528608,11.031902734092167,11.077269923066659,7.286065624844466,8.096818321607893,7.988532587297086,7.423088375465558,7.795273508428553,8.650021882258873,7.010211120715632,8.18970919712577,7.182593171717903,6.56567166456167,6.26449459517856,6.1982389438733545,5.890438623151461,5.460556095350849,5.745226270207309,5.893793775591187
17.122888376524887,17.709958269389556,15.904410478653757,16.601919284386224,15.969965031769586,15.92591427459212,15.528695940943832,13.904955145455062,12.315214143106472,11.173107108654158,10.292868844213535,10.000368199071211,8.950099654634618,8.790352736853839,9.866579100494109,9.050350265167433,10.74599609308845,12.027468383061022,8.678667802045748,8.922628421583374,7.238291633461466,8.155890663511217,8.901602425068006,9.189354814605284,7.810586372256014,8.551932194644586,8.200593770983922,7.599895748995077,6.529790501152617,5.675171103156798,4.899219002214696,4.54107873006611,6.7893738267879336,8.506481399147289
17.806662800954854,17.151169527603383,15.800756411868223,15.79845976292807,15.48945062000415,14.985291396195517,13.280569561474048,12.486909244762549,12.573148564428875,10.745556242490517,10.2369701596546,9.813680858601192,10.650865030510404,12.624096504836182,11.784716035158542,10.25411316110532,9.90021865351373,10.945003130994097,9.804895697965812,9.697423486148168,9.84104672115391,11.175908175778714,11.133258932570879,11.776956132558924,10.344613927193354,9.086563592731588,8.829283024279885,7.718774657109721,6.741434071770711,6.900930398965011,6.15222661742974,5.889868027942605,9.325619276855097,9.9119388041272
16.835370678888264,15.998000962416258,14.726407096674217,15.281320269703334,15.11797869229551,13.193966771419309,12.329994949597648,12.74313964561252,11.711122315559738,10.49359240878248,10.161536951389792,10.441780127275393,11.66501559432556,13.149290341132343,13.088189830948041,12.11909258124649,10.456001402082826,9.578012864653449,9.918200743109416,9.78903896506805,10.884306027426735,11.759776552707555,12.971995938907106,12.33539655180174,10.727156561781156,10.132533928972943,9.899100009134727,8.890188527314015,8.065636724283072,8.868836027338903,6.339714798980803,6.985247295830158,10.090704013706866,8.283873709058737
16.500560783985065,14.04459724900238,15.138180812523558,13.622564406428157,13.760200674248736,13.633627324941871,13.278245439844339,11.749822220612224,10.248693355289705,10.387094973947212,10.688940563023658,12.53577272407722,14.060679131516677,13.161989141703884,12.756642431440241,10.995190255452487,10.705302527086905,10.129539127131125,9.537264620197115,10.125230576833971,11.134579567972125,11.726473770128418,12.92563564247431,12.089090440380637,10.428397450470957,9.751102843003245,10.614180714838891,9.851756866848165,8.96098937311013,8.130427527111635,7.2768610701759915,5.960694770090609,8.74595697786032,8.28520003817151
13.771249022402774,13.79241133770577,12.950823168702717,12.956410867382987,13.283972851487444,13.140461541937713,12.550480476875189,10.458070658509575,11.573138996286719,11.22124251707999,11.473740265244292,12.426155345756415,12.56158246181041,13.081383161097968,12.786901459678594,10.21303456909289,9.078529972676225,10.741623870196372,9.905617625686116,8.902344712984421,10.60393290786752,11.495365588511499,12.138845997243727,11.053356593770756,10.585930465299363,9.744027433510071,8.708242240923257,9.11194187544875,7.800235514768321,6.562295314226161,6.075736926912178,5.894697687812487,7.135545650369074,7.0478013008621305
15.587494811179509,13.334924754414509,12.75321861576772,12.22133023002869,12.860747945930866,13.807076931970867,10.771915691501967,12.312182900451964,12.790070567615098,12.310682343979387,12.979943820539916,12.761420695324524,11.661390429921706,10.775867022940783,10.181592936736608,9.469068445004767,8.226489753181786,8.704077302585567,8.479435225043451,7.607819995496404,10.232059906191681,10.596949676541406,11.714077424821225,11.762859769860324,12.168539456507633,11.45767931048743,10.985877823093926,7.39872163778528,6.897003116481876,6.426121917139739,6.1724833980898755,5.908831650322057,5.927311960093601,5.691590986092868
12.675457125841074,12.637457890179956,11.948645325701749,12.095302943418972,11.490823021982605,12.8817801668811,12.135031087563144,13.501415677419933,13.751091598373524,14.639629676958153,14.469222996363461,14.208428661656036,12.642274459297134,9.844087388807255,9.586537252813006,8.214427716890187,7.942463687070007,7.871126956018432,7.233235407501605,7.311998732327787,8.19436190552549,9.178386823633073,10.492127990471273,11.24110788670371,12.20524796539934,12.679753032220617,10.031233815258958,6.650365711068494,6.712145631409068,6.100222866010262,5.056014806732281,5.371971863815301,5.357083673226831,4.622415196071861
12.35036484651463,12.79664270001965,12.152656692696896,12.490008163587833,10.940841156811567,11.759294269824064,14.84950851944403,16.039615752433253,15.447240990648927,14.633565462891614,13.79330168675739,14.34970717116993,13.349804873028134,10.575286848632535,8.581651682866108,7.6618516412608475,7.299414001696593,6.9001098317521565,5.965292711296947,5.833579247475454,7.33178066608671,7.754696088628305,9.412214099847903,10.618711290617705,11.899183029383416,11.413095929452735,10.119355651006856,6.578336782022914,5.576984787334784,5.495541526427214,4.463894636734919,5.411116139025263,5.3390845927005985,4.647500184696277
12.579959189015877,12.663940682024258,12.668237271292753,11.86426817797172,11.27508206441035,11.835511229590455,17.268067553655744,17.667256024838743,16.09219529461797,16.1742680569235,14.821386525511592,12.996410008975014,12.639901763542985,10.417716701826313,8.778112307484788,10.187326788874607,8.027695956155265,7.090488494277521,4.8983182298625545,5.7655982930075975,7.185333198938829,7.90165689756511,8.941334867432401,10.159179140022278,10.861157286942735,10.292749350529169,9.791015685215712,6.044788195028756,5.831285431378492,5.197238004521528,4.411447139575291,4.327052465988549,4.863602008940984,3.6640484564167535
12.661713270230008,13.211036022220702,12.37588083622081,13.461048945772667,13.861838793839482,15.791495436707777,16.520236029778694,17.25302843705431,15.790203639101637,16.219644266949608,15.084450728534312,13.607164291821467,10.648867050954971,9.634553063292573,11.464906285477708,11.538635382275254,9.559591863636104,6.011425555229456,5.6028508695633805,5.6876648070049125,7.858045180983187,8.999146981196636,9.649090750727641,10.263302969950814,8.769596162662863,9.484977315199044,8.96492185408086,7.493030022863177,5.763261454120536,6.4024811168058,5.590095871577745,4.960389845611747,3.939139893216323,3.476134154313772
