script/wind10m.json
{"header": {"parameterCategory": 2, "parameterNumber": 2, "lo1": 6.000198445256149, "la1": 58.999992894266676, "dx": 0.5, "dy": 0.25, "nx": 22, "ny": 24, "refTime": "2024-05-02T08:00:00.000Z"}, "data":
[rows 0 to 23 of 24, columns 0 to 21 of 22]
-0.28436549681675516,-17.30960956467693,-11.304191295027728,-2.358889132439494,-2.929551945011143,-2.5431592622184693,-1.6650036327036783,-2.698003579179691,-4.613724390070619,-3.3671631074637887,-5.366239282313771,-4.806274865278494,-3.9188605584340332,-3.856211144775127,-6.570148966358345,-3.1818887304589407,-5.193327768844694,-3.6655625463567287,-3.069796775546008,-3.143228297347631,-3.3961859316237035,-3.6387027798010085
-3.6790287577886622,-12.338667844683314,-5.800328399994441,-3.210526118795895,-4.566473538694933,-3.0197841786944113,-2.6332582338887702,-5.218264416047794,-7.555691988171409,-5.390084945280282,-7.252909144865257,-4.720619085216471,-5.0032606742927745,-4.960283829930733,-8.4945556081863,-4.891338451821658,-4.220757064986089,-4.486897931266657,-4.435501426251888,-3.3337685429532176,-3.507207893639596,-3.668074709223381
-4.674304442616009,-6.732917536598572,-4.70436762918319,-3.904242647332199,-3.9889366624056097,-2.9239870751405888,-6.794023112279811,-7.95908597120566,-8.400827496450045,-6.074572328217031,-8.756961892151748,-5.244876752547399,-5.03388374615326,-5.687028550847705,-5.380682865998893,-5.671557385615792,-3.9644655402915667,-3.762534743933237,-6.513383178339596,-5.256150087308244,-4.991762942579519,-5.066069233889052
-8.135246628755885,-8.213329446250333,-5.265361397807599,-4.274141570233008,-3.989612769152603,-7.757519726646536,-8.72655143123404,-8.955524645483006,-7.7560131549488585,-6.755060945654502,-9.870674307142595,-6.877595061307618,-4.698132028887379,-3.601131279299812,-5.6647613247527335,-6.182047800025965,-3.8147632184800315,-4.986205090930132,-3.8494035792560037,-3.6010167104335347,-3.7774016057116677,-3.6491042532185523
-7.264610096172032,-9.120414747607677,-7.849946496319038,-7.492957524769641,-11.758907353168961,-9.99199500634269,-9.238719516982126,-9.242250747014886,-7.738297203014679,-11.234815502865521,-8.761760992934885,-9.177857911225537,-5.122897576313031,-4.340077334989707,-3.9813670755140724,-4.892130408984079,-3.6355933866012444,-4.99061448068083,-4.370626307159216,-3.803287917546928,-4.003342869518063,-3.496881996410183
-10.28894210666925,-10.914717474996207,-12.895265038564103,-13.853681914089965,-11.964264761905765,-10.242614945622137,-9.209942520459851,-9.174561428146736,-7.867441016781017,-9.466637808958714,-9.329124355180205,-8.338440322968204,-5.616580960863945,-4.452313722968726,-4.790217868830541,-5.506495733451647,-2.9840307376093373,-3.96121475520985,-3.883089825418284,-3.24355123336179,-3.5309241814229617,-2.542356637172406
-15.173271620128148,-15.986207031297779,-14.391016238910622,-13.193197235441747,-11.565687689420724,-10.264746301871284,-8.866534227299612,-9.239106929242265,-7.740464446050664,-9.26821804210843,-5.724459414010574,-5.789445370548457,-5.192841556162915,-4.3089793154086795,-3.824480121007307,-4.289443089708043,-3.2506785105076172,-4.445079661877283,-3.4221092275003895,-3.2742211115642603,-3.1776611873353455,-2.2741968783084245
-15.759503595292523,-14.9490589176324,-13.81730637034543,-12.277101165276848,-11.145826677899956,-9.643975502855577,-7.48036760323915,-5.3238667438385585,-7.323855233928713,-5.643345494104937,-5.645978017434889,-8.019139392389075,-8.697091428626116,-4.987969945288832,-4.131765064810217,-3.949767138513014,-3.8644318606889807,-3.731708669360145,-3.657096532294704,-2.9289233348664347,-3.1295938648867656,-2.9480661353578688
-14.44674941830535,-14.199880291191377,-13.11218495933823,-11.821645411361537,-10.399684564242673,-3.587758241376354,-6.881417777206606,-5.7917080694314045,-4.369306896648521,-8.806292968529771,-8.528908193470171,-7.684734836126587,-7.365124283215028,-6.177730812791474,-3.856287186887382,-3.8518655525181913,-4.20315427244432,-3.566196798395905,-3.8273187379202125,-3.211924776621863,-2.9719546739655502,-2.7225623363178637
-14.133890625820003,-13.217136689140698,-12.285767982710222,-10.623245395235793,-7.468641048327474,-5.9658743676773005,-5.683947783312257,-6.19693770341711,-5.185365322522119,-8.860274485392075,-10.04100640569316,-7.136432980934838,-9.387829570224788,-8.128892412046245,-4.829102744801711,-4.111746808791948,-3.8372300744891916,-3.526400780036526,-4.042584734460435,-3.771387201163949,-2.9992037567847842,-2.9422909505981694
-13.209035532560467,-11.714790292598787,-10.310683075562979,-8.434568148549879,-9.499307310408833,-5.378422660792662,-5.845590761489355,-6.34493314740143,-6.2979507349993,-6.581682925039317,-10.550301124142592,-9.206081102574288,-10.3759510277734,-9.207998991815005,-5.513385706782243,-3.7887341931626053,-3.899460525360477,-3.8508050548908876,-4.030470823174622,-3.703985794807709,-2.9349901494323114,-4.962097622355808
-11.91934295925324,-10.532557624372835,-9.26974704414546,-8.582843923159487,-8.678276147271259,-4.877685587812376,-5.507921982704869,-4.626414319922234,-4.39049694046858,-7.84109616848262,-9.177923954736947,-9.324870895671191,-6.90019885609842,-8.831072222863304,-5.639751467527814,-4.144155394112075,-3.1535021068948126,-3.905353410548478,-3.8761857714990664,-4.244256670226099,-3.869081148168703,-5.1761419977377185
-11.042373751037504,-10.650714021163482,-8.758016644900106,-7.897272573802274,-8.545236056188394,-5.593493934376445,-4.866024846923598,-5.232242479899448,-6.554367153887728,-9.219105245373216,-9.768043651169043,-6.109962088575687,-6.04913327615428,-4.631534408564315,-5.70069158327194,-5.125437889786128,-3.3321324107340486,-8.763367535069385,-9.607787555260531,-9.422697234585234,-6.965783431113957,-6.942557897590231
-9.76991725709894,-10.790328921514359,-9.615237490456563,-8.691437867179985,-8.14573327032797,-6.449892981997456,-6.118592486841932,-5.295238443452206,-3.480126846455747,-7.6250968942986255,-8.243944115669867,-6.419780054817897,-7.016824065733816,-6.102313740613329,-6.825602146337163,-6.58421801749346,-5.416321380515126,-10.988704049012478,-12.299924477053342,-10.89453805650224,-7.2156373401822185,-8.53614176058047
-9.378318399001037,-9.917273926804194,-9.330700405592728,-8.046159768962843,-8.281782175365166,-5.899817285620201,-6.343576221814832,-4.824924440534708,-6.764954560706774,-6.427090331617204,-8.840256331976907,-6.629233311350302,-6.9505285162101,-8.651403221184532,-6.928109709075285,-6.09610961922307,-7.21297072090377,-11.225937236595358,-10.893894478436081,-8.304423348732701,-9.001029454273276,-8.27344763923601
-10.172991559358588,-8.992924445735976,-9.935475657825416,-9.683228413703869,-9.482051703607263,-8.35056979021431,-5.818783780995224,-4.569911321972045,-7.604544801358423,-7.040278639236124,-8.404263303763276,-6.588761887843933,-5.733629437787479,-10.527926013096007,-10.798073358829553,-10.611677757234396,-10.240669066490195,-9.990975264250967,-6.789976665373097,-8.687489017999415,-9.0966187755843,-8.922289682526666
-10.771121913342986,-11.356545329711977,-9.814946167709802,-9.070536892946887,-8.505594844315661,-9.394226370033516,-6.84472089018333,-6.282993224819185,-10.2858876555174,-9.877948767961025,-10.818734785622915,-10.182679512038735,-6.638492578678369,-10.420324694721886,-12.243151579381975,-10.293764789709936,-6.5484232579772,-8.758786585653677,-6.30700736230444,-7.402445196573652,-8.319692252966679,-8.355193164539338
-10.44998985107119,-10.430915117763238,-10.141492096001254,-9.195720484678125,-8.931672760324414,-8.084354305536786,-5.950456252332336,-6.577985451105082,-7.486454325828024,-8.043470632578105,-7.251973024416027,-6.648647147207099,-8.232016715810351,-11.350140408188702,-10.45140513815765,-7.9383994327712335,-8.436036625137714,-7.105781160910643,-7.706419110248082,-6.8901658067565466,-6.644698950631682,-6.28722941191197
-10.310711925184618,-10.634838369728506,-10.450964248280496,-10.150395935203218,-8.948656395080347,-8.931472200335426,-6.881574471778813,-6.5323978319415845,-8.644347168732658,-10.465191579834052,-9.818033280225837,-11.305331524863787,-11.263857674181665,-8.955934009958474,-7.121643013975626,-5.7188075359151185,-7.1579847640835945,-6.7112770508447435,-6.851555705364034,-6.269672721551676,-4.951497264406086,-3.716566277152327
-10.408825046460453,-10.782849100557604,-11.062966718630138,-10.626134261008342,-9.089022136788584,-8.130955268752247,-5.808670366010467,-4.934813439656103,-4.675027240400909,-5.134236838409079,-6.163789601390107,-8.85147502600918,-6.755028032476613,-4.135881431620748,-3.684792510902803,-6.327086143952431,-5.784838398095795,-6.091992533657259,-5.45522320729202,-4.926951787923056,-3.5715785017972146,-2.3646420970990847
-10.240366482221033,-10.551883603395792,-10.455591115987074,-10.759182804815618,-8.482312390999065,-7.698775283649107,-5.644786238757712,-4.964373827474122,-4.908004292722816,-6.03193349879461,-4.574618468602054,-5.354719015100302,-4.847767525314997,-4.91259479984648,-4.5193509678352966,-4.526375733674697,-3.5426175025502107,-4.695194389637131,-3.1853635526635737,-3.684455882969213,-3.5593942877597664,-2.7387691256057187
-10.53572247391392,-10.840452896270623,-9.938723208621242,-8.547272055315473,-7.865177250442101,-6.421862667163386,-5.05043890413487,-5.692120188203282,-4.970330592859366,-5.69971062293974,-4.9389125272056695,-5.5659085923712,-4.390948707331617,-4.756311541676225,-4.998902679585546,-4.57096870073257,-3.9828036263797837,-5.117130386755843,-3.1736288922918696,-3.523831023693662,-3.386344457628344,-3.0070793155223874
-8.574558326520224,-7.7631127152558035,-6.556166582773295,-5.011873784482714,-5.2351792113282345,-5.44234238901137,-4.425563947657614,-5.597990339010658,-5.440972651684019,-5.262694008140758,-5.325591715664675,-4.949990250528332,-5.309498944620504,-4.551459262282664,-4.738666230270416,-5.195849318389854,-4.178197285771584,-3.8897544734546114,-4.3894950547661855,-3.419703600342352,-3.226577059675918,-2.7792102895440842
-4.762768711647798,-5.253743083598391,-5.066885576438489,-5.278955674284076,-4.499381678895531,-5.109747844128083,-4.566170657758066,-5.029425903842111,-4.508565407871233,-4.550632936715462,-4.268281795251842,-4.3888230321936925,-5.380669625745127,-3.796875811016828,-3.9615559946952295,-4.311177453893884,-4.704646720198203,-4.509853015421918,-4.795017542178195,-4.04750208182764,-2.732809894961875,-4.208998559327571
