script/wind350m.json
{"header": {"parameterCategory": 2, "parameterNumber": 2, "lo1": 3.000054539987559, "la1": 64.9999836372058, "dx": 0.5, "dy": 0.25, "nx": 34, "ny": 52, "refTime": "2026-03-11T05:00:00.000Z"}, "data":
[rows 0 to 24 of 52, columns 0 to 33 of 34]
-4.234026610779043,-3.1023282433435213,-1.6770462670378952,-0.9867361978617138,-0.8287989129101944,-0.5686939381904899,-0.4882713112289334,-2.8745255649104426,-2.4543303778141765,-2.2931530334446784,-1.3234830140820624,-1.4074783833913471,-1.7774521267412338,-1.1369459119088627,-0.48202813632935637,1.3873197955263283,1.6492365071913324,-0.5019920163775208,-4.037055133602375,-0.29663679574357826,-2.711310790584252,-1.5377093059462297,-1.9732198516357422,1.8673444567621273,1.8162730244832261,1.4119614317918339,1.8985119923538554,0.8002601286020911,-0.9923847286754671,0.08146125976470157,0.3089055178581445,1.0987963238807035,2.264099302086917,1.9719858996290267
-4.47546476867751,-3.6453257241774297,-2.0352719830217927,-1.5493768719084364,-0.6122280460899673,-1.5441934748804145,-2.2474897834253365,-2.4003635862810957,-3.3252105409776656,-4.287092795234005,-3.5121193773210346,-3.3291279625312953,-3.237794125841065,-1.9627494499618705,-1.159639800675949,-1.327363592673845,-0.3567500851519069,-2.6440214210103443,-5.0432920259775855,-4.280770219115338,-5.091845540291843,-3.655715514638524,-2.466421670137565,-2.045337542894242,-1.285426427682636,-0.5077718984828359,-0.35561644074271814,-0.3941040806495938,-1.0907396864386365,-0.8290085597104155,0.3364906535065653,0.32077345225767256,0.5996563948355235,1.9125019797621272
-4.297318599602397,-3.7575117223449586,-3.109640169061387,-1.5853722442448956,-1.4914925920746425,-2.7641305415542243,-2.2080189428225823,-1.2170121456483334,-1.4992663737134106,-3.0388313626198182,-1.474122954024259,-3.121343766926085,-4.3555134656027565,-3.2678373602849096,-3.5938838744601,-3.1563726883484433,-4.953943780275623,-2.7282563212667807,-3.5324073363151594,-4.591969129497486,-4.027901377114253,-3.6791104396305334,-5.962664708791624,-3.12240580929584,-2.7297988074928994,-2.3075617207649746,-2.4615460677810255,-2.633359367925594,-2.805925273727638,-0.867667657937376,-0.3870017641800674,0.18368296330430786,-0.6559419398095169,-0.026089045289655274
-3.720529816735773,-3.70444035676963,-3.2133602845886076,-1.2277628963476932,-1.4522282618617979,-1.8442139086847833,-1.500124466302826,-0.7135729710670138,-1.5727416845267204,-2.9821275225257327,-3.326660403851154,-3.267847137635386,-4.745173404849367,-4.78771496949725,-3.913102993784057,-7.490118929810732,-3.9522161713743427,-4.692791585701919,-5.46984589060582,-2.6626447943926816,-3.5383430341700506,-4.424409041493527,-4.55041030774282,-4.251253665987266,-4.200249538241699,-4.078153468325633,-4.840622018477574,-3.9982241854495575,-2.45603964121699,-3.6915862382699265,-3.0182940298596694,-2.465789368022713,-2.3563210767688894,-1.8430708867444767
-3.5983428385168486,-3.096795724560914,-2.4063591480756883,-0.7302551792506642,-0.9144552073261359,-0.6783580921715678,-0.7881385938068097,-0.1666266147246507,-0.826331628835419,-2.799254255909014,-2.669506338478205,-3.873123668006833,-3.8888143832761246,-3.5555741112982777,-5.118435819198701,-8.183406447886494,-3.5879425097634887,-2.0428490320199306,-4.154213350936222,-4.108865004842919,-2.241400752013166,-4.972185863835174,-2.5097248567907697,-4.266629640709712,-3.9005735880043186,-4.322756940117937,-4.648339436637836,-3.6462313190026823,-4.927699465679652,-4.903954302548376,-5.074999350071854,-4.8538959169114655,-3.9176131211591882,-3.0838903145227383
-4.142549338458781,-2.9157435977251565,-2.2605556151419925,-1.164460443925495,-0.27567274590520646,-0.9854252678307159,-0.8831392292671265,-0.43892245224707493,-1.0775238667013494,-1.871540011051861,-1.2112925016142346,-2.4325500020276314,-2.517847807295064,-5.701808846246813,-5.192836000380136,-5.346213955782202,-3.2860462995820003,-0.8590784620485856,-1.9024954420409848,-2.8833265713409078,-3.018742747750098,-3.9706473087236946,-1.3698802109575672,-1.0305462757190964,-2.2581675153485876,-3.9352062434509545,-2.678277761767548,-3.048448502614804,-3.2716931665602287,-2.6858044354514585,-2.9135588305526174,-2.5952324723285596,-2.6576546431965142,-1.7384216667159134
-4.075390044243985,-3.3056475174061744,-1.8547503608337683,-0.9062868402514177,-0.3702333434582327,-1.6835030763416936,-1.8841340478052035,-1.5261331703668624,-1.3950090296775604,-0.016180161712365457,-0.7360832824370054,-2.221573217787398,-1.5735745480891157,-5.358698057441414,-4.256621895621448,-2.585823061050436,-1.8784877611531667,1.4671190173619109,2.0940660565067035,0.4889057484041981,-0.6366087167201195,1.1262522820278407,1.7922850159195043,-0.4307945118127617,-1.1496948330395798,-0.8654096952260708,-2.4563115032637417,-0.04786985817876011,0.009026992917988873,0.43408246629631986,-0.7288371771331379,-1.3692290812418089,-1.021232984656361,0.0321735497251524
-3.9527048131982485,-3.8942547694471705,-2.3580716451057833,-1.5269652014773172,-0.9216022677571025,-1.152584932094268,-1.5889136775932968,-0.26557977011785733,0.048630216650016864,-0.5256020031462377,-0.20344678291016557,-1.6597288912545323,-0.9695737830133497,-2.7467995666044223,-0.48706050488395686,1.4497701420316444,-1.9634943929375135,4.645613702684023,6.342016878238841,2.4965413965812204,3.9415659169090147,5.487621160522613,0.30965348467970155,0.23220519974552625,5.166194188883418,7.433857404798535,4.580193848343686,0.49497824267633,3.472761720463183,2.8446875878088216,1.2483657693893295,0.36594099213724285,1.2460504538326265,2.472291880764466
-4.637543676461269,-4.38151775628149,-3.498562665202114,-2.9390606249716393,-1.688046454224703,-1.316864963835649,-1.411119991790231,-0.7542355154517133,0.37445693027421867,0.1424972802026954,-2.2537501292431257,-1.771682199545049,0.34715424273516526,1.6767371386618701,0.3308205582647139,-0.5946474852903091,1.4012202191965828,6.632786980135638,2.2085131828795626,5.305385025714593,6.194223000045073,8.138627705476958,9.690881721699903,7.35566777965279,10.683843811083564,10.867282402962102,10.30971642351915,8.390586352579927,7.839776197105055,7.54273645690519,5.057076976600378,3.577378986896826,3.357073299059582,3.9884813533399948
-5.3489219486617365,-4.8242888319368955,-4.385504847328391,-3.9699015882661244,-2.3189285221684814,-2.145708418480282,-1.5077768645673,-1.016458944771754,-0.16294208132713844,-0.9775449514979676,-2.476649971957179,-0.7628414294317472,2.9958763481619926,4.957785590992369,1.554603260483775,6.460914407087403,5.330594880377543,2.4304717520415666,3.0152170719149844,2.9061564937186577,6.884485993611651,7.442000042478115,7.8601101687493475,9.655272703733473,8.102090900427195,9.366877155691814,9.869636572521753,9.840130523371814,8.396330211488127,9.241724709216443,8.63037954270431,6.342975577193567,6.2971295590998055,6.531890089401164
-6.4781720698789105,-5.189160986250498,-4.491661664839102,-5.186522482566081,-2.811634359279395,-2.210658992598309,-3.0603063780170863,-1.5906195054780001,2.314351128578779,-0.5557324772134635,4.788319317759975,-3.007263429608403,6.051318780944119,8.4829248031792,8.587065825614072,2.305446553820363,3.666740475907972,3.9918195186167056,4.102365426800175,5.097960584856593,4.927529269564994,4.623610721713044,9.673699271599709,7.318080613115316,8.356417001891813,7.903134617442394,9.015318980679869,10.48859383571014,10.500620608970646,11.553033957593476,11.481007991395174,10.333861597285997,9.150009765294547,8.250501803829433
-7.6461439437323095,-6.220136680909826,-5.634788557619714,-6.310248868107169,-3.322074896614436,-3.8760146332598264,-6.946842985764341,-4.10182754511978,-1.3595473800664006,3.9860658696533884,3.901020245828981,3.175480017668503,3.5786372643990303,4.690110468879532,6.520099113912657,4.540898225880101,2.4855701665138015,6.850630588286004,6.587498280301213,3.8574819135353113,7.407843290552004,7.202188280878188,7.939541792897856,13.331509876636524,9.873280147048844,9.606683539689802,12.237516967893034,13.72460085981871,14.754866437894888,13.971880002090366,13.368170014841688,12.087224450580505,10.555258514903246,9.929392077757116
-8.65484817225725,-7.6017779762015785,-6.867871987172058,-6.976733161184306,-3.927029422148096,-5.74725015840877,-1.0935608403520052,-2.646879405841057,-0.4963006918742186,5.594241682527205,4.1730111594310175,5.035046032919609,2.942797845127822,5.741304924817802,3.1586688535899254,10.755947802551434,2.8020472298344203,6.5632334732069255,4.806565167501633,5.035016523431845,6.580993297032583,9.677392825689124,12.07705165214778,8.65406016040196,12.326918113413383,9.000632294896674,7.71177231583653,12.83994539859985,14.242676131911674,14.842381978757928,14.326284564555726,13.98773290004502,12.959852616065227,12.37966146354888
-8.50235399734285,-8.366260153640438,-7.825144392385651,-8.366794734886183,-6.405354331690894,-2.705835741447072,4.875337020180928,-5.032300387416387,-4.349701281414942,8.06977913267526,7.865451778470166,9.631948674912676,3.743296073943829,-2.6616434348215945,4.812940443480564,9.76764454891792,6.888529835833794,4.290607043160995,5.182328088871307,6.573298918105356,4.898975913280629,8.416039789558006,10.78932873842355,10.114815670473176,6.8273071604685445,13.626218715495307,14.551715030577608,15.820151241599799,12.913533472960193,14.470354567797036,13.995046197600859,12.401372646522375,11.35276081192483,10.373405618379474
-8.40405370532325,-8.614202098945578,-8.669219383198286,-8.496319571723706,-7.096495568840355,-6.796466669762487,-4.07360224217063,0.9573516060020482,-1.8703586027473924,3.116748916075522,1.0034857776015425,7.01082514243952,7.728135847106667,9.02801286984283,7.477091748480361,7.913885922554715,2.1872684225167447,5.834182100701607,5.128345433074665,4.74374136998789,5.0378930247020275,7.118609203154696,6.0075186992176866,9.746577702733545,9.556126245208967,11.428806793807281,11.404489281580535,16.76544165830322,16.06808033745731,16.04596365628942,16.419477803754017,15.087170612712027,14.11565807028481,12.324135331316203
-8.640209792989316,-8.793120329158246,-8.918217991500725,-8.6816060871073,-7.617012359491972,-6.261896043960402,-4.385424164224762,-2.8854859725381754,-0.47252654971351676,2.0934770741812407,5.787712736825062,10.300103763761692,0.5211706570689043,7.965700579475875,0.8610855266438476,5.979551731713164,5.861874505409357,2.912154689778979,5.412264806733276,6.205868513946727,11.7445746484703,9.213935849075234,3.627159553867153,9.68768580383755,7.08052462352806,10.11898137495132,16.80955353571497,11.154001564197575,14.284169662837531,13.809134248963579,13.305023659371582,14.115323258432293,11.395287508208215,11.098814199192864
-7.925580629245686,-8.909995114864595,-8.937308934876333,-9.82196367866966,-8.611523108705732,-4.964319024717799,0.16765207544052071,0.5597245084589255,-4.273614264234046,5.190521608303779,11.521777198911348,12.318611627708654,6.236349384309047,3.3925393354502136,1.2335628718761187,-0.5066024612298927,3.9434543824776624,1.9084230423901383,4.620683161576411,5.351985792423595,9.565805793242472,10.934088591211559,9.956387191658413,9.106598631939613,10.306954282514104,9.695435431883846,14.601783140434366,15.820744224320933,14.708582143639903,14.660476712898806,15.26557282957936,15.330279205196408,14.910946998443713,12.762529839421084
-7.446225126674427,-8.717186022284622,-8.746224856553292,-9.007737247189203,-7.883320780658745,-5.427733415840083,-2.7267168625865064,0.7238092781239208,6.620621081978208,9.43696318440895,2.5157534703001803,6.014639347632513,3.1048452197705596,5.352735559851841,5.758827355604879,5.269457430824786,3.736283426813719,3.9209023036547155,5.843972568285336,6.954079035616542,9.143595033364507,7.544463172417403,10.959584372022377,15.297013658089284,10.051771376665535,7.8870545361971685,10.67176739624187,13.203709001889667,13.870906903996708,13.836947816064024,13.640093425512902,14.495981437976862,15.458460773011712,12.094464451976073
-7.454834669493685,-8.152241947777428,-8.4044299777477,-8.668027444334799,-9.17887590483882,-7.062881878393312,1.7803234130847874,1.483022014322049,-4.148520794928256,6.799019102150993,7.453130296477314,5.13456712572002,9.00161385468503,6.215993090190378,2.460656679939552,4.347527258341646,3.698584705923571,4.700861303908939,5.027101317866397,7.263905679013672,7.165170788228625,11.333568365614827,10.662549880935508,10.33395972811818,12.972539067652187,11.3817172690731,13.03231979170017,12.650048524009687,14.008255395163198,13.344807187287088,13.734406267312359,13.656877743653126,13.140516771023403,10.397666893827045
-6.911783981058573,-7.641961965723528,-8.221696657849165,-8.094216842344844,-8.06953092467408,-6.587558294789329,-0.907285362583466,4.226073475456027,9.016940328892568,8.771231794628191,11.348075424440383,9.882253892934303,0.0889187312132659,12.301858912799439,3.5267725702212926,7.476087041620194,4.746244387016021,4.89386357317734,4.459680823910829,5.558485828717629,5.08729042778435,7.75385488686074,11.390062869606314,12.500618944667053,10.176843411913353,11.413180892775094,11.076287680402098,13.293082144696145,11.964881951556299,13.188003612823245,12.191535282707123,12.92792651920744,12.763877246640872,10.685919940422849
-5.301620081957443,-7.1734931186191995,-7.398110083780895,-8.098836518946822,-8.066444811460661,-8.513794313958405,-7.480084280143584,-0.15355510398263122,6.578620045981753,5.0907038636099475,7.242498791929872,8.247944189951895,10.174911296504181,3.7887379807139663,2.5038136274258953,5.108972811052283,6.842643302005165,6.403656125235184,5.5847433137557365,6.4736907675541016,9.022037341255578,7.55329235851894,10.1690030129448,11.287839464795823,12.340236243077715,12.50785210759977,11.026893735804538,11.71261606757264,10.744416007819387,11.550080212903678,11.892773844705696,10.69677122547334,11.765591972974171,13.394008470116143
-3.165023952095174,-6.398417020890349,-7.302574454497531,-7.934709666321341,-8.290049159809435,-4.655419441544481,-7.373735496239412,-2.270251200670244,2.317810763192903,0.31004539756239075,4.48997634883346,8.560237963583264,1.279525296522884,6.237286982990911,2.3724190794203763,4.789156742797014,7.316932762142949,5.380726624724758,5.713486034727302,5.898339581654362,8.835402192500508,8.084991475838008,8.634416427013537,10.19313700672781,10.846887226555031,10.917726806947124,11.03354793514922,9.747721742372198,10.804967679199681,10.488944793387448,11.579116099220975,12.113812635705271,13.135111838859515,12.905769773835967
-1.15618190312193,-4.593228209427636,-7.609930141996306,-6.964985606541904,-7.886435889741078,-8.173915928418623,-6.264068452850957,-0.3740937124860799,3.9519840762874856,6.398163836461614,1.120710594510327,4.792979683625854,8.189519901739072,6.918704303232226,6.953183645574946,6.937500514058899,7.790128457819306,7.415358255231387,6.561276120720059,8.752764126622191,8.841636022916608,7.991426211087726,9.094082113073172,8.8579976727541,10.85684999337447,10.484981673526416,10.765371559840492,8.588217041859496,9.458909741408615,9.926243978869968,10.605567090757804,11.420111987849012,11.625262536845435,12.045771790282895
0.6091766799423358,-2.023217651741222,-5.5251922674749485,-6.242306676907276,-8.196371345682643,-7.502966912078727,-3.9772726764888873,-0.9156847365288446,2.7783924206247326,-0.8214714599827737,2.1009676871512855,0.7390711062709339,5.829870711607948,4.741161851529133,7.065148703456371,8.177154210681055,8.575201810213851,7.1520820376787935,7.502954242819506,9.636108440940204,8.284203026501828,8.552622976912005,9.107519671232962,9.537155551290233,9.360694640106942,9.542232949056368,10.293818380795855,7.324976062848113,8.499586832359645,9.137190264655494,11.20169049117927,9.831619729430143,10.232165095206916,10.690715741160966
2.335814640906729,0.1685754283057768,-2.8861818286382106,-6.469798179913251,-6.272948210933302,-7.6530078842876765,-8.810972496111397,0.7262103629066653,5.506296943084866,0.8360747167887427,4.009140643580165,1.3894171871124954,3.189177361452469,3.7050160569889643,7.059974452630457,6.340943209942169,8.11614239082609,6.830461546828106,9.584077545824652,8.469296928292742,8.261506917089378,8.011959084397343,9.809114076334625,9.346783564541383,9.385931405852697,6.891784522289551,6.1849317174066325,7.001478814225473,6.978394230953654,8.883094054406826,10.100885391289882,9.038159549744968,9.279939759349228,7.235061366583016
