script/wind450m.json
{"header": {"parameterCategory": 2, "parameterNumber": 2, "lo1": 3.000054539987559, "la1": 64.9999836372058, "dx": 0.5, "dy": 0.25, "nx": 34, "ny": 52, "refTime": "2026-07-13T01:00:00.000Z"}, "data":
[rows 0 to 23 of 52, columns 0 to 33 of 34]
6.391677866249349,6.151525518864904,6.399275585018662,6.134177091930786,6.587154232244636,6.425409705272899,6.880097757188268,6.755386436179663,5.78257946279364,5.255923101585821,4.890878751386392,4.718238666444589,4.848280629376104,4.870532760219489,3.973651578347264,3.999671845978552,3.9664370991695845,2.8092970563039135,2.570287940562501,2.9321524087011763,2.5975713052070613,2.4601091627456224,5.478049078170581,3.950883337017299,2.3180025700148237,-0.5598428864897451,1.879522213777674,1.818003542799105,0.6205596660472773,-1.2602023646373985,-1.8829727765908801,-1.780020385863375,-2.3896721906907983,-3.4972525750792363
6.534208203878843,6.08702510873002,6.192922308056359,6.235338162443091,6.436973504566905,6.409523368022084,6.031333957829416,6.365635877446593,5.453160578018651,4.7462231861613216,4.615979989910024,4.222884773628571,4.1728312133160586,4.336214742152872,3.7925816436656,3.080796354259755,2.824565153256529,2.4968597574489935,3.357604464577077,3.145822690849994,2.657211721508756,4.347335566951184,3.939950813139317,6.247179902783002,4.699569012508945,4.08669318126745,1.9441612820225092,0.979147726399831,-0.47611922742469465,-1.6314376201014942,-1.7335006569161546,-2.091468109874402,-1.931770608889925,-1.5279221453905396
6.302545585625557,6.188264359825048,6.195810391867268,6.2304026070136445,6.278180080794868,6.068573261300348,5.647570622347366,5.575684545900063,4.696477308125979,4.098037439093898,4.034583457048858,3.909765357214258,4.014193612312398,3.886416488088494,2.6798811209969946,2.1830604231261024,2.25640139246524,1.6792562196001792,1.7887980156928958,3.3110984741944125,6.087067969115016,5.401849055030939,5.817475872272598,6.205177262498423,5.192206942274424,3.1750531687178456,1.2900372046426152,0.8727594761262805,-0.037035005459412365,-2.1805498541126793,-2.8307158286983842,-2.1869576663596586,-2.585641085385435,-1.986163200577798
6.743115885204159,6.341026256834408,6.569207348103553,6.237495200122177,5.918795261068419,5.550728577923656,4.9727773707267815,4.241354520041411,3.8691257123146188,3.773364221592321,3.8313268657563304,3.8374315755447324,3.2992633971419076,2.4265407200464715,1.8250851755002517,2.3513115547942,1.9564490070978777,1.8492387627551763,3.1275908090885314,1.0708253045557408,5.75188414089764,6.3458621377351445,7.350846633009307,7.386352062339347,6.881568423496159,4.064310877946044,2.686106702636704,0.5703568237895151,0.14336917905981364,-1.0599925457570896,-2.4714294727495068,-2.3823758902910184,-2.7301996692806054,-3.108922248843484
6.723571353840032,6.61707077203055,6.314038999818983,5.79474558989874,5.180064838518965,4.518406015893228,3.86967154229329,3.4737855410676532,3.3704048554957806,3.3084598750931433,3.377265883342692,2.7975713315126773,1.9035662678017031,1.558323716359296,0.9368822832556883,1.990218853733171,3.3933162856027694,1.4777620436228474,3.834467231565019,7.879351134567079,6.8524795721281055,6.126978954906182,6.531226436427936,5.354225639291673,3.4210907387535325,2.6284845289729635,1.867865721649226,0.48277472526300874,0.3610471189247363,-0.2504747739951438,-1.0554489443008017,-1.439313197623026,-2.0187688416698126,-2.811098802868929
6.386352200960481,6.289552178893562,5.650140117670514,5.212168802590103,4.4872390387408725,3.684903396350522,2.8962159387629023,2.72464799439162,2.7423160022592157,2.6153605495592815,1.631997108636735,1.192167619598116,0.1954673709208799,0.48978755914486477,0.4477032070869354,3.3729474480008097,-1.0882018071810144,0.6337511276363499,7.587611608529794,6.835430975782931,7.6142006605152375,7.91015843860196,4.356715100276747,6.239876158807301,4.458439733351182,2.494043380239801,1.4307658420769864,0.4395600349349837,-0.7133916677284281,-0.00026715248422170954,-0.9297220933584953,-1.7511330009186947,-0.9450678405148172,-0.9142622678275547
5.778512402609157,5.394315889860387,4.779880009243351,4.107155007259687,3.3537733982757727,2.4785630381316186,1.9308494609918203,1.728816439631874,1.337960154125075,0.5603061274784376,0.0015822131819270733,1.4355405204882334,-0.1115145241799791,3.621586494774417,3.576803177501047,1.581025960182066,1.6531135772389176,5.115701422702015,7.423799492929874,7.572826853785574,7.507843830198085,8.692923334548121,8.13288530284844,5.04255008696524,3.0529922222208183,1.6045719439201178,0.32234801195005275,0.13040722716496608,-0.850481842352137,-0.6827818236540951,-1.8128804185458498,-1.6774429171998733,-0.6499449477509627,-1.773460009049562
4.680638505004447,4.163915984266108,3.2199609516402075,2.4836355961693406,1.758288918244514,1.2933665737959907,0.7140580551669713,-0.28753056909544256,-0.899436703058545,-1.0639067397977853,-1.664670495615149,-0.37906297983058224,0.6945834274213403,3.511621139569629,0.32421359628875773,1.3625972319348507,-0.36581339373582394,5.260750389319542,5.841143791963805,5.909217473786684,7.733691192939771,6.983607243405712,7.4085975197017575,5.723123281121186,4.757165707968848,1.397478326166423,-0.5111149292091014,-1.0617194932648046,-1.1306578918516585,-1.2433101023256208,-1.9778664993097461,-1.4114169157394847,-1.4958999617224482,-0.9723112041383654
3.454089148345741,2.666048616313734,2.0242161878444187,0.9261023452794127,0.23224978780097585,-0.38717481234067114,-1.3447555915596274,-2.158988859775114,-2.5902411115315465,-0.8312471527131248,0.2481151760736256,-0.10002641939765483,2.445388991260195,4.248454149648108,3.2511095283503804,1.4665541530636332,3.8118094949353787,3.8392388788730214,3.5552463781021872,4.502099221593297,4.190248275651297,2.840732514921451,3.9416522607897044,5.532354751276264,4.778527968346269,1.6466285592353105,-0.07188380981788152,-0.3006464416397068,-0.6961708290187592,-0.6885341002353462,-1.3511700321273632,-1.6206870355969876,-1.910490102818094,-0.8995977106920566
2.0545469980419866,1.1541614053884819,0.3365522166008851,-0.7674304298508764,-1.6999825805838118,-2.59932433448713,-3.3884869618490976,-2.456339015531387,-0.8506876913642041,-2.3966179509784555,-0.5235123972437107,-0.06096973627130522,3.887162430811999,2.7713242667667015,2.1653039219215824,3.7821665297459925,2.9721850326615615,3.9062337059880594,4.1052156849264945,2.1305257962741226,2.3285392770576783,3.5130296953224023,1.2452496229634984,3.107064709309911,3.4416389015921216,1.823915048648817,0.6947293375408331,-2.371223733048561,-1.2407657992542986,-1.7521406906047778,-1.101787322114104,-1.604365006006026,-1.6763749759450564,-1.090638571965519
0.5282232321022731,-0.4319198631939133,-1.2602038776374889,-2.720033682662314,-3.6354231567602184,-4.420619600507176,-1.9058818787791618,-1.054630560699663,-0.16007586708741428,0.2514308454797933,1.6351638531119812,1.3164347555299414,1.32717905305011,1.5229321025762796,3.2550683028887946,3.5594357169586024,1.5163673873572427,2.2693937709003955,3.029005461369715,2.0652485483593845,0.7943590515957791,0.9301504275404276,-0.767266883683127,1.7107291335765074,1.1279394914824719,1.071526037033229,1.5928356360886653,-1.0458593382478343,-0.8034061779814917,-1.0495057616906711,-2.2353158035736023,-1.8415097434430974,-2.039814072778891,-0.9563434614015657
-0.7917951963070189,-1.671602490836644,-2.8320578914072354,-4.7529738310631755,-5.6503376221128985,-1.8184393063546433,-2.726771101749248,-0.34215797556404726,0.44874628866522454,0.8187124850101621,1.1355837747414814,2.0123763779594253,1.877405016134599,1.7220330901180918,2.073872069773187,1.226391676826673,1.989264045873989,2.448685745654832,1.3185719532167457,1.3875569729752035,0.5135872950146607,-0.49231049833281043,-0.33346070712486486,-1.0084135545051875,0.1744947995980741,0.0977161892514489,-0.1425340377887847,-1.3736719251422664,-0.8879680665289241,-0.997313232531035,-2.3039157483317734,-2.730915492705724,-1.628286802916252,-1.237580662276669
-1.4256195119176143,-2.625615194701227,-4.312504621483433,-5.281587189143859,-3.052447919369135,-3.6736199267365053,-2.2881805996892775,-1.9512983123998617,-0.6900970173596516,1.1274682117540429,2.0125970606540107,2.849737271342542,3.3333896969786982,2.8909812792445706,1.6274172690949211,0.6993862497432606,1.9151267542432588,-0.39643850107374945,0.6409061672781996,-0.9108629206734435,-0.5148232065776468,-1.0230773853283341,-1.3633961519994993,-1.7497557447709944,-0.9868408239826351,-0.7644110333649149,-0.9174540500244586,-2.0264207024651704,-1.711608846346386,-1.6161378469991796,-2.389017956460413,-2.2952036224087515,-1.8002440328885259,-1.8618723823617878
-1.8747445646662833,-3.0920198726080885,-4.269770896708571,-4.219000257883073,-6.66553630372951,-2.02083254895098,-3.8658997345599766,-0.283283235861817,0.379322309223895,1.0134171988892637,2.141553504486556,2.9842790500618843,1.012740989794285,1.5500020489082618,2.8893284669930432,0.548591922668632,-0.7569333654240303,-0.09132878612026482,-0.7960496611417511,-0.1564645350701495,-0.8857483051170737,-3.400763427415301,-2.186680072605063,-2.6078024190497073,-2.2002170032673636,-1.5096037796579758,-1.3239690346582482,-1.9662073131196864,-0.8873615910584549,-2.6243608440611643,-3.416849889724605,-3.386206737581651,-1.1446224629452346,-2.993660025351887
-2.14237231029773,-3.117627377449173,-3.161634444951006,-3.4749000368619027,-2.0369160957962187,-4.059702480087174,-3.5880448267130314,-0.2951817802843441,-0.5205947805532345,-0.4889837987855836,0.8608782919712987,2.492338494343912,1.412605226092593,2.6390093337281875,2.094363731640371,1.3345338411477912,-1.0647409966151589,0.9343296621285677,-1.5648332820015252,-1.2485571057724065,-2.3931042804997738,-3.2434533189850807,-2.941656945457011,-3.2026180811116514,-3.4266266063368054,-3.2612403198652236,-2.4470063609792017,-2.3260260759974747,-1.4558333468303428,-3.6234227725073334,-4.604265033863751,-3.5083190302549676,-2.0342756157285424,-3.914192339497176
-2.4806715707530285,-2.592874737954849,-2.6755964384961093,-2.708339111557435,-1.9011032874035105,-2.328307444027477,-2.0703924405919953,-0.5062958998662543,-1.797828574908116,-2.4949290924728924,-1.229376948792094,1.1405270025285121,0.6803548439170228,2.2664173456390055,-0.3415531411086635,1.9235687424380905,-1.94995036770918,-0.7128558936972504,-0.994242975778109,-2.661268281572853,-3.4404263953846526,-3.0395245562155075,-4.163796561364043,-4.561792712119697,-4.83426841516002,-3.7106739274527505,-2.7191915108397082,-2.3736592535094916,-2.284830017749474,-4.01268899051076,-3.7640826630675894,-3.7718023292113503,-3.0542652130799897,-4.897452073886112
-2.3197101880100037,-1.9904473166759526,-2.3738200150005495,-1.833508350729161,-2.0013380772578713,-2.7101002273289105,-0.9483249098842611,-2.964467959314454,-1.1475742644849327,0.5075457086183572,-0.10198592230778063,1.4331815924049056,-0.5275438550097061,-2.0471861998437313,-0.805280824881337,0.305851175912915,-4.382204693726443,-3.958199250235091,-4.750043231597006,-5.2436372860207685,-3.9302103775271937,-3.5309366847633727,-4.666695571769066,-5.460198397976099,-5.080623607473355,-4.258566868740726,-3.4598459285868266,-3.7819726088982804,-3.4217234558024776,-3.8128833754633167,-3.2016512528546635,-3.6421102296678476,-4.091657796293746,-5.649396698791268
-2.3097037041851247,-1.9381778607000508,-2.5473386144504686,-1.7101729409242816,-1.9976461153623637,-3.2544902711224273,-2.6916939195351324,-3.54639825576552,-0.7671502480667908,-1.142090296499389,-2.3553758688266386,-0.8214787431107028,-1.041907966258656,-1.704015472204908,-3.0611907989867846,-5.458205686921966,-4.936175825248547,-5.873281109219579,-4.101584255587518,-4.943762652667299,-3.603759140897114,-5.139543080695081,-5.248684316916603,-4.741560419237698,-4.7984339421863265,-4.349078848261043,-3.678945581180486,-4.931642195319205,-5.057659806685992,-4.110275828276798,-2.603898778894257,-3.694855821392873,-5.115958666153692,-7.352242924880089
-2.3221693746905565,-2.5722343719295013,-2.5912166802232797,-1.2329828772240328,-0.5742338131758568,-1.9961752866014937,-2.67779697402312,-2.797431655330039,-4.960715712314213,-2.7536092830365204,-2.3149833289726205,-1.697685551452064,-2.1371604772360255,-2.799882706018473,-4.224071744889164,-5.347367447821339,-3.89832601864632,-4.646170840776706,-4.848616195658756,-3.8926970449460474,-6.3558859377471775,-6.593064989588679,-4.936886951534231,-4.47033731116685,-5.317622290023714,-4.018219267215059,-4.270392055658376,-4.7936941170677745,-5.289122911588019,-4.631515459285472,-2.714133013651423,-3.3649082285793925,-7.214864398227748,-9.386862226909676
-2.46371614333111,-3.2935375074392677,-2.6163547766904403,-2.0904763551207868,-1.717006053798051,-1.2021225496187704,-2.122123029863784,-1.534819798107903,-3.318342240190529,-0.34738958150665095,-2.341778170114467,-2.0914259599706737,-1.7528823281320147,-3.4384803359903344,-5.157638634098314,-3.6624669826223752,-5.22348435496204,-5.103398605856613,-5.161479908351672,-6.03182707813193,-7.239674190033309,-6.3083442598118245,-5.843937234034913,-6.183548503060977,-5.515320533435842,-4.137836108819787,-4.912563634033743,-4.403595658831071,-4.018913553641575,-4.043315199439794,-1.01772264293848,-4.6065617785229325,-6.768709912417366,-8.050243527493256
-2.886489895037526,-3.4981299339256458,-3.147438552233426,-1.452968444957425,-1.32342038857098,-2.330883051269415,0.5571102878669829,-0.2475384411024272,-1.3554341269846915,-1.2661346475157926,-2.271694645239186,-3.034814420419505,-4.006509723142511,-3.876190257134971,-4.307091408942749,-4.571089448225299,-5.685713881854212,-4.871706235647723,-6.306246269319986,-7.171409159346655,-6.682143868620388,-6.28851604125009,-6.362906658790212,-6.1243117573188615,-6.326877976559763,-5.083233157385974,-4.308304676676071,-4.2325702497613795,-2.6874469802042937,-2.0032047656094663,-3.6616757728835014,-6.184953669471658,-5.506798819104856,-6.413290727428119
-2.837801421610122,-3.6737105880943046,-2.8425342989563505,-2.0209081674657807,-1.4553754008655362,-1.950399901030214,-4.857645499209203,-3.8608643904055655,-2.5834781692835445,-4.377206202889309,-2.1972445851414255,-3.9166655109221926,-2.3543513716328404,-3.3173651873194956,-4.521532258164908,-5.430668687796919,-5.378196282867781,-5.226734038021291,-6.165419967745735,-5.513418272223791,-7.370954519137015,-6.509337714323555,-6.5809474759602615,-7.237815966146382,-6.450626843873663,-5.981532012591053,-3.7141838557729345,-1.9778718814087894,-2.1383334541850463,-4.36010401555182,-5.110837420129847,-7.050140016082928,-5.797226118866145,-5.512117481768043
-2.649996326197658,-3.2659226224740228,-2.22630603554616,-2.0168749721485275,-1.4020837792464773,-2.6238664933847713,-4.187976152508859,-2.5990462299043156,-3.642687738600816,-2.127197530123484,-2.584339168847878,-4.304640376850373,-5.1867230877001305,-4.802599576409365,-4.354729300275946,-4.820089163906599,-6.596246208062627,-6.085445152364242,-3.0286446154364004,-7.541590593748775,-7.16576262951197,-6.981275356342811,-6.818470956136543,-5.9472251447852,-1.7741287678533524,-2.252285132700354,-0.44393350627268197,-2.045038286805165,-4.839896214626573,-5.2529601807229085,-5.8957313640823,-6.698647135625148,-5.356654402180571,-5.167104242997039
-2.7496220671213814,-3.251194652829072,-2.1477069242527427,-1.1278281443517961,-1.753885674536031,-1.9809100036988265,-3.189374981689618,-3.851440598610348,-5.30453318305677,-3.7440103419243127,-3.3126267535576903,-4.276272733724154,-4.11763851854426,-4.699806438326801,-4.960816826446115,-6.053185099719501,-6.122559889999047,-4.70697704593064,-2.618831912691619,-5.219490663441215,-3.7198395187572144,-1.8745791849335975,-2.9171802467057306,-2.1539769408761313,-0.40646347739814354,-1.364173323770779,-2.2181602385346557,-5.118501720635737,-6.744558931498831,-6.276884454787892,-6.982832776537693,-6.528197035453138,-6.1172296403819235,-6.091768951336206
