script/wind10m.json
{"header": {"parameterCategory": 2, "parameterNumber": 2, "lo1": 3.000054539987559, "la1": 64.9999836372058, "dx": 0.5, "dy": 0.25, "nx": 34, "ny": 52, "refTime": "2025-04-17T13:00:00.000Z"}, "data":
[rows 0 to 23 of 52, columns 0 to 33 of 34]
-0.04086935589671672,-0.29948203403259027,-0.12385642107371243,-0.08577666909572887,0.05226686449928763,-0.3206256996537012,-1.8419503465510603,-2.5148148756252304,-3.392812918774814,-3.1209609458983447,-2.078749674772892,-1.4726168476554675,0.2765110872104964,1.790077407076869,1.5599572845502856,2.7315849562932293,4.146299849872844,3.6967264924912833,1.5071431931770791,-2.5444337793527976,0.2312462323328414,-0.7218619133073849,-2.328102515672411,-3.1521733076559064,-0.5641392966888686,0.2439614340130019,0.8305085731711275,1.2979219907786326,-0.6118437285726309,-0.17905008898205563,0.5744900455239877,0.9036357091689434,0.8405895441558604,0.4325289143161628
-0.5430085389749474,-0.8555975106980269,-0.15717061977736618,-0.1093421509570171,-0.37230455285190145,-0.7704184080378952,-1.9512457960487408,-2.6718094490927906,-3.1581507340173234,-3.003372414949621,-2.333563270796644,-1.8887306726017496,-0.31825864329350717,0.9818239632677218,1.1352261623549778,2.0846548221050694,4.146628984024132,1.9497451985398937,0.5710329283215965,0.7033091672302214,-1.0309763292658753,-0.11332765028378808,-0.570594048626376,-1.935470562346553,-0.6011465955244255,-0.5794908444907048,0.8438488001085637,1.1091931482794442,0.8641699050559453,0.629191686467483,0.35288047131304817,0.30780639889850536,0.27370147953872687,0.7108497523001798
-0.9804212544045732,-0.3809111422540913,0.43497370443690164,0.1296726650198083,-1.302367181965081,-1.9018288281965348,-2.2563774833773214,-2.859863614513427,-3.170499925914083,-3.4356899248403328,-2.7673430276477515,-2.404216662460035,-0.8007949984859482,-0.07557669668637024,0.16061152648978527,1.7336725484793432,2.7702770113101134,2.748573258092162,1.5899704973601896,0.9261272037834303,1.1852353501405828,0.02982199727175167,-1.9083504873608694,-0.6135977101185719,-0.9298559440447076,-0.203114857893183,0.5189212083910605,0.4463145137877976,0.7122304487648828,0.90765284561917,0.7203033657895147,0.23219553501008564,-0.362457152579704,0.42759211465875496
-1.237800946275447,-0.05574975778861438,1.2971243910842005,0.6314784830539124,-1.3232485193708168,-2.804824448443925,-2.842978037645811,-3.3073891394834436,-3.190337686314978,-3.6581027426636736,-2.9963534356793664,-2.59039922227093,-1.5895260520904215,-1.5549589101926584,-0.9406467361601987,1.1504939997308194,2.2098241113936914,0.837609551270569,2.045329172351591,0.5976310360204768,-2.1647029467319956,-4.174339744003294,-3.5973721289467844,1.2784330793241339,0.3875881580941752,0.7576437007823963,0.1874887177785912,0.3851255835583513,0.6299447225988335,0.559241698872964,0.25078570389217236,0.35530225588600417,0.057820173131677866,-0.16534734635551243
-1.2647413437033186,1.13124228476114,1.7620516669990933,1.6920456114901923,-1.2295156538386816,-3.1605086291118756,-3.5648840893778857,-4.064588759538844,-3.8513461041227037,-3.7843211390512677,-2.617704886438323,-2.4234032940654635,-2.210686204143825,-2.01908466416896,-0.2428056428614177,0.34232048654598424,1.007639423395165,0.8127501766070252,0.5564939475364552,1.6624442379985478,-3.323509622036519,4.0048709961846995,-1.0961075568543788,-0.13001001084178718,0.2736678886057731,0.7419140034380381,0.7388194058086877,0.18793288507997896,0.7298376297104289,-0.02257196028840178,-0.1648078495192483,-0.01346396698675529,0.13243131830131577,-0.503731618262033
-0.8913026361168012,0.921221636620135,2.821404684294818,1.227114196837077,-1.2730714550948892,-3.934646895560837,-4.8977330355772315,-4.796050532858227,-4.706146420365199,-3.9263766499260337,-3.315001616657046,-1.9289263955228313,-2.0992655928886004,-2.3963616967473866,1.0515399003618187,0.7513220694618363,0.12517206886693427,0.5811183935438667,1.601406051922684,-1.417429822485109,-1.4426114431022252,-1.701516233287454,0.4847798220187265,0.18888167408555256,0.35489162367668836,0.2165483467693908,0.05130992343937957,-0.0931207401549667,-0.046480309002933436,0.03243442198115499,-0.1026381505374143,-0.5073451589973567,-0.7097099984733717,-0.2601283552338944
-0.7547216950159342,0.393364756490877,1.656300283431384,1.6059233582837504,-1.748286485119718,-5.084851504891062,-6.430205948424836,-5.834323891783843,-4.32827595408772,-5.790655429571157,-2.80957260135886,-1.1525578798602667,-1.9395572147634565,-0.7312810835580841,1.1671290196488608,2.7175532646953875,-0.30745920185282294,-0.7857703237394813,0.11535478298819045,1.7364586465328593,0.5082038222170671,-0.46998858238069835,-0.5352254969268577,0.5097639934517256,0.6040013324418754,0.9000441361314513,0.32393951704913776,0.008703610831367854,-0.01185335968336764,0.03539549955178874,-1.7108778780459024,-0.6194566204856408,-0.7969009321581004,-1.6286834910515624
-1.3808015624992984,0.37551052809868063,0.2660134760656463,0.9157411612241912,-2.964559756307284,-4.888631228602955,-6.6026480932875895,-7.40959567232189,-6.969080573163142,-5.910071243707837,-3.6593352216333277,1.3999982719605284,-0.23448785411659176,1.6822644542689136,-0.689886620042207,0.8203562935831555,1.563692254397114,-1.3025758427016327,1.7780012911998586,2.2001393610925386,0.5842481908201334,0.333372723044339,-2.273057704621533,-1.0077690794185319,0.2828976602706962,0.5135237667626704,0.2928689717119983,0.8377621542713826,-0.6827713985953144,-0.9669290589893731,-0.6785886408330148,-0.2539666395490438,-0.020629333484988032,0.4792247581692534
-1.5222856765167263,-0.5263032005469575,0.05198465444649983,0.36828448502742267,-3.320908002311841,-4.2854159011350195,-4.422475853632656,-4.983035842641675,-4.276415897321566,-1.393920085470086,-0.6615698445630398,0.8515645205085005,0.635875118359814,-2.080900869501564,-1.8347732362084028,-2.0664131676954236,-0.024140214596265676,-0.9691239869925818,-2.6305234292939264,-4.9654258494363805,1.7619230093317206,2.126090254144987,0.8794124372968753,-0.7364017734904718,-0.03298305404627409,0.6856467962906324,0.45404025351386523,0.4212587848153697,0.23692956922702543,-1.5756361523708637,-1.1178567797921997,-0.9393343301638969,-0.4113925434842633,0.7696177352316006
-1.4696235863421647,-1.1097862901733644,0.9433698079950096,-0.4090063850772484,-2.595236361999201,-3.379013763968032,-4.662509952032505,-4.052648859580858,-1.7186097856624527,-0.4360740236149278,0.1952253565559315,-0.056933816479767176,-1.7407074936756846,1.4163911249456171,1.0070327817395874,-3.4068491864526345,-0.954025260931356,-3.5169222233173505,-4.557547295060823,-0.2360361381615183,1.2864251365950767,0.39543086273410516,1.6154863248806197,0.1635470151015258,0.12320211933571018,0.6250408024547582,0.46888573502907616,0.6613943924922718,-0.41491721672636456,-0.4602496336582819,-1.2170427774417238,-0.06814653621098296,-0.9093134764007442,1.0317448988668596
-1.4571166904231025,-0.9163322351111403,0.4575007899314677,0.30666145821587387,-2.9612593650788774,-2.1984134407826144,-3.6051572717171405,-2.143373051070879,1.3820809238485872,-0.12759107260907715,2.4444183233429064,-0.14110343158687977,-0.6647900209409324,-1.401220256534568,-1.505193924984819,-2.3341581857148435,-0.9833469848481086,-0.9857310076942377,-3.5757095278506794,-0.0390349038469442,0.3583470559799671,-0.28538314333434855,1.0510777050957336,0.8042877871619097,0.6433773228012261,0.03570067877745626,0.20822499014282764,1.071031521578384,-1.9427990228996068,-1.010458633403284,0.10985524769306106,-0.3629820762097998,-1.2416115110280956,1.0856548187563144
-2.2620946273589375,-1.0876056533242193,0.12861530685597744,1.3403263984821214,-0.18633399821356034,-1.6764491314875956,-1.8884802589159488,-3.7409987384904544,-2.110947834759318,-0.6317121738905341,1.2644791674497728,3.3653590423346453,-3.8643214928558676,-0.6177527566427418,-1.337785381776137,-1.6643822736203906,-0.8331222748804897,-1.2328896057220038,-0.554806182243224,-0.7666713583906639,0.24830264455484272,0.7546310655496484,-0.3603996374293332,0.1296574888680204,0.4817173976824967,-0.7177639502513976,-0.12169476524711516,0.9634508975944444,0.10761758453498246,-0.8201309282852728,-1.3234678422970432,-1.5241903166044797,-1.2277633956343064,0.010848548650248918
-2.5263998659924307,-1.2989976926499927,0.22904097418068603,1.421136551595679,0.11961783649495945,-0.8517940386420347,-0.7076586909613579,0.08238029137817146,-0.035682152528420004,-0.21299070123775,3.331868793804711,-5.181485410090815,-0.8212718046021859,-1.6213686192419927,0.24197863122692045,-3.439787823583761,-2.8948477208991656,-1.1163054402574681,-1.7611131207582098,-0.932751679017085,-0.17888641268450453,-0.16904959606679762,-0.33886850484556186,0.1664467210505886,1.2648607402192007,-0.07267371775137273,-0.1267518350348914,0.2360453799953209,-1.7714166093902015,-1.3519719669370418,-2.1717076642398765,-1.4363468282874805,-0.7641186635002357,-0.3017287881433586
-2.2328455955889623,-1.709773340322619,-0.3062333415233351,0.15242922062221576,1.4125541269691266,-3.733961479095786,1.6394259915065605,-1.1531703663791426,-2.320619823370535,4.96696230909914,3.5207298202341106,1.2646235997425037,-1.9125826629274787,-2.23864178549866,-0.29378009237527297,-1.4101236980526963,-1.3235136117461201,-1.6199874134893628,0.255786906393347,-0.8335802540040802,-1.0096616488864456,0.3107660680437953,-0.5559799638828845,-0.2610597052947702,-0.061440857416530846,0.5465182676217957,0.30170772412089764,-0.35150049796525323,-1.972645406244147,-2.802270065557905,-1.9067312667700282,-1.6640143862779038,-0.5473610387228011,-0.36731824855013484
-1.7344261122409599,-1.1537950964967076,-0.6938055159246513,-0.592506697948746,1.3613158207737246,-0.8579088314737039,-0.37319262844256035,-2.5763750974000006,-1.9001120039840407,4.0576705616536755,0.2724628519605212,-1.0574758814433078,-3.7712731855539805,-1.9851896591287974,-1.2927226503881912,-0.30919235455155875,-0.44557898453889294,-1.261456149402934,-0.909246136118818,-0.7900855124910819,0.09974537089972671,-1.4889963504810295,-0.6394204486707531,-0.47738927202790477,-0.21880786256890708,0.012011587563754061,0.22507151599545208,0.21027584027135973,-1.539450987807412,-2.8883367848097894,-2.4127247223983432,-1.9179396097537629,-0.7813002456349728,-1.505128071207743
-1.9337289659743986,-0.8280244113299539,-0.7405268599629728,-0.29761064996311454,1.4246671111818283,-1.237460883205337,-2.3339470556004893,0.9793941045675886,0.1387340066076128,1.6698415206145976,1.8169046152286326,-2.389357048951522,-1.7241216428642032,-3.8727840455396243,-2.8442924067742594,-1.154245638461311,-0.651012546352499,-1.0426687333906925,-1.6066542183429662,-0.4266845497142317,-0.6310158452508642,-1.9396479565776636,-0.7207313778541481,-0.7335484688759207,0.45762118268466867,-0.4751489508250706,0.255300739355646,-1.8205248211595082,-2.035333112885777,-4.874000913177328,-2.741665116240694,-2.393963329561117,-2.1168785503087095,-2.031916454146873
-1.1326088252447457,-1.2563949843744966,-1.2313959770349328,-0.7947142192407465,0.9925111629277585,0.5024230984211783,-1.0721286931348768,-1.0669885043978762,0.2156140179786351,0.009069171592682708,3.1138024731869325,-1.2881314870440868,-1.718935367171609,-2.0840231859850618,-2.3571624181260455,-1.4757256799546044,-0.9233971618649648,0.13005368406597126,-0.9840219463310622,-0.6236539071881153,-0.9800640231204536,-2.2575915386719108,-1.2197272348511305,-0.5812204913880865,-0.4603233871983208,-0.1664483605143242,0.39018080498227725,-1.1088059544237487,0.3377647480704438,-4.987896480440186,-3.8160410180050763,-3.3011396155122896,-2.665356033671948,-2.86382929597089
-0.6827347640307567,-0.8309104087394874,-1.7974443275392618,-1.3164027592432384,0.6699854130951556,-0.5375026955707153,-1.7481789436286088,0.32639115904537197,1.0329076093072316,1.7765583155854228,2.127430177734464,2.9469489682583494,0.006327019615455395,-2.631993854220061,-1.7946911709648288,-1.4404868491744263,-3.0403063290196504,-1.278774683485794,-1.0920350439596553,-1.5674015211490682,-0.6775445509010517,-1.6511695678771874,-1.4955317963975014,-1.2127148968542354,-0.8489251273804768,-0.8267678647598041,0.08117340990535397,-0.8741117484324883,0.44354317741501054,-5.040678569861327,-6.098115414058569,-3.0916081508379083,-3.6663324797611994,-3.494652627285015
-0.5795080241676052,-0.9776090009807636,-1.943778118230396,-1.9992798371882086,0.5088679775037022,0.19264291976965248,-0.11967957181564116,-2.4026814294365773,-3.9514704483984175,4.614312901301953,4.022153926937911,2.4563517666635075,-1.4830099953631897,-0.7228885040867553,-0.6423061968022461,-0.8071922516944618,-0.6337847851142566,-0.6978007655917408,0.230161950751032,-0.8974912022734687,-0.19364898330554822,-1.4099937827900497,-1.4418290194967236,-1.4864046572279972,-0.6912420511867542,-1.4014644141892738,-0.02963677803139763,0.26887560123095516,1.0038420356147217,0.6836916109428162,-3.555407601425749,-4.877520649068448,-3.1608491957424247,-0.6716324957386988
-0.65540345640139,-0.9771044700994406,-1.4072080062044552,-1.741067616044607,0.3339475669972293,0.05562193205898573,-0.4841538440816843,0.301344074891294,1.5366250535358794,0.6913990743650029,3.8371743362070236,3.2088477083460174,-0.4303898048239533,-1.1867277640859375,-1.2488510587382877,-2.305790274760904,-0.6092318866450044,-1.8495097281344917,-1.1748450329018858,-1.3713107266662938,-0.21281042120321267,-1.4147075328252072,-1.0606992710965606,-1.4091833617000706,-1.3476854119449337,-0.8414939612938148,-1.1412654205095403,-0.5549242916993797,1.1429375068444467,-0.015154807152177431,-0.5472827162219998,-1.865056505666937,-4.908763495806342,-0.28601911513894807
-0.4949184956864028,-0.990268943965708,-0.9806398730213622,-1.476263615520241,-0.785681657719736,-0.6070840436243846,-0.30398896730278085,-0.9571816280585795,1.6143067966839773,0.6277659817720807,3.5783465132773506,2.5587922016362006,-0.8586204609266034,0.20134146625383914,-0.04066543555358229,-1.1567076108401941,-0.8976804205135944,-1.7375555842524368,-1.5155206589805366,-1.3413051404602017,-1.3735434433074074,-1.0424866971803988,-1.6887112713998487,-1.463285669281915,-1.3078305703522595,-0.8656260663136576,-1.1041133056697203,-0.5409543476610618,0.09243776572607146,0.3049714829544138,-1.2081635694482231,-0.8038628271675263,-4.292692497340769,-2.7854854226813126
-0.2741460070702714,-0.9232365485951465,-1.4609815944012183,-1.2502667740133289,-1.4095900653630027,-0.2882163841846518,-0.17999243450027919,-2.3749258504646735,-1.2668668281662847,0.7161639908462176,6.383785493726215,3.012291906895893,1.214267999762981,-0.9063572908272857,-2.260565174576305,1.3022088232939497,-1.8873863983053858,-1.8375499376170241,-2.1775149785623387,-1.1471822132346,-2.0072912887019045,-1.7297587632139442,-2.099724359824604,-1.558213143151385,-1.420719931924552,-1.5461103473728817,-0.9337987211770036,-1.358398739413506,-0.9661491596116829,-0.08039555839703767,-1.0580542617397057,-1.4394345819299754,-0.8206890226233133,-1.9741613584148385
-0.019991381307348274,-0.18308874924078483,-1.8128529043083956,-1.1519767600388373,-0.7116835349360542,-0.6647071382137817,-0.2194348791243948,-1.210250398305164,-0.6702915958909378,1.8457826888232391,0.2881771772640177,2.391026382721856,1.7517895848541458,-0.9134109013894199,-0.3419005267035165,0.7800890288350227,-1.2368125142418782,-1.875306755312792,-2.0755634259935234,-2.7667754318404225,-1.7537658559916496,-1.8176433357793067,-2.2705522942699936,-1.7188510617738213,-1.773924495297978,-2.1085331092468222,-2.2681715035276895,-1.8706335967103687,-2.037754885439381,0.3732976036336104,-1.8815783502499184,-1.4624995985192994,-1.9834891369036742,-2.620595495668593
0.7612030989410165,0.39108511170833876,-1.7940211687298426,-2.304883867508557,-1.1033957237346097,0.15125749307601222,0.3089474708319959,-5.073545665084333,-1.9634322692647628,0.04989244170988395,0.6416248206605436,0.2119901109564262,1.302443703990526,1.7857049566438312,-0.4318442354338948,0.9133885861821661,1.1495645920072601,-2.174446710835317,-1.6980315474773255,-2.5348058377458633,-2.9084938342614075,-2.6085638781242975,-3.142902588623772,-2.1828409839214182,-3.352792771099448,-2.7911218628254466,-3.042024704954162,-1.7375137195182022,-1.4629550799791815,-1.2852720455022324,-1.5057203510087278,-0.945088881162949,-3.6146377508126335,-3.576730445606504
