script/wind450m.json
{"header": {"parameterCategory": 2, "parameterNumber": 2, "lo1": 3.000054539987559, "la1": 64.9999836372058, "dx": 0.5, "dy": 0.25, "nx": 34, "ny": 52, "refTime": "2026-01-24T18:00:00.000Z"}, "data":
[rows 0 to 23 of 52, columns 0 to 33 of 34]
-8.187489194683563,-8.20391050967719,-8.054801283827812,-8.191848962504539,-8.049393920531198,-8.159834876006865,-8.249565960449198,-8.192392431423421,-8.033811566046742,-7.663076649166176,-7.44356864858855,-7.417500528333961,-7.203728898511442,-6.393265545233827,-5.999740876949366,-4.3716036930890585,-3.414097690264584,-1.4550266403398082,-1.897761398047904,0.4069355644533362,-4.329122025566113,-1.8143217535140685,-3.3901168345657022,0.9105938496291496,1.2939586963829433,4.894833474221059,5.414757168418707,7.0216047474554495,8.509986539061751,10.061596097196873,9.562978380263246,9.680191846983135,10.593170458442682,11.022610898908221
-7.1712309231951,-7.438144754894006,-7.781143110707903,-7.720809506524972,-7.252724158765818,-7.139979429539417,-7.385813341186085,-7.02271236507845,-6.482295539563697,-5.403499295522145,-4.59184518514038,-3.7408378805065285,-3.1606800196890803,-3.718647960672325,-3.7570259699242126,-3.841510573735132,-2.7271919670973555,-2.9801736039534705,-1.3172560079377806,-1.6796927183840489,-1.9990555240314005,-2.289985111157176,-2.3045990216530496,-1.2434748993146225,1.4728478395768816,2.6683535781338334,4.975577151374002,5.672764306240431,8.244296223933475,10.597445512436781,9.12508170182811,8.394909152019247,8.75878563437565,10.568065214677649
-7.560860796205048,-6.515492258555415,-6.664732272993731,-6.668029482223086,-6.755481737715185,-6.343781626975272,-5.799675675074241,-5.528856956011668,-4.827820276976371,-5.370397891322005,-4.452809251759821,-2.668792241632049,-1.6037280003536105,-0.41886338891858177,-0.755074307469845,-0.2548271232082643,-1.0830036733455721,-1.3632435582518858,-2.6761084261111225,-3.0980193815529415,-1.2730812747316795,-2.021156845059302,-1.0625039275357167,-0.32437271030674536,1.1629556900041138,1.7078744341768042,3.540842903439732,5.721382360264379,6.379426211764791,7.857694108479102,9.333223538118567,8.102002190974206,7.417861850109543,8.738761926728074
-9.671048640833657,-8.523437251332162,-6.841348564010543,-5.588812849443304,-5.021146749179758,-4.333101464737657,-4.0469162568773145,-4.534781350926178,-4.368006231150866,-4.680698464179937,-6.7329041980795346,-5.206056072845392,-3.468185510745968,-2.233897660502778,0.16910585860873031,-0.004833208291151538,-1.7141566400778605,-0.7912825269228501,-0.7515732689513565,0.7194462765461475,0.347215300950313,-2.0510385210289948,0.729331039805454,1.6131252813254129,1.5777545135464395,2.1283571771617975,3.345532617691692,4.186777675326767,5.267698626841602,5.8850626498247065,6.479325262207384,7.893065552858379,6.909131009234584,6.8671036473313185
-2.8414667321913694,-0.6775913942085566,-2.4725248283883974,-6.878545353761925,-5.756200362718714,-4.372863746222639,-2.510265969916844,-1.5962308402618701,-1.1230310934610714,-4.0821500597542,-4.976216352395165,-4.887567849022361,-4.824735818905281,-2.379828330502668,-2.2601530008257074,-0.14793844285527222,-0.5513824490914951,0.37385460537742304,-2.0403248631933946,0.22572352973024795,2.6258013334445374,0.1932955314039516,-0.6506038071654866,0.29907233004334854,3.0481406251721492,2.855548655562113,3.12804137252655,2.726542499544639,3.836212245353941,4.872644714490579,5.5549081304519845,6.397813839650891,5.749493790096563,5.759447566609685
1.0576071289270004,1.8887448174486374,1.461827735242135,1.4530214620129223,1.4580046149498072,-4.554929637377575,-4.259534820635941,-2.5824902295798497,-0.565124473647156,2.154427908814747,0.7305398882706668,0.2890723901450292,-2.5892002525597695,-3.793217417547378,-2.7975389277669844,-0.9543937675333669,0.3061382028988336,-0.10482997680647203,0.17738499086619217,2.1425488134692285,-2.2043416242963536,-2.4828011741009344,1.7456120413631795,2.126107420987317,3.415524665529221,3.3318680972274817,2.586729246360581,2.5753173833083935,2.814228128728176,3.980595225306144,4.551935746885022,4.04641093339651,3.67525857495749,3.8073335534340784
0.7762180730377982,1.6846105423807982,1.9313859077573097,1.3249485953945312,2.3295951630884573,2.617707538017633,0.8174425846187501,-2.943318349255214,-2.270836698500439,1.2975506642243781,0.7420084613811128,0.6671952413033019,-1.0420948963913692,-1.8186217527054336,-4.150137942150683,-0.49653795108674664,-0.08252635052729261,0.7219163899094537,0.5449899481760113,2.794945721057931,-0.48504754308136405,2.3910842533172634,2.3001646005450094,3.5916579364750345,3.69073208107874,4.2526496522653074,4.7989224431243,2.5341819409273176,2.968949277704931,3.1702582488432345,2.1866285049991587,1.5450719386752942,1.4358801584451084,0.8895419660734157
0.003601649371841137,1.0914241800854336,1.3221945360877991,0.577940699162022,1.3669029919338203,1.1957635049281123,1.647396013123351,2.188968954970628,1.3340386118826584,-0.011703285231962807,-0.7461775602059008,-1.3890253474341003,-1.194456122873896,-1.978959384178649,0.3524378214037789,0.5847731533194069,-0.5960198911766884,1.8316402187765,3.9343116926939325,1.5949783510205986,3.725973374349191,7.052331794413166,2.559552786604273,4.829163081736309,4.2653190398077205,4.439922807749615,4.452591731967058,4.01555851597266,2.237446863423885,2.3626983441111875,2.8331544427783397,-0.15186546644490218,-0.1278444705285199,0.4832232737133574
-0.6104879860306105,-0.31115333922038263,-0.6652177071587976,-1.1089039732865813,-1.152446628926064,-0.13323907223734827,-0.22605816757460745,-0.38246234746356006,-1.6104788002542432,-2.280687594401826,-2.7031808001363227,-0.641823474315682,-1.7188312787664606,-0.6229204342626268,0.1049502278382867,0.14879992710688325,1.4721134852841695,1.7807517304797824,4.051600287226759,2.6530656010179996,5.104511592785757,8.786683297262533,11.166264866958315,4.672455843952668,6.436381278951628,5.787145023790009,5.146945310203737,3.573245379255353,3.0982284117674443,2.02893422678672,2.6665941010020715,3.660342390287601,-0.971412682135501,0.4343466947775592
-1.0112423202137517,-1.7101465956111142,-2.068630509137371,-1.648269566473332,-1.4045610671634452,-1.4934694054857482,-1.8040772306305706,-3.4513057644830387,-3.653350341441598,-3.4088250213896907,-0.89863647086248,-0.681827789362178,-1.4199196437377921,0.9102579394198395,1.1536463092396283,1.9055088530224267,4.681179682418371,3.4628962189098855,5.393818555701142,8.026898003099332,8.405269851089008,9.22026335055798,8.022069423182845,6.99375698970584,5.8637476122390435,6.3168100964266305,5.8251098081816615,4.676405973857235,3.289770476101363,2.680490767325646,3.0076915357305527,2.869929512626231,2.7752948041023178,0.7991753135349912
-0.5608954884451418,-1.0173072988066227,-2.845588628283876,-2.887986365688776,-3.083621566563737,-3.869097679585015,-4.873141541267923,-4.182600229402422,-2.526882410379575,0.5982048761147478,-0.9899723818111069,-2.616417936676973,1.423984527329784,1.5688427608252669,0.7973151102016731,1.695981831098944,3.5252660241593836,5.451432879713575,5.411406026122992,6.463482722213827,6.9809994614287465,5.287078229317707,8.283217103924441,4.7672367333147765,4.832070585021009,4.159019113679768,4.1342403082810355,4.357159322441299,3.4252475015259165,3.941770236735197,3.3771162014537226,2.799236134137123,2.0552816833050223,2.0770387542040014
-1.004208228375156,-0.28250626753845687,-1.571459734777431,-2.3422286272271635,-1.5489626188537928,-1.2529523155722173,-1.6498918451690798,-1.0789995289847085,-1.5343132562625472,0.31791996351884955,-0.8987558121650093,-1.0719065280996303,1.746942821275513,1.6575076507691704,1.7763894021233746,4.041497026973737,3.3299722900662063,3.715434266864866,5.652428422718874,4.330673738834281,5.718946476095825,5.092395209699347,2.972779327866921,5.111341345406723,4.107541631761775,2.908022919726019,3.18936951219978,3.8987475030232863,3.818725446684719,4.5034659761557725,3.7490991425168043,1.5961870176413675,1.7451415517453375,2.3068503156691498
-1.9229968364969972,-1.1847671740392245,0.7017559853719528,0.9115302510263251,1.4677837985858768,0.9679478509348975,-0.015593238939169217,-0.8880632358029497,-1.3921055558034734,-2.1690284393580828,-2.0141927030320104,0.5406485216377517,0.052847398757523326,2.9098302372611125,2.052813707133809,-0.4278515024275078,2.9474191175735727,3.2877322975153,3.5041415908316265,2.9125829331771067,2.7464496126444953,3.2670934850401414,4.102654248084612,2.0579282073936516,3.709725786594711,1.946345005761327,1.3139812817323242,1.8127126946715948,2.839694458315695,2.9401797123154916,3.645445116001788,1.0184879908406084,1.4678969669190478,1.2885437714166241
-2.660247597656464,-2.239519718162512,-0.6054396564520997,0.28918965313485107,0.7661880091343874,-1.0846666010060144,0.06013346820752817,1.3145802014428298,-0.2991491692190116,0.5160515572181299,-0.4947163229236379,0.8380201512082365,-1.2717496286075083,-2.013370368671973,2.9465836932204916,2.905370876885519,3.419426008192708,3.06792675868566,3.2709320589002786,2.182199916664827,-0.22805108797833945,2.757682265657485,1.0350396458504818,1.0580458102277486,0.5389824032472288,1.5879554795967317,0.7112944838664799,1.283359238009229,1.7742216638521622,1.3166488606921483,-0.4727698823829426,0.25180240041663887,1.254922273630582,1.224922608648398
-2.8829298578594273,-3.3264078756256485,-2.4683795085395404,-1.132132529589871,0.33716511737706534,-1.6944948078718793,0.6530649993698437,-2.8564382398731767,-1.8507700350733174,-3.244263837587725,-3.499062617531122,-0.1523135890944562,0.6079917836994286,2.136813194040365,1.0243073868137933,3.6200124016750173,0.6926180721230308,0.4234297113982365,1.8653971666797011,0.9418356916476979,-0.2829265310805088,-0.7598441571032853,-0.3628469423777055,0.12716458521737073,-0.25403538756258404,0.03639168161818037,-0.2095178589822683,0.006706784623674139,0.2107151774772073,0.9364131953791979,-0.7307279627528629,-0.35749331255506456,0.35647073485970626,0.010081121230895551
-1.8134594609260068,-1.3900242586439366,-1.410866152544161,-1.770158105679958,-2.559678080241655,-5.856603300060871,-4.921032789631096,-0.2364632801141692,-4.18804704753746,-3.1108353562478026,-5.16275983304161,-1.4278151628450482,0.12371756750775804,1.3691159280896217,-0.8454795526842341,0.9663353963035526,1.5678047742414472,-0.6397051759042586,-0.28488383122459504,-0.4159971811780143,0.48618441869848944,-2.1776398008987083,-3.2049659556653474,-1.510797521327831,-0.5588410691622784,-0.7567577146206206,-1.9630313005906663,-1.1294942320036434,-0.44430032872168307,0.8849222152226985,-0.5610075071178087,-0.9846817205499631,-0.8179627587823032,-1.151351048475005
-2.223323826369261,-1.9150738653893933,-2.7979081229334213,-2.310272933512613,-1.179583087006115,-0.27418925082027723,-3.8896138732776815,-1.9776082581997712,-4.3760695283352815,-1.8653638288660102,-4.3640846793763,-0.9414253670839297,-1.2516886635324174,-1.7724018535970822,-1.48303044298448,-1.7322550295525208,-0.8197313073057084,-2.134359999986883,-1.7588101145829593,-1.6953218115490385,-0.4796580047973902,-1.5855171918897508,-1.5333736982486528,-2.477403725024272,-2.881189934896539,-1.8720109309862032,-1.291097079191764,-0.2632992026944162,-0.42910807488534575,0.02295904970117614,-0.8901758580915222,-1.4171651798995422,-1.096010320173813,-1.8302634556424422
-1.7350580436936243,-1.8605518141529989,-0.8302841172313138,-1.4823228565437139,-0.41448429782970214,-5.704617254799295,-9.008518078283895,0.06970196825604388,-3.3724024045720875,-4.9935433752102405,-3.6706883855917107,-2.2209258674626433,-1.6987629235270711,-2.512349385794059,-1.5843353617360434,-3.3134063553003488,-2.9681850910380003,-4.192859102298558,-2.5376884124704393,-2.2828823923202375,-1.8174606055211493,-4.114788291959364,-3.517494329498088,-4.083874569882202,-3.21023829476449,-2.893199995729026,-2.660196593293063,-0.9639125373205473,-0.3136753754157791,-1.3427515141181956,-1.3901357492473332,-2.660868748692844,-2.08658746217316,-1.9946992006466655
-2.0421602615861976,-0.5233637169436799,1.0300740130423265,-0.8926375011145435,-1.1896071887988233,-0.5339318033873033,-2.537358093184795,-6.9788105380939305,-9.968364470437411,-4.682044754747092,-4.3737707154893855,-3.162836311866362,-2.0480677370950993,-2.0559443276899425,-2.6353579143750987,-4.612020682389565,-4.38427476378679,-4.439027668913999,-4.729881953106746,-4.372546391083241,-5.246878984038002,-5.0826794980130865,-5.151123830453477,-4.287124178174195,-4.967673194857385,-3.407674083996394,-1.8314544583576342,-2.5696181761374333,-1.4259690493677322,-3.3034318376961913,-3.067877454393201,-2.502993659473916,-2.7182281499454106,-1.041028671803334
-3.986064280969472,-3.1038055194450616,-1.3898519857945548,-0.02873857781957824,-1.1508643411220232,0.7643804461677802,-0.5006703276380109,-2.6655952858634935,-7.388149225260597,-6.942447199883607,-5.418436405052147,-5.30704837450705,-3.111432988861314,-4.1763380688024805,-5.429502992040631,-6.290919506960791,-5.3649977848136245,-5.431633095015,-6.118884894658288,-5.532370168284715,-5.453568596268422,-6.3271637281632644,-6.404325599172489,-4.293827415527701,-6.672538752617954,-4.863887075526941,-2.52533925176631,-2.2094443566607356,-3.355111042963342,-4.581388473497257,-4.043391223299544,-4.192628939568531,-4.021918812156755,-3.249145794210963
-6.393178261496634,-5.753840821076025,-4.672338076083029,-3.3518965159850267,-0.696906799723397,-1.722530234435057,0.7602520915387684,-1.2263847742820397,-1.4748133927943268,-6.0111312625713405,-6.122022230186349,-6.262907144780395,-6.862135553549105,-4.880831976277645,-2.6466495767478087,-7.493995153137138,-7.532398511887875,-6.231824747711097,-7.26937383520705,-7.295323379258393,-7.869148811829495,-7.207902707594599,-5.220404933707049,-6.819316440889809,-4.305660774216378,-4.927373953652829,-2.1829894528846348,-3.029443850294409,-2.2954978544614852,-6.014176092820566,-5.78778776730503,-5.153802082814389,-4.927111067916095,-5.212492216542117
-8.017148804430398,-6.666633842076376,-5.3076177811963055,-5.195441769862915,-5.149466161203984,-2.9043122106951462,-8.012533151753392,-15.688203139986934,-10.897187087238349,-8.869683090970481,-7.299303503999322,-8.125946047802334,-5.763351938360091,-6.424696428042768,-6.443904816745858,-6.652464110741476,-7.634463198259818,-7.7038341790535325,-6.987364736881973,-6.79041215593437,-6.416536177619765,-7.895666140411617,-6.486317876805936,-6.193897177648662,-6.182724565520723,-4.999713504943749,-3.914002093369552,-3.044798131641978,-3.152088385491206,-7.1296827483781335,-6.686973887384783,-5.9298212396111385,-5.592477341310676,-5.586387534583162
-10.318656649527632,-9.504146712117333,-8.472853979337323,-7.219194354654319,-7.360250478026738,-12.164063388233197,-9.457392450281752,-6.951948966607591,-11.631384426201487,-9.614672232161073,-7.026569944396569,-6.978629871369061,-7.261948741349903,-8.214761690721012,-7.7870903526602815,-9.160582145845705,-9.036196832667896,-7.4590073949875775,-7.4026104415187515,-8.77398364001079,-8.387142921859583,-5.391348956715514,-6.906528703996152,-5.674052909103268,-7.052205706314733,-7.035801860653229,-6.093475539021275,-4.481182026873243,-3.5217667189174917,-6.490580927239541,-7.195394311882255,-6.44424919096007,-6.374679835063744,-6.062898039879731
-11.670222497357342,-11.659729895235879,-12.625895815198266,-9.736333533140037,-8.102547912473383,-9.210196220406798,-12.544527636874625,-11.65358546885762,-14.400774704207372,-11.956721142294255,-7.96156295085821,-6.561442633423627,-7.28842479227971,-10.183402671242407,-8.86177927246103,-11.459506793468098,-9.994850717548898,-9.17025371373528,-8.248623453957869,-6.061727259057548,-8.002166214750433,-7.341711562638683,-6.429494546820386,-7.060266453785198,-6.652916415723815,-7.463865550575391,-6.730463350268349,-6.642993297295489,-4.642170125456883,-7.490616191513745,-7.755194912102805,-7.220700977040298,-6.599350462340998,-6.727268893702231
