script/wind10m.json
{"header": {"parameterCategory": 2, "parameterNumber": 2, "lo1": 3.000054539987559, "la1": 64.9999836372058, "dx": 0.5, "dy": 0.25, "nx": 34, "ny": 52, "refTime": "2025-08-11T16:00:00.000Z"}, "data":
[rows 0 to 24 of 52, columns 0 to 33 of 34]
7.25839634190402,7.412372249864573,7.151842058915618,7.4243101089160755,7.905309573014075,9.054486722570909,10.152559290764948,10.084857091103343,10.050529261865048,10.030581989196756,9.151758674264025,2.055352599092705,-2.4321185137477186,-2.1828265327724408,-0.5521210426445287,1.2980806442835358,0.9054690145823882,-0.5244330725118709,-0.9489426940680488,-1.1349370165325594,-0.36577131939387797,-0.7137421318669759,-1.2596962972323058,1.055761440996455,0.34484945898348607,0.5124697769255664,0.15623136221425576,1.1107556177909181,0.846735928649806,0.7266746735618094,1.5125121655715288,1.6726236465963569,1.8640002378715663,1.7641491888809495
8.578644798663078,8.11536610546566,7.8995171725395705,7.223527100467462,6.4149321368258025,6.259561124511262,8.151143431997786,9.292859453517204,9.635790322642462,9.770829412754079,10.362354601105572,9.091233351233123,-0.183181096221333,-0.2316554352638202,0.1638833902011739,2.554503300843935,6.264908995620714,6.50646282582318,0.3408498663505297,-1.816503594257801,-0.7382306098677546,-0.8345479080513086,-0.043185926004370594,-0.5593345239651966,-0.664343775648244,-0.1300075247703915,0.6072493228297317,1.1098548717120973,0.9844897841702394,1.0477889962163136,1.1926847747070397,1.8359884117719016,1.9612091770311875,2.241287788717011
7.297583376034644,8.21118814784632,7.859817462238706,8.169507329020973,7.95799388134234,6.366670663821981,7.980204729418583,8.153932381801308,7.929280705522055,7.967934727859337,8.590026646617975,8.659795745553815,7.902316882460316,1.283118950012577,-0.5446374486580157,2.02993019117992,2.0433991607814037,2.605835658706084,-0.6716458774923715,-0.18283339075615676,-1.26744905323614,-0.8539204846431011,-0.9182049368844742,-0.8563222575998309,-0.006488259691419631,-0.1087205488952176,0.1952947828462502,0.5869532733311149,1.112736213335479,1.0626892604798723,1.252575502214867,1.7270377294894905,1.8982371950265549,2.3690678090769692
7.773725871819933,8.162553036364214,7.534286145375829,7.978337414571573,8.822821085557084,8.985753108886893,9.81374756022295,10.425973954820426,10.623602348366537,9.374468080699808,8.377823168619761,8.50077235926724,8.648649589590056,2.4464268728702656,0.2142165629777612,0.8574469624399873,2.319285243462656,3.077203416053216,-2.04393881314918,-1.004026978212956,-1.3186329967076682,-1.9647183578646816,-1.2009708667230388,-0.8751646673585637,0.057987899510836334,-0.6417946176772262,-0.07135760743879818,0.5423304455174429,0.5992650389978738,0.7607029187384707,1.1275158951881805,1.632985001001274,2.0016510029676557,2.3646900539604743
7.382118742037547,8.113681750620634,9.092247238979782,8.99706352750351,9.64202953557168,8.898054564069044,9.320208937267845,8.930798707253793,9.24875411503579,9.038797217004342,8.797249724030305,7.866861292802186,6.575529371153346,1.6212200517145092,-0.9246842765342117,0.8336914967856682,4.569282427029141,3.8799823092147525,-1.5201386954712726,-1.4566487628175788,-1.9508547755931365,-1.7413977803157983,-0.4423971325550526,-0.5698512766681543,-0.02150578752947466,0.3080063001568237,-0.10037274568304612,-0.09789366118595094,0.8284356980750947,0.5372175573157391,0.9021684751111041,1.5728386934055687,2.2387073720447273,2.2335361237608513
8.736778832038253,9.112346475985738,9.47777530745887,8.79182579228233,9.56998000199315,9.850793422857489,9.881039311957284,9.736297583858189,8.703784231952884,8.844555675099482,8.772230762495854,8.085808403715351,7.188245468780583,5.65468722965493,0.0572977053761213,2.068934088595722,5.73676358236257,2.8211032567689083,0.5637440641954042,-2.6113292562981023,-1.9767303191688272,-2.6627942749770757,-0.7368558766610049,1.244365239147666,-0.09753106923971132,-0.6459662597161925,-1.1401425803253256,-1.2025773891194298,-0.5409660398183871,0.3836675557155816,0.8554519204797545,0.6766505343263353,1.4973656001229794,2.426606300474343
10.051965812806431,9.395892787662447,9.172173552129024,9.683243554254341,8.788806450271263,10.195409692974644,9.901075523161273,9.05358251113107,9.16143355292227,9.092920262725135,8.084581262720961,5.3007397052238385,6.58312495469267,2.679292426054356,-0.11524369286890172,6.702157720520919,4.530356862046985,1.1501912514716324,2.165918045834987,-0.4112858207062972,-0.8566352933128062,-1.6240679341519733,-1.7088833747456547,-1.18890994230454,-0.042936972071305354,-0.47394305132023756,-0.22404401408372132,-0.9243367835099936,-0.3024307357543525,0.1591800167407771,-0.34693569823542586,0.8546061045110784,1.3291404412544974,2.482295816244628
10.241630757426542,9.841763313409556,9.374341536593096,9.748583929600873,8.660825563209325,10.212075070418091,10.49572749885759,9.847926724598988,9.557235322387763,9.828315815241526,10.126113982921007,0.5409373825794574,1.6069696033633916,4.471506775123495,1.3681640810833509,2.3395581823186817,3.827197351853629,2.6740822903104595,1.1560055335119743,2.316398127145746,0.41466975322563177,0.5621596791526047,0.31055228280776026,-0.2807535900586963,-1.2254526322257393,-0.3417578282918339,0.0962229235678766,0.2504689922758237,-0.3482441901860381,-0.13553207802380918,0.6449222910311503,0.531408100241711,1.1516004918045628,7.7893273681424615
9.866900161394922,10.17529989988919,9.330105740538261,9.391620416238645,9.209033139442294,10.328251434380585,9.23133101323479,10.260843527703644,10.247151436140085,4.04632454065866,3.7401561365588054,1.0721014278898144,2.852373622716281,2.3342800181444012,3.652145174152572,2.926705472151244,6.883555423564959,5.503132170214037,0.8231073206448898,1.6140544170746438,2.103955153719085,1.8367249355352862,0.6911301060259031,-1.2449949206578363,-1.2818639958475861,-1.5240871319455733,-0.7970879604567359,-0.19512485925798564,0.08366159446335486,-0.435574676337993,0.33533481197549353,1.718945571109724,5.733588038708097,6.6137058546197816
9.877437147256579,9.59679541593941,9.099030464546333,8.62884874740802,9.680831552324424,9.420693322485155,10.031060653265195,7.525409419351046,3.630401357533947,4.0930064067958405,1.947060902789146,0.2741827967220104,4.3696998949692745,2.7228324532249832,-0.005573075812083334,3.5987833497658848,6.213141702307852,3.3055347389832743,2.2235037180726316,1.4148514703926516,2.346209163616333,1.317875021836342,1.4565350455756105,1.3111031729378706,0.20411898913541351,-0.210196517736492,0.02786885828160547,-0.5864660501085801,-0.4260385755820957,-0.7073136769759881,0.6866414708734131,4.275381418863513,4.89214946560553,5.465269817571134
9.291280069092034,8.637110400904236,8.741708655187354,8.785810228559187,9.121689703030953,9.047701591378194,8.002194662813778,5.688546985165185,7.293179774509783,-1.4660671422686562,7.1501125006713915,2.4579801983883076,2.4892842636231864,5.12071795462861,5.370848200429521,-0.048968706338742174,3.5407212574512856,3.611273852898514,3.43143997252137,1.951345464065897,1.4421102401157215,1.251776391366239,2.256307369055449,1.2739249568966833,1.5915280569657213,0.3773245247267524,-0.2602026514974493,-0.7769264221565094,-0.6213689893232632,-1.7165396293626942,1.2236644455956884,3.1507551464979358,4.560970057295966,5.050256836997545
8.20204858171583,8.819409724688105,8.468378825572115,8.247349150961472,8.3578575483358,3.978557082215089,3.693416563871037,-0.3692122189605945,-1.4991550724447043,4.529645205638634,2.262194988512163,7.049960026570944,4.692998649388861,3.3752078868693225,2.4966401041889985,1.262740466661126,2.8564338184871327,6.644170734724491,4.473741958488236,2.5502187007200137,1.8274740841634756,1.6056185300989962,1.1562482440264223,1.520444901670681,1.3443589791510735,-0.17175128731357628,-0.3168215978959956,-0.4296767863157004,-0.5027739159570779,-0.587634422264955,0.2809715705816589,2.2219967222527495,3.879156467119971,4.646846809645706
8.209987113531023,8.701671340773,7.858143540857923,7.247243644829096,5.280976918676265,2.5836033765806077,1.5403604677875733,2.130049940677016,2.1136712552318317,10.055570325817122,5.730001202903714,5.983105642032283,1.680633789518861,4.842761326523595,-2.130109700119004,5.281487722473592,4.432022240114952,3.6744613419813565,3.7269996572063357,1.619477675755836,2.3946016627489364,1.5700354861491472,1.987968930305339,1.9588117430847318,1.4369679290791204,0.43858307426362925,0.011702632162639118,-1.580522694504243,-1.412254484206493,-1.5029241467342662,-1.0050550815945059,1.1757957381744957,3.0687706717036276,3.791021126503421
8.347895694891578,8.208227693284197,6.936478779839618,7.387726257534852,5.629662672777117,5.949470533254902,8.168467895233507,0.40210099625555024,1.445102642823246,7.335703468205041,6.386509701564258,8.203924639414812,1.5109634890941794,-1.4960466839183622,3.030762587549407,1.106859242187601,2.8603564234462158,3.1752494532961304,4.362488976117415,2.6353051726092938,2.2160077486853984,3.357986748307618,2.4416334068614303,2.1633051387315954,1.4580134457299783,0.8187309713955878,0.14912704333028917,0.5479891880499884,-1.33351121102887,-1.4456191680685888,-1.820546358895057,-0.3478138189441819,2.0915117560586887,2.9157553700856607
7.87844962571023,7.264345191725166,7.394967201928389,7.212727418706822,5.067361624441889,2.9907394179934674,2.3929447572270512,8.216088825015676,5.051611899120935,5.478199610051591,4.174656165116916,6.436478271572395,5.172169326723528,2.68316112408499,1.3008459672096457,1.2219425731313611,0.44393439393794965,1.2889264807345207,2.0537312659766105,1.8508089451442307,1.8733599140392068,2.7089117453921516,2.592766376143695,2.3567951606050115,1.518186056228606,1.0937524750189989,0.22249047447932904,-0.08095345840117804,-1.1913006758073172,-3.320514119257444,-2.6892046621224046,-1.1692693325270112,0.341718125546705,2.134832293770219
7.27305655947301,7.130614767160883,6.795994270135208,7.0548547901988705,2.9218429287901064,2.280839150599627,4.6827943189725705,-0.37820194979674104,-0.9297815997031355,5.606498589701785,5.268555446749739,7.188894660350301,1.2519372773762796,1.9796276526462853,-0.3097349386243084,0.9174765631978162,3.656301511636936,1.0061583323312244,2.0250968246506593,1.5662471127483695,3.2385199271142686,2.725723817953597,1.7986848266208728,1.880144069490237,1.754112946391901,0.9859573484885865,1.067788114288676,0.816350759828238,-1.517525346081499,-3.7299661660164842,-2.794022371974438,-2.1777548526980266,-0.889808564410691,0.9126160641231778
6.946709265621205,7.193442428924621,7.12038332363705,6.018925658993001,2.013023837822967,2.760291090904505,8.436685148035291,4.042772302597932,-2.6942503082972347,3.70152018252723,9.13778813634503,6.708222112644464,2.1395969787952684,1.356879658189197,-0.4094918397596976,-0.6323504549717796,0.2986686861450819,0.3461463403812429,3.0188900120142566,2.0274846167955314,2.773843801363659,4.032009540606765,2.3647914020584775,2.6007483901550676,1.512352889257793,0.9799236523267935,0.8242496512876754,0.7404681054618529,-1.6287538359174507,-4.74700713452261,-3.995315057989045,-2.6061019772380205,-1.2520420087461037,-0.6905236870837245
6.587859789433695,6.62386409176352,6.171953586936861,5.336206871740944,2.7172129042887487,3.2233881462736913,5.47650349486893,0.1079553422293522,9.325710241533791,12.600814805992286,3.9139853954917463,1.009450712179317,0.284225009649944,3.5278782432058375,0.9629456893705264,1.667247314070968,1.6175245268550602,1.9161561120219144,1.040715866876205,1.6209635729875902,1.954031159223057,2.2341479897593106,2.688548549626079,2.4819088466191945,1.5247214560102793,0.9116270790147813,1.1327323642937652,1.017180675870967,0.517171215497913,-5.817896745594549,-4.962712803643944,-3.5990582526657042,-2.2328372931431586,-0.9146093898866513
5.542652446748115,6.289566889547284,5.502340192641261,5.775100891602199,3.2504264544624677,1.572439808154556,7.938576295593656,3.143057617117703,4.059406872534673,9.650006679600404,6.155204549662354,2.764375796555491,3.188327876732583,0.9936349445031971,0.7171992418047722,2.0923845205663967,1.0719349001215623,0.5372902464189178,0.9234185774495912,1.8870282869149952,1.8620625503698633,2.747298349325388,2.4209788531605665,2.263249621936643,2.0024694395366285,1.664869972305839,1.1046527245947337,0.326221781391049,1.1151209733309886,0.9803315872639806,-2.638028251492828,-4.302374550572515,-3.3131584327727843,-1.1290646389386578
5.228047382073821,5.443906630135344,6.382352919612464,6.320574348621267,2.4772632206348417,3.120761216311233,-0.6152165688271357,8.447586879603065,9.30194293871903,8.537096872165682,7.370217706670004,7.108769708489078,0.28302111630325705,4.896750978882598,0.3286274918669751,2.4374627620900946,2.144541790798549,1.5450396882066044,1.2897793773834498,1.6165289948373232,1.7981810643888756,2.2259612799740522,2.7428311709072783,2.376388360988471,2.4813033970714873,1.7029482301685746,1.728838080689219,-0.211128524376219,-0.26183253416976615,2.700640412702306,0.6371272045402608,-0.4377458447404784,-2.2747263568453246,-0.4068400585752409
5.968139133356921,5.734928075888085,5.915865081005252,6.370783687699998,5.316271599537531,1.7051674624086974,0.4928693126283662,1.4802726928854013,6.867799023404277,5.458218849183552,5.347225997790747,5.99385329805666,3.1694029403792,0.9913708402058653,2.0449437869753093,1.2887638501725458,2.7514658905402642,0.760341548175249,2.0770707057922415,2.462896865047217,2.121350791615881,2.2885398422950263,2.181026289411244,2.400295904786678,1.8977609311204962,2.3791029327914086,2.1983500721400735,1.451782217296771,-0.5964457760896434,1.3936145316566746,1.6844231050950353,1.2955703324602832,-2.6201020726677946,0.7054243358596725
5.695463427614905,5.686013194102846,4.4219472274698965,5.5288875359862,5.311549228447984,4.109864675715349,1.6044534700135085,1.1291557322803514,5.447705888278147,2.0470855292999373,2.450324076111505,4.48646716745532,1.0418907327217886,2.4464373221677125,3.626646787764796,2.3407466136074913,1.8520626846909851,1.8156533981021024,2.198848627843046,2.579931369213058,2.531542336984107,2.5754703702313635,2.6752651630307813,2.5547720731410615,1.9191180613234877,2.448472851817158,2.186417893604767,2.768169723527331,3.459834282433049,3.5899909332401623,1.6174901855298855,2.044840854560874,-0.3406245140556106,0.5568433936076919
6.672462669367417,4.774421775893395,4.010234367547877,5.559543803484701,4.818641098433724,1.4981260754850654,1.0053789555477595,2.330852598806859,7.915655668708125,5.9919351074546485,1.687111339900219,2.329972503411733,2.142312475500776,2.056711607400737,2.635273015763874,6.163128652702929,1.811295844065106,2.440362328400403,2.6987831975426784,4.376444758304129,2.8960132088798165,2.786069682924556,3.000916960312401,2.230637317769904,3.238136915674381,3.2015671214450605,4.166716148099974,4.794741522354173,3.0202099009779784,3.7047516596475156,2.3043356594097486,0.9040210680785487,-0.03394268800684083,1.666457361494898
5.818241521086882,4.29938297685493,4.577346264610091,5.87012271797081,4.278163170276619,2.516246012197932,1.343159995544596,3.0663724522519837,6.028528178059794,-0.23905305351811237,0.4832989595185252,1.1483161861931437,0.9859718571279203,1.2453550438738967,2.2020742662963966,4.655602580188643,4.174433579169177,3.3702114109764354,3.4739867754072606,3.332018518429794,3.346374978694072,6.353886151540369,5.81027532516433,3.02792371821841,5.572056297149346,4.176901002245959,8.018064309138419,3.3231343901466865,2.076821456999911,3.057299508513648,2.726085501273463,-0.503633540090558,1.7403475899776613,1.9979955319521578
4.605979050008484,6.081568822340958,4.5954022452885415,6.105463820028253,5.5322020556228475,4.855974683429884,0.08757281073779269,4.323157080977693,5.911831576738154,-0.2896270671242462,1.415066379369371,-0.026113572251865516,1.8408471233100114,1.9098055512765477,3.356737144562518,8.634417409796175,8.163689291653935,3.162734176827972,3.5085682157094964,3.584530530870593,8.187661112225458,8.506497379277475,5.004573933189506,3.7499834227264026,3.6691043573687008,3.399611146912896,3.9007657505223143,3.32277521035998,2.7262134847732344,3.451839402017464,2.5985035674615147,4.958142970169026,3.364979777540445,3.706733081794099
