script/wind10m.json
{"header": {"parameterCategory": 2, "parameterNumber": 3, "lo1": 3.000054539987559, "la1": 64.9999836372058, "dx": 0.5, "dy": 0.25, "nx": 34, "ny": 52, "refTime": "2025-04-11T20:00:00.000Z"}, "data":
[rows 0 to 23 of 52, columns 0 to 33 of 34]
-3.7839533838354003,-4.502144451629849,-4.726417314031334,-4.959505300998973,-4.941177204152127,-5.521514408466866,-5.764224344790491,-5.551256676750396,-5.458285112081431,-4.637933846091034,-2.480800847721082,-1.5194340439070697,-1.2881598452761323,-0.2496832510464317,1.1966339011428235,4.546137365448501,5.2878399794294735,6.576071479688217,3.0359467926760813,7.946604802144805,1.2948416091194777,2.310686827481125,0.06173439088369975,4.721789516136238,0.9837329668355194,0.11524478046711699,2.0273262724858347,2.1419414145690254,1.5857101004967373,1.1255626281995237,1.2047135096253732,1.497380717065396,1.9870888235372959,1.5477648561099335
-4.237440911792707,-4.733557347201948,-4.735983791538971,-4.236989070427093,-4.962723508901735,-5.5280653053666615,-5.4689112887439455,-5.461935123901438,-4.4979079722298065,-3.311881026285911,-1.9027381663496117,-0.9700815358907147,-0.5077344038613694,-0.2991693319162484,1.9275404926945559,4.880482685870343,6.23510722691857,4.427158061018928,3.937333571862886,5.445602082054364,1.5751560721892026,2.4307486593971412,1.3448639262681585,1.7634547023447955,-0.3446181113999608,0.6522411075353636,1.7131879991573202,2.240227321970121,2.1966580777840776,1.7333375394500194,1.52149811395596,1.6835172303265293,1.7845753490206508,2.1336505967898187
-4.259828783750074,-4.379033321639521,-4.345191785384555,-4.290239385848732,-4.964201797602982,-5.498190026436167,-5.385489993158372,-5.036257771522733,-3.966560474552084,-2.750483911656666,-1.2889904612211378,-0.8688540153450299,-0.49829144647909684,-0.12107020704306612,3.360442850243526,5.564589360984136,2.500792638174886,2.380156458397006,-0.5415748709545432,2.2520202862228933,1.104326441838006,2.828282796405202,0.36804233962700766,3.827109831066946,2.4217953422968286,1.4963903255584405,1.5016524331677403,2.1729358410881403,2.2576023310918467,2.4384011775031884,2.280969180313822,2.2523464665170074,1.9986715842813727,2.4810072243459795
-4.315341635458133,-3.80183625811768,-3.274737140957412,-3.27494474186192,-3.832094383045792,-3.7647883844228636,-4.661532196577676,-4.370321892524868,-3.798701478513862,-3.2300328505939784,-0.589508439320752,-0.24802571082225508,-0.19062158935225748,0.8031114191445717,4.46774354563195,3.0648535351303807,0.5141789791727182,2.72189585543603,4.4787546782210494,-0.40395815639850463,5.031810980372267,2.5054884564494464,3.193833326212171,1.5186298671120806,0.8857282075085474,1.2245820196118313,1.391449173928249,1.5302009759315653,1.8646525448043814,2.0148872371196047,1.6829032331515978,2.0854126122185597,2.0598986530633043,1.8549503593027632
-3.410832756318455,-2.9675455228081087,-2.8426587786596955,-2.940488355417925,-2.973002712944033,-3.6490594975124955,-3.969600639899195,-3.9578415589784868,-3.162570103766377,-2.7362254290796115,0.11202011678441208,0.22704122782916236,0.3502804479723475,1.2899594481956957,3.028791175893305,1.5569868442679287,1.0479693332330913,3.4446044837845182,2.433902074551031,2.3811955317929896,3.674315524273651,2.4048268006345515,0.22465655449949043,2.884081540990065,2.1245987751065383,1.8277108267859055,1.687372895314093,1.5492258244114143,2.2336791648263774,1.8746800330586704,1.7505789285048003,2.562194073101449,2.262308585244628,1.875041829792245
-2.8849243080311977,-2.2410380308039595,-1.8679245467913195,-2.165301691509066,-3.3883609405903288,-3.488820122460923,-3.1857276990961996,-2.6743998575873134,-1.9067281251940476,-0.8999324491958753,0.6372123396520748,1.4663778120246778,0.5895969301165742,2.76349626328089,1.196063676316401,0.8302274519490085,2.7516928278419854,3.7535259186699803,1.9480667940599126,0.727464249481432,0.6890125091832807,0.37804852803571287,2.2732843307294313,1.5962186790131914,0.775418741555755,1.578406811660025,1.1256137076647863,1.568595122700097,1.7964161582636955,2.0970645336802236,2.866674407768081,2.104632384019879,1.872118466159382,1.997227973820936
-1.3152322030411876,-1.2831773418133376,-2.2686805793380853,-3.858316148549127,-3.668332895114561,-3.3110775885959067,-2.4843167341723507,-1.3697354011640577,-0.723973759393063,-0.0325827542872313,0.9385801351225641,0.9170284946310266,1.5980663414149954,0.6917000090151749,0.5601535733839633,2.98082581198634,1.4721156655482848,2.708934223725063,1.134759313631201,0.34193036385112013,0.05686248823516392,1.1281394791079935,0.5196266988880014,1.7185387986109169,1.9507005736886538,1.7727419255442065,2.336396846978649,1.490267377991992,1.6603613102257497,2.5100810918603416,2.502153295274244,2.850087709582161,2.2546375338291402,5.961350838988417
-0.918322386730627,-2.579705723184884,-3.6285283752809416,-3.4677179313474435,-2.929618486952673,-2.132855061656071,-1.1701894854793422,-0.14931920606187132,0.720161037552453,1.1742877487438657,4.287261109508595,-0.42975349108874894,1.0172860668900403,-0.5603520948998755,0.29688903189201915,1.888571419499249,1.8927210586375844,2.4608201264277896,1.003437506741363,0.2985302353783438,-0.13613103444318977,0.7535108972418197,1.3427601618402643,2.2630166398010716,1.5200939779765026,0.8479960487856941,1.4896180381409752,2.925880528403757,1.39743800063638,1.2705483266910893,2.818923216118436,2.7093204444091556,3.869568418359012,8.792002517707825
-2.2303931305750164,-4.028664727133537,-4.001659961856445,-3.29799140553251,-1.9385246067850204,-0.5945956824872678,0.13530192479212189,0.7576569485972676,1.5627379464573483,1.5531858793993105,0.39600872774835144,0.32327347766812664,0.9029727209847958,-0.806758167727288,0.468978019216756,-0.38464727057236914,0.8747825704899096,1.8957481950302812,2.234989662067476,1.106944361088824,1.0537119204417822,2.273808887968263,2.2291349810454695,1.680607819286843,1.9048409301312408,1.9022572991970392,1.7779851448494237,1.500996398108355,1.966492879433715,2.2406203362587855,2.263374673009347,4.710260509010774,9.585960295886908,9.26974566153949
-2.735464090533038,-3.3155535779490486,-3.016218243905611,-2.1393448424087786,-0.8910211646912692,0.02548884249004809,0.8160711709187213,1.3456804454274152,-0.495453726497108,2.1805560109745112,1.002790920328542,1.8008398306169675,-0.5884962400295248,0.9671966781693008,2.036635734706551,0.6830453485134058,0.8506535104981938,-0.23284616507845307,0.4993166455452946,0.2855771114398918,3.4500670194956893,1.178958956844668,1.8608849915698737,2.5803203517388122,1.7500658659966986,1.9674919464499867,3.2284162142640573,1.6754406750101312,2.320452396103025,1.2723620338341517,4.1696272614416605,9.770092156561521,9.547632562762608,9.38426558365547
-2.4863760594346354,-4.092280806275438,-2.467861392283216,-0.8282216444556725,0.21596175588232178,0.6717467652042898,3.1016890696610186,0.8096460495207832,1.2803740139947684,0.1371206212531418,-1.80779431883257,-0.8500665067296441,1.5237301284840823,-4.5705452777430615,-2.989013057366388,-2.5600917212476477,1.8335380067721696,0.2407471116660598,-1.2755261655885306,1.3051611061254058,1.4817479276392012,1.1754676493198164,1.859741061230551,0.08766339381118844,2.1998208887225736,0.45535346540343746,-1.2541510965561495,2.0587718639925137,1.3335825250685915,3.038060038844338,9.626647690839741,9.895967453601283,9.755810171126088,9.441847525902208
-3.798081562868327,-3.263521811295645,-2.0708678006560204,-0.9664746637093085,-0.4845483976636443,0.5950446133250766,0.41632847893300906,-1.2604420212345588,3.8840405230457655,1.5143718339151733,-0.30895582288364387,-0.36247262178445716,-2.2808560639282587,5.47204223026955,0.18558247382275114,1.013519354779409,1.3980105632344972,1.0068136379966406,4.17543560179052,2.095483939966307,2.604723011012209,-0.13401938761350488,0.9087405615167767,2.554074703897988,1.8754113743701393,0.9214454218256335,2.3488741341167847,1.9741826763506019,2.389500117388647,4.3514873419876405,10.466994892107685,10.072565694724936,9.69382769587313,9.18333075039469
-3.586996472753347,-2.531125454690741,-2.149457973974781,-1.0483207660553675,-0.038250434782836615,-0.64507165574769,-0.6066285144121777,0.5271821168291401,1.358781024972444,0.19676197156192263,-2.921690650877161,-1.163524789599634,-2.529506097578164,1.9806355857315197,-0.27686216654101403,1.5431848287170538,3.4502133168168885,2.5429320790361416,0.6923470696843675,-0.3896212210484915,1.4815292395216038,1.484937820863868,1.3239819360142868,1.7870572922658245,1.790670493329501,1.2189576133166873,1.168667767633314,1.6794425551146515,2.029794482974225,8.442256702468384,10.28741771874219,10.25408463550075,9.621896155239389,8.574195075648323
-3.9905292707750455,-3.7682238691351,-2.8037180913101203,-2.5862300157505103,0.9158521696844834,-0.5099255129146409,2.5421186670197025,0.39284005450288817,-0.4261082679889749,3.089395847062001,3.962020030523785,3.755989534665985,0.6766825841796335,0.3900469329031586,2.6775366860478766,-0.20922502949788488,1.5566887253398962,1.3568901016540402,2.015218816399329,1.2029077983479335,-0.5402539399132127,2.412485586108254,0.791684470147515,1.952671679070788,1.5404370826146006,2.4910288332131447,1.5172062666028165,0.16216514596481707,2.5804657739220134,7.184154254437094,10.515354848236383,10.24372451516656,9.317162481650264,8.403234550595993
-5.083864863869724,-4.439776844724807,-3.411188706405977,-3.59630357033301,-4.092518617817273,-0.33234057622990143,0.8328310843331507,0.43164598076469396,-1.8690513333699952,2.26020860786766,1.4247356987198478,-6.493190846033025,-1.7808729932181258,2.4787654840921323,0.20880152799271706,1.09125295859691,0.9727929775165041,1.6260671229829344,1.6367238939616058,-0.27521780362792037,0.6380971396066991,0.8146061197968151,1.007931376245291,1.36305834877079,1.483624088939472,1.6005624488256283,0.6924805198771863,2.1752950446967434,1.77601886119093,10.083749590879503,10.367486255841108,10.141371066742606,9.140274584449664,8.102448625693336
-5.230523593299467,-5.454060435507871,-3.311182103826736,-3.5329202770648185,-3.0676544469676106,0.17574232955073507,-0.7133626182193079,0.3495865775608571,-0.9402736192225173,0.7658530048734548,-2.3284689443752464,-3.3128498492382508,0.3874066742657209,1.9834285254423596,-0.368208039443953,1.7917395798221296,0.48612820886629343,-0.2302777997226713,0.5516389665276743,0.03457344651831519,0.07597142073701328,1.6009097317883305,0.10863702994366241,1.0749631185933142,0.9748052799474571,1.334512719606126,2.524034676747482,0.36281290258071053,1.6346222070943484,10.100029469521173,10.74291135565495,10.219828071248367,9.202945462291238,7.80413255183102
-5.343057108379177,-3.6985094051025684,-3.214958537140222,-3.3612143629830893,-0.6250157008584006,1.9698964361955853,1.404796526545353,2.567828631367845,0.5746433709275595,0.6494124258414781,-3.5315893939932343,-2.357139452875027,1.0423740909188017,-0.08228751507265493,-0.5090887560999992,-0.5342248702228244,0.4232647798977067,0.968978362984822,0.9341321953780665,0.27300813307992694,-0.4921382057773706,0.15361710750913957,-0.24654340403320463,-0.3239948734924033,0.5113215720135632,-0.09144969775953543,1.7472440638737068,0.7984504312784128,1.151525263226468,9.168341262131305,10.313120535019943,9.910711310082887,8.9932362565937,7.882874875076459
-4.760491572815317,-3.448488630040317,-2.571667911775591,-3.4629782686298576,-0.029768561831459407,0.22586833416207688,1.5780607100497877,1.9921345484607018,1.9039812505659257,-1.9200836022476964,-1.6916684643477042,-1.9718650099285306,1.3225627486664178,0.9554779621781819,1.515590998489826,0.9035826684354646,1.3621590610491305,1.541955137595486,-0.17823044526399745,-0.31039815657987246,-0.1169237367123548,-0.19483608891318088,-0.07441545248885342,2.598430932408796,1.625477045485366,-0.13272434688966023,0.9382923549253501,0.5913655537909096,2.147242135533585,6.750149536979521,10.089102645133663,9.938093207078811,8.400554716755847,7.749840590042339
-3.0649517173872214,-2.718239344147995,-0.3976323629049054,0.2278396412702712,-0.07049467320129113,0.802028866460863,2.073208394662933,0.6474584859807242,-2.823812395574863,-2.7079664418045817,1.7169711095875415,-0.2697774095593497,0.3571409794934666,1.6544298397156247,-0.31826760985993524,1.7647526585531996,-0.8255804062151971,-0.6436893114494978,-0.9804553941543607,-1.3796498226931906,-1.3055982413057208,1.8857027608079946,1.2886386056681443,1.8458804274699039,3.08893613923263,1.6222371115911571,2.3870379318834765,1.7989745307613139,1.4078029004448782,2.687981215165094,3.664091908241246,8.702044206969815,9.361828375335808,7.279350900916228
-2.1168670927601507,-1.8447136057277917,-0.4522661036411148,0.05615255377494012,-0.14839548288389062,0.3747180451973002,0.8196776775758609,-0.023614666244384432,-0.8691267799717987,-0.9504364399013981,0.2765228593337281,-1.4784358930097237,-0.9941882311509829,-1.3604464503246507,-0.30232805172107763,1.677046312791062,-0.9019335179606601,-0.42739246147237314,0.7737023781739731,-0.9519195574956637,-0.019079675145333642,0.9387241026317802,1.8982806353167565,2.7112606853755743,0.9311152204328476,1.0226648716499895,2.4534280009805935,1.9702410707069897,3.1318368561301044,2.6663445433630897,2.940751730513399,3.062821737402088,8.591885881225712,3.4290668083386664
-2.3938885893223203,-1.8829418911344342,-1.22873287153765,-0.7064667046786517,-0.8052714139333643,0.3793312720101189,0.742252848511516,-0.776166001914784,5.154040407304044,1.015819834484586,0.3258994964628274,-1.1543665852066827,0.1823303641989719,0.5025945138261706,2.3712529838188354,-0.429251548066551,1.2462464114807446,0.5254726097602601,-0.8637524168888974,-0.1833334492212672,-0.0007711812358731922,1.489474091247724,1.1649216358362062,1.757497020053467,3.383284089432588,3.413758853838707,2.1732664728964433,3.382892089120524,3.522298400631481,5.277170405386584,3.7670966689039718,2.584681207522163,6.366745559532254,7.375012469568939
-1.777176249006088,-1.9700978883171376,-1.5906693213110326,-1.4490795624405572,-1.5446657896665532,1.0050506129642613,-0.7040666429787003,-1.117380048382321,2.140492778122249,0.5194299471531516,-2.8814094991462484,-4.139683491475364,0.7676092224417159,0.796514790471316,-1.2383763626203548,2.2059252784009193,-0.34496635081440125,1.0093386057062244,0.17927511467659973,-0.25653812250280716,0.40987437640137264,1.7290678592823967,1.7036255661503061,0.8762124808099627,1.4942141577799533,2.14463437360125,2.97537033437109,4.325814213209076,4.700665580358137,5.22719967412066,3.63513371890421,3.1682460300154554,2.794188585946932,6.90568824758524
-2.201726818408691,-2.198536103480885,-2.1426680663930866,-1.5973534839083876,-1.254236702078684,-0.3200397897133607,-0.3466746836507379,1.0958828720305973,3.699027834869187,1.5248952447073154,-1.0535565954528734,-3.178417356671618,-1.8083552826091231,0.4984106456149407,-1.271545663204565,2.0643095800328393,0.6306164282667046,0.3029950996247684,0.6609613060598997,0.31600057963231953,0.5677336234959534,1.946274552684123,1.803549165828551,1.7255342736437171,1.9779001257985955,3.15356804034225,3.415533945486723,5.63650020227648,4.122042752217793,4.799358763813606,3.96931738838198,3.6726031757663193,6.709375286182137,6.130650162927031
-1.6886001987160417,-1.5264231580232266,-0.8119167219656344,-1.2175040103360433,-0.799024005181162,-0.9455539600846523,0.4226967411969494,1.2380710647475988,0.7132466498720575,-3.5508391769764662,0.43306780178007714,0.25980855614704784,-1.3481548769796998,-0.2025366647307607,0.30487558796482017,1.3790449367528461,0.9893241057836523,0.9731263416054531,0.19929580377404016,0.14987786552496757,1.5051501321386755,2.927199012902301,3.8459299321896925,2.2601676639885144,1.9430587086364008,3.0622157466475146,6.0923339782080195,4.053900126326946,2.9481540751191426,4.288844542518301,3.988516859897344,2.7229184027931455,6.258606134018346,5.675482882678771
