script/wind50m.json
{"header": {"parameterCategory": 2, "parameterNumber": 3, "lo1": 3.000054539987559, "la1": 64.9999836372058, "dx": 0.5, "dy": 0.25, "nx": 34, "ny": 52, "refTime": "2025-12-04T16:00:00.000Z"}, "data":
[rows 25 to 49 of 52, columns 0 to 33 of 34]
7.195427793161463,7.710588686804077,8.959781059873748,7.916049334651688,5.132151147355312,3.5212575813023763,4.024982224531775,0.6123661480781332,1.0143829374586861,-0.7297784613224932,-2.4587191904391474,-3.1494022108086903,-4.11353582181164,0.15278579442954576,6.625153871570084,5.28708046478035,3.930058533307498,1.3669887518612662,1.0785171284022776,2.4925967741287947,3.220734815681637,3.317373420009431,2.22087486410545,2.9327765235068566,2.5216466282591465,2.1838732913281302,2.966932749381582,2.9949345572319817,3.922462105579245,4.909467561101155,6.397146339939285,8.805017483966322,7.03072179346147,6.201348621722609
6.768916282947368,7.918416945629071,8.09981812849626,7.010135045210522,6.2255404643673575,5.623696304759644,0.42420875857465795,-0.22363037623000223,-0.38576218873719614,-1.605176264631497,-2.3624421086556717,-2.0809036878278526,-3.6683580616204887,3.3333834597093324,8.200508649971969,8.351008085377977,4.228160273836295,1.2555760903503248,0.7483962309364608,1.517372008255536,1.8417048096787394,1.2186037637278193,3.2888437914670345,5.0333999387617805,3.5013815841739953,2.9964901025830595,3.3883912762265176,4.287963017201938,5.296085103516941,5.431604577654861,8.677985157185462,9.043078204783635,7.119243819304782,6.387076714026952
7.724543683454011,7.319257110706584,6.03485856255446,6.2001415619182465,5.556392767390197,2.821690280451737,3.8277705021546504,-0.9985502754107038,0.4200545171941772,-1.4031077891187955,-1.969308804835326,0.5455922231417011,2.706773293702252,6.458307945482305,7.2292970796988065,8.947286313394754,6.6153087977670255,1.9163973519055164,1.6496641176605178,1.8454102056688377,3.475175416877834,2.372535177291689,3.321870077536029,4.322668537807908,3.2932548149359304,3.392648793362725,3.6648268451490393,3.185328916385062,5.7176119820458755,8.373049017583348,9.03386534380692,7.374170250806675,5.73141166740957,4.854256324599188
7.88923464693554,7.0018133059520045,6.31817408676111,5.278578498604077,5.708702526852392,7.755492555020819,5.164091874478143,4.34406207384912,2.1200281420355163,1.979459612619008,2.5025322208432805,3.26448013629381,4.322880531168625,5.764063712939899,7.153882209229755,8.502376945508392,6.892603473970315,2.1363855702716106,1.7143706692208254,2.5330390849545794,2.847560123157988,3.2705773580863124,3.004496134737398,3.0155464364543385,2.358717099237924,3.1621524781549626,2.912745805760276,3.1553812221854063,5.842243238121508,8.224797865447451,7.221828107513038,5.895745737608559,4.473209230615342,5.5722243239764735
7.654548751357117,7.7220063273003445,6.889607767005032,5.358598113772638,4.860029563704361,5.143287895495942,5.909447971026509,5.08818839707215,4.514913705697784,3.6777594120930015,3.312700861167425,4.907893135471318,4.493890946468578,5.481184781008208,5.900503306770597,6.6374626353813735,8.205412960964532,4.210064017466037,1.8901763617177785,2.007545411653511,3.1617957865925415,3.4014331433840796,2.9485265333419695,3.113498398608681,4.41264911834761,3.5740817589722913,2.453422531501457,3.1331330928985666,5.7785543526371175,7.93799980978052,6.173249140742142,4.405280612562416,6.99658781659996,7.0452921417050876
7.322330015874047,7.4212007029800935,6.834869300173273,6.342180972976553,5.510634862683223,4.8337290603488485,6.829426719656754,6.518271178488255,5.487663407705873,4.844610586185767,4.492764505831662,5.335346596562468,4.696165525559907,4.623597550643352,3.2832342290372947,6.811332326017024,8.19026248170033,6.047300209757849,2.069746714771355,2.1903381508294877,2.365381325690586,2.2802013311493194,2.4118363694855387,2.963903646542001,2.868261212069261,2.663109766643246,2.4656551361883388,2.970718549008295,5.794910627037528,8.055704871563234,5.921402784602773,3.1996430738448622,7.2712462908196684,6.396429205328459
7.425061361449217,7.021691009106725,7.345670888141496,6.251007245801015,5.4851102929433155,4.243788504705532,3.881143023341346,7.727354974849093,6.376299004572247,6.019390853458427,4.846385518151412,5.15447958203044,4.698785482858491,2.4105531447596538,3.486768377202547,5.551169381549767,5.126265493053117,8.326994319145816,5.052955626669939,2.8494271151003816,2.405439358390498,2.1688833319254166,2.523747041700364,2.139781296563911,1.8225030776420075,3.183046777133623,2.216186221199317,4.333131315627135,4.614416319371568,7.26306370216335,7.641704525720859,4.991574388957413,5.844434741740146,6.146167274424234
7.6202273484180285,6.603752869250159,6.79602439183952,5.523929991325294,5.411822808769811,4.858501805523303,5.407035262337593,7.779946103874989,7.547099925101341,6.525768979355163,4.020289250402893,2.6520412975567584,3.9929988689950453,2.992185294019993,3.995893487061933,7.003086552119868,7.235896230228116,7.890211614154397,7.36588488502196,3.029990680149415,2.835133187992228,2.814557487441838,3.1641465816451144,2.556807444575011,2.602067232576732,2.524517372533189,3.115606618704866,4.222797810588674,5.619878716023536,6.9244650117447835,7.262782394219163,6.646421866673849,5.684152036858254,5.319164420302121
7.634435598684093,7.627851557209428,6.533810406448806,6.185516503088105,5.608708330808873,5.576849193543591,5.835631034421937,6.985044152783214,6.048507922337281,5.34841136193761,3.8309710344530403,3.5741955736304205,2.9151837273069545,3.1780493500309417,3.161986396169388,5.672689402285564,8.567010986425819,6.188079571755637,7.611420526032669,5.683212894313842,2.91487000682786,3.414772184714768,3.1040066182075807,2.9586911526436346,2.3254081251612333,2.3926690517143867,1.6718337167406594,1.6136745023487697,4.95207799031997,4.838009381783912,5.3583047084486255,5.892036485179937,6.270685151572431,5.7132401855329835
7.614669927455447,7.510086187072344,7.263362747450352,6.969200179706563,6.057614084272955,5.407091148147135,6.358812759973676,5.788277053499413,4.824239933701096,4.7308165079585125,3.0136706771629065,3.02620026047506,2.5377725345189877,2.3625348217719204,4.414065678693951,4.501871891832692,8.270509027162017,6.4652469210074255,7.760894544835978,5.271703223929286,2.8541700457095436,2.649069799451964,2.4823922092405213,2.252699405048644,1.9394356547159746,1.4518378972832842,2.0183988638159733,2.693879955639739,3.16072985282304,4.134568341605328,5.43154801667905,5.958705352748711,5.942359138577812,6.167668701483793
8.577851924499457,7.9924011984964265,7.4054125245920615,6.799751427100546,5.893285399795607,5.25668658711385,4.838621709921237,6.920234158594579,4.916764786141377,4.6294233283140445,3.0185955238500064,2.1913566256703616,1.4647397462629848,1.9541168477113229,3.97693170158734,5.770978902643955,7.705762489595191,6.970116495013347,6.509555213640666,3.7407573834698926,1.8781043512574158,1.813610099553915,1.8507736836468665,1.4878162827895214,1.322181821389113,1.3503439830008344,2.779847124811828,3.016197719924204,3.553001932311632,5.014152585383897,4.318915986196019,6.617649557214152,6.286842144508875,5.785941693142708
8.721120343395802,8.031440390464764,7.797373646947153,6.932888984818968,6.492694607512841,5.755548289863319,4.54735703452594,5.8931819757822606,6.034843752530489,4.510665420613082,2.9432560211276426,2.6626330681716555,1.2701516232132475,2.845973155880907,4.693222043575122,6.50062692539027,6.3541589621728845,6.840977401844701,3.1310427742410263,3.101702525746688,2.0360783638157485,1.0186307582878984,1.4855983881660513,2.549787980705338,2.6885755621445466,3.2061328312823423,2.5209702950628943,4.078300589689403,4.574969162449537,5.308612549219767,6.490641986604044,7.942477498796978,7.013686908610425,5.603271368724621
8.500062444426533,8.587787349705332,8.317016906510812,7.11661377033353,6.556577692511726,6.408616335211945,7.118302167177585,6.19686681339044,5.855037014456714,4.227255373225952,2.475262275069551,2.3614429085029145,2.162091021023451,3.601717817586419,5.784315448564544,7.08432709720831,4.748085904455489,2.6968580957369293,3.3018031395152048,2.254067523618496,1.6566303529706812,2.202725712431216,0.9267861629305152,1.949564184165477,2.8665395584201696,2.968188913440303,2.843240551505318,4.858407782291218,6.139363899427654,6.191438972212848,6.631721636870769,8.071889989439587,6.733263165560874,5.541214976229892
8.486971742465757,8.341240755162389,7.875887737240852,7.607036217199174,7.180643677380134,6.947770403979262,5.939102797400318,6.803482633393257,4.959849760956914,5.064038309907566,3.475834632126413,1.8455287684712212,2.520360014581804,3.7900561510101993,4.090035479439806,4.263404786843891,4.073827931644771,2.5749065230893686,2.272576506872919,3.013160119761659,2.831126592125004,1.7942770519327194,1.3189809458987312,1.7136708542373809,2.9393028265986807,2.2943720012507662,3.138249694475274,4.413824687673405,6.101873202862994,5.886758462351886,5.524836013887002,7.664211782045574,5.9922769387786055,6.2394579668178904
8.592039266957176,8.664727862158369,7.634349829837287,7.255476520140342,7.20858139203244,7.526799256533228,8.304237605069076,7.4859859601905026,5.932125142575527,5.459409232860634,5.07469334590468,5.090708268776245,3.246995432513413,3.689356061846519,3.711746780244101,2.9800733065748686,3.9077160911003515,1.7423185866065818,2.811624664837827,3.430422009690856,3.1709905211750633,3.601948035087813,3.1934450105079732,2.563741903473434,2.218709143402052,2.997343761121138,3.443324864951804,4.4284033452760445,4.813161152184706,5.27049507569701,4.936092672139269,6.527606098344717,5.610306311355293,5.796895030084994
9.77823419303637,8.886447804171736,8.384851126176356,7.790692484302897,7.592761184116204,7.0163030094831,7.638464914036002,7.299769317082212,6.038269834047402,5.462335150858557,5.371641243793098,4.654629480826488,2.7293079194782495,2.8438344414310617,3.7776824239312696,3.314945094760518,3.399562865646549,3.9194684117685794,3.1615638482220376,3.4489440805711644,2.5635714668763327,4.075549423166588,3.553381973436998,2.681772894876492,1.5213419526647978,2.8920340989306665,4.466622213811114,4.487574751510551,4.029227486753543,4.403847704590071,4.4799066879674285,5.538175069998335,4.824967861760368,6.119443507756686
9.011627649813455,9.190960788302025,8.904390404968568,8.604520952611912,8.693982574559675,8.585804634555112,8.975711050094876,7.711154988975264,7.29527359118594,5.854176287541751,5.455966862804486,3.5602612322380476,2.3942523248688063,2.1219361107748895,3.761412608739743,4.168782863527781,3.612357919454016,2.260963164602913,3.3793098200310316,4.465883709334912,4.448610002903947,4.91022189744883,4.42530280562133,2.9922380790928402,2.6623304330757054,3.1123091679023327,4.447431184398728,3.6054639152419554,2.2551753451003083,2.344634371849957,2.3412544804451563,6.516373935662354,4.632388978511849,6.109247192015267
8.32564097159278,8.694985905079573,8.964224316393095,8.748457497881706,8.498274688049507,8.062735460634032,8.283815608078305,7.964477848392095,6.627263147567306,5.85983924528272,5.451216091856268,3.763859585705766,2.309965153171936,2.6643466659912773,3.5778645265620588,4.26645545950449,3.4722449076226587,4.298618219057988,4.4112445456135285,4.377553246454324,4.72832616073777,3.689500001258135,5.069811041577407,3.9963284888078485,3.4547618346930715,3.3734036942520675,3.3717741064468254,1.5203104575244406,1.316480665113289,1.999012427125966,2.564141706916008,3.988568876021806,5.501447875997364,5.172554067548169
7.993885281904083,8.692915197503886,9.390714818600516,9.524426480956187,8.470313346750721,7.2420855146218175,6.071657051252244,6.308977045861496,5.559074131950301,6.460707505047087,5.13167841415901,4.168990361844479,2.985828068069706,2.950045830906413,3.422356098872912,3.805529710718632,3.8331361609417236,3.5620157121069576,4.186518774567338,3.0831100438522743,3.058086559826346,4.237417442575583,5.43416150030141,4.439227503008486,3.9610201210953835,2.9527675545568375,1.5466472509169842,2.2024823574937087,2.1563906821470304,2.0929521114358374,2.2865688686673202,2.8591419141467873,3.412875598214726,3.249372087331183
9.067252867820693,8.852929649913273,9.998094257087354,9.585865359811647,8.744875065740697,7.218837323275954,6.556355350008867,4.3720684734440995,4.155391490248367,4.506135261982478,3.638714000838927,3.8757567739548584,2.0308310220715082,1.5284230642199876,1.8261327391879134,1.7137971653825752,1.9589440573049568,3.131723436662869,2.3169725150194034,2.565123125186988,3.2154179524758066,3.941349280194415,3.3420847159424003,3.9184885350561784,3.310767981484522,2.9361335927239343,2.5341660064642935,3.1507941231005754,2.9273626544709286,2.184919578643169,1.4932257614634208,2.8630589258332213,3.306068991604168,3.5204582422549175
10.038369454409517,9.298490014283283,9.759097146057721,10.18020856079779,8.199418996312906,7.270043623791444,6.055897966633821,4.632602236186793,4.347318018214172,3.3484124356441196,2.5312644248177216,1.7551026259027254,1.1294202368272637,1.2720726746948894,2.1290638245252085,1.3167936504701563,2.4369505869882233,2.1611036816835796,2.269341529906522,2.511982935988618,3.562081425472783,3.6145895206718968,4.120001087072762,4.621900151893288,3.5316593771808775,2.827387508446136,3.7900438651339794,2.937763977757631,2.4258053882091906,2.82351099264996,2.824970152180587,2.861165374097533,3.747931996826107,3.20863546952391
10.805840737653947,10.384717511503757,9.854807705028103,9.467399659255895,7.3904959907939425,6.384079462748059,5.246433652155221,5.127058540635168,3.1213180258268634,2.2557785748815644,2.381939412398286,1.9405987519385084,1.9265026934765392,1.5385561789801714,1.8308123147489719,1.8085532520670151,1.7265516854377627,1.9331979599227949,3.072946382548833,3.0996407992630535,2.5008373457620485,4.729498460370919,3.508236890497701,2.9533182246483607,3.6233154185659266,2.5619664614188955,2.395464032921113,2.5859681941137085,2.908793599315975,2.2912095821651337,2.1781203398952136,2.484868265084938,4.207701172725519,4.432598040719507
11.310531929116934,11.031993887595789,9.978790648276679,8.406457281422014,5.944025275753808,5.029171777389959,4.055155197433674,4.077597158199538,3.666083505905218,2.9916948992900028,2.884953834979309,2.91874214794958,2.933240244709307,2.7051596953991375,1.7596764321955456,2.505092863149363,2.661522180294628,2.522706814542984,3.4117942912241976,2.498781836739461,3.46327709402077,3.050206989631794,3.666711525689038,2.922457500205771,0.9950383724618802,0.6923862602267884,1.7979952399612413,2.8724654645456833,2.1746046558238947,1.9695880262280552,1.2761172032380377,2.804891064956244,2.986828607257114,2.8788574215837133
12.781123147806792,11.575688707498452,10.604274821699978,8.312596293546347,6.8509866355305125,4.548650972905155,3.8447018424315216,3.8383808304078197,4.145979583766017,3.330006974113537,2.633554301469251,1.6627744729449072,3.069733699106972,3.5068379306666513,2.630442419358483,2.6116730102198824,2.6456665238597235,2.566782576635819,2.9790026724273995,2.5339638518003498,3.458800612073592,1.8910109384754301,2.8090270098964822,1.9605651316933597,0.8145269430711051,1.366182355488401,1.0114493321164497,1.4410707394531743,1.812532118702403,1.63777270509053,1.5974585522898819,1.843043013283484,2.2416836103877107,1.9059298604720918
13.740638224632935,12.560853578398289,11.293734720044947,7.124538488962981,5.110584846259632,5.65504985022194,4.195203224065018,4.04445662270859,3.7311639397438663,3.0420045759943743,2.8803150911998094,3.496410811130099,3.6411632849096027,3.8792565960047827,3.1434648579826843,2.4223503158054127,3.016746279999257,2.7317156463333987,2.7293532716545514,2.9230962207186497,3.783543872008752,1.9570226628491803,2.8067791272810867,2.398863541358718,1.8386395191432614,-0.3850770329476307,0.7385551443928001,0.2272075046733656,1.8576393750646287,0.4829316454643131,1.708600255532029,2.7392457672744532,2.3041211270818818,1.9569701509631439
