script/wind100m.json
{"header": {"parameterCategory": 2, "parameterNumber": 2, "lo1": 6.000198445256149, "la1": 58.999992894266676, "dx": 0.5, "dy": 0.25, "nx": 22, "ny": 24, "refTime": "2024-05-01T12:00:00.000Z"}, "data":
[rows 0 to 23 of 24, columns 0 to 21 of 22]
-13.385270419338395,-8.466976623352766,-8.793785920506565,-15.167634269461244,-15.430712367408097,-9.126407138530244,-12.66145945427477,-6.114273237481531,-7.750333270684356,-10.120485290629299,-8.635845753986471,-14.082043124931882,-7.108527042692682,-13.23865919608333,-8.798627648297712,-7.025064769668372,-7.757818368940572,-10.274175280511342,-8.726258463437832,-2.996193883002214,-15.382694869790827,-8.79068990796169
-10.999634383031262,-7.555315995418658,-6.0784423791874795,-15.189838178792531,-9.282142696104321,-13.475887379213063,-12.057197092309005,-10.789059603411975,-12.775595881579248,-15.69706368751852,-8.538728344698447,-8.378085788715243,-10.275930270095694,-10.820171123707736,-10.994216021331615,-10.568616949769073,-9.415833385740626,-4.288083822352691,-17.240423693840047,-9.416262913794037,-21.140861837607698,-8.731391432578697
-7.609928928056926,-11.908074304335946,-10.52925112215946,-9.499498699658805,-8.205106131085797,-16.964879459258064,-7.191273399394941,-10.93279046227057,-3.7424962677711013,-8.906348261483279,-9.753735115378342,-15.535800170768388,-9.685207538453568,-7.385269758217675,-7.736221197810549,-8.523509912195216,-9.710373588465373,-9.049684765190898,-5.694459047490601,-8.16471739668671,-10.233581280780085,-9.975969835644488
-14.933376094798867,-10.851554467241865,-8.857605053691223,-4.377422962124377,-10.182214951073144,-16.015522879078333,-10.39573590680547,-15.197331601418695,-15.504700031013213,-20.12549799334511,-22.04200084034115,-7.573943485998808,-15.381510268767348,-9.53327596957338,-8.938833631012393,-7.562418364136901,-7.337081601760933,-7.807205472149959,-8.080159656061698,-9.49368893688876,-6.921799557386761,-8.38999843345789
-9.352932346885803,-10.912808638144977,-7.376592321358539,-6.408844942210307,-15.3520042537505,-8.089207250490759,-17.230544444504034,-5.586558723481834,-8.336106506243397,-13.56088785965162,-12.966565212713439,-7.8929321041048475,-9.575600916963129,-11.744838243919006,-13.340221382967576,-13.109997378051045,-7.68809160153774,-6.948079588620022,-8.26820113298903,-10.88139460924077,-12.769970958794808,-9.66417967943667
-11.493342761768096,-10.205481564655255,-13.267605675997972,-17.788857823122083,-8.003571132416294,-11.802842003957657,-5.476954321655374,-8.920485316933064,-7.917010618412922,-7.173240380861567,-7.141054665640637,-8.81806105349388,-14.706934430292849,-8.063953019233205,-12.154430119564859,-8.975945407169897,-9.038318742751605,-15.465994939439645,-15.78321183775986,-13.334006488577048,-8.681156680144294,-6.737441362644598
-6.812782248262733,-12.63018506331158,-9.377113310979519,-15.705483305726482,-12.493769295921904,-9.201210736777982,-9.885182349853844,-9.275558864709849,-8.576505969108029,-3.0244610809484795,-14.630208340385984,-7.17104821362723,-6.878652386466977,-15.386213735173508,-16.95715922691805,-13.477124377536441,-8.869521050660634,-8.72305458346755,-14.621052076792317,-13.042324005990734,-22.49971416659922,-15.197635069921935
-10.044793763177287,-12.680515821263846,-10.435500451709006,-8.325548721820418,-7.306514490769322,-7.9806037182153124,-13.833023060749683,-3.3366045499523627,-13.239878482591628,-8.348430429367486,-10.818476651263193,-15.873166727774791,-7.106322646469472,-12.984270578829125,-5.967897500879468,-7.827699838293422,-8.319071371077213,-8.548579938482996,-14.872315631552917,-10.747153835806147,-13.7218221554798,-5.167936959573317
-11.569194492573025,-9.441432828056389,-8.349075145722905,-11.367563652576093,-5.487349770391511,-9.48657042059917,-4.332750131214364,-6.825373656282253,-8.145479586459784,-12.497321518090255,-17.815259471007533,-5.984568745609032,-7.8302602045226815,-10.419081689111765,-14.513783608706898,-8.21674133432384,-11.965767317113496,-7.594461774993995,-13.643739636675441,-12.757550739617756,-7.057086417506187,-8.493123383283384
-6.188760472266174,-14.671080218784345,-13.089500692531967,-9.909574284952848,-14.208481934681487,-11.411859892502154,-8.238928177368026,-17.045551880661595,-11.588516517875737,-13.850987938930068,-8.492281777656897,-13.916969297073145,-7.614272815061883,-9.904197958830792,-14.347049091397112,-14.329785610253973,-6.469515214086589,-9.16512369856392,-7.3699271307994625,-14.194554891242129,-14.680178592067817,-7.350137014450678
-13.128233294513064,-7.809189699403801,-9.747074576860598,-12.447826114374514,-7.573420241230719,-11.247997403813669,-15.837251700911581,-12.987454597133265,-7.9188270278553805,-20.166642072155717,-7.4021199663870005,-6.841220812995974,-7.447373557283294,-8.58463839711251,-6.718197001434218,-7.9410554396495465,-11.372783253430525,-8.049808242584769,-6.735604585283236,-4.9798900036766796,-14.607162925600184,-9.535943992103187
-9.543983228261173,-9.098663997737226,-10.287709022576118,-16.08456593483286,-14.871592174922625,-14.720656572902048,-7.605753687729805,-10.447647559747315,-10.154891063336601,-8.0605594209655,-7.604173470578505,-7.576159877703897,-8.367810175285241,-12.23244559275812,-7.836489956763671,-6.656395753775863,-11.178199478514973,-8.071050839651875,-9.162355573240795,-9.148833955204728,-9.78512395532812,-7.434035606330664
-10.716847456176886,-15.461700496807685,-11.008481288105603,-6.928431971526576,-10.007919240558865,-9.806045135296813,-4.914144655329007,-7.368023611701775,-11.698681787728503,-11.798230672582273,-6.514667909692324,-13.994112407031906,-15.328260782985076,-8.308428540225533,-7.801462761535813,-9.209483970312677,-13.814725336067177,-9.732959092512466,-11.862796233795311,-18.300292700658716,-14.72971118808064,-7.760130025501409
-10.86293676014159,-7.872403237346954,-14.674968504924903,-7.410739580421358,-7.095110175900214,-9.23726963129006,-15.565428653463417,-9.600978327748832,-15.568659142929498,-10.79184795104764,-6.6943525765761365,-6.985492764416478,-12.717940117383705,-8.276802479510076,-9.439994956705906,-13.167366458866557,-10.494091292660373,-7.6715830346645975,-8.725267549522913,-6.020519011931341,-14.132980388079375,-8.673407287494896
-7.090778526570371,-7.546543238073099,-14.651396652708485,-8.066727103610972,-8.387394629261438,-14.318536342116747,-7.056340354867518,-9.291293780941315,-13.880639461839039,-6.680299325340746,-7.761324711879076,-14.61751398578801,-16.33952085290312,-10.044825024307576,-9.567848501175806,-12.728441153130237,-11.739732150005002,-12.074762459942518,-8.83289123571549,-10.789602479708776,-7.883367996714444,-10.676196261387199
-9.134741699350396,-10.4401840678462,-13.192771183229993,-8.646915649975389,-7.189595805152642,-8.404017916013641,-7.3327094929759085,-8.18304606110806,-8.929185471110964,-7.718814767745915,-15.614461826901454,-9.463601858391339,-7.077065112161403,-11.056699122927593,-8.972384021289256,-13.108451578140096,-7.249590536503599,-11.311213848723929,-11.803070212490145,-8.389360980655752,-12.350254176128,-8.904249326747815
-10.195007022166678,-10.727304620551733,-8.961247943834051,-6.624457268529901,-20.36361832247909,-13.823275909964396,-9.344215606693336,-15.277629007060582,-13.702294425049685,-6.392016976442971,-8.041753056475365,-14.094024320244431,-12.238706723819853,-13.31069626566093,-14.85038774233194,-10.871163508945587,-12.522396723557572,-9.571129341815697,-10.690357333939923,-5.9944960669305125,-6.521876822593087,-9.8684076552296
-14.115339765524093,-12.245782841451113,-8.610365126488702,-16.264125204822175,-8.148615439672877,-11.431607050187338,-9.045049014213639,-11.121484885263085,-8.73694828516204,-10.63438747871501,-7.670842903090843,-7.967526709087566,-19.452545853898513,-12.41249025040102,-17.435587656970736,-20.145694128546722,-7.168365020827726,-7.444819529380225,-7.155494751300622,-14.407527597510771,-8.419609662072872,-12.714514717230967
-16.973324311049826,-14.603937455728035,-14.683359302331677,-8.909263344963719,-9.59906446543176,-11.57260270191033,-8.672659628662931,-12.853036833220836,-12.570395208362648,-14.079643179190555,-11.22829314571874,-12.016137830483359,-7.946594149796002,-9.124355971304398,-7.674802592272838,-13.790830789059857,-9.77544101697771,-9.816631379161917,-8.829180773326966,-16.19614798579466,-8.611348408001943,-8.364028419277867
-17.006282998664005,-10.64821282278075,-11.94238471301689,-10.819457677521836,-10.90974516370078,-7.7902134768376134,-11.922914072370839,-6.163591074507916,-13.468836386497035,-14.714686428783534,-14.54191956427576,-13.648052990484349,-7.638202994813417,-5.842291067815029,-8.05522528159006,-18.01912473047705,-8.584203407197402,-5.499175338353169,-12.415319883874439,-6.721778918941606,-17.33658702320266,-11.895968592074867
-7.762820920741672,-8.25391751024811,-15.162392609813104,-6.858216144399343,-7.850039700877143,-7.978479473896629,-7.345198409330279,-8.302597084289463,-6.902000248066664,-5.472615450016336,-7.824818805834106,-5.367920662024717,-8.722463404305664,-8.839633357123416,-9.778297701201293,-12.735426370842411,-6.192302053338233,-10.588364187192704,-11.21724906941323,-9.565121445993194,-15.47863021733716,-8.759339321064695
-9.80004632912072,-10.172044952391875,-13.983443750142035,-5.356214874882046,-12.829759075286473,-10.009207151184032,-13.461620821315211,-11.722773786164637,-10.961255323557323,-5.845987082835187,-9.245964794248867,-13.988948324337096,-14.173432840246885,-8.564853583974873,-15.010338580096843,-12.248716975758766,-9.076433721469362,-12.20287575453555,-8.251975582353866,-5.651469300176354,-7.325354082362726,-14.49447802652056
-9.136672393348602,-7.770694463608078,-6.873527760992356,-10.267431380982776,-3.9559300034704172,-7.963340866195703,-13.757106180457546,-8.499128648811755,-12.346205028657039,-5.082617739944515,-13.286446627369346,-11.897155143052977,-14.564132918460636,-8.708007068890964,-14.852746275181879,-11.192113912496824,-15.412575831335303,-8.98865979650257,-9.131021900381931,-9.054822330319002,-5.744202805031228,-8.350092613226584
-23.103147571980106,-8.134894464542034,-8.838562086749997,-12.685925600758605,-6.415073371561385,-9.004938947743407,-8.225208130147784,-13.290653328777543,-14.42280805927699,-8.451441669268709,-8.656686953057429,-7.753038420786376,-7.743125417026102,-7.624958553520149,-9.696451377944305,-11.141599908908152,-12.334288750405245,-9.651217642646314,-12.066805132408494,-21.06311778665138,-8.79776169348392,-9.839701656308408
