script/wind350m.json
{"header": {"parameterCategory": 2, "parameterNumber": 2, "lo1": 3.000054539987559, "la1": 64.9999836372058, "dx": 0.5, "dy": 0.25, "nx": 34, "ny": 52, "refTime": "2026-01-17T18:00:00.000Z"}, "data":
[rows 0 to 23 of 52, columns 0 to 33 of 34]
4.179887063229757,4.888375048540162,5.422289686300833,4.995266879073392,4.869942027680591,5.057790101633467,6.4770268677329135,5.1856880289993095,5.427951011848972,6.74555709985793,7.803311613386877,7.01059456311185,6.6135334703188455,7.329592209901037,7.334310084808846,7.188568805391295,7.127854143049515,7.16797991833021,7.558575188446912,7.067239531281134,9.169928015389576,10.283537047993695,9.35470005776838,10.648769983272327,12.494714449254147,10.30855647048249,8.43219669778174,10.390690062278976,8.379662246873798,9.420084365286183,11.207414138737267,10.175770660035957,11.21676942795504,11.17432749674272
4.638111038315663,4.656954704024742,4.3021325440624265,5.625486618950499,5.190324714717678,4.862920658955498,6.400772470891492,6.774116981777763,7.853776297317098,6.615578339251335,8.990475721573606,9.029972354689631,9.528541142515802,9.033541764533904,7.560958932000842,7.683356494203798,10.46631930818379,7.37360409144619,7.813547499523799,8.202197745088,8.253105645290304,10.073927003996607,9.556393031285737,10.360597055464565,10.648924903984005,9.169384740947237,10.345938246861797,8.05421275172102,8.090668561871663,10.057427808237792,9.706567229823442,10.042113734683277,10.669390450456989,11.370175200852906
3.201355100022444,3.2538614910555523,2.8094234068042394,3.969582637006564,5.702055999499189,5.598627347860544,6.533351169118891,6.901680773073852,7.700564376425679,8.510258034220637,8.421404215106817,8.710450117733604,8.18999300482785,8.290935878745374,8.160050312718417,7.596408619131229,9.35178032750919,6.6392318181048156,6.549609027505287,6.093753781196609,8.221104287683293,9.815448924312498,11.179006557434183,12.674619237294433,10.105481482503118,8.42431006217857,6.600985422543367,9.091861031335563,8.459945228612831,8.898494796221252,9.935992575341261,9.942652391265266,10.35066090083304,10.623497143984709
2.2968226258196474,4.011496156971293,3.7957469264975265,3.405662810606418,3.9333057035934655,6.515553116156969,6.340175462338642,6.771780981710457,7.8225842573449675,7.868713402924697,7.97226521144287,7.801402498406648,6.9305463118821535,7.347551159576382,7.372736359412947,7.855887620939081,8.716080151526354,5.81420043947951,7.744943912580636,7.494396476365552,9.304680348452129,10.063258890841212,10.812318129080877,11.550375707320088,7.927006020081786,10.048408475055892,10.112211500704728,9.852357343878369,9.494850487007016,9.49467384048827,9.358542745771782,9.200162460276427,9.235696153465886,9.50569446474531
2.927394271371141,5.15762561077861,4.937570053585644,3.530401706380818,3.9211846824347645,5.308063135332905,5.61322736701229,6.08445714610059,6.886082901969441,6.8773416640452325,6.670394631656627,6.080734061012837,6.7202961619646615,5.811932376398154,4.9103952530479535,5.60493502876349,6.680734132448297,4.091538596300058,5.915883094284873,9.009355708731976,8.25881951863476,10.355311883561184,8.64127369107252,9.470780956678537,10.08396008049157,8.846804702340954,6.8693331507345565,6.825482924748874,9.980328736899281,9.869771774743448,9.436393907285995,8.976221011411203,8.263615795645707,9.041523537364128
2.7305106387962854,4.501372728283187,4.386844356786486,5.223819478005123,4.1327676391109875,4.485003359081406,5.1772920221129075,5.620383591862514,5.459987647669344,5.543380190217963,5.678527388454914,5.927980326959582,5.2944952527002656,3.965818228000339,3.0139122226658883,3.8696948112295844,3.709639430330668,4.302481583844149,5.918011050188007,5.078639593416274,6.605392710861451,9.500741128716601,11.243839105472993,7.223376284320802,8.020099572859326,7.879734676130786,8.700843337015307,8.766668882948004,8.854753021483457,8.88804896918464,8.391936661435627,9.15719098922034,10.065815009372255,9.135569183327911
3.409722370548579,4.15363656232032,5.45466878265144,4.079818412176505,3.645944282949472,4.0591762901142285,4.429570038028368,3.435605247773286,4.011519466796097,3.426294667027993,4.62214336084085,4.772700255150579,2.1204781141201234,2.0395068261471314,0.00553276662154312,1.8109399913262507,1.8528398662419088,2.6631504212444645,4.784092056880074,4.872440734595539,7.328603905987295,7.646675547386328,8.167580626563293,8.685553149968808,8.092845140503842,8.159996845983255,8.45349918159881,8.469025011634953,8.25117688374469,7.5802779428275375,8.47786820558795,9.126383162309077,8.421841542500236,9.545697499144373
2.575048145736733,3.2945546228527287,3.4865938543670905,3.894166105188006,2.9450530841191145,3.1522270220770197,2.4994375519624654,3.05153989994404,2.6873242574178065,2.0622563867238872,1.1356135745898337,-0.6848393808133817,-1.4407508377790859,-1.8841710807725156,-2.993450508145187,-2.051784961794678,-1.0847598932158733,1.5352720960565356,3.260993414650432,3.5214316091173092,4.790770121539551,5.857774597055608,7.2361040298072705,7.237327585337498,6.432632578407868,9.224813360078505,8.577096718972335,7.450205650295941,8.27853156037209,7.216927992126318,6.809791407859355,8.667653314954364,8.739398357602571,8.712859724880575
1.2772063873686592,2.323721238226251,2.389607195316709,2.6689670547185615,2.448662878091993,1.2981195532637229,2.822937132019368,2.00402693295081,0.3678134971328328,-2.2315372628873456,-3.143918578960153,-5.32740011382612,-6.536819264282966,-3.0915257408375076,-0.30100812029487833,-0.9742430600953784,-1.0869022107365853,1.6302491192424235,1.5458699641119569,3.7859276358543243,3.847058169940936,3.188644177174093,1.5714515128110997,5.604560189733085,6.076279164416567,6.470548022235627,7.280009085937207,7.808872789429892,7.2805762601993695,6.371113741729371,7.239844856506344,7.3436138021329445,7.921644613045759,8.245924002883415
0.11375284665565692,1.6622860277615954,2.0677152925436406,1.9406724266250228,1.1808922827108737,2.1452359418053546,-0.4862664443867562,-1.3111313519468635,-0.7833075299508492,-1.8870286773397718,-0.9895111611535258,-1.1691365895973471,0.4044756036751779,0.6632615637360199,-0.5318780840675218,1.847885107222544,1.2781562026786384,-0.37448728475826465,0.49155571871726755,3.0331900706745163,3.056478862144587,3.7233577391215618,3.8780764738131257,0.8501761830019119,3.94338524836778,5.165951873367499,5.943413070180182,5.766621794663332,6.633786474713035,6.031414309414418,6.164517087622597,6.492169027726441,5.715254996755822,5.512718596234012
-0.7533076965111934,-0.1006564917251101,1.0857173137688962,1.482602785925065,1.7994832542889112,-0.8360956654221804,-2.9480883745297985,-2.921250394640257,-0.18526052768844825,0.4255222843597514,-0.4113654456093767,-2.3788930361066525,-1.2840311975531546,2.702121475559652,2.427623919070906,0.6548609053185062,0.7850717662904506,0.9567617752812766,2.1619738557018686,1.515580659348386,1.8735787541275986,2.5446087355699327,2.2168963612937076,2.3422596645418583,1.4936451565005575,2.665781048029518,4.9611721304506,5.623454436325882,5.930650559453606,6.216891832176047,4.176992493234962,4.712621373713135,4.617182419253686,3.794288417566532
-0.24716694852437268,-0.8251059907565065,-0.0046507720400730005,1.1552195684199353,1.307095579238755,-1.189394552579359,-0.34905567374074364,-0.9647821901507516,-1.2072561171029355,1.4222110515909325,-1.5541985604622834,-0.05890364706451823,0.7805104589216957,1.7543599510311312,1.1067342606669606,0.6981030455305831,1.3342146703085775,1.9785290837198204,2.460799482523583,1.085417036636371,0.8353524338855183,0.8514913784263245,2.0382228599837537,-0.4665796461354823,0.8077671463139297,1.4428905797784926,2.317648157890548,3.3933248378051486,4.400424801996178,4.876779921709188,4.682701208460436,3.1343027200656097,2.6576257115519057,2.385760996143273
-1.1235924558023742,-1.731382322328835,-0.13766662117910028,0.6095252574003184,0.17811173813186576,-0.9567762205668427,-0.7691933056855746,-1.7946984388728617,-1.279072723465827,-2.6166491635945,-1.29634674705235,1.3045098296509334,0.1851219612026511,2.6915121879453325,1.0940579715446117,1.5458398486367786,0.043743957751762534,0.049402083793284174,-0.24519998959717532,-0.37169138838219506,-0.1885389943919438,-0.7732970600211165,-0.10750741496754015,0.06862019451168697,-0.6784880062651275,-0.7998067279264794,0.8185982631687329,0.8374952600675383,2.8887447578399423,2.0493895082967604,2.054556315629098,0.1348796032228186,0.5861145062843073,1.4741184685811823
-3.0154958796871227,-2.843120424774898,-1.35044621933722,-0.15875276943616234,-1.1779485514073746,-0.7101024700145416,-0.7103282375554754,0.6396015807253034,-1.5025871844929417,1.1673987316946624,1.0846123505560552,2.3531906844347557,-0.7662745600438582,-1.855826920045052,1.307334584057452,-0.4097285739111767,-0.6497481842336857,-0.5476075851070682,-1.653391777246475,-1.1998981188710518,-0.7350250728639465,-1.953073599039328,-1.780598444346375,-1.0499918504200634,-1.2245965191579096,-0.7170083129301698,-0.6546066495330426,0.08509851245007698,0.13182438770350335,0.15380893000187548,0.8037303028688652,0.5317083897386908,0.8798302336860558,0.6598090859932593
-2.342940719343345,-3.147852270445525,-2.345435829391596,-1.7334601192385926,-2.4133117245406415,-2.466889053573288,-1.518814166510229,-0.9788735432649045,-1.41577999555723,-1.4736040437333227,-1.9692496412632723,0.5586689618849825,1.500373582759305,0.5823782324658221,0.30640454663163347,0.7237989853611793,-0.8718136870607283,-2.298686483504793,-2.2883448513116527,-3.041686232553917,-2.8406388165406438,-2.660178313981929,-1.355156655198692,-2.7589242510756233,-1.7946039196171522,-1.7920566930869266,-1.4666810858250923,-1.937848945105601,-1.8110504070482214,-1.0998752360870199,-0.6891877597387459,0.6724112996741042,1.2628655336905443,1.7609638445108755
-3.608743825725304,-3.1602456859971877,-2.1587378159881716,-2.084079278469179,-1.6896178079486268,-4.770816313736629,-2.758427992893988,0.12148141459756552,-2.5833288999264408,-2.914872477333066,-3.1378271506711957,-0.28194248139201733,-0.3294849503612179,0.1518742427471769,-0.7616889495720455,0.03019056739154413,-0.08307518057135055,-2.394768329233206,-2.930458116141577,-3.275851120018358,-3.251632215129709,-2.7550587036729586,-2.4121108534249007,-3.2371972089516867,-3.1562578695611956,-2.6191572899949764,-2.236536046938233,-2.3045126266564204,-2.8627734246983727,-2.5383692091810333,-1.857188499901415,-1.0389130980492978,2.4924637430533254,3.5040277432167786
-3.004569332609766,-3.0515550891696495,-1.6153430764958405,-1.5429112746300946,-1.7370695677876369,0.214598727710561,-2.199786446788859,-2.265978830406752,-1.6022583079840338,1.09440201570602,-1.648268136481215,0.2634951957018073,-0.9873399566639882,-1.1698324224765897,-1.1414129661431704,-1.1102999355303949,-1.8210765782638842,-1.8650906077334968,-3.2569250295842744,-3.07141435555713,-3.719892324268221,-2.9054359064051445,-3.7429814524366742,-2.955789852216266,-3.475332611044032,-2.9396079642744954,-5.135180220979596,-4.399125152788603,-3.127678648412924,-2.3282650547559496,-0.9264211559586836,0.9023526689894181,1.884875197805743,2.360125827812823
-3.739999918960997,-3.2505766195166617,-1.8775590228773849,-0.8879806552199424,-2.3177407272356247,-3.7752549006218246,-2.9756992500085286,-1.1693520073500914,-1.4223356567499663,-2.499362890513773,-3.108338778984977,-0.8985320040719225,-0.9137013847560155,-1.3812343821505004,-1.1943470810828862,-1.1694951401864655,-1.4711786719064943,-1.6259518264588946,-2.2325092219504534,-4.1099580438672785,-3.7662095502175608,-2.6544290280028155,-1.901131984382273,-2.5378584893694076,-0.6535314562028023,-0.9846479021781334,-2.6909448452180063,-2.8939072170130387,-2.1984182316747276,-0.6243658786353782,0.7568986061981212,1.1833625990256391,1.1839085394349043,1.7884604603344159
-4.068060164631534,-3.1712159807306546,-1.9734593664790867,-1.758794977610648,-0.3611026593261935,-0.4887404323896728,-1.8051241097330042,-4.105140090720413,-7.7704242366013725,-2.2874000966782093,-2.3089038291513324,-1.870250629815958,-1.5858103222799453,-1.4739144945751914,-0.36532785082412333,-0.5478626035894706,-1.7987118192151539,-1.4278795022418433,-1.2089522964394748,-1.3157277610558777,-1.0721873186977082,-2.8188125718536066,-2.655038295314754,-1.8325703893150749,0.4904798139857903,0.1280602002425333,-0.6191663668348888,2.427866783881163,3.458579822897458,4.521290864792469,4.446575134144237,3.093474645768156,1.9184323040989484,3.1489004178682194
-4.621072170543258,-4.091155259503811,-2.708670080033358,-1.978741181955158,-2.3625700988453584,-2.898593195006912,-1.6971699326037943,-1.612184241141217,-1.2273886918454344,-2.5080086156665975,-1.8106558803208324,-1.621891049486292,-2.22132576182695,-1.112815985574552,-1.6972338579321984,-1.0751889429556476,-2.52487774555056,-3.1667642310490134,-2.1529717793002514,-1.0933538955626012,-0.16302214616622432,0.2146508636433685,0.8777469589467388,1.6432415763851753,1.794886208459647,2.006411377003465,2.146034081121071,2.9632034930130042,3.33458919785208,3.761624431103625,4.7014630564769675,5.290863080137349,4.579905094185066,4.798705217575804
-4.856025067019903,-5.115999778288401,-3.437505244242357,-2.909312396619383,-3.552831544931547,-0.577814149690128,-1.3487604495134864,-1.936316600754001,1.2386476734730587,-2.725720000734792,-2.3361522728476407,-2.294475204900442,-1.5203182451619377,-1.236432565377546,-2.4308378570061486,-1.7576365200583617,-2.22975414786645,-0.6926166399368411,0.5410917227532432,0.030178238498278095,0.3656821988680311,0.48929796316738894,1.3672844956590966,1.5835573173294328,1.6090508410481135,2.057379061436329,2.0720415016817446,2.3789522719839518,3.169235535388938,3.310046540480483,3.721613333476654,4.16735695485842,4.672696451990769,5.169701837316606
-6.369338362739375,-5.275179309975008,-4.690151282337767,-3.752157763573625,-3.310555789539773,-4.83318602304807,-5.919742151579134,-3.7785043668717315,-6.2329007426722365,-5.502824352934678,-2.5873659280725123,-2.7867284353518857,-1.654575139765755,-1.5634284084407348,-2.087014657061523,-1.8754402876730742,-2.015759233783631,-1.3293510100057324,-1.5549781390088133,-1.1674934047217704,0.32849520726567993,0.7969686212540334,1.2538886093857111,1.021197418062309,0.9419461244509607,1.5538821630708306,2.494895652545149,3.1245127515176767,2.944975722193005,3.057942383530918,3.568265389714708,4.4023423548295595,5.2682827263416785,5.195403307934769
-7.258639165628646,-6.224061232759017,-6.944787946246963,-6.294679777415505,-4.94685048250715,-5.257744658281555,-5.99652650320328,-4.697661543349116,-6.8302995619938445,-5.691027317866395,-3.6250559238796605,-3.6328997456173777,-1.9245353821925082,-2.089453086322762,-0.5117350532401356,-1.7835356520937609,-2.0830010449473044,-2.7466497454490106,-1.9497172805279264,-2.5688385303084313,-2.0139852944159435,-0.998108647975032,-0.5020538903745349,-0.5085942224460498,-0.6463492076255339,0.03466246561353957,0.5403820637386679,0.8915383589664353,1.0586525853397013,1.4791443682207117,1.698737560058557,1.9199489682699675,4.621632673014404,3.849882584782364
-7.904390805848974,-8.222484560087981,-7.496640955737448,-6.904028806197513,-6.441179863976535,-4.7565687848679605,-5.016193463273787,-6.977221095545569,-8.190304865164585,-4.722080575426892,-2.453273464813532,-1.880220079592174,-3.910294508791248,-3.1019294267644075,-3.5061214077739655,-3.0138767114906733,-2.650380071711282,-1.9912107635781169,-3.6244301522358633,-3.2516606134390167,-3.4346145236833503,-3.2432134540306334,-1.6823909111756163,0.3147556011639675,-0.04920122149178412,-0.7150666779608368,-0.22922486762946198,1.7686962937380537,2.0117167194162215,2.742277543777263,3.608421717347589,3.024591831472965,1.920234987871987,2.690679438087117
