script/wind450m.json
{"header": {"parameterCategory": 2, "parameterNumber": 3, "lo1": 3.000054539987559, "la1": 64.9999836372058, "dx": 0.5, "dy": 0.25, "nx": 34, "ny": 52, "refTime": "2025-12-05T14:00:00.000Z"}, "data":
[rows 25 to 49 of 52, columns 0 to 33 of 34]
16.662002507883834,16.29184745054477,15.062880088875598,14.408717079878468,15.554296365366437,15.036499784803189,13.010797769904503,9.503151531793499,9.646475557673494,5.645426068867711,5.034720091775227,4.6993606378540616,3.808158960764683,2.734163881224925,1.8780219574474761,1.0628810682351522,0.9515319244868108,0.2682539444232172,6.843122175767114,2.8690307009291693,2.4101594327221525,2.0884517424440228,1.0817858998627046,-0.6335049033790244,0.8392752190886628,1.679380456875526,3.7658446621657036,2.1017639348106654,2.8930795139882397,2.7976547400897536,3.2528905325364708,4.56802980443029,4.788159932923763,4.37876859042696
15.606067072744851,16.425457617510766,15.10951325985965,13.771278696857683,11.83752020534512,13.673127077710904,9.705206063180091,7.495043939556795,5.850778080397614,4.226972748602041,5.118535970994881,4.561760494629901,3.488441336264681,3.485517739261964,2.4242721912111005,1.791543588440497,1.2629208954841533,0.9008827636347123,2.0023738270115228,3.0612984037037156,1.997542775221999,2.6268926637084165,1.1900808074502622,-0.07384349173533447,0.7873582775804752,2.332930038218328,2.4805571148146783,3.041281181341557,3.132417066449043,3.016800616259531,3.6232964510548884,4.132495740166377,5.283922547812351,5.388014876815749
15.730700665291318,14.845531493614535,15.37515063391649,13.772007297110024,11.757839053173633,9.902408616297295,10.378481787048923,6.754927226715808,5.7027002833518825,5.079628912718993,5.108431359645547,3.6901226046332947,4.300194723073744,3.79926544389816,3.6807385638534265,2.7833112809315015,1.554744978284394,1.3269826457099367,2.1409073874548836,3.649489899681374,2.9491396471777267,2.3617733545659494,0.7196734912010638,1.3232934702853343,1.815694224739499,3.0669522770811346,2.507038050968676,2.6212260759797257,2.856602072272968,2.923549792141895,5.859915575258641,6.4971378807448215,6.30371672436345,6.198816866065935
15.413038900599103,15.073744721693437,14.122389319246784,13.8874899569383,11.856645505578017,9.454025493885204,9.332818264075474,8.263229172689895,6.131743974272874,4.71664652591143,4.843991296301844,4.919856225076726,4.749772808623593,4.356661289349674,3.7323728935088023,3.4059856043985146,2.2616070833854187,1.777293407723058,2.9772904072387596,3.4363128917650143,3.9243387677417387,2.09319187314755,1.6969250353171172,2.3646870201339327,2.9237787579898002,1.9417997535813776,2.0067862150117373,1.9570868786196132,1.189552003929653,4.349802330046392,5.1024437786687304,6.609702194050807,7.535204659804532,6.049555797582851
14.880284856105511,14.382075062087976,12.899623475042238,14.224156361732737,12.733503906879768,10.692527295237648,8.894045175972353,8.152654205306463,6.563521272833475,6.242777617896373,6.309701511682417,6.258840634556322,4.743799648043943,4.517869238272455,3.882121974495202,3.6558969953081033,2.8121134929575136,2.487871378871394,2.9658011713672954,3.2261251848041157,3.2311903571874137,2.6554525009219847,2.7842866249407527,2.862614041925501,1.8032590303329026,1.4576164041629223,2.1673834915060595,2.5028859149939464,3.621851556133091,5.570516906038079,5.718103350609008,7.222769595572917,5.512095966167671,5.995848829742397
14.309986874947347,13.67287253927048,12.51970568674954,12.666246997491768,13.001562785079154,11.1715609950744,9.440009865548992,8.567603303117085,8.06566201358587,7.0653482685228655,6.7808449572346605,6.00836901870325,6.2370067912147755,3.972280616080173,3.9975361523600372,3.4300156951890792,2.6928437465746824,2.6496022807912474,3.6155645041063877,4.187662198266861,4.312212187699371,3.469562036511655,3.894553603897859,4.099599656531348,2.2399086578639826,3.1247986442807947,1.8776910551014099,2.698818509763364,5.337321820111217,5.54841055473456,7.078691712079919,7.065992226764278,6.2484617894857815,5.227416097285764
13.21591960794953,13.102299423936067,10.903187332236216,10.50431233222236,13.443660283763313,11.387907478642127,9.517752536873198,9.07685301964594,7.55140957770652,8.496948954905674,6.674616348694365,5.717301468863206,4.596443420841758,4.995779460700149,3.811881135871645,3.1749896635267962,2.860510712357657,2.9719130570505543,3.9289989244502115,4.393911292018597,4.88950641290074,4.501889760825185,3.417713700655689,3.4808464350623987,3.8752255429263287,3.6820171897978753,1.8266421498334053,3.7275070419734635,5.562955615280611,6.660267271895865,5.790387713207523,6.337492379522609,5.965409629850921,5.7031336868744305
12.90340417524386,11.999308649514271,10.812181513712241,13.730001234441458,13.79273417729202,11.710721274326493,9.725201798495528,8.384951374970518,7.6067796648018655,9.25168937912588,5.934547382712537,8.561160458117364,5.313406520121386,5.036543332740281,4.315597089195881,3.9501920075479378,3.3379895800806145,2.96746630567397,4.942456920922431,5.866903168860619,4.537541380226248,3.5825908230599675,3.9850446310091674,4.228079340347217,5.141725999786911,3.352614059243868,5.258792238409254,5.465223618877519,5.934271900761222,6.213307078292467,6.518198474538935,6.56916747820243,6.728460382916487,6.327872204193665
12.558375469060385,11.521358721507166,10.6281763114821,9.932486482348116,12.721795885641189,11.603309484213366,9.701917325831232,7.817515745931141,7.194844933243149,9.26612503307202,9.156996026254907,6.402209315526772,5.8656425306383975,4.343643201236725,3.3460922462134386,3.2633553386409324,2.236718282339975,1.306675443496009,3.589589382426122,6.448739618444267,6.105560185746555,3.626478240818805,4.131817562292361,3.153204849061237,3.97815804704723,4.183340732479765,4.959439313780202,4.83693573643354,5.578252631149472,6.5943505887755425,6.734294302794291,7.113444183213914,7.318893930835096,7.7664743130816785
12.038108311163548,11.123658585308409,10.002994469416322,9.269799636126757,12.751196631292245,11.6835549732132,9.976912651224401,7.40072144738309,7.019612448799882,8.918743451292753,6.851205682274909,7.790531918634864,4.705670184341052,5.159003212231962,4.114903105960755,2.3571488905202425,2.8973774555168226,2.7434372795733806,5.77458859166011,5.2873680125215285,5.810696166070274,4.8413864408753,3.8147166974377966,3.7580051852476815,4.0250916567779935,5.345663749375598,4.347822745763995,4.6187642825934025,5.432362921549552,5.507062873546149,6.564702808375403,7.330423204757811,7.905515993632334,8.202052002667541
11.6525633847311,10.736983850880023,9.97170386076831,8.67867837321568,11.896486125578349,11.42327177053778,9.906598592724393,7.504985689893414,6.909493298801986,5.964453138183534,6.801723396164318,5.734208004635648,5.119898370731547,4.157389675633828,4.990559793343615,3.732033472452174,3.642191121001376,4.744226533490101,5.483739436547217,6.301781679242291,6.240337224402872,5.374869707603159,4.112573139426298,4.003525113394557,3.4971189001699496,7.036033460737556,3.727442076342177,4.534678628484321,4.96946398381205,5.6108397443805,7.0934799385549185,8.742141477084145,8.622237145297332,9.529604020457532
11.304867906466383,10.302007591864172,10.103687439259001,8.95917600991507,11.31073296918312,10.018483391035756,9.59444647823934,7.911297869673017,4.755995086336258,7.199871625081001,5.854713640903046,7.081739312773194,3.3791338513754314,4.896612179079351,4.590339697211273,4.419717311232614,4.898068949334871,4.5894855796713,4.778744537667554,4.866912809367217,4.701440186313172,4.2426869630823045,4.1061401486415825,2.711223023433006,2.5791615466125766,5.618166373040518,4.001152893869383,4.953099168559294,5.536116187083259,6.620962571356548,7.006742449740625,7.983205337893616,7.555886602478266,9.323036053142427
10.915970831213766,9.906463481173235,9.75932084375474,8.951247768086931,8.004260297567567,9.973845016296263,9.745297632443952,7.95699681970759,5.802683541899921,7.4229052708826515,6.173083592467035,5.216182814734344,5.976295258857118,5.59292210239308,3.5263175377711606,3.6328375168616205,3.050810298146266,4.629077041333685,4.453300339476482,4.371828701418716,2.949581407550261,3.4897505834594886,1.189371688525688,3.0350688674615185,3.085181938932469,4.394559318930596,3.9378060402398622,4.86621938377796,5.7581292327355325,6.916639468088066,7.525100095842194,6.236435088021879,7.69727529253772,8.436792013289628
10.707555573076535,10.078253167066805,8.906224369722123,8.723655224624611,7.397495045899037,9.317572871078001,7.9295179200543195,7.776840517103499,5.84558088894176,4.124300524837035,6.0536053922186985,6.325365747704105,4.745622940746417,4.4108190138743195,5.03223184037217,4.119510155452507,2.265693526157918,3.106558220884529,4.4095194283649395,4.51270978079777,4.244346881857077,3.5229490771927088,2.661181905957128,2.8499042031766115,2.93356874170385,3.2976816905245707,3.6851162248384552,3.938632246693464,5.406712240218338,7.092820374257922,7.92239316606986,7.645056372998872,8.204875305498916,8.09653805109472
10.729847678234835,9.66581727803765,9.045319803803503,8.183965780835662,7.398366222304101,7.907019889674529,8.059118096391908,7.508491595121,6.168069456348412,3.7764416881404816,5.428294161582117,7.577796144745383,5.947273575799309,2.6006223477460217,5.21808557690174,4.570101005210084,2.254739146746126,3.3330564117891344,2.6970712403890342,2.4294439209195677,3.356744521073012,3.70759073683959,3.4321820924246507,3.7622867343510173,3.3450792593301992,6.0142158794854925,5.315142838157153,3.097418556728018,5.634658730305289,7.114375849806641,7.703756444250133,7.832265758593314,7.408906795003779,8.9316294021981
10.94370130865257,9.365822627716943,8.92346312209563,7.797576924775927,7.11582772821737,7.590161572064699,7.155522527839507,4.9053466566238075,6.50686761840798,5.636389178644255,4.269497809455749,5.420465069343382,5.9600607484914105,3.8818657249948547,3.344344573468485,4.8447243015091095,2.8044247106979223,2.303676179965208,2.3236017161159688,2.866205835684207,4.0057895304961075,5.71611572749926,4.349426879049323,4.539667807760176,3.1201551441604187,3.7704432778138037,3.7302133845828314,2.558945798958429,3.451992264710225,6.152686395568894,8.048773735431485,6.448704376915087,6.543771866444895,10.317415845239758
10.504153545012056,9.16474281321376,8.208436828517637,8.27853367128205,7.212997430528512,8.650766403432904,5.838502244127517,5.0906436848587955,3.6942834142881504,5.723941312581583,5.828873639729028,4.622364580262398,5.649486724719304,4.155018803175023,2.3276076259190672,2.4297377517500394,3.556229982005734,3.2796132099576765,1.9668077550074066,2.459429157823461,5.285485287443811,4.283798298067093,3.8148676320305097,3.353808517462258,3.312413643587729,3.4427052336643,1.6375027024521414,0.7298572561324356,1.7153223052610855,3.433244424404846,7.248050844169789,6.574217768028262,6.495394254185457,9.884496461556505
10.27189609218388,9.29888723863879,8.13739762224927,9.007810031118325,7.520085097432164,5.098348072722718,5.895496973477624,4.291082780945002,4.364589829158072,5.101872044394373,5.083131804889731,5.280735828671539,5.051015001826591,4.294734968772946,2.0971176605979087,2.431228618126871,3.0558056122940007,2.9294790967016544,1.9781841697826237,1.3587966682526846,3.163341214684682,3.9831056308276365,2.5895005107051476,1.9013774867621207,2.6867556099194583,2.618408466562465,1.388276443259162,1.6833255585106035,3.2079535062296687,6.356353408786067,5.950998872556435,6.0006070245349425,5.8984603670508,8.865826341985802
9.948654049518561,8.596317277129506,8.391900916931172,7.817875199734462,6.649977759933646,5.452582437260001,4.368667144993888,4.340869623991358,4.832300389397383,3.5864523708525433,5.488883154566668,4.30150661932209,2.885002605479721,3.9430923213555706,3.130142098239137,1.9264166415315847,2.2846961209632717,2.70631807649677,1.457352019307157,1.5732893028118913,4.22817264018092,4.823629712236294,2.8192689649893548,1.3928232616174951,4.510655624158434,2.8704418043325544,2.897125241570717,4.688297503855727,7.0568983496384154,8.43311777362369,6.858253384584199,5.377974940000288,8.151968946967129,6.971249672043933
9.674981431110357,8.13010571606624,8.066137585165466,7.3832773876319555,6.801968433447374,4.833438247092364,5.47959559410457,4.224497438809192,4.99735684608928,3.85517728474172,5.337974480409082,3.741019665202756,2.7947537366709465,2.804112996360377,3.0686678025839726,2.132428341987438,1.2679945536143695,2.3428701226230304,0.6154157670405264,0.2916769814344645,3.8698760011164963,3.9402226569246004,7.122894773048694,4.212395491058862,4.989707190851432,6.145773301861076,6.909880635049879,7.974184093940865,8.408313968814474,8.991988160373333,9.214786043677208,7.157107977990643,8.476923746627653,9.9635848524786
9.674370348174337,8.184305990548266,7.0917079084264065,5.789708657580733,7.509830286576741,4.982871785845355,4.975865931820266,4.490556821299767,4.375153814100071,3.2907548045993904,5.465198911571286,4.364091374616211,3.804335841972969,0.7154201406070868,2.20506923553952,2.170848802095866,2.2244797883234595,0.7921366760026005,1.2037794599807707,0.6906526909660475,2.862525166610999,3.1837415287347186,8.524967971750307,9.01942909920763,7.510811475148394,8.50145307742357,9.106767479779315,9.082718835198555,8.571992108987242,8.241251943426942,8.998533235540153,8.68354409367553,7.888985958314324,9.676510863471185
9.871070061561122,8.86042729660956,7.260227783383491,8.710852087845959,5.168432070258709,5.828512779739912,4.441708545202133,3.588719761464837,4.980917891041116,3.910854158781469,6.003436468325615,3.9615652045454426,1.9942895516111496,0.09868193103254932,2.5638917623395607,1.6316297096063876,2.0181364009155525,1.222780961745588,0.009487873507489331,0.6082673356178998,0.30012129290550776,2.5129850799687214,8.539081934294815,9.282691698511137,9.01685733942171,9.845881508246775,8.934265259883016,8.955745124957911,9.074582659389513,8.703522311962995,9.404565546772714,9.175757460953667,9.652410473839266,9.796486189840818
9.988436542730737,8.81415586152348,8.344874776037162,7.641835165405479,5.447145323815643,4.033375981831846,4.714867000325754,4.024128168297911,4.362941417767222,3.8398638278847637,3.816111699508355,5.179598355509881,2.6952517568949155,1.0954980351803087,1.4582259029823683,2.5481998143541262,2.4235593937392834,1.2763503643649723,0.323539470200205,1.4416606691545348,-0.3230821620409321,2.9603430375671516,6.555475570946961,8.217899920877574,8.313241639332835,8.839830951684732,8.476374867029465,9.289276535057605,10.039280539185816,10.435823671859028,11.325408692941235,11.468617607434167,10.012711648188652,9.357502652131426
10.225364588102003,9.370537713308444,9.168809678788579,6.3236586060406665,4.736738987699549,4.292608912288835,4.104253787814814,2.7125407507341763,4.819743478857012,2.9238111136231244,3.2118275942505283,5.566431236625533,2.788578461631146,1.223368825119103,0.9125084326812838,2.532843475761367,2.3339684947388193,1.7330585924937234,0.4273720936021601,0.8533072091870098,-0.6454653523024926,0.6411472108772882,4.849718230203888,7.095046469583551,8.524035619309887,9.49081789602843,8.872990312516983,9.194387547341133,10.131348097710651,9.452984036881018,10.798381208053147,11.324249259462105,10.178353166009334,8.893081326404154
10.250374193227513,9.543719058575643,7.73166870192154,8.01278035989193,6.9113486167169205,4.857494664823025,4.3521631406460735,3.737572601614613,4.378856273944854,4.200576753740778,3.618351030403345,5.235337845175138,3.8603179641132557,2.050280106469105,-0.4653559688831748,1.8373965386036866,1.2881519476358358,1.3490533313772097,0.3780752092792949,0.5902920099908797,0.12729833873098106,-0.003216693506480582,1.9653779583708966,5.657834453340217,7.3988162902078844,5.6792676376804625,9.540367374706994,9.916862024372765,10.174636569889678,10.919183873345933,9.355699076915739,10.941497729592596,10.593027814293915,8.204424007252367
