script/wind10m.json
{"header": {"parameterCategory": 2, "parameterNumber": 3, "lo1": 3.000054539987559, "la1": 64.9999836372058, "dx": 0.5, "dy": 0.25, "nx": 34, "ny": 52, "refTime": "2026-05-03T11:00:00.000Z"}, "data":
[rows 24 to 47 of 52, columns 0 to 33 of 34]
-4.376546260142856,-5.4895574754063405,-6.354674674429158,-7.1394341472487906,-7.900283613687293,-5.033752164820075,0.4334547463583349,-1.5537510664552419,-0.5838859391770364,0.8874485324827464,1.845022827462668,1.1083468805939778,0.23159468657060445,-0.03833838301140793,-1.2378669194470409,-5.834428023077623,-2.667248278372539,-1.051421280157785,-1.1151800695920917,-1.7137893891740104,-4.15524151809147,-3.6905729373062734,-0.9565894559492569,-1.1346329043594505,-1.8884353871517439,-1.6150179766112007,-1.513896672596896,-1.2339225234024318,-1.213177153741946,-1.9168269869974126,-1.7321242122669218,-4.128314013945059,-6.092310665561711,-5.1445995365146455
-4.183261801696073,-5.29747294759652,-6.357202878876141,-7.225714868568478,-7.565141123151677,-6.0270008864011935,-1.7685065372939883,-1.851560349099585,1.174226524066803,1.8706804801430525,1.7162364634978917,0.9460589924478907,1.3466306561991899,-0.010702823802005556,-4.755135637818529,-5.9375834679262205,0.5338588542173686,0.33910328144658963,-0.5397897417328802,-2.3677364115058106,-5.21844148326084,-1.7549088043791157,-1.0461270860414977,-1.0231793290018885,-1.360498481921813,-1.8312372704638735,-1.3247684480914448,-1.3785895866090003,-0.8004812088392144,-2.640232057015437,-4.511737787418349,-5.881897748450026,-5.510119425454797,-4.501110730077492
-4.568430696740756,-5.410422585366962,-6.467096648324052,-6.976062438294054,-7.856105254657692,-8.572039417635978,-2.003656925581821,-0.42491256589629794,1.452975989493914,0.9739307122049313,0.7568649104294677,1.5877295007010521,0.21408206287638445,-4.245349346678473,-6.224428011772396,-5.020279071416188,0.013751141615067086,0.5823520291291511,0.4691147786336233,-5.482241819409351,-1.087961036975028,0.760645484617325,-0.11224080523848794,-0.3154515596688686,-0.6804117285048079,-0.030624048430276274,0.4303792229612159,0.009167613494811386,-1.5944026092249708,-3.1891213882471954,-3.979628986655013,-4.448287137225134,-4.420721038682255,-4.753599268692399
-5.036289438246321,-5.580448121876366,-6.362740259644612,-7.049973810844675,-7.786142765974172,-8.454770262249959,-6.690379347190349,0.4371087155324861,0.4119318704122526,2.1411796625896535,1.9716762626905477,0.8853828965841778,-1.856012235289783,-3.113162204951143,-4.409656775654419,-3.926656067054842,0.09588251996238877,1.4386895081402717,1.0081115670156238,1.2041380943974915,1.5315214447680239,0.43673748212771984,-0.3666140844544348,-0.3988431548056216,-0.7326991210987319,-1.014017452896731,-1.6479497082162713,-0.6463593950225242,-2.007291145892739,-2.6606866063473706,-2.0159594445678164,-3.527167446497228,-1.926666043252774,-2.994486033742827
-4.845425857620952,-5.695618501924422,-6.457201416463288,-7.365128298355331,-7.858548120033296,-8.615660369594266,-8.250224876982976,-5.098091712430836,-0.22068761157367092,1.985752628449494,1.6180832448621767,0.4735885350079897,-1.22561208805547,-2.2262358404788496,-3.2419631330367924,-1.7743599854090517,0.5837355439311099,2.819176783275088,1.2351020729016324,1.3899564411170384,1.3347613003596877,1.2398630623173734,0.057384083519114906,-0.1548452419939129,-0.15825330108353391,-0.7224950993312846,-0.7415024783885723,-1.3348129387871057,-2.0113037942167726,-2.127970017363195,-2.19918888391692,-2.595857703072131,-3.4198342925176615,-1.4420242707414284
-4.894920527997316,-5.65230465931551,-6.595357732100383,-7.5364763891084845,-8.00411242100813,-8.091226240329847,-7.262395246246419,-5.263179132585757,-3.7258540861094485,-2.7135666528685967,-1.092486062251285,-1.2418192326194841,-1.4919819165862118,0.045789033455847464,1.2319243923834051,1.2497982354351032,-1.2235078411732014,3.2767944987125848,1.595344283416414,1.4395105278239957,1.4145477376118631,1.376851471039281,0.5967597793398501,0.03756427461452543,0.11070945627458885,-0.2218737603573867,-0.7327817669046508,-1.8192614080391654,-2.1627353246400443,-1.4412906542912158,0.3420793875418817,0.5673978897005095,-2.4834570882446765,-1.6295762136522025
-5.627388794213361,-6.364764985616746,-6.817183929976549,-7.267546027005516,-7.605026093850292,-7.613035659517662,-7.292645144087583,-6.275484860960297,-4.838435012702008,-3.7558099332501502,-1.9224966221534605,-0.07853123640469004,1.6166319533417524,1.623928961460874,0.5766855151007535,0.5166705604047064,2.4449940556582748,3.449335565750089,1.4874378263018928,1.1982043803092446,0.7734520163469273,0.35896787822527854,0.8946741805719992,0.1264531097116774,-0.2734296483223707,0.01661966425172777,0.5127515386999483,0.8220617468440362,5.433184277203098,4.70571881130546,3.708103899692847,0.6587133255551803,4.207938709214815,4.606516958727841
-5.701833590312621,-6.2280268606724665,-6.761030930921171,-7.119751679754597,-7.039248835102794,-7.393993703540157,-7.3086948284818085,-5.990584863017794,-5.31886495978898,-3.896997148755563,-2.489242732329393,-0.5489756978695486,0.906191975476867,-0.7649750009166851,-0.30276195476254814,0.6387295675889352,2.419041373449704,4.2449766077447455,3.032085104942413,0.9375763510719767,0.7803207848852088,0.20865420556942932,0.2914016756499517,0.29622106022980954,0.5895863385318822,0.8621957581394032,1.1332742909071134,1.3368876027801746,0.8553494938022282,4.884690391186358,4.5905069492107655,1.1580598901387746,6.287353222233825,5.539924392475395
-5.624805537139154,-6.0577595675087625,-5.95837772789499,-6.67561078677989,-6.999791874588816,-7.177802271517364,-6.543288228568524,-6.334585231660376,-5.611831716863921,-3.7419117581267374,-2.239735038533664,-0.278311990301618,2.241384129958314,1.131640891320279,0.15441131035004316,3.745031671259096,4.799228656961447,2.8846739237086685,0.7610701386669351,0.714349128661691,0.6545564003375397,0.8032462035780151,0.7999214333113515,0.34612676299403083,1.0462813940282703,0.9724642426145934,0.5058763812777813,1.2586579643676086,4.145915532930663,6.303342100060801,5.512357861410519,6.010220358658879,4.977552633807853,3.8034625772337205
-4.751456675429686,-5.811849380215924,-6.208491979583672,-6.653045863769841,-6.875116312218389,-7.027846240088783,-6.601202485824837,-5.392722610615163,-3.7936093877106813,-2.1345789442376617,-0.5246120370336776,-0.1018414449961822,0.8589679504916133,0.7522075934754657,0.4266776025594861,1.7729912667780148,1.363704240580652,0.22739123741716671,2.168846814820167,0.4427212292661966,0.6093812720284799,0.6640720784646059,0.990118050603005,0.8583885719622119,0.546054280093007,0.19526289595001897,0.835066196287768,3.8432759718258493,6.763884604124088,6.656853720566469,6.087678050678349,5.671826590279383,4.320021635583498,5.253840744598367
-5.166120479132247,-5.654818660594384,-5.399641783993281,-5.360164400492171,-5.846339088741469,-5.588982637428056,-5.1983375471024935,-3.9217958599682357,-2.8424685916589167,-1.9499484035052301,-0.9596297517063449,-0.6859100932261037,-0.4835396814795512,-0.22480891819894255,-0.006235764136121299,-0.01779724365314207,-2.103394762563958,2.4712973072676507,3.1449122822732556,1.806290322431154,-1.2122044146152917,-0.03545403491117933,0.4300935148877162,0.16951268673108413,0.1500638753253856,0.633439003114557,0.8123155769875546,4.018481718983099,6.5429770760489205,6.488142747749892,5.128550566152141,3.9380603816094055,2.087020588815046,2.6471314705957067
-4.054944187680099,-4.431553606761185,-4.74737658484032,-5.1778062015716,-4.844123654728264,-4.521618098034077,-4.046374816346922,-3.6965042050149313,-2.2149937790964023,-2.324896384030338,-1.9172244015554332,-0.48634264375631964,0.8075789306097475,0.4585130421158106,1.0210351913930922,0.7902431972578078,4.9306340934405135,3.0583169765507807,1.6885424633313502,-0.32601679414808044,-0.724697066994445,0.29324603407548383,0.8313451023397829,0.3120933057595498,1.1441770712949138,2.0421139272690554,1.750279294726485,4.462851484620324,5.003042978009864,3.840954674177646,3.6789833524840083,4.444000898500613,4.419814318264425,4.117558684557889
-3.5285701673272363,-3.6683112113309373,-4.100010806052996,-3.900292612245414,-4.024749912685496,-4.286788409247945,-4.3276843140198205,-3.6589399387190094,-3.1182681885045818,-2.3940283713121393,-2.263122793788109,0.423438196262824,0.6987830420607101,-0.27988123411160504,-0.4481276161240486,3.0503492671297083,1.1629778471877592,0.3342711838858732,-1.3154335941646496,1.2503526897122996,0.5606962025979126,0.14197097002885334,0.41282219190872427,5.28279973238056,5.387740749475622,4.547024560885961,3.8478698496484465,4.274393894578199,4.442057130139272,4.969091085404705,5.0430901934967425,4.368903038381914,3.524565507271141,2.010218116301149
-4.461987598929684,-4.0968935774696185,-4.465711203679901,-5.208016737902497,-5.739554214134719,-4.48665808072355,-3.843902254889639,-1.9337903788791702,-2.197830535650545,0.3878174182348839,-0.9329812443460945,-1.3500896566339098,-0.588731776373954,-0.1886697335825899,-0.3054755274091111,0.12172317996950045,-0.24670134135374042,-1.5326463854715906,0.3138205196120764,0.6150415973421729,0.3398347630823396,0.4756272419725153,0.9885302071175387,5.1058297113211495,4.688118511883228,3.5223182844469405,2.8429142297870107,4.126581645223493,4.283676622364449,3.8593838699520067,3.3984969521207837,2.164066958888068,2.1456237433511722,3.8692481793774847
-3.485698409504847,-3.541646029302811,-3.6851769739613873,-3.3856173180385705,-3.9694101616240807,-2.980769445018365,-2.5497626392868686,-1.2283967551622834,-1.2876583991803294,-0.44454276865378195,-0.5158231935478977,0.20104449891518356,0.22240746771130318,0.4486164288061413,0.22524456289556055,-3.1612533420914533,1.246185049093044,0.49941728770137767,1.481476494716032,-1.1692529706571173,0.1603565130408002,0.6616245708569509,2.4929655373417927,4.971080535656579,2.6084766594216053,3.3247249559919765,3.767433019685233,3.615614027440072,3.7971118528013643,2.716543130718339,2.6050066918561776,2.7748038661126877,3.072772798163375,4.97173812892003
-1.6250558063456664,-1.7546649641979,-1.220258276647301,-2.002266753931821,-2.376442334662826,-2.1544175195132502,-1.3864628980718416,-0.4550777609195691,-0.7070835603667587,-1.2867084815557361,-1.6732569048946286,-0.534304480375511,0.6374441502074409,0.7314717511762185,0.7333454928830402,0.8655762948799989,0.7011193189451957,1.1467276505436848,0.21357477703954142,1.3982644611872135,1.6280060168162815,1.0091673739675706,0.9491496325764314,3.537638136656529,-2.602984576092486,3.726086253873988,4.075665505385872,2.6398958107639,1.5054561533843707,3.6386496855733697,3.796474525941301,1.875719635181664,2.2278348735990554,3.541444731030743
-1.286172549822894,-0.49898162165524934,-1.3973183881750373,-1.8248787221232539,-0.8286578813496506,-1.364729314403891,-0.7986509162623906,-0.12802707707466854,-0.8460718487727433,-0.14030552901884122,-0.9796664216673886,-1.6679689041906385,-0.42300704497796504,-1.3580955906950964,0.49365560029168937,0.12464786234408592,-0.13318040435449266,-1.557583095060692,0.5847554886597992,-0.5218536724791587,-0.8748509373307289,2.9730056772430493,3.2092411216970027,3.3092720664349224,1.536198246168642,2.364980324684286,2.3652365198500913,3.775551155349057,2.2472009818994043,2.9729511144446104,-1.2776574057373407,-1.488585882459832,0.4034195511126514,5.995755118720356
-1.6581695182101683,-1.1007173540875923,-1.2875532512588377,-0.5793864107853511,-1.9118780094266634,-1.2760027238028264,-1.008805353642567,-1.1922962261431065,-0.8978238418341987,-1.2831355984534762,-2.462955592665287,-1.2194962614680032,0.3012605527683337,0.6174243648882465,0.4511527013470884,1.5049009556419355,1.202050893428793,1.0452749743085183,2.325881422431426,1.8522154451848833,1.6975202293274305,-0.19530311901805938,2.2424831708388626,2.2045195918177307,1.7613004197010844,2.1138509860511587,3.7091665112030676,2.189869915217524,0.41580891930979025,-1.0175045939647818,-1.8295264402076552,-5.578586006263408,5.9006705203270675,5.420218757046343
-1.1393612116629002,-2.132647183985143,-1.5335531128267712,-2.1660952005304823,-1.9123622448460431,-0.9915787602139903,-1.7180140790150984,-1.4526456172649314,-1.5461617172777122,-2.1099698654948895,-1.4065821842563075,-1.8172690526876563,-0.44503517768907935,-0.5136049324619847,-1.5865577638325359,-2.483420914366073,-1.7942417707356209,1.6139456718863419,2.106849145531002,-0.4253238306943019,-1.6456672152963634,0.16197809226191706,0.88071229837559,1.2498446377423909,1.2808323284120662,0.9222219958162817,2.308326603061091,-0.3746431364229163,0.2887437442999088,1.6310329724564345,2.317152135405458,2.528076879394443,5.191618907788707,4.948780032096015
-1.2738380672382272,-2.3434559589022683,-1.015761233938781,0.36534250753956,-1.1017663264901396,-2.9187801656046064,-1.1097636307098415,-2.0695915991121194,-2.145506817728398,-1.7391902571611308,-1.773084461833874,-1.888739377515293,0.29111167569068114,0.05489930301787489,0.6246773322602847,2.008027684551805,0.6305964910318613,-0.7152971314486204,-2.128746077315777,-0.5968422557398853,-0.16190692008964586,0.7183715335426963,1.863386778902912,-0.6825617405960721,-3.4556095899314037,-0.7671433609343697,-1.8159545000521324,0.6646219745972847,1.248249328582139,2.139945069471407,3.2075392286756275,3.6073773284034636,4.013015630324017,3.2330870712125495
-2.7497608049279916,-0.9910325786078218,-1.3992383158287474,-1.9466843907946314,-4.051367266944304,-1.4308927997569387,-0.35097583816580297,-0.4459701097023139,-0.3388370522419418,-0.7468460257757776,-2.073893620232464,-2.6774825066566796,0.7814393062046364,1.0102259010398145,1.2868325931255435,1.2882838993561494,-1.932797650899488,-2.397245645731934,1.7802997851145825,1.4392822662346116,0.8784976343260615,0.8447807892759434,-2.153271448181253,-3.9271618366058703,2.1866450026393522,2.4821362768427417,2.664927784727069,1.6384877009530958,2.9402315262948435,3.0167782674085113,2.7578740964490085,3.4098094871627995,4.048181595436871,3.8607348827872605
0.4707474005821572,-1.405412913250094,-1.1154999806696557,-2.8435655270133555,-4.079816534430784,0.7680081329951547,0.6758602706383493,0.16348519075579354,-1.3105489508888124,-3.0017778668109605,-1.4668890345403773,-2.853204321220441,1.4785386053565945,1.0125152868898557,1.0913844837693945,0.5445227870732331,1.0862641439444027,1.7717770317430925,1.4030323297132286,0.39471327157698555,1.079937288947928,0.9412596901798159,-2.3677495799371093,-0.40739964422486113,2.5475543872770987,2.351882805767023,2.7358499035175248,2.0890005216703647,2.4457786314098646,3.5304256225101374,2.469481070269826,2.6373473770983176,2.771976170029852,2.6435630180198486
-0.004258016220426002,-0.6278560197613304,-1.2142139473177072,-0.10682248106432321,1.55326558317712,1.719894813314773,0.1509682617127162,-1.2146961649620491,-3.9426320436505193,2.0747544773789217,0.5144559243525915,0.7330461381304805,1.1773381979506734,0.9826884051103183,1.8525479658962567,1.9951036801086741,2.0174455662798683,1.4241210002008888,1.6344080765163536,0.9771184703646446,1.317945658530701,2.217392040991948,1.7822086588748733,2.009673222923125,3.2182586684731027,2.0424707066794796,2.104308258399297,2.267074534672888,3.086598561131949,4.252675121611614,3.316443790580238,2.784829271310169,3.342192139914804,3.507784800835442
1.637045249773913,2.259256364744272,0.41469342820605354,3.307729092685817,5.125898161480812,3.1152365805306,1.1820507789229049,1.3166147013731713,-1.668888323092326,2.2853212450254903,1.247964957658839,2.258673020142454,2.6378343930374113,2.761633800511559,2.223891582153339,2.0145524538049906,1.4545055775534521,1.6136602645494087,1.4285578702196937,1.5738021779019213,2.190669966349893,2.3153261842305293,2.6448795688481828,2.410370759523836,3.004348161936839,1.7845180465881791,1.8483457774322103,3.4630633462284908,4.287950128953743,3.6082949280339784,2.1639815374552605,3.7577213779446494,3.52043615685387,3.8290900160261936
