script/wind10m.json
{"header": {"parameterCategory": 2, "parameterNumber": 3, "lo1": 3.000054539987559, "la1": 64.9999836372058, "dx": 0.5, "dy": 0.25, "nx": 34, "ny": 52, "refTime": "2026-02-03T17:00:00.000Z"}, "data":
[rows 24 to 47 of 52, columns 0 to 33 of 34]
8.220613926757334,6.599940891872015,7.401850762559765,6.8817971499817645,5.653247886326404,1.6769293787130073,3.147895585220876,8.509377845165027,1.832046008460785,0.614328264865714,-1.0835523939492406,-1.1995634847186842,-1.7826777568478136,-0.7977562719461511,-1.5263486424462565,-1.3093931725809975,-1.4068223645952933,-0.028873485118177302,-0.40825899023327517,-1.0534608738878006,-2.0416108123591887,-1.2538088341788378,-0.5416963839164237,-1.024902821435863,-1.4093961821278491,-1.0648365402200866,-1.3835894427211077,-1.8201377669401226,-1.5010493636473081,-2.042191340390554,-2.675541772052774,-2.7040095350598037,-2.682165281192911,-2.524778406906819
8.643060892409329,8.104114843608533,7.484537466798968,6.518998410389704,3.9453387841192145,2.390092351505108,0.9405548422141219,0.6411335511032006,-0.2683798132893474,-1.3211225392707953,-1.2957808131685944,-0.6800116678193816,-0.2257322499950429,0.2088327209733437,0.24439187036982205,-0.12792608909297287,-0.4393079946855852,-0.5504433991395791,-0.7077182469473838,-1.1535360594896453,-1.3915765223438568,-2.1050395200319385,-0.32025125383556025,-0.6841629722484116,-0.9957706268502544,-1.4701438809028589,-1.5426891622179713,-1.6256278882206763,-2.6372616540734137,-4.4443509203250136,-2.172111357294552,-1.8737595933805478,-1.823577248369333,-1.16715781376684
8.327289958590386,8.302774091782963,8.061033432470563,7.374461905963876,6.885537039439307,5.637065528505841,1.7065977062209037,1.6473494556143382,0.789805780052433,-0.38530745886378936,-0.16883948653857836,0.06357739843083422,-0.08973220839971671,0.6613184959025036,0.28903960639836984,-0.15444799366906223,-0.5835701908879176,-0.6894177588090745,-1.0011562786189068,-3.1693713202945952,-1.0161784816269865,-0.2384852036794549,0.1259667154236267,-1.7013263680678659,-1.7134043775841505,-1.7858656774970088,-2.010074169352926,-2.400375930383203,-1.8321733716183197,-1.573375698105919,-0.9164194031003203,-0.14881695475851428,0.13637162811319503,-0.1318150500952883
7.712682784311799,8.078712836169986,8.33026286442529,7.853366218513946,7.653997585650433,6.709222378221517,4.779599969654683,0.7579904287493151,1.3845700005568706,0.3667725241387549,0.490865654372423,1.2684677948653056,1.446424627906098,1.2698922745593773,0.707411292864267,-1.2279885565468776,-1.6443083430531995,-0.9010712044919303,-1.0337222528257966,-0.9982310104897424,-1.3262278970304613,-0.3260400351361346,-1.0545618467101896,-2.9260243077549566,-0.9658730935952898,-1.4219321748066676,-1.558161953627769,-0.7503854570478449,-0.28516244269467567,-0.17517481349228103,-0.5079685551180423,0.07965542649750001,0.49603448427766245,-0.1734138013951274
7.685454648446089,7.7595745881174425,7.965397474310301,8.174122403899284,7.5183740788609645,6.691017702152048,5.84335576710205,4.6750163178073265,2.5233431955172763,1.2720133909897264,3.3817077939947087,2.828037017462131,2.329182563701149,1.5656754307576144,1.2310170798390188,-0.25858466423821136,-1.484316673270441,-1.8572158989269907,-0.9323324332684496,-0.45450348833591586,-0.07433296692294071,-0.25321350166069984,-0.6341678486195891,-0.34319619875982355,-0.7707037212309197,-0.3516210969965429,-0.5745810020257011,-0.33589850390759884,0.1892002609214634,0.3117358301403989,0.783039276789193,0.921422650362721,1.3500365409507757,-0.10012323242870552
7.101847830693079,7.411919413487112,7.608624668425486,7.8570760798814065,7.59560900912893,6.863065764511502,5.973564005745816,4.797212959127534,3.7916721898601935,3.2392256837651483,3.4401329466502086,3.2216598341098486,3.5680679500967596,2.6356459009156152,1.804176832898975,0.801205864376948,-0.10730381913127877,-0.5950562175918191,-0.19630255679935135,0.30112046718467506,0.13956869466498228,0.3107533334476877,-0.10783072546020943,0.21150170638130922,0.08279442583145417,-0.09131048224672614,-0.07682799415376847,0.024733422991064676,0.5934428505047289,0.3593188535180487,-0.2694991167820845,-0.76661914337179,0.16635438334464314,-0.14838320153410264
6.922926350178959,6.881415974167467,6.775899773717403,7.020283625722437,7.283733530340417,7.174140506011855,6.467900169379024,5.7946211833079655,4.983783265911568,4.433793129941712,4.092170775548996,3.573481360741545,2.957498645440403,1.8230335954911876,0.3857487481074349,1.0683592594928204,0.22785317484016543,-0.2969245905619707,0.022378086682501734,0.06450564393355399,0.13057033201383603,0.15328322481667855,-0.10395013320006956,0.08712461805444617,-0.07302600206267604,-0.33050703018870015,-0.5628387834589688,-0.07431937978520375,0.5286784560174942,0.14239246851800927,-0.9686313479267742,-0.3660891905689008,0.05108258196634525,-0.0819402553686979
6.953194751392757,6.671317393288127,6.447826430031314,6.084675498925968,6.419440265095496,6.5053684395730045,6.291429679209188,5.829458614289109,5.208403068540873,4.339616752643722,4.225707476630161,3.9280409316520695,2.6815019161038562,1.4776243572717125,0.7861879297770222,0.3971238265585882,0.15802301155246032,-0.1466832718897013,-0.02719611076761393,-0.03270689190308376,-0.0761834359482294,-0.20895246688637084,-0.1681894184154961,-0.26548169411513767,-0.5161651888495296,-0.5219107929085434,-0.5984893970088682,-0.44143295393712906,-0.17544076399166583,-0.273516896591916,-0.760931259472458,-0.1844140307945629,0.3939457572072535,0.5315873665361279
6.682365978489667,6.3850374287562826,6.342743407539642,6.119965198285855,5.628451134368027,5.526683779534234,5.692793837490691,5.42604936880261,5.112169324540943,4.292848688728006,3.139225487105491,0.9257892772325411,2.6493916915363527,2.621436013882606,2.0768564138527723,2.635003199636525,2.006416225741025,0.899395043476927,0.13408886562496558,-0.03291581405827084,-0.024602912112768428,-0.11553434345104414,-0.2940808026070908,-0.4402063582760602,-0.5407310572509004,-0.7662200250429616,-0.6479428591090284,-0.16719717282426244,0.5653593930532499,0.7426687040104452,0.038779719079627954,0.7983887569314598,0.8842753679152575,0.7642068378540442
6.481252556375008,6.250177308261127,6.20768464058933,5.912308506180173,5.582815409129885,5.387279998596088,4.850065020749932,4.935660172413795,5.026993034848764,3.88496103924701,2.4935828512085565,1.5441964858301946,1.7268841503183032,2.004747321014948,2.3404836883485407,4.069592448615253,3.3683829495611843,2.009661687265732,0.9742614462658292,0.7795769229874911,0.059783004404961905,-0.1106597627944814,-0.2121473006231304,-0.23428324809770756,-0.31152243018283504,-0.43672392809344396,-0.7785623339519893,-0.23484612168263405,0.7213135480332148,0.5088420438548954,0.9901067017823053,1.4339448373020998,1.350661194043093,1.0016872836339774
6.2547595403178455,6.398403129822269,6.38490133625926,6.177416797645809,5.357733052603469,5.254768473587205,5.1671574074624385,5.073034712635705,4.0326735520818655,3.3061290502821024,2.276773153048821,2.0858188433598097,1.3365471353232579,2.047597244492061,1.8111866712560738,1.9441422297398245,3.7648786718732614,3.641866777088305,2.3428741207025174,1.6588613000472092,0.8979518919698065,0.30831684231738327,-0.05165384441204772,-0.20456958974398307,-0.2883359426684047,-0.6303641904293874,-0.5460158607651567,0.2211715592685786,0.9891229771980315,1.3145992065922638,1.5190205228662947,1.6686537947618378,1.3614075754293977,1.0632527666258733
6.239171605302806,6.093932046442723,6.0829134826487925,6.176743957569271,5.895769551655272,5.589957297825398,5.00915550199176,4.606044108916435,3.9865330371512924,2.6406582637463196,1.779130125020266,1.4137750133572693,2.110834459055204,2.0486636758548595,2.2273939819277184,2.309469688830265,3.6923144938325674,3.1287173097201686,1.9255601052383458,1.1249105624694646,0.35123864922956405,0.3136384163252817,0.030767229123791123,-0.1270911398847718,-0.509718890328292,-0.3733602704326677,-0.3978254212318836,0.3082925556998493,0.8710938145435684,1.3543368668148978,1.3736599831759455,1.4253161583552163,1.5353040053160318,1.5507317065443271
6.011499858678151,5.988612138127912,5.855422181098952,5.742333976553362,5.768679895824781,5.5817539663910525,5.223608712137541,4.6470142140260995,3.878342917983387,2.682512813667297,1.9464438832458222,1.816563095645446,1.4719192769938232,1.7657494133391944,1.926877995467234,3.2483056710297076,2.9267559840981274,2.7819218090562785,1.0378827078688173,0.9253514967398379,0.8844018952044879,0.2016614995269102,-0.0815111134250006,0.09956200068034336,0.2473290048992661,0.1201434961844717,0.4298567403614245,1.265143112486176,1.7835925921843523,2.195613014946228,2.3372525321369553,2.240824345069527,1.9494330995768998,1.7434028517826572
6.22960861766453,5.847171536212691,5.742691703737185,5.550961006339868,5.297213680831204,5.782024260761033,5.640886999912463,5.020360892932363,3.818006599277121,2.4085683775096487,2.077516738981175,1.6452090882962345,1.3888805455332656,1.6667818037967845,2.734131188510293,2.1013618988548575,2.415522864636003,1.786495696507773,1.4790080223052198,0.5280596323102408,0.2346506091908634,0.5382990122583983,0.18275060363811588,1.1851904373940794,0.8550474133553965,1.181798349175246,1.820125859985079,2.450197776089677,2.766317683229026,3.060470196811525,3.154810161405567,2.9818304849876562,2.67976265421728,2.418665808056803
6.217597765077655,5.982753136181375,5.656304810892296,5.329111217857114,4.689747608557946,4.849771382914452,5.276455525905823,5.199661854822913,4.425535358492403,3.334018427092597,2.0723464786058234,1.5458227800319473,0.9678688357677289,0.3043335465667045,1.651084736884065,2.486801848434432,2.2489661889322528,1.5040935542365,0.45485455040612194,-0.03005185844312937,-0.5346655944936229,0.02965403570791613,0.18535546339774722,1.3070341250296196,1.5229697241778708,2.078657909555334,2.523007882404754,2.934180715291373,3.1759398264002208,3.4452644555661274,3.568982078685301,3.503337835512273,3.511568304151716,3.2141578156624266
5.677129076728288,6.00365816030217,5.915493137379987,5.332163472637934,4.826438055731751,4.508012108577757,4.435830521490306,4.748043096943794,4.674051425497597,4.017565187892801,3.4101472193792994,2.369299335989804,1.5704875709294863,0.830354630079081,0.32746869564210007,1.6795199092684387,1.9983709146615396,1.213601815084691,1.7684785191841301,2.4719631096492014,2.087376069171639,1.7582066177208926,1.898776235623699,1.8297311649478167,2.4160391697577945,1.866592960320484,2.21224974589919,2.5435289550501055,2.7385909635650876,3.106537649865369,3.548611274847556,4.350553505920502,3.9231212412809606,3.7410364477992295
5.66214631574909,5.7587174065961095,5.742516740229889,5.641234800280204,4.816368292260456,4.366379653561325,4.606579532656021,4.07957678275834,3.586599910764642,2.9033715226125545,2.702369991366876,1.7045377010658642,1.2947887431545204,2.0261829441894195,2.40102278254308,0.6959527621418596,1.781080129892292,1.6702223970651635,0.7725892084827961,2.3531712519798895,2.6667866046336077,1.962554069444405,1.5442194507914535,1.162715942369836,0.43731711463304684,1.3504288575051444,1.770083514704539,2.679702472372512,3.5482594348714263,3.3553439761434842,3.311630988596597,3.3300678590044264,3.522927847783996,3.608735959138256
5.917564883751817,5.661487518698095,5.766547605406928,5.626718680134484,5.44265514477923,4.2311125191658245,3.778562457562371,3.477173186946068,3.2335201872313624,2.628472301973117,2.0459795310185007,1.7246567196932512,1.4949927216435344,2.1225548254592668,2.455511849157994,1.4525968961838682,0.016865488243740182,0.28085306598409865,0.7803578772221953,1.7419952308478235,2.1519955557861055,2.24812739358188,2.3064111138683225,1.9436869886625812,1.9672779511557845,2.5110967075621633,2.4165533865347815,2.555689838613354,2.112411889672161,0.7718185062667701,1.105401727367746,3.636379551567279,3.9215762772893203,2.5897608151901506
5.869677014582853,5.999083192107862,5.899983930266772,5.7515512611752975,5.418881868367749,5.104172453690944,4.605957545314552,3.8646603554282613,3.0236694130070356,2.535623115578699,1.493689779552926,1.1309031041473991,0.8037968484476702,0.9703204173414104,2.747334219903182,2.7805071950498075,1.9625342605878435,1.5754903746717581,1.5055884154177523,1.4378654688500814,0.33391119385028084,1.0367852260965305,1.5442579093098565,1.93866551610539,1.817403413205492,1.4182442978528766,0.6217218330419663,0.20880891514499642,-0.028812839107436445,0.4254160764909609,0.9359413617865902,1.6979132991337702,3.4301089996841387,2.1576207869300155
5.832413862124572,5.932067335379538,5.686262963959167,5.870652436060625,6.245996273706276,5.519788576201298,4.865988473959553,4.058713016795563,3.947197972769952,3.165229706895292,1.9452416085931932,0.6309350652660163,0.32753744047809336,0.5927322408429583,0.43179178925660927,0.7193525933477873,1.7809167369594827,1.7738532360259667,0.6139122343834,-0.20995441941515508,0.03002694953089648,0.8906171664115673,0.7065979164483812,0.8293047329945544,0.880045683661688,1.0551974418380436,0.004259681646637387,0.02983229296894126,0.5562477439353446,0.10683942157267283,-0.019251822816227882,0.7730043630294728,0.64555201280256,1.471177704425555
5.356895079833517,5.454267647484986,5.489642424363927,5.648035255397039,5.746689852256001,5.782891408772688,5.152878171004929,4.438059212996821,3.870753441228374,3.6516465011726917,2.5421094280954777,1.3047897400706587,0.2727979342901578,-0.02525118302719347,0.4618826886329704,0.4938227600462092,0.8504378552991791,0.42082174732860184,-0.39997226093809335,-0.7166934432541363,-0.2293047033458658,-1.0226785198164114,-0.20129164970001412,0.2973796342657479,-0.42785969247936134,-0.3850083092065248,-0.22695712846581362,0.3616496078234203,0.4071344918710155,-0.07723339007738378,-0.518576933092476,-1.2165078162543201,-0.9576796213437511,-0.4999787041033291
5.346585229581614,4.98911834239103,4.934808239258986,4.482294286193174,5.293676939599564,5.5145752973785065,5.0815364778330885,3.817471222272465,3.8119279761429046,3.427539312767103,2.6435644002920484,1.6545738260414429,-0.11905505175533442,-0.30963775167265745,-0.282675014466664,0.3542368345978758,-0.15517169115553836,-0.8465420350226466,-0.9010862762359271,-0.5181282963478292,-0.5034570174330845,-0.3964423263034396,-0.9798784906152909,-0.8236112656934268,-0.42449855687716986,-0.1642394787650909,0.2868988901364759,0.6170533676071452,-0.5260779108000803,-0.5923195285361273,-0.8639884577028712,-1.0585513525081014,-0.9542685646815848,-0.31438183478092946
5.32554074548336,5.400584585400918,4.954320879742214,4.374331699691889,3.9757895685989952,4.350424513136063,4.514922231349733,4.485245987705706,2.7468169727357465,1.177300995190098,1.1986956016233028,0.9969551577976519,0.41351360438953705,0.14407563161915363,0.7984674037907473,0.19373224541329054,0.167991998810076,-0.4464283784587508,-1.0959460322014178,-0.24401588403414268,0.21240949497315906,0.5325226643923608,-0.1658928008360177,-0.5946696265744265,-1.2343668769709286,0.3668491464408308,0.21923556030665103,-0.04791937898479652,-0.9759871065785014,-1.7960743691555208,-1.2908322171333522,-0.8755441206006159,-0.17298447810275988,0.047161496916366355
5.288342998340949,5.983060696094272,4.986512664702233,4.647828509664327,3.4573163340563107,3.1313077485582332,2.225087392322136,1.536650035874484,1.994939607533001,1.387039173835122,0.7286431136979573,0.8895617626638751,0.25186983906600685,0.3819709853456637,0.6384179515395586,0.2812800443501052,0.09228918059266455,-0.3084396436892988,-0.7337818528143091,-0.717251487228343,-0.19694460746939674,-0.515310293237946,-0.12321547372996566,0.18498212031170624,-0.31443262133498784,-0.7198698378956416,-0.24212141877792137,-0.8843852560133352,-1.4039380137580397,-1.9313247738557902,-1.131788575862638,-1.7824076506778055,-0.7885511520779904,-0.42218987735689145
