script/wind350m.json
{"header": {"parameterCategory": 2, "parameterNumber": 2, "lo1": 3.000054539987559, "la1": 64.9999836372058, "dx": 0.5, "dy": 0.25, "nx": 34, "ny": 52, "refTime": "2026-01-02T04:00:00.000Z"}, "data":
[rows 0 to 24 of 52, columns 0 to 33 of 34]
-5.379960275506684,-7.450898391210555,-8.14859256605019,-5.471793601701778,-7.202223373154765,-10.05943280541896,-8.723192452750025,-9.144986022188098,-9.890191807712355,-8.264010735445018,-11.40438626472179,-9.60323235520756,-9.879022055212085,-8.008207180251084,-8.485667711699705,-7.133636968246038,-6.951165833851352,-4.20888971078352,-8.339064150273066,-11.030030667969548,-9.585865157595066,-7.593015219776673,-12.289039241950755,-12.47966644208964,-9.39987419926151,-7.0468990244613,-8.8708692655324,-10.910972667371045,-7.949866010056041,-5.846273460915859,-10.264941930263436,-10.906829195032643,-11.348541577693231,-8.83156842567404
-4.907093524621056,-5.757427187815817,-10.267080349514268,-8.33267807066834,-2.6201967607415093,-9.04770214400721,-8.146327000555848,-7.455756587626239,-7.722070373389784,-8.27708189524945,-10.520997390487082,-8.818951321030646,-9.389933541404874,-7.8175986165900175,-9.000224794436605,-7.83099109649761,-7.31752038016393,-5.9744693759467244,-12.414488122095802,-12.032722839806521,-11.562549171716803,-9.370889585394934,-9.529849939953406,-11.326366853572756,-8.105206035416492,-9.635040695429588,-4.103580059135031,-7.437491915616616,-11.881647417930342,-10.586447477052975,-5.909075748503728,-9.65669890595654,-11.313945390812371,-11.76264382110894
-4.98400658009059,-5.236202211595787,-10.893805942268772,-5.189504937072772,-7.599168527447378,-8.570636078474772,-7.780414057255157,-3.196313492714126,-8.473022726998947,-9.768732602111879,-10.309835481724766,-8.506020069573415,-7.873760969037888,-8.18659593928065,-7.709711097548777,-7.4362209058908455,-8.787241179863889,-11.679611132735497,-7.8894391240511,-9.231901062549538,-14.223266984459423,-12.11371453713667,-8.384194246898229,-11.374931024090962,-10.16148089646607,-5.7797299607144845,-11.641595412563122,-6.612656720408519,-9.794932379758944,-13.705966446107634,-10.52699590864331,-9.146125731580307,-9.859215301600008,-12.493894496897157
-4.2620569459718105,-4.792753264468185,-12.552650847837429,-4.981436633638201,-7.667472783415416,-7.248475313443243,-5.181406680210739,-7.141529004739216,-8.31069627011146,-9.879842077442426,-8.207779226674191,-7.017499747665608,-6.73392425833749,-6.821799488875431,-6.038045085889063,-6.837031402325735,-7.689997457092199,-8.868835551617495,-11.899136596102892,-9.839894609243022,-15.197400598945483,-11.668634727028925,-14.980551481826001,-6.839543045763302,-5.428437588401751,-6.881303932838648,-9.51371774488997,-8.806353054450206,-13.441830394850825,-10.976465147432739,-12.066688266314566,-10.862854032519488,-12.691814037136421,-13.570587967686945
-4.078872648758882,-1.3416779464239776,-3.9941645682151146,-0.0934871508859233,-7.65369735502063,-7.663369829204038,-6.282117483958299,-7.323438658479574,-4.603458902749596,-6.155930292970875,-7.298611895521173,-6.96102494970804,-5.407884482487825,-6.326776577550625,-4.506085929182638,-8.49205482300763,-7.40381952441208,-6.428830502107776,-7.55580199790093,-10.03859234780082,-11.263054388482507,-13.095748944594375,-6.246976776288607,-12.17099315810252,-6.5070947229932985,-8.884812399505735,-9.434908311934027,-9.843337238311362,-13.346355463010513,-9.771150098510615,-13.705533001921435,-15.597365433360627,-11.315382207422607,-9.650063430541511
-8.25692278066765,-4.269686517965047,-6.137527249764152,-3.1055751204755464,-7.9363886242209425,-7.665738882061259,-6.736677592074929,-3.982532531830749,-4.284804594635855,-4.778510526569712,-7.883103088321025,-5.103743636630687,-5.521861473334311,-4.172233005773493,-7.081024043193761,-7.43582889437376,-5.897402107603546,-6.6619132106149195,-11.573495648559392,-11.996574266670434,-8.267263868127959,-11.352521217741668,-8.506461548644335,-7.20878773215476,-7.59982558779929,-6.807611506403677,-6.967553268591764,-8.459693546142738,-8.21771598728789,-11.452272698411992,-13.701133014810813,-9.159451781717408,-7.858525524040752,-8.703555778069799
-5.661241910168239,-7.337136780354342,-5.818753993617782,-8.187266548765004,-8.476247459869478,-7.895064055279203,-6.728884369594332,-4.237038716333869,-5.294535001662986,-4.63317929034709,-7.03315604747168,-4.968534910528134,-4.774010786664397,-2.2180103668404416,-4.666992868074103,-5.9341501133081005,-6.405929610065546,-8.914088485628069,-10.725087511985755,-8.362722239325612,-7.324581943994712,-7.243045077102255,-10.591091446759405,-9.469354257374203,-9.60619529562282,-7.166913207488241,-6.397439254241523,-7.976358585864734,-7.881151204245914,-8.71577949042711,-8.378697236156592,-8.015012485491651,-8.444287503687496,-9.569612985169103
-9.57442470272373,-4.782674190095672,-5.035997722859967,-7.94002243275176,-8.498938567161634,-8.3328793026851,-6.612673871666177,-5.270037249262693,-6.172449016489527,-6.272838851636482,-5.933263640171669,-4.219181788315569,-2.5586434269697387,-1.9727221302807134,-2.0907180717277463,-3.6979759271948183,-4.35220442612348,-7.9094204444810545,-9.2202840298759,-7.107471180112934,-8.695658366508647,-7.069228256786083,-6.4073878010275696,-7.60123054978551,-6.592410776581055,-7.666255847602888,-9.256333694950536,-7.803451632356458,-7.276836042896805,-7.903937743435002,-11.301802391020953,-8.527495470460046,-9.230928923691733,-13.519772508817711
-12.989908110518847,-7.721178149632087,-5.509433179460759,-6.505955697362989,-8.737543470180102,-9.199154935872981,-7.5842737496378865,-8.618371264863429,-5.147614864373265,-7.0667025781082,-4.070387701962252,-3.276225974573735,-1.7495766632397813,1.1037138977604708,1.6031661207643952,-3.3635405880759657,-3.039248043045266,-6.363499807171222,-0.8071192609609847,-8.260898017063155,-10.703157527989287,-8.244048557678573,-4.701803240309776,-6.564098815592053,-7.042853745334046,-7.679166401522553,-6.9396522664643125,-5.902131327512157,-6.056419492531632,-7.23751673355481,-10.203559212720958,-11.04236678813211,-14.15765279245379,-13.273090357659225
-2.69082222818491,-9.193026463692279,-5.647580630688729,-7.956058147808514,-8.99295220823602,-8.201506844898953,-8.927458698678466,-7.631722631485651,-9.378983256593422,-5.001026059105701,-2.769749818827863,-3.639973860228772,-3.395339593424415,-0.5236655150634685,0.6240117850288209,-1.3437659840920482,-2.818598271438541,-9.810320881055995,-10.710933822925744,-9.302838740667275,-7.583956241427848,-7.526853818796647,-8.380332595928573,-6.599486410514058,-6.397510246578457,-8.427671185442742,-6.867807318864809,-10.267279369789227,-8.746169469359508,-8.764336086117192,-9.655622942097779,-14.20839316092269,-13.928650718935891,-13.589476215679818
-1.0828829570699754,-4.34925902739975,-11.791507138997794,-7.483563695104559,-10.254400776006202,-10.809301849438123,-6.725959440659186,-5.435294063696451,-10.616786642969219,-3.4848586287116974,-8.012832482476027,-0.7499997687416297,0.1910983062780322,-1.5671972891108392,-0.7432682571321537,-2.7700905195154113,-4.458146860825125,-6.71530974695349,-10.44788831663533,-5.716963813922285,-6.9992334215635355,-7.231819253523213,-10.689047424294053,-6.95649319630518,-8.24409646052536,-6.885255104453675,-7.305081117743697,-9.192345147378278,-7.564255039900386,-7.742901014465602,-14.291846150735111,-14.580709547824114,-14.842226808159463,-14.431521031212474
-3.6659098306887152,-5.368136645940101,-9.455200148440449,-8.180330124627892,-9.108731937752212,-8.067957194270702,-8.390589862113792,-9.743412147608833,-3.5537642558692526,-11.668216178650308,-2.0154366133254102,-4.6274710165599755,-4.853331274585879,-2.5879475223192308,-3.2737358299019363,-3.681182629436751,-8.405629623383938,-12.598691579781146,-12.28806679737903,-8.576045348542387,-10.162804536919383,-11.61341826996319,-6.3743935162667915,-8.671704734548317,-7.222797210263726,-8.499419312436109,-10.048867521468736,-8.812024538928513,-12.376989192681762,-14.819228570668173,-15.69276303628043,-15.746248509869321,-15.666212949237549,-15.491877025529249
-7.733461031474587,-10.125882872708324,-9.236166775361196,-7.639642657345236,-10.593046961797015,-6.827996718941208,-6.7441294333425015,-9.256364362031194,-6.726029854912929,-8.410485391904992,-6.278058929779042,-3.103757751208578,-0.98203028074389,-10.040548542790205,-3.57627421610631,-3.8768934329288434,-8.345625573497596,-6.536542860354396,-8.962810126730734,-10.217155546959614,-9.438303707578214,-10.055817642285545,-8.992793972436695,-8.740554824634318,-9.21355511280511,-10.668034829780112,-11.155442814183044,-13.723365794238427,-13.128803996513092,-15.765973774894253,-16.52830553254889,-16.86786763840055,-16.61860730155236,-16.68786230260013
-8.181951762360795,-9.84591210120211,-9.046273051335264,-8.710842732056886,-10.104874913134015,-12.174320877331828,-10.461549714691184,-4.156677961245149,-1.397085355711842,-10.828892760389119,-7.878188700872394,-4.470249037512166,-1.300547795714178,2.247002626661233,-5.262968830909665,-4.642266760419509,-7.331455447934847,-12.427803731601164,-13.944746225538443,-7.083157194291619,-7.467431347305328,-14.251053738006906,-9.482142350412602,-11.16848854717301,-11.272565483232455,-11.921597569769748,-12.613724427004968,-13.260933494794532,-14.205605439401486,-16.21539949673273,-16.762749506267028,-16.68478714339265,-16.52263067393052,-16.293845508731593
-6.528864310647238,-8.46581857379923,-9.557003467181062,-7.673522055092016,-5.803808294985091,-5.698085813891722,-3.8811099701913996,-6.205020272518859,-15.982377703852652,-10.036932343864446,-7.130264199976793,-11.327847619648233,-4.828450701533208,-4.308571367091206,-4.737340110045592,-6.003866991622866,-1.6420694699437866,-9.259827570110975,-7.149490250816078,-14.292096508151056,-7.321502626033517,-9.890925852747865,-12.991044159611313,-12.395668756463866,-11.233364204212481,-12.945404836113303,-13.549865873754385,-13.22578201130709,-13.348868534682012,-16.160312684268185,-16.87326943730146,-16.638994163242003,-16.518958523762354,-16.548376932277073
-5.453413760371994,-6.930071236781754,-11.953192313837919,-7.399726274441433,-5.535973051977276,-8.131509292701296,-9.190931731290275,-4.632029032960274,-6.046138582671672,-7.54088742104226,-12.229068723155851,-9.805999160966294,-6.810429772235601,-6.539008432623548,-6.799027726788277,-10.269678356502952,-4.709140264410481,-9.959342773807746,-10.15842515696769,-9.954165440079992,-10.36078035110529,-10.187535117518218,-10.669459018590501,-12.10972449223821,-10.9176027197456,-12.105137700313554,-13.041333749554372,-11.891611362178486,-13.865823693090318,-16.1773887858615,-17.024199554195278,-17.19626336783694,-17.17870584608213,-17.230783080681178
-5.268780199292014,-5.886272779882111,-9.516461699980066,-6.664016750187206,-3.6360276684958994,-4.888777193785576,-10.312837260261402,-8.111356955599113,0.8551478594953131,-5.138448533893628,-7.664004093343741,-10.425776090206615,-5.097356561878087,-4.657148164395018,-4.503978633110898,-0.223038434279501,-7.4403330327923936,-5.5723381071097124,-9.391398764778755,-8.519581948439123,-11.30764785770423,-11.34060353693472,-12.402618681912955,-9.58397441840374,-12.43456974446364,-11.507180806247607,-14.05536275197126,-13.651765112929805,-14.289805859915182,-16.583239474421724,-17.089022962820067,-17.26379205110991,-17.464863137751628,-18.170791401560436
-6.675831578782744,-8.25959569233491,-7.6828311070563515,-6.1236834254939465,-2.25886649029419,-4.354031394920659,-9.58057098727453,-5.941794714286882,-12.545868207260797,-6.393629932882777,-5.0675074727878355,-9.277217366353087,-6.963145766539643,-6.289551537247986,-5.880554361688073,-5.970707884513736,-4.939801362263862,-7.341791886710752,-9.646178106011941,-12.60995270366802,-13.856625182980338,-9.92514478363332,-10.257552621534174,-11.867660344816118,-10.075750864504952,-12.099697712106352,-13.915695171524378,-12.710242653087223,-14.05531174425766,-16.167115161690845,-16.33100613044839,-16.17674691468244,-16.406965464986623,-16.663736769806743
-5.589687475958574,-8.943207947180431,-7.35738164269011,-4.543826368462283,-2.7734244431074204,-1.6541485999055217,-8.584625742771635,-2.4848436387725537,-0.28930432165041964,-9.91656825902623,-11.611082536050507,-6.69045625957515,-5.33579370955816,-7.419570504745527,-2.5102801615055386,-8.93159260954204,-4.744371161792159,-6.306056534160342,-6.062293985283931,-10.55820870274675,-10.232582641691488,-14.138836674438409,-11.077934569049877,-11.827222570950852,-12.985279278692165,-12.648850229620185,-14.38118669857489,-12.871517494224499,-12.664490070564113,-13.534941974127802,-16.048492857499784,-16.101058212073745,-16.659983497147742,-17.75803048405623
-5.5199353967418725,-6.972698995623171,-5.422476661997804,-4.51651108498998,-3.0723166108910225,-4.895186593219658,-3.4196071503225336,-9.184293774095048,-7.792511163614971,-8.26511821637328,-9.580351960043442,-7.02527320884419,-4.593220860422017,-6.1823059520843,-6.48895171442187,-6.273879380478042,-5.85552429203626,-7.10591314635088,-5.952452099634449,-9.607912789003324,-8.325336346473627,-13.007277467067473,-13.63618587570367,-11.432125972189914,-11.47534239847961,-12.397878355986437,-11.380707458550571,-12.29871277891052,-11.30507034551287,-12.578608560968911,-12.777926903017402,-14.841427960496242,-15.104250314617989,-14.58851441812503
-5.176238018543713,-6.436782401272814,-5.8720840714458005,-4.707837411206152,-2.7788862029427217,-1.9867043675058924,-6.480144062339157,0.12953936796759197,-12.09158023250407,-8.003335833408828,-9.728976884240497,-8.002692463037263,-6.375663924575059,-5.212193894922974,-5.876199983381673,-8.45555282943325,-7.263848515531274,-6.058099088443797,-7.688028461796219,-9.326749611946644,-7.64665050833138,-9.510443869311752,-12.354988582748364,-12.278390134483773,-12.341548806117611,-10.780161131447736,-11.586152431997155,-10.900730597886954,-11.05903010602092,-11.090478588173323,-11.856510860326214,-12.497245367858776,-19.628009086885914,-19.17432901300261
-6.824769246448538,-5.671354372087254,-5.2244591490685375,-4.342768846772159,-2.2042006908087135,-2.7803372537267923,-2.3554946578032,-9.228926840816523,-12.89122376598611,-4.132480626572772,-5.9037468187112285,-7.16315647253224,-2.538547110225,-3.545879282774528,-3.8328684618721196,-4.588691662460574,-8.698587843091214,-5.714472103733236,-8.043976293476241,-10.127848706989234,-8.954756138898892,-10.606047041971754,-10.655335908743579,-11.023166404175338,-10.050926857999858,-11.16346704651174,-10.555746227113712,-9.786239069784642,-9.721746489192359,-9.15773111172797,-11.657704686758692,-11.83695437534813,-18.412352131050238,-18.75269535947011
-6.301622338565488,-4.7982448296651965,-3.6001305854705485,-3.324603510044539,-2.540856727839327,0.06622027725864982,-0.6886455728694352,-3.3502658820489275,-9.109319998350077,-9.941062685215003,-2.5071133636875484,-6.616135146145752,-3.9508092363351386,-5.399517186593331,-2.006794770856886,-5.583135725141832,-5.902772098324272,-7.444843866583007,-8.675646377062046,-7.645058372818171,-10.146834399464314,-9.605136952030936,-10.632991179039035,-11.475590176663228,-9.401080623076517,-10.024532445147,-9.767352059322537,-8.060629150319752,-7.237253568776058,-8.038538331409175,-7.764505315661826,-4.839605474451275,-8.200968397088644,-12.95557400324157
-5.8253320454832265,-5.175764848487204,-3.853664268076695,-1.279717857299802,-1.442111320118245,0.18898340580004466,1.2809213951755685,-4.39133498337628,-10.79727287756161,-1.6256303659682507,-1.7581157746125966,-0.4491715795119156,-2.7416976368662946,-4.074123230976504,-3.477767020452434,-2.766112447496697,-5.441565887542689,-8.503356882805914,-7.907845764430527,-8.95054210657557,-8.002724050192331,-9.497551283448317,-9.924730420080545,-9.544060813630287,-8.694818034248744,-10.630859418542222,-9.58696193187777,-8.319367491541406,-6.426684301472806,-5.776444635767169,-1.016581809558308,-1.6257643299892575,-3.2917492579873917,-4.848893507594641
-6.546678120078841,-4.96564552176605,-3.1063589574219495,0.2055431889417215,-0.5585474504013728,1.1424651114033535,1.6510162947020037,-3.890697076169151,-9.314780066465419,-0.6448197512900813,-1.0986451945984328,-0.2258838900066969,-2.0717709172862446,-1.3823589912781964,-3.2201704075927315,-3.165062211560014,-3.813906265400996,-7.430585091691352,-7.388328500650142,-6.803600622435699,-4.76409399194327,-3.786879843963358,-7.093300193906932,-8.2475777403467,-8.565831030062396,-7.556469628099162,-5.7240420816665845,-5.48238315511871,-5.586747232002969,-2.9357318849014167,-2.352237780235378,-1.8051306435502825,-1.0838407086841233,-3.193822970906401
