script/wind10m.json
{"header": {"parameterCategory": 2, "parameterNumber": 3, "lo1": 6.000027932988019, "la1": 58.9999434238085, "dx": 0.5, "dy": 0.25, "nx": 22, "ny": 24, "refTime": "2024-06-04T19:00:00.000Z"}, "data":
[rows 0 to 23 of 24, columns 0 to 21 of 22]
2.3239369718219964,14.007209173137348,9.318110996965839,3.5635328097327132,3.5127972880647267,4.117494171140864,2.1924351160244115,4.5900967190899165,7.583692758827898,13.393603541993949,11.309345937938545,3.3540927207554767,2.8677481437708408,2.3011787630718445,7.122538827360066,5.848598597655237,1.2457366865408448,-0.0008971386463975871,1.3684245308162428,0.9864526702921373,1.0719962266589949,1.1645987307847097
6.393837132622979,5.679252344979602,5.577837029180677,3.4385790290619447,4.056440730521223,2.6614174627983003,4.467053210857686,12.035494327888257,11.670325648169678,10.796919361464132,12.9905871461095,3.3435884819260053,3.7710543862700776,3.5607606664078526,9.492708613044858,6.471520545799516,0.9193095816848441,1.678592482806021,0.8917989631241413,0.6305892013965303,0.7266548603830548,1.5343012154594062
5.0178267253361115,3.702109591469797,3.318993371719198,2.9261949711262756,3.380898440388623,3.0319975477867986,12.480885237114887,11.11133693635809,10.513834237856514,12.21263436257325,12.217778019873265,3.8375338010204763,3.077158998001246,8.609725802101302,2.666327257868956,2.415539426513232,1.6165588968538365,1.613608540424132,1.0221404542050554,-0.45270270047175076,-1.339943662747355,2.285556691278063
11.398757407551008,6.516054665350899,3.520773837625306,2.833944246515663,2.601864531625244,6.954109474019959,13.0884541521014,10.778430787003288,10.1436941791655,11.998617310995213,11.321244226007968,5.406345792137266,3.189690885071441,3.048956174799018,2.43879470315798,2.0419402058142597,2.4844389142378223,4.790545350894585,0.8995532042641277,-0.5258977107486478,1.7451647038950249,2.061116165266257
11.469531566496313,11.282575007289596,7.521891365862197,4.556699374843493,7.739298511303424,8.2467860306964,12.85476448405514,11.87391375392781,9.082433207395873,11.670120542773041,11.544495201671074,9.120676825773101,3.3396970546051503,3.0057118265699607,1.7381885621128332,2.135490261000282,1.7615760403964427,1.8142009138351023,1.3895006329729696,1.0788562583991061,0.7571375355273393,1.584855653807122
11.120757075943132,12.077136655152188,11.217760038013862,9.967931292418038,8.927568683442265,8.316684495575837,9.482916897007774,9.091050243714108,7.442974095678566,9.028307356123666,11.605634149740544,11.273524655090368,4.974389989897261,3.5836417717829465,3.254163434591778,1.6239608685478137,1.1427865080267332,1.3175858290771665,1.423374089545629,0.8849464983131885,1.2434149653190718,1.080522572142086
10.631191492245481,10.89935912051497,10.521637115510933,10.242823961898164,9.735223899525753,7.527036665980002,11.732484564481418,10.56219519709434,4.704030976728746,8.916585396714837,9.854694964901787,11.10855928675604,3.951420888176714,2.8538136797786393,2.852116371305343,2.6130436844911524,1.2500218024096224,0.6800960319786753,0.9722580513999004,0.8294227917648972,1.0330507628896595,0.9655848053112656
9.901465179185921,9.704531991950986,9.522216870763382,9.816930329394756,9.615152248466508,10.16345544277228,8.679534128196453,7.010317263495102,4.465864273088655,6.9082911057113865,5.100441427991139,10.367505095249232,9.481405639679753,3.303249033828438,2.458868957196388,2.3077905517799624,1.7184015915623445,0.8423969707311432,0.2033906815245695,0.9485699094178784,1.6655489351797166,3.1290173893232778
9.722347850859189,10.204677512715726,9.199711632896587,9.70107211558228,10.080977775033148,3.5746409062321107,9.658792665261771,5.541504020565397,4.3838337584879925,10.417197112993708,9.27054447135618,10.07493590134379,9.647241578688133,3.335202291472114,2.532784543946996,1.8932072026711024,3.0017839811992397,1.6399151773930303,1.8468200738411746,1.7715579484077446,2.796177286473573,5.081703486856317
9.689628462947903,10.39558954607708,10.555417462501117,9.578433234466294,10.203860630133622,6.629233430911974,4.710552470442776,5.512733246920692,4.746966086805867,9.330756369132049,9.587019789559683,7.9332127646992445,9.929461914734913,8.532499212084325,2.215652493356178,2.379752286048221,2.1994825057102134,2.308007239882518,2.037794132718793,2.0473319361699547,1.8960054049597828,6.7555468422891005
9.586703641184771,11.314288586804357,10.231097096466558,11.135632074460775,11.245865820546427,4.538372657920008,4.174701750349752,4.507136818149013,4.501010020502424,4.671207148991262,9.845550189909622,9.205619620051303,9.277343153433147,8.146575526845533,3.010408464676832,1.7541647602483286,1.9690281553543603,1.4958951960762545,1.6918332319991265,1.9482705991509583,1.7719754173711162,3.71334247359926
9.562166911748442,10.378163564701211,10.324589692840492,11.283335345558525,10.12295682548151,4.011530283968473,4.784329740135277,3.786565437842268,3.7680739885565653,5.135684236359286,10.238758943947621,8.498941973574942,8.445637080718656,4.477142362229662,2.3305929701336248,2.015667395701064,1.5030120570197105,1.0515417118407993,1.3193234560745783,1.532172735371783,1.6747787185829721,4.055036646469127
9.202852304929483,9.929698371334126,10.679071134199825,11.936035750407552,12.621758507308373,5.164051864164741,4.278438155902136,3.22252831311794,3.87082628007496,7.942537799587712,8.763625047650299,7.12633800366204,3.646088153332516,2.7916622060758733,3.421716588298515,1.9628886273610073,1.5909218591041763,1.6857595147961657,3.424199748649913,4.569906398105713,3.672138699686653,3.074338360487017
10.32654153634099,11.04335074666825,10.939074211089684,10.967913350478945,11.134179534119825,5.176194599990271,4.268500993532817,3.255330272558179,5.461266902152615,7.750086388406891,4.896800238400031,4.787420582672668,3.670989810578089,3.3915727678884746,3.059280920675692,2.346096247241016,1.543011688062559,1.8940140842312378,3.997770014325887,4.146090141553748,2.5978414532816485,2.4953077253494897
10.620683020389071,10.458188460580601,11.256956011490526,10.442062417033386,10.92810044768534,5.732833016608876,3.9153521645435316,3.297851865559644,4.218536408346434,5.866852024313421,6.6643621368684025,4.7577646074687046,3.6401209405232517,7.36099824323778,2.368914959445839,1.618526190355611,1.587301542934514,4.118426825684996,4.577779767138605,1.3318079983853144,2.0718496082096745,2.1194525103290545
8.70390648970972,13.836259836992012,11.772610102302849,10.55419852123637,10.450883775387297,7.777922775174403,3.775447503456656,4.393437202856548,4.0208512377127565,4.239392115762463,5.286573638623641,5.210418358201629,3.9407872729124156,5.459920478919714,4.219929357039916,2.714545677599481,3.304633251162103,3.528632678979486,2.0044844197978278,4.379606663745616,2.975052566900367,2.3114411880661807
10.030219987478665,11.127265681013176,10.888530761845583,9.524153399267762,9.162482934157127,8.343116653248162,3.914439804558763,3.293371630409445,4.947942557550369,4.884074592495746,7.984456734219174,6.466461688666579,3.086881815623354,2.917833398749521,4.261285009078548,2.5853097780306564,2.764125799630071,2.913701343560334,1.2489416720073439,2.4341017592053094,2.997848887127796,1.6955079490022928
7.325102862370475,10.198430574051544,9.422074736804168,8.35847597692343,8.626840190070986,6.080053318352359,2.863116688687162,3.685964618810773,5.461073592771329,6.129522814816742,6.12779763716759,4.339790185334099,2.8548741190909164,3.3477553921735694,2.4404044409496577,2.153252105165916,2.688883672936551,2.6904504015040596,2.829791665449926,2.9320722823828644,1.494862640883893,0.951981836738092
8.074314566845267,7.719752097986313,7.420762386172978,7.728073127333386,8.786627377777995,8.629429607788007,3.9202518261274713,3.481413554610303,4.668173874496585,5.465627501500582,3.7776641973044263,4.193457167438155,4.281992535845901,2.9339816684452265,0.6992349234278269,1.022106510363464,3.23888430632347,2.956075625968305,2.3265241237254464,2.3265900034307645,2.4000539952984155,0.6144070397136657
7.752564989580812,8.330798351548163,7.96419987454237,8.049727331506146,7.016981324544468,8.194312570655052,4.435599771832401,3.2473978896160487,3.314250966544784,3.111264215276782,2.7186567193236826,4.532200259621052,3.7027116893489684,1.6678961136790866,0.8102516597357564,1.378709330823712,3.127807446796236,2.514297934823259,2.3319264278121836,1.3176668255106558,0.9285253118829652,0.33883194478746836
7.642710210389063,8.100563391094013,9.087562383809649,7.065831231285296,6.862119891085202,7.081050954553049,3.73886626545496,3.3799105034770416,2.6474457187844713,2.3717118194405944,3.217841561424535,1.688006874578527,2.193591382285961,1.3149046291389126,1.0433498229696887,0.7300331708647527,2.838735058034567,0.10579571790236668,1.471451120032484,0.7207319039652655,0.5433270942657838,-0.39973761511057077
8.161056088067348,7.452243690993773,8.08541456253342,5.3202251376869105,5.4251716346802175,5.281435256419058,3.213122421342522,3.1209840590904436,2.278429231777959,2.206953617871407,2.4142730860237656,2.1280795325434623,1.2494355032153235,1.0045187011544745,1.052181176243459,0.6903611031073845,0.6254053904678298,4.926400171537043,1.3582723340199228,0.4296765150242782,0.09674152576686869,-0.4151816220376174
6.044239365998138,4.501241473588566,6.004476630302587,3.4802365077630824,3.9062158629941433,3.4178474860563743,2.549360430108168,2.081982652154321,2.190765920298034,1.9645095681793752,2.504574278950696,1.6527137984363933,1.9353113507271902,0.7292973685901469,0.767996540254201,1.079286367578051,1.6845381882534187,1.4083558957408697,0.8509755486179246,0.7898095747440864,0.7668791462022755,0.7910537502392906
3.5534201454544414,2.723892952408621,4.780375493631395,3.646080781405808,2.651979744554379,3.2596840396526194,2.770719874299268,2.4893834412405837,1.9976610600315314,1.6211602337008593,0.7058393095894788,0.8824867813391963,-0.235820873547433,0.9544907722434947,0.7259861591273618,0.6183228593808371,1.4482075225996762,0.6484246815414811,2.439400416463386,0.3321472690556879,-0.22696627064910382,0.5097746098367512
