script/wind10m.json
{"header": {"parameterCategory": 2, "parameterNumber": 3, "lo1": 6.000198445256149, "la1": 58.999992894266676, "dx": 0.5, "dy": 0.25, "nx": 22, "ny": 24, "refTime": "2024-03-30T11:00:00.000Z"}, "data":
[rows 0 to 23 of 24, columns 0 to 21 of 22]
5.264673169713365,10.673152797009696,7.613116490128507,1.902007010477938,2.753929935536859,0.6944828613220763,0.8336987017998722,0.8421246464247055,1.561182429236713,6.711883221085879,3.6902454285560813,2.1301159289094667,2.0711322518452735,1.9340425929582843,0.011366042896898932,3.868329681722376,0.828895723490221,1.031547688945908,1.8786367166114688,1.081182603494241,0.8831800334823058,-0.3774312619377144
4.715524385993985,2.713738672488823,4.428272852722921,1.6316464797338184,1.4420499662003943,0.24003493779748902,0.6245855318506305,0.5185343070175904,6.901482976550939,7.291806555426373,4.365491872184985,2.4056054745307485,2.4031441030107046,1.9623035068197887,2.000309110204145,-0.7732808741837677,1.3315735047613806,1.5507446578598276,1.1563160806913833,0.9647345043684941,0.4609889922745429,0.5947126277029453
2.7095770216327315,2.6533822789844077,0.8921052255469542,0.32308123995449817,0.6673312610437256,0.23804581691253845,-1.718555368780798,5.732161018306644,6.927636722757337,7.878511953689797,6.052991054989123,2.091114611480261,1.5725916653425924,2.3504661092488885,1.7039236605834163,1.647810715537237,1.4973426136246446,2.453031030146874,-1.8108037080261477,1.4335142466427624,1.0501719486002703,0.5076208206630421
3.497060159913555,1.692859029797209,1.1664468316601686,0.8353606369503795,0.37845376454384494,-0.7242333944921093,4.250546296011967,5.918528576407886,7.1760206122601415,7.1145247543661085,5.569620107304304,2.5400132887013522,1.7223262767634517,1.4979050255500592,1.3771240783417367,1.1862921096378851,0.9890760743477776,-0.9276176302872894,1.373455118450504,1.3352365960884411,0.9085481918399846,1.3628323646391134
6.657599152751871,1.7896026107072516,0.7169368090850496,-0.5196449196545394,4.743310245223756,3.5930352874883598,4.338576601993076,4.407558334669903,5.520234339670588,6.538316053877357,4.154092412949098,2.8409818872161554,1.6935286871132469,1.8434372596472475,1.7693611549346466,1.5935930115644892,1.3109051162157337,0.39887573888226047,1.4532414920814953,0.8773503299952046,0.8971573404373161,1.1668070310961451
7.458182554528613,7.290828457024795,4.13526397024242,4.6289788792727675,0.8964468181955687,3.933752845348386,4.357819246883124,3.256316076268833,3.6966009230116437,5.032734373689779,4.093969077976238,3.674487957768276,2.077118457368305,1.8585076613899798,2.009539200104753,2.1493607107005417,1.6764354918066486,1.8348361381775726,1.8650901758466025,1.3044901394471524,1.1416865413162889,1.1198567804813733
7.065264038931989,7.1547242999370795,4.9345823928760035,1.9579550402547212,1.3376009375306812,3.471728570835905,3.1497440562072794,4.6123269431101095,4.457558740469793,3.767285577035339,4.303787911545209,2.832686130267967,1.786316646062523,1.755477109771066,1.6911294817375848,1.6952071896705652,1.645114197190286,1.9123458876313004,1.4262518395819483,1.6147900609881747,1.4506679776012992,1.6345001558063261
5.886553552543063,5.926888950952405,3.8008464230965076,0.8235444995556389,1.8079612300924595,3.83685693900689,2.1795816975004585,3.7293692072497504,3.8078729096107193,3.105053779018734,3.1246741043173474,3.0293556119604936,2.754787407519574,1.592208294133608,1.2828919671492174,1.214435006633485,1.2942284548841079,1.3719886822539327,1.6115581027541332,1.3940270266975037,1.476013511689864,1.5068222986901063
4.774934486257142,4.202125782835246,2.9338423724042304,2.666651351094552,3.15413854487208,2.196688989271221,3.1825368228877573,2.9364563607756735,3.0367959860280473,4.109509077611442,4.104726001851568,3.7165984172506032,3.6043432059622194,1.5183411702694858,1.2612203817231649,1.5144682396839246,1.8217431065264478,1.1216849146246328,1.7804910722416543,1.5705801858481387,1.6251923348149508,0.4185885200390689
5.1806192005115985,4.436843076283058,3.785461567350161,0.31025808701836033,3.4580932566129157,3.437127982894867,3.6035100092194963,3.683187775814778,1.9986813121017235,4.042143658016199,3.365944999044407,3.787775631878943,3.401570057949112,4.583389088800535,1.7975098406376446,1.6288463661078196,2.051994096996663,2.107197701430784,1.7567216214041967,1.5578602894938067,1.8189940750835165,-0.5375274953203008
4.394038508218578,3.7792326246629715,3.7403907089821384,3.4933530971596753,3.5006648150180952,3.6279952557228836,3.455009432950014,3.694445681893842,3.535671520609088,4.256413905118953,2.5467479206561485,1.9072467064504712,1.5071383474648712,1.555113796940448,3.1854268035382827,2.0501049112671876,2.3752878239686126,2.1001887514379645,2.1454905484142923,1.6997544436298502,1.3197928274658757,0.9401353698466153
3.941503368965488,3.5182068107548945,3.526004607777788,3.4490594844265066,3.637403373300101,2.1779115935538433,2.9432966127817832,3.262495076380608,2.1639637131988403,2.3756765860660374,2.137071803919489,1.0514408988953827,2.0650347757899143,2.8400741018605062,1.3694750616380484,1.6346477662182552,2.1581749075837777,2.022188786234278,1.5164515729676842,1.2732888096050068,-0.7988441474676234,-2.356748057063167
3.6100984925434125,3.7948763161552184,3.2591500023583517,1.5717103701498925,1.6615242311288316,1.6567585057077001,1.600512964163441,1.6836584066266158,2.538260783328448,2.350995110526826,3.9030571168550643,5.357844668171832,3.3874588342231164,2.4256924817720362,2.1092072529797017,0.5746492884065584,1.4381419441570198,0.12081085989360257,-0.39832865361859515,-0.8150802424789233,-2.6710078004346687,-0.494029529287815
3.470715029389352,3.1686401842722023,2.294761781417511,1.1561924102129828,1.5778076307317017,2.286200934325823,1.7989818234516188,1.332871195069278,2.252761089400466,2.99345514968272,4.2737705275189075,3.35131918103764,4.061681682979711,1.2854974206847578,2.176829248248337,1.71345269187074,-0.12795236779396071,-1.40315149543833,-1.0616242640963847,-1.0605639930463175,-0.6520205673486942,-0.42555149269135706
2.017534147047038,2.7854002397166764,2.403444252799474,1.1723410460533603,1.3003557320288015,1.9431779100774922,2.634410884298824,1.2542924348316093,2.408802883065067,3.9493725487136353,2.840466116405029,2.651396835715125,1.6211160920060295,3.0814889666031293,2.058806019200414,0.8270764629369773,-0.22614123718492077,-0.39546181126940266,0.03882367742584227,0.12755975847688922,0.36827694960022067,0.3815655209758418
0.5645127023352389,1.8916294604895842,1.8827010819377776,1.529584111358995,-0.00013432563264039013,1.5138938966935642,1.7333237646358746,2.8816152883764294,1.8734442126915567,2.3334850886656353,2.3019328831909522,1.1339722110161188,2.4613898113276838,0.6701730460582441,-0.3201690056537412,-1.7161684815859026,-3.0936554247496946,-0.5038362731933888,1.1203310372304414,-0.015986328982970373,-0.18467852509482272,-0.6311986042177226
1.7756611941438127,0.8870317679202023,2.123593058272977,1.3825222832092126,0.9058630131290409,1.5310158831356873,1.8111145821685328,2.4081390185116973,1.429403786370924,0.9373614278974347,0.5451387218538294,1.5552029433096528,1.8386449454219866,1.6458494794068899,0.30843180849023744,0.23244286128394454,0.30149048652432425,-0.3790987086441247,-1.0485019457274956,-0.37646530453239957,-0.5884104031163976,-0.7907821374430909
1.4356069465386818,-0.03301316382261836,0.9409495261290389,1.353351329828619,0.4284205933080528,1.1291900176157255,1.1267398644926523,1.6795438056038374,1.1207371592636322,2.9918807187022463,2.5425559535068514,1.7893670562235715,-0.382407828505257,0.0614278104906218,0.34621321851570935,0.02790706849291012,-1.1675078635554135,-1.332810122721445,-1.0528263895109342,-1.7501211396665368,-2.37578411570698,-2.962682769379705
0.6124291489344719,-0.5847957804884065,0.44074463244858647,0.37364315814356874,0.14779540334869565,0.8072832785161143,1.27215209947547,1.2121176633864619,-1.241928080295425,1.0429636213634172,1.3738143153681515,-0.7185076668953713,-1.4502447968597496,-0.7847764840287971,0.17435568485214423,0.9671317214634518,-0.9553665747689329,-1.2042179835083937,-2.1098373253707967,-2.921531946363106,-4.3305348231487235,0.7686633201812263
-1.2222188888590937,-1.5342114191687695,0.03128259492089052,0.665696673150342,-0.10109299738617943,1.0004085251038046,3.0839140646147585,3.0227770804893854,2.847970859069784,3.0209728227353705,0.7270296730368084,0.10047465785181274,2.6334556047812847,2.548643629180079,0.10273370798696933,0.0793050585344161,-1.0766306660732352,-1.978782772387218,-3.0274533657788463,-3.5449850930486204,2.6692031478305105,1.64532769497075
-1.8539228182051264,-1.7407334168322692,-0.6220575140194504,1.3949179757630752,1.0981546242267237,1.8232756944191642,4.0301672540195455,3.2317585489339353,2.9769681298239683,3.6195627409451094,3.8902893625176853,4.067026428273414,2.8669185346750172,2.275705126176009,1.8819889219831127,2.4843946548009663,-0.9773843541421011,1.0027892064006931,2.1117773335238996,2.434045146601204,2.5716503736794305,2.071839032421471
-1.4528208105506466,-2.4711213673520143,-1.6631324558166363,1.9017844734196128,3.0969059188877925,4.640061363191026,2.938403146772294,2.707154932408253,3.247698951093785,4.2660948347134795,3.7012807840033224,3.234210617548274,2.6126095706430448,2.329803764923225,2.811033067209462,2.485765283998618,1.5106922045895361,3.0082809620427406,2.786003479044097,3.2018277466322087,3.8296488159048625,2.3354323754536344
-3.062945252637154,-1.840614864696429,2.7344548617016424,2.2661212162540574,1.5766422007804515,3.9503479509984643,3.4414855136503495,2.7179764949028535,3.8438740853661444,3.378253268782946,3.3495814112697624,3.0649580573977193,2.839355599433204,2.3537332856237247,2.7247286523702985,3.296526115344888,2.9428884979441015,2.499527666561133,4.156210622477899,3.4754373112719428,2.41713472704613,1.3093131420873612
-1.2992578734354219,0.6901258485196636,1.6620671366213764,2.494785579707679,1.7559856076303246,3.22873380516477,3.877301875553759,2.9035963579112773,2.8678034525942815,2.963214838228799,2.8012999835315844,2.5394491167501676,3.0002052418032137,2.0990467256187446,2.904822187891272,2.458213938608543,2.973292759313212,2.2231733108272556,2.5920210263485663,2.1980774374444945,1.1870249581661108,1.354182695991057
