script/wind50m.json
{"header": {"parameterCategory": 2, "parameterNumber": 2, "lo1": 6.000198445256149, "la1": 58.999992894266676, "dx": 0.5, "dy": 0.25, "nx": 22, "ny": 24, "refTime": "2024-03-04T04:00:00.000Z"}, "data":
[rows 0 to 23 of 24, columns 0 to 21 of 22]
-4.5924999237151445,-5.15225272946758,-3.5970760659343344,-2.808550074765117,-3.527793783399192,-4.973629777429529,-8.755829102990033,-9.400774497108157,-7.113362958997095,-7.029294326503132,-8.18620547892855,-4.667046609118046,-4.842381733627597,-5.17431378615726,-3.637375050563548,-11.950665762498492,-10.165607700094155,-6.742293224800669,-13.32191499265854,-14.34369985023771,-9.910612737054649,-5.560071644695845
-5.214946150518145,-4.890134476624982,-4.280067081300676,-4.37518074033682,-4.204724111554491,-4.714371373109514,-5.478125023863101,-5.093096070966203,-10.56435190268699,-7.65015024178917,-8.484410030956454,-5.9060669316405345,-6.407214725484039,-4.917623093553433,-2.3161661447175987,-11.362625591915679,-7.771601487371335,-10.65531667106695,-3.7626576881060663,-4.4263430078562624,-3.750731141600412,-7.636806799465025
-5.485284079404469,-6.356009420469818,-4.053680791777081,-2.460150977605034,-0.8998077104440357,-8.05972200396998,-6.990547416522316,-10.57076786240157,-8.517674857351835,-8.305736717843212,-6.0405015073946755,-2.963562560401734,-7.9577789114437145,-10.586527686519911,-6.26858209270636,-5.702349278550178,-6.978750136416115,-4.122822620017024,-5.056986128698403,-8.376222239727435,-8.508361018471385,-8.603887376291231
-5.54956957267332,-4.585465372126807,-3.5857737248648074,-1.7259622980923146,-9.50108148812441,-9.65230837269486,-9.003514933330575,-6.65027070576335,-9.464732983309077,-9.482611134282868,-7.481388565302555,-9.205303027568283,-4.840863013078164,-7.74601091887096,-5.312568271594566,-6.255296634676846,-9.424311996256327,-3.3876591771096725,-8.727359896783648,-14.462306255244696,-17.392231161488017,-6.163539053926054
-4.535527658982764,-3.8357759094044,-3.3963568863337006,-4.457111116846155,-9.7691838771567,-9.68674927020569,-6.972403147345427,-8.070357206677222,-8.461224832081298,-6.473238384326432,-7.510126645106018,-8.33129351725931,-5.568045636933596,-8.698117709042224,-4.775264038492276,-6.620986624940282,-9.970376031716933,-5.569914842749061,-10.901275467098884,-3.719719667053108,-6.619763049463287,-7.432414512421273
-4.932857913175561,-2.2288136138069596,-3.1842961296598307,-8.708343623157432,-6.023978887482815,-3.8146701488872194,-6.375750607974326,-9.587996064741793,-7.892000355010144,-7.369579508661028,-7.363892138966317,-5.239636103632647,-4.871749870262423,-7.8888563419860125,-4.489869619001129,-6.079573281512937,-1.4749343662211092,-8.989428323151945,-6.022893598738307,-5.241063735307161,-11.869162491473604,-7.800178368412946
-4.9807368395000085,-5.909946579038585,-3.849765252144961,-8.669978263235583,-3.360695236843431,-8.829957450268614,-6.423683602815334,-4.7468171171003375,-7.739957167332732,-8.839042318526214,-8.880004614769174,-9.102213397612077,-9.731624604607319,-6.073889928642475,-6.036064654302734,-8.602507472134855,-3.2151804059948796,-9.667005333347703,-4.88379798108185,-10.729678045633749,-3.3868860877842684,-5.817242745103284
-4.917925829852649,-5.454964693221551,-3.946249053453998,-4.078330294539984,-3.270524907076794,-8.992341303771862,-6.791687543765067,-7.905790791026031,-8.52968365204962,-5.505768431545738,-6.35265604898839,-4.929321094429665,-8.530886589361803,-4.374580583177437,-8.426101859600847,-5.438246727834981,-4.088409781682119,-11.403490248627651,-10.059888292073765,-4.206345688642965,-7.509651258962832,-7.421878757025701
-4.750424892859871,-3.9762928716608243,-4.0226261468720805,-2.946141335038538,-5.149159153838196,-8.831101543830572,-6.567108676821748,-9.806118433748283,-7.484561262175059,-10.538598057141726,-8.063152832421569,-4.649808015389704,-7.743252302429341,-5.900256103885242,-7.133346858037133,-6.3010484153256865,-4.385339763938985,-10.929228439088797,-9.799934889492684,-5.9948458140278715,-13.51921561511788,-6.907122424195669
-5.481202997371944,-2.4558951190151075,-2.784790107288399,-1.92059531330643,-9.404655576013925,-4.720092188791586,-7.810656965522984,-5.487344732912413,-9.768026643217492,-3.0125921378449583,-8.32583753879745,-4.675272126314475,-5.01601671360209,-11.845691134688064,-5.97031844619367,-6.540755214446269,-5.605418833906517,-3.2480473639068834,-13.75274099430308,-10.285240665528367,-3.827011194968693,-8.463486722424197
-4.703833134281539,-2.3326593273707763,-2.475897650021851,-2.78620025498282,-6.631075057644423,-9.764475416380353,-5.667347493984432,-9.60934936799332,-7.629801159344241,-9.154743133377805,-6.344020516722992,-9.501582133838312,-4.381287809273648,-7.499467790091821,-6.355744884941965,-5.488673253030922,-7.546450477791882,-4.960475001048578,-4.2266360513982795,-16.68628930135066,-9.220875496446771,-8.054752012135763
-4.602851958426231,-3.0742281101271614,-3.6850680564264353,-2.9605022406133354,-2.9961842979608573,-4.844394869321782,-6.676439320015895,-7.114826233671886,-9.971174366878047,-5.517464624088414,-7.352212727198421,-5.001333526241157,-7.733828972425947,-9.309470201053928,-5.051401941423703,-11.120026450767241,-8.042408441873535,-5.322247148225217,-7.791659023240599,-4.589509531126364,-3.302386991637862,-5.954147330869445
-5.131048404647642,-3.400523740389305,-2.977676906626638,-2.2270421742892417,-6.073535997983713,-3.6318427808404983,-8.616699733758407,-5.529669836795979,-5.817748650242845,-10.102790186918337,-8.247812258371898,-4.559504134261611,-4.8395856663464185,-7.879393215720478,-4.654223805073128,-10.858508546718603,-6.643339448106843,-9.991909607689003,-9.998255770942658,-10.038069238617743,-8.67824374137739,-8.278394822541022
-4.721190561219906,-4.44758939591159,-3.0948316306314068,-1.5223572780136996,0.1956759974368168,-8.198601761537635,-4.901898082912167,-6.63006909274863,-10.379347506024203,-6.728411627064132,-6.807636506609894,-9.529868675310649,-6.048029466419262,-6.875573557019745,-5.053498532735095,-6.669428339407887,-7.241814468355782,-10.786821852446222,-11.940753151692174,-14.39693247056534,-10.824440700202087,-6.384796415413696
-4.762588079674172,-5.282448726833287,-2.8277132296551444,-8.63222280991699,-9.92823399714986,-9.826145615216317,-5.058892215298278,-8.387821169668127,-5.343977982841838,-7.550142618081374,-7.632019638225498,-4.86733697689087,-4.001217966809099,-5.183692302134176,-5.206732784247256,-7.618966264105588,-7.507137699753118,-5.849729158619162,-3.7817942951919177,-6.896445813348251,-4.323488586795598,-7.304845505675554
-4.570200640651644,-4.69464625063283,-3.619386851242266,-4.558916800704815,-6.160023148839195,-5.8761738541639685,-10.850594606420751,-9.60129000893928,-9.752958458574062,-8.780884559750254,-6.905107348329314,-6.3535981864670665,-9.064162217094562,-4.326434060162698,-4.922375169389065,-11.860364632667919,-9.165070928064715,-4.449734335720865,-5.223869420493428,-10.305323230219624,-9.804236267737233,-9.131024366040238
-5.052003180398462,-2.6575089552670614,-2.891802920448845,-5.510686965107112,-2.8190091325953386,-3.1143018104211238,-6.746238225128115,-5.677689040495064,-5.057952353422118,-6.299780387363951,-6.933886089033408,-4.801146462520634,-5.659531859529908,-6.608980249429391,-7.057349464307114,-8.973521240103006,-6.895569133658216,-3.0901178152333912,-10.096163495718198,-16.30437608114137,-3.050223561582776,-6.863071013772592
-4.42676741678299,-2.3701254317163363,-2.3241181784200595,-2.084038641785066,-4.055997303685029,-9.566138023364214,-7.499911592089582,-9.754246299331104,-9.461892694149283,-9.605931698078171,-8.8139941292646,-9.535251992509993,-4.531688549510347,-11.265583484667154,-6.041521341386668,-6.427908442231766,-8.799724591081782,-7.095478278110586,-11.352613128388484,-4.254866438586494,-8.30087046939124,-8.887971759782216
-4.910031180346386,-3.49190168652824,-3.738165474996745,-2.933732502303595,-4.879489633336089,-4.63468849273883,-8.792617881422494,-5.202804455629151,-5.5634272471514326,-6.201631033684574,-4.711518899020458,-6.641076577807931,-5.8714186289891765,-2.4967382064497676,-7.279889680624582,-5.139261887214207,-3.7624014238695302,-8.709488028134029,-3.5254247217433043,-8.762943368893831,-11.718135071742537,-7.57434646202922
-5.416306669290793,-2.417053582632934,-3.360977080401509,-3.9866407787397056,-9.16833293803829,-3.8448457135406997,-4.946176066191677,-8.690097452347931,-9.253657902314131,-7.699253053794544,-6.951277490164329,-4.448108897763132,-4.803228957765312,-7.653224516345635,-7.180989655204107,-8.446326365993569,-5.109596801878971,-10.023439712846775,-5.170027574369115,-14.355965083188863,-4.538076544511776,-8.610056262438059
-4.342010697136474,-1.5901456792841324,-4.456886741579121,-2.0850464562301245,-5.360889984481172,-3.401471514834835,-6.432921656884149,-9.03945701646796,-6.733549592168463,-7.651252888876511,-7.964254946614876,-8.591585045327788,-8.48451566883984,-8.50716113520322,-4.562726511971799,-6.12425093246989,-5.765522053018608,-2.8764850349560818,-10.138995305895092,-4.873427266461591,-9.838826281808213,-6.052531642847783
-5.431104009351666,-3.504845062790508,-4.271129193525258,3.617806606889372,-3.5602554533520467,-9.877394755375805,-9.986620404396529,-6.8903840961385505,-9.723114281221063,-7.32916277230144,-4.024819813148892,-5.574746212271077,-4.813733042674162,-7.478892275470316,-4.411714052829564,-6.210517170520999,-8.337279388882358,-3.478610666861357,-11.603597546150679,-7.5489379957244065,-16.76277071509575,-8.890103280496685
-4.284617930069369,-3.5192678130446926,-3.8755803771221324,-4.895654550230546,-3.248378173348513,-7.694663521368475,-5.195402713478672,-9.346270185576817,-4.772640747480527,-7.998735916089033,-6.092608475843193,-6.7036892546195945,-5.277346894839628,-6.076702859205153,-4.645809713418982,-7.816028476370693,-9.192910910526942,-5.368481085232929,-3.6585681577939506,-13.396247960779856,-7.202761760428463,-8.11068979924778
-5.66003030867802,-4.215085199351741,-2.6345211622075104,-4.600526845276195,-9.157734896017194,-8.820704724181008,-10.296683330701875,-4.434401459208971,-10.419213189371925,-6.306082283592168,-9.96336877003062,-4.795586364208832,-5.336415201886076,-6.8912335432372585,-4.868006984519441,-9.345452700369488,-7.58183647396228,-6.455301862035395,-4.868878169855859,-4.3707688768555615,-12.496670745787103,-5.860152304734468
