script/wind150m.json
{"header": {"parameterCategory": 2, "parameterNumber": 3, "lo1": 3.000054539987559, "la1": 64.9999836372058, "dx": 0.5, "dy": 0.25, "nx": 34, "ny": 52, "refTime": "2026-07-08T04:00:00.000Z"}, "data":
[rows 24 to 47 of 52, columns 0 to 33 of 34]
-4.109130315550259,-5.310610303452355,-6.1170278220698915,-7.7039963708930275,-8.96141660737893,-7.606617251994453,-2.839313474240457,-7.9616034524637715,-9.28388246410375,-6.703166341983438,-9.044481111902448,-9.024855487179257,-9.0839094537647,-7.45161588187886,-7.81346628895657,-9.901925631265103,-7.082108134260801,-9.302651149597043,-9.359705248604378,-7.526306705191434,-7.025051556428617,-8.652668764937617,-9.619110932834467,-6.922479212723327,-5.329358355858105,-4.226210924274106,-7.5743564782281165,-6.878026471112772,-7.152688827004742,-6.944622522343353,-8.034174115117782,-9.799759479701713,-13.46961455975748,-13.475836760008582
-4.620817347257285,-5.455802698506999,-6.6812370079002585,-7.793837272676645,-9.454414280221549,-10.365703247828431,-7.701614782393179,-11.896197171299374,-9.312521116691459,-8.41927830589371,-9.302457727438947,-7.524336299576851,-7.689401238495908,-7.7135086010078036,-7.897962991485481,-7.77879111092513,-9.60953869081873,-9.9008428162244,-7.120534746119134,-7.213675064109962,-6.3365737475072255,-8.34651554323402,-8.043824145925104,-7.260545424729988,-5.7057031566968925,-5.580319849411735,-6.631907866204249,-7.277096523486672,-8.282055355889293,-8.004100644127915,-11.138892657411663,-12.931307888110329,-14.419378000039206,-14.782315510080295
-5.089642905906776,-5.8202793604787555,-7.136229878438129,-8.516228326309848,-10.311875997349038,-12.925183086024147,-5.713858235887641,-4.112003556749004,-3.9489062124634318,-4.738676243320252,-7.894662316804522,-8.981858820079111,-7.393581274332662,-7.940442912079651,-7.410395890807162,-9.647718216787608,-9.725054382776502,-8.506566743734226,-6.418999550724598,-6.7366897920993685,-5.889579571358172,-6.552708988545733,-7.697850318309966,-7.350094757518246,-7.935527994694787,-7.149635650185774,-6.472679972849063,-7.372739410972793,-9.113772878393814,-13.229772769826363,-13.005061288666212,-14.640922498602801,-15.02985457173365,-15.543934074436082
-5.39439169110749,-6.48948643161917,-7.270293794277117,-8.97629196984268,-10.375149613494004,-11.345784600808726,-10.375814346623724,-4.945218775006306,-9.996491859191517,-7.880722928797238,-8.752023944217829,-8.74173866173674,-8.543351874149735,-6.549063737382627,-7.596452339873174,-9.830880872622068,-9.99359717891846,-6.435117903754518,-3.634880443206679,-6.014597416631515,-5.747441960744306,-7.047527522225965,-4.458640711218533,-11.061668256429382,-7.949265604857237,-7.301185745553913,-6.509319573092576,-7.368521030374083,-9.115121608937624,-13.665445974684799,-14.557366373929154,-15.926442374276785,-17.263490405206014,-17.34277700947237
-5.105281943833859,-6.542377234930828,-7.354937888307573,-8.889664397597711,-10.017248431515442,-10.512529500305101,-11.362296052851756,-10.588724273339531,-6.690423465924541,-5.425348366960565,-4.098657914175486,-4.678445816803305,-4.77867096244243,-7.801824355793484,-8.160335398787163,-8.687044175909659,-8.578624466355532,-7.045319894040364,-4.929853188419689,-4.819391891529611,-5.893248772564079,-8.212288091787242,-7.303022036481002,-10.913323987545922,-7.069524555511867,-6.796466758733307,-7.465037700777956,-6.886804390574766,-11.688329783650634,-14.399975568432001,-16.046540613995486,-17.36854593526547,-18.00119030444978,-16.6420553538314
-4.773996655595269,-6.3643593142098425,-7.5438618525624355,-8.438502922216868,-9.316227809265609,-10.159553085518224,-12.047900878074273,-12.251505382616584,-10.050943012297997,-7.890425053742223,-6.82513442326162,-5.818704687321188,-5.3579593993361,-6.355926624199845,-8.272247169773797,-9.626638127274964,-9.175341653998204,-8.533271978764457,-6.184426772671026,-5.796561853377179,-7.25350043122052,-9.104534781093768,-7.587632126015271,-8.133903117454876,-6.841516476174494,-7.033935335623974,-7.569324680275177,-7.502760917443975,-12.298629418768359,-15.281202559514965,-17.045529056851926,-15.502724553358046,-15.241583363214726,-17.948400655168758
-4.496750573957587,-6.028696346585464,-7.752388515173622,-8.2008121303987,-9.143541386969533,-10.302316407454475,-10.694185778952447,-11.503711427690966,-11.6046102223562,-10.144908992018173,-9.036001364928188,-7.369377460118666,-6.387300723711899,-6.450006987207644,-5.3950944405295065,-6.7925523157686785,-9.79867411209056,-8.814807478548154,-6.679099801197412,-5.385110195459836,-8.025754727514679,-6.579507575272969,-8.701835196325948,-8.400262767074882,-6.617271129397206,-7.016062713309212,-7.0994478853257545,-7.3090915113609976,-12.709110035931415,-16.064598182620088,-18.057548685692733,-13.925251344404957,-18.811025514221747,-18.55987794410486
-4.403373562893053,-5.8742003011598705,-7.429198819597286,-8.230439884948202,-9.160632288998526,-10.06116479078261,-10.432357845071383,-11.05764172880852,-11.546864786441734,-11.634209663489806,-10.01401953459676,-8.598566938001554,-6.898390792530984,-6.010447146579387,-5.101749580476323,-5.6184799399813485,-4.124083139177681,-6.271818044793394,-9.757214715172214,-4.402001265070053,-9.263903298907618,-7.438413504956796,-6.541444181301023,-7.625907636828332,-6.701255024717104,-6.91793371372497,-6.73192060496667,-7.78467136786587,-9.643194497938252,-16.977288416164384,-19.21300699663479,-14.570599904426523,-18.89332119460455,-20.77474549497659
-4.433156718243815,-5.867313685780576,-6.924490701718583,-8.40023659201347,-8.828455222180805,-9.902610533584891,-10.196791226355996,-10.616547083245207,-11.304133550030905,-11.44374504498468,-10.935141775513888,-7.3318703322613725,-6.646772771754932,-5.103515105339459,-3.3549937489420794,-5.524506594626694,-5.217098961004003,-6.347051252197675,-6.40250282018351,-5.949779868696535,-5.9822904658826515,-8.843628094476378,-6.674884703015139,-6.158685257071685,-7.598592668517681,-6.848512562073379,-7.727521474872665,-7.28975834494889,-11.979663174581122,-17.558994812130337,-20.177789866888343,-16.752162171681135,-18.12937172526542,-23.79384660759205
-4.673502066164636,-5.477280875358888,-6.700933308926019,-8.316903277736298,-8.989742491312029,-9.580918424010571,-9.841946476663932,-10.271581529645779,-10.901828479064665,-11.123641454941717,-10.849134779209997,-8.150299214143566,-5.557108768478685,-4.395653333351015,-3.8464166022757365,-3.5270508953984856,-5.0003220024576445,-4.926459612247821,-5.315901725322267,-4.9542356505541365,-4.501618927641346,-6.807955297346553,-7.648330277970756,-5.716027235994788,-6.986821748044135,-6.407762633730338,-6.576571103604546,-7.921966210001525,-11.781625218667793,-16.594968909396982,-20.309671141886533,-17.951261290795706,-19.219857254287493,-24.801674201409615
-4.519776608016956,-5.286511225659394,-6.5405987407565425,-7.738187398993711,-8.800207211078908,-9.598218705105959,-9.752617733441875,-10.145339501526175,-10.401608557635225,-10.50508626192327,-10.302085568213705,-7.841701920099839,-4.545349126359745,-3.7376324805599563,-3.474239392315164,-1.8548286283815645,-4.60370869289073,-5.506405769249192,-5.924864960979212,-5.333534750490685,-5.016639896562415,-7.307887453366115,-6.910398825879178,-5.794562439814465,-7.15076900764967,-5.336615683648417,-5.725277404880027,-8.921819099129063,-12.339022967780044,-16.88747858980695,-20.18176584970702,-20.419635356336745,-21.615363175800145,-27.04488945380793
-4.052186208390521,-5.358387612537025,-6.37063136555859,-7.698107500512887,-8.449725590145754,-9.234081738570854,-10.016191782458483,-10.16871291857769,-10.130152351334957,-10.109914673582349,-9.96097083731265,-6.2851668068213185,-4.7955720275998,-3.104588491314682,-4.478578838369364,-3.057465272494778,-6.174146423341009,-6.024444167916637,-5.520143443865212,-5.613295830002332,-6.4701708495491905,-5.641094541075887,-5.976480668354466,-5.6636849367509585,-5.015381065895322,-4.707160026482683,-5.350177835484134,-9.773221806458732,-12.232771446065463,-16.03418508839723,-19.779959188380886,-20.983543209145587,-21.980387527864817,-26.092048262398535
-4.054964198282542,-5.346843937105971,-6.272132096258936,-7.0573122773780215,-8.22358946470935,-8.794197793671737,-9.554554305626269,-9.948687062687203,-10.042705044096328,-9.986221144574442,-9.748839166479755,-6.849338844978746,-4.5215302316965005,-4.084467517497862,-5.119722649220461,-6.328527423333874,-6.372998603676141,-5.733987696281241,-5.0518177436893055,-3.6371942720745634,-5.862767003418518,-6.291448099938847,-6.032160839892058,-7.719332118981702,-7.101390068780391,-6.709703455808365,-6.736161488188779,-10.3195776742519,-12.625854018855996,-15.658954618036509,-19.19120621768676,-21.4127993770728,-23.19715020641884,-25.86359733486753
-3.4404647738096794,-4.723094964487673,-6.060226072599903,-6.419645231040696,-7.3377334783816766,-8.552592335743414,-9.119060486271565,-9.742343639785418,-9.780764041472036,-9.861097498669997,-9.897569946504854,-7.439307427169912,-4.86055149449455,-5.430431918601107,-6.178417257145253,-7.257198339233002,-5.1269887446589095,-3.740004486436837,-2.8630464663853927,-2.601744354563038,-4.8179450328654685,-8.372304242717496,-6.049780125371197,-5.7440666840125365,-9.164976808759155,-8.405682375901282,-9.100738623997117,-10.108006929811552,-12.469391625706969,-14.91517194444881,-18.355220683043875,-20.731206281498235,-22.75885153961067,-22.586605354607187
-2.9748548610282395,-3.663273415924682,-5.343683340424422,-6.312492475704747,-6.757830812459677,-7.711323676349811,-8.663969916199186,-8.950176591595774,-9.455175841885444,-9.623114026862723,-9.642455262595806,-6.591321303171953,-5.267822729826203,-5.670630579074306,-4.37436078745212,-6.27695266654304,-6.421325718049092,-4.560721782828612,-3.8596312511556117,-6.315948641490729,-5.023129829505134,-3.577431186586467,-5.569611238087434,-8.297817717065847,-8.251015794159299,-9.459376574671465,-10.88940460127784,-11.071334403567937,-11.742075065810642,-13.957003516993034,-17.183080850431697,-19.990929482381812,-21.51169068855267,-23.02252939744577
-3.741369836008702,-4.221508471008463,-5.018799289199966,-6.194848257438769,-6.716405493543619,-7.198537460456147,-8.163458358020621,-8.805351368187525,-8.972155157069091,-9.156995455293005,-9.287206750424428,-9.055570196105638,-5.89018465272979,-4.873798352568802,-5.839526331879355,-4.929563997366375,-5.9759240915555125,-6.132076041282564,-5.228550643605246,-6.92842131507504,-6.876639026484108,-6.739513299027163,-6.742174654222654,-8.832424076072423,-8.408657346725736,-9.66131119822603,-11.635436174232181,-12.044440900341641,-11.731606886608313,-13.103699664829886,-16.157529134627584,-17.767513445843726,-19.351256978968674,-20.257792908991846
-5.13343194824939,-4.544508334564551,-4.61983333457745,-6.048415464148702,-6.674149261165824,-7.037481698251334,-7.3884653828246405,-8.266660376656835,-8.753541189182354,-8.84374259925598,-8.941666196647978,-8.89678741342586,-6.057981448205278,-5.768413846570509,-6.736702598332882,-6.591543424813128,-6.530083895861243,-7.454667657668484,-5.477832308528572,-5.550953864075174,-6.072910510788707,-5.66268039289712,-7.291007028839605,-9.982983852326441,-6.513660661110356,-9.829824331065085,-10.86565012542839,-10.905115529817257,-11.487060437457874,-12.269947961848043,-13.822688604521733,-14.878472884083802,-16.33717946570753,-16.22245529422413
-3.8895953574876256,-5.534529756419684,-5.029544455573164,-5.858524110003459,-6.583494516775556,-7.425113616139156,-7.111242900263928,-7.528421749624291,-8.380746513396822,-8.678548029973605,-8.581941862527955,-8.381685527185821,-6.402696662462777,-4.1543777560811606,-5.7762547191803515,-6.865681323960633,-7.776197946559318,-5.838675341811181,-5.6363100180632255,-7.2003334651172715,-6.895205574327586,-7.176572510689904,-7.338044303409815,-8.426616692804947,-9.969061010933025,-9.545618724155888,-10.145469065688696,-9.198434437474585,-9.593041609736648,-9.798096307171225,-9.668700651732438,-12.058176042848876,-12.658219473331693,-14.527856118066161
-2.5744092327603103,-4.682166848336458,-4.827712141713729,-4.798560537147552,-6.5188419901493955,-6.115055440103637,-7.539964309766221,-7.240587682992498,-7.730736626614782,-8.414483329987176,-8.374182866820446,-8.157629185961513,-6.500097488784297,-6.62514053576536,-5.080299759045824,-6.645735557544553,-6.573577603279005,-7.498504975313323,-7.209237298479956,-7.011621980238643,-6.982616966644199,-6.573964077397162,-9.126377867438974,-8.906365784664313,-10.148778706178687,-9.9029599396756,-9.213854774194472,-7.320323002504536,-7.372559983532426,-6.816770171575034,-6.0519014305008705,-8.69979205495905,-11.154184683992902,-10.454974041174744
-2.734951696712897,-4.4293550221489415,-3.6778004100389645,-4.967198882226123,-5.37023555155855,-5.914667308706459,-6.584921690871982,-8.085910245872022,-7.550459958033393,-7.523340259555773,-7.998105463026094,-8.108051681246115,-6.387698167374284,-5.801819386870277,-6.413725784832577,-4.688842218853709,-4.401175774110908,-8.118733954091715,-9.09823379844815,-5.4254230994207715,-4.024620179758236,-3.7570164072413395,-5.88192264843587,-9.233131241458578,-10.04797756221626,-9.18188016497164,-8.616236539607346,-6.430566796761133,-4.524009761531915,-4.351914889644659,-4.630717467276302,-6.444992430659204,-3.070014737193959,-1.8305929533207517
-2.158637990802744,-3.5291394702806738,-3.354544365457405,-3.825024766626212,-5.18510365810186,-5.9470512709425325,-5.991988263611619,-7.320960590950971,-7.611225708666399,-7.259763002554499,-7.3226495385346295,-7.492674903455619,-6.90584892369534,-6.330163939587622,-5.713169195187368,-4.952635095330235,-5.130050790379186,-4.376797947488108,-5.3225394521623555,-4.153593483311092,-3.6035393066186483,-3.1847651601629816,-2.762497455614048,-7.999799124582677,-8.098904139834051,-8.20634550423122,-6.05362031328966,-5.120266575156938,-6.110821377958731,-5.4054352821768505,-4.635097989619391,-3.2853063918460323,-1.6970200776630513,1.1215784408475282
-3.04835284422655,-4.072502177365838,-3.3023520015626344,-3.6231608889146285,-4.896470961349993,-5.799452024245473,-5.930625720971191,-7.000306157511105,-7.279150063850595,-7.4616805951714715,-7.11000573714822,-7.023208994060138,-5.001828320897247,-3.888347266022928,-5.940023335787834,-5.882153304539299,-5.369154972416759,-5.063144264170707,-1.947004100066386,-2.6851668694270856,-2.001368621217251,-3.798136127301726,-3.67376885524732,-3.6219174730152974,-2.936905412764203,-6.150280336467961,-6.304666805333964,-5.72925486123675,-5.016491298973198,-4.965092315107379,-5.220608647751126,-3.93208385137045,0.10294083777213964,-0.5033023940892725
-3.214668282548764,-4.093446233949371,-3.3750989219634846,-4.672528782985488,-4.529130924835131,-5.856636713724042,-5.736826876090429,-6.0803589286914725,-7.050956747193588,-5.157117594659458,-5.743944769732158,-5.525521039653316,-4.349658322214635,-2.650047684486796,-2.184745425890581,-4.6761372438885385,-5.170476638450336,-4.354094667742938,-4.164824190598768,-2.449530990673841,-2.5986941263228225,-2.97267711535858,-3.177268292014165,-2.51285604303541,-3.1321903855734403,-2.605578549469736,-3.0012204628445067,-4.564050830293795,-5.614171292899954,-4.056990615271445,-4.222458957007251,-1.7213135662321248,0.35364352500506163,1.1859962314221972
-4.5480924405530745,-3.747273252798534,-3.665540713684722,-4.251701412876716,-4.765423537167046,-4.970806607015938,-3.9512637972589553,-4.5160224257563275,-5.627649579126004,-4.810676766561765,-4.088776795961004,-4.6402630338951045,-2.78933095987643,-3.499760642577225,-1.3975673856055442,-3.1794041353877542,-3.4880443010442694,-3.98898069131925,-4.390842322490564,-3.6938424669789125,-2.8755053368236,-2.3614160254691448,-4.002437737620137,-3.719657149784471,-2.9106960301188627,-2.333628596052827,-2.257474893546852,-3.4383324456103024,-4.753315331989308,-4.789763613994593,-2.8947830769647687,-2.5788977014603045,-0.8836086837687835,0.22793950822013495
