script/wind450m.json
{"header": {"parameterCategory": 2, "parameterNumber": 2, "lo1": 3.000054539987559, "la1": 64.9999836372058, "dx": 0.5, "dy": 0.25, "nx": 34, "ny": 52, "refTime": "2026-01-18T11:00:00.000Z"}, "data":
[rows 0 to 23 of 52, columns 0 to 33 of 34]
-1.8479567979638527,-1.5607817717720656,-2.246536628986732,-2.4164205740597815,-1.9256974148596628,-1.9515368646335998,-2.535120832329217,-2.3392101490665764,-3.1927526843525134,-3.645663093390085,-4.759456033785905,-4.568788295646831,-5.137953042971857,-5.779438939184303,-5.068417841819961,-3.8672305170993244,-2.7133787149027526,-1.666946976171922,-2.94622566907988,1.0054229379944082,-3.019560922835458,-2.4794547095146626,-3.3970025424874817,0.2353152363976011,0.4041566365165911,1.4027446617995054,1.634096879308887,1.7471036175827575,1.6477144660672074,1.1327542064219724,0.4959075349286415,1.9025083252996795,3.796880116450404,3.6549737848396755
-2.5083471310437915,-2.6108064405160776,-2.835619013367915,-3.137507243294476,-3.019685532221449,-3.345855562697347,-3.4212721399244987,-3.924915327745777,-4.707402913005798,-4.6911239043371,-4.686278061259023,-4.891982120475748,-5.4400060488875654,-4.603726666328181,-3.7752433497515145,-3.284974405145051,-3.9301207146373143,-4.469019012573905,-3.1508345328155443,-4.611708570517393,-4.836156669480076,-3.2142340635853235,-3.068501956970896,-2.360703110510249,-0.6483835954224549,1.374490766945595,1.7253619002677485,2.34184341074406,2.302133118150112,1.2861599079373875,1.8376749800664793,1.8868022100638586,2.784028796310084,3.4529161097703382
-2.4166340606968038,-3.7626507222363155,-3.8579322849368816,-4.178328033765186,-3.299085696941965,-2.8558597575494025,-3.221711608512933,-4.759511001928455,-4.848156882665345,-5.31790093833489,-4.981080976383175,-4.450134756063186,-4.221320692192359,-3.7337406792461993,-2.3143057447104343,-2.6380100189530635,-5.1009099813502345,-2.0703622756661284,-3.013638819014537,-2.3369614929339164,-1.6848476766269405,-2.033889329294913,-2.221465664383689,-1.7341836987095316,-1.0699209629592978,-0.11962261366828078,1.4274948261614147,1.8610796025927,2.706157030125385,2.660034772107468,2.3445187134441157,2.589854138331264,2.203716322286844,3.0074256454619133
-2.8780355588811974,-4.630422269104917,-4.700867264109328,-4.756274558745162,-4.840639342690951,-5.084363303522147,-5.607715928938222,-5.7307131828950295,-5.365161121224929,-6.597443245167956,-5.4010259161169065,-5.612825066604439,-3.9046775517662518,-0.8447506775691653,-0.8724835927706306,-1.2637699520866572,-2.153616267730453,-2.4736385435610178,-2.668908723898315,-0.23079980753194476,0.433997686335926,-1.4042496731278502,-0.5178596735910904,-1.2535348504456918,-1.279197316012651,-1.047176600991634,0.547454615477993,1.5908908253033283,2.070088630097262,2.8757196952341335,2.816239710875562,1.7577279481067,2.832961315129837,3.1224776882097562
-2.9077333832117263,-3.9563228701117583,-5.189946875301404,-5.203043992229784,-6.049223347844823,-6.895568504698347,-6.680324812685315,-6.210044457629865,-6.148260316416007,-6.682725687233217,-5.517525161400165,-5.2693583104708495,-5.197303231082448,-3.1363653352456016,-0.37019355899769407,1.6408449314136213,-1.0185172850851523,0.3037115736834518,-1.0505295274607702,-2.114790148942782,-0.3226381479571555,-1.8540882053555794,-1.3973107441840007,-1.2870218834707428,0.33117791025864673,0.34155721324807137,1.0282548779584557,1.7004584006066916,2.148709217032654,2.316909059611563,2.8495734994371653,2.752581035966791,2.148800825637854,2.720325708826411
-4.07575661458016,-4.122953287727177,-5.231350955423512,-4.5297255886212,-5.785483897415606,-6.401819141685783,-6.506884657382391,-6.412599629190005,-5.423862822398342,-5.544106286495861,-4.809016901310923,-2.0416122902458906,0.18527248245644745,0.7183314787102919,0.22759962083474783,0.7470025097930598,1.0267132397245304,1.0359950795608903,0.8168831298742488,0.9957153239557591,-1.956222637107185,-1.4025645773927702,-0.02907493436803953,-0.4266024359046278,0.9291669024268459,1.369728726648324,1.576550209140823,1.9033575691896714,2.2087934976062815,2.4948963650926195,2.2364809027388524,2.174821132927577,2.2264227007290756,2.713631576727342
-3.4114572879935006,-3.2009965825069786,-4.090251913975943,-4.477463597832975,-4.343109028993552,-5.3569128267916835,-5.324321435995712,-4.099048824689036,-2.9882050802087172,-1.4178137407566067,0.33401310381090843,1.9351966452373939,1.3815349403503316,2.007127722602703,-0.4773732025313706,0.8623581038907452,2.105948982893668,3.49337221478027,1.9366723829379886,2.1691990911175294,0.8948640607093801,0.15222888869490955,1.0720140810285486,0.22539463048462147,1.7347017871722255,1.2435099815614774,2.4933415536295485,1.4246559566958001,2.402013650855263,2.4809483158179835,1.7888424809437267,2.1405850571866196,1.8940794823546516,2.250750660153078
-3.001920334384232,-2.3139878592525274,-1.4893451296212403,-2.061613230994547,-2.3987316628019655,-2.863993883024561,-2.958286546942534,-1.803562304497678,-0.8563022911069982,-0.032057170245381995,-0.22231683016360673,0.6185129025842693,1.2603243920019027,1.7575054064667754,-0.28685071127785994,3.371680682928998,-0.19291689806491996,5.214966699010398,5.277473192914557,3.8463425163360925,5.410561015070378,3.752882054673497,-0.3087004854537032,2.112464890137394,1.1115903039365724,1.2105222919328373,1.3574277585076566,1.3577891899156096,1.5540968990326631,1.3171154703373318,1.7987855023827946,1.9934403932900793,2.696098726383332,3.1318867540023567
-3.9516825204280726,-2.647075534780667,-0.7668607833872003,0.1151958540108586,-0.0002700660114605481,-1.8143943830783305,-1.5786127574307767,-1.7486546924362856,-1.441695269468342,-0.27107475265126485,-0.22578539579566595,-0.6100060397358181,-0.9740373464280806,-0.012972601725307429,1.3893510648941698,3.1218530271954337,4.977348589906313,7.300757146855223,3.620435596261859,5.721169795099858,6.890209863821403,5.8943428870725905,5.7920876859807615,1.1257489486173557,1.5934915814690715,1.4344529203190588,0.7772124195190545,1.07427456822737,0.1650344981126903,0.5723726780157951,0.9173443309982081,1.4961773229863164,1.67718861137865,2.522874406371989
-4.26758367541133,-3.589375139966327,-3.351541312531239,-1.5733295354700936,-0.2751409089837194,-1.1744486718357192,-1.8877206981608035,-2.736916561993921,-0.1715362849711278,-0.7242503808953298,-0.03286735713583515,-0.10879322114891833,3.5669758529259328,3.9877970517926156,4.1676045437927565,6.077214741381,7.321670576105548,5.399975110722542,5.366544594092188,6.430693344501476,6.270374106402264,5.6215551227477345,5.646170329240852,3.100056822149653,1.9137537555790507,0.9067101177276525,-0.30103295738685176,0.1339942432955318,-0.12300412865051012,-0.3860904217205204,0.587488606579191,0.5863576165693297,0.8043985185520164,1.4019039904624095
-3.9038889973882087,-2.8866029629761973,-2.3678654707382445,-0.6869221476975229,-1.9108832019480209,-1.3480704496782738,-1.4988582287117935,-1.0431801394037952,1.3506321883516916,-0.14980840670656764,2.9180317549509596,1.5573923043970228,5.488079634909459,7.988823846262381,6.19764233549361,5.349911280574977,4.840232116640947,6.511002739873765,6.374283475953663,6.136791420241626,5.5022129252873615,4.034975375542201,5.491251654683564,2.220959267181408,2.2705698006294766,0.8026069894238615,0.010116594944116658,-0.84900857409876,-1.2590269199460191,-0.6762934227247188,0.39394736558042825,0.45383310986879183,-0.14490450214878825,0.4998226750320881
-2.6602535637925553,-2.435206823228294,-3.0163827647412598,-2.120183000051406,0.5915491771744524,0.5577079450109697,0.10098476266286172,-0.2034785497514532,-0.9486841997056203,2.2685082510890227,2.127747997986448,4.059072486020814,3.5965155107505034,4.375352869334933,4.609349330974196,5.878632303222936,6.4870202446603535,8.893550256605055,6.734830262611759,6.248092392948987,6.253446910049705,4.290165215554042,2.978121785586853,4.236011222996661,1.0679804277017682,-0.10419626519113502,-0.6816768313357833,-1.226240512817126,-1.8513547641387142,-0.6441959846299453,-0.25084321460086095,-0.17370496527823953,0.39470334806865337,0.9401141096763381
-1.9355488099959608,1.4704155835863528,0.9811919081000479,-0.5965889276457133,-0.46435147970484464,-0.4279761306875847,-1.1754927875873202,-0.9299247455300446,1.2587747908277203,2.2219129288332673,3.847906487245152,5.22844311286162,5.916605067957833,8.005632950749748,4.616307195578422,8.859044259927835,4.87922096420612,4.563478714407398,4.9042764946298085,3.743203477507316,4.8046361894304175,4.496925933624338,3.410061726056493,2.7874012893891265,2.3735017741324325,-0.2630213429596601,-1.5392950600052557,-1.5500330335036494,-1.7343441015049903,-1.2706433785721138,-0.9913187469410728,-0.6613662910415622,0.2929030996654406,2.2201203584160374
-1.1696641069307916,0.4021095114727319,1.1759328379565537,1.2178326521746363,-1.2469611780396457,0.46103439374978133,2.923204305225665,-0.6518067101440852,3.707013731923207,4.698538948769568,6.1124457715893765,6.359523394464643,2.604227727419944,-1.5065717558704823,7.510380260149829,7.326253974816471,6.172014934802291,3.9082234479588465,5.568424501567534,4.148739324689456,2.0519317731250335,4.394753250756765,3.479129078367342,3.405395811480381,2.528094112036624,1.3659146988595219,-0.3030079259680668,-1.1087990283752673,-0.9967265422237184,-0.5648077245048675,-0.9975420866176601,4.089481438470248,4.317196029753199,4.4307219607622494
-2.026876482240661,-0.3880654519075298,-0.8113590002644634,0.640938559397668,-1.1097053045046164,-0.4618652357519757,-3.4924156243879505,2.345312557309732,-0.9482916665351047,0.335590442517151,-0.4348347332475455,6.0024029785493145,6.342202739864962,6.9663094467327475,6.2598638955899135,6.826222608437455,2.6503622200224863,3.7075007337724033,2.897795511463392,3.0576480976769838,2.515185691882735,2.1565054201355998,3.313462875595252,2.942522058628925,1.828086387394108,1.519448721337263,1.0150435708065035,-0.3617336178869463,0.0684203923193644,2.0328059124244136,4.7854726681640605,3.2909285434517015,3.2835802670652123,3.5552775653445927
-2.166638778691987,-1.570939286057558,-0.11660154040002636,-0.26969787958142855,-1.2909191489045577,-3.371923831113699,-2.757424447796345,-1.5724426632228,-2.2148451350844334,-1.6238741444222786,0.08733921119735374,3.415736570660576,2.387895783008503,4.641299013163841,1.1894442948824586,3.6563084447917347,3.3543493125997554,0.494903348469021,1.0732431489539236,1.4081333756168184,1.1797294896348163,1.4991759446523023,0.6724488506868543,1.6305093166749827,1.7384741211917525,1.6377301020904265,0.843771307628406,2.8514690541507766,4.582337152523121,4.451759972412521,3.670828366921837,3.7194307370930386,3.799525062809516,3.382207730664632
-2.421927761994098,-0.8280260683535696,-0.09946247907999307,1.5299773616772898,-0.289930920780859,-1.5416678850760785,-2.1113185824645666,-0.9512370219535202,-1.6479965772808967,3.3120918907831185,2.9255227041946292,3.9557537944715273,0.5090729918903757,-0.0635129219091067,0.38594395284256167,-1.3223694011844107,1.2451366432195128,-0.08222084975473326,0.6499283629460443,1.2711772025907389,0.7261844311004516,0.26839355801761033,0.7385692332173949,2.4387882750480583,2.8123880780506694,2.9922847413458507,2.390123662448247,3.715219407681847,5.066892057241035,3.056917690355567,1.8887279232928145,1.312881765713339,1.7350929439170715,2.5804210956094478
-2.9522481912481253,-0.7419744565859415,0.6222966576030777,1.2936224748898209,-0.12317741995732436,-4.29823689497407,-0.9261183246177128,-2.2095822267146725,-0.029373945218974542,1.7397703073806638,-1.6167763846634828,0.11228328322914513,-0.5411467976381424,-0.4028782084613179,-0.442235701723125,-0.23987329163025145,-1.3397537718700183,-0.8271632311938146,0.24520033222120657,0.5219057125927069,-0.901189602983839,0.042070177334248594,0.28006176582218884,-0.1353089592505871,1.6661197437424338,1.519013268225393,1.756118698331597,2.84121062638743,3.1751605351628953,3.070714979630488,1.9529961244131546,1.8017205010167143,1.3838080165986042,2.3360565252889374
-3.2697390723549167,-1.0668090385184241,0.5425186976919033,0.7220168754380836,0.2788770118409423,-1.89293351442392,-0.2750907364628685,-4.8648701767784,-7.747128584092672,-1.305669166072362,-1.8301296989995075,-2.0611277824901753,-1.327383009139998,-0.6497579893552689,-1.7379192464745348,-1.6233998747130747,-2.4392191029952968,-1.953042628648785,-2.2014938631570002,-1.8609562114145382,-1.1996039602486614,-2.634930270608618,-1.1674171075625024,-1.1271315775237358,-0.33944999065531795,-0.08378068939191538,0.048725710296833626,1.527125853283552,2.479181998801528,2.3541026016107724,2.113989111902532,1.9508672049822842,2.52796157466661,2.311386475169535
-3.520051621271948,-1.3985661380263539,-0.8963090112240408,-0.001197402394473811,-0.6171913216121905,-2.245310441482923,-0.44526263181443204,-1.7943966981295756,-0.4186004732981451,-2.5135540081979566,-1.8792167230901167,-2.1975387666689925,-3.240655419559477,-2.12592027557419,-2.992535027629636,-3.72717389850396,-3.5402243487651606,-3.6016779458500663,-3.86545735017046,-4.532008223151113,-3.6935677504336866,-2.9488632747781303,-4.2554349987584015,-4.076920313168395,-2.658860842524018,-1.9401163658970613,-1.0926949447743868,0.14648489674945556,1.0422105107828286,1.850561973904115,2.790319631536515,2.827485890834029,1.6818288517705764,2.1164398246945955
-4.017923681196276,-2.5854955934933326,-1.642380313613126,-0.8173898848339098,-0.5103432583944028,-2.049732297093,-1.591170588320702,-2.687286499102681,2.4459728975885815,-3.792552056151711,-3.3902689208994237,-3.970396037189237,-3.1479671232735127,-3.480755662715156,-3.2937990130423613,-3.8900872981685777,-3.7153155295066482,-4.6273592322082475,-4.828370620445947,-4.722647090075222,-4.417441241371985,-3.7714855555157416,-5.301078498173329,-5.411709927663908,-3.7926232384416756,-2.573276429921639,-1.2839948706778996,-0.8950118416544066,0.06613576629751781,0.6621069526552981,1.632324767104328,2.315926038269304,2.616279296371427,2.1490849384901947
-4.895853151996885,-5.360829233066357,-3.130750862656943,-2.2661474627122082,-0.6682807953664905,-1.2454580392099046,-5.8811425105099815,-4.70957825376632,-7.894872771727128,-7.472296370190091,-3.6473965576679883,-4.001579686445787,-4.296622583551172,-4.132174382970503,-4.787452386768028,-4.244897859124795,-3.185568688444659,-3.635033785889361,-5.228219676688563,-4.382525891048608,-5.687652345949899,-5.0379680757591725,-4.793920955846858,-4.738374410030137,-3.93031139649652,-2.6385272391646586,-1.875466687329614,-1.2909831942671806,-0.7733283199654207,0.5647012682078805,1.3336976994835308,1.886465240652934,2.172950108916145,2.6876269901028604
-5.607788068940282,-7.009418850080418,-5.934437993471369,-4.021136759456797,-1.521161512424163,-3.2341049411573586,-7.624483905702192,-6.5578193705561265,-10.554296188255272,-7.729933138104762,-5.545014988798737,-5.694358192161204,-3.6620417270899788,-6.70442915802541,-4.644448720774817,-4.334662420287329,-4.348477672352828,-6.42806542406446,-6.756064417397685,-6.664324148073108,-4.915044483423763,-4.108608710985246,-3.8641643541547706,-3.5824130233185514,-3.6129223221654394,-2.957691723139862,-1.8581848695286884,-1.0796713277417755,-0.4989127235555091,0.5196097048202,2.1101725263190594,2.689208649289016,2.8518777755510283,2.754128034167018
-6.470624368766078,-7.750071612556547,-8.947929267966062,-6.530627274575726,-4.436119650103348,-1.7547740974645334,-5.409970975828614,-9.036901808720085,-10.814592763908669,-7.833839539778224,-6.34377759077731,-6.924657283154613,-6.456084576593229,-5.968397861854879,-5.149354499992299,-2.847208342093514,-4.024686895247167,-8.273291267840698,-6.092450865178571,-5.472087644775693,-4.248770868382266,-3.1756892662354548,-3.0472633771149815,-3.207282891604122,-1.8932113436381015,-1.3755225829326672,-2.200349614623353,-1.3917524893050948,-0.028757343397397675,0.6725231512115188,1.6242561363442274,2.113903022148179,2.4360858084516255,2.6515304402577398
