script/wind150m.json
{"header": {"parameterCategory": 2, "parameterNumber": 2, "lo1": 3.000054539987559, "la1": 64.9999836372058, "dx": 0.5, "dy": 0.25, "nx": 34, "ny": 52, "refTime": "2026-02-22T00:00:00.000Z"}, "data":
[rows 0 to 24 of 52, columns 0 to 33 of 34]
-2.44124617810937,-1.9840997606170645,-1.4828516280070239,-1.079698780521392,-0.3663241214963387,0.37768334001586445,1.2197066419912934,2.1800230789595414,3.77519006312555,2.074849837709703,1.9740318782178987,2.8036298197017535,3.3424920273701746,3.1481334603914926,4.116877158215086,-0.862691971967279,-0.7681628822141505,-1.0004906248526382,-0.24014676155736148,3.119906887766825,4.772215561240747,5.547849994665667,5.683025305984197,3.6696409604385316,5.662140109632606,3.04747132605066,3.64947837244918,3.659742055762531,4.158210176023222,2.889542299252293,2.784659662012685,2.256382758544615,0.5994021719702654,2.8511339554324424
-2.634102840230071,-2.3591968247352932,-1.7328144250960464,-1.3038166784422438,-0.8065396035434655,-0.1661438116383438,0.6236040235008982,1.7896893504856655,2.2092692312406985,2.0840778622070113,1.8353762884394704,1.9943658638654065,2.046443220106423,2.85600112449905,5.571306139081525,-0.6384621146366714,0.32013951552836933,2.5292683014655393,5.0261990420880585,7.437622778333493,3.740406432428492,5.332257261887601,6.416634940086388,7.03575902772229,6.368157538070257,4.110398312914248,4.474084247231897,2.6380576008605203,2.9860082543422797,2.879651949745299,4.160966526023385,4.602940788142241,2.200005513850802,0.44813579338619425
-2.7764892413638034,-2.332308567550104,-1.93274146000931,-1.4422589709514988,-0.815156940490128,-0.4922390856438469,0.1917816193237332,1.052428257018867,1.9055587835464969,-1.1895757087971843,2.2742870515040305,2.596599280605876,1.9296561858471755,4.57550718444606,7.832378002995095,5.517356150723045,2.668465357334549,3.320407706403173,4.120220335103074,5.860497121626413,10.168723532329418,8.778531373074488,6.916613056927596,8.99831054528703,6.757954345742169,3.973663620283125,3.9155643830048,4.458502312234563,3.041436379178297,2.1932123305159186,1.8030778319242613,3.742076751934751,2.8633678072847273,2.79613202241441
-3.7751921142717624,-2.9625044162705563,-2.014232004307129,-1.4709706234644486,-1.0800667814467315,-0.5200326957214182,-0.18373295581098265,0.7408890136555242,1.289575616486008,1.5890622535792909,-1.0068094446814122,1.9848089184593094,3.9859224850490635,3.0313720508158943,3.8365932450966405,6.580013900634602,5.462891552883481,6.390413987459515,7.09427440211901,6.943878551625697,9.196064078465684,9.623185569941626,8.836034599550208,9.03649550210486,7.370486078134641,5.331002761776297,7.5746717081730575,5.457065196728833,3.0239076040623516,3.2717600216129,2.0878661120677164,2.3516744815205657,2.640046087971224,3.1426414619467717
-4.361140926859166,-3.8464197163745744,-2.9656882355043317,-1.8832022476051518,-1.0953941342468463,-0.8724337691423246,-0.2939194924428214,-0.07717143809371928,1.2975112810286347,2.3751988478543837,2.2499593374438964,2.198928368260788,3.30563911783576,5.296105749393231,6.34856714469754,4.995757637015475,6.336809106307237,4.755770539565933,6.896843964796658,10.094978044523492,8.818436445717348,10.91850006280583,7.266645398044256,8.162129736507428,5.816132151813225,5.9784234893024895,5.689250631770471,4.088744994963967,3.6343545808940867,3.6311613447694815,3.398444179430873,1.2519427561606833,4.565548955568491,4.172746308983432
-4.5059677635184645,-4.264680044550201,-3.5019433874823593,-2.4272804286458274,-1.2516715301000774,-0.22099357324226543,0.16370054817200652,0.4644194809441733,0.3201037443457866,1.4991665964910226,2.8540956323226387,3.0458964473345156,4.170660525020649,2.832297706775327,4.282413140530072,8.315619889737228,5.2477584099182835,7.847823708964672,9.465905332760443,6.6895448960096,7.6675194043509105,8.624801259182048,9.160320580774231,8.960802295268188,7.393821771305918,5.558293294938329,5.386773113500809,6.094823313108401,5.478457123933192,5.1688211680705045,1.675228878596136,2.9000801084909074,3.7941514566624472,3.5121378701273724
-3.689450889383338,-4.023417439369752,-3.948039716172903,-3.060083693894438,-0.886953133292343,0.3170419974681027,2.073489688534881,0.38618127564267,1.1969920249636732,0.41345705487323636,2.919694240067639,4.331260774913317,6.061667329468227,6.819509182732549,5.295553467284968,10.464509443938377,6.762207099956041,6.315188924765866,8.428954372570256,8.957910933803092,7.831656429541567,7.8068337380040465,8.954763450248194,10.287210085616936,7.703528296321894,7.7172491790539555,8.20888860785654,7.552778583942711,5.5308015931514,7.455015376224715,5.622768645464455,2.4584259590939275,3.2964323254350734,3.045284780131205
-4.033185924012686,-3.483275776972983,-2.880829264553131,-3.0429139940101613,-2.737385796564969,-1.9712969011833563,-0.35056766359870095,0.8328449428889466,3.018144188364428,5.116052873761675,5.5941429875967446,2.512517810285229,7.453809490272382,9.233879751769004,7.515580252998718,6.249800169450113,6.203386474069768,6.307619689041777,8.595573454704938,8.900485056516107,10.083710301552577,9.790415347332381,10.990481419701236,9.348938553542654,8.891510325432215,6.254353234021205,8.54088126214502,6.902351195210481,6.849005738542325,5.800322552333401,4.532678682013937,3.927908338573989,3.621313498362324,3.450426664889704
-5.017767550120774,-3.788042049747077,-3.322293400725312,-2.601029436959383,-2.7158891739523274,-1.3814582130626094,-1.7817491332934718,0.04780095443125577,4.237182351358703,3.709112700629281,2.175345753186124,3.020285522377068,5.8178998530368045,6.405954630209382,7.990538756459084,3.0691724323795038,10.102266439778013,9.703777703813662,5.93673774153791,9.404150551875702,9.80723784774575,6.90805218372341,8.01044428047342,7.797824121570779,8.310819953980563,7.833297324560723,8.280316924348496,6.591004002896074,6.297937019136501,7.1215603800339276,6.07143834368892,4.171190512788809,4.757876379462863,4.035049385754941
-3.9271395423218105,-3.7451978309884297,-4.082629540752372,-3.3452762544668584,-1.8657413497993014,-0.7792403070428376,1.1455498451677049,1.1675730320493498,-0.23234262862586225,0.5072465671312867,-0.27355015695374935,0.14755431383902184,4.679825779652047,6.533235659683804,3.7103273408272104,8.99112144456939,7.242419424380744,6.658165160597255,6.451069115095767,7.4434427035364354,8.600551884161161,8.369015461943432,6.50790833131119,6.699429405731083,6.772166364689842,7.514229806546575,6.575416166907561,7.288074583466098,6.3757806305440745,5.469050361697771,6.190274958971906,5.559873590084684,4.328801776967429,4.339286353880877
1.0234756062279378,0.6144390688890147,-0.9713872946324542,-3.104404238178579,-1.8149477636518048,-0.7446723792655024,-1.0933955043999024,-2.921911836920326,0.5497144824309225,0.2670255230990347,2.8886029084726044,0.7248424823899049,3.433890158697984,6.721009419198531,8.043642487228398,5.47585148017302,6.394535198043064,7.013677507082484,7.068873549643258,6.842006868550639,8.648662322650853,6.780044924183219,8.384370418522938,7.177490392254727,7.1848253331745955,5.997313443678402,6.394978089977462,5.8294680856617465,6.793106200436957,3.5756573134189074,4.748744716305092,5.226289726524408,4.2135454313066045,4.838554725867807
-0.42109785484603146,-0.49461832651749216,0.5321412740582724,0.4038584363762639,-1.6873435485929698,-0.9140762479349261,-0.5302546673524676,-0.965067877811072,-0.9192050009128909,1.4553759817576677,4.23197708733742,4.0351233136453075,2.9712661785258,5.390538021928341,5.31315211075804,4.016859085219417,4.81089507916689,7.528457650273435,4.135129629147909,7.41050522360746,7.048283954523105,8.63136913855009,7.171126601981499,5.901589378779034,5.994869689031519,5.177174961155854,5.661816832558628,6.072046344656515,6.075545637916499,4.940215729211547,6.753819160158624,5.179841564382814,5.410318997162675,5.2941424910874595
-1.6706066582634542,-0.7861887345684899,-0.1849822669162351,-0.8751435556727443,1.3404978752094627,0.6273799146266621,-0.3210408656079077,-1.004199298386579,0.6860410327562869,4.934472120354373,3.6697797032293296,3.0445493614412538,3.9394243040695693,4.798927938204074,3.9410955831923595,5.173494313595756,5.1759527301842825,6.540432681713468,5.094215186317057,6.317243316748334,7.380111709278768,7.87349114632085,6.6715928234514585,7.929219961291803,6.3626875795566615,5.99246572520352,4.991918807963308,3.7700750863684607,3.9761453584939983,4.460899074866584,6.561076765091356,6.042747729453844,5.684334162678583,5.947151130423746
-1.4770112715922137,-0.19970087370063055,-0.40548125149705794,-2.2822669695740285,-0.58588066273418,0.5367331468188496,-0.2794657269978234,-0.2802759934138088,-1.5802175688956714,4.214285588339055,1.736607533044732,5.377722311101342,6.565974004221207,2.8596240230513037,4.50931010042276,3.959019279436525,4.030717703443669,5.668438367736718,5.4143949300104035,9.096044698999098,8.480800530715905,5.8547700858108165,8.369141900101578,8.78062728638631,8.67940592823895,7.177230871129062,9.415656546708169,7.221473225165972,7.566929474017961,5.4614443168337115,6.530044409473483,6.17386169804624,5.695568186310912,6.424574554083507
-2.713408386696777,-1.3915007101563361,-1.1052557141098562,-2.1396620791253333,-5.266420150305192,-3.452308712025556,-2.9267864748233805,-0.8394618571829375,0.09745423119631244,-0.5433612808216055,0.5046271918515322,5.0057889167714285,3.861511030479945,4.815629695551713,4.825939761259406,1.8433397572917527,2.890239505554939,6.684569823594383,5.231332544006226,2.8972888379839796,6.802233094823034,6.796015314114808,5.733824868435241,7.716520955603598,6.4622695056717925,7.606626237055197,4.541813690346407,6.72941180579026,5.540546951245724,6.835034805525102,6.312343218820583,6.283094783089307,5.958462604968637,7.150018868039406
-3.401313472882105,-3.0981836809739307,-2.3833955520735297,-2.5367367486319976,-2.498227003421497,-3.2981385737790045,-1.4784792608732829,0.2016638949263964,0.31958899463353924,1.4036059614081948,3.7386460339773824,6.138533390413733,2.0549827366472346,5.518144895405658,4.070158888203438,2.3699045577072404,2.7439972751171022,4.552190596603051,5.262127028417401,4.290512274932611,5.589717594862519,9.467305044970576,4.4875901531798,5.57142952176399,3.0199931695484126,4.437003444200105,7.853288715159466,8.312383631342604,7.684902156373601,7.27946949165336,6.980022753563247,6.743649065942747,6.615604569652928,6.887189272327408
-3.070701575981971,-3.2850527075245677,-3.071902631363905,-3.0128516091623436,-2.630158999075623,-2.2431389844925174,-1.187182426971951,0.29209799224927036,-0.7785916266185217,0.7726988940638968,4.404351659300689,4.725952962370324,3.969699972989278,5.0883572321883825,1.1657371370486675,4.008019259081125,2.117308811483396,1.8364011316649462,1.8485220931395356,0.8822571935342279,7.244971377321363,5.50420646603438,5.600098514194889,7.338979434342473,6.623701468075316,4.252295713547067,5.972748069658672,6.236359818302732,7.146683021552502,7.77930825120832,7.494029114498875,6.801528284785682,7.197861764683998,6.655349459607247
-2.9281133851701253,-3.0477866374804594,-3.378297278207306,-2.764780208266254,-3.664259124534596,-2.56914235631203,-1.6963916110241135,-0.8027249313733482,1.6408538524188898,3.7695652387528753,2.958519498454836,2.8974588028772397,2.7321627180598735,5.275325519162268,4.5759275718219445,5.526220011810671,4.081788519794014,6.041763842252019,6.281496184747522,6.496656781244642,7.3390841767438015,6.1384612594642105,7.246197951193798,9.507193417482588,5.693675668458573,6.639480534803257,6.4347189950705825,5.874646961510252,6.428158360573653,7.979487919660374,8.137417329243183,7.074399908785889,6.744934544992545,6.858593772291343
-3.4860991875366327,-3.123308997300045,-2.7365259036141234,-2.313498554422671,-1.9984694058529424,-1.0558993510976789,0.35086235645244274,-1.4407672723873721,-0.9037954843723618,1.7026341411529151,1.73161112664577,2.2196056499475567,4.740000962621825,2.01435328438064,1.7131551117205293,2.2622074871032942,5.765251754143832,6.109794026142617,2.089374019930883,6.990017087925595,7.0713937381987675,7.787809903693465,8.747555891387066,6.146938848517277,5.926711462231975,9.839461438505625,6.587321919230642,7.981491293613554,7.231910537964339,7.6661496653484305,6.777496064553586,7.555363932635263,6.9204879932292505,5.987146715162811
-4.478380655564226,-2.7885397509039938,-2.5348025244711,-2.514981858784636,-2.897919350729004,-3.7262041053886636,0.4221709676769052,0.786972403469265,4.480594260736884,2.463087962033901,2.8479811030301767,3.07903975757671,2.4036403270933393,2.2104107309082854,1.8297272604518873,3.7567617310015664,3.4976113483148326,0.7719321094642775,1.9382387644994394,5.814538523797284,4.021494976627909,6.012645225005946,6.480346191405585,6.172241633383134,3.6669867702500203,6.7283364636217025,7.463674573545203,7.146977929679742,7.292729600979966,7.691273489630905,6.941649172321462,5.59502925571197,7.697748798970571,5.503340837710161
-4.971233393266454,-3.714534460040708,-2.710448489027459,-2.4615195898435847,-1.3118288266008618,-2.5277021992085262,-0.05182331340919632,-0.303204332078159,2.4367877188700167,1.167171774131139,1.6603964131544093,5.400454570309361,2.575738661052786,2.8888770947266282,0.1236329701131352,3.0573436733487904,1.5851891138741268,3.055967145546706,5.664407644864792,4.50696600302028,6.958474937304633,4.933137440632602,7.02293995131617,5.957565762199801,5.984986413959746,7.200121701005674,8.170247615438589,8.077800617433534,8.20003802295167,7.865625436989375,6.316557404260288,6.297327821992004,7.090112210629516,5.984269584604338
-5.44361784885562,-4.51180038438216,-3.5430965041464497,-1.786281321384677,-2.2164363763571595,-0.4997666895572691,-2.0158460659551958,-0.7190427781590647,1.612572466758037,-0.6712256821547371,0.7433064063728957,1.7821343095737605,0.5707179818393434,2.2081398791923346,2.1205266936695315,0.09349153057612779,1.9002088431813753,1.967948762160841,3.5960407710720115,4.212740189935571,6.381717606624167,4.891659657083611,6.396673652247598,5.0817811242192645,6.046036933426591,4.6081081246321,6.836916502115806,6.650944627163377,6.879851821267035,5.870807141772712,5.730499202796931,5.903752245690203,5.086071422849942,6.530073850889098
-5.129814564830361,-4.918630929415727,-4.021009674574093,-1.3950925664986564,-1.8698420444723258,-3.6617361474499384,-3.188966350810983,-1.658845949604658,0.7336911234443377,1.905376065937459,0.2537339737075827,1.0813718302095678,-0.053441197219222185,1.7848602974532177,1.2171372479609195,1.67578479982068,1.562610492695156,1.1542777200669543,3.0405517001429994,4.908083123049416,7.026686961879376,5.415164625789104,5.7789236003057125,5.244209841627845,5.601902245425403,6.681460522866819,6.295592526291521,6.249388233932278,6.040798997804634,5.397583351368648,5.716476449849997,4.887402937974738,6.197497408712692,7.20175988234904
-3.824069896190607,-4.831699698873208,-3.906101506715126,-1.9559246901412373,-1.1484211054402325,-2.93408169908755,-0.8913299495017938,-1.2402383419780187,0.8700886566757647,-0.009652422915590913,0.14865232554265545,-0.1283882787814969,2.144898648785709,1.2846174023597239,0.45849457429873564,0.7558435102248331,1.2742977110834697,1.3553557893180115,3.0028035553344776,5.179493423848868,5.978517447105205,5.468380202160709,4.660946347628484,4.419884734602287,5.819066512309682,6.550801690322062,7.159336639141425,6.843044603565698,5.917453064674203,5.550155271977743,5.334227028599197,5.7044506972778555,6.622496178514228,7.049901503363073
-3.099456888846164,-4.006668906390262,-3.3347940477128373,-2.370508771448938,-1.0720431631859129,-1.335855286002301,-1.1692270797079642,-1.0115340677986389,-1.522442367465316,-0.3795398380831806,0.10877156190902415,0.38757720533996837,0.3727579472094657,0.7588727410816648,-0.06267060221726525,-0.5200874845965561,-0.5745368807865274,1.3551652470009632,3.5678798657001964,4.047341132661705,2.8629128532033516,4.882879133246489,3.947629020656454,5.345738359782843,5.205191156287955,5.807579811654308,7.334843401959181,6.767056956656512,5.497231724571467,5.187001750392641,5.362197958716405,5.836722536390308,7.117996870663247,6.504919461933358
