script/wind10m.json
[{"header": {"parameterCategory": 2, "parameterNumber": 2, "lo1": 6.000198445256149, "la1": 58.999992894266676, "dx": 0.5, "dy": 0.25, "nx": 22, "ny": 24, "refTime": "2024-01-23T02:00:00.000Z"}, "data": [7.782683261519305, 12.063894190697336, 10.135372666743697, 9.035158885002632, 7.6498681716244255, 3.9492440149248162, 4.742199041592701, 5.059664302578353, 6.926967990925789, 11.873602707149828, 11.361077046213921, 5.261430312360442, 5.995652572123481, 6.65812408886012, 10.078551785838382, 9.476836979765155, 7.30822410060376, 6.626254964598583, 5.952977938313082, 5.787261791103582, 5.315797827174907, 6.275573118293732, 5.55124263086667, 8.202754122080472, 6.141678838470249, 6.220618699752906, 5.24155693738846, 5.336335320814405, 6.004140240586273, 8.97877440617833, 11.11459650854771, 12.33259469162875, 13.143531853439606, 5.580063577334828, 6.57405447746229, 8.200444407928996, 10.429567418968029, 10.83099995967928, 7.757372242882136, 8.617149528865891, 6.34087792786593, 5.06361186632654, 4.701723738715592, 5.095656333377369, 6.001083972798366, 4.801283364575901, 5.922148453141947, 4.463218769817751, 6.06149777567329, 6.3244471763806995, 9.188290719480428, 11.142301535611221, 12.903742567879618, 14.730366888386511, 14.85597564981898, 6.261608275014287, 6.866224140499553, 10.346781939205687, 8.08384657412116, 8.491561847705308, 7.66825108791201, 8.928412495226432, 7.056722457116894, 6.28975656674063, 7.340727221275312, 6.590929902833023, 12.639925421411903, 9.685086818692447, 6.160096299203583, 5.623157062996356, 6.3475641195029135, 8.95212021430483, 11.36576802495643, 13.717443341106316, 14.654296002952147, 16.11132822986461, 14.802396804108998, 7.277608344635436, 5.591994167075756, 6.080303943245039, 9.15059942351785, 7.94522314798569, 6.340311654636362, 6.8266434905207545, 5.218663444147496, 5.091077754096607, 6.199545308575383, 5.738318571233684, 12.497310133457846, 11.404404815703844, 11.633252029429471, 11.39441201469442, 12.439485378578611, 15.449197138245532, 15.849857007028303, 15.708663825607223, 15.376660501163942, 15.030372079869887, 14.880450423838935, 9.955934648433793, 4.885976390841832, 5.3268727853455715, 6.583979566917647, 7.123498201485608, 6.4146686955327255, 6.129842322795135, 6.9067904085711165, 5.4305773278701155, 5.304110434544875, 5.4851695327840035, 13.10252743350815, 15.782552687265406, 14.433264886226011, 13.374575073068055, 13.921760569431761, 14.240520731779288, 14.703367189270123, 15.01776510268238, 15.413402317737498, 12.249489456102234, 10.299534361397136, 10.702465227844781, 5.589315699815904, 5.208409086160863, 6.032285302808402, 6.443503488897091, 5.428640133688925, 6.165570005849592, 6.144022106532714, 5.487255614992189, 5.51815104508781, 4.977657961801819, 14.686490980862587, 14.105707878591293, 12.255915722972997, 13.414601050493403, 14.314636566793274, 14.774297425433922, 13.404897727375177, 12.875971496266695, 9.100538623544143, 9.458221677273727, 11.037302352346593, 8.756186190322016, 4.806512901179519, 4.831036239576044, 5.622917338950944, 5.9402059654980315, 5.5597587110650615, 5.804500129318493, 5.421174399245149, 5.15991886600277, 5.069636794235128, 5.2976488707908915, 15.797657449870279, 14.031167118400758, 12.93785539144427, 12.95210975732624, 14.016540124342882, 13.719807672735183, 11.915419941790734, 11.408101689694897, 9.601234326305928, 6.172670050323108, 6.571306707034495, 8.933006659953337, 8.163481062708513, 4.328806418258171, 5.417328611066606, 6.102174155757156, 5.560532186002445, 5.46886206843595, 4.763619055808583, 4.8015102529415605, 4.971765756651315, 6.727819078177248, 16.50328747771016, 15.702558638781037, 14.343145817812507, 12.36689034117139, 12.040273814820821, 7.012166172273254, 10.969274701905169, 8.153879917424144, 7.941580251906265, 9.316583459252012, 8.005885741380162, 10.062550878983748, 9.342944304580397, 4.931863633724712, 5.106596539580499, 5.0047240457960225, 5.614343661745876, 4.69210783522463, 5.023940548513157, 5.964725205782623, 5.310581470568646, 6.06865022860631, 17.605987380185056, 15.120685844872659, 15.398322114938338, 10.86167132752474, 11.225044819708916, 9.826633774417475, 8.596967386142884, 8.153368274408534, 9.642184622511657, 9.549750827378238, 8.623851062699993, 9.973968077612401, 8.754124084752812, 8.173050829358532, 4.4940439952390925, 6.226125613951651, 6.134021272735552, 6.060800996932666, 5.31415811470041, 5.41447727852831, 6.073142513412575, 5.18796722520793, 17.181457754898837, 15.805070178484057, 13.751219910529347, 14.167849216348564, 11.980594380925755, 7.853928385044354, 7.4182821715367915, 8.997546216776508, 9.282050970206168, 6.815824308481256, 5.611394714552054, 7.314958770326166, 8.841243532543158, 9.838093450715341, 8.197412770369736, 5.020577936973923, 5.103238045999313, 5.448994422343832, 4.86236269236292, 5.024213032293664, 4.836933990422263, 6.280439667000512, 17.895740836499293, 17.015533240832102, 16.79346472676041, 15.045683281751902, 11.337652719080143, 5.9925254748307015, 8.605266502762104, 8.61669497869864, 8.472672776020618, 8.733056761085836, 9.03876082330538, 9.118836343500687, 10.019106709785177, 10.016781477439569, 5.702066591272837, 5.422691844329378, 5.48955689783639, 5.448004097324248, 4.4296365053536855, 4.271744656821215, 6.215306197009622, 9.874609891073547, 16.69089278394693, 17.824170308419763, 16.693817335490543, 14.883355005736226, 13.226428895057014, 7.493980619224645, 7.1295325658649205, 8.689670779267294, 9.816997543005913, 8.556876776959184, 10.430476779581165, 10.776966594669362, 6.016351542290764, 7.0003255291971005, 5.489628564599962, 3.617333151323619, 5.66026897242266, 5.9857396326841075, 8.095778160456655, 9.660747648295882, 11.229792060386353, 12.420487240468711, 13.676107368049243, 17.65335410438936, 15.980696711179764, 15.723845692464781, 14.130480995258901, 9.545940682311672, 7.888752122793284, 9.280731082528538, 9.712839158383584, 10.65040909898973, 10.024717058247742, 9.046425686639727, 8.99772910048185, 7.296996766619723, 5.658194182926823, 5.672859954612016, 5.2738036658241585, 8.513962528576673, 9.925697516284064, 11.777681592138318, 12.639195129904921, 12.215992051315089, 17.073452044515975, 16.708108060434956, 16.11158609783444, 15.56694717639647, 14.685020575926407, 8.601569302961803, 8.63989598723807, 9.535271277321092, 9.460015174794378, 9.522570260958494, 12.80786938445839, 7.19945747145463, 6.412948265779471, 8.832634017722231, 6.234866770568173, 6.112746711656403, 6.989035309770301, 10.184404613855838, 11.645932977176681, 12.454441959051207, 11.736603489177309, 9.834788795171303, 17.184414428424056, 17.073426041492176, 16.159991247090243, 15.326307148111638, 12.949613445286115, 11.866833117679722, 8.386943188536208, 9.75756789969116, 9.650415006980513, 10.22400169424052, 8.690974333727585, 6.7439839043270755, 7.756937372125518, 10.315947939610984, 9.233100668496558, 9.083509123614887, 9.893267626080865, 11.600653255068442, 12.072765895377337, 10.375277853010843, 11.113451331393547, 11.60611786971296, 17.856828555460268, 17.531309344477883, 16.197221840629595, 16.140928542073485, 13.748270615826382, 11.6672677412216, 8.376038247364246, 10.54877710323682, 12.346433395352104, 11.864082217500723, 11.416682633054602, 10.736615951156066, 8.525619868058525, 7.062161273595621, 9.244223986467553, 9.186241088758043, 9.991600942296541, 11.205424224453228, 10.295509622539374, 10.754175768251875, 11.317673936106084, 11.67464864267614, 17.783932875425016, 16.422147916002746, 16.84068417521141, 15.906966219845902, 15.18975050156475, 10.611959672574262, 7.525603658179235, 9.954555737921371, 12.04117478244257, 11.866585814512655, 5.8623172591818635, 9.079643272950882, 8.54406931643851, 8.773306779963427, 10.762604571337976, 8.504619575912916, 6.503503951117266, 8.093052398824053, 9.196548036830622, 10.277730552533598, 11.008264918556613, 12.12236372821504, 17.40590536884938, 16.2591057683415, 16.46298597231959, 16.904407125631646, 15.135056879729428, 13.360206731523643, 9.815822456423204, 8.910110942597575, 12.361016272679462, 11.64817018638209, 10.659463111885863, 9.940558051309091, 11.19170158143465, 11.124248173822082, 7.714096465196209, 6.447332290732627, 7.042461913110162, 7.986971430761828, 8.89230316130108, 8.650178268472198, 9.630482396072507, 7.328858738508258, 16.940984780637848, 16.89708715991412, 17.564870106913656, 17.06077170540104, 16.266130665018448, 14.661109478854659, 9.445154720288096, 7.3417422407478306, 8.83066644818269, 9.614201228337835, 8.364648484054973, 7.848151326974963, 8.578873559691095, 8.492325579171762, 4.248026924285941, 7.036606491069312, 7.288042744641386, 7.404372734222352, 7.681641479608756, 7.259898270964184, 5.495342895719027, 4.548001526222507, 17.000706247269893, 17.387139586384233, 17.297252475244605, 16.608007052408343, 15.584740325824225, 14.824726529917255, 9.450044537408495, 8.619606464915604, 8.74761522903088, 9.106236873738217, 8.35710688891408, 5.5830823007454455, 4.977137068283153, 3.7025357600170272, 3.8927693201820626, 5.163230981999093, 6.059511679722116, 6.262514612095547, 3.087811081540578, 4.330516878482814, 4.605024249926318, 3.91763460536695, 17.183291481825055, 17.32486273975898, 15.844430427751407, 12.295116725082842, 12.969472244137435, 12.186613373349001, 10.145268194006867, 11.314838890337109, 8.08957032910417, 8.57207114318415, 5.641298117412347, 7.133331678179777, 4.200962960955621, 4.754208732422171, 4.033894359461581, 4.522929807566286, 4.1103225660113605, 5.299285212129723, 2.8310488770296725, 3.3942832375284273, 4.3794328755297744, 3.9202869272556637, 16.417128692541972, 15.295886182280594, 12.827412261575235, 10.367288155815032, 10.979737899295683, 9.778903164699173, 6.234646412724169, 7.348861263545382, 6.7675662313119505, 4.7748648296701415, 6.475737799821184, 6.410492080825391, 5.071992774037644, 4.852571931654538, 5.581825099098997, 5.274509053157262, 3.5251675711972763, 3.622732282853331, 3.6340851096970135, 2.9241389577522146, 3.5218275626841087, 4.055764622656901, 9.699258807807027, 10.694320297533793, 10.95230571574353, 10.156079252215429, 8.270904917647115, 8.130364184170636, 7.695020332016756, 8.757643892431622, 7.0662240235914044, 5.552570350646658, 3.3383038619221383, 4.583279428975465, 4.152498328411191, 3.2240511871831736, 3.9975768202569255, 4.182379842246278, 5.547272751080503, 3.5170217492657523, 3.482961051282231, 3.094212235287445, 2.82336786893134, 3.445125576808583]}, {"header": {"parameterCategory": 2, "parameterNumber": 3, "lo1": 6.000198445256149, "la1": 58.999992894266676, "dx": 0.5, "dy": 0.25, "nx": 22, "ny": 24, "refTime": "2024-01-23T02:00:00.000Z"}, "data": [-0.947390242600901, -0.9352135078342115, -1.2530811318472337, 0.7564531928415168, 1.6446973580644446, 1.4272042209209048, 2.572490128503965, 2.4544245475984336, 2.504856003395705, 8.289051660090413, 8.544420195601255, 4.276354925887431, 4.159359886787475, 4.218511877356063, 6.995692895734273, 8.102714659899787, 7.1312612918112, 4.088091275561684, 4.478525838432577, 4.6371558203239385, 4.418360649342819, 5.008443948974343, -1.671691491021763, -3.6554795249583925, -1.2838425245893783, 2.599668881694315, 2.053505951442402, 2.169854106265514, 1.7619013740126648, 5.957885699681449, 7.7917360205188135, 7.803834915543227, 8.653766327601215, 4.2641223965656305, 4.511371125304247, 4.631955286208789, 7.7189191960148245, 8.54230513865431, 4.7788378651717975, 5.799361253921329, 4.58265560974344, 4.442215800460455, 4.258369833214006, 4.149338387703014, -2.1380895298461926, -1.9373841935998497, 1.0722135609162615, 1.7649079226543114, 0.9271054714148339, 0.9374487591240473, 3.891109053233121, 6.794851347688618, 7.184143044842514, 7.273762826649473, 7.644817770947612, 4.313304925881841, 4.157979653293743, 6.253539663212956, 5.1776919979699505, 5.638322353954123, 4.682241896905512, 4.525269946140565, 6.019292193338677, 4.773316374395086, 5.640367050595881, 5.219029766393676, -4.586578354380352, -1.152615356064209, -0.5653469547721749, 0.6385800534962189, 1.2335762748887218, 3.061617045560183, 5.670525924345406, 6.848470936537649, 7.141863627795033, 6.2538207576620035, 7.024440784523405, 5.118777952820548, 3.757715609233313, 3.998450879838713, 5.3098666882467835, 4.681748504685386, 3.837618561236624, 7.472748476004388, 4.382103726116067, 4.5184836177286645, 3.779052724030896, 3.3769921710499355, -3.9540308858605706, -0.5569707736151257, 0.13361739161557792, 0.3337769632047727, 4.114656711068274, 2.7713349215364538, 4.414785018605753, 4.304062728678403, 5.485081636054672, 5.62195604760726, 5.775560605506064, 6.311048871530209, 3.988142570326959, 3.6435804262516767, 3.4072426701240754, 4.055682928151019, 2.329944412247637, 3.5368589277928923, 4.035392131952566, 3.54005531644729, 3.4196492281744204, 3.0965428522274436, -3.1649634100352966, -0.4714477523822204, 0.7517366471798507, 2.3117176161914936, 3.1641444858245467, 4.1056960554490605, 4.178892124808727, 4.452737650346537, 4.68686665274055, 5.876469419331289, 6.774253137293056, 7.517092509458003, 4.86948768089183, 3.49484326485112, 3.8971535862968976, 2.9550933875553813, 3.1731401299322006, 3.0969633310895115, 3.3535838162125824, 3.037468630852271, 2.8322207402954014, 3.269968498391098, -3.281082985056301, 0.7747669264871179, 1.5557614675841505, 2.9428311290902123, 3.40659405466866, 3.262274567150341, 3.473755586986138, 4.2975276962661715, 3.9613686834499426, 4.339867740177932, 5.099225081305629, 7.141700914208739, 4.470717615571368, 3.726577090663143, 3.1119289718233887, 2.812596651262486, 2.5541744042976333, 3.1030393445541278, 3.394341480111487, 3.2068407000736148, 3.5010345139008754, 2.44760699628247, 0.1881484850568219, 0.7859064906281326, 2.1172780027359606, 2.773069257006689, 2.9630547561918084, 3.6962713902367654, 3.185978119679434, 4.000788898769477, 2.552097265243378, 3.2095591905476177, 4.245515465770514, 6.389669717487071, 7.904940584738425, 4.035328320870912, 3.141187170315562, 2.6257521601805855, 1.9432841889082177, 2.565307561785418, 3.7090271326802555, 3.5858135990123308, 2.711040025917549, 4.5959190017831455, -0.114792473237315, 1.376534276513183, 1.3090835525423152, -0.6611193271084681, 2.5366985882969426, 2.1340340002179987, 2.6651816460809905, 3.0233496455681097, 3.0381775357153256, 4.197532499168377, 6.362384358421269, 7.185821234930785, 7.365759589603092, 3.9237074919132535, 3.660576757265139, 2.874914700917275, 2.9792682588056505, 1.5988532509669404, 2.351976181327202, 2.6142114250170305, 2.6067846408501696, 3.1581669018615037, -1.3979409935076532, 0.762173223251208, 1.7553224480655574, 2.999640008495411, 2.734407667792604, 1.021255283316968, 2.1433431786715524, 2.8581615770082887, 1.909100445329313, 4.396850868992385, 6.281578276337528, 6.882026464789484, 7.313923750608677, 7.125443220828532, 3.5171406859620618, 2.8814922776892087, 2.7625568421002957, 2.9127694795378862, 2.50590667856017, 2.6703304876881244, 2.5481030374201272, 4.7377801471690155, -2.8685236237875293, 0.8338185715541957, 2.096413825486625, 2.1832570051875746, 2.6654703941310562, 1.245492248260591, 1.9670861834610271, 2.209142169326427, 2.2172988561197204, 3.7551386033527834, 5.505543381491579, 5.257661940589579, 6.945815211521185, 7.686328012332447, 5.42364341363815, 2.729268919346321, 2.89808350231981, 2.5906253605810226, 2.705308716304961, 2.096173621917072, 2.5917625331740526, 5.728300492991127, -1.247445683012321, 0.32004121937572966, 1.1569432920690195, 0.27194703229065975, 3.183576974760327, 1.251799361543275, 1.8803151259493853, 2.5533434318145414, 1.4062967664487547, 1.2101396599371161, 6.01182440602327, 7.985403638021577, 8.860001710917802, 7.089933773315921, 4.098831407777814, 2.8340777349417534, 2.6203633409252265, 2.4318552344839306, 2.121189462310067, 2.6720392529285215, 3.348686609003637, 6.558987694174381, -1.5376550645749545, -0.41384464795110915, 0.6060828841711239, 3.0466879421651996, 2.7357618589052444, 1.67327289717185, 1.5683912822894805, 1.3187175110427776, 1.6721120519206458, 3.838285642725813, 4.2572655043848435, 5.984108509160452, 3.533382384876788, 3.624336471949945, 3.805535469507955, 3.4516665632474544, 2.8598716265075637, 2.9848966144864395, 6.544475891911712, 6.217863561258322, 7.205633070812621, 6.712956096814309, -2.430555397941734, -0.3063079722339098, 1.4867876325116358, 1.910520068959066, 1.6105406449336304, 1.5168160882786685, 1.3466119076590648, 0.900075194883228, 1.668405724529991, 6.003860117826532, 6.011510039904794, 3.889054877342467, 4.847460408590055, 3.096020750040261, 4.042995963473451, 3.8094380685016036, 2.585438607215628, 4.786883870854314, 6.56186818918005, 7.491793719304119, 6.638548486651064, 6.293397519782492, 0.29513213343364425, 0.12192826224393398, 0.9580404596047952, 1.5836864371898263, 1.5794221477552675, 1.504784013705624, 1.3578409127689726, 2.38539249481854, 2.554852708505877, 3.4208323087499375, 3.695219846359831, 4.142221122479375, 4.380313089633646, 6.43983765365998, 4.2740873576566925, 3.7324089227709063, 4.15365865516181, 5.727675942002129, 6.7104404278995515, 6.132585968291193, 6.171683077849058, 7.437794101772748, -0.6170468857541058, -0.6950105721491532, 0.907568570046795, 2.0389890895674396, 2.4186847888711798, 1.6808342776547152, 1.729596050603386, 1.672286458177194, 2.0957616435139865, 5.097519521040993, 5.254976361489145, 4.922160775365236, 3.9968421473081968, 5.262203977078386, 6.799166188571536, 6.4631478576338655, 7.4752183995157155, 7.620722859121734, 6.881022700613527, 6.252589159605344, 7.419967799704959, 7.718087801875332, -0.7630122482742726, -0.6302689744696639, 1.09364059587459, 0.542014344879331, 1.7293729411517, 1.6666832285255506, 1.3945517642541942, 2.2310438911873085, 2.038779872343848, 1.7964929098330897, 4.1607259058201596, 5.0811411075914, 5.123362940113415, 4.9763694991800875, 8.456929316487445, 7.209380166259617, 7.266953419962079, 6.685198919707249, 5.730847336165176, 7.84473659720192, 8.226811443908309, 8.40481012925599, -0.029104566525693144, 0.40742652164622944, 0.029176238979258688, 0.9871388184302167, 1.039758150110924, 1.7136905563086748, 1.6883382805824314, 2.0917301349103883, 1.9948549401264488, 2.0522594178334446, 4.309387817350037, 1.9073813726777973, 2.458545544737794, 8.195976183245218, 7.770157729388476, 8.150915860021854, 6.97621642961544, 7.282848647842563, 8.84410675717616, 8.985472484798722, 8.845996381079422, 8.327771921590514, -0.20085854806494466, 0.6847685041317677, 0.6641261697261105, 0.6970182092130556, 0.6716788263082234, 0.8964189994461875, 1.7384535152963958, 1.3512901462263418, 2.1210906376137526, 2.9256314514099704, 3.397058062273027, 3.710804081994054, 7.986850782110408, 8.035187715294766, 7.2390634459511, 5.1562544206206, 6.365329816603142, 8.002671720320857, 9.0619048108379, 9.44426221623133, 8.349416685609297, 6.189598962907983, -0.6090230352211601, -0.11828446857534354, -0.11419959872504583, 0.6297821668895781, 0.17612313639147043, 0.5990025297322155, 1.4557578912349722, 2.0681588503873702, 2.1690583519706905, 1.2676882986216282, 1.4508489438208525, 4.508348736377957, 5.72202529498012, 3.1575690478618275, 4.217601974005494, 7.313144631163773, 7.340403773821457, 8.055180639623298, 8.287848056896356, 7.977586993568027, 5.068834331419437, 3.9343220132671775, -0.04758815565273917, -0.1509627869876289, -0.1540193633565322, 0.8130340996807531, 1.8134533855591812, 1.7292086142443368, 3.1483994758700926, 2.5681605979704187, 1.7646549430019072, 1.1206060852083695, 2.820688379969231, 3.002830142574841, 4.772269845428462, 3.6823648354141167, 2.989060991531232, 4.42722562631493, 5.66447326620103, 7.0087884275279615, 3.9652538805152817, 4.524220433491803, 4.035902638192477, 3.0562394133569883, 0.2297890610572918, 0.42623706027990316, 1.314910294339645, 2.4196714760132876, 3.52290600235763, 2.428345621608596, 1.8170244264746156, 1.153810839664445, 0.7745806164692207, 0.753702980033493, 2.696455209324745, 5.678063106365895, 4.050227881821911, 4.760072781163362, 4.039738286429763, 3.926129458457526, 3.656089678114046, 5.574866217816412, 3.239900997986254, 3.397028444887139, 3.806616153136696, 2.5234132768484208, 0.5037373549206221, 1.6389896874726055, 2.556472924153193, 1.2572573848241377, 0.8582657663756289, 1.1135679637571352, 1.452478409102431, 1.9761339814425558, 3.323872617077396, 1.7363352299444212, 2.743599758076933, 3.3001530224808864, 4.183111204620706, 4.260194981490677, 4.864635224194178, 4.933150296398461, 3.5797757961632426, 3.0258070837139455, 3.821305630581364, 3.2950204081778915, 2.6625774921979026, 1.718613967327483, 0.9777830390122547, 0.7189075848857054, 0.33650200030517435, 0.3336826498378309, 0.672749108165314, 1.0233783822326896, 1.1373674464451915, 1.7836351094506666, 2.3524968835774898, 2.4145739867379437, 1.305102648125894, 2.7839503086731403, 3.825897324563891, 2.8077933811605797, 3.4042957616175946, 3.6962415889330185, 3.8566503068496387, 3.6788473938267567, 3.337029673054367, 2.546461633088872, 1.6760398322441636, 2.320682314459127]}]