script/wind150m.json
{"header": {"parameterCategory": 2, "parameterNumber": 3, "lo1": 3.000054539987559, "la1": 64.9999836372058, "dx": 0.5, "dy": 0.25, "nx": 34, "ny": 52, "refTime": "2026-03-13T18:00:00.000Z"}, "data":
[rows 25 to 49 of 52, columns 0 to 33 of 34]
9.876760473865072,9.33104853467445,8.819914919577108,9.253624017655266,9.780559129370596,12.136504183117875,8.836792645382708,7.219885114184634,9.981105838333928,6.7986605222665535,6.219281641143521,8.268574938183843,7.861244705082762,16.877912357673793,14.104173289722866,12.83894286723,12.506948617916732,8.74411416886233,6.6411440401635335,6.787291915479493,10.392170346605834,9.672384318601173,8.39605657335313,7.2291951600182385,8.550401337588541,6.388942158081932,6.3792030879858155,7.064456576983842,8.120039691529783,14.629469186831058,19.89285552878533,19.95576087838014,18.87249869871208,21.18988434692433
9.264176700991616,9.354135759221164,8.95637953368121,9.110100325712441,9.976774267015559,10.60897829751162,9.608660673220898,6.243759749477846,8.380381550111547,7.2689096304309855,7.6002326705041865,8.178008441570285,13.119057959612524,13.421752017748588,13.129961097444069,13.397733430732007,13.007445577547468,6.73755798602462,5.405404366588297,7.540876294509019,6.532483182221846,7.868296677254826,7.384347049263793,7.628263323557837,7.853393782892555,6.149068869346687,3.6941008975635508,5.90936487719216,9.934483929473835,16.42224676646809,17.966920257183407,19.44892913399084,17.41492114386439,21.0397535662088
8.673934484328871,9.730081859066093,8.364678049801876,9.010295910437153,9.423296952519552,10.082683096726461,10.797166803912463,13.971882269235739,4.968227256877809,6.078340103584199,8.457641690700436,13.412133458775394,12.419322595933416,12.118079470357335,13.254398196341405,13.499982076517457,11.840707984140701,8.881749928128908,7.409658747386689,7.00721457901826,8.674111486033617,7.2791400068412955,6.994102848153089,8.99332653777777,5.7121185841424085,5.693066844185816,3.993671067773113,5.976850568821307,10.41100397934104,15.074213675447291,17.93363364886693,18.64753989142421,16.638555108650625,20.216424031057404
9.87612024028173,9.532752094300957,8.689415084493652,9.096081872246085,9.246910477483627,10.916981759609085,11.056804276049812,12.118559307437259,12.525698190565935,11.543326068792776,13.369156104284723,12.186490632121329,12.14563120188038,12.996134514443929,12.5670979058285,11.125114420971693,10.577423041191043,12.138848564386324,8.567064692195299,7.557807955535787,6.632588524835581,7.1410137655731765,6.219502353934199,7.056547408799351,6.698285478105973,4.314804647441907,5.995690881001569,7.4074444952600205,10.573001842360751,14.586482176425177,17.092136484954402,15.589688984965257,13.510710339426222,18.587265722973587
8.219746361258297,8.118080190694124,8.89583683279439,9.428232790983827,10.215522218706472,11.110712733648517,12.108606105966048,12.027295603720866,11.489758550073208,11.931597831537873,11.367592735400725,10.427280063389604,11.014103060458128,12.304784066585015,11.616879552172977,8.144357565076364,11.286544469669895,13.810158516734445,9.356225651843975,7.263570201828645,7.7156890658821045,7.451074577725412,6.134605482620308,7.231461631211359,5.214808981571065,4.938744947264386,6.342380181153918,7.31715306257464,11.483207650133473,12.746505339912698,16.055356770849475,11.02405257236772,17.66973439780201,21.233346433218625
8.128910754521414,8.304681044217585,9.336035859627634,10.541251579779027,10.97340518193141,12.075103560624896,13.408913692493384,10.614805539771462,10.276098263886608,10.07145142777783,9.704219990447598,9.35541122937817,11.365965391049816,9.408805222277532,7.737447960525076,7.1528522590742565,12.750619156282934,12.578893593096554,8.633406333074033,6.333069576179367,6.499030648637618,7.472644964886799,6.784708167244029,4.869290687651299,4.710811098368402,3.123923026355355,6.623394105664317,7.224754843920065,11.589188179965033,13.243302769410752,15.394321240639828,11.078993777246502,16.0521102370914,22.21150080072203
9.111657021276105,9.021200628502093,10.310324615759564,10.901528145298869,11.861187510141887,12.309381010423117,12.591631296682628,11.160055104359653,10.411614741813601,9.593117933741949,9.184697592095782,10.237114885053472,8.40623573153345,8.252600650729576,7.1652183717380264,5.436293385317471,10.978478545013834,11.032669482048291,12.621011751251444,8.10422545927589,6.7189805358065895,6.61407091664379,4.868972619893201,4.90149192957864,5.612902828896946,5.296456068940605,6.178993217421079,7.123082000623036,8.763132511984985,12.151814301829553,15.679462555689286,12.602473560954834,21.21604909984634,21.544201497974672
8.92780695585679,10.598211264174703,10.611292663401565,12.047815993255949,11.887180389838798,11.158051583699287,10.916491189163915,10.756996031627557,9.661422747406034,9.065985741218688,9.81190894696221,7.376132472900899,8.42200207481013,7.019370524597617,5.893925172530863,8.892342424295355,9.445440088850074,10.629873326558933,12.604074626986849,10.374978911468048,6.205232564612041,5.231472365079473,3.936245975763529,5.30897448505546,4.906152940794341,5.905170746187538,6.672728002590312,8.096999417620966,10.603679683181097,12.992393226846197,15.435370718094253,18.459287515926526,22.055677392382076,21.757644275066138
9.793063413488538,10.548287080320167,11.801733330749057,11.276736867848662,10.3610610384313,10.531246935074646,10.29376385431937,9.038962597632443,8.643471981061193,9.47325722673312,10.19562520265476,9.481948287720012,7.92028313177497,6.5253948589870845,6.104224956928244,10.3457325829239,9.71612495664749,12.337432032448891,12.103003686951,10.757270502198,6.897816481664473,4.6948190475633105,4.3064184557248435,1.7818433834965104,5.741669485510796,7.062654004624572,6.586920203754128,9.366047823904228,10.489681200708104,14.189713566346924,16.07803100696548,18.957860776472174,22.43815553388843,22.2114003698711
10.178064721342297,10.425770892176269,10.3441291353162,9.99050860278627,9.863796268982,9.880392633156223,8.788324143697764,8.074914216959497,9.00791083437512,10.096701109433385,11.955954147731664,8.03936253350331,6.935545630845995,5.660060338413809,5.807105763125346,7.134003902807021,9.813779494454048,11.724426662647316,10.746773589332378,8.873812914513795,5.303593887007853,3.4631584532028854,2.587239352936737,1.094110854745301,6.46846889272311,7.833733312083252,7.515794183917086,11.082585555799877,13.978990558332887,15.36070392979353,16.03141190973318,18.687991874651097,22.338457466904433,22.17719509538604
10.332560544457992,10.398201176171067,10.30589335278435,9.354131537662303,9.380056281662627,8.690958299537803,7.9956041176270025,8.30497045252766,8.836180361104887,10.722901233793456,11.893273082914405,7.635525241895808,7.178176817810036,6.5383898996819445,6.02395669721382,7.808155391389023,10.019961302211529,11.161747410124462,9.980427952025064,6.894986132550316,4.2941438600345725,2.876736220639541,0.9307031674715284,3.3907112034741953,3.9685102273653734,9.427400341222052,8.399063294463827,14.277276358167837,15.391268453982489,14.092171582234108,17.15443251347387,18.058085666768893,22.73009822855198,22.633396810284783
10.215283785607381,9.978607675563708,10.185829055261058,9.196824374091058,7.9151385663198415,7.431886102678507,7.92922535874717,8.568141451126209,8.936977678913486,10.457287249981038,10.389685838182322,7.925609339033403,6.460787362730971,6.313311220223011,6.472686501009297,10.167906991560871,10.47866837673577,9.446685084025322,7.419938148213913,5.221820716102354,3.1870683247780924,0.1356504318295152,0.7562222415795146,2.1688983096950167,15.477131403861582,13.871182970715225,15.293772475016493,16.379661458494244,15.338003312257085,13.2884052043096,17.362736051596986,17.194341748193448,22.31423945765038,22.077012405475223
9.641757988839874,10.040385910749592,8.940644916288115,7.204977120965231,6.9621154270034715,7.747950043662356,8.070086617140536,8.727062240789111,9.491800442139057,9.829811398528475,9.610975761898574,7.604094873784098,6.998432680318142,5.957464440637079,6.931649030142499,8.566172339139426,9.522103011821896,7.202878506250058,8.520552470633886,3.952081561457536,1.4411750486445252,1.562199591734269,0.07455674554216805,3.281868340700904,14.995237564139824,14.78245880595996,17.151627702675757,17.435622626744834,14.808142756203504,15.06986769171533,16.365241163217263,16.1356719542077,21.645417802823296,21.797881757251286
9.028585705788585,8.133753485608334,7.009334151289432,7.116421964551964,7.653884274039455,8.183623258747996,9.53410290565457,9.280365774960105,8.86233261314369,8.767451454837708,8.41237324741487,8.030756199991762,6.527473941848276,6.006900595746632,8.321971447159678,7.126361528673953,8.454421275787588,7.156203911055482,5.626065003886107,4.210501580055232,0.5096674417863752,-0.2802693621863546,-1.84428602447433,15.606645887812588,12.43533445290347,15.333017708799257,16.71089207610636,17.56051642443211,14.433044480236294,14.708488302219324,14.19733924941944,15.202209966121616,20.394417502664645,21.01506446365289
7.669462586184931,7.149607326326736,7.363501658821711,7.2435668856246505,7.908307056542097,9.370977960385162,9.692128199598281,8.663331725664483,8.151469937899003,7.704856559177719,7.2234902762498026,9.48769284262235,6.463785687088127,6.516947588019071,7.95084715432678,7.848735121051761,8.581429591204822,7.645659138217323,3.9062274779311887,1.1747331591573886,-1.9573329139711804,-1.8060053034583898,-3.2586293077541684,12.306634157958188,11.758897210490248,16.597086904377033,17.125777403342177,14.147021144460567,14.529152897001246,15.332111348457845,13.65340367318199,13.86696955737728,18.246726420161632,20.096102798232813
7.417568712391291,8.125057896520666,8.694243279761116,8.280131533531637,9.276314541598143,10.162795730678402,8.82799115961086,7.827337074759221,7.51498030887888,6.798465069682653,9.811927768947017,10.400708271569501,7.867754408331241,6.849109455897094,6.905617352490032,9.031753738801138,7.8453321164739505,5.009932756356827,1.316525920938583,-1.2077827536787276,-1.8781366163055047,-3.4330664807419358,11.39853870063842,14.064396272695797,15.529216473690306,16.408559073426467,14.523770038404898,13.932027821795453,14.544862978536909,14.529109116213373,11.727732941489732,12.598931905658116,19.296272839458922,19.041604436363205
7.258589048354559,9.117237984811414,9.165615245283353,9.022801633009154,10.01111962832607,9.567726310894287,8.408759083026892,7.585675743938511,7.261901202176875,9.04970066514855,11.418893322603466,10.376130266920432,7.753253923266603,7.0797431364084265,7.195153539237752,8.680086655269436,6.730816843738078,3.8380501376985086,0.45167490687512885,-1.1271311615072497,-1.7862543867051954,-1.7505706689487683,12.61215163455866,14.636481546070106,15.929283854928213,15.40958987076583,13.275928797146847,13.028957132296673,11.733580885342432,11.263783995115356,11.02653639911983,12.384788367417947,18.38892715865909,17.264590697670357
7.571016939443871,9.047398861229489,9.822094145162303,10.035737790354965,10.452214983091544,9.153650935778916,8.372348081961745,7.789733580542109,8.776583741160636,9.250597456026481,12.824621491834518,12.303783875447673,9.111594617566055,7.969461150967512,8.244994528082154,6.9149621487443955,5.8051796696530324,2.299436637717141,0.12299139055741744,-0.9452259700783188,-3.0939541719250725,10.972940729206654,12.683127135432587,14.624385466361064,14.53555159234229,14.147997192156536,12.43206242755695,11.134770979960342,10.827437843328555,12.155489011152921,12.61739021981149,12.456184057599447,17.649179685326867,15.119887903584653
8.229956109417051,9.755573721655477,10.774374419868902,10.813844296303742,9.471872090162696,8.244695642785754,8.147132481405457,9.296566374110657,8.684951992009132,9.464519369179364,11.991825276360238,12.393456870709883,8.868754681884301,8.607200744281691,6.557252735412873,4.105502738266115,2.319886754156731,0.7186704617968217,0.03791136258827955,-2.218955356376459,10.195104462908018,10.590758998390728,11.71211362326494,14.76451876337695,12.924996892299848,13.062822976067103,11.993652746886417,10.302516231562967,11.07695819104,11.055225796438377,12.267727411994047,13.360537369444835,14.362851452910766,16.445365902249396
8.393380010735267,10.622056559912394,10.520974671385066,9.697216740322416,8.543028807045461,7.523222427358707,8.362411442610924,8.970338665216827,8.667083398049522,9.152178469448891,11.661378013601938,11.047461978500344,9.203853357688189,7.6726810205351,4.93183803064726,3.1870888430530373,0.04439851806380911,-0.40250351136297036,-1.465091573313911,-6.476886166617614,10.21097898473321,10.119461534505144,11.020683537612063,12.691485834216193,10.89113578493141,11.827716159613157,11.456586293380505,10.899246145512697,11.615848416337256,11.645986641114618,11.520229442969706,12.636491735972966,13.813438427390935,14.165221808086118
9.284639340154692,10.411123432989811,9.41649652017887,8.61503993711531,8.34062395579659,7.823523564345622,8.775647661488485,8.465859387311777,6.6635257284243155,8.518507558215557,9.30080776713795,9.95349758142859,7.177960539303368,6.873491686202782,4.420225343720484,0.5174925757813799,-0.10538065649422025,-1.648210061901393,-3.246114771587446,9.732840454513653,10.27414880701058,10.283040715805502,9.695849968742486,12.105872121884488,11.08946432213094,10.992341911927397,12.432519221971205,10.636391896912103,11.610836732978822,11.868530954331176,12.071211235607722,11.773966891435196,14.370374343375426,12.297174742376322
10.387110431531713,9.789437149124847,8.965591305022604,8.000849452516647,8.335251010617899,8.452466112390594,8.466243748860528,7.050191466491591,9.422262470426478,8.450254587907494,8.504145017744438,9.040032220225958,6.432787514446878,5.250116071243109,2.9207663590412998,1.9083619300832888,-1.149227965672419,-2.562828665503594,0.906246438890588,10.071675666301477,8.933425341476426,9.963945001315134,12.011682121295005,10.82339803882928,12.069934382585682,11.763355621186355,11.57946848246417,11.154633378305832,13.207992896924088,13.907923836838142,11.822082576722021,12.863840959498278,13.682405699525964,13.150336767598434
9.65449784427725,8.95219065870784,8.298367841147096,8.521811019338099,9.072919339566111,8.802980174451207,6.446542162238343,7.64408766511397,8.927062079907738,7.378935077671539,7.707084789746312,7.552432539584062,6.030696547438841,5.289516858177208,2.2527272379845145,1.0971353585155017,-1.916175798735308,-3.6933377021257208,10.014648368958232,10.06560558843617,8.454590113505866,9.40583523484786,11.507206558769965,10.602444164490022,12.046128073601375,11.342083390158606,11.356817217031809,11.694798324688197,11.994469992999203,12.790513248217207,11.459377794848036,13.27596042838598,14.17669055736811,12.973455291885646
8.55811528853739,7.53695459559371,7.162388970786685,7.976538315633152,8.034034893473503,7.580361310743497,7.904684419373362,7.811153620085955,6.250840194862946,7.711462059781756,8.057412662985266,6.152033292264461,6.473290698195347,4.554374202711874,1.9143846613335078,-0.9391951357368818,-2.9341056001524337,8.82457623584001,9.247729971853074,9.08615170765557,8.993946165444669,9.5821169026063,11.663563840591232,11.26601211287847,11.631079919809782,13.039736094700489,12.222378986106936,11.016310245157573,12.634867920415273,13.144308656846627,12.555475086449198,12.236567140177643,13.108357317428887,12.177753327885801
7.554603219839748,6.4992277305474815,6.272063000957712,8.432799729628762,6.431116564111741,10.709727390001362,7.937958605699874,8.170122133668855,8.59450742966941,7.977047870206112,6.74258409835991,6.039339303683845,5.5267848840433125,3.2074824436817457,-2.0844538838529676,-1.7404121486942246,-2.9071894256365383,9.04924331071388,10.6578952154567,9.862422836681143,9.149791197394817,10.123406832747953,10.676954336950848,11.686133762397827,11.601601593817756,11.667468406709727,11.079006314474787,11.822580569775928,10.490268027458935,13.349549696884878,13.166509140492275,14.158620251068568,12.345014652212198,12.703364655358564
