script/wind10m.json
{"header": {"parameterCategory": 2, "parameterNumber": 2, "lo1": 3.000054539987559, "la1": 64.9999836372058, "dx": 0.5, "dy": 0.25, "nx": 34, "ny": 52, "refTime": "2025-11-05T17:00:00.000Z"}, "data":
[rows 0 to 23 of 52, columns 0 to 33 of 34]
11.177424856353136,11.737429753234697,12.0743587720156,12.73143461394975,13.179261207538698,13.288003680475887,13.554359029549483,13.875744837532014,14.022317138206942,13.996946299252851,13.490634818160915,13.33104626020549,13.288612505755918,13.346055373336043,12.978575980268719,10.90612893031497,8.896680129665754,5.102290753207053,2.7376988600732397,4.402288142569049,6.880939354947456,5.326149866749406,4.856331014404204,6.618931936794383,8.169131269244339,1.0853262902906065,-0.9268901905887552,0.03347634100040991,1.988860839821355,3.0102795215536515,2.2534272357095384,1.7734874540563272,1.4778359883051864,2.02774229553341
11.3546112565615,11.65820284753038,12.008101243615828,12.240283094406013,12.514505564860254,12.80615823568597,13.463340376926025,13.703998887391375,13.481441348422983,13.482135586783707,13.478916499962972,13.249938271547203,13.061059255035913,12.98655442367688,12.920173739555898,10.298746637947845,8.551704546700513,5.331835889216765,4.16424246600922,8.340130810522755,3.3436046694655426,4.9627166142348065,1.0789518049332594,8.036506150400959,2.7592482176899207,-0.33970633158700925,2.3983040355206113,-1.1870032985590242,0.77261273251415,3.7560140911149675,1.6973375469146554,0.9134739498007532,0.8430647179582414,1.2443115787327486
11.128238292031295,11.649648158703156,11.399101010980598,11.558440929287213,12.274287293992652,12.645183374169388,12.94056337723424,13.136383826790505,13.008499105780382,13.04565112334976,13.429893777087438,13.21126320206649,13.497090985172733,13.146362484002083,12.04121830507277,12.0313106096791,6.7527774076878995,1.616631156651449,3.759575057257435,1.997460632258073,6.7941836410726,3.882718289525168,4.419343990972963,6.035329779503386,2.745389925505851,-1.1180210320225419,0.3860334156968679,-0.2154501398334126,1.6875904354157356,2.3106436958685994,3.1297782463978243,1.8201542372663093,0.6159266185928122,0.5511394761971496
9.934064740186114,10.44867331217685,11.188556639097172,11.648516718493564,11.758367503545841,11.943428694664181,12.131816006876281,12.774353200473698,12.363284920590477,13.105266033109073,13.071407965152865,12.978562493622366,12.069600970117703,11.936992858776474,11.794647425890373,8.118555245150212,4.088644159219876,2.0700532200440214,4.892317146835726,2.6745238383873797,4.221459927769521,6.213962527802912,6.271035963312835,3.8963065667556918,0.7658859319963254,1.0517939425200689,2.163358904121158,0.43675867782951455,0.8203479926913779,1.5498688410888812,1.7181213853667827,3.0365485881547167,2.244731438316307,-1.2581680124114378
10.100248127306783,10.101906989427759,10.353774291142328,10.820143212166116,11.01630142281082,11.540906884061704,11.664555847180052,11.615767809131732,11.67918286085196,13.118784807216512,12.635665666883007,11.4153963497964,10.20875128222689,10.183736029364276,5.140418201052758,4.541619845981466,3.570262963015438,2.8078894987486405,3.378324783297952,9.27268149486187,6.261377562418186,10.51647695843093,2.880651825319486,4.769343331782831,2.201647246785556,0.7052896554886195,1.0180397636465497,-0.9501183722526962,1.8499218231089312,2.406002351461536,1.7829955932747779,1.3226244356022474,3.0656705329353864,2.379492801630021
9.013286088000646,9.48433172894895,9.770766708993266,10.302304620893697,10.605223045667413,10.903692910767223,11.22675591029241,10.257877658595412,10.162922093564074,11.218458361024648,11.322795534882795,12.779023098190502,11.29503458098736,8.363083961958168,3.2135901498622275,3.669223283496312,2.34640325260935,2.425040232441074,6.415428163943665,3.113926816256259,1.034474315518129,2.970357130300713,4.099855204759478,2.60448750999749,0.8920247121863676,1.3696033125010751,0.6055027902856122,1.95353807066295,0.5007288417635412,1.6837881492247961,2.187879919629041,-1.4184223690397917,-0.7246323553764263,-0.6615536158169154
8.30061840623645,8.67460849251875,8.882758920292384,9.946053515733482,10.283380847485024,10.492497333515058,10.12620272572228,11.393221404029905,10.654029654373344,11.916041908825255,10.468666760671699,8.119633020593447,9.128367716527537,5.489986897473408,0.10713981623560334,3.067964872086748,0.6040735623318404,2.200072340879618,8.3179630934499,5.607644681444978,3.775449350919693,2.6653875764736337,2.1096095157869406,2.274196026523304,3.8305224763044468,1.1116167188326795,1.8315031258518935,-1.4095484680397423,0.30176219309024466,0.43065065994854645,1.8961618652785344,1.7298160822424562,2.0327421082820165,1.1868056001592324
6.584138338015247,7.381077477007211,7.983757874748729,8.507261368577817,8.809514579405336,9.886081539326812,11.134746682971098,11.283532363841717,10.2404621377841,11.061704652499522,11.022904347665026,0.16665127878295838,2.138186144034681,7.3572991008617965,-2.273349315270235,2.286949680998648,-0.38365828959214293,5.191259148824172,6.721163015971185,4.991355776185976,5.3453064669354715,2.4313077788838244,1.9831091845027733,0.8937557527522761,1.0870878948832845,-0.24232494099946375,1.345233834195128,1.891150842315262,1.5142533313147313,0.9819531894248418,2.4475540241469114,-0.6145122409284021,2.292920505338171,5.707549284642453
6.34993605530857,6.7061047967255165,6.845278959710138,7.272568788627308,8.695658054589833,9.509902789389386,10.6167644247982,9.710069285959824,9.87250820395042,3.99157506528772,2.3519991537503047,0.9341547203996243,3.592750050889743,4.02389968890437,4.716781979354244,0.5800515496388065,3.2289762043197405,5.379006236372788,4.059162670547988,2.427392525071366,6.432626732079682,1.112379471468683,0.9932010299173251,-0.39387809156127196,1.8241661788047172,0.7336185196917173,2.2512426267273504,0.8048988210772914,-0.35121071712379054,0.27514658915461127,-0.779254075222163,1.7625527241752672,5.155648908882699,6.195241486682756
7.189744272223327,7.642223066279868,7.664951652156107,7.807113254923873,8.353450422938502,8.76358365033112,8.667388617197904,6.248558037824084,2.299818085223973,1.2788557913764267,-0.163491812160419,0.920016438567003,8.676724431427303,4.6031110599422504,-1.1508963401159251,0.37033281204085755,0.9853425028897309,1.1464360935171747,2.811267491506902,2.6340166390215622,5.224480804206251,3.0065976894322226,1.0643067714757395,1.8148630244530874,-0.49217452869793255,1.675589030416443,2.1457002524138122,2.174814716958924,0.7740298503623152,0.6611885369939349,-0.033181164317048734,3.3072619920652717,4.579941002741461,6.1157742339525285
6.767576908339714,7.842393979878034,7.2389495998815745,6.9444344671842275,7.262950782038288,6.517944606807447,4.735419692566874,0.7890257833214449,6.829951831135413,-1.4793078642845168,8.84026712282836,-1.882552989729333,1.5059549771863296,5.891628893244579,2.3012777454535422,-0.3369355964791329,2.6373671077691347,1.5335907773847601,4.046338263114711,2.485558257218079,4.2407576576504455,0.06908485362452244,4.1975570430241005,-0.5835220603830471,1.2023971582154982,0.20487028698418458,1.0086126916399616,1.7473574573050785,0.839112004800135,-0.2585883174813959,3.028124710031542,3.9710656486932883,5.58105575628013,6.502790817220198
5.024181147772735,5.73715950521696,6.000698293289299,5.374267478103742,4.94558340061064,0.21996340882669835,0.12027280140906478,-1.3449432742266862,-1.6119527896752002,3.035911434573312,2.977551934311598,6.351149919606731,6.8186257652069875,0.38558138508903683,4.624998902224393,0.4886873633728924,-0.29744297484224697,4.270632256088075,3.256080287194224,4.300572134977121,3.4681052035735545,2.918902441563311,-0.7636660424811685,1.128598845923256,1.8171291226186235,-0.11936827705950934,0.9141884394172395,2.0920395049910807,1.9529747128887303,1.0581169211577885,3.7160014048301626,4.6199745653202715,5.471899331578855,6.687056285636369
4.26463240673926,4.3980632970220075,4.002888764024921,3.4424009335812666,2.687349876767868,-0.3685853874081388,0.6774173156226783,2.6391124008965288,1.0774574392176237,5.982908563246937,7.770627971378658,3.6688245490358984,2.826074278086792,5.982574584260602,-0.8112924177881677,4.618578371147305,2.1370536073923203,2.855527300844229,3.2066496868177072,1.0040823064028654,-1.2358146878586407,1.2806643028301539,2.3241475171248482,1.4039847223383812,0.9452512474361925,-0.5593408595345647,0.8227533675915863,1.1403673371647716,0.776417465902673,3.566758246833504,3.418495529977096,4.89616867883099,6.826440918784446,7.715651279494473
3.3447699766390566,3.0166553386532686,2.259092715967906,2.0782277789521575,1.9650487191825499,2.7567954320789254,5.277693003686492,-0.5401998215382389,4.376625262113355,7.638226377858506,8.993695479220289,7.864985340107884,3.283481917270457,0.48314737306210903,-0.4200115917672181,1.5365496264025127,2.2436477955423464,0.16409217579927385,-0.6905831467301496,2.995199666860886,-0.8548120402938535,2.008252194753807,2.9725862438380455,2.463807258541174,-0.6324490033529216,1.7998959463120638,3.146828664825087,2.260748315896679,1.4267805367986077,3.0664016790123676,4.960790826293362,5.908840551187406,6.904078109087878,7.790057406958545
2.2301555575287457,1.6224835549166279,1.2337494852999373,1.6589948753217862,0.8693814442800559,0.4438474999622172,-0.8711427035406272,3.0634374236337507,1.4097042414525351,2.8557168058119897,-1.7749107439845895,7.182957174707957,9.433114686268743,2.700216216194571,1.7236148573804895,2.3224581775181834,2.508367606740977,1.260556038561609,1.234706452567832,1.6813155237211528,2.388065969234974,1.3160342068335307,2.150118587205985,2.7954407900466665,0.4923909162972512,1.9310507374490355,1.4031721133136463,3.271730941092039,1.8751388638033983,3.1510741115945713,5.242280973546418,5.619211578704661,6.683725688372905,7.50572394924837
0.3496089102701547,-0.21855439845114513,0.4892676826888506,1.1099172965713766,-0.2744102085821531,-0.22916221395591657,1.4918668722862118,1.7902184275429371,-0.16435242744130665,3.0336074436795593,3.4220368302744664,7.022693766297861,-0.9048270893435612,2.557626692071696,0.11830257586130778,2.2089763314206863,1.6299991751454646,-1.475550095805901,1.6834742503903362,1.293675366881987,3.274136280027578,2.862545435244452,-0.6078337509053595,1.581099393283161,1.056557598015584,2.2504409901979505,3.2731475308879,2.0381810807040535,0.6179697813566793,3.6667821522215207,5.413284296563148,5.767749869913244,5.702452526240605,5.889251218070538
-1.6093412056727097,-0.746525801628536,0.02642823371679593,-0.3320804134871383,-0.5644375182717771,0.4681061638224874,3.2109529104990404,2.1081814684073428,0.38991034335824165,0.6380668019519415,3.1726473845322176,9.305106757157976,2.3360945639076536,1.0487870851323868,0.842324072072696,-0.897422910232359,-0.22088848794751792,0.2877806301506783,1.784590776625088,1.036193747447619,2.4873246156195608,3.4087666441220956,1.5119951067737438,0.46810731197899325,1.2181659585847457,2.181842219774585,2.9414003075513375,2.4697356909050354,1.503971618239518,3.6021759244332463,4.437407582539695,5.756287987558552,5.04894602322615,4.407958267977345
-2.345967853206838,-1.6003251178637052,-1.2703909550033843,-0.8285926918583879,-0.4777708013017114,-0.15400229544877386,0.22561966486757304,-0.1397859430673501,4.2418833323131295,4.76993245028951,-0.8971556515375334,2.558509359111892,-0.07756170728044809,2.7076919990992225,0.6742948853895829,2.285455842585714,-0.28250246174658267,0.5793493126064652,0.7717969493021382,1.95693383688338,1.8654842334669133,1.579842062634657,2.338005338716416,2.571338382183193,1.1334106986263426,1.5443787957565491,2.017711452189065,2.24815368682608,1.5822141427810978,3.8065318137981508,4.986015970185522,4.1173989733693235,4.283039154157819,4.347763577350451
-2.6103693162498547,-2.3817693344584305,-1.628980467786066,-0.9343292711075629,-1.021606327624117,-0.16486990073629582,1.5519682158398422,0.5396431318793072,1.1416778576457631,5.875020600661965,1.3253517014549592,-0.6954977790916309,2.0894218160563134,-0.1495668920331039,0.6262560416526234,0.13975494789188475,-0.8808614057597376,0.7682574274486146,-1.6497566731184885,1.0326186272494675,0.5587975041349456,2.4174690118839424,2.3013283489090686,2.0314260881053325,2.003263655685329,0.7238968325731794,1.9617293212222815,2.581572513017088,1.498407625381761,1.3215180747846529,2.933502938381926,4.590305136360875,3.354370740943866,4.631103531665728
-3.445119622736483,-2.931290741568619,-1.3231900040757794,-2.1308486803020203,0.2133003367497719,-0.7806586172410125,-0.5647679486235664,3.894530742322727,2.907214282343297,2.1817868865413477,2.5029712867402027,4.9730814651373825,-1.2666900487108808,4.209025139432738,-1.616306868269439,-0.18921130413261283,-0.3169889562891267,0.6661694975585102,1.0861622332830017,1.1301409415730765,0.4902531396390269,1.053284897885265,2.389465165821534,1.809044525746797,1.706042247198463,1.1160497829647904,1.422864353287851,1.252111747660892,1.1155272234274316,0.9141343733802253,1.834392423823663,2.3318853785433924,2.4780712446519138,1.7187957662965265
-3.386739540205475,-2.321339460705652,-2.9083272406541276,0.3978026826689652,-0.36768448490509725,-1.5084538823533589,-0.3801410848644301,0.7237159537953549,2.4315131221629622,0.6541205428206464,0.7832915451599939,3.3070796721405444,2.057725610305338,-1.1683072034472604,1.040534402064751,-0.052991098417923155,1.3986767680978065,0.3075837958312866,1.9787126036609541,1.7653506822669727,1.8872995086660767,0.5305222774597884,1.2714815307558094,1.6268155512289317,1.8240587081876476,2.1621125650758883,1.4635979825997523,1.59195556874378,1.333674634519299,1.5047780305726697,2.186373581446136,2.0268794978801754,3.200380229048091,3.066713401990278
-3.5735497064528237,-0.37577377496797154,-0.5029587977345,-0.11601569718264158,-1.009905447768986,-0.11614895141129432,-1.299662458099006,-0.5176472667167212,1.7591825788195972,0.4605093914552266,1.5269660190782748,3.2468214467699528,0.30995863553062236,1.3561599364991013,-1.584447437351886,-0.8255795716817255,0.3976115298724446,0.429713458070669,1.2736646423881164,1.12695575163015,1.6429650395349662,0.7692484687683718,1.1739360496368898,1.6962508310201425,1.828219716473865,1.8399472436780273,1.618485645090003,1.4691728255064678,2.005808355056384,1.8728732223217464,1.6129830936602407,2.0534060605193036,1.4726003521269595,3.5347016192264107
-1.5834774719661893,-0.8489728153506129,-1.472652836154991,-1.2629183847824514,-1.3623803139233255,-1.184422993132084,-1.173990225457517,-0.10874228367609352,1.432499404737539,0.8810220594449314,-0.3557971429181753,0.5656276531769083,0.8397990848678276,0.6908461151920823,1.3387295968534412,-1.624872215842589,0.5459275176164822,0.6687507922442724,1.1130850797798792,2.501037405903445,1.1586705419769738,0.6193400844055857,1.0079745165479872,2.112999304485768,2.7533882742741285,1.7965401452524083,1.9529106009665742,2.1568937440620735,1.5112066696148336,0.994535818411092,0.6501939094460027,2.183201494133054,4.179338628616673,4.869136682745633
-2.437692108081218,-2.2544342682337146,-2.769843045750955,-3.016947430262646,-2.0260533363848015,-2.3492242048234018,-0.867230676085925,-3.441993578140344,-1.0822683442931342,-2.0241104351756567,1.6655523971354576,-0.794007736366343,0.9392255555846395,-0.45155169964552766,0.45742898465690385,-0.22238895656435217,0.03233356127831617,0.27930119503870116,0.5759941871424369,1.4183999382256065,1.0087206056638585,2.2040965910660977,1.729462892095452,1.843402999133807,3.080770169569383,1.6552274854268443,2.077031074722813,1.38314169642183,1.2779451455793962,0.8096025009869474,1.3056249105251734,1.5784639696572103,6.665687430102746,8.03131412523531
