script/wind100m.json
{"header": {"parameterCategory": 2, "parameterNumber": 2, "lo1": 3.000054539987559, "la1": 64.9999836372058, "dx": 0.5, "dy": 0.25, "nx": 34, "ny": 52, "refTime": "2025-12-02T14:00:00.000Z"}, "data":
[rows 0 to 23 of 52, columns 0 to 33 of 34]
-16.571453562059684,-17.080180553224054,-16.623230337999747,-14.680664135631286,-13.70356880082928,-13.037566380076779,-12.16641635582802,-11.292190155372161,-9.589195725180389,-8.512984062529531,-7.287052220867919,-6.383427280338377,-5.840752989261264,-5.485453503353958,-6.056257867658907,-6.818572975561955,-4.144839579690593,-4.830453181203424,-7.616268289345834,-8.38156491470154,-5.274021529263618,0.167325618370442,-8.237070502200034,-7.577158640489213,-6.052163799478257,-3.763587105819673,-2.1683671405252523,-6.389633413228941,-4.466812086194685,-4.050549847061753,-5.137907908756495,-6.108443764588394,-6.42654031145182,-4.569756416297195
-18.45732257552282,-15.404757770818918,-14.151509798279116,-12.853782948659473,-12.353962225064166,-11.222608543911313,-10.200323010422522,-10.1893320526472,-9.03928633473696,-8.29939332461667,-7.426640582964523,-6.152338782143916,-5.272815102925961,-5.248370444092686,-5.5526784248439816,-5.65570739841197,-6.9541075336440015,-5.347438997917359,-11.092073096738542,-4.8100074812810165,-12.11155682971576,-7.196328671834808,-3.3214264321020726,-6.657363813518728,-3.0977689631816068,-4.475156574449714,-0.27990755881615603,-4.656935108349119,-1.7223868201972914,-2.315956661356565,-3.060011354985649,-3.8245478334002097,-4.141596901864318,-3.087414079410062
-10.74352899316047,-13.247749920978215,-11.579446183646704,-11.799719685881247,-11.349353502434246,-11.20828800705053,-10.324462924500818,-9.35156865669612,-8.68931420045426,-7.922897883551313,-6.960479896820516,-6.440864471296866,-5.253836567950852,-3.525130488434246,-2.9373241566236166,-3.7277065091806922,-3.6627782617226132,-9.263790077748146,-6.109268650023169,-7.0052960966112225,-6.775833293749906,-2.793662064587515,-9.401475319868918,-4.638737523064758,-3.1377050928522507,-2.550994125704346,-2.2735823182989874,-0.3766872556567632,-1.2188122542630397,-0.6372580730483428,-0.7295207250151331,-1.8365682279910525,-1.2146493962896472,-1.1473889575496623
-12.10671844900022,-9.878595272196689,-10.121166467779986,-9.750015838385707,-10.013960522090553,-9.750484478943724,-8.60916844128046,-7.752357183681381,-7.9094103478515185,-7.564623997447222,-7.832685257445951,-7.060379761705789,-6.308435561014831,-5.222181611080575,-3.643035426154897,-2.344097489725196,-3.7271327143444046,-4.530172825912637,-5.083066777307231,-1.332437716636488,-7.402377351019526,-8.038455376627532,-5.500508299036396,-0.10608089092136423,-2.020828252485983,-2.6185488762444327,-0.5001664340858633,-0.2881764543363274,-1.2181468394934634,-0.5197127733507056,-1.2710300950194429,0.20390871981265943,-0.23202382573896677,-0.7086219075039976
-10.863790680429057,-10.169386837132912,-9.528253616021907,-8.688779803283094,-7.894588606362349,-7.735741877265538,-9.361804907924277,-8.048935500913242,-7.6022830029358,-7.535430665427819,-6.41360975852856,-8.101015881894988,-7.909717790727431,-6.3065383067129135,-6.966320598420725,-4.389084315616166,-0.3158746355504284,-1.262574149154498,-3.3234938948396895,-1.8816421162022663,-3.227588374891526,-0.9134111624332591,-3.482676819365993,-1.5107331052191146,-1.0225025172785678,-1.4450754826912648,-2.1428345803847573,-2.3700941697197613,0.11528082367680799,-0.4509288057754348,-1.407165984117814,-0.4748781919788802,0.3590682596648157,0.4922750342348278
-6.58850822734307,-7.527280871566437,-10.014153143397062,-7.555414313542743,-3.881031784866359,-7.520264416124765,-9.560614101890744,-8.64930679191491,-7.572121470622499,-7.274335360981992,-5.953634926054082,-6.031240636526024,-7.107902339859665,-9.272670584891188,-3.9154500453503873,-1.461721296516544,2.794517652924322,0.4211187810219763,0.24803196711236802,-6.70357626915831,-7.809715561699734,-6.4486161946444085,-0.6728333599818499,-1.6150415299584098,-1.0433218176629357,-0.5704750984779289,-1.8611901923956642,-2.242424654882483,-0.8439015954056152,-1.3715565800452336,-0.5325248526016697,-0.9723710626513452,-0.05177347314117316,1.5826446538923316
-5.854824894305124,-8.67834484785403,-6.231403846693799,-3.8308027301263126,-6.864059134745916,-3.4234122665573157,-5.39792229193174,-5.706710234190461,-7.403044311828285,-5.75956571795423,-5.116290800166539,-4.748574426183057,-4.544124065582341,-5.62210974436254,-5.011671034272115,-0.5212389120207742,0.4794140637547663,-3.259979313857944,1.9121697190003557,-4.591556028707356,-3.897789002920147,-2.954174874632311,-4.603617812009548,-3.036001824453641,-0.5124851590038798,-0.6044197253361568,1.4710772786424262,-2.730006029252016,-0.8209563200647192,0.40074534856956406,-1.2890329734753687,0.22462021970486207,1.5471617547073355,4.312891655894966
-8.123196841125177,-5.6719693002235365,-4.9329476128283805,-2.9255348483819024,-1.6131319207960302,-1.6167690401882078,-0.6795034949257934,-2.6905865632337123,-2.6280313227268888,-5.9878748918241715,-4.7749477452130735,-6.406295232082923,-3.880584002337307,-4.900968791312372,-4.36521857912579,-1.9879729374689816,-2.849620354798413,-0.690313976888199,6.383159041392268,0.5845139440460435,-0.32241773128310514,2.4654351037797397,-4.792779233543271,-2.183649485990132,-1.7750130944020786,-1.2452245751393105,-1.7918120700878881,1.5060584982048195,-1.0027222345232478,-1.3756074750428953,1.8478086734838073,1.0780470240576903,4.198947360468947,5.295198590530142
-8.914159593307373,-7.281830156943911,-2.7769702150874833,-0.908854693315078,1.4300208773722074,2.459475375500849,0.2202300186370807,-0.32835525460490556,-0.9677943924163476,-4.170496353424584,-4.578281294586147,0.27497860525652557,0.843561190055318,-5.929203306689357,-4.51334052314022,-7.888011429924989,-7.668555756477947,4.22792465065059,-2.6082310242848297,-2.7261830988662785,6.053310576862755,4.4747459680716135,0.40607640269397804,-2.891339816338828,0.06966124791577365,0.24527440685634846,0.15695882232863262,-0.3592346033530198,-0.20289803068180767,-0.14980111297065835,-0.09119619530679227,4.231008734167448,6.558877624748178,6.0660793567834075
3.626730695739992,1.1703518726253226,2.4198422172464316,3.623936358215225,2.8701642097025144,1.8768668317628183,1.4842958916400613,0.5466470184149522,-2.194573266547482,-1.0854427076506643,-2.3397901599973365,1.6125203486346633,0.5862572699767101,4.650384296925679,-0.6642758421560638,3.3900830013727012,2.462083700126494,-2.503286898629082,-1.3577131007515788,0.6221427073899066,4.933307016514453,2.2304625008817767,2.089650172662785,0.40152648900050947,-0.4685595307232414,-0.027439566802250365,0.8001877449588743,0.4527054697939933,-1.413955777052275,-0.08007306869382783,2.866710525256645,5.514105935178969,6.350370641445443,6.959605007334585
11.297643567452011,11.189081901239216,7.755168489472093,5.575794365748925,5.816297314309439,4.66190390612968,1.3948118738083692,0.3111212263652052,3.2178213086816507,-2.8869210110396337,-5.772190902357197,-6.670964447342364,1.2275695291193451,5.752272190512178,6.491480160612911,-2.5615982848260095,4.029077434577488,0.2016543161710352,2.20329640437289,0.8176987628932977,4.089347315429017,0.5050734185237726,8.971600161504876,-1.5619249221643055,-0.9803663032479454,1.3201391887868965,0.05293776766347145,0.00892046718353163,-0.5760782466919588,-0.8155058000523694,4.722814232831347,6.357152077497509,6.257055811838653,6.962410369471016
19.698724204576298,18.141305032931157,13.459100749942111,9.027864226896643,7.543427687876091,3.745947847105948,1.958256516632074,-5.236299126624346,1.222849176310421,-0.7376460245287373,0.012021332124315273,-5.704081213008129,-6.043827333822842,3.850199815013723,2.664761634349778,-1.3024119180436902,-0.3304199989512891,6.3605505978411365,3.475442586265205,0.8437575991696518,4.2477222199228315,3.299662411962471,-0.06777201014802592,3.1892803518922794,-0.46188497041023074,-1.1672495071255389,0.737959751300063,2.5440142397811996,2.141346325278385,0.4923990537455864,3.8388530032274764,5.610677229411704,6.5003272116767645,6.38132887438445
19.59240823791032,14.884140789668692,12.505473488543501,10.183359054767138,10.784421032556132,4.522540551341958,0.4963660960229062,0.7780431069933212,0.2090512972481949,3.9541803180943402,1.4483857576076726,-5.141984684232251,-5.268255002666796,-3.3009821037020255,-3.0035359101617196,3.836268848310963,-1.867912644485012,6.056991918084597,-0.4001220577306869,-0.23488871901608985,1.133679503472148,3.5660680658401316,4.261339935095214,1.513873918945166,1.1397575601138614,-0.30483325115473386,-0.3610079261464558,0.998982588735921,0.7128558407878234,2.219583847511167,3.682656100587337,5.223238090371735,5.942815043278555,5.288161292566406
19.779816467414776,17.398644483898867,14.129424452745829,11.06821392675798,11.109991181745276,9.367869120671216,11.821827257137727,0.03727742869134238,-4.066627612025226,2.8855528277985663,3.519590717974953,7.524549032896307,-2.070210114662424,-5.949299903936894,-1.45396331794898,0.5409218056540658,-0.3299058026281958,0.5578942782168831,2.193209310951395,1.568867379580902,-3.1101428691975608,3.845810243819222,3.1048758829758594,3.5340775740493307,0.71128921613042,3.213588674568563,1.4156215048191607,2.269058999761327,-0.3671668939454735,1.7347902363404522,3.6758225993208478,5.118527345915875,5.344544469746441,4.247010205041622
15.478189330903575,14.19500681977116,12.520447431209108,10.360480233579654,9.945570187764453,6.200979109519809,3.7827808333866586,-0.33386930425064376,-1.6113401270583114,5.907260614624455,0.8972528364087141,0.10664561320562171,1.8669858783031583,-3.2355488850906835,-2.0815306585612534,1.74804500921657,-1.8447926959440872,-1.6649899658561305,1.2385769618676634,-0.34519362617784766,0.4852995537186529,-0.05923049069585169,1.989436980381942,2.958812070835123,1.3609942180431223,1.7381163889163023,1.8861954543724226,2.358447400472304,1.6544882201957445,2.9351169908545542,3.838756853836253,4.3908826831034204,4.151165276483364,4.0742465765462645
15.095313143107639,13.360681411905839,11.402073577639646,9.291339625297473,6.383481338705502,7.103445626365606,4.763942386542403,0.9085391596273705,-2.02466819247272,2.9518349190758353,-1.6763438150619145,-0.3033211798417253,-2.1795671009589084,-0.3387533940782088,-5.399709229544762,-1.2411300391587339,1.832977477713264,-1.9086191140487865,-1.3148144922456353,-0.11535146076175393,5.351784811318179,0.32012724498842476,-0.9181394336705236,2.5245069185875675,1.9894783789636656,1.2664686601717507,4.949682152300413,2.882840210309876,3.1913719158627925,4.62049475922316,5.051531006515913,4.160694033670351,3.465528698892469,3.876038199001909
13.518539181318319,13.39145753656947,10.13195723442154,8.6690150759538,4.531296144753269,5.136746727884383,5.406353237035651,3.3305145746409575,3.612096750250383,5.493322170642192,2.7358118368638347,2.8766858797488584,0.6149244250583871,-3.299450961657646,-2.301332377602499,-4.602204967900575,-2.0025738344586577,-2.5634671531844253,0.3676172449262861,0.5113277700437457,1.4471505342032087,1.758710557823031,1.6453883689754503,-0.6237209230057046,1.044233922974083,1.1992619373012279,3.3648724636379344,3.3762012412739155,4.6220487140313535,5.223702564650376,5.130038378668839,3.4569304858424568,3.0169399154107848,4.1559779638497325
11.496333094826326,11.386907580197018,10.246720016332706,7.87213365941553,5.548737636053542,6.701171764141793,5.842559281996962,3.0321187856357765,6.9111849489212585,6.274085446677997,-3.098308189623277,-0.6569961640701936,-1.9843885819828546,-1.0154149652540294,-0.6122217443483896,-0.3699106807035902,-4.544066972150569,0.2027541912031692,-0.7059551074133908,-0.4398292166018668,0.4582655892205158,0.10135773934924182,1.077816202268757,2.4524893459356742,-0.6951093653043245,0.22338372388117259,1.2982444906329202,1.770150823061261,3.6780566800342704,5.498358719417643,4.244557732422434,3.179694335964958,2.055181057354335,3.697994853540882
10.533029788587788,9.347716930326737,8.770618905113514,7.205362622197873,7.605551518852693,5.518278381475495,5.011619033172621,5.276156349653133,3.1526729514636522,6.832264872990464,4.177262298709185,-2.6226416006034943,0.7257127823458116,-5.087322242769588,-1.668633125669222,-0.023514877684815732,-0.7017774437536204,-1.1601790439340347,-1.2850555376241732,-0.05101140811895757,-0.6577213219528069,1.479639277186753,1.5122364465709954,0.3181475529150373,1.2283544532446364,1.1135169162910294,0.4687540974717816,2.4555310960497896,2.374983776199308,3.382326271945859,3.9224227754358045,2.843573678471433,2.0058801150808834,2.758977274520178
8.998205676672406,8.574651744314817,8.212543822135816,6.62140442560824,6.530357513558023,2.9223504070221553,1.7967659332375092,8.604483116166179,9.667271209294364,7.9581259140348095,6.569261808571353,3.240949429382077,-3.9585528361375077,1.8840784092011238,-2.6172680122324405,-1.2577139686584826,0.5406988211757842,-0.11461107871218809,-0.5305406047162329,-0.19994882857766136,-0.48523218036878096,0.0982091747324067,1.1936467312443997,2.2271864417845846,0.5911192905827268,-0.4251821949910999,0.8671003912051595,1.241821878185444,1.799717276502848,1.813751489112994,2.702630012467207,2.677543912396016,2.701201114397793,2.6501826491021747
10.587849674678697,9.582053250764847,7.434515074736615,6.334330980807833,4.94799967336344,0.024322271741247167,-0.32240343825838,6.111049335406481,10.292204898299076,2.329999131910697,3.941747405192721,3.735994633364027,2.205013600208827,-0.46302209594616367,0.4713823440749324,-0.7162583296252197,2.024098213141628,0.35949750614669884,0.6668114925920114,-0.6050382455448234,-0.3252883794633351,0.15246240511720582,1.1851546052238204,2.465037913998425,1.8353613792314305,2.4209487846448696,1.5569455396989869,1.2033883591572045,1.2736306471785037,1.0980848747010772,1.7237792117213742,2.5779603195172687,3.610549528468689,5.218239199509722
10.021889715261704,9.668304500153303,8.769957966467569,6.958612376256975,5.98901516541521,0.6406419413248853,3.666411907316734,4.55853778830319,8.363304442430811,2.021499768111747,1.1672026757166933,1.9624725237564191,-1.4809855771774805,-0.768065144241528,-2.4979983783266766,-0.7060573904921414,0.6283920299990148,1.0207638537163795,0.986133417308015,-2.1266561464174094,0.3046987605354223,-0.9830635077195475,1.865872962144713,1.4855317119986322,0.802516404452417,1.0273136082721175,0.13451824562002163,0.4311613307529869,0.58299690701634,0.6331440063013434,1.255380203258543,2.8293535121240088,3.502794822048171,6.38294000404819
10.161598043092393,9.092023349852777,7.570628439470962,5.966710328889974,3.821367247862438,1.5233731035954075,-0.18428101284184392,7.903596893765173,9.258361143790106,7.1303682519575595,-2.860737417273788,-2.66193996994458,0.09504155046134145,0.16853312587233896,0.4988738498678092,0.16621941126993886,0.8254752967928701,1.223905968313272,0.9329838514591844,1.5105128924809943,-0.764289225290288,-0.6919269589542598,0.622058141734178,1.3303898641525131,2.4739926383180864,0.5514158610023085,0.4435749346154868,0.40133287497644216,-0.09978058424175612,0.08741744183425945,1.972476183049438,3.796371015053271,5.618014631310816,5.6447301933867
9.583734514809203,8.2084431496073,6.759595842998547,4.809037581816067,4.769393263808456,2.481699516940652,1.0034500897029064,2.758680644283741,6.850688687800631,-0.7192573183378173,-0.2317689986812668,0.3885617246457453,0.12611354660555996,-1.125056113820555,1.460057739784813,0.7029691595156965,0.35624016327978136,0.5505533053282651,0.9323075606496297,0.37422744251912166,1.2429558682399227,1.3068040358300368,-1.5250054832646809,0.8635560142404028,2.127928771754673,1.293578347332912,0.20587964356750782,-0.523033410314733,0.3244806014022517,0.8961020969248722,2.573013912173643,4.382547584582528,6.841241153858776,5.261599273097089
