script/wind50m.json
{"header": {"parameterCategory": 2, "parameterNumber": 2, "lo1": 3.000054539987559, "la1": 64.9999836372058, "dx": 0.5, "dy": 0.25, "nx": 34, "ny": 52, "refTime": "2026-04-22T19:00:00.000Z"}, "data":
[rows 0 to 24 of 52, columns 0 to 33 of 34]
9.113382892314755,8.97784483110408,9.045061481548373,8.915645037648757,8.714127920676413,8.72797320370923,8.34640909998508,8.123244648679076,7.98621592746202,7.714930472817741,7.817287200322932,7.7773991773524,7.644346598818289,7.181229776257565,6.450423610963733,5.271855735288508,5.820196333766505,6.412045837654666,4.6873525344464095,3.0619652144091374,8.733511938884197,5.1589852086754995,7.800945644624116,4.825487883607358,8.220383329108456,3.692384728062049,2.4936776826086224,2.635645385423141,3.184354399009931,3.6807169067973833,2.7990186405626845,2.5091070263970687,2.7324757373367095,3.3337303590514833
10.441330468160823,9.930334456601628,10.053769185120712,9.634184445101587,9.403619643175746,9.679364660878917,9.31303635754954,9.040616373563912,8.415444476868208,8.653640192801912,8.599884770914565,9.039141560297013,8.490674957615797,7.7557620484282594,7.880699313828819,7.9816541621022825,8.747184749057084,5.6830463529888995,5.950825403632261,11.267565477409283,5.004753756132645,9.346850168019818,4.324960944046485,10.619853800685775,7.91230865156204,4.101985442722709,4.685723705501311,4.7910220575798546,2.361144321655478,3.6496075062147093,2.050744553321429,1.5685653308315222,2.4973478128397417,2.8544114613007565
12.233503983824207,12.17160865375214,11.225087462923904,10.849556941138948,10.571641645985004,10.417712908424887,10.502139654573147,9.840816515990978,10.116189490341325,9.606712065507375,9.10925499177978,8.490408719531892,9.359047778966765,9.080443476157646,8.294563470725473,9.190704852330763,8.795664476308,5.045283873898491,3.2025929878284076,5.858739488735348,8.342243530542776,5.893410290043389,6.5439045020516255,8.035467152926143,7.450683846786481,4.590752619066495,3.488272386181683,4.012715791092376,4.001966070284723,2.9149419184142236,1.7231731321079238,1.7712301357124243,2.032673772896275,2.5928664496704767
12.281288388285764,12.507266381978887,12.253946630484164,12.099081740559852,11.589614335985965,10.92300601715994,10.762489131278114,10.851234525032423,10.689701634911358,10.452766674481353,10.392573197503209,10.045519387276244,9.532373893509476,8.642027600090936,8.647771592032392,10.562587106062175,6.691442377058353,5.0071959611806145,7.9986228105050285,4.939950701974852,8.500907842883464,7.6264893255982,9.761016196951886,7.653267062989417,5.940652854886089,5.483461199614843,7.182560861833168,4.3154609122737115,3.2723010721646326,2.516355243196722,3.6558138709352717,1.4535732368292982,1.2856691000972749,1.7783505743717525
11.306590664391358,11.6263422967702,12.354254870480943,11.984667875074074,11.577164636820855,11.337570893627408,11.449039267592068,11.19663478337501,10.904318149917469,10.602545683522653,10.0776971975231,10.15621699988714,9.606145274898482,10.51857178162833,8.311958632270324,7.724530799526681,8.81747577906322,5.443589009984138,5.948722771173703,13.196968398656157,8.97013359141516,16.171629428481126,4.4312148096670905,7.707991464705896,5.0647345203984235,4.937211203653673,5.4521248508571825,4.51235064155319,4.206279064032651,3.710233800734075,3.3798127370161604,1.5213082647458742,0.6817566751643475,1.568366908806191
10.13201596446558,10.442485154025189,10.711652938176933,10.917382650537563,11.154870839465536,10.98329274453356,10.781716938025271,10.63887888326908,10.651300670830489,10.50577724733023,10.129149490397474,10.26131714523627,9.898093141102537,9.725269732913665,6.84112621743661,7.964263453137765,3.7389304429982344,6.351928556052207,12.051874932453718,7.327311250159917,6.889487443667355,8.995944995312644,6.862848977851451,5.539692626454548,5.287435043151622,5.074002669442992,5.686740798276706,5.736834403440449,4.829744786514202,3.7138608534727906,2.103610263918118,2.1557171909373634,2.1064357868540626,1.6522441308122209
10.208109334626174,9.560417277600244,9.548748745903664,9.689877208617721,10.028521817057351,10.364196461564699,10.24386655878371,10.216794202925126,10.057123003100303,9.992983187662448,9.864446041279315,9.435366355283087,9.224399039730956,9.028002016022247,7.26742166410681,9.997764788089016,6.679809530862532,7.346309379984208,11.527036726107935,8.112995740344774,8.378403930356848,7.646719211159616,6.90231352259038,5.536322824647371,6.1028495805118075,5.675269811858676,5.610796188665106,5.534524741254173,4.949847488416642,3.599730926674062,3.6872585338342163,2.99039245007836,1.4450686862588291,1.3108285579083967
9.556529905934191,9.245542787303446,8.780695708492464,8.7587337582183,9.285640051888816,9.659591053006489,9.558161615215555,9.380711879571939,9.546931032525153,10.15241743521408,10.967502983421692,5.314476721238692,5.835249117542477,11.88605277836614,4.19563720027341,5.716018250213456,4.439818307120816,9.007256811011654,12.422458099104368,7.681489913629325,9.677436002070815,7.385610288173579,7.305340867730355,6.125726910201264,6.121460308397361,5.4220960675215295,5.905496223513716,5.848188581160333,5.554591699923587,4.762193023878809,3.345806938286941,2.8202755731836286,1.4728110583151706,-10.354251583500034
9.09767568109033,8.813415147591273,8.533902869526448,8.362699659154355,8.209451063503892,8.210096732239169,8.080614060580276,8.201701221458578,8.608911847295959,6.63798221090626,5.391750578690986,4.238957837263436,8.144560313219122,10.142776125308783,9.231163614616943,6.134106102522203,8.781893345216279,8.661560056311414,5.370791796409185,11.310298073397988,11.852607535460276,7.578527826007445,4.81704522220923,5.404888190905337,5.94363191402224,5.455571264075691,6.208080613279829,6.247863589333712,4.793943043189998,6.466576364526215,4.113060170689757,4.175377856779916,3.291427166231062,-7.31797594232853
7.818490490866546,7.478617361375615,7.187899343260473,6.977704122587578,6.820650067238716,6.425897514098372,6.865592282169901,6.826761778441959,5.896420827238153,5.409026712686814,4.435172473897454,3.6187954777054507,10.933319010291603,9.898820212841247,3.260134459399156,8.892270342880327,7.746296109113243,9.329171464605905,8.896254473204817,11.194889140823237,6.362822377511618,6.461085006985425,4.5640690729411935,4.095009611076469,5.388105224900358,5.803890123053131,6.100781176205983,6.783403496254765,5.72100303520021,5.707154418231933,5.681372607765701,5.006675248908221,4.354721145693821,-5.022171993834892
8.150041144732647,7.356905335077829,6.905853667916611,6.81618510561928,6.595086089880205,6.246476384411909,6.094950233772016,4.846469751016431,7.025166470959343,-1.9425029427887741,7.102032908674687,0.8942879402040975,3.915468455960194,8.892544865496712,12.644957004422716,8.726720816422707,4.8750237880042535,6.733113447146173,10.38692720332569,6.05426869219229,5.427415738807613,6.098008230946981,6.433246524709044,4.717834746785964,4.191174047279894,4.797961871958839,6.478462164488932,5.856799110804883,5.54982596426746,6.45630065861358,6.75138011497053,10.225012767417443,4.748805441632171,-5.499261712740874
7.543749231440118,6.864110873491357,5.920613017663262,5.371615347027613,4.739946472848721,2.9884493352714254,2.1977889539647997,1.425648023767267,-1.910774330318324,1.9764774142461148,5.566632385538671,10.821903279497874,-0.1224081084484805,7.059741827436674,8.723002442862443,3.0132305835124673,5.225504932718739,8.98701390463912,3.6543799024559322,7.93699696348936,5.743439428727435,7.401482308086104,3.725243908401434,3.6446025442386096,2.5625475558851494,4.841006452067322,5.819825818480732,5.411524162935425,4.664224550416466,7.157499343406314,10.459269628955498,9.823717634645195,10.579896870201729,0.8654337162403519
6.834182208959269,6.194062848724929,5.337479550662801,3.977724154867058,2.844832482171966,2.1923633385027794,2.9197903867734567,3.521538367121137,2.174913810846442,6.7152709251875935,7.531171745156386,6.905273934684677,8.304505576356908,5.392368345031227,-0.47602822429020614,4.482124877950247,3.757475781056072,4.191991214220463,5.657542180594411,3.5420562742032238,4.983981389557081,4.452017712580509,4.455375935384299,3.6277003144777105,3.6142453648124517,4.719960458902178,3.9189739914900694,5.023400048443611,5.294781657024777,7.398456662037608,9.764755909272377,11.917197440923461,10.401801010046825,8.488221997717881
5.7929045525516045,5.33741637577147,4.364220896441924,2.7845390628245736,0.027716785577448128,1.248984898952713,1.1422950022670133,0.3799496947631749,-0.08987771106190398,3.707327458272033,2.2184846078818423,8.267158987422647,5.287586738543729,4.238813206353473,2.4187441758348065,2.6524600909951372,2.809646236024653,2.2419292364283145,4.440708211494757,5.087810772034454,5.442854094597694,4.91677077206251,4.259097506350216,4.07410057470741,3.4803934318079843,3.485320980951491,5.10189540360206,4.040380125836014,5.3098493590525955,7.679024933090549,10.276111306698391,11.007824876585483,11.720799489565456,9.32627329211378
4.6984524875713625,4.323943208374496,3.5375963650099305,2.6443133997536923,4.90537515385733,3.4637914188501386,-0.8739986066141695,5.035844817904447,0.3741042943211678,-1.8786929907528622,5.829918464717783,3.7770043675309477,5.993213860809109,4.896291525897311,5.920689039644583,1.289661325288483,0.23741569344387345,3.2275264057282795,0.6363207607191911,2.9571163731924526,2.363355799843341,3.935620047891816,3.1395857467195007,3.5709853560442393,2.4251458338728034,3.577610486606893,3.423640139817702,4.474790181959055,4.4243020034989335,6.719704652463581,9.52661638850827,11.196231656186104,11.259779597467574,10.397488007308409
3.3572479644240736,3.3398367560156705,3.0881098619561014,2.849974901577419,1.6809629203171368,2.289944487933155,3.012995640978485,2.32766827925101,1.2985390953651832,4.003122802819642,8.035783424744448,7.96184451250217,3.4550414573074817,5.09510793963413,4.513234309486571,0.8606960219555855,1.7038538691123395,-0.4526050582071242,3.495630776145573,2.2620613023364515,3.641891169318358,4.463325248805056,3.78437220401691,3.623222094999598,1.9463726286641996,2.6631500408303133,3.3477220598732127,4.558062548266802,3.8281842896385454,7.769100915959468,9.37053046810147,10.46038510599518,11.452496316462456,10.883521927376998
2.6563725478571936,2.771983873037432,2.8154286441758676,3.4160242287815414,0.7091157049676345,2.2160560840620804,4.382803363900291,3.7231450467849907,-0.8135721387612461,0.8463910237816867,7.798294834368636,9.673762981224623,5.600618086462227,3.9135450490890586,1.330074968727109,3.879506690959713,1.09448899388406,-1.2837742958001777,1.363382473791237,0.9373214509074824,3.5991663900583735,3.660337253033709,3.6917065449974786,4.366247760947123,3.4681249303749766,2.138030082076182,3.4303668991224816,3.8764692339303592,3.7537951039569095,6.266722036331502,8.017067973809542,9.31311370482782,10.793183363280814,10.581478231276654
2.068789557782912,2.3647142529814453,3.299865113688984,3.258734043741275,2.6235942964016647,2.6600244976010936,1.3953055198565356,-0.04271776757693938,0.5279449584361265,6.656454967336691,2.93582956783566,10.503755741241799,0.2620102727358738,2.8196645361600874,2.8499088584642682,2.33043977869024,4.673884306194132,1.95504705767757,0.022037814923706413,1.7283693006341287,2.529583202422223,3.228063371081225,3.9669811847309715,3.9633484471715765,3.9737436512089737,3.4153369119266404,2.884703845272201,2.2215886208877174,2.6646764182181895,5.509776094670418,6.874062987543465,7.904727359776665,8.895536781639413,10.145129325869712
1.9773153468526437,2.191466796362187,3.3601677737264377,3.3124952721316685,2.6677625728911805,2.2345011453688066,4.197741861754105,2.9073979031646027,2.603357354517159,7.915017816355681,5.220174744122175,5.601311551624433,5.094218606696506,0.520057299207608,3.0824498800317963,-0.8858398194162435,2.862344161670441,-0.35096587839233345,-1.227931689316729,2.7075455378823454,2.6931979745424885,2.1528990467900635,3.278006904693178,4.2449181344621785,3.4801490751261963,3.281142295552673,3.598213203667943,1.9688928342745886,2.0174964274465705,3.127383538133418,4.588720053482041,6.636953652648508,7.126507041249421,7.985741260069913
1.9174540566905143,2.3351005479802582,2.8903191672840554,3.783569996831576,1.6913254552105346,2.533847263940431,0.131756942253892,6.967853352781963,6.612382327993959,5.516353871698782,5.707374237012843,6.96463271785267,2.008942469055004,5.761784621972918,-2.1669266685800714,1.5420904729268727,2.1128696199624026,0.6146206778897113,0.1820980828158293,1.777540763995987,0.36309182111205074,2.1998032549717843,1.9734938712732604,3.5305888911067314,3.8675380821627168,2.9321800434168703,3.2741380501845465,0.8688572511590602,1.4967520920312005,1.8522310550812702,2.4158138929917152,4.047087121889584,6.841570134088889,4.6530420316806085
2.230983859877229,2.2208004258926355,2.6903456217007538,4.038408742874042,3.5535885648391576,2.1581981456751476,0.29313768006037444,4.494218418345896,1.2705619349527568,4.9038094746870815,2.891972921878413,5.719781929990893,2.532697297473831,1.8850025971863333,-0.987820665165038,1.0220063299031927,1.5599047846491625,2.564194587733619,0.589704191689369,0.24349397611510246,3.3362874620245235,2.4680172473097484,2.8971481267488657,3.6053889798714094,2.8176603698132876,3.5685898114916763,2.0345379946000217,3.0161456313422694,0.7528667586571088,1.4583924594634072,0.9425078146562468,3.0001959737798147,7.299816172875144,6.079956939894499
2.2753009112501164,2.510188223421193,3.185795239222732,3.966886069374833,3.4599148918600964,4.9601560535052975,2.6986812456715694,1.7969615846165654,4.244819365304557,4.643512067156386,5.898699919486257,4.746948828227041,0.5684192269200415,4.534087895452172,1.1130270952833714,0.49893677650025714,-0.05537724193384988,1.6464259279357751,2.250777276130557,-0.898426600626981,2.5197143646210796,2.6190875324556933,2.189758759777105,3.020112641865492,3.6961867786090234,3.0800557050474335,2.893809087474099,3.243157619128623,0.31306895526488215,-0.5581474353245804,1.191227555616679,1.9359369187978257,3.202708020671696,6.470477599360779
2.124891263600898,2.802677112444989,3.691175731567578,4.184887832029831,3.993708306535242,2.169197454713219,-2.932374673326031,1.616374571299455,4.815490691042886,2.9043196458887257,-0.5349982254674592,-0.7425910020314634,6.019566183499802,4.556411722784764,2.5818855672782806,0.4204050408246448,-0.9795386624839133,1.9413853787546362,3.2120964984188474,1.5578716116230795,1.5153930722675062,3.118476558599492,3.044775257686031,2.9313674900246016,3.3358648947273633,3.302959644311133,3.4789532343728076,4.088947364906743,2.003390923009277,-1.7445438853320883,-0.33885050955207174,0.6433952943428223,3.443201616807957,5.551901234933003
1.898201645761807,2.715286863489399,3.649420947301552,4.575565870688621,3.0420805029807627,4.908326755230475,2.915490129017118,2.7120515522207453,5.752041800975005,3.3531821716528523,2.1650509157215687,0.8532477669169077,5.466066884581765,3.1090078513882418,2.8366371699287334,2.861640429556258,-1.1909903014841352,1.6137263338583454,3.240781754093467,5.07409361424362,1.8632647865477894,4.067387118746521,3.14451206289957,3.4885357155808165,3.406891898219723,4.4044064830369285,4.817087211862087,4.115934027782004,3.9529348229342878,2.045522279281296,1.5806926525277376,1.0400628598929769,2.7635095552362134,4.6382182054480285
1.843831483977008,2.4545712071445376,3.611587334780304,4.575387881070639,4.061109772428797,4.378386361976392,1.560254798900644,1.5843818671333834,5.379219654991915,5.529081100472457,4.547969336228801,2.8259879380818616,3.7347411065541434,3.564472041764911,3.882455696104944,5.32452959198257,-0.37012575564923056,2.81597277331949,4.539237619571544,5.122682657387264,5.815853573632497,6.088169527796087,4.342475600505704,4.111099540976125,4.307984716125935,4.652460671787423,5.274448940444148,5.491550797574345,5.7017455843051525,4.938045258671623,3.7041370498958246,2.8657517365001213,4.9429953612534705,4.727087863798435
