script/wind50m.json
{"header": {"parameterCategory": 2, "parameterNumber": 2, "lo1": 6.000198445256149, "la1": 58.999992894266676, "dx": 0.5, "dy": 0.25, "nx": 22, "ny": 24, "refTime": "2024-03-21T11:00:00.000Z"}, "data":
[rows 0 to 23 of 24, columns 0 to 21 of 22]
0.1351338653244885,4.900197278843703,5.049268786139483,3.0986146255563956,2.1044230637795733,3.736795387937782,-3.18738531547572,-2.7422561761509536,3.886775655751787,-1.082027932555595,1.8720950422236438,3.189147954751388,1.1280245969112215,2.9568660025853704,2.126799656836656,2.7553209674483523,1.5204108558532679,0.5645662900632087,3.3955952798522557,1.6935082699239519,1.4076160476515898,0.38416630020379927
0.5807793390238885,3.338008458386838,5.034365913819148,3.235138389776827,2.5135144401716776,2.722585600009118,1.1930417531409052,0.4600841901492364,-1.5786118410963943,-1.1565644819006735,3.4346030631424576,1.7077347902905302,1.6478281626690847,3.342643838207071,1.938229810089368,2.7372042419326745,1.9312064573215388,4.843739316720312,2.6598075799901726,3.5303632861351963,1.1640438615165496,-0.6077250746887687
1.1303286616987465,3.1372127621273096,4.932747210013226,3.2840481471149423,3.8702559927297435,-0.08090642605052084,4.234171148627169,-3.5002286958721776,2.971945983556276,3.2057126592667213,1.0006389688236725,1.392635527193532,3.602318003658119,3.8611777736628503,0.9948436315191679,2.1431887843583284,1.1142578559887502,1.9007808094151748,1.3480616790147202,1.7566463621072215,0.5870359677003012,0.2756508827737864
1.4049162535542463,2.067019141065145,4.615875129094805,3.423599790633144,-0.19768221597470728,-3.61376147846552,0.8477916915346577,-4.81108821090402,-1.7045053745990706,-4.126861570947068,0.1553550254152604,3.401602185400034,1.8857609348872097,3.639931101675372,3.3891944878996085,2.1622440539995957,1.867980585642577,1.5756604237350549,2.7512109133907616,1.0192713161685314,1.8850531729024855,0.3939176080175255
0.8682831033944394,0.8636656653509842,4.922275548252528,0.5717358792461542,4.163769053706477,4.613510508793896,4.995282215042226,2.777041829109833,2.8978761420833963,2.8554829631483307,5.166884079637903,2.397333718535514,4.0119337522407434,1.4744089393045292,3.2917953139666087,2.746601181871026,4.665647178815045,1.4835466299847815,1.0500857193186905,2.18899466768536,1.3740346942870783,-0.6279738899932895
0.5350105346573258,5.8805523316124075,5.226019487742021,7.051714374837044,4.098736240181367,1.9738211882042636,3.847344594250462,-2.8269816039294136,-2.108731869019199,-0.6234372405641154,0.5588255731677664,1.1216518770021797,1.6300876970697171,4.081330418031813,2.6237140553442333,3.1337731766960095,0.531837022980352,0.75020624410594,2.0405648320493155,2.5126841487548344,0.8640660527275172,0.3130634112429195
0.44426837015764925,3.1653599784548514,5.289931580452507,3.93585094574222,2.124669080885197,-0.22112480144517596,-4.992584961238107,0.83350594078561,2.6800967562414155,3.395023754069346,0.2800454131828738,4.556760217391703,5.014639825413505,3.7052230737183893,2.889731625973807,3.1986821034450506,2.102260130743293,1.2631246911870502,2.4999605315076994,1.7014304549033508,1.1340482282296123,0.5930014812090086
0.5262495250065273,1.7986776279049308,4.483095199109689,2.9037934259288067,2.4472397647965916,0.27510944522819614,4.805637741022554,2.8821132996705487,-2.1563753431092874,-1.2495223271129818,0.5218874065239376,3.2884037708033897,3.484233992686719,3.1396202488187948,-1.274254228138643,2.3846020784133857,1.126446560679057,4.212323162423086,1.9946115359432512,2.5582405338188137,1.7307393346761326,0.1357080756502509
0.43814070452234893,2.0013272086570773,4.93289552229385,4.379081094480571,0.9692699350765711,4.4215148815826995,4.104021825142807,-5.747080625321979,2.4879502939584217,-1.5635949225847323,0.7611814016236267,1.5933568880436633,2.70454554178979,1.8573437149363847,2.669255602368578,2.1370458642472943,1.8940953056669994,4.625506935376853,1.30414188687047,1.7451509764092321,2.689992987110349,0.46187128101663893
1.084565608107343,5.807682162653472,4.462454606054685,4.402638260304878,0.9172380852411967,2.8720113912232246,-3.3331978606910084,3.0208662961263673,-3.5517412184210295,0.6394463346052279,3.3833581411930074,1.0885036789415565,1.282080595053168,2.9715766739809686,1.424036599064728,2.6382465142915623,1.9691678481671493,1.3984710276151993,3.918844522504348,0.5832189300373963,0.430556383778124,0.4597497054759413
0.13549776608750533,5.811940823540262,4.999218042885364,3.4024911536317237,5.468773725710102,-2.5853513335115075,1.005565470076949,-4.008258839570066,2.596339784618479,-4.0822675324882285,1.5171313358241532,3.574606638757214,1.5610075049092569,3.6158513548328592,1.8088181048939314,3.1367278281782736,2.285674597245775,0.6714787386842481,2.0010425529465823,2.571643350006492,0.6798453532714969,-0.17263166120307866
0.4516167110567469,5.392363448605731,5.595325612071413,4.500352116455327,2.187652530153763,4.1361308276751005,4.155518987698603,4.1589366732633914,-3.9890980118558717,1.14842735394892,0.14620538836586916,1.51289479833559,3.9188196308641685,1.2825575614314106,0.18125467706816872,2.8875802681444287,0.5773371460769742,1.4837405504690806,2.7343386931844442,2.7180766057496073,0.5111693483016653,0.21928697653257112
0.9288961788443976,5.322937843680845,5.557153368434501,2.8653960093727195,3.870820281634945,2.6182725085356138,-3.108263853134436,4.448810756566384,1.4247077674524014,-4.1917317037424935,3.3938350778998223,1.0883399651163965,3.213378497646018,4.215918366248707,1.1783427592650293,2.6168721976656797,0.7480716633243712,1.0296009471269352,1.5999734729219999,1.6870981509123681,2.1730361283228685,0.05111611425813954
1.1058669211549443,5.276783893720025,5.27344998140197,3.4287621196233866,3.8588715024602958,3.1666378611400665,1.5774538829995373,-0.05205789041688134,-4.385028026707796,3.623367520556122,1.4296381539942797,3.8183084890068257,1.5946877890756666,3.161270727011208,1.7388680945273125,2.8009695094044336,0.6287236008667211,0.9700202742273043,3.3076225212556456,1.1223898076043586,1.3983439604926071,0.3136343948633764
0.5366177701870043,5.243363923932917,4.350677907138334,7.2781170342753105,-0.020103029819657618,-3.5234556275371904,4.660380919507349,2.6725912979328736,0.36434956542549457,-0.8329621256217573,-0.03913874550153975,3.1650532055749374,1.9062024152303119,3.1248453041770787,2.120131324723068,3.350597367414535,1.7094913499403805,0.9282392759065986,2.186586631770799,2.572562717562644,1.5736940331338747,1.6630986945400925
0.38780402268429265,5.940830451384181,4.306631624235021,2.6803325449744917,5.135964016144753,1.9954660949584342,-1.6380409633969126,-5.888437193650853,-4.218044806650154,3.5688719456908364,1.561350579981493,2.115853069674681,4.281853258500935,3.401014563519368,2.0367088312755843,2.8282814580801077,4.657297157406486,1.8454353696757804,2.1157747727206138,0.9059663763916675,0.6260531504450699,0.31357568161490496
0.12698858556508472,6.2116561670152395,3.204111994371822,4.36479511232182,2.3616138731369625,2.015635030190429,2.3864467333089263,1.0549613942516598,0.7751480198031747,-0.6200221647504081,1.6696637561502758,1.0743668420035675,4.046405198056909,3.105655317997962,0.7482344921939112,1.8317261884132179,0.787379615351454,-1.1941327429809887,2.1316917986414943,2.983698250390135,0.9418936580580418,1.406426483407232
1.0863453053713832,6.0314176633529435,3.455921761015288,4.366527446707358,2.4643001106656284,-1.7355739510735608,2.7024460783517186,-5.4670935564749135,-4.513939365970573,-3.4657469162565997,4.061709340431933,3.7330736973053,2.929584312734755,3.0146152506876356,1.2157220686293606,1.5171397568424032,5.0702396777417675,2.5764726686933415,1.5548967318635603,2.9589755743926793,0.8560293326394937,0.434419447768077
0.7845202613415524,5.598272947956208,0.5407464010492797,4.067620314600244,0.8877999836263298,3.7043680858632997,1.3545109523766843,0.3958310678901357,1.7997774161723896,2.2736172048654573,2.9014431694268747,1.9565779586512475,2.747680215105407,1.3837414586584746,4.5138339911231595,2.245666665510082,2.022124774582958,1.316088974003488,2.318309141028214,1.5306189394906993,0.7968041670073831,-0.247007890172981
1.0619703930202937,5.519416351319086,0.668040894823662,3.7898063797913357,1.5514081422199442,2.636787954290217,1.2352360106708584,2.586330480847427,-4.869058356470178,-1.1096289161133015,0.24118169192059116,0.6737245696228378,1.1715180710793938,1.2019817515970628,4.295249859576402,0.6319829082212987,2.2949893709829783,4.751094614479296,1.7039941251008366,2.1516610328847414,1.1206277325063798,0.32501660482610606
0.9823599497110249,5.654190860811623,3.4001758560408906,3.9611592836330876,4.7729654749341295,2.675072706757605,4.09190484690214,-6.218025748060197,2.216591850117191,3.7969027299265203,4.526351052900026,4.768702263098098,4.008564438949425,4.5372357770281715,2.818158151751756,1.6725132092402535,2.031550635111248,1.5344706337035265,1.4527457690297003,2.121285916164025,1.521049049886213,0.9921935301655957
1.0356594895416937,5.382515448390993,4.199123631341598,3.2968485484628722,3.3907239973406074,-4.156283071692777,-1.460729021439684,1.9563434265784354,-3.1583595932800304,-1.1192523435752784,1.1479651372848985,3.414861895845657,3.900862524317289,4.068135485648416,2.2742692672422193,1.7662251283129298,0.6477755766863571,2.176500602573143,1.5377024966003052,2.624084337977812,1.1381570117480786,0.11812731920412314
1.0774712762830199,4.936858301784783,5.031892205205209,3.8360148308750577,3.8773220429655475,2.265199332354928,1.1666722842268953,-5.361734302491263,0.9354677410165919,3.740844101458692,0.06274199139017259,1.7070450608466046,3.284127762018736,3.607100164052607,2.8331071456874444,3.6147970094888873,0.9398976216951554,0.932733424269975,2.266439397875223,0.800378596072852,2.1643895213480104,1.4431615359787744
1.215815781721683,5.192965993749261,4.52715223086789,4.628936073728273,-1.0810341205816612,5.026995683157512,-2.2212635176322495,0.774198836672775,-4.357476177082587,-0.6026617839064204,0.3580158514952075,0.734059547015461,2.213553917133654,3.3246666871098314,3.2747918188043594,2.7061091536877666,0.5348956057769305,0.627189041321781,1.4039280706233566,3.498181861834699,0.13027402395283427,0.3554561931329322
