script/wind100m.json
{"header": {"parameterCategory": 2, "parameterNumber": 3, "lo1": 6.000198445256149, "la1": 58.999992894266676, "dx": 0.5, "dy": 0.25, "nx": 22, "ny": 24, "refTime": "2024-04-10T00:00:00.000Z"}, "data":
[rows 0 to 23 of 24, columns 0 to 21 of 22]
8.749386975821007,1.8244507204067522,10.310199983071591,2.013586126549468,7.077102736380274,7.691072458990867,14.948240085480585,7.879076187397867,3.83734033372348,5.394533464113845,4.791854306656467,1.1638332662139304,3.068665454919284,-1.3201813531368711,3.697410952461451,-0.9144692919239465,-0.6658130996877241,-1.975384169248055,4.313682650147214,-2.068762992437407,8.161624683651123,8.280887139641118
5.834603285577493,10.14389096794901,2.2607679820045594,8.163228404873797,7.975933654504171,1.9557929625080015,6.0106219161381995,10.298263660976236,12.200487803125533,11.138355276525676,8.70646194369752,13.609777840005595,13.712038528450755,11.190158511442151,15.168769046819278,11.927291993782813,8.635303629281177,-5.351682857880253,14.41367247851058,4.326431105310727,11.062578637079266,7.401602992007711
3.1581913925520535,3.3658466998718097,7.424519708222161,4.569537933122531,2.4332931254210237,8.769841855620303,1.4630490167482906,6.429754553895129,0.2341828195314462,6.859487219497949,6.341488625502153,14.474281572617816,2.116153381481156,2.0342595979933997,9.148542752341998,3.444048929241308,7.940416145393493,5.2328003975268125,-0.5142304274154378,2.0211191323075086,11.460110945296664,2.040855873086632
15.542519994835153,14.956744587884206,13.28622611087744,-3.7385791963604773,6.961833770456554,13.399292711247856,10.650485274840138,14.566905614495209,13.46518814137895,11.170147811385876,11.934852333292177,2.881063652759675,2.685336899819376,16.957309153177622,5.062668024867187,0.8591736391207596,2.9568325547828485,6.5147392270160545,8.828764840149493,3.2772371547465884,-1.220893445634886,13.101709129095466
11.527006383757236,7.646898918835644,-0.8687241212515492,7.345955944743799,6.027735565103728,13.40311164047529,1.4146947732440538,2.877127356424811,8.77059396552056,3.9481332004207843,8.771658311540447,1.4329552787001387,15.091777586661744,7.736486454735816,-1.129702888594363,8.010088936670746,5.6120674372638835,9.978107370119925,5.675668439521071,7.218694621826957,12.698718870140624,9.335227379934437
14.172751178974933,9.017316967746341,8.141975081124693,13.040288177667412,11.332812405837588,7.912355897508912,1.035573014444851,14.164755271063328,1.0873970514139322,13.938910128959465,10.530178979395144,3.310812065645799,14.080723523576527,7.536857442769604,4.468527002788952,15.154598755119968,14.485580149315656,-1.3389715859584952,9.180785872857408,9.194936669460699,2.767247248175927,10.941803990036542
8.261149589534579,14.325822861310677,8.359943389695774,7.520690193256513,10.09216224545585,7.609512132644823,12.046064988309077,6.604880412646555,4.759667014273508,-2.5117064201083616,11.70689780111022,2.55715895970861,0.974744719952661,6.71886168619175,8.41323208275313,13.18501244138806,2.7359205822470587,8.191850889775019,5.889097161349168,4.459560575014287,12.720822419626456,9.104163575004506
15.250998203753948,8.25446086700742,11.451730203489355,11.956845663361577,2.6946450312317505,1.019959442703397,3.641109729198462,-1.2458963406633712,14.269911764357557,0.830343754020755,8.13880474306122,9.003330917743497,3.3129037042203087,-2.0170914170803274,2.8302363510211643,5.970717082865207,8.971948225754097,3.571990980478238,4.326980744331612,11.991850059522802,7.261030644142013,-2.2794519637943838
14.989202927166907,7.609971853466933,2.029437954164117,12.440592894991312,5.7668056027226005,11.057591521247762,0.4049384834283745,2.053649460408891,8.780010928887425,7.317089639082235,13.837831460091717,1.396324124742559,9.270554354844796,9.899238233996142,-0.5750340998611901,2.1071975491002077,14.812349781948502,3.8482085994845243,4.273375739704764,15.13318880483503,6.734475879501021,9.09334285261732
4.454299462332936,3.067522654899881,1.3883445231231066,7.387008176496568,12.958463170199947,-2.236134540287313,1.2078480675844734,7.006327563048071,15.60751814292125,9.06105972374133,4.334983904449389,12.990535408493662,4.184698085753331,13.008710943276887,9.104201921286863,5.680516608964532,10.357071413096953,2.6434152366889823,5.488145508923443,-0.8377626233352488,14.633179920298492,7.560144968288911
8.960929852597701,9.413660410711302,9.634614548422645,-2.0121882007788976,0.4479210101882213,14.56110115816266,1.5321631570828604,12.536846693591501,7.101408602526952,11.320222908130086,-0.5341346984796529,1.6179707462507833,1.7905611809339943,13.951664656464562,1.1771797223686395,10.922459070252183,12.041138837873083,11.358121166078293,8.613120022717657,-4.788180344660671,-0.7411502640088606,6.704465901788801
8.900983959858618,7.31306392591372,10.96806680038269,9.884370356323412,1.2948030823895962,13.62971882828033,6.033649476180333,10.301296959706502,14.48133512296789,1.6325959382994493,2.7301804363874504,-0.2628222069233738,5.629659255052907,7.971558089436723,3.013068738813064,3.8999685462103035,9.2650733563036,9.124342003782926,12.908433181951343,6.969646415307853,13.760994559422462,2.7474231995544884
15.062573947571032,4.342510307463766,8.256656797546645,4.220254510717325,7.381525671918248,-0.6685402108178381,0.9549349944176725,2.1762653152038407,-1.3646216839845204,-3.843518292150186,6.840166787987357,13.005749566624454,8.837526658194667,5.829759624379738,5.954989406739407,9.951628721247168,-0.40996688440375617,2.1183147077645974,7.981197291558487,8.23924742345977,5.609238985998777,3.800920075837318
7.253881627679108,0.23969646415892393,-2.569793142729773,5.147398023434295,1.414850010684202,8.72161860491665,6.8211838187239735,9.242385991070261,14.394278277876277,2.158832188968078,5.075018975122011,5.20304755766087,17.182565749170795,3.840661943105346,10.7572885868719,9.735897394189509,-2.8636420399177824,2.184324049430667,8.806872961724002,2.8056810969874513,6.1229357482144575,7.864489765705069
8.012680510956844,-0.23480078494282206,5.89467840051104,9.407545694214944,7.388614507397654,15.494286676685565,0.5973153591020911,4.679594867712285,0.5430176879695467,8.74369822775555,3.139930094770713,-2.1632204944925246,14.332304419985187,7.820860514796348,11.621062551348432,14.617940350499483,4.931754607402206,7.9863865772962495,-0.6694123335097429,2.9830856285734684,-0.7029163875383448,11.913381272536515
-1.7672065627711433,9.523001878984358,7.159514612588834,4.078805441292073,11.650946622601632,13.507048732779728,-0.9562591281172654,0.9521520075101395,7.1857859452736585,7.614730803061597,6.900259245309401,12.527718114394835,1.1144347348160386,-4.180032642025888,8.673817808198228,7.362078876868837,6.684071526309258,14.775653467841988,12.306671002288851,4.367354800953424,10.002781311583469,9.088602179688165
7.705885204578739,8.81942408197714,3.536395221692205,-1.2481758432091217,7.5513200341727025,9.665718002495602,8.228221946073077,7.242534738377106,6.40115790355164,9.663292321258522,0.10154938401208796,12.025825777771876,2.4058808802201828,1.9882717179098917,8.194664033106907,2.0131103762976847,8.826143261239434,10.011645334233872,9.462164515403122,1.2530772884541785,7.048702375939703,11.801433385809966
6.830541531353982,10.487042837046694,4.916480531857146,3.3906189106044278,7.397814650448571,14.435761288167953,8.771763406027658,6.971173649551382,2.2594534300244273,4.139259283456847,3.4055613439721677,3.812989325721432,7.911171848323595,12.262695920250001,8.629170832576355,7.859605987104155,0.2687150147625423,-0.28049934036615437,6.767886465199171,15.328378385113941,10.291687283690353,3.101503083457692
11.904402599502655,8.40965422235092,12.341455959337136,9.54727189768157,8.488559345701383,16.613253647195556,8.805519154652648,7.260494500824632,-2.658801190238253,8.42179026237499,8.582945063305804,12.530400406220352,0.7753010160190574,-0.13468477982839336,7.548283066180981,-0.41222867278928627,3.220400792416155,7.90801905153459,5.03797444837032,3.4324085258942607,8.60280116258797,11.863416904907245
14.875540510933396,12.007340262644242,13.276810000354262,5.612069944331094,13.582648089751176,3.0073675029088736,9.471624570292079,2.990514028257605,13.24383432708745,16.855175276355084,15.568457824380648,14.07801632509636,2.38778531670587,8.056275872317126,3.385219287160751,2.7219708804393052,10.574001192011613,0.7668239816460513,9.16469992779589,1.959084442578962,10.530620065667994,6.655496571530449
13.359192001150705,0.2695244072538007,15.721400641982813,1.621452491629078,5.458642131937312,3.602288551486698,2.1041473599853333,4.929371029601036,2.233506479612064,0.18169487651443167,2.481658541505491,-3.086379105089544,4.074533077766316,3.292180700879377,6.350768055681136,-2.216792741797682,1.838839068878493,14.544634045680167,6.8294521312838405,2.635456756094495,1.942529474404741,13.317028568970796
0.07104948062771312,11.25965630742881,15.2822791507633,-3.2098169435062167,8.417132216400194,13.494141907754058,14.219901058021772,9.42028935299323,7.487713855191235,1.680363326220523,9.736998537545162,3.3539146178555272,7.944297237665099,7.154917040406501,-2.691971016481537,9.757169925697315,8.274000650137426,2.5822912684938144,2.197512963731873,2.647630140108641,0.5262929470067906,1.3641585722279481
14.940935494152344,-0.6143337870443573,2.9843310472296056,12.25320757800628,-1.0240398204137358,0.3409327701894691,5.744300766355218,5.128068374550687,10.282489617002945,-1.2644691866116362,13.964825308433499,8.49693434215967,3.145033550530679,6.444043803120792,7.632461544116747,1.2878612767074584,7.756021252379369,12.311894817975368,1.0211478991851164,3.830986874185044,0.7526223530414979,1.54356212658331
10.391235985599563,12.163509010401937,7.8937011762846145,15.461896490768817,5.833653741247836,1.5662800920012674,14.61815601895719,0.013877574950502784,14.15620356953044,11.042944423952317,9.388462006095143,4.400266044699106,4.812883250623972,0.8966743144861021,9.611402514180721,3.5308442162218507,7.602363003333763,2.9038201111081117,9.625844504499003,10.998099621957765,8.704800864580738,7.1744749727019395
