script/wind450m.json
{"header": {"parameterCategory": 2, "parameterNumber": 3, "lo1": 3.000054539987559, "la1": 64.9999836372058, "dx": 0.5, "dy": 0.25, "nx": 34, "ny": 52, "refTime": "2026-06-07T15:00:00.000Z"}, "data":
[rows 0 to 24 of 52, columns 0 to 33 of 34]
4.113037200744151,2.8048729448775576,1.3510885523986733,0.11202448160467408,-0.9707953522991946,-1.483538853885644,-2.4361521412224283,-3.8457122232197696,-4.938913255959114,-4.976363226923876,-4.9235585827015,-5.150400982643701,-5.7435642192722804,-3.9751035245543163,-4.210088016346279,-6.485705823509112,-4.993968628496403,-4.964343977388323,-2.541656087461146,0.10397418694658606,-0.4104049546437684,0.8869789032480713,0.8684648920577774,0.23558107245775198,-0.581388448505286,-0.4711852046427744,1.6254331048828907,2.556005160690599,3.535965136254734,4.742363119247343,4.144133582219619,4.592172213300435,4.818499405070286,6.061350765533125
5.303428078147315,4.391775108289469,3.3005864228841086,1.784503259557719,1.7375860858526582,-0.3798764973385926,-0.9545466371062313,-2.31619050168231,-4.19973410122527,-4.740273892356157,-4.897332856882633,-4.410483928571074,-3.0611551369901706,-2.391604633012537,-2.5872965632626843,-3.0548957538077555,-4.882703187859048,-3.709233361891111,-1.4584976136088135,-4.7076932931676,-0.3436919806641087,-2.2689685326326483,0.4425532033683721,-1.0420562848891697,-2.2215924030257654,-1.9022920394220224,1.8486395353777034,2.5715412844084184,3.6875040058158426,4.189450996147169,4.7339771641205175,5.580558299651962,5.718540360038591,7.3699520140789385
6.575824618637424,5.403826229929559,4.675984369797515,3.789907099505033,2.4514741382924017,1.3278811597611613,-0.07461948068833595,-1.3850000802703748,-3.1623866697975003,-3.91921072882196,-4.918472266375454,-4.079846389740484,-1.4314752337149645,-0.2847227650115174,-1.2337678373296541,-1.752960446471023,-1.2922049405696912,-3.4440340401202016,-0.7734469555212474,-2.2304934874821907,-1.7180496444733921,-3.1395827719142964,-0.4437671267841794,-1.5231181472894895,-3.1863854761472576,-2.5125836579377827,1.648513442552792,2.2239687071863634,3.797549799291808,4.836644741102599,5.5411589237462735,6.435065258431661,7.400802842596686,9.759068889921167
6.68877127499589,5.887644234460464,5.608527995446042,4.435034684727524,3.398533682121307,1.7740079756759786,0.7443451081681824,-0.44293183336426595,-1.687525728711372,-3.3191321755013825,-3.9854878793764588,-3.0687273004226587,-0.3334009582176358,0.7143852437688628,-1.189306718443744,-3.2547384587693347,-4.042709146276067,-4.708250859167704,-5.517346740005287,0.7514259728386963,-1.5090084037203024,-3.4437013409974697,-4.063022778076307,-4.349791935906556,-3.628441951079614,-0.5927800333252627,-0.1580504972120059,3.3326818489113452,4.163715916275179,4.287756641898522,6.149962136529616,8.237726568147245,8.998274145159918,10.917183628104182
5.286391700356315,5.620533350064502,5.534744534406831,5.132672776543503,4.1681231608185705,2.851213706127999,1.4367149032496747,0.5367865167768954,-1.0531716481055478,-2.174537076775029,-2.2168624457351003,-0.8668464836514116,-0.25384687446800497,-0.6123825305328318,-1.3972246559158457,-3.60890706116943,-2.0002340920308823,-3.118195274756618,-2.8427078481852157,-4.930940256763587,-4.418831262430988,-6.658591455766004,-4.226909207010566,-4.381834889558327,-5.489538427198677,-2.3957339221627296,-0.0449410355474705,1.8422902091658429,4.225454672263658,5.098270085390332,6.268293973110415,7.392874312326729,9.513936965911931,12.084803198515063
6.100815302895995,4.633763423199018,3.934506796606714,4.581275161705264,3.924475450968405,3.922338622777072,2.418474330601097,1.0768108868972872,0.016143449878906646,-0.9277677248397249,-0.3873644638924531,1.313254061522488,-0.11783921535759617,-1.8761404942609992,-2.1124052778813476,-3.652042477259514,-1.337283974780636,0.6642464445591676,-0.3152558599209348,-2.0046110092848473,-2.3689344130859755,-5.507844309790998,-3.9298067220889252,-3.3318850519713052,-3.6288867994721783,-2.9433587608540406,-0.20856128542570848,2.6231055226934514,4.085815827009213,5.4143481134971525,6.3989674681468,7.9427367021349555,8.483444880531811,11.446926112965423
6.670011569774973,6.1530997358146164,4.994242735765662,2.732543303284242,3.220915875047829,3.4640582481967903,2.685126609715233,1.3528788164812078,0.5241672056863482,-0.09772254300965899,-0.7041531588649839,-0.011157273454444507,-3.4814649653679783,-1.6135767874448916,-2.0347625814788626,-2.587470439616325,-1.281980391401738,2.170095248057084,-2.786613726678734,-5.34729962624124,-4.028512634366842,-4.30105389661153,-4.570332796127461,-2.6729130731564963,-2.04065148747075,-0.6020206522155601,0.5810930846857342,1.6688124638223716,3.8851259172239097,5.0041096551806765,5.637330864283863,7.3744663418098835,7.111187459300073,11.99453809604164
7.969227927748228,6.912838055540585,6.467673059469249,4.928352511398764,2.2072753797659646,1.5717464051532173,1.764495913492195,1.5234830694055745,0.3757314108205466,-0.6530331397715138,-2.2219722947339595,-2.0402540375698512,-2.764989555198273,-1.854883072588886,-1.8306119341659846,-1.8199754029426973,-1.1181202139978488,-1.1536107520023957,-1.7176474408149618,0.37854311561384707,-5.399380350313589,-5.656051509526299,-3.3347114773962883,-4.242362890064465,-4.937190110235061,-1.6829250257741992,-0.5817949083295271,1.691652454824229,2.592139512867553,4.2154526390559885,6.388465781980599,6.560813992474822,9.071434966040755,12.152793865640325
8.8322964598753,8.420889647690208,7.397481553704831,6.276979685344068,3.7332021474379564,0.7250325449552976,-0.3867184912347835,0.3991182164096342,0.5146104358892107,1.1050001648120307,-1.6070371770708807,-1.7715831424439819,-0.9421697580704619,-2.9143939963401397,-2.5512857228404484,-2.7828666233982102,-3.353218308033605,-2.151078110703078,-1.273673033765284,-3.6129235311503773,-6.482449927113628,-7.081505649902775,-7.019684071385492,-2.5882380097832693,-5.5537178062535855,-3.7067301517792766,-1.3429538210024086,0.4254693652980907,2.2232162666547834,2.8746484159139527,4.416297531886033,7.617844251935304,10.006391171069144,12.903901239369322
9.941688578866998,9.56912911053617,8.163773434144314,7.482418841282894,4.550371889899261,2.244425127590066,0.05092010696013672,-1.1909162917790055,-1.6857913390221146,0.4860911419743637,-1.092925206598676,-1.70498643531876,-2.6661280687444266,-1.0281633920992206,-2.9283175592520854,-2.8871144032214775,-3.3019949431600377,-4.543815346140096,-2.6206669003368854,-1.9066000895587456,-2.3353632974728322,-3.062328897029725,-3.7460345062774962,-4.600791587075252,-2.246242219952993,-2.911631815895185,-1.4721742772725406,0.021504931724093217,1.4718531715713095,3.487009387467161,6.12127209812435,7.342994790296163,9.457917483330476,9.515358337002814
11.825425926396562,11.081699125319759,11.273181511147255,10.678012843532201,5.685079725911758,2.4780812587640115,-0.187448786456685,-0.984057039568948,-0.09932584874768899,-1.582701788888342,-1.1356815919669565,-2.4564460931045002,-0.020174285230171306,-0.9789261689001789,-3.616589605735807,-3.0160517012511923,1.1362224977429012,-1.3206850651800592,-1.367299522034806,-1.7142734419455803,-1.3474056589734074,-1.0864052075610902,-1.2651657157616483,-4.346361922277796,-5.236505205438461,-1.952715224751991,-0.49438982507145957,-1.5106415148289498,0.7212203613907022,2.9781994032697696,5.604641232832401,7.027939804089894,5.491603971753056,8.230377939048088
11.676362116792289,11.689775810074956,12.164363235177778,12.260618340154993,8.558716528092242,1.3666863291211748,0.12100303079614616,1.3687023461256491,-0.08048259024994152,1.128498699896449,1.2200592820396206,1.1277157521061507,0.866187753959735,0.40704132187505954,-1.0689178907853971,-2.2238112979822637,-2.5895532876020533,-2.370564453282214,-1.6798758952849533,0.24462192078769124,0.166710160592445,2.995256084635728,-0.197946682834292,0.08270920155419009,-1.4349631366556486,-2.887278181662612,-2.742827240498177,-0.1643525944461281,1.2096183558626827,1.9612914565312107,3.331308486970132,3.8909499997706796,5.843216820215422,7.950481459250675
10.32808716028654,11.498982997248525,12.050816345323282,12.310830747350508,10.983008555029024,3.034283250454945,1.306746570362271,2.405821821188528,3.494595184774457,2.172914938685964,3.2132831180559007,3.729270810615458,1.6112688702812115,1.051798265550013,0.3956496025856496,-0.3403406270530778,1.5154205717985914,4.881921945394819,3.898022677809924,-1.3904395124507805,3.7189797360853203,4.330026567533842,0.6534665955905927,4.930571956851998,2.2469911894753545,1.3693305247035426,0.3778723414409854,-0.24395110015241617,0.8258032687597243,0.3908230490810877,0.5284610915769091,5.903586104743204,3.8366530328498882,10.521030026949683
11.136454148353327,12.542338819210567,12.784160356436624,9.83840385678209,8.729558639071074,9.952954627848237,9.457368078414436,3.863308790777845,3.189837413685702,4.299221240752191,4.462981503207331,3.1126441957596205,2.294343685316261,0.752961900918951,3.8993029854697303,4.657062404621477,4.647510605731273,5.595344719774076,5.793523379476799,5.5113815093985234,4.364283037862124,6.532740858516149,2.7597442620089088,2.8526490214002296,1.3809530588030412,3.675652320054968,3.0049737943165016,2.8355041306569646,2.0831096061829384,-0.6752992144955852,4.682377818446398,4.526351266110396,10.955763949201685,11.813612075402023
11.137202036717316,11.888724586539562,12.32885721864284,10.064025098588695,6.36243785061991,3.5661842948317974,3.6349222346874535,5.133337590684569,2.37381801372272,3.8481860840872244,3.498901750603362,1.3543628880421936,1.7106332731016758,2.972079115768169,4.498045796049799,5.927432987013595,5.923387443867601,6.471398782151902,6.684155493983778,6.053963604741125,6.6599537432131335,5.7086466317702,5.422760249709603,5.540761690158134,5.312784937260984,3.5000174961541646,4.445467291737136,5.073580247605199,3.955417173498347,5.177444523234652,7.197348094012796,10.778320454644431,11.076364883061498,11.153085876086418
10.697828079476528,10.57185453653953,11.314681353099033,9.780791232319894,5.26109066535355,4.817154025889084,5.421424141739283,3.6828138642137924,1.8174048527082918,1.2528073931916621,0.06243096555886157,0.11272508475420553,0.012269858148920012,3.9074053239951727,3.374108735741985,5.801186963778883,6.309267688932709,5.907386547909268,5.985970220512927,5.369733198853989,7.4935586379771815,5.365615915321553,4.392651522337974,5.734118064710358,6.05530722558989,6.0387782366079374,6.728859494471413,4.997465774870451,5.619062403549872,7.4396219486732535,9.51724474859004,10.140887197603407,10.256141677954298,9.427215683943508
10.832128969715706,9.819126759159564,9.240999049465827,9.233187796703914,6.691459885002514,6.413244315299399,8.363671364263771,6.508988595035685,4.28450323874981,2.783931431185678,0.6859179957366631,2.391199744966041,4.209623055881204,3.079037122747561,2.932400126376283,4.679513801265982,7.170013539506933,5.3815649926032965,5.314448658271309,6.6039319420409415,5.959964987478583,5.561404402821409,6.174948867245744,6.393128105830605,6.648785529517047,5.898620978697858,6.216822851959908,5.90924700506168,6.876901044638906,7.716882196559433,8.15997747117526,10.47240738378905,9.144677221657147,8.83947382439173
11.042559115809892,9.309756723119964,10.538449393331758,11.236874292163895,6.849251776456748,3.73744015081037,6.062279115860895,5.0387548311288555,4.318491523157488,2.4582525866758016,1.1685128815321988,2.408343260307112,4.419538188585496,3.97117473303434,5.018017799196641,6.801926944554589,4.92959310365445,5.436071517154743,7.0110077337635826,5.540740297697488,5.9696363818681215,5.834302481967113,6.3504063322238915,6.946049492991155,5.739333479508807,5.3262469151167275,5.335386310937033,6.051727446331129,6.46304048436513,7.2128206279426825,9.197666647410957,8.108872032511732,7.801345636874873,9.53528833627213
11.344280689585583,10.085323507153415,9.56288463033942,10.684344870529408,8.202063231993094,4.146616820229182,5.263399319980521,2.4461331507436332,-0.3838754425984373,4.053233599491782,0.7480247159475499,1.1872856220112327,3.1996810846109387,5.2985773270870435,6.197624684432706,7.879633210319007,5.320767026791396,7.331622554990144,6.59579124660986,5.1953773532157985,5.616556513187029,5.753984705656301,6.019716581982911,5.996390729387544,6.158821284312255,6.5136193114887,6.056610121075957,6.208068388344093,7.251878837748355,7.16330348738442,6.982817851605686,6.988036647769621,7.612800630443555,7.860896430260608
11.594360865358167,11.507023256046482,9.508914884802444,9.943208118549762,10.205601415598924,2.444484591079278,2.5964413284859695,5.043838938347381,4.142620149072321,2.6539858403976706,2.242893511584385,2.757827769097953,1.840692342170381,4.50395662075446,5.635402630080536,5.927110521812725,6.681486347197328,6.8781972397469415,5.6786097823078245,5.426979585638799,5.477653061475372,5.9649771601004336,6.348188081051763,6.199651181407558,6.087192957821434,6.507883799934783,6.713405419657237,6.947042561056059,7.32941470940195,7.997831163780352,7.1751828781535165,6.468090248657124,6.003673159297909,7.450314991652651
11.461137569565414,10.938891016126911,10.140095819313206,8.733045306739587,9.349254396039859,2.204185978631015,4.040863888333098,4.614275755903472,4.521790810685168,2.397908119163663,3.8490470996085664,2.6343832141637336,3.878064142947193,5.346435635421996,6.667049545796037,8.02367819610772,6.585927260129994,6.491320592621234,6.134194517597182,6.257477439333167,6.298452045162754,6.707707310109045,6.678522411127802,6.925205431990962,7.3727275692036995,6.172694443554495,5.9138030206834005,6.413817687947496,6.883776384421772,7.182750806672784,6.470918473247392,5.901936604933563,8.604252310801266,9.359787557326204
11.158660579090952,11.034136665980707,9.867112025010492,9.858458747820027,8.813915799094145,4.890026603859678,2.2688095117162663,2.669459064351293,3.571294634299777,2.041878872435828,2.528047376846406,3.10657176809294,3.7359634058411424,5.026802270514517,4.850901988233767,8.164051418748269,6.598238390360592,6.400157831183072,5.182025827091432,6.173028264009014,5.929957266985514,6.59577391723435,7.08946805433336,6.730715554436964,4.981459432411742,5.729591276823299,5.159073006617625,6.091574596204586,5.834745693211035,6.916914815582113,5.65546399174586,5.869643169471058,8.918909078616785,8.772746145774766
10.177210783028517,10.858761466459253,10.154987326070556,9.604867809475131,8.202972923062834,6.008884224695985,3.186064355183324,1.2375471139077983,4.169276637047682,2.1637504957013163,2.201901663984357,2.2251090603183754,5.417460816124949,5.428428211732239,6.196200440725792,6.4584931688965534,7.647731786542601,5.242256816013476,5.484973812468869,4.3354449209746075,6.35436256438799,7.8506504629095035,6.680475560474139,4.463426489283995,4.6888790534459055,4.592460023744817,5.176985396219968,5.359236285921809,6.876401965878215,6.513534985951177,8.209792619709617,9.779839215272931,9.56211761039267,8.89905881536176
10.012382736939944,9.437148772159093,10.346637828689595,8.603452834063134,8.416038283111051,7.516968215452349,2.92668339683831,2.2741186212554765,3.962909129952514,1.472167557061123,2.8678340145438113,0.5784149489052113,4.999420345980739,4.951182159733634,5.357486289061273,7.975830084837622,7.024441330983857,3.872903293131024,6.465637115956035,7.805133406988493,8.072738820124984,7.942964615218651,7.052782321555199,4.989164117453288,4.98810444511111,4.130462714734323,4.883396457271377,5.107009429565486,7.175937076892393,8.608917653757306,8.67165770520356,9.562942502607175,8.233757781087768,7.3303354052295395
9.282245452007576,8.818144386793378,9.973648930261877,8.484153073175602,8.003898535160486,8.090202843729223,1.7894128802014282,2.727649938255956,5.668586930826901,5.205229616635013,3.747182007351288,3.9397311200332883,4.313818810674634,5.117120914044545,4.890503530481401,6.899345898345424,8.37873090776276,6.4214121807928315,6.53010612977376,8.274704499282144,8.374896850868444,7.914203715970953,4.865506316367217,5.04587572570192,6.078719632318525,4.021661793579579,4.196420999122767,3.8507022162097213,8.376504296603931,8.234309887635266,9.53315937669687,8.042743035895024,7.425746933725331,7.344496204550221
