script/wind250m.json
{"header": {"parameterCategory": 2, "parameterNumber": 2, "lo1": 6.000198445256149, "la1": 58.999992894266676, "dx": 0.5, "dy": 0.25, "nx": 22, "ny": 24, "refTime": "2024-04-04T07:00:00.000Z"}, "data":
[rows 0 to 23 of 24, columns 0 to 21 of 22]
7.593934117364181,2.482328666549087,0.01624946827087736,-11.25563001332171,7.296717616555481,0.010062043996017818,-9.823895501586835,-10.501947288103993,-6.433059110808978,3.637131219838879,-17.838413619102422,-12.813179144836665,-3.9177308661241117,-14.828633339069604,-10.807494038602647,-12.83713419116941,-12.797403209820384,-3.7277613351247583,-15.9453826305819,-8.944457843692625,7.98467194932449,-13.060967162532435
-16.053326388714684,-3.5588376124780994,6.505497536179576,-14.22473610118436,-0.0941544799128302,-15.465432804779779,6.701871636755316,-15.576114901837485,8.433568328227718,-9.93324976861011,-11.066312450682599,-0.2375890600801722,5.844172984868585,-1.4308172018083678,-10.409995734320082,3.990845408633396,-15.108433023612204,2.6333498115524026,-6.062279081691094,6.096229070178454,8.751204288995508,-7.129383754223145
4.936810397523259,-13.579671768243028,-11.830700455699926,-12.747952384239706,7.586208290186505,-12.74766215537821,-12.693413959269364,-20.18700386132003,3.5086255985874417,8.537799618281289,2.7858179993363263,-2.027942539190729,-9.590473737483576,0.41761273959976786,5.114011006975826,-6.902202609212779,2.5337641302008596,9.924499051342899,-1.8135764016284999,2.917973316466513,-16.217154309265208,-8.414066371559809
-4.546051478817013,-13.50493676014181,-16.772562367731375,-13.796089644183928,3.919898535146918,-13.832605359782706,-10.00791784871525,-9.933528761638216,-1.7088243797789233,9.47440632749079,-13.968371057692405,-17.772980290754663,-7.8830677275055026,-10.13573923216674,-14.17291338248883,6.633802727930795,-15.108660259245452,-8.554149925652158,1.1921896391969293,5.491132495733762,-9.93459371174345,-10.631480985811374
-13.082654139311005,0.42331553742011024,-9.96608896738717,5.553753092370519,-10.004724876739449,-13.955235405941243,8.28554556759909,-10.105300361531352,-22.661493885763026,3.0148182681530495,3.528852499826039,-13.503782024785814,-12.852274172975946,-6.7785965650345155,-8.353027727876713,4.276691063821103,6.823591628750671,-0.8447364413368327,7.181946588279115,-15.17623095046918,0.4535161646318087,-11.709905136962798
-4.717649451278026,-0.23035831584740493,-8.269193596004369,-1.322510487701973,3.061015885408019,4.672714066735857,-14.854357223745112,-12.25745343037654,-11.941595583552388,6.5632976138526935,5.770331613183728,-14.57185438980211,-16.077116193799323,-15.65622661966588,-13.757094568044845,-11.174999866100796,-9.638315920348424,6.43868795508672,6.543888869668529,-5.774221990531792,-4.748595840164981,-9.084526867214114
-14.670585665405206,7.209815269814422,-7.429405389603094,-15.422734499518215,-15.378037318887824,-5.59803855848583,4.007339720454036,-4.322487737758616,-5.0451075639258205,-4.615213572896299,-10.13908280591876,-16.6514304129128,4.52257304271057,-15.596317031152816,7.0212093693933415,6.834451484047498,-7.47350506830181,-1.679879095552023,-13.833610283933528,6.662326857998617,-10.801170197041962,-15.087998064158489
-13.889807124202,-11.041170687449158,-13.87067326150205,5.217185007456112,-14.246964389453751,7.2806735601595705,-8.132770818835093,-15.462091616757492,-3.1264852466159123,-14.152996447835799,3.202489070184064,-9.54282265034697,8.66461103543463,-14.51176310982063,2.7136270021539377,-12.846780354004023,5.249254380514701,5.608582601249291,-9.419156293187601,-14.575703439990948,-14.530015259345252,1.2985352754991686
4.588456937088193,8.1577874974022,-9.692103396895124,-10.051937028615171,-9.20337385718228,-2.9908731134103337,3.552902510111399,-11.993362948839364,5.224279611006148,2.821856221674108,-1.5400724342103844,2.516499139170244,8.922151712058739,5.308763589952777,-15.637432607946195,-5.785575759002336,9.091624013898418,7.817585616831255,-3.826697827351282,4.496227821592413,4.836239316311532,8.648681566119869
-16.061998240327508,-8.390667479467039,-12.07648076220257,-10.245617483625711,-14.517903983745772,-13.977386463929985,-10.069042075360874,-13.51216323128732,-10.23037323639949,-12.585629476947457,-10.127336461941047,4.892764446359659,-14.422991514038236,-14.109009788096996,3.522866458172362,1.7538191732248731,7.346318256689038,-13.69864604673079,-10.273622270790971,-11.023223726718125,-15.524494514837713,-0.056899937084763215
-27.83348907025652,-18.05326901365028,-1.1853140138795726,-4.4740291530270335,-13.186745979301103,-8.754594806163524,-11.440410782762173,-16.23201909097935,6.8818050570502765,-9.357443412813229,4.5119711605137445,-5.901059067800176,-9.972473659808076,6.415679693572791,3.1514138639693665,-9.352416643692749,5.374505783652085,-10.363812220436145,-14.36159693877517,-11.838111243655074,-8.120280895366998,6.476714320557714
-12.312635188616895,-15.490310817031556,-11.896198867170094,-10.666100015563336,-5.977685208063405,3.3974640690464932,-12.32700376946393,-14.775318257993748,5.631451069986319,-6.5012859441153115,-2.020419398559462,-13.117394129431096,-11.536625349810127,-9.690339403314246,2.5778005256903525,-10.177160017881727,10.014707977028868,-17.33397378886798,-4.539069175262345,0.30523397014043996,6.990873379110766,-14.660466522958169
-9.603563472831055,-14.405931169993146,-3.752229426099289,-0.3356044482621125,-10.334212561688785,-10.86603267724263,-2.294264581972567,-13.976302164344432,5.639420765978291,-8.314919100066916,-17.342887247458517,5.631439145174653,4.3863947119205084,4.778247746306359,6.231321799440436,4.31862147338625,-1.7750997085231395,6.728112302963802,7.751372036376295,3.2059665232084744,-14.358989696052658,-13.080229506768505
5.744852936514084,-14.031631877894652,3.293539589614587,-15.521285381652248,3.6796746859687883,-14.286725154668588,4.420196347338771,-9.513800750847947,-14.524718571666522,1.9952452645674166,-11.063277322354274,-9.202459332028221,-15.242818460493607,-12.167838535130127,0.7161345980075046,-5.5457616588941665,2.648853828213926,-12.007656006858266,5.005553063149416,5.629130340161881,-3.5631957262035057,-11.641262400934156
-10.3746586157898,-12.928266557297462,1.528772018603695,-12.416917213779547,-13.400345501733533,5.485580016890153,-11.623423480105803,8.438984845946834,-11.041220639409756,-10.584148778248197,4.326536600010775,6.382636515164373,3.566754121105678,2.564199922995803,-9.884066642816046,-14.755384518395472,-3.187651712796556,-7.963511787223706,-11.249018116740748,3.2583389612567566,3.015539690612773,-11.335636879148874
4.8759232292607955,4.833351974853224,3.9033385903626994,-1.2229591907413884,2.2625847154697682,-10.283146239027884,-21.47634192449358,4.9236931193821905,-9.995282161707975,-14.82127252756802,3.706517104811647,-4.7229007020865765,-9.081937241371103,0.3730200265986105,-13.864391514813752,-14.165823542711465,-11.750882774415295,6.304329181387506,-10.865023409789066,-4.545563796950339,3.4327954301804406,-6.012347276393053
-6.95771670444076,-8.112053300444678,-15.537130698792755,4.916172128251131,-11.834626624013996,-11.002527800226174,6.917200375734132,7.896910734240054,7.306569775446445,-10.641167468845515,-21.503723958131502,7.1098796874278385,-17.860452593270523,-11.748877916086167,-10.819340446925224,-20.520586469609782,-14.43895016160411,-7.732431434839934,-13.794391247315781,3.1699461545784047,-20.68589887563465,-13.831067347804796
5.778764133384484,-14.654904177324129,-1.4679040680515816,-5.859434622749609,-12.556158097375382,-10.167758191338422,-6.394920508712918,5.49829270698326,-14.572355981351011,-2.5064226781863668,5.960532561504027,-7.346110517996254,2.3013295500912463,-16.78239564700282,1.9960722649231668,-6.219008883433088,5.091387785065118,-12.667464032153944,-16.154469226970825,3.3772717689169514,-3.4253429635256376,4.626036288254098
-12.87939955923588,5.386077615404886,-10.912697995821464,-2.475020443224031,6.387706193273154,6.289697846467307,3.8177926396698254,-13.567271900079517,6.24220493315853,-11.929875866953957,2.1316785616948972,-14.482531697722155,-8.634819725554713,6.171015764828022,4.596616670222365,3.1040220659201556,7.168444774350228,-7.021642299971968,-10.201651631545118,-9.701893977813576,3.1823975649085,4.980434548200742
3.85182893509125,1.8929353020842346,-9.06903881920793,4.229863377400851,4.146834530081305,6.720914144719925,-7.602713479759706,10.065421412660815,-14.591943180781104,-10.061014155677912,-15.075053761210421,-7.450491289935984,-16.237191446547232,-6.720457244005487,-21.25903827935211,0.4546808935813755,-10.733233605170648,3.9304859395067138,-6.483295449818326,5.439630572521949,8.1438158363734,-8.508003026530417
0.8210980694127032,-12.92621738751369,-5.439860788637769,-11.200233703318105,-11.169321926591454,7.257849351566533,2.8106960241441232,6.679566673535675,-4.883645135117199,2.019485518218913,-13.958260693624238,-8.853477628947028,2.0110361050502426,-10.65111617324839,-7.278499556996493,6.882942455376575,7.852743093313835,-7.130243920514616,3.702431973134618,-14.413898584990935,-11.269680551873146,-10.823073337410591
8.312851176809435,-13.144332009926252,9.448481897410401,-12.559405888226836,-28.175334628256298,-13.120840209609353,-10.605559919840967,-16.178704899772153,-12.470838912795594,5.500700181530587,-15.519822538786824,3.5798988638725517,-15.274416615770784,-13.265421477150586,5.892859022395322,3.299146541853831,3.596422550725315,4.593789860610185,-8.02636086917697,5.183794229169415,-3.780327977472065,-10.785174376842221
-8.573105231209576,-15.021271569522943,-13.611926002677345,-11.917847863677089,5.508006382581749,6.52622302418113,-12.274050531116485,-33.62381590202041,-16.27514985273672,5.197243009824003,-13.465465599028397,5.3593009744203695,9.547592465449682,-11.153714196436878,3.269578885110145,6.717729601807741,5.1018791410408895,-12.214197800428,1.0621056561301145,-2.2880454387075715,-13.466227343518378,1.2298879204391502
6.169101048324939,8.188725453851934,-14.54640932090044,-7.592645543726724,4.173772146130783,4.631946006455814,-14.75455726929126,3.9542607313996982,-10.420237777495315,-6.036816734060386,-13.16000457415609,-8.896545504962075,-13.51017944595335,-6.568377788383833,-14.518540663892166,-15.885737143077257,-13.87125419641201,-13.286173083085055,3.317009924401662,-10.2950180090875,3.778974770950233,0.5421222254903292
