script/wind50m.json
{"header": {"parameterCategory": 2, "parameterNumber": 2, "lo1": 6.000198445256149, "la1": 58.999992894266676, "dx": 0.5, "dy": 0.25, "nx": 22, "ny": 24, "refTime": "2024-05-01T17:00:00.000Z"}, "data":
[rows 0 to 23 of 24, columns 0 to 21 of 22]
-5.694117626102172,-7.941965085737982,-6.799412310366032,-5.890562968214243,-8.023593122557449,-9.24316180661048,-11.855261280465037,-12.868435408937609,-13.158396724402385,-9.558535165675007,-11.298833566172554,-7.189077855176688,-6.770340332062406,-7.848291883768367,-5.370077776899354,-11.782303484119915,-12.362227514729204,-5.254220420867763,-16.566963853742873,-16.226653535287593,-8.167082728550103,-2.0193027890370807
-5.876931046794322,-6.130996743733279,-6.86371841506478,-5.632785805323896,-6.120251633965359,-10.671681036174276,-9.894755379189954,-8.856013503715877,-13.610881648468109,-9.638248073606082,-14.250278570403289,-8.257431463959284,-4.755974641696709,-7.118317866695847,-3.7741202757456027,-13.359685960493938,-5.700255188489933,-15.499447031852597,-6.502511367933387,-7.436451008785875,-5.33893102825161,-7.960080944694055
-7.176914298774457,-6.945633308996329,-7.108644178160395,-6.266835071275582,-5.57599717429562,-13.74600071617216,-13.332176325725154,-13.436888269891991,-12.762813009045804,-14.14181822924618,-10.002956704918603,-4.098339140681127,-10.346832296342654,-6.93516657770184,-5.905340698902162,-7.2836662079585395,-8.284754776085745,-6.8988153013658104,-7.193982185483255,-11.078080973819473,-7.586013797614319,-4.197535062551393
-5.606011022587829,-4.614199261251699,-7.353442631903049,-5.927225811263552,-10.63821349535867,-13.047880258405412,-13.924820208551434,-12.387388246825685,-12.510935395466566,-13.258941807636877,-7.708299198559287,-11.976331792385544,-11.455211041510365,-7.924505140421386,-6.51895274367368,-7.419380550845783,-10.641842224849613,-5.2370833465393805,-10.584340383198924,-15.48197747784702,-17.497875009669336,-6.391704501805378
-5.4690944449895325,-4.577598230260577,-6.765484941507705,-3.1285761689745417,-12.987042117752004,-13.347828593702067,-15.212424253065096,-13.570127684706005,-13.39158664727597,-11.224677934710007,-11.311597048110384,-12.865301466203416,-7.181014637965669,-6.306374580579174,-6.316695846554602,-7.242703203193155,-13.746894517546451,-7.033181545197465,-11.654230136461306,-6.6386324836029615,-6.407169992207836,-7.750704574012291
-5.313665894960388,-6.413765126186455,-6.431061880895167,-9.279149313777317,-7.236867095447678,-7.4568527115393515,-13.04056982877173,-12.919223539973272,-12.03352796531277,-9.61046026909059,-11.870104968693125,-6.977120387253984,-5.822667477264794,-11.992438566083594,-5.81540395783119,-6.913587630247143,-3.9573692881232643,-12.581452870382254,-7.891315283182679,-8.456559835146706,-8.28108199982718,-7.0432750349545055
-5.447503114442694,-6.828730705665959,-6.4518967094645046,-12.288975919504919,-8.145909215888508,-13.832285785101616,-11.951159654728148,-9.40259918639146,-13.09616247248413,-14.050217617218696,-8.354198124110246,-14.46324732214967,-12.815087347071723,-8.482352217981628,-6.371960755947449,-8.62564325080473,-5.522410444482121,-11.589968595077758,-5.573375767884159,-9.434966284368603,-5.163371271219631,-1.9106771205375257
-5.60483583865346,-5.878590089059162,-6.3587769534585705,-5.037674709327567,-5.913002359312296,-13.710230573912023,-14.16162896816907,-13.641808829559217,-11.865104096055685,-12.014258935850522,-9.994846885066739,-8.843807832776083,-11.022554581274965,-7.351345732614989,-10.992624241829574,-7.750349525617709,-5.5906388379222935,-15.118900121236113,-14.991308718994675,-7.28059160953755,-9.04081372085654,-10.175841096298946
-6.172828049835823,-4.2141110110041415,-7.015552025440711,-6.341061458547914,-5.251175845440788,-13.387956352161464,-13.351882225443697,-12.763964029751723,-12.922525637101574,-11.320187029153914,-10.7023849314007,-7.351036445035514,-7.121152373487078,-9.648911114137888,-9.883774618595945,-7.383113731449912,-6.503586538226789,-15.54996363263826,-9.801576993577594,-7.668566573234076,-15.03524832317194,-3.2245246260757234
-7.456979402368878,-4.862969973141907,-6.712060465478268,-7.236066436609034,-12.623167752462127,-10.598734303541962,-11.13197224121837,-10.978016162019154,-9.784591318250268,-9.16939869276437,-13.17458520036204,-5.687226421154468,-6.550688562855271,-7.428110803371509,-6.787544645915541,-7.3532031433422675,-7.148926221657656,-5.950514126461949,-17.17748375317972,-9.868240535214282,-5.413077024031622,-10.41078721336269
-5.591863077307589,-6.044910400945531,-6.906408222856905,-5.859712255270874,-7.5493981021235355,-15.263978866187637,-9.677990051516824,-11.85010573619496,-13.02822838284601,-13.393205222173032,-10.7777014367399,-13.809802571372392,-4.1339348464430135,-7.865918868379794,-7.5690141616895925,-7.2439635621916905,-8.861770917648743,-7.329974162877421,-7.070909587421123,-18.74410489881747,-8.79996645647939,-8.381784774034871
-5.5657887762568246,-6.704149953669726,-7.338923951819069,-5.348948862601657,-7.064635957737263,-6.4145016565926065,-13.392256072414591,-11.730073928092919,-10.91920191644634,-9.723249732073299,-6.975843878662709,-7.265338568758584,-13.201593881026442,-7.278537964269931,-8.06803656626105,-10.607545058934317,-9.309103019263022,-6.961762447634828,-9.687662371783624,-7.9593367613285535,-5.624288853005775,-5.51883311908475
-5.526252667459799,-7.189333688763496,-5.697605943299885,-5.871123080097306,-9.11289145380154,-7.817033358913649,-11.892154554579774,-12.400229192711091,-10.699002359299419,-11.634862447883602,-13.1228286439169,-5.735160942215126,-7.765213583263543,-12.761113271146833,-7.437234570858037,-13.576161508764285,-6.486191500229028,-11.602809673967586,-12.565663459331049,-10.11332939089942,-10.232196152069344,-8.936286253508804
-5.4330666487665145,-6.924856817941492,-5.249972392883244,-5.084222841696956,-5.646407423695973,-13.175694492331795,-8.04494775145789,-8.653401509670463,-11.689504228887627,-11.657745892420387,-10.796688133637383,-14.828946489017893,-7.326846364189852,-9.690690917799236,-6.752618701503551,-7.078968638375552,-6.99236577918938,-12.521750125631321,-15.453028924484542,-15.803907105431476,-8.141561889720135,-6.548959157877717
-5.958934097319319,-7.929376170341946,-5.16088173678347,-9.645259857538393,-11.701691172386125,-12.291103069243164,-13.012720457596975,-13.48334642853697,-9.233664576915649,-9.679389962989099,-6.847219873027727,-8.81686215692149,-5.025900661176069,-7.494255672918397,-6.6385938367912125,-8.019571851960619,-4.66099793771317,-6.790341362963577,-6.531579168080881,-8.748870142400293,-5.936870522472435,-9.51147425865696
-6.349934715643777,-7.225155962327596,-5.023534682778163,-6.047527400934064,-8.54470584971357,-8.201231559901096,-13.106563908556572,-12.60009296072818,-11.491037355247368,-13.77961024288425,-9.89240007113979,-8.299612576001165,-14.335981840001395,-7.468481803682943,-6.172466926403296,-12.998355780176272,-12.724322210111964,-6.8810176266163685,-6.653998894795202,-10.401920445640755,-10.55814693088012,-8.979541536799026
-5.9904102162856185,-4.857173861808618,-5.567783107101034,-6.4521181518312805,-7.250077341319367,-6.981900071524072,-11.619864079541436,-10.617948393082319,-7.272424834989805,-8.199402487589605,-10.074765222870537,-5.6075310324326795,-8.747869214963362,-12.28150142128096,-5.053357448268757,-13.289843207811133,-10.115371174250958,-3.3802865640684003,-15.567044706496503,-17.82261482772982,-5.347087429755949,-8.996980721106988
-5.255237220370833,-6.514606620355888,-6.068310226827029,-6.989623176250057,-6.271904893739303,-15.387018191579019,-13.202386287945373,-11.556686123796048,-12.469690242720427,-9.135769185236976,-14.573679387528777,-14.720836663660199,-6.99701279657765,-6.828914338026961,-6.030130641956576,-5.420087986501229,-13.798040558400984,-7.9628441453231495,-13.389230146895528,-7.398395521104463,-13.620764412950907,-4.470950866695112
-5.439322557514304,-6.462401567500573,-3.144932542323307,-6.352440838294852,-4.784121817356483,-7.618537690066169,-14.128496761900024,-8.811573742036646,-9.102739451697479,-10.787943636085224,-12.001824878860399,-8.036299455396186,-7.1763655310066135,-4.361397217857123,-11.01369573488019,-7.590030237491203,-6.533616540564321,-10.741459309174646,-6.2906982788510595,-11.150812312851793,-7.805016566362809,-7.794005384625839
-6.079149752514726,-6.874805103000383,-3.5104242317890972,-5.232667380206106,-12.869636527722504,-8.448395473963213,-9.354724358451028,-13.60722314270126,-13.290949643590102,-9.78554001837341,-8.168365834603028,-6.201441495807741,-6.768162563088134,-2.6566709712798127,-12.0004202724396,-11.332305889124902,-6.60264599451884,-14.725902672691568,-7.065586607352988,-16.233501063568095,-6.672477816311802,-10.16247323563169
-5.286836968554873,-7.510701189820767,-4.273685462451877,-6.312322943287058,-7.026993030261471,-7.509319850814129,-13.314984025415566,-12.032876205355144,-12.073260568797041,-12.496481095006873,-12.618003781358787,-12.886291803399201,-14.432840504537447,-12.472787988146164,-5.889288560075135,-5.851096576530893,-7.3918518492228245,-5.982003689844602,-10.467792376764118,-6.621600189597645,-9.44404343556761,-6.343215074205842
-7.335970964560422,-7.466571466994235,-5.949763636193618,-4.087986410941263,-7.916807277652447,-9.50177876212793,-13.03683263943168,-12.00253102919111,-10.407570665066919,-8.645183139148465,-8.307607596591994,-9.110082894311633,-8.319995298229177,-10.859294842964427,-5.939533333333171,-8.447121897971202,-8.958025055410053,-6.393513418589911,-12.868930268755737,-7.693138576945684,-17.404437796619497,-8.241281500599053
-5.360865201369542,-6.911746471259583,-6.508915983313497,-7.876618929893856,-5.7248972378734235,-12.174300735846895,-9.661064500648104,-11.50575570389299,-10.388885059548297,-12.812371458900657,-9.133658955648375,-10.169352567415977,-8.879750595117407,-8.401850528110595,-5.7143407757779,-7.199669363403501,-11.718245768429405,-7.186552475533301,-6.422377959992375,-13.09818870385745,-7.229772629225604,-9.167183162960933
-5.936193975682623,-7.053959213213109,-6.095827884812744,-6.156439517580235,-9.610761483703152,-13.450406399401839,-14.232886554309484,-9.021485090299048,-11.588608667848764,-8.374982403406994,-7.060167923588789,-6.845128787137474,-7.248238685793838,-12.156920398924651,-5.2410653553875495,-9.646765245966105,-6.629661598141897,-5.029517153732851,-7.065456424450842,-7.640013174362754,-10.198330367228998,-5.272539658504896
