script/wind10m.json
{"header": {"parameterCategory": 2, "parameterNumber": 2, "lo1": 3.000054539987559, "la1": 64.9999836372058, "dx": 0.5, "dy": 0.25, "nx": 34, "ny": 52, "refTime": "2025-02-18T11:00:00.000Z"}, "data":
[rows 0 to 23 of 52, columns 0 to 33 of 34]
5.963196396154494,5.186090452071541,5.093536158567305,5.28168771731868,4.915960622750435,3.993996306148414,3.6794111917733914,3.6495257845714613,3.120905921040143,2.2245597457890343,2.0374440169101593,2.0586168972933274,2.278519804021317,2.7540543857606075,1.26177880019836,1.3370417446560698,2.21215349982675,0.5527899825765574,0.3405829554971851,-1.1639627538866744,1.4461797691592473,1.571360304330177,3.3849547889874643,1.0023822247457164,4.364045960370402,3.2748103573823717,1.7966431350574874,1.898985889969416,1.8552925096296378,2.29087881783262,2.1773151785277656,1.4839713604312676,1.6180494277661357,1.6985233342746417
4.8448211995067005,4.579211788761206,4.446018449714589,4.372172065170379,4.676763371173961,3.760163428259016,4.32467365096487,3.4494713298145685,3.747434284447598,2.773318613153622,1.824964113864508,2.3043287954804126,2.727887430500356,2.5521739749560406,3.0111513614586842,2.133966803012119,0.340987411525844,0.4060640349250326,-0.45367558806939656,2.984362230028706,-0.11507366383056174,1.6168135029579822,0.548639428443325,4.646159332467147,2.0687738714068837,2.2773911234080932,2.1599758837172143,2.1535464638790973,1.327390696486035,2.6790337604322167,1.9139960014248028,1.734008480222112,1.9856956905205663,1.9476280640103234
3.527685527810619,3.610868702070711,3.8379938559301885,4.251953690752045,4.586208008236776,4.091761997750209,3.6079393541516716,3.4692290055330948,3.075123220609743,3.3145938332902896,2.9525716575284413,2.9241851858182515,2.2856372797799094,2.7526535403176244,2.597674703374828,2.1344907861569333,1.0698458245772933,0.2243258453995713,0.4032429040908051,0.44863264680061027,2.307403617024,1.8941285820461073,2.145269472219822,4.007441735766066,1.7246848477276042,0.8344064430132844,0.9710769096484072,1.7654010599033896,1.8992601384311407,1.1166475245842207,1.5326901982422363,1.5037940787346105,2.4426875040631812,1.0292313699914528
1.1519862528810128,1.5559010990911497,2.2450863441186457,3.2655425829389197,3.566897653081061,2.9825126943608304,3.3167790615576247,3.422263881067657,2.6399179604557332,3.058182357897077,3.1348851043182377,2.671889144539803,3.375567460371343,2.790832999491297,3.31921013832432,2.1382591939671043,1.3628250790881864,0.6371617434147834,1.7152148677366679,0.3424630125897973,1.4862669480596549,3.6160962858695895,1.3696410406527169,2.721053451943197,1.4726361467073303,1.312974918899633,2.7395569416228684,1.6962443005026362,1.0619007755711134,0.9107051996585492,0.8951247975768981,1.1255268154670683,1.6200339731442222,1.5282929482632375
-0.07988918453899271,0.1989669131137392,1.1048073117940627,1.723352893154409,1.6719190037343978,2.3656350773371013,2.7450279186682045,2.157055998828057,2.4107485093898013,3.0739526752714044,2.5604094453779203,3.393286098049661,3.3515038971421234,4.10353463015499,2.400524121765639,1.481497572599646,2.313448484458584,0.9999347390007846,2.0152718852119462,3.8970284971192832,1.1585647304761189,4.679395887449761,1.0238498836294303,2.2782553251532565,1.7085395432533677,0.24780186022620887,1.0389557717630344,0.6108059599554002,1.8843541964038355,2.0772723702208435,1.3547553134794457,1.2286894456734252,1.458542006013556,1.591901118734697
0.40845966145316853,-0.7553332463120406,0.26407735798304516,0.7482886343759116,1.0921491390756035,2.1243364472516433,1.8355806447730787,2.625587913690353,3.11179529107586,2.99381226932181,3.4486141805492543,3.487266961781566,2.1272436327293214,6.909034557424437,2.488703525151876,1.3154754853956168,1.3893296615190274,2.342532783797122,3.7800267155411613,2.856322115199602,1.2870658536145172,3.0072391866617876,1.0670275431954916,1.981669069846293,1.5994529124434107,0.786391935250534,0.8924502410310448,1.0353557977489884,0.6995339521000805,1.1458016637116433,0.821734692610049,0.6001079168738546,1.1344649931664776,1.0112033769891438
2.31177697497198,-0.826866806794081,0.42098450987035924,0.7071800667693763,1.1777200272519932,1.8249205055385185,2.3573978462778094,2.9584990049162285,4.296763351568997,3.0609965668126673,5.441277156624644,3.6421842146800505,4.290302806808755,2.995219417042444,2.988006988656069,6.477344414677628,0.9480148117831312,1.6498421806257235,4.053736986779393,3.87523252724583,2.656211050534381,2.1875821262290858,1.7316046399331964,0.9959786987899143,1.9494227442902894,1.1835372730893634,1.0304212933598718,0.9784464279056028,0.749068942554253,1.8636813033466686,2.187978136709149,0.24156103723207104,0.9239483455622312,1.7806489668339998
2.3436193611425273,0.9461252762973363,1.0098937327289113,0.8101772478760462,1.1966189974368817,2.316299185372541,1.054445356468457,1.8260590154788272,4.542026862993407,6.330643250885974,3.425781801511006,-1.3644245598537772,0.6512857744732885,5.100550973866485,2.0692368153170344,1.7854370738796244,3.3910121103009447,1.38613050813853,3.7810720756758114,2.8727858200232665,3.264884943299434,2.272665991538501,2.4194530713412368,1.7965004462690715,1.2433552474498692,1.1307297627612927,0.9102890754153473,0.795330614333509,1.1890386274441833,1.0511835084491237,1.4460098492311688,1.0655254517862713,1.382613312648125,2.1120478903853277
2.6993008567622354,3.028109817320785,3.521589373959952,3.4073651757115235,3.318237820383241,2.1377896750338454,3.5095087378649414,2.6131317313796627,2.0283512595733595,1.4927382228602133,-0.49131020800992403,0.46630565807342905,2.2938123504789787,2.4564026237109484,3.3430428512690322,1.4374072471458035,5.976974082429776,5.8333201492318585,0.22975950893225836,2.890589828170114,4.532954057374878,3.466639761223844,1.9258158550660454,1.5145630937773746,1.5744795314370699,1.5373066851265884,1.5422367778741037,1.7593847065086075,0.681097676212763,2.28218752566018,1.466498300501964,1.7932878734776863,3.9633016854935765,2.066834406727098
1.7525522160441498,2.6659317076845834,3.753998831880595,2.2838835560147923,1.2938130765094666,3.855160507809053,5.362056265208739,0.531597255202846,-0.4886398678087023,1.1085490420316386,-0.6420263770243176,-0.1771646074301905,2.881652524019789,2.923145071649858,0.6601771641855063,5.236337789418222,4.06062713820664,4.353347349966156,3.6185304882133176,2.0200729798989294,2.627438989907784,1.8327551913686733,2.3607634589955397,1.2570379383038797,1.6787999897391517,1.6000244927302867,1.3284156009333672,1.6389832018540629,1.2950078054971939,1.657851718800051,1.9858589720562934,3.8466983776021695,2.1797083030941193,1.5931935375448982
1.0504458793906826,1.7013966838119516,2.834653630155399,3.4626188714656503,5.118795221173142,4.8836789681674775,1.0968726178089998,-1.5658358799793546,2.0197500138144524,-0.5609515447330686,3.5605518138962946,-0.6060990618781363,0.7119410200158923,3.8666479385692454,4.869075745382119,3.6897218520883643,2.4208203808749866,3.0587393910318688,4.401183451901164,1.0386696066416665,2.0263917003074714,2.1217373729994384,3.0784654184464952,1.1537104336125492,1.4566200542257146,1.2997728872255396,2.1195210190562475,1.6156625598058203,1.816958124577728,1.6532109968012891,3.2653076494015076,4.186607519325903,1.9349208614132922,0.853645562061328
0.15924786497506158,1.0537444795034066,1.7355450092466451,3.7591118857939216,3.255843232214985,-0.9005798788183701,-0.7855648125594655,-0.6299925571334989,0.29995160488828204,-1.155124019371084,0.7736420892057906,2.1445252096737213,0.8659329950529567,1.6128229435740031,3.0572623611403458,1.7244727053600706,1.2255889650605114,4.037593417784908,1.9879189628728753,4.118076637397585,2.1104635080610787,2.376854218719682,1.327888024330006,1.4091661070098256,1.2733912434647825,1.5804656045395653,1.7755100688969063,1.6372127864784318,1.7008645730212653,2.4866870546995585,4.085276901224456,2.7831014761187203,1.8899898820709642,1.1829647576984208
-0.2293331143881463,0.28210053459077344,0.5079340137482627,1.1425494874659023,-0.1789612297707485,-0.07685328802132785,-0.47376583712912923,0.22453367694761836,-0.12312282478622187,1.2662213344113238,1.3478761569635864,0.3487835618458652,2.352738271776525,1.6254787527644625,-0.9703210720429127,4.090325690248736,1.9984005295697342,3.4829553084261096,2.643753103780859,2.5104958240714272,2.3599346268098946,1.4421043798417683,1.7493225154772436,2.060139840633726,1.3460580394580508,1.5797327593531774,1.6040681159518266,1.5496431092410003,2.138673156279874,3.452246555468355,4.311217915830629,2.0616763838121868,1.334655824433921,1.2193807708797042
-1.5229238418717137,-1.0544671497722935,-1.464438234069582,-1.404295403920296,0.12552328232580098,-0.7904845464203776,-0.17885131268985463,-0.6318599765672908,-0.8080627183447897,-1.1640596171529842,-2.57806631947648,1.0899190616282797,1.6462745926698965,0.5856995621221015,-0.3318399905424936,1.3834165115164787,1.6273126174729733,3.777916369588178,2.1772675359954112,2.625396456215279,1.7987790876722427,2.146672974013459,1.597442162367237,1.4748126737883505,1.4260653270927102,1.0343477306398012,1.9444174912783605,1.6907290232934313,2.228668034121903,3.8600055444431844,3.229661021185135,2.091931469055737,1.7300420139898562,1.3550861278516446
-2.434835070822071,-2.92942780934062,-2.7003956555883333,-1.9352101893771183,-2.643013802467321,-1.3283606394262708,-0.13892289408539754,-0.379667742889465,-1.131831091501936,0.143531614918893,0.6714003190684736,-0.7994244523536379,1.7250277431534284,1.004204327632811,2.176258350028219,1.213557720490416,0.16020264029684758,2.2689583623261678,0.9202645199709681,1.4903495694342654,1.4756346476233164,1.476840411739557,1.0240106798053985,1.422445277305388,0.8198846458891346,1.1299994262116604,1.1302526059930846,1.9873637404573015,1.6747289945819455,3.4518106288395187,2.522920824649117,1.9458694574303688,1.4684657970146666,1.1558253057522623
-3.6144100673887243,-3.611353371424324,-2.808956654919525,-2.4977225355429797,-0.7030722156583583,-1.2953589457378452,-2.399898773520083,-0.7930155760115472,-0.2656374375775319,0.4487359971240081,1.258377874386706,1.479371267952018,-0.10261428005906875,1.4976293744592464,1.93824881931123,0.296638334006904,1.1294789805670706,1.62380018006873,1.6160977542744486,1.4330710201892196,1.3579631980244158,2.1346178572339225,0.8598853187672719,0.5336362976802345,0.2758703748111976,1.2791158573891528,1.886253228316167,2.0323033613328727,1.5730849290193978,4.358192367830299,2.3623533865852013,2.3918427606553974,1.2902157316134863,1.0155921651422046
-4.052118266513289,-3.994182338896389,-3.344843183420926,-2.6349178476857085,0.510166321760649,0.538522207105114,-2.1037047619290674,0.7691376185673068,0.11181404179195507,-0.8170990819059685,1.2379028510983734,0.33493506542607204,0.09275930138451255,0.025162646031268478,-0.13243551662912825,1.882517470038769,0.44477721804844,-0.08514521408237603,1.2404679917031973,0.23273676550144867,2.021928114587761,2.233770473238167,1.4033875495700907,2.6144036606777794,1.4780643293941709,1.020445689900034,1.4832894001420218,1.744107564677765,2.277241603249088,4.486521669150955,3.064749654959199,2.286150035558217,1.8961916376960017,2.2958164544241857
-3.662305686259431,-3.4514357151764377,-2.6638012053632805,-2.9012864435795427,-1.1254373167047573,-0.16747152243092395,-2.019505039915289,0.11349694431934094,-1.8779584738812964,1.7058155646967736,2.6489944474834948,1.046451380086176,-0.5961726900987069,0.5477808791881497,1.4032335072679114,2.0516869732269614,3.324677321912931,1.502227899780341,1.9264428529311217,1.1404844790386564,1.1552809264250503,1.0391097448082252,1.0006761362668166,1.405385647614129,1.4585707805082107,1.322560837824001,1.597784347455912,1.6587594686751523,1.5533079318825822,5.381046250346545,3.120828158949562,2.483778523020643,2.761064623900579,2.697191205862175
-4.077965023034157,-3.481604348480819,-2.298689296750985,-3.209965580353218,-1.4488870585664657,0.5595243978552378,0.09898893250231373,-0.01107388531973211,-0.16150631213364403,2.0277473804587065,0.07656643202390148,-0.4346829157440294,1.2286292026947785,-0.08237057234968594,0.7984310716091861,0.4318260001797029,1.6449008737572404,0.8897609023716353,0.42717015008654574,1.487308730952636,1.533272050993874,2.128828249518093,1.3399673797325076,1.273470059535183,0.8529816682664,2.0270424896932395,1.5145582658475225,1.617885630327113,1.4810870005027414,1.4281356713859996,2.3952982578364197,3.8272361737551277,3.647879796984289,4.0213611921666335
-4.67657598426738,-2.8905980752786955,-2.2626651101222897,-1.9547400288190826,-1.0337867956537468,-1.5278463792941601,0.7808541122135215,0.06735640099149874,1.4371360872895398,1.8160085223092262,1.6065891934217331,1.404993788298152,0.6157162540548166,-0.1647631733047636,-0.3518239420510248,0.9676347195383832,1.40123210134647,-0.40401388324464393,-0.8778889191986502,1.115068971141667,-0.21695527508233992,1.5845780594717587,1.6119911914303076,1.4866301346115744,1.04608978541033,1.3884347172102114,1.7852861761739496,1.667925397040304,1.445169430782442,1.5634892089523553,1.4725103508306843,1.9971007220163381,5.521328980851739,2.7685201476773624
1.3439928008207902,-2.62147641179127,-3.0188817124909577,-3.036817319243894,-1.7598926649020192,-0.81682511730562,0.602074666331923,-0.1853865236306553,-0.45121594194775755,0.010448681182023993,0.6262888804102404,3.1099297772020256,-0.2223042374199927,-0.12498251182142642,-0.19421703073578833,0.4321880347948049,-0.1826813659178678,0.6473457377565229,1.469794327735277,1.0370934611951745,1.403004150809587,-0.557323819338237,2.4496802582633483,1.9317518972252579,1.1107135824742744,1.9870814694640238,1.4885764564150534,1.770930959625592,1.4020712689181327,2.327014455936463,1.9539235807808997,1.5727966486574372,5.713836674315733,5.123486717806963
0.6152739105249861,0.025986813800451248,-1.6270820772966696,-3.067271130480452,-2.5917382600855925,-1.582092547476043,-0.533648426976379,-0.39413506446405255,1.8060188947415068,0.3917240858868274,1.3614800184327847,2.0960305314077132,-0.03605555900746294,1.3588736321683872,2.346754303667118,-0.6393399235489242,0.8889674294497062,0.42289518004728827,0.8055403977890366,0.05827717467247874,1.4609413684491803,0.48402221132266965,1.7910517685701377,1.5854268267872165,1.9976926996633342,1.2163934741160973,1.2958090285382546,2.2573934847537847,2.886297617004389,2.4718611086296622,1.8577151262438782,2.104091478918727,1.9089124011786691,6.296076981678588
-0.11207904051545461,0.45377678242644737,0.5423388013415946,-3.0361310438200517,-2.3004992435006155,-0.7709636008258167,-0.3345768255192443,-1.0590310443195081,2.9200945791651893,0.2523596133108674,-1.0807714975584861,0.7449919078696781,0.1516675404419552,0.5101918028972352,0.9814842223956348,0.8345841671821006,0.8286301333151217,0.8857993913693183,0.8827854178804239,1.4722420530293463,1.7361280437934883,1.4737488892611734,1.602369516141573,1.3433084209890116,2.0588433063621108,2.4811898731998308,2.601475533885922,3.1173072322576476,2.6904751892516323,2.8742356021983557,2.4821984078081165,2.802183927700188,5.0101441224390895,5.295905102046287
-0.5189748867199163,-0.2371682386670983,0.12507984729602376,-1.9052401856012193,-2.236996273863755,-2.1062440940345324,-0.0735486473868714,-2.760836584929477,1.682950961580165,0.10452466679624108,-0.15724062623000928,-1.4835565278565344,0.07982816001801143,0.3305330758320991,0.34166524702272855,0.8686685574293166,1.0302229470981346,1.0811743363391946,1.099946657547678,1.773020133417428,1.640715021029401,2.567491147954874,1.5992810349640416,1.002225400871212,2.0998822532564607,2.441357253199101,3.3017560255483533,2.7249324701486906,2.3001309935552112,2.6603029316205045,3.108287881131657,2.4594353297013893,6.025160106549278,6.602106952523589
