script/wind10m.json
{"header": {"parameterCategory": 2, "parameterNumber": 2, "lo1": 3.000054539987559, "la1": 64.9999836372058, "dx": 0.5, "dy": 0.25, "nx": 34, "ny": 52, "refTime": "2026-03-02T17:00:00.000Z"}, "data":
[rows 0 to 23 of 52, columns 0 to 33 of 34]
4.10765167101684,3.617030812058507,4.55168751069886,4.082965201712517,4.534618850621435,4.321351307427337,5.399937292951095,3.9446237993682804,1.76292955451577,-0.5888201311413485,-2.787703746790132,-4.195610373694992,-4.425473915907562,-6.137630386016775,-7.0354858966883,-5.141823418984244,-3.4010717972483877,-4.352005522548983,-2.3682899136490025,-10.123011282733907,-3.2591537555035517,0.2670250955796099,-5.182430865541417,-5.320465443456455,-3.0219783765121067,-0.9398988811749462,-0.8971447783799473,-1.7222954852054688,-0.42873601330368416,-1.7517777357701083,-1.4738745258925816,-1.4665121082483388,-1.3682006003870166,-0.022125447887752964
4.194391883917311,3.82338503615595,4.389638776572254,4.258082340989033,4.575979931934106,4.289847972291641,5.5734516614929275,5.234378611284854,1.9174477392572276,-0.8261763377452943,-3.0749398292344865,-4.681466168236753,-4.841073204918915,-5.491660348541261,-6.264653002598461,-5.1511067680381535,-6.121940462212927,-4.123749982265257,-8.320695924603024,-4.07403098468661,-6.818326484818803,-3.546269665621194,-0.8074594425796836,-6.021954142747711,-0.17661837884943524,-1.4551615470413568,0.0978577107918252,-2.234073911822865,-1.6762490352450068,0.4840240279680029,-0.45191522580160604,-1.3591371708389628,-1.3347208053661541,-0.011800029167333727
4.650727496721324,3.858811531369567,4.649345561390497,4.539775335577203,4.424757108167905,5.278280047925282,6.14480167620506,5.969945559127435,1.8147777277851393,-0.6395879098949335,-3.8315720610759736,-5.193793608669602,-5.3194833556682735,-5.979821557465678,-7.023400132002507,-4.5650557497871675,-2.7960929921109416,-2.7373199655735414,-2.7889679339181908,-3.853833516273606,-5.346331111651669,-1.2134421974847314,-5.0929944231334145,-3.326068422916697,-2.0605927702821205,0.2323378371445786,-2.3073295798737727,-0.858587267732278,-1.1431818410928776,-1.7515795289965106,-0.19593917164683297,-0.8841000978838954,-0.5455485110169286,-0.7777480429041904
5.02329008321775,4.160979328255864,5.342313023834313,4.3429272103278675,4.003520542181586,5.766459581758881,6.654327929287004,6.523888101883717,1.8688675948845168,-1.1088998446715,-4.336421092725975,-6.136865996522863,-6.121955520683417,-6.224019481175611,-5.616467277151918,-2.7109819303404024,-2.896082861475695,-2.6629665100823687,-5.47754207645678,0.02260654175562213,-8.198545136779382,-5.050652150583823,-5.254259844989716,-1.5011398829995015,-1.3737446489366043,-2.3552439188011802,-1.455258753920111,-1.6844739938413675,-2.032160922988087,-1.437438414659978,-0.8754204635375631,0.07584350214463209,-0.022302782078439633,-1.816402989998879
5.126540488527387,5.534705335527737,4.8412622217659,4.063787883533434,4.062237016720861,6.729301865378922,7.22016711415134,6.967030044996157,1.0512111888687035,-2.0537489694401363,-4.844517644641617,-6.579153039566657,-7.133501672760581,-6.4102708932746095,-6.17200261429561,-5.074336323237648,-0.9984788654337149,-2.159840819942916,-1.9433880149798748,-3.309065573630395,-6.44415565759219,-3.2125716585435318,-2.1254896177376357,-2.057011496247526,-0.7898420032631458,-2.5652998273429115,-2.5532218049563222,-2.295412868626175,-1.322284203891467,-0.9440595587940527,-1.2883727634504973,-1.4791542400724746,0.9610877781102961,0.3137109044750369
5.762317850599623,5.5700830575777065,4.600049618519816,3.7131102129989015,4.745507048028839,6.894560127778256,7.542456731164981,6.322738249237131,0.2724690633154023,-2.4024936830601513,-3.4316425250432014,-4.877927474016648,-7.064408516515982,-8.838690428260982,-1.4077902886025562,-1.5352405159978117,0.31504864887794704,-1.9921295395826564,-1.3947686584066952,-5.912292823090039,-2.7033657879042923,-4.196214196363058,-0.5365567244882892,-1.182840567789981,-1.6177485540323318,-1.4931773408761915,-1.9040839015885151,-2.0746302229518254,-1.2894556363999958,-1.606052068517035,-0.898150501148329,-1.5339331788533406,-0.8268592058572333,-0.3355404126513399
6.09061437484109,5.407333480164992,4.13716552359749,4.070456769259579,6.67882176350565,7.365885558041387,7.644969443188777,4.45015308353415,0.23833066304209968,-2.391572978615294,-2.1207578415489188,-3.107149229703892,-3.363304336490682,-3.2282282111825418,-3.7098164725211173,-3.0940814490225836,-0.7027851059801627,-2.017665324924208,0.38692031856841946,-2.6859884971919743,-2.431873305906201,-1.638034932424971,-2.270054538932458,-1.7395531755657887,-0.9222105944415319,-1.495585725561173,-0.6062599240922709,-1.5867591602135367,-1.4870184627424812,-0.6830993806627141,-0.8725707783094796,-0.8275584317681403,-0.5309749275060769,-0.5590001484188455
5.893233624970164,5.096148106637824,3.7203504536173866,4.532734759433237,6.275424502939227,7.50916328273007,6.22085015022061,3.1328799892805232,1.633536704504909,-2.657387872503474,-1.6659860917502571,-1.5068389169347058,1.5831333594170265,-2.3371381455714535,-2.1073467237343317,-0.5179508894978322,-1.0083533960641369,0.6347468820607036,3.0163134565115435,1.1288054445756652,-1.0161698756889888,0.078392261139628,-1.9669727735898181,-2.340591710376656,-1.041668788362831,-1.694261848540124,-1.647879312296913,-0.5172358813412054,-1.5124703101984838,0.015852927750189084,-0.41997385914513086,-0.5923159467530439,0.41821129153965525,0.19278285001344408
5.316038921988254,4.2132510738997855,4.759669349309924,5.881265733817826,5.9261299852802205,7.182052153027339,4.101779650546347,2.410094005213467,1.156405966461862,0.6419848416730207,-1.924784873716872,-1.709589800724139,-0.43478129432516577,-6.167103867257737,-2.7547994756292513,-2.2299368638742423,-4.982185320643939,4.167993524588938,0.25507029813217474,-5.943287842937886,1.792342338326939,1.173323149547329,0.6701303854156201,-1.7786612990121493,-1.3876678998685295,-1.523120408320756,-0.604030927568747,-1.0071652994588234,-0.7633818102334581,-1.1500646142211444,-1.0893957191703054,0.07845569750888541,-0.6925376520130488,-0.17657803503341335
4.4740575095003505,4.011551134452158,4.4914492797646925,5.272081639291162,5.729229670186615,5.102123248659038,2.324206154971154,1.7480108566140466,-0.184787573136104,1.3205566303567684,-0.934621940338414,-0.15787566213059423,-3.407419881470729,1.3321418945742407,-3.9629892044951465,-2.0036113303501417,3.007221187175088,-4.431580174461841,-1.9116083224183151,0.010734317002024433,1.5780635966064154,-0.07981116075147411,0.6336231375119362,-0.30466605290153076,-1.1492746660066049,-1.0007343068869767,-0.7802394985907405,-1.2034593777511549,-1.6727227382572696,-1.3475138957001118,0.12892746909461228,-0.16893169873889494,-0.822446387074179,-0.39059243350032036
4.18752999926692,4.021506910364903,4.773493660098019,4.564306489224036,5.420552203552478,3.977954875913864,0.3430355018350509,2.4385586625106743,5.73408089406884,-1.0520294909346657,2.527764652752608,-2.9837799643833804,1.3818186947776627,0.985648195181806,1.6728149998935218,-4.57086074878941,1.7736862974077867,-1.9012336987092,-1.3727699487823513,-0.1335924263057733,0.5801058531172768,-1.192327001916618,3.1233285972546714,-1.5808599264413477,-1.0230755623995915,-0.6432688429431191,-1.394859476203129,-1.6033104363883013,-1.402710304311784,-2.0451950742390763,0.7072059374242559,-0.20779132919204665,-1.1647402244617127,-0.5179379984959678
4.551239299117485,3.642905956573381,4.019588202803695,3.540782346142537,3.999500459822073,0.6721510835292179,-2.708024975657374,-3.7658738853910294,-1.8651403453393058,-2.3141578105721887,-3.443692848560428,0.099118096643312,-4.436815976698791,2.9747942380088217,-0.526708099166339,-0.8141598460541956,-2.263665664789946,1.7136233686601157,0.9391487774040904,0.24395964934640352,1.8982177501319966,1.4372819804292631,-0.5507908436895153,0.7860186407445632,-0.43876610021339074,-1.8633978008902436,-0.9115542402727618,-0.1422767486778601,-0.2806694754248176,-0.43810662595271266,0.28044704096268297,0.002682303968635549,-1.1417816427903713,-0.8341311953252355
4.4334532675881615,3.898982750527082,3.131181761043007,1.8641555604910707,1.8993733417054015,-1.0084889094798142,0.309903743485477,1.3987434271024175,-3.321042621485101,-1.0443411916121543,0.18774685953860265,-5.1069192128602,-0.6200986397877324,-1.2199299485735398,-3.0153147538920906,4.457722409180238,-2.3126985573364345,-1.1003392881696792,-1.4808726686209321,-0.4672113118015108,0.2718027224965176,0.8967932724968484,0.9453670149578933,-0.5771476430093613,-0.2884845321554177,-1.1568429366275106,-1.5636422283671745,-1.5523418834458247,-1.2380308293139444,-0.5488210521624158,0.2605630996975156,0.4774164048850465,-0.6986837928050281,-0.9949041720738216
4.477622678890161,4.174920331264251,2.023465475658168,0.4067959485688953,1.739024415311458,0.33456668083809826,4.604034273293561,1.1540957975702657,-9.279728350553384,0.002460632180862812,-0.24653495323467858,5.518575322145976,-4.10133796963938,-1.8657560143709373,-0.502350282638813,-1.4160483283459193,-0.7339367579173116,-0.9003350385806994,0.38907352052347166,0.6168471993603519,-1.9605091319359083,1.2315326791101968,0.3569887074453591,0.5432968257892435,-0.5403825895736044,1.009972579337405,-0.5916115666299433,0.11978740119630668,-0.8581676269071162,-0.8239296715340709,-0.4787129917224026,0.8244351603767175,-0.1779182924536383,-1.3223646755481167
4.900505127953597,4.766805810561946,1.2618987790569758,-0.041741937739112396,-0.30798699815520925,-1.2899815067615508,-0.9159699181438496,-3.428006961854403,-3.6637335954933747,2.0960621558509276,-1.0701995579244,1.3398172909708155,-0.4248696174942414,1.4900814426927986,-1.561206572459435,1.802060492446167,0.4259856069040204,-1.226083389269122,0.17475707652625577,-1.2873102566645378,-0.495680796367212,-1.3211377941526312,-0.417717687298568,0.21920075163652375,-0.5613085132718079,-0.5492832376308965,-1.1041767516400942,-0.9280284054059155,-0.5958765956082273,-1.4025450211687942,-0.97823903675984,1.1277994871555748,-0.005548052562097939,-1.0894969909934922
5.092867173186456,2.9795105860665996,0.30651409365382093,-0.9032386300856333,-1.151747684948163,-1.0782499757396111,1.0266556058313159,1.0710516406019597,-0.4023828342967598,-1.0478239459904808,-3.8297789258307993,1.6151345703286275,-4.14768617813315,1.7840453425219636,-1.5804653982119312,1.0542524172479535,2.0893710714349716,-1.3874668287814784,-1.3911970344779725,-0.25103722198362527,1.3607548753559027,-0.7349522606713826,-1.241598431918894,0.05990290790970869,-0.4066613707740663,-0.8749108558120092,0.2368753416908126,0.09818441601085329,-0.7731967633879251,-2.407969372835,-1.1093428258226605,1.2353234489568465,0.5616379581437635,-0.26733734635210876
5.409529309284369,1.8238718811621881,-0.22391527936991742,-1.6154839626235353,-1.217221156745678,-0.9998541471711956,-0.5128152591211544,1.6359811351004663,0.6781513530544023,1.4606364328569543,4.805161254591596,6.751747106608419,-0.2665821827146777,0.5635975860590577,0.11528457161549314,-1.5097053403656677,-0.7655356608907056,-0.28999794096352566,-0.7786195012683574,0.4374053573790424,-0.010774953316388213,-0.03814193247931854,-0.30934839986925305,-1.1668338415851187,-0.8982972566563265,-0.5193935685915202,0.5903200816526047,0.65288243468118,-1.0007030428953048,-2.198554934315685,-1.9290683069639494,0.7794185200203851,0.9095753205448515,-0.2564063387676159
5.92665023248983,1.9121396845550047,-0.4933061578727966,-2.140638988709469,-0.9489724952111429,-1.213217590223734,0.8182212106440777,0.4394033938702556,4.691612405120247,2.027679640161865,-3.973224485373326,1.1293579055659895,0.00507765323465316,-0.23751074228186977,-0.6415893646659393,-0.8499794385415843,-4.327122657010577,0.11916710579713914,-0.4054456142729675,-1.3946883139291204,-0.2867143417066937,-0.7070006184704891,-0.06266453789765174,0.4899987316659675,-1.1946882634858695,-0.9831906652664556,-0.780644202419593,-0.037023347323806376,-0.27060268813759863,-2.412793571098318,-1.8651477308373334,-0.2424922303797749,1.516654201245048,1.1085254754943181
4.900984324332424,2.048639314761655,-0.8469260116213937,-2.4981558639966748,-1.6683802373737642,-1.5145983395478637,2.9477382534389953,-1.2703244245953877,-5.131827831086492,5.895999649340137,3.2430135190361367,-2.120021357562768,0.16036602891485927,-1.364319816226905,-2.413360126412866,0.4709811573973778,-0.5831435727878433,-0.6377834355538732,0.39497936728380784,-0.24639316100184813,-0.47528781918257085,0.3668027233056785,0.3877682049694827,-0.27806465249156337,-0.29493022322939877,-0.44800147630970155,-0.45759894938789325,0.09621260365063367,-0.006919204057866336,-0.1278541439329293,-0.7129091900092211,-0.45106885802773855,1.2549180781750089,1.3753695743189238
4.018632045619404,2.3778994598066223,-1.1583270531535799,-2.119206653964201,-1.3878173268574185,-1.6028701971338293,1.418052255402328,4.725228923911375,4.158146196736948,2.5889169250915103,3.51069491598213,2.3999573042015356,-1.764186336031995,5.675428165897685,-0.8478820753442663,-1.1452846013347588,0.34729569369762053,-1.1465903706746807,0.07043578670591859,-0.7380973958806324,0.06709631111735442,-0.35932835454857576,-0.07515436032102911,-0.07919366822261405,-0.8442106103557294,0.025141050240086327,-0.5852546457541316,-0.5368371814845563,-0.4968886529885156,-0.33704429113594697,-0.8261417717484651,-0.6436236980999493,-0.16288982871206803,0.4481490985605109
4.300616612683237,2.001500499688694,-1.3467749936136757,-2.701064645429192,-3.077445458355887,-2.3522928757123296,-3.910230771806362,-0.5657112927142295,3.9175037356477285,2.373586485523892,2.2764763147062905,2.5957713373038547,1.7238103579758288,0.24864993755597134,0.9070962410750669,-0.6982972778122437,-1.0356666968848938,-0.4431531855255718,-0.7886644284411615,-0.8341502881891202,-0.9645911349720045,0.2169896170489361,-0.4292973378845204,-0.23457033466388774,-0.3326215600539557,0.41114908405159,0.45223917461238644,0.09635708585793681,-0.19032204874703268,0.8872907848404105,-0.3200659537293524,0.08847174003416748,0.4477094668199676,0.1230494429562658
3.678300283604219,2.2061701778311673,-1.0615534033689384,-3.3769727714820896,-4.166357992945578,-1.7512504660429757,-2.2352235336423028,-0.1232603213312275,-0.06463233796102913,-1.438190174028626,0.7073259348802667,2.803188291215482,-0.10929517587906729,0.13022717184667462,-4.108335175996261,0.3553876143427411,-0.7562244576650492,-0.7093608034849034,-0.790540322652511,-0.7603796646258272,-0.6668588631218659,-1.3555712346911977,-0.32678659913251495,-0.7459835972419793,-0.7823767585502802,0.13706777467779527,-0.23758677304456755,0.283728657214145,0.1392759040832192,0.3824482310268256,0.05968966697054569,0.20739797199753687,-0.5173000238357942,-0.09261522296954319
3.061310768916181,2.463985313231818,-1.0786498598453451,-3.6678989732957192,-4.4570797146876355,-2.3914034056411815,-1.8240664338760058,1.328434539172999,5.052375215459117,4.429991111154087,-0.5606111745229352,-1.317922749022521,1.243411621801376,0.17320361331757644,0.10055491462769917,-2.2468273902629,-0.14499528513871665,-0.5929343585861002,-0.6673390124850891,-1.1289402526222696,-0.9972011490948034,-1.1859720309205584,-1.0356481486086182,-0.8245636885919582,-1.0318297154969684,-1.0081947471163426,-1.0504437695502062,-0.7480410500254738,0.13443455852767294,-0.748332614878004,0.7066031770295627,0.8831747894155161,-0.9808882007999267,0.5402631314133702
3.3644811374094536,2.9735213405828755,-0.07446066592016153,-3.366461288336706,-4.67346442939153,-2.487032753702718,-0.1438608714339592,-4.41825891636486,1.1671169444453304,-2.9350510395745983,1.372636043018315,0.36376753302934517,-0.237870408007167,-0.38005105178651855,-0.27339778541893134,-0.6972040200528868,-0.22792745764704567,-0.40963688272508514,-1.0827105853182242,-1.2477881535426532,-0.6479064371815221,-1.8144467040077652,-1.8890898634032125,-0.6894941601876236,0.004748902444895843,-0.851848536771356,-1.6460776675590711,-0.4661174324773742,0.2507488661514535,-0.19994467675376434,0.2995253456824866,1.4326369268802897,2.9045939095487863,0.12654456913607076
