script/wind50m.json
[{"header": {"parameterCategory": 2, "parameterNumber": 2, "lo1": 6.000198445256149, "la1": 58.999992894266676, "dx": 0.5, "dy": 0.25, "nx": 22, "ny": 24, "refTime": "2024-01-31T21:00:00.000Z"}, "data": [4.248132127111994, 6.464132375170992, 8.022048021219542, 8.97754355803319, 9.702944373792965, 10.550944829518023, 11.017566639220648, 14.645362924355773, 17.63547677518772, 10.563345067531944, 12.726467810219969, 15.086287311369563, 6.957090851216405, 16.040091790835987, 8.37261377076667, 14.097946876790552, 15.322977950691225, 17.443396995406676, 18.10607909543767, 18.91498064641585, 16.505367651059768, 11.182618504506411, 3.8790348754417514, 4.5562653187835975, 4.912643660811986, 10.047206824750043, 10.2361081026346, 11.245559906311053, 12.242920555976772, 11.596979768859233, 12.973861350051672, 9.635763997812296, 18.45010074657393, 11.163983298395726, 8.90894920547951, 12.27042708944802, 7.95137168315937, 15.690568240761442, 18.66242913638177, 16.54778831053036, 7.955553992849768, 10.967670995658036, 7.777196363251679, 20.819979096991123, 3.1797286153835684, 5.843479928674411, 4.984714493972403, 9.556600487908973, 11.091506345055086, 12.663561664775237, 17.034472643823708, 14.209264196802886, 18.208801332482526, 19.33621523708555, 13.02279398873631, 9.672903606129378, 17.103018153113517, 15.30260961203587, 8.277712683931572, 9.908927391423688, 17.866455124160513, 8.40098804011032, 8.721705027371268, 16.20536484605505, 19.347706105274806, 12.993319577930672, 3.041272249251553, 6.230744997752251, 6.444914737660333, 10.244147447613537, 11.003701973901263, 10.985677712775866, 10.823939836210469, 11.071854190331692, 10.534333109954686, 15.090935582560526, 15.693903638188289, 17.42052500706924, 15.124724322094542, 11.254843399792946, 15.02468082522841, 9.779330345194113, 15.461447677870652, 8.440091085416979, 14.141235368214103, 18.965140228100346, 19.189585804941284, 8.223285756809265, 4.039348072084897, 4.658597475640513, 6.229006857807321, 4.710708570181595, 9.618416554848368, 10.331255049250153, 14.277780907874588, 17.891508786830105, 18.709254150344055, 17.42024780003282, 18.75734545225438, 14.59630487906808, 13.003224651378247, 10.68550243810486, 15.43246708779745, 8.897250043419257, 14.494314368367489, 7.904980705595345, 18.85704013061546, 8.691366736303243, 10.330080433858486, 20.487736439521903, 4.846892340064449, 9.992874203706318, 5.80547810325042, 8.235526793809557, 7.186616961355964, 10.768715513138893, 17.036800601051194, 14.577979467229618, 11.27670305054507, 8.134384332916722, 10.954564608991433, 8.684219092625662, 8.162854620570268, 21.000405735014233, 15.284589183738516, 7.963618982023825, 9.463639074904231, 16.026222946014737, 9.169127598552034, 10.652030272024373, 14.850694588452177, 11.622248876776254, 3.899913568722042, 6.797941749923884, 5.7601028017359415, 8.459144198044573, 9.749621834806812, 11.886732209073951, 11.080304072679928, 11.330015092799774, 18.483911547644674, 18.713611691047646, 17.66870769756709, 19.458303315612643, 19.821505816174668, 14.08439201652512, 15.34304821321292, 11.60553238143828, 8.765017983234973, 16.51454492035357, 9.67384925984901, 19.54277568826227, 9.211735612498185, 10.995278295564777, 4.562600342133473, 6.6164987499517895, 6.7160514152292725, 7.092567502733649, 9.614383361006155, 10.491198777344444, 13.959183697291428, 17.80635476645179, 12.061930042931191, 11.887815544744765, 13.117954459155007, 14.135543551913141, 17.692297297558884, 14.451505477486837, 14.975340821845043, 9.706873421304543, 7.93875566164614, 17.358328788184906, 15.793767979609276, 8.78910487931142, 10.467574684391192, 11.588770753329038, 4.392040095292022, 5.403409132222117, 7.535447252614942, 7.689421015827136, 6.374384615479738, 10.657682999807902, 17.16946614154749, 12.870923388457324, 18.45477841594272, 16.28448231940944, 13.573714666496477, 10.598939489343937, 13.664153339080496, 12.96676224809725, 14.917109651789596, 9.816987315214563, 8.699365319523306, 17.238543534119668, 24.470110271688817, 9.710445528178491, 18.772089137138476, 11.850798813331878, 3.217160028510784, 8.816678700918077, 9.192937369126588, 9.810752666115668, 10.752967737784571, 11.120868945287793, 10.837491904978647, 12.481185232987517, 13.838799459237645, 12.58012403651414, 18.712103109521394, 9.044348450727787, 7.9529715351298815, 15.472560860368624, 9.44646019783275, 9.07276834620436, 9.197122208980607, 7.858310757281469, 17.44441314883655, 20.7389859739179, 7.35728514706305, 11.586910927453852, 4.5797926942680345, 9.786785001156943, 10.19093232094874, 8.992665668628606, 8.75463065664607, 12.681373873712996, 12.263769788284835, 13.865714157932794, 18.455239620370115, 14.996020095204752, 11.546466568845036, 19.375210519625885, 10.434824902063523, 10.84630191308383, 10.3291245364564, 7.215886800660146, 11.730602069213251, 9.131374533498867, 8.95787510431163, 18.65317992103309, 20.729914057826154, 20.464093286387456, 5.452863168440363, 8.82020627490927, 9.256493018221322, 9.73192433241188, 9.552966077062383, 9.141027068975138, 16.47739233098087, 14.566404971360996, 14.082282684417898, 10.270888411840803, 15.457377450971874, 10.817375226512855, 19.727220133123566, 11.306166670677813, 10.619335865050282, 13.43748851824076, 16.46589953108545, 7.791697511776348, 11.992146429021767, 9.529071561705537, 8.639207702883846, 11.923185827374041, 5.481954121733547, 5.115058363132656, 10.026023686322144, 9.399464102820337, 11.304530576528231, 10.75895232062393, 11.359114932734553, 16.407150949428544, 14.21855428034352, 16.35895391128701, 18.885009969660427, 9.057425140107398, 16.143516878662957, 20.933702250952308, 9.462676855435676, 15.700943534027594, 15.140139746321543, 17.049535729587735, 20.64290379475842, 20.648233755821916, 10.05109645453503, 19.704133894627837, 5.33947980569084, 4.491071532690755, 9.00447179459815, 10.251079708874945, 11.33513366873079, 13.22991895158171, 10.548901363639756, 9.865381486391987, 14.468615604719801, 17.522232065932794, 11.48417330255926, 19.220794840101863, 7.9929225688559535, 21.095133572317156, 8.90104677124289, 8.672796831500756, 16.980998764885, 17.552795931195647, 17.614113278918435, 18.98094271231731, 17.174616012271354, 12.6457691297562, 3.670108739601052, 3.9740867015603905, 9.108893947232737, 8.441271082319616, 11.231437971868152, 12.726204481029635, 16.17332914721901, 18.09035137071934, 13.916529808197696, 8.449032605301088, 14.828058874361588, 14.621247757133307, 8.676932555954473, 16.50505787848761, 9.039753720533508, 8.663153278775107, 19.563155852844762, 10.112631251059053, 8.049365642967501, 8.926517287227263, 7.906718869734432, 10.058016590826789, 3.563569471513598, 4.406103582073917, 8.974364388794456, 7.463846747932567, 9.24075744623686, 7.7983814569530026, 10.448863870995782, 12.926288411568454, 15.805445548185773, 18.675596040053424, 15.475670100590017, 10.817439157759344, 20.059933447530334, 13.697375256691359, 8.289141980326338, 15.211593995360015, 14.45894176216864, 8.821898629705213, 8.95127512989166, 20.555951617283707, 19.259715148594555, 14.888368008097729, 4.1397136467756415, 9.66690094334646, 9.363919063108112, 6.916180558782321, 9.446698603151425, 10.071212282406426, 12.217665378521252, 14.024924267439067, 12.548247594086764, 10.121016652836717, 11.870160284816782, 8.971327767951557, 15.486257831059342, 14.77576436757009, 9.437458850958665, 15.799523623929357, 11.213885819323302, 8.453796760945757, 17.4472196352387, 18.183700796527056, 8.099496520979093, 11.024380844849652, 5.204451749119244, 9.995515093948988, 9.202760842617684, 9.9378664074466, 10.223203278507887, 12.700212934456815, 15.290869638333032, 12.386192897026941, 16.528431004412276, 16.94217724027698, 18.862122253738846, 19.198504815545483, 13.827710075248698, 15.480293545915863, 7.382158991969806, 16.027145686070593, 15.232625731860042, 10.245247477975854, 16.39963582378025, 10.912824908533917, 18.248117684473527, 13.566136617772496, 5.463076139647405, 9.183106215937554, 4.7358060190742854, 8.995227409565024, 6.1590898663289275, 9.701630811338338, 10.669831337812687, 11.911215946631827, 14.442068827331179, 17.022202735118142, 14.928435887245715, 11.543211112057582, 10.606647511340858, 8.070361951701328, 21.02917194594645, 16.402926176884954, 9.848545483242159, 21.62767302030011, 8.443002984355372, 17.723252471481004, 15.214236400183488, 10.868263833842423, 3.2442458630916837, 9.211725851141944, 5.115569378756918, 10.033175229127714, 10.556132947208546, 10.502985423112198, 11.745006614602366, 18.12285880616415, 15.413579919997256, 9.766161707465896, 11.148920745551848, 8.665203691622647, 7.043353228154874, 10.575066582956397, 23.671020586445056, 16.2328460668209, 8.732402537427879, 16.796469050512094, 8.399594757470627, 18.81097249824779, 6.829461680361761, 17.86766912547981, 5.055616969053961, 8.410638339147194, 6.173507106845547, 9.780681187518011, 8.476396929402389, 11.000477773608432, 16.238449142611746, 13.10101658961785, 18.05373460492671, 18.65959747591311, 18.77190923394024, 19.596646155878, 19.81341865954989, 20.57414082606178, 15.387297172597583, 15.595869055824506, 8.618979061654489, 7.792204336648698, 20.587180053946398, 8.520551848791557, 16.941527924417883, 8.218378984922518, 3.273391041875172, 4.987660493388708, 6.03326687133861, 9.422114262798821, 10.30653833224764, 12.293678692191738, 10.2408229965223, 15.717298517744801, 13.265697020116624, 10.26059683412895, 13.240897000776151, 16.148372039124855, 16.14280650988444, 20.818401656173613, 15.696632269964471, 18.32121650247244, 16.38578587203794, 8.974774750112694, 14.76558220362512, 9.06143815663165, 19.155690480803074, 15.317156377726212, 5.2908461081861695, 4.159519312406065, 6.20316413465754, 7.908644125950113, 11.744190112173769, 10.058343351712692, 10.898937386416469, 12.26232538698727, 13.6566752453656, 18.680245762485786, 10.68021510881357, 12.47661945037728, 15.053749386524675, 14.000479752846788, 15.262099171904156, 19.141655470648118, 13.829318791137103, 9.367061084950999, 8.14651380878951, 18.278191434433538, 8.782368608665966, 12.574725759886988, 2.7490454788827394, 4.067585688204304, 9.63186261138925, 7.648084522094647, 8.560410555759699, 11.053121583805511, 13.796772531919755, 11.108161769771002, 14.700808595178177, 10.11965264231519, 17.827649934713907, 9.21572457525143, 9.206229949299598, 14.875132634504965, 14.69448910210138, 23.000963748084345, 16.81005286745644, 16.53856054643411, 8.703765299159592, 10.441103586633073, 18.49849345725287, 11.82444917234181]}, {"header": {"parameterCategory": 2, "parameterNumber": 3, "lo1": 6.000198445256149, "la1": 58.999992894266676, "dx": 0.5, "dy": 0.25, "nx": 22, "ny": 24, "refTime": "2024-01-31T21:00:00.000Z"}, "data": [3.8486606388995903, 6.441616510187634, 4.71588137388917, 6.5317780075290965, 7.982538617701973, 7.3103465073497755, 11.26837942141163, 9.65601029555091, 9.73156269038619, 9.30088084109231, 7.444204345941912, 7.697935449003152, 6.300927572246445, 6.884581739234614, 6.69501530185854, 12.32206489210752, 13.06946726308049, 9.073173537241415, -6.333126345122887, -7.47543160054137, -0.3175859629251541, -2.24070928710812, 4.224455662984509, 6.603796497489697, 6.477272690063109, 7.795686963187999, 8.084891767439343, 11.693172009218307, 9.397504868097068, 10.331371128605198, 12.064592445566982, 8.442674289153663, 8.394984901912418, 9.979956089652203, 7.545089261529088, 8.13550727821164, 5.958036699863313, 12.912609972171396, -2.0907957933391472, -4.828844031280423, 8.700921054193312, 9.760899766876824, 8.678047476154447, 11.995931174149218, 4.4890447570952245, 6.951022590512154, 6.584674833745423, 7.8791611975582025, 8.88830595901044, 10.547776761320272, 11.99454691379456, 9.835654585129177, 9.769369376393257, 8.804040904063898, 10.178086078442892, 6.535462963669447, 8.282651521185656, 13.521001372362848, 9.30076605186095, 8.743821597669271, 6.82687642100023, 10.099943035379843, 11.030894378447345, 14.65697550131419, 12.826799792228655, -0.5179021291562094, 4.3351552692422874, 7.471781047423019, 6.822718312581224, 8.281626514019768, 10.140871455343174, 9.801805958426094, 9.546154743720328, 10.285999959919268, 11.476969404951914, 11.822780575059488, 10.220445194752104, 8.35244295925417, 10.092936567884585, 9.746491544426519, 6.389333893949201, 9.01488628077369, -6.427551793382931, 9.489845683606074, 13.875796573026932, -6.663274860851352, -4.351029582663675, 9.627632446211376, 3.933705355732438, 5.083236015333081, 6.9296667281325846, 5.709544726707676, 8.382308232215724, 10.13345538372524, 10.169199340774638, 11.121972801429365, 10.333933360142742, 10.81216127482696, 9.120524284710598, 11.901850089031672, 12.622859123112054, 8.993299030129112, 7.047681997661533, 9.778207519109086, -4.032400356595976, 9.61167167646887, -6.34437270865983, 8.701452497116698, 11.463136443061515, 12.577573441494497, 3.7567186970232114, 4.745892832577727, 6.848402222517825, 9.403312632789646, 6.289913548961161, 8.718241223841192, 11.577972731240717, 9.696653966634214, 11.204692194686025, 7.3416410525560405, 9.071651013863823, 5.925848654091362, 6.347097643864522, 5.914543529762987, 6.997411950847953, 9.844170224415471, 7.681407023296448, 10.972191035370757, 9.184515478193438, 12.53420168661563, -3.792792466134498, 14.596040628455773, 3.6226830116279407, 7.608653489797345, 6.168744891370276, 6.786089532539066, 7.969191097720836, 10.75072867069955, 9.915991091363596, 9.882244970324198, 10.593207789101788, 8.82674686717283, 11.088205706750301, 6.4777820039412255, 5.36002031539443, 7.563256670972035, 7.634974653656274, 12.21899446112399, 7.921962301058453, -6.334901505233788, 9.75335279651695, 0.6334105001554434, 8.66545468716474, -2.055444377531947, 3.946778534909102, 7.166823566765066, 5.442562736957993, 6.01386057517878, 7.819918982433546, 8.3924573453289, 10.04484215280085, 11.084485792328282, 11.493676369544042, 10.608643002149655, 10.134754110781277, 7.1093426883418775, 8.430322969603917, 7.1968588394577395, 8.988733305775025, 9.264123406048588, 9.01719877651262, -4.860971447680948, 12.180463809607508, 8.590818152319654, 11.188703682472088, -2.5745681506222007, 4.622171804066109, 6.042829500263518, 5.055027277265188, 6.672132034363758, 6.718963414497258, 9.360505686343732, 11.77504231718495, 11.147107274575722, 10.739666920440287, 10.22915826134704, 9.936446257796485, 8.585283503044208, 13.31427449181623, 9.320787710030045, 10.995314462345227, 8.908401302355017, 9.570266723177435, -6.306232340064016, 2.3302030094501514, 11.404289649344244, -6.141766504950213, -1.28913362170355, 4.722512275660712, 4.319713287040477, 4.831759810004343, 6.850402975175777, 10.26098242926166, 11.586211319562754, 11.018357364331571, 10.863721376217205, 9.69426257577574, 9.734048938711355, 8.62206324874627, 6.301419594870791, 6.640432117765659, 14.013256179815263, 9.705265993375644, 9.700451674677788, 8.882641547030405, 9.160570241049378, -5.588925984975416, 11.18751737818816, 8.303733082825003, -2.5261809241465487, 3.984300210138406, 4.658442438079958, 5.360992119601393, 6.905589436430409, 6.319259869617636, 10.311383592163724, 9.246120518831663, 9.53101321348256, 10.654321402636473, 11.888033737247977, 9.576988472893778, 7.326171658779499, 7.221665974057692, 9.694934753651408, 8.898896707092598, 10.70277814688303, 12.183273138845886, 10.651483059314273, 9.862701827301114, -5.624768699619102, 10.76160374968285, 11.368983511776806, 3.9092923057223534, 3.8582506569369057, 5.09912102629414, 7.352340759561436, 6.556623634938985, 7.7040157802301215, 11.812808444490287, 11.187277639728734, 9.939990024139261, 9.623460290503353, 10.159375108127609, 8.970458037517938, 7.050582324742367, 9.460247780970608, 9.811862958528579, 12.336557247076293, 11.075413207993646, 9.767581088412488, 13.33467838613892, 9.991074824805407, 8.87805544967069, -2.87942665930244, 4.071393233893871, 4.035661519495388, 6.306996643760167, 7.4149829311054765, 8.77245844110425, 7.785103684513725, 11.610323164935163, 10.678849341740175, 10.542992500644315, 11.768538193057504, 8.423989047299715, 6.2700862296312465, 7.017698340830384, 5.329421549169525, 9.382262790340011, 12.865079270868298, 7.444767960835611, -6.200896521869397, 12.79776027507814, 5.146275848083777, 11.198060535398499, 11.0686511615786, 4.2502400993628395, 5.242833869340945, 6.825466193797605, 8.377055227381009, 9.009106036877903, 11.665282364943463, 10.404082504621012, 9.980420638367283, 10.309319194487491, 10.635718791656819, 9.972189712725655, 7.241752435093332, 6.683701399350756, 6.707670608544913, 8.387859625119399, 9.856710192824417, 8.849272530966838, -6.136145715227064, -5.862311094324567, -7.018620911904991, -1.0421071928999914, -3.2326607892414896, 3.8618650358180946, 5.9749750867083105, 6.961010555411103, 9.496123175321467, 10.510151617433005, 9.575655087032944, 11.833668042079685, 11.227252099448513, 10.218880542624765, 7.581127746029037, 9.85266277057918, 7.127570173176593, 5.801298268916196, 7.274756863431815, 8.072856641943822, 10.607400656620067, 3.104877495823564, 9.046745831621175, 8.96082353097528, 8.69300375710006, 9.045775234635954, 10.53173608291624, 4.191024302036678, 6.65076872041187, 6.384479793492062, 5.441356907919763, 6.237945250202235, 8.332884688363496, 10.635671080592834, 11.010775178830489, 11.364586335988514, 8.70169710472158, 11.412323043415764, 9.876974361904066, 5.999191093784319, 7.927967357165451, 7.382664157868786, 12.729721017502365, -4.67101521151078, 9.617388754735307, 10.424130048704457, 11.714640361935356, 7.8575044907367335, 1.2115652872300637, 3.6388615289636057, 4.532437529136865, 6.90684133182422, 7.140868644076661, 7.339503901911018, 8.085429472115619, 11.94038159910628, 11.29613464683572, 9.44271275356363, 9.071039872762498, 7.81040674214183, 6.337524418303318, 6.397137676901088, 11.201922301929143, 10.256239059706376, 12.569678974027779, 9.573096725321658, 11.68513964284966, 12.132071941975896, -5.764089363960581, 8.05399885483068, 10.692264305837243, 4.007424989253289, 4.657188322849558, 7.241353132500523, 6.797950704344401, 8.145826551474896, 10.196546184511496, 11.620252518364142, 9.278218971405018, 11.63067714376315, 11.63789313721133, 7.753217393894406, 7.2719644782278925, 7.540611003603824, 13.824579529436098, 7.997170830269038, 7.74247878893238, -4.033675635445896, 11.69506738435428, -5.563263157283823, 9.19570919589089, 13.464084483381342, -0.46944845262677615, 4.000238302061095, 4.140342809094788, 6.061357958432408, 6.563906495778198, 6.531347712147319, 7.618219866106839, 9.526560598397962, 10.401721246873077, 10.19284406846257, 10.776326278839045, 10.842492627405292, 10.180631769111104, 9.278632553096037, 6.079354064853203, -3.6052108204903988, 7.3571342663373125, 8.886411877587888, 4.360953572239846, 8.970310499642196, 14.38902716371304, -4.063175606285119, 13.04841576738851, 4.407106770042522, 3.7804702092082176, 6.701200991532858, 7.675078423901912, 9.847601932746741, 7.9979441490283705, 9.362170518886018, 11.254984051432864, 13.028840616075495, 8.389109946659469, 8.46419716435252, 6.346379564536616, 6.333956624286238, 10.004507560543345, 1.8907878159115141, 9.467298602783371, 8.723778457742068, -5.066070541210099, 10.039551083516796, -7.539343836651346, 8.172295731079792, 10.013508367426985, 3.8820210645827222, 3.8756653883831578, 7.27750278477208, 8.07144476995755, 6.731886391351235, 7.9708312365974, 11.765493130050423, 10.904721556472573, 11.093864172208399, 8.708437125451706, 7.535549855820389, 6.315185074421945, 6.364786601407376, 4.403355447017973, 7.099638625132822, 7.734662578971919, 10.017339202240858, 8.339592178474595, -0.18084594779562332, 9.91510475776521, 1.5801590059322643, 9.79234787520224, 4.853983748525497, 4.332978066013299, 7.420616505312311, 8.683006941691715, 8.193706242621493, 9.751977119586531, 10.844745629434234, 11.697946325416755, 9.199804747513108, 9.073705204148382, 10.06481142729152, 6.823920911131983, 6.4044567403712405, 6.782295300459535, 7.206669264382317, 7.834114891342635, 11.31123521249245, 9.379484513357061, -5.0605516866077425, 10.211956151089167, -4.585915910658191, 6.852671282042432, 3.9149071894197998, 4.894031656780541, 6.00076983102325, 6.084704752037971, 9.641245139323718, 10.546463229238528, 12.378376895948428, 8.646365216844192, 10.160543556147147, 8.70592384944397, 9.886093960218812, 10.903751883788049, 8.41187886265068, 7.4872366503961665, 7.015666743470664, 6.273159633908466, 10.544080522618167, 10.195665048906234, 8.936593694163562, -3.6342047047734565, 9.105482611622234, 15.03459872238165, 4.137216758514298, 5.076466454412708, 5.033657734297372, 6.794715943147153, 9.540017551520112, 8.174426437398347, 10.541801964861897, 10.006445996579142, 10.517639350964455, 9.07076919652554, 11.719323953589056, 6.5020783789449785, 8.857300133349312, 11.454181095226806, 7.049711953685832, -2.113931960738908, 8.58379857138609, 9.199681769215532, 10.561617082385965, 9.310513019532902, -5.359280479026782, -3.142737289483575]}]