script/wind100m.json
{"header": {"parameterCategory": 2, "parameterNumber": 2, "lo1": 3.000054539987559, "la1": 64.9999836372058, "dx": 0.5, "dy": 0.25, "nx": 34, "ny": 52, "refTime": "2025-12-28T20:00:00.000Z"}, "data":
[rows 0 to 24 of 52, columns 0 to 33 of 34]
5.4174210253443515,5.369098272715991,5.25878440568825,5.329020407503878,5.729575345156691,6.657377479307029,7.001103139895162,6.955027375249771,7.322985233787872,7.69036444838057,8.115737258031414,9.051546466460143,9.031379232911876,9.287616791292217,9.815526122815024,10.421006967164237,10.125341607726341,8.770571103696836,8.38390310031262,6.057091476173562,10.438486786488403,8.947063607312948,8.915400531828217,10.330654152758486,10.138497777938225,7.297768596220777,7.506526179203945,7.946685493621208,6.922402766144505,7.527056992354065,7.486787803424157,7.342246676130466,6.71824437296172,7.613685195828515
4.832076000234399,5.1742223468113,5.499448039941993,5.743134280859005,6.3325273586134925,6.422777625219474,7.441703607242796,6.695371666586056,7.107917104344415,7.197931262981879,7.93463945985951,8.06949456740443,8.314721849258428,7.023368258073388,7.4192606042319085,7.769916883361531,8.54098340795585,8.637222589921622,9.292893783820924,16.17780996621602,7.0792536450853785,6.350369960688531,6.8593966240021675,13.184846502851357,10.074420021837438,8.024941361030729,8.871017527466655,7.126037384372489,5.965758530215158,6.591618550603943,6.935340511473654,7.787914979982012,7.443353263757394,8.688943494985395
5.006431065236897,4.317437126785383,5.097681722392129,5.622184604629475,6.186283581116994,6.617630978953289,6.022445214645588,6.4413063524118055,6.926702158871914,6.5344201716455155,7.892022763082211,8.562352638312515,8.061442764806042,6.7615762357554825,7.7593755730714,7.114184414604648,7.881300659371695,7.702102504711986,10.461585623803542,8.691155668209603,14.516010432229846,9.417154038254159,8.26834097215887,11.758668094632716,8.450961795627018,8.849891979112302,8.020979860447,7.944039097676947,6.027991589417439,6.588462660656114,6.22545863793694,7.85070402698876,7.604027788436925,8.388604249530898
4.850114009133373,4.969512456098914,4.883010188393213,4.665309751342777,5.460350026927265,5.490210967096624,6.88847268600913,6.748896181022584,8.653121578441988,6.489077078878155,6.8677096086600455,8.57660202104032,6.282135248187369,8.199734718382738,6.94225620404225,6.017000090302189,10.07037470047361,7.623496285013796,11.542314758335868,7.116584998160753,10.72616834061029,11.362799244529091,13.019868974581318,10.664848995837756,10.515859354403409,9.827294146249912,8.932547002192601,7.8922383364135555,6.127467950608699,7.334009938705229,6.769771771727588,7.405252494334202,7.46358708191815,8.534369656810002
4.593840052410053,4.91215078841117,5.002671272874363,5.061358752532601,5.327643532355543,5.661232765628981,5.87111857785761,6.873431527105737,7.638572763911532,8.442854487497861,8.616185060915965,8.144641506705984,7.858628145678947,7.848326304669847,6.5255810717205485,6.5794943800246655,11.607517375419754,6.638482027386993,9.393850758711029,11.963232188020914,11.63161129920701,12.711189086128183,7.727616752789249,11.474465323733797,10.762223382962734,9.95081965357541,10.573982703519048,5.844861908034469,7.652134131773012,7.117232150182099,7.705887437821443,6.94486120029931,8.866747218817473,8.434014295540129
4.09279478172609,4.727087490885438,4.991609642633598,5.233941820906429,5.62469014750241,5.703450455492829,6.403241812883696,6.854025032787415,7.715379861942199,8.039590017827036,8.654627209354015,8.88276654496694,9.571516554878604,8.37767883523007,9.092629845981989,11.062401011062217,8.308822163549959,9.850267642567877,11.80263079758392,11.488099560905322,9.54269241226608,10.378866662147276,10.398816731583837,9.287452050845332,9.313416449993628,10.100308647669769,9.518044075297523,8.785208657521833,6.389534427504394,7.612319698381837,7.585318736404477,8.196437171801618,8.691445488212265,7.460053468041403
3.5922279626935305,4.088244483020547,4.905280082859579,5.121531143696492,5.660048586515611,6.0721016039987346,6.308043885110319,6.796739855263645,7.347897107348382,8.079337354282734,8.073568157182747,8.166159088861056,6.2919539057936325,7.215810091570627,9.276525908746612,13.729727335730809,7.341950271586953,9.109435430154491,14.69946163238255,12.06166349577281,10.132772747873775,9.899114167699967,9.224410133292643,8.635516607470267,9.879255102631479,9.47998464584041,9.52355724940612,7.884359899026018,6.628534211515161,7.655660428721859,8.582796308559272,9.424138903921682,8.60757202808971,7.995352032319955
3.156359256411798,3.7732677529565675,4.282328584992738,4.7978115865144,5.35386152660368,5.862625297909457,6.469769425231183,6.504228401965986,7.040420332393432,7.628456462078165,7.500561568180399,7.470998638979197,6.243938401750008,11.234197538412772,7.19284893860484,8.019749559953882,8.743338302003663,12.949653133011795,12.600270808300568,11.346767436033769,10.812043974906759,8.527200309498438,8.767043152941806,9.883860211768884,9.704238266253654,9.985238004949531,10.28285046978568,9.292622950633023,7.1121433665043154,7.075977268044077,8.726314808958087,8.994951780806703,7.73720541808207,10.047082021198875
2.838711156144059,3.2719923044367776,3.8975193539916964,4.48445929058099,4.9060582428157815,5.590406203848984,5.953730804311651,6.482457564198385,6.434318029664014,6.112331407038671,5.010850928454066,6.739457656249982,7.136990521950523,8.1484461094451,10.261750238751047,9.743032762523708,11.18821292397949,11.970267965268286,8.970204862665536,11.74708185091419,13.423218679601822,9.25742184255314,7.249313312832877,7.728691815745846,11.175410988414416,9.619866943288478,11.857481388958806,8.018555698057664,6.78128524159817,7.76238978808433,8.421980909892493,7.952023801993344,11.515308966891707,12.43588363953345
2.386291982870065,2.7844956521058495,3.2694369315750604,3.9340508701899375,4.49145788780104,4.886003556341037,5.438619894834146,6.196895532857632,5.37555999976421,3.212101113615156,5.032016570653899,2.698361403154113,11.535906782382002,10.228813844032729,9.094938299543054,10.78359334932951,9.10178052422971,12.780043468434886,11.069765228104712,12.770842957984005,10.139640460787415,7.331517499506206,6.496297052106675,6.180345017481262,9.652535156690154,9.55962492965953,9.50596389350945,9.223038811924203,7.256832058539007,6.888252062990754,6.959215769686748,9.475612371267374,13.907333453478836,12.524700917697784
3.2886850800416956,3.3296502972853257,3.3359094424853994,4.035090323813367,4.449793708800099,4.81962956666833,5.742938617010269,5.314707142773365,7.576167833019989,4.91684151690523,11.614572245829367,8.697283625019345,13.141358453609516,13.074349416790973,8.406726214824591,9.885635087106092,6.937457693337682,8.846735040168202,10.69781805341425,8.212334298569196,7.207812969900817,6.628664225083922,6.240830896978979,5.7796394863705025,7.339167268438983,9.017131343638283,8.060527554103608,6.4629175142231405,7.249095918725526,7.788222989128151,6.747489003728525,9.200959307773626,13.700181390741927,14.064264641585579
3.656563248029141,3.836413933851748,3.5070121381781325,3.7846001408563774,4.2403130135156095,2.988816122171239,3.4076452973835045,5.4985524658762985,0.47624710064921605,9.609684910374828,8.779118588180983,13.350592685585118,10.777424145600907,15.189435657713753,11.452909840546361,10.375551063859362,8.99535222387806,11.695945924558385,7.007767953024966,8.204248771639726,7.995538319258135,7.074161947065728,6.871210720325095,7.3552955049683115,6.888979683127178,7.639527918595576,6.943559904009233,8.37999764895881,5.006162063746019,6.355072844267708,8.026357045462646,8.878942538625003,12.123550306445967,14.309766805067285
3.6762735537619378,4.644848750955332,5.058593125715591,4.184383640632578,4.758735989760469,4.89306669685077,3.5146668928741183,7.092340142910552,6.791795908803633,15.173245194243714,14.440022715305695,15.23354465543088,13.989546859369689,15.095409850877033,11.087043560753193,8.508748226048333,8.169606041406457,10.879772851156753,10.432730884022961,10.495985601797235,9.64769920457834,8.087906374038058,8.400794417636474,7.222062103963477,6.785746859847982,6.753710312414028,4.464456278026972,7.622876954605004,4.755330441720685,6.0118500932901,9.159789359036578,10.792599460954515,13.531522623630794,13.370482354982578
5.561174992243152,4.30231992100746,4.705174825126491,5.454923161698255,3.5958402644169425,6.7330443512320395,7.344910826542065,1.914116081843366,5.89649688095254,14.034282534721704,13.508252377099804,16.307646977866284,14.565906047367873,8.380059336781175,16.520167994109315,9.347820966260311,8.108161560445755,9.102280342581153,8.955042383456359,7.925167861846208,5.780826619339116,8.968388112440737,6.822419573343039,8.243269946047622,7.467302072424326,7.9613212989175475,10.21948756769406,6.310659775743995,4.275682297101973,8.450699881312133,10.307996764309854,11.859727667859557,14.69810043463115,15.505494562735713
5.513293315776421,5.96610640361968,6.746174708726884,4.4832300626635675,4.431914701177521,6.205160919711866,5.246085214478316,7.5732949441395405,10.1032085181126,13.158781916606046,9.846925372109203,14.75161199035699,13.452073045860692,12.463075209734933,10.592824910497953,10.971202449554479,3.920754251758603,7.851823036610734,8.336527037489386,8.716069895757375,6.521880008906378,7.075050790633418,7.390437942382669,8.171750535457305,7.625713455220445,6.900669028557175,7.176263348635945,6.337044383997433,5.714042250606286,8.485187986989086,12.058017127608393,12.46827432932084,14.060719456903819,16.368251899093455
5.209398001853676,7.958347024982326,6.90501438192054,8.462464768763647,5.902815220029236,6.6598238595069885,8.50454962512635,2.6784734863186324,2.7875755281552226,8.789169450992365,16.122988372197185,17.635986138924128,14.936306932013085,14.679712378794447,9.967628277693283,8.053735443181672,11.679777890974812,3.361764662023338,5.578341252409231,6.483124981055688,8.530897432972042,7.820739598683316,2.060289829662533,9.284790331948715,5.675787111655555,6.718852534919537,9.291648770177229,9.838934418138598,7.772573086770036,11.217858148178989,14.456645353096253,14.649004980798553,15.41818146441997,16.16279591002694
6.535484586817065,7.174912219310787,7.837801769414067,7.877399101194065,4.329732205719735,6.316454316147427,12.636752259730919,2.1842511983103026,-0.0780609019048688,10.717715642952239,17.339934440762285,25.15972061816218,8.530676246467209,9.912220387862702,3.385127739582821,2.292228296299063,7.409985615533089,5.832178718621408,8.311461973124176,2.9529346423478215,9.292381105558091,10.684766920205192,7.411496029191352,6.429615326992918,7.3899673919342135,6.927722764198137,11.502741592389425,9.091890456268127,8.032835420340717,11.629094419944007,13.887423599922261,15.486281795500526,17.011568520048034,17.21988883003025
6.033553992287385,6.543639353616536,7.443907888337279,7.057855084900119,3.592197019397241,7.56146287485305,7.502638611937961,3.326101009827782,10.78823299340247,12.905061573262785,19.814678761337426,17.362620218922018,4.2317929172870254,11.144472752057036,7.645327579853936,10.05499013023897,7.706437934168295,9.494277579454705,11.918395034267974,8.707482179376088,9.260054880134227,5.885146191583577,9.32748226153176,12.451053980896301,7.740799080117044,9.508027263084223,6.913927540936898,5.814005734567564,8.299523134540127,11.858994725114902,15.157294351807135,15.784033852454053,17.03550283647548,17.133936122103254
6.656364307669767,7.461277279608944,7.983109236812881,8.364250176768337,2.8538669660063385,2.296929057509769,8.078170539353858,6.233126563404731,7.002577211706761,17.248687176310646,18.667216522370868,5.717328303563943,9.41593988569756,6.324615730481524,1.5548178648280653,1.7034853328806598,9.53232073607003,0.15085890681596353,5.688063906689972,9.400394231462775,5.00486023737522,9.156674583954343,8.50407212701426,9.309039923298402,7.995619627038511,8.832511127192879,8.848761483840711,8.146484977375092,7.505567041269875,8.859326382274348,10.809290733259761,14.442245971017035,17.063896310505527,16.77604647982781
4.773015716210715,5.135553770851143,6.655373954238519,6.537330988991043,2.4498508153145595,2.416201862413152,0.670195421416303,13.62060270620811,13.26773452910291,19.19100051016367,17.944085046943663,12.529659387118219,5.818415677610839,12.502158532521374,2.8413658680141136,8.721983308928369,5.9829986713127665,3.532608116304329,8.666492444696981,8.355266214191108,8.492763943973811,4.060710894427814,9.935996694971596,7.641847946190407,7.122525978960037,9.836268355951022,6.94854062275136,7.028357228355815,7.761552001713806,8.559425686778365,9.59803472494407,10.705122766103704,14.199622356079676,13.036171476905027
4.8057693960785315,4.515387812687066,4.612396769909963,4.243661657724456,4.215163012510605,1.5216124076428375,-0.8558934516700025,4.761263982449898,8.86504466788089,13.255528406897627,14.132293597577798,16.027906595620305,8.726809488874139,2.0080995177926315,4.224795372254286,2.8456126724049384,10.255148134531922,11.634999245781293,12.110704527610395,6.233178731607534,10.88226090883617,7.33319682942753,8.974275628325271,9.673524952349961,7.917484860679286,10.291511141816578,8.906922203583935,8.627146467054901,7.981916683694489,9.901461693593872,10.033174649075534,9.164466834778887,12.58135332922241,13.65142273172571
9.554579672011249,6.79640029654077,6.970080108966988,5.092723351926367,5.895608244725136,2.418468002413566,2.2522288781117936,8.330076210133477,11.629784300122031,3.279463481974276,21.16187701392362,14.916834596536663,0.69118289720553,8.423152643209763,7.975272805711976,7.217730135737146,11.326313406301526,6.944540646919748,10.500663102926415,6.676075605763565,8.039245608825176,5.809712260557252,8.915394073018874,6.6857940289801165,10.501442926675185,9.285700491095156,9.351035089219915,8.552026784315114,10.433667827604141,8.870872105280846,8.722857337434176,9.094069101439066,9.29394510040558,13.215322180955399
8.956329990670225,7.798341223556629,6.6396225502379425,7.2390968150699475,6.280422448870953,4.771022092030895,3.406864672758339,6.073252977566125,14.400127812048058,10.935212030285744,1.2347764533082897,5.8666526866090365,7.0612416090744565,7.710721558640638,6.244783731938221,3.6979655678741707,10.395831956109006,10.669423452978666,7.891359441150991,7.444195880889647,8.603498241838608,10.672312903636353,11.408730743285416,7.54757343165762,9.919753246571789,8.507305030809047,9.002821094923775,10.852404284608994,9.199798099748731,8.655149586358558,8.409051022639767,9.246354865581832,11.392986427610841,13.093794398635119
9.11555273714136,8.450203725127023,7.125615427858043,6.2781552188081475,6.139681483287241,2.848536936921968,4.162453345035935,7.429691339919359,12.567651487235983,9.85980628694772,1.224784848901882,1.812369520535433,5.2752048394135125,5.718737424488229,7.137493553521693,8.368869367355275,9.948147948160965,7.654588037925252,8.373027418681898,10.733460217314407,9.75950863365429,9.215504138248317,7.297554751154695,8.820055257960583,12.720535010754059,8.172321095259354,8.527158828419397,9.403719019138732,9.100038006299469,8.22590343371648,9.222162451999388,9.366201146789441,12.022510064955625,13.11453237462528
7.942583645263676,8.925557463805417,7.3741726777930685,6.43343282134405,6.08605277229349,3.499352538560976,0.44599460628045523,5.923398917422497,13.466225660939406,7.133706970971917,3.731964194298476,0.4410049221699741,4.7849758597603005,4.310002355346865,8.003886821114433,8.174396223578565,6.847027111053949,5.453571304243633,8.360167020802493,9.175820852854784,5.464955566538328,6.539338054508923,4.569711703524862,9.057192732373661,8.84403747137247,7.345785700106353,8.811003682160893,8.02081956695152,6.5235160662547305,7.562743046394603,8.441011047782892,10.973667099771243,13.120791654210128,13.29169627225383
