script/wind50m.json
{"header": {"parameterCategory": 2, "parameterNumber": 3, "lo1": 3.000054539987559, "la1": 64.9999836372058, "dx": 0.5, "dy": 0.25, "nx": 34, "ny": 52, "refTime": "2026-03-08T12:00:00.000Z"}, "data":
[rows 25 to 49 of 52, columns 0 to 33 of 34]
3.1322590853818046,3.0509364005175463,3.6090190904399315,7.128381824080019,10.20038193206399,8.478724494492228,5.910178066324642,4.783267074242256,3.2193439769946304,0.08043018107262129,0.42200901793734213,-1.4382403904946581,-0.7641775103343764,-1.674294198737483,0.7356605760585253,2.537626773868185,3.718984288015986,1.589240339006993,1.5846577051220314,-0.9848224232664914,3.1128711293456837,3.2847880671186793,3.8017298685720555,3.6860678211947255,2.5093992539947765,1.8817706251744106,2.415121036072863,2.429007990767647,1.8398677242154207,1.702917358637832,2.3506933409911825,1.7543158513137567,1.451278833462548,2.143673864670365
4.95046517534459,2.7273055744758703,2.3881636810807616,2.8261981642522827,8.094690317545643,9.998887287483862,5.230218248302334,3.478057652289454,1.2876875449858083,1.1447061122463187,-0.9282323767817643,-1.6523575517591225,-5.239971578624083,3.126131294481952,3.9882521388859615,4.536684601659394,7.187642782823838,2.7046154681619017,1.196604268575224,0.9813826644405259,2.9692691393001582,2.70275639604097,2.9629008942198545,2.3250931143734928,2.1689906133755805,0.8784673863608708,2.1271727928711894,1.1264782065991856,2.7727569760945125,2.7763943944143654,1.6794523803541452,1.4505711581164928,1.1062389089332314,0.3646758345569226
5.335587136791188,3.9176410134768824,0.9006239675286422,2.1962058014432686,4.342315781127328,5.913713825139128,7.343685067168807,3.4468057701493233,2.191958384745427,0.5728619452557121,-0.1271290759532202,-3.402668609535967,2.9903725392526703,6.509369966684878,7.159653466613993,7.407732244849855,8.204886437705394,3.698000641491852,2.6207170861833284,2.702721301144761,2.038014045256965,2.7496784929768876,2.661146847282758,1.4639591253280664,2.5623446134928907,3.034620273792099,2.210666739795916,2.4460755604426905,3.3633795509085544,2.6255412624137757,1.044768742696909,1.135437086669693,0.6654228500225224,0.03831366387238042
6.620201011020513,4.45812932061047,4.70793183127031,2.597815700229493,3.6199809549593893,5.466677505765501,4.791205533207442,4.257400698385872,1.7050276078794435,0.12031694021539809,-2.4290589542507495,1.7381312258015602,4.103264372148128,7.43227666235618,7.579765736734714,8.276426089989616,8.78541425699931,6.943336344845637,3.6506171551226068,3.313193088636177,4.484787701066886,3.8398180633018284,2.997022951060245,3.1020458763199255,2.9956163323102145,2.058912309118569,2.2480422821691404,1.9690974880135819,3.8300840126222573,3.0532123876814383,1.4205909188122487,0.8739264288649662,-1.1731048437921479,4.324104857011302
7.537280147502962,6.083578393354866,4.7291181539139515,4.743220260124216,3.896950825750434,3.9965650742841583,4.826171572231766,4.063416574375846,5.007778467967266,1.8015429629521629,3.3103166687705445,3.7219169351030734,4.158003810234979,4.834910759533955,5.550672128487727,5.544258811826907,8.130873903308984,10.683693407935767,4.434430973392188,4.030142058216077,4.645864822785804,4.232569727716953,3.7570786290224842,3.5082933348301344,3.8214945232659363,2.791600292075818,2.0189614308553248,1.5066242664846319,3.2941865970384865,3.1185686547271456,2.4056266838447953,0.40757323154616365,3.4882581331733467,3.7379149327878713
9.003897324316936,7.363112357911532,6.650321221218444,5.745807777610478,4.97541990104334,4.738232959888462,4.407237079583118,5.6062413629167,5.541225714030979,3.355178858331769,3.932519590121373,4.395276427925829,4.952802902390445,3.8127518190821057,3.5180746832153345,3.2102366011377845,6.474906846588261,8.563887251786088,4.286661639505773,3.3293513350673636,2.5689304392686614,3.4330694452213026,4.008055901362893,4.089573522663697,3.3939301779205597,2.3658409871852224,1.802135114856415,1.4220695606859606,1.7504051691032885,1.9185776614041214,4.531703941399619,1.8913991457879298,4.657734935005841,4.709145591762923
7.755245115731789,7.971649490445885,6.054146261988533,7.544761904773098,6.55400639876624,6.225505783917843,5.783455112374229,5.461698818756418,5.774259042942166,4.209047437511629,3.300149807185953,4.760966670073277,2.9092129174414625,2.394117371215441,1.6116359371787492,1.5592446665312618,3.596757402460355,7.82240316721506,8.368310856632123,2.531159547832686,3.3166221248698955,3.382288386470477,3.497745777294329,3.2183019289649133,3.5616460795744316,2.6330362131064553,1.9685811790093697,0.8621210934516245,0.6784457961299247,1.0198286392682536,3.2173975472962533,2.465513246012101,3.8730783771701014,5.475112890662732
7.525596527892911,7.053164177567427,6.986407208160345,7.600853928166262,6.753195259832226,4.8255554151152165,3.611218306430808,5.249684812871593,4.896731320235573,4.584491165152238,3.530739552458429,2.1231857667292027,1.8904652387111747,1.8113588062646848,1.5700575371650336,5.9189338448930355,5.210567311226489,6.235038208715684,7.739917230266742,3.166572368417646,2.669217417587423,3.5240449449720774,3.3843712897481915,3.3160473920984765,3.5293551133319556,2.8594489665691296,2.222507801144232,0.3139229354033251,1.9394835002611666,1.6880419748006026,5.660648929636022,4.2324728641749765,4.816676236493299,5.583661475734018
8.153773787948195,7.552328431269416,7.427256926558702,7.572495965840623,6.06089011062393,5.50505456941617,5.334394764736348,4.985162544749036,4.54653880013536,3.9616581118103706,4.653500101781545,2.991972322448191,1.682961050871579,1.1642503563712854,2.039748925330005,4.502828586566723,3.8440984149339874,4.668806741567691,7.061315375180226,4.561579740457374,2.630004062708668,3.5459548435820323,2.9759226535517884,2.78060707975289,2.982150803934504,2.511120848701666,1.9643449279333012,-2.118261992424318,1.9740279394319662,2.2634939495911284,4.77968856947784,4.722727364428826,5.015841827462649,3.489718460861333
9.21724703935025,8.158384736332401,7.599117348154211,7.360840914894431,6.124805781526405,5.600017962279138,4.064496892034857,3.9356395758657565,3.204790088313182,3.2987686271653884,3.2935769017608214,1.5376815953559206,1.189089149567189,0.4902258055829163,2.1357854025661753,2.3151042102920103,3.899171837989925,5.298869449930066,6.198395166645354,3.3409935541071922,3.034161495348547,1.926177757718123,3.267595354400985,3.4407348584325637,3.416374819937185,2.3396506027751895,1.742938151263211,1.7637467338065667,1.9320308791575154,4.47061840775454,4.073717675103499,4.975315517445696,4.789122998218348,4.599397047526469
7.803364003229111,8.016171452688695,7.264385276037451,6.626348167090366,5.896546852580041,4.677317106216186,3.3958473172497285,3.4663064849970238,1.7480320135675511,2.6040416364757744,2.6677852290058857,1.6869297265386813,-0.11422571835958288,1.4098108190829692,2.249234051292646,1.7796045269419267,2.689120232621331,6.047963962233414,3.759186392768019,2.4382058355688985,0.8633055022561015,1.8297845338125107,2.7383810295260163,2.5018763445971133,2.483745702171357,2.419817130452412,0.11296538647237843,0.017908622647828103,3.5893333672967223,5.805646839793621,5.925355380771944,5.105211139561049,6.37714836751089,4.428467538876437
7.478557042535805,7.2318657371141475,6.414833105356059,5.2966775079152955,4.385820177130582,3.402958972052147,2.883178206733301,1.6306887338739808,-0.31896297817166863,1.6017869479089313,0.7276847417270492,-0.6871101523441904,0.31650175388715274,1.942502831649413,1.9360843907442544,1.750210808802083,3.629997215891688,4.948228949794186,2.307206103885218,3.5130764964528653,2.562176368154729,3.184181927059371,1.9534689368962301,0.4812707807766247,1.7276606862421,-0.34196202254966157,-0.07184687717315891,3.3160439751282365,5.522517865422527,6.159756906501398,5.821631840621548,5.525759423777617,5.779520445163958,5.361871980919524
6.092468923410265,5.904795177862635,5.651050452165223,4.01647016426735,2.938288004546616,2.34301104587984,1.0416304471939066,0.6693210702978727,0.01612967497991373,-0.2588367598371949,-1.0426181982597178,-0.7584117091645509,0.028394632972707178,1.940544790019563,-0.13755299646327293,5.253309150750975,4.281812439881206,2.228207650372565,3.3339479192039114,1.2726162714535143,1.8910677668917546,3.8454466638532296,1.1839153261072681,1.6736807867326495,2.2469764671831194,1.565349933402431,3.193231754444106,4.716120417114057,5.919180897416436,5.255859698218236,5.58695928646208,4.695798478048067,4.933221016442959,5.170032810993521
6.702309382251676,5.154039604337869,4.197913188814978,3.360325222999332,2.693766114351474,2.1286871107534835,0.9906107265707437,0.34256406715766047,0.8199501700540562,-0.04956541940800776,-2.415853686827497,-1.515252457702896,0.86720460238247,2.2212929822956293,1.1245800699547304,2.8453395310741687,4.937537866666019,2.6913449559215943,1.3584073011131164,5.4768450549809975,3.0279982275123025,3.199900102468614,3.081963181866029,1.3207004708408825,4.858812490808597,6.309018543517458,5.284165952496725,5.874769270542901,5.246935632680476,4.683398205361681,4.573626588532582,4.098845267748801,4.8373008754752975,4.8426354486532235
5.3133401317522155,4.550990244116291,4.314071460002922,2.727038556129673,1.41618387120319,1.6101850391414774,0.7678272023669169,0.4989589286396665,0.21587418838529987,-0.5278951145516457,-3.5464422618071048,-2.518309118544427,1.0049571387573677,2.8864123021975803,3.7819579007562627,3.9480721684120885,3.4326127138456948,1.6268073258103652,1.5672579802886561,4.722109784643597,4.422450811295278,3.7934356577282844,3.8890338497625954,6.555809296420495,4.75137955958893,6.066989193632807,5.377299322066825,5.002617052452664,4.634362649875621,3.623650489124807,5.240530739775669,5.86568662438769,5.585049826854822,5.161566174651074
5.427268586871692,4.852973755468781,2.6945784818334966,1.6772471776056301,0.8951610865637972,1.4995122679140098,-0.9367034352448642,-0.5495975761328421,-0.6505718121399348,-3.2996901221392547,-4.316396481753915,-1.3169324836678522,1.588046285992941,3.0332902912068644,4.066764370320429,3.464991617642401,2.59963829450404,0.12957688728407837,1.9980730858133597,5.829977987063904,4.957499098063708,3.926944012127018,4.619995099978351,5.075512723191813,2.506334412180833,6.6925954298932355,6.067066892343947,6.449751084599616,3.7862115424283975,3.268068465278745,2.8312990715263266,6.630148905508346,6.452658083226104,4.780142647955123
4.79851072735817,3.4964068492820153,2.5625039722078493,2.9982887136088974,1.4806347643715405,-0.1512811030639367,-0.5520979754694697,-1.361504789979903,-2.504677139817293,-4.87473971613425,-4.1248965626206955,1.3395676593139791,2.2839945927301843,1.8193575803733715,4.214466243184102,0.8728213733178499,1.5420950634933956,2.1197091110565185,3.1976906541424537,3.753251554269843,6.199952488249305,2.177153809137938,7.049658076796395,5.923833012524069,5.295549428587307,6.5309397413933175,6.891977073953878,5.578287434279404,2.973688585082306,3.6309624543373853,3.0353225827298744,7.422348005940356,6.1482383872930875,4.194057587557338
3.94601948020322,2.4635351377617183,2.024458700996145,1.224182079612723,1.0070272768266373,-0.3021787856941951,-1.8253504115475085,-3.6257382886510263,-5.48381363572447,-5.333691554629311,1.3162560590071912,3.6523090755725627,2.7541748051368935,1.5599898492599367,1.636463518464632,0.9406034079847921,0.27432216581583013,5.464604990682517,3.7550556298570092,3.7688045500219096,3.9714949789192917,1.6762328671470155,7.471116990007151,5.217084201604508,6.082451361127852,5.835910077801143,6.373152759385901,4.877073518835474,4.160032408622659,4.441478640195043,4.2316753184942835,3.1808951205493847,5.045447793198493,2.8481026705449106
2.6928403221895363,1.588209805948543,1.8453021915747765,1.4696561039895584,0.4125159630347087,-1.3514478835675028,-3.485060125790967,-5.619368012504165,-4.955032918813936,0.9585322084218996,2.571229904190092,4.247280980902035,2.725415049488677,1.6158911944685235,1.6610472063017223,1.9423030518243662,1.5158742910257703,3.342246186772595,4.693520283326121,2.2311546528238018,1.7447922120052992,1.4122873763694215,6.899147196710607,5.7295213593716054,5.744494000491653,4.764439704910431,5.32465082421587,5.251607346237252,4.420806942058895,4.052390178916383,4.034469664484365,4.161627665147243,3.9651130077348298,4.20960107993831
1.1399222813380834,1.8250757707178262,1.5812092369543542,1.9765915235549607,-1.0255601811983595,-3.3365309547399398,-4.2284809133472425,-3.9696997722189393,0.25635983447531313,0.7255419149886859,3.6016917650116382,1.569377390872145,1.203536036019101,0.8639251197832669,1.5363429535270623,1.9632283570088436,1.8317612871322746,3.835478169091066,1.4675880948636075,1.7171941011787615,1.155008091585942,2.3895203568042898,4.223381526973588,4.639735921248545,3.7627331828518837,4.203430607612173,3.8134459790785313,4.242788164247626,3.7417853901680886,3.4082912773622676,3.2534204692403894,3.7351627001083982,3.5823298254994977,3.7546278519986873
1.3153932984812087,1.4919276079244914,1.069501018855444,-0.661435956339803,-2.0979235098603635,-2.2880620545936607,-1.6365308795060125,-0.3659317404671848,-1.7227764668069452,0.4302182437369963,1.544568724650999,0.9100748939006711,0.1858280711093625,1.1779383171956483,1.6246151043554913,2.225800024331492,3.368699298546486,1.9704415795673982,2.0298396339121756,1.5538191566807376,1.8487082252506242,2.9827978733336353,3.6350904021081982,5.604294002153384,3.893062075502492,2.812845622272545,4.8517936672167385,3.323914141950506,3.2826668784337985,3.3791557387080204,3.2153050098195735,3.3571031737710486,4.132452336280497,3.2482365466249816
1.789462458691912,1.7881520124024468,0.4257296225422645,-0.023181333071358647,-1.2731530424331414,-2.186585851447171,-2.4072039238994196,-1.9525751225617392,-0.6033634139033296,1.7014358751580592,1.385338730442991,1.008380432586039,0.6134648043351655,1.26233295702074,2.3717506148774157,1.8038692912266707,2.968586152678343,1.7695734982570108,2.2436246105887157,1.227987315422613,2.475228671718098,3.4827956366111223,3.1745004933738024,3.6887703505984457,3.8229067477157397,3.2992074887839133,3.742979215979262,1.9185599368026105,3.0777019196027493,3.572553465933598,3.718552250660998,3.206785560048207,3.4677964269504042,3.3720270442016558
2.0570646856556825,1.5758288525722621,1.3217731142314477,1.6576245632917788,-0.3562346960263584,-1.595379213906317,0.8073409198162395,0.9301805297575844,1.219239043899243,1.5636267690322134,1.255209870775403,0.9440612524354938,1.115900512839706,1.9499088545991323,1.3798347522261591,3.8828762153277916,2.093605296617302,2.1680491702618383,2.4581951169967104,2.2686474974286734,2.5357595366823427,2.0872622849361675,3.0277808886591053,2.4097012369448323,3.231778192793951,2.2541454617610013,2.832031045606993,2.1757123195276247,2.97184601269122,2.8256604227243862,2.4316946462775166,3.9260777166546057,3.53130621175686,3.2263051779782654
1.2899279320321415,1.6716352310076203,1.1086514253462743,0.035428978427430265,-0.5883009640688781,0.3826520739063639,0.39477503479980247,1.14056499992219,1.3564024098954663,0.882777507293159,1.0170669941208925,1.4239647619481488,2.9376033856792354,3.654259145026339,2.2387474952008737,2.8060291096458285,1.7565054250559322,1.6851438755301722,1.7734811330743585,2.106525348806816,1.5804149513323884,1.5319284317530297,3.501726378012262,2.75973595035609,3.485716265382954,3.107234336463179,2.5410189269461574,2.017223025261249,2.049424897982752,2.396758015113626,2.527991344324217,2.2617106753342573,3.2508498010625164,2.2569507457812708
0.6187477540493227,0.5799057988012029,-0.37752401641639693,-3.9105891361403113,-1.0948626451553884,-0.24770693016674566,0.5346560380568738,1.2312313251901763,1.0051565187020226,1.224417136317353,1.3888469907134655,1.9801770970085055,2.3864437107791296,1.9366567283843263,1.8055310915027483,1.6226969804926186,1.2907004026847535,1.3656744668087089,1.065989719989435,1.1827053841092914,2.112963576211358,2.1364624071305425,2.4330676385247765,1.8543737803829303,2.1166416602896194,2.177421378777932,2.5940879425662273,2.4699018350318482,2.3739991463810006,2.66277949619652,2.2649979371073194,2.5965264404000887,2.0765786256043834,2.517674548032142
