script/wind150m.json
{"header": {"parameterCategory": 2, "parameterNumber": 2, "lo1": 3.000054539987559, "la1": 64.9999836372058, "dx": 0.5, "dy": 0.25, "nx": 34, "ny": 52, "refTime": "2025-12-20T12:00:00.000Z"}, "data":
[rows 0 to 24 of 52, columns 0 to 33 of 34]
6.673543818650464,7.53856855840784,7.55457148176745,7.392787141467712,7.144872347526507,7.235040540202187,7.324954188473267,6.969117190071768,7.203570073793779,7.782295226957779,7.713918452420815,7.836183451914571,8.16472724050044,8.23216075992875,9.33180451678899,9.47454220950786,9.436147358107283,9.63971289827017,8.902934507204712,10.418969198218342,10.553546777686261,9.155073572881678,10.17788944587286,9.848490229364263,13.289818557295416,8.339960340459747,9.633501622274531,8.066635827997098,6.626325904469547,8.732148792210424,8.102589007004209,5.201961868358903,6.126233313560724,6.934202255935057
5.958775678757405,6.682033769356655,7.160878156803799,7.660133866895921,6.933438115538244,6.681097061484423,7.100819878891193,7.249541755909738,7.485032818147306,8.305446597097697,7.845676682796236,8.361763985658285,7.97940782903146,8.336908313382434,9.078900425627912,9.710408693202732,9.417813858120578,9.176837049224961,9.511200528021254,14.22452065741388,9.24187841016585,11.757846948130435,8.466596767006168,13.073837527956012,9.543927467366096,5.609444074855321,12.31242179528746,4.711185541585653,5.447104668219031,10.930268577913614,9.345203192081243,7.217159443257913,5.536915318573086,8.066666340546226
5.458561336735695,5.884109540606077,6.4443047156600395,7.211906961720204,6.9805109803282015,6.100750947732258,6.896533307272588,6.765154398400506,7.201158942915241,8.14648140187061,8.74565460664003,8.060735743933016,7.739507179564795,8.53235732453802,8.846992101130587,9.393132377715842,10.906042314957968,10.174262204414301,8.196341197339903,10.51260301101197,13.651995921887428,12.53394118046855,11.636410437886186,11.269948231791535,9.53461141539594,8.622877422296382,5.623084572970158,10.552511975696138,7.142513156754054,7.485420483373396,10.73828455860459,8.142137664991873,7.251774616027435,7.157414004752178
5.084839076478618,5.504728854125799,5.6418389813417855,6.323724618671342,6.575483239590644,6.488484001258717,6.601551129316837,6.496851898128862,7.512898041392553,8.313104544491914,9.296282395716553,8.569279318832324,8.102037714342375,8.837252890051131,8.018364313267833,9.581137504845492,9.266731402207641,9.074694322727906,11.612180133436508,11.438013129360886,12.439301562952187,15.395040377735878,12.523424628753236,10.190752846289424,7.320291945119983,9.699022071899526,12.499165576877163,5.991639339361801,6.467159834759556,7.738701758830196,9.170001176108734,10.760256288046623,8.2718650768121,7.578362527020661
5.424542994609883,5.0168456887417054,5.938159763098635,5.754764185590274,6.553390702098628,6.708511567931889,5.853443335782383,7.375430657951198,7.124196627165126,8.370484813194013,9.129481605633524,9.229216905120596,8.884003719221328,8.812182878994292,7.063961263634746,8.202045063378621,10.942089612555405,7.093587317357689,9.975568507348228,17.7815195281427,12.121806580291047,15.646874292034962,8.87267366925163,10.150071269199083,9.145387915552671,8.329661624718351,9.7349012177539,6.930322014656784,8.625331768898738,9.770200458300744,9.05220565260679,8.849100900512504,11.602884544022205,9.606157789268792
6.268954288242694,5.869208000832381,6.356501148229872,6.052266528266756,6.344290696581421,7.219226328928616,7.530602343454707,6.738895695163583,7.031113357680901,8.836672243150575,8.981907440967454,9.441300370321448,9.512196546697085,8.76967620340222,6.550043266410203,9.05164770265999,7.260391559061148,10.12906055947411,13.582745965757926,12.846565046811152,11.100354314206704,10.838355562738643,14.306239556943623,10.633167344448768,9.650501613494312,9.987288917920019,8.974566894207946,9.002628268448191,8.9373842184798,10.071926008438577,11.553385547003304,6.019301673100663,7.261414178205634,6.931817977094261
5.723265626883992,5.7727392637285435,6.018347223313698,5.323339493784822,6.015504798061438,6.717957817752459,7.358034179109195,6.605084279204364,6.7478203397692065,8.174674238635838,8.84074401941283,9.546341932810394,9.008371759676672,9.392170301830257,8.292104711052232,9.606985845886078,9.102021780663447,9.871982260830016,13.608081018076312,10.954229380274029,13.68420683426191,10.557721172988435,10.44326059040812,10.181782142873091,10.532822242579984,7.515501249840602,11.211226924314742,8.235710994408665,7.593645734502483,8.738801021671124,9.321977216967174,10.357779435113304,10.797009487970998,4.952851111648368
5.603671305643902,5.161108404481384,5.317162919058343,6.191092379896668,5.3005564785568735,5.743086743364488,6.835733943927144,7.328573774024822,8.245074224760142,8.692340272038212,8.691273554788731,7.116160899082372,7.63436934116723,11.075790626850939,8.021689218197315,9.29772308103526,8.98687064333874,12.325541202258941,15.454196479104818,11.380802001421118,11.392614222079057,11.538963146742086,11.02821862489928,11.284162940842574,9.959244318579199,9.67584220928775,9.979481206384436,13.862343247236254,7.91313498979915,10.17538040711075,14.519486296028452,9.992149454543044,6.882000265211281,7.412096375884831
3.5701486789160373,4.347533601605593,4.915431168875833,5.315824154056015,5.668301725671532,7.0499097169472,7.130505448435088,7.479459089010777,8.522270715710942,8.592570401770743,6.762297542395632,6.557178827309033,8.292970953251286,8.236993987189814,10.981035365509364,6.818425999283811,13.542679397906035,13.23566869749953,6.015167675214774,11.556390244820346,16.0123700557684,12.004918627492826,12.495355895115766,5.617835566936596,9.530914239691144,9.02345186400822,10.38386797016176,9.524488321848496,8.88034520035698,10.288735266277197,10.510979790049005,10.143450277840186,7.587902705083947,9.028028115545181
3.2502866433160382,4.448203090716845,4.8551371656326845,5.857773525031537,6.586899419225631,7.557039069699831,8.027764232811784,7.485625849196206,7.981188529162843,6.865064892660947,7.080095691705074,4.463377313728821,9.736524963978475,10.367138797554526,3.879204362713574,10.206322737107588,9.163633120717089,10.654983911748387,12.85749119188008,10.616116458992922,12.266935263201443,12.167664287500589,11.451956599752945,8.75763872187898,10.128906462820272,9.928594512080096,12.002718425305652,9.706894223075386,11.31161345557748,8.344487304355505,5.533060848667098,9.16957016611704,8.432626062327103,8.872590907691743
4.185527119614457,4.898347649972447,5.508378411123573,6.681524963972133,7.176485459309841,8.955991277074128,9.160595817869938,6.831806323210134,9.709080250091016,4.043425410931956,12.672940567852509,8.706355405757993,7.2985740101797525,16.398483867588467,14.454233046521031,8.740321860765516,8.699991850622318,10.365949744839268,11.906678692872042,10.894970201539195,14.444661572778722,9.60523672815217,14.832842599844485,7.286440088265502,9.405920228060257,6.929778607216887,7.690113719795637,8.47498400745747,11.229797626237456,7.917254207382587,11.608844656691073,9.799085832462593,10.288602416657609,11.719501577525055
2.7776010522642727,3.8170941332440798,4.175466775490285,5.433209170671476,5.978849489413152,3.9567867604855054,4.280312076727017,0.9278768714506572,-0.7175483135116308,4.7126924779713,11.109095332863118,15.09174907478909,13.868239398737142,11.44607195916841,14.390329160569538,10.812299248145885,10.624057098869782,12.909085331945324,8.082866001400076,12.726281457075727,14.32137400871519,12.931276689196004,7.952561284908555,12.828097832169057,7.864215834345572,7.020625000903306,11.52346118369748,10.878662919674415,11.186558199510616,11.735131851780823,10.6944324989093,9.027801229645151,11.625007291480808,12.375000971117744
3.7985805560343127,4.181120517066082,4.745664550823972,4.308314398349049,4.666001518616632,3.322373819148384,5.0427587432486805,3.0385231473438536,5.7140094500930765,11.322793708083214,10.979375146945259,12.707644786101302,14.790660410003095,10.398605427468572,14.530494942401532,17.484230891486995,10.696062583129198,13.327067448637587,11.160475471879558,8.76176491106664,12.044629462086903,11.032449426834342,11.8117729809714,9.712358326028367,11.41140227858651,7.924953636807374,5.521188340376568,9.674387986093024,9.242082665311555,11.62501275641882,12.439209006515052,11.317718914548722,13.527897486193215,14.34510423014923
3.7995014204476383,4.358258647826221,5.619282541290877,5.465542576304599,3.771224933335108,4.466986609010714,7.971727678641255,-0.27613408926314936,-0.5658922766829686,7.896865042867766,9.579355563868226,11.467560453348177,11.400042588015264,7.67894461785894,12.063140747095352,14.039044690809444,13.537852397820277,9.34462132413478,7.045629241197866,12.5001523193611,5.935420637546186,10.751747110360864,11.502767434717217,13.11890999529978,7.7930256798131134,11.31438769017285,10.556638097987202,9.903684796080269,9.585075304694053,11.006297188019609,11.198935140997124,12.807405759736131,14.101775519933753,15.41432832836455
2.772850484257879,3.1538927120540476,3.4334855265203217,3.8808789392013,3.336669394727201,3.9209108303763545,-0.1789642065582294,6.298198709647539,4.138463594974599,3.0911351645734877,4.107897003934928,14.954787375704258,12.02168700221695,8.09212821728989,9.66733059657346,11.802195615639448,6.00668770488516,11.622219141466413,9.018350271270869,9.435116675663444,8.280239193280986,6.140864376618278,6.28294054791509,10.967604603568594,8.900055411941768,7.795575288196341,5.9682464218216085,7.854289174855197,10.442849995740154,11.141818967496604,11.883735987033862,14.175326521578068,14.685292188522668,15.667911629867442
1.2547828665666876,2.4749419516982054,2.4611516755561333,1.6996914262281626,0.821262761170088,0.6740312385700478,4.558231534503793,0.5972413659519991,1.4838822059875543,5.767150960686058,10.41141129690712,11.129225759629552,1.410539105515939,8.659628377652798,9.408322951183631,6.738328856946516,17.12426376233706,4.250122345220737,5.601143524228392,4.673084040039353,12.958031607363225,8.213466638782267,4.4489570550693065,13.077024574498763,7.892184683140003,8.438844092796188,9.515409887487472,7.646563401788591,9.921699610134281,9.719005228487571,12.620699922270925,14.09403165435977,15.972707751698696,15.838745957505765
-0.5594039277833434,0.10977827944630364,1.3949189056862314,1.9281908928131175,-0.15097511314284826,1.9533004874088633,6.801991951440983,2.2319501504022825,-0.7159636660849886,7.3686606187967625,12.555798012401393,15.039132569016623,9.262141674086935,9.791645297127449,10.298659139390667,4.106917579703584,5.710531124919852,2.7400666416857415,8.326131340261215,2.862475740429117,10.23718473142664,9.929402798115323,6.810594628252361,6.1654482501416865,7.777271391958914,7.172192258648564,9.669599794115083,9.284291140622136,9.114256208309541,10.38903124807047,12.772898130654815,14.684964547908763,15.641356599733806,15.496147378681638
1.4499521065374452,2.566659960144692,-0.38383931044603836,0.6049189928316363,1.4157794410097801,0.2302503811792333,2.80199085618641,2.531669471658616,8.308161656400973,10.645775391977097,5.866782795203653,9.349155792957133,6.428993893371599,7.02056186293423,10.700262035190036,11.993377478021262,7.513567157342184,6.187304726708487,8.763195511679058,7.122491787213654,8.455835500892382,5.694793452111076,7.974334480210514,9.936571705906424,6.643371854068038,8.701871202967572,7.033278091695145,10.011127773815508,7.940181426632014,9.957484664526186,11.138588090758827,13.156414692923457,14.576863869468305,14.172027596143796
2.164461261395593,2.5900861955064074,2.1236683293231806,2.315194672390349,2.990813114616778,1.7728145338294263,4.208358209725985,2.3816612431291184,3.3386397907337715,12.716939588008785,7.637545895067813,8.00722456028213,10.158909709895049,2.8714044409138144,3.610553612926277,4.342676600510122,6.867709188741433,5.728107674714057,3.0750394881042826,7.512954347512785,7.018240584275055,7.297733083123563,6.981495310810647,6.892583445096077,7.223034212203508,9.47118760931723,8.085104904318465,8.97726538397925,7.149099216703459,7.525773905277655,7.697238531013972,9.290423400297101,11.190389164750604,12.964583620477347
2.1212075715002263,2.7784119715213786,3.192903746243824,3.1634294012188793,1.9326385516447424,0.2253783477204176,-0.11173929694682214,7.77210819005832,7.799881328477272,8.95731746970745,9.154184113106053,15.839299589269277,5.174084669492795,15.940870160551935,5.221058041745269,4.933921232244275,6.421507665591491,4.161459646044869,5.557880151943803,5.471666429536202,6.08443972401882,4.785289524000042,7.709361441551956,7.450456279823234,5.734540711312689,7.244025557370588,6.70414166409863,6.552421030996597,7.444804374695807,7.679141025492873,7.52401185334789,7.142862037487192,10.360578457121761,9.580543372558607
2.6287797259751793,3.0697537883549235,1.9971657495489121,3.1777717040509144,2.2193735376107813,-0.8734926133997547,0.5637927961110142,-2.2087678727594664,5.047497045867155,7.178762156416327,8.133099204430712,13.615670075856874,8.040166962760592,3.693918937646867,5.315845562484909,8.691823582224357,5.295785714108338,7.184783800439061,8.55225107845232,6.723450917576666,8.259244574668115,6.696722497998931,6.8854437264257005,7.85667896254222,8.297294477174706,8.34896536116308,7.138701053570757,6.572087302231432,6.916549897274782,7.30907333422404,7.966280504614727,8.163845615883996,9.111407296518292,10.104373524465275
2.2623764980922076,2.761947796564875,3.4754305326733386,2.9670403399471175,1.3433207861384617,0.4998399475554813,0.776542694029925,-1.192502064357995,7.4175582330741765,4.010930572737931,10.106427547273164,15.255038392662174,-1.2812496778921338,4.326709194105318,5.445087770624091,7.471049946284578,8.24945257769922,5.8534632990451625,8.360564118238392,6.391732728980645,8.034761601744718,5.414278992952224,7.707775423498297,7.426920550033999,7.3698906507134225,7.21737909768852,7.090918876780452,7.559941557452895,7.863085068611037,8.204967735803919,8.052201491779293,8.19590791023713,7.918357165198836,9.973175167815608
3.0486631093704575,3.4883805653388777,3.848222275324447,3.112662578828464,2.1476287365729636,-1.4871993459286361,-0.10562869536628094,2.0381645027745123,9.471271571820955,7.310178589806001,0.25843821037375947,5.781176102383587,6.758203962131405,7.505494088191377,7.924398528600163,6.396993538161447,7.811589942960172,8.6763543870495,7.02529711796664,8.03339382972093,7.307132637077895,7.880231087790166,7.320384992890099,8.940967370003868,9.54832263165616,8.178226591950633,7.498176941140103,8.473479101813721,8.344762539936522,8.620039220244164,7.9443890428238415,7.30874856055171,9.459776000014074,11.539508435418256
2.2128593201680147,2.446273412503035,2.8880302949437415,3.8972811568161183,2.465518936115107,0.6891345375417062,3.3856602976451633,4.496686057823216,7.48453487452437,9.985028938778882,5.776968725130513,-0.9367550060845659,9.511836388637729,3.601075449909375,8.082188236768147,10.052398768260216,8.181796446314848,7.015599717313933,7.558377873568224,8.86836828537461,8.389712060326634,11.029210973427302,10.772457988602083,9.649643490125197,9.406827334217779,9.174568189617535,10.950294879421358,8.691628943422872,6.598432430344008,7.136268222814472,8.177820943602669,7.556348021404639,9.723959043098388,13.08544575472053
1.9056423889710485,2.4196298830832506,2.0910544440031797,3.025771742073282,3.634692132044407,3.607918117861021,2.9087697695849113,5.21194105900149,9.888556323174148,4.4175069071409325,8.005057321212451,5.115952608332717,7.466540365764785,6.415240555614485,9.753022673703924,13.547451722830235,15.23218789087103,8.184700180705892,7.727882411070279,8.352963276426317,9.438409454102974,12.29591214606915,11.497271847064104,11.175564760049932,10.678802967296905,7.920468215836794,7.620941643253068,7.593921490547698,7.262586889429093,7.395410949947676,7.6040460060543555,9.59750654020204,12.656288846783369,13.757528798661701
