script/wind10m.json
{"header": {"parameterCategory": 2, "parameterNumber": 3, "lo1": 6.000027932988019, "la1": 58.9999434238085, "dx": 0.5, "dy": 0.25, "nx": 22, "ny": 24, "refTime": "2024-10-06T01:00:00.000Z"}, "data":
[rows 0 to 23 of 24, columns 0 to 21 of 22]
2.3632050255544033,9.20716386035216,4.331495331799357,0.04079016747162517,1.9101509541372672,-0.6668058893924498,1.0880455345661317,1.7397924612343563,2.7615475028742575,6.076430964290286,6.254500538758385,2.3018916377987573,1.531405822305583,1.8627200424874857,6.907859825847246,6.9109427249286055,3.1404006184129725,1.7314666889471768,2.0567738736203642,1.9466580982631572,2.2635330625432197,2.062967395568908
3.8364095372712534,3.317030567635781,2.6308677153631637,1.2288268056544007,2.307746047172899,1.1997682529863491,1.395339662230165,4.6021667273988545,7.868339558979012,6.645942049578258,7.626995124800845,2.242397696986747,2.2243789952119144,2.7668644909593265,8.11902692286958,7.599101616371266,2.1336191101273956,2.1971662966250816,1.630802367037509,1.81716988498279,1.7812163634520466,1.7979084281541458
3.344409611439339,2.9892648488116826,2.1251484264389715,1.4325714727688375,1.0415755278013097,1.4937515214844175,2.322766730924059,7.577489695514864,7.208475761751038,6.515207725019577,6.2496459539480345,1.8341971062889426,1.9951208298358203,7.524382111253899,3.885402563856331,3.2493345607837796,2.4872388722560914,1.9079878745516428,2.3275098408830637,1.5335160860915984,1.559670519411449,1.61458180105487
8.423637259651297,4.892166003388038,1.7755874457733687,1.0472571757692761,1.7071736088924627,5.423768558028801,6.260580445943476,6.869746171880796,6.232448714598686,5.854375667306336,6.690445923514218,3.189136296531227,2.3867859597411814,2.1425362354196773,2.983900357813269,2.5628097218078825,1.4776346346624534,4.887300418527929,1.6270023311650805,1.6599103497521535,1.2269571011070755,0.8282692177840294
7.856998095401403,7.095175405384991,4.1587580195501825,3.0825111096044604,6.687628204734558,6.948195751211046,7.886982660936561,7.4829050816466,7.156030396477099,6.782983974237451,5.14945091139826,3.881199582454045,1.814908452175984,2.0025871748279425,2.2790626878550957,1.817646906777311,1.4026738518739332,1.7145544425039978,1.2824540411153416,0.7873838419882475,0.8798799553344182,0.4354831105371515
7.602546014992451,6.884305637121388,7.314480472608393,8.135147757269685,7.94321448907102,6.759948138522869,7.429177460183646,7.189075425770489,7.140475601024188,4.908528746871632,3.8502265948100916,5.184164943463859,2.1001086352573632,1.6878355202505306,1.662922749502389,1.522156419165165,1.4868359380407667,1.0438899273440836,1.0393554810982408,0.6842305597792951,0.2480142108814065,0.5363795621971186
7.00689094659568,8.256550283120673,7.576781038211985,7.671778737423469,7.253154214707565,7.649571649344595,7.534023776218931,7.259223779510248,2.614321468720976,3.3296923270028143,3.6884310594395444,4.049103416262545,1.2564434238666216,1.4264052039924067,1.063677428241023,1.094697602456254,0.796747213307072,0.4497446034546675,0.24282453472472015,-0.4546836767504123,0.17153924883966934,0.2174293869187774
7.4004543045268205,7.519637465117275,7.509421769576444,7.651200916609229,7.176819543680076,8.00611291788857,6.742404531960035,4.854571773370627,2.0152548802260135,1.3805641565414626,1.4665515973181824,4.186041884701058,2.9153575029625585,1.1205296310101556,-0.31136889163323944,-0.18722893351684158,0.4564054074879533,0.7485447333449459,0.6410107099256991,0.4582676661012224,0.27194934673767457,0.059642470669400725
7.84897780788526,7.956725785305613,7.707148908487585,7.623120466917121,8.09945379784376,2.3571431182912224,5.84888126018865,3.6069286240935408,2.2188116798881006,3.721315351096759,3.4518364432999276,3.3393213017452013,4.09105482959408,0.7825166907285808,1.1443597771410807,0.8890974119167568,0.826642648541831,-0.2140396745523057,-0.07398490259433009,0.12891204979856957,-0.214861878922673,0.27197019523935134
8.904670590780363,8.074263443749429,8.083620884467335,7.649604669333748,7.545388644166487,3.217352376916533,2.6163244063045803,1.8797085576631485,1.5810423793182118,3.0393009805823494,3.117426790574892,2.050353852560043,3.3341918978473535,3.548829918356743,0.7944638567207031,1.4540136078416581,-0.5364086233733399,0.2130849301861741,0.67742134538974,-0.6925873495255218,-0.3269069515210361,1.0466114746160058
8.644405198538113,8.5187114479675,8.349077676812637,7.601805426113436,5.165680557754225,2.4998677930671493,1.974090065472625,2.454392470498383,1.4515492511812385,2.520380989083246,1.7336120751735153,5.1885798161053724,2.6770866256751873,6.381397143067718,0.8730801356950949,-0.24772085205544275,0.49579403304474756,0.48937216059877303,-0.6912009944956948,-0.8493096155929203,-0.34157380609163174,-0.00012468030998359438
8.617271861780496,8.664464292850493,8.348124897583652,7.868687268995131,4.574198571098653,2.091073019128081,1.775933660653328,1.59972560574621,1.0213669661533422,0.9939938699254185,5.3220639661610205,4.458265477782968,3.9307571531842473,2.5548567659758614,0.24008246707547598,0.026770347703989127,-0.164914985017272,-0.06509849023945892,-0.328722277709071,-0.3759959306708799,-0.7482041637464042,0.28700419660007864
8.9940829415974,8.57213721242099,7.903590922837284,7.296315729164866,6.005618670447091,0.35653040792692914,0.8904710432723787,0.6468819650587921,-0.3494346611687417,3.5126881332862103,3.9706550020699716,3.870438746378271,0.6989317683522663,-0.1729909996472947,1.4138392959084953,1.0116464144654316,-0.3980644478496269,-1.3867325124384462,-0.8328253029923867,2.2977038208630978,0.782656752019995,-0.6686704152494164
8.736747873052616,8.476759635462525,7.673819158003642,6.8592908920524645,5.112174389136176,2.038354834534857,1.491272986898224,0.18101811896362352,1.4882675132199166,3.734996806866774,3.013141424131421,0.333840222215334,0.4300629452601202,-0.6863008907710662,-0.7971093174254377,-0.587622797136942,-0.5231915383689889,0.2670116380217124,-0.2247594086480882,0.14772819968772433,-1.3951981593386895,-0.5565684815192888
8.583793717950053,7.981685495981207,7.332458219257013,6.908808551852753,6.82197359052127,1.9725195939699103,2.1440553838925513,-0.28139209484243655,1.6349379388169083,2.4820710134254447,3.0747482824022097,0.03832555739252446,-0.45083137163868736,0.7578180747488886,0.07830544724471823,-0.7932382637358646,-1.9449949848167423,-1.4684100262739248,-1.111754413664462,-1.1174765851187296,0.487116264352555,1.9902258474003156
8.83722116966953,8.713594420342794,7.671876598573169,7.488752102763959,7.172780120080873,5.601466172729095,1.1279928902868976,0.9033349820856422,-0.003137009993115731,2.0456249412736156,3.5538942871669077,-1.1690159732293484,1.3573868056922234,0.5991545573911771,2.018572276261242,0.8732171410842592,-1.7815301058673543,-1.5337862664478004,-2.1496613733573624,1.3693955453468565,3.0612377281601337,1.9271920874490873
9.287056915268868,8.655123167932809,8.18717748147934,8.030188035641475,7.813741736881813,5.754073397022248,2.012319193711144,2.725005508434667,3.1838137961372053,-0.27118058859222227,2.6792607609930204,2.5148350685309775,2.0033235258694617,1.718611452623518,1.0987510080205978,1.0416007005206445,-1.5256796437737594,-2.989158765784325,-2.6341571026090347,3.689673097174471,2.7483557421960065,1.1662264111277534
9.813471184225023,9.523564249066345,8.497663676616419,8.461839223576062,7.595812372119076,2.6736988278802154,1.669047165472721,2.2242445166927265,5.0213105385110675,4.65391386433492,4.789714945356657,0.8817067538852126,1.8368741698459465,2.4394513647212195,0.22800275264674358,-0.6890668277077926,-2.3755215981166025,3.6800092789762364,3.4009080566010192,2.0000901173868133,1.7568556125577826,1.0657844532477858
9.361694195087718,9.191796496683436,9.050483105719975,8.141991534852947,7.462424737150961,5.025992460852037,2.4214302592466503,1.8589891491650943,4.231225174988734,4.497280575141294,1.265234843317013,4.426658889509509,3.00545553329242,0.8387454945203761,-1.6279607719182285,-1.3412668414521698,0.660741982336421,2.1412421082977815,2.5836445805566033,0.800875165425221,1.1899611927470823,0.9990937092003794
9.467221048981168,9.241469838225406,8.758832955744762,8.126552568695036,7.401867520441097,4.881525125010093,1.585942983702972,0.537294965406117,1.878372730748798,1.2818656746653916,-0.44056645619631335,3.5683320678505623,2.190998747651271,0.03988011861701227,-0.8261368724042961,-0.3454442736355816,0.5236614397484854,-0.353114901059393,2.2339959349340486,1.5905780508566079,0.6125807758834128,1.041087308090919
8.699248800008043,8.579206043964552,8.801437045115021,8.038112952742203,7.387578479353153,5.580849468433885,1.5196883546777684,0.5220454391529874,1.2916990353749975,1.6787392564618044,2.3973613413694945,0.6227739705073394,-1.0288336131527727,-1.3345485071577616,-0.4386950390980273,-0.21739520254848033,-0.35604019714005447,0.40044566379971636,0.3088093367551764,-0.24764666082475575,-0.43254467895765514,0.5304496496145058
7.981425031599471,7.581666229845241,7.564495596095311,5.161884328358408,5.8931263474938955,1.9580050588977589,1.2585122336508308,0.5840250150114628,-0.19479530569328338,1.398547260089452,0.7552965824441776,-0.3977207818046567,-1.3991575218315726,-0.5024750229424979,-0.9004367327271275,-0.7794581681640319,0.1510140107379587,1.6066547355780871,-0.14892516494312164,-0.2603442887729083,0.3331831031947279,-0.17442400477057382
6.419179783546455,6.245381932973458,2.8852217429480547,1.9345524634967597,3.3035574067697997,1.508907166587554,0.9519938826416932,-0.27934399121556386,1.4748072591826458,-0.16727573031276274,-0.9147607821208443,-1.1673777314833296,-2.6649163938290923,-1.6780004484328415,-1.1531795165703984,0.29500175286986247,0.2791094311042648,1.3904685796724316,-0.32709215323916374,-0.3723321898352532,-0.3503830553646132,-0.7997059421619889
1.5237039111656716,1.7595856957222578,2.1608763037238896,1.2126117712456979,1.401015332904958,1.9038497416568743,1.160565966800029,0.28286832254545674,1.668123359855977,1.018592654986181,0.147653887067378,-0.8211963479490055,-2.6876458802263463,-0.9604682357487604,-1.0818509150471556,-0.6291568184088092,-0.7142265553825886,0.7230820006745865,-0.20349774936694234,-1.1932797922819094,-0.8253561891546208,-1.004071838574795
