script/wind10m.json
{"header": {"parameterCategory": 2, "parameterNumber": 2, "lo1": 3.000054539987559, "la1": 64.9999836372058, "dx": 0.5, "dy": 0.25, "nx": 34, "ny": 52, "refTime": "2026-06-29T09:00:00.000Z"}, "data":
[rows 0 to 24 of 52, columns 0 to 33 of 34]
-0.36455798659496963,-1.1269803536702518,0.026346340690459245,-1.7278646970599092,-0.9935482671037389,1.3048763843934648,1.332753933813745,0.8782347615659916,2.312363171794032,2.177111996318519,3.8919154229301176,3.5827869359062894,4.297319340290468,4.273060199178967,3.997954044489985,4.087260126754798,3.865316554542032,3.743786691327725,1.2897400751944175,4.337616612141773,4.158871617437261,2.2584762108768386,2.3533118722363287,-3.067187923720273,-3.12795745455492,-1.4573607076691686,-1.4665297752180664,-1.2372866004916399,-0.9839976078707895,-1.0093546707034762,0.2956833718342456,-0.3364765277094246,-0.06379394484643801,-0.04181836130064552
-0.15653335080523273,-0.34424421819090895,0.4542133808387291,-1.6743112677726772,-1.2644997814620573,1.1932524657753183,2.501383581424665,2.520566541663437,0.7373813599528561,2.298200585750828,2.693927751726823,4.10538366384066,4.667547332749791,5.309293400291066,2.884959606175348,3.491094075903125,5.879457756929342,5.251575415156608,3.4617662833728593,8.625597261551365,1.9645262941377928,2.6213996452896113,0.8970758624788788,-1.9719085965210226,-1.6590727357315374,-1.703924467908698,-1.7470052973870176,-3.207160513379335,-2.6549006575808356,-2.4061377186260797,1.0963711758386825,-1.3436361844750548,-0.05723594689260466,0.459611097653684
-0.13752571604442573,0.7836246612120519,0.22429668472873696,1.0619070474179715,-0.8135660132105856,0.45522553180580266,1.8710121872030192,2.341122555322881,1.6651419145635569,1.0795833076933308,3.3294139236440006,4.654246536228289,4.321125018183977,4.659435686500514,3.70054763077854,4.341641203169938,3.9951020148091305,1.2890508527598192,3.2141412823126685,2.840638383570889,4.0333561254489645,2.239278819696389,1.5917653477012557,-1.3146141442682728,-1.0127879341687729,-0.8918260439202257,-1.6759409177453501,-0.784280126558671,-2.7382410084948545,-0.7226377134963742,0.8968450488502051,-0.022127585629533354,-0.8329285079778639,0.32949759104367404
0.3603686772111034,1.6391228468886232,0.8750814228941022,3.3033987952044477,3.3205140073984345,0.872431700124537,1.8901730616865287,1.9888235819685558,1.748719179539149,2.0789335369056707,3.0430697395191286,5.082556055510729,7.000412831658821,4.358165915543698,3.200093403346813,3.854480458861633,1.2670596367728015,2.5129193503134566,4.391801184223266,3.1550104400747894,6.059548490000723,3.393158015580257,3.421686755254993,-0.43696268733505167,-1.1907885273125158,-1.3130275920630248,-1.2677968711945464,-1.0265622227896036,-3.662550334913178,1.5242400435188126,-1.2732551288896932,-0.9750060900181015,-0.6836888013467025,-0.1772260835368416
0.781333175925381,2.4810740709962724,3.4904943246608817,1.6497553087169265,2.816553599602755,3.769624693271373,3.606940479601513,3.473083055343654,5.174897112125476,6.1680213113501985,5.596064624318082,4.8365212096378825,6.275144283838155,4.663888956166585,1.550189149489063,2.1801769976275653,4.821048806513,2.443930976936644,3.69488011753298,7.594765661359811,4.174642209526356,4.938149674756778,-0.6912247540366091,-0.4513192792452135,-0.17669838878248875,-1.5079489621034425,-1.6109620543417913,-2.351119507727091,-0.6938040989258671,-0.9124099921067166,-1.3583180495763014,-0.8098167764885366,0.10870509548790977,-0.9137962522575589
1.1545249538304958,1.8571433120847851,3.884284582979547,2.732878613734404,3.1291885477108368,4.397921107865636,6.343119595460803,6.661937415664232,6.105977936008633,8.325581815338385,7.897101962112952,7.114574705488005,5.839264746819991,3.96791022546641,1.4929789245802347,2.4048067162758175,0.14446464041076254,2.7950302012353934,4.793809276376254,3.578252326833784,2.0610507835363596,3.4495042625898282,1.605802812360987,-0.6436294314097928,-1.1858992187585349,-1.4642970423079698,-1.5159646621650014,-1.9150033059093958,-0.8598718899380254,-1.200100108764429,-1.2875166732908594,-0.5542040581681064,-0.6875222343906713,-0.3885190186786746
2.0684303874023047,2.109542243219784,3.1347073647482504,4.206000752851834,5.021334187851338,5.312702046333014,6.435545285110591,8.3068715773986,7.816047107975085,7.32580635417917,8.763496175507921,5.419421420303753,2.604636621597427,3.1523977083742207,2.048751803499365,0.5033785294100237,2.0862125102216496,3.0311028077788658,5.234711800527967,3.995939934262359,2.841625430256765,3.0445332715719347,-1.5205863900200278,0.21690775732740816,-0.3544346275236588,-0.42054862475438365,-0.4385108414805792,-0.8632249984743585,-1.1746225457259334,-1.0306421630759184,-1.8890773556718,-1.0967270387314212,-0.18324483630661084,-1.6521640024502513
3.032446212209091,2.638359111478747,2.4806229164314004,2.413224331314133,3.139694313809758,4.767453807898885,5.969800826886936,8.032317486025471,5.919022219248966,4.878543047884056,6.482397757787428,0.40093426357043127,0.9478074275088758,5.8149702905869205,0.6894617848174107,0.9187492469122652,0.48887883943257926,2.2667238844910056,5.016225071585445,4.575895295310026,4.094962203392227,2.937724489535566,0.7159286150193614,-0.5223902402468436,0.21288876472562504,-0.0874585400259457,-0.8192916000938479,-0.7199143089531251,-1.2767293208261712,-1.9662454955111552,-0.9608173137039097,-1.2376434361673594,-0.1853487582513702,-1.4015994307606716
3.3341519722098223,3.754657475251292,3.6691549569324957,3.9274607807906703,4.130375543610376,5.110907412219568,6.695301195793565,6.799659523505072,3.008315394324162,1.1023195560884076,1.3187870071364913,1.1583795167751938,2.8154772317650405,3.507824772754407,2.7385395051832475,0.758914850340182,1.7855344008007656,3.054600107450429,-0.16084757353779733,1.6688023978201154,-0.4175599931702093,1.199938549873623,0.20965344574081418,0.25770717634707196,-0.009908942539590994,-0.13377674071627477,-0.6066276799190229,-1.6436984986381329,-1.3374831110576677,-2.169475200710213,-1.3802998217828557,-1.0301833177822377,-1.9746152428604125,-1.8704762446693588
3.8942050360820044,3.7749939945995363,4.182673777535504,3.291033774063816,3.824448584495992,5.7676960202958725,5.561947267562635,4.550726569311398,1.7401954283387857,2.1632309082425745,3.2342080668240816,0.915286954389306,4.370838786458818,2.9874439089363,-0.3603360034486328,-1.4470311401782383,0.9395797282457,1.7987150589144751,3.527528097570266,0.8657745958812019,1.150572941998186,1.4915033234528166,0.7459664832183075,0.9320886559745397,-0.2740911236738873,-0.062218334854394056,-0.5645310694764403,-1.5152088384928346,-2.1611568307094418,-1.9612694951515897,-1.0526748703915603,-2.0995966180370846,-1.9720583456353948,-1.830656481543952
4.032921577448489,3.9494841823962274,3.7054728884375385,3.574591204812084,4.2644542144361735,6.408183867436789,3.8651459788695637,3.0907486244156472,3.40023067995691,-1.595151425469811,5.310747718046808,3.3321267733665243,3.6301795866578805,3.642008558731762,1.9767081086140297,0.5402905014663731,0.2926372450337239,-0.02737644079950133,1.565448534846398,0.2123783651076402,0.8783697173969185,2.2083719366597556,1.5835248314543808,0.9716956865113434,0.09938680835092394,-0.13118147379514516,-0.8883861996067949,-1.5881641293058715,-2.164939850527483,-2.718799460185613,-1.5956360168260022,-3.6193845444788786,-1.4832015238414293,-1.347898428260515
4.0206241240399745,4.27772360770435,3.4545758383751632,2.839089105710112,4.288718859898642,3.7447115089495635,2.0154151029245875,0.5622370110735482,-2.8916011493222813,5.067797630026174,2.5133378718414607,5.622517776458325,3.5114864354079973,5.594568087393402,6.660231329142175,2.374580330253507,3.550901961453372,4.037271788896621,3.0264289429021627,1.1368023620808263,1.8245335898460235,1.6546816610984383,1.8212641364016002,1.3107238479902223,0.10895155861702348,-0.3461921368865433,-0.37061148687479734,-0.6984151333440765,-1.3989796070790406,-1.4298819692603313,-3.045186269345682,-4.148158786135797,-1.8655994366902018,-1.8754756165033772
4.469660338631126,4.574910840415498,3.497169705660378,2.3575680407449444,2.891655739274273,1.719286069360025,0.4397937091457223,1.6699210077960505,1.6319421900794266,4.090651592958566,5.545503062904722,4.215642061310005,3.109772131505544,5.521504497223481,2.8551048588331533,4.069442524605965,4.703583891721201,4.003124983555375,1.6333338863069664,0.36266965362868403,0.9245933106603611,1.6449815995796417,3.194134644168234,1.5276387627303376,0.38725200591508085,0.17154422657702947,-0.52194704550021,-1.5777754647224056,-2.358554289630239,-3.071483145254631,-3.8865721301076492,-3.9826116718755347,-2.508267863793061,-2.1811806905526048
4.611208603459756,5.146298176341197,2.7962466948012548,1.52512344207542,2.851430040266449,4.869815550318069,6.826378502963995,1.872942573303557,1.347210610375305,5.920949576368677,5.95021530682744,7.000091243645708,0.2598126781420448,2.026078722608569,3.8657287310937507,1.7832268665725826,2.563418919261741,2.0470958134508352,2.376180316010219,1.7110464049279372,-0.966408537898583,3.863569728607029,2.4429738922758335,1.784786497549847,0.4962997391782404,0.9328243084301509,-0.353383786383527,-0.33018460728918775,-2.0254848718859404,-3.3848943511129375,-4.677049809930049,-4.078487370657621,-3.094737815951276,-2.298916870154286
4.871993065821923,4.294428914833598,1.7313044060503706,0.7409862665166926,3.1694719361710932,2.0324328497727007,1.813574965785419,3.552449184877835,3.5351686961385154,2.72039212449878,2.6308817505394995,4.555136285423371,6.853494585006271,2.609232645583117,1.7634727454438797,2.937928857204462,1.139158768157445,2.0869577496999048,0.9990091538186563,-0.5056611579907431,0.5972270234204782,2.1079724668852875,2.126180022668509,2.1334400359756756,1.1312388697944857,1.0897859370654805,0.6267317665014299,-0.5378688663214505,-1.7715318938723534,-4.589037659736353,-5.1302113370456155,-3.873591083881042,-3.505538779678256,-2.3415461557397976
5.604976008215471,4.665142401980463,1.5523759780081605,0.09448296133323363,1.2483830996554093,2.4450450622109123,3.8967653744507733,-1.1998413130639733,2.020683265638268,2.4749095852327305,5.267822970978381,6.981472038639899,4.434324618137247,5.658566151716628,2.556330733467197,2.44007280495176,2.9161749530471335,1.209947772539358,1.4298750744639503,1.073557303335508,1.8852442314026507,1.85218087702207,1.4159334345211694,1.554899619679749,1.0953218403970277,1.6212074861882184,0.9294318101936969,-0.007455049714834804,-1.9974179619634986,-4.137075496941124,-5.338091952290028,-3.8084406869159446,-3.2305943666309127,-2.3126957870877045
5.8726900035750695,4.054398191737818,0.8483189798608056,0.5993623565530612,0.7627837187798122,2.165711231972884,3.0018656471964777,3.207121344783827,0.3129553258887343,2.6440927393046953,5.95114896249193,7.344893023323092,1.6464927047998188,1.4756618658443246,2.277005524961956,1.2241429532659536,1.3210741642940633,1.0454270570378303,0.7797406178257177,1.4707561351279412,1.4506790323583487,2.288596639258227,2.1178666328915887,2.033317547579748,2.1862530329593692,1.664926574747859,0.7730143273540006,-0.08105845649870617,0.8127058302528937,-4.934754348647931,-5.495242417395149,-4.0288453135404065,-3.1870050996441197,-2.4587776366185734
6.180968899469035,4.366890229667377,1.7871230978109205,0.8669358893743118,0.7105874122708702,0.6566027340365309,1.401192535745256,0.07818507626762215,6.324261154604727,7.519413513854828,3.8742854371489077,4.706096996597772,1.8088955844179258,3.0668343179885653,2.4597906055431253,2.1370335684493114,3.0060101948412643,1.0668744537104549,0.11227076343098787,1.3359912727216563,1.1204260528236742,1.330892765853094,1.8390903030142967,2.4243994192346987,1.5884302707904476,1.1990809361403338,1.250063337325786,0.19392999794309823,1.0874801106412506,-5.2105486444299185,-6.796336863670993,-4.598057032418603,-3.803390055416794,-2.78892548744426
6.815635324950787,5.486333131267102,2.7341910236741493,2.969047563301017,1.4397643324898721,0.5172461645773696,4.244864618005387,2.596127240933817,2.792516370327749,6.124224483837661,6.224561056466234,3.4063470112696104,3.156133846204208,2.0220158136597783,1.764995099197991,1.7926782538932804,1.606816012984378,0.7199894720032559,1.586764533945258,1.4920356439395348,0.9361829688258135,2.318668660682941,2.2474399074211533,2.295965359741821,2.016852778847969,1.9294108313211564,1.2108194205889478,1.5538026789368524,0.8307405430701248,1.1942409024166614,-2.873721549551941,-4.755363622773932,-2.199949620233954,-4.962943272537788
6.589348441171888,5.386018521611871,3.494663234673683,3.4886924264971846,1.3949577303883407,1.1692528975006913,-0.4433809689721853,6.526870476355668,7.838622728124704,7.554216482122667,7.091146799330023,7.2748504220528485,2.8916656142011044,4.185465623159641,1.888194256666052,2.4618530270487025,2.4415891411278876,0.9253380984750849,0.8937914966554122,1.8410437572569023,1.3789510034469132,1.815901866573863,2.3239905549115933,2.1139174841625095,1.9879780033659953,1.399804998582661,1.897095225086029,1.416057311577938,1.1534379997906268,1.3094819417253543,0.39754142493247363,-1.8502329577823737,-2.7627765830377555,-0.3002952640243031
6.7008894341385785,5.015743187425291,3.7375968232815713,3.6936853759927426,2.0961503678244,1.5377138224315394,1.2415551022307818,2.979956228575941,7.381996680023591,6.0381801012576535,6.314691991771271,6.972029407385199,2.8716721321272103,2.10467720608583,2.364304990635023,2.4766522213050086,2.43799006583284,0.7060485157859985,1.5924554288225075,2.2004014744097833,1.7617836953848651,1.7652765617458108,2.1340620676837148,1.7134788368089617,2.094882479748895,1.8146908966677338,2.047121885720502,1.514442969136197,1.2423317741512423,0.9314794512434753,0.9316355937677344,1.0312477492982244,-4.465890490234152,-0.4249949064223857
6.4357420734427535,5.2977903610601205,3.7643564212552056,5.094619704136642,3.569416606883367,4.914281618080261,3.109153780564705,1.4034364064567686,6.936927775728778,3.374955757574939,3.862299131581461,5.006968224654386,1.3181573079170767,1.9284023426401335,3.8362687872969206,3.3776807936216744,2.696518163335949,1.884817431676,1.5467564905509903,2.1549836293415625,2.2320509787909657,1.5519010543452585,1.9485390072806534,1.7029654358859543,2.328031753105961,1.9675841455342655,1.8818112039283599,1.9939578015484105,2.2338215595808513,1.7544783649879896,1.2432315264991909,1.3767402769987858,-0.956535291427054,-1.4078729532972145
7.299057294779034,6.0077114009782395,6.468827163812228,7.258810986562962,5.874579067915104,2.5688793635858582,1.4063274088616784,2.8651541480989153,8.192495560981078,8.939011698893472,2.57703252521328,3.662249423364238,1.2538098833899154,2.1499240649276534,2.018868601265145,4.621614775771377,2.6232806696798265,2.5140547465506735,1.897112375411057,3.36117688288168,2.3497166620182184,2.2411533415523377,2.013695356953309,2.4883347778545555,2.564825381376867,2.381504912433403,3.1222078147151486,2.9915595521749085,2.06435293004436,0.8260780283540438,1.353229093990397,1.0482419934125289,-1.7806963528132809,-1.3694587246269405
6.8312777267948315,6.511412541877687,7.099497460915418,7.556230650759096,6.925669745219289,3.753777737582916,2.38912436474105,4.8267109665981955,8.109103572693979,3.8050527192885544,1.9698944209973681,1.9604299258467686,1.942630360047181,2.3525464346074094,2.4648773312041072,4.958189651638788,3.8217328666658665,3.4891537046419363,3.2006423882411803,2.8308718532442994,3.0224059227225677,1.6251146451731127,4.260739605343443,2.323916254259396,4.728985281524074,2.6345577446567514,4.317994726866768,2.271176215095643,1.7348924436715183,1.489012365193976,0.5881543906348103,-0.18350202178224834,-0.3798329149305501,0.2377162258417339
7.244350746291836,6.65667545552676,6.375438565461771,7.935654477312281,7.655683471159511,7.247378197944171,3.857727323656311,5.922009928388616,7.471689772340043,2.4296764515235854,2.89709007481227,2.244550666687497,2.1680783694419374,2.3518246453444593,3.223764296612284,8.628826960005979,7.554401735512222,3.4559454759858395,3.8053226913990708,3.4257024238802773,1.5937312413986275,3.4192452430288895,3.2381912368812027,2.920506656752833,2.785609828622736,2.7072610939207022,2.6370322873115555,2.40884343404596,1.6290106372598827,1.943260860458885,-0.6082127175171242,1.477076702533872,1.190408242332577,0.9427926407433539
