script/wind100m.json
[{"header": {"parameterCategory": 2, "parameterNumber": 2, "lo1": 6.000198445256149, "la1": 58.999992894266676, "dx": 0.5, "dy": 0.25, "nx": 22, "ny": 24, "refTime": "2024-03-15T16:00:00.000Z"}, "data": [1.9504552199228082, 3.845395269341168, 5.42323712491359, 10.522227878336574, 9.240941590641734, 4.57005917324198, 6.713903887119387, 2.253278151197601, 3.6563065687501655, 3.045304844532474, 5.432608102249322, 8.623741112445895, 2.804074095139584, 9.022950596169746, 5.998539434287694, 2.465641502750906, 2.9234819970497563, 8.920552463530601, 4.6049314689401095, 1.0989631800336719, 9.20001288714015, 7.03775192993638, -0.0875050980580332, 6.152968041691115, 1.4876307919018747, 6.11269457262572, 4.859855843639494, 11.461897382300585, 11.597108118659913, 8.907112672152387, 7.176716857549198, 6.09303495787501, 6.165903513141003, 4.327006237741633, 7.076091346237188, 10.857468149461516, 7.695716285320283, 9.377108942461298, 5.454353312131072, -0.381961275706484, 6.637992466700432, 5.5967496373158125, 6.982721485122517, 5.478162947258828, 1.2628126957309178, 5.108052827893229, 9.384866930243152, 4.968053495824766, 3.6700440729822517, 2.229003070248069, 2.61390249309425, 6.610311470333164, 2.005689103890175, 6.970272995872049, 2.621330222941668, 6.855691655021705, 5.430991584124751, 4.011647815293485, 3.7964096909550387, 4.440823425789597, 7.690430334775816, 5.506763959244245, 3.453252544842831, 8.294000439730183, 5.298350293861154, 7.087174602080898, 7.146434393938578, 7.72933911049522, 6.788272852412925, -0.2725779121192607, 4.643825567606711, 6.4751678801341805, 6.026107697479488, 6.476546330955013, 7.550693755778725, 6.491507628399503, 6.2445050534450015, 6.3319933858214865, 10.989462176072237, 5.097364608668722, 4.273590826466071, 2.3758706762930673, 6.132492638487351, 3.803606886482467, 6.210710738128432, 6.728015495759825, 3.801086496519918, 2.368177997801314, 6.963840997732595, 2.451971365202565, 1.257705441848546, 1.5952798465540297, 6.631968078313259, 5.667907649033394, 11.166359970604388, 4.044515734744049, 4.894404536748448, 9.721156751737718, 5.945439576185332, 9.349333536523128, 6.060899276821548, 1.2893323891220392, 9.890399583006943, 8.192203059650671, 6.370161899305519, 4.0832439262584135, 7.571643094005094, 7.289299823191362, 8.362821142075807, 8.882499943110282, 9.483785288922867, 9.62486425453917, 9.758378329969338, 6.693857586844168, 3.6939810693190855, 9.612266712668982, 2.775376693937353, 6.9687715367336125, 3.067541653026958, 5.973847798002791, 4.972979227031427, 5.734677243198853, 7.569104616390193, 4.630189439422906, 11.999991276398362, 5.048756845326543, 6.351555488705113, 10.182531046217955, 1.409171881767714, 5.062431878110171, 5.74948968315865, 3.8578790417354383, 2.076524938262152, 8.395283339948387, 4.689846930794768, 5.964274031949901, 8.142797117729186, 3.4241972010036577, 4.274994890844784, 9.194772398446219, 4.230054524519751, 1.1148023061117793, 5.691635910700611, 4.807643041183793, 7.015422594834574, 5.649023890663239, 7.467869062678696, 8.615709824969151, 4.7720793710808005, 8.120083143249918, 6.897581207929025, 11.195078790362372, 7.286377195043955, 6.677890291773899, 8.324481089685, 4.872746100881181, 6.223788765010455, 3.592092495161752, 10.141114222973718, 3.145350250464516, 11.099994339554522, 0.9569700520253899, 7.19250271651849, 1.0111911481713096, 4.889592890445666, 7.737078738922932, 9.597489528731977, 11.073028892823906, 6.655760872019669, 3.5284410730923343, 3.9043817144048334, 4.769340581281972, 10.47770526634945, 5.8382746341423, 10.044647452960888, -0.43064484306190814, 8.184236328990202, 2.4461475379121786, 7.929759674972953, 9.179207645388857, -0.9238596741078013, 7.897635241854883, 1.8164057684046269, 2.512341882749101, 6.2182622502875535, 1.6828823470313643, 7.069761131627367, 2.1591567510182665, 4.1454737937993364, 6.577562343251602, 10.48854463654089, 3.1344093443873087, 7.705170215729859, 4.7326548469121335, 11.792240446087082, 9.550667679019766, 5.3059779014136375, 7.386524229688644, 1.7907018061835325, 11.088794185254184, 10.58330966298404, 4.707148850580887, 7.363218457649092, 9.506482281114112, 3.6390599964587174, 3.629709595282941, 7.835528115634003, 10.221769817520892, 4.571342210554781, 7.257184492508459, 4.836019499650118, 7.969850736276513, 7.321680420240675, 9.490301738329848, 3.994363190951561, 5.447336107745699, 5.491714823173248, 8.965669782137521, 6.601842937813829, 5.929456027904001, -1.9146620185963916, 5.301313372570035, 4.728809715221166, 10.56921497590644, 3.067197283506538, 7.9053294540593395, 11.240502511115373, 7.568062084574548, 4.939259015893368, 6.605819197953841, 1.0810972787395092, 2.878564692864141, 5.048927862080132, 4.590897080741315, 3.3550745984461723, 4.084100181791381, 9.022188519569704, 3.8166180095681597, 5.62821725640432, -0.019595481717422224, 9.226620188843714, 5.519968140251463, 3.113557675386716, 4.120037749142616, 10.45503360549347, 6.637356420793941, 11.11314074389867, 9.512570481323944, 5.325983516239624, 8.326082587857211, 8.096637072069328, 9.244194722521115, 1.2345633402398979, 2.169915130871538, 5.398549465683699, 1.5822041432314597, 5.163660664137034, 4.348233165206527, 6.023553113112981, 4.413387048508941, 6.797655574997065, 5.436796177829326, 8.043441495180558, 10.210303053027895, 7.514230790719987, 10.230503958557383, 9.43445550235678, 5.296953070733449, 6.381018022358615, 9.714984102820011, 2.59562531659533, 3.77570435398018, 11.033569668780213, 7.152895400417946, 5.590683894686687, 7.256215206286585, 9.389269133194263, 5.9729836059479515, 3.4928741967900176, 6.522996136813855, 10.14769229507349, 7.774510759414095, 5.048512699305084, 10.209260031255132, 10.024334175331713, 7.6589718416741, 6.532025559434619, 7.7735979721747865, 11.119246642526516, 3.7915796686961194, 3.593412845977714, 5.734283153833981, 9.40535370890118, 4.791142388209441, 8.48139366923061, 6.560622433097143, 4.434055274654708, 5.546904152243757, 6.972727324211395, 4.205134664729201, 5.6264630025774425, 6.999780815494162, 9.157748049685306, 5.995213009619567, 6.518884096602985, 4.440853751953508, 8.43729282207831, 5.176471527250535, 5.221789184900122, 0.7278636634368892, 10.3526613186238, 5.069092522366511, 3.930400458464512, 6.45810841231215, 8.244287783318823, 3.7995872814423977, 11.50909014026305, 4.231625833700566, 1.2908961976830746, 9.67105045411845, 8.898004666943415, 5.813514701685394, 5.678076018394662, 9.079343933360445, 8.797071503308137, 2.257088524485664, 5.805249494086812, 3.92689984561368, 4.785514000652783, 9.350549728172048, 5.352960481704316, 9.064260680997133, 5.257171379829874, 5.065570210891641, 4.433547003881124, 4.452017743573416, 2.9025036181002886, 3.348298240431333, 4.768453200990841, 4.417091959516113, 10.326199541185836, 2.8798484818347023, 5.705201945191635, 10.806074942787669, 4.413814476818436, 9.808463545653408, 5.391911351160271, 8.070022774198003, 9.014121699275016, 4.820236727244561, 9.989214350077596, 5.0152998438169085, 5.781359418392315, 11.698329593381802, 10.06857842689392, 4.1691367932626555, 5.008427473964256, 8.290906040655527, 5.950604767298216, 4.926108347349007, 9.477262078719658, 3.6404720500754437, 4.232766090310976, 7.238803659683216, 9.881312209922523, 10.587468665609817, 2.1576728811776777, 5.930760693381273, -1.2858244542333985, 4.235473302200505, 10.67240751091032, 2.409831997400277, 5.6929294745739, 9.468311787263852, 1.4228021639745128, 9.80785892755867, 4.537571062784814, 10.294931285041331, 6.247075477461498, 7.920615661228991, 6.60807869013102, 4.843909219902135, 5.22519321663736, 5.407493752205932, 3.7946382255075792, 3.7510225952240024, 8.984806034725123, 6.646183688606696, 2.8451956319008844, 5.2813525598027145, 3.8116567075507373, 0.9315454007964323, 5.596192751991547, 6.928811897845812, 8.026789762868919, 9.667663401932247, 6.511815999190528, 10.220544806598665, 4.855164974304878, 9.817131377262822, 0.29585998146185294, 5.950596925428682, 4.0960143347682045, 10.796850052574495, 5.388183632760854, 6.862785391819608, 5.614005496289909, 8.503914093618667, 2.1158551994932666, 5.1586672627722745, 4.563674456404003, 10.180875171038306, 6.183773385657235, 4.999716307671243, 3.9960195187180205, 10.310922322846192, 5.611469183461616, 3.6756734481949724, 6.75069314096407, 5.174822422425266, 7.727840758067305, 8.419982488676514, 8.127804312715558, 6.004985293406869, 8.213678704638648, 9.961364203325447, 8.542299215831097, 6.793305427160294, 6.503800280981964, 7.319637056326103, 2.7475777880463146, 1.7096693974729458, 7.005154040697646, 10.234438759380595, 4.921082906279336, 2.9257508172578635, 8.84640417890871, 9.764096510049436, 6.876401074785543, 8.68229316969314, 4.337619671296563, 7.607498116012574, 6.901590419503346, 10.67035817671125, 6.697197611416311, 6.802415342316768, 3.9982019106875213, 4.472115006635629, 6.954055838823956, 2.7165766356425527, 4.779975965032941, 1.6809133037840598, 5.4437207571838995, 5.558493256087642, 10.749896789501683, 11.671976275558743, 2.79132460852258, 9.599492022336689, 7.7532772517950965, 5.398663558983945, 10.228588479540566, 4.010506970820399, 5.4946952374322295, 8.624997043956194, 6.341429855179351, 1.5045259524224246, 6.910070974689355, 8.01847288607981, 8.92817985739585, 7.749475108805825, 6.579389294666968, 1.9361148244186477, 4.6050571824057, 5.920784679807493, 6.731334784993439, 6.35498813012206, 9.462827618712577, 7.026768124312224, 6.232548380177116, 2.8688905588164872, 5.7026365330914155, 3.649774456262032, 4.0478584714486505, 11.413550787552307, 6.668532839868327, 2.9078311693907364, 7.159200588065283, 4.889826694359134, 0.4075752796041256, 0.8071540662485459, 9.005689344206306, 4.5526486827209665, 9.284638552576457, 0.284946461580083, 8.767531124370505, 3.8085227052503354, 9.065506036575826, 4.6585507999441464, 11.88030513119303, 10.595225223868727, 9.991933142352472, 4.1272782995235255, 5.279296062126531, 5.028053029643233, 2.91315318276155, 4.008909033148182, 7.22921599505986, 6.216260323185066, 6.082026145631235, 8.841678458183578, 2.031540014473556, 8.868414578937834, 8.604711111874527, 7.999150382857337, 7.377348695997679, 3.409549880965374, 2.1205229829954, 5.087396187684952, 6.334493502971474, 9.312299809543847, 8.949309330315572, 9.82856232193269, 9.645098982248951, 8.335882137839908, 9.006700960497206, 6.891238155180936, 6.239242055648365, 3.6703660240088434]}, {"header": {"parameterCategory": 2, "parameterNumber": 3, "lo1": 6.000198445256149, "la1": 58.999992894266676, "dx": 0.5, "dy": 0.25, "nx": 22, "ny": 24, "refTime": "2024-03-15T16:00:00.000Z"}, "data": [6.106586533071352, 5.260455232799268, 7.0818221933577465, 11.214870561977223, 11.04215742136098, 6.255733212279043, 12.33669524218908, 3.233672398770142, 5.66695795946668, 4.939426658077739, 7.064653710475402, 7.461939832527573, 5.261394327033995, 8.83790186941828, 6.497282459614147, 6.274360731822755, 4.573341209008637, 10.950074913723407, 4.518645539233439, 7.36273831889527, 7.557869031415425, 5.723738030159149, 7.1785067106715905, 7.820219446174747, 4.627860816853901, 10.091329480883653, 6.963094164924403, 9.139415003034612, 12.771963099401345, 5.561600467974392, 12.026057656182026, 11.91742963846409, 4.77448824903787, 7.6471123348012675, 9.615339016186052, 6.711581513752433, 10.281491725133705, 12.424319325508355, 4.867016380476059, 6.642139109314961, 9.66845434394054, 6.3243811487903265, 10.214911520228743, 6.671741802273932, 7.672695498369731, 7.377274351675371, 13.220593618839212, 5.564882759814604, 3.2178179965079825, 8.148336761354622, 5.7337736341619685, 4.782888108461423, 7.1447905519269765, 5.249239431070652, 5.317621651297847, 9.508171109533961, 9.548626829031157, 3.7215055231842573, 5.6849780372020415, 6.111199672332578, 9.512611117128069, 7.032014099699254, 11.149667685287863, 10.024929523348462, 7.507629641251002, 11.889985887690317, 9.457387697022654, 10.219009620767006, 10.938449008647108, 7.056722530912984, 7.6925866406730785, 11.495051155072623, 7.11768256122119, 11.386375784252083, 11.483012874203737, 10.481970091021912, 10.09122083500123, 5.814228462067648, 12.488164279376075, 11.049823471601782, 4.5813795458184465, 5.9880747058773425, 5.836474839075015, 7.645501164653148, 7.857207482461395, 3.307641918707648, 4.855973144514724, 7.362680461185251, 9.673480661010922, 4.641635512641039, 5.365080297807172, 3.5280933628835247, 11.874432981431298, 10.742700936326981, 6.522377662893024, 6.496630906019129, 6.2562755970133015, 0.7551818085326979, 9.030755279170698, 10.509287240913231, 11.388867487750886, 4.759508066484017, 9.323191436573794, 12.895161010794006, 5.436455766546514, 7.420584186279901, 4.778651785344431, 7.295727986938325, 12.568743427922795, 9.610160309945469, 11.55923167391678, 8.586631078023196, 12.377654510652436, 10.878495223524892, 9.69128664486533, 10.18085607778971, 5.497763311233113, 9.662329780007902, 5.754276714816453, 9.982211432847276, 7.939177148561473, 6.247569106398352, 9.647474323358251, 5.242721735340762, 1.3190171394037358, 9.812850973238326, 8.621701950081093, 10.263535432064398, 6.295834576781248, 8.343287597327166, 6.812072378263178, 7.285501216559342, 4.00617485649005, 10.78430254912987, 6.771704153275795, 12.401191455921731, 6.765613089674053, 5.572586045699699, 7.924174386220602, 9.252682643165864, 5.22941151845526, 7.888427667914431, 6.598114085600074, 0.7630517464235426, 5.631427349247798, 6.73214931886699, 7.134715276468061, 11.12195532377066, 6.189167041891694, 5.003975348519653, 12.264550642814045, 0.798919158639194, 9.4533913753577, 8.739442170159641, 11.281166730588364, 6.928707140856825, 7.826261296717446, 7.203643193710873, 6.787123411391014, 5.768333567210146, 12.252038711748867, 6.876754121821821, 13.505675787528192, 5.58715165947714, 6.7416978089565855, 4.008159129262613, 7.6182545923638685, 9.472630639723565, 4.384095758305681, 7.0057673340797075, 7.600674578079453, 4.812202257821199, 12.812229280796757, 5.7944922249219974, 12.252795211197522, 5.881105070296122, 9.604124617016483, 4.218327692666849, 9.62931073695817, 12.691785001017973, 3.3301140037577652, 8.507011618654099, 5.44843179862131, 8.183080783189673, 3.987703945966592, 5.325899166402912, 10.708861596494527, 5.505846645651924, 7.489131781894891, 6.521404174719907, 9.602655451671612, 5.5682455265326025, 13.819123928809358, 2.816259935124467, 1.3267330541594544, 10.6603319372659, 5.628297330118414, 4.971829957368182, 7.486753706248552, 11.893906287699812, 12.483938531499243, 6.0440264150043035, 11.544490866572962, 9.056982130169878, 5.563088307748796, 6.685541646922492, 9.73869145019574, 12.32156979319555, 4.685643920897833, 11.19410940210285, 6.93032803679207, 10.03743552980618, 13.052784296215663, 12.194885021223113, 7.171620697704048, 6.017991116641109, 5.365535490848047, 9.879499378230125, 9.233538029739835, 6.695205770171714, 6.305055060593289, 6.068860726041033, 7.725864992121907, 8.941643710054768, 6.587452855242197, 10.522279768391709, 12.17753704000779, 10.795559523037587, 5.125369431876229, 10.532767645654527, 5.7896157002906605, 7.024057095985196, 8.11322071376073, 7.0904507270782355, 4.677725549853832, 7.388572460952298, 12.299303963914136, 7.766576944434598, 7.287812125098439, 7.003256625233868, 10.042007480413824, 4.50696339019988, 3.80592478564428, 6.143466295373517, 7.805975795678398, 10.08509620741555, 12.169911752519104, 13.896054080252034, 5.262690710351862, 6.455977795170836, 11.347793539597054, 10.426313501583783, 8.405587317902528, 5.591410968928202, 5.744718285737042, 5.208463937747225, 5.912746970198902, 4.29136551611018, 6.660974010151262, 7.447927836011462, 10.17199898068166, 8.191227858390969, 10.434815853012337, 9.453112148041722, 9.783862629353766, 12.449892802613965, 10.236670834930601, 2.866923017741511, 7.113794115673309, 9.61804535981008, 9.786138796240364, 3.017300159148242, 8.758474189166357, 12.177357821701372, 5.416906316172103, 11.23786462890458, 4.2503528932716605, 6.107350273244721, 7.275248967355764, 7.9181482039420406, 10.639388301584352, 11.113832177765097, 6.367357178472834, 8.389774943300374, 13.201227941366547, 3.8031928289062518, 5.743060821637944, 10.885025348917113, 9.847388182884547, 5.03862477161349, 4.857276615507182, 6.543661013224714, 11.341018545519503, 7.092645436754916, 9.738963246505568, 11.448172642085682, 4.553891725748965, 5.014520497808083, 12.043384021967476, 3.5997264991045776, 14.050759526605876, 12.930900195415056, 11.002346502346805, 9.454073262758412, 4.982763243741184, 8.017484693092285, 8.903082652914533, 4.142251435517355, 4.4383946898407345, 5.010313692441048, 11.50101273490673, 8.134300886041446, 7.591554989517878, 10.40045584055066, 4.463140579480903, 5.88255011140997, 12.28666375153519, 7.246857105542883, 8.357132997254169, 9.186119501554286, 10.51301761766344, 8.97780768922531, 13.438880506946166, 10.389163025504853, 3.0510751504312705, 4.9160350599408495, 11.329495516770049, 11.444555631034447, 8.392977011336816, 12.428549346632074, 6.895061483788591, 12.545472114832005, 7.114297906065882, 5.930457150963365, 8.643914327130075, 8.519114846834581, 5.834250116281104, 6.093336840578878, 8.661321926716385, 5.631051579124419, 12.488849568563213, 7.274020856972718, 3.1083025911595663, 9.418971755063005, 10.289288833564973, 12.558376225819474, 6.480037789529648, 13.037999438096389, 12.495753031552209, 3.1113067134960497, 7.288024409082809, 7.4566289791163065, 5.619853585633735, 11.880032555136985, 8.309159192607646, 10.215249467775493, 7.708333438578542, 7.408818894994182, 6.177067759013762, 6.841595271477127, 11.680304729378532, 7.1235698946186545, 6.450081309837014, 10.66138533637753, 9.287946928382153, 12.401381064155307, 6.389011900740372, 3.5183550162234134, 5.995248007074555, 7.984818703039848, 12.639925125530647, 4.3890414356768455, 7.927926246753751, 12.280450925117357, 4.402823935356421, 7.753171281880187, 5.948216337350625, 12.606559158835557, 4.263315472686641, 9.113683615172738, 5.4335193586180015, 9.904579278165524, 6.013977173222994, 8.145985361192125, 4.120510375583776, 5.152965697638076, 8.54019430398213, 9.483770908463306, 8.18513054161316, 7.7831535934521545, 5.392212677576895, 5.5442438208161535, 4.697934044796153, 9.881641557493698, 7.923831126324665, 1.0430928100762658, 8.270656120866933, 12.290360044362764, 7.570194544282378, 7.000822889431099, 5.323362685278897, 10.551042417694877, 6.548946345174998, 11.805696858524378, 9.881052311329887, 7.650792700701987, 6.4384735150992505, 12.478725277992318, 6.6250603456209864, 6.747420026397925, 6.551962837163551, 11.00754461860245, 6.6805671668840345, 8.002538149463751, 6.104525025899363, 12.560244754125584, 5.811829490084968, 7.832810773651561, 8.657682707667893, 8.002118352146292, 9.267421060837371, 7.906464510045508, 14.26040654666791, 3.3391578859549895, 6.329077321873784, 6.432953962758967, 12.458373068380167, 12.437878201410516, 11.80803695893922, 10.544606179290387, 5.590958346119215, 4.169538949469436, 1.9403887185222963, 5.941718901364166, 7.73001477569991, 6.547646955997486, 12.993237751121642, 5.621184654943456, 11.614677589778797, 4.088422462698257, 6.149626143771576, 8.385569351032679, 9.631574822153416, 6.419176087968763, 6.9999123665805945, 3.4905896071600715, 1.1803706959844407, 6.924688512591928, 6.8957118408909155, 4.093829837772607, 1.7548348273274958, 4.864844996156777, 4.824813984225037, 2.7192059174629404, 10.158505168727194, 8.559096866157262, 10.244025000447456, 13.465161882777384, 8.66500069918593, 6.732903419515941, 10.872454907011877, 8.000891893446605, 8.033147148342678, 11.348982429331066, 11.815408797438984, 4.775179950793518, 4.367738674785855, 14.2741915932894, 10.651677251815821, 7.295450378820543, 8.368390889881843, 6.564530660218408, 6.035389933904745, 0.15112518876272787, 7.047609408059411, 5.6119978325980755, 8.749072309693375, 4.227279356892512, 7.444599110849914, 10.655787632677148, 7.18531802515518, 4.386089050288126, 4.024756148226886, 12.032864401971421, 9.39679072029545, 4.52636619545253, 10.24840302145052, 10.21952182742703, 6.132143419379052, 5.850164402551767, 4.001729454176702, 7.221219305870645, 5.963475827663135, 6.676761725450172, 14.289514588068586, 7.043319738509225, 3.8373531145594413, 6.090433322325452, 6.281510880248147, 10.58639923373042, 12.250843851224989, 7.620825562542214, 5.849606438188772, 3.4738099890888527, 7.130830044177403, 5.3269477967647205, 10.336501419600463, 8.87821289298554, 7.259730915014203, 10.62974918730157, 7.298019981043649, 9.603345070091665, 11.427362518882182, 9.964240819143576, 9.04663419472528, 6.618484478927642, 4.502775427698941, 6.764748679252922, 6.124779542031269, 10.31572886994098, 6.315800500025631, 3.2469238576461126, 11.147433543784825, 2.833554885199876, 12.653891786199024, 10.30430237621284, 4.917492458401281, 5.488268129573837]}]