script/wind10m.json
{"header": {"parameterCategory": 2, "parameterNumber": 2, "lo1": 3.000054539987559, "la1": 64.9999836372058, "dx": 0.5, "dy": 0.25, "nx": 34, "ny": 52, "refTime": "2025-05-29T05:00:00.000Z"}, "data":
[rows 0 to 24 of 52, columns 0 to 33 of 34]
13.489636887576133,13.073949799428657,13.139427807752991,12.89159215533547,12.767925617415615,12.09636461486916,11.817555867973814,11.35303911561158,10.634094097191252,10.453585663676268,8.951284734014793,7.982789292723837,8.476784423624236,7.771633206580772,7.779772910940954,7.619788168319109,5.541184125507511,2.8264739964238856,0.8261208792484013,2.0695199163219113,1.2005324880843966,0.8521639305225708,-2.011121490166117,-0.696125620020139,1.0340502108269867,0.5554163968114069,-0.4531204965643049,0.36565182497449905,0.1626437995564883,-0.06739478815965533,-0.046683350504093744,0.3201232625304972,0.23435138400319833,0.7317427352246243
12.464839435128162,12.785560366756973,12.691911900303985,12.521817702085,11.955537619887448,11.85563483935534,11.664625267829445,11.360065878483093,10.664684190150558,9.898729134222434,9.934648483955003,9.469034176842294,8.83842090092817,8.368150808153354,8.66658766401095,7.252969343499197,6.417421126790591,0.4280008028360167,2.2794180423964745,5.181095428450427,0.5146810290638524,0.28601940140467746,-0.29527311988163935,2.160960897078201,0.11824707239569562,-0.13372874062470858,0.1624146790681332,0.21457779457525908,-0.6242112742261176,0.3047739233502646,-0.0015252993780227066,0.1587869464074814,-0.08760477370883603,0.053345179944202716
11.763649709484733,11.710445785088787,11.892450336059282,10.768213995336984,10.81339552741798,11.292245091889646,10.798019406675747,10.573192948104966,10.835103809049373,10.417767543123334,9.840125503514106,10.552036122730327,9.234564717728956,8.900472521938523,8.754738066694415,7.191837258656007,3.946936527271903,1.4037201700429862,2.412503898626099,0.2173196721133858,1.1194577655143552,0.25588566704757715,1.4061842452811641,0.7323601655414556,0.5665063211220688,0.12885485935972224,-0.5256864120122808,0.30725789573991213,-0.42642632710757994,-1.7088414625262998,0.8173063336770205,-0.6774203907759982,0.06999101923835986,0.056618238738392834
10.765505199766311,11.22696496581146,11.706879288695635,10.834928907684702,10.964256143258128,10.363303974756146,10.327151749219151,10.351316537185253,11.034053472233877,10.896087812055745,10.645857947803039,10.218976690246388,9.392323378780914,8.462100807059398,6.773077723816057,5.45247913925199,2.2368438375445057,1.5390748023491727,1.788543965193441,0.026730628083629512,-0.30061005106294286,1.4379313804061296,1.6213757793910268,0.9400592020599946,0.6288349001797141,0.32766459545988713,-0.4523577639712829,-0.2371398567066105,-1.6295603124664733,-0.3345568226339906,-0.5330719239259848,-0.6756907421970365,-0.7796894942108294,-0.37584540314524634
10.525347051226596,10.662096547734723,10.924181081305651,11.056396147978441,11.341968746351645,10.752922528675787,10.754929872384896,10.397341489960663,9.364723840547622,10.69523448487959,9.826160003139657,9.175158478236414,9.568039620126566,6.792382887364508,2.679228678462763,4.363118038479917,3.3003149509289167,2.4694310455382746,2.379264403752014,5.9649200674510015,1.3207636491736812,4.09469610394893,-0.00020377095908366335,0.9118287625096858,0.3265383866778452,0.043986882341369465,-0.16196360286503114,0.7172453551685927,-0.9829329133189196,-0.9557795420860618,-0.4814181475843679,-1.5997240906220953,-0.9934806494606306,-0.5473832986387064
9.88304171891348,10.023814774017318,10.02531596481641,10.034485104789436,10.324522941584364,10.802771892494112,9.89072147233896,10.210752702513611,10.260899558238268,10.516458237260494,8.887074174004557,9.343884729901129,8.02042807824207,5.571598336133404,3.0536191752682735,2.1115146518049057,2.5397067578948356,1.6977481659758076,3.3682238221895733,1.2402143201320237,-0.17315366198175194,2.34607031822863,2.1247920174900603,0.9143252836879189,0.5412863327845108,0.4408710701215214,0.2200110144416021,0.32631790451604165,-0.2972177569934505,-1.246180601033584,-1.3005772044110355,0.03431596349637908,-0.9095423505542418,-0.5871796647642951
9.066634215356506,9.296512525430812,9.88249774660368,9.629446300989711,9.46152097525629,9.872901608458777,9.751816267097254,9.344010301893837,9.632038455492268,9.980202823226996,8.98546036182059,6.403961555275219,5.0550203302073395,3.364236719756857,-0.12345796165869434,2.983924843257638,1.0004395911440345,1.7417486075298563,4.39680415130624,2.0293012063016294,2.680969803815023,1.6732653175204482,0.984699905519019,0.7622783208127704,0.9396143942699107,0.8052331120378818,0.40070028307494693,0.5993485970207931,0.6920496692281837,-0.8812789599044217,-0.7670016718411519,-0.37437665401080644,-0.9334792885004957,0.3965812145635782
8.124234974414597,8.584840119454602,8.913207954895057,8.740504820266485,8.807526149557667,8.754116985514036,7.7984531409097455,6.546617704028128,8.70832253198136,8.526254248118235,6.492617079567029,1.670605097522965,1.7903501445246548,5.832414226958974,1.6555626516407391,2.2497840337408177,-0.7613268795734345,-0.38467226681846806,3.062231418773655,1.719986760168627,3.538301193174506,2.4848222038510426,2.4662296632340888,1.4903810603853058,0.9001529086811286,0.976995512976915,0.7258370739536802,0.6067163061545018,0.13968581348136247,-0.47680689381493263,-1.3279476682615825,-0.5564978109376358,-1.022720709291583,-1.466659301427575
6.990032206930728,6.533195358982464,6.88303434109261,7.319086838468557,6.813870324402018,7.016933837343323,5.639465934449996,8.406174702106846,3.8384476316623752,1.6247604718305766,2.7594505870117954,1.2494506067140134,3.7760861811579605,3.2386369297634494,2.4547345667133293,-0.1045609820909244,-0.5128980992603641,1.115464446845672,-0.09384941825646899,-1.0520207411283236,2.792367609515798,1.6911309985286027,0.8579723169000412,0.6913992206080826,1.1217986143932923,0.7398772303536773,0.7714495864633901,0.5344835582263029,-0.05231339026019735,-0.671637235795591,-1.5687509048314787,-0.6924419222846133,-2.3969608600923826,-3.0275031791758793
4.57891947991535,4.926838927932461,4.467049915804239,4.891647356945295,5.768953071964819,5.379332881242742,5.46657770964375,4.074648118384005,1.2825995857817323,1.930492818148818,0.038681222522876584,0.41845782343148563,3.325846244958275,2.423227318211978,-0.32190129844271204,1.4180122978198704,0.7368033736601646,-0.24284744955993892,0.4001428213757165,1.0075519586828239,3.6110432614895656,1.2874260562096438,1.504507684342215,0.9282468935466782,0.7902385887970645,0.8917616402602315,0.9207620271646653,0.19701465487293063,-0.7976947201628838,-0.6422433913558512,-0.342771868582601,-2.7657029071557404,-3.839045987949089,-3.6193347675814262
5.895393289268352,5.226759749694111,5.0021295619453845,4.83351234606834,5.387903128007716,2.140371879245364,0.8973383593364211,1.1479060884990209,3.419152422346298,-0.7283025183824907,4.438458458955154,-1.8701752104540126,2.0069854828196516,6.239188598360857,3.590834915239545,1.3450454472497564,-0.33983888115299593,0.5720788722455178,-0.5918489796744987,0.851324652713854,0.27291420435257396,0.76596334975794,0.5122861266869689,0.8672091878462743,0.3880551784313821,0.5659446893168225,0.6887280643251774,-0.2088656088237703,0.13022943514394714,-0.45721139545201167,-0.42769669455129417,-2.989805196584966,-4.547229168862689,-3.0708023442421557
7.021114552151382,4.323282690026544,3.923632725715294,2.3722107788212936,3.577165803465088,1.020392854742851,-1.249157083346179,-2.1171504887913932,-1.9735965340508888,1.7383855505554027,3.2434520174719226,6.4823552445475245,1.0162636441329354,2.5705274653727783,4.318165960511561,0.8551842901232957,0.4877177519973468,2.4313487664842612,-0.5414317368160662,1.8075152100381098,1.1785331590521113,-0.09949332823808318,0.11012346099895054,0.3065005454080504,0.2730282963435034,0.7908516172352633,0.25538050521894384,0.17810915798294302,0.14494744355327666,-0.6899378591030189,0.6232447166942794,-3.714971650765516,-3.447550461504711,-2.574218606964335
5.6583172985401795,2.3530395730499136,3.675838563214469,1.376434301346069,0.8896693301033216,-0.14507190963558803,-0.1269476562429349,0.059595247534479444,0.4045494768149995,1.0092492192811384,4.00263611126894,3.905757364126549,1.8076230143363523,4.892438153275789,-0.6361990096304668,4.172985636505582,2.107078346441217,0.4583853074240017,1.582739357326699,-0.35469888803003546,0.23733788924961552,1.1007303704209292,0.8724908192118511,0.8583466386808772,0.376077045591823,1.2206764521037663,0.34951991042189273,0.0880981130311276,0.1324757546325454,-1.4390964247920215,0.686836606908079,-4.227354032506688,-3.279242134378342,-2.2534762813241143
5.480477376690322,4.336726454151811,1.2074229971062216,0.07137970554867278,1.4636567005798893,1.160286656369548,4.379895287792639,-0.19324831761972686,1.7941070904508225,3.202309447877653,4.325041296643901,6.633685167449377,-0.2848857036498509,1.0621354798672444,2.814968867454913,1.3325100918750277,1.1002967493098128,1.2680414231696857,1.4582327179745016,1.6583527640181022,1.10447095862229,0.5911710652953989,0.736653149692976,1.0093353730414085,0.7331569345193674,0.5560285460879603,1.141463252959918,0.6398298262904608,0.40535123767602044,0.10907543956233004,-3.140689490519374,-4.0405009818180835,-2.3168465537794396,-1.6745572415948349
5.449228568026443,2.9511321252576503,0.2661289958991813,0.2687996128480304,-0.5367321470790892,-0.5566310790376291,-0.8196674991639455,2.3807759799483965,0.3834937432011416,1.082927556046175,-0.2402343065138426,4.597796443147334,6.0359255638986165,1.5183898948478367,1.5148052918031032,3.189393225030428,-0.09199028741579665,1.4714643220538635,-0.3579754078200704,0.6278385810313675,0.957736271720003,1.0089415772683876,0.03804427935043141,1.0282303953262562,0.4827919059323372,0.6161651119399217,0.15041921556263366,0.5373999115917298,-0.15343510460950913,1.4376613916546748,0.19644434863627713,-3.943469397049745,-2.198066931285123,-2.838410140416505
4.829282546499398,2.917790912865753,0.39294626513514974,0.13997084207327384,-0.6758848568673894,-0.7736973452530519,0.5454531249654108,0.15380908866889656,-0.7224105820356329,1.5392765192766806,3.968189449967241,7.908518142430294,3.747675866066004,2.8673052900020455,0.871513449462726,0.24794281950160096,1.7716753087000054,0.4612379923248909,0.8144593121422142,0.7715647310131781,0.4852453137545682,1.4221701989865598,0.8234784698479055,0.8112119659440526,-0.3349124891783386,0.47813078307715723,1.3308172361011967,1.219270526531144,0.431813682334754,2.0912696358035254,-1.1195754321032845,-2.8905037552625914,-0.06465338916801644,-2.47024267036567
3.8299126385078024,2.0126358020434783,1.0789760627611449,-0.14611583087554064,-0.8652257593276091,-0.2968531003719321,1.371050679903928,1.6133730596196612,-2.0945983799585397,0.2570737407685132,4.979715497134294,9.391391008943692,1.6841827988328442,0.6383691748448934,0.5494927531922222,1.226631293337003,0.1368329284190914,0.01969050629124619,0.9123205387904203,-0.03226145221258932,1.2859096652519104,1.283437538328926,0.3049068320046693,0.23419243270654075,0.6667100720698982,0.4132693015376929,1.108305812531393,1.1059999293379563,0.6100476379709461,1.126421903393114,-1.4205237713852645,-1.985642133323097,-1.5388564828048703,-1.6937178386740934
3.000024600878401,2.2676446927498124,-0.19625654591666492,-0.9701487678904328,-0.9677153931714219,-1.0193007248335242,-0.1226085461800414,0.33625021705829244,3.210787166533006,6.535260243522705,-0.01993214598870887,3.95638630014158,0.4576014772595534,2.144147259624547,1.8805764519237982,2.468585257003049,4.392591349572636,1.7506011248112394,1.7654155396247924,1.0611332349366285,0.4113413575707337,0.9548850946689593,0.8555630752526316,1.2185993267975928,-0.10076502143153966,-0.21738611048744133,1.10825626379633,0.7037518823970822,0.5119969898552041,0.120134942461716,-0.21766644798771223,-1.2894981100939276,-1.2210798838709886,-1.6685130718221681
2.3556012300555875,1.6863874116244155,0.17398090493594073,-0.6997798425201759,-0.9409120721106548,-1.3467608535569922,1.6659184350833494,1.2464740509570764,0.7079901464364474,7.348252148976021,3.9244576052066087,1.8971196641572536,2.9411134261546836,0.9763749837915164,-0.23080118385266826,0.3090529671594679,2.2955247477024625,1.401784381444174,-0.5806961653901835,0.9165659923421245,0.8276450827874373,1.347949096546091,1.1361648907643311,1.3412488092932207,0.8328627344231196,0.9869927586824738,1.0213419022198207,1.6502348598974643,1.0327399482791715,0.6018521007594131,-0.7270414962549296,-1.090873011452762,-0.2925275860419957,-2.3129536304837535
1.4023155941267875,0.6761531300141895,0.21853025058792308,-0.8160873373306278,-0.938171039436365,-0.9130658178325919,-0.08392755589310615,5.081827020449224,2.5203141343582853,2.844879070890523,3.8862164695526746,4.9155048222947,1.3673578954012735,5.6235333435250086,0.24636092502203422,1.4330738344390725,1.0828895017667124,-0.17731477425387918,-0.7497280863427742,0.8904164303729294,-0.5735147896130682,0.2208497964865906,1.3553219746515979,0.6154304845405176,-0.0002890614878749699,0.1882680056373956,0.8363319981707146,0.9594674373344801,0.6201301160867029,0.5034625143568484,-0.2722044798749718,-0.3821832922633779,0.7968473935223523,-0.31383181231029905
2.1541079842189315,0.486895286769223,-0.6578968441045899,-0.5856875503107027,-1.241744989023099,-0.8604283282603371,-2.0427069297488165,-0.5807325212950246,3.304050935677932,3.221927405314456,4.045288667150557,5.9268556246697415,2.791110317122172,-0.03778965736921554,1.7742353405090778,1.634548521414383,0.7281177646078485,1.0683728395033485,1.7217911359425657,0.707815670232583,1.1665380525976943,0.16481333636522827,1.0165860622435339,0.8033994455429557,0.3981384727544187,0.9687529648575661,1.0481328078703351,1.3070205868975062,0.5478649823297138,0.9981874223721084,0.6503791048029004,-0.3691906059865305,1.6286602368155247,-0.11959215382530541
1.8284224819186123,1.7193730960301397,0.26666595293486334,1.4790097557025557,-0.9632820780784738,-1.1017442487181632,-0.7409300654925195,-0.0057447847616517245,3.8430081825434717,1.4871474413576513,1.9647617022123847,4.56179752312519,0.011937075704555584,0.6191244811515404,2.581832743879926,1.9114654093891161,1.0345631058827598,0.386783025831287,1.0150641788459447,0.6317460993369995,0.6313801219785089,0.22933651155882342,0.8409657458617439,0.1649853370167281,1.1511300828823972,1.2150603419749966,1.1367662822245608,1.5358268516110238,1.1175593060539861,0.47359886026017955,0.8143224855980215,-0.7326074554448438,0.6428858157306441,-1.0184527778143782
0.9367794644048757,0.18058216413968656,-0.8273660310511207,-0.5490589460448865,0.3136661369111012,-0.432736135231099,-0.3604180043248827,1.0497892020430581,6.03793313878129,4.75571306511749,-0.33849851371491113,2.4553790192200338,1.6563342631572362,1.9851975208410118,1.6908280297467502,1.8371311017587406,0.9244203929183598,1.0947058064814352,0.6634822840395056,1.172260790712984,1.0189241294812073,0.7393981422149353,0.5738237852849644,0.0853833770730693,1.92721547489718,1.1494371195061408,2.2623109652526106,2.5640686918732674,2.0162702181036245,1.9357160199884538,0.6559980779538097,-0.2926000574584378,2.0908612200218095,-0.5338807212924
0.4352198501447473,0.5333806986393557,0.26753041552826057,-0.39293233793011,-0.46201984946974134,0.18102474165069013,0.6869329221357353,1.143547296820809,4.532126098962986,0.9457879027217938,-0.08625228307275924,-0.9117561138299369,2.6878140482545043,1.1123973972819632,1.0946198956749948,2.8935295630681312,1.5223968171363749,0.5951201969363223,1.0480563792085504,1.5327185779859982,0.9268875264989457,1.6280044279441774,2.0709295058568795,0.9211922752967368,1.5048276562804377,1.8693454311266828,4.1857731509388625,2.497223873981557,2.046995626615053,2.1128703939429254,1.2661836914578533,0.4161261456972403,2.687483077002171,-0.9677419939411651
0.29085384460963176,0.4713101676121177,0.22275608242478012,-0.22526185919864852,-0.1201290940282567,0.6744521207008045,-0.14949959609063915,3.202634346527061,5.217477841817061,0.3161631347216714,1.894671083991984,0.2820014970543871,1.0210514086257065,1.3025449805675815,1.9076051909626985,4.801263212883706,3.2789160161597457,0.8954745521886992,1.6928780049717462,1.824688251766404,2.710812334348723,3.610065249230154,0.8948855060174036,1.6251763818838798,1.409960852609317,1.8386380054898361,2.307133005456115,1.6533969914829507,1.8337347705951585,2.506053180277234,0.6008490750332917,1.6154660708704092,3.290971699149426,-0.07428981764914874
