script/wind150m.json
{"header": {"parameterCategory": 2, "parameterNumber": 3, "lo1": 3.000054539987559, "la1": 64.9999836372058, "dx": 0.5, "dy": 0.25, "nx": 34, "ny": 52, "refTime": "2026-06-03T18:00:00.000Z"}, "data":
[rows 25 to 49 of 52, columns 0 to 33 of 34]
11.88898109552436,10.317563305774707,10.61196266694521,10.8093608060122,11.851777194868516,12.209422033656821,9.662020705413898,8.153048422654978,9.153263534037405,6.89274688757482,6.261590549505938,5.308474050894562,4.8444718513815435,7.36749323347992,7.304543964470218,6.2284438601071495,5.095616714094248,4.005823329976549,4.094327821593349,1.776518793544576,1.6165092072450395,1.2099016100377125,6.219885097254979,7.151555941715522,5.30025290844407,6.366011983882,6.628501155849043,6.210723685565407,6.077933314920356,5.304596225718013,7.897330711466101,5.445681641312234,8.654242357407844,7.6900850853805185
12.766263536461436,11.473997405001887,10.537805733891975,10.635785481346419,10.112599036664069,10.72335027523984,9.179846751851077,6.917506923471154,5.379834048620549,5.053004468943727,5.426465588832914,6.117399001606698,8.231042458537011,8.533931191536896,8.742316120131733,6.456303819799524,4.717069343519828,3.559671488402703,5.01279361356871,3.4589286903448797,2.084294361501375,0.9772754403781171,6.646892274860232,7.248902446499054,7.519189638463819,6.65152871928273,6.789496089605516,6.810068111787039,11.313395119821521,9.288875414620447,5.211324184267487,7.380095156205822,8.207280447722564,7.25583759760033
12.883498388938674,12.824879090314255,11.689433077326257,10.82112942279079,10.56532483254397,10.475835698173475,10.90784435685401,7.721401247128867,6.475099275269088,3.583724189755162,4.574652256907877,8.807846237195589,8.103915256883566,9.675563120945677,7.7846457727721905,6.86219687521766,5.129561160475091,7.483703015461757,5.128352505856168,3.682863691741184,3.543792949797798,3.553013262755144,7.171624595163506,6.172637999761903,6.639536464247184,6.51154270449135,5.715522079361071,6.564175458901509,13.371376412343228,11.14953204510016,3.3809589449525057,8.180890930251119,6.988109469087641,5.5425498262092265
11.684393576988446,13.145118118264694,12.705685919482384,11.392251809396743,10.915184193847747,9.912764790671703,10.581429457772579,11.090079446360448,8.48898686611824,7.124523976784347,8.194100364769074,9.213336078209416,6.71091295700017,10.001784168123866,8.14566828956973,7.0482951171317305,7.802236011131501,7.665842843078551,4.79386771160975,5.883593639593215,4.672135408501671,1.8644851796490436,9.796925819559673,7.469746451942512,6.089653637690386,6.007942959735635,5.873390907510934,6.485531514105932,12.691320722690834,10.6373606616919,4.145800254768413,6.931215477000232,6.586180214926331,5.570627070904803
13.426494572331784,13.411520063312174,12.768834036427817,12.818899805286756,11.666198918491915,10.147819566182768,10.202146079005905,9.997006001426666,10.383991764721578,9.301733047258876,9.815652333687336,10.61653420272315,6.283704780962299,9.656880899612078,7.9659805202007625,9.962322795773416,7.136012551418158,6.873394706128934,4.402472367686673,2.69291051249859,3.7766977449849097,1.4367530786230251,7.32370248795636,6.917109883311845,6.66402934877308,5.224301194816738,5.987828637943756,6.5471016763708665,12.366175775529996,10.935053081894603,7.24797990871022,4.861989526189578,5.691903550996882,5.295812571993153
12.92116353808728,13.065831260791668,13.678197285827345,13.280406229435712,12.49220173636514,12.43317502245829,11.01380123222799,10.692062093696151,8.903647017425442,9.48500420260371,10.44000360307202,11.244204450982753,5.565806309018432,8.813773375636572,6.4657391118119705,9.017617366306427,8.794541375316259,8.101782030044525,5.238738320937118,1.189255104385881,1.518038328282164,3.2029062245704183,0.8857929679088873,7.210487743058175,6.605453890072459,6.390284808780273,5.328703679319217,6.89172940124217,11.872777194385518,9.89531138937811,7.853684660162458,4.948915214382016,6.473748877093597,4.73079659775829
12.995018406873026,12.595311972263481,13.726840832828959,13.46160890916961,13.236419986901119,12.434808199909986,12.172300062364695,11.275456014633093,9.824563335220748,10.561873164083394,10.572871952980611,9.003421816300333,4.5637025167938665,6.58391104573272,5.987117388328547,9.933603879370311,8.964020921540294,8.449234601135604,4.914609106915326,3.42998909973018,0.6155330276921511,3.11215940456315,3.5142200085054522,6.92963043859645,6.2172899331871045,5.646434522967952,4.857329348848146,8.425732548519697,11.137188694885026,10.863736977582136,9.201711326560046,9.33810633049743,5.785683952656956,5.254381441788696
14.279120919776453,13.811367451112128,12.47495618520317,13.967521009021198,13.525612507618066,12.987701744660045,12.362684310731318,11.530191021630383,11.310854132116672,10.573179348682691,11.147468475515847,6.607130025903652,7.394959117037172,7.0387793287628915,5.821543155390061,10.530465366386466,9.8707661491286,8.113132037353882,6.786689188234337,3.923340963475656,2.1974167901387154,1.4875810188270437,2.265207191917312,8.246082231169565,5.8843760970697225,5.537528258594163,5.107054902284483,6.294269516358398,11.505815638764304,10.928267499488493,11.874394452970064,11.759096426438232,9.300757609096532,5.74188178757606
14.016560741868236,14.949937428588774,14.800736027190068,13.566149030823967,13.6861239255245,13.30569448007781,12.929099689900728,12.201494178410448,11.693010634953742,10.50015935576671,10.726183154767515,7.351436032307345,6.083004698865911,7.689165528014741,7.90245972537508,9.972479451719362,11.699945470602254,9.694035955728266,7.386402563805641,4.183606403748674,2.803299806902021,2.1629307491318053,0.9141726364520801,5.81214140162664,6.5210212697452,4.464619222086512,6.18796644225577,5.842327604194757,11.635391683555367,11.026083188950379,10.456629142256993,12.702869181063596,11.538190121021922,9.058820241471471
14.610344710307212,14.448891196924137,14.589454202023031,14.377112100090331,13.836688532108692,13.354961944328112,12.412310733558526,11.650437698879612,11.489362474967248,11.557473121767515,10.674936428422006,7.088289841495582,6.050235855473549,6.671127089871337,8.029009048790531,7.858268326168969,11.107839673642278,9.06205449901912,8.13664544627123,5.813246147848528,0.29854904892562256,-0.8930476422061762,-0.6617278428335318,4.4360478899258196,3.014092322868313,4.56683115458604,5.404940532885212,9.115736509293924,13.206178775293482,10.721007021397698,9.741210585643472,10.985437926174319,11.454790888351951,10.698628866017607
14.556768903886491,14.549555561484482,14.366732661787392,13.880038961998839,14.334689022271544,14.073837783957813,12.319891838069028,12.459040278081734,11.5686516063305,10.833592481724844,10.094818921824473,6.906708841524969,6.685120641817255,5.468570602959988,6.948326319503823,8.150851870483276,9.16067522600332,8.819436630417522,6.947194618482299,4.692588141249532,2.8972811864568135,0.8528210413639309,2.830426119154523,4.431508459678007,2.4846755993195524,2.563664729717832,3.793278681337008,13.483324138011861,15.593629671710975,11.25724788870803,9.48451309603211,8.41332855429318,10.33240283644167,10.532904807332264
14.376467673318905,14.345620437104072,15.410013010610937,14.729463960014018,13.623121054750843,13.683784668339584,13.192453651772947,11.404321524694147,11.08673194488595,10.628391282242594,9.036105196795626,6.63414130428466,5.940805656398209,5.784797487269406,6.207421835096848,7.038519770341094,7.967258646289296,6.849281220902524,5.863778897379891,5.615591736790949,4.112444351492929,2.7121439204949103,2.1666884396792336,1.959149968717326,2.270466203704047,2.6691544725713245,8.93906263570722,11.952655892647051,15.963329896692814,13.313746676287353,9.757920759940449,7.321731104723558,9.406732978829636,11.328153685287932
15.03655139244113,14.780628119861818,14.275609047854783,14.340810368604407,14.310379869687168,13.859217987026298,13.632837179787176,12.001133693800357,10.784870813303053,8.998358388037632,9.566225732496065,6.598009599702692,6.083834195571518,5.774002263258301,5.518600180103308,7.017506420910392,8.938705382379293,6.0231185640831315,5.615051912811978,5.031652873795592,5.0731605102765664,3.098901129252719,2.0373591397131423,3.863932199588705,2.899202257861612,1.5444661919039038,1.9320274942984255,10.495752102328222,10.55900677099795,13.6685622782115,11.267601675411413,7.3381393262782115,6.678167753329171,8.934286579360197
14.779244864877809,14.836128905796015,15.48971093134282,14.698623934630088,14.237268699501314,14.573200344071141,13.706743072037192,11.950841140500644,11.033934363605566,8.392205062330028,7.227211724234394,6.119762715076208,5.508846178282195,4.622839323127193,5.609639013876943,4.8996958365624135,9.887135328794578,5.561395811698804,5.233310899278413,5.815712417351331,4.487929259047774,1.9697413703146969,2.1198910672095894,1.6694168588392109,3.301756993706218,1.9036495699562468,0.4473873025605461,7.0832350439103315,11.01893600014987,12.826745978859782,11.283161291447666,9.569771774211926,6.2244090274387665,4.36229841046537
15.860662273086454,15.502763934830304,15.053607039682383,15.332451754290181,15.323026992709877,14.324473837231556,14.536763958074665,12.256755783128988,10.964658975572705,9.923570641828178,7.732324997266347,7.621824945094408,4.551120676175053,4.117461917100139,5.269550444842127,7.471550746493014,7.949764911378181,6.785053994840505,4.711001438346395,5.25176867269404,4.444219190468983,2.4890318510731424,1.6398881477548344,0.7997720154151825,0.9058754612602734,0.20952172916941939,-1.2349585576001594,0.9277797117868327,5.04195192781979,6.773647853911299,10.827320006685204,9.314483080187518,8.530590460857672,7.595943784656753
16.766196311879256,16.114155157745515,15.176773935403574,15.575818233590594,15.137758879661025,14.409372487802804,13.868424168335242,12.730155805614109,10.837643207186249,9.401156715380312,8.279512149424127,6.183891387853024,3.6206690448244507,3.8014775707118194,2.6622973475527076,-0.1701903538187031,4.300673535459048,5.921585633215314,4.8987591711583125,4.759413156803289,4.559401559441129,2.6873950664502284,1.4806508133532073,0.20628297576347382,-1.78602366782053,-1.1019954688518918,-1.8199174148838544,-2.028903616200999,-1.2755293050983174,5.509281910092574,9.125286181516861,9.413524734501172,7.998732490374775,8.303648395205794
17.911936957507862,17.131599716693007,16.499171856190227,15.3576614568767,14.202284860847662,13.597534138262656,13.519918049328277,12.356296193616846,8.989960981716958,10.138362828170052,8.858569431520053,6.355220048004361,3.560465794330043,4.20301173423587,3.0126763615838574,5.083521372237879,1.606509749306032,5.344396745870684,6.435012999731093,5.415056303166814,3.3705559798125044,2.110305760263379,0.938180424695179,-0.1537110618314037,-1.920957790986156,-3.393407349799582,-3.48488328599182,-3.2687026737514477,-1.9258986547307737,-1.642901987319475,3.6720026447869887,8.707878807065457,8.789681409910626,7.779799070308337
17.977032657671884,17.923359584763567,17.328516780161497,16.496349793942677,16.187559815677186,15.869599045302152,11.320430085833468,8.989335313231257,7.605401781655147,7.177224074478437,5.660035471391902,5.6194613363173405,6.238526926219435,2.984908274116024,3.9734343820672087,3.7378936082767424,1.1732528695914657,7.3477971076091615,6.178937977101341,5.099185475572597,4.26873101361943,3.668087880567951,0.8131202709057433,-0.7318056105514777,-1.852518926976893,-4.071576374393622,-4.259492587629556,-3.310421883391751,-1.0612504138754837,1.0806071786982885,5.719267620053311,7.081519576349388,7.079987789389942,7.420608021125823
19.45981330910954,19.451266865437944,17.984733517476162,16.892111730611347,16.732648989694358,14.756534705943439,10.041728253254314,8.576816532117496,6.695747332196586,5.0123262333931,6.492452317571054,9.708218477585904,5.3143064579948875,4.428913711190128,3.7297863553720636,2.674699828248098,3.1530539640154287,5.114504017600822,3.2102484453305467,3.738525630097833,3.449510807912463,2.2494673518479136,1.6297524019196759,-1.2207906357822051,-0.11114724907552853,1.2768416102163782,-2.3008549089062478,-1.8288004493202576,-4.788772865578235,-2.4637584886878026,4.686196178528682,5.173892894508035,6.164920015090132,5.75161617906517
17.878460588402813,19.359728420700037,18.998210140722232,16.979719930630484,16.074232308595658,13.3726843410555,10.207338342175971,9.595416308821326,5.61539543978128,2.3069253907868084,10.8125909096128,8.458588198356468,6.1903653290881095,3.998394293225917,4.038928128659932,3.456456154880518,5.355537202885483,5.3021406333023275,5.429416685592618,5.611954824521513,3.6934967181057883,3.9229359675521858,1.225413004730054,0.7063388931333862,0.617432066035183,0.4814006621438012,-1.123627047724696,-2.5235759080047884,-4.280847034615842,-2.6542602299424587,3.975047682257729,4.505276826542479,5.723000376472319,4.708205991944271
18.189538922181356,20.02850817990435,19.65282783153461,17.3227122153671,14.557312072573781,13.801643980561103,14.821161901838533,11.189217916711032,8.99276920718497,9.413568409882695,6.999400548919925,7.791336768935936,5.851319750801698,4.404043859254216,2.8724407628621496,1.3302179845405755,6.394758392326395,4.233749338645756,2.249806872189529,2.07817754891931,4.169914181676172,5.203274437107358,3.9732476901059557,1.887086150165246,1.2359930550729792,-0.23392786286851922,-4.032203987211567,-5.012951940159576,-3.830227420870384,-3.9723883313272013,4.685720894344336,5.241724319725528,4.6627700513208,4.7639994776516
17.83806733593,18.936799748233916,20.40104010772258,17.513951883662905,13.995145500592505,13.188760024419144,11.531966483358245,10.506954837107111,8.245736290384196,6.6936634889995865,7.152604740109611,5.760111047793134,6.611475976431166,5.301902270990189,1.17177865521214,3.0483016357744264,3.219541197683046,-1.1925005262222776,-0.06469885413964134,5.141455410558262,4.009690198280186,5.092374823655975,4.188940366798132,2.239008662317984,-0.18154841246450235,1.2775857679812415,-1.579445470124932,-3.3146078055426007,-3.2062254360054463,-4.92605757331999,4.537218152352244,3.688646267026673,3.9039368047093097,4.20138688665355
18.646161241300756,18.657714984675113,19.734528891859924,16.048457807321306,13.446353347906141,11.699936841257928,10.61588190738636,7.387921350723691,7.253897537700902,5.682194770888676,7.035124652984256,5.846722739849129,6.933175559882535,4.52805904022761,3.7685944188981466,3.1686380877044047,4.3451754033659595,4.687172638339532,7.644894632700753,4.8996538146996755,4.040754054619822,4.236604168434213,4.127326799952862,0.9252236844502252,-0.8909386667746289,-1.5184838511850105,-1.262141252056981,-4.692761592522858,-1.9955615384842627,-2.165952939374183,-1.0733918185416305,3.790602533705057,3.7187309086820908,2.511487366965982
17.19171798870857,18.732611247240914,19.11976479008952,17.74987616291397,14.71872853592362,11.857395616030374,11.23861003291756,7.713228342497064,7.276913710141998,8.746051859659275,8.032675934479172,6.938508038175969,5.16639290724762,3.877653625404445,1.905055358790906,3.7326931843984785,2.6935408114866015,4.2415048936709505,3.24850464537745,4.601759659559147,4.407955094136665,4.010339115157957,4.142285941865923,1.0011596238617375,-0.6935924236238648,-2.9137361987250103,-2.1089262750685602,-2.7557526544848074,-3.1635509141292513,-3.3489290595619217,-1.4798858495262244,3.7433694543274583,3.235952538604356,3.6923135758281553
18.86255295187032,19.414691846498492,18.882760633913772,17.74083179762971,14.106286313175989,13.893925512945664,9.56682985796477,8.953722707645179,8.663620446156903,8.185022937360587,8.339017241776405,6.857191217684598,6.296862255839585,5.2667327247527105,3.5338355455428965,4.465844455225668,3.910295881465302,5.110376589701399,4.633343059621775,3.3828899310805673,4.200891335190488,3.083329390354616,3.6963109541645878,2.08201679429165,-1.9912864379066244,-0.5833314617238101,-2.637864141916985,-1.4554108723777954,-3.149547610486402,-2.928829548983528,-2.763336148588339,5.3645549198474045,2.508356095544223,2.283931818498985
