script/wind10m.json
{"header": {"parameterCategory": 2, "parameterNumber": 2, "lo1": 3.000054539987559, "la1": 64.9999836372058, "dx": 0.5, "dy": 0.25, "nx": 34, "ny": 52, "refTime": "2025-11-13T13:00:00.000Z"}, "data":
[rows 0 to 24 of 52, columns 0 to 33 of 34]
1.8682856630723816,2.010690077491683,2.505606101947867,2.0876432754481673,-1.2567609475682453,0.6392451863664731,2.473442715483009,0.37896761864065404,2.682178706046109,4.645129305866202,4.550471720535365,1.1842077272932057,3.862269710495416,3.5932170965071553,2.0399545527118668,1.7016157597113326,5.116447867204379,-1.8288317482037348,-0.3148132703750998,1.0715999018803677,2.468307680597479,2.7202144458166,3.595405149375504,3.2412087619409338,4.985232623578796,2.6604037496312536,2.3177680265501404,3.0666195483302,3.520397112674987,3.3611236915708402,2.9906283556189126,3.262525124122567,3.178779612493964,3.357946497702761
1.3543115148612241,1.7954359166193772,1.9781240046299955,2.5898218982591956,2.893781516363881,0.9399683102806582,1.911556100435073,-2.361615367632891,2.730345265843767,5.382611584656595,4.947847186238918,5.6526574339958815,4.333890688065167,-0.8885575892662694,7.492778818552672,8.360587718582277,3.4551204349879865,1.1620226598560637,2.0262540883626077,5.207691080323388,1.4360279344790574,2.4691781645469595,1.9988192888714273,5.963194157315747,3.7669274873640446,2.9832419115092237,2.8412894588429918,3.8009654491482037,3.338386815714097,4.047056349546038,3.306421083936604,3.39235229620341,3.1935108468694966,3.723245271807664
0.6269718208415056,0.6492274064016091,0.21555218219923244,1.3994028139140728,1.3101011656613397,0.6878898215062406,3.2621243322456985,2.764532856739447,6.812133957940684,5.3934264937298275,0.853558846590909,3.494344742999207,4.019374463409129,5.026303345849572,6.229374032864869,1.5687768571101008,3.1027702096641825,1.4853253265178248,1.5554417945305983,2.2200066228530098,4.003185615330071,3.158516915250599,3.3031281438370472,5.065095948724466,3.342326802266447,3.138260139614199,2.4956653157451503,2.6309873197983755,3.480298505902914,3.780806349740899,3.9328462669670516,3.325403980352024,3.325697505889641,3.5043029304410704
-1.6743328035763183,0.6835146560312495,3.106206043304124,0.12825608647959538,1.065979213134953,4.6410962085460294,3.397463368399574,4.378732484507777,4.447853895063062,-0.7788769103494647,5.106705198919663,3.882954542734257,3.0635722847913454,4.484861670576317,4.449688053952763,2.598570123426217,3.0027425955951514,2.290432777536054,5.471335356861295,1.7763966962550404,4.62072882863232,5.391008994509205,5.167764022461537,3.8394381931137684,3.2307658947825435,3.342595102604125,3.808507295963789,3.200165060085442,3.540141332014144,3.6448633473969894,3.383464812312968,3.39662076548222,3.2394045019503284,3.527304704783532
-1.6305869927065675,1.6842998968141576,3.3612302981705486,0.5119583999603418,3.1201729682582044,3.8040544650814905,3.8125971043374913,4.153092646735825,4.409247528316463,3.1580950746865453,1.2507909775634882,4.973055793066633,5.223250325426105,3.546915568069323,2.127976916243382,1.8882262282007671,5.144901051449977,2.7215661696537414,4.023650158256319,7.472505390562051,5.431239108324764,7.035340195704611,3.096798223900384,4.536733907258356,3.501247135152884,2.807785865782083,3.4956835585500703,3.0906571365024096,3.960403810094174,3.809584400552323,3.5745160999762913,3.8373418343603705,3.25999964550426,3.4583776469802423
1.0492980041415612,1.5273527546156442,1.7747845585940114,2.3475449357110585,2.5556333651818277,3.0768429331246234,3.2164616965458808,1.8298004410641562,1.980568612488279,1.4680162441095315,3.6279892293086764,4.335187751290549,6.252710906840932,5.185129204283215,0.5242965011719264,2.928007122521796,1.830162702733411,2.942200431824535,5.77362345194898,4.906221743218576,2.645047471957807,2.90168012748101,4.037240979079301,3.334617590481315,3.5239544166461974,3.776072667559239,3.319573283313778,3.336583248999693,3.3821912577252,3.646697441501555,3.6644768685298055,2.994646412567697,3.3214431337391694,3.240535480263144
2.0010113285398865,2.1495080982519257,1.7116752863114304,2.8089498474935306,1.88353061163384,1.8665131574267078,-1.7762921896264532,0.5539892805453058,-0.6266793968237048,-0.14743656262277766,3.0948432630026037,2.7928563634593324,2.9476684779544167,3.1370385718920617,3.431234992630694,7.783100584202884,2.339958045853762,2.305025548706289,6.392092006357963,4.295789433091183,3.1906130277774793,2.7719143081725757,3.286827858200241,3.4156809974587174,3.6064057294879137,3.3657101282567745,3.47987040657735,3.040013083954181,3.2351061857943297,3.856187363129644,3.699774401126012,3.5115014866718655,3.4396211133547965,6.606402152273959
0.8393173263129358,1.078899536595274,-1.7579411655238013,-0.8847045494191044,-1.6310154089172195,3.2674541103291888,1.0379097734593896,-0.8592273692847914,-2.329169564045675,3.0284816869493905,6.2091044567168705,-0.7383525470412758,2.2673425303524057,4.390186491337994,2.2221924792654364,2.3379318602621058,2.636121836053481,4.470563226751066,5.871217753818742,6.6624363130005735,3.1208074948539632,3.4247414334042556,4.077300241089925,5.128472950882868,3.3358758552222234,2.771451339828126,3.455612833987445,3.877594565577877,3.3708069262402716,3.2966696758853113,4.023337564137146,3.227546517314857,3.757446660902397,9.019348083636824
0.36839567614503943,0.35029645829370093,-0.378578553879947,0.8215283742752064,-2.6036549539507425,-0.5697749119217188,-0.4615873286036022,0.05940099231836581,3.2023095572891074,1.1398204403952379,1.1384104094805942,1.9166248635248913,0.9361974684896276,2.8161739712990945,3.911993849314342,2.0821801299641147,4.946324743930436,4.444298849470682,4.807091310293578,4.928350402442608,5.813887682992147,4.599907184047322,3.5695819748976407,3.2657306410619054,3.6854890846093067,3.27508907387232,3.30346538799023,2.8152962505534447,3.062180542107399,3.719512685355278,3.7933703744469947,4.915620648418168,9.548237755588985,9.919452751929251
2.640377927951251,5.561149171483498,1.7098579429615686,0.8443806856034188,1.5073001742056285,1.554385226396715,-1.7377640809669868,0.06438135531004022,-0.02262467219107401,0.8582437823519821,1.5999869034910053,0.2659532718959006,4.905505687336097,2.605439395954865,1.4956489557569903,4.667205105030935,3.75591031573895,5.014540078832834,4.4053427047269995,3.7083571391694368,4.6350454498173335,3.4984218525462416,3.5466847616264356,2.709142784387095,3.3722343666097316,3.2123027561464665,3.1038649139479966,3.0801121198951105,3.2795608074572544,2.9165190881754435,4.343926870337123,8.823247272323666,9.601310249753263,9.449204731876078
0.14117199243753337,-0.6536853116497462,-0.28124514594253075,2.75052309057728,1.0456892068274228,-2.9185804516477245,0.8661259596327182,0.4433309847094743,2.1323912528132203,-0.45814722586057083,3.4778776234683253,1.8592778352999084,1.644822784616256,4.301346165038037,4.249504568303007,4.092789003198326,1.8252875923645084,2.5513482817899664,5.114342219558453,1.7633898246326913,3.5529342232840775,3.3992472857974967,4.7144845636554615,2.971991170773605,2.8389558518071523,2.0391975927829495,3.2878252303298243,2.939877462677065,3.0274119620699205,4.295574261947428,7.597110323289266,8.980200350137004,9.953641332191479,9.516409158054383
-1.0887205688074388,-0.23893536365786583,-0.3123848924986738,-0.2539444937989945,-3.6867153223870135,-2.714548926164839,-0.9018726854283772,1.1255389654069852,-0.6447891374516229,0.9069377455420253,1.7807982218556053,2.330761212991957,1.2200138777565537,3.056138000291708,3.0527334855084787,1.6511636679657589,2.4055251583789214,3.7185904764121003,2.0352976637485733,3.8052664385049195,2.383340887455213,3.4085405687957646,2.569111512699523,2.343917355855205,1.773782113262727,2.0908905329251075,2.4148620271338856,2.745800912698681,2.730890006150936,3.8823147001819605,9.207713836659092,9.04927609344929,8.94890413991244,9.388611455559364
0.6642175889780466,-1.7772960494694066,-3.4096434038371015,-1.5195821782650236,-1.755109433474443,0.1867537522110313,-0.3296522341698622,0.8172559085682246,1.610692266712738,1.8211258971472775,1.9633259147434003,1.5406801018913145,2.981000526627832,0.5048942786129544,1.3688121098631245,1.1831009302428106,2.6787930649865825,1.8247059217464587,2.0816320194368267,1.7257132038413732,1.723963474168462,2.4953475383240775,2.248658400864982,2.352876170483301,2.0073361614411427,2.36900759102487,1.9961924977773113,2.457358376254078,3.3264484678197643,6.714099161391786,8.010087675937859,8.606217655932957,8.15108204977271,7.707262203746752
0.026838649967450213,-0.97956252389238,-2.8926941828008372,-3.6923815557962545,-3.2157914467714486,-2.087938610115511,-0.6997188196587294,0.27426180891807017,0.2983288279536473,-1.735547794209321,-1.4933930918151928,0.6165964332312638,1.7038685349071656,1.3858687441324355,-0.4674441423477945,0.9835828193435336,1.7579934656806302,1.1539765511776858,1.5289722972745863,2.0948277488839926,2.504078844697867,2.790225287843176,2.0254123553141263,2.162752048683219,2.403241627958937,2.2166081064514658,2.4901018602063627,2.643755357908529,3.3148920368580432,6.689870793386877,7.551663311915374,7.2713676404319845,7.385593772594405,7.472855801309429
-1.863157997909327,0.3515566208430965,2.593512692504055,-0.44104491504862503,-0.27122072952930454,0.6498553331136341,0.16809384046532044,2.945825572906547,-3.46021150013335,-1.8607681122107431,0.9469997182079295,-0.36674120075031613,1.2776968515731173,0.6900558575119277,2.063115718815802,-0.2450669672442832,0.09414872961129687,1.2349215573151258,0.025770247756771742,0.8946684039732116,0.7302004269964599,1.5131076242548966,1.2006511793050374,2.1204040938673345,1.7335143604896175,1.917089859653194,2.0187844165676045,2.5173472938171177,2.3733134781727405,5.383706157404762,6.323803539186607,6.945268254294032,6.87556762623514,6.8786711422582005
-1.1680667878153639,0.4310209398512349,-0.7691153028884115,-2.0876918893452907,0.2284768279909062,0.7099531195892996,0.24689436675053186,-0.16834861274858623,0.035787186002975965,-1.0893345747336123,1.1644256496143786,0.4367503828647643,-0.813545608533947,0.8781807862380543,1.773153927037067,-0.31018173704367075,-0.21447180395188697,1.1511291552015306,0.879236532847852,0.6684228245405934,0.3248270703868181,1.644849479865434,1.3535326914415422,1.1361651724714903,1.0330406559593786,1.6209407136912883,2.1072955108800517,2.767419891583564,2.505067834200566,5.921372305825638,6.163477487348558,5.935639615437081,6.284652658502379,6.339570172585561
-4.400388146023811,-2.4881345311507075,3.556108059689599,-1.913938266161084,0.12420092857098733,0.7736614814872576,0.0033755264255944245,-0.031974648512618976,0.6499686768329586,-0.7558477662355482,1.6961536339413843,-0.06224717856564972,0.00785383200256467,0.8186918223604982,0.45086781613712446,2.178984297535847,0.07005646376731031,0.4954515872616113,-0.025972874331667364,0.33501862917784603,0.2693961839914165,1.0874037034927966,1.0075892365147712,1.5696319244733485,1.0294459948485115,1.0133056344258788,1.8376664456022724,2.3899341751900143,2.0961191662992005,5.485349937490327,6.003909977839631,5.439145818160031,5.559293041219232,6.245686249970593
-3.4151898523951254,1.472080462095877,-1.9762278268656353,-1.5571066777236808,0.4316412192700513,0.08786987850532361,-1.1962014286406457,-0.5989053559000167,-2.869167651520936,-0.7199402459619704,0.9540255656519481,-0.47196969317187226,-0.7379650092233547,0.4020440540889089,0.5185836662114806,0.47052888359935807,1.0020820691143868,0.7514330506570597,-0.08987303204691668,-0.06707661298201904,0.10973937862358131,0.8778704357186362,0.9999767762909878,1.0303841567609482,0.9273328134373995,1.1915667741339009,1.844217501122861,1.4857308192890923,1.6964273057842671,4.940880380111056,5.250430015580433,5.459387220612649,5.415947742228655,5.683067296016761
-1.6977579651616086,1.0830736011362752,-1.387876442754063,-0.49110376998381006,0.2173515549103913,0.5250473901705441,-2.8503785079206843,0.8056413141310291,1.1770611623703946,-1.4546210313210248,-2.358775840998502,-0.8998536818975588,0.0908333748579499,-0.4845347189979109,0.8940055153037535,-0.25723406432698814,0.7559695473837776,0.20820092896531206,1.6946120261492248,-0.041982346593212205,0.06059868919654816,-0.13068617579819786,0.1803546225043506,0.7366396297359759,0.7152329861654523,1.1401055409529879,1.42878400955271,1.2043572214967229,1.328901864565273,1.6878641748372547,2.6332281344803556,4.997996672235388,5.276420774592319,4.9163910479029
-0.9339773824961747,2.216310460931906,-1.3643680915989107,-1.33776701765193,0.16612240047037272,0.4729995812347371,0.5204398546165317,-3.7353507567148045,-3.626041202054826,-3.5247102864322257,-3.1126091262311206,-1.7065852418462508,0.03754803582981146,-1.8458199993114988,0.3281039711090006,0.17590420135264234,0.1364223443524619,0.4551916979359731,-0.1627684428549454,-0.1284072774477781,-0.7175489427972365,-0.31064724215507894,-0.3928328155910658,0.3658362367456278,0.8250890202071507,0.976382200315724,1.3685523049877313,1.2891558857469771,1.082084630324254,1.544109667700415,1.5111305302040963,1.4967382180641877,4.369286840661653,2.017780816224374
-0.19371668366542252,-1.9626895327982008,-0.7374906591654925,-0.7443997942957378,0.7126479307321104,0.9543245282451682,0.4638859922621733,0.8811750567153781,-6.352212745700306,-3.6162482722312856,-4.2270393552968075,-2.3424598541596566,-1.1046992937272488,-0.060111996358088865,-0.44015877568585104,0.04636474478111528,-0.8937245593496668,0.14161448802159116,-0.008847212666790944,0.30005198906886976,0.14113541800267015,-0.00753001963524417,0.0813486545175805,0.19035107225571535,0.13782113016806424,0.8247739188176862,1.0275117266190996,1.321002323587553,0.7202504447577598,1.0891856375608773,1.2982229977804718,1.282755361101255,4.436947344365067,3.7329254025370533
-0.7092069697453233,-0.23733010521136377,-0.4677701248469808,-0.31560619619506075,-0.2240712186216991,1.696065877589132,0.08003867418577532,-2.8087333436139477,-5.835142573598467,-1.5476033491917056,-0.6729176750994404,-1.5455690826489292,0.08860887263271179,-0.4934144012929932,-0.0654113340252225,0.12195408248044201,-0.3084285243040263,0.06479356814533524,-0.17435546548088696,0.3183857233162538,0.11009069752765695,-0.046586206928560116,-0.14596916107615374,0.3209520809878939,0.619554576539797,0.14603314919927593,0.4644150955734071,0.8027777420206438,0.3841019005016134,0.7002986415418947,0.9301545811420403,1.009928441862454,1.3818771057779569,3.296555628651324
-1.8011525299088746,-0.05874555648468705,-0.02346826639794881,0.633251510050573,0.45423619217494576,0.9529624739432149,-0.6745249066121026,-2.1333331310245778,-6.482957063899163,-7.69251671373459,-0.07754180449895273,-1.1428581129560986,-0.8507584474119108,-1.9467502944850574,-0.5518589562523339,-1.0887003815238732,-0.6440873484461648,-0.5648994752655944,-0.36930696026386556,-0.27602061822450713,-0.06437398910433909,-0.2838241855125123,-0.8381719078179791,-0.5130914472648694,-0.09938243466768322,-0.02914169046524288,-0.17413347949268335,-0.018069825784162302,0.6469002194333275,0.055416897418191426,0.6302559053598655,0.3609400147485383,-1.8178953577911248,2.22107228903553
-0.8907563461765672,1.4114585589909734,0.943230373723997,0.6011592454459406,0.5854898844167975,2.5940297403787467,0.01687653604092172,0.713797675644235,-6.003477561029548,-2.773715586516404,-0.5099095764957464,-0.05474579316125569,-1.0447776191460156,-0.575479447255705,-1.3808431050884076,-3.5971151313448906,-1.09682043350473,-1.0120195287515525,-0.2502916282855793,-0.3893009160043995,-0.8462209952017042,-1.4488399482069092,-1.7150808096100063,-0.9066010102199296,-1.6732440299386817,-0.4220017993629755,-2.039806017260241,-0.3044183839109267,0.6801922680208667,0.8301613226252178,2.817242001506758,1.8511401650228794,6.632438425040683,10.070104495517102
0.16841899500403607,1.2590767677345729,0.9466966541758098,1.9877799646867522,0.2980871129225593,0.9388524227942835,0.5075612002910271,1.604592546299849,-1.3798229673082367,0.028671054495997515,-0.36944724075828733,0.7910909602856224,-0.6136559954996976,-0.6468999069920769,-2.371035946769719,-4.772199227700433,-2.8495436382586568,-1.7941394574727862,-0.8325043878587228,-0.6296793479382304,-2.3954957228068157,-3.284600926920073,-1.3972680557952655,-1.51293038125404,-1.1118291383979564,-0.7719405056057133,-0.5288905016168385,-0.5457582065559279,2.221808887905666,2.5451427882965665,2.5180693320623284,7.1512894433946155,10.147059818728076,9.984687128983742
