script/wind10m.json
{"header": {"parameterCategory": 2, "parameterNumber": 2, "lo1": 6.000027932988019, "la1": 58.9999434238085, "dx": 0.5, "dy": 0.25, "nx": 22, "ny": 24, "refTime": "2024-08-27T19:00:00.000Z"}, "data":
[rows 0 to 23 of 24, columns 0 to 21 of 22]
-1.395656955841499,-1.2487835466116717,2.3687739094114812,-0.5302170583690526,1.0194622450827657,-1.002289682128022,0.7608436631575749,1.1052549746469738,1.9652153388231723,0.9913315435333426,-0.07748219962686077,-0.24694733101119007,0.17471892514041948,0.18906104012694266,3.0713921835571956,3.311567226332601,0.8559449994346189,1.2621364908882133,1.084152213674193,1.6491018301504732,1.1548041789801724,1.5145643350393188
-1.2460076213723532,0.8360743320812023,1.013885941716028,0.901535379600131,1.121237511747528,0.9240070456307737,0.6991668275614504,5.068469148113191,3.0165494197334906,1.6364347849539616,0.44339154081547366,-0.10187853819969704,0.023053199637823568,0.6538688156986754,2.5596251567264834,3.704484257261626,0.6373203377759716,0.5976330163877858,1.4706739134693978,1.9402268437291188,1.4823599794359628,1.3199186616054994
-0.23154619315113634,-0.346539984299212,0.15057965192471756,1.3207684784269278,1.7347419069241123,1.5135115156309915,3.5139545015880707,3.5285966449210076,2.551975215556009,-0.3084681099860352,-0.6235559713443007,-0.11281492564289673,0.12293690669703594,0.5884138892387236,0.48991695562316007,0.4603033127120108,-0.15203251921789093,1.5358757876045759,2.0120927738566166,1.7018111863510383,2.0482687743299297,0.7073065937589554
-0.6421263563111534,-0.07221745881688062,0.6683796203642091,-0.29477787816563555,1.2831342769495409,3.790107572156151,4.7162577753787245,4.392700580448022,0.5276647913206788,-0.5472244601326367,-0.4520354434190437,-0.36604640981252345,0.07551206267782799,-0.019986448367297228,-0.2268993670204947,0.5384780059125549,0.7949349718413604,3.570760124166029,0.8135938319031972,0.5259360822803377,1.2594988520903945,-0.01666231051444326
0.38761293813683073,0.6119416587493315,1.046970075807601,1.9412515653358817,1.9768681455388986,3.2854790060179844,4.704782413513526,3.759539674777585,-0.5343854541191648,-0.6498673110069286,-0.2766175685160608,-0.2587791551805674,-0.4083636734204997,-0.4011891463021003,-0.1005383843133679,0.05968997644337089,1.0723031218047878,1.24003144284462,0.6121891593797366,0.4612780100027211,1.3257389677720268,1.6814968998263315
0.8273160086990778,1.1686516062405485,2.3882453229857843,3.006389048407513,2.4758083343946464,2.7210418210309766,3.8454570511372017,2.0988190714868775,0.7495911922342714,0.10708599377883157,-0.6361960515897717,-0.10699156009748609,-0.7420844297220891,-0.5390893455548998,-0.32467172045936604,0.24275552619186455,0.8427041978814718,0.8668944471383511,0.8982208450721797,0.9811733150333778,1.0063340755625527,0.7551196969114665
0.9919200773656355,1.5643521797404938,2.193620357325073,2.8128991225960362,3.275551288264344,2.926439493033118,2.9989649686665345,1.1395409748401217,0.9326768637235529,-0.06317036607320892,-0.16505880150813182,-0.549268647708034,-0.619526513324516,-0.5350455099901658,-0.25071992043691566,-0.45388138893341645,0.23169458475627694,0.7937810123839603,0.7520670687933894,0.38875063346991273,0.7163826801883435,0.922980436245369
1.609124099729808,2.3077122082165373,2.7420501500236885,2.560353979817988,3.1406509281565076,2.9981766667115166,1.7003561139104717,0.267215113019707,-0.08507927979469057,0.49243255710863154,0.40359994771422975,-1.062239684375737,-2.126340048113627,-0.8931973129356988,-0.3580270980213174,-0.8163149379473118,-0.297953039796564,-0.26403259998953316,0.2222640680336439,0.4810028860788983,1.268362252666673,0.02558573007076157
2.2663699607366192,2.6410430833019185,3.012849332896981,2.490458283959249,2.763034642869249,1.1570044280635574,0.9717960568097151,0.5039298574596861,-0.17356636862805977,-0.479048868310835,0.21344910206314663,-1.6115970210821071,-1.8651969678740945,-1.2999368161723626,-0.6387938747080522,-0.5114755629197583,-0.6317123364345041,-0.6788726427793585,-0.511245932829035,0.45006610714877815,1.1173393915724166,0.7920798025154444
2.223159543594096,2.5925103147513378,2.796023296214087,2.585515161585813,2.1385626355086864,0.2928697680593975,-0.45667092822336214,-0.23277534023690497,-0.3335849359188877,-1.5006538311890285,-0.32941281854009413,-1.4552623128344517,-2.7024342989560655,-1.5750236748998077,-1.285882130444808,-0.799234930684051,-0.8925065446903236,-0.6378033188786267,-0.0929935205341013,0.3712377436164282,0.8378134288556527,1.5659103225008195
2.5286801093884743,2.8277396366062137,2.433696039005161,2.2231499397011536,1.0470654341754824,-0.31922606905446366,-0.5081358413606982,-0.5526278522199416,-0.5987469130638455,-0.9895869853353654,-0.39789426654981397,-2.4441936729620695,-3.616611938101531,-1.2839825303911037,-1.219765527557207,-1.1368340208519871,-1.072148811662879,-0.7955331999943284,-0.7362164545345424,0.2064519687835687,0.9751959989928884,2.284706936129946
1.805569877262137,2.5414731093838596,1.882352528705699,1.5153043944961035,0.7447827061738671,-0.24016695303683744,-0.7729213116055135,-0.8096788289927165,-0.09349373549533291,-1.4954368665265272,-1.0612023034173839,-2.509737815584384,-2.744309271446638,-1.336347493157001,-0.8867141632577581,-0.8644145584964714,-0.6435276064070247,-0.6914527996053894,-0.7332461705369485,-0.7222709807959878,0.34466904231385564,1.106158168089162
2.281353629175732,1.0070779902975708,1.402138931390504,0.5541901423448946,0.23741774637622903,-0.6445331839494434,-0.9057444495851468,-0.802148455950146,-1.1725491557538337,-2.013310018249425,-0.952027730899864,-1.7791134264922908,-1.3688177764604756,-1.0145991508962215,-0.7318343109602155,-0.9170995821122863,0.3844990650099457,1.6704833901348466,0.1429530794927344,-0.082969892771279,-0.35148800283644716,0.18586159292718124
1.498964712795273,0.4492560731709657,0.20154872160619186,0.2042073339521115,0.6081629180598366,-1.199782585195693,-1.3086031918900514,-0.9914674914447305,-0.45252480198991674,-2.36474890928554,-1.1206204220101073,-1.2634632863673125,-1.816658587484668,-0.6416846893986543,-1.4011036442665306,-1.1626525777597276,0.7347906061522899,0.7879140451796238,-0.5344223375736327,-1.0881739839294948,-0.8769575931171889,-1.1561267281467882
-0.3334549104830504,0.2152798306454558,-0.5637791807342499,-0.46372873338499526,-1.4411201695355758,-1.2539147622456797,-1.429350637253776,-1.2427888533259632,-1.7581031810849028,-2.159491387598686,-2.3611667059495973,-1.356248165416652,-0.8819313957261696,-3.2584110774728665,-2.2302635218193676,-1.7360867700215366,-1.2931364554004885,-1.3363723032668986,-1.8524268101884835,-1.5245651898443386,-2.0161481483902373,-2.95957978973141
-0.331829683843513,-0.43257360293510083,-1.3316741035320716,0.7897842694034322,-1.7535439879155037,-2.513553203407187,-1.8681544910485834,-0.9526045794711759,-2.2416216700528695,-2.1217654063591045,-3.81896766626305,-1.9274352056872945,-1.6896591591655934,-4.195066710684499,-4.017823944927139,-3.8091540202241556,-2.7470058073294106,-2.5496521425323917,-2.233644467547635,-2.7503375158565766,-3.2805603465458737,-4.209325902723424
-1.5224361832287727,-0.6066570445344164,-1.2003774190088958,-2.6595994961638825,-2.572251679093808,-3.0872631803674073,-1.8436789541754581,-2.265933746504884,-3.4761582695694573,-2.231325750949302,-3.7804047047185856,-4.3324562362336545,-2.9852240521883524,-3.268410787560375,-5.0061259807915235,-4.755411895002746,-4.6782221712588985,-4.689268764842573,-1.857555447356991,-3.7965738655837082,-4.969634612262135,-5.548093926911218
-1.8888349089655203,-3.4419118124477563,-1.3744163717436175,-2.6890838390944545,-3.0814178184084358,-1.893120658473777,-1.4095160464813394,-2.4885684847028195,-4.168321070766128,-5.861636432380757,-5.269065837550108,-3.7017163822270316,-4.922135710007404,-6.42339347274919,-5.676589064991095,-5.494034779842806,-5.475165630991715,-5.016239169256073,-4.103994308428854,-5.241783382939613,-5.925805927028654,-5.746656338696212
-3.0467126923813876,-3.58012028953839,-3.6786171904032816,-3.5950410432254323,-3.6491191407677284,-2.708574499415922,-1.1636658877212973,-1.8921560710254863,-4.0795654678837785,-6.56227398947615,-4.414622656656717,-6.8711382011979625,-7.006494902946221,-6.736621472464464,-4.892936863106428,-3.761491068029661,-5.644620267687908,-5.224832759492932,-5.643280725342459,-6.075382889684629,-5.121084986504294,-2.6477731279992582
-3.014411838551758,-3.935361354286977,-3.2403100577069477,-3.938666388839415,-3.7608444413480724,-2.6388071388954453,-2.502089112152701,-1.871784315885769,-2.568194647383332,-3.3223415784881354,-3.969680191243298,-7.449975557868958,-5.356028241071553,-3.2085183459176716,-2.62221036401082,-6.402296916349838,-6.556367298731439,-5.753181860982498,-6.2843967714395,-5.242504550070894,-3.4468566480221106,-1.7431599381855043
-2.9089825954888235,-3.0884469288463774,-3.76499595481241,-4.266565859878645,-4.043024396638719,-2.980540016766924,-2.2424204120288764,-1.8006201997673354,-2.751134272750715,-3.5628851042014245,-4.514859136914196,-3.6818042600388363,-1.9825219666039606,-3.80544691570169,-2.6649143929050374,-3.014200171140771,-4.552952989102652,-5.171159015352102,-1.915938835447192,-2.740583081437525,-3.1129202609449007,-2.0138364830401083
-3.731316915690364,-3.4689505881703733,-3.68406006714496,-2.9697471333589953,-3.7125499518309235,-2.1652141536380776,-1.6682813667803975,-1.8761082303997967,-1.9787965433446235,-0.44946662512859564,-1.3783996895430386,-2.204367951604776,0.5583978501400083,-2.5819723373568717,-2.6990396924279585,-2.459911282885878,-3.394855194823069,-5.382076983261296,-2.4733427490393667,-1.8277592968233527,-2.0022168366864213,-2.208733063772991
-2.8781847173353445,-3.72398837883876,-3.113906574208256,-1.8770358385220154,-2.646479120539701,-2.6236190230857273,-1.8287752111960316,-1.4480897131579726,-1.9525702498951805,-1.7736034407215264,-2.234655112935899,-1.3333813144870834,-1.7838113876397623,-1.7709670672659836,-1.6159342069252542,-2.530044749712472,-1.8956194869885277,-1.9219737000709076,-2.207003702376248,-1.4851716634108771,-1.3876931265947512,-1.0331049042013398
-1.6784669725265282,-2.042619170631285,-2.1576461121564026,-1.8148853806772882,-1.7200052874568799,-1.9894275231051448,-2.178312333926792,-1.9402107790041128,-0.44156941475077716,-1.5168173668252496,-1.635675773270401,-1.701211897806136,-2.3675118993588047,-1.5469340046547704,-1.695168607550921,-1.9842785203306663,-2.3538297632357574,-2.437839180348093,-3.0932080481520328,-1.5658350417324434,-0.9367108082212083,-1.5916598026145998
