script/wind450m.json
{"header": {"parameterCategory": 2, "parameterNumber": 2, "lo1": 3.000054539987559, "la1": 64.9999836372058, "dx": 0.5, "dy": 0.25, "nx": 34, "ny": 52, "refTime": "2025-12-08T21:00:00.000Z"}, "data":
[rows 0 to 24 of 52, columns 0 to 33 of 34]
-4.121817034947281,-4.012751526360047,-3.4058482795948195,-2.775689221927486,-2.7323152687885566,-2.4098098824879894,-2.4802676344293806,-2.1244553321337967,-1.3719277040914364,-1.1099661797500129,-1.509357755886885,-1.2147762649069007,-0.27046174813159723,-0.5875962919388104,0.21404410542891597,0.3452816835932611,-0.2533810372508239,-0.2567265912656464,-2.388987061273894,0.8383760661223902,-1.1866616550538254,-2.450284135423229,-1.0223732312152471,1.9495818937310652,1.1865854191001484,0.8369721930640704,1.6540968733319819,1.6627013927444152,2.3252751031105507,2.0912412149662507,1.3301638104671387,0.49973798340203024,0.38029137719135986,0.13233583661080864
-3.440284486152177,-3.2111005991287316,-2.6248718564606506,-2.2311607315876385,-2.1317257036627697,-1.4353584583876873,-1.298139846165041,-0.8809830768437346,-0.7723675121186367,-0.8955045883266334,-0.48999097144727594,0.0672508877118105,0.8322423073688074,1.1929886047787546,1.3416583763341003,2.144492796052786,2.065600078609395,-0.007942777508905464,-2.091063459602993,-2.4334419249049084,-2.303900512578693,-2.2826830271797136,-0.6155733569122243,-1.586359846544704,-0.44276006030524595,0.40688050507052675,1.1423387358922978,0.8964355769463529,1.674612902270429,1.537608024746357,0.7054802783313826,0.4695501869901639,0.7324141513352621,0.6397679699692268
-3.104052701530656,-2.5538618415579872,-2.672625710068575,-2.3257287849441646,-1.81411237250537,-1.709189632947233,-1.0877338483146868,-0.3196391965883403,-0.07336792360523473,0.5781120864460075,0.44050293475079877,0.1766551481073006,0.8056114192916788,0.8838095060588808,3.0657189340555844,2.7940930861393074,2.5298148831774485,-1.1222069145514864,-2.5790320963173525,-3.223307146159126,-2.4891499310426717,-3.1353602360199533,-1.7495178735124524,-1.4329604691409739,-0.9149261912533624,-1.6284282758013586,-0.6382593486097685,0.042689364655009346,-1.6144427373136618,-0.6475267768957683,-1.1132161617664722,-1.0634825024890362,-1.0822434486981536,-0.18787710400471538
-2.6323656713169137,-2.120272588167979,-1.8472241597800754,-1.9148545726616226,-1.6858403028163733,-1.642166765586159,-2.1587359489043396,-0.8478228855740939,-0.14295065090740208,0.24132604999307744,0.008301643992352096,-0.3249885659792805,-0.1093005450063514,0.6870498317268394,2.18955649384348,1.4866744522048339,-0.5686374497308435,0.3709018326107333,-0.6191291545306464,-4.059157492761364,-1.9629924728174353,-4.731353313736534,-3.616063715920467,-2.1055375840264845,-1.5207516141328967,-2.1959800889947787,-2.7891278083459405,-3.877545160051439,-3.9420381727871505,-4.449853576889883,-3.8753872896165573,-2.39348773427417,-2.4762186321963857,-2.328240461367717
-1.7731737135186765,-2.091372824577396,-2.023826755573091,-2.061409961801744,-1.844294839732538,-1.3529721447124903,-1.1582947873200606,-1.218254526785357,-0.8336710190272661,-1.3327809057256468,-1.5241284444285563,-0.4062775284030958,0.7530972632225431,-0.16602312874130531,1.1960193590530273,2.505177942080362,0.47201864549165307,-1.74396325968317,-4.586964678504667,-2.5804682488772963,-1.4900331734056074,-4.790634165940764,-1.4947934980338125,-2.4049393028137285,-3.145106098180737,-4.765011526065245,-6.117769383524476,-6.261299172377393,-6.662740934677264,-6.414930489994974,-5.843595791681845,-4.446691457720418,-3.9414970237816145,-1.9489590819089015
-2.361363729611062,-2.5153070914230984,-2.4477947155009856,-2.4533785442840412,-2.269495279584248,-1.8188825537605515,-1.7005609108286623,-1.1737533443924182,-1.4988636297933962,-1.5867103266005091,-0.12373494643761676,0.8436499744315675,1.2445392316865207,1.2934796220065912,0.30593474437708235,0.7140126666178471,-0.11449023967998642,-1.4705396580428318,-0.2071639826986032,-3.6790894566155132,-4.782851107479244,-4.35079239946975,-3.569085135406071,-3.933846067773934,-6.296516190678674,-6.799639804277197,-7.499048590329027,-8.406919885110247,-7.365680631698577,-6.484311502882389,-5.830949824323038,-4.035719412993155,-3.3143885743927894,-1.9972285049163772
-3.0137358855833978,-3.180541655452371,-3.17531040300255,-2.7110618239868387,-2.4204175142769553,-2.039862369665313,-1.7437167358957182,-1.4143853405774143,-0.8935102002970384,-0.467276458430382,-0.09170822314407874,2.7457750417065725,1.8133539362442512,2.066697480904298,-0.0612251053867082,0.1200611097315832,-0.5412731502058828,-0.16505187846460012,-1.2025212157905196,-4.1978754503242985,-5.636595076272808,-5.362792234083144,-4.554549379844946,-5.349787298094418,-6.497447091025372,-7.22451894748136,-8.862825657577481,-7.3835797671157986,-7.997078894155364,-6.539444926911474,-6.307748335952899,-5.483183714014216,-4.637908154623837,-3.6202116842573853
-3.746814857116785,-3.5886471592719897,-3.4678244519415675,-3.3679462906026503,-3.035076986500601,-2.377761738062734,-1.9307676897790589,-1.499262518467519,-1.4352921684228985,0.8090406122719958,2.119790625633294,1.9717731378623338,2.5431129742429395,2.55969677615505,1.5488112590545693,4.020515252256254,-1.433262140715666,0.8143580915899175,-2.043574022382148,-1.017703738839182,-5.124811820382851,-5.802181948145137,-5.6101717730363685,-6.348187977738108,-8.098984539937621,-8.545719117102719,-8.120970121017535,-6.061944812561791,-5.79355453994165,-4.935946328550054,-4.188740281211014,-4.818582760423448,-5.611531660393376,-3.631161011015867
-4.4554377432668435,-3.5544187666717826,-3.6313709710712327,-3.658703340781557,-2.9922516332499645,-2.4475348298906088,-2.173658300021205,-1.989357310827381,2.038214639117467,2.937858405277144,2.704597404363129,1.8207307336868577,3.468734115154116,3.643844847060596,0.5311878720078377,1.4308684094245931,-0.8080796600003738,0.24813226185848328,-3.2194281197350976,-5.048345655322699,-4.538950058584182,-4.510488996007653,-4.952701139610323,-6.344777581448015,-6.540371974044141,-7.631581969462293,-5.9072430885782925,-6.058963226656051,-5.06711575460777,-4.87654551295319,-5.247321451727175,-5.401274500393332,-5.444866573217921,-5.396248184626354
-4.407912480509656,-4.068129510668645,-3.991841566993093,-4.085302746819548,-3.2490100854509842,-1.4522042345777533,1.4913802894859258,2.9927113523436555,3.0974258696584185,1.7048292277324035,0.8794622574809519,1.6775780822425421,1.2080915568730755,0.6692492019269015,1.977068840773613,3.2503954519484295,0.7506609425022588,-1.800052444072187,-3.449326193413236,-3.4332876866781676,-3.3632887774413662,-4.825711856371054,-5.149009080686489,-6.7929745299243125,-6.759937797676693,-6.838549792666646,-6.4579219581792815,-6.139872503348,-6.353258587053527,-5.243637554887099,-5.985031005223243,-5.958227166476437,-6.423363262347932,-6.697766260860152
-5.407023106741871,-5.180660116117779,-4.156921244926577,-1.6134996478794386,1.6779947794431649,5.147669590796488,5.027236296596562,3.4181598280539847,3.8706437573749173,0.9661603914775072,0.8181468209241923,0.9566981924119302,2.6333552572088643,2.2424408243802874,1.0824528513590939,1.3546461407696788,-0.16829559317848578,-1.2094777286344485,-1.4198994461438692,-2.781744026405024,-2.8081746015264635,-2.549306011537104,-4.640837529071482,-4.855464676522822,-5.392066646483834,-5.8719072415330995,-6.430994326596759,-6.310665520404055,-6.159340705503706,-7.5110046017407655,-6.256224341857194,-7.106264371103406,-7.660631591103186,-8.622893973947297
-4.336770996018548,-1.9679803992898484,-0.8620441307820773,1.8193131134287857,3.0172564347718267,4.3137533518212186,2.963921947739203,1.5552156066983949,-0.280369722075474,1.6743077356150975,1.517456057210712,1.8759014950324013,1.7374407180787346,3.011788922841571,2.118454585275545,0.728170236412269,0.5179377961756699,1.1579235686751093,-0.8038832840426975,-1.6654926453356504,-3.056374396418035,-3.246405665273619,-4.174483177848991,-4.781369305335398,-4.075146408656827,-4.36672837270179,-6.22350423420838,-7.4973165803757755,-7.538619928910843,-8.50493377838066,-9.34755319614758,-10.962596428569588,-9.288210476966938,-8.896165010550936
-1.0924347928670268,-0.5862876955970163,-0.2401072362417339,1.4737788007168555,3.835339684144116,2.6232813830904993,1.3139192327317706,2.0925647945504244,2.2524094687097285,1.4579905778797835,2.52901846633154,2.1286747836242244,1.6208777937322443,1.9206188386121508,0.9454613357741534,0.9718496552984522,0.09856649815499487,-1.8597670971473206,-1.5533190415558846,-0.39626047484095456,-2.036734143718886,-3.0018785113778232,-3.462375862630168,-4.401622450629678,-5.164246827233554,-6.167277453738832,-6.842278526352177,-8.50568607530624,-9.040891725447073,-9.459011759901493,-10.649632802402962,-11.044218772564575,-11.687993017215746,-10.94406431103725
1.27407546764951,0.7558863451113141,0.7157465626715458,2.6970616221987096,5.0579725029205695,3.3687630735584864,0.9139279163475168,1.389344032304105,0.4253596728757954,2.315142357638231,1.7376032739668725,1.6155748432121018,0.6207450849360421,-0.5366480608910921,0.9502124780018316,0.12999691556486506,-0.1064913281780345,-1.3897758229099841,-1.1825762767856318,-1.429616596269955,-4.542028090145083,-4.50376610129175,-4.1939961030143325,-5.079443539094378,-6.369397504686248,-6.710760357667204,-8.182281473654609,-8.002815009413304,-9.997037651446062,-12.266061896467308,-14.003909802371941,-14.87908387872691,-13.998083775305604,-12.725669990997002
2.958442123814998,2.4564794680879922,2.4868163799866503,2.924833804828447,4.081019085046596,2.912546010881607,3.0582754192991186,0.7159378861599255,0.5171208246904386,0.47033152118800436,0.6022894967539454,0.6562716430112328,0.34466697029336624,0.2183116191750136,-0.2547945902444717,-0.06188097985508904,0.18406093307451435,-0.6790178652580028,-1.2919557587768313,-1.5979898822699972,-2.543533795485846,-3.829517846278859,-4.8408128942254915,-4.954803304770379,-5.941239971305588,-5.966755601659008,-8.296597477418024,-8.348812645886357,-12.619382990254138,-13.09947975612718,-14.545945995318553,-14.933534191762146,-15.52128751258395,-14.829464506109495
4.353765002073078,3.8601240573933397,2.461973241833199,1.8944532730799482,0.9403434996716068,1.0998733975332158,2.067956965599111,0.18492732331394263,-0.8183191486687892,0.19207464873643645,0.8320429763166424,0.8278388817637093,0.2682718288802645,-0.1333420925216317,-0.4065343797427843,-0.7410295128644716,-1.810631453004096,-1.7317032546081448,-1.9570759943177307,-1.9423285404962978,-2.533265478129797,-2.6762206127649812,-4.343203614107062,-4.9988885346683,-6.011549280901264,-4.206439560655605,-5.34287200770949,-5.010285504765273,-4.09969730476337,-4.108487459998543,-5.419534060410679,-8.687042141843314,-12.433100932408614,-14.990311367286143
4.091474061778944,3.3254977219956614,2.3572299234978895,1.8338000211854875,-1.3529084554458097,1.5940261622123326,1.3804736469773156,0.47852193902184587,1.127077195395499,1.0082672704464286,2.1859803476820088,1.3359244376823873,0.2615543539661215,-0.2805441580684829,-0.19411675526984204,0.4714422393148309,-1.6362863585184406,-2.0796494719309413,-1.7048587477821602,-2.7541188444073024,-2.225831806824542,-2.2420324486947947,-3.0653142886187665,-4.457949119385767,-4.285992839288975,-3.34681463513095,-1.7343576097509494,-1.167163773207456,-0.24223459906472905,-0.6143968009580048,-0.759642226093702,-3.6441925684959604,-5.804788940021169,-8.327058218717351
3.417321082926915,4.461180218602241,2.9757397873569484,2.3082784473196547,-2.6012701419387683,-0.7036271954130675,-0.25604930081252264,-0.4836462259536456,1.7929344081315655,1.937405915033558,0.026580479687932895,0.5825995103845923,0.3921777448675422,-0.12531930877060427,-0.18609664605048146,-0.832335572331001,-1.0749788019773414,-1.740091387952315,-1.3796084375861488,-1.52309183076667,-0.3242945311834931,-3.353384805334029,-2.9828080212580454,-2.441713972971352,-2.3591203196392416,-1.2298694055705814,-0.8449447118456256,0.02804038427885689,1.1619836011508973,1.668555846935087,1.0025455126311027,-0.5931913811488927,-1.9104916400766494,-2.8963849777856474
5.7841776907112745,5.6238279322601965,5.344900650922952,1.0919497050442688,-0.9366210498022143,-1.2306312632153034,-1.1963045188272294,0.6421591178782136,-0.9421727138039359,3.367876716790573,2.300962010585646,0.9220394113285568,1.4806837194642188,1.4821013509274574,0.9794061356070052,1.0276780575406081,0.4638728755718756,0.8241993917750162,-1.3822490262101408,-0.3031445936684249,-1.0540590432267256,-0.6055002602839632,-1.3660216608241011,-0.84171439314381,-2.1891641492190717,-1.4754039098641276,0.6397095966061884,0.7955976232254675,2.227215658053598,1.8412732867562176,1.2456484076330152,0.9599003082440173,-1.036163864321804,-0.2304177625553044
2.9212890949274675,1.77073772336748,1.9507318974736745,2.8019198348915575,3.7337446292942325,-0.029534267117784157,-0.3567621196647858,4.3847817568818535,6.817126297879124,7.069878844946979,7.341359211935334,5.914198510953837,1.7981892957503522,3.2799613567428096,0.5854474524861407,3.143432645042401,0.4146009789883375,0.7762109432481307,-0.09140205468178872,0.29756404841245454,0.22345328542184448,-0.7064918690099322,1.5045863444093341,0.26921329146197054,-0.13103190989681673,0.910299757604542,2.919237779632893,3.0720333107851716,3.045388043260999,2.5687253919355024,2.2175411507662983,2.2875470896518584,3.2305349584573237,4.127411648775205
5.6030142784070485,5.683841867469925,2.7804285584504047,2.6921118019439727,2.1757622219697956,3.3447885306422123,4.062010856443611,6.564232120223875,11.272494518458295,9.910468624223736,8.877147801317143,6.828025112921104,4.657546237166707,1.5831897810281927,1.1089764550655241,2.480316226449154,0.7772618716158013,2.869959083374479,3.0453493291359557,2.567800043670784,2.0857685683541636,0.5930468900937881,3.3386324883589267,3.112903341255366,2.676908568860333,4.035856684927573,4.62264591864402,5.07788851650353,5.062550908006743,4.149489670434725,4.846987710320144,4.961423914547072,6.045170545027787,6.574311944673836
8.341249748443673,3.93574426981364,2.7295938580254213,3.7013244165088586,4.372649987695341,1.6720035964233566,3.35367412245218,5.049376966952192,9.91788667867908,5.518923923533423,9.221787849034719,8.551609664240337,1.5405601569490095,2.6675774864463175,3.218069853939532,2.795212141987022,4.542692023234659,4.774173870812282,5.38818276476583,3.90249350238192,6.513788038356135,4.752714058177099,5.943809836006001,5.733604178744907,6.65788231807021,6.101334969814171,6.217121963036847,7.297794608129662,6.502788291888438,5.899648879321468,5.0383963154908455,5.004832733625957,6.663021103299252,9.026918772824812
8.001916949756234,7.218480797140646,7.7228459391415205,5.9892300175164825,4.238471248017788,3.994057245018371,6.217048596825343,6.852729429809902,13.151698087292283,12.465494193200344,3.9227407100771283,7.561064953386666,8.90733377569862,8.09266511183986,6.414694593085352,4.111928458374951,5.953502205183521,6.9835842430963355,7.594588504588918,6.770252226069625,5.697248069508148,6.074070834891492,7.382702120784704,7.57357067439489,7.790008100240749,8.504562664816476,9.62216792332636,10.994092215686658,11.06291192748317,9.84966559905775,9.018444812423166,7.6505609254703,11.409861960518,12.948144443383683
7.1661012853234745,7.493972562088727,6.887439140324199,6.398128205609221,6.125669114458946,5.808617053066859,6.670828193473017,7.733998581161685,11.21272197081271,6.573259970137831,6.753556449923421,5.357322358321088,7.407486259834268,3.0244189898802696,3.8786076980751134,2.9947994468052026,5.67920945747739,9.302908702748235,9.0302759964455,11.27071441884448,8.376436107270964,8.115828130264289,8.267787496252408,10.747579534534156,10.413327670042227,11.90825959844888,14.277780640312102,14.62645105225043,13.100052321683517,13.874345264021636,13.548183939618266,12.37285720889979,16.603618638182073,16.235219322108605
7.2984393078849426,6.062560478963795,6.06083065946922,6.420541957989138,6.74187664720743,6.601187757065481,6.2399044805897255,8.594643604488788,9.133373358606354,9.627169597078755,10.516948685734897,6.67660514950195,6.265796291259965,4.642493491269048,3.3558903846835233,4.865214782984842,4.481521754691692,8.54494749598881,10.315184730294401,9.783533958733475,10.112857066672937,11.188296259815857,13.345081255017103,15.278776082655511,13.604160903912703,14.226050252996655,13.504990731300579,15.818495623689909,16.51304234260046,15.903013345757675,16.71737108750816,18.657975625997583,19.432906345250714,17.233647745332714
