script/wind100m.json
{"header": {"parameterCategory": 2, "parameterNumber": 3, "lo1": 6.000198445256149, "la1": 58.999992894266676, "dx": 0.5, "dy": 0.25, "nx": 22, "ny": 24, "refTime": "2024-02-25T02:00:00.000Z"}, "data":
[rows 0 to 23 of 24, columns 0 to 21 of 22]
2.243161525130633,5.208919946774255,8.181145940596803,8.45535409086789,9.8472719244517,7.627616869270544,7.730689299410353,5.488253586653672,7.679061103588751,6.580450295229726,5.26464856401929,7.418524558661987,6.91569093715897,11.178274271931116,7.282261979653533,6.209506787112683,5.992591677969665,12.822341939374514,7.01070447367685,6.685333170163975,11.26695993918007,7.486939132971005
3.7977350439686166,6.549376716284619,8.614269213526118,8.900589194489841,8.816894050819458,7.9285707966506775,10.577682305918092,8.216122962628654,6.951488363504367,2.992786658021207,8.217155179871797,6.155439892439478,7.679881987927831,7.673935702999927,7.479517645660814,7.626526556694942,6.78467798926515,6.680996487702892,2.4598229408033943,7.822303849501421,1.5898957051060565,7.835884193908427
8.442044511768584,7.728309383974069,5.522204309069748,8.035031804211917,6.6020293561711245,1.6285010199847334,8.697019856626989,5.56232853256449,8.18420580989755,7.997081000309014,6.349684190973254,2.216337552041953,10.122327058841682,6.231357391101719,4.226745831640909,6.630714427820278,8.201177186145708,6.591371708785213,10.27169597987749,11.297106973326708,9.2614922916147,11.558613669584648
7.303566346948278,7.5406860801529065,8.422645305521614,9.069816054147072,5.058994244248916,8.651012245559183,7.792268492733815,7.330052647588909,10.309012872665098,4.467178170863456,3.074828466591289,6.964045382486994,7.039377293369694,7.424587481720258,9.020470896639091,6.024177611003533,7.366546933610312,5.710621102407985,7.674336678509577,8.243238850236725,8.123559643160315,7.175567942836792
7.498195404112156,1.5067383841227178,6.858784330529846,1.9896196864498017,5.17750933028416,7.716828519035916,8.44381568920211,9.09058731597388,8.181351355192874,10.537181379354037,9.026049410846118,11.852612096182266,7.94497851201158,0.5598184541970708,11.236130632544349,5.10677112405349,7.612406586840115,7.954226680409079,10.457251906431186,4.787876058888591,8.700254257895764,7.462698795407955
7.589230642553885,7.325195563952193,4.763757252337823,6.306344485236165,6.9495148818696695,9.036418653088049,7.560234787782465,7.008396342450137,6.027419104933792,7.008675113900778,7.933965220722853,5.819834880307188,6.93840788367578,8.088347137269976,9.737759491724292,6.917116315979252,7.872347198935782,9.411966879040348,2.5075695356191,8.521545448345778,7.643517228215712,5.473958526520258
4.187952119116103,7.91048782627133,8.07938801881653,4.593167100798044,8.405721071501254,1.2693021055990699,7.422406779713875,8.965148829681095,7.953223293046218,8.46557654328689,-0.9615481841973393,8.595906575151561,10.829471517492218,7.42463659219928,9.374363316184377,10.477922570230428,2.854143682277728,6.9924822916513305,5.202312789481271,9.747402637121093,0.8505278457333725,10.24260128148196
5.435836965193812,5.0399425289212685,8.254846707021368,5.795798375788592,7.655859369302799,6.0223716804494565,6.2681869770364145,8.392731950532815,9.534619696987916,7.0379215445632655,8.12387687242433,7.692288893562298,7.298830131689899,10.153629444069253,6.84019238624944,6.402708626743106,6.474224722647624,8.885761229272703,8.522551927324866,1.5819269817355244,5.069176309654512,7.218636836103794
6.975049621033347,3.1969841490472,11.114478274527258,9.313684258930815,2.8454709757244183,5.4073032553940115,8.015330094474367,8.681685875808254,8.14517658182519,2.184837914973517,5.907652569223186,7.4068958524238,7.836607896874263,7.461269437239747,8.50631026295746,6.1561011873475255,8.473986200925959,7.7645632995765155,9.938841281793344,12.302191467036401,7.296880791395003,7.951567491899339
6.970758285474565,8.07640917499997,6.595925373070971,7.895902276288762,7.058326888326002,11.014322585079308,6.006300443960907,7.126735596436854,7.92709136663076,9.786838209438287,7.948650801374911,6.279610688863456,5.060227785385609,11.873687249011411,5.550828341590044,6.046491985517974,4.884404125276497,6.229108011322361,6.857101457608999,9.565994638793223,7.043952623848907,6.855381714775026
2.3066587722709584,7.481447573008259,7.5837178985890645,10.077660227252158,6.337370348962301,7.4834184203111755,7.8603100151666165,7.981007671236085,7.561857691886337,5.314596536393766,6.562596303335112,10.276888509646298,7.109443000342284,6.0347863484153965,7.4566124373667835,6.48248948594244,9.181511105781064,5.612365459346497,5.966432842604761,8.532360197730982,9.56985105415166,8.374848162740701
1.3807595297907729,8.404938073875096,7.588397839673938,9.768256961445772,7.635745450816589,9.539986577692448,7.3530360447443375,7.107915029000841,7.02185997592848,11.812930621669828,7.569847546651776,6.500177879746951,8.162527400649502,1.5941989786741046,5.5280972155110595,5.56437534178089,7.760776305088575,8.26299599127169,10.269073392024636,7.19771125221593,7.871824120201443,8.694082542498002
8.475957455942886,6.251845828445025,9.363783423772327,9.885434136925753,9.367180324689395,12.718200613434137,10.328912681544034,8.351915881641837,10.20401978575711,7.469792386743266,8.647308111988115,6.5542580170564095,8.03478908081249,7.466009133163778,5.819813548452431,6.173912760016229,10.150305795891589,10.732763115308906,9.56817644351663,11.09715991683592,5.190784016039095,7.638313427177184
5.513424955056379,11.999676629987023,9.539937691397382,6.939365710098564,8.914031731846928,9.292659691622328,9.561208570786775,8.383684027744803,8.64256235924793,10.792080099327809,5.9433329702474,7.264281050659398,7.7193364540957745,8.183424565964456,8.469406794308023,5.117695831784729,12.307941999860198,9.00423038014539,8.567428915397706,9.879027727756068,8.491648036260614,8.162739494179801
1.7513056731026517,6.746725546258025,9.686091766695386,7.921134129940475,8.237605199131256,7.880826707017528,10.052910550165548,7.528742171510569,9.869979075192338,4.613827340387213,8.548893091546795,10.33483757610937,7.857910793581242,8.625055411589887,9.197580942865242,12.319104455943341,9.922688639910362,1.526338868846977,7.198925627393339,11.14973020270129,7.560948512750559,7.647198869844183
8.293342004458758,7.386816581928907,7.020837293868175,5.876133029447452,4.409148251947387,6.422974309688874,6.70948897311357,7.401158087743804,7.363872770459762,7.36502699897716,7.098392288769099,6.088507847287775,8.810763300292207,11.003951705900684,7.424598854336431,5.308896442531575,7.694476196601039,9.53626974238005,9.397488475207084,7.838660429417827,8.097401076821242,8.469630341657442
1.012157162687902,9.81985893147115,7.6294051553826945,12.1382833744405,8.4468564670537,7.609152958997158,7.4923322092824876,6.929330421929014,9.563799560600733,7.509316097375526,6.097299470577572,6.207928079407423,8.04636481815236,6.1171747876697875,1.790437638468066,6.866896861416539,2.332481468121962,7.440503657738118,10.340253322157663,7.5623346206938145,6.965444113003688,7.010374765515999
0.860936030242159,6.874980305414176,8.296949849920262,7.011825780628606,8.210300472938224,7.855789954664132,8.691968872263438,5.544695726733818,6.179725258113236,7.447976182358568,6.551432425034036,7.678777326763387,10.821809906538236,8.534043333340716,3.014170692989661,8.592145649228957,9.074084053632442,6.659403704806643,7.639886221432364,7.131860656206401,7.5584049073205986,11.13587369338908
1.79806390971212,10.164655702944177,0.29922599135255945,7.865513579317903,3.6862012051160487,7.799531033486371,7.601971188560786,9.99659298467293,11.6112218671594,9.660304441050242,7.729522214696526,8.662579975634362,5.968739520576091,5.802684587387335,6.7872695579300615,10.428276950268101,8.382636056131396,8.43446629000825,7.685819846461428,6.698322620912928,8.361617103172454,5.9851423954021135
2.710894026735047,9.715096160193166,7.868437238780598,9.379339764205922,10.230716637433176,7.4001742824860255,8.12858826067354,7.616717782777413,7.985332149412193,8.062363730769242,6.3461991358125065,7.408416412286525,6.182906790598655,5.0277189471931845,8.830372304227806,7.2609659133883895,5.52490960096319,8.110823434312861,6.492852020746108,7.881072448068311,7.422774872242648,9.681122436352615
5.118216881648241,10.515810858590473,6.981864904482184,8.30202414929685,7.447978289380579,7.6083987967536295,10.875769267266021,5.081949812989719,6.679443326310524,7.510067277014776,7.771014695302363,8.487362966407275,7.44791385035477,7.209592993073585,10.174132389790032,8.769667734831286,9.67653262103141,6.948524082102402,8.406118702978526,6.190308110308214,9.413247576432946,7.155356382357978
6.527692107376444,5.961054729470296,7.502668207855353,8.60218825870441,7.84136298004142,10.075989563395856,10.841976448536009,9.507601327161609,7.537801318471162,7.633440342419773,7.49102693072077,10.228001532615563,10.247054420914777,7.5145348480492205,11.37760769899706,8.574148095240917,8.018673570617619,9.84883222348566,7.766493033134332,6.0893734662683565,10.472537668049917,9.335605634239746
7.40256662625812,5.698903455097613,11.789158650903962,7.760012317482123,7.720925202976573,6.769486255520301,10.318391471278794,6.382191166262702,8.670927163061716,8.432967106806272,9.350265398343126,8.095861433851045,10.544655974665867,9.018358893912735,10.569728177974234,8.020252520517516,7.193318688976347,6.030541004017651,6.4596361889698715,9.039802117113728,8.49001790350103,5.499400784940196
2.1566629776232706,9.309543366985963,7.5708474446080745,12.064562789146752,6.895733216541567,11.224815711026732,6.661329559037914,10.736227709000302,8.790914051565444,5.524387899381482,3.0568105221115283,4.879232759992139,7.945534295229234,11.485274588886563,8.090967983537448,10.72687270738506,10.19253167655894,8.27450759305698,6.961788044662626,3.7172451192394025,8.41135361628644,7.914820214074979
