script/wind150m.json
{"header": {"parameterCategory": 2, "parameterNumber": 3, "lo1": 6.000198445256149, "la1": 58.999992894266676, "dx": 0.5, "dy": 0.25, "nx": 22, "ny": 24, "refTime": "2024-04-15T22:00:00.000Z"}, "data":
[rows 0 to 23 of 24, columns 0 to 21 of 22]
3.7979523079235795,0.19217314047663792,-0.47695235287470833,3.965317321682144,2.554877398536712,5.5009644383768626,3.3825593923902684,6.703361732544874,4.092634669104231,-3.237008629462359,2.2413118491291657,-3.9433405240497645,-7.9161622050437455,1.069520207640536,4.520369556977417,-0.20824956268022898,-3.581699460913036,-2.204153056085949,2.0268585373370254,-2.7560978265883325,0.870352661118087,8.95547475189533
5.96980365721602,-1.1839190658959917,-4.582215109296167,4.9563425540169455,4.855001703917668,3.431370176847853,3.063908254182206,4.345723518049208,2.84109256129804,11.411097945949306,3.303313350855629,1.1746543949860637,-1.887578543524275,2.037215763658856,0.6300790721008933,3.261668701123377,7.564465043192699,-3.1679203321283063,6.6623204688162,-3.9133271146977022,0.8216768103309772,3.4433904895535443
-4.606846986352527,1.1727837147301046,4.362042824121146,2.597113230721215,1.270079063586713,8.057975588441563,6.010030500880496,2.022940843186348,-4.916559819105835,3.2212961020456126,-0.28890945988706546,3.1203164774436662,-0.9789633975238878,-0.9458607467992183,4.834438214434156,0.7953641240902146,4.153628951817969,-0.14058589333668461,-3.5483155537340467,-5.9782023866487535,7.463497818398383,-0.5417456074424043
3.179844574610003,3.9581793145748065,3.188832135370487,-3.02692792426848,3.026493868206642,3.9900182379955136,2.429466248573554,5.78606010659619,1.8115176924490315,-0.3500090117155424,7.457884923997623,6.248346506476087,8.463576713393897,9.761090641825378,0.047075816468842416,-3.1700934399319447,3.1949057886306815,-0.348810175028105,3.8878597905233834,-1.093584805883501,-1.5481380386464731,7.400608428614812
2.1897862627859013,0.20085267767550263,0.5738266352337886,1.8380968025981705,8.915935589543423,4.187259559012403,-3.854315510655854,-0.5815412642096196,-0.5396843315712558,-3.2735711996335657,3.2445068649912967,-0.002398961321088436,-0.5769300866381125,10.01567903975022,-2.35331651349468,5.950761528329763,3.3998941882280755,-4.552353739752898,1.1199742841721982,3.799589487157942,5.765948222339054,1.256605663130868
2.8271231676663167,7.2609195894503475,7.498201021130627,3.4230693416744558,-3.9625320664678325,2.3922716913055413,-4.319850562950411,1.100517490830563,-0.9285343343214704,0.6013688871218983,4.997087563543082,-2.7166705583690156,-0.19111557179295396,3.1513230248020343,-1.9425729091191166,3.935358012483939,3.553393325476134,-4.286140128740236,1.9573470388364547,8.467856380702866,4.744563712349401,2.6420743036724685
2.8482835322856723,3.4812281436512578,-0.5955438181320531,3.3814951925054233,0.7357387978267786,5.540602480940285,1.280675499965185,0.24163581224088482,-3.381439680726266,-4.744003530309595,1.8190730782373739,-0.7904796949434616,-4.73145720506672,5.179865909483324,-1.0613596764959787,-7.85602217007532,1.4079900218420478,-3.761036100326469,8.838194180840645,-4.721902125597165,1.9531780616282344,1.7923024386412523
3.375811328992897,6.40988909809311,5.111929243727522,0.37269696331861973,6.729387637892847,-2.192680321370505,6.606100212207974,-5.451987419599144,3.5199788288399465,-1.040442876966165,-0.3818283594979615,-0.42017907244593117,3.729209401673734,0.19935295863141528,-2.452174905712213,2.098185226880897,3.6456068629441223,3.8105209651845646,8.939084154619538,4.801684055517399,5.77709502322926,-6.148889825319234
2.6753382983104457,5.224606228831034,-2.3805224074804365,3.3327433139613336,4.674961528465214,0.3108594233593804,-7.10717831716735,-4.10115152027421,1.740084888649588,5.548305461880618,3.8432032037555905,-5.638795005614192,4.468679535050163,3.756089387645056,-2.768006372658484,-0.527578583423454,3.442662326073924,1.9922907386223654,-1.953989448325278,3.354063883276913,3.8481316278966395,6.70565252017308
0.8170294366925348,3.3368004553796817,5.673151326487233,0.513430192790996,2.3443993940648906,-1.629079443751035,-4.195013806252276,7.130985792782344,-0.6268148870216197,6.533393724946396,2.5890375463348283,0.17003093170662228,1.5513053230816538,2.3579647745765,6.058493072007639,5.104366372093055,1.5489241565088998,-3.4544970446529097,2.997829343418375,-0.9892500535372937,2.0960402847684865,2.0668189590082964
5.168288431718858,9.774091352531466,3.76029065983126,-5.233127439828908,3.4736067634083736,6.012232289486981,8.206673274829122,7.184848391427557,-2.235384768659828,7.98828378616151,-1.9080353765776792,-0.9031570602768784,-1.722538357186776,-1.7247483113835378,-6.116922328776417,3.851027320414153,3.4601346546505978,2.656245849487784,3.838964750511756,-4.8819955882993025,-5.056915709325651,0.5021715781579442
3.2067261995826617,3.9404440978668647,3.8715457339240125,3.1284925536305934,7.738809131888529,3.733221728346958,3.915456983036108,2.235225474609562,-0.06412798170317796,-2.3641255484313732,-4.779651679350967,1.9889686453679314,2.368197945049581,1.9044892166713687,-3.837062463124057,3.934720084927287,0.13484376357476022,8.310032793207997,-1.7964882504001773,0.7153335701641572,-2.6270482591870703,4.894277252977839
2.7848301290156896,7.6124871319835865,-1.3565754845648195,-2.481134802328303,1.4509064120059967,-3.4045985161383427,-3.587215967157569,-0.24351353028734138,0.36970601349382587,0.10159730161970368,8.540437057503349,5.297422753002264,0.26894537660383905,2.8441770186028896,1.2495724320681867,-1.1028794913057434,-5.49989731740045,-5.374403666421045,2.929928636772398,-0.42686076069725554,8.73205766222201,0.0792133873477804
3.6411619603715306,-3.329575651075324,-6.765232711376365,2.483555818009316,0.35969517758866293,1.7057883016151505,5.014247937145443,0.5015557169285042,2.8977137942863243,-2.517613340670366,-0.5000858587425937,4.005609333008074,4.431750510027555,0.5819803280409214,4.063438586105258,7.752390099047545,-5.122137273977668,-1.4431378311781695,-1.3797569282822215,-4.161763450996685,5.501307737007701,3.061608690806934
5.489275793061462,4.399307870876847,6.316526881085949,8.619809157824024,-0.8171140208313113,4.033718763577759,-3.4404196892447017,3.138036827734509,7.915769344151549,8.624384898342614,-3.2553553557292756,-4.943019486668754,-0.16895370541626814,3.889957096637688,3.3314184482714406,7.950146930490863,-2.545964458032118,7.3866360170275005,-0.7046182818508742,-3.993547590793188,-3.9813298406348583,4.567187899858055
-0.755680891653795,7.497530105624198,4.666230128947648,-2.939359302003109,3.6746184753836313,2.7941938360275236,3.9368966235466183,-2.090607151602919,0.28668369466842547,2.425382124582566,4.270533069022039,7.009324056055244,-2.85902130915029,-5.276162522052045,2.4386832001623473,8.376682528517845,5.239864358406541,3.4577358470302975,8.01342250553358,1.0292509725287877,-0.47676365434293805,4.811128592677982
5.034880104986898,4.637465838200734,2.520520433740163,-4.1134242447706395,2.6439931156671683,4.954360326073898,1.2458192062283049,2.634819303460043,3.603588551838774,3.3424389656805062,4.763698336519303,-0.5255604917711831,7.7808508771730684,5.207117420944558,9.374252416895601,3.640317875396185,7.140271059845582,6.567305705474077,1.8280855200897923,0.23989560622849437,-0.16402403120174214,-1.4494977305006629
5.550661265802924,2.3770642473672443,-3.692345590139395,4.6501009989414355,2.4776584306595715,0.4886572200739274,5.607268163433419,3.6787188511445303,-3.598617800444918,-2.2993650455652745,-3.4166614777514672,1.655828214928929,-0.7043013855738709,1.6455579051013915,3.5261044671840818,2.6501314325628362,-1.4172170200277485,-3.887110990424194,10.389240620104825,-1.2982807635621563,-4.119513659323554,-0.961281969097785
8.587073968815895,5.276894291258852,5.944381121174075,5.745741411339508,4.286836977374884,2.1859179654598044,-2.297235973800436,2.442382091875422,-3.166493009877658,2.282715693922809,-1.8617575387012677,3.989345047052907,-3.1574713382331923,-4.003403778856986,2.925956251288546,-0.7560770564572054,-3.318863287340819,2.721039396251334,0.19757042016624188,-0.7552192721288126,0.07466078766521698,1.351390845709578
3.944439562214498,2.117407144362236,6.867132335012551,2.825792637969764,3.8921713579503705,-3.003979689462817,1.2129340505853563,1.0937089906011341,3.7059919549910285,7.222741753179202,7.904568047330228,2.9106064810588164,0.5807192490916329,7.890469987650919,6.804822904246146,-1.8842528964158451,2.932503891424092,-3.362708724216021,7.499130048758065,5.111214536278635,3.9354477984203875,-1.4330950325289395
6.5637862638853814,-0.923874010267927,3.787235446795862,7.187141958941853,2.9249722948498964,-2.9001790794969735,-3.545409196912713,-0.9458631719340161,6.506580212650073,-0.371727242089381,-0.4775181885656232,0.9539620511879546,1.1866960971580442,2.3184114767071407,3.042134472755557,-5.308110557226316,-5.074943887585232,7.2907918946501535,0.3717866317029912,-3.243911824248039,7.141471021107082,0.2615380467062047
-1.1925374908063533,3.7410541358077873,1.2412048765115358,3.1712942404167377,1.8305175518514343,1.8058214385740827,3.465698668753607,2.102570381749584,1.0855816770272626,-4.547395184321107,1.2188794983417512,-1.503147291809001,4.405784299601981,3.8365649936568924,-5.568284994397855,0.24738763514248974,-4.830504978991965,-3.621815329009246,5.451879904910898,-0.8310984955672008,-3.1305784299295882,8.587006110610048
5.95666934708055,-2.7286792864599456,-1.105704285782294,1.6953794495835242,-5.016411386371442,-3.677178747698185,6.635465997572303,5.685664149510947,5.362340585508448,-4.22333427074051,3.432411435097232,3.0104662413162373,-0.5017729223379507,2.9822824992229107,-1.8347706594480366,3.0196768264019993,5.6872860076978835,8.538291072196365,-2.16769371117903,-1.625471287557331,-4.1862966885350685,0.4206039962164991
2.5152972797350746,1.0240350526991866,3.188432500701143,3.2783017181329117,-5.683814694102811,-5.00663925955019,3.0822553264347454,-1.7391286948288978,2.079148916727149,-0.5174380509363429,2.137336977135613,2.877942524230431,2.082071560238126,-0.9436153558818016,3.9102826960357593,-1.359577144809763,1.9451110985913695,-2.8060397763462754,5.373418242901446,6.431697301002999,-1.3878558089602704,-4.077548507012732
