script/wind10m.json
{"header": {"parameterCategory": 2, "parameterNumber": 2, "lo1": 6.000198445256149, "la1": 58.999992894266676, "dx": 0.5, "dy": 0.25, "nx": 22, "ny": 24, "refTime": "2024-01-26T06:00:00.000Z"}, "data":
[rows 0 to 23 of 24, columns 0 to 21 of 22]
-6.080090907504235,-11.369128040126558,-9.124103890192973,-1.2683738377207971,-3.126113652182853,-0.5760049143984661,-1.1126417073431056,-2.835883144304796,-5.557176664738635,-6.377262708760469,-5.261332447614829,-2.4647852897456186,-1.4416575068651092,-1.4635496413139826,-2.644739981922793,-3.5169653506435115,-1.7014147117817555,-1.661072553071049,-1.3441516011872823,-1.3974556266655542,-1.2530784342537695,-1.1118326069880535
-5.65185490065795,-5.332630177182546,-6.2383834296271985,-1.4530374398810808,-3.4155413970789033,-0.7375782283748101,-2.1481896059188026,-7.96597354525213,-7.384947457921018,-7.425596841822534,-6.865326782699347,-1.6353331525713852,-1.4889919706907273,-0.52746242856521,-0.6541072629095358,-2.356377404613492,-2.042734339525367,-2.4200171318816857,-2.311147390914058,-1.5602731576191,-1.2289617028330242,-0.6795988369643216
-3.477578574448355,-3.5306150865866197,-3.7481172177230047,-2.881763228674623,-1.9882669180756058,-1.5122060733293765,-5.690191001502905,-7.232560265576767,-7.503682632216968,-7.401078710673363,-6.918155041098253,-2.1257524430145587,-1.3114064905760534,-0.6731019224659031,-0.410333146730474,-0.6456109178177525,-1.2439052253725442,-1.4852451217974785,-3.017319968587015,-2.298755937316805,-1.5719152656932183,-0.8864158632936094
-0.46458182981724405,-3.6125519398445674,-2.7940371909284716,-1.5151311760199995,-1.3430012242540763,-2.046112302652064,-6.0585971420639675,-6.455956623194699,-6.755092083106083,-6.961203490279708,-6.492837013163035,-3.05171593922011,-0.86503957537862,-0.22198037079884347,-0.26995059896534235,0.7269438181738032,-0.2980912164752646,-0.9466660806647158,-0.9828332472457557,-1.52436240376425,-1.0698585920828687,-0.40921899705407266
2.0072600241453125,0.2022852575020976,-0.7035970657275126,-0.9933791175505804,-0.9644917864052481,-2.636654631180516,-4.572271610387884,-6.025433022812189,-6.147803652658893,-6.835054072881246,-6.610717984658175,-5.581781711290321,-1.8937377772966093,-0.09251608889265238,-0.18814970611174892,0.7069175276063943,0.7504976635068985,-1.0918986617990825,-0.20880660450557872,-0.8273316881193035,-0.59101499012038,-0.28109415324118303
3.155812415230121,1.734315487228896,0.3219315336830084,0.08144647878745283,-0.8458219182371219,-3.6346674324100854,-4.953329415689232,-5.74004747307057,-5.508330306122759,-4.621788174343305,-6.251556371329519,-6.452719228951429,-2.488244163815093,-1.3156675810993161,-0.5100190750136935,0.1092411696147179,0.96034313270122,0.17987462761445078,-0.06529683958253553,-0.5428314634873656,-0.7580438234089429,-0.4029777243939035
3.8108382488771517,2.5704360748853174,1.560974331359868,0.7234001422799115,0.1268068350538826,-1.548623158964876,-3.6967907640109483,-6.062280807354437,-3.6366413610464976,-3.6860148899835377,-5.1128779474221835,-4.881149577218704,-2.576992414513372,-1.3426695515455302,-0.5872382121718366,0.28748892236458207,-0.0022953738473278037,0.0918394320480942,0.4263720513248318,-0.713022594034668,-0.7710661825077173,-0.29401162683473225
3.9513114893352794,3.026582820139964,1.1094554867535689,0.5178527012784653,-0.24201880596986156,-1.0808030286734862,-3.185948897281718,-3.981142422463976,-3.629141112907943,-2.3234566718794847,-4.039419086686833,-4.065263897503508,-6.120318762141542,-1.1632583550772,-0.24770810599958337,-0.1112993859461576,-0.29195738824484807,-0.785499042846007,0.21190428328742553,0.4593921457715581,-0.7023700637129714,-0.6455716773395654
4.546494692639191,3.1772887773859733,1.1038446770790213,-0.03985736266406318,0.9440218010541322,-1.2042324223026177,-4.0755403874390685,-1.6862577178023859,-2.426862137760886,-3.681548042728363,-4.36457510254723,-4.312272267732817,-5.467657705157368,-2.4856913760194015,-0.42690518068693545,-0.11594853220684445,-0.4020154831266929,-0.7160848565793113,-0.26033225316107667,0.9105080809110845,-0.23457270750181006,-0.48325655380770205
5.132209346654737,3.981877098276548,2.4322067545475266,0.3842342467991695,0.11154693269371292,-0.8798766483421915,-1.6959610243351968,-2.1060276642260316,-1.3004509997221099,-2.5131741636921223,-3.243195256385418,-4.456409995287299,-4.969384398530733,-5.383711983157288,-1.305744531817104,-0.031079109519046026,0.0505569217024143,-0.2813584226828312,-0.03654486856563605,0.43418363131303134,-0.10822298915947516,-0.6538948136332275
5.990091875709155,4.331646104892857,2.631920565587231,0.44682167192642364,-1.0426334360827016,-0.22552386638363392,-1.5342660610397592,-1.3265932178495883,-1.6017215311046096,-1.3066621938477243,-2.206785440144023,-4.436167688985179,-4.582498244006534,-4.741722386859741,-1.9501691609451326,-0.37800572820001294,-0.02640690022137417,0.6755811042297218,0.1036931403217805,0.30306740707202556,0.2762374387179918,-0.14651759596807007
6.338474292084825,4.8806790497365675,3.053399481251294,1.5041806237092261,-0.27655251774169615,-0.6067551563761043,-1.2292359374321464,-1.4857565674447077,-0.7893138781567489,-1.577165129335863,-2.392291244402648,-4.2890219579016895,-4.496305244199255,-4.137645117842688,-2.0687552654393,-0.09599369968669767,-0.6168229238907087,0.5210452028439492,0.12448410353978294,-0.14578070096483597,0.5269341677206594,0.5532884947517491
6.576594910836321,5.114800140651299,2.661768612731797,2.1527935402103053,-0.4648900426188554,-0.677263654217665,-0.8802488857829491,-0.958730049258579,-0.4055828023486593,-1.4957655687796327,-1.91235684764355,-2.4258399754334574,-2.720845143465811,-2.492990540316373,-2.0556526648999762,0.25241928725997753,-0.22452394308427945,1.8874112204193187,1.1702019190806365,2.741813343609589,4.674921656571239,1.3054039731110763
6.465233084554017,5.159301247815046,4.218596154152284,1.795987974492924,-0.8668864779396825,-0.7065968373714675,-0.19208429010065692,-0.664599841150628,0.3569462816522777,-1.3275954133744243,-1.8579664590430343,-1.5494771376126297,-2.747220037244341,-1.3897133827738755,-1.514160245978394,-1.3055387721150642,1.5391217276990952,2.8589587704327863,2.265549213864495,2.3726768985459503,4.58582330832788,4.317278958973759
6.213637662859527,5.535470554016298,4.884346276687045,2.704604568874342,-0.9889411463837784,-0.7798090563683399,0.09409069581333358,-1.0526357701650373,0.21484595258523384,0.19595427191409973,-2.549302986310646,-1.6383959820262017,-1.8516972724379936,-2.3850962644963585,-1.228817263787676,-0.5745209551333825,0.36538838054942796,3.468798190844533,3.9498079018226706,3.031018891722557,2.4883977248215623,4.652908057848037
5.67575870948491,5.913318063905646,4.925852487133581,1.8726229767217857,0.02503190582003244,-0.41136556409531566,0.4254629804004121,-0.629078632545395,-0.7297572339265495,0.628549641290227,-1.0002454525421152,-1.862326266256183,-1.491112238647303,-1.263302042201546,-2.111706314824829,-0.36388497389073704,1.7954463234419817,2.5708922244699153,3.0576920962009875,3.1566689912554526,1.9359123943904024,3.3912791965764475
6.268505417795883,6.416780860058472,4.831930141750647,2.519854135340199,0.09791323905986972,-1.0636385887376756,0.20708956914495116,0.18315746052711987,-0.04197922239521408,-1.1501913068414111,-1.0038436426269084,-1.5707692415103574,-1.8467017861584876,-1.2216196640920112,-0.849483924352945,-1.336750009693339,1.7657708096909366,2.3625243486438072,3.7997175884996914,4.294786350065995,3.506720560405338,3.9939456360653223
6.628678929860873,7.543283269944327,4.331170775141157,2.4518394315797485,-0.042456428327146266,-0.28742553637586993,0.32635236280959645,0.6932654584143568,0.42649876052423585,-1.451684989486978,-0.5424508652049843,-0.704185759473205,-1.7202345122801175,-1.9954383115341991,-0.8077073129490931,-1.1771564670121304,0.38631466282321275,3.645877052559317,3.695787539037119,5.133426619589208,3.8123568826202066,4.704782928785896
7.1936490397047335,6.781148139441906,4.803114848226321,1.84322306954139,-0.023060172354016185,-1.0162721092792046,-0.057252238037772296,0.8959913114958421,0.8427457392533043,-0.8497482701367239,-0.657229361098084,-0.3031229152859699,-2.320658279364034,-1.4128630544173957,-0.9059448959709432,-0.6415992937334296,0.36214569861130635,2.4426656994653753,3.7365800403510065,3.292223711387732,4.456146021700876,1.9350009463812112
7.393608912920077,5.4874485893066245,3.2651752078637175,1.9359020780996217,0.10479313532496043,-0.5510336081758985,-0.12574473711996595,0.9380530847587812,0.20157373063690215,-0.007210720659784093,0.4314177212940509,-0.7990282245339999,-1.1859345326862134,-0.7872207947328742,-0.2757512782507326,-1.8961727558277781,-0.4435317307011121,1.677782198340812,2.990973306927171,2.706645948383,2.1961327220271847,1.3312895541595828
7.117621145373995,4.542880765109108,2.809263330506913,1.2862533665011342,0.5732472977411059,0.23310985007965396,-0.11820247434884736,0.6425044720698757,0.12955789312867352,-0.23203922493689927,0.3265368693240614,-0.3223691194196294,-0.5229321878203113,-0.7027854763728566,0.07100058680938474,-0.1392859152764424,-0.27798433294007985,0.8121735174286141,0.5295404655813807,0.9465842907395092,2.730187700668535,1.7534787488019516
5.1725862230484445,3.3820253453645344,1.6445474541438756,2.337591719704164,2.12814358181886,0.16157548553689885,0.4345640135439022,1.031815746412536,0.12322839305678561,0.1978467514749756,0.13335640844994,-0.1817071277615398,-0.054168168673652414,-0.15225014788118324,0.03674209854055959,-0.22346430942266346,-0.04296317592923353,-0.11405381836873142,0.7404272514930846,1.0583273167968643,2.4296916592722635,1.639805123660688
4.354005423815046,5.342225135965386,1.9191572599336943,1.8420290390581444,1.744210953512528,0.9806111978506563,0.6211030628401778,1.403685185581432,0.061254785710608196,0.40902226962336485,-0.30324446011092515,0.05167249152268253,-0.32044105412472046,0.10908083586516489,0.15234133584533008,-0.4292021923220435,0.8213269482935447,0.1080701530688399,1.0739723283688787,0.6520153874002229,1.4488911568740264,2.1781613312746124
4.353351000957536,3.9478531729113735,2.621758377439141,2.320808265463052,1.2963920851633903,1.0215905700566312,0.692198990539705,0.6606146244565837,1.033554598665319,0.23482479515733629,-0.6880012854376308,-0.5222562597535364,-0.6920734518764136,-0.10334092051276178,-0.6671720607959271,0.20244637169966265,0.5768231703896232,0.7194043911651499,1.7090396800843666,1.0622051048980754,1.1663570557824525,3.054411187652038
