script/wind10m.json
{"header": {"parameterCategory": 2, "parameterNumber": 2, "lo1": 6.000027932988019, "la1": 58.9999434238085, "dx": 0.5, "dy": 0.25, "nx": 22, "ny": 24, "refTime": "2024-05-25T15:00:00.000Z"}, "data":
[rows 0 to 23 of 24, columns 0 to 21 of 22]
1.4611367292361366,-3.8914170182904955,-5.023130507086798,-1.5359704990086214,-1.4575273059782383,-1.7746569441245497,-1.4343228707110844,-1.4064695151885171,0.9225554909282508,1.96123565751555,3.618016050035827,-2.2503514670166282,-2.3625897890960728,-2.390504108857754,-4.039976893218034,-1.5880569822270643,-2.4257514423650566,-1.4356402712589227,-1.751048817817956,-1.497153758092484,-2.4979704399876037,-1.7988441886134352
0.8630548916673743,-2.361525863183483,-3.0338492790532903,-1.360599226866222,-3.11388400001441,-1.7086466918055316,-1.511264994827848,0.9794630815943165,1.9919499292899479,3.36879370412623,4.2222507304385015,-2.261099698299126,-2.5802511795411296,-3.207812252481827,-5.482556303394598,-5.162740773870886,-2.5255255764046023,-2.400223009643013,-1.9105894855999428,-2.724297369517874,-2.2565355364025064,-2.1599586680711194
1.6893974893108559,0.23405132248362598,-2.0011590812747473,-2.2322760011574863,-2.27213979388839,-2.1600023499465584,-0.44545631736095787,-0.38537705086613205,0.4005819522241298,2.233267562050865,2.750145086968128,-2.665538476391777,-2.2526219127046456,-5.626819757967298,-3.2076402377769813,-3.232888587078015,-2.7926615490552185,-3.6300450826684836,-3.714638394694253,-3.0759423306914986,-3.6835516713793126,-3.2282449973969194
-1.8648225197922803,0.8277373575800453,-1.7442616573578962,-1.5123881574322289,-1.184261506460958,-0.7482036167053553,-0.6258960275476352,-0.592062497595694,-0.7004428859895958,0.749449716840475,2.0514211645407587,-0.5036988207159799,-1.8630098120279648,-1.8745652365448793,-4.085645979189253,-2.8906748544966856,-0.712831196840469,-0.9286216574330632,-2.824259159617005,-2.860170449848107,-2.2379519523907887,-2.2649158297658616
-4.982644367758693,-6.145678787138862,-4.316513396435348,-2.2737402874969264,-3.02601751757113,-0.9143423149223143,-0.7197964980040347,-0.29674695306440874,-0.06331568662356087,0.5240720261939164,1.569264752521158,4.1626146497541034,-1.7280295915158483,-2.3029186361371976,0.7312165086435273,-1.9202866792792233,-1.4296259841769643,-2.972627595913352,-2.7811885949136794,-2.535801224958749,-2.5848401258965272,-2.0560131294164488
-5.265557436141257,-5.391941048672219,-4.924819113738067,-4.302684882520046,-4.13517074649056,-2.615465061151701,-2.612701319692402,-0.9983791337125386,-0.9035842272641508,0.5073893155723113,1.8529610922253459,3.570763298969219,-2.7206326183572305,-1.7853005815525693,-3.3981099517757105,-2.7078721065907647,-2.1689871207990596,-3.031042433235924,-2.8478773007827347,-2.6194433444841585,-2.544098461322333,-1.952064895840485
-5.812276634392993,-5.4836730851892606,-5.498807588770772,-4.770540019735012,-4.679263494367956,-3.6577782836031227,-2.987416086429159,-2.4719952478774228,-1.613209006855241,-1.6333807115748753,1.4147333335307084,2.8201579309265665,3.2842175223235586,-1.7744217120958676,0.5763997748083268,-2.654356097300638,-2.804758609208971,-3.2603543381645284,-3.276034171488834,-2.5022265399603145,-2.5669535660746052,-2.150365004814881
-5.257711301759215,-5.343881880115613,-5.2400313215566525,-5.675089650702833,-5.495976906479435,-4.452716053720152,-2.945585331115595,-2.72686147210371,-2.1449125736790013,-1.7665485015165592,0.18118292966900842,1.267929730692334,3.7154006166017326,-1.6569945980486607,0.5826137565052314,-1.047405043604369,-2.3604108348564354,-2.819992715060364,-2.792000363226278,-2.5470559027816404,-2.572448177069762,-3.545852337153328
-4.925339625806097,-3.1445496105412123,-4.1168857158145435,-6.050749631684606,-6.337405129348868,-2.106982079710747,-2.3425237893320987,-2.08596663869633,-2.1308788440402227,-2.4856304731391266,-0.4396440868216206,0.3609682960681842,1.0567442213833325,-1.0846495025208627,-0.6667176259858468,1.1136011842072837,-2.3808631122723147,-2.6827441042480604,-2.631150924235402,-2.46933223895896,-2.7061823145090678,-2.292757281498404
-2.976664944382583,-3.0347579879408304,-3.2983985571618772,-4.937252254650157,-4.015951445816065,-3.525049914164143,-0.9095315729163845,-2.929008346759828,-2.5139772537823193,-1.9364907334911035,-1.51323118582871,-0.7702937579867232,-0.4749758388895186,1.2217828096752352,-0.8749100542772776,-0.448271202087192,-1.5897141358164775,-3.1670082758873,-2.937664179201284,-2.576156910947896,-2.100752036134182,-1.1953828906150437
-1.0235641765976677,-2.251403120891444,-2.547634464361397,-2.0844980412519774,-0.800122644811431,-2.7559267294294614,-2.88360359661857,-3.226760411124556,-3.2863104748382423,-1.7234121665028765,-1.928783045136561,-1.7289554725870453,-0.3021429563362547,-0.6526146288090345,-0.3508657102553524,-1.5933323948826263,-1.5883829655842263,-1.5755016613411605,-1.881566130459486,-2.3460590441388516,-1.9175297296637348,-2.511201799417287
-0.9955182796515886,-1.7365709193607715,-0.9735550558614106,0.13856296022995127,1.7978140887516558,-2.572446929955098,-2.867287818036365,-2.6309012929667785,-2.8805597697277636,-2.5013943837118813,-2.2998807726719264,-2.1792855336545407,-2.234437510718354,-0.3853418552336791,-1.4577745833337261,-2.304291305158929,-1.9078526250435988,-2.470634855599664,-1.062262581557435,-2.271653015844105,-1.8125656564750479,-2.2788423880293394
-1.0670546411330608,0.1333881577011572,-0.9147653838610532,-0.8384431272592772,0.4730397105256866,-3.5459849813367046,-1.4044658894611735,-2.3072517687781295,-2.9862750434409837,-4.669269356399678,-3.807574166462578,-2.611250132185229,-0.906199705902596,-1.3825500571801246,0.6677620595292715,-2.2151305928524407,-2.000236149236363,-4.33427317422088,-3.5745719252965094,-5.593518550180266,-3.2619864264403513,-2.540799334326981
-1.8711153437986439,-1.0974088386266463,-0.7498808426618474,-1.3444219572639498,0.4591921867148793,-2.64871396617958,-2.4235067116471956,-2.5028776093063567,-3.445626666453496,-4.394518207015114,-5.208935297694746,-3.7643162575263314,-2.509158339254114,-2.056764887943405,1.2492191714724796,-2.7478315573333547,-2.1189026908586412,-2.9225099715266967,-3.6807045613135463,-3.7339524470025816,-3.1130476814285566,-0.8456855351298718
-2.6528282515605164,-2.7973852296733455,-1.1590946123175203,-1.0072755339595598,-1.0257170653772845,-1.697917138413335,-2.726634371588264,-3.0204051664746974,-1.8184489123162113,-1.5508656277797312,3.3449421788734908,-2.0655786993969865,-2.6681041534062384,-1.5756815090011675,-2.1736631177538954,-1.9817817658253847,-3.2232737869635115,-3.8963876845913448,-2.548723977726745,-1.4993654556122917,-3.5911312141845544,-1.0390997796614176
-3.848805318493771,-4.00638610951074,-1.914276134276274,-1.8997687739945068,-0.9149113805208355,0.9803795431471,-2.129047478517701,-1.6177722007065742,-2.9532650952683346,-2.3736025809926065,-2.5853060302749564,-1.802484344759472,-2.4475929238223797,-4.500471087339108,-5.5595487901919824,-5.718781583458455,-5.780405873461864,-4.160170963481825,-1.9766012164474613,-0.6867037633157833,-1.725817136516399,-1.2434302459684383
-4.773297925963103,-4.241153839329975,-3.913250105087577,-2.0764163291123436,-0.6869841764182478,1.1019708903024297,-3.3420575484126696,-2.791354970389108,-1.9104835061093208,0.499530220733685,-3.7625215594163715,-3.9873399767132254,-2.446502026539946,-3.2551258716732345,-6.024044304925783,-5.35533287352081,-3.423664679684848,-2.542907579982562,-2.8499332736310907,-5.462832268090156,5.471599443669682,3.4191180615037067
-5.268326918086669,-5.1407524684543064,-4.316515052310766,-3.370443547453128,0.38156313858659974,1.0337744546230376,0.03621933142271678,-3.6655342508554236,-3.2161788850765274,-3.132938638957245,-1.795610141574749,-1.48182670569267,-3.865078119185817,-6.074028829737218,-5.635818901761233,-5.233371122696777,-4.721040328857252,-5.858877746461167,-4.576985613112101,-3.5751493126852862,-1.3442118774772716,1.8177048453961833
-5.646571239139289,-4.79258881521529,-4.576079278696744,-2.771625268068003,-2.7101990476257694,-0.9496619051865264,0.3269027210685278,-2.2588336815653958,-3.0799336287047074,-3.124435231785354,-3.1570748250514753,-3.605822003863417,-4.045902487718012,-6.215286062283707,-3.127482714922179,-3.527798794128108,-5.552855506817586,-5.308622761761327,-5.182634289754845,-2.4453803371696328,-0.19877078157028577,1.8885231751151361
-6.45953200324582,-4.67713908479161,-4.448000098021784,-3.7990483242815443,-3.0538084319655616,-4.51420230327167,-1.7222221211055493,-1.3302432697898832,-0.8464012326792426,-0.916089147785363,-2.3573061094158256,-2.8859028683592394,-1.4736037335766572,-0.698528638338347,-2.9516139612342553,-6.672903470610606,-6.261025115016683,-5.245267386288662,-5.793220627534999,-6.187646221675369,-1.02163698323005,1.6029408416075148
-6.296649892193432,-4.975538345994156,-5.424900805451064,-4.379708737786386,-3.8437636925030287,-4.270571530802642,-1.7840567075617646,-1.1278761164696336,-0.7505813208211347,0.33273887078561176,-2.0502867871164194,-1.0636350892002047,1.0690943464871265,-0.6874649048387516,-0.5718587473288989,-3.040983877825114,-5.453083010367234,-4.764565915549031,-2.5561245612798045,-2.6125482962703117,-0.15587832445991237,0.787547013236747
-5.337424494572136,-4.150620115526448,-4.46498210531704,-4.681975470526457,-5.356615474508114,0.3367206945134125,-0.951265151159585,-0.7602341434237926,-1.1581614322467215,-0.6595938689925839,1.337764009062363,1.3213274548586085,0.19687781522379066,0.974660980580552,-0.3523735817903667,-0.6063621717191094,-2.752790370203375,-2.280082155829566,-2.2313410992082967,-1.5312466150871962,1.1862309489363936,-0.601193529385663
-5.957180140665416,-4.488945465967782,-0.38820435869649844,-2.2488679991043536,-2.0322760545767165,3.2309649223604016,-0.9105031426714344,-0.6322459953675095,-0.7479932891974383,0.005940115193689243,0.790982635639902,1.0436463234233129,0.6186267686987527,-0.37627449159268483,-0.26280227633286546,-0.887203568938266,-0.6125180395205572,-0.41221924669116783,-0.019667087353180793,-1.9057062578956692,-1.4406397867393392,2.0990097578670945
-0.5615082547685262,-0.8890084650557968,-0.06742876184728568,0.41202492958300324,0.0788170905062388,0.649870139359286,-0.40117165251733006,1.625817089273774,-0.7327391789386692,-0.00731388682873545,-0.7726483351851681,-0.6663947641271004,-0.35126212190639744,0.13594139607575162,-0.15631517003284517,-0.5548486655041929,0.26998833615355505,-0.6626086644133276,-0.760930593419237,0.4225408081643085,-3.0109950333974833,-1.9013501367951353
