script/wind150m.json
{"header": {"parameterCategory": 2, "parameterNumber": 3, "lo1": 6.000198445256149, "la1": 58.999992894266676, "dx": 0.5, "dy": 0.25, "nx": 22, "ny": 24, "refTime": "2024-03-25T00:00:00.000Z"}, "data":
[rows 0 to 23 of 24, columns 0 to 21 of 22]
-5.277091369562986,-1.4585093808398908,-8.517974941438709,-4.476394337554621,-3.2534266386134156,-4.2381851718452355,-3.329390407046779,-2.3935942695756385,-7.921131926638956,-4.1901088659111245,-1.2767552097191888,-5.105407835420273,2.2975850480011077,0.7751953950167785,-1.2192716005602884,-2.5522502361784847,-0.0561083999876945,1.7833052519763302,-0.017880966585090145,-2.015301326518239,-4.09382618412063,4.092816224193888
3.637007942522252,-6.308285240946787,-4.234563934243249,2.130148541049654,-7.6525120508688635,-4.804332568728543,1.01771889396632,-7.4805323995609285,-3.0069888112216527,-0.46881307222951907,-7.726559776251891,-6.850722552439588,-7.592947873526849,-8.39283515210887,4.001323477547672,-7.0620874877206115,-6.907564405003336,0.2886112581053189,-2.165902996730879,-4.09872295835058,-1.7627018613599075,0.7378506276811576
-6.090273017650666,-5.3315187537595685,-1.8143175364212687,-0.06071055948187163,-5.0451219052977345,1.9078444346487393,-1.7059281953379644,2.058672611426771,-4.8422827274881675,-1.949690547596172,-4.319113943737838,-7.65565892931552,-1.1383488644449045,-4.596571068190691,-5.8748650261310935,0.006079456862056599,-4.982439683879306,-4.403213637052683,0.8770587710571248,1.9018235006324038,0.9369417544989345,-2.4448529305954763
0.9587108359867996,-8.38966263771488,-1.2106753518365716,-1.3133375796517366,-6.060265469835971,-4.5860183053700085,-4.604114669575434,3.647266518511832,0.5550942596686809,-2.0728025813522115,3.16253346474352,4.6478332244670435,3.4431154148981484,-2.0754058419130623,-4.941355729333368,-5.031887269198954,-2.018984756759163,-5.599722318291402,-6.325839807065272,-4.0461970276183274,-3.6118644816017564,-4.027636296541095
-1.4422806472618328,-1.8969514885358858,0.09735647753364511,-8.797571253024703,3.2772736126434507,-1.4798613270347791,-4.339799085795153,-2.4106935667661684,5.228196446330688,-4.268842757007958,-4.170181057652474,-1.851602756275165,-9.939903126485444,2.9402103757508926,0.6960495081468332,-1.4878547018271886,-6.091132360941779,-7.573959201184727,-5.644803951185857,-1.513804665724333,-5.804999735912266,-5.761397846811622
-1.2330193081711744,-4.0231816790833825,3.95334464758321,-1.8859434531273678,-7.3752019735461785,-6.81845123994492,-5.261236780032486,-8.151134718435857,-1.0023134594189091,-6.505384444726368,-6.959472615052355,-4.897265839203331,-7.535095059894336,4.662172927449634,-0.7107601126248324,5.688561747299647,3.2581757910660625,2.813720184090175,-1.2698696683572097,1.9170154221877076,-3.004392493063309,1.703844484112777
-8.653278737140283,-5.210367260041184,-6.035217676267366,-2.8556921084321947,-6.9300995993504015,3.4232424496706297,-7.116918242638874,-8.065526415851112,-6.647624993782424,-1.3755552701890252,-2.432582744964782,-2.5864923268972677,0.4411356865698465,1.0314253058823137,-4.875833529177311,-7.788780189079072,-0.7060803962543433,-6.676164738290763,3.168515774235621,0.3726479099920057,-2.0908011927813757,-5.291864955739431
-0.5111789072745395,2.1573426998506364,-4.130300672139403,-9.944858731907248,-1.211466480837568,-3.1799049778105535,1.8145786515895135,-5.0917023954242175,-4.697278748800958,-1.855001857979184,-5.540727329785275,-8.765759862063977,-2.735539200747101,-2.2294489258939993,-0.478811798306483,-6.112924138969587,-5.841059559155801,-4.760008535392884,3.8241780240911583,-7.42490109561223,-5.678771915264998,-0.3026145805557051
-7.596960321186006,-2.102946945973634,-0.7813367568230453,-0.6164849982636985,0.22709431115471407,-8.288806563059339,1.8494478851335077,-5.053072057734192,-7.716047499595468,-4.826895115961513,-1.8915344697293373,-1.9375584728021615,-0.20638461568104954,-7.265677312102849,-0.8398191937502841,-0.9160007964884901,-6.242645073251851,-2.505766773428901,-1.5567193454083998,-6.699552147641862,-6.612254527182755,-2.799520494993887
0.7155093725631549,-2.927817865961886,5.846936391650007,-5.505934906680521,-6.857434053127029,1.300829032926425,-5.1127678146571975,2.383272423664799,2.504484249959507,6.089896499305026,-2.8634198909472124,-9.097784600318358,-0.06558417233178654,-8.55345491721076,-5.6127752440578,-0.4835596785033582,-5.085477798160504,-4.008795299812715,3.533091256405388,0.08619450253426049,-0.606295979825309,-7.781658830933754
4.608033225190098,0.9817319633919457,-7.973576663825822,-0.23489106343844576,-0.5149405456850066,-1.040204268935344,3.6680538439014603,-3.7141671428627103,-8.590055366899772,2.761570300510931,-4.695823627534458,0.6355100922806738,-3.9327607469178476,-8.785376605387276,-3.6048867705592222,-2.06469458478924,-5.7596512868517005,0.18353482301337015,-6.116136061207254,-2.4537649989805965,-5.194657430772786,-5.779824005949537
-5.479583585936479,-5.83160960271197,-7.503424353859946,-0.5576621529194525,2.604472617532356,-5.100613711261967,-6.785374464613365,4.407117772708388,-9.647071569513216,-3.004592723673423,-1.911859471895998,-0.07277409465206897,-1.3179669240406993,-5.090745813449572,-2.4681282820115555,-2.4587749557516982,-4.697588496868359,3.6974014393117964,-7.8718653925585995,-5.035887144879372,-8.48083712206579,-4.0175059188720255
0.12220154090845468,3.550677746950848,-7.984868170593762,-4.536988512293484,1.9491261076051822,-0.012231043458011464,-0.040419332480493064,-5.184486228901201,-2.7624811985056303,-3.6827758664124013,1.2528050081325897,-5.283350445796781,-6.375276489673216,-8.812584472292409,-4.931862717505103,-7.258724943628638,-5.041698186108286,1.9905215091871489,-5.215667537026196,-3.8717574111226347,2.5068851240121157,-1.1911209013765611
-5.525241096554402,-5.935756425261477,2.337748360959558,-4.4856305255151625,-0.014456026792526038,-6.876542495525639,-5.276382477299963,-5.77428988421544,-1.2994285445039016,-7.09971305617227,-0.23975639087214146,0.01883936977392607,-5.317761604780548,-4.857050122026178,-5.427242970028986,1.9832202472369054,0.24792219576147645,-0.8506642450328744,-6.9105251914898735,-3.9819727923769817,-5.199577705358944,4.5157337373768955
4.405643626074686,-0.6931376785614503,-4.720966082670539,3.8643207991597395,1.692327565769761,-8.050232405320191,-5.665093382361874,-5.752576766675065,1.5215454226618927,4.145644837735129,-6.815069913173039,-1.4547622371652267,-6.164286263103985,-5.853262546083776,-0.7579620749364755,1.0674393661314858,0.8688991489041883,4.010567718242107,-0.3621771756033887,-0.07160378101429925,-5.831623918626454,5.8928341450392985
-5.938582604550554,-2.284238481356186,-6.932550772416456,-6.978719374848094,-1.5036629320036752,4.891182419773104,-0.903991192311576,-4.08980143205975,-0.7741513341334658,-7.226169116155791,-5.6387087586464295,-2.405651221860984,-3.580474853308217,-0.6063954253382279,-5.776937816415937,4.6368026436135,-1.7780908642276887,-6.083391334949496,4.788487506686365,-0.7391625631360582,-9.32275420631218,1.2626572484497816
-6.0549381728994085,1.884947255985644,-5.800706370441322,0.1607023186813893,2.356998060082738,-6.327901311595235,-6.57025611797838,-1.171393112010323,-3.271773958725695,3.919083830129951,-1.2530910969962097,-6.981935639692219,1.043727957136301,4.723780325606309,4.411042499643745,-1.2274827425130612,5.032612804964836,-1.1863360632247424,-6.915923167467281,-5.023964868487218,-0.2181423075916381,-6.715573679685305
-5.809700241239673,0.03418420604169543,-6.230542816114271,-1.0096273432281266,-4.50893625043393,5.241328668258758,-3.81925609144273,-4.805482497953385,-4.413596453563779,-2.6288744509463946,-6.504563096892535,-0.9678085210822996,-4.731217686576365,1.905633814653017,-3.3301037383341328,-0.18245570741912243,-6.6536078909160095,-4.7662773463753,2.3000774944804663,-7.948743551032128,-8.318221134753989,-7.8690824366732155
3.747969569763519,-6.12959967994622,5.4508705698614754,-1.7768927770990235,-5.655605194936138,-5.497935785476944,-6.6099420575577605,0.4517542196160607,-7.124491855115309,-2.296219860358137,-3.974681929675702,-3.9798914882961993,-1.9715871180235522,0.6129476065233967,-5.706866707642779,1.1361496123710424,-3.2485821426281287,-7.31736217067344,-3.27042582895501,-0.3214334516387795,-6.589569425627527,-6.270722427234718
-8.73184815930974,-8.059416829127981,-3.553860307533566,-5.908359406560842,-4.869023650641311,-5.781967056772131,-6.392382863537464,-1.5444668929092387,5.88984207275057,5.485813317950632,4.651565074951194,-7.976645726592699,0.3188620406772651,-3.8553874294613535,-0.9887077930960781,-0.3870555520737535,-0.8163972403005944,-5.0679239528554065,2.2586988547112323,-4.529701881948028,-4.138252991466584,-2.941736730278077
-5.127536037535152,-1.3258020199589025,-7.768391477196027,3.9999742401094096,-1.248638024450492,-5.5992243943201645,-2.7362825715674783,-4.5277794127863515,-4.473629987862792,-4.329552165519114,-0.08163935168140453,0.6020431689357938,-6.278356366829829,-4.1416213900219905,-6.878475452690154,-4.559634093650416,-4.0682160754810495,2.4691233440962828,-9.366129437179701,-1.4753720882285029,4.548849797031928,-9.531434233055792
-2.5715611156544735,3.961323303670294,-5.530299990233569,-0.31975749640547796,4.355451660699728,-0.020970133022020214,-6.607927994284082,4.3715235069098695,-4.224360688574446,2.5179622057720388,-6.5919818125728815,-2.7982327436474397,0.6127475143021828,-0.10486310644789014,-5.073350849748098,-7.66904380750496,-6.533431415385838,0.6473811508686785,-7.931372976021496,-3.481503818459248,-6.989700601680446,3.679044757640202
-0.41755902755720653,-0.21783949413902365,-0.8756110535685231,1.3297718986612066,-4.859974054180118,-4.720216361665839,-0.5478920579532724,0.6465968014673906,3.093003491405465,-5.862765174374567,0.7106915454523073,-5.246789305797771,-1.1041590093628428,-0.6777984132735958,-2.598181752064548,-3.5731510761976644,-5.456152740279763,-3.8173718457129033,-1.2382778328436557,-2.996853368888694,0.1840875533154985,-3.197934511936882
-5.63706065376005,-5.490138425238298,1.5876633492068257,-1.557317045944383,-2.696015486797978,-5.019203206902501,-6.371165550998929,-4.138778993399129,1.170635340066096,4.788768770776841,3.3267546819708054,0.015400931185953716,-3.225041548940327,-0.6666900700082555,0.05232776889246503,-4.985706846510021,1.7255068783903762,-5.355278682715973,-5.789041173313997,4.4613030285159585,-7.817622347425093,-7.263995399566004
