script/wind450m.json
{"header": {"parameterCategory": 2, "parameterNumber": 3, "lo1": 3.000054539987559, "la1": 64.9999836372058, "dx": 0.5, "dy": 0.25, "nx": 34, "ny": 52, "refTime": "2025-12-18T15:00:00.000Z"}, "data":
[rows 0 to 24 of 52, columns 0 to 33 of 34]
14.189748616809393,11.4745117296728,8.484796345431969,6.823705416740474,6.185401343597079,5.263075644730231,4.273175503767271,4.909949901904881,3.083166280675399,3.392808887176847,4.178817284483925,8.86284921507709,11.84215738318031,9.775199957402576,9.08040683251047,10.398989246797425,11.792852626299592,10.642685580811412,8.611489205249834,9.83557791583813,10.58384090461504,11.023929231837084,12.919745949552025,14.559646143088482,13.894861963613133,11.626406511965643,14.857172341989001,17.14067479368032,16.482146568341342,14.974681672606337,15.253743528061245,16.96907392107088,18.53493407775736,18.389640651667484
11.471907819343725,12.29611912836926,10.571319835884074,9.02090800656818,7.815022300604856,8.782445178575205,6.94174627823941,7.194104492583595,5.981175460340046,4.601044192962666,5.333608674928093,4.999948157369151,11.519467865550876,11.74448278988939,9.81223510909697,12.612039983263326,10.949346917422698,9.479424889561088,10.664450159397573,9.966241947271595,9.565603308622258,10.396159573695256,11.508844325247292,12.676564714809428,11.82163225436981,14.779060867847841,15.252174753713177,16.343304098177036,18.433592876942395,17.940348080416854,15.400607286828928,17.155369565561784,17.440237149345343,20.41689014282582
11.692450082415073,10.104630496934828,11.035633037848434,9.732388171609962,11.85907549999987,11.997958537840073,9.903993703754967,6.216114921446973,4.418371269700087,5.5519144349736615,4.7834825507843295,10.45329936722409,10.715208783890052,11.555868376437257,13.637124745112466,13.221042911006677,10.992077737536302,10.967402112795128,11.176832406905291,10.641682213808796,10.046805103348305,11.656962734645179,9.385311624353482,12.166802755073082,14.288407660587724,13.862187860536373,15.778822234992717,17.317603543462855,15.709147359565488,18.997432457946395,18.583379470319144,18.4880149993199,18.137442791271265,19.35864789675497
10.241505301470635,10.135391260903589,8.860368906152404,11.653778929433685,10.831972596637065,8.272354646769974,10.01889742006147,9.718312445332504,6.785757233569078,7.61392247458807,9.356471877309833,10.838626053959645,10.772117396368454,11.346032941687454,11.195104706272705,11.381364078775537,10.494553988904496,13.19815283026223,13.99208967762877,8.572762792929117,12.020812459004048,11.008618535958323,11.872486404098943,10.419211752152277,12.182679003687808,14.202216658695907,17.368002536678905,16.396065420609823,16.603632243942183,16.410840856088736,15.943277391918494,21.166592060149945,18.803738981308104,17.485498814543256
10.293476637439436,9.660420469285992,8.578552112454766,10.067197119967473,8.755994791439974,9.705588596839489,8.398065015009141,7.876702559600397,8.009733453054343,8.315301504924415,8.355001189204696,9.693900739794623,12.600882659361618,12.023818158873313,9.957913311050648,9.7988031204813,10.76458170773103,12.303005771164807,11.268665054271098,11.6750564507038,12.747869360793036,12.575096570230457,9.408377841874941,12.180335419719713,15.375441740965687,14.89861462640539,15.317196090606323,15.456058738387336,16.309659808343742,16.796425190591567,16.223698750728406,18.629193505044068,18.01674260798595,15.915341689438433
9.0892223426622,9.806910994892231,9.090470265387344,8.86372574949556,10.84897623945903,10.579436046518309,8.910460593218636,6.8024558903967725,9.637918973200563,9.511160306064626,11.008755731656008,10.376024051583185,11.753461941600454,10.756861121262403,8.23800239283662,9.410513979706916,11.798857509918884,12.813700510326255,13.760513347834566,9.917040277494147,9.753228710460906,8.195748095900017,12.231367643100041,12.329172255796268,13.292426627409109,14.533820478007792,14.310303355996533,16.089288397488573,15.541166146653142,15.682523938279807,17.356268119099248,17.329180824006233,17.16071306474619,14.634646996127
10.070097907531922,9.120466662030589,9.2796215295765,8.613270060079698,10.709115946222795,11.03923815329168,10.667454835598727,10.444186705217893,6.8016131913939395,7.8200812374810065,16.080184792987406,12.719376033587785,11.284367298038388,9.81348804542278,6.746879804330589,6.833809858938801,9.754237862156454,14.977718429402762,14.813765007400065,15.127952838414322,15.389806472654898,10.975003277045193,8.907687652603219,9.746635120764292,16.550688588494317,15.202471797915008,17.12896650974065,14.027484100512337,15.675553873474465,16.326073031811774,13.790001214544363,16.59779945806756,15.163804444917552,16.28167597966363
10.56531181352905,9.653224419837453,8.754090847359922,9.2909688073892,9.673734157177371,10.584318999335972,11.330947462724959,10.491161092105237,11.495785452348388,6.324827462099491,10.323470426173074,11.284106438782608,10.356016476785914,6.2725330576198655,7.81701732716033,8.090046802281611,8.971224665779573,14.42378132374444,16.569328899595746,17.900080208890508,13.942566683823207,12.688278864093345,7.3956020858186164,14.445280749243286,12.153876010892821,14.264233260968407,14.574695307544824,18.17703931964473,13.521810740672482,13.10066098047685,16.75423539043457,15.494371040226943,16.93470396709332,18.77962494791824
10.436179322583934,10.611640484894593,9.922390360202467,10.015077401113567,11.64016951977189,11.431992390868404,9.173307686971764,10.448127430780643,12.560267453620577,6.740874840244061,6.755261125125975,5.29317199151456,8.252685106335894,7.034559339076679,6.140853651510046,7.814994046127873,9.802230209534578,14.795116658139852,16.647651735043965,18.27950159271484,19.106129961634633,17.11373663020653,19.187071181765706,16.074484781743465,16.709938839650714,16.077663935835247,14.122734243158263,12.67425101614239,15.0767849504347,12.492087952758418,13.969770129204797,17.550709007731417,18.670974673122213,19.95833643141097
11.202181774845801,11.370756668253113,9.466470865449192,10.373166072670891,10.344059605561469,11.097154328891895,9.990861590178596,12.577280447519385,11.582339100386243,7.599248393068116,5.231997916451276,4.7664144344376265,5.866086852543691,8.276811899445224,8.282526887318948,10.70997792143454,14.905990405433522,16.018314019340025,14.521361772490314,11.946467028338162,16.696348955127014,13.604922482855233,11.157297777203418,14.584861069524319,17.40587941685953,15.909772845943241,17.600596791665854,14.997538285627042,14.993431686883032,13.131695865500104,17.194547747562353,16.982169978906338,20.11785556815828,18.71441855775651
11.882079154182946,11.767130903427551,11.781469847192733,11.675211089961545,10.79218933549461,12.353715616019613,12.047647598318854,8.386199875313181,11.288595759779597,11.647879733236744,8.228386868253176,8.385837799244685,9.394379032666519,7.922533003727437,9.534245369415585,11.975705814319651,15.750582370561307,13.548262703799216,14.684380159993164,18.227588206305214,15.800938355619587,10.430711021903994,12.052975309201052,11.766076509264394,12.649810581078102,14.436359188508945,10.048400961741848,14.734784206179688,12.456086404938754,13.194477707999798,18.293820642351275,17.0140805288892,18.701198655583834,18.82063755789665
10.691003386522175,11.428885517991079,12.169865146379703,11.988426976110388,12.426219293303499,14.116374676748418,11.263488427228154,8.338263155878922,11.300438880857948,11.501975739166252,9.759380209083233,5.453263753200553,8.49047269032595,7.63735662535447,9.034277366087704,10.299683711919005,12.664495021531781,14.097550515095556,17.104479092971108,17.597431866590004,18.139027568015226,8.117216794079312,11.510050831457745,16.173817159243896,12.655717454691954,13.060472615618608,15.605274852071965,16.855631631070317,14.210576497685569,17.01994727377875,18.003033921057927,17.637326317930206,18.430932633831354,18.070856135487947
10.501508404860518,10.563150858698714,11.46734536228653,12.64278929796143,14.625519945492188,15.123191087424095,13.95667907452968,9.447085997668031,13.003870629388317,9.849006041504555,9.919698364631659,10.014649226000236,7.4307542901212456,7.763293994090765,10.515392809296156,12.410424827585437,12.096919067814708,16.331672389429894,18.06422131138484,11.29753321734328,14.596593147079084,18.513966075121814,17.220086480906335,12.733442694441152,15.896737927356261,12.468401028689836,14.167953846157447,14.937902435224608,12.312830877044926,16.46315953822963,17.707912242928124,18.19927146131814,18.033537849285224,17.420913092018054
11.024264343829138,10.845438603594543,10.752327963551423,12.232879146699597,13.384588691801474,16.205369359094608,13.959785585867955,14.3556578581815,12.484667126106649,13.768450359558502,15.710848399676738,10.894012753058362,3.7465715221373888,8.411651232881574,10.519496175312629,12.548885762098337,13.275568780980787,14.806119344500134,17.03754588405452,19.993190686717103,11.683118268974896,19.197164749485985,20.375627170210194,18.470818511276622,14.952003724422978,18.77064419883516,12.569627190979945,15.847002843304782,15.036738417588504,17.253994881725983,17.561485563394044,17.070988581204187,17.4365835353235,18.02441323066437
11.476261018703974,11.118390914405854,11.240995250383412,11.911631658720088,13.129557202577734,11.271408885182256,9.335770596854578,13.912738785842583,8.778401484928898,6.821378100803674,9.033691231785749,4.745981623837151,7.068981444211832,6.199462209372021,10.54168373357315,11.056826815019305,11.528431629768876,14.72422921343076,15.922810669007786,15.78367038814356,16.077981859999564,12.787468304792151,13.298320034575697,15.947595836097715,11.052044763154568,12.72752646569767,12.042843378191652,14.753271364568349,13.878651911709856,15.94175494717337,16.686647291306645,15.754218419729282,15.820224818516959,16.63909734094573
11.275964784046995,11.027594669954997,11.00362490618343,11.530025460462735,12.151923320583398,8.70192913296898,9.851485188441872,9.849804208038908,6.7616843104212405,7.711975636355296,5.775776786032356,4.319793984500908,1.8659939020346754,8.167734641416416,8.987480132775477,10.544197699322538,11.950482476921339,10.966379782977297,12.304979071366377,11.702675367938257,17.625317625116274,13.241433650317568,8.971424630245343,12.744928548013984,12.814558672581093,12.559867662373284,16.535626500882447,13.208629866850854,15.243356140871791,16.141691073292336,15.834115375905748,14.789344535426856,14.881635770901031,15.521771343876253
12.04616409587142,11.037467742722821,10.798547002362266,10.940382426435542,11.811788855354754,13.461087516063714,12.585750219322849,15.11060191496866,11.07740955913896,14.442748888608733,10.417484087066354,4.599461802007386,4.125281316319512,6.8762901747423015,9.281656956948199,7.170143051712344,12.714832937629264,11.688476533978656,12.103329318547583,12.418352834981091,14.372230692675323,14.7094446275068,12.564806209129157,9.112967690613042,13.395534247298526,12.755343483070527,15.288356263004111,13.356127300989385,14.075447332605497,14.685535938131128,14.47247180537032,14.04537425797388,14.883018357682174,15.911659100448292
11.456686701811973,11.474051940819018,10.659911202008052,10.828156264510328,9.95369581838963,9.286785622610648,10.69250759095998,11.855020010723734,10.253063844384185,11.267394980742283,5.8336696679435605,7.025293433732481,3.367663516649988,7.65610805134032,9.252212279850085,12.498672747483177,8.72363216815772,15.299736082506499,13.799503201752058,11.089374652985441,12.44531265632867,11.747336055848999,13.364268068080808,14.664401878454717,12.260525117709157,11.788560375183721,14.375670747583595,14.294276126777675,14.957610127822601,14.019589180441242,13.614806548897498,13.539184215629016,15.61075868639055,14.539837083443588
11.016405569235335,10.88237344888445,11.25734197756607,11.036344528052144,11.244781224363832,10.409825109938177,12.959116913618415,12.719249756464103,5.6842967388208745,8.653385842966923,4.962064257256823,4.140455800264608,5.686650646552571,6.673083993812527,8.255477650702288,13.410748663626677,9.709360991796155,10.011667623018676,12.665028858254773,12.142503166168714,12.401825208216032,15.171168036359738,11.950624476137753,11.629143465822448,14.687665265871527,12.18531579125119,13.794302345918078,14.054416180254112,14.186086295567623,12.33550529799257,12.037935327798003,13.832558726084992,15.138124696186908,12.275614093303194
11.00106095925709,10.935562319588165,10.979390742129086,10.903066799134688,11.062718156020921,10.217162350470515,9.225545446898375,11.209402985917379,11.834811303397908,7.516381014309671,6.926419846347117,6.343164512446998,3.4843870075476926,5.732442374114025,10.158761345672966,8.828214631587066,9.192853000620227,10.804865351814207,9.20680338659507,10.929528080974178,11.624444812897462,12.587958770773465,14.159260866635499,12.7679430729027,12.036133992424897,12.45857301570181,12.753074710538892,12.6799767148356,12.469838410373603,12.543296829358201,12.148590070359626,13.4262758965922,12.79039756915721,11.848940793554457
9.39837434732692,8.92250968453891,9.129012398607243,9.3546628050143,10.129730823445325,9.503307921511626,10.848568911089728,13.722313625641693,9.733437435474945,9.418574290185363,5.397298199949689,4.094790068928682,5.544736964908524,6.177327485741839,10.89887549371226,9.532085681625905,10.329524156498055,11.495577316407273,10.134146458357689,11.921391982052578,11.201923580192926,11.709386805320547,13.577965216652878,14.21558232278265,12.767815873242673,12.039169572900494,13.617309349373697,12.43734069887023,13.081132112011113,12.063127559625869,12.914602902762098,13.049290241929144,11.737527897984554,12.417302839018985
8.961063760932014,8.517094053306504,7.736534421631331,7.834839334881545,8.640442204128318,8.83630676561908,7.963817142403924,7.03342646132188,9.225626855908594,5.321297310769982,4.47171933219329,2.3230595423189238,5.879311872096225,8.352446955974841,6.393597016155801,10.034536239048276,10.812115139098948,12.652056923474726,11.31486327343789,9.927850307986441,12.000342431214353,12.53467580598853,12.810321282105164,12.645692730748364,11.535421228394611,11.312093445580832,12.724143611876253,12.193286381821972,12.618314730545947,12.262670165339012,12.325181624588943,10.933308701691287,10.879621450769367,11.41626359388538
8.997615861019383,8.409803387346853,7.61333626980709,7.397847781881003,7.8251869163232275,8.423256308156558,9.866044393581674,7.634874184474483,8.915323574607868,5.312075236731551,2.7361165380478454,3.9969026793880142,7.125014908261466,7.702150851570035,6.154908564752954,7.9716745468583925,10.686316419438324,11.707444290280234,10.538975910886599,9.743396305699966,11.90688935848024,13.88317349617762,15.260285593615839,12.337830091547314,10.687273310913712,11.446988063654176,10.877891889296132,12.505370885780206,12.835488273198663,12.933476382155634,12.479823418069838,9.621836560391877,11.91353558137943,13.786023015052676
9.050596365904473,8.85142600673058,8.876220136132053,8.561354310188397,7.842787244170945,7.65154290790216,8.173390103543657,8.46099204910416,7.9245891549482215,1.6265239756915673,4.515911018904362,2.768197423336241,4.761478908916816,4.397175979333043,7.022678155590336,10.516046900225268,12.31328414466005,12.570092642201558,10.650223651301802,9.938907146811685,13.063214445417792,15.796364775994332,16.159146628037266,12.307605114578964,10.239141802111511,11.908211548451382,12.487561181741393,13.181932347974042,13.574412676011356,13.337693649583123,11.862859388102367,11.35778318082039,13.530367218228022,12.751993404589859
8.34942875554479,7.897174607776076,8.085081479744675,7.897961132371886,8.188854713596204,7.4723511406496534,6.656944390227006,7.246347539285137,5.825899969292072,4.98854509118194,4.501142832270051,4.97687037153871,5.321897338981055,4.90829791442989,7.149926357960177,8.553856513841607,10.597503719155773,11.258868573118837,9.629515421055181,9.679685159966356,13.74719623977607,14.6891026985336,14.582388649929861,12.722921067655511,11.867029651333306,11.776637607829631,12.742192280785364,12.027760728568154,12.543061331355885,11.89556816030526,10.606435320202207,11.90542450778777,12.033176293388099,12.05841320726391
