script/wind10m.json
{"header": {"parameterCategory": 2, "parameterNumber": 3, "lo1": 6.000198445256149, "la1": 58.999992894266676, "dx": 0.5, "dy": 0.25, "nx": 22, "ny": 24, "refTime": "2024-02-17T12:00:00.000Z"}, "data":
[rows 0 to 23 of 24, columns 0 to 21 of 22]
0.04563811585582952,1.256871917056048,0.42164331402467037,-0.452008399910944,1.0601511245857715,0.7605911165945172,1.2460931447680048,-0.04326064617600052,0.18715926020462387,-2.5743843353397855,-2.1584170510313156,-1.6852818812951484,-2.1994117743541306,-3.008203304173048,-2.9690855834665033,-3.72567397928753,-3.2625612606329777,-1.7467441617811539,-2.6433943583191812,-2.5817141998859228,-3.3508439828488363,-4.076968237037224
0.5316035289966834,-0.31605103388939565,1.739615561688071,0.8855657073102919,0.6356376260115567,1.3893698280342313,1.2441789834950778,1.3876996154982395,-0.95090613852035,-2.4608003073886544,-4.172504548589336,-1.3563201023929836,-3.131960029935803,-3.6537220153807466,-3.5829843213522317,-3.2711124651726426,-3.992645775855566,-3.7820832450927147,-2.813927425465204,-3.0476239883045957,-3.070958501783089,-3.5167097318172833
0.41850768580520153,0.5368918515408905,0.3246434524359058,0.8454243837399482,1.218067677534194,1.6105151714122836,2.0213681570853437,0.45716822332727935,-1.30907309881941,-1.9718028410538624,-3.8619182971063752,-1.7358468193899173,-2.5448296627339553,-3.9884252752804037,-3.370487410513851,-3.6246797545931293,-3.852876810474444,-4.300296074648078,-3.3685047014951865,-3.3254606434834337,-3.555409061697782,-3.5930876535624985
0.31923585826081513,0.9860578143355136,2.1528209915757417,1.0192506609317773,0.9128895422831758,1.1940973305925193,0.8654169834277221,-0.5347106579455883,-2.6954859270345133,-3.419258553803727,-4.14114125294554,-1.999426037354917,-2.161484791960897,-2.353013515014497,-4.185140508443883,-3.4817413510543775,-3.19462649859801,-4.533902330135059,-3.0284521852209894,-2.6203916811525865,-3.0139964227876614,-3.0176142208035683
-4.10788747488977,0.17761009878726758,1.833918835592243,1.409914470646832,0.5480854184951327,0.9917649110964875,0.6022663517060369,-1.812465901024176,-1.8563589730581336,-3.7202770753889514,-4.790750284978572,-3.17761703098837,-2.033550351388407,-2.7167402370954563,-2.916663186014452,-3.4486525161017743,-3.373626088358216,-4.391246310858017,-3.4938736132500003,-2.8557319600649174,-2.678951138108422,-3.071063371695712
-3.526963889765466,-1.2180965785120235,2.519233978589733,3.691300791255265,2.7491048829780587,1.9811978647353032,0.9571672270486093,-1.0379806345695093,-2.345615944602547,-3.4593801150167236,-4.920591689606242,-5.600480343003328,-2.8009740409586943,-2.493256245695368,-3.9010420925328315,-3.6441990873837393,-3.3363895221296684,-3.6939727346955964,-3.7641389058178754,-3.4775501186706923,-3.0618824575323473,-2.7981555715731536
-3.2989714663766754,-1.7430354197584916,1.813253199336481,3.2840628619814587,3.058398207862591,1.257253144607649,0.9126009958516468,-0.03802359514860952,-1.9668638607136748,-2.7243470923090323,-5.370107400069089,-6.002002087359877,-2.0948022533415687,-2.6236446898254693,-2.612641820707781,-2.917847200265391,-3.067580399138832,-3.6046794106503808,-3.774516558757894,-3.2573486775078497,-3.0914949243503753,-2.93703322697802
-2.72253919827771,-1.4733519541029698,1.3775712483638365,3.0415195608600936,2.4565257726835137,1.662725396239398,0.7366085872864966,-0.29435425935885096,-1.678550478772626,-3.30100950448326,-4.1221691053552965,-5.802346347936574,-3.6268162497051013,-2.4393079012841024,-2.6086920378084497,-2.5872699122358673,-2.7291690918420226,-2.902203366900967,-3.142794789483042,-3.059261576014917,-3.174212762747801,-4.20786731819155
-2.844956548692098,-2.1381663271486593,0.41299246772353654,2.6499440370663883,2.7357701337625153,0.6694222567677206,1.7961444933370783,0.0026709223739994044,-1.3688827456977857,-2.884116192793941,-4.078809276978352,-5.863839818219027,-5.6412414137865845,-2.6438797385794195,-2.2520677243394567,-2.6059733564112615,-3.021655860336944,-3.0757023931640712,-3.1192672831711135,-3.1712302707872455,-3.18958980572392,-3.799791876146003
-1.8157735349970319,-2.147780211666626,-0.9777182643064996,1.583502239407565,2.495789447491585,2.1765384019951934,-1.1245442548851583,-0.4595252966798176,-1.4322535744990397,-3.1131649260225696,-4.543228173666768,-5.9876796567390205,-6.181049048006243,-4.458151378119674,-2.3582116958068555,-2.9561861682755164,-2.8674918756574463,-2.9641502684305348,-2.849825703342857,-2.852582354703449,-3.0995889928251197,-4.475270992290137
-2.0459152252982857,-1.5371320565794178,-1.1885570148111713,0.24155828976191815,1.9547965373548482,1.3437331887559867,0.23285974011403981,-1.1289617732397377,-1.4354121048216495,-3.604305267976458,-4.7335296090861085,-5.795054207824429,-5.625481078538894,-5.069890576975403,-1.2259630390662146,-2.159154592555478,-2.5930743931483975,-2.987461884387333,-3.284837528181586,-2.9062323249153,-2.82112205041086,-4.501320517975628
-2.488150004475019,-2.355648017847367,-1.5352877648575565,-0.9166352483161355,0.9161631897823004,1.2348748485844085,-0.05498558084608334,-1.196270856736374,-1.6560640756186276,-2.3190531315986265,-4.555405673579681,-4.619958076998487,-5.003545912618201,-4.460267002532232,-2.02015649852522,-2.079403710537906,-2.6803591451314466,-3.1089480962412437,-3.3060080179470406,-3.244863396793366,-3.209871834348664,-5.725813622182766
-1.9910570758478143,-2.431582543254421,-2.472626129929042,-1.5702418253846673,-0.45625094472504474,0.9965851018214391,-0.19796423685503364,-0.8082846022198746,-1.7023183590978608,-1.3196588725940352,-1.6949900130643154,-4.1883388918967555,-3.9328350089396427,-3.529334297349122,-3.7991446980866646,-2.402124530832938,-2.9589233339099184,-4.414797390505787,-3.8430862185504306,-3.2613252176703265,-3.6343280882581537,-4.003139934588902
-1.9165590658581149,-2.6124091921573975,-2.209820968060081,-1.328265527128561,-1.3978730324102764,-0.35875588352070603,-0.08461708452096482,-1.0463381651634365,-1.909337355202797,-2.059405635452036,-2.8377530546374063,-3.9223042095851977,-4.846536737196503,-3.365290097067232,-3.9381065132934263,-3.0584542288962218,-2.4628323566611763,-4.80390913221486,-4.773627179618806,-4.336582180238771,-4.667044106943579,-4.921928102690846
-1.6767564668378852,-2.631813984701344,-2.669956877123635,-2.300323210464176,-1.9779460739631063,-0.23580577162806513,0.375644905384458,-0.7839341739999914,-1.7540432727127138,-3.524378704955625,-3.7722501250241516,-3.569198765306046,-3.400010248796918,-3.8692808756723074,-5.0986805755430975,-4.035790731663023,-4.2290612473928455,-4.823020599856765,-5.56822591388903,-6.195290399013838,-6.057444455734315,-5.799069202870574
-1.0913114738529237,-2.5406737465318696,-2.9143630519774693,-3.26204524304948,-2.751589642393049,-2.52745780916857,-0.522517827757408,-0.5366490096646023,-1.4026727834095916,-2.7477500544181943,-4.97457072174784,-3.447004802360334,-3.423141543452692,-4.998294762596112,-4.165814919945183,-4.392173480654918,-2.4741514839912493,-2.622088218584258,-5.11791366209574,-6.022423313215089,-5.922926301888843,-5.199262840148227
-1.0140764511399005,-2.2107729722468363,-2.7498739275432955,-3.283834506317894,-3.477308320500374,-2.4714059250188454,-1.2950790968793227,-1.03964259408451,-2.250611688724268,-0.12269249279877652,-3.3941559043361043,-4.529446384883345,-3.1836292522234046,-3.6039711396671783,-4.975180297224311,-4.791516014569757,-3.665394516454939,-3.0952373660303683,-3.40137925212485,-5.6668099587592415,-4.81946801768239,-3.8058728014500205
-0.5883729995973306,-1.314578388441644,-2.650698378283126,-2.989592228811367,-3.351433930819207,-2.8750870476048385,-1.6025081957688714,-1.4767249936803963,-1.3752527656254983,-0.6906817522497455,-1.2436079687953325,-4.1659111173040175,-3.6039957302107637,-2.6536458583407696,-3.5447763819068627,-5.109179039817705,-5.669456443148922,-4.714735044508138,-4.341511971411212,-3.7589726987858834,-2.540645427425961,-2.0416788164560473
-0.6011113820548197,-1.2311039709948361,-2.163756932801575,-2.654727559727822,-2.5344131647942643,-2.214428587709389,-2.3486584788324776,-1.2392684220206176,-0.8128906042991904,-1.1024286609919483,-1.5738472240340857,-1.757608638068947,-1.2894496502416792,-1.3663047711594192,-1.6527292854630504,-4.860353103547866,-7.13424591095264,-7.905646334000286,-6.198716206930387,-3.8446299190231548,-2.9981652534572527,-1.6909345783387344
-0.523829814055301,-0.458172436501313,-1.2870824992489027,-2.8531885809701487,-3.088055334476875,-2.1638070814765373,-2.0280679681356784,-1.7166402413812545,-1.3658086462043317,-1.4131008262039055,-2.727574655264516,-2.715484721429522,-2.4199969387044296,-2.4954391896850243,-1.9395406948948437,-3.638831286538755,-3.0716618542346046,-4.6863603807092,-5.982245268361522,-3.029819746516423,-1.5215888297717888,-1.8931340327524733
-0.02545314742976953,0.1239287691583852,-1.0415931325453722,-1.0013502584316707,-3.156404600279163,-2.9741288386174562,-2.7757284583312485,-1.7732445556157705,-1.3745956499116767,-1.5943045219539649,-1.0559729055549976,-1.532355651043746,-3.1769394643927367,-3.0211153394997967,-2.6554569982992593,-3.198009202973879,-3.31290200278844,-1.9763935675073376,-1.8095261870801749,-3.373470930454493,-3.473869739545879,-2.2496465215238453
0.5963660821216963,0.22708369536152484,0.18251812339182874,-1.489106354155827,-2.2467642403244628,-2.2655325380338294,-2.351812568864059,-2.1586381314740257,-1.5508202316478936,-2.046501276986014,-1.6980597888920046,-1.970231788989397,-2.310990870566215,-2.8772459066001073,-3.00745432797976,-2.703200837196524,-2.521402598334246,-2.246080824928683,-2.3140479764692734,-2.4763764990353114,-2.363675053453748,-1.9584020893596807
-0.2770213667125189,-0.9527183577723315,0.3835346343459791,-1.3617717274031826,-1.9887880487159209,-2.270792693309216,-1.6501502477353016,-1.6847278081453967,-2.3858867999446804,-2.0323436215380735,-2.627286115681069,-1.9349082248998646,-2.4041363524590356,-2.372430392584315,-2.6869058068066027,-3.0536685219692017,-2.331572449052654,-1.9034376527278243,-2.4703437839995717,-1.6239342515442632,-1.3304588171394787,-1.4098194940957387
0.02385156302557475,-0.9192515977230897,-1.838157461047358,-1.444398308023952,-1.3535425003567885,-1.8843385007354734,-1.907834067610501,-1.6882676414553799,-1.622957244456866,-2.206377525148924,-1.8591738980860884,-2.3326625136989905,-2.5134064775604346,-1.857018036828578,-2.12740283922733,-1.9879911316238985,-2.6233474563916395,-1.994121437809247,-1.4487755459771032,-1.4379154443936277,-1.5833830783915077,-2.547755151156121
