script/wind10m.json
{"header": {"parameterCategory": 2, "parameterNumber": 2, "lo1": 3.000054539987559, "la1": 64.9999836372058, "dx": 0.5, "dy": 0.25, "nx": 34, "ny": 52, "refTime": "2025-03-18T09:00:00.000Z"}, "data":
[rows 0 to 24 of 52, columns 0 to 33 of 34]
14.755234987022286,15.266313905436045,15.32164013012969,15.040854762293232,15.161366738675095,15.410541275913399,15.424731477997193,15.190288361698068,14.486443049182006,14.23039495398888,14.740978685131216,15.293039368019688,15.436028209501284,14.935989852257876,14.962890146924027,13.994312022054888,12.557623334766891,10.95459783706518,6.1366113293730855,9.660801023644268,12.511006393882006,10.544487257268608,9.098418458753669,10.369424730008934,10.69294889707164,6.051139257381305,4.310337568680972,4.24422062561604,4.861838798166321,4.515694429592359,4.288925469675482,4.3080282443144355,4.288548634848002,4.411103163670253
13.696117195079871,14.729706136545797,15.55687596786689,15.169267177760588,15.074028500451211,15.106751579233741,14.701990826332361,14.335622764938698,15.161460546887218,14.248765368993421,15.256459379266374,14.554897057082826,15.129828862969593,16.072919170188005,15.842256054986935,16.760585312779888,13.319755492475675,10.159565925355954,9.601574874579661,14.935642119172675,4.572271745647857,7.11574237917285,6.637976568199147,15.126141758596702,5.711498352993456,4.090084335430942,4.141426430143504,5.794394015257269,5.369827925225994,5.430658660056692,4.451608190158175,4.370164994013089,4.519508565730549,4.512238973159417
13.835543795450569,14.290659133983276,14.274006102092534,14.268722691340958,14.974664103244374,14.278246181343096,14.842088578318148,14.354326381605677,14.549704229637488,14.684337597738862,15.215148017912421,14.901811398022039,14.758016639180047,16.399172838934543,15.414447534558391,15.229927937681632,9.662310339858436,5.5863739218605835,7.619491721604664,7.3340918981714385,13.006514948457582,7.1073405228272595,6.272652921676569,11.158052316901907,7.550808478119997,3.943615307949578,4.446063333659426,4.1231373089894054,4.681816969568779,4.288673557158523,5.217777165027738,4.356805356637158,4.126244242422824,3.57518493400361
13.648931237092956,13.549528796949396,13.774952650348032,13.387361209899803,13.977047672863058,13.20634047454909,13.917367478847469,14.71752221996036,14.753751271022333,14.058252170242799,15.127417768164326,14.900234184500567,16.464559349289917,14.55953198267752,13.384264800660587,12.833031115721651,8.940446432027473,6.565013106043059,10.914391378234196,4.844459209708398,10.529835314437983,13.283526116553082,14.635924820166446,6.682559228137076,5.624470544335876,4.401959606551703,5.037451967008919,4.433775211886019,4.276801512461165,3.6664785922294483,4.108339152414792,4.738151262181849,4.480303562445314,3.8335226542629264
12.636628788256752,13.070335093132803,13.349669766680709,13.39005366722546,12.95956058767651,13.45790379670477,13.900573529502756,13.589787571406154,16.52441588768457,13.785475160994086,15.3729657211554,15.602122097601066,16.515115305943347,14.979503539616136,8.32799424479372,9.441394881115263,8.901529654669977,6.490018536389808,8.745781228750575,16.89867891790912,12.348488540910067,17.55890084368237,6.572001826092017,8.704054706925366,5.559741026475009,4.832084608089422,3.2695362948249262,2.4510996832854337,3.7398992843208507,3.8748142297105184,3.8866580614083612,4.774866694951553,4.456522619707761,3.8319291503248523
12.094541881778541,12.736409112104067,13.10660383827141,13.218143385187785,13.468116500031426,12.925750330345197,13.792596102400593,13.413460239009865,14.594777076779884,15.058528570153255,14.953010600734151,15.160351813793161,12.543352068389511,13.67054660532562,7.836305856880076,7.418956094772498,6.430162496085614,6.4982771715566985,12.023106355855239,7.768248494636016,4.327173650795851,9.020771213955062,6.720617015115046,5.252001086072997,5.246396821800774,4.287971316275084,4.141071228401694,3.969711064639644,2.6989553359905822,3.579377153011926,3.980291373277171,3.42946501091671,3.724232532749822,3.843610000834568
10.297949536439555,12.850473285559204,11.469040111863475,10.50965895486548,11.732673960477031,10.945811648249906,12.816977982219917,14.48237382477304,14.039450372737317,14.38166386479797,13.948319048172692,11.78797901629117,12.607392063262099,8.707054999456805,7.726569792049303,12.093521459766938,6.457797193245814,7.9394654004520175,11.087496774872447,7.791713829655182,6.738530610731565,4.470763070084605,5.051431913310314,5.228305434302591,5.165708200833816,4.145125891012223,2.8747583065661724,3.7930472808602147,3.8026074732494344,4.262900784580733,4.29092983676084,3.835296821479313,4.1377169820736,6.330071433977518
10.878586663663464,10.813973741631303,11.033594082115156,10.270040140158187,11.290529238936921,11.36521152391014,11.529563535779868,12.236873358065697,12.549090993963999,14.143434185234945,14.903385580967239,5.163885880351295,5.517229582180366,13.59380547341948,6.654829825940094,6.5683787862132315,6.483760882200941,10.710458435646578,10.625655917583115,7.231893195265638,9.321266728684064,6.673123360925867,4.262146483833282,5.075440954995922,3.6462872031009432,3.5145290983797195,3.8286692563691185,4.546227520096845,3.843198323860958,2.8766048401138002,4.549983377974473,3.4040669488854878,4.395114035132207,7.539810730919807
10.42479619510358,10.085272510343723,9.194349398636879,9.791673089675955,10.175510535992496,9.89040661418029,9.866251581219172,10.948300992429935,11.212105226532051,6.051387881983115,5.1213552146953685,3.852664131197089,7.30966040859568,10.85947074423334,11.587390131851807,6.351776041045613,12.674883031913248,12.3253013759768,6.963901572132264,10.537750557276873,17.07083722185577,8.139157017023,4.073258101213255,3.563319066763992,4.030939263299557,3.7555960658920946,3.986894112501133,4.001381105132315,3.9028237536239163,4.28983761501152,3.177272837500397,4.859277710618014,9.27709070882102,8.47903401811081
9.320122835490332,9.732562248297548,8.493186062808102,7.297289184030544,8.022779427833372,9.492409607035864,10.691720864849296,9.200816350250513,4.566682678121625,2.715514269843471,3.4808186262680634,2.9172506559193887,13.300821647556246,15.044273905984534,5.5558610374557205,13.010402154780095,8.034337941635771,10.516411715250419,11.36924111065833,8.012446179665801,9.382346751503315,5.664716077536343,5.472381340781299,3.8843084528986727,2.774961725660212,2.915040310300134,4.156884622595481,3.995780035454794,4.011828779369597,3.530685544158649,4.293689484378105,8.31140198654966,9.216186066231131,9.494916315688183
7.819959482140084,6.235859571676712,7.121813281630944,7.912789907473621,8.729935574428714,9.58266739154863,6.677863119966747,3.8696016978371306,8.166208755663854,-0.6667600202965253,14.09801817683455,0.6450043803623654,5.123158931361437,17.14811895083381,11.275348586086237,9.607328513362818,4.39018749422467,5.763614677037826,11.677961980088273,5.441404645377763,7.889665025686817,5.9514641723188335,8.107919727446562,4.098209383194168,2.1267675413086677,2.0487583157185782,2.720997228577414,3.916427917839951,3.5025919925112206,4.3475465647082,8.293402079160447,8.182373218097823,9.806354322555052,9.463137841100595
6.523757183103764,6.02875005625663,6.615619427974181,7.431837138725411,7.810992085918357,1.856926453453916,1.4367193811649377,-0.8578254802618314,-1.1942553933656492,4.958221021525743,6.517492367965109,12.284516311567465,10.863644800825004,7.701657803736209,6.23828793277163,4.929007380936426,6.209903643652926,9.078891032848533,5.315790839194372,8.337743988414486,6.928644939793836,6.5370177637202165,3.41264465949851,4.121559254966163,1.8106288565138793,2.0547138609872126,3.042989245763772,3.047585341900221,3.674603461313863,4.61767987714413,8.689449610257713,8.414369662364162,10.15166011504663,10.665456823456154
6.429682562123173,5.883945528682976,6.5310502446530725,6.13211031133374,4.363231738808118,1.8995982458914085,2.1618181531391767,2.6248951162636005,3.073937810999825,11.659553665896476,12.29045536349228,9.327851531383601,11.474587060773567,11.960854437985315,4.309043739844885,9.988242646412472,4.049579160677189,3.860475571370474,6.698887748073691,3.4326674824416714,4.948352522879738,4.780422418195763,4.078553047445119,3.451908247469104,3.8620446561464217,3.1909481943745006,2.3804108519618685,2.357581984206842,3.7304915320249767,7.590723798639508,6.998671326956415,8.649584409347312,9.476593610190832,10.43839845466362
6.281079619255708,5.997337342185763,5.399593821190449,4.699270853638479,4.029939473910965,5.274529582576342,8.021296272287039,0.11184226706327421,-1.3061173664030956,4.5343226168462785,10.396461780282616,10.647996044665767,1.5293536418793137,3.473782347782229,8.83102761579323,2.6501569072917124,6.73727564595056,1.3346429125357968,5.701886235065268,4.269106789653698,2.838727472865953,5.19851133002606,3.9938897797791393,4.594870991659642,2.631021080824225,3.0611227013750137,3.609034350477569,3.7668199563484457,4.488221225563448,7.719761960091983,7.8710720038151445,10.296211055441379,9.011913461442834,9.733498054782816
5.690239475701541,5.68318419517804,6.562828875030007,4.903847665148479,1.682933689266102,2.579845330700257,-0.2693148181438298,8.909815185752862,3.143033157490216,3.9442489989599596,1.1683278771606966,8.927884011629363,8.523957908955781,0.934065319418491,2.0911035452017965,3.061127400163571,1.4432787299076455,3.3220297082007044,1.3258727604315896,1.0729730813690213,2.9876552422256926,2.704489504798586,2.280155321699942,4.382889857583948,2.1667520078623994,1.6957010631143026,1.4927111716477488,2.6840576116447172,3.3076661405141143,6.087085560830384,8.353205712890796,8.294876976666654,9.935362108371557,9.097661133440875
5.6732266538669265,6.19444067341398,6.094065234547915,3.887309205972128,0.4812631835432656,1.1389888483072388,4.4728259611745065,-0.7474128619582957,1.7972625018882433,4.778095566191608,9.454500121095672,12.304182204067844,4.4877259348906815,4.287854730752564,1.488507710915199,1.8927781886675203,5.608055111878692,-0.5910847982280356,1.7770716801761561,1.8848956024038077,4.3250144113302795,3.1653386911944814,1.0468732726547316,3.819546113943443,1.7665959529167667,2.4396982782341676,3.478406880721396,3.9494220066532075,3.7662315228501093,7.509831069480963,8.905854378921289,8.377375838552062,9.29249628248203,9.407149491868338
5.802187584254798,5.899248475037987,4.905884821003667,3.4353255160307747,-0.5464114114019918,1.042974935595749,6.025332519489614,3.8057986312740346,-1.7564563224541923,1.5027429576412004,11.312241052689293,14.590769655527687,2.7066678803891886,3.103586252529099,0.3727492113865425,-1.1261695927098798,0.48743037566633607,-0.03856058101501812,3.0633646230359886,1.2503568832858445,2.888418245413589,4.417179286944687,2.5591143003273684,3.49595394682643,2.6556359394990863,2.553242227699233,3.352037075639041,3.658301594095228,3.3749360659270717,7.283026668101982,9.001586307705441,8.902278897487925,8.663005245826563,9.134385804104678
5.82519695382282,5.5832069213191575,4.805265159772776,3.3960112421041373,-0.37371816981675676,0.5818206130926077,2.363604297209154,1.1206107061963368,9.218133309019281,10.187122255815952,1.8263850066588232,2.0756525745502734,1.5856637243731078,3.0856310942546576,2.607215094911116,3.075379058269736,0.16756635963034164,1.4521993893889718,2.0767413162409696,1.6121618251194287,2.0493826623869262,1.4875818289009526,3.263267077115096,3.9153267612575466,2.910097223004355,3.1078376503428924,3.241866829066622,3.240236074416955,3.18045572433796,6.3711851768582,7.916677859996647,8.526960574891675,9.464038472169111,8.44901934709678
5.741069251018582,5.143679548382502,4.426477427985181,3.516904679761942,2.0404363258116374,-0.14215215777457904,3.9669324560931143,1.2942879802380005,3.005955802954576,6.543682237900516,4.772643441874846,3.6903741194903144,3.9235791815207124,0.9464931681020577,-0.37930065884221004,0.8907043717397429,1.519753897043883,0.2764753436824504,-0.4280345855952558,1.3772174307647387,0.9473284150671267,2.849652403662253,2.2365740824365408,2.6027857857786847,2.3158277874397877,3.5925471928515003,3.5131388110571278,4.543218825212498,3.4187573048793927,3.4579233982076336,4.7841547462123515,9.38939777219326,9.065823046504743,9.076212010975793
5.567878104494295,4.907393818194135,4.413511747596043,4.006551342384327,2.0031880957266814,0.5445045095450538,-0.5347636743862717,9.410019340767503,5.347149857795417,5.4624883261338555,6.118518351195761,9.715741732505954,1.8812563284656842,7.559953874208378,0.898718382269241,2.2307391562598347,0.6277970158893148,-0.41052567859680084,0.41840025715823315,0.5867081639653878,0.5529487001955632,0.5060630245919838,2.7811497271127044,2.8818961901302416,2.7523720616913936,3.2059111808818703,4.020105143750591,3.616043310526598,3.134685071187928,2.920294244247367,2.8880563764195526,2.8459248029273887,8.311690896890374,5.103547342276335
5.047506645798041,4.892705493395324,4.12992053014847,4.008816749440303,2.9342671434064735,1.2161584301112358,0.9320527994891613,-0.7191588609715691,1.4972091722791356,4.745424151379176,3.7226827646677427,7.10741256924878,2.6760394860357555,-0.15038861086167732,1.2825928185798894,1.6478726244656756,0.2194281147439763,0.36686328790134565,1.615943059422402,0.7055852865853677,2.2710493566267234,0.9443701728193912,2.018868519836802,2.6497907006891057,2.7241822381097496,3.2607532090334685,3.490195609669303,3.164720970521385,2.8460720063299916,4.467885598439129,3.794733045967565,2.5804443277984883,6.816671171025454,8.190066937658525
4.492265553907924,4.443694301615845,3.9651372733598134,3.4670432662780066,1.5453033185012501,0.42900642999070926,1.4154915609150955,-0.6088365034704705,3.619374702398413,0.6071578197881593,1.568140637691531,4.487063086795446,-0.4429997491014332,0.7041997859815596,2.2608310260354583,-0.5027444913930861,0.5879101024780112,-0.14203028257694272,1.5584840732825112,0.06846519696088624,2.5009854771918203,0.34954096683540764,2.3680547598648136,2.213536365961338,2.6590494244988743,3.04388286363991,2.6768812876733508,3.903289482131441,4.303453316579815,4.327131081062641,3.1707786580051995,3.1735926292008947,2.840428344006736,7.056743713847729
4.11111632268271,4.087328054841975,3.5661401279152134,3.43060217999561,2.2198190355635408,1.0615599185028732,0.4519646398255097,0.5745168610926344,4.1133721193343336,2.6944735387561534,-0.6345231791272566,1.2760930522693341,1.0004512306584168,1.8936230913619643,2.2780259276773718,-1.116939812065641,0.7636198770990902,0.9717616796828141,0.7826050779051142,2.1682836117588216,1.6355915804129226,1.5462919460619042,2.114722805479669,1.840843153742077,2.815928998337885,3.247623300564713,4.073825476660938,5.019240574037021,2.956744970543281,3.7066783531443472,3.6113579455077796,4.153894925241218,5.237548753701552,6.460465568463691
3.9874282972119075,3.7163566492673303,3.641399278497317,2.8079001193697226,2.5668910422000106,2.0965104856044983,0.8712406388613458,0.5276884954234822,2.460084319946302,0.7279758508950208,-0.2588007813838004,-1.778513919156788,1.7221120039727729,1.566593278189921,0.8673020460498934,-0.1827039153041515,-0.21169176235701925,0.5081080138613915,0.5420944219037894,1.882330912046901,1.1360906689728982,2.466985162492669,1.2819944117354283,1.3567324288800926,3.9650703080313416,2.729973067523074,3.8945700786187993,2.9643967571685157,3.049419110542915,3.624296740684763,4.402358555208838,3.2790398415145083,6.784894610132948,6.617323656034446
3.82098092786547,3.8832255055073586,3.6272194627325396,3.2836255360424107,2.8219405636268196,2.460897107300726,1.4297538592135637,-0.145974268288123,4.86681433166687,0.5168422057968,0.5518372935666143,1.2861918049366228,0.6297344549811236,1.3962832799079528,0.11127402961626534,0.7979019616476636,-0.044583532821226776,0.6098819711542324,0.9875410762131723,1.0484678885869403,1.645779845912468,2.797855607388456,1.726985112839138,2.222732249432713,2.5457336870965275,2.491873416470856,2.9592883854296095,2.405065748942322,2.348717871560277,3.5817592252113464,3.7634458546330776,5.761523417376692,7.101409837157335,7.345852952154068
