script/wind150m.json
{"header": {"parameterCategory": 2, "parameterNumber": 2, "lo1": 6.000198445256149, "la1": 58.999992894266676, "dx": 0.5, "dy": 0.25, "nx": 22, "ny": 24, "refTime": "2024-03-30T16:00:00.000Z"}, "data":
[rows 0 to 23 of 24, columns 0 to 21 of 22]
-2.111083137143153,-10.489233415746009,1.4537935986831219,-3.2872268753953695,-7.505157582948333,-10.301395352727694,-6.456652324930578,-10.07039279715339,-6.700086526448178,-9.605959404276808,-4.7019336898716775,-8.453320752831466,-10.849709602419685,-1.7087273625084427,-1.8484841496716955,-6.166036656573843,-4.728040929598045,-11.399738982054545,-5.500433150849286,-5.096538614177722,-12.571478451944785,-12.461001178689992
-4.813778388762101,-0.2455040087769006,-9.767042347338716,-7.868617416102438,6.026852704955078,-0.01772869258360424,-5.2016071463648315,-5.798353744707983,-5.728794216369718,-5.415025591274557,-5.775006364819485,7.991378023949287,2.008542272310987,1.5910371471511977,-15.343399027608099,8.110368295310073,-9.24056898097623,-5.4853481316539145,-5.509713060552326,-11.978145804733641,-4.010527839896858,-6.1255828269085395
-4.5796663247355545,-9.339443064515923,-3.2456408895542417,-6.620275750530359,-8.915347979640254,-5.436154369928585,-3.717949746136668,-5.229622243877232,-10.460579717119598,-14.044825398077808,-8.259410002971023,5.984215367407279,-5.522573491743974,-8.733258705756894,2.60229065535898,-4.887515235688583,-7.866132516888903,-9.044305005150031,-6.4052364554607,-6.8889813689527974,-12.949737772248021,-6.056974393571301
-6.517324518022072,-5.677392209208886,-10.400226906895103,-6.304072045317651,-8.049747559403892,-5.009058200671047,-10.450333224564451,-8.749374341713146,-8.877953018452779,-4.507672995988109,-5.743565826729807,-4.7289834058472255,-3.9687628051722443,-6.403318144821844,-8.900093123319964,-10.626792022079567,-6.077085062061322,-7.106200940227432,-6.2219396945727565,-9.441276908743676,-5.947548832396626,-7.660975140436179
-10.602456701083844,-4.722480317065215,-3.6588093889804925,0.46107680774539533,-4.753205544301532,-15.59290651559234,-7.747692873659887,-5.494239058905729,-15.137871809829033,-9.655500821226584,-6.317546723880422,-6.09907692563813,-0.26617656861632283,-4.5890101635524925,-3.8802426740881817,-4.915550430117626,-10.494827012114492,-2.8306749997528384,-15.876647468678101,-6.406534263796333,6.765265904174824,-6.501179243589753
-10.650473401421397,-6.867765624045598,-4.712952688395182,-5.248525049781398,-1.0777052914326657,5.113293409726847,-8.48583723329622,-3.7761917677613708,-5.517454948316608,-8.48053380198224,-6.774837740376026,-10.924721957146941,-9.472596776477042,-14.331974529382554,-5.295811068827789,-5.599941108334166,-14.41778963973876,-9.420771122626652,-5.021355958979698,-11.520984057614147,-4.581681722125202,-14.25475133849862
-6.16462398756812,-6.197356392401963,-7.154797474967258,-5.514534651338751,-9.333859436932617,-4.780768902498036,5.845219879185435,3.4253695184199295,-2.351481360478112,-5.9148871551868725,-4.174552001683,-7.764859353675311,-10.37743944748812,-13.35402379253356,-7.891190483130646,-0.8475293090485233,-5.746090441297079,0.653119179771449,-5.876113453097439,-10.415869539372498,-4.696955187989091,-9.983559742455586
-14.919047769599997,-8.873480806230253,-9.177344513619305,-0.695227978617981,-6.047317874047125,-6.791279526941533,-4.730949682485194,-6.24164887159743,-9.81202924693383,-5.698794761259643,-6.776114412894058,-4.076295070145456,-4.409559887469047,-6.035521644347144,-10.816851492612976,-9.448816950973455,-9.838463975534095,-7.832297875460058,-4.226351242261811,-1.4735512908163242,0.8932289949522846,-6.069699300183014
-4.826820182524749,-5.1752367511332835,-6.186601117571986,-5.714662699364594,-13.882411243080686,4.558764614246748,-10.066993142327188,-4.444351273855796,3.935166384680111,3.8743406017988367,-4.688066869088519,-10.932561064331558,-10.663515968336817,-11.008211789148097,-5.092943613983397,-10.312317436416127,-8.699215837616894,-9.282683247857479,-10.192903108011873,-9.596729763458086,-4.455922083628105,-13.24543120519265
-2.002944987070629,-6.303916293372308,-3.6536070796185656,-9.076514779043773,-4.987274673070499,-5.198401749966487,-9.453689866305726,-9.94141561958811,-15.477785680482572,-6.46704054388134,-10.294088694417391,-1.126035914414834,-4.83678638875929,-11.260733400753251,0.23610489387667433,-5.159442587121533,-12.163386676795737,-11.946253690222477,-15.911801242102838,-4.842131940678973,-8.920458446825933,4.402904046147316
-3.4794876258648735,-14.026469943761139,-12.859459341120555,-11.08234011701482,-3.035984084785789,-15.202720064025554,-4.947364660203077,-8.423382794962913,1.7710404160827375,-5.610386144683254,-12.192957400498603,-10.087876909020189,-8.506418125649342,3.9728324627220952,-7.253992937927788,-15.474516625027569,-2.7339775039183913,-12.018884222486657,-14.213567592159686,-5.190731247574968,-7.699648302590666,-16.234552623124163
-4.766480116634637,-13.058650525467534,-6.702058932270537,-6.209193150210956,-4.296889510257432,-8.802185346281183,-3.269616989729108,-15.676345301314662,-4.477194124736824,-7.536420714856096,-2.297553664163144,-4.558374903800408,-8.217649456583507,-1.2270019904533755,-8.01917601733098,-3.7522435858061822,-8.267841123331024,-11.2115778738499,-1.98659601729171,-7.585729523051194,1.6294588521195366,0.10888082093371226
-12.405403841866868,-4.59780589418067,4.389443953348217,-9.214117727686764,-8.434872218877384,-4.606608162382003,-8.99823640206008,-7.797978858474019,-6.520416218339177,-13.302100318074325,-11.821639710321822,-7.800499153688165,0.3735628589661609,-11.60617533743735,-10.678226290936534,0.7662572386725806,-7.581261855923211,-8.524320598043898,-13.237438058739171,-7.227965851557698,-5.413288328455299,-6.379495458066299
-9.042517634088668,-2.075090241714054,-12.623978625822964,-12.860839533321887,-4.555242488480152,-3.7912575235731296,6.903428567416334,-7.063785836179579,-10.164446253429587,-6.710826701988037,-4.224596844811582,-11.127095856311277,-3.6523563113849504,-8.579968047145135,-12.80344201482949,-4.306050837897797,-7.983743284090754,-5.126469119334078,1.848557127948036,-8.115543618457039,6.502855618966767,-15.123838555922752
-9.013446915254152,-3.127251600133615,2.704294830618654,-13.370962543473631,-5.363888119474944,4.269946506743815,-11.20901333784835,-7.733111407775931,-7.315529477049996,-13.501844245700019,-2.7898153424476133,-10.638589189491485,-3.7273302236416233,-9.67145344453096,-5.974360513399098,-9.785521851312012,-5.881617986999768,-4.488911631937423,-3.392973299209483,-7.29318785154184,-9.514226099628818,-5.321293973784859
-9.653699546505344,4.147325307433353,-7.0149373546219325,-9.594145442366951,-11.79544348028136,-9.798405189642924,0.11204420569110507,-13.50342127082158,-6.504332281060723,-4.49900968189249,1.7498927670439874,-8.58438903500257,-10.003074253073493,-5.550400542263468,-8.48000605649182,-6.316197468562202,-5.202617099246579,-14.529758158227521,-6.003671771047745,-4.658548316884567,-4.317592567209595,-7.479390724258867
3.8398136107062446,-7.778133733519304,-0.3644563831319495,-7.633828573009372,-3.5785954491304404,-6.311506240962747,-10.529280278103464,-10.805680785006425,-5.797313718267348,-15.142668620821386,-2.0491005932295048,3.9453148537036093,-4.819911136167494,-3.225690280381492,-4.402894628380722,-2.8935159332905194,-2.9892062817142793,-13.900341054488441,-4.094233620014987,-9.482449700959803,-4.260920235209603,-3.0092845998827773
2.609971861669159,-10.544110090577929,-2.646189589614419,-3.90132232231311,-13.132495891424243,-14.026388331942558,-9.42567817686908,-15.626103147605813,-6.872697451115342,-10.742322458193721,-2.483137294524788,-9.977470432104326,-7.686821406082113,-3.7202048766619584,-5.4096395628588985,-5.6865933231479,-10.89025860621871,-8.111369706394875,-11.632298532033625,-1.7817308703414139,2.601949116737932,-7.479869194215923
-4.362593632197569,-3.3227551828334363,-5.295577420413749,-15.70468783675478,-5.624966093711632,-7.187579160134204,-3.7891999077430354,-7.623728802017298,-3.013562007933525,-11.97663115038821,-8.45247956621656,-5.419320388769159,-4.3657680183117815,-10.24784977561126,-6.819790536651676,-5.349155278755835,-9.831973012151867,-13.35218081482624,-6.740707226462895,-5.078403434373256,-2.8070182794869107,3.267268067367698
2.999185917400738,-7.987039132727334,-8.450744020266663,-4.955205134722955,-9.042503646223288,-13.623522150909674,-10.374032053288582,-3.1812034921527568,-12.244034307238376,-6.5005759023675,-5.332485298817607,-9.788698026903344,-5.45603918382918,-8.21814849153704,-1.0520053814226258,-5.75406184635232,-11.515009206887036,-11.451720137442546,-5.772511307168514,-2.1534269060095554,-5.188723580351513,-10.421138180719058
-7.967609576640602,-5.81045219035404,9.679353623053851,-4.244501115648666,-3.9731966568661816,-10.37434869412563,-7.34029009572539,-8.135643258044807,4.937215081218689,-13.276577087408933,-5.954552839304564,-4.336929016401825,-6.227253552481524,-15.297480837180212,-6.439428903567618,-8.76936677820126,-6.988570954482388,-14.452578683679688,1.1984277071196245,-4.394425515115283,-5.808621723414105,1.1438226224091126
-6.038959327895343,-8.266233883717678,-6.627174920570268,-1.5718730371932428,-14.754473201661817,-8.264012844706018,-6.150796089975642,-9.157288964297592,-10.880140183521466,-9.573442034602623,-10.735181655546807,-10.12112310900144,-3.599651471830955,-14.803563020230394,-6.34009271453069,4.108424203493808,-1.969069224464529,-10.543095776341437,4.0425442747647065,-10.100363268781328,-9.116577962917416,-4.681937202492109
-15.023820022848376,-4.582377623543334,-7.087324015230782,-13.76477000711308,-10.330351842741635,-10.949674963486052,-2.7747325801738025,-1.9500807608883404,-14.877064154452796,-10.294418496833094,-4.92225943281786,-10.884914826843096,-9.746027359149448,-4.659679073923629,-8.413497374412735,-5.646760581479835,3.635661963957271,-6.797152139392302,-13.335801267227447,-8.511183752912341,-5.8718310453244476,-13.073196608191687
-0.012653268826706804,-11.947738959377965,-5.9842340629771735,-10.69906885751444,-7.100106868564377,-8.158901855409223,-10.769955662586309,-13.59830297142866,-8.47456695079203,-14.852264409274259,-8.740688744170276,-4.417618733414937,-11.064405042694059,-7.050321016209327,-16.46996094684374,-12.415352531024622,-8.186608533118179,-9.60586184127709,1.2438824850180628,-5.130695292302586,4.869314737918953,-1.9157668209343977
