script/wind350m.json
{"header": {"parameterCategory": 2, "parameterNumber": 3, "lo1": 3.000054539987559, "la1": 64.9999836372058, "dx": 0.5, "dy": 0.25, "nx": 34, "ny": 52, "refTime": "2026-02-09T09:00:00.000Z"}, "data":
[rows 0 to 24 of 52, columns 0 to 33 of 34]
4.025702688743005,4.411791774591139,3.86679028113759,3.536211138336677,3.029036108739947,2.920639154719757,1.6355637668772354,0.35595016351147823,0.7675490195678701,0.2680336213604616,-0.9903134411467468,-2.3009673153101677,-4.0993938759040365,-4.731577552150055,-1.882453947560939,-1.714709018149464,1.1116228017758596,3.4552839438778,2.896955251525024,-0.2618758626029274,-1.848341281656706,-0.5331834980560832,-3.806942845455663,-5.731845075370539,-5.131277120615612,-4.944210724224107,-5.199280188107804,-6.28740456684768,-5.804836149222323,-6.8843973711956545,-4.998816443973352,-3.299108074373291,-5.943060008274858,-4.025184040162735
4.634738236794887,4.985227212507771,5.85490898732761,5.52215331305366,4.161039610558834,3.151995888477574,2.169741364135857,1.2396589402863292,0.8648521083101599,-0.26794289415055533,-1.1826353985390217,-2.4186802826353264,-3.1515303960062346,-2.6540087766165614,-3.1042610754433695,-2.2569721331324226,-0.2685814518915841,3.7608283514081644,2.2372338181404934,-2.2476899429626576,1.0714200589714002,-2.954166643221381,-3.1160226769493087,-6.551172377761363,-5.318443160398379,-4.624950909799229,-4.493361824006439,-6.351578653331315,-6.395942695807763,-7.42238612683337,-5.862393399209037,-3.818284434649168,-3.8546956304229676,-4.952827341426612
5.357395739793082,7.0134422102132605,6.350239811357914,5.265368690539996,4.0209301906058466,2.5162916273351517,1.4728144346307581,1.347504616843753,0.549346702232934,-0.08248716475421092,-1.2718828307387509,-2.305107208629437,-2.758324989791608,-2.51695453029656,-1.8345382406222481,0.2102880687697554,0.35149677968899945,2.315568162913102,4.858835453259893,1.91360776212213,-1.3463265573819863,-4.19429561731333,-2.7842547791850363,-6.57489646290961,-6.362282382136464,-4.3571474664927985,-4.322231261557678,-5.824877311751117,-5.634913026827866,-7.602852872311518,-7.621856272932752,-6.049759721008861,-4.767634079749477,-5.078286684294073
6.9243827138188285,7.032219642362857,5.862374809974879,4.809848861805423,4.19016137170566,3.4453028797981227,2.382048583447189,2.5960438455137744,1.1101217055892625,-0.14424869948841418,-0.6173772860828208,-2.2174968563738924,-3.0057253595228817,-2.6280515487199496,-0.7541985901457651,-2.1882128666302525,-1.1927515814088605,-1.3730484022176337,-3.01072809898996,3.6908833263462717,-0.7548172868276226,-6.221582991560191,-6.660659149127945,-6.456051399572388,-6.4170090514628075,-5.460012734492893,-4.110089314290765,-4.725844139424151,-5.837479004662556,-6.5478717570817935,-7.983477242990369,-7.805096279642313,-6.442972344229844,-5.357414109537209
7.6083441249610555,7.7261855755663875,6.494896368145541,5.018385404823469,4.150173743973846,2.88336568412341,2.106197714454489,1.255929997388202,-0.23576055211169883,-0.8712720700686196,-1.5097676195531575,-1.7149237104138426,-2.025742831658281,-2.888492197295304,-1.598121055160018,-1.4395737227802123,-2.147101640273302,4.321552845019218,1.709761626598642,-4.572572687255864,-3.9823253205264586,-7.080790699473255,-4.23085798051721,-7.171789768723677,-7.771863012837481,-7.0507519245430865,-4.789445716250283,-4.442963836947379,-6.078345879870094,-6.100169319442679,-8.01626461553045,-8.792512387737656,-7.755705637677999,-5.59866847508732
8.085845980553463,8.09254857485551,6.853154278699517,4.722154852536879,3.911847488041593,2.9431652633976664,2.115219111775033,0.8998453487781577,-0.21435538725657086,-1.2779881417631431,-1.7977944845099878,-2.278608240356288,-3.0883005925214215,-3.3935337565464483,-1.7321705637580904,-3.557258454759929,4.179649099976042,2.676051307230797,-3.503723843907997,-1.7841574355236032,-3.4666613464216534,-5.666954842027812,-5.872551616788076,-6.456267831602114,-5.253810272579173,-4.39126442458259,-5.837072946535233,-4.765558607269551,-5.547521483075258,-7.308881508356733,-7.838585190907344,-8.362587995708134,-8.817570548342088,-5.4185271594671445
8.986495626780194,8.099855723416484,6.919210984634706,4.351652298135223,2.730220159736184,2.8497397842321424,2.1038418461907193,1.5901920941896979,0.07389715227621549,-0.051189266107588,0.3225367175693036,-2.5798065360894054,-2.8210702126074283,-5.023356398017484,-3.1064138249748083,1.8717486602236588,2.3376575451703094,-0.4306970732652693,-4.224285038994673,-3.820375997080014,-3.7426521812897335,-5.438653998338498,-5.853647084342485,-3.827587088439583,-7.222738560265963,-4.951085989044189,-7.589433749573482,-5.865842234481312,-6.1846937860446936,-7.632511200108525,-5.67289393482392,-7.273024882255447,-8.741561374075106,-5.692762241201943
8.628319027256858,7.569810938341545,6.489218173635543,4.441976696127534,1.866396752093098,1.5607890979457602,1.4836581871401326,1.318120462333685,0.6537304773188054,-0.16832451131756643,-0.9809407750944592,-1.1160528181670029,-2.6821475719009684,-3.8390217581018247,0.012667833614655939,-0.17233622759448988,2.740299378297938,-3.4516929281406834,-4.053108945218761,0.05628712186232786,-4.177067956455167,-3.6763229331108236,-4.187289987710057,-5.671106771510224,-5.49394720430859,-3.293690824140931,-4.867073062376315,-6.990849572569307,-5.701549269253199,-6.924017282385377,-7.240994118722282,-5.55270852834545,-5.929620992961661,-6.897146585889668
9.295308883351241,7.63284142263776,6.338304485524043,4.715774598546986,2.0729668257467306,0.05084791006355307,0.027704590208600173,0.7817816703552624,1.0400220596548764,-0.753211398621297,-0.43606963170610163,-0.8564886864310881,-0.3712860077934215,-2.363208511098708,-2.0036918747824353,0.2770132103722152,-2.5086351623229928,-3.359729277764627,-2.301513534460253,-4.50960276895113,-4.693270611863602,-3.9290694351502333,-3.5922844932008555,-5.772439471330279,-5.562251528264527,-5.650802515148084,-5.49748172930532,-7.144943505207633,-7.036190548512342,-7.215465785599376,-8.614183286693986,-2.9674859270432306,-5.571798034639076,-7.028357638133377
9.89812000701537,8.741886365162618,6.765554581175062,4.456666185048947,2.7674278861251667,0.6322221726403441,-0.552363111458017,-0.3620969651717021,0.24456296611517406,-0.683963750496215,-0.7948167893199657,-0.28451883616182333,-1.5623253769246526,-2.067447449454106,-1.7977548188460082,-3.4514355244433452,-3.324149381130644,-4.195538321517979,-4.4592896711676175,-2.978613758787148,0.27628495498971156,-3.2679909213617133,0.34273552760963616,-5.508502739621371,-6.16105697487482,-4.628293485893163,-6.022079889614858,-7.684169876567031,-8.49780808313702,-7.190970422276922,-6.557259651578654,-4.648617607164317,-4.748016643312059,-6.052421431838467
10.766533556413485,9.66617036509397,7.660874709909468,5.746035653822178,3.59745251854676,0.7835881732309217,-1.0515924709350468,-0.3172603696809187,-0.753635345623861,-1.4958962319275484,-1.504610217806042,-0.6108186905220554,0.30159128213595976,-2.2531092620212485,-3.7156473356571165,-3.6131776547317096,-3.410973007683935,-3.8086858243197916,-3.4722035525351247,-3.633624366185561,-0.6009315543789304,-0.2893676490652585,-1.633183886035748,-2.891796029490099,-4.673250957002598,-6.126490747040781,-5.042349846201004,-6.924531404890777,-7.951695970511712,-6.339754218889467,-6.294880266655166,-4.755835802280775,-5.026144289360628,-4.528611478444112
10.94241114926801,9.854214621712536,8.215318038771557,5.759072802219202,3.6579933367389867,-0.25282651911538306,-1.6478786775739596,-1.3517054941266722,-2.3647165107266903,-1.614888158615353,1.243576196335758,-1.1813726974080807,-2.347469111455211,-3.2758134853374266,-3.5118987716576537,-3.451816266980731,-3.7192166456117004,-3.5902390435499014,-3.4076442243762814,-3.215826192863234,-0.35455532592368777,-1.4216957915878594,-2.2895356143926517,-2.301904823720614,-5.09319558398452,-4.856842578462221,-5.725051945976278,-6.9511658416669935,-7.170038011426112,-4.880533216513134,-5.90958567965014,-4.459936333838463,-5.736040035451194,-3.8025433766831873
10.968644564202323,10.065050442296094,7.721425593107163,5.236485667253773,4.133071381588053,-0.9111597362216992,-1.6495652292467646,-0.5881418849678581,-0.6557359974569066,0.5020858373003694,-0.5777192086581968,-0.09979101764784566,-1.313839599469183,-2.974525303431274,-2.86324174570952,-3.7415439654802647,-4.021191789986784,-2.351788437427658,-2.292827690289892,-1.9075450561301297,-1.6061420704917457,-0.07449349237627614,-1.6950584222965213,-2.1351091150003128,-4.0751703078842745,-4.81497718891295,-5.89995928871778,-5.331772877179235,-5.776480882340984,-4.05073837782133,-5.036976433366692,-3.7256690970658646,-3.8330987852459413,-3.0203939139355653
11.175232728459243,10.672834444935221,7.6767530488406415,5.181213193166897,3.2711019394744385,-0.23237388424025357,-0.8063867510278987,-1.3094541685303607,-0.03272205119406231,-1.4825486775192127,-2.005821055342011,-1.0100589977859473,-2.2871179500624885,-0.08748592652473379,-2.150107032903343,-2.095383046897451,-3.486730651522534,-1.2332780950259519,-2.496431770211183,-2.4040948410928014,-2.8222065349773326,-1.52099652867784,-1.7445435883797207,-2.4257452853621846,-4.109507076817799,-3.7202712345249607,-5.588704602984435,-5.3753498909828785,-5.249012416903983,-3.7123004274339557,-3.096464173994186,-2.3662635702535506,-2.0662538838592877,-2.169408156644059
12.311621098168654,11.631265597441253,8.455053367889342,4.781072416731322,1.925782922538148,-1.1055919739990216,-1.1361741310647746,-0.38188103526053646,-1.1822790403000816,-1.0512264479214497,0.3926185760542608,-0.47830084155694463,-2.7150809935563722,-2.6857427680702437,-2.8109325206216793,-3.3943680622755292,-2.2463777841664276,-2.5975861689538173,-2.9324448103927216,-3.2433686286718126,-4.353282821239246,-3.7625682620932235,-0.99092242007899,-1.0992941307439987,-2.4888827500406387,-3.504870213064126,-4.209765050859833,-5.701960397631085,-5.910087095990992,-3.7778352340845855,-2.755062409968784,-1.4055587211043983,-1.3222314837976383,-1.480840942393692
12.995412245662763,12.331302503846082,10.16502344439973,5.466220109883237,2.9021956375049234,-0.6486726367034645,-0.920821829038918,0.6427436968487338,-1.0774694887626848,-0.5053109078541096,0.8631432761682978,0.5544065963494338,-2.7384989928951127,-2.971421456088681,-1.2803716353053862,-2.972129531993743,-2.3780271719147494,-1.367343057748678,-2.4444790551894,-1.4373673120512052,-2.5767878313853583,-3.1731417008233267,-4.36798571508201,-2.5339059935273314,-1.0295184386331302,-2.2278333190035835,-3.8139281660681963,-4.492203167212903,-5.597951381598084,-5.106505968816214,-3.105078133021867,-0.6328645028610149,-0.1126034150326744,-0.3063877049130714
13.554499309106633,12.74713530985788,11.368662147757101,6.252587376707792,4.845162719284245,-1.548604291650798,-0.6697141335984046,-0.9972788807510826,-3.4500431838633285,-0.3614421178261842,0.21233512834055618,-0.6038121697658299,-1.2007008274702362,-1.4319463952740479,-1.021245168066407,-0.13925051124515128,-0.9547491748364664,-0.0010936336148185419,-0.44358560629482136,-0.46628021498869154,-2.007682795871246,-3.186518098015872,-3.506726434770306,-3.5881273265223976,-3.573881476098036,-2.3400809942900285,-3.462287198349065,-5.095545681878812,-5.552456091007963,-5.544142216451103,-4.196722079827112,-0.6344206665180081,0.08723358038356414,0.38101491928975684
14.812929051195711,13.444182827455313,11.916553740928245,7.248614319016826,4.1688306410893246,-2.9391416202168417,-0.6654439217438126,6.631299352309055e-05,-0.662047156094175,0.1319434690276137,0.7137391829883163,-1.1806711600022264,0.07396033755081964,-0.3150776683580267,-0.5928453658577788,-0.29447160863007954,1.0710022868487599,0.9985095833804628,0.1753339139618927,-0.1400260191853776,-1.5367957909475842,-2.2385089577686257,-2.62025848064664,-2.6550982613021565,-3.6775901118482524,-3.565837785152458,-3.2513662256399782,-3.7067344296362394,-3.8956977001494493,-3.9959272777443764,-3.6569619563723723,-0.8955235583599247,0.25547762129010854,0.7343537956869797
15.162750775634542,14.059448402409174,12.758159824565984,8.249400048234012,2.914614653688958,-3.466102557331737,-0.05247910986527929,-0.18804049985209514,3.257704506156468,0.584964273095973,-0.28745365901145137,0.5678953234069787,-0.23227708781624612,-0.36197520653406473,-0.0020590461646710703,2.236525347243076,0.8626300186260146,1.8383040634233485,1.9017611815653026,0.7583424106413449,-0.6924116016528101,-0.8422552617089916,-1.4438176151754598,-2.3585700892599943,-1.5417667831291586,-2.8412926534823795,-4.064287173475485,-3.160416257957924,-2.2419681077867835,-0.3870132704132107,0.35194178551612154,-1.2174853490527093,-1.9090963495095938,0.3952669017752539
16.04016481565218,15.246668415819054,13.499050733385722,10.646098398983712,3.498073610773019,-0.7989106977558555,-0.3898260689433512,0.8135147296169505,0.7728220848324227,3.12304680339438,1.4216436360830356,0.947867377640539,-0.7867247328078062,-0.34541256689951727,1.375471021048189,1.3471496550360376,2.3129491050412025,2.801272113010658,1.7862883219717647,1.4934467499296575,0.5146835002884895,-0.4918773181411496,0.64007585460384,-0.7237345486675415,-2.6482011319008687,-2.6116657025298804,-2.720926374595509,-2.669305578409554,-2.0750409161896526,-1.6428018723519946,-1.2077287220162276,0.14074457715464445,-1.7265681265259953,0.4861809219151889
15.767805707102792,15.70365960073286,14.231319272394577,12.18508685746152,5.660438377788274,1.954228275636464,-1.1502865390550312,1.7712860022082733,2.2168048636654083,3.081233845008277,1.3900578204001954,2.4100901834904143,0.6616902818750309,0.045811076652595144,1.536834859559311,2.2248386648462115,3.365363915698996,2.756979000087687,1.7665309035069456,1.1873775594188314,0.4082280964864476,-0.4117780064511613,-0.1309926109238539,-0.14332824252395496,0.7856564312237735,-0.713306445245632,-1.8541495239726504,-1.0908879026795066,-0.17527718293677047,-1.0087492874518635,-0.9520686408296755,-0.40288087829779134,0.5011647798981173,1.2615757325075858
15.86399334092286,15.434196631390954,14.701802199353196,12.113151518247918,6.888862725438075,3.650894789120312,0.060344100030737716,1.6447333019436925,2.7542787980746932,0.14672676246146407,3.321436039274066,0.8992939019311453,0.09545236713645613,0.5185872534035795,1.2689687887161594,1.0615900405683287,3.474902551449304,1.9264683712322412,1.4871267550966913,1.3547798353892953,-0.18564085629571667,0.5127579957389693,0.7771945953379279,-0.21505395188869095,-0.14018174344305057,0.5775547901345109,1.8666930206785,1.846784750807304,1.4731604979009851,1.494220283050082,1.2619712192041292,1.1294633188818615,0.9984420415475717,1.627961788963478
15.328315284328278,15.476375401518226,14.414046144355764,12.314996109444202,10.417813547169771,4.2138558105345165,0.9081763296277946,3.5573748516971646,3.0231248990344297,3.87222322520608,2.1842639655806866,2.2783559882797486,-0.05508118850390971,0.6665974013157113,1.1838749885524522,0.379386052753661,3.0134280033290075,1.487258485432466,1.4142983520510028,1.3979028317746274,-0.06653559673124836,1.600037581515964,1.37211955271783,1.827983012028561,2.2656750196677895,2.5658287593212603,2.2736977937278864,2.004152340062545,1.6808519888498787,1.142251734207816,1.060935597269233,1.082667625329749,0.8902620091813999,0.8228369955998889
15.169309495875002,14.686262296773206,14.487843096527078,13.609570463342656,8.787121355064809,2.8538587465655163,0.16756262122002535,4.6457057197256875,5.505154772157341,5.107586504852313,2.8904537036641504,1.3297434522009701,0.9339230108536507,0.22695613082847418,0.1455445852181036,0.7246602952233281,1.5215917016506049,1.1040306856448734,1.4979779033611351,1.8995555176225927,1.0443225431847278,2.700534223697863,1.2040665413850578,2.448429990397131,1.9238386346850982,1.5900018139960899,1.9713081243707546,1.8583578222396586,1.376068521212838,1.3485342387807173,1.2806287483387504,1.6194409569737913,2.198541824966954,0.9720255121784118
14.862477948487477,14.861214280988241,14.289706821931901,12.794739920485556,11.362241435077713,5.5584199397817144,5.3359582297274635,4.000237293381259,5.468745403036828,3.1846960174621657,4.907647414366361,1.0228514712858012,0.12893901450226303,0.1083495856091473,-0.6852692826687494,0.173732471331418,0.6078463106307769,1.4747038605572902,1.561062084286628,1.0409834764310302,-0.3421345268922019,1.2677494565169005,1.3081131803345192,1.5135453850750316,1.1952044056134532,1.9484259132873152,2.502825022378532,2.1459602915440104,2.6502981386987576,2.809388391013044,2.6046956907278016,3.1648331959814127,2.6679562807869606,1.2323622727097152
