script/wind10m.json
{"header": {"parameterCategory": 2, "parameterNumber": 3, "lo1": 6.000027932988019, "la1": 58.9999434238085, "dx": 0.5, "dy": 0.25, "nx": 22, "ny": 24, "refTime": "2024-11-03T09:00:00.000Z"}, "data":
[rows 0 to 23 of 24, columns 0 to 21 of 22]
-1.9195085249406654,-5.160147241246556,-2.30011623845799,-2.0796989851945926,0.6836035021929037,1.07111601391091,1.7459466536409318,1.7063808356800354,2.8551605297870206,5.101759401224697,4.077396909997978,1.32294760000703,1.3695721729400039,1.064345934790758,3.6778858957066114,5.508595412429029,3.3779510967093933,1.3629100937703522,1.0610655592982905,0.7032698839349949,0.38862151050645694,-0.6351086191163413
-3.5843030159110887,-2.512693194827448,-1.3233592346211933,-1.1645556177813536,0.3171305034618269,1.6974790273662392,1.6463794310617517,5.452031000375238,6.103261782338659,5.0691260565826655,2.922551284901096,0.8673077366705788,1.173350207054073,1.6113524154784677,5.0536246697684,5.94458477518232,1.7242073867175012,1.512362902638192,0.8718344781730338,0.8365866435979108,0.4868349931448823,0.19294148554797297
-1.3642043882275359,-1.36677335409353,-0.10544997374765257,0.09855401863750518,1.5510457023301045,1.4715235386169339,4.500694163345777,5.023278727152445,3.558841929868351,2.1346846112545506,0.774847140570985,0.3153550210947715,1.0191130996002769,3.6905484571322167,3.1320293811264923,2.302787727487219,1.1777768400061928,1.7040933617079508,1.5684155802524946,0.0012044649759141678,-0.08861443083238524,-0.3532188725231436
-2.9683082478865677,-1.4000453837358233,-0.2877893204206139,0.48133033402741104,0.7960252282640006,2.3938773388330583,3.043363801590841,2.077689947843636,1.0174102663601174,0.18993170019627426,0.16005042341415932,1.011541251825165,1.2418435664896925,1.5020554870097524,2.1470414330533476,1.8327349601839509,2.051216413878648,1.4254943685009294,0.9681577564059619,0.04215501285967637,-0.28953934976068757,-0.8472258394670089
-0.8874905231209245,-1.1868723008995932,-0.6903854764053995,0.4952732725421948,1.1835906644797674,0.5425498146953941,-0.3233164857975535,-0.006918929738542408,-0.205090729236828,0.3062012538435161,1.3644465615830874,2.2875739192353954,1.2640799236683509,0.7964847333778895,0.921151070581496,0.9109134955754187,0.4891429495845879,0.35852361483071166,0.39615598084593157,-0.04057986633351383,-0.025121206034191348,-0.19683798101944425
0.8427909130441635,0.36836586282081457,-0.27359502617391185,-1.9540180114753984,-2.451025901501805,-3.0669021964808834,-2.5602193334478334,-1.3499207645951072,0.2442988291430811,1.9278994223650054,2.7297055181734966,2.9214024044251237,0.7910596234793796,0.18598449856598534,0.611853979287683,0.2037092167602321,-0.03282646697503372,0.3347027845444604,-0.04145993931872473,0.012265034559479818,0.29981320709352877,0.4280049606253883
0.9266765575124111,0.05268036435255956,-1.6388542158138968,-1.598175242067184,-1.3789793133232193,-1.6139856535620623,-1.6670053080211085,-1.2746028953836026,0.11536141114837412,0.7472571240205702,2.263516381091009,2.2499850144313416,0.3963413170282057,-0.26583452308503847,0.1254865100723529,-0.24637078291101874,-0.24467194222539254,-0.3131983500879156,0.1853678089544659,0.47313388290228064,0.25589770554468066,0.6541811499094083
0.22716439868207014,-1.31363798933975,-1.6825923387418003,-0.644843141082938,-1.1990032497178433,-0.6021178936821486,0.532541902896074,1.3928899125315966,0.4981548744483792,1.255970718080987,1.4908903868616346,1.8842573548964716,0.689551405906461,-0.21089537577350093,0.34194470262275584,0.2861683105055755,-0.07429022759346934,-0.20436208294747876,0.5895560884978912,0.3274058185706154,0.5628932593186733,1.7163332530496997
-1.232444124101466,-2.586163635435606,-2.1134395543785156,-2.1507598162547903,-1.5195641754784959,0.08512426473802716,0.24112892664456653,1.5034352021075084,1.3959073948033216,2.702134296976369,1.5475389994947113,2.2428106736953177,2.0357107013564764,0.6301868344746978,0.00738405843936858,0.034970608149974144,0.21182595396817092,0.03662602369129161,0.6004561075853948,1.0445508027169355,1.5254989021317735,1.9519671813119583
-2.300438084902207,-2.61485245599088,-1.8875033270388017,-1.782215459875145,-1.410429678485418,-0.364391916326347,0.31982460280071123,0.9454692780887463,0.8302440503770424,1.1399730956112077,1.50004186268955,3.4973106104458975,3.344665711760203,2.5458326815032093,0.5568487298587117,0.009934647309305357,-0.08258890604758277,1.3731711197039882,1.3217852906207312,1.2709861488014655,0.895544291110622,2.6932504317080577
-1.5882232061127515,-1.8018735484169204,-2.1224424635452044,-2.2350031011248648,-1.1233235199409761,0.2011176713738782,0.4931369657993456,0.36370472679179927,0.2611911240002908,1.78486317121145,4.369315557165643,5.061561537495969,4.391020937606909,3.7376405328441575,1.2341757429544895,-0.01508062410378826,1.5953284237588772,1.5841888300810418,1.3745537320657926,1.2048694528495365,0.5183399759855655,2.2685761227708747
-2.5665556814333597,-3.083150904364488,-2.7922490508417823,-3.9560859686854055,-1.9312603804933564,-0.7175195064810294,0.01147198364894536,-0.18782152569816365,0.5936229991186542,1.8081011541240413,3.3096036119536727,3.330385160782259,2.716470421206666,1.6845005675400273,0.5915296028645814,0.8830498275734942,1.1896158233398146,1.0248790499847835,0.9008835368638924,0.24707182960528276,0.4735555616967394,2.4637633665514524
-2.6178026094267657,-2.603336588461748,-2.6723005437188254,-1.2703257142107256,-0.7613766022039034,-0.5252351268290487,0.29958876219659514,0.4964240012342072,1.9323949664603821,4.983899227847545,3.9755366926578635,3.2759841286172504,0.819934182635743,0.7141708018719743,1.2227227908193659,0.8601406638303,0.9314563364601719,1.2086851021091682,0.3681418210021721,-0.47458056177945174,0.5030991618062522,1.8599637458488818
-2.1326960103634223,-2.4951490954341677,-2.61279190537927,-0.5163024909053003,0.12133657209505248,0.2874741483892556,0.7459738661524707,1.3878979441695969,3.613809521780386,4.404935819135027,3.227894910923283,2.248285038241383,1.6487177959049832,0.9305222216280412,0.9742947927149068,0.9366542113629007,0.9282604411791272,0.6589934096648844,-0.03496441557172996,0.9536039882699183,2.507257801417669,2.7199840500430144
-1.2434638783693086,-1.5623520649211926,0.17957075941809,-0.020640762916763197,0.5675659355608962,0.3656501954391671,1.274788127628973,2.9902690362169326,3.3300106668316674,3.0044812054213375,3.353628739622749,1.4140603172689699,1.323611958685699,2.9434939823445445,1.4516728839204263,0.8456613429918687,0.5906947310648077,1.437888832625391,1.7277644929822096,1.9922904121712577,2.1336936521325707,2.599390849874337
-0.08721230437388748,-0.39587708022812307,0.05992843039147648,0.9497224108686084,0.7998577615334227,1.1900931296685398,2.187255271358183,3.210772043426467,2.5755938444342306,2.137202780686898,3.3590233454421243,1.130489740538228,1.6103483328685761,3.035339687896171,3.019811106845046,2.3213450543971725,0.9566174527782889,1.268503932378006,1.6423874710667052,1.9732987666003925,2.888609026389437,2.4257576246389334
0.9712088098483854,0.27171541760684287,-0.5309935088730294,-0.9942647671673389,-0.16624111090666416,1.8256971121992414,2.6244835041873094,2.5063162532516587,3.2796227694745133,1.8402452784408385,3.421089832495364,2.9421787070005814,1.4824526616669618,2.777474873098492,1.487750963351287,1.3726692630974084,1.5563685832398295,1.0882062197070956,0.33079042690556126,1.0438353971238998,1.0088085037355237,0.45757382852073075
-1.298669414115051,-1.5081178264011081,-1.4075153686051873,-1.0361083656920516,1.1699164804102278,1.9436257803342711,1.3190824108347678,2.3432279875434063,2.450142299367392,2.8641615798553097,2.8571231088184192,1.251787994200252,1.405475812718532,1.3047734463070473,1.1467419025848142,1.2312347580538092,0.7171799414583278,0.691656277347536,2.6125361578839597,2.0873763310961797,1.519107985706272,1.5892726878697974
-1.1990194347560794,-1.160481692769932,-0.07206140574369989,0.82242211964255,1.204109104328063,2.2541527697158372,1.7016583218534156,2.10248709875188,3.0316693044403022,4.324844462513377,3.2343898439685193,2.5557333520041094,1.2520146358846178,0.5661605419467581,5.3922064033494035,2.7065542892975567,3.330728975320116,3.1316128150379807,2.8943996498657887,2.499303295793997,2.3719368370344376,2.5530083666310586
1.0590687876481935,2.059196531809669,2.18882794268419,1.9910671191107525,2.1573270285364217,1.702675534126856,1.7065051971947618,2.1579042384942073,2.6699106070053236,2.0685604185667885,1.7472141677409052,3.6432000480498745,2.4683673615587014,2.7064338500660914,1.9925350983539956,3.607037097576518,3.784323552208972,3.3111540408008295,3.6397271490421317,4.405029933642986,4.897063886436405,3.339850040177826
2.901226218985177,2.732931357844052,2.760336462010116,2.202815520276326,1.7437106164415037,1.7517867654502675,2.508280934993614,1.6375595594285277,1.7519508635324914,2.057699400814595,2.7144216876937795,2.0134672385196257,1.6516234639918923,1.7351148749722969,1.4663755283125026,1.9398079245054098,3.065022870496995,3.9494040277428906,1.7996086908077762,3.2590105557326186,2.624369981574667,1.4142189405806809
3.453085412402529,2.8147567258407546,2.2122299071009826,2.006086795771205,2.5050209915701243,1.1361110787406654,1.539916513081848,1.0501944346181602,0.8579569742356955,0.8573817395447455,1.0238019875055155,1.1069421814999552,1.7044481239439921,1.3386668625582807,1.795767394325482,1.5795579295855895,1.9976632471150009,3.130257584881841,1.5616879314949288,1.44975803001611,1.5092260315350485,0.8234361066974514
0.33748255472925826,0.32478566777962403,1.455616122312948,0.8269021914872721,0.42220914913948066,0.7086794798547508,0.19889933574313182,0.22482448415662565,-0.3260467137468035,0.27748587245052203,0.6524313456255902,0.8921772554342785,1.0273616962185255,0.6680067975343454,1.3054383160658534,1.525739952530802,1.4853484812120612,1.2999340671507142,1.2344306262266658,1.1372397592276173,0.871488579743954,0.4127419184094484
0.6908092991053789,0.46604838867141113,0.7945135693616784,0.6078216083395027,0.33058328227020756,0.35783717855175307,0.2752703127329796,0.3892743658566658,0.06750493877775401,0.6092346953640796,0.2180773940917835,0.6727853201200074,0.7535565604204447,0.673392209602459,0.6632771821094804,0.5809395450065354,0.6680058600616741,0.9516883414897236,1.0589896042051703,0.5122351906177293,0.4456609811733726,1.1829010479161062
