script/wind10m.json
{"header": {"parameterCategory": 2, "parameterNumber": 2, "lo1": 3.000054539987559, "la1": 64.9999836372058, "dx": 0.5, "dy": 0.25, "nx": 34, "ny": 52, "refTime": "2025-02-19T05:00:00.000Z"}, "data":
[rows 0 to 23 of 52, columns 0 to 33 of 34]
0.8323139997103893,2.1876806144427343,2.897681465426618,3.686948722561176,4.075244647980361,4.312110569212206,5.111116969443642,5.540558936747145,5.351852678351043,5.826230591878242,2.4571233023717505,4.423447851394537,4.689667224422015,5.263174565746479,5.11443160858995,5.223801223700397,-0.46279613556322385,-0.2644227287678977,-1.7377194352192116,-0.8003970928891277,-1.1365413111237737,0.49222814948111443,0.3208761845645619,-0.9844111695929991,3.5929580381770423,1.0601091201893689,-0.5381204802438612,1.0270850627461756,0.7647266408984984,1.1475424683654094,2.2135641272031403,1.4480143645032846,1.239413697628551,1.6259489322445528
0.047281549449780164,0.9795819458712611,1.8000441820185864,3.056205134769837,3.911168454095171,3.943666522247103,4.906215866969821,5.235846716927839,4.614481519192553,4.748388453646093,5.022950456871948,4.5136870474499995,4.515210724571719,4.776852749131244,4.378516923875854,4.506192761108201,2.24700690742569,-0.3290902582275875,-0.864341847428015,2.819473870853881,-1.259700572539554,1.8291676811921171,-0.7962673608334403,2.4194899959814107,1.128314474124218,0.7582077310518255,1.5518043836503386,-0.7335219699307707,-0.14010128587328838,2.503442580341594,1.1301209855480623,1.4147814894995678,-0.4682515865616149,2.1930908468462804
-1.7876669102667844,-0.6377362931521012,0.4452229405479516,2.100940038907618,3.038041423971286,3.825819920151551,3.963650747001219,4.697692893033004,4.7958249771992,5.255739200281503,4.833423495333641,4.496117503893475,4.732505478399127,5.039142674447646,1.4061222907235496,2.6234499840775753,1.5842504925703655,-1.815389655250461,-0.6873622933463354,-1.4808612094810627,2.083241781729592,0.9693862476642491,1.1426362328019153,0.7545356945809444,1.5892229199153847,-0.13449162661725336,-0.9487509942673736,1.2249706813089407,0.3886769872368034,-0.5515592393264013,2.0142378965111187,0.6733175130031894,1.6560800672681302,-0.29013419930136414
0.21972240547670843,0.759994353869394,1.244029965452829,1.149172139439159,2.2975558864499024,3.329840618714992,3.827332861989383,4.392849142876338,4.866357982216203,5.016327149450926,4.628158081520656,3.9242171308957374,4.670790894595583,6.256607820259083,2.053648890205651,1.8320768784277353,-0.6131191505986675,0.2625840367594859,0.8687958358092954,0.36920490438505893,1.0278689359969402,1.3994287751636167,1.2204667477998126,1.215395570461095,-0.8151198955674026,-0.28729509144740917,2.149813199386633,-0.8895608307363567,-0.45061579500469356,0.9409440796873234,0.505285731302362,1.8685457011912407,1.913935441377056,0.7562715428546642
-0.8598046149712271,-0.9598734951630667,0.14006369593113574,0.7949267175193006,1.8022517713520654,2.832127258565181,3.4485611091634154,3.8252856430961115,3.9098201181308467,4.623510297703003,5.284965838649729,1.3563461325270898,3.2391401406762568,3.992558052404216,-1.2879649908808948,0.5167409202329755,1.884905969473937,0.48806276266698223,0.2503537216204305,4.624922701990431,1.7615739537015982,4.196102292677405,-0.6570420664335078,-0.6161004726933148,0.5706580533035001,-0.7657841097218904,-0.17176897806398309,-0.7417368306548779,-0.32062737059464713,0.6725460228249297,1.0651010142594854,1.195311135293032,2.0008277918125175,1.4252433827590152
-0.14733745027751216,-0.228927994729182,-0.19670881536130977,0.8223004093740226,1.230681788196739,1.667337249525407,2.560489245227704,3.223889293892421,3.269491657687474,4.078923078153885,4.719033919483787,2.843767367341642,3.4124332362737575,1.3460694329333875,-0.418576109414872,0.49296859166338974,0.3284761464226724,0.09109264048803373,2.120091976604973,-0.7279588109199799,-0.5968685424965069,2.0049883512148408,2.3743076318125826,1.2382612899618586,0.4692061418096125,1.1196494953492258,1.1788237047081955,1.2067770943928067,0.24945202370100705,0.47683515738292115,0.485318256835277,-1.1216900435604336,-0.20443426707677295,1.2562259860225709
0.6094871549394911,-1.205149405758104,-0.4143562822349924,0.17400701108303226,1.2239473514887416,1.8313922278273167,1.9793547041380928,2.318635714387646,3.0130641101715505,2.566722952920512,1.3525600195383167,2.6156415174918677,0.505616200085043,0.8795044212299727,-1.193720612919955,1.764161141785673,0.6069543989826549,-1.5711953215172623,1.2201591419490108,-0.8386309314768939,1.4152808357496611,1.8149469319811231,-0.21227293978101078,-0.33032054093508084,0.9178095287703429,-0.4327919528027172,1.8139351240156965,-0.7638447908513674,-0.29631673670823316,0.7440114401392005,2.714993678010829,0.6057824663514337,1.5391570631493252,1.2826831359148294
0.7717328861242466,0.18315772233542638,0.24103496263199156,0.8087554151829947,1.4933222599778788,1.9653650257283033,1.784454052799884,1.5264523543611848,2.2689730659237455,1.6226853331166526,0.5139231047357423,-1.3907712415748525,1.2668293069372214,2.204705510840994,-0.9520742452780215,-0.3358917059710276,0.33991693250879385,-0.5481453267156747,2.764573629514637,0.8692622761627102,2.3761948945220066,2.1189298905047305,0.8495510000734529,0.40727374444489484,0.2757690282264539,-0.20418730661591156,0.9753360914406952,1.3652511102239793,0.6846248259823831,0.9896540338594189,1.6633766624659545,-0.1827251609812454,2.236747880648555,3.1418360877191773
-1.3688213270282812,0.7541175408522877,-0.3738301040493891,0.8494136016481691,1.5799264691965704,1.9544735057069391,0.1114911772932705,-0.28396950248992,-0.9033324646991382,0.16681909804802852,-2.412733117473542,-1.3250321381544716,-0.6378633147288112,-1.1117911320208589,-1.1459871286211423,-1.1136030510704698,-2.9366784504855574,2.504736487093936,-0.776559787992618,-1.642170817136171,4.297127261799217,2.711371365676066,1.3765450373940196,-0.7328976059919179,1.4142376800684306,0.07651666826561532,1.6595519069978233,1.2182676354408855,0.3738922169334515,1.8665977900951005,0.3791644978239466,2.107274441938427,2.798048517290463,2.2827404153998385
-2.6672178921965823,-1.9430895590802941,-0.773279431862238,0.7756165230661242,1.3741056611255447,0.39562848772435516,-1.5013760100863056,-2.40458521430861,-2.482023467733082,-0.5456287552275154,-0.32836295007293864,-0.01409940348908349,1.2237536806709541,3.5647535426485497,-2.7053547195495957,-1.5348260178724613,2.1010885022706183,-1.5844296268817182,-0.7867509492860743,0.45307417053805443,4.12905778941916,1.4055393443152842,1.6004831464962126,1.1072425032041173,0.5494986471538675,1.0114637781943268,1.8119636664423606,1.6931719684865272,0.5740299418094363,1.5287122502050052,0.6901559444998613,3.5891622748396736,1.9598311829757507,1.917936621473693
-1.88940371352479,-3.8423246855694777,-1.4696522399520475,-0.31294997601740066,0.7419718295944209,-1.7448936789382192,-3.8336462974926575,-1.0272142560275144,0.9568802236763203,1.3628304516557341,0.24077294492412718,-1.6102618697155169,1.9815533330910775,4.462564522037413,5.703592584589657,-2.2649181894963726,0.9903200112348364,0.10293024066338974,0.7616892587653017,1.195029121150785,1.7285695022088887,-0.4024261658531082,2.073212632933478,0.4410004412027092,-0.653026907086385,0.8195325525023217,0.9503707631626009,0.21485300428234,1.3880924742077037,1.2022930251417239,1.6007137443074,2.3170772583677173,1.4438414516580187,1.9246337775438431
-0.8576842793786096,-4.415954616124739,-2.153679317596286,-0.715815041344524,-0.23382638072932338,-1.9913336681407832,-3.7390474278340284,-3.3740566375640437,-0.6964655498223626,-2.818743655256292,-0.508971403553881,0.7137997483920361,-1.9790477010822811,2.506028215515332,2.357632023174416,-0.8311315485207945,-2.376773240477685,1.0244918717304046,-1.7157422930827104,-0.8995702999120607,0.9896528548304999,0.17449338908565726,0.4692484009389674,1.560327733459955,0.4520161478518979,-0.447875778326196,0.7924551260896833,1.365194163492559,1.8268998223848354,1.6773989431859664,2.376537338038381,0.561215225082933,1.015882121362668,1.5740018539160616
0.3562473811962637,-3.6045594573519755,-3.741571660023433,-1.9765363599112247,-0.7656290270670368,-1.1842041900525562,2.915537524692962,0.3160302785197987,-1.8987363489415756,-0.06397697308181567,-0.24122953698810817,-0.5380312960493626,0.27405287827699093,0.531619304014971,-1.709171032073915,1.93284321306198,0.22870323252134736,-0.08088600024146331,1.6301642529129168,-0.5669514139061055,-1.3781341194370682,0.9712186396423375,0.9736785854280717,1.197693928037352,1.8289406454883657,-0.7577183254452869,-0.7199853301791582,-0.34758878160426376,1.96907129409622,2.3564034539370913,2.093155292749903,0.8785961467764279,0.8228009046278667,1.2045861872975232
-0.3466837459325134,-2.162891668998727,-4.574848738134348,-4.57391488838941,-2.1402287076832986,-3.693602089454811,3.983024829045254,-0.1456236991475945,-1.2762599623231723,0.293141615618914,-0.4198830933360258,6.101754923254327,1.2586723733091578,0.4166805300005799,-1.1999326751933974,-1.538254160325149,2.044267697115765,0.007726246745066558,-0.8100026364818824,1.3947703631788286,-0.3902361644643712,0.888270109865401,2.808894357559166,2.314046279762785,1.3991751373353885,1.8314333353078125,2.4677367667491232,2.0467752299386484,2.3136216789382082,2.9614812519142735,1.4197302294025287,0.8266783229333233,0.520102394590331,0.987847417875042
-2.2350634110441323,-1.7989945368699582,-4.366698624046966,-4.152605200597884,-3.345363289352418,-2.887485740435649,-1.269337312394776,2.2545132973494177,-2.205438029935916,0.6785903193149131,0.6880168806785838,0.3316800173965248,5.883358121124263,1.3050485787589652,-1.5351350068181115,-0.01347655878746201,1.1735748750247446,2.0654832861442647,-0.1294107478258265,-1.4710083010643797,0.5369859216483198,-0.36796576871923314,-1.337860400507811,1.9601264706086938,1.5572293041079832,1.1591024223256245,0.18923967539885125,1.3512904035986806,1.2314133845613524,3.070987338550644,1.2713882453728342,1.3709179447750046,0.8246687917359609,0.6287560583727297
-2.865589565008602,-1.4212415479568417,-3.3553361577936736,-4.126331185872414,-2.7094700905009916,-2.7285930900258664,-2.152958511471352,2.026325999558369,-0.09185717809745256,0.8023889857892335,1.145814691717949,4.984011808066514,-1.1029683506018693,3.753026975227904,0.7414544116969974,-0.5734973773870464,4.378024297243932,-0.8146341483575198,0.05963951670523804,1.2237185166658249,1.7035207124779284,1.6389613871195159,0.194404860969363,2.059330484049098,-0.07086747959465821,0.16261420680531707,2.312915978282775,1.4322508471987843,1.950349869758013,3.7389777823720127,1.7343600800899974,1.8455102218446233,1.2909404296873812,0.6150594738233145
-2.877566138170183,-2.7996438457263855,-3.1169373936295695,-5.245793966937185,-2.6725113316105946,-2.694759427068152,-1.027885975838526,0.6456434217220063,2.2685924728410582,-2.0928699929186325,4.2293711629524795,5.334565680991664,2.0105224077874073,1.190785792040529,1.0858761144142943,-0.5296860064737571,-1.1445201739201747,-0.9685514139232986,0.21020179097309696,-0.07923094389643594,1.1294528450661077,1.9187492561254926,-0.8928492920065346,0.33747720905402256,0.5450768658623087,-0.6812756842598051,2.2382198643014504,2.1330333980495157,1.339059778392758,3.4367542976222043,1.9324027765447638,1.7000838335697934,1.9308791501385767,1.2541510671765936
-2.823147666144175,-2.9066657820085977,-3.873846873188538,-6.523717533187993,-2.809789915704966,-1.005926389252932,-0.8296067661255799,-1.1546281958029916,2.398615918586668,5.760903885636997,2.176531942506122,0.8729511892220031,-0.532144392743326,1.4228967473147585,1.6854346892600318,2.3761139668102214,-0.965168220833099,0.4593896346756901,0.9095292529511511,-0.561748996616487,-1.3507200893346225,0.9237509840418747,1.7001915134435417,2.168206862679908,-1.1977810193468894,0.24391948775768824,2.071158580018603,1.3006266233243826,1.4913352258707042,3.0755662383356546,2.8370460035544096,2.027589491036414,2.1654260298237524,1.9116844189439357
-3.1062832824022477,-3.096770604659355,-4.4213242930162435,-5.451126319393252,-3.862349745845085,-2.3260165797041994,1.5348546880006446,-1.7854354132520183,-1.943279256801554,4.303950653266781,1.9848005562631472,-0.07486906491043145,2.33285263538986,-0.6686769838530577,1.9398882142826313,-0.6063486683176513,0.21030528789658465,-0.5571304163069485,0.29562890658075736,0.39314016144097225,1.1291576950603563,1.4933786656326566,0.6994652306048003,0.9107157759566836,-0.7463572769001416,2.075349114821523,1.176916577849314,2.0157737830594855,1.575294787171057,1.2073021467811507,2.1840482677296325,3.939427926225471,2.3857060969379114,2.9466461049927726
-3.017972206696723,-3.544714128617536,-4.6549501499440415,-5.578765827525619,-2.6212143845121685,-2.2479743814342483,1.4775093913511856,3.1556613364757387,3.1320242510820124,1.8188483361496124,2.4755296916276195,5.30173663259806,-1.324670956614921,4.755822179219966,-0.10479078517933989,0.13898492965535494,1.3829605435582835,-0.33579453458848424,-0.3380907079866644,0.1828723883073931,0.2554249994780132,-0.5652514014831393,0.0862168085987485,-0.35799309272837376,-0.7861205175051583,0.5454275411665331,0.08683877875464023,1.1593969494699836,-0.07551112315935313,0.9446046303543367,1.7772539839539487,1.5521820389330483,4.791115229130533,1.9139397828028206
-3.0466589069853374,-3.802254992816935,-3.1455517490220273,-6.248858867669555,-5.274895856700267,-2.115078075935668,-2.045225331271288,2.4516309958605036,-0.9918843314021082,0.43479565854834457,-0.14682560417733556,3.832076818553442,2.4351976362374272,-0.00938025619509537,1.162992891080483,0.03884502711663642,-0.12877975185810095,0.34328862553772527,0.9396881836727852,0.31593275433332185,1.3045109436752649,0.3366110756749619,0.904369432236115,1.349204811725675,-0.5819660085690908,1.5847765621422225,1.127253723193218,1.631371493854972,1.2977632341202576,2.0185541996856617,1.651764335264335,1.730474143821533,4.338715681880908,3.9965732871896558
-2.9786641566273646,-3.640722746391272,-3.600179757594575,-6.6457432546469235,-6.892603708399158,-5.140581326239146,-2.7759160406122274,-0.8148390890722287,0.21407211568566897,1.369577882406898,1.765868551129383,4.137911506275196,0.9128502098953101,1.544201446969066,0.4888086608561524,1.107369152884887,-0.1621250884697309,-0.5119951870699054,1.41273718266111,-0.6463484624131959,0.6580578854677327,-0.9441800223062405,1.621605285914101,-0.2726030305012003,1.337415733612602,1.4081803926349066,1.2762547266207258,1.697343597720493,1.7162371074725034,1.5245617245940504,1.3707460365835296,1.64575044753528,1.6877238721154757,3.6117191863943883
-3.2941266027692815,-3.5970520507457358,-3.921501834147461,-4.365227120240763,-7.253253058826874,-2.8903663669546495,-3.0233735959529504,-0.7218044321463761,2.405651355435563,-0.9404370110601343,-1.2423291174850482,-0.8617291089482865,2.400071213555706,0.831466505634394,1.5701834643301704,-1.6156109121068327,-0.7015692145530371,-0.07434548866732997,0.08531683240173854,0.6582570661322811,1.1280633815387953,0.8217012620771247,0.058818239820261756,-0.5548813247973937,1.8109895749102154,1.097228520143942,1.135318306126694,1.6313607863219195,1.8241358417294413,1.8527338772574047,1.8259619278061088,1.9538294766731543,4.64056750943399,5.0550591298214105
-3.1386935365907993,-3.6368887516982253,-4.210528480077999,-3.758423685462001,-6.918006420512759,-6.627762387457469,-2.0614081680784277,-7.380482538580607,-1.238926803413544,-1.863301085336543,2.1096708935713484,-1.290045430709754,0.1474862166421903,1.671158177893217,1.1891364369897446,1.9016843832764525,0.2695233246667919,-0.8896449858563633,-0.2986517296947794,1.967401780211436,0.9002873644446343,1.1394582422489685,-0.15237118426706192,0.9484494629835838,0.882060951423373,1.1619667395765283,2.0252907412329284,1.8605039245851946,1.7550895310756918,2.0620000225815316,2.250065668204683,1.9569029580490862,4.781328610850806,5.1985371243868865
