script/wind350m.json
{"header": {"parameterCategory": 2, "parameterNumber": 3, "lo1": 3.000054539987559, "la1": 64.9999836372058, "dx": 0.5, "dy": 0.25, "nx": 34, "ny": 52, "refTime": "2026-05-23T14:00:00.000Z"}, "data":
[rows 24 to 47 of 52, columns 0 to 33 of 34]
-1.5326323292074122,-2.74525480814182,-3.92925025680633,-5.01975270341258,-5.110967909777938,-0.7004469500221435,2.369019413301412,-0.13723814495316,-1.3610036230641525,-1.4824205016145173,-1.3812924989589834,-1.5504890283305162,-0.6763260399760663,-0.30806548288846375,4.537449857300749,3.8085064338308046,4.710135932931916,7.113564979957517,7.230554177958659,7.985053768124055,11.61113591112307,11.872441591914912,10.067306031124353,5.691664754454147,8.344828923961783,7.571358225940074,6.054916692668144,4.808180828825098,3.239591373160648,1.9562781833332312,1.630899353109813,3.8490270186317175,4.740330126686726,4.315962143286688
-1.635074118208912,-3.238691857579127,-4.381132027341913,-5.526463265370964,-6.268768871933365,-1.2318930020353571,0.29974618911667766,-0.2639782057468475,-0.9363438555679734,-0.8654893390187788,-1.1608790761133547,-0.8190838107044174,-0.5594391198484424,2.3924953736167938,4.558589658622845,3.5252806252362743,4.926685546885657,6.613284233447517,5.854843223780005,6.77590788068863,12.155106695261589,10.540220684417054,8.66026962941173,8.448984145626808,9.283878520148807,6.401285159088727,5.122718829669598,3.796808602111749,2.6620594466448133,2.514760094320762,2.8996316802827105,2.403530747541,3.3460051601712584,3.367851070558916
-2.6063627755569447,-3.0507341741979386,-4.722357863825948,-5.82954922292664,-6.8366381039929776,-4.724259118467325,-1.4345371985470317,-1.6722356346410596,-0.5207011195549629,-0.023460554006956527,-0.5374289512388518,-0.7709336480276212,0.5929963460466177,2.875297101468591,1.8187893957557157,2.856112070132761,4.687884203806563,5.614917215010379,4.459630640433367,5.673586155490054,9.776809252318373,8.911994322869134,8.15981233383105,7.690258956664946,6.96796108478768,5.667428184898049,4.1137029643925365,2.830202792082587,2.9381636476076642,2.3939890705891647,2.1617479933971815,4.103748826005177,3.672228286600179,3.883033693359849
-3.2308066066985526,-3.9207840663711453,-4.759365932570847,-6.410640135301468,-6.629275842168219,-5.947087898828551,-5.98409729678691,-3.0154099035262294,-2.6450418338558195,-0.6142893130260871,-0.9413942510239864,-0.24616137123877146,0.7447300550967414,0.5717746139843978,1.2313315403659073,2.6420132865650436,5.806837497871799,6.9356279440305775,4.149495395805525,7.119181878185433,10.191232339853746,8.559905928375255,6.934688319064649,7.912716996156184,6.582806729322794,4.159138293986143,3.6138489608075925,3.179856331163726,3.010869351513549,2.122221702102454,5.2492737173674,5.973430122744526,3.7444683131974705,3.7982579574201965
-4.012690473711915,-3.97481544065094,-5.236072143658549,-6.122629645196862,-6.120007094817321,-6.018863585310679,-5.733588960250335,-4.548064215035789,-3.7387669634384073,-2.69942776891909,-1.8869417524635317,-1.6108487710666404,-0.2307235681539915,0.2533053229603052,1.0535471037672095,5.225073994052191,4.956114191423105,4.701761502957758,4.175734911323349,8.136677015307683,7.917241691296044,7.134983436604562,6.360534902461143,7.454942046498344,5.463869368825965,3.4277056058292765,3.862602655215733,2.694637016814723,2.399430241409729,1.6048507662708353,4.837397839724584,7.03759854912587,4.620847727193729,2.7268538735406818
-4.297305970833176,-5.727170273586274,-5.415076547018536,-5.908351634693701,-5.359167246300065,-5.3519041613604985,-5.939879159243574,-5.914818621054243,-2.4850672003937126,-0.5301412813496521,-0.7389237154953583,-1.4638221240653142,0.4711244623212156,-0.8156655215806332,1.4244659818138776,4.347757060262204,2.327619580321863,2.795816615322698,6.196830160660384,6.7345886678832265,9.213697759423157,7.423934026065263,5.655630594287761,6.409439963258094,5.0385572809930315,4.553499369717132,3.921476165071253,1.7713464356490352,2.7625455908569014,0.9520095844846261,5.405183964382478,6.2005737102935345,3.997736529346195,4.615503856165929
-4.027205695494293,-5.294110569562678,-4.860506842830501,-4.709153722108543,-4.500465926061011,-4.195898618442051,-5.529840673470135,-2.6033869998604655,-1.8687368608452046,-1.6111181506304906,-1.2217553183868068,-1.6441818993252222,-2.046114654198147,-1.2981189255138013,3.207672696032057,2.1239855397808496,0.7871619882109064,4.600996273537648,7.054594776726734,6.7516493751831685,7.598203144721998,6.489803024653102,4.325043917183731,5.784971300756495,4.782811251685576,3.6657587430796443,2.4524247100916066,2.419293709086671,2.6981831344094376,3.1939400189838096,5.658214596520403,5.531379302717731,3.347259999538039,3.5737766071719657
-3.5917947086336355,-4.466294933778249,-3.989092551209178,-1.9362904413711621,-1.7449868564272082,-2.878427055494729,-4.506213069055724,-3.289167613848732,-2.4125278686817695,-2.685857055410005,-1.7325968473972373,-2.2431748141956964,-2.681459847908522,3.3115075393453632,1.0275700574853728,1.3459769068706802,2.517233664217014,5.721305363417731,4.968767716812931,5.35836220648117,7.493937657404877,0.20718137141051052,5.296040419824052,4.979018467596768,4.2049365308360365,3.2041119627386436,2.109512448869439,2.26559854187982,3.1854676945988922,2.4919047011171616,5.062130094551389,5.595877408065716,4.286435982001802,3.359832960939852
-4.881956154415486,-2.6979355569214754,-1.8329570696815976,-1.3516754372654864,-1.2783507740052986,-2.5802063786945406,-3.782081652270144,-2.579542684196348,-2.566024527568344,-1.941806506027906,-2.2923682955722753,-2.9667674260098575,0.2918408510029283,1.398031192757592,1.1672747588925265,1.1580982239553983,1.4921437199027787,5.464088138464006,3.9523975411203494,3.4308464552315976,4.43499031469985,6.2583102772079915,5.278920360684422,3.4273549021807597,2.1153867961928032,1.8807527588067798,1.4896816589218442,2.4945575577433163,3.5297064458109766,3.293465951140992,4.905239040963242,4.117956940246333,3.2532773617822133,3.166611457062537
-4.48984276331907,-4.562388964312813,-2.816799085682692,-2.6335992862029047,-3.5810243796779515,-3.333828872247022,-4.00688425653667,-2.3361102053465816,-1.899083860795453,-2.8174698972859122,-2.335688470247817,-1.207181721229129,0.5239542158765812,0.8597474081052185,1.5650260668699807,2.4921476023906104,2.3688077395032208,4.779513485672151,4.879834684645022,4.537035821002316,5.115213190327131,5.235830151563755,3.456497801654597,2.2845904919257873,1.4438855945548983,1.1411012280334643,1.7103094679738609,2.8852079486940188,4.519757035429119,4.060489925448885,4.321701683904914,3.4287163154234648,2.443600035307588,2.560575260842692
-3.8657872901744286,-5.054705138306919,-3.85270717676783,-4.028142551136148,-3.147926850557568,-2.9064558938315566,-2.963406226351463,-1.8112649865476895,-2.7585195777177716,-1.7896718717356226,-2.1345734616716387,-0.41246833823758466,-1.3357130895524967,0.7221800371339347,1.3097614897036365,2.7848369788125056,3.7361970727458647,5.799583547300771,4.977948588089708,6.125334804786509,5.421150348935755,3.347937745778753,2.3974909590797564,1.2908358253731753,1.25263113853158,1.8576328762760106,3.631241127840399,5.093816358808946,3.610281281665973,3.5837873437639565,3.6716927259663437,3.1777393881221303,2.4224014919201853,1.9149547130158595
-3.6088475994189855,-5.421962271498918,-5.992149069024878,-4.206974714278022,-1.7519975696308074,-1.358944320901437,-4.107219084105987,-3.5183398859228805,-3.14482469048603,-2.9584306024031,-2.357423474936597,0.14446944328928044,0.696600400109277,1.7376028001290347,1.1396299190373107,1.236263751835747,3.424145978514721,7.406581922207962,6.445446469543277,5.073348314098318,4.8136300070975135,3.5854216881355017,2.283814846685554,1.5260726558848763,1.5879985487314117,4.928445696575991,5.210742383326011,4.78114219514496,4.329790643909327,3.995426796520922,2.7849631512905564,2.471696580886792,0.8542359122843911,0.07122350472552828
-3.6680194469321346,-5.044908950128149,-4.445619051113852,-2.1575463552670398,-1.108966695406154,-2.4807397383738,-3.984417045255381,-4.694736252523847,-3.573991591417634,-3.068682969908387,-1.8005144995974978,1.2702646050493924,0.42460844056668035,1.8307369010768857,1.7063007877416771,4.630180648395179,5.71295809111997,5.124199817072653,4.804813212781713,3.692829978586662,4.111299740067872,4.628916028395928,2.332110607571711,2.0203639922959993,3.512667374762466,2.493800267171903,3.371001908229561,4.143172045130287,3.9056083673799895,3.449230714969731,2.385983394446967,1.891282527070175,0.7188452352191614,0.5206950742061395
-2.9940383342295074,-3.24869748365095,-2.998511331509335,-0.7099819502036252,-1.454195817239935,-2.9867311206741896,-4.184154002214646,-4.576544842383175,-2.312409289493425,-2.3712692677330764,-1.9518262536949322,2.001654515500935,2.2067049780427754,1.2726080002762494,3.306293065672071,4.782034410189206,5.578575097661873,5.054799418609676,4.812684793937253,3.6048881065920892,5.394255594874718,3.689939521824346,2.3207123072856612,3.5863885887953715,4.070170274985138,3.171035982538003,2.471723838424477,2.6121354197961386,2.532328471558557,1.6475450856957734,1.5528119984718223,0.7570944015689324,0.2942019388412776,0.3998165868134671
-2.625051071338778,-2.1994732273331223,-3.507515694906432,-1.9490040999199356,-3.102318591480462,-3.458793326779607,-3.1509281412621584,-1.6187372190115563,-1.694171660147898,-1.2971973078881966,-0.33046095369287737,1.211323300556475,2.0068655670170905,1.9847259205668253,4.739308461661667,5.430303147046834,5.685346248710258,4.937200624396428,5.089976977986353,5.020814015747295,4.645723762802788,3.7995927501523914,3.0412208967296976,4.174948496765266,3.9844784705368594,2.977440254566268,2.886823233932166,2.5176853192112034,1.3625784640438408,0.8518887515388393,0.5598131768192868,0.5398513291375826,0.3079586948390331,0.0546173918869517
-2.952670525083373,-1.2579656323333992,-4.290037564725173,-2.43191194183117,-2.6216423850258033,-2.581620200089847,-2.293351045914577,-2.145118371367489,-0.6661879523667446,-0.1171849820728305,-0.4871074323129083,-0.2466122095104517,1.3910855270742186,2.6041242642067295,5.982282449299229,5.690635964555038,6.763775930651352,6.661160291977415,4.739521156781972,3.609623371388975,4.169884412050656,3.613307853483033,3.117362800785452,3.8470510891391703,3.8923832510315357,2.611833503043893,2.4503634377819106,1.2491277212100838,0.6863386462864633,1.2385564664647073,1.2088263825720893,1.1301890630001354,0.1257131130868759,-1.3141308537537737
-2.2348085360425674,-0.9289654703843241,-4.4071116758537645,-2.934247574764365,-2.1505741243340677,-2.1952282238301595,-1.92232732893039,-1.1481698081238598,-0.18736199592820685,2.011578223457104,0.3463788287123543,-0.4331738735146251,0.032769064821724356,3.039957729771131,3.449574582487648,4.938433708910026,6.768396492549169,5.17297529429959,3.8354389360724532,4.564928802474401,5.036117590417102,2.7548611253169493,1.5170873584563513,3.9618575131922373,3.9276814311403343,2.80124469995753,1.8204597860528204,0.9163042315379964,0.9375707265244909,1.2568343931077988,1.1563145204679979,-0.7954658166824985,-1.3120404857365375,-1.3735403427774917
-3.169840321050796,-2.58374077340261,-3.367820618840134,-2.2771823162153866,-2.476365685053906,-3.0100677007792074,-1.6186905762451267,-1.135935171887478,-0.03770591790666395,1.35744546882597,0.9871006012420713,-0.5183694689436864,2.5463034660585637,2.9628971317219657,3.4586892958045845,4.764718542287879,5.035369264006845,4.183477616887798,3.918119805250459,3.115236595797347,4.599365849349793,2.874843168729515,0.6849115809566609,3.2324998468196,3.8324418100398883,3.3121605075386515,1.6605470380851863,1.0856792682646261,1.225538830124498,0.2797821080214547,-0.8148317126963222,-1.3134684945831987,-1.2962128033308578,0.08165889543848366
-3.4964169297499557,-3.394850250333394,-3.10354713131743,-3.863506782050554,-3.6122445271813772,-1.7995683156684943,-0.35786161563208935,-0.0802183304026667,3.400058130255293,-0.20495472475069476,4.07184997223446,4.699356785079056,3.002689655122394,3.6536715962030075,2.7459292427396633,4.071635322421721,3.162864190154292,3.3814432921377353,5.167495458892625,2.6207679237904653,0.7054762255879331,-0.4312037047372618,3.4314615971996,3.653985946474392,3.926237809873491,2.8128168348158153,1.1478425167102553,0.7367046151689336,-0.418907483025684,-0.778911848232996,-0.5211672031892585,0.43213915005069936,0.027796248749198692,-0.3257967638580616
-5.026422787114345,-4.7333759147159045,-4.498220339050815,-0.19464901981700206,-1.9966089927777175,-3.1357236150516483,-2.2225946179563216,1.4784488173571906,4.275451929060291,1.6519196093777313,-4.226258895874211,0.295386240573181,2.207431891101586,2.6758842840256474,1.8881684610631522,2.151232030304993,2.183472452453629,2.704573564776236,2.5313435895702305,0.6628639030252131,1.8609682776706389,2.391895024023558,1.055024801057236,4.590170092289412,4.2553212990175275,1.5067050604405943,1.630700844834124,-1.3342695925855028,-1.0901341068134038,-0.7062500757225382,-0.822682119761172,-0.13569777992376608,-1.0957627196154545,-0.38766005818252436
-5.357609790605382,-4.003496060315334,-0.3613672456566303,-1.6057823422846482,-1.185040172304668,-1.7231936434724593,0.8008054787881403,3.8849178543608773,-2.0255681719487737,-5.456959826446611,-6.245327665338438,-1.1281662650911861,0.376682624891459,1.7084370433681404,0.9412726514641045,1.484206000386699,-0.027962142390617648,1.0985518452600973,2.3245358508066594,1.6780073253099437,1.3082469294852668,1.244876693966634,2.1649918893912976,3.6293564942812258,0.28029754285722464,1.6621006538995229,0.42205632677384725,0.19405461949385078,-0.14515381549004067,-0.7963714841728053,-0.1926005398111635,-0.4810142281276286,-0.09452296709380612,-1.7538110793743307
-4.28982581215164,-2.1651096809383863,-1.57540952551851,-0.11930493697978521,2.6700417739636233,3.0610255986803594,3.666694973792423,-6.145116276962948,-1.4782150982361966,-5.854909553436434,-8.376747120017455,-1.236991868656586,1.3814689491424845,0.5779770704654649,1.4947393668293238,0.3815003254395394,0.45491807167887394,1.2003776302368734,1.7949818055047428,1.96700529522943,1.9764884895173107,2.2536571036744464,1.9794936467860258,2.03048953987593,1.9821995117801248,1.6090706795495189,0.9632041249181061,0.033956443454484314,-0.38972872644719947,-0.3653767207605599,0.04410802112555176,-0.6109347379879605,1.138277719137968,-0.25850392122579635
-3.406811206455409,-2.818361567427211,-2.083702982794552,0.47139008937019167,3.384775097946917,2.694933789937269,1.327437398764517,-0.9907661947056778,-2.002831330269898,-6.036145395311852,-6.219517033616738,1.1415485850951088,1.7669534546339225,2.184836048509583,0.5381291917003476,-0.13066428693015372,1.6814792666203215,0.9841921132022737,1.4626756566912409,1.9457095085212244,1.8283169783464248,1.1510117631921917,1.5951891486271221,1.8539986042355692,2.2947269244216004,1.1274256782144565,0.3823654342152525,-0.49396346290835375,-0.9029546953761278,-0.5898313080650345,-1.0421832017177728,0.18520271188046158,0.4628804425567463,0.5846972066749997
-3.5722479990049676,-3.5673976300456594,-1.3021123905799497,5.0658005949441804,6.040259737169941,3.356012166740331,4.2407937204397825,2.01360932887142,0.10412241551979379,2.7017190666394777,2.61558193873648,3.208817941445104,2.7209782350308096,1.6531942307032874,0.35662493502273707,1.4103609111876863,1.5695341338707487,1.0756147253176092,1.721936019270139,0.9618304129562452,1.5532564366136588,0.918704188050279,1.2778592828260256,1.0706640260599494,1.1086790261891215,1.055310685066317,-0.006541204589566892,-0.2017512185188791,-0.8653460898030537,-0.9114580567170197,-1.443911856407681,-0.4872384144890551,-0.5200564463761964,-0.8231333118856005
