script/wind10m.json
{"header": {"parameterCategory": 2, "parameterNumber": 2, "lo1": 3.000054539987559, "la1": 64.9999836372058, "dx": 0.5, "dy": 0.25, "nx": 34, "ny": 52, "refTime": "2025-06-07T16:00:00.000Z"}, "data":
[rows 0 to 23 of 52, columns 0 to 33 of 34]
3.9309343296153765,3.708996192692264,3.4192740241058126,2.451862775993605,1.92058010803919,1.4420233087024077,1.0286229843829475,1.4163319551889446,2.2876073969091175,1.1963452479056396,2.0802211308228373,1.247009590271148,0.02018957051515985,1.5206818976713528,2.78518186040227,3.448943320637281,3.1774593114944985,3.09612161098627,1.2221623326957787,1.2472314671364306,3.8437159312644513,3.151656021415198,4.50513962187626,0.7874031360441206,3.070081946445774,1.6279957878219669,1.8297839062733097,1.1793621989593814,-0.6095611488360522,-0.7699071316153484,-0.8286254199094608,-1.014011479967381,-0.7692727251208018,-0.674043379566746
3.28991883145468,3.195830690284443,2.806943901564827,2.1007661941890468,0.575999797167786,0.3709637971647897,1.379215192806254,1.0988894333134187,0.9502228524501225,1.8831784954188238,2.0257311992448948,2.1236286676899114,0.38696477752563974,1.1327359951331588,2.866373726741303,3.694111174767392,4.483217360806279,1.3286997956029658,2.811216358533314,5.861491039166706,2.195404548668848,3.3448906928665636,1.8444786482331768,6.135121887289349,3.0318563006546926,2.529552533637268,1.6966127000633735,1.4264855389964226,-0.9045797824505414,0.30235935610559794,-1.0051048536994078,-0.9243425988883299,-0.6354527141092167,-0.5072433258482358
2.8710372063700187,2.4603722962659482,2.2555306405081743,1.3693137543416003,0.781217914620537,0.3722277347710754,3.4292510607884648,0.8275290054926134,1.3126292241797197,2.050428827513256,2.192936374269757,2.6119810089891384,2.4098988917302684,1.4349354055909003,2.766393722636516,3.2266074121242556,2.8167842708265898,2.1377514964599738,2.1011837512526435,2.473237091023054,4.464635518316705,3.402147779166155,3.3747478239782516,4.549193363606954,3.1207634452481434,1.940644385764912,1.7293833218729946,1.3409351012855482,-0.43276994794661405,-0.35967848915719297,-0.001992386253251676,-0.6804790926566795,-1.0938460348550274,-0.6908745425067377
2.0849292004258118,2.530178212932268,1.3393500736361619,0.3157448087622263,1.1454648844364357,1.4407536848208116,1.9524079994172,1.6951992746038753,1.5595288903676425,2.842385521719892,3.742599992386047,2.964157767018315,3.4638594628086596,2.1899389820494113,2.371060052805051,2.9345005204503165,2.0700646888266987,1.4848915539160419,3.604308704022823,1.842947183132589,5.347226829528534,5.011330680681948,5.376169470100866,3.837357239158132,3.460044079107916,3.3244089275541078,3.4927667446477573,0.42710820019520335,-0.2404052955984493,-0.014985781182672433,-0.5377040679168562,-0.4128987869601968,-1.0248170417761797,-1.052162559227312
1.6849734658360962,0.9255979223071412,0.7817349660873584,0.3719894923218609,1.9149065493978277,3.764738752754923,2.4120110702224786,2.0937518668383768,1.54706291815963,2.7737066238412686,4.016666700179179,3.2898004015950097,3.2951851666124385,2.9998065069206117,2.0153947940009243,2.0921663222737594,2.5600783546247063,1.281535248988306,2.3397917316844143,6.696451579556111,3.994337879058089,8.44361870974646,2.8481126644156487,3.9381738927814665,3.686804020667658,2.5549283785852457,2.7674501502607143,1.0531682730447198,0.30578509056852254,-0.16099754533414815,-1.164407445182686,-0.8337258375894525,-1.3804873178238757,-1.504048079745516
1.8660717062543253,-0.15858243591965068,1.1845190998020767,1.3370904467955522,4.090311448507879,5.622613524381416,4.552657759035072,3.311608109729048,2.75798294329427,2.074123979230895,4.169779558504704,3.159978675009056,2.635941648940316,2.2474941648951177,1.5424919411444442,1.9623831468837067,1.3704230680382388,1.6629290492761584,3.0356265009550762,3.0930099798447412,2.656739278637065,5.4762978481714715,3.5546360331466103,3.5541089895174176,3.0748990955130977,2.96201798029395,2.978059555698427,1.6680061993782787,0.8429057141992556,-0.4598112750540616,-1.2977261872535644,-0.9626357182258357,-1.2559224295477134,-0.591177293231999
1.2289379641253455,-0.2734418571451807,0.2448643983463815,1.7870365873398608,3.824305728264695,5.521584425076097,5.713020559000665,4.203372647794996,3.7138287785330126,2.1876130393449427,2.7810199056184732,3.485365351918769,3.2600015180222166,1.3150191010597103,2.373124800837335,3.457661447404345,1.660563353697016,1.3428429460247173,4.171631332724118,3.579101873352002,3.1958213569461957,3.7698725865221014,3.61546605843647,2.9279322723729684,3.726388132333745,3.5994158631744195,2.884189992245958,3.2770680944091337,0.7178818401663283,-0.9190633188575476,-1.4456538696950327,-1.2960728842800355,-1.1226107278948163,-1.0630154619817032
0.2944746490888874,0.4602689612169877,1.125496007985872,4.56864260355731,5.475753798095261,5.766167372480667,5.579562302597428,6.676159670141083,4.7517251020657465,3.233017370052889,2.556025149155728,1.4155741035876366,1.5516679103390931,3.5188871292188644,-0.954863228307365,1.4551943989707765,1.9361708157791173,2.7481559775467486,3.7539887235936247,3.066369994512784,4.566567831701554,4.15058471109254,4.112771342600186,5.3244696687613455,3.448891764001414,3.146755314340148,3.44847149948071,3.1842891396035937,-0.06760607703402118,-0.38597449084407554,-1.469602446042074,-0.8445302613257972,-0.9421693696081922,-2.440037558116819
-0.623593308887089,0.21331140954629713,2.8922543828963105,4.111052045550086,4.281283826891203,5.030951478477191,6.039516042333277,6.78190182513619,5.071716216282482,2.7798206985969705,2.6715720223545696,1.8288959236681472,2.4956809680375676,3.0221747901235076,1.2054825956962756,1.9662605847285313,2.116547831625665,3.6331153388837296,1.440793165317216,3.2483867797195347,7.239560501282958,4.855114152631578,3.1517708425600675,3.5200620780190115,3.741453302446138,3.353790130271109,3.814434472257647,3.075498921834125,2.8062949246853783,-1.0513202050075743,-1.134601024868397,-0.7522751111066399,-1.066873184976267,-1.867567364904304
0.9223396264273213,2.568014550056547,2.743027277928443,3.667390987342779,3.8827582386024395,4.488595517528096,6.629781900615814,6.973338751172387,2.861303964867008,1.2595471083078187,0.9221557829290463,-0.3335604890354705,2.313910628551832,2.168940102281867,1.3449800234342388,2.8342851125910404,2.1726398700832794,3.635290940014587,3.9946958484747475,3.6842495512804865,4.170979652282025,3.67549639036449,3.1388253695127655,2.7287513451437846,3.635756267915694,3.7162784421494486,3.5334487654246907,3.9836880237208705,3.2594111200538665,1.1860311253832936,-2.131693158534933,0.9403383426581836,-0.5774405642855329,0.5885052489198884
1.117750746754928,1.3500607408074845,2.335861130539141,2.558990397633494,2.988133685451909,4.449793448035437,7.1388329446061505,5.404351391752045,4.2933178841074415,-1.1233744430064445,3.8051120963608613,2.192570613384136,0.16700764916693367,1.8503126998065644,1.7455104791689977,2.194899793018287,0.9451131115264616,2.184738224764425,4.96572268678611,1.9584377585770114,2.9585308206769207,3.650973217706135,5.082213023942088,2.9341363378910312,2.810188440228994,2.5125690021840743,3.788476410437544,3.3222264326257083,3.365095218783634,0.13586551407348713,-2.1911177054825766,1.3317726225816575,2.345620812733987,2.5624743893121296
0.24972383617770166,1.64637847259447,1.8578469774985236,2.31584703938686,2.5692769897996914,2.9436401332389948,3.2430495159135893,0.8842818035691892,-0.00572058671315853,1.1858476013308052,1.3789792789740545,0.8585809470592991,0.45075124347513473,1.927013866699128,0.7306748403589113,1.6529158604662681,1.9064429343623046,3.509536908776313,2.440865663033088,3.3270861007154204,2.7746928755448335,4.90657395751384,2.244424879977757,2.757974598727465,2.1733494480726274,2.7754398462145984,3.152535200836108,3.0474514118175393,3.57222306516566,3.8169263891128287,-1.1500872877399089,1.2762615602518483,2.8846280914852356,4.448953556261451
2.029643465527806,0.7462510608417184,1.7939725772316717,2.6899370910750053,2.038782943078536,1.3748980513329836,1.1443222833746165,0.9915825915336223,1.7464711356488838,3.915191504746681,1.8444549718324235,2.1079794861057746,2.9233019411824124,1.790727182380463,0.5948635600213055,0.773936221039767,1.2232348134986066,1.488877683259756,2.8712765385497283,2.0127742415801473,2.73132984142945,2.876748347580818,3.0936352026745837,2.8658842788496983,2.8306536266101183,2.737928029154145,2.9087619187246707,3.1609388922332124,3.868033936533386,4.429632743088412,3.095231389950006,3.707348912750457,5.867191074846485,6.311236745719702
1.1945965966074699,0.36944007335028306,1.4767013722361348,0.8390312709011171,2.921290726393591,1.6934359809463586,4.5533464931513015,-0.21456048443275422,1.476477639068655,1.6947075954092217,2.698944783179261,1.4974673426831755,1.931316639984633,0.7469238486654237,0.16756532453596834,0.19791266736455596,1.162188837486208,1.2234290600679745,2.2904040595817916,1.9818423456696286,2.593753525617462,3.68932751781247,3.0867080694479743,3.2000902026948435,3.166242829175074,2.997411515346168,3.5413261730043857,3.54846647721043,4.468295135915985,7.624361559147337,7.561823605602405,7.345800015103839,6.614335655902396,7.300360700824246
1.3728626597145592,0.8108394883291308,-0.11006470065045985,0.9018085263552148,2.879668298511286,1.2027309306888194,1.7656009030291577,3.701384601092516,3.189192304162541,0.9505671025565473,0.19893006805674598,2.735175191659761,0.4325492883903738,-0.10616656406678938,1.017373494065897,-0.055844975162867044,-0.271854819179249,0.2510892270617662,0.5594520267311877,1.2975621349843582,1.7520247953050883,2.8421543892979297,2.7004989118093303,3.4116313659033364,2.553583396422816,3.211794133310333,2.5838083080828214,3.276855189505926,3.3480452074407396,7.773771410394732,8.176469774017114,8.796266148313434,7.7513949531050494,6.085306266058788
0.6632666993888623,0.5202328915231014,2.3310605123388553,1.2894400615382002,2.671549827079619,1.8621952909124313,1.7238949547035265,-0.6139704080497801,1.2379690145005064,3.000898766912619,3.485372229767627,4.12184992661187,0.14826629229373967,0.20709256638417267,-0.30526609049641995,-0.6071544107335944,-0.2169332151912449,2.4574452325874274,0.6957480825985661,0.7513966131058175,0.988208680361608,2.993221363493789,2.240407722275121,2.6334762973016117,1.9549914599218305,2.8668207079997963,3.3898776266409194,3.839816168666505,3.4684264875737325,8.00485372209511,9.06169224727822,9.484767261489154,7.966966836566121,7.351769129849797
0.5866552795685485,0.9898684056280658,2.1412573750029815,0.9677782221656118,2.184937066204354,1.3174303052877687,0.8756803930953188,0.8660933554537469,-1.8313963956862833,-0.30311550709558943,3.6964698212179967,4.831822562789053,0.15382461001340314,-0.07680891777274808,-1.227035286961145,-1.8705546951432899,-0.7993291371211322,1.4000639602031404,0.4219967699344053,0.5871004732985292,1.4027506053723497,3.2360289920129413,2.332620859822768,2.903113499431403,3.0953066811050864,2.659658107839424,3.176392455168014,3.2604186940893354,3.183951368040208,8.050666113742807,9.284987351673632,9.345119521258743,8.238816621560531,5.6769952295360735
0.4803452311684184,1.487811109699005,1.2843234990588117,0.7756014761939627,2.4469936144244393,2.014137103442526,2.595254509740357,1.8960071864713077,5.047529646943185,4.589155276902395,2.1705085548608927,2.8633988783138147,1.165648611075539,0.49453421443045054,-1.2793522568018916,-1.1479714691624052,-2.2107695157512337,-0.6004487013842891,0.22508403017888476,0.8460352206356949,1.3739838943719642,1.6676509535354471,2.0801437164477905,2.9707390952887534,2.548443302057159,3.299930496729982,3.2648919147682616,3.5030340018037296,3.653393942538114,8.477902619407597,9.170081298851764,9.306097762242713,8.170185871873107,5.250219102660974
0.480946861572405,1.575057945474092,-0.16894291693820646,0.7355713731897258,2.4789722864280193,1.2033663378198933,3.569710912150049,1.8950767762169722,3.299960404564684,4.190410911526632,3.370618498447142,2.2275749412821066,1.8932812830905696,0.9854575918891069,-0.7663016181676626,-1.3389101695512131,-1.8634735516530607,0.33854502117022167,0.6050888284380213,1.1799610899939257,0.9368998013628114,1.970589374015702,2.155705762384192,2.697828070324942,2.773622303528469,3.296340458388743,3.502853371348517,4.047283444455103,3.3436659713399424,3.888142210699482,5.176508876074327,8.849034729602995,7.508502806093944,6.552439788564428
0.9246287634472439,-0.07096501195639504,-0.06290824472371827,0.21192171609766197,2.140488613335994,2.18589503621334,-1.046502345402755,4.452883906561489,2.9729351443085896,2.5452475925380487,1.7324442116506098,3.621581531143741,2.549353785027549,-0.40533276855902456,-1.8565978445882747,-1.4606622951929702,-2.2374954426295854,-2.3656921043078314,-0.6541482811041136,1.1543106019355032,0.7569941811307278,1.4884389058044496,2.0222407331932297,2.4964140007288056,2.84195763319688,2.8964393389237597,3.8915708063260106,3.49372002525095,3.3143022860478775,3.531775088067804,3.742481787158474,3.4928205371259056,7.265999547342421,4.20377267547084
-0.6831519210942193,-0.5162695284652673,-0.18453621850072818,0.4621593836191801,2.174979294589148,1.8353776392091539,1.5709031221799787,0.6646634690037094,-0.16066834608360417,1.0956924992632657,1.2190894961056133,2.605895028430673,1.9557780144816563,0.894059289235464,-1.0785163613559776,-0.6765642693140731,1.121088806761128,-1.4164091913061612,-0.2070744964962957,0.927906059663221,1.943501276035145,1.4283586144018643,1.9085532735252717,2.4814766035539266,2.875699955592832,3.183058128302004,3.1601305857777007,3.199337691338488,3.1086668630330068,4.623186652034652,5.037217417001821,3.310637659869507,7.879912903757621,7.107379154459214
-0.8646130959673965,-0.5088209385243035,-0.656281769999359,0.473301693529477,1.4896486523447106,3.2761027365180073,3.1907572005215514,1.6638884696996568,3.6011499123540878,1.7219643346479436,1.6073448306535272,2.250408258698812,0.08054757990962554,1.6480586361059857,-1.366524664559637,-1.6509583426952772,0.35143652301644235,1.0705044193380722,-1.7421645651056772,-0.4409041054235966,1.5669012135405023,1.7262530486732266,2.325191833566909,2.5621338595300633,2.8965532846407003,3.0528778088839608,3.3248078752387475,4.230658916870509,5.219590888599384,5.057282588863236,4.2697109197907235,5.063776402153457,4.199936589352799,3.8707841410282304
0.7255795655210285,-0.7431038690743508,0.3278783088929834,0.3104373247730858,0.971677969060973,2.359793741990189,1.0585384420939876,1.8586752956195856,4.763131464389781,3.4225294492798546,0.945758227966996,2.3482588778514293,1.1236316800763446,1.6926973092260584,0.469353518374745,-3.1685748175219213,0.770371319618337,1.3198181356741983,1.0196676452448634,0.8648181505609598,0.9021841289766069,1.3764540410508768,2.3304693275473176,2.885727132216477,3.5563373092356443,4.031079411087561,4.169197000554402,5.063693186152104,4.74831549160872,5.935677013251657,5.164882998070359,5.952492552381336,6.014308332853026,6.457760125132879
-0.07254977213164555,-0.6488252987301014,0.7713946800652602,-0.4502123882055864,-0.012770976727494414,1.1201943364973568,1.6622800660506742,2.7337847430442928,3.0751892158814833,2.5819337469512496,0.3436010869363893,0.48716232014820027,1.2839724114111972,0.9581566249626877,0.6409801725770448,2.188184381230757,1.5976335658371696,2.1197535784221926,1.5660845669222938,1.769186316792105,0.01950586027774553,0.7215312523490808,2.9421026224934863,3.0145733870150773,4.99925397501759,4.427796003270997,9.809786970739022,5.159796257871022,3.855081922488093,3.958944957784201,5.013188395908965,3.5522964048558174,5.867926683974798,6.014604975643937
