script/wind350m.json
{"header": {"parameterCategory": 2, "parameterNumber": 2, "lo1": 3.000054539987559, "la1": 64.9999836372058, "dx": 0.5, "dy": 0.25, "nx": 34, "ny": 52, "refTime": "2026-05-22T22:00:00.000Z"}, "data":
[rows 0 to 24 of 52, columns 0 to 33 of 34]
2.0116914983710505,2.102419853797478,2.328441293783252,3.2945355183537424,3.4316137668324846,4.619581208407344,5.446568721068976,6.624610204088725,7.036451591388398,10.005398462485276,9.9384681041967,9.702251377358198,10.472733073703676,11.712912180582844,13.112992289077182,13.913578320889702,12.866185064681078,10.172767425955374,5.803338501046229,5.8317335336268705,8.550198162651776,10.119363059111382,9.612299074653398,9.302731707427048,11.184240954456435,10.398497380809406,7.524071923517727,5.7350375301919785,3.78842969521128,2.7193497357108694,2.962786748493065,4.205366057732909,2.9159364623498982,4.220889463039498
4.12972766169558,4.539350816332168,3.881857105118657,4.064856011365002,4.176493352457388,3.487515468322421,4.097707529694831,5.801284405996485,6.547085200391191,7.132210166276053,7.408059242537108,7.533356272672988,7.712043292196477,8.76644656650986,9.3949042603718,8.272675411949605,6.668391263823064,5.305294669034992,6.475538844877937,9.953473683986967,5.655436544223169,8.458458754383436,8.745815551482803,11.481833941174438,10.70048438215887,8.571389748921716,7.841070973225826,5.0603053988755455,3.3169572325373755,3.3386823074334866,2.8704714140116896,4.2832677854587935,3.3283609165764325,3.1942208197042605
4.342259924979129,4.558152140481666,5.545297241923851,6.598560918711766,6.290307184945676,5.185063908191362,4.080396915705105,4.100999913286317,5.86023024419493,6.296944684187451,5.963725179690627,4.446496091146049,3.283825526391892,4.824899414633969,5.620121097908885,4.566630353855354,8.465021528406162,4.198873071917062,3.4474037033903735,5.001768818698534,7.843726117229704,9.25942065029399,7.472135076237005,10.388203602485174,10.193498655114269,8.279571474176215,6.590686499300115,5.7828777533683136,4.26094655108959,3.1056197244085224,2.1479566152205094,3.088543154423938,3.9805391185639976,3.265384769676047
5.783816453481186,5.9802731588935965,6.594956927475589,6.437822432088929,7.350329869938921,5.8195395051691134,4.480655483945641,4.905418877736702,5.915670043581203,6.180410684005213,5.91625195347197,5.734945258642377,4.457043569071548,4.24416944606044,3.8882323136809043,7.9683511947877586,5.5406663277644475,6.048683014108782,6.85307143148773,2.738009465038197,6.32547763238065,8.858197269371512,9.88721972571603,9.79451270893193,5.070994556183618,6.640005973934341,8.049022112251995,5.709371706120773,5.476608866451315,3.9074632667204834,2.5786612431964087,2.847940071402717,2.9842172754152987,2.977045673874065
5.959753389396978,6.642594141573945,5.933760021441147,6.076292087171769,6.59612514155532,7.8805688731449415,7.019483711068989,8.961320755185998,8.682868568175525,7.943101190619584,6.906035466269575,5.708149638533587,2.8999703294226205,2.913008964840649,3.8613332536436826,6.347746178211782,6.499826705168103,1.2589284575128217,3.1424833493300075,10.265785486804779,7.892115254567094,13.15230730891658,6.0075928878422555,7.181549052902974,7.1848790429303815,4.168701308624774,4.640753930538064,4.463487272461969,6.144005436287742,5.696015773769102,3.9334519570897006,2.2096295554572967,2.3748436765919982,3.183427040210206
5.419821941221332,5.104326329013955,4.829879225192424,5.070352359167454,6.306674345839471,7.589125129344266,9.115822129094143,9.831006068531334,12.434755264987686,9.41344498620768,8.289972251303942,7.529511491089216,5.692612734976175,2.8770493747061554,0.38104448647851474,4.127778038101311,-0.19341453931899683,0.012807397545644975,5.807740087715444,4.941103162496011,5.0625558084622355,9.485485724224892,9.576136557448622,5.0876548297343005,6.594095643668943,5.66912111743717,5.113668107670711,5.3661712143358695,5.347905260032167,5.591930671519373,4.319588475544062,5.331204595602318,3.84752486479119,4.500504725546446
3.98652249921925,2.694388238444635,3.0831915286667613,3.881476404484431,4.254895280606547,5.4197065773335416,7.008759328301306,11.69680726742384,13.904231478490118,11.295152973294234,9.238637355558335,9.783218853211315,5.821938774406806,5.807591574577785,-1.2884044326539406,-2.0099202436005843,-0.979380710054505,1.622205077296954,4.5235208359071555,3.7618036376520405,3.675838933400284,4.729665876343232,4.963453040395942,5.8136604532739184,6.188867132820794,3.5235887592531614,5.717331397240313,5.254254305109545,5.014168206965076,6.155223803883782,6.429533833380397,4.99926609277333,4.952560012071633,5.7649915985490034
4.239487326172738,4.578032292519962,5.5623165743533285,5.5792403704075175,6.373767352053055,8.14713879912525,10.534452965354127,11.463696289027258,8.092095389997025,7.9729946434969055,9.002781469328292,4.267082374514265,5.387675552799563,7.415040466796529,1.191208928927503,4.2084880955035775,-2.0352726553995955,2.0363392510445677,1.393503050521546,0.7995853027429577,2.843447057043266,2.5911625835569425,1.708817961518027,0.8979849653120484,2.410272249507412,2.3404267921744615,3.9864175858503517,3.6741720423249573,3.5973884906113427,4.492939969558911,6.03621025106986,6.780287660071081,5.741899010673586,6.553914722680323
3.361395312315189,3.7612659949229124,3.850176048234453,6.008806141602553,8.507063168127095,10.343051067095814,10.780569175318456,9.006797734624733,6.571181376220812,7.974202435441551,5.357167461769293,2.367889142412025,5.769785514560599,6.709697329813058,7.627786551874133,2.9155845008176375,3.5927922030057777,4.98753164395571,0.5982507237450431,4.390676359870124,4.931097849189473,1.8453634095579352,-0.2423105464640054,1.0077646245972807,-0.1532283645241037,0.838619027567644,1.3928017634075693,2.707181536021241,2.0771763286511935,3.8476670933585635,5.485640938377201,5.9120919127160665,6.47025677470035,8.484071001765697
2.605410664330326,2.892623020475779,3.818422263408315,5.482605282813143,8.410029632161939,9.528813521044325,6.5210849593262195,5.805071182618975,6.073131965572874,1.9425896504677072,1.7510781409626217,2.0550776001979254,7.373262099415487,7.478445094306822,3.6219113702284,6.81843380175668,6.39965177453758,4.432495225142579,3.0973028348238523,1.835652682590149,-2.283222485392868,-0.6420864602734219,-2.4724843515731747,-1.3065178375502655,-0.23909038945474465,-0.7204930422564702,0.748027825601336,1.5781228465388664,1.6390119080458905,2.76162593304175,4.240421018036919,4.7036036768245415,6.1719103155367,5.845093036965371
1.1429228783073009,1.309733754146698,1.92877621748288,4.286620288714785,7.144994253129906,4.237186248525835,1.7118861314211056,1.7821123212065604,6.6464227072592035,4.517843610056398,9.959585150866003,5.235634152502148,8.813745675097481,11.726642593518598,12.087320208594914,7.641084334983925,6.242944852146887,2.7773664822935284,5.44389371985975,0.1237865760822157,-2.2815281629523767,-6.007972041179913,-4.357651319803738,-2.496739433307425,-1.9175356577649731,-1.0240310750055406,0.09416072057993362,1.4574279730456359,2.107304501134709,2.6226928928193263,3.0767898631347292,4.446250542658985,4.406781757632336,4.148197116046347
6.39161491409248,4.144761700269918,2.3423117688258097,3.548442258640358,2.9758117595266125,1.9542355588639735,3.749243489686543,1.173282665155177,1.8267852909205022,8.923167674667596,8.091208357382776,8.288065741050554,6.355109990857537,9.51215506887741,12.593653969260394,7.7422870013840095,8.491888205707015,8.3879055719586,3.372394339014297,-0.8067298477113561,-3.398697861054016,-2.685501877419427,-6.4869906240885085,-3.784980786525046,-2.115348492840197,-1.1058370562354265,-0.070694737717959,1.718208200051446,2.656764119209348,3.2442111607554485,3.6300004238730454,4.082276361778413,4.400564115495101,4.455648711036849
6.850714739613727,5.789458264646598,2.410866472105647,-0.9070674538836245,1.3435764156767274,2.7342343045935187,1.6804126743502419,2.113500044912113,3.377945341183979,6.943705863555189,8.870137047213182,11.600614496611092,8.691218732380452,10.990672092295654,7.769423250860848,9.981863165719792,7.983140308872696,7.726426413069409,6.4995826080829255,6.318581101135598,5.579236158462058,4.746008659652758,-2.6383089358520033,-3.3994344693401666,-2.9995992195094585,-0.4331180218313529,-0.20850360312156552,1.2394389289739265,2.4567710935626694,3.045745411195926,4.443040668793012,5.134942899906039,5.261212209255802,5.994003951773949
7.174203667299534,7.883693262108823,4.745448824995403,-1.1349925251641348,-0.7115697632242457,1.8824644290918167,8.330835003725914,2.6938216896286926,8.713143357356246,8.43782083764085,10.527556365345914,12.330696500465335,4.461031018849136,-1.2781310366611263,7.948600575369049,9.108856712385355,6.681351269768433,7.732721712134868,6.549374140544076,6.881109131763767,9.115397320450596,5.635817659590871,6.787611637333553,3.611331451363534,-1.0182562163820348,-1.4652258037746841,-1.5072195903570453,0.11932653624362963,2.2905152832596825,2.399129758502272,3.837123906397955,4.871584675102168,5.782085141413882,6.531065921132029
7.060046498515143,7.818368161436123,7.075848528178474,0.6998525523989626,-0.8494045850951393,-0.265022371095853,0.6891335524774853,9.260295914214696,3.4326644277241773,5.844395588659614,4.060291979647022,10.876299665217193,14.999065025687528,9.891191499555973,6.464999758944623,7.621078965848325,5.778964226221536,8.718555421139218,7.952307253819019,7.006815623726987,6.7820657007426535,7.635572012647763,7.293929392442391,6.2573194337589815,7.473107082305018,1.1191660366197922,1.2464811167391983,0.9371739425057574,-0.31253974633173637,2.456091335813772,3.816703356724736,5.500476996971925,6.554754939216847,8.018409202411464
6.851184837595781,7.388028412690812,9.282098870750799,1.843933004946753,-0.25121780420764545,0.10515500208039089,3.1086155803629807,0.22859501933464527,-0.14789266607255266,5.490773241965306,7.211790725782822,11.034373922719428,5.256158050978999,8.785760818170331,6.18047080708586,7.385110806074786,9.895174245482444,4.833272019681513,6.221997085580807,7.1536992365371646,7.798186215140631,6.964786682650192,9.101861578777955,9.134136564448106,9.286822075115174,7.816362793583532,5.381703082496082,3.6369903812560187,2.084805389617062,2.0221281539618152,4.446642560398405,6.222953347511518,7.104777499180595,7.4376555936656885
5.770262341261786,7.303829754371867,8.841363488286374,5.096390153446458,-0.475254324449634,3.0709153738857125,7.641793227949587,9.618123009301915,1.1245163052287617,9.44336600057276,12.665473479852471,11.937218649970102,7.218595378620589,6.303047866280155,4.760102472775017,3.3796902234158774,6.313694459143722,7.531859504475598,9.35948839851832,8.59461579863426,10.047636920619212,9.52826098887188,10.455793908941393,11.105459133823407,11.148149379347789,9.618535150275251,7.853862675964954,7.650033623770405,3.9472855955249835,2.241767807634033,4.416237252480208,5.744029002756871,6.561250749783124,6.180338237250391
8.218003910873955,6.827990522673278,7.794702097517425,5.711561213728766,0.25391381453060646,1.8287019646825238,4.182619493932705,3.910533580559942,10.48033649833433,10.326977217952598,11.018540581013733,9.103481138770398,5.113267361649545,11.522726892206446,8.855168223332655,8.35152791211147,5.35307405884377,5.7828089440255654,11.135505827670922,9.467630924435422,11.619567280457339,8.256978264421846,11.396281330934901,10.545870402460517,11.494597256046372,9.534972560847107,9.171668964137943,8.109724271764199,7.366291979414678,6.435666242340732,5.501227206710634,5.336514241807034,5.996427822924116,5.956125692903508
7.2255767819543655,8.311206112443832,5.465420094665171,3.9317854331390714,-0.5564222037822167,0.4498549729063069,8.250447948203977,5.7833578966158345,1.028263142653813,9.374172731392045,10.491717095745198,10.407970251393863,12.779393563828464,8.869064136386712,-0.09479859141769223,4.1645208806120255,7.315362859112011,5.262106005353631,8.211627346698966,7.5291335008002775,10.64817172569413,11.216919113415756,10.911279158490032,11.6831308422424,12.355167331477757,11.937152625010876,10.614407701271483,9.445731864624118,8.705438597301931,8.589044265208663,8.15954028202722,7.175206534240773,5.7992862072136155,6.164402047642111
9.159194574313165,5.185094746154154,4.581609500521462,3.652740071445803,-0.510820727119647,1.0041333007360027,0.7102127290760739,10.991106671124708,10.33823449054085,11.245161758245574,13.213795900173146,15.505728292814009,5.713108885701895,12.871304782692276,1.2565156327813534,5.089070522631717,8.761381110888546,3.10808936231887,4.726377751021177,7.80828529977583,8.651994685128084,9.398634689980684,10.873640120648941,12.404635352485396,12.360212704569179,12.301280474091676,11.645124082010229,10.79308903018237,10.489761130366132,9.860946981975802,9.574558228159011,10.563265068796458,7.243230036540988,6.930269350648593
6.262192239917482,4.391419394799121,4.582332384401775,3.3835362542266822,1.6105738111349748,0.6441412181272484,4.867285201258931,0.8784442327946448,7.183502039133773,10.185713511823728,12.672749732179353,14.532167494607872,10.891407597513165,5.270921382903581,4.351218672545759,7.361298643357699,7.469676281419307,5.601845047623851,5.452339540346468,8.281232177338861,8.373621236011434,9.9486441575826,9.752227064679472,11.846854407023484,11.982764654477931,12.880565075593184,12.678010850513461,12.801435689322629,11.444703855801349,10.049382457798709,10.775766927408855,11.735411147358993,9.463072813790209,8.669919526165673
4.569260382991109,4.885874373149375,5.3373690457828,3.8753165724357754,2.204129964343594,1.1553023226217676,3.0170833253692204,1.9101771919861068,6.588041086359555,2.978025887640369,9.02166241761339,12.205653782638091,2.434261142497174,7.52513635129315,3.9932148415735904,5.66680909198969,6.457750967413591,7.278248668871771,7.923491117879713,10.35720615822152,10.27680313795531,9.77642384329308,10.63548485640796,10.844888978334094,11.423113331291983,12.735201021600442,12.970128935580968,13.016536638529834,12.743905447323755,12.11578475534431,12.582004311969113,12.57402450762561,11.500827978108603,8.60633635815038
5.252757626944345,5.57910656726489,5.0987207985478955,4.335541348784967,2.996502230842192,-0.14054249803671662,1.8604142398332837,4.498734449238912,9.267080007166498,9.40020419688408,4.610363048843446,7.051119916563878,9.354397959281739,8.926972085797898,6.887665084706133,5.645864386273107,5.489593831492319,7.420700818479428,9.803319719574043,10.365319899785101,11.011223724991119,11.580749198399234,11.046597737192046,10.133062682041313,11.181182512055665,12.40298800250842,13.618742151837852,13.86039490864101,13.757367403993234,12.599514429822198,12.723572850214826,12.408047921814644,13.00163582925124,12.251984428771996
5.839129372862983,6.04457397676372,5.225415338694397,5.054379381005217,4.616111863692212,1.5938942481721674,3.2303579289605517,5.333025815334593,7.472115041207543,2.758011990518463,5.124341624415376,2.7124378336716664,6.823203519111202,4.202945153297207,3.1516170074546475,3.6354666674535725,7.205453619247395,7.378906550443415,9.495982936734318,10.187891461723847,10.295502392200929,10.306522494057004,6.117445259652827,9.65954725108242,11.839658411675224,12.373924794279144,13.447730767687617,13.4798854751942,13.573485099743861,11.946580476153875,12.514054283216488,12.427548251047492,12.595056323640348,12.188949097902476
5.235760600658905,5.509565389901437,5.20630252835767,6.664939951807199,5.620720423415621,2.8589050761516983,-1.2739243979044075,6.7977813617842555,9.333514943383934,9.173561784174096,9.480596916432571,6.0881428693667905,5.514050269064867,4.626785664782481,6.8215365891054685,7.36412129825226,8.817007316127206,8.862696398825076,11.005763299130209,11.637481750621886,10.615276399561147,10.773926988283161,8.732184234603018,10.649230990954129,10.396418705665376,10.79261859518678,13.363348333222017,13.065521908167588,13.670340162001866,12.799877936489516,12.152217320082075,10.984053221864238,11.311325458180459,10.804683119498616
