script/wind450m.json
{"header": {"parameterCategory": 2, "parameterNumber": 2, "lo1": 3.000054539987559, "la1": 64.9999836372058, "dx": 0.5, "dy": 0.25, "nx": 34, "ny": 52, "refTime": "2026-01-16T20:00:00.000Z"}, "data":
[rows 0 to 24 of 52, columns 0 to 33 of 34]
4.400665537515916,3.9452518102741103,4.011344292918829,3.716952964708472,4.901465380747853,5.226064914111739,4.610962899043322,3.220079934483566,1.8393057208264063,1.3952393270014152,0.6266833660050019,0.09245090080071984,-1.3455423942703377,-1.360701148337499,-1.6784491574224896,-0.240371101285439,-2.2002422249499705,-1.9917895454565968,-1.409929253505418,2.959734840434394,-2.1542462019786326,-2.942824846452141,-3.6089697803340424,2.2811132444040365,0.586467326993713,-0.23249365095834335,1.0766396301691212,1.960821843011576,3.1273608326202575,3.6609804273773885,3.196977202580582,3.5392810202323526,4.48119079400328,3.972328906771145
3.804719249120474,2.898784214286009,3.926665649590191,4.3883693198225915,4.944129520820445,4.370684181219521,3.936928371245946,2.580145465256442,0.07086111103090251,0.748800147121942,-0.5429269152833542,-0.7291197815504441,-0.8601236880428806,-0.5285366731483802,-1.2701357783933422,-0.3519305192736583,-3.0323442901482385,-2.5470783220051865,-0.7923315878648752,-1.474039687795319,-0.32463423531541613,-1.4822298879831637,-2.495832868121323,-0.7678634718707309,-3.175969963425473,-1.2431375923906016,-0.06126330164724967,0.47310332323316595,3.136495359348692,4.817666202419445,3.2643449308151675,3.149332357757507,1.6745689354387974,3.833619861012157
2.3083133492447927,3.53914422641307,4.520922184156991,4.371720023287268,4.3988790446224035,4.286016672540086,3.3398587662030894,1.6718411834101137,-0.8254830564125777,0.11699577158417257,-1.4030454560887387,-1.1448384369633062,-0.894446529977404,-0.9297321652645707,1.1039031401044261,-0.8001379497944611,1.6580200840064736,-3.249481492062038,-3.9079798542980253,-3.4543586316779344,-1.0236539148305681,-2.4645223148832796,-2.4029082169413343,0.029086934932089886,-0.10575207366659752,-1.760284975548592,-0.015607719045974824,2.0096201554965742,2.238330351835983,3.6891692763103108,5.1869780635714555,3.4178959305621137,1.621323438333849,2.63797919717804
0.6181489387136256,2.492917790432576,4.572576395137031,3.8187891828048723,4.457681759242281,4.37313058953969,3.532637575287377,1.073381941961502,0.3900075440053841,-0.6794095327613343,-1.3107017121720828,-1.39795505505537,-1.351953762646632,-0.004085784799679061,0.4259870454183247,2.0433634945253925,-1.6899673771000225,0.3842354573254751,2.0286790800416368,-2.8197904327985657,3.469566476539524,0.26602301560476765,1.0402411163502552,1.9847458629966168,0.35928691738529683,0.8586964235819466,2.1415108674206325,1.0687204149862624,2.8068518405541387,1.8927754206659222,1.2673514331044882,3.842946886125183,1.8225190172307626,1.305747269685029
3.2637484127631557,3.8040202921427015,4.753178553107918,3.9684368338840215,4.237192490145802,4.277588243025323,3.108613773289595,1.0796044372685198,1.069590409551853,-0.7158390839755645,-2.2657184310001144,-3.6415338786809075,0.9873379893477552,4.633564854934443,1.2544456068937693,3.4188126970924118,-0.5331611588258633,-3.019196264835932,-2.0942074433779987,2.4896949185243087,5.332018951959936,4.324403233292728,-1.2094756741501982,1.807080353496092,1.3330640083206808,2.0173373508796604,2.4348645073071062,0.33803698498126594,1.9899918434486772,1.4181035454215394,0.6827637045299617,1.8488709435050996,0.7157583081684518,1.4757136385258083
3.9744480129454005,5.219247503565846,5.1233946971288375,4.710843493359722,4.371642951527131,3.869386347180887,2.685542864394906,1.7976302004685425,0.14457257772667706,-0.629729699791602,-0.6110819914991958,4.135383530727321,7.2254531647442,4.845373146416417,-0.6354404998884612,0.6300969984800087,-1.05902224690378,-1.1352357731616651,2.3393676653807747,1.278550459938589,-2.5739088963146877,0.4083235723219073,3.1097455492093578,0.239006705846961,1.067603596323991,0.6853337003447699,0.6353359873134656,-0.5337895689627421,-1.2193700930896176,1.1534629113237287,1.9063820567627383,-1.1421339564564015,0.1241385163179983,1.8088899743735425
6.202175504646861,6.267019859931674,5.150319953381527,5.166224053058287,4.095787584578577,3.3694241888457883,2.7817631017609066,1.4063797830487208,1.1311535500854446,1.114937762930448,3.6226496641137667,5.989226197565779,6.10964354008961,5.979171464362924,0.09604919735493003,1.489846351026903,-0.41837625780214055,4.557823911713131,4.5769330544203735,2.7968742951598964,1.691976659931563,-0.23420393283868374,-0.9750543189211103,1.731025990482543,4.526732876796253,2.5846420125944123,5.144967092962703,-0.9046924079018088,0.9249800125858892,2.7359236980948127,-0.17803169902665367,0.7670834167100302,2.433788609075373,3.0312931298012193
6.813983942684228,6.390038464909794,5.231802981389745,5.004024863255872,3.4615821737708803,3.032034177672679,2.558938032353444,2.26930319774748,2.223683255830236,1.8426251292047675,6.221441882206039,6.054961999913143,6.21759236629923,4.975271511309703,5.995648637152412,6.389840847978241,-0.6040655940931898,5.324384350616254,7.098067217096738,1.6059424363548997,4.023204524780309,3.904124098044723,0.5509275397271116,1.6851564657882911,0.9223880543255146,1.1495468106937579,1.4795153516433082,4.557853824733083,-1.1832402452147095,-0.5669191335857403,2.6847154538611937,1.7575261291361777,4.022169623806793,3.3391632979254995
6.873226471352802,6.282255153648811,5.558742484276691,4.801649699334946,3.9891806841530846,4.1539468095288905,3.4523063093593667,2.6755965436290348,4.20143856934571,7.897282053813753,6.560967419309615,6.943770953251604,9.12424396355644,8.618730810934798,10.16279312604842,1.2455051872815093,2.0054479799910347,9.466116019459143,1.449864382012356,5.218239088110036,9.341393142353933,7.269856140335746,4.530447277555189,1.5674244220379216,2.529502382482215,3.1357801502673297,2.3874657518638527,0.4052677477974124,0.4999538445475194,-0.8479090629239767,0.37498249017471036,3.9191860960513627,3.9777725877050005,2.9177309170920185
6.2958964067506535,6.098285913812281,5.312056526483945,5.025680596275609,5.2738490126725734,5.080709460319818,2.8009292583103353,3.4060180714489308,3.752759673185524,8.059623431550527,7.355797654913182,3.981228445910046,5.746381842502148,9.209864562693069,4.851351778808244,8.999260699225545,4.784788731814733,3.2438661456507725,2.866953967766859,4.894440568461591,8.794468839699428,7.573723989764237,4.836681529392764,5.267220735745887,2.1229982828712397,4.512677053111938,5.108738259960902,4.259504095473824,2.358286777045893,0.270329729880891,1.8077447683011625,2.9667126562980983,3.4221764524410054,1.9244838198326235
5.837600389077712,5.954409981234765,5.08049329211039,5.30258714481729,5.346856952982486,1.8917873768683142,0.8619490876912264,4.56178362732669,5.8243320506814795,2.5649809781862,4.794402116312238,4.270461052575586,9.420264926222604,10.136310909441143,9.057541148527653,4.2524837335756915,3.353458823282393,3.2511174645299525,5.500986646059045,3.8546138760070696,5.814179971644132,2.61914656701724,10.989165956686593,2.147224484034546,3.2741384850811124,1.6408575473741782,1.6474959607395907,5.587777375699196,0.23164454920933894,0.7774991384311892,3.9719469687253137,3.6409568211263927,3.5876327754465684,1.7957713339228134
5.1436602398258495,5.5960937235878205,5.021107374725548,5.2037916754889455,5.590165944011249,6.005354854689012,1.277678129959981,2.113110074888889,0.3505936213705445,3.1200777761703833,4.699447893814285,4.917136061254649,5.134986686002481,4.3709956532011525,6.273109602350552,4.590217753959606,4.369262747856978,6.992708979516711,7.778602180714175,5.343918043741762,7.430311132295304,5.249940838076169,2.661961141354549,5.873814972470798,1.3385395146533512,0.9687275405049532,3.6851413571867853,5.001931679731723,4.23196103592935,2.2304597299777633,3.981987351295197,2.4705818388698253,1.7796797564722109,1.0688255521516516
4.670062473401308,4.132498589424621,4.801941662667249,5.091643509335787,5.507132268021275,1.9437164889686467,1.3997673843679748,4.218326032489874,2.8208218166685075,4.827275515937532,4.609954925404609,5.65857723280807,5.541121139077871,8.098930363700049,3.7268320540071045,8.57307067999315,2.4973802315806437,2.517850717650101,2.623103202260102,2.085548757650619,3.454389857478497,6.422979801583226,7.0082363227381395,3.3649548593482344,2.9281867752126955,1.848033822340134,1.8176242699895597,4.87374335181793,3.7520726632148325,4.415877193900875,5.379022232892388,3.293656440241782,0.4548402586355008,0.11888899824090265
4.189298239605829,4.194413273875813,3.7507543165765878,1.3671986090969184,0.7382242481177627,4.244757962285094,5.569283911084463,1.8249470138146766,1.2692262884343737,4.909384204061042,7.183768124943133,8.367203849979207,2.5114432967844813,-1.882884170171762,3.980025319214644,2.822583994895644,4.450343686639294,2.682811103844573,5.803528743789307,3.228554846700004,-0.010653861577196694,6.13569672011623,5.224510696317731,7.149871926506639,2.074057667960936,4.780717510309573,3.1080199305456246,5.1108933705666795,3.731932174955721,4.628730713727732,5.6617056830700445,3.748182367054195,0.7716158033641705,-0.20784413247669095
3.9743012497588297,3.382492705278644,2.918415824175935,3.9980739022218708,3.0084114419209684,4.700008341512046,4.0932049256445575,4.827808059428695,2.0640282294750865,4.112769564657855,1.554983039648749,7.553312077006326,7.49719870180366,7.174026992956312,2.9551211930730097,5.296225034877971,1.1169176183935856,2.173248647522861,2.0011931882345437,1.828225597178533,2.7078203347530176,1.1224167040607884,2.9359111544697964,4.539483760722729,2.0221291517323547,2.74935809803903,2.001686427986536,5.0156913260010345,3.6511660797876737,5.4161567740680825,5.7747143522791555,4.121631459918801,0.7493289287982583,-0.2705045001797029
3.7151979267508413,3.939994410513248,4.5981448567831285,5.722986933102694,3.928003363991065,4.963916562669377,5.541118567368475,1.7744348688181362,4.169646853335617,4.05161544792313,5.191951422776703,9.126033652323008,1.6958492482624896,5.460818817632987,-0.6303965267858914,4.395007990913044,5.028146764625098,-0.24758258530802632,2.933079514426088,2.028604057061985,10.282276507035904,1.1094109872896543,-0.9356799700697848,2.885613471517568,1.7661973920847078,1.180161684797482,5.9115775208039745,3.5359337710505354,4.16390501368764,5.9036123971029495,6.201987672155883,4.960323838902761,0.8647288753194994,-0.551989102478934
4.00924416573886,5.225584277794962,5.707797089781294,5.242987370783026,4.581837587598446,6.084400236377772,7.213405664093212,7.455329595137959,5.392221323240512,8.933696608283247,10.283733310080438,9.73046824839796,3.511828407083953,-0.786551090051977,0.12187897639805498,-4.559716164527118,1.3609999470627168,-1.0170982456992488,1.613168675071287,1.7352055519910627,4.526003191621189,3.0260426760986023,2.076053950641085,0.19591787360099028,1.0538100713611467,0.9126442375479003,3.5883450743381826,2.765563723447711,3.0583739449324425,5.1506778655611996,5.880144659695137,4.366210419922345,0.8646846367790073,-0.7170048005135466
4.452636094693866,5.524642183416275,6.275305496578173,4.168283545305928,4.030635075682671,6.162114968103126,7.319082787076426,5.737553613992398,11.288239889194989,9.838653810705749,2.6223644189492283,5.839120995319379,2.048509915096658,3.8311217563633218,3.592490457202005,3.2851096276736333,0.1166742849418264,0.7594205523690918,2.1015519148692237,2.761942017222694,4.134384995881655,2.136120905664025,2.361870824435775,3.890166547943411,-0.6822299816199427,-0.054183372326283584,1.1811894854992657,1.7856096992453083,1.9379578886862279,3.332094279049534,4.72268585241364,3.7857033771921196,-0.10921408102185784,-0.43441375449752856
5.853194112343646,5.769105927639305,4.702036347156353,4.404658080274714,4.4916651556196445,5.92540836795011,10.601490749108054,9.333620270184362,9.120046527419612,12.61470433679521,10.217832063546275,7.0428814727508415,11.029726906927602,5.895852344507144,0.4440696029661165,3.349621905393683,1.1059337533138458,0.5029380239201604,-0.24262248878145687,2.390554495138556,2.5387565048511265,5.931263229361992,2.906108640227481,2.3680195584786667,1.7993211124258242,0.1929267481692986,1.783648467553228,1.2888198907805675,1.0480004518267425,1.4871070619342555,3.5514764963003542,3.3940045188851795,0.405201816399884,-1.0985656055908037
4.309147952618057,4.796336008667967,3.7928560544367773,4.456736394518388,5.218970799702438,5.8595154804506855,4.850355987314617,16.24306654716405,15.167023951835843,12.638683329466362,13.840901899488694,12.951133244110142,0.8873173334192631,9.444901280119392,1.2473867604594115,5.424391719152899,1.0147514961348196,0.8823752996357912,0.6459591273521424,2.418608861968282,2.0326686101470512,2.749060691657271,4.918252704507502,3.610459640475469,0.8072855481548619,0.7316122422395728,0.10870606822534105,0.8866586375212053,0.5174368621967073,0.44001460742037346,1.6160459554196027,3.0591033269622896,1.4880919553483065,-1.3386777412130517
3.598006066542538,4.044251954645191,0.8867672550205302,2.552865531021225,3.6078631413912934,3.902461643277634,3.5767612415531884,9.599924099911064,13.782315465334184,15.476054969657703,11.379493865462315,10.904633973212503,11.153891589696356,4.425871005114509,1.376265761002104,2.30022736754674,2.3871629034688797,1.157987342237957,1.4608042814641715,2.5552425068036557,3.9560865363142677,1.9281023529039432,3.713549032157197,4.499760774795955,5.274396622731611,3.314871880096219,2.0138871242471956,1.0334664648596037,0.3859569629812754,0.7566173571170896,1.3592236819005463,2.069062979320104,2.2201950758483706,1.1635345710327043
2.4029674647911667,3.345473243266952,2.35501332158896,2.0166717666066103,2.6061629045101786,4.4336485927587885,5.0277349683502095,7.096270074699832,14.769189036596968,14.089333903969008,18.752540241635288,13.769992006735405,3.606246984589411,6.919349750595972,3.4495155635099817,4.44619149242753,4.942744720050224,2.8178507735244396,2.906501967867371,1.7871397495999042,5.070634551979071,3.0429098616750783,4.678754089220173,3.990752753523286,4.436106863195809,3.502227149174028,3.2138363808253114,1.940814362886757,0.18692295497607744,0.4261464719360102,1.0997556129088266,2.1295977314718204,2.9144223497984916,1.566111247737031
1.048471778435284,1.6898945227163042,1.6342700647669939,0.9808486235465429,2.4327787514369774,3.3537897075746645,4.380035401605164,8.15141955594429,14.520605447341937,14.69408809849778,6.413720349974138,10.924609842577265,12.799936217913276,8.814867140219242,7.5782527292365724,4.972196104226357,5.778121386638512,5.312815154614587,3.039425529348041,3.764378800335369,3.9435864346578655,4.7646255668240665,5.025623525324799,5.034132327650669,7.679324209271945,3.9422607329764503,4.2245837564999436,2.4806811760119136,0.3905833635537407,0.5265255751381914,1.1127465261472436,2.997677540732608,3.801296582865232,1.9087975695710744
1.2472086067128407,0.5503770405001466,1.3271116417089106,1.603947665658558,3.884492402535304,3.600738779492758,5.436448283047425,7.650902984453199,13.062110442910411,7.1380965746368155,8.233828688869593,6.087175382471975,12.942620898276134,8.823391911072573,7.949779026350247,7.0158201190015275,7.047632115897795,5.246608199736821,2.9529969291654186,6.62755123575238,5.740983744986788,7.029973268304372,5.923505426316954,5.59297871844214,4.775851345014245,4.251528479164942,3.7494137454072822,2.8246261666206673,1.257041478312258,0.9525004007080204,2.11774660384198,4.083612845495309,4.079871054650949,2.710124690620135
1.277652867700758,1.7783373124683073,2.5082219889382515,3.896506615251055,4.712792988671502,3.9610736551347943,4.318166044453064,9.484788178976865,13.397309199847648,12.427216656442793,12.783272285467486,10.245240852190303,11.51667115899573,11.13536608465922,12.7865224859405,11.802564597044737,10.720431892664168,8.214323918448281,6.621195202301566,6.476006367617517,7.899478015332739,8.24488819374769,6.008243771346949,6.300668535859512,6.570594017597727,4.34047342833687,4.697462305193127,2.795871724401326,1.5481192516921554,2.078257501099188,3.1047802368338884,4.444601123197348,3.9084181915871796,2.733454160576342
