script/wind10m.json
{"header": {"parameterCategory": 2, "parameterNumber": 2, "lo1": 3.000054539987559, "la1": 64.9999836372058, "dx": 0.5, "dy": 0.25, "nx": 34, "ny": 52, "refTime": "2024-11-27T09:00:00.000Z"}, "data":
[rows 0 to 23 of 52, columns 0 to 33 of 34]
4.4667034867992,4.208486809451745,3.825186358065465,4.82134150300692,3.4700319894043123,3.8991400935454497,3.698613758372633,4.406606352119238,0.9370977909895577,2.5258701300544937,1.9500702724926826,2.1816275578991315,2.4374828172315466,2.081420978313567,2.587516340425362,1.7021528887637452,-1.010974220991273,-1.512220402417374,-1.4926285331154652,-0.9645979221598489,-0.7263313467910023,0.249095220803557,1.2840137805115923,-1.878973356424846,2.199150818835679,0.1811815341080751,-0.2912450824665626,1.1018124471534152,0.9374352638906209,0.823802775204838,1.35130942542773,0.8685255141130355,-0.05564377843313599,1.2673940236622068
4.1707721109207165,4.656839214817343,3.6928830939511603,3.7076266096733788,3.398547035210015,3.7410199810187454,3.6126703986125936,4.085837412701609,2.037429309582887,2.395612880627317,2.0289086059673136,0.7184171318391523,1.560047517565636,2.112915581699358,1.667426570203055,1.8656426434102422,-3.097098705145115,-1.6506928801031775,-1.3939370344298065,1.1715729657213327,-1.0444003203009105,0.16697473010576788,-0.8038764065243471,1.757095817715614,0.9883504900935419,0.8439918103266206,1.3287221872504928,0.6948726107973044,0.05123104109744085,2.0053852732379776,0.4843972782383233,1.2985136689311876,-0.11716087866885949,1.0230436776891318
3.780994098576174,4.111994940295153,3.6959733428404675,3.628853282639351,4.049715414111128,3.6759519891303563,3.1353894833937415,2.6692454584877794,1.8051228392267396,2.073152087435352,1.3740625578727756,1.0113320196331723,0.5773061729317783,1.0874358078758206,0.5814320283712249,0.9344485271661077,-1.6199431204956705,-2.6577730811472433,-1.2385312572162623,-1.4637739299641603,0.12346357446098079,0.314963340614198,0.34576961770059517,0.1992056418663619,1.0624189028463742,0.5366183102438237,-0.7727688559172303,1.7141741603630773,1.1442165151831591,-0.09558637495328512,1.4108571865180364,0.2983845092397172,1.6357466286387987,1.1845550385263044
3.863118590992222,3.618240485031546,3.3700861204131605,3.9504842460037852,3.031617606527479,3.6333182178794186,2.4575069727344947,1.5933122387821121,0.9578128532488122,0.17685842764149728,-0.3619044722174215,-0.3312810877343729,1.4117448425857553,-1.1502338841419766,-0.3868185202768342,-0.5629866381718719,-0.20490116665152158,-2.041462312901154,-2.3264135400584296,-0.9362309522207684,-1.2120741847257985,0.7118299622770451,-2.864061179270702,1.419285731442323,-0.47689835895427096,0.32531950434000234,1.7508626680876176,-0.6382487774816584,-0.2591446126308425,0.5269991563186515,0.1127652405898939,0.737996380594829,0.723863619519442,0.4942265000275004
3.5513895702907994,2.8932166049844885,2.8065974229216506,2.7430012228927563,2.7132761767193987,1.9133664487561821,0.7327118067341468,0.4244729721245321,-0.062271310823557635,-1.1234214032106393,-0.6074189980849518,-0.17183970173268598,-1.6829172624831914,-2.1429075392699306,-2.0952735495708077,-1.877362225577181,-0.1923202678792341,-2.1307960664958037,-0.7509644654917125,-0.8368039321631959,-3.8390190325097424,-0.43139535651809774,-0.7600605993612725,-0.8740959005940322,0.32682267576150803,-1.2463609240273912,-0.13863871887555157,0.4864018771295563,-0.0180998949730332,1.513216355475917,0.35653923291157685,-0.13379005658555695,1.1888989266232244,0.9373685401114665
2.95785590217543,2.544913703167047,1.6524374870395382,2.0205927068095186,0.6550191148478693,1.0646993949881798,-2.002383815028873,-0.6025738912335622,-1.000059007867356,-0.5148659525197068,-1.3222461372935053,-0.8988275595572556,-1.6213588975917648,-3.5417768548517574,-1.193984003859447,-0.25609704304115133,-0.14955803420641078,-0.9585281127646331,-2.2409883039220353,-1.6766376976473032,0.6035723269597221,-1.4252189494576615,1.297310318568652,1.4714731035999018,0.71483214888129,0.6444595146677587,1.3966972215116777,1.5973489368246767,0.6910543013031949,-0.016310063047858314,-0.37263605440988895,0.1747944562126034,1.0666330208200137,0.310630106031498
2.2631103229202236,1.5984497836483345,1.0557854943567413,0.7523066978462094,-0.2688686769050358,-0.5188294045741617,-2.332162124858962,-1.3566331527659168,-2.4506808336890034,-2.009889352225953,-0.23954807550321947,-1.5579315519061585,-2.3946331917946795,-2.1828551965551966,-1.44300072250653,-2.4069727278636974,0.5550213955080961,-2.2672479320401138,-2.487669347981626,-0.4246202407394332,0.8657747073515739,1.3122339429821104,-0.46826400636054566,-0.8008192714919488,-0.39501186352115625,0.0173405540147203,1.0857811740727894,0.1805866096355967,-0.43758202714322436,0.9185252885004469,1.978890939214844,-1.1225813230181643,-0.1427058781677635,0.6256772637280489
1.4495565822503562,1.2718324459823342,0.18101833767204675,-0.7807323725443359,-1.025581675362335,-1.7048889606019206,-3.281018229866846,-3.319545119473695,-3.5206083276301086,-2.2548071274627843,-3.108164595303593,-0.1953781413329092,1.301784884617709,-0.22471392598583348,-0.41926359628859483,-0.5553735068092427,-0.5189356291236368,-2.5268073371294193,0.3655679112926256,0.8540757016551679,1.2584806177294736,1.2052122831396215,1.1234972030775996,0.5452329441092907,1.1443543728457068,0.4722186352360147,-0.06636629538030377,0.5713717608569108,0.9108537226233562,1.4612920411406403,0.4605919146479947,0.15446445548723625,-0.10682592097626814,-1.2692692593801778
0.341988726201093,0.43844329321239967,-0.40627044485111613,-1.1615687989204742,-2.3266580396747454,-3.974014405271333,-2.9044906692354595,-3.9590915925630985,-4.182403555659322,-0.6962216875209503,-0.07799456376802384,-2.028478667806771,-2.383970379512453,-3.7950756271122525,-1.4242691505371112,-1.097365467189496,-1.1368372788257772,0.5846009002425605,-0.5803591775044202,1.2756856821163391,1.5784210882893672,0.3005705186556692,0.9706827029454422,-0.03619880360256018,0.9028373909466098,0.2016209965518791,1.5471111470186625,1.9977667352816117,0.7956896069442427,1.7432839245415486,-0.2656761968701141,-0.26997537359822227,-1.8431882344764456,-3.3766004543945813
0.582785487505634,0.08469716919462254,-0.43016080042110083,-1.5598151092337205,-4.355545280993996,-2.931092916799042,-4.372379351737847,-3.1213074709537976,-2.2677602842509454,-1.4422881783814532,-0.3740972954670668,0.08359114034952826,-3.622985363306947,2.832927472446789,-2.4486916068621825,-2.0687910305790953,0.5989916588316886,-2.044801730773738,-1.102384924480049,-0.7438291758600007,1.45999159803841,0.8172389192492984,0.11720081794800855,0.4921602711213977,1.1760239591671167,-0.2827953294795565,1.317351231079891,0.19803076166772493,0.08921798680619564,0.909449067450769,1.1823376592196373,-1.7792780229751461,-3.8325393866610256,-4.206405596539657
1.1850547522943957,-0.5252467235817581,-1.013722596864658,-2.9101029085875023,-3.947684135237817,-4.5813894121995205,-2.0671994448279003,-0.6057034102838483,-2.6887576096509065,1.268250105215538,-0.864161602102832,-1.4281685435139584,0.6413547114466516,2.2680753404046192,1.1845464308029814,-1.2266619805866272,0.5741037016550896,0.3416182686627833,-1.1823804040535004,0.42702277431501606,-0.03535286304557925,0.9118455417485221,-1.6655831321176207,1.0226733272468262,-0.6281023257813215,0.517910522988501,1.6258835262479994,-0.28911948549271627,1.6256421319717815,0.3611483939850239,-0.3646236120023198,-2.643832119208077,-3.6267508571233793,-4.905633488385589
0.8660472215708517,-0.5783572524528448,-0.8992133809956234,-3.2563525665002615,-4.499414528079885,-0.7373373674388778,-2.7771479233922243,-0.7096380154173507,-1.2703047143193462,-2.262865560435117,-0.07741367236086565,-2.036783515015404,-2.444872766691047,0.9208352045881364,0.7765394523357912,-0.48521125324528597,-2.1184247283568687,-3.264633241329231,-4.795645985280383,0.041897033887965916,-0.33340536746533356,-1.2018146856891134,1.0729787745236226,-0.1387445910975538,0.34197010750301815,0.5833156451083793,0.730635023299389,0.7227123715801254,1.1095574671554382,0.8820566353345906,-0.943416192970262,-2.671372705823507,-3.9881226892040567,-4.81446467396612
1.3736390174155242,-0.27928112509047776,-1.1052301098671362,-3.7198899252263464,-2.150941203556988,-0.3058871979382687,1.675860583558537,1.0764059749343098,-0.47036077173698504,0.08861113950257979,-3.2634746435567874,-2.4534195082889436,-0.2815898553609994,-3.512230306605783,-1.0667155203910326,1.404338446739853,0.2997324846452742,0.8112253634039205,0.35421758760384936,-1.0550754240328606,0.718934094925663,1.1466545186944395,-0.133976160859179,1.2767169887532244,0.5442120855409619,1.0933650914629736,0.44863035617129265,0.216139625946131,1.0036673883308118,0.9674944613543462,-0.8904625162130099,-2.5545173652000295,-3.79238599395059,-5.3060406748515305
0.7661694132709473,-0.27991380549664724,-0.7448223714655785,-0.4767048335618917,-2.3325737082144884,-2.8734156163203837,-1.5042373884852132,-0.8087276469811526,-1.3776138545484002,-2.2021989042373407,-1.3796150592255207,1.3157353506026483,0.5747991050873154,0.2956224172417886,-3.4457045487144833,0.9382130555111075,0.3782529732278501,-0.6493157422946657,-1.6735467236992725,0.45995704157422435,1.172118496824248,-1.7270123261774255,-0.19834827071177072,-0.03099335644148954,0.7185693942100382,0.44395484787656625,1.51304170075381,0.6882751295587468,1.1900129006613622,0.32741870707956106,-0.6363410369298973,-2.824389665358342,-4.296889251969358,-4.648911337321005
1.2109968012993328,0.12405477100414788,-0.7333918442376165,-1.7557424655900316,-1.043978990286169,-1.6924816138647438,-0.6820823174860684,0.4368725529177632,-2.0694733770860925,-0.6673609089857584,-0.7774854029102635,-0.889411399368728,0.5381491014312224,-0.18135189380088657,-1.0246359244793926,-2.4175324843580808,0.9342050342137032,0.7646136005296265,-0.5558205070902856,0.8057808751612009,1.0818302626840979,0.8942799153354287,-1.183203092171606,0.02281655211627886,0.2594558402840073,0.511256285689625,0.5154169949195319,0.7780507138956938,0.7773575783054095,0.1569041013920395,-2.1427064608460156,-3.137769924109796,-3.8509951110913625,-1.9177268434243235
1.33637349790093,0.2060498570139794,0.6458124188800831,-2.013902124543338,-1.853019462649399,-1.3698285274232462,-2.334178688163208,1.7318825348191673,-0.1885035646005091,-0.49847789603509945,-0.5646854185120501,-0.8946763058105732,-1.3666540666167077,-0.182440347573755,0.8215044511158206,-3.6737531619384827,1.7110472025739014,-0.5849632511881974,0.9842398051750905,0.1710573325076706,-0.6391498998428907,0.8179981698939106,0.5412764534943326,-0.20303315810752284,-0.5004907571051797,0.37026776474204626,0.6187049418939056,1.8959808321599967,0.6524700837195776,-0.22482530312589738,-2.428338076632144,-4.296665276394659,-2.702324303806226,-3.1252594160396434
1.0960698240127744,0.9163335861029231,-0.108158690312543,-1.3491808866820136,-0.1417999343365231,-2.0758801867906898,-2.619634942460499,0.5483808795157105,0.9624467321645163,-1.9424030161810426,2.1468412101046206,1.326874388606901,1.0938871251448323,1.3845587299538928,0.9914258424969624,0.9457079702852602,-1.1870301022237568,-0.2370215259625094,-0.17907524253354778,-0.5849323474819389,-0.38492887837932466,-0.1322888251445676,-0.06492739536473983,0.12478803875600236,-0.36544335080611945,-0.1764522645289899,-0.39367587409283206,0.3029716866196761,0.21912826695903198,-0.4363248105654249,-2.784439177710788,-3.2591360568646905,-3.4267318841739027,-1.6576066691598494
1.262962388463637,1.2471698160852827,1.1094868221775063,-1.195505015125122,-0.9628163608797057,0.5579997987340855,-0.8086029161868438,-0.36673688155870815,-0.3528352101334162,1.767662367705672,1.2804252367474347,0.3161818839321182,-0.9920694415681459,0.8690742716915466,0.5500921284255789,0.8141372127550678,2.099301901248584,-0.5318266962007987,-0.8296273456077048,-0.6217664058073977,-1.4710712545713027,0.17478521837679678,-0.13248276240010318,-0.7725391726446402,0.3670725046598394,-0.2287038945968394,0.14628374096989108,-0.18902462977169152,-0.06199755626277693,0.7433553029078845,-2.1759861670489893,-0.4203535934886233,-1.1890035059351631,-1.9061318954628248
1.2422317191689083,2.0704842220170057,1.5432446690029773,2.042667753842086,-1.238315579130505,-0.9925579973220009,1.9489469970372018,-0.8620850679444364,-3.8935017726817636,0.8574954006777865,0.4445266498183389,-0.04442031800969943,0.051104827707101515,-1.4791802097742728,1.9889933905804862,-0.7116703616347242,1.037972610029786,0.2835228677525699,1.4096709514332124,-0.6913795236156869,-0.5238490337171967,-2.319622867075021,-1.180231693730749,-0.48463574001848314,-0.47306819723637505,0.4891755396808105,-0.03564743575369196,-0.6507256540743453,-0.3184373178099103,0.39969992659585263,0.34477175463134346,0.27991960556492973,0.408892087277388,0.1002870472037316
0.4628751173000571,1.3941060425094507,1.8945796105592172,2.06710465917136,-0.4470177661067119,-1.4200519794530988,0.5537595934068753,0.8881324425526504,-1.5523758605130107,1.0251554928259583,-0.3281516073316786,1.0539113443503272,-1.1096315380175046,0.15564265074574543,0.3927813329371513,-0.07131343722262905,0.31568389779709594,0.718513687754703,-0.21575758823239552,-0.010178200061164959,-0.8180271980905087,-1.3334443428383418,-2.4352165115679743,-0.5556187571680318,0.5516576098575657,-0.04789998083441775,0.7701008536246723,-0.03213080791720376,-0.00046767227074039286,0.6949516486915377,1.355180746226355,1.1770317555633747,3.9984207573067025,1.1099657232886166
0.7269072431154697,0.33920766480239367,1.1975942348671387,1.9562051221676477,0.09898441194993347,-0.6171396075422892,-0.1381335670044883,1.5831785488052457,-0.9487577924828009,-0.0009301249047514597,-1.0895184712356047,0.4142157004689062,-0.1866557371736504,-0.21599096894455755,-0.344289255361459,-0.2234360401299814,-0.48158938147187386,0.7887379309445863,-0.17805698896563232,-0.48376199145369714,-0.2304594873775874,-0.19530591141097867,-1.7577703658551944,-1.292662492503167,-1.3426047113769146,-0.004228577245137548,-0.3085107713160638,0.0020341163924526254,0.2153723272924046,1.3182787320929445,1.8114871933692471,1.4658138097262672,3.482985935996055,3.6073054502556583
2.4573744369771156,1.444306333998683,0.0941388375188442,1.8056235458846892,-0.4828769969758702,0.2592293823342406,-0.6666321640433986,-0.4127784539800796,0.31244255302141166,0.8343861578106584,1.869032755021199,2.2779210709525213,0.3246386598895282,1.317151673605364,0.797966149717131,1.52728905311456,-0.6939511744826754,-0.11292449552573156,-0.11827081148320515,0.20291339363747418,-1.1466381818435873,-0.19801132993528767,-1.6287946136090077,-1.3956614244094065,-0.8895697103469505,-1.6772817434603273,-0.5420085952127506,-0.6222907011494546,-0.2043537777667503,0.6006020532483046,1.2770050741145986,1.890809304623113,1.4249832742329018,4.799816715767601
-0.5855947192899713,0.6879452798431016,1.996415493239074,2.548001968994473,2.9413375197875835,0.6228313100164864,-1.5709224115778881,-1.092011223523699,0.2532716806283052,-4.639320398598719,-0.5579471835804479,-1.8739643957266217,1.8339096745421464,-0.46254186927185115,0.5780300890413795,0.25215953850426237,-0.33620506983550286,-0.32639855521954053,-0.6557091954887869,-0.1696755976525622,-0.049215122450215205,-0.3021812783446026,-1.7875501327701748,-1.9313832773063364,-1.2898496893223899,-2.02331118247536,-1.9114182613361919,-2.406736974857583,-1.0229256654164824,-0.5542074955356284,1.4755053549742043,1.865915786289813,4.21689368889362,4.457974314464293
-1.3148086828909369,0.6942045733035093,1.5986121791642995,2.153090523286147,2.5033167459477865,0.7647633987341701,0.4911995158927347,-1.9652708134816195,0.09117990411685671,-1.0427131466849144,1.341674225351419,-0.7525045154118893,1.1256431826400233,0.9444236508816829,0.4546610531531733,-1.508628752656378,0.4130505149051117,-0.32551261728172043,0.09095670260834937,-0.07844050497393802,0.08612376421031731,-0.041007358240955825,-0.7397506174820048,-1.0528363440857929,-0.9517447024364357,-0.05224660285499414,-0.26841004770125604,1.1581041950210123,1.4920326242503315,1.3613927301150759,1.9922785826734841,1.4116010027086674,4.72633640043858,7.332506425535661
