script/wind150m.json
{"header": {"parameterCategory": 2, "parameterNumber": 2, "lo1": 3.000054539987559, "la1": 64.9999836372058, "dx": 0.5, "dy": 0.25, "nx": 34, "ny": 52, "refTime": "2026-02-06T16:00:00.000Z"}, "data":
[rows 0 to 23 of 52, columns 0 to 33 of 34]
-14.61598294223097,-14.770408250836445,-14.698775133844128,-14.351978970695507,-14.045860108288926,-13.722285633936435,-13.378716495879235,-12.680377423924154,-11.822993824918598,-10.989698654476515,-10.017357123950953,-9.075057112837225,-8.234572225399345,-7.087625728268585,-6.09026959161848,-3.844160065059972,-1.5148744118826751,-0.779550876299976,-3.4731185338242727,-0.004155483619269889,-0.784061647902329,-0.041463184405904414,0.2283863508486071,-0.18400865191978516,1.3206086503123633,1.7104012163947808,1.0485550273481357,1.924582130536116,2.7574225814229583,4.147096823381491,2.336667337693083,3.4045397337515926,1.7315010329002547,2.750417696928978
-14.782898375463233,-14.826429142178629,-14.835242870528916,-14.755046354029894,-14.592073770610172,-14.18924673337218,-13.748639053534498,-13.370706086444738,-12.45200855434405,-11.456212142801562,-10.147894656258728,-8.86629895930792,-7.789667527315978,-7.4337265394557,-7.082149320555642,-6.10284767276214,-5.889716745287983,-2.6893472062079944,-1.5254905386765998,-3.350165692672972,1.5304137910198023,-1.8031789226108674,-0.438524461451842,0.49188001748262794,0.2770582817377447,2.3779267995013744,0.769380059199689,1.9819042365745254,0.8413104737899915,2.5978085544207965,4.3959103388684175,4.075689264420104,4.477372220175075,2.0548606700042202
-14.957129989255433,-14.925587155536022,-14.771960690870698,-14.917082739092416,-14.949763512440216,-14.913223325129891,-14.698125405966492,-14.003670937063992,-13.355110943030077,-12.51865721965059,-11.359386158140994,-9.789107316646566,-8.808810431627956,-7.115442729088266,-4.85025049164111,-5.16684715523068,-7.8978192363406405,-9.8060884007617,-7.876641788967603,-5.379705150692904,-4.24508884490882,-1.0578666350873336,0.6152530709270048,0.12021849568927567,1.7899594614690317,2.3078630067069983,1.707314304020829,3.067743815792351,2.8142721073762478,3.1742878379350428,2.0032287096628627,3.634877008740849,4.9617048258041105,4.4501396353693
-14.52491981243878,-14.232806683735893,-14.163912032400635,-14.36455192789938,-14.594460623503519,-14.682181696014114,-14.477809363573362,-14.501273054095574,-14.108935642890431,-13.394939461977847,-12.853144236698082,-11.308269814034473,-9.270650821609339,-6.427337055880082,-5.763193448759772,-7.738324287626903,-4.5618702648719225,-3.3505104059143958,-5.029260539674711,-2.779414900070038,-0.15789175159565555,-3.0192222209568635,-0.8767920492800099,1.7312234465582699,1.8336587786031846,2.9361017713403124,2.315037389561789,4.2478685065423925,4.243974544728124,3.265725360685121,4.1268030811963765,2.5682360494735907,3.3596487903017267,4.368163265358389
-13.190939454128065,-12.809598271407062,-12.794804027652935,-12.931474992671504,-12.357221469738086,-12.515207939253017,-12.69423804380472,-13.018359261040178,-13.798897795114563,-14.6054338630874,-13.878407806218647,-12.291759730876253,-10.613850561133678,-7.531581451213445,-11.313720133049298,-7.614246489361007,-4.049907517683926,-5.607137724261504,-3.1190688604007857,-3.7866286167982057,-2.5077504385929856,-0.9787821832428298,-0.058926488379881584,1.559482553262934,2.029979336854504,2.352815332085698,3.436121424915502,2.8554857684752126,4.197857483959546,4.800479545898392,5.769192619418938,4.247798175484707,3.5702421073533177,4.2273351902252365
-9.518848978470901,-9.716736198750072,-9.349847251362068,-9.689313817927317,-9.624362363819586,-9.86486521395499,-10.131354930958121,-10.161177644075089,-10.285213613879188,-11.817652062155311,-12.415121391191239,-13.489219851962115,-13.110525142210356,-9.352656300923638,-7.969053074058886,-6.214119631680046,-3.088338449772024,-5.438746674147953,-6.132099045475701,-4.00876151593676,-5.025733442892185,-2.0923012890967843,0.31948382877404996,2.1012831947524013,3.5935914193021326,4.85602545057823,4.863450670780766,5.677900134593265,4.412698701294613,5.060167136817813,4.861367142044853,4.402116784636563,4.320278507464437,3.084081711438585
-7.985330990715918,-7.937304398939128,-8.858830462148427,-8.790286401366929,-8.598642443874853,-8.645282991970397,-8.821062754140463,-8.63799399664871,-8.546595161514459,-7.6497224905818735,-8.659338474028461,-10.611342425924311,-8.354161709384117,-12.196297002283224,-10.851565119555975,-5.612660584388164,-3.1436566558465735,-6.733929035134061,-4.828922026948112,-4.540784495331756,-4.316609472577169,-1.7037276959311696,-1.1503078515294591,1.1358369289253996,2.1787159226781774,2.9925893228614835,4.3235959859753175,4.778470483209744,4.049342184998936,6.807627223170523,6.461719814623748,4.452166493663581,5.203528088170249,4.957669222487855
-6.803493429285173,-7.31627678624379,-7.5423029566109125,-7.94048673836748,-8.52509060842016,-8.653561549461482,-8.633184154234359,-8.81281212910549,-8.78961871775451,-7.936617675769285,-5.028429512697276,-4.505529772896743,-5.171131264386562,-6.079615105220488,-6.005322903940818,-2.5560840605341557,-0.8931110143991824,-3.6140425393766407,-2.1743194758875672,0.7222203468077364,-0.5612902548582995,-0.1784424466489424,-0.8581772752760527,-0.10124382533911155,1.2526046326321592,3.4845148486955946,4.620928975976302,3.19248617913926,3.9445284023590457,4.26128982203722,4.329263937312251,4.929745009746976,6.026995814367006,3.998057773793854
-4.177837458221199,-5.114529401900625,-4.864859438669126,-5.116462046845365,-5.558110729524806,-6.548638626740737,-5.6289420036958955,-5.4734977787295955,-3.689388109138968,-6.049363956914454,-4.226527182695346,-8.59104337777569,-7.826327187585148,-6.395460785018961,-3.37547516184049,-5.495300144932768,-7.0984056434741944,-1.8640809680359267,-6.6887639955088956,-3.93135200575778,-2.8253110662547436,0.1729160600573225,0.2984999766888508,0.5932225622849913,2.995050842271146,3.198750828069939,3.188540174367153,3.3437873127080526,2.8246271183359655,5.7669616687555365,5.56859135849827,2.147276236086444,4.656887083337911,3.894260413364191
-2.3243681311762323,-2.4595074318948273,-3.7106148111523147,-4.059672434201266,-3.5002182331285145,-4.266503126101509,-6.20689569024928,-3.857266953226542,-9.093258825310643,-4.393336506099935,-4.3384262201479,0.7657683643213827,-8.61017063798624,-0.6899281403175355,-5.141125281392152,-4.121008809869396,-1.5458365705729553,-4.229076966130428,-4.6065829906129645,-1.8373980462161201,-0.369356448960787,1.531180292101943,3.7662395676558185,2.81668263638747,2.3274267035525207,2.2049863273380983,2.8600931874858113,2.1581115723893083,4.968465981287502,5.0622429012759085,5.879403044932198,3.9204408472008443,2.203517002064477,3.525743116794829
-2.1434611223840756,-1.7066132559817164,-2.0345379628337623,-1.8177658863561115,-2.53254602800681,-2.695594858931904,-4.26352533322194,-6.00413329246353,-1.1119146732187575,2.123432310548819,-6.507610982874719,-7.325611501594568,-1.8154711741260927,1.3570451694939338,-1.0900226882103639,-3.7459549293768317,-0.1037773689991349,-3.4566744738785036,-3.9128130993000787,-1.6735081890053232,0.08456748314389348,1.9298104201582238,-1.8183767372744335,1.1925989575148463,1.2329116005950036,0.9058135916365978,3.3906101823163852,3.0786732394663288,4.99648720049044,3.985454851934756,1.8202671430762238,3.256225226306596,2.508261161574319,2.282487020006288
-5.821578009270564,-2.6468298177611986,-1.9885325865684886,-2.263041656576808,-1.7753680263216178,-0.43376764789518835,-0.98536646345736,-4.871358315577238,-4.543220162326166,-7.737281821775159,-8.583046795639838,-9.234895549647593,-4.746883002254022,-0.1024118665390181,-1.210549462025086,-0.29112485233535473,-3.695805848606159,-5.0161960160755426,-2.1091649251591824,-2.449385991569561,-1.5420303366776957,-1.385142914662024,1.412358017976878,-0.5317774955478237,0.5098292786906612,0.8221072344872408,1.1608981225627,2.0704501618929254,3.26129529216035,3.255587252161708,2.930702355563016,2.236651674667258,2.4182667337157864,1.9885301142101053
-5.60170268688859,-4.094416469084482,-2.1161086569900682,-0.11351701728104938,-0.16293674932577046,-1.4766099563678112,-0.3328790869394356,-6.299613844290009,-9.678929838422084,-10.42824673630639,-13.247467624663209,-11.374657953736858,-2.4410871678180928,-4.830340692929777,-0.338445225992131,-3.9946038213711046,-1.7532471154036777,0.2366033459147237,-3.967800415280211,-2.059295030727176,-1.8737830937192648,-1.4474262838682748,-1.4502549419427062,1.4595500192913358,0.22239959750955896,-0.85348423917333,-0.01779410364792304,0.6451871502543147,1.8574172374781406,1.7909009152923014,2.258144524345192,1.8464530104009145,1.3521181302021923,0.8312886161987607
-7.149497570822033,-7.72749745265723,-5.379380811301132,-0.5013437410075879,2.231196749397349,-2.8543940516443733,-8.626087123142343,1.189822489379174,-13.148440664696142,-8.423396400393846,-5.711683141377881,-12.83480841453718,-2.6372180560553304,-1.9712638447799449,-3.50525621928104,-1.1561897978241171,-3.09959083592219,-5.660962560574756,-5.433515292172914,-4.0665098788083585,2.560112810932164,-5.9077344675277015,-2.7522200732326714,-1.6194521653295864,0.08894379871464574,-2.6757101798964715,-1.7120164989413593,-2.2123228031686772,-1.4073155050246544,-0.5847930320107652,-0.8383563447566366,-1.2881665046013453,-1.1266710493593373,-1.1172435795200981
-6.332813834036993,-6.871845530335339,-7.246405767293532,-4.265589277137784,-4.875907520529885,-12.124092890479996,-3.6438864456830657,-13.600638298789503,-6.463979511482684,-1.9068037591980016,-11.325229932346698,-10.347863197991835,-4.469682031046573,-4.433388509447254,-3.870095345254724,-9.021600482880523,0.5390569919308786,-5.787893405211042,-3.6144768522469035,-6.117504529205392,-0.3303550916518432,-3.635897392267613,-8.527815619585123,-4.2356068197365495,-1.0797339714332017,-4.677690815432187,-4.030443800523851,-2.670704552559134,-0.9476777273642581,-4.073137753580554,-4.11719931722231,-4.154300920301411,-3.571948787695233,-3.8229106436480498
-4.846026425537292,-5.008181673550294,-5.85794077347115,-6.601011926139172,-6.857804180591393,-9.742375426413707,-17.298123520870117,1.6606145458703012,-5.011516951544901,-12.58543227444759,-14.807058525444042,-11.646454065804047,-5.241673410524455,-6.148858445069587,1.3716491037684255,-10.760245061323513,-6.394991676990736,-3.8632255731073744,-8.664943907787375,-5.475826228749599,-4.137015277764386,-2.8975528593082016,-1.532529420061685,-2.657663979193792,-3.3294182845448708,-4.626303170020227,-4.05099231841584,-2.224193946486401,-1.36053044801385,-5.709329485716642,-6.070367048803319,-5.937954798583169,-6.110188880826655,-6.192801338242174
-3.5884187073732563,-4.176336656130529,-5.552305857191202,-3.56620394663664,-6.694065144995837,-16.22558078879057,-15.065607167433498,-11.641236053622299,1.0482288401014968,-15.292300222880261,-13.476247322023777,-8.312860454373471,-0.8654071832944814,-0.3701261334251313,-1.1250253875899283,2.8179299105802404,-8.72577326260726,-2.07853987837855,-5.591355891570379,-3.634724801061601,-8.007734143106621,-5.079775084165053,-5.985631153282217,-2.8245235902462387,-5.026337286235869,-4.829709429733579,-7.789772514699327,-6.67058979052197,-5.372103488631414,-6.073317700896215,-6.9586794230050275,-7.357928076344446,-7.671511328365632,-7.699148903527102
-3.429337485422831,-2.709421659943866,-2.641698585921264,-7.066676969219668,-6.376465250804841,-7.570485803078528,-10.505420468279368,-4.276231506589983,-13.310861739331054,-10.48008364762029,-0.6159986715331583,-9.774399043455267,-4.057129604360818,-3.4094356658481746,-5.518293007244448,-4.563873312924268,0.7045790365310866,-2.753705197895561,-7.5526297708455825,-8.963014598760735,-11.365682241535655,-3.970228933083312,-5.4275514257982875,-7.2907942155084084,-3.9143404060130793,-5.953333014763211,-6.645416577654729,-5.072395806552243,-6.567827915065369,-6.804653335844501,-7.303072543030829,-7.846564616084657,-8.05749100409925,-7.856999560715494
-3.0072189374669436,-2.700287451662613,-1.415779946969001,-2.9213166159240687,-7.547617501319481,-6.796082884500324,-12.11264919158394,-10.199858231779332,-10.545009152707618,-16.312886315347882,-10.964988688282745,-4.6061314275774246,-3.9163172958794488,-8.044321883409498,2.578531436021084,-6.107033911611527,-4.507125594924496,-4.3780635649537345,-0.14464773681652554,-5.625484082265492,-5.411915762986937,-10.087113270360547,-6.808441167416637,-6.8270001540401966,-6.383108329672738,-6.325888148778411,-7.202622574753983,-6.1132316153040405,-6.118088434288418,-6.280923718342329,-6.618706356360754,-7.617405029520133,-7.958146324614413,-7.216078982238271
-5.462766298923964,-3.794324227588624,-1.7361137748616378,-1.0539937561667745,-2.6298688045820215,-3.4879802993872504,-3.58661065407744,-9.874051465987753,-17.54894959999983,-13.018961939148348,-9.328416477179712,-6.283942984950841,-1.0845385758520312,-6.848008337369433,-3.144818423152846,-4.0865814365163775,-2.7067126390692566,-4.040707409201594,-1.3475263282309455,-5.355536650724397,-4.1073991612792025,-7.106857936695631,-9.701954331838737,-6.323269189482139,-5.218947977738392,-5.987476349291175,-4.745890409620285,-5.831378792043637,-5.432256104353259,-6.044449528079458,-6.1979669494201435,-5.913515463166452,-7.808781897026883,-6.800535446499294
-4.524466611686247,-3.8720391114914743,-4.929337475828871,-2.4943673316425294,-3.6683792553662795,-5.0699084093804485,0.06365473433325534,0.5839839106213237,-19.190799107759638,-11.230272015164324,-14.50666753755525,-9.382335290045122,-7.310456209563862,-3.1460031956748105,-3.3651436940492117,-4.9534770453450205,-3.494360554435999,-3.1639060122396456,-6.760822520088133,-6.571208996284526,-5.367220074594952,-5.715437670271534,-8.463177002919371,-7.334537835081931,-7.940219178518429,-6.4204986728406395,-6.023557714712231,-5.6284720406347715,-5.824553236351294,-5.8720734475419984,-5.8888455945350096,-5.8192128828869825,-6.335839392777051,-5.55204395073418
-7.221362960733151,-6.135981342436809,-6.21681180355388,-4.705482154070446,-5.3515749916127975,-4.556359048288929,-17.052630225328617,-22.244271700150044,-23.8595596054077,-4.690192751956547,-3.1271881148541554,-8.123584016999194,2.6511165781234634,-1.2823442289228997,-0.2862969174978024,-3.502699404395931,-5.7664148098841865,-5.0369693799432715,-7.039376383881813,-5.7274430512478345,-6.285011950487813,-5.831651936980688,-8.251508552595736,-6.599280235069647,-5.995360909538403,-6.963650537317417,-5.843090974215288,-5.7380399010329075,-6.180655686941895,-5.945953014417023,-4.62204547519144,-4.804039043735683,-5.505555677132319,-7.135378485910716
-8.920212409464497,-8.09987629951842,-5.4608908146047,-7.085153465881471,-2.949217472482772,0.30973677769843416,-9.624344716417067,-17.35687926435559,-15.379743294179361,-27.44663142579699,-2.44217978477889,-10.214760224767284,-0.40915667522685256,-6.57919879710126,-4.1209572959540814,-3.420255310671174,-6.139915348861496,-7.900459102205907,-7.582105834747521,-7.146925032520784,-6.44102968779069,-6.629336620807226,-8.35227723049004,-8.666998681201331,-6.966561107283958,-6.103574808508838,-6.80319665853943,-6.4185094388353585,-6.611905852100375,-5.13318486177464,-4.651516273846004,-4.6948247617569345,-7.485116409334499,-8.463282175285302
-7.75605193186593,-9.423673552601583,-8.974397365404034,-8.22607004572651,-5.943917475135167,-8.349142890127629,-3.5775881587324707,-32.70557195388206,-25.83676373658261,-7.003431916166854,-3.2365223098076643,0.12623156565874297,-2.294549880270236,-3.67351072467793,-5.907669467644955,-3.9595726220150183,-5.778199780255735,-9.509283193990965,-8.132154839774952,-8.914392670720899,-6.829700728527908,-7.911095404329359,-8.10586240402689,-8.658865851249745,-8.003588409630032,-7.464512738295439,-7.574198388897476,-6.546196305332946,-6.098209905212774,-5.2243025147034485,-5.045029408127486,-5.972016180293308,-9.350458022844796,-10.334175192261261
