script/wind350m.json
{"header": {"parameterCategory": 2, "parameterNumber": 2, "lo1": 3.000054539987559, "la1": 64.9999836372058, "dx": 0.5, "dy": 0.25, "nx": 34, "ny": 52, "refTime": "2026-02-15T11:00:00.000Z"}, "data":
[rows 0 to 23 of 52, columns 0 to 33 of 34]
9.919269021845988,11.369621784614923,15.25352637900317,14.753878426155453,15.62058891593295,17.651441925684335,15.405455117992966,8.148381500822573,4.98810933929185,2.1690459670450863,1.0598600303736485,1.539105208150637,2.023586778153596,0.5688749780175212,-1.2287919252869601,-1.2447079356641306,0.5702081544059578,-0.9410807154207699,-0.8357790761781513,-0.07772741439129977,0.18200048050951037,-0.6551984184028873,2.299458435642146,5.140626161193831,3.823766789427128,4.7811734077229735,4.766271177785625,5.973594647116277,7.573747448292286,8.257636250062928,8.215062120106264,8.26716675322304,7.2573174624667605,7.499902409798682
11.995737967401196,12.565309480346237,13.049015679626553,13.39816397863049,13.096345073799865,11.795506343191137,10.915761406483822,8.233499794614465,4.33890586744955,2.7706789374813083,2.335838386411935,1.6112281320181854,1.6077348897315151,1.1353294022482145,0.38136171064561153,1.273502211619278,1.1846240751578887,-1.0054770179827743,-1.981847655366182,0.12180642784378479,0.5896555331723776,1.4708998262502917,-0.9475920487580283,2.0353169177342973,0.2259722721619126,2.2514069855305774,3.5623642900083023,4.588846596351368,6.271009078713204,8.688037167291313,9.638244999274711,9.353506508214819,7.3086743976970245,8.571902881027494
10.581050287328447,11.31369509175288,11.98217866591917,12.44952258416155,11.33166166178987,11.343211021894696,10.666398398120522,7.339947638551669,4.439573616968269,3.2292219014855728,2.6407362092283466,1.4064317481996078,1.4822618163542858,2.262334652502274,2.6048880105907237,3.4265616526703733,1.8038683148380077,-0.8272233399368035,-2.429684412687065,-0.31250417783305856,2.7307279862505407,3.4431690967370487,2.541643436496392,3.4212650066763453,3.195912662602192,0.11697008001014167,2.26374934143069,5.3146919142648175,4.605160657098792,6.906599793587893,9.617758549509063,9.361808105764323,8.793278456778467,8.059179079430079
9.214591200548972,9.871875615070516,10.803411700420487,9.221650996293116,10.119936132908604,9.176096938675009,9.455885425862217,7.423347859045659,5.25098946747936,2.99893714277475,2.103808629835977,1.9223843305400523,3.9805065831079216,2.207233784276023,3.2394704093821503,4.1059206523042135,-0.8992633968412668,0.6405118850213425,0.7233064368740197,1.0330293484624349,3.1362775817361714,3.037349586665075,1.1106551573872199,1.96694535982765,2.6345356052071893,1.5135522968130677,2.7116228333560803,3.745737920156398,5.585258263064252,5.714053745209095,7.427851504008981,9.57817609085564,9.071826272194398,9.237529049604895
7.728199673096239,8.37774320656604,6.9565891074373,10.051226584415563,7.644791992386325,8.024451712407245,7.580354754738556,7.5962312181084535,5.102219900307196,2.27917724569947,1.371405028742957,4.198938015858435,3.793730955593159,1.240289928015664,1.1920029514689001,1.9928017899371055,1.2045501585392129,-1.0607125389643526,-2.070775269773695,1.2605942611372176,5.098977021235178,3.479673965926238,0.4038769956147115,3.9442132381149704,2.665465902732702,2.4420098779926245,3.0913797838668486,3.607547890694207,5.122250341305155,5.255142994049636,6.6922621159265505,7.814091012281658,9.64159674436816,9.717051970686784
5.802931826376374,5.9726030429309915,5.942485198001721,6.3098651326739015,6.583719284518268,7.444474171699154,6.092248261758653,5.997136833217225,4.348149301148161,0.6321972920551576,0.955127673693279,1.4002228309209181,3.448422603587304,-0.008556230264669722,-1.9209627289341737,0.9418202060795163,1.073182465746182,0.3758908903102545,1.9772782857655604,2.5278346128246465,-1.4308275454063275,1.3286386409087556,3.4043708880557366,3.523430059170219,1.8921937174984724,1.4231043615447116,2.36578573805582,2.715922728994897,3.134241458340112,5.694179174897496,6.412774888081429,6.563901100344166,7.975651645541864,9.28796241436965
5.016709281547601,2.1730794571845062,4.65097668858673,5.481932517985159,6.067888558885941,6.456535055215655,5.886950614510883,3.9680960715684797,2.8306208215766517,1.478380014864574,1.4248790586555697,2.8722136969895504,2.3015041039689894,1.8746420617162458,-3.4928425306172057,-0.5866857623620152,-0.5937052738117516,4.1643265142492645,4.179829176702132,2.964642107453469,2.5874363986018425,2.5856492559021755,2.6720554472623568,3.0358699654203285,1.6679699462321427,3.5904561136496937,3.9681704434197034,6.41999258202847,5.886688833334936,6.801023219949792,6.084542013322468,7.867928485639254,8.382745651641821,7.93811217568325
3.983469159867097,2.3888342911024028,3.2397384033325713,4.571229220704968,5.06203020028347,4.3659382591733555,4.328393579959848,1.7414718972974086,2.818304164835236,2.478884714523017,2.4291986421892897,-1.6386879885846675,2.21267745397738,2.968183792527624,2.976704888900336,4.861173320329756,-1.6621778752595333,4.736366849743146,7.083101848808576,4.881131728013837,6.228224428190738,5.710556445600426,2.1412061826914037,2.5989987323262698,5.792767568474794,5.562378884144947,5.739814870969104,5.415284008120161,5.832952303137805,6.425181041171558,7.2360552444936515,7.4772853767948115,7.202094514837963,7.880888787977645
1.6387603035335974,1.6138021283152437,2.092235566006099,3.4347738146213818,4.046173880030118,3.9485645193006476,2.6882097041523583,0.8936040090165642,1.881070673879619,3.1700891473433552,-1.46392710783593,-0.6536335812785172,2.1839303158156262,5.078334934503946,5.894335497680627,1.0112067997520071,3.402162687005281,10.408784518686428,1.5913927948288438,6.907216484811451,7.066831003268517,9.042831513604058,9.150259667971472,8.189985247641298,8.373131729319162,5.512888812340053,3.1916845148924655,2.9136744778739083,5.799302067097343,5.414134611706951,5.469724858632558,6.721608404528752,8.03867892191604,7.3114339406010735
0.5048030211327765,0.12873737787689746,0.591420033416833,1.6760856781119988,2.6680736561359946,3.071035208741468,2.054021212899248,1.0989158669511634,0.5022082097454482,-1.9646843827395626,-2.4133374630992783,-0.32913636582975714,5.470949564921899,6.65280176318755,3.6402719921499394,8.470397351677647,8.313798404597208,4.8050312706032825,5.991804790241213,8.966676509227929,10.05356129192705,8.394848143616764,10.603467305865637,10.506814562801562,5.560916627684247,5.2851875676470925,5.346072287225953,4.747231027216063,3.2838173745370933,5.106522656243863,5.395038453281943,7.059026437459579,7.647860888841233,7.503768367085001
-1.1001121901721702,-2.2030451437650598,-1.3185327799078135,0.7513040109285517,-0.03475818186889397,0.4529895522249089,-0.32616100867482734,-0.8180287926954346,3.2226269892505215,1.591292389573831,5.749433844876498,-2.4248604720771922,7.29016764045215,10.02742950386811,10.249671960089026,4.097859846089393,4.371105453721439,6.389005325040384,6.761694628013421,7.780243689975134,11.343186962411167,8.301661380101304,12.607473191053488,6.880511527763664,7.594035655422419,4.782451060987888,4.407687221158285,5.344110304468818,3.320588507627737,4.508912626431833,5.079435608545403,5.671911129680741,6.220192731762289,6.990834904851303
-2.717910089304275,-3.2944446003783665,-3.43903999545626,-0.6662449626327132,-0.9362295111011502,-1.7861755966397292,-3.39553199918274,-3.374976348912034,-1.5998676528993023,2.2130596227725805,2.4638671442971276,3.579824504538042,4.776499779380222,5.294069970029401,7.8048764670736475,5.86864482062537,4.602802095097106,9.588493131310479,9.279495838835237,11.379388354981643,13.257434180164083,12.095895007615445,5.7913303942473044,11.301792759465853,10.120633432224766,7.559091486641767,6.554322308421243,5.595825023725912,5.029009439820182,4.136405320857326,4.733626278025473,5.346492242130347,5.219619620391889,5.512953362094882
-4.056572317481958,-4.524029978501313,-5.192795612103844,-3.5804579385795616,-2.4280710837119934,-2.957463736537958,-0.41448779420978293,-0.455933248685497,-1.1743068850052263,1.7635971898506901,3.4851972150453614,5.9828546270703935,4.896919453237808,7.519007655439196,1.9542785341374813,8.953204503126692,5.714437140887351,8.324122444413147,8.846268254411648,8.83704988436663,10.968132529004002,13.623233955826615,12.534876192231097,9.687298993893606,9.559486969877065,8.688501838426438,6.98213786090861,5.63982931972419,6.128205723634079,5.014818629183548,5.206767810047987,5.895655506106096,5.226180229506153,4.6992030387219215
-3.842783007222314,-4.905694129908599,-6.320453475764565,-6.82493147650801,-5.313655964309749,-0.891787938547814,7.99856154125804,-3.655529016839729,-2.4313005887028303,6.385858655529702,6.188092851654369,8.064173493277195,2.1951829985601017,-2.977391994099751,6.030858946639111,6.00889484719403,8.496490636653903,6.886283612829239,9.551557145443697,13.722474703917737,4.379778114048775,10.212277771076879,12.734038943955854,12.03323395604277,10.682116850740416,9.837340444015428,7.618292001549481,7.111925697964993,5.973092978430114,4.433533702176695,5.487807954863232,5.9962009288555,5.282285670703033,5.5024812767670594
-4.152706717031533,-6.1373322039819955,-7.470131320199542,-6.991968904551821,-5.783774861459171,-6.304005900263506,-5.52576779208804,0.14342546225163566,-1.9439205927148093,1.1480168674402536,-0.6150269811435956,5.420717520227109,5.418514112100847,6.614054509068901,7.386044804552907,9.674373013743336,3.3920757746805275,8.344915245798097,10.531837907231148,9.485896105625029,8.770608242999876,10.80817133726984,12.946339114890767,13.191879721876935,11.015399129725967,9.598453258910288,7.553665446969989,7.521667963535514,7.610968672600277,5.107925984085538,5.486257399572972,5.82500838211919,5.39389098539235,5.074321330277985
-4.146326126473719,-6.665792293493598,-7.7546285790273215,-6.8935757621533,-6.990610969270886,-6.693356706719413,-3.6121760570371024,-0.8751673829965823,-3.0298255405337757,-1.2167871705630011,0.7287509100059667,3.717676866288424,0.4755678774881147,8.128237634763083,1.1775722449115686,5.8139503320234365,10.801769545809234,4.67341298084909,9.711932200888853,8.88503142569653,16.37173387118869,10.261873630536668,5.257654664601658,12.171710143838476,12.41167567928344,13.678314141391535,10.896429987836358,9.958753419472403,8.36558919372289,5.260578951820809,5.0087248451755295,5.689267793837083,4.371969249175195,3.967253835655913
-4.332437916947732,-5.927427354267335,-6.5690750681738175,-7.54976663811254,-7.22594532877845,-4.0797970102092735,-0.23306391635456541,1.5059735614990637,-1.960474917540879,4.626286676077763,5.926535670964138,6.574019829192356,4.6936915602320886,1.2756235074212352,-0.3688079738042087,-2.647014064248958,6.595204864722218,3.002068598812512,8.095751528434665,7.495647407418694,12.401246819262758,14.649516732215247,13.502233943329921,8.980220656239817,12.315051833684498,12.46271940014015,11.250083990762239,10.432529622076192,8.495786127923985,4.8089800775939535,5.186986928506326,5.995813830666131,5.051614925211968,4.089371537586854
-4.792440506723667,-4.921139973406584,-7.628973181602516,-7.617841979871355,-6.645533815841464,-5.804188608913038,-2.225925669336463,-2.1325316706650006,3.6320815185201556,5.4968171318323575,1.053267178396699,6.82351243898784,2.7804633699080683,4.133240567812924,3.596147884677215,5.088136072188808,-0.7521819397692601,4.024810494117183,7.408847418443516,8.355373146403217,10.019190628293202,11.729926453127032,13.17955770697581,13.727460641050703,10.902612996008271,12.070600285741042,11.196189595513344,11.3450946888583,9.627589946388628,7.0565275133931555,6.742843786924353,6.484463164178877,5.8565344158189445,4.749834202563745
-5.009558406358722,-4.92192098213253,-7.350987000246729,-8.024369192249123,-7.322353277446792,-6.864208018335903,-0.3473329794971594,-3.108976734342961,-6.3139985237088485,4.678696422480573,4.987541622738502,2.9872767148442283,7.152604804032824,4.277832820322406,1.5798327269927122,2.52275130233299,3.004612607542218,4.272143150390095,2.8670589743021684,7.3247635826329365,7.9985003475102605,10.952654094656662,11.802608470041307,12.217828070385325,12.041949193900955,11.299205186873158,11.738920316974724,11.542507440975465,10.462613816638399,9.629141242873544,9.221969558460174,7.275069291569726,6.874933825374461,5.442760612964826
-3.87804639759197,-4.47333384573629,-5.086382228842779,-8.153223371156654,-6.639699790038951,-5.910755330780514,-1.1852000148615398,-2.1630585031904643,4.397652136837341,4.808545059431582,7.498706296475885,8.74845044183291,-1.2293304759991464,9.405484953184954,2.01195916957949,4.24450522687979,0.8925672946520774,3.2694391808837358,3.881184178406472,5.209999990421357,6.372635188058629,7.25359477391135,10.406148452029703,11.035780397170582,10.638614037372752,11.98646957854077,11.140576074647884,10.477505028509848,9.310650334609756,9.691527724348125,10.035449287517425,10.248698932317838,8.662779546811086,7.717189424633374
-2.2158239025261213,-3.47766445399908,-3.56064844603835,-7.921979486265601,-7.003181390417914,-6.082077920149254,-6.775816404643613,-1.4377678769483684,5.406635575400655,4.366534697896258,4.800251042620198,4.990013416221391,5.261113887950749,1.011695303833319,0.9468842462198087,0.8069496506564494,0.7310087794750363,4.984353367215428,5.294168035025109,3.425531771793127,5.863201682272025,6.524490028729862,8.875995513807482,9.669436392632813,11.17731208448437,11.563202993408837,10.940703877187763,10.131220798846252,9.604656416953427,9.938886310611792,10.538011142220556,10.993450420706283,11.29120838024799,9.810226309856434
-2.4235464112678513,-2.5609877338733327,-3.350403615101936,-3.947679961921348,-6.904499580883408,-4.620592709188128,-5.679817185603173,-2.9572603273854736,-1.8187532384178107,-3.0958413795435984,1.176476689620843,2.733391248249709,0.6851331095246466,2.6026783634831627,-2.0954032850001276,-2.356295515368635,1.8647735964520744,4.927202892461469,6.12725910551986,4.10524274183666,5.901434945242803,7.4264265973786285,8.866569427346418,10.108294846855408,10.18371584664939,11.080361321244002,10.97927463635106,9.880738519278504,9.693809602856483,10.4981802225284,11.41974391357446,11.69069650156532,11.54792959505591,11.642715887827658
-2.3533471809166304,-2.3370383417260596,-3.3168543106414394,-3.5463579794798705,-6.41310916771666,-6.901323865496084,-4.868689366816139,-3.5929021598533666,1.9252855650300453,1.6728396001343926,-2.3449198951059276,-0.09764863973786377,0.5742801194111232,2.108702434078153,1.4855845645744332,-1.747247435282531,2.9824110464752747,5.683959039282932,5.072755367386106,6.903086925256042,5.3916622735214235,6.416011102837344,8.179977806632719,9.835005382000318,11.185024964291088,9.201077224379063,7.202157515205275,8.984824198926379,10.176777551870098,9.622895176370056,11.2890375261272,10.378556257272994,12.06510060218726,11.622785840721898
-2.830909290365232,-2.50160151426295,-3.064991011547644,-3.0600350243675307,-0.7425911872269232,-6.607071454547197,-4.36885328209366,-2.750131691231005,1.3795834057450795,-2.9545681829514354,-1.7797914790926037,-1.465817013155039,0.22395277257127277,0.9133134668967642,2.3637532723537107,1.3038201909821856,1.1727074671520386,3.303282165803484,2.8544022395026767,5.251653426685174,5.431568792791204,4.00336030995393,6.631452592849096,9.441461665626717,8.162187798726455,9.96141420217219,8.90915702294052,6.612174235475276,6.519394725448977,6.945537957859266,10.119198009597794,10.26837176920919,10.362232129768605,11.221248089825501
