script/wind150m.json
{"header": {"parameterCategory": 2, "parameterNumber": 2, "lo1": 3.000054539987559, "la1": 64.9999836372058, "dx": 0.5, "dy": 0.25, "nx": 34, "ny": 52, "refTime": "2026-02-25T13:00:00.000Z"}, "data":
[rows 0 to 23 of 52, columns 0 to 33 of 34]
6.611956299965579,7.19626903924219,7.724188771131009,8.042731094645763,8.485103809502743,9.677761354037347,10.61161317118919,12.945577493734579,14.319455480582938,14.13776944553745,13.026850406847716,14.390465787173992,13.55154136626159,13.970298958328991,8.285249925677075,2.3207333599777122,-2.844250755643977,-5.278791408179752,-7.589293658602867,1.0883447751840498,-3.295903320584703,-0.48180463788450956,-7.823618666541992,-3.340088103218277,-2.868227878543874,-1.7983673740527604,-2.636425782851184,-1.643706114991034,-0.9597324877542632,-4.045846897362443,-5.11554319800771,-5.831717732706854,-3.0936101719267457,-1.2287930563784366
6.348754764187166,6.9042028584852515,7.366379971100758,7.7049639911021455,8.590602102638547,9.943072744385688,11.138737323693924,13.784730717953362,13.902484962683733,13.12056205179413,13.706710183065839,14.47488322791857,14.905893008855942,14.279158878306301,7.781762737205681,3.968891543150789,-3.6493130077219327,-4.817472434100282,-2.9590808419692753,-1.7158234634440137,-7.517420570906937,-6.848175087469192,-2.478950265461814,-5.4581875388061025,-3.8451968436572677,-2.6463897118680832,-1.8279002603593033,-3.8795363481199714,-1.682733104649359,-0.05679806247682624,-1.7079067760295557,-4.909616917786422,-3.552624468279641,-0.9806932901243693
6.261808544072776,6.594179151104599,6.79970713874863,7.721973936484616,8.692255219814424,9.536435559386984,10.98630524009456,14.28016430710019,14.274394524443876,14.155705742844948,15.431426964373001,14.982301017500799,15.756118442225285,13.941724251629916,6.3325269769927575,4.904960614551413,3.113753627697291,-5.538190300513255,-4.874228065976784,-4.668671132873805,-3.2859842986995766,-3.0794501707954787,-11.112216548091359,-4.37941052991784,-3.972652590580057,-3.2796292172910824,-3.5417656289202175,-1.0058079156412343,-2.742202523845297,-2.251767011646726,-1.978300203559084,-3.5558376351048393,-3.127324358943923,-2.6575944609038347
5.882973359416712,6.416443562281394,7.064605915629725,7.811144025460412,8.830837489338077,9.363098332714424,11.922310528531034,14.061088117326591,14.253437685916781,15.788352381293677,15.996013805858254,16.640475847201404,16.116048590321622,5.944001417433017,4.557114323876736,8.693622867816977,-1.2255453349413854,-2.1272931049959527,0.7851096723009086,-0.9991883796685456,0.27159837553005883,-7.504479346550126,-4.888373686576106,-0.402706529351422,-3.2023776087433564,-5.153235608308131,-2.229374694457809,-1.3925288194870995,-2.52507599877383,-1.3032561014316872,-3.649074811755918,-1.9831959334611624,-3.402176233555232,-4.300425863868006
5.888965467099173,6.45481648600137,7.274487438380758,8.04720827655729,8.930807260870594,9.86005766519015,13.937961909193769,14.317248451438747,15.932911837444648,16.767294184618283,17.130946531583398,17.28029177800838,14.262618002293351,2.882771128174008,-0.26487247464490227,5.6602282766060465,4.7243390601546835,-0.07922461012454264,-2.086763077676675,0.0010041918473035448,3.1146391593281813,7.981960397787767,-3.906022685748364,-1.3284149832885865,-0.2627708732725123,-1.7164306217195768,-3.5765239747346795,-2.5577063904637574,-1.17961422950469,-2.9068669425035187,-3.463962943583708,-3.7322667529706415,-2.8258023417884717,-3.8766790886650533
5.653808671342393,6.200887308196418,7.434390478287354,8.924810697976572,9.828471021199885,12.511253871003552,13.880636506773163,15.151077716309683,16.94575402301209,17.151726796637067,16.776478380699892,14.272987038810323,7.161787029777725,-2.38347331929171,-1.0807028358906028,-0.7967212953574995,2.5276095268786283,0.7189386682112221,3.083293872892829,-3.966259222919353,-7.155490789352418,-4.977180567659263,-0.0019075439775057786,-0.6547427045219482,-0.3714507964167772,-0.04102068777343454,-1.5417324737233196,-2.2260932518764864,-1.2514712873777118,-3.889523263510751,-2.4265203884160242,-3.9502190709117713,-3.6214889014078517,-3.8523168915414807
4.938521920954736,5.984038816933222,7.440641236059008,8.86353663472089,10.642318468041363,13.410998050316396,13.595534769295497,16.362146986801896,16.995003358851303,16.140238886887296,12.355686344778265,10.021794932536508,6.03023503799054,4.826815077061472,-4.754199752666413,-0.6206329413747889,-0.3059588963264267,1.1177848619735673,7.008681175145904,5.0175046579537765,-1.876963571225798,-2.5143937729797017,-4.155268357212371,-1.008949075140113,0.5762525364485256,0.36808685870037733,2.0547240184592432,-2.828243232905711,-1.7422059714327751,-1.4725581277605535,-2.9267305793506395,-1.0204541458975274,-0.5229221148716047,-3.1116403324315023
4.374303160936572,5.6305499942405115,6.820672038247915,8.036684150395025,10.189113198112162,12.110007506057825,15.143128024678717,16.146747896925053,15.279282480487069,11.569664223695726,7.383511210147388,2.274997394457003,3.5963054773357674,7.958732166345696,-3.323356219362785,0.08520091490533933,-1.7596374477144174,2.2737042171194304,7.976463925863807,7.605557025219367,2.213765246469281,3.612774891509376,-2.61917113357272,-0.9022408981447173,0.08438729269164874,0.11886009669548628,-0.34678675943551834,1.7871764183006225,-1.5205169791900897,-2.773877592727471,0.11370360552944746,-0.13151231567715815,1.2706239084656699,1.6466845991849381
4.239669842225398,5.285751784725243,6.765083706801359,7.4256207078603795,9.487209463894798,12.940273156690873,14.759807939618735,14.04058081160363,9.64597626391904,7.158466595097341,4.999415389776451,3.691615631334467,5.509790894314714,5.489503507762836,8.371310245049763,-1.22380553929374,-5.18285748163092,12.673172039559818,1.8546568038630893,0.674394528547841,18.62604423948161,7.417242686024634,8.633730371337764,-0.47482000440451577,0.4268729600911555,0.9357642298615868,1.0371945501343778,-0.437498672654651,0.19980630158623688,-0.5485998175375076,-0.13563151546172791,2.5908164022864675,2.332472085438927,2.764175613424256
3.5619612868095905,4.68401026527239,5.654972610264173,6.778433593500744,9.892763061743857,12.247941304317255,11.772213421517984,8.582823757872907,5.323674125258822,5.018413753552282,-0.9013270617027106,2.9026184487737714,10.513994692966824,8.374243812428809,-6.18842569563578,6.290638305981955,6.943580829708766,-1.6643966285210872,1.1777816401897951,2.453200545843787,7.05843281770656,5.366583979236995,6.427248142455154,3.2645411262443034,0.9492958912217294,1.8241327978422754,1.0149296294099999,-0.130581843232731,-1.8802893947813246,0.522001299268667,2.055900490171118,3.099722973057191,2.82456493140781,3.6839556840518726
2.9361160708580507,4.250366748068717,5.272685396422104,7.714899007181703,8.545006340296151,9.32124189981295,6.3533294827459965,4.633267116258254,9.669475425436618,1.4821013537710346,14.019644645561796,-8.913906812048277,9.821509801573963,14.180426740931319,11.608451854181908,-3.27050364816024,4.593933847606417,0.3158392916602924,1.109775439635829,2.6883423885745694,5.636417140467558,2.644630669688457,11.647174422698914,1.0888693492002024,0.60598642662764,1.788807477572345,0.8133851580938689,-0.4999608564378818,-0.7478500486141797,-0.2560833317553454,2.8316385751613806,2.796447027560489,3.4088878626860506,4.260632216401041
2.849857990221926,4.016713615951561,7.149266119377805,5.723245058225719,6.838888211953533,6.653454785594438,1.3655572079293448,-1.1936675687725253,-0.5924516865076135,8.436307146786026,5.346022615769908,7.429329214336471,1.7965495043166955,9.500534913020202,2.8373739895716317,-1.521630443264246,-0.7285078507047827,6.760133740409945,3.877347867956039,4.286102841875654,8.862752089554387,6.042072194539056,2.1505613165209874,5.096792138339447,0.32113514746402066,-0.8573348014644838,0.43793177258844146,2.18689987637339,1.2602303496913172,1.0222581015938794,2.1249608925651224,3.0475571940642756,3.478055240795613,4.5054635519228174
2.2736277809284964,6.764525240442468,5.997594614944173,3.344401728083566,3.583893144459797,5.469990674567135,1.7863905769359343,2.6721194922390428,7.838795341823411,6.739642450748044,8.314383343682472,6.022115736415991,0.1678153650429737,7.439387409645634,-4.347958760157728,10.648349772754411,0.6461587816677682,5.610667756997118,3.6584953475879254,1.6010691877951433,1.0813048088437254,5.767335208784392,5.717694805640674,3.637491964189501,1.6509266571991186,-0.7223077311910998,-0.7738186031769169,-0.031194696710863435,0.45503902512666394,2.4612467517643997,2.5728658334479038,3.405349200083088,3.8404171234698006,4.623014080458348
5.095798709474926,6.325747722919476,5.1499874645694925,2.9620141307324186,3.7563013153307554,4.298139037762843,11.384813007577304,3.233972150395166,7.154702353606658,9.567263015884699,11.54070063263751,9.983234390888107,-1.2488684448919332,-6.243234616517388,-0.6243867331834939,4.740153713056268,3.3446835612391017,2.3773423287445827,1.3082638302035499,5.631687196473337,-0.6535007640470782,5.253377494625512,6.807107248048646,7.0593192246364165,1.70264617609439,3.767077379758438,0.9775825466655808,2.1219570951737348,0.05117818290594383,1.9659857580287905,2.9040438889921036,3.4075949413345517,3.991821037981658,4.658834897821917
4.856963486101129,5.094144789300777,4.551376003324102,2.5767657896855902,2.6207117730752505,2.897255044445423,3.01818290967075,6.908604579006132,-0.2491280343306769,6.813213597376222,-0.36088003160261717,6.821787329953672,7.418783144192035,4.19651150682507,1.5352234185585039,2.9775339878655323,0.437462311721425,1.0997850520578913,3.0823892079139137,1.3678259671917983,3.31381897109438,-0.4696777875117973,1.6989219698918376,4.4020217739912555,1.901188385594741,1.9594644671170491,1.2318303731735418,0.8518162873472052,1.3297635898983204,1.9554673854156546,3.122056443900739,3.302193914982,4.081198912886071,5.002236875298041
4.575001760673472,4.190408237323238,3.4922417353155732,2.3944943270302153,-0.11806744646675127,2.039189460569047,4.641019790773216,-0.6382868732439694,0.17075923386081215,2.0546265184347208,0.987398294870838,8.429408876458336,-3.444199246274248,3.828961885257334,-4.020791094683106,2.5456718985298106,5.112112368978652,-2.3139952601282787,1.0014754210786407,1.3266660697523152,9.546587966119581,0.9365497658827364,-0.6129700348741169,1.650470274682012,2.152235933584462,1.4466591178155146,4.322546857575788,1.3374968412403208,1.1227831493945797,1.9955450729507174,2.787393139975535,3.2373151064897256,4.025757468883394,5.465694700781908
3.6374765310965618,2.801481211961545,2.954992303234783,1.8393780370897959,-0.3981862495762283,1.3224382594265451,4.920210919465228,4.509935707349948,-4.872485049620814,3.0696394815631978,9.732065774470199,10.334905457886066,0.8670674521286915,-3.839059849654948,0.021284277629898315,-6.31376881459839,-0.5452447314481221,-0.6091412774277385,1.1748240007062094,2.5682250707891163,3.581854588920719,2.6979156112715783,0.9611283155080638,-0.885068720287893,0.5585597882753081,0.9088111296588133,3.311864631100653,1.9811624653071025,2.0811533806743663,2.1656897802047155,3.0512577954399602,3.3442655697656876,3.623375178156091,4.372386565746858
1.969066619750565,2.137891272925754,2.2496168787166115,2.044812779688592,1.4797037595584812,3.2378660501339596,4.2963233378377375,-0.25669062216475913,9.716440005819825,7.399286612293379,-3.2934849176751553,2.5129278738484144,-3.024468869556749,3.477820871576444,0.2804712406396214,3.537716644489839,-2.625893925904045,1.8169762224575619,0.7061691400876237,0.9374597248065968,1.564461957428033,1.4889711590639971,1.244690226169006,3.1151052364192884,-0.3817312086679149,-0.7323402092761324,0.7581385047487974,1.285222533355355,1.7129935516171686,2.0099045728087455,2.811215654494997,3.0104682876283824,3.3190072286807726,3.797920768706006
1.3877914629217392,0.9607316292457144,1.38526250712626,1.1757113058618986,1.1231392306121468,0.3661695676525967,7.3036434596755555,6.075194942802424,-4.785399502075719,2.7157075653164564,2.021403881632806,2.500120481942116,2.2908422186448427,-0.7503455877717836,-2.301230077480013,0.7642110999981971,-0.35037952572037856,0.9176247245139147,-0.9180001006213275,0.578810985083856,-0.10946519649842884,3.7535039803518693,2.1636649998388098,-0.1718343828073923,1.1443782242715472,0.15224689214377174,0.3101251507610317,1.136595567905078,0.8843730203606166,1.5777430953647682,2.143547742058672,2.967877741204191,2.726448166970793,2.7786294278201056
0.8583319035179865,-0.2092986570150681,-0.15938959127298058,0.6930733820475594,0.9029935500624064,0.4867315721612562,2.8218655536644848,12.820952298854023,9.719519417736484,1.2547585586281216,6.915239407988901,3.165460620122068,-4.387825073307016,10.80913214148137,-2.2384246186012557,0.3344521386240799,-0.17497453954939152,0.4025896371309426,-0.37799097920638125,-0.02917020244330115,-0.5553424707264106,-0.4791404885172887,1.7035492304952138,0.7882571531857547,-0.5914882752657983,-0.01257050467382569,0.0582334135355819,0.5704499701089765,0.7595678866053254,1.138538198399866,2.049638477841836,2.1384315587664426,2.524981629819672,1.3680885580457371
1.4329533978008568,-1.520199305854789,-1.460567855624175,0.15784316466268816,0.6387517033777494,-1.593940802998946,-1.1386586225321667,7.436709349680462,7.4383430142995195,4.503783762665024,1.4257281644999555,2.2254882011284707,1.9718776773581381,-1.9252883856444125,1.6852665643518485,-0.9852352653493271,0.17944545540048476,-1.2928459267557004,-1.1591326819473464,-0.9188250777872757,-1.019532674334831,-0.624315008177228,-0.4458772494254833,-0.4378727736551398,1.145780106732983,1.4393245472508147,0.963548518703529,0.6567219450286261,0.9618926025058065,1.294909044729238,1.910436317996574,1.840512461631757,1.832291995403079,2.058585909733125
1.9871851626776342,-2.2644605718149724,-2.6498605548313425,-1.3512527518999788,-0.6093995365983749,0.756893043944596,-0.8749682289092467,2.5317241685148724,5.656008165480838,-7.50195092799512,1.9594674458309267,3.311065936437311,-1.8451153282068575,-0.49912406885382166,-4.080233768096726,-1.5131661234997158,-1.9512645201564056,-2.536744111180384,-1.0715054584338561,-3.046820842995461,-1.2078998822838989,-3.4364631978746147,-0.7586289409024285,-0.9677067712987831,-1.4605935807305217,0.3082796947177205,-0.18837168648851466,-0.21279472109791597,-0.21569846577317703,1.159863851718414,1.5306893285216598,1.4247524806193832,1.5438346987944738,1.8869458462058621
3.344003473195689,-1.6112427445592603,-3.9421997201860495,-3.278170272766227,-1.8112275555206738,-2.527224062218967,-1.5504083865476164,3.11222579572335,10.511389874264536,7.065636151204967,-2.0702275168498523,-1.1538700341044041,1.749389599905839,-1.4839726847418135,-2.0989355278213866,-2.97714372894165,-0.7300105034830858,-2.069968709292441,-1.3221545072967296,-1.0277080265035654,-2.98087416779746,-3.5274192458530877,-2.0138835495406466,-1.6338079061546518,-1.8956795055765294,-1.4943170363653846,-0.4937779347692754,0.1615633275865973,0.5035269319221783,0.768991377432999,0.901257002790442,1.0242694946143633,1.7964382111568877,1.7789271241045803
4.139698977842308,0.3495310228246469,-4.5335570920347426,-5.767686463493894,-3.660346079189893,-0.5902917186101512,1.1553940145514718,1.2815140048552098,3.7861248412289705,-3.610492523305619,0.7782412105659854,-2.0760342716456957,-1.8885980141527638,-3.732216599654702,-3.413105720647049,-2.5857841296250785,-0.0726302290951941,-0.5022968515478519,-1.2950434111147857,-1.3479168224815594,-1.6438901823413536,-4.392655209430555,-3.723643333104986,-1.8203676397118222,-1.5429445741158,-1.421304814201266,-0.8269027851730721,-0.4322388118606513,0.4752835612846025,0.7001669784273673,1.212293670556909,1.7030563227068216,1.8451743590477212,1.6332979698873062
