script/wind50m.json
{"header": {"parameterCategory": 2, "parameterNumber": 2, "lo1": 6.000198445256149, "la1": 58.999992894266676, "dx": 0.5, "dy": 0.25, "nx": 22, "ny": 24, "refTime": "2024-04-27T15:00:00.000Z"}, "data":
[rows 0 to 23 of 24, columns 0 to 21 of 22]
-0.22837614278121565,-1.5772221171340304,-1.6271570599716065,-3.5661275357160913,-4.0953859860641275,-4.891571575719152,-10.674896879070502,-4.328784421723547,-9.986543422346232,-5.369905924516628,-2.569975183364292,-5.708375890391634,-0.489093152127703,-4.197325073053187,2.5331629526519865,-2.053234663254429,-2.958453012437511,-2.730472089351831,-8.995001528063895,-10.261837605186752,-5.542332040372307,-3.748024855600989
0.21211411266486482,-0.9514928108563571,-2.7275555086995253,2.5486012991039484,-4.3392644926812345,-7.295317956087325,-1.9862338727168956,-5.718557837070696,-9.74859311332445,-3.706964479853354,-9.044763231680706,1.1384136328879015,-1.142387613635849,-1.7761915094315477,0.33985510713277517,-3.1320577369964036,-4.2961368149312715,-8.534318401490667,1.2100713709862725,2.6501683539629806,0.6149976689862365,-0.16940159002392874
-1.013463671605272,-0.8466185801338872,-3.0255447627335115,0.7011847753913688,0.06809912998269989,-4.1624947823991105,-3.543395201145332,-4.852587124188813,-9.564071713180025,-9.391341466298293,-3.628441688994307,2.1977520797094505,-5.591739985126615,-3.051793534876936,-1.7267754169425036,2.0443070688246894,-2.6046875643483243,1.9862308683768288,0.07149395009455549,-1.4123477633473127,-3.036535735529125,-3.093482701787418
-1.7335756563963647,-0.8949132858967229,-3.9779053085467297,0.3882740764723396,-8.920144589453702,-8.218814096322847,-12.394820738554248,-2.9641655115188814,-8.591844199554616,-5.870901594901716,-3.8946221347930776,-8.793519592006461,-7.081629389407344,0.2387007984480776,-3.870003890604476,2.0105462978912687,-7.575848604899565,1.9804957687941087,-0.25399250476043045,-10.03868846458963,-9.39122776393836,-3.147225207313442
-0.9205349569288596,-0.2668119672321396,-3.867815653314234,-1.7147735808755666,-9.76995662291582,-4.864642304016422,-10.66160955615103,-7.756566494274238,-7.189038434106435,-8.182148496384542,-9.072023098968558,-6.663626112803841,-0.569820494678077,-2.4182227615437855,-3.230512141393109,2.2673088605310365,-7.897951586585236,0.6523136873160162,-7.998935627036991,2.689382792132824,-3.221458996935817,0.6127232401381657
-0.36370670788927917,0.517638969185218,-3.474495333525545,-9.261012146350604,-3.1002914183781782,-3.6501974365783827,-4.219808633253505,-4.547964639312022,-6.930989954168164,-3.9465223773909694,-4.462793426168681,-1.6326171931769278,1.80688836452623,-4.8111152636808825,-3.0270098989848098,1.5084267782916305,-2.261180499472107,-1.4759079442900314,-2.845911892843614,-1.5902805413739367,-8.066097416559879,-1.6020374347977975
-0.2132601003057914,-0.4007381453703853,-2.756236291185172,-10.325188236778967,-4.3730295606872485,-4.532838762426487,-10.141975067881798,-3.0984415900038322,-8.709918748990939,-9.679485016934835,-2.7008694257101236,-8.31765018421868,-8.43186583773572,-4.5374694169610965,-3.781174699292891,0.23481737174158293,2.4951876158065,-7.628732072706094,-2.0808929030027867,-6.738930485472591,1.0162739232982763,-3.6780792972309078
-0.4095258444815657,-1.187603217013162,-2.8403870701310856,-3.7045070726383886,-1.689324485311225,-10.008614527280047,-10.829030677035748,-8.025714545629707,-6.865883246279007,-5.772370514390269,-3.9720934878920033,-5.262105007128376,-4.881589161488292,-3.7105165826191775,-7.899390968579023,0.8029177170085746,1.4752879501197063,-8.592366643137726,-2.519156021088576,2.9438289382270204,-3.1419586074307864,-4.615261625222227
-0.03908985710311644,-1.2611290228620609,3.7542876000783334,-2.87669973692958,-4.042826781523091,-6.465301215263357,-4.300142621241189,-9.015185434958973,-8.972223015149137,-3.5821100128223295,-4.476380168654325,-3.0345764701711624,-2.6607160596043657,-4.251446598658909,-5.491380410947735,2.0149432903912667,2.4020560859641127,-8.662656734322379,-5.367134395458473,-2.314868023220962,-10.404158638425235,-3.6070904494767455
-0.8406116792401032,-2.361098072602856,-2.7116647426134723,-2.6180657098883624,-8.365086195203046,-6.981271340771672,-10.659587572090015,-5.064803338046893,-4.665053458469324,-7.173627130978914,-9.500121251123584,0.3447139825169063,0.6229347458568991,-2.9356591044814815,1.4814968397259212,2.294854923324189,1.9542460832490613,1.2512726990952303,-9.207102028194148,-4.550946022175549,-0.9805115686320491,-4.886272488441751
-0.06554695461004055,0.3385044965110042,-0.3898694808663442,-3.134183861540531,-7.73369840425999,-7.258181043764674,-2.18170822613839,-6.728134735209093,-8.86821205636925,-5.8945268309969086,-5.204147538876333,-7.279311446360434,0.16381440041590867,0.18950561419155462,0.613721316269363,1.2362761362197328,0.17531993798123946,1.2323125654519818,1.4076398744253362,-9.842276395097032,-4.52902350189289,-1.2929293147008016
-0.28288046789332416,-0.5608136941984557,0.9351336380958573,-5.100620204752868,-2.628771333997456,-6.430686615752988,-1.2770011478652765,-11.053186124950592,-4.9839649177581276,-4.996453441445517,-3.1608839393991333,-2.9498406020479826,-4.178828142147472,-2.7040923893389825,1.0711998534206861,-1.6251081594113157,-2.732180753555723,0.7609151263435727,0.8446147199322954,-0.8243154037558408,2.6139288761485204,-4.828860186069978
-0.6700743089328,-1.5059658497765813,-3.3936014174228126,0.2543718630640244,-3.594148520947052,-3.636442233703458,-11.222081761254655,-6.614221234715024,-6.420823571324954,-4.85617218736788,-9.569837014592517,0.365028558423517,-4.813694633456224,-5.199543991787253,0.9365189157406734,-3.180743863536159,-2.656235071835115,-7.872807217949676,-3.3747332002836306,-4.854498391174422,-3.1510685741686673,-1.7088460628383118
-0.420180534807791,-1.2922494374935518,-3.265458368767697,0.7302408184816986,0.30743802949473026,-5.577681062187554,-3.549744539570279,-7.160180714664607,-5.691753259999675,-8.928454906121015,-4.666212507269414,-7.353484309691596,-2.025403994803637,-5.139687120745498,1.7336765935860858,2.069180190569787,-3.4230729052703857,-8.466235830923903,-8.939449486032402,-10.118900866829174,-6.305787108403942,-4.903480899117565
-0.0758298308845595,-4.121028388423491,-3.044191016012631,-9.67999148158286,-7.7787656378081405,-7.733854291509989,-1.6439462347238403,-4.875624791901279,-6.528319752594611,-4.12021721650694,-2.4394930662532204,-5.36701447816146,2.2839761489345296,-3.7475998042329772,2.399156395568062,0.597156631235802,-3.9212424939399466,-1.59164883411062,0.25829373322273697,-0.8183348275717934,1.5716308561792938,-2.258749292364479
-0.8251722062285628,-3.250104475840303,-1.438927010016623,-5.370696305419443,-8.027160544574024,-6.1487742086226325,-12.623722592651545,-8.848895770654492,-6.5049668342427,-9.269229813376104,-4.825754866565943,1.3755721254240598,-6.546844619077406,-2.9613195813963795,1.715848184023578,-2.7494666216111856,-8.018027564287161,2.099196892672185,-0.6104883871383546,-4.857706835758401,-4.916716512630117,-2.5695449846623
-0.41770208121000896,-0.8690387130935957,0.9207465050336725,-2.9205080502801795,-3.3303995498315953,-2.9573226832205735,-6.773739469566346,-5.503880520725433,-6.3764954096767825,-4.568720271464217,-3.116608305186242,0.38019812624630134,-5.3363238762035,-6.096516617701787,-1.8914137903001094,-3.9653935126276854,-3.53653581395183,-1.4200268821010664,-2.453236570490878,-10.135819587861139,1.8996467589182924,-2.5234582156561687
-0.08864904487398075,-0.17982276838994543,1.011395585288686,-2.5434080195363857,-2.725483646848118,-6.774180731116613,-5.773012099151303,-7.410673889510526,-6.585985161663222,-4.307199477114656,-7.881195900886104,-7.3425402472440044,-4.575047391138004,-2.8584030011539414,-1.6424601178951521,-5.17706269364253,-7.6272358193819105,1.6752289533767235,-8.858458946986435,2.6925934659461004,-0.9046530244564347,-3.0022782434390467
-0.4336763728576298,0.12749672944467688,-1.9030295364506677,-3.3881986588693165,-3.798297681585657,-6.241065519968861,-12.454316794831419,-5.802016685215113,-5.929309337076724,-7.480978133125505,-6.152512095166284,-1.5881021674128766,0.34414177694886566,-0.5854403685717929,-5.116472311039659,-2.5805258945104823,2.351295333245301,-6.389429492722563,0.23354308354569525,-2.2261533748596167,-8.075660483400886,-1.5788562135835402
-1.3198143971187135,-0.6633613397390326,-0.36826324261480914,-3.6363422013582363,-8.26154001843413,-3.4425235824096796,-2.021965497598218,-1.1526230811998783,-7.053650414706861,-3.8983215718542685,-3.7269813354042167,-0.660969524150282,-0.3093807517147096,-1.8609067601517628,-4.757048000014204,-6.294418436498208,1.616430911313352,-8.552193298750055,0.7875948581116675,-10.313886868065396,-0.5299560284262828,-2.0959752616775016
-0.02743949952803587,-1.2166187409444282,-0.6048623814182329,0.6713155576021294,-5.671781890592926,-2.187509939151085,-1.3119534012814158,-8.114258385088032,-7.874892700687893,-8.382215639465668,-7.808218745622022,-8.581381207481549,-5.955438061989215,-6.038176478281711,-3.819085031060746,-4.7262410415813445,1.4287470449243462,1.9252017777469062,-5.934643241562366,-0.4247338330188875,-5.495217271317746,-3.3519325829541797
-0.7306221314560828,-1.2096471431048947,-2.3306278732921726,-0.010793604134437,-4.169887124986358,-8.583047622515869,-12.009252545259274,-5.6668045931182,-4.346867588029708,-3.4450443248686793,-4.923288301776792,-5.966062308910683,-5.545201778586746,-4.307843441559528,-3.289566613181233,-2.250665309451293,-2.452351689264728,1.7768082303363786,-8.746446295545635,-1.6916952966577787,-9.454071448999562,-2.837614102753865
0.0009089212760274613,0.026896911072682737,-3.2905921370983995,-6.736203547167969,-0.5023641241867203,-7.581553696950024,-4.895932941696763,-6.732286663263227,-6.392703891103594,-8.197119449482946,-1.4445142142953966,-3.797511813513364,-5.060306229113183,-4.454261948527344,-2.9003984691880964,-4.518990583061903,-2.7969085075507247,1.0517267409565858,0.25096983028093134,-8.98396088368542,-3.1164121024089373,-2.6361764986621505
-1.4769803784388225,-1.540307061568594,-3.0272532031995256,-2.040878152066344,-7.721265140078005,-6.735271977415735,-6.07754127684073,-4.58596936720527,-5.842443441533006,-4.549784099289477,-2.976082093905627,-0.6334507662354691,-0.11740016278898453,-6.098561343173033,-2.476072555267518,-3.608655858342308,-4.176829396620499,-2.4960132966072606,0.6352859260946639,2.488577783381371,-9.693449651777748,-4.941597708517134
