script/wind10m.json
{"header": {"parameterCategory": 2, "parameterNumber": 3, "lo1": 3.000054539987559, "la1": 64.9999836372058, "dx": 0.5, "dy": 0.25, "nx": 34, "ny": 52, "refTime": "2025-05-12T21:00:00.000Z"}, "data":
[rows 24 to 47 of 52, columns 0 to 33 of 34]
2.0833963214388667,1.3435249306934807,-0.2608919193618975,-1.1874813188969793,-1.6091521287395125,-1.5458621251280185,0.14134952197372083,-2.6792247622152954,-3.3308340367607507,-1.675119831246905,-1.7985094582391303,-2.526134928884327,-1.789214981265955,-1.5019626935002857,-1.3906015304890287,2.327237654846189,3.3128118230681514,1.733081660346059,1.254913318259209,0.27898388306574096,3.393828643044091,2.778887710917411,1.2800913497942192,1.06010096190065,1.3217986561876958,1.4178960142214017,1.745061029422135,1.1265118556167235,1.3487262705453018,1.733887953364747,0.14942307217900364,0.3653045548712883,1.7850232613906525,1.495680598634817
1.1895658635719837,1.1435903821348403,0.39739308282585556,1.8581098663563886,1.4291585799450124,1.3863215713720705,-0.43183782992724207,-1.2962748364730106,-1.6889595869535496,-1.048763445767287,-0.5918596732586852,0.4406273140604098,-1.1160899136949332,2.6427596602041925,4.312620974553461,5.179923560307048,4.337083779069934,1.5674442996817335,1.4996957995657307,1.2537453802118192,3.634473175834977,3.355243670613596,0.677414224723209,0.7273680062678329,1.3791954489046307,0.9853401818533938,1.4752708398652552,1.3598277503799072,1.1685554327590144,0.847571794497495,3.3181907699352657,1.8402222459007316,0.39347596699648996,1.7103346440666334
1.8071082913576102,2.2127613289095343,1.718024862905287,1.1925213340956915,1.093606928582029,0.5849903418028621,0.763940199028218,-0.7936563656975513,1.4766373114908862,0.735719468765104,-0.23799994464216362,-0.7609764584652483,1.8715178538394521,4.043410212739205,4.768802001494483,3.820750235387519,3.1573139963871113,1.3353715763303058,1.150792484856402,3.164925780696807,1.985986026435486,2.2084918802119398,0.8159906669031778,-0.19875358876345656,0.8181840156572947,0.0021010901380790164,1.1908424775558772,1.135659707285949,2.9079410230341893,4.842277393717961,2.9225182448578613,1.9305133405184713,1.7547001967121538,1.61513565117198
2.884623260466371,2.830193736012099,2.1535143429829975,1.2374452244031715,1.2787333597374464,0.6231030819779714,-0.22086496778384196,-0.5501260139321992,-0.5013147667700366,-0.17810330098867738,-0.2615005763031354,2.0974126904712787,3.8762305081490935,3.4692647178433287,2.9626765316752968,2.8008411229693877,2.5052507602259824,2.219210341068377,1.5272513356971984,1.2613106948660084,2.2379103320434925,1.3821589693302225,0.3038194178894694,-0.018722101154022557,0.1286445189322184,0.3116399179843305,1.1582976116301122,1.2746359908142029,2.418816400080985,4.1216914362300106,2.8465856034968704,0.4781891047569916,1.9617336987053327,1.7396125550701231
3.8582352303101133,3.4384499125479158,3.005315700715964,2.688691898728773,2.2614930352053113,1.8621391589872047,0.6127645792538977,-0.6102581453740875,-1.2852142657062295,-0.147147092136822,1.0534274763322384,2.1610727698794716,2.2125294248754033,2.65421308575687,2.654780583818024,2.628379515578654,2.9613138844102243,3.391861252973954,1.3002907222853959,1.2817271230721685,1.3178384511708918,0.9128106448295953,-0.4844574696706407,-0.3235845164146394,-0.06003952772968163,0.31028890062582254,0.7694310661465161,1.1821586193648757,4.67583229715916,3.642352864549453,1.4613682351634485,3.1848488176996876,2.143427808626107,2.449241634432902
3.7927994430891503,3.5651368982074567,3.726586037758324,3.0342081175211018,1.3835215808565005,0.38490106560589643,-0.7469204135430298,-2.01988896820126,-2.4256594825586477,-2.6445902675309685,-2.4062921213544874,-1.7493174205455582,-0.42818277376552044,0.17638933997134387,0.9481185225126529,1.8463604411961911,3.431998085001646,3.903457251568764,2.0764262405968785,0.5951078875472909,0.6953100050243342,-0.040042937958331005,0.18205657833265865,-0.10498286214133527,-0.6208428267771113,0.5745487662657021,0.03787438424369415,1.290922423026373,4.428774649015594,3.9934871226190825,2.7849852916080606,0.7673628031799196,1.5132477458357787,3.0374509963147207
3.7557008058333645,3.4186726503075153,2.8194821324864203,1.8769417500437802,0.9675099558286586,0.6547690633042225,0.043684363095132184,-1.4513243287461544,-2.6764101929461392,-3.3021026349746827,-3.4338503815276287,-3.6976247332984093,-2.861162448908211,-2.370453188007236,-0.37656287583552656,1.0235261340829063,2.099837026683723,3.156838717731165,0.9149180966584971,0.6178831050787871,-0.33964428406433955,0.01840324578556841,-0.5305571779605166,-1.2058592671522217,0.9794523536189645,0.05883558192231513,0.5003169379436487,0.9939928661119882,3.810911324428675,2.9398148711970955,2.7925757051975486,1.03286685229363,1.7917051243874103,0.7537600993282493
3.6263328256605094,3.393189116686951,2.860587133955995,2.0352752082054058,1.1329653692877213,0.621433424113481,-0.5286556138876616,-1.5018209839389962,-2.2539320924388315,-2.132477350195411,-1.870224113336054,-2.429425365725919,-2.420810222084718,-1.3331345684340152,-0.01972228708596672,0.516877339391035,0.5019765946803715,2.229339735199147,1.8317759178402488,0.9378328432927584,-0.0004990136770012192,-1.456407783805107,-0.6685944112286103,0.601361416066403,1.153209236742158,0.5191324757683616,0.07674553012550146,1.9942458096379803,0.8647190814307144,1.1513448448587857,1.135662208851528,0.612153057753205,2.206855987172077,1.9034179220269911
2.9518247586199737,2.2492227211389983,1.3689981561583644,0.6977839326174864,0.44874864705849293,-0.31142024721713324,-0.2923233581703411,-0.8725940196392903,-1.5698128917592742,-2.3127419397610813,-1.9856643072136158,-0.4626265908892096,-0.9890051838933906,0.8363260596005059,0.32936345364588593,-0.2050759667825916,0.9731730375310128,2.203025276713102,1.5769219482830936,-0.5932419040110039,-0.12577061364796088,0.06396130117474137,-0.9888792992025007,0.3478113013305565,0.5447173158613141,0.2721255440386002,0.3708726360820878,1.8650649281427985,2.1137835455992735,0.8317481016102908,0.5123770214835175,1.6629446075219276,2.76298930651285,2.6504137474916876
2.0316894724359345,1.5362920297357823,1.0235011421737898,0.8642505844896508,0.24397989631990735,-0.22312993113924334,-0.6723080261137914,-0.648534323489722,-1.0652139110666143,-1.2686298391942434,-1.4309598478462549,0.35591472253376133,0.5421427565595021,0.3131349328033733,-0.02705929296028592,0.027654555301087364,2.0393775242243937,2.115349897264412,1.2747054542896552,-0.12453152143286035,0.6556348972816927,-0.09935024825983069,-0.39644424871216066,0.7648421714756223,0.187928223347056,-0.1143158802693901,0.039357836569390736,2.3152565635933353,2.852939634414219,1.7245769312330994,1.5963888042048853,0.1755431098438659,3.088612430761123,2.5455742213832253
1.5078836997167888,0.7023750372949706,-0.17005923019102342,-0.3444594821785276,-0.9772339120321044,-0.7363145942057073,-0.12103379343335899,-0.9036053742760087,-1.5410525867004838,-1.7394864196584428,-2.165047803623252,-1.2707670503600075,-0.20420334407920043,-1.46191747005262,2.2516033054718996,1.84870157073625,2.559719562364554,2.7072659942574497,1.1314934558890113,0.2965671358102617,-0.29177875445458157,-0.8012199759397397,-0.026628088030997414,0.20825110636816063,0.32957929489757365,0.45925653413998424,0.43564854430442956,0.8448575082711052,2.1006678206707754,1.8010920987540322,1.5974930584618297,1.540998773949102,2.8434346388133593,2.3465964729441127
0.9021058745655264,0.8489404806950321,0.1121375851545609,-1.0050319734460302,-1.7618764881831053,-1.4410008962100167,-1.099398389679863,-1.4136148461220042,-2.413981340380397,-2.748879087132721,-2.5886536390941117,-0.43379365609148174,-0.49890309833257346,-0.5908513204106772,1.5546533375286937,2.0678046103253553,2.385298754114644,1.1011200732780724,1.0692727582503858,-0.30929133679996546,0.7185166622531785,-0.12172105941317025,-0.4618261939638689,0.6548651828422418,0.43544807494768434,0.25992039698401875,0.34906299425590115,1.2932839427356866,0.6584467226379513,1.227888257754529,1.4614162155162025,2.09774610844557,1.8049278937629063,1.0512225512672193
1.0877522536555553,0.4908823078989021,-0.9429963171213612,-1.5555478500440358,0.194224402008076,-1.8952517499949169,-1.2422435845707815,-1.8597777632868402,-3.0340525186512224,-4.496772782478816,-2.854895228503354,1.8584021589291488,1.7196912016685983,1.679340437183418,-0.050179731745323745,1.6116455016727123,1.2963814931809587,1.5038748220507354,0.40553060166636734,-0.212376764987447,0.33867243991198187,-0.16016725226742118,0.18810296207103586,1.9923255677399025,3.582083289985232,2.120794733171821,1.0084615042345626,1.8060162261073107,1.6636694174086482,1.5699157274552522,1.3986413944078808,1.3940935990800762,0.7218499495543748,0.07426102758473262
1.1023135855129673,0.21565372328421897,-0.6185986866852838,-1.4774793284812981,-0.6132100325233979,1.5396964449857067,-1.8467849393992297,-1.7140088703948495,-2.610950321306871,-3.7999087078348004,1.8439625402753352,1.3619931189968293,1.3650309218005203,0.9277811352272467,0.3400888725424194,1.4473579452337881,1.4121503233417172,1.2492801169331365,1.376556147654645,0.7775882841526158,0.9236738495361058,-0.289952554744679,-0.20459029908689907,1.3063998416901452,2.5930959290519735,1.918542119002609,2.4591832309097423,1.6127031993993746,1.8669935110283886,1.408170824831018,1.5110071789274109,0.6850874696633273,0.011662065585926777,-1.141204299463572
1.2517553521304523,-0.09491711597857784,-0.7951604381654316,-0.38873639619836026,-1.7151506638512177,0.913208399062503,2.656952657512649,2.877685277698701,-2.527406109818072,-2.193365976516099,2.1457694291833396,1.227341740319799,0.28257284772648783,-0.948786054203482,0.6957506970243087,2.4436424301593576,2.1353428413384035,0.5384328580717287,1.3265437467008547,1.1825354648141624,-0.09094443869118951,-0.5113525333276662,-0.2611117648504445,2.088363159997763,1.6760412945929761,2.149490852731912,2.1137513954158575,2.579739617363894,2.1506907136652718,1.7419096574136883,0.8905872570853275,-0.5116377492620966,-1.3754989424401352,-2.3071965855847054
1.04816617434107,-0.23204521239438292,-1.053340406706887,-0.885313941179724,-0.13905627726912814,0.8432811354533425,1.1629218760062374,1.8282667572538325,2.088254781498814,1.4221889112610886,1.5233450740141194,0.794141595503014,-0.9612807320678074,-0.2640814439429143,-0.4317548523924721,0.8186589800106417,1.8394492808831673,0.37453378815969374,1.5225808440110973,0.9388219247843563,-0.5054676062752451,-0.845260098212625,-0.6730397999682781,-0.12652941178028787,-0.9324613073517872,1.8373093591675431,2.5349845199011125,2.467442642186492,1.8940014777085974,1.002253717182059,0.48304705918088175,-0.6817703333801332,-1.0717520595558236,-2.0701093321542667
0.5411527560691651,0.2949075799751477,-0.43377085888112055,-0.26821442973856147,0.4429631865138949,0.663095884324429,0.46543154217396226,0.6254198259516404,0.5303131887247343,0.5104400955764439,1.2176637985296699,0.6122964520979943,-0.2253394773185468,0.7622314435296589,1.4264461700696025,0.005292971756507266,1.555489736170241,1.3802632913089483,0.7150226700377381,0.7946896766132225,-1.3277762417316306,-2.3248567513740297,-1.8280013140111746,-1.4199665128116965,1.2125750890202363,1.2868153283414316,1.0184144950202947,0.0045921701650804515,0.07794100135987488,0.12378408011949851,0.2583582084206706,-0.7345780012375149,-1.4278748730482653,-2.862242732073488
-0.009199530130981255,-0.6289378196041621,-0.47062405236235993,-0.08376347731429704,0.45306667497710706,0.8936435328240521,1.1946950201379372,1.2435632215630108,0.7796352019736513,0.4131009037345064,1.1246261477585031,0.4993225680850805,-0.45500155182174773,-0.6036740053737981,1.0854617940616376,1.0552632672181534,0.0946973071434818,-0.33760798858553254,-0.2712559866849809,-0.43618634163210235,-0.5398497006057679,-0.9784238999883971,-0.6548957981540392,0.09929065989700185,1.0686237703021546,0.5663892012119429,-1.0184049957720158,-0.8048307683246966,-0.6088658674761832,0.38460934632088556,0.42592116862475143,-0.29621568958228284,-2.467406075806098,-3.4314473025441785
-0.32541174002074025,-1.2820308676674987,-1.0938469637156314,-0.3986643115784351,0.2651404550164997,0.6074197054215915,0.7761699039800669,0.5705405256599543,0.2373563431891504,0.15908566751497072,0.2724484856791507,0.25931458271924035,-0.4038855631681029,-0.3925632370562325,0.039750970633221624,-0.3025092782004413,-0.3768877388747287,-0.161341722648023,-0.6442877687285309,-0.4458864927996811,-0.06076056279187591,-1.2009053710152864,0.1770601683529692,-0.6326012559543723,-0.930996117929678,-1.2149824163240839,-0.9284747249728917,0.4573504301356357,-0.010315001352596307,-0.9064618639962619,0.6789774595741537,-0.5592139336580991,-2.4946945963067737,-3.9851490488315546
-0.4787862654517836,-1.2991458713213437,-0.6246634404607394,0.22448484279918976,0.45585685374522805,0.5851686273422683,0.3250489654784698,-0.1451765183369158,-0.30639511012208553,-0.3873718327505328,-0.2683672375732225,-1.2795923311998052,-1.0718355626472853,-0.7611747766905168,-0.6671403191208557,-1.3159651853422014,-0.9277838657206184,-0.409596237380633,-0.16508996969170855,-1.2878689161590728,-1.1692474707663998,-0.5546654199484423,-0.24450288702415338,-0.3729952066698717,-1.3425210078258594,-0.6139833003732617,-0.09539810102858857,1.1202287359539,-0.20079233132297056,0.08155846882597353,0.016732353822421598,0.6549797682335085,0.026452564369965376,-2.20738401154375
-0.9604634204319464,-1.2774979768833206,-0.23186915140829045,0.3433598246974146,0.083975206911736,0.3306182971992511,-0.19531571788900376,0.11302860204624461,0.351252790344542,0.5291584956215478,-0.07494747938824896,-1.1951092943483295,-1.3997723472419406,-1.3177281186588283,-0.8766203979014803,-1.2878552491809916,0.38984316877623965,0.1486994047418308,-0.7662356473737472,-0.7908359578357387,-1.0941567467465991,-1.0175854646006781,-0.5932908529152784,0.027576089146634914,-0.709000178465677,-1.0159721701176947,-1.226176403597299,-0.4666390945068775,-0.029974795360935343,-0.3536848311773966,-0.6351474749481748,-0.9791412720626622,-0.35925009604937064,0.33734134431326623
-0.937983608326427,-1.3774470571651114,-0.6165143605745727,-0.012050676580739135,-0.014308758959793009,-0.614925442764267,-1.0909851306182379,-0.4426662491006602,0.13158553574056048,0.15004153716291155,-0.8520761074041484,-1.225189220609058,-1.2195680709002967,-1.7189465509931858,-1.4647273707638233,-1.2690985137083624,-1.2804085339788496,-0.9637724603732256,-1.0932693258098027,-0.7701520501629664,-1.063633447630993,-1.1859089496486266,-1.1681903031893326,-2.8777290695062616,-1.5714558039128084,-1.1626439036545253,-1.5780561235944375,-0.10636223289406954,0.12998805971230737,0.024446169146150134,-0.7090781589533635,-1.000522829688134,-1.274526887272819,-1.61303912343587
-1.5699364764396515,-1.619381047583621,-1.1856330924281373,-0.8871284396029148,-0.7763258030784336,-2.0572842092844703,-1.366919050185657,-1.3943749113681119,-1.4195995669041073,-1.1054013347170317,-1.6664568727010272,-2.105532020531265,-1.7142521767549481,-1.3688322179866046,-1.79683875558826,-1.5808431362700721,-1.47686753809428,-1.5719601790481974,-1.5399690700959927,-1.5607142841347874,-1.883841891945126,-1.680271982298895,-1.130189979135425,-1.1803435093590295,-2.3387196157120194,-1.4169000808069754,-1.267111911620612,-0.1583458758571006,-0.5674356129811564,-0.858515172860324,-0.982576734758734,-1.5666771671447755,-1.9302154714866833,-2.0363118288086404
-2.1344733527728565,-1.8771669758467828,-1.5601719119830597,-1.921750520895269,-2.183541193481449,-1.1840886836547762,-0.8874529607422995,-1.231393074504126,-1.6990604349006826,-1.798220286228746,-1.661794586237623,-1.900282182731765,-2.1699976548997735,-1.8843624027186332,-1.4604120774713232,-1.3853304594285263,-1.1691634679774974,-1.5217901625161816,-2.2383941197647776,-1.5522863246032805,-1.6353771604070975,-1.876647835245357,-2.401089387515913,-0.9862304820913723,-2.2405243502192906,-1.6712486755606009,-1.4951686035127791,1.579920885105843,-0.6449537265968882,-1.0110859213468573,-1.1371890372907827,-2.0111257657980874,-2.515271042368459,-2.0315904614209686
