script/wind350m.json
{"header": {"parameterCategory": 2, "parameterNumber": 2, "lo1": 3.000054539987559, "la1": 64.9999836372058, "dx": 0.5, "dy": 0.25, "nx": 34, "ny": 52, "refTime": "2026-06-20T19:00:00.000Z"}, "data":
[rows 0 to 24 of 52, columns 0 to 33 of 34]
12.169905093052435,12.153147218982575,11.66400169703965,11.775328869533952,10.675350097160285,11.272650341659988,11.181572601675935,10.80360130254353,11.175206123898917,10.017857632822977,8.969577812891009,8.909749895318178,7.95003541761945,8.933405415211904,7.836241980570554,8.784166813075553,7.8675082182311105,6.663164271737703,5.319605319078883,5.6900485950076165,6.116484839491386,5.581218553284584,7.016548267926116,5.852232601770323,8.160915589401817,4.868262538897018,4.9491046127672,4.027071194829589,3.193675808411791,3.426047827147358,5.61306023583328,3.6128416989723697,-0.68480745295103,-2.4954743203858634
12.21347295243391,12.529900529571492,12.238441030102697,12.041459784993037,12.394904366247312,11.093619000273492,11.447336317048903,11.93376168381173,10.524994028804539,11.751557953858615,10.774425113735955,8.928096107427248,7.83946621730977,8.403599966735394,8.558097628862992,9.192305809429092,9.304320812738993,8.307021331695516,6.301512347239119,9.080303091910393,4.978253359585674,7.965985117399022,6.317582109885991,8.364668351550039,7.795217542994271,6.501176167904678,4.54981023170765,3.0479268348022766,-1.1618270720187946,4.618778529068739,5.976738100325851,5.01686357131497,3.775238880073481,8.57375090592112
12.789816148277586,12.88943265918146,12.613238466201047,12.747641472281758,13.00314746765051,11.744075007857226,11.972637253062992,11.982324610741653,11.766082447846834,12.94583836049449,12.777405825344031,10.078881983358619,8.851984093071245,8.357273465703436,8.663765161463433,9.248230338779148,9.807102387905344,5.978603844890127,6.344607382532782,7.723150842359938,8.828308382184852,9.910253423431406,6.806493914485165,10.850005874019745,7.76745879523101,5.525392870726333,4.865094334225992,3.852538725876516,-0.3317727943632564,3.349060799469798,5.795354413216047,4.894467433360609,5.624771319365994,6.04902669809087
12.910021884959415,12.603871310556615,13.066818149441412,12.681502121803954,12.278620483106563,12.695889893039894,12.257768361773149,12.386463408608195,13.132690543062873,13.325090118051529,13.282633222395427,12.219868342892124,10.135172922153007,8.505047245629887,7.678672665095061,9.023858459828455,7.1682419697920245,6.031485059144014,6.558872330271381,8.963711952260596,8.96478313204696,9.234053454626437,7.3838078472006545,8.106259229575334,7.037635624161548,5.396132372113426,5.80624557124136,4.705129190449609,1.625775219355827,5.208502200917189,6.407585871279333,6.7330067035325065,6.595886228189684,11.107978079304399
12.951224992772127,13.088712945057477,13.543565082318285,12.706722020266717,12.785961413172952,12.741566969022212,12.788646034654258,13.141719168170603,13.80160342777579,13.634446354835898,12.97183063093365,12.895423153116,9.823182120051086,8.317596887001658,7.0924984161468085,8.370949972961226,9.485213846858125,6.63230612661153,6.789774071190659,12.01158223199754,9.226117057024094,10.898334541686696,4.306513767031605,7.691087225652669,3.9196029203189675,4.710482482327352,4.475209250120524,4.74502338407765,1.692907683151688,5.789999019842754,7.64738469641618,7.230297604108969,11.999063133846589,11.749322153862753
13.19207151583745,12.621587891109506,12.96198475382827,12.652118360199696,12.64711734516015,12.847479636033848,12.481725841112695,12.86399123809917,14.008917188221014,13.858518116787865,13.520336249544686,12.856732691657662,10.08572274659684,6.834177605109038,4.650352540018503,7.869298470176612,4.59434376534402,5.6764266381675945,9.693751324056173,10.261224989181368,7.046970817829864,8.834368250112242,6.700873192230354,6.129795522638985,8.074540174830242,1.394986033362596,4.837976091975708,6.831791296018199,4.775480267372324,6.540892248665359,7.244443507278046,9.132671971782974,8.42601382334001,8.806048898101329
13.957561958430677,13.637029550239545,13.552257666910673,12.424068560228271,12.434487862163172,13.078206981623117,12.707833663679859,13.687732911397749,13.36091816107042,13.611600228950682,13.796655617935016,11.158103685722299,10.636783398458117,8.170658658662818,6.549743213631442,6.06385443750026,6.954703515084753,8.328286673968378,11.046252298072828,9.033199124118685,6.029652658669179,10.911833484548076,6.175682469809665,10.315259329719158,5.128058215885001,3.023797956290031,5.104905819472823,6.3135436565449155,5.371959086611935,7.060938033451144,10.316976594344121,11.337511922573501,8.685629459149718,9.117988346712119
14.367755311246261,13.684690595960491,13.91941632758486,12.099319889735202,11.032061441584203,13.00943197717496,13.200079325230487,13.97909074744676,14.443758141110491,14.970315702135327,15.54802993840027,8.39820788430875,4.621890929810605,10.17457629706375,5.728113385782413,4.574739606305536,2.168086379228574,6.159765687970609,7.968865584355798,7.630918970302269,9.518932868747688,7.755475842390425,7.437364577409495,8.076681558599464,6.227638669262841,2.622214360564728,3.8160344213639896,5.525023580210923,7.587908974523703,5.163848405506628,8.352886738793758,11.553303655760244,9.737206561319692,11.825747378012776
14.142522953215428,13.695699154863334,13.092363744524507,11.8652166667403,12.297709460120533,12.86625817643577,12.810043560063933,13.409661691369104,15.243822635224548,10.111560283865447,7.284582900725055,2.9307253671346705,8.722645141200434,5.789118676546721,4.617734746831331,2.9015733593972532,5.427669262053827,6.070656184923172,4.012723493128583,7.104016946953163,6.697933564067058,4.907105518702738,6.004941908925606,6.171790552012559,2.665559324801017,4.330047789835514,7.208692342330737,5.579997572079566,5.666564949793189,4.900476886006007,8.117201493733985,11.484427047512645,9.371061444859878,20.099571638565298
13.195090844681099,13.594295778928242,12.986490158733842,12.19122777275308,12.360160636046848,11.484431807855833,12.474370398569478,11.343538485862188,8.580690178429402,9.334606658477595,2.74639069692189,2.4768862372625793,9.464086866169632,9.459510159713682,1.4151630782685134,5.511470622958122,4.352922033965878,6.278807518496141,6.049818067303816,6.968125092600428,5.009240259958254,3.585031658837816,2.5359155274865817,2.6970520233205617,2.569185391613069,5.727817031389568,3.4000868582395873,4.411674144218786,5.463734959226622,5.0366671818381645,6.756200664729084,12.334508131418763,15.682858816702172,18.75069812401953
12.603847681331446,12.879442406861552,12.732424223080484,11.96189919902097,11.6916615282155,12.08271685108546,10.51862962089578,8.764605940459061,11.560898640946233,2.31069291174857,13.048294805050196,3.4395021143278277,6.698612504690794,11.164161326129783,8.283033699968085,5.644040191392059,2.8541181798995345,3.889751846491262,5.476694339671166,3.6537642198178637,1.1187282927682265,4.536496602657645,7.745038747938827,3.154611126442504,7.932658575060113,3.2047763327981182,4.989097060526009,5.465418574724087,11.632110363325065,10.271441585446658,11.994368738964676,13.016128422636564,15.242418041306228,17.732742808917518
12.218331628547983,13.309920035849455,11.865506054247128,11.177845991219636,10.075934577658407,7.184441119531076,6.5273127313310155,2.35859767247393,4.438560067582152,10.224561930647694,8.425405431588779,11.54924228759974,13.528660840723724,5.856206885360088,12.313723772738665,5.436327688398512,5.101989276067506,7.706795540057817,5.013707218917656,6.403558195217873,2.6231342043548573,6.7184037955330895,7.308964536355366,10.9673302198269,11.91873419894703,6.978488435327014,6.7440233733282255,9.968411871383164,10.595486295856633,10.29114820979392,12.187888751308094,13.087307248679945,14.068723986794923,16.961578386686377
12.108185497643607,12.552332390685901,11.484749454253112,9.501242752112287,9.727274971440748,5.2564372139610995,6.8052629855924245,7.863863889123414,8.94402965565648,11.752631921105852,10.968119396302836,9.296787675350998,9.833246060999718,11.113176736212287,6.318360781225133,8.070098186356237,7.868293774504968,7.376100129603514,10.25696631337463,10.50139361744431,9.57749775043288,11.534949881279037,8.488501491500857,12.96919605838727,8.498028192223815,10.940463852110254,6.77674713051219,8.82246770130996,9.469177045246633,10.940884935017108,10.185080626054356,13.15752603463921,14.820122085750196,16.712166514648153
12.237376730874546,12.05853232998462,11.42714397794893,8.854767451471735,6.879882059975956,7.296379636053714,11.742858306901631,7.461763085355115,13.870836848388501,11.499572680515662,14.386295629603385,15.777102539181781,6.88477196674374,5.788916344116494,8.946670468675698,9.057631302684634,7.269657606584801,8.263802305007331,8.62333468754195,15.30751364083375,12.850292506173453,13.879274092162145,12.659303655600652,14.950020063466035,7.323256310802788,7.156305923629843,8.76915327369814,13.101643012033717,9.815992219010713,11.95304751260346,16.118622602953923,13.17056321407312,16.02819854733576,18.563142464883356
12.06866992632616,12.731325506395693,10.894169890774805,9.672833477307549,6.827265128730604,6.075749530630036,4.932485760703379,10.053195378227823,8.827037630632814,7.70313330513936,8.674572606629708,13.96209550733132,18.163192098195243,8.190323106978214,5.319326001858353,7.575712411379585,6.951098924953458,10.153654044846473,8.641034673076444,5.982258243331851,6.953719161361017,10.557490650889417,14.22072549577921,15.566540179781086,15.029392262911491,9.967703822097238,6.637464279177896,8.380707418362325,9.30294926435533,13.113772794071457,15.110428449887246,14.50882784640087,16.66817155871514,17.35960740748043
10.709760389497983,10.212647818095045,11.541394362226491,9.593171208578603,5.433400585225839,5.67164467416968,7.463267528763277,8.652529914321326,6.580893640597759,11.15179719138138,13.212919598140513,14.855682854355177,10.370908676579147,10.432453319541663,10.721467919221595,8.665250439508904,11.555353688742846,7.693790564519909,9.817543562785877,8.389239012586286,14.37640873575178,11.229244697731009,9.666979148183623,8.826400261715603,5.892662222553132,6.6148836872166,9.743204013425048,8.157989198958349,9.292184828087874,12.615020617892228,13.2638562100591,15.350428682872773,17.05298920748058,15.343025237819896
10.958388022629022,11.591300092943623,10.995717068249434,8.962873161490245,4.496506963166166,6.051179452238646,11.27188968912901,9.158316575859587,2.2975096790059286,9.674748104365978,10.102943729367531,15.52153833046238,6.381954964944935,6.480587794684272,8.329715306539123,5.368595389772726,7.715533355514532,7.353836029176755,9.641862504856986,7.1205104100144085,11.955482730410681,13.838123769267725,8.82346581929586,6.251907938808725,7.258954101898645,8.068573048963882,9.36405525325573,9.457214304527715,10.213109696775406,12.42188112956599,12.591619307222992,15.29187333959525,16.14487368798016,15.045766229088908
12.259254211210994,11.753923959363181,10.706711776047117,8.133818562065263,5.771393039729802,6.4587170061672055,7.893370761146314,7.90808339957957,12.37040381485968,14.171360807731753,8.458654341129517,9.534343661668528,7.586833055341605,9.774813513111676,7.326118220978419,11.605441851668319,8.23377225011519,9.651498209193003,10.963969694288249,8.006537841631529,8.607718095473421,6.4952396862966095,7.782503176605318,9.255115426706771,7.525069904094084,8.606200776840419,8.369597012000405,7.891561569908342,9.614193971827786,9.79446281557023,12.624837163794902,16.036873572013484,15.32761363968603,15.410862809862138
11.791710546093997,11.96467715501606,10.599118453441735,8.088928472388957,6.781198248931529,5.5208881498558515,10.13793471445259,7.572505171807124,8.623579333312003,17.133125469636116,11.075896176406733,7.707973818245121,9.205493748425598,6.67071083651003,9.170368284974469,9.97951848934868,8.225749934697276,8.107115745386103,7.751052395395671,10.563123628160078,6.244637401911975,9.621040920014417,7.42218846306757,8.629573195915532,8.772689089108567,8.531563248828945,7.496203743361825,7.962997091053151,8.31418611843002,7.6652766844188305,10.888731624515728,14.61599314343083,14.955180433873723,14.586604122691188
11.71888054058096,11.540409349762829,10.554314271889066,8.58833949205212,7.233053147436278,6.469325864348704,4.631615249677318,11.493136318558296,12.673864879130905,12.890244097106994,12.250372560483225,10.690055844193784,7.3376994412826,11.128775065796331,5.514044411628605,9.099061954619637,7.816406416525031,9.153770443973364,10.88227044518849,7.546574573291193,6.05654810816334,5.453940972936631,7.773642154957196,8.509538484530083,9.901709488353168,6.79891808274796,6.882516365689022,7.646189955207498,8.235502761835633,7.68298915765013,8.564594957487653,13.08780263959747,15.680112880327028,8.548563989958003
11.258530792276076,11.45720361239902,10.037573467385519,8.301691780021743,6.827359517873329,6.58350265350505,4.903809489001568,7.070032998220165,11.262944156958973,11.22813865578473,13.537190847778097,12.942218980887969,11.287578616055603,6.655940809542744,7.3785631428556036,10.076131433551584,4.890950640780922,6.165163184922986,8.255357087408266,7.327257202899552,7.268439559519047,5.157074481200239,7.575983428704591,8.275931764161033,8.217732912265733,9.006345011939057,8.38537636769145,7.805538613883035,7.662677587182362,6.647886501177426,13.02381366096101,15.648208812842675,12.673161970993965,9.66712977947313
9.59561686438281,10.209064466575361,9.103031905333747,9.810709943681282,6.16132493112639,5.418726074242019,6.649495275086799,7.785186518335286,10.789651156353031,8.149314498294661,14.032899285366916,10.703432708008584,6.827723453714553,5.488958761696941,8.647236390103677,10.188840868716005,8.396893095928089,8.264748553713659,9.4030843958663,7.317664650040991,8.140274862996055,5.995976079681597,6.677741545951602,7.336330743702255,10.30322515203349,8.878031827373654,7.752517765007691,8.035900357481326,8.021516670485765,10.336640894482573,12.078901114030986,12.376193373716642,9.158056947819837,9.116668008354571
8.543940046750475,8.237907253769478,7.211829410345273,7.576892389694604,6.330637774877673,4.389119022310673,4.108456557347602,7.311760054894997,14.448745717778921,12.56074163732951,6.820225080585991,10.012040967139386,8.427696960981075,9.779062107569805,9.816597819222958,6.381870955591355,11.243147944835238,13.05894491476137,8.302942207673901,8.140823199184451,6.674078722468085,6.563944081235305,6.3847885911669975,9.44606928567819,10.661059574542575,8.377565809148786,9.264544378036174,12.681484816693489,10.122179490901676,9.858910949803203,9.173388863977069,10.118952987282336,9.342465881964197,8.734697022208868
8.33632205866754,7.369880222441428,6.413444230586822,6.9846303459595696,5.802939544310268,6.076999650166045,5.619340509460515,7.625820959341426,10.166697409846702,8.47387282010308,7.577504221128174,5.489207784126818,5.704491984672774,7.260374650069192,9.35728368873955,12.56354472049913,13.462011681135277,10.321663794907293,9.147439769037765,9.08209328667238,7.7738827566021556,11.88491034934441,10.91153495967654,10.435701570663005,10.129568635304762,7.802913318256139,7.853378868526414,11.73233676436277,9.120542733844166,9.25475273158334,9.457082454851086,9.39948695385628,7.789978979461388,11.735457628680587
8.24701042876262,6.21871839682739,5.884798339163367,6.147277371779079,7.070348646781099,6.978871417291944,3.531266943111871,7.939581099555843,10.04153985328361,8.90882995367769,8.939390506277961,6.942047713137917,7.484853323118693,8.57459573280091,12.031990018586619,11.53071680292187,12.111073291551328,12.087308481032247,10.13123488820168,9.448611842341538,10.667104041610234,12.368190564417679,10.398032452062228,8.999698994358193,9.359183889085486,9.212119152005847,6.835319466759621,9.055359724371852,10.836571225206079,8.655201862338151,7.836643689746494,9.598566906791726,7.615733825532826,11.60055705265633
