script/wind450m.json
{"header": {"parameterCategory": 2, "parameterNumber": 2, "lo1": 3.000054539987559, "la1": 64.9999836372058, "dx": 0.5, "dy": 0.25, "nx": 34, "ny": 52, "refTime": "2026-03-15T15:00:00.000Z"}, "data":
[rows 0 to 24 of 52, columns 0 to 33 of 34]
-2.685833076447614,-1.3682779278096873,-2.5913648080684553,-1.8822357857956729,-1.1866848753908872,-1.199463590073687,0.0017174641355658432,-0.027031867499059198,0.42724935537179154,-0.038960069623291536,-0.7287093696219382,-0.9632392242093015,0.7960249478662499,0.29157173446640444,-0.4955085249689496,-1.5146067077174659,-0.770427281230096,-0.47371383149459667,-0.7315568975426008,1.1192143003464803,-1.9857708712643547,-1.9977841021048677,-3.9035850497427047,-0.4541207072235028,-1.911995452041646,-0.8941635972270843,-0.4292934664404034,-0.23862036905762274,-2.171486882004218,-1.9382270658014003,-2.060277046208559,-2.245052291601527,-1.963657922437908,-0.19854906937293262
-3.7092520108697142,-4.314349017262151,-3.0382698748743175,-2.272605370665571,-2.040156982135497,-1.7795792134048336,-0.38596981964275934,0.5654693265322827,0.11419821737536763,-1.1696820321814134,-0.8308566321999544,-0.038706124106803186,-0.5518018752168715,-0.6849429349854446,-2.232302764248185,-1.419765218840446,-0.7480748970883441,-1.0732597700932585,-0.5219946125797269,1.4286392709075153,1.2511647107715387,-1.4214563047556124,-1.5413047314535233,-2.1522573329378925,-2.567533771565748,-2.4161953184716443,-0.5875342579245426,-2.3162707952031143,-2.627977703549307,-2.2872122786880347,-2.3249381117110235,-1.1721506884024937,-0.40223225871617,0.0023752835783626166
-3.896011907758871,-3.76710508480954,-3.563797855449594,-2.7122006474010973,-1.6975395828981086,-2.1145463281317003,-1.7887514417470862,-1.0148744793294522,-0.3536957066830749,-1.2198905576467485,-1.3394103366198626,-0.8835919324742164,-1.7701423404193348,-1.56337287577552,-2.87509234820469,-1.9480573445994303,-2.060489064059075,-1.6085328024931846,-1.5085733890792992,-0.43765737259449505,1.7035826423650595,2.205156961584449,0.32510991078008006,-0.7894081437806238,-2.067214898554255,-2.254538171660397,-2.434553779113361,-1.6423248691843066,-2.627744021217764,-2.681131881943324,-1.579061381726088,1.6674121709713954,1.1770701791526346,1.2842149727057566
-3.1156572294206484,-3.3110433232259786,-5.174759210241926,-3.960034281400706,-2.4431297107705316,-1.8552484241358376,-1.8247706386476068,-1.660457191129971,-0.6588142483663982,-1.6897503666688587,-2.807122306894189,-2.2370579522803173,-2.8543031515591317,-2.849376624876948,-2.4572460755891856,-2.4473885041016286,-2.5382484433502595,-1.89223624016242,-0.02815487852113911,0.7255977764325684,2.3477819225408334,2.553952957210781,2.90989162820892,-0.5039195835386661,-1.148802953206927,-1.4472585968516676,-1.4877978521858537,-1.7812864802519235,-2.818296491426655,-2.0946358479508014,0.23025990211527592,0.9047529643065436,2.863273116054915,3.5736841105714197
-3.102183813612053,-4.287310731463615,-3.8319993124634384,-4.228445808228944,-3.186899200220647,-1.6777995660118323,-0.9830414259196822,-1.329573482171963,-0.7877062350627109,-1.6393220717956958,-3.9095378669777663,-3.2882737822599104,-1.9985348632813755,-2.580204978211219,-2.8340594702963537,-0.9002297789135021,-0.6310448442183364,-0.9580814478041056,0.034334178531392395,2.602304970573723,1.1738684706611304,0.3953340474847211,-1.6379920952101903,-1.9790966521697024,-1.5973080435386566,-2.1054973324370057,-1.525997783493969,-2.8547361305067342,-1.4418326835657904,-0.06330355049502664,-0.06712798216138849,1.8198795076640124,2.9714258552441057,4.214155639802631
-1.9058116223351265,-1.3153707245192652,-2.1088996877935617,-4.241553861388008,-3.4160041393450022,-2.4496425808898885,-1.2885679879550738,-0.9844948312244182,-1.1540600551711921,-1.160601494298925,-2.1157089951470507,-1.9889835987219449,-1.6718387099228413,-0.4160342468245617,-2.610270348825016,-1.4016785527690694,-0.22113878226780803,0.7744081361025053,5.15258719763422,0.330938261171351,-1.0616651654608522,-0.9475743186029887,-0.12606324869437469,-0.5754605810862091,0.8297247167276587,0.5270528472060233,-1.422113806712479,-1.3883877789647545,-1.1082823167832216,1.4015469543615844,1.7736293316749137,2.600038916461245,4.230178649106259,4.355898640417264
-0.8314828307562001,-0.6845411763812962,-2.063540535309444,-4.1966914680991385,-3.39601174996944,-2.8242413842434617,-2.073563387257294,-0.8866700491547443,-0.6262611142103992,0.05407779134404677,-1.393534717410043,1.5671869939002228,0.8224625466425082,0.636392707714094,-1.5112772364333251,0.16801443747385586,0.6901169624125812,2.591934222364674,6.5052855092424595,2.1151838221412995,3.841523146138767,1.3656080531588184,1.0427881652236282,1.1064608788708117,1.505750426767809,2.075110900233088,2.1251019163545424,-0.395347557540651,1.6073167984073984,2.9035494012938003,2.2693410063752264,3.2021585383889195,4.117013919330338,3.0186611804353447
1.2103983759825019,-1.4043740778680864,-1.8314051320412126,-2.3841894665495813,-3.180722016578194,-3.733988328942193,-3.181613804546697,-1.9621485304553694,-0.06403009725888971,-0.3295810757719546,-0.11044405832280876,-0.19421243480663172,3.4910130909298096,1.5536008440201163,-0.22922923098801937,1.230695776310724,0.13963372301463783,3.2731721232729774,8.147602747207417,6.093891509417312,4.002992606394428,7.021254992543671,2.080411123782804,2.5971172532309463,4.2190217488064565,3.5398056139597545,2.6229497082534547,1.658013025779338,0.8245299049338828,2.1563991069310764,3.095223270824163,3.816257841517835,4.374702091673139,6.081642025753374
0.1878396394690664,-2.2532796533903126,-1.0026749084846078,-2.52615479600564,-3.1296162512311065,-3.7389776303832596,-3.6518385269077136,-2.480921741368603,-1.515286199145275,-1.3505619329840977,-0.37041703590986264,0.3938927841968358,4.782672821631972,1.632971162680565,7.986075381705042,2.1699783732820457,-2.9703824655793887,7.91640976536387,1.0680326833634914,7.799599107206853,9.428897377389166,7.046095444794495,3.2755462390331265,4.020751269829928,3.4429342155884837,2.663425582970693,2.6372300635667822,1.8801624625009719,3.2646734742858547,3.034866298004017,4.61689705981784,4.2475981002631436,4.938942671690613,6.767833409818347
1.6444496518920788,0.7632018661595982,0.007117412854926476,-1.4182598231652648,-3.0203462990433567,-1.7284131136570713,-2.5833333751611356,-1.6649660748679338,-3.7839753602925685,-1.4753291916156261,-2.098487177424033,-1.4542996363910914,3.85169906945062,4.994439644595161,-0.37262386031332945,6.229816218864946,4.082197359942135,2.175839649042621,2.2023768216173605,5.546609623120238,7.622785003650229,5.4522329893924715,4.556150091494367,4.7298347967523,3.1742196395547944,3.5747401660669578,4.526761360005216,3.7444837952142267,4.947001029823931,4.378892484617735,4.189182741913816,4.466579366569327,6.693665451243529,5.0549152655123
3.7049604688375934,1.7743104005797117,0.42107595707612716,-0.6590085146732799,-2.304134432692145,-1.6363848198504822,-2.6572030039517243,-1.4874028172839142,0.05801720203696095,1.2818079696211777,10.092403340249199,-2.570147053817472,11.085244765501182,3.4263737114060007,7.269054875721169,0.881756448595288,3.7528949766617488,4.367929324728912,4.324377676077262,6.316211415996497,6.1597906545678125,4.3759546190013765,7.7270856400837395,3.0346139303169957,4.963688924863893,4.328198930263945,4.218701410869754,4.7242289166928755,4.228940479033232,4.651830683244491,3.699040572106072,5.330628167816831,6.153778511359926,5.578714865477668
3.8707447194570683,2.414612622614737,-0.500631388517374,-1.093572326659,-1.7156535735313163,-3.9253391841591734,-3.9534415740402693,-3.908094958686604,-0.5574482708562143,0.515034528441861,2.589677428488541,-0.458873147542463,-1.565599748907749,3.838501641666902,4.294891117714397,2.0438650212836835,3.236791820300183,6.460738467517548,6.437225783953438,4.797872652600605,8.516802456447556,7.016877108832996,3.7055496633417198,6.074146470820468,5.600001165083768,4.597050344276389,3.632320310797802,5.2397317896980065,5.754078996285577,7.806594514974503,6.4059597308600456,6.229491396108327,5.671291519957402,3.985426240991002
3.6026620097191837,2.849671237920522,-1.1383538268642241,-2.251790745994281,-2.180828536780845,-4.586067369269468,-2.8442662846979565,-1.517188536689183,-2.156320899263016,5.367050472880257,0.6592975395555515,5.317403041075619,2.562724096177612,4.624900382618576,1.8723784108784907,9.461349498721136,1.6693295772238783,3.953002412914248,3.9594659503041285,3.579476954883996,4.234477423398345,8.737996145812529,6.58517413729582,5.272103597325273,5.203856606288584,4.361272466479113,3.634341590715601,4.8361271682367475,4.969856768755512,7.535679748385312,5.292877076042631,5.350648523759542,6.0459318849599395,5.188470849672689
3.643277690983673,2.5578807487753115,0.16723670196753931,-3.82409123171517,-2.9082557371798803,-0.949376027774979,7.1890951944674155,-2.19005721615084,-2.3410049399149617,5.550558071717562,9.401995258567215,11.923435140622217,2.0046898248168525,-1.175849380697813,3.5513269591508903,3.08024120444765,4.6441333168156635,3.969717780866792,3.924363597465571,6.624566935828543,2.8347250123052588,6.98008209490026,7.37928570784058,6.6227913067343795,4.885707703696697,5.620713496579827,5.6329080910051665,7.0780430399326155,5.537473800847172,8.730364219151348,7.566595090227322,5.544894265358081,6.108429294792172,6.663339638837434
3.58463613279077,1.635852884930343,-0.5409533519476701,-3.7927778229192874,-3.6581660369894937,-3.6699526807302725,-4.006469539198489,-1.6307134612520175,-1.342598176534346,3.124170470730587,1.6870760091752084,5.997150889119677,4.094964229572538,3.8191272522458304,1.9556095114726277,5.323235829269856,0.26545059813787236,3.107408642976416,3.4086257131208924,3.335412783512041,4.161185846385929,4.1968778922852294,4.446204471618934,6.4460685177459025,5.080697835678491,6.308737410529758,6.307445717293315,6.461726481736199,6.667733329260276,8.872853193221609,6.828713758421942,5.543638714488879,6.341781496482825,6.956422960153665
4.467621264830068,1.1047479532928672,-2.037642604923809,-4.066719712946669,-4.499421525532985,-3.0400369914775633,-2.8307705147587074,-1.464476772924324,-0.582505331970787,1.2878788946981337,1.8957825895177354,4.9386733019227025,1.2395568999322222,4.015308532806488,0.06523909774333421,3.6359365149180074,7.060897047612005,1.5529628293726951,2.9072226905193412,3.1716129882818613,8.556142405314448,4.2460449412785595,2.391289813220564,5.591945581747044,5.1285614071739944,6.537515817156258,9.294781000389447,6.876575532769527,6.655055963403951,8.957733641054354,8.909395940714695,7.511604039367982,6.744222266613689,7.002935978377817
4.442229801687289,2.01067014156133,-1.0578329017383699,-3.1677455077137657,-5.202689532362697,-0.5058669105725536,0.48134801846744335,1.2928690225132942,-4.2507526037302705,6.8760574910825465,7.377401905539264,3.629784524990244,2.5900644426994637,0.4206058022136294,0.266815178525189,-0.9153083950502807,3.3873875348279765,0.973840673682279,3.3139232551367557,4.241698024138339,5.93821934589706,6.466416946659439,5.5215964480968145,4.849233578147116,5.021046731063706,6.296352477349987,8.12867931678906,8.605877027387104,8.06600023417867,9.342502889828303,10.548347856694171,8.650967987465837,6.980343296652181,7.7042546883712975
7.212014526287374,1.9608412857030284,0.0678789400114479,-0.6932503221163758,-3.400534044234241,-2.6910681574695277,1.2156443373450414,-0.9915852888366948,5.709148022394457,3.266455908804177,2.7474193692203537,2.7500730096872212,1.2133402219328444,2.6256281438673885,1.5484420085460582,4.031417872297106,2.1587994710102265,4.6254305273459195,4.502211392542648,4.811965629052677,4.863282287624555,5.081690009456106,5.49993577094297,9.118336980372034,5.356875766830058,5.9673501634634265,6.603475689323942,8.047634216428623,8.503285752643567,9.241255905386215,10.605993358798615,10.125362561358576,7.086882523726429,8.202231342686378
8.701424725170039,4.536668151273901,0.4255390662114354,-0.8093331539686806,-1.2893082909516593,-2.8302992271863796,5.905794600622426,2.2287530627540093,-3.3960670913130317,4.516135631613178,5.570118418062571,1.2550180992365954,1.427159758677528,0.9529549196737249,1.856998471820063,1.1694937104601193,2.3971450215747647,2.5906714931039563,2.7210405665602466,4.638122213015719,4.151750426611291,7.6352861151695794,6.3077830809340085,6.287957387732758,6.693218479442155,6.331647381297952,7.118866316058329,7.753158786605544,8.142435496016711,8.84517632620109,9.741617932288115,10.154552219565069,9.12255934921906,8.125322056565693
9.830497843449791,8.921731795865483,1.5859323959865175,-1.6391725073463619,-1.195671198986463,-1.8542271590316428,2.45301245750902,3.8072135766767117,8.608620439761491,2.919340061207162,5.063289274749925,5.232043808516666,-3.060938773462653,4.02342787673173,0.645456011911572,3.968778402536315,3.693333390472433,4.035463826725428,3.8747853582035643,5.909772229955269,4.691373982001591,4.287445244918379,7.350849904852085,6.986463383666801,6.349082716194656,6.824788317061332,7.031554261646365,8.023986450706703,7.982641339433569,9.239789665375257,10.949366288730316,9.418334607063217,8.416389474057373,7.486762074044626
10.149959716781805,7.786452061170529,3.7099101660926874,-1.2109145212358532,0.4322268973294674,-2.1286935168762566,-1.0960371627494632,1.4874513050471656,8.704456475983198,3.664054569711377,4.811459752214219,6.212071139644279,3.456437345639701,1.8649414703770288,3.2308620765088025,3.708173686314384,5.560470801770998,3.9228508135680067,6.118958485726485,5.680416710753296,6.378457943733649,5.039713786495075,6.333251612877239,7.524770680990603,8.176066627634949,8.547373595419295,7.51694528958886,7.997926111183514,8.435633925538582,9.20896150350974,9.817528760870456,9.29029165694216,9.32329187399204,9.128482592670258
11.5288727285491,8.040726227412508,6.053478807205753,0.3486581642503546,0.5421331533919435,0.2871632051387354,-2.392993566259889,1.0368349432363462,4.916585724070556,0.10900939395681496,3.2062294879558753,5.532470914495801,-0.4532366928625073,4.573157131375771,1.0267387574861238,3.81055161884287,5.890531513195342,6.569862090623129,8.324991171668001,5.549086085907099,7.772622058021312,5.697088928212763,7.371549533188339,7.674727002954246,7.656982500600176,8.371000835423892,8.612868313293536,8.398023792170159,9.071908197474507,9.896708675242172,9.14241869892867,10.265887228928149,11.020194044560826,8.514884334465883
12.491067820445075,8.414586059894765,6.215793498929059,1.4696298935042913,2.328051166950684,0.20210017600025723,-1.1888892595944913,2.9944574561816335,5.415117460407625,5.033537556943229,-0.7112342537242122,3.8230437014719594,3.9696678610283103,5.719450612817663,6.64201492026036,4.390422891139795,7.7678768932728195,7.563313460385067,6.974050161982484,8.262508314815793,6.671316152316909,4.640308088200631,5.518715396923715,8.11743491946181,9.100286212976863,8.205658447658486,8.936962448739473,10.009649247086456,9.984586231227214,9.604357732352824,10.374467528913371,10.166872897905783,10.046289364084998,7.904933771299049
12.516587405520022,9.486011561638781,7.126661013256765,3.326649861808224,1.5542033647407527,2.5452549743143864,1.2158738023867566,2.5547935116479814,3.6068632486627257,0.7932078106007733,2.35531785858237,1.5587657220999465,3.3113554773946863,3.6437202926778642,9.458156753574768,8.624669380888285,4.369441484837824,7.337168115800822,6.415894563533752,8.02008691524264,8.285446832426196,10.235666070637906,8.283275459141999,8.196935248267298,8.888862825222354,9.97632707087247,10.648191485808008,11.396382805625693,8.618483096723748,8.440563962168113,8.72810944137925,10.443706758353118,9.152115920159076,7.96037812795371
12.244131595375357,10.708587692012639,7.833562971448843,4.442854922773446,2.711982516165114,2.0010726950352273,-0.8955859209093195,4.249641226673566,5.835420841170896,1.5856119794422494,7.056238007476703,2.3218531368186297,4.3300408012866844,8.610210743828707,9.703583424823952,11.855211362887184,7.996062825651723,9.288502358076533,8.231843912251268,7.187764717588644,8.561757545783474,11.276426957507539,9.77130656799281,10.037502615275985,8.983683626713459,8.725338467410307,7.636415187721799,7.1289898407203465,8.006977426586113,8.63534337270516,9.53425093880356,9.154630756513583,9.044944818338449,7.994452761268533
