script/wind150m.json
[{"header": {"parameterCategory": 2, "parameterNumber": 2, "lo1": 6.000198445256149, "la1": 58.999992894266676, "dx": 0.5, "dy": 0.25, "nx": 22, "ny": 24, "refTime": "2024-03-14T20:00:00.000Z"}, "data": [1.021361295292761, 8.069144279759838, 10.102181320515712, 0.7610127078905287, 1.890626734458629, 9.06585047925871, 1.4536583101782061, 7.957836670522099, 6.77128007027671, 7.590093623036271, 6.639095583463902, 5.114465070242076, -0.37311015590293717, 6.803919587488936, 6.803855697135709, 5.134028323386328, 7.528979505763294, -0.7420635624306692, 4.0209044252192765, 11.023018801239528, 8.977343780972996, 14.165637781021914, 4.620740298658328, 6.177439891720437, -4.840076038471981, 11.58547380614792, 2.099029236215406, 1.7788625137376055, 7.097949001584859, 5.952439987516519, 1.6844947605890959, 5.3031398366976354, 6.848027002976646, 2.725346274481515, 2.695713864230481, 8.625936544728066, 10.421971385914956, 1.7641382810348283, 6.492903793976373, 4.3642737343883, 3.6752310021180663, 7.503055505864746, 2.6523608019928857, 4.437399563518017, 11.382345107113723, 5.246135883706417, 2.199119242778114, 5.517842729623287, 9.044694355210806, 3.154449971950072, 6.8499575709897265, 6.937163831705093, 5.7875900043548185, 7.770029590318296, 3.823823069710542, 2.333174361144927, 4.584822769900227, 4.288938357366525, 1.5991779525900336, 6.872357955295353, 9.289890764110355, 3.6812137009254378, -0.015161321897987206, 0.42566872217463614, 11.389111590365108, 4.3027348634880065, 6.283945862321281, 6.082001408813303, 7.549602404624398, 4.873838871965117, 8.01876341678013, 1.3727763778308728, 8.245117042351502, 8.04646944235192, 5.209413174468568, 2.5880736803524504, 2.740110100615529, 3.791536224938522, 2.988616162455792, 3.3150619479830836, 5.7800364543385205, 4.66447555883852, 2.3550851463832414, 5.193374876831678, 7.765522185705179, 5.2618321147875635, 5.743656272460406, 7.173712303853273, 5.658093381597901, 2.399179742722908, 6.7696315047587925, 2.7707214967566367, 2.9914866560882443, 5.484507446725395, 6.582750954742498, 4.300433004058037, 10.279493222716246, 8.221986576243445, 9.66066656773965, 9.284871486399124, 2.9683909283724166, 3.066206277026418, 7.071877175742585, 2.6327513252725057, 6.414254633934216, 8.82588795248907, 7.109569608740877, 5.751844645056343, 2.739066040343311, 5.917696883542191, 5.398654294887943, 7.855341884707401, 3.6146569169786287, 2.0558485084073443, 9.124288911175995, 3.388465030901038, 7.948534079011978, 4.868737075252474, 4.592628972500465, 5.804704494225745, 4.090075902136341, 6.059624791962729, 5.464098724104908, 11.6113392678902, 5.350193926810142, 7.314791001295346, 11.49560326850861, 5.834058542467646, 1.761316988315579, 5.345934802892478, 3.154036544340215, 12.498679321766463, 3.7061402939851935, 8.878957471751045, 4.573145782012186, 0.5276521027403568, 5.796733993435348, 7.185375721248604, 3.2276926085818944, 2.99500748272884, 7.00527443220604, 1.7792360902387956, 1.97211372913343, 8.088581027123018, 9.005489738439385, 9.808413886220045, 7.724029956270675, 6.564256640682311, 4.952541532751838, 6.723350663595487, 3.549986747050997, 9.114964818162509, 2.0744312057806558, 8.525387836078565, 11.837129329791521, 12.779999441846437, 7.532471964187315, 5.38814152177706, 4.3268805798188605, 5.452014622855143, 2.5297848982302784, 10.638298749549488, 9.043507478978317, 3.932697180106697, 7.5797099743224114, 6.485014733588966, 0.8658316306403362, 8.63063655355052, 7.742879751657223, 8.671658701765105, 6.160140537011693, 9.001841361634272, 3.9683922864804697, 1.3109241701886778, 0.449159324703525, 4.856461163524726, 2.6376873154903504, 2.621939077710813, 4.380749150917074, 5.5928418345368005, 8.714992419896248, 4.741241160932942, -0.2473288173519365, 11.947444181736074, 2.8355667248833254, 1.4577103655146884, 3.015199896713608, 2.8227271121234803, 5.880757175470701, 5.095232840644034, 5.476384143390016, 7.0543977298164515, 9.169505025430391, 9.62529008773555, 8.162229429819302, 9.334892390629438, 3.765366282372694, 9.41346987365047, 6.543280075627976, 1.2900934858379483, 4.482757365703321, 5.363926250000997, 2.6109383682274476, 6.596558016141947, 5.514879176180028, 14.545972119379526, 9.53383018125703, 5.797152669894471, 12.283177541124704, 4.675055345568865, 6.444842462829198, 5.724099664280773, 0.29166728779747825, 2.925439297534062, 7.293377783453435, 7.759388534445055, 10.416718102094993, 6.688243502111108, 8.270891315015593, 3.2482807529562985, 4.243543400292332, 11.28250784183677, 7.658819800090976, -5.217683710940134, 6.903446997565415, 7.492068637836612, 3.568063778233826, 7.173809703024693, 9.643170966896484, 4.359475909798044, 8.42434083820066, 7.774804810524909, 8.76343164207398, 1.5363130282684818, 5.927429011579675, 9.831852941911384, 0.8206855841856171, 9.142390759417541, 6.893022578906168, 6.459758993397642, 9.064185571705249, 6.819815756541421, 0.6882873158892575, 10.463294575138011, 5.415219807546875, 5.745960667734098, 3.407660513038391, 7.978315820969073, 3.7000118829918995, 11.139952632671244, 5.995257818334305, 7.821908124776123, 5.841563371526731, 6.9241546664767455, 9.551528274554506, 2.146505530533337, 9.241733487281907, 6.88512060645306, 4.6397928594431646, 14.548208377826201, 8.720779933426781, 7.739400591460531, 9.210534484361299, 1.0112678416344314, 8.950412401471262, 2.975758565337719, 1.2915415113535649, 7.663470269277457, 9.14481211305024, 10.762301470357906, 1.9616074143295932, 5.3178816111290255, 6.5835655175701175, 8.964815386703952, 13.481968436921603, 7.028687033623122, 6.124521690611369, 5.149759580168171, 7.3398841044625485, 3.992178068169353, 7.796242404883325, 6.389130286246174, 6.831281220427349, 5.969243816836887, 3.8374430738576626, 4.922162700491871, 7.974331374914188, 8.272158982396931, -2.4969415524558554, 7.01868044080707, 5.982508592219453, 2.3666000066020954, 2.778005429807565, 4.9958692990422, 4.651489432710764, 7.864745038902329, 6.839724300171658, 10.37504419608093, 0.31924198492650063, 5.383732419480795, 9.482581901171589, 2.8788095913235363, 4.259820640552242, 6.444755758670287, 2.916138005406712, 6.572028634082309, 2.7606226873378548, 11.442384872640845, 8.481370023965281, 7.111842686385075, 2.617918395563342, 13.635687462516305, 6.7838711526496, 1.0197287370346328, 7.34800602150943, 8.188076017452614, 4.0247865400029434, 13.689251118888587, 10.659406962804344, -4.737726894645852, 10.276700956106351, 8.806326309823584, 5.773049039721355, 9.480860795842558, 6.33493989665863, 2.8519597755724133, 7.086116933185146, 0.020379885644667986, 8.413181387478408, 4.309703432364619, 5.148241012473852, 1.3947233787818847, 4.417752242135771, 6.84315723146886, 7.3631722364246714, 8.623501788678196, 7.380551913958886, 7.04009227451033, 7.099552589907011, 2.825451952882308, 0.30410943430358633, 8.567777674017611, 8.932799433260932, 3.119855863076168, 8.253684806858862, 3.806340852597587, 3.95143392568239, 7.84932442678689, 7.290987548743421, 6.944912752656817, 5.536178258796694, 8.22989857405741, 1.5264784725702136, 6.536726175811023, 1.8914643565353484, 0.12797298438990212, 7.076579671148522, 4.185056871712492, 6.0280300100887825, 5.0926685808742596, 1.8106309455690197, 11.653292183943087, 6.779502909882073, 3.337198814320774, 3.2431519021670767, 4.2536373833516725, 3.6065219353855746, 6.613653281836698, 4.269866380767891, 8.507867454234683, 2.204374817968942, 8.860510903529434, 6.658492327761738, 1.2271027642786922, -0.1502371065794194, 9.31075436272818, 7.219039119420226, 2.0985298140246553, 7.116003915997534, 9.70633030420593, 7.317249043755581, 9.415921840034414, 8.189727338250469, 5.708280076881165, 7.158738968850217, 5.620500353925664, 7.7509705795914865, 6.8564835179970185, 1.076288230298413, 5.724020745933076, 7.497508176632588, 6.486655652468127, 13.9596844538523, 2.8567164172497814, 4.54830365149889, 8.241308709279226, 3.704440804810842, 0.3765291805103109, 4.399607911803049, 8.13388245963247, 0.9335879989921099, 2.302722161408115, 8.384781396329258, 7.4813367007259, 9.889517870902925, 10.933683823865424, 4.636629939865142, 1.4521623515683644, 6.507720912858855, 8.242171596484, 2.891300129250048, 5.8892565028501975, 8.516545427576775, 8.398336073949947, 9.175563514040315, 3.8253435522271126, 2.718893573741645, 4.240854649196672, 2.4759185812997777, 7.569572236499546, 7.486978129181334, 1.4998318631397, 8.448314725628943, 6.998344222510291, 6.017940509576185, 2.225989160401343, 8.93503812899133, 5.233000210860912, 6.770813811327697, 7.770791737032564, 9.041919818763443, 7.835430243250318, 6.64736290241881, 4.298022519688624, 8.615364417044754, 7.934987654421573, 2.893898447280141, 0.9927775632069994, 1.1226529298708956, 4.017639037258277, 6.962868457622028, 6.301311899578898, 1.9916183412954902, 3.5610250437012234, 6.644008878846896, 7.315413949341818, 4.656455518166531, 7.841689197287939, 1.4584928433740154, 8.729993049776253, 5.51493233769633, 9.275492665238716, 5.732882206583795, 10.785661774480122, 3.553802996772546, -2.6369035626467507, 10.886359629337182, 11.878752165745622, 4.934037601131057, 6.112533381469182, 2.7579489382667672, 4.73937985403616, 3.528027528738708, 8.677974014997762, 4.364352207162023, 7.751852217318069, 12.148768845302712, 5.109798292792462, 8.043840480039458, 8.408190036674135, 9.498515480445121, -1.8931251783909193, 5.800820168969774, 4.106155015603828, 4.624626010447105, 9.913863691601165, 10.232519261168976, 4.251381117327624, 7.149385796455103, 1.3158355860035262, 1.9648001900600285, 4.439285947413833, 7.71071076099922, 3.214926277868862, 9.04346543418742, 7.387497426929159, 9.523728917802014, 9.98606184957848, 6.956219247247502, 6.834978268589058, 6.032754713762607, 7.927087161999853, 11.641691775534209, 5.648334800641306, 6.9716671709059, 7.003208360268191, 7.346349122432119, 5.13638481533293, 8.276084051737797, 0.6522154464857784, 1.4015656398657435, 7.746992198942185, 6.879060286292157, 8.114145184750647, 4.184155946488723, 9.47689328360198, 1.116700589237605, 8.029874623026352, 9.372687732368247, 4.092434611169387, 6.220886962023577, 9.740309545923992, 5.594093657793856, 7.71684379331214, 6.020779931242178, 9.762532908082262, 8.58865987768999, 5.33751377843131, 11.028419435944965, 8.98261624963596, 9.39727138465627, 5.358518562188735, 8.462701873045873, 6.995916281976017, 0.5758993268568849, 2.500796498829423, 3.5817737291804255, 9.199722376952684]}, {"header": {"parameterCategory": 2, "parameterNumber": 3, "lo1": 6.000198445256149, "la1": 58.999992894266676, "dx": 0.5, "dy": 0.25, "nx": 22, "ny": 24, "refTime": "2024-03-14T20:00:00.000Z"}, "data": [10.354991387598517, 12.272664383873003, 13.720402622345603, 11.1619624474276, 10.794235029407364, 11.884985731473266, 10.869222306910553, 12.85424986436177, 12.797610353819191, 11.788412262078676, 6.981104836162773, 6.115303768111836, 2.440593795413461, 6.352344746601029, 5.388890328812489, 6.613821135395634, 8.078549362314313, 3.330628109407361, 6.079792916471387, 9.310927651941613, 10.47414270884748, 9.563116513869712, 7.908873932674643, 14.607874053850527, 3.7090418006007266, 8.696141803330592, 11.928962702488333, 10.81894434905375, 9.01785638276816, 10.739744926596197, 10.656382833792703, 9.281557634557682, 11.08567132299813, 12.654439999247018, 15.893975182319632, 13.938563748207912, 10.036987938334525, 11.027448702663925, 11.64309140822206, 7.724713002370492, 10.231517875685752, 7.378773233641055, 11.492426706715875, 5.704298084657379, 8.009894278613771, 8.581926650465427, 9.659484078795963, 6.135859788625083, 8.087838522485669, 8.287682880280517, 5.862121487151472, 6.590217311263443, 4.538532810303673, 7.546092424768112, 8.122105575648703, 12.277929907076784, 7.48644201629164, 8.643402155004031, 10.969036332247324, 6.400793552319264, 12.117215159528953, 8.690107097214135, 1.7880359680837754, 1.4719449848324593, 7.606960339302355, 6.578111501062825, 10.295496791704426, 10.79300987884814, 8.058309872674949, 6.890674624135885, 7.725788580854195, 10.34708696324731, 8.340748831634283, 9.509188425226409, 5.646806148316119, 11.122578726470591, 8.162666626274357, 9.620732783701847, 7.639595303227758, 11.084600906377597, 8.06162251019655, 6.750714067444023, 9.766570399974775, 7.303159185108212, 8.99824476422461, 10.03851773829258, 6.355047158332083, 13.119408146276305, 8.284606069692233, 10.700424191513278, 6.005745938644529, 9.444982450400897, 9.403394077872088, 7.024996178929946, 6.70900853999894, 6.751486046909767, 10.452119213986125, 11.727987734819973, 9.426968724360945, 7.645308479056809, 9.595108859003416, 8.13183461566385, 6.0710779084297934, 9.720677636135767, 10.071273836974798, 14.628305463713755, 10.727550885366435, 7.579429688317317, 9.488589589836637, 11.406075057855134, 7.803218083222005, 12.738612472994262, 8.835670256875865, 9.812247222763528, 14.39217518223397, 12.957272248658679, 8.966865058831672, 14.74614785332629, 7.515372023501564, 9.597726792767137, 9.49890753863422, 7.6762657939071435, 8.496667792054874, 10.112838533780574, 7.171368742614762, 10.806477737769235, 8.5034502690205, 6.821122754531753, 9.66843838344498, 4.0251076836264446, 10.987876489737998, 8.742012832879894, 9.488970195726804, 14.62659036128924, 7.304259213153416, 10.398437070558664, 9.15956866511398, 9.332717622252483, 14.592878833978938, 14.019394537854756, 11.089234762207102, 1.1374187729008924, 10.65971928761161, 9.388800635785621, 11.705171483458363, 7.152670581541988, 11.623928032714046, 11.540044433450799, 5.997460546164024, 12.9478105049076, 9.262381046890374, 11.591325229906714, 10.037377170617045, 7.40456362644771, 8.132732230211143, 8.144864863925028, 10.315270682388654, 15.01903046158377, 9.985302224981394, 6.191288150777102, 8.295384148725663, 8.104762047690281, 12.271776923917379, 7.7888846814320365, 11.352517647835485, 15.18780191572589, 11.065629191088542, 7.706321014725397, 11.959863423986171, 7.929736910937668, 10.95378921701946, 11.86475250143221, 8.892225883077678, 9.40590204868456, 11.964338943058513, 2.893830346672018, 11.547299900568278, 10.397966010192741, 7.643899794666757, 8.945391584976184, 13.289917607877586, 12.436593113123282, 2.9230780523520847, 8.544966020570246, 15.437211748253715, 10.121982800059877, 10.048394825705794, 3.3101280491251033, 6.613482478270123, 7.683678346182832, 7.103900687221459, 11.952395137150459, 14.095423053846787, 11.096095321906885, 11.175734074119164, 13.840119175902005, 10.780505474487745, 11.82251845606443, 5.944803658137278, 10.830440821651525, 5.778671161494329, 8.8286966057632, 11.022271091352938, 6.110186644475163, 6.784724365032213, 8.219463617568403, 9.792275300697874, 10.27034985190768, 9.487725790912132, 13.689226765751593, 5.677656419956313, 8.627543072470077, 11.88473004814441, 8.943615510002974, 8.788774595866533, 8.308921945085444, 10.090942938780907, 5.973157787263855, 6.971250258228311, 14.557201859479461, 7.40906298448527, 9.902498530970941, 7.733856937730966, 3.6051814510324878, 5.361747868439036, 10.791797976810393, 9.552223065751228, 12.922978190086411, 14.415726783938316, 9.074333037757102, 10.176808440354252, 11.20255149325188, 12.289207300996267, 12.458350599762849, 6.252588971977508, 9.418000208127992, 11.769776427396955, 9.676814156291144, 9.133602140486936, 5.237757769757299, 9.390135708835608, 10.230242214844504, 10.446276510376116, 8.898879834449081, 10.211803480725358, 6.2512003096799145, 9.382149490482188, 7.880732057627299, 11.196045477246399, 9.915769210549033, 14.815056390025788, 8.01722795885807, 1.9489536064218318, 5.7116932604811135, 7.400754804852145, 11.2698685098297, 11.957916275072336, 5.81276320062096, 8.935927340732002, 7.855257627120205, 14.547979269567934, 11.750119872892922, 14.096631129678633, 12.474537391484809, 9.943000141968596, 9.184076544289665, 11.597605889992403, 11.939829275991729, 9.918366299164225, 10.258777243276457, 1.6952760107756826, 8.51892998201301, 7.692363016108809, 11.917726957328524, 8.289090709822583, 10.099812855139387, 15.1990357605049, 8.714229632104168, 8.11022984321018, 12.823169106204215, 7.82083237379033, 7.2776183093567655, 8.380736500167055, 11.08298931807685, 9.597669460800097, 6.880957110425675, 7.747763424090711, 6.052122593942144, 2.144257216495125, 9.19908893549918, 6.373189234274409, 9.997156722651768, 9.966463948663387, 7.299309789226908, 7.259337159044095, 9.185884143344975, 6.215270361958294, 8.078555474093582, 10.29223640931554, 8.55615276513862, 8.918560081493549, 8.146920290771833, 0.9236453830253879, 6.28839476956815, 16.343826207846035, 6.617537430965878, 9.305042132440475, 10.05291337141382, 10.94144555383444, 5.598327038323037, 8.257364410860669, 9.150855803558269, 7.025052446256581, 11.936395503741213, 11.043401467454597, 7.598733832071914, 8.849851489798567, 9.264992171716655, 7.145486577799994, 3.501733205676784, 14.941456861806659, 12.824379355588002, 5.825020068780615, 5.902835461957411, 5.9717795614057705, 8.164934248604581, 7.0010035151932515, 1.9953407872306645, 11.227785898981411, 8.540238074757685, 8.748097475553593, 10.900065218135769, 10.657474681919458, 11.526502444353689, 8.049274386242907, 9.861094535292752, 5.569639199243189, 8.685026614124139, 6.6822103652943206, 11.421176844491905, 11.894195094096986, 12.393170932378931, 12.05672417874141, 2.009988056822354, 7.194441002060999, 7.727080441745942, 10.109590218026874, 8.040400094015308, 9.346194291078731, 6.370972391033031, 14.408468883933889, 6.55855114871073, 9.652160427110967, 10.499203123396809, 11.682707310923082, 1.825105285622533, 8.843353074935287, 9.878315938637526, 10.791646425671573, 7.81539878557978, 11.717388222496853, 9.644466989527958, 5.448002690532223, 15.50210134803286, 8.7960232167757, 6.3601383626870405, 9.34449154028645, 6.315222952957519, 6.387849821610733, 11.962313791178925, 9.769324239736195, 10.423017821817622, 5.90274268486571, 9.218298767265935, 11.056886867396287, 9.484783243904667, 11.297992199304856, 9.55037932156211, 9.385166595289745, 9.881004341577329, 10.620539936628282, 8.36693757160824, 7.942701681510276, 11.38818861493329, 11.456216793254434, 8.535365684074021, 11.718867793456562, 7.627277486485807, 10.607546477737989, 6.141193482833577, 9.655548265207901, 6.74580793515795, 7.657042222052696, 9.955000659701188, 11.695770361740143, 10.878461633674709, 9.656832580047753, 9.939119380077337, 7.570981386233254, 12.634102223991492, 10.339549476950733, 10.30306862145797, 13.45878816774606, 9.50240557324175, 6.437634233384297, 10.152544232862407, 8.85046786550559, 11.117107731504936, 7.286624516450869, 11.639137250505144, 10.195028703986226, 5.801130830209448, 11.374175677407658, 8.875552281629913, 8.271583952841132, 9.416623961971146, 10.59285353339748, 16.629840632344873, 9.998918827838246, 15.058463716629372, 13.022668780725576, 9.153463797726793, 13.12812979272461, 10.564229793063385, 10.258329943150773, 9.932275447621613, 10.58222847468997, 10.22799399650148, 9.39813217948728, 15.283641655455957, 8.62512258940363, 11.812051503159564, 6.510534773654771, 7.364575862290513, 12.262014655197206, 9.024384637764804, 8.337961863862429, 12.0438974292212, 11.517311554937987, 9.120299284609871, 9.930769377621662, 6.917855063216222, 11.707009169870844, 8.718031382955244, 5.521743395137239, 10.740790481271752, 9.499623785452748, 11.904246809282633, 8.896444244939634, 10.623623168641943, 5.581304544103945, 8.345525251857916, 8.064462746214517, 11.483516299099108, 10.510511648470782, 3.2943652427070993, 8.202551075969632, 9.166191969157762, 13.094019184450694, 7.057374447284929, 8.286675856879707, 12.908386136355466, 7.08933841358197, 11.149222456561004, 11.363740834097058, 6.231157694736188, 9.918636304201529, 6.585788717112684, 9.634450838492006, 10.972369461172907, 9.883269933430189, 2.456017880029967, 10.656408513431856, 9.086936168959218, 5.898700775351805, 8.609987965959949, 7.67834796823976, 13.614112056712226, 11.651706259508709, 2.2752084874821175, 9.95666844551735, 9.120426084381888, 11.377127260324428, 8.524935215381504, 11.397115042701023, 7.053318237857081, 9.975537839585996, 11.103166874555017, 5.061518113022093, 8.836934048471482, 6.363842378166679, 10.053013606602969, 9.824150028055481, 6.048749302601029, 5.432461785832352, 8.176755940295612, 12.14500771203624, 5.88166271475461, 13.186979771518953, 10.231304014104062, 9.836588455999056, 12.435826235379976, 8.695164064022041, 12.926648013397196, 8.435284166737198, 12.120816346773267, 10.621819901330953, 8.694506741943343, 7.748053963103042, 6.444431715458819, 5.1681231331152, 7.579272538881991, 10.08894492447838, 9.50600295529206, 5.5558686173727985, 10.158490830937692, 9.815523692519093, 5.931835263245364, 11.330003976600635, 9.533718267342314, 12.663996587220067, 7.017878181418608, 9.3341548871159, 9.920629641117705, 12.270327073593062, 8.769859320281633, 13.879619260266333, 14.72150012540714]}]