script/wind250m.json
{"header": {"parameterCategory": 2, "parameterNumber": 2, "lo1": 6.000198445256149, "la1": 58.999992894266676, "dx": 0.5, "dy": 0.25, "nx": 22, "ny": 24, "refTime": "2024-02-01T09:00:00.000Z"}, "data":
[rows 0 to 23 of 24, columns 0 to 21 of 22]
16.410039817082883,15.735057923990725,11.977671832612822,20.279644499512194,20.98146206198681,12.352302234228372,18.703500241957236,14.539151361795506,23.17246169298629,13.338080382611812,25.569197046026662,16.50743865972577,18.03342148566166,21.14265114819796,14.052448254260156,17.34064060435009,23.21415359341042,12.627582491838478,26.016855941250796,19.81532235627234,20.241482558777044,19.992235288215245
14.918467875076468,14.65404029641804,11.261235191436107,19.232668099957895,13.508934579282826,19.97579665304866,23.07353704057072,19.951701117709685,23.042690953234953,15.774254327845803,16.111902274939656,13.616331900455169,12.889301704377857,11.70335071490623,15.989024382415655,12.242001093451536,18.83470655656783,18.260526269446295,19.004994089099416,15.821823404403185,23.20011390678018,14.685293847213778
18.221103149462532,22.30947534397885,17.271150904773936,19.62681301904869,17.383800067199005,22.10582855450365,17.289850730145382,18.19468979030737,17.453492705484173,23.062523680485324,16.249092361841235,15.857298198969922,16.66108222520385,19.236661186194457,15.671549720642474,15.225562659009606,12.565949945193822,19.9111089675118,13.173945754899894,13.632214279022213,21.13265991735889,19.328361174149997
21.812377203403866,20.271325539856292,20.870248005951776,20.268058490025467,17.741006521420513,18.17677621740612,15.681433896678785,20.55185960511093,22.4728005188199,22.46207097360944,24.076024929028335,22.82119363022355,14.805421364716914,16.2549267519199,20.454322100075956,18.948612513399013,21.35236002757334,22.87388642216027,15.369067322238822,16.168814384184344,15.917202733324896,14.851058772683038
20.094902650268565,19.561146176745478,16.06652836866884,18.020040891424845,15.02066385536163,21.474159280565242,20.720355192564625,16.095933829342847,21.88710432632402,13.128818610528667,19.535537007132422,16.00043711268494,20.478311677902692,14.794291047496996,15.511129821089256,19.53314791086714,19.601313270163352,13.813939416370792,19.826486757145577,24.701731859185827,12.92620004827644,15.123080298460222
20.25114792648706,19.45527111379993,14.73421775043504,19.097988940118842,12.9044639180756,13.096173293650812,19.51454330303899,20.31085339410922,16.579851514253026,18.690886435039147,16.472234545784655,17.01123669825356,20.223620970446497,16.20751750006018,17.951211355282958,19.234807865830245,19.465246078726654,14.480267324254907,20.831610493077285,14.696978210744525,18.376820898425166,15.346821835448596
18.3973267235935,14.336367171633931,23.10176739347888,16.948582331093522,18.960914804904043,14.224539630419683,13.894726661374674,13.494702027827973,12.194697467560095,14.367860364089605,14.164910564397351,21.03800230713448,13.320127173531622,25.445346849037886,13.790181573676199,13.17255181353827,14.978654683649559,13.47001051270546,24.62593401997215,14.344501232464918,18.491801485289802,20.50819955893216
25.586723595721267,17.163171602863695,20.728628696095786,15.743484029403641,20.78554340272779,20.498049948959967,14.571350723220963,19.920017276360227,20.99657421394744,21.44414082905199,13.421945158508601,21.574221298355955,20.812386696125206,17.47952437193359,14.044106513199253,18.404105914075995,15.904455604127957,17.16930340371545,14.705218110747401,19.847002147902863,20.07676886384337,15.275106753170661
19.518022897228786,20.559722049992452,18.10909137763728,20.20536101560249,15.529897369858364,11.554420464058184,13.872987142042799,20.303148274094344,13.659503492375887,14.956516705167703,19.87578622785178,16.67937911714036,23.234702449603205,18.267254055286955,21.254768148314437,23.119089142419984,18.088860646735483,21.27851554734961,14.996304626872037,14.377154466083729,14.959384277378076,20.174187293381646
21.657776529597275,18.12371800852559,14.127476152173475,20.22095011339878,20.533702628609024,21.83191954470047,17.21257638770282,14.158471565824202,16.80874910028462,20.262268731586698,16.36130005401815,14.360349990291597,25.240559205858748,19.57808137039171,16.581281777217693,22.97777645882224,20.441077658639973,23.5054993634841,16.644045374780056,15.427319880126793,21.90779773068822,13.584817660356356
20.829156500549004,24.581785061070033,18.88496821120119,12.292769169793731,17.518995557500105,20.405586450692187,16.880699658524392,20.553762530571905,10.656744356258228,15.846701292918812,15.3662816801937,17.6931956895068,15.800665360372106,13.208968839432103,13.212263421303303,16.66175041001991,15.643099529860812,15.120140100832314,18.331864803232516,23.476491933679583,19.157022810678534,19.635536177155085
18.763535189352872,17.78564866986343,20.32058289745546,21.253137733355885,16.351468784198374,17.052247180863464,23.958500638200917,20.791058563396717,17.686330815796982,19.691008949464326,20.80038349653262,17.191089078253075,16.343542237982245,18.061278168398918,20.110718268072798,18.046733298766792,17.914544298750307,16.420056090446614,12.485995315420796,13.80048180216353,11.038836782998763,20.775608478516997
15.669768125818784,20.49571414444635,12.33571979677772,14.344272704045192,14.36868856265888,18.28631519079859,13.068315458430725,23.301528945148117,20.97248351287691,23.682958209484045,15.60963714291885,20.94777895522746,14.868969021512669,18.633997512833425,18.167352019828854,15.84150058226603,17.84014785069746,13.673733753987834,19.723689299575867,15.514118554952477,20.999665284352137,20.341900521526355
18.32298709669492,20.757238044121713,11.827278285678997,17.5730962308934,16.39541215129892,20.685898528912887,14.287493825445754,22.407188140737528,21.9758662764921,11.92690897859552,17.18635679444966,16.025192500297564,17.3301297727004,22.63401707271259,17.50420737552782,16.95417170432842,17.065499991419554,18.383199982403145,12.742482327254242,21.018418567893647,19.27552604968009,19.40201587014415
15.744665121197754,16.511586704849606,21.091205920246903,12.851179164216765,19.6386635178905,11.008911248699636,17.40567227496146,19.796954191716335,22.29256346572883,18.301818623657045,17.152266994701673,12.048428971624336,14.48136164206117,13.594060269714443,15.221090992520672,20.598175230288607,22.7121615116023,16.58265993411537,16.17103543484035,12.351443456071316,11.889588433594016,17.13764591727704
18.156274909144706,13.6660753841398,19.2588749817618,11.770745058232329,20.889466428313842,16.10254576267834,22.89828871980441,15.7566452951068,16.529649578884392,20.7414796900695,16.21759748024132,19.307419736359456,17.166167934925088,11.854433905844482,21.079497922263553,15.167915133598886,18.322637486652614,17.950202914924322,15.185384699955902,17.209944036454676,15.47190966215167,16.657310242921287
22.003424487961333,22.21323116815572,20.820116369548856,12.77545839082485,17.472543023822325,24.10344587230352,18.87142187903841,21.884245271008297,18.830180343322265,16.60054432046665,16.710375379306605,14.371527309492375,20.904296145187754,17.493272118585924,18.952757045288337,19.15958846768129,16.48764257391985,16.24425069901763,20.161496698386806,13.582042532580388,21.42970595759576,20.349407905505192
18.22972053270272,23.435138835075843,12.45382956840122,19.979221506915177,16.40385513649947,16.1763190592935,17.21781254515231,14.468340192115969,17.736325175850197,21.28034509605489,12.529618602569784,14.927180698637969,14.145691209601189,17.253467812294012,17.38232437775319,21.934424817156668,16.99875684200096,16.557498264997925,16.210182565839208,17.006624316123407,12.358367851873831,12.948919345602759
20.36677764407874,18.30444759632511,15.537499870714651,20.038043028356864,19.295343883409384,19.433327618748756,12.328696448557587,17.60683080639437,18.18130407830904,18.93897986184614,14.03490535237432,19.039015310096936,16.492084798809497,14.45297058750391,18.371208544851196,17.143024998457392,15.086340247578121,17.29298882232426,19.123455616184177,15.115915191549076,19.807132721067312,17.943994363379787
15.663310625108467,15.169957339979188,18.9796934009415,18.82437764150159,14.533725271852703,18.998470941490275,16.73061356037484,20.99537126051075,15.435179805556459,17.33029336641042,25.602664728116746,22.553545802989333,22.592017178358198,18.5632968234655,18.527220982958884,20.020531028518544,19.45272947550761,16.03185403904327,15.604683512592489,17.596057022081816,20.26952748897088,23.590166965155
17.52586692798327,20.477817564211417,13.30940025848041,16.419194226782796,17.638253273022617,20.535994064694663,24.20661992473792,13.78343330120012,21.146066561268142,16.206840806242734,19.833614142959185,16.835450506668554,15.71983777993849,13.88156564795693,19.38030445876817,13.056204927445624,21.071850763697284,15.729883444698084,14.335020397325538,22.58773539130428,20.737033600535067,20.18326930335554
20.943090769193756,21.8991140715764,21.776151622938894,16.49200485490479,20.824728725589846,19.627690517550352,20.21271155689794,23.99585936979548,17.36553178244832,11.88189664360841,18.966280467893046,17.243148009673035,15.947354847580252,25.472395985903518,17.31115215345751,12.631212501225296,12.1387817538038,12.705796747673576,22.65948328373701,16.953696223304675,12.041487742207506,17.519222188934396
19.732930468145494,23.25274606653393,18.041860076058295,17.687589180253823,16.571611059038876,18.7642802748512,12.372350044130812,17.48658771568033,22.055716511080785,18.3221126841393,21.520332131297128,16.374741601250754,17.09691362672467,17.1388089966979,15.240353095245295,20.810026871375435,15.594897576546066,19.6276994583783,13.619307880320381,22.39716242843818,18.388779893430506,20.114458267933134
19.327364452167046,20.445135500837424,19.033258919092443,17.686270734517848,14.632434522659565,18.053528642872788,19.672487804898953,14.05028940618484,19.51137996319621,16.073902063814337,19.29791271939018,16.785562699028738,18.7019409721359,17.13450092848153,21.613941468813906,18.389616955987474,19.599531936780217,16.425799490294086,18.47968284149917,16.468710942709123,12.831380098548765,13.774950173267335
