script/wind10m.json
{"header": {"parameterCategory": 2, "parameterNumber": 2, "lo1": 6.000027932988019, "la1": 58.9999434238085, "dx": 0.5, "dy": 0.25, "nx": 22, "ny": 24, "refTime": "2024-09-13T12:00:00.000Z"}, "data":
[rows 0 to 23 of 24, columns 0 to 21 of 22]
2.085695906057657,4.261141326537355,5.211789342970231,1.0349772130737396,0.8883274697384654,-0.06810772328096962,0.40394940814419367,0.7107054709073046,0.4388298722025854,0.39539483165496486,1.51376291219959,1.8038742620980386,1.6951291719730779,1.1080594001308048,1.2341240526167938,2.741857938990672,1.611327308750822,1.520831058312628,1.0093783861617398,0.2648944249619959,0.20810976516377372,0.7471029364227978
2.562826193586946,3.0008452492895175,2.5579171473578723,1.091446723412351,2.255092747378491,0.8738960945678207,0.5977653933210456,-0.15193794331400967,2.164540843459945,1.7103713189701846,1.7629923276157857,1.975619159302877,2.0937041025160674,1.7240174542353495,2.199215382989328,2.581795651559258,1.0161739924217243,1.4151853790898237,1.5079543561995132,1.0019640023689793,0.8299760183333137,0.762870708807248
2.0033947541039034,1.9096264160199417,2.671618653063748,2.6235667116332078,1.5778177812304472,1.214215972795861,-0.7786680026797631,0.6653401650819392,1.2674366952319702,1.424463537617049,3.389760396242738,2.493240500908134,2.0705182016369226,2.960099297884248,1.9902572747221694,1.7286642678904713,1.5435133412397635,1.4197372754849424,2.472601994043285,1.8048947728664877,1.0593840103138135,1.563296992888168
6.4488309856474535,2.792564958953756,2.6295345990623478,2.46435993825855,2.7116399171193972,3.6830458436766222,2.057750262666141,3.0903234994032442,2.4044508373347586,2.988277492048536,3.5001654590587563,3.069185704136504,1.9832338540020982,1.8175336701640767,2.376682020016882,1.7356754535899566,1.5650383367805547,2.288477406218616,1.6145326676350136,1.2027648654336702,0.3273091805956067,0.8680354999732244
7.51345589563064,6.392766291035711,6.129381659477056,4.218650841786628,7.241781776724286,5.637278907145846,3.9488240010200313,4.292009620950137,5.115512530731549,5.090561755014456,4.347130253286119,4.155062548205223,2.131268791380573,2.0822531370775113,1.8676948095701755,1.4872501157537914,1.2080477925394146,1.8679153877157932,1.727996930725375,1.3297542228442454,0.4281027095716811,0.7497661062944188
7.494343968893614,8.145635492793467,6.935065275664271,9.42134819302033,9.174055402907525,8.068829710092793,7.049904407001052,6.310546000301621,6.593578026074892,7.309374489346144,7.186275814069932,6.236820059991898,3.289077707021574,2.115706741384376,1.8966081380579507,1.4404460543229713,1.628899325835349,1.627695389501448,1.433045424915961,0.7999289123698365,0.20393964993050737,0.3946702083566429
7.5497670437036,8.162519419294515,8.24441522801626,7.037047690189085,8.663668284892411,8.689527415391694,8.72720605927784,8.56497574673527,4.61339104136492,6.289406412790161,7.230534066450145,6.337496191371231,2.8646096125929312,2.082435613959047,1.929986827898361,1.8183846878475043,1.3384204138478788,1.9217500356774178,1.4599383403040227,0.8805378104576412,0.37319456657388,0.28038373533267613
7.467083805631764,7.513604522510435,8.170153825383089,7.1667134546773426,7.4301026812231745,7.811326610409391,8.504039489605931,9.03467284610907,5.284370199570678,5.000763318750234,3.7016278802834046,6.130422902185601,5.998630047407553,2.292750207608977,1.920985053977249,1.8145988570900828,1.552122615963791,2.1718155943271005,1.123845800695334,0.4635495361901443,0.4270240396518953,-0.027940388112621537
7.075676868138547,6.998557778834536,7.213090700274672,7.243291215571295,6.391823331598262,2.9928867637275087,6.8662734818653695,5.786100187761248,5.287011100854745,7.847349650480503,8.009160620737651,7.485180875915551,7.01933615095798,2.5789054461551557,2.034714469042974,1.8382899222035858,1.8472459159702797,1.469765294176231,0.9084905020153264,0.035541559608833366,0.5464708699003726,-0.9901324231293158
6.596576057366944,6.462814485157623,6.6847111727764235,7.005497150871616,6.459269625106721,4.538600880286234,3.8708113983288075,4.1334777222027315,4.714979540334119,7.476575306863459,7.851172020567039,7.139154576309431,7.128219376265624,6.061416758228592,2.1808690324550764,2.1977858784852136,1.4310229854436505,1.1972715386484467,0.7494887391165496,0.10881024790371205,0.4011947229850395,-0.6545907830037799
6.293129184086924,6.133481048559951,6.346395088479076,6.7389752479719105,6.238843340709556,4.480125361750851,2.0662108354774795,3.5972988156275543,4.665021269020134,4.029784295169373,6.759597193720594,7.12878044722062,6.240646718328365,5.633665058903773,3.5697013817061185,2.116383212484615,1.032232116732481,1.0080669904770008,0.7235047413095677,0.2796476721785045,0.38019825659654716,0.5126426456389264
5.918083380867589,5.725142518669765,6.436391161159339,6.222158983944001,5.938428834144447,2.9473777086926236,2.9718661731613443,2.8539060136411063,4.213729699487817,4.086131336202904,4.794253105011863,6.003857431669296,5.700189023014995,3.4788679710150663,2.621593028261213,1.9842872284277724,0.892095604778631,0.5046689676841599,0.4611428536081198,0.7514259658078515,0.20742320277990625,0.5257123961613694
5.445580582859012,5.663307790742497,5.793165783674706,5.787799362936215,5.836333338448383,4.082986703430959,2.3258700347768735,1.3984921294195394,3.35297761883345,5.061153680663224,5.681862296802954,4.11345440442846,2.777434890437624,2.4516755145198084,2.568417383164191,1.4322989247812674,0.4775592148754378,1.3626764998206855,-0.2176845461144561,1.1599094037828102,-0.4194776955049806,-0.38518334503893864
5.232750820471011,5.567375330848105,5.562196341363331,5.777130992324785,5.695339694048579,3.438734257785934,3.068254636593518,2.9625776111732676,3.3609027196356123,4.237817426856721,5.465141343651514,2.8689144280666983,2.8661726453291765,2.2619332929537452,2.5146786544352904,2.1076947841544853,0.29852566150291215,1.6735958991786608,0.5738955032789786,0.5340853383872995,-0.6403901729515169,-1.0955474762421997
4.800509467412247,5.342671264498774,5.482673779813184,5.363745518338338,5.385460875156627,3.036315309850482,3.093972651131635,3.1535336179478644,3.1702638835570363,3.3446646850706685,4.625000951609387,2.694335386809868,2.3672393729813517,4.286147022684131,2.887581229288617,2.296032287106877,1.284411293011314,0.9106034501695781,0.47180450215946995,0.3110602735398016,-0.8802029771844927,-2.066857573518674
4.634635315953643,5.3997586547244625,5.217323321291416,5.523298926172179,5.075300989238608,3.9981529665622566,2.27659752271662,2.9978404476164493,3.208398566130754,2.780223445015201,4.449785774309387,2.4266781583152643,2.468353595472642,4.2217604196586125,3.2238480452044374,3.089740418225159,1.4795663302101485,0.4834488280046391,0.5778213959983726,0.14989582484224215,-1.2133500404732183,-2.5359208801707016
4.767550084564288,4.577551887623004,4.729643932952514,4.933786399452088,4.629162635616614,3.98803982700454,2.4536936230630544,2.5163030757948537,4.101251630053907,2.9237301638379285,3.130276338352711,4.373193143195435,1.8054614589590494,2.470194209484289,3.5143144954841223,2.7485298575915342,1.087632859591483,0.7978126422282826,0.15645678518650546,-0.18547420339204726,-1.8622446464558715,-2.1409414586493756
4.380710879956956,4.118492804943085,4.046708395862962,4.064478463205447,4.000967551856759,3.2679343337127515,2.1987080674497146,2.252119458250217,3.4137008782557574,3.8868126802686827,2.7284424191315626,3.233138482006813,2.3828651571829593,2.9596040206331438,2.797656759575715,1.9081170774713072,0.8173338006689396,1.4965305453129414,0.25473141106062114,-0.11953643282928814,-2.9078894312040027,-0.9599273894162935
4.229753143743093,3.5768601073869326,3.5019853981284794,3.603621468484879,3.77920650545421,3.5711207084648255,2.0856770027749625,1.9763833637331023,2.5064162721691674,3.3332305269295417,2.6767557445824917,3.5495739313540193,2.498790305083511,2.9126279915480633,2.7733358033300237,0.9776852691281783,0.21964577855073958,1.280628177213086,0.3370612970204976,0.2321752256747095,-1.8127584486274317,-1.0570092363452466
3.439732866663868,3.3567628115331813,3.2676762905827124,3.425408843524243,3.7013597319264715,3.3333222354475627,1.3978408202245638,1.4335648867538073,1.3477187588195036,1.2804782252601643,2.052537033960151,3.1637216038760347,2.1061777078781576,1.6658392937261375,1.8483587327349704,1.5187171738213583,0.9579741951321,1.3686716025018886,0.7092675952980678,0.3040482268500268,-1.7016712312680098,-0.01625912966107474
2.8501756677821337,2.993232386843187,3.0736642916996413,3.2306729212178076,3.4912392209101855,2.974622355951343,1.4380922134907865,1.3382511908869048,0.8012604838563091,1.1654304068427714,1.587837389258214,1.7837197717254345,1.2023470215033865,1.7005149143664473,2.8020329979158203,1.2638801278142753,1.1663580782294425,0.48243152465000466,0.40139133957869577,0.9100489267250073,0.9312221874569052,0.709804687184876
2.792294420845333,2.5984135451029378,2.7451210425390093,2.8370195267257263,2.5841895457568,3.3781855293309317,1.3762266566048758,1.147377392629542,0.7868080294178292,1.2309190480775827,0.6306038328196917,1.0145127783844725,0.7632022535100768,1.42723294787265,2.1170242881682233,1.6730624501187477,1.0870570880692845,-0.09516166614049532,0.8347613787220767,1.50011132611255,1.5642108411925186,1.1745789575537384
2.4308733489870273,2.1618330072009226,2.1772969049014717,0.9740102373078635,0.9666252038014765,1.5322531299182076,1.0678284979401518,0.6081787723125622,0.8116310478402494,0.763676591629431,0.23943644866310865,0.35740318610764943,0.4501481054042382,0.9007001467111186,1.778492846052441,1.8293964303752863,1.2167289929030394,0.6591210262861669,1.2935374197646556,1.354328566390066,1.7655107297461472,0.8848492098419973
1.3774790725628503,1.6524050822274048,1.3832179623478447,0.7762073257048758,0.7244557025127575,0.5693703147752297,0.8638383185091771,0.34145437305177057,0.5801228329932152,0.6479768203794779,-0.18689548702483408,0.19312977381622462,0.3554656772559472,0.7840746219853539,1.043313324370087,1.2818131705738485,1.1900139319319425,0.798187543734167,1.7116193098589485,1.3499962015333289,1.4943078040444446,1.84129202208014
