script/wind10m.json
{"header": {"parameterCategory": 2, "parameterNumber": 3, "lo1": 3.000054539987559, "la1": 64.9999836372058, "dx": 0.5, "dy": 0.25, "nx": 34, "ny": 52, "refTime": "2025-11-15T19:00:00.000Z"}, "data":
[rows 24 to 47 of 52, columns 0 to 33 of 34]
-4.334000583481892,-3.50109067653446,-3.7353922016353738,-3.963221029189076,-4.183118330619202,-4.1801133342963785,0.7487970268092052,-3.2702830190357406,-2.9657016499296915,-0.9174634855116193,-1.4996891896139082,-1.9008454886428634,0.45250407485622973,-0.21329366056841484,-0.4271350663280887,-2.176406709944397,-1.4149538961839927,1.2901098097265806,0.2903106410259528,0.7984718920910531,2.4720600920552345,2.7385074495689565,2.9221912434706496,1.925559731620005,2.1877044359041804,2.7307410370200023,2.996355051394621,2.5388222829570806,2.2240207326388197,2.330073744669257,2.272175375377185,3.2293505045870043,2.8626378596822035,1.925321652862871
-3.0297854631071965,-2.971346938395646,-3.271129494069487,-3.619159579549053,-3.7017543113789753,-3.6920459938255994,0.05010958953879672,-0.3189223806015869,-1.3844210204854404,-0.4782866030518647,-1.2175942275829141,0.7652217590418391,-0.2288177588244102,0.7253773657881838,-2.2108023455236467,-2.958840679261885,-2.3153447323847187,0.2552614662340987,1.44601435933189,2.0325540276921927,6.1059951994287776,7.587155081947311,2.2429365926366236,2.5498531128467614,1.6476665238657122,2.0965652845147558,2.248587643886454,2.10815668936482,2.5718930557395745,2.480457626654456,2.5703622947413014,2.275245529170022,2.21802597426207,1.6451275600988362
-3.2987200228400217,-3.4046303975471823,-3.7306480362012686,-3.9208304759293835,-4.182419904561565,-4.16903066004492,-0.9753307831988204,-0.8830715985567684,-0.4809104764716352,0.3545813273043342,0.23342315397252783,0.13652200538356712,1.1461091978238631,-1.3357585252409472,-2.2575869626547425,-2.6306098866944994,-2.3346945884636483,0.45852259164026027,1.310790747708634,5.9399978591848015,4.306764849846704,4.227418566596492,2.57495097260465,2.298569719384038,3.302311639720317,1.4742511330468462,2.1185192953906284,2.3088245517774832,2.504469790629268,1.8866899469011957,1.7116173384797884,1.1092506936937878,1.483391452497144,1.5820067508474975
-2.9687237139400784,-2.9772318276101046,-3.0254179308738274,-3.3420312254935123,-3.3215515256396384,-3.5203779147196346,-3.446220179023799,-2.1545040799022535,-0.556362078382202,0.15741265272029537,-0.519565112355839,0.5896002225825744,-1.3035048612014086,-2.1833019272054943,-2.3091509517895075,-1.9617278818164132,-1.776632202672832,-0.20048413592130013,1.9298709465884394,2.4726691769775275,3.866629612178379,3.0131535409579095,2.039602401007785,5.81030472069293,1.672532412688121,2.048353571270786,1.6286041752509466,1.3159882508578817,2.2350856948475335,1.8129449280255467,1.7770611277532897,1.3501700392511105,1.400790702643169,1.4175854854719305
-2.366474427206,-2.486029810910121,-2.7168041077670395,-2.6846065906114807,-2.947823937573276,-3.242873029519439,-3.303190536003746,-3.895284089354556,-1.4820896780303305,-1.2050389522443896,-1.5031417532174758,-2.2005262438238935,-2.2138803628421724,-1.8580111500468657,-1.2845816392435854,-0.829129273167747,-0.10549878543856635,2.9342744614853737,1.7001777310394113,2.605402606541356,2.4708994157491637,2.2393154683759824,1.2133686081885087,1.5533582482935553,1.7288827755791882,1.1883802641262695,1.2812538169815244,1.320320514452367,2.965361597010337,1.5478615476987598,1.7714659145397977,1.9097617359658317,2.2857917979490976,4.708893358996387
-3.055731487499227,-2.4826508858736123,-2.205758687404176,-2.273356014689111,-1.5291708727198503,-2.130988706944732,-2.3414488843990937,-1.1821289692207433,-0.6484950362924841,-1.2238851625208815,-1.8247999031047395,-1.844583421634336,-1.877395625040792,-2.3123087660140658,-2.057251359410475,6.420144689635877,5.129319923432936,4.536991600850268,2.225651163315545,1.8638684064071027,2.04342208015847,1.7995391403990786,1.845753700653014,1.4753262429083842,1.4386119916824334,1.2979292469368986,1.0627060554866956,1.3098713374709234,3.071886382887103,2.245932030489245,2.3122701447990193,1.3326884936503225,3.4490504469896863,3.1011999073633856
-0.9914954453924547,-1.4756996996856184,-1.7982689248635424,-1.878996487262008,-1.6556156948686607,-1.6280243589487344,-1.435719114588391,-0.5883177761060048,-0.4752182855628239,-0.46607560481678234,-0.7699085410722755,-1.0010809014830084,-0.9717867977375171,1.0010353616030814,2.7199845948223995,3.36748669154486,3.384360066250827,3.320242569659099,0.5969633768468972,1.721374470148058,1.6503951797127243,1.7177138361655264,1.4919786540721123,1.2419129497863413,1.2861487199936867,1.0279209267054878,0.9165654258953982,1.0017009006983961,2.39189094728717,2.9946777234388215,2.5011404563236908,1.421789040533925,3.7712111701076734,2.5268239810208026
-1.1502636878112993,-1.2877891273214381,-1.4293441479580142,-1.3780194957576213,-1.222997016863612,-0.8454318496019934,-0.3490679218379448,-0.3197247347395438,-0.7035394009812479,-0.660028234390134,-0.20953166680574065,1.3019720461607902,2.206678952646916,2.9047104610033663,1.9840728896656583,0.5280126439044451,0.49271635953378934,2.2861738135473457,3.107760675656778,2.121015510640798,1.7338628126433753,1.4629846539336666,1.4717088080463607,1.3807525971094987,1.387240431437402,1.1898583417089306,0.7993356904253752,1.9504913225061318,1.1793106987659365,2.393704359098061,2.2293190928279114,1.3536803474340942,1.9594852416732158,2.4385053075936147
-1.2067416606369066,-1.1863228526024456,-1.1881697641450084,-1.1609840399227005,-1.1386766210260846,-1.0642750027541,-1.2750262854590058,-0.878089588775638,-0.3931004337988389,-0.16015971813042837,1.0528291118012862,0.7842088226961528,-0.43295569470333994,1.0436076613750753,1.127554264662925,0.01716330184732147,0.5464480527988871,2.5741752406757845,3.2460134051428597,1.6841903447008608,1.4325425956561637,1.129806085851766,1.7270854068296793,0.8254884672472219,1.339696218449314,1.0786378906504388,1.2363856281906496,1.9639951215290214,3.6730308941123058,2.527892738450471,2.430373487494864,2.3223941057778337,1.8054828511737828,2.0865531652320852
-2.25915560857138,-2.2849973874358374,-2.2242644848999995,-1.9996106693309286,-1.812456865925181,-1.6420867826317678,-1.4139143619507573,-0.42039396152352554,0.5547258468188808,1.4187161158581958,2.3795895694024147,1.9077340013125927,1.7487853248852603,1.118028196512339,0.789520179349966,1.067647031744441,2.0887076066375343,2.419321586954495,3.282526357803436,4.437315315437916,1.3899111494253253,1.7887719281911316,1.2333850844541925,1.0797199474320571,1.166301826703542,0.6641664465357021,0.837995309406903,2.870353336575847,3.552214054043497,3.3536746491159444,3.038104737882279,3.000907285506668,2.833439044731201,2.7826063231493956
-1.9037047821399438,-1.9017579132904654,-1.6908614352893212,-1.762736253605613,-2.010936681073917,-2.0237916160324154,-1.555733579642803,-0.7615527468251564,0.5200516867789441,1.2840399518673726,1.243053051312619,0.6242387289903971,-0.46757634294512046,0.6315045467072363,0.28030658292545013,0.9176885381101861,2.61104731441892,2.7708636259737114,3.834372773032084,4.676767818173064,1.438460106187141,0.235326884994502,1.406077926368976,1.40219073694468,1.1331611995658928,0.9272852491941336,0.7189477869758178,1.1014368612003367,3.2577009926803906,3.406373296420295,3.9493907066026512,3.3446666977550468,2.6903485975575983,2.975414304494084
-1.0499397597379858,-0.8681039629673332,-0.9674868795982723,-0.9418329147246829,-0.8081407752497416,-0.8618862067678104,-1.0712925694457869,-0.6291269409340718,0.22995805144420853,1.1045572027505974,-0.06142928982931491,-0.4691200608479411,-0.5171959074233375,-0.4656771783982018,-0.9031603053434446,1.1481311142752058,3.075592773820164,3.684944012280845,3.879517478540496,0.8488452907203652,0.5776963072508401,0.8039183422087002,-0.1392451804256632,-0.08693967818919597,-0.5684574042352627,-0.39258609249797866,-0.6476394285029421,1.8949493475957555,3.3931653337055616,3.2127452786086557,2.372470704499479,4.574193224611082,3.971620869260342,3.252906150165105
-0.5613728753084147,-0.20726971287654744,-0.10793757423415912,-0.19269040859923367,0.15145731167963072,-0.0034891023784782505,-0.199161379396655,0.29189667198266955,0.6652937423648758,1.1832438364041384,0.16551872345009175,-1.8916396492277017,-1.1275534962114053,-0.9921895847698081,-1.1771157477241336,2.28190722963932,2.4510891461951685,2.5195363611449237,0.1593957398032545,1.0771108739969544,0.7513631149783703,0.23391963664319215,-0.34788617988310255,-1.1307814717663403,2.0587886311960393,1.262260729765881,2.435161375423252,2.778532584184827,2.1851604439829777,4.732386486235877,4.17041253770767,3.5632543500241787,3.5094149982390554,3.122746432815064
-0.5735465044599302,-0.3637587584640533,-0.28802399816794844,-0.013819379585389372,0.09807118588183626,0.5605747764326305,0.5130056245315622,0.44929557542653414,0.5787369519535729,1.1983653665800527,-0.5404527322618635,-1.0718419921943312,-1.0124968665164726,-1.0572906609354238,1.040167016684127,1.0336662885587176,1.0559659823682266,-0.7121411472256545,-0.6071906390922028,-0.10214030595047338,-1.100230181900355,-0.7716840609394079,-1.702434818670339,2.877596762719005,2.0107012557125046,2.1134871608699464,1.6290334650666465,2.644821398970093,3.5357814314096356,3.355015294500522,3.1069550010318117,2.675250022659082,3.3751654186388125,2.4853240992101524
-1.2525432900481346,-0.9377366885691755,-0.4859979246729954,-0.3082919074161732,-0.43463074452806916,-0.45478464427260207,-0.24518066750393103,0.05587082791496737,0.1650061781034409,-0.07846729128858063,-1.3612045764381158,-2.036838035676136,-1.3997113869552382,-1.1249591417704856,-1.10472498458628,-0.6156436695422487,-1.6930319579971047,-1.5682436287767147,-2.102406293388948,-0.07913355990812185,-1.4009568275180317,-1.294318317776653,-1.7580401654970204,2.5963396803511998,2.9879999428677713,3.1713575300834522,3.2020371649707813,3.2659894303289634,3.03410321522617,3.0161695611142116,3.066473122572354,2.867116442343363,1.880425496066807,2.3159446403661104
-1.5519684017239113,-0.7678493413645836,-0.605480226528358,-0.850399007726715,-0.9817483686145252,-0.8636238273327652,-0.29581117948508057,-0.3245574180670795,-0.3914560775169343,-0.7582264093950573,-1.5573014695492753,-2.727946082547156,-1.9578712135583574,-1.5183616079076618,-1.7283458728892664,-0.79251869932294,-0.6179557602398104,-1.5862705527323748,-0.7189565512014695,3.922348485270067,3.535353240870482,2.109125326933623,1.8649581685606968,2.0112649595080114,3.5781078251988854,3.4862907971302732,3.1808133806528653,3.0929429951259872,3.4442123667654507,3.1244638918518817,2.9894461976947517,2.9233113237667605,2.926125055253131,3.0139702571796088
-1.5056722299337555,-1.2654072206508669,-1.103374409969745,-1.3981886129352579,-1.4314127129926097,-1.4397655962490499,-1.4768724119104373,-1.20841890291616,-1.2581814949690857,-2.1353786892431614,-3.5853959356831697,-4.700251657176626,-2.5376822164792916,-1.189703818027599,-1.3964647213755186,0.4245173538790459,2.293445471312603,1.6485093919976361,0.5348518194953199,2.7829325263661264,4.21693895626429,4.3094178094734135,4.334938143099571,4.266987410236805,2.238440485502645,4.470052711750837,4.463223167184706,4.2050441605799,4.199988649216711,4.971226406297154,4.850073766364863,4.092967447855657,3.754640738414176,4.0444979352700985
-2.7939404860349657,-2.2475505491528365,-2.0006531828172722,-2.1170074017251705,-2.0861956026005135,-2.032889203686429,-1.7802990984124307,-1.4803388865189744,-1.4630922844483474,-2.176153389091359,-3.5663561784215045,-3.592119454910615,-1.5650208920832307,-0.961698239204246,0.27581988078517816,-0.42394817857111927,-1.5664931543688372,-0.8692698933719526,2.6526765299112145,3.7401769956932482,3.821756375445274,4.652958284262489,4.797754985418031,4.766967003644861,4.785460422752106,4.80848253538289,4.657832858109423,4.178787100743186,3.2100136552762515,1.253815372843587,1.9363298534988953,3.979846970767508,5.552947656797508,5.824314569671588
-2.5397097951302543,-2.347611073583832,-2.045080988409388,-2.1279646037822486,-2.398515667730087,-2.2822276114781737,-2.3133362595184312,-2.094543044797354,-2.047328248034574,-2.000650945160635,-3.055568108397116,-3.09289206074517,-1.7002418752119246,-0.03902718848120912,2.099650645759491,1.2929554258101446,0.8489357986079591,2.9039201347376595,2.8670850713927845,3.129143379688191,1.6651041111744629,2.588637106269334,4.861239493575636,5.506347309465316,5.259699752475622,4.96030369320408,3.857874899029064,0.8128880824212185,1.083415536054666,1.7228017235034654,1.20464215920241,1.9417340307723412,5.481363943191975,5.557472824085251
-3.258485836866201,-3.0938462205781847,-2.8413235331945628,-2.7049175463458943,-2.697505353027221,-2.5427640548884414,-2.0675292008759847,-1.4230459546265173,-1.1152368685957468,-1.0504758221021901,-1.1990647715583895,-2.0712381341913133,-1.44949859365513,-0.9686269772931703,-0.6190102114680179,-0.19106582225068616,1.361882622683434,1.9555416669010715,0.9790866528387537,-0.5717074951991036,0.5590912729104415,3.8050598379919323,4.296619837247404,4.35302855948841,4.107340400678933,2.883658030843233,0.7680733182257742,0.9722067486653595,1.0547301024406532,0.7268888310438831,0.6597543556666845,1.2231382234024355,1.6794215176625658,2.450839833702693
-3.4372596459207903,-3.1459178256531795,-2.703900405267864,-2.8594182887459265,-2.749323276585145,-2.555338755471483,-2.091550085246972,-1.188976977047017,-0.81581153282238,-0.38053273204114496,-0.490723482554474,-1.133565719119391,-1.048758978395473,-0.7317961542498014,-0.15878895422775685,-0.036805690657458486,0.4012079230227619,0.3010475426562158,-0.4660519679696403,-0.16633853075603813,-0.0060465682647026404,0.1721444521406418,1.6146923255249235,1.8011007417743758,0.14531027051241732,0.32008970731299924,0.573014796186204,1.195359654041207,1.2629156468818625,0.6100303854132046,0.2084955156959284,1.1775032105590424,2.402040562060512,2.703954796381506
-3.0987000727029854,-2.949433687269877,-2.700724871837318,-2.892331458325117,-2.707572952825513,-2.100812240895576,-0.9004081271831713,0.13894141608328328,0.24891965679005612,-0.09167669609690834,-0.5572550324445651,-1.4757586502096658,-1.1503486837823205,-0.7453170609414793,-0.27178931494360503,-0.10029775223320861,0.3590148477710032,-0.041059469549015806,0.06637572736195017,-0.24212088824199618,0.26598399095834696,0.37837550183939506,1.2207126637230226,0.22121227182082837,-0.10380912090093694,0.028503457540910944,0.9868827044810936,0.7847918183318289,0.2695890440344159,0.3976909234461697,0.29704710101073656,0.5480615107446623,0.9479282762433888,1.2967299647127868
-2.7943991671955275,-2.3683912164252927,-2.864756231925052,-2.787169239067101,-2.237531852909773,-1.1464563065361772,-1.1162198958608762,-1.6779561379999695,-1.4919583044667233,-1.1406541619004806,-0.9467536390015736,-0.9360668339510677,-0.49729290529509407,-0.18436936727919181,0.2313680737612115,0.6183867736769936,0.6826785734386124,0.5599073963967237,0.23358076462107552,-0.02434435070066424,-0.08451817351807236,-0.36539420100597364,0.2386379944530697,0.47421011441887406,0.046378708712992656,0.8767098436764653,0.6590593711767562,0.509904732347101,0.6950237821567017,-0.10207013304273523,-0.07095632923938008,0.3641110838271534,0.555835309327695,0.7461141629028948
-2.8512994607162083,-2.4761784900071233,-1.65137574610771,-2.071117540406621,-2.4215847861073243,-2.11337421666537,-1.799140452488732,-1.5686727563924698,-1.5866702129595562,-1.6936384371725683,-1.416356202157565,-1.3939594048959618,-1.2910373865761477,-0.518440434981049,0.1458519333914132,0.22365067780049558,0.3610669180983148,0.5976296736865011,0.8109325358992584,0.1182713903497015,0.2697424126973877,0.6125404135136612,-0.5902580790587539,0.7206581931668448,0.1882846042088211,0.03631969950988462,0.5162617171942044,0.46532165716267887,0.5067894161133207,0.09687709353494546,0.08673759259516671,1.0514198401690111,1.0071215313292037,0.4957175680126783
