script/wind10m.json
{"header": {"parameterCategory": 2, "parameterNumber": 3, "lo1": 6.000027932988019, "la1": 58.9999434238085, "dx": 0.5, "dy": 0.25, "nx": 22, "ny": 24, "refTime": "2024-10-21T21:00:00.000Z"}, "data":
[rows 0 to 23 of 24, columns 0 to 21 of 22]
3.71254559688397,7.033400426409926,5.241048243232021,2.084529541573788,2.2636525434370713,0.7478371760582624,1.5974212994859032,1.1060461631400953,1.9048570295409653,3.93812386416808,3.6460873734470143,1.6992283727390336,1.471337928612982,1.7232222660200718,5.085985860946598,4.708442473698401,3.0391864942768256,2.0068028523407504,2.1922158716799545,1.7058807842023875,1.6044575712637958,1.4059378142723142
4.77962105795539,4.054489755291759,3.898800400277534,2.643607917938264,2.107481385635932,-0.08740480362940166,1.1384905578043722,5.133090149752787,4.531736721990749,3.9949463118788064,3.7596165694581414,1.4471806643607865,1.9273833409171064,2.473697586451985,7.035922033304561,6.210256889565226,2.01748483186099,1.887316360037443,1.920309778798546,1.6385996787676698,1.6418009998480974,1.5398527078317117
3.259252033439243,2.075435773964312,2.194316642400702,1.5388855796201801,1.3107622944282489,1.3652683301196682,4.224365938100957,4.0623330437971665,3.104158721893797,3.605280161038283,4.911302224991845,2.271082335726419,1.6696991745069185,4.123797333283724,2.793659919671311,2.9871870013187216,2.08174895010823,2.3342254535444114,2.837203622588414,2.121632769570784,1.9345847207398592,2.297776632022981
7.8012858443051325,3.5831025741665066,1.9291935844202832,1.5938554942553649,1.071758469300719,2.723621018260252,3.1802619480839827,3.4629296133263545,2.694012932763134,3.5511630566079733,4.221360856215369,2.135514891812376,1.5619728209469317,1.4867345521461008,2.3886717062760217,1.7850077418706858,1.9264602069610026,3.6890016937311234,1.1603368138203363,1.8172729747686676,1.720265197950281,1.7483161475167917
7.468789002571347,6.715160587533351,3.9857881872390704,2.0809116544593733,3.4113852814976195,4.5916948263172905,4.951610806096119,4.33015776500354,3.572535587676813,2.751385776856922,3.143760403537304,2.846696997558713,1.6860827712157362,1.5229153888967815,1.680191227451474,1.8418831475673467,1.1267036592410271,1.6230366462245454,1.6539906182483375,1.49099042916074,1.5274092185103634,1.6461894326501347
7.176151964872772,6.6084188529571275,5.91331967930392,4.9129380037146335,4.191695720800614,4.254237990191479,5.119047359073578,5.202049020581455,4.8387842154695395,3.620342032375001,4.304491244668013,4.22606624665236,2.8674722992391213,1.8860692288530065,1.968416127527566,1.7456325755928692,1.7494120987229609,1.7022512241529015,1.712645688625892,1.8683292804983678,1.2496702221447362,1.4564293976006177
6.587633191925335,6.2119489806344,5.719574171935813,5.242301693012226,4.910088871252978,4.198021357361661,4.398443295180011,6.522923935883311,3.294033262410515,3.7219345344280512,5.130090386233363,4.62087063134156,2.1326237442114984,1.9737035786369979,1.5422968294338328,1.1250913969854672,1.8617975900886186,1.589747799469397,1.4418932375802676,1.2214273321990665,1.5241663497118074,1.8365464873920407
5.996885067442755,5.5735565097161945,5.388137699281089,5.020261215418633,4.376881131527704,4.242034117397357,6.417311221329363,5.576794240135455,2.7929931050095624,2.7606178840344517,2.1730583543826767,4.984003526632839,5.447597640872843,2.043182992115279,1.2976741909091856,1.462730104828195,1.7292850413971363,1.6841924169675426,1.4898660032246624,1.1059793792517199,1.3000394448556127,2.46288425732784
5.261907438557588,5.315683399397266,5.307288429084039,4.988067185700988,4.812573878215543,1.994474292276454,5.780820657832358,3.832098219142276,2.3318679838653487,3.820148795275618,5.149061884954974,5.450080312417596,4.678168584956769,1.8915032925850475,1.6008105692679016,1.1645733796096822,1.8923477398445618,1.524978740703305,1.2067273274590626,1.054705960750511,1.309513535008136,3.514879695505661
5.612953904321749,5.101817965400028,5.268393677522428,5.494545938610378,5.16413599456481,3.440150392471962,3.675980558698204,3.09270434975243,2.5721746265862304,5.019307314572245,4.465497589265721,4.411974205973796,4.842971683802957,5.049793290573988,1.897606902834802,1.6554128249921065,1.4067078713115015,1.3451538511878733,1.165792943086319,1.380811304043693,1.234725929400315,5.264200724361004
5.473604758602805,4.907408399074378,4.962736644943379,5.01446721388271,4.997627184019736,3.0071332744766925,2.4319457632251615,2.2813760702956944,2.5556981064558824,2.852285152903453,3.665451016993049,4.206038186903636,4.867226801357378,4.966194510282122,2.494999469031024,1.121494204979254,1.2247334910433363,1.2228819007343523,1.3235121304895108,1.4176311666769157,1.5526058961121434,3.4165342859034267
4.817573775412736,4.475408243059317,4.5733761843256175,4.1125916593106195,5.008771284725741,2.5320510516832746,3.229814690809751,2.5482258450864146,2.0333289048924574,3.1034747988784885,4.455095351113083,5.039148185266066,5.132787700587434,3.7226960410752987,1.9130121794233135,1.0829132791496987,0.7611661933360139,1.2031729061172254,1.4901613987251492,1.0543630488116995,1.5806225094460624,3.718461749157819
4.376177723542709,3.962699964394277,3.5393999706191224,4.233027448048738,4.976380335287939,2.7235799817206585,2.2726545857906655,1.5084454845328144,2.089949087385127,4.404928522361308,4.329530939886767,4.287081033547993,2.347067651515552,1.9554954021914528,2.634497600128641,1.7513416412439984,1.110943951937216,1.7920563482180438,3.282724501692015,3.536521423367494,4.149311438967471,3.292033387620539
3.282524441076594,3.1763918575445738,2.841885380336578,3.3447667117669115,3.8732380455025703,2.3070258766581095,2.6610898544758252,1.827925526266686,3.331877354478172,5.950394120077869,5.441762525152083,3.735651831573796,2.6988180493291676,2.3880154448109363,3.1920692365955587,2.292057781652805,1.2524955943758227,3.5139869361958658,3.4857078755372335,2.788039252843603,1.9532283279053113,1.4281679351191487
3.830168346541901,2.8560222118486918,2.3560051963022604,2.667700298508336,3.1566854032524425,2.902762853182688,3.5411731837158293,3.2567909306907326,3.801669776888683,5.173436937938359,5.139722001160309,2.9703550963974696,2.99667017547319,4.4532125541022305,3.487514857319719,2.2481367124238734,1.7481397544816808,2.344195813573208,3.63049234394838,2.339094900223163,2.198678200605502,2.677832768799109
3.137289050882229,2.3810443134758503,2.6625688565959864,2.31021848337665,3.8280896618850386,5.083030874539739,1.95086176059987,3.1369666865615096,3.8251904337642855,3.9198801220736392,5.83345377571024,3.177303564133003,2.900034179688974,5.52219093504186,4.877863105842268,3.896069742473742,2.3465104489113604,2.9425669604743554,2.292895117640133,2.6609970438127144,3.002317421308226,2.289195433657283
3.593720375347538,3.6991558437300105,2.054735497050935,2.199467117823443,4.210132955239146,4.716102478921244,2.964480626300387,2.7506353161460586,4.076371127632967,3.1538419742845374,4.628426685592778,3.911061361459013,2.767706280727648,3.182941627859836,3.739735393383816,2.67663494499801,2.287254543149226,1.6849288273764464,0.8653376988424476,3.238823687535447,2.7912172697888065,2.303402894141092
2.8217605248213573,2.4697617613327605,2.1956550182641625,2.577090626576624,4.072003221682389,2.7967070959863927,2.1070229094596136,2.833423318415891,3.7293853183242,5.079959845318688,5.819631513443617,3.5981574687474156,2.892211882271726,3.562255324740944,3.4105667664277597,3.0938976848687934,2.550400843518965,2.347839682139137,2.5546035728756324,2.1328428774913397,2.530187984180917,2.0350323396046015
2.972754221049259,3.4493002066760035,2.340989851744941,4.768175867706097,3.806250222727474,4.283069634293783,3.0807141207778845,2.6467621421504246,4.3872892962785235,4.951709925348514,3.303304430134003,3.9338891994904435,3.192828312706564,3.779522428233779,1.7296414490205483,1.2070991858084592,2.020078553808188,1.968676946376032,2.0367493551111435,2.159198270314557,0.1670932241673859,1.7132603862310134
3.8961388923289726,4.796475420013426,5.773038396824893,5.181870988228468,4.217435268800633,3.9613632601823254,2.305602876186093,1.9141299155773956,2.488149674313737,2.3345039426229794,1.5348793096634574,3.307868277445625,3.2454283598797615,1.3483915028081088,0.9749999796833468,1.961054800606533,2.7790772476034338,2.499730896430228,2.5927549288684117,1.5016030619526008,1.6411007394158454,0.9858709624720545
5.277956574465801,4.677779621854609,4.753704858049874,4.13347605424726,3.4312071502651666,5.2393906530707675,2.3379337333990997,1.9538369492595815,1.5209153756425873,1.7326376089588311,1.5597254425405704,1.9103878954539601,1.4766378912989513,0.7731203828241431,1.131203451830755,1.0685356486165827,2.0992087549839433,1.8107539613776218,0.7606834090797863,2.3028616865919633,1.8700850716533444,1.59828791074943
1.7045070210542683,3.6851676938862052,3.7173108517086817,2.763814763257381,2.786311390015946,3.002631175458189,1.8312630417732212,1.4325864400004575,1.214901219636856,1.4592239513805731,1.1853128124460204,0.2983600506819759,-0.0014795644214530472,1.0683306776179482,1.9573778974073655,1.1288474868790146,1.2053680421396595,2.232877010464369,1.5068814297654878,1.6817747658278277,2.137091126252224,1.68659703947464
2.3997306294447047,3.203224395128168,3.1903425536569374,1.3351551220497722,1.2823332995232717,1.651913515337275,0.4915875350710561,0.7698356670207632,0.832320478690768,1.0414269050287928,1.424055032291144,0.476775725464076,1.2324876494939734,0.964493582623499,1.314063591346564,1.3763989437530069,1.2284984507514587,1.1973576647996436,2.3708007664288377,1.5777177725911944,0.9015682699164193,1.0565042497886352
1.2160094419708158,1.8764451974030523,1.2600438892072483,1.186213449064076,0.9899160605923352,1.4905220440247544,1.1292865597080297,1.0452679987302265,0.5280878365056376,1.1153908163264765,0.7809996443130666,0.7216014283487995,-0.2628176595675695,-0.18339992594972063,0.5731491036655835,0.6910607228486468,1.0479012309705436,1.4272455698721909,2.528821835979275,0.952843739128606,1.3629200159551504,2.307605633970731
