script/wind10m.json
{"header": {"parameterCategory": 2, "parameterNumber": 3, "lo1": 3.000054539987559, "la1": 64.9999836372058, "dx": 0.5, "dy": 0.25, "nx": 34, "ny": 52, "refTime": "2025-08-12T20:00:00.000Z"}, "data":
[rows 0 to 23 of 52, columns 0 to 33 of 34]
11.249018796357257,10.867496417389885,10.540711851157507,9.92858118731145,8.530661319017783,7.427557005561894,5.07446562366181,7.013694332018802,7.094255278219778,6.688776868241605,6.038213759754702,4.909235487842173,4.116776842527785,2.6947905581072122,2.444360296448893,2.3068219960114424,1.5988344513488801,1.839304542488836,0.41161910083890646,1.538364330074558,-1.1546075886420795,0.1057524731996105,-0.5115180952047008,0.7807082885334029,-0.2323779369239748,-0.38067007291726956,-0.8090874957292568,-0.5447773296830595,-0.19155948934846734,-0.5571976780471386,-1.0968380945698155,-0.545709168220768,-0.8435136593339418,-0.016930042050040107
11.251023893993992,11.29183511553585,11.022174736107011,10.28216263527126,9.341821626298968,7.260771292440502,7.89029452842787,7.1350010131643815,7.337488586463403,6.63769937153714,5.8155120503479525,5.189498556368472,4.409123931886296,3.334432777300766,1.948187273198673,1.2419353953254995,0.18785512380913755,-0.1453968980778873,0.02506124283546063,0.7491959810808485,0.2571128623613945,0.030100142439594,-0.01880016591260942,-2.0559986408441944,0.33784293816464717,-0.5670938741550879,0.5023971825824917,0.06420801669017627,-0.009499583056429079,-0.5829022894671452,-0.570997643775438,-0.893162554890381,-0.709877301466911,-0.10230619925275021
11.602820331155709,11.531563932467275,11.318849404725077,9.915477897671261,9.228981092162174,8.180772204801048,6.999639707437585,7.010459366021469,6.827055834544686,5.622695903463685,5.049267837754208,4.401987348334985,4.132489287546279,2.8506732841459677,1.365048070092694,0.223426505846475,0.21507580147131064,-0.6816228343576513,-1.4803148541992865,-0.44549926576015597,-0.11704205184727688,0.3703963678698275,0.06777259119531027,-1.1575234970097816,-0.36050334323847844,0.02648877754682928,-0.14809856973324045,-0.11336119269807025,-0.19495484253774067,-0.09203742873231342,-0.10250300382252864,-0.267462582501554,0.20721650073741948,-0.6135763966999347
12.176198259293102,11.448765761334371,10.69240303385376,11.008719116876401,9.582414754293847,8.478119520183084,6.679729728049676,6.499647965997017,5.883570237317171,5.101196881102523,4.569919499587309,3.841520276092461,3.4653703931568223,2.348302397511542,0.07542540601426083,1.0731759657276978,-0.5515796587913981,-0.126462755943378,0.04974548069516027,0.8568381304558546,1.0603690347188586,0.08920415707337752,-1.5701673991337832,0.5957469757791652,-0.3001915573644615,-0.6350364887780686,-0.23065512246866818,0.05419264650570134,-0.05519277967722494,0.1548464495553966,-0.14054348605402192,-0.0007374350954304948,-0.01833986744440727,-0.24666579341423214
12.074495446453774,11.583748342258614,11.113366294977471,11.236015315259152,10.132643252159708,8.175542819013769,6.850869777590832,5.700357516551898,4.6536771483441415,4.093322599540471,3.245509813750259,2.9207556164052217,1.351616768717931,0.16931211991135645,-0.2100695027648584,0.9817943223091049,0.3486159365016336,0.25016180031730323,-0.9436945499088207,1.1989155413976238,0.6427303544810635,0.22491521108186077,-1.223814660865553,-0.40540468016095355,0.2641554610732871,0.1517549580013994,-0.6992396559644422,-0.7283663938625157,-0.3938380288236207,0.32949788971126864,-0.5507706979270173,-0.48529700729060843,0.11774863609771169,-0.09857134954110018
11.913366603999114,11.846438392906306,10.439752774454355,11.052594866557754,11.960209186990388,8.22565883249286,5.770845419320589,4.5501457316576985,3.5472588686456454,2.7584060667347754,1.2825578448715527,0.4613608568341665,0.07779270926660166,-1.4870224498473785,-1.3918985469734977,-0.3939688733301083,-1.3661499996236344,0.8539490304645149,-0.49233804309300616,-0.697310101953769,-0.6907409354351847,-0.6815143092287743,0.0399101986885083,-0.21788839860403802,-0.8046563993300819,-0.4157763096051658,-0.37854766513880855,-0.46260376000677855,-0.3025617353302698,-0.9712023494614511,-0.3197010511084744,-0.41721134864766213,0.0809504050724266,-0.11196840590320069
11.881534402539605,11.206397399438561,10.782124655176647,10.802321654129642,10.11050310751173,7.3517487211335455,4.590334676522132,2.8694371283533298,2.5300284488543676,0.7311918732334527,-1.1874030333534116,-1.2255426357322954,-2.6460157587947153,0.45838114320942003,-1.035553494044063,-2.9781457019083835,-1.6048136846528365,0.1866886285627985,-0.8806666687532823,-0.4381185340400115,0.9908264614372124,0.38830213489618126,-1.1873082704035636,-0.5152198135469085,-1.0953142510337899,-0.5690861606384123,-0.18896508655024008,-0.3241545251218387,0.6723972872982594,0.0507691122293546,-0.43923738637971066,-0.024830458756641135,-0.4105902607359529,-0.0806015520831067
11.191085248014662,11.496389257896453,11.416843904647227,10.43069865471675,7.788378055702862,6.257618086835826,3.4814902328210535,1.4211795921608041,1.2609612899344724,-1.190813949618872,-2.390787652550162,0.2622259373399233,-1.4603726503872545,-1.2226032072513087,-0.3551968222975814,-0.4564912922185433,-0.850639444077674,-1.3430291922711437,-0.7263241004145404,-1.1781273351569308,0.02242682837306555,-0.5161900997883611,-0.30542596310589154,-0.44603187213783463,0.1499181672095664,-0.173423160091396,-0.6057449029661603,0.032768914101488675,0.3205526451040724,-0.05623321714555437,-0.6064927903124873,-0.31957281765017587,-0.7161698380648899,-1.5197678409362911
11.279980649283793,11.124437235516792,11.102360505876215,9.684986019169438,6.85309242104557,5.335714778063549,1.8814111840304997,0.3640717711518013,0.3584930039432195,0.7514486606149968,-0.4062509709206741,0.38891418329872296,-0.5610168817941703,1.7393037184440552,0.4299896389940636,-0.8853253571755545,-2.4053095951003574,3.130663170218393,3.6139907905205924,2.1364813893074737,4.518844711489655,2.6464945761739034,0.6332010007171144,-0.27734379388597946,0.49761443821261103,-0.20590355265430624,0.7691332499990207,0.8652416667017223,0.6629828843304253,-0.05830466167630093,-0.21096642319016376,-0.3688319397903154,-0.9567879412562709,-1.5227350503904957
11.378513534636978,10.938358892672639,10.641059495033613,9.658141460572857,5.451708165220674,3.3279414239539924,1.3060472120275033,-0.8472078710513509,1.159201708802627,-1.437110820505785,-1.47913635288126,-0.19939528539371273,2.498122111075542,-0.49719190101665106,-0.4967508117701556,2.5455081294511617,1.0513273097327553,1.6205370059612672,1.8279424905870134,0.7572036258874512,3.1733825107960003,1.561343014882443,-0.9352722679522377,0.7963258296785197,-0.22399554897709878,-0.7484456856295415,0.6249863528376656,-1.2747083361648925,-0.8415508336696553,-0.7143621457762354,0.3179717126731975,-0.0879980245662999,-1.891908159357414,-2.769891661693825
10.737522224625646,11.239801466299486,11.071933356474043,9.947417161127301,4.352048514144908,0.8293337947044889,-0.009410337804454025,-0.23600680079339775,2.875814180445171,-0.5197743951745792,6.309927607441113,4.032425772874702,0.18956527240294468,2.0330467693854284,2.867433061876287,2.432831545701078,1.7256190738000916,1.3933860717167201,2.289075307302377,1.49815620423656,1.2393695943945795,1.0659736506007984,1.314871840078528,-0.09082907844466051,-0.04832305910631127,-0.5328042665150667,0.3645113401467689,-1.0744568616973686,0.3025724268564042,-0.3628872453086503,0.9026379133172647,-0.24295815679183275,-1.8078859632888444,-1.902356978409417
10.113031634341214,10.709505673804829,11.480832229087422,10.437743578904882,3.9943807587865816,0.1840684290348152,2.6432500075198666,0.5462889591060952,2.1795541374406087,5.102201991870104,-1.9057029991291916,3.127954432277679,3.8745299514257483,0.0696627839265507,3.1067575349423193,1.600277994149176,3.4084166943502745,3.6677407265454476,3.834679613526747,2.5796249036950356,1.7390825813502508,-0.6993569893134189,0.9450551398229602,1.5026558514647939,-0.0276955260518502,-0.6615310224184499,0.06203712814162658,-0.03976385528414378,0.17486101712031554,0.5713354348886165,-0.3857405368653636,-1.1294319967400883,-1.7173724954994067,-0.865591451970137
9.192590186189845,9.456530326113564,10.925914314372156,10.743191026667008,3.6474787967254017,1.712599401383652,1.6013548988384663,-1.0332749114768787,4.044503823795402,2.9656341562210735,1.166976745072613,3.646440715996143,3.8830659654084263,6.547344677274243,5.72873759291226,7.1496775111735476,3.043234543770697,3.1803702638599827,2.1463898584858097,1.218620740737364,1.4879053337018984,1.2328700410284332,1.0797780258815324,1.4554372439552674,0.851976859679542,0.3624533674714734,0.14062277188981848,-0.08045941455443775,0.22412638296348417,2.228651008573102,2.5705926716650795,1.8180818979809625,1.547385541932322,1.727868974026814
7.623051405628266,7.244246432206321,9.188032710686814,11.29107756311118,2.77161873885359,5.417771284709595,4.4156174346351715,-0.05248351520144305,7.215923162096219,5.862193932499659,5.812892757590411,3.276196730280741,0.2303422622798631,0.022608332525395743,2.8131610134249003,0.14105829522411478,3.0432674101987462,2.1688837282091984,2.333870436234899,2.002453099626621,0.6694824001897498,2.9037543293358294,1.2294163321216678,1.8285041428209414,0.7871169181428737,0.8437722001942881,1.3523171005144212,1.1263173045121297,0.5330490299658661,2.1634076084494076,2.9507522381998914,2.7557125544284355,2.0664989725185654,2.278192004767323
7.402762387043958,6.283446622862761,5.613814521772238,9.461245547531458,-0.8438192211212243,0.8671000855297862,-0.6075118338561143,6.95712826951948,-0.42455929720234004,1.16179722800198,-0.22556206264661438,-1.0242870495260794,1.4246768903050295,1.4369200640766757,1.7585341226031599,1.9037038246690439,1.7835138248158326,1.5575022223005164,1.8420273513735541,1.193917617249021,1.4884555527971615,1.090184323734444,0.641441651494366,1.0538049079604426,0.6555894272191959,0.9210614482002547,0.09535659289610653,1.5007156649412754,0.7542920220164077,4.68050432723692,3.7917749557089877,3.503994818247784,3.02743060955389,3.0299257127973123
6.317546694869585,6.085065106133173,6.508997710544751,7.812622300720091,2.758541225251783,-0.7352051524750193,0.1948008333171682,0.12339822146639128,-0.2711882674174208,-0.8993441153630964,-0.2710401119482169,1.9833072273897354,0.877764869164872,1.2368709464980112,0.4197264029792897,0.967899074911896,1.998872641259019,-0.3419877319548998,0.5346805734424914,0.7323328979330624,1.7743550614277266,1.8468009859690153,0.5502915881120649,1.1060677640160586,0.6576811197864226,0.8195194957130595,1.4261913122106429,1.3487173716840775,1.6973962588819627,3.8775460381247697,4.808679979641817,4.043784644921092,3.433068551478885,2.910826033381318
5.942132908958455,5.887540395635044,6.039362256642418,7.70924882087562,3.7912715665943506,4.134713124039055,4.748819081952325,3.4876491093741415,1.6419714862865047,3.2871453591743114,0.44230438568386315,0.37640695023234216,1.3008828123702598,-0.12821985439692482,-0.4492796240780063,-0.2637365687635163,-0.5002753280092717,-1.0123420939608325,-0.7553358017278702,-0.7006386536577196,0.46524141904248717,0.6845678046462869,0.985026229280651,2.0712428576286395,1.4225898756741446,1.1403564883711825,1.0795001903550872,0.30087704017771705,1.5195628453400085,5.144636123736825,4.980302838449492,4.974523512283,3.9404029691990825,3.316728698107307
6.9176709082970556,6.679769892050143,6.624851138985633,6.825671388879232,3.1170400967717677,-0.22260049690986833,2.9641782050994103,2.5718595945699483,4.18889247979947,1.794465821985278,-0.7988602337436126,-0.13895064385779987,1.5956669215854702,1.373248578226549,1.2473090885914746,0.555398212485073,0.0518708647395499,-0.09193635806231262,-1.1859061485665081,-1.1801103452148338,-1.496324759670045,-1.2178522991862566,-1.4017992014866005,0.6117657365358216,1.6149492528843905,-0.3834130976833635,0.8537923802569035,-0.14406073337819764,1.2905252564895122,4.440151749097233,5.16081163729877,4.805549361395534,4.0868224757135225,3.3368459265448798
5.83799792235918,6.2574715566335355,6.160310111437114,6.097574537436995,3.9449467990966522,1.56681560892808,3.4681631469021665,2.2104542068299247,-0.1607281232973831,-1.3171693027814946,0.4370990667290131,0.7204163662710967,0.9958363007055802,2.3006410810758204,0.6506406511850342,1.6878637026367702,-0.3437428478325349,1.0316795108168775,-2.5425902378948244,-1.6264909617704464,-2.4368857169199027,-0.8147265760947147,-0.7113405856475775,-0.9836653399080493,-0.9992862165931541,1.6994418287092643,1.1413783125967203,1.1049655094139768,0.11639882625262366,1.4217517475664962,2.4909755738077775,4.1771180677373145,4.878605984469029,2.388493665715531
4.41006015348486,3.819956473885146,3.4742432363108113,4.479528784750784,2.4986832254871025,0.4891136297190802,-0.5110518696252898,2.8821677375462738,2.717748127005242,0.9791930081125311,1.8176347125567232,1.0088267836542506,-0.6184011299985156,1.3118182974255272,-0.506546968846923,0.9133214315215165,-0.05095396058355502,0.8649644930747697,0.9872391863313633,0.3187646432556471,-0.9098719125284954,-0.5384233449881021,-0.3922812181125573,0.9963013620603579,0.21044679823808035,0.3099705208178589,0.6354925275084801,-0.32815113697019266,1.5470919938548258,1.344976079385361,1.4250435934674703,1.4750077774271548,4.575171435243612,1.3492613515305218
5.107357101080944,4.4676888946966855,4.114356439376644,4.228358443758035,4.648543895905293,1.924214510294406,1.7644707642149768,2.1553968149848943,2.8436269248555774,2.411215150607635,0.9089835370668076,0.7483528550136266,1.1954325012280262,0.6421685157266765,-0.5644137573461796,1.0301575943949417,1.5617254388986181,0.3268578289522253,0.7803879445817278,0.3890797352990179,-0.06940253238993722,0.43285192407374296,-0.4559152631820655,-0.1597616971257452,0.3896576201745612,1.3135339877792052,0.46022742625620433,0.8588509877152473,0.8195266188926813,2.5336678857868478,2.2762106814997534,1.3865775482926919,3.461544510667011,2.3924171104160195
5.851920132372945,5.155349766339556,4.768300470113078,4.563954569497495,5.777564428641944,1.3881558327720516,-0.47121951283475105,-0.5343689699282238,1.7845311192590694,-0.4721366395698526,0.28987932939965,-0.18046987614992813,0.9662540946822941,1.25285822412209,0.1589332199705483,2.1668743221374402,1.178869956881953,1.5655234488700054,0.5380584088483851,0.05675005830493775,-0.45579093839572854,0.28360912056934545,0.9309043761790943,0.7665480507094713,0.14298310267875386,0.5149127121306,-0.20848661601144453,0.23625364819567143,0.7426790131618167,2.2269561825284296,1.3519292861323828,1.3069037595755528,1.4137821864088427,1.8449965061569387
6.2837575389562925,5.716089159655642,4.998620483342896,5.479857197852211,6.204802830208031,2.014087293386228,1.3208539903490308,-0.714868716477968,1.2570327915462431,0.01466032690227992,0.15804714579045812,-0.8862978642583925,0.6099917375407391,1.257571581116756,0.1701672395332806,2.3021643134883902,1.458864473849957,1.243326847088382,0.8943478108512641,0.47798210355075393,-0.03529198877231355,0.4401255388869534,0.6570762432342819,-0.22756109661059823,0.8462988259461708,0.39094673583873185,1.7717361148876105,2.207570427578402,1.2242435359806367,2.1794377689415954,1.8261244729318884,0.5251507472830826,1.5081531693294434,1.8537884239053848
6.3121101952251175,5.819816564271472,5.002855582734243,4.506401999076837,6.114376110446205,1.8974813051831896,1.2889422812757185,1.988090985721612,1.8861387283662636,-0.14761852193773745,0.04551400465586061,-0.669261318595826,-0.09369507249452866,-0.44160830867493006,0.7905609737072676,3.259896592062763,1.8013130188470166,1.185255385808518,0.5487454477649197,-0.36328476349069,-0.33794350414305735,-0.15952736864258346,2.0697109011905894,0.5935786067296651,0.7104167832260674,0.8626565054190255,2.1935120570327977,1.4272009009538755,1.1564203863117695,1.3866945688108525,1.4480813568272826,0.7598183570383793,1.3457514969087563,-0.11114529408312289
