script/wind10m.json
{"header": {"parameterCategory": 2, "parameterNumber": 2, "lo1": 6.000027932988019, "la1": 58.9999434238085, "dx": 0.5, "dy": 0.25, "nx": 22, "ny": 24, "refTime": "2024-05-07T19:00:00.000Z"}, "data":
[rows 0 to 23 of 24, columns 0 to 21 of 22]
-0.8526149360255381,-0.09530569134670452,2.583104580546149,4.443265882774237,1.4357539984399084,-1.0390081596647278,1.1507247159709786,1.168011886818521,3.6811589536117584,3.48150853445251,0.9746775313291891,1.3608577709119167,1.004336320660947,0.5987334102493692,-0.5473020526554542,-2.6633279928306153,0.3050846812759258,1.0557333756806866,0.6457100942611552,0.18654232256690734,1.3189975374202756,1.0553063547137271
1.021075699186047,0.29586513880916354,-0.05313591417217014,0.4762611145556535,2.1922515259745428,0.38571928302565944,1.112660514566549,5.925649739089132,4.8719437306648175,3.5532242809225028,1.4463802640737582,1.3763918653763105,1.086725902413329,0.7402003018739737,3.128792675213054,0.017294139651568705,-0.652050054619573,1.1524747401429565,0.5902484162161628,-0.004975566517768244,0.6401199168580365,0.7452370382929195
0.9807903331381769,0.07659512435552905,0.8079628073574313,2.105514391046706,1.5761634928347457,0.8745904717947952,4.090218827402076,4.389629668721621,3.5620254149107256,2.80033865639358,1.7353671652738734,1.031831820747508,1.1686897458960848,3.2623093284856926,0.3100517391885421,0.13561179814016858,-0.7444802864523353,-0.4341711516128794,0.4358629129265004,0.7196391580139336,0.9586044192204404,0.33141968203477956
1.415734200308837,0.3982507357227566,1.3488491217516554,1.2173450450328773,1.1673067784239024,3.5817814025869534,2.961609409273073,2.5538763353156066,2.484364828532543,1.0644713149487672,1.345603955753725,0.8696384801506882,0.9740140001160235,1.686483610666125,-0.45319256656178697,-0.17745683001533757,1.244346348429266,0.42833353811606606,-0.3221288511946041,-0.031663682460956605,1.1712322850500945,0.6198850506901599
0.33322441802507435,0.48706389120617094,2.4260096549711365,2.0316695372912488,3.4149316888516608,2.0476959110260133,1.7572112585804642,1.797774563679138,0.3883399350987071,-0.5814886664712242,0.5867084966199426,0.99662285944526,0.9469950690436949,1.491922338457878,-0.7225304383052827,-0.41859122477616956,0.4904617912662112,0.3293607114904645,-0.05742322351634297,-0.06120334232467019,0.38263241560875666,-0.29490787556746645
-0.12089205645776546,0.9560689495145649,1.7004220008469075,2.091511427711419,1.2754171731057464,1.1193541603695103,1.220932076628172,0.8742984418151251,-0.05652058547742886,-0.6877416145645202,-0.42646119628248674,0.7547854768076558,0.8146565682476005,0.9425238724190995,-1.0601755054375528,-0.27290751658183116,-0.044137682867833865,-0.2610008976615436,-0.20173961784791805,0.4252314843905045,-0.37960356487706043,-0.30762430859220147
0.7894013858773379,1.2750420037313897,1.178064537403763,1.0784082842338765,0.637468662853582,-0.06979380952163546,0.5540088705067145,0.6411158255978006,0.3976799149706057,0.948131757308723,-0.5629759718894892,-0.15507386960858244,0.7337992467561072,0.9897891336889486,-0.9267402580853603,0.17588821471328614,0.1931527833763004,-0.09573289174857463,-0.6610100335557992,-0.05158088934328977,-0.035205378702791376,-0.2558201725074669
-0.11942949989114512,1.4810262651362414,1.8101431357249167,2.9453221839791888,0.07541899645553331,-0.31460037359609533,0.9090262577308778,-0.5019517205512406,-0.3931848297345161,1.0411268675660237,0.35623906821751894,0.03171719342847053,1.2805710611560852,1.1862798133124641,0.3047968140224654,-0.21415189899417827,-0.24502994581941426,-0.42542501823657436,-0.7204409784054241,-0.9650457347911606,-0.4916695243603468,0.037677400003403784
0.08568882999384461,0.6598967430632106,1.0636571420017216,1.3106368885719284,-0.8988378246290152,-0.06314671535464587,0.3228997235383344,-0.9750009591708256,-1.1394359414635005,0.2087479689751955,-0.8584922944187009,0.729286328620377,0.5579535348478162,0.9058045724991965,0.20639168142891137,-0.48699698055974966,1.014317948053556,-0.42739105281183554,-0.8824741622941269,-1.4042397769861579,-1.2549561772198974,-0.5661646171803525
-0.4086744286060013,-0.02372164479734061,1.180981455438948,0.8929874192853521,-0.9268041917099689,0.5299556058467461,1.1515428225856852,-0.7153459727378426,-0.9898002672343148,-1.2443223799975947,-1.4364018404205492,0.2881282505757133,0.7293940913207858,3.680788663307372,1.0023432722790686,-0.27547036685128123,0.39536352893059773,0.6260864464236588,-0.2577306527439154,-0.26189756169510664,-1.0722676678833147,-1.7033143753420295
-1.6805982122087129,-1.1830505696425555,0.39994936047994684,-0.00246906020219761,-1.500239852630844,0.6973715215018644,1.2107949417133839,-0.5421380203193561,0.023083463163600437,-0.4517284421942029,-0.15578770489631552,-0.5490051419030635,0.2598655946323679,2.684656741418355,2.081778861916038,0.5468903282070156,0.29358389402792295,0.7098138249310115,-0.08190214340612771,0.030653766750128455,-0.5184003756612002,-1.4967306728678968
-2.972250968249087,-1.8320017075935622,-0.9721909843856598,0.3219362576559844,-0.8703672134612513,-0.3315319467525348,0.5417217828004447,-0.20050328347748164,0.293717620845726,-1.1069682579022855,-0.4392292030132792,-0.06186652153214048,-0.5241127662554237,0.5596715874842546,0.7751904935906317,0.4618186349783292,-0.9467784815125241,0.42711626129858765,-0.046286118112873045,-0.17094529874682884,0.3607014966609478,-0.8888261146093863
-1.3855278133082223,-2.5184540405979092,-2.055176751468148,-1.1899857216471132,0.6072599178324181,0.8993039648287596,-1.4036514117926824,-0.5612542562877231,-0.14750246739025755,-1.836655753903047,-1.267644986792351,0.09572373323443162,-0.7486328527979632,1.0147347785478278,1.3267846975937765,1.4903603451407357,-0.5088467134271842,0.10315933238142565,-0.3830037920562057,-1.068959062730025,-0.7598787020146273,-2.0066258317090355
-1.502237381925546,-2.4372384343104385,-2.0691171542306446,-1.890730294062795,-0.29751142959472576,1.002241223274844,-2.443789799532384,-0.8848236637785197,0.1614513765364801,-2.5263393720643936,-2.5212511137962714,0.0868771767514571,-2.045912607499326,0.9089660444409688,2.222518821820262,1.6642846648667728,0.9486518528285911,1.1168075201242271,-0.8963808493620837,-1.0281907107683368,-2.0412272529278885,-2.6383421826137896
-0.0776752596847569,-1.8977957228337756,-1.703602378117291,-2.3348482138431623,-1.6575056763713225,-1.0297222779305506,-1.1758611923347972,-1.751532249070749,-1.0900209088513297,-1.8283966173531319,1.4455240586592002,0.9061165548951736,-0.03233108097696479,1.1296619843994344,1.3425655678842154,0.7093410456552028,0.5241699888187419,1.3846058822918705,-2.271458593561053,-1.7830412018053496,-2.4252577945830778,-2.7298888668339827
-0.6933548201606567,0.22996751233743232,-0.43936035840745896,-2.0268049815158045,-4.081718015734902,-3.1534791415261814,-1.6436910315378201,-0.9419206421037712,0.38240823623823017,-0.607359584944611,0.9467816671909453,0.05909114944983526,-0.6570985991838431,1.301944401691176,1.5153033225567896,0.21488314377891252,0.5696473710902514,2.98301454129536,-2.4369519765444214,-2.645676477219618,-3.0896310526331843,-3.2547149459134257
0.07997439225906196,-0.18192724554810374,-0.8942873858544456,-3.318186482212862,-4.950730843523325,-5.6047936050340965,-2.1228457873457285,-1.8679993732249978,-1.6518227835454207,-0.1999660926887545,-0.6530870879887641,-1.6075797761233872,1.370328381241056,0.3177434221480639,1.2375633737572937,-0.1899536050140007,1.554554736837008,-4.619015814636387,-2.063061963101096,-3.602903117789887,-3.9543082373136356,-4.216954109079562
0.33091923478421076,-0.28122407139492395,0.21204775921225685,0.45728762548882596,-1.9105470564865668,-3.6204383691994853,-2.003682118007157,-2.406613987744031,-3.009044124504969,-3.745116507087855,-2.737395481308878,-2.0672312239763464,-0.8645614065005661,-0.729392631306411,-0.7531455720622393,0.9751887476654896,-4.1227824410994165,-4.452214418873545,-4.051295032751858,-4.237662654164233,-4.697107275446258,-5.588657127873708
-0.12373662837170978,-0.23488129717637118,1.210676280031341,0.8785328884104063,-4.5116418877921225,-4.803130798776781,-3.1133435215191154,-2.6362791700362225,-3.4764306269453598,-4.087193243164452,-2.1212334184305237,-3.668834892201482,-3.006447889264136,-2.123700967448336,-1.628413745304298,-1.2448525811089615,-4.567997226706931,-4.253439035169596,-5.344034779235872,-4.949520771251871,-5.296974747557799,-1.7549444559857883
0.45308911997801243,0.7706288609655194,0.4645172847012581,1.4737313001079793,-4.167911115317559,-4.62015088603607,-2.991767974232987,-3.2570042515189668,-2.036256801710515,-2.073734255537428,-1.7483580747513867,-3.8300116502002695,-3.513925301631434,-1.2207907715239794,-1.0961481354144769,-4.299590305462986,-5.082252651384578,-5.755622801250308,-6.065083812822549,-6.111922809497459,-3.5295621337315466,-1.4584192586501554
0.4353284393517244,0.3264157392486642,0.7249487177483602,1.6475257441973037,-3.0455340738608396,-3.131252266369974,-2.5850798082012734,-3.4057551899129175,-2.285951712994532,-2.0475797312367034,-3.9747752285121103,-1.721575665510754,-0.31526406221586933,-1.8528707923926175,-0.5892861064231012,-1.1788006533988897,-3.2422403873629975,-6.889939836465271,-1.7964772454494222,-2.1661388645258275,-1.6579309551269956,-1.6492898279755397
1.0124442806911846,0.5906657354274155,0.549992920868063,1.2697172092640714,-0.8306154322943563,-1.2246198143876155,-3.4350930693805926,-2.970575029464691,-1.9730422908980316,-2.2255639847930766,-2.3518432777798686,-1.1493595028435748,-2.4977711525051625,-1.3475224311634606,-1.2084952570769791,-0.5416878709463855,-3.306296997910911,-5.116348808876516,-1.5648001084858967,-1.149092825916672,-1.3479271427260777,-2.0488212391269456
0.9166556007880553,0.3332232988702233,0.8145595090880043,0.4130294375745318,-0.24647143669049462,-3.227256819768197,-2.4298543610605927,-1.7307521903200995,-3.090241486406564,-1.7248863417440135,-1.7471482187588165,-2.037528883630793,-1.3303179672700227,-1.8429695499429164,-1.117967134846427,-0.8398203138196401,-1.0098353032096343,-1.4921515410413582,-1.9370197165319605,-1.391757007449707,-1.2753154689542805,-1.6530944043901696
0.13719414460100654,0.4378914714947185,1.4227584800697266,0.446337536650861,-0.10830612380747734,-1.2962811057224113,-1.714550870970124,-2.4453168202634967,-1.850963959231496,-2.222372683885989,-1.5919461409802056,-1.420292864961643,-1.9812111680542084,-1.5439388479680185,-1.3844901892143062,-0.8095894941999003,-0.8711402305207889,-1.3254244152289287,-2.249647102804579,-1.1301609133108912,-1.8466084794892659,-2.770411781252001
