script/wind10m.json
{"header": {"parameterCategory": 2, "parameterNumber": 3, "lo1": 6.000198445256149, "la1": 58.999992894266676, "dx": 0.5, "dy": 0.25, "nx": 22, "ny": 24, "refTime": "2024-04-10T09:00:00.000Z"}, "data":
[rows 0 to 23 of 24, columns 0 to 21 of 22]
-0.4647639156425443,-0.6057802245136565,-0.6087798674355176,-1.1788616170947896,-1.6620655891949343,-1.2650524354570623,-0.8937554527882883,0.7233046031002112,4.835343658054024,7.5016964425423796,7.3925010281790335,3.688504197566386,3.9541039628267742,4.068660138121311,8.75896994685223,8.986796628378919,7.886085949871566,4.3901175080521915,4.595809549222724,4.52544193413818,4.397804139770767,4.786638543642546
-2.426732016003225,-3.348276061435451,-1.1848845462155397,-0.7189256098562481,-0.8384495949202418,-0.02345534662314869,-0.658258917005608,5.024917899466591,7.574310217615759,7.394982535091932,6.813690884290738,4.605674723244106,4.546703561104673,5.649459675875751,9.50007322173907,9.42891907817542,5.447812720543251,6.266870343590089,5.599370527439845,4.592793695733157,4.203404246098399,4.129505363697154
-1.4217911959081586,-2.086563232176721,0.2287376736510425,-0.12365535238831667,-0.36885588322432383,-0.29295553288336856,0.967822300406687,4.7061716661325,7.492420437767865,7.581364995318566,8.246586775041287,4.98251774033912,4.712124598392372,8.24265173370312,6.274690885167671,7.173868213553377,5.6778659232299,6.469557014977064,7.62574958087185,5.417726617346262,4.909769985235353,4.112468975330737
-1.1120289647539683,-2.5806611153283288,-1.8185252075670346,-0.134447552509222,-0.20794153795223946,0.7272899888282072,2.680737237096606,4.727323200734644,5.515555416355501,7.148170868529512,9.08207888973195,6.509693526744785,4.259478007992861,4.579890796279632,6.566122078225952,5.937083600027803,5.229879797954402,9.229146593077298,4.50181119368135,4.0181944250207025,3.5251017197214964,3.1647289774691965
-1.7942205476467683,-2.683065552566975,-2.562051430653244,-2.1960330340309473,2.779425566594067,2.955008052959746,2.9347129864454837,3.678922512891723,3.4951316218271873,6.005204726398328,8.64891153789731,8.208255059600168,4.368363181600926,4.4701387788405205,4.6006961313935655,5.196815073817266,4.558032305185934,5.193056933202955,4.6232216932829155,3.4085830535739103,3.301081729970445,3.271603184449745
-1.31436875277795,-1.9416384423167294,-1.5720519961374968,-1.8226057738567667,-0.612163760428147,-0.145832025455609,0.46484319197300134,0.9676405636133951,1.8217121890219548,4.712104685397894,5.333644938866505,8.070900749338795,6.48158642232352,4.258984012776838,4.998027498547516,4.530570420654045,4.453982231214697,4.263820306851592,4.126426222544835,3.3462847104057647,2.9967629940966014,2.808579653763779
-0.9235269190053559,-1.791811992529202,-2.053354727348343,-1.117975395799177,-0.10492759053339941,-0.4301141637523894,-1.141740227638924,0.37955215516715146,1.1069448937155733,2.116534244623345,3.648426623235096,7.341238428268359,5.863607676735017,4.335002863263548,3.7427360984421156,3.870332416497715,4.2280575958398,4.156318388218887,3.645126456385045,3.120763275696257,2.7802579423240195,2.5585470644871697
-0.2738834112176336,0.019763045558840123,-1.1984957863610228,-1.8335110836442108,-0.7398771541973471,-0.3213885778956694,-0.8341205773873411,0.6300443482412106,-0.03640721171869345,0.6312884077573448,0.6439630601729408,6.685903352164631,8.219374415350838,4.272105072503097,3.6507540660161246,3.7693116810705978,3.848679285875084,3.561994186010884,3.6602426125658463,2.9837872893028647,2.530325990627449,3.6096218213714555
-1.840121684648107,-1.5145560003538912,-0.831835948692687,-1.0425112886853736,-0.4763630982667324,0.05101156951677628,-0.2088008792944328,-0.15747438082726725,-0.35233266081211767,0.04296910783516748,0.21951669035845656,4.9389827048328945,6.184899276811886,5.396297658883432,3.7117888444104645,3.2676560536514176,3.938166329298323,2.8894314583833727,3.3299744680090964,2.804071795570291,2.9079466996162724,3.207796872751391
-1.7066811389098588,-1.0765542384783224,-0.3184232968535548,-1.5684266552557393,-0.011326004677702721,-0.7216919680627755,-0.4129134537970684,-0.629161798973887,-0.6227781271256652,0.28560742763207325,1.329675382786616,3.576258478400814,4.528655370423823,7.666994243722444,4.33180229315907,3.237087871107553,2.8587354179390494,2.7841856585843594,2.645830882570666,2.562386654350702,2.480556544696925,4.492842914826241
0.08301262861845862,-0.16133829862340868,-0.39300388543762754,0.12287402007237265,0.2516027246616974,-0.5377818714541625,-0.6876112068213807,-0.7085146651177344,-0.5313066599395593,0.08643720196817371,0.0517722293246711,1.6883860846971879,2.947172073834607,6.402148933347789,4.80783162223948,2.4127924742969964,2.5890616894656575,2.436077684040945,2.3658033166667005,2.3207020508826255,2.487639140208287,5.259902542139322
1.0798108393219124,0.24400646600035084,-0.33939951050050954,-0.4312262024244596,-0.23759727204714445,-0.7064817532112796,-0.35932004871896495,-0.6641724968527657,-0.6632363500550523,-0.7535350691158668,0.7325045180378097,2.153382507081075,3.1477390625349404,5.224413736603657,3.2860535135984223,2.4361147724122145,2.4629190966147387,2.133785091666418,2.1887989880355962,3.010768396650501,3.472394536338112,6.8381965959143205
1.1165852118083668,0.819363842432276,-1.7500686511423162,-1.5000886240767524,-1.8528747729623043,-0.333966770765114,0.47241907201419303,-0.06527260880303382,-0.8523586496245563,-0.5463028368709347,1.0250375439561203,2.0437750785628013,1.744446997169657,1.7528893722642418,2.785170298330282,2.91416485910891,2.437132335250799,3.583342510002829,6.090037711889046,7.279679359205013,7.504038643357863,7.085582764679375
1.1258029700104657,1.1136667473949704,0.8537822921601683,-0.5009545410152009,-1.706476468177227,-0.6173122612631876,-0.045803355683598765,-0.8378982878688611,-0.7048786321700404,-0.13319465668636582,0.300722454900759,1.3470670767664799,0.5430836874058123,1.4594969096811103,3.3238981103166174,3.890305976834595,2.8516995284208195,4.1121223503138244,6.790891972648315,6.690544719525124,5.718095787517483,5.57021404387249
1.3306104527232832,1.3033727300399467,-0.185463777279755,-1.421993296968797,-1.599699695093842,-1.0236054806269075,0.07325002064915484,-0.5205674359411759,-0.9894552458273445,-0.3884835006747602,-0.743088671051441,1.4229948662280492,0.30524844825893205,2.2847305453872098,4.0253786652839905,3.5739166824201227,3.9515913182244033,5.146123639311023,6.244546537784242,6.144324768148595,5.667969577420171,5.32578722098174
2.1268519818070297,0.9974762160569264,0.38846261067928317,-2.0212804805485116,-2.02756696476693,-2.4598727009951142,-1.3981494135148835,-0.8120592544229884,-1.191842206609525,-1.1021853067390313,-0.08645381871001107,-0.7584937279548998,1.6745352862751715,3.9726498175450145,5.0484180775188765,6.696360961701921,6.340554509017096,5.963670426809423,4.522916978663859,4.246056383481009,6.534829405464254,5.306805770123276
2.179252245937531,1.2841252520790059,-0.0570983138224577,-0.3891492144403175,-1.5791698423189604,-1.804366076086615,-0.8022215043690809,0.1742257347122612,-1.1696488422295086,-1.117640990007581,0.3622053074124195,2.3257389284056256,2.7302477991370093,3.0832741857631696,6.245463774927297,6.176106973408051,5.873951425790369,4.924322426239795,3.922218648837129,5.710590821828918,5.8662507883759,5.302252803104061
1.7012955500531401,0.3741110614207547,-0.15501985683717234,-0.6916753708017268,-1.1765846416235162,-0.8552108627891554,-0.5826646104879696,0.3061926286043192,-0.1576029641186031,0.5695799972213818,0.7097018128128538,1.651409213720274,2.6399406743040505,5.572553636606753,6.362647879402038,5.710386936658727,4.393330393541073,3.7252121363453345,4.793329866031465,5.420153202737823,5.330217647930539,4.9942273538087765
0.5346979916389191,-0.22636534357889967,-0.4988388993226924,-0.5335896981391843,-0.10471438552525258,-0.7348773127889947,-0.5438982826066042,0.021931800857033015,0.38496176242466834,1.7367993955643992,1.6063157192781579,2.104182210372263,4.672479054530783,5.92042002864482,3.81636144187899,2.6086151105080195,2.6260340841151755,3.71913914698818,4.125188619465789,4.74504362764653,4.571257378532461,3.1731252567858133
0.6045220764820789,0.032569883231968244,0.24141021465693568,0.1467726238707902,0.905270000731564,0.5087734672714246,0.0832031349812397,0.2782431281312133,1.4562419501219088,0.5991290794238606,0.354947608040457,3.4118243556671946,4.981175081231065,1.7167168080663244,1.4299637776146066,2.4229475130282974,2.8540734038070887,2.7656899989347528,4.1097496358486145,3.837672500849654,1.5725304084165552,0.24435641840388345
1.5506072361793959,1.4042861550692356,1.2145473328122378,0.7482064368400397,0.9697553571354242,0.46718428072148127,0.5380168066612456,0.3992967163971982,0.8350915768781821,1.1433417775851153,2.1191875017937987,2.08113947777837,1.9032715552559594,1.373875260928832,1.2716392932872702,1.7025509513134316,2.2035079856084767,2.8433796584052127,1.32895719160169,1.2559579265926055,0.7492697423286131,0.29320669343776706
1.7037350238211992,1.7368126569516524,1.6318764268860781,0.42010274738100756,0.27461637604395966,0.553723849186372,0.8124834979801484,0.7459496734879865,1.315915057980887,1.0337873169148664,1.3784578130980791,1.1629636615278625,1.1590821383580896,1.103869875729881,0.7186405421065001,1.015114971983887,1.556934242209232,1.856839787402766,0.7347136304776836,0.8479123562743608,0.7289697588356261,0.04355997828230534
1.8442456678224148,1.680274766822532,0.17319430060508517,1.0044103716763375,1.0042098111459457,1.9002036999028822,1.1386747011264167,1.0729753962606479,1.0317712377989474,0.5170687876363325,0.4334577912768319,0.30731749581121115,0.5529175916318685,0.6622983422834235,0.44421616980588324,1.4993832838098686,0.9298589428375771,0.5299463283381394,0.8171117175319312,0.6645127791642703,0.35962312112385336,0.08708860032772407
1.8183007085166545,1.624955309622027,1.4017242777433523,1.2900200480408526,1.0077179099238605,0.2949775353401011,1.1424696166294066,1.5287438199280607,0.781051715789569,0.4256678841095396,0.21719161888839308,0.8124020814632514,0.5976458151300391,0.33026972742459426,0.029297297516658577,0.3606743290547622,0.3959231003880692,0.4552057486389581,0.7171303840343409,0.5603310801494639,0.058641344604061965,-0.09923836007612098
