script/wind150m.json
{"header": {"parameterCategory": 2, "parameterNumber": 2, "lo1": 3.000054539987559, "la1": 64.9999836372058, "dx": 0.5, "dy": 0.25, "nx": 34, "ny": 52, "refTime": "2026-02-23T23:00:00.000Z"}, "data":
[rows 0 to 24 of 52, columns 0 to 33 of 34]
-5.330692510911433,-4.549596948632734,-3.638754163385213,-2.484004044626897,-3.2012878886987406,-3.604786216662048,-3.92783041995953,-3.6939724147471176,-3.9570952687169774,-4.0075140873158315,-4.343361804230403,-4.402847085318182,-4.144855604831952,-4.297866911674487,-4.228286151730705,-3.84033686036858,-2.7914540114482667,-2.183693702594406,-5.105959975427161,-9.960566458687415,-7.125423419028998,-1.6594214981497746,-7.180931837044662,-9.138418399570796,-3.1016933207383124,-3.303820433442238,-2.6613776891802594,-5.431470432209173,-4.037542654886019,-2.943105073497274,-3.3926808911469797,-3.330067532023897,-4.559634078939071,-2.2205196438384323
-4.670693084921051,-4.680815497147009,-4.631659435485199,-3.97255185773828,-4.36454297402763,-4.2258773231350855,-4.448876368264281,-4.286239566219429,-4.711617240571282,-5.200489478836097,-5.391614695870339,-5.447420105120179,-5.528441680334738,-5.975795409397306,-5.139678855644244,-4.747216593590559,-2.5926537399118583,-0.5110903180499109,-8.447492424826285,-7.679713272815377,-3.360158782647991,-7.685936490393706,-5.396061585212049,-7.281296793464494,-3.3229183614921642,-4.688911057386031,0.9190122330526154,-0.6919628911141186,-6.258894733670631,-4.482904237778455,-3.563273048767054,-3.5511086453210865,-3.546598320228617,-5.450756183219139
-5.23925941527656,-5.398862088956046,-5.479479534065107,-5.2307164338168715,-5.144439195648656,-5.168042058688093,-5.049978416065691,-5.311717784916335,-5.52195812219848,-5.765466241580813,-6.291369539377529,-6.193103300165243,-6.176223820705119,-4.551934607945243,-4.6460972316233295,-5.930075741341413,-8.642868408257241,-10.037600102777565,-6.690085406126505,-5.852134407852174,-10.55219616083432,-7.71488309452525,-5.090627093787411,-7.460638107805079,-7.153846791972764,-2.2711049896178306,-6.997417016240401,-0.4813116865901459,-4.113872225167947,-7.639318811279047,-3.96408125018957,-3.445850115395067,-3.0150483712032465,-6.974282075165936
-6.130433411221844,-6.340640556772317,-6.231958603522304,-6.190911597142759,-5.752724531204467,-5.898357242834086,-6.109088649463045,-6.089546970423037,-6.05752540595935,-6.369540695037866,-6.460192233350486,-5.697508979582199,-4.891195682316255,-4.651601966209002,-3.1681311071306775,-8.312200720182545,-5.76131079284097,-8.583957844080016,-9.885584455810093,-3.967402440413471,-12.187951794842183,-5.825624455995976,-11.369146462814001,-2.9611102739486386,-2.277559298178191,-3.950141001899412,-2.8888497326834766,-4.581616212266111,-7.354388055342189,-4.833102625147687,-5.264485609724936,-3.929399234543286,-4.305705225838216,-5.212132661215099
-7.026455817755774,-7.239053674488724,-7.015996092194991,-6.619568305406655,-6.51020651757239,-6.670968879241554,-6.641501819078433,-6.644520236531654,-6.513054175257218,-6.508755536844995,-6.336972676312527,-6.00860657739628,-5.146269924051703,-3.641237544962873,-6.2159348277158175,-7.553714881732004,-5.9668048593511624,-6.828158599496637,-6.628841222853716,-7.261640488532934,-8.686253437171196,-7.536106936962749,-0.37258363124350513,-6.803676208889419,-1.7344474223672732,-3.622512359228209,-5.238235929772181,-6.027072276650708,-7.353265235211666,-5.932024421537221,-5.399604180941468,-7.795596051490246,-2.8288701232974094,-4.303927846335844
-7.504685335859317,-8.242871570911147,-7.824898150827401,-7.203662387273494,-7.236324178596093,-7.373705875932756,-7.034236900457621,-6.915169705441136,-6.849895324135425,-6.638772896057068,-6.497193636554372,-5.7969507054531,-4.919124246948604,-3.303547513407676,-4.167577270178845,-4.119853187074739,-1.931400522443869,-1.7176622886387487,-4.738346011676375,-4.6979461398280336,-2.541310122448754,-8.109267658064743,-2.107392798794623,-0.9671122751062049,-2.6897050748703917,-2.407318203700442,-3.6329010835741675,-4.52689560507585,-5.699108503704057,-7.831780421870198,-8.157286825816858,-6.1163775741823585,-4.890049352488679,-4.140309976795126
-8.585270468722065,-9.210218358765076,-8.744719002353186,-8.168150372999843,-8.251848613147741,-8.025871935914086,-7.64336837035388,-7.3952001746820395,-7.1293803323539136,-6.893477681114335,-6.325448191138363,-4.597891446398436,-3.399191322090059,-2.9249213973192227,-2.688970372113519,-3.578842608526285,-1.469176104080914,-0.28928053309496154,-2.26460485184399,-2.5143296656147283,-0.873265503639882,-1.725630895886215,-2.742606455064375,-2.6322792296942144,-3.0694908877298785,-1.75076094771669,-3.6159090667442237,-3.908938967527253,-6.7899509201597255,-8.501433935509445,-6.461554120507479,-5.821425658787948,-6.177193535460224,-5.121555216035494
-9.529499000985766,-9.679782156019323,-9.439902364961528,-9.051533071692235,-8.742587084066898,-8.516489907601207,-8.336464468717645,-8.331085454918204,-7.579034932128857,-6.5169038729502695,-4.732359570965506,-2.4755474846716496,-0.834251230794465,-1.7521991864001765,-0.6786974188980575,1.5369676711272304,-0.7102442364031823,-1.2868585586739762,0.4879438026159086,0.8725699087829627,-0.7121049757476234,-0.8953772791604899,-0.6440629803632657,-1.138976696474977,-0.22102153309844022,-1.141816829623116,-4.284210553294416,-4.491908872040881,-7.070881762599248,-5.799325747915675,-9.459112841405684,-6.928740599248352,-7.234365992781466,-7.8986008561738705
-9.83397395427144,-9.981629678026831,-9.62670675942531,-9.504379087366585,-9.537093401419439,-9.394454671239144,-9.341263778599405,-8.676372691479255,-7.686626460264025,-4.925495360342673,-3.5291665270735724,-5.655937125217243,-3.114771563813463,-0.8219483448912629,1.863905968675198,1.3351565594914392,2.085590481604812,3.49293531057802,0.21371257261169888,1.4735854987717345,1.6897034366375547,-1.363542614472642,0.3090046924272124,1.2167138822456094,-0.31459958548078065,-0.716712972021476,-2.615461475702719,-2.6727878109174417,-2.9101912356628103,-8.25059620570226,-9.498356101457512,-9.53661268205306,-9.193491321786398,-7.168418828128053
-10.481115893196291,-10.405623332886506,-10.067189967406955,-10.007218458718803,-9.884576432603605,-9.764392860861019,-8.576163971155914,-6.756052836637782,-6.399283121973083,-5.644197952231324,-4.037802237204858,0.47770009143211284,-0.6951782893688022,0.19319884988097516,1.0452195429942845,1.9288992788386505,3.94813146292447,3.2191335783729715,3.9291028433691904,2.466025177307959,-1.223694336756073,0.926189471927417,0.8954987585356509,2.1092425813241005,0.4577402156518041,0.6571255022102946,0.10529822090691972,-2.8224329147813174,-6.1075219362831605,-6.907146803806009,-7.541119846194065,-10.753710404477856,-9.215352669546363,-6.995697559492008
-10.621564473267831,-10.097965619966478,-9.243966304760605,-9.182543305335203,-9.308425137759592,-8.074177579914819,-3.379176951896444,-3.025196524005595,-2.785638225682669,0.5147860118773951,-1.9684565343732205,0.33070672745440755,0.5976871347267096,0.6274705650605384,4.83167976572456,2.800822782843014,3.9336407659628114,3.8691647837115606,1.765734433494116,0.9446453417131956,0.04201463758119598,-0.3680348353312735,-2.8654216601674145,2.028857458719438,-0.5789728778212785,0.7635309522583869,1.4389403261075582,1.131727969511653,-5.151873070677636,-6.072396664206259,-7.933970103159289,-7.884769509344178,-8.677255353904089,-7.249786754179997
-10.956825984538531,-9.834276731783035,-7.413332913360705,-6.110868211188502,-5.389366277614516,-0.7176765470685855,-1.0413422223355582,-0.09627146410337589,-0.14624450100187003,0.14133571317582608,0.9168900895675461,1.388663324793311,-1.8233780691695087,3.2377784257947995,3.039721602752576,1.2478510598688364,1.0601751833873798,1.4904609764660297,0.5472072076582712,1.763103360414044,-0.9267125099815935,-1.2933431172752854,0.7921053606179749,0.768706945647713,1.1475491253018286,0.18394935839828916,0.36170206909310826,1.1262321577230099,0.9571986510890118,-3.8252984918367603,-7.11238861136762,-6.985488864401467,-6.932112144019849,-6.592050562685945
-8.398887217648147,-8.732583870248794,-4.972713047706098,-3.157716138009826,0.05449908841490472,0.5123679092125641,-0.35731533461632536,-0.07400380235626347,0.02171633998388533,1.807405121315274,4.167267947784663,1.8150885100899206,3.3621315824080624,-1.458005781004036,2.112934821458562,2.6335348679927373,2.3730325587900682,1.410710652507209,1.7401731112966499,-0.40089147666352104,-0.9518334371529062,1.6046663686848222,-0.07213797751840094,0.5573900126942951,1.5437797068198589,1.089889589559791,1.2991655492833214,1.3870822934661213,1.6199021662393156,0.7117197244485858,-4.536445770048532,-6.207208507704802,-6.014101826037319,-5.369530695280234
-2.2227899096368784,-5.085113109154137,-3.5141529415199586,-4.287302804009306,-2.371172826831572,0.7782017027003064,1.994412902146969,0.371616004618129,-0.9806019886589007,2.9893568341184538,2.5766085255957694,6.027782970948865,4.65705868268699,4.196112093480775,-0.321371430863356,2.8731364840089912,1.2962470389604668,0.5889230658950938,0.9930791571775223,2.0554871453914436,4.167053557889418,-1.3944391421303624,1.5542384699281258,1.8566790684894778,3.689852620539995,2.8357074160264397,3.391824933463038,3.54272747618715,2.8166031001829355,2.4292865430706514,-1.8605586662282936,-3.8320877453814974,-4.543619594032066,-4.631426031701248
0.1780423114988839,1.4100977338127638,-2.613514803555835,-3.728749551001124,-3.4579573294766615,-2.352324875918658,-1.7373644155023669,2.3239067398239723,1.9858606435533632,0.75722816482788,2.4666149571997478,5.977113991673239,4.107731487463771,1.5208802227709806,1.012479793437517,-1.9565202231528556,2.174205085375075,0.5850793699603463,0.3785404877117481,0.46373484914928315,4.460156351051538,2.7039005442299953,-0.7225526815383605,2.5361134475623843,3.081379587368527,3.1747485713575,4.317636002225231,2.948850412154385,3.129421084993317,2.9547501642044174,-0.5291830593127943,-2.783268641519388,-3.13736907210041,-3.6224393120459495
3.0306610152695046,2.6262531842729397,0.6817654806077159,-3.920460195079943,-2.1091880251628754,-1.7723216985850974,1.6805376734577224,0.09108601891540634,0.5586110336229979,3.3374504364458257,4.981154426745273,7.456324530674073,-0.2236411477278644,1.8760088775483053,2.8028135400414578,-4.3159166131108035,0.6283940971212961,2.3029171876705345,0.897053603858404,-0.6850236281973239,0.6116456024304515,2.8563694520880007,1.5584167820587882,1.9131817580798813,0.8136206988000707,4.77674941764061,5.353993685871272,2.578833785450811,3.305227586645172,2.4330051443544947,-0.3604135691666593,-2.2700546780085826,-2.9346348330456906,-2.285652499525046
2.6325365037671795,2.37226793159052,1.4748284400913279,2.5869819790612296,-2.7602513144836793,1.2683727526145046,4.473177171993712,3.9419604409572404,-1.3815135326416825,1.3210699134280697,6.749670516907905,7.454621755226002,2.8703194310605906,1.3622374383665103,1.1174587849570448,1.7789781945913414,-1.4727609978115948,1.7551879016500527,1.5270472374747859,0.6877490701515956,1.6685115410979623,2.6509275779617476,4.36428210101989,2.9368121381564545,4.4731529512325094,3.345874065630062,5.072041811783086,4.814853058239116,3.3977858957747697,1.4114942860763837,-0.03169743855778218,-1.9631138343008776,-2.7294609021261937,-1.4251059881158965
3.5814198487043694,1.8961271652164156,2.4752304971683654,2.0216705894982234,-0.09992453678815456,-1.6063453294262307,2.568865531953087,1.0152818136929578,7.10637624852523,5.268862501562144,5.371944824588816,5.148234477872461,-0.5002769472977956,0.9447560783099899,0.45845924378767444,-0.4004053841729387,1.5851744156780738,0.4129365854997886,1.894850992039635,2.9772006025419167,3.2188957701025678,3.247333078257734,4.33247654378373,6.150990227722428,3.487648236426846,3.707621612092489,3.4921240114489605,2.980661597941871,3.0395727531284993,1.253277355270451,-0.8652638105915837,-1.3723213032429515,-1.5029858855842193,-1.6621249201917385
3.0200100093317825,5.086771564754773,3.1235011043857246,3.8833333509364985,-0.9380019891036979,-0.23817512512322983,5.357099051812354,3.7901616115148067,0.8282308027788976,6.655462382833594,5.856517245352794,4.77428739807988,2.4401072151707304,-0.8496831968446519,2.594767487979002,0.7317655381004298,1.631831627720298,2.338468541703153,0.9236869331604465,2.66243664012938,2.8958032668393723,5.3111985054307835,4.236925881241415,4.202804681281508,3.1443466371952153,4.521960344803256,4.312873289683781,3.442947922648861,3.581159362211983,0.32462834184961764,-0.7964512883028897,-0.5891183790378762,-0.31685848102765324,-0.9381109515978651
2.8300276118720897,3.4459397570371046,4.3534009837417615,4.360996289649946,-1.085462025026854,-0.9082282198614539,0.15792114796204737,3.7445111226652843,5.137852419880654,5.033584946031508,5.3552134705372225,4.6981859322887125,3.5210729680259187,2.82296016130455,-1.3686903773073162,1.7304370177592079,-0.10400162638796312,1.1082862064680097,0.2775025766955923,2.1090020237337304,1.7896695838904209,2.6312449407935,2.960635582659548,3.8515284632273,3.045967237539147,3.730676261185023,2.8837652595790813,3.0013222827590718,2.44177967130364,-0.4834027345080238,-1.2686724621899959,-1.3566375086496547,-0.9609914204634571,-2.1916151819021454
3.8843391892268286,3.7577872087936792,3.5195600908572375,4.406986762023216,0.2545524725641616,-2.8639922802589854,-0.18022920343698606,-0.020391444486817113,3.0509895536599276,3.2631572242690416,4.579363371762853,7.1254852952155066,1.1040811123425445,0.4649939563388428,-0.7814672902556212,0.26173105650503736,0.8838646882059991,1.9055233678020493,2.453153923222908,1.8663003819247501,1.942596401409408,1.1986045276045174,3.1274873627843407,4.671988260188149,3.4025917958048986,4.662214767611037,2.6339742436991536,2.7614704929096545,0.7600946413822601,-1.751308483149796,-1.1660174958025367,-2.252832571047232,-1.0802818279979542,-2.6555481016072076
3.3921412199962937,2.9943340439110595,2.3307335747752167,3.7751193423988023,-0.6227492067506197,-1.405996321980452,-2.6169534728713515,1.631464283865975,2.6805821724991414,1.300936330660547,2.684590917833992,2.9591151175735506,0.30697424887617175,2.4109358856462944,2.137980819341059,0.09533303215223839,1.275983562429499,1.1017233948320528,0.9535864638405557,1.590867981951189,2.459893431530844,1.0819001709381406,2.8171370625743553,1.8786738829525058,2.3038005213145825,2.577292001592275,2.536654706798114,1.53329485451204,-1.331215397826509,-3.322637155437606,-1.7614729663530546,-2.5111171795021123,-1.5675509331811324,-2.6446078174226364
2.152172216511422,2.647815624557291,3.641645456340693,3.030292920179999,0.6223530981192097,-3.3720747166397955,-0.8042686207415884,-0.743213336768176,3.866060768384592,3.1185746080581995,1.4319987932801428,0.01817099221512146,1.5388954462650766,0.4492206560249096,0.6467184213790077,-0.34071966368549655,-0.14017519089995273,-0.3468583984606784,0.42396841386796313,1.2649161998595233,1.7294971766031464,1.0734800548764862,1.9638470706358921,2.7312604636325455,3.8254388647404896,2.116025896393722,2.308922769277734,0.47644419597937887,-1.6801236702449265,-2.923324049080936,-1.6853190336255781,-3.1750807147521263,-2.174196233087769,-3.0717548226067635
1.54480654414418,2.5019773425677543,3.956130489443801,1.2318687066005756,0.6925270996799732,-4.0798969503931195,-2.405396744597807,-0.057317442873085336,3.246005324009398,3.957401184177124,-0.9951388493056484,2.23856786732495,1.903460828920873,1.2870412532724407,0.7261016030567525,0.47155250112579894,-0.12824854285150925,-0.7788379462245012,0.6631268426923618,1.3166963236073082,0.6826508768110413,1.012061438557524,1.8640786120252326,1.2558962212975762,2.8402785527580416,3.3505922736570524,1.6848033070162085,-0.06034717450983791,-2.084700167104619,-1.7379624686247845,-2.818876078610683,-2.0486917327828893,-2.574207843682054,-3.524579849802096
1.8797970271583804,1.9355406200741463,1.906312834454814,3.675203793050367,1.0112513826937,0.23931845330890072,-0.909092692658561,0.4686963445781696,3.659067046337328,0.6143566240511178,0.8252871993381978,2.100204920800082,-0.2650893962263703,0.7324282749203214,2.3070337023213963,2.8315860304633245,0.7333050404199248,0.3305834370490318,0.5826067521270538,0.4130117501218472,0.4999143941921562,-1.3741761471524483,0.9627523560922409,2.177669629088748,2.3211284008509248,2.1253647600720513,0.5269023882041796,-1.157349612021302,-2.2035635516788856,-2.3841955172850935,-3.5973801082162504,-3.539664302179501,-3.0079271299362755,-3.112753890262254
