script/wind10m.json
{"header": {"parameterCategory": 2, "parameterNumber": 2, "lo1": 6.000027932988019, "la1": 58.9999434238085, "dx": 0.5, "dy": 0.25, "nx": 22, "ny": 24, "refTime": "2024-05-30T20:00:00.000Z"}, "data":
[rows 0 to 23 of 24, columns 0 to 21 of 22]
-0.38964514163163994,-1.0201981305329202,-1.4995137209271812,0.32022120886886074,0.2098956535624575,0.5163546444044135,0.34899432661786456,-0.24795363938071158,-0.7799262325175675,-1.095040951921326,-0.5027309195107181,-1.8076637005718597,-1.618931810604944,0.021516603304157576,2.0447182094411644,-0.4486631624456523,-0.2881595406417701,-1.80695055169127,-1.4471294067165648,-1.3859385100244357,-0.8558117931726045,-1.479061841358109
-0.5740346671651554,-0.05797653247788681,-0.41844599392115644,0.1792195692699258,-1.4583688691722723,-0.14066458765313844,-0.4599294990035395,-2.992919515988178,-3.3863278394240024,-2.737989423503426,-0.6733659046455853,-0.8273909077212791,-0.8509236306103738,-0.31550640841457367,0.2723632852124455,3.768742608071445,-1.269338533763276,-2.377499001553144,-2.099323050308767,-2.1322062042646013,-1.2704453134924594,-1.1721325368547952
0.16628850830802933,0.8166127569825624,0.00918329926092537,-1.0587459916834248,-0.9791363659043746,-0.6200423315640571,-2.493947366984843,-3.762161901576729,-3.0970739820672053,-2.793115396227087,-0.981815664123423,-1.189409113770358,-1.846319580150104,-2.487878468598477,-0.9193000725277126,0.20471052685400598,0.22093781370576557,-3.2940384656665778,-2.3008672009123616,-3.4141841257595607,-1.7125437194039053,-2.5424926006580857
1.722712311199081,0.462914877547162,0.12970297265172342,-0.2752126051085738,-0.5197004211015729,-4.238656828729913,-3.460874988707347,-3.0487577717732597,-1.6592023048758204,-1.476154447443327,-3.712482767875997,-1.2295965825232775,-2.170602866553872,-0.844532504943091,-0.5268440616650776,-0.9764925672639941,-0.2515483669008172,-3.8763007368580444,-1.5336626660160018,-2.190637583254875,-1.5282027423296172,-1.8308506474128272
-1.6266508187325828,-3.9456158847815543,-1.5358287575704088,-1.3337141970737219,-4.21449538770662,-4.959854522276052,-4.2033159633855925,-3.0408236239438593,-1.318760383668857,-0.5622777296481547,-2.4184047617805153,-1.6298976049292309,-1.795294445796618,-1.9103587447684773,-1.4043924361303848,0.616593351217841,0.7643967567120218,-2.2210379199831976,-1.8343809101662776,-1.7526604898984124,-1.6275513814756286,-1.9085596974207524
-5.179989458741306,-4.088140039992565,-5.9814291493498715,-4.96370198826899,-4.713874460238119,-4.9405422100842475,-5.077472595660248,-4.502968546004051,-2.495098027056994,-1.3320445490881574,-1.741355356497078,-3.409537099083164,-2.4175295622443844,-1.8033487192835373,-2.1766056633679964,-1.3332254962088397,0.283703694510075,-1.31267621355365,-1.7619207407152686,-1.526376031951379,-1.8046293902162693,-0.824501963111501
-3.944143869057604,-5.436745355872621,-5.13049762256518,-4.561702326139986,-4.308787382485325,-5.465075754548225,-5.106909850221149,-6.2031354712049405,-1.9363212752086552,-1.3782448791318176,-2.061220638055305,-1.2642849045859241,-1.1993615679992837,-0.5996140389146395,-0.6134401431149357,-1.5530998956666238,0.25412630592612956,-1.884439943444062,-1.5110219908872102,-1.528593893664098,-1.5156306540819007,0.568027526066516
-3.1782901987529195,-3.5474403392372573,-1.2637731778226242,-1.3274673719707704,-2.5448743990895113,-2.9067718948913455,-2.9797696969507483,-2.6083252906283603,-1.922426066929728,-0.15969332075105985,-0.7732613517964289,-2.3162973599602266,-0.004356103590052326,-0.24217021216295812,-0.9613745550014592,-1.1278698414037058,-0.9609431195052341,-1.9379036129418952,-1.1144142550477563,-1.3511359153466034,-1.3369042531444608,1.0696966729800144
-4.798234200445778,-3.1558290310198243,-0.9884283825939564,-1.077510210062481,-0.6324018075632925,-1.3414924204046026,-1.675182755374083,-2.675969051145045,-1.589020299996938,-2.1350912249511063,-3.0308998733949037,-2.3575920035272655,-0.6572334812919146,-0.738140799978804,-1.4281610406806986,-0.7922675524467585,-2.347885347353593,-1.8372319455873547,-1.1396417818483622,-1.567182277550215,-1.8614037870207165,-0.7819707536914589
-5.448950781716938,-3.4982593738716377,-2.7969893670705805,-0.6915998718996751,-2.8252774915365992,-1.8040474263600366,-1.767387558664368,-1.1040190725295873,-1.7271645616828444,-1.963919434763475,-2.076278106842075,-2.4531435777203434,-2.1809592604137604,-1.503774273072396,-1.112705407668882,-1.1887403449897342,-0.425684040359762,-1.8753658977608028,-1.3435070928590467,-1.3228676604188205,-1.3799336120201018,-0.16638522544474652
-4.339972793363583,-5.157313033993964,-2.859890133639517,-1.9390536450503821,-1.8996642826529055,-0.2532133326405419,-1.1040600689951119,-1.0191782421756328,-1.7546033179236873,-1.5146023520945717,-3.0781432360886063,-3.644552673120845,-3.119380908677946,-1.9139114404416242,-0.6885707717640372,-0.33219340658963975,-0.772249057147358,-1.7715461350776267,-1.300813044694364,-1.8083775998587934,-1.0734359326926808,-0.6408169837110991
-3.3531935357907847,-3.320391997778702,-3.2491429926115436,-2.2354531685472,-1.4323288254274749,-0.7750841166560009,-1.0574653785631887,-2.1631534792194698,-1.6617519971164536,-1.6338756621315007,-3.7938696202643807,-4.962601908817411,-3.1114223770727274,-2.1932779547087855,-1.5542145779761454,-1.5913451417964584,-0.4414385461180708,-0.8060033999531028,-1.2837179876160605,-2.1270390930597487,-0.4495570145304733,0.14151495097689767
-3.7638334954539348,-2.080178775488622,-2.4381517438861136,-0.6265762336305493,-0.10212690676722712,-0.9069207630494077,-0.9035840824105122,-1.8935280378372483,-2.3372476495306,-3.7022563845397403,-5.596889034442237,0.6989500443038426,-1.5017476873696622,-1.4094207556814886,-1.974277565743311,-2.062733484073041,-1.426540985228435,-4.1188344061640585,-5.128225130484712,-5.864023915136951,-3.736346973467938,0.1382344946039652
-3.0067336352372807,-2.383345073636767,-1.6456564366924575,-0.721758208006028,0.2561639995102782,-0.0936466963624262,0.30524217865989034,-2.045064960677999,-3.5237094537765543,-2.3362128240317332,-5.887117515178296,-2.145365225679413,-1.1132754643506617,-1.45892089862644,-1.956939382104579,-2.928229375133191,-1.4158657985175913,-5.466559306751714,-4.908400125291263,-7.622517260260465,-3.871373073982141,-1.060716428416639
-1.7790850619571328,-1.647716844354166,-0.7496709824990271,-0.2193091343526185,0.5253111514589861,0.2923218729984935,-1.2289915857519231,-2.160621948941409,-1.9088550430217597,-1.6619280130594614,-0.45605655938175427,-2.271381281396362,-1.1343775895764046,-1.1812025350274513,-0.7142859870022147,-2.9419279817652417,-2.2790913726883755,-6.864368548101175,-5.371999245643683,-5.958222715337758,-4.572411500672158,-1.2654699066066588
-1.064033169925851,-1.3986090968970066,-0.8729549816718577,0.07336447141992401,1.6878399401926656,0.652110784053894,0.6417213901212014,-0.8792592519447937,-0.6486979680579904,-1.455448285221272,-1.7890604265971812,-1.1325188304953433,0.10770860145860169,-2.267171785741962,-3.614829552982166,-5.195995194758735,-5.5083417508307155,-6.302223146040581,-6.724408427847005,-5.232754097682476,-5.2776793510033215,-2.4747182794662748
-0.8184546630561024,-0.3040266404568758,-0.3981159319567327,0.2738654511734674,2.6313923942670896,0.46251270138814427,0.24572431980153575,-0.03943553188931682,-0.3712053750571244,-1.6448400518570407,-3.7681022569377927,-2.9286537835775572,-1.3920451996882945,-1.7621895414400586,-5.804543094875151,-2.5437814072932734,-3.556751291920609,-5.087082221714277,-4.3273237304208,-5.5962180595892335,-5.709016076615183,-5.104830137893135
-0.4006615446056086,1.0554453674054336,0.6960179238196275,0.8019215820286392,1.8536266132754888,0.33620580775256437,-0.6498338237757495,-1.0064651289196491,0.01413697163825483,-0.9040104072354604,-1.7520305580441569,-1.9486894851180832,-0.5945551483421114,-5.0736827110933165,-0.31652455773803184,-2.63851214121886,-4.178491623031266,-7.387396617094079,-5.817079200247684,-4.570988777005367,-6.61094152195931,-4.168720546269675
-0.005392602623012372,1.6996776938974405,2.5073831042228063,0.811938587959411,2.4578246215179718,2.7770694544957797,0.8400366285360562,-1.1653905465612142,0.14044462066045663,-2.5395510318287773,-2.1545748270839424,-2.7401626320291057,-2.0686938652202462,-4.671335426694728,-0.13718631603590548,-0.45547453309214125,-5.601538880037359,-6.39407932716973,-5.739958078788679,-4.890699788673555,-2.962132998224218,-2.1428512369539137
1.3108752235584886,2.329208064486181,1.8085689075107618,1.7706339308258938,2.703769096173267,2.5644708426123164,1.266344672824172,-1.5068171230806742,0.4175043715239813,-0.7127230880808653,-2.5943240377541774,-3.558484639660071,-2.833393211201337,-1.3832888077703598,-1.698439844440614,0.24999085222252562,-4.3964387328480425,-5.469513526910106,-5.301180594899245,-5.663137090572698,-2.46211363691832,-1.7581433773344555
2.0975161172046284,2.7839729973041654,1.0936412474388617,2.786160418902813,3.197507251632515,2.0388171408718163,0.895515591263289,-1.749904896874773,-0.5943962547012804,-0.10551814858029705,-2.922502131888154,-1.7879435019718424,-0.3976941623631704,-2.242793853428893,-2.4736862100349826,0.03210727492362689,-0.8236240418864246,-0.6724847472709135,-1.874674474923616,-2.275824758846692,-2.0613816001704266,-1.9101480693721944
2.1442663226758936,2.978002462796986,2.116723444684856,2.2834344557271145,2.623701966446719,0.8390976698368444,1.1281222040920216,-1.1459032292337752,-1.4090896344663586,-0.32070664628946166,-1.081430273721794,-0.36754769425416467,0.32703475232878576,-1.2539344956793415,-2.154570098255012,-1.9435119071855165,-1.928461877388576,-3.0371515267000064,-1.983546198171217,-2.728540058997007,-2.8607621577623563,-1.799431990833378
2.937967220811141,1.1507148840567356,1.879045654783193,0.9527516719855204,0.712060246096901,0.4072140106731756,1.8509235163125006,0.2072980919497118,-1.9764134529897226,-1.165927955225097,-1.286603794376258,-0.664131885293948,0.2764282206767548,-0.6961197490134017,-0.3872355636918822,-2.3672385853662457,-1.2701047018948461,-1.3114049636462286,-2.392110588387926,-2.65714311531687,-2.6473986746613267,-2.1813117920105176
0.7078449563274276,-0.782509036679714,2.8651053610082924,0.5615422441567808,1.0060386577627982,0.8960373232554257,0.55186285019932,-0.9026895444025892,0.7135109859935668,-0.5863350305345911,-0.5132894198051837,-0.6719478184634694,-1.6452551883274762,-0.3221378317219697,1.0547000074039419,-0.053504596914873165,-2.1293052193250293,-1.5438657040036916,-2.1457326731332405,-2.28402809018065,-2.496692923638878,-2.8849529331615957
