script/wind250m.json
{"header": {"parameterCategory": 2, "parameterNumber": 2, "lo1": 3.000054539987559, "la1": 64.9999836372058, "dx": 0.5, "dy": 0.25, "nx": 34, "ny": 52, "refTime": "2025-11-20T19:00:00.000Z"}, "data":
[rows 0 to 23 of 52, columns 0 to 33 of 34]
2.1684467387982886,1.8047781135917125,1.3622612041070576,0.8706273588599299,0.813598952015334,0.8714118007821228,1.0166086299799544,0.764275599008152,-0.7778656577426073,0.646508624965427,2.603753956443427,1.5249034506208459,-3.7490015918980184,-4.329447101485184,-5.778278812528801,-2.9742526953442447,-1.0724905201017343,-1.1739254012881313,-0.5753572120134096,0.910175148807229,-1.0187478458220154,0.30626533027584274,1.482754895599257,-0.025962031893042498,0.24529762987230225,1.0575343491118308,0.7291393313746313,0.13804605979548906,1.0386683216159,1.4522977900784884,1.8343327062005308,1.534723764103738,0.429179811155394,0.564024574982808
2.2373165208931507,1.8606736973895648,1.2926311617292392,0.7281057205995134,0.7663459618253419,1.0561874808686254,0.814758567569619,1.1469289185570344,0.21179706194371148,1.9258013251879984,3.0134717018537107,2.469269094699662,-2.320926766767092,0.791730024010512,-3.1550242425541244,-2.3940822010582687,-3.088382254654684,-2.3029423517246137,-0.969663458485675,-0.04860020843284634,-1.1662521821813085,-0.43936597393713434,0.10919944488072653,-0.19895397062222897,0.7469791691730971,0.49613123549503235,0.1955256178256818,0.17789187447960475,0.23025595664265153,0.02276891813213614,0.41802072688409714,0.5942399706656023,0.7027052751857545,0.5586448007015662
2.2360103007741867,1.893218390831282,1.2950298128154427,0.6712514604885208,1.051132595508196,-0.3052840943868957,0.2230668580762815,5.037255641727059,-0.3334346460483631,1.7141600694001806,1.8440265551639397,2.263104543882114,2.0098504364282346,1.4743198099444574,0.12897270760029333,1.0609245277428137,-1.4980372837161957,-3.8547260600671382,-4.1154148809969175,-2.217079051925806,0.20057911625989694,-0.5408602794358182,-1.0765167675041083,-0.6264682915209693,-0.340047720186119,-0.12686798932472398,0.17704592203463337,-0.23362984825348332,0.5717412428409456,1.8114586950276457,-1.6147692999878998,0.23976217035869618,-0.2593970624187832,-0.8366137527393374
1.9128763147078154,1.6628446953728526,1.4457048163474946,0.993037611323862,0.28260167689564436,-1.0026824677555055,0.9226863464159835,-0.6513711237271177,0.33663219558971824,1.332051102710935,1.6090650210755233,1.981598354667426,2.1145348559372095,1.2654082166253238,0.6980959541168257,2.772975820763009,-1.6139363757532217,-0.2521863886225873,-0.1316968032362594,0.2928171660438009,0.9367056992300916,0.1971338770035274,0.20568926470329166,-0.007326298955526505,1.1619172951769394,-0.6178709016509499,0.06477449454495558,-1.586554910352955,0.6144187910297638,-0.5405872098616981,-2.7536297141314328,-1.2880112746658936,-0.8632580778615812,-1.327213945617489
1.6085382023872945,1.2884905873283932,1.5037271565412005,1.4819313800060243,-2.5350590393428694,-0.24773999994497373,3.565752072241043,0.7677692950656958,1.0952581935007115,0.7656453098516852,1.0830426703267346,1.4264516218457262,3.7527327100767716,0.6007028479366457,-0.33595261349984873,0.526868433848065,1.1001191414499079,-1.1655687497578207,-1.2413837797762044,2.1318724555775037,2.26438321195559,1.464771396516123,0.5047890656677937,0.43795943089643125,-1.0097136142088712,-0.19767461577260528,-0.7881729903299962,-0.7885876267746529,-0.9949539963843879,-2.4088543136094156,-2.6842762183154663,-4.676802163127604,-1.3757258508896086,-1.7740000684098505
1.0096258512133545,0.9620129285148277,1.8557085738519339,1.5587504312405838,-1.0010694272306184,-0.9432396078421171,-0.033248959631554345,3.0778332901868106,1.0350890846608947,0.05639990140465919,1.1730827928286993,0.5421619831299291,2.4366234210046156,-3.540393250107706,0.5591415069050977,0.7009876562782194,-1.003209133103232,-0.004428072723567827,0.9586615706919538,-0.5311848415942351,1.0756142856603519,0.05846456336407276,0.5072138582209997,0.7346246225691839,-2.269166136994931,-0.9084892667552517,-1.4951657803846885,-0.6373105280952996,-2.581106638625441,-3.2581443396447156,-4.419186114732299,-2.9023095915665977,-1.9622941534849783,-1.0157473873517164
0.39779335904775054,-0.8855992653107948,0.5676068093948217,0.9745572426769511,-0.09136768065692108,0.40709144805084346,-0.4858251114601831,2.376566616839281,6.235789334387212,-0.9674656618185571,-0.760883958472783,-0.7390835413049202,4.429097343155076,-0.1901637858960117,3.1859444921785265,0.22244405354033459,-0.8063181267273032,0.7233720391915998,2.1917654631823917,1.5278109663413835,1.597856120785183,0.18837765118647168,-0.014837189677028927,-0.12606612628417077,-0.8810977765500039,-0.4419467299123003,-0.3549135918182688,0.09609642412665527,-2.0365891766931887,-3.6760737614486056,-3.9966231604716147,-4.178399971915021,-4.2156857434778034,-1.0203577371827508
0.3446642306054707,-0.11880422524085371,-0.31623727866909745,-0.4859257846385577,-2.241521183986525,1.4703114379481543,-0.7079332366682927,3.3645269076736373,3.9640461457206513,0.9507712006825421,4.016288828964628,2.0604333719602823,4.688950009984543,6.164437582842413,8.113282376884607,7.15193805042546,0.20377061629238025,1.4617020875736186,2.365965718916153,2.0132921885231494,3.140683783608432,0.5745976951475008,-1.9398003433798918,-0.743480081003005,-1.5165799665522406,-0.8033081161001719,-1.4419708133611848,-2.6628034702618466,-1.480795442786777,-2.920811723895903,-4.608653024509041,-0.45093293168048193,-3.7690855955695026,-2.4175068723215207
-0.6569714879257719,-0.207511502941951,1.5836760435741661,0.68804845150279,0.7825737193724726,1.0146264015254307,2.279776199199291,1.5556258696660579,4.75147310118927,6.681267528336069,3.9763859984861076,3.2624277494947482,7.1637038884679995,9.231047828683963,9.108555405249719,8.025991355596267,6.03921482380652,4.289622798996099,1.782600308417139,3.1756580595247574,2.461298641469163,1.1667743165557534,0.6122906639453789,0.44034389829700676,-0.4620118471104903,0.10691720685808424,-1.625201148150268,0.49108766439036916,1.1189844371018427,1.3238326345528775,-3.248670880664967,-1.6992953546682177,-2.5939438389199565,-3.268921544913487
1.2281113277105413,1.0137870376840932,0.24964812934194097,0.600129473128502,1.204220714324507,-0.2157759115427084,2.998892013639871,2.890058619262664,3.810422122027828,3.9802837833611036,0.06395784749126579,0.1576372525957308,6.91947591679388,9.368119187716644,5.563787113456158,7.218565781074257,7.294968817553463,5.3942937793386445,2.1918722474801613,3.342347386629164,0.002926692639933741,-1.3836451836696002,-1.5122716855831881,0.5033949091290241,-0.3449840814895059,-1.3920970713189311,-1.175211531687264,-2.783279564635933,-2.880601339642782,-3.479109382299238,1.8224635139148786,-1.2497901275227838,-2.956365537416367,-4.1374756049203505
-1.691027367139034,1.0232811195628357,-0.4218840787430186,-1.12134752068586,4.116916888649772,2.6527895202316962,1.5341731968932646,-0.3494064890373539,4.3938364542132495,1.8045080183596993,3.13662239012684,2.1652381614668474,3.3645317776102783,8.261053024521772,6.4116065447070305,7.9447887926521075,3.841097208874818,3.4169522529477954,2.56263011191618,2.2119628096231976,0.48236870853530167,0.24528174013776283,-2.672658046007974,0.2562341755036525,-0.6837906088932825,0.5345675714023544,2.285824942835194,-2.286864797838715,0.9357372554056315,-1.089529225880184,-2.2022720939861005,-1.2212424757912135,-3.071958321765947,-6.006849656568797
-1.1787552660318485,-0.9133698123555509,-0.28525548484533403,1.8327722719014072,2.050231793336516,-0.4872553643146862,0.7516749583809971,-0.337403737628414,-1.384523451619825,2.064401204871544,3.119280088065304,3.532248318909871,2.925166552883755,4.1507113672217395,6.672511060739095,3.048297532781274,3.7451126653031785,2.0473971312665893,1.9087851787015881,0.6851198188391545,1.6291888701735915,-0.4998231511466571,-1.472910456661459,-1.3082861761432811,0.37893238899172166,-0.7848233722248351,-1.8230786298511243,-1.1235418704388507,2.880913788533352,2.9889233077114086,-0.28036424094387136,-1.2123680242672141,-3.4460777606611193,-5.614783940016703
-0.3829846060834338,-0.604751619417433,0.22480718755606935,1.0038777815911406,1.4441103197753256,-0.6349318211357609,-0.29003027096708667,-0.74973334300767,-0.16035038639411853,2.362505567540697,1.8602859835745953,1.459640429360549,4.833131905996251,4.718550082509428,4.719468083162725,6.40791157934134,3.3244144767834363,3.120797984317319,0.9652172937665414,-0.08123463937869795,0.6188601094953876,-1.4775313923344373,-1.3140688145391681,-0.9659589668845112,1.0104709495605466,0.5614397022148339,0.7371010947823143,-2.25323716778134,1.762138780274976,1.273716447638531,1.0803486849936932,-1.5157949783446274,-4.345512968215997,-4.545427849020022
-0.13367055183652013,-1.0536023230979248,-0.3551960278662007,-1.299427055920901,-3.5045326623926325,-2.2051054530134366,-2.432485638270596,-0.8081726959377099,0.6123612090043126,-2.143279929261549,-0.04879985079314466,2.0064298078485843,5.004079561759977,4.973448866620924,2.8021489212456467,5.5363545353836185,3.0032382815935055,0.03959515628397306,-0.7083266001405908,1.1235352603037942,2.1209403746348756,-3.5848934043548444,-1.8611360531709875,-1.7000266017701302,2.3205737513967533,-0.07355844155064546,3.2560865048463117,3.0009295291978737,2.8929871616847627,1.9221921775006356,0.5477215594199667,-3.83824869286191,-3.6992429629640187,-2.9286858931908593
-0.2586960232387086,-1.455612030579528,-1.5340898225881152,-2.0566434638938422,-2.332759389911914,-2.7226822903556838,-3.475790353635572,0.08205824368328223,-0.010548509927334148,-1.9056197695178119,-0.4166294154713163,-0.3638737008448338,2.134645928816701,3.2602872174773934,6.564072939316245,0.34717846956664744,2.3363731301033845,0.3291968794977521,-0.835201421626837,-0.266549884303249,-0.5850390497111456,-3.0586850968169252,-3.407288011108735,-2.1696506828960906,1.6215620971252243,-1.313282959442971,-0.8832454913522367,2.3709679655717717,2.171662244655608,2.049415841646561,-0.7831695547513754,-3.5111560953859358,-2.618628688556743,-1.8527368814117884
-1.578240166953851,-2.406814714960335,-1.7602152564402462,-2.499695546889281,-2.446598770777385,-3.382548446881712,-2.5577217437312765,0.31277423707359103,-0.6894966928602291,-0.01451329205522497,1.8871331848836348,-2.0239975757850392,-1.9602467374816361,2.019460532181469,4.987429740513273,-1.5263257913511603,0.07469361980437876,-0.054508139190264586,-0.9197980888309235,-1.4949044661725053,-3.277552140039015,-2.6783705440206527,-0.0643881674026218,-1.0808004970552187,0.45329636565317394,-1.2141055151751512,-1.058246104919054,4.190833250879062,2.5372439647852416,1.7822489187306354,-1.5430320853315866,-3.5144523417438793,-2.214701466454984,-1.751521966558178
-2.170658129329155,-2.2042282488375564,-2.286427427787759,-2.6212271260588573,-1.7815066133869093,-2.7527193258739535,-3.480365463804953,-1.7036881286858765,0.17136553725402043,-0.9288904527002139,1.3100826262078253,0.2694669301493521,1.958750566980302,1.6524582471936151,2.116566522268804,3.7806950909222055,-2.4811431514047144,-0.3519872247382808,-1.953756627761913,-2.759843453070703,-2.767191058203621,-2.989687541967142,-3.195088588489313,0.6949634413234127,-2.7219646803977993,-0.5002367020599379,-2.9247444565345675,-1.9791686764839909,2.955839111152976,1.2519359824365122,-1.5132297299285222,-2.807185129804191,-2.9132038530108186,-0.9680921201293081
-3.3607592522795895,-2.9434386918632627,-2.915270030993756,-3.045570772312454,-3.3200594183092886,-3.469923408233965,-4.357924702238442,-2.8237752512055962,-5.282814870883937,-1.5404474482268729,0.7955550550907583,0.6866410493925383,1.8180388678826434,1.143713051244299,0.17008233413177934,0.08538808255585868,1.4150423944286612,1.4312568558108782,-4.231023013110883,-5.195876408906975,-5.2091434324811186,-2.1977373500326514,-1.2719996566344298,-4.120196886940746,0.08413896032986991,-2.1415446414367345,-1.2431521336134945,0.5240872359242243,1.7608625875028938,1.2491567625385862,-3.287535581370146,-3.458887575622067,-2.037619911499826,-0.7081185924121507
-2.1570626074521013,-3.148104368704849,-4.419504622363744,-2.614621898065322,-0.9586491622605292,-3.4519128787424447,-4.4776401274696545,-1.5956568593780578,0.5098355514205299,-3.452734108048277,0.8053537908608029,1.9301499728756402,0.7955168095449081,-0.21605138690414108,4.068937114612551,-2.162464410666044,-0.7106763781160353,0.2416974473830066,0.6800906354022763,-3.838283590953795,-4.407922984630843,-7.323969139238334,-4.505464314051952,-2.13749325322742,-0.09059897561374858,0.8101877673540868,-2.60348943241122,0.09706637648794678,0.6509091110214121,1.764581203520539,-3.2705586215182105,-3.2225459896792343,-1.0852027656353327,-1.9692686856088262
-1.2825423001790623,-1.437252860926434,-3.044297778129396,-2.0864710962571373,-1.3279786824306328,-2.822113779789985,-2.6270631525455514,-4.162722552639701,-3.3767799253767334,-1.5149752960176222,-0.8781568343077035,0.8078529329608987,3.4319259742788963,0.7634358191246282,0.21068537739162502,-0.6789547710176076,-0.5809266075165995,-3.8063117591275466,-0.30002868941490285,-2.3713989861734324,-3.766525538523075,-4.902996084264105,-7.176388905802389,-1.042604163556757,0.3053795409082102,0.2932183923866754,2.084245043371902,-1.2084065192835654,-0.29546976406536823,1.5268754679833665,1.4512927735761232,-0.5642177908137298,-2.0499109411707552,-0.6126137528846229
-0.5732916656838771,-1.1102476095002267,-3.0021461423180558,-2.4502437132090353,-1.4219780668403603,0.17295056325796257,-0.2579457538837814,0.39325624094328804,-5.278073278197167,-2.6244555858326843,-2.094502937332061,-1.2086727557745853,-2.8041223104491664,0.11533306691588538,0.4744002122597408,-3.500700936936355,-1.8095972481561193,-2.522534189106545,-3.8736818352891946,-4.309122007876153,-5.523285799050939,-3.845599077151389,-4.725267515385495,-2.7197274902354405,-1.2211947746686582,-0.6192039780266547,0.7173259105651327,0.21743042103068275,-0.6231669615043951,1.2125721800244849,0.8971726379012213,0.3597338433044556,-1.052516626302693,-1.4459735947614503
1.7375202555442675,0.16185020604018774,-1.068570577225766,-2.060470491628367,0.40827296366632354,-0.6307746991079601,-1.4961632135442609,-3.0555017380034495,-4.538593354659357,-0.5026560405133514,-2.318191126649062,-3.256713040988289,2.26281491837996,1.3581137258630454,1.3415357703743478,-1.053233981951525,-3.271747713652621,-3.6196346306951495,-4.210231701647383,-3.9164218553164525,-5.165207057105368,-4.361276126599084,-5.83070597703071,-2.584262989511134,-2.096033237372775,-1.6079614255957124,-0.17553841364532913,-0.0385419882329681,-0.6354557679033149,0.2402132174890818,0.5973995233871144,0.062144883788107876,-0.8518469120027637,-2.118570856023094
-0.541829911296368,0.29103098431905694,-0.026908431783419257,-0.5811845797114381,0.0018213550861693776,0.14702072065490432,-1.449510554432525,-2.9871908513000887,-3.9781126011010928,-5.587080770643462,1.5195258509686054,-4.547104741231674,-0.08309976672843568,-3.7104500408965646,-2.6100124421844924,-1.0433580481708082,-4.2452314251836345,-5.628613775910821,-6.285455459871975,-4.783446591185885,-2.4569079811105614,-2.3628797822430676,-4.710955840172515,-5.4892587737109935,-1.1147754399012657,-1.2730160376108608,-1.2412216618834246,-1.5236876935593977,-0.7515701675156503,-0.9927908464538558,0.5521908580180837,-1.8878148667684898,-2.268376533419623,-4.184863678506677
1.037246706178419,1.6977117415051772,-1.0242013459939994,0.13785411690046076,-0.5792050673323789,-0.07478663063573657,-0.626829004525394,-1.2834318229215955,-2.67462656444706,1.2257616425887896,-2.092403153400147,2.572500797016647,-0.6996507440645724,-0.41389811584589076,-4.3116977275053445,-1.7000512517398758,-3.407116447793218,-7.089299310037159,-4.516807308964042,-3.785087056614028,-1.5406934115172741,-3.4140379308706215,-3.7029115819992313,-3.3058200527863333,-2.864999706659739,-0.844405622613048,-2.1053451960610707,-1.1127050935245573,-0.80605882673152,-0.11156212708342268,-0.5200775554068614,-1.7045433815993156,-2.2026709475728774,-6.034007813989881
