script/wind150m.json
{"header": {"parameterCategory": 2, "parameterNumber": 3, "lo1": 3.000054539987559, "la1": 64.9999836372058, "dx": 0.5, "dy": 0.25, "nx": 34, "ny": 52, "refTime": "2025-11-29T17:00:00.000Z"}, "data":
[rows 25 to 49 of 52, columns 0 to 33 of 34]
-0.7822074573299761,-0.5134356589002459,-0.63415581732547,-1.3920320727080386,-2.5641585345678215,-3.118802116514606,-2.3563337850509294,-3.597705905171273,-4.278860569054699,-1.1520200669297342,-3.3989168085210495,0.2655855510613445,-0.8198188007248952,0.9096013720518948,0.5601665964004079,1.0576186448577871,1.8662664781638367,4.021501156179252,5.213184963382571,5.372630410873559,8.763984203322806,8.855086951322114,5.575141669754484,4.499401665387216,6.904175935405049,4.774711412533321,5.7319188922271485,7.195067271021097,9.532416686949267,10.626975313543296,12.543191425651676,12.017192829498436,11.502498848977329,11.068302798452248
-1.6780225920294325,-2.2061921922932526,-3.0922607160739126,-3.3308474410987703,-4.591186179605274,-5.071607353855348,-4.771550317886557,-5.31470482835219,-5.079191748972317,-4.241411116664729,-2.7059022417594774,-1.9078705922284989,-0.17921207017928545,-0.6584570372057305,-0.11698212657934756,0.23560911399216547,3.6954693632150932,5.6148275041507025,5.133393819955735,7.634194952248105,8.1573265301388,8.627715159407652,5.846217878301827,5.7228912197240644,6.767967632888804,6.908148345025333,8.340611257937374,7.978082893441928,9.724124110168015,13.30815870056988,11.440595171697007,10.68285746970816,9.967692743449602,9.387577792541132
-4.065196654249033,-3.633785968528063,-4.333679046366316,-4.480160957848382,-3.9242125946698807,-4.332849034208319,-4.697313535163822,-4.66684499258679,-1.075047424050501,-0.5146373042255923,-0.34777712212444967,-0.4238470015468469,-0.7445739123203875,-0.10249020980093217,0.2932998198821397,1.5845505338015242,4.068926995119765,8.424914869481174,6.296993789922035,5.975420559870318,7.347854756838216,5.725515629964337,6.459292947097352,7.163041802921439,5.939448818370642,5.846104301979715,6.974667920218154,9.445208646515528,10.803908017965853,12.11309410524632,11.559734320016448,9.9299114037272,9.646295574848178,8.782275712578809
-4.684194571982125,-5.12309300934499,-4.611600333442778,-4.6277683725020475,-4.47467070130199,-3.5926148644665856,-3.7108007713765363,-1.9243900714428412,-1.0745083347293924,-1.3519178432513024,-0.8769944100758178,-0.24791158544381367,0.36754345445446185,1.0116268690019319,0.7584322788403179,4.1489287382816515,11.716059465137748,12.420960171745108,7.926823124598642,7.569730626037192,6.641319049825065,5.864986022425005,5.168289751626066,4.894286159921819,5.104675729468415,4.5635582090718385,8.528899020918473,10.245223644978136,11.636062533961583,12.090352347122554,10.285327978676348,10.006799762582103,8.562729725536602,8.547236561094044
-5.598458882412482,-5.653728978044368,-5.188847793338166,-4.274315284948547,-3.7188710977565047,-3.1756821118681873,-3.2554841757995794,-3.3338922387600096,-2.6275826585341866,-0.6581936309225057,0.16015062527216392,0.6274142426964527,0.8334431025584872,7.422092201291227,10.81741822679515,9.741481781732723,12.992773143683564,13.600373907027231,10.297825306077975,7.414944086216237,7.210850531816023,6.437757193641066,5.2315543405123375,5.556083500842115,5.840728814342823,6.115684801903818,9.33577145417953,9.53884099216902,11.006514475866405,10.510864391875458,9.587774378612366,7.088873966713853,7.401882841306408,9.113872602855821
-6.989210116984041,-5.9993721168132215,-5.194799299140466,-4.310161712439844,-3.4106789062527745,-2.805417198704308,-1.36594907831238,-0.8680822887384332,-0.07816641344771938,0.7112078925372571,4.1732017625905655,8.925171675276344,9.015357201827678,9.027932160256492,9.662871115685805,8.0103337371542,11.286378564460385,12.172312608752701,8.889002029284157,6.414579543494442,6.085014653371398,5.843085857488123,5.325188331185939,5.149665040422037,5.233010875947919,5.212463958720288,9.52157968147084,10.337659821593888,11.012532571152594,8.956681416634776,7.713092147319892,6.775029037561345,8.358874550749965,10.14130499769709
-7.203828611150645,-5.995510929112781,-4.16064144697888,-1.568603320937512,-1.0480055606503587,-1.1810724030660564,2.8085356693466594,2.6000253966075975,4.3422365716709646,4.807760578972368,2.953143376273669,3.3600698171022203,5.061184387294903,6.125807948453358,6.229645577279206,11.106305752966225,11.050740629113928,11.986290970405316,12.40397371079844,6.967690821747857,5.88966358520908,5.168725154529714,5.618139618161386,5.293607948674713,7.225786026204357,6.746460729418087,10.113587503201106,9.726885083605316,7.045236891560114,6.794725332607284,8.717795025964426,6.941907128690902,8.506790366636677,9.949586054971853
-6.6195804676614,-4.1912636380898896,-0.2788929086195874,3.604673026510915,5.1900369411342195,3.5060976355720945,0.009601818169773964,1.430184670530646,2.1194500290038603,3.017819880631673,2.818813871509904,3.8299302313235093,2.2442930424459098,7.531419772932,9.677373192060578,13.430592272804814,13.490425287966918,13.137606573996418,12.813388279111846,8.791620954173803,5.803726529424809,5.192450167954332,5.304327579230456,5.486854891909105,6.817044627361694,7.599825940283475,8.81525078734645,8.43378827789707,7.674162258471358,8.508025576505444,8.359034234338228,7.6090240755552285,9.71649631729848,8.33676438784288
-5.642549927494749,3.285721582575883,2.2116800264128185,1.5515847226933603,0.5193895550333916,0.9260808297142741,2.2151773529577174,2.245052276089898,0.8422503084361824,-0.4427472758794694,7.966383025347008,9.612548540908874,11.391528744288873,9.238526224846252,8.624428210831756,13.78622267380442,13.146584067155912,11.100233439105587,11.051708191936596,11.432116288168926,6.927187949463031,5.17541912019078,4.919132026250249,6.001781024057559,6.397600184129581,5.913844302633455,7.03078464647023,7.918801565501648,8.699808432201692,8.198667308986925,7.2649130524176115,7.9368673905349345,8.069584959500231,6.357514743243328
1.2380214307274537,-0.6979609354121634,-1.945675556526494,-2.546252461128972,-0.9545634332615717,-1.6917679533295793,0.022565623359371397,1.373123809019961,12.940000496109809,12.772276663327773,14.28730891461774,9.727685450337578,10.064939474543504,8.991686260575412,9.542863929745971,11.123633092087646,12.99154167591012,12.268531324113694,11.199634879436317,10.023719522905523,6.664772934182737,5.447340753059393,5.345293377966241,5.913819165449599,4.589210380361179,5.517869590795785,6.2402915743836465,7.540747543758416,7.016484672063758,7.384122308065553,7.101913577833375,6.312927124389169,5.356735815170538,6.202925937540397
-5.954197654714598,-4.276481669106666,-2.711299077914035,-2.4055249004876207,-1.0243344068078852,3.4566835774726927,12.812688963836738,12.24820838936895,12.353141298204221,11.492976271856225,13.795689667685199,9.323933856548768,9.64760117561048,8.430976735732425,10.148800410073317,10.95911045500007,12.060456172334202,11.35706501474289,11.397444261694387,7.4753725290901425,6.322582797029885,5.603968862778094,4.240355937903921,4.454277914192633,4.9874645188893405,4.757657213630641,5.903110191828232,7.364578115967952,7.335238766048522,5.558648228296706,6.455842022414098,5.426370261977631,7.39025723252874,7.86454817376764
-4.455810971060979,-4.292806940207214,-2.9797582912368274,14.59571300721411,13.72123041556626,13.620530749189637,12.473571964698225,12.169218152935416,11.341638784260295,12.797176447614873,13.576724274442237,8.410628161407331,8.43479860520838,9.259922051214659,9.863160875933955,11.75195308027059,10.842250518023954,9.719085900646418,8.40428048623534,6.676291799659725,8.115188053617592,5.074548702097484,5.154765234895896,4.950829608380812,5.289483578446931,5.442571391752469,7.266480633286562,6.000134918215946,6.391073929928389,4.968974255991394,5.889544602568314,7.652719341364666,7.903274486685058,7.142007808355804
-5.421747762716447,-2.2734307742457784,5.304525085135692,15.11541276635859,15.037989219050043,13.849654602174407,13.786205002824753,12.324037819785463,11.681832329466141,12.676779276575063,13.285897544198887,10.401837762603144,9.628158383624719,6.791755173166116,11.028480057657697,10.648166912833217,10.001921793724291,8.252386535671087,6.391380679942267,5.19334337891464,6.95260873329448,5.901638382083295,5.21326835537169,4.709808090801292,5.756341098749225,6.157766117168169,5.5923930694921715,6.908587305804567,5.869010164404313,4.480788911778791,7.775123024317848,8.202677645526027,6.978380308151662,6.710873746299687
3.113230102472553,10.490667561384688,13.894174808190067,15.552879331582066,15.980741752659616,14.35662130097658,14.634435975013298,12.979182417723399,12.390032583233296,12.709153282092037,13.661984605938063,12.320547508958542,10.067654861383682,7.0053524806689325,9.72774278006586,8.423397840602867,10.785998633480958,7.830258966335709,7.86471438198552,6.105801677829511,5.215549155991468,4.437970260262559,4.946539260900985,5.772240310870862,6.011211937139713,5.50772947967083,6.118184943424136,5.594155539050956,5.487148588260443,7.26114841493859,6.184209775568317,6.8122189488214975,6.785646516254457,6.74978949595586
15.629320826968563,15.802730649668371,14.358611070915462,17.035281204312316,15.99375421894443,14.56013282614003,14.28324745045235,13.034335481691768,12.803360519879696,12.576160477454563,14.490047932355875,13.49816143133171,9.332517484911909,7.872305758063401,9.96054970312428,11.545057510345423,11.68900514336918,9.782855985540436,7.984481082636234,7.104612729665388,6.155717661770706,4.816794635553922,6.79037488955061,6.283998521661026,4.52170074375258,4.728530118078723,5.547080876898679,7.564749315008885,5.786316912159218,5.869211772968429,6.065722134665557,5.939436921263946,6.993339620991952,7.2080195386645425
17.140937280482778,16.819420172689785,17.347900054538492,16.525302765800983,16.162022304873425,15.760917992627581,14.069728840373248,13.046100727099555,13.585398895945808,12.689451224681456,16.479647533734244,14.82400383063831,10.163041372357187,9.474182983254616,9.0896292349689,12.203875593225387,10.963990506148956,8.553024669479374,8.546165048579056,9.634160158687378,9.000027649979682,8.691935437910919,8.468983130353374,7.0995994019433155,6.491971449081147,5.696484448953038,7.403750444163943,7.587136299757931,6.836921500882858,6.422064975554929,5.425940766160751,5.839986130342448,6.601957165333222,7.518335559980145
16.715824553682435,16.69066018080741,16.95207113880055,16.528169110940215,15.477855053002887,15.85024613181911,14.431682653475177,13.130383499737478,14.513183237721682,14.465205549386368,14.267518876759532,12.74594448393682,9.84339640368393,10.003484173170138,11.062951606456622,11.914720982203935,11.099686819785092,9.45674343836705,8.437697022994032,7.842051276329866,8.09253233205964,6.414288868468708,7.901631551995568,8.677979186051074,7.7999491003250885,8.037971316371353,8.257437715841807,7.536007185885578,7.520878041098046,7.50047101315994,6.306294020678673,3.9544968561383693,6.803527606406358,6.655407719848344
16.18372246239309,17.462559551301563,16.93821148818735,16.307647477201154,16.363074203805354,15.993926980601467,14.476642642670056,13.056241258721194,15.14501393925528,14.419870222829033,13.638473708718568,14.212512120478147,10.944782593743076,9.633133704784377,10.448187847521723,9.90805668480839,9.811236148250371,9.571469468610635,10.309571103782632,8.562198098407318,9.296518635726924,9.194631138320236,9.793034894577735,7.200748713339009,7.5956923284457,7.99264772435434,7.892542675891018,7.660063342395349,6.365393014584554,5.671344135853183,3.1200255153588694,2.577457504537097,6.791826860741919,7.02654943455421
14.398421838063358,17.800013181172712,16.637701684584098,15.964510312186096,16.300182436127702,16.41446582351999,14.720139303322467,13.928408242015145,14.726490651447936,14.775263403959226,14.292556286280448,13.888044202626675,11.737576669752153,9.648362133596342,9.582194616189405,9.11192471673863,8.760585478200591,10.451440226833217,9.62197566024221,8.417253551457836,7.98433282280429,9.18125541133444,8.588028049219707,7.299040874186922,6.015066691432663,7.669990507919329,7.717076617584814,5.889733364190441,5.680429285873051,4.754603504451933,4.227758742534805,3.3746681208682654,6.818329736748311,7.82833076051239
11.59429061054487,17.54150828059423,16.48619584085798,15.941408913027217,14.121476450094098,15.461505588730851,13.989324881620776,13.352943100548865,13.651066115080901,13.938573720609572,14.373871235253178,12.831627163049887,10.733011379710746,9.516607818366044,8.736391809141356,8.659220701160464,9.98657897056777,9.865706994938256,8.382545716572892,9.946242696466081,7.588264212027031,8.457702623766195,7.719846169080938,7.379821005886174,5.802001405686984,6.7107242671942195,5.7472285310933895,5.902162793527675,4.318818608762247,3.5535089237921307,2.705981687010771,4.733834208096223,6.4834106562104585,7.643013202226207
14.68602153363946,17.70489058303421,16.87420792371802,15.614134397830496,13.565222109883612,14.648923918769135,12.080081561133332,12.472930040067354,13.830162965024838,12.694622978232948,12.375054332096557,11.201611152427652,9.276187783510686,9.6245598552157,8.63999434111547,9.63947661918948,9.652542897975215,9.69749654033867,9.836178849905117,9.37690299413832,8.451367061889579,7.23330276738444,6.134996815479741,7.601980758226994,6.335109215085985,5.312775863231339,3.0260993775460197,4.098855673357807,3.8071820744867955,3.56526210618455,3.6870958258082807,5.146868254910194,7.1214265906514065,5.999403349018891
15.10143359781091,18.355117156797967,17.22561893994488,15.511029649292626,12.843064541852408,14.14745459530685,11.242678594273434,11.884467678640496,11.474021141813479,10.464458998024842,10.845406665431915,11.047366883867339,9.34988379863382,9.591196734337986,7.945912002671781,9.300573272360582,9.517326710964326,9.3669788529545,11.418121269702366,8.920654768294952,7.36168494513763,7.893312314731624,6.821795947881388,5.575836259782135,6.167230802943798,5.420601872687373,2.599640473310101,3.353663071532349,3.295208599337196,3.6704440054260656,4.352686330105171,5.68056205311091,6.45264443420863,6.280705357585317
12.805554096996207,18.237578800951784,17.150021228345118,16.211435059589483,13.144950152361437,11.41760578433319,8.73590766692207,9.211681732030813,10.20803277820248,10.52561205678437,10.093801758321964,10.469296962874765,10.70140615252799,9.364539430530359,8.698260718029326,7.713653315192396,8.638039136745506,9.097146197682486,10.565949631618775,8.76076930003349,8.050718190139108,6.897008664295262,6.803351770140603,4.478464170411814,5.459990333329793,3.976496877845406,3.6823248497573546,3.411056626346176,3.0209832053703503,3.5239651664762506,4.465157302439341,5.969759929649634,7.255863676406344,6.74427513321232
13.037885912229633,18.31801667612252,17.92435518785196,15.449785184124984,11.78721125413739,11.701626696707011,9.208274821542155,9.867825236710024,9.946498101846512,10.408441470755458,10.675909827943524,10.856365176367964,10.939068088780424,9.14132919566075,8.51774190531796,7.430358586431805,8.3195142158252,7.955933853086245,9.099074251492581,8.545107523218325,7.894897799870312,6.743257215172621,5.671702791669419,5.2998742565818935,4.794152854236726,4.70351862359898,3.5369875104380024,3.0843345586694153,2.516710157133954,5.043456111660659,5.436764222008279,5.104140925725729,6.515445052969954,5.258473376199388
18.2611314158645,18.468946212563104,17.450881082776533,13.80775868326043,11.363968776398403,12.70469279698749,9.144074031425752,8.82114083886959,10.250322405859718,10.04431988252292,10.436577735534708,10.200499690822515,9.182075787781159,8.698945927778718,8.056775174526065,8.569749476153454,8.435522595261677,7.671415943175065,9.250631617097367,7.616622020760686,7.627675249926966,6.143240584925474,5.154688168361793,4.327722148910785,3.512506189203118,3.0826364337143577,3.7045342992714927,3.289326487921398,4.00630040804679,5.436477918720833,6.757823768481416,6.681048128167861,5.065682551570891,4.619698342942209
