script/wind100m.json
{"header": {"parameterCategory": 2, "parameterNumber": 3, "lo1": 6.000198445256149, "la1": 58.999992894266676, "dx": 0.5, "dy": 0.25, "nx": 22, "ny": 24, "refTime": "2024-04-19T07:00:00.000Z"}, "data":
[rows 0 to 23 of 24, columns 0 to 21 of 22]
1.5428709049980671,-0.18684412651932192,4.926648554400891,-5.015022902319024,-5.572034580922787,3.2916701567400217,-4.655867642353458,-1.751052649943945,6.144482879761204,0.8615897486920341,-1.009162082265626,2.2815865232820727,-1.5624016231294076,2.9520429848698106,-2.1432263133415734,-1.757051917522186,-1.7640632331350146,0.5021412141875319,7.8449717804368495,2.1790193377019698,7.882313498810499,5.989884028983244
2.5356947553239397,-0.3765503001537355,-1.490094657907301,10.414054502445065,-1.7269274890031887,-5.317362610274076,-5.298023086296188,-0.8867411160927152,-8.498558987572604,-3.5340489264248625,3.141317666262464,-2.608714608070782,-2.3675727666649973,2.692912808220057,-1.2335829926303006,-3.5902033874022794,0.43587216310200066,1.4617051016343097,-2.832841383486603,-1.8202055431521809,-0.8888499446486152,4.628006619930511
-2.456027914440743,-1.5295057223030453,-11.253717240801105,7.966687549584886,7.267876761068042,2.8454379990114393,4.356721695698092,-1.9264906689573693,3.085922565783667,3.184186350748202,1.6821921424910102,-3.1292415136370444,3.579750191092203,0.3705033450672364,1.4597282873113482,-1.3123350478992577,8.595553478148526,-1.1400694921055858,-0.8483097016712953,-2.3434126625655325,9.2432467726882,3.467336461324819
-2.7498155816709815,-1.1359438064898884,3.438443441285112,1.7996599032450733,-1.9139364066481588,-0.5925323449579688,6.318960380473061,-0.91508684250526,2.499609265446616,-1.2312020408453679,0.009684915989766342,-4.0632876862330765,-8.83996359105477,-3.2346963149053796,6.654074793844762,0.3881387806627285,-3.3020850672336124,-1.4672081816872886,3.8191000543052374,4.2351660214156865,3.2438967573805937,-1.3728711222085288
-2.8106839868313016,0.7790562707846326,-0.7645318996281035,-0.47787723480070476,-3.0978312704975215,2.9665015988722607,-1.7697403206789803,4.0886145107196,1.3028926581493516,4.06902113531128,9.678655505033595,-2.481238464933562,-3.927244197293229,0.8438549463843976,3.0630061858649236,-8.982948836812174,3.0489861842609995,1.5575084324576023,6.5052653027927745,-2.2071059725905875,-5.914816020113443,0.9046795558204271
-2.5740067543292304,0.6419894763394869,-12.72588398692579,-0.9572235719928536,2.3191343896999173,-3.086255168794692,3.871821431146301,-2.1991433768036277,0.05014047521914201,0.9549691333379948,-0.3685536929716351,-1.5672253747088507,-1.5593246355170465,1.4058157595767742,3.0866456580311556,-2.7987206676568106,-2.3073598089604777,-2.846176838762458,2.488025393477846,2.3992411611870494,-3.0886580552892346,-0.8832650001737427
-1.1505882395982427,-1.7087437654149111,2.8769046259062976,-4.001932437221225,11.189295398989042,-0.3995858976459728,-0.7859249876233184,-1.907738367818786,7.537672938577984,2.552334292792225,-1.0541918240638826,5.363404032567165,5.263124725771986,8.144226416685466,3.4787639751057022,2.708752648560199,-2.96079489325923,5.268173797957508,-3.627991229863008,4.961904357503892,-0.07734532960192883,9.227040294220549
-1.1829444723943074,-1.4744749311229344,1.9839625068917073,-1.2621268051622405,-3.793214379266423,-0.9806693194866081,-8.800940324823983,2.5588826493464234,1.3349441847132026,-0.3053386515344811,2.5136708648063806,6.883549188345865,-4.168420027993337,-0.31811618324203217,0.530834004570412,-0.4456415610718109,-0.631718484741052,7.610796047199585,-9.181245297012072,-2.909290732392375,-11.440801131191035,2.000582102434715
-1.9844770630162274,-1.929868593266674,-2.7128365677491306,-6.123634764838689,-1.6536883942540597,1.3440503585622177,2.9113742395562503,-2.7549304834679256,-1.9583513819764782,-0.6006938199806378,-1.91884720151713,-1.7309568767996544,1.6656797391584128,8.232495929721319,-2.058300196138437,-0.4205399944393709,-1.4582027740086763,7.649990191320933,1.9800784780504042,3.129162515315323,2.8995949132991967,-0.05165968386209104
-2.548921113265795,-8.888207094725516,-10.9687650320645,2.2472935363984594,-1.9807381503526413,3.0306060581357808,-0.17930028724123864,8.860325941523508,-1.3885512203267818,-4.85440969889305,7.554485543792749,-1.7340039597386425,-1.4468709823575794,4.973516356445163,-6.948516885696825,-8.683119226474826,1.8970340039034461,-1.5673984029729,3.9609000786119584,-0.0028762901239853685,-0.7343841992882172,3.034407042680731
4.172968580784141,7.628705992619333,6.041007637230488,-0.04863952594352946,0.17020479512974993,-1.0960017624175673,-7.594847724945926,-2.6240253333810535,6.1233562967696695,-1.2273150043602332,-0.6369503483097629,4.6528806264532285,-1.6344802970426349,-2.7066205757231145,-0.5661782773197424,1.2608253671385454,-10.202259106818254,-0.8405069057933909,-0.6320451668867597,1.8891501359281748,-0.6500178466797536,2.23800997545637
-1.85684511180563,3.4583707673620045,-0.08928735208904068,9.794580353693888,-7.586679672322133,1.7125823350313998,3.8857474782559005,4.8753473043832996,-1.1551169266651282,-2.451121324670111,-2.4012964161029973,-1.0259084367269418,4.266198210314774,1.6106675400673316,-1.658530017971523,0.7662642177472406,3.309822232806182,2.8975737649693287,5.720712864827981,0.061761960060851176,-2.9173840305062577,-4.6430325291213395
-1.7829431503809794,-11.977046979718393,-2.532292921575438,5.963244236506125,-4.436301384554132,1.0994775049861913,-1.8672773202438737,6.070915677010105,0.34020722987936564,-1.828438370334915,8.055235330596016,-1.8428110463122847,6.357055633814425,4.79534904337988,-0.12112766821165448,1.962888570989133,1.5390979159929132,2.4646521195429747,4.683512210064149,3.645465132279274,-11.611303209064538,0.2317149083424151
-1.535752973850383,-1.1285019586744058,0.7572961052883385,4.434038758692678,5.585902079946821,-4.119927437275084,-7.146579593781089,3.122928080352721,-1.9279686431409737,3.567205975740648,0.7895925900198266,4.597159737915063,-3.8432403704159555,6.856752055984754,-0.13910051242703186,-9.254722764661953,-0.10145590035025043,2.4149473543785396,3.988896287627095,4.264858796258844,-4.106731492260815,2.435021831339883
0.06574033797933078,-0.5227428738589659,-4.800140307164495,-0.4877487740032954,-2.2459576752042056,-2.542266930634801,5.2384463827481085,8.441308222702522,-8.646759772553178,-0.10196649292506638,-2.3830782701808757,2.2085768777064767,-1.8529777722574103,10.449718778619673,-0.6623265403472587,2.9188849147571005,5.412006407395267,1.5846129927303632,-2.8194320313695433,-2.3974851477812766,-2.5635168746711,-4.565248042936165
-1.471398630926747,-13.97221126082192,8.352133039869566,-0.07684278496230033,2.0566890498270274,-1.9604652649405205,-1.430766902969111,-1.396490778608528,-1.9214757260333217,3.648176318474685,-9.666506315507101,-1.666098164723145,3.9227226317750636,-0.280637115499337,-1.2830711471142533,-11.944857353632994,-1.3482837913031112,-1.0932162164376562,-8.861185087985085,1.5169333799248566,-0.5213553614105982,9.485974436955214
0.14243290702377678,-0.591310540623977,-5.467365143281725,-0.07370378915476196,4.931623141838051,8.250196848854833,6.809203087521721,8.26943073192679,-5.789141405301968,2.903287447703504,-0.7542290873343972,-1.8600346408098152,-5.232509171110561,-10.996248219808079,2.2072589278666217,0.21632956804976464,4.48334574132445,-0.8981069703781658,-1.314334343794795,3.6436054656498804,-2.59508624096177,-1.13406475505645
-0.6637546340099493,0.08645715442926845,7.121582355312263,-10.970422170746403,3.528737507257659,-2.635411816906934,2.8988122295582714,-1.966071729233424,-1.4209752334348589,-1.5033931747590437,7.624214480961947,5.694934754532677,3.8556970273683824,2.638045392967884,2.776124911194849,4.846313955624721,4.0146083623345294,-0.49912714962611515,7.521824815050416,-2.652109977606811,1.8749329645498343,4.536771724793708
0.3245903314363445,-5.8628698455929085,-0.14850049669335552,-0.6757442806813885,0.5280847220348868,-2.7639452447906274,2.598895829885949,-5.521978026357383,3.7166821103927696,7.3648725823755745,3.16571559133485,-6.09526392500131,0.02706677465489781,-1.6827439485347968,0.8211866671863898,2.094056564153831,-1.6612149824984006,10.45093773098895,-1.8495057149786083,-11.408133958542061,-3.1922880520413575,-0.9990408720204391
-2.813119315172918,9.017573576299178,-3.0139427481880876,-3.1781739682639434,-2.280469607572367,0.5743628732199538,10.396325058049644,-3.616910201312258,-1.9043330344286813,-2.543934828885443,-3.2029544052317247,-1.1049182633341972,-1.4070892977458005,-1.6283846081578652,4.396853041645992,-0.8015439593227632,-0.9827505120103094,3.5870439881034155,-13.04980244838333,-2.645565829463464,-2.1699792814495247,1.650184548819157
-2.4693135419916734,-2.990436563745729,-2.7723472931644655,-2.798416416828364,0.05067433731512373,0.3772653284405304,5.1084290189524575,-0.8406009724881437,-3.875749296662339,3.2696142094268352,6.630571859509727,1.9058580438502664,8.144392233630015,7.182234131773864,-2.1984126969051556,0.3395236558326551,-0.9508321839625296,-1.4883684438004359,-1.9538394315774132,-0.9061835184962052,-5.386824991351227,-2.042954449995834
-1.8367126748599472,0.7903166062927283,-2.016432605678159,1.8935814610041024,3.8238908359832635,-2.099396336158948,2.949878615777085,-3.4466482430158547,-2.606804230162915,-2.329706641407038,8.010070674884604,4.961979183039481,7.338442238444218,3.044496077325366,0.8814697569901633,-1.8582971703315447,3.3217234096694392,-2.948125031694593,-2.9083507687632486,0.7337223317622016,5.162483695690961,-7.022011378951514
-2.146222782981271,-1.7574291488438027,-1.152678597062361,-0.3149930145434171,2.264718615781617,-0.4519510974424483,5.936006336125183,-0.9328381191885752,8.793912381442688,2.2239350449296187,1.5696334477353862,2.696554738184616,0.628342348794586,7.656823046154473,1.4773035888261723,-5.2680317869993685,-9.659906456312516,-1.0678864621084103,-1.6271614825784058,6.494763097348764,-0.12452287876247506,-0.35063027136361163
-0.986042545181557,7.050892115040204,3.3537895449006165,3.6239578305967677,-2.3430007973823415,-3.0924970185304077,-1.5719328877000163,3.3705529979221387,-1.8563111220800415,1.7906295200490245,-2.0976783988926178,-1.2299404349535383,-0.19827034397176946,-3.1223512623766436,-0.9460924151814754,4.069251946478388,-4.989023431900436,0.6364506147934783,-13.694124088628808,-0.6327054035849308,3.879931256658909,5.603167312769778
