script/wind250m.json
{"header": {"parameterCategory": 2, "parameterNumber": 2, "lo1": 3.000054539987559, "la1": 64.9999836372058, "dx": 0.5, "dy": 0.25, "nx": 34, "ny": 52, "refTime": "2026-04-11T04:00:00.000Z"}, "data":
[rows 0 to 23 of 52, columns 0 to 33 of 34]
-5.445253940237057,-6.0160297860153324,-1.41063147143623,1.5676204360977224,1.0951055910631482,1.2965500466229807,0.9717407837368461,0.43206621631029424,-0.8310446982287559,-0.20072503233047712,-0.2933971795549387,-1.221609571994416,-1.9709795709966302,-2.527900477445605,-2.618681933479508,-4.077749598517947,-5.5139652509964066,-5.2245509835064805,-5.203765568545586,-1.5405887997893248,-3.4659069359082735,-1.293050653921392,-3.6679427027794143,2.105152952653989,1.8492981813829752,1.6476354135558133,2.2926920183681365,3.8325351055383745,4.239180342379141,4.791322537383291,4.250310258124367,3.36695700610147,4.790934218171683,6.451398924495579
0.03867480073959883,-0.7813254602228787,-0.3917326817107401,0.08531862392649132,0.8392442405622806,1.54586955304505,1.9863769697211173,1.4962131410805106,-0.6766789121047362,-0.7672099457232591,-0.9515163452718222,-1.784848181451768,-2.699360247410179,-1.6461487251299136,-2.01152428354106,-4.015003097206519,-6.310895688687468,-5.631343243041654,-4.9575992192444645,-3.5976421739175803,-5.422511991124609,-2.7849107503742787,-1.8704756856873717,-1.421763465371667,-1.2084668047768095,-0.9352527260137459,1.8827014420803994,0.8366761221037635,3.334490115806838,5.4253073299707735,5.59154368961864,5.377393435274254,5.393289674215502,6.2470370438087715
-2.7157979346196646,-1.6576015724261601,-1.0337997600313378,-0.9093067019264613,0.5050682050521349,1.7362509143251097,0.6435255483778878,0.5735510694306839,-1.1170760556495671,-1.8394936265476454,-1.8564871545938204,-2.170008459864009,-2.5396498442106386,-0.8263002526810173,-2.0122385045981015,-4.298404171958396,-3.8377647366830994,-5.6190285675287575,-4.863366281350842,-4.325709161461082,-4.251852137788019,-3.4224865111623175,-3.7406099001567465,-1.080765507579709,0.7800003513412291,-0.7473455040289066,0.42184366532591705,3.275412783464399,3.6149198559286395,4.99279106692589,5.683546856398593,5.710432041740601,4.299444716140745,4.164507154914531
-2.8637643467835496,-2.6145454627889304,-1.658175720906842,-1.4368070553677668,-0.6702333066964674,-3.228730686719097,-3.7918280927910235,-2.8444909192767662,-3.4462505223436968,-3.7504142375340006,-3.037384689358385,-2.988222429723213,-2.4704503989433566,-0.5489511945626082,-2.6039348507911844,-2.8577931777434618,-4.275581671588337,-2.932887181846793,-3.4920006117315516,-3.9539116677992436,-1.4912662623637312,-2.843466884908303,-1.4228001073202594,1.2168094082763323,-0.14248782598283527,0.3163497842295332,1.5550639083662023,1.5730298644608998,3.5001924009937455,3.681236522861636,3.6886280382793473,4.9188637279945535,3.2137800263498297,2.9449710091302173
-2.972961811952742,-2.6625904764110713,-2.3360805574700816,-2.0872083974646043,-4.4144744590689164,-5.8685174742292,-6.6228370547161965,-5.4550608662340325,-6.594852659299427,-6.089407242079198,-4.66502132647845,-4.332862822520508,-1.9760782884937311,-0.5613487595001204,-5.040093109096151,-1.9268444796982693,-1.4784972011437463,-2.8070979888332563,-4.185832827684035,-1.671670128181002,-0.5059064578973949,-0.5800170808724028,-0.5018935835184957,0.3996870583234963,1.5384257433446487,1.5499948278458375,2.0894158533896436,0.2773024322468806,2.7587303512397545,3.1966335613995014,2.369363574858566,2.654516891976504,2.421554630250729,1.9607346208707521
-4.1906013723963875,-3.3966993080881798,-3.27739217938773,-4.188735853000502,-4.805067259210068,-7.360968049112402,-8.63597178171993,-8.10308410377601,-8.617342974847565,-7.898450853939114,-6.890133168295495,-4.37784217667055,-1.2043484251126697,-1.6572143739896794,-4.084909701095995,-3.250182726231002,-0.8510788979280876,-1.3117121416595974,-0.28378085326100044,-3.7480756599569283,-4.31417921314754,-2.6983899414319343,0.2748551995140461,0.3382436149392121,0.8979756058920494,0.6798521054177016,0.7231461931115366,-0.3128663852516659,0.6377276325429645,1.581204376702211,1.7145277689705487,1.0153697625719926,0.8456459265179003,1.171050044542804
-4.853452401973235,-4.258021679486174,-4.898349522197926,-5.5238310910744355,-5.668741441939444,-7.127046452747724,-7.520479736592646,-5.943949372902473,-3.677516998707105,-4.808148506769507,-3.877375919628558,0.3331030446894459,-0.5282101896741892,0.26611517788463596,-1.8302138444929894,0.6204958261489598,-1.3295010270626124,-2.459178423878864,0.7378196315556151,-2.249688328852283,-1.235522550447669,-2.207306799554551,-1.1778629594114682,0.6197219854538253,1.3604930346089483,0.9703306449218242,1.3429979278263617,-0.2566907944813939,0.31313763237995784,1.204101325773227,-0.03543312954935678,-0.11299669043931006,0.152052543264503,0.4261806600076223
-5.160301780485679,-4.783088746374599,-5.48233322420072,-6.515512355213899,-5.934146651680243,-4.620777249140118,-4.4305014337149125,-2.8052324746676955,-1.061478664315638,-1.2338961661134131,-0.8345011090777456,-2.518349196626148,-0.20175559615417302,-0.41334527987185593,-1.0377065503186664,-1.5991762758467354,-2.821274258099177,0.9487830539504083,0.05626012991011248,0.26303862523100247,-0.29587885440796696,-0.660751591138994,-0.010093899827869736,0.4722857035225018,0.09224543720193541,-0.27704841069815067,-1.0900932816815014,1.0708321559826863,-1.2047764342539664,-1.0115233615305055,0.9926113066185106,-0.3747412586499807,-0.7123805286074274,-1.2289085342412427
-5.387275688502204,-4.659698892848197,-5.3137916781763295,-5.057873343620738,-5.234918718568496,-3.772440593318007,-2.493071767579225,-2.6773787116276084,-0.9880834045553196,-0.886248235691451,-2.9709489307323413,-0.8922073161071719,3.3991346455912232,-0.22130493295554443,-0.493713918680905,-2.7446031510894437,-2.395159743068978,0.5943919701339646,-1.9423442491864833,-1.0326075008404434,-1.1627473288713654,0.7705034556839184,1.51371934158439,0.21495975651095664,-0.22707713145707414,-0.6724122780614424,-1.4507852473919094,-1.956507182026981,0.006794677622208946,-1.5719535419539237,-1.372041327150103,-0.6965600745644447,-1.2906369185946205,-1.1808803510283707
-6.001360197092163,-4.7236077695013465,-4.769698612982036,-3.4548437686914775,-1.9406017628380536,-2.3285576510808195,-2.105341183457969,-2.4099757080350033,-3.1904191479162836,-1.9674166757831995,-2.9151079313094455,-0.7466991744641552,-0.28243701826133827,2.893018076492381,-2.5287862533841516,0.7791989226267274,-0.7448674100237872,-1.6629443522837157,-1.438967124254684,-0.5489590624449547,0.26820249347997777,-0.3465129016766243,-0.4343371015755207,0.3180026088408303,-0.620296943216402,-1.4498962543682434,-1.6182644722802584,-1.238068910987561,-1.418563661470689,-1.130594413235081,-1.75007478325057,-0.8587112462505185,-1.7955257320797091,-1.4384924590838906
-6.121583895349905,-5.313325257420819,-4.515886917928449,-2.6937440484933624,-1.168855404592519,-2.319217861024106,-2.142919899466469,-3.322135906969235,-0.5785250526190973,-0.4402852212640497,-3.2710980616996834,-6.538428928743696,-0.3387939168571608,3.376407098337344,1.5404662665256978,-2.0413157194113696,0.4237776749267558,-0.8036561708321033,-1.1469752956208716,-0.7424709657194449,-0.4018681311903735,-1.0583019723967955,-1.3420128979541952,-0.9382165342208111,-0.8068385677301053,-1.2320907360325526,-2.0475351152687153,-1.8481068759944694,-2.5568263493681416,-2.424250986483201,-2.333922886182934,-2.3631914802319014,-1.710773602515577,-0.03812075949460677
-5.96819168915149,-5.41644572248302,-4.4567656948003265,-2.837929808896493,-1.7481316671955716,-2.7560495820349287,-2.8935264319690526,-3.9804737891030904,-0.6555095507706273,-7.2374508215973075,-5.525944919879258,-3.09856141694314,-4.663305787774807,-1.284901948062015,-0.6176398477968715,-1.1868653036274466,-1.203962711694839,0.007358282783631659,0.30348288653684885,-0.8519472379061496,-1.065261826672365,-0.7280881032799523,-0.8536155245068865,-0.9697268502112381,-0.25491786933118893,-1.3609420974083812,-2.0087011151904033,-2.2245444781249013,-3.1404114877289833,-1.7795037107752327,-2.3662269424112163,-2.5882691964192563,-1.4795900160149473,0.3225347934125978
-5.682968880879216,-5.057629919926561,-4.343220224836227,-3.1499489084339225,-2.739653085022827,-4.421181838118528,-3.314024685272585,-4.006135880157272,-7.359899680569925,-7.096570815154075,-5.66324465028315,-4.739260209420812,-2.610455270406402,-0.7153698000678833,-1.1029643123370927,-0.30938921713897033,-1.8317808917607203,-1.6464569377497016,-1.1464848969864925,-2.1149576302371296,-1.1742680089858661,0.0334714439075233,-0.5946896806996346,-0.3228249703076539,-0.4343798197185352,-0.6365737929115317,-0.5169037313896122,-2.5371995790171997,-3.3842832724466927,-1.4064032742114774,-1.5860483715763651,-2.3453300730806386,-1.5561219922629006,-0.9301803364296888
-5.340952048339895,-4.577554236211778,-3.9778874539406455,-2.6098783767974014,-3.8384373367641924,-4.763414149367368,-3.178571393724093,-4.618053842687533,-9.544520812415394,-3.821057774288264,-3.2422358369804964,-3.865695277111676,-2.7541575725993366,-4.066511561383804,-1.513611573005002,-1.7736725004822786,-1.5248865597068686,-2.2642910992066425,-1.1438579694945306,-1.9058183485905336,-2.870752393075708,-0.8499977541805639,-1.5756106826053438,-0.3537787635970607,1.5037547668760478,0.7455810132718964,-1.4556776649154861,-3.548693291172937,-3.2129994247464317,-2.265159771603615,-1.5003645089422324,-2.090033463918924,-1.6614341189039192,-2.3907756735992374
-5.627107792549406,-5.031976013240977,-4.175490393920123,-3.8605397846465745,-3.9485222993370304,-6.944854609130276,-3.7520586096721034,-9.339628334834252,-4.654560434208613,-2.274704294897198,-6.33217662403805,-3.3157056862429535,-2.545751260458314,-3.2060759490418977,-4.266063066056715,-1.8670864209724294,-1.440387357290927,-2.349942810345971,-2.8106476771604307,-2.4666284650805443,-2.4036906297383407,-2.615682833873908,-1.2682276887041648,-0.07505016979975238,-0.09951879867841798,-0.6004772273272265,-1.8043797790971958,-4.070900376353937,-3.2922927973629945,-1.7504749986538657,-1.6838977239002908,-2.302659779825928,-2.169868011121442,-2.4095294468319666
-5.873975050165626,-5.285802932762247,-4.538827490518047,-3.752755724461941,-2.7678644095537344,-6.75637583513757,-7.419579755800165,-0.82981449423607,-3.8793028257776427,-6.1038802138884884,-7.776225570188751,-6.0451518846926025,-3.5959577325299694,-3.0756345363224593,-3.8953569552185794,-2.9562296468570843,-2.171729955601389,-2.4118003180441994,-3.1524799707989732,-4.214795260386197,-2.961881760467697,-2.580601816583922,-2.0536215498480916,-1.3590516197723643,-1.43296563574588,-1.5846460972674736,-3.6871745457464176,-4.2530084229509395,-3.8105099716524715,-2.765394702399031,-2.2743932127857986,-2.820224136845465,-3.5183106831546755,-1.9944314404076038
-5.63288273469807,-6.40104549415312,-4.8730830187997825,-3.3713917819519197,-1.714408627600449,-3.7872326005683123,-7.777235547886762,-8.445700400677326,-5.685918797556426,-8.08305911895743,-9.030344175599435,-4.3326683893916105,-3.8943762057606226,-3.600059757943303,-4.254144019776034,-2.475169360701896,-1.9387248326796855,-2.4906218474600332,-3.498665266742651,-2.5640122309665196,-3.7793962859977617,-3.1667063685401815,-1.8172818540321622,-2.6738089452534566,-1.5161724992133583,-2.388690924208673,-5.840681798418262,-5.29249173785851,-3.591078665900654,-2.666804658147611,-3.5449711542817117,-4.356687719454664,-4.383672296464649,-2.3508488579514033
-6.458834811174025,-5.653422678980719,-5.391932020145288,-3.9366675352386054,-2.9467887846446277,-3.7848833712616448,-7.416191195018297,-6.102299141846154,-10.34018735698294,-9.97337871965324,-7.203601804758553,-6.352267338422878,-3.262087130838192,-3.4869171439666298,-2.955299663719248,-3.166564249519452,-4.487802042008584,-4.2076679532729795,-2.2151700736335282,-4.8447573473398,-3.378959993820936,-3.630349524772723,-3.1645477801569135,-2.5298873500233023,-1.9851390487195273,-3.466621627432252,-7.071335792907382,-4.183618028425686,-3.5922156805573224,-3.4158922373316982,-4.9649209991349945,-6.4610205524722035,-4.574791308862635,-3.8326173092290747
-6.65114655012517,-6.725663609999846,-5.669488127662758,-4.71784311128768,-2.850821022769772,-2.520226956748353,-3.4501490201962675,-7.467638467146815,-13.33358910807103,-8.347802008122876,-5.8849161216962305,-6.553545899475696,-5.107059716551351,-3.417934256990569,-1.72608827556115,-0.7252122108370704,-1.4461925591274107,-1.9651470253461905,-4.506065552427256,-3.683570777425822,-3.4533616812928827,-4.496910642733114,-4.135599208709693,-3.59922697660014,-3.557870737838142,-3.450244299811661,-7.121589876045071,-5.288092936158256,-5.186067373963089,-5.753405067592969,-7.46626371715561,-7.040488490640028,-6.297261213416621,-5.761604240433707
-5.992906957859425,-6.437221253553331,-6.4466665400061824,-5.717004944117167,-3.032791465049154,-2.1950547415471804,0.4092095787929516,-5.178228864713383,-9.40301079671614,-8.657492653313549,-9.099147678828055,-6.521507543350882,-6.331509904905034,-5.115097727860504,-3.6238283861464367,-5.895202860983043,-2.6149893960782062,-4.326068814581216,-4.474222538989358,-5.000134800080396,-2.855580328685003,-3.7888854496205155,-5.440025994833455,-3.667951378253332,-3.8820598922313727,-3.372070004065298,-5.860791308019437,-6.975092912396849,-8.11621557770588,-9.28919886273396,-9.449635742401018,-8.494837807071725,-7.505041470847029,-7.374823071115435
-6.648820310286476,-6.704658603689297,-6.639435294530664,-5.429813636990624,-3.144346747183811,-3.9582351033175316,-7.960498982696936,-1.5784282275216897,-10.481599481712623,-8.30435701542735,-9.689886228537219,-7.456321289306538,-6.344134240421452,-4.049709152738337,-3.57679957435833,-4.144938953695815,-2.424767290133917,-2.706929338503482,-4.065557650897017,-2.7753750930152488,-3.3867026319822426,-4.139675534855245,-5.621189403720312,-4.386709826793993,-4.482934797481655,-5.316938044393,-5.116167495186771,-7.505439319131406,-8.428139989177037,-8.824768787193296,-9.908844982666311,-9.451910075852254,-7.860197112407979,-9.180745007833114
-7.553277411440982,-6.943213444034759,-7.475881684899074,-6.912563708117158,-4.020955957654547,-3.151991838166002,-4.948848307909044,-11.52851868173691,-9.92668723783137,-6.9618347028860015,-6.048947829289113,-8.117428706311083,-6.510796250369033,-6.417847906047374,-7.880512304487766,-5.187755232003973,-2.839821956644885,-2.140656440153741,-4.339468518838308,-3.3617239524623987,-2.570677502276037,-2.732806428219533,-4.565915934816268,-5.03795769256947,-4.959685301943799,-5.689521486923891,-4.474546061677368,-5.6757896161951145,-5.510158652562628,-4.525661741818994,-7.044851994232527,-7.329855615109228,-7.704456867602237,-7.243100983855895
-7.336939066077584,-8.504755550532554,-8.624193010618786,-7.331572593274658,-6.4301064927058444,-5.874264361116779,-7.054763306421536,-6.641904543306002,-9.992202453754151,-12.129285213667908,-6.721119470424364,-10.189973904557329,-6.386287922530756,-7.050539815119346,-8.087132889215278,-7.300317542722327,-5.786665283811933,-3.2438875241872376,-2.713400849939212,-3.424689887142143,-2.2528050845705283,-1.1007338226951089,-1.6971508353474105,-5.037990099309557,-4.9962251613309485,-5.434312670860303,-4.990553554479413,-3.9657453153640074,-4.112058676254094,-4.490440879616627,-4.2865096061138335,-5.96711414179036,-5.382294406538686,-5.332228391735487
-7.505906837528628,-8.085233382135456,-9.013698504388069,-8.30547676927875,-7.476447423566949,-7.880558804721181,-7.135843036822585,-13.92170540727587,-11.076587047790632,-8.249380386717112,-2.9168186870132344,-4.449648751963871,-7.370410734130092,-8.49238873028722,-7.710004172219895,-6.301411698293771,-5.994625992448819,-4.881937288668676,-3.2286597602643616,-3.6475279237860265,-1.9348890008669652,-0.8234854828711318,-0.38309758572893826,-2.9931964788108023,-3.383685736556844,-4.917207834180848,-4.9943054663989805,-3.1942287100898574,-3.0414934488518437,-3.593369497831491,-2.5876183342285977,-3.8762750880740193,-4.635431339396086,-3.2211032805215423
