script/wind250m.json
{"header": {"parameterCategory": 2, "parameterNumber": 2, "lo1": 6.000198445256149, "la1": 58.999992894266676, "dx": 0.5, "dy": 0.25, "nx": 22, "ny": 24, "refTime": "2024-02-19T11:00:00.000Z"}, "data":
[rows 0 to 23 of 24, columns 0 to 21 of 22]
9.624773165700192,13.763826534894053,9.620651832913396,-0.6121254854634005,10.835716387750033,7.812843968741397,11.45022717629766,7.258364775609596,11.110884640865983,9.747860973564862,5.107390195092127,7.5342828742944015,6.7367945074311795,1.771601260948707,4.296148313624147,4.7056497943745486,9.195494427738923,9.559796031059191,9.104135943667405,11.214516281876687,10.483434220495461,0.7220078506925538
6.7178335470315265,6.409414774097295,11.160842558364031,0.22027220384729576,9.827977390991705,2.174341697972957,6.90614236395978,4.0184581611712415,7.91281920976115,5.7798236904534175,7.239336034267106,9.966632146272982,9.214606575930839,9.693068174915068,4.396871684674355,10.967026699270278,2.428941193472761,9.55610386657274,9.626427645402583,10.29547142046318,8.34445819332891,3.326807829301792
11.001292229187923,6.316576709577596,5.894269251352839,7.784798809168439,9.544367767458594,3.3085404615642107,2.156620560273926,7.562752714679261,13.60974377587768,9.293759094393106,12.693131019430497,9.541083711162482,4.708394411388176,10.13540022072697,9.326563357495573,2.953299832913523,10.663818209944317,9.39461266446251,9.450144539341139,10.602602968983224,1.910057066493923,11.85896867913128
8.924054216455954,1.9797107487586354,5.89842195834695,6.43097778250423,13.522805787150155,7.0056299625087,0.76934144408036,6.419110154675248,9.578631247522768,8.26341431940976,8.277436799750639,4.305770261566909,2.1902028529014586,3.319377224760143,3.473499327713321,11.349074044005668,5.503677852176147,11.65353121485781,11.330062668184874,10.82603911566638,0.7564166230886689,7.4207485025675854
7.668383501616089,10.875869962046348,1.9984141407742049,12.478138721713488,5.068933486262545,6.285199681252304,9.813059431192942,4.00223377565287,8.718835276021665,11.1048238450328,10.53343835185001,7.053557701609254,3.738870963500902,2.126160412184178,4.970159319722383,8.449817534322149,9.636711993297162,10.134207461506099,9.953838935313545,9.290712787649865,8.257306542925889,1.5660649091738899
10.282701575962356,11.569070045503045,2.4571702056369786,9.263539759549342,11.558364432882625,9.81160412279507,1.9536898831213863,3.3401147154668234,5.307634405357515,11.318152165265179,11.895904932194671,6.285625428914024,8.530285320872254,0.10429838684372794,4.831317067253425,1.4059028237470637,1.5559272165156866,10.397434876044612,7.039425943743681,1.2121214481312437,10.072294215816685,4.705975107945363
7.743832340077419,10.307688336110962,11.573627499946623,7.195870913248733,7.078320468245658,1.7771244784840274,10.42211122898718,6.26098287615278,8.928149912026218,3.4391230656541945,7.312446405135773,6.1248166867122045,9.798112991770124,9.879350126657481,10.170380750795431,13.0046478937576,2.0166016935787185,9.954526358986614,8.78423776571467,10.232936241711924,6.508069518504125,7.748696114149955
8.716015411550593,0.8552478428689049,6.11357292259362,10.178484596413764,3.701881436476282,10.872911343958927,3.7552620340112215,2.317375779370065,7.620758813039231,5.5709964788007165,10.839162683192603,3.672186321406105,9.733235618196487,7.056737968172068,10.32481751146235,8.677138441550387,11.23371115987136,11.234202159172018,2.072180770233356,1.8946384960557991,2.339378748560756,12.853506225948122
7.731881362494584,10.412431736384418,11.35855656760609,10.823540551794647,5.190828418741189,9.664299850257395,10.08482853897302,8.673779920983158,9.56053679123484,11.003714192343145,9.71597306940795,14.239423447665478,6.577215186091664,12.453660853921589,5.13128412748043,8.360996028190932,10.6157333461092,10.904654677986262,9.758460227175451,9.88386819401508,9.04156510220507,9.188496037242205
2.4803543876106144,11.296997588921327,1.7881925632927818,10.044635588341162,3.0687093707745805,9.066446970927727,8.707518421872294,7.322934061449308,4.324861726161701,2.0448261590124623,6.793156679001746,10.547091974199667,9.844194975773155,2.359721717616397,10.28375060965462,7.720833420669556,12.167966523001544,8.557078430812577,4.471877171336015,5.629536299353089,5.00240599967214,10.23615341164094
8.261665411270943,7.866710186998404,9.978001786422825,10.307540240945745,1.1694794706417402,12.146832090439036,4.713385190000009,6.165732126974815,11.858344579542088,5.839067205050306,9.364385405953229,3.4841454096129727,0.6685748952665207,12.128725927645409,10.867805735664149,3.833839826480069,10.357802901419422,4.70409922875973,7.376294719631728,11.563950702874322,10.435883998359547,9.688306888207165
8.267764172738715,4.842643212613823,-0.5426230722683788,10.47970997280899,1.208661930912867,9.198414598820126,6.59621423602547,2.2599285652853416,11.332142556623364,8.552666469177456,10.49588571215432,2.3797977747304295,5.457085158737832,8.557905273551492,11.929865187602132,3.128432095408643,9.243137536615409,8.370936175635668,6.0087668908301985,10.643717533248413,10.456075631247462,2.1971033590265785
5.334908915821077,3.1749425577007293,9.575514477853158,10.356708411218797,5.236273278552194,-0.8202196250544784,9.464038286616852,5.4675509441714825,9.85837950522043,9.077447932844583,4.659738074720185,11.155900867959854,9.949590916765198,12.167108627862667,12.223276408105,10.558431706970527,11.157670048101682,10.212264276209483,10.577433464717046,15.16327435392874,3.2827757766832004,7.296609488440841
12.921210167710084,1.926285199121327,10.323196569868122,6.716047428889366,5.495211179600405,3.1684625151688652,10.156580953399455,4.324562821598561,5.381591435479886,10.103345715695045,4.773631303643025,5.1316096323995595,6.149811541784827,11.386607628040203,11.06536752197608,1.5658365745095348,13.219403162263957,5.024128621146271,10.73503284685224,11.552553372237007,10.083035624707316,2.0623435798826315
4.92940514140744,2.4787327841318074,12.490750470925702,4.07143452283116,4.810607340793253,9.523215873644492,7.016270739464145,12.103530685792961,8.719066951725411,1.6378384302081423,10.094476254406434,12.31028534902788,10.059342942893116,10.350383884960314,5.977825847334598,1.5087190034249194,9.817996772751332,1.6696126907604476,4.554370460297802,9.86944822079296,10.269282201752425,1.5264325539234054
11.131970600232082,10.050481804814124,9.474910502152238,10.187444558112535,9.51946122028432,4.875184717742571,10.069610702492392,10.348360064907814,6.068085569732983,2.8745793260497643,9.900208068524599,9.269546081208501,0.1662355982846469,8.589650192424202,1.3547566495109924,-0.7871740740948068,5.541933115456786,10.68562485416991,5.266679004820841,5.426193302695127,15.132410167777593,1.285680930019786
6.597713642061637,9.965583354323819,3.3498657314973976,9.429098171813099,2.667138423460571,7.024904902131255,11.92009771303655,9.298451697217832,11.073650348060342,3.217988302294941,7.912482045736256,9.661082224053702,8.44451615139248,1.9164926085711989,3.095065029264581,8.46446849623477,0.02632175106482289,2.17056911845276,0.924765758485429,11.795543767141032,8.941605104124887,0.9287456797708933
12.271494107645465,7.671775431684186,10.293363797758136,10.243821414236885,8.255520791895886,3.893119317079038,9.16797325631194,9.85681310562964,7.211114893176433,12.859638120118026,9.375608413032996,1.7498768495375523,10.198099179437605,10.661611267058415,11.598331207535258,8.91562095635168,9.81961806587156,7.387582881080977,1.0296528283343538,12.379744268598353,9.886640568392638,10.512806655236199
4.448639914442453,12.352111124859498,0.6250387367518245,9.44804519434962,9.331826022582286,10.557751925880769,10.561019440667646,5.2651931527759706,13.098275273000809,10.254076949550077,10.193017444694979,2.0458214037072624,3.553044159495603,10.265896563805217,10.582176423589964,7.221349539641512,10.671387077718801,9.978516890880865,-1.4394044297972082,5.447726382416609,8.790209953749912,12.58897091864742
14.313535555235042,12.504182961545055,11.164741742421842,12.768465388848451,10.115526441207697,11.438927710229262,9.853774392200576,10.136537924411972,0.5372894458767407,4.187985502382237,8.758729738154035,6.373077666122575,2.1542627104421674,10.623225147641387,7.327053566292497,9.691119260719441,11.183471863136702,9.673897979834976,1.7643626257685778,10.243638100081542,11.371708582924493,10.263729437850456
10.954778169914471,7.606378176407425,8.565034601467186,3.7408766233703536,3.618797272586886,10.148405343941503,9.756953132413509,10.640097996408652,7.15124747119812,13.806252964838121,2.9767626509017275,4.509329075633972,13.01232493216055,6.8808367367441265,10.797549144543881,11.707561689759272,10.920238139974344,1.7464673102731145,12.471876536600966,3.3140685785439787,1.989858375884672,4.204829720909794
9.184836435444925,3.4915692393096265,9.492564796826144,2.079264125542068,8.698275956989585,8.137469290894094,3.756327869325644,4.762240701278725,7.957630629973431,9.251487097612161,7.396232933745607,14.09225348606687,5.907581721951028,10.152678256767947,9.267716825529462,11.052206333565957,11.272492614926488,10.916666787253307,6.385982117017083,12.189179702074215,10.37247872129258,4.445298967482867
9.550058540798762,2.1904814387355596,6.043151238364405,4.778748653250717,11.884959831028597,12.643695594989522,0.8977104135417144,5.846649082500346,1.68488493501159,13.152069409561697,2.7899883100245506,10.751905592555671,10.467562792239104,4.353586914749045,11.071506646498829,11.377129004969118,10.085484032657039,5.002004861116502,9.170619751147555,11.58523922172233,7.4250842973342674,12.452917061145921
8.713057878969135,10.213194542638327,0.04340682915332221,0.6353537408387557,11.617719728589249,13.000722721554846,1.6871894573615676,8.835831047979237,8.654390079711074,1.2006975724175677,4.710884146692253,5.039199685712015,7.897193400676547,1.258447694475842,4.000038810093464,4.537328594314349,4.925902575836612,8.42385966604268,14.049332139490037,4.173235928573012,9.173739886802569,9.8393720346307
