script/wind150m.json
{"header": {"parameterCategory": 2, "parameterNumber": 3, "lo1": 3.000054539987559, "la1": 64.9999836372058, "dx": 0.5, "dy": 0.25, "nx": 34, "ny": 52, "refTime": "2025-12-14T17:00:00.000Z"}, "data":
[rows 25 to 49 of 52, columns 0 to 33 of 34]
17.852801828747932,17.42766587368153,16.124997931541365,15.069525289046066,14.774982630379984,14.102931570772007,11.0424845554339,8.307765901484524,8.645662474909054,4.92767989935033,5.71790659737586,5.308091312715917,5.097531633509628,10.298965668879637,10.456541247049318,10.662279271042191,11.100659172404244,6.781148741491792,6.1892957876366985,5.980097709834454,8.624674107599839,8.933134573435542,5.2777212462764345,3.758553615685874,3.7172569817160164,1.7760895274585244,1.184224659837122,0.8648450418250255,0.19489983334611008,2.071432291420198,4.258175865758312,5.803929327104338,5.811794634488679,5.216602588590833
17.990229270098027,16.73953397232032,16.441800233052035,15.451400798199542,14.193668063632751,12.88265605860526,9.455092133745515,6.413834549946212,5.59297543078787,5.547838515734784,5.245703334494902,5.414957313266467,9.504813243011933,10.799223553108245,9.317858670384203,9.501704191508653,10.428671918342683,6.643001336197074,5.784616104210302,7.053904399809847,7.1607293421027975,6.907761836389736,4.927078295893275,3.922316390317146,4.357949195914817,2.421150695945844,2.020858811223229,0.7809442546994689,0.5402163189557486,1.373379126090348,4.7872798344971415,6.504811332569186,6.089169678118262,5.28760195978359
17.36407778227855,16.618128765359423,16.002512501432847,15.559631768262262,14.180167592993225,12.421918299410564,10.808852439013183,8.159524400024958,4.7238043302041515,4.610547265340449,4.4095115257993935,7.548842925306061,9.630948827388526,10.133426849692187,9.89102998304327,8.517780766763474,7.9237407362809344,7.282035221399092,5.525585826183269,5.472548205010522,6.757148905739159,5.001528744350092,4.547411298321783,5.777860660976853,3.8273702564710264,2.790183378021322,1.7980185007538791,1.052409994239157,1.6143064576203625,4.164516051645488,6.492790233307382,7.2859000707698485,6.531740251349468,5.558591216631027
17.05414557626012,16.206087767730565,15.78365304012321,15.007101718627071,14.150516863815625,13.108463109992027,11.554721272707342,10.091076893016265,8.138693148666931,6.500217356676799,7.820893572596373,8.744163595127151,9.20624098690835,9.463874656120739,9.43207908680036,8.550924842913478,8.956445578799583,8.03371904856585,5.871066176965591,5.371881492474997,5.020514601196996,4.698610092692411,3.4781223679620283,4.139277440506032,3.8500108590724675,2.362200326339254,1.6051522511812941,1.19017889283029,2.4569426570269957,4.2080852207389965,6.24743810711494,7.669462622516969,6.7679440293180875,3.887121916071586
17.764904253765234,16.61511484894429,15.77945956127189,15.177001279866655,14.184444218055189,12.682108359510753,11.716253122507657,11.024017658629983,9.96348546673709,9.619056323418928,9.885512992394471,9.719087649455584,9.456281378015495,9.141318181823548,10.201926453749916,8.848962424970678,8.611605173547272,8.935784608922532,6.542840570351882,5.001326735534214,5.094133674993163,4.546250601219325,3.990914827351539,3.404834626315703,2.967388611519737,2.3702569117358827,1.8737949336417916,1.6542856489267308,2.3091942230446576,3.705645067721253,5.537314748749784,5.3466097415088445,3.088441242190065,4.6475796269986995
17.93426219193613,16.996509815391445,15.685748366853467,14.302662851745541,13.383258550102173,12.673256959436783,11.680386168819972,10.936364278346117,10.439860097623042,9.872565571291167,9.96859152458595,10.159875124270384,10.27114377950021,10.179057044182544,8.291352228781456,6.5801306531505475,8.139420719773772,8.15134313246288,6.6627739321747,5.3629435666532,4.436116477174927,3.284378978346544,3.4693603813692686,3.302280999136895,2.899204377111563,2.3462018142833387,2.296119075845,1.7412790435782428,2.219201287368488,3.0566370065348143,5.472298965239746,3.9043273613689866,3.6122163666579294,3.8737384840009623
17.739924154458652,16.977778822173413,15.550652713812639,14.462961646619059,13.77531642931229,12.549714813372377,11.898990938353181,11.22285291596863,10.867357829937589,10.585042215600264,10.997871027249714,11.359224597505053,9.61700124410629,9.346656148337221,7.788936905104393,6.482970642346457,6.80589876165484,7.963284751072732,8.033339675479557,5.953877413580244,4.962449873036201,4.071006523018375,2.884506736149383,2.7676340800450108,3.2503430648909273,2.212142086630971,2.0650806731968445,1.7213197180259032,2.853204630352703,4.238743659010676,5.526814060340644,3.1392096548054087,4.168382791276967,3.730451108700703
17.406457636585678,16.69928147644993,15.961754350691058,15.084984481315983,14.279129805685775,13.13501137491005,12.512140081334993,12.388659265994285,11.516688164436014,10.982344072213872,10.992080165763575,8.766691837263993,9.695300990421819,8.771634542193592,7.034986643976679,7.496422721770111,7.807016349954907,8.259740536594588,8.624337323044411,7.287207671666723,5.713255382606698,4.586739101862775,4.477235559331355,2.621427766696362,2.526849580688104,2.2272421295240714,2.1356433542546878,1.8194535691131524,2.7324864183526447,4.162716574089579,5.862325419931403,4.633032079310314,4.445383989591251,3.5053123342749655
17.589889962830014,16.488477388919552,15.799232330688875,15.358656082512237,14.621497666727981,13.8197471727073,12.919432427043418,12.680060805432849,12.362910185851597,12.427360828073317,12.583476775925968,10.37032095785433,9.258669051654161,7.834821036532233,7.3018352793710335,7.929445199063595,8.529113107937768,9.9511786491938,10.94520820310759,10.226331214546091,6.386728934490525,5.127128018496831,3.8498074204424797,3.231223182690848,2.5121834799814193,2.1931388716369566,1.8906924651932577,2.853491939209757,2.7319882794315187,3.600399810327452,3.7818522396215655,4.113802170422336,3.9333858992092976,3.5797088461373936
17.905314005399383,16.360490891433205,15.418623110670675,15.305073097141882,14.703387234465243,13.978091769961146,13.286088492082635,12.909435976869668,12.966435885354466,12.917602553578515,12.693646721120434,11.18130935379421,8.633951869431067,8.455271310223296,7.181544924170057,7.2304044376624725,7.974988514055466,10.739076876061748,10.299513932605239,9.458229040524483,7.355426933574508,3.9466672351016783,3.6520194297511233,3.0610294398697975,2.771517791410275,3.1322338451236424,2.8495448054204076,4.28798297347635,5.4032391074946435,5.395879728194426,4.706795445128832,4.495542333264766,4.033414802244563,3.439259969267046
17.7247655498541,16.382827737139856,15.514699287958818,15.414469909528602,14.896604496320757,13.961381959911932,13.633829126451499,13.266775670511374,13.174144625441148,12.678646026446295,12.667011536528905,10.20258181350569,10.324802933580894,8.876642173889893,7.986919682707296,8.701353958793572,10.828663362850511,11.081844897376364,9.231573066874,7.744685050560652,4.873558322862095,3.7524626479707437,3.411856423620061,2.9694856989401495,2.5415477860543123,2.900279405003863,3.1227235042137167,4.845263862761463,6.506218169351011,6.410546579024497,5.74177555960882,4.845577244869624,3.9966384561056523,2.9453790276623555
17.631463203082927,16.499735544001314,15.93172479126039,15.584467598068489,14.83875387634338,13.990859237333328,13.291015907921645,13.28602870328593,13.584021088946754,13.258653539497294,13.011744668440615,10.382730575740984,8.787941416981834,8.053039126187105,8.27028071355733,10.002086773490186,10.481704578641729,10.219123654453805,7.320011029895292,4.875970985950676,5.752094948175745,5.457471857737732,3.8350421729718565,1.7240392738757946,3.986189234259476,5.142201153596405,5.556382636639202,5.56261731892509,5.326928412450673,5.666405890963373,6.161660886886274,5.867356065650198,4.822289098748926,3.6163001791101808
17.82436783786624,17.46544253046362,16.832821614162764,16.125886267506903,15.17051880130987,13.948357635707977,13.798070314036734,13.62496321127826,13.27141924659644,13.198820495632596,13.940335529572998,10.897914246672777,9.828262554069603,8.522122150965469,8.099913848935197,9.414196334179186,8.703835849530476,7.372913112029989,6.109147927585297,5.354238330299649,6.616566315872823,5.195200919065263,4.2900208192222715,3.3134862162143626,5.227984483809589,5.445718147218811,5.168236124218456,5.2422387291509445,5.217219089811569,4.9276816283538984,4.559466846209498,4.557532531407664,4.923719743977422,5.016882837415706
18.20778093740745,17.239974657714853,16.61140104661976,16.267345300926532,15.03739782393438,14.619248564285373,14.096539003037272,14.268012153080077,13.887332005313764,14.100810735202305,13.015064781860984,10.778860305767628,9.850660376999468,7.927332587599564,8.83500208006322,7.503465903406913,6.994064277486571,6.7795470310604635,6.078428326408963,6.088144996520834,6.373245554147101,4.542689328577243,5.040881138718393,7.483051289872539,7.8911102553184795,7.0226929743917275,5.737396363458423,5.059393688824016,4.896691901355138,4.9882993229020975,4.930302022923217,4.3997870291529955,3.930685775410457,4.166025958835122
17.269169890732062,16.78092503118754,16.794267374801947,16.108771327538122,15.649765484331866,14.812929056598803,14.74124069388466,14.406248387271177,14.419310189899184,13.842449693783525,12.905165402906583,11.538920930648157,9.203737577928742,8.20909830168452,8.905799850501976,7.769529806451419,6.740934425562431,5.31176144673542,5.560308864893221,6.201742887469012,6.050600755739089,6.366116087252603,6.435254827404146,7.104069734490214,6.700830423374705,6.015592827269265,6.331703810898,6.360420972599841,6.027979128213452,5.229414246233985,3.920749617873996,3.2647492483992404,4.3346628620126895,4.966721865169578
16.827416871213906,16.51481103470322,16.340091209697153,15.863677219333585,15.825665956172982,15.848900728753307,15.22194735867208,14.58948743282552,14.436003473683478,13.826312377718882,12.240670323081774,10.945559028511813,9.137433674515785,8.845914522094933,7.6310282736461685,6.675375776005603,7.64749132174277,7.579549514068891,6.505254713404425,8.206630007131805,9.309752352428028,8.39933836877621,7.711523036848812,6.62652357790399,4.637477244905677,6.806436588566788,6.717255944072885,7.003202169542971,6.054166821010714,5.603134122074187,6.170808498248307,4.984221126949402,4.333437761615794,4.57140484259964
17.075940566004963,16.74708016109351,16.246382421258264,15.901719742413517,15.325106256892042,15.544944512522893,15.211983713376803,15.559137135065871,14.25269712005529,12.011798047521156,11.314806361597595,10.019798678022495,8.825895968662808,8.379111238524711,8.149002744703347,9.971513162868922,9.581536629681672,8.599593134409966,7.977039269069979,9.974498373756868,9.270149653949362,8.099092786803453,7.067238057113518,6.870443783524809,7.005206180221339,6.800039309071117,7.315131288034855,8.47307459555001,8.725914952256502,7.459238932024486,6.474272375548075,4.140816573422337,4.7157367919991735,7.29756473721045
17.302013805976216,16.842545291646445,16.18354250379892,15.903537237760458,15.823899436764492,15.370332723215457,15.596685512530787,14.160753425095697,13.652578003886234,11.802182536486338,10.357921869759775,10.948774135129238,9.082320722769209,7.962915490818569,9.730970389778772,9.829663172026521,9.223718470860646,9.697791502892864,10.138130707457194,9.469184531600844,7.862651311975379,6.168583873179276,7.455098659962094,7.338549546415272,8.173580406853441,8.952897087628763,9.459069904735175,9.0194757615377,7.431663358631686,8.400373765719111,6.112368417739268,5.579014256262378,8.491909885040107,9.473883348210375
17.43702971528649,16.779735318070795,16.09564134019841,15.702394130638652,16.23391919551805,15.538305932734193,14.623293501611178,15.02370214982268,12.546231583859543,12.2048898559034,11.885985563865225,11.820481927905549,9.37918522820346,8.887983993647184,9.650781064702427,8.702682644146575,8.659429675375147,9.215203146021988,7.802419921508285,6.089173673867416,6.311015879689153,7.111025866747649,7.114158738918732,8.776784680071268,8.714921225135505,9.462743849964976,9.423675405945877,8.392008018283297,6.555154228169165,6.556274986644607,6.388584956142278,6.065501410065669,8.472971158355236,8.921411058719618
16.84378460512568,16.982367680794322,16.152523014886558,15.664762508771142,15.45720972686681,14.375764912574919,14.499671907808393,12.6242343377322,12.782303366124518,13.40648234594386,12.904261428686427,11.70509175050138,10.871886653863085,9.9134513320226,8.52804828918239,8.12586283310655,8.493391216252832,8.114674646618026,6.147670986211534,5.625517747885569,5.370352531759985,6.757620278215186,7.144549197885195,9.473059737705166,8.680401550886605,9.8145695146091,7.782266893444202,6.879647988226952,6.729852374157354,5.854924658277126,5.8531517279836445,6.060219780950056,7.42663895405401,8.749511940947103
17.358623059568426,16.407280335077083,15.952386701537627,15.589558577102368,14.28770657069686,13.881668644489983,12.964031209165345,12.959769676782606,12.403351157901572,11.443067240411976,11.411124151143275,11.378226507634627,9.951741487873527,9.056332626622861,7.414223695497143,7.186808532053809,6.504712144431057,6.330238463110641,5.781332898694001,5.394071581768543,6.3543521254903865,6.562553674427889,7.032179541478557,7.139717736989719,7.303950186638652,7.453356323066919,7.618402701849151,5.746278742510231,4.766363324653895,4.72873139694971,5.7069782850121635,5.537749491028633,6.135956982534141,5.95840324263915
17.09978828423837,15.595051864880338,15.15063848686365,13.940542942490662,13.486211995600224,12.664556021460198,11.418205853895836,11.702252150993251,11.458707334127817,10.091238179217802,8.993072826009803,8.85882395115821,7.252363452472872,7.743053738448889,5.453320137185537,5.477807327647002,5.393729719704769,5.2141001597375,5.887319004936822,5.27353437337945,6.130960978600476,7.118010810314121,7.299797432215744,7.120172639687162,6.7996096661860985,7.343061116576046,5.373968159009352,4.265185303539057,4.77184774446369,4.688857707428303,4.708871776030864,4.767341636082911,4.907790724308236,4.751666645213565
16.377926461530446,15.732992808479388,14.28977346207055,13.967181814715767,12.680302011450705,10.580187499717386,9.424615148668794,7.966738033355271,8.797325110673698,9.053168795934061,8.533075757386571,8.155233316602079,7.975358818734842,7.417430204680203,6.073335529849838,5.450950338740681,4.796121081496735,4.989863063694883,7.123577223174782,8.087398203205833,4.901226503168452,5.743332755081541,6.409168774662325,6.769259730380568,7.009342710925643,5.498174021794285,4.076922662107822,3.990045108653046,4.044802261917921,4.75123069292002,4.171033849949422,5.053990361647489,4.738401597905802,3.6029584317253036
15.136718057776077,14.090589952963501,14.336692514651805,14.033842760840185,12.3650739314535,10.356607853068109,8.717337297963745,7.277160604297934,7.372312135649443,8.176320831456549,8.09037507381336,8.04881766322119,7.345344785719923,7.205626102312599,5.791477661446105,5.331641060631759,4.518335943251422,6.382592995876955,6.092107744814998,8.471658336724428,6.591692254847172,5.307567925203489,5.581544918338633,6.116149882001757,6.311818713439989,4.768719309693294,3.784989100287379,3.799785819906952,4.107950841913886,4.89797899733146,3.563962082061834,3.307629307163374,3.3786849583084844,3.861714388596991
14.829588563830077,14.570663260567223,13.774957590046968,14.597821855014153,11.088353223700489,12.35715582998371,8.479869650360392,7.767006054587858,7.42364423710966,6.745746870227085,7.5316308074162786,7.26692974427751,8.016676582084461,5.865848114237618,5.408908968470807,6.25840674154312,6.1159933253190015,5.985775672737695,7.723752788597213,8.374524671081092,7.783229570657715,4.426440882304533,4.984459433306894,5.454617700268456,5.168398901010198,4.556531624519536,3.6574736748297445,3.4622714099322525,3.9808470321053893,3.4786163827051855,3.134615166725199,2.86043427093008,2.670339180184496,3.4992243107228376
