script/wind150m.json
{"header": {"parameterCategory": 2, "parameterNumber": 2, "lo1": 6.000198445256149, "la1": 58.999992894266676, "dx": 0.5, "dy": 0.25, "nx": 22, "ny": 24, "refTime": "2024-04-27T22:00:00.000Z"}, "data":
[rows 0 to 23 of 24, columns 0 to 21 of 22]
-3.599637811115665,-14.0315542571327,-7.074058670347211,-3.418096344818271,-7.014950431779693,-10.00442216527839,-4.579586048979232,-11.06924434724632,-6.889110280302396,-13.103287549760598,-4.039088965602342,-8.0056675771377,-12.656773934134359,-6.2918806795933495,-6.193075324689898,-7.696523977203789,-9.285758309990399,-15.7071428759229,-6.592986329987208,-7.652426082656582,-8.547410153082993,-5.820055995411033
-4.838839545149797,-6.587663716521311,-14.947434995123384,-6.663071487950542,-6.7748030297249215,-4.901426561965852,-5.271905436868386,-1.9877631610971784,-7.077920933467925,-6.178435728280603,-9.786191905286273,-7.784623997551636,-6.40307347738727,-8.073602906816841,-11.215811517025275,-7.501156484433868,-9.637128329060173,-9.890942773802195,-6.8665737232715,-9.473809663302113,-8.527291649611454,-8.582118242931735
-5.777883924722904,-11.904544809951904,-7.906507786573484,-7.639830510130161,-7.793355121743339,-6.275340345205772,-3.20326279043926,-4.871917589332737,-7.112306133724019,-17.103133955889756,-9.436843294357265,-6.662637516984793,-6.994894947061402,-11.819728717609058,-5.60216964856071,-8.28449982706506,-7.297660472595407,-11.55689396646264,-7.768309065646507,-8.407392236964514,-9.943514278562402,-6.5377860224145765
-5.886095269307436,-4.295476093034559,-15.19486676274075,-11.19992170991394,-7.3453664352003365,-3.1439344425425984,-10.538922456010907,-3.8058315977486434,-11.311785514581056,-8.59104740216037,-5.8548786430294575,-4.994697690195848,-5.70832875001791,-8.154722335765898,-9.801550907005614,-7.3408752188828394,-7.756433452104433,-9.766788868510385,-8.481527885870262,-11.778685528352502,-9.171856340997737,-9.1890066329122
-12.140569174158426,-8.510196202181993,-8.343059118696841,-6.4760003219355555,-5.840255763299799,-16.626340869974282,-7.240657793393123,-6.092296981991431,-9.367612912469493,-14.314826470736834,-10.1450752599641,-11.467965448692476,-6.39366291651324,-5.815333935286996,-10.380477043457672,-6.484419824169104,-6.334258895787392,-4.164548327344333,-12.50183410287701,-9.115377571278021,-8.446072789899695,-6.489869498438792
-12.851136149051976,-10.020511668098232,-5.087952988917966,-7.472575996387515,-6.886947279222052,-6.45665785183126,-7.804031587505191,-7.359405185285764,-6.724336126687974,-7.117850751212413,-4.7370035283269285,-7.662604917655969,-7.37787564405245,-4.988364690949533,-7.258437795510553,-5.9692728103431145,-7.270097925916234,-13.66098827033729,-7.626587748777437,-7.341863165205104,-8.584390293621324,-12.779656330286663
-6.4579458531967475,-4.498963231645532,-9.092172136076055,-5.728333249870477,-8.186951147067566,-5.112788211494489,-6.246414354610882,-5.409884160543333,-6.534477447351297,-7.25307062348261,-7.872089854657732,-6.939992704756627,-11.532620836700085,-11.19695493251654,-11.576876530562748,-4.578777348437528,-9.903964679085878,-6.125528571121217,-5.692549447187572,-11.64856891473703,-8.682886283976442,-10.086309182351968
-13.227256550763308,-7.172424848627567,-13.253499564168113,-2.564806511222794,-7.313490434885259,-9.723045746369612,-6.19497315272894,-7.592381331120639,-9.262831311608885,-8.397608963955328,-10.468335454728265,-7.47463705810438,-4.46684889564983,-11.618219870130114,-12.21155114242454,-8.060530883135037,3.669214039702114,-7.497532440449801,-4.932301010241284,-5.004768020135212,-4.544133972723649,-5.84847834369023
1.197355883541422,-8.16001788773647,-11.516521209206273,-5.301323470944973,-11.68191116551579,-8.44683031345883,-13.671120898173466,-5.920294338335721,-5.844306905088096,-4.669960933902705,-6.974542166861526,-8.563289441632904,-13.834110687735453,-5.943804898073706,-7.817288760557729,-13.986187841779111,-3.9493986959105496,-9.371089402119539,-13.054164551521643,-5.3468756313427805,-6.353418970633602,-15.160973291857923
-8.244299638671501,-3.2220402580420906,-2.752587722249547,-10.895498148963869,-1.8683722522532793,-11.057326498838277,-8.984431111134601,-7.5445680955710435,-9.60512715926456,-4.193842779305569,-8.735696915711378,-3.486548732145634,-3.1817058126923157,-8.006977829037956,-6.490587094057554,-5.196539360543608,-12.944690306773124,-9.426368041359703,-11.727216022588559,-9.33525172227896,-11.130972990019801,-5.37503480446771
-4.886282749200677,-9.98854677119294,-8.455931575437207,-14.564317422779181,-6.670815587313218,-15.504710561740243,-6.1977927918750995,-9.566168193051869,-5.703337489537429,-6.968885653050356,-10.00115037560249,-13.523219799706016,-9.34820409585329,-5.891298849113062,-14.596477087484656,-17.31213836019396,-2.631985962937527,-12.261817350285375,-9.720861295537839,-5.93904564319396,-8.12883716167196,-12.783239299719275
-4.053905656993418,-9.394077022550178,-2.698735475584064,-7.870251499410539,-6.141895416052086,-6.772140653961715,-6.08507429901952,-10.940250490778793,-8.196873537270879,-9.710300438601045,-5.010180191810737,-6.767638454095936,-11.787433127465594,-5.070456183127166,-6.5066033606253395,-1.292924112339204,-10.038833238993554,-7.121621558776749,-6.101655575180644,-12.278358617326417,-5.526692161561945,-3.954316006155669
-12.403204830311653,-6.607875393753276,-5.896177269187102,-12.471011705136934,-4.3732506468398356,-8.189231279191759,-10.671505709139943,-10.428000878748511,-11.57357423474423,-12.74867658702374,-7.612273477290289,-9.723101448323145,-7.502530148494468,-5.318756429650034,-9.865998472348805,-4.243624010187333,-7.696206838173587,-13.838394858303305,-10.244239912347556,-9.358564483401365,-5.9960354295140865,-8.294170974815499
-7.2889952683506625,-4.470347591402385,-13.568007195597607,-13.636868894566414,-4.013730489658961,-3.2802259540428302,-8.82021723449356,-8.60657042189368,-9.342357593910593,-15.908185985852068,-2.1482842493226433,-13.169272170515288,-3.648446019889824,-10.234722520330298,-9.37550879069086,-6.547921591308258,-11.565498262800538,-8.684977119287002,-5.692577873325539,-7.446916020737908,-8.488705770217361,-7.815700885973385
-2.267282904618898,-6.922608416907963,-8.334147268970217,-5.6310535044683725,-11.403549078667645,-6.466814957633141,-10.526191243435413,-5.934834485007112,-6.645632427161884,-6.042393502619648,-4.7916631870489645,-14.545311854169055,-6.452327473190155,-7.245981661842937,-6.911658822959144,-8.252237697633417,-5.049249170081427,-6.248452453011045,-6.564101907807283,-10.326040410036555,-14.010204495355364,-5.643209248338853
-9.924121367296271,-6.122514185166451,-6.569026033886362,-12.15756617540071,-15.896275065860836,-6.936040494746251,-4.845112101915997,-11.764228909399097,-6.289999744650436,-1.1582581051395033,-3.7472217920642907,-11.864620708026994,-9.5055199556928,-5.622200749061505,-6.47536526483913,-5.239108558883778,-6.562993294300953,-7.961689833439983,-5.195504358537834,-3.8436814279878506,-8.692387174500375,-9.32284108406386
-6.77095388031056,-6.72775485978374,-5.331970031382098,-9.682189537453647,-4.112938031397935,-4.7392658138026755,-8.810103096098107,-13.033825270198056,-3.754720166109795,-10.554956235385065,-6.134816778778679,-5.296311205212027,-6.601553295541768,-3.3862964511398,-5.241073335917803,-3.6727437906025098,-2.4380584332043993,-14.118653504918399,-3.1652209646764,-15.034831995833624,-7.119766009104266,-4.473978968818724
-5.1609184501215095,-12.139375816305012,-7.29078528992529,-6.667404079232308,-13.643249037308603,-8.781690254638137,-11.331419076051313,-12.4517847444982,-8.356334797432861,-12.730392698666732,-6.4704729575012445,-13.39452011610239,-11.843970041820508,-4.38937569552587,-3.782770660750162,-6.138901742811674,-9.03395122885825,-7.476180034716977,-7.783691706847989,-4.717105311261032,-7.899682427131584,-16.590807781623443
-5.411817381622413,-2.555475271137548,-4.446614080106071,-15.020050987514503,-4.137051933815154,-4.377938733541172,-6.002242325605307,-5.555713705331712,-4.526547235758356,-11.29868250339915,-9.622380001840565,-3.3830276882866053,-6.440733625112551,-11.396516813499135,-4.376778869402304,-7.465615803709807,-13.564516148585382,-8.700800752089412,-9.9172540587982,-5.277849510282351,-4.770750083242629,-5.852430934509844
-7.103951139388457,-4.908816891898172,-9.867154994560476,-2.2429372652466593,-6.538322463755122,-9.646931094308043,-9.369908596499187,-8.252665113341768,-7.2673081905824555,-5.2525077891387735,-5.766668121025701,-5.731467497686266,-8.645575548699945,-12.449176703524715,0.2746287094255205,-7.522640383898299,-15.61045831182359,-8.450775883240027,-6.6692628633450335,-4.1134680429528725,-3.417434024303146,-11.264851927622464
-8.511502184769169,-8.792198829383379,-7.6424709523639445,-5.3443867912941965,-2.1270187845327686,-9.747708565956247,-7.633839296034924,-12.312095699213467,-7.812494190045174,-11.704207645943375,-7.013267948119491,-8.707917213750182,-8.416755472265656,-9.01075595351809,-5.109697612656498,-15.072468736399564,-5.923422802060173,-9.805184088684094,-4.556988776425924,-6.056169860525735,-5.357187505533283,-4.345602638436803
-7.6876550494433165,-3.8495806208439936,-6.064450812230433,-5.351545410696269,-7.906321818623245,-9.830462511411486,-7.9952960249699485,-3.419009366554271,-9.153579333703538,-11.190107448423216,-6.79910525612097,-11.697356628702241,-2.7743772761886074,-13.900904595924057,-6.865054173055634,-5.79674365531182,-6.383245503024404,-12.265720877658921,-7.179389200275068,-11.102044697232069,-14.64458043004982,-5.873448347704577
-16.023358592178166,-9.102876036766526,-9.410301366566872,-10.16892443602161,-6.927386029195672,-8.41252591065263,-1.4978573688233057,-2.076142599220592,-10.235750577771588,-7.218258625346554,-6.70689717272146,-10.688145191667427,-13.875295898190517,-6.133939270812101,-11.887295008859923,-7.37674551314065,-4.660524756337926,-9.251222461579257,-12.160412285572413,-11.858200810757069,-10.1809392802642,-12.529653204336247
-4.432435138341532,-12.70853761607429,-5.9576260248494375,-10.094467192963736,-6.698622383270308,-6.327829297732147,-5.458860383707132,-11.717227702840463,-10.660220818153785,-9.131367881807458,-4.537812884042421,-3.14971694471007,-10.507461060281493,-10.156382674946313,-12.922342462756422,-10.840908360037922,-4.65857765121085,-9.276954281640664,-3.9788962635407485,-6.812048106614738,-6.775823007233682,-5.710288594363588
