script/wind10m.json
{"header": {"parameterCategory": 2, "parameterNumber": 3, "lo1": 3.000054539987559, "la1": 64.9999836372058, "dx": 0.5, "dy": 0.25, "nx": 34, "ny": 52, "refTime": "2026-07-10T18:00:00.000Z"}, "data":
[rows 24 to 47 of 52, columns 0 to 33 of 34]
-2.192644594688561,-3.5985679302429725,-5.194734938455122,-6.365727776189263,-8.087326421471463,-4.780547523912855,0.6983705293016851,-3.00878531241627,-3.5415989869707993,-2.2899240712631643,0.3054233009957736,2.386126205848622,2.16823197060276,2.0642976367626384,1.413326004951012,1.430032333848251,3.007313600776676,1.7579619368888812,0.9491287331213736,0.8145174435234341,-1.5977890885458828,-3.96868647491257,-1.7946998087225243,-0.4085818503139366,-1.0262391555077577,0.06630168287440918,-0.6668061292834023,1.4923088610192805,1.82938623666554,1.210984554274321,-0.5607451081742074,-1.961638730722554,-4.088833012724918,-3.8676340043787465
-2.88641196056164,-2.9317169580742766,-5.3754787517524925,-6.204573406188653,-6.434973400559254,-5.880641363444179,-2.0176820696445033,-2.643519053041563,-2.299555122889355,-1.3711301902619073,3.2830417930062814,2.246539266612777,2.067420239278538,3.839969458969881,2.723866070354531,0.9149036198872434,3.5679601050281886,2.0127590112528897,0.5368822261922224,-0.3326541659255547,-2.1664626733452588,-3.7857504381692304,-1.4390466692253785,-0.6251300278018919,1.0094288086843333,0.03161298188319336,0.49391974098451263,0.9411825115703104,1.137775077595592,0.8817487876057956,-1.3913525593941258,-3.4041522033192484,-3.8804628359893507,-2.9460589005075404
-2.482530248959978,-3.7055877780401945,-4.973830730358362,-6.452891202531281,-6.7801404217218755,-6.2491388587387915,-2.0457705863665057,-0.2835066822099933,-0.07217878549632353,1.3657210797977548,2.3740992267141623,2.010462052783773,4.8560008133801436,2.895590975571032,2.0875362290674477,1.7846428931567142,3.9845864656208563,1.523717037982746,0.8070656769976342,-0.42354302344630956,-1.0669313407884875,-0.196579707895476,-0.8858867780305734,-2.036293497924567,1.4647745642562349,0.294835579800773,0.4990358996049152,0.2714291381386447,-0.39008083401226806,-0.8040244149236255,-2.5496734984716487,-3.3631853872074235,-3.4846921201806547,-3.6886817224350583
-3.229289997126375,-3.911798584402562,-4.966965240428692,-5.753492276776247,-6.5762763500147745,-7.012371177283779,-5.372518585538213,0.3398196511592042,-0.06298792253518329,1.2202133032434483,1.648740822687266,4.463867205568668,3.1134998309096216,2.4438193416704097,1.653597711780729,1.8164660531453083,1.842015406398898,-0.15864082731320356,0.03899168176881981,-0.4980979790009754,-0.4741131732924389,-0.4283646907117048,-0.390429481799312,-3.9380921566012623,0.9557287676137116,0.482326756805222,-0.11289186147052728,-0.38115479980271344,-1.1710378704813966,-1.8440208192289893,-2.9409116540955473,-3.4102716964383335,-3.554855263028721,-4.235737378024153
-3.376866228677585,-4.068542087860311,-4.376831117177963,-5.86991612568939,-6.478471614119121,-6.917566444832899,-6.1163023250719295,-1.8358486800018066,-0.07088856787081795,1.124465756765763,3.085453652956724,1.8000336293015349,2.732143390588787,2.611384896294337,2.0027086550184863,2.0795331598951394,0.5465040708155386,-1.0480938800598203,-0.3391101838473432,-0.5958358803876148,-0.7623334779739774,-0.48103518308499654,-1.2669290574894105,-1.8473656069417481,0.6656695861058232,0.243621998549191,-0.4785838652980368,-0.8140541006675255,-2.859970170853644,-3.358977765482958,-3.697171211500858,-3.663388217595616,-4.482846459583242,-4.778131394510323
-3.1017659830382582,-3.730434907870657,-4.0354034590986965,-5.164172735614561,-6.137262801995816,-6.123713049852373,-5.314065385487675,-2.943791756298036,-0.9242189679250807,1.7115214017280054,1.4901013631797138,2.057990270601711,2.7570772821315055,2.750573110267363,2.363236641318833,0.47497334119431966,0.006663022040855986,-3.1038487160295642,-0.6205265834560116,-0.23393553160534478,-0.448958815192705,-0.9527546439812564,-1.2908609867580088,-1.5809088307110724,0.09322736173074946,-0.2764208697893124,-0.7060986225172228,-0.9111656615194257,-3.431931076162666,-4.05380251325028,-3.9135147218815205,-1.9434857206916174,-3.966084528637378,-5.496258632476975
-2.7731896666057176,-2.94597030787178,-4.524641907549242,-5.161328139298906,-5.249878322351065,-6.269724330486879,-5.880619213969062,-3.4242125250718733,0.7064601970683879,0.0818639854649193,1.8038422510607879,1.9713970802899474,1.7846098358478095,1.3387953249777782,-1.404942615438898,0.4775723123086005,-1.288751039937605,-2.9220869437106494,-0.4153419901193867,-0.6065653633562667,-1.0741565448839365,-0.7470062283104116,-1.3395987201891273,-1.979473984809005,0.46348430287601095,-0.43616213832536144,-0.36270203779300997,-1.1491108495848208,-4.263117944442276,-4.674044457137332,-5.238876236890733,-1.1019416303548084,-5.81435396370102,-5.4373306937994546
-3.121751646978009,-3.9628081943079336,-4.701678668641437,-5.033228049389539,-5.663522739050441,-6.104570910271774,-4.754555506704625,-2.576424576663112,-1.022182144921949,0.4735901017372248,1.1127796157767886,1.6830377202460618,0.1542501837697576,-0.4358039007949165,0.716367101338636,-0.802330335789147,-1.5330622673816667,-3.5405682871418387,-1.144250362727042,-0.8121765711180567,-0.9409189340112953,-1.1558068724109904,-1.266648089497061,-1.5234395610576477,0.1525687945677902,-0.7092994813297848,-0.6008169378676321,-2.9212458156082386,-1.5201854295234667,-5.216510989111247,-5.5942154476032355,-2.1220376175940756,-6.256409290434826,-5.218936230939172
-3.0955960140782737,-3.829543958895415,-4.519157967669804,-4.703059869624694,-5.665541921762758,-6.013483038511818,-3.9847170154604767,-0.9278654417030641,-1.1369891974148594,0.25811598991409385,0.848142126576249,-0.013751116304707846,-1.8969905543757462,-2.4204163009123096,-1.463290587278362,-1.0097161605646325,-1.4564533060836913,-3.263315077638037,-3.5664349283642642,-1.1273603737712374,-1.1164282281425468,-1.3020584436924632,-2.101883239465973,-1.5651149159853563,0.18604288728171697,-0.5055560353570354,-1.0309778447292268,-2.418511204861754,-4.89096168723554,-6.280294186181522,-3.9653014594033977,-5.395066244008828,-6.332108964080701,-5.537463119975997
-2.657515889727027,-3.200429265865668,-4.058447580580386,-5.014600103621467,-5.836419790545121,-6.258484053669533,-4.16905753799353,-2.258436236044767,-1.2564490869342702,0.4719434120608365,0.39485231556641054,-0.48783052559803747,-1.1928575816680678,-1.9944657782132404,-0.6044025539823381,0.6946259854566665,-1.6722365506181391,-2.161045548489172,-5.157980639926747,-2.2456405190346445,-1.0731097043382036,-1.337941752720075,-1.1940956952383421,-1.77790445549558,0.1323188381308908,-0.7627089249781466,-0.8373702637867049,-3.256634895135074,-5.651951152686357,-5.130151370112528,-3.133427181037059,-5.594106916839092,-6.354751622265211,-5.926575688442806
-2.6302127064696723,-3.029870393288999,-3.408419411865273,-4.246943955272424,-5.027361659007087,-5.899198330793029,-5.162704444761262,-3.471012067489451,-1.4660241240507748,-0.46038632489347014,-0.9640445471121041,-1.8560650881952951,-0.5992868458660418,-1.6131292974525722,0.8862020092074626,0.1668939142425167,-1.2107274210483228,-1.83351703456906,-4.1436797362279725,-4.731697430250476,0.5330366217419237,-0.9512801369304178,-1.4045097519475662,-1.693113376906445,-0.07897642412308295,-1.1186325440395368,-1.0373931895089494,-2.5640759729603144,-5.393270661956143,-4.4176411440797425,-4.056303526235596,-5.993276362747996,-6.524097127296377,-5.382492831455897
-3.061529860542128,-2.4744823908027676,-3.2070708460550486,-3.793598334771404,-4.123719694604451,-4.652145797470063,-4.700199012879981,-3.71743764399669,-2.3866519996474906,-1.8188177767536367,-2.3319022497812383,-1.189061274681525,-2.8221020179348466,-2.3207000741692094,1.6632676667654438,0.948058877196824,-0.5347421072278093,-2.8241238324367477,-4.4318529015534445,-3.2329344978562937,-1.1899138759675432,-1.0835395910256467,-1.0601424355317142,1.4925198109448017,0.7396475808519314,-0.8350960007827307,-1.7658257713618648,-3.024075708590088,-6.11176117377222,-4.8941681091330915,-5.348942622733937,-5.637343581616944,-6.255387094116051,-5.58801334397247
-2.9120087802189856,-3.209831001146013,-3.2740878973446876,-3.7453214062630282,-3.4204313467076797,-3.515424352147334,-3.8228424346601306,-3.5795834580382953,-2.7195740808091595,-3.2097856551105375,-4.405420083123618,-2.407656991540484,-1.8849305546202666,-0.5095711051383831,2.2152877787590923,0.3282744869464419,-0.9667361371223674,-1.089604240202477,-1.5323718249534297,-2.0218713510082598,-1.8133844715984098,-1.1045210296810843,0.795628616475462,2.4093995463773723,2.39995365443265,-0.19193844519346953,-4.447886852395805,-5.766935927707739,-7.524313634422559,-5.041222479842717,-5.67566475735742,-5.522870781890269,-6.0265123975667425,-6.094727500520884
-3.078784383921772,-3.5365754519366575,-3.206081609307672,-3.381447197303528,-3.325446955207157,-3.2538924805787564,-3.170823624429247,-2.894027928026541,-2.830516808902132,-3.7876841567814705,-3.6883726824024845,-2.5074071460059,-1.4432090151632437,1.3572949056301924,1.0566179736636854,1.4271354930386946,-1.0854390855600649,-1.6924537693347168,-1.9504047144051229,-2.412417629746963,-2.4619866186632224,-2.5465203040157296,-0.12950603158852494,1.4815623058791656,1.2996837897822255,-0.2982032321202134,-3.125044942761675,-5.447816101042417,-6.204877186950029,-5.50273295322481,-6.031397898192623,-6.117760997445446,-6.026893272486462,-6.15555134343752
-2.8703385856625867,-3.177288982608436,-2.8957339428045747,-2.9561834121903257,-3.7050526454860093,-3.488414071202372,-3.127466836374752,-3.1334576493296615,-3.5957784146448617,-3.6617681172732373,-4.362087793697233,-3.01844250104478,-2.8420608488222086,0.10495383656967128,-0.8736894156485898,-1.844999233743751,-2.921701641871115,-2.7465836909355645,-3.238181333860635,0.10338592215996437,-3.05003361168548,-0.9899687482327161,0.2685347671075371,0.7895134935867055,0.2788270468827708,-1.9676577186437607,-2.7836131983600265,-5.434519962633378,-5.730695644398938,-5.183865088091166,-6.3136175895904465,-6.140484212035081,-6.032794343206149,-5.719340915802777
-3.2063612957305745,-2.9350898455754435,-3.0269084921331024,-2.9781716039903734,-3.5546314553769895,-3.875914554101219,-3.7289238965881877,-3.2642227474267975,-3.262665715000915,-3.7157511844366025,-5.445072083806254,-4.523661272667185,-0.711860066698726,-0.4118584025269027,-1.3116090955312023,-1.6817670376741563,-4.860359226346919,-3.0146226605500335,-3.455667859367396,-1.9166924157674787,-5.457453106794446,-0.4493516218618476,0.8055671186014686,-1.1905256126964283,-0.12929831375324674,-2.190136392344567,-4.100418777847558,-5.992686188935925,-5.251058391658632,-5.159677145799251,-6.659566918570492,-6.047565941452793,-6.478567750596946,-6.3014318740845106
-2.810610752424712,-2.6781251640746064,-2.6452890477236326,-2.7839758273490833,-3.3901616424832324,-3.9070824942500963,-3.7669559799050503,-3.4373623220056877,-3.399552578822338,-3.9148423126363667,-5.2198164948393035,-4.979985320770762,-1.789189132289635,-1.0357954809714394,-2.2281779416091876,0.8622286977360696,-3.1016975972197147,-3.0918165949188756,0.3980739763778845,0.2840109882040917,-0.2514451787809755,-1.7325429561096286,2.038641433734211,1.5626491419593642,-0.52912919811522,-2.1352331232534714,-4.446516974759774,-6.281180748292041,-6.9924580910984435,-5.882841632434496,-6.62197562769762,-5.983626724813727,-6.182766426325606,-6.170445795863291
-3.0428111781787424,-2.5256373218330768,-2.4394443497385665,-3.0127829944974067,-3.4335690594225245,-3.6739900143003656,-3.7033914082412163,-3.614783843867256,-4.163583892066179,-4.229142607754069,-4.499202794091319,-2.7433986918798867,-1.5026827963962066,-1.8627591238707883,2.250537847195645,-0.01949773070868077,-2.6238671990531293,-1.8539651098019803,1.857562955381369,0.6720707225765535,-1.062489469104285,-0.3938596950901592,1.7610036220456218,0.07557707978392107,-2.607114203030233,-3.717788810582331,-4.478008203891525,-5.738558308362565,-6.127984514007711,-3.936211098933176,-3.067805103776324,-5.4260154242187255,-6.1279459052645056,-5.8470438678064465
-2.37602543914677,-2.4744504275473727,-3.022647646362519,-3.0559872878786085,-3.715921352193963,-3.874758092200205,-3.914529893380068,-4.220699140460002,-4.476867380370948,-3.872660209662003,-4.041324523843988,-4.531542526193365,-1.925238834771972,-1.1429755367044725,0.06492600857191551,-1.3120352566690607,-2.72009205802537,-1.0866147551559133,0.8368363532870752,-0.6321278307526124,-1.952897459240045,-1.5736522742356949,-1.050873368594829,-0.2897364994759798,-2.7009853348078723,-3.743377201862847,-4.050771607708519,-1.5370013408220158,-1.376323576926661,-3.0680633733015332,-2.3101990533208174,-3.1099466539925906,-6.367320248344092,-6.1449412025127215
-2.8922194546002724,-2.4562422151268932,-2.8981271045870574,-3.3860857530240622,-3.90459505187925,-4.174246814640706,-4.148005010400278,-4.419201446394086,-4.557255911684832,-3.6995868041553486,-4.031566741910472,-4.788761235867801,-2.7552952497061822,-1.6525856422584766,-1.249374463228243,-1.6017950661953628,-1.5664170203928118,0.243638832353615,-1.3024501185836932,-1.5160078834560142,-1.2857331180489364,1.4540690535425855,-1.6217821639574348,-1.3336835685277775,-2.7945389938978336,-3.886511658453074,-3.379638550834282,-1.0748817134053972,-1.7402178227065304,-2.139055364207437,-2.7100907920290513,-3.4487862571330123,-3.8334751544367136,-3.4095719345632114
-2.7547120214695955,-2.483075231597087,-3.1332418213805413,-3.6906014017685442,-4.393988261477881,-4.534848512883267,-4.439728419846039,-4.651560626460019,-4.429090304420275,-3.802410562663409,-3.8145640248682096,-4.659807269663949,-2.6234814118357304,-2.2673696791742546,-2.047027994900331,-0.8883105364923014,-0.8924728827522446,-1.822198729277059,-2.6337103211167476,-2.4015677561410875,-1.8130396396886568,-1.0382808797310161,-1.9722224589684365,-4.303029413775971,-1.73928941563794,-2.0265670515626875,-2.3525776687602384,-1.7181649857722454,-2.650913675424174,-2.729579607286283,-2.4399062698723033,-3.604584029584456,-4.538398416400526,-3.53269795187074
-2.1031650728090976,-2.83390924785096,-3.026580236851937,-3.6463966863837394,-4.359911297093175,-4.394836378227537,-4.538719363487812,-4.664070599543979,-4.8972879471168245,-3.5732485303043595,-3.97760271398532,-4.4998715308526815,-2.7938298416107075,-2.1516674422703352,-2.006264802263233,-1.4265052030400245,-1.8410880941199956,-2.413305948233218,-2.415952719175658,-2.364467454249289,-1.6496628414479835,-1.5670667948282182,-4.142751729806496,-4.629337117727027,-2.4863501518295394,-1.9508385954656637,-2.353093880518209,-2.1404990413588414,-2.3953686621062484,-3.1275192199078288,-2.8487087224267893,-2.8869020763727997,-3.6457761218617395,-2.9810158384927816
-2.6810844706470798,-3.0729003565394333,-3.3774514598843295,-4.107429795597265,-4.619627718330748,-4.58266133484372,-4.551240394461376,-5.259016686346429,-5.149257159250026,-2.605595005894182,-2.763997690659141,-3.6033634758429693,-2.2048142791324734,-1.7929170552674165,-3.4352674485286343,-1.2106566842078115,-2.3807916817391646,-2.0346445874691006,-2.8691654412607646,-2.1290567064883263,-1.8823512908241047,-2.520799642378277,-2.1728922645394673,-1.7766805968830952,-2.935038412700424,-2.379422156924582,-2.3510531814207285,-2.1650595128428662,-2.7921716566138466,-4.638036646527533,-3.9146206513108135,-2.8747721777330293,-4.332327544455762,-3.951481426447066
-2.9321009189469085,-3.5272544236477716,-3.715525026948328,-4.382436773024352,-4.784485772688836,-5.095223184888286,-3.291798045177978,-3.080745309669047,-3.5643410308988974,-2.7514546759096357,-2.0915627933204086,-3.345819765302314,-3.0782059176850765,-3.0155421982592188,-1.8449349237869694,-1.3685490153180508,-1.2968892504069434,-2.1614146151125304,-2.6343232203571207,-1.8870315993262492,-2.3057435307862866,-2.835434555925231,-3.77961797555713,-2.314923598422862,-3.677489662597312,-2.883918936186807,-2.0625694244820783,-3.2520777627069277,-4.593946423886503,-3.5980737968080647,-2.1739643017213943,-4.383334518369472,-4.222477534758909,-3.8701418085545454
