script/wind250m.json
{"header": {"parameterCategory": 2, "parameterNumber": 2, "lo1": 6.000198445256149, "la1": 58.999992894266676, "dx": 0.5, "dy": 0.25, "nx": 22, "ny": 24, "refTime": "2024-03-17T02:00:00.000Z"}, "data":
[rows 0 to 23 of 24, columns 0 to 21 of 22]
3.841885296956895,1.199506034882383,10.938687477150278,2.862308407947855,0.46050411666877766,-0.7510688259560334,2.7094226386665055,3.3663059068443766,14.526587896564545,6.335037907744746,-4.7959019589453185,3.6513867814510856,14.392789803000817,-3.2930740030919616,-4.4681463981497895,-0.19031595138528098,-6.266856553696732,11.305939241375194,-6.272401879449915,3.335384297118858,1.2673220092020707,-2.8703876370189465
-8.36077702411269,12.818413388657502,9.03396922371288,-3.146656059278353,0.6957372118603518,6.808217578335013,-0.5836756123803435,6.56405580467832,-5.25464105244061,2.0464400264839777,3.103034307298814,1.1278763178274296,9.04432838858251,10.718610201706577,0.33811499820907376,6.22515602139528,4.755574301848154,0.10646677829932177,-2.509354195577142,5.518254529338306,-1.0077987988268382,3.4478474974527846
0.03496977627182946,5.780868817244877,3.0210611811751003,-1.2651645054138618,4.084183751408834,-1.1075667183184674,-1.6186985434774457,-8.434350812636527,2.074902830343063,-0.12850294527180056,3.1404491644892096,12.071098093947594,1.738884562285941,11.804507014163308,5.196484297563407,3.2549959134478192,1.5130928203071734,7.9342841935884065,11.895675270963928,4.397448144517308,-3.3749035474558764,0.0491570194168847
-6.157416231992124,1.2181785816856776,1.6758338444099163,2.049502823405675,0.17632100244714888,4.55342183749129,2.7152132163169025,-6.697244200677025,-5.740569632712942,-0.959369474466257,-3.909212505497488,-4.9526144290137575,1.6526362899008695,2.3173515581586344,12.98294829626386,-1.0332818272476074,2.226503831199085,13.189159289486398,2.216372601328154,3.7979606779490553,2.7742634906586567,1.2577572150589496
-2.1801773284403514,-6.224413046778575,1.4725160880447665,4.5179535433912905,-0.6704510422027271,2.790939492888465,-0.5021470871720017,1.7165325186278348,-9.68408552223609,7.351100650872262,-3.83380512195488,3.795093041256019,14.610765693245847,2.0798128353516683,2.0197919895586645,-6.194319628934086,-1.4567284403795022,11.43233850657363,-0.8834052767973405,-7.00573003874188,-0.27816330479403867,3.076313930139701
-6.1174118390736005,-6.218631474596848,1.9939612363752106,-2.1589339040988875,7.613998580909498,6.132288779043542,4.737212473891169,15.012710339284567,2.266557849153322,3.481692211075539,3.362619086177753,2.9619052254364013,6.174666498632439,-3.660811901690983,-0.8414166442052077,0.9163449175209655,1.9962192849149734,9.582245175707968,-6.315791224525228,4.258286155490952,-0.8298572797506422,2.3276224770272043
3.9361278231573946,10.076983422911331,14.018716197642863,3.7749350102614865,4.950547475622255,4.437378411323927,5.278825386551366,9.94198997721114,11.414302696875465,13.134825421307955,1.1570087928542463,2.347489801920369,5.832612371308679,-4.369769767825086,10.669240274948015,11.630882528864953,3.307031404946065,11.921788974937034,-5.348814933319083,10.074674756658279,-0.5369997403144502,7.696506385772888
-5.925377583188678,1.8055556954122138,1.3861107806222925,7.336914219337529,-1.6567735234262069,-0.014059046058508252,2.3566041881883764,6.578827956073297,16.00818001588436,1.0602569021465835,7.692809894049438,15.023825287721557,-3.1039121386108577,4.012339817781743,3.5094688768211895,4.683986099121888,1.036951390147101,7.773706963553475,1.554583572483807,13.105630227009506,13.332259008059827,3.2974638317755423
7.565201813691516,0.39960874827348664,2.3155457687805794,-3.644212631827128,2.6097529234070724,10.551176883128809,2.2972875627028073,7.4986859850675955,5.905017573907163,3.2309271174218055,-4.799959817977112,3.1930126482479313,-0.6512682257217448,2.059165652635554,-0.2641671686812266,16.24010381424036,10.336631664837354,0.6617710217033944,12.378679341774825,8.36330183115083,4.816835343854687,-0.30262739354182816
-3.0330901265263903,2.304283438232018,-4.143826841346804,10.284153937193976,12.285916306760402,-3.8195672998500116,3.341511997525143,-7.316872898508312,-0.29739625699317795,-1.4944635038933844,1.9792501167787424,5.039410291330551,-5.66295078321916,5.560171172446629,5.872157052260511,-6.575264745754161,-0.19847805268057464,12.918536034533478,-0.1789097201544239,1.333969100241495,-0.6971538253659931,0.4425205732789492
-10.304741329664676,-5.756386978210003,4.872826874896681,11.376382767325813,-2.8130698334839512,-2.9084331529774627,1.3410302351940637,2.1814386121736558,9.404833190664377,1.569441415649017,5.245743523386071,14.24450155333487,2.7965879136412712,11.217563351010634,7.003922190922932,1.9467282516738469,3.5490450064100343,0.37802775531844524,4.066621270460861,13.582541568450015,3.790269494544826,-0.42793853731593023
6.7138954268191755,4.646680707670971,-0.9099303477830137,-4.0390099009131974,2.6244344098045103,3.2345002764796944,11.365222670824163,-2.9076169851121767,11.77008020380509,-2.9270992681014025,14.87517707114212,-0.474100036908515,0.18285617294712467,5.0518741322316485,-4.206067230647873,0.6676418906810627,7.889272157089019,-10.56874112787203,10.95195489985942,0.11175585795848446,9.054506741584223,10.977605486725865
1.6001038708109825,-2.1331785230185507,10.43487872422137,11.792864501943265,0.47751335378063814,3.7707845800993485,11.550763110347315,9.005506895484704,1.7319594513751737,15.11526131868641,-7.738870367507276,1.365955175513595,8.66767556381403,4.246690118261979,0.2861428816303981,7.136358973381064,3.589754814446809,10.415773446209935,1.1424649329824013,1.5184153362573183,-1.2522407988783069,-2.1168444982534136
1.84061617608696,9.153718121292762,6.871277597801678,3.685694126328864,-6.332769473681616,12.359859865700278,3.3280573113719303,15.131771639281139,0.46345911203972406,10.201739833611109,1.578527793070539,1.695848283034588,4.322969708100742,12.544416273869874,2.6119035793344603,3.6446493999775735,12.44633338196447,-1.0199231515222746,6.415415852631586,1.330666907265418,14.450295898760546,0.4867606016682392
0.6496721941403466,0.08800149010212419,14.397157803639146,-4.976303056469579,-0.8843848061699536,8.811259177311221,3.6958525795159916,5.04023975292855,-4.5133941876789105,0.7730233229415479,2.3248962589840176,10.328228433167151,4.126179991002743,3.36488111080021,1.4090452854488806,-3.112698879025859,-5.724450062553842,1.3749902460726595,1.043322309580316,6.8763173840686616,6.440005643796716,0.45899169714259164
4.167179852758404,5.573725424391165,11.016944287288062,10.263693373113947,-5.022422034580462,0.7888379750908996,-5.364232517026606,6.331869421726995,2.6382303722778495,10.430467134125852,5.358827174748353,-2.6066446947937414,4.580951320500387,0.3313857014197104,10.630801602232209,-3.190387240083004,1.918368253854565,2.907022428821752,-0.7483757233121803,-6.613505759487143,1.5425093984806344,2.285363739251714
16.07703171696564,-4.404307124838644,7.356317914522801,6.627590089590229,0.7978070732014627,14.08918448281323,-0.9000264386167116,0.3879307803542758,-1.6349739266313612,2.127536815362035,-10.658695273378578,10.790795935701766,-8.425553986507817,0.7905440814195855,0.3890814219561341,-8.918550768406885,-1.6107725108500806,2.812301311146496,13.011051060308437,11.33151601787754,-8.741938728662364,12.707046462445577
4.509525605169949,-3.7861523343873476,10.834743360733128,-6.743344642585918,3.884330284600669,2.397150775951342,-0.5663203347362517,2.821035157481454,4.580609335538244,15.241082118450574,9.27621693685615,3.7748375216311936,2.1126964471762952,-9.418540777888047,1.806716495291617,-5.645732448610102,1.9155359132295888,2.7556192065789213,-5.060690022005064,0.829065169620585,11.321487401807767,11.875855060447874
0.6503323636341793,1.9686999107136673,-2.721772316245887,-5.860989041622254,-0.4027015909125076,-2.8864333835672977,5.809754147351815,-0.4977585970183917,0.02203624313416079,1.1551490115388454,0.6268262617831385,4.453566384436065,0.5290806288049942,9.60562203497801,-1.2509718624472157,-6.2732342237179175,9.946331861968511,4.3497573916269054,4.3688745445821695,1.5251634040835014,9.732923409455905,11.740770207998736
1.604897921110434,3.0123715117596697,-0.06573309490762029,5.397912840258632,7.796733525319986,3.138165707923227,4.177208776647841,-0.8862718611619219,-3.241198542907625,2.2425679770577887,-4.004216094104958,15.726311812445994,-3.642089751990641,-0.3483095673346903,-6.672165645228996,-5.5388927803621995,-3.983312655916194,4.126270133144286,4.108994744691074,2.100852405819372,-1.7331259471994562,14.736864051103122
1.7771989353526632,-2.1373749914632225,11.193998256441022,2.256130601644502,0.06273352634046828,0.3019412048448513,-4.390743363667606,10.889785872044346,15.665119865676315,1.9644636123833275,-1.641679786945876,1.9988966202104874,1.2762239233229409,2.118535110416652,3.4530060423087603,10.396967049402466,5.264789844938597,1.5012667429078366,1.0715309866479337,-1.3874016929029445,0.5895999691835878,14.75928944477155
-0.8148808011693546,-1.4463046885914699,-3.3932219245064448,0.3200838510328944,-10.88808573328086,-1.3736631892226723,14.924574868190119,-4.227436255917279,3.0356911343985424,9.329173637839638,5.281463461131324,3.2653612073477567,-7.9071616518445484,-3.896954793739914,-1.8288156430712705,5.675882723612037,10.422354944775227,7.843351743154217,15.41329328650986,4.1539485476978495,11.13073384631056,2.5979944092487064
-3.7415164258551483,-2.909043300065047,-2.2416037281604435,-0.8341699599133111,4.32942587740541,0.683738777375567,-3.5626419880503195,-6.540060598708349,-3.5518537672737454,2.2479696103633264,-1.4904578207319557,0.9687356857397778,9.5836825482695,-0.3412627691513494,2.4289538316661528,0.9972978895821072,6.818443366067105,1.0295915799786597,-0.3216911554845111,15.76581008397658,3.245550772092048,13.15804923245714
-0.4258914058402673,-2.0160318092932767,-2.1098541008153986,4.836498397045648,-0.19732113946329105,-0.1723842050996325,5.0048950465279205,-0.8274447391849347,-3.4530004222608826,2.724668630759535,0.8230805604963557,2.74246044453026,3.4266787219730963,5.2030363964488355,-1.2414753205976536,7.211494674554605,-2.015589973320795,3.5353332671414783,3.717408785492162,2.4669346398565852,4.429977186515243,11.23133258238736
