script/wind100m.json
{"header": {"parameterCategory": 2, "parameterNumber": 3, "lo1": 6.000198445256149, "la1": 58.999992894266676, "dx": 0.5, "dy": 0.25, "nx": 22, "ny": 24, "refTime": "2024-03-30T06:00:00.000Z"}, "data":
[rows 0 to 23 of 24, columns 0 to 21 of 22]
8.807848346731229,0.4234240985971645,8.174356764436519,4.491467524636318,5.436685251435548,5.365586002302482,9.7471921921649,2.4535398861341347,4.09692089131316,1.0282298931931413,1.7887371884745902,-2.280362254932357,-0.41569021589979727,-2.8990299379238333,3.4926989282097027,-1.5946995476618209,-3.3950343303366273,-2.1071107485255185,6.744770221712167,1.4885099756127467,0.1755989701358017,3.1328944976352227
6.6827494814418245,8.60778101074219,-0.8194504832032862,3.2841686423368572,3.7033138040009694,4.37070883086512,8.02672979847123,5.648111438957622,10.603967886586455,12.903910534697578,4.234322580948852,8.456347333749349,5.5940710446432576,5.361703232098508,10.83226828834723,7.669986656590131,3.6531424532051426,4.563819745975283,12.151043152587764,2.6214745948809,13.023173240961889,4.819002908273691
-4.16343140006839,4.075398749948117,7.401305168163343,5.40847284995117,4.992700142369691,9.842019760437411,2.691589382133707,3.8267242155293655,2.0589228655990715,5.0696155824067235,1.3795656146794233,11.200278757932663,-0.5440489318122539,-1.1594062100782911,5.358051066636162,0.05770825359684256,2.009087641460138,3.1291739194127475,-1.2610470792573691,-2.5075099845392237,6.827000152813171,-4.033799781781263
10.8302125280227,11.183818888661843,9.482222652802761,2.638203924542526,5.629812997307569,13.42598147056528,6.786886350707822,12.523160774106621,8.340185973527783,12.725348806360566,13.6098519442849,4.683064295798413,4.835015165000024,8.642404852080071,3.1688454803353996,-0.48544657411107645,4.348444897803601,1.497873819270357,6.895308004557871,5.083190393130414,4.039786830383128,7.934319052439238
7.378757757971389,4.128113795197685,-2.0208310637631692,3.5773629036600183,11.840817362930771,9.523637725813982,-2.044911068033837,2.9189971016580163,2.9825624109367115,-0.9384429710804404,3.577328139550614,-2.7863223747562498,8.657247397509368,4.35119223600639,-2.9901786860497888,8.833709283716217,3.851303430772601,8.501904222135954,1.2123831754755594,5.931463442071696,10.19780138701886,5.445147838945441
8.369854509776074,5.448574965182855,7.770212541032441,12.143499229953603,8.47532031852765,4.202520629888405,2.8715548525244334,7.7270837718537075,0.3680213816010738,9.450028315438333,9.52671805027196,1.3125598412054507,6.832770801410372,4.945179383671322,-2.847284060580067,8.170716047167794,5.231098781547352,-2.2596487768069915,7.174561577058108,8.860474572575841,4.562862148960307,9.529389166455626
3.8490532938377653,6.5416898801612735,5.767676047637575,12.736814978096506,4.597568108235201,4.9406444946707175,9.017260409885234,3.910494034539989,4.930523606214976,1.1440386003941618,10.581272291234324,3.9822331235915756,2.8726304032861116,4.079695136154121,2.049032158157826,5.7240641093171485,1.578259328652402,3.4302732372987106,11.773557795654533,-1.7306223508580136,12.633342550845137,1.898230200281807
9.282349539139501,6.805123529607689,7.5128410340509415,10.331396755763441,3.976303452814089,-0.19479966215845265,3.9172672719960713,1.0008718439388447,7.057862566327253,-0.6992320236082308,5.159677009401249,3.7892247275811792,3.217633646410754,-2.3526001555653457,-2.4401564129665823,0.6136237176028586,8.671785313552625,6.6036713885770855,8.174410959893951,4.1073301649929865,7.210901447364472,3.8775847714070646
12.066069925056542,2.6826323120462137,-2.4856634891312877,9.032169560598053,-0.06467914239514519,6.801914050869807,2.5784904933212776,-2.4914461539795285,3.4472493558908184,4.676670206742945,12.516277256296576,-1.0546350385020065,7.6564659440431315,6.637916342178592,-1.26585451728515,-0.285343968029518,6.679828959136674,5.026434334275954,-2.862743463462111,7.515281861244604,4.688583708763403,4.169895810257011
-4.363061508308195,3.8215486387990305,6.082420087342843,2.4532761672112757,10.301697102120517,-2.881253792645486,0.47619681552510396,2.2649963591565707,11.886697972898848,7.7491841130356285,5.1526916194509225,10.657345454349766,1.8876758108491385,8.874169125107795,10.51231656456271,8.19000473907262,7.932396140606978,3.9515570290190523,6.005628873145396,-1.87280806187498,9.018844167740532,3.1865959411301072
8.873631032916675,6.130757258571218,5.382280618273073,-2.341237385246323,-1.1295087616199124,10.966213548763124,3.089535033945389,10.66082982571134,4.139885185175942,12.431948459240008,-1.3507231614880157,2.231203896694421,5.878767321393014,10.261461589638053,-0.02271004468129515,8.677971341337436,9.648482887659998,10.738499601956256,7.808500266109043,2.4051283916795607,-2.1894960130107175,2.551847935496141
2.2925225661382918,5.441619981760742,4.454451173776794,1.613100743490658,2.992629736731957,7.2662573480964205,5.798458601238844,4.788980584620053,10.8809236543817,-2.6923474274228196,-5.2001625921204,-1.6052347984374535,5.112389439767877,6.132811160921058,0.7564376022180155,-0.20381352576978584,2.4421917805521356,8.00497438118997,8.251238046036386,2.9717233388623185,8.369399674372158,3.859759052942719
10.465138526190986,5.724416717800198,6.635246274971771,5.409400542232441,4.330212779835611,-0.45314486936411474,-0.8781933427264466,3.6341742220556075,-1.9602324151144133,5.959538288715659,5.714614994982738,10.408256919352246,3.907499105071951,4.510761223802626,0.4502038626074403,6.708564213241072,-2.7831143032738077,-2.236343570137294,4.3663590984582505,0.652384296682172,5.80141819126699,-2.541514419485661
3.692876514864352,-2.6687550557191257,-3.211780582844859,6.415896106645312,3.169199316680178,4.216037624928982,5.046831864787039,5.686671730975667,8.472383783829095,-2.528918852949507,0.3429815006603629,5.787822421399352,9.841513958118185,4.2758454502635415,5.508785405343551,9.141979592811307,-2.109109251915798,-0.45920781729155724,3.971160793250788,2.746597975838011,4.566031086252595,3.770073477976846
3.267420038829823,-2.1529647561319885,4.73045553149092,9.390656056916173,0.2372685783179481,13.858452117108769,3.720168255271357,5.171885807542923,3.4908295487462713,7.710060363080587,-4.398598251556609,-3.323018288881148,7.879441764352371,2.4758002010379596,5.090045691335151,7.921376488887184,0.25114267916880073,5.455065589587095,6.758086057135222,-4.069247670677496,5.151739812669734,7.975154169281147
2.453332809431532,8.68210239141485,2.391748215855345,1.1509010290519697,9.483558221185069,6.841671945280349,-1.7901195562777066,-0.03775771183083709,4.320768969214992,5.389113592851284,7.691183560150745,9.75060274274885,2.9245749242395207,-1.9317306307123756,2.5656268860594875,7.186264538961827,2.046891173839628,6.2521967848338305,9.723432343694713,0.14887606206942053,4.45753972784295,3.166255457846716
5.522286177950909,6.635760259004944,3.2675604645875738,-1.7945000230326835,2.655780116447871,5.00245357015005,3.070072111703606,2.4932742438285502,5.047054090495632,6.81684632723734,0.5862048359428453,10.536419715135079,4.465216469690459,5.854990468226647,7.32144967659003,-0.29985798780028855,8.853298058672094,9.689126021073825,7.351528066702596,2.9316361691733857,-2.3685405274401083,6.524493131652813
5.109797026282184,3.5743194634756166,5.1828649413801235,5.791609914520186,4.085565020291601,10.02840247182639,3.309209120626382,4.759379828154624,4.043869848382913,5.162328661621896,5.032185970953657,5.40565474718543,1.1331933989728558,5.078733691140147,9.700808273261588,2.6584959648504625,5.075655638916551,-1.7161554641970698,4.897653879042393,11.17233935144939,6.185339167402791,-2.548127287754229
12.547919419653866,7.808498131683163,11.01650414044526,3.6880510548349332,5.007498072844676,11.099240838968882,5.502457441708405,7.372494383848952,-3.1343485015999435,1.342860760473039,2.371290634035087,10.100387646725203,-1.4210790186561086,3.5047426299411657,2.8827320956343234,-2.8189111858122455,2.3698097047146804,2.394002620190975,1.8306790323394546,5.539954980943152,4.300540304583118,9.979421287490345
11.597885636202086,6.890184346067375,10.172850942508703,5.4241036110840115,5.741629061089039,-0.693446763325733,3.6012266749282245,3.3219845093475975,11.299980158195188,13.309037161762706,14.80215358217209,6.936007267374814,-0.19660484572461326,1.5779574487971417,5.258334713321143,-2.043306310998378,9.998128046976591,2.7533729373424762,7.476114616568051,3.0510020852533035,13.666470141287613,-0.20913283518982223
2.771652230416351,-2.6803467460863537,11.418402350508101,2.1634181955103116,0.3672338325018725,-2.3899809903598848,3.6232299769792307,1.3513008980136,4.300524724791452,2.567109144860727,4.858945497183717,3.9776359711621687,7.0308260718821876,4.818982850786078,5.211494303427298,-2.623130598116404,-1.2279397418404396,9.01081272862172,4.589367003615397,0.4470088039265719,4.773554295614152,7.377366735340925
3.2694539362514194,4.842828677674354,11.575077387526227,3.763908656847345,3.9345368750868306,5.679528688249831,6.09698019932834,4.846355729942299,5.622111994553179,-2.183357201276731,6.203345186814437,0.3437411043074753,1.4872060569595524,4.630349555262516,-3.46831981306756,5.132853442272483,5.9048887077971655,-3.614443109412598,4.316296724390401,-0.7470589969546324,3.9875520184507875,4.403415339872645
9.489958424750258,-3.345328918567556,-2.891982813875906,11.337670956281945,2.659719895125363,-0.9627345716533587,-0.4422773065761262,3.214167270674373,5.00466437063792,3.114610631162368,7.1672976506780905,3.6831573200902685,-2.40109509663176,3.044737515440385,-0.04375961078408566,4.159995011187437,7.253757170335879,10.686647866620858,4.32556756568357,4.589524102499401,-2.703568267978728,0.49358185402881627
12.884043607694702,7.536744506932248,5.939576782182679,7.477435901058377,-4.674061055876673,-2.7495125144307324,8.299431868164646,-2.598094649737375,7.594394683087004,9.078881818151064,3.9460577615765224,1.8364871082803835,0.09009658085318437,-2.7169724749224957,5.508638564042306,2.4725230151808195,8.0568964934787,-3.082022206766207,7.7696399656158475,13.054864131839764,3.7119654130060202,5.151905934904693
