script/wind10m.json
{"header": {"parameterCategory": 2, "parameterNumber": 3, "lo1": 6.000027932988019, "la1": 58.9999434238085, "dx": 0.5, "dy": 0.25, "nx": 22, "ny": 24, "refTime": "2024-07-21T19:00:00.000Z"}, "data":
[rows 0 to 23 of 24, columns 0 to 21 of 22]
-0.566810123316142,9.641189650622188,3.9245326939404803,0.5312757933837783,-0.2435283024858321,0.2976885668668687,-0.06007383527252199,0.5318011914850632,0.9419646236071956,2.310583427512938,0.886268438174661,-0.30221679007526336,-0.18035424623243085,0.5530259663616979,0.8704537463998165,1.7251521747177687,0.6911947563271092,0.8671856527560358,1.3163298564950228,1.3625800406370725,1.4470016095672629,1.5270307421647602
3.3838655023586637,2.5166450831370373,2.105945269797996,-0.09858043678987884,-0.08033055874088202,-0.5061764615831043,-0.11301150399704477,-1.6362603141121965,0.707254228480743,1.0666984483813804,2.2625740228361977,-0.3311193655426641,0.9064101085672525,1.3747999486379137,2.086562500762719,2.192192192119214,0.7114036894755935,1.1663046933021886,0.8860315192544289,1.2414996224157793,0.9861347165786304,1.0372030237428442
2.5251427902490655,1.5976705404273184,0.3559861197217356,-0.5507274450898949,-0.747076852203586,-0.5152708941376976,-3.7112801922848004,-0.6830713148971842,-0.783734278546035,-1.4749860715532779,-0.18121541162519614,0.0936114711085099,0.016762162414817174,0.7665755802224236,0.9974817735113037,0.3647469445226937,1.0753427871859595,2.57884358085326,1.8721419530669214,1.5125061075936477,1.086836926076095,1.6297324293230753
-1.2626949898303315,1.2221557311152336,-0.16713817627996205,-0.7478957245566233,-0.8012362272543488,-3.7949095981983247,2.9863813774294177,1.5922173885919766,2.3773726049684165,0.09796481972892167,0.5496794736480947,0.12723465626659314,-0.3312242276778645,-0.419519490327133,1.1167995166265743,0.8494003559903925,0.5849709078263441,2.2747186921405915,1.4767210994791875,1.4063785903774335,1.1669939281660713,1.0887774040465439
-1.8321958283808586,2.743439400823846,0.5253728024373567,-0.9230743497505591,-3.1937520870026885,4.489699493242322,-1.4896798059162668,2.2405893332982636,4.264712622972431,2.820076516613863,0.7036260873156626,-0.1032517017676905,-0.775428827317908,-0.8441948291624894,1.0300635386172456,0.6046271795051225,0.8220322416428082,1.6446499791978793,1.461873344344086,0.979666275689106,1.54001982761301,0.7879694822717604
-0.8448507184076589,-0.24647819940664845,0.36655228551558483,-2.2359838282964724,0.16260871447377032,-0.13112359089870498,2.6774936222646977,3.8627768961045286,-0.33953258051558366,3.6063848163030414,0.6727558570893679,0.4483818926819797,1.5680085482968094,-0.31403025679660357,1.410015865317376,0.8933636104748137,1.5260303983786303,1.5064973034885982,1.3987303938910856,0.8995429914254347,0.9619207230468256,0.9432595265079331
-1.3500303158232847,-1.4673108090228508,-0.5060001909817142,-2.047445773978299,-0.7208811445400936,0.9403973607002671,1.6521460500051295,2.4248807702912134,2.501602659796409,4.141317547639011,2.947275644912429,0.6473308017933352,1.290681560173227,-0.3235008642939535,1.4163859504550824,0.7950600453737704,0.9362408294734137,1.4902072933906176,1.5473424477700184,1.3141641694216069,1.050429610509842,0.35336950220537156
-2.084212476984122,-1.7826377138453844,-2.3449786213373573,1.0278609276990327,-0.057020799219814476,-0.8700229063845479,-1.9774117061052332,1.7539806242902627,2.5461790665530133,2.2567562531808973,2.4372419249056305,2.5741724057092537,1.1279055476400928,0.5842227301159155,1.9226385328627806,2.1085947646127052,1.6140241010417324,1.1364657667986737,1.285058402804578,1.0788075286503176,0.32384959183588524,-0.6743804823174911
-3.4725869590480465,-1.7269620325266422,-2.2114260766213034,0.01203843207805553,-3.289439315670722,-1.517091372892786,-3.201088269300449,2.0468216544062905,1.4773906102755343,4.404054351665162,3.514031046264694,4.053500737433132,4.476932305689634,2.607021095046994,2.212013110027959,1.8222467908108626,2.436913748247495,1.3143934143673888,1.1477224182127739,0.6353953035786217,0.297819054645244,1.0939036251003782
-3.792079307332404,-2.9624657608523774,-2.7536103417733853,-1.5756841709769143,-2.6162637739336643,-2.22805115907586,2.304726413188007,2.537141387848215,1.4106130388398084,3.5662928877612265,3.7495474292859754,2.5874013195898495,2.723805056296369,3.8356704304911955,1.4663506111372155,1.6556812287845826,1.8441789953697727,1.7153479218660865,1.240682097947073,1.1222369792211502,0.879230341973764,0.9767820108599614
-4.458021800472345,-3.2502774495116507,-2.8232919855587246,-1.9247853296825361,-2.7601210401331615,-0.49363279478187355,5.521917752430058,2.202230818704759,3.2950484551944443,2.275431890802897,3.0772436928726887,2.7149851576339765,2.6993935655085672,2.344205175931563,1.5723211366473522,1.6848518298521145,1.3599366076501864,1.322982552575936,1.6225953647716667,1.0041756594457558,0.8041291673333593,1.6394370321612868
-4.0520212194729615,-3.330260822123522,-2.755188166795071,-3.4596087827015745,-1.8103862816386738,0.8169016897231606,1.9262727169684293,3.2569871960571204,5.109312293000355,2.9480111352251175,3.309614851998157,4.3668948810196815,2.2336833588943277,2.2403425717554057,0.7798262028140245,0.6867630711601537,0.9519170064961529,0.7748448739844732,0.8102589998459224,0.6259675301898047,-0.28603512416194465,-0.10559656405396618
-4.012051490066464,-3.9285339147352154,-3.1874563507336453,-2.5818969775141003,-1.436267201509116,-0.2059630873190666,-0.08901872309248521,2.318876032796042,2.8649660910458867,3.905240305737173,1.7787820804071532,3.8096215457755975,2.720718346613447,2.1817449712974284,1.0514020419774237,0.31102693531426334,0.7968778247521169,0.015724727487622454,0.1998267768754262,-0.256172316155183,0.3526935373298121,0.5510066410635057
-4.362303450238989,-4.120647278166115,-3.088998172917199,-2.6706319186955834,-1.3239030148445747,-1.5935729580288516,-0.3921475363428211,0.46556861582576037,0.9194539829337209,6.710410115103188,3.164048302437683,1.9060630669832144,2.6448889152437727,2.2726388458333675,1.8283424457065678,0.2752531110656743,-0.1611410056180196,0.21045864394101277,0.33831605652592966,-0.09037244264709719,-0.6654453935913676,-0.4026645657560761
-3.987065381315809,-4.886798481103687,-2.919931622596211,-3.267324036827294,-4.035555768908077,-3.716751493470223,-1.4573002949562535,-1.5562422016887132,0.6272143666221592,1.451814619681107,1.0538103567445025,2.0684242301108426,1.312973740526575,2.9935273771146345,1.3307722325914457,0.01450931598398356,-0.29330301926592245,0.020595647110990736,-0.007050261382588374,-0.3838518646388545,-0.7454618988680318,-0.44104350944284093
-4.0143022817096465,-4.422995738076803,-3.375678160596525,-4.187647141886851,-3.1189576588689962,-2.887151616597196,-0.46368409965408947,-0.4676257579835423,-1.496380345631711,-0.6556873412236972,1.527260825776273,-0.1022381027560409,2.113265925434926,1.6822888815504264,-0.513203868813435,-2.066051908045088,-1.2253452724903946,-0.7783300076773879,0.5687788375461301,-0.3647614094333072,-0.44390585186136616,-0.19701579874249228
-4.075136353019946,-3.349641303725692,-3.4597554927266962,-3.58331176771934,-3.728984941224303,-3.865127309129686,0.3214633718711099,-0.1761884148668251,-3.808421453738157,-1.910492439293621,0.044901794333285255,0.9888141170346894,0.487624835987858,1.4759945879818326,-0.09080944278676109,0.666153342092551,0.23621434542606423,-0.03679214990357032,-1.6829634848354809,-0.8440571953605996,-0.8017691337087094,-0.5375115448827489
-3.9943650349514503,-3.691242925360224,-3.689509957560019,-3.47876472272151,-3.0531720374518354,-1.7084745076106758,0.5194287677179031,0.33061192265863143,0.7419798014546075,1.4594637271011364,4.282571474731796,0.544019773707121,-1.136918886174179,0.1316993819716832,0.817357667183271,0.4087490283958186,-0.6682899404676591,-1.4897740344464392,-1.8176393656917638,-1.1918489355039266,-1.8203136744964523,-1.7192250805915117
-4.570156694646298,-3.8856418870934464,-4.056082747251726,-4.447178474539456,-2.5327674279071064,-3.8533003763936797,0.9135317881167334,2.9922422929461803,4.862741309038865,1.444947448933934,2.128101971267899,-0.7453894282618386,-1.1435289022866602,-0.3484778493708056,-0.029600356036047087,1.0872024563928109,-0.7135689846980993,-1.5638210964820942,-1.7523674309275243,-2.1914668962123867,-3.117062932996071,-0.9301737092995016
-5.5032359844069925,-4.9353123173632865,-4.700947057391533,-5.702008134097205,-2.998382931824101,-3.5451718987751555,3.2835001644454724,1.5115095267631724,1.9600354070260628,1.145810649545271,-0.7761061218814163,3.60796940506476,-0.2111686088024526,-0.42400237517817535,0.21943796524477543,-0.5512140358410688,-0.5803074302932721,-0.8396447959872775,-1.7045576671404445,-2.7408884367852018,-2.0163271996414,-1.476320387421142
-5.729183967383247,-5.392588389326577,-5.346648744231094,-4.08127524608757,-0.8288979848225934,-0.16911798567830338,0.25915867099784967,-0.6917999005487496,1.0135015088406505,-0.34397529458299625,-1.3632105056481045,-0.7299988300590879,2.284991037020099,-0.06452830548115136,-0.8296708190351235,-0.5909322601452146,-0.8461425394497224,-1.4270770187522002,-0.8263607162521791,-1.20387528771854,-1.614071579570177,-1.2337793464080724
-5.885583212735827,-5.031325421692238,-5.034119811064235,-1.6925907801224382,-1.498524350891971,-0.7441600275441365,-0.054151727866233214,-0.9088759548710288,-0.8752538724548351,-1.295073430317638,-1.1000173192183835,0.43258346334728753,-0.4557637828833568,0.11662925552246443,-0.40748185499988787,-1.3468960819177878,-0.9828257231865463,-1.739704061076167,-0.711066706917254,-0.8180606256109844,-1.5947030403972764,-0.7738190505321181
-5.370517986394117,-5.122203373755119,-5.460284316449357,-1.5494993733881444,-1.840880358715407,-1.8009070270843925,-1.632366164709497,0.1726020564765125,0.0295992742659264,-0.6370816755248595,0.4768216786938479,-0.09771359805895155,0.06406661978466535,-0.34282900804393085,2.9111908602709495,-1.6244169647365718,-0.43590219874480723,-0.5001624993921922,-1.546452950734906,-1.288631410777877,-1.73040145428551,0.30645684492594666
-2.9017844518060265,-2.2968658015907177,-2.6381407804388797,-3.6481749930674336,-1.2353827153184482,-2.842951264091179,-1.447262460178324,-0.37163013419106344,0.9318012440550646,-0.9350075488147397,0.9430307833994659,-0.8891319593527871,-0.365733773104226,0.5009856388981898,0.823222766178716,-0.06884334349228743,-0.23546316200801146,-1.4675139682773521,-2.0321100750167203,-2.5836711153059504,0.7145607113269707,1.2779020078709007
