script/wind10m.json
{"header": {"parameterCategory": 2, "parameterNumber": 2, "lo1": 6.000198445256149, "la1": 58.999992894266676, "dx": 0.5, "dy": 0.25, "nx": 22, "ny": 24, "refTime": "2024-03-27T03:00:00.000Z"}, "data":
[rows 0 to 23 of 24, columns 0 to 21 of 22]
-2.8200589523248025,-13.371433076317132,-10.649292796057795,-1.8837099410186555,-3.064895313469373,-1.4301668313734939,-1.8065048325236124,-2.0273572596345093,-2.895539064555528,-8.046851482017908,-6.090019695227708,-3.7979629926356977,-3.376154336302017,-2.542513863154215,-6.507251664921224,-8.082638535313635,-4.88147180148994,-2.988899839927413,-2.288508748222498,-2.816595938172082,-3.2647442742353388,-3.477576513797282
-5.964455351443831,-7.306087737663725,-5.846500765217735,-2.540760543058778,-3.551034843435715,-1.9460405374896246,-1.6297146120242145,-8.503851258949052,-8.675262590278425,-8.665840125618457,-7.811364489621034,-2.509427527177161,-2.6704430924572615,-2.044229331482066,-8.081958342488553,-7.952729129943631,-4.218262534359328,-4.764481757168173,-4.462256530882921,-2.9319181180411342,-3.3112609308581398,-3.0060469878193588
-5.23255705324813,-4.642818184567554,-4.260117146499021,-3.099981107587154,-3.3821152432775596,-2.0656225625157854,-8.629095923913061,-9.004652414831941,-8.581361881342083,-8.663742487975712,-8.420536039364173,-2.6655941153859546,-2.742488049327384,-4.743786082344733,-3.038373667503471,-3.7078487418087303,-2.8184346707167305,-4.517376847078716,-6.490125641260657,-4.712586658721092,-3.5200610417457967,-3.367472267063566
-10.82502504819166,-7.033701697250193,-4.889853390364662,-3.4068915867460077,-3.322427365062135,-7.337862396060114,-8.843788281218785,-8.95043894063305,-8.754398973843873,-8.092713440395503,-8.35433745142943,-3.441782004236733,-3.065136010200268,-2.1711031598163935,-3.4722795804641433,-4.229142651343,-2.015991782922693,-3.3768688902379496,-3.0187744673010126,-3.1130540325618363,-3.002735496840479,-2.338625387518873
-12.107617802319497,-12.486517366631741,-9.219324173455941,-7.036179729252643,-9.094067593163532,-8.392736470895285,-8.606673062136592,-8.96226994839112,-8.446198072116136,-7.790340643280268,-8.71062114152413,-6.423127307094422,-3.1853896832888653,-1.6009900875424887,-2.2954773165278066,-3.167126630246352,-2.6349316832244774,-5.319538619583195,-3.528134916768193,-2.9251696494251003,-3.1297492143772296,-1.7201872736791435
-9.06960244654987,-9.176272870887278,-9.219743165780146,-9.156864498299733,-9.057158178025906,-8.938329297769641,-8.682759094428032,-8.325902432563735,-7.812924120788133,-5.593361174891283,-8.78911068867978,-7.337789185120275,-4.421991854417351,-3.037167864538387,-3.875282637100142,-4.196583460666222,-2.3691289523360126,-3.5380894517917385,-2.589678498140415,-2.1339772400776646,-2.4717222950034734,-1.4799361318624995
-8.629697619274388,-8.627995833192067,-8.972453453038712,-8.993714799515583,-8.993013578073349,-9.112074032972005,-8.824956445685892,-8.196616317280641,-4.855333397177863,-5.806181779539372,-8.221127970142142,-8.43035554952677,-3.9529846816167735,-2.6041497779505756,-2.647184136256707,-3.189285622202641,-2.370151117591239,-3.6836680768112036,-2.64271218059591,-2.3139414787787898,-1.9858215356401885,-1.0754391576741131
-8.546195405660228,-8.620686866219541,-8.69112537200478,-8.788147082801494,-8.629577659500326,-7.658598696236068,-7.65802411964362,-6.074660795775404,-4.805357340614151,-5.893136235160716,-6.694098391004402,-8.801957204705074,-6.935742716196991,-3.9300599036817845,-3.142391347720988,-2.8487354833163923,-2.8352581521481905,-2.9194166575277385,-2.406702417561267,-1.7748044829670946,-2.0942282700927746,-2.7526332405504528
-8.323650077812964,-8.443487336118357,-8.92049778977394,-9.04677310496829,-9.078946262749854,-3.8044099947559507,-6.373977606533779,-4.163379239164066,-3.9188617099434375,-8.128568391792818,-9.217505735442954,-9.831269460658817,-8.55073439108533,-4.411275584592945,-2.9466667667519424,-3.0198020156729535,-2.986561319719806,-2.6486745384955688,-2.9867476484499864,-1.7997911985692165,-1.4764114915117905,-2.298377139249031
-7.705419147306503,-8.392489423352103,-8.319264129942807,-9.18798909647899,-9.210559219781105,-4.428193876935908,-3.982026293751251,-4.1950706673068625,-3.033202818005857,-7.552471952533199,-8.871514552450327,-8.252661112109829,-10.3239326392959,-7.593913363980431,-3.68643670211405,-3.007334898140785,-2.8452613062383203,-2.7065553905004363,-2.892695145187171,-2.3269389501353315,-1.085722302125365,-1.8123630988727384
-7.2452397143895695,-7.731692928514913,-8.34408692883321,-8.510470499392527,-7.939727543555363,-3.598877005642774,-3.4222781781253055,-3.9442916846528804,-3.5170811720749637,-4.125077542683572,-8.263463675808405,-8.089183870489896,-8.51981630900846,-7.704189498681153,-4.4679460627333185,-2.5942730569590577,-2.541888018581392,-2.4940836438997285,-2.321103100906732,-1.657685521428625,-0.7246656196161869,-2.373363323695765
-7.22366673050392,-7.49390426502337,-8.083072658919999,-8.33536301816365,-6.949111484494743,-3.261700566687378,-3.8408502692556694,-3.109764737386103,-3.4410862736673913,-5.337068917862825,-7.519773099982107,-7.156372058292945,-7.5115157143445614,-6.350531912695951,-4.271046995597659,-3.2109000117111326,-2.113942829761335,-1.9379800504244946,-1.6242561537804436,-1.6151860178555308,-0.33113546869616023,-4.595375940206676
-7.118115569886843,-7.451096048308104,-7.8016646936102445,-8.02951926505732,-7.828540630079882,-3.6970324676576576,-3.451581522270619,-3.4617294400638747,-3.8070887346625026,-6.21612639391727,-7.483378420994393,-6.073385469325215,-4.137110563799064,-3.6587521349061336,-3.9288600885304574,-2.662072023763209,-1.6637718262926982,-3.8354261848627327,-4.980598358091652,-5.054333956122548,-5.1558530052413465,-5.5490680113155175
-6.840510438352601,-7.1945815713724945,-7.832619359515818,-7.800366619688646,-6.935928592560179,-3.8954016761789623,-3.744598453210989,-3.0801308129627833,-4.62080775513229,-6.959396203452303,-4.928020999379717,-3.2684151008321938,-4.190567976858582,-3.2719164137001617,-3.600054720001683,-4.078202482216335,-0.9004108965934591,-4.8923180237573884,-5.243916281846979,-5.625093957685199,-5.82016509284656,-6.079767932115073
-6.134704513957069,-6.829338631117339,-7.029623619867163,-7.642768079560601,-7.766266449435135,-3.900444172795328,-4.153933378292533,-1.9957952970731458,-3.433673765846997,-5.488500808790311,-6.634261599616529,-3.636820648378531,-2.798370457227504,-7.1211414133581705,-4.339067420363496,-3.2236646029448432,-3.0193409969470224,-4.906275670314027,-5.246312279509677,-6.024570744702007,-6.0996389535943445,-6.6464175709855455
-5.741548995613543,-5.980213209000731,-6.7020388022977855,-6.903990779948194,-7.3194701959107284,-5.8848155692578645,-3.483252530112996,-3.4707781642585327,-3.494011621511763,-3.7615500553954098,-7.504929244612862,-3.4219009288907123,-2.1031678324955383,-6.422331027044339,-6.475310498574116,-6.405171540073955,-6.03601927638091,-5.705854792880132,-3.723471542912366,-5.546897606903191,-6.120564368705071,-6.1255029176607705
-5.363769676524175,-5.637275121408407,-5.928238563159599,-6.619861640958979,-6.839551378368705,-6.667786394648841,-3.199915051853558,-3.4443156309757175,-5.026576844094344,-5.328587584979864,-5.814598058467539,-5.511231704932719,-3.556562771071464,-3.6652955350042995,-6.188596396502796,-6.001686647575379,-5.85147216548174,-5.778614864435261,-5.014741313257807,-5.780522360341252,-5.638056804455586,-5.396700003059161
-5.1073052424786125,-5.764239317193354,-5.980745654434638,-5.745219475909891,-6.0766178565196896,-4.577902338519858,-2.809259438173125,-3.207837542544081,-5.460015753448872,-7.536933610805984,-6.320791420176994,-3.6233106174624643,-4.165953996856609,-5.327987775182051,-4.71868285344238,-5.786400605959855,-5.666407102862818,-5.536706514924284,-6.019163430365658,-6.05636944593873,-5.944146206772752,-5.309970821182327
-5.034073185714141,-5.429768380814348,-5.648075558134476,-5.251166514741254,-5.878439976587116,-5.6683682421575945,-3.7242631690385473,-2.7423929054540994,-3.0709949152654072,-7.21258377143894,-4.4701787168200955,-6.421625039757193,-5.712709098471855,-3.9560421320607912,-4.798094460750402,-4.0382578484830765,-5.398649213917193,-5.068606920536954,-5.631453534591351,-5.500927579972619,-5.602856312011367,-3.7655484043309735
-4.578765692476961,-4.852670969694944,-4.53861007100567,-4.809758762478299,-4.965242528432921,-5.67274949627198,-2.5453483680196554,-2.2269930773325113,-2.2616032112867726,-2.523021819787721,-2.197879914065771,-5.480202004938555,-4.7476443163177455,-2.3237330313266567,-1.7315774120411438,-5.133900685388676,-5.081842390894984,-5.067718857424395,-4.9293864874737086,-4.728069705551928,-3.9439187447834705,-2.6277217290811654
-4.661305846937311,-4.7478876987790155,-4.1100668033012,-4.022795877617871,-4.283193544044861,-5.076836841172181,-2.7011552298101416,-2.9037105712849534,-2.7349546172439405,-2.6660366404918587,-4.254258181328902,-3.187442483354376,-1.6547923267309015,-1.9856409302781377,-2.679105430253796,-2.976858947761546,-3.7322109141782045,-5.050409932853654,-2.6035733988903975,-3.352860509342566,-4.061808414640943,-3.12928194734139
-4.509639819182907,-4.453397322288738,-3.9932161440131546,-2.8836192578134834,-4.065973943986342,-3.4114179687518575,-2.2788727343967445,-2.492377869806774,-2.1634783845700936,-2.4269856246324624,-2.8652158822801836,-2.7990226832232707,-1.6043798727234184,-2.333204862494236,-2.5878769813272253,-2.793417747635146,-2.1543476989948886,-4.836526095559085,-2.204920995325548,-3.597819937559671,-3.714487800096558,-3.14546606079254
-4.5943554380194636,-4.1403464270421155,-3.550507292247374,-1.8654949518448707,-1.8396397274265528,-2.3981306364408113,-1.6566258398669078,-2.131416735313124,-2.5356083576013333,-2.3967049113955583,-2.3908720736917486,-2.162007360578054,-2.017807227810661,-1.8243755533297468,-1.490532089835533,-3.422121493078953,-3.5925198059851438,-3.49319294913338,-3.6802511389287873,-3.319527584550205,-3.4478797584648353,-2.8842062457702715
-2.0828049332557823,-2.252390289472543,-1.9535490669091682,-2.3423430818799904,-1.920326652305571,-2.376346290525342,-1.7175802671091587,-2.257153504862809,-1.33068104764787,-2.1114369657337857,-1.8575792255821473,-2.192342836272619,-1.8602032249623266,-1.5029244800242691,-2.1826233996683113,-2.3594051508907676,-2.323498310899773,-3.9563497800275367,-3.4255899713130287,-3.1677196696328553,-2.301997491166453,-4.009383653230842
