script/wind250m.json
{"header": {"parameterCategory": 2, "parameterNumber": 3, "lo1": 6.000198445256149, "la1": 58.999992894266676, "dx": 0.5, "dy": 0.25, "nx": 22, "ny": 24, "refTime": "2024-03-03T06:00:00.000Z"}, "data":
[rows 0 to 23 of 24, columns 0 to 21 of 22]
5.118638784973408,8.929345140076459,2.8688061764502395,4.535252334419085,10.260176067667276,8.052166644997344,4.557311114964853,2.35887363199136,4.474752267817128,7.5690908102578875,3.712562470561133,4.728035816013443,5.7505723970300595,5.230035093213673,-4.360840904829311,4.64566176748352,1.900559901420371,4.097073034304056,3.380515110512891,4.372321221222878,8.71535630066357,-1.3581737541819365
-7.100791806386078,5.725451767349328,3.4289101493657395,-3.6575645786501423,6.261043643592828,1.996581399718833,4.344780341893743,0.6766705326516986,8.255406004577273,2.640578115958287,4.040290320707958,6.938957289598204,6.485701343545716,2.9720336047941975,2.272749340543364,6.831205463645454,3.024005699749832,2.9955107277613204,3.7612008497047285,6.229929915725039,9.61579486752649,2.475801012759146
9.143440714262773,2.0371778412016632,2.793267882076425,5.393578452989844,5.1707739310658685,3.9941942099097587,1.0155127946894984,-2.938254238295724,8.277201283817055,7.675515574823376,9.164591838373285,5.059843126164649,-0.13839380669640552,5.622319099310912,6.493216325688493,3.2706600054134856,7.554090568562343,6.2428021681261665,4.894425257022759,6.523712201995897,5.668388947550581,3.3911629051331746
5.315051334247177,2.737323569065188,5.825628184945907,6.102098929541449,10.487394143226405,5.417613052233358,1.3103298975828912,2.2225450326992484,6.755989772069965,9.650214906084507,3.96861493277694,2.073813600131508,3.8465383553301367,1.106008819773068,4.963462905922139,9.069087073532915,7.561574049023904,2.7034399733331647,8.446880638280353,6.1195516048467775,1.169869940789116,-0.44124429089188705
5.4011461094400435,5.191384977076831,2.6293361600479037,6.7440513781207505,5.624516324804958,2.543852145910915,10.06970572307871,0.01741969966717855,-1.4771700645338957,7.064815114946103,5.6584130447387295,5.856845863363183,6.780156582830433,2.3768685724524645,3.740325560557135,7.305093474212624,9.488524270421404,5.142329268806527,9.489748348544763,1.4671288703987424,9.572223613522887,-0.7321925135494134
5.087613632154943,5.0992743035261165,2.1020970727294883,3.818389653823138,6.7241498465260845,7.984817184168522,2.2198190410079577,7.411553826733334,3.5182485818508433,7.315743771512668,5.2557817241718405,2.951369820021794,5.380096008487437,-7.618563156386516,3.8015313077170876,3.468484487819679,4.416763195839811,6.8159564924625675,8.332671334186507,3.906795450883909,3.959698287785456,4.87548012843936
2.053261753357914,5.069251486998859,3.7345125664315217,4.591315164570035,4.690119729196001,2.4324423975738196,6.865328360770194,6.594915562315005,3.097221027714908,5.125919089035979,-0.9450909848597446,4.8091541109381755,7.046018848252857,3.875179052841897,4.755133305475793,4.235174324072902,2.92226219974428,4.532824280383855,4.180534339171881,3.757017966761972,4.069945848277274,4.941845195230838
4.281168029523571,1.7733542647540605,6.00137665297501,7.9447587041451175,6.016425609316779,10.262047155057491,3.8007259715712025,1.871840334641352,8.044829932591322,7.613090292400895,7.965921875575607,7.4827729636521445,5.121886516894118,-0.14523049482473288,8.556527708674524,0.6831759727619625,4.696693712126213,5.21019567571859,2.5418723349848875,5.464486462377039,5.798292342618657,9.126578260749023
6.216811547963219,10.032820776283184,5.175666214282118,4.7747953393531235,1.5136715858068739,3.0262028235786937,6.82257281640756,3.5815237929179435,5.868905360054712,8.561333385888789,4.907039584748392,6.9601906560826565,6.39851817955326,7.574908124139194,6.718804313375453,6.487372941968018,6.957255908971103,9.301381595942802,4.568761926514395,8.449929401837027,6.942430527808924,9.075172478848305
5.84115775341407,4.217790500253841,-5.001158798010289,4.700337089971675,4.89502778341327,3.835994401859294,3.5559620843713757,-6.709682882949779,4.4646647690376176,0.9759909236978245,1.3231927558119776,7.751369852125409,4.033572744544131,2.7798991308663235,5.94606067573753,6.737044558080098,9.994702042301872,4.316735080163732,4.926677927827827,5.015082383466749,7.087442286803821,6.5087930977648485
-1.077959279341659,0.286904549179303,4.3940112224666095,3.52104284811479,2.461262385598676,3.8782749008897293,5.784521349235284,5.244477465686769,3.2301961060246263,5.415047083476102,7.246341343533365,6.308553175362438,1.5692638290286833,4.182325441780988,8.226385177652697,-0.07120378998907008,4.559378021157472,5.396205604162953,1.9564524431452268,2.687106498061317,3.7270015664964737,8.491458506242406
3.419537580692038,2.693162125674578,6.0292940226624845,3.3498833142178333,4.42603087604688,7.099278618061703,4.235581627046051,6.286127830860531,6.802702279292952,4.850240656497057,7.503795019698222,2.4665286760403244,2.7661366500224105,4.052390453098493,5.285393961964645,4.714760853034966,6.6902004492046,-2.4443678443917483,3.314003324019712,7.4675132684769965,3.8604410419497257,4.170625445049456
4.848583013139733,4.352073235927502,2.810569526461998,3.49609453467348,2.9890086501077366,4.21829772735937,4.426110140840761,2.2050371041619825,8.581055958899917,5.246941947078603,-10.990659898084711,8.665614745287797,7.540491303057077,7.5360541899179365,10.54582789738412,6.8282726973388055,3.814550190592696,4.571311440253195,7.159756168659955,8.650062670420631,6.156568194077723,5.437593207859533
7.8003900891890465,3.288330944525101,7.45594053077083,5.097950530915558,3.3868185699899334,4.538342361096779,7.813784725525529,4.801170604315005,6.295192561523795,4.051614558488701,5.663907064988164,3.9868407724110893,2.8911897210680952,1.836754616859676,4.159357945037837,1.8868605311792108,5.886878993499727,2.1207313596563773,7.251948140248318,8.698900848873734,5.613930169170263,5.563100509814379
4.6461153008066445,-0.3563327213956884,7.791502032523795,-4.966403069990303,3.2080185762001197,3.405888639844534,4.380278556313066,3.999746754540143,4.47101442833147,2.0836367652892873,5.859506713014634,3.1129169145172786,7.325564140389079,8.617966598297514,3.079852390163103,2.6501582067406786,6.330814326180369,2.9805991054184595,4.569461036699676,6.684649492305381,5.849256399446237,0.0001645771748830436
7.444349521148064,7.183822724844269,6.050969841091359,2.801427293911874,5.410824388497033,5.306449674281054,-1.3234940387597816,5.7839620997759935,1.4060596223504986,3.9487702877295643,5.796556350574264,4.82214534745976,3.195276028511956,10.379351390427733,4.13998272495434,-8.76453223605853,2.762452729780291,5.014403624174701,5.7990567563685715,0.8624388667141464,7.959405870211571,4.11021399519432
6.757022295817124,4.385365037829066,1.4623588857884176,6.172749592072524,-1.3611670734869468,4.711611952595004,6.0675060233652065,8.797122106471113,5.320907249757896,3.6152424289367597,-2.284919447424998,5.231920999000817,-0.7812507633597804,0.21793920577617149,5.097389878358663,-8.525205156332998,-6.887962210300215,1.8518839149321655,5.186050906218396,3.3985237829707273,-6.491941096305114,5.005410051407008
7.116240432139218,3.4731831044318002,4.494080583115633,4.278679948476102,0.16293695875159003,3.647019963066786,3.5784765370759177,3.877913004997083,1.0331345075467786,5.981931128849905,3.6073335538222855,3.049373098616437,4.768950478076367,-4.967812581761603,3.3257618501349953,5.460955654204942,7.227906800015836,4.480670491787079,-9.878395584078143,9.800036994868089,3.4292892773888477,3.8829697227335322
4.516522643671906,7.668002374767368,-7.059688504813645,4.958597471878752,8.842066904216935,6.8695917149466785,5.850163090886829,2.758013644230481,9.808495512965273,3.824070346048387,4.648682429432588,2.3907439719800974,2.2315766654303406,5.639608330726616,4.790655865783365,4.2107838991270246,6.150046874470794,3.6312270625506406,3.9417732325303723,2.679043444102747,7.631899226679839,6.7103057765795855
8.341287382649696,8.57293773868435,3.5033680596404655,7.687384503675784,7.32335480678566,7.832154772384913,3.455675096035829,8.736958450432956,-8.826121398648459,4.248952538134476,3.861946573180864,5.679104056760035,4.66842205786002,2.8293177692511042,-2.9238401889805545,5.824467705619349,3.461080555350909,5.604845445060623,2.667255607496997,5.529741786182947,10.255762686190808,4.763096246448518
3.316901507062496,5.416337988915047,4.963031658036337,3.76857452918987,0.5069770865075652,10.412559889646857,4.6282426795063225,4.488582406927357,7.322082609619222,9.337851748006276,6.428699494501341,2.7235716313304197,8.303118867081707,0.4729910151897855,4.229966667733066,4.420247859966668,3.085662500591787,3.365206713294919,7.174352390085063,7.054263997715983,5.7064655038574355,7.988999066460008
9.302561194472052,4.8384752724327535,6.036935900741591,0.8735543693498767,-1.4260135451524172,5.22004128394049,7.927395466834997,4.405680383482646,0.08183732708777101,4.263691806242423,5.028000813383772,6.796601101261716,-6.191739000291575,4.044161635563605,6.5742063518785265,6.78728010824561,3.6526229866518993,7.3045122732390455,4.573903625362475,6.125858355880057,2.5642653368476354,2.6342033278544124
4.274950932632839,6.365603617683095,4.722305368656879,3.8811190888185556,4.908270218631066,10.550374314057914,-7.420295958936295,9.38481466799622,4.484049839370571,7.4841175706280625,3.203074788556774,4.74060257972811,6.802666231940828,4.247752730191702,8.684449743311944,9.592862517128816,6.203676370828786,5.870511236465702,13.171009424633823,4.986297870510048,-0.20776335548375405,5.444606245943523
9.011541031814389,9.78100460468873,-5.631703137172851,5.688404365507903,4.268946849902309,10.618550855763987,1.8724168880509438,10.758595906079277,4.925573731824702,4.563633576553321,5.637677131525207,3.2229189148466193,1.5604804531087093,4.343920705113853,6.077291715034832,2.2058283218077674,5.925682290505124,0.85566027700653,8.130146172352314,4.686888480785268,6.49827091020266,3.460135564796956
