script/wind10m.json
{"header": {"parameterCategory": 2, "parameterNumber": 2, "lo1": 3.000054539987559, "la1": 64.9999836372058, "dx": 0.5, "dy": 0.25, "nx": 34, "ny": 52, "refTime": "2026-04-21T19:00:00.000Z"}, "data":
[rows 0 to 23 of 52, columns 0 to 33 of 34]
8.717826683432941,8.770358656533954,8.835369161955729,9.004748819618225,9.244561072685613,9.28095625058779,9.042349026425127,8.976432879502877,8.710130298168046,8.725000177292205,8.831150549259432,8.865009147099679,8.770755429662143,8.497685825814981,8.110328982070001,7.251753562046801,5.438733266706435,4.584755333159958,2.390937626101745,3.211001717731944,5.427131645511882,4.61959739222364,6.251673206803178,7.149551737321114,7.6409528998165674,3.826184369949884,2.325364144000373,4.068657016659705,2.654644031126832,3.350898864062834,3.083202650878002,2.210265090572673,2.7064829555859493,3.131697942038805
8.04772062405889,8.333998384209554,8.481684418299224,8.541740427203969,8.399104985154267,8.06295664210646,8.12277001927903,8.245084436995295,8.374929931089712,8.404037950547412,8.390622987301011,8.150804816238294,7.898708696648309,7.634207458026947,7.38454307457645,6.707638897415428,6.1905404960185235,4.64875118791568,3.5554835357060615,9.998813860664944,2.0072823488734204,5.16675173753729,2.681769874034927,8.771978720843405,4.846988936964331,3.0566649113759694,3.013466631118489,3.3107736436276394,2.227291232722212,3.721029281209089,2.6441148941691144,3.333867583696965,2.076121990167577,3.4289160321362866
7.800793066854667,7.679485539550194,7.542923952585443,7.354933201973406,7.528872130949714,7.53254328276517,7.529729950847215,7.589605312784556,7.62820916254361,7.3927651095084705,7.171365887671337,7.0682013452126125,6.98080737608195,6.751864576968598,6.604250305687063,6.62160335459547,4.495444289575044,1.83910495499477,2.023806793357337,2.4945482908848926,7.90124656715966,4.132743892835263,4.220450699673843,5.989213117772675,3.7287125656618745,1.7436000432558387,2.463736512236813,3.439031876288523,3.1837369089931378,2.9161270861758695,3.2532889982965063,3.019745826633444,2.6969675757909806,2.5998955616923194
6.4367236649096595,6.62945251411154,6.833948885739101,6.716302383141379,6.6418928490116045,6.682413391253584,6.721558174625267,6.675869902966601,6.485075462861867,6.511066609156829,6.444332599299754,6.336229480324605,6.143798317924817,5.9499905906579516,5.720037354380827,5.291294322819446,3.0702070358155558,2.5320365162512286,4.668606417977754,2.1115158436639314,4.992880499942921,6.836607580110447,7.773291510639808,4.269394469015958,3.053117244343738,3.029270222661567,4.260768280172827,3.0869684289698758,2.7038948841789785,2.489778963306948,2.6259168916030386,3.1736511597061416,2.4908418784229935,2.308599794642665
5.827294149246392,5.744152714252641,5.748649679852128,5.806643829959756,5.900511553833697,6.070256007891815,5.626587642504204,5.627985620207726,5.696879264876231,5.669387559675329,5.657514119398159,5.539497096650118,5.430474808825117,5.067242590994627,2.4752859929460587,2.9953042613571834,3.4631776855846375,2.1862794270818173,3.3805583473081793,9.155233766072548,5.089318873098883,11.547711095876428,2.717365669946226,5.169127671136422,2.196906382721029,2.3935847729140813,2.6669489118501897,2.660574432531984,3.271788793513339,3.278610811638829,2.210486713762158,2.9492464559452625,3.071737961565224,1.9167173444712615
5.384926412126512,5.1706808385415055,5.027079251641751,5.089692837703754,4.924162040607192,4.841865894857097,4.818918380220149,4.5499660994598585,4.673036988300554,5.027650481674106,5.575522302225657,4.9463733880630345,3.954506615148385,4.432389714896543,1.619960244366179,2.1888339159131505,1.4043459613134204,3.422075755175236,4.965949772784707,3.8447761591351433,2.182541048156751,5.628011173600478,3.7767292426541132,3.0714821975048663,2.738867358594969,2.8016434509058437,2.5371056462396586,3.2047850262089272,2.5622245566576454,2.763202959041079,2.3023511036101443,1.5175747681075336,2.2721938091554894,2.0071773918661178
4.426287775843848,4.158427110666719,3.988024942783748,3.9057085580962254,3.836235952731723,3.6159049799566816,3.558294653274182,4.335235227871441,3.7501989147935966,3.3984977633012616,3.418756074054804,2.6584932165960646,2.795317570686767,2.4039406631255362,1.8162229693655256,4.635332406510394,1.0415438701290018,2.2876308003187353,5.7439047396687855,4.082546314559103,3.3800964912409097,3.2521474405875823,3.2133890624314345,2.106210200607878,2.965214597829798,2.9524110558039296,3.360128714613903,2.6208088281671826,3.0054316976673845,3.194178105118047,3.106758489258574,2.169220371265673,2.3439965733662063,2.321798168578212
3.1820179252273775,3.049584101501534,2.4090188753029227,2.667505731666896,2.1414519804436307,2.6417606612516065,1.7344966399216555,2.3999095987377097,1.8853914981561382,2.582747780729007,3.536418637162954,0.3755027144512125,0.5444988130301324,4.819420132160754,-0.44740876043246935,1.296562066424209,0.556909000967331,3.4431820027766205,5.4645379231539595,3.2949864191981426,4.70267943399566,3.6559817985945644,3.3588842079280186,3.7646378385758363,3.1736365128551483,2.4921340553263063,3.1696828786321407,3.0723215617028594,3.0248281778215005,2.6041380307961366,2.893565240994336,2.1766313375815853,2.6297484450228725,5.790910893768899
2.028060182573713,2.1332970142469008,1.9913711495178332,1.3580014852330309,0.48466717243216295,1.1009806727923355,0.6945960102706839,1.010572889813322,-0.7214956993102289,-0.028604990387333256,0.527128871178376,0.9971841589977654,0.7396981982503875,0.6790109361959605,1.8441696979249673,0.42099333808867156,2.7694955898700653,4.020027936065941,0.29962799624682296,4.780837855079558,5.368704171188622,3.405132192920076,1.6507629096661405,2.697299047983398,2.889698571621864,2.8749422510999585,2.6031435937737655,3.169517941972667,2.373186230414619,2.8171868566809217,2.6839616817267253,3.541539283039162,5.133822604182502,5.768180527623913
1.3221685776581698,1.5487980271530037,1.4209389785969517,1.285167267293387,0.8999071098966203,1.3868735128132685,-0.7152175506466103,0.03726777874302484,0.4835040154835234,-0.9322008384186986,-0.8179402071021837,-0.39095135373552486,3.5409083868362097,1.023986666196539,0.41211973630841864,2.0600811132276906,2.7606152135453605,2.234505552430919,4.215081200899898,3.9910872903802312,4.9877215802059025,2.7212970608494813,2.0644968739996656,1.6163048224324996,2.641622325889378,2.994836178068813,2.9608476829398356,2.9786735051942568,2.9107125536388545,2.486154242992824,2.9730096051053763,5.319305110301765,6.731317389989509,6.206561773840522
1.2385174270520143,1.0298644510121717,0.599124241122807,0.48572330774737166,-0.11002447150676789,-3.862570115344065,-0.3641899249552597,0.3694321755682274,-1.000810075930471,-0.5339288591930397,1.5802808061547142,-0.2609010985634939,1.266521368642488,3.9208326415409753,2.012387289203374,1.6903870301796287,0.6913790298882745,2.171113924320193,1.65316590023828,1.8701526046459749,2.290984354132917,2.3566831806416024,4.390029317186706,2.2949135257916278,1.6666819724884516,2.1101068713731754,3.3443252647595014,2.694700376646588,2.662740090918419,3.311414695472597,3.8381800509023036,6.016749046018077,6.764075281531527,6.3554853266097915
1.1308148482605227,0.7721444934655989,0.5032192709103535,-0.3490810430794237,-1.2105368281645046,-1.2170022994152587,-1.8100858591233326,0.13626283594393204,-0.25810264313425685,0.16676851376607443,0.6847613791636801,2.261963879432616,-2.907860816853061,2.2095954966025944,1.6315588664789566,0.3141378440735181,0.9106643225912754,1.8006837294444618,0.23328488476910494,2.9632667191150825,1.8922783538778267,3.1564790962688583,1.6598676761004214,1.7095205099405297,1.2147649525824764,1.9563260767977317,2.1502269627512276,2.4076890011505907,2.1263572133402318,3.0419648557885304,5.851576737852142,6.500394569176252,6.016731522113804,6.520111487929636
0.5858028815897476,-1.6011082617524748,-0.7990619588536361,-0.9219271361531238,-2.2281409944237596,0.20388345462063714,1.7099030756613305,2.7593620879115064,0.5134297817962576,2.6764236758528717,1.787776654136969,-1.377903159442189,3.0205714746306094,1.7701604191441889,-1.948518012889079,0.7188251959378825,0.9338537118123044,1.3303501028128797,2.2529916926738953,0.8438134464324366,1.6951384383028925,1.8989657750061648,1.6873429960440036,2.076946613826882,1.2525980850466913,1.6693035999277817,1.5255537118671578,2.208419144928838,2.623768049675373,4.45181048940939,5.51348123630075,5.578308223621253,5.533083830611447,5.949980483947397
-0.6143473698937669,-0.6102392088926092,-0.9831222651397856,-0.8817784515413781,-3.320860138796258,-1.8419854056528562,-1.3856366223722878,0.2099874582346312,-0.09536627805223881,1.1639388132328798,-1.2829695531423762,-0.1799352573487207,1.7472146034894849,1.9781775880858028,-2.2349540649314807,0.7884307384359188,0.5610505028850846,0.30688247659853035,0.7368125262186922,1.7763405993599874,1.7721871587596507,2.383570034431685,1.7949533387669543,1.141149477172518,1.8652314317510388,0.9401860679267178,1.8858284459864207,2.195754386666584,2.933486645969135,4.605438545679658,5.257300431249111,5.4505379107732015,5.551168794329964,5.973484057616048
-0.670958677815192,-1.8106248955701436,-0.21293055568950306,0.1870548989134845,3.1590987626531066,0.1599281650049172,-0.9707573235442145,2.000205554747523,-2.3977328039400314,0.10025155060186207,1.1220918031262468,-1.0490710981480176,2.042762085043827,1.2459841911669551,1.6872455374370885,-1.2978421688354884,1.101779565370191,1.1514726678004787,-0.14602668781870842,0.7199018015990449,0.9142928335402538,1.892949582584583,0.9010542442613871,1.3051841047526895,1.4823155670431414,0.32364392405320486,1.2864692467554044,2.2450153168926303,1.8530219569779602,5.136169371609172,2.8935069092176713,5.113716030081629,6.058547615205252,5.695673283368009
-1.6355151616352503,-1.057774296980548,0.7776365546529204,1.3985817121572424,0.7691004568210793,-0.07927620993249375,1.5766065581742499,1.2168711468283757,-0.017583699680740385,1.9663778051802634,2.2770009685945443,4.8595277778535735,-0.45252676825203403,2.5414446663794745,2.290487593055132,-2.360124198853486,2.34371832651578,-0.7232918108677412,1.2886740011810565,1.0723987705419686,0.8793014865634609,1.4228045171761061,1.8071054123005361,1.7844884815641044,0.38461972742952405,1.2351597131544811,1.0228175471531873,1.5243749724065925,2.118305818105676,5.268208735633894,4.6962453946294564,5.071176095941151,6.194900613238607,5.511138252027334
-1.6374038334703112,-0.41242607432420053,0.9944889477051858,1.5802136745800006,0.4595849982818617,-0.7479034120768433,0.7036205746029046,-0.26707851590672677,0.564545440272249,-0.7944946051024249,4.230815813322097,5.187057661949282,2.6314559833735545,1.8210301444393044,1.3009511333519528,1.46547330958021,-1.2341909225049237,-0.7193299484313699,0.5973931569953834,0.17494313057816643,1.191350093913878,1.6771927437137077,1.078961843661311,2.36130819576038,1.2204803679064484,0.47023351225265614,0.8112025168827307,1.4901282655722095,1.7014849653936104,4.792717534589551,4.729375267581303,5.270307687855307,5.9552827413883165,4.935935539926707
-0.32702322820521745,0.4379591628639998,1.1601339242499984,1.4374265479274604,1.3595083035116902,1.2205616823864875,-0.8491892128745465,-0.029617713184493726,-0.4150458643896931,3.953382251260582,2.506299025846946,1.9027426482075924,-0.06677490293547719,2.1367858674391425,1.7830117045022738,1.9718715411394745,0.21788824818060748,-0.6868309046693417,0.9236250212494977,-0.1841569192633728,0.6533248564576976,1.1388237146523064,1.3850739286845557,1.4275214895680972,1.2332581890707823,0.10988852362586246,1.4310515668092443,1.391275127505094,1.0608734542166982,3.5987189767633962,3.6346867679953263,4.9361896777526395,4.467315335829484,4.664036442008128
-0.15894536980917792,0.6772992648671946,1.3769330594759916,1.60921063930657,1.611460157740998,0.7071762287541711,2.842622586818565,0.0034687471766494406,0.3154275975434281,3.6163290674329027,0.6382768454402212,0.9110456058729751,1.4633888806527404,-1.3869883347486724,2.626990598350393,-0.6289092534119605,0.6875896515684665,0.17944773824238958,1.2911208990146819,0.4521441239740543,1.2757829783093777,0.8982350698827312,0.9883772358661297,0.9324486691444468,0.5952129941587344,0.70432664683354,1.0418932300249952,1.2166932176377632,1.0522203786947224,1.882401846395688,1.5631115337185089,3.3668679246113005,4.474175964366367,4.315430039297417
1.144032550538206,1.5932468506449524,1.7790031759517937,1.7368908040905053,1.042511521054768,1.2015678105254242,0.15743038215083888,3.215215011146193,1.8885113147558896,2.572090129454125,1.6749669316931288,5.209150372325742,-1.0737551595874726,2.550445807868095,0.0958240629519903,0.7686371524506416,1.6998188923061293,0.3144368618368328,0.9023017640250091,0.6254391547856393,0.9771921235583765,0.7775620442023109,0.9860595897780265,1.2885517434427936,-0.2620274397177069,1.3551344649524044,1.162509844241815,0.5857860993925375,-0.1441748279808812,1.581422123641066,2.181024983429767,1.6753124065412655,4.668617844343403,1.5572899557175615
1.1218350695070185,1.2357506581302622,1.7009309625380844,1.8217688243127934,3.3117307305162575,0.7066697989284428,-0.8044673513377743,3.004503625736238,-1.308588442765693,2.848806037185312,0.09356837129099987,2.9706930491937698,1.734937025840137,-0.4572145234413595,1.2417917195465287,1.4900531515529942,0.9270619847971971,0.8814006767432007,1.7420460782473992,0.8116967544402993,1.7998218991802168,1.3149066930081537,1.2121807200047992,1.4699931267916477,1.2080829940309104,1.7931434507865163,0.7018007467026289,1.375952538433777,-0.04685038272066534,1.1641739261665958,1.8282518877946268,1.6551069014746937,4.464514720695931,2.4070470321044097
1.949593080988797,1.3147269381755526,1.377205952877634,1.6600480290653268,2.3035881938463194,3.193289224073444,0.5123724400385298,-0.9153530535593377,1.825798975112722,1.257642670751018,4.753250850465117,4.311749072465227,1.4830057398029248,2.7644506443853314,0.40353161708645363,2.633080179380899,-0.023029962910389234,-0.9955354531761869,1.5418067806847797,1.0888248790765473,1.9615303904165524,0.059475680819566404,1.7268275663908936,1.240655032663823,1.2276342359849208,1.4592166660254209,1.439716958691096,1.5665997881072349,0.6877924307971301,1.0285583399608837,1.4264200871548856,1.4544537674101157,1.6833373734347492,3.7363703719738393
2.2556266698423615,1.7329686188238098,1.374777146332064,1.4472350289559122,2.2252754676779545,1.2260284781697381,-1.9243181506475255,0.6333931943821027,2.4295910734441195,-1.678758511977604,-0.19316172832293985,-0.517015681342117,3.361774785680748,1.0039083658210393,1.3747779093636887,1.6514135697400114,0.08089626740695102,1.3303679728872961,1.5949728209562544,1.9383827860207472,1.5017872276693462,1.742722126577495,1.2349189048998228,-0.23440305725986085,2.0743200914314546,1.4258912926300282,2.005970819074969,2.189349017351154,0.4647159291984507,0.48733387893570135,1.366132075160696,1.5381244584307876,2.6945103431727704,3.046574227582711
1.9792099896897504,1.5941643510691512,0.8206884702287184,1.520891849796217,1.9335208593038207,3.698315398531871,0.9135452389012995,-0.5177344606569437,1.6168267007573223,-1.1411304884234137,2.0827570791090424,-1.0831339349939495,1.6224891095836362,1.5463159570258993,1.057620947238955,2.128435230216252,1.7755676690549047,-0.6166725862436843,0.3155348989840885,1.9024000812505681,1.9011929887536647,2.5541668957943844,2.4850355278516476,1.5100933972308819,2.2920003720272266,1.5004487292110824,2.3914972289425065,1.6399204281347088,0.2676342334642346,0.14635372613740857,0.4454213300298876,1.3715809747268228,2.7822444665485606,2.8524448812348404
