script/wind10m.json
{"header": {"parameterCategory": 2, "parameterNumber": 2, "lo1": 3.000054539987559, "la1": 64.9999836372058, "dx": 0.5, "dy": 0.25, "nx": 34, "ny": 52, "refTime": "2026-02-25T05:00:00.000Z"}, "data":
[rows 0 to 23 of 52, columns 0 to 33 of 34]
3.3389610549770206,2.786053845096378,2.999080528534214,4.1282151984754325,4.150368428245416,3.9486928059863042,3.3195961887492533,1.9382641786376764,1.0061005507447887,0.19375479235793305,-2.152825706598569,-5.446895919801738,-5.0279518511187105,-5.038335829498765,-5.746796765924901,-5.7280271093470105,-4.131664465390662,-7.329725023325225,-3.8716177003265244,-10.599169732410074,-4.241855663425409,0.4050441799132596,-6.933076675163327,-6.154636593861937,-3.6971921821364604,-1.0040688834064142,-1.0432527174711013,-0.7378096356799176,-1.0209698651397678,-1.4727663738909906,-1.222245816616747,-1.6498941352544483,-1.4260240114906593,0.23327510994777936
3.7686705719632587,3.3716063457100494,3.8820220526541274,4.692363139916501,4.89331274186579,4.780958252307845,3.3770592570111786,2.161568075512145,1.2920768180137165,0.879805402592315,-2.621998087342454,-5.835202068212991,-5.301210121358378,-4.804876457818257,-5.836612096204601,-5.3968140713058,-7.631722528700947,-4.36402230266767,-9.706107768484415,-5.923986655212277,-7.598349734769067,-4.3576096224316245,-1.915408589434514,-6.7131493798178745,-1.1150827269132666,-1.828790517889634,-0.655834018423157,-2.593911488229311,-1.5546458484219083,0.6336260652211848,0.9568972186310883,-1.3684118703899815,-0.5049219604285252,0.8920367773510111
4.406559566389046,3.780740414872332,4.651854098412452,5.448016526346121,5.759608149538697,5.418897434551418,4.109962435550064,3.1215407998404054,1.638449412784515,0.2545516829794335,-3.7011372567070344,-6.0749919007032664,-6.366059709854323,-5.769500556623052,-5.399374890281218,-4.78153393465614,-4.754253312090547,-3.3055043565398368,-3.926848034741021,-4.4339860691517945,-6.571813915363325,-1.90259512669874,-5.581095468338734,-3.5139575956795017,-2.352245476948306,0.28605944004319167,-1.8984147179207234,-0.32308761040836015,-1.0955402198699662,-1.5347727758687693,0.7778447036131239,-1.0190613507981627,-0.7448955216343398,-1.0609228963215287
4.912572683011784,4.433032172170576,5.397743180995959,6.102646465738082,6.794334427351668,6.556954119482103,5.657631005021929,4.79756429895659,2.2878883745464758,-0.9897373059202671,-3.860624302980225,-6.792925914725996,-7.747428067202187,-6.767261344093685,-5.913546437512924,-5.050493629644717,-3.6999201071399694,-3.026764957533754,-7.235558335333973,-0.5171563199964867,-8.667643120963715,-6.608564387686311,-5.10384798048798,-1.8445853538289523,-2.2247432916307592,-2.4648095358114444,-1.5908178281814305,-0.21126784995299674,-1.421273039794854,-0.8876483359801643,0.1481400219451518,0.7158213596125242,0.6289410909258598,-1.205067650175324
4.971552938744805,5.016550811004715,5.618634442579408,6.5211744658974755,7.356575257220764,7.541463010867989,7.326278814293221,6.039842547452029,1.6690199806546777,-1.8222937107671968,-3.466021366425084,-7.277606272655438,-8.703984059784307,-7.476861053567507,-6.244896250463578,-6.8623909690891844,-2.6141701135895246,-2.4169345794809503,-3.6439030555792624,-5.649725163099119,-7.895662524491461,-4.97236073844423,-2.682679903861974,-2.5031968863772387,-1.3877370376289584,-2.3343647174413267,-2.2190396104186525,-1.925070761004375,-0.44046415640753944,-0.9804895144211714,-1.6570013968591473,-0.4389336644488337,1.7802630544691924,1.4695888832449986
5.239016131239246,5.220503806300341,6.133217180520941,6.989628873699348,7.461900339559453,7.832389776933211,8.19170568418306,5.543547355644379,0.869066780691509,-1.806253679663191,-2.9171949637873418,-5.12370624896624,-9.258519545988081,-10.399267460834947,-2.622550786598422,-1.774845221890359,-0.17152674576005766,-1.9832033417196937,-5.3786685398392935,-9.343817283665366,-3.3610264057983197,-4.953030676364194,-1.3428358095155029,-1.5543907535880028,-2.3464927969483536,-1.542522662843649,-1.824581262022466,-1.9622476077448634,0.08621775219683626,-1.7513049955473745,-0.2951879875882,-1.4542677918861795,-0.3672104262248942,0.20466272471249594
5.27652254463404,5.851382878736228,5.943167196962834,6.706502275235958,7.401733499118375,8.413258323476908,8.16464065604748,4.775283181541757,0.890702397210358,-2.3674345951381475,-2.510243529628195,-2.536714083989084,-5.534120303245664,-3.3629153371956297,-4.239079423869148,-3.7980483328411436,-1.064502063759997,-5.004857931912798,-2.668659606140673,-3.6356875558537403,-3.3606397778218304,-2.2591781186757762,-2.75792440877306,-2.524852909983791,-1.2286801873973558,-1.6691089164464707,0.08565572435034566,-1.020335045929629,-0.6326022973115843,-0.668148154937163,0.2596629768131734,-0.5052835173786091,0.40898181309855414,0.28652183244149304
4.668834586923947,5.126759147796598,5.8838341681579545,6.80851825449909,7.527815076939758,8.499100458442102,6.728749065960379,2.9912929466246907,1.3433632514224894,-2.7160000830240576,-3.1335943467521616,-3.198852550019743,1.2951608221714292,-1.2215746123173241,-2.398379995728833,-0.38094584114351143,-1.0140319966027862,-2.0466752415896625,1.2557652751022081,-1.0149292747735605,-2.2239689967157044,-0.34420035969429946,-2.8841069407020026,-2.9106118477849368,-1.4351967737672167,-1.8818673165851212,-1.6565466945561043,-0.1510051444791264,-1.0652073914536528,1.2118125575227103,-0.6634496018600939,-0.5567799759897386,-0.5125978194481994,0.051667897790300406
4.54968061269787,4.857367480950062,5.5277369324150785,5.962928937918193,7.038114466527267,7.773956840188016,5.645724120820855,1.1140526959126744,1.1556473956897997,0.019545570883575537,-3.582437241950487,-2.5914584737852153,-1.1245958964105358,-6.470095537874209,-2.2420786387152605,-1.753202325279246,-5.799954718000717,6.014450780616745,-3.8500340845929393,-4.534447610902319,0.8874672082832333,1.1644375758893113,1.100838348093963,-1.7271925316076142,-1.5935184483113878,-1.5660157216983284,-0.5816752265655212,-1.2699021951655762,-0.6460249542971326,-0.578894461813394,-1.778977031756346,-0.9088683357684201,-1.9797204147295062,0.10737350551283713
4.007354318838987,4.4767025230213555,4.560974199667252,5.70633175328712,6.739543883904794,6.118409316683296,3.5162125442219514,1.9537840889464075,-2.055934980686661,1.1786561814845198,-0.019510070980721907,0.10138358095024858,-2.432418567737162,1.0559511585133614,-4.46259882604632,-2.7251484403481507,1.7573009045794044,-4.709715827173623,-2.7879483955029842,-0.704527095546502,1.2577122353778365,-0.2809517990388044,0.7505413516850017,-0.21375578262856249,-1.1332514619809486,-0.9986690941264666,-0.9021258282382077,-1.4382352882289775,-1.1513784423798739,-0.5942715393331272,-0.3958284459144338,-2.4293154783062447,-1.2474353252411943,0.7712178039767947
3.5981735872003817,3.6150311228765286,3.6523284318978733,4.509943968845137,5.927095811612359,4.279186570305844,-0.08664619585099637,0.583620606939954,5.772003835024492,-0.0399432726971377,2.0846714580525574,-5.043941363726829,2.20014194703239,4.648059544564484,3.277126504956469,-3.927664943015239,1.1773814727244256,-0.9759768162661782,-1.75300982387791,-0.3099482240831581,-0.15711319113003303,-1.3797647437259932,1.6950538828418107,-1.7742648313653584,-0.756858843914831,-1.0888922401365981,-1.6766940122943765,-1.7198516534521102,-0.8408106559409974,-1.431197752260831,-1.6271940234195332,-1.059178056283747,0.05030742082285188,0.6653925709693657
2.724694077847848,2.3492798894104108,3.2407601368870536,3.3322710446465105,4.162865132376005,1.2027740108873806,-2.590720076779685,-4.442088795591283,-0.4820646699535923,-1.8945269867769845,-0.6293603581387589,-2.0861449592509373,-6.86285798267008,2.823696651500907,-2.201377020363101,-0.6368792280501365,-1.8893632694215299,0.8916633070737284,0.12868348028238855,-1.64216107460196,0.23888097421435736,1.2624376355744993,-0.829678688987266,0.4033846634155725,-0.4763762465851714,-1.786598819558117,-0.7566607605644954,-0.26066570175457904,0.03458761649848831,1.0823467100105766,-0.07937578173452013,-0.15835276381402644,0.466053925522635,0.7980197212456122
1.7768753418514789,2.0192184381938767,2.0908747740203713,1.787471366864426,2.0101637444826386,-0.3198103359825643,0.5160547877771358,0.8700915211982898,-3.113246187853602,-0.6286984993193468,-2.962190233750505,-4.8091043094915,-0.7083950092497411,-1.0848786621553927,-3.1507978158109866,4.305159946886489,-1.7032628214818517,-0.9636732282357228,-1.7059602711522581,-0.7127679024174015,0.21910467949626342,0.8289401154231452,0.0889432590240461,-0.6988181519666993,-0.26873760866415614,-1.575853505972224,-0.9550379572376568,-0.36508591802195156,-0.2773102737516573,3.043495474278485,0.08950803142867174,-0.4936538030343549,-0.06683643466191863,0.3416364000345199
0.5313202527435161,1.6650381721808085,1.1620748255655728,0.6435795348167846,2.083264200482085,-3.296524903459107,6.985202728053127,2.577708635001,-0.3607723309449302,-0.29904396806967143,0.4071687210017395,7.552089957915762,-3.406264560815884,-2.7346184777061633,1.9305912505149827,-0.7392174288585242,-0.2192307026425341,0.07070619343418061,1.4599273860047801,0.05226390174973422,-1.7449426438169313,0.23684888675637164,0.1836582878586788,0.6857888909320622,-0.717769710533292,0.8090554108651294,-0.8129774109915064,-0.23218549175606673,0.2173844174888277,0.9433429175857181,-0.2329118912959682,-1.5537301070038085,-1.2272636759507294,-0.08422572235557085
0.7453284607282946,1.0230166229058946,0.26040369827015447,0.08048597951778948,-0.011358185627581355,-0.7806797105849143,-0.5353899674902698,-1.9877715985902393,-4.5590448177181955,2.0173913391292446,-0.48704313835944407,5.393821081768088,0.8702796109070048,1.9465224504926513,-1.054819508520106,3.1749775979866808,-0.04070222472633868,-0.6933885349062241,-0.03917035362191401,-1.3040920974730268,-0.2555631483426719,-1.3666815213221357,-0.3555180882031144,0.5586388339450358,-0.4678681733326479,-0.6231101112646104,-0.3040896569549143,0.13755815146559344,0.26410747577524313,0.7890544027594318,-0.36491192900540476,-1.6568909979716993,-0.9734743056389161,-0.3151347663056287
0.2260214268931496,0.09126196249527191,-0.38468681414195205,-0.8453394174470218,-1.0114378078743729,-1.7829129800389016,-2.0750967944577523,1.76643109533868,0.046418821112018234,-1.1975706582660535,-3.5887044645438064,-2.776396110934347,-1.8503218604817182,0.820887356446993,-1.8012459190654628,1.0623795446041504,0.36700297077767524,-1.312601199307585,-0.9810444568511782,-0.35823319905190343,0.377728004143009,-1.1695104069879274,-0.9538912556770615,-0.14065549267122995,-0.06566336385912232,-0.4906410054149732,0.05405729238597698,0.0500062827969461,0.41460740330446455,0.31810618342791064,-0.8977445563477044,-1.5567209328659273,-1.065209011357155,-0.5614665876323321
-0.1884066515044541,-1.1141362203375036,-1.0979262026845023,-1.6634982760974577,-1.8337845249353144,-0.2085356319190204,-0.3181634486811888,2.4503290083532367,-0.6250264621134243,-1.2524143654317053,-1.4870791472170082,8.6888326464828,-0.8069374824566211,-1.5109774150440407,-1.1366225555927583,-2.713735990551248,-0.3232022654502489,-0.2821862498588407,-0.7981075777217478,0.022777209938066482,-0.1983373968562064,-0.5995012138846143,-0.5670162218629711,-1.3653603761414335,-0.46299444825053915,-0.2874247729208385,0.11244714589343033,0.45838823364564457,0.47072035439495113,0.4446071183720199,-1.5074854574132943,-2.211841648600576,-1.7426916454102326,-1.1468731458919095
-1.1224960920304492,-1.874968754027507,-1.941620077963324,-1.85895779983095,-1.2616408815896896,-0.8154398881229229,-1.1203242412708048,0.8465114858625136,1.3524926548197005,-1.871977624473581,-1.8162937623929643,-1.832494620920717,0.09287579128269742,-0.2664873980364655,-0.3604477863360499,-0.5165473684118334,-3.0322584146235743,-0.26321583822089634,-0.46214387833201126,-1.0195137152912321,-0.537359489889685,-0.9903160271645042,-0.5600737806399946,0.3116589240866904,-0.6603832968140214,-0.37268236652442016,-0.40564264359789953,0.25756297581911264,0.5614801678092101,0.4169275803797798,-1.6502304075605032,-2.539879871326813,-2.120830431546344,-1.9537218029243235
-2.2506185353283925,-2.621035448762836,-2.780667130792777,-2.613358206329554,-1.7908382483443426,-0.7933285199431576,1.3932068126818515,-3.494219058340543,-8.622199214581086,0.4407871986105008,1.4969190229244664,-1.2311316939984838,-1.2337488205433356,-0.3467946805970071,-1.6421988890324053,0.7768788845754822,-0.7293308003645691,-0.8658982635339708,-0.4540010950303508,-0.6917024617872686,-0.5284800292264177,-0.05784536633395233,-0.6717052388077642,-0.9210850840625158,-0.13452786645616235,-0.15296532520569842,-0.011805063683098336,-0.025138878954126472,0.8235792954447578,0.6172582882494395,0.5261846261709076,-2.536115420816205,-2.7133294303851345,-2.3445381382079544
-2.8590835807931927,-3.133990762118481,-3.5834846264650135,-3.200922232524676,-1.2490698631918176,-1.1041989546366613,-0.19593223333045046,2.442708546918438,-0.7045063446415426,-0.9338691023150147,-0.7467655929321562,-0.10499629454724554,-1.865739057402138,2.7210289051013152,-0.7852113365941203,-1.0357086863986866,-0.04827127647321187,-0.8644169701588954,-0.516969926019945,-0.791848075448628,-0.15471321976632413,-0.7613578829769008,-0.4673984397689707,-0.2894990015752522,-0.6003614280312781,0.13134895920765477,0.13759737650109574,0.2608480068874165,0.6621952136100262,0.44945322930475656,0.41685971530835225,-0.10972270645204589,-3.4721429303511946,-1.1645825533916847
-4.128565112872922,-4.3307880509207655,-4.443881759282442,-3.623157181015915,-2.7195600102029616,-2.541561128262174,-4.7529812506138684,-0.8375660400661858,1.8608003496951455,-1.2291217661930929,0.36479722242021234,-0.06816454068693195,0.5848711704341496,-0.019512032028139066,0.2776573600188039,-0.7703479125553339,-0.9325569066749955,-0.7649947036246859,-0.9545504527074832,-0.9037267810891136,-0.9051408305002044,-0.47572618610774314,-0.7148256595940391,-0.6172771420092383,-0.06264382558329629,0.011425337088847723,0.3592056688204292,0.38023739135294765,1.0104420986103158,1.06023825860182,-0.2017547471228151,-0.6154825625567847,-2.922303535769721,-2.972400693663755
-4.7847678064650765,-5.212912516138892,-5.061833744958975,-4.1186959839156305,-4.780746117481103,-4.974832740816822,-4.525409462180901,-3.660113094950293,-3.623724962994194,-2.5490725397892193,0.3234434778433978,0.12491135971326936,-0.3690545926795604,-0.9098630668182083,-2.833336520738501,0.33155089720823244,-1.455769530722892,-0.9721038782125554,-1.0628165037855168,-1.1601701392892279,-1.0191393429116586,-1.1642706706995978,-0.8047931865991594,-0.8698455206536688,-0.554211142648289,0.10316253872360284,0.4082384222282836,0.6212034076493653,1.073677400893268,-0.10207311477666178,-0.6251128569609592,-0.3695437204068555,0.8607716895999397,-2.2498176698450174
-4.038423703342266,-6.230687138278204,-5.972662936032486,-5.223079299347565,-5.379627363659122,-3.420510228633618,-4.645644781676717,-1.8322562126282527,-3.2813338957932476,-6.56191386372785,-0.6427189730240874,-2.2411210704949855,0.27908694614155055,-0.7081285018793373,-0.6668329189232588,-2.5217038578353366,-1.9454815867834228,-1.6110010165782294,-1.2765535051087658,-1.54972600574329,-1.3762042000088957,-1.454689405496337,-1.3625913499387836,-1.0099538697772144,-1.0828635154431,0.18189444946910813,0.10107460330978135,0.7590120020247666,0.9303127675103814,0.2743469455991704,0.2350013313046286,-0.11123630165638841,-2.405854520988581,-2.479351752683475
-3.298019132251135,-6.630943914345135,-7.115542481548056,-6.459809392213923,-7.022271175491292,-6.314679917666137,-2.817325331610983,-10.643473090007436,-4.877117680251025,-3.064019466724254,0.744526673555142,0.38387887842466534,-1.2101266494056984,-0.9541461512746112,-1.411167959950571,-4.049492496927798,-1.901305461772286,-2.1503264581278456,-1.7279109382862836,-1.6332492723478165,-1.257405954336383,-2.753786111975481,-2.4039879343565254,-1.1962186745246965,-0.6302474418028113,-0.3437210675101791,-0.04215730628992291,0.7168337553647751,0.5448269573138264,1.0284083780749407,0.7123450297179011,0.6364994193534954,-2.7610261574659756,-2.7182098471857334
