script/wind10m.json
{"header": {"parameterCategory": 2, "parameterNumber": 2, "lo1": 3.000054539987559, "la1": 64.9999836372058, "dx": 0.5, "dy": 0.25, "nx": 34, "ny": 52, "refTime": "2024-11-27T08:00:00.000Z"}, "data":
[rows 0 to 24 of 52, columns 0 to 33 of 34]
3.8563771729612917,2.540398912924938,4.855011522644533,4.803222980606045,3.684191005702754,4.375306019869919,2.363111176370474,2.913205345878193,1.2095255981525421,1.8429540823201778,2.3253763628390454,2.292850355399862,2.5541654490154606,2.3521185822719244,3.246799654968728,2.5656635084253336,-1.325096507052393,-1.9611489416366388,-1.4914974490561594,-0.5787407839090769,-0.6129543696979817,0.22974917450505344,1.1343872383326505,-2.0214951256092757,2.1341518335566088,0.1739063926330271,-0.07479616394774406,1.0913078317474147,1.3588810592745062,0.6584792130087993,1.2246662670469286,0.921185771139145,-0.14522068487848414,1.2726602646010523
4.264706485247587,3.581678069380221,3.4933911380219924,3.750171201361112,3.171220514608907,3.949086310647398,3.8472127778151153,5.0377842461803635,2.8079410232886612,2.159286775930724,2.530588441175215,2.026891398178659,1.9632478511077642,1.6870812885318256,1.9219210781747504,1.8774406221725348,-1.7210055065910432,-2.1011020759947012,-1.299033579221862,1.5603409384635882,-1.0488463401717298,0.34696888017220856,-1.0975990772304154,2.001050307777755,1.0878856361570415,0.7958341364458572,1.2022561471871758,0.9656311181652818,-0.20592172596844938,1.9505210971348943,0.9290488583809283,1.288327163070072,-0.05776904199252381,0.8539674708644868
3.7254264329586344,3.553485433257611,2.6366641239206428,3.026113510747486,3.5985199415966074,2.890225960005464,3.2865459115747844,2.6077019347468147,1.588831670115182,1.850950411952769,1.070587865393392,1.8358073995525832,1.181000524978581,1.0032085227724867,1.7110807198176057,1.6518880466978363,-0.9611293895787556,-2.589043758030591,-1.2360766961951772,-1.3805804280638851,0.30321283395763654,0.29420466363934117,0.3551921757672764,0.3780293084178678,1.0951408014037964,0.7200197111831504,-0.49301535473430264,1.672883702071901,1.0724108706817643,-0.27330027941190754,1.2388837073709258,0.2419573788071475,1.639586352442234,1.0168751306394381
3.468103096831806,3.432152202265787,2.595524020549125,3.5228124295707715,0.5159614557040565,4.431270955728225,2.2825249753361185,1.6621208473465143,-0.1447912238533725,1.8427793627541806,-0.46876018205960807,-0.6167727014031265,1.205594212157222,-0.2863170438036408,-0.7747689129283921,0.09245134175733333,-0.1890562751955329,-1.5437170007462404,-1.6701119368204773,-0.9740465357111096,-1.3177213852687144,0.5122713735671218,-2.588060737119448,1.3854218625235282,-0.5712548069454139,0.33729378816920585,1.760868517291669,-0.5498364910288762,-0.4353143645203033,0.629711758530118,0.05022467512908072,0.5384507931943747,0.8099988430586709,0.37421602123184566
3.2238284456306854,2.5635761032517506,2.4386514275287294,2.173191142598921,2.4797292971309144,1.8592553171242527,0.6098424696997005,-0.33392789433959236,0.19599500730528407,-0.6784443354817205,-1.9479368515685913,-0.38434897996482514,-1.442401194150933,-1.118272210124258,-1.8327064112659026,-1.6469599355997055,0.47235295475456734,-2.019751597675151,-0.631365554143487,-0.42375748221219106,-3.608511666985601,-0.7773740328379617,-0.44165800017608503,-0.757001862816045,0.4728686093455981,-1.1688680060192906,0.08891236842078684,0.5077508473547572,-0.11392722884029165,1.3591807773705527,0.3500332617090544,-0.24195509214535812,1.0138086980759207,1.0816910480255628
2.459795563724164,1.4653694492111615,1.4172206983673858,1.6605646849816103,1.0731481747018279,0.8479559364818048,-2.274114923992903,-0.772308189588467,-1.638558180574591,-3.0549624659345107,-0.9853419949376485,-1.2369713345154176,-1.146474767356978,-3.202174410494548,-0.890637188257064,-0.037745560272942645,-0.5796590542343663,-0.9403255737706447,-1.8617145729495757,-1.6809778988893893,0.5853960260467951,-1.1796216313104881,1.4686880614103777,1.5287929877151085,0.4049613330245621,0.7634794090538825,1.3154848890480402,1.7828229134850668,0.5252250329646078,-0.0955844292561642,-0.4804736254580185,0.2987789391376249,0.9691518031540208,0.5895199320417045
1.5797749464095288,0.8530717475019374,0.36582027948463897,0.436453387250124,-0.37471606715951705,-0.5684791797060968,-2.5972807654483434,-2.645708589793519,-2.492048246588151,-1.8466978554691014,-0.09126643136431349,-1.2980330591552747,-2.119849284735034,-2.188039802416763,-1.2230128483584455,-1.4246497867174481,0.8042380845557116,-2.3030237126004187,-2.3419619645913583,-0.5240369908980026,0.8538953093412692,1.6125573551433026,-0.25401198364356625,-0.7613289865374226,-0.3989695426627447,-0.06867968759053857,1.012427635683483,0.29113383585212954,-0.36368773672891,1.031138090504518,2.112768845531066,-0.7827754876907251,-0.18871940530284495,0.40895264761304484
0.45854779071756524,0.8311005937445917,0.4783351112709382,-0.5780224610344018,-1.5063120264741467,-2.1721905104932935,-3.0114408609248624,-2.1280158776428766,-3.432545785315778,-3.3296868283104244,-3.293876397724364,-0.24771684119446524,1.61189218016533,-0.19207032752254652,-0.5403412523165351,-0.601058237068102,-0.5018103829624372,-2.202205127123697,0.18032396631290276,1.2537409303981335,1.360397939426578,1.3236236739160578,1.172374901080052,0.402528168517112,1.1933412215706414,0.35443000920812445,-0.1679538929935666,0.5456261008824904,0.8784913429093975,1.5119769812683943,0.5671882935705365,-0.012015877809484281,-0.0653887913008128,-1.5405240070065127
-0.32158605376402777,0.9369823150862674,-0.2365311952626716,-0.9936586843947678,-2.356223006016762,-2.506750901432891,-3.7064622666987312,-3.7325000702507487,-4.169949975343332,-1.086740885500018,-0.7359027703972874,-2.043384049918764,-2.4413746695330847,-3.5256790025725424,-1.4600720802638807,-1.0443713940274595,-0.7074300905721047,0.3004069753494588,-0.30438568732500315,1.1530164871487114,1.7450302077434992,0.1890122013411328,0.8315677681279106,0.015539080243746697,0.792764392407423,0.11519130338644953,1.622845266902906,1.9382090221166712,0.8754357132743427,1.8950815770916367,-0.16649276940923105,-0.3131997697468434,-2.1971545601486504,-4.226141792602132
0.4112925206895274,-0.05411906970173283,-0.5270216031671071,-1.6839101399161311,-0.5258502959551257,-3.8795419509246427,-3.3578754253080034,-3.5270313066033627,-2.3649781865018356,-1.5983572197738791,-0.4912607392623285,0.16598865164737642,-4.162142833355216,2.04861053479178,-2.033925507266237,-2.0082688040950196,0.9120993331767963,-3.080016307317742,-1.0684745697553593,-0.9833238328496168,1.5191981567528274,1.0401746763509814,0.2116860205363253,0.38797242803213017,1.2005582842425115,-0.11862199954544253,1.3835490113439235,0.20472632460690507,0.23675253515482383,1.1319547349186259,1.217218547281133,-1.871468737006872,-4.055366480602357,-4.5866768903417405
1.042384108943618,-0.6567651304060169,-1.1131088723542149,-2.4334079092995258,-4.144988112023035,-4.359963567692921,-2.2485643141046654,-0.5060388581145593,-3.209013272520381,1.1531896809437907,-1.6112836453377117,-1.1970272453289181,0.7236081214293095,2.0073916584056826,-0.6655395248535487,-0.43710148830207235,0.8288646499767517,0.8054654161354481,-1.0556490384258783,0.696089784313538,0.23322458288827758,0.8140227460961645,-1.6203959320063739,0.9914725459209386,-0.5804423741337067,0.4323741520196138,1.6437622550481392,-0.07255465349115657,1.6927663322156368,0.6072926234819882,-0.34648946904122496,-2.5516719852217076,-3.6997124374757906,-4.781510557791334
1.4595195921737145,-0.14960094899501786,-1.1258413887955168,-3.9537847828525603,-4.085120564401204,0.30337669389415406,-3.1314532638195263,-1.1646084032937374,-1.386159809927061,-2.8761070365616583,-0.10740578963068599,-1.8760697821660282,-2.214455794635275,0.6926102451528798,0.9195981277105608,-0.26137891361961046,-1.517005064434979,-4.0525968715036536,-4.171438002550627,0.37349614097268025,-0.26232850792965207,-1.277903742421794,0.8332627095058021,-0.14490313930844873,0.2761934580398513,0.6935674118014412,0.7854655899104956,0.7538585553979128,1.0679526880113217,1.1536962784055507,-0.34882071476773274,-3.0262293100970545,-3.965712292619133,-4.7240903458732895
1.2612923523382418,-0.18601494615251016,-1.3988965264341042,-0.5054875131271487,-1.2889322983771054,-0.3777049454862048,1.7233260270102955,1.0182403953755628,-0.9785113034204896,0.2561272696222048,-3.2993641844091375,-2.326901398821012,0.40531902138128406,-4.04246798211329,-0.5757961980460236,1.307322406083074,0.3375627784365233,1.4491930269122566,0.14936875036044925,-1.0682588288151738,0.6853810841559114,0.9745009499935928,-0.1422955153667758,1.2993475764325704,0.5473077393236705,1.103377807154391,0.5824163289524285,0.38463882363345675,1.068418786605968,0.9936383986445924,-1.0472916829262207,-3.0803257003239626,-3.9894821320167284,-5.242688535697668
1.5249673579165328,-0.027197507418134453,-1.0845285851257989,-2.808724543137704,-2.943353574829897,-3.6516876499620854,-2.095717942001347,-1.0060217612804352,-1.392419119481779,-2.5434614292426607,-1.835852466120718,0.23285815417133243,0.6430406113790058,0.22332926256312158,-3.906157961999584,1.3460179551839777,0.39933032244606914,0.04809683904106118,-1.4880911770501632,1.0531725432354813,1.317698691263534,-1.5062452638820751,-0.22107875155592105,-0.1017382124395928,0.5904180261444822,0.3690040944680196,1.6180239359815887,0.7674532995512655,1.2248287595429384,0.3423184935343761,-2.029719512270237,-3.57511438027307,-4.808513225254115,-4.118632887300606
1.149780076152764,-0.023121146871145772,-0.9161448755900177,-2.564003002378454,0.06490739099708419,-1.5871359828109106,-0.8440848775652176,0.11580223713234006,-1.9352916654722379,-0.5128842099013963,-0.5856262046501933,-1.5200658641583449,0.321149838397206,-0.516098011777544,-0.8140711335121958,-2.762810632644325,1.4827446845976107,1.3818856284773908,-0.8297872438190399,1.005607960132806,0.9858904494214693,0.7655156590235975,-1.3036523716898107,-0.17928249336537477,0.3200126673031677,0.37522141537435405,0.49413958393271723,0.6454517768362167,0.602326488808519,-0.02242151789664897,-2.8551976302754682,-3.913648086817266,-4.526728213807277,-1.4199084862023155
1.0800867945691492,0.4150526713823108,-0.3174054210206848,-1.9378238417939626,-1.7603447490136805,-1.014131353039031,-1.9502311355729782,1.7292778232491297,-0.193223863545721,-0.41678452457441223,-0.5619649182617857,-0.7156213587730779,-2.074661664399838,-0.384068473284612,1.1523069431202673,-4.135612663202972,1.5521991348815127,0.0021839874532900037,0.9874007817871704,0.04734991664449872,-0.7818556552285546,0.7392834968376689,0.615807238483018,-0.23871198317659653,-0.527758058063652,0.374547371842361,0.3662466458731498,1.773670932866702,0.6039329818386561,-1.2083440578635276,-2.7885410839936453,-4.345224912424467,-1.877985252806543,-1.7995970893815114
2.227127868960749,0.9330045182001606,0.7475766727542915,-0.7820260671897437,-0.747575803121988,-2.319810891400174,-2.5211945866053513,0.5152592876537594,0.46059559464646854,-1.557320878915307,1.6762144640849996,0.26009565483053176,0.8327971545566858,1.6280507286820523,1.0451916769790632,1.3710820577420795,-1.298075659361543,-0.25726163846025835,-0.31533496261693955,-0.712077772167169,-0.5820143389430895,-0.1352677506955117,0.06815101171637704,-0.019075830639601204,-0.49011974238529926,-0.3576563353885408,-0.4879920591000238,0.3624455277211571,0.28516195243669035,-0.7807828911780953,-2.986712121086773,-0.8789970748694945,-1.8283759926956207,-1.0524347198653643
1.8858136511075871,2.1004467048579682,1.316123751963048,1.6014801507747796,0.04230851729144399,0.46769079952597375,-0.8974468340929974,-0.47694070225211266,-0.511109457286984,1.6392099038337187,1.1659495085545089,-0.41110496588782525,-0.6482607147646074,0.7075288831259553,0.6911771729323581,1.1591021243239654,2.379086732196437,-0.5740433918397384,-0.5570070859616728,-0.9260000882226285,-1.3857185541682875,0.16258077753886155,-0.15853187152403206,-0.8180014572456273,0.3756965290276316,-0.29099363150640517,0.2427284831754737,-0.031088927694806014,0.022038730127369673,0.15452315344513104,-1.3596597379326971,-0.8855044671806539,-1.6088352318286252,-0.8479005844108045
0.6488252905619288,1.486792811551476,2.2810135004864898,1.4952127988549073,-0.7020585783005548,-0.7579756943238657,2.5550135261931874,-0.6446543659048284,-3.538593048349257,0.4301175047015682,0.021450919802819685,0.014106894055660712,0.013501871118192805,-1.4023196120503931,2.10098531216056,-0.6830566337466818,1.086324854742407,0.24906393680807623,1.3640189550678334,-0.7462758556449793,-0.6786129028820591,-2.3667447561257093,-1.1524571315614094,-0.4699230514653154,-0.5074142829232378,0.5345008213352563,-0.07055804112738623,-0.41824105599744565,-0.14901785335566894,0.6664443537035649,0.8716110710008915,-0.15997527060980643,0.665438879982547,-0.2789439865093965
0.640368018214278,0.4340007433121507,1.5682032230538152,2.2489046483395345,-0.36242477832087433,-1.5323493225907099,0.2972203701976683,0.7946115525454766,-1.8273133183593286,1.1656711997830096,-0.7083659246995406,0.9096447619695384,-1.1604396913274855,-0.5441766099157903,0.6709444140785847,-0.10938596897234562,0.37182136191229587,0.8042184384082904,-0.09630397165791021,0.03515141451978705,-0.6832555591284817,-1.4719873548209048,-2.4646592454966396,-0.48694045838236744,0.5659101702650046,-0.11486166629596226,0.5498286647200992,-0.06424636176006843,0.29027738560797856,1.0792430442330405,1.5152182537249816,1.1607029501861423,2.8384356575807335,1.0517048766683128
-0.39350557725048774,2.2019651763120622,1.214933740883791,1.7994663802722692,-0.18527611583353634,-0.20453414120885818,-0.3136937084395323,1.9198235504984669,-1.6718244723925522,0.08270623119958041,-1.1820021684750566,-0.2499829532361147,-0.2604005519543768,-0.19966551433604343,-0.36300653858565474,-0.5154827178396865,-0.5571738785878121,0.4625859211408927,-0.02347158321063508,-0.4950672233657341,-0.32896047748004537,-0.255491277212424,-1.7708603159648573,-1.19882999038467,-1.3438506256600198,-0.2635106939034906,-0.7858619642009046,-9.910316448696154e-05,-0.06969112179595284,1.1078751528575947,1.700377489803851,1.4187704363741005,2.360902985731526,3.0328373246041003
-0.04542074251206093,1.0589022868904752,2.233226284810791,2.498819602430634,-0.24033318959079303,1.9675441869553114,-0.16853680605939184,-0.48698589282335886,0.2096531875224297,0.8163512921594113,2.164682975178748,2.2778729694158657,0.5573741955539331,1.1739104411366856,0.7489539056963995,1.1304620941161583,-0.516675567094276,-0.1361574489494256,0.045296497515810996,0.12580008854621857,-1.2690408170781762,-0.4561431455726489,-1.7356194064596435,-1.1536402348241295,-0.668885097704117,-1.6488320542109223,-0.701199994929952,-1.0580886492463013,-0.8784954447865463,0.15921317420256184,0.9380582766805325,1.4334957212888713,1.2231439417758174,4.484057001476189
-0.46811062637552164,1.1385383998638192,1.9284344070017552,3.0158457658735776,2.9007424787491027,1.4367519025539477,-1.3830503713625515,-1.08363848058917,0.7890055324471492,-4.436052564881123,-0.9898973844990929,-1.9540641775368337,1.8389600380037154,-0.1742556603346743,0.5147209294943355,-0.2139705638766187,-0.4468877821270738,-0.41893893989318226,-0.5890650711577395,-0.061091062278051896,-0.05790820252560849,-0.4768541083377286,-1.8121004064807695,-1.640095986419784,-1.327517349776182,-1.390135528836471,-1.1470300092023022,1.5863348559947088,1.0314307603901476,0.8639900528851637,1.607439254573154,1.7718601929076487,3.6487267784793076,4.608756027755536
-0.5985560084363973,1.3044630539484985,1.5031602440967096,2.2863509663191364,3.011999400048153,2.067153887188508,0.5201234502693709,-0.8100959272837485,0.2249475139988357,-1.246838827827721,1.6641575922812375,-0.8193681730208413,0.6545932115314417,1.05097583098302,0.39971433673415635,-1.734764274450392,0.28228140496804294,-0.155996128152528,-0.03881808202768918,-0.1047421440695057,0.3333525588965162,-0.3960111934928443,1.1129955900094985,-0.2488026719693698,-0.6779958881440792,-0.3344042266902605,0.46680731773876055,1.2821163958268247,1.4756156051583078,1.6633944738022126,1.9002435567994334,1.3725561749519959,3.9448593764307964,6.810543992546121
-1.181065120797777,0.5935482888608655,1.9154392729411238,2.100550635650257,2.402321977123486,1.7904770381378843,-0.35640166420271324,2.1253480603215213,1.5231865790229349,1.400344651210869,1.0498093094470882,0.5430433929676716,1.0078559265103715,1.2642115397911253,0.7487946768694991,-1.8426801044148184,-0.3570368859868624,0.29644734486866225,0.6183593682676076,0.21140592158561283,0.06784587420252568,1.5890747391020537,0.31606663318414796,0.9800915757934687,0.23796764724637617,0.6155538930709449,1.7279890883302305,1.1355774011470572,0.7527228266217106,1.1816899577443907,1.5639651341462129,5.262422038687006,7.1094764821222665,7.358891058189703
