script/wind10m.json
{"header": {"parameterCategory": 2, "parameterNumber": 2, "lo1": 3.000054539987559, "la1": 64.9999836372058, "dx": 0.5, "dy": 0.25, "nx": 34, "ny": 52, "refTime": "2025-07-13T00:00:00.000Z"}, "data":
[rows 0 to 23 of 52, columns 0 to 33 of 34]
-1.4654818346899132,-0.9804840875815916,-0.9461485210902324,-1.8785645237859172,-2.024420657249209,-1.6167851275924254,-1.598944732125131,-1.0804151549891565,-1.2288596371038165,-1.6714256005388402,-1.987674354661718,-2.5694395488643647,-3.1889888612494897,-3.0532338138194968,-2.8832278830129354,-2.690546516887871,-1.6384359258215875,0.7266408431507195,-0.13873042824045279,-2.4657580281248657,-2.0895445650030138,0.2034109262537794,0.07793408379279579,-2.8466311940733715,1.648486877727381,-0.01751444209575948,0.5835026836488629,-1.8658830093694359,0.5870959735257948,-1.2987857197086121,-0.5803119759007366,-1.0764233652199673,-0.8947146152656023,-0.03608558600156455
-1.4115060334407168,-1.5604991265596455,-1.401030722201839,-2.2647913843990106,-2.0369513509669357,-1.7073156215698024,-0.5651358752533173,-1.5341932583296203,-1.6883082540130592,-2.508828722426391,-2.7160207222913924,-3.1968639886435253,-3.1360453822145913,-3.202958538206818,-3.2683927378148994,-1.3832220394550097,-1.448177364565835,-0.6706591352444317,-1.6073466151813516,-1.1484926435520721,-0.42247626018069456,0.05338901328141244,-0.636142169643771,-1.0656719919302982,0.9239547169115494,-0.011174589247521655,1.593600861044328,-2.0813450213454647,-1.081938024108189,1.2071602698554285,-0.7861392243983362,-0.9594043245666293,-1.07439275460117,-0.27566266480805485
-1.7713062649905127,-1.2911247553201997,-2.330467418846504,-1.8725645912197406,-1.6145455799713386,-1.4133104714210476,-1.9657802293965878,-2.0420926765052263,-1.9458582569372826,-2.4743721632004916,-2.9797578349912603,-3.2128164833787145,-3.8226445864826166,-3.5619463982678994,-2.476882619008887,-2.602845751059007,-1.9082528200162672,-0.9017259185367152,-1.1659589412347278,-0.9945577284830579,-1.7047979699786246,0.43791104302214434,-0.033070411911086735,0.3914142153303558,-1.7149861284487726,0.33143616564692363,-1.6141781432475608,0.5713392551685578,-0.6202747534760683,-0.7734045996271198,-0.11886562743159342,-0.07078258094451992,0.43262429742505776,-1.3460975896430207
-1.8094616389482685,-2.921373654072601,-2.172123898539385,-1.599708342605573,-1.9457745973780018,-2.4842416507842673,-2.483717546863256,-2.228635386276239,-2.291016684486133,-2.7539743204106317,-3.4045978471875933,-4.826038659323903,-4.369358535734418,-4.094006883192674,-3.9790167670821677,-3.1910902824688043,0.503067682064555,-0.9945761717866904,-3.477993663701981,-0.721230123727633,-4.376137895294827,-0.7760000839883081,-3.291177923807569,0.9035639996538857,-0.3854031965088303,-1.3228801223155584,0.054534941990257005,-0.7809669044596909,-1.2856586378317565,0.25320330305309596,-0.02111872247003512,0.382386203891382,-0.45512807231503855,-0.5678941419306054
-2.4534095350268617,-2.5320701867272764,-1.774455257319469,-2.203343624224372,-3.154999366995793,-2.7147068439899638,-2.476780473516506,-2.7235266704482415,-2.6855671430168773,-3.6927022845964244,-4.984015693944177,-5.076786798509123,-4.81822732961728,-4.583183973249769,0.01192258425008435,-4.53636441733473,-1.1822756886831864,-0.8258490670310003,-0.9362077967433852,0.24399297392167824,-3.985835990056588,-1.0035362738900497,-0.1816237247652986,-1.5486608108844615,0.1859708121675239,-1.1798821216849877,-1.2538901925111763,-1.3950616023220446,-1.1599925514809402,0.12849011144982206,0.5820891115850801,-2.102377405793999,-0.22899001062318583,0.36457669657187197
-2.2716896752989384,-2.2692723022564647,-2.105418866051202,-2.952073259273602,-2.721804285244658,-2.6210556519402206,-3.0770028638662312,-3.059946997995281,-3.552402674676755,-4.023447893560043,-4.998079375620895,-3.708224961353775,-4.8608534854437,-1.5311293202131548,0.16232812128874247,-0.682349440864158,0.17295800764538963,-0.01506998544444926,-1.914039002982806,-3.0309355948253773,0.3553236043564623,-2.472366289917706,0.6502983818554708,0.563650119571416,-0.3378561232293127,-0.04650096039359324,-0.4193774932665133,-1.1495260360111232,-0.4042673690346611,-1.0339495772213798,-1.4314580115202666,0.38052857343908986,0.6028976424618208,-0.003929151380965586
-2.0470031102969317,-2.135150018732131,-2.7253086422899875,-2.929465690483339,-2.7853473503318553,-2.8917296958174434,-3.3963564839915312,-3.69561777511509,-4.068396966782182,-4.052705255460109,-2.6420452304795625,-0.1507227508348917,0.3331790311103653,-2.9559167438404796,-1.162236587763458,-2.757764630888288,0.6577709547695624,-2.451702518492349,-2.377910639695247,-0.4301221933653339,0.4981855140470468,0.5985395417516831,-1.8004133061871284,-1.764854722662148,-1.2935844701395505,0.31899637857491214,0.6408460272335553,-0.7227285352122639,-0.24512027206773238,-1.3346093659383118,-0.8342572549322849,-0.6566911022630258,-0.5934523973423372,0.16329740726684108
-2.000303924262547,-2.5179715019415205,-3.2083495858904185,-3.0479430661767015,-3.1971546237012003,-3.0757550746349964,-3.492865522433981,-3.914667854907944,-4.031982033831847,-3.619000093975569,-3.5960983827916926,0.6842388110526784,1.7605573460016886,-2.1509838013608604,0.3535482453845559,-0.3532455615567012,-0.22121560868973028,-2.0504027706146344,1.024072646456168,0.840738342542457,-0.40094569236417166,1.480545436146639,-0.1350373310970105,-0.8118767951534983,0.6790889051327182,-0.31137110417687625,0.2245635196274687,0.35535657091283945,0.7898011918923453,1.169520846016695,-1.44826328561674,-0.364375829418787,-0.9290146579812347,-4.633284845659345
-2.1403605032031567,-3.1308113302565554,-3.407463293145412,-3.5443099580361688,-3.5707259142381593,-3.7736254538006624,-4.710868296704015,-4.689816416119074,-4.483126154676614,-0.20834716536734266,-0.32503919677064247,-2.3301989087119677,-2.4889400936220665,-3.670595933237691,-1.710506220818794,-1.6097779443110802,-3.076860878991173,0.050859677368800676,-1.4434385145106614,-2.216901860179184,-1.9656374214456482,0.1110368413745312,1.0539191380177646,-1.4773336318259658,-1.4472976492479674,-1.2090046699253945,0.06298219054038152,0.696364929600562,0.5838952977100577,1.3345878153519928,-1.9316937990480425,-1.3535314538734047,-5.007222805605275,-5.325543937889287
-2.6186750715163694,-3.373456158445596,-3.632085812039518,-3.8668120980445444,-4.311835381293363,-5.06040050739204,-5.341268968348762,-4.207223837984883,-1.6364260949757607,-1.0877911228897623,-0.9163535956728621,0.01859873270831856,-4.314557334561611,1.1489841457990615,-1.7517829562480824,-3.2076659491482453,0.7869405159327083,-3.3848823806682646,-2.4426547027055734,-1.7176162811986782,0.3725508164583294,0.2725135480705547,-0.7795642599904885,-0.37957144573032714,0.26349252572502724,-1.5990998210896368,-0.8175271777399682,-1.7407439811329215,-2.2766674682539385,-1.3810944541272878,1.1081539889159893,-4.0993314143826245,-5.451054365144987,-5.119325642700002
-3.2531349351803978,-3.308921569874254,-3.7680168347073772,-4.587363004303689,-5.336431945961461,-5.1770491103813185,-1.282009125859368,-0.49797914027012125,-2.910624266519279,2.776367944911913,-3.504683659033357,-1.4984531158908758,0.5143253263739888,0.7750361615096271,-0.5783076790804615,-2.917878696253471,1.0717998771370925,0.4288778758349315,-5.711509672046257,0.6525948858994518,0.6362459180038267,0.7307057707225225,-1.1128976554326604,-0.29547354697520856,-1.630901045385242,0.87704303624496,0.8807499199157278,-3.051645682497076,1.2896102237846097,-2.968732047675043,-3.6389143236726618,-4.823443962837229,-6.053224493249869,-6.212289370997534
-3.453283842496625,-3.3823608897838535,-4.64893188375504,-5.0445898925443275,-5.95565529218127,0.5886176624075444,-1.568944248887923,-1.8203909597783416,1.121443626980998,-9.479477679862576,0.1417551006062148,-4.316553004598946,-4.290435060166024,-1.016294760188545,-2.441902681466113,-1.8957441558773551,-3.016539799024907,-4.602564068355905,-2.8580703007524364,-1.223183155626808,-0.982728101913901,-2.022109203483423,1.27982977237571,0.10778415308913665,0.9282432780841823,0.27899355602223747,0.45853956528254824,-0.05864119459286999,1.1843852277965512,0.4252612070452234,-3.9979918039777247,-4.907280343188305,-5.696253382473346,-6.249346132548674
-3.204428865833184,-4.083734207617498,-4.640779529692541,-4.963867026018051,-2.8970383977918166,-0.687650316644554,1.9991687532739415,-1.2061919743060994,-3.6841548811839377,-1.4772457765601712,-5.754917414560313,-4.664010147328541,-1.6303014706213892,-3.3781729796993245,-1.4851537988346692,-1.4864179255372156,-2.9017861008103716,1.5896432105318525,-1.5529158124718114,-0.9875424664662412,-1.0003731885721077,0.030021082274508296,-1.7483260028225367,0.5101346007364622,-0.31355954204081576,-0.7305878166027865,0.589350887277862,-1.8416841526416783,-0.4496408137502065,-1.336539321970165,-3.7145391690280927,-4.670814735416002,-5.897564475025403,-6.233308853374333
-3.2704343131748557,-3.7364057276957205,-4.0078525829323794,-2.357155562551466,-3.0084123651195016,-6.465413102594991,-4.035189695951166,-1.282640068012401,-4.145864117715829,-5.437540305708975,-7.848360032502945,-4.052004257605615,-1.8055242063099508,0.8229558618229154,-2.7525027052956963,0.5430596478755478,-2.349148644904378,-1.4351156463679295,-3.402740646705913,0.46044457333463085,-0.2440592456708313,-1.3553629595939451,0.1803701072486461,-1.0378454187267119,0.41848391052825346,-0.7358193808192349,2.1071739004993826,1.1329943850741078,-0.2775525134634574,-1.0977222833053515,-4.0483579861335866,-3.2833637128505595,-6.2782200558474885,-7.188557188631562
-2.9229149260354848,-3.0833551049156758,-2.9324101740343034,-1.1247575478433887,-0.6644507400515501,-3.3729666043813817,-0.9513528476408134,-4.604632287595068,-4.2922276930778125,-4.050701339597593,-1.9319210498740265,-4.104598465616708,-1.7973896868258983,-2.6645773163049076,-1.7057324011081965,-1.3119401197442764,1.6526334781472,-2.243707577471002,-0.0531987812754713,-0.3915118542787785,1.3500208075408686,0.519545977127074,-1.680581570078058,0.8062183599018339,0.300338412226269,-0.5597839911043053,-0.4500842325142194,0.400836752210721,-0.7555896882442484,1.098158721385983,0.5067510297080069,3.610573572506262,1.5596070887027147,-3.6518646083593325
-2.2582959239563674,-2.8985256419385097,-2.660896127891493,-1.8299925688058374,-1.269263346381422,-2.364370929365545,-4.136155738833759,1.5305370066035997,0.12375817706566693,-2.4488228359856397,-2.6633315518265652,-5.1752103303442425,-3.5218379694596313,-1.7711107276584173,1.4304640371828206,-2.7198856179526865,0.28124190282507006,-1.6746121718288831,-0.004733675096494818,1.0321987747454484,-1.6985041707614812,0.028945321731232897,0.2636242992783778,0.5004866010961105,0.6571158064646841,0.2013718585030164,1.3863218611287333,-0.17291813705491346,1.2998480294865193,1.3174616893423818,3.0948257498228147,5.158117907527645,4.24558857840613,1.2086121751805057
-1.7128820853123943,-1.4530365678957122,-1.8144305415906392,-0.86510947193896,0.8047250962370756,-2.4530411274380355,-6.1945910354890845,-2.9637553207353338,2.4968188076078315,-2.9759649118352014,-3.4947264157726785,-3.9234644901479254,0.5240302003595527,1.8273853551767176,0.9189821767292223,1.017006588180114,-1.604050428894703,-1.2766643796356874,-0.29333095565194084,-0.2815917391419201,-0.9029717912007907,-1.9945448545521156,-0.2473103776021434,0.13205680353139887,-0.18732803759330138,-1.516627759943156,-0.6630981944394981,0.3030970311639581,1.2062945751483287,4.769332273789511,5.124385472258051,3.4584773923187697,2.585433301684972,1.9095040495228697
-0.999130083990573,-0.4753672598301871,-0.1887090083363081,0.8427849828462126,-0.9284436007998773,-1.6375785304046306,-3.4903878503805386,-0.3695670458560722,-5.617988130484626,-2.4921924239156996,0.6439196517253687,-2.3701320949808924,0.00782102817050669,-0.6506186866903824,0.12045399350099012,-0.5203053261332322,-0.7790186214442827,0.5319925362833117,-1.4760582653948107,-1.877552474717965,-2.33449301754433,1.0955799735166842,0.08426886254189624,-0.6832392651815603,-1.3234207664969992,-0.5463918888767489,-1.829358782577791,1.0143670281961936,-0.49932297161245276,2.544210875063138,3.0858495089204174,-0.4638225927903591,-1.2450621416351781,-1.0415400792976
-0.31809041780133424,0.35838239159313967,1.0124988096578522,-1.0490707676982522,0.7052881561546446,-0.980485886159879,-1.354521115052049,-1.7249144579418763,-4.522532957565385,-2.8054929397949047,-3.5600127980104173,-2.2268996690204297,-0.9297360008192119,-0.6984743310979729,0.8261205811222324,-0.949421589007696,-1.2162606593575775,-0.7289027994759814,0.8356994313636465,-1.06127340891688,-0.9667928035671782,-2.2090470488424185,-0.7726912432102109,-0.34894915519813374,-1.0104831954923574,-0.8109846103730544,-0.6016016237824965,-0.18972457073989912,-0.5731629821826627,0.3609309847357282,0.3303609791086333,0.19125616427592557,-1.7782943188762568,-1.0406864750292677
0.12151294561099031,1.4273579798276774,2.125583533878681,0.5028972020221147,-0.8698394348760585,-2.060644100133515,2.628424091238621,-2.3367048605158858,-4.032977768667297,-3.3092834368954516,-3.126748133788029,-3.4000239378010413,-1.5187403697881263,-4.837219737531853,-1.9231198403354792,-2.8002629119606506,-1.0368638319783459,-0.6647673858003796,-0.1770226539821901,-1.2499556121202073,-0.2903899613472275,-2.0300528411960452,-1.9477675797568241,0.20265988894442813,-0.477076884644708,-0.6537905596353669,-0.07048550068726708,-1.0769264292477834,-0.6860893593469127,-0.7487338482652603,0.2695145756032922,0.2214300535374622,1.3555522202000112,0.0837718300140768
0.996451787857123,1.941699365828409,2.1855662789055046,0.9715172480992383,-0.3514868451367221,-2.6268396747312126,-2.711814933402714,2.5659505547742314,-5.689431576909926,-2.641340144240697,-4.038857927541357,-3.7852131269359925,-3.3151959925098864,-0.16428421891948064,-1.8819220669218353,-1.2691419549501552,-1.1192197531585872,-0.10647829093942804,-1.3294832223501643,-1.8157253090124121,-1.295529155727651,0.06699927792583364,-0.6087365999159727,-0.3936457720822702,-1.2043945585978277,-1.0188438585974717,-1.1246639491874093,-1.2967448775011021,-1.239797145830686,0.14645007648785904,-0.4269726430169404,-0.810196662916281,-1.3840833018917744,0.03915971072909145
2.0287324138764915,1.8983704142238942,2.0071233987063213,1.0900172514456195,0.08950592742156073,-0.9661503658758098,-3.6675855797656567,-1.9700629218164354,-5.791808108384119,0.09949610267745396,0.46680760364685375,-3.2392687401287925,-0.0499944526726589,-0.15369011438473043,0.21531562808731258,-1.1301251307349067,-0.585057599210414,-0.4756356595717138,-0.36023711850760765,-0.9214687568468672,-2.030141986098182,-0.3411688447627766,-0.7235683466058109,-0.9593090292013771,-0.7834123762610437,-1.0581662619758112,-1.1288305057171844,-1.003448289110478,-0.32402119892144005,0.011191053938233294,-0.8279565397687146,-0.7494813517041374,-0.6575168786185182,0.22526615851586354
2.771677574969391,2.7200622346036845,1.6193808118549484,0.46109042238126496,-0.9289306076910371,-1.908479700597204,-2.1248345685560692,-2.4398789000910988,-4.106963286988176,-7.318188346134716,0.06102796962537389,-2.435468900055742,-0.1525759333761956,-1.3150299991154881,-0.982466783190559,-1.7262780365303605,-1.988438853803688,-1.7174251845943456,-1.4156027387029158,-2.1634918129628966,-2.339678996799104,-0.7300034185397578,-0.7900817653063097,-1.0113652866131022,-1.339666736994638,-0.9485053171598594,-1.017337527687918,-0.33231935937624046,-0.45100448006744304,-1.0034810061098596,-0.7494852447466085,-0.40866132530838534,0.5382697206376994,-0.46221135304984445
2.9543125028248776,3.3041496359806213,2.094864776096824,-0.2645811644020311,-0.39576321628799216,-2.235644409691696,0.003077086678882919,-2.6383164159990145,-4.410384724623012,-0.4841220078782475,0.03272200412042554,0.5407000622109126,-0.4398108978453477,0.1936531307593657,-1.2969755528558375,-0.9033026573198466,-1.2679462378463706,-1.7123530314659547,-1.5780745110303944,-1.758299861936713,-1.3737714460513284,-4.005983291930866,-2.4861411889674283,-1.5865519616884116,-1.4365039615225739,-1.2980758323507875,-1.5793777516189995,-0.2840799035720048,-0.7683849623615456,-0.7243066949314237,-0.7233433507052346,-0.2435514141195967,-1.3363615952898251,-1.4066211550074597
