script/wind150m.json
{"header": {"parameterCategory": 2, "parameterNumber": 3, "lo1": 3.000054539987559, "la1": 64.9999836372058, "dx": 0.5, "dy": 0.25, "nx": 34, "ny": 52, "refTime": "2025-11-28T14:00:00.000Z"}, "data":
[rows 25 to 49 of 52, columns 0 to 33 of 34]
19.624146656293885,18.54114311536636,17.62000415748664,17.007357258872354,16.525092361764823,16.362466865740423,15.226911247736583,15.50464334045503,12.22906205247561,8.556786528584064,10.671642700678072,9.890833818630123,8.368494532111347,15.35940171260712,15.832525556992781,14.85601596661842,14.98918079342273,10.709628797845031,8.624655449398007,7.6018928217349035,11.400858437352648,11.073327891180165,7.057932011479868,5.050143661536523,8.371320759320573,6.848619108347016,7.547813497402926,6.647676659056796,6.397556114083266,9.323496345724616,11.430770128773585,11.709775694205424,11.75230609419775,10.49388982496382
18.741768824391354,18.107225835154136,17.65964385713507,16.407119661423465,15.454253678477864,14.806578129592017,12.528763909999501,11.279547645369286,10.041536899249438,8.892401786499802,9.150460663966829,8.67475306044819,11.368842649101486,14.323661809373856,14.395929402849555,14.67047336491217,14.831143888785475,10.9425508093879,8.515078310135415,10.046320923665508,8.490121655032473,7.811939207636253,6.008649478939822,6.401183252012112,9.56305471030656,7.824294167935004,8.695197721372212,6.894904244532549,8.059895300095384,10.427890979230133,10.564612145972635,11.215656131175678,11.020614018385393,9.976605288752108
17.8531492241199,17.87402185785296,16.914083515870274,15.831937255986832,15.316445714739801,14.542499413670043,13.875089647574066,13.07262117123154,6.701271754909304,8.159795789058663,7.865509564689785,13.239415639504145,13.984915694879431,15.234972913494259,14.411756009364721,15.082197504515362,14.7780382046289,11.81552853783803,9.751736487871636,8.35427765969018,8.153119778953219,7.488268426410493,6.957802615143713,8.885613996806779,6.450396087150161,5.68966253562509,5.8659822508495685,6.3092028226471175,8.51753864125958,10.273209545293978,11.34703268718103,11.33530424307877,11.637866493483177,9.486851493151793
16.985405096967074,16.824951670656034,16.45932659442127,15.25473256163743,14.657565399406934,14.00660321464758,14.134083614697653,12.103997856780461,10.733065911095425,10.498560065252944,12.48368860094154,13.38476877916921,14.109427818428811,14.074940952754108,14.082528966318373,14.106279437035509,13.530199732993928,14.782333746123294,9.199689508174297,8.292304656934025,8.185468630577608,7.669667911135462,6.764216722166359,6.598571253996853,5.471924875517731,5.5932641704014046,6.146606563065779,5.77744194864632,7.492912129904879,10.499019404467347,10.496650979411038,11.549196263415269,8.265604056469376,9.31420215758967
15.66724263861255,14.93116337705403,15.130155293189102,15.173220803901598,16.058251666819846,13.089089340747348,13.1314170348277,12.234262776209539,12.629195718323368,13.417136019841665,13.561249467478422,13.416468646093913,12.835724454630716,13.871277183049486,14.83541281871591,10.682003057925847,11.635343068510318,13.741646268423848,11.645416444611545,8.447050562043055,8.386065820314881,7.606324791965109,6.679493892638349,6.126066526702986,6.151518624452564,5.801105044367536,5.54169325463764,5.318292325389937,8.587089167546559,9.966207326732837,9.991332057712409,8.029228442327824,7.436886602819299,9.791561103929679
15.260524737313089,14.775655288041817,14.340252037681857,14.21938831669814,13.57135158112872,13.917784355253504,13.16475350474737,12.846972785929637,13.799756566657441,13.682313651534018,13.8127426288334,13.34632900910696,13.061929103977798,12.453456078909428,10.61942666481733,9.568825593395173,11.270792266678408,14.714611563502077,10.154793373066644,8.4329019077994,7.200452509842475,6.424563740336854,6.249718771559866,6.719811816944898,5.95218787230086,5.342282747926905,5.601579445747334,5.733179276797103,9.706468554868371,8.832498343891356,9.825357635027167,6.909412162417427,7.9175979550038935,11.749374758517916
16.470430572348416,14.319359550901876,14.031206048914466,14.08878298672981,14.960654056165698,14.333028223479479,13.772680969591189,14.12691377276615,13.937168833203055,13.915088889441744,13.934088827291585,13.282395246830038,11.502391938358127,11.685746569820227,9.799798628973063,8.760883413820967,11.572115651028385,14.292850014157292,14.634268989916501,8.86515819022446,6.547016803225491,6.052302905716134,5.5621547964770715,6.278228960178465,6.879780475874705,5.631149711941695,4.631001227687482,6.01251180509038,7.622528235925295,8.898303922554136,10.190360232236015,7.572143689131173,10.841429427655681,11.244774972997819
15.730795239081784,15.014912949079488,14.51252779266318,14.71067288677434,14.593729025406358,14.245243253973154,13.978431494269723,13.799373328066384,13.88612091030355,13.906889664098427,13.24464112510358,9.784433661735802,12.247621972059246,11.262607576011625,9.216836464956264,10.249319944248375,11.098028738828363,14.321894330004403,14.782410235582436,10.428997433192949,6.536841415054471,5.765629082903288,6.278033867772371,6.1602731043904315,6.838128780659208,5.463232719538803,4.964109365168698,6.66282550397327,7.050473712822863,9.283077989056443,11.162969000906553,10.887994135240644,11.011667091225478,10.64724667465696
14.921530332375212,14.043853007063488,13.943174564744464,14.212656830396117,13.697364088055478,13.638744467653396,13.639534281173065,13.534741517414531,13.468528269996584,14.043753202111464,12.872205888218911,11.474987915278124,11.415719593885187,9.724394692717201,8.466207698803673,8.997186050671086,10.91430652079833,13.947462060975127,14.088558138813179,12.135146063338947,8.147767301336922,5.464905973989564,5.825207800770225,6.1187872456213785,5.849204123700611,4.825614678984935,4.886890217234873,7.06819220372905,8.311731615335326,10.709244195855401,10.63411421026528,10.55091624908621,10.417712419711883,11.163398873483452
15.059551315098204,14.893269382399444,14.630236111872701,13.526397792428593,13.526363384818591,14.25955837363642,13.900665650091051,13.084483816332689,13.082540678498647,12.680229937224386,13.524346629895135,11.211463190640083,9.555956630299082,9.206442516170496,7.886604618771285,8.775923570715399,10.55616629110647,15.359254065571793,14.189978523299269,10.733482095563028,7.343361239307936,5.362031252099511,6.029269909784715,6.076970671551032,4.910786290017587,5.294112261772962,5.180640509518255,7.076070706121725,10.271629169991643,10.250862963819792,10.160117492788652,10.538379202309446,10.628688815218657,11.027455262058785
15.159503959191634,14.975166409660297,14.208759403851563,14.186182510592598,14.404281555082676,14.34636725043458,13.432512066749242,12.912415277057104,12.815860566671711,13.179713136929497,13.781042967004584,10.349528035637688,9.636376352899692,8.921579143799985,7.4070942139547755,9.758957071413912,13.498086219660957,13.87748750324945,11.262583017426806,8.981251018414348,7.746005776313476,5.9371620941446155,3.9467980722782228,4.424685253392862,4.279336653776005,5.014170355309408,5.818274517128708,8.927506902447403,9.883724466245274,10.49218062063662,10.551023839052663,10.960652369909708,10.733856161457892,10.620844559580535
16.166692384079045,15.078472153720336,14.99784924944085,15.313438324666935,14.851779612298737,14.41941810738205,13.017908320107374,13.347895271419636,12.762012785277117,12.359380849230394,13.099050680584027,10.574815981276542,8.815030431541583,8.2435676204698,7.813015551265597,12.70350173804868,12.266590919999931,12.095695218931315,8.00410703211323,6.700710115960237,7.7446030745943215,6.298394448179424,4.9521952374590485,4.257213330619088,6.8240006224186915,8.168945535219105,8.629034676984555,9.515006916600745,10.346790795649035,10.990609119923556,10.911794004850265,10.033964453774528,9.984065723513375,10.328762388328164
16.177149945405354,15.68246883786027,15.888638471256895,15.294707993759358,14.987639487033432,14.269534566700669,13.724382665152843,12.717051988572583,12.854025057951677,12.649439284290906,12.824060136901815,10.276343116711619,9.374990964474028,8.228040543070739,7.689986294937855,10.136870750443743,10.489438306116826,8.155554176960472,7.2292941919309435,6.304126407953708,7.662055724179216,6.377600329420769,5.2169240531345675,6.241874445006294,7.985782833139428,8.585868361968352,9.082299032545448,9.584849792017902,10.480277031866521,10.165724019375686,9.747583504041115,9.922572121234381,9.574278572668742,9.564724404027334
15.591543610331154,15.711686718193732,15.342771588499305,14.665960844166346,14.179060117621418,13.403819666623175,12.316390302430522,12.357291333745119,11.402699249871803,11.21064104137779,13.143674294535032,11.403752924821621,10.061720964043241,7.390536417220662,8.397672444114427,8.743904175025932,8.805786263430134,7.979752095310541,7.077028765313986,6.472783948242184,6.679209972521944,5.011277270252794,5.900929369656924,7.641869924646772,8.244615012570415,8.345915142784575,9.164081197856246,9.824045668200112,9.928244412418067,10.196311784325315,9.690393442817655,9.194149118034831,8.978340084961815,10.81046660275912
15.890582223722168,15.072431868801157,14.503747043869108,14.021838916940274,13.203749180121791,11.896607538845284,11.443793989104911,10.48207848541988,10.612102004312817,11.624242515641349,12.806190205760961,14.484176208490359,9.074188656117878,8.652896400181255,8.659732518178153,8.447209971563003,10.289913982119216,7.7185621844632815,7.216649702551133,8.3523310348099,7.186238282299579,8.22377557723905,8.137023560722083,7.556298811144012,7.095000987721138,8.433469820165724,9.17885138207475,9.70638896815748,10.259894529767202,9.956890153165558,8.947979066978391,8.597666973716555,9.834960812538894,13.29854676930265
14.880910396746518,14.43162568361553,13.795593222469526,13.131810590915455,11.733769500259395,10.83879501936649,10.217692176413042,10.493922088818845,11.566321476799343,12.027811722948993,12.24602876641064,12.26000726187403,9.937456167971717,8.51371608061221,7.135595402173587,8.716413676860338,9.767497578769728,7.605520449937498,7.092441486323678,8.78804724038586,8.56338124536497,7.7709791203860386,6.7071639823755085,7.39399670821006,7.108150430640657,8.917416671928466,9.35619948820505,10.109359652738624,9.74447380049995,8.648447003494141,8.287153195753824,9.294856716788301,12.240838156517077,14.22317406112626
14.74281072094064,13.736622647945147,13.491992877998934,11.910742781088416,10.8948268777004,10.553384255740399,10.451976437164996,12.635156219694412,12.721147960076731,11.490063524507065,11.878999027162543,10.39481104357031,9.401431115640783,8.404685444693236,7.4371310032287195,10.064150630768061,8.637502150220238,7.449280790634123,8.093175708116451,9.389025292814308,8.333277395510928,7.300326475289674,7.068924916992843,8.768802025845881,9.075798789288886,9.157389144057298,9.277586079136364,10.08779848778531,9.740973619065368,9.37942891503715,9.301396719840179,8.820669885700129,13.721787066705621,13.635903804225132
14.359950573592476,13.529374475975727,13.003812045575199,11.804213685614116,11.403015759221017,10.992475414183518,10.800762077845935,12.751141371159116,12.331143584454454,11.499880882677976,11.242169806500309,11.43793078158411,10.735638497548607,7.195905076798306,8.582695390530363,9.176020966015594,7.858635161028576,9.888818081163057,10.623968476888528,9.149492026339328,7.6443907391706585,6.660286803979194,8.426254859682746,9.915248852362913,9.492928529949344,8.779022348296262,9.79654788029391,9.018594516414037,8.817843733459968,10.71958245928992,8.948845947708106,6.857383823860055,12.8783807297501,13.130244838482371
13.445280653984064,13.16020805423117,11.815169205705116,11.7256666856252,10.845181676674196,10.402316322867556,12.52254437655617,12.869504502269248,11.91256920019437,11.411337712668239,11.196522823650428,11.29929742709669,9.628403107819699,8.188448487271598,7.834394289303283,6.868000924014849,7.217874179809543,9.788645751810806,8.319049982229311,7.0979266902009,6.71314904745042,7.911293917086084,8.461439560687781,9.729735024597176,9.691293982376346,10.307718549466061,9.980729290307535,9.155129856591268,9.041866046126858,8.318645198639565,8.079539771234627,7.4833773783634525,11.326563342017216,12.937827456296114
13.01157020249178,12.134999336875632,10.815356078835702,10.992725447778543,10.307561696785418,11.987574644946013,12.66376309376566,12.446040148235902,12.26130632018512,12.501025540093373,10.45525824370607,11.029510236400633,8.27977586769718,7.953475682012639,6.914035174504438,7.384773956700773,8.112880906055027,8.706259133684508,7.444025313018984,6.837485754118664,6.3822826724417485,7.361018057879242,7.606060638840409,8.99505573942546,8.407185249213159,9.760470238961862,8.54736612593767,8.742523108977933,7.601398376479467,6.58651064677727,6.559476594198353,8.154110972905782,11.18305614490518,11.152422517016385
12.52194308370863,11.25073811372582,10.298798650317162,9.94956309015859,10.183532196256815,11.914834401406685,11.860758970710966,11.956444984357587,12.389684022067186,9.446931012895677,8.808092006775226,9.386447666832309,7.118971315145625,7.309308947216043,7.298526357851644,7.715590180067858,7.500597146439725,7.957120974579959,7.560351959233964,6.6027276018832195,7.472435280944414,6.492421920179055,7.043035920718114,9.270535616537032,7.414882840900369,8.312854557847604,11.15078729206236,7.831114059922258,6.81806516979242,6.8156442888578255,6.352549612654358,8.031299624962047,9.228860475324382,8.35668092522707
11.660568450678905,10.835755009982197,9.731549582782229,10.376339255103378,12.706284071772716,12.27008921780822,10.459345520897928,10.616134148792577,10.526229017560922,7.94842775821849,6.932411992394451,6.868252250224314,6.149941912637303,7.9446137140870015,6.063251636559155,6.135946871300259,6.847055117775521,6.320269339090057,7.071219831547195,6.561071561404704,6.735307509506425,6.8978051130162505,8.037473222338864,9.05907696668223,8.480426401287536,8.841597625180206,7.933766564678162,6.052423671382638,6.388257654529702,8.116390287076849,7.620695235391503,8.167167653698685,8.827026916716216,8.757610371535883
11.411437405070526,10.213641181704869,9.991465200197577,12.98150539838047,11.745919143463992,11.036045038748755,9.887832263427507,8.510460458676151,8.349683903560848,8.29423614705137,7.0024887180959166,7.131485294085546,7.0532152810912905,7.977706726023566,6.744923603058295,6.857978874028099,4.938977143607408,5.990712754258457,7.309916950366886,7.522229435531133,6.110414656720678,6.157424658558264,9.147453899118611,6.644340239594716,8.294497207926618,7.7121195621067455,5.423634839368321,8.047484472386348,6.672774983657178,7.113203768651692,6.18528386055775,8.655321246572932,8.206280817913658,9.045022216008155
10.93139206030072,9.841608477561326,9.849072963821882,12.535564561884124,10.636983593625196,10.014444568451541,8.2916227018349,7.536604023347363,8.27339034282041,8.219130916088437,7.83075653519779,7.313035992844622,7.702490485196166,7.522132392630924,5.755319420461952,6.171504055803447,5.619665107014405,5.779459121062446,6.648055943461458,6.926280839803868,7.027143786585648,6.933910101512657,7.609023502558472,6.498846508576546,7.607682773977948,7.155981646021067,5.367495533692722,5.665547966958183,8.075654082085983,7.924149033126894,7.3625415821883315,6.277336442970633,7.616819102978593,7.473439346267422
10.49254304248951,8.995986433700445,11.734832388319745,11.461057193129424,7.524510197861001,11.438651232838955,8.409533845327601,8.714536399569845,8.499758278741878,6.926001363600574,7.328213593291936,7.194052451553756,8.979643706537562,6.039544162166668,5.980558591696605,6.788253647531336,5.8041492363032585,6.172129275713893,8.74167823637521,6.503933938692686,7.711529237593169,8.235644544393763,6.702837009482508,6.217787954154107,6.17100893183798,5.324023914000888,5.236209495925724,5.907338718522951,6.148555608948341,8.165804418064981,9.148651128570984,8.01827654176077,5.80934495586587,6.448121061678648
