script/wind100m.json
{"header": {"parameterCategory": 2, "parameterNumber": 2, "lo1": 6.000198445256149, "la1": 58.999992894266676, "dx": 0.5, "dy": 0.25, "nx": 22, "ny": 24, "refTime": "2024-03-16T09:00:00.000Z"}, "data":
[rows 0 to 23 of 24, columns 0 to 21 of 22]
4.306010656923359,6.739612826996081,12.893736392499505,7.500052916944624,9.13335558214636,11.487514723326786,17.466823967956902,0.8148442290258883,7.908829691018719,8.17740594862049,6.7247275919532,7.799899206977409,3.163204745896687,11.095002471610009,-0.9050305467901727,2.0902211485424664,4.297159811134704,12.638300234617686,10.350335624874313,4.302148014698759,13.51596701082492,9.446746145254801
4.076660258478455,14.376115746363096,2.9542794690369614,12.442189188011959,8.897235997428789,6.813109894937908,10.522834249543576,9.475168823490437,15.131040598514701,18.000375259249154,7.571755538895001,13.333071702704663,3.081535637513293,11.567566202054948,4.023974144767738,13.128721427214405,8.880592369520496,4.817235236573204,20.220303752291,-1.149110699101067,19.578366048701334,10.395944616425878
1.4574960250822904,5.746766547586149,12.827669714803953,9.458235041358417,10.520155509904253,5.525787433271892,5.037694157908406,3.974454978019085,4.780037387277336,8.149322098230126,8.36414258954369,11.053447320357389,8.942051861990747,10.156122735252682,0.5163274815189847,7.628243382858418,10.566262824768156,6.382033586018431,5.988775017820719,9.66205635298444,13.841043136283094,11.835734343910808
17.490536415416006,5.660133142682821,13.60723629376314,4.543407057650808,4.723516388178133,21.309775676476466,13.192674130920214,22.357406667964213,16.17150795873001,19.128839286301876,17.8260450947973,6.059296732755562,9.061752323638185,15.968221524365488,10.93191939321823,7.0011866636176405,7.4175224815933465,7.053323155593755,11.352217168617058,6.669284961695862,6.25363837404212,13.17866711590335
-0.3221714763954306,7.200005739169011,1.7325727597779423,0.1880529289521334,15.724556919531521,14.044069663339355,12.576925685555835,5.838316554412905,9.147321983389473,10.071164117556007,12.99493295637888,9.977078877684797,14.9026589210246,7.102679201146903,11.312349214466114,14.221659994414791,8.239679549434985,13.675311209837764,13.045279054840396,1.7775271856867685,14.562197249903045,11.09854061766525
3.422684265034508,10.819369227532286,12.757518830173831,21.131136008685573,13.830134706648069,10.511666334511498,5.922093455736928,-0.8559076517683775,6.0598990753792625,16.906169100641822,15.08819629605366,5.733638759109207,12.089190804409686,7.411639295747855,12.1367548844072,13.13160999130477,2.0627481159601433,12.189875055352093,5.008310510185613,16.733578993338526,8.16118185955786,14.552825250012704
-0.46093259701491107,8.267598638629833,12.78094977273376,16.470320970445396,11.607543379475022,0.9567993389075934,19.227006030562507,9.219458922987888,10.31272014031609,4.692360942751548,16.371093774808124,5.443821870321034,7.016855379006992,9.787759054370527,11.914599996986608,13.19052132470428,-0.7467762754424799,8.996568601152854,15.477621402700256,11.88421325625583,18.26894714739178,12.126370102756185
7.298605645801885,2.6509372476396846,12.069659197788738,15.170174119100926,7.176490698691065,2.98924208080413,9.416755033455898,4.31422180421542,14.068484873106408,6.154900310313138,13.146560515494059,10.959825481177912,7.758585401359836,11.62148416728167,8.485222506325572,8.110498329926248,16.843580598472446,9.140089982946375,10.497966663749498,7.829392076480445,12.23679654188759,4.776244148064442
6.953020465455691,2.942189631831989,9.32558784017171,13.68432273760837,0.07794036051555728,11.013450289316625,4.824757854571505,0.9105697924237486,7.385223735451164,5.057266054022711,21.71582789504338,3.0241587057651174,13.518664691588414,12.530685072791997,11.639217720200293,7.58438374242864,12.958166053427256,6.877585418991742,12.594556855158022,14.762105873020223,6.7087530050244,8.81702887122768
-0.7535794989710529,9.516141633240357,9.442883324155373,9.25925530435708,19.396734286435798,11.243897556166933,7.104614070023688,11.30977966307072,5.604703320419432,11.905539403153302,10.192881162839472,18.009580264296723,5.891275974756411,14.89972783983065,15.140131680031969,13.753993843353523,14.995909734572473,-1.0979414678236017,6.9213614083155335,10.729643431897953,13.762335833556353,7.19298182359871
5.710412445254247,11.339303230208198,10.992884639408615,11.08333369076194,3.268430123654043,10.811565723329533,8.668253740674162,14.62014306494854,9.350979654251747,19.553296061265534,1.7910391743314844,5.313754537226124,6.397532502054064,14.772392855921,2.2469789016142596,13.405749120316214,13.89949007894847,15.014555039693056,13.4266514512339,5.106274208331092,10.974773271152864,8.381063647917053
7.9496624193517285,10.517529894711855,10.628966674772123,13.23851722989586,8.495257847425988,14.549549945866435,8.940794878332156,11.508508099341377,12.214724324495906,10.090846815586257,1.1952132085486704,2.4188593303949033,8.995564243895972,7.93413826548971,7.571029924409267,8.238345161792031,10.706258560768212,13.526828878963768,12.696492466564454,9.072919765890362,0.7354466448053408,5.3374844464623035
3.9861003427475774,10.923309511947656,10.052942962400277,7.320022452033015,9.018548978922695,12.237122584628095,4.392742645115109,6.8161015523354145,11.222643374567939,1.4909256805892825,9.566840325574434,18.282344122643977,11.095602173031786,9.204228153188392,7.4276028936863945,11.700301107133768,11.493586841849028,11.519614588454518,12.23636540081522,12.326270147341882,12.021981915126542,9.222121817073983
1.8322985895823978,10.257932256337087,11.573082443785252,7.33522622792196,6.658684473740882,9.22388647923824,9.001713176651643,13.602802370325078,6.773446892361022,11.354524857726641,7.884245422698886,7.8436030095644185,18.555286072339932,11.338884949015162,10.229493082691194,14.595741188011727,12.952796377592575,10.353776612319654,7.455022258295571,6.777248971252298,8.821310263516523,8.145431189662693
-0.35067685896610573,2.6530924301290164,7.897337532059626,15.693250924376551,0.8994953722215788,22.225174746521745,6.881368778970462,7.237983883562201,7.1024091995620005,15.397264478314305,0.6299222174686657,11.50499006748669,7.864179136711282,10.889820434847067,10.31166563328263,14.643243429559334,11.956343647944623,5.89973890822913,5.324814044990576,2.8619207205673134,4.938406592508102,13.20031830140656
0.906073798645231,13.394986416626988,11.822941692027733,7.305736427594763,15.927675098525846,13.033560365247093,2.9589019311681044,2.832717410747289,5.8679487668613595,6.844443481046846,11.333670260602204,13.879389638731036,5.777164212735709,12.058403643580924,8.291349744110603,12.544750082126745,6.4924396780861855,12.587093218036433,13.96292789608436,10.160486725014662,11.096922703903171,10.248346746019521
3.3771933079940775,11.072576116965775,7.00079927318686,3.6232705184621943,11.506962800122249,11.522932984339407,9.833488293329719,11.12713466809298,8.673021040163642,13.33955087137232,4.351717641478537,18.020131960824077,6.310390335107593,9.756971678910853,3.9068249485194646,7.877743360149381,6.322195892387799,20.91145117524413,11.896213279688666,4.798527030972071,0.6300445085665867,12.332568479858624
5.331544895207449,10.572795763394208,8.615043207238019,10.391038095584614,8.673129892923981,4.95313257357737,7.151694731296222,5.358910186539484,-1.108344531628294,6.10825929813982,10.784482080973289,8.04505692924435,11.945872797156861,13.032251775265086,1.2254025116478053,11.224573073822722,5.225752212249129,2.5932362255021246,8.551578214098239,18.71506293467161,11.305241323144047,9.942170542944158
16.44994327006073,11.782799504168729,14.050163453103357,10.354441472957506,-0.8221495152632717,16.619306342581627,11.668712552952101,9.586751808792739,12.20841196706746,14.03160670996213,10.177051373332858,14.342084763677079,3.231341618989629,0.27520456964635204,6.377307413871978,11.755885845208276,8.019825864645085,11.943438415775196,-0.3429139164236137,10.528598930576525,8.388384792153627,14.176087541576585
16.365380940156953,14.393993878462792,7.087076674304006,8.792430423854027,11.601188113978237,8.22047875315543,11.349470174854096,5.861334827202222,22.74276552910152,19.32016715535639,18.546320428148135,13.199843117276876,2.771472385283315,1.2864954905418753,7.247107263529127,10.293990004991302,16.383303340158758,5.7113095266922755,13.498111003618622,5.646513241956882,19.552032044406,11.404512251834078
1.494932757721491,7.558121222339896,18.409633615359212,6.270171175724626,8.836970118306025,8.614198547618319,6.2471667548445025,6.335997656611044,6.510235440738677,4.882596262714597,6.897671619314906,5.225165896319602,10.114839300794516,7.3894729441858775,9.734925757870286,10.514638045095255,3.8872628385282733,11.362414883983035,9.528685494966066,6.255211012813324,8.002903054828272,12.791356673669528
-0.2241856080857896,11.785825852039556,23.12547725397416,5.148346543422367,9.946838076038624,10.042046442063755,13.557060584103915,8.800934274535713,6.037638244689894,0.6318907143064886,10.729097900904277,10.684562038504634,14.075682775917803,8.818897725452995,12.311640788356218,8.843711433985208,10.47627730759772,3.224544684552496,5.888794918496435,7.858072943083529,7.432598610592528,7.9862523855596415
1.1119953574585315,4.46182112980242,7.787506009966766,19.342635635483997,3.632612683856436,3.938394431308335,14.812914414294015,5.3611555094095,11.431579158911475,5.921000665001741,14.449565277865826,10.993647606767968,11.847349410647857,15.302574863307695,14.257941407767952,6.5013226994899105,11.656612214245898,16.27009979855528,-0.9527606665065049,11.650634789080815,4.0229397574142745,6.517939698616329
19.999912051579866,12.775172859485746,10.633655400374622,14.88090611322719,0.4081511036251157,10.67040681271893,6.744444309015451,8.161258263646632,5.557807133765101,11.491151176979791,3.006630552151318,6.265567363185993,8.15934807000884,9.729904159024994,9.660476271362283,7.613824676155539,10.224597604107942,10.616815267256891,13.555240191809935,18.129047678564444,7.3592104047969364,9.253224778071102
