script/wind100m.json
{"header": {"parameterCategory": 2, "parameterNumber": 2, "lo1": 3.000054539987559, "la1": 64.9999836372058, "dx": 0.5, "dy": 0.25, "nx": 34, "ny": 52, "refTime": "2026-01-06T17:00:00.000Z"}, "data":
[rows 0 to 24 of 52, columns 0 to 33 of 34]
-10.661310263216526,-10.696310237441757,-9.80652126891749,-9.500570096036645,-9.129846225241172,-7.749151012376234,-7.024656855880733,-5.99382975089243,-4.926808190638303,-3.8293166903601423,-3.8148853324976573,-3.388306003513784,-3.170155661856118,-3.5857087107698202,-3.9956157674101034,-5.2394086125134285,-4.139780289851414,-5.23031707047998,-7.769349274762332,-6.742403180852747,-2.288907986837988,-0.11028057521939713,-8.345797791112163,-6.628309421612983,-4.918352795466464,-4.107004702196459,-1.8349051692375498,-3.220880341282795,-3.2817638603721524,-2.20424604155456,-4.318537925199023,-5.178761087633686,-9.087090267360828,-2.7008980594684395
-10.195072267985585,-11.236801703919038,-10.766038492621883,-9.831687733868895,-8.91300658746026,-8.917488951279296,-8.522675968135314,-7.810352023850899,-6.474900667490451,-5.636650395467502,-4.685091460535958,-4.064583896704067,-3.9786647107584545,-3.796890412864619,-5.603665790725136,-5.218101222681763,-5.846833809047274,-4.59218227026583,-12.081314804903093,-6.441424370127917,-11.58342693482108,-6.634531911461065,-1.4474283546518463,-4.912322176437499,-1.2998426687039988,-2.8265803473236133,0.9625640195930288,-1.0935746778505988,-5.462970495388166,-4.49146487137018,-1.951873510513944,-3.136931133639614,-4.355004010334787,-8.326016301719946
-8.995181930945598,-11.083264004911566,-11.36544358576433,-10.358686608883705,-9.885959874122943,-9.54071381768198,-9.396892602286046,-8.527270864112324,-7.884481537698688,-7.061040148861903,-6.495539842923444,-5.877492501097164,-5.165465308063509,-5.19781227227204,-5.757244808285599,-5.055600462717806,-8.12917047316374,-10.425134105911134,-8.08316823579117,-5.341112007803636,-7.78328259289131,-2.892591486229066,-9.201977785198364,-2.4137002113498647,-6.133970920180336,-3.959245233868695,-3.913650442793307,1.1323566354827195,-3.7158173773860765,-8.025634377281886,-5.191438657905648,-1.7244532694438763,-1.8523462604818899,-10.188546568392926
-7.981174390372965,-9.618465697610581,-11.225112692688066,-10.733730080045513,-9.704159730898636,-9.584711838365942,-9.463258776851111,-9.239445124431116,-8.954984736592934,-8.483044654410172,-7.967041737197466,-7.489132237113661,-6.03117606806085,-5.238886900923117,-4.9918498492343195,-7.5301623579544925,-3.5822664646104787,-5.525369845376304,-5.71062226443909,-4.7613659880986825,-6.03232280278317,-6.19685381798185,-5.870343372672931,-2.618619084068746,0.3174959165321321,-3.5073460357461137,-2.879827213587562,-4.592949873927559,-7.110591854189798,-4.827421016410824,-6.591196918627087,-3.843162323093475,-5.791660564637915,-6.411481251158803
-6.388164124433934,-7.517591985256369,-9.899755842865776,-9.989437132571746,-8.962657783784636,-8.645863020998954,-8.261540985879096,-8.378001498285201,-8.134022976239496,-8.362141151364586,-8.468473539114974,-8.849617964304768,-6.768529722633298,-6.80643242918756,-10.506440535678806,-6.7888330602508775,-5.225119188572352,-6.797643168180276,-4.79326358736189,-7.106824243927634,-4.722743022435707,-4.854923552300237,0.5724202603325727,-7.3904013171925715,-2.679988856147165,-4.9925323777220365,-4.678173742228735,-5.9630349549792925,-7.347286884076823,-6.4578135817293765,-5.761534818730008,-9.501998804925632,-0.7864395015145157,-6.411539011384468
-6.034737484325576,-6.116082468533721,-7.799471103694421,-8.490035350050087,-8.051427569338403,-7.395550280832335,-6.649336845524303,-6.8078691396847715,-6.5679993033260775,-7.003758462981402,-7.146105362182702,-8.243783029617584,-8.674911962410707,-6.60856992507172,-6.828997423971382,-6.282423976744515,-1.5240276152565133,-6.431931710644352,-9.75847528819553,-9.295227159168059,-4.323593246754942,-5.716775115757174,-3.543359870963603,-4.612227729210213,-5.5326842083838885,-2.3091617662804698,-3.313787434804966,-4.655509098852805,-4.70247307101108,-10.814779522013795,-10.114420980693108,-4.9172627796822805,-2.8967112434517865,-3.552531187496614
-6.068722421043097,-5.258119429421163,-6.4379709633741635,-6.858882374945675,-6.124787879527395,-6.530728664579555,-6.057235349968264,-4.95003071940461,-4.463871563929443,-4.488300394445712,-3.5170051588596802,-6.385058151307426,-3.457335204716288,-9.24556636155753,-8.409052692503721,-5.415563214662146,-3.192284868380727,-8.224604840993107,-7.61247671671459,-3.951089946380979,-4.034724583960789,-2.2589390502906026,-6.698689307466018,-5.865415607654529,-8.70034437799447,-1.2915928248362143,-4.6113482565181885,-1.3606897812468128,-7.225297584350776,-9.883010809663924,-5.462008084052856,-5.633373915216933,-5.183529142918995,-1.4396550555815344
-5.580753455357916,-5.130265864989107,-4.893912164120051,-5.678014803260878,-5.545436032598664,-5.049560474248354,-4.412126198092419,-3.2884407554162385,-3.674451481186515,-4.203885611633058,-3.256035450231345,-2.049698361532732,-1.24866390114434,-4.225038698875282,-4.11598122436658,-2.395278776528855,-0.8442915444770581,-3.913174544955267,-3.308826286116305,-1.5460041384270873,-5.17967313059932,-3.4616914307251663,-1.1495352832624994,-1.0312336314874098,-0.15507568619074288,-3.526022055904113,-9.895548279989601,-4.220612146440748,-1.8373637668595686,-4.902061630191107,-7.560535509499707,-3.904200638675262,-4.3302178639242195,-9.811105607036849
-5.005307267017623,-3.655525276846493,-3.6741515847310517,-3.812947535058217,-4.311407598383658,-4.624684516518201,-4.8126850109273995,-3.2515665647044774,-2.92177555200499,-2.601340646904454,-2.7100688059611753,-6.227515597790886,-5.025363839842024,-4.361759468249599,-2.465719163605923,-4.175512835570486,-5.588846070519622,-4.225812444575764,-7.451234441416281,-7.496078276311928,-7.579933732041864,-8.537323317329525,-0.46845216521973776,1.6389243317785502,-3.1680360185357404,-8.331826511075151,-4.246417870845204,-1.7891263840956544,1.1850907937380184,0.9547849957637139,-6.356496377030781,-4.68102524016612,-11.295504646430222,-11.095304037356078
-5.200566444270758,-3.7145857832519997,-3.1409179598902317,-2.466238804679209,-2.83809383162957,-3.0154633291580017,-3.221235355956428,-4.27370675529333,-6.621125275362011,-3.053061468681289,-2.4261433217580084,0.172426382800123,-4.870118568729775,-0.06926803132874515,-5.742325824873609,-5.022173059772867,-1.3994100195146564,-8.338028518975335,-9.009856350049807,-9.594345718362522,-5.851657227519432,-3.483745604061403,-4.809364111172571,0.37125935614849714,-1.9179107919320972,-7.979097000141116,-4.7407814772269665,-8.76855545681661,-10.038076149879483,-5.654976385593451,3.377044326391981,-11.868840261415018,-11.60433781395176,-11.722525901974805
-5.948241189680609,-4.54172263587046,-2.5776477026789846,-2.4341926357552537,-2.316675495790207,-1.4402547925043998,-3.883018044187651,-4.091735994406729,-3.2307082714048563,1.2074509648223437,-5.4163253492547945,-1.723895879123461,1.7668592098778966,-0.17307506124519684,-2.972797226319319,-3.86604956779801,-1.48933860847009,-0.2540734111615477,-13.901044876663844,-2.6431468803003066,-2.7127352465192955,-4.778365054148358,-9.291031314551068,0.4632671062542535,-4.46321453462098,-2.1302122065514784,-2.7812631968996238,-7.151468964712646,-4.275352543196776,-6.128559216375101,-11.026485390827155,-10.787568399734894,-10.78018607489411,-11.225677606993298
-6.264393017936675,-5.43226534679325,-3.1902126819091516,-1.4457379218578812,-2.894007405332208,-1.383822197670877,-0.7656963559196581,-4.385987215564124,-0.5824620786337241,-8.350097351016062,-4.548069735949367,-4.019538073126889,-2.3484752647470395,-0.9720852929368073,-1.3328394099049379,-0.07585731716435418,-5.175843073777766,-11.031011666232247,-12.363892419984245,-5.285344772476092,-5.67988312427267,-8.62247178231185,-0.8682035336931385,-2.1478499930299426,-1.3785402916331269,-4.22308296520777,-3.395638081490473,-5.481745811385465,-2.3040003605490864,-10.030534452093454,-11.15743932454108,-10.664559171205822,-10.736796023141055,-11.253168474705424
-5.957909158548578,-5.773711733498743,-5.705600874200429,-2.895409625604707,-2.4061750924330787,-1.668680956507293,0.8014640022222617,-5.61947276515023,-4.972078196498723,-7.351163633373528,-6.631071927455682,-5.396724871736067,-1.6225133586920724,-4.279259928583597,0.667978360761457,0.26970339548390143,-4.224844841544437,-1.9946843614722813,-7.8310599595567325,-5.621916649074502,-6.186418014717656,-4.210516084186252,-4.540424358777279,-3.9545418529735503,-1.3542298310760925,-5.75712865400015,-3.919019022694918,-5.262861455829253,-4.803450133319876,-10.504389812201046,-10.192856456480087,-9.826732853135919,-9.810973421622839,-11.206150856160418
-6.264663096526412,-5.791790960735762,-5.919274216686559,-5.701294462756348,-3.0749735276591537,-1.1629153818535842,-2.2557008041938116,-0.9719248483532145,-8.779228913352997,-5.877059283708864,-5.764140284001337,-5.9624767692066705,0.7443967639341179,0.8477479364861675,-6.669564196067947,2.341210647844727,-2.566674654819992,-5.7682762819820566,-9.645852498353696,-1.8406299285895542,-0.9386483966588158,-6.650277996923071,-2.032710279435465,-3.4822963121084602,-3.4316641885781416,-3.449741505136,-3.4491487257410647,-2.8941174117204302,-7.014629512949092,-10.250553369042391,-9.826077671882373,-9.84240650009401,-9.776920991545799,-10.455813236056912
-6.339180199746739,-6.373965096952735,-5.915356946554814,-5.619950990025893,-5.644810065396967,-9.826732957051625,-0.3872221310061464,-8.02707491180408,-1.974702556502558,-4.6644877518761225,-5.125306238930415,-5.6900668197946755,-1.3382129588230138,-0.9568242194890312,0.37992504125213666,-4.816669596015971,3.1423645019481827,-3.325402891570219,-1.4081391100812468,-0.65126506696475,-0.6832270917185432,-3.377209969886313,-5.4008856617694505,-3.254304148358161,-3.55192493423637,-6.0256986396591055,-4.968000289769053,-6.6623577646300784,-7.932329848831575,-11.234345995125436,-10.170811786102911,-10.581270135766244,-10.659830405186698,-10.9570022457694
-6.620210974260397,-6.666382582989815,-5.493435373638966,-6.723857323463872,-5.677657422960729,-5.2846751536923,-6.869061430396596,2.0478411061983417,-2.513487844849689,-7.737336886738095,-6.551321878589091,-5.55582226912212,-3.467784046309044,-2.8226105701281528,5.325830671217284,-6.575591042730339,0.07300145804250144,1.1597072409322182,-2.1028798599470626,-2.1838750878612876,-1.5669129466313467,-0.6047016713999627,-1.1511290762513944,-0.8920035249984094,-1.4668426308544544,-4.336546704216436,-6.886550138775803,-7.586458227477208,-8.174766694895016,-12.211480032560875,-12.668397709987918,-12.004800226655098,-12.009489917865675,-11.889265641644556
-7.0322132678842575,-6.599655548346151,-6.976097202032756,-5.418648975218975,-8.176555933215438,-8.920772242589468,-8.218325511837357,-6.535237303878793,1.1658133495240537,-5.476047897151579,-5.587390745988654,-4.441760601838014,0.1563476107958411,1.7549771674291292,1.4902278031424239,2.8832851654048652,-2.0414657022647456,0.22693104812773154,-2.0772559228980163,-1.5402534221388617,-1.2533837212500683,-0.20462246623121283,-0.3995161550487643,0.02672376129400861,-1.8303884671629713,-4.3255166707082955,-6.111283701758958,-6.8879316899147485,-9.11380348460283,-13.961262598880888,-13.547157073898951,-13.581828229684742,-13.674826060668181,-13.608786746040067
-4.513846946154072,-6.392576775360441,-6.446466659968549,-7.670743664731372,-4.452388194137238,-5.911529587930048,-7.338601985177689,-2.4692587295490993,-6.650732962994045,-4.5915413163467305,1.8444575340708085,-3.27424958720898,-2.3824537260346164,0.4511508693248401,0.15604215164576718,-0.5219391380352798,0.38120764654180733,-0.5498572747610447,-1.3739897458921926,-1.6304260815765412,-2.359486379691276,0.857341272581921,0.45344203241253167,-0.15590073691556616,0.9299844382865979,-0.6180659568847027,-4.802511223664888,-5.613577090661103,-8.272920628848356,-13.70107196409829,-13.54902887157555,-15.389825100365515,-15.046192708427045,-14.788078592318097
-4.84692617552562,-5.489173511494164,-6.2199222801791585,-6.047803057556819,-7.290290881150977,-5.308160518915807,-4.69554167166153,-3.851255819714337,-8.046992896149696,-5.5171644874123436,-4.750631904596592,-1.3444086828854616,-0.6152802585926868,-2.7827765573292,4.569614035097692,-1.1472222631262978,-0.6106938924903037,0.3502070425700093,1.5371878435749697,-0.23053744221770345,-1.4143670128712373,-3.173845786142738,-0.5342106160783964,0.8939943555271318,1.640305872391382,3.378995685941061,0.5192888155429028,-2.259554639910944,-6.445654560225873,-5.971840969705338,-9.588260495251527,-12.91180715880729,-13.42416512654757,-12.556406379084693
-5.4108001781328605,-5.553431392076983,-5.915498290510472,-5.4597324358894,-5.446293473487288,-4.25868404718036,-2.4364943332756686,-2.2013006602449687,-8.681446692579488,-5.896187611787978,-4.925722522012626,-2.2283161145362196,2.8556252188803803,-0.9895983474212176,0.6855480974356024,0.5654391964829552,-0.6635709913170273,-0.03443180658410856,0.1335126535491274,-0.34713607771790966,-1.0268484735777414,-0.9656806164741978,-1.4835703507006661,0.9146936965431252,1.740681458886137,2.1059090124274817,3.5934511464112315,0.43316248743089997,-3.940683566354012,-5.648285604819418,-7.008666257380092,-8.957260312700273,-11.99610032113564,-7.058418879493767
-5.50352612279122,-6.401859594198641,-5.941583102132499,-5.048184272281267,-5.873144293742844,-4.762818579336314,0.9849170953536152,0.47909056750694895,-7.586490834252669,-2.231954846782348,-4.453112077011008,-2.035110173505014,-1.310696918127526,0.7476811058675741,1.213686545355412,0.7013644682075746,-1.3086988382262426,0.05681886656317171,0.24956852266533983,-0.7827061182446666,0.5257005893477011,0.42579040286691844,0.2370904727954702,1.5552193925284148,1.061965422180726,5.162085571462256,3.4599265845474005,4.140542432527545,2.231187831347308,-3.2086349832542234,-5.544309032189014,-8.369755529692704,-13.974268725073621,-11.986916587967455
-6.650604708612755,-8.254114616452089,-6.418975727566992,-5.456637318018812,-6.2904163087174,-5.888883926876636,-9.394951913021247,-7.949924001347389,-6.50007168104457,1.682214772436816,-0.43250496604854194,-1.3292514238950421,1.2757360481861046,3.5322362478651184,1.9901258581768226,2.125477690596655,-0.9293930391744973,-0.00865799163774042,0.14825414312254723,0.4331974792276386,0.2368216284896929,0.2713034828001312,0.6958316999443864,0.7132501005923494,3.6052825755399893,3.1105741944002285,4.09074326749516,4.56968563079516,4.24022463423211,2.521667217769836,1.7852080047448053,-2.8782255568911403,-5.661484689543875,-14.222199272476784
-4.231069304496161,-3.2981899091775935,-4.020563078016971,-5.985114400398398,-5.432936930149181,-8.275225109204394,-8.074322574346644,-6.721561429597352,-4.435063232987338,-5.674887134780991,1.921905091727969,-4.128185308403269,3.2194787987200555,-2.50436406216045,1.6805013324298537,0.6245020678705541,-0.9173488105729879,-0.4662989030602458,-0.3006851603209527,0.37708865429592475,1.070987374794006,1.298306856058171,1.6518489986077463,1.5553169329845051,2.781976340180442,4.59124194908287,5.280127912165635,5.968314092400639,5.952302137537131,4.033186833163877,-0.06171465791293177,-3.4123245555747377,3.1770179929039877,-4.311522268688209
-3.695295856569463,-3.4736943593697367,-4.154483499247123,-4.728879446349931,-6.939552936134572,-7.203225220701286,-5.74590744911952,-1.563635325462927,-4.118715676442026,-3.430051673592522,0.33926010246343247,-1.9699305295521075,-2.2513034299632566,-0.09261266645874729,-0.8569268986333265,-1.7487597548281741,-0.471138119958024,-1.214587159365037,-0.474859057577935,0.3303190594701152,0.7435867802691964,1.888394371228278,2.1148311332915286,3.9463585770755096,3.334413427281976,4.911356761935408,6.135125688552769,4.855028097297599,5.170641239628192,4.126838207543492,0.7369560572882977,-1.9826092499295143,0.06956036293250895,-0.7563989418552325
-4.914659317764862,-4.4446035374992565,-4.826510409881524,-5.426439632219992,-5.901391794580169,-4.419965438016147,-5.484324425812789,-2.9991564640789488,-4.757225094543824,-0.243875791901615,0.13398905268681158,-1.4275836889598559,-1.0265766850014444,-0.7302166753152167,-2.107524821667768,-3.5434520921590322,-1.890431042078179,-1.9163526109688547,-0.851626846481914,-0.003020491264540982,0.47185828463673885,1.0873348825891507,0.03943832670438534,4.6929960606828285,4.93405184162045,5.648444771636369,5.903892409002504,5.659863916283199,5.761747111390344,6.80480631733013,5.846046740793589,-0.4969879934451035,0.7010539689964765,-4.362697871427555
