script/wind10m.json
{"header": {"parameterCategory": 2, "parameterNumber": 2, "lo1": 3.000054539987559, "la1": 64.9999836372058, "dx": 0.5, "dy": 0.25, "nx": 34, "ny": 52, "refTime": "2025-03-04T20:00:00.000Z"}, "data":
[rows 0 to 24 of 52, columns 0 to 33 of 34]
17.05478510587993,16.64614513041959,16.6468839493922,16.450224603198837,16.750990522894657,17.197848847510812,17.927812964904433,17.87144791609022,17.607080777480306,18.0660844379201,19.079742679253233,19.35009385356532,19.067059147524873,16.780375971715433,16.467690643397813,14.016525133728328,1.8319402218244103,-2.748423591402665,-0.5099371748850936,-7.930847976993048,-2.651279037038781,-1.3274592966528609,-5.429895901890498,-3.9856517754870513,-1.3195395995198533,0.48989228576165755,-0.35504654091296967,0.6941821367094009,0.8513234511323587,1.1261673139519939,0.3002428454721096,0.3057277962212318,0.18090102465599864,1.3170794741318006
17.02861189245922,16.245836043698446,16.079359840698032,16.352843639445535,16.699493516586752,16.95262691068718,16.760649160186727,16.876524286444337,17.18420734628755,17.582404991447543,18.167985676801663,18.357383952556596,18.188494432447616,16.18446213205346,17.152981601997134,13.869389606920198,11.275062378282648,-0.4375223225525989,-1.5136118956666196,-1.8693302787051926,-4.869867125556384,-2.6040427506607964,-0.42585848415322375,-5.024320156969562,-2.133225013999688,-1.0501123524739842,-0.05856706169449267,-0.47597926638168603,0.9397805735965645,1.986606030877772,1.0781840597806225,0.1774133523702376,0.40074892663314743,0.9661027139429306
16.71310163001061,15.9530722096939,16.27227273479909,16.365703033551473,16.556609063979547,16.463569868310035,16.374937206631923,16.61229746064045,16.778578406286545,16.64576690651563,17.58541684216818,18.334796818830444,18.33781398694125,16.37574218161088,15.54781768990235,15.311755237161767,10.854457093335771,-0.6050498794024257,0.6057301754743944,-1.9941323930572261,-1.3002902333857014,-0.8609818466378876,-4.11907151752146,-3.275821753516537,-2.0496449510537316,-1.334407204273609,-0.8452340022916737,0.6396583722722278,0.9023146726111517,1.2322934704075057,2.1423263840654747,1.0870668109175181,0.7366136956911211,0.45434070746975047
16.088273841222993,16.88326816381796,16.421388587511775,16.407372770228466,16.684139881564647,16.30799779423489,16.427230198888772,15.810700446815535,15.440550557631918,16.307976038930306,16.900055708504716,17.77748692049592,17.323351863752027,15.27094470916162,13.995329178883031,15.208396478789513,7.7726986907528985,1.967555564462032,0.37544722092732674,1.1966449145227247,-3.1526834686971656,-4.809598416358223,-3.499994118181492,-1.2053127294045831,-1.8315112445903248,-1.6255251204407972,-1.1235555960093873,0.022003134812373374,1.125509019544794,0.8621118014526598,1.1688765358020998,1.2327197103255825,0.7781218379578038,0.33603529795529724
16.311836820839012,16.770856955677726,16.793558143341613,15.972016401662408,15.57711553126985,15.943275466628638,15.69387142810976,15.533027946680958,15.054978876924077,15.317673249107592,15.910480644489,16.206139673545227,15.748944734984468,16.60882462416396,9.954688264841252,9.226244328581027,7.939932572015989,1.5386512636308773,2.048515415366827,1.3172717735975064,-2.592284682038999,0.6071249430222093,-2.024330890215029,-1.6533194657065244,-0.8756382087568282,-1.1769661033026584,-1.313560574446517,-1.092129308489664,0.8606254938569168,0.8625213288023678,1.1134086003249766,0.8408491191656994,1.591315507020043,1.615290686735435
15.460180961035192,15.766760462367156,15.861278825436775,15.220189643718118,15.665841646147078,15.212672396560633,14.951137030097618,14.918001569551501,14.243849503130123,14.002014682949637,15.31261356239655,14.962798462526912,15.777367424419282,14.808008630512823,7.4901732517444,6.018401485721806,2.263257617137196,4.877698484439541,4.569723166127226,-3.05529827449135,-2.5420860996980896,-3.0510221810081473,-0.3833774299019808,-0.9183986830102135,-1.2547149721080177,-1.4887869495671107,-1.2883279012551354,-1.0222287011418543,-0.5903067160810688,0.5123833376833259,0.858611510445039,-0.176565330356061,0.047941690643827306,-0.15815191869576697
13.857197572146884,14.433024248114286,15.356247477460357,14.299394436934927,14.302649886186767,14.426290795615339,14.003715651712222,14.47009443900519,14.176629236200515,14.398147950738492,13.436487010846387,12.101412655258974,12.236758512582073,7.713657047600784,3.0511745186839643,-1.0557526756361602,1.936728957193074,3.9655127958542216,7.302340638553936,3.588362965046772,0.8725326119289706,-1.2454153290767627,-1.997048229034653,-0.7583805097150473,-0.1142877213617268,-1.0081688821097168,-0.31790103375480644,-1.0261908307832517,-0.204202337530227,0.12982419871742795,0.42700608761659176,1.0165783836321316,0.9327404950570302,0.8637808100233536
14.691711597632791,13.318971207703655,15.280563884360095,13.235252644795164,13.394104217616627,13.976651092896043,13.76804875009566,14.15325940344716,13.115704145653348,17.10095349983251,15.596174291191703,1.4498361956369787,5.267683455187711,14.788588298511932,3.9425682971484846,3.8005145154612197,-0.6848732525535565,5.37003379993258,5.4056489912290715,5.561693354143536,2.570112463122454,2.595048773682562,-0.9710709534148538,-0.9385697693398235,-0.6019011519926261,-0.9104251072708427,-1.087063639834287,0.5356544139144024,0.19640922801392166,-0.685488271379205,0.8638578698536948,-0.9390285316319569,0.8240502207851875,3.343392448011716
13.723109433409597,13.037244348973832,14.126301616100356,11.879112780412907,11.976159807416986,12.656797402558473,14.63967938112124,14.229955555577417,15.938982825522102,6.97918090264585,3.951882315963513,4.6882072736113205,7.853387407990023,10.198484212274904,5.234760918653633,1.0540195596238366,4.804044016629517,6.250593331071454,2.4695771652460614,3.7237487074696665,3.8958690503945212,1.4854151047721609,2.047381115334509,-0.9941834781688601,-0.4566027718012056,-0.6016921968116814,-0.6459926598966224,-0.687548952643935,-0.021791444527542024,-0.16615204137815104,-1.4853020343630892,-0.3029050427862495,2.511997023764031,3.5428246743370897
15.536909857312244,14.890965441021962,14.299250034602414,11.517152948751813,13.453062699598993,15.068432272729003,15.912145634843634,14.6690953874536,7.586547968677024,3.21438703625393,1.7724772610347441,2.143432241865868,10.554983794222238,10.247784753437989,-0.7740858381015836,9.697791052364837,4.392762600359925,2.256866849740479,3.6340101964118756,4.3361575997679385,2.5150699923970175,1.0820703599082881,-0.16660004183239452,0.38089390065586926,-0.45851605471581885,0.09544586352454307,-0.31070925287239576,-0.2956310528223625,0.0352754843435927,0.41484559128242454,-0.11603405645678291,0.7169225631895906,2.0985269804235243,4.317533918077668
14.841888120028361,13.73095712514175,12.933986861467506,12.825450758146365,12.079812783345217,12.974621734762765,14.03943451706979,7.787754106834981,8.550518979394155,-1.2719635539451943,14.062977735145573,8.624489712586575,8.762239127448876,18.484374900995856,16.178074992735212,0.23640439345634542,2.1748439149597885,1.875483315508588,4.851444069179478,2.204133298084523,3.7942120175184617,-1.8374527776684215,3.5361641306410423,-0.4589137988666097,-0.45886165039182625,0.1874730696610305,-0.9170000449456395,-0.436214842917015,-0.12356665317040941,-0.17237095569291153,2.6652442061057005,0.7450137069615522,1.5895685002985158,3.6546917621127926
13.905739373829089,13.483997225885508,13.489301161569074,12.665403434008315,12.212408680986208,7.944541522013537,6.266619279391729,0.8250918448781489,-1.4328661165810188,8.005700461563231,10.31299531016817,13.253482584266804,6.19444734727673,8.465461699744443,9.771430577006758,1.6768777292021324,0.9198757186679136,5.377613957203996,4.409965621571066,3.7456233939296717,4.24874443793019,2.386283142794399,-0.32883488295399754,0.832651429153664,-0.030261924959268615,-1.2032965762305952,0.007409411737438087,0.5521502667690896,0.7224473113514953,0.5004436582868292,2.076601442024921,1.8105538493154556,1.4656605196887291,3.2527993994151383
13.232293444817138,13.275523958608291,14.066987905167402,14.672916709548243,9.360749506186018,5.746340271508107,2.8814959005438534,4.056659770503984,3.3523001472576244,9.248195140822881,10.675340521055036,15.02296701585654,15.505941461737889,10.287703275075975,3.676031607950447,6.405763051557115,0.12501413184617302,5.629155140540221,4.359986153703267,3.2651363088672225,2.297171462836904,2.2380125689441086,3.1116804973687353,0.880360395672182,0.19155990656964222,-1.40216276517643,-0.8378526712027665,-0.40493620650958617,0.08819770917778627,2.3847495404658097,3.819365826747859,2.824018078669701,3.580994135185832,2.2786258482508495
13.01706949979622,14.208446517883571,15.104690601996703,11.072145235992167,7.6668618138041635,10.505129442128256,16.040008618824757,-0.919065935911872,4.372617078909674,11.418829122078524,13.547059940792147,11.665783069611015,11.047412241241242,-1.4583847867616468,6.415820156904723,1.6593450471294067,0.7672101828266181,5.1811728195897775,4.495734709790687,4.15129789752333,2.627284493523311,5.714290295819621,3.2024886256104548,3.172951647412487,-0.6671109448840261,1.4995873933125812,-0.6243118194784323,1.0726905484264115,0.41310662804582815,1.083579970156918,3.3481363659544043,4.218218075058822,3.19202240877459,2.4162120780400316
13.700136378430246,14.066162731352533,13.912724012810633,10.293533988300926,7.004631183357214,5.650127837215615,3.030650296188625,11.724957855480014,4.837654127101191,7.902519996242269,9.03840498125661,16.63831472840497,21.20396244063357,2.6963889100270073,2.851370780036834,6.5743185028177775,0.7327371808847571,2.062851975690676,3.1866902125687075,1.5940190122926825,0.4354880934114851,2.690454967277595,0.43338132359715476,3.1411175078785147,-0.1761377972936755,-1.2582632047965259,-0.9003365256833894,-0.45635523591806537,0.11020197980593348,1.299560093274075,2.242862697589742,4.663806460070979,4.981646245661398,3.0473221800891146
12.836151479481899,14.576964462363732,12.275421425312066,10.312668914995488,5.220465112056559,4.300939668403269,9.294927968420932,4.902448288548181,5.302178559794687,8.36756085405007,11.210407993474163,17.542371201199458,6.736678530455291,4.319134802906335,0.4792028454765051,2.717606158057665,5.21019671352569,1.383086978214805,2.332751276347155,2.1286272329673377,6.911599478127594,3.622521641768227,-1.3067799303347405,0.43461614843093865,0.17429763096126044,-0.7007526481412999,1.6865451709975656,-0.3131885888933813,0.11911512388299002,1.0373137605328147,1.0608123812045163,2.562711232611649,6.430846402994903,6.162300076948177
14.630826774719338,13.863551260473512,12.589245532160731,11.268774436236322,3.390872013379081,5.802606946904098,11.57374035061582,4.303414606456749,-1.3103803295376868,5.528545772177333,13.562057114426855,19.636361173787964,4.727974446276357,3.338050868266907,-0.017734504675753177,-3.0620983367424492,2.054649490406348,0.014708007109903526,3.7845129258822547,3.6049168541113326,3.1625716447593937,3.377761589653418,3.0418911190738394,-1.678805805353433,-0.07014841959728892,-0.5727498604537188,0.5528078681756337,0.2289992178648831,0.17952193375426656,0.569694923042687,0.31683076591093645,1.2036369720334916,5.319335219700091,7.118922114053959
14.124022255739014,13.782756797462882,13.818512472809964,11.415341221810458,5.65398736662662,3.704746560420789,10.191957302283376,2.8353408606705184,15.30449355463545,14.603717219187688,13.379122225638413,11.654073412112004,3.5283355899946462,7.301684867972716,2.3465256525713536,3.1487723204718727,2.7488101286072926,2.511657547289784,2.9498310547642292,3.4232014666388366,3.9468683946319816,1.9531317359594653,3.1191389279672737,3.1490475628797396,-0.8518473914795812,-1.0780649880853728,-0.6811297181448094,-0.4225184258231547,-0.32427941350765677,-0.2747697508794338,-1.4858408903837923,-0.36967506080902096,2.564166602717954,5.562730654662062
13.955298938331548,14.077162674101679,13.533392287174069,12.163600593417991,7.614148116308511,3.2206629393839927,13.77733716307861,7.625849967309698,8.254349017349464,18.32597905060494,9.697189744468501,5.080021472313296,5.617699775902724,3.8583329877060923,1.1802451442703774,1.6862922246243575,0.617389927993618,4.424557540565704,2.9175768382432286,1.7177526570612003,2.7523120739736195,3.655432653441347,3.610807618471231,3.1912991313641923,1.3427458024326107,0.539804146119765,-0.4359463163453713,0.011161845713891543,-0.20415459354472199,-0.33011332815146255,-0.11059193424004136,-1.111324769977808,1.7289551539248413,3.769914797390854
13.685022335086549,14.094515926613438,13.363839316981714,12.40842646268031,5.709933116944209,4.9583270365728564,0.11444522816585263,18.27223976547572,16.093092833764715,11.425923960852506,16.334298985474106,20.516320972547533,3.7023698890272057,5.065855492836024,0.8200167606864733,0.9586235038344082,4.082612101558959,2.367549407606834,3.5161357813722165,1.9527288984956241,2.7158939093223786,0.15977299674015577,2.698057380738173,2.0724694610684855,2.7587936519923675,1.4048822901540756,1.3390802628355662,0.06532299006800744,-0.08086439395383364,-0.057199475006468076,-0.1821096498931791,-0.27877279354108236,1.5721163055762988,1.5534654249538582
13.434777690992401,13.72324649230354,13.049145712094978,12.249912457670249,8.91767191526661,4.052607307937075,3.066190547028624,7.56546746139183,11.051881696939933,10.742550640706789,13.761225329936327,11.204761069622503,4.944331564591059,2.346715911671833,3.478283083893817,2.1405310232947334,4.118996531179057,2.674114440030491,3.6500810704830426,2.8763187619129904,2.4625116859095777,2.916907602400715,2.275671293760706,2.9452666485551044,2.255022605724155,3.000241688248321,1.494252427736992,1.0798261052316271,0.7830800547473453,1.034443418370272,1.591977562032565,0.22686132149552848,-0.13107018843576795,2.2393171074169587
13.241225647507134,13.707059579332274,12.627929001140814,11.322276322973613,8.143901340156088,7.761568276920792,6.453903719360118,2.800922165658887,9.350732475383687,6.543952661388311,13.0453448347114,17.22029087133853,0.11744072325809773,0.905262560600964,0.0496786445534721,2.897681522905185,3.5933479246336315,3.5566948510404806,3.5444808400903245,2.735775201289599,3.263616024216212,1.2704487065070225,2.3140838249819744,1.7473608770798355,3.098924644281355,2.3713848530792845,2.589565212132987,2.1981080710046843,1.7482677042375456,1.9513948971375983,2.157447209569933,1.522308749790657,0.6432653164316192,1.4750662739238574
13.654528623133128,13.492025953261459,11.879768056923652,9.87118387664424,8.69444418782881,5.144822151668147,1.210061040556691,5.457330764289895,18.776262983574785,15.112800907423834,2.67040278477321,4.764992563180949,0.25177007392627804,2.102728600255958,3.2920553443432143,1.82754204962845,3.8391089089055135,4.530633492622614,3.7453212618200316,5.746343994035333,2.9535228678493177,2.440029948335488,1.1325757836836197,2.9924075282315314,4.021563194649783,3.479383704678863,4.120929714577955,4.349066295331614,2.9983286294870473,1.6504701146795506,2.46854445832085,1.0243022534636121,1.0967521647193308,2.095719197366225
13.517894799286452,13.103554501258785,10.885824771948489,10.008303495131806,9.567763504516,6.467009219900489,2.7589064330992406,7.536273027907488,16.46823363132109,4.116312391550318,1.6715735285840747,0.43148718514930795,0.15392155847214362,1.6040379212839233,2.3483741669806766,5.43161983536127,5.220903876465143,5.116051078449169,3.7396875954172497,4.505808115259678,4.108285343088988,5.3493628183125,5.238489807159954,3.197964625139536,6.282880110057104,5.211138798918973,4.968267886232938,2.6890183644650882,1.7216139664082477,2.45358388951169,3.530959681518637,1.8547968967702182,0.2685744933873512,1.898875579248959
13.577186247612492,12.57258577445892,10.80033590138369,11.246275925647781,9.148790336350366,3.4443654745336882,2.7193416366939345,10.764387941176864,12.269697349511992,5.4813513244996726,5.908451026725918,1.5948728618696861,-0.08044354938206671,2.8610475975441276,5.550902745086237,8.888537904674095,8.65620255318239,4.524659813812972,4.379324857510115,5.351459025354607,5.273234451081169,7.637744200491501,4.996016382548802,4.694102618815569,3.511006120102645,4.950492262624345,4.605854493714335,1.8751578036523038,1.892972283212957,2.7469423762406415,3.1542078828482376,5.193121905463741,4.302560336996249,3.2653913366023417
