script/wind250m.json
{"header": {"parameterCategory": 2, "parameterNumber": 2, "lo1": 3.000054539987559, "la1": 64.9999836372058, "dx": 0.5, "dy": 0.25, "nx": 34, "ny": 52, "refTime": "2026-05-26T18:00:00.000Z"}, "data":
[rows 0 to 24 of 52, columns 0 to 33 of 34]
13.443622100278251,13.618695020050188,13.523042920753902,13.86721759159329,14.200731182234017,14.247092464157236,14.274866931613612,13.83672588943519,13.618225285015281,13.144169295870075,12.813262847475583,13.016548464574349,13.267957742704928,13.609026214806654,13.710024991988735,12.762764359538496,12.082855730855554,12.085848508097863,9.436917182542265,12.32191452351423,10.55654414624147,8.831262711350083,11.022245075951897,9.79499616500536,12.312978476386746,8.595526084387625,6.658384330618268,8.270503087469693,6.545362220162415,8.08761437294449,3.2586855176285963,3.6509158564881465,6.942916177438925,6.012585141817956
13.67182749765006,13.953265082306812,14.184830938111212,14.354320639215564,14.610017008148,14.482460237436387,14.079743095639413,13.77057894521945,13.444904927612816,14.001737653463936,14.551236460034502,13.844990132516061,13.68379914941098,13.638760766646104,13.794272488582218,13.627318543949896,13.281134305276499,11.993103855523557,12.38204668646066,15.049348323155767,8.525350010943052,6.766903714471558,7.881921518881229,11.912351236725693,9.524410524356922,8.964122725324856,6.086963450920872,8.714804005272605,7.076156492056502,6.781961654586447,5.572442630518037,3.0364627241042634,5.098218103993015,8.178905902356838
14.112885389478961,14.165777926332403,14.5531830527479,14.843751624085296,15.32662629100294,15.48464357280043,14.52886102944822,13.943014369528232,14.175889579827835,13.886653366729982,13.818876984461415,13.712272023427895,13.993777714428187,13.856355520902165,13.904819690539075,13.752689239143532,14.79232433330375,10.866993238112729,13.254406874691231,10.623688969039819,11.07268701902602,13.861950098333592,9.505645354650508,9.047151277572539,8.716764118055998,6.8832370075880345,7.312113668517301,8.194900783815502,8.76809608743782,8.216214711682547,7.978547783329283,2.439400637394556,4.688982380822595,3.8046921443133574
14.178833685195977,14.623755398991582,14.86633761512546,14.921100983364957,14.806830139669326,15.271174131406875,14.261670956737863,13.960058033709249,13.920800175860485,14.64444753540712,13.583604750032997,13.758858599711816,13.777952711024474,13.900814611766735,13.923192326569445,15.065338837715263,12.946528977569564,11.71853374193958,13.627119587508435,10.459052892682852,13.20907467358337,11.979269017239453,9.702223084657163,8.170898993195918,7.499792944781956,7.998818124708787,9.10951730524855,8.489687435419397,9.175019599844696,7.813594224782466,9.172265348870809,9.606290964729517,3.386274027888619,4.919191470304944
14.338754037914804,14.099079126065385,14.581487333231673,14.392937987150962,14.822528163702517,15.46926944143587,14.540718421472507,14.03823770087082,14.610177633002975,14.625339709869902,14.352972056736286,14.145257149674899,14.10235277405034,14.486673254923536,12.74287222923982,12.929088698469348,14.819589109211748,10.053637398107814,14.15125491183217,14.967028911072736,14.574805732556829,14.61693391381747,7.120641656975745,8.947910117736642,6.919837737283067,7.1152801316255285,8.609047888962307,7.650925726847011,8.749947519885422,8.937909120397979,9.322103122981636,9.172082544017428,8.588862674051514,4.067232093305345
14.25475734669565,14.032373982731963,14.068407467536868,14.860857922028384,14.954485381974317,14.654429964244175,14.671647682260616,13.448887461179996,13.994658907625858,14.190285275259576,14.009548612693008,14.776728236337776,14.057385633214063,14.948155486431771,13.150089740606283,16.19428858394856,9.91159305235926,14.009439928258695,14.660163651262053,15.609114201504683,8.82334139733134,12.462377214102201,12.24211709689609,8.220050762164547,8.050119234171772,7.251796809614353,9.000384402811294,9.410797950581715,8.12972618322961,8.579192462544587,8.918447047744596,7.726708846877577,8.421430638456565,3.504254941992547
13.721668692991752,13.82015597836936,13.579467423404298,14.011159958776373,14.29073750249261,13.778938904071333,13.307363098607993,13.415759458151857,13.663826174956556,13.91031574457329,14.488516328070583,15.201986711211411,14.387059695419943,14.764588325742661,13.167672860511898,15.118840084398666,11.721586106592136,12.957161114639309,15.95766704554731,16.159745891639947,13.826480094883994,10.369514674273033,9.129889118949226,8.210715239807701,9.338055876534966,8.125152117598326,9.900101969274143,7.976229387220728,7.830951416176486,10.257259075771369,9.768784721099685,8.416494334061152,7.761902778300471,8.652518293464839
12.80637841894712,12.874311754947241,12.753291518501095,12.661958048366944,13.177028363155578,12.898564133517938,13.074297576910487,13.322589156908073,13.572238620744422,13.881423486069908,15.007763404745923,12.04175108822246,13.180225847267486,18.66904797868685,14.087100328579785,13.614008133648378,9.749906177045679,16.521847017025745,17.640078845398847,13.667623770760759,14.780246013310286,11.62828629236668,9.891787625135324,8.75715260078834,10.497772993114586,9.726979724955171,9.499496168798617,9.518523540049948,8.624441829457085,8.515849833561465,9.74202628036975,8.470215143097803,7.79329022585935,10.267919995897014
11.77968794370599,12.11507803166977,12.225066857403467,12.187338739472034,12.378847487184018,12.669573747830805,12.609502082910998,12.67670594865397,13.383789209941314,13.98555354527479,11.503556183371831,11.756025086387469,16.676442249884175,16.42872383853829,13.463633611589888,11.390349141079701,14.806928854750554,11.071799144248061,14.502450890519835,12.6160873539686,15.468110326822186,10.48265062747122,13.281071214212398,9.111520095243502,8.294900474895607,9.918046044325283,10.389390234250094,8.595162143017575,9.2841534385916,8.631036456965793,9.757650053159276,9.831923057446717,10.802566088318237,9.177233446935611
11.530817588920401,11.50678347708216,11.439168399323126,11.171528930268847,11.100748414187548,11.178781526513827,11.774105689455217,12.64387635446509,13.897170651151233,11.372260244503847,10.85454633062083,11.805013405741645,17.7674142753723,20.27013875427381,4.501008299842273,14.450216752623735,16.192383008259675,11.956309042706762,13.091716577193461,15.940527876644726,12.411392473712858,12.215418262902327,8.28910137111906,9.509783603966238,10.052015708137526,9.457851732173891,9.77980366471358,10.347543469512994,10.515768249304156,8.655557098592272,8.939293434660955,10.282259790534276,11.978790036172693,13.8576681656434
10.828064591077547,10.68000089140084,10.541474423930495,10.184223258543538,10.074467155918434,10.438932541007334,11.524543117501253,11.196327424456502,13.948417463312968,5.529938257748105,15.525539754340478,10.955207673170843,18.302800752246245,19.52827027872238,16.7209843459091,14.898422708814973,10.320976983346874,11.281604196548647,15.935979713294001,11.71736918965797,13.552193357285622,9.05059250616723,11.48383147291991,10.037968784525392,9.040225058677278,7.399062965488133,9.488953601888122,10.983645296114284,11.256140186458776,7.999306835334504,9.232703918637865,11.618134509135382,13.492553794352542,13.58204827217362
9.843041944568144,10.132738204485848,9.776168788001547,9.456666600751989,8.961189590483333,8.38536674110584,7.708228214882085,3.7194032442652496,1.4286588703867271,12.808810029736044,16.38785328057034,18.11737401369166,17.07158324407593,21.61034766468403,16.446927865598212,12.853251467613838,10.33194887271551,14.283284940557149,10.295092980658039,13.515581059376803,11.32694993036762,12.174557465480783,9.363206267589508,8.595376733744681,7.2405922882869085,8.006016034627477,9.04788693685999,9.244650258364862,9.307433692427557,8.536375622169595,8.682401874627379,10.558714378121042,12.396129201619974,12.127948051864742
9.738985834027725,9.491643916575123,9.203248074900364,8.254118248045057,7.914378527731652,7.5713215222020755,7.067264838301872,5.624208889679063,10.550803938058216,15.682541576572135,14.79126428233728,11.800173514290035,13.592342700816028,16.368991631749704,14.964459240780904,15.447122425892957,10.682894099631927,11.481594901646313,11.364585366086954,9.637615620297119,10.256724196094611,9.331113848460728,10.697544261227977,9.004369017015309,8.826897155417369,6.199199074739255,8.097594919006015,10.89299587277092,8.122557908538067,8.73273316582531,7.055565747859354,10.768228979843354,7.548158922265058,11.201500479911028
9.730118095757323,9.042807638917424,8.507900933286653,7.38496199316167,5.657265215065895,8.991618445037906,6.571451315929665,3.9676264678584894,5.569439306175208,17.54778633959098,18.551253118568944,15.193439850145323,14.144337841963694,9.762867358330627,16.23821740503302,12.447770476463106,11.678138462139588,12.746033872765524,10.93575244381049,10.133733657936613,10.479504050814679,10.317277691171157,8.82361312084963,9.304607926601408,8.36891058776447,8.255860480806161,7.001869717142403,7.085693643565825,8.872006798617164,8.16045238363101,8.28207735967149,10.841142677387223,13.991846686215856,10.826256296642255
9.758263483388717,9.30864552087874,8.317763979085408,6.967780098873873,6.159784433090553,6.97443921039533,7.945881467832186,11.979974736687197,10.851298651203662,11.202405411771874,10.293119867498488,13.233851441708612,14.581024733772225,14.832484076224961,14.027460568937485,17.101063926519902,7.360245462949815,12.494824723028273,8.565921116131062,12.413996487979597,8.201776393909618,7.432349481636172,9.23590500478012,8.353112211985223,9.37393192106804,8.45579357957435,6.340869411261503,7.4739464052703175,5.705720781746414,7.603978386334717,8.55982677710721,10.726914238330046,11.207656820300352,11.950295291685274
9.308829632637709,9.091343160505987,8.277584394538133,7.288387521788028,6.416673270619344,6.869786596973686,9.535441021148973,12.080489541099327,12.847932968892014,8.019706511646291,14.501018483783573,18.01203260742253,16.233531296074133,13.327483302705188,14.277207331964805,10.7534109600368,11.51266742102606,10.724263815127708,7.290411276538942,8.831894752321672,9.265386048785652,6.488749445671653,6.487937586292039,6.619477354632011,5.08313072803157,9.837866819448607,8.006247349282875,6.584597842888323,5.181285487242527,7.47922188936434,9.116149437762262,11.545796310954696,10.21845093305448,11.503390657316457
8.735647952137443,8.01355209161177,7.68921429613643,7.344854414973328,6.175426864668777,7.326358278676985,13.379054000583292,7.24575720055168,-1.7260989862033114,9.342415235397027,14.571795876827672,18.919052487329473,17.023418186186838,12.038653542718412,12.357687930707142,10.627358512811243,8.385559601617087,5.640529730076886,6.899075180844728,8.525578578458417,8.714539537495193,7.026050674215328,8.726882459483143,6.59053792777388,5.359455918418398,5.7758490772882,4.593301338483328,8.046319702738423,6.7986252379866166,6.405260041553676,7.424552562171151,10.607939497273783,11.730439000735531,11.624138271051006
8.141160510843596,8.242804302347016,8.021049392001807,7.301970132520216,6.9590423387363725,8.361213804065523,9.989557174876461,3.2882647559200717,13.869607201185275,13.704622229105102,13.488379406935412,14.772414196158387,13.051732945097337,12.636545855454427,13.777145647871809,9.749791287398612,7.98257935231716,10.706317845323944,5.365609036867602,8.492881334236463,8.117468455339884,6.365410864843681,9.5013578797355,9.419632809885355,4.996794972153568,4.1724193286081075,3.399074159781802,0.9986386641366316,4.050979418989963,4.482825360832497,6.166995839294803,9.72941079245684,10.938934807464046,11.84335707103473
8.856515831312707,8.09994436419338,7.332069581992212,7.91259736303111,6.984706201113705,6.5746243083047125,8.667555510263849,5.215385785347535,7.731922467690417,13.410936380372668,16.420432016039037,11.897542627830376,14.24701600883549,9.932606012707321,10.818632685936489,8.127624318198086,9.662710135281571,7.4411266408991406,10.494062273615308,8.850402336502961,7.1297757872460785,6.728793979848128,5.734251662208258,8.795610746814381,8.176529551435781,0.8587643781417247,2.9747403821642555,0.47808008327175056,3.552747919254398,3.8835978188267575,5.2123718838651705,7.81051606981517,9.350696474061671,10.007788055542685
9.146697785974634,8.287213986281245,9.50049157201633,9.666428733533854,7.85731981330838,8.4292191014467,4.004543511916596,10.966565401314286,13.876082416537074,12.150749892566509,14.245988310248318,16.93816362761207,11.326710724070933,16.486869752598697,9.016889496938365,8.692196859778145,8.618520174726862,8.937812784263064,8.748308335129064,7.516115068613196,8.828573943401926,7.856257851485306,8.520067631168319,6.358115104765699,5.701991573978217,5.997050800881079,-2.069516957799933,-1.3132293073259254,0.9371904349640434,3.2322428333934683,6.380526812764539,5.066757810610044,5.765156104091954,7.2716479665603675
8.721785588276521,9.281184928216344,8.800574032817858,8.79756523005264,9.242677958776769,6.859006639483746,4.295123473451569,8.834853960401164,13.108353587756262,10.78200110136551,14.064430708558165,17.07437674578524,12.720351774508593,7.793145224192926,6.943272931833516,10.559554008374057,7.160200657391581,10.357640136574394,6.41119431598196,8.86778433373066,10.005899484431586,7.718514184128255,9.849802155932824,7.51956601684079,4.005615595029453,7.2012596895888406,-6.215942406354632,-1.7382692144611493,-1.1601811284110437,6.847327494730476,5.2757168439314945,3.4032677648889362,5.636859796296377,7.819044507838453
8.707062513034414,8.330309286163724,8.294763712573562,8.30107437072525,9.502328834032683,5.867334311410215,6.44419398408756,6.838498280299889,12.627969405636897,13.239204581448123,17.98678443237676,16.80210400392914,5.890079357881581,6.104735794917766,9.47378365857301,6.370258131129396,7.808195219593059,8.23424597520255,8.010733279391314,8.124235747481816,9.021405129199184,8.575635981243074,9.690744096110135,9.391259048819682,7.541965977799242,4.360311769662553,4.451456640973044,-4.579786603142655,-2.0017529466867527,-0.358287562139556,0.055384908210956436,2.7704025243885537,4.534262860993647,3.269576683447017
8.515310523629845,8.334140816271713,8.479308232963335,8.820293088698854,8.730951143422766,5.856297566241145,7.072077603956728,9.316606822977883,16.985342549142572,11.518927430925837,7.704856750142316,9.208665067812925,7.036601464002396,11.093551586332758,9.70341454435139,8.543000761027884,8.506357622588158,7.757703647658802,8.495256852985401,8.21183831858645,9.431058907375254,6.188128468920028,8.528802324046794,6.87659355204047,8.33285498340867,8.954889669000892,5.37489118068245,-4.870010411357177,-2.6828549384595752,-2.656179242105082,-3.826275180513039,-0.9791008305209412,3.8372856403120736,5.2305644799258255
8.969956984353379,8.805574101431269,8.818369136925496,8.809635743381824,8.220784434770124,6.476851566965775,5.526324767521302,7.14629895899185,13.497212669722417,9.563088671093709,12.339820285285759,7.117558613064808,8.221236159034685,9.721941904877243,7.8170667841561094,8.505446324282449,10.620798578404996,8.871570860857299,9.704450214383597,10.52418875036532,6.6995850041216185,9.787504375168224,7.609515600586455,8.738236136394187,10.047379475687,8.961855157894972,8.844281599298297,9.574649487150616,-3.961814759818732,-1.7976584307898282,-4.192570793556737,-3.296171295600629,3.4155037070855565,1.9209100289137453
9.067586648392332,8.86572545814161,8.896605509189609,8.767577059850774,8.156805815080242,6.5590867971300595,6.598884345016436,8.787480539211865,9.148325487927535,11.081131591435307,10.446926133559563,4.751484520536374,8.435461809689858,8.842072464826783,9.737682207406774,10.095196345067746,11.09170038203982,10.295034434431201,10.171585315480096,10.404454219415314,10.00448887961862,11.806019239650503,12.96878832055856,9.077104886399916,8.12615815191012,9.250455574304434,9.26678307838561,9.123788241781996,9.348619299207074,8.35210963761953,0.47138808445778196,-2.834451226607247,-0.4340188667127673,-3.4234586564681693
