script/wind50m.json
{"header": {"parameterCategory": 2, "parameterNumber": 2, "lo1": 6.000198445256149, "la1": 58.999992894266676, "dx": 0.5, "dy": 0.25, "nx": 22, "ny": 24, "refTime": "2024-03-26T02:00:00.000Z"}, "data":
[rows 0 to 23 of 24, columns 0 to 21 of 22]
-0.42259197847605096,0.7927002137990858,-1.6992305398175171,-2.919346461285751,-2.801363216258451,-2.032421392784221,1.4559744356572413,4.751530493015301,-7.538374669665973,-0.21826881185778732,1.794477062274627,-0.05356266343943586,-2.2713091908580334,1.2424558338524085,1.256322723759158,-1.0243444287244787,2.3476725445767808,1.1623724590071092,4.258034649517341,2.823265232168975,2.090759516846505,-1.2885881316886363
-0.4778686343936125,-0.7120918493536122,-0.8984995402254031,-4.938868860073589,-4.09066306502165,-4.007447238152002,-3.272088647811359,-4.277327565960973,1.5706003065257246,1.9672510825912193,-4.183626289735313,0.930476904605418,1.6064840922625245,2.6493894420542605,-0.16632478187034688,2.921495068939344,2.0032272498367156,-0.23176702875447058,-2.266080342294189,-3.595617928866619,-2.3787812601716225,-0.12427211141566624
-1.8748214790859232,0.10917598236462382,-1.1459363135841865,-5.511348458435242,-5.183530392459871,3.78777805495746,-5.754996216579666,4.343421480134001,-6.788707180482874,-5.048915041018674,1.1333594007254233,3.070839800306203,-1.104297509001839,3.039182423162932,0.5062714078893391,-1.0118912495813766,2.023951951204622,-1.2508304953213911,-1.9311084433132655,-2.1300973255724323,-1.4772500645972684,-2.8268675070981346
-1.3225722095121193,-0.09635622233575829,-1.16725309936387,-5.290331644610763,2.163933918405442,2.8285032407694075,-1.886169259460768,0.12113072718955677,2.198133539431464,4.476919344761324,2.0912523220216093,-1.826707656960661,1.7528505916101214,-1.3743721724336246,0.29847785087673706,-1.8845000759379176,3.757410609383,-1.0630595090183768,-3.2816038946804036,3.29628349969541,3.4134342404438796,-2.6269543709680634
-0.18463834025092118,1.4011556069633577,-1.487022969153751,0.5082570940259493,1.3969055509165271,-0.2793711552650289,-2.7199524482415045,-7.41599174908853,-6.297657624363009,-3.772020452476033,-2.6963514715469534,1.1729591595702415,-2.071633082944893,0.2480989225419808,0.9261572767808505,-2.7619544597182752,1.8105799035747596,-2.6658542305168655,3.7678481270770363,-4.254445164579841,-1.9221491385352871,-2.685922693401592
0.5891885905582739,-2.5953113703750876,-1.649070083893752,1.5721158043547352,-0.4328589846282634,-3.2393479066270383,-5.389250785050204,4.630116020184955,3.165961692006557,0.6319402922688099,1.8141357111114342,-0.6957238133507645,1.1214502992277293,-1.009142380256312,1.8746971528879,-2.841441206734937,-0.5325977971884074,0.04199549375633222,-5.277421480114665,-3.3502353066914172,-0.34930104625263325,-5.026092823265664
-0.0739973987799684,0.5637972229256476,-1.8018919771045165,1.2234844193461123,-2.991056800634044,3.7289555117658866,2.3348590137938032,-4.822776948602837,-5.999202106585377,-5.99627769744088,5.012843119061179,-5.711397640497921,-4.870401229019186,0.5034959442076782,1.8550773640697353,-2.999587004980256,-1.7422725920663835,2.191390943141401,-0.872704704019143,2.3681099768225824,-2.698121098962846,-1.2258718231588916
0.18855745925493061,-0.9980320832734054,-1.918237887431984,0.425441654595218,-4.456461113751322,2.6502719031169377,-2.558064689606328,-7.4786130231437875,3.36578041128115,1.9247793325083011,1.3160930033091411,-0.6835611310083632,-0.5604010825178102,1.641698289859109,3.262330795039171,-1.118432341006066,-0.7668035745048939,1.7303437206426573,-1.292513800290265,-3.8857939647574136,-1.9313306449052399,0.6124052532742026
-0.3751966276436877,1.1504284061987127,-1.634278932133678,-0.9864756048299145,1.3914932525406125,-1.1457972161427534,-5.468374410007055,3.5700015352321466,-5.905302191354876,5.851770513286987,2.316389887545346,1.6786031115862257,0.8520618095775994,2.8654434595166243,3.0046489772143747,-1.6198769758764744,-1.3604409324571054,0.8050528066635874,3.029155732150236,-2.256604771088853,2.0586440197842704,-1.6124847295391764
-1.971117290065688,-3.3125536369878055,-1.6418250059979722,-1.4200482894424438,2.3177569889862384,-4.1036424315427125,1.6599836116825268,-4.836695019071833,5.221342623609821,-0.05579363823693581,-3.007166152284662,-0.49133402836356044,-0.8154588223912205,3.647545109243464,-1.8063599727802306,-2.79426276391833,-1.6921568319050824,-1.9453948294314578,3.566347263969482,-0.41410737786402607,-2.1665333870725374,0.21155855557296405
-0.1605136203499474,-2.4365132714504796,-2.293838298679848,-2.4964459955307285,1.8524030868520187,4.199550441495499,-3.0823538372345425,4.422014883736601,-5.956503382951904,4.340892876872226,0.997958795270375,-4.335134598288864,0.4892537684168484,-1.7625164130720603,-1.2078471132122652,-2.800738730258163,-2.9101900927128925,-1.6869489377708005,-2.4683405705359083,3.8630822075390836,-4.069564428502643,-0.7272766925746698
1.2052887063784532,-1.6179636455972797,-2.7921145991060365,-3.6759063923561084,-2.165293957184207,0.929136340103724,-6.043592438034654,-2.354695342946916,5.249189070346484,-0.4287980104281292,2.258237060751055,1.6114412152778632,-2.3752926382845323,0.29938893184004806,-0.4696300579074438,-2.743339078172873,2.520065428264123,-2.523234568818634,-2.7627957155385774,-2.9442064586876793,-3.230755541927882,-3.1029229606807887
0.16556289797049806,-3.021298732822181,-1.5665099667213336,-5.170247429916552,-4.202257165419248,-2.5258451538620803,0.8780446146138081,-6.229678660225323,-2.78722748064149,4.487144686887672,-2.9254399081166698,-0.7329659104929955,0.42478651157176855,-1.4278737486037922,-0.4969007737657263,3.135020002451921,1.704670465303348,3.9548031932476855,-0.8302094499507112,2.6291388830018465,-2.006352441248864,-1.3648644250498236
-0.8357553638414064,-2.925978128679668,-3.6594452914145092,-5.126028315472413,-5.1764496836209455,-3.9989582248651185,-4.262999842841448,-0.3507858846032452,4.920743426555142,-3.815026894766411,1.4493454448675394,-4.781536540972646,-1.7656109109462563,0.5787222116954843,-1.4762720406473164,-2.80967518078241,1.3882948425829658,3.310330731505015,3.6700416370503857,3.1770554781303217,0.6421062519513034,-2.504904047111953
-0.9769802585388228,-2.977451589360198,-4.720427494922615,1.785196464504584,1.6881457896886902,3.1923884578618793,-6.811538363465915,-7.287123470340449,-2.776934206216388,1.1188988650629346,2.6923028349290643,-0.34344048290237966,0.9463865657806073,1.0513302400808784,-0.8232430017893158,-2.73970645494784,1.7885784051256832,-3.3411192486642065,-2.1159905911162764,-3.174855311447332,-3.1896679040245313,-3.3981159883797614
-1.7290752815878458,-2.6901756141160824,-4.1987767853230125,1.5937207951612935,2.0867639853619773,0.5572765584839138,-0.32942731364405714,3.7266615147201394,3.946151967396897,-6.454965793892587,0.11034777992803418,0.863091966463127,-3.86468658805285,2.1835167409243335,-0.13725222845344373,1.8753391645245092,2.4941479404925095,-1.018078285207468,-2.027866893276327,-1.9590495314896943,-3.616230326081488,-3.1496154588851075
-0.8238476827969718,-2.919959427051368,-4.298302958170613,-0.37352686254660145,-2.165468298044408,-2.6811629657824083,-5.433172276491632,-4.952420116310049,-3.9755263768812306,0.7068583419472,1.2820202213105278,-0.20748273649420743,-0.3354254259965657,2.9489857845831016,0.4321788022941281,3.481391824577434,-1.8294219482817975,-1.1416566252248992,-1.4704169805796101,4.030137063324968,-3.0357986685837686,-1.9442950806475305
-1.0960305073425147,-2.923859091667031,-4.628751772726543,-1.2261727750477909,-4.1892358143529,4.363916375149795,-5.438421422681869,3.497595304184148,4.564572025577804,4.595936262471137,-6.518575740268002,-4.705757659844546,1.4573049079572027,3.5956795704679796,0.5666703558279118,2.429113861345866,-0.3556642000210219,-4.018862129674203,3.7861225602251896,-3.5619858073892874,-2.675611227433525,-2.904905218294243
0.06878004083462284,-2.5908767646900324,0.6793170348930937,-2.153219099130984,1.4162981650277768,1.7657443400162276,-1.995782760596416,-4.336144691277117,-4.258522463204122,-3.702793708961384,0.009466993742163546,0.6927763451701145,-0.4930581183763851,0.33010543187617575,-0.13068744624139092,1.6567866895729173,-1.5394340298436693,2.7556521299190737,-2.166665565379564,-2.6741452685321696,-0.004846850159098005,-4.635273384666757
-1.6243397247036053,-1.4529904123760389,-0.354197441856621,-3.977931608179727,2.2883066716869043,-2.114689641376422,-3.412419456762972,-7.03423812010877,2.903273288510552,1.5487636160855274,3.5136163880149383,-1.1576528855337107,-2.113554119352415,-0.31995493840571254,0.31996579312574425,3.834707249664858,-1.2359268874206808,3.7274341588633293,-2.6605854296051747,2.6801808990241263,-2.6140362257012093,-0.8156412289546485
-0.9635500062551307,-1.5869814692928417,0.25171522641489236,-5.520629813383305,0.31885192816716484,-2.368139194208799,-6.179222445152744,3.454074321299608,-4.988212581367148,-6.685864672245597,-6.721606172593991,-5.927928056747067,-3.4284786681262975,-2.42825343168248,1.8899646703638628,2.2228886066759848,-3.324526380729569,-1.0094071047528326,2.8565731572906032,-2.6120213883218892,-2.4483316412751073,-2.836867623211604
-1.993439589839108,-3.2061260072043694,0.18386880930920513,-5.223405091439475,-3.108476151334814,2.3781131644791778,0.30424053936691736,-5.707785507644422,5.263067825946864,2.890426580837313,-0.015524348948464023,-2.3943815302894937,-0.18560820555073199,-0.22864763254790968,1.8799649537200098,2.0286727326706164,2.914302462658039,-1.8801949159913847,3.7388893364784113,-2.084798739573556,3.3355098793749636,-3.0079000989806137
-1.0415528096649689,-2.7462122584065076,-2.360641253805393,0.9687288166611845,-5.863553864028516,0.555612613911244,-5.326182537343393,3.6708385501146252,-2.36415680337582,-6.638635296988211,0.2919252971161696,1.055266673735591,2.3715176878470445,0.08562578621152853,2.1441166532926776,1.9713998742264816,3.1982459382641726,-1.0620219638666515,-2.200114705537922,3.606212293876468,-2.767339805624769,-5.662400044023487
-1.6694354209911222,-2.848278105703935,-2.208238440148357,0.4846032407357176,3.8078928916655106,-1.8405466080524742,4.720469169020172,-4.39485122463053,4.754773542278523,0.9024868674883106,4.544799181031618,0.17137832256137372,1.2747471632666125,2.9382566986554677,2.213127026543106,2.3093570611407017,1.6353301925738752,1.4593292588556381,-2.7240062658183612,-3.4557965786803093,-0.4814268148078305,-2.3882075198521826
