script/wind150m.json
{"header": {"parameterCategory": 2, "parameterNumber": 3, "lo1": 6.000198445256149, "la1": 58.999992894266676, "dx": 0.5, "dy": 0.25, "nx": 22, "ny": 24, "refTime": "2024-05-02T18:00:00.000Z"}, "data":
[rows 0 to 23 of 24, columns 0 to 21 of 22]
-0.872470676476081,-5.50683937792311,-0.6382449453810499,-3.342265918710839,-2.9398872028439897,-1.52714218598178,-3.5609248877771122,-0.3875295651383575,-2.0790149932062856,-6.234998926897705,-2.516073113148646,-5.631648702787224,-13.45813945732845,0.6186073802542442,-1.6904130407389824,-1.2646253223051735,-1.0472085578576897,-0.650814687780494,-3.0470424857393743,-3.223292892810732,1.3778134853509334,2.158147068632168
3.719188587554172,-1.8340076810077144,-5.39429748043535,1.315222078997929,0.050310548395427826,-0.1191494324242108,2.7540917034808476,-1.8141930941592337,-3.0690011108258517,1.4059455324515304,-2.433784320446405,-0.6569433306930254,-1.5537358767264031,-1.262604030212173,0.6992316512058246,1.6470352909927113,-0.8382388807652871,-0.8350685857448906,-1.5120333824522834,-7.327740914102301,2.0290180078301416,-2.8519398998903225
-5.7637660272802025,-0.5996610764188611,3.250011087979853,-2.281899376105566,-0.5406551907921099,3.9918526486749104,-1.8894445787510858,-4.235573367787626,-7.464985764841535,-3.726805427782889,-1.4702097612144485,0.1192427286689305,-1.5839413464576901,-5.847496082004173,-0.9812751687698339,-1.8212096838659768,-1.2307136527671068,-1.9404663813284129,-2.88244822951611,-5.296076423011106,-7.972345901000937,-2.1456867910533854
3.6811627517727343,-2.3203700237378904,-4.12380377484346,-1.2960526827016154,-1.8790608247552636,-3.8194930381372822,-2.2243962386478633,4.6448001350444255,-1.8440755106723896,2.8938456388269667,5.73780658237012,4.263700809799049,4.947375923428581,-1.070095771122064,0.7476297126579425,-6.752721286675468,-2.3975771052645443,-1.2156013024904784,-2.0831360696688046,-4.22229048916954,-4.2106396757179105,0.4740803539210578
-2.149829431557181,3.0155305122494704,-0.6172270048763104,-3.214509003126965,6.496789797207562,-4.69607616931971,-5.517639686538803,-2.887911646240617,2.3452440317466787,-6.701173336035678,0.9437833886337299,-2.6098783939588666,-3.5765740836547,4.590525804168238,-0.11322261033900047,2.570733047692403,-0.9058273621524353,-1.2579236497865125,4.7052279491723725,-4.861425838556243,-0.6525097276472218,-0.03758476846493736
-2.428613141408293,-0.16950284759041565,4.104066069869996,-3.234768980999901,-1.3858772563084896,-1.884477500550772,-4.585824376758987,-2.0021979554736435,-1.713007989459922,0.6335086172268181,-1.4183299728965797,-8.180608876818088,0.6909677335073579,3.716629681016348,-2.6069078128217824,1.5958522541210531,2.622515656257666,-13.444871845775824,4.292687150259511,-5.696530048708766,-1.7016594942049579,-0.7221245687955957
-1.5866145445055544,-1.4232900147258434,-1.0319823018303171,1.537802638537107,0.5309604241806047,2.921269740179409,-0.6358183106871256,0.3739123193692275,-2.0059769492363944,-2.4421823452144915,-0.4414060918266526,-1.111073880711966,-6.641055011973268,-7.258851264590143,-2.794380460260898,-2.078700388384165,-0.2651932582988581,-1.7560291817742393,5.560064266051977,-6.671646865977488,3.8676324646112534,0.4981766914491644
-1.224767055157003,-2.1884532382842536,-2.4426153932773884,-2.743922527406458,3.25755509694263,-4.188884929885604,1.9940311446951402,-4.741794237789533,-1.8502983880379438,-2.0191023698016664,-1.6777061075371114,-2.129954437676637,0.9516973885218046,-2.4978351983040574,-5.374315187975703,0.5819980778443972,-1.863573199969287,-1.3610430550285226,5.470752478479611,-3.5364493132826786,-0.9222951956460774,-6.5619005625938565
-2.0459524819560455,-2.0555349142006825,-1.584512568489671,2.235633742219877,0.0650783479640356,1.1223377630863085,-11.365076437014402,-5.517908693197634,-0.08990664292260214,-1.2979741785808974,-2.5066118173678276,-10.360870042756304,-3.616925730095103,-0.9425249791421703,-1.4776885255761798,-5.437588176275739,-1.334653313677646,-0.2744945120256532,-10.597895374675907,-1.5189916390112963,-1.1272067649885107,-2.5687320409643557
0.32667074797145723,-1.782715851601152,2.2700346167268726,-0.8663165572794311,-2.5836241946080083,1.0321374825929732,-7.661640537343189,-0.02970201474115595,1.3546080746964684,4.60577029981506,0.5712743540383353,-2.5643507113960538,-2.56545669861237,0.4486029954389385,-0.5665433222964983,4.23219705105659,-2.0432942349051233,-7.433159135129206,-1.5642646093540815,-0.7254523506149485,-3.7777201552099196,0.39140923591958243
3.1471584721700268,-6.853795381394397,0.42814938484110343,-5.678234432936722,-1.2959667702221707,-3.4097224501795367,3.2763247600800987,0.24310678486056989,-0.885347906522981,2.008953755048181,-6.596787571587154,-8.858285182778292,-2.1950116477833106,1.4397513492666936,-12.41424677037018,-3.8806966460217307,-3.1556441404558964,-1.0218969064343233,-0.5449076435951585,-7.289142463843791,-3.178506619551342,4.551940586231185
-3.801571602858418,1.1038078824091924,-2.0069906605912617,-1.9079786736907414,3.413123322323521,-1.819682793909605,-1.2034696843748067,-0.748233746766629,-2.8338494353570094,1.241052511190145,-3.703238493728445,-0.34444652457398217,-2.3290573220168787,-0.1353408177011768,-1.8532397792076933,-3.5013591816273704,-1.2535349993031029,1.9911879921366817,-0.8274238046214456,-2.11644148943399,-0.823962348193468,-1.1085113887534037
-0.8970484952693806,2.615005749111337,1.7800944231747036,-6.516014665736626,4.75223458392989,-2.0407342067748355,-2.1862134955126833,-0.7679849657728628,-2.5238138688969425,-7.140377148660326,-3.762744359529701,-2.837488445228564,-2.899791288207219,-0.20563531320759612,0.06489552159272552,-2.901287396701029,-3.787908767620131,-14.082472348331098,3.0477460532758416,-1.5938463835991556,3.6666948386231173,-2.371321790339278
-1.860849686347513,-3.2919964149733025,-7.624982597287799,-2.6981561340487716,-2.4236459352841333,-3.481909448313311,0.4349228461479434,-1.548584154757254,-1.9204530111816402,-13.049746578769403,-2.5908668278134575,-4.936872154001425,-3.7369309081261703,-0.9230546065551981,0.7175827027041606,3.1382420144630565,-3.110732246128172,-2.165475292955003,-0.8085078590789292,-5.852150865472826,-0.7110593134768709,3.273341094493429
5.797203562876325,-1.5780944958924041,-0.04533638882923976,2.041838623368611,2.3487932335272586,2.1555195342708577,-1.6319108346045126,-1.7402968752498533,5.278027871255143,1.9868274584566779,-5.194102117210005,-5.243062813225179,-2.079787798375314,-2.3879422658833636,-2.067813954168723,-9.683582365225154,-3.0063854305676263,3.4187991355941847,-1.785017883431459,-2.333651156897226,-10.152194849746232,1.2538522029077048
-5.730181840166228,2.1647748302126812,-1.7499421251763225,-6.065423051660791,-3.7577412213782155,3.2072876684967397,-1.648114459298534,-9.538769090380876,-1.2036748378509707,-1.3965959810094133,-1.5216115177334222,-0.17036728485348476,-1.6217677137028919,-5.07154234190514,-1.4890456454261751,3.9856750826506415,-0.8895688370123959,-0.8965787651517947,3.565508220209876,-2.1665504795471304,-3.2355435087653888,-6.42869618814518
-0.8933668165242681,4.874982182516171,-0.3233053721448234,-2.459200024244621,-5.65721850503673,-1.228577272551007,0.4767969582650565,-2.1589947861095125,-3.1917053351224856,-1.8564993704205774,-2.52552804607222,-1.5866050805431184,2.944544544141159,2.1380341757768466,4.8781924812097035,-1.8383505513617933,2.1868088647089987,-0.7799380038287498,-3.3186318536456287,-11.705755109290148,-1.2205738459979834,-3.148173245052999
-1.5644247502639932,-1.1289314324643533,-2.001251380412225,5.22579483608352,-2.6994532430675315,2.883819555758074,-2.466778914669355,0.4943939966464302,-3.351669502462114,-5.616520383770757,-2.0503293138687897,-2.5955095951915075,-2.578785100065768,-5.899723006855696,-1.4750364554190534,-1.7075303028664632,-5.535984080360759,-5.507990885329203,1.672090382468347,-3.463333151344144,-1.758576408144334,-10.709466843144014
5.542681837614472,-3.521556578398488,4.096785154151996,-3.1807645492317778,-3.441877674563534,-3.359896520974451,-0.6142555981651935,3.3932916656095964,-4.825391372250904,1.8663976657047592,-2.3625433741181956,-3.646232423490152,-3.2017512005215107,-6.975083442232048,-3.7254400246071,0.5836707588278182,-6.4985329843202,-0.32362247199580574,-3.5480641987089063,5.173293169093317,-3.5020684529714856,-1.8370668564701922
-2.3533434920461556,-1.6648387061212222,0.22811730859570345,-3.446004145352984,-2.349872329177084,-1.8344046299537113,0.6721247662215956,3.436354749253492,3.4309876403313018,5.3130379058778425,2.578377259468527,-1.6423068232161104,-1.2630649485848113,-1.6369727067976505,-3.1738408242600022,-2.063432057232448,-6.884895597889826,-5.960932405413931,2.836440136754023,-0.06656616346137682,-3.233231734556019,-3.663827261502992
-2.6600026424985077,0.7087865278874934,1.182714261687863,3.9532560842494813,-3.1008155966335305,-1.4790224224822743,-1.805655967128393,-2.8812492597102928,-0.27810244129521916,-7.821972769753541,-1.8746627615933875,-0.5114969031868106,-1.5399799953826059,-0.11048846860208354,-1.4054566044747454,-8.179978864350609,-6.1804776133404395,-4.785117061738548,-3.377494799781469,-4.3195671830708555,3.076859868702248,-3.363415357208362
-3.0552582411588367,2.930919546572664,-0.6332876897217339,-0.7285141052619258,2.8974243080552036,-1.5193198501055492,-2.0170720304141856,4.879044357903738,3.7784041229145617,-3.500821290676546,0.4351115986843491,-4.295434080024513,-5.333676753223011,-2.906931576339059,-4.242908705981642,-1.224487339978216,-2.05608671536913,-2.1976760802069393,-0.8791677681148408,-4.41963839885673,-7.982374395164823,4.142704006601681
-3.5884754411443374,-1.477715132535619,0.1343904206274521,3.7605048068034153,-7.718823956235987,-6.114496725853932,-5.7782350479645315,-1.8263246293434208,-3.528310651819813,-4.7786837925223224,-5.661928535063493,2.6312538798844414,-5.509811695447406,-3.6908506242852073,-5.048901635518957,1.8950303751063753,-0.7711848132248591,-2.7523819453197524,-10.55032293277424,-3.2443162245677644,-0.7208054643688266,-5.6694022224528995
-0.40901233918824764,-0.03522879523998979,-4.698537588885054,-1.1316676331823066,-8.805062098347449,-6.60753215327637,0.08929799221795455,-8.903513369335457,-1.6913356277575737,2.8358717792296324,4.791526305410986,-2.5893545635439037,0.1609706085035189,2.5716889517783565,-0.4570436147556082,-3.8731210754969623,3.9889914963257227,-2.0290882767430305,-0.9731843444607908,2.592936365815286,-1.4916471646554592,-1.3580143423884166
