script/wind350m.json
{"header": {"parameterCategory": 2, "parameterNumber": 2, "lo1": 3.000054539987559, "la1": 64.9999836372058, "dx": 0.5, "dy": 0.25, "nx": 34, "ny": 52, "refTime": "2025-11-21T04:00:00.000Z"}, "data":
[rows 0 to 23 of 52, columns 0 to 33 of 34]
10.771905971555462,9.911147614037503,8.745691360832213,7.423926937715167,6.879798057222214,6.950672566373628,7.501942884614496,6.628258566911929,5.885266908229279,5.540414748771675,4.797280262940552,4.19472575932505,3.980915333281872,3.8618987328220533,2.931150110307224,2.5233186575159556,4.514339082021701,1.318741279117346,1.6458352984422324,2.0355170799070863,2.4084051514107094,2.3273167141680506,4.271023559639712,2.698743554951101,2.9948713740450557,2.014255574565514,2.007901845509798,2.5361377335235096,1.9697309454581708,1.5707778162896513,1.0738166407725207,1.7160099665879995,2.420461253460769,2.277408389358153
10.2885196686399,9.485201148062608,8.7928013685151,7.829326719527936,6.839011442282046,7.581857530908593,7.54957121411992,6.449573782039951,5.837798757059878,4.974484298175598,4.398319030194642,4.0083073950369155,4.0137403669344796,3.6619990426059563,2.3840994012155,2.062979911200368,3.31495621540823,1.5112416740697185,1.6095578559064219,1.8368956505562026,3.697273694405332,3.596464117914945,2.4901392467399375,3.9672365545572315,3.1691628099471205,2.5345150159938408,1.6991796078069974,2.050744408907691,2.1550729452594375,3.011427297536008,2.4076536127249866,3.2692591734492247,3.043820151600439,3.2663119640847693
10.153821661792175,9.393297912389015,8.879958757893013,7.841854216897371,6.929192904671759,7.2368897350356605,6.939033215215083,6.4680985841728535,5.513559139117452,4.679837548835682,4.294712947149018,4.148167693133799,4.285906874641431,4.10133331812829,4.256216321618059,6.095111642323701,4.479976108641609,1.8100246161778228,1.6402193413400623,1.5532396140751228,4.760300647080065,3.5121198900727055,4.940626870355708,2.3831657551217944,2.905207240665262,2.0131255522755223,2.3425928212073837,2.2124456982850136,1.600436588982323,2.815567623115058,3.1773949132638597,2.8359517037007724,3.186446265077684,2.528558302299537
10.111585396743518,9.509732655374464,8.972272214403416,7.851532491645754,7.598835463808404,7.2485071091005455,6.609460432240274,6.15091663618539,5.28849805856396,4.825118047354619,4.775343930148895,4.758553554492758,4.748614364334561,4.564186561210779,1.9776046521117803,5.952692857572238,3.374253593026521,3.0155661869798007,3.368832391545197,1.8805883260198384,4.180938705623017,2.485932455247305,3.824723632004107,3.4162505134064873,4.39523940085026,3.3137981438939663,2.2918632024087855,2.4124339458531274,2.54674704831917,2.091623341030628,1.967177420066687,2.1127219879685617,1.841500804761523,1.748789385825242
9.163514233649307,9.136186516707523,8.693181601381282,7.587055844051037,7.19822687307012,7.159917746095565,6.421710922386688,6.05637443144543,5.568462692455361,5.162867535689272,5.254499986427719,5.360736719107732,5.06501968504767,4.654873912419047,4.429646158717179,4.0561288873143235,3.7955763539432916,1.6449085487023822,2.437334792785669,4.301991752310523,4.113263291164446,3.163588993119113,4.230431491289417,2.417529368440621,1.2541481616782766,2.490442379306841,2.1958743177032747,2.261109631656098,0.7945774183160393,0.8600222691658074,1.567422986172481,1.4700112731631079,0.8336725411722481,0.8085100887863358
8.637798071252009,8.853063119674651,8.270238036506797,7.002298744437356,6.761456082234805,6.590189695337343,6.348970993095744,6.047592358083997,6.014920215224415,6.189633134397657,5.995656504098413,6.266709088833014,5.382902788341558,8.811629316413994,1.693234859093698,4.200456919536724,3.955576599868158,3.7838323718857567,4.839746000849953,5.547557856729094,4.082751135478532,4.3096884320786994,1.9572225805983696,3.282748945646902,1.248886173160711,2.2404968692117775,2.876711993607921,1.7596526152709346,1.264773666941896,0.49750851775496596,-0.1372878117153035,1.083392027523914,1.008456602193778,1.4078670944665204
9.032694409280136,8.494963086278673,7.9392967434061905,7.334082637267285,6.721910564773195,6.351918125658284,6.25472375309281,6.028893054474361,6.184283750216364,6.104073156893676,5.742217360930898,7.919314905437518,9.189114692710548,8.906659211960681,4.469287608271715,5.613408035297378,5.575258810412898,5.097816361241285,6.059098073972411,6.349092235380346,7.299987328204752,7.356872184689805,4.569395957039445,2.0083135336030558,2.2559025851230863,2.3408165893297577,1.5125565194792963,1.740191957393557,1.0627215582860665,0.8588655444341206,1.7313930491563172,1.8162663271815853,2.5874741971763386,1.382854645617667
8.742001221641804,8.064224556632714,7.362163984077228,6.875043294801224,6.72371923298228,6.442496532119311,6.199014492492243,6.253220333352293,5.886640711941377,5.302900110264795,7.545685643237357,3.92268464260616,8.127531171676013,9.71623245667201,8.67182634291224,8.28582195878815,5.798153598931086,6.231327839205247,6.180389136837173,7.979473470110156,9.3597449340819,7.8010643931568575,5.863183037667314,3.4807255304856723,2.9905868481715143,2.5678631546014334,1.38969131304285,-0.01957566821241768,0.5333913326020892,0.9416380064467433,1.869057165757618,1.739208589270958,0.07852868494628343,-2.132111010012248
8.533479949771676,7.429353077646992,6.860169799155343,6.489701318640581,6.254434420499292,6.021889249146434,5.0908276661100675,5.629135160608297,5.004688438288362,8.055224802767018,5.218822369878771,4.544510228967142,7.9464323049416405,9.203964972519644,8.082073367823718,6.025520469871669,6.72351261241054,5.936297957236519,3.4056887878065076,5.8408239173294,5.89562731431575,4.2805542278009225,4.420978990528832,3.890031647656892,2.925403828888427,2.6381062775651865,1.269625332993748,1.1570737999331409,1.208336649742439,1.1458858824004106,0.3624830084591502,-1.2229652814062164,-2.664247175310962,-2.7248018452651603
7.803388246378772,6.784190285968944,6.157507660258137,5.857522709643184,5.613421956522896,5.925926610301845,5.2487817127604295,5.829003164020592,5.329344782513393,3.8894176286504303,1.655253628560901,2.0352971530523285,7.1637534196398285,6.643527501820263,3.757788619884139,4.8605806221039245,7.202786465755019,5.305503142541421,5.686922338307375,6.262406997980023,4.85350590974109,3.656880847065152,0.9065230684249348,2.120324836429623,2.632851835963611,1.9559329389157873,0.8395924778974917,0.21220085484111675,-0.9432298542140165,-1.3846679577422314,0.13714845615691396,-2.801803534488426,-2.342470729378495,-3.6213107775291236
6.900346402009647,6.204353935072027,5.596676383900416,5.110551569823704,5.280394229992042,3.8870691174710474,4.8728750492918635,3.1527191647554127,6.006332216116185,2.7177443535268555,6.535245082457145,2.85651410639712,3.8345422288422863,6.585346737653604,5.164057239682707,6.048013198304831,6.584178515484608,4.564210058715844,5.173825101046436,7.013632078853507,3.7706536499894296,1.5276366363771579,0.007152617658410557,1.0699721384184602,1.2737081923589253,1.2494710187171971,0.719128875737166,-0.5399261042918996,-0.7667538447782011,-3.120504626170289,-5.0717232186600665,-1.4043446412320613,-3.11348368399408,-3.811386004626614
6.168808101452342,5.874159703577928,5.203495486380025,4.445815884250131,4.794778807271302,4.5247303510218,2.4553742864248744,0.7923809403559156,-0.15661654125145527,4.062513219699193,6.316292051559357,6.987397507328631,5.298129990677565,5.073940330193099,4.430999089825291,5.0852637942507934,4.591890841599701,4.612951326112912,3.351661415884519,5.616854902673722,3.1828153885994146,0.7853916685714704,0.41331649872623943,-0.6154717824000335,0.7595702681658085,-0.4247684655314921,-0.5554793032263091,-1.4034128289867225,-1.2316008302692625,-1.6303437481368932,-1.0017759976361464,-2.091823877447608,-3.3019821643782863,-3.4846214753109943
5.509134225540302,5.312562770699794,4.738371788453896,1.4792169369463362,3.6232082970008674,2.621683965359917,2.239991274005852,1.7407522814835987,1.9068889739415906,4.809316379819419,6.216338774753658,5.416609799650081,5.268974610812731,4.608806669911051,3.516915531255175,3.7402355409198758,5.312972524458986,3.5914970282227787,4.606265455119961,3.2746806272675806,1.8770276027615245,0.7234410751372473,-0.4605102825179668,-0.04063138613117183,-0.05286327407501664,-0.10231314555699067,-0.9921117664059838,-2.3386758990799352,-3.0209769644742224,-2.3259421714320387,-0.7123016292668616,-2.51034587621652,-2.901919955534794,-3.743179778266653
4.785045337756414,5.095558856431518,4.674347672004298,3.2139652148027245,0.9316901793320188,2.7153444264505633,2.68576641389065,-0.5440067247970712,0.8833758426405026,4.651625599594457,4.133262164606635,5.388639514608523,6.194686848127182,4.634611453782629,2.4386553375095477,5.025891763594317,2.6263196443853394,3.131037773891819,2.2092779802584124,3.058916647776326,2.510479345149031,-1.3651686437315433,-0.4779619089248094,0.2911120640570696,-0.5800490505643862,-0.6165719272557204,-0.3471669580272158,-1.2916272954639934,-1.249349601026205,-0.10600450334551947,-1.2035521892937435,-2.5353774161171274,-2.6421907000452505,-5.756478893520936
4.130615955480131,4.1728831388368794,3.5693786029753847,1.538897974877233,0.07336065804860661,1.8230040723296494,0.7051272583629603,3.3268182770751626,2.4585571950930873,1.6397914816391654,3.3923876330366527,4.029881251029744,3.19826120123019,5.797632934882411,6.853021112166959,1.3483557591090694,1.8637120691386009,2.0897469307820886,1.1672062057941213,0.7676837158827436,1.1370736259531522,-0.7119748341973238,-0.9547957509716418,0.1509185857544787,-0.6278022968594001,-0.9147796405267812,-2.4805635135870863,-1.9888376204931761,-2.903930457568438,-2.3466186703354435,-1.0223969745823507,-2.078447478943623,-3.0705091604504435,-7.102955554447352
3.599175510034451,3.1216160523073784,3.111880188854474,1.0997599262687507,0.43501200434703935,0.48666769729300535,1.8867138771374081,-0.3454099658389066,1.2181819658661053,2.845608925199083,4.524738646176968,4.148155239840454,2.7394989906445972,4.077321879787069,6.413204813126901,1.1555998220612078,1.2569821063288609,3.0053361519744666,1.5330677108973183,-0.5831051225984011,-1.3735794030817698,-0.02453500202844165,-0.5455183367374592,-1.2122312392283674,-2.304059606899236,-1.9387728253857461,-2.1607727743298524,0.6680629382525879,-0.7182429367912331,0.3610663969911705,-0.4962237946295194,-1.9314277418986194,-5.171049308280713,-6.659677434912561
2.7522690046586797,3.27269765466626,2.9315464001235263,0.7565654739776818,1.217695973236892,0.7229337196292294,2.7365781564653484,1.529008843558813,0.138025928603917,1.357802791230163,4.395427979305195,2.350423986223103,3.434281591659238,4.723882238191275,2.5739527571022998,4.03915330834307,-0.17103065202896633,1.5273687257026116,-0.24304249359170146,0.41955252583316327,-1.470424323564915,-0.575186661302665,-2.5657423654104106,-1.2073298020440921,-2.383979809157652,-2.876169882113731,-3.7476673704249146,-3.0396418297625254,-3.1323006724635833,1.9010652485337398,-0.7320236458653233,-1.9192665010384005,-5.678737418249685,-4.340518930917016
2.3194941041930695,2.4940289468723544,2.2734909362306768,0.8534527953657673,-0.9709052652382483,1.2482038119496817,1.3000200855590136,0.1760515416857589,1.263310673566921,3.0978066565861586,4.432328667469935,2.7325740460332852,2.7969619237933308,3.0547792627983195,0.912507805678214,0.5781830574271178,2.062598445906876,0.9897903444548061,-0.460010102520197,-1.7958625125075045,-1.6057733158452379,-2.059115114443614,-3.0457066344289716,-2.8014698304816044,-1.3872737376789805,-4.251309078573521,-4.315185822965654,-4.069261269781086,-3.1841840722045616,1.9149438971125345,-0.9611034775719716,-2.9283133205687912,-4.424206660833431,-4.0816100519463525
2.212476748105083,2.5477678200495126,1.3007277386410894,0.4136350998025889,-0.3363056822651097,-0.21347768648670598,0.8107323421076459,1.14088408222394,1.289474576209937,1.7690223385178392,1.748150849614136,3.338026451411114,2.7269484523317713,1.6469918733874929,3.1956229456013396,-1.2332987101836483,0.08291702417765966,-0.511980607732363,1.5943819313211678,-0.8666724026764767,-2.2395006174061085,-4.09125737843013,-3.0634726744789837,-3.2502977185268405,-0.892069911183413,-3.937897196123211,-4.620701558611868,-2.1208070620102633,-2.9076727868471166,1.416521314342064,0.4860166324573371,-3.6948936333203024,-3.3494157745636173,-4.75818022753431
2.993419708798408,2.0372538371288518,1.4200041434740789,-0.6077582669088228,-0.06090480951860412,0.4741493012718549,-0.14537051090908212,1.894137966617807,2.1027728595217328,3.2818696044398825,2.6828349917915686,1.9779247117158296,4.375001311931487,0.9352847148324663,0.42779224529613685,0.08860547182694076,-0.00929236383562582,0.47267151453427486,0.8203393041093189,-1.4577836622123201,-3.4803602947114167,-4.539986671835728,-3.7303103389423504,-4.430138595342459,-2.354030383091716,-4.1287359589229045,-1.7042607888292156,-3.459918469383838,-0.15131435937243592,-0.4031607204222138,0.9972359703129646,-2.2286959756637934,-2.7468655730933254,-4.19810774196184
2.9224983752732476,2.6752414832783096,2.059498116110104,-0.22528236138522076,-0.0678891295937466,0.26632545941557234,-1.0662813466618766,1.2328253233880364,1.6793305243798438,1.8064344755851578,1.7541721993303996,2.7459482182877286,0.27544468078046935,0.37322452942595113,1.6069092874897344,-1.4727564638310888,-1.5152516290407558,0.4578206146479843,-0.8918768480889162,-2.0565918100281997,-3.5126250199888354,-4.77748609174954,-4.332188777502071,-4.804271263728947,-5.58819706226496,-4.220276985577693,-3.673878419844843,-1.2648108887571214,-2.9066770888092552,1.119121904462249,-0.009640786223897527,-0.8992710229533143,-1.6855891444991746,-5.176306893949681
2.894570895633695,2.340602644119276,1.9127939944232384,0.2027381897357469,1.2736061436608694,0.12639950293771426,0.7046589563312565,1.1071844269912698,3.1229892154205663,0.7886157369351934,0.0652418254205274,-0.3117350842026379,1.4278471920702498,0.47187690996868226,2.654189505621671,1.2780191644126402,-1.1338112048109226,-0.8197662015946865,-1.6349435397371859,-2.6318885416081073,-3.673067066345694,-3.858455552802694,-3.6008792225706454,-5.715435325237166,-5.209117027047458,-5.942027739117553,-3.0285189112998125,-3.9984245955510054,-2.4754452193430314,-0.4039595979296489,-1.290331348148307,0.02558789257065608,-0.7659545854728632,-4.752286758635273
2.953909766089295,2.1587919468504793,1.6774031038074493,0.25989739714188664,1.030288436042344,1.0584555665229884,0.8347565662232946,1.128444061666434,2.275489961606884,3.766803517352531,1.8866806746801519,-0.40629679758916787,-0.7347714538730946,-0.8974563775353573,-0.914597077996943,-0.5183191355387229,-1.4657143677145033,-1.0657732632228647,-2.2157058593113854,-2.8781908970302017,-3.5179433019510498,-3.4841321977059723,-4.779792122008692,-5.174842249596573,-5.066466564187831,-4.035355671830244,-3.2326457821097043,-4.169396649432374,-0.5947773230167861,0.5863462930857373,-0.6544882593423538,0.2658540507888871,-0.3439912010245232,-3.7673944923962894
2.4116909318683155,1.8532004488134997,1.267890105738337,0.27076375434882627,1.0924432828080728,0.7683831255498121,0.7619953770796499,2.0201752893312013,2.688323245043975,3.263426491018578,0.02511022338017528,3.3719395317393124,0.6075697197034557,0.03790222567990138,-1.917146271625296,-1.2858045935290667,-0.9064417711227849,-1.9614377945314,-2.5255714267220073,-2.4079641470207096,-2.611650375997167,-2.7015427874161553,-4.896441613791825,-5.306421352782675,-5.941851322624674,-3.660652842236557,-4.389451018662051,-0.11439339087314244,0.6690465325772498,2.805810576713993,1.289562894906865,0.9119516153437901,0.19914736983022782,-4.178583274810489
