script/wind150m.json
{"header": {"parameterCategory": 2, "parameterNumber": 2, "lo1": 3.000054539987559, "la1": 64.9999836372058, "dx": 0.5, "dy": 0.25, "nx": 34, "ny": 52, "refTime": "2026-05-31T12:00:00.000Z"}, "data":
[rows 0 to 23 of 52, columns 0 to 33 of 34]
-9.0949823923223,-8.917744291692959,-7.9895975408029365,-7.956105315468134,-8.173067326015078,-7.820373073100714,-7.658239856977784,-7.249314029393684,-7.478169412329627,-7.422663145080615,-7.6151482842957305,-7.131682181609146,-6.439540946104585,-5.453099899188097,-4.45321033970867,-2.6555134233776476,-2.792956282923709,-2.405255786182986,-1.3793894529355815,-3.8571801426614334,-2.739545157888068,-2.93118047786858,-5.768519491593732,-5.3589166486350255,-3.683630823291615,-2.861191742504781,-2.6965291595164733,-3.8945347072679284,-3.3344108485987345,-2.9715338271291754,-3.0940332641788144,-2.4479487372571835,-3.3401415239769237,-1.5425283388600224
-9.208849568594239,-9.237121763242254,-8.443870681319012,-7.955304139780808,-8.365643267582819,-8.085224147568256,-7.783896470150502,-7.360087138777624,-7.119683069616022,-7.58575447667488,-7.2003844513445925,-7.120150506343607,-6.1845639200449245,-5.214129596878599,-3.362742125571586,-3.2232568393357375,-2.288611825885267,0.05811263026550901,-1.5428079925742262,-4.618727793655541,-6.503371834984675,-4.321625188614426,-1.7433384659962772,-4.918028465277118,-3.280789316575014,-3.6512368796903854,-2.2179926069339833,-3.005695062562594,-3.132942765893459,-3.2124904233340446,-2.8292249507189013,-3.0943425559003668,-2.7611889230285374,-3.385042617336078
-10.229797832208973,-9.75298016803298,-8.73296007906751,-8.867015927007147,-8.253953516083024,-7.688246519445257,-8.024963466887936,-7.716893881323792,-7.409224225358564,-7.175536451817836,-6.605039352759465,-7.061892366033419,-5.9699352894174975,-4.0689091204883345,-3.6406622628578447,-3.523434172935977,-3.900790216775726,-0.04957447045983057,-1.4765623742985516,-2.2740711470189483,-5.597714359089752,-5.171087667863957,-6.9574333527645305,-3.8007492931496603,-4.919138197753237,-2.482466060384396,-4.135002095507725,-2.5076600687264583,-2.968450143993989,-3.7821783063673937,-3.9948898584607972,-2.7477907252195104,-2.779912943485842,-4.011333761146647
-9.895204657810758,-9.893276281107859,-10.002617212030907,-8.936891861677696,-8.547569733595752,-8.111959365488174,-7.920322625357291,-8.179406329698798,-7.279702547405816,-7.111259785973266,-7.081566551170407,-6.510910680471562,-4.506992224148723,-4.142632496183518,-3.4416073869147636,-0.4195535898825373,-3.50649803486073,-0.8674508026392482,-2.3646480344298006,-1.9376267637710416,-4.345648387984346,-4.948932180118148,-3.4059800584716755,-3.1384967060809035,-3.0310080887382758,-2.5056999144825416,-2.8619614525832673,-3.567001263686664,-4.223338559316832,-3.268774900793662,-3.004630353766988,-2.6651521032009855,-3.501945466055857,-2.8977639472103
-9.17410004554588,-9.831007827681178,-9.764934066775366,-9.468363581355442,-8.536933519141915,-8.127163673602588,-7.721739421553575,-7.967237089979881,-7.851965937700152,-7.657034612566674,-7.682747891914831,-5.665625072724114,-5.143979165787907,-4.040982114801076,-1.1988973928098907,-3.6521961280057207,-2.700129678044297,-0.912275485117843,-2.276641440047344,-4.379682981231385,-3.9373657518216674,-4.434963927132582,-0.5425572592593711,-4.6390704342020035,-2.3751006836791273,-2.9183555939044274,-2.7478061541160135,-3.2070978688911542,-3.7943250417139893,-3.1166442174402342,-3.4671148906165166,-4.70840200285624,-2.8484095975913983,-2.9271144822553152
-7.758778086419521,-8.950689060856838,-9.377002950705137,-9.492496459777044,-8.825450124083893,-8.263545497267005,-7.770272271585496,-8.183454561521238,-9.087578743188766,-8.830820725011396,-7.3427916039424606,-6.865392869219048,-4.741042152502675,-3.7751242360722026,-2.6899669507745747,-2.5107310873671436,-1.4188972122328984,0.8314005569392017,-4.795361277447048,-5.514870778791043,-5.109956516898551,-3.778425295569391,-2.818869583686025,-3.0872054254641963,-3.1710711024269056,-2.1575046956970656,-1.5914326822998957,-1.3758478733414974,-3.42866549317497,-2.749545137885472,-3.6548000779407928,-3.064250007873486,-4.089734253062892,-3.191255240896157
-7.501220084509978,-7.9116169681146395,-8.568963669220226,-9.077289253508699,-8.999999345895768,-8.457940242589123,-8.045835562588051,-9.209140064470104,-9.756603516298135,-8.942553415894533,-8.04382893481674,-5.445563924815933,-5.394877725088297,-4.384441343745193,-4.483395797768752,-4.159880647487996,-2.452385891742475,-1.8242258706299797,-4.000070553033939,-4.491810097691697,-5.351332730584492,-3.832250236522977,-3.6021167308384032,-3.581154327683513,-3.091499425615539,-1.8413515379839929,-1.1382713813632421,-0.8389625084445409,0.41389980409981414,-2.1797701749451672,-3.806344283821193,-4.220059275450883,-3.4612406861655907,-3.0217979702802604
-6.347171889336982,-7.263532662698389,-7.639537295274878,-7.969803143660241,-8.490092763089095,-8.28811512807946,-9.012747649720078,-9.446841116365617,-9.182034156213767,-5.766447625356119,-6.443315569463486,-1.4966403432827646,-2.1706791321623817,-4.180702844209905,-2.9103837267623036,-3.5282001549162603,-0.1616130536827046,-1.7480729422105252,-2.244621068451227,-3.9893711834105354,-4.590748500405971,-3.813172728563063,-3.4620793393073495,-1.6609160622091428,-2.655545779089181,-1.848663495533049,-0.9957940126993116,-1.9605171062339624,-3.9076454587205864,-1.9076142523960817,-2.4420371539388506,-2.9645065992786703,-7.359906500176633,-9.700660929978355
-5.0895152055427495,-5.342640768225904,-6.005275869669232,-6.2519415095762865,-6.835941097523003,-8.062070327895096,-7.838447075534003,-6.298644494274928,-5.554970224358997,-2.3264813470630044,2.687020257800832,1.9374548246129981,-2.4871155561848397,-2.839601667197733,-2.553359829776572,-2.2068032445028933,-2.6381988513534456,-1.731932404013855,-1.3260550122054846,-2.7098262793328156,-1.9726287557363713,-2.327429908719441,-2.7093756318099564,-0.8796976289163976,-2.125622160683738,-0.5748522943214657,0.14101016736794636,-2.279289123478071,-5.603998122606465,-4.573978545151323,-6.318896529420592,-6.463800854059182,-11.801015664841724,-11.280544843246052
-1.86995124487218,-2.5208703267968264,-3.701382110389373,-4.248095598693788,-4.601787792838392,-5.416085462765018,-3.5575569200995503,-0.36743929934503616,1.5575283469259231,3.261299134060019,1.8707667539882036,1.0334350456787456,1.8539478609254163,-0.8354934663938548,-2.156085591197012,-0.8551457231006734,-2.4367435924881002,-3.6709422466002044,-1.5966659343166858,-1.1548045495100903,-0.6265352669043733,-2.259533309804082,-3.1485090296108678,-3.7000649927438145,-1.1074217478649189,-0.5074331521817604,-0.564372325606335,-4.557547406898268,-5.623148782274948,-5.049030480388684,-5.9760256004657135,-12.0958470763431,-9.833341553215432,-11.741179500789006
-1.033788669007791,-0.12543608398527176,0.393860830746163,0.6708309396170917,0.3570515509950642,1.0280915582636496,1.5311403971236333,3.2100203175174773,2.026309458303396,0.8735224847421861,0.7422408534610196,-0.628963190730357,-0.3770229552022092,0.055966880380854386,-1.289714933214031,-1.7508138093063066,-0.9007707861352732,-2.699471930705722,-2.306808806467943,-0.9767909360983181,-1.7471986961888213,-1.1267735422733085,-3.3073013042323547,-3.3970224839740775,-0.9040790192237759,-0.7289299003072665,-5.7119375807562625,-6.007062720757026,-4.225576285541765,-5.7803678451704705,-7.046739217941411,-7.751202963366562,-9.293564065739082,-9.506342953830274
-1.8518790322449619,-0.09576744311282002,0.7445909897279887,2.1065517090664647,2.8985829667502387,1.0015876075958814,0.7979285853380602,1.1009236849396695,1.35934270674222,1.3154576546261263,0.824352560206153,-0.04538313480798335,-1.3369012665264344,-1.5589853277614343,-2.02058931559404,-1.2140556822234123,-2.967214395999549,-1.2592392986610872,-0.7137396373373672,-2.0425214061879324,-2.3610959701941154,-2.7459385437702277,-2.5694538648387275,-1.8519899423350437,-1.3545695044284107,0.34917428872516487,-1.9429384301234784,-5.082658242391838,-3.9614783511967397,-7.549979239533963,-6.0422420044951535,-6.389957840956235,-8.54326917061007,-6.868615978804076
-0.34326442100186716,-0.06765770637778447,0.925623145001325,1.6699241647455882,1.6421558798918605,2.3553358120961074,1.9528756872510136,1.313739689971881,-0.1560910135609145,1.1035521890617526,1.887031829325538,-2.3391977831327013,-0.048589721215552696,-1.9370691078011073,-0.6700449476021595,-0.9607229448107142,-1.7512415177376943,-1.6201293450690206,-2.4485278340588095,-1.108454330810906,-1.9328766573995333,-2.424174808551811,-3.2565174269198245,-3.2572987429972327,-0.621056598872997,0.44566937913960747,-1.1614179563813412,-5.47808967799985,-3.4257874291161166,-3.4081895072167043,-3.587940401464394,-6.155963309237161,-6.289455919692308,-3.6146869838305125
-0.2693925158150194,-0.141147988069056,-0.015149043276846642,1.068054582755319,3.227310849685252,-0.2609089796970593,1.9844587065772452,0.9322240529807166,-2.733072190413168,0.13708478630757384,1.159290783740561,-0.037911020321292024,-3.254896767151296,-3.003110226087403,-2.025970390741294,-1.6748302123441743,-1.6982671340597604,-1.9552218888842472,-2.9677733989920863,-2.8702203116013267,-2.5053905246222494,-2.973998534381995,-1.813819586504671,-2.897735758973163,-1.1277377737302032,-2.3600025108904235,-3.4732632751081893,-5.569418594810981,-4.709871986807,-2.655197545829196,-3.4704058934088824,-4.541823421712722,-3.599203157048417,-2.4336301230619615
-0.31201944887190786,-0.15586854118114643,-0.16271864367303812,0.5469929532406785,1.542397481039473,0.9523256115923929,2.271710877180616,-1.3900215565262704,1.2362090311190796,-0.4834121092011989,-0.6175449059600512,-0.7888050717131504,-0.38081395105294885,-1.7259367093268574,-1.7521149025221396,-2.610770868097018,-2.482768656313834,-3.2593590379597948,-1.4818145561634872,-2.1388472598086055,-1.5477076780852232,-1.56114240324043,-3.4215575510743035,-2.0839111440000817,-2.1216564140909413,-2.827800500766469,-2.494455371786174,-4.540352658917104,-4.339935933640955,-4.880087493349686,-4.739856589436058,-3.8208184343096154,-3.2563479450308592,-2.0084936590073617
0.07129062141973509,0.07692119742851566,-0.09585408736140542,0.19366360381529762,1.2459163198778356,0.6801439919728003,-0.9779224401161343,0.27782112917536367,-1.0499723922551953,0.4565256107612907,-3.5375458280963863,-2.844902239173956,-1.1898925764220603,-3.1567927955566946,-2.291923164201532,-0.6080553138827236,-3.2670477064369776,-2.985108400700697,-2.955077577238098,-2.3572986030351357,-3.1638225242987903,-1.561514840320928,-1.6181563768835714,-1.5341675662806784,-2.553526263256499,-2.667227887414116,-3.9895175427502134,-4.835340194231797,-3.5238768474785456,-4.937867125378621,-4.27111489808092,-4.026351619625975,-2.433161437423073,-1.856818327033338
-0.5770677201379683,-0.5828375873350673,-0.2983075208271533,0.3884867044175262,-0.21078519154824837,-0.15342459035400285,-1.2105968066312538,-1.1469300027178588,0.27854730292775903,-0.8057602027140373,-1.2996054351949307,-2.590715594377155,-3.4200955211971595,-2.9705770834850056,-1.8046336227624076,-0.9174401017896837,-2.7734019958919562,-0.9237519928014503,-2.4289698763649756,-2.3457384554226035,-4.053333452109696,-3.7493044744327966,-2.3596205856947146,-1.2581993550971282,-2.0047417922016044,-2.404187599526973,-3.1432135271975383,-4.47792980415182,-3.2795350200138955,-3.8959205434048454,-2.8282793216513458,-4.152271411059456,-3.211405555303799,-2.5272070584012614
-1.3373305956662422,-0.5308355264195854,-0.47424408520939365,0.4065725609188283,0.08485081387684804,-1.1197588670116763,-0.48534999847989324,0.07160008013946434,-0.60787436555061,-1.4830017251728642,-2.684127132965054,-3.4953276150677226,-0.5727394056162466,-3.365557188100632,-3.247885755048031,-2.1378300241054804,0.07143091174525729,-2.8781400222461633,-2.288294719651606,-3.914776145412673,-4.2707926533637135,-3.33844861255964,-2.8831668993729753,-2.5013385467344076,-0.9680674353617585,-2.290689963989379,-2.484158371066193,-4.616114093263249,-2.9744636579022616,-2.03747179148215,-1.6320025490487435,-2.428453375773297,-1.8640617725244644,-2.4255853842395285
-0.8717760582752866,-0.28899556455983494,-0.03527560171479423,0.5060328980650024,0.4909634193789224,-0.1423130518577749,-1.2290159465046318,0.13887169580327816,-2.2971997109918774,0.03795929735613711,3.401619195819039,-3.710928120589859,-4.439604301302637,-2.559637179437981,-2.713838048685851,-0.7623801444123492,-3.1735275480665264,-3.3897407684474157,1.2676720159337,-3.2234943827578704,-0.02113592201322889,-3.829833509936624,-2.349189613220167,-2.8315109718109914,-2.0847700078896314,-2.392183051931267,-2.289585329621538,-4.817975761861401,-3.419398796808062,-1.7619774481923596,0.5766896249286578,-0.900565143586927,0.4136295864197104,-1.7277459021059607
-0.7519816762896053,-0.7635923790711111,0.11146600975327589,0.2182342919102794,0.36664719380594873,-0.4008579407720116,0.3423105638020409,-1.630189831724674,-1.5366539438315459,-1.4571793630718568,0.2777036650987821,-3.0257953490798086,-2.0119252581485894,-3.1930526810265283,-3.5091884058977794,-1.973939895025678,-1.6423217335268276,-4.260351672140111,-3.008152601208913,-3.0990710055852015,-1.1983346499434124,-3.4388742459571495,-2.370441356662747,-2.0443462603639517,-1.2734040945515144,-2.153240801554249,-2.4998391637327613,-3.3626960428367676,-2.6997752513285067,-2.1682167245903203,-2.043729177372189,-0.3402396804485833,0.44604045805207787,-0.947927008685318
-0.5106540544366552,0.16602736954099925,-0.26371549266757294,0.43936990555916716,0.2616660471235621,0.39766178082902226,-1.28488406404388,-0.9222130804967744,-2.2318454352255794,-1.6721020762677927,-1.0231193859805785,-2.840352262927845,-3.50846325994934,-1.7788689741354247,-3.6284661401789426,-1.6484257571497436,-3.088260979518929,-2.1704927952118047,-5.015091872441305,-2.8755394213708008,-2.2707474751442382,-2.6291708213850686,-2.281000141546047,-1.7580005458540635,-2.4203509213313796,-2.123550140579769,-2.4405212579820597,-2.9911151358665076,-2.621587510712956,-1.24946871003519,-1.8202085719677112,-1.5964765992944878,-0.7399857202835342,-4.494257894619412
0.3453751947282713,0.7861170365336252,0.373970717938202,1.0285594974511698,0.035289704640904564,0.8072599996026919,-0.96437379089036,-0.2501254134634393,-2.8225388884977054,-1.1067804028635546,-0.08911418506424852,-1.2432289304847057,-2.5249175102205643,-2.681034938716117,-3.4568210927546055,-1.056017198912198,0.10113323314824603,-3.92326102382279,-4.054914892928376,-1.5479283372943968,-3.5136376744474016,-2.5320158930169985,-2.8739377256980356,-1.483758002550435,-2.532963601184729,-2.544258293005994,-2.537222768143392,-2.988012971867841,-1.7075552184248723,-1.4115308257030832,-1.5083529900339172,-3.5352003708287647,-2.8870614579160647,-4.372365467083308
-0.18006300947374726,1.5273786123896602,1.0522355828519387,0.9096434498894711,0.7634638182248781,0.8043533698905629,-1.3537440210960885,0.22705226645462395,-2.610596719926953,-4.996795106823053,-0.8320784193290927,-2.9624176239236517,-3.009592687807662,-2.104107428079191,-3.210788947209651,-2.6838105842265443,-0.7042593885597265,-2.1228358030512404,-2.682982303818531,-2.9857612178053636,-2.201497028393502,-1.3698966579717788,-3.3932970225523564,-1.4803808752581464,-4.312890550447886,-1.888337577781866,-2.9213500094313556,-2.8590036951066393,-2.3865890773905627,1.493992435646376,-1.5461840673348046,-4.874757922794024,-5.463100847022556,-4.794512818431467
-0.7975403481151369,1.1901431078780933,1.533347012986955,1.5861468464610406,0.6720869691464944,1.8182733615892521,-0.29992662807608506,0.700382393574887,-3.695957380355322,-1.1667026789757449,-1.56947798384168,0.3746632173686927,-1.0687731798539464,-3.0932007436323388,-3.3907225526132345,-1.4705690777931684,-1.0873485424709242,2.4975042871245163,-2.746327357253107,-2.9727230376258986,-3.6050969241192985,-0.6743891992365753,-1.4718552182351803,-2.0837577587463745,-2.069881514331465,-2.523196482082426,-2.75278315185928,-2.899028624397461,-2.8770870919524,-0.07348174532334492,-2.7292664264674227,-3.5823854365050214,-4.813084351312952,-4.773714746291148
