script/wind150m.json
{"header": {"parameterCategory": 2, "parameterNumber": 2, "lo1": 3.000054539987559, "la1": 64.9999836372058, "dx": 0.5, "dy": 0.25, "nx": 34, "ny": 52, "refTime": "2025-12-28T12:00:00.000Z"}, "data":
[rows 0 to 24 of 52, columns 0 to 33 of 34]
14.2484156373473,13.73148556711142,13.34816535652867,14.731282985603697,15.554039526968785,15.914474654330837,15.844316895397313,16.511346786516324,16.457960453500867,17.481159135742338,17.15710176475552,18.14354515510861,17.503974320840477,16.37423176779293,17.08077139994779,18.310141498825693,12.881446163723538,18.242557985507414,10.745570141150314,13.490069800260752,13.30678890824548,12.499178464818806,16.6099861438217,16.112510180719198,12.756601012094182,11.356787750625097,9.074963422990105,7.726146416944478,10.50818898818308,10.77095115453447,8.583050536312172,7.336881183379103,8.500932303453503,10.184723524890789
17.547692037862486,17.1167480371575,16.552342959956697,16.12328824164078,15.435744183960065,16.69580501930667,17.540957006206142,16.853802183118816,17.544621031640457,16.365211751849582,19.465153717800508,19.29564974435179,18.655168989662055,19.702789355595545,18.143478198685397,20.639212585626815,19.362230549055152,15.377376330123372,11.34600728809189,14.830114761088778,12.036119580144266,12.97951851003806,16.56733683604677,17.687715941047372,13.236436650248182,9.38590783866898,8.992822723466762,6.992092848446745,5.732977438134225,11.218327874770782,10.843966929084017,9.837582113466352,6.739317804797337,12.97171386227473
17.38062676663273,16.997859696298388,17.42363278579695,17.296745311373087,17.23743142696161,18.424093138331667,18.748518936099604,18.65811842143142,19.485520832421138,19.39482104374373,17.651105485123228,20.489646436641273,19.40835938905743,19.80914346753341,19.244821576936985,19.47956636009665,20.06161270286129,15.012900514823487,16.89004260707291,12.734660160896986,16.01164960468307,13.81944309043894,14.363887495187981,15.622041026462703,13.175694564243642,8.667121224718446,6.557703060960865,10.612738575260714,8.198000073694358,8.777288377626105,10.87143123121758,10.25343765709102,9.189693657192704,10.693515544441771
14.400525674421326,15.6214946117216,16.783889799917144,16.422502661720074,16.90483826659405,17.54685430019722,18.425291066290768,19.3780552179832,18.706106546343147,19.651149507813873,19.370062049344178,18.820237877059625,20.31279528043283,19.99054584681471,21.073877454038364,19.35498642322312,18.532470010847305,14.885175648128204,18.448988148229663,9.731720012479451,16.37511128120968,16.326341567993147,13.40462621380431,14.740041899566515,11.8171348610039,11.09168621300644,10.284582229857198,4.724236532036888,6.804165158644193,9.902666046723729,11.170733132510039,11.612982792790131,9.68754339881147,9.527848644191396
15.254039125866672,16.13347327619048,16.302905403737164,16.147565174372723,16.709760416108644,17.447686731630466,18.128041358139082,18.498967269731697,18.833277074056447,19.40705856438299,18.618854955230915,19.759336304569796,19.49175638338611,19.662061617588158,18.969188274832643,17.808419109939287,18.45817297417046,11.814260040002353,13.611320406168275,21.955408092137056,19.154256559181114,18.461397034834917,12.251598549013854,15.199447934461928,12.478651346829125,8.944442152166458,6.5696993722951325,5.933583068364858,8.624061239431079,10.909945873859751,12.098888291519657,10.252443305038941,10.8825246032752,11.689084592389564
15.127919231137769,15.97120369679987,15.830349241565418,16.186613913080432,16.864079709754453,17.6342429180968,17.96604365766423,19.08227561268885,19.159468269428405,18.676487209457342,18.55114378249941,20.149968676687617,18.494283029524,20.526928823171193,16.307780190669575,17.30484608345238,14.540212867043213,14.223671852087127,17.762870794254084,13.110228215025165,15.283778092328822,13.889768921699478,15.328018930284797,12.211387280931476,10.374332665979953,5.666774499012552,6.623104599616376,7.495953657678869,8.386223910561306,13.472348260011382,11.910498984545663,7.4616208842421505,8.805220032496944,11.142540432641738
14.87275689060982,14.59787770575442,15.524416225507766,15.630783486763455,16.370097075194632,16.67020651928107,17.609224856364758,17.881251933438772,18.41594051214677,18.70804271665875,19.37647131883422,18.09980208406939,16.758700226927278,16.370990159364823,14.864334500070516,15.965764986095051,16.0923762865343,15.681614394522036,20.85981529935647,16.989879522609616,18.3812782125383,14.703850971449889,12.232663383960965,11.42122245219211,9.7569088065885,5.697431982864663,7.350484467421544,7.900687883681516,9.618226802877968,14.138197416291844,10.947879691183322,9.65776181479207,10.43041680441051,7.652600040284058
14.009720240849754,14.834524617094736,15.300146601764865,14.775516598884998,15.156800482477859,15.635846799748316,16.167562704587098,16.909049734514294,17.906371184521213,18.610587164971133,19.128074777532756,13.872161992922303,13.013024733449004,16.283970103362087,8.85291165470334,11.947214733611185,9.719427624439485,13.826309764734965,17.868780019888913,16.594861868959992,16.519938103884343,16.393061393231843,13.774228684098055,8.365983030533076,4.516711782865107,5.929053878451384,7.329234915918475,11.628711390374367,10.611699351938809,15.880251159202295,9.739256288844754,7.636014595792484,9.416656322781408,13.407713638410065
14.513131200554245,15.36702172836927,15.17329881162073,14.458883568111261,14.92810667069442,14.766524153241242,14.52578747117852,16.208083855972873,15.626865825455754,14.0453360666169,11.531213119855428,7.511590625430852,15.259624277309921,17.05337573352455,18.387578273396603,12.541194301576539,16.9106422913914,20.384004529878563,13.098051112290857,19.723488328362624,22.805077545255248,18.053454944020753,20.061297252323826,5.061041069148371,2.8229109014374103,7.775838520387228,10.140185998907494,11.409082273453592,11.814860670016527,15.97199486964049,9.462201759937283,8.745074122068544,9.292397406558692,14.39246471114747
14.17401888462908,14.50498459006836,14.289297855994466,14.252949537018482,13.975281713492395,13.997976218593273,15.251221939955155,16.10829935999358,14.36854832467662,8.91632575648304,10.639396952457355,5.714418895382993,20.507998683664788,24.622416201388898,17.264802301099323,17.22666786467421,16.009231734674657,13.70561406978007,14.983762543556388,20.70031836591154,18.71383762780833,15.625591943410027,13.684517737870838,8.260652968597926,4.108073995306109,7.800723632019229,11.690728381476205,11.786154096633657,10.210729685913726,14.317508310051954,6.914208180291528,8.203184479722806,10.653303388332413,13.767603434700865
13.126766630343454,12.605661073802189,13.548523264072418,14.585792846439698,14.36697078157567,14.69503624813533,14.083070384564854,11.206619072966832,12.723672566237981,1.296824583221004,19.24168633148642,12.985220043886095,19.19271524428597,22.599441869603172,21.433884488072017,13.977929446982873,16.343817892408943,13.301091102725756,13.527413574010698,17.080960801749306,21.683673457001206,14.681275431073121,11.991700990611482,4.671588182670881,6.361080919204661,9.770285388980941,11.263463492885995,10.748481047026788,14.088239556433656,13.911537119293598,6.344965541492461,8.630558354557756,10.139998119919174,14.548451259193923
14.14087332541903,13.750825636715906,13.39774920907529,12.861493932389699,12.098824625786158,11.092462121591604,7.1674636922824275,2.315138430034296,-0.12239758251135208,10.282587101633057,15.97973190258291,21.535498124092324,25.408739172724278,28.213532268651605,20.758147874297315,13.395951866680877,8.498418066500081,16.440062486510143,12.028677286439933,18.483453576405683,16.522402229193048,12.974688043865065,6.17739556574402,8.794021343529533,7.511756478502385,9.872356114572103,11.31340568470287,10.841133401628916,14.651522185486387,14.810266516783102,8.465404018699195,11.49413093654293,12.301115546248777,16.44441884350889
13.812897092027985,13.91044424344806,12.726332791226296,12.683990082224351,11.402226187617375,8.927219827887052,6.709429978312257,4.714528952579028,10.238659488986288,16.57412435490247,15.155553832572284,18.817710178836194,28.605255705721433,26.073099510477036,14.0802413002159,24.655439325055188,10.086859165795394,13.962588402189386,10.993128049467016,12.426559606447638,11.46876399586449,11.849135169688445,9.16656761274451,8.403104968553938,9.131522395910084,10.118255155985759,8.295138812812048,10.082823974629976,11.684835065323185,10.979717967338491,8.243885403216314,12.592063272571698,13.16709568328221,14.751675899422082
11.753228190498756,10.993505754375894,11.728566137338603,10.002292942608898,7.960521803950191,12.88250626095704,10.778308965718315,-2.3505660629501413,4.695645539794914,16.312062447304132,17.189503035891992,13.542607445333708,22.312832079570367,11.363143692643167,21.022475738043585,12.626562043612699,12.552241460620587,7.836461305800861,11.80388012218993,9.455713227126866,4.782199194868261,9.623068839095117,12.119183862697612,8.741954130824588,8.709219218968821,13.885177652687943,11.667139226700927,13.45347904822756,14.697618347387627,15.984636216215486,12.71051334911056,16.16836361903828,15.716990676102077,12.180101716412384
11.004877756135887,11.660892684969356,9.61201652594381,9.062817986172522,8.949377170360842,7.7813909406269826,-0.49266380829736817,13.827968106879261,0.8484870970595848,8.842834826572133,-0.34512077582720624,15.366683447600787,21.935229960584866,8.637233922902913,9.954190476647389,12.321435732866393,10.928353446189648,10.651109458103921,5.327447643788457,1.8906323790980255,7.4651092987493906,8.630684437910002,5.655564351129391,8.930345192873547,9.362530650474081,10.128904940384137,9.594916995108665,10.837852162182608,10.722576576743673,17.407108480932038,15.075225118819406,15.83219724237655,13.068606818271393,13.330774079517735
11.305346332257153,10.523987145284776,9.348261076637678,8.279128000913786,6.024803000374907,1.6061718244524419,7.881553490439563,-2.5063599711296765,3.579870759055839,8.976949448049862,19.563538705333322,22.52377508381671,10.160799015093163,14.502020671047672,2.4633670872096536,6.853309642947461,17.18768914221971,0.6036558968084381,7.968000111315675,4.621265646969468,10.814074694009008,8.711814339090413,2.3698727534838997,10.083423935854794,8.356330039365833,10.216108630548835,11.740383329755023,10.944759138001103,14.727023181907386,17.563780455106993,17.766957422454727,13.245553811655945,11.967555958229894,13.057955100685273
10.62944122037394,10.319133611655978,9.19376724632093,7.902297766912714,0.39370932277717824,5.770432018666739,12.333354446092567,5.660061693762778,3.8533279830818405,14.603997214861957,22.292241658470203,28.992422892478203,8.316805444665942,6.67250394053435,6.6343407235793626,-0.6364021263264856,6.978794138370589,5.428286129195423,7.841636367164182,4.596279893226023,10.894948945361003,11.149082006230598,8.62329126347522,8.19357290971815,10.925380991287076,8.727238715758777,13.509886881927331,12.935543511270879,11.774896944003347,16.111652630742327,14.955617746793717,12.49879634259405,12.6295114590926,13.8802933569547
10.572407641619943,9.65871703892186,8.783499756666576,6.8047647645370795,0.5015220550538658,5.007813427538417,6.985609324784038,3.525349242162772,8.859374623855636,18.555322458906296,16.878036365240472,12.968965391458521,3.423565775243573,8.141067528809115,9.97679679991821,8.93808099958726,3.9239136610925915,6.188922192916332,6.176452191124334,7.169385653255112,8.554538901805348,6.825323804839991,11.063646588165607,13.61890835231936,9.32475614614003,12.92378173971569,8.891642038586339,11.64943984539371,10.325760203060412,13.552459987578219,13.387418958246027,10.233133853213596,11.333240217906967,14.96205114154442
10.104927278568146,9.186513161770353,8.013947149370797,6.051178226241447,0.27704165314516194,0.5517817050577154,6.27036552143732,1.3571511798289726,7.512915229000124,19.75814543076989,13.392855347977527,10.55389205249981,15.878569043864209,5.297692049169467,4.735116141142349,1.7987480417016992,2.2501417045998244,4.6720422204840855,3.0509276689362435,5.377662039108489,6.6691983788652225,9.812190931031305,7.676097594547277,12.775975340564408,8.099782770799582,13.102154697960797,11.862490216114741,11.465281366662206,10.556081435243359,10.573981487159017,10.84328703395119,9.279950406118306,10.492004301090647,13.131476536002687
9.459104054387764,8.260196703123984,7.057485719625362,5.565927740593693,1.5948350374584952,0.9276867994766289,0.3579518401669905,14.138557231825214,11.09674271846469,13.72164391512526,14.51441043057955,20.361533700883314,9.443958844429691,19.385983450185336,6.194448795307492,7.241322274438527,3.621837054212133,4.395143779272584,4.26924260903876,5.4109029637617265,7.131041707615986,5.61434443607306,9.89562931142153,10.998417362819618,8.035164125671233,10.90044007703026,10.480518651845333,10.357339146642703,8.193329707077211,9.415013854977458,10.284975660340175,7.91302220113472,11.617471488378879,12.185772604614744
8.545934590201261,7.534330246579625,6.517909103719913,5.152870407175305,-0.9406181900358822,0.13215573119232013,-2.1504680048794595,6.217446451598473,11.278539212106624,11.365728167550106,13.17123555373255,19.322612382071902,11.359444585378826,3.2795680478282248,4.1204521735481405,5.510369785114194,4.855556395836738,6.35668507084683,8.436111723978948,7.509823316362012,10.550884639219392,4.3900795726037805,8.729395743666158,11.56844554607467,8.087778695773519,11.48075580356291,9.636219383273934,7.846090567188696,7.603225795806685,9.884243879279378,9.096736541721846,8.041167122481369,11.79722165426951,13.905496616937956
7.39757027991167,6.903209198167907,5.859986689120497,4.833237448738857,-0.4071162760507281,-0.5215078985025913,2.9840094057974045,-3.8449818303796275,12.049469810442512,5.92885525328233,14.392378104566259,14.920963001325081,3.0167384686787186,6.807002289045498,4.4014199679408845,2.5799607949547942,7.1868502295453895,7.20667160098125,9.694962981791353,5.194385565661065,10.21386458733773,5.6332712527135795,10.325401089162545,8.555895926787876,11.849782403319674,8.4351295581952,8.950342995634617,9.180799868741387,8.618177971396204,9.191593532434519,8.209031894930758,7.371401503549953,8.773305639003544,12.330072062481458
6.849415052257474,6.33454442799232,5.437524009604918,4.730555279599264,-0.12748522004101942,0.696532336619889,0.4049215108124127,1.9268431693131065,8.05291877675082,9.758849914372725,3.504418365329118,8.598370377196291,10.596150135151783,6.68591571112149,7.065683384229658,1.8415072794231728,6.781414352241571,9.433327420668801,6.75094107948234,9.453473898869657,7.189068960215638,5.582582039611493,10.543024412263152,7.9156209948456375,9.984270413560827,8.564845304775602,6.946358134319704,9.91277050991938,8.430283518573665,8.171589391907089,7.494156437180377,7.425354321647145,10.129706807412616,11.007871635989286
6.435915141605086,5.737638219918115,4.908903979000288,4.229150688936121,0.5659581384160367,3.4478016448629747,3.7393686471483796,3.999751516485114,10.790909369233159,1.2915986330875022,3.8812673056957636,2.02778894748845,11.051575228672695,3.533476033230803,5.544529536826093,7.682131594201667,4.878358320663092,8.366635682142109,6.479970928029819,10.750145723677392,9.37749052848199,7.503655114369884,8.292804217657954,9.658424782000802,7.940598721568822,10.35570315415426,8.87337882865706,10.093482248024806,8.012615358002387,8.435878737198692,7.916496482402108,7.902824751067838,9.82496329811919,10.022331341820255
5.652011508197839,4.926533336395726,4.323634407507766,3.961410791158161,2.270212409880811,2.050362536289842,1.9653915108434563,4.546412355999904,8.123016439237935,9.585133564878173,5.569985447742278,0.36472067279048676,4.950187333779121,2.094480749117848,6.329111485087877,5.734435906442299,4.897809955691206,7.499168720001741,9.113210299032067,10.403348103383037,8.070153505129772,8.981749706987745,8.456093958329507,9.966922880512508,11.035448406960324,10.096729127530978,7.99006381179733,7.98234309210255,7.595811057303931,7.85190558809686,7.184218369435005,8.669574239936908,10.67815283011984,9.193670010619497
