script/wind250m.json
{"header": {"parameterCategory": 2, "parameterNumber": 3, "lo1": 6.000198445256149, "la1": 58.999992894266676, "dx": 0.5, "dy": 0.25, "nx": 22, "ny": 24, "refTime": "2024-04-12T16:00:00.000Z"}, "data":
[rows 0 to 23 of 24, columns 0 to 21 of 22]
3.0027667745323536,0.753418931461094,2.987188571710888,7.145777436322502,-4.118385349915781,1.29133712516393,3.8858540527762098,3.6434298546264023,2.659451506810399,2.7497322560778836,-1.6322203999166236,3.306139208930357,3.791713113979698,0.920052048348348,0.7830610245471182,2.6480000189217914,0.48859140033334747,3.6764654005879653,-2.1842625546518044,2.8254518016681875,-4.740306425589684,3.6379224462699202
0.7198626469615508,3.8357701369108033,2.536570590148494,3.9420856649995653,0.35543376082675554,6.269296796082418,-3.9400822267311204,7.371590827600645,-4.732885467727282,3.0331858904180766,3.37827432130178,0.6607727521303649,1.6602146788366787,3.2112503860837593,2.8808254045944266,2.8854624895704846,7.411823897584266,1.445883518877214,2.532979800968457,2.9442602951920818,-2.82985653393975,7.806117166842881
-0.7102107670376622,5.410737483866534,3.064124245896549,0.8042386912833537,3.0200322473125123,-1.4019034761288762,1.620764774609389,-1.695444760334231,0.16959265545103977,-1.8457834284645487,0.6721240915694878,3.6158321479888347,3.466700786448741,2.598776006754862,2.299427493079566,7.818651623897415,-0.3674456778315074,1.5631229092235592,3.1539526706001326,2.354591742693516,1.2600413315599361,1.765594450556409
-1.3298973653215886,6.726342284620567,3.813136433835046,4.643630780697647,-0.004000813716678336,3.5557280693664635,6.1179238410203975,-4.040443472090474,-1.9846936938456397,-2.600229148472239,1.5311852271914645,-1.1940811442010097,7.632277636749,4.17602474673622,5.6472567548015125,-2.639303866249782,5.02449475604758,3.363847295697302,1.845760068891236,2.8149933389185144,6.609672115127311,2.865711022723318
1.9125233713017757,-0.06068069788045858,3.9810624164031925,1.3083086718507475,1.613539434146579,5.99274492538831,-4.452546775901078,3.0193381381802364,-0.4906304330213669,2.1067268435744633,0.887361521304564,2.870101373814672,6.0900351024237995,7.787918855977434,4.603678461780918,-3.8501880193464544,-3.305413297865832,3.2159363375674808,-3.319137756456135,0.36773539621721396,1.5997578558256476,6.323968972903758
0.5159756694993686,0.5611546265773943,6.633628353484017,1.7295253682501213,2.042594020925103,-2.8910948938752594,7.159041498615018,5.924015104569575,3.6268467116152574,-0.6586717291007057,3.2315920868189836,4.138432197926991,3.9663219260687756,5.002283746916712,1.1592033779370101,-0.27272474858667595,1.5550302568698435,2.061358316197517,-5.156857887934161,7.895925701122226,2.152089431936486,3.6426675875749033
3.7255934492323695,1.48596672095962,2.3934667158207934,2.8440713703263474,5.038203281215235,10.105415846055934,-2.6602199674653835,3.8816415732725833,3.3152918048205438,3.416079136651778,2.412983101770261,4.035382604253778,-3.443430758843488,0.04321470106436465,2.7653029153048947,2.6322672435592196,6.139907904704071,3.2699648888273143,1.1483466926323056,1.5589598340831514,1.6861798077745325,4.45066376806708
0.8685497036789227,0.7245726282741876,3.5750552099305253,2.317714364506496,0.05128982192446455,-4.064692860251326,6.21942249385101,6.426547209431849,3.824310545375614,4.065036803018963,1.9100717103440314,4.74535062681972,-2.4342004034883304,3.5496006337236166,-0.13332937130154357,3.889476537770469,1.841344197543347,1.2433089525132601,4.358158648084816,5.579887858670905,5.95596071731242,1.554240244864224
2.6561224109007138,-4.341681440409564,3.784570690697048,2.1100260564518103,3.6701308709896567,3.375107633378332,1.006069836860539,4.304857695515481,2.175105401801868,0.004447960002773982,1.1746810387468316,1.3476860012957856,-3.5095524654614234,-0.7472467885205427,0.4826831021996683,4.511804818897591,2.5671612974063165,-3.843280738850729,3.0586648340538067,0.01617520516059125,2.184657992351298,-3.056815274509181
0.3126331203306782,2.768970873255378,1.5255209125659168,3.6842520104698075,5.774664182140642,1.351658552628395,3.1783607730978303,0.1633208455813376,2.856657982041687,1.598244687880635,3.006640750038267,-0.4543557312393418,0.07261489862836365,6.864712194182721,2.2474655606883376,-4.122672079283503,-4.317736674377654,3.7132670558812957,2.866728309478793,2.288939955877969,0.38528107065097567,1.7968449357574836
-1.6677927232770753,-0.3301050079892548,3.1894778106143544,3.456877040644839,2.228503073642766,1.3232462558102265,2.0781360758639202,3.9875986549194153,2.651160664025487,4.161198001091166,2.5046090237720757,4.0445810825565784,6.528601836601319,2.3301709448101415,1.9605070313208677,4.131266816678093,2.9285357993598407,2.1668289341216664,3.5350804019042523,3.8732652943346397,3.672714420389804,-2.9227788780023953
4.047316897022184,5.194394571079671,7.314288711671969,1.9430298720042818,8.588300992797326,2.013365381281619,3.2261100795067734,-0.5075318532290914,2.5569104594618586,1.3432365183393995,4.654525060563445,0.8968660083454446,2.050783637592917,4.325916056460032,0.024215096743028377,3.0313050896525806,1.5817083757608712,-1.506886468383128,3.2873746114158813,1.081720535051459,2.5546058237650993,5.732534831461389
3.657245768221856,-3.515540181335766,3.0559650425440745,3.1275014776763452,1.8619558068411035,7.671583138321299,3.0745001308014577,5.097165892640058,-4.703546457328627,4.818063467897964,1.54140920478507,-4.653367051090198,-1.9413128529441817,-0.7769028567006028,-1.4489047881277406,-0.3031804815744477,2.9302037927434283,2.182712200186079,-2.3088742306141175,-0.50638199654903,-2.827410328036666,1.8632355412674433
-1.6311293918587215,6.094216231388411,2.051450324556792,3.0199989746952105,-5.235103311999432,5.670010767603521,2.575554822061108,4.814828713203164,3.509789682917901,2.6878633378229266,3.675358357870928,4.233520503853632,6.465431422942316,3.86854032820675,2.4233249594005972,7.767460809860078,3.4360985792087058,0.3960513408566207,2.1357222696500595,-4.497665467330027,3.845611311890486,1.704141101629401
2.0110856538951816,0.3424998630806175,3.9542292080305774,0.9389346083518378,-0.21901437889679717,2.98669711350635,2.8335573772843548,2.1817938024910206,1.1251335353160765,-0.25353294425382106,2.90538048547425,2.7354568571550892,1.8851133282547785,-0.2310533099619036,2.703140685234994,2.8136720432201843,-2.4043866513027234,8.117125721642132,2.2780535917395834,3.2898581132535165,2.839334450086933,1.3779078126477717
1.2872354157627786,-2.4921716676701586,2.5554761346510038,2.8597639242950943,-2.655306997388953,1.912382623668713,0.7747237229307511,1.8749011656184955,3.3374526844284684,5.590973814879026,2.2190836197874595,2.08380995616772,8.039745734984814,1.7927883516929064,5.6996433468354555,2.736701305653416,3.61292040373619,1.5388075250301536,1.6424462926086254,-4.230106639380112,-0.5622140120573015,8.182045398678556
4.046453981733488,-0.7541217370323856,5.9273785271510055,3.2701565819054323,-0.006076619911538181,3.2251706006636356,-1.7059810958426154,-2.9523707561347847,0.6634336134392393,2.689121900098628,-0.595075485542825,2.0510972081652925,-1.1630426884237008,0.7599568448593371,2.7721642072877875,-0.24902314304313639,9.215390569544006,5.63980891108223,5.340833215761621,2.807537339599425,-1.7673981348243626,5.2653900115479155
1.3556993553958256,1.943771446516723,3.4880668624542417,-0.3506131253463774,4.141042265311042,6.498481960378555,2.4297626609099847,2.5879275389680125,4.024274731248769,4.550424292350443,3.139991341346025,6.195730229935123,0.57049967684056,-1.7333668518294911,2.7404752739319425,-1.4563635026342217,2.329023131133482,3.7499850156329657,0.12789695689576291,-0.22698423314946903,3.5965049493642707,2.859994963704345
0.0017205459193660399,-1.069939227865342,6.471601905481922,-2.0829380198668512,-2.5020724252953404,-0.9551999741207673,3.269238003390702,1.3273892334239479,-2.264433367042518,2.548327730233404,1.6965138196704748,7.301515144136584,4.314404157279763,2.325481367881613,1.144317167573102,-6.29637257001083,2.877079307557703,4.030467792827827,7.588323378248115,2.7595677786025496,1.363095129301128,3.427948600381092
0.12223627913078305,-0.021182621474593787,1.8508296972808425,0.40624670280294606,-1.168871333855951,-3.220828161881928,4.193841437813089,-2.3263636002617685,0.08304785566674557,1.9098722605495362,-0.3344274615013601,4.414610285932119,-0.846845659988733,2.1554594192416308,-2.1617630455509755,-2.112983210842265,1.5959776018919922,2.1506651767371383,8.11489955568935,2.4838211185960533,-4.049151228105216,3.2684977563778617
2.679988781616391,1.7969268440874855,3.856070563954573,2.4575760711930976,1.8655860742319748,-4.030991748857944,-3.169649080571456,2.3440537784449167,5.176412181731019,0.820592431764722,0.3425756738727747,4.1200529639808705,0.9528845859754451,2.5566200197889777,2.62956801733215,2.9617827835532773,2.781040976958443,8.13232960386314,2.23131629199254,-0.5418141055952364,1.6388409339150916,6.230310289097454
-3.8542373566987345,-3.956261333785281,-4.65686199313248,0.14413561404222075,-1.3575861964690208,1.641626227396713,5.762531423183133,-1.9000263697385271,2.954455301393394,3.3357658669855326,4.6173359840284265,1.1182278473957723,0.9463275881424539,0.45976271592367784,1.7709765830970918,2.6847045043620286,3.1568415796670064,2.2907504385465622,4.76293841288887,0.9982440463116699,2.911570089290611,7.799902594253076
2.3612258536054407,-0.46588199198504493,1.8759226325358018,0.4576288335836208,3.5068779177947866,-2.1320469451506967,0.3886078771421975,2.3892398275280664,2.4980866091411,-0.7282687067973016,-0.1229342853600148,1.5612524736087314,0.9074257430348988,3.359159670161807,-0.6013530122076682,-4.498910753803243,1.4880985426452933,3.0894143640378777,3.019596935159801,3.892673510761568,3.3776840693520054,4.260544790845696
-2.3561576933463666,-4.465754968069227,8.10657687730917,9.093817545238071,0.831021635969466,-0.1406787473398363,7.23819430727261,2.3413586011654823,1.4935799062368058,8.471338660269128,-0.3255714771797966,1.3104029571588176,5.415203998607772,8.604899267788193,-1.297470890298132,8.011122468481588,0.4600442771479706,4.248141822834336,1.1741416021919127,2.046723563878196,3.3669509794093995,3.083211533239932
