script/wind250m.json
{"header": {"parameterCategory": 2, "parameterNumber": 3, "lo1": 6.000198445256149, "la1": 58.999992894266676, "dx": 0.5, "dy": 0.25, "nx": 22, "ny": 24, "refTime": "2024-04-04T01:00:00.000Z"}, "data":
[rows 0 to 23 of 24, columns 0 to 21 of 22]
7.233749262549527,9.471850854447473,7.035117043263914,3.0144232633489345,10.671728888605804,7.827373649383327,7.618119854085419,4.287557941428762,6.7437782060488,6.68858905966202,3.583639413111712,8.329940282107712,5.782627881487318,4.578670791892897,-1.6340588014139912,7.541777260752278,0.7061163765143261,7.257294764499495,0.6389707944667347,7.227999425939138,10.98479861929085,0.9684949624533529
-3.4894529621374604,6.57426216072934,9.431496870646185,0.6889428395866001,8.369821968042746,3.1563409930773996,8.521543484160212,3.465785860104324,12.258991533193946,2.8440616756723167,8.488542554763852,8.768405206483035,9.515715259824116,6.531064884712992,2.9560267196620726,4.790387316719484,2.50929481165858,5.413457249230678,6.285309658937018,7.4770304361052675,8.844944332225547,-2.2143873897446373
9.786931235582829,4.56560058351649,5.2397258532601425,6.810383647242729,7.238634072162447,1.5952391041960818,2.212659664579643,-1.6789596930941344,9.811068053582801,12.804118327477529,9.94402730883883,7.991523883762628,1.350905415066461,8.496793734473227,7.6322058218990545,-1.506701637370274,8.087649430676919,12.07600517113088,9.155452267381438,5.347071245741925,4.80768878429386,6.409769945480985
6.376848151374415,3.1869423106106916,6.929534595782693,8.630514521632907,9.469128140764463,6.004809974616387,1.5409054317250765,1.2769413369400069,6.385884846327178,8.22938062434939,5.304530446143184,2.5248919602347617,-2.304253329233446,1.9223728183904,4.270911708521408,8.927125489052713,7.119475179085316,6.767709676737212,10.286595995988746,7.658153482600016,1.305565440147864,2.8937910416069332
8.29894742751377,7.055072649819168,0.4449217056413408,9.763594150057573,3.1095552218829803,6.059861090357405,9.922999313531175,1.4430589232296411,0.5649589164958427,4.840683756569407,7.518636430165983,6.693339864414807,4.908963318677405,-2.9199161539446346,0.9346524698478369,8.734955888767177,9.424734527112134,10.289638589388458,9.57125557496842,0.5981813787478178,6.9575763269319255,2.0873685937849715
6.6905455362103226,7.227055160185594,-2.075901024475776,6.403323226488637,4.985051375547952,6.230052811320413,2.506402003966925,4.712705712675243,5.338035664162457,9.51887737107118,10.386986463459658,4.434743600209558,6.792343611595184,0.6098106672577884,4.7733296182733636,3.7110922044941925,2.5294560339387604,7.864639221700985,10.747671848692606,-3.8321609850132683,6.0282941642739365,1.5500279484884854
4.379271444903446,9.369284963412271,6.483564550163591,5.967134078745722,7.624404707040856,-4.024724747124413,7.49299132432069,8.89232987927952,6.306363142476879,5.591172256978158,2.4657227955119456,6.707629205083166,6.674331922406813,2.766368529106314,10.742907577996395,10.952314254637603,-1.2319213323424112,8.51385694155804,2.0477738663055356,9.329312686923158,8.029222434305268,5.6750019661438245
2.5436433153110767,3.7199319844127694,7.495965744909419,8.680336428148792,8.221853550473856,10.115086808086689,-0.13627782265062383,3.1497575787617036,6.525080802583909,7.564661402707393,6.277827300104494,5.157568413409013,10.495701133067236,3.290708960419217,7.726203381695048,3.4621194626777823,10.766505977932367,8.303670529816138,0.7291507166541846,4.065558117075245,4.144858335437642,9.228610230651448
6.256453725437725,10.650109225931041,8.236202709972266,5.579917104971457,2.002433692259523,6.816536288375199,6.49606070405077,3.7103834645898766,7.175228998056788,7.988222241907738,6.656719852497554,9.335093727769946,8.97418972416356,9.83808977755837,7.493300247283356,6.55111317596083,9.68412741048188,11.98609309004501,6.92258277591595,6.989510414775916,8.37367114566528,9.274529488286582
5.105276909187668,8.08540462688918,-1.612142261357277,6.904377008357004,4.0211229447949846,5.2210772389220415,7.061299232384394,-2.462033494616357,3.5828176449695555,1.2184891697353168,4.2919335384737085,7.183372158392844,2.6380055747433104,2.860584536603215,8.423966015591914,6.5678529706450455,10.066723155398869,5.210823259858198,3.6249016282960325,2.80612820770355,8.031179979777363,8.097540526120378
-0.7739657564175679,1.5633940971046862,5.7079469218329,6.132101225270502,2.907512464678029,6.415188132828101,3.3153135109661354,5.917005718965302,10.383592284194204,2.3635547489786757,8.000605779860335,5.171511652653286,1.3452351135992149,9.073400075970925,5.509824564072438,1.2655278203296263,7.783160730929679,2.3941835413387786,4.730726734644832,6.457235895170297,6.466177228898045,9.64454626713271
4.081490493395787,3.115549499033156,3.2768772480082458,4.599872975318604,-5.982840394943395,8.916271600528567,3.7084952345883497,4.958218634342788,9.395528218628272,5.111068142857501,7.800906420006298,3.1181085569154297,4.458624346968004,6.450808353583944,7.087712706225262,2.5658193963880738,11.452962368282554,-1.7441112306492845,6.241476615965647,7.597833970802606,8.260449312302974,3.6642425026222396
2.059606511399281,4.447970780090387,5.633779479863032,8.157147130878407,2.1814578618880245,2.8091642705840068,8.013728476322203,4.792350079645607,10.44763094510005,6.357774308124574,-2.4118244580292703,10.427152938443138,6.7146752281715685,10.622363038938236,9.456464006770803,8.044277218007808,8.141042961578028,10.236233498786705,10.523792219997535,8.844146018832419,3.2539423540899715,8.528219182716187
9.775657604766455,3.353755958679686,4.962696710380892,6.015469158941077,6.339145708043185,4.047099250877211,7.109082480112958,4.842420670568257,8.538994298194673,9.014041066082065,3.8053972123014725,1.9591167670490117,4.712394200583568,6.893325363529558,7.754155806034653,-5.159300741031235,11.179090378487352,4.310510698219871,5.782114356528518,10.281044659258283,7.965609278028077,2.6488994463600144
3.485231666577758,3.699491807717876,8.451687351843294,-1.4180942076921184,4.131078604875364,8.381628726322324,5.813019945349681,7.560397483553363,3.3353459817551196,3.7882488705138817,11.609232395761545,10.48510328618743,7.108003019309883,7.776598069039484,2.6563838755281215,3.756493221673769,5.673785950053839,-3.7480702039427274,2.6607500211735147,5.520103340395015,4.628981095157569,3.9758259230309445
9.990711497490386,6.802115732935742,8.685927612356831,6.79499764666122,8.15259021402384,2.226423114629925,0.5279324012530084,8.780400727317945,2.241854373403179,3.7201608742609866,8.548136883234422,6.330340765347971,1.0051915739280621,7.8263425601039005,3.5773609241423023,-0.9987596187369648,5.164735479742578,6.350320645245279,3.4706501217120236,3.7161527761618363,8.99452653007239,-6.6909138819383305
6.068719665335157,4.066136420269959,3.623089443546646,6.5143884427343695,4.184436251467002,4.737881360588442,9.042207230911957,12.041053836058708,8.058137766438852,0.6114887165326166,-2.2019968593195607,9.760975214900634,0.5958597579100813,4.455293770014232,2.7037078895916307,-3.029877853702561,-0.14094137511744106,-0.9007176440715015,3.8916254799838477,9.42902415025377,-1.8407452169971943,3.826341111246164
9.88421594640398,5.186254734878967,8.853019333707618,5.242088806071978,5.26482938549215,-1.6298848661247527,5.416305333394168,7.619273141236114,4.838935035764606,7.877039511352986,8.377297814827699,-2.465061798478629,6.948659528101558,-3.6177777542018767,8.479008863370385,4.6817200616701085,7.553515792932424,8.501087137118132,-1.11182834236791,9.097020647430908,7.3397951128907115,8.970695499792875
2.4845889457774275,9.830764135027808,-1.3775680712715128,6.441275393837019,9.541942425368049,10.24619000777539,5.440083040027488,5.023940031816265,9.109669826451423,8.888403991355155,9.939383905978362,1.9534075989967719,1.0779066783269196,7.703432614243474,7.49020222869534,6.52815533140774,8.112465439118902,5.367008439607948,1.4417290980640876,1.9343940863293483,8.2392975944132,9.950770159084527
9.031499962395715,8.010916977569021,6.943942666143219,10.095267877562298,6.0567034203587315,10.541153504895608,5.216446186215359,10.446889396846373,-0.46542227279947296,1.8692711422657684,3.3728740275930242,6.065740572370335,3.731538057172568,5.1898362551013655,-1.9359775454451456,7.306597076266049,4.70293929155325,8.30516460202181,-4.511386067667613,10.598126879642864,8.493409589803436,6.301006463959731
8.399283392935157,8.471186423595121,7.51857476180548,0.8327244738436633,2.4078908179605265,9.857220284745162,7.0983740563933635,10.136140419117861,6.072831297272102,9.829164004757807,7.482427017288292,1.8094769871575627,9.384818823428885,3.270831958137258,6.5504366482609555,10.897092700299794,6.8694824609569,-4.61270720812581,10.551167744203411,7.174528227094523,2.704952861027239,4.862157132102654
10.602278388250305,3.199593278720587,9.951382285291414,4.323797107757331,-1.0174740615100595,7.708625991970571,4.702366698596346,4.5958204124741036,4.743418073737401,9.228625183354843,7.901589496886191,9.224133269990583,-3.407820325490331,3.655537833057297,9.81691412848301,4.729302801396532,9.159904058222146,7.741148367398434,5.634881207570507,8.993618957891439,5.351546134895311,-0.6880539795347148
5.52922333850059,5.182339581098033,7.900952812268292,2.719499598729316,8.225733238419158,9.041262623130203,-1.3669841056535323,4.000134215075964,4.7594581778605995,10.110261306970465,1.3378700765904439,10.476454259665148,9.177344552730716,2.5413789824224033,8.753965175649828,10.710184117948165,8.064578392040007,8.13289069265475,9.242849659269877,8.603204205340953,4.277814347313584,8.312704089888838
9.624704450070006,8.275515020062517,0.12021394976275593,-1.5496005454897526,11.312328146936785,8.535165540543462,2.534627512633748,10.659588499618978,3.858672364587028,-6.1478542521100605,3.3245665517055816,1.5876473544157959,6.76584430962344,-2.7901430064389947,7.530604194172703,3.8521853035939593,6.658577557920055,5.490587886395555,10.640741429391555,1.599678549065523,7.131523008992828,8.021809732767906
