script/wind10m.json
{"header": {"parameterCategory": 2, "parameterNumber": 3, "lo1": 6.000198445256149, "la1": 58.999992894266676, "dx": 0.5, "dy": 0.25, "nx": 22, "ny": 24, "refTime": "2024-02-08T18:00:00.000Z"}, "data":
[rows 0 to 23 of 24, columns 0 to 21 of 22]
1.0035490543035908,4.206849468668617,0.923691760024961,-0.37778895175610994,-0.2195248782597809,-0.6777762171282613,-0.7947570216396167,-1.3878712398854298,-3.681924789947899,-5.398345623986812,-2.9440416346241367,-0.6503359362947596,-0.5492481295392864,-1.4921334885949724,-3.506119587558492,-3.5262963233972675,-0.9468433318556494,-0.0979045129610701,-0.5812666827747066,-0.2129366585935628,-0.7147282627279472,-1.1730769322881547
1.9919909893088235,-1.1558641437097519,-0.21453410924404973,-0.7701327013155963,-0.7071683636929906,0.11226892288055168,-0.6037278925035995,-4.5839097327023195,-5.6247732031522535,-4.876029557023178,-2.2742328384465087,-0.7822699355996242,-0.6289450424755779,-2.2004623952691316,-3.6734145519953514,-1.940927534854205,0.17345857536279904,0.337316726476206,0.03759281020457427,-0.7095850434158759,-0.4705359506786157,-0.39163482398065125
-0.39669485120485076,0.030646147190275443,-0.7908220181787167,-0.3097547921798771,-0.24029674982371516,-0.565159063051531,-3.6337000025688697,-4.966202565294531,-4.429925696143764,-3.0220987813313807,-0.41486073812405855,-0.4321736684410421,-0.7525948284004538,-2.934619523159761,-2.2536684032364227,-0.39974253287258976,0.4365908665551196,0.3689698290501019,-0.07878701166692201,-0.9018668038948879,-0.33951698516097206,-0.9329451405054776
4.77408185107855,1.3209232611539137,0.6687981022643719,0.6691643862937205,-0.9585922781889712,-3.9446128274714254,-4.178888196253615,-4.01232179969399,-3.3814123941903773,-1.0800457943910007,-0.5514699453384309,-0.8796626523289974,-1.153572528978992,-1.66943573523501,-1.7970769196390945,0.5801073240321563,-0.620201220570597,-1.0761510602703799,-0.3747750255920872,-0.3663211412069605,-0.5850589467299333,-0.7989521693929749
3.8243530424100927,2.981587157422406,0.2398582689528668,-1.8080804656380665,-3.6684778818698964,-3.838168155367779,-4.564701976907007,-3.6287521976114854,-2.0921548813864725,-2.1091953811838535,-2.713331567409568,-2.449242042557042,-1.240103948134151,-1.4662457474365802,-0.5062432016206156,0.10168931700737967,-0.7718111926840439,-0.17503612178559935,0.1623641816615681,-0.2470627974093198,-0.4643670493720439,-0.9450732369594249
1.768311257950629,0.7621519438588422,-1.234358779725723,-2.15254528155575,-2.875322977280099,-4.383428833764558,-4.3506460082093,-3.6302831087910774,-2.4278438030480314,-1.866730267425922,-2.595270424544291,-2.4398998875280418,-1.4310395235394677,-0.6785956596025388,0.9028154306072087,0.48552175271498044,-0.12599640014022837,-0.031187326331713467,-0.3098208307997409,-0.6508824318034869,-0.7096480381089612,-0.6148080587949925
1.417152365556883,-0.25581574547610925,-1.739617873573311,-2.577931366842363,-3.9259183213955313,-4.296101438981058,-2.224242243131517,-1.4617942505088863,-1.2889086435923731,-2.8754274313748023,-2.943398203340974,-1.2027573598790688,-0.9045791780762452,-0.013941480421455286,0.22673556574662881,-0.08564877286844466,-0.09194190958270135,0.023831597071014003,-0.42642106755845205,-0.7062601077656493,-0.569887713010553,-0.8038644289969185
0.8494204776389646,-0.5919273138194091,-1.3335627096015803,-2.6490109157057717,-4.7827288687047345,-0.8893894516928038,0.03731044101211733,-1.0550620242241906,-1.781982398947821,-1.8245978554376685,-1.4453407215566607,-1.7663213879850408,-1.8508280173041496,0.10833486807957406,-0.45604988773721183,-0.3868465588833588,-0.24377934168390464,-0.28555969413515253,-0.3451778700352721,-0.2300631141254529,-0.8218485298460612,-2.8304485532198917
-0.0986497975655281,-1.5432508651386514,-2.4081520513220154,-2.9173176154782436,-2.6924182058470296,-0.5740436621701805,-0.8304917144308185,-1.78889398377742,-1.6644552093984673,-0.3061297715914514,-0.6863667269962069,-2.0195206870682343,-0.384894587299478,-0.49554377028396773,-0.3143627692239851,-0.46933156901700196,-0.07401770498345361,-0.3444475918144919,-0.06604505447769403,-0.5189906870451313,-1.0692119271408989,-2.0261951939266596
-0.9812932564158389,-1.9594142156268133,-2.8470594991009306,-3.623971903599599,-1.9315385857685572,-1.0651003215678252,-0.6102419923707737,-0.8390470238365183,-0.7057233333924652,0.22187980251735565,0.2531573965375765,-0.2574013336895804,-0.3095167664709114,-0.6037993009641593,-0.4267009550475381,0.0016876614525066207,-0.016028634643351334,-0.07843383190136091,-0.599982789403786,-0.35782734574443853,-1.4726336278213135,-5.005097275396073
-2.1702635606511724,-2.654570132373767,-3.0133749644808785,-2.7777690713150793,-1.6112630453941095,-0.45137298482580246,-0.5004037307639236,-0.3047599026503259,-0.6641895528578662,0.347872348360185,-0.05414311938032834,-0.7242129082406847,-0.37105581721851544,-0.7811531166531372,0.2613602670467098,0.0228368413904916,-6.245085642616001e-05,-0.2655579046045901,-0.6340310969895757,-0.8007783573563446,-1.0645748848877803,-4.150102182148399
-1.0029671741961492,-1.3709757499633757,-2.2224610351313285,-1.3532190462797156,-0.4656216886441743,-0.16444437895041106,-0.14714657539109777,-0.32826882721617545,-1.5221199039981956,-1.5700419823014746,0.8283730004635516,-0.09561804665947023,-0.9067605272956213,0.4821130851378415,0.06267063027517093,-0.17568209958118755,-0.014930972229539501,-0.07799902524029695,-0.6503474801703367,-1.016550664337692,-2.2065098005074617,-5.828504182174954
-1.2627459355906645,-1.6556712178591106,-1.5974813802744785,-1.5283167376976354,-0.9203760201236959,-0.21084117493988241,-0.5728745355012773,-0.36105400175500735,-0.37216411703407637,-4.033885154702472,0.14428483756137112,-1.2434238271074103,0.6954461418593862,-0.21240366289769932,-0.593349767806899,0.14092737770184235,-0.7055633088549015,-0.9789782331570318,-1.8800238969705687,-3.4493064091424026,-6.668548981594572,-8.285211457152798
-1.2649141300515765,-1.5926985273503653,-1.650870857975545,-1.2024157597463367,-0.8583690522339096,-0.6374262837094591,0.07412449420690687,-0.795279287952964,-0.9339558430408674,-2.0162572659939064,-0.24797595120637614,0.4966701943389551,0.3003375235379165,-0.05021959487284586,-0.18973746728145252,-0.13877297601734248,-0.1680303413611694,-2.6622724470899852,-1.3754461288826643,-2.938250755686763,-6.335620278679082,-7.024222158868774
-0.3601597785122068,-0.509749137542597,-0.5416981274398008,-0.25428157824824027,-0.8167201222581646,-0.35543657228562725,-0.4747858038788911,-0.28890273177880244,0.7623260835821877,1.2927559724062805,2.5030459687408713,1.123008132801908,0.36249293877059174,-1.4857479175384802,-0.661514423185168,-0.2360234425227796,-1.2504437807463649,-1.1650536606410313,-3.3038117361762,-3.5724421856202904,-4.547168374258821,-4.922454179879696
0.47094242203447007,0.6475749134786825,0.3449018764268841,0.108218079160049,0.2584041767186208,0.08066042513189815,0.5003736029221871,0.2336362285065433,-0.017491993981896332,1.080290402971608,1.4134149169531072,0.027269384741193975,0.470889464125883,0.7622791983263527,1.3155092894940756,-3.386443003416937,-4.269880846357111,-2.2811430081301625,-1.8843868805503816,-2.73692762743613,-3.357395315512163,-4.067462035700139
1.2761465486164696,1.451525795227969,1.0261293354881937,0.5991676486388641,0.7383245295699953,0.7614529291103476,0.34084126729194036,1.2399399504542647,1.37644078541395,0.5636962482689793,1.561933961087792,2.0114450224605105,0.9064721420105472,0.7215332264627663,-1.6973254781699647,-1.1669683159080095,-0.551816738371792,-3.7592265798769837,-1.5628840864802374,-2.3397245720110393,-2.7697530654571376,-1.956305000081927
1.3342005757620439,1.8961726800111613,1.6330056812813163,1.60342939070348,1.0310208083577965,0.08005297061602855,0.000877458131700234,0.37417465612243367,1.0008093325371203,1.061042483047577,0.20719140900059457,0.5140152776832224,0.4716919438266541,-0.33470489375764956,0.5320100636306495,1.3821857810954108,0.5523823119214177,-0.533449549026012,-2.7064402813131303,-1.4731032286348305,-2.183243864538746,-1.7915912211081426
2.568207942755275,2.2141316055255342,2.0575572347357864,1.826795072430701,1.6757440730571798,1.1178866098214542,0.37774416717686277,0.1772635074213924,0.5660383240520569,1.0446488511826153,0.9570135858267792,2.1438403236554318,2.192163417415161,1.1034587574882884,1.8233457089406275,0.6325994756850278,-0.09304179486259738,-0.4911388176194157,-0.8742691642993411,-1.0605202007450683,0.21849688642927903,0.7753748669817672
2.650044770843434,2.9776638893547376,3.2700085825445457,3.156566800155678,2.5998191556538175,2.31452974085175,0.9488037741006647,0.2803111186808278,0.610217041377362,0.18042036848177212,0.6340101706389261,1.8393311500003193,1.2884256411694957,0.3077149936201131,0.08379427857135924,-1.0357648348032285,-0.7728499280978084,-1.4488262088194517,-0.5388489290288612,0.12975432129201245,1.5560398295864037,1.0060415418711801
0.630119320671463,1.0970697496658124,1.4226605457767014,1.7958437657157633,2.6498406434074635,3.281886886555853,1.2963174950520198,1.0568510263784463,1.1643667715780532,0.9513521686311005,1.3555943003349271,0.5317618619131341,-0.20761473420239251,-0.15510301303396115,0.36436024324183985,0.2980835321818366,1.1042077545742264,1.548531582962413,0.7677741597822515,0.9929107036998445,1.0396322443703203,1.0489487367346868
0.869195897662429,-0.11197671666208789,-0.5811034941269055,0.30827748182366066,1.1900777886946525,0.9146351028486946,1.2539106206014918,1.6917403997706746,1.2942071644205628,1.4525252153307098,1.0094365927547544,1.0295674077849157,1.3677915090706192,0.9452945475969601,0.9864996748692351,0.90778165614785,0.8920534182825821,1.6308488256040516,0.42957810318272555,0.6477879618189206,1.2708031393558277,0.7376065587323606
1.3138913030311523,1.0447932258085475,0.5099714968109695,0.13313568026037884,0.9733011764042803,0.8971669400603527,0.5757599480065655,0.8551363083868639,1.5316876938159747,1.0620633998651794,1.1845649420404087,1.3619274918065147,0.8903545221512418,1.3735555388358387,0.8184972592941635,1.5702082526073724,1.3210194013928989,0.7747145548187174,0.9859655736366086,0.8743178917046226,0.518649469095101,0.1546831550894427
-0.23234805398654135,-0.35668689930766356,0.06691236728113378,-0.09565865237903325,-0.15701924222504815,-0.0845181956390563,-0.032704342932235,0.060443870176201196,0.33919985711227807,0.6856289960556349,0.7591178328705179,0.850169415400299,1.0206901676003624,0.6994937353775311,0.9237379445063785,0.7676616799686959,1.3616570131942405,0.943329585068598,0.7524440350233119,0.26777670819408733,0.017778778182436162,1.048967261486881
