script/wind150m.json
{"header": {"parameterCategory": 2, "parameterNumber": 3, "lo1": 3.000054539987559, "la1": 64.9999836372058, "dx": 0.5, "dy": 0.25, "nx": 34, "ny": 52, "refTime": "2025-12-07T15:00:00.000Z"}, "data":
[rows 0 to 24 of 52, columns 0 to 33 of 34]
1.0365919047828502,1.1515315524423657,0.5436222542304009,-0.19352076904277976,-0.40287749593123817,-0.3986600323374727,-0.1201145490885191,0.48086408689841725,1.9498989660016068,4.643315712721369,5.128612659614875,5.821855953810956,6.338083504623085,7.169739211637299,8.281220390522616,6.731503406221199,7.234635631202289,6.308377453147006,7.6066549992005035,15.283993026622612,5.955448849764992,1.6291658251311396,2.7742658663760853,4.287564610710667,3.720734313600539,-4.330435030958128,-2.7476641312126175,2.177190310729205,1.0577816506130449,3.2567818908060033,2.199231720918349,1.4633997394781713,1.6331253483644035,1.671549773585978
0.46017217578787745,1.5846191440719257,1.376521751372276,0.4778274478115292,-0.1894384366472436,-0.693832430511027,-0.6986844607444116,0.42224414533163,2.1840765576757994,3.5347787603231864,5.080383629363075,5.400349888177346,6.01803354631603,5.946656781595741,6.495684609022293,7.709908519212796,6.827395737566219,6.343011251613971,11.773757907817131,3.1311989356942647,8.101550376410835,5.221142353264232,1.746635165168359,4.599399955140825,-0.7251214124352631,-1.101578249320974,-2.3646831241627435,0.8496848867211515,3.8337221212723875,2.8254341941921752,2.5165023512988354,2.1470838530409333,2.4284228449597296,3.185227792616773
0.3826962387238069,0.7607841133185275,1.0620884900047074,1.0174614869567653,0.25932128648070835,-0.2918933603510457,-0.18897914701074378,0.5264639548349195,1.5588764379518476,3.0952993557225246,3.839791166359739,4.531006496650519,5.549326929372894,6.825022939745028,4.333792205781998,5.981445186838193,10.046300549841371,3.673607171163107,-1.9263595710690036,6.043207147092358,1.5110459553797473,3.2400470543254456,3.921184441939639,3.8786890011273223,1.0200288720545039,-2.0735114505344994,2.0415942427465295,2.95351456926923,3.8782233806959194,4.537524281109931,3.8746612325844993,3.7647416875402873,2.4657949170436515,3.0568730814832077
-0.22414234994667687,0.9087164293085035,0.6345406898756285,0.818338123834754,0.5090560176285577,0.11820622551144057,-0.39249026265286335,0.3454369316720573,2.21208268071584,3.2889159886388337,3.0763780492012893,3.562196575671287,5.915201598372695,6.572455225769299,6.792034569584208,12.842142860131464,6.362321709786158,8.03433231982587,4.581428433717383,4.439103213250557,11.281254053186906,6.838429673759409,6.564287622614826,0.3770747813951469,0.022627927606210727,2.057481680649083,2.2661154675246356,3.4239835301509367,3.7162257407647723,2.7150083435963963,2.578456414416476,3.306609152580517,3.809857312698046,3.8319409943128795
0.49106625846953,0.2987368618969164,-0.03250116611282301,0.15867707136102063,-0.1571561142982217,0.3541641107886125,0.8495171829317266,1.4396813193768825,2.5272332706386154,2.8063064721724786,2.8618297115835585,4.054839201456186,7.288047282291244,8.32640928095854,7.90479079668574,12.615802579624004,4.9325668694985785,2.461973446496634,1.168948438404994,5.518173216168408,11.980353110362028,6.398117290969658,2.9177291671128813,2.7204526084432836,0.8584558903977076,4.180076844713966,4.666332993324171,4.391270563424072,3.998511724018125,3.7148399149002866,3.842961165855819,5.575688017210579,3.1007491262520843,3.399440685136758
0.204819885438242,0.016080865849595772,-0.8444865784449814,-0.47992063477387076,-0.5077559394914872,0.12750432653947819,0.8396848109744184,1.5664543810111704,2.3680776818772182,2.343721747186584,1.7690795682170894,2.6810442754420216,4.286165110056083,7.669524508795368,2.1439967966993723,0.9614206696321143,-1.1081481216331295,2.2527386716588533,9.27447779389928,8.195468827119866,3.2025183109019784,4.1460855841965,2.7415118017497564,1.0426014461721782,1.7948756704137938,3.3086158775321244,4.749258888561118,4.471083817171408,4.83985279985853,5.637841019285178,5.732959007044959,5.049946939533437,4.032070976974326,3.0674306533223556
-0.47497491326155955,-0.2681953120506075,-0.837154554714928,-0.7787832444826996,0.04139625317700285,0.4099500882671413,1.3877767638859864,1.107423928696289,0.6442117796600162,2.099554241798904,1.1132749124534278,4.204237244554715,3.698342990921337,4.378430774207175,2.5438219330776977,1.4315791613769975,4.082598325050099,10.253721761457648,7.444880123619175,5.62124654052509,3.206345774145894,2.208305378746296,3.5317000430183767,4.588187940427386,6.661093738973821,6.051410521063419,5.822927983945238,6.1844601342766135,6.071561401439697,6.837796802710605,5.244832624958669,4.250932270676661,4.50256124399157,6.073125590107452
-1.0960658870714892,-0.46548331430711404,-0.7562086960967026,-0.05591200613951116,0.02318960972517846,1.108492705820693,0.8765419413809762,0.3278090588375801,0.8957485440515204,0.3286776949109689,2.9024008807161863,3.528025816642112,1.8788934487062507,1.9943479652590856,5.3715349611171535,10.968558586248507,4.847728198130563,11.621868861729439,7.510400860263013,0.5970308548732967,2.767122940806288,1.661496324336737,3.223364539620452,5.273048327505555,4.359400926654935,4.799759399440167,5.328070645689135,6.961408403748252,4.830856485937862,3.7961679827251733,5.980972840468044,5.76715694467912,6.23587629372245,7.498827245467463
-0.7124413647855262,-0.27935194237596545,-0.12962404278489292,0.009791357996913077,-0.025117716629538548,0.9604306460417662,-0.30954245291077914,1.0404156862690426,1.2690667273271492,-0.003981331347006579,2.4909238655194343,0.5027717311513089,0.057320027316659514,2.190711134572804,11.325669577173358,5.370310227459515,9.694360966562478,10.43674082184756,8.274252394361351,8.214045651861886,9.076204513497633,7.807849543198793,5.624489279194912,4.9000466736806505,5.601445873981915,6.496896335020131,6.176636432891425,5.387291395766584,5.3040742275121335,4.803861541714544,5.082606797699556,7.487693826410477,8.632247385691073,8.282035915517596
-0.5150361967095032,-0.19252904798818118,0.21999273664142033,0.5777379248706463,0.7229606070302003,1.7094553928029417,-0.16747049794023186,0.9377748889428436,2.057685598203867,-1.7120134986596742,-0.10964794038193369,9.328928212754295,4.331018080717393,7.38447156463378,10.447845586388627,14.484194219051314,7.253687085926334,8.122622825292499,5.421242023844478,3.58342637913607,4.553048192085114,3.359492390717213,4.098358272921737,5.496798965502178,4.719765391234409,5.239535510783997,5.699376847500677,4.911128877495338,5.3405581466207375,5.122353024622311,5.783956483227956,8.505409831814234,7.63741061319708,8.371549070740882
0.2509897164402684,0.1969862894414559,1.2343844038649963,0.23495092246380567,-0.08899665320994281,1.4741658881050173,-0.6770642382842526,-0.4454282865354123,3.3315071964061587,1.2211391661562303,5.9893735696403425,10.448401230379153,5.01778374625474,6.338943629190343,10.91973227052621,7.439725043323316,5.477704107003274,6.238712762567122,5.592037081032225,3.7567301751361635,3.048261793080563,3.105309923554532,6.3568339512827,4.100962122458851,5.820612081243423,3.118610465696805,2.0309481192931336,6.188174299465425,3.1101411935619785,3.7157340568929857,6.691651698231282,7.098288509739508,6.98450550196728,8.046026289074751
1.1658692230305499,1.7106028648201885,1.6711349944521492,1.0864338441939212,-0.10639454916807886,0.32583128076543566,0.7171822117183795,2.7487705416611803,-0.2956001037085757,5.721933925334263,0.4751072535996531,5.016172367900398,6.122698244871363,0.5619726812126484,7.226848381708925,7.569395823508963,7.542869102469859,7.451837320796407,6.284876640459076,5.498136246403632,5.525277342672457,4.239710168679406,4.7312880174322745,6.531948999450298,4.665628728141415,5.3115904246361545,4.569827499609776,5.020166631563072,4.498861681823803,4.133190417034401,5.148645568223605,6.950601165227865,6.7084914389301815,7.365888043951832
2.4979095285990405,2.807142700293599,2.0771871258854295,1.268872820635617,0.23959882249904627,2.986847646615863,1.5796034783406951,-0.785931683739703,5.841620206854969,1.6261514399710983,2.837807381634787,6.051267506315498,9.0977687717901,10.648338885522007,9.355991746364628,9.18722077177671,6.793023913519195,3.24756654693658,3.4102023216249857,4.124901145701079,5.5282956899822056,4.347743193633679,6.595610120487614,5.855107930164017,4.797847271316341,4.076857994788038,3.8141141154416465,3.9503127158972533,1.9675666187969987,3.4631897898597894,5.568387658103959,5.912001080385946,6.263044861896914,7.071364796738814
1.3948088452159961,1.9936778146499912,2.694813767465833,3.6693084267663894,0.5307881645104794,6.559197574932037,3.6121423139222224,-1.1987930297778737,11.242398931317902,6.52193107609744,6.319442220000856,4.730394045849196,5.026682453632503,3.9880019244914147,5.920545099370374,3.304822300665133,5.891942979677849,3.3283911360650262,4.452436377147886,3.979893221700888,4.3929776340854785,5.473048842105642,4.847942278332596,5.181798719007146,3.8127415297543994,3.8262624132415417,3.405781157028557,2.8154521731610505,2.810412504828982,2.6983488103312663,5.190136003788913,3.9702906197801657,4.644809591263255,6.967158041290288
2.4792379713350097,2.621178329930029,2.414507436464525,1.6929850740349242,1.4182460528808745,4.608832498387225,-0.08168887711353125,8.522826496235174,1.3146890707200247,1.344303524748065,2.1309541932654654,0.5692243481815973,5.899483525312808,5.679050889199788,6.156128291940965,4.724914422825242,5.863672010017354,4.633438148920292,4.090618526280118,2.940982739641058,4.288379995486398,4.133916973524786,3.9550906843282423,3.0031116935852276,2.6466112409012976,3.48159033245538,3.94771387000485,3.9358611568352835,1.2325705832070133,3.140421345174986,4.845029242170035,1.2430278099752572,6.933222455895604,11.158060342646992
2.9613741567771,3.310599195956035,2.6202155740639075,2.346365078148427,3.992624218641322,2.1439972842107564,3.5398536391646576,0.4671086060172838,-1.7712003256150177,-2.1369674002932544,3.1489430575883057,4.597360223393071,2.7364356040039866,2.9759719785155356,2.8507197745238773,2.57632405795099,4.6773871701006176,1.8720290108375803,3.430670373270527,3.8629199841896815,4.617969118241146,3.7225408481225895,1.594191447736547,2.1729061436410433,1.2175724755536836,3.3731981117977496,4.099438876628303,1.5165478129058758,3.142175356940719,5.313504416534611,2.936906941944292,0.6304396380234053,10.354427566596673,10.552463446838063
3.7707224871036114,2.9229925351263866,4.032746983444902,2.8027311804578625,2.840191154132398,6.506740361126067,5.9310659396004155,7.956954637850145,0.6791003831802316,11.854159083810478,7.386198122213582,3.04787940229169,2.3483072617739955,2.7951406002788968,2.596586980446156,2.7503854592357624,2.0549688647089464,2.693265301154011,2.8155447582538,1.5773316370168318,2.5034107517391355,2.9371038989145863,3.045580148037325,0.963770774925315,2.750495668038588,2.433114710963842,3.3946428868592875,3.577499660126981,4.002393234078469,3.8464361502452884,2.399087230615578,-0.18083415553025697,7.306634897421557,10.205288236378026
3.08349751804052,2.9861939387390146,2.7336015798514346,2.8540272707900067,1.2334245412478033,0.5953915137244594,5.9366209866583,1.9454844040675463,9.319980518553875,6.541270923214986,3.371416845465245,2.2436510812959214,1.8829848866909513,2.5632779579774985,2.032632873391851,0.8435454615168104,0.9580856711983549,1.952598000770325,2.769149750761797,2.465429419093129,2.514293094400622,1.7050316805057648,1.9108128800680566,2.5234895053475337,2.565836056005788,1.3460274229941767,1.6899584765956024,1.9532679596943034,2.3871099073786017,1.1904199264276631,0.5146956334013782,5.187435385728571,6.1197959401538755,8.071517358017406
4.205018962984832,2.651475537126513,2.711906719476285,1.3608024730736274,0.9842439378312084,1.7470811390122707,1.525150563897705,0.4351327616727934,1.7726401002286414,0.8593639751702751,-0.6912857842204843,2.2402294667399287,2.8740182467398885,1.7372824080466776,0.1465380189912833,1.2632576172920649,1.7881955195364427,1.8453586068126901,1.7376871507945877,1.4981268135355967,1.1598204096188538,1.394058198545656,1.1835403452387019,2.6964901936657055,1.7491944970445723,1.3014592563985488,2.8536300826555214,0.9431762030966788,3.3122225835318204,1.909559363955064,4.912911097529021,8.150494870696713,7.078285020288877,5.4705809044548594
5.452917593663272,3.1117378459119585,2.0655629152502737,0.9091926296816218,2.466017934158141,1.0585042791268324,-4.292603517161861,5.851449709666885,10.053256573292051,3.954716669790043,3.730235657406143,3.7317636240219256,1.2965349022360075,1.3222181816233018,-0.18026171778455716,3.5875942649080375,-0.5217078868765096,0.6925520361782243,0.29574076339467137,1.029470185215902,1.488769790780811,1.3230889327096178,3.1664553489664033,2.1199048792743604,1.2456190934093978,2.486791395814176,1.5335367592111175,2.2750746446384627,3.0878149043874132,2.349810857723923,4.707839109889547,5.421083219878093,7.4724228649993645,4.513331990583077
6.102301471342065,5.425483682152513,2.8154103600658162,1.88062706830094,2.495726091266018,4.298629075951553,4.439264665671767,0.5921972675706816,9.425700746278675,3.6308265250713987,3.4323316399353363,0.4992928399851008,-1.0462591425341168,-1.9257658351265008,-2.1539701173222534,-1.7876386370245343,-0.6983583709229876,1.4020710799684453,0.11994066464091374,0.493623260509557,1.666838963475364,1.5027800381912186,2.6354042765410486,1.9559591514008998,1.6515742645558278,3.30545803502648,1.9639457209817122,3.3496125081091566,3.7972398434973904,4.179514306036574,4.544026207388227,4.536077479008288,6.847156108405478,6.191854974684064
6.152272336538638,5.481930583264994,4.856747810941392,3.6811715997105527,2.573767034872474,-0.863834909426858,-2.07401827454151,1.2402773261925994,1.1573970275517471,1.717650650450079,-0.06493148316150461,1.349592820360902,0.5761154607093731,-2.0496761195526885,-1.4765801236849434,-2.866518848237556,-1.5135284055851745,-0.5105641653151575,-0.24626046858901132,0.7648357370564866,1.0970159859512223,2.7247116240810607,2.1697666159883697,1.4835292048642015,2.4028005923615026,2.573032582131866,3.6731120292524664,4.876064770847358,3.4474614695570835,4.4453725232087065,3.678245860780242,4.293236305069538,6.317301086432973,7.232599253117675
6.649766252770567,5.928625747083772,5.388413640614163,3.7836308911573013,2.503417967176756,2.7905871784915486,3.5798090750970153,-2.553975409808126,2.0137668023059394,3.0308634815340043,-0.5751032656741066,0.04773971172297935,-3.2140919592503376,-3.926117769226758,-3.061236398004015,-3.0764320825345446,-1.6335243450123804,-0.934040302430808,-1.0264182587310902,-0.194116690605323,0.3260730610866143,1.1333414215319944,1.2918128560983928,2.6961108817930604,2.865427438486204,4.524091763873177,4.4258946617741515,4.924629111818782,4.323904667391728,3.882275328388207,3.4432363058462134,4.691480352188851,8.885655967565851,8.690662492664512
9.088098710869863,7.638165898116755,6.123296365891617,4.599706346782484,2.119912231095685,-0.6444638716626154,0.7065068500411864,5.8359510212583565,1.3406544146814585,-1.3056736957132953,-3.6317028395539968,-1.485679065047033,-2.876476090316817,-3.0677765928256338,-4.6072131219556525,-2.800554790196126,-2.132537943700254,-0.4112947643076708,0.2802606315725456,0.6872705925390071,1.767662778499539,2.117812699995465,2.4667587847043455,2.7230742472626144,3.366329814834443,4.935224683896741,3.825901371661562,4.206582761397738,3.26450770581691,4.936444363409949,3.129764155002351,6.71981513862022,9.302366159548736,8.750461708787425
9.79626393612752,9.365538182180487,8.296820794170749,5.634090114186487,3.0465447279130657,1.4674295663642898,3.4906576337675057,13.005637002524884,0.6576568984106969,-0.9935793212136771,-2.538963812675809,-4.143306503338207,-4.68483880197213,-4.657313956401949,-4.408769430577938,-2.6712613010387014,-3.1393293113467444,-0.44041315151617016,1.0778921453691657,2.1285823954642997,3.095233978333126,3.335802838115322,1.5586787334384573,1.840762646292258,2.740829457672902,4.493226601107007,5.9408984780234775,4.191248910770602,3.8584479318325893,3.0791855161225214,1.963860576423347,3.4497173870150233,8.137097568383082,9.014762680791698
