script/wind350m.json
{"header": {"parameterCategory": 2, "parameterNumber": 2, "lo1": 3.000054539987559, "la1": 64.9999836372058, "dx": 0.5, "dy": 0.25, "nx": 34, "ny": 52, "refTime": "2026-01-21T21:00:00.000Z"}, "data":
[rows 0 to 23 of 52, columns 0 to 33 of 34]
-9.342734484059996,-10.303028971991752,-10.489345982384714,-10.532640201572931,-11.372807487804968,-11.490204533625798,-12.133751207293628,-12.852424340462546,-12.437098773553627,-12.660525941206279,-12.97945318035627,-12.500409049317739,-12.826014916914112,-13.863291185284137,-13.087001016702873,-11.99277155440821,-12.249604453176612,-12.41069869956076,-13.282254132924034,-8.881900817432475,-9.628913889854795,-6.865095788971009,-9.654896411548554,-7.100801509947518,-5.460532667410368,-4.3787698981835,-3.250647971860909,-2.5142875364409614,-2.912206186605494,-3.4023154216850333,-2.1907903384527128,-2.802820874782116,-3.3292357269410844,-4.573680607399569
-7.0464932681568735,-7.160382260287624,-7.618362982774789,-7.983300171177598,-8.422444833507123,-8.965382719028478,-9.872196742178502,-11.246384777698458,-12.24938285340203,-12.350981693427443,-13.034656963780568,-12.757877829441274,-12.742975584898792,-13.842366242915283,-13.543349518249116,-12.360966308726908,-10.962550260290303,-13.569853111588042,-15.971101011316197,-12.756110418196686,-13.3940419910384,-10.592109975661671,-6.870450553685962,-8.49856593186145,-5.185309376296239,-4.097887999024449,-3.7511043821139043,-3.8732413127576484,-3.5875170174811006,-5.133840203335273,-3.2537562196949894,-3.8298921370960453,-4.963949428487782,-4.7521241760135915
-6.737239656062263,-6.003943088002905,-6.069717464302226,-6.844504514567613,-7.024159962335784,-7.184573583822627,-7.088648352794741,-8.180578791833264,-10.379696800381023,-12.117920307037869,-12.573707151333057,-12.578842602297323,-12.773640118475523,-13.538070270953979,-12.301346416952908,-12.369232648008389,-12.7167398232483,-12.73212447993508,-11.993276139517869,-12.22139262772191,-14.533343537608012,-7.959393382168836,-9.650742726236716,-7.178369866397802,-5.5077141919444745,-4.734779467978409,-4.136166282828431,-3.740175948121289,-5.416062727253711,-4.932709887303083,-5.053978290504895,-3.8017199553525107,-4.570850166399598,-3.26519301332605
-5.466896310764519,-5.877425366616802,-4.919307537995684,-4.785737752592634,-5.329567945715895,-5.55980952835585,-4.975734604809581,-3.3421066947572466,-3.7149682047563384,-6.428922263197314,-11.751404672876108,-12.860200217765467,-13.71806000612453,-13.863100087369483,-11.2965368114071,-12.57564469852901,-12.784092833998644,-10.897049905211134,-9.13963346056818,-8.27220864824427,-11.088449905103008,-9.536921886141132,-8.082450277756479,-5.390078096031235,-5.756036875999095,-5.506377760183691,-4.386338198918434,-4.76169439737161,-6.031657678227143,-5.6296258397287895,-4.7031341956822414,-5.452872220373213,-4.364935123774812,-4.1421874042972116
-3.9917989193009507,-3.2409004877923517,-2.5577041960018407,-1.9199408171969468,-2.5101740270621042,-4.214686645686317,-3.191536953825551,-2.5006627233386696,-0.9377161368545245,-2.0272315955093876,-4.521408057462436,-12.648042139771553,-14.79438763919816,-14.606916842971122,-15.469820482495534,-11.42366425888477,-7.513636142049535,-9.466233491822384,-8.480910571598054,-10.882677417821242,-7.864930637609098,-9.50476534146015,-6.116042400809648,-6.625215076082088,-5.063089889591345,-5.657344919775564,-5.706056565144855,-5.736555587085669,-6.500361588673688,-6.392218720755166,-5.927447325836748,-6.459827730256752,-5.471710440597787,-5.720058104956048
1.4683750681292462,1.5212228694585381,2.761868502241961,-1.3771570138602924,-2.2051176027248425,-3.3073624224641973,-1.5066571411201222,-1.2008808759143437,-1.4721126207388662,-2.3591029939370953,-0.0912500011204923,-2.1078803384279188,-12.897888076012002,-15.792414335457577,-11.696772334847827,-8.566643539965726,-4.564807486774895,-6.530898365355357,-11.692254441040488,-11.979641554616261,-9.193463165421775,-8.150770047334435,-5.587468475705898,-6.003475342635574,-5.177743324033053,-5.476935056916136,-5.045557405093732,-6.469704395719567,-6.089297660923061,-7.564240374592553,-7.090508386372914,-5.806542531923082,-5.657338052479481,-5.111415803099475
1.0518771214565843,3.3439392150814493,2.460348540476764,3.3917107726878775,0.7223333030814244,0.0409083888535858,-1.0876946036774693,-1.3729076604415489,-1.8319510434769781,-2.4548630364341855,-0.3451168888609867,0.21518749913174143,-5.110839754109799,-10.55852747726267,-8.186346858307349,-7.630598005542609,-6.159820248105407,-8.962325371788328,-7.777575213673158,-9.40144627309059,-9.570963737243492,-6.578769674306327,-5.654286091936722,-5.566427653593186,-5.9250803837217045,-5.3579813828850975,-5.250761470889543,-5.00273843213782,-5.3555784498035015,-6.944792314704276,-6.321844317800092,-6.180294177272325,-6.083637590719862,-4.998730819343014
-0.2780209058660364,1.7723115315630151,1.6182573521689656,2.100281159242766,-0.054683140295646894,-0.18662647697910983,-0.5368701865509766,-0.5980270725248269,-1.0984774135602178,-2.6919415313170165,-1.2156044173408376,-2.28995150441907,-1.52269631683979,-5.173577988013843,-6.684396797327629,-3.824474741042647,-4.99752751839901,-2.959137924377374,-4.5110609984329555,-2.886388604390041,-4.387488401091581,-4.960550964469446,-6.497845123123778,-5.766182136038406,-6.151774976550177,-5.812381662719902,-6.527468864216062,-6.459288100056997,-5.505874688435462,-5.437145029200541,-6.602401716788792,-6.483864068562631,-6.488598370428321,-5.44519622904363
-1.69924740123249,-1.0604854880244239,0.4002234808423257,-0.5930560352074757,-0.5438300826881104,-0.9416885597330497,-0.15158720195677422,-0.7202827270729115,-3.4906236255763727,-1.3833914344176805,-5.90327434922937,0.9916302704221428,-3.8122684262173836,-6.002636026424952,-4.215679057742291,-5.405646526685481,-8.82046134938507,-1.3809917190448318,-9.010646388543591,-7.575893539646428,-5.645705341287479,-3.1220937646926576,-4.082363565705129,-5.245255555114204,-6.1764872523783865,-6.481630858206631,-5.226136273386557,-4.681045544843786,-5.21894018111475,-5.007250128591266,-7.936060255609573,-5.570435254213372,-5.458291714428854,-5.177546393379839
-2.884260972008626,-1.2850230491905341,-0.44233317956394164,-1.6016623961235574,0.033149170280118635,-0.8854841323945187,-0.41529674587696974,-2.3494231532245693,-3.1240329336287607,-1.3216423704221831,-7.594995855340772,-2.5603746905665616,-3.798542609676659,1.9344757311551153,-3.0750027470606005,-3.0850332443248702,-3.4052991698313098,-6.615106167613023,-7.0680785394234515,-4.915279914374387,-4.523130193736398,-4.766995313733206,-5.26589693557814,-5.595859101079401,-6.598777207095998,-7.424520645136619,-6.726602526167669,-7.459931467881586,-8.08525428205156,-7.701982191063733,-5.740228044017276,-5.510756692120634,-4.927425728431879,-4.330826452798846
-3.96315675288342,-3.3188737423238655,-0.9396279915333655,0.19019424855258718,-0.6747931697248876,-2.3227131943229926,-2.0436027241288297,-1.2784980933013623,-3.972261254449283,-8.81440626068816,-11.298944675016582,-10.896718304434938,-4.34419011592523,0.0710867798881664,-0.12728496333000883,-4.4229930541811875,-1.9953309786401263,-5.559670292303131,-7.46536217843756,-4.554739597461919,-4.471286642920295,-5.269343883098404,-6.095619643131601,-6.946598461009698,-6.6058190977322955,-6.806477437921314,-6.115232924546724,-9.863835361732955,-7.821711438566456,-8.092810371538246,-6.380653197638057,-5.525257668390761,-5.126296063073881,-4.276534977251502
-4.874905189086298,-6.420056620439797,-2.956973519217608,-1.7214467119718868,-2.3091605398907156,-1.7834277347670109,-2.3693685687179213,-3.8836617568729084,1.6494157967435237,-4.230423868002309,-11.92329876379076,-8.066618755248092,-7.335314614815462,0.5146790533458455,-1.4674641587731705,-2.8864434356296345,-4.001859392779462,-5.37011582624247,-5.7575018211884395,-6.100460910769893,-6.1223644763235185,-6.1783541780028886,-5.610411769930089,-6.5333163528790825,-6.731028048128238,-7.800686804927103,-7.733573259986873,-9.926387283710314,-7.215053592445071,-6.637560508547347,-5.715007134288395,-5.291326248108,-4.770674389734677,-4.2730830923521435
-6.4045669280856075,-6.004649003052526,-9.332814658750978,-1.2880318476934742,-2.2937425073891617,-3.4715877318512947,-3.432128063744696,-6.717707648750356,-7.455513335291506,-11.534652920955983,-11.317561622302572,-12.143047054497703,-3.293591720954881,-2.259694110524462,-1.548863195615855,-3.1663470816195978,-4.790902284932742,-4.9238003701337325,-7.606940239368833,-6.715986548511457,-6.299805635435506,-6.327548059943439,-6.9647314772945235,-5.1301858364155954,-5.433387812321485,-5.400740836739306,-3.4474600870751333,-6.156823113875545,-7.330263645731007,-5.78521285866069,-5.975864339578217,-5.540508531107768,-5.193570358936864,-5.045731038701569
-6.09976014544119,-7.9867866019340275,-8.648194132129605,-11.856064120199221,-7.310557737702194,-5.414891417611086,-7.631936670586501,2.2929608519120137,-13.338441723764552,-3.8525013038708282,-5.760619357917435,-8.183989708534076,-3.1020827434556693,-3.8386282198865094,-4.107045457648292,-4.1028383931043075,-5.96317363601351,-5.028256796867754,-7.070187211103175,-8.226311982544326,-7.152788236496842,-7.110227349861969,-6.932563498300206,-8.410369843818437,-8.409632646095343,-7.78085521433333,-6.542026673456823,-5.602332617522692,-6.040734889289287,-5.640576211392404,-6.011210575475872,-5.596702066625798,-5.374850876311394,-5.619434046348631
-5.3062859582076,-7.791448906587653,-9.705781370930122,-11.96178641234949,-13.862196946430712,-17.448358062100827,-6.994163472844093,-12.366558437127786,-5.506786393698331,-7.216841717938172,-9.940068521275803,-5.968017705502053,-5.348810651383735,-5.912033418603659,-5.484927162116379,-5.6733943257403965,-2.110785131329202,-7.777968812626392,-8.089492980822909,-8.699084261948084,-5.489054534094735,-7.984678702477009,-8.547547667842597,-8.02290290727172,-7.854619381477545,-8.800415280414235,-7.675798806251088,-6.85841561750228,-6.5841951876348315,-6.806281526037383,-6.0011928293166745,-5.868912875800997,-6.28328918096898,-6.29728689541068
-5.5173698986280755,-5.968324333938805,-8.038273503762387,-12.930619910209133,-16.407110002340684,-15.731195880940042,-12.594211991666072,-0.20153339322242764,-6.919469640619333,-6.90383213485913,-15.599647573777133,-10.822855783528011,-6.298693463242803,-7.611243337201331,-4.482021652790543,-8.430229751593405,-6.900692077079922,-4.734684414455813,-11.022444819651723,-6.421418882998874,-10.955983095104235,-6.7860633224624465,-6.335167947402365,-8.620845400251316,-6.515266381144019,-6.218435456010301,-7.25367123002326,-7.069108217167343,-6.640409652119599,-6.14073378236536,-6.591662333953621,-7.182151330990436,-7.333688601042145,-7.080799305961803
-4.952195815729395,-7.901662952494095,-7.203505029242313,-9.544046916019338,-13.084280384970508,-16.44133643565415,-16.69435476764169,-7.5679518295651516,-5.376403160464202,-15.079403462783716,-15.406453684024953,-10.3573534611199,-4.706436262849821,-6.605257124834191,-8.147557951538943,-4.216167886227874,-7.678107584390979,-4.912671752983305,-7.286905205853736,-5.276326229850285,-10.545202355120058,-10.912878541236159,-10.421798592696213,-9.349078498682559,-10.151813272046576,-8.153359375256057,-8.676481425663756,-7.7687100474536175,-7.396789911095334,-6.77498211279218,-7.434579156491704,-7.33895857833712,-7.38500382855469,-7.528691130386021
-7.067058645699888,-4.263791097766265,-10.340006586789173,-13.612280623074273,-11.264025654429867,-8.816688199694184,-18.448014064252664,-5.144511534792608,-15.927788065724505,-14.898945596733153,-9.193825500146547,-9.816198530263808,-8.331553089913706,-7.681488155196953,-7.686988427432856,-8.458389182602433,-6.357041090734716,-7.115135796130561,-9.194218692293209,-10.899082046365706,-11.846425078156026,-9.231486424430246,-8.884576979386042,-9.91959345005659,-6.833218246329158,-8.96529585648396,-8.637608675093,-6.8294620344014,-6.996772797128807,-7.793405234367836,-7.3886577214466564,-7.319758322438732,-7.497903652682155,-7.910226572764124
-8.133021041060603,-5.869802381437285,-2.9801553401602345,-1.9816751271463835,-11.97541874756124,-9.896986045826061,-11.78163056087563,-12.469987217693063,-18.524931195186785,-15.205324089309645,-12.776563131857678,-9.303642654296228,-10.000186534277695,-9.176544462386145,-3.421712513470002,-9.09261864459567,-10.027576035183241,-10.51576245743305,-6.494336423192988,-9.858384923127568,-8.784637526775159,-12.112935094072691,-10.654026875109107,-10.473929241636391,-8.462378099214332,-9.035716525308864,-12.192240618728805,-10.362813876221741,-8.502350030446282,-7.17993201707055,-6.830934507139587,-6.691180309088369,-6.99558071052801,-7.64573260251857
-8.806898902085246,-8.234922480590118,-5.037229174945954,-9.419522266970008,-10.642217045929149,-12.065673580137188,-5.8086135055186965,-6.401198451125276,-17.830852299314955,-16.680911402848015,-14.582764633430278,-11.183251781152928,-5.362538543163973,-10.079049812832015,-7.820294831065881,-10.50556302753401,-8.163581990299479,-8.962112149472373,-8.73385781181071,-11.035453547562868,-8.629146287572052,-9.347570817795322,-11.510642383294474,-11.583655811940359,-9.340819369820865,-9.00440448522778,-8.038306532864244,-9.25717936739453,-8.933473448174157,-8.577538586565945,-8.515049120309792,-8.396018718399612,-7.614026008203215,-7.979980061301636
-12.43866752097875,-9.578636485527166,-11.024289746681415,-4.154725130149302,-11.924101996578466,-16.18224315582726,-13.869544843720046,-6.304834637030245,-19.033208955293162,-14.415198592393134,-16.03429791680303,-11.273511800629333,-8.95450124473488,-5.389658025212054,-4.169274793037176,-9.778452594404255,-8.551305372833502,-9.1995296649244,-11.245915772823619,-11.156419015897141,-12.521656043195733,-9.475203241231364,-11.896309172314325,-12.041300440151412,-12.251621102432248,-10.895789826521339,-10.031031397888496,-8.874780359414428,-9.228148478669704,-8.905322564504754,-9.659230446945935,-10.302907945908014,-11.277345328762006,-12.067689490620815
-12.527082135102946,-11.378205386006073,-10.942389537447237,-7.585619590165268,-12.135487097491898,-18.589285279205775,-18.241437727206662,-23.909511329779043,-20.278814262801443,-8.506667548877832,-11.230800309592208,-11.659646070099479,-3.159279407057144,-7.017923811713093,-5.745667484660741,-7.0898905647705455,-8.517850118434161,-9.673521972488716,-9.154636195724327,-11.04053711981005,-12.171577749586772,-12.235827017079774,-11.934376320624779,-11.36973322447285,-10.690746351411184,-10.970748749660249,-10.61129171389732,-10.367619057102047,-10.202429685946429,-10.478695845893899,-10.918173469415837,-11.257187840330479,-11.793557321934617,-13.401292737233861
-12.788568047111315,-12.829520348349194,-11.466345224746787,-14.81083748780532,-8.626791932019824,-19.097759287284813,-18.269841990120398,-16.427508927204318,-16.828654754821127,-22.265872375691625,-8.898591657115464,-13.436126325131331,-6.793162451081767,-9.308920054178719,-10.166225212032826,-7.157460683879097,-9.045192531097527,-10.973841454844523,-10.76759839836036,-10.647929762591662,-10.645338366989334,-11.380191744504826,-12.594934871835514,-13.462772132939774,-12.111781333587619,-12.456287716618965,-12.29068092881605,-11.579008082349398,-10.441303850642992,-11.000252866313346,-10.870377479361471,-12.040790233305161,-12.54308340715379,-13.344130606785553
-17.206359574002374,-13.50976490407801,-11.46496480182375,-10.81677285462632,-15.405464992107493,-16.26570868461052,-16.28861792917465,-22.115084215261803,-22.870377001441376,-14.360955292215417,-7.5383328540839765,-7.706308239518743,-6.9117903740195645,-7.571380873469754,-7.811433878946442,-6.513277985761159,-8.359565406899241,-10.67125634453037,-11.711465539039505,-12.848685785049007,-10.65431712037712,-12.8439807018594,-12.520014535475363,-13.548313811616326,-12.335287042367565,-13.372658510738422,-14.67513398791399,-11.717526593895615,-11.694586319640589,-10.792571777834121,-10.832247617118696,-11.986572238477276,-12.841248788785537,-13.58445144988588
