script/wind10m.json
{"header": {"parameterCategory": 2, "parameterNumber": 2, "lo1": 3.000054539987559, "la1": 64.9999836372058, "dx": 0.5, "dy": 0.25, "nx": 34, "ny": 52, "refTime": "2024-11-28T20:00:00.000Z"}, "data":
[rows 0 to 23 of 52, columns 0 to 33 of 34]
4.858115265444872,4.850188855515632,5.61384996665367,5.764375169645325,6.33978523947666,6.512093305505019,6.8215854035515395,8.882544249149522,10.925269202925827,11.786312139968437,11.31165577377456,11.164290671302206,10.948279964819255,11.0172739888742,10.927521175692398,10.515684845065124,7.102343872704764,2.77894813274323,1.6648285146413686,1.2570941582869,-2.468348560772021,3.52063810471247,2.1511829948139174,4.232912948244901,5.708723961889378,1.8603083041877808,-0.7786397962672477,0.986873360998819,2.2216338821047237,1.3798142918486473,1.0770454780940646,-0.26975739394432463,0.1119958035619992,1.360324944455966
3.268874082335094,3.7117455632082006,4.404163937717049,4.698085151380515,6.442713060620216,8.418786592693717,14.369926982701765,11.776833277148103,12.670754017323008,11.512683570237613,11.703847677456302,11.234973216723915,11.499794669789777,11.189357594533178,10.09990221752381,9.52474783323718,7.9814051955700815,1.423860966312159,3.5329047968055005,8.616191807161242,0.6896715703226671,3.0268868808433935,-0.5242774698873399,7.338815271277275,-0.29830696816166336,-1.063722621427237,0.6817657859445172,-2.0723187005846775,-1.4659812357595894,3.851158447360766,2.303514021264667,1.5392606330086178,-0.7946564699887639,1.9853869166635851
1.8312295995200603,3.7402263164247884,4.346339432105608,7.135755403154084,12.046769871575988,12.346195723908307,12.192464118768857,11.24869511057658,12.012494067184603,12.382333103270303,11.750783190122704,11.57019942546847,11.933168043503695,10.66494530786467,8.08203311606526,7.500472563361625,3.6684699095417836,0.4035090118661189,2.246493950116049,-1.6741675323338037,5.971612908049454,3.225639338309809,3.2494948998746556,4.916986909027802,1.3247126399866154,-0.8116371532828768,-1.7912442916990867,0.3823542462462218,0.7994925267267582,1.8539099238398928,2.544002404018195,1.0304732140736281,-0.49602552752454926,0.4702358719993618
2.6214602006878387,11.01374089113899,10.666612703920517,11.775293163341882,10.685030909091342,11.444657053846328,12.103264964051819,12.599275180400415,10.445812746185958,12.21195556820642,12.24372635104303,11.717539555460275,10.537662797608503,10.599255585135753,8.1290203110763,6.4047786240244164,0.877176130760967,1.0665699165368112,2.9335410146940966,0.12354215627466635,2.2266214341123947,5.884049387181618,5.140991658659347,3.6071260682533866,-0.4510725676733524,-1.4949554880773328,2.498059780274082,-0.8408394282166374,-0.8679078642571255,1.306173199866913,1.0847765858830347,2.989799787621881,2.3239114190914734,-0.0025538603476920906
9.318486726975811,11.193295150160878,10.218437990004249,9.620689456677523,10.15673978480598,11.174919514489263,12.102912971519105,12.390530202593508,12.105498110376722,11.50756861929916,11.034246414134914,10.306417568729394,8.481469535498809,7.794066572436269,0.5081417638542878,3.287376479604079,3.5736418010645825,1.3065807715798103,1.835814717591971,8.977572979100588,3.1657289328006546,11.590021480069257,-1.0250462692131763,0.44852798902246027,1.4732522888534452,-0.8076312901584821,1.0211282542390965,-1.1557643781761844,1.1732264656001474,0.7347284562413987,0.18896610701302316,1.3870466641888317,2.8073429079195362,1.6323754789849134
10.27026713412401,9.88538578116204,10.043916803711577,10.224623118789726,9.933767132991113,11.0172956731462,11.787506513678023,11.174126645112068,11.674356193286451,11.030470552958995,10.292089732674025,9.839687604701737,6.5345344149948525,5.348963514491869,1.2905472621395113,1.2313865483600772,2.9490933404296666,0.8123220087288634,2.289266366837519,-0.4196969727282683,0.057152070702984725,3.8352901831140804,4.033295253818313,0.8197412144646776,1.419062051960994,-0.0468901180322443,1.562450482255361,0.9732606831690934,0.6410839947293236,2.0773748932226916,0.20394690770268176,-0.8577374077028623,-0.2852294470598234,1.4754343780864727
10.073102168841258,9.98316927308814,9.371537028379164,11.292278290395531,11.180685284048813,10.914935076713055,11.254616890473143,10.417085190386613,10.012093666897442,9.987327780117639,9.731330028845088,5.313062424701069,3.0715900368181805,2.671610917734871,-1.507761145610235,3.1905946829593343,0.2320408204307526,-0.25835598065803583,3.4256151397594503,1.6150208566366593,3.004355997800461,0.7655507528092059,-0.27730414348336707,-0.6874037350224421,1.7357612238716817,0.44398916461384635,2.9851021570555987,-1.2382479528028252,0.24790505140619512,1.2484204893879778,2.568729095128801,1.4488231684421666,1.4425591897973857,1.7172370251638873
8.545217448618333,8.955418475398575,9.494213722446897,9.45221542407786,8.813822019891743,8.862618208724207,10.74185621835356,9.495045734743583,10.104614979886952,9.707228366232064,4.1095865452627685,-1.3257236693590455,-0.6066951319344402,4.851887166137721,-2.6865047915148845,0.9647310936501663,0.6173697996651262,0.6606859500824124,4.510373585747512,2.003937185642425,1.6699227109948276,2.0591502681581946,-0.6900682123688836,-0.40183642845010564,-0.1416711658057718,-0.2839498051419919,1.711107817692105,2.354468540077223,1.2858031273840822,-0.11746197480521123,2.2332434902571316,-0.5079186835870776,1.8897372550244198,4.113321495493276
7.686403494184116,7.865682386304278,8.915363213175151,7.280454351445155,9.235643333325719,10.012449076284213,8.428793246393367,8.649339971310699,5.754383020745613,2.4459741771238317,-1.3695387606932088,-0.6997980812092655,2.181555206617414,-0.6866940597056029,0.18210256639633943,-0.7865049345524362,-2.112278616023481,4.3577685429915505,-0.7198640101451386,2.559749970804652,7.383448270569783,2.491358045220302,0.010069878615486905,-1.7405337171334605,1.0474762112644869,1.0643453865365073,1.8334677237167927,0.46699964449849773,0.1681429549759043,1.732935102712476,1.2964979792318585,1.8519860324177557,4.078236865773524,3.4155052289540837
5.69983991719651,8.359464421118387,8.179101943880243,8.331723226717884,9.679668738471065,7.336396499438447,6.533312618078529,3.9191305039084625,0.18994447178768564,1.6365476710241902,-0.6067231750386232,-0.7107984993586602,3.7835280807447864,1.840244213584819,-2.8491410222796567,-0.6694802967021953,2.282419169348313,-1.6026719073254556,-0.4618628342847366,1.130860439994462,4.966591904375701,2.654254649979328,2.4594125464073127,1.7744032944113963,-0.06975157790225404,1.8557174591424208,2.2047009412170784,2.557487178703324,1.4408626709387267,2.1150261312196195,0.8310913901959525,4.759118234079997,2.7284624693255055,3.0629416819684727
5.364786481416935,6.520420582026455,6.950652937314392,7.136420171571443,4.789934413723915,5.746642593638447,4.934594090670383,-1.5349910120825478,3.7646698928455455,0.6791116898791247,4.426716004576617,-2.5240711028848124,1.8886160796724667,5.073831251007455,5.7690559472254925,-2.626115203513801,0.6109129414586271,-0.18887445452644533,0.7455050352838298,1.2245041049675534,1.364468542413703,-0.4350402850125926,3.6443737062431105,-0.16568138670638874,-0.8739849336202727,1.7428653147404702,1.0972872966024583,1.6197626981366156,1.937548054772083,1.6222300007867518,3.5213230893826006,3.409220319522422,2.7284400550722068,2.619630342098092
5.799985809833488,5.131661705371024,7.056869701162987,6.523619685228867,4.8921768117024005,-0.04546076087233008,-1.6569706767139138,-2.522390156767621,-2.4439319327977405,2.53134498737533,-0.651440420713215,2.9428114050474634,-2.649593136478552,1.3923692966825103,6.233622817696244,-1.2952199012111631,-2.736592937421703,1.9460622183919238,-1.9150452622463727,-0.22282561019092395,1.7695871142879356,1.4703852991958837,0.39999427675467775,2.1808664702833687,0.41817693427926783,-0.6553787642875034,1.20627996714995,1.7440667663368672,1.910439486622505,2.4359281703324607,3.786071142436188,2.887503300014503,2.8785947735211366,2.3835652994083465
4.040497072252798,3.765003228165136,4.087545648392977,1.8807147433565274,1.0962795023754655,-0.8125083475231016,1.6651949852207693,3.171109468373701,-0.15502054672196972,3.003250502012706,1.6772430628039505,-1.0248849383435703,-0.9812150128268454,2.5736962420502283,-2.7154706417230003,0.7829503468487641,-0.9546058122001473,0.4812720060614403,2.4816737806479314,-0.4182091283672805,-0.9541284617785939,0.9532124999027142,1.5565744402913344,-0.06923767043764964,2.031593012397968,0.422125812587469,-0.4851564831625844,0.5170737850641173,1.568505354638899,2.860347689564807,2.9496128101618115,2.6641979341296245,2.7660365874385375,2.8361272025826656
3.1295237566425733,4.1112789525373294,2.7787349969368518,0.18486336952709273,0.5969277493212156,-0.7944790590711631,4.852646021773137,-0.37189052105475023,-0.20002413657578696,1.5664119789026008,0.1339504570765543,7.602999204529588,0.40971619456365654,0.44954441621350794,-0.7419613528219227,-0.9081618009499636,1.2220736529372795,0.2623562227037814,-0.8701315649306892,1.7631000222029387,-0.283421376184938,1.3934086460778534,2.737458231685178,2.2997838203328906,1.5741514563167434,1.8262040580957337,2.4707156267546533,2.0770717063864135,2.1588040504368613,3.5744571256825726,2.6472493578043887,2.393567033047029,2.686255463935604,3.053421341896579
3.3867898327545007,3.463376514967353,2.04284167974304,-2.55738570518533,-1.7065392320722814,-1.1965174150745341,-1.53476516461588,2.6570122188170586,-3.0535356301545855,1.713026502812982,0.3751432565587028,2.814068281358517,4.255332007439928,0.013972334153557395,-0.7190026707263613,-0.20212089692304913,0.8972060010792877,1.2900173730882245,0.14377330331017285,-1.076739517828831,0.9924095001436101,-0.2969497284261574,-1.0703720466443938,1.9506727292822834,1.0894836413623747,1.3226708626156758,-0.10682580774494096,1.126799429867645,0.5832308707211425,2.9279806844097114,3.0412598621998725,2.668619711826734,2.4293942901643244,3.127599600771996
3.3818116471554376,4.698097480079839,2.409573909152396,-2.9891379897777757,-1.5879926069294406,-2.162232215592629,0.16935263229643313,1.3047199512765777,-0.7386588804726221,2.052711517293069,2.484378112492699,7.224336069791166,-1.2244071986620433,3.525865579603981,1.0303774683145677,-0.5209084741634165,3.486814710691993,-0.981028252884797,0.12504093007206324,0.7611497378087518,0.7426746175688248,1.8041307836737024,-0.14673083620670782,2.1077170808207835,-0.4558229214310907,0.3928143952928148,1.901648223207627,1.1119363088448215,1.7921063383652585,3.32893917985126,2.69901137770663,2.283046272482772,2.7435176057260846,2.5405869115015594
3.8210234344960794,2.4719049584264203,3.7929503133518474,-4.056447306641943,-2.30386399731514,-2.041747418780684,1.334132848525366,1.1164387673341156,1.837397129648912,-1.9544504432886438,4.074482295413137,5.547308417277533,2.1782347915316436,0.7200424845253424,0.7753730854593143,-0.4685716064774394,-0.5599596290725978,-0.21018899741885855,0.26521835081145634,0.13692171113167545,1.4929794963405094,2.012465060287201,0.2365998054536992,0.24264538575122083,0.8688765674947821,-0.2554608793454186,1.6959658656820158,1.7740745997811322,1.285757261851434,2.743846046674743,2.000328427649811,2.26864065101404,2.936735970431863,2.3046657880595816
4.470260476190128,1.8649161286390035,2.224526097123675,1.3796248166401015,-1.6751302404576505,0.6622920751795546,-0.3266445937740534,-0.9183965913611057,4.050268438802933,7.682289653179052,0.9765210516376306,-0.048471228540944385,-1.1272432039111397,2.1862487956563186,1.4137473438904242,2.3054781284607753,-0.7284821695223065,0.5996397115764563,0.4894509584276479,-0.17312284733875327,-0.8124504396533636,1.6504782270709637,1.822740647353235,1.8241388075484046,-0.869773622997511,-0.2900514944435845,1.6732904813130447,1.1213953386921836,1.1781270388649936,2.575557797483798,3.1771859498876607,2.952495074521541,2.8306215987053935,2.516369462947291
3.0630078803278273,2.14973111846221,1.325686973244801,0.6454847058295995,-1.8972798634658925,-1.4307751281716132,3.5905377966210286,-1.2474251133799494,-0.3428924256852722,3.663642746124177,2.0221529886104084,-0.14984903676931807,1.528647515361831,-0.8648063454156303,0.9521316847137953,-0.4421010883804743,0.24352072663592406,-0.7386741439817427,-0.3729141217861063,0.3511965565881488,1.4939785827401666,0.4949593625579394,1.559301907373102,0.8184975299350311,-0.8180693333412555,1.805617702933587,1.1885777177591337,1.4924034205747978,1.0733497253793813,1.0238028858766408,1.951952972193512,3.016992572295251,2.7477203187302086,2.370264905321555
2.5096980097778605,2.783203595827331,1.8645757404111698,1.029999066619797,-1.3511194759981968,-2.1306861533378676,0.7699077977582253,3.4700041610404906,2.199637491829961,2.7831834995486204,2.2555803282176172,4.502693277791477,-1.2631670267731505,3.8114902985767816,0.31452425311875204,0.84919733435554,0.9584512744192346,-0.07608809259148837,-0.3161916857718419,0.1405998708563613,0.5271095274598185,0.00130540723507256,-0.2676685297341554,0.1534632975278055,-0.4648193642916916,0.8646529654700326,1.0136864007624147,1.0539972493668301,1.0543211540511699,0.7510592946147401,1.5114745638115394,1.6120696336146616,2.5851235258617655,1.2213402501519777
2.36046247143516,1.8962037254038537,0.3826225244776255,-0.9790824108901964,-1.663993300329801,-2.5469201829060526,-1.3765451745304005,2.7846847833712434,-0.20341656522575285,1.2318029452894956,-0.29688036938036866,3.1704714786911654,1.859832529152578,0.6709644536609275,1.2028590238035601,0.4845528615320261,0.313235205987759,0.413949620090344,1.0951934049068306,0.5435687616541538,1.290720813259792,0.810634983972452,0.6063832990110419,1.1506051375243467,0.06774404403678778,1.436380360108113,1.1331651764191308,1.1270873557815226,0.9225068693411842,1.1532518884602552,1.5682036156357824,1.4572453471984401,2.168717711022494,2.7390915510198464
1.906616165210341,1.3237666512692479,1.0034415387833253,0.3820365074436829,-1.8429781079280665,-0.86367231309792,-0.77515226883492,-0.8359543110774389,1.3312069258236738,1.1482844603655322,2.506898697404288,3.4527767168275254,0.5513875866984651,1.9559158679299553,-0.05073806909510625,1.2732152272761357,0.33542262119537336,-0.6435056572984611,1.161339639534668,0.8421587377327033,0.6143811990087245,-0.09809265264935126,0.2721538454556777,0.5875501348277906,0.9560580744998262,0.7088060864581485,1.0040811896503379,1.2434419196374247,1.329447962071041,1.3980120301344732,1.2705903049322422,1.405267613798745,1.6054693256062684,2.7772259542323092
1.3762262193439787,0.3971984214734586,1.0766036526853555,0.9469754829546114,-1.4312773513494963,-1.9983017398068672,-2.093152964184733,0.683758482119955,3.182739281523208,-0.15761939043571144,-0.9771780938003505,-1.211340128464472,2.6568220949376964,0.9605890574170173,0.7265906456730261,-0.5349121683065139,-0.8660605931650298,0.7632025051773078,0.7036759621570234,0.6926802447309648,0.9306009569363832,0.520047774525622,0.1150768094810494,-0.050080198344338175,1.3350444183245784,1.2827481832189314,1.6053396190415583,2.1332870126758556,1.6156523075556362,1.3545626963327861,1.0944870092137213,1.13757484415997,2.3486081051435965,2.078021496660997
1.5458638014876465,-0.2282585713235024,0.5595071394383848,1.5460437186535938,-0.599545414730067,-0.5559243740502238,0.7676068583254341,-3.1321535408287806,0.07825417123857419,-1.1128204409853435,1.6217039442598926,-0.6643774471159866,1.0303026512349054,1.004806601249255,0.8162047264564172,1.8619044367046784,1.0846063337493619,-0.7104305630826555,-0.4570489391278143,1.0809784086930303,0.7430536671214393,0.5830327891244897,0.4300814287415943,0.37325897949052145,1.3444091607234023,1.3347326879616177,2.0081303496347482,1.2475251894811543,1.1274888347119263,0.8194124811071002,1.1215761905109058,0.9261354730185084,1.5888244639913323,1.1768544656794473
