script/wind150m.json
{"header": {"parameterCategory": 2, "parameterNumber": 3, "lo1": 6.000198445256149, "la1": 58.999992894266676, "dx": 0.5, "dy": 0.25, "nx": 22, "ny": 24, "refTime": "2024-04-16T06:00:00.000Z"}, "data":
[rows 0 to 23 of 24, columns 0 to 21 of 22]
5.895911456253503,-9.839436748258747,-5.8909166870507,2.7478921407702517,3.713520362756187,-8.57885478281872,3.124530225287878,-4.000517430498458,-6.894035561953347,-9.341705939888651,-3.7674326270505194,-7.576388709633164,-7.969055909227141,-4.360666686012984,-4.013331536884143,-7.897577963925565,-2.7676363018970114,-1.7727482264749457,-3.2836577320276796,-6.444868572570995,-6.003526117018669,-6.290518512614696
3.8957810007307074,-5.739113802900155,-6.57181092393939,-6.670034077568188,3.5845199842666386,5.099903137305515,3.4650410465820154,-0.37835733219971435,2.7085146695989004,3.007780923690188,-3.0712016954064265,3.952435469075493,-3.012513700574327,-5.82880872919047,-10.633297846741044,3.1970436074821786,-3.984180059089332,-5.2805993574857,3.1998618312631044,-10.45630329962749,3.3145379661636984,-4.69119312296407
-9.784449855939743,-8.083110113272287,3.6774595146816993,-5.342133885256737,-6.476015325267026,4.266607110432219,-3.467097175940697,-2.074204488447782,-9.715018389020129,-5.292467793702725,-6.5499549635777985,3.2512687249223298,-4.888892883929907,-7.852734595146198,6.893313222477587,-1.5088754108918694,-7.204216446780688,-7.7072932031867065,-6.620732433776135,-7.570600114085579,-8.86182846858496,-7.182713836044136
-0.45530535305030684,-4.351467357990772,-7.753704394759215,-6.1208611247293785,-6.08109845328982,3.0644895803229413,-6.637762566523979,1.6117454099301645,-4.388697909717604,3.368254944153573,3.597284644387628,3.3016882397436955,4.684037895995217,3.3019044428457596,-6.734816684235793,-6.4676837195923005,3.0481546651369964,-8.071762648553197,-6.7331603991465645,-7.282849523311198,-6.564214514811361,-3.0129105062240042
-5.381042076303803,3.5143286957223987,-3.941943100544825,5.676622552133767,4.06337105947483,-7.6660950961543275,-7.014258941659831,-7.136552739113049,-9.271881402850441,-9.515853452227857,-6.197967102031565,-6.11304082678502,5.523980917907953,4.55840024930119,-4.8271436345808345,3.985575563913505,-4.515473347341337,-6.002942300971543,-7.588489717859897,-4.551424415531469,6.614374776394603,1.9030187170667467
-6.9351842030076725,-3.896757883710868,4.632041987591533,3.1577990999983676,-6.573852222410422,0.25897916757013173,-7.092126856807765,-3.3992880030208097,-4.904264790081874,-3.8968811488239545,-3.057420421711589,-7.06253372458505,-5.2124504660413296,3.12186424248289,-4.065697996132904,8.726313473450217,5.768247321896155,-8.604556519619939,3.912443757817376,-6.051605329296034,3.6087628803772276,-10.21329234088511
4.260676971158195,-8.46975454730889,-8.750739313617679,2.235820125240425,-3.840153024427869,5.474100632567863,-2.654269174757212,-1.7561445836159686,-10.363115167687242,-6.933142073136399,2.3721802548207607,-4.223071186389111,-9.774512083811903,-6.9579310748548755,-10.982077090312355,-10.042128086013502,-7.519269415712415,-4.5454131694661,3.900301138877919,-9.616915014316936,4.262539999952753,-7.212674282454779
-10.511842501554236,-7.768562207293386,-4.12410310513152,-1.5543763147834297,2.5629406652993345,-6.722117686470606,3.622413897576589,-10.442595142754207,-8.4015705788298,-5.468481460933432,-9.333918149146443,-2.9553964864996307,2.3187270028479987,-6.386576473042366,-10.293435726111335,-6.715410882913931,-3.692958039092968,-8.036875602114447,5.735472463726832,6.810840254199675,6.282694187099294,-8.912663340259474
1.8122939661385828,3.3457373326441187,-5.475516947745327,3.038242912996239,-7.661912461595089,-1.6351047762464301,-7.870067010376967,-10.949562970629701,-2.733166176866332,7.503457385965278,3.3559255538341333,-10.23362149050293,-6.010537037211489,-5.195007406506803,-3.730705496174048,-10.133670618080144,-8.029677555294851,-4.476845554928468,-9.217414462898548,-7.916426091856096,-1.8758353642651102,-4.946516508811901
-5.189952414596222,2.0219881387579743,3.0879866594237626,-8.360618831296014,3.4578698871962823,-4.315658216443488,-7.595987814004227,-8.578996151557583,-8.68201674222368,4.601710555103812,-2.1927982593286854,-1.9545626126757267,-3.4487503418099172,-6.869245225656395,5.9063517801973475,5.137694876890665,-4.761773585270236,-10.220805993279221,-9.447418553936371,-3.846426726466505,-7.36561133350291,-2.417483730755805
3.5643534655456444,-10.584191476106804,-5.322421005994095,-7.628670845780834,-2.997120250883072,-6.20726743064023,4.873300377372837,-2.673893278300893,-7.492446289039991,3.9968465699448124,-9.566071687464898,-10.000040085423993,-8.132332245794407,-1.7422951773239417,-7.347990765673599,-6.6137113483079615,2.2411642202530566,-7.76710948643702,-4.800426867041111,-9.565207777189572,-6.5849023668716,-7.491655450184155
3.1630650678096397,-6.291287669842825,-0.9866811915808757,-3.647088698842856,4.231191693243374,-5.597705568387193,-1.5916789199758774,-9.415135677662908,-3.5421058745062983,-9.34033371524635,-6.407221861597496,-3.7488909070441805,-5.682970586694097,4.639274881846125,-6.393384886657704,-2.7088863807607027,-6.712551366437445,-11.069590262546441,-6.556824420913173,-9.46898748513857,-7.355279287239052,5.4432295539053985
-7.782745084713246,4.3428630348419786,-2.264268182324035,-9.151850312125653,-1.2666059428580712,-5.909146196001744,-4.937903727239741,-7.7343000042944805,-6.757492478001058,-9.829127093917025,-10.941612479075822,-2.8381386366091297,-4.8333609363953185,-4.234850444326393,-7.774604651815094,-1.870093887845727,-6.114981168942551,-7.520918217004929,-5.077837861190859,-7.938171178286448,4.606108214445485,-3.4123529845984866
-5.643780463266535,-9.853865155731166,-7.5782781751993245,-4.490751477543712,-3.671915611456427,3.1025842039397697,6.319634222617716,-8.10543132961275,-7.736355001187579,-7.856258446758971,-3.0080473366265945,-9.205539223119102,3.515830973896002,-6.78137123153925,-6.231244960722452,4.429549339601059,-5.976317765880832,-4.587337530195809,-1.4282317733954328,-6.927657838179055,6.825756970152519,-6.978162224658905
-1.8137265976976342,-3.244524928245736,7.269908979000025,-4.697259729377691,-3.1276909628229626,1.7846139095069398,-8.43132272414189,-6.111263286989106,4.038630485557292,-5.484471946885341,-10.431381996250607,-6.63479722098746,-7.306827166453019,-7.827719885190805,-5.7026463578675575,-8.66609146113321,-3.0836482833906897,4.004113875361116,-0.778794727037917,-5.850986857238124,-8.390859130099727,5.6990835279056204
-7.78384650658143,7.441962416276596,-6.84300636270853,-9.548933758667443,-8.119887387505287,-1.399543553183006,-4.213880728359398,-9.674878829564937,-4.24710260723286,3.14313200065439,7.11002402504529,-5.441528321960572,-8.436497134522504,-7.73197581195688,-6.905112667039012,4.772072769314568,3.4929578046556613,-6.244148431095587,4.890504102978435,-2.6608139423959094,-3.524018156956384,-5.962528506482322
6.817699307402638,-1.7494208753746294,5.193391794935336,-5.517458905841177,-2.6109851296048348,-5.166585200495572,-3.7463605935218642,-6.694069774673216,2.9760849762948367,-12.305009682044021,-3.6972839761522263,-1.2621105367399803,3.976028299859926,2.9712710426322744,5.257918845521257,-3.0480773192443396,3.494861104469217,-6.656056423168754,3.3791285779892726,-7.753863509138292,-4.310325346801902,5.344179391852224
6.390166429102293,-8.505367836794182,-10.343818944171563,3.826590609093733,-4.564396876424524,-4.76839204246945,-3.307505350765678,-6.426329892263053,-6.1895573452262065,-8.237022003860535,-10.339388729087238,-4.81637097295762,-10.965879543969404,-3.4457051768979463,2.0611684183004337,-3.7751405971281047,-9.059579230320177,-7.397546022861183,-11.648131920563802,5.705143622239168,-1.3625775533224236,-7.697965414299852
3.954640294440308,5.512653211667032,4.7113926214258575,-7.180546404543133,3.790302876073223,3.2335507226119975,-9.50464024366867,1.0399227137129534,-10.088479348260162,-2.36849052127824,-6.352286290316653,3.2008955373802523,-4.003355927272748,-10.106967218050494,3.4052487529188764,-2.8356640036542506,-9.223470607962401,-5.238383105730784,-5.999302116381228,4.216036223153179,2.784225270776237,-2.8860468002944755
7.01143103897318,-7.592189299501761,-3.1770418058842194,4.619648667249481,-8.712050501245816,-8.214383419512407,-3.7735369186725487,3.8112154532619518,8.066383383727471,1.8961231928852387,5.143787551352409,-7.506341529980949,-5.331037615547091,-4.740030740444804,-2.9261220449962195,-4.805220905980266,-8.132882879889278,-9.723388119500955,4.1704446486268045,5.5396075079147975,2.5561016787000725,-7.085507715557612
-5.000768241608302,-6.31414084634506,3.8184487072753495,4.088367001386332,-3.3711851528488936,-8.479910907456857,-5.586648307265681,-10.372623590618442,7.534072325043568,-9.610657288701548,-2.80085970959267,-4.8798706288934435,-7.50591074742472,-5.379908693687293,3.0293971307655063,-6.227529869650192,-10.359134115825153,-10.665616905844093,3.4194527695149763,-5.542782976996504,3.9466323372856205,2.8617125539525485
-6.778647568821778,-1.5493379721907177,3.9960174976675757,-3.734958629580786,-9.314355506436009,-5.36184783694651,-6.80333722860113,-2.335517435130295,-5.33992877980467,-4.978733824777773,-3.5172583827484423,-6.987027808827995,-3.4638155317425254,-10.288951723964848,-10.08863437709228,-2.900050921999266,-8.94852566285769,-3.0176679724164144,5.799266239322315,-6.834299207874263,-9.272864526077427,5.394869993862246
-5.230950491090145,-2.8094952527906027,-7.973873173615564,-4.432620160222632,-9.64101604863393,-8.172703993113327,-3.465907452091985,-1.1903667472199504,-11.276153707059825,-10.862273403922705,-2.867837875263206,-5.4137972014524545,-10.023407932030493,-3.7043760039543967,-8.339358718160762,2.7460810311836283,7.202978400827694,-2.7775273609276754,-9.396981680419954,-7.644594193092072,-4.891484769799949,-9.545788354791474
4.676694340042651,-4.4585488651130625,-2.487046905613676,-6.528886725057659,-10.023368166192512,-10.20267898151781,-3.796619787369686,-9.667225623259982,-4.74312903519675,-7.258434852862176,-0.3198263201106216,-3.2091578992452625,-4.422034103347525,-8.466198921820943,-8.772840522905346,-6.7643889186716795,0.5219465141098715,-8.415089006750167,5.961177342395333,3.5824406836405864,-2.133430402378722,-6.868193551276484
