script/wind150m.json
{"header": {"parameterCategory": 2, "parameterNumber": 2, "lo1": 3.000054539987559, "la1": 64.9999836372058, "dx": 0.5, "dy": 0.25, "nx": 34, "ny": 52, "refTime": "2026-02-22T15:00:00.000Z"}, "data":
[rows 0 to 23 of 52, columns 0 to 33 of 34]
-6.619699761038902,-6.711838866909162,-7.287273260798557,-6.9142174730493196,-6.816261427776714,-6.649023539863521,-6.7763158695723416,-7.76247110275812,-6.561670085996913,-6.162309445684382,-6.231078122876859,-6.298421259069998,-6.559938710075928,-6.472191624685248,-5.927589827992269,-5.209231578339386,-3.4971401053403506,-2.229544136362338,-4.31805497251569,-4.300228221630249,-2.886443658658465,-0.692413898596093,-1.9655416879472642,-3.7691009788898877,-0.8438034716175555,-0.3940134411435988,1.9213607617253927,2.863232372850263,5.30866352212516,7.508883579396413,6.429168906662993,6.16029012617958,4.960776067052771,6.974014485164481
-7.972606762724363,-8.158320882151889,-8.106494749705092,-7.765482654484507,-7.540243557637082,-6.994213246672087,-6.810963475857859,-7.4028832531761,-7.266622357742953,-7.6412533111200815,-7.457615775826642,-7.539211834005183,-7.129698946338072,-6.559869141185859,-6.023977454260312,-6.160775829853524,-5.271744870805307,-4.661012696120378,-8.49347059488243,-4.523892952881021,-3.1439051962438236,-2.081153986320606,-0.8519965793832461,-2.6233250276264966,0.4062571236284556,-0.27073781932498253,2.071131398303795,1.9348271533246733,1.8220481994005493,4.963238731257044,6.40518957753278,7.946636937954868,6.3354103797040295,6.7674618943901965
-9.140312122278226,-9.561158755866726,-9.201316694081203,-8.845910209337417,-8.476825893929353,-8.720827360210812,-8.869044600706127,-9.112806229061384,-9.142119464003708,-9.255336337668856,-9.50707804342863,-9.022061197276793,-8.262793767856426,-7.5399057759867425,-6.8623908101439755,-6.723484643761311,-7.161300011888748,-7.464088876597997,-5.253710918891462,-3.4511077733032813,-3.7875117702951875,-1.6006481774767412,-1.4409616922018615,-2.239917965281687,0.47072890655795413,2.246647328712298,0.6603080192131383,2.6812507010504714,1.8618027928342713,2.1777528540638413,4.406940637452408,6.443435428165126,6.319646222687143,5.544360018357114
-9.825899840479362,-9.948313156541936,-10.003296482707816,-9.81882934695851,-9.806215765483536,-10.012210526553114,-9.99730412139737,-10.175144300063433,-10.377984150557921,-10.221873709795377,-10.252690926233509,-10.134764300248593,-9.82450880327905,-9.066504774747585,-7.412465032897378,-8.745807163623756,-6.430534663483541,-7.148618261852137,-7.171844793110672,-4.677131207182479,-4.625491087121797,-1.9558290119252693,-3.91580833593007,-0.7421095452123335,1.8846812295047484,2.9988804830405273,1.808857433467229,2.2662506041969106,1.7144082456103076,2.2322369507351145,3.033401031669694,4.878004012936857,5.6169478628343565,4.876142979205404
-9.762734894413414,-9.87438923082344,-9.678784336270832,-9.785014354299767,-9.97272341107705,-10.032324403857345,-9.958411399694961,-10.039305949668147,-10.362411878898904,-11.178354256585724,-11.328502231531942,-10.931205948494028,-9.929104205112079,-10.47103552225434,-10.762205927773033,-12.339828735594555,-7.6405365643274035,-6.126667856379932,-4.776777370944205,-5.694160410078678,-2.6930207762209655,-3.3051749560421078,-0.6190282685995794,-1.8087920590307807,0.34457915932032906,1.5322847910546034,1.73106873135425,2.3411311901701732,1.1573140686341636,2.1686002838965686,3.8609878842523284,4.289420094382088,5.076957550482145,5.445715876651333
-8.034633864831545,-8.21718690916423,-8.419375396052349,-8.703391772644787,-9.133930638085534,-9.077918854437222,-8.875350701047829,-9.021136234532593,-9.226811379146714,-9.833959803579535,-10.54080732014562,-9.949015600983799,-11.167293771236583,-9.968313808287995,-8.919832705097669,-6.736128711737331,-5.018110729804296,-5.546874052038459,-8.969645970457668,-7.4508620886024275,-4.2915930615985864,-3.5066394364896634,-2.5349488862884146,0.5919333493219359,3.3374286838393106,2.360530793282169,3.0086308964764537,3.3089244332846905,2.7443487196835403,3.1121489512220606,2.335471113835273,3.2767213376714084,4.342490286949931,5.481815735011424
-5.367563780008551,-5.264630532115983,-5.792526058653737,-5.564524802174738,-5.760916939738273,-6.378928193936755,-6.822280210610109,-6.778770404081313,-6.771352220198797,-7.035841480983414,-8.316807273360569,-7.985941049840811,-6.864288771879838,-9.658751174549346,-9.965847760401179,-7.256912947764578,-5.459709557418881,-7.326198728709941,-8.129867052541075,-6.0491666341979,-4.979697390380939,-2.925939266899761,-1.7462734272417835,-0.4009043615522307,0.9716985486670684,1.0247672938394439,3.196937502021033,3.133334157550186,3.013601104391115,5.146668330484341,5.685185975559156,4.487597306941733,4.7140070556654825,4.742396428606487
-6.553331901931074,-4.395567765800926,-2.2798638598243994,-2.6251792075436544,-2.7845345215978488,-2.6824380599958006,-2.4189439430790864,-2.8002454489961375,-3.580674397123431,-4.528317024375157,-3.670755543007707,-3.163265793546032,-5.2249608739248,-6.138358678964143,-5.628012504780158,-6.0576805349395775,-4.129212248345439,-3.776532177876052,-1.9781219229990687,-3.388966000194037,-5.085724356576151,-3.7367327117764493,-2.5110926906587285,-1.0134307707381907,0.26142362800314145,1.0797363750125275,2.720866849168827,3.565360753735562,3.484400781980766,4.419950023434183,5.133782504072428,5.4246087066217035,6.0111282991500525,5.292201834533047
-7.669047926742513,-6.8463706530411015,-5.007560896909645,-2.416817523141359,-1.0657555699323606,-0.9275800370082965,-0.178293621579259,-1.2047929178754093,-1.2118970689234483,-2.2121681947955247,-3.2591655341269767,-4.330444892593153,-3.997598473810325,-4.8226385498943225,-5.303135366824738,-5.863750312244221,-6.222457067520965,-2.2696076353181525,-5.150814366850252,-4.483112170405998,-1.8333825554188699,-0.9122936754292214,-0.479536395437699,-1.1747000336659255,0.12948693039826392,0.9104101547424613,1.947971172480873,2.2229262522958266,4.078296388128814,4.125136409877941,5.785767632469688,6.129623131053718,5.914882617443126,7.406922778373319
-9.837441969480055,-9.06009311359404,-8.640089886755296,-7.01512282822599,-3.8482440816841854,-0.7796060489098254,-0.2907854752943831,-0.994979348751758,-2.582625633668645,-0.7874299504435591,-3.068643467192998,0.24499203968163705,-0.31222179976382647,1.8081137694684237,-3.096338461653629,-3.57448721652002,-2.1934081466748867,-4.3319237454585915,-3.190899779606802,-2.844359537290442,-0.7799234973538645,-0.6922447067213475,-0.9061003094587008,-1.1276577080893042,-0.10450441535228897,1.8934137504355952,3.054208314935587,3.8580755016837918,3.6820883626512733,4.765559413905002,4.299767613853377,6.307831688426103,6.109845251064041,6.558015537225454
-10.851862198495944,-9.468539785195894,-8.269693718595033,-7.4445628651850315,-5.320047286186083,-3.412844759022625,-3.2413935133437346,-3.249732414050275,-0.48356931430176014,0.5746833742429491,0.6653656685030914,-5.486650885041191,1.3746511414994254,3.240231502452951,-0.28378939451321333,-5.075644703393496,0.39044774848245095,-1.6174246849360405,-1.5315718458275551,-1.4483466393306967,-2.285811558708923,-2.712841727544663,0.5041369551384133,-1.7503418118913836,0.4532909255998216,1.3213368306812872,2.044552516255954,3.623724521939954,4.778850038159977,5.052875587011917,4.285625559753943,4.731367996157212,5.56802861253534,5.403611926481878
-11.024542828389237,-9.878237258728843,-8.308981075360897,-6.7014530423312415,-6.0303843689999015,-4.223579805864083,-4.233568731476766,-2.7519940019024576,-0.004530625478961998,-4.478037952964571,-2.926541191610701,-2.6261211075852207,-6.083107064315956,0.8848290963339323,-1.1592556715786884,-2.0855632444398537,-2.078078912062076,0.5209858903376753,0.4165579301070188,-1.3802943200854227,-0.21323190171124132,-0.662435738006818,-1.2951996472160612,1.476390840710322,0.09049729326784565,0.9858070702827827,0.7492905693368925,2.4927609016034737,3.339765274739964,5.301868551808031,6.216356112307928,5.856173660078751,5.436191119318383,5.4955361322259355
-10.380124148702942,-9.37832151299222,-9.049071866241967,-5.388029748943624,-6.254569272388707,-4.308522283151756,-0.16606644635292733,-1.6480869905684947,-4.643326390054341,-4.743602388723449,-3.5864800456023733,-4.885472597221295,-1.356408423621438,2.324626545455051,-3.4819993776863667,7.1182737572177635,-2.5251585815145225,0.289017237352439,-0.39554649705200007,-1.9884741466444702,-0.5539050393867728,0.7339386888465161,0.04259058363966375,-0.820537559077737,0.7717975708266915,1.4637149265551572,1.3060611829169444,1.182134056878716,1.5256100110464224,2.3856000011498315,4.794076832772087,5.565946154941956,5.818808532310654,5.6263506267793035
-11.085575559437212,-9.725138838845014,-8.911780412893783,-10.857711224439448,-5.821364942397713,-5.837398761746101,-1.6793334856710809,-0.4753556347549281,-7.848962233508066,-0.5472688679846244,0.5936899855674613,8.498732971089616,-3.302844755609913,-4.513354746082317,-0.2179233480735192,-0.23958616669555666,-0.036862715518590626,0.07165938066690006,0.0033410462186938524,1.9035595066883528,-2.861840773193995,0.48750310469410263,0.3748169740443672,0.06394095223779334,-0.5287649633462853,2.197290099282186,2.1463908381254213,2.4462647809739715,2.7616854610961843,3.2861527348329695,3.1584517559289744,4.199775576480181,5.40467109546344,5.298033043955056
-11.11716512339285,-10.566852568420886,-9.414723325113258,-9.239359118362252,-7.988638292902472,-10.852398596055682,-2.2034720682226907,-4.000578512435227,-1.8651592914011734,-0.9616482880790465,-2.600504854054982,2.239159205690189,2.529081518713979,0.6965084468030124,-1.4081958228163314,1.8402842937608497,-0.36800856980126767,-0.7612383047253662,1.3463041704618441,-0.649873270118731,0.7174632309174933,-1.723125068892525,0.16367939620495373,-0.3175808338272698,-0.9474313056230248,0.7092915865260124,2.4902024453978564,2.1141352407329266,0.18931918527630573,2.505574902800428,2.5979512072299853,3.6593623246441114,4.241301767272445,4.823624807107736
-8.407530704397516,-10.818471069481902,-9.114800406690293,-7.055283960056749,-6.6009502491510545,-8.076011856593015,-7.951118355889565,2.3733288647189794,-3.6541384368339056,-4.188838594304675,-7.210295954407918,-1.6357026102870842,-2.418185253643367,0.2683993188603565,-3.479332939198013,0.1029897961933355,3.4078387423651697,-0.9423587774626342,1.1893213638709033,1.31460104756787,3.7282826620800082,-0.4009593921606122,-0.1460964125547573,-0.0010963242751148294,-1.0693887497812427,-0.5440918325738152,1.8786704013298923,1.4947672999613049,3.9050424885395887,2.820389056984291,2.3214552370239785,3.149878278329136,3.0385976327629773,4.191466454546451
7.933540984246974,2.4751106836440107,-8.755282891331886,-7.113915537972489,-6.9737553490001165,-4.27815878669534,-4.881012699945449,-5.906040982634377,-5.531781559004897,-4.345516399681171,-4.668109002433559,4.3583063897824506,-1.550821418718391,-2.5520460645007366,-1.9872324419335337,-3.8459438324724315,-0.7463765605100416,-0.743277869588421,1.4644447597524668,0.11797142693145962,0.2804285808682855,0.1841622566648676,-0.3958941683450979,-0.29719282535139663,-1.0120162471368783,-1.012375963795324,0.6441239579784845,1.1079283880464856,1.6321236575474984,2.65385165285572,1.8473499016700254,2.457340884525594,2.3596321899548167,3.5847352562728907
5.974580954355728,8.808232767802089,-2.015738082153288,-6.7117109025050405,-5.357069559473834,-4.8027410275499,-4.854006320083547,-0.8113676479529522,-4.16401311524731,-4.638097599122319,-5.000265743593126,-0.710810364349904,-1.8707572221024116,-2.756164263174358,-1.1961556891644087,-1.1112184958487288,-2.3612223897276867,-0.036865513599971644,1.3323849581739726,0.35803686878600105,-0.39086310202314445,-1.7117241419991178,-0.04276429148547064,-1.1325039150126037,-0.7979432553633097,-0.6659380066144478,1.1165595862958075,2.3809014025354736,1.1301183576580434,1.0764858096860228,1.80982366165614,2.0750000774549835,2.0281918229326186,2.8740072265895105
9.49581165708015,7.548521813196796,6.364330715340607,-4.893794410773476,-3.1906127850695465,-4.167320016401375,3.90944901258002,-6.060018325219097,-10.745940179605572,-1.6001057222986916,-1.432536606835239,-3.726279305503242,-2.343011659271482,-2.3734807369841833,-2.6168291645972483,-1.3412482224152302,-1.36100267064323,0.12660720522561417,-0.1300123708491074,-0.2980778583107337,-0.6957629891535028,-0.45732702766596905,-0.6143912652127906,-1.5473954316096548,-1.1356635571775664,-0.7247529892242524,0.04335346791552233,1.027796587221357,1.4586756457151313,0.7849734799623211,1.4011501327191969,2.0126011371032284,1.8861699599866038,2.173045002716098
7.6680635457431725,7.864314639676571,2.386134988035997,-2.479784865103545,-3.730121929232591,-4.604633885984135,0.5522708118193851,7.039809736627451,4.936381719896641,-0.2722291132708972,-3.157859578994896,-2.23830495838382,-5.038934505005491,2.677602418396243,-2.3303545443496976,-1.471845105281498,-0.583145129926676,-0.40151070346111023,-0.1406530117060433,0.4549421343114895,-0.9957886649194546,-1.6982917319761004,-0.9698637668799566,-0.8000032353406152,-1.5406925892211714,-0.8653209713329134,0.1158890749059157,0.4458138068730001,0.03694630163442452,0.8483320905199415,0.5378416004121221,1.1294401087183303,1.9871990142669889,1.6884236980568228
6.502557647982443,8.274114498631473,3.976039329465606,-3.9839606815597364,-4.217815679855365,-5.302957200107104,-5.727313840004683,-0.11728501971822512,3.033639732471109,-2.3943530867284863,-2.72847740363939,-2.5481199986661722,-0.5409132676722606,-2.1886025156980966,-2.3226243545605363,-2.2949560623447303,-1.0393107438111369,-0.9509112244974959,-0.26099226132034226,0.7435089818960489,0.5002770074773494,-0.03286424863995228,-0.2155668904732325,-0.8658677638734011,0.2611116672406705,-1.9131194099615396,-0.9452678782388102,0.26099221949324125,-0.1625158452032904,-0.11295666230311474,0.08052147477320434,0.404327736464175,2.582558714450758,2.3039860805659393
7.358311239390623,7.054205180033929,0.6650857732951283,-4.665595934500003,-5.310732286740599,-1.03118021850802,-7.056226243723038,-6.83696839981838,-4.180542340134026,-5.435845016515121,-1.6338906683561996,-1.4005042621383905,-2.5612897719706273,-1.1750801439282856,-4.516043074084665,-1.6741702550835964,-1.813236321744851,-1.3224119904805052,-0.9906061154182497,-2.418989555793126,0.7325816187189857,-0.5973244585068768,-0.2609280327899706,-1.16057270564343,-1.3669268341893108,-1.3669154224259459,-1.6297333921647308,-0.06658602274709689,0.7922772316993998,0.1930490067677834,0.5496472448298492,0.5412602857281077,0.8025789531261954,2.852969074951339
8.742280126580413,7.230128255781821,2.029365198847702,-4.909236166696932,-6.682414409200272,-6.801580125516159,-8.16819371964386,-3.692804985846737,-1.401305023235448,-5.908315901215587,-3.4609693519503466,-5.0656793401160725,-1.4604826910339113,-2.960566035023231,-2.1455328871773007,-4.650674004863326,-2.4358615789808398,-2.8095755186743903,-2.343529830636287,-1.9598078992259131,-0.770211380733961,-0.5328766639163712,-0.45467243508935073,-0.6995590468736383,-1.412262752897409,-1.4977680192294087,-2.998519000044668,-1.7856768646191084,-0.46083649979666663,0.7171408502447629,1.1058720765656238,1.3001661349330018,0.7162328458709677,1.0264049140692668
10.124898838497746,7.716964826544937,6.151373485700204,-4.620297952399308,-7.583728651857802,-5.123959218111243,-3.6168797467128253,-9.391805081103088,-4.764021909854554,-4.972446780607,-1.1060952970700269,-1.395602794725167,-2.5699911160764093,-3.620170228123662,-3.528113281862562,-3.7760021562868653,-4.183917473022122,-3.6949264691591353,-3.5640842137430746,-2.2265262200912788,-0.8955994806132281,-0.9297503017337718,-1.3604271963692094,-1.5908743024816852,-2.4146644860693716,-2.7077093457397328,-2.4746119542839753,-2.95608602465594,-1.090106530465099,0.8402483443994436,0.8047397139832638,1.5350550082250978,1.9125295513637264,1.8460201379655128
