script/wind250m.json
{"header": {"parameterCategory": 2, "parameterNumber": 3, "lo1": 3.000054539987559, "la1": 64.9999836372058, "dx": 0.5, "dy": 0.25, "nx": 34, "ny": 52, "refTime": "2025-12-24T10:00:00.000Z"}, "data":
[rows 24 to 47 of 52, columns 0 to 33 of 34]
3.1993202423427523,3.488334367119957,2.577557709633194,0.8536691682426888,-0.5048591884626815,-2.109470817753412,-5.565479359049162,-4.604248887215186,-3.0793433793615166,-3.1102942627077343,-3.0860951039353073,-1.6203894080894057,-3.7154061849240008,-2.9100672474697653,-2.824812670958403,-3.216761511544706,-3.35897018369568,-4.176739014843533,-6.036059199239072,-7.149056140095557,-7.040494021053018,-4.7822179826700655,-3.8342239984153426,-5.353527622673235,-6.8849791341410445,-6.878374438353267,-5.9243559700871335,-6.477450735859662,-6.512136165396948,-6.309689750310936,-5.552824069579764,-2.7017154273697024,-2.3189101178766944,-2.672142902915285
3.1176012338527817,2.9136720510344887,2.205204648103394,0.2649536562058313,-1.5022454647105377,-3.3216839637976587,-6.546583345425181,-3.7046972821321438,-3.2683029075394314,-4.090470844312892,-1.890361759636896,-2.9727617960178563,-3.4789918932172794,-2.8083970650353405,-2.3620144213890955,-2.3957716646288825,-3.47005903560766,-3.8954313165816727,-5.2890021804225,-6.39785189875102,-4.57466474432854,-3.6828844611634555,-5.019412569632802,-5.124170879985665,-5.642600863048745,-5.198844318711177,-5.259846165691539,-5.220268322133857,-5.539382397712001,-5.95979545622626,-2.862149341088793,-2.2120232889284046,-2.0153649692619644,-2.4045997058620365
2.9543711639176107,1.8497317338565777,2.3468211618077723,0.7670344996036458,-1.4628013053952478,-2.2433685210549297,-6.430046801429774,-5.058943987835912,-0.7876552471242761,-3.169005262938572,-3.1389137488670857,-3.093170133086848,-2.376324364504053,-0.6892762998049622,-1.445589422423016,-2.129160690620797,-3.3801341615106146,-4.305992106178263,-6.062133274224547,-6.542045932600741,-3.3701467369122735,-3.9771435265196478,-5.188144923339975,-5.722182228933004,-3.8584539554223856,-3.919377245019208,-3.6203092657473537,-4.30852232841779,-4.272465351071299,-3.52454192204967,-2.9725795587222463,-2.5765483065286108,-2.4933929260773953,-2.6183845418292844
2.514270553232572,1.645116333485514,1.9563130553984387,0.7902013290339118,-0.4311395883451827,-2.07338701794103,-3.7745492095291353,-4.384237207218928,-2.8250206448049986,-3.5389915311735294,-2.4808287916744547,0.6042169063860626,-0.1472228080058356,-0.7877979427967605,-1.7109555977308446,-2.6961320476612594,-2.9991717850218924,-2.884193485228087,-4.963151190913419,-4.518485530846738,-4.684376256487821,-4.254711438026323,-4.295020741070155,-2.3932313505101455,-4.038416198990978,-5.057926551380743,-5.722670028760256,-5.208824243631678,-4.384331961633796,-3.9243905683452205,-3.263159781934088,-3.0610239127906125,-2.867942673131247,-2.7341519675009627
2.377064752548191,1.5613906806191102,0.7203391604974506,1.3949054104197025,-0.09481548049613225,-1.538583241792492,-3.025417032986188,-3.83373916912303,-3.848025824547584,-2.4216396992969926,0.1624776917640252,0.12742303774697283,-0.20690263680260654,-1.7795259246230533,-2.377334582195911,-2.2746664000821264,-2.367060696946087,-2.549253181448685,-4.70823696307674,-5.149134589812608,-4.567968335892585,-4.313828854937661,-5.636732805343348,-3.713172099435327,-4.797769953974104,-4.133041535194695,-6.118653253494202,-5.245440166885775,-4.7203101012712585,-4.196624484096615,-3.3408598073911127,-2.6732333839626796,-2.5010021523781027,-2.379084991304116
2.2727178936229406,1.3745838128280388,0.6417180846550663,0.3928415279095988,0.054151748647143866,-1.7857852459690746,-2.467389981037629,-3.006173164762063,-3.4108402073749247,-2.1569848101892823,-0.8928027870000407,-0.9785340683969193,-1.5523193754980833,-1.9294947327031289,-2.2761523075962224,-2.334176904967254,-2.3793331492873713,-1.7408503629342122,-3.436405397796225,-3.973756520206013,-5.337130601227007,-5.180504508554267,-4.129341371099707,-4.202900824882352,-5.588709830756376,-6.307758918197218,-5.582776937966377,-5.293268708590525,-3.804828060768519,-3.918657764960558,-3.6661641650596555,-2.917487206103987,-2.465463282683038,-2.120954039765964
2.2297628690492424,1.7822167454372464,0.6222769614719569,0.04724987559334577,0.2787833220388925,-1.4817401067755709,-2.5419301973238473,-2.6806277882676297,-2.119540075222539,-1.82706527016851,-2.116174574094046,-1.5667280958776162,-1.6718439834241205,-2.1736521581936166,-2.668764681584229,-2.8832666712161,-2.533295368627487,-1.9174145878566256,-4.134016064834517,-1.583971857921504,-2.7096774425771937,-2.570963009060779,-3.305269806424062,-3.990482457189109,-3.8775845021416786,-4.8968674485417365,-3.6323399582085805,-3.3613381230732,-3.7091203709662137,-3.4992277826905487,-3.556061650892895,-2.9339665684507525,-2.358485184113707,-2.2159169255223166
1.617145201487216,1.447673232203629,0.3299584701015064,-0.4734171641103577,-0.9746307707364639,-0.532569671161703,-2.0877523816905357,-2.058835616180467,-1.8680940688125967,-2.305924587736751,-2.190606178237546,-1.867000470583467,-1.9659661919881763,-1.3500136282382371,-2.5932797739669757,-3.410586152660301,-3.2528980506036733,-1.278056089927566,-1.3627042594543737,-1.1475715898282433,-1.9771795246160022,-3.399209129725519,-1.5366337897868603,-1.7275978046844866,-1.6858014060983664,-3.4781162549980644,-3.5730218139328884,-2.316832097031318,-3.771263821560539,-3.686876899063592,-3.5527270989895876,-3.0895307445879876,-2.318521713033678,-2.5953162434262897
1.2594197862397263,0.7211163808664641,0.49070061096978734,-0.6031556705999421,-0.9824186399216787,-1.533960747564327,-0.9997762023516293,-1.2082971796329296,-2.6776288022676957,-2.860420023254874,-2.575856458373839,-1.880932949786609,-0.17330334669512693,-1.3087560266591733,-1.467052003283165,-4.567570722121319,-3.3915155896844484,-3.012259138274933,-1.8769669971995102,-1.4491141054850758,-1.0625112514650161,-1.7843781777885548,-2.6183080390420073,-2.7339795062457006,-0.758183862968483,-0.6276110358814316,-2.2079249798471876,-3.263323622448087,-4.0121929871038144,-3.923595488888756,-3.998251162410597,-3.5420747477448358,-2.2881615764461363,-2.749777706029512
0.9971306757747918,0.20114654138174148,-0.38520411375967395,-1.0904107459324293,-1.6077541628170642,-1.6743819514624505,-1.8999027914657196,-2.2289085712665417,-2.166032510242515,-2.0565540523985284,-0.7951719612902395,-1.612654872414835,-2.0997193836729706,-2.0533687963666862,-3.1312766902688063,-3.3097417059870495,-3.0856873764500308,-2.0552680617501373,-1.6375553778903649,-2.029648584131599,-2.8364066347011887,-2.256242376860805,-0.584727728776546,-0.5904498888816845,-0.8457255778452759,-0.3597655388954978,-3.300704172711355,-4.473313433004907,-5.330411756647855,-5.288268384432692,-3.4860431864647463,-0.7281039593816564,-0.5966391284457316,0.4477113360965612
0.2024981138038101,-0.060837295076925556,-0.8157925782804926,-1.1517400956948383,-0.6530579841941802,-1.1530673418792863,-2.016205344462269,-2.5748064884546196,-2.526100074555485,-1.7985206110803478,-2.4575549224514037,-2.768176385735629,-3.0475993505445196,-3.525092341187928,-5.793348900999771,-2.4485367095244652,-2.714624656654834,-2.5118046023990974,-1.4810817571109485,-1.2442934798686052,-1.8584039131139767,-1.536878212570856,-1.5284072662623678,-3.1389597490733863,-2.2295984343560646,-1.6665681276416702,-3.259109845108154,-4.2024038527223375,-4.52255499112326,-1.8389031473834994,-0.1837206689025267,0.393730827570994,0.7322773292840126,0.8415484126742222
0.04555637909597181,-0.895491512190055,-1.1932537949754303,-1.679344020054109,-1.445257560285074,-1.6132056926277591,-2.1130146554929605,-2.1279798105807006,-2.5982306351179774,-2.43492725154995,-2.26459895417887,-3.0415126343759584,-3.8062168141793324,-1.7673670435619455,-0.8721698105647473,-3.1264508224055083,-2.827352327085952,-2.295313205797889,-1.8962969484510905,-1.5844689067320514,-1.6612070680320867,-1.5455797432363787,-3.5454618843300136,-3.8122418342110644,-2.6510660970843976,-2.778608905419052,-3.050527446213907,-4.206073247381898,-1.7196169137503963,-0.34212720973988897,-0.11317850892899013,0.5001173123948862,0.49651217705276296,0.44998064288845524
-0.8128385693107376,-1.3346421310646526,-1.7852723538107296,-1.9195401847081652,-1.8355049505051781,-2.000475557994784,-2.1057962107106696,-1.8813255517703107,-2.30071354278531,-2.5995751538192637,-2.7279707433496347,-3.5066303551422577,-2.761137539063354,-1.7688036840341648,-4.077920973561673,-3.1473818450570326,-3.014726520866726,-1.1415026854533363,-1.3497631766915157,-1.8979263001051545,-1.7545238432545427,-3.006071642212682,-3.5532444921042132,-4.075114502988006,-3.751537636272778,-4.304993304919202,-1.8963651965044765,-1.6387405032805282,-1.106518364885356,-1.048510044389172,-0.5734956711936017,-0.38949325900669185,-0.3702339836345351,-0.06038669989225026
-1.0048825553553955,-2.2764705591678984,-2.6646523411651044,-2.6572518421517346,-2.4162588239019356,-2.3032975462680296,-2.359885947671583,-2.3252423610717505,-2.2447098956315807,-2.7530011601696813,-3.1284100969454856,-3.055111224764201,-3.914172345746675,-4.755935536339252,-3.5013458174684526,-1.943769784179891,-2.1661596097076927,-2.4779501705143567,-2.538064327499311,-2.6780394037035697,-2.708619733600029,-3.7778579207067158,-4.928677936192393,-3.272373611905981,-2.867647115795009,-1.7067289807571335,-1.542474038734726,-1.624361778437263,-1.9038265427199128,-2.0919840652656507,-1.6332367681704445,-0.7944586929420457,-0.8170439326596206,-0.7807732201355598
-1.5733289544584963,-2.3622706201195345,-2.700582714695894,-3.0200998637228396,-2.993732033520784,-2.7983805861639444,-2.400668236844039,-2.8810866690998234,-3.1138291859611513,-3.2646361408712568,-2.9822975772043128,-4.52675468399765,-3.2193985854436575,-2.7242562390436036,-2.8488039006568773,-3.311606116500656,-4.152712118436116,-3.9692937190707536,-5.540468441047634,-4.735315059822359,-5.4068398265150455,-5.112882554522434,-4.002692496321171,-2.09829070874449,-1.778363175017843,-1.6124753148090836,-1.7762371949088815,-1.9886381663306587,-2.242039831098568,-2.1769469718133014,-1.9836453337307376,-1.600377428822268,-1.449138513993665,-1.0636186458285106
-1.9497181825449503,-2.493931273481078,-3.059794593028794,-3.422015686098677,-3.4758975866842876,-3.0967008742009887,-2.7943951086577647,-2.9137185160963424,-3.1991476876548495,-3.5841215834083155,-4.117187769559614,-2.9361705057290983,-2.263458387334946,-3.4432702954332446,-4.326292903862405,-4.573755087327867,-4.6594374755052455,-5.896394584392367,-5.469135814994028,-5.751369490863585,-4.606022647632043,-5.204677552030222,-2.0052418465502058,-1.9983510210842648,-1.9065580697153022,-2.1470783971265592,-1.9589342051745675,-1.84220093117824,-2.1396424196791712,-2.2817009720993213,-2.0547384842918617,-1.7932747877206496,-1.4585863616224384,-1.0166678632552262
-2.5955018065195765,-3.4445950150775295,-3.538300019397083,-3.4929202367272425,-3.7808100824269117,-3.514035636488936,-3.3621644672703734,-3.5682801721809843,-3.892684979720288,-4.32594890760786,-4.0930028170515325,-4.06796546547373,-5.0871564313395865,-4.87530488954324,-4.701607226990836,-5.1124374729762225,-5.768359132841764,-6.353027346126243,-5.496497212880999,-5.165626960915295,-2.474486527190822,-1.5019581530138704,-2.0328240797081087,-2.0735377659574,-2.672034666532447,-2.39763366479573,-2.2454867895724444,-1.7730214365677757,-1.9783019168923524,-2.1239766211957405,-1.6996211840413253,-1.1053914230549353,-0.29508705543614444,0.34187929068273604
-2.8367073291830454,-3.4906154680526815,-3.960493727790459,-3.5542862626675733,-3.559049586421792,-3.898242131942768,-4.432416437320436,-4.153848809166466,-4.577009855884762,-4.035574799281762,-4.48288048598255,-4.991350610669632,-5.274592969572363,-5.663274403744556,-4.923983008077907,-5.53704535498315,-6.637612786350322,-6.284617755753728,-5.830291606361019,-3.0563633259508056,-2.7271498450094587,-2.5914513227759457,-2.4990262851606846,-1.6268623053408482,-0.44256553693711836,0.13548119385858853,0.9934355723186536,1.6984789338420454,1.5678960726514366,1.220554612402957,0.2748352320562239,-0.3685194077755355,-0.42333342845615823,-0.8594409339998289
-2.361920474585605,-2.5725860896092976,-3.5692514485420785,-4.036302790081336,-4.291291824781667,-4.986875180999646,-5.079450359323438,-5.674964929554508,-5.014530825013473,-4.099262294839485,-4.816735078433803,-5.410032748465881,-7.375364474974412,-5.481156718820723,-5.16783360125407,-6.166480025268303,-7.52394498531453,-5.697464505552981,-2.16038746427308,-0.7357933056648914,-0.3427354286905558,-0.34541413154791595,-0.8773794179055967,-0.7966531997395185,-0.565758309888482,-0.09199448872217764,0.6144533337815266,1.741554703793448,0.7245639529815651,-0.7180635498456067,-1.9316239214285178,-0.7983337273292583,-1.3943771676986778,-0.8979954992552227
-3.1969941177055086,-3.2870699678307473,-3.4127860001655526,-3.990197466524259,-4.178607210673759,-5.532948649220388,-6.007075110254021,-6.4806940838677685,-4.649300062031811,-4.426051872265264,-5.187618710700246,-6.35008658828853,-5.543866602916587,-5.969714039301838,-6.225765763506025,-7.175468914117641,-3.5031206203280383,-2.229123798216305,-2.1045210169907205,-1.7860944467207371,-1.5408764969247708,-1.5745171712087043,-1.3462952140312898,-1.1145323871168065,-0.6420186066383025,-0.4743517946623823,0.4882324033115956,0.05023600588712861,-0.5221711820564834,-0.7395167564526351,-1.148186940097343,0.20477749979846505,-0.7116562426457969,-0.34198881970830747
-2.720745781487071,-2.3104936898510253,-3.7755545045026824,-4.415473298490086,-4.635550324834344,-5.794473252077093,-6.147661943918821,-5.7512994808954385,-5.117993625001134,-4.512288194467282,-5.330372653303754,-6.160882518834304,-6.497441794827757,-5.757509137116536,-6.213423174786553,-3.672769368987123,-3.213285783888361,-3.2042574845094434,-3.4689138032159863,-2.3815358787954546,-1.6567482815713719,-1.5205890523696877,-1.3376902155682988,-0.3763749498282825,-0.5144859695840053,-0.5077505782049658,-0.4481044845879074,-0.5360400809711571,-0.5422720065985044,-0.8638356367222698,-0.9200164802173915,-1.223764771266204,-1.0477282942779287,-0.7921663422975437
-3.283869086818563,-3.3870135242697073,-4.219739572092185,-4.3853642581480266,-5.078044488000239,-5.659900148686434,-5.45765137852242,-5.354192658190461,-4.856226868417436,-3.7732784643634605,-4.142305192145985,-5.905337849615256,-6.0857540419411835,-5.750875238114622,-3.8881722503178673,-3.9500310989741534,-5.169673981130764,-4.25520726677581,-3.109097405700999,-3.091282831053958,-3.109799991743399,-2.3942134293214035,-1.6258789040558104,-1.4777271822674916,-1.4960198734457824,-1.473969553581619,-1.4281023001202653,-0.7784581062027924,-1.4754501636226496,-1.5188254556384135,-1.7043397719768134,-1.9342930661551445,-1.2769445656544454,-0.959667431803429
-3.5724891610719998,-3.5245307791540186,-4.279549913859967,-4.444076197045332,-4.58043360909484,-5.154732784337352,-4.548321358262254,-3.7952727227510423,-4.755222400247292,-4.695523176995636,-5.901507314150097,-6.348688214436154,-6.102652684516122,-4.613389026847403,-4.010229544741369,-5.618644395514294,-5.467710072324922,-4.552292829296173,-4.744645805530948,-3.784702982801305,-2.8267474517279116,-2.3754559210724575,-1.9153431451619183,-1.6978719524487411,-1.9121148433275115,-1.0987027818432282,-1.161639455338456,-1.0003269635905028,-1.5092685250569389,-1.6648522463577113,-1.3740650229260467,-1.7122661993386132,-1.1933721187785291,-0.8322701432361959
-3.294825967206955,-3.333373953435889,-2.9042854575438697,-1.6102424621064801,-2.010738732376644,-2.1319730228474567,-3.922829319677725,-5.617537235589518,-5.884378121978353,-5.715866226865069,-5.950082511001391,-5.167941987828031,-5.828452096918715,-4.99290841841046,-4.954495531762889,-5.014927138008509,-4.442872621322851,-4.060111663821601,-4.053915234249833,-3.3504498969949923,-2.425545574288204,-2.262581474690615,-1.6378799960529946,-1.168738755115036,-1.4636287738075817,-1.3794760507527728,-1.457626197748649,-1.734465206141028,-1.7738819141815583,-1.9282885221562425,-1.8445488558944325,-1.398455306801406,-1.131194529863036,-0.5102922089783547
