script/wind250m.json
{"header": {"parameterCategory": 2, "parameterNumber": 3, "lo1": 6.000198445256149, "la1": 58.999992894266676, "dx": 0.5, "dy": 0.25, "nx": 22, "ny": 24, "refTime": "2024-03-28T00:00:00.000Z"}, "data":
[rows 0 to 23 of 24, columns 0 to 21 of 22]
-1.3225795015502324,-6.522538469508906,12.29629586530131,14.29164331576766,-0.5076094010190602,4.797007347281085,2.329556712532325,9.739779989892055,13.503290253171388,-7.89547767489617,7.200892189200625,5.670407442538259,12.413570715302004,4.164805471409167,-3.706443853217372,6.487425828956384,0.2664178276560882,12.168929937249418,1.8480247284533642,2.7680704983703035,-3.414154007645868,7.094092204230322
-4.911046408856836,11.228604376845137,8.15019811278308,5.183132468771242,0.500911195543811,12.875820844734157,4.285354374604735,10.956893562625146,-3.682442098877159,7.834183340270781,5.927738127040392,0.4616789347661628,3.96132881842441,11.379984347758139,8.840382119826401,-0.17600411735863675,7.514324906726048,-6.087124786284056,-3.770871999881543,-7.53687817094378,3.337095226824983,4.698104246759594
1.7865993063680083,12.00721546651715,8.147541803066433,4.338565208241777,-0.960374188547629,4.656213357704728,4.6679047456265526,1.9574117333046166,-5.9548741823252875,1.7709324720189892,-0.1489945524430296,11.612034847061993,9.449148299888893,8.456580130601996,-6.658066617129375,5.1511740889973066,1.0527068100843928,3.8765315912207674,12.730769629828409,-6.833187733991741,7.373623861906833,1.727883265602396
-1.8969242587620772,14.516327622680462,8.413766678769631,7.389160937103869,-0.47643998984413866,8.981435147814441,8.487339568961469,2.387601410679194,-1.500032278055456,3.909130539169977,5.6330681306273895,7.06028732028498,7.4891636471296055,9.564106681851348,13.195148452978119,1.3350278198612802,8.19241294720095,13.904874447674317,0.059286933802439504,-6.235338941745537,8.453922052982401,9.631405336256863
3.813454230131507,-4.284402258605831,7.771393897596196,-3.687021497006846,9.986178007204575,7.664442572405644,1.7526833998849418,10.162871763169374,2.1904222192635716,0.854804549858816,-6.3472418915226205,8.514531870729863,12.851450227147808,7.098884202301197,7.400681983340707,-0.9196045871186652,2.257868597179771,10.889217609320534,3.142657054694822,0.5172512840603407,5.57892361129712,8.460681113687059
-3.5665789721323056,-4.751826016758935,6.537581986613227,-5.936572267894449,0.9814002131507584,-4.737617219982823,10.875313307931268,13.853208171843898,8.311977429789417,-7.186474938585309,-6.315777490351825,7.186217505103238,6.880938613327874,-1.489244332216605,8.983687384366101,6.874082435193086,8.701719428795746,3.50379243199103,0.4907190058449844,8.178760360390891,-4.397378074190596,8.248221812427602
7.119099341725907,5.993958543411106,14.05484651694144,8.58578301800366,7.910242758526227,9.736904988121578,-10.463794856539694,12.524855203940628,13.59176584047385,10.076287435218692,9.226831022825628,8.11769939689352,-7.211500609241916,2.8617584309724697,10.412553664206916,12.405744832394767,8.875500254830557,11.0796738133406,-1.3610259537719362,6.34164868261706,4.598453591201969,6.582511839256201
-1.552288163538638,5.893622155125899,7.6357072148305125,-3.6490450535196026,6.499025449339742,-0.20839396477690544,7.065210292153721,12.676167249554352,12.303743531323994,8.316733296387747,0.8303550438654927,13.269071875116738,-7.006435364306521,8.534012904108714,-5.487519959579869,5.073896866884483,-7.377816768726893,-2.955641442613568,7.152703220486941,13.866481285319102,13.83497908391919,-1.8381014818402073
5.648567560316054,-0.2589751893917756,1.6480313468528027,0.5970215149229238,8.107630824996432,10.837856246980861,-3.799905931253614,7.730081745089784,-8.723171501684256,-6.3931126073394395,-4.90455309482261,-7.461714498942012,4.421786143541954,-6.65090191253134,8.170059667574066,13.620087393184985,10.116878855442444,0.5397498754058875,11.404175626347719,-3.9147414186938656,-11.086101355108042,2.059854516978461
6.1680421516693205,0.79046725318685,-3.2619507405377557,9.11006394260815,13.69833334152329,5.61182586234178,5.732370175841115,-2.4547374044127808,9.813601706854474,4.331027884776634,9.012592086539934,-10.52718720422844,2.049262914776995,13.970456842028684,-10.1048188209399,0.6879537047984506,0.8822847753732386,11.954931606610598,10.085023928915353,9.509948062912748,7.009251466513921,-0.13932967618476685
3.837999356588081,7.074094517607764,1.7983549849354539,12.300739663811203,5.3161048000941,1.6313164947774512,10.5893119633053,7.736304462540371,9.750762775309576,9.790215121096587,-11.394845506551786,11.111761208751748,8.55794200330205,10.090415465116068,0.9596911272927768,9.746370574000556,-3.8462122725754058,10.119736336927426,5.247566169387742,12.873524511878031,2.8329067686524536,3.2536112992178268
5.619660116298288,7.471673945668122,15.155631375362914,1.7172577656545793,10.003650868396136,-9.409950536361766,12.632059476876043,4.766390528102313,11.573913802516177,-4.680638114401594,11.77325517530214,5.676073880597753,8.03901910699659,5.849125149462975,-5.255939862107726,9.437919362165697,4.925355818929373,2.1113619781333477,12.925376483059237,-0.7663422963693838,8.84166507114593,13.971366253382822
9.506423574623389,5.619318363615937,13.524800291328837,10.145555466964588,9.3996780821495,13.827542067203368,12.395003087563573,13.083991301319532,-3.0895198190702793,13.048349585232552,-4.310324844876224,-2.8813231704258557,-3.388305507998538,-8.255672895194142,-1.368600666091853,-2.7440082266832975,0.2812318126436527,10.760944261593982,-6.308099172923673,-6.7914845970015065,5.112987790241734,4.104696113245835
-5.2401054239198634,14.414218461520734,0.4380985691880485,8.06501182402816,3.53163129388256,13.450821257262378,-7.382315630808723,14.337292572715448,7.944658044232229,10.084834799138113,9.26892868263546,8.262490311087207,7.022463223025783,12.707218190424095,-4.235507477271729,10.715789143764413,9.895050123502516,6.054858947049845,-4.3847876465327085,-2.944350109130332,12.193869305938312,8.783502384550742
10.760059190283018,5.499778473078812,10.728387247380544,-1.8381058668780568,8.4535440544877,8.828675267384423,8.105014906032036,-0.4339522195310214,-2.5125414419380236,3.005168186067099,-7.417300927175329,9.425536295576345,-5.177998970943699,-5.101985776843255,9.44413130538493,5.770668646533107,-0.563704812527363,7.680157677664749,9.462561076236302,-8.489049851390956,-3.7757609203803373,2.612954890904371
-8.478544401195144,-4.5970809695679415,8.811336895746368,11.202829814500667,-3.209142115381835,10.08929390858788,7.574787722795679,-2.8662746719784082,9.796254472408231,13.831292732850757,-10.462342040530585,-5.053760235929157,12.993490371304578,5.363235799476376,14.329523583731856,-1.2367870396813039,6.564762178939748,-6.238027754427346,10.293866774930054,3.3680754350045454,-6.598479539871176,10.231872100335291
14.223447730165873,-2.4466158212411133,12.595778710021653,-12.077885079721595,1.7743911206457885,13.039658375928509,4.853244293297021,0.5633466769500806,-7.148719705563182,5.74667177567519,1.0043490539064162,9.416793366190774,1.028114903138091,4.851254957516544,8.595273811698831,-0.5101702257583584,1.5252616479861065,9.48956139464673,14.355159029575235,9.735203653121888,1.7369821442115356,14.395147901746721
-3.5577594207725793,6.877746996221447,11.286451580938731,-3.2135196945575166,6.31181958440034,6.839316190280888,-3.110208059033831,-6.214193927263997,7.773791999194195,12.558933623773576,8.815544934281274,8.830926051625308,-2.3449772654207237,-1.7777251443417423,-4.41526981781055,-0.4238922457337472,-9.240839724793577,6.627592497744944,-1.3094236058374626,-2.6215830779876934,11.957413139899785,11.394307847695128
8.418152865109041,-6.573132278174739,-1.3322102927557409,-2.3202880532520678,1.467906359781116,-7.6642849920595655,-6.131179470023648,8.358461523250103,-1.2128980407510956,4.280421229230169,4.57171193440307,8.628446121339094,6.884847119866947,4.58451582227358,-7.206382225667325,2.9105573757274668,8.410669018334682,4.253416452407558,14.35306075696602,9.217039951909953,6.366721260697557,9.619687018766394
-6.421672211255785,-5.989469885696991,2.4509439783772717,-8.5273266392902,-4.103160147112357,-4.723679986826544,3.947448135553277,4.405419114739545,0.6759998262061159,7.844829365128585,4.712194200066006,14.272380889645328,7.7873431593051645,-2.150169694482054,2.960160536473735,-2.1424279318483928,1.3575546189198664,-10.364349603017079,10.51801678745246,-7.157707939572111,4.1474023907455555,13.509785653633465
-4.591465904385999,3.824470046809373,12.140948737884639,6.186485771364841,5.4521585327286575,-1.396119912628025,-4.441947840736514,10.970070188312055,12.324111851364163,-6.011949195348339,6.617251138554159,6.389784622250034,-4.6738300681913945,9.192051920374837,2.1698372302120577,10.006574496867517,0.3594928850829262,8.969824408227723,2.8024846340170186,7.2695441012214745,9.180777315461347,13.327894303816771
1.0530069869018364,5.168463267208529,-6.5529095244387525,5.335688351085907,4.021217508498116,2.753963504652593,13.507202137032893,6.2930778902317615,6.083951189458182,8.358604332478347,7.675722169651314,-7.5169246028541625,-4.609477351638986,2.9543031025026876,-9.223613166371328,-2.7676748021907884,10.37040641959525,5.502749666160323,14.3181518726254,-4.289646850423329,11.716181273732476,7.06575746969166
-1.5910603988527228,6.900647168849424,4.2446167792289184,8.634519902556086,-6.35497577631802,-1.4872601525487656,-3.46194514347293,10.249001868204658,6.704903372810012,-6.350675523900289,4.009530684720345,-7.10995648618458,7.411012572786245,9.044246330141464,-6.74918201267034,-2.3284821608244313,-2.6467072723108562,7.607678391213599,5.2279363395729215,11.90586620662131,8.175048569877431,12.658232345615627
2.3538312867070497,3.8720952956977177,4.602938526334435,14.958464905844679,5.015284418884664,-0.23917307491842743,11.469187151728903,5.767327626955232,-3.368729403129039,9.537834507798355,9.453976326776347,8.345854499529146,6.268310751694825,14.071492100740482,8.262687893128131,8.464103780193717,6.021543339204373,7.4445474017163,-8.616635119969027,7.551359976391972,-8.964909631101959,10.111076699157016
