script/wind50m.json
{"header": {"parameterCategory": 2, "parameterNumber": 2, "lo1": 3.000054539987559, "la1": 64.9999836372058, "dx": 0.5, "dy": 0.25, "nx": 34, "ny": 52, "refTime": "2026-01-03T06:00:00.000Z"}, "data":
[rows 0 to 24 of 52, columns 0 to 33 of 34]
-1.0519816908126074,-4.362164043924782,-0.7746303646732191,-4.52286549607757,-3.8959119497168806,-9.859948418776176,-1.1396023923978764,-1.569428243787283,-2.093274171279198,-3.287984838433568,-3.524081142169652,-1.8089954666985277,-1.099114477609392,-2.040976687126021,-2.075639348764256,-1.7016738886432918,-0.8976345235134625,-1.5866558487131854,-4.251951624990366,-5.033939218230128,-3.5167983090016954,0.12181030411368302,-0.16675770605197132,-5.46443476620237,0.9623643665674976,2.2205578461637576,1.1396742886932614,-0.24393467789088177,1.8854720154324391,1.8915514041784651,1.3780625062920833,1.22170425342226,-2.528184190544026,1.1743783225097153
-0.643347632232189,-6.733958354984538,-4.8763457413770475,-0.5884229075902974,2.9427956960766934,2.461980847901306,4.422819762868159,-1.5247597444563525,-3.538356103763756,-0.7993320219315722,-1.3402155703037237,-1.2198239467228296,-2.060069757725356,-3.132514260685475,-3.164628168711314,-2.97261074010642,-2.4553527502821115,-2.0562433217145024,-5.286961180591057,-2.4637146975328568,-2.9678193896729836,-3.0065180477005535,-1.9458287597472643,-3.4500493519671864,0.8610547407503196,0.6448915798259286,3.206277508367622,1.3168057584314863,-1.2914637339816752,-0.6026411192017629,2.8582828975902217,3.6285346433357524,1.2165666186407147,-2.3196701051209785
-1.232313050327947,-6.729051213679213,-6.985345807079769,-0.19783095268355766,4.654296506482065,0.6072931743199695,-0.05130412584950806,-2.1185169122060876,-0.24407004141396704,-1.2050697796807817,-1.7273681045320146,-1.3762893179928126,-2.5037647499918387,-3.4842715582403843,-3.2112833270484384,-3.0991104335740456,-4.189672295106268,-3.6770166851556936,-3.4422462198101864,-0.15977890568053774,-5.672829903171917,-0.24554657722268322,-0.19162766892202682,-1.5729691383971174,-0.8026485808729343,1.945851382921015,1.1863936656119407,2.9746925710644407,2.200066991806103,-3.2611989670380854,-0.12577040482077836,1.436398785774752,3.16982673534914,-0.06622513892844385
-1.2125936337051195,-9.933669094812464,-7.984529233181685,1.176745612332255,-0.13117413861717225,-0.22278240526698842,-0.4209734495502484,-1.706673831201667,-1.2038986059695933,-1.9525580831303038,-2.047486175747278,-2.468029697862253,-3.5065459238254304,-3.091091817764873,-3.2579472439087667,-4.67171844793714,-1.099949948771147,-3.193935413064745,-10.016726677112512,-3.0964165307040656,-12.131872469949748,-1.4616062555510438,-11.049304972472031,0.12613335693205652,2.017204072824687,0.6340042154990408,0.8261753357493827,-1.3406653990979327,-1.046974750101621,-1.018498664816219,-1.5161854391267784,0.06927079972718944,0.10459482123469326,0.3987195990993898
-3.2463785640691865,6.049262257654166,-1.009890884613837,-1.6847436581320534,-1.6322006843312398,-1.2772549352549238,-1.0730880576883457,-2.1408031732271535,-2.345042368700686,-2.7094521033101757,-2.742240495508865,-3.252034036346047,-3.5012865024005837,-3.6679437905098324,-5.398828433520316,-6.171507630873366,-3.4487982278746556,-2.5686127611243736,-4.585256750811822,-3.9634537969870105,-12.38790257902702,-4.449440346885903,0.4313689652527036,-3.8432094959269105,-0.21660616562920415,-1.0321117875916512,-0.8045386728063025,-0.5744003786989065,-0.8124616194974303,0.20966901385718176,-1.0509315175154639,-2.638765593402632,-0.38487924134472434,0.14228334130220113
-3.403616635787892,-2.919145683892134,-0.7466430577140246,-2.650473757351618,-2.0873339471372994,-2.44134109946917,-2.2603290247819285,-2.532894582323556,-3.3525972873658847,-3.183160694892061,-3.074756033027966,-1.4227089054167847,-3.3548855896996868,-3.246309874229238,-2.3473935489804347,-2.695507168068466,-1.5746004778950353,-0.9478016777832053,-3.6544546812809675,0.16284766101445325,1.65500048433195,-4.441208188791349,-1.194117079877963,-0.12468636481791502,-1.466346942391753,-0.4596913326015982,-0.5025201263603292,1.277686900377227,-2.0020670109512877,-1.9062898010413225,-3.1537712462709817,-1.1746966760688677,-0.29530375369661754,-0.26625993474069787
-1.5553012380903868,-2.5859166419146473,-2.2859832162314038,-3.2295316115555908,-3.364927034425672,-3.825168081765228,-3.1725016273044426,-3.718583932045557,-3.954529225426377,-4.364846865129635,-3.83325816390414,-2.311213788271206,-2.3206283717169436,-2.8460815403140995,-2.6181958451834375,-4.068522207065529,-1.0144156992466706,-2.6875619970961453,-8.983311790350355,-1.5463741305953866,-0.6463233577759093,0.43299390080556016,-0.84937368381019,-1.8305962052667883,-2.6249161314586336,-1.66250417240151,-0.3462756417451333,0.28824851328181855,-0.6882129022041531,-1.680041912496864,-0.6821480771295454,-2.7503360697283195,-1.28807922032593,-1.1091424803039116
-2.6897631398278716,-3.2681381778214327,-3.1366323969148047,-4.399597659480311,-4.170389553904323,-4.111897703584796,-4.066542090944235,-4.972488967577375,-5.911017961497646,-4.545591557395513,-3.5337680990812763,0.3401875760497648,0.33848962301908525,-2.986252898422718,0.5863493029675482,-2.568089592385194,-0.7286666692432786,-4.114551649219694,-3.8996298011287545,-1.3781558912244043,-1.288984947948768,-0.4189904986202415,0.11540579560271905,-1.1028169947211064,-0.3116796584522384,-1.345685328739648,-2.2969102376612587,-0.8267711449555385,0.044903350058161574,-0.9764390319341163,-1.2118540213727411,-0.03133428878439129,-1.8828682699969042,-5.842675366615059
-2.4617708813543078,-4.510072682565434,-4.567857083492827,-5.274860949644063,-4.889163302144418,-5.3417815681036505,-5.923291556852525,-6.271152711839119,-5.900799762679578,-2.846629075883913,-1.5385149339010258,-3.5753284011691524,-3.516495775028743,-3.1477349651877313,0.6314603897299236,-0.030579997044179325,-1.2935485580062351,0.9148105603410457,0.6466200186096942,-5.391294539196069,0.5886527282984692,-1.012728659847551,0.06489167549659441,0.23609468669220743,-1.490853293089122,-1.2817920711711386,-1.0835172605964631,-0.4828877513947557,-0.1421579841118797,-0.3401180718975188,-2.0441939784792886,-2.165361751289744,-7.2038698962182535,-10.125889237060948
-2.813588319316307,-5.267707078464224,-5.772011254049991,-6.26217023471259,-6.135000810116376,-6.506991985102914,-7.503154522788531,-6.5442321398032615,-2.5389116434708288,-3.13697988459964,-0.815025934636901,-1.6490899530595478,-5.2709283127221465,-1.267349340486646,-0.12313958988793759,0.5009522756881368,0.7902772215130246,-1.029055623935999,-4.656764939711858,-2.6492695719290364,-2.4227614227718512,0.5335995587052892,-2.6373873565014714,-0.06201583517993691,-0.2315144017834515,-1.7493229494397577,-1.1107866170610576,-2.0051472972758138,-1.4479360298911788,-1.1522794031949566,-1.312765574072799,-7.213074274573659,-11.004489064074068,-13.254912906740076
-4.618818533095146,-5.930388139751244,-6.7477793414584255,-6.805328319723062,-7.151296838074613,-8.13837689150256,-4.975783394951031,-2.717975255951851,-5.3755055427692096,1.680037923219913,-6.3134773620024776,0.9716237242272144,-1.3840135163387393,-2.1568082831451867,2.769860457266365,-0.2877110231319153,1.1376409834875971,1.0087469495305912,-8.744792665400178,-1.2097299888981012,-1.727894877323468,-2.5895560177719705,-4.109999147099207,-0.5738965696272607,-1.817942578057218,-1.2957964938665445,-1.3923125693590754,-2.190401905428383,-0.834835954750564,-2.6000271418686745,-4.341110551787972,-13.902270606737986,-13.237450106519812,-13.398441378719328
-6.186249862401609,-7.227851786653909,-6.73906010883098,-7.459447157384316,-8.76512920784827,-3.6483070521584473,-4.0578936765275015,-3.1007130054257623,1.4750998928355579,-9.61579162976817,0.017628228839353374,-5.4875933304826585,-4.185495923315167,-3.9596601575257946,2.066576939942826,-0.18761705639844753,-2.2464613515974095,-6.7488446183259,-5.1288948811387,-2.4781390335175772,-3.2217381479575216,-3.135468460836694,0.17572029396146155,-2.041725181427267,-0.9179740619282347,-1.423745912636948,-1.176514264463864,-0.8206827801367036,-1.6009035784363996,-1.7935432386642287,-13.941659689553761,-13.616153377989338,-13.381235939325038,-12.219547397468936
-7.36350936795433,-7.394346163277807,-7.134137999669474,-8.623401235425055,-7.186583937563469,-0.5280419998132798,0.23692698460550798,-4.32004866771344,-2.3623958143522326,-5.289721968378281,-11.401819271539182,-7.9327170379304395,-4.10639209678747,-8.152627251210035,-0.497490737426734,0.34064197216855957,-2.1425176682385025,-2.600893938779399,-2.7845286391582915,-3.97771093802786,-2.4803373959564747,-1.5912659928459973,-1.5739070986068922,-1.1848798043378237,-1.285502445401968,-1.2884535173543101,-1.6290724093115316,-2.4555436114789173,-2.078406950558564,-4.400175560805143,-13.708179498711043,-12.811533113544002,-12.544792175792052,-12.067066558099748
-6.668493006448426,-7.676431901905269,-7.905145948144633,-8.026370371466033,-5.490297677437245,-6.59351451014305,-5.122153390365036,-0.4554074374201353,-7.778121330994279,-9.518401075464782,-9.504522215078582,-8.987343528979446,0.9458864839876714,3.2408258666801006,-5.184173081096028,-1.1115311708304887,-2.721153110632074,-5.2826457012689545,-3.6975937000336017,-1.1845927465769304,0.029426519578423592,-4.632469943373886,-2.0812301924064314,-2.5242193393051857,-0.9100792184027368,-2.2148239881953815,-0.6856174789550329,-2.3199881610140243,-1.4408465703809437,-12.852495578918651,-12.506485773819833,-12.14586414417635,-11.667826008902468,-11.927291448322071
-7.194122568415296,-7.695367704701728,-8.313004881296875,-5.806113847359479,-2.0381479711233577,-3.919636518420653,-3.069380954835313,-0.31495833367055676,-12.2991834220496,-8.027927394486484,-5.574286453592465,-8.267664329033929,-1.524096381823142,-3.0901215290571216,-0.5811731934029768,-5.474125562344073,0.4143756249825472,-2.645193301085222,-2.2142322401812518,-1.2615056495023609,-0.8143702405871384,-1.1456105397000764,-2.5502647858785568,-2.6536312840973073,-1.3733423235228301,-1.9121246741946045,-1.6594275304326864,-2.3952121402633417,-0.5427464942760991,-12.357983572404175,-11.837585091496944,-11.514488931326376,-11.528671740656241,-11.94655369459998
-6.036022443241775,-8.055630848152088,-7.108250349035921,-6.288336657766089,-2.1910546153727544,-2.468730393483502,-6.080229327272879,1.9330863876780282,-0.6347965399243375,-4.051277478354455,-6.626314245323038,-6.1506195092061615,-4.074525876679934,-3.2368234217448837,1.337263220062197,-6.253760143232421,-1.4699317662120681,-1.101257064624956,-1.1793219423612582,-1.8304039107687975,-3.0977004674882402,-1.6394743671307208,-0.9998147529547765,-1.7644991132105865,-2.9718764092268826,-2.4270526516859823,-3.2716152420926186,-0.8302078460094161,-7.306007281626312,-10.639005208507317,-11.267283173104609,-11.28947283182331,-11.748154070144961,-12.366266450633253
-6.14149997380469,-7.674490596262357,-6.453200785497891,-6.2130514249684055,-2.062622093431948,-3.0872104885301193,-9.668723987096456,-4.325124103693498,2.0583563845381594,-1.7787653094585514,-2.9348551622335832,-5.217836791973523,-0.560484536843829,-0.18079794997220502,-1.017734889404199,2.7486640107489015,-3.069868593651339,-0.6186606139753276,-2.0860835663875936,-2.37884435005053,-2.2941903848559146,-1.9568440275447243,-1.7226636704874863,-1.3892673538248956,-3.160186533700116,-3.2291718122300828,-3.1164107163973367,-1.3419448197916857,-5.562769989287515,-10.541589403048217,-10.971428691669635,-11.483825936076368,-12.17395043222269,-12.265444900027742
-5.293362244789048,-6.703168659825043,-5.851608611110034,-4.773875222948404,-0.8785313729065272,-2.486628751352222,-5.389317708944855,1.4610611663129425,-5.519876454318228,-5.042688608434758,2.3938051965949,-3.4033603336365825,-1.5191137978374487,-0.6631875368607186,-0.870852208670235,-0.5044507398587257,-0.6037617338597356,-1.4086724728376867,-1.8887057559400402,-2.8656852039905645,-2.5127726114406275,-1.5015374624306468,-2.3636440634122935,-3.6857194249220075,-1.3661394369725677,-2.227040030459275,-2.441348789856131,-1.5648325971803612,-5.828294635607908,-9.910037898415027,-11.01632623700671,-11.779736303291518,-12.498963496253584,-12.631620881877645
-5.251470116412538,-5.918431019852724,-6.297200003491969,-4.941615397574306,-0.7179922072894506,0.14365553244076207,-4.003730013364448,0.24157427068567608,-6.48781204125132,-2.4573346761712798,-5.502238249860465,-0.6224633882966186,-0.7536157393377771,-1.5812082500101492,1.950874218968434,-2.2077066181494214,-0.36288347033332446,-0.6514602848866483,-0.5600319981133635,-2.039025540538626,-1.83562660851542,-4.112329560867788,-3.326021263542781,-2.5357712709358364,-2.376508673416057,-1.3404722296642235,-2.154532601786976,-5.426762346230195,-5.8708319449241415,-6.415446049755157,-9.646275546916906,-12.154115825074905,-12.104084872627139,-12.75537003671875
-4.7949976389766995,-5.617566889653054,-5.650182259108059,-5.661891055884625,-1.4869334953633704,-4.198909681407945,0.10200951627600828,-7.4894282350846755,-3.9522204231178617,-4.638181086893665,-2.802416336587208,0.12686401964917246,0.8713299268431427,-1.2024402188682473,-1.5343949356718702,-1.622619670061151,-1.2209014758142045,-0.8602717913979055,-1.1990318857796958,-1.4046548527718186,-2.1929946302436822,-2.8255360896727826,-4.5383023513399525,-2.5264209893184155,-0.7564655760780256,-1.595026315212599,0.47109719227868874,-5.389015018481511,-5.38089859011056,-4.630721827218358,-4.768428832187549,-7.830954691522412,-13.412999622680331,-7.73049677232112
-4.468999487949579,-6.022001575870643,-5.776654198981151,-5.820129567436041,-3.6810023885734187,-3.4242922691350786,-7.62779438598869,3.9638178595453093,-5.704241625123071,-2.6665737365470275,-5.432604098128173,-1.6890245130767223,-1.804350929048548,-0.9975013769936604,-2.2992487535872983,-1.1843099518354172,-2.4584007005602406,-1.067619498750714,-0.7755086186975824,-1.7165352079521872,-0.9364194280648743,-1.9293896244042035,-2.531649084885752,-2.3911318803544868,-3.112258513955481,-0.9608424145450541,-3.4646786624332857,-4.50893307857043,-4.6101210743954315,-4.1501536572445525,-5.337186165485822,-5.442721655422156,-12.569316018365457,-13.009773132081051
-4.185866200539988,-5.629328908599325,-5.442433436991831,-4.840927821110771,-4.314121712340442,-2.5901541613214065,-7.309226282082984,-5.857702168740622,-7.037686397573294,1.1722352382079544,1.6860989204023304,-1.2088053892823314,0.970178489993689,-0.3785160774960912,-0.8394621839125075,-0.428912830284291,-2.183014324959861,-1.6725786491670867,-0.9951664037881616,-1.308616976895249,-1.384811021983581,-1.0788152555052684,-2.3907850894403584,-1.857183675957336,-1.685538757897506,-1.5930213427361368,-3.033363082540039,-4.575206861915674,-5.0773611787417785,-5.113592497475414,-5.661328169057064,-6.275778356789662,-8.7656022761184,-16.673294884107634
-3.760429221132591,-4.871822979588691,-4.504147565814019,-4.722903402935149,-3.62120930657016,-1.7069201506663774,-5.500171889559993,-6.108421807822154,-3.952388760695013,-8.280571904216792,1.5082890285134907,-2.201301755675697,1.4106819534522437,-2.040028538629256,0.17625840828856115,-2.5758359559824466,-2.2432549997924722,-1.4505870374454897,-1.4356911947728523,-0.7034958311544269,-0.45945320465694484,-0.4016742899123131,-1.458393991944382,-2.0927701492811686,-0.27608936038185866,-0.6019942103710672,-3.826552918333061,-4.275106570715534,-4.713119833311051,-5.557109905469496,-6.208895775098297,-6.4294502164736675,-7.4267314909601785,-6.215181431109045
-3.192271492419147,-4.011893408516855,-3.7403941393869653,-4.618156606505933,-5.077074748254794,-1.1257437252257163,-2.7557770533716384,-12.830582806713107,-6.606305903415566,1.1853269144063079,0.34956555209347745,0.8975173416370309,0.597978386614423,0.09094593391220887,-1.327426201777023,-3.4215229151076687,-1.1007776132051306,-1.2009439543343816,-0.4592993227193233,-0.7703121812128185,-0.005618760005638213,0.1508290755107964,-0.03363943288159957,-0.1512812441020099,-0.8127786355598887,0.4956878969333566,-2.9670869933717685,-2.429480728573588,-4.010141517446469,-5.479923652744177,-3.5053300906842395,-5.075827963257669,-5.308075945306085,-5.022899575315294
-2.7493934146811823,-2.756282676580013,-2.502725659004911,-4.8590205111018525,-2.6135440993257704,-4.516234996289881,-1.6424684851468752,-10.985987909891065,-6.4619822950235335,1.2305406710001132,1.1233505054791597,1.7601021787693725,-0.17749653901323154,1.305092624141221,-0.4449999557232519,-3.0002468807807054,-2.051729555546562,-1.4572944957750005,-0.20176118341767027,-0.15355205480358167,-0.16788965856502885,0.37147616173138404,0.4787244394380339,0.8300091582031051,0.6786956860979187,2.0953739205801374,-0.08051790992849507,-1.3247205964891613,-2.792768261386241,-4.244313272262238,-2.131826632788349,-7.01127684865918,-4.63768919086896,-4.292440674730001
