script/wind350m.json
{"header": {"parameterCategory": 2, "parameterNumber": 2, "lo1": 3.000054539987559, "la1": 64.9999836372058, "dx": 0.5, "dy": 0.25, "nx": 34, "ny": 52, "refTime": "2025-11-21T11:00:00.000Z"}, "data":
[rows 0 to 24 of 52, columns 0 to 33 of 34]
18.310516630754083,16.879678668983708,15.760227676459941,14.259494754843695,13.121591919544855,10.95133642232177,9.794469508659985,10.239090784315758,10.52736516337217,8.767178356832675,8.347698291588964,8.362335792504537,5.160519426769897,4.98453471366079,1.9633443197694145,3.897565754193457,5.259377939713936,5.204759258971628,4.334718844880427,3.655472201500282,4.571155172575664,4.482973348107228,4.974625218042396,7.120277464623928,5.745877956227698,5.655341178768683,1.9181099228918352,1.9285892580553603,2.697254102862887,4.284339399182166,2.60750304614219,3.060893689344044,3.7709042006312936,3.8452500712789153
17.33488804803331,16.54235318553627,14.90644613939146,14.059997169825426,12.570396882225008,10.958701636406262,9.97423216064092,10.787039480175306,11.115188007942452,12.197402845938193,10.12534821963938,8.169750657207747,6.086162495872499,6.122393858137934,7.161774285673828,3.802705947744269,1.6263100526628695,4.512292787589689,5.5460298769807705,5.96138865431979,3.2551309303677955,5.61490219554353,5.2476650560782465,7.8863204822077275,6.00570674889291,4.894639118865561,1.8272285078461572,2.259076054622985,2.688589272335136,5.13610772424621,4.439758334961063,4.353829929366709,3.923353332087499,4.7220700857349325
15.90895444668807,15.142885251567462,14.497480749265518,13.586221309526971,12.590358093580868,12.624657736959366,13.192898569720121,11.356018017196192,12.29600853414043,11.984499056026312,11.695927271055973,8.742795540263659,7.452248053097627,6.746996134926833,6.030184196510922,11.035982787848804,4.655751593639365,2.728664626203284,2.790832318294927,4.033093494497613,6.622072433946686,7.315597266969243,5.9102056412301875,7.790645293806426,5.955579409362212,2.996084390806444,4.395531903712707,3.4950254652862913,4.106912752447226,5.673349712969871,4.629451131370361,5.060193951481281,4.766763851806148,5.24603932655088
15.117445310613238,14.53246938368672,13.924457054770206,14.413471759317009,13.740723913396545,13.060275383374947,13.301782432141627,12.954702769861719,12.225744381166612,12.467773374780599,12.265966215498302,10.862196790189072,8.88832596490359,6.988316651441074,6.957214975691716,8.437041392540108,4.93742995240543,4.890113108507966,5.5149629341314,3.8974057820983385,7.037506031711073,7.924737685538887,7.538634802762277,7.380503585481321,6.17643337317241,4.52677029517963,5.060813304554483,4.484318033804651,4.802295296669066,3.907024674379366,4.285748050975178,3.981460148799999,3.7054482957952617,3.423924580387783
14.566702877821482,14.308364986040432,14.146576478052081,13.999333831170109,13.883093154000052,13.13839276105925,12.639574519122691,12.95941209947111,12.401903816492213,13.042736579437067,12.807411369627433,11.645682462264809,10.078766006726367,6.29011060608063,5.982259931622482,11.796297674767986,6.282891083540444,6.257685847701988,5.150309164701932,7.564001641859216,6.882194864960608,7.988028257441546,4.822178401240124,7.4077352406008945,3.038625885002335,4.2115987126826475,3.7271036282900725,4.1455651843784755,3.60409104130084,3.857803318558265,3.2919416678195192,4.247620293154331,3.1806429448761016,3.2808045112713375
14.115019890626566,14.011859168643696,13.765290711965932,14.014823049141748,13.928540710718874,14.119705878974171,12.872182587055738,12.816881380319437,13.032454347912331,13.623925277657522,13.476711057490578,12.873052761028335,11.551434101347233,7.977066389757601,8.722067591570873,9.548483942167548,7.424921430450728,7.072111295917811,8.670902802674625,6.813188745990294,6.955709973778699,8.559850313890013,8.265407044598273,3.9247951785909927,5.923876553467389,2.7452815920064175,3.920529352039196,3.9142993521844867,4.176957456504199,4.17674811201809,4.075206275739366,3.3782292518677544,3.4360083236181227,3.820412293413912
13.8755953904724,13.791249844516948,13.681699347753009,14.114766092448257,14.090374549022663,13.08474248368572,12.852191622640657,13.129275574066703,13.480611542476595,14.18223903616504,14.111523066652259,10.399842054120487,8.95731471565544,11.093393548809557,6.262132842797212,8.921693008375518,7.556530385510971,8.615234406266191,8.055261222370223,7.503873265877547,7.331040335588902,8.632567455597597,8.097758511309197,6.807789126492164,5.325528587762845,4.938608552551977,4.116005876830737,4.225118026547568,3.683139432052735,3.9197739306905413,3.6422427989223545,3.033506862120239,3.116065372024843,2.9571527078976243
12.949000113866168,13.069237074351788,13.054118803707773,13.211049781813527,13.053826832161382,12.827730516737374,12.88165394500256,13.330805307480084,13.565044606039969,13.861406963589117,9.503714281859027,7.7836018351833225,10.272412242709875,13.83898296194255,10.000970771585912,10.327029578309402,3.4921773739285724,9.642930086931278,9.835558708588524,6.589009675708755,8.699719933721507,8.370787993470246,8.901222944330398,7.318976572932244,6.305473842454827,4.05224591053951,5.154556855014528,3.7199394096384366,4.171554921718826,3.5882063538057194,3.311922636309685,3.060524795979174,2.3284740470793213,1.527982755640811
12.653811225622599,12.49659813760263,12.188265785157688,12.469451136082196,12.640671932598226,12.593472799167703,12.688011458159979,12.863994712787846,9.915992304318733,12.179113256653663,8.744524207219772,6.199102048436218,11.407810450363355,10.424059970275234,12.78552714275163,5.151321356465143,8.457353808233155,8.995363376806646,4.310071086114813,7.135094501711738,5.880496308750411,4.819808884917313,5.64541445903965,6.07257799720479,6.199329594709285,5.738430590443144,4.6165391424275475,4.771752473308531,3.2882206728384094,3.9880292573670486,3.2824993520985863,1.7123404165340692,1.551856163279013,1.3612730591048652
12.1951589081606,12.021318751653252,11.810718448532864,12.217565725483135,12.656586004360829,12.528247086316327,12.763458874384101,10.149146389707301,8.587461153901124,7.218040919741235,3.96733291152754,4.513780831638539,10.98074965560031,10.731726502133487,5.913283095565925,9.352140859411824,8.605996064984149,7.222489233887744,6.622438779088572,7.834555044604619,6.603741947825352,6.855085057039591,5.948645750348173,3.4360368320023014,4.729670211104213,5.557637779960852,4.400596826307642,4.169015902713493,3.553813089651513,2.4634495542814903,2.63522511395627,1.2898882963261227,1.6684462473790935,1.308208482042237
10.412738718563736,10.261460523108218,11.114990167814824,11.421868758372298,11.93613663152157,10.392868552536497,9.859552071825869,4.982910441071369,12.05279157764193,8.126214212544019,14.903243971768292,4.988790159680474,11.54493335448339,10.149957040895726,10.324024249776079,7.498165663110691,8.005707794911936,6.769157018937628,6.8262817065349966,7.505175196915238,7.529401654391065,6.309073107293106,5.613832229607183,2.978758860490224,3.6400244736386465,3.989747377075266,4.439613022733767,3.557089066076396,4.1098973847046185,2.52497310688186,1.3404280596761786,1.075710974997953,1.491203216189984,1.112540704593074
10.319494028772844,9.00849646395815,9.918595899600604,10.228297491975274,8.192884464348888,8.079047412348851,7.943740833313495,3.638145493180967,3.0555186748111294,9.43287810238075,12.394444374340244,10.604518924930185,9.034253234687231,11.000497502248962,8.264489663355274,7.086317369472228,5.352644429635193,7.489902461147688,6.261415771936524,7.847241091814289,6.76798220804589,4.878315249058048,4.826377391130896,2.679543830284648,2.74475378403666,3.575530264018446,3.3558933584005914,2.903955127904521,3.312760952398974,2.3858868674208655,1.081503259722153,1.766930374014273,1.3777559746128938,1.179890320706443
10.116798356918508,9.51459966412088,9.453323334537396,8.941848307722864,8.33097970142199,8.976952609767835,6.095995246594236,2.0939062729807736,8.412996234707489,11.964272034905472,9.661102445608932,12.124304176434197,10.606254840709015,9.300624934001451,7.726478074116432,7.202279065878234,8.72102099505639,6.499877064055238,7.111154975249134,5.656413173764609,5.907549221911828,4.973508066582036,3.725260313897824,3.2853506781818624,2.9661944539648615,2.691658724668579,2.3451757957305834,2.238688833043575,1.7307904900340652,1.1763764967312769,1.4063944460623765,1.7491032567557203,1.7738136866797272,0.4836925008795466
9.381450572280354,9.420439669841231,8.649077381290603,7.755670282919466,7.689967751981218,11.187643479737005,10.40708434344812,2.3535186311934306,8.446261977382097,9.126215584046372,10.721915033370696,12.164771491891132,4.726128723921297,4.678236950333716,9.104754877897722,6.154565833501896,6.208459609150327,6.940412642338024,5.501679069821958,5.48648596289636,5.397630287856124,5.061852227928244,2.8749458257715244,3.090715178278364,2.7553536619403958,1.848942005120143,2.7745836063622975,2.0392247873809892,1.3127055936764167,0.7768061967535567,1.8011608797007381,2.08021633811868,1.3801269240269607,0.0652549141523163
10.160011792241141,8.596300676931651,8.046828752483927,6.828160708502817,5.100859396759276,6.4460590372687046,3.11692591922738,10.427292008903025,4.8020595595253655,5.229388754785615,4.619302694128524,11.100117968293596,8.132462912635551,5.331194276592376,6.7830453913900355,8.595268481657733,4.5006238226380395,6.322072704734786,3.986547931969475,4.03755826234661,3.6060936075915917,3.2867543776835584,2.6519389290614077,2.591688022956923,2.1052217808303064,1.424234945696639,1.5763255671748915,1.6085322311612062,1.3782474279278687,0.911343617113925,2.3784302248905673,1.340717673614895,0.6709344232042527,-0.9580735557453002
9.136116838324119,8.280325028280842,7.321651904078931,6.045169256509601,4.48580147698687,5.265592402469097,7.834554584433082,1.0228239237902361,5.256499724634701,6.0545135339513445,8.468165749437032,11.083905855357319,9.037787616467613,5.1817408506198195,4.658503129136994,6.045006886183794,4.355707939696138,3.018026083948959,4.239042817977204,2.1694110793500307,1.7938884447276389,2.2922842686983955,1.8133029977859108,2.0908428691849523,0.6949891815824695,1.376248890135141,1.3949430520304467,2.612899983296324,0.9350164020255467,2.344328029822626,2.835280889801293,1.3886589378215206,-0.4796052725979481,-2.1339077596951577
8.830011628400303,7.750719877038307,6.850700896144112,5.914179519130646,1.976600581437567,7.747640588318301,8.824059145950576,7.430830307652981,1.926326873599737,9.514798311755149,10.610544701286079,9.34798090409763,5.837920387046418,6.796449705735524,3.4972754528341015,2.0999401447713937,3.979837697150487,2.000882038074638,2.5352850691973416,1.8690634311656666,1.1301316396678014,1.2357218906921859,1.849467472325114,1.3800926335477182,0.5903032640332277,0.9063561565578517,1.499647709338771,1.9507523370601316,1.1648304090159456,1.5207502376145485,3.1461092719934385,2.177065236769441,-1.7418799792875723,-4.2525465096432296
8.166401547776626,7.366450623091975,6.11997803233968,5.675086711000012,4.154708561347111,2.638290820270856,5.771750729993162,3.045706774665448,10.231075540268735,9.724354386632251,7.983163028576887,6.909764072679306,7.572000292940058,6.2471483183138465,5.121643155871645,4.907340145867699,5.057865683251757,4.964247978544722,3.1450786844798913,2.829347189645282,2.3835628557033894,2.171571079196158,1.6145265473214752,1.067863953202142,1.7878516633387243,0.7428469827159986,0.832873755030254,0.8035785741938571,1.18407547825378,2.682943423211376,3.8264881844267737,2.66024669443857,-3.609672029245199,-4.367648217562322
7.5818718481326774,6.951458970200955,6.063185566062747,5.285942832215366,2.860753852210862,3.664695130870734,6.960613558808208,5.606076492797027,3.1762879513169673,10.751163017759108,9.927464582693261,5.942895948038094,5.457036056664164,4.9262367203527,3.5058446696412098,4.185826613839671,4.296757398971807,4.615877082419311,4.177219014185531,3.7628100456545033,2.8194638701976538,2.0493978856648587,1.2124014810690495,2.1446454197301654,1.5077228373085347,1.4955012582466123,0.8525225812171495,0.6614290689445758,0.8519675918408407,0.8406640405500018,5.863844659880909,2.443244454543069,-1.9425357727092376,-3.8150071714092193
6.986021856276175,6.346483999290621,5.944760393055536,4.865099523784955,2.810585887427853,0.3142086108200792,0.9685001249404025,8.768849317517642,8.522307516401932,8.527627344263523,8.3824263384047,6.241337625303931,4.444096570843058,3.453905174206566,4.078633661200474,4.155150986068078,4.042840598256927,2.9173109820346617,2.6095611196097317,3.4718355029444785,3.2427679268773653,2.087446766634965,1.7085144815174365,1.9864295403667491,1.8916582452065869,0.7846418134500524,0.639425385200348,0.3374903218006621,1.02381876394741,1.0921368736595027,3.7154351961603647,4.653445069566678,-0.6869875370141622,-2.6953477762501836
6.5876502020715035,6.2972470239947125,5.521166946673812,4.533350265527682,3.0945765135287813,2.155396415883752,1.148055452118148,0.39811974274719875,7.380497766519842,7.26647082418073,7.160530203878753,7.387746965954304,4.947197805618979,3.1692646218700786,1.7662820543132702,3.1005171212586324,2.4691371876924673,3.481453125273018,2.6229330898872254,3.51779713801049,2.3282960567356774,2.2415185698709927,2.526099867621473,1.5810921814980854,1.3444766320517143,0.6871275824466483,2.0003941423199803,0.4382610414726024,1.3623066529969812,1.3876890595028628,4.583532146106053,4.45528753012446,-0.7774845045216804,-0.4322806925004987
6.252585947350233,6.04273933253178,5.439045862924979,5.398690887702187,1.270446341576364,0.3589090414592816,1.001930763419651,3.2506800961962052,6.381007272197847,5.55428177419821,5.896499772371497,5.200576943728492,1.0024191413863144,2.2987316882448816,4.055341050385707,2.932018588973512,2.6669024755116904,2.4705497096833717,2.4268399134654084,3.385763617271243,2.9678401024695247,1.5290235260319975,2.219088009127628,1.695736385414982,0.5716808053927241,0.4274991177328396,1.4322878909709513,1.133308901236783,0.19675358145012964,-0.3680682301341224,3.5127107370101727,4.976895845313052,2.737920151387122,0.7437582941119547
6.557158767470907,5.9181916998503095,5.57177170924006,5.658747525383154,1.161619000580032,1.3273531773061324,3.2022705348999443,2.343258511474386,7.741078903065755,6.7276514769442715,3.500543271539209,3.7749997650013882,2.8687746611744527,5.584675191831523,5.176191465946092,3.2993980088319477,2.9567700173723126,3.4621505730931763,2.9250487047108584,3.1902272475327402,2.8207294764276543,2.3592540190376536,1.631347483922502,0.872440821707303,0.7492409431257656,0.5612079412497872,1.694892750019791,2.4550916733738095,0.5042006658985043,2.9814948129254573,4.423083053655153,5.06361739252803,3.7104596196979007,0.28888013813450925
6.616779591997907,5.7708360022784735,6.123748525476187,5.3683180474177306,1.2842217043252875,-0.5514315997646567,1.2858234124721784,3.9942483918497262,6.547016293734109,4.138105208571962,1.8941409239327716,2.1787364838836867,3.42422968847757,4.3381287073244215,5.226739563965455,2.4532653254147556,2.990677029791173,3.8073957135959047,3.0605958566118874,3.7206179500608174,2.802175580696314,2.286964519997625,1.4364070799210913,1.8140326051767726,0.7608033066258559,1.4080450299799236,1.6633472608359514,1.770202301286369,2.9563132147301197,4.671214843416889,5.4972666781970645,6.27926559035639,4.156264144431177,0.31339134727639817
5.978358009288488,6.278654803372253,6.492325594613201,6.042803855932038,2.578616169311489,2.103919555226448,-0.2760806030188658,4.9648963524667336,6.4788190710521745,2.156612922460422,2.9048055182294066,2.9960929609904285,2.036177760919182,3.7937654021460405,2.5558756097578113,2.7483731595402587,3.5820777453788537,3.3221994515018127,3.4310026614043156,3.605576473050568,2.436235188581103,2.0760691306868417,2.456183703005094,2.642820664187041,1.661845558951681,1.6273716230910962,2.1766215221511196,2.363912625963479,3.8031304091836327,2.937968528449908,4.938954724854723,4.514488397235727,4.772830299715169,0.9648544031201055
