script/wind100m.json
{"header": {"parameterCategory": 2, "parameterNumber": 3, "lo1": 6.000198445256149, "la1": 58.999992894266676, "dx": 0.5, "dy": 0.25, "nx": 22, "ny": 24, "refTime": "2024-01-22T04:00:00.000Z"}, "data":
[rows 0 to 23 of 24, columns 0 to 21 of 22]
15.587702921224517,12.220197823963131,17.362409734011106,20.930259664187176,22.534649361156948,17.344877859518874,23.798453779162426,12.635958422650866,10.928152080999466,12.879364921477745,12.020901496716078,18.199736857749826,12.168865893319321,18.910018857619548,13.141664504588904,12.376815359844345,12.606384378326027,16.77064583868461,13.251659271666774,11.511298124181728,17.746461952603415,16.619696316014693
17.38043759013682,18.254583894989114,11.566094671906972,18.579121974015123,17.119516125074494,20.6516785714887,22.783881674701846,17.8826400039267,23.804988768124115,23.445083460098793,15.350841415143362,17.791265558089474,21.17242404290734,18.95215726069166,25.14967098508992,22.539880665706793,14.883760625964413,8.879936669960802,21.96318465023951,14.24581083031412,21.875432859416634,16.620981370261255
10.787334716212694,12.949986452277987,23.12599302005037,14.307339028485288,12.526750550467938,19.271232941444588,13.011416810945104,9.695695717626977,11.866342212341635,14.313683103727273,15.338956666170963,22.63326761006307,19.37670492309743,11.28540205137957,13.521148695744033,12.91593044837002,17.939455733729986,14.126882326835267,17.66884605114246,17.761434943974535,18.405447313038557,18.956099723272946
22.060696408288997,25.108953163331858,17.8970036566789,9.174402318873865,18.69471700691756,22.950706727607443,16.249973576821688,22.597608468478807,21.749580011542264,22.425931759977875,22.84629843562178,16.1238276872429,22.337312540276763,21.120049372019633,14.66368598173502,12.833358341461041,16.076983837232138,16.28756780346614,18.52831507270512,14.986717698472091,9.469055360840143,18.128685240919317
22.22337811867058,15.875292594549968,12.483898277976811,11.717106035174876,22.98620901248447,17.427515918541854,18.270830080093162,14.250796046178028,15.433817155290244,19.62620266467833,17.050797026067496,19.2019044502091,21.954404762857852,16.09743305981838,18.779795607410872,21.69558309254798,12.780531822223692,15.54402564819793,15.566400213308825,15.283770587029844,23.659851790754306,18.010429490478412
24.322046913285693,17.562141871972496,23.714767251985016,22.28745263697622,15.702238640837054,21.212668465140776,13.072244564073376,21.555751561051608,12.569074805585506,18.59685295269492,19.967819394266872,13.744108584304355,22.27983567550238,15.193534722722527,21.274780903980506,20.485539667363426,21.390451602334963,18.645962471760956,18.676177944197494,18.15847295909501,16.302412040543743,16.449356542320327
11.05181473358393,23.604444573614803,17.243842289671125,23.883807026339422,18.850889733031366,12.99985069157574,20.619224176252427,19.388322499405945,15.295459091887412,12.411063672119448,20.90535502296175,10.468211957929507,11.212897314017964,13.218466066396768,20.73192542882724,19.17369628383303,11.94006338173361,16.198125847413728,23.266480086557813,21.062974327336885,22.470794010676943,18.712839681630538
24.430084639684015,20.147516708645693,17.15141362735048,17.29162628661684,16.792203786840677,11.93552931403689,22.641659623205108,11.690644265448162,23.82972497208597,12.734202958872844,15.898654313684352,17.9660979946679,17.518676727593743,18.580302935721466,15.247944710241123,16.42158479954227,17.479920943972918,13.857954833333098,22.586881358838923,18.6995295190255,23.756000769534047,9.000016073900596
24.480565085379336,13.376580286069183,17.91857716873651,23.505535073139047,12.753816769985988,17.918766020584588,11.116352456645298,12.024887811321106,16.51509640656698,14.810591944236382,21.998095075115057,11.299053812866816,16.268232517744355,16.385331351229844,19.1198516428317,12.617609364057763,22.010613024249142,11.81396366274935,21.330181726274827,20.361487617445427,12.984424828372715,16.457625422623796
11.991265495277197,21.075755724425687,22.467077404369153,17.349208934103302,22.86798965568226,18.945551851595887,12.853567816460192,15.599525174138705,25.104093007281033,22.865525316329478,13.898477138157844,22.87857482771918,12.593919527203866,19.810269552739218,23.200237074283788,22.78043926265442,16.589236864331294,13.832922010128039,12.69920109658373,19.137227559353214,18.799792303506003,16.122556974320883
19.958496093512142,16.81385072152524,18.08500520417755,18.818552925014245,11.808941220565522,24.139809503464154,22.49511201724529,22.63361571095005,14.656073014519512,23.003567531834143,12.463243938188652,14.268332179085908,11.940176087235168,18.479563993383238,11.41654089927971,16.03178398260154,23.73036259767999,17.089085382500006,17.489312617970832,10.557803550647106,19.079320033412838,18.197491874163447
14.110188712124932,17.575959521319437,18.91304710525558,18.510612902824104,22.585834088320762,22.797227944917953,12.75371557015208,17.807701995941244,24.494248990866765,19.041098159978485,13.594664681699328,11.744711418425219,13.32555153165641,17.600745553054516,11.719943177761001,12.881208880272371,19.50799535796575,16.422665391462463,18.176356066254787,16.292580096967104,21.743274401888176,19.722994557423572
25.37290421398301,21.77581482846734,20.020503311271327,15.274171603414114,18.672666059114963,17.69252464767189,15.432312352753785,10.013644601205252,18.471062633051567,13.782259006454952,13.687529915828263,22.954161796639415,17.663759580255196,12.13169403396493,14.744071433070232,16.786257009828564,18.15175818226498,19.066541946919493,20.62531930122722,20.70287781582201,23.294379813961147,16.303605449804138
14.002811329721652,17.640129588933394,17.756388100678866,11.530899516823188,11.260771528767798,17.43953392447898,22.889184103039177,17.886133498226094,23.4698743992946,18.825867012017408,13.051806662180486,12.246338619169505,23.65194677061349,13.441064269669866,21.840021997894983,22.23787796272,17.153036334987963,18.72316903274236,15.450105717786998,15.95994864004729,19.86094147237955,15.089279652850934
11.924256545393552,12.618758909653243,21.79418462641964,20.261899927233877,14.33320987248274,23.1927508585887,11.804301523924167,12.276920895518076,21.953929930051114,16.59915928332073,11.224052169422052,18.408657303436947,23.319039861351147,17.87789800368094,22.56917149482013,19.581835841064407,14.14536257927617,15.291033590824005,14.498942296728387,16.889861574247853,15.617111347774872,22.58317055362135
12.688610812612445,23.617812244923964,15.557491725419899,11.994292858809679,18.59082008260696,19.61524807901988,12.301279483905192,12.210073020381218,16.21012106640175,14.498948741678728,23.308405403589898,17.580489262322487,10.330540394269516,17.64033748476066,20.465140282755417,23.663961024021315,16.38110922187487,24.18078972173825,23.898516866010276,15.503397930033874,19.290642532026542,17.135695622645784
15.248331963555739,20.962330796983885,20.55167852422421,17.438597361144094,20.75593707552296,17.770024850807715,16.95173408611004,14.637867744544822,22.785268038195184,16.19526521626333,13.293222582752819,23.744084625565336,20.51835907477915,22.64583439475299,15.720040922051568,13.020280125728055,19.86206660740069,18.182671736478454,20.742648767327232,9.955048620046096,11.092328812310784,22.85894457616464
14.625492473032235,18.227084214780493,13.757512511481485,21.81673346081103,15.02919678619311,23.023654303653917,15.298251886119504,17.15390957182492,13.659653018449283,12.178581573072307,13.23918126225046,11.101035070332685,20.166639679387554,19.523447458619007,16.308321550953096,20.879864900440232,11.154278210209686,12.557378153812044,12.231821010707971,22.78281783237422,17.894309536163927,21.64757468002852
22.429697206972097,22.76192668308697,20.938690831590893,18.248249745200045,12.135593565806687,20.863164531074425,18.292704419410335,21.990441478318434,16.97349226522051,16.91239001173299,18.609323904786475,23.681189876979072,11.825577139223972,12.123580951408874,15.419002446783983,17.78572528628888,13.160066747540816,18.50927608149903,14.112615642278971,22.161131461576087,16.61940266913225,17.279080430147083
22.035711785103178,19.326021786711564,22.089166709595887,19.82214938892691,24.049597209531566,14.463576201128038,16.995696443074095,16.483752834744024,22.851773104377294,23.254018703598607,23.538973966207422,22.268282018010954,11.609572402531546,14.051965345263248,14.32059687121461,19.422702574352396,17.946757016320408,12.407054810772745,23.468786564415122,14.87517471869823,22.850371234399894,20.365852798132444
19.51099682870455,18.787643578344714,21.865364106528702,16.421298449731218,14.636918954433641,15.89968970890337,12.417485399820512,12.701819560327904,17.268910785229313,11.03204051053432,10.567502709497049,8.394373606820688,14.713052629886379,12.99112981339526,21.080222076997025,18.760354891107713,17.625162153223236,22.696124911401192,19.01159476515969,13.482874441633328,21.487140422814935,18.718015519750754
11.571558959557345,20.40054361362636,23.225659757801214,8.273750353486475,16.715025314314598,23.912424127226984,21.442074872828865,19.45793348884047,16.004516735095045,11.839766900629053,14.720080482940052,18.409196662111796,16.952646604410166,13.810527073119534,18.180415700801507,17.175364341850162,17.889104555109054,17.38911265685729,16.034734280475515,10.153039279683933,10.507314082097546,22.173627924755372
22.51518156761971,12.702690588856223,17.826265045598497,22.134601226344213,10.102737164651447,12.989549642411076,15.379443630638207,13.496201198666274,18.2310049750189,11.893745796372263,23.157866235617956,16.431919237753196,20.62528756635948,15.97732936941318,20.580567505193862,18.76881021034524,23.404435936632115,18.258868385290818,14.135730051032793,13.486558067108287,14.04388920323389,12.8566747646885
21.611707632424316,16.02891760945018,17.544309113362885,20.498061420335773,11.158683308651659,19.1676992708124,24.186542043975553,17.205698078916818,24.39755020042513,16.999878771688522,13.794220029200273,11.406067701093132,13.812136547631283,19.374088204669928,18.460526977895753,18.08240202667982,21.593363379436532,17.88612394738886,23.437895953623578,22.110013795337036,15.10739600341685,15.441624049400563
