script/wind250m.json
{"header": {"parameterCategory": 2, "parameterNumber": 2, "lo1": 3.000054539987559, "la1": 64.9999836372058, "dx": 0.5, "dy": 0.25, "nx": 34, "ny": 52, "refTime": "2025-12-11T00:00:00.000Z"}, "data":
[rows 0 to 24 of 52, columns 0 to 33 of 34]
-3.847243292833874,-3.0235194989654173,-0.8631646800699262,-0.47625609792051327,1.1914037723002906,2.12250933435102,2.8225456373307587,5.112974155708254,7.234537866331435,8.461421766000322,8.192377998723499,9.161849478635116,9.981655858588434,11.987280386433413,12.437320297175946,12.042502442045842,11.618366931403436,9.792329392463182,8.495115406792845,8.052663460478255,-4.0490545279632455,-4.084191477043383,-10.628578700035929,-9.147617190153685,-8.692322491629179,-5.425751184892154,-4.989969845622551,-8.690797918981268,-5.342402354522179,-3.5816147546768127,-3.141884579595859,-3.5376135536577817,-5.136728249232448,-2.6465561403086046
-6.417243425776975,-5.023117147001759,-3.160725328183333,-1.5391665888246597,0.602939228616101,1.3013652708617134,2.71665871711798,2.352032115979672,5.013496071447271,6.010243921754769,7.129574773226278,8.81116786282349,8.613211011982864,8.989005284302637,9.45109743201071,9.48505735809493,7.064314551319522,7.594660193261732,9.978600796182254,7.501343884426451,-4.2650656769091775,-7.211612287652713,-2.3602744883275166,-7.231616956478147,-4.6455955819097055,-6.826963822809516,-3.2936479786427344,-2.918561350411548,-5.866493427508767,-6.208961767647484,-1.5918843658894262,-1.246996190535418,-1.911003621495356,-3.995397897377648
-8.186768906737756,-6.5733187846111045,-4.527291912223802,-1.498939705582069,-0.7678769528432431,-0.17450408699422332,1.7599286837781676,3.8910148820573007,4.23503787201223,5.086761068945593,6.25762272863066,6.3768572990966295,7.166260793190182,7.674317928271229,7.301148803757944,8.799660889348962,10.522909345760135,5.903090194248492,1.7315967145477429,5.505646922509644,4.840715757127598,-3.255936810673005,-11.495258894054219,-5.712924906596732,-9.041757895790067,-4.32359721741678,-7.8996162274115465,-2.584921410481168,-3.754241236240939,-7.797114725919086,-3.402685551842469,-0.894666128048053,-0.37856287992520266,-1.9294952986064948
-6.864126708605977,-5.999751790874583,-5.313539342302309,-4.407081559055441,-1.5164828569286104,-1.2120090189753745,-1.5500323580595223,0.07956809968626753,1.5789090145614975,3.746125973241673,5.312654075535441,5.049238652032988,5.839363522305202,6.579981472083595,5.4379340979988875,9.425359403538252,7.285406904741401,7.827117065728682,9.743878599497119,4.845237731700163,8.940917889413003,6.8148587253568715,5.524714367549909,-5.456463189779521,-4.304541555632015,-4.448845669912867,-4.956416508256091,-4.91365724656884,-5.086294804717648,-3.4951508435007033,-3.138753200826175,-2.107646281770116,-0.9184899948984216,-1.0029609066850596
-6.833719258827461,-5.814076629029471,-4.8828221406181695,-3.2450685607664065,-2.9205846381792773,-3.369294430452252,-2.474237525687415,-1.6482750070047787,-0.15206551159886225,-0.004003176408336505,0.6315711265099222,2.7465159012809717,3.8782769469951055,3.6567385896432563,2.7446190041425016,5.011534161976204,6.437008129328667,4.031768526009403,4.588974505276834,12.678202745973561,10.22929601657092,11.749668335006762,-4.54098020915314,-5.487715982154013,-3.684666564013074,-5.351141171895782,-6.360896640438877,-5.048049600952038,-5.35251637825014,-3.756717981594519,-3.5702215658946956,-3.0897437314337695,-0.5639454591109972,-0.3319856963115334
-6.180350283227144,-5.427698214927018,-4.640035187256254,-3.275289369566056,-3.6103214916032864,-3.152045952188068,-2.189131783028216,-1.1664877462828085,-1.1140769539679383,-0.31321613755053745,-0.46746314036349546,0.32169853908826684,-0.19938277457718886,-0.57990943133348,0.26510854519778376,2.6528788937635976,1.4560843679056923,3.102780185993787,5.620048059674675,3.963212853180435,3.2270070196667393,5.86880061100395,2.689002670240032,-4.999264522069421,-4.628410482322959,-4.029014252318711,-4.926992772531281,-4.693160864405673,-4.418197549428326,-4.362639552316346,-4.837140054504628,-1.6988598664191534,-0.6269588863370862,0.4089432244812841
-5.662264592576904,-4.227401921501854,-3.02429133535038,-3.016342631178133,-2.92809478496584,-2.3228505225929656,-1.3891966546553154,0.4776026159955774,-0.8551652025446388,0.7275964541924774,0.09125992066308339,1.16916326952376,-0.20077027820981602,0.012329600651271892,-3.3873291682392717,0.24717273761302108,0.3173840876134191,3.380617483815454,4.759972350726942,6.366024651820851,8.190118097224344,2.9281677078473045,2.5634426950285056,-0.4742176189013747,-2.1910482127849646,-4.273050995228975,-4.740797195676165,-4.332360113444415,-3.9382092531960087,-4.5548417601424225,-3.0628296668564334,-2.60006403414027,-0.5174693230720658,0.3644255031577359
6.018070890370247,-4.0128810636091305,-3.1694336793261533,-1.0212229214327866,-0.43630631595491787,-1.556103603623921,-1.4198147794969878,-0.1086622003142242,-1.2589037381754538,-0.9024386098438103,1.0357872292820294,-1.5690751043839577,-0.6539053778390099,-0.38967130047230175,1.2834334996192758,4.571672560760855,-0.7899360705057163,4.595973568277273,7.2889297271761935,9.288561690479261,6.889639060835639,6.434027138309415,1.042217024816402,0.8674302487197131,0.7871091221355115,0.3687318453569963,-0.5804477100393646,-2.1570234919070086,-3.4912995096380106,-3.670620503796577,-3.999431580841645,-1.5375266434605113,-1.2507571019441905,-1.7032047574124798
10.169498806040698,6.6710692026419744,-2.8414860776216546,-2.0041534449352567,-0.2146770158364954,-0.20581079144358735,-1.4912726556518459,-0.31212221550476843,-0.5388527119947905,1.3084739015478484,-1.5346729748610597,-1.733006872509092,3.3072910468499437,5.014029255202793,5.650627492129153,-0.812659246731104,3.573125874327933,8.20377571326938,6.877186500964254,7.840570486315837,9.186747135772146,9.526210434610258,10.359465460290371,8.593360731741402,8.390727049716068,9.95856081882087,8.12045314204088,0.38425889001074853,-1.1021423106147816,-2.704758500179109,-4.260102384238112,-2.8047953161260515,-3.1978199233194373,-3.0150195237268322
10.590932937459092,11.755801161875434,6.730278278160391,-1.9845378103230882,-1.9240622422123148,-2.6439363088888697,-0.852714304279483,-1.637821148492171,-1.944787726143531,0.3174399748758886,-1.0054420075603159,0.24873238206280865,6.051114971126729,8.754183958206518,0.2781024624048418,7.646460779404276,8.52054549361228,4.758759899644768,4.816105100327413,5.100937367047485,10.694510227123178,6.881617235646061,8.19032656792023,13.327561287429756,8.540569984284714,8.363589833339692,10.805500244059935,8.820221777026306,5.959583229752135,-0.07647871440573925,-3.0509841981703896,-3.8628153535435605,-3.8508252660314266,-4.613612317489342
15.06637738969594,11.982181146245395,13.970854736853784,8.696913143803535,-1.3484306816801332,-2.7256658662846682,-1.0021757481419118,-2.9528541080664024,3.24876502745895,0.6338811580158645,9.361137833083756,-0.10769132736428257,5.798430236345834,8.64800790517568,5.569421471873755,1.6819260441745776,3.455674404774023,3.571347888016754,4.680939032129431,5.555957581123636,11.103630241397468,5.810149624954585,13.686696203884914,7.019588329002733,10.480462056399643,7.065603028258566,7.596339495425591,9.75402162456369,5.853711239790375,0.30250115429237406,-3.1510272120306277,-2.82542238230409,-3.531235160063308,-3.120482544878724
15.049083386947192,14.974000034596985,14.241795885825214,14.328641875635336,4.852618881450114,-4.541941274037931,-4.3805819902947825,-4.968921876754163,0.14485024673315228,1.7173684469574775,2.5926401645710127,7.706946822220133,7.805315737758685,2.716795500587255,6.225344964875886,4.175961363905672,5.033907122247851,10.125354085470171,7.302277816077304,10.23160627202691,11.661387634170854,10.981382902520407,3.644661312959201,10.889095572861693,8.196472694931096,8.359534024498782,12.517904090259623,13.929858100170001,13.324102354512863,4.212240971390635,-0.5556019460632434,-1.8666216905352389,-0.037937581541376664,0.3741931608575376
15.698444881842708,17.967799843649047,17.744401379379145,16.2179632394769,12.450543075466058,-2.8551462139271937,-1.118428741081376,-0.5104334724427755,-0.5645836522580996,3.66098461746981,3.3573143769861087,8.65447124319965,-1.2110442935716015,8.47024760849255,0.9681044910474679,11.435716981744052,2.5018754300144095,5.373369307231642,8.64776910902232,2.7386991992920566,7.1054508154490295,14.355969703081755,12.880977344599343,5.998996420650096,12.878710320611576,7.129285811430853,6.498347160320162,10.887549274301813,13.358660149468456,11.57854474101407,7.365577404023859,2.7177390598472946,2.2871603221251093,3.6810082139628975
17.59993418746715,19.094174432413986,17.729520028206153,17.482249985346794,13.238167614837806,3.7629313968131517,6.654008230335245,-1.9623649481727596,5.427154906429872,5.897794350544457,9.928811411251793,10.493511935029181,2.587847124674449,-0.6243854465325911,1.5734110844805222,6.277594732544482,6.903398993299489,5.864613311056515,7.071561922228456,8.163858656431426,2.212021163127615,8.481768069180985,12.312108195599114,15.687105259550128,6.192842632690631,12.149296419208808,11.738157933501833,11.29489978103709,12.981503046405615,13.053812871601899,12.447447166660494,10.86436309057404,10.15152194568315,9.075933975963908
17.831527550410048,18.22367035900087,16.823799075115605,16.634436105863415,14.243566230551995,7.818530038272005,1.3363885754892295,3.347241390736726,0.8033996008338218,7.234949638427878,1.2253496984663679,8.054858630413419,14.058955490344594,7.809646271973725,6.8119073271300055,6.420804743147992,0.8274541787336278,3.2846606705280594,4.408802898912856,2.394075676397079,9.38785517123056,8.512238115364154,8.515524882350267,11.012281061179749,7.870623121947057,9.118756652505478,8.60208824818172,10.481240762104871,13.327239318454641,12.47349363481273,12.39681002834106,13.185140175103726,13.221699183051928,14.160843776803047
19.810340391387037,18.874047193368334,17.51336106034609,17.79121414166342,14.030477029328518,11.6037210916999,6.7448014030051935,-0.9526953334668881,1.0331733313684732,4.713522393468933,6.177954728144481,12.301954524910556,0.7916018738765868,7.122004451112055,1.0934253622409689,4.610128903346406,8.594392376334584,0.921942255964315,3.640984275264416,3.9733870638675257,9.183180711459615,7.897213666324709,5.104197770523306,11.678533372181027,10.493183158197578,10.06547724779426,14.62801532828645,9.582150426170251,15.024984671699212,12.80241297558147,12.154938082305335,12.35230027928333,13.497804122805448,14.56601176746058
20.160145022905827,18.72542661302901,17.869864533045124,17.988436282908534,12.845275217868783,10.75035766045889,8.158983006603536,6.401254768768742,-1.2444225148743824,9.583866876578364,11.69490196593177,12.216281263623916,7.071424164066205,0.5152742816600085,-0.4181976005810692,-3.984107575562621,3.626642005466354,3.6782897612929575,4.194788429893799,5.803787260583595,7.291281457888558,8.239181231932506,7.949258197403049,6.388486403983943,8.54025797583389,8.958182906316704,13.748670348451267,14.498622103915912,11.68920343738757,15.270746340787186,14.61544298658336,14.908414408367848,15.694637298971873,16.74855982901387
19.8162898682686,20.233010242113583,19.867888063784907,15.81539312715707,14.725163250273798,14.187412257676096,9.565867498853663,3.384236991377746,13.482967945913822,16.283354745591414,8.862342191046434,5.94628733149792,3.8180194601396944,9.284576677649387,8.43410324135074,7.217541079492831,1.0023217218138476,5.214093100361988,5.621318157463333,7.871213792768929,6.90194317012318,5.931439015876003,7.893585005061662,9.127476120485396,6.263650476594284,10.249580033030028,9.455825364165841,14.388394970234575,14.257550250974298,12.839631808693747,15.344758727901079,16.024280449155864,16.108524826183825,16.067726315636396
19.935839596444932,20.848892203473067,20.463202088642145,19.477964769500943,14.645623506664338,10.986914203007837,14.352709508042347,10.16801181035133,5.523386540395595,12.819094840836474,11.028877832105612,9.013246925562674,15.169842462867415,8.819620678132424,3.386682003731613,3.8194318621676695,3.686218143127503,5.283012358061271,5.597009434334015,7.548137605497702,5.209489981663217,8.050023043812068,7.7138836539383835,7.799974689970389,7.2972521732985784,8.599487596548878,12.81271893531584,12.448704866773166,12.287309557753336,13.572071456726855,14.202877918068925,16.237269742831472,16.58504175635407,16.176581080451875
23.020522374167715,19.308869728144945,21.168454497441132,19.243393478831507,15.480304780462134,14.149006789251727,5.000795394351474,20.99830753456504,17.428073012434837,15.37847940573592,15.104723000790706,17.566138918647397,3.14047755530216,15.744257448653263,2.1821227889813852,8.125869345505622,4.388232465944639,6.926087021790166,5.7255112953721,7.08803700972843,6.28441213688569,7.369094739244259,8.879605020721199,8.314154220430678,6.892283109614105,8.608708942304542,9.804053188356658,11.305997159601356,12.864626445107717,12.959413108949539,13.398491448189711,12.832569100431593,15.065733416430401,14.77129633317046
20.640227197500206,20.974070401250916,19.779715738464997,19.10376349241165,15.954908766735864,13.932427671240749,6.996888236956434,14.824009936290947,14.62448000986284,14.17217301041759,13.755753588628938,16.41987356951538,12.133182385546606,2.455011551804947,1.7884451693959182,5.835512707002114,5.266076341428627,6.2301505005793025,7.596557731823472,7.081511549672307,6.47736214336012,5.007082941900847,5.664395248263142,6.014619887787618,7.251349886115351,7.800347726130003,7.739047059337968,9.871118529462297,10.914019918059562,12.802779215867433,12.749209703990667,12.830505038808397,13.590073693035146,14.821614578066223
20.144101600071625,21.150744311049493,19.90685643342455,19.322158907965264,17.43611256117711,13.338262111355737,10.864821942449499,8.358020002640394,14.9354308455478,11.398827852668708,14.746110788224366,17.352400907840238,-0.36316429219162344,10.145767193207423,3.2219227137473743,3.4140260906830626,5.125619444655722,6.49797487862508,8.605312025460522,7.539957557931064,9.392278545220153,7.110814909041169,6.973180258744584,7.732632909242158,7.843366103416325,8.349358249169228,8.9538529783059,8.441119575994502,11.955828120508736,11.656126704494737,12.735995207570133,11.917511589102673,11.882763371590965,14.26187633330552
20.48877825918954,19.0335630967013,20.604852515154686,19.079215368044622,17.96892645586626,13.740080395335589,8.619151277016863,14.068229948367696,20.93378753224302,14.197357735293815,9.701152488892602,11.472948954847206,14.330411344994223,11.996614309414646,9.989783181120355,5.369744002250045,6.916901543595024,8.50044013881016,8.96728270267449,9.916382775505971,8.5909129506624,6.800249297837742,8.467121217435084,10.145493843065895,9.334111728169527,7.793024375286275,8.603011976360802,8.813075525485631,10.824186754559266,10.98412035092147,12.412806032373517,12.945435423149107,14.269768181053145,13.480592673707726
21.187097028904457,19.301442391683345,19.05774789338703,19.845660560177876,16.57294450895708,12.29829083064891,10.353606844831594,12.796506385951783,21.475950691702128,11.284059695402812,8.86321121051335,3.055659089096286,11.075181843367712,8.154989229514143,11.066513764603048,10.113929868728421,10.229439595128685,9.305760477544347,9.914053016907811,10.052975609363166,9.100253572595046,11.453298812083576,13.561006223054903,9.981061327245708,9.90432027170095,9.02563446028146,7.398986971020304,7.485730125673272,9.324961321526946,12.677954434244413,14.65579458822221,14.516452370917312,14.312132590331128,16.419325296190497
20.1627649865071,20.213743948667528,19.053463889337163,20.141372515936027,16.75568607994336,14.568082646164337,9.699360196250716,12.015653843294936,16.958988248941658,9.761861713446796,11.566168110356136,7.020277669043603,9.931150856533824,12.476286108415808,12.633495692901745,14.236511978491539,13.368335803203259,10.722424834302721,11.61150915644793,10.243125308017074,10.706813041238842,14.060256614134813,12.856964920732338,10.982433902800862,9.309541077990861,8.973346189926941,9.326620583148035,8.345930073176032,8.21070077592473,10.660159560122176,13.06290930011802,17.01517625935033,17.236364062357712,18.552238558123562
