script/wind450m.json
{"header": {"parameterCategory": 2, "parameterNumber": 3, "lo1": 3.000054539987559, "la1": 64.9999836372058, "dx": 0.5, "dy": 0.25, "nx": 34, "ny": 52, "refTime": "2025-12-05T06:00:00.000Z"}, "data":
[rows 0 to 24 of 52, columns 0 to 33 of 34]
8.294989009391534,7.662290680867163,8.85095694418076,6.635406608366747,4.733876909956034,4.741215922196416,3.4669361607062585,2.2053192836904403,1.2402855564143005,1.737816902119812,2.9473023723262224,1.6510916586522677,1.7501633394092453,0.6724615233707856,0.7131743828548864,1.8605886096489903,2.2258612536014177,1.5489199905469793,1.3302774285390828,1.446066000280268,2.495057787062891,1.9928571844719674,0.4801867346942343,-1.0423717308118519,-0.8132810850647669,-0.01765389499845506,0.3697988079896022,-0.19815230722096644,0.09446541812121138,-2.809282908104399,-3.4330209482489824,-2.484967891735613,-1.7223858425253842,-0.8826979869985855
8.062233145682065,7.157115836827865,7.931753571147484,6.649503190572227,4.5244404552008,3.402491548737829,2.1829875012026956,0.8433650913661113,0.8244224120267337,3.3359621578908416,2.537372098430821,1.6497740635298264,0.7760507125447206,0.5375827073792911,1.1866174559696996,2.1769576072305297,3.330015051949612,4.079371989182058,0.24933246760836172,1.932934336721536,1.8564549598372233,1.4106284814339127,0.4262459805306703,-0.5702447970585135,-0.5363507346651283,-0.44769284041306207,0.37408745185123027,0.47588677086451064,1.2716662530518283,0.8919159092596942,-0.804980988660064,-0.9663919078358046,-1.2013970288050728,-0.6755447635924726
7.963690864653245,7.321590214084609,7.3078856692832375,5.721738354969853,4.081985998670584,2.5962514362039855,1.3717357173030926,0.6616409124318872,2.072046460497867,2.1289011246597296,1.5762893125277933,0.8114131754837143,0.4575380214080372,0.22711153899988815,1.1344057080473515,2.6659433942691817,0.7374100871758641,3.656450929318803,1.9468322479850844,3.3998292193009974,2.5584154741539806,1.5927979820353984,2.0680189092133854,-0.09123775756060529,-0.4682826684279129,3.526094176821173,1.7341886992413742,1.2733293379058679,0.8618288684641491,1.1771151271039875,-0.28390820236312225,-0.2601419015396854,-0.31873396909945156,1.1710897565886143
8.196378399680178,6.994263410826886,6.962403306595877,5.1157339059575815,3.5406568935875726,2.432972473855163,2.765844855372244,1.7541379618920696,0.8765406742008661,1.4509847543949852,1.866825620987801,1.9131504356160969,2.482257538066492,0.2961132718159167,2.7251672106589546,0.8672170488725036,3.162259910980414,2.6138220109495287,2.169090493914432,1.4976300631634003,2.194190027657123,2.8068955805108047,0.8680544557035453,0.8839918725014734,3.927035093975818,1.6221611333557409,1.582588451417523,0.17831922190921132,0.5320110817658749,0.4185701912908204,1.7972068143158046,1.2875279360906302,1.7053729996594535,1.251901657615993
7.826719060982946,6.6143695651268395,7.179829103073329,4.658845920250244,2.5728487606587724,2.490317200175186,2.486586202915825,1.5255889013118191,0.07923818113899808,2.435490892748416,2.134344709238503,1.4855029991541286,2.569033488320935,3.49038011367766,2.715600256009068,2.487336235437886,3.921732625098067,3.1686215198993124,2.568136454003605,4.224535683959999,1.7108332172589755,1.301179447888846,3.5766834508099965,1.0251290312942154,3.9381897994478887,2.0072330542750354,1.5174286335812959,0.35513965109912,0.6801793250839502,1.7039100915330456,1.8918596791909987,2.3309738264333735,0.7838134078288974,-0.006312855876639693
7.233546409175302,6.09398818246498,4.585584018308429,4.46955338960008,2.1675348705365374,2.2918484026082373,1.747198236075724,0.9651032967474608,0.1104613277938525,1.3153223732684058,0.8701283669222513,0.961644094773844,2.702407847569782,2.9728486596533172,5.896629470754098,4.189335901131955,0.8170092167250306,2.8762060587552627,5.602458122560335,4.595415490688527,4.612941733331175,2.438444071518421,1.5302586811835748,2.3088307764165727,2.4741103659684667,1.7640227853999106,1.1694867319488893,0.5271405875957854,0.7440029781396862,1.9080990043665624,2.874373782712183,2.0618028134275366,0.8526727464286437,1.4795711710833004
6.843921441272707,5.487711344156736,4.9626367965697025,2.4325248223083564,2.1511659980037745,1.4064444747635225,0.9364724374008268,0.9334166898425243,0.6166401173359333,0.6918283942137522,0.2684723808470227,0.33254967761802245,2.784353943354353,4.09094963999322,4.603560175751269,3.0350324813018026,6.296886169324352,5.374596501404757,4.902598029051304,4.473153954373307,4.120230092061436,3.2783475219835436,1.2443476994449918,1.0284200529616934,4.069269784565106,2.335597940078642,2.1957821460840883,1.0348221713638863,1.765276718526951,2.927525955240534,3.2192862460722704,2.139333425881209,1.3154214890784515,1.024696358499914
8.071280425293345,5.627591353788177,4.29226145017696,1.7247760654617104,0.5893267332854175,0.6137132658740143,1.151273079167088,1.2253248289739969,0.861675920458103,1.6815638750526176,1.6480641667566758,1.533219315762497,1.8300070409617533,2.4399707515474445,7.2151041605080986,3.759788962453588,5.809398637917701,5.529305118326492,5.169790700470131,1.71923353843061,3.7828256045989916,4.7309228927271505,-0.03521845540715231,0.182740478481706,2.164041617508815,3.2024988390798903,1.8998578570083793,1.6894713677068585,1.5812768313193797,3.8898292389889892,3.365497875153624,1.829178701722356,3.0456414232782434,1.8623863033119608
7.555038531175175,6.00755690706756,4.1685035136233015,1.154084606699399,0.4004628688531715,0.9092236214704642,1.7875278968570112,1.9662659390619799,0.5511100284751386,0.6560949917715031,2.414637658389071,4.57924761919566,0.9094454705633245,1.8805684288596782,2.3190397502714855,7.7023177888479255,8.203221514260886,1.081586143763455,4.547979537944324,4.011767573821493,3.4289043795226104,4.353680789821473,4.882876720841905,3.8234655154449433,3.530666791109265,2.2967568566382837,1.2649407743967243,1.6737184967138727,2.555918613169649,3.714854371610905,3.5792338182093983,3.032952252680834,2.1408232873726734,1.4298995432285426
7.447318258319031,7.216890430427934,4.0116442909601435,0.7314168576495119,2.0035645155130655,0.5694761604740822,3.1850880248028646,1.1157572953876256,1.5535968715665371,3.5498767234178654,3.1825107112915325,9.403575963764972,1.6289647127281313,4.46701350516061,7.446508439068561,7.7330378028866695,7.475531487164248,6.803033366509789,3.8980390971552397,3.003275465312266,2.847571269312544,3.8607317209836136,3.3746056646505083,3.9304493884407834,2.7886576820298647,2.643814223597366,2.9173759839424522,2.0380930622136963,3.2823973653502247,4.312727672484159,2.6238198778675406,3.6487856534118484,2.117539179861217,1.0887403013218084
7.298979368982973,7.256518425601094,5.220376822420939,3.0196998933725916,2.7824075787912133,4.030766688898048,1.7239566174805732,1.23085243103276,2.6821286207081396,1.2835896771103477,4.036943304590294,8.718493745081155,1.7448895782411837,6.130412950239141,7.764718446533767,8.524903944799366,6.459446149887495,4.4907742927942556,4.1208885320874025,2.2519833932910713,1.6112143743879146,3.093362587472413,5.221290361140588,3.546430808390272,3.665884441713745,2.1863020346671886,2.098510918384414,3.410756352279516,3.2230714543594536,2.6055503114637832,2.910092058222056,3.1914098683787424,2.0713356164038483,1.319628167780724
8.863128910871673,7.9073581223614156,4.978395376519014,2.0555304432910275,3.027433240099134,2.211797245846669,4.519890585508011,2.810788126117906,2.4599443649356294,2.5263014902243794,2.062745737567149,5.551422787951921,5.613645150186736,6.500031855527399,6.506754020142325,6.35609570866698,6.381376419628947,4.64055949827228,4.28214482725974,1.7669828785880304,1.1632032453447723,3.1631992709935814,2.032831125637062,3.987339938817432,1.9988577921131874,3.2120906367313578,3.7900861342034626,2.5655284822466435,1.666619839464764,2.1909115653582516,2.8928160411010855,2.677297700134435,2.6513445461399603,1.7889758867880217
8.797834600207713,8.753053700620013,3.5112015167686,4.08738449352283,4.107226365298865,6.270013842043772,4.691253245247157,1.7606071597004553,3.9506393679262586,6.020671885777824,3.6250766202062783,7.149175038427975,8.90041648271874,6.39641082240388,7.28816153250731,6.191026221547845,6.215705376406554,4.413729103493539,2.8137398628204773,1.6391241015973135,1.11312947214985,1.397605990924527,3.9331554505964195,3.0006826291349413,2.240241112841992,2.978757039310025,2.643400972578086,3.019006414798127,1.5774991388701596,1.0857860909752648,3.1529296152953994,2.4618033959191026,3.3556025295165277,3.2420809536230633
9.51294156339576,8.017681474870555,4.308917632238484,4.076835399883574,4.791392742880142,7.164551516590251,6.615258250666062,1.5339215747194082,10.255967168014534,6.41702884831552,5.683784494787048,2.9194376237029154,5.744402653853604,3.056010114027235,6.174348659527069,4.692493817097748,5.199312545265719,3.161070541356053,3.5499801807541824,1.874009763216107,1.3126041013699226,1.3873575140647014,1.077791159973712,2.434263028443271,1.4082936066676375,2.3770568996877652,0.575636382411907,0.9876556757235602,0.8947519830421441,1.0190371148159842,2.0467056024207224,3.2067631884772934,4.564529882893538,3.7295981960770974
9.985509875292358,8.233867481676015,4.795504466632192,5.573907573568775,5.535197770422004,7.15326763204212,4.571738416402418,8.741806025877091,2.4116345035344633,1.6047360911140771,4.410299042620481,4.82973746206002,6.435873777091517,4.89682458713181,5.035987856723586,5.818616444626434,4.449238049528565,3.7922767009662555,2.5675972613109934,2.2085789152315747,1.6257358389483616,2.0553615480297562,1.8180983507323396,0.8721398044816765,1.414502649154443,2.037958010036001,1.9016857055218912,1.9724856538436248,2.697201116271298,2.5206341041724087,3.517066488606552,4.198599061683905,3.6412513100866106,2.952811035280339
9.651225301771294,7.873232197933693,5.610488283801315,6.26790114983122,6.720749945294724,5.791063839248971,6.795053187455125,0.8890860981863148,0.9544152705881329,4.188539720103069,7.9743634383976705,6.4847607659323225,3.859367853082955,5.41006379244264,3.505179525018519,4.178767945130162,4.521158262674907,2.153507274566191,2.507466095426567,1.891290379385791,2.2287917765703162,1.8719399252505202,1.4741474152719258,1.562984858136884,2.19693746933215,2.5794857707868033,2.493618474798574,2.1778594915645018,1.981103119893865,1.5256236655029751,2.6424210413639986,3.0563193045722765,3.651144841279538,3.160622713769116
8.962407875977522,9.375285390882087,7.828656632914858,7.535836147828987,6.554562463062746,6.931107037975792,9.369705165912249,8.473275077074701,3.211936349284543,8.499422683338517,9.017580628827986,6.354799309329672,4.007229523648326,3.3814945240325742,2.8312311847288405,2.535021991852013,3.069689028525341,2.6426066436977824,2.8246726777838047,1.6427314266899442,2.7965524302508418,3.0320026374629157,1.6051052144344122,1.4658514334560857,1.7559826316256073,2.7814540400692027,3.7462641547631477,3.283234484008587,2.948772203041658,3.0344836615096056,2.7938258879544633,3.201290330027961,4.5669203891603125,4.606626709526056
9.753546458916315,9.74922345973064,7.834969927854184,10.736734216173353,7.051516718930265,6.108596124378212,8.23468261266516,5.2652237517638705,8.532072959891243,8.077455304812329,4.947851683344174,4.243905662644619,4.207943178918604,3.705764562239699,3.2851462447572213,2.436712046525796,1.8396208048704967,3.0230225751807493,3.216328144700712,3.5894596795743103,3.682697037260609,2.9291987381018023,2.0917546170247334,2.946849543007864,2.7135905117249655,3.4188653177258916,2.582597187667002,2.7475648604676297,3.286011628841404,4.080123267706723,5.128355193752748,5.631936883306653,5.177941192331671,3.9457563095821517
9.555530221527102,9.478500074880804,9.4923365156341,12.001291791717719,8.68177763203675,5.825819950507011,6.504193738047917,5.808699845688626,7.614032297450857,5.665162583584588,4.0600127858315425,4.6929949201905785,5.05364855366995,3.6615856542712266,1.6181346319493501,3.865537085273635,3.0336936602747926,3.8233395705900577,3.515395455473634,3.8270722060395257,3.241623287323842,3.815000170091666,2.9570903904356363,2.976888888517739,2.3688540706689474,2.90663176331193,1.9285900162738652,3.1842750788887466,4.142187378935361,4.063200258008331,4.508909529268975,3.5057941082224113,4.778058319255312,3.792585858512623
9.4960523788009,9.827387285637926,10.018455136954316,9.504825320322704,8.969352044599757,4.999206288895975,-0.19844491536503983,11.154914717141505,10.664757465292224,7.281324916428652,7.304696161224112,5.921641902426899,2.920680316860611,4.2949644516219285,3.0919386984121435,4.918799133372049,3.3619283617773315,3.5061442605932456,4.323489719859907,3.882791634309715,3.2501475074818287,3.7794207673660667,3.386535316122342,2.9375250036283367,2.398218573714079,2.7217183764839543,3.0549080841098477,3.690453303915627,2.5159545499701443,5.2593585003096,3.9418193858038526,4.96931153032934,5.1404822414480345,5.861448983029253
9.746749841129159,9.635801511554625,9.58258703940511,9.548342059000449,8.676183749575774,9.369422712843619,12.043183879134464,6.634153334918776,8.688270755312818,9.283977947887587,7.049322652992698,5.180333169052077,3.1436562144969846,1.5298713740083405,0.8282428453833438,2.558465175359764,2.739087506092911,4.804997407464061,3.2942202496318442,4.45216703619063,3.627012244523423,3.8384778791119416,3.4208522280295943,3.0927446915319665,1.748854916033061,3.4593182079402407,3.029505923982902,2.571532721476908,2.174377539376515,2.9878526598225434,4.157405391936036,4.894896116570426,4.43084695667722,8.041604209933938
9.701603218089884,9.833361882003421,9.76351175124876,9.658234064768969,10.560227072318801,7.682450078332133,5.127700215908767,8.144542161032934,9.301251088525829,4.4057642268830195,5.3584266864812085,5.588576265250063,0.8083971403455065,1.2824011142842358,0.7268491975488548,1.593664789046858,2.696139752362396,3.8000383541975826,3.6676182379052973,4.214041255008746,3.2584944044750035,4.303134216997702,3.3012815102233217,1.8946209907549827,2.632089904416904,2.8100321151780765,3.380646658465744,0.7810102829914441,2.0812522482089375,3.656011939544016,4.65237366926767,6.391264210401347,7.665355817441388,6.813620182515169
10.121647618548618,10.050841740606419,8.694348165482657,9.605750021310213,11.05671738867343,9.330438614509697,8.982732381233447,4.424384191530184,9.332814187773003,8.956715001755358,3.6416061598479446,5.457017617179362,3.5344552487006395,4.84372008289163,1.090237368494279,1.5256698097776868,3.3012648297536997,3.7860155799036814,3.608180064367219,4.273214974901609,3.0553275516576526,2.9915542790895326,3.2781676789780256,1.7911454441746382,1.6175635959502854,2.7014319207448225,2.8586997960142986,0.5597434167609584,2.9674080697303005,3.64803668504444,4.656573372989682,6.45383486905762,6.732641646579496,6.561031269917228
10.19978138428174,10.516064231474305,10.214775759409127,9.336108317757173,8.949142861227092,6.246202138107562,6.605422285239383,12.329097515221589,9.322568427017078,6.874525135237334,3.3013288253884796,3.162210385890069,2.849926227819212,2.2433772339814895,0.9782065337095954,4.250427274370804,4.583425353482005,4.737229757479678,2.7886376559378117,3.6805242826795763,2.3406998663094525,1.7024622636135982,1.7732939235052299,0.8941952323050192,1.974717983082241,1.7520363116795428,1.7395469093548825,1.4516111932314275,3.514207832498337,4.666773699303376,7.028746001935735,6.291854192512889,5.804369187738489,5.588167403362635
10.540817774301432,10.3472438067173,10.880938558000663,10.72345381262255,12.2026446649275,10.85995266849718,5.929086682325465,15.879463078716872,9.114805099180042,3.9171574957972273,7.239256314127715,4.325748246904154,2.726029625927948,1.2632887561217663,6.5137356448842505,5.688022779703079,4.472625426344068,3.76187638628829,4.537468196596011,1.9394929447768914,0.5829662519817144,2.0653004555906227,2.9449464042039626,0.4253534886873448,4.386514646636255,2.677462618142307,0.4301683329685489,2.23052027810267,3.4970842137163425,5.151778100376501,5.534534585717734,6.4583090719889915,6.108134531936486,6.54378711735504
