script/wind50m.json
{"header": {"parameterCategory": 2, "parameterNumber": 3, "lo1": 3.000054539987559, "la1": 64.9999836372058, "dx": 0.5, "dy": 0.25, "nx": 34, "ny": 52, "refTime": "2026-03-10T14:00:00.000Z"}, "data":
[rows 25 to 49 of 52, columns 0 to 33 of 34]
10.406306691783968,10.17109160617403,9.87542001276525,8.389933755439944,10.434579697934417,10.167459518572167,6.736652568048422,3.2139425734147005,3.3710775738877725,2.5798036880906934,2.7604421200193836,2.965921275323491,3.203822298367222,7.47872535746888,6.641021635019154,4.963941155690388,6.741292811816486,4.410355401411794,4.079478112998409,3.857656891574618,5.004792130743102,4.219983541463234,0.894424535878261,1.1484790896269657,1.4746015927705038,0.5760926509226787,1.0970484805658711,2.452428636010747,2.0913553828043003,3.428795417317778,7.040455306358162,8.693672687133873,8.487436660170971,7.249170908143277
9.725503575618205,9.928956332556766,9.941074086890593,9.701000342879494,8.42286498625991,8.90759191080049,3.7198877090147757,2.648214718932473,0.4656564919747966,1.2919693587764403,1.8760058583286847,2.6348592734822844,5.678459373264772,6.333506365549457,6.164897020557183,6.27617480354792,6.697289297723796,2.7126067806666403,2.9000312674069915,4.319413988524903,3.5619502424362675,1.3591625720067246,-1.163629599118391,3.5611345977428335,-1.3614051822175706,-1.4796264287825216,-0.28681193842046443,-0.05546869490068288,4.685482876972934,7.95310136661992,8.294107549780533,8.933902656902012,6.891923283723564,7.906251922339814
9.640877238006958,9.45268435726606,9.429175214712805,8.791880937505464,10.218044397218916,8.58206711925227,6.028453677485841,2.251298230920819,1.5189613208689954,1.7497369154426916,0.6594923946917216,1.7829899488674148,4.557244640621018,6.368112926500331,6.720900577246134,7.218088969734306,7.010980054841991,3.8417899460200564,2.6209136194841856,3.9796945359162086,3.7180397262847547,2.4197272964210077,1.7891524770806284,6.012388990857531,1.3489254153192778,1.7376169502195675,2.272063830079599,2.087590083892299,6.5576114661625775,9.322950253279373,9.46701523874404,9.670442938175587,4.365086839830551,10.428311937229411
9.184418302899179,9.458167980876414,9.288937996726816,9.705308824087988,8.960211097676174,9.243276071177668,7.433403703335414,3.5441893555281676,1.7869672074035163,-0.3953929709994221,4.030884521989955,7.2171207237090576,8.559487028718172,7.477848879714589,6.917833214562671,6.0123163447591566,5.3136849969733255,4.580575746584425,2.4077805775390746,3.7448452391195985,2.946037633803658,3.2951253746157194,2.0553114108823487,2.4430569510233586,1.9625148758690063,2.3804057717403673,2.849047757915216,2.471100778359324,9.434687782057724,8.888841110447109,9.610671868098429,7.306589321545144,7.3086367612726955,10.014924020809287
8.766985244390085,9.77328533540482,8.560051770044574,8.911067159193196,9.706481747425656,8.93397585911813,8.471991075712442,7.323987470322914,7.383475984009898,7.583082560298606,7.2726512721485115,8.357408081450126,6.753291155384744,7.079997176005839,6.271090017188581,2.3420761522776523,5.879715365181728,4.356905762964678,2.6625404692092776,3.3506469036100874,3.880115150450388,3.697419488111399,3.3044605988292046,3.226501742562644,2.694997720852946,2.8128436196643225,2.471005819129097,2.374285817745251,9.435159967084513,8.715900671457835,9.217179088017025,4.600428978439929,10.93054545588226,8.733596414162758
9.601093397812253,9.12018964293017,7.91495150685159,9.213977856786011,8.96524137382238,8.502797040271883,9.099665220781805,8.106837215435961,7.277743737148989,7.5147655727838805,7.887083789904054,7.791800345421916,8.27029657509573,7.623305988622978,3.5159874379653453,2.9898557014554945,6.590536161718487,4.677950240578332,1.5822679191255864,2.27545116939654,3.8198148698671552,2.7779182234304947,2.934158065149106,2.9962253461743096,2.5771680131401156,2.579959143226632,1.8041920160282365,2.486755527074849,8.05534207748884,8.90557319406621,8.718300002038088,4.547702037957278,8.798670095259746,8.52448644991548
9.259955603977325,8.454159762700572,7.715997266778328,8.603643450670011,9.295204155516958,9.937951684823473,8.855763161681688,7.960381313400898,7.906196393085802,7.738249401299572,7.895538327585137,8.936473303698586,6.857750891296671,4.5928531040515646,3.3793372942426303,3.9037238385572235,3.0986916010145267,4.891052103242883,2.7828745887348383,1.8256975900646455,2.5044129027759974,3.372506754234061,2.4227958142443575,2.3436635420110807,3.386448127777322,2.1420092024863333,2.6416802675895443,6.14890281391621,2.996241404078916,8.194889840240695,7.274527214484605,3.5061810454283653,7.118949817126075,8.68340775873284
8.45121832305443,7.125413091654794,6.730927459061663,8.513324393344623,9.769133934132169,9.702358231362943,9.725889194132106,8.733627679145677,8.129212179042991,8.055003760603514,8.43575374445045,4.176295251641657,5.930588082345497,4.334911773850037,2.69156714158364,5.1384571262182215,4.450056999495613,4.908740569438697,3.8943407576429707,0.25712714708501605,1.75590533182707,2.4433531678369604,2.3385886383391,2.4859862662260976,2.63059966398163,2.431280102421984,2.6016947496365708,7.534409909098865,8.438865165820983,8.146659262475799,7.647086368573837,7.862267660292856,8.396570037391133,8.63001251085114
8.33890544578809,6.5765839210346835,6.716189624906473,9.531638835510002,9.922001917609668,9.567835606658226,9.1226938855506,9.547756933161969,8.231527646781485,8.2613274923259,9.055294329587275,5.818458643583934,4.315425779748657,3.902966529718746,3.470021806250824,3.4363218916154796,2.7112057433983447,3.805610124798312,2.542879678680794,2.5967448283714183,1.2697458236249153,2.799588045913359,2.6238379824829923,2.017556419863328,2.672870727799794,2.3994672618490926,2.7035831908919996,6.212686628703432,9.112627436982052,7.582360213064452,7.715638207683975,8.206990808933291,8.427465066145057,8.273857658106632
7.862970301841825,6.733034936372819,7.436768210801927,8.507030032986947,9.579964422607073,9.563397474302086,9.853370860367843,8.492397141376074,6.9140579078701085,8.15107065661923,8.73380010583845,5.30340291767719,3.6753236375355782,4.523144318254498,3.399128332514072,2.215787149255511,1.249744288331608,2.0562482838410583,1.3457911327502863,1.7120405224732782,-0.06852164433340742,-0.4706672747354428,2.4026492980224394,2.2713689463231246,2.6140220562974164,2.647581538859244,2.1640199173180967,4.2643806964308615,7.059663184127214,7.091022236484091,7.657204080855055,7.822229017489552,7.568505291012398,8.351855109324717
7.978663473646719,7.895876489101091,7.697425336305697,8.83457234071929,9.593552379947328,9.778626030333026,10.259926953140614,8.514428213846388,7.443209682892747,7.872635959895591,8.187811493993502,3.9208841308679463,4.604117023425683,3.644945334739286,2.26842575490786,1.6023020706307762,3.0072280178010384,1.1681904610922056,2.1032772783963516,-0.3288607706723782,-0.24559425171189478,0.168912184611021,2.3005126654706975,2.3927241879384313,2.596588285741939,2.5058166279108782,2.772628265111057,4.5355994154809665,5.860942659004597,6.516159164974405,7.525588538780373,8.02092184130349,7.424526778562561,8.8077662372032
7.812228320398634,8.07685937699598,7.591622116290523,9.09881336502383,9.385097902829079,9.654757273721618,9.024067269877069,8.521680692048573,6.299657332394376,8.654908215110119,6.849199107761294,2.7611125512957733,3.345468760713414,2.221619820946493,1.8320227289523432,4.074127190508122,0.967562506044369,1.730526500014942,1.4428193003741214,0.9283294341851249,-0.9780905670052308,1.595765269761055,1.6740800987356264,2.516057338514564,5.219677990640044,3.761404190081781,3.1986399768536264,4.896529673998044,5.55370208050664,6.680871339053934,7.445185213887406,8.188121631353326,8.407836821548196,8.877076641485722
7.49319021251857,7.168721631877221,8.167971052646179,8.544982210330891,8.691841067974314,8.352863754531315,7.368725284556698,8.852525605767926,8.242190445926711,6.679766799095609,5.4816692863007,3.2269067687231274,3.6440766567220026,2.188900211946679,1.2753692051221857,3.8452468785059084,1.0807935399228272,0.5832236149737623,1.0709196754199508,1.0516844739413738,-1.3846302894011064,-0.7337698497661419,1.8834885052207695,5.596271748894232,5.978149192976105,3.4178417658174105,2.6236312036917155,4.089223006477536,5.4956265604544114,6.3359382972298075,6.636747855559613,8.142236902647712,9.010895470645123,10.341969160645228
7.133054540886698,6.766460771476456,7.3678926290618,7.80804401540084,7.79585633883889,7.4267313846381215,8.399375451880713,8.79692170055067,6.864844355403895,5.679655526171794,5.06807444912731,2.6105225527062266,1.657664855657287,1.6039651291573298,1.8110250010994549,0.5712909018720087,0.08498042173030003,1.6474381702887708,1.5076396048934002,1.216671990544788,-0.6486335457898503,-1.4372985968606733,1.960402859295746,4.212582131689363,5.322894877316676,1.6636800956336004,4.0519314283735035,4.732414034810967,4.994122199049738,4.394334264667987,4.27978405155454,8.718708550982535,10.127665194448001,12.133419009924042
6.939931641419752,6.553767312801153,6.349256466254221,7.76472234055374,6.367945002100102,7.821057406727688,9.0768422692572,6.500176904597276,5.958615697115856,4.730107533649686,6.319695663821845,3.3302137473410234,2.2917827787665828,2.441105199165427,2.1943256424538853,1.2498418374189517,0.21548155971685798,1.5759041558379674,1.7765480595620493,3.7810562935464653,1.5409373153139168,-0.39997949265836125,1.5257942593451963,1.9920677626348766,0.73486214152422,5.632374875956831,4.212458795265659,3.8186781663532408,4.211550403933371,2.6600290305722702,3.697010967614716,11.025925354759506,11.354421628298997,10.481146292069765
5.540069274969194,5.219888450173913,6.133700645572998,6.162794119450141,5.738600098376429,7.08546815049254,7.463163089750004,4.663687882563191,4.824625721157117,7.117044253188085,8.151171591798382,6.298244455706415,3.473938186384485,3.0943223167374208,1.8309248793729944,2.523261488345308,1.7760376380790992,1.6734439148763538,1.4327634755145624,3.348303504144668,4.125042781753728,2.003574475608771,-0.22812937883896908,-0.17276354324494433,1.6473995184232633,4.435370155037357,3.2374973546778043,3.3013400171253626,2.5803167937088647,-0.18971990542547587,3.1022641633183885,11.300754974463054,11.474809694217765,9.031769649506053
5.83031579548409,5.8420887859741315,4.959178175991646,4.697077627481641,4.935336142443109,6.571135106118626,5.663990310276125,5.688039643819751,4.934810609196603,7.273428675785704,7.480367198741656,4.864674087301117,3.25821102213998,2.753357164037736,3.3369523307800293,1.6009200349319817,0.564951457867556,0.6886924278144984,2.3416903442655177,4.713212448025586,4.092202479839886,2.711833532048014,0.07775348378440464,-1.1884146625705279,2.805540973705287,3.827668899658787,3.4774696943338554,2.5347074631846507,0.7652670033818773,-1.769583504208467,3.971666060618219,10.29442371558556,10.095860919181016,7.67877511721019
6.276610672181321,6.787125425044731,6.166300326680719,4.904047179317159,3.7599424228366245,6.128480240852121,5.583599855985721,5.796258310395623,6.635194538770594,5.6956083134263595,6.216802559180923,6.63121673534508,4.475950747872712,2.64510758479342,-0.35803397434768613,-1.2131799214199321,1.344515005204251,3.0298300859918643,3.1929812398310626,4.672780737841166,2.834530515317319,-0.23305892364019817,-2.6895555730877474,-2.535424948611664,2.998224374968879,3.4370314883591817,0.7685258642492603,0.4569841590930802,2.450932110915607,4.7367229724379465,4.463347613408036,4.865218888071671,8.504471038941588,5.770428751129198
6.145281937238666,6.103271209272438,5.115162206046227,4.058806070482609,3.4013151724333355,6.274858009682628,6.354065068669806,3.3394612663783816,4.0527653133017285,4.036229887370323,2.002235433435412,3.0676928712510874,3.6443933950506824,2.488311484731043,2.5145423561067384,1.3475245623447898,1.7517647181925702,3.804634595377404,2.1006382784815907,0.8922297029214658,-0.28758782914323006,-0.90987807968681,-2.0574724683756895,-0.619440117084803,1.9441421337584128,0.6163191140569146,-1.6283326271878775,1.7953147139145198,2.7763330387693417,4.043414006374983,4.954134539371196,5.456317241709559,5.560916499838411,7.558419684837005
5.800338780938144,5.420633974168662,4.677777474864099,4.652298482086349,1.7924926559293688,5.271074328218318,4.375195442960701,-0.9183917841103496,-1.9264889449049023,-0.40082037194831754,0.6275210910420567,4.290155730394558,0.2473709179717426,3.8439482609263207,3.480855113983656,2.7276528630221053,-1.5983425679741414,-0.07319250500629194,0.08344573691793312,0.15959599399195984,-0.44915060157011083,-0.9491490366936318,-0.04219919748946961,0.935265643448211,1.3681894395820158,1.6979530522778652,2.246108164623658,2.2608590064782854,3.328629515916997,3.377224194260363,3.8504600772351947,4.9092444594059,5.778094306918435,6.101914976038444
5.480481668465618,5.182194529183713,3.664397608126238,2.3882151086619112,4.076927417917255,4.704516625641209,2.194882448692588,-1.4537452493877845,1.0136515991263713,-1.6263191328555573,-2.069489139269439,5.9305134934780215,4.124825408208875,4.074201097510868,3.225811577570471,2.4078138764564367,2.8441649095405115,1.6422126127635943,0.5082886706575417,-0.03855147029780824,-1.518722637046221,-2.260017224710448,-0.44115638510313454,1.166996558668366,1.50768189387349,2.1618686481980265,2.4366693752275097,2.6364283983014465,3.096547896345633,3.5527198191888574,3.9818263602443085,4.819858782300746,6.367764861304106,5.712117320265988
5.792668586127291,3.773894007997104,3.2991268277026053,2.0909620005706553,3.490821986198616,3.6100189558049514,0.07356733238359511,2.73764684797832,0.29670673902433514,4.82054879433856,5.732962276670121,5.877741073683929,3.4961213753030207,3.7215406568913867,1.799913795918423,2.6506649706539793,2.57055367119312,1.8142856836602492,0.6775128078554886,0.9018905676332121,-0.4840096894161787,1.0022119310129693,1.7774744802033873,1.7333790294733467,0.8300419460410512,1.8728372787130727,2.0837928692095806,2.319272259250799,3.6485241401966713,4.6242079983183695,3.8880025964343408,4.9623388660866725,5.890794982103136,5.590192574350423
6.40452828816921,4.478583305687687,3.948777172198997,1.3446949341117558,1.6993214108174821,3.9277376453308634,3.4862362425495643,2.907202770114782,3.7985348509668793,5.862139113240776,5.435239469301788,6.293269301347873,5.562543754782291,3.497466695435733,2.7764242092001377,3.096458865761573,1.6069543975199523,1.6577272963533995,0.43947481616640216,0.43402518999037526,0.736435734327568,1.5153336990667805,1.819587463116402,1.6083091069975668,1.1262698861802312,1.6074805396462555,2.2133243753524385,3.6130515648409283,4.062571505155978,4.521000461871197,3.995243721919705,5.620850501846924,6.089949379802616,5.1912224131806
6.738286267009004,6.161925856203352,5.988628887112998,0.9122317242572807,2.205875836892556,-0.011227642746204686,2.4522713313934754,2.7463173730823884,3.0824064979727033,5.641518848154963,4.948006696658364,5.8337684515269475,3.1866127878693677,2.3918720949652594,3.081698274315617,2.5334515284371846,1.7503735715230702,1.0042913386545345,1.2214115910478065,1.130973714165295,2.183237404439912,1.288235725562761,1.875992578413243,1.9425536133818277,1.6214494572458076,0.8674023998149877,1.877894073279499,3.3070646377416835,3.237964373132377,5.364641882613773,4.782166097369511,4.881137899602052,5.799933910100691,5.312667831767998
6.564215135857368,5.172587780336989,1.923972742703199,-0.0917937372139826,1.1450808105069277,3.578010044983896,0.29811236923528817,4.126599533713866,4.912521325172069,2.808816140941553,3.6185478057038543,0.9848421448996643,2.824988231185401,0.18359269569515374,2.2557945639459627,2.4442398310151265,1.4316898665669213,0.8036548381494619,0.38712823453412076,0.8853449258601124,1.3626771403981837,0.8744787854648032,1.324481208842684,2.1796571952986707,2.164768538277851,0.7429207609651496,2.248520357959947,2.6663071818527397,4.279972212452526,4.191452324700991,4.233594716933944,5.00713206411466,4.6076341852064555,5.438374861181205
