script/wind350m.json
{"header": {"parameterCategory": 2, "parameterNumber": 3, "lo1": 3.000054539987559, "la1": 64.9999836372058, "dx": 0.5, "dy": 0.25, "nx": 34, "ny": 52, "refTime": "2026-02-01T08:00:00.000Z"}, "data":
[rows 25 to 49 of 52, columns 0 to 33 of 34]
15.654753111427825,15.109252669644487,15.56838719798723,14.255386532641282,12.8368327533293,8.888445977523117,11.64318345201731,5.883357232126606,5.510265713294841,3.149076022105003,3.1710387795824726,2.985610642495406,3.7470384546977717,5.075704622015626,5.862316031628163,6.338474001446083,5.966112544097633,4.341840352730557,5.004287904195346,4.357241481532303,4.873121598207549,5.24195314926373,5.3478262174228615,6.2027257066201935,5.115024330455999,6.3700688525643745,7.0389593428318005,7.173703526557551,8.43206296204808,7.838657015501993,7.2427920303832325,7.346037732384666,6.8395073379748945,6.62823766800851
14.53107254666435,14.17687664151964,13.831827971078518,14.751983994286602,13.76618893761071,11.96663497328351,6.6863192339433954,5.633451478033736,3.099939083263358,2.745662940271727,2.851215949591022,3.656262062881832,4.773668467036918,5.7751992448974585,6.096622774021114,6.189964136845218,5.537677749885212,4.323910681257439,4.794533007361781,5.04648040833509,5.34795736355744,4.587257408552686,5.450380324802739,4.8133626819305455,4.419840766249606,5.315074972382078,6.382576551380921,7.754874075374301,8.321203725062313,8.04203657823695,7.335024306516465,6.966501981732095,6.8183861654349025,6.482890456914884
13.11680901268264,13.449929558053274,13.428322933821217,12.955069869962538,13.090491974761763,11.95999530930392,8.15685153474579,4.194364157044285,5.060063100801128,3.941142724816425,4.704467407248362,4.397781925446646,5.557106975671577,6.383698008051821,6.793451699766752,6.087204715048068,5.633722267801769,4.084658820288179,5.103194419773927,4.928610045284444,5.3756716513409275,5.54683124924853,5.013293368569467,4.838002116041243,6.47276616208163,5.090724579429346,5.726152389452534,6.942143548550972,8.662743267473427,7.694082067697545,7.1223801102739275,6.866594334985234,6.59650733966621,6.313722598502769
12.423251589112681,12.640587046052895,12.398761892363842,11.660716480805085,10.589165096913979,10.118541908629364,9.57806301903284,8.113714880757682,6.368705442160454,5.150106003888368,4.87671704792977,6.066391639543971,6.558772450111617,7.035740645860081,7.533203099149332,6.906430976132768,6.269015308556992,4.486453903876905,5.379967206470097,5.515429032929204,5.668311507555036,5.9890314356535415,5.8936477149909035,5.325520673139161,5.450983078075874,5.314789990567735,5.384832822724877,6.124138833148536,7.79305932675587,7.951453623737459,6.4862930907506025,6.064853322207303,6.222563345089192,6.052056260921206
12.447834211369084,12.191631406474066,11.396833986404504,10.82829932996867,9.65502285192931,8.756604427007666,8.276544695062638,8.03377831289268,7.874377057792561,7.180183863015701,7.388867319450508,8.010590181813825,6.832275151819285,7.176393310678431,7.862248494297143,8.07857629303896,7.06047103415605,5.054216537008171,4.461249794290748,5.672644030718656,6.342978294945472,6.526849584844187,5.639156904976863,5.918062693105761,5.826190922710619,5.191994387838467,4.925594929779013,5.984471366467558,7.243747622473361,7.359956152728179,6.940123888443841,5.612846314691127,5.967044012539829,5.712390707254239
11.849868419149443,11.627129254605876,11.232986398660364,10.484614111743122,9.812372791878744,8.977936778345287,8.15207268622331,7.552633183036258,7.972896914574095,8.112508508703367,8.845482665264306,8.523745383897735,8.46602269711372,7.961555962691616,8.275094199753719,8.251478616531054,8.392793093510466,6.136522681817396,5.100814326650978,5.315210114836613,5.5673873896159485,5.511933844107654,5.185735051288419,5.635507164060363,5.4099586401896795,5.030208729413416,4.372213856432958,5.247637008700468,6.847398984362164,6.849037454512939,7.448787841217568,5.511394945479179,5.811103683328319,5.4062146867715475
10.986601801370341,11.081390089145213,11.156053406272676,10.574799209408823,9.70865511232708,9.069310435479391,8.83598628077791,8.20069971090621,7.777154163673686,8.16178550279842,8.538377472497062,9.031594056767515,8.505223957733975,9.148945051690754,10.152571898561275,10.257620273733083,8.610719597257258,7.948885871828122,6.218767179155156,5.697580267553895,5.190071823126439,5.017922721444485,4.586839730831538,4.773713451833493,5.165546334348243,4.6086980324674744,4.271185202435558,5.793196315501325,6.323705019262515,6.370776367132162,6.0607330844446645,5.597345060482997,5.639799915712154,5.397962936552945
11.12703468395897,10.69938457677252,11.414326191631146,11.130550089038415,10.091242620256335,9.264534134104611,9.069509686653596,8.682905888825664,8.641405250564132,8.466952040681864,8.48791963861169,7.519665132867029,8.430132656721902,9.133928726362438,10.56582699525254,10.597815350251523,9.962176943907648,8.596790818292723,6.223126779819528,5.245322407080581,5.607354368682777,5.34279854093454,4.9700672606588014,4.6895177173152565,5.048154437690559,4.4438730107270885,4.030519076058307,5.310132834190581,5.9394854716239385,6.205222765369488,5.561106399361613,5.962904652419695,5.38805676254936,5.156778597379703
10.527661098540701,11.140970869008278,11.174957598159963,11.68549625259604,10.896764008419987,9.848385419523845,9.070292407291396,9.208786872286636,8.34738997746152,7.749893976273511,7.875979425297563,7.616995655390086,9.021470477579813,9.438601116762392,8.734063433576944,11.082246357583816,10.712748233406405,9.20164450493192,8.392271473952952,5.761450491100956,4.846371828472135,4.824894844108035,5.025049600390188,4.91085292895568,4.78120490517367,4.395657522562452,4.416550617595174,5.156292959101898,5.829908923626624,5.741015086431406,5.594474677650058,5.502797597127839,5.488456496515954,4.9554731480113245
11.436815469694753,11.586814297979306,11.51208236793486,11.204554317113015,11.66722129692595,10.972205254229635,9.578768214479304,8.982868231553544,8.918558136436479,7.573191519656891,7.294688944245961,7.0205114551642875,8.314521449360155,9.270516721356765,8.902632669802212,9.853422943721382,10.35579674659566,10.237935368942434,8.48186017783729,6.437917192353422,7.378128880792304,7.0670459538335075,5.959736778806984,5.964758818958767,5.358628918791432,4.209572449110772,5.187974705444068,5.920563123172057,5.907210178055214,5.613587666601505,5.510137997874226,5.334327749460488,5.053230021905259,5.0328591628433115
11.859406259457765,11.96463911560735,11.740608318799227,11.704530061306135,11.666512023865183,11.281159449008312,10.695907387875412,8.946644396258632,8.468738136325442,8.476334938046797,6.453165610758478,7.245430886282537,8.163424623562989,8.476586933995376,10.181173057591863,8.564176546080137,8.90807173477388,8.93527941980518,10.188554815795232,8.330042224156465,6.896303015198296,8.074462535687253,8.359792332901566,7.733084178673543,5.054960380214918,4.949728590212124,5.7561077901352755,6.062021378384131,6.0612491248094225,5.629736223336887,5.449304185633767,5.172815256979579,4.964283658498605,4.555858094517439
12.3605999933911,11.80482513907929,12.440089850101902,12.095237952016594,11.799490071313935,11.637322872885722,11.021910586669286,10.306426565063205,8.561978145974171,7.884353445289006,6.990218636641528,6.559610091324266,6.848553460602757,8.205678957887793,7.602400093393993,9.692559517806068,8.079787648936703,7.893044190099375,8.608000477629876,9.869598974776482,7.885539567536005,6.940999287379928,8.746173264687219,8.310276370649799,8.194033439758355,7.524998099687836,6.682922380540488,6.342251393219321,6.260067827827047,5.904268965948388,5.50877447505716,5.091572271018459,4.8181021565587185,4.50618622112999
12.419926234523706,13.514377738167678,13.078114145481393,12.491870828966077,11.835020186897376,11.78437720428377,11.395060114364863,10.82391288592844,9.703678878443597,7.61141621067898,6.972122331743498,6.357888637336698,7.183943283929804,7.257667963833702,8.512025798395998,8.529892039753245,9.10121426459453,9.588480753966339,9.41761150077764,6.969260852965109,7.361649945964086,9.306208325159378,7.68736059399983,8.727955826825184,8.873584307933765,8.802706813871866,8.217247966108546,7.420943872009292,6.468398122883046,6.015750493670341,5.7805133677697365,5.235307354914132,4.757731768485824,4.62916850098169
11.212361031005376,12.402160706091289,12.320561309536963,12.496420288532292,11.91553726754698,12.205327945013897,11.432285250080712,10.793302229193921,9.941962479632295,9.033569962643064,7.233283208339495,6.4972277124462625,6.131681042118868,6.660200934676685,6.969567151579781,8.06317142218751,9.32397850311027,9.0674478962202,9.77877516626425,10.157272175473436,9.492430406993485,7.94232531655928,8.250459750957368,8.93615410176149,9.045198019734492,9.02210274532672,8.72469100685204,8.608502985865352,7.497453352995697,6.450696434696519,5.750633006226141,5.520771467185116,4.940897001612152,4.3454337336215785
14.038542124854596,11.781374637539683,12.398840320191326,11.339543727199498,11.576711926343137,11.28530917746285,11.203988011506555,10.748304725288138,9.7709204664009,8.344175569339244,7.234999708161523,6.2998943794372915,6.949368056899258,6.447382801469171,7.48893939006032,7.251112871529776,8.224306121522657,6.941778394095796,9.426979947219989,10.081154137274883,9.992779837596325,9.350043888679094,8.703476943615813,7.646318865309943,9.504058989997082,8.958935135131204,8.88725284823097,8.785745722295255,8.40683111161255,7.595369442468675,6.492064648126983,5.505743539468558,5.076926989844906,4.24604943834765
12.503589757321922,13.135123728884773,12.085817156506117,11.008604835374207,11.12813812455935,11.204638246626711,10.945302533223506,10.849847554134382,9.850336255514948,8.904399797174152,7.583886813861946,6.546170581588232,5.9143697046882515,7.56382965785463,6.819635751035509,6.74454213092222,6.710042801739956,7.231848795546362,8.166714580890062,9.529474715897049,9.86310245982141,9.96821210487327,9.797370079266653,9.212867162275494,8.025230121704956,9.15912061305357,9.051500901057402,8.989043295167525,8.685507571464555,7.816426879351769,6.9966111649421965,6.590907097567487,5.237938778126899,4.204521805494194
13.678204759504467,13.132391099398708,12.522322890581158,11.122506079192528,10.92265021616453,11.052094898308193,10.725102762781527,10.546292836537173,10.14253504994455,8.872055145377988,7.952858135165863,8.424922175439342,6.330227714154729,6.484879053321202,7.494070954348646,6.517009356521355,6.861102954006762,6.84372663150732,6.779811220304006,7.915945708511684,8.804277974550569,9.985186728807873,9.969498291941063,9.801169529446799,9.159585816530397,8.993348024185224,10.082639135088595,10.58362216120929,11.812908875083583,10.992017136322314,9.971319342126735,6.954582842319915,6.129609424337328,5.667430053681147
12.398892434668015,12.24663656299218,11.953209381984406,11.705130857937803,10.947829461207043,10.440860703645129,9.46392837647612,10.056982403725867,9.871674939587239,9.007447602222141,9.319760150587994,8.634643390936784,7.863516520849419,6.066173679850697,6.544888084324312,6.8288735428452805,7.083595582636037,6.076201910773338,6.720336151105724,7.277798576627947,7.7395721976230245,9.048686011079969,9.367584208565146,9.611875742421223,9.594814888532483,9.085776792979143,11.481109500326308,14.282725864784503,13.54599922420581,12.165722731501008,11.107310631733174,9.958736196054543,6.453780179159993,6.583421323172155
12.808417658079222,11.062760866179824,11.51523721991414,11.033272470102292,10.953455520663272,10.370620114418832,10.095298705260946,9.621077735404132,9.328659346865376,9.777037695097262,9.416961108523275,9.249443551563296,7.749075494974404,6.629386211688554,6.9892777422736225,6.947318132563807,5.956067272603468,6.170407154059498,6.900723018021328,7.0193973133749745,6.802233430554681,7.330279042757631,8.51490754030906,9.153803115605829,11.48695683428747,10.979754976623,11.21505017754935,12.03513884482761,14.466264127427419,12.84866378539347,11.058664675998784,10.076125859566908,8.281061998496764,6.740578652375774
11.798759764068821,10.551773344696569,10.115537443541088,12.315128807468094,9.92166957528948,10.721519341394297,10.315133192504236,9.983085746970128,9.893824291998058,9.837591177966464,9.158403157755043,9.474011652007041,8.151386820731618,8.689949228839271,7.244952765813174,6.881036414223865,7.03116191170315,8.129953647349554,6.323247959285883,5.876756170885137,6.175220173436978,7.5024911225965685,7.229626622452846,9.479899971312406,9.770940331557213,11.071388832944239,9.432985704999592,13.478101441543632,14.488381857178046,12.755469166684508,11.462459609950935,10.519001497215372,8.851096146073989,6.842071139722126
10.948563743724241,12.86450806042189,11.616815663394245,10.711689589204424,11.788086941703616,10.162899504068742,11.585974534972335,9.669719801828125,9.663121134324202,11.574040845666445,9.88814716731271,12.074772326759838,9.29745421092671,6.6921763290585,5.798945396794564,6.684809940668747,7.565173881712905,6.002177417249539,5.144822110657854,6.265626343512348,7.109847568473346,6.443363456114079,6.379973795728827,7.545943730822745,7.683257964319935,9.2301676490233,12.123202701384708,13.335442215473902,12.282156848957351,12.09625827257151,11.565338596191342,10.67207193896402,9.332197225738106,7.6214357995807145
10.387429531096258,12.330149214603919,11.655387638560155,10.737827910863114,9.968806914192013,10.125809601962244,11.520242359505394,10.583021498161617,11.38238673073254,10.56252801474605,10.225177962275783,8.561735602702004,8.77694127005721,7.8152528832790775,6.933523962974494,6.49740929660552,6.428662526260698,5.121344297453084,4.985247898699454,4.417065845738467,5.508742252706068,8.580857030435727,5.907989468638008,8.419949747037519,7.914412505034985,10.429941628195095,10.467607938193012,10.840119902952553,12.442328694611911,11.612781613196491,10.75489979967094,9.919474836437292,9.778332659337375,7.250029234001281
10.890378632879324,12.621805084464622,12.484473792040289,10.900735560928192,10.299389078321484,10.74008849450181,10.45873741495376,8.519898390795587,10.867484400299961,10.614220959820681,9.912959982524008,7.4583172408145275,8.662363901718631,9.141690965300823,7.313125260102003,6.577044439081296,6.295763301459528,5.227778889386435,4.497771597979244,4.55325476482423,4.305362231210904,4.77417507537784,5.959294737731053,5.790366054846616,6.300504889254478,6.086588209314046,7.017556882723231,10.077888872189702,11.662130026150697,11.324580264593628,10.60589603067474,9.812288056212138,9.461588716058033,7.996119499704215
9.836707543470812,11.962588858689715,11.238810429900171,10.326493983031025,8.991582302519593,10.279361152090491,9.368182283657674,9.1122804128155,7.922350827641201,10.002916267417449,9.659298293032007,9.741952702438581,8.770545035250876,9.57251604185233,6.386793623418508,6.086207324371849,5.176822253898813,5.3774579124157,5.029077929768943,3.6596449842243906,3.216473344243711,3.5501562589049684,4.130191789511305,4.880999147180254,5.646417329165027,7.088438248188661,5.1038178782827375,5.4625909565443695,9.989749934645406,10.4635229998357,9.551857490146352,9.19180443411167,8.910275970157526,7.871139571568316
10.095011428976507,10.96039690287567,10.233818607676682,9.212036371187793,8.729216289216538,9.577171836200517,9.675907452859398,9.079063674653886,6.865734081033521,7.65537641293388,8.594990843997646,10.321547270813978,9.65850997120146,7.407642158984249,5.966290430135566,6.215362729397939,5.746128456568787,4.551805525195246,3.9982719275616914,3.471416932385048,3.2705272909940803,2.882926454775564,4.558291766352964,4.03924863215875,4.851623191892347,3.6261095971168475,3.7791367967163767,4.545687429447338,7.788791087945571,10.526383914648262,9.8865880553893,9.047138361783515,8.283257128722362,7.489303488897045
