script/wind10m.json
{"header": {"parameterCategory": 2, "parameterNumber": 3, "lo1": 3.000054539987559, "la1": 64.9999836372058, "dx": 0.5, "dy": 0.25, "nx": 34, "ny": 52, "refTime": "2025-02-11T13:00:00.000Z"}, "data":
[rows 0 to 23 of 52, columns 0 to 33 of 34]
-2.0687286498823947,-2.014243984849769,-2.011601971261132,-2.8105748213834345,-2.2703536683817207,-1.9096351464698826,-2.5786161337644544,-2.3083545987753054,-1.388603600695788,-0.7047017696815961,-0.3963061135102334,-0.7594915914528543,-1.6247613957275395,-1.7497938101003088,0.39872161935116057,0.3500230768573664,2.9304143103737554,4.792210739730624,1.0328785646624883,2.757441230447809,-1.1570653811875034,-0.21665042453607475,-2.126423594305453,0.703857340981674,-1.6022191304200741,1.4884778072045155,-0.08699705502305183,-0.22735184822081492,0.7983426975693405,-0.1443875104803228,-0.06727757620311918,-0.1020571292872382,-0.16299891148039736,0.8186708164671799
-3.1347332274456328,-3.2770075739642928,-3.080998951747722,-2.77014319251754,-2.0836362549860064,-2.033644992367158,-1.4505992754021129,-1.3161386639272894,-0.9790035727222479,-1.4010140506043414,-1.156112759965109,-1.7679715584717788,-1.368111166008038,-1.0591311533520278,2.64586318653288,3.313122018371355,3.8863571197153295,1.1867002735056857,0.3758947051601119,-0.1613675258810075,0.539899044690316,0.28769938193106215,0.20445475000908808,-4.206564015431713,-0.8413254582603438,-0.3235838917156507,0.7238903749685487,0.13698412047164796,1.1217347555577502,0.4734910038343827,0.3512623320977838,0.16101058368871027,-0.024922356373662597,0.5104114097088268
-2.8182046735859108,-2.441062473196216,-3.0861537406719357,-2.5691873964914675,-2.217972692794786,-2.2448264902742983,-1.8665399566424472,-1.52348132780557,-1.825443738263461,-2.6393490660225374,-1.8615210622658607,-1.5778782236981763,2.72412458475909,3.83028200107136,3.4484300564961154,3.551277989108538,-0.2711578771684063,1.0417208308360837,-0.6656197019023176,0.48389662804555833,0.7737863828762974,0.4786963584264629,0.19553244918377574,-2.2100427992490106,-0.5748541939831358,0.4148666372985948,0.2928488717813393,0.0850263377176785,0.15731814058174395,0.3271437313551749,0.28046296484496036,1.1668724282743084,0.4935684698868305,1.166339575214525
-2.523198591223524,-3.27049343950819,-3.116832546163421,-2.2873587713540977,-2.970084345876489,-0.8999878312222676,-2.094620017487065,-2.1661784162045805,-1.5777936139589201,-1.1696676215739397,0.27512258210355434,1.8994832466091187,2.6213844498364964,3.698999696684026,3.060068086919406,1.538441001998541,-0.1695960577432515,1.2495860400714907,1.0059113057340856,-0.01688928242351419,0.5872604302497444,-0.5533925837848684,-3.1307115440832014,-0.31533676105287395,-0.9740210741579798,-0.15204040909801086,-0.06948279758985204,0.8768473780648866,0.6160982901624802,0.16478213395256247,0.6912864223629359,0.2784409195145201,0.04008449987440105,-0.46958290163192745
-2.4056783318925015,-3.451215548118775,-2.679571059538002,-2.451150242118529,-0.37650129103287605,-1.3803367345049402,-1.467483685023786,-0.8529729303284032,-1.017317317469911,0.03778966777292243,1.0674298928429387,1.9005925226929747,3.0302119905341676,2.0234291904329527,0.16330873081816,-0.1552873972507997,-0.26363227880409507,-0.5496917089323211,-0.42452888173338466,-0.8971452821408283,-2.722772287224886,-4.433987924003189,-1.0598753982693692,-1.3958733868675306,-0.43259191579968037,0.7449420263651118,0.6052081298807482,-0.05682007049324663,-0.2716074210203517,-0.1947216346120225,-0.7906784671344861,-1.165802533152001,-0.078557621055831,-0.22904443018840032
-2.8812722395258414,-2.6281583352860625,-1.386351959302133,-0.0036449767462179475,-0.7282286180587775,-0.8929154548716103,-0.7521541628347693,-1.2566328097790143,-1.192978098250669,-1.2709874182547014,-1.53787997603777,0.26399173183062913,0.9426376774323835,3.305948706662626,-0.8549874774435566,-0.3323722303021284,-0.08646169073344473,-0.01767179664353211,-1.875169935188655,-1.171928598556976,-1.0488329528737759,-1.17874169054535,-0.5315642935380396,-0.120283420163078,0.19028976481959964,0.3450472813521508,0.4349501071499421,-0.2843271445332394,0.5839565424852357,-0.3796296404050417,0.10616736062534358,-0.5808085419456103,0.22588622448609194,-0.41008269053562285
-1.7053929676486879,-1.298422818920353,0.20706749709165104,-0.46818537913012515,-1.055742532602386,-1.507693931567661,-1.4327016932622425,-1.6612322976667264,-1.944925275637077,-1.7044079737875528,-1.7107066784577072,-0.6259213961167548,-1.9737721716161913,1.2075500911136678,0.559332230415733,-0.510700082060411,-0.39986748724738136,-0.16828623158847783,-1.199928260835513,-0.20358280443063487,-0.8062414052502961,-1.2090087446554096,-1.28217797934708,-0.5546624362335596,-0.0804451438688824,0.5729639494864806,0.33165971913884557,-0.5126765458748956,0.7000538467394298,-0.5984065133559929,-0.6219174958837896,0.46319425105689005,0.010055995874570522,0.9205941367527125
-1.3747682132886192,-0.8558959675886204,-0.7656462076306794,-1.0790728633874247,-1.1397365852739558,-1.4830056188666838,-1.636277477938423,-1.8979442216690585,-1.690081291806274,-1.6359354080648854,-1.4947888419400561,-0.25747388665926746,-1.0202039853611342,-2.4753988672754264,-0.35765581409712716,-0.2587068225117131,-0.3117281911142953,-0.9229529067969908,0.8162848088764336,0.12826585176680408,-1.5903964084298194,-0.3050044988904628,0.11439194928490408,0.2643460403529063,-0.36080224626833124,0.07094323156484694,-0.36689113832477305,0.28619600380028326,0.8497293766692103,-0.7453646773898609,-0.2494696694600869,-0.49077019289600865,-0.05722196417385114,2.004704613707167
-1.7842068965537732,-1.6365338553543831,-1.8950486520035401,-1.54355367875666,-1.4919414639944488,-1.6842306778000466,-1.8554567192920908,-2.0093636725811397,-1.9220554463051973,-0.7983361789984906,0.04859449690335193,0.40822526973608475,0.003364361831256076,0.4085136436947301,-0.6129700220680334,0.32264987125660755,1.856779024921447,0.11328678765808622,-0.782450823440543,-1.003482044038287,-0.08723023706696895,-1.7364748168389499,-0.19365152812484512,0.27815657857419857,-0.23892406334956767,-0.7037289859098468,-0.7340934274819313,-0.4185650066691061,0.18916459528143603,-0.2779526756222226,-0.9689928068732361,0.06932768643649491,2.175894062279653,1.3901734723422714
-1.9807807713283394,-2.4547972058620244,-2.299899235829547,-1.991449095342156,-2.0398700599643043,-1.590330479119545,-1.6222188965856232,-1.619814660888265,-0.14137969281554516,-0.709601300737492,-0.6238123566466339,0.3098616898909823,0.45616751154041496,0.7932056496114961,2.8159603020309056,2.3247925966113727,-0.85790151276029,0.2896268515719832,-0.31124881694465467,-0.6789732195654985,0.61669253294195,-0.6122070994095582,0.1636424244080362,1.133353026373413,-0.03905341636086073,-0.9615177704536432,-0.2932114870190846,-1.9016897499078222,-0.7884463738539355,-0.5487356544388865,-0.08193533530662084,0.4684740082471201,0.49270994968484355,0.3068794661953238
-1.612456255629981,-1.3783168265046735,-1.5641119569490127,-1.4196822729278342,-1.5497648191370148,-1.72254915964241,-0.794113721272706,0.05927378651628746,0.5857368596264212,-0.657412923901756,5.557773179000279,2.152874785889624,0.3163414684539544,0.17861936415949844,2.502813462754501,0.085697819929902,-0.011124487982106938,0.2587030577732652,-1.0370320658650212,-0.21166547216456857,1.0357301568546564,-0.5721705253217043,0.22443776394933884,-0.07956448798158841,0.47561624586806217,0.6755494161436378,-0.5418334659345596,-0.5960335615420219,-0.4512274061850389,0.7264706401946038,2.6463447721890305,1.5092768720776908,0.5593193224140173,0.505980875413664
-0.9074640618568333,-0.8803281287043857,-0.8811571324579104,-0.9132389374246971,-0.781694394341591,-0.31703627716664223,-0.208207451725022,-0.18181557560084377,0.11771151771791523,2.1997070738303166,-0.9112265203776376,-0.3281817593307356,1.0901124262563757,-1.5439324112555142,-1.3877857060512946,-0.07080584346623824,0.5152436336357646,0.7646064319803219,0.6636190614192682,-0.49331318953369,0.5051119716387535,-0.0047720888099048635,0.5452992644355826,0.9966701258681496,0.8393254088446127,0.4190834423235558,0.012766078377743349,-0.21827569875157055,-0.09540875172808226,0.18597975914337977,0.04055468855166012,0.24953296325301721,1.1327316944913868,1.4227865301372196
-1.5224898092443675,-1.395098074210024,-0.5921277614490575,-0.5363718740329786,-0.6254857654499747,0.36742404198307516,-0.12016069943772044,-1.449370981296147,1.7837231127491746,3.2365726407935442,-1.5058209346394988,1.1704568415277912,1.4331033023775248,3.972354647988896,0.42571428081235047,2.585743251162338,0.020952159584528996,-0.22624634462847737,0.02844950393090008,0.36241465261072514,-0.5495235536941165,-0.013742495896665484,0.14571959141508398,-0.1968088627742014,0.14077536941748658,-0.8168545493903434,-0.21534986654723481,-0.15884932819228434,-0.42989879696642713,2.7176218755998636,2.2546649244155463,0.45973522198058875,1.060526650489212,2.393373996868586
-1.8336632518422131,-1.0766796694838663,0.4542293956980272,-0.43583234687926636,-0.7860761424958882,3.7725627956455345,0.8409874026394569,-0.9055197442793338,4.441601261458793,4.816797043948032,4.726921399504136,0.7871050234755956,-0.24539869068084885,-0.6415071643717851,-2.3299246956840576,-0.6070280410954818,0.1619118640954985,-0.19619003268635052,-1.1004971603761426,-0.4057528412458626,0.3181322290028701,0.40386927200812583,0.11140417227690853,0.1504411306106727,-0.27134320182590405,-0.3954261168279517,-0.3942429077075522,0.5160573309705392,-0.7858358155691177,0.6556926942421052,0.9242028220190419,0.28640178133957833,0.5280155991464945,1.4908539773526561
-2.156532601524639,-1.0106763424057408,1.2372315774320186,-0.11449079791312666,-1.0053383222625063,0.6530002902111163,0.3615014177772738,8.179309891050334,-1.0015037137307086,-1.3634748016568716,-1.3218615476993931,-2.2076313130996947,-0.15893536841189418,0.5069017933767931,-0.18532147900296472,-0.9825129769637801,-0.9318707271408319,0.2998253752699611,0.5477836595860247,0.6970946748107996,0.5085704226844914,0.027455433549586378,0.2555822051007134,0.4976137357606975,0.31951331973673824,-0.5294074170212072,0.22015060497244054,-0.08189287126457528,0.27065730520242326,1.7266066028288152,-0.21614271422478493,0.08585799900071826,0.9553276172953911,2.4754342523894843
-0.3701343164590792,1.191080746739051,0.2964914051753375,0.17016402333714767,-0.5407599114446192,-0.25556690542142646,-0.4272416564443752,1.2263060863060928,-0.5947813196798861,-2.5746212409622546,1.5418377058813026,0.24733022177993574,-0.8772328633293944,-0.6625537012180738,-0.26148982231230045,0.023603296001236458,-0.8183744660742694,0.2381826413933624,-0.6612661018158636,-0.027814699345803783,-0.5790026866197,-1.0557932586434486,0.037525860580701745,-0.12224035391107205,0.33388149024686986,0.1627035484759687,0.3916438382918632,-0.5605457735445861,0.15811368934715528,1.098906199933702,0.30760399404061023,0.7376470155033364,1.7965800864535957,3.6949181013228714
-1.7185074497562625,-0.08887827382497952,-0.4137215766612242,-0.9460310466174858,-0.3620526664121246,1.1484396598501827,1.763091759622595,2.5158687022395734,-2.1902490051043784,1.70668932168048,4.673094269657979,-0.14183935015178317,-0.23640959779601534,-1.2932445253867844,0.6787126798257007,0.8079804398683161,-0.3322509794672238,0.5662247327856739,-0.055140460217913974,0.16185256402153556,-0.26915068898099165,-0.8381092389952056,0.21359666208387018,-0.18032728582175053,-0.27221239521856777,-0.08856035187421678,-0.3694631164742779,0.10932645540055673,0.07180060229314342,1.000038384910888,0.5826682676790089,1.8916798572866838,3.119506350154812,3.3411688628620384
-0.035532970906388676,-0.24165098315310396,0.13923746684857966,-1.9717362132280714,-1.2218789744642977,0.4227240460242372,2.1913487204216544,0.27160284258509004,4.299027571879592,4.296599321224801,-0.6478154964759205,-0.7259694629630894,-0.9323023888960364,0.515907232114444,0.23406629652094865,-0.05078844938780964,-0.360600285731743,-0.2699354771327198,-0.46909579318514555,0.4080101801534207,-0.37916840940683644,0.011935069209368458,-0.5699431373850347,-0.10264640169732377,-0.41753254217505803,0.6554449364256336,0.11793106154670421,0.4570696868602585,0.5124755551324263,2.1159760750941707,2.7671904793476756,3.672814743929141,3.846311306067979,3.5504851451240658
0.25881342715389655,-0.5758287598809546,-1.2771426206732688,-1.4494747455975465,-0.9680092804220466,-0.6098760659559962,-2.082535861383551,0.037117453115711,1.7244375345624428,-3.1325046177435896,0.41402264296640234,-0.3905575342613192,-0.034197243746706005,0.2160749639927337,-0.9028335098848236,-0.14309662139281643,-0.15598508042867915,-1.2346079235428888,-0.2727036494470109,0.003676661097670001,-0.3759342266446057,-0.2659345135391892,0.6811541511720928,-0.021482039270977586,-0.19199793390616854,0.013802149445516053,0.05648975404516251,0.5517255204234436,0.7327172794256301,1.1158355332705212,1.278015702053548,2.8662753533591343,4.357275536202206,3.7815899742452794
1.6269671865976647,0.7195524534116879,-0.076547219184352,-1.5697554886255287,-0.07628210037698822,0.41256791581260915,-1.289311437576265,1.7999787113492827,6.9678448924432805,0.3473011207976051,-0.44698283695318564,-0.16133875631502367,-1.2099362891933734,-0.17971114667036972,0.2639760445678252,-0.7149626358959673,0.6423738124028842,0.5750075393541572,-1.9002711147685887,0.3027013346576365,-0.27208077749980547,0.12105417256504808,-0.3281354374315208,-0.10966270884132313,-0.21062507931410637,0.4235021239667927,-0.1146230742239682,0.8337159170198507,0.8840717770399384,0.9933195329444244,1.1024001906898457,1.1695599726155568,2.419303756805803,1.5016537564763244
1.3312120422976774,-0.011156208101650217,-0.40785571485071953,-1.5072381669183688,-1.8189840754837256,0.28788093974879414,2.145201596643821,-1.295665177186779,-0.17114885755814843,-0.08654882985141278,-1.1819291329234878,-0.6237977900882361,-0.4792939383351443,-0.32321067041555657,-0.8335851123003807,-0.2483371893769171,-1.1687909232829985,-0.7407501067485345,-1.086477074258911,-0.359667134877812,-0.14296249599167737,-0.1259263366673024,-0.006400010742201466,-0.033178661920421106,-0.45834901134568884,0.04363016941865155,0.06661094640954182,0.6248459991920191,0.5966869749950949,1.3919902009105865,0.6658358453802775,0.5026311112092867,1.6972941665238293,2.049028453566611
2.5792402542463213,-0.061931931107371364,-0.9393800301721962,-1.8919108678273326,-2.287429986320765,-4.3983574799997855,-1.5916198805130397,0.3071809826630019,-0.7663941060997186,0.44030352999738426,-1.9703781663749989,-0.5005427891528855,0.6562604843992196,-1.8469772318965059,0.6348485743801153,-1.5242841911718732,-0.7711620246393073,-0.8270939930311422,-0.328527382011267,0.4368125226201055,-0.2697797524903788,-0.8624344065605372,-0.3115758266476032,-0.6178709598287893,-0.050806863139096145,0.15826283807268718,0.617039782180049,0.9418789731781883,1.0777550405714422,0.7624050722806235,0.3537014803968308,0.5177717056339138,0.33033670493487477,1.4088877406861364
1.434913077000808,0.9911197984375246,-0.7510834859822522,-2.192546161787749,-2.5406483555156822,-0.5153553534783062,0.4134434241690963,-2.267523918024176,-1.1225652834515598,-0.8265219493243583,0.2392547682283383,-0.9178816210841055,-2.70723995409318,-1.622396383517087,-1.574222971245558,-1.632705053726966,-1.5106741949415703,-0.6848077805558679,-0.45887613851815706,-0.4775720200414545,-0.41798068387746784,-0.6275076863891011,-0.1198535896564165,-0.09913000706633089,-0.0024174674302498466,0.4813224329703065,0.12509315669368834,-0.8712244570522336,-0.6409444578693883,-0.08518605434547419,0.08337372937264832,0.5337208530509147,-1.7624707965781297,-0.9277810468139748
0.8927499120132627,-0.45999234879976425,-1.5832757667689892,-2.975482734197751,-2.74344160390956,-2.1924238366122344,-0.3995326644457939,3.8919703182274965,-1.2537693738853375,0.2826831724835049,-2.4963759884786865,-0.7699358250856986,-0.4990012176853045,-1.2311508927303911,-2.6813577282656325,-6.646133860022807,-1.9343258381236235,-0.6271279652123884,-0.1779395663628412,-0.3246727190886159,-0.6000134037460777,-0.5665158753614227,0.12272223402034438,0.07105409553843864,-1.0377094296974139,-0.8102381530345868,-0.7620304558545236,-0.8630659315776124,-0.597030548952486,-0.913349041182369,0.3064801834463683,-1.1462511843282266,-2.082848467294368,-0.9373842230074021
