script/wind10m.json
{"header": {"parameterCategory": 2, "parameterNumber": 2, "lo1": 3.000054539987559, "la1": 64.9999836372058, "dx": 0.5, "dy": 0.25, "nx": 34, "ny": 52, "refTime": "2025-02-19T20:00:00.000Z"}, "data":
[rows 0 to 23 of 52, columns 0 to 33 of 34]
0.7362391918664443,1.244384939253569,1.1446351606269818,1.4853643401894085,1.8670531135684028,2.433904359133285,2.886408734357951,2.878562015273342,2.955610726777431,3.462212040634028,4.159871615495995,2.509501123278898,1.8815855228315768,1.4795804794947771,1.0869313230836235,0.4883717256883351,-0.7818618071831792,-2.0394994369088115,-2.1243842515744777,-2.5495347261829004,-1.096507255176097,-0.2657706566294016,0.3681224971259224,0.982508379056834,4.705436910819687,2.0277274474246028,-0.8915173922444664,1.655890056526246,0.9154927397266317,1.490784364741955,1.6727726801045821,0.670522810017071,0.6516945211757692,1.6468814111358558
0.5118333469656876,1.2111593223726422,1.7033087582763504,1.585423951726693,2.160826665640913,2.2673568072682184,2.0263139637227288,2.185652531569818,2.490202085408191,2.4373918861800137,2.753687322858253,1.4755126255460727,0.7295954157123544,0.525636083243678,0.36869703709650054,0.12903029135515276,-2.70557519348881,-1.9292424586585597,-3.058056529591839,0.8662169838154906,-1.1561092859061666,-0.8442958990259055,-0.164592328533737,2.1590903089748053,0.5859638771869895,-0.1969561708750799,2.4553572526878176,-1.119487626631333,-1.579984344509381,3.4565067401394027,2.4630034584538594,2.4515636885513454,-0.2031155015859012,2.157664925682937
0.5790154592935494,1.0933724273989425,1.5314144861485621,1.9477536670685967,2.129007322631057,2.1914061329253487,2.1416360869532998,1.3746570821592838,1.728826088870871,0.7949917553173836,-0.6774160887733341,-0.519966084319124,-0.7454095010761107,-0.004208095589211918,-0.17906890983561513,-0.06574618047376553,-1.4278167576543581,-2.5756473343961135,-1.3953974987628919,-3.059558587099527,0.1782783639908057,0.47361500535719786,-1.4756337715898071,0.5695498749277473,1.3207953388638385,0.14856898268479746,-1.2127234685734625,0.32632483025180326,1.0478238194791774,1.2909959362608345,2.291371336277928,1.3371629268214562,1.6381535355504306,0.8350873906917274
0.8046010631689797,1.459975606618343,1.2902344473932836,1.7280083383820648,2.321402161735175,1.9882203713848523,1.1881125949764602,1.5317554630482246,0.7051697960437482,0.14026153362589286,-2.1198031282504353,-2.6150083950529974,-1.7537304439542423,-1.6621214120968935,-1.5885374043772196,-0.8876346856269038,-1.8474092216923195,-1.802040655455768,-4.115654059719617,-0.9294292335508829,-4.076970922077146,-2.2082575108263867,-2.030648152988,1.0318013110888102,-0.8121127719448096,-0.2439480640633182,1.4811562661917872,-1.1157809166300616,-0.9794048796827372,0.849286504229229,1.4028813646651694,2.9788738938969166,2.5424395628577106,1.2746396806979587
1.131297990862545,1.3476647335614989,1.6373416462273502,1.4397594684517332,1.7680666057922674,2.1213601095998973,0.44466551636445106,-1.2021583018975817,-1.8927613184007388,-2.1775155115637546,-2.7419653339187335,-2.577078304062984,-2.884785909251465,-3.8074086097337454,-3.4436652773505836,-3.556351082423695,-0.3445689968553649,-1.8132471183534218,-1.095532611357756,-0.051614684581590256,-3.0408585480643446,3.557599001038633,-1.1507023275129336,-1.4069300242592522,-0.36323420778003623,-0.7733928058634139,0.7690242354862081,-1.7677424891409868,0.13145992534853856,0.3119801725729358,0.20612963896045716,1.8698177277573431,2.7882329299813664,2.691027979496704
1.0022234313733815,1.6793948419101001,1.9762016124397825,1.8147940851548148,1.6755419880460745,2.176296194107457,1.3621059847172432,-0.8494967677161437,-2.49894242880155,-2.675776595322271,-2.721920575328406,-2.486089617816932,-3.05921433678274,-6.2116247088703975,-1.5807606002935282,-0.28817316508212415,-0.5616086585913862,-1.0144042664685464,-2.483339816844448,-2.200944027826432,-0.38728706678898717,-1.7639599732131472,1.7850451372043634,0.3376627494406567,0.39525045935379377,-0.005379464713929573,0.08771345304790679,-0.057516351886133264,0.18737172926038612,1.7655456895939914,1.4696476944921464,-1.475295776883834,-0.15809779563519571,1.302018537552654
0.7065735986663283,1.668014116124564,2.247874335376568,1.8345365302880217,2.0510822707921643,1.9976313652604463,1.006223914430822,-2.1434403769032273,-2.79864913013875,-3.0340054502071716,-2.719631788221185,-1.3003974962422682,-2.2651285212564125,-2.7425250030607966,-2.228834321124161,-1.6320000586658185,0.8697843605064511,-2.9904088692576867,-3.572408866724283,-1.4127852032519788,0.2577485712163104,0.2181694473948756,-0.7117813856397851,-1.3424568217517157,-0.7900207163399662,-0.6344339688582797,1.6413843749897796,-1.3985447353049525,-0.12808044563685375,-0.1007354934968499,2.1417575075072537,1.2208334785895179,2.144272848314612,2.3370308930238255
0.42527992188710667,1.4184828172187025,2.075661046953112,2.3145285568021774,2.6948032114184195,2.201398779138268,0.9998884785613724,-1.6747896884709212,-2.4869484492612695,-4.043336546349796,-1.7836741052249,-1.3596359561956775,1.4221750823626897,0.31890965470182103,-0.49581619513247105,-0.4838698933360387,0.0818818224401815,0.04221657709277096,2.9664820000269674,1.0897205000403654,-1.4734657463761651,1.7230844072139422,-0.06593954462268574,-1.3352164939269107,0.3702639911467395,-0.43036752153337454,0.09305365758810415,1.9455231159842445,1.2362443932027336,0.5939593043636203,2.159008239432213,-0.5475434608203316,2.165895157905706,5.668859074153152
0.068760248048261,0.9938398722076331,1.4967484541504936,2.2546636119816563,3.2888900831379857,2.0673362484069573,-1.1138920546370887,-2.83783954789977,-2.109373783935467,-0.20488172453410458,-1.5931779562067425,-1.566567824473848,-2.1849924425466196,-5.039897057043396,-1.3114936556477441,-1.6728586644548087,-4.916634181567283,3.9982896770394856,0.48497768040942074,-3.260954813373477,2.4395346011537744,2.0105478979299725,1.1291828192999058,-1.4534731697371264,-0.2569123382594659,-1.0004153255085086,0.6819835315311501,0.2926372518342057,-0.29838945907408987,1.1632674545281214,-0.44211805392167014,1.2035090044267187,4.7003807628597665,6.14218138173465
-0.08811224048986559,0.23053227471362123,0.8102851155896553,1.9452455295413371,3.298974924893002,0.19727239113140319,-1.9704157897159345,-2.8606621545185265,-2.855715979837626,-1.2968320684928356,-0.4164513987240878,0.26749434885969503,-3.062741085910758,3.240198907057277,-3.6418904646896526,-2.807748257105525,2.5702523139919946,-4.001224753880131,-2.3958528641809336,-0.4805005913832219,2.495481902792401,0.5826107227782323,2.22877045609757,1.3206181552032885,-0.9217543797282154,-0.45505335956069976,0.7472175757702494,1.741553524028463,-0.1274026482058143,0.2856154238537359,0.13434769715044195,4.550084724711666,5.544301846850024,5.937567884093993
-0.7521362735592331,-0.18505163915558392,0.1437929058196451,1.1561485026507543,1.7065234700173135,-1.7983170009728564,-2.7902299000783137,-0.7767783868857814,1.4236410543891866,1.7613775941199776,-0.025785429389988405,-3.072445238088408,0.771709012776084,7.817504781648179,4.776142092326443,-3.551741614980877,1.3651721857710488,-0.11483019179064231,-2.8955644911939253,0.280244477817416,2.07515800175951,-0.4338264147886864,3.318287590831048,-0.5283585016923404,-0.5992738372667417,0.6637525439284842,0.38776080247087624,1.699991456333568,1.1579456177085392,-0.4271760229934732,3.1953042600309822,4.726338092398449,5.37616910245542,5.485497670588562
-1.490042465731733,-0.9808584274816163,-0.49694122383191325,0.1212907907709351,0.7827464580792027,-1.3265131495173217,-3.9201576874988895,-3.6423447663528887,-0.9244656931227452,-6.759190900167515,-1.7111247995700376,-3.343780749783856,-4.476404388442248,2.062710437346227,0.9974424969847236,-0.9060548174479488,-3.253176367539149,0.5773559827952597,-1.9830365218102022,-2.1921609520416947,1.7211184897722112,1.3893635119498167,0.4899990353588303,1.6962162158280727,0.6769075712282028,-0.5816571707494167,-0.7864816034715846,1.783556230382362,2.5293078015267647,0.3953333411888464,4.465605460418827,4.974484527572726,4.952182948556578,4.784117174250507
-2.293067580891061,-2.0027216172552516,-1.9114640148597124,-1.233605278240385,0.6234950023826534,-0.7225984254054817,2.8999147690217497,-0.0909157178099994,-2.5642969012572774,-1.9305896340146835,-2.8149058092473798,-4.22565490644248,0.7248977099884348,0.06978404253440426,-2.083160829651973,1.404116193299284,-1.1347329091504748,1.0332322909814873,-0.06706722985775809,-0.20388701767095985,-1.0722982404115762,0.6156124168484038,2.3166877670966044,0.0027749893486869646,0.03108517300574998,-0.23384489203750955,-1.242314315609806,-0.5840830484347563,0.8271960528526986,2.481657408850844,4.510701096448226,4.607283834686873,4.3294168950372605,4.6344851131745175
-3.19394408958047,-2.9313073404213372,-3.1395667145488844,-3.342149975625072,-1.1722169740549726,-4.835639785175691,5.986199404626679,-0.4169037999009716,-3.899476049533877,1.1376518782800575,-0.7662811867816968,4.1222453065106945,-1.9116913998863583,0.25550916044294886,-1.6587096792858196,-1.1383012834881636,0.42814988393600845,-0.332763806673592,-1.8258633245256555,1.8724692690130116,-0.39841010397196547,0.5583244305278982,3.2656621363703966,2.3054055015855934,-0.2686565842881122,1.2671270230566203,0.9155056879179574,1.1370295566998543,0.731845921828555,2.356221402366671,4.446307267565168,4.404550608089334,3.915475108663279,4.312020993880049
-3.654138255080028,-3.611247586462002,-3.744477735506932,-4.1258107349867945,-3.056345192248689,-3.1597118760515275,-1.0467547420071113,-0.19566304726729442,-2.7244119431000695,-0.5380052321637181,-0.9714324185114697,0.3004822723131209,0.6086760770983293,0.9335332935392883,-1.7523321165920662,-0.08163386349281994,1.9104347456303905,0.3864576493616859,0.05619001328456192,-2.311931678985783,1.3467556195180854,-1.5549627904635899,-0.2902510625315899,1.9831720507583266,-1.1568741322630427,0.921296149608167,-0.12468534131367298,1.3487314514658786,0.9705334318725247,2.4466794921055968,3.4446254578993503,3.6895005809610235,3.6796276802854515,4.081621372622603
-4.264218052498148,-4.0294158514438845,-4.298001907428366,-4.711454415983012,-2.4434362358992825,-2.2368831209542615,-4.856220110271927,1.994123900224841,-0.3704804486683165,-0.009659709150194793,-0.9903769042565834,0.8487909784850002,-1.2395156812667212,4.539751132793869,0.2570677373128447,-1.0053748818203136,5.929408493376987,-1.8481246646518856,-0.6124851382958244,0.6400789625001537,3.1009351793277404,0.5641946076258794,0.31296139603296574,1.5814459983601215,-0.9511884058934759,-0.6375892021899893,2.2214226633904794,1.595996332414876,0.7309324673202638,3.0981341783824274,2.4955765262337897,2.941321795690046,3.3773704275119245,3.844847572245555
-4.636612502416695,-4.576551216052723,-4.5754889880871,-5.135311394523666,-2.421792828098243,-1.8257738729808068,-4.129035298801018,-0.45660992850936233,1.9355203643087697,-3.1338485173179405,0.7345260804320731,6.003748076169461,1.8495018397296932,0.9141696049221855,0.6677846426336852,-0.6140996791254126,-0.6148960550518751,-0.6812229642023171,0.3317121711001789,0.5327044009375769,1.301837440186782,2.2332475511486725,-1.1579860445382602,-0.0031116381895398204,-0.2783453232272332,-0.9618704594923856,2.305712212172842,2.4267826330350064,0.8370809906177894,4.16821425790425,2.0058743394109566,2.508501851865613,3.1221610219350526,3.752631212378628
-5.230476053110291,-4.9583620777324695,-4.249759983699969,-4.965573484812349,-2.1963209358113343,0.8887535569650097,-2.935290817365926,-0.6209460386260196,-3.6599068540126094,3.2513081944700732,2.35417484095675,0.844107499739539,-1.0672506634418373,3.93357605500048,1.029205490562548,1.693301537604695,-0.9858097919803901,0.4407728927730061,0.6416768727153094,-0.360074892975817,-0.6173629419169651,0.4189365311439143,1.6640001200111576,2.4220260752427207,-1.1512307905181631,-0.013045729828857244,-0.5034037106162795,1.004328889403413,1.4783947312543488,2.78251135715428,1.9991328250465892,2.292560473510593,2.987221458844171,3.986825191415674
-5.601390195498304,-5.481208580127455,-4.606615584081714,-4.906814072038782,-2.9195521451175024,-1.5352120110476701,0.030756499762612386,-1.4037139038173092,-7.071057438361863,1.151297166933099,2.2711086406835026,0.1346670207746146,-0.26776806905484657,-0.45811890485919593,2.1191648471554405,-0.350632506118949,-0.03816335981096004,-0.5701039782801653,1.108601939883289,0.267606616221403,1.0558659579592813,2.496476686788322,1.398753221285072,1.2833410259250235,-0.5528081767496817,1.3170652061360741,1.8449912351284252,1.0142762459853711,0.687782284808601,0.29978579296493213,0.4991190627389838,0.6879746020820557,2.5878536380838963,3.2392581017428634
-6.017187047721515,-5.9809514487992335,-5.624189999873347,-5.375436284003953,-2.3905871269187418,-1.8661421698466594,2.4085608347462446,-0.37734696682876373,0.3507609181857598,0.13788785586998553,0.8442879400453547,4.31327628913904,-1.3709133525005892,5.8086298479663565,0.045063092741794084,1.596302811265267,0.8888964710867793,-0.49331348958944915,-0.6941451412328143,-0.16840613111128902,1.228405234121196,-0.033454409082841405,1.7501581485935305,1.154259560512428,-0.7741097875370766,0.6090170443524133,0.10817197012733792,-0.2643481731924305,0.8158366279416368,0.10470687907955395,0.051815113528461104,0.08506419077827816,2.2182832105977575,1.6468981976129518
-6.547014826990515,-6.3759285410037325,-7.0531622699485395,-5.707084969689724,-4.412418721828768,-2.678465826441362,-0.4209852113131519,1.3640500644940026,-1.1502454476926058,0.3650235164155893,0.047704180588914624,4.137946937180003,3.462877482027686,-0.03862740532985531,1.7066145920384728,0.7034425191865936,1.44056322470202,-0.04716196705061869,2.068854720435716,-0.2025410087083173,1.2184310108057628,0.6686497569655655,1.361221850411639,1.2511028592306366,0.7013408097742632,2.0034054498738514,0.9779018056221321,1.338359723028538,0.6273281001426506,0.24893029612559558,-0.12261852154182691,-0.46762628190538885,1.8811764581415016,2.3674497567859016
-7.179541073692093,-6.865310513986143,-7.256090289838693,-6.94780242623284,-6.492161082305653,-5.635414603715052,-4.083043986470984,-3.927415137296712,-2.726473549023612,1.0362438240222431,1.5857830660371577,3.8758373506982604,0.6497423303127975,1.8412380145434522,0.7883402903588643,1.2624334742997172,0.6799605429607773,-0.36627853154499923,1.7151136197831507,-0.31864161315255524,1.3832341616479478,-1.4028896528441304,1.9612575253589017,0.77309310787309,1.842122269954011,1.4744520680071842,1.3624427029292239,1.0955909884667558,0.9936185940375125,0.09972083604735521,-0.8071672659769715,-0.05200366496100886,0.5283551090191083,1.580097842036709
-7.368036439838562,-7.551488374841806,-7.626508744818439,-7.900114773029543,-7.433955547090824,-3.5977270997330395,-4.019605669667927,-0.957430308724372,-0.6960482433964573,-2.535615298385048,-1.2067627256450144,-1.7106754336189693,2.1425275991300614,1.6309122804868095,3.0934319260387286,2.4368047672926756,0.588096412456941,0.5699700244740739,0.5774450274447608,1.54217588855238,0.13635690666795938,0.2075581034161312,0.7211749508542987,-0.5901873955959448,2.106488803159238,1.014277840830986,1.7371461545415627,2.196025422586046,1.9085505801990372,-0.7712879032731752,0.3271759735396526,0.9494181527941052,0.7753982573489491,0.49753548695315314
-7.321565729352549,-7.9478999997617334,-7.542657113299125,-7.4308646669845615,-8.53164011964494,-6.794660709024096,-1.5535728174051444,-10.430234534646713,-5.340834983853481,-2.9849328728561875,2.4644578131469808,-0.7430161947572999,0.45845559316353707,1.2912768428750145,1.9053992940033695,1.2207804799589503,0.7451879325198756,0.38599145345204056,-0.09476592036117841,1.4544036835019831,1.1162866091127033,2.111165094906733,1.3253983098851445,0.677867791781531,1.0248307581950562,1.6504534778454583,2.324973174194045,2.098364096088526,1.6572077465551878,1.1896720012000324,0.4479577621651668,1.1144830564870556,1.5502681798227407,0.8191135376542951
