script/wind250m.json
{"header": {"parameterCategory": 2, "parameterNumber": 3, "lo1": 6.000198445256149, "la1": 58.999992894266676, "dx": 0.5, "dy": 0.25, "nx": 22, "ny": 24, "refTime": "2024-01-24T09:00:00.000Z"}, "data":
[rows 0 to 23 of 24, columns 0 to 21 of 22]
4.245095932667017,6.632737307879685,4.486235983764653,4.865596484118412,-1.0638531108372955,5.452045517689701,4.965844610082016,0.5670286640871804,2.5015033109199667,1.8673148227880025,3.3780680665221787,4.085469375189692,2.8860894033036666,6.203436571789391,3.048853071929003,2.8374755699483423,-0.5456554722125163,5.0318034934744835,2.848774224254417,4.201607744747302,-1.1932038812970884,6.284226087930537
2.325295132776298,2.621492073141075,-0.17737656812179287,6.7078186323680145,2.6520029570295254,5.207955666290159,-0.519204773514341,4.326145378869906,-0.18304446482248804,1.9201116661765674,4.707439759030714,2.7135042961482165,1.233951409762848,3.812335097625659,4.7129086725788865,1.4898856657630435,3.616970590556153,2.3903073951034095,3.855578358092852,3.9804048535563776,-2.022638867636975,6.032755025701894
1.2890955398819923,5.031228571508538,1.916014872265814,3.1790051905069117,4.500216629677926,8.014937766000466,4.796828876232682,0.5681802845892038,4.85215323557062,-1.6343463511826217,3.8870102440208325,1.9812856392394256,2.228030489978079,2.3376232124851217,4.3981174690015,5.695023198462052,4.098127991097951,3.1539064858910573,1.1689857071288923,1.3883751716566666,4.179968599791938,2.344544352892326
1.8755797358578625,5.291256171579671,2.9001217807413777,5.243681334596726,2.1165361543382537,2.6251644926223556,3.1014570722993713,-0.707260754513331,1.0570295833787842,-1.9638690068070952,5.732481293117063,3.305344555716057,7.956876104835131,1.8772449808784815,3.857847450791395,-0.1621788591232462,4.160110716201731,1.985412805272677,4.0439287470002085,3.737129623006187,3.261372107913833,0.3570115200184283
3.08424021825305,1.8421597681749604,7.391607030038432,4.084913565198322,2.5593090253425723,3.4265188478451063,-2.189436579598394,0.9668991993674687,-1.5184886853865653,0.7837949070660852,2.889252033489701,2.6138827752002,4.151546051435787,7.261385359203505,4.341207226128453,0.44730712015462076,-1.0039465609613838,3.1401791474292287,-1.1470161558647474,1.0170417904506956,5.408295556685828,2.909483278115601
3.6142098337086273,3.084558646171131,7.379287229991769,3.3537749249675097,0.960435601880882,0.22215128573796042,3.5485848816706484,6.324261475080893,2.655191318634036,1.2208383394462154,4.088768860726196,1.3650940979659254,2.790138952700335,7.221347167899305,4.775624551753198,6.46940505390026,8.068290562495804,1.26102878937603,-0.7235268810655938,5.076401069401338,2.3471768551295624,5.811166051237913
0.026449376291599623,1.2896750591881188,2.616713515796511,2.4505704329748665,2.7164973831586288,4.358546143188039,1.2495970082176133,4.3979337049910185,4.8131946534031504,2.6713686577954823,0.17179731877604074,3.643618961475249,0.07198808940178666,3.368639558858924,-0.16619963948841707,2.5389211830867735,3.9498434579635315,0.729501716069555,1.0126192102349143,1.1420854540907788,2.5443788434579,1.9765751792166688
1.9960119561508987,6.958231005204408,4.738138484843737,2.7871993587753785,4.775478040950517,-0.05774223122826427,6.3272811772701925,5.037986104243077,0.8636012939739885,4.798847908195495,1.7645793996944907,3.263379023552469,1.2828265574396363,-0.4904905402013229,3.477055710312958,1.1041384632606035,4.847246217373464,2.0572801137108603,7.245394219627693,4.83616755840174,3.917376865110649,6.885676576753689
3.6866071258487403,-1.4326263300330695,5.311713950786115,4.595051008964252,2.913814460989681,4.633830837467867,1.4272997403591048,3.19959527948579,1.3977988321590764,4.449048073930652,3.711512142045736,6.133240939759149,-1.3384516096692054,3.276544803497025,4.161322844978784,2.292717411399821,2.0764644121164397,-1.1572502879231183,2.050184021666951,1.528969564800269,3.387127367951134,-1.6827157225497602
5.104951534770554,4.541398780588835,3.904044613503785,2.82220772926965,3.094783493593813,3.8668334637849973,3.9680331702283143,2.0090700964063815,4.831563491881226,5.39637729173056,0.3583920837881525,2.267723581396034,2.700571607214604,5.354123657377153,3.8800335705005002,0.7353617944094072,-0.43534459425562766,2.767812895014966,4.944737951776109,2.08880184648346,3.939416400978929,2.5670618443229394
0.23380903599996788,3.2666519693748444,5.364233597184549,5.20743759281596,5.3309452859932875,3.23517178539325,4.172875990161936,4.090081687603754,-0.5364277539353572,4.556479477127693,2.7815006858655282,2.273083476576146,3.269877487943288,2.8543934794470855,1.130699472412961,2.2375131060142808,4.551524758751835,3.0146223364752953,-0.10079416436544186,2.7072237164591595,4.323571398162919,-1.0244020408166692
1.3769429193049756,2.243304240766363,6.803402698926303,5.594503692962864,7.317620329924997,5.2637264014244804,2.9433877145703273,6.6241672091997446,1.9510621238602175,3.4825334497451936,1.0947938822882979,4.5120273418843855,2.898813430041966,4.40972156293152,2.03365887170583,5.88522313427122,2.7711160993097543,-1.0838894336426028,5.052999029496319,2.449907535975827,-0.19132170722147143,4.690326633839626
3.9505005133660145,6.189215301744735,6.489809731393522,-0.16304400075945327,2.2592127180139854,5.36108918219768,0.647004191323276,3.609750018295696,-1.5224383484572301,3.022933398232603,2.8685583523697398,-1.378242920223624,1.0484356127668446,3.2954116144402357,2.4374729832475652,1.3235184389981463,4.093419033662465,0.5487041607927952,0.5124138882634858,6.015679512205457,7.373359979690937,3.2754687395057087
2.705967032043743,5.942418454488304,0.9856321522429885,2.428836716062868,-0.6694135270901518,3.2735080318022134,0.9538286122121881,3.109152613667959,4.578006411972237,4.819402812328064,5.9783824844192015,3.929801399643789,3.6091712038601806,2.6191383341649943,4.719681044920053,7.054116570826293,0.028834064045705946,5.075572679985746,1.7816399721758085,-1.1388641787375329,3.0346390024140137,6.1585366068872585
3.86937103859284,4.737899414317926,-0.042084050771176745,3.521242725275098,4.966731182512502,-0.08271574075695873,2.9294817998819846,6.486837721773578,3.643032427504361,5.962402823678362,3.5533101441228934,-0.23183755737896317,1.3073105066991373,2.997417418558049,2.3157522258468375,6.131546942766211,0.7756942879853583,7.34458045404033,4.603666484332766,1.4529289238772582,1.1333362543130707,3.957890941096557
4.7410679166336065,0.2027593442402295,2.426928283891124,4.458869461202621,0.7484362810506008,2.969373351126313,1.6834280066941487,2.329859091661003,1.6711318633276195,4.10211711049118,4.331599544396589,3.9067988318397955,5.585438488428031,4.627296571172176,5.941019512510999,5.8316535749089535,2.926964988303914,3.809398208031502,2.658777681930046,-0.2640313803391925,5.461944477001859,8.239689717603468
2.656160290082778,2.4158333446973437,5.325575588016055,1.60189768347431,3.802232151909826,3.571386674756101,-1.3662582522866513,-1.8823097030543758,4.290838387837134,6.27934797878925,-0.9582573091437256,1.5211631744154859,-1.4053063825629102,4.008626076693447,5.543074822105056,2.2546990566727847,6.691661327007835,4.412264059136331,5.140515681402647,-0.26500307893895364,0.5396040308740926,4.903778569532664
4.164998756791648,5.7351938905705735,4.6397063754464565,2.0591867547366833,0.14499256991591897,8.176201866351107,1.6577165584968792,5.033552636622311,1.551913940858204,1.9216723160143316,0.5602387560824271,3.96829418193251,1.7194464401528309,-1.266778982372843,4.879262714978157,1.00836213024226,3.7556598052083605,5.204082262786313,3.948091549291672,4.012326577835616,5.204648719971893,2.450147311184528
5.9263814879841625,3.0594641600581824,5.393479221527964,1.338852832390474,-1.0365339536638836,2.8261951028860866,1.3027389832294203,4.26899484815603,2.333763558167695,3.8033548466085234,4.734650359955331,3.865891351744928,4.5017632703584,1.4859764692607083,3.558412817745628,-0.47332325968374245,-0.8187083029486865,4.560545796336191,5.3694408330357435,2.1431452492286747,2.9306819964680213,-0.3399293401498838
6.842549453846907,5.535844869916849,2.4204558750436687,3.5484648313825047,0.650458634233406,0.2746740199250499,4.426755898084008,-2.390192514435946,4.572442648124035,5.330577353374904,4.387211819846262,2.5858408816637737,4.437447889642732,1.8826081405010797,-0.24113013095651534,0.6556686856013714,4.812265554446862,5.441999152655718,5.856517507020707,4.122191035083524,-1.3596247928600742,3.008003714654361
4.24228548825713,3.220269228498581,6.018974789335288,6.017662563600867,4.615152044065237,0.37178724237747846,1.3754002017533327,-0.3507030650594133,3.761834129681423,4.312663186818028,4.354780504115698,6.263201588421138,5.947429345543541,-0.23738153002831758,4.149854271482432,1.219387554906165,6.377953992270926,7.194509643303747,3.9353196762264293,4.271186601873401,6.428426301579094,5.852405471427869
-2.8892789122565663,7.000243271567467,0.4984844958169747,4.293127663636004,0.28627431871419234,2.6712694964037804,6.056363332088967,3.2726918886746184,0.1476768765063123,0.9238450895506068,2.9606511718500137,4.721860633123131,1.8265568112945387,4.638046217151201,5.604428566531044,1.165454821221191,0.8812148945742343,2.050613115898928,2.6393613418499795,4.001397159086013,4.990082508852089,6.419530144440076
3.634246253971499,5.797881346948867,2.7610792625361467,4.189329553470414,3.6370008711621997,1.9674667951419709,4.268044994568835,-0.1510206408453108,4.319153242968618,3.496342155761322,7.39854672571204,4.317454483261747,3.1870226618233866,4.950927556865414,3.957421476441694,-1.1164774284802548,1.6160061052406731,4.448945103205938,4.838153229604856,2.0052423269830926,-0.6458347549374289,2.3451278832331797
-1.0532975230652717,-1.3604678910856778,6.391132988639782,4.852193533349861,2.7855986753919826,2.154579650582517,3.9705597793901832,3.223262621322639,4.092010533937251,7.577570728292625,5.5790066360841255,3.1296102879630663,4.713886464820896,4.50278303776434,4.210982018389657,3.9346124021178857,5.1844093470983985,0.45595131308239584,4.826898513445074,4.644212946883047,1.1527137054278342,-0.3519899704259343
