script/wind250m.json
{"header": {"parameterCategory": 2, "parameterNumber": 3, "lo1": 3.000054539987559, "la1": 64.9999836372058, "dx": 0.5, "dy": 0.25, "nx": 34, "ny": 52, "refTime": "2025-12-02T02:00:00.000Z"}, "data":
[rows 0 to 24 of 52, columns 0 to 33 of 34]
2.878157331707875,3.047662475084417,3.3765821767808415,2.3996090267996184,1.7172506855001581,0.8729419978445715,1.3307997514615924,1.460775344439566,1.4390660115579434,1.6626732035058087,2.056226266372483,3.026958566957159,4.113017572628224,5.258360360735974,7.001602030010815,7.183808098382469,6.62077828721722,7.6144042310614575,8.623563743121425,17.25632851499271,8.29731467119552,1.616846530868764,4.421597061997339,10.4377472607132,6.090729659949522,-0.07072092805918453,3.9520140001899895,7.4573346928513145,3.073307648249631,5.528855691534514,5.535577953154933,5.734913185641211,5.860578705097399,3.9896652173232474
2.618713674916027,2.131575472752822,2.336372473707728,2.134597969529611,1.9510854933226829,2.058842533502814,1.85168378374024,1.5977956528547999,1.6013651235448563,2.0374489145655157,2.2771969367464373,2.4713586776988965,3.2845480972040324,4.11334099611597,5.0671904669483245,6.125368172380727,5.495120917100427,7.775252870884986,14.012950728317492,6.434084184045678,11.813832976686344,7.626110508542586,4.068055177431677,7.719432525419236,1.3269870972151545,1.565019420901022,2.644060529062221,4.06444930259337,7.6811122242322,5.703729391662632,3.980444329681146,5.68746203561727,5.596723341682109,5.1495674286414985
3.0797408162524715,3.557970981667681,3.0782071568003,2.8543682607074587,2.6246154588113413,2.315942570301981,2.161777434947279,2.131620601659662,2.1532937169719766,2.292845923207949,2.5527217716936152,3.55073876789864,4.26022071731829,4.8305905683763335,5.945252159751459,7.51108864361033,11.202433570426356,8.41911330177544,3.6001785658488283,7.2378489252167535,6.555039547787561,6.718960014536184,6.217947822772837,7.898311855932592,6.359231421164827,2.791674317428687,4.480763887951388,4.680637518619938,5.482668584812486,7.237655033967231,6.870207377870785,4.965989032314818,4.800781389583395,5.053854178797421
3.8716590254095777,3.6036397788490837,3.4747244332245146,3.1613377679624404,3.0603508525626233,3.213227247848432,3.1230415104024845,3.4597181668710757,3.062055835818826,2.8473378154935958,3.0076519360139966,4.0128797749246505,5.677174892716759,7.044258794371861,8.398146439802476,13.096169862399421,6.95706115249576,12.759090638404407,12.424676051097991,12.59791087433107,16.13243983523876,8.928833605449945,13.354386750142858,4.515545586541003,4.304848817151504,5.251055225603756,4.133701152795313,5.3866653804263755,7.1265167869951425,4.0407609866276175,3.3492178548872134,5.64974376668073,5.272602942377047,4.513583976688335
4.0464789107123575,2.767097088298905,3.2877776114810717,3.8855222107443517,3.5121238900696263,3.3988823609897696,3.7781793741925562,3.0450189420244262,3.0925396199398567,3.414218544938275,3.6625424812715077,4.469578122938994,7.279466504093165,9.577202716072591,11.559947561962444,16.327157710437287,10.049884309312425,8.775630458422262,9.606272814604118,10.197350323654398,16.337786861124986,11.945153328113983,6.5244644826171925,9.161507778184513,4.964397373451386,7.243117939208543,7.2397517876216,7.2038496378712225,6.9445015893577136,6.005133502923446,6.188607664981217,7.241496960427957,4.6480214381717815,4.053185520196925
2.894634273980973,3.2694910143584446,4.300325351174533,4.901255624307164,4.921731108546515,5.102626728524299,5.035793809233161,5.480148092261709,5.153496300391514,5.7563514723205085,7.92081202113152,6.07963756634178,5.92041065067616,10.746824450374184,6.635031873010054,8.017836222431304,4.190044479992557,6.047247487865129,13.032567585571847,12.060956549078222,5.557217191804272,7.813879004405674,8.814831950515183,6.140269519369976,6.058861249946418,5.071986563718322,6.212498348644469,6.824710519274377,6.128457173090674,8.023288568842585,7.876795333178073,5.791874059175852,4.1395099132397295,3.5247554139218846
4.557704184827051,5.255363405442453,4.244650606810872,4.45618737777674,4.445469509851153,5.749728758135314,5.901562451507387,5.28178069031439,6.519680319932758,10.242998346444422,9.638123156178684,9.974097066696556,5.679608277663052,9.148197855821389,6.141220220476195,6.352942019438822,8.565983387595175,13.668189284049136,14.535641572276402,9.76855002250564,6.970694073056886,6.060609669701627,9.118991819105746,9.661333991062902,10.796256332938176,9.049842478631994,8.043213521014204,8.026450275360707,8.490053122502113,9.299749133090529,6.448429957867105,6.0755627335657785,3.6862359729699032,1.4364055359089223
8.738837965950978,7.412847849259915,6.105526236471343,4.434523163688501,4.058836435065806,4.238420731142064,4.897504616195439,5.870108180391057,7.054091611846743,10.13523738855456,10.657650435853485,9.663639396885086,6.9385745602133975,6.288980901699939,8.84319468032901,19.373428169209348,5.240895325949834,15.092574294487658,18.022520650890495,9.401990464061685,7.661368490563629,5.46558607333571,11.22561983400211,9.709133518601492,8.12224457001559,8.721489864539056,9.301015857365895,9.953281662506795,6.87240001424727,7.144677899607669,8.879456116996897,4.180532361297726,0.9017742969705063,3.3375656674328877
7.850285651387306,10.057044006543759,6.684532704480951,5.592759523867975,5.038769860343587,4.953697637466834,6.359417949094892,10.470440508656491,11.670783323532104,10.653280510832321,8.595374459582136,4.567001776679912,7.565933340095597,10.796011756183137,16.802929060543697,6.976760324753423,13.40099885900561,23.145910279788726,15.735935092889111,13.689432759255924,22.035528586724144,15.995214742019305,14.229140980875119,10.960887167765634,11.49390143812335,11.781913808087037,10.119661833781347,9.067631070329323,8.543021567446603,7.57435300835192,7.049163436845529,4.23842231679228,4.138922520319053,6.184745706814928
7.5522032888659325,9.261356111538081,9.628101807627708,6.97342413605762,3.9527125168185364,4.283400138674174,9.19715910054141,10.600511087895802,8.0131659537516,0.703029271318673,5.277182434661523,14.055504194031322,10.944575390716524,13.74645264792622,14.490805515757977,22.32661057212499,16.711570076678417,16.18342278174726,10.910874078819575,12.149853239919343,11.646993188545936,10.688834877576292,8.658274609173661,14.070515517933993,11.729417267911858,14.627196837716111,10.467033379880057,9.269151537026044,9.150302915892235,7.584037806483697,6.681449042915269,6.222283177237547,6.3210085725810625,6.916011767940292
10.021578218031076,9.045998871884871,11.112431194214137,8.20771419052951,8.198022059900097,7.918540369609284,5.2056389207453035,1.0683631139417953,8.361784678674796,6.329570698311861,13.91656476362976,18.040688100765042,10.350437031165377,11.213644405810747,16.002065473860647,15.383731865248524,11.959041974995207,13.257041834539303,15.326459927548918,7.761552662922001,12.149728512731802,9.179003238914637,14.49044759975166,9.724570904416987,12.578537919372643,7.143901104959674,6.841305023280508,10.0516662208862,8.543146153552357,9.47292793043955,8.13238276711419,8.050860037482039,8.178815749179975,8.412565500766993
8.703422584031557,8.969923988679101,10.650057155086886,10.218980922383496,5.288546510909617,6.098622436359589,12.2210595001319,6.599119569418903,5.138039234094431,12.51660560586643,4.975231003678214,9.391015029117908,17.661020066807993,4.997586651643845,14.861997384012179,10.624651236444931,17.38541756824808,16.615736023181665,19.439330192883183,19.06316387063236,18.34113345063838,11.597034712605572,9.967845978549752,12.625154405483883,11.144889232456688,8.903445338876121,10.1754205104225,10.303525385897611,8.777870197308722,10.546293239272154,11.136485609616736,10.625039755285302,10.399533725990459,8.679798517462395
5.651803083891619,7.564677004530141,8.862329837812284,7.005497595915057,7.889353167411096,10.953259953718048,4.92009375390783,2.508841705253678,12.676188596296738,2.612885490061426,5.715603636122046,14.461395966754878,15.469752369066963,20.74043764106649,14.912278040382619,23.7754769249824,15.454103197725365,11.44029969972218,12.174012615170504,11.196426086177585,12.523399705722925,13.318538672808945,12.83427102417942,10.868633178589112,10.732195580346055,9.690463153350985,9.750713932869786,9.80464419497285,8.10099491134644,10.672263731300596,12.019315891076568,10.609838115787952,10.148364901666568,9.766574288869897
-1.3150923277943531,2.832750373493198,8.878467747034268,13.180156067098315,13.70569965232221,17.253911135645385,22.268544691980246,9.897935556440265,19.426271069136952,13.740475550516091,16.15526108814628,16.57097119661271,8.642195383437649,6.364870578248131,16.26592163279855,10.64643004085827,17.31520968455226,9.835824387150836,13.9409639247075,11.302274417071997,10.059147646973218,16.043448477025883,11.51055881353493,13.535268446178836,10.314329115109963,11.723391089924652,9.535147044038931,9.996095709438546,9.856073444539598,11.02106028935084,12.491505180739884,12.16683854302362,10.577018310679781,9.457577054892976
-2.0911575280699344,-0.302864079764167,15.971811526248432,14.640208386140815,8.67707953507541,8.768419362130928,6.678515700119222,18.37734797016012,8.05599662160105,4.595019153020898,8.79222739798141,7.987595370098061,14.749301226551411,17.38656110481732,11.858987541639255,15.515855771093857,11.847161853000346,12.07797447646457,10.718291593330937,10.634630919158552,10.584160458196555,12.58846071960392,11.025835128140208,10.790328225140088,10.271902718740025,11.362857473640123,10.021764847328496,11.922610672005085,10.94276066911079,13.221248659382843,12.454224755942239,11.144895647555675,10.870408310982217,9.752215287475432
-3.8618886209316345,12.19583688911385,15.38581624774514,16.537750271938684,9.81047787190587,8.607871258638665,10.171840155236126,-0.73368544738146,3.2165980381821218,4.028627281009476,9.234532750687192,15.659326676508044,10.929071982542103,11.695279272122658,6.748692910499525,15.925173948888297,17.45733218155873,10.70923256772721,11.549234819306822,8.75454513529948,12.609398573970784,10.541431237214516,8.35172945852506,10.097436178471085,10.492559842320981,11.278046465930183,12.72659058299353,9.366555926583976,12.395548169352734,13.738205502776186,12.47746914690795,10.964490953256133,9.134274193544389,9.477871201839
0.7744895296243188,11.891451195456517,15.360195140700123,14.147958291866384,11.3270914587289,20.05857903274988,19.12297780603802,21.98893148845058,8.93760283905769,25.936755100701674,13.212784208941645,11.769353206356334,5.924628571728015,7.090768995163026,7.851118951322322,6.159039293310087,12.615693575308216,10.395324708746656,11.552956753420544,9.338627572988548,10.925632987727413,9.988245480974928,10.667299024782709,9.432076441599294,11.01001437969006,10.099322364383038,13.68054168618094,10.87079030816403,9.219012795734814,12.515364311757027,12.873665296840777,10.536923995848309,9.902991696635391,10.128330000366223
7.507999499851482,11.312882870887453,13.74852988339694,13.168851957486119,11.417768636110562,7.051889445177002,14.616021231223543,10.299202083208975,18.969801292213624,9.758455894505135,6.864858374806491,6.585623149039681,11.143073108270292,7.673045954795171,11.910260320299436,7.143836557994426,11.874508395045599,13.28549227544378,14.521025531967405,10.532078636074846,12.615302656043228,9.016881267638217,11.55648576378338,12.155401668637296,10.57198301248397,8.794872894661939,9.724965180645889,10.382931672983009,11.04004316507849,14.136493969535397,11.854504798431963,11.186708066223508,9.468443563304566,10.46054887935149
7.1643926919292085,10.550385508937,16.30429599517507,16.120047547242507,14.754675592862075,11.83891560475704,15.2997773990731,10.864070537998174,6.070773118714529,8.564259952539432,6.481532689727978,8.095789889370455,11.943099893142232,19.51499004083507,11.161879872365162,13.158155135744215,11.14582395769468,12.534570528654164,11.875366969735277,9.99866078749967,10.744981726088175,11.945519096678197,9.897114347451826,10.840219418277606,12.598384466575181,10.48527519591848,11.723891668074003,10.077284917282089,10.722644880365223,12.54663655998068,12.4990307562921,11.53865738887951,11.717775438734124,11.248743947437243
9.506957875802042,16.227478348725693,18.600945338291442,19.905888967797157,13.147815725290254,12.096796194934063,-0.7914766193089581,20.393232752406128,28.399903259307706,14.20464932554086,17.369325635795537,13.776559704185164,8.794571718466713,14.964680242246164,10.50799822619332,14.93442333947667,11.779291705796243,8.823177906785588,9.830363369580589,9.411522224189875,10.651920938289793,10.700573780794418,11.707798416854262,11.329017341995181,9.991424458150961,11.522640871352966,8.652043639694119,9.358015824423008,10.539895974934565,11.455129727301335,11.924256310392272,11.758377088077204,12.713936250258334,10.775289312229905
16.676715838952806,18.4599783015184,19.634881853555104,21.01524718889675,17.493841935495407,15.819925002979627,21.09741210365911,16.009136276747057,25.324544284237767,21.949340129625043,17.300963098738915,7.892616685817011,11.04602741218029,10.009317345942705,8.732970358341028,13.99249931925802,10.61393377089372,11.119249323325423,8.441061367199362,9.753933774966582,9.750831395436174,10.007173199853247,10.897235187615065,10.30626109826415,12.217735856574109,12.543769546241403,10.843822890356329,11.442688298287068,11.695472941841095,11.461126140994015,12.258436706645204,12.445706385072766,11.7031014356189,11.92245816769631
18.712670131503412,19.57459395899783,20.18490665718941,21.063045284527007,20.30694701556522,13.448991826625365,10.192926752586002,12.589828600282507,16.69430742304235,5.707970640957806,10.803383016112498,12.037158813438271,8.158475574639324,9.87290869685841,6.526564697835195,13.250983492438017,11.670406052641352,9.09547230175859,8.020041107802662,10.155652659749737,9.709350138089018,10.912451756427945,10.835962560435329,9.472452916733593,10.082301599969048,11.341825482134295,10.982328432899173,11.7221559014643,11.64276669650726,11.615013620181964,11.215952139467865,11.193563644920706,10.70941975347522,12.414772194581458
19.83553812665002,20.608943931209772,21.03704626172583,21.168761872025055,21.238345888302057,15.781108145743937,15.764349903494887,17.729076445753936,20.677535070747062,15.342596165139286,8.740212891605946,11.973096849682994,14.13037256899261,13.540589928315432,12.101726697842151,15.93027396763555,14.015835074109459,9.937645630062505,8.816502693971028,9.483510558201106,10.669335703205835,11.966065152705687,11.721125029526819,10.365699407833588,10.492094207785037,10.7265004475183,10.247115486464219,11.6257262950756,12.338608995540792,11.410160777785718,10.7739943140606,9.72323249219488,10.723238469640226,11.67957443097446
20.382557511473745,21.315561357476845,21.625564176717067,21.753246335179625,20.69335336359359,18.034921562687753,14.281648102411348,19.577139275296844,18.362952206665614,10.325338220276015,9.977164841571076,8.945239633361613,12.444326171574355,10.896033703353895,12.841642478420052,16.428919100892838,15.949539066957682,11.942536461936738,9.554399378423454,9.879376742867096,11.689611202162125,12.710801047547871,12.003238807941772,11.571612703800861,9.78495361347661,10.373234908662615,10.115719103042146,11.534583920102607,11.664635069343236,11.545713919714922,11.199245203439617,10.258423424201744,11.001524710178927,10.468367330022266
21.297047019962935,21.752209227902675,21.821823042751525,21.73073172240785,21.827301035361632,20.165439678982146,11.346009008584963,24.866343730469094,17.940525671415408,10.519575906924928,10.739004077385038,9.72416253417514,11.24886933781543,13.580708067410125,14.507760940327454,17.512610250444883,19.191911942147833,12.795160788866133,10.849526705851588,10.01466658063122,13.595058182006278,13.177966874964422,13.421067222035639,12.17270347199357,13.24458008725681,12.529617860882649,10.574659210641265,10.508150871973488,12.147602000819903,11.506118128669657,10.232852570080517,11.748940697711252,11.853318798704196,11.109656914000968
