script/wind250m.json
{"header": {"parameterCategory": 2, "parameterNumber": 2, "lo1": 6.000198445256149, "la1": 58.999992894266676, "dx": 0.5, "dy": 0.25, "nx": 22, "ny": 24, "refTime": "2024-02-10T05:00:00.000Z"}, "data":
[rows 0 to 23 of 24, columns 0 to 21 of 22]
-16.67193628687877,1.7364205817345724,-1.4962596469862408,-15.421358166396152,-14.583115981221834,4.396710240835795,-16.4389599743639,-12.961823382305806,-11.894914783103454,3.8985786106274847,-20.258082863487587,-15.272873254442366,-6.447088111316513,-18.75571787422738,-9.871014702349294,-16.498346364122824,-25.58907398770677,-1.3993223317276333,-22.567556845971005,-16.809458175043677,-16.9853534126598,-14.625525274306554
-12.981493500305898,-4.83129581211591,2.7730928202580363,-12.315316734224481,3.5573317157578646,-15.716527066032663,-18.792844978921337,-15.971047415369162,-16.15868855761419,-12.449958312326062,-13.331664882490172,3.292780870732628,-5.389335526604063,-2.989765785526526,-13.367597890180933,3.650240978976675,-16.927615421908282,-15.27848565221158,-17.46361741385845,-11.808334453226133,-14.727849329988118,-11.298400190354192
0.671923417787259,-15.17202664605012,-12.52323212975756,-18.222725199090235,-16.560904549048,-15.645195133920826,-14.27033313626357,-21.33541821279918,-0.17369292615821255,-16.03720726548739,2.625012600632817,-3.090652926171135,-12.45426995652833,-13.12849987833018,-12.079341979263653,-10.657901570483732,3.805633727946771,-12.877153466812093,-0.517941191108479,1.8587794793837566,-18.443145531965893,-14.88881648803884
-19.311115123461157,-14.934692205959752,-14.808500913282716,-13.324852309666325,1.2718718322521347,-15.508740444933967,-13.643424024948898,-25.007426720070445,-18.954169954651366,-14.448040435713729,-18.073163821831034,-19.975528204887773,-9.13202980515693,-13.019889910241064,-13.854289406342712,-2.276023570401096,-15.322497653696745,-12.410091274195922,3.362409458329531,-14.519116311440387,-13.68097853158446,-13.545405251763038
-17.385185455627514,-16.55634915226271,-12.60510552138261,-13.725798912991335,-12.149168731691214,-14.385783391327502,-11.038552784723471,-13.178592969955464,-27.698827081665698,0.48521081279784656,-17.366861087089852,-13.77957454653758,-12.194524559488606,-9.528187307275903,-11.073196532532025,-18.42912965907665,-2.5830299917329897,0.7374475010336966,-1.6895647691156255,-23.6549670259984,3.655805133723815,-14.276983771549464
-17.373796219863124,-16.298613084146606,-10.179835186451712,-17.24036358647265,1.6593243117767815,-0.5816901177940463,-15.966294510485586,-11.262597870217778,-13.700659207074933,-15.865088368747411,-15.378199716577727,-14.006985561894975,-17.363023083545826,-11.628291798370572,-14.725275399213809,-14.167593960995413,-13.348329415897943,-6.897526332786185,-18.694034848752413,-11.653088085923853,-15.989024607501518,-11.540609440550586
-16.734180323416417,-7.585517759789838,-12.041971484249865,-16.733619647649583,-14.470516728206517,-12.398323303641645,4.235792197579344,-2.4752650198067334,-2.7660295837308473,-6.098900520666183,-13.470471284525846,-15.247182507087816,-0.14653870964865,-21.28448465711883,-2.083745367574505,3.907459717750319,-11.345163731795742,-0.7112297140311888,-22.98845462620733,-7.465609081333585,-16.31085686331286,-17.51050995695938
-23.139860877915595,-12.75675851037578,-13.807369212076575,-11.645644548081073,-17.509459047475758,-12.886940328585633,-10.013594335411868,-15.746602982100686,-7.407792636624087,-15.119601742225546,0.20463394028922938,-10.874959710798404,-14.220144771223824,-16.342269015719086,2.893278841344185,-15.724430565508905,-15.135066631666357,-8.658202452023627,-11.649620052084634,-13.993255214124853,-14.178983157102794,3.4360962155194437
-14.71578734490078,-15.633421677732652,-15.186431146215424,-18.26731485551635,-11.672770080817628,-2.47939676768726,2.7126799913957957,-16.175340453687884,3.5625842805309516,2.611234543506258,-16.167829301490215,0.4010968613100815,-18.05139300793583,-4.324132417527473,-16.89714313067152,-9.717637815639554,-8.522488180450143,-17.35192956971933,-5.501981781186941,-9.50163730329549,-13.04569931765941,-15.886501801606963
-18.28693631087886,-15.438025425836386,-9.756801068976298,-14.17871048019238,-14.576970295086356,-17.67856882453757,-15.517632785463807,-13.758916561521014,-12.641931443870758,-15.036405313534457,-12.758740468599841,-4.74759570919237,-22.351910934211514,-15.068942917212329,-13.35733154795957,-21.152182568512938,-12.341158347798777,-12.101231520214819,-12.594334863652957,-13.374205045602857,-17.08068811296759,2.241578792867471
-27.656762169828713,-20.76635452702689,-15.770945720215593,-3.3378010441531565,-14.68779422348077,-16.276951891958593,-15.518146081764076,-15.23733712393985,2.261096632881657,-12.099631950187769,-12.263792272694703,-7.499910362486002,-13.692063668325915,2.0675124305950074,1.5034855619443837,-12.514692470608367,-15.077213865013288,-13.562371343472378,-15.676742902575969,-12.558908963547907,-16.051946254178723,-0.039730245023366036
-16.511544321067937,-17.809313039780637,-15.059546999731733,-17.19356568226673,-10.27943348916116,-12.810314461708607,-12.963176211072586,-18.641659817325074,-11.072244707948803,-16.27353541485519,-5.958870563810156,-14.36052485525462,-13.996707383213797,-14.95438940066518,-16.273128504239924,-13.099858385073444,-13.666369622174154,-17.632630976251363,-3.9990658107385113,1.2576140431985414,2.4578409982792007,-14.530644735426723
-11.93550719272981,-17.045390431626913,-2.6311565114813504,-0.3007561824872585,-13.131127966472516,-15.629621479501585,-1.0060378586536716,-13.893481070092864,-16.13934155758618,-11.102768037350947,-19.660198353603562,-15.986287794341646,-4.959342553800249,-15.11827887470583,-1.7318927896611975,-9.008229547643975,-15.86478180083782,-3.994200346440556,-15.453055079548792,2.1435508343870024,-16.997626939956614,-17.603760561599035
-6.947694134051111,-14.807409650320743,-1.013542464742219,-16.688832053211353,-21.537698512157398,-14.310307395855336,2.920112425844792,-10.97853631871871,-15.855433518025018,1.8450456216412745,-12.545036109564885,-11.815370240350134,-15.290782543054961,-13.238417596091404,-14.262524511476654,-10.449147309159688,-2.494973242331228,-12.838863199735428,1.5479195768265206,-15.72640927670923,-6.680277974592778,-13.715767608762206
-12.883299362088817,-13.983041281614412,-5.283836017812249,-11.688370932977616,-14.709783154476565,-0.37100467519653846,-13.848312235006615,-15.011231207410825,-19.4839699173352,-12.868027459076268,-16.083725689109173,1.9248149089876128,3.634411392738663,2.9996157453990855,-11.999157850440096,-18.397518984790235,-21.90286943906869,-11.859710383592986,-13.286982493436854,5.186054574100355,5.077146877127563,-11.142854930015773
-14.074982244777312,-1.1168224746029134,-13.019534829634116,-0.6747920394203825,-16.94273731829231,-13.387853224721212,-20.701559877232594,-10.575213871720983,-12.099819705813172,-15.045156196921571,-12.957534542616317,-17.253843730934523,-14.871678493436518,3.9098414482721298,-14.19334901577242,-15.418410810133057,-14.30333782530603,-16.55257211573427,-12.776447418816932,-25.721600877759755,1.9689956940142046,-9.872409947947565
-9.428476940766874,-18.642134292593624,-15.883621669223393,3.992857363519918,-11.285033608069575,-12.07566821412491,3.331788124792437,-17.060367543032218,-15.440229266171851,-12.165799995246413,-22.201159671222804,-4.5899115420423815,-27.251677313074723,-13.023311242161151,-12.537884956902234,-22.858268313543157,-15.133741148903674,-11.503258761540868,-14.346162719536572,-0.885607187597568,-23.983706485108982,-14.232296581983713
-14.060259442628501,-18.081255766510733,-1.175240539431358,-16.765962398315857,-15.606946905657209,-11.749378427459005,-15.858939300074258,-14.524706998286778,-16.530589389896697,-11.161171721398054,-2.623358214145832,-11.34863957946401,2.6504851043170348,-18.935522645526518,-15.105564615210763,-21.109154392603784,-14.139457822522871,-14.878564569086919,-17.142244286328996,1.2932272724145761,-1.3966816810213631,4.121027573354983
-14.454527964678674,-4.770304192651232,-9.994075751714796,-18.720728598502852,-1.2815793857207165,-14.817620148941854,4.682603323213258,-15.5842470777615,-2.294902399233212,-15.8935498580793,3.760151795480974,-17.10161381664815,-11.498027552711749,-6.294188078669386,-12.703198290409173,-21.625655181495357,-3.06556953159122,-14.108444133787296,-15.502605269060407,-12.009840227062838,-14.030533724334594,-4.260007723427102
2.157408678255635,2.5400086183256567,-15.523534470625595,-14.752965060365801,-4.43316907947461,-16.015693301014025,-14.378100633770593,-15.424541483223706,-16.60580651643434,-12.334929396277214,-19.943825295302837,-9.700855587279452,-18.711002332125737,-15.756684236762972,-23.045316605495834,-18.394358286265675,-17.8607590066602,-12.80650215301322,-9.852944137467883,-15.318966031662761,-2.5226286353343084,-11.690919865644926
-15.776306971102688,-17.58191777544184,-2.399471065311296,-12.889771963129492,-13.049282667880993,-13.204554067055083,-17.379047641286085,-4.389317186904343,-7.978474717345612,1.1417578591622046,-16.694055040006994,-11.748092867496103,1.4713559558955542,-12.356123600524747,-16.56045495075014,1.658247030171076,-16.04518378347715,-13.714694960991975,4.329924287982221,-15.837478890088116,-13.601424896460154,-10.562380228252719
-14.004270142741388,-15.76997625556643,-14.567643796143644,-12.081028904784846,-27.03323788159792,-16.57894309755785,-10.150567555127223,-19.393937986026422,-13.033378715747443,-0.627361880745592,-14.469997695827196,-1.1312314328138147,-14.265203680868355,-20.157934045143538,-12.883171457600753,3.371739858146852,-0.7104299436864896,-4.07622201615552,-10.194805575100077,-12.305418886690626,-4.299780489054622,-14.127431975611266
-17.220495290279615,-16.97031304722857,-16.271887748334528,-13.328607452672093,-14.445094960693583,-4.5515501851576365,-10.180913097168467,-30.447031963326282,-18.424696761629946,-5.081347470045637,-16.33873464958898,-16.532431785480423,-10.228114440822385,-13.381207453033008,2.30127397315173,-15.621710543029698,-8.318255488639078,-15.57261941233628,4.485588299852825,-9.511931935846647,-12.705875544356768,-11.557206598322045
-0.302898010996911,-3.480563216349474,-15.243326634651236,-14.1906917957913,4.381012426871302,0.8012095602041369,-15.686387722691215,4.342469167741049,-18.43170283185915,-9.472824643202978,-14.125597765064256,-11.490365033701293,-13.992986897360566,-12.046708208593046,-16.162706161847005,-16.00606635927036,-17.20182686456383,-16.03798624807396,-10.417864762971815,-13.4089298697946,2.080438066512471,-0.13974273047105243
