script/wind50m.json
{"header": {"parameterCategory": 2, "parameterNumber": 3, "lo1": 3.000054539987559, "la1": 64.9999836372058, "dx": 0.5, "dy": 0.25, "nx": 34, "ny": 52, "refTime": "2026-01-05T02:00:00.000Z"}, "data":
[rows 0 to 23 of 52, columns 0 to 33 of 34]
-4.88823599595081,-1.1468612967962724,-1.3594126205545642,-1.8720226878156745,-1.9071541402277337,-1.8351146151149604,-1.9123140246503847,-1.0351056311571174,0.8920209156558832,2.4606232864190214,3.823459000299768,5.297092708668209,5.898318780991388,6.114548115955761,5.4386542395161825,6.532045859126498,4.904198636150403,5.803961492178267,4.991026908581992,8.877128697099275,-0.5097224548092764,1.0437050409126711,-1.9448179714014173,-0.04228209476482621,-2.1622623225066975,4.3656276915050976,-2.5255540991452254,-2.8800997692871513,-1.0447961959771443,-2.1152244213158626,-2.747554158974489,-3.5580936728690027,-2.143167545341224,-2.7537538632386607
-2.0827384263223903,-2.424455108688238,-2.34724360745602,-2.2959999646644733,-1.6718333478725433,-1.117623869218937,-0.05103973858237355,0.5388343401302702,1.5010106300958206,3.003215354539407,4.2415466851631045,5.54334288275024,5.937034086857719,5.580640477405917,7.58465085261743,8.136200541229803,7.125687243235904,3.6180968484660276,5.241553592751713,3.6076022108766677,1.1054589104403005,0.4173759229827877,0.3885013781645522,-1.5496892580030959,0.35656821638240604,-0.5044370901595144,0.4969244463214866,-0.8197291545469909,-2.470951573207646,-2.7111010003575586,-2.126220671113575,-1.8433658923862135,-2.1807506075337946,-4.116073964091769
-3.3539786159484013,-3.5086552667976676,-2.8635843509243655,-2.368278356070809,-1.305470177764288,-0.351621662266008,0.5509857902463536,1.0661360339825878,1.1430932171910415,2.3006751893656987,4.01355559117498,5.912165982144035,6.933086872717328,6.581489550418377,6.859267594459833,5.259738190554876,5.807227380544177,4.203025584257066,-1.3937177427604215,2.9026114943412096,1.3592738700125193,1.0421974988574276,-1.9432055072099548,-3.509919998081871,-4.246884123095688,-1.2816370788574538,-0.9917281244473836,-2.5607297775660256,-3.28172364918711,-4.571675280489307,-2.759281232381762,-3.471236122475028,-2.4234575046947917,-3.89349226366804
-3.783312974150926,-3.7865077470382036,-2.2326139033180645,-1.1938241949577313,-0.5250400437050198,-0.41572648595294964,0.25025547869779985,0.9814249231009772,1.821585852770799,0.8651510856384811,2.292051146654075,5.389772681017425,8.503996678177307,7.3885763579902175,5.008961337090498,7.642040811459349,0.13003863765542273,6.054665305203436,3.818765285703316,0.9598246715536362,1.8923654547073308,0.153420791715036,-3.588502027382791,-0.3330772735542072,0.5335784082331431,-1.9222795669223331,-1.9358410409241953,-0.8225220013810858,-1.9942792794312703,-0.681048487613688,-3.15033449327721,-2.4287682370142223,-3.901362275510574,-4.376081871479578
-4.494263354382274,-3.6123186433421264,-1.4289028493365934,-0.5287852201904084,0.4145148330084549,0.7066743698834438,0.48889239808332235,1.2283124923764723,1.9985699903865688,3.2778111081963814,2.971541332206908,4.491912091433981,7.088298962673394,8.931681100200487,4.166426159096994,7.204234414689377,5.322501111742263,-2.127810301636014,-1.1332288394588168,1.86549063976523,0.7226065093035631,0.08411553184272727,-1.1247267136842973,-2.2361279836606736,-2.6082718619668954,-4.13610382036569,-4.956032032364581,-4.256914805429312,-3.405023649038709,-1.0461097400136254,-1.771064007581131,-6.389050849983368,-3.3826436107345863,-2.5223676621353173
-5.107596127948422,-2.936874991758707,-0.7670915489166097,0.2026739873793187,0.9042971642355403,0.911670325948238,1.1694316918465117,1.4104885618131113,1.1408786913250486,3.187236763167508,4.855425965943743,3.8541920136908363,5.001112628615266,6.8072135964898175,2.1932510871421127,1.271034476563681,-1.551366841532964,-0.17304720598173878,3.735936673591988,1.613711788807868,0.36043066790739153,-1.6349749000049874,0.545159679553619,-4.2437023877344,-1.1676962328395895,-0.23377845758556154,-1.4726218082560703,-3.8536773416559575,-0.4844653967392611,-4.412516577726911,-5.197570119484338,-0.8902387680117778,-2.5421329488428683,-1.9628871433611697
-4.585504984871439,-2.8254820191686107,-1.5769883284870136,1.42511763598401,1.1930921534702406,1.225275986689159,1.672652889178093,3.0747742969138083,2.5619717690379242,4.164507789097391,4.557423415199901,2.306476938686608,2.604818286673032,2.7557916953593744,2.6569395232148403,4.153426576572224,1.97880593855656,4.880178864432755,4.852360791216136,0.02039070990361825,-0.1916288266529949,-1.9276270430316353,-1.9939404068313051,-2.395957735118798,-0.5377684849092982,1.2088632398592636,-0.4395731304663886,-2.4054752572586775,-0.7904267026908707,-3.089861680167147,-2.113835950496768,-0.7079637712159906,-1.9947846389604353,-1.830624236562903
-4.780276754912876,-3.7186817989856853,-0.5591465707274367,6.526249186279409,3.5780630432474023,2.292985922428184,2.840961447839732,3.974342586843344,3.986643047548122,4.452513332184929,3.7232227750932787,3.7781473722770054,0.9170916484865436,-0.01919654910250234,2.587829606703268,2.1517570929052816,0.6074328163502446,3.6126760539570446,8.784360509315826,-0.08609454819435207,-1.3247119201158581,0.09724993978346978,-0.5040253097332209,0.40604208672220754,-1.1729855304592012,0.034070297532921005,-3.4430345234254056,-3.333910884639512,1.0398889751783096,-0.15664447535441148,-2.820542169152131,-1.6441156187361152,-0.9423819947241219,-1.0272799378026833
-4.878703760405516,-3.5898856867900375,5.857728025727924,5.858531868613305,3.5035315655594537,3.407006237659056,3.1370132771665022,4.289545632907461,5.16885122456099,4.162009251049989,4.030509658923186,-1.621330788083631,-0.21871864288119602,5.9013187136464165,12.195160589446035,0.8654688002133016,7.37785359486809,10.555780582793771,3.812905823365625,2.594672475116918,4.006599802472989,2.3565029443465697,-0.6606588751444706,-1.6297626138312462,-2.9638483392947883,-3.8375033938577356,-2.849778497543319,-0.040168261576962024,-0.1630705640550645,-0.3187930002645192,-2.2317174788102876,-0.2743812104893767,-1.8056615197636656,-1.9797985378123202
-4.9061453093223015,-3.379593484277241,6.860117311414109,6.679014182887145,4.102274433811167,4.300942221178251,4.280627856387552,4.462838512453489,3.2699003628127685,0.5655792541627052,1.1653389673237893,7.124514160663822,6.498970724938493,8.69716035465864,7.334599261865127,11.606611740392749,4.1293622591394765,5.073556307487606,0.9189877039454996,-0.8722454104284847,1.433604348856408,0.4104964109895804,-2.4457059748813026,1.3902083591187429,-0.09344703413159378,-3.4327387552331445,-0.4796544692571774,-4.540851010054666,-3.2233430445973514,-4.530020947757429,-2.0197929285744136,-2.037101474364581,-0.9991045299717762,-2.3275273530452183
-3.2657529791145565,0.01384168296021152,6.198538984542485,6.559894925830777,5.3247107223112975,4.518204007939773,1.4396744893702265,-0.48238349558338084,4.5101022476390975,2.9749465818350704,12.482413222804839,8.804142516104518,2.5264501515212063,1.3730509930720165,10.483253864164732,4.7703344788717414,2.1511411352553624,2.5973341168238715,1.0849235771724524,-0.9807036211427123,-1.0419309342352496,-0.8132813858065239,-1.1734207864219126,-1.7212183295607442,-3.5207274934798907,1.3844460942774806,-1.4367963553487102,-5.041724332644808,-2.7015347073545555,-2.5329865794714475,-4.239365157492158,-3.5868850927962606,-3.133481035933046,-3.491684839655967
1.943598016147216,8.689959583608118,8.527568374072798,8.064682147525266,6.434015144052902,2.3857127638272253,4.784524801925442,2.2822710871044447,1.2862858258858068,8.985225892897509,-0.4672063955553407,3.710628048160624,3.830053572713579,0.7924862627413629,5.123656459762764,5.093568967412814,5.328622520295848,5.480803794135347,2.233152954155433,0.02491992084061705,-0.8905219506113263,-1.0935818537727067,-0.8674768828689047,-0.47600971635198086,0.20183901591689257,-2.0208793402689684,-3.703758508952637,-3.5130721330263115,-1.015180621879383,-1.1840504871327078,-4.242729541213416,-3.9768508300957226,-4.086060537563236,-3.9475209175457424
5.180980605978554,8.71740679075155,8.362971369413247,9.670197565491153,4.846398941383902,4.007244490169721,2.748326067462616,-1.5579710165845175,5.325137301232126,-0.5386156983626025,-0.8322620861388706,6.704255230198333,5.592102557197093,7.794133255403309,4.453740849507222,8.501867518719578,3.342496642498813,0.05886759599894293,-0.0009635847964135574,-0.10854078469091848,-3.2623894379312586,-2.160088975552016,-4.0339585276473695,-2.4371941514603916,-1.13652994195299,-2.7197003428942486,-0.07498961966571902,-5.187446643466801,-1.1968402552342994,-3.9619758301641532,-4.625399217997244,-4.659395955719605,-4.4260332055136375,-4.0723695217752285
2.5318447687448087,7.666078148745814,7.2906210960027895,7.615386309222232,4.9270973549335535,7.184491830378723,5.012436340225423,-0.9396562080610599,9.659062458601909,8.244661771145335,5.590888819973074,3.4087763942584384,2.35087672107264,0.7340751589778278,2.4819759910332224,3.053094504803353,1.9632454339820293,-0.13709954544218034,0.6764300032106911,-1.1201186395977512,-2.578922029119176,-1.5897647810564142,-2.9907308548263383,-3.3090264009744197,-2.045582538819701,-3.703690178339639,-0.5655639535172481,1.143684301888121,-1.6674789779840897,-3.8264630379517044,-4.300487213855537,-4.5457821123512305,-3.9878065105076153,-3.96506574501552
4.80610366499633,7.494548951499036,6.032845812857912,5.242954001764397,2.1268870747926143,1.617311490472095,-0.42435641068218277,9.69262451325337,0.015098140963235392,-1.949298811929891,-1.4446154961647686,-0.33281916598616434,1.9247823716201673,3.770601594946224,1.6840792085462062,3.9755218006006117,-1.5608892948124518,0.4784192845029185,-1.9332277074405615,-2.1144527260723724,-3.6782810904039804,-2.833183333149565,-3.847188860887028,-2.5529544360138834,-3.674264693499491,-3.9502163166342057,-2.0896857242388016,-2.3896950423305445,-3.3074814465144953,-4.8910217596399175,-4.549724872019271,-3.7114354671460186,-4.210208475594149,-3.4687752416709436
4.5862601915232615,6.515410084096404,6.369078139728567,4.501499460363544,1.37268787663861,0.3943445661483042,0.4762873865029377,1.345190808847093,-1.4953034711035857,-5.402983172611438,1.3875653904361973,2.0272719476165926,-0.46750970064781344,0.2956694625944357,-0.4845977314190107,1.0293565659632131,-0.8599537349295296,-1.1799298848474564,-1.1448264310493386,-1.5469774771883378,-1.5424149401429734,-3.936314358301652,-1.575998729721629,-4.169233007479206,-3.6752688739266954,-3.874410746393913,-2.3511409679956645,-1.2396389245249713,-2.620022928735441,-6.976931847365893,-7.002813671285164,-5.1882312042027605,-3.8978859265323287,-4.364349185624929
4.579657719830226,6.1451569773516495,6.185377446194025,5.550768836950509,2.0180965535562905,5.924244627429328,4.186743636191231,5.278799038552167,1.8586283892950657,6.784677639088,6.390311094563638,0.21138365009473867,-1.2285573063227493,-1.5325472273076772,-1.8006528022715593,-0.014899761027810895,-2.35686111430825,-2.0372766287451722,-3.132436337952418,-2.5711765458849665,-0.9010434385059176,-3.283135338112083,-2.8442073736008364,-2.391322377628278,-4.226134787537691,-2.079892727472004,-4.594427061826749,-4.188867705128461,-5.405965017269181,-9.039091398988838,-5.812414381080888,-4.3218762909150765,-4.796729581286244,-5.139538009576947
3.009559382198692,4.471161739591183,6.149803118854723,4.706096818789424,2.5780002312788706,0.8408860211277707,4.3774095561981525,-0.7832449017608077,6.983749073248283,5.228612358224173,1.4712378801102963,-2.6344733713374078,-2.8568811507420953,-1.1856269341393342,-0.8221890901344624,-0.5860343746140414,-0.6653315239733374,-1.8893143702275677,-2.5400203350575667,-2.2267991853427658,-2.207737998952439,-1.1422705212911437,-2.974510406235274,-3.8164179389694923,-3.039782208775139,-4.385089208256914,-1.4626163653279176,-3.9500450085192504,-4.148972544859941,-7.791384996894063,-4.0778777295841175,-4.991256530649802,-5.436930424814639,-5.362492295551094
3.1610554103408686,5.193170298273025,5.599259850206121,4.870469132121604,0.14702340645031298,1.9887002400880123,1.6578163488268562,1.8794923110964006,1.3354088462437657,-1.3595794982517513,-1.819498201511746,-1.3827696337141513,-0.7946287183474713,-0.8308287521330886,-1.1958293128275679,-3.196808923915536,-1.722689715549162,-2.197922228937789,-4.185039072886417,-2.5325748828622876,-3.1844330102343115,-3.2910444986930147,-2.6417611542379826,-1.6530349259489665,-2.95792164245858,-3.4786813016002336,-4.445041735380447,-3.1035913511215125,-4.534581330955245,-3.3099652910615234,-4.719683948903019,-5.092897846690788,-5.60109965784249,-5.620617928069053
3.205985295543687,6.316149139246952,6.7821985543235686,6.090645339281666,2.7962368119226952,0.43756073111314236,-3.2307765738991687,3.350210016691856,6.96655287683941,0.6765738742005003,-0.12091481476583071,0.1070395679084137,-0.9713688459480397,-1.6215890386908762,-3.286432356786625,-0.6226273753393343,-3.288151268783261,-3.0582193389534718,-5.01386092574357,-1.82676734736204,-4.911110203095149,-2.9527861953789842,-4.822677586192415,-3.1963452165309487,-3.499128600552581,-3.972980663575362,-4.261635255569664,-4.566086456411323,-4.475130539203567,-3.8696099746141117,-3.2166654022129726,-3.7519702473812706,-5.781323543310378,-2.409845026817229
3.0103640395196107,8.752062616168663,6.770717161724743,5.629936141817178,5.099555399587601,1.8337441808982105,0.2954021737316626,-0.054069800306775086,4.897814135172703,1.3983428269483404,-0.7764189345033584,-0.99366031379716,-1.6700432553318523,-2.5297442907726855,-2.5816721489634045,-2.5531088535749444,-4.398566664448544,-2.125675709465402,-3.585060367621793,-2.493694549831025,-3.820056885948709,-3.9992875858178145,-3.7648251258818717,-3.3145740873129457,-4.160791646140616,-4.440028351248009,-4.09761249253296,-4.413926780545624,-4.234286033720982,-4.535851132690603,-4.744603878599696,-2.594935177436622,-4.966712999345471,-6.202748142970322
3.1694505209586574,7.739839465736125,5.366343579818695,5.368225948447373,5.00414785490007,2.5923796081685184,-2.5583108373700414,-1.6681206277878886,-0.7382211600662365,-0.5051060330267506,-3.082334636999345,-0.2611528150196921,-1.6122320432269963,-3.0849385486977465,-0.17120702828287987,-4.564771940086867,-3.1377078493824393,-2.5726900148383325,-2.803807217357055,-3.7147150176398864,-4.861043850614164,-4.184463877744472,-4.531263676615255,-3.7819581692060567,-4.44457790632457,-4.750447953924846,-4.522626160584069,-5.161350825707608,-4.35720550462105,-5.4737111742919105,-4.481465653653303,-4.357147334999576,-5.0580948979922855,-6.608250240015441
-3.6122324861786224,4.237312258840872,3.718389056586662,4.6486687304093515,4.687273441075594,1.8935488154014295,2.325172543826522,-3.052408196753998,-0.2511382456800891,-0.12244781622131845,-0.3554699123731414,-0.7626582529388933,-5.243167324998474,-3.2597419035603368,-3.8902345136934358,-4.707427983611044,-2.9174630863875515,-2.4584748001201935,-2.8403226226471916,-3.638565110855978,-3.733706478686134,-3.6888913939340653,-3.982211179513373,-4.362238018722539,-3.308279892348615,-4.175843850629302,-5.721087876647746,-6.423837840588624,-4.865016732418028,-4.34550826559376,-4.111436390343272,-4.872493593060084,-6.755579797402885,-6.399896612671265
1.3423069915419878,-2.01148246363086,1.6708287055395301,3.182569966126275,2.0776491238795356,0.812329945701407,-1.146418163260433,2.9485135956030795,-0.26878677335270273,-0.5499396478321052,-1.825427877050419,-0.8053220596118889,-2.947476760772395,-2.2418603123814442,-3.5300007179246142,-3.6810412127951135,-2.768555606199796,-2.621568069851884,-2.470236532380517,-3.008258838447372,-3.89526914666551,-4.573397277384016,-4.028246943582212,-3.41785770292024,-6.351701922237105,-3.829935945483077,-4.064620512102825,-4.561618342996962,-5.070295382429942,-5.049774066279582,-5.441189822746855,-4.748667165012351,-6.924355989801543,-6.286948698409793
