script/wind450m.json
{"header": {"parameterCategory": 2, "parameterNumber": 3, "lo1": 3.000054539987559, "la1": 64.9999836372058, "dx": 0.5, "dy": 0.25, "nx": 34, "ny": 52, "refTime": "2026-01-25T14:00:00.000Z"}, "data":
[rows 25 to 49 of 52, columns 0 to 33 of 34]
3.271461318166146,2.8795379182600684,2.768539535847712,2.8454035683174723,2.453252066739724,2.8423330206070707,3.271582615382823,4.24584972316298,3.757567991967189,-2.957737150028772,-2.9479355840371717,-5.647909414078177,-6.937765611641542,-6.718444641141403,-3.8437299943185446,-2.6542736015303166,-1.5743084310611617,-0.7013858536261531,-0.97178177023683,-1.2672900722952019,-0.47180563416682164,0.3266946529588284,0.8181469609072011,0.8179407351786672,0.666367602091149,0.4223504836485245,-0.14241890087893275,-0.0514753125087535,0.8350812386275882,0.3585940310004026,2.761949664562516,2.587621175143769,4.000706593085405,5.105717547168295
3.761906971089713,3.0722642896125323,2.9027645671730093,2.9066780279707563,3.2198089069801807,3.1755644428759964,0.08242575925945933,0.7061528960248429,-1.9012274096866957,-4.816865387912371,-5.170698955027947,-7.047905650845613,-8.750117593167445,-4.4221736533467775,-3.105619041397876,-2.211239639054971,-1.3255845448172436,-0.7574801660355428,0.5052079082352474,0.26263903128211863,0.27546331991849077,0.7698867162993199,1.0725800343172807,0.3079599112799194,0.07969953937883664,1.1410101838196907,0.07313112570048795,2.419910216095693,1.1885305052065593,1.916324949111662,1.6357164968323574,2.9167639960477962,3.7827587498994695,4.707795223391638
3.995854434498664,3.335020542595224,3.0014336783323836,3.07473571287799,3.186694387990642,2.104675433650547,-0.1440567252837268,-2.0067042037007803,-3.1751667467160694,-5.934034302470769,-7.717289673931962,-9.526541718659015,-4.332358489404355,-2.4727101505762077,-1.9841219239979402,-1.0037784588883116,0.5930907829452714,0.44667955927880754,-0.23656517002199234,-0.7429306256886562,0.8776548742510731,1.3819799656113343,0.8500732461722157,2.2050010021116893,1.2463994646065761,0.04374095141969124,0.38207054779141997,-0.6535710975726362,0.6579738119345816,1.2936697110865416,1.722866619948541,2.2321487588862152,3.007336663463655,4.385223846043184
3.9741827336703266,3.323352902651308,2.8171097782708374,2.442401892193126,1.949536599055164,0.9806388754122025,-0.19690967461239103,-2.121045184486595,-4.74599274275403,-7.44485587658253,-7.8296383320766,-2.4309278540878236,-1.7033315801554707,-1.2049368094596082,-0.3939773584521421,-0.2630055595158723,0.26874992047205065,0.3915018012054564,1.4960295763390754,0.6983897443168571,0.8534357655463819,1.1222964403381461,1.2736837198933708,2.98326828820631,2.4165358562673798,1.0693593219979456,0.9291130892154474,-0.4311865444891972,-0.7447014247271629,0.41793723927396853,0.9339679262369158,1.572479312133001,2.5102772111925202,3.6510852357325554
2.8659203407361886,2.26034280843896,1.911022869248235,1.1060143501350759,0.2783037696344102,-0.40408878482502913,-1.954061743967136,-3.1988061242788675,-4.692642564907709,-5.832233205338866,-1.3299383101377118,-0.8882014179699639,-0.9086622672448763,-0.520578454860577,-0.12521878649600832,0.5663958856882699,0.9249704122719387,1.8868930139753533,1.8965188209337525,1.5379019186864475,2.6930379435416647,2.4927933997274287,0.8280078425956172,1.6831421537028604,0.7470856216204376,0.7730710886724185,0.9211581619529258,0.6554653262084028,0.29321365196823995,0.15862131347171557,0.5384007266552956,2.124388953739701,2.02712930383618,3.480852930979061
2.8148521750152664,2.403360938134731,2.2465164539349085,1.6211338939895925,1.0068458358139,0.21518958010563105,-0.22278305122491285,-0.3259279065086982,-0.36430114701624167,-0.7766035565733733,-0.5688127388779741,-0.2778525784454332,-0.1436729553923811,1.302945610366732,0.15825567065308432,1.3446336445204417,1.4397937732575694,3.701241891715592,3.931994658294198,1.115834505708176,2.496047896618486,1.8032084550025282,1.0930943314421673,1.9138228457307631,1.3531963904524698,0.7696788402560352,-0.14424809316335543,0.8018316858657069,0.6886002198353509,0.6309780113530999,1.0820790139998426,1.082691521803217,2.02312820951455,3.407851351597752
2.974691996344086,2.4530207882514055,1.7710109692524247,1.6420850209710822,1.2387056806030718,0.7454862597122089,0.3286796820400406,-0.11434082124851884,-0.34686624783586884,-0.5476220190812009,-0.23487210798732175,-0.43890381997911815,-0.4274638051910822,0.6579436749549783,2.2577736190587916,2.2332844826773153,2.2665264056349597,2.54945575412931,1.2057924247893552,0.23339848167440452,2.74166948464814,0.8023001446898296,0.988309768052197,1.2442038936613025,0.5147169943992345,0.40112134019118134,0.5217931744755953,2.4887472424096346,0.6200197934766942,0.6581430686002078,0.6313848712554225,0.39996634219214544,1.550361829501791,2.5423478324374575
2.801827014910723,2.2664644210726266,2.036962115940294,2.4886512641243947,2.220081548548315,1.7603413231560554,1.190023517604505,0.48329381997619236,-0.3887345089204517,-0.5798133685866202,-0.39137362626009864,1.3583344248369822,0.7728238987482412,1.116538310949949,2.4391047549207374,3.5893990443644714,4.314053364988509,2.545042275815862,1.8641056491505261,1.7554450902330663,1.5604647432041208,1.125438189068397,0.7250145843210621,1.016451061447611,0.5118607920262606,0.7570268852625671,0.6523560981780002,1.1378261262640355,0.788938274935213,-0.55134628127876,0.2830806845987,0.9781675238131324,2.0122699584420096,2.8936876789535995
3.2532066571788265,2.396027568161746,2.32469573676821,2.381288971483543,2.2101086698225267,1.7324111829458326,1.554681383994355,1.8924820940612104,1.3401925748101855,0.5258607595322554,0.48350026651375716,0.5061429185699424,1.269369371255164,1.480671599761575,1.7877947137276902,3.1870389175303946,3.8326465491908848,3.647189630041133,3.1782745504588754,2.6143409665802895,1.8412281516465565,2.502488613715831,1.8487058771244138,1.044764029414744,0.7296340106846887,0.65935522799792,0.8277622887059441,0.6256060891409234,0.9842968592079803,1.1395506326343843,1.8191059565561245,2.4579457868708645,2.9824875372551647,3.4177022527336973
3.2342532990627544,3.0458619901530093,2.865665067016978,2.274304271824339,2.0374046901849847,1.9637943530518334,1.7777231007913725,2.658689457240095,1.9076746120151824,2.2714772218557044,2.007322271115694,2.099777798492861,2.1914376123827077,1.936468068477343,3.3106441007733873,4.83939772924002,4.84861936072848,5.414860721174729,3.97672389740576,4.053360083285491,3.64348449114693,2.203604746311739,2.112077021598723,1.0437222244601412,0.12038066892381367,-0.6278819963923692,-0.41877707214000204,0.43195145771251336,1.2860787640361793,1.9542748159000176,2.6567950201068595,3.539701415282612,3.7194674675429327,3.5629593767792693
3.5276469124981964,2.3716223188279253,2.2475164473846214,2.8762993800706944,2.3800896942359238,2.322364173871618,1.7478874547519974,2.2560687457462634,1.3161816693365997,1.1938313624699646,1.294035412330268,1.905529985320425,1.8583355065605431,3.3673430631512806,3.1859313857601927,4.985587059167205,2.9117109960517524,5.450173118981485,6.024323299597746,6.6029714596156355,3.514353709086878,2.445812858942496,1.0795526870489263,0.9204968513467443,-0.5207600938520415,-1.23481708790745,-1.112347492108839,-0.04199071282320302,1.058266898820476,2.323323514076241,3.4436058384760875,3.7809152989406387,4.198013028669693,4.7707646880227434
2.353338978174657,2.071366838187604,1.9450359249337588,2.3458166631366772,2.2680281055803233,1.7971879319904955,2.3867671480108243,2.312853420097581,1.3769966858822942,0.8632425998312602,2.329772960886454,2.047354565261036,1.818543597232447,3.654480591653222,1.9284331126427903,4.153231197221266,4.795889156123707,4.575423040343644,4.32735323426091,3.6827507644761344,3.2940177749178927,2.317709984505647,2.1213613736493,0.5225195741599475,0.060177053009754775,-0.27286526365481234,-0.701785865147767,0.04822477691471433,0.8203526498477277,2.2793269343175986,3.4306858673204954,4.2569589974504005,4.001047291924276,5.354030370162133
2.460355253843779,1.8318805248755874,1.6306839265076247,2.187015410225079,2.192535994825108,2.0433890810865294,1.9492834301487958,2.3742123016128787,1.6651131634094598,1.9399061426203332,1.655764197425809,2.2097568509882,2.877473608970803,2.231701793722486,2.9522572634275774,4.148100318267634,4.591706023279599,4.033138838792388,3.5737427826236674,2.5631942087826145,2.36922464982301,2.405357582107044,1.7833683875090096,1.356596005938452,1.2328900633557835,0.5409429148725389,0.4246569913628714,0.7172077454128624,1.3076467985311153,1.797590941675042,2.8035653231966404,4.313044828355851,5.31701750869823,4.941554343352986
2.5064238468437963,2.3270372486466564,2.1779025852483525,1.9804000066390384,1.9823941426488896,1.9569393418366643,1.778109471580959,2.3896369562956923,2.280992279639378,2.0296200287619377,2.1710688577194377,2.236719974508742,2.2182209582554706,1.556663320742479,2.5690267881119553,3.914212887533095,3.543457745283383,3.49177501884671,3.737374058204557,3.202944423248792,2.5462123338938247,1.9931749538900025,1.5927377929343773,2.3408503324978573,1.5725548419779432,1.6374456713977634,1.438001629957586,1.5676756313247617,2.246106526719898,2.542786089953372,2.5419980153143817,3.5225610952896185,5.510486385043272,5.07054365744098
2.196525067407136,1.7647228877060621,1.5223840942160243,2.5162867006670355,2.156417838973637,1.7837990228825018,1.6649852462860537,2.5176639570745176,2.2989582810867306,3.0112853267972732,2.419420678282386,2.410637795966575,1.85796902006102,2.2752488133512028,2.228863686363837,3.5175211857882487,3.278908245504947,2.1496595877697304,2.666171359035329,2.9925575592023033,2.6212229083906817,1.6191578520726653,1.5786578495837331,1.8585698865465188,2.4065353553659783,1.6685185840694619,1.9662440725046755,1.87245632982224,2.2848406370354124,3.376342740061714,3.5491051666163473,3.865006212517442,4.407817669640123,5.49914924479091
1.8057832987290838,1.115238547619116,0.8922063281086723,1.2200843495325957,1.1982534020420248,1.7087193558859681,1.8486787331684742,2.0346417884810775,2.0819899236726362,2.225771208241331,3.914305038833594,2.2668014944562316,2.033742383598788,2.728888685269082,3.817681594916048,3.116665542356272,3.0904418981203547,2.722241497376781,1.6722405155770297,1.8041591996850115,1.800106367053022,1.969436320937714,2.1874047042670766,2.0696779804503804,1.290548535686827,2.1038377547999962,2.048868797524592,2.277338887578314,2.337814998584046,2.169460786803877,3.9593276999099594,4.381739487888828,4.704840798729107,5.8595837099305585
1.8355486090400572,0.814160096660218,0.7050144211665075,0.7267222962873737,1.3856403129417276,1.6949043039785718,1.7334448217868554,1.5408128251713884,2.6112985427593696,4.044402969761693,4.062167603828095,1.8928340204333176,1.7947980856362458,2.464575233405771,3.08512313674367,2.4154985710642536,2.2384701408679923,1.5771365677340894,0.91694195286275,1.259234435201871,0.7092399549147681,1.0196524735321382,1.8927329773204227,2.5745044761217013,2.40403849075298,2.870208108092317,4.392308484492581,5.066677579023523,5.341254327472945,5.14406004285908,4.062545685702001,4.1887736801789455,4.987577287353031,5.47652434393125
1.5191478871053807,1.1300275079058124,0.8699062211543229,1.484644888888799,1.1443608326531407,1.328289655278306,1.2937447201606807,1.3069953327807533,2.1926358920236084,3.1336222814315913,5.481299784483736,5.489186911389524,2.065167077121085,1.302906548378306,2.1152771220844326,3.733361567136617,2.437903013473242,2.8647453275470456,0.9890742453610237,0.4412092791397174,0.9782506971713187,1.0533867925253382,0.4060384274071038,2.8131588132077496,3.1215765477322046,4.764271153592498,5.6919931667927735,6.6903228177615315,7.06069860324327,6.919413884635215,6.092812683088507,4.326165012761571,4.237092314060722,6.475955807832276
0.999644992319007,0.6792341163184727,0.9968175777233504,1.8091844794336125,1.424243486949202,1.635502654533014,2.1376750417432606,2.0250533395374846,2.2841314821676373,2.118787784637639,2.2139572804138234,4.415365448984444,4.5787996621103355,2.4183238426532903,3.0151507615135245,4.957031305796568,2.9156284385603253,1.486626256574815,2.3050532811465008,1.7367843317714189,0.8219518539339022,1.7794876992262465,2.9435963406999313,4.977608532099732,5.3115254561780985,5.699489646325394,5.907567202181941,5.111347253822195,7.272399346637458,6.509699055725922,6.299059583490569,5.328388739855799,6.385888729161756,6.150209828409564
0.6831519489661058,0.1259264524475482,0.44530434453451406,1.1324738860026544,1.4982718060800497,1.7537835034916183,2.3789018050814845,2.3799253162948597,1.805396027579294,1.8648286430457925,2.0353389761832377,2.3456603921416614,3.9284130263897605,3.222357915591395,4.739704247758832,4.944493172578283,3.4222928912250086,2.086268877073065,1.5693048554040907,1.3719552316891424,1.6472238746141716,4.797292405922906,4.651500201860063,5.509800346631709,4.455541096885181,4.938430832647471,3.250024019758763,6.209277507067438,7.143151113127793,7.3510562827512045,6.240798398822845,4.740953229085217,5.378972957939828,8.180626457639784
0.10557910810286583,-0.4972501054466396,0.03972734630416267,0.7994231062524018,1.172960948086765,1.5181982190693197,2.064482392567568,2.4656780438769936,2.4599596214545567,2.5770073775506934,2.724842524678835,3.2411933474773114,2.928278741108888,3.8125002587498686,4.101830119484503,4.213085768156162,4.552897652803228,2.958056270787241,2.120983565277922,1.9250927878355055,1.817808429966694,1.8506724226794171,2.549159698383956,1.5078509424136155,1.5427996374318846,4.020382164934072,6.859152786093788,6.492596900285012,6.1125585421043755,5.63054402031908,5.64557991331914,5.262288255013721,6.181025575675425,7.699822418791658
0.10694984023595056,-0.6195270191579838,0.3904053860669195,1.3252679042255395,0.7922823906318046,1.1282536775994711,2.3007361633975085,3.0488051740846496,3.7131501822213115,3.18949977326885,2.444598492810363,2.5794096131458257,2.129801155502963,1.9289339511756758,4.439424317709076,3.17983112644559,3.6993191061731974,3.2440717627233218,3.2685254548228744,1.8700755262671631,1.2375255205173499,2.6965226798312387,1.3963569480958047,3.3265218168756054,1.7853025357099144,7.197290228275297,7.662962417940239,5.6559141073577575,4.874264288473718,5.119103896459185,4.8710517851553465,4.49101934631989,6.106756665769743,7.22550733028357
0.784974726793759,0.7363885443225071,0.45694242866270657,0.6810067180265587,1.2823080653753316,1.0904611441324494,1.6857567485438827,2.6418445467502134,3.2682783598109113,2.796088314210169,2.4922640869836687,2.5499770387198337,1.8112309124532557,1.3754297915874034,3.2753948289657555,0.5967812720622471,0.49742965541415607,1.6572763790430227,4.34582638927665,3.3644335468926787,2.9729769546789084,3.135099788683796,2.671220603445108,3.450321281764025,3.223243648211419,3.8510024960582845,3.6202094920918384,4.791752437005317,4.44167664532698,4.703078897836281,3.9010424343745935,6.135059413327586,7.100253449647748,7.8055078214164615
1.2600000489676724,1.1368418133843725,2.149743447531258,2.8095492061170373,2.2215205773036417,0.7398954166827658,1.2008879378202058,2.3913599853577345,2.953216530592402,2.9739039722703713,2.508203411703246,2.1887712993973993,2.421171028657597,1.9848790422871718,2.0544681586343043,1.2491614934500697,0.017486848617671517,0.7542513285012991,2.524124530447259,2.001381016261703,2.6989086559669953,2.451651312890744,2.414463942170566,3.0705145059118393,3.711207399988146,3.991526063738302,2.316509488284152,2.0550656231244697,2.8715866274438633,4.826834255140965,4.950408611355165,3.906017147514781,7.803362085093595,9.657226551550105
1.7271995169252208,0.7140991034899086,1.658318002404518,3.650958379490451,3.129220241845011,2.950800967407872,3.30912941340228,2.7323734717017216,2.863044183720409,2.4312945399800725,2.4935865283392222,2.6132102486847604,2.291848112323898,1.5539921357253366,1.4399617937482565,0.5872691862429268,-0.35112957437700815,0.3307713148773385,2.2950543899417255,0.46614396039111283,1.7746987694897658,3.751276148890734,1.6224423143524331,2.0564637504721395,4.631675890143378,1.5716414105189809,3.596997689082641,5.097935893361403,5.3680702485287854,6.246268159509509,5.665838000922023,5.519453797525079,6.7776556467628755,7.442964686017449
