script/wind100m.json
{"header": {"parameterCategory": 2, "parameterNumber": 2, "lo1": 6.000198445256149, "la1": 58.999992894266676, "dx": 0.5, "dy": 0.25, "nx": 22, "ny": 24, "refTime": "2024-01-28T18:00:00.000Z"}, "data":
[rows 0 to 23 of 24, columns 0 to 21 of 22]
1.9804526043658146,2.409175183610296,-0.22251579443859318,-1.5611642739105518,-1.3443252441676905,-0.8275569857677246,0.5505422523759457,5.602450166824102,-2.7429627491892505,-0.0668177259557538,1.0400983222102178,3.8484598969214137,5.8337260234642345,4.689202075351161,3.95305757303946,4.5659273287997895,3.44050661002409,8.123807726199628,-1.7487752158618382,1.0903498024532545,-1.285307673651488,-1.3559360243108534
-4.230002759825139,-0.1830602987455111,5.188094827485916,-1.7009154064381193,-3.2544899945057093,-1.9544010574741282,-1.8704922000765523,-2.1559040680711483,-0.13739239271954182,1.974553205197494,-4.033786000008954,0.9606068111237764,8.736234916088616,-1.9050358840277621,5.127883595816825,-1.4309294990116075,-2.279955617633558,0.7432766736236004,2.4164202596650988,5.463928794547303,3.0657561973859964,-0.28196401886062655
3.512106832053244,4.505465394321558,0.19344472742536384,-1.5422009896476634,-4.157174081283137,-4.932800839876428,-2.038065565305735,4.946491857784968,0.2797610207745513,-2.7499635169747347,-1.9299169913608054,4.8646955014185504,0.15543923122051528,0.09605240467850654,3.234207415193734,1.2518721731293843,-1.7348852906378205,4.057174849922238,6.205938672783816,8.92935599752089,-0.6601262501033948,3.0865019396965683
4.086668209327179,4.664628961947423,0.8624782268435716,0.220059814168531,2.367517815367179,2.8193512545751034,0.14721922137142818,3.2314855302738135,1.2297431282595184,2.9848179920042055,2.6636447089965993,-3.1724501479593363,-0.5355901775298549,0.5597547051937564,-1.505119224087659,2.329473021592449,-2.6875905250719128,2.2735032227370926,-0.0762491855613706,-0.839506672496145,-3.396608634398753,-0.0316575032033572
-0.11079018792739725,-2.462579420081748,3.103517645792942,2.8280221237960776,2.4622777009577117,0.624784144397497,3.5195815922048657,-0.4685655195937355,-4.074677162949622,0.7885965441813736,-2.106206621530673,9.003278783208154,-0.04599473601581635,-3.0852651377462426,4.667821602720238,1.173589625322883,-2.720657951303319,1.1772510528246984,-0.9907286427704981,2.5974198332075193,0.25636929670586295,-2.572532818643647
-0.013938906846757367,-1.9294408687107016,-0.6337883078125934,3.249421098737421,0.36957175154200345,-2.6351532480899515,-0.7180519336445165,5.773277245117454,3.678506602668833,1.102373081749044,0.5622813953984119,4.544625925223005,0.8756943964648438,-3.8372527148478133,2.451196814328179,-0.6209337805107533,8.6939168422356,5.42012856641889,-8.16360663296799,1.0180907564660915,-2.399565593665807,0.3650738367375885
4.081067153396009,-1.1520863595134427,-0.850937571803706,2.4136877097343716,-1.1372061091140626,3.812306030137499,2.247486833515787,-3.4632964113097895,-1.9033495574279835,1.3040462745155157,-2.7097375777587027,-2.764797662279859,-2.3948248487310133,-0.19442937697027968,-0.22589808672795597,-0.5583182983330002,4.37618923038026,-1.5995893943096289,2.3537457950809015,1.7510213722516326,1.8944533531889816,-1.4693710260810138
3.9244055540427247,0.517106962654737,-1.1863508690166489,1.2519953107586315,-2.9133557017723417,6.175718764170688,-0.6019738126229002,1.1917339727666059,-0.07697227321501719,1.9199298209012023,-1.5591476347950493,-0.023758856633520772,-2.9362846264209352,5.173113432613115,2.9867931820722067,0.3938837035575404,1.1275688729243805,-3.6267185510795157,-0.9343661844515153,4.441183438119885,-0.8551442271327023,-0.7799115057498573
4.2983811513007195,5.273318647704933,8.918232414839034,-0.4642246290098712,1.8105283874604,-1.7833209840436812,-0.06038450093584372,4.71276737387389,-3.7198313255355755,-0.5046846635601758,3.027681949820027,5.943457931613792,1.4696699188592575,-0.06898664530853486,4.664463395600802,1.8771064530208466,-0.13036771293948604,-2.833897123966252,2.7409230075254127,0.499520213213002,-2.225701741545498,-2.3444046904105
3.53665939143202,0.019045221502978854,-0.41766654362878153,-0.880737987557925,2.3497735686733097,3.5347029736585562,3.6123418078579332,-0.9611040743024234,4.501903015836538,-1.509985386173472,-1.8165440022530035,2.442919007489286,1.959511720760216,0.7554458148022207,1.331818696608686,1.7488972056571994,1.9503030825531664,5.024955399259225,-2.1829384664756946,4.029196410073769,0.31044178690969254,-5.360458184148972
-7.630168631309434,0.7463756019004997,-1.6766188560991546,5.6533010015156835,5.319445575007702,4.120066051438301,-0.7214415057503537,4.541543571945371,-1.8635500175033823,3.3336790333270123,2.7314593313853024,-1.7619025914514652,1.8100687008139247,2.7389983036934082,5.804922300727816,0.5674484315805107,0.262755994797264,0.3888539439590911,-0.057147784682974545,0.8102520290033912,3.931242817579505,-0.012362819173113519
3.1149927189175113,-1.1494669816467964,-0.5072997362795405,-1.9406363138807023,-0.46048717652234533,0.3268427111022664,-3.7524789071328817,-2.681685245369358,3.652537791337267,9.020380067595044,3.0306309093770722,5.662416455285803,-3.486152264031224,-3.2820717108901665,1.9642974299707976,-0.5540430934635586,-0.9679192915680449,1.8128416175696749,0.2795010923855948,-0.8254873811337855,4.835968093103679,-3.1686617739194443
6.455971746570335,0.05352185363264699,-2.749835261277624,-1.4024246105415332,-3.092097305952773,7.707136583158567,6.3467016830877645,-2.3953547394815558,6.2720335282107476,7.893394337716462,-2.0042747468157556,2.4290661557286843,-0.03936115107201898,-3.356058257178137,0.9660579621915643,-1.8349760220672233,4.598496369324096,2.4243050044028562,-0.4193306349221585,-0.12250326187198446,-0.0398759281316667,3.3090532336683305
3.942205827172523,9.395177610122273,3.972771854326753,-1.930204683898055,-1.7559389809772448,-3.6598152714146157,-1.3726445785330137,-1.1089052251685863,0.08006165606380662,1.988690145594681,-0.20600151719575047,-2.3142898103781837,0.821187404542026,-1.2974840303061779,-2.4216551389380907,0.8470937237663964,7.6962393179637525,1.3070272924731927,-3.827015844934604,-0.44464082085518153,-2.047175074830407,-2.635795061306904
7.637604807138789,2.215692622765913,-1.9987326732642419,0.3962771582980661,4.535085583374548,3.6399956204174817,-2.1214643889009026,-1.9978698559068726,-0.8748451709397442,1.0165776835441,3.2164027504730712,5.382984687485943,0.43722277329176235,-1.8334283162929745,-1.9811600840608337,0.6307562900848297,-0.2725358048708877,-2.001474688240583,6.911925351145545,4.862747945125911,5.143333668419659,-1.0865552183664626
4.9719506951826,-0.45594642397308105,-1.2200919118783884,0.7135804091259356,2.0951837845341297,-0.47167492997781046,5.528134238757673,5.799774200730025,3.968877604881689,-4.127527910434236,0.6316596721510563,0.7494301797031533,-1.9717444276931646,6.996624612335872,0.14633695954538162,-0.5271036343918434,-3.224824595213218,-1.0646312297960387,0.20905651724332883,1.13872310556361,-0.8156934623366863,-1.897331249424588
3.439231940628098,-2.2072034250983847,-2.2138313648218144,5.1611659576851165,-0.5782014051008911,-0.7893427003512876,-0.5882965838716371,-0.5603878738086667,-1.6279723153133747,1.6354357744334909,4.237327857144144,2.7747818505050077,-2.716374691746012,-0.2747019196689171,-1.9676732390763074,0.5086300132203558,-7.219673693148502,1.1032753928368582,-3.100361714287968,-1.5576705165319442,4.973805767713071,-2.5018016589085885
-0.9111599580180001,-0.5150474221020651,-1.4538050322256422,0.08819191708594332,-2.1920003797568466,6.929951039425187,-3.5533136878286515,2.6437725707763517,5.056239284637601,4.724031414527472,-3.6559237844344734,-3.490516071914958,-0.44560470569222366,-1.1825369932018328,2.5953603683988757,-0.47388873524152064,-2.837889159998888,2.6250763864359596,-1.8123354604076498,4.0632259395437105,-1.6451784730679575,2.4958972689888967
-1.73484527461316,-1.206465239549633,-6.769094430060217,-0.7695837146304295,1.1425639024141618,2.151106548527647,0.060655405998881945,-2.3270304591970805,6.0401844736235315,-1.328393354478178,-1.0265494901995904,0.07824466071913028,3.2938437249870667,4.493760486702099,-3.5430260994254366,4.230976653360105,7.076140841522821,-1.7609523807321825,4.717435260105287,-0.00966900141670045,-3.3364004449049167,-0.1258735248612906
3.1713257218834716,-0.979095779867737,7.38407342931546,-2.772989969176218,-0.7934478637946648,4.466251534742191,-1.1165874766879587,-2.106760871960556,2.084214149807137,1.1327499473479437,1.080341284597419,0.43675690807435485,5.571282400746498,5.06577514583575,-1.1377499812255119,3.3277341497367994,1.3704213989402225,-0.698560464962949,0.17854179615378346,-2.3719670700414053,2.797317391860979,1.6388263989932699
7.649387475273558,7.74244803466168,3.693260955194898,-3.3573918871078066,-0.11479939903803607,3.5683884390591145,-1.518877062460141,0.9742483770145572,-2.5707538502938982,-0.9172657516055042,-3.3182379179011865,-2.166391836411228,-2.5493070942345533,-1.1405043469202794,-3.965830866396553,4.9877308722277895,5.695505034411756,1.277631826405675,-2.6223273875658646,3.904853627276196,-1.4511577510759446,0.05709889137187422
6.05979715958527,-2.4860790503871133,4.17150933438682,-2.172062772090715,-0.5103382719275518,-1.1008163733693306,-0.08462661615905999,-2.8888682162887553,6.803008085515962,4.239993979994901,-1.2528312738240563,0.286024809972338,-1.5944871721773208,-3.7640692278392147,5.947578780748862,-2.4356188888073884,-0.07701052800976288,3.414864019996804,-2.6820490420755476,0.07594453863330963,-2.248784648210935,-0.6623430442535682
6.426555247148666,3.2334093863790807,7.090908622130207,2.2237398242244906,-0.15197252600405403,2.549528580874472,0.10921431226959258,4.416786322812196,-1.0133496671881401,-0.15391877718626498,-0.09685146062525458,-2.085163424300808,3.0897013544454865,-1.9285979530951434,0.6133863089003567,-1.3133640421532335,0.6062130890143036,1.4308175377753858,4.7560292648152585,-0.7362703053662966,5.7179622284761,3.301829692821809
2.882592520392415,-0.04531838354743578,0.04589546455145731,0.6892222795639534,4.025291295944073,9.275859532519345,3.904086864061583,4.616072429087986,-1.0291026941436523,-1.4631394653072058,3.948569218003016,1.3962280366763136,1.1195564653233225,9.127658718869016,-1.8954583712746205,-0.23579222844460088,-2.4050734473373296,2.6670568307757825,-0.050887585316649324,2.69053551419448,-3.8262505654084302,-2.2517155284956503
