script/wind50m.json
{"header": {"parameterCategory": 2, "parameterNumber": 2, "lo1": 6.000198445256149, "la1": 58.999992894266676, "dx": 0.5, "dy": 0.25, "nx": 22, "ny": 24, "refTime": "2024-03-27T10:00:00.000Z"}, "data":
[rows 0 to 23 of 24, columns 0 to 21 of 22]
-4.098986694520935,-3.35699193495588,-2.432205490869154,-1.6799120008846058,-2.702246524970101,-3.6062569047682262,-8.512769646465111,-8.746537354305875,-1.2341455848105198,-3.5444442868713004,-6.65572286880276,-4.853290996085327,-4.016342967059666,-4.269041242118096,-3.5658641995401883,-8.474606409208413,-7.97361140698287,-7.115444361377571,-10.456052214049947,-12.394835511249028,-9.325329385703075,-5.331271708470723
-4.394941017738828,-3.164416281240911,-2.2106842901311516,-0.4745452007988555,-0.008813272342270202,-4.993984055870798,-3.246883968374338,-3.149696475122389,-8.798485917582683,-3.9564560539953146,-5.6028951340864195,-5.3040008353367005,-4.096249417754986,-4.649201808289602,-3.5356072208418343,-8.93201158864683,-6.901982470347667,-9.596212377056508,-4.4181620679854925,-6.632655881111985,-5.080813181545256,-7.766678103153596
-4.106986082001536,-3.649714016934835,-2.3901159018718086,2.183030527140882,4.597251433506999,-5.937190347108582,-0.6633901085574142,-8.43815281736524,-3.947962946818314,-5.898552676879332,-4.019784991475472,-3.151271482415748,-6.792081772116148,-9.465774978281614,-4.343693814958552,-5.036976636218696,-6.7343144452961345,-4.48428432764804,-4.282953524128077,-6.828916615872077,-8.286245517898315,-8.626169848177291
-3.707131855960242,-2.865860025268555,-3.0407682488792966,3.6137360213568273,-5.059146903011845,-6.845465445219984,-6.319183037676944,-4.979736667313671,-8.37457415098081,-8.016662365562421,-7.649163134960545,-8.183334150930794,-7.082359078933792,-5.2788746232975035,-5.45078316152963,-5.245989383464087,-7.705093816226341,-4.081063769200622,-7.183462843500049,-11.989688017837201,-17.536150226409923,-5.912724271865238
-2.9946422177257754,-3.9259614255968613,-2.817316738012145,-3.098763516227647,-5.877679801070216,-4.65850961723857,-7.965000533639657,-3.07538475076317,-5.069423858735599,-3.6367587501821954,-5.423996554939366,-4.485908258477878,-7.237859466746524,-5.944365835312937,-4.273342739644409,-5.627922074975776,-8.633267132611522,-5.198763571318162,-11.27189370974182,-5.277988099427667,-5.292898496774215,-7.113440106693821
-2.845229035529721,-1.8758184056307758,-2.9556590640734575,-4.196375808081897,-3.3397465735309133,-2.8699821853004774,0.3386691350908862,-8.683683872685988,-7.685476197843791,-4.078973580937984,-7.317710020380559,-4.123678106041216,-3.304645987327255,-6.692012141379665,-4.920097061894996,-5.0895331154986465,-4.759772231429563,-8.311736875101687,-5.126736776760947,-5.169896195783129,-12.109585687820184,-6.323960185401969
-3.4175446352540626,-3.8207391039480543,-2.8318245024510187,-3.445409216521475,-2.6338823651231316,-6.774100219409769,-8.293613691989831,-3.353199875017723,-6.084914374860373,-5.210733415070023,-7.675866698818575,-4.866647545884989,-5.177385140955438,-6.3990131729687425,-4.886042680410933,-6.4541124293817465,-3.506848987488381,-10.386680412943345,-3.6405305901590257,-9.842014267592909,-3.916017468505902,-5.659436412987181
-2.8593441148749594,-3.874878745896874,-2.5268405542337744,-2.914857256129427,0.7633933099586586,-7.347128647508721,-7.458277476655496,-3.0826896842687463,-7.853079108678941,-7.0982442149321585,-4.253909274003247,-5.541316577442051,-7.18950900095956,-4.957407703463469,-7.29612991670875,-4.7115600029171905,-3.71662113595462,-9.294364139739017,-8.970542430589775,-5.260699206382929,-5.613380914482812,-10.504196294205308
-2.8348732958122187,-4.177627222497934,-2.5910641732305053,-2.9059259717864836,-3.9101833106085273,-4.1552007251310545,-0.12724144851762104,-8.956226325226977,-6.4726246159897665,-8.730920775742645,-7.699149547822918,-5.38694761120509,-5.89025388881112,-5.481978800963162,-9.788393722284065,-5.269177498392207,-5.048623682399478,-9.590550202306934,-8.139913750742364,-4.640577276986415,-18.743365616765097,-6.763834807029875
-4.040241634082271,-1.1373607766157519,-2.3189850103830523,-2.4728919602857653,-5.304044101288766,-4.903532135694844,-8.379310963972097,-3.4565650364612424,-7.73332030402282,-3.8165731026887175,-6.401893790679686,-3.477290131800379,-3.926763733061758,-8.495304916219627,-5.125895391192371,-5.393703475001998,-4.771111277188358,-4.062135114060937,-10.620332912493792,-9.27223597586139,-4.674675524513358,-10.853389402865353
-4.070628021923691,-1.5689865841899917,-3.519403991465987,-2.9588808060183407,-3.638501869101849,-6.758799992129719,-3.219847234993321,-7.085496855686123,-6.389021866633823,-8.074009098448208,-6.0863532182851,-5.284366718221864,-4.147857443074729,-5.314298321709248,-5.168935529076615,-5.530185803017862,-5.966826027643551,-4.828626217798399,-5.170249656961861,-13.043580141979032,-9.56427665029538,-8.323187788726896
-3.0108368018449054,-2.6194932113456506,-2.9887608270952706,-1.03556187126919,-3.0595271981482797,-3.9171436585167685,-0.2102483212223802,-7.596423714077428,-7.745857330429942,-3.4169717758291283,-6.862443711029902,-5.361904506102536,-6.601707505206822,-6.78931799329984,-4.660576642001977,-8.13314013949186,-9.84055524794334,-4.935451987440136,-5.923590699179218,-4.439899947995742,-4.701052833163818,-6.515219477199309
-3.021103070082475,-2.7686193311493534,-2.3408041979447267,2.0161504906340193,-1.425566698349374,-2.917532757554553,-6.228700128525189,1.1258743064018109,-5.726074652345354,-7.434916867262315,-6.351716105494791,-3.5816390442643806,-5.201264388540786,-6.623914213326632,-4.573152781949785,-8.969889686248768,-6.483011112779957,-9.56539219142219,-8.173602499330455,-10.183492950903993,-6.393522496599822,-8.478982308127986
-3.1154077120895445,-2.6012415983436483,-1.050884126418274,3.9068554159267923,4.660166502881694,-3.3513758398925253,-2.792099751279709,-3.745272252804816,-7.68188525181946,-3.686501949269389,-5.83718699171011,-4.969847748015551,-4.632335560132897,-6.5538877835446305,-4.58291405757144,-5.85053931312255,-7.260668608091811,-8.113091486650978,-10.20003263449718,-12.153880517442643,-10.115536778131105,-7.257184941276126
-3.9644642751543375,-2.876497479157787,-1.1434998412960904,-4.544940792785199,-5.0377446133458035,-6.586143872568542,3.645760932522991,-3.059631712240906,-6.0363973603440355,-4.06989060291644,-6.324738446293692,-5.824992406959801,-3.8060619247231964,-4.216838909726133,-4.410392839834932,-5.9802050389049395,-6.800887134040189,-5.269268701147694,-4.367240065124431,-7.671776851863101,-5.790515946583476,-6.45421906133103
-3.2239174908203796,-2.362215853767805,-0.39488821598101026,-3.111288620159356,-4.303134006158194,-2.8653450580493303,-5.198927722611084,-8.901328616730845,-7.688437193689324,-2.9925269292818224,-2.8859350756967697,-5.4164141688402205,-5.379307279180556,-5.520458089987437,-3.9928199023604645,-8.42753204532752,-8.15282355865641,-5.261993050360706,-4.439320488628522,-9.015436238817966,-9.087360068699374,-8.704718138853227
-4.20264445758036,-1.582114683339083,0.5480303149032705,-3.005888340863879,-2.755348989159098,-2.2641150563530585,-5.047643855029745,-3.2032899358942437,-4.25697111076459,-4.177350558961425,-5.175878249292489,-3.3155417213235787,-5.748392861814353,-9.1465755048201,-4.531761544025002,-10.121864298055877,-5.186137891938486,-1.5199351796533755,-9.112282955250903,-13.487944596563793,-4.290726737552002,-5.81470862255331
-3.0916134999384166,-2.189568193966375,2.218174871549587,-2.7199562011690843,0.14127320813838984,-7.402734851195256,-2.4924105100055476,-6.673609534058435,-7.701121894324404,-7.3908607804680795,-3.8750783548048844,-4.9721622512812145,-4.476144741807048,-8.616862693119252,-4.041484965519348,-6.597979300880841,-8.760463933705033,-6.163478236451694,-11.094316431180959,-6.384790335493276,-7.497370306028074,-8.938791900465514
-2.9616554194414886,-2.262683278853478,-3.401553374426057,-2.9654752767165466,-3.830599647651487,-5.19091631813034,-6.095810499114203,-3.224184263144263,-3.756676860610116,-3.88043474161861,-4.986234852076346,-4.779165762600843,-4.873747280548654,-3.149842764609977,-7.724389785851356,-5.764277049325423,-4.388195813318945,-9.19545203190904,-4.0894179131178765,-7.396820206635099,-11.911398902752286,-6.2293898629497155
-4.081698458734463,-2.793330844617984,-3.561482655211233,-0.32094895216928154,-4.874627933182733,-2.707050651545711,-3.1201982869740448,-3.2031134739942906,-8.496819039783373,-4.230507937108654,-3.941187255374477,-3.7968813685893448,-4.042954598417047,-4.729812984504721,-7.54515156453965,-9.657555495388337,-3.955636471673577,-9.48017449547894,-4.71747899186639,-12.551809446392667,-5.503375653124821,-8.226203572720326
-3.3439495725665456,-2.3046725089362323,-3.085688683069856,2.0306696978062577,-3.1010465457451772,-3.2762415050231706,0.06962865050859669,-9.257200437648127,-5.264337539316656,-2.740487198081964,-3.0106564571976646,-4.5174296724054095,-5.61182662813668,-6.066804510018695,-4.288888865914251,-5.45095517947034,-5.39151356929673,-3.5734178335876643,-8.485295706930222,-4.945368006944825,-8.941481368705636,-6.072601025269921
-3.8820903208845987,-3.083987834998034,-2.9239770654361625,3.6395932206092105,-2.2343304205698624,-6.771398811881079,-6.446186728165676,-3.840376051424259,-8.186043271412254,-2.7306886478156933,-3.8164963232359956,-4.366524302260735,-4.959594092664017,-7.497464597750674,-4.691137508196434,-6.140981637931241,-9.576043778539411,-4.126484057080138,-11.408802675947584,-5.8231005548331,-18.039866909921095,-8.649281660335523
-3.1554172199315342,-2.4182459913928245,-2.5676387242650516,-3.5015524978444326,1.5867511585555987,-4.402418935528742,-1.8371382114480377,-6.391757751866887,-5.023988882234492,-2.805336705437517,-4.6184703462043,-4.8798816679546295,-5.486208192206868,-6.175099532429035,-5.037859572327642,-5.811308250201212,-7.770736875889661,-4.7202213162127755,-4.268011678099333,-10.9261032740293,-5.838832245093321,-5.954573540541972
-4.079817433988079,-2.5338767623406286,-2.583966127231326,-2.8821849663800005,-4.991307490774315,-4.079920494904712,-8.056502983076857,-3.2666910303899073,-7.650846706461911,-4.152796986862237,-8.12461295495831,-4.051607782552805,-4.652556013853993,-9.481567117703216,-5.105609081053815,-5.372710115537173,-7.541690108176571,-7.350750124538022,-4.4803624738797865,-6.447845234011241,-13.8703055180431,-6.212336623427941
