script/wind10m.json
{"header": {"parameterCategory": 2, "parameterNumber": 2, "lo1": 3.000054539987559, "la1": 64.9999836372058, "dx": 0.5, "dy": 0.25, "nx": 34, "ny": 52, "refTime": "2025-01-11T06:00:00.000Z"}, "data":
[rows 0 to 24 of 52, columns 0 to 33 of 34]
0.7635890537952309,-0.02599783479854252,-0.5233907706069075,-0.8312839085628976,-1.7383643775305002,-2.480942410302344,-1.043190104929953,-2.105640476009182,-1.2523687414604923,-0.23640673750026409,1.5987620095820883,2.3812317063242,2.7846085799926406,4.451105323937856,6.800549262530614,6.488971923498848,5.479828572521351,2.9555028266993557,-0.9066146979481777,-0.07364698423092499,0.6517707146159725,1.5842488411374203,1.1476041551257536,1.5162355120791715,4.342696405999234,1.930282471006782,-0.8604521486994254,2.185476514975478,0.8716679050509994,1.226377996767878,2.408002379279525,1.8491711433805567,-0.3251444595983617,1.5332006474080773
1.889073730719663,0.8669377453572092,0.16971029606727583,0.28839001070760795,0.26926942079895694,-1.2882196619254205,-0.7318632168328467,0.24379620095769608,1.6644405120221453,3.4253443440938565,5.37252550003774,6.614974815535902,9.173896674266446,4.82240480685464,7.601461247087635,7.199293285740587,6.510934978021514,0.7297921030849036,1.2204744537129164,5.073803956149243,-0.06257303745270724,3.1631975884285333,-0.4433189691905677,4.086388303236009,1.692160288064468,1.6571827316393148,1.4736133467436277,-0.06757805432366085,-1.0350013000593936,2.9255101471960496,1.1339102134741725,1.984559901852826,-0.25538415490059263,2.358440628163715
2.552294498055058,1.3477351446285537,0.8812261387721911,-0.4213471032290376,1.8697034580012912,1.8445647487535204,1.3245451258530658,-0.5054688258880815,1.7996951585250405,6.161400870706944,7.217440304940494,8.426795363056975,7.928939426577206,8.06299762659143,7.596704631631044,6.919591536388697,1.957821109084331,-1.121410714488009,0.4876723998586095,-2.0703777919029225,2.7203010218376042,2.4473116928353407,2.3865977339759157,2.1886366579971948,2.298261273602206,-0.1406872575878432,-0.9551940722679712,1.3351808714928894,0.5808161749112525,-0.38138372679989635,2.310350624592846,0.039086769234649495,0.8448126910598063,1.2188396708922125
2.161245881836634,1.9697648766009295,1.0720161877290826,0.8007502770271148,1.3590016230879487,2.4829537684236382,2.418639759265519,3.4555192534956745,5.00658193372119,6.605820468894808,6.637661955593492,7.287664433684948,6.877166553703099,6.708085879599911,6.660908966820589,2.3429979057618,-0.4253849172483798,0.25306324447682566,1.9588210855601835,-0.025499869795719343,2.0635613481114445,3.791903371073958,3.6485316187309125,2.213658679452554,-0.6232638934592346,1.0851075945866229,3.3068909122083587,-0.9685619172031151,-0.6017170818414422,0.3892775240460916,0.02499061446173377,1.2700168996362773,1.6693078098683012,0.33089651420371474
2.3386758841248625,3.0883182657605053,1.5900543827279616,1.764946272890079,2.461161057949755,2.93734934988969,3.332310646169021,0.507802344180612,1.1520051234208788,5.987317762053973,6.057063033208131,7.068545843617358,6.7596869330406095,5.866909663981591,-0.41821343261631133,1.296917782926683,4.399602200219413,0.580175450889938,1.5186393375528187,5.592327710941556,2.4823474564186228,5.60658833861102,-1.1511786170225615,0.8181173031652352,1.9250122756689194,-0.4391429396808661,0.6106690549870708,-0.8370652121935872,0.6844210878072479,0.8759827253078234,1.4110011505469682,0.8106791829694662,1.192822914915808,1.2084872724589921
3.955581964993308,-0.20691563981220754,2.403940040867501,3.3425547410738154,3.9066193363994794,4.448816094128776,5.114889054311014,6.078349941549737,6.0001147573396825,6.542343371367933,6.5447229322715375,5.943003076542356,5.636433856196646,5.345636313739672,1.4984131128595446,1.403530107184908,2.4508263535975034,0.4747316473069244,4.232855664972742,1.6203923591043354,0.423067915883626,3.2946671682281155,2.4911020769026924,2.636134552595349,1.1688942762639805,-0.06988297385336635,1.4753356287731423,2.370493654234948,0.45744666888499436,0.5341295607895407,0.17124640387166098,-0.7944323837000424,-0.7770812955708639,1.1146167412524084
3.9345878675458956,2.2214229776467347,5.194396034151043,4.542668190035402,5.523778382461807,5.2575267590228,5.366829642234033,6.694160623452664,5.918382598534908,6.5701385797986696,5.9800682862970085,4.356003021698854,2.952006002587617,1.5899779614329126,-0.8151065908498861,3.441197564413552,0.2967174625293239,0.9512326688030268,3.6951128186389246,3.234625123718979,2.7348722690186427,2.3540812084953635,1.2925991250511035,0.5960807872326449,1.5572547999155502,-0.4909958851543127,2.144188748727337,-1.041318594616928,-0.7697397130639819,1.5886792763714437,3.0634915624232724,0.20853970912797168,1.0416249578302985,0.6479752139112676
3.2529383465243344,4.113698628729123,4.7223046783780225,5.638964615343529,5.873894127152718,6.362238824923161,6.7120404287701545,3.671798276770257,7.037692080367599,6.400636165397394,2.8478413251368213,-1.683996108672778,-1.6043109525894446,4.8130075893271655,-0.7650132959191586,1.2427883188023718,-0.2557198160574509,2.236312712658483,3.2221058977971273,2.8295711343097025,4.123302882871484,2.461706972069028,2.25830618821877,-0.3856181413104613,2.0151539221091204,-0.006330978695000442,0.8032169986050921,1.2781233475242968,1.5649846795734272,1.3908575860160148,1.3163244705949855,-1.193529610278009,0.4906886103496426,-2.5807666924491235
4.5402399256606225,5.561162325776775,6.211977420967158,5.981334443458793,6.31248802203785,7.344414822693349,5.648367438490518,4.56851167110829,0.889289754842917,1.8531598395025517,-1.8641080919477788,-0.5223353311540947,0.6256259206018381,1.221576772723381,2.4346880177899033,-0.09111148975501142,4.275290472360556,1.9659144609004793,1.0736988747969498,2.915225933930913,4.635343691014433,1.9332623845993988,1.4513327294554412,0.1473510579263992,1.5105412068091328,1.044086306018091,2.2654251203266687,1.8138237166573608,0.20748342822332283,2.708805808648412,0.924726890241733,-0.07928894688487027,-1.1313913774616313,-3.7529610489676064
4.267117236303036,4.464607678036054,5.021238403593233,6.103383414542658,5.995616368277214,6.349910034013899,2.8390807379576253,1.8841141714925553,-0.43854648441827065,0.5270596451507955,0.32602139568793403,0.07486908136986849,3.128844837388797,5.122704843332795,0.08845467516421272,2.5103902216293905,2.4812473766310768,2.2170417045843145,2.678387429222221,1.0045533432964275,2.2295125041583805,2.4622489988673273,1.7508109480507499,0.795099225977328,1.3625986847747906,1.1122165998846025,2.2276229637325913,1.3092931717436063,0.6761199086005186,1.9865362968840679,0.49579006779189383,-2.9482706725902075,-3.269834384990942,-4.0746489543337745
4.7993156900390455,4.504558083776597,4.186844979710175,3.4158137703147906,5.697180451190166,4.730933973060723,-1.0932729283493505,-1.665762330986052,2.623780152622695,0.7184361409085861,1.1704231552155164,-1.104387394796736,1.2129395772504719,6.409701985937076,6.294039093585355,1.783603997509223,0.9397715613840631,2.156337221418742,2.5172840234895575,0.9702708510346079,1.290716917427396,-0.17082747699186093,1.5730745577713559,1.0610239392422127,-0.07389748427194386,0.831826374573547,1.8949288469972208,0.6346659499957703,2.2613672598013,0.6842224502101213,-0.8288447619417347,-2.508152861510794,-3.4881109535843113,-3.9890600625987473
4.575659936175014,4.730765283754691,2.733793190216789,2.7085337948087163,3.3678548020300534,-2.112722002489909,-1.95101809233156,-2.6204079126654105,-1.62914719045352,-2.492891469266337,0.8236791721635991,2.383188053995107,-3.549650649327644,0.6120797860114516,3.3938081495328887,0.21367280067649375,0.6966993839094487,2.26760606726485,-0.9159521853481791,1.8508641290912529,0.6408019910785496,0.9118150500171639,1.4293565541756044,0.9174983683740583,0.08484282933238212,0.6049330033408808,1.2309919242185625,1.3870229020778135,1.699868760622934,1.69500345129892,-1.547324316329888,-2.790886411022375,-3.6090494776247457,-4.550449564646223
4.75685545357792,4.346810494124751,5.431217062949487,2.921508445940281,0.10351128715221214,-0.4211733871864403,1.354518071975838,1.1017985568481263,0.029355342496747854,3.4382677659922134,2.653477809688203,-0.46088196852090385,3.4046621176120304,-2.0840081228589256,-1.8718508982300424,3.34835380941224,1.621792830426458,1.8741984323661167,1.5097872627661124,-0.038802324708579264,0.7998966740855379,1.6006664151556043,1.0373096609629853,1.7292970376168666,0.7022701718449055,1.2256034190275074,0.3154711540717214,-0.15239775804764555,1.6940348382691597,1.164640760444283,-0.86599868259014,-2.7303832782650654,-4.6393789402135,-5.571021786305448
3.8042553766947047,2.504839110089121,4.12492889528585,1.6231687786048317,-1.6179938356196177,-1.747559710109771,-0.07326029439805955,-1.17526650587388,1.2376993348812066,-1.9685706186923795,-3.6268337306313936,2.6291641586012697,1.4174437314636643,1.9842479626555207,0.31912199200052516,1.930798927884073,1.0952329525350977,1.641700682100663,0.2557210585163424,2.386210725174412,1.8809375024037636,0.12204875323249374,0.536664752201447,1.0248582441720206,0.924490530803574,1.118209046017816,2.6733352142560616,2.132927372494447,2.211773563895426,1.405605138017183,-2.0176166755612757,-3.9968020910322792,-5.261718005071975,-5.919110509714424
1.9138383337973004,1.4230202395094282,3.2720046571524763,0.5193775885299492,-1.2343492805358194,-0.5096623753228975,-1.4619914853449956,3.0540143705266765,-2.1886238899829746,-0.9534176929119137,1.946237751291864,1.19876257962159,2.9456151188500637,1.547605673985549,1.341877031521376,-1.0851527893383857,1.918784460037181,1.6582609337535008,-1.0129663446686668,1.1461950148542934,1.7071011018309574,1.2403268969266381,-0.9741595912907589,0.752263232887639,0.3513960488949851,0.5671030442552045,0.1862908799752713,2.1753508781338087,1.1224742636193725,1.0026482418312381,-2.577694503216087,-4.66472189868013,-5.676040611044498,-5.575245371201858
0.6481546144452897,1.0056832375113791,2.8926026078208067,1.108015589457732,-1.5173816224185208,-0.9215942583968625,0.6586964890905506,0.9790451885283628,-0.35500892965269015,2.0505250900649497,2.1064922578881307,6.294821721345403,-1.7135124568333764,1.730933342340304,2.58184676696534,-2.6553705891431725,0.7439443600971934,0.765419264321696,1.2786344179529276,1.2106159175329019,-0.14753314682521562,2.18245326340622,1.8515171905861987,0.2414827758623647,-1.1216940375986266,0.667721428841747,1.6239366286557393,2.518950091934567,0.8773091771922279,-1.012981461192804,-3.5144415496139927,-4.8981259672755275,-5.341783528671738,-5.496049321284901
4.512245183032515,2.688594098349862,2.242242732026068,-0.46677250381631946,-0.9217343023874845,-2.5970115357317956,1.1374741510339261,-0.04839963274505464,1.276083076808281,-1.6879278425004967,5.612694916331639,5.774680444080318,2.044507169560025,1.8161180321023391,0.40139972385051864,1.12688618019245,0.3942234626866209,-0.579461124570467,0.6705247441010498,0.0050638227737435535,0.2967039197280548,1.2298618630465488,0.6615060119639347,2.326790959687918,-0.7022745208581596,-0.3262361073758288,0.6451977596637246,0.5644409214338041,0.4720727807473924,-1.7665240997506595,-3.7256693235033524,-4.751169713152863,-5.154922777164185,-5.686243586104804
5.46993349705599,2.2370399290158276,1.3585938355461007,-0.874497194572767,-0.24722278779831275,1.273229928770786,-1.6406570550098603,-2.1331964309123848,-0.732758568164354,4.726502174021525,2.4392085246362645,3.0446932897562036,-0.7531967702044884,1.37546194816584,1.9945734613640413,2.0332106754807278,2.4560185849278824,0.48268444092736373,0.5197225352092039,-0.540680747191551,-0.3168639694112498,0.26334769283872606,1.3120428410403755,-0.13248838611592278,0.13402012272554564,0.05688626889521727,-0.4109511484819016,0.3342689647793264,0.518878579847264,-1.8627026039781205,-3.7153304371595035,-4.541383789213357,-5.215941383530379,-5.917962325083428
3.2707836338349634,1.74824644042014,1.1964241366080786,-1.3343054365404194,-0.9935306402551043,-0.6202863098882481,2.3867590966431163,0.35025710049906483,-0.5280341931213038,3.581972466944387,0.6627201262162361,0.1735800548544263,1.636122436865043,-1.343369978352388,2.3882213905145044,-0.7492928750061583,1.7037163202815107,1.274372076712999,0.695208801267437,0.6168991402759745,0.5591317042862746,-1.892536119705535,-0.1908540072122234,0.022633437781404312,-0.5900814914080109,0.6035023425168983,0.19916937295386566,-0.6150325920703601,0.19397779614230135,-0.8769156060192311,-2.04245806991564,-4.062075620592524,-5.120373742155499,-6.117520305861603
1.4332190551387187,0.9534436562527773,0.03605721379521029,-1.0556160292932935,-0.3647588228550961,-1.6761484670544955,1.5180592262500663,2.3414511787371426,2.3579820808117335,3.3412072031815065,1.9407658553056069,4.771124162103102,-0.7049796565473544,1.8653792092173278,2.072699767320817,0.7604933196225784,1.9655427849987106,0.2522292819190878,0.22626052270641808,1.137421566727276,-0.680818887741689,-0.3316067382301709,-1.1973171240010052,0.31115194841258115,0.32181113946741635,0.21200983599747142,2.024386666991924,-0.7340398693509227,-0.022139299732920198,-1.1895381497991984,-1.4740769923301484,-1.591111597433987,-4.8265976802094865,-3.813724500161454
-0.08655590170047442,0.20392343974905988,0.19204077296149977,-0.3773471182218814,-0.8432231319533983,-1.2462533999257452,-2.330289639160119,2.8808101793145124,-0.892451669755558,1.9618989699549874,-0.14744049839376216,2.7956899115872567,0.8221462863582323,-0.8685923312877498,0.9144994386271181,0.5678174028762362,0.45599976051270075,1.1648339944314565,0.6716579814751981,0.6293375037004435,0.8252585580049463,-0.079612988542483,-0.2869138442782809,-0.6085898906408373,0.017637030418708566,0.5406819574636373,0.4371320106666644,0.12446804957465218,0.21865163478053906,-1.4572007005041556,-2.128675388533456,-1.5340867537522398,-4.174767353253308,-5.057392034460336
-0.4745883040018447,-0.2455450684625017,0.11665589463888942,-0.21438597901791168,-0.4497157644916275,0.15160960335297083,-0.8955078390773247,-0.6540492122922935,2.4951077656752276,1.0407701439425563,4.248797909654453,3.979828673820164,0.602989553482751,2.6245188863568485,1.8153409934861162,0.7178143580429253,0.5514507267783286,0.023659692344226824,0.9263265964053261,0.6892787481168597,0.11360162199375093,-0.2599322510988965,-0.5796787866882734,-0.3235850254137019,0.4256174179589911,-0.0012519390042579188,0.09977566341687068,0.3609834451485923,0.6290282052125782,-1.6304016834443613,-1.4305248717529024,-1.6857286115482821,-2.2068569566450584,-5.625363839723131
-0.7355442591749821,-0.23267852106333162,0.511423988296516,-0.0599871946287291,-0.20374745052037121,0.3560640822240863,-2.075743970583136,0.5725674121630708,2.519509651315897,-2.057308380158071,-2.094367740826516,-1.2512650752489456,2.0059451661258945,1.7396341621157074,2.493292733574895,2.820180034106777,0.40489799783605707,0.3416542855801411,0.03095177458215779,0.9237939400222329,1.60752692372615,0.4540977668552048,-0.36822820958599195,-0.648443171053571,0.6632137943450773,-0.09931513952572481,0.32701425856175736,0.23177194819270197,1.2138464402928861,-1.3113601656921094,-1.2887467730063893,-2.7591422451529417,-4.9525214167917575,-6.30630800814344
0.06299784484874023,0.3983295083804437,0.7476710778990224,-0.3505915267106151,-0.719041779770637,1.0860987869605503,0.49066435745137643,-0.03505963960519589,1.2682805905033967,-1.1674998536727315,1.4237134290082962,-3.146196453695263,2.1554066556718863,0.4039504887940596,0.659368475026823,2.428401544245701,1.222542317449003,0.0005682519284778342,0.33918025218665804,0.7909655952415369,1.2556800405571173,1.331444598544834,0.5396471891518374,0.4222739855549215,-1.1175530669452838,0.3041021651746847,-0.3570620995221364,1.1719519102824059,0.7963536127475709,-0.8807119101451204,-1.453501114884114,-1.8143464446757516,-6.07416165543571,-6.214710342359149
0.1758671516550131,0.4822927305131264,-0.360097475661845,-0.013055205092294355,-1.2915722806070589,0.1913431274469825,-0.70139927644902,-2.9044533395437595,1.3555381036499472,2.7749723095431755,1.0963475722979417,1.7098636460491667,1.372185402438605,2.029762000814284,1.1587223779773628,1.9689066066050964,0.6969553693258096,-0.5149090492525822,0.4853009982803618,0.8569712615378802,0.6061889969067933,1.2831121002216477,0.4526866914106043,0.4908316793813464,0.4697738290056734,0.6482901333202111,1.1334915511416521,0.8275120121784197,0.5708129599192582,-1.1113162077314098,-1.3358921431290158,-4.757562144053965,-6.434972807964683,-7.020022152313578
