script/wind10m.json
{"header": {"parameterCategory": 2, "parameterNumber": 2, "lo1": 3.000054539987559, "la1": 64.9999836372058, "dx": 0.5, "dy": 0.25, "nx": 34, "ny": 52, "refTime": "2025-07-23T07:00:00.000Z"}, "data":
[rows 0 to 24 of 52, columns 0 to 33 of 34]
2.07950657255587,2.5798290592739277,1.906326928088449,1.5598072534807519,1.575147269445857,0.4607065237901527,0.19256219056708707,-1.0907884623863202,-1.2702835656234734,-0.9363157157311524,-0.48271602810157116,-0.4504134095388468,-1.199845162968252,-1.470445744723105,-2.3320809293173888,-2.910228708097245,0.4150501844786894,1.3022491172765058,-0.09618050344803171,1.4416501763540392,0.3399784082651789,-0.36201142217546933,0.2551955188851892,1.1221675019434818,-0.5029725039657986,0.3422405422501226,0.4873587511291579,1.0209919957032318,0.217933468772733,0.585750858363873,0.8035243803137906,1.364052312572655,1.1608379180247812,0.9115606196993727
1.9591247805735175,1.3910198469111401,1.492288566648914,1.2445451197390571,-0.3918018549338774,-0.2937691491680273,-0.07361047720465391,-1.1880907945443562,-1.2015865473689062,-1.9477970224675478,-1.4495385046525173,-1.33709665337144,-2.6143551221948296,-2.5421903233469094,-3.6254234242662844,-1.3058567605123188,-1.036916786427537,0.38451472021205424,-1.018842716889274,-1.2752177307961603,0.602795760569566,-0.48327157955997935,0.5412994742896143,0.6219892587965882,0.1603776916936768,0.9216086959564956,0.027366361647483472,0.8920211398447062,0.8733279151254679,0.678438764588436,0.6909646350781393,1.2317130013470883,1.1159331292345671,1.4125961994427116
1.3624641270150157,0.4759110588578285,0.6747902472914947,0.09732228294282275,-0.2745061104529772,0.09608379627749498,-0.5199233535278277,-2.2148159271541052,-2.1334877149333646,-2.10044329459694,-1.9757400759814707,-3.294366684035433,-2.6665123969554374,-2.3013180368495396,-1.4288457804695416,-1.1085029383341842,-1.2156269489168354,-1.0534978778567257,-1.3218767944159233,0.07313270339575856,-0.6684647604015644,0.3244095157148363,0.5357225051981394,0.07822938283504517,0.8988326734385972,0.2543595663112359,1.0636049143022877,0.3049949979814009,0.6710858422977021,0.9435131044140989,0.7076459834376889,0.671337642156446,0.923456612972102,1.1073573589881127
0.5461570541449726,-0.42985003009099193,-0.8924231445493024,-0.6106640494294089,0.13402419919728692,-0.3915907721304396,-1.5962383013739738,-2.070135118965445,-2.5823110875383155,-3.507632234698178,-2.3352453661914665,-3.7686542383115333,-2.492662481709496,-2.0574586175387384,-1.209506110865424,-1.3876649591007535,-1.1590126688623263,-0.34421610190339824,-0.34128548984546364,0.26891233471679316,0.8722218557748048,-0.07589329475401072,0.5514837658510315,0.1880760175903059,0.4084349041694306,0.8212820113751657,-0.10838655911680721,0.4245090139290244,0.6643975177618684,0.5136982519883786,0.3402023889919202,0.36523106706555475,0.46496294155345835,0.8326603312990177
1.026675588991116,-0.1688922807610292,-1.7499243359802688,-0.9307916884175023,-0.7683450172432148,-0.0495292935044569,-2.1619088037612872,-2.5199764704452057,-3.2234667308320386,-1.4705075771528895,-4.350785376019205,-3.2319974612662983,-2.6244007246288654,-1.21780014157345,-1.3816995131483012,-1.8136520912760206,-0.9066481140348603,-0.5453493458552091,-0.28663627439913086,-1.7755203055136337,0.20014199559722315,-1.6138869996648721,0.028101977487995273,0.2914856242650318,0.14277674479371366,0.8018429486967328,0.8419257137344922,0.9593710909898947,0.3607493642891313,0.8378736131411119,0.7594863717497196,0.6578682229205509,0.165443858566116,0.4318091266348978
0.28278939395723895,0.3736058080265165,-1.0250378959038104,-0.8469293876469004,-0.6672772342069448,-1.127632430145296,-3.0392458510533436,-2.248480659315839,-1.5401632545271975,-2.2987132936584938,-2.545825148121207,-0.4028808406286998,-1.3520929323814523,-3.2170086063246943,-1.417381054339522,-1.257502944804054,-0.4915418572099623,-0.762138963173426,-1.8214799741838017,-0.8042079216342362,-0.5200956223761015,-1.2267244728233053,-0.9997358925605276,-0.3510039187947278,0.13179539739333018,0.25366677245379765,0.5664721248279744,0.6787112620124999,0.7485651917150116,0.8239410861634898,0.8783832094335386,0.423495242562281,0.6540259545954269,0.8423787300732727
-0.6537236665073995,-0.3598652069818497,-0.052185119702506125,-0.5434462163780635,-2.781922885628941,-2.836954030876273,-2.5698077146734586,-1.85133198388043,-1.3727950344529487,-1.6494460057037694,-0.44772581962444885,0.663187799598243,-0.06925558498290392,-2.4126903131872894,-1.895517551186976,-1.5627536863086096,-0.5344671377011421,-1.000168468862324,-2.4099865790138293,-1.1542735826356738,-1.0275642641871632,-0.767601413326336,-0.08943335504700232,0.25623571296794556,-0.027457244264057018,0.44727300015749266,0.06710163073113487,0.45329455993425993,0.32627439245533224,0.7283233640956364,0.9679793468608249,0.6590120199923667,0.8947131149833392,-0.03336930009426528
-0.8268865717517927,-1.8226702479753638,0.9250420159502235,-1.68439223229406,-2.918080262556337,-2.7819061237141347,-2.314658474110186,-2.53297963977504,-1.7777821045330084,-0.9341512415046669,-1.554583126563157,0.502404062581106,-0.026779871579943024,-1.272562551461952,-0.6882515755611709,-0.7048907465530907,0.23498655911115202,-1.6637495583025352,-1.6460115824273862,-1.0061141057451848,-1.074629432500578,-0.7032202192728266,-0.1570828026757076,-0.1899926747764915,-0.2432260143779569,0.15202466941309434,0.009957340980093994,-0.41244697007978726,-0.0667621588850325,0.19726753324136473,0.38116351746627847,0.5029765285521833,0.7310825415449115,1.1856835417984084
0.2528618816706732,-0.6718021046642964,-1.034192838622411,-0.523280094076539,-2.550244531805881,-3.442599834917566,-2.3309176563068283,-1.9796461845317344,-2.0394411295842327,0.1005320257452984,-0.157028124143006,-0.30232599313904085,-1.22907822101876,-0.1985678219003161,-0.22900957815868378,-0.17954787194419924,-1.9598288592200612,-1.846430277051285,-0.8495738351749438,-1.1285639808265298,-2.2849362877970467,-1.366038304388852,-1.172619779677395,-0.1921331121294853,-0.29335568793749206,-0.1519869898761018,0.05775822502559142,0.15108025962635524,0.14827336680583159,0.45531263791371807,0.36060585468073236,0.1480293969127481,0.8996432808668529,1.1386996451574602
0.5659588582076439,-0.9342543517934455,-2.0172041962571194,-1.0504610165076118,-1.7128939862103436,-2.0106153282240737,-1.0863407947462982,-0.045709453354161086,-0.10138975076124036,-0.4149068097073921,0.3434029050054421,-0.13275888510281658,-2.2710700306499945,-1.2834247557357568,0.1134300304059228,-0.7015041438108245,-1.306158291445021,-0.7102200641473907,-2.1669190364171804,-1.300577980430516,-1.2760051381805957,-0.4015936464727592,-0.502080029681976,-0.4750459432579196,-0.250777900187783,-0.49300244419391914,-0.005624933853726469,-0.6814215471114382,-0.7750660291332863,-0.5793150529773837,0.8355993773005285,0.8225843629441701,0.5072656580156686,0.724548106677305
0.12291004723266234,-0.667810609925179,-2.50446313244784,-1.7771743138103997,-1.2986359332997737,-0.7923587833274277,0.6786959372716255,-0.39435914928016497,0.07022716817393299,0.05641190766112788,-2.060267518712331,-0.13620079890617984,-0.8507743273117478,-1.586417268805257,-1.1431100961244969,-0.36986771524237344,-0.9311345648398894,-0.4774092846357167,-1.4645137246205437,-0.3224037013108962,-0.906613507596556,-0.46805007663599424,-1.8786694198557485,-0.23344293534247001,-0.5426297944826819,-0.4899203548034252,0.11735651296514855,-0.06458896554684326,0.5015343228878765,-0.48883227158937337,0.2550889999970531,0.18138326977359945,1.0615658894798037,1.3202423769089475
-0.33263295478479205,-0.6045843178003325,-1.507920664032953,-2.5282324477030356,-1.5580025478059425,0.2605691723091213,0.7594150557474332,0.0829796092579824,1.112934728680389,-3.2500109402726185,-0.44192026078351176,-0.9872779697312517,-0.6073153158631134,-0.7694765788071021,-0.4730762729502835,-0.3563167670140219,0.3216632967389453,-1.710234920041347,-0.4776167924625641,-0.4465846665780054,-0.7698168222770843,-0.9927029149254385,-0.10215337749087676,-1.2139822254699841,-0.31083306396608845,0.17310371757279888,-0.3177014660511212,-0.30947388715468915,-0.1637908515806966,0.7551975592706713,1.1454962552928372,1.739124641664404,-1.3622876042761698,0.7406554657986649
0.4458992619184549,-0.015351554328619576,-1.2881483624914059,-2.719580667549643,0.5161981564898906,0.030848268650039055,-0.6507599219424859,0.1352434156247825,-1.0744381465975588,-1.9966574383552707,-2.0425847878259527,-0.5431535466179449,-0.9827769558516577,-0.15557510594840762,1.1446877684052486,-1.0267324334415973,-0.08174946210850426,-0.6838485456148095,-0.9224820233465123,-0.9224846756187874,-0.5267525123414347,-0.6147358801369036,-0.9323509220471922,-1.3837958884507944,0.6013851425674348,0.7929539305901653,0.7990115588196356,-0.41001392508834145,-1.3171926481210319,-0.6712619187735638,0.09919203605658834,0.25353663130318094,-0.9351712735264162,-0.6710704904753335
0.9337002331966626,-0.7042882524163575,-0.9851678462813501,-1.202987323994574,1.155743902655616,-0.0882308096586363,0.35964585480659306,0.36559139942143887,-1.9961931023512947,-1.4185300585988856,-2.094364439421069,-2.2959380095228945,-0.9129105068159177,-0.39157378843605833,-0.6388112837158401,-0.4793078566139933,-1.1111301434533885,-1.4854206937535446,-2.1777723348308595,-0.7248023419412886,0.1108226919152636,-1.7614172014918972,-1.3092971085033667,-1.7027392313105232,-0.9322012324822483,0.4564072645202778,0.2654317274287644,0.3258356580703505,-1.260210166265514,-0.418066815734291,0.15250089868653297,-1.4859473671368846,-1.7578569447603496,-1.9577104931708331
1.659053619095876,0.06056131393298261,-0.41024795927076585,-0.4725668618884923,0.7199243946713633,-1.3843024764677239,0.2689608717533866,-1.3244798761408865,-0.18720604451243386,-1.1487274015925353,0.3551806671131788,-1.1938092165613174,-1.9423032951029968,-0.892557880456414,-0.18775297001056432,-2.1306600093450494,-0.36451443360018604,-0.5345739116532591,-0.9054685032918357,-0.9080579529943996,-0.5539448482214563,-0.5863055384130794,-1.4311488425160876,-1.3378283471924834,-0.8402117071346654,-0.9122502242980381,-0.5851095103338592,-0.27139743487245066,-1.5498812067565209,-1.612577767877324,-1.9210327329805421,-2.3528729654172147,-1.9377097639955048,-2.3069394848560765
2.5873323340283636,1.1450425500566426,0.5449748520791717,-0.2929398100377029,0.5812398410981556,-1.4100519035741226,-1.4176840101629944,-0.8969467019651635,0.20477107294155117,-2.403735261334204,-1.9251913892509627,-2.6071411977328056,-0.7728718689217409,-2.0608637959327183,0.3695062085973048,-1.5876904174255686,-1.6614414449095858,0.3901737579288696,-1.2539182063390293,-0.879807853867011,-0.4915560717324272,-0.4197326284421836,-0.3499698714570033,-1.170031537997483,-0.9915585566028442,0.07432638332866678,-0.7073574141371605,0.4954553248705447,-1.5431489386443566,-1.9315298079459,-4.558126543849841,-2.6511806481795377,-2.8793589333363467,-3.4460230047393345
2.809242704438591,1.9617492621970163,0.8082994536067613,1.3005043658583266,0.9592205350562972,0.6857305376162139,-2.778948987246905,-1.2381198088553795,-0.5722541653939536,0.0757238357957146,-2.3735605055543543,-2.4185409953106247,-1.045283429208106,-0.4186074444907971,-0.14322773652330117,0.9103888677888471,-0.835587942899376,-0.3380586565530798,-1.6727395780577756,-0.7424238373317694,-1.9570099187764258,-1.6426541782250774,-1.5689327566441649,-0.8077074922406072,-0.9500283750929875,-0.8334307147797205,-0.9702939964481612,-1.0492276537099277,-1.0302816341555776,0.027865844233055083,-3.5929982265687963,-3.8890393463724324,-3.053550745635067,-4.675727534167782
2.5266115406961145,1.999145723601828,1.4964010851489677,0.9579914557424943,0.82772457970915,-0.7268354073701441,-1.5185039585771287,0.7649325738825317,-3.165011342151559,-2.526797237767092,-0.2816016663238582,-2.1758729554854552,-0.7232984132739826,-1.1701528886693355,-0.6731683445840313,-1.0902878234379085,-1.435025238723844,-0.559733002922725,-1.4916734123075315,-1.4984382265974379,-1.432176453407693,-1.4272070335410563,-1.5217312603317446,-1.6346865349398543,0.4515410061264222,-0.5194505371471153,-1.007684649668977,-0.8050418356996084,-1.3019740168744078,1.1024750901522846,-3.226292195305137,-3.5948258242198694,-4.479407698929308,-4.993629540267098
2.4713491097607347,1.9061463931564886,1.5029868921359242,0.6743404186015484,1.269059176801479,0.8132578905676596,-2.201128079992892,-1.4865499432703175,-2.1396388318618826,-1.0413599300169898,-2.7582904260346925,-1.680288342150165,0.1403935999663213,-0.9784562222268706,-0.15808824299409024,-1.1717541320831173,-1.1321127347585946,-1.2170973471213529,-0.47630945648942136,-1.656150751217159,-1.266854649231341,-2.3263230151686196,-2.0666830271046637,-2.037385423461267,-0.27792917443839327,-0.4404892974632363,-0.569559113898055,-1.204296360798353,-1.489404920779361,-0.765932023439657,-1.0141800767083893,-2.772120235378272,-6.489461996267311,-6.524834160064566
2.6351989418140263,2.274669491534117,1.0372892157630187,0.7456238885119745,0.4069850478844465,-0.14699996935852158,1.165272261231596,-2.8666373837060757,-4.97258100385744,-4.16871282964895,-2.959676571441752,-1.691096841539067,1.1434586353712235,-2.2808590558810176,-0.7237667394226928,-0.9548336620317179,-1.4615221793352293,-1.0041460670787625,-0.8021331552071306,-1.7166466063329628,-1.3824122556838587,-2.1344991839804073,-2.1608744388639964,-1.544545507675094,-0.9835690043550847,-0.01908679143084983,-0.2002330522719353,-1.7774960994723967,-1.0571135967192473,-1.2192636021880339,-0.9316812365778305,-2.314310214634963,-6.45554621462725,-2.927907587859341
1.8990411469665223,2.480750041644847,0.9325147522441596,0.2935051329425297,0.6161636766116114,0.49453761046513733,1.1184086468613477,0.20337443425818136,-4.574112055212274,-3.123230861119598,-3.15618443728366,-2.703708207545733,-1.6746985358302033,-0.16994389991622366,-1.476635209478005,-1.3572840748319372,-2.0720387442918957,-0.9597588989577533,-2.0407633112748464,-1.9441672559162173,-1.8793471308757637,-2.074775957072277,-2.0447348289638674,-1.6040377745218042,-1.0880386366933348,-1.1598292156199657,-1.4070921072206009,-2.2189332626230485,-0.04713103250546072,-1.8364014517565093,-1.6197262115235875,-1.6072976180899587,-4.271681373687574,-5.234201282306512
1.8765706810138778,1.939250088529622,1.332331063969403,0.49132275967572675,0.8207648139895821,-0.247101815112006,-1.6620639615397697,-1.0157161462938216,-4.955699531719889,-0.6569223934385935,-0.7412856104695967,-2.359871974064198,0.21890422981697596,-0.7172855012906914,-1.686287180056051,-1.6335311756449424,-1.741606758327416,-1.716590461291445,-2.1019133960911525,-1.6881740181920966,-2.299885818963564,-1.27653014431792,-2.21779259841416,-2.149635885183641,-1.4166110918701436,-2.0042798638827297,-1.2668925386954573,-2.2141016157146693,-2.0627555654157543,-2.059333235342877,-1.8916802140064157,-2.398103395394024,-2.7555884666460924,-4.970532831500653
2.214553102178789,1.6590288272493672,1.1879933361699526,0.874269506265769,0.042371213984848666,0.19918958218693958,-0.24435189901887627,-2.9151556479966043,-6.11191897022173,-7.661630982927101,-0.059709424851137845,-1.5298028084146142,-0.7347035178927702,-1.5563518456428986,-1.8980205267671943,-1.757978204951273,-1.7314886949556392,-1.9458447802758976,-2.4586654607439677,-2.3611485585952936,-1.5553193578031246,-1.3355957098073963,-2.6308493676176177,-2.366055735424781,-2.1475045301680336,-2.0732500122576187,-2.73767314836119,-3.7405108678293675,-2.2397790145132777,-2.259045716815386,-2.123506925484268,-3.6316780936844744,-6.251065130897146,-6.226296997135288
2.167887175269226,1.0813882833406034,0.5561039030606441,0.27554025070555427,0.06104628779036993,0.05301018243316112,-1.0212409246016338,-6.239914849149564,-6.130762219332291,-1.1925489204487216,-0.9488944598055686,0.027644185158592408,-1.0384195686077915,-1.4841547579021166,-1.9522914667649063,-1.8008062400257459,-2.2712758950834853,-1.9669410177274074,-1.6272732502603706,-2.0413113966788323,-1.173668659256263,-2.9111941506688894,-3.6708367829416924,-2.6137002278969197,-3.558089751060989,-2.1532573550086576,-2.968354820094728,-2.28653672670346,-1.6338581467915034,-1.8712194105382374,-2.7232594409640885,-2.247477959689217,-5.674922280433751,-5.226838226723472
2.550595024298601,0.7700385251131118,0.6602287821248038,-0.6754205008835915,-0.4398247431715473,-0.36100025999608587,0.7298585467342649,-8.200509568796907,-6.350004899351484,-0.35785649914821815,-1.3330971932749938,-1.1952994268247932,-1.4441827753655525,-1.9338516719446623,-3.1589689025323255,-4.685483861223348,-3.1904972002710807,-2.296895879027066,-2.0658282410585507,-2.078350965714158,-4.826176869499571,-4.3075441980297695,-2.413261556311912,-2.573640941775534,-2.1431709212646806,-1.9671734864568085,-2.0031965952398854,-1.4469326581830912,-1.5586069044684059,-2.3312625946938184,-2.7060707640264883,-4.322077678988308,-5.0756624906281935,-5.897497880436325
