script/wind10m.json
{"header": {"parameterCategory": 2, "parameterNumber": 3, "lo1": 3.000054539987559, "la1": 64.9999836372058, "dx": 0.5, "dy": 0.25, "nx": 34, "ny": 52, "refTime": "2025-01-12T10:00:00.000Z"}, "data":
[rows 0 to 23 of 52, columns 0 to 33 of 34]
8.245923944625234,6.830575948143085,6.266621239495047,4.819113929991313,4.626864836119373,5.2356959363430775,3.6005230307411824,3.126229654224637,3.1534282306287844,2.0367796837430676,1.8476153001353268,1.1622922992344886,1.2992503463797864,1.1515916127449197,2.383055091828414,2.776918806138553,2.7108844701627635,4.367454889831719,0.47599915240008406,2.404021783464978,-1.1230085194429558,3.2134662904473394,0.06630816811759434,0.11396997631378074,1.0367507620711993,1.5342509599082461,0.5572237366078192,0.26927334870964625,1.642001915056924,0.04138517581076182,0.8561316649639764,-1.6121642597797086,-1.118309056652862,0.5574172548623727
7.4381271983483455,6.958035797553293,5.19728000489233,4.270648874852796,3.948877199075441,4.379926577738626,2.5671834381865226,3.518636745991215,2.9839561356003124,2.3035977437744712,0.02118991265884277,1.0186572652591677,0.8964333904284779,0.39434901019635304,3.0267349400687964,1.5250386396740394,6.135223712351194,3.4556850130069763,-0.5221127637256295,4.189429280342963,0.12465458344261736,1.2643411713600914,0.9633967937605938,-1.367259122993375,-0.6920666281408416,-0.13317516912149494,1.636872669080346,1.3686521900960722,0.9418762251025083,1.7520310373389454,0.9595264444338764,0.2159013366399321,-0.9374681169745569,1.7644527801202512
7.203252953267527,6.5081863891815095,6.154653173831542,4.984403800444055,3.921838189518404,3.8850791726864777,2.296067557269034,5.346379469141039,3.3997014134591166,5.305043075455995,4.759280353398102,2.174509272061353,3.7992867405160964,4.166852742063239,3.300020193132769,5.053589673600299,2.702396608972193,2.912779867691018,1.1211037190959408,1.8992421317259145,2.5238350981640645,1.979981673003153,0.8292577144176676,-0.22636305219129504,0.5194208306108554,0.3604931159010356,-0.4821663928275632,0.1631063869012792,1.5062060699892352,0.6587910474333859,1.7902605442172808,2.175085835203539,0.19466802373927353,2.5291096259085095
7.344916976918473,6.632358090331777,6.134515169820944,5.438507324008593,4.792316832301308,4.863797311363368,4.078433730537089,4.28410097618449,4.165907012893773,5.8735919563524,5.168328484281961,4.319744323632688,3.5971978875332096,4.1157337204395885,5.513788486281498,2.3398214505974444,0.639984506717123,2.9380584703160895,3.199301517787107,0.2609501338345683,2.7902807465050294,1.633727778588425,-0.4922467861895725,0.71761937909704,0.4705675895947583,-0.7501418587822275,0.082059788525589,1.9451948909377663,0.5571788336498272,-0.7270073372910194,0.1288164499140113,0.571284076318206,-0.35366458871060225,-0.968850992831487
7.014041717283284,6.5629292376433,6.187477838959878,6.585209186865671,4.072284265513977,4.883899883135908,4.399479636832039,3.7469619444629325,5.072253524356667,5.997861907889306,5.801548408196572,5.024034782905868,5.517831943791372,5.308014586332516,4.753328125472744,3.1766018901644553,1.8140350796295956,4.328155234783242,1.9252714843318819,1.3418568288984944,2.049184056140167,-1.0412658251884264,0.5786562424489871,-0.38396450333529186,0.10750872470973882,1.9417102001254696,1.3896543923168931,-0.38334117268112344,1.0749878089356628,0.8496525213897739,-1.2261223390251939,-0.5118372863417819,0.06795581751484542,-0.593378366842696
6.84595326033659,7.697491371326816,8.80588751016533,7.398760010430835,6.612323867644214,5.860874345709587,5.3077551806889565,4.329900202067588,5.871002032810793,8.021168271851693,6.056018148873357,5.245855131922127,5.842772051191446,6.172524951410369,2.2455598472267413,2.08939734894156,4.122579501808696,3.0117747210999206,2.1656529480350946,-0.13993637843600218,0.17551282476632743,-0.449363506521442,0.7498581740101278,0.8266519871427345,1.091163775825123,0.6513508066441503,1.5169304935919379,0.42058721493050943,0.8723438810084769,-0.37554964659686585,0.6170523261455616,-0.9296410952246686,0.08018135036967175,-0.8067681518668354
8.0898443162851,7.943383677110779,9.550253509024362,8.027948250999195,6.392142737288691,6.638491150370711,6.193143415148345,8.001767928585979,8.682181009686357,7.765400892922629,6.593167970725762,5.266543454922216,4.32817852753067,1.8915311072190697,1.599262689994137,6.670726848213688,0.270523006347702,3.258211742498908,0.756352062354664,0.4100346072436953,0.9907330859766511,-0.12905728705937308,-1.59656371120847,1.1552618101939431,0.6221171919955397,1.5441025990267006,1.7438801121117464,-0.3530917874406132,-0.09605389753554315,1.2867051146204154,-1.0010449278286178,1.0712770929995765,-0.13070080322153663,-1.0743056731070844
7.4790869832159945,8.010965201509338,7.76647189876681,7.815452571091309,7.198036319042738,9.54309047740062,9.754878174454504,9.282170575843104,9.02714308688387,7.824429887090762,7.89588196784086,2.238767856240498,2.7346230148154445,-0.4923919550121636,2.1742188290235682,2.986243102849111,0.17874127429929185,2.3873341585989074,0.24996044559179895,0.44979189366080574,-1.321160992213079,0.4682960122048735,-1.279745479299462,0.3797537681036521,-0.5119921663459223,-0.4051694285252257,0.09142375746765688,0.923268122094418,1.4325331512810588,0.08440681363991226,0.03737207033001181,-0.06518127931110393,-0.5705266204992079,-0.46795955962967206
8.04790258667367,6.4389080054294805,8.698929337911395,9.480338300031699,10.406981558331255,10.810620892599326,9.999686356391166,9.061257710302542,8.493675560325492,3.202220208587516,1.9362595371748923,-0.9514695112782425,2.7934442063507765,1.1992174700543488,3.5773964946526986,-1.2233860717804883,1.1171707003739342,0.3326355474523405,0.4447258499668268,-2.8605196313928576,-3.8882250217630743,-3.6231507784260413,-0.32428493300275085,0.979070495264253,2.0792044978522433,0.5187370892921466,0.45838513532636266,0.22847415307086483,0.6795897986466867,-0.36035608148490667,-0.8588660477356402,-0.8423631764416926,-0.8742854977289254,-1.1475534898969586
9.532986746375622,10.09309530365888,9.677802658491343,9.495235748324486,11.673224424178272,10.008119663295405,8.28671694380427,6.060530914643374,2.786442058730885,0.2648756705045962,-0.6923331134267734,-0.36322679681272513,0.898280827129046,3.477304518332736,2.010599443702836,3.8922741904343545,1.2933353433114645,-1.3094664628052375,-0.23898441870903014,-0.7869122374686995,-0.41498786611823485,0.9949176582806857,0.18015575134966452,2.593606628871168,-0.7734768094427766,-0.7480332656429779,0.8063953400345276,-2.1864785791804393,-1.5034835234477915,-1.7957251669297403,-0.36530041027925275,-2.231823209366752,-2.0449270919090603,-2.819951292252409
9.523361419088213,10.513165293734351,10.664853708927113,13.010535351436037,12.416065742825714,9.340337036415647,4.492597893618399,-1.7568652430372063,3.8625444367102637,2.4626426192563065,4.604215508439707,2.3731246463037263,1.7507164642933326,-2.171385437213952,0.19460586705153074,-1.0079853773571081,0.6382855215613887,0.19270693263050176,-3.9872163643468546,-0.3378792144229845,0.20033858246672553,-1.0501755684728016,-0.20555671819559623,-1.3137210442974039,0.5412188463570752,0.47102059310838945,-0.5822715643482812,-1.010668373630012,-0.4556642991101859,-0.294821587221144,0.026941333951350194,-1.894585393521194,-3.1359084354049807,-3.416063469140681
8.490033978404622,8.004323055434627,7.822538611436087,13.948832273642633,11.435237660056648,2.843598561594577,5.222992078255712,-0.169770551541845,2.588160444240729,5.330589960577587,-1.6185612492699966,-2.769886932693955,2.5222847201046696,0.007114069636992845,-3.0334335990537182,0.13265384522184717,0.5067197397850524,-3.9348643684871822,-0.4711446962551594,-1.0021060878748291,0.5281880689858752,-2.464288012174577,0.10325538405886318,0.19859375056817902,1.7846792577534225,-0.7723425495544131,-0.47419164921027285,-0.5453379602553118,-1.1220971034023977,-0.45542165545124935,-3.196960329806692,-3.3531310110065244,-2.6245297875664373,-2.705600999775856
7.794943187495965,9.175012251670987,8.698782105983016,12.548025786179796,5.531345854722444,3.6549639730334476,1.4176169143065942,-1.6971812543489688,3.7578169905231404,4.045795553157349,-5.0689195990647375,-0.08609859650940707,-1.3453935082299882,2.289969366036288,-3.018764898870598,2.617451164074908,0.5210994325457826,0.04165667911066358,-1.2504091397161505,0.16986965550902877,-0.8207484885835162,0.12654002189663116,-1.8156728541576852,0.4532366752175878,-0.34120422834508735,-1.8770235659273036,-0.0637103320004795,-1.2544178291550778,-0.08667772495398009,-0.5548144423027594,-3.492166766043434,-3.6715304122513666,-4.393270119434053,-3.682229822817629
9.554652238082715,9.407366245359968,8.94869844392198,11.229507035820198,5.101912064276613,4.653426798960686,3.9601291354766563,-0.6334929768154257,8.203843975589644,5.1206345680558325,7.161715686211884,2.775183069390028,-0.9682680137121783,-0.71992112023623,-3.279854081204028,0.939066123548269,0.07029939177133178,-0.5424990117760451,-2.953676992316201,0.37312457854539105,-0.09031252530481643,1.6247361907323778,-0.17515787263727256,0.5996527338140979,-1.0626658841622283,-0.4646558607199413,-0.5801281568910563,1.145913962916315,-0.76714110860701,0.0978169228123353,-2.6748769617095007,-3.97510068230235,-4.555749111581002,-3.3982614801944337
8.033100184093232,9.880563432366129,10.177079214345566,10.798334112923351,0.7335301061026163,0.1957586546635122,0.25107388941713554,4.366694032258403,-3.4673208008281975,0.6562018594021385,-1.0452333126935975,-5.608607852184302,-1.0301091153335171,2.1031637487017565,-1.0281426151108117,-1.1522789583563968,0.15308464668784233,0.45885434040794554,0.7311993538402138,-1.1058141990910872,-0.057558313517828884,0.3987188920227496,-2.01991958163299,-0.4107448644187756,0.9275088558545532,-1.2564870801764472,-0.6609480977426143,0.08305736251075917,-0.5620615266188348,-2.5906450443400053,-2.9391766802833685,-3.879464434729682,-3.979105182083226,-3.5309161979221506
9.440278970470706,8.362862880057486,10.559833460078396,11.010053582061577,1.8772414688104226,-1.3430856673282188,-1.5534631247702282,1.214406974283231,-1.1853389834556305,-1.7469944332010998,0.6025061293947114,1.0861627995046688,-4.44366115207791,-0.32248804694973926,0.06304594913981408,-0.747546981238348,-1.4993286316044636,-0.5813994747572948,-1.2437939104884832,-0.6739469164099415,0.6699477524808961,-1.6155786795104312,-0.7019508770066518,0.13602498001080868,1.3163487370801596,-1.1074041313190015,0.6787234904270729,-0.864490083889229,-0.39964555239381994,-2.944712130543062,-3.7277987133312247,-3.285136465760706,-3.9356545133968694,-3.987278498463164
8.459251326920512,8.135168495804951,9.525270417576591,9.30886569107841,2.8908493506305013,3.050174122234349,3.4417474585483823,2.007184934162901,-0.18506975696830472,1.670427803947457,1.024405360225864,-6.583617912963778,1.3950541031697121,-1.4379047338697164,0.5034138817449584,0.2027463576837781,-0.6122146596494945,-0.710126508968692,-1.0977603478949225,-0.5264725702797142,-0.49429794246132563,-1.0766281767107913,-0.31288794310800144,-0.3026470836497402,-0.7708095665470146,-0.3011982416454681,-0.22400200941802623,-0.10738740236109141,-1.365913197220854,-3.5539632949422533,-4.076742630458321,-4.4257438070951025,-5.288937388532181,-5.296281247420115
7.8353580500842455,8.227341781390432,9.041124549052958,9.74761095095142,2.291489641056969,0.380981145916539,2.808351318751511,1.6381517028052819,1.2470609516803184,-0.23043043623167814,-2.3704563246699792,-2.679470068858398,-0.33919768299278724,1.3165986123599835,1.8377248488330056,0.46777308620877794,0.27138923717907165,1.8207421481425108,0.3084116491475824,-0.6848450262464829,-1.5983704115769355,-0.6569336842954385,0.0908138061029488,-0.3138890087725391,0.05366853251471386,-0.6520898085966833,0.1626428611066152,-1.009075679100166,-0.41965177791476377,-3.601119974633601,-5.232924319804139,-5.739987684829205,-6.1591128135835165,-6.644880497726127
8.289502048245028,7.487326535600626,7.078419895128945,9.44373021096302,2.4729745278284074,1.8444601030281853,1.1172503052124685,1.3656368569689974,-1.1896516434471889,-5.820514918544039,0.8136029578816839,-2.0320375896567135,2.343020720476933,1.09934062545002,-0.4768930793664453,-0.2949955701950308,-1.544611041357286,-1.7312346351341583,-0.7655158130788884,-0.2887870141897608,-1.2601351521605293,-1.2566375485681844,0.8616987694574778,-1.5137873596839209,0.6062991606072975,-1.1436771056779391,-1.5078866157848085,-0.23370519303765866,-0.5192834636209974,-0.2379123831701413,-1.225280956425656,-5.647307327464622,-6.804954374112915,-6.67365512255777
7.642679845824607,6.72774216209533,5.808085781419661,8.487999836347713,2.3723718206856743,0.31671830301242093,-0.07875735816924583,-0.5621060684504467,1.976812206843832,-0.39949902323904884,4.361711206448093,-1.6662610699289717,-3.2348856644549997,-0.1695781296148834,-0.9141342869352915,0.9697420182628271,-0.592008977452428,-1.0330554849201083,0.06868957653879378,0.40503243897429564,0.30357595137658777,-0.7943356599554484,-1.87651980556316,1.0630026956141136,0.379587918541042,-0.5064739982993964,-0.10543989057525621,-0.4383171388703544,-0.3781616310888061,-0.6808378602962155,-0.9872419193734518,-1.79739484147399,-7.478617770541153,-3.675135028485522
7.664887064171774,5.5549836108981605,4.22238226222086,8.065974665898466,6.062316582652668,1.7613634521346373,0.3008035774889331,2.0052203092852228,0.18974334704298174,1.078341519468084,2.057252090922616,-1.3462647705278263,-0.15750527704383757,0.524020350117889,-0.6833831120584747,-0.0952161596105352,-1.1847588505923663,0.18403786514284418,-0.25621347314473947,-0.571087073087696,-0.28995720060158453,0.46306975874740547,-1.72164587217105,-0.9165731988209123,-0.8452801156350994,-0.4366542571729143,-0.4742955503495191,-0.748161782949065,-0.10522581261415144,-1.7766257760929767,-1.9283257373321014,-1.2861381620118466,-7.982349272144766,-8.207890599168406
7.172127108517936,6.080099973986273,4.363361573583363,7.517310736657746,4.714952723714145,1.5454628616440012,-1.7608571355743292,-1.0913776771153088,-2.0216680910360236,-0.7884334987642335,-0.6870458008614206,-2.3364651574986,0.23309397968392642,0.3390048273449486,0.8501286965245742,0.20602732898726753,-1.297600598706328,0.3009612415666555,-0.7424947491555781,-0.7758981412768485,-1.2763004519868446,-2.010505804892197,-2.3162265429018083,-1.110401119108171,-1.9294622647787192,-2.2807193204739336,-1.8195194854511612,-2.446699283257073,-1.45573288143043,-2.351891753407595,-2.148385352813355,-2.7129414686766737,-3.5309570850167606,-9.075093323297656
6.721280874663085,5.0953075883191685,5.070533121212106,7.2973435747511175,5.621678487357105,2.19512560509106,0.6353368511491964,-1.8585490488548382,0.16635452818656882,-3.023224721563843,0.7012567583788654,-1.4120173743474633,-0.06361959056009166,1.620670578563488,-0.6888774811780597,-1.263102777293686,-1.3316576740272772,0.023404778175945634,0.06869173702117828,-0.9378401274904982,-0.7754354481097414,-1.042347577641993,-1.6998752355980726,-2.490093685117142,-0.008003612868752688,-0.1930753670342586,-1.5338226460942082,-2.347499927852746,-1.8202488628136573,-2.485636852532268,-2.1186088455673513,-3.9553915859478015,-8.540993031156077,-10.719436392760047
6.444436303117213,4.937794615490818,3.9917429483217948,3.6878825245651106,4.368924160555692,1.6944107317672856,-1.531922692956483,-1.2695535584052213,-6.233123721233197,-1.676993028852151,-0.5801746195550773,0.9182218017434511,1.2134687324642892,-0.5748003428926541,-0.3000830601574399,-1.8609197431324758,-0.20512336125971822,-0.7119597925647295,0.007345896675592049,-1.257327733528702,-0.8128256429748135,-1.1995272154984802,-0.6112149144989691,-0.3762469475048045,0.47763989974437526,-0.524778918464521,-1.1391011988497466,-1.4591488975529001,-2.00490837207835,-2.629517454358788,-2.5931674835537097,-3.2300978155026288,-10.97252376928444,-11.569026190697935
