script/wind10m.json
{"header": {"parameterCategory": 2, "parameterNumber": 3, "lo1": 6.000027932988019, "la1": 58.9999434238085, "dx": 0.5, "dy": 0.25, "nx": 22, "ny": 24, "refTime": "2024-08-11T03:00:00.000Z"}, "data":
[rows 0 to 23 of 24, columns 0 to 21 of 22]
-2.4733368210082474,-6.687989181281662,-5.4402486054963655,-2.3922599154449067,-1.2402372997006896,-1.168913179946377,0.4228934110700508,1.0433457590608612,0.8688581157823745,0.9324447365615981,-0.2897655259410146,0.8400638229285126,0.8441394417726477,0.9027594470676436,1.0899464718731022,2.869921289988835,1.4591197790982928,0.715144934066438,0.7463298093053146,0.7753219076986119,0.9694281408530211,0.456189307913729
-3.1843572678402,-3.382417416636334,-2.5512881330824326,-1.740288524500833,-0.3121633138638076,1.3429127886895207,0.5780544631124824,1.9491975048291188,1.7305174341453966,0.5483799539087008,0.017257412143217202,0.48436529725809524,1.0646833033718242,1.2307407568892847,3.53705541258191,3.7943947541292005,1.1191310842254416,1.0825239347919804,1.0282032351413948,0.8186292962846811,0.9471258829659901,0.7519170608371455
-1.3973077316207658,-1.4030451125083874,-1.4226493853418125,-0.5519788205820316,0.9103904477704435,0.374334901986585,1.1173796133089884,1.7056525616088665,0.1430378086203628,0.5100705558177311,-0.15231304441755456,-0.008480105625124083,0.62684006056357,2.753259697926883,1.619435545614111,2.0333702519847456,1.147640721183268,1.1302056212280298,1.3054009463883256,0.5439065206744998,0.7872662200793482,0.6551708622791574
-5.125948952153316,-1.6780037220977442,-0.907718018379637,-0.527677472248396,0.12858755484322187,1.3298134171105493,0.6826509852523025,0.02341684660942398,-0.7014258456681353,-0.7452043385780031,-0.6159262256599726,-0.5311041476319794,0.1793150368458052,0.8145715488630967,1.9383342415274212,1.953301485672171,1.423845501525266,2.700586694338801,0.6608264971641318,0.21227012369007314,0.0006651639592553323,-0.6271346896819252
-5.522970204514048,-5.254123244026466,-3.448228452453564,-1.6807928038847324,0.6417440250548004,0.10591378492484917,-0.40850774687193814,-1.0368519968812775,-1.5886724153936596,-0.8663544728873407,-0.957804967542862,-1.1552406710822805,-0.004371642258465848,0.0317178076762744,0.8359825611118389,0.6460631621098266,0.7020232988977636,0.7318785041718088,0.4537728244445862,0.04610021902431998,-0.31099870508910815,-0.34065352436564694
-5.3695798033205575,-5.447780419420372,-5.235634774981184,-4.349589172499088,-2.5585731720385434,-1.6780706143398143,-1.0157348987561037,0.023949560833011602,-0.19725992951672777,-0.7632681683171204,-0.8472189582985078,-1.377080583395351,-0.4910320312432225,-0.18786171503773183,-0.3368615932372683,0.6056454957092133,1.509978792774694,0.9921855957555094,0.42687690858990335,0.49306763165275624,0.6160020746519762,0.8015660295159108
-4.696546636047919,-4.696205713340013,-5.097866510616738,-5.2257887604668065,-3.7436328950075537,-4.008688924739981,-2.4653062492687132,-1.6709937513519972,-0.7588351905963179,-0.21748434360164406,-0.29370733680184696,-0.635218195602976,-0.4304259428363879,-0.0923877362478576,1.1152749846774284,1.5186615248717874,1.0541668928559123,0.6519961778475029,0.5199850528315529,0.8916295089861933,1.0628332944702328,1.1445416085458309
-4.201211271358764,-4.676867720051527,-4.965057510022655,-4.7245945265123375,-4.071844622202635,-3.468497589267257,-3.0205604105206803,-2.5267319884857815,-0.8582897698861043,0.725602428520309,0.32724834978282724,-0.1292132771897545,-0.3184053597265228,0.10539359217451916,0.19596872504424578,0.8859078172464276,0.9883189173304422,0.6866028158907936,0.4145265567608095,-0.08508255409137193,0.49602518556382347,2.4363221235831283
-2.984702958566697,-4.196507310101565,-4.956410557375307,-4.460432932087226,-3.5105289200800915,-1.8708734151190132,-2.337736234964326,-0.3834298920420581,-0.18266691391014306,0.33717673826233435,-0.011758621730291843,-1.039126967081785,-0.9673653609028706,-0.09147096972808669,0.4166166657676593,0.22081830860518714,0.537821524862047,0.7742688930249342,0.8778466126605448,0.4285038887562554,1.1623915804917064,2.2753299041382062
-4.33427360026912,-4.391435246999256,-4.614912540501668,-4.483604895947023,-4.2875418340340214,-3.0854243385212334,-1.7454457422324068,-1.1598563603938958,0.14507473400474055,1.4959498043889234,0.4397928725336528,0.3347301294658852,-0.19229344805067203,-0.2691697453605687,0.2654970188200582,0.03859156801095509,0.12309376064676814,1.5607991366353213,1.3112109463324788,0.48380991194251727,0.4743687418509883,2.5359880733375766
-4.310486610543369,-4.778850207703928,-5.282707535165346,-4.614689446602513,-4.386610282154755,-2.1385258366463993,-1.5993335539592544,-1.523600596756429,-0.6827918640441016,1.9851348333534167,2.0082352520368145,0.7872686669386283,-0.5794232040540693,-1.4146250132794382,-0.7306940335035957,-0.4037093707732051,-0.06943890737044295,0.35130991675524054,0.5740680998734816,0.30015822266126,1.021591453787594,1.181061472154777
-3.319550952796541,-4.085379574039916,-4.710710980764797,-4.565868377946429,-4.708328580268003,-1.1180923339101037,-0.9144556043465734,0.7959486824361993,1.6577133719317616,1.2403508520077153,0.8935391432407624,-0.8760935525148541,-1.7943718293205497,-1.6573912562021564,-0.5864781035888499,-0.4546414460860603,0.3792050544075818,0.66968586308745,0.9714847077145997,0.5102369571003876,0.4082105503323998,0.19870649661852832
-2.933906198230435,-2.7407898696638813,-3.0809441574149203,-3.4765002145415753,-3.487658912142511,-1.3297359866413132,0.10906516454403892,0.05930639587979694,1.3145254970138518,1.7926794055400872,-0.35307867777728164,-1.2051957539795484,-0.7044544553574106,-1.0081321835939285,0.006117468212426268,-0.046079165509020734,-0.012473802459351108,0.32016868989620445,0.8682039956571026,1.2996223489336136,0.6614452588139631,-0.5672026420923699
-2.9200787477289256,-2.6109379422522223,-2.461461864983537,-2.9700056246619755,-3.347513802961139,-0.627115748448195,0.6826556582254398,0.6571968986858059,1.3637785428611022,0.03590926352466361,-0.7478290936910501,-0.3046623265467675,1.361595449422466,1.2226271692964705,0.8325448069816112,0.41857322530274155,0.3765708534789084,-0.24935078592455734,-2.5275458824527766,-2.3291449074350625,-3.4153650732726657,-2.6875529782548817
-1.8178253323736882,-1.990416642831386,-1.7200366638030704,-2.169744352663015,-2.6658185960240925,-0.6160259571812048,0.34343128106007825,0.6060658536596569,1.0494984500412803,0.8918580436275816,0.34935054772354157,0.5703037049758996,1.0016680082354268,1.6429569698640194,0.08351963421386005,-0.39184020988921164,0.2780359866362022,0.7814493364251571,-0.7287501617470832,-0.29563088319536707,-2.5009801137625765,-2.148019916923937
-1.3194828646538814,-2.0403173987341843,-2.819384200826058,-3.3848261834917093,-3.2170417040941115,-2.4563269707281323,0.056657807171314876,1.278901143681682,0.787036027101951,0.91422522247158,0.6624453307469672,0.0499309529946686,0.3870240789212855,0.6392146569720795,-0.7136936178814846,-1.4293853491771293,-0.7459218396508556,-1.301588667045158,-2.0273391117875432,-2.802112822336576,-3.1629487675546173,-2.9573052435205462
-2.3961651265661463,-2.7752852188947745,-2.9643170834139916,-2.8015093084697473,-1.9748909671968904,-1.711218413550689,0.5890278770085354,1.4769180550308008,1.200197605936694,-0.2004138593752416,-0.8148037243013705,-1.2252775084195757,-0.6032174711349719,-0.20318419927518885,-1.7253111767501699,-2.652936742157758,-2.4632644029865736,-2.522305551000549,-1.6625486868685333,-2.618473571303513,-2.706067196527362,-2.3406705101095024
-2.27934820781047,-3.1138399668875354,-2.5858405608574992,-1.6158166949005166,-2.054390315988058,-1.6225915094260512,0.20746697920547652,1.3219348869986958,2.224771156646738,0.9707107415713624,-0.20115108869801518,0.7655796343004836,0.4345513009030266,-0.21552000198385968,-0.7746155624363908,-2.530095437575997,-3.3121729715206376,-3.5076250865266787,-3.09082939676295,-3.2838196364402354,-2.740066296865775,-2.868498319437186
-2.740384241479339,-1.986053084674362,-2.864120369944925,-2.754183759199135,-2.609718500943152,-2.0248985458613413,-0.3649167956975251,1.447439184478512,2.5071771835173857,1.4072871930855702,0.18849061559022287,0.24700761127137266,-1.251563958449228,-1.3921904977668862,-1.860219423225942,-1.496265933230305,-2.1424561638088737,-3.408577563082027,-3.3644348608326844,-2.5766280529536685,-1.8168919055788924,-0.6841788024351655
-3.4979162891382205,-3.9642999741984144,-2.9946846546563055,-2.2470647134392947,-2.5002739717162763,-2.463902065895685,-0.24179375052657612,1.0692942608298992,1.1608949089263787,0.8571700277241973,0.6319784474916609,-0.3101031036741252,-0.5955016239849592,-1.1167252019574139,0.7383267145300514,0.6295153765741011,-1.5095640963638712,-2.2604941870893906,-2.0479342906591045,-2.2706397954754496,0.10444736930043773,1.9539765592445106
-1.844930560809943,-1.6548380637803046,-1.908706040928626,-1.441674495813197,-0.35114716562388615,-0.5645751464979669,0.44126094292330226,1.1238141692397066,1.1275900730135846,1.3177253769963344,1.2741834955822484,0.4923859874733211,0.2314389585268669,0.727274031215633,0.623446090933895,0.527391459461724,0.1655233112186253,-1.3826879072839184,0.25081814183923495,1.5913616496847165,1.1781089542080696,0.5832184267805922
-1.1814001488324637,-1.3309136041013505,-1.1201473524531804,-0.3345672562431363,2.649721188377841,1.143295856826515,1.5168369907242318,1.7323773245591387,0.8102724112564846,1.059036534209931,0.7076870307820772,0.2732476288991412,0.3347964519272712,0.15170837296632325,0.6684327138871705,0.7784338075615393,0.8785126558774795,-2.861606309058084,-0.22160464435832267,0.24676630531639276,0.9568381648256782,0.32714001894842926
-1.4953121470413995,-0.5271013575525111,0.8378112400633612,0.9291389684080297,1.4983871987048123,1.2230360602072,0.5085806787623542,0.5551021409711507,-0.3442138950092691,-0.2973237030020156,-0.2516939299626027,0.07834651286928744,0.1957457740530102,-0.46449271672900155,-0.5876739183574378,-1.311303769059888,-0.7199118166433631,-0.11784055528449562,-0.5484563495512453,0.17979020295490958,0.5035629852138676,0.5404095768503637
0.710648264964335,1.0145930231349056,0.7896439258761379,0.7358445688364679,0.5545176689575865,0.7687563450951705,0.8263966902517569,0.2838706720868278,0.7145631643063979,0.11096420811121507,-0.10576992451994166,0.08357510084246814,0.19397981377053827,-0.36619887000311935,-0.14391035040662656,-0.9740940873676778,-0.9537267256761748,0.7711535176939587,0.14150940141073987,0.5193477819368404,0.20580840422130334,1.78923700475968
