script/wind10m.json
{"header": {"parameterCategory": 2, "parameterNumber": 3, "lo1": 3.000054539987559, "la1": 64.9999836372058, "dx": 0.5, "dy": 0.25, "nx": 34, "ny": 52, "refTime": "2024-11-15T13:00:00.000Z"}, "data":
[rows 0 to 23 of 52, columns 0 to 33 of 34]
12.774911328675188,13.001990200766475,12.515041960140287,12.16339247008583,12.067671445397965,11.741805029568047,10.949929936533612,10.841074401038622,10.854537243309295,10.837512869600054,10.188177538109226,10.152995160065402,9.097938758334521,7.824775941364064,7.246295837311902,7.506662245355563,7.17959455460377,7.389672988379854,4.383868401831519,4.268224982912125,2.086616909238912,1.6653133731232468,-0.21251979697583065,3.105797552086691,1.5137296581411877,1.8596151397650786,0.9681763843974678,0.8680480085037886,1.4904806005957871,0.4138424746440531,0.6497591387050028,0.33253800571583103,0.7803707548847896,0.5317669416088814
12.653294659153207,12.682322050061268,12.525592124794871,12.502242163012093,12.099896068469361,11.08632142476589,11.592617397419469,11.528686868480563,11.159969010971288,10.891617242879892,9.66278949919966,8.01215929453026,8.529111778896448,8.913026605560376,9.412560537790247,9.226457080675946,8.554307408400968,5.590492692186327,3.364106730139984,4.579205180482369,3.001447631137591,2.7806210672185565,2.1105412391533855,1.4205518128676697,0.169378191243431,0.5104132706124024,0.050673695672481395,0.6974429569028123,1.3193707747681767,0.5964120871786552,0.6512586471645617,0.5887227830048457,0.06593881080017133,0.5913292949927222
12.489009056072318,11.866954722485584,12.41277763692462,12.084446215176822,11.72395422510759,11.519339225215354,11.85708790183098,11.208338390005828,10.396040245863194,9.530192527391904,9.052148454768437,8.950726194970644,9.408773464141548,8.07031445915517,9.94558045400352,10.362018018412387,4.28018812924687,2.832528905769803,3.2750572302153795,2.5152536977034585,2.5597301211775396,2.663556092455483,1.160741904799307,1.5546580722727052,1.1086122675985237,0.05337559870657905,0.4858986702527156,0.644663220089242,0.728523253815148,0.8456198030031278,0.7311212939836913,0.5194428470440484,-0.13218533540514354,0.416696863675276
12.46058991326526,12.094103134014198,12.531410011356817,12.191253108709597,11.9239956872656,11.867854369703,10.85544843019281,10.826696467590445,11.158412328971293,11.2242040372124,10.677561574494598,9.452980704503483,8.001444560473187,8.276970962117359,9.541200740790138,6.713209688705529,3.3832440509534956,3.8067795946360574,4.109630870455494,1.8600906116776246,2.6017316886824773,2.4199467582425256,2.022055284710656,1.359022899206138,0.5130094068035775,0.7717615396248466,0.6579675057381771,1.1076314907363745,0.642814483304321,0.796880355301253,0.4304794384188163,0.052448119549534766,-0.10556758111010725,0.2551472142349748
12.847834089438294,12.719521496797435,12.646756946931403,11.806397876953657,12.091289608644656,12.300249354212648,11.473077672650799,10.634030723636247,10.46063590048492,10.163938078344142,10.64741436280929,9.776258197998313,9.132358663156152,9.493899348028988,6.589792427145875,4.545749051039381,3.802917094909674,4.388760599061992,3.791166068486116,2.426711929547575,3.700621887393821,1.7845499936607643,0.922167981029434,0.5899120359887895,1.0001045606429968,1.0688368710041776,0.7207806603715677,1.318044144151343,1.2217589520844145,0.8063434927754267,0.025997593785817598,0.25878277436593566,-0.3677620842213008,0.2160838787520908
12.965826052288538,12.805749089824436,12.704971836417844,12.321338593523576,12.630415384016265,12.36988935544794,11.646647987510134,11.161705864557652,9.769122136113161,11.826158976019968,11.836518911679384,11.964485372506491,9.80085532895754,9.259825727024607,4.146840819967802,3.3704184354448183,3.7903890405702647,3.4788864810536007,3.1896748049356707,0.5650751797865103,-0.06186537605514451,0.23777779093026738,1.0212686412185505,0.5777817354996477,0.6506292795694001,0.7159871655762611,1.0975852155641526,1.1355865639253555,1.4389439738501912,0.9354276618848407,1.068740009197974,0.6463798653205424,0.6349424091401565,1.1585793490847784
12.960031281333205,12.987312118457671,12.895922690928307,12.727767923477916,13.400185611096706,13.002493327147535,12.108941221432298,11.271381770850125,10.258014366843478,11.646830296654633,11.546122642463079,8.688152356376822,6.870086518533424,4.263566970405504,2.775887047549236,4.311748609847181,1.6667094984634319,1.9812622970128584,1.1771473439201534,0.07832173681532674,0.8822828549921283,1.0698748040079125,0.3082708212127611,0.7772246145362165,0.3031785524914453,0.9743892458017662,0.7205339111338861,0.19735850200556732,1.0436439393009826,0.7906695761238621,0.39595869149813673,1.1356809053571397,0.7180991549706786,3.076575654908059
12.881158841141751,12.365583141752253,12.141072607843261,12.357595642132106,12.94903633095114,13.087390331818208,13.732228416545219,12.626136887108037,12.060464131494916,12.102825579589439,10.347361844111216,3.910806140413103,4.6783761557084995,4.301603170010132,2.5996003152767226,1.6243681257977804,2.374769754636315,3.346800753934172,1.3488028672622379,-0.9667510378154334,-0.24213677440940437,0.4016073266276844,-0.6185364607084639,1.2552011496448392,0.3828658693521344,0.4901681820690161,0.5669928896674717,1.0809822710131891,1.080561631073533,1.2800713124678442,1.5039696838044385,1.60621131045989,1.4476648165580486,3.565778464864551
12.77191204944829,12.549704431273597,12.222242785984163,12.80354519660061,12.452103014783571,14.770625110970194,14.989263705469513,15.479917487659725,12.883206124080937,4.194581337816676,5.866647812722602,-0.16465898537330137,2.220536197480557,2.8231671725764094,3.2957389814662177,0.1343218264473769,1.6548351550310056,2.6133723032197946,2.317656427239255,2.6001670148710683,0.8734078134606165,-0.12737811777379107,0.23135462024282508,0.6593742475210853,1.259916289168898,1.196563985014799,0.9749599228392506,0.9913895826463858,1.2734134227575096,0.7573700881635504,1.4004958185201077,1.9268149069379537,4.257054370884379,4.22971559338791
13.4161392575523,13.191095955818003,13.341590031069853,13.03976928828621,14.052970030657526,14.316204477024984,15.888508483991226,10.968652289865043,4.788487271507817,2.043296507764126,2.5482248184752962,1.7987797626669526,5.492966908053608,5.266821941949722,3.8577693895607466,5.005358951070776,0.9086548780806174,1.575416677285127,-0.06787649935092656,0.4436234910016545,4.849692054550695,1.336789920959108,1.261192750904596,1.2561313623940116,1.4676859106820537,1.4602292695186117,2.329367740738016,1.303395846477038,0.4561518535811828,0.6873187083166511,2.5816576062410554,5.775857732628605,3.810288146989639,4.890539703585467
12.390634994729954,12.731983219772559,13.461169398401019,13.811251364290303,14.135322446319359,15.659326647641405,10.105093389081237,4.201203073999938,7.926052358375207,4.634706310673149,9.74301785028818,5.594705163768258,4.386896516781379,7.781736297891707,6.488012371430693,0.6588814116337425,3.20253756393897,1.1227191828698178,-0.23974547216391737,2.0301546983214522,1.7371980950965944,0.7636959946139268,0.5293439819786163,0.3262195201644054,1.7483062726716565,1.0857362624763918,0.17349336720218306,0.23515790069866999,0.7006927972125363,0.8625661348407603,3.6777572930994418,3.0986404717374216,4.154702111727795,7.434881536537986
13.659426600327208,12.91964527109131,13.44878746669971,13.516328822132406,14.726209324773235,9.25154455509913,8.274570756044593,5.048096922757628,4.648562539020416,8.869774207736068,1.7655445054528651,3.84982389936298,4.382729102718619,3.966541883855197,4.716266755531198,0.5568759926580313,3.86297800281584,2.8302027750302154,5.058735565020414,3.8575564917640977,2.906756189937973,-0.5834438028453764,1.210404773909769,1.9514267119573852,1.663478480860445,-0.16191464158081498,0.9308991874096741,0.7043620524769845,1.135402054651461,1.804768666841645,4.083352874857043,3.8042824268913797,5.913643395023283,6.467287311402703
11.707042189979095,12.39145491679393,11.912509034221493,13.750016664167251,10.948918395379449,5.400428845565784,6.214515874060571,4.176657270023682,6.536754988624217,6.5676957570407,4.0410751957653295,7.317763296910031,5.601689728817212,5.0917241123351955,0.6915374846493654,3.534064926040861,4.244048286173488,0.3060671570715835,1.9473372640284223,-0.5769051815836783,1.7634929078514883,0.34729973167780265,0.5730868451379035,1.703449370557336,1.150151838849383,0.5021183861442996,0.8413493561460196,0.4333909423239478,0.17920300324865354,2.464783231001624,3.370342889630019,6.578094049562499,5.186180137769524,3.2660965678113
10.92292723557431,11.549475261134958,12.429478986687899,14.596198860822717,9.965561233657105,13.258397227200122,9.207003737208716,4.465293920447321,10.778199328853745,10.925262947127138,10.672120174801893,4.960090008344648,1.4471627801795053,-0.3189106261905426,3.0233024002002638,1.8921128898542563,2.4136225125016897,1.3699277561767724,2.973334187689615,1.3998937589059617,0.5207559001596822,4.450685255021737,0.7216016046833718,1.6964810280423916,1.6239472629317193,2.6589528819586126,1.7291784983149632,2.5893116738919324,0.9312971777790646,2.869319792512918,6.068015836506151,5.501527709637559,4.605880683348794,2.4058601703160374
11.251861068641512,10.868348824073694,12.468160254833116,14.138497961839395,12.713994117721636,4.50747174598123,3.103055339714251,8.045296250260273,4.931264492912521,5.301763426211361,4.6586342456932455,1.5682884738061509,3.9939137099887434,4.408924595089932,-0.6025853367978362,2.8218667454668647,2.065509083742003,1.6519707753975938,2.639762152336905,0.6596698597608794,2.93915994527004,1.8897497106000867,1.2449744976855532,1.9517096910805727,1.7497785749895338,2.0771389378448477,0.7204944821898666,2.352375087199936,1.0357227035587537,5.5698827331455405,4.959137381080332,4.686018554926153,2.4996480348838848,0.8625335515731145
11.297306949568766,11.806080030300661,11.88285630693155,13.683719015898339,7.06247087003434,3.7977643784635347,5.382305420714034,1.2946204329601845,1.9356853984458275,3.04976698642046,0.6847058182045728,3.693378710494659,1.6227549779482866,2.5912863070766083,-2.0624297908383027,1.9640442310764572,2.857949024483389,1.265858609185889,2.181005482479464,0.35922053208295085,5.228717588328091,1.7148368221839745,-0.35612761905042706,1.4839458617007069,1.8616805206833338,1.4784977005843607,2.7792133479670658,0.5882407070578645,0.7701400982644916,5.190661534984328,4.460198050633002,5.001382047883632,4.254949841134191,2.290935028553185
10.890060458364712,11.425124500480441,11.966667876514395,11.96849499104989,6.66163101149645,5.30726766686891,8.201078762469221,6.855818435092754,4.182716279109953,6.518442356775584,3.4731678952889196,4.205290020000237,1.357586840342213,-1.0459635500126099,0.6185961479849935,0.6549164326427426,1.9875944999307382,1.7277519948629498,1.776404226541696,1.3962152266923964,2.1099462872244925,0.9997338082378038,1.8633041981111094,1.5623353384001641,1.1288352526474255,-0.029862995787045998,1.4517797487774546,0.5227521352402738,1.5769895199234816,3.297727809369995,6.150895420706695,5.8154082578008754,3.3350720769562843,3.006707693011524
10.375240695316565,11.000904732690268,11.503933338476523,11.215622039626922,4.890159338838297,3.58328942027332,5.418607927927855,4.244522763808688,8.73507009621961,7.112297320353462,0.7637720396749873,2.245909734068929,1.5816458627246632,0.5687322148867764,0.8155100999762331,1.789930977380079,2.374970983019756,2.158256210332074,3.2012923928550845,0.45770577112885447,1.160708228867262,-0.9942724331894006,1.0124342334227259,2.058990220828083,1.0915315040179152,0.646372566239022,0.011244522110324858,0.3038268181834164,0.7591156388689988,5.177147576307553,5.607415281274447,3.75298936255709,2.6556913918662652,2.057676332975669
10.631366066441913,10.465120611264519,10.48858045564534,10.023088047235573,7.209331202917904,2.8340145551296163,7.251695945998335,3.3554476649872154,-2.46780802114156,2.0884653411155583,1.305689482777648,1.4270528070380755,1.976887344983894,1.3191177943841113,0.14211094152726567,2.5180736982667313,0.6255255294845876,2.2540142212211918,2.999584539212642,1.0962461995846713,0.989472721609211,1.9489597662052156,1.8474863791642433,-0.6221951770983116,1.6054608070785226,-0.6155706652473889,-0.15982321914119793,0.7404782994205511,1.1378441385727682,1.5651410705572681,1.5626517921380172,1.9734431717263037,1.3536058678425327,0.4478498640538531
10.2080731556663,10.176159444290766,9.110916755057252,8.68203565144584,4.5382126296072345,2.5194861660219177,2.1204655112960316,4.532387401471236,4.899518521768818,3.681920600227824,2.4694828548806433,2.7059663469588293,-2.136879009808846,0.42346017576232814,-0.022247423445633182,1.556861134775221,-1.2349896124414341,-0.5357088810742431,1.2843002377659318,1.1206840789878922,1.361539564158734,-0.08972053068963193,0.613309062223875,1.166845448778673,0.23113191630523688,1.4790319195028134,0.9180508528263526,-0.11457488993130037,0.7904593485161895,0.9145782411242679,1.0380278765135253,1.0608600357169597,1.4614279492464557,0.8318110442658945
9.418042483628215,9.36694131485273,7.686566359447429,7.408510500643818,7.687326060291916,2.6492013880782275,4.557691401192441,3.434634795075367,4.414485101651537,3.34401956011956,3.0069077249107896,0.9324917781996412,0.4306190088364373,0.868919028955791,1.888824356500756,1.342562890007105,1.9023707661015001,1.613493070234172,1.0920813833014529,0.6447539571486779,-0.06469070746430701,1.4105055290844746,-1.0089339813966898,-0.21462244433626354,2.5307883420961432,2.045294892727525,2.0176418308601365,1.8502451168735972,1.341546627076042,0.045402881895617954,0.8339775448873368,0.8074234412032903,1.48887299283633,0.8615812124599707
8.128417090579223,7.431064151515582,7.445976127362159,7.764872834787322,7.297644552026149,5.157008508161318,0.28922658899383824,0.670145575120137,2.716133845467431,1.0265289826202066,-0.8362967000705733,-2.7699428819998,0.7949667148649443,0.7046430884295516,-1.2500506367360136,2.3269056394409957,-0.4931310693926963,2.734768991093603,1.0671213873091214,-1.0400867034189365,0.07719272228696301,1.61279101511496,1.2374307724523026,1.4251928537716616,1.1446480016380163,0.689259708400874,1.3507711204562227,1.9237062386717036,1.8657017898692547,1.8583387417335762,0.21841353016231715,0.13943200476454065,0.26696786371495923,1.8311059415624766
7.247901320281382,7.368961747323616,6.958045964577776,7.141772438639255,6.716293746242865,2.4675429245756404,2.619238770028533,2.262206820258889,3.9778121386248304,0.6379172736544804,0.7576124636974801,-1.179753942632752,-0.5431390021152539,0.7502970253137724,0.9531485102521761,-0.5890234668902312,1.7854332703267468,1.7317876069758498,1.3119007097427111,0.43220255050944656,0.23396937695938533,1.516496432608224,1.8539453846798406,1.0456378099343644,0.8810617818556106,1.2793913796877054,2.192550070258098,2.4206264550064502,1.1987214488416706,1.025480401573379,0.5000268912336597,0.36899261182652676,0.5063868150077283,1.7561615449511199
6.921756064281019,6.982658619626574,7.179522280919136,6.865918945788229,6.149779258652447,3.2260782586278487,1.95826490035514,3.773849647018793,3.1374435546293427,-1.6326819380947921,0.9375226999627538,2.7427615507015064,-0.21977279987165935,1.2126564697322249,2.0214658352458263,3.1333718193295392,1.7723270879972899,2.071279510915319,0.8765145407752255,0.3324375911154621,1.4051303700833078,2.371638016634568,2.1379114992629997,1.158689325618023,2.443158617583879,2.0151417290410665,3.0614490770778353,1.3468034042930006,1.0425954549816348,0.93782075832807,0.5666895030303629,-0.2992938247591444,-0.6163430784058449,0.9861939062057165
