script/wind50m.json
[{"header": {"parameterCategory": 2, "parameterNumber": 2, "lo1": 6.000198445256149, "la1": 58.999992894266676, "dx": 0.5, "dy": 0.25, "nx": 22, "ny": 24, "refTime": "2024-01-23T04:00:00.000Z"}, "data": [6.145785117320364, 9.01018406206365, 11.427726546763877, 11.745492108977809, 15.585184710848587, 11.656881503709613, 14.221686962924743, 13.085392965964347, 20.55833450472738, 8.551140833621407, 10.02164278480138, 11.481029072102904, 8.5599668186419, 9.319098924974808, 9.057001990632045, 13.112379978153161, 11.890173114395074, 11.203848241213462, 12.219023472510173, 14.46773752513727, 13.762867108847253, 9.304047788123956, 6.292551910383574, 5.276610787615645, 7.029888584965826, 14.44670491094805, 13.397309561124095, 15.749827101177722, 11.018415491682445, 13.15379440710593, 13.344089366237856, 10.566096790267489, 21.00815941848778, 9.250752452118926, 6.576709045141996, 9.662587807636871, 8.54377854906706, 13.990914064011074, 13.056556000145184, 16.401479378907183, 10.038031212197529, 10.588264700663775, 10.6280674133673, 14.842984574593265, 6.041294378295502, 5.1542803558571855, 7.404825581526345, 13.682425761119472, 12.981960005511324, 14.003011671670109, 19.932299242423387, 13.102575705997126, 20.000480388347956, 18.60487676795542, 9.522265603469815, 7.897227924229359, 12.463268873078645, 12.55872611381638, 9.38684301072218, 8.4551516141845, 9.027452302459954, 9.082867178520384, 9.594994305101599, 17.271336110954678, 17.42335276666149, 9.641877394783483, 6.142144711276318, 7.0920433360955, 8.169012637529255, 12.231844489781768, 11.869299841369134, 12.910782754352763, 14.001552085207711, 13.565742879616272, 13.71889059582948, 11.799532759812958, 13.614440789820861, 18.950507739877544, 10.480534250979122, 8.640467979904356, 9.830258627861582, 8.346711024459195, 15.312172825540792, 9.489040408261449, 14.909510979826532, 14.679916923184283, 16.71143577049846, 10.664558193519, 5.133524208006875, 7.810685991509438, 9.082345424495427, 7.796788702580745, 11.28774241451239, 12.682846598938676, 12.108908019955377, 19.43518064707923, 18.76426526820795, 15.982921530040736, 16.208802223964337, 11.628305673547047, 12.990054359661718, 8.365667446056133, 10.450460953850364, 8.279771747392507, 14.996363190676403, 7.743596727361468, 16.2713181038069, 11.932451720423279, 12.308828374891569, 14.458943262334799, 4.438422590110819, 11.375236457109226, 9.162692189150887, 10.397873476910679, 8.851874582525031, 12.477402711010596, 19.50512629766823, 13.019019082673143, 14.643948205354262, 8.977630424137622, 11.01997799736358, 8.900776384193868, 8.146876733562724, 17.397985001646667, 11.144355541404815, 7.2188314945687475, 10.6644963380937, 14.138902755693634, 11.468984653023135, 11.891572907619027, 11.582204671777303, 13.274107026989755, 6.037639880748984, 5.765187499657206, 9.458339587774281, 9.258873971962348, 15.408079264496944, 13.824960819929906, 14.133375783788694, 12.626464979356562, 18.785170674070464, 19.147883107663183, 13.252673014823031, 19.62322808604996, 16.78886959870442, 10.255263523844325, 11.865672654138438, 11.476743535729565, 9.295361310168632, 16.111585408810573, 12.182503739557475, 15.289819320679438, 9.381563965975554, 8.569601069338939, 4.364055986295278, 7.592156580134609, 10.18424823437038, 8.480692642760738, 12.526711378173292, 12.90674853129665, 12.687878876511634, 19.465006487240725, 14.770172926322827, 10.111931041526883, 9.688358261510407, 9.828098340947951, 13.060577161716107, 9.889875236891122, 10.922352865947667, 8.452779447031046, 9.314788705320332, 14.245244262299263, 16.593966980527227, 10.884750339311138, 10.49315642245372, 9.272621329062398, 4.667668035394211, 8.487982720255216, 11.535043483616565, 7.022974335240445, 10.747201743591875, 14.222363947606077, 19.54786350493187, 15.719801446352538, 18.93178544041155, 15.648735338616868, 12.83805003878746, 8.967717817720137, 12.874504808493423, 7.534458423497256, 11.487246290104661, 8.316723823211259, 9.669909701439453, 14.84355348985323, 16.74580134050174, 10.792728638457914, 14.098233476994688, 7.846706065588774, 6.066598236183403, 9.206356077699049, 10.073130505126057, 12.399696420021744, 11.90667260101735, 15.54753402750879, 13.92754540857371, 15.130601876919346, 14.221886285887917, 11.24247018368893, 17.44721274199357, 7.861779907187872, 7.735031657172374, 13.221869910196075, 8.06241927356432, 8.388214459939364, 8.673265349020951, 9.19804372011001, 13.41446556107101, 17.874592853568824, 11.385531720034399, 9.395883485521967, 6.152008397503418, 11.636144273957166, 10.804862124242115, 12.081653012986711, 9.508007690914347, 12.962110840224815, 11.369739642283408, 12.356831142219711, 18.848790166984816, 11.741852495433918, 9.599145869024612, 19.069247673523957, 9.925224252233173, 8.339623660756327, 8.765024828750736, 7.930359868938547, 9.384819587981106, 9.935235921907386, 9.632437184878974, 14.834849412193858, 15.814279330696078, 15.424184218144664, 4.822247956936247, 7.1319380823498735, 10.035183272091974, 13.618623428308144, 11.061570689698684, 9.219197583866366, 20.184926798595964, 13.245836369921197, 14.264274616818224, 9.284436034355819, 13.13033190648306, 9.539655897647393, 18.19240268770779, 8.752488619871691, 10.367468368499408, 12.959247662381452, 12.454615932606817, 7.760142395357275, 11.480665481956228, 10.90812950681264, 10.790378482298745, 8.085799066183657, 5.51479356866878, 8.415656755788538, 7.989489610642434, 13.431465741199453, 14.863014514466313, 11.954488159948134, 12.183900709144634, 20.32779591064948, 12.014073277855736, 13.580549070724167, 17.583063534490332, 7.748792220726246, 11.745586453528034, 17.518277841440163, 8.389320125200337, 13.962633023311618, 8.199863953748464, 15.908912213992435, 16.571471263664616, 16.81369060611538, 9.39456422029202, 15.059786815087623, 5.383995409154938, 9.846452870170102, 11.38659586338198, 11.437940988040287, 13.008835123473505, 16.255284520089837, 12.017756371785072, 11.327930924783276, 14.893178796778287, 16.040162781623543, 9.472891471724108, 20.473793946607486, 8.119909407827377, 17.69208322138695, 7.667754719499902, 8.065711312498829, 8.747176522655996, 15.12536541189871, 14.119764565404331, 14.71224772543477, 13.003687012174334, 7.784155070356763, 6.334187614390821, 8.080601663175562, 12.179801675276202, 10.787199204231925, 11.730151671425537, 12.573238855685062, 18.93792276166397, 19.596706468823463, 12.369536867414636, 9.075835295399628, 12.057193037206709, 10.26256956118881, 7.881768395092047, 9.401315791277325, 8.465565322221474, 9.247768981414891, 10.696063962893598, 12.73496687594134, 9.783022344790895, 11.488608610371358, 11.089255586305708, 9.021105751503086, 5.0276452636769084, 7.094874142002822, 12.073259851325231, 9.632353459334345, 9.859205325397648, 9.62125885987877, 14.169000645447383, 15.726014496984844, 15.898008340966673, 20.880701013602664, 11.768890331842876, 9.26963555118124, 18.45416869354561, 10.114338539124795, 8.59984898721075, 13.613776115495366, 15.433517168248276, 10.023849313379731, 8.254861885143358, 17.709511052369695, 15.716534635433938, 11.135265025323896, 6.3703213061568125, 11.701012243796322, 12.81210120096365, 6.814516928338287, 13.859438754357539, 12.639841970541758, 17.926535465614478, 16.37112847897764, 11.785798445263255, 9.44039026351981, 10.575015848340868, 7.928369431616077, 11.246885282389607, 9.181525783978843, 10.543962208763604, 12.556415756158664, 12.142413948780952, 11.629556155479682, 16.397728317145052, 13.629347347335859, 9.563541481502263, 8.927470109375854, 4.919238316836464, 11.308276770817594, 13.793670993798, 11.91727645959046, 13.351003178534386, 13.109779147752494, 19.471883410842064, 14.160988989732916, 14.9051364683666, 14.035554230155732, 21.7358309348037, 20.246680367027327, 10.350059732546521, 12.991954446472038, 7.993322507848207, 9.692563736846392, 16.999004770941113, 7.016375573341132, 14.533615980200317, 11.421952814019509, 17.48289274741552, 10.189506926558733, 4.879940295709775, 7.02440737045102, 7.028023450325699, 12.279741625490363, 10.500938614459828, 9.047993528135756, 13.737539973218261, 13.364602901302833, 14.31123615081179, 15.290692470857392, 10.027194007416904, 9.31924756394511, 8.869323281722272, 9.08418397477451, 17.61794620734006, 9.27914974879395, 9.013478856459827, 14.27151293742188, 9.453819234854999, 17.839943857782973, 11.829255688362153, 12.771758702847727, 5.894067952209944, 7.364974127239587, 6.255939560607743, 13.755709265690426, 11.750150163779054, 11.326623905149226, 10.348303842043029, 19.963071785164463, 15.334820724793566, 10.307118671364874, 9.998155787438519, 8.25469018568446, 8.54756901023787, 9.631805211360833, 16.32920360875989, 11.634406815440826, 8.568380171925678, 13.516187982399739, 8.79281841868039, 14.200358641354766, 10.791626169814517, 14.155128251655146, 5.320900246082625, 8.553536258425499, 5.719361993055755, 13.529772699068621, 8.237389562064452, 12.799471286753974, 20.126502747441016, 15.636298483895233, 19.323000682111875, 21.044098807778063, 21.10501480242304, 19.642023511853527, 15.12642776137348, 18.226794515756577, 10.949467206486922, 9.716589794738262, 7.670207436087286, 10.695047474347875, 14.670886866968429, 12.456682952924176, 15.570758563672914, 10.81505907359242, 5.8837742857489665, 8.6799588877125, 5.195730680059156, 10.936700468225437, 14.140649219233707, 13.522064393836526, 13.85320781979407, 18.73164595258685, 14.124160289877716, 10.244582134890532, 7.813785790531233, 10.404684057758102, 11.22447367045374, 17.353190630718498, 11.184901524104193, 10.25495790570743, 12.340055055928127, 9.315193827828294, 14.671712068218326, 10.855197513323663, 16.731565539987137, 12.554495126853256, 4.7430311935931035, 8.46536369044948, 10.628240829508556, 10.320608475437721, 14.672125888242224, 12.145334031179452, 16.31300589524068, 14.736546389479138, 11.70407033252507, 21.01792865450943, 7.587168799989066, 10.55781938031526, 12.537687264324525, 10.049006847625096, 11.379652068763464, 12.472545086080544, 10.398983522333662, 9.682255182180123, 9.582121536681527, 14.49711260687619, 10.109752537081569, 12.827340932330223, 6.012259205230901, 9.379911559803169, 10.266299640916, 8.664372714357139, 11.796032554420883, 12.42699680324992, 13.143111228400821, 12.9379292879246, 15.003435304860261, 9.383531415717282, 13.960346643644618, 9.108590718815435, 9.039843663447588, 9.358441030170622, 11.553381498173815, 14.625103782257568, 8.872299170612937, 11.201958946877424, 8.743476343626574, 10.195164814932118, 13.808283951810212, 8.520619082817644]}, {"header": {"parameterCategory": 2, "parameterNumber": 3, "lo1": 6.000198445256149, "la1": 58.999992894266676, "dx": 0.5, "dy": 0.25, "nx": 22, "ny": 24, "refTime": "2024-01-23T04:00:00.000Z"}, "data": [3.488463334737511, 3.871858183090312, 1.8310926326457706, 1.2742454783339732, 2.2704694551140325, 1.835258267902109, 7.635322994645019, 9.685086578051235, -0.7618575794041884, 4.078620971443434, 1.9191990653317512, 2.7591601986984102, 1.69402056323416, 4.254516054789354, 2.5334667916240243, 6.016770090174442, 7.134298297075489, 5.748523589974493, -4.908051542712501, -1.3102331123753517, 4.872089985743559, 0.5653640866881859, 3.6498479654162743, 5.223451845250814, 3.521304278918584, 1.2644049471421557, 2.4546339486307396, 4.4925253540057914, 3.0173098889343266, 2.5008227623377746, 4.4399325137209, 3.6861421978287594, -0.6467286519421688, 4.343327249036633, 5.310182736285601, 3.233229625759089, 2.931153747968203, 6.6098821661724685, 2.051434285386749, -9.094512242754586, 6.131520358857816, 6.668188220759444, 5.87996176343521, 9.001691917449902, 3.5151365851184604, 6.181308707786208, 3.7117883803103826, 1.4490130964568464, 0.9225618944617188, 9.773884217690266, -0.8892406912129951, 9.171915450183285, 0.4230424899477339, 2.4087851376742977, 4.299519975117715, 4.002072028794036, 0.6230347240108636, 5.860739341527749, 6.398135812585949, 2.4035977356712706, 4.301704568097687, 4.499962747219992, 4.402223532074881, 7.145740168740654, 7.665440187667303, 3.5107743519102645, 4.089895025418235, 3.4005974136729833, 3.7658142222075157, 2.0783864112862047, 10.816159616693296, 8.51871306490673, 6.6262746564780075, 7.661780520639926, 6.213545010985303, 6.441906896394539, 7.233699369941973, 1.2099014888122148, 3.653048022726725, 4.876561738466473, 2.3625251762777766, 2.51711731983877, 1.4455255465437205, 4.327462326663024, 6.345738681720949, -1.1943415917139628, -7.557785565571293, 5.315726902907383, 3.808685506264665, 2.7109012586287315, 3.7157480936791214, 4.6490329592485695, 8.322933759248363, 5.232507254998502, 5.347528294753049, 0.006898665508004191, 1.360676455403456, 4.92680722950565, 4.809395996479651, 5.835630525313938, 6.888477376380031, 5.554481676742266, 3.472550022210515, 3.059259723847467, -7.001710571149366, 4.620799719372701, -0.07697246337894717, 7.339759239027401, 6.159248356642899, 9.179700364269785, 2.8086803271003054, 2.160380068670256, 3.6574429843111234, 9.550687144791008, 3.2069064045511912, 3.420544095635356, -0.16405371043175848, 9.634459475162101, 6.655954193693067, 3.278924908916728, 2.1687992753489382, 1.4506495441843756, 2.055118792208918, -2.4723912719763907, 3.108456222488738, 4.045605834700014, 4.425452505014663, 4.044834255345588, 4.7582962140656715, 5.910235588460376, 0.5372722299835931, 7.591912464842068, 4.171991913942718, 5.889073469739079, 3.4407265711223403, 5.115687142461972, 2.2922027767352584, 9.99141794394403, 6.970093237204154, 2.65381307088495, 1.5203867814680676, 1.0466429277698504, 9.115058792474935, -1.6747328306651923, -6.939157852598015, 4.381537948443804, 3.0686124196538946, 6.013743847655487, 3.835884150501235, 2.438946444266314, 4.7696215162783595, 4.539001999856758, 5.927812423647869, 1.180672913642088, 3.070254525893583, 4.108159260616146, 1.4393002195543818, 3.660741097458506, 2.17784735678829, 5.329830059372965, 5.494665570118259, -0.15266722967298293, 6.403064259896577, 3.928705673636629, 4.3564265409673935, 3.194207302648679, 0.3855349821063311, 2.006396270001186, 3.7740909237317832, 3.5457900081172133, 3.4668429998110226, -6.765046389108179, 6.3386449704761665, 7.121452897723612, 5.751438342587464, -1.5815887062791818, 3.171749031245224, 3.178039327132783, 1.61681657080195, 3.6905547952590156, 6.2934858569352965, 3.6508542136478295, -0.35351249581843885, 7.3436789785624415, 1.7935797731884493, 8.235862634463857, 5.61744001945067, 3.5530737015467593, 7.806719620758899, 3.7153331096380318, 5.8638252872369385, 2.437727225614647, 3.6334713005525914, -7.740420826059432, 3.1649280988637614, 5.113327259421859, -4.942722728680538, 2.2133279825377685, 3.512659095900138, -1.206806371441756, 1.5798829791878324, 1.265550268558111, 9.91549987345922, 4.508186941140548, 6.784293959749029, 2.5658555819950455, 6.529113333711285, 5.064837671739172, 3.702430837441673, 3.0280100871974853, 1.2816546090661995, 6.439090111058107, 3.5560408826794796, 2.9434870974318272, 3.9891549080038553, 4.30058600859286, -4.154118633973067, 5.563623702539266, 5.448894022468789, -1.1757723085083436, 3.7660429582093498, 1.8748475014580583, 2.055996640155497, 1.8690663492291735, 5.550588809168471, 11.001948457726135, 3.0356675184240918, 8.316640417581405, 1.6691953282080372, 6.390217545910233, 4.499642931988776, 0.6034968673051122, 4.5204212379452775, 4.9069143368420365, 2.5764546826389694, 5.562676403907774, 6.419808201870734, 3.797511087174278, 6.564078610934072, -4.981192851611091, 7.419440848873062, 9.2067092264372, 2.780551699129795, 2.4238286009708383, 2.0464916034799123, 1.0214289690048348, 1.4428176961338062, 6.21641801685251, -1.2642630785727489, 5.352303819716817, 6.715901938333504, 4.490728877728777, 7.084932905075083, 3.702564621978594, 0.04318881356850417, 5.958509749464049, 1.9068164759215855, 6.039031209313174, 4.761488012553402, 4.745759550931394, 5.956277769749416, 6.109212783752157, 5.694182143918233, 0.3492397325550961, 3.4347148195552246, 1.1941508265388925, 2.4762527854420044, 1.019681727484218, 2.7782073111784737, 2.293950182123193, 7.144663246837346, -1.7875749863414887, 4.02246122751254, 6.533673900837829, 3.6180663907650934, 2.907470701573975, 2.728428612987817, -2.6558572133213536, 3.196309048320316, 6.878172317035336, 5.179051497449459, 1.1796693754859089, 5.555802354927796, 4.709883441256889, 5.512923413546865, 9.559707144205586, 3.7924688966068887, 0.6969973329980156, 1.0441401405029325, 2.057529797006005, 0.8955638493379381, 3.4135838591497913, 2.9867326683349065, 4.917902825255164, 6.873570261802402, 4.92902565975337, 4.425766668403194, -1.5711198146118468, 2.261773509471204, 0.2826171854876576, 2.7902399211334865, 3.2030828228289017, 4.706413734690613, -0.43788759293590357, -2.6537785673297587, -1.2077076465457106, 3.785899312906517, -0.0562996762340584, 4.139212362385585, 0.9898167193845621, 0.615843624339835, 9.370070179575505, 10.713575020310333, 9.28711978588932, -1.3135940034846019, 0.13205907212786522, 3.115174202612119, 3.3295807867367713, 6.654826101903064, 2.892962803766856, 3.1548074128775028, 4.055477740876204, 2.2361348304799042, 5.514295889644895, 2.049878171271244, 4.721756897836829, 5.760386683569538, 6.086443274317494, 6.1478479794529575, 5.906665805729358, 2.814261858028228, 2.6817532249187934, 0.4345511317846242, 4.414183548124023, 6.582303069842619, 5.991700239371021, 4.615092814685289, 7.412786932852989, 7.111589483102231, 0.8758582058032504, 5.604926077568456, 4.067011702902898, -5.063512626530465, 3.1674388594256557, 2.4528731485610358, 6.213961602451171, -3.2485047584854843, 4.417640776935588, 5.690730543724839, 5.8225284860194035, 6.246618110642442, 5.789337808691159, 3.455978780352611, -0.7155092025111801, 0.46345283784944463, 3.25703329013182, 3.000964461843231, 2.696358071550444, 2.0417130352076267, 1.4696731951299735, 2.706102570293003, 3.93810480535106, 3.050741119601822, 3.1295422021405654, 2.616359652564881, 4.258401400749267, 6.895862908039726, 7.2355560569651205, 5.621462330423154, 5.403275501450529, 6.075189284265391, -3.9143324361083587, 5.557228750435908, 6.263822796754577, 3.501401076836042, 2.206007982336295, 0.5969921600730973, 1.383428177668624, 2.4123010868121235, 10.803071797896878, 0.6889866670473552, 6.60033596480991, 6.751478857854069, 6.6884739247812055, -1.6794162482053496, -1.2961068192673608, 1.730171921983089, 6.124425055065999, 5.496544276302642, 4.112606398455249, -9.854319923594606, 6.089428133118222, -1.2171498954411044, 6.764010716727162, 7.313872879514969, 4.029242838382662, 3.205891286247574, 2.8411998102745346, 4.258606625207881, 1.7725144738426974, 5.951123588323698, 6.085608739921118, 6.621071842334547, 2.528555229551134, 2.6681180455079834, 4.704577251795219, 5.600598412791891, 4.357389413891259, 3.4563508273903563, 3.2696348090977785, -4.572585684792453, 4.408797857924426, 3.87734365498861, 4.144348351788293, 5.795673301049326, 7.343173425883346, 0.2866856860581532, 6.776499083535574, 3.5912787200741803, 2.2541206383481924, 4.699225140264492, 1.2113538017145848, 9.281283002826553, 2.0067066930648836, 2.847771843298399, 0.032864926229243474, 7.007739378527384, 3.653966246373527, 3.296342880167359, 2.144256189272517, 1.6150830060724233, 6.258675590830852, -3.3804594486101855, 5.567959032742014, 4.12825453763459, -6.051135150263862, 5.339809872278296, -1.412399110994275, 6.122681701581071, 9.601440033188569, 3.652025397517279, 1.8914841459981342, 5.869352796328325, 1.4925915333964703, 4.455540455975056, 2.479409270720512, -1.2381932928501684, 7.773622132592226, 1.504795525227323, 0.26466639962173794, -0.746831606233333, -2.097684203321834, -2.1241101005253826, -3.214150281684398, 3.5883921486531007, 4.887700715963954, 5.182486040162422, 4.458182027146984, 2.8026040342069884, 7.3406488518209345, 5.43743200911929, 5.36161047290734, 3.4340638235617487, 1.3829580305302958, 5.684917335886251, 1.4742677880490556, 2.7804883231283717, 9.002287766358439, 4.996106359178911, 0.8739425039522568, 6.74399060396105, 3.4767703422695804, 3.685467415384828, 1.5177097363804306, 3.2853415452127903, -2.2914645564970435, 3.3414696400423316, 4.731141161229422, 5.02447079876307, 4.266121753547875, -0.874653272310712, 4.586616827164901, -7.566285661572936, 8.470099690559485, 3.4120546890017605, 1.1761211103107845, 2.5951465312897235, 4.886925164164299, 2.5556118448103287, 6.433450155038453, 2.4586856796949452, 6.385360289985221, 3.7386893516071247, 0.47298203433644065, 4.397986006714023, 5.489627546257762, 3.285014251261574, 4.153423319078772, 3.0585401653990627, 2.633384692845863, 5.063900406398535, 3.5237342392105164, 5.754681568277186, -0.30898485937825726, 5.039204012914613, 9.552506461485587, 3.7349573878570435, 1.0047437472767247, 1.6105401082918938, 2.7314016820659988, 10.396010419337886, 2.3967214096037694, 10.51412903108712, 2.6016477067634725, 6.906444372426428, 3.8780715956240868, 9.636827373831432, 1.5475134470435994, 3.16985470029057, 4.42562965159902, 2.872316795501239, -0.22732304621699295, 5.085470540353808, 5.127714755725649, 5.810969048476806, 6.436645437284562, -1.9814395633840398, 0.4526451890833428]}]