script/wind10m.json
{"header": {"parameterCategory": 2, "parameterNumber": 2, "lo1": 6.000027932988019, "la1": 58.9999434238085, "dx": 0.5, "dy": 0.25, "nx": 22, "ny": 24, "refTime": "2024-10-08T18:00:00.000Z"}, "data":
[rows 0 to 23 of 24, columns 0 to 21 of 22]
-1.4500340347012939,-11.983458208963262,-10.299406490171815,-0.5015686224644895,-2.4641904366305534,-1.5062246249632014,-2.149144222742466,-2.9808823044501334,-5.854918626948502,-7.409161450646926,-3.7775619739251725,-2.892251593663685,-2.5798219997547727,-2.946694381098532,-6.0004441315220385,-8.073631055922984,-3.5491421299277404,-2.6154573450358263,-2.2895224487845947,-1.991980405191818,-2.220569925058726,-2.5054246485599894
-4.273465008373237,-5.379268270374955,-6.2445041881321,-1.2251036221524039,-4.278975605188442,-2.5759549207028103,-2.620148098284367,-8.756834233115466,-8.811992207803534,-8.217358231897816,-5.985438809806225,-2.4816008996831678,-2.8953441637756634,-4.9450504702009,-7.897739090045247,-7.581821924906131,-3.5643411495545605,-3.618682798887113,-2.907482531565952,-2.6127095531472695,-2.493927038014778,-2.239462282435066
-4.207981848028553,-3.160060951417042,-4.5588038936176964,-4.252918230246731,-2.97254315486752,-3.5180271558521548,-8.457936722267954,-8.479076763630617,-7.650627302524424,-8.611056482424928,-6.963416857255316,-2.785135667551202,-2.8372494512835926,-6.864465238186547,-4.610599780875823,-3.657461874288938,-3.84793556411468,-6.886840584625305,-4.804120195954201,-3.0763618198383877,-2.593206080312046,-2.976135398573005
-12.367063556973466,-5.393716425684885,-4.618227582476143,-2.5813848091260665,-3.2649862964861387,-10.551174296789535,-8.843982958448722,-9.574372198029339,-9.90186140900791,-8.616688201115299,-8.796915914240731,-3.7450519326292833,-2.883992980726796,-2.8544143094932237,-4.4336284239637145,-4.601775776003109,-3.5704823783605364,-6.28084727519224,-3.1689760455178826,-3.0150806103911587,-2.371109321018007,-2.183812810679097
-14.556475740766171,-14.815374579276487,-8.25326811641223,-4.732015763090906,-11.20414628577087,-11.328027114754333,-9.421837060271375,-9.90977369146786,-10.520956189546432,-10.338913009766957,-9.182582947005589,-4.8393607954943,-2.883131770243879,-2.523196465695161,-2.776174667306743,-3.592471628755884,-3.19437213345393,-4.948625885422829,-3.3048877988358583,-3.122570374321995,-3.261972875863727,-2.522752004781572
-11.270898457532528,-11.454755407716439,-10.83024546686409,-10.734818003783959,-9.947376481661696,-9.68593553146849,-8.305449423211185,-8.260475804245338,-8.342883182883204,-7.571595251287519,-8.373274659524943,-7.473836475453944,-3.753936290264577,-3.0278046267524505,-3.401076406407126,-3.596504047380493,-2.129168975802995,-3.755554478567277,-3.103105318590218,-3.0676541002847664,-2.8510129867994936,-2.6467597248241868
-5.171316454018331,-8.369513180424107,-7.783025777729926,-7.191708332973796,-6.851298363867764,-5.4919108794487705,-5.3455646743912375,-6.07825121304994,-2.905536980750975,-5.471549414457569,-6.501919761548568,-6.910876826263374,-2.9859253640311945,-2.105366914171045,-2.4003074240887066,-2.904158337674374,-2.6790237185589634,-3.310444534418857,-3.1528396292953675,-2.8383357480893974,-2.4396288957529184,-2.385707963490904
-3.07438188379702,-2.2746791771210324,-5.093874186651029,-6.42251617437505,-5.001929645807113,-4.322335094353538,-3.047234078067092,-2.699980146937829,-2.4110384458949605,-1.2090428716066335,-0.6135250958256822,-2.6399021547723254,-5.911186076003437,-2.1153628990449334,-1.954172843266642,-1.9579397425241933,-2.5095287436016234,-2.6299161239516122,-2.811176911598703,-2.6324463834827974,-2.4761370438962818,-5.022600832177628
-1.5869345432423771,-1.0748421079102375,-1.5859181070520256,-4.417778931907264,-4.763666691823414,-1.0014621295269228,-3.0603905770048354,-0.9403249002383414,-0.11714712851984597,-0.23338031972219966,0.08950463029655639,-0.015730652643171975,-2.1701865564608607,-1.8563234916663358,-1.6015766589728344,-1.649485025043167,-2.818807931439079,-2.3359290777899298,-2.6637380990480586,-2.3532441858705533,-2.40994313396845,-3.980302795707339
0.8020113105995469,0.08208747369755492,-0.2972876544071987,1.8117571314594292,-3.3176144511719294,-1.915652321648689,-0.9029954662231533,-0.9030645771400662,0.24573039377737754,0.9163074180055513,0.020478278104479372,0.32526321042866513,-1.2402735645895266,-3.6992941755779816,-1.728329914437754,-1.3020051368805423,-2.306368055323067,-2.709328624291101,-2.2249913859354584,-2.272380400804732,-1.648334322893027,-3.982146691313722
3.9035714524503384,2.7443275012694412,2.5602435684374463,1.9777183706848744,0.7771026710891551,-0.8737158461134792,-0.3469746399437512,-0.7556823313361954,0.04601845209041214,1.211756640591372,1.833857948904538,0.48188575817231877,-1.2465024493366028,-3.083081407547684,-2.364246543013485,-1.4739413172822715,-2.266811582831513,-2.064226766407814,-2.0414288462928587,-1.540995404263056,-1.2143733359476265,-3.337963562648014
5.895680443342629,4.839782610207161,3.266494482721327,2.4585981555275347,1.683326378130797,-0.03907469391466441,-0.5580010281329265,-0.18384022613861617,0.7894040536988819,1.5974095509435104,1.9685638503971432,-0.40073808130797445,-1.5211645157352065,-1.6320137715489345,-1.6594761882172282,-1.257659227586585,-2.321101586583079,-2.0391160319084567,-1.9582116168341706,-1.7857154489882412,-1.9689255538421184,-4.527025101361697
6.399019640518311,6.048799784368132,5.232020732560083,2.746015215607798,1.4429712031573656,-0.2567284179048452,0.06274301872772757,-0.1919360521829568,-0.187795671246976,1.6482022697247116,0.6677399874542586,-1.0322957305687568,-0.8416691616569587,-0.6969772831190104,-1.5277922083017441,-0.7221812710493405,-1.0222251924603922,-3.7689581679993496,-3.9076905056672397,-3.9834102157933904,-5.739943618526897,-5.592444442296067
5.7901002865469415,6.340627187562689,4.770688328659956,3.0839137237469734,2.112414633120498,0.6119848420430438,-0.010048502466969311,0.017848303932475034,0.2309327314786077,0.057437000273387766,-0.2832233031996584,-0.5369444037199268,-0.653734681022288,-0.6159887084736823,-1.6017960455885374,-1.5371912348135928,-0.17569330080197498,-3.8562773906201593,-3.8421701161930812,-3.6774535055924575,-5.070847655166479,-6.092370465429034
4.443264029870354,5.936121831869831,3.1890613840431805,4.146230643722988,3.1117681246282087,0.05765543887106975,-0.21612695795585726,-0.1258316702699451,-0.3447913928721158,0.038328764144958775,-1.621080384303105,-0.9283182151626538,-0.2929593287935959,0.13848282949221719,-1.034423227756974,-1.0898286631739968,-1.20718147523342,-3.237549651381065,-3.882820120134405,-4.42960677818605,-5.253325641712387,-6.1758675528659746
3.709180151966298,4.918521608469663,4.853883696450489,3.561765881058128,1.851999958861505,-0.7462306376356015,-0.06980776466238657,-0.8583695903850883,-1.2529863285797813,-0.11461435572773836,-0.93390180261073,-1.0123191638115985,-0.5238904668209431,0.7854090718455551,-0.5009571675796447,-1.8905708731962305,-4.22967632384937,-3.9682269170515854,-3.0308304373505255,-4.596928565845445,-4.8117209856038095,-6.690693456754705
3.7609266139844806,4.313284091855965,3.9943755478509058,3.085672563119654,1.4880158713074072,-1.092548956570715,-0.37023004313085794,-1.038048501172018,-1.6116827298715868,-0.856275557985941,-1.8439086545474328,-1.2412749453628806,-0.7340232022236516,0.4131302251092664,0.07886905761685915,-2.1041333407867753,-2.5999242431881844,-3.5228252794905477,-2.3484310830131467,-5.435961563045868,-5.033388220188992,-5.654936440342923
3.803276143400857,3.5452183624177644,3.2415773919209037,3.771049657685226,1.721585300322177,0.030594592146738108,0.2243964050543079,0.17179856007542435,-1.4765442416173886,-1.4588844212475987,-1.947771013560329,-0.6790530287331847,-0.30264651831039585,-1.4527625698536688,-0.6833189153628059,-1.9177676336671914,-1.6355121227124996,-2.0860302843746856,-2.9849941047427246,-4.949427886181301,-5.396540042247738,-4.969675621009196
5.114922913701622,4.267578602142344,2.9306241388766487,3.3255933081928144,1.3937120270512975,1.1175677915138422,0.011728910114396826,1.1341933014758285,-0.18019975135113375,-3.2582921878102944,-1.461175705209038,-0.7304837426343743,-1.6493247493944554,-1.2391346613571874,-1.387403013146089,-1.6110368337660188,-1.235438299549073,-2.2329949863649263,-2.8663596941127305,-3.862764297605639,-4.741405348622929,-2.4282946169598456
5.1791498787934245,4.633965731362592,1.042644867223744,2.141597343978501,1.096858076934089,1.9056162860676478,0.1339741417292792,0.3721052702987382,1.499117585928713,-1.2942552448917262,-1.3379352671169666,-1.1132687976782039,-1.8037320732801123,-1.010148565086411,-0.6144426266379486,-2.7588282301487683,-0.3354605911332723,-3.0489782163241363,-2.7912510281203957,-2.9067905790705777,-1.904647332480261,-2.216461505860452
3.392188044523557,1.295089608142121,-0.31537665922160363,0.6428808485006016,1.2576111164260966,0.18378722265312736,-0.5956225364353933,-0.004360066882961566,0.647505723982288,-0.03513649023920293,-0.3242355166315017,0.4034792351090486,-0.91894250568691,-0.8256128657101592,-1.068155144510374,-1.5402343924473338,-0.1002121931226546,-2.3787198279556847,-0.33956698340830604,-1.093523359546916,-1.0695394733900856,-1.8608847510865258
1.55033722835379,-0.3961864849082386,-0.7452485887016511,-0.5820042491557516,0.5099085879482721,-0.859121209500139,-0.5696624056464324,-1.0220653401677546,1.0001802142829013,0.0813766104869435,0.1935759504577625,0.7973720409143646,1.522566040196079,0.4713862117626223,-0.6309285059410267,-1.4271115058532788,-0.3305335728608343,-2.2913332546828586,-1.0759459581736825,-1.0024047290289468,-1.3158994405651772,-2.3420310560965216
-0.6613312276307658,-0.48781025165078656,-1.2634904342101039,-0.6160378595633562,-0.5267081392778183,-0.11783644584942475,-0.3971258832260469,-0.3237744777171972,-0.6766518773134788,-0.3219069068526695,-0.8055510270452899,-0.8185121277314994,2.127651316454493,-0.16857559910061923,-0.808243573092549,-0.8109229406420007,0.17158134766520422,-0.7853362359436108,-0.8342070449363485,-0.8480686031584648,-1.1811375525008303,-1.9585661721045768
-0.9261982232019171,-0.4367685516543961,-0.3645504149044474,-0.5685143242834814,-0.4988973062813406,-0.1305894733387403,0.07382285741989965,-0.37051213760751744,-0.5828413622447169,-0.07360829100154724,0.1020906636365951,-0.3422866416285654,1.0678962757507986,0.5820954256135359,-0.10920456771536413,-0.5124917870785622,0.3918765532616716,-0.8942933074655689,-0.9608228442215537,-1.013752201367926,-0.9366843535836071,-2.1900678002487792
