script/wind10m.json
{"header": {"parameterCategory": 2, "parameterNumber": 3, "lo1": 3.000054539987559, "la1": 64.9999836372058, "dx": 0.5, "dy": 0.25, "nx": 34, "ny": 52, "refTime": "2026-02-27T02:00:00.000Z"}, "data":
[rows 25 to 49 of 52, columns 0 to 33 of 34]
6.930368135631316,7.690545209284627,7.7185343637962855,7.921393882248338,6.893146394507281,5.994806988998134,3.645513734768877,2.4056986191484446,2.6716998047214875,1.4581485490940103,1.7035655140905768,0.3718269285788649,1.4148116883392678,7.500880460481961,7.518264758019927,8.411336501126897,9.854716326668363,3.7626554455402283,3.3919998333202495,3.1302294298617213,6.830649397463308,7.234809030821731,3.0113627464240875,3.0843898764969166,3.622324025004609,2.5381844352977074,2.760412588553521,2.467617936110495,2.70049437834163,3.55863750571888,7.283590703625422,7.673146992681022,8.480140130313961,8.081042328734041
7.341591700489415,8.0817769496782,7.8086463178514975,6.466024833262895,6.49440526968948,7.158338115330915,2.778552464979243,1.994901762643657,1.4357686958902622,1.3966616212066967,1.6867712995857302,1.5148331376199944,5.759063128969114,7.426455418317291,7.049274892554043,8.224808914253781,10.111162183075024,3.9264944652522042,2.9022943742997573,6.240658504971107,5.388472101464149,4.863823545666494,4.030441351457616,5.536550388607987,4.6063961290413316,2.726048806707513,3.207361160221073,3.0591209331166085,4.0635093779280425,7.6764748899068485,8.211005928878379,7.86408922589445,8.489847960924976,6.720327988061027
7.661464834650217,7.349919987592973,7.06359221655508,6.928958090909803,8.048023903137983,7.665131299539344,6.2218892261694965,0.21466728055406767,1.3868039054310308,1.4217221257391857,1.6572764327866845,6.434030872997198,6.646690245995012,6.88699891201167,6.741522475603078,7.556800917132622,9.678062050889702,5.896827085499352,3.733153866902696,3.5686998278097275,6.0014719794943785,4.360040446636195,3.372545401930761,7.791066856886032,2.7571423051020343,3.0446260512062944,2.6379602287365373,2.100799366038027,3.7658570394594166,8.300139502397105,8.378249640901066,7.701643507040768,8.32897411597476,6.257992436407559
7.617044612520287,6.812549846367003,6.6520518588175594,7.352677260250852,8.103177895064608,7.25424970234679,7.389502975288967,7.1048260299907176,4.696842276274612,1.701013556903047,3.686940805046441,7.650819512318948,8.256747836728932,7.594838185186408,8.067130532742079,7.390470591070208,10.319711195999886,7.726296379498658,3.4812914051087818,3.6980948639426487,3.8663250882701194,3.761778992077734,2.7239408548110142,3.0143339648322596,2.888953446631496,2.477542302583108,2.5530478095060527,2.1830395325315077,6.662015176269329,8.426951530649296,8.887437147660417,8.757055190256256,5.623236135704917,6.478073299616769
6.313237154180897,6.490155108035145,6.5391627697263015,7.565386996182131,7.031998571834562,6.99974624456838,7.009634516988583,7.35510775309206,7.311907631954898,7.93545106258952,8.795226759047237,9.134038590792331,8.751979954572118,8.113783231166192,8.325716376106124,6.215341356168189,10.463811059180127,9.622090241196393,4.733414617566281,3.3594975973895345,3.3057957745091726,3.3920108198039953,3.213747103078997,2.808739114851367,2.9335651213589355,2.4110024094523577,2.179365805376198,2.1041935775419534,6.581566723108661,7.718368765366013,8.172092955927189,4.071853096286053,4.228410826176113,6.884713968258343
7.070396748492571,6.179395685155273,7.1501911529456095,6.368724280389081,6.630150510729544,6.272774640040785,7.116478518541744,7.399439206638875,7.387856916385251,7.865105781811454,8.889768414149804,9.444452471021688,8.715136490363262,7.5453572103161655,5.034183844179259,5.5516796588637645,9.867491345192727,9.013538836934359,3.5148439386967056,2.723041951348989,2.4812955430524366,2.6375669258630565,2.759545127592639,2.679289684110021,2.4144237111970437,1.905671600650372,1.88974124625972,2.2532410458865537,8.279830325713819,7.468093882478387,7.641743553936066,2.8769516918480127,5.197484680053934,7.587800930837839
6.630291438394147,6.282615167168868,6.241184288640737,5.8526132436167755,6.392556945202983,6.470648456459078,6.895397788664554,6.777791342030818,7.091045375462936,7.883139538385894,8.77571673667652,9.457507436229172,7.6378301178826,7.826341729635995,5.107951622243741,4.388500480289548,5.431905729397335,9.383415162353279,9.233133721156626,3.6197344965759277,2.4002032698127778,2.1249228028467395,2.61671850864273,3.052094474610233,2.612235624928294,2.2630578877033902,2.1272206414368378,3.8864839032649754,2.9505113407181596,7.422003061474435,6.5715741653558535,2.1061231321622746,6.028094379635455,6.199954474534978
5.97898306205453,6.046996076535695,5.521511573864494,6.43020854298315,6.835596403934158,6.999913437781586,7.236093113458352,6.868010071278292,7.024593766673281,7.818874251746392,8.564988841607796,3.655853506170717,6.146126631388399,5.741808763631419,4.445590286002195,7.919585019943304,9.206411999247226,9.489440260908166,9.11887336128445,3.4287679813466165,2.37053415736812,2.141653477526265,3.228163920866849,2.3570802964300612,2.2931726642829138,1.6464445264822472,1.7991571617696398,4.016698402391327,5.528990392458966,7.118293188622931,6.762735941758182,5.5984275030213455,4.460486752185972,7.503620692031628
5.489555065099601,5.807465827466869,6.026741449696375,6.688927695889769,6.914521868546028,7.248213866446849,7.229961369526451,7.289702283612793,7.363006560507368,7.973698682157684,8.846432761338011,6.93416885568433,5.104296675940905,5.044746539388252,4.880460541563471,7.100329080805996,8.007458279932141,8.869010186364216,9.231348286875821,8.349204421329485,3.0840255229333304,2.429646749630391,2.2608932191955415,2.401239439162663,2.030472161553809,1.6832984035144227,1.8314557255063348,5.434733006690902,6.734027460487766,7.201546505900231,6.798937379822848,6.047020007121362,7.752835257106858,8.440451551332593
5.9901900741660645,6.263688567170252,6.88252639298626,6.772633252386287,7.223003622529609,7.466807549923033,7.601845156229531,7.674734831293497,7.9323329154648805,8.229529168717475,8.447498377957475,5.434715125332063,3.386136211824193,4.098528135414439,4.543647288703004,4.867537681372409,7.7854910339258945,9.25670360404572,8.381662188313722,7.671293403533543,4.04533495980274,1.9744913858374147,2.168682936030992,1.7766570370729855,1.7143828354962785,1.920778180547337,1.931022214383881,4.467395534304444,7.059519479609288,6.653329209841808,7.439749056719797,7.290136205643842,8.180782955949196,8.997574911662749
6.359583179983197,6.609244800518796,7.028337703204205,7.720876933777916,7.737701220667515,7.8744220911013505,8.119995925417273,8.41391356718561,8.222921615769817,8.204933855168754,8.151822131835093,4.0594582747259516,4.739339192886435,4.419169820156646,4.277027473905456,5.619462669578224,8.248450903881608,8.022970063230767,7.4567600879290294,4.58650526355866,2.970864896564032,2.148107751910466,1.8007833867260796,2.1843226937149223,2.3496335556161783,2.060261097327591,2.242482393126814,6.163965528548981,7.694835644935973,5.035506795231812,6.767865981874213,8.10251382972036,9.220962671033055,8.943388924543752
6.798035651377363,7.457646332567575,7.386428425358761,7.679494953700791,7.985606957996659,8.287267061708281,8.501522593339558,8.558612893958426,8.259186678717535,8.094523065514528,8.357426213226836,5.766905062019183,3.900638369459149,3.1416198527075014,4.590097804146461,7.319719573201064,7.465050938390912,7.788454169491862,3.3573953766984475,2.030969592619644,3.3327806748048308,2.5587676041807343,1.9508914163696929,5.621041298951491,6.564846348343503,6.848332365134454,7.184100223887205,7.254874706532639,7.38897411725999,7.606161606034612,8.349480778375376,8.457393815005407,8.762812136558761,8.828642553012413
6.9912944108890365,7.336602646426673,7.744682804074676,7.908465975717071,8.196243442016911,8.47638007749797,8.458447521494506,8.454522252550937,8.24093287301327,8.214964830206037,8.628953726207374,4.916792882182113,4.262038251991177,3.2219582663692177,3.8727225485995405,6.007355053349495,6.201879735469955,4.512159567574933,3.445822225312366,2.9213216200757763,4.44004523925092,2.731066836533767,1.3230855070311245,6.21627805406385,6.649554425458998,5.534941154585507,6.998442872891634,7.063257678049136,8.72827609805454,8.23020470112589,7.494767186214458,7.25443115745,7.8296181076559375,9.381864087791683
7.02676161560274,7.451441781640279,7.647684774820292,7.898614984047229,8.649088283256068,8.604694410346266,8.654258002977661,8.60480225007673,8.368594346440007,8.413888791925574,8.212432765686346,6.121449764824481,4.680900440386995,3.2711291160961182,3.724813427326678,5.191759552686652,6.548833230419916,4.054252326030484,3.097775305406898,5.085985605369474,3.73811658919238,1.061788896482754,2.530267345175297,4.899868855892082,2.8735051693145426,6.8048819278211194,6.233849757521706,8.459899405561915,7.900818567169644,7.5214618987152475,7.340215894855076,7.828405667966209,9.095928351312343,9.167219083744632
7.266752060667785,7.421451260183126,7.941558777739816,8.409229929827662,8.669914962919226,8.878449148238701,8.67801665026862,8.613659038366523,8.256624692221994,8.304169499804857,8.57802479421408,7.545810444664654,4.553672436605192,4.05328858653806,4.19536598981101,4.8749605714219735,6.758027617232468,3.606549543970776,3.794684431092966,7.593452128026625,5.862536100541689,5.0112006970414935,-0.5214071709560851,8.515161796726773,7.2350595735634435,7.483713445341291,8.006247487192962,8.233349250605096,8.28622839239814,8.203721140113508,8.840049466801535,7.933664600999503,8.894017140424204,8.632737215624598
7.719545333585374,8.156287617195837,8.254900600785863,8.332537769423064,8.846713322714072,8.831586579505485,8.843739125720736,8.47263681345005,8.416529311541066,8.609459044284508,8.134568204811492,7.862797108502559,4.4481779327723565,3.868462024585728,4.366598031023971,4.7883575253649395,6.474037083611303,4.685967666704019,3.4928897176395157,3.759515070763518,2.7997823028882323,7.444678679519302,7.840776956781767,7.760410945743995,3.9240025621836203,8.122256663865143,7.704049718675152,8.119078493426105,8.069194797271534,8.080598447572703,7.873154021420896,7.102658046002118,8.221466853337622,9.240278763583591
8.098982740043967,8.833645666776249,8.367530184126295,9.215886440304438,9.423690012208187,9.199758040753958,8.475105488431245,8.609001800947626,8.39973736536707,8.802811901000991,8.307167906961423,6.268073864714073,3.7869626932769758,4.091347650525362,4.921875094557008,6.344029267061839,6.677897989441054,3.8191395408371465,3.7229087869818365,4.313183656210284,6.867794400621471,7.127166467420806,8.169407898807957,7.75032134874628,7.820076315145547,7.537280285170046,7.983019348390941,6.917315998869146,5.683422086020496,3.402702608258451,3.806014832370295,5.936623964623161,9.204826533118073,9.244140973161835
7.798826267361686,8.87140582235137,9.612267550516632,9.786117072512617,9.648506315620255,9.125537139617782,8.845575861859706,8.443967252552108,8.752997125812723,8.405732517569806,8.156425550436149,7.737648729526428,5.119296306589148,4.018371237850346,5.2047672503672375,5.49054620288184,4.593359236011867,6.383511779542666,7.288214600252567,6.985504912955746,6.079485824651724,4.460097402968089,7.390121629183559,8.118521072216414,8.084670853477062,7.447672208966409,7.180381003323622,3.8475444314286698,2.947073777672856,4.162909338883409,2.209983150598061,2.1114663492232237,8.768422053447674,8.445030099528951
8.669365160292887,9.630049421657185,10.253046030093618,9.863957753353002,9.736133032090143,9.18424875063603,9.319867203276596,8.258219985429843,8.231314631744265,8.878544209657523,8.044329280088146,7.481296559525181,5.7779818939893,3.9545719102589927,3.8351503393744624,3.4200432136568786,2.9978914069668576,7.138866429221745,5.900897150955483,3.3869995354826177,2.853110849945757,5.886839576060091,6.566373575477324,7.224760623685015,6.896570753238119,6.840934549523566,4.636207624049509,4.022562643503176,1.9907941329110697,2.1474212678619105,2.094874891658466,3.413158423110159,4.655190016877159,4.632193432430427
9.376903528034214,9.983022559086631,9.827298315169298,10.048438737313147,10.523698591188342,10.12021667269585,8.354730796876817,6.648993659291123,7.560778828220514,7.349311010001822,6.886678057478906,7.666535279282383,5.421480558704032,3.658978308307392,3.038731269058802,2.806323571659349,4.638111028329613,3.8493586840988425,2.904948207133484,3.3635279815093937,3.459113626059697,3.322309882962066,3.3168342265934103,6.346336593351428,2.9657268365848903,4.252969173345911,2.969185609478282,2.2079394785986017,2.381447757242555,1.18390346718523,1.712946203382394,2.1528389077733876,4.752906585325037,6.852221594238999
9.904459714831255,9.794639860042242,9.748161854638822,10.401174169382601,10.60917747877829,10.395402105339944,7.329435371600131,8.780979112899486,7.117206229818986,5.869277758273888,6.353570432876672,6.387583621123911,3.7912506767561736,3.5712339911938447,2.8203684485690363,3.387073374951538,3.104877191205522,3.0712071575167723,3.8714849079979596,3.3042902072184708,4.000334418943353,2.991607103389514,3.647738893829288,4.400112503703106,2.788674898605683,2.293245768133782,3.6561318014278257,2.0658219635301727,1.7609438721460657,1.6893771197536314,1.7943461567308208,2.2585080585497552,3.181347549464219,2.478742450676449
10.394373260735144,10.05555699831494,10.633648962448822,10.988124574892167,11.300140707490565,8.551548977046338,8.300059993066158,7.481412764291089,7.125006003730419,4.495977052631255,4.412118715225725,4.221839094449113,2.5785310173370615,2.191800312615488,2.7516626090509955,2.188276815715121,2.4466913581286716,2.6705552560727273,3.2311611725986564,2.2031487501591944,3.4256483565266196,3.5891668473259175,3.690820733298317,3.1445331630124618,2.738646890818098,2.6147797203164,2.096092113515561,1.2317710594942222,2.559637476957691,2.480274284772724,2.4244169118598964,2.083945363939378,2.252677371307032,3.148694887096586
11.438795689494947,11.022724293450139,9.998241766724345,10.210573552914454,9.326939049839442,8.331539627388349,5.539068247668434,5.023345521184522,5.477607493283438,4.336889596683227,3.3341758229355554,3.710128457064462,3.0701141349696055,2.484492639884939,2.2978058390816343,2.3635262087054745,1.7658369436801873,2.5215147041616333,2.0998365264586716,2.406900743928785,2.2629802973251842,2.514926114588582,3.184598885718748,1.9424359123994286,2.8812330635975107,1.3077494754010406,1.0449648945404835,2.925410936463526,2.014412155574768,2.427173062164845,1.681635624757022,3.2688752064038953,2.7942685682019643,3.1780775691115575
10.647292023513979,10.815715009124174,10.225226998680201,10.854628094366811,8.720359416717622,5.713045446200183,5.188142267217231,4.521035527380091,5.04055349687139,4.2222143199387245,3.748516659293652,2.6108078599545785,0.23850708221051023,4.141089434811717,2.120131459086142,2.3539403896427538,2.5960375923819483,2.0584186339695254,2.101848910994963,1.9148955770101093,2.6626946936289904,2.211658713221156,2.38121381133863,1.9384225380077682,2.1173001216902074,1.933632425312717,1.5081758682492206,1.8844833919693273,3.2526398375626604,3.418107196191072,1.4405001968659576,1.91108919726308,3.2613002885772375,2.9242325405308605
10.98290232897115,10.893521616563673,10.815100285399637,10.406360132937678,5.878474542362355,7.9233098186886295,4.79690009333202,5.2915731710470695,4.315913847362905,3.825607325666838,2.8706068980573014,4.096639710373905,3.8667222265161323,2.1199251782269943,2.0225394706933533,2.824343229926666,2.195408959704032,2.836310467357146,3.7218853283342033,2.646620074321801,2.9933424284469754,2.346316320410303,2.0577730215084684,2.712498212565232,3.329811944674402,1.0085360748788654,2.111319497936827,1.7261468541673979,2.722510697928995,3.201034072014661,3.179637535993936,3.590309320824173,1.9306568354876994,3.115348217144541
