script/wind10m.json
{"header": {"parameterCategory": 2, "parameterNumber": 3, "lo1": 3.000054539987559, "la1": 64.9999836372058, "dx": 0.5, "dy": 0.25, "nx": 34, "ny": 52, "refTime": "2025-10-01T00:00:00.000Z"}, "data":
[rows 24 to 47 of 52, columns 0 to 33 of 34]
10.915873433983947,10.330387409211454,10.961355932825667,10.147661716761716,8.844951921904718,3.672637635939703,1.9597813077114676,9.147573285185857,1.9438307689031098,0.016215122257295704,-1.0049718648558246,-1.1054297332248473,-1.1882512725875711,-1.5277913010477882,-1.5682823732866669,2.0885462722930876,0.18622496663020863,0.8708686558549863,0.095886959512888,-0.4355634835295176,5.826764794750331,7.240924614609889,1.368485524909134,0.8120258600370549,0.9420628550090583,1.2909550814313147,-0.4590771155936061,-0.7745977214139164,0.00900278044873241,0.1735123196985916,-1.797162710977603,4.037452034095167,3.568795250267273,1.359776963610617
9.686691535782392,10.190386495564187,9.733373191212651,9.181580020191813,8.188477549571358,3.8346211607930267,3.2666662264089883,0.5922764698652391,1.5507311591245379,-0.9450634532426798,-0.658816297066907,-1.4014806751969626,-2.0216186237741645,-3.577861149720394,2.475663975364483,3.9213960809346347,4.068902479485079,0.605360193464818,1.5927874004198193,1.149810460251197,4.629393276357245,3.7678974650777417,0.13587124062462883,0.5901331740287715,0.6091825724331869,-0.7880831309904729,-0.0668696416719606,-0.23960047538927665,-1.2280286144110861,0.13716458929082911,4.327952167681504,2.0284017309367846,2.5977491704504447,1.173973482225198
9.592509849158718,9.35668947002947,9.39994407074221,8.812259986412505,7.928511542952977,4.246381493521354,0.9133393446577875,0.05151666802872936,-0.21323407854929974,-1.0844154029416324,-0.9582429530188464,-1.397404324928852,-5.588629360399043,2.221959854742454,4.314174917727733,5.710229935122022,6.073548459880317,1.1975114115548817,0.5738767219580863,4.24185896440002,1.2895354797571439,1.314395121836873,0.28835493431495446,2.744207402229964,-0.5300130299572104,-1.1109003553513688,-0.37989085781169113,-0.7242582410527233,1.9354188281744573,2.7407293284679604,3.1030389133971292,4.11361213767163,1.3563187133432133,0.37744316279011836
8.694525922108488,8.155037317914386,8.821780127784178,8.111828538514656,7.791762539876117,6.147341977026328,3.4954167737776305,-1.0023770179611409,-0.5033165331702396,-0.8794201649855312,-1.7381726481865183,2.368159836986613,1.5986548419997075,-1.3844770679553053,4.936112492199522,4.709652040250766,5.695305892774613,1.9299972018030136,1.5306758308029433,1.1819331933814579,1.222018191837305,1.6062557136601734,0.8333234582570718,1.9906211225591388,-0.13295405062755866,0.4474502260508181,-0.19763163870377987,0.05501487880774491,1.284126522930758,2.5381716266247163,2.264978742923481,1.8344517423505853,4.3616888495803465,-0.3256174442067074
7.8638066856303155,7.9162982467916025,7.39591735879012,7.793611241740066,7.234237485494781,6.8714494499175744,6.62237072187481,5.872083117284479,2.283275277238283,2.120636490650386,4.408005765370865,3.5062052698760255,4.295757464615923,5.303489682881618,3.679872970792528,3.9877265494311533,6.4968812371157645,1.7007116334156553,1.3876279947136843,1.4677567608846376,0.9318717892745809,0.7413960422344259,-0.11969070157963992,-0.8039644968033391,1.5413183708328728,0.5385724779152357,-0.7024361891248674,-0.8882172595103983,2.54180458068938,2.2973338980813045,1.9649817185802543,1.2437102541214988,-0.6889828747820286,2.6419069621267104
7.206672679913578,7.169984120138623,7.131188230747204,6.95005086657564,8.113517777824432,7.977973395180686,7.42134721007228,6.4751219804527995,6.06473158632749,6.502557509922838,5.746892746509584,4.8381655410544,5.323364767881267,5.43336790984697,5.02191209257736,3.0761513576722415,5.868191740911842,5.1670638015079735,0.5485946204335534,0.4761916686668145,1.6140123075309465,1.2797917151469531,1.0883515618690813,1.2461206592526304,0.8215989265707411,0.07785899034536711,-0.975479064846104,-0.6447303887160561,2.1780399949359697,1.998493950356625,0.28742064320097843,-0.9435833718062829,2.777395850576672,3.5421142417787235
7.562559865325888,7.299036508121829,6.571038875882069,6.359400677268301,6.606661469797799,5.950119168714008,7.156635628910768,6.836286709218743,7.022820501371719,7.092657767002477,6.7779028052421,6.4397618571071416,5.906173303604152,3.716469578260624,1.0337000010748587,3.8785239938167333,6.470924266491664,6.119678890404234,0.0008954684594291275,-0.3442337441256032,-0.5917444671715909,-0.1994704020867565,-0.6669633539856918,-0.6802526985283207,-0.8923092971059391,-1.2370329986690891,-0.9200782989146842,-1.3611363941941006,1.2829901597566185,0.44725517796539344,-1.3946285634336606,-0.8526816725672363,-0.19729231640986908,3.1669792859334707
6.6412668699530215,6.612889467306125,6.3512452454968225,5.843931315889177,5.560899382448596,8.416734140841395,8.2349087265247,8.019112349962311,7.611077200647082,6.6185040996008855,7.221867039866193,5.790889063371134,5.617298555799205,1.5742090323466473,0.2628843385000861,0.44315478790241397,2.975820539349481,5.850982249657521,2.539366550399258,0.7943723037815072,-1.3179839698198976,-1.4525904454947787,-1.1183018875506496,0.21132875732765377,-0.5483195564556753,0.7343818830615095,-1.2135462918085878,0.7119282391993362,0.01366169779993999,-0.25824501377607845,-2.4504423410881673,-1.4980186541143792,2.9018037307851605,2.8027703674561284
6.648366368283035,5.0240569827645665,6.047675509714987,5.584501279324164,6.159580548509485,8.735934825639205,7.876453822967137,7.938045641468519,7.515232010444769,7.573788494767917,6.236441876728591,1.5659256456895123,4.203836491932206,2.1608963212367964,0.5921971081304176,5.837013767037381,6.0377203979188705,4.758441661729125,2.8623336437715103,-1.366241225952727,-0.9256318309483585,-0.2227273308163322,-0.5988274734811799,-0.7623447610300248,-0.320278898295475,-0.8867656376210936,-1.4731976658351806,-0.0445810434693141,-0.6487236093830367,0.3012882439256432,-0.08285603934922489,1.6262178354804468,2.314114045237073,2.088527717322712
6.230370774085531,4.763435211707489,5.681689532638749,5.3238526729227,6.700055929055846,9.643616047830928,8.644386586676394,8.844462668869978,8.96695073022089,7.315638381846168,6.19487011484248,2.5673407892987994,1.0443954227291508,1.2406461326435987,0.26686068480118735,5.537952725577878,4.0715191936141135,2.6762761627762512,3.5584263793614053,0.40421841476073495,0.25926798544397994,0.18591010606399597,-0.6333465789444193,-1.476692134391173,-0.6233832776378113,-1.271709292280672,-1.4122137752858042,-0.4966646835014779,2.0746152469497097,1.2398663312690696,0.8914839121225315,2.2759726732213195,1.991307376729096,1.8214260648251337
5.829230058001463,5.128974677849537,5.081773689543378,4.890924750069849,5.664272676676562,7.499965492370393,9.830397547187177,9.610400060887907,8.515701527262616,7.280331511000448,4.870399654670367,1.8522374355905802,-0.060416274654492806,1.6844494642561958,0.8444544903681693,1.9512360843101988,3.212882511464262,3.3774922693631635,3.418770050938811,2.2673380907731753,0.4046056346892559,-0.46790032120651515,-0.8464504076058127,-0.6564018313623323,-1.146394573473714,-1.3901072981658724,-1.605378086147963,0.20704595570248283,1.6249686586010057,1.589487733425726,1.4861010839045232,3.4011435937863985,2.6437187714629458,1.7286057331138616
6.138642126188041,4.060882051588218,4.824319214389335,4.547939051885539,6.573861649753979,8.130216913862446,9.110642277058867,9.281393944172413,8.299769025722904,7.609424735978792,4.357244453153427,1.2603729720618937,-0.09221700855711984,0.9322302810314345,1.1236548269359368,1.40277111697758,2.899365346007779,2.532257546932784,2.9047795899572755,0.8795988066336404,-0.07729490068432077,-0.1415671407634775,-1.0709329862711603,-0.9908717921678182,-1.399892592689149,-1.7513458499507755,-0.4144605836824087,3.0974020291334763,2.7322475544656246,2.5763968938736657,1.8516426025300783,2.344690296933084,2.6880157519141674,1.675793649676251
5.467929436078951,4.122338007315654,4.520948423608784,5.715103139638753,6.539332039718679,7.551446964741515,8.608791146642682,8.205984306308066,7.891455527557984,7.029389286333256,5.093354653407862,0.31441169804434904,0.7719261491946346,1.3715277027973847,-0.18765443389723457,2.627084212320892,2.5508701115590764,1.3383976354756182,-0.19408401650774137,0.15848957431454413,-0.16725160152944626,-0.7664165171081867,-0.8491867694552835,-4.101022870040655,-3.8085281364136048,3.9709239723616627,3.488649152798426,1.4064678118503948,2.129140415822885,1.930733046838584,3.5491365720796293,2.6907684465469286,2.360602444360629,2.0870074857469865
4.841442531504791,3.6796747196496447,5.038379809621604,5.607513308561249,6.719741049828664,6.553015165730568,7.63819757086367,7.732383753670175,7.656889754747851,6.50474588891426,4.23062285648654,0.13633426879093882,1.3397617418781949,0.15660150465439207,3.1068671730715027,2.064147660238279,0.1943059140794262,-1.043878447799382,-0.5006079700659584,-0.12512698096605615,-1.3461026444392428,-2.5465266396641306,-1.5951926333640856,2.4151558642252993,3.2472150384810874,4.085498130966101,3.6440361747213927,2.7683112540324797,4.183129536058409,3.1195572191020813,2.5784359821182092,2.7173806815324295,2.0129543462975654,1.8016874202460913
4.226163676994031,3.1052237432585197,4.586610618577754,5.939153620922397,6.563863281759514,6.2883528335510865,7.627023864101991,7.579553377425466,7.051557875200283,6.778241677224639,4.676230957144645,0.6655538922189985,0.2857629175915244,-0.8284630340326822,0.38937837228501754,0.9998018749499061,-1.016002083998468,-0.6301514264007938,-1.6478575845783339,-0.6372007161089749,-1.9210450794561378,-2.2679885092066794,-1.6659590332243832,2.1769219411804586,3.612252834302493,4.923626905598786,4.784045554675871,4.226704175011088,2.8926650455781555,4.04334389323116,3.6920305965272604,2.8504661980218264,2.4606674723710387,2.2050047220577635
3.8666220985862543,2.631513801871349,4.685834471720139,5.2636666297835575,5.980351481122462,5.955674709646111,7.54707360279285,6.965615085641599,6.408129833135402,6.168988767556335,4.356050724353608,1.3954474450568337,0.01993248760379933,-0.2570475794169653,-0.15311544739262065,1.518459585929401,0.5519102427151347,-0.4964219563814036,-0.73994748559768,-1.4261716343112483,-2.437075445482562,0.7159436165990443,0.7789480651869816,1.4942498153290713,3.645332432559276,5.007817754535825,5.078149955994188,5.689551246090001,3.8229115645809615,3.308109052284451,2.152657525249334,2.4496370124948355,2.1791377140847676,3.2263388311817076
4.261160058108541,2.084360919353414,3.6774038167140395,5.159243114236077,4.745768539288054,6.825571050463014,6.973710850316361,6.304231019503218,5.628853640945098,5.116982336029562,3.921084177700194,1.4156762148607678,0.288497822431659,1.0641561878738588,3.5633372899565643,0.01601302101447696,3.9091536625708847,2.537172883919179,1.2930690515657226,1.531416427017499,1.6511013175467066,2.2648549560256552,-0.08797103616047906,4.798174053124207,3.612930072341985,4.502798516167281,4.799419360734635,4.340813010361946,4.670185653144961,3.854610747572788,0.7346722734928125,2.1256546328824575,1.347874040679192,2.7247361255304035
3.659714734313762,3.2539933458557098,3.542528534569314,4.664651261667714,4.418946267531245,7.049056761883181,6.428396212334061,5.406312654247936,5.049569745058024,4.858296856747326,3.463332012276466,1.6963738069570542,0.9827312949158481,1.613892534659916,5.751273551936282,4.289694935594287,-0.45551661840214996,0.49665101024520286,1.864033772237309,2.9398143893662767,3.006036032229613,2.4491575904267355,2.749669228798382,5.3383366966493355,5.834970895546442,4.738599219136453,4.478745807774475,4.058850736416126,4.830254346834676,0.24046941871596042,-0.5306781963883556,1.8327681159491995,1.50538191228639,2.3909991740675713
3.3730733088604095,2.3274200406536094,2.6743882474039733,3.940926671165174,3.5048248493104617,6.8483931579978865,5.64991285631528,4.796966055523577,4.501279168311556,4.829267492830725,4.445678688247317,2.972732038234807,1.3554200794543643,0.8110623476736262,2.9252901162710865,4.860059999447181,1.0004635086721103,3.2549848004356834,2.7525801179667853,1.2242298994462748,0.3913907538842386,-0.40419681793056483,4.213271843318138,5.498624105998311,5.898244147099537,5.230304603042908,4.470991510161487,0.6939755373258638,-0.13016976147722253,0.9700529575882079,0.22422086870860394,1.444054073743425,3.1828447051264557,0.8668688273968089
2.9302125586409935,1.4826248955159278,2.76333406859905,3.843942410710953,4.333312889328013,6.546086447543187,5.370429121932957,4.966824442147536,5.216209306132141,5.706239557215748,5.495987545466375,3.842167366438309,0.47365890843415764,0.5285214594103279,1.1839457059874183,-0.31021071680801954,1.8669518732088082,4.034649654566483,2.4503966582174903,0.4673328304216681,0.157324295453498,3.9480723586603617,5.932026741149242,5.813453389601249,4.229335567042638,4.491695438514612,1.2041841779524176,0.9219452582602273,-0.48818067318493463,-0.31755768301672926,-0.38999589283729363,0.09416004229400532,-0.5127532510465919,0.11267228442696564
2.401426309816143,2.0663479847397888,2.284405377298981,3.04341983611299,4.598716839672745,5.224478244087558,4.925855996865072,4.93205911225765,5.770558747505873,5.183068995487892,6.088255936613006,5.9878844754881815,1.3781172740160692,0.839709124583153,0.8467239063069457,1.1378659314031758,2.45245628713997,1.2601563578661497,-0.7471723996431477,-0.3491803605408274,0.1947447681959533,1.10608901278947,2.6086030169785865,3.48601503027384,0.7839516548718707,0.31835715804102055,0.17217354826363143,0.311691191650315,-0.44042249843097736,-0.8744041109458645,-0.5326931837693345,-0.758862168067175,-0.3718013506596112,-0.3594071041153087
2.0271104394057686,1.6001921395169105,1.843012500500568,2.1570593763701553,3.9228115344422805,4.5589387830058765,4.081201337025845,5.5568089899972115,5.160406328271528,3.695563973060003,5.2386812655479815,1.623533025511182,0.889483235315564,0.1574634810529722,-0.33259666215399325,0.9139933734658334,1.2587222215000184,0.09320001066341507,-0.12237406997998858,0.4720240633468867,1.231235685115415,1.1156865761118802,2.0099999738300762,1.5429870195431177,-0.8079688566185098,0.42295840190668416,0.7762540464588897,0.010224318141678101,-0.8235654446653575,-1.1532697334994053,-0.8006667261472697,-1.0928723883469549,-1.2012387138511136,-1.1802172296810374
1.6526684403510776,1.0083257769302663,0.884541948467251,1.5253266793584732,3.6063289796586955,3.31041381701671,2.9089433289789013,4.167963445822232,2.239296792137851,0.6735144343837316,2.226793912551445,0.8510184207626799,0.8517336014193897,-0.3774266026436787,0.8778801350734445,0.18288191813421525,-0.4923905982211024,-0.3943438832584769,-1.320728375075201,-0.8687762725019876,-1.2052243282631285,0.4008479520851621,0.49126629494501617,1.1790258424842628,-0.5804483758126873,0.9803677972239795,-0.25159083807443516,-0.9579024703420562,-0.7509090996211353,-1.9879362547566743,-1.002913870881356,-1.3772396425793882,-1.8804557683407945,-1.714509846155763
1.3036041756751526,1.0260558450319646,0.6572116081246266,2.8748971732097437,2.470850395826311,1.2952441279293974,0.5280155289584447,0.6035404044452507,1.346365587454848,0.2920618649736986,0.18452545156866496,1.4201265705765402,1.1497703163882687,0.8701808099726828,0.7543567074035175,0.6956482128565338,0.023727741490522557,-0.03027290462549133,-1.3579319566657782,-0.33852273784802195,-0.2703136447532343,-1.2974650862019135,-1.1959805507418713,0.07927873018001122,-0.7665863196039453,-1.0504949111910447,-0.8751347688979153,-1.1043852812554595,-1.3327397129074727,-1.4590229539776722,-0.7052433264764569,-1.735783697110272,-1.7945559913057518,-1.5099733397110104
