script/wind250m.json
{"header": {"parameterCategory": 2, "parameterNumber": 3, "lo1": 3.000054539987559, "la1": 64.9999836372058, "dx": 0.5, "dy": 0.25, "nx": 34, "ny": 52, "refTime": "2026-04-20T23:00:00.000Z"}, "data":
[rows 24 to 47 of 52, columns 0 to 33 of 34]
-8.948215380333094,-6.084776686885046,-1.5780117949484296,-1.2492337781100094,-1.2426067137154442,-0.5263052601892897,-1.137218274302481,-1.8101762696370385,-1.722789567538561,-5.378088827465502,-4.939963378512902,-5.889667086828839,-7.785568159666757,-6.786724775143331,-8.205570469850539,-9.307987350704025,-10.641850836409134,-7.671063654737136,-3.008794924646959,-0.07385258979820711,1.8839554681723611,1.9173014546264555,0.7932844402727366,-0.49160463747784855,-1.7303017616994407,-2.767594951080053,-2.998104050461951,-1.5571200663998226,-3.0953182268780206,-3.7633328286902907,-4.296517623691323,-5.228820749819754,-6.084905941751371,-7.489807716811809
-9.045323754597575,-5.406452333497729,-2.259934035772418,-1.7977707654202282,-1.6531199145840105,-1.6560725422895268,-2.249467828357427,-1.0176373458363976,-3.3121107843832855,-5.785689839097971,-4.010030472095527,-7.113067258892795,-6.532180989755323,-6.542347973724282,-7.607324396721342,-9.843602246246142,-10.564169756831939,-6.273152115719914,-0.33576179985018223,-0.21013784674575156,2.282745339057402,1.9692106355673744,-0.36308865335764845,-2.158538265406865,-1.8737577818480866,-1.3319532246901962,-1.4367286912048705,-2.4183382449706583,-2.995797124386649,-4.566211960033983,-4.840336094865957,-5.373213215133855,-6.083084436168326,-6.952726178691344
-8.706106238342947,-4.810105996110367,-1.2459164212085656,-1.513717422553752,-1.7885739088458767,-1.840692362142355,-2.566719014002778,-2.511917489510061,-2.246626498831481,-3.9940870455177877,-4.869664485600316,-6.0210990185292435,-7.060788153135157,-7.944142876211949,-8.86547163168007,-9.958241343895773,-10.658407057454662,-6.168366790345511,-0.7940383796884898,-0.2515294261228391,1.5197621722817496,0.13583652770288623,-1.9187710733960457,-0.006619672791370816,0.2757155259855268,1.790840519667498,0.8056512180652607,-1.138041338795286,-4.22517834088286,-4.6262205853356715,-5.676484995137152,-4.938402439392462,-5.957986558811733,-7.298235915765875
-6.746503928102308,-5.057694868380795,-0.6207609594587399,0.4707014708420437,-1.546060661821846,-4.360394397193165,-4.490345667308835,-2.6000404872610026,-2.918039705848165,-4.995441924289467,-6.006389353860605,-6.36373595854489,-8.016793998021388,-8.533877758508108,-9.456925189105037,-10.160160782929555,-10.039805748329576,-5.593763750792135,-1.5254872530786376,0.5229844189912974,0.02875309078129859,-2.346498902097848,-1.3947091571564323,0.3358988338060198,2.1352051355323463,1.7027359346933966,0.4370634821806136,-1.7589912496361875,-3.362527611091256,-5.2596040795301695,-5.068113838886503,-5.702361265870161,-6.136948220334232,-7.884229356188329
-6.26890883561282,-3.078370044021288,1.058856777864534,-0.02203777781994405,-3.29742770312294,-5.439197780789546,-6.169096846211017,-3.7519890436164065,-2.642695655033501,-4.718209231751436,-5.013565706192897,-7.080111377169202,-7.860164022806701,-7.858208364474411,-8.59588613853822,-9.176510732825161,-6.494615797715917,-3.835498260297571,-2.437572490072516,-1.5200682552583746,-2.155149221512165,-2.349380906707457,2.035808964058124,0.7040218312723076,0.9337871627087234,0.7775796963802191,-1.0648667962674143,-2.307526651137478,-4.145467634005847,-5.534973780003738,-5.522401708753852,-6.488980798570337,-7.075290510320773,-9.546754425550949
-5.625693389867024,-2.2309932195157356,-2.5147531921835102,-2.238242752517735,-3.8403475987151285,-5.512723064022096,-4.313461121890015,-3.9657290162479235,-3.5850572674314836,-3.9828846314503976,-5.287738061582402,-7.159170148805873,-7.667711277921417,-8.14024464799666,-7.653755194307722,-5.624775520111797,-6.81178548754573,-6.425993801072724,-4.815733746123661,-2.393516735798109,-3.41732432403573,-0.4829425747234655,0.8236724739019202,0.8288173471875364,-0.6219659612775507,-0.7978442474131804,-1.2578481160176873,-3.191788768111869,-5.1372526672952725,-5.7348569538175305,-5.6732194051043106,-7.844408452132919,-9.264303211341858,-10.47861037160799
-4.257933306758553,-4.288066223640035,-4.1785556416236105,-3.4565722167535053,-2.938429829552131,-3.6238659175506767,-4.242573302347276,-3.2998869566752496,-3.526488568021802,-4.110123144505855,-5.793446611819073,-6.933361363307862,-5.862594757629094,-4.219138774970397,-3.422122166802899,-3.3091720117577688,-4.552074985828998,-5.439457194504165,-3.9997960372574597,-1.4626655872325895,2.6327840590156626,1.4580744984508422,0.3933051443947321,-0.7712924699120295,-1.3765667970648328,-1.910157776996103,-2.620521905844326,-4.36945882779673,-5.473705445759302,-6.380712926110812,-7.494886008854939,-8.806076348294136,-9.800827179003914,-11.003606574861793
-3.9598862274861744,-4.620071082250535,-3.6908986982438714,-3.1290019564538216,-3.8594861201930457,-3.6989923623145176,-3.4245764881958602,-3.1458422876818792,-4.9049993911675935,-5.373741726457361,-6.272283283636928,-5.384800844426397,-4.4147971413975045,-2.8670182947296112,-3.0132177591392937,-4.797431673581469,-5.4292723774378375,-4.2817397498172705,-3.8616910388220314,0.07678174032240846,1.531596649509501,0.24962479814724375,-1.113745317398331,-1.7385119409336436,-2.405886003465485,-2.0416339007951794,-3.0948038677337633,-4.928574941077432,-6.149520650331931,-6.61058325995686,-7.962838372724644,-9.226292974785954,-9.724764489704798,-10.258872265309089
-2.694601068643408,-2.1583991240454,0.16753901278172187,-0.3649393840424411,-1.4771582939791619,-1.9765463725560897,-2.7071520563710068,-3.4043830588603186,-4.240954852672357,-4.710474956628711,-4.935358222288105,-4.673364562947793,-1.296285631344409,-2.174606570393316,-3.4847009209069135,-4.158634569461649,-4.552281612621843,-5.017407839494343,-2.0531445918578117,0.9752840526524664,-0.16597269247044935,-1.4235935934647699,-2.222361431876505,-1.7451240935232768,-2.7310882124237343,-3.375462462352751,-3.9428068792054396,-5.258452267814026,-5.876009288497791,-5.83756463934329,-7.3131047992968785,-8.074784351499735,-9.602203892096004,-8.891192476910886
-1.9194286447619555,0.10592846615796299,0.04093034119327453,0.142956520870859,0.5609583980874103,-0.9400476324777739,-1.5943059369070867,-2.454043592893384,-3.878291117537935,-3.7163983191696075,-1.8469516217235016,-2.007786140564437,-3.0915663394353197,-2.92523381406561,-3.845552727534411,-4.604949942447636,-4.819093101702561,-2.548906966388927,0.5170217024919843,0.007567296270688651,-2.2210820327229754,-3.4009684534678093,-2.3303884965575827,-1.8854171832702047,-2.756545402353934,-4.239683185986976,-4.894381251074729,-6.000507019283253,-5.226407787109726,-5.531012549691632,-7.442881561825557,-8.492060562873387,-9.210770056947696,-8.196249217660425
0.7865287611725541,0.5240379966801032,-0.3496054294463479,0.0037488511854139143,0.4751553750743865,-0.24975018656206888,-0.8247483404496665,-2.200477011904128,-2.202752491816769,-2.881562096911922,-3.0150157061545237,-3.7467440919673387,-3.9109717837508367,-4.290545313752387,-3.185132964847739,-2.155143022931224,0.7113033689899403,0.4706910115828371,-0.3744309262065782,-2.5382819023125376,-3.312028747054338,-4.187841626472047,-3.261460763810558,-3.61327972301208,-3.4088339718049965,-5.446924872666911,-5.562477628253424,-5.85935028429505,-5.457231266688121,-6.617191532522535,-7.204370192318521,-8.492892566956918,-7.613917397107969,-6.6022027342091025
0.5180772754673432,-0.413097015188136,-0.7701694423965076,-0.2157813973574852,-0.7233152093565749,-1.4134552385516184,-2.3224887865216233,-2.3511355285464215,-3.1812714811716782,-3.493260825981171,-3.7427745047267584,-5.132209517623967,-4.741188942568094,-3.112785447649974,0.4752998136652064,0.998306829312612,0.3864287178708664,-0.548265405219857,-1.6660775170498854,-3.327500057568281,-4.207400894992379,-3.787720776540809,-4.407264400237222,-3.316344240214511,-4.023273482116633,-6.109420404482568,-7.2546446835877685,-7.579816388304514,-6.066841111380293,-5.487484837633164,-5.835665585121995,-6.8117359686343,-7.7389243564846355,-4.475540748354937
1.9370966911776968,2.0910759109491006,1.5317396001534558,0.6496315160467507,-0.06734880232461071,-2.178130524263348,-3.7347118102109955,-4.56026026962603,-3.8590119089762194,-3.7685796871199257,-4.0874017599467,-4.729859334809156,-3.3907905789120214,-0.43761849486570636,2.5981471845778663,1.1376876195928898,-1.5530461993473788,-3.4952196689802513,-2.360119115467893,-2.617542488981385,-3.6707410527805377,-5.376150155573767,-3.7060769613463087,-3.867456087097984,-4.714155394128981,-7.178564889074264,-8.47627875529456,-7.649447774320416,-5.657691605752941,-4.677325919396654,-4.981377156809969,-6.5832837781593705,-8.51539062244835,-5.1963127407696525
1.8902360067282122,1.3781542227137626,0.30746617393618436,-0.5963397103766858,-0.08408342023253466,-1.5779789541715017,-4.243147124475742,-6.398337224100043,-6.303225853415361,-5.2727460746377295,-4.949393935554756,-3.862656064303069,-1.432696107038957,2.0914890392155217,2.253577200811447,0.979699724363572,-1.246825184687403,-4.1201886407567505,-5.714765673372906,-3.0615248147622,-3.8268086302929007,-5.090495955855537,-3.4896159223004513,-4.97425320067722,-6.1695918749247465,-7.292979290373479,-7.275204407481991,-6.648300695190192,-6.4049814569736085,-5.673203223312499,-5.200077585419477,-6.92865251778503,-7.133788021128193,-6.123391233775835
1.3151495577402064,1.8302853648824715,0.8666582328529621,1.364181285516568,0.0993112740576249,-1.478254257512056,-4.057501546842289,-6.131518046883059,-8.20506153463283,-7.598468735032495,-5.122179005870194,-3.8554505199041045,-0.40122629561885215,3.388452080086912,2.219443007930313,0.8482424084575159,-1.9706728393357624,-1.4129631418718704,-1.9832210668281784,-3.9026186608349738,-4.9874916662037,-5.132563148822303,-5.046292826323035,-6.238028504194294,-6.959443429187541,-7.684733618648361,-7.152095134102473,-6.358956716689109,-5.556523754080806,-5.3493681086505855,-5.641286799347268,-5.954491166604175,-7.192886687490353,-7.483315178151883
0.3840241043838953,0.06369903138236313,-0.07939246246094957,0.43119128966202064,0.025387509270224682,-2.0242841177032456,-3.9759237696137357,-6.288538378116675,-8.974418609185081,-8.359120444218622,-5.421165242210698,-2.0249260241818168,3.610297199293503,3.540234464910047,0.12999498452440988,-0.4900639467818211,-1.6598703537278912,-4.274151246968594,-3.9234074832208425,-5.00796943162776,-4.6293455790758395,-4.66010228004987,-6.308374856468842,-6.100748233871288,-5.926622684210583,-6.791922730352633,-6.1100620181829255,-6.051762219168679,-4.66419301434185,-4.63130097111403,-5.404814949423789,-5.781191259163793,-5.69477000780833,-7.453193005129389
-1.3190024438353196,-0.5104689379946183,0.1189086272683503,-0.38487901907563454,-0.43422892441047406,-1.5186155599027267,-2.568326411600669,-5.128413734309824,-6.708744604286953,-7.749821788701393,-5.869812512659677,2.2429839800019113,2.9939491487721077,1.9538116532368677,-0.10419784625608908,-2.569738314132065,-1.9520321753296805,-3.3177956082138516,-3.1291834632527524,-3.2625535456075316,-4.494303083401465,-6.165839963437758,-5.8060081275050415,-6.063207629465604,-8.045406166717752,-5.3372688179746826,-5.102980843198702,-4.709600173848516,-4.016921266329106,-4.714622930915017,-4.850056255080893,-4.502894125822026,-5.504719758359796,-6.673008381477388
-1.8969632572492627,0.1597952206700159,-0.674151684059056,-0.41737995098293973,-1.4632846650879583,-2.3682285829620566,-2.918231818679244,-3.2854950900985656,-4.53841289052804,-3.801041037790618,-0.9564891813136563,1.6163638680434185,0.6328519102751897,0.5394913439309011,-2.2643570001474913,-2.25054489498372,-1.8085393711215119,-2.7478462135865005,-3.288255165062146,-3.852366753943552,-3.951130592589573,-4.774065103661679,-5.147462920748507,-6.579882334157004,-5.775553441078006,-5.269898018179,-5.453997272013465,-5.006729431840367,-4.376846245101008,-4.509879645664646,-4.390262575682363,-3.037835332249237,-4.379061188385642,-6.012203062252468
-3.8562915738759043,-1.9057965563919554,-1.611856576296691,-1.4517037282955916,-2.2050776635894715,-3.584292275036372,-4.213538374748335,-4.518700951821761,-2.818921068619797,-2.02061376202581,-1.4972078128095476,-1.2037288494495888,-1.3966563529421976,-1.972706893102254,-2.045073066153744,-1.8487203181645375,-2.0771734742810164,-2.870602897229128,-2.6960494426577397,-3.223986899553505,-3.9235524855246187,-4.466568076407811,-5.947926807667369,-6.263404857017998,-5.8362064147793,-4.970318333737496,-5.119649708589544,-5.278791183442149,-4.01054075236215,-3.9596085340563656,-3.5656321751795916,-4.709452279564809,-3.972413827830215,-4.257810246569231
-5.495234073470454,-3.5069266770849867,-3.871984491288724,-3.4212232517506878,-3.2480940443026287,-4.844925156910708,-5.374279856319934,-4.904578596072421,-3.9524812652025716,-3.6111964591621963,-2.6506829908866445,-2.8785911286795196,-3.5904427360264286,-2.562805781411104,-2.6705352952481247,-1.8929576683469225,-2.099189871760687,-2.908727774020166,-3.5143719212113846,-4.343398950065912,-5.009178312127594,-4.86095493521583,-5.3797942494263,-5.816100014946377,-5.18190322910411,-4.611546614839994,-5.190086051832524,-4.3823314290642,-3.830438695565758,-3.9264595756194076,-3.872580082127949,-5.822698797760062,-3.212065351474454,-3.9373309730742045
-5.903495427126928,-6.108454284539491,-4.789342298825076,-3.702227425521734,-3.3244892561280537,-3.2324032062261563,-4.384666356279435,-5.383315323800523,-5.2017938463854785,-4.512852389971722,-4.696745757852504,-4.1262643940288255,-3.6822553091457335,-2.9386650782596386,-2.5538413244562492,-3.023729313968746,-4.006563612825698,-3.6132130962572933,-3.7003860293335897,-4.419149512700136,-5.388439069524515,-5.212097372032338,-5.090732962975669,-5.250956270854595,-4.566271351181052,-4.7007012002755575,-4.55053963576305,-4.614515695803114,-4.4694146406510145,-4.400280827939382,-3.8327433317747848,-4.258487437726629,-4.419039726743155,-4.452836952810446
-6.445444355619743,-6.451162474565305,-5.535480613913294,-4.4264795568996815,-3.386241531895306,-3.91296565577938,-4.364690191065793,-4.851580043324131,-4.538281662591988,-4.227173314107633,-4.334453450487657,-4.808224991272683,-4.21224481217197,-3.7504029900791536,-3.982969506097803,-4.870711193127597,-4.193713016614655,-4.4257578824,-5.550577982769382,-5.770980026459716,-6.176629248439191,-6.270591282618163,-4.9662574410324165,-3.795519453462375,-4.045653838072465,-4.309768927652314,-4.203347688072493,-4.206298516110695,-4.707293378933888,-5.209296225538126,-3.9152733378795017,-4.351908642192489,-3.3682810460261488,-4.671855336004884
-6.5408245421928015,-5.649913319692183,-4.584340927788519,-4.159927802923359,-3.94564952181418,-2.856897763892465,-3.502845072134517,-4.4066925218986075,-5.525124946217504,-5.529396516581402,-5.884642062454104,-6.0505958680446,-5.71671172426335,-4.365400106774363,-5.607166066959499,-5.719508314836456,-5.330119996548618,-5.786889561336875,-6.097432708563847,-6.873449073841537,-6.137720228688763,-4.7435010403902815,-6.286678531423106,-4.308893287886322,-4.159752277529388,-4.821546272649361,-5.223214795749835,-5.060896004802837,-5.20381878714979,-4.411651613726918,-4.748256267063306,-4.765024970660201,-2.7736119028146446,-3.1163974586512
-7.644039446399328,-5.506084429943093,-4.46615971073657,-4.417653367129492,-2.7873763836297347,-4.272548184352924,-3.2601030033896596,-4.5912230966811105,-5.248882456013231,-5.643351750447217,-6.602554306259594,-6.613787059072592,-6.54042215210249,-5.756058861032244,-5.078854178899148,-5.019967577143694,-5.704981750530829,-6.554906593950154,-7.433864623190993,-6.808000714937335,-6.140984003308715,-5.818138245088192,-4.780330599374362,-5.386643849109376,-5.467718809243223,-5.587210337180592,-5.863250338083777,-6.247685058326399,-4.884718990053177,-4.278607762118447,-4.099568372643817,-4.2321121134431925,-4.136951097550703,-3.0125215300641544
