script/wind150m.json
{"header": {"parameterCategory": 2, "parameterNumber": 2, "lo1": 3.000054539987559, "la1": 64.9999836372058, "dx": 0.5, "dy": 0.25, "nx": 34, "ny": 52, "refTime": "2026-02-15T09:00:00.000Z"}, "data":
[rows 0 to 23 of 52, columns 0 to 33 of 34]
9.627575239482798,9.51231292036927,12.515668778910557,17.551800365805963,6.79681043958763,2.449658630489315,2.3634696664329793,-0.8709670348505358,-1.6439412156524262,-0.23335699940518226,1.6477709508354736,0.615836562533993,0.5592384674528397,0.5227647486165387,0.15961063134132197,-2.8769821200202275,-3.303249004695853,-2.993879892578097,-3.2883637281424996,1.253347562089782,0.8918581079078638,0.5804391796072094,-0.812191972726858,3.751451691645105,7.723188549807305,5.499048902867769,3.881080342731652,8.92851832904114,8.613970059863158,9.533317165267361,8.203712927385883,6.450901390353415,7.6747787244954715,7.391445092115983
11.571216060555766,12.30489827103439,15.923571523325162,17.258081066974746,11.536992225206705,5.967624100103282,2.2555050384080735,0.2255108263740377,-1.840130743463136,0.5608994617158173,2.531992112149576,0.6751549538941685,-0.0045771732133901375,-0.3162487917383297,-0.9086413798552115,-2.5266537330098218,-4.575953640371209,-2.693546490229582,0.8611692095392954,2.4385367229832258,0.011173615131468934,1.4933136898210897,1.2171617052504473,3.9338239388011966,0.17663972699304822,0.25910753840025835,6.526781263310669,2.2329760932675,6.159806024800188,11.715301551285167,11.597443672160336,10.41994562536281,7.261231485183563,10.568096049591475
15.60202955842677,15.175362554720811,16.223028147772297,12.156842389089794,11.583698757781221,4.040346286581039,1.9575327423027256,0.8252748538568391,-0.5545039572921704,0.9117019733390267,2.4805558035425332,0.17657639810303974,-0.9122519349758786,-1.2541046483346658,-2.1596726445997882,-2.3524150785658016,-2.148939921715583,-3.3861533518196905,-4.100466635322081,-1.2648928397130588,1.9390598163101882,0.8308073444677434,-2.4131074713842993,1.2333047104429957,1.0545283749389724,-0.11161860890343821,0.9398193715460555,4.1633579020836855,6.665550069476729,8.646987373799899,11.83182430920869,10.344566497365586,8.396082594463067,10.51528192796348
13.55300918480703,14.132418638181482,13.489851777351843,12.11180944128768,8.35523615041147,5.415482868517041,4.2209608322095935,1.5626564345822733,0.8182708316549908,0.7352347969567461,2.318369379554304,-0.804388923826781,-2.470961600389285,-2.9823760598979874,-3.32821592407624,-0.8133421578443277,-2.6712894171261667,-2.1468545363421554,-1.1739981329183977,-0.9042228538947256,2.7000681193540172,0.25904382559345884,2.002554421630276,5.62099467797996,-0.8004407319087928,0.9981255536325526,4.00458710696499,3.918927340621235,4.863453703666731,7.030499757206052,7.7821230698815835,10.814569327158639,11.168973152890274,10.311791021750487
12.390226206054573,12.221651919531904,11.355439437760669,11.384459381615436,6.443874627285138,6.799767911116179,3.427747718391819,2.98436438019683,1.0107313343342648,0.8382072034871384,1.8834310423118061,-0.8349567635669795,-4.042731727394928,-4.871560193622286,-5.564068666641278,-2.541133667611924,-0.1021708364924054,-0.08466026230794425,-2.418958953328654,1.6694085449400116,2.81673940351588,5.307144570586665,-0.2908387056180609,2.5748126266407056,4.978629381556245,3.745919083870803,4.727581194160568,4.366203281965704,8.205672357521145,7.064717476543627,8.685021430071945,9.712338226982913,10.676747040013895,9.781680506168465
10.546112277577206,10.578057952047597,11.058291419604657,6.211511851308209,8.96800628753567,6.28395918792607,3.910247870451749,3.212698179437852,1.3156385504737587,0.66923140676591,1.079470279526518,0.6231040551386712,-3.801768717238086,-7.967179581302455,-2.34198846383017,-3.087414499011361,-0.15914140239339278,-2.7378411037375305,2.311522399790893,-2.7586818141326224,-6.117339818356735,-2.957444367214435,1.3511308287394321,1.50491715967303,3.593342724313074,3.3043960401155044,4.858536489728174,3.5085573863833805,3.163539035449177,7.396543675602571,8.266744483634975,5.376606381520904,4.52017968024029,10.167098483793298
8.867446989825051,9.496806102567742,10.93495783382483,7.846473851438506,6.015093736634628,5.808094825212961,3.9631591560577974,1.5653800485818143,0.13832247719291788,-0.9671086460836819,0.6293451104170447,0.48759022062745894,-0.8395446672321341,-2.6606653361318275,-3.9711353466772246,-2.273610761783669,-1.9146878162331664,0.26699068192753145,3.4753693938866035,0.3590411137306784,-0.5213782813236035,-0.9542717112799628,-0.7010899007297122,0.06112439333176328,2.395550139256841,2.0353950510352847,5.37167978735837,1.710921317471708,3.36032909950178,6.146698640756831,5.259070341915427,7.075032281252707,10.106616047075105,2.7387251603892975
7.67441384429369,8.73537450184364,5.731631045657096,4.459328205137896,4.481693765534725,4.931409284357266,3.8120952148022593,0.06659297460868915,-0.5640429805238104,-1.4549110450540772,0.4003102539389049,-4.141717900566031,1.1408206704626236,-0.411311972876247,-4.158925195046559,-0.46503439166359395,-4.03791814368606,1.6574099605297552,4.651802011054579,0.3446322808781492,1.8975565897383015,3.13814804903833,-1.657123087868655,0.7785444447838056,3.145867132793332,4.647911148759131,5.221883203381578,8.855196441322393,2.9749533210625887,4.543037338724037,9.014313036108062,5.146271832494779,7.971176712529673,7.686194483704501
6.32693254070938,6.703411529435969,2.798526824803407,3.2887933489763608,3.613501120679133,3.143470681693112,1.7842205619682012,-1.661713469456373,-0.7476645191063708,0.2931314664682803,-4.237292972837407,-2.1616219262094747,0.4409508891543296,2.3453416035217804,3.013178189411734,-2.32334948887419,-4.6470235701379,8.43551083828008,-1.6832508838571898,2.9427832450740476,5.400899502955684,7.812024756219246,10.058069631308856,1.3652820130960777,8.817801404616528,7.204375793803706,7.190897260110611,4.334441548181518,6.742996507493791,5.089190851834834,6.768628789579128,5.506018604685193,4.903830704728685,4.4869272712935935
4.34720214495186,2.2914810216073973,1.8610661860448876,1.8462275339895606,2.766236875790352,0.617170074635628,-1.015257195428224,-0.9739094449894996,-3.473899236429366,-1.483793082356727,-2.8242790939980726,-2.2595657215883342,4.018240117214577,5.95274936124068,-4.858076297606236,4.288831865003172,3.4479659476770093,-1.3311413717395018,-0.4373229637906195,3.9685424412747063,7.1975987638273375,5.3221526503220415,7.265155661419228,9.39627053884951,3.2853221011276816,5.140190555869052,4.879620660933177,5.430992681327761,5.29830749896435,4.724407352552467,3.542069284617914,4.0227136815244515,5.162920672722517,4.706435476016779
1.4115350232619497,-0.4760571260308708,0.21813164635095725,0.5883146203115419,0.7062760278141255,-1.094100121453297,-0.016059082706295132,-1.196370649697139,1.0168724734874701,1.8237198224100108,6.216189097594567,-6.433277836199191,2.218132001835849,11.126253703861323,10.830860887576312,-1.0643145732700188,3.471594700375536,0.13046135848687102,1.1469198971403174,1.7985038397410216,8.189550058677487,2.744903506210072,11.045685575227468,1.8868341090157874,5.701343337347997,3.065587444398555,1.7750152220254443,4.867575617282438,4.900779453122761,4.087006497838523,5.770026205276032,4.151653883081731,4.590894835947412,4.862870772929759
-2.70046426291234,-2.8877041791464078,-2.249252313253433,-1.7589053289947867,-0.9483755241318663,-4.092290879437226,-5.190304136321635,-3.150921034398146,-1.6105567215031695,0.47408387914592526,1.3082252620197325,0.6179029506061064,1.8772365279117564,4.467264323549753,7.794086075855756,0.3775722474693492,-0.418444401521963,6.461428601504029,2.873617719021692,4.42796958145223,7.983252186443054,6.395290606586498,0.24928520158226852,9.307249389916347,7.382751761421123,4.286471485897214,6.211603424534429,5.402219337944945,3.3493653532896612,0.8785085990038035,1.8907652734340203,4.031238958974451,5.345207109085176,5.4396822968750085
-2.4857772046391116,-2.6204886439627555,-4.950542691393615,-4.373107462958012,-4.1408867395859765,-3.1669949821798546,0.5396921911493391,0.4015495223740938,-2.037519617024003,-0.6088723105087004,0.9306124402608766,2.5234238315127135,0.28697117524218174,4.979534834600075,-2.0927496424198075,8.470789019391782,0.5439072966841578,4.023719868833269,3.093845987605607,1.3076413625039616,5.7376967787919195,10.325837747034072,9.367461795261844,5.447703298193488,9.369779630003682,5.493611584414965,2.7040573611641316,6.267224170893852,6.483860821923647,3.76248826936358,2.5466552601403616,3.445748715350873,4.360729141003539,5.6115455493654025
-4.5660236243917005,-6.026708839392905,-6.422279544347939,-6.817646795277926,-6.855025912212128,-4.298828800338834,3.0753634635868514,-2.5851155974172775,-3.8817121388107263,5.02984984902964,5.235129615387314,9.40520818727618,-2.8163722150763233,-4.291293511656278,1.218577942402623,2.2514283493088967,4.538220083848151,1.6756181688789489,3.4393351512148778,9.497362356094694,-1.8086933743533014,5.620766140599408,12.06722128816728,11.366599858307275,4.816103160591593,7.740318920139346,3.645305433578285,6.572608182994082,7.323278452815051,7.173109945706634,5.264504740439428,4.1924936086040026,4.533907889352801,5.622837872915066
-5.1026005897316855,-4.308920382290901,-7.690465827093304,-6.612989071843651,-7.633056113623783,-7.671695458182022,-4.185619364564771,-1.7510544983151692,-1.1528593251209898,1.2113986060413668,-1.2679387988243453,5.934879565576918,6.40537339422625,4.852675256671332,4.692392006322305,6.776675960838447,-0.4793977358239411,2.596165190825817,3.7081632624021172,0.621885876117592,3.5067847768581526,6.660570671344936,6.975010475116222,10.67232942688204,6.051824328461286,6.071316602040446,3.6043321741959127,6.105794533066247,6.212410665568525,4.211860410396296,3.96718278177492,4.793166897400564,5.437206201087849,6.2242525248716785
-2.3780512230704653,-5.877411280683439,-7.394250291700783,-7.860490808079628,-6.828338656690157,-7.284203072137059,-4.803367828754972,1.1658565472341107,-0.2829190757765007,-2.722300568592638,-3.0397663043408287,1.4953592851699975,-1.478819267619353,6.798657281054664,-1.6670207902632224,4.117954178363537,7.44670220468301,-0.16525168589719386,4.201570015422269,1.8609478751373445,12.349603331597878,4.1203110416136655,3.113048039277374,7.348321983995273,7.001462280804192,7.040576204296086,10.002501236385296,4.663347176380443,8.291665169343615,6.452670603093476,5.245561958857176,5.562903452258974,6.210622970412786,6.719708073097299
-2.74635865020486,-6.129122922739979,-7.150359324118717,-8.2343876951307,-7.337002643481703,-7.295683964751611,-2.364171253913036,-1.9695081797687828,-1.5521460796943003,0.8275783217636425,1.4563219048830107,4.935714746119986,3.1697255663746735,-1.6065687620907427,-0.6641926435162189,-3.130130046390259,2.7665592071720417,-0.8751115371075592,3.0533740053287746,0.7911735722523093,6.880140599606381,10.412904856547293,8.03714602428311,3.0638103966770927,8.825555915756107,7.061335856230011,10.762230467627942,9.805288722847537,4.61354600316382,3.757834093311452,4.7632483127577165,5.564753832930115,6.511574993325205,6.4478922680066635
-2.8241913968147574,-4.2631189348826615,-7.16004444959035,-8.191890477232475,-7.204804092108934,-5.672896149733541,-4.554804489163192,0.35396302430401366,0.3830609571860868,2.373202506593308,-1.3782167324148975,5.0557444725412966,1.3310542728919181,4.86437201732267,3.4475634897149976,4.776967413002387,-1.304388497828228,2.018361347635576,6.7088611009533565,5.88183337303498,7.303025564460435,5.22225370189191,10.446923210947974,12.495415193809212,6.32483574575687,7.4600080416429835,6.991348857155197,8.401746892134474,5.74401061738404,6.374277857230384,6.248008662768816,6.525170026466845,6.503383800755768,6.0077350755814445
-3.219747780700165,-3.727284622281307,-7.2723699060244265,-8.352615318545688,-6.742842567116637,-7.406471801289119,-0.4595090648071646,-6.263466871576821,-9.34386430180173,1.1703553664088229,4.970646311451157,0.22732776558047374,2.4534662755197107,0.37202494612399595,-1.6439734569525477,1.5967722862029785,1.8389234016139524,3.7153548165277983,-0.34795262819955874,4.05483948757335,4.002479378974193,10.135281771954116,9.955961988104255,9.56213471142551,5.967071749380801,6.516500289390846,10.542583654615209,8.68983442015665,9.370751749540517,7.799519246511431,6.891764300243802,7.403603791608366,7.152699736430435,6.203740486740816
-3.2354045911472435,-3.9682580896732276,-8.123632094752237,-8.641670201635606,-7.566709008950866,-6.457652843094722,0.378131594724766,1.2764293142011818,4.706678582197744,0.8514876268636821,3.2225771658971656,4.72036642822138,-1.3955704209268012,8.27586641502869,1.3850227323958706,1.4492560597789474,1.8786519913568378,1.6106147444095988,0.3578644085914977,2.668486145954283,3.3494194491425375,4.440472791160725,9.544250608688067,9.075804510199013,4.346648537407016,8.512527015803188,7.458432343637097,8.731112709882337,9.082762562188359,9.441114511399265,8.52708647710204,7.188496224636089,8.253880281362706,6.51410647958865
-3.2772668528709525,-3.3173942020517115,-7.3763666923384426,-10.185199008727482,-8.990616646416425,-6.38897233573069,-9.3271188859837,-1.6443341016762238,3.4865395502738257,0.3934911816690917,1.447172703181254,1.3626240010069173,3.40481165958317,-0.7536178491281628,-1.6659826515487965,-0.7598950498427679,0.3942045882394293,1.6261886085430641,1.9504301347648811,2.7829923287780702,5.12704506945361,3.2553067154545285,8.069144553805732,9.393476207129543,9.939192707252097,11.30140111933958,7.691946007307559,9.074766595994321,8.796237231913468,8.723577269463076,7.520024883659283,6.448733873304373,7.575537014159258,8.184199522605704
-3.3109552823741453,-3.152368552733216,-4.450588539763378,-10.28909615569192,-10.016442665601451,-7.534475404304023,-7.902368307383517,-6.19922891120807,-2.2443757608173724,-5.08660855979585,0.8791068298804042,0.5333846440169534,0.21956682594715995,-0.7842808023267906,-5.161027732636662,-1.1222022765536253,-0.680467914336383,1.3814934875391702,3.578689799623987,0.48619319063726946,4.116958018409382,3.559506367161054,7.273896628036512,7.423512971523929,7.409800660310355,8.742855351028739,8.528875393578035,7.489343773596767,7.596555222058489,9.640654276796392,6.616346297263848,7.282896747409238,6.87424107183544,8.063587337201486
-3.264351862286568,-3.065310620681775,-2.4134805825053243,-9.109577664604542,-9.786324246585377,-8.03213765332793,-7.3514596711363405,-2.938396630623865,0.7489448158760816,2.4578847942024398,-2.9839746818687867,-1.5468332244679441,0.6354269347860111,-2.7938663669488832,-4.349626139258782,-4.526285098718389,-1.1686821020880716,0.30496533123942354,2.169777699558914,4.180565656002634,2.741845584342802,2.6130288607966037,5.151867739681213,6.796762665040868,9.492299934189301,6.178591022844106,8.010162810806241,6.564442241140004,7.746781658597069,6.695954411663054,6.711787099949681,6.562268775571127,8.688879466168402,9.710184754701277
-3.0562102090034076,-3.1558697683754615,-2.6101636585792125,-2.4262723240279644,-8.70678106488295,-8.632718523883304,-5.195135997774794,-6.727231476177888,-2.0142413720073717,-2.4581367571134054,-0.8884825610600242,-0.5027008103477436,-0.5228216598259844,-3.775232653898495,-4.947780444580545,-5.901515438273589,-3.019089317239019,-0.5197248712774133,1.7826868698768437,3.305533450485342,2.278626387963565,1.7314896719465211,3.264125775676932,6.068465491850104,5.843066866507962,7.417189014375438,7.739902523139924,6.157585817118189,6.483507138398885,7.668488075146193,7.788094056277794,6.999359559292206,8.773540362490987,9.891716846353635
