script/wind150m.json
{"header": {"parameterCategory": 2, "parameterNumber": 3, "lo1": 3.000054539987559, "la1": 64.9999836372058, "dx": 0.5, "dy": 0.25, "nx": 34, "ny": 52, "refTime": "2025-12-16T11:00:00.000Z"}, "data":
[rows 0 to 24 of 52, columns 0 to 33 of 34]
13.426380712372742,12.840565160865019,13.384291148858573,12.745928325763014,12.68032329135514,12.43766304658603,12.391047934512553,12.60731378496788,11.823620459785149,11.449441155240596,8.529121814695673,8.598160668989118,9.112845234360359,9.890234563426896,6.254795331870002,8.863737086776954,9.25838801523096,8.443454764737734,6.638097984837541,7.608069036716491,1.612574822729848,2.586645919867251,2.4848577163593695,3.378378170248893,2.2064538261029303,-0.3492856507442152,4.213732566311085,5.845047261255152,3.1794442657038,1.2418359393594036,1.2200708672310567,2.812656792864333,2.8631598319432428,3.412073959101926
12.997041901778584,14.420055188929569,14.835178793449876,13.399757861576767,12.758396109113729,12.529329817533927,12.698380727054998,11.816955203100282,10.234625636195586,9.369054471620855,9.376564971074723,8.618435299674625,9.876931075540332,8.511175095115606,10.060286217310516,8.35285909262967,7.383166070241576,7.478168249648903,5.146646379887504,3.038875411736246,2.4867262369217453,2.048013113990157,0.01139031946599012,1.777363473836652,-0.5242676041762292,0.061517207907871116,2.615764095064229,2.407935684077655,4.431902407450957,4.321771896157791,2.8717387470300615,2.7988718412317657,2.091723243968133,1.6259716463914602
12.842320284489187,11.691755969150991,15.521292747609358,14.325806216123791,13.366286134919358,12.197528683124611,11.828122250736797,10.456665168709415,9.74988026486108,9.360082178601836,9.628757299521574,10.609279301502141,10.89399500222896,10.726595848543864,10.12849643512654,7.894384467026,4.996170409034564,7.035049212456953,-0.019284093327090943,3.774359518166837,2.783946632752279,2.0859194664100422,2.10112734498801,1.1242115239099004,3.1283203290951107,0.8848328925367321,3.611980711480958,4.698468708676824,4.139396827970929,4.422432498747315,4.751204162523524,3.396184983075038,1.8936997196511631,2.277740847073264
12.907458743851324,13.760505173737553,12.194543448388709,14.153990125899984,13.228194553731809,11.825604457831588,10.53221378145469,10.414334326525905,10.198545281559998,9.689889608012187,10.995997074263048,4.959847184096462,8.778722916381646,9.064792987619896,10.553514317336154,7.3374969172657,3.7824935889069606,5.73963430680488,3.71915815264049,0.5439468067993275,2.136193454942847,1.8101113975975538,-1.999832752646329,0.6258344130153286,2.443133705296067,2.1443610826293793,4.704493454614813,4.138212510640996,4.383194879610588,3.490904881984137,2.7041502004196816,3.494162310713847,1.9851932466235933,1.1531523260520409
14.899318599836782,14.547079266231776,16.018308974875907,14.63009571955547,12.99534576295587,11.851744124114493,10.237610060494653,10.779383107342445,9.910271809796349,11.257248838804284,8.893051378704648,8.379380116425796,7.8018303618116525,6.842588462648751,7.203314674945081,7.621565955581189,5.928599906153692,2.7307364286560825,2.697288762366744,0.14291884583397302,0.7290864152238039,-1.6097337753820045,0.9084619307784585,0.3411839517477125,1.3342674535676957,2.1372353301314027,5.057807461748408,5.464345085685493,4.980872423953668,4.8900401642562965,3.0506841160171905,2.902907598609676,0.4938415131896757,-1.2363961130267365
13.224034554665907,9.726011800254877,14.498856455374405,14.001124112811343,13.074661284301287,11.897861193867046,10.413021745820641,12.02139676422165,6.548300735412952,10.768082811957626,9.013601149271686,8.239551812510337,6.279426957056426,5.0331426288547805,3.2022047029252394,4.0633082617707865,2.173163842516456,2.4212661559689783,2.4052199278003825,-0.3696771258735886,1.6002002766333097,-0.36976586136381207,-0.358385250713095,0.7742536497099625,0.018565281585175595,0.6572197723111713,3.0741621537718076,4.429136272138945,3.760792243507825,4.734680045618044,3.493405661627908,2.0973358494691543,0.44694541819374506,0.12696862140040813
12.485323423411643,13.998418387140484,13.828110264585156,13.16404573526828,12.712096021771002,11.44292861175378,10.857988613980625,11.97324721471633,11.100809344629736,10.041884641013617,7.585722550045226,6.214282541379402,1.98660207916887,2.9024094172251655,2.2311012032070865,0.4369812022939693,3.3236048184501046,2.6799851977154345,0.7246205106462955,0.2438557870519945,0.871588563134759,-0.4964796633965407,-1.3157811022316364,-0.2335128791901115,-0.755473515046171,2.012769054474127,3.0426386631833955,4.485600109455014,4.365085259536489,5.22233000845753,3.0101585061832425,2.645144179771963,1.9072944904930438,0.3262146077551757
10.861453203555751,13.317797078400536,13.167944792787324,12.57945796162892,11.693900655573252,10.434238469379235,12.838847266202356,11.5281496807632,11.254254833405282,8.551814695064584,5.504771530301484,3.709712569905332,3.1564930291333866,1.4268336255220238,-0.03903678315615948,5.461393015920599,0.8696877928312027,3.3599655815699547,1.7386865444267845,1.3965390216138351,-1.5160956195160786,-2.104438657561809,-1.8940299419757147,1.1368635971068497,0.171654031290983,2.0274851260021656,2.469368700609531,3.4395483390647574,2.64467026971723,2.9923580608791034,5.522434821593426,2.2806652616672216,0.9449979844282397,0.5654352905746349
7.803855813364471,12.223745748863998,10.69591504405123,11.800199581065383,11.778048571209922,10.007872690724541,11.204644395817677,11.586069692084068,9.355986401609746,6.190731218508907,3.2929921275182275,-0.22214609311045286,1.2813409657572692,0.646465730381232,1.4227965093143629,2.3160528577771324,3.253948509688337,4.098650036524632,5.143764497244192,1.8293568760167425,0.6411151991207092,2.048937134609747,-0.4120368550443939,-0.6142347634804581,0.45243084227539415,3.703999458273861,3.0072310064856715,1.710417446402152,4.727104820662965,3.201318813857774,3.0897176021775543,0.9511923082751413,2.383779682734706,2.685056641072785
11.408797567181082,10.774502921616442,11.24010411904673,12.060633618133272,11.256345502769255,11.99128535460287,13.152926345380168,10.401316706746872,5.322021591800232,1.845902878153574,0.4980038509076573,3.506014282265304,0.44196943845397707,3.538007802691165,4.307878073131629,3.9609006325606004,4.919314450381537,4.106673549068121,3.1734347945549697,1.7603864158136517,3.8109813275344435,3.0972440587781898,1.4139518601665466,2.195233017633975,1.8323355395991292,4.027042709493895,5.041963851226461,4.431750954613886,3.3925746945510347,2.5252546480127966,2.585024407473428,3.640756570100371,4.184733900518349,3.6670938009574146
10.575247752170943,10.785276587436723,11.61160441967808,11.967619747771229,11.655325498027791,13.528719169744155,6.249461900439373,3.0691622915635848,9.044788691562813,6.160134057407971,5.816209609376601,4.033642472705645,5.6184664636348085,1.8824058991364632,2.1356271428291445,2.7612718943853127,5.5777018934784355,1.6953707567303833,2.2661721474828362,3.0333684260680074,3.616281592251276,2.382682511012178,3.782000903988877,3.088464049119247,4.223982702923404,5.706948983993137,2.400420321237147,3.45666654228155,2.7667503738496384,1.8725363086011302,2.56898319029695,3.9692328842059545,4.030444892961055,4.476630230828727
9.933510217221803,10.143250801402099,11.013477295979888,11.470724648905124,14.236848220552888,8.205317081689795,9.841327031741303,4.052282361945204,7.448732066097074,8.241736485271986,4.944038052495729,1.9842858227429023,4.762659069104404,2.2741847529404353,2.8043849682167568,2.725923953349534,6.1248767891222915,6.149580848747034,6.864408364196629,4.588877210599247,5.596397347887563,2.4154160793129735,2.925384033592997,5.125853681250273,5.158419358818635,4.946870729131246,5.267307813045334,4.026451561284389,4.488191589291697,3.30218429036461,5.480311820260909,6.7039940948229155,6.9913213364643,7.742030485487459
10.052466195150414,10.150673039347849,10.486771593744404,10.124735928848166,11.784732852514807,6.550101227610952,7.27032512107568,2.5040546292312196,7.938994808304717,5.528166434601764,2.930632764828356,3.629969017784389,4.8771613308218935,3.1697071944969464,6.0860225695492485,7.670940534359941,5.718702961821613,7.759741131762382,5.418804738489143,3.764838580334844,4.809158714704252,6.073893778227117,4.650306175902331,4.638223301454205,5.90286180684451,6.031348349811271,6.156836281773551,3.9646965140583332,2.569337394345392,4.306507899235753,5.725427392917912,8.266075391881545,9.45561356794974,8.687725725792536
9.532546129536545,9.63238802155027,9.856203119690367,13.186833287424353,9.871712693220227,9.970727871600351,10.758726934611627,5.310470075175177,8.632246542361104,7.558661489436015,6.726181831381397,4.880441643196766,0.881192317043905,1.0509871903177692,5.791244712568238,7.12544216439224,6.679138853585151,6.320030194253167,6.517177630997496,5.848099413289242,3.706657108966079,8.04685866391251,5.542316974885998,5.990641863370559,5.429686152937948,6.87408402477313,5.626091097733546,7.808682954400619,3.4067687592836635,4.9687376719404135,6.764439133019662,8.767771906136955,9.370065412978684,8.732034000780674
8.60290174829555,8.766968752869888,8.650015766655029,11.384117216345128,7.36652335845729,4.424503653407573,1.4225783272806083,5.082616790602317,0.6343845119487209,2.6281893418565696,2.3741183537792305,1.5376392033374253,1.550273950254622,6.439011270253356,6.956174968376254,6.603865925767127,5.625643194870221,6.45528197946068,6.633064376464032,5.324180196879333,4.908617609462499,5.453341258291354,6.42458232941954,6.181234891682158,5.3387444538555755,5.613628100640679,5.054747822433195,4.112565866582686,4.781415873297985,6.372143835599532,7.747705027586934,8.823075573243438,9.178733796995502,7.869285396173876
7.79180708109597,7.756530306007358,6.676116233541103,11.850478588854726,8.236439091677829,4.314346513021801,3.642854797641062,0.3779652981559166,0.6339565221974648,1.108332308490655,-0.10162494807010572,3.395390108868748,1.9614319352952925,4.96921421410191,2.343729496987772,7.244661606780255,7.7655635140082735,7.107512291468993,5.4177506895373675,5.571721457165369,9.375338346331088,5.328325072890744,3.097516476922601,5.445794049264513,6.588829994868172,5.511593062350987,6.636155393191134,4.983916856051174,5.2407117366006535,6.699911791836673,7.560197009658022,9.195008745361493,8.052978938747568,7.952649154863703
7.113439504611075,6.633833397498572,5.748042087058916,10.294598348487494,6.99166657477978,9.088500709989527,6.694005652301436,5.5776061115801845,1.5510594714683175,2.891052440574085,2.2967660405231025,2.349412983263853,8.005212158360091,2.94909011765749,1.5640560035227218,2.2083368135734034,7.396825430832132,6.679847507414969,7.049748796037678,6.674296209291264,5.923428975170729,7.180755777221876,6.375147859327385,4.2953337684410124,6.559096466651517,4.6332664428447465,6.532807048217127,4.969655418036928,4.647570814547004,7.428467777988695,9.04724981787299,8.515612914777748,7.5893985409106755,7.622088800764514
6.359544600373697,5.793047151811098,5.428889785763217,4.251064512394642,6.940328827571368,2.356575800432938,3.447155616120474,2.763328416952737,3.7314981080162277,3.7015599876360934,1.541853727695904,1.8822490295810812,5.470452305288996,5.800588587871979,8.144421161158828,8.3249608946665,5.715231298667141,8.545336127990025,7.719838607025729,6.680704330461609,7.109649333755116,6.204532043690613,7.265336080490322,7.779319968675567,4.6771178413968695,4.148759347910225,4.624134490550292,5.38680429535437,6.333039355980956,7.400586580357621,8.463278541223698,7.953717677478193,7.818282127264018,7.075554111940361
5.779252584608461,5.157062851113593,4.519034688010949,4.1213008245525415,7.336596524900889,5.18060912653276,2.99805646227572,2.6700596924477606,-0.7044079165145908,2.0415008611724623,2.256797509018545,3.0277065891936035,8.331541286457634,8.871108491837946,6.074246678521387,8.036701923301408,6.314247881817082,7.351840609212959,8.177774358183502,6.548140010624309,6.0252673626098,7.401974817323933,6.9858082841799485,5.456038297044432,6.116644176851114,4.499064458180058,4.929718927225259,5.24366021716861,6.027553983593149,6.373456247424691,6.394712299625737,7.02450133319297,6.744160850437252,7.320693324733422
5.43506346848107,4.97450959975402,4.392609682305107,4.262425256074625,5.898704413438466,3.4586769033231666,0.2024700828100222,3.765004481158629,5.686102030044318,6.222173561374667,8.1349147231267,10.173737221183085,3.7470934241188782,8.756360038068639,6.6850287351766715,8.686953951845394,6.101985379578285,7.136131380568598,6.099181903818335,6.334511451593665,5.6430280165253395,6.150596558617891,6.763965396828766,6.438097461747936,4.523032133257733,5.824509349490703,4.633526329349842,5.665091771473557,5.56260522106813,5.863036579650456,5.31636948501425,5.116506350568976,5.893836217482818,6.495130577932092
4.791161097560955,3.943947553072625,4.393887488287638,6.611306802373752,6.435032729933124,4.038501534647155,2.939197673133593,4.539434350700137,5.8225453727517635,8.296183499499332,9.018654568413849,7.607039395613442,7.45412471820933,8.527483628271595,6.4119768563122195,7.573182694413796,7.588040159082646,7.676796654065155,6.472251658666094,6.383368624137388,5.4351580823483285,6.4673924025595015,5.936012256390058,5.0713480390045085,6.297317047081479,6.192994042186856,5.972602179509425,5.831581817805278,5.749567552201857,5.033191667719838,5.161647084905948,4.972847291959076,5.640628580957911,5.524528887590489
4.4242147422088935,2.9293700397613813,3.0959065368214733,7.471628374958238,4.988521608240976,1.3457895449308825,0.8852559184219099,1.421773299535202,3.3023747087161293,3.840654526097672,7.73016145384566,8.680704640884159,6.819312587371291,8.096260697281632,1.7539276255593819,7.812010621789958,7.635918133819597,7.820665511762062,6.150428420902313,5.606275854881994,6.260636750036143,6.572781282746522,6.495145957836541,5.549273489800649,4.502488678886103,4.499457036594891,4.798605403949729,6.029417430289093,6.576539466457224,5.567059542506288,5.393562949801272,5.325926043695782,4.114505533615539,6.952046912425349
3.965137634186265,2.061532934282121,2.823863618193182,6.306243546864663,4.0250779620398305,1.3469202743303434,-1.211885622659294,1.5460596419602508,9.90093870142031,8.529275968399132,7.120948040572077,7.840082377275434,9.621728589776367,9.611650176701406,6.674728039724321,9.437094167135893,8.284814688371384,6.977339019476466,6.658002885011216,6.41398662580331,6.050509572179166,6.550098331640569,7.118357774576897,5.092972296479971,4.1089523832359545,5.026596097911614,5.517195263186952,6.737797108701574,6.2350544238190615,7.053584056019745,4.566968638291246,3.511557078295531,4.7723499860055485,8.01772751230072
2.658528209748035,1.6174634452645216,2.6006728974939626,4.936372787757695,3.314304203083421,-0.7023705244932396,0.17186448338801602,7.814020229503455,9.699681863959244,5.7701710400101875,6.371504819059962,7.423186826874719,7.637770571210055,5.472160552689639,7.904644537663468,8.871427515690094,8.710134871978394,7.222037833751783,6.321742525568493,5.596993237328648,6.736166002471459,8.867186494620983,10.927776269290025,4.966062675621109,4.618378331875507,5.412191436997505,5.36092948373668,5.303089218243265,5.5053272277754886,5.959965171313321,4.024633485891797,2.981285834987068,4.830373128968901,6.07381566563249
2.021542043515601,1.8304887850460743,4.933122354696048,4.891669689282921,2.753647591734366,-0.8841917941838846,-0.09657060118089719,10.141976489247027,8.796543319773315,4.895272858161022,7.880299026813875,5.834181058698385,6.170576334799828,6.894444817542577,9.695333536623533,12.043497807607148,11.446815168045894,7.3079747236452395,6.108348748865993,5.555412069425972,10.056834166310493,11.25840072771943,8.525045529626258,5.375633667079567,5.306843888675979,5.549766593661409,5.086525345684734,5.161233547650546,5.342951402842112,4.8037182138497885,3.563885561973592,5.12878975979652,6.9157724056816425,6.4027570121248845
