script/wind100m.json
{"header": {"parameterCategory": 2, "parameterNumber": 2, "lo1": 6.000198445256149, "la1": 58.999992894266676, "dx": 0.5, "dy": 0.25, "nx": 22, "ny": 24, "refTime": "2024-03-08T14:00:00.000Z"}, "data":
[rows 0 to 23 of 24, columns 0 to 21 of 22]
-8.083526583307263,-3.3681655344168817,-5.365248456137754,-12.843692650427625,-10.301746085165108,-4.5044611338132166,-7.119594074655076,-3.4067758885457917,-5.85308352781597,-3.2190837072134477,-3.112004061539634,-2.4786646077541574,-1.741393206806855,-2.9955297907213083,-1.9929085606926917,-3.181327223753136,-0.4740139135325361,-0.8473157387498006,-5.740563975732467,-1.9156315414289622,-9.224604565550106,-6.677236209430419
-4.313412704052463,-3.2314979432131614,-3.7405924057416944,-8.657938267941981,-9.021779135063634,-12.162064719509372,-10.511725825337724,-8.54680699406149,-6.993421433192602,-7.725325520885232,-8.25172219417903,-5.596944777779836,-7.311953444367042,-5.29844946502625,-6.331489162631109,-5.690612434042476,-7.2223769295550255,-3.123684680230247,-10.852500270620054,-2.1738536959432935,-11.298188069656659,-4.441429968060282
-0.5181257752142693,-3.85394655048061,-9.34054387596176,-6.06488353255738,-6.377570718069425,-7.753105199881437,-2.18153827198927,-4.04515765031338,-0.527299281543319,-7.437853703267466,-3.291399899459812,-9.756472771170927,-5.378416327370781,-1.8851749780650675,-2.8321715852995477,-3.3968425632431027,-5.837389725757462,-3.2708284357471973,-2.9334522934681226,-2.178618012559507,-2.938318230484756,-4.05019651369894
-9.588410875670096,-6.340966728444944,-5.519387823810489,-1.5932578263635928,-4.24945621091849,-8.335385055021469,-4.062522862598742,-7.60643807029551,-2.7863976383447864,-8.973175868154094,-11.974063772992865,-9.384694410926835,-12.665774450170222,-5.906910342790708,-5.56797567956589,-3.3927225557046805,-9.226486455657716,-2.968776276312111,-2.8739951457062967,-5.783680374196195,-3.5945598084602715,-5.744665344145984
-2.809006821750574,-5.104031122136104,-3.071630174811813,-2.9483808631260815,-8.908887760938553,-5.929319427320624,-1.6663930401433973,-5.345274479488689,-7.632014735361652,-6.3445059708718174,-8.560704698169898,-1.436282675933166,-5.361193522547339,-4.845531666204556,-2.9049097663492853,-8.259995496974199,-7.706127492887539,-4.2811474270694685,-6.030884823201891,-3.575033822286635,-5.515802254487645,-7.467062207405504
-1.9505865400246247,-7.218580910749982,-9.208471832943312,-9.103672005553811,-4.676286359910802,-9.176631107396515,-2.2549854110361296,-5.805331933465312,-3.481162460627455,-3.50725532335926,-4.1087694125541265,-3.45040536258374,-3.5890118041447514,-7.896040494455592,-0.9891398783199273,-5.525555676747415,-7.043169381726719,-0.6590472521562203,-6.559466612692283,-4.065938429455759,-8.516022465146198,-4.700923365670867
-3.4109787801176816,-3.4065874388671604,-2.947561858765754,-8.66192775439875,-6.0979480087142885,-3.964589196129801,-5.801450355411093,-8.9147440964776,-5.768840522273196,-2.199098926237892,-10.042838343084565,-5.364317495834319,-5.256049147457518,-7.320787237296459,-5.8890401930418,-2.321390059273521,-1.3986268916141504,-6.516616357118966,-8.744036683749904,-6.304379772192846,-12.844826033640022,-7.650278194269414
-5.597017791442314,-3.6689705344707098,-5.745595551863038,-5.206900136606178,-9.283065042211746,-2.8923260100159434,-12.087483118056591,-1.7613864255399343,-0.7231204354694569,-1.6803220443398006,-2.1082061329827524,-8.808381388445314,-9.841917142364835,-1.1537201870974776,-1.5983407960125238,-2.230111754986332,-4.212862070602504,-6.172463199548483,-11.078889298554248,-7.0588514514680245,-9.85767106310085,-2.2060718075936685
-6.996209412045393,-4.493707312696237,-2.6769597729646057,-6.31218277460253,-2.8023041650214857,-6.078895889764674,-2.38095490699518,-3.3790686649075337,-8.292041478737042,-6.850465006491525,-10.339850116086291,-3.5940944739518326,-4.205268846710415,-1.8564303348734803,-0.3662102315654661,-3.496349147650884,-2.714102872115982,-4.594409259998399,-2.780740880647109,-4.449160977773436,-7.5520346703360515,-7.737093841621718
-0.8309848644099275,-11.126550330380962,-12.45393381696794,-2.9301351424893887,-6.996846173673117,-3.658471146831414,-3.5518008523074385,-8.308156518238704,-6.637624161342031,-9.461277031493234,-5.709817489609552,-6.910053758732689,-3.1632930507046795,-4.744910138935036,-8.33931270514121,-8.313394176603138,-3.8225601740789026,-2.5366693482058733,-7.791784516517523,-1.3063679370733285,-3.504510485310144,-8.541273252243922
-2.945153617519776,-4.709557953043243,-3.8378813094275652,-1.2436138960831506,-3.570515345804577,-6.305757780849376,-13.316350077441214,-7.926200694952363,-6.572287761798744,-8.699545381193513,-3.1354288400135095,-3.8716951160308044,-0.3697554653818362,-5.31584420646124,-2.953850483883248,-4.606808890454528,-6.327229791092081,-5.260431800040925,-3.6714635865480543,-2.93557734341535,-1.107628446690175,-3.4374741783426046
-5.6652919669090185,-3.9430787495839037,-6.5610774378011065,-7.502829570708098,-13.400310671731265,-2.3088790418642624,-8.624915940395226,-5.038646047686763,-5.4357780687186175,-1.3273253783731385,-1.520564089971066,-3.685899721140063,-7.0777966068594695,-5.073164523983364,-3.466615385038548,-2.2613589480034433,-0.642475746143272,-3.823593558543798,-3.8646636139851838,-2.8440350361307156,-2.9679564845344637,-10.147046494874996
-6.9420092110120715,-10.971145541912367,-9.191434590892667,-4.962729085496323,-9.379912846736822,0.04099062247564746,-2.380524486396668,-5.202773326868387,-1.4738071426402293,-0.9124955534478122,-5.395265540296058,-6.9826689980076475,-8.951361375943721,-7.04779026330641,-2.400395114088781,-6.412478903099723,-1.96362565237819,-5.222645404381118,-3.5134250683216557,-6.769658189293945,-10.114883791526204,-2.4413655072374847
-4.034394737973192,-3.464764732318843,-1.7196094387048337,-7.838012299013501,-4.9094468528884585,-9.141577311941894,-10.520919606823515,-3.6178350529670817,-1.6631680184853137,-5.457784834918369,-2.4122388686544234,-7.1447698130201465,-6.983076027355089,-5.89028036668606,0.3846255153147387,-7.99617115194371,-0.9476676687131259,-5.27445303177857,-8.104866763990819,-5.225632688387647,-10.379267207292916,-7.753495130773009
-2.7866717586140157,-2.848033170753768,-13.175077485779562,-4.06111476805958,-1.0143501367405956,-8.94202452949432,-6.074572039511407,-6.11396429513707,-14.253512015751477,-3.8935774204556974,-0.8530120471083232,-2.177457136869993,-2.62205362371854,-6.012659794207246,-2.067644851453139,-4.869985597145852,-6.337035146444808,-6.506453480304128,-3.254370521125357,-3.450687940755595,-3.196725705827507,-5.610011824945402
-1.7788991898086464,-7.848626189513407,-7.320121410097007,-3.1368892426502866,-3.7579809143841256,-5.849572443919814,-3.4601274117191165,-2.7965795204645394,-2.3383669636208957,-8.855535815176932,-10.052932645536922,-5.359529578384616,-4.168085437412741,-0.9722978125656168,-2.8086078336971885,-9.54827703776282,-8.176367173830903,-2.5526002898132587,-6.144634791120026,-2.806771363795775,-6.909886233301808,-5.638971663925131
-4.010522550820716,-9.180980866723457,-10.237501552916536,-3.921191417361475,-5.19258932742747,-7.5929046497717625,-6.36527387622231,-7.91314781457161,-11.049567566650675,-4.422137267880355,-2.6444989359821016,-7.098819605138735,-11.4901640942504,-12.203062671151743,-5.781775338718796,-1.580344599477655,-3.331569641471442,-3.7498135769267122,-8.061414789952888,-2.942419596099504,-2.533708842749928,-6.167457147557247
-6.936171060096992,-6.555581523564722,-5.938371607358855,-11.573622856650605,-7.852717341140391,-7.429049817377132,-8.404778712806342,-4.02368659071282,-2.4665351873519965,-2.735211333250063,-5.708638135727019,-5.749544555138963,-6.439797358763028,-2.8068420262381206,-8.35378889467089,-5.094185477425757,-3.5380478881345674,-2.929549190089617,-6.44848310696283,-9.16201873084453,-5.484262738640754,-6.262209262750352
-9.24403225081541,-9.772947765041419,-5.580313157790223,-7.642949985908912,-3.046415869402341,-6.250959093746355,-4.733286556548873,-8.354052909111031,-2.4492279786823743,-7.477840351052693,-0.19559543757613077,-5.837238308611179,-3.6186158869382674,-1.736944492309072,-8.098708509178367,-2.1108483047042874,-4.073263547361931,-6.042128692055994,-1.6877764547030378,-11.434975486605301,-8.601415456090608,-5.144990573292872
-10.642331400270166,-4.4979496543371225,-7.834070850448398,-11.107773309018503,-2.3589234298927457,-2.528820839770523,-6.720226347097373,-9.72191625595585,-6.8916074312572695,-6.15838575713311,-7.09725651479951,-3.128504610099458,-2.2304696013628575,-3.3825550185290445,-6.109127427917407,-1.8319011483095935,-4.647100476407271,-2.180034278641051,-7.878715182542566,-9.399807313211333,-7.952170724909475,-3.671592630475829
-5.682846299023838,-3.5981368319317055,-9.757904921464982,-9.334480302399408,-3.180638141052896,-2.4333638728023166,-4.704209396841157,-2.5290006798650126,-9.755322274192276,-3.2692947016745957,-6.1143443763943495,-3.7268674346333754,-6.4066980759923196,-6.580710895612844,-9.306194439602852,-1.4733203061685662,-3.097772067349128,-3.3689752994925093,-8.44624071952186,-3.286754922090113,-13.545581030962282,-5.995002714080879
-2.6351420611822225,-6.766800938843703,-7.7598055648072926,-3.9058037573086546,-8.30189551281115,-2.911628313516569,-3.9416642226811347,-9.674532093439218,-3.901342046740997,-3.4813249803964306,-5.585158359915636,-5.7715350979577895,-5.309678574312894,-7.356851756268138,-1.4309922210686585,-8.322436832471421,-4.755308313511835,-1.2568217034199467,-8.97897642705647,-1.7792614208130129,-5.318536954061374,-13.725333150103387
-6.19828340079327,-0.45935050703093483,-2.3880653612674263,-4.957929006391555,-2.1559242609732885,-2.946612784282619,-6.626594120385962,-3.2799621827795806,-6.893168983151472,-2.780000248882844,-1.0007427335961532,-0.5972760469081176,-3.07633982572381,-5.796439069838941,-6.533142977141206,-11.131289441543817,-9.87473607332734,-5.256958774371318,-2.42984740253455,-7.163749266741332,-3.2288512360309087,-3.464082400672342
-12.30954245345356,-3.6718226351597987,-4.6751304466290975,-4.304720122596346,-1.5330451943271872,-2.7700295536358754,-4.814429763043033,-2.2750791713727208,-3.672593151299514,-6.176067575729637,-4.555511390444306,-3.1973434224990154,-3.0936231683785964,-2.31236322325806,-8.053364653279703,-5.803522619888311,-10.818718578637428,-3.241340513529846,-7.687445811101181,-9.84543636818527,-8.115060492441842,-7.440897977215121
