script/wind10m.json
{"header": {"parameterCategory": 2, "parameterNumber": 2, "lo1": 3.000054539987559, "la1": 64.9999836372058, "dx": 0.5, "dy": 0.25, "nx": 34, "ny": 52, "refTime": "2026-02-25T18:00:00.000Z"}, "data":
[rows 0 to 23 of 52, columns 0 to 33 of 34]
-1.8309223462617077,-1.3283654950560875,-0.8348651328362539,-0.6636187505816831,0.0012892107079846417,0.7054783362287099,1.32020974155123,2.4797420630400837,2.899044671671652,2.951009025298062,2.9712839772174466,3.723611091478671,3.699677609046378,3.9819165756641457,4.521470955624762,5.065154572189701,3.569622035388102,-2.9484008900661283,-2.952203883510829,-3.071733120364602,-3.177128720877258,1.1062303321011897,-2.5742948500858707,-3.278152950165107,-1.2560561369211767,-0.9762030097318034,-0.7637233117687191,0.5412058630072253,-0.1608778934686973,-1.5494458089801884,-1.353238939771967,-1.7268494577123594,-1.1546092449585108,-1.1480411121001006
-1.962542826245587,-1.5500088093058466,-1.1695142523235793,-0.7759576153044228,-0.42333613770112394,0.7349520724082997,1.9351191824204066,2.1394123697980305,2.4816267664924654,2.9610972625230128,3.009221498453262,3.9088128406733893,4.214329738689339,4.741359459393575,5.180390008636006,6.90894341511364,5.8536857861325515,-1.5501406424457087,0.020516914500830666,1.551872557244472,-0.16830075134696895,-1.7425502138084348,0.2705222632844751,-3.3733804186371983,0.173193380289991,-0.9122954380683098,-0.871621509473721,-1.9000861083183263,-0.3575818936696608,1.1122563456764454,-1.294388069246769,-1.2864708894563655,-1.7653421866016543,-0.3513922267643693
-2.3593004025386537,-1.9301656081840326,-1.608473514940716,-0.8840682509370854,0.06750263159099612,0.6574590876621723,1.3826795996172498,1.8225938065654461,2.3217356689046373,2.7922306097668588,3.6259358902642123,4.087547932415778,5.087936845662344,6.470784811732438,6.88924652216338,9.4827980552397,5.591911691068948,-2.3403246734869807,-1.1823156481240764,-1.7747680396329302,-1.5928066451193599,0.06057164925339447,-3.7804796278522517,0.08995056889934569,-0.9125490501644153,-0.673369080446036,-1.4673603210780253,-0.17994263835442845,-0.7930274953447619,0.7154835331267696,0.864059512496672,-0.44435388689344846,-1.0540208263173851,-0.9407110720535874
-2.6536188700437364,-2.154865019943631,-1.6836144816590646,-1.025078314816552,-0.321668719832081,0.4856699999067132,1.0244142498505102,1.5753285221791065,2.16480640274939,2.637962299236544,3.545064439174382,4.5297778830520015,5.839897953534055,6.425224080887753,8.02237403653549,7.311820218482646,2.3546358142448205,-0.079734415112027,0.041984054294993,-0.5149998469528316,-2.2375832612477047,-4.505044358333573,-2.994874065749325,-0.29547905955233505,-1.856708055279663,-1.6401479401088785,-0.8727991042721062,-0.2253460921012623,-0.6612125779544444,0.2356205434667012,-0.18296438611529095,0.8308462930544565,0.04915831110966018,-1.028431462037297
-2.835070000090359,-2.295332576665138,-1.8704931610037066,-1.273187249502378,-0.7113635027477498,-0.20432249399345884,0.39219183958820836,0.8711745812776825,1.5700850294629056,2.366090257169401,3.4965625334401915,4.583515896016934,5.541084666122211,8.307844361433125,4.839057030704938,4.575586929082698,1.4723239543476796,-1.242614597058734,0.23252091414366974,2.5816744468880164,-0.6389354295142976,5.839092688557067,-1.5682649634176127,0.03384561296328425,-0.16179251229295277,-0.5499821197330949,-1.268236488835559,-1.0507830449569158,0.09279140648486944,-0.3589440353472412,-0.35612966740013907,0.70355764577006,0.3144848447325734,-0.2656600174588798
-2.661826379332695,-2.3089189654481004,-2.36270522306327,-2.1014880656012243,-1.6806168657826754,-1.2718442408010628,-0.6852155972702844,0.12842114207910868,0.9330994137632622,2.300990705874693,3.8583620657557205,6.001362969042507,7.704577495030429,9.031419680555416,3.021776765171731,1.7925933523485855,2.3533896873525544,-0.4612842240373029,1.4540951590709656,-3.466630170147883,-1.5851366886194078,-1.8498029244641492,1.5950989769180783,-0.5458654661429196,-0.9728167250453374,-0.38511117751949764,-0.9837209112812273,-1.422497773233479,-0.6040039058352958,-0.40892064194081806,0.504355721771463,-0.30208613053493244,-0.08715096478587113,0.313508760233597
-2.5007617952611314,-2.7057710472017464,-3.4578646435674485,-3.4791218493896636,-2.867922098459757,-2.2287330846799547,-1.486907964712401,0.45489348626648346,2.155002722223772,8.335548391106206,8.455087816594704,6.514732319567062,6.193198127678369,4.705219869203255,-0.7805003039449969,-0.09945385006705822,0.23570126094548832,-0.39719597687820724,2.5560852662077056,1.226691570262178,-0.14601927782934365,-0.48149602753066084,-1.3137653212719145,-0.9495994208338491,0.35683675586566005,-0.4031247160725611,1.1993290131471261,-1.0630668152588052,-0.12055472020479659,0.22606219370504793,-0.22833317736956812,0.4288909511126595,1.165050344657555,2.3716518609990187
-3.722629192051235,-3.9309068960949034,-4.378944890356035,-4.232905712426095,-3.163743536755844,-2.3817415920747513,6.970553171823881,7.559131742703689,8.488710795168387,9.048045674880537,6.588351329377463,-0.30016946798434607,-0.38633605268187104,5.747174468321838,-2.1316464530171633,0.15940088864196061,-0.3230124655367607,0.8232850925691243,3.378862821649971,4.496720070298262,-1.6896277973095382,0.43528874122879196,-1.2833213297756343,-1.187830242644245,-0.546916795491474,-0.6557706599997507,-0.40876248076212035,1.6373381108018181,-0.6334589499308435,-0.6839027043001014,0.9939036349060052,0.5466151943455839,2.343589504366439,3.6600161501314936
-4.763169739917636,-4.586569444381923,-4.968434524244723,-3.987933186379228,4.55002316954755,6.155582356409316,7.149346761559121,5.591548056233566,3.8685244529207514,0.2784305333077921,-0.6189440084256531,-1.1144500389466,0.8421505033738083,1.4515498489185281,0.8118960731331729,-1.7548793172734638,-4.496052576641091,4.8339367491512135,2.009306138876413,-2.23984182588393,8.988208428333321,1.4883254930479053,3.173527504078878,-0.9024382745490176,0.1168987203952338,0.26310248547267034,0.5072439311795035,-0.21687034356479093,0.29658676080483115,-0.07468561407153833,0.6982461245113765,2.8102076919210495,5.129967823691055,3.802761547405425
-5.2613114519770985,-5.448709636639264,-4.874684072870534,2.424514605083509,4.653302746277621,5.680043299400136,4.249121945892444,0.9686297430177488,-0.9927746160791593,-0.32214155616328094,-0.44120019114232895,-0.7927661644546932,0.8290797786679349,1.5735214353942721,-4.624449022904747,0.4439568328112003,3.3840644317527393,-4.084115631400876,-1.036180419217456,-0.7491479459560367,2.8488286975963946,-0.3250572874010256,3.4137763964155092,1.2865361116520129,0.001869795378334625,1.1633389968608094,0.997730395121475,0.5736234211453537,-0.39970500937594344,0.02148061646167022,2.2471660303790375,5.951801941273553,4.649702707991041,3.4221593925182545
-5.634569736666038,-5.373440547666913,-0.09603837700684799,1.7368157468539336,4.016797587140025,2.9433111034515824,-1.3291614466570838,-0.5181525128026886,1.7064179262427508,0.38364842806995636,0.9055465889018446,-2.537694153107931,1.545113872529359,6.61707695675903,5.816311010031442,-2.5981374924936644,0.8238243176743589,-0.9054313702584675,-2.5362517819768606,1.5371724095083883,1.8909556226577109,-0.73934646092837,6.438051469964997,-0.14268890865548314,0.7594546007527119,0.5740987729542423,0.8692057082216842,0.9840352882824407,-0.9202878502646404,-0.0847324268035046,5.445633252580009,5.04443495825101,4.250400079572295,2.3762050168498563
-5.935908338518353,0.24105955239842314,-0.8472307410731543,0.5086221756940604,1.9599314362588898,-1.8261866974722867,-3.2355079321950098,-3.219864958552237,-1.426986927183844,1.8841815007355416,-0.8350823390336319,-1.7056677246780994,-4.408791891685554,0.6979182707638746,-2.099822670787345,-0.7504957119804018,-1.7383779530258903,3.0137444329561136,0.4937203556068359,-0.017772535229063365,3.767893105294596,3.1002509723276233,-0.5430692299216205,3.621914843142319,0.5267529809248195,-0.5376094340005981,0.6490506054790193,1.8484998802859236,1.150473799615482,1.0779223057070726,4.77100186323346,4.352749662292677,3.4960194798030373,1.8724561574445313
0.029319803567827638,-0.3384239296833336,-1.4587842533076278,-1.0213687344858315,0.7963284611852667,-1.0060759028967319,1.2222275240560339,0.6889924927398703,-0.21361181753391198,2.833426197051553,1.566706380497752,-2.7869143317876905,-0.9293354392801746,0.8530234327790311,-2.9659318273951287,4.275436465966726,-1.2648858620391428,-0.5573914462783037,0.305354494021487,-0.05675273666714266,0.5310324691694291,2.100791993434473,3.103297101123478,0.5673203014520091,0.9191940433560808,-0.04949185636523453,-0.03664378856876935,0.7126583333277701,-0.26830092177967,3.4958813647000717,3.5628114289263966,3.963137311126928,2.465852088331665,1.5254832790361843
0.698922276245342,-0.14911591135973817,-1.9264506963238874,-1.1390140007630725,0.52970596274143,-2.9392601404155343,3.8756496294507503,-1.5089760588462287,-4.520611230320974,1.2243673973245457,3.5419665446093744,4.846790331161005,-2.2290281007731623,-1.7936703354601455,-1.2218130330204988,-1.4383778745747413,-0.9666545338058965,-0.18692987769804473,-0.8632961978468645,2.5516178233874287,-1.8031193060683552,3.219767611532623,3.914330073385013,3.3455232509952797,0.42709094997953134,2.8651046435832193,1.278476065868713,2.177587160330638,0.03030554976599524,1.866641840923639,3.6308691809875313,2.929799236806634,1.5453842232210173,1.4618552178884778
1.5790178404633572,-0.2270506500432493,-1.6488080654180188,-1.3583693484612047,-1.5333673830344365,-2.0990354645437255,-0.5540248762276698,1.4792721156445072,-2.472743105249516,3.884555571140584,-2.532625918689876,3.942755905120732,2.2571274842428397,1.0372993037866216,-1.7608146370964737,2.2567336234200663,0.6304856022186274,-1.069700322465391,0.15358038564580828,-2.3963520619213035,0.1342242792616123,-0.9553374851831345,0.2942830740126746,3.2652859922345225,0.8918726577624904,1.6967558763993793,0.6019859289006799,0.8056669359974864,0.4362009543756528,2.900188045073126,3.307847809239817,1.9801203658529987,0.9622505515031904,1.2442155568756321
1.6131864542360128,-0.25051185091068845,-0.8185898186364036,-1.8247504527624443,-1.167932035020925,-1.3108157564279523,-1.030394569891489,1.6421439914608473,-0.026270157647551515,0.7638515850506734,-2.602282417526957,0.5450207979761862,-2.985725986826259,3.155450740696916,-1.2433704489136996,1.1144565680645417,4.771388460147029,-1.845191077678417,-1.0177930259993428,0.02082888248134101,4.743329415639334,0.03908015839560471,-1.0854808519532313,0.500167261860068,1.0553395639897734,0.834482718570539,3.1174413342095986,0.8721072963597747,0.8019373821036814,2.291692389135836,2.456813202263196,0.8248308414726195,0.5831353069973191,0.8143796600117944
1.615931114414285,0.7296481340092786,-0.23441126577958474,-0.9842082932953691,-1.7602769453993174,-0.9385756245456739,2.0701486622417713,1.3715267530526132,1.1435076224387877,0.1198982752403869,-1.2942999430348685,5.164655582240534,0.0268606491414849,-0.472187741971001,0.014302361784623682,-1.930221100427416,-0.35952026415049587,-0.5250073215433398,-0.6448345731403639,0.4827440763314161,1.0374828952046078,0.5196019465336376,0.6732224226262528,-0.8569230419240618,0.3302381515040246,0.8623623241012138,1.9905199021106303,2.0514382396056576,1.359658930541448,2.3812478829509636,1.0570185270411394,-0.0512114466222957,0.40649145529886743,0.5243776270198558
1.8038321788815916,1.445119172609932,-0.2315617533566404,-1.004172489442021,-1.1436838939403324,-0.38620965757252823,0.3557254638001012,-0.009250237517445718,4.4135331977846475,-1.87884963462786,1.685893344143413,-0.33686095438393915,-0.1440643735589075,1.92436294788935,0.05345006125673332,-0.10793572519828354,-2.745472853715842,0.16102977319529813,-0.03085683239046893,0.3860286229445372,0.27215077860616926,-0.06296612425176291,-0.05377109138798285,1.5066370452350404,-0.5032307047604271,-0.42664969461358554,0.5329548590777502,0.47319667712818314,1.3575719479207977,2.3927766880772854,0.5186065214762511,-0.5276993158014217,0.37585999398810815,0.9591833073670097
2.005114003586687,0.6572440654514433,-0.17062064994180265,-1.7485211082142318,-1.055603523325558,-1.9730677444792253,4.007541767623743,-0.3423758812486484,-2.313673756573831,0.8838335550625895,0.824991931876114,-0.7611647636661775,0.8960552596120609,-0.7676696725430255,-2.011944535613524,0.6950093159580936,-0.7955081431802018,-0.1386010788684678,-1.3783167145279986,-0.28163743006584313,-0.06130371102144583,2.0032988443593203,1.4562077074299922,-0.1268692842402874,0.5396616971433225,0.0656688934988232,-0.061134456309630714,1.1323310702802578,0.4924807484077108,0.9719511575915808,1.2179219568965691,-0.19591325409330596,0.3134702670776522,0.5608328801004415
2.1417443937995753,-0.5221033331221012,-0.888352406672318,-1.6742552421140537,-0.7390504308717164,-1.003164099282294,0.9977849448186806,5.167341144003751,2.5509003907758454,0.24650213899215276,0.19605110087389463,1.8650698317160663,-2.0623410324778764,6.223916920938057,-1.2820114368352662,-0.3250026511149542,-0.18688607426643333,-0.5675550916433756,-0.15459384204092858,0.06840403651830655,0.21055558675110086,-0.15893084306679703,1.2675443799884383,0.8771911124703173,-0.9774014582705103,-0.06008157386365254,-0.015252137274426052,0.2366964698148485,0.3519414727951037,0.30882752382207385,0.21366609988480442,0.1599860524698053,0.2573189416627729,0.10565846310034462
2.214173274388892,-0.9750064870830987,-1.9368382517628213,-1.9671483125175038,-1.6122318971046803,-3.0659762258807515,-2.9037085457829046,-0.5944197801306484,1.789434572136331,-0.4777249472780033,-1.5203280002672228,2.0112356751680016,0.856965379979656,0.08471018992234579,-0.6466399954477436,-0.3013409209366496,-0.4679509745678811,-0.17885436528738824,0.05651136939066995,-0.05034180063310758,-0.3928426357862745,0.3039261509311208,0.028990694724409384,-0.1351126860523048,0.8070623000074013,0.45878009200277803,0.4441207022728805,0.234083808605932,0.32416973419293577,0.44195922651555636,-0.7082915041574631,-0.0604276659023886,0.8022534125563129,0.27144806880866973
2.052915083651042,-0.14724343970954265,-2.2340947439383196,-2.5177348567249807,-2.5632630977051436,-1.1954738034305328,-1.4692114875813744,-0.2685921131755715,0.7078603295166346,-1.6460159886138708,1.5751953688181382,1.7872498555582488,-0.09781188987143845,0.16430857684483802,-3.1527245939826547,-0.736307080312651,-0.4289185853617245,-0.4802234407744768,-0.23805475852726107,-1.0010766072717427,-0.09478500772544192,-0.6201057835719633,0.9166703897299846,-0.4833380842963816,-0.768754635359057,0.3888188165140815,-0.12153522338243547,-0.2126349931202812,0.10164473190990726,0.13709533721452902,-0.9307106685047469,-0.08771161899214115,0.6534393720516408,0.5732818578278374
2.078817185516424,0.9812909641216858,-3.0844006068597527,-3.1928236844488094,-3.197811099400847,-1.5956045695439744,-1.7056275145173727,2.098793370601688,3.1032760083883457,3.940204618485643,-1.1153226755153078,-2.4205896661178232,0.959838623649945,-0.7381013089255389,-0.21476316881009996,-2.246230265829589,0.5697135144895981,-0.6753838315448496,-0.3833445222667059,-1.0994705132153517,-0.7801805118177678,-0.43631042364299305,0.3512829031581841,-0.37652934692684564,-0.6567020097098254,-0.9494944402323335,-0.11075818968430136,0.0007332449503166914,-0.15013877371324139,-1.0677934000265543,-0.44989139284990076,0.5324216678600843,1.4532433065895871,1.1560328041539147
1.9356412304087214,1.6704210695940709,0.02391274649475591,-3.2786053068235366,-3.339224311697123,-1.7099636405213618,1.020790932838319,-4.064329165748258,-0.6941048361789823,-2.8157129981228923,1.2794668182085691,-0.7616892322104707,-0.7130548879522716,-0.22805993288280624,-0.24878022642381611,-0.7281893374448142,0.5368368325780573,-0.24214600871600553,-0.4644118490019016,-0.46316228687999084,0.5715824941917189,0.3223876151469207,-1.0152864601975526,-0.3426957389833024,-0.25236251260527454,-0.4057579620388968,0.3764383229860644,-0.23169387156343235,-0.22076667532008853,0.2070380205215384,0.6870587178633989,0.30118600783584654,2.0816807825684545,1.8377397154698942
