script/wind10m.json
{"header": {"parameterCategory": 2, "parameterNumber": 3, "lo1": 6.000027932988019, "la1": 58.9999434238085, "dx": 0.5, "dy": 0.25, "nx": 22, "ny": 24, "refTime": "2024-07-23T10:00:00.000Z"}, "data":
[rows 0 to 23 of 24, columns 0 to 21 of 22]
-0.7654544766925307,-2.775845311192042,-2.390207410354283,0.2559868659231079,-0.16565996159724658,0.8669897203681596,1.2118323761426149,1.4079690044379012,2.8821111152315155,3.516266452903954,4.684505128127069,1.5260629758229782,1.5043495597382843,1.0773343495949657,4.312403150847873,4.129992733749498,1.141862478917945,0.5510693939179958,1.1017673448185326,-0.07397371306356654,0.4017446007613681,-0.11740217613282716
-3.2168057390215026,-2.623558937450817,-1.0721705207618222,-0.020058209618951682,0.754243331274633,0.9149566275311817,0.8449230865368719,2.670064049219069,3.27987080244391,4.092788446904228,4.345274721817011,1.9913576962284147,2.066009882848741,1.8807175296534306,4.809388549873488,2.6829478614469977,0.515721497960346,0.9392551005449125,1.1485090038570205,0.42466671896446284,0.691627839263667,-0.15941531477120885
-2.413550251310449,-1.0420032161085893,0.2984201564313182,0.5432122609172932,0.5277941860477285,1.1176821484543555,6.059709317615096,4.819938258335022,5.1066719406549765,4.607434010494466,4.804189304812267,1.7199204534484716,1.411877645004705,3.5585770805388384,1.3159499020272216,1.5233019486256556,0.745291842225495,1.2035465125342162,0.5464653823261998,0.35397484360926706,1.1483359247877194,0.3108136840738181
-5.856368955176498,-0.07887817799022045,-0.05216120624788518,1.019813326382271,1.435495903235412,5.697043550366853,5.406602540480803,5.347445624976317,5.517701151799139,5.275440531342737,4.579431630522982,2.093610503221926,1.6002053556279374,1.1276459206343166,2.1189619089821865,0.9304047978093225,0.8940932573479625,4.07233258762695,-0.0713109554669943,-0.5600539037888792,-0.33779763382914657,-0.27335577190650207
-5.65040158232644,-2.7622339750741047,-0.8715245531788884,0.7426310448791783,3.632255467750835,4.128086435797713,3.473108774601631,4.340547105668589,4.840482513685318,4.981379598029559,4.880671228113356,3.7278511382431363,1.2874946452471336,0.9313950946208049,0.830184664491554,0.7646398846894217,0.3826289098875659,0.6555278354915787,0.009879739139990597,-0.016133575967100387,-0.023107456243141946,0.007588573970785677
-5.544243569069854,-5.453916968180169,-1.2715047904652843,0.5658741283179949,2.2072439066925553,3.277107408197205,3.4077703256522907,4.369255935350141,3.9489397179716135,1.3188633871956346,3.9337422321861317,3.701470646557706,1.6708265589844786,1.5270825568222601,1.3597679546443528,1.411970411752455,0.929861493423908,0.3133724699660561,0.012012504111788959,-0.38622761431153685,-0.22077072027142222,0.06074092598408086
-5.963207500675731,-4.220422355664392,-2.395035079921417,-1.5839522696165715,0.22106512873100442,1.7144322513198906,2.938915226601154,3.3114028957421864,2.3664800910477357,5.355115581449742,4.371994635697249,4.817043566648395,1.2603140851733403,0.5515444627881004,1.1435192169574517,0.6622123983347923,0.6179236206734456,0.31795744092851536,-0.04542085570116161,-0.5017636204947316,-0.09183791117472548,0.11869522925879775
-5.641534520515907,-4.702118223405347,-4.539577916951317,-2.7823666419909703,-1.1482420446172246,2.2616899607777654,2.1792010497324794,0.42461703487146285,2.0170021441930905,4.366659180330803,3.377002650638844,4.610217947807376,4.0394309861332545,1.0837270778073347,0.34762935994251004,1.027404719352208,0.7098740231506003,0.3500727097203876,0.3784393058972749,-0.2642645172547552,-0.41874521568158074,0.7029016023248035
-5.660993026935476,-6.2367531271510055,-5.181047470276561,0.4076544633671279,2.5813696534967323,1.2225775543443889,4.453554077006396,2.2690988530193823,3.750400807525132,5.957650885769574,7.229019068345714,5.2863068104689255,4.549830368692135,1.5297267982988798,0.7409806511480909,0.43102212920530797,0.7228334953285438,0.39263008392686466,0.5756080894894119,-0.02311316715685479,-0.34337045394864024,0.5159931091967559
-6.3701589319783745,-7.5418598229063045,0.5561518375499092,2.9678669610501527,4.309407794508612,2.24005347158276,1.9556786435989828,2.5940360012944974,2.7698232101702125,6.093002812909063,5.738968568915538,5.348723221535084,5.936910564775405,3.822498182247138,1.1845370722835393,0.6351614637529314,0.2340812611615427,0.34978613747256976,0.39197294966210333,0.3536187315650782,-0.026170068238090274,1.9131333022405728
-6.798488163294974,-4.58262488854498,0.3937394138052051,2.4842165567953223,3.077778283082985,2.222228612052387,1.1080254951796356,2.0149747816750785,1.5960061226968476,2.1909565749264193,6.663880205975087,5.949344335207708,6.023676956117996,5.598820401692595,1.0211390840353984,0.37161676941819766,0.5461373864018588,0.03946368694394526,-0.04085703529224734,-0.11605661529417435,-0.1483279715530108,0.1022168812555353
-4.229787727764533,-1.1218851621593449,-0.7361614149265977,1.7872362184424824,4.28424939899369,2.1494512046413785,3.082309525793631,1.3716896527660245,2.1177267868447833,3.1739143738830617,7.511589900970887,7.084327144842493,5.539641456437737,2.875614453925062,1.8872155645388893,1.238482154077738,0.6984953051014184,-0.08427051032305324,0.04526067549076128,0.09757876228700879,-0.21440536803572624,2.4236729349032653
-2.684865168847161,0.4498540992647311,0.3974185439611838,-1.768416364481903,5.0383780398777365,3.430380958536952,2.5724367804756962,1.3531672179476508,2.1111061518959273,4.579792695273232,6.963161764655586,5.60522366052151,2.304091511959931,2.580553736064038,2.774792603219964,1.4205012450243992,0.7950952987219674,4.081135351454758,3.0840620959330756,1.42594517069471,1.7168695247384942,1.5210148309780518
-3.799405902848211,0.04004364376716956,0.45740369243611667,0.30035074573545906,5.208182154099851,3.0427467629915195,3.803515242988869,1.91406943739485,3.449066761190299,6.166460667957293,4.891641864963122,2.8269594790355033,3.057171397605134,2.4366373453653734,2.932724965131508,2.025656081545214,1.1122702364050725,3.5553328455618445,1.604970636505678,0.41365529722224326,0.014016342463232955,0.44423389356464094
-1.7485936470328514,-1.5171990666032273,0.21600956986759198,1.2218045383047411,3.424700998070903,2.9597962965719002,1.3761811974906482,1.245029736161014,3.380552217387543,3.6756988702968885,7.398069334335159,3.423973171201403,2.2047029780023584,6.757624588877836,4.1557202844301155,2.849973524448413,3.0842144820057125,4.599634650763186,2.016530296056787,0.23877232079042707,0.3265747640521786,-0.13718801263128338
-1.1382914955264876,-0.2667992414906949,0.40880007246979944,1.6341944629848346,3.5417857213958452,3.7306195264046336,3.412508693137493,2.201899559320452,3.482817364688363,3.417409507920846,5.538981745898233,3.9953582598187403,4.040738117367933,7.36563646544362,3.756064119890501,3.420811692927344,2.2475565147876795,1.7790055568855536,-2.2393555128153024,-1.1541227769839009,-0.6868309490613499,0.13838744926220098
-0.1337014174569534,-0.024340237390738956,0.631312887699123,2.480829939303024,2.5397911201642285,2.1750776906502987,2.202189859018929,3.5818611513675402,4.041245546533447,3.6540909513193216,6.204956238917221,6.507124890996697,3.6086112842874387,4.360094141954696,5.456072516015203,4.358278502742647,3.083453845198752,1.8742199530120505,1.1813189584019261,1.8359323966342758,0.2491227486294192,-0.05996820323695357
-0.438371888591823,-0.5268861514222966,0.7728260247254319,1.8422054553487264,4.249075428870876,3.1066765481449754,1.8429712249177035,2.977472088713915,3.3009294035292602,4.719169985512438,4.3250530063978,4.562315141319871,5.386822769583654,7.061165487031718,7.081309895602208,3.9327304839723856,3.2807915816523567,1.9717278865932717,1.2628015510267911,0.7384131495866246,0.29609914398712034,0.16513131961370708
-0.2966904891620417,0.40762388574966935,1.639361078776046,3.1670283703525217,4.830575843052196,5.126394320192117,2.210383944388457,1.6890430609109384,1.7381778441103368,3.3625794297256637,2.662378628648133,6.43491430429888,7.022979995739927,3.9131386125905205,4.271424114393931,2.1891343294077763,4.036419824751074,3.078874360897592,1.4153437234204471,0.6773491340890707,0.7033962084124201,0.31869662029053336
1.6894469955533966,2.1480925343594683,2.561553373292954,3.0442674067720756,5.374782559294141,5.42434106662377,3.259851601257608,2.344401566022242,3.465353688005358,2.570753339608265,4.660138107129228,6.557263895032165,5.681207887129086,2.2417576542243824,1.259423481185166,3.8393052736829003,4.211021510369968,3.7738511777418,1.8099642652540378,0.8941194837040484,-0.8992480267821733,-0.9160180958636971
3.261841713023078,2.4816049717778172,3.328463373476092,2.9770423375530823,4.569798039747866,4.890234029057561,2.250823515735713,3.74672703630637,1.4622395848719012,3.31977518300947,5.014209650694844,4.770186517643315,3.441587574614224,2.9291097957266747,1.5368201859274466,2.8403015250016863,2.8585645009174496,2.4544529739826673,0.5906896864356485,0.3027580923167527,0.03785183064309909,-0.11633551965122027
2.046911397040647,1.525061003812583,2.594134220295021,2.2477014292771362,4.475279720110013,4.854863581855872,3.4348851615170775,3.7642576752045245,2.565550446677101,3.8514470787115798,3.4981601181376116,2.4328019586439016,2.4425210682433875,1.746353452147233,2.9329082786075236,2.850713687615756,2.5518952662707504,2.4423660344724,0.6133577249733047,0.06359692581151667,-0.19693080944128313,-0.11512182450129776
3.3041807869569415,2.0674044037767847,2.4369961607209962,1.7581737902748629,3.038271122392637,4.061722950996789,1.5365071965293498,2.27951081403283,2.438441989915587,2.362715740841269,2.784536660851597,1.6199238147147446,4.280704045360095,1.9054536602087853,2.8154563912897523,3.5051054653587883,1.858791451691291,1.076670323192659,0.4868815229052425,-0.2931265011360734,-0.37895301616004545,-0.402203555963727
1.0283671121317313,1.2296285892875347,2.540406785289476,2.658626504873941,2.720824440644605,3.7195790178071735,1.9162882052680723,2.7959727152177907,1.6404091435195023,2.618040418080178,1.4461520563155865,1.7341740680544306,3.1311978460865673,1.9795379195890468,2.7388356317893456,2.1140990748288315,2.4966174846000433,1.0483282577235529,0.4076842250027553,0.14221862719706999,-0.5116995331008058,-0.16218865239914307
