script/wind250m.json
{"header": {"parameterCategory": 2, "parameterNumber": 2, "lo1": 6.000198445256149, "la1": 58.999992894266676, "dx": 0.5, "dy": 0.25, "nx": 22, "ny": 24, "refTime": "2024-04-10T03:00:00.000Z"}, "data":
[rows 0 to 23 of 24, columns 0 to 21 of 22]
13.908090726736061,15.63119838418058,9.655967051831409,14.32842824456908,20.415758123242643,10.981773221515096,13.985744419422472,8.817897836202725,13.327650695734729,12.066247688115688,14.139957856514147,11.627331055230892,11.92245194105274,0.4988611136812634,1.7859459380573075,12.458867183522994,15.165914846319469,10.288723310131887,12.181245026126597,13.089182160413529,20.5122907920783,4.6646116417888
4.885562236842945,10.542772339609117,8.770835793264226,4.900507625088435,12.424399056649953,20.125652998940414,18.33153817574498,19.544335281875796,18.612065428697694,8.853543806086941,12.526758990836397,12.615070640137526,9.507005584821918,9.574863840302852,5.84833523950564,12.004268254488549,16.84134042048559,15.379222698261131,13.254290603938703,15.445979881551413,20.47471957079762,11.460817935584156
18.34929694008586,20.079556809559243,9.091889333433086,10.322231011106872,13.980399561702367,4.733842322558596,4.835943327088842,2.049799478257599,17.66466795547483,18.787957556228992,17.527746630488124,9.496097512077087,9.947177199132085,16.05662252097885,15.347315031757748,9.335986253560597,13.287703359838254,13.939688583963292,8.981186616521827,12.027486626957323,4.547743661953722,11.78543363825934
14.15945724132659,19.10442024758173,9.877222572990071,10.447921629492724,18.227006691966828,11.79190740114173,9.759885529540702,17.41077256497437,15.61281424913259,20.129866182626376,9.197319379983426,12.501933276659944,11.576404036267874,8.711377828256227,16.66721220626414,18.406034509075127,8.139387363927677,14.643291966439557,16.977474091194956,14.754460942594491,10.626484656049701,8.615484717950569
12.003414205300393,12.922683022746922,8.619286409993677,14.842917848655395,6.678924817701481,6.764448679301307,21.269475953872735,8.862796015649499,13.360438993428314,12.61620145511075,16.280725229029922,9.792431846644373,16.251159972409763,10.405878490408607,9.180630152195572,14.106459055494797,19.385408853820948,8.563383307873215,19.483102534891117,12.53969787021725,10.954416874643757,13.031795018031502
10.0957284960237,14.260621411934663,10.077083963736756,14.285093018577324,12.0530354846812,12.428590149594271,19.00900276680861,16.742794822985562,8.537215909937565,19.231169436592854,15.682061286752218,14.836800958120374,12.58243290139213,4.657197988568492,6.667871439814423,5.3003641136667365,6.0054401569928,11.397007584028215,13.671464254774177,12.1842115292133,14.01856174333392,8.317945134217485
10.423585995445048,10.712685115223431,14.123553647348695,9.386337740302823,11.839367217406062,12.071286280852828,10.983508211535636,9.790165220075258,9.053580176863983,9.637430448337563,8.300957425668177,10.16573352788513,11.50072549625625,13.724321340508832,9.013350810635863,8.631225410393029,7.729016090178053,8.579578461319631,15.283483920901975,10.485233183849518,12.403888656934877,13.960288002912964
15.568202375468612,5.378873605674383,12.476111245268472,14.965290360123225,10.393796361934845,21.10783751227377,9.361891684318012,20.15330811447677,14.404550106996373,12.170925136162559,10.63073698026883,15.5457861915507,19.339276550298234,11.623819094812722,12.911157199524757,16.427994815123473,17.377545673547854,14.457425424266399,7.656420172816442,17.303004481363402,17.24233745954681,16.512046053761903
13.12058346308523,21.024637137132792,13.178790323740046,11.161860655604558,7.819653921462959,9.18868736942297,12.356804138342701,17.55718735105598,11.03777605435708,12.785039811041624,13.660840715949751,18.245454072816198,18.175905440078164,16.570190892878276,8.308036260010628,15.593626152622644,12.565157698124063,14.451738115168679,9.764024770111764,13.91253006699629,16.327845693392998,19.572977984708846
4.3246422248140135,13.567041215619964,1.516660252724889,17.56852802083781,16.844962607836642,9.266871624117224,13.11372319388119,3.0117852044984583,5.380665505023076,4.677145447355308,9.392896218592933,12.67879765985204,14.25712083328716,19.287654311810613,16.941303616190698,15.501129140866686,21.348656498017842,16.694826554128117,5.658971754314926,8.569743711843552,8.511431146594855,12.414846468454448
12.236624823536557,12.745578104260574,14.68532038478006,9.374784759977265,4.2601233763128805,11.502500379395194,4.154338637405907,10.208755549394649,8.797426297495472,5.680879230903993,15.951096911234847,12.88382541635054,10.272196980814071,8.04848959409353,9.998616773174856,9.525193646483267,14.210931697224398,9.101415174372317,9.754782850055847,15.627712417469109,12.980409508074155,19.259900726355117
13.080290863721928,13.204944816203932,19.25050331242965,10.37153911307909,12.206137207760614,17.518852093210512,16.849038507067114,1.0463047484186716,11.78760291701699,11.85854894490346,13.928219897750676,5.632926597441857,7.560696661949558,12.232373718727981,16.096869096992112,3.718840289016496,14.344812088084838,1.1347997317267269,9.578436978488956,12.566837045554804,9.337730713453706,18.959218248555782
5.085516980741188,2.7494236219855686,8.894862682377155,7.6937555188187465,8.322802378932828,14.101382653902203,8.83984053869664,17.546614403615163,20.490452708842117,14.99184410089213,6.164675079827742,20.39901199457133,13.986412253908119,18.450633509693795,18.45570984987139,13.190331100844798,12.323319105240733,9.22665113013804,20.13330809184892,13.103205927722778,2.922622212804117,12.017537592766459
17.572340666798684,19.532439003348262,12.38650639657138,9.580131407671466,18.027114679952515,16.50714305333356,11.858341803600863,15.728337331053282,12.361346371011562,9.462843358301665,7.286071276340447,6.944727982637631,17.234131238544204,17.296637695649142,15.839069361528606,12.994845714896204,9.82579453723705,6.624923056229099,11.78606901972812,19.975099546667142,11.724776305656054,4.763365202312046
6.617790162187463,4.8234244996105895,11.886114736903663,2.750681627314197,5.821093054810167,7.858875737114881,10.741433806921451,14.936934602909302,14.149882644909171,4.713688387164449,16.566483485944676,8.603368612552242,13.030749092609316,13.038294224188851,8.666258170013453,1.410790808941796,15.912590861023817,10.817415579656261,5.213013300788999,12.016544399794071,11.759053062028215,1.3218275638981567
19.042700421021785,12.32839494092522,15.065803756092414,9.679976652855816,15.735905340892502,8.118404357557754,3.9662751197438766,13.662173600308813,8.441050373560017,17.698271838526985,16.987578450428817,12.864509473934211,10.074074226476784,13.01120865855862,19.740730665048737,1.9367453950795706,8.242843909166906,15.327804908484511,6.626104193579249,17.915136840892757,12.220068875984365,12.34778532892876
16.34842200932144,13.328262466455365,20.453290429258164,11.060617754755954,2.942894748774394,15.710458657608504,18.98517631568701,16.34011459667175,18.60604277781062,8.220557875069721,10.129964126781859,9.541534074932205,14.31540360091529,2.792154922738398,2.7601395943964193,8.326153654692888,1.7368855704419606,7.5924755829527175,17.756807566780235,6.403548465544577,8.891313864913334,18.147930085862367
15.085805535187703,8.410584720547874,9.29786020198805,11.88306341378113,10.069622387168772,8.482315753138133,12.987124142077755,16.304547934810685,11.728393968786598,12.811646081357168,8.583360639964996,8.80768966457304,12.771502980674274,3.39418886691082,16.412561399817967,15.461336714881499,17.222191403302908,12.730669753808117,2.8149918490657058,17.71026353752016,9.841593625916353,10.448303094429596
4.527369285334381,16.51863925768796,2.231959121879463,14.448571017070034,18.96722986371413,18.623556753493588,11.57027012753572,6.965716359686096,18.405532990387943,13.09093169729953,16.202824902837467,15.884849684153773,7.878281056450171,9.963724202064824,17.18109770314442,16.323034533743545,9.482831468279976,13.714448159545631,13.533546647281298,8.092083024926044,17.286964904828505,10.388371692849786
13.848859708462024,13.960221001421568,12.713266039582212,19.39138426612354,13.397801474097744,19.42971710843578,13.303404791882913,18.557320019578505,2.821173360975708,6.610547108575708,12.436699596074803,16.345062984572532,7.928209488795328,12.527166235838669,1.6366081304823765,15.673563625198216,11.241408669634701,16.809024544801503,13.000232783693068,17.392992185466166,19.79061371360136,14.490699394718675
16.505241078734326,12.051200982795647,9.974974720550826,8.070020723127268,6.813695287337467,21.055321817405964,17.929510990758057,8.986813018847082,15.164825850244615,17.11076552510578,8.24920620499818,6.212160145352814,16.54210343403058,9.002557946968494,12.837921047926054,8.970538100333675,14.647996654626649,12.07911113451909,15.181681266134078,8.818784214755846,5.018408266350371,16.053918056277674
20.417899949637178,2.620342587168899,19.355212780448646,2.83373055901517,12.990242299049452,11.437292045809219,16.051925838149955,11.712181275539027,9.585056279324172,8.647630017504625,11.132057694249719,17.141020116096534,4.635010408393268,12.067921455524258,15.767685943471243,11.308908662899336,7.353176979403026,9.699814996007781,16.10047376249749,14.934020992565895,9.092101964083119,7.710637598004274
12.022902453367761,6.2311831590389914,11.51143210559396,6.2737552518855075,15.14756503912215,18.722816830780914,3.2111086984166657,2.4717178058020153,3.130026331772941,16.811051597459674,4.633567482143373,16.46389586305021,10.270584436623507,5.482287264613461,12.606743724500893,20.683626957387453,14.602179211369766,14.638522979656598,13.835586067819612,14.644696699415869,9.99203217393944,13.674944524866445
18.81772139970469,19.75590688077391,1.6169846167645365,10.629302141363658,15.718925654695866,18.186773354359808,19.07295719010163,14.136326793672852,10.840931904721717,11.864825915052268,5.192982219868887,4.855628723391595,6.0862107971139645,11.48882323680873,7.456596311544874,17.947536482682448,8.573133818866793,10.116619186024435,19.360783350422185,7.9081703366907785,10.776355005425662,7.6279987791506825
