script/wind10m.json
{"header": {"parameterCategory": 2, "parameterNumber": 2, "lo1": 3.000054539987559, "la1": 64.9999836372058, "dx": 0.5, "dy": 0.25, "nx": 34, "ny": 52, "refTime": "2025-04-05T19:00:00.000Z"}, "data":
[rows 0 to 23 of 52, columns 0 to 33 of 34]
7.50698884925717,7.488885480988845,7.287463178736815,7.4413057997015,7.83795591106534,8.049431542972481,8.024552520647028,8.202319958697384,8.208425509755122,8.263578720292605,8.300072019403522,8.167482850219516,8.251271687664504,8.42103581156321,8.444911799260439,8.385542364045566,6.870864570464026,6.870581174008213,3.1247339539502565,4.545528661292827,4.677363720447484,6.7947162075806,5.776669400752065,5.521970247779719,6.509904961537609,2.8735029200687197,0.9760935506346122,1.5670348560800909,1.7229640137201423,1.3730595375600263,1.811948667352996,0.7602575226277578,0.9513956874347745,1.4636024876074654
7.058814454249434,7.063194918108508,6.843431539309005,7.19221739714659,7.404632584969627,7.711079169235305,7.920567233968863,7.957158136954439,7.932733946601481,7.8265619975134575,7.749452543918869,7.851460896326024,8.003936827663638,8.29574176363975,8.71123067580101,7.9294338406652685,7.013627738109363,4.404687481470117,3.679224944580932,9.677841746050408,2.1241499447576837,5.385209473578621,2.970728586718599,8.416255188185275,4.40243186212967,2.537447727857734,2.0123183267216875,1.7169433400271612,1.7445110686450194,2.488314257203903,1.6633961566721707,1.579077562599826,1.6419371045999103,1.5987568853291452
6.500347186611643,6.573403342156353,6.514670058582998,6.806685330957398,7.041474233854782,7.31946476314157,7.416001957073456,7.571773586521568,7.46412538250153,7.377821767356111,7.278164428285973,7.356950241413577,7.472732877813266,7.896861765730744,8.146552436093591,8.278672588747979,4.894327678095228,2.380518725700103,3.498189014413469,3.1143270374374867,7.8949739750209575,5.800597719130942,4.142553406979236,6.14768769804734,3.0134661326131535,1.743249191391354,0.9898407779582785,2.1751579705966795,2.0065253243673467,1.9615699222905518,2.007146557446916,1.741587378482765,1.8939608928004699,1.720538750597727
5.826370317868315,5.940335827484368,6.217014669259042,6.410360522363154,6.544410960664241,6.643159677137885,6.852747403931644,6.846258016768756,6.902705720093035,6.99720994447279,6.901544852090285,6.686513953733941,7.008537987962569,6.9189751747797725,6.71327417616523,5.054698400899598,3.482408648840826,2.9096374385148582,5.391314616033927,2.1873633666582863,4.324328711839468,7.9432314449681565,7.089662821704786,3.9268270629718685,3.0112651334434317,2.1113330399188817,2.8992364675859665,1.54958028983068,1.6549828242119713,1.588392495255227,1.8738130664682087,1.9932730289147715,1.6943437534030872,1.0921517349200336
4.688632438881255,4.9830603584701745,5.497487303051403,5.664677191562473,5.795333407233843,6.108707279707355,5.962784052456782,5.843051899176621,6.037493377448882,6.007902338634976,6.1179240824643015,5.727422676468845,5.980680662136888,5.174324030645356,2.551035683063038,2.8171663154421585,6.190040883754684,2.473000660690018,2.9276438352571215,10.560201701804141,6.887826758495689,11.948216597211637,2.8061185392487817,4.730395640960584,2.633096934402285,1.6223877200355534,2.002499909583915,1.7078399097671577,2.0120234547986646,2.1408360808933162,1.5030952083482636,1.8671610815775834,2.0222568417974838,1.5912825916219788
3.536858402868791,3.8650428728918365,4.225991334754522,4.813110289666508,4.853804799049899,4.742957653826774,4.60671561559643,5.000125769389462,5.253700597068844,5.125945000679829,4.977017409304348,5.522406401223417,4.305246386151509,5.20259006713234,2.112610210857119,4.1395100472735775,1.5063221199799546,2.507431901540699,6.675693511233228,4.900828155530338,2.770834283907229,6.400662338220251,4.033992314859198,2.725151234356476,2.200564150410335,2.3147415060171803,2.1404484448453456,2.054189882422371,1.9015050699833007,1.924165053403799,1.681045145837809,-0.06210184108336154,1.1784892409568104,0.2243304086386085
2.316568894530786,2.595643409560668,2.942089967518228,3.21214690133427,3.334395877887532,3.3378613105497683,3.553774561528048,3.709565091025491,3.8807043764914413,3.62056960201775,3.671492748201457,2.7076732675634827,3.2065697370190063,3.2840526223395328,2.227514744778763,6.840617083848386,1.6762696644487771,2.252232346260489,6.9648992160007,5.862328357946048,4.093566416555052,3.9619989207443225,2.4900722409419944,2.585429728897686,2.3310683357895723,1.9281375740464781,2.807010391443904,1.3920383699205956,1.6373220821155685,2.1249863050508284,2.2067755643496585,1.6523249941567386,1.07351945180956,0.8998373050420113
1.0237752272111071,1.18685949081612,1.4204068336705,1.6834408199572353,1.8178884234368045,2.0908732964487555,2.020992618786555,1.860334322297443,2.154079221679188,2.321869632504387,4.8466871503468045,-0.1581367759522128,1.38070846985916,5.406865908695225,0.38592754553344005,1.6672620208542315,0.3729240042520221,5.607747190769,6.271003013846842,4.064038474351136,5.723252262332383,3.894809077244389,2.7218979020765186,2.3345033951380922,2.2560765152533255,1.9564897785364117,1.8459642786592219,2.449656567395061,2.1185281470491892,1.9422220649874204,2.2738424457420163,-0.3450701128807708,1.5359243375990979,5.6548667529646774
-0.021606436105810225,-0.11980370017901124,0.08232386383427716,0.06945229836257545,0.19954307610560684,0.3087310626569309,0.14709389031399148,0.13438122423582552,1.7011254332144923,0.6210380422504311,-0.3730413483383604,-0.44137947795478355,0.9135100385629649,1.4461996418320588,3.143564793872451,1.1992822605698008,5.138912509184933,5.94863086569406,3.1567170995998324,5.8372786272748485,7.764844670988856,4.698718372588454,2.116459924636023,1.617597322770503,2.335823786424504,1.723861498302079,2.0069412375275517,1.9994942905635988,1.9743093911360785,2.4171005497408378,1.1478565746283833,1.2631657503250602,5.608325481707505,5.038407600103205
-1.2240670210999722,-1.4839825278053256,-1.2979567007257824,-1.5520914864968234,-1.6372917052358291,-1.2795535377666325,-0.3742472975316537,-0.25525732571444537,-0.6457747246724757,-1.288324562794886,-0.7986228527601891,-1.2109434355481643,2.220871681626049,1.9374479402397737,0.600537953740473,3.9196263595011547,3.822124992942617,4.265818470875807,5.611500542609573,4.806286978660835,4.945765685433284,2.7101344604989452,1.7473395114063763,1.5896281665719305,1.9301661475880814,2.027048544781972,2.0496845451687933,2.3949470373200725,1.945921303108034,1.2263619723680186,0.9655433483814179,4.335042572025027,4.8582544246427295,3.7828367648025263
-2.7038066760782966,-2.828017887141999,-2.8555524338415155,-3.102796170984822,-2.2320802004400555,-1.9621754478489624,-1.0914021732178252,-0.7909304814627087,-2.4900836444395464,0.9852570745867397,-2.7598362785754755,-1.0390831562137182,0.22547701134309778,3.610501813148594,3.42186625811866,3.7113672075026334,1.7999580211401076,2.173473514848271,5.019897751961199,2.103810067981476,2.991682339248667,2.183965822630441,3.918324197998605,1.7892773591439262,1.3502445766952444,1.4082895804256532,2.5104487577280103,1.9057278617044215,1.9409526952315412,1.3487468631725323,4.083814325561824,4.089712704599381,4.001156744693301,2.719478184644866
-3.978488282909736,-4.050844669484385,-3.7896846135024953,-3.658853452451382,-3.7814866868144277,-0.7592781356268258,-4.268691986666505,-2.0117283243769255,0.5059811783181047,-3.821699101742805,1.0156588216139077,0.9568434488617504,-3.756098105570573,1.1315604253110616,1.4952584313661683,1.197988605275188,2.1455245353561883,3.3936114408916755,1.5421688212250817,3.2219606680160533,2.2854232725664754,2.5863673962332525,1.4047474518220773,1.8327636363088935,1.3412696161162507,1.2666091587471138,1.6271049747635387,2.053281528820659,2.035015468763809,1.7796816704017377,3.497520139748159,3.8934995931208527,3.4183337256171704,2.3049312127585186
-4.868250891726329,-4.672325226948862,-4.759706143035835,-4.806797512758775,-3.0433579581107173,0.3377665162198993,1.9570523719965318,0.3464751022329397,0.838053695847795,2.6146303636443116,-0.8854034241072589,-2.206261471140756,4.153354109241753,-2.686596749480292,0.1107105713998614,0.49799698272065973,1.8919307092679865,1.1265074363141008,2.2613017794171855,1.119772026301412,1.761957778787316,1.5797760950851027,1.7558447239700725,1.6079203733698781,1.6790221124214155,1.4048876244264439,0.9228075317500711,1.4137947174758627,2.039014132943261,3.1013102789032736,3.637799349550989,3.6981255070445935,2.8281713472508336,2.110974861293001
-5.514748928486512,-5.407396011515715,-5.327637629822282,-4.908024743396522,-3.7770061350317894,-5.017261667175029,-2.0108552792610546,-0.6000013967135601,-0.6779222344445174,-3.427465736597543,-3.5556910195498794,-0.8754231552429579,0.8684374993058587,1.036937698596191,-0.10947588653481892,0.4199707500930086,0.9232286281295219,0.9795574127205388,1.0169690710914172,1.9777084394526367,1.9346500974930974,2.2159842282098823,1.8317688985697198,1.5929128825600611,1.1469642466099743,1.443567844882838,2.072529766080936,2.061823277893514,1.40753085404457,2.8215757044027376,3.7684879327497427,2.7625036248605683,2.25774763045371,0.8643965529068662
-6.06123732164785,-5.773795184469909,-5.391238062509308,-2.7794524948658847,1.2964512660917797,-0.3487229321308153,-1.072115076850458,2.4744924943589024,-0.9162431776840241,-0.08649211328117874,0.8925025147139853,-1.4535772343563846,0.3561451956702741,-0.635600654687385,-0.47768052173527153,-1.137506179777395,1.5750148512682527,1.509607613464749,0.14063667844003697,0.7751503390716162,1.334082852544385,1.6053214649542333,0.9919890645283586,1.431907707668017,0.9056045262660953,1.340667477495388,0.9730979823350228,1.6059141845164344,0.9100951018731018,2.5026899907701146,3.158916800775215,2.3294325304686527,1.21450377550255,-1.256269381511025
-6.522857673063574,-6.06910129387317,-4.768983728613779,-2.1360880952652384,-1.0513863090374875,0.4236401972160806,0.6255974025672781,1.5435737486421195,-0.20104101595889556,0.1867635350929286,0.34174408116745414,1.6560644698059426,-2.964617363556699,0.15913930820531164,1.3305665959743518,-2.585285428396965,0.46922475715207934,-0.5591503948715192,1.1378425086194965,1.1810165449684085,0.9792103493845103,1.5521344736877414,1.3515142237513562,1.6067176917789814,1.1228293553868167,1.1712476797008118,1.7507553095170871,1.7712564129163593,0.5429894116223531,1.877988010526717,2.114847917362788,1.572631427344673,-0.4088177541183943,-2.042638145960572
-7.277725301063514,-6.117308873283148,-4.052516146990764,-1.4953741259979776,-1.4692043086350683,-0.8790168604986143,2.308813023518286,-0.9302581611161548,0.8746942726933462,-1.4083912264807095,2.4405215835725773,0.11197322923383865,0.601535468864587,0.5344409485396059,0.08239932582202326,-0.13216338515596746,0.46099198101207783,0.199048007653134,0.7708026614370831,0.7057230389979171,1.5859562465085828,1.5356311732336247,0.8892622792341197,1.6309045748235127,1.203043607024445,0.7723561490240494,1.4052249709143114,1.458507532354708,0.8014240082319734,1.8794455978061035,1.31603119496606,0.5653964622903821,-1.8562950897498067,-2.2274799058472756
-7.262261368586147,-5.892988054102461,-3.2330503805235544,1.8686716434082098,1.0756992361027136,1.4652182803608456,0.6582955603890492,-0.44530017449592973,-0.6105158647588401,2.2119429544422613,0.46681229457365536,-1.9103459440428712,-1.6293432059497512,-0.5948824095056932,-0.4182357009267158,-0.509519458641782,-2.1808009903795313,0.5631451108520529,0.8404899975134594,0.42328084718772946,0.37766176759494907,1.168856550146536,1.3388836845484664,1.413442300900892,-0.5803768862785843,0.8755287826873926,1.0482396413534405,0.8255730517808657,0.6821407181765407,0.9248040919014819,0.4972847121629918,-0.46679989100660574,-2.3429378262838725,-2.0547021755656636
-7.4278671742458,-4.423168286824527,-2.023471844962032,-0.2183911309461975,1.4527213575505522,-0.5258123280826517,3.2427216712242064,-0.02567706560136009,0.33692239287322834,1.6881503576416146,-1.5914379972128914,-0.04608844073949202,-1.0605488957029308,-1.4388371852587039,0.9456693944353702,-1.1610712662392855,0.33090712451263876,0.09111630078090253,1.022605465856989,0.7602771591886539,1.2118710532679697,0.7203694278033429,0.7635063620359669,-0.4028905704380923,-0.34145712876223666,1.1846229027295903,-0.1505128847802485,0.42641598898591354,0.4709634614114432,0.45989017970188684,1.046213569996801,-1.6232924343934045,-2.8041784590441683,-2.151132656715631
-6.527864611499359,-4.691401404040658,-3.0342366380710364,-1.3903890760739985,-0.2766314418712651,1.0134759625756964,0.08999920067732758,0.6806230342144721,0.8846467261417604,2.4690657676968946,-0.13643706626040175,-1.2101701593260528,-1.037990810938055,-1.038480478287662,-0.9588046943671199,-1.2811253179572588,1.3095496167514742,0.31924378325213915,0.9798701245625697,0.7310358108987487,0.9515321607555899,0.30570346599021914,0.37521960618576183,0.6611751445987435,0.26901701065291783,0.6910312175426364,-0.7281349821047008,0.02014495615800157,-0.11864650777833112,0.10447028363094103,1.1160080879771423,0.13006300449795635,-2.8893364632465253,-1.0397991203708628
-4.710920861456349,-3.0858565928145296,-2.461231859175621,-1.202059730953765,0.3203781806539713,-0.5225662435553097,-0.7204652065506668,2.1420281998928647,-1.6032016761091905,1.9813802855629454,-1.1944054372878814,-1.42146888469306,-0.5454092760934395,0.07879947758292864,0.320732309809051,-0.021973248759975757,-0.41672442976613233,-0.014963715492393592,0.09421318429372505,0.550409866591331,0.6325383791158964,1.092935215305625,0.6938031661491485,1.0032073028966595,0.17328991192156218,1.2799238554576733,-0.21146009370536134,0.24849350696963435,-0.11201643674001,0.6137165965475051,1.1009425847515493,1.1218171320223858,-2.463471581139389,-1.3191961656110027
-2.035514981010532,-2.2683372838904146,-1.4130401857090453,-1.2398493291716772,-0.48221952314108624,1.657986979754236,0.9255606573250783,-0.8213178987657269,0.8906779312922053,0.7132626220110826,3.268972326872507,0.5660943242608523,1.1470690738948017,0.2395688875175548,-0.7648284028757266,-0.439186712971998,-0.08051334960674772,-0.7619079880523228,0.46173188329979337,-0.09205012586249182,0.8733106080768336,-1.062498125442106,1.0745593149764445,0.9791983931765377,0.9355576797700234,0.3131416386589823,-0.04086300911271244,0.21398952033358346,0.3690225747484593,0.2975845442067087,0.8293041467872585,0.8303150245189944,-0.28381134632255395,-1.7919822164573758
-1.0936224469551568,-1.457240713472517,-0.6129678280960245,-0.12249682752880835,0.014012086192713233,-0.130756579794322,-0.7684206332233406,2.145484293669886,2.029221041570206,-4.003585088725704,-1.0901512647381997,-2.7525443972444905,-0.02925556641922948,-1.3417579613551318,0.05354181041269042,-1.4312848657978579,-0.5261173228498557,0.20914417658332984,0.6891685746320437,-0.2461016702983626,0.410207328333734,0.2887650300906871,0.474890931881028,-0.511490752131732,0.5481606456631775,-0.6560383709270412,-1.8868964702799256,-2.2746436704171007,-0.5035431723925251,0.06507535601883074,0.6272303396403953,0.7202483251733299,-1.1739480133184288,-1.9436750352646592
-0.5697186788206671,-0.8448254607732744,-1.0995501064340776,-0.28981259673344584,0.002493240519074797,0.3738070199129967,1.5884863553343127,0.7778957794382609,1.6751789943252269,-0.7504375845612311,1.0015991549663057,0.22809459699357543,0.8984318417203174,1.5294658163985249,-0.7316939164573464,-0.9319323685145686,0.5564537143655028,-1.1009433448741237,-1.164744450361838,1.026004480990462,1.2711939312644913,0.02657855423775422,-0.46578857447989575,0.8277741112563997,0.5008677210337485,-1.4862200617723702,-3.1674389738378927,-0.66402058397249,-0.2736874055261324,-0.5462380005526415,-0.16437325272388079,0.3612892187888144,-2.1022557048469848,-2.1681923304889534
