script/wind450m.json
{"header": {"parameterCategory": 2, "parameterNumber": 2, "lo1": 3.000054539987559, "la1": 64.9999836372058, "dx": 0.5, "dy": 0.25, "nx": 34, "ny": 52, "refTime": "2026-02-26T09:00:00.000Z"}, "data":
[rows 0 to 24 of 52, columns 0 to 33 of 34]
-11.452279977721558,-12.011441769166442,-10.15187506189545,-9.931649468546375,-9.378651986115804,-8.716516147155634,-7.491354775398061,-6.19189920042153,-5.798614870473117,-6.753272509324532,-5.997518121248169,-5.195504219741479,-4.600348515884182,-2.8741356624822223,-0.43774386834128687,-1.7542138488146555,-3.0329070808363,-4.7460957645677455,-5.107923569192294,0.634203522161803,-5.759848264390027,-4.85321014214399,-5.920987450187188,-3.0961896234591766,-3.9854093069150793,-4.21869077231743,-4.047754578543012,-3.6877981737803953,-3.851360077863569,-3.866319719558455,-3.022717504056084,-3.5128273910969594,-2.585687031204085,-1.0641135856420012
-11.156321925706617,-11.374032616164603,-10.49032852635907,-9.717327502818053,-8.339409483798928,-6.571812309612616,-5.923210261058192,-5.560426202239689,-4.275971808548501,-3.4029867745793423,-1.438111133176009,-2.2058418244225404,-1.4864900016091593,0.11173208110110507,2.024892281080311,1.2439890634092277,-2.359508729856745,-2.953611345008622,-4.290322613393108,-4.16655364399791,-8.182216442082694,-5.787127403099328,-4.914687719139584,-5.71689691871269,-5.177739135335628,-3.170078046046736,-3.9755728054023836,-3.831949061328902,-4.021513982584149,-3.806721753920026,-2.915529570204216,-1.749401843479781,-1.2103212337924754,-1.7065988057012873
-6.135252084185444,-3.714536440863478,-3.6436970464643377,0.5942406318447607,1.1293877851417435,0.3277808009446987,0.8432053776970874,-2.3645281637514572,-0.959281241296958,1.996293668277785,3.1751486321924047,0.7336147022063508,0.9860004237199211,1.2388074252510373,2.8666124382148417,3.278252790309219,5.702267235500429,-1.5176936188146888,-3.336898378909188,-4.181142950482634,-4.309174035736796,-6.393239865339429,-8.240300080324264,-5.921151372392606,-5.614493798881738,-3.872948388303122,-4.166056738975285,-3.16370534438882,-3.709752558610143,-4.104732035619113,-4.00980811876911,-2.6817421401095727,-0.9805552349854753,-0.5973701254704656
2.799910800135344,3.7199027774385542,3.932413140271377,6.38835389759837,5.880940598595022,4.415569241752263,4.922479170720977,4.928889688005662,3.8973290405028918,3.4642592353388295,4.129439620593907,4.1553035194832235,4.221766418570029,3.103311050373693,3.665940555121171,5.046351825585257,0.5341515623824135,0.572662044789141,-0.4348488665804805,-1.7838125437835728,0.41178786278832386,-5.416912957241604,-4.353957076353465,-4.430316512285327,-4.840070674226082,-4.09923038576049,-4.24818366400795,-2.448695438372758,-3.603033393156672,-3.091895425039723,-3.3442512374290483,-3.4009377394916114,-1.1503555498023712,-0.10572040969450179
8.456538205130729,8.696282203502639,8.209715129459344,7.879963796558312,7.861129569705537,6.720890763922758,6.813837259086189,7.355346414748751,8.102034861199893,4.5504155951652505,5.045624315625033,4.3466360152189525,5.704607871975749,5.332403346405617,4.545154460203569,5.669535944138091,5.136800652888213,1.1486990577022267,0.4001279166300665,1.1881857056918483,2.545933372247767,-0.2994440048524227,-3.312303223035343,-4.061542951872442,-2.819505201620202,-1.2456426820940194,-1.8347416190221104,-1.6099139130850808,-2.2870914744913136,-2.010575262051306,-2.636852519747032,-1.605875785184694,-0.64034934395259,-1.4233201282052834
9.307644661218513,9.802797588037109,7.616090067031459,7.2856120599129115,8.037746799839324,7.554594119054125,8.157397540806745,7.321950130461654,9.011373836586394,6.861380961560006,6.173987144687071,6.01837730349522,5.684752961866487,5.135337010613964,5.080985158752476,3.64715296158955,2.0359779350220455,2.621973958528569,3.425298084800305,3.299841049972292,-1.272466221698664,-0.37453166624347256,-0.2216903971022239,-1.9172868403963863,-2.0224511739293733,-1.6625628203014624,-1.4835005294159722,-2.0875990719912814,-1.7557661683287575,-1.4524819028519627,-1.3352478723975405,-1.087172696521907,-1.052705533239547,-1.5977113283865767
6.6994428959987955,6.900742135931442,6.909337689294692,9.683611055084253,7.923651081719094,7.406501624278405,8.737977537568844,8.898177865300985,10.674509968518336,8.957041496772465,8.556610093104554,8.403766081337993,5.516619410832466,6.795944682137911,2.0313808339576593,1.725152599679071,3.246857490565425,5.229476742398527,4.864090539296765,6.927246569661645,2.827927441552704,0.5235499656418836,0.6576739006126513,-0.12095871922488904,-0.36543267949858127,1.6739055667713918,2.026603935863913,-0.3032729983984548,-0.22165226501120633,-0.3785720482995205,-0.9528951374022466,-0.29085763099749895,-0.21259360777493633,-0.026185096064235105
4.355592099801931,4.88561286137274,8.838108684067436,9.103225470904011,7.8550167859702,7.327195006962908,8.310629232078737,12.130996156169294,10.806229822536391,7.841592624438854,6.0764770967541,3.51782938754401,3.218725156963446,5.453661118150988,1.7468073022208845,4.623741841160768,0.037154638982123574,6.375526970735751,6.82517696095524,7.235636959114078,4.927248668205348,6.002992087438735,1.1839555282645557,0.07417551009380158,4.949925753080086,2.031280273150768,1.8541912981760829,2.155390050846354,1.0912726568494506,0.2536819854166069,2.0586409428999146,0.44393140510561496,1.089704488302993,1.676883270324273
5.468275792658811,6.231492901574121,7.690561678254229,7.9188090574764765,7.212077424671362,7.191875949407228,10.918131854746651,11.151082171253755,8.291350839167706,8.051628459732699,4.624592872339293,1.3353914642995195,5.401683192025973,4.497426402059632,6.569641815220699,3.7924294933437763,5.776849082612078,7.868113903409393,7.317750552776765,10.396390617004204,7.524209055314119,10.185964201355649,9.6707476916271,7.611785178075332,8.909712668968812,3.404942309633293,2.87811820939653,3.1557876951287764,3.7575807064935947,3.2001370394064006,1.9435458270558745,1.4870340549250147,1.4121609207400345,3.029335604765119
5.715558416572625,6.888918220821897,7.040374277776346,6.168420098841508,8.494943688941143,9.538179444388604,11.361796508104668,8.603923376676406,5.893365079495665,2.0363839114856663,2.1545773255639595,2.3546336056828228,6.39928985417319,6.7333628665636684,5.255891337991511,7.025598507189329,8.509180439012011,7.261164686330926,6.733846842364441,9.239826414792834,10.067858387203707,11.62753856411938,13.560460776491455,10.78800462172576,5.017153680638336,5.948115314353173,5.539064623297643,5.826007915640467,5.422324859186007,5.006034609333726,3.565296972376079,3.065377347924963,3.155272321605788,4.073528932839457
5.29379548935899,7.201048821222765,7.023785697337252,6.8046003607952406,7.745777114649898,10.42591173343125,8.818081615808714,5.742362400010981,7.521749896886647,4.154618419411906,7.5058436322679585,3.4065449193615747,9.352758769733363,8.905207509655305,7.820906930079235,5.350252236471228,5.68323406623844,4.926428828278343,5.747527663317941,9.854039570216887,10.829885317325642,10.659179403278625,14.280102269883278,8.989958090676168,8.98052789592918,7.441038566161368,7.023545071206892,7.6779997952485735,7.1102388322737555,5.325973285876853,5.396316036855101,4.988554045445712,4.153521610614145,4.586396761062172
6.347037667389918,6.535803690585641,7.206331569549107,6.863840487350114,8.365858554793165,5.826277191122734,5.485210679014239,3.03774324566303,1.8137838465277973,7.358377838565003,5.000258829867018,6.0246289397571475,4.02682653498085,4.702047865331148,5.937190781820232,5.353760213878775,4.508048418252215,7.275999538941162,7.986091762326815,9.247201015938135,11.25797176959546,13.463187337661385,7.619981628226551,13.764885058583214,11.851973123913439,10.060349665232895,9.94601005574263,9.708350899493405,9.619096594120467,9.252642917170244,7.537635604164735,6.461626182658424,6.634891332168432,6.128003175325588
5.807320507623253,5.459251137281619,5.7287300471737215,5.795872125486697,6.617594901415795,6.732070584537931,3.8490514538633676,2.5596681569921858,5.828798195391586,5.265833122263207,6.774235297758274,7.2922677818497466,7.335296048881179,8.028757087476443,4.209706100373972,7.432659127511688,6.042881245308303,7.250868163126985,8.287219849159033,7.450513116504961,11.22397594262663,14.114994787519462,15.259920094541805,11.962190822305008,13.255400634514949,12.573513726413752,10.030164425101193,11.20662726589271,11.390494573274001,10.60192195204367,8.666150487043387,8.743186027681567,7.945453551157645,6.749062897197001
6.8904605415238445,5.914544930212419,5.617311602516253,5.627912091947849,5.0586435755715,5.555771391730945,10.672651505469815,3.2372487609335954,5.978738572000241,8.14470100514599,9.594449348251457,9.942174450954985,3.420312927054184,-2.1480022865691737,6.331620328442277,6.54155579186102,7.965337708286297,6.800224679565953,9.60766711962568,11.916428691709658,6.463206541786995,13.162543545676053,15.773714289303932,16.73635789494715,12.20412632108586,14.460939815899069,12.166633858483094,13.196970897481545,11.08856114710191,12.071964526509209,11.431275996875822,8.907271165935423,9.13492991809123,10.489504369084845
7.752466845561114,6.803362762838945,5.793807642337362,4.657155367802308,4.596856883377895,4.590020973283454,3.3948833579669166,8.754713240773189,3.2155807733438055,5.709677673347756,4.855941031412604,9.956054023503519,7.734328381410715,7.50915544796215,7.4955715703802595,8.664793873086404,5.514901315054509,8.5501532010797,8.456138101543852,8.890235500686519,8.632815761913742,10.876573320777629,13.336215832184415,15.451425729212072,12.194418692420822,11.85020889463199,12.134946761245962,12.999039098012801,13.29728300609643,11.998784387778676,10.273822329724382,10.657368537912292,12.49207935894938,14.207560929584371
6.904432113417411,6.415741476937929,6.134459549670041,3.6894602341485045,3.942958458608643,4.626855941676958,4.972729740921238,1.1276200460319934,3.200665734852299,5.372182102560862,6.318168468303879,9.799087797663338,3.1641670202262127,7.2701181349402395,3.636569852321349,7.462152332951296,10.295391977105613,2.6607536572508144,7.368535584387798,7.764559398381093,14.182166991197757,11.010913208854827,6.208464067097909,12.47815673135666,9.910397910927092,12.552015065377223,15.458234184653154,10.327925824640602,10.818158203569292,12.06353388779541,12.56498778841492,12.158587079755067,13.96477473752681,16.331115159976413
6.455616319848155,5.9666841960600925,5.728468171360772,2.8319294491894995,2.725697825060826,6.933631302821455,10.091048855692845,9.08314011763776,2.30254106948526,10.344657813933086,12.306875659242491,11.922874601326846,5.256934508776481,2.6451502898429062,0.8399195386224592,-3.2538862351090976,6.472631159396315,3.198185885099073,8.365501008696208,6.59723159635406,11.864505364891317,12.791831351426953,12.784511585716498,9.766757839586264,11.360622319545207,11.146335337132847,15.543960252032743,16.055385239756426,12.092326354176704,12.832818207997295,12.937977118477715,13.190600236378021,14.90589252330008,17.01148487024095
6.81130877664888,6.152170779890236,6.573476597766781,4.46136205595384,3.454522262243018,3.561312006908537,7.770735849121503,4.4098886960869805,12.716667551996274,13.708928330741882,4.614045860734005,7.4853088613618075,6.216730814873848,7.176536476620797,6.677500912414125,6.806309046402428,0.7832082102939462,5.658853671588434,9.388462818309922,9.203262134449764,11.971929830584143,9.940094539928397,11.850399885092957,14.29034303001169,10.95232978035225,11.125633167907925,11.517503845513847,12.686613538470905,13.195044497557065,13.429271760714228,14.505596090917939,14.18856447923159,15.232590600131557,17.686207760299933
6.089595750351099,6.299963599745057,7.476255343200139,5.686865889352759,3.7764978837630845,4.428947693447293,10.679224058363177,9.658161120899068,6.4485693856373825,11.153740332626542,10.664570835877512,7.22574927639038,11.361211712792706,8.250652203924503,3.6816718203856174,5.209609482248296,6.676791414069914,5.457979143094482,4.357725949232128,8.746198172217586,8.50350261881736,12.864264493808712,10.969767435194347,11.901612066794444,12.685957039246944,10.446218451381323,13.63341305806163,11.291291977898704,12.917754665449838,12.443016447439344,15.291974247975482,16.270401802252458,15.565427767112789,17.5261085031017
6.328459605995747,5.817697303543607,7.348418310117084,7.727863455289201,5.021728113510734,6.1692066328949275,4.913370429565621,14.450992430219072,13.177515488845202,13.569438084521545,13.745881701727365,14.928726171162653,1.3172397599587558,11.542841164537824,4.8532756247828965,9.035329007111256,3.2233256356199966,4.80902370322733,5.831680198186394,8.016568526090376,6.349032606513864,8.414793442279525,13.13493414463456,12.782668535433691,10.84729847467397,12.059598523784109,11.075253561992554,10.247765177720055,11.574082360209664,13.587070448936366,16.12149980726274,17.124250648260258,17.811978688153403,16.37019520730311
5.940919183973434,5.935635156836178,7.5358620512455765,7.1468939698698435,6.284632786287364,7.6964724053781435,6.643890168833686,9.57903916572492,10.92116962830104,14.526005852319862,12.557261821820726,12.138390837142838,11.965187910098068,6.147174676983995,2.958962843813275,6.608754912964167,6.221844066470029,6.367575402343487,8.996403550851019,11.008541125513647,11.495884765066515,10.35362396601343,13.003605229344236,11.945748686672827,13.112521036965896,14.961825820261588,11.280692446811315,12.278726125981136,13.515632360969034,14.22692794193356,15.663856724304091,17.07191458311796,17.859003639525923,18.086473868503106
7.1864345059003405,7.8433898880853326,8.289016280493383,7.310436788057513,7.317982659815547,7.150438287100025,7.04428862219106,5.6591807367872855,12.759745385652105,7.77156692521947,11.94348134660533,11.231498217681603,4.614466043135465,9.17681556381491,4.555353164807409,3.4177528346790056,8.67656143906303,7.234372511702191,11.628857462849465,10.134881606162168,11.309762308500183,11.597582162602992,12.891658666366666,11.387079038357438,12.89010036308317,10.769383564894573,11.122664228563577,10.686793832091253,12.338486992791841,14.465524972967454,15.88448289172146,17.546102221228903,18.058251485088952,18.94255112877872
5.424275330862272,7.30039789725579,6.951417826201735,6.921249818679722,8.236357177671021,7.791817214414047,7.0354522646813455,8.339677775475884,17.091918724752936,15.576442819421576,7.484139783014585,10.821598855340437,14.149665655064116,11.988233488165235,8.039561592468703,6.578269361018811,11.380581151659323,11.14540447066264,11.062547280064818,12.280898017047635,10.558588079538293,11.163813108197177,12.270685450974213,11.320555984636536,13.088584715327302,7.85351107432027,10.635059019469836,12.771008130661192,14.214750630892404,15.361162275056959,17.191395568136283,15.801594412863631,18.69299877012551,19.632392451701477
8.095484566666913,8.205712516339883,8.392003066397123,8.793467820839528,11.591409164757343,10.099158395076458,11.161622664618937,13.61915627490434,15.696551740826216,8.82661621743221,9.167319123607843,6.734410913279689,12.49840716861531,6.270640530515579,11.968646136371628,10.258878046165632,11.4305954126493,10.139876273215489,10.160522864238315,13.054362015164761,11.266735703972056,13.699021828915383,12.775648420031766,12.806594613949768,8.940127968372192,11.587286432756422,12.35225791450606,14.185707789056517,15.066898584751298,15.811282931460433,17.871193589006694,18.270323800978797,19.592746368534215,19.967419695123862
7.770813021242749,8.179695914930791,9.379586570520718,8.005161717571385,10.395376843442369,11.103768422762524,6.463482997484843,14.404922328629448,17.195159188672157,10.569998711067807,15.573771608224272,10.134947143337953,13.228211313058333,10.915115010785515,12.222549448644152,14.626524081631187,12.774737946042798,12.092934157359478,12.963596391258239,12.756339393575109,12.773683803102662,14.660639393848804,13.044050451559169,13.757986767699919,12.359492213479923,11.301737612712301,11.973450302763718,12.54523960765959,15.183699269653863,16.912205867578173,16.408282582941393,18.53636132070419,19.3965189007854,21.749678123066367
