script/wind50m.json
{"header": {"parameterCategory": 2, "parameterNumber": 2, "lo1": 6.000198445256149, "la1": 58.999992894266676, "dx": 0.5, "dy": 0.25, "nx": 22, "ny": 24, "refTime": "2024-02-06T07:00:00.000Z"}, "data":
[rows 0 to 23 of 24, columns 0 to 21 of 22]
11.095171539370709,11.83320246125282,11.017655310433,11.550594069510108,13.190147800856082,13.844163738614416,13.972323347247832,-5.331009490380563,16.24563567682164,9.881697600934341,-6.403056073038411,9.726168195972631,-3.331459215688842,9.903009980812811,-2.144726462294671,-6.415774064560466,-5.519675792017837,-4.880193750167006,-11.712663802235046,-12.741124455121316,-7.828784013850576,-2.711119660377776
11.949027354013104,10.141821659456543,11.118109174288213,13.618814854881519,12.594097041563877,15.251439754381522,15.487475300842664,15.569880350355056,13.367157378305027,-5.12955611830538,16.30386746493054,-5.23045481063552,-2.4630924923447446,-4.927057568469162,-1.133181678264122,-7.73908277923592,-7.839769252906304,9.740765836929011,-3.9842885302639046,-3.924315602690277,-3.522437768600291,-6.9922411453530895
11.593040231568338,11.22785557861236,11.720022105573218,12.316564031838164,11.667154260714279,-3.892048875554954,15.654453338658424,-6.004198053518845,16.635171114085153,16.593820690699104,9.730659087425037,-0.28922678360805293,13.703988885079948,-10.144594253284794,-1.454911546175294,-2.5147665016234075,-8.563986953918803,-3.3715458829058167,-3.952726124215941,-5.909015050697651,-7.874779355756019,-2.98104434722249
11.474987653363051,10.350407148584328,12.453048065186554,11.904127153013937,12.647549156559945,14.295454281108597,14.97970824781824,8.251805002974725,13.581405249231054,-7.219134513630839,-4.6537891127483535,15.506804696157067,-0.7401928126015392,-5.608524600203673,9.432387469000293,-2.52858464297572,-9.63575306172587,-1.7328724342379453,-5.166669141756819,-12.238073150126063,-13.340441354725595,-2.169845509167307
10.385290152516395,8.89050417407465,12.391217767121333,10.757984999247595,13.598512025700074,12.434640749226249,17.574211993083278,16.87752736989833,16.84991235302648,15.948509275597548,15.368733732903879,10.919477814297915,-7.879633347067509,-1.0599453271486843,-0.7655555007829302,-3.1161999205979733,9.842670379622499,-3.8254452988517933,-10.293970945083622,-2.3204211843654274,-3.1955157338281293,-6.843667830406846
10.079141262810392,11.451097346359996,12.20893675211396,12.538893530369675,11.895195334815192,14.119555930804031,16.178918841043075,-5.4453791977973856,12.476307035477378,-4.360253199872143,-6.719198869170879,-3.9862828548627056,-1.34064942388792,14.823341461173419,-5.671979370032437,-3.285554658002133,-0.0913396290251525,-4.858074872009104,-2.3390008961298925,-5.3016393512141295,-9.987159470189523,-2.9092074590883747
11.082211248617016,11.113294424597068,11.612001562228862,13.007817924201634,13.000927243483083,-1.9243053437727402,14.817897296611664,15.62918245813557,16.96903519067624,16.247656128079967,-1.664457124420645,15.891234168542434,16.024012780035658,9.963656214041608,-6.485930612013725,-3.879678374600066,-2.740412329220779,-10.703993678630363,-1.9329339745834273,-7.093348676013582,-3.22763976592943,-2.433905839897428
10.38748489987978,11.39125256139809,10.85623859354008,12.753971810342545,11.76586349408684,13.832841315101264,17.581435678658437,16.805133256553123,12.562753276166122,10.428633952567868,10.040159691195624,10.02864966913961,13.776620090712624,-2.7949521803210535,-9.744454221865126,-3.0510489721244194,-2.754507731210542,-6.833866998142547,-5.291369150461677,-3.2691110566854333,-4.574204415997272,-7.071964640569362
10.690924529770616,9.9005189760648,11.47996216545655,12.899353942302746,11.087067664102896,15.500585424704193,15.959045813825597,14.248632049066785,16.98966239109075,-2.2605017268201215,-6.468856608919939,-3.808609437924321,-8.120681834854343,-6.935270116235538,-11.027235541746515,-2.555421668511422,-2.3741581544204613,-0.569988183465583,-5.745360142121214,-3.959020288278421,-15.536161752129974,-3.2557963297154604
11.950365155260634,10.34459441901347,10.331416483823418,10.804654151500586,12.86580767353308,15.071993471544845,14.172646677126325,16.371029400126485,-5.1726196012594,11.426785849679584,16.060319466218356,-2.362100514084419,-2.9796013199725895,-10.548464885748906,-3.2737545062644364,-2.952783573933103,-3.607682749499487,-2.8610718424396193,-11.117641323098919,-6.588320265024333,-2.472743838807776,-8.041124457962646
10.834166233715248,11.27546885059455,11.345112659299778,12.555444565981867,14.852781371149653,13.844116898726085,15.338329916880989,-6.073708704533693,16.97757971919094,-7.261674667417486,9.83252695438977,15.864776324267615,-2.5987568290518652,-5.773982273582974,-2.674242258194295,-3.098251200652382,-3.0774476622746025,-3.800621878475012,-4.0739024598296405,-13.002665863045184,-7.269221542101596,-6.977691317561351
10.675553798326721,9.558173385217003,11.47262236967508,12.895124555604072,12.702768345561996,12.246100355417452,15.101391016437589,17.050105135192318,-5.736066340129717,9.546313802950532,-3.986933967907994,-4.184660355650337,15.306454047307776,-0.9715898316199016,-1.7313958605788182,-5.815161415077758,-7.737065618838563,-3.661961446662013,-4.573029855901067,-3.183709620350412,-2.2091008337112803,-5.05075678019291
10.918095088197486,10.575837954382846,12.528612329830157,11.715717490598092,13.749569931504091,13.982882898841448,15.048226163307197,15.024207174057972,13.505222663786764,-6.343764336035604,15.898066618764222,-2.412159247223599,11.163264299675705,14.974409596105705,-1.307065126192933,-8.138356775446248,-7.445695033126906,-10.934139788049713,-4.559744815612143,-5.3835319634061465,-5.704169538566434,-6.761215822158826
11.334399152418834,10.642952263682103,12.51618679909236,11.6818629849718,11.759430019528585,15.882678353333402,16.391049384352232,13.85544554684969,-6.7976271094696825,15.736828304095777,10.13877181716589,16.073699922681175,-4.379079724945942,12.59092494250978,-1.8748907251341949,-3.2016210649453742,-7.749903119584664,-11.016626139710787,-12.628057853838023,-12.426956931134345,-7.690598180625018,-5.158127883063865
12.065798564197431,12.020909114278718,12.698387815003917,12.440834683586274,12.645363941266071,17.195811875146013,14.47023993154676,16.990657397472436,13.950395218279995,-5.000269847124813,-3.55727530205835,9.923034947262174,-1.1718039430227511,9.12310727192477,-1.8469152898940637,-3.4292818093975006,-7.679174112232394,-0.3336624669210932,-3.443773231336901,-4.769513960121201,-4.296395688732652,-5.240120212063847
9.93772620165561,11.96803027181124,12.773424987091436,12.305529279833046,14.87699526519964,10.752637867365019,14.541451009338747,14.159253021507823,-7.071755840385235,15.945265924541022,11.957313816659905,-5.230285136750375,15.647338887901677,-3.717957164011753,-2.218328923806174,-7.306389800634442,-1.1085363141540616,-2.4515784620497665,-2.405379089456807,-6.623413060833733,-7.23400311174225,-7.0402079237434405
11.856986923807856,11.138254868336931,11.815783926649683,13.237663215571843,13.230534666937992,13.734437242107344,17.693228472076445,16.69847056433276,13.439323414928658,9.895434140228737,-4.585938830869328,-2.326072234891747,11.810707422345654,-10.105071155944799,-1.4624090565501242,-9.63420121094228,-1.7771202876244363,-2.826992722917542,-5.4393551404015295,-13.805064044203936,-2.948542748644648,-4.106438429809761
10.766706294359587,11.56894507990213,12.217764348261683,10.622817911185699,12.573894696269205,10.89991786540426,17.09012397164822,-1.3300078560010058,-7.5622142325424715,-6.118623057693799,15.33896164230778,16.06809568896635,9.400947321469673,-10.356908754174023,-1.3460011162119507,-7.72035436052368,12.221313122095827,-3.0983586191349812,-12.345892225484008,-4.2745161459718135,-7.165715800172283,-3.6966611391117237
10.627978903735327,10.205233137006159,10.043760661404063,12.543762391984997,10.619509613958309,12.810900008953347,14.804086856656525,15.7676811941432,15.00240337534006,15.728245455892944,11.194650604639028,-4.40333082902861,-5.691273716184823,-1.8920053311096015,13.142307894703304,-7.947470975695603,-2.7578921408595876,-10.9591543688879,-3.5637185113906305,-6.770475415167998,-9.936972137267512,-2.3720951496205145
11.053420835893146,10.104034729223482,9.55066253249819,13.049296756495297,13.060678659827795,13.892493731596126,15.322970059496905,17.111833118671953,-5.591774649274104,-5.1458745205801115,-4.688614426249622,-3.0694526121008563,-3.3494914692269413,-1.7484719786714895,12.66212567061257,-9.53073915271975,-3.2079183958014728,-9.001348414792984,-4.014285331182312,-12.912835524278314,-2.9612892221671587,-6.712251056732398
10.837874422812355,10.429998648716328,8.847050118783988,12.25759535461029,13.87903513427801,14.494702292793379,14.862734332460606,13.139782907415764,16.803250084206297,15.854092674420858,15.201313237416437,15.770179663447111,15.561518834837848,15.127965981433752,-4.753974468170489,-7.329724668333555,-2.5914393649143204,-2.605459646502519,-6.744068640381087,-2.267256404228431,-7.08736848494909,-2.2509333875882813
11.988459872141792,11.295015323358022,8.430580696195822,10.431559034008984,12.343882362997162,16.525330565543168,14.842654331904596,17.287710488235607,-5.126347219476089,-4.660353664228985,11.012631028989293,13.127901382135525,11.89243174042167,14.17540929514246,-4.975822617111908,-8.364215342257499,-7.022371508345852,-3.567815613680253,-12.408181408071549,-3.86924479147435,-13.663768633966518,-7.692961049049486
10.450126679066468,10.53797225376388,11.351916936772668,12.899052098439078,13.029453153037869,12.798670624841364,17.522241001292286,1.4908031159405437,13.20550716247669,15.859771881456375,-4.600134788607773,2.7134170796010473,9.328327825267769,9.61711892433194,-5.967273214087392,-5.411395473244852,-5.575561461186104,-3.6332514150099793,-3.608372865985583,-10.069756134202297,-4.0143782311897755,-3.1363796144541287
11.278181398190595,10.708327208153154,10.725301903237877,13.042605945295103,12.08529311180824,15.289181803226139,-5.200024711676401,15.632114445609153,-6.872666179167324,9.89135333525094,-0.09239090124123706,-3.8713818951021706,-5.002394884671479,-10.14611246343105,-5.880767610020294,10.09554646532602,-8.138592394878897,-4.175482667530012,-3.6282730590517267,-4.063438212953898,-10.238229136703874,-4.143714010975394
