script/wind250m.json
{"header": {"parameterCategory": 2, "parameterNumber": 3, "lo1": 6.000198445256149, "la1": 58.999992894266676, "dx": 0.5, "dy": 0.25, "nx": 22, "ny": 24, "refTime": "2024-03-04T00:00:00.000Z"}, "data":
[rows 0 to 23 of 24, columns 0 to 21 of 22]
2.8942686459010214,5.482853615167896,1.4381600521379836,8.653144473983692,6.207349016016766,4.231881278653939,4.3787236016492095,-0.14650056207175383,4.364535227157755,3.6211633371020673,0.5496448539454823,-0.06873074385984795,3.7760777431275607,1.6345857038214213,-4.5867300244161,4.1667050612831655,-1.876600786208181,3.4583892080411096,-1.3675129986185555,4.1513062417186966,3.343537417751169,-2.197047654466161
-6.480203097538723,2.0980930658501404,0.7495649061869575,-3.7469260557198143,5.435553073411409,5.369693411071856,4.230662571247145,3.449541194205266,3.597893178963739,-0.4038861971651191,-0.040634034565941765,4.619609937341135,4.415539841456067,1.3647260801049534,1.1473785523944235,3.300597670161918,5.3294295742418525,0.37633313011047137,1.743454983691141,4.014841425249639,5.127033956621354,5.096973013440489
6.92290083458526,-0.14127535165839802,0.8196111750800223,3.470942831060402,2.7734869094749737,-0.6737033113229216,-1.5662837669378733,-4.006860022747637,5.784274244238096,4.058788166945104,5.709257686745271,6.393515151836239,3.8014924262523477,3.4579415002893863,4.1653163802753985,5.809435437768914,4.872710434638466,4.563217887830277,6.31090425607723,1.0719263779671924,2.3908047502622662,2.3211984617377412
2.582475889820862,5.175008279344863,4.18023890105312,2.043780164727464,6.216824771311666,0.6554191124318661,1.9821450990345788,0.004555292409172314,3.6297808778320038,5.187254854466242,2.6313350093655217,-0.7654575861146724,-1.9098915715065665,1.0102569115382634,3.8252886520246157,7.9177205292038355,3.364897279223111,2.8295581706032844,5.175019077176001,4.2911378384956835,1.7826669139252749,-0.009052497084549548
4.225494605166725,1.5169867043333245,2.2855903598522915,5.34959841592441,4.711963688011669,0.007085995910415668,6.692793171623432,1.081197904092309,-4.194519349994832,3.1754933787214283,0.7434673625739131,1.5491921850662513,4.059918687873963,-2.4388424286613395,3.254902699275457,2.426760223550635,8.038782719630932,6.184270526699516,7.645415056922605,-1.953965801740084,4.084343250337942,-1.4023273152387468
2.1318137223130367,0.7694596121913112,-2.3228530515900303,0.9317428803122566,1.9839672395552759,3.1908358529508587,4.949997151449613,3.2731807905759407,0.9517675290303859,4.885961153681699,4.353225276216051,1.43647319448337,1.3363446057969857,-6.986990832712879,2.6137337340404714,-0.5368986238816206,-0.6626460631112588,4.588822607662836,2.884292725482048,3.9322811107836646,1.7085643496529999,3.4513386754394677
-1.170298616037082,4.569007722820949,3.6866669951432502,-0.2833132196493176,1.1889211784387506,6.871017051911582,3.232720424082074,1.916619932072312,2.3677124541519357,2.986833869458061,-0.2978144081305522,2.9012352746612353,3.580622187407546,0.7944765638342195,5.261616424421197,1.9185114740404485,5.0766942714243015,6.295103300147046,0.14299158408230297,4.92106817548128,4.694796068215866,0.015963812488693017
-0.24486108568399126,-0.5964368590765914,3.40423091846779,4.9733650483149185,3.33460993352649,6.8197878329676405,4.937267898128261,5.47312433079583,3.764536601833201,3.9197504592294825,3.9763046257509793,3.666213427064865,0.7642021154432422,-2.6710564858135375,5.305840601739922,-1.4029963750611394,4.327943840960924,4.824270242970828,-0.4638262600581933,3.4221166380099133,3.3207734156598745,5.142180076874475
2.75799587832194,4.27519206008418,4.88040883943988,1.7411570300585326,1.621493202917704,1.2225343401856763,2.7272995968585123,-1.7491885684855961,2.9496062120036206,5.498565293600002,1.0677235933051186,5.8741070014134715,4.845987634348254,6.364300500751922,2.6410097619519206,3.055965366255276,7.096153014101174,4.376716287037235,3.965800240581126,4.033812337685206,2.2769397415939,5.004648476885661
2.8849698144973304,5.262260797816408,-4.6987115849208285,2.596737518894945,3.4221956844796804,2.3296925779997735,1.9914847481284839,-5.8771302747124,3.0619510673085433,-0.7010028246481129,-1.30570248423535,3.896839371258667,0.397967796895165,4.055249181074175,2.5543849219441728,1.671438117217113,6.453371820299855,1.3744217836771837,3.0465879327821144,1.924001846080071,2.9338241287077556,5.345120466193659
-3.166728879340777,-2.819692747871194,0.7948063317782672,2.86639908504334,0.1860662753687953,2.7927043946196544,2.8143270551882167,3.2682974417126536,2.1561509730903947,3.3029804017125937,4.198488907299102,2.7554302325845823,2.179962740845643,2.5073084733548434,3.7777031496891427,4.0762315664676825,2.9899952282857467,3.1275744324038737,-0.9097819876833818,2.717731796677225,1.2108086608209199,7.692488629416664
-2.4912715778967747,-1.3766292769128254,8.771924704087228,2.0768077328762846,1.9680971519041166,1.058065458699866,1.563734509336605,1.7363902472405566,4.124893091784245,1.3399103779088024,5.425074945061812,-1.166989372146707,2.0010477398303217,0.782459010209677,1.1746958260343439,1.458898452702976,4.570418824998643,-3.2870863415526954,2.384791518455969,5.153596642390652,2.1425341199544103,3.482806192750607
2.917729322188443,2.0746097692785646,2.750524055516599,5.869639227718698,1.4342253172547506,8.944221191822113,5.80721854233259,3.8539802715762947,4.3677006402117895,3.9113969614949315,-9.047990202538921,4.887349028081658,4.098153592415039,5.627064239477411,7.301847050321013,3.979438621121428,2.5714178531351117,5.783405223075333,4.5921170606037665,5.040655916790051,0.7414394833926173,4.266579700541235
7.313032088716717,3.931458067942302,3.550598362618589,-0.9257536419132298,2.1496123883713922,3.663123942798264,4.117639620087727,2.0364161244694174,3.3481251101983642,3.5596484572950136,2.3468461097669477,3.265336390805921,1.2879988169123087,1.5720542861588234,1.70903180059025,4.006302588323732,7.359307097737273,2.189432428390116,2.634911259839548,4.739232105408247,3.7705172981883144,-0.34618754271148927
4.222305052195952,-1.1154842857308707,6.534534673727889,-4.401089522358803,1.892997330693245,2.6154131520910853,-0.39984014680811225,2.5794148510020833,0.655149821697719,-1.8583606231719556,5.532789417813903,2.9928523543656134,3.373524285620847,5.09339791465369,0.9328435857016093,-0.43667181494977825,3.024780239173647,-1.3297393325726152,2.135641178046113,2.8615094217996706,4.077287904721352,-0.8820702431481661
3.420914253193974,3.5526146077006953,3.415331494671278,0.8187313898775994,1.6796193039710587,3.5436072357823725,0.5526780850254213,3.065495977208978,1.4042986218011453,3.840801584191372,0.945656761063662,1.109179510773914,8.26215110637226,4.491139202088905,4.079239701779638,-6.967376960610977,0.32177625783635355,5.20353811106965,5.0953601296462026,1.153902829882514,5.365854028249884,3.8871534428045633
2.244552397368722,1.6975486856854625,5.115759910305341,3.021572816410495,-2.064900082387187,3.0108945495067756,8.537060289874306,4.230692573674837,0.7564110931103986,0.4679244070994349,-4.948897543387671,5.602273497783666,-2.8258802588472194,-0.8228887703931778,0.9060519611867689,-9.470409635390727,-6.234934844028366,4.79411012526289,4.064117564490896,4.407873428494148,-8.960819998030427,3.889347199836674
5.426322395964657,2.74416909157504,4.728456547747495,1.6270747342470162,-1.5627529597020238,-1.4011477983227378,1.9706068890553181,1.1218929898182515,-2.1052261516589725,5.296928843815802,3.5309856307920584,5.678595210633192,2.866138520103208,-5.663226751292148,2.1957326528572727,3.661120065578866,2.9618527056858386,2.112919920922521,-8.081948228361707,6.3064192371285035,1.7964172864423695,0.870657713439673
2.4608027462494326,6.5521876806437,-5.886995318429628,2.749736451161509,8.338280427555059,3.3184057333517454,2.204964940688077,3.1616231955906673,7.466095170306326,2.979844672891621,6.895611441402224,5.259770884272061,2.2523287735778785,2.8889173419477068,-0.4494142620451575,2.230988831676261,6.239662026639014,0.8435647729883591,9.23189011054923,0.1270956962528782,3.4056775439679567,7.717302279243656
5.313491186088633,5.427479479351029,3.2273240062593667,4.300900690813504,2.847803277749517,3.091028200400246,0.5826826664756751,5.811350662007696,-6.987304067326617,1.325772048778055,1.3456134399988118,2.449650100942577,2.9821247045484465,1.7391758832029156,-2.854962063713926,2.6105953787102507,1.314703477979673,1.9655318737429175,4.732967983913198,5.435999379473578,6.454253052330339,3.814015037209963
2.862578260412385,4.5421218236185705,3.883293628654719,0.5631312837337399,-1.7200393210593852,7.26192872819351,1.8704157513481914,4.607621886813689,3.546347000782638,6.051574248305691,3.142767008458703,0.6268900275086672,5.977592788948597,-1.5297593565100902,3.0086479142252363,5.028176977922803,2.344428147554732,2.5980255482609698,5.8223457303749,2.6075506583656045,-0.18740881848237811,3.334147716545486
5.200993905878942,1.0979252078148434,0.9900042448056062,-1.0514801295125993,-3.2699112442686,4.083415082748833,3.1144906269610253,1.4244929296286857,-1.4549051778620161,4.217502457321566,1.563522015084447,5.145354729479733,-5.6835776827726265,1.7834378868369867,2.4692402164526737,2.357676097637432,4.0897263669338,5.964826616942664,2.608265642563883,4.363441659714379,1.6875360926402558,-0.8802284260763417
1.0341678781400436,3.797018641590256,3.8145363287615006,3.633174579297551,3.812750325793586,7.711678057485862,-5.776103375964566,9.590302057051513,0.6703717619361199,6.364607115757517,-0.8519353044599373,4.224022938044372,4.947220562196748,2.7256952605506535,5.222864526700827,5.606548042680653,3.128641470317688,3.0703961199292307,4.963079204005229,5.340276885935894,-1.775258435626041,2.7779856199312962
7.862676960875474,7.647410843098601,-5.6882961183430405,9.234855333185557,6.967988433005586,6.329297782927086,4.4710660484844365,4.8850943411303005,2.4056151308083167,1.407959430528487,3.191150847264456,3.631785953429197,0.9476108139620321,7.682667442243648,2.128535861020149,4.098692000990248,2.842930746743508,-1.3589946696903765,4.369434520011787,2.2410616146667754,3.6584696575904245,5.540914646546367
