script/wind10m.json
{"header": {"parameterCategory": 2, "parameterNumber": 3, "lo1": 6.000027932988019, "la1": 58.9999434238085, "dx": 0.5, "dy": 0.25, "nx": 22, "ny": 24, "refTime": "2024-05-25T09:00:00.000Z"}, "data":
[rows 0 to 23 of 24, columns 0 to 21 of 22]
0.4575695732814528,2.2178805966944313,0.5354697559105984,-0.6232211646723992,-1.302045145256139,0.25958775966863734,0.8981504088079866,0.7918180434141752,1.8174387599150668,-1.5096603964470516,-0.2076621025144457,0.31303451830712803,0.28674356741793317,0.6678578558444263,0.9738822994861897,-2.863190342721833,0.28205977690546324,-0.8285829260994075,0.048465498650430726,1.3462046350807177,0.822645877693281,1.6024639603583555
-1.3654516962252525,-0.03968702626101638,-0.9312664824500839,-1.481652992023269,0.35393057818767515,1.0851515747660467,0.5842660650058427,0.3750860711819237,-0.45902598756834756,-2.3718345915856136,-2.5658694608239596,0.0428576380679285,-0.19936999747260417,-0.5088684437244058,-1.452327029719891,-5.088989197450978,1.3447373951328323,1.3207034005075666,0.8790762129670044,0.9360933307472626,1.4914726504522866,1.4034886081508182
0.7020151999966847,0.7625406241722249,1.2623833035520544,0.29209857067191564,0.1383754767545408,-0.22197735049460285,-0.5927176972958803,-0.30080984028410485,-1.0873670394134747,-1.4982538631359996,-3.1571973642752758,-0.3083466698807593,-0.6927162956337414,-2.8272426231709837,-0.761643646217163,0.2250448430919165,0.4762020563048564,-1.0528616059946294,0.4657295930875718,-0.19119017059230517,0.32957343561272595,1.756414289150089
-2.056012042036959,1.3690485092066855,0.5384153094399949,0.3785134551026337,0.4435554059182368,-0.14447410077822595,0.3542959988343623,-0.09315695121955266,-0.5350825191266823,-2.218990629573081,-3.517851048607011,-0.9313754095166104,-0.22329276134990547,-0.5099368011631354,-0.4634987513295499,-0.07107502811474081,0.530634640690739,-3.4012703162592635,0.8252209647735427,1.0552070527646342,0.8870541826886041,0.8648477916597263
-2.5461729732357283,4.087175998830343,1.5341840148050512,0.07565153127388266,-0.7403105434442261,0.43162842852429134,0.224889580305571,0.13380348279299537,-2.138113912484947,-4.100542032965271,-3.7260858166743267,-2.259890225219235,0.1914508837437313,-0.2596120935066625,-0.5345830364180003,0.8383454965060608,0.4059070395306236,0.28722703780290243,0.16604973835944908,0.5778147164531409,0.9025945144914918,0.6787123459115945
-3.6502583945403733,-0.35501496135237604,0.8950686403112695,0.8044490762763425,0.20587583303105392,0.2336754846155294,-0.12078067223075957,-1.9002395088849355,-1.735329528063913,-3.1502491750772244,-4.2122989633790135,-3.7689417739390723,-0.11790126284784777,0.6718758835785752,0.6143348373807191,0.39499600544408714,-0.6525797352170816,0.6332489876033917,0.3890354325866083,0.6914142643329769,0.6250315880657197,-0.2496326550759754
-4.9533840477083775,-3.0848188606804303,-1.3710299021132943,0.8204509601222503,1.800677975453526,1.3355099564321118,-1.0910234420697893,-4.128281871023937,-1.8334659866900849,-2.3651089782826946,-2.8940426139224558,-2.542794544749583,0.09734492461880943,0.6820342823198131,0.5816190734682256,0.9914503402173674,0.7244795801956141,0.684837396029819,0.7710611084612382,0.4466538331354812,0.019548991962111375,-0.5885872755807986
-5.94846596150471,-4.887246988868814,0.05937712892917883,1.7988477267257807,1.3185775182753752,-1.1135070184443514,-1.8547983360584832,-5.09014676914327,-0.9993495682398288,-2.3893024262635016,-1.36533643127931,-2.757616164256448,-2.7178872058824575,0.42509434477567726,0.5649757838248596,0.45854511912817436,0.2665308227173613,0.4611703868590962,0.4786766695609239,0.7042044511570571,-0.15502322718648612,-2.3584075456417173
-6.60582609841365,-4.509516763361521,1.415186838866261,4.0241407157445925,1.5646478910258959,1.1520177494823105,-0.24087901212751503,-1.1758300979065877,0.3772868156901753,-2.8831800768762172,-2.0221579610791345,-2.3903375812699594,-2.563819010529516,0.533203229522016,0.6000276035890834,0.4967060495755836,0.7762201390226265,0.5180227276197398,0.5117042933754044,0.21666899506025025,-0.24591011102262078,-1.9499235570064775
-4.950252302013172,-3.7309560159655653,-1.0428872392045934,1.3916864420988784,0.6696116903708321,1.3212258041190665,0.18278680931628105,-0.1601784984545529,-0.9387454206945399,-2.500372251880805,-1.683624168330621,-2.5155120891366907,-2.4721600389163942,-1.1459107081857316,0.4219320570113469,0.7007915327427126,1.1255173737333783,0.9112498021778761,0.5303742037612043,-0.06723418024388232,-0.2750128471163253,-3.5682801214061772
-3.1900249581892037,-2.9410756473487454,-1.6191114508945144,-0.026568055418746035,-0.7084274734689228,0.331629122368348,0.08607551917826438,0.35752805184257613,-1.0133899055339124,-3.446490541257892,-2.6956238844176976,-2.7173943919288597,-2.704198199389489,-2.6577127663779745,1.171025740112596,1.1892453868565305,0.7842360309611264,0.34694159675326375,0.0447273684048995,-0.4710830162008291,-0.7179939263693997,-0.998239292443154
-1.9438551941478237,-1.368365819475932,-2.1057358208345645,-1.28620164096859,-2.8523562332997314,0.26526429806889534,0.34167203638531113,0.523327146618934,0.0402027850012589,0.23983734565540682,-2.0660771152732837,-2.6897995814018256,-3.573789345483146,-0.24022151067705386,0.8906409896115622,1.0214595630819934,0.78695205032308,0.08371191864305255,-0.39558871190945954,-0.4775695049306258,-2.028073311724841,-5.432930488281847
-3.155203041010272,-3.5491704018896093,-3.0137606901117153,-3.0171164881222463,-3.5642199108689985,-0.31065504227897867,-0.12255551656035471,-0.18667152792437358,-0.4011830012624794,-3.2376327332605688,-3.6547800843056204,-3.5746056759798615,1.3367871729002014,1.789005073798598,0.2924898395015811,-0.19325538862417144,0.7300334918304676,2.577739139981046,2.1657368188164887,-0.22532551449001662,-3.6220353903478895,-5.086812010058969
-3.7343252610759503,-3.6856267021519953,-3.273828082990816,-3.7089447865353233,-2.8075975825092208,-0.8007258134802036,-0.8092547023585116,-0.9746057028722661,-2.931262847380729,-1.4764650197901037,-4.588397182488839,-0.6156238567932677,0.46619471744342317,0.3059144818345094,-0.459645845172812,-0.47135782689613,-0.9966091746773954,-1.900566624181476,-1.6722541143226728,-3.048968237346219,-3.6186652756338304,-4.740566967366234
-3.835429419466369,-3.952765406783087,-3.3294449501920993,-3.137522102430019,-0.11886439450680432,-0.4134438113452596,-0.6485531626775803,-0.9767917406071185,0.13017100228250453,-0.3802231403516733,1.0320086206310635,0.6148188399940432,0.7562766087621884,-1.0102372381189968,-0.125904558778401,0.5508111025258694,-0.8854262742061344,-3.136690730765744,-1.4049955619044083,-2.359778217573006,-3.8515578449027075,-3.037973611523083
-3.545812252430374,-2.284174149365057,-1.8846363079744164,-1.8618277622809294,-1.6685769716283698,-0.773726203832209,-0.8162788199104816,-1.3614356298943955,0.7310014070908682,1.0755423829864283,4.4199158832065155,0.5368152110516914,0.44339015900132794,-0.9403772173135432,-0.3869745332168344,0.5046184501600576,-3.0991008676405376,-5.133516431139359,-1.3245915450264072,-1.4870198171471387,-2.0171607731738512,-0.8382096439933951
-2.34231108921464,-1.3136406533097624,-0.5701330360862162,-1.810813047466851,-2.4963289290755966,-2.132393008307001,-0.9150477849140033,-0.917606328693878,1.249795652639699,-0.4800655201554763,-1.0737228719223548,-1.659598568515373,-1.3298094868275439,-0.46732158328696566,-1.169882655484656,-1.011187694504942,-0.2589334859693273,2.9286499861899973,-1.2101059494792195,-1.3280212986551385,-0.33724033347942034,0.14691234945483828
-1.2080735731616037,-0.37365598669248956,-1.4747345065438793,-2.860805709814737,-2.39606933769029,-0.66261600905174,-0.06343215378372227,0.27862923144814195,0.3041125897251909,-0.9092246951266983,-1.4114323741284205,-0.20922075252746258,-1.5688922773450922,-1.6990030442575332,-0.5310976189332176,0.5966711399531005,0.3784562457045479,-0.37909315691115175,-1.3319747723986037,-0.5105445260795135,-0.39250205968441704,-1.2757733217997045
-1.7657658027411622,-2.587624354628695,-2.980443933297634,-3.3813789755386487,-1.9844307108563808,-1.5312541571157068,0.006148500854601491,0.5072456394799442,-1.3055644111147597,-2.3237293788046864,-0.9432755505470136,-1.9992149943775586,-2.9869664086060412,-3.0705713429749055,0.23130610030594353,0.7440216523642349,-1.9229255750731389,-0.6367190417234785,-0.564994015246645,0.16893054784313583,-1.4300939490262246,1.449567600934193
-3.5682458819942435,-3.5293837719190897,-3.678390931900925,-3.310629127457014,-1.9339526400155969,-1.3484835754182252,-0.7094014363913261,-0.4261495769986132,-0.6536855283395314,-1.8934968896181341,-1.6506151025916809,-2.2464523757285733,-2.471155288509717,1.2044582983278262,-0.22574955638991193,-0.6550355535612465,0.2962210863887982,-0.44080567361585926,-1.3449361704696292,-3.29666535936153,-2.5509122930721215,1.169192131045714
-2.653431458792189,-2.6127195048149106,-2.3818867790550637,-2.398883932206428,-1.4221843289302905,-1.753509097862917,-0.7178757332646399,-0.8911903462589252,-1.314130790840028,-1.0781362210409804,-1.9789337071993323,1.035463792780373,0.9069995572274111,1.094097747490244,1.7832574756599813,2.284676945722259,3.4406242137205703,-1.4331996779900953,1.6656761287966864,1.8971944870090465,1.3576746656578549,1.433147003935488
-3.2107272631304653,-3.220263706001591,-2.0015030117451946,-0.8453545498723594,-0.6250719902305348,-0.19496045836053516,-0.9480640874592607,-1.4096342107256947,-1.996349290478078,-2.1286586355873953,-0.7823798241639853,0.16938308266704627,0.3807990624408969,1.3262944185080305,1.5551082944647858,2.0005134041544776,2.344728677695762,3.2424430166452107,1.7023560779369178,1.54060588737771,2.0188692530945507,1.3939038273967
-0.3381417901129472,0.17444389441951924,-0.24678016593239027,-0.49684668602206095,-0.3332332155079317,-0.6275274818353257,-0.9881266722888893,-1.4966265587784724,-1.7098554494439644,-1.699295784530657,0.1749873362691093,0.6222732037750539,1.6386013557936436,0.8725265196132999,1.2686569406665198,2.366473471396954,1.8887862851405792,1.6056054342806305,2.6922136124851384,2.0461375104911816,1.6463767254811374,1.5469967444882406
-0.516304565086877,-0.12278307378798717,-0.6462997632715031,-0.847918778281244,-0.3452415826550614,-0.6177022859332226,-0.837143551326694,-0.748043942362697,-1.1489245506385752,-0.8825572189932109,0.5964290417224217,1.4481730489085238,1.7963744595627582,1.6700839107708167,2.3958729988490313,1.9906441421735517,2.7883069791857755,1.7888794309795135,2.459465553535636,2.406649333227168,1.8424805082864721,2.6210048884024206
