script/wind50m.json
{"header": {"parameterCategory": 2, "parameterNumber": 2, "lo1": 6.000198445256149, "la1": 58.999992894266676, "dx": 0.5, "dy": 0.25, "nx": 22, "ny": 24, "refTime": "2024-03-31T11:00:00.000Z"}, "data":
[rows 0 to 23 of 24, columns 0 to 21 of 22]
-0.561097702810648,-0.6020866733005901,2.633364714732891,-1.1574568551725826,-0.6547552799642526,2.5171319557125864,0.537247767588535,3.732759334670458,-3.1887153868927474,0.055400220133489324,0.01604010726174914,-1.2766791558464576,0.6601791859305045,0.7213299017334596,-1.5215607936019606,4.008686842477169,4.0924781846487415,3.0810252651915193,4.709475169249557,8.83580560129137,0.10828426353628696,0.8293464345833874
-0.5619797444548893,-0.13844733905748088,2.405432757834844,-1.4517242889415973,-2.8145077471824775,-0.3483990682171651,-0.37332375263716255,-0.5859322969754764,-0.7631030431447415,-1.4394238668739971,-0.5993974101282342,0.591836460568888,-1.8479726780681245,1.7810873896946093,-2.627954585125862,3.75433473720218,3.52086816954223,2.4565994252161465,-1.9579384573561358,-2.771541811745649,-1.9862755911370151,1.490893962772993
-0.5884251724878949,-0.4025593724956562,2.6580041015058344,-3.0480849152049014,-5.002402447208287,0.054751082769457046,-6.413901632748162,3.408950280368457,-1.9926965704718391,-0.20260845167361363,-0.5129012537966522,-1.7523259238065036,0.012020232743930371,3.0540383360187353,-2.2365753109574014,0.8341393847098333,3.387774624251105,-1.6270790835913518,1.0063481008853068,4.268971369996808,1.5156789106131605,-4.203526932477858
-0.4484781636815208,-0.9782694720259932,3.4560685218920164,-3.7351375708208474,-0.18177390855337144,-0.7154763704414285,1.9471781770491212,-1.6646177639556015,2.7680147078079806,-3.8154448971870676,-1.570125036668786,-0.3099731441429692,0.822814506909114,1.006157066751311,1.0110762351672997,0.7081576269228248,3.9650803634532386,-1.5937744216469063,4.1339496384506855,9.285673858724758,4.120354496978362,-0.5477035281316252
-0.8077599280946659,-1.5894236217118212,3.6944201775280856,0.6198586642959305,-1.2801667750129895,1.605843403975436,2.365114344477996,-4.132212665277972,-1.9021219532559328,0.8279513775749497,1.3855325368630085,-1.5212164674446969,4.000061100904578,-1.7042809204163085,2.2721825671233957,1.0989778773199368,2.3132087862103203,2.0338808212104174,6.777613527812256,-5.804016233272945,2.628954985693266,2.185556633692421
-1.0502862055532838,2.492481152510679,4.252970149328328,1.2753995359435901,2.270723635844503,-1.2721720559761949,-6.084805033181473,3.7432459615677107,-0.6455451084609269,0.5316932993112483,-0.15706136499068893,0.011327990227050277,0.34017513610879524,1.174044770716145,2.3474365945803917,1.8884416729942177,-2.5573663929601125,1.326463320883742,-3.6005309266457477,1.8193136892313404,2.3982739367455523,-0.913119027072681
-1.0205847292927148,-0.4138795069290297,4.019530064182417,-0.5404666467233133,-0.6999486453691094,1.3776539921695965,-3.468591231286139,-0.6623543755646282,-1.642929586847209,-2.1330751197162843,-1.7973534134128453,-3.5267444603587963,-1.7606033618809582,0.08988270239967235,2.0058686697622683,3.4078373338982786,-1.9760473840167478,5.798291454508646,-0.2889224411753165,4.820472251364785,-2.475637052031819,-0.015124125651139948
-0.9654307599043246,-1.3276083507255425,1.5384106349176623,-0.7775369335932947,-2.7795129187427126,-1.113201564708685,2.2109808486039144,-4.264582407936382,-0.43058895927136626,1.4777990615430379,-0.5800663435692028,-0.9187036838610161,-0.005283048014160048,1.3536981249361952,-0.9595551275423252,-0.27461278236986464,-0.40966839995348087,2.5273637079233007,1.8407450706532487,-4.852756357543244,1.6866326945107946,3.2867001634106225
-0.6422999130256067,-2.0065063314899962,2.823962568846275,1.9134027237138345,0.30319393562774777,2.9508494193534927,-6.316137345759543,-5.351254128772657,-1.384868319405577,0.28208863758576264,1.4830639789088107,0.11297341009500571,1.7675678635220917,2.195107389836404,3.8257075947372665,0.6427949477011332,-1.2109641403829063,2.0558522676795055,3.254697735046642,1.7264597135236983,9.159676535016214,-1.5477534670395106
-0.5458062159078109,0.17424086164508878,1.6268907227723355,0.2903000575486244,0.01078724921263847,-0.015238059230122772,-1.5728639496986416,-0.9255964881206927,2.7005509945111537,-0.47593128712726773,1.0239008112359285,0.37808167892646566,-0.7731203436711053,4.48283109857194,0.47333182970443144,1.023437167825124,1.2041210411436694,-1.7820465034172308,3.3676983635232953,4.343240851753193,-1.2622841397975397,3.2414773586623924
-0.50297558304134,2.1987525425380587,2.016765637238157,-0.095776959716845,1.6191515913999783,1.4350089929124679,-0.29939052015260786,1.3942776903106149,-1.5420037099255377,-3.96603089171565,1.44815045499783,-1.6057175122099319,-1.3265348860952373,1.2361670167302194,1.441984855185876,3.7696711762683397,3.1528843267709554,1.1226952787196565,-0.015418162821036824,4.424978716759348,4.234777305437788,0.14688549270850665
-1.2229505349008485,2.483228216388609,2.5103426651199556,-2.2336561253213927,-0.004733696916317344,-0.43844610518304444,-7.001381029396034,3.4844388068337153,2.1049647447753275,2.408363864545788,-2.715432985387016,0.1644187217912018,0.34528596419280133,-1.5794823451669406,0.4988383149637758,3.668177504690324,-0.20729493706965516,1.6009031042204767,3.1891556238097896,0.6003954936290338,-4.260129865965836,2.0433405836633356
-1.1175662142290603,3.0155425452702005,0.8184806272995476,-2.858511520871938,-2.2320373282053927,0.6908610108858281,0.5383768210636181,-6.117680472485699,2.001846218287452,-5.598046820576112,1.2641393099131528,0.4632215707781937,-0.6888366480236963,1.311543592222516,0.5666631775982492,3.9289798336691293,3.767966052814558,6.609446266432184,5.255835762244923,3.419857689309006,1.8189469510426646,0.7728057106941068
-0.6710674886300833,3.703828413928291,-0.9701070306524172,-3.953999514110313,-5.097300603195137,-3.655380439554208,-1.0244557947405029,2.27669240124119,0.1503019132449076,1.456769859613154,1.8407074902070582,-2.384369822868949,0.5968011639089766,0.6484809266477527,-0.4239030724419382,1.2498272675924649,3.717400134252478,6.412822325706357,6.554713887807677,9.174400958086297,1.733159945168976,2.4393170440808833
-0.3818188620036639,4.793516815327344,-1.9135958004258193,0.7997813753394557,0.06678430800375476,-0.9715065133175647,-7.193285456142192,-3.808308213716454,0.036092446214213564,0.32679938416707344,-3.3012059988731477,-1.0799248101548822,-1.8451372036558213,0.5889325785422489,-1.3634597620605624,3.533421010784121,4.268371704405474,-3.0021479472830164,-0.8252952661712797,-3.0284860336169928,-1.4219472633451749,2.1321022139611547
-0.6333051731911057,4.233245363199396,-3.0019266929568498,-1.7292521987822413,-0.3816693326011564,0.13159632103929902,0.46950727536000725,-4.284220867203359,-1.3295973218844128,-2.7000441639804866,0.40153546152007497,1.1126241973687345,-0.35456959635460056,1.2053407571871324,-0.008107080095988466,3.123063477735852,2.669669917715194,-2.113429864572371,3.594569016043668,1.9837469687747291,2.302259576253829,-4.336521058394816
-0.9436333232894816,0.8710838203279627,-3.292685980727945,0.6692534557188008,-0.166425902035167,-0.7543595389129104,-1.0675946753293082,0.4392722383585893,-0.7820752077322801,0.6353200960945188,0.4102887971981802,0.12550636034633528,-0.787129601058709,3.756922705379307,-2.3397494661816705,3.317018857162664,-2.8922475663415304,2.3186562036628136,2.9250228483851495,5.5930368218992355,-4.281167467593812,2.0050874654508104
-0.5861573106037639,2.7509851137028236,-4.303153038272106,1.6851114521402233,-2.7788799730930847,1.9012007243940452,-4.361829015504355,1.000526957530748,-3.438356473952803,-3.114845784804721,-3.3747830061626276,-2.3117919125524535,-0.3917297953280137,4.646276882906615,-1.6855752495368683,4.005155918380363,1.7614116455715079,3.2652463972882213,6.938422721954514,-3.06528449638127,2.528492811736583,-4.564714925539823
-1.0502491435969497,2.94911315125544,-0.8700332649755579,0.43734931092706714,0.3383812737479421,-1.5760067557176092,2.1984700459706086,-0.6686276695866019,-1.4322674160205051,1.092043316143133,0.8027503164552771,0.5279265477558305,-0.23620591378509145,-0.759253881603339,0.4914600727479526,3.5306293147996843,-1.6543011813697375,5.626152171920073,-1.1740683310081024,2.5035244941833716,2.9528670880272836,-0.8727282418736367
-0.2924968766957313,2.5410978765779095,-0.4280378107275529,-1.986789361960385,-0.26821699918184855,0.710634599129179,-0.469161148085722,-3.295055245318701,-3.019594381575613,-1.294824393464831,-1.0656845509812032,-0.528956790967419,0.607882272992868,-2.9957366793034117,0.6005644331382033,0.9235019943598196,1.6521985276876288,3.0664551134768456,3.7587337573454893,8.630339450610073,-3.4076930198922835,1.8828766398590804
-0.5906191028670181,2.4924371393114053,0.5479535704064773,-3.3188882665648025,-0.6594660003420324,0.09984059071007816,-7.1327483670643845,-3.72880178415488,0.7167524443113364,-2.918307121992853,-4.043756820852798,-3.9465271951232137,-0.06259091414636711,1.2895323153182126,1.7963098611054653,3.737284086410283,3.29387271505497,-2.6549828900646992,4.737698209181335,-1.4985824360645308,0.48513763912435176,0.7338156421882477
-0.4799523272230622,3.2366646517324047,1.4558380521926,-4.41592507857176,-0.7674073706274573,0.05781851791849636,-0.5516684961660554,0.3321972316663903,2.022820104227822,-1.7829837703153064,0.2832113082728279,-0.41657168376881126,-0.7951177750076168,1.4843812316932214,1.9823869328627726,2.899201134589314,0.16443268053607582,-1.1411945847093055,7.030924499863033,2.324838265296091,4.671218573314854,-0.2992555131595922
-0.569102158633288,3.383915947363269,2.815647433754606,0.11145991513008772,-3.617760864649761,0.32158408047934633,-1.4256598137285548,2.449297775485939,1.4360239880542998,-2.822784324508143,0.1067435644301371,0.7522699246816728,0.1570303410590134,0.4009587743666241,2.1959139121915245,1.6724947237130596,3.0803452913067573,1.4989138049072006,-0.7731052567416111,10.11083118795244,2.5309869188636256,-1.5708816990356738
-0.5096532015394157,3.756897004160231,1.8019940032638302,-0.25498834527743247,2.792734571715949,3.822355809196549,2.3593004340792816,-0.4757551345771849,-0.16101360483111435,0.5476815664686758,-1.4120007851408976,-0.24734887972085665,1.1395518397509197,3.7464909528399417,1.8499559232989196,1.101087298551739,3.3746150397660544,3.652190357865631,3.7447448648977004,-2.6962428645185756,7.60358184281454,2.257120010016527
