script/wind100m.json
{"header": {"parameterCategory": 2, "parameterNumber": 2, "lo1": 6.000198445256149, "la1": 58.999992894266676, "dx": 0.5, "dy": 0.25, "nx": 22, "ny": 24, "refTime": "2024-03-11T00:00:00.000Z"}, "data":
[rows 0 to 23 of 24, columns 0 to 21 of 22]
-13.893231597047077,-9.779539981303863,-13.713359628372388,-13.756088220812785,-14.848400349136543,-12.933355921568316,-13.30391717105216,-4.614387903042599,-7.852788299299351,-11.006892331331123,-9.458357545259169,-15.732814829963415,-6.839574301432692,-15.929632179440713,-8.319499517541262,-8.363264245512015,-9.318829405845328,-15.769483687896544,-8.431633011400583,-7.8634640836684255,-15.841354030113308,-10.649424296194981
-11.17712261555181,-10.852344418962684,-7.168288239486564,-13.529192462220237,-9.592777429196833,-13.891225575377327,-14.826576360571064,-13.330868817049726,-13.900042490659475,-14.526869001144934,-7.442068149894017,-10.784143198385957,-9.041146461297581,-14.620933454118418,-10.943684201846985,-12.646579100239755,-8.122624858067915,-10.075248019734792,-17.699949358864952,-7.509759892151636,-20.674467978773674,-13.281980676011019
-6.124443380143939,-8.988337685981703,-13.21399505648416,-9.820635974280908,-9.371499567338242,-18.31482245960476,-10.875031780571044,-10.088314498211997,-9.904975416033569,-7.422591094051056,-12.211323440192384,-15.50342477459851,-16.189178738128952,-9.19665909766778,-4.432904936139891,-7.8075775114431725,-15.152778500690843,-7.841720740654779,-10.716195388583907,-12.256996280882586,-15.170314286089923,-16.45597112848757
-15.953979934585561,-11.253750503379722,-13.410974774366125,-10.694816280942135,-9.987197839730426,-16.56025773212823,-13.169789772628219,-16.94604459878949,-13.51225588376432,-20.010952705405966,-21.880864623676544,-8.52564867082346,-14.815281260742749,-12.804838431927532,-11.266928639356186,-8.53472418151966,-8.06809124656016,-8.375779074187296,-12.431710261790423,-12.491677210223441,-12.004495910027417,-10.548842491640993
-6.4459079313974605,-11.854139828706824,-9.717072850204024,-5.641326467141673,-16.335955348881495,-13.268215680786824,-15.058329920843729,-10.867844151929459,-7.625900474501883,-16.16197370768093,-12.825804027095293,-12.071275505675306,-12.505478435895185,-13.498831273564159,-16.064944839953277,-13.212903983950842,-6.865411491412071,-11.033022621904664,-12.296211999596043,-8.736581116279048,-15.857882822943926,-11.293786361833206
-7.824578524949656,-12.530063589060672,-13.854963834621989,-18.376027147326585,-14.02058249783002,-12.347450473478448,-9.401593054590343,-9.503749848322121,-8.76597402276284,-12.573518578768214,-10.540229650045008,-8.429718888429303,-10.90381214662955,-8.097422807269746,-13.855399626785823,-11.830281177261236,-8.154558263560928,-14.225049059590676,-17.67008699317489,-15.583772162555519,-8.929621754023694,-9.077759813578155
-5.184679289729903,-8.957682076419186,-12.645811262555174,-16.01166805943585,-15.836549920729382,-7.54182435021456,-13.14851499218952,-11.540043039318109,-10.192185954743724,-8.477451733617396,-12.847273992317861,-9.21633394293205,-9.79854895667772,-13.037884745623627,-18.577165324603406,-13.972864259770631,-8.32096517541646,-10.581091776390274,-16.374414756285724,-17.49552205649755,-20.444285738226526,-14.651386709696498
-10.084367329192895,-11.497940143678008,-11.489088306691835,-11.688869137324708,-8.694227634173409,-7.809024242255425,-15.102535392091903,-8.692284292299147,-10.560236943163414,-10.120279175558487,-12.35611130796627,-15.638123485715834,-9.25611289215116,-16.387902882575244,-14.199988685430712,-8.629683908951653,-10.172151079178986,-9.6056680353487,-14.991406854686426,-10.071183545107154,-14.530074316705306,-10.098315923782874
-11.922254894604453,-8.78472499459689,-12.65929847904448,-13.485816476215419,-1.8599359924045729,-12.009511855515251,-9.736041203564522,-8.487324568386509,-8.71454897411375,-14.536603280154349,-18.9087836258478,-7.092036157857167,-11.114589176671627,-14.87725570850882,-15.589814640041336,-8.722872381692468,-10.45833507706671,-9.134306563213883,-14.425570068472231,-14.789776052068314,-6.656246300358146,-10.869997850189366
-6.760530982595941,-14.527305870980337,-14.9302175825332,-14.394380315280383,-15.069075590485967,-16.27503063435881,-9.42440776273017,-17.06869721916453,-11.637867797287885,-14.944482798772492,-10.29840795631636,-14.532674906496183,-6.555127442768263,-15.519776123356825,-13.620711807301646,-13.592335809966201,-10.171210987749761,-7.824058179071691,-4.697079716395191,-15.02099687644968,-11.48791938095759,-8.291017467335523
-15.49629736527544,-13.330510753294714,-13.743240958858653,-16.35811874936402,-8.510931162840835,-11.886417265456517,-14.649516499848886,-14.282782195371928,-7.938878640668968,-19.82241540058212,-9.202770993494209,-11.432550571048779,-6.890692881514881,-11.597225133834336,-6.937333123125449,-9.41439732760096,-15.1809783484844,-11.834767927007064,-10.86952002486771,-11.365902641447326,-14.732529391977964,-12.564984616315453
-8.835957179787899,-13.022381283448588,-13.059153656596488,-15.989972830940916,-14.417005251486081,-12.04619546296095,-6.659712444284333,-14.536005738057183,-10.795444512022282,-12.063660018103791,-6.709498468998303,-8.82491109161342,-7.680025223025541,-14.547875921184769,-8.342715769888423,-9.876486211998888,-14.383472327612917,-11.226752200999847,-14.641730665296766,-11.683069975452815,-7.992001707807221,-9.940670863771421
-10.805643546217606,-14.75980074878799,-12.60839365780347,-9.501789310707478,-10.966498827855222,-15.057491548402657,-9.314660901990575,-9.849672512393697,-15.759016598516217,-10.137640011657393,-9.05529958580597,-14.710181153893092,-15.473063760822834,-6.63402626918613,-8.79696289388168,-12.34426711135711,-16.529732761304043,-16.443788413059412,-15.301781766472626,-18.18712067658652,-14.25222863828483,-12.748267505587062
-9.87165526221374,-12.948859573799115,-16.6854057602095,-6.010773154064095,-11.303619375880352,-9.622160101780583,-14.646037843387168,-14.642933630194744,-10.358852099057016,-16.577482537684862,-10.185688316163874,-4.9011645200945075,-16.744050723754025,-10.377139524508069,-8.638335709089226,-13.922607972720774,-16.026193267550948,-15.616715776720085,-7.060819263375468,-12.351091784399415,-13.140830165799272,-8.099492411377195
-4.738691598928072,-10.030836593222084,-14.009212985946016,-10.917029217255466,-7.716613582995054,-15.868931210601025,-10.089622822790165,-10.08975303818253,-14.22696502464393,-10.492838535418985,-6.511603934055016,-16.527447492905626,-11.00188168435936,-13.95067477152467,-9.253578198007768,-15.747345891227443,-14.272070846859393,-11.38543952525306,-6.611780438914228,-9.146737453556996,-6.747235231361707,-12.955521710127169
-7.8603655146362845,-13.845510830616991,-15.702487147998808,-9.603515318232734,-11.780771463578228,-11.362128983955046,-8.535566899537564,-7.933312371753357,-7.114702491297136,-7.817353748695711,-15.007719776316254,-11.635077896102056,-9.748145893378693,-15.303997409478397,-9.668400302335556,-14.109492312496554,-8.251120154628575,-9.544273918253715,-15.210048524180218,-12.382099079446187,-17.057765149357415,-13.191231395412407
-7.171419113167646,-13.168657816879652,-11.92064120470526,-10.761326172730042,-18.365009124533735,-16.741446243490532,-11.966888989145,-15.835700796789078,-14.169702942499645,-11.231503994643695,-8.376209777488448,-14.813305255828626,-13.142582214271753,-14.779636004916362,-15.507869656056561,-10.88761881160221,-14.105009129671096,-9.887479585674418,-11.901050430724831,-9.749425027541822,-6.157238020889654,-12.72308539897872
-16.32435890030204,-12.760580098879238,-9.313951027138547,-14.533233162179712,-8.000419826787141,-11.74767418122176,-7.050002143889303,-10.145823665668768,-7.583386905179782,-8.234350392168022,-9.636508293893352,-7.327164156953303,-18.697378411519068,-15.640145251224078,-20.369765370217017,-17.968939678012042,-12.30962298328003,-9.560852979074273,-7.8168834191388585,-15.795459295229882,-10.483049204733128,-16.89349492425374
-14.32452084431927,-14.788181572746069,-15.143673764988746,-14.321437302220083,-5.548892216141298,-13.762445783453355,-12.532457775906982,-14.043290652572828,-14.59864379672107,-13.258658912671967,-14.181307780355713,-15.319789279160677,-9.234691655356645,-7.532940608147613,-6.76886207836464,-16.49772345519241,-9.678281896091486,-14.034980473592585,-7.199558452080414,-14.320295667630203,-7.666969553839016,-10.05861919580835
-17.08599076541334,-14.761296316446609,-12.507488871218461,-11.976275191664175,-10.217898717220866,-11.450699535325988,-15.975946898164134,-8.580078598198831,-14.555946083093863,-15.90925621547643,-14.9457498285543,-11.398300715844996,-7.2584292880299515,-4.1185394870334155,-10.037385915680696,-15.697602003251447,-11.202973414778262,-9.504873275993711,-13.828536479796226,-8.738434701047133,-17.755369753495998,-15.731992321390898
-6.412973233562581,-11.67846267224215,-16.18865511010514,-8.913190085414747,-10.990885653060635,-12.140554689724544,-11.22940680920744,-7.25283392889318,-8.544629243900925,-10.651559419791973,-8.282626547533766,-10.26563953593542,-9.356168286182964,-11.306055148790165,-12.412640461057741,-16.066320467842427,-9.50899037415301,-10.48633283065134,-12.347249832568133,-9.749303848661699,-14.074025041716306,-11.142560202168994
-7.246325634392598,-13.824948168946424,-15.298236233889991,-10.170166106879647,-14.070804889277444,-10.346734892946506,-14.344911315252594,-11.138753516515838,-8.80459880472408,-7.700658154282579,-12.532876958472816,-15.028479963958578,-13.495301817958522,-8.25178182188737,-16.621331659865405,-13.46927971446581,-12.256214136019212,-9.227078193601477,-7.993063744054563,-9.145307555864063,-11.147057145572594,-14.036513614828168
-9.33663246875415,-9.402847498658565,-11.466819512848664,-12.94640570388999,-9.232407408732122,-9.558959756837575,-15.95631449139846,-7.15553771293804,-16.45819897947474,-9.65272116943944,-10.603007733932488,-12.863218740867653,-15.702189194173725,-10.55399761513047,-15.819570071049645,-13.572503057290303,-15.34847023503774,-13.405198369902518,-7.54403133899493,-11.68837086815699,-10.029522787922705,-9.440400259830955
-21.417010590469328,-14.483719198534914,-12.16336264877656,-15.314778749129779,-6.563820839967553,-13.419729910885975,-9.213187455528189,-15.918050616818176,-11.000742922147364,-11.211848071835544,-8.267835861634072,-7.831404467688773,-9.410543950722532,-13.162642571054514,-13.05867591115505,-16.233633287141597,-14.39752404768184,-14.342456890789405,-13.851750087890656,-20.762819714095045,-7.097054197734682,-9.874229288967175
