script/wind10m.json
{"header": {"parameterCategory": 2, "parameterNumber": 2, "lo1": 6.000198445256149, "la1": 58.999992894266676, "dx": 0.5, "dy": 0.25, "nx": 22, "ny": 24, "refTime": "2024-02-23T23:00:00.000Z"}, "data":
[rows 0 to 23 of 24, columns 0 to 21 of 22]
-2.255013791329104,1.275244398406612,2.664297113045444,-0.12610429770313122,1.432283271662916,-0.3419860569527734,-0.08797442118736457,1.3118024392861445,1.0270276353303598,0.41019580622516993,0.10142539437181007,0.284735204622118,0.6954155972299972,0.6735390998403992,-0.3483815193063338,-0.40284882925676446,-1.5852194608139427,-0.8697675432299145,-0.2878145769105194,-1.0140834062080522,-0.830618665507267,-0.9664107356562163
-0.719255203792213,2.676081119073874,0.5456009965270598,0.5866271424385908,0.09320211304284136,0.6111025964021085,0.8901478978946564,0.8817896711108807,2.6820208806266272,1.4707623704233341,-1.2593839220554743,0.9448359907188566,1.6777382971192507,0.1877864002158336,-0.6138179307085948,-0.7412729554975694,-1.106322686836915,-1.669507317056098,-1.556696518739477,-1.3150851639403247,-1.2148480806873356,-0.30857327999880335
0.045841880286924104,0.9083298550918489,1.4240203160912557,0.6318034157231294,1.347608390105205,0.7692191439870549,1.3251986205427226,1.3927282072867615,3.826307301182324,0.7064469752496548,-0.7609630990558578,0.6022682974510032,1.3345716369170837,0.8826477707242147,0.7954991732439297,0.7849160746007409,0.01909817904201898,1.1319045538300168,-2.091379448355633,-1.421069738810067,-1.3006466802799743,-1.2495779654953127
3.319084260814431,0.045743387537635294,1.4027068449100435,1.3280421575553265,1.2283766560940117,1.9490310460063784,1.7875929103847206,2.9837113071523387,4.41139416663297,1.0897220783410548,0.416923777943144,0.5484033840544951,1.297677687304287,1.304816801221099,1.663298154409816,1.4495577693972026,0.9082168929437295,2.5249147804579493,-0.015541436617465822,-0.26322630558757676,-0.6610270266776567,-0.2962078358006645
2.745488089770218,2.5893271358365815,2.221453513269285,3.0547234024681744,2.9311498940288816,2.273751939417988,1.21295312523739,4.121776994794663,4.601582325685124,0.5496408843981871,-0.04079770694930847,-1.2090101590984605,0.8196786595422246,1.7429015762987636,0.806718313068283,0.37888600283843094,0.8533951230026798,0.4398485075024249,0.41076181717892096,-0.0971726423330282,0.0038332490379251695,-0.24665239549692203
3.3348089168297492,3.2428454387031667,3.1018810779115804,3.3148045810836195,4.16298885042082,3.969247062887959,2.3839503174622334,4.719153120390675,4.446399828295714,1.6523063049162898,1.2559419769634983,-0.8553421225785763,0.2906381937263717,1.4277221538033613,-0.13493749327097837,-0.63138903854781,0.5179957662689497,0.523022991233288,0.24802945857569864,-0.2690109851826086,0.08442086189260228,0.02961535210094375
4.2770905963912496,4.642489485789439,4.704990363999974,3.9563349122878524,5.194887964888445,4.804814461634181,2.411816893377655,4.531440774372199,3.5139256779026193,2.8252278970470157,1.5624684001602207,-0.9031898412082506,-0.06880492955194427,1.1990697366390837,-0.17037230773056125,-0.722681742794701,-0.34846873551815905,0.005376608193731472,-0.19528261362618896,-0.4303146790505618,0.3047423620445268,-0.04722050275632243
4.074292895021006,4.1769734820051525,4.847637142280268,4.949488650114543,4.950827363850043,3.091545415317418,2.023841498198921,3.311988080754844,2.4977344785592686,3.1788155667546896,2.8092400338613266,0.6451505312149497,-2.409311435242454,0.8077951971223524,-0.3149386676260376,-0.4984434044653355,-0.8745364566919017,-0.7006151109325088,0.1844506627019077,0.07289504389129035,-0.4621577813216876,0.5703559158644269
3.8057868881678747,4.517324985960949,5.99690566969784,5.344547979414552,4.227248933810346,0.7881391957956164,1.1506805419136408,2.1311519498172062,2.5362164158628744,5.868357998204451,3.256424647025001,2.1534438575238934,-0.7027885116957291,-1.0269709528489663,-0.4736233373429201,-0.8211110500537939,-0.8853170456231692,-0.6266838867159411,-0.49030739213476465,0.5604422065081702,0.016109554009879883,0.4163682778764953
3.305539837536515,4.561462118629327,5.310549447854911,4.87933150066476,4.322300578612217,0.8200791735430288,0.021634726753842006,1.2180889829955892,1.896392817105957,1.9093820178575327,2.1115793852254017,2.685070996161101,0.042334796566728165,-3.1345798902368243,-1.5188138208894189,-0.6536908481446827,-0.9936624396829218,-0.6948863263986068,-0.5396396400223824,-0.3083678040753663,-0.09217791233776712,-0.7015694711819207
4.179417151625689,5.132633170274006,4.732128619383859,4.270292968494904,3.4119054956322112,0.9212698401392806,0.6388844841541746,0.4317568576778854,0.05538954415089414,0.4058245940586483,1.901143416582034,1.2088671474670074,-0.4639336942792427,-1.934488147875641,-2.518323717401727,-1.3529111754570378,-1.00270734017023,-1.0008798260895115,-0.6670457966609515,-0.6121576476160537,-0.10834837781573263,-1.02210361458357
4.348098112292042,5.021734101665201,3.6038838076740083,3.6321120018583017,2.8502510144036677,0.5271194890302751,0.8269656220061962,0.8437512356792162,0.07924958559904344,0.058004509270790976,1.074964286195913,-0.1165155012939369,-0.9487951864898464,-1.1349094109943632,-0.6761508043635183,-1.0568631273549292,-1.3330644308706692,-0.5284355208550497,-0.39497161209228515,-0.8816529536989816,-0.26302306428253247,-2.7720624981674487
3.086148738372396,4.50307100609605,2.9766193503273497,3.0902887570973476,1.6710766511910176,0.3941473149400894,1.2258238744116945,0.9377758658903843,0.32122116831239905,0.9904266558670578,1.0052805537690592,-0.2215489175709941,-0.6295104248250304,-0.1638242910430934,-0.3956468063630007,-0.4676757236224382,-0.3934625244950361,-1.392757649788223,-1.1085568903264549,-1.7039158734256543,-2.2422085985329874,-2.733558260438922
2.1280553000054168,2.791476563783506,2.765726430823542,2.2602687338714076,0.017891468445263452,-0.11741461977145301,0.29973876593745613,0.9562374909130918,0.46789427423902374,2.087787321219621,1.03312052462458,0.10412145942728512,-0.247540941898257,0.6605510696306076,-0.11283126913520719,-1.5899194777308985,0.014674191886248137,-0.8612635301947473,-1.1640707470443175,-1.481538472655002,-1.8128737931543035,-2.3318356743861344
1.2536593359455583,2.3308637116490836,2.968696136887517,2.342090203599189,-0.18970812820312383,1.5615371466450945,0.8451877613397164,0.5926418998967865,0.17465313900219595,0.938745669759859,1.0191522156935127,1.3240590220076314,0.13504577086944122,1.333405075691882,0.5173921977203935,-0.9056786889056522,-0.9806073612663407,-1.041935055966384,-2.0983764259998385,-1.83018805182905,-1.5386049196845282,-2.129203497594088
1.710037903980702,1.0316970053232257,2.5200128119129763,4.576624333494245,3.0014103682320905,3.3228040317137246,0.13203562473814004,-0.5160543411873101,0.08601809283780562,1.290888067038002,1.0177126401425407,1.7204155519914608,0.034006622060338346,1.5882293685292366,0.8059600558417962,-1.5171987193330518,-1.3085357348030209,-0.602003069717273,-1.385102288270796,-1.9358270462570661,-0.9750203841149955,-1.8291811236717013
0.16261589792709477,1.956977804355094,3.016587585541242,3.2493743057783164,2.3517275148643177,1.885214054470535,-0.5375701705165445,-0.6053126445520847,0.6581719433305089,0.621569677077484,0.7911202097103459,2.240238504373935,-0.3328925197329386,1.0484684946182579,-1.267278418431399,-2.264591041807057,-1.1803658402444583,-0.3222086300592448,-1.7776915524484078,-1.7669042832338682,-0.8960251717055916,-1.6888013202634085
3.0852252611887114,1.6019841149920693,1.2470457095295875,1.3043692372800333,2.7696704487623953,0.9019354109411636,-1.288087869506465,0.10283738094038627,-0.17187808120459422,0.20260021546946413,0.40821643497305915,1.22136675413613,0.11343279022070704,-0.20170623618873268,-1.69968011391826,-1.4389901817358208,-1.732842764131584,-1.6497744359355708,-2.0783158847802587,-1.9135895292630256,-2.1777467207471677,-1.99936055156647
1.9561593221940994,1.0802894484175338,2.573539240317152,2.9901691993921635,2.1822273533959966,1.182654261662451,-1.0677511571637892,-0.16154866981084082,0.09983164990604586,-0.13100717556119026,0.46243795864637416,-0.5020692886246148,-1.0836133669341401,-1.695206096347445,-0.41795927548251255,-1.7778330624276937,-1.4065348728653417,-1.545622830549717,-1.317229675115137,-2.4378817931663748,-2.8291442139122482,-1.5614323496761637
1.6723774739771453,0.8776646353402909,1.2482651107132858,2.045633717823656,1.1564214236695813,0.17024326528173672,-0.7407853711162989,-0.33934225502302034,-0.5452856590967349,-0.23280606675356183,0.2877264719284303,-1.2549026301760635,-2.2781847536501036,-1.807431343292913,-0.9257870514890986,-1.9322733408597212,-1.3406098969110627,-2.083608951652787,-1.3140313730729187,-2.513762391625453,-1.3328646896674472,-0.4128682881338141
1.075532938238047,0.12024015618380315,-0.23540826162920822,0.83163023909079,0.5109953771718589,0.0797171688622503,-1.0969171001370448,-0.8208077311766702,-0.6949933100482747,-0.6097102178804557,-1.219843960245915,-1.2144150898307107,-1.5765128805335,-0.839522707800121,-1.2253422871699386,-1.2522789754534058,-1.4402611178389915,-1.5969670894726347,-0.808659224645361,-1.1451359596775053,-1.3554279491283334,-1.041095194364231
-0.5305590322163007,-0.5619325451451295,-0.7414881822312183,-0.6267521853409433,-0.7471276876343248,-1.6377020633090658,-1.3346580046893783,-1.1226590830140297,-0.5215319066991911,-0.5035601276734383,-1.0090132294735905,-0.7687344287837534,-1.2520698598053555,-0.1375984579946696,-1.2802817615077993,-0.43376947813013517,-0.7853471471337441,-2.228710064623067,-0.6473772638255713,-1.5663743372681502,-1.1693987067573286,-1.3772010254170224
-1.6042763143212402,-2.459924591629461,-1.6951467186816636,-0.7884427804988723,-1.2201668378918618,-1.5092661990461569,-1.090074301663537,-0.7348217870387063,-0.5193272972279782,-0.7856392490798948,-0.5871459555241691,-0.8516871834719651,-1.4648028605899464,-1.5019048615254473,-0.37815044544383214,-0.9154067589278994,-0.5817552706419988,-0.829959931018788,-1.5742224487595475,-1.16126125084521,-1.1776227878070007,-0.9092769662898131
-1.1416624304846106,-1.408608171257699,-0.8465984615321238,-1.0904935913533917,-1.5263579784701895,-1.7334690453527686,-1.3954368878123058,-0.6353412523359202,-0.4268692607552151,-0.7873500147147681,-0.8248283783156074,-0.9276889780478738,-1.3682449479387553,-0.9600328221083613,-0.7999823696556168,-0.6061346187023682,-0.3918763823180958,-0.9802333063569119,-1.2851010457265402,-1.5934806481213353,-0.9850754276064679,-1.8509033777011599
