script/wind350m.json
{"header": {"parameterCategory": 2, "parameterNumber": 2, "lo1": 3.000054539987559, "la1": 64.9999836372058, "dx": 0.5, "dy": 0.25, "nx": 34, "ny": 52, "refTime": "2025-12-11T11:00:00.000Z"}, "data":
[rows 0 to 24 of 52, columns 0 to 33 of 34]
-16.738764588585173,-15.79259608611064,-15.345236650843333,-15.706704988771413,-15.440616901628355,-14.050641207995287,-13.05238457111952,-11.934022261042896,-10.51606504284552,-9.256787061670522,-8.021451609157715,-6.160769810810642,-3.529223803144809,-1.290042298259638,0.008211070572276765,2.084922930482601,1.38678673071059,-0.9457118319240142,0.47559054254871663,4.136117782152957,-1.775950358842333,-2.244708970454235,-9.384125832897503,-6.3928229339265625,-8.675027594467458,-7.02073220345153,-7.407483488463795,-10.875611050183775,-8.041964128101199,-6.652195865450234,-6.735832037567478,-7.329666970702596,-9.451744978354718,-6.9992498052636964
-17.16967159230829,-17.317257230218424,-17.23514776701963,-15.93760004602647,-14.781036528258246,-13.33996735768673,-13.078840549480981,-11.331903810955147,-10.00592709048159,-8.946640684535987,-7.613238252809302,-3.96494732604906,-0.35210533978175895,-0.43821647244014905,-0.8373988323988631,-0.1950416009441438,-1.6819591643576453,-4.547366023173549,2.204928746151136,-0.06644207103386054,-5.465066007531035,-7.766548110309416,-1.4621308298887283,-5.120581413737713,-5.190408081417659,-8.286519850853132,-5.381764376128838,-6.4929301269679955,-8.605918256768893,-9.263767374826848,-6.167583403722022,-6.0713124391633215,-6.33498395249919,-8.493445877683676
-8.66003019557233,-4.793044808636106,-4.9123969027595775,-5.5054114533863014,-4.1925363326160365,-3.7771958486418598,-2.3395326865708563,-2.718697458768475,-3.6137451191195495,-2.56542238461757,-1.5272038944614945,-0.1521919126384539,1.6214336831822804,3.2398245837856576,1.8255303839566714,2.2112734591922822,-2.2129738984873195,-3.1460521063464637,-9.019220490565415,-6.653579451323515,-1.7233406667764708,-2.5700880148422893,-8.951907404991667,-3.0580707836627705,-7.402221400661735,-5.230979378860776,-8.257045812114763,-6.129547116436016,-6.294313849076504,-9.247352362261172,-7.129447757072369,-5.30193981633158,-4.789356471812012,-6.088857409671097
-4.441330297760332,-4.344267299141896,-4.126972831567414,-3.5967061675070324,-2.850317804066623,-1.4376388678526275,-1.1580821446792715,-0.397869893158355,-0.22071735055370437,0.5665474897322661,0.5385083038422919,0.7253337449328462,1.7153757897737387,3.0816161549164356,4.344815322415471,3.0461620134810206,-1.511959124145546,0.33316665961802777,-0.5210897246051165,-0.2334465872915608,0.4369856355175919,-2.546976304638078,1.4567563154265653,-4.237633224818144,-4.369107128739829,-5.955457623530617,-7.1308367587812285,-6.757485475045079,-7.635487279179855,-5.987334832184508,-6.068887800135341,-5.167808719672513,-4.5454739675467435,-4.56759932900239
-1.2955398667157447,-0.7527475948319944,0.6384458004589796,0.5386732964268778,1.3091579894472212,2.1795210078790213,3.0724996288203648,3.2430993962407135,3.424804322039158,3.3945173020265216,5.064999447692272,2.3326358750108946,3.468541765154873,2.680737380680045,2.6314664933374785,4.231539026557277,3.1299394101359184,-1.312616035362713,-3.151105382691485,1.0538648572331142,0.35839622044473624,0.21296000129174178,-2.899518582902541,-1.6284429052254257,-4.415835223219395,-5.060802134492886,-5.829060386630549,-6.17231178371235,-6.430475543419999,-6.342267922266439,-5.3503693119392945,-5.6704382587841025,-4.083971525629427,-3.7797117285317805
0.3184197630092278,1.6904954233198874,2.507990196121333,3.16359760460035,3.9832717095574615,4.100689412238909,4.994002895270569,5.22197701992852,6.953058157886821,6.707108749712212,7.982988631917726,9.73758911346356,8.97213146579511,4.032114254041965,1.3687479279548949,2.2021454800759366,0.038911976647418425,2.302302166863785,3.1214045675005737,-1.8811922271970718,-4.959565068372647,-3.5549674573701653,-1.7400380139727827,-5.4739255229893296,-5.745910075850181,-4.592455701569293,-5.067765879974516,-5.573539555652556,-5.393349763820085,-5.573845578187307,-4.7019601726364435,-4.433517751441804,-3.1129369454699902,-3.18169383491178
1.8948221555782734,3.2933990222928142,4.494580277119474,5.1999238767963325,6.310297001136002,6.262879110319209,6.131272648826295,8.312352680684636,8.12052774344897,9.270120671457198,9.73703509278564,11.385151483820614,8.4019737111472,9.537821313867573,0.9991221819778289,1.3237179781688473,2.2879749338176114,3.9426280536048623,5.434712270598892,1.789516488338144,-2.053056323495105,-3.6131860056453036,-2.4375728059204373,-3.150383612612534,-0.7220623678458993,-3.749346654523851,-3.113392017886862,-3.0636407853706284,-4.841552268148253,-5.180114558411227,-5.3533911699918,-5.297942664504813,-4.682546501387303,-2.3236793558968794
10.20483697136328,8.270605867455945,6.92740009764787,7.517917998256257,7.7341216445600995,8.851943877337883,9.093228007381718,9.99918033863454,9.87300405512728,10.41605597093117,9.927299771754868,6.116822197288997,6.93846947337928,11.291368199396919,5.47353395432362,4.556766051871535,0.45877677003949247,6.454387168295079,6.382607773264503,2.849151894103773,3.6818849696240425,-1.2029500314960944,-4.295608116256763,-3.852143276225156,-4.116121090196577,-3.402310319748223,-1.6847128461515326,-1.5163449456080786,-3.1762556345034536,-3.818776236725456,-4.500875555836815,-4.263452028019142,-5.168308197826205,-3.9943391273941242
12.80955437961573,12.348296564610779,10.979337859671679,10.17551863220514,9.878497388555243,11.472022609353315,11.576361224786858,10.835663199403708,10.969179379228303,10.89138809767728,6.268262752625411,3.4891512370290036,8.847741082676343,9.930210953955271,8.65824731928429,3.2858970413829396,7.115785888535485,5.295429482855846,5.440102511532197,6.678756842482082,4.059177292048815,2.6598825620894724,-0.6019812101361334,-0.8829662859438464,-2.1121211059104814,-2.3580440135160528,-1.7554119647709674,-3.586567496339333,-3.0342846513699215,-3.0794398655539155,-3.7248859880069407,-3.7367890104924135,-4.734204610705283,-4.956754565876422
14.819448037120786,14.329735037808145,13.225661083959626,12.184429135301617,11.504857543343546,12.105617107012243,12.524745144058988,8.459985245415789,6.233109434116316,3.0674514185767823,2.5169329867163293,3.1980208641561125,7.01860847688332,8.409310557696466,3.0661885587351665,6.327662007421758,7.012178170653246,6.382097774076476,5.626429459822586,7.044065340927249,3.2000359233112463,2.2934817674992996,-1.7142910514343432,1.348526420960093,-3.1237722131221255,-2.8195073203295533,-2.2359018638132837,-2.788525742894138,-3.333163987434548,-5.377712926774921,-3.8737783753617383,-5.351262053266195,-5.590378837505676,-5.665603797343771
14.249940644484932,13.996023324145492,13.459444620912324,13.418878248668069,12.6548993596445,13.159894155980984,14.761280616403957,8.001054235315017,7.781411593104205,3.607025478134764,10.164605069067653,3.426155522516944,7.086084374757028,11.713472442471934,8.316894189139669,7.054698407124376,4.727192921359823,4.725863232744838,6.305528943705234,4.374537649830542,4.1369018382468,2.777734353733187,2.766590518798557,-0.4710584758441228,-2.904134130976303,-2.3436772324577504,-5.817715455593781,-3.5020868898577078,-6.909587391589947,-7.926500369336801,-6.254629870148996,-6.208011288868802,-6.141408359054598,-6.1136904059801775
13.604714728271736,13.155638101645415,13.050777660520122,12.962601436917529,13.56207317615391,11.424947684199017,12.001682376488548,3.0971515959435627,2.756170678695061,13.718629986872502,9.194113044218529,13.043415561038687,12.412785371284711,9.530549162727828,13.445185600842914,6.653078195320221,5.547714709258179,6.936944078275525,4.6077859264476055,5.2124428473550735,3.4881155668040984,3.9503670996535907,0.6408635208910741,2.0869362646614085,-0.19338861466151563,-2.9341719861077054,-3.9809759782303042,-5.941590339540169,-7.115679950889448,-6.518286513917742,-6.4297743395808915,-6.537942233764091,-6.413226589048464,-5.847223076865487
12.782051343560996,12.802098593545047,14.707244603081147,13.606317115103609,14.45744594631042,12.520460806342172,12.366104264862287,9.7251625678481,11.559060306060703,14.2949067020991,13.054260733699909,14.898744273713886,13.336040595362894,12.28210118883346,7.608924684440817,11.150911143919926,8.172778516365852,4.233970080182656,4.895402369795174,4.247179661881803,4.329150815911665,4.36185304272637,4.917287959253163,3.8679486918086257,2.6432726443228254,0.6455577211327906,-2.727337369635525,-5.561096312449214,-6.9506558421124165,-6.726160398771297,-6.605926495844196,-6.926165730332494,-6.153545994759009,-5.165476986661819
14.891619954496504,13.344942190217516,12.4854444304693,12.091736547362357,12.984402871903656,17.30845756079544,19.111285247211566,6.214918049421849,15.749707394622014,19.08291778359554,16.869212102119345,18.918929396257006,8.231479817458219,-0.2580485871237779,11.582622884208156,10.414340414160925,7.298813207193346,6.120845707336168,5.760659889792348,6.98217602845044,3.6951152823878624,6.6048479877524935,6.414950838341703,4.351863669832466,0.5569606273504055,1.4132442276789203,-1.8304487945636752,-5.508807152654269,-4.3012804760854335,-3.5761694749488355,-6.011592647564455,-5.862884313967339,-5.601155889993339,-4.642629111759967
13.845141903510049,14.660805852131222,12.615853960012327,11.706550272824403,11.355544179043221,13.935926633418623,11.759067459512892,23.442864334348737,12.243934833506511,10.849494805510753,11.480579081890161,22.059674339328883,15.58345151300785,7.647412990316877,4.819210574150846,9.587110632435756,5.463923616648044,7.8787487068573405,6.604393050840652,7.440015722537285,4.26597827539763,2.015514290409911,4.160400957441612,5.7198395731783425,5.433088420769903,2.329384220273038,0.637301730308356,0.26560077170268376,-2.438724004001063,-1.803693032581522,-2.823351228324964,-4.119236438453351,-3.040315004625952,-2.4035625996385344
17.832093022300995,17.74288442302909,14.9105319144172,13.56539306260322,8.924642207260119,10.53384218912392,14.374829347330408,7.165605651490654,7.863709155419979,15.592369541637437,17.686605648062844,21.21751252660653,11.197827895512289,12.297865075848803,8.440948682621567,6.969327524122309,8.117830889418006,3.7604621583968982,6.2323895805414695,4.293993443498995,9.918873915224806,7.714216368080018,5.167011709361313,6.725457226642444,6.030637205943125,6.252738594070679,5.241191190244066,-0.013910876126131164,0.06274593520479727,0.5590296485922103,0.5312224610451926,-0.17237834254929452,-2.167395240420604,0.0687326402335792
18.09385887150816,19.099677081998376,17.489232791132522,15.422955563429545,14.498677319922427,12.343927754103127,14.863051044392275,12.475607722885977,2.3093821871627602,15.287542507733708,21.0483262553106,23.535109857100064,8.248696959330795,8.887795488754575,6.456816747502255,2.2787809796367533,9.417626997208282,5.228989997666316,6.942645472290134,7.323422356955029,7.883394006887056,9.454361160311567,7.25171065940372,6.105873284732642,6.780771104998035,6.702686526829502,7.344908481885434,6.620675912025176,3.7552687008019148,4.310351918623602,6.220032194200083,1.8005562538709188,2.447292779873233,1.6137085975641927
18.546029366418367,18.789878252488066,17.26906298049047,15.736190086380583,14.307543242992491,14.579097557714844,14.327215335088434,8.718136580200031,16.566601322480512,22.42064966130407,15.595823276293332,15.427114452524945,8.629452366144156,8.917332798130188,9.253104975787748,9.066874354445769,5.421137249045622,9.116857286856414,10.454728629969116,9.342763864736678,9.593119540199822,6.896230340642175,8.900410654146805,9.970178413353539,6.533655412274045,7.493408334775748,6.774652689218074,7.152069290367438,6.210968098362664,6.278000182268454,4.903465033123045,5.386578235355899,5.843568375652454,4.279649191066663
17.40522734630295,17.9155954299534,17.32290378079061,18.372141516620744,16.905297681927745,12.317587130297918,15.736727234048676,12.823542564935257,12.416769486324439,21.169810050582406,12.571538515639803,9.955736769285457,9.803765692267508,7.74982249518721,3.8021180931970147,4.764217576801677,7.941092307635549,8.082706500090477,3.8265817733936025,9.463907190200398,8.220823518545158,10.42620928262684,8.726549460322767,10.25319663002717,9.769690607774454,8.993862374827723,9.066249162960446,8.008679571688946,9.123673554656627,7.089394986273795,7.400299249711842,8.267320390844365,6.555873174261821,6.013646439751588
17.06992064056446,17.981593472583818,17.414306336731194,16.998738468230176,16.573364789769983,15.22300039859236,9.532835870116044,22.21818969617974,19.953324187928537,19.02263510969024,16.624546209353998,16.472101884006733,7.188233945112307,17.27863505973925,4.891496620985972,7.958125477934018,9.623980709374997,10.329554630366234,13.027146422254468,10.056758443532537,10.846821371204062,8.621016467126951,10.65670799655401,9.60962321595123,9.371932042094219,9.828373620691849,9.232350371255936,8.416247121938715,8.281420714482099,10.02572287768407,7.938601013218702,9.232666509843208,7.414762192075485,6.963856856854885
16.64475730541449,17.258863903165867,17.428587486773246,16.963125110949477,16.82551054776239,14.590273590902287,10.65931415606673,19.07023175398149,17.00001058692154,19.429690395892198,17.815862232067666,16.614077404535415,12.146383227036857,4.889565422472238,4.606263783547425,7.069618017983731,9.636407583395465,12.611812859139118,14.188719044109652,14.291678279312444,14.031648357073324,11.209283277565689,11.947387415671512,11.141436971354585,10.292634341418962,10.944547552818308,9.467204073571033,9.649318251527033,9.703211803237014,8.87275081652317,10.880388482948323,9.578022932987832,9.082595810779026,8.396365019945705
15.821479506196075,17.19541378570444,16.858104612128997,17.320148184930854,16.368109345264628,14.927635379988864,13.375468991257513,16.23487450761067,19.35179183345825,14.8870612001884,23.830348794704594,19.19349821957582,5.3142343078132095,14.226256854020976,8.696259370968482,7.858675874188193,9.641386540088362,12.412178927515452,16.019583579762873,10.677217263323724,15.660662495610904,10.742376513460274,12.446261179102946,12.349591321298114,11.932393981881056,11.343801531869051,11.144865233611142,10.48759519248905,11.455978565807234,10.816776166990989,12.110404324637601,11.676031026373114,11.076425331294253,9.383008658765892
16.127179055353434,15.015654578233454,17.176640329067446,16.252093646112197,16.50255419960372,13.979100163339853,12.523227993385504,13.57864061888978,20.239124099168166,15.865297128438378,8.983269011731043,11.488322562851925,14.531603311565512,12.00305826080052,10.314569407537352,9.737160237013569,12.304838515747663,14.73522405753281,13.793644134228616,15.970446841461493,11.159347513480009,11.436730391451885,11.396018859962494,12.272650308648009,13.613827274881066,11.215241049945522,11.539833264891532,12.447612808225498,12.330069087407162,11.904588141976797,11.769046958063454,11.387099070870192,12.505948922818822,11.091907808499352
15.956974132502955,14.755996410856378,16.21628451235387,15.748489674381686,13.90154488065015,15.058881914919933,14.660316121981698,14.24361704163566,20.103584029125237,14.196419115343462,20.778029639801,4.722896610325431,8.512639487878078,5.09095316152515,9.274164340062947,11.44483991469584,13.266040780009504,14.339465103201361,12.755045702545265,15.421285781738684,15.138303151725632,16.715541767625965,16.209902041163353,14.370955851089953,12.411377030990472,13.193566194953018,14.314813891857954,12.913839325754841,11.575785339267732,12.424609824686085,10.965579781644033,10.813987912324674,12.391815633814003,11.194756758215394
16.798035271879982,16.431299074096916,14.869736060956576,15.43611604674314,15.307993545931502,14.77271065993881,11.500719574642629,16.647926723659882,18.35055443543437,20.692260578662147,15.680041216618562,12.367740015050597,7.575146239511837,11.656011672981107,10.40706737310057,12.72084412828957,14.42087264765398,12.328101614066586,13.676539038436566,14.294797251576357,16.043538150397186,19.163579222963662,22.927250876962752,17.030836110986566,15.142727077097291,12.827085869073933,11.018770747203638,10.523333205249331,11.671907624249341,11.931593620366094,11.466746976485778,12.241297476285196,12.097759922143926,12.512359906631499
