script/wind10m.json
{"header": {"parameterCategory": 2, "parameterNumber": 2, "lo1": 3.000054539987559, "la1": 64.9999836372058, "dx": 0.5, "dy": 0.25, "nx": 34, "ny": 52, "refTime": "2025-10-11T12:00:00.000Z"}, "data":
[rows 0 to 24 of 52, columns 0 to 33 of 34]
4.818110930053415,4.954899092828312,6.1076622699246235,6.890318430222248,7.691995581966254,6.806918668519994,7.275237170630626,7.365768363466349,7.929331323177198,8.619593494782006,9.172232598888561,9.518909732681477,9.768659074056073,9.573670138039871,9.940729028547128,9.986509514399145,8.117694628150357,11.112433434891274,3.182200410186538,6.387408663976997,7.669295975337349,9.54029043907658,5.18193335097867,8.80087153417078,7.199620015823579,6.500653037378718,3.541921195480453,4.194175101736874,4.254163816896173,4.336547927711678,4.160379844463341,4.012307704856308,3.9010068735179795,3.553551395095498
3.853785356530834,4.019123239033472,5.073737249139874,5.820035630409937,6.519803345445903,7.110194859024295,6.341397575281169,6.8546800562036765,6.938682083209031,7.677926692240258,8.323297388819954,8.871300835792972,9.483036675861227,9.589269185062884,9.588128145105106,9.923306248016164,10.442220827345745,4.618523213556355,4.207658093069668,9.683763248780517,1.7498924479285536,3.567455110582261,4.723365126127513,8.694535775851648,4.59039886635563,5.740527517368058,4.13748756662461,5.0455587969751265,3.8593219344693153,4.847498344803608,3.781927216725826,3.9695376647817517,4.125165648538297,3.9242780443404817
2.8423117465330696,3.0241075335711707,3.167764675482494,4.704810309045333,5.440011124873393,5.84933411568459,6.766547328083115,7.141533441683207,6.609267165803311,6.979014525236788,7.5791622824547105,8.006092417060975,8.609148312813057,9.321727254859583,9.10035029211375,9.575138812745731,5.919153491521662,3.479264492909147,2.042504705222967,3.782060701245164,7.615764844866128,3.8348368133567052,4.383085779755698,7.235351001464582,5.776778704392797,3.246378517098285,3.5308413014957956,3.918093236417532,4.094324982395047,3.9448326338882866,4.249401775332525,3.4522866802230485,4.041712982674186,3.818586719082418
8.528701238930099,3.4874022493028223,2.434771399281407,2.4353819096141525,3.6027692817213754,5.036086488317621,5.4604774743008715,6.4683488439563055,7.38663090191208,6.97187182189655,7.05052476234583,7.360816378790713,7.88170827832962,8.203340664246058,8.687088889736417,6.642737670386088,4.262389330349903,4.286051842209445,7.008811884798541,1.6001675368296504,6.621526785970854,6.500982568887516,7.8632934357975435,5.2977028206266965,5.0593011133814985,3.693734226449095,3.937927462518121,3.713309811772268,3.8120814066445687,3.697059415921456,3.893562159918703,3.7730959625452347,3.5368457425643363,3.689798348268329
10.249857561672224,8.947631610965203,4.732430338102501,2.99390020663629,2.140844566761613,3.331779747473183,4.14456620840681,5.255132668358921,5.911860784980637,6.752886843057917,7.392845567183488,6.962464397265845,7.2232488226628,7.283064515699771,4.100532958452154,4.360274375521533,3.913255528851785,3.6574265386023233,5.987317787722484,9.525725466072055,8.767501458002734,11.9663164395344,3.6049843084428046,5.264373858412316,4.168565417375857,3.561412311147539,3.6097203430518032,3.9474762181623766,4.552289660549432,4.292224579321064,3.9342863857112165,4.428770836029667,3.861862115181643,3.5842113755380676
11.757385414115786,10.621486482613502,9.830277156214706,9.678782542157819,7.146145762582276,3.2532782259201345,2.8666554836844296,3.5882072933228004,4.384724725677672,5.105633852655907,5.673698737570426,6.250820547416223,5.489563575581788,6.442942434298825,2.7157592875503243,2.7025945101943845,2.0853918950330277,4.178028163028989,6.4621077538874205,6.166922988897322,3.5584601740149684,7.101981226705499,5.274314260557748,4.072346705605734,3.734183208237894,4.421259617229747,2.8170632677506795,3.761904376698538,3.4501869805567043,4.404790831212387,4.418415917695089,3.4783458129777323,3.4869124781614724,3.597321621273422
12.72665433871234,12.143709772393294,10.840798361858443,11.117852916078451,10.4257591096342,10.506370243192235,9.3935316033295,3.7853188085326006,3.2685648945707904,3.4698454162553163,3.5995427620300577,2.0782573856623503,2.9595166941374464,2.749796881765662,2.53901342550727,6.140310401322153,2.6780520215652213,3.8071273091190303,8.489163962745025,7.383490519075708,4.138725714135472,4.357218523904385,4.108278014125651,4.076385929729683,3.970339719952131,3.3130321536972085,3.8597801045651674,3.3123716810497963,3.510479998650409,5.070738625974391,4.478777581497857,3.9269990961675947,3.946072746916805,7.186126650938074
12.474239142474072,11.654348275966589,11.825686038197984,11.902016905081384,12.114432880385904,11.783351656311297,12.137986063085018,12.642882076131567,12.710835577600696,8.873420380246833,3.3352362628793975,-1.2289799952505103,-0.5102106543827829,4.348381073252041,0.3207568916079846,1.6100810162514378,2.4551150046770447,6.75125659542414,8.479441069313285,6.51148198667505,7.018071092486119,4.355279784929769,4.794521613277522,5.128584860362242,3.3614454897557597,3.397126892476879,3.2146708496736425,4.16714405585874,4.060397426158274,3.9378697126689284,4.595718796730364,4.109964764069046,4.8319253815796195,8.99931581155815
11.508752595694796,11.441786097433889,11.491279751194378,12.568803471585994,12.461341762987402,12.45903608473891,12.398085764080001,12.70434456224108,13.076590966591754,6.389965383593333,2.4712950802334213,0.9832465623208803,1.9246189517308911,2.8540533876396217,1.7959890461966326,1.405729867995144,5.871359378302434,5.91832227183952,5.45539852047361,6.585520940689497,8.107735098272979,4.407926223068145,3.045991640287013,3.238245458058781,4.28462503082936,3.3946040409881073,3.525136626054789,3.219740571512568,4.023074302888872,5.188689516272307,5.39365279565076,6.508093035547444,10.67320822982881,10.740389189177625
11.023604830537305,11.181683127046945,11.68248146575148,11.988301840517087,12.188563571131724,12.264163978273425,12.745830476031816,10.344511771908774,6.329945430065776,3.1693883714520488,2.3936719987630073,-0.5937266714824875,8.752505680129378,7.019691153864451,-0.14104883394799766,4.65467200473468,3.312633970693205,5.7990516654509365,5.710070828160446,4.816959378517758,5.474278151432252,3.102378598522793,3.654518723710013,3.5115229928450504,3.401269044836352,4.015833511966459,4.150927182108386,3.933666943849212,4.745636588732382,4.717287891095641,6.06200689550589,10.551359699614814,11.13436303368954,11.356240147059555
10.600504623896553,10.780982464872885,10.964253784879975,11.091462005107497,11.306386141345186,11.966734933569136,11.518448987757246,7.589787694434063,9.64177932773184,-2.155878809064981,12.193695852202897,-0.04223439585363349,3.178739375247283,11.352727054211897,4.252121405539979,3.3502158260184878,1.4330128550641799,2.447410549257365,6.250250704105662,2.7587357803679007,4.3163822205765445,5.040227252584141,4.816998266224001,3.128827372356759,3.530970918016167,2.922298443045537,4.466357971610259,4.218216127676437,4.340329631658562,7.21323310232575,9.846411976350542,11.980621897680464,11.406137006291727,12.489196116632936
9.919587871479013,10.307701105092411,10.565131599840182,10.352341952875417,10.671646191488662,5.496097588953442,4.691453412934172,1.6302678576189606,-2.3953402324111592,4.500373118814098,5.429343851264087,11.667054274027471,7.75414120125712,3.524872358510309,4.4380612894760505,-0.4659377208518131,2.6745533824725776,6.123535330974149,2.8034699708449557,4.466202645526498,3.78340113429244,3.9489270243756915,2.9118292985171124,3.611174604382513,2.6116537022656807,3.3725800964253287,4.05427665998937,3.5200703470150936,4.137552087635857,5.898198613198379,12.777229037065897,13.00464618631987,12.549639654486922,12.952395769862171
9.019687055879965,10.05361166003686,9.693864265163025,9.894639397411437,7.0304127724745635,4.274495774453828,1.4730051373801785,3.655026377316663,4.9946727968448785,11.283196975848433,11.146258880349826,9.716502392240574,1.7678434818841728,9.933461796000033,2.8386015036468284,5.338365414131297,0.5375169780692849,2.9169347826828576,4.459509484457269,2.094363431731446,3.0849769044442166,3.4016923287898146,3.619354272501822,3.452889194344961,3.6864017901196586,3.355254968070074,4.117464800222469,4.054358950228385,5.086940369620186,9.376286492226981,12.377164780013388,13.523262191803957,13.894180622527381,14.179123461102794
8.204386637271954,9.704937763214652,9.444749625300867,9.584123431023595,6.638473054470736,8.233631908224934,10.02828182793113,-0.593598388305328,0.31832843366267355,6.0766815500276605,11.86583447612928,11.851089970842853,0.31094178550592,-1.2502191817459407,3.5053017887610673,4.007239318518584,2.776382248913119,1.066358148760031,3.424775882987129,3.7520690303822875,2.589904845578433,5.432462259753968,3.7363452124429872,3.8200198537852175,3.2050425158500846,3.8135710857116933,3.725216189167144,4.106329479353374,4.571466104059573,10.470373331588142,11.840494304760998,13.277615566262384,13.943151978668144,14.360586305356543
8.329811247520563,9.065403213133509,9.474553168059332,9.316934633226996,6.954779208221052,3.9526803010067613,2.8382627769076043,11.40126878147676,4.599016488137078,6.593381976761896,5.244855528190626,12.340352030322261,7.79512153728728,1.9962458827214191,0.5302796050708036,4.387466527556179,1.514403836433127,2.60956269135825,1.675326029117341,2.0471872915398386,3.164980273555718,2.8766788642559367,3.158700967955455,4.154230489235218,3.425684878471858,3.8679559524681166,3.6695168419689237,3.904548064105138,4.18562465296028,10.287376141393008,11.334010684529169,12.812826407077491,13.83324903944802,13.41340803345271
8.51481186334336,8.799415849966037,9.197629722172964,8.471076817032714,4.025364950339648,2.567970130257931,6.244809221456723,0.9158538384221767,1.9318207804142864,6.754361666987259,10.506033324755142,16.04924981401325,6.429260102506383,6.664522970555838,-1.1906704404192732,0.3142577451858533,2.9247951658388547,0.22962838882949205,2.870477447361573,1.833746217268596,3.7323585806574755,3.9051933018888385,2.5850719477846194,2.986872122162674,3.1419533305106464,3.539868680526665,4.341889894925346,4.47676175729971,4.2562521707513135,9.387889374771275,10.764475267322801,12.10411173577035,12.862251949512487,12.938622771262505
8.725525302365119,8.198402238052335,8.412461404216835,8.068363010787156,3.241237055730731,3.060305924673289,8.270062400790126,4.696869992678959,-0.4863345211280381,6.731967544344349,11.11627316959148,14.826418406637536,3.9003946934701914,2.62359885351874,3.4314635864104868,-1.6800290389253811,1.5964753217761751,-0.46360442492459275,2.694008532602355,2.514527880326441,3.094951162858469,4.722383523081659,2.7959978342128196,3.1637125191532878,3.698734284845863,3.234657992998232,3.755552516822418,4.3826122266891625,4.474671874788207,9.590388057789715,10.75607335038115,11.873073936579605,12.307275812774916,12.499996375867479
8.013497858148234,9.060546145961165,8.362492064595708,8.129944912577082,3.297834640663301,3.7712228501225606,5.545725640362119,1.9615635677336363,10.988658534010487,13.851721170557079,6.769488409339775,6.911177631384695,2.2814556167097897,4.92631214234148,3.678302477132267,3.5814605819611884,3.456841375738127,1.5630822622616805,2.3403860789645585,2.2921298964893397,2.5370576476487403,2.4790901623941743,2.5951038522441747,3.0764589707308407,3.195501215440957,3.3215466046686872,4.021841637316499,4.604059037808295,3.921528801206784,8.148792874064531,9.966486683379348,11.486948100836246,12.466027195437375,12.426440131624073
7.737779730083143,8.153340380624819,7.9343825291762355,7.630489879249134,4.758336472202582,2.0140363164392365,7.31729922096306,3.0268537795065065,5.340303019286552,12.454568794956755,6.941953158874193,5.452461459429286,6.224933181001751,3.709137432234328,2.814225620836654,2.113985529114944,2.4013360721216315,0.8948538639316216,-0.8361385548526705,1.9172588353088413,1.7751888423489885,2.8734507836578573,2.2396601736709694,2.7243911797262785,3.2280481297567807,3.1970466154085657,3.5065346636990045,5.230551500945194,3.5482622912078616,3.662078344778188,5.23825186622465,10.651370321978925,11.56874828592495,12.11841465594515
7.4901525214247675,6.656913109266612,7.418510480811361,7.335300015567409,3.4653293485414998,2.355448428294986,0.1403071902306453,10.21195021213865,9.384275773649543,9.36036999510768,9.817867438180114,10.429128214886926,4.099577271485623,11.337613013206118,2.4330124698295,3.0749762870585124,2.6069287027060475,0.14124939537652242,1.4276944020618096,1.1981728952883057,1.6518610604777775,1.752744888522728,2.535186616987085,2.5043284041645357,3.156785596577816,2.401978455574603,3.7567787880148815,3.9597132779783335,3.34304565653071,3.22378761969623,2.9979811367330886,3.1915195865515273,10.863497319692222,6.274785957024341
6.901979265465293,6.171585774847484,7.260631850402716,7.641527276971802,8.023023895758657,2.3773388295522757,1.6058053175126985,1.150755492952527,8.052876339476468,7.513602905540973,7.674423096154116,8.853068900754868,5.433505089369112,2.0586291874764826,2.2966210373911737,1.7647695534754655,3.176578598826033,1.7105794846800073,1.842336493491334,1.5068420710792785,1.9400072844760796,1.8100255306643356,2.3965874506853497,2.139074016623185,2.5340492340053333,2.75409688764035,2.765148556866132,3.422692503825384,2.9151873987806884,4.021131518770131,3.8905845521581983,2.978958275507488,7.85758791190141,10.810661258034502
6.466094544764819,7.124631021718413,6.97671672844903,7.553379365000785,7.237638057067805,4.297004517815633,3.7243869307828357,2.5952636522872816,7.285484648499954,3.991978182357591,7.5033441656287465,7.704441590183983,-0.7049680089333019,1.426394774714904,2.131156537907209,2.6233501165099162,1.8075147799802938,2.3472164309681975,2.30109527636206,1.6028216395886465,1.961001334646682,1.5273503177655248,2.213711113716916,2.5260944428378562,2.4093917790874273,2.530368371918712,2.55186145585413,3.63277874335276,4.459222879209631,4.27716857522028,3.471688917160208,3.798887660404007,3.298086315399891,8.97075384983484
6.346169271756107,7.391221405844225,7.464054684291615,7.031657455207238,7.507773368653119,2.4092370241692707,1.6759858074822533,3.2591997740312193,8.625912461092977,7.820643815154285,1.9109386984681256,5.4587613295650215,1.8289485650629698,1.5942888263791681,1.7411823897212222,2.066729304854363,2.0467740214232424,2.2853272408499663,2.4673873182695933,3.005858727554917,1.7932836945215975,1.900216663433534,2.253849741016475,2.4740162820460014,2.668927189627126,3.1259196729617273,3.577252056939662,5.798568457581051,3.4827930337648536,4.026828351523359,3.8963997130979653,4.562463309766113,7.559885668906996,7.579813084339396
6.314204116748997,7.092350558341783,7.205471860276128,7.463452488263151,7.211473712217574,4.169756765565348,2.284608119700074,4.91279379283833,8.507539624673475,3.5997685659852445,1.9014315227578023,0.44090509687734547,3.486764071546336,1.8696032080379277,2.1293620488425513,3.887416818866404,2.5405889219126303,2.4021894646749846,2.3876686613362867,2.349548347862687,2.45144002880319,2.22144344524895,2.85815578494851,2.324852437952094,3.615303243179337,3.357136750396574,5.408116455859283,4.008312307399527,3.086404282986175,3.4309788162343504,4.529574631713062,3.1403941450709794,7.946186318389057,8.098595905411239
6.739995289184072,7.714817258146921,6.883619751642455,7.588535109469801,7.445853719870011,6.739919668548831,3.105996152811612,7.290665368655111,9.188032420373014,4.28422041809678,1.9737244571121286,1.944045569773891,1.7091890705237522,2.3606352888778726,2.4801868482747906,7.775995265923465,6.152062866440433,2.380572665834129,2.4577975047454506,2.573653650136572,3.351108070357122,2.624430558365113,2.045579685221671,2.2042885681401745,2.542715853039638,2.785765619971788,3.9036944413797268,3.7729260681024437,2.5952509182809984,3.5410445920135345,3.7249799687857315,6.7184489115330335,8.968531660400332,8.750383028029644
