script/wind10m.json
{"header": {"parameterCategory": 2, "parameterNumber": 3, "lo1": 3.000054539987559, "la1": 64.9999836372058, "dx": 0.5, "dy": 0.25, "nx": 34, "ny": 52, "refTime": "2024-11-10T07:00:00.000Z"}, "data":
[rows 25 to 49 of 52, columns 0 to 33 of 34]
8.053796889620807,7.6353153007415635,8.216899561723663,6.454466325999418,5.9849818328296,3.0824813222632454,0.6467561762296898,0.8172860327914785,-0.04139770930007662,-1.0838472342710626,-1.3490875694921642,-0.9235316961369724,-1.4982553566558907,-6.792798477596485,-1.3372720168126417,1.024355685885463,2.4106312326089743,0.5473859116445798,0.6885759703729667,1.780509544315325,3.895241993772648,3.9392356818887264,0.8797823893735582,1.4128359915066406,0.7620383089938807,0.5184557514085357,0.3140298284073921,0.07718897063141404,-0.06086505575409172,0.7787120780849407,-1.4865266234049197,-0.9640719289563652,-0.15692610119999928,2.2136795097807047
7.758453679135371,7.326612180780619,8.24701808777539,8.238896138174939,7.345657157327407,6.069536787477743,1.1076459676979022,-0.21219440337816167,0.6570041556103559,-0.9235783105995753,-1.1946777381909806,-1.469554891705264,-5.969194472599815,1.9024192180799215,5.849983666002921,5.153975935063442,3.390387356028306,0.6643283110071669,0.7619181323750042,4.221416690394632,1.903806737506691,1.374556111594253,0.7970472671039077,4.033152806048063,1.0172611736654968,0.49205582737447773,0.5419351989801792,-0.15218338819268543,0.28356851492953067,2.990721175957083,3.239485117029927,2.8214709180298905,1.9501192417428166,0.9066789152130676
7.475404621039387,7.231372106057948,6.881102687753259,7.373001413286574,8.355698344051937,6.89214532055187,5.943058078408655,-0.5005279897397511,0.25278567668732793,-1.0216918894827918,-0.9672873938246342,-5.583484046281774,0.38316773760069606,3.120404848841903,4.704471172823534,4.692390476421806,5.954048348007883,0.8993552075040894,1.0369696868023095,0.9818056600867904,1.7853420416966426,1.2593780268765444,0.9983102384630695,4.710442393284785,0.15395485715053758,0.34739938414314986,0.2949524897706452,-0.1544602322665743,3.478455349666643,4.427681110834002,3.907076183142418,3.876088124070678,1.1861805477314113,1.9011112420638496
6.548996333038526,6.787767462098027,6.656604736127919,6.294609009122045,6.2544573600427125,7.010262580190473,6.115277807290418,5.905423896378016,2.25010466228041,-0.23364471626776162,3.393739462041244,1.5926133056822869,2.6733734788331924,3.7713292410569483,4.329666250999258,5.099018123819427,4.910211849175643,2.552049769112287,1.2442892826739589,1.536373243848345,1.4388997835574893,1.431079667259822,1.7737162127341521,1.7795551788552222,1.3042948361597608,1.1075281647484714,0.6651901681708267,-0.5549457967829666,4.17380389814676,4.275714449630564,4.299861407994096,3.511568431440593,3.2756132503302644,4.882521997188644
6.443776705207613,6.614112233948344,6.0707202519726895,5.886791525695207,5.512963141794311,4.313837664012849,5.334287569188286,5.250889629631384,5.54157902721448,4.252980621450843,2.641414422634008,0.32757676441567385,1.8676710706106967,2.4356735548347164,4.392790733052511,3.6461095010490396,5.585295966797727,3.389150989600043,1.6065502393675082,1.243895060367884,1.5466068446701813,1.5735995614233589,1.621557125449931,1.5978620264989822,1.8537303601297037,1.6425295268908513,1.0872203177960191,0.9645620428885057,4.13407058753789,4.123591740788592,4.292733117481554,0.23757773016954514,4.456362267138566,3.7717509180607562
4.365143651654958,6.287712690891123,4.821296913029784,4.562642700980936,4.525209771747902,3.6930700263397367,3.4785906227260117,3.276159453263752,3.8091092813997003,4.5022759817983316,3.621714909677731,2.378303114674343,3.350676804886882,3.5155854682883825,1.3064573131789041,4.623633128898005,5.337823180413028,5.231760653282282,0.6110808376017829,0.4655414502501653,0.9246271927949837,1.2446363938861194,1.5341312251330594,1.6394219539255792,1.6483855261675096,1.5948434158707019,0.31822689064545456,-0.22623156299575647,3.689221816286475,3.6777630350115618,2.2962147141867457,0.4636911794038111,4.295133440862907,5.091548682936005
4.287708862940326,3.6285349517428274,1.3201456289554934,5.772818652212824,4.092413024730485,3.568760504433642,2.806363954384412,2.918161947003773,2.7689119380047256,1.8978665690894871,5.021247393894033,3.131645010121868,5.042863207511849,4.177377791186056,2.2251363524039456,3.8193434013096397,2.5052885497191975,5.996799715693251,3.1599230915746697,0.492958003739203,0.930299313312677,1.2610053645809325,1.241173804000959,1.311440708108084,1.2416597689635973,1.1047555631080686,0.2146666377951137,2.7867805278188835,0.6887301547395597,3.6754022101920576,2.124006173223634,0.8293890589173084,2.840881790536698,3.5393187308715923
4.484076393237409,4.460990887804197,3.729793737088584,4.676734072186863,5.768812722044879,3.8850161412809436,2.596646446059053,2.449459769897977,4.786753094290515,3.6849998223386873,3.466277732074153,0.42394115071542493,0.8271171333643597,1.7699562863679428,2.480031194436182,5.742139657650504,5.4372523799444545,6.12134288626415,6.144446549121937,0.9773954472618919,1.021887425182647,1.1571308755631846,1.5064921709172756,1.32792945629537,1.0447337926156284,1.1343257831572338,0.40669838710189515,1.5185728530671598,3.5128364428201255,3.60356224945757,3.1879116678314503,3.6494686755366157,4.031237864150507,3.502711063407079
4.846379272060094,4.222030189664368,3.2552417497060295,5.894582476725539,6.557130865889282,4.9242634306113064,4.358364976341651,4.863594914614152,4.469042375211935,4.371487016425101,3.2287858657350426,2.2141717815724897,1.6061082057951042,2.2453540078062013,1.3721090977229615,5.020320325531453,5.462581729633774,4.739823826831326,6.546180314249089,5.073308812807676,1.0024465369674618,1.0903937412428686,1.3340380014717406,1.1248267706362476,1.0009810053443433,0.8597684791075644,-0.498447390845455,0.17053962380448356,3.454269673764637,3.4351127564673045,4.186613557434574,3.83488563841277,4.091011399823293,4.053259290449696
3.0379608162707914,2.6583205990793433,2.551749415906178,5.024117435165869,6.544452932684507,5.6455666618621825,4.079626020223767,4.277417532096808,3.8290323852788015,4.251949405121687,2.2848802063815143,2.0744108523419804,-0.26750897353913894,-0.2391898901979782,0.025014867026748995,1.3306562314651051,6.067309204497323,5.572699077011607,5.630634647152296,4.3471031858137215,1.1996651791530029,0.9521134379566087,1.0883961433750273,1.02886267353944,1.116977967435896,0.5996238768441692,-0.5412941559251816,0.8403938588237202,3.8162112970386364,3.9053552097607893,4.200446810309735,4.519279658836425,4.1501258893600586,4.451479760538916
2.6001022382229206,3.3840354460218665,3.6058960878062005,4.016698539664769,6.434823731433692,5.334437269888383,5.589118678171762,5.354761705495744,6.410513939908874,4.549263981837613,3.586545476701612,0.022272947397878325,0.3148848795397876,-0.5770134775250081,-0.02943673774044556,1.7818176988120806,5.461059819629876,5.893582775440567,5.086303799577207,1.5960227408836638,1.7116372219535818,1.2779345954096406,0.3163581485793889,0.12027890113322352,-0.21571146107493813,-0.005486115017887268,1.4019064122510498,3.6151237714925597,3.7810272415486033,4.269954797209347,4.44598941689728,4.461087973182517,4.653640959838256,4.154687151916103
1.0663784554063989,1.0621331776510932,2.653749156637621,3.2333696506512295,5.185634951501182,5.143771124959008,4.731291530692927,4.5006463139131485,4.062234521383504,5.016260267697603,2.9794516139531164,0.19841794092603796,1.0435161900671297,1.152402363759907,0.5769754200873375,3.024563256812377,5.2195658584441915,5.231802900138436,2.59002837304792,2.8232820922926836,1.6074469732286476,1.435357911606579,1.2196808982785268,3.3282341186728956,2.642556699145448,1.9681066530522635,2.5018234625976428,3.81548284007843,3.9363816574109904,4.75423505535655,5.21202188895845,4.913574634311195,4.401964480711343,4.677817237517803
-1.0668937074936797,0.9567961315494268,3.1168941715743848,3.4762300520649454,3.587232684090193,4.469416690926044,4.32939631842973,3.9770616097324347,4.46733474185226,4.277380326226568,3.449346235875392,1.8419790351490506,2.059327609614171,0.8955830049495749,2.459049007299115,4.1225667297736,2.5219683796017796,2.2711354207012864,2.9590526373965025,2.8860618978144172,0.8045435890236013,1.0543725805672566,1.3288322180678802,2.8758159917802097,3.0564792789469526,2.444767183217427,2.6295063085879913,3.2443717704381414,3.743639957704883,5.265539222087823,5.491582376642601,5.1119694961637885,4.8058131000331406,4.643365242066782
-0.4130697130823919,-2.072102926388561,2.319082447826442,3.4681116322022896,2.745469674462665,3.695538587286506,4.050627461898344,4.913549245141415,5.613230928606414,4.992037119666061,3.796733074080081,1.2551343320680508,0.9977667778670904,1.1848966409924293,1.1115870103171706,3.228340727606597,3.3722974761844897,0.9131091691472926,0.9404716012169966,6.089740491397513,1.6439725260093347,0.7444032179422818,0.7020135652846977,3.450863022664187,2.842085002025839,2.628769143055792,2.7670035096294217,3.2386018711916806,3.5571881900255398,4.108349433526602,5.651522872708709,5.698284133899924,4.932260048108442,4.250424161461334
-1.0494106579616,-0.43848990851199954,0.19732823612043554,-0.9922101667006683,4.110666974355666,3.2333838049619223,4.1518927540136925,4.567582101304767,4.749930879264059,4.951866201322855,4.44548138052679,4.3709017962513865,1.3699927782604178,1.6595338382931974,1.0728986822792645,0.9371178550556228,3.7789477434888856,-0.2772561640639726,1.6534465192763341,5.623580993019068,5.85367156377348,4.349836665243044,2.9936855665639466,2.142128583816245,2.9054113384279994,2.7266625122542667,3.0424065181971307,3.262455185513337,3.6895722120731653,4.014911288540105,5.214804673890846,5.901626006378287,5.226614461247808,4.777425125085548
-0.768399341465424,-0.1413449627826377,0.12920136671047058,-1.5024397649921772,5.362501276479917,3.0053155452381195,4.829043145691287,4.5947447420194445,4.129216358085902,5.983347377270542,6.297744805813655,4.214580191976917,1.4880540939563704,1.196841684139504,0.8856233312515633,2.030724639258617,3.9044516030634058,2.8151082362907016,1.5503283395858973,2.66917440643657,5.391337398522975,4.944787823533659,3.490756304376564,3.003117282007621,1.9164923722688036,3.3037897852865514,2.9943785353294636,3.669598837470145,3.6071447143384425,4.1507068437557555,4.414254003212846,6.241786845289346,5.809496153066519,5.351096074056887
-1.3807246858019562,0.519574032620407,-0.4097056497936014,-0.15158804720545913,2.506979065454974,1.131522507251939,6.675985433160499,5.676101528711897,4.353007735414542,5.773255556366532,6.286529032753661,3.2189384457044468,1.2967039079158444,1.51530744496038,0.6486793660214323,2.4458834201255346,3.8511964401384144,0.6222537374990074,2.5147999693731737,4.395042105196863,4.730565947206659,4.717950984491066,4.184202128874619,3.141884365708531,3.2165547679102007,3.702995256702174,3.425966093373546,3.534437157820305,3.5448934633438465,2.1018029561328517,2.13220568062507,5.856537745504006,6.159086633710484,5.593457894852344
-1.4002035916422184,-0.27173468075420026,0.26175421138356336,-0.8324878846266349,0.3777665783326721,7.941092237452083,7.7664247348387825,7.242699308576903,6.3371912366442125,6.383689130101861,7.455765940929687,5.231272726252535,1.1939192215616545,-0.02601430359736122,0.746057405209591,1.5248367633811397,2.133562054961206,3.162181718800311,4.417616107205018,3.659573260921428,4.261090738972669,2.7543947251119705,4.498393454358069,3.5560781434511957,3.1127982328432005,3.6917309203629993,4.027950102436197,1.824901615258134,1.8248326180847296,2.250307113027181,1.9087456072962303,2.4562498953595306,5.876337223126027,4.949899562847733
-0.6176607027987548,-1.9424794327778239,0.6105893129779011,0.25487434670095344,-0.46684290713836935,7.511173001899509,7.755302070403243,7.338976649244433,6.53993853325746,5.080129271709031,6.09399595305467,5.740890230986182,2.193642586902826,1.143621069138201,0.5277571353449775,-0.049818503286558506,-0.08277100756839202,3.566067109912059,4.894720406023226,2.0823245194945676,1.6060474686779467,3.6992775488643215,5.091928384308885,3.994645449151989,3.4675728779614063,3.643607738447361,2.843943814745615,2.0293182236626532,1.685452761302804,1.846035980028472,2.203953916378122,3.0134893011406163,2.532038028313489,2.7337992922355134
0.8992657024442423,-0.27554161141685807,0.3606316864064097,0.7667135403388673,-1.859627312285959,7.210205375065242,7.614076916314555,7.567743384786389,6.87088167315972,6.938112784080185,7.1681408956732575,5.178138745151044,0.7220241722071818,0.8596627844958481,0.7828806408832885,1.1335125843741973,2.4734786221218696,2.0681725381474063,1.2299524127661707,1.5210777424083812,1.4343314832563614,2.367752041377872,3.4130618045983367,3.2765105154341403,1.6998112650065444,2.4616048865233626,2.3366410723893734,1.8874038804390478,2.486993276621919,1.8412537779831448,1.6056116586136324,2.3837847147947664,2.920506506065124,2.7533890301506996
1.3471937785187609,-0.6208419183110745,-0.00789870903162526,-1.4822354196006118,-2.820656957148762,7.627384734733518,7.597619549340655,6.951005488739257,6.708595270044167,5.101642225678464,4.742779300386496,2.9365121113792805,0.6193985607011229,0.4850579973900663,0.43303595401946815,1.8359135914263878,2.020207522658594,1.5957115287502488,0.7718677897261004,1.1004352592476174,1.8062100596754618,1.8488722100449908,2.5078035209453082,3.677661871115294,2.0835621686082546,1.5789573822788632,2.357175883970389,1.8451093359373918,1.529337649840642,1.9976155086741452,1.481064460601632,1.6462038027021968,2.5804391720783344,1.8075929357848972
1.6810803907546772,0.9934894594822652,-1.540732362453509,-2.0129487034013587,-2.427979170088356,7.077254747594536,6.783868700166248,5.791022914736713,3.95339541220234,1.9017199250919161,2.6175424390724937,1.6748512186712938,1.2035574709013617,0.7968299529363924,1.028378531893684,0.7237555936661667,1.8989305461694754,1.090675652494294,1.0811600631374412,1.3604490912591158,1.5689605922533008,2.4609309112984783,1.599361577267415,1.2163208396217944,2.60361361358712,1.6562993716006729,1.5874868481563484,1.5264849023310338,1.9120311531816625,2.349920457770449,2.341668863784341,1.7784788556579818,2.6910593289015643,2.73126357233676
0.8804184260660494,-0.12473426684386443,-1.8947280603036625,-3.4350932970198014,4.187245258151559,4.128302578670806,2.5909228534200266,1.9065073991327774,1.9447210085709026,1.7113808154179995,1.022552378259377,2.1685381081682515,1.0332703738803377,1.1031345088904174,0.8287578429934115,-0.4168083474884138,0.9878052591751566,0.428131315671423,1.562494099010085,0.905057980853669,1.1840379903625757,1.2280890911716595,1.8966818472701696,1.1000283972466616,2.3759247350889603,1.4245740837051097,1.255450584946557,2.3373908056974657,2.318936015045435,1.9182208515265238,1.0896960479886415,2.563429343057321,2.4281128088858535,2.749790314104049
-0.22473959634689056,-0.5592673300408979,-2.4456611822192986,-0.9963987927499359,6.025840015855026,3.268034085662184,2.091619310018355,1.2287222856089586,2.628772747690743,1.0482218428144812,1.3002166694294186,1.1715907880349632,1.3981505451193088,0.5760975522670492,0.13477789964372097,1.2599600679379281,-0.43544811813497947,0.34587485991915473,1.283501642654564,1.165079558094828,1.2803477118575288,0.7470644587390192,1.730071501090024,1.344121842895665,1.6950811157083312,1.5071508435701377,1.0239591996588457,1.3852754151435334,1.5442666254409725,2.3254337678525085,1.8639309115980771,2.156892146007039,2.468721331666379,1.7518304910291111
-0.802650438069324,-0.7856238977668294,0.45892250779036264,0.1763448272414423,2.8338272326125464,5.009858531028957,2.2228545823792807,1.5512526971633884,1.158483016173408,0.3667402602724746,0.23871083170686677,0.7001536470016988,0.4100474692871022,0.1269834289586437,0.27568382425861937,-0.11303008340121715,0.10527352543754176,0.6641418949331978,0.7053758447386518,1.1085355583689276,1.1482257419517352,0.7298174650271011,0.9882622922572273,1.6688922670673318,1.5362063734431333,1.516505202135635,0.912403021131076,1.0345318611911791,1.7737285018973263,2.0782709774416857,2.0772435154928863,0.8123225116171181,0.11794852445103661,0.04518763470095209
