script/wind150m.json
{"header": {"parameterCategory": 2, "parameterNumber": 3, "lo1": 6.000198445256149, "la1": 58.999992894266676, "dx": 0.5, "dy": 0.25, "nx": 22, "ny": 24, "refTime": "2024-03-21T02:00:00.000Z"}, "data":
[rows 0 to 23 of 24, columns 0 to 21 of 22]
2.2077048266984733,-6.965241218909083,-12.791637175730543,2.700464944670661,8.837078838664715,-13.761471989229824,6.072642110773893,8.654939938056868,-9.222398972535016,-9.086611774083858,-1.5378460967371133,-1.914416395067281,-5.231606662912474,-3.112777805421941,-1.593723972820379,-1.0860186091051556,-0.6971242286142406,-5.109729904638725,-2.2541994480660486,-2.549011875243415,-4.118509903093977,-0.7682928890846935
8.5731150725378,-14.251910173624893,-8.662609295594661,-1.6507563027734717,-3.573158798936301,2.9285638426345373,3.0561109351743085,5.59563806114333,7.76389173563802,2.6322647713067395,7.6601100102024615,-4.380299086884761,-13.50274516296283,-13.443774648817941,-1.2696193360439778,-4.05613032255171,7.138528685950925,-4.291459911520414,7.104593290021623,-4.500035647835783,3.9262655544265694,0.9490793036804615
-5.300581909823331,-5.107824619495682,1.9474431939715153,0.7760149161739094,-7.708164726425778,8.616682108906788,-2.8052461555193298,-2.4990442704651663,-4.135561561088401,5.434897586964887,-6.367341271290125,-3.884102095423723,-0.09909165555469643,-3.3351678021133435,2.2385236948358056,0.5363581948512688,-11.271562273865452,-7.563807805281974,-7.886556188396216,-5.81706765743563,-1.6270117068730403,-0.5504140801230953
5.983928990175656,5.957506570671627,7.069416879389694,-4.02009287106425,-7.246486000746238,5.136297939751253,7.501768947481651,1.7862612318831357,3.4027288173511883,3.4612479388921975,5.190499433745981,5.504406508164537,7.920762640007044,7.574162470092609,-6.708692797283751,-1.4538135189288717,6.8097785771335735,-8.248087884926546,-8.837098786816162,-4.873622273092722,-1.5428454680654142,7.932997305270415
3.7621430903022817,3.344516470093428,-1.591663469196223,2.2385825999179154,3.5546348946313358,7.032544446891249,-1.6737278635314106,-0.7752383385238468,-0.5578276863486367,-9.097832511697645,-3.352559778405912,-2.6039507594583333,2.5403941689523633,8.751899829003115,-2.5014580997055083,2.3554601800237154,7.5625372100001105,-12.405950878102516,-6.036724439654908,-1.267712264496513,-1.6365457378314936,9.512112875383744
4.039451036025065,8.10701149552681,7.408023772582566,5.724040590414562,-13.490905376912481,-4.449555318336779,-2.701941055191241,-1.3875173840604706,-0.29035863891970065,5.5253749085766835,0.03457554055837265,-1.336116188149656,4.406208060584622,-0.6094712904608824,0.42504732004224766,1.9313130350799095,-0.09941109804815712,-7.447903928020622,5.199668177569902,1.2850459600069593,7.688280818038445,-0.4296588316098886
7.130472655592529,-15.060135599516853,-8.83116183816131,2.599305486909243,6.2316351338246,2.3010476840797427,-6.957632717251547,-6.54349999372126,-11.145875416376592,-5.155795741290065,4.603236396096152,-2.8232276025074365,-8.101209145560967,-0.08651379659623967,-11.424442506022581,-10.704559022891546,-0.9300646917976555,-14.143861912621501,4.35570129095231,-8.064854385307205,3.3847214641621983,-9.22795705746426
1.1199532647076689,-1.3555984425778478,10.367761112331127,0.06912990601799035,1.9294403333033843,-2.488381593051573,6.623576969038655,-3.306247325319129,-13.27228090558069,0.46894188965304023,-11.692351068251092,-7.105889089304958,3.4030936358153263,-2.59801058436425,-7.876474760906774,-7.014601691480003,6.145488827964605,-11.169371848044824,8.733348681842223,2.8781937808417113,-0.21802475892328918,-8.7922196902029
3.669517524403294,7.86322979614484,-3.9783591736408277,4.5644682030413835,3.064295296498998,-12.97363523817641,-8.603255487556876,-3.972408619050657,-11.126768654130586,-0.07514696976750215,5.867600519977048,-4.57034234986361,3.616807131737119,0.2508065738864693,-1.9851339338066947,-7.307206645550721,-13.99102811656554,-0.44282188776602216,-10.110828519738561,-12.599120093058259,1.3704723110495687,6.887483741585869
-3.143153523891314,5.711541696597911,3.0477099856520025,-6.512244321146836,3.879181177487399,-2.6186919451680986,-2.049356512881109,-0.7844080018482426,-0.8130663478835445,2.921581820012803,0.3790570133563531,-2.316552380327193,-0.30418443588044364,-3.2648597930999816,-1.4729663355058815,6.18594667447342,10.74226740581812,-4.256150787911638,-1.1763463795543418,-1.7638151491135032,5.171764682728093,-6.847001017712651
7.966141165568298,-0.9730199925682036,-7.462100661221465,-9.385505124230438,-2.2372696060238635,5.8050778690234575,8.601793515995254,7.537320821050891,-11.615865566608061,3.8498513583435003,-4.931920259082453,-8.252768024449114,-4.075690354105611,-8.768616995830728,-10.342779945121352,5.6709056439497925,3.6843032948379144,0.48998485168657147,8.61541378515873,-3.730263738547225,-2.955022283418992,-5.996982251603165
3.8627293426067792,-10.866402495474706,5.502763713173104,1.8615281045730567,8.855345855868997,-8.350594804752404,1.233821514264125,-1.1933547942814424,-6.081673929606311,-3.530918689200305,-5.958399767096866,-2.036757795406869,3.754806860997127,2.284346587450049,-1.669834020887799,-1.6579918072920659,-7.114616930032172,-1.5069690572664611,-12.599395012226305,-11.820450969108796,-11.615884042796292,1.173218254951065
0.5054434838531061,8.595903897187386,-8.547029682361647,-9.371120363755535,1.3294955496163487,-2.9108560012203837,-7.955876880751013,-5.843976148086515,-3.3964138670510233,-6.20278291100342,-1.737752042481245,10.257733863435693,-13.803550019594805,2.3049941226598074,-5.4984556310374195,-3.701280738322924,-3.0561319723981444,-10.116571486084581,-7.31746459568239,-8.222771988008065,8.874182713277186,1.8575611193188808
-8.649187991270308,-3.367406818813412,-7.902013880782743,10.35128705365297,1.1273621002418475,2.9292718433819833,-1.7913400330178488,-8.454398101799757,5.324852667957738,-9.457850218971355,-0.40151542632212117,1.9462090338475637,3.661026017421169,-7.874199321382391,-10.696585040168173,6.824058540016968,-6.479278799565438,-1.347693897559211,-13.236526730271214,-1.769992867961853,-1.4125193958306197,-0.5815654757441391
0.5880863960060931,-2.749438537553744,0.5228870031443299,0.059371113392852566,-1.9684958635384864,-7.204516523097194,-2.156760145511153,-8.646124968190113,5.034076362342238,-0.5463224572314653,-3.22830742962469,-8.942205102817459,-14.079807434695658,-12.878568326662126,2.136196145214433,-0.16244713825721618,2.179245198208899,7.217824480014998,-1.3272091279332754,-8.29716489581603,-8.824872659685816,5.751196450406908
-1.7623069230333457,-0.274019618044736,-5.292581753571638,-8.259029010528103,6.440088517117488,0.684690337306808,-0.9219871551437424,-5.1402451463613374,1.6727049124390176,3.594884678639802,1.0111283445266257,9.359544705550439,-1.9508448422818454,-9.081137345569246,-10.419727520770328,8.407715408828857,5.466885576973106,-11.410559744590907,2.069044637686663,-1.1859467334091365,-7.084880946693522,-1.5283418503098618
0.7098036017842404,4.827012526189713,2.723668490462435,-8.685805363528823,-2.758838315776522,-3.776443227896321,6.051868935311621,3.97702921578384,5.2069023359565865,-1.219234617807293,-3.234851872411302,-11.073028932940936,7.402361944377718,3.518146192957491,8.520681428621039,-3.1617380019093524,6.138666747379016,5.136158221000002,2.9449583800680643,-10.758851003429289,-1.7067626993259732,3.1893282453964953
0.7607871385959992,0.5387130149358186,-11.455730301613796,4.957602055439347,9.92430401354841,-1.0948075648420834,9.363845271243335,-9.74676700790123,-3.062801110491921,-6.704011723288117,-11.289329886880841,4.162481622306316,-11.773417076903748,-2.625295720278197,3.6429231318851736,0.5772845012353809,-1.9788498571923419,-1.6397110077435217,-2.012754211299627,3.073392937691744,-13.582605363548462,-7.80412717739401
3.7864195431007674,4.012938977962871,9.584171673660732,4.851571194198865,3.8235526667321786,4.87394248021251,-11.821237494992252,4.083334130191592,-3.1453492653226514,-7.411617451141874,-7.225763953351506,5.084789423273286,-1.1534871699710876,-8.428081291224549,5.988861056170095,-1.6269964290188395,-9.303570341345251,-8.13268227965774,-2.5333070471803425,6.12175822650089,3.41376830286021,-11.34116753255958
1.1756830490688228,-13.540840888473207,7.684281236020032,3.0736248974384313,-14.595834866992446,-3.6805140422633724,6.343873627640886,2.2237015497772687,-0.38713806066722695,4.410433407990502,2.001317770934037,-12.417281138230903,-3.6123573312459656,9.290576358515642,-4.706585186540704,0.18787759900305703,3.6196229379147304,-2.7441764013394088,6.595011638138531,3.1645274117985687,3.4743407423701784,-6.3898507900121135
9.996010896608546,-1.930313389209076,-6.22082716624935,6.862228294084174,-1.6570168607327027,-1.6290748531613783,-0.7918490838359741,-11.515428588696977,0.03841121081031612,-5.2766098713014795,-1.1822064567788884,-2.872701882233236,-8.246681490436751,-5.258037031742846,5.810853073373888,-9.596278131671646,-4.122133691873102,-1.7205399206127452,1.2101508948286483,0.6043839651936594,5.726299688984317,1.3117066805976565
-1.481225900967389,-0.6051937012368084,8.937224899822803,-1.934250003566537,-1.5797742297698194,3.394954550279571,-9.313240089636892,0.28965066581521043,-4.781169645510903,-5.803662167033641,6.6618447783841885,-5.915404967857463,-2.4637097284498775,1.296636238810324,-3.3746366646006782,-14.634352551312194,-11.875792405416732,-7.631256544777914,1.4895839135253104,-5.518917235667258,-7.722017182938411,8.81969514882565
6.621729732176722,-1.040338641409234,-2.3944000920388913,1.1135387194832935,-4.2347997789156135,-1.8851588924361875,-4.334526075106253,-4.094805009147168,-1.3807341807148026,-4.041555045198462,-2.7405359008307464,-7.248106180888255,-7.07929439837062,-2.1730874435636895,-9.095222669671225,2.3038267058761357,0.25428170327222577,8.01393110634048,-4.744546293480503,-10.699073037839907,-4.64542360551189,-6.04257351792325
2.28706338902764,10.848454983490658,-1.9521421029127415,3.960775773637966,-3.5115401185574724,-3.8687996796438475,6.930570669303806,-5.152867968376674,3.1946303332660526,-0.8763955200900596,0.9039061877977683,-1.1738171936744521,-4.243322310420303,-1.917499758416014,1.601168671135141,-3.5295875373491,1.779111676906489,-1.3171604276822373,0.12916041455206437,8.666260302084938,-14.248560527963827,-13.313366508450665
