script/wind100m.json
{"header": {"parameterCategory": 2, "parameterNumber": 2, "lo1": 6.000198445256149, "la1": 58.999992894266676, "dx": 0.5, "dy": 0.25, "nx": 22, "ny": 24, "refTime": "2024-03-16T20:00:00.000Z"}, "data":
[rows 0 to 23 of 24, columns 0 to 21 of 22]
-7.032752539364269,5.682599074196696,3.6782309106338222,8.382061378561671,8.132836501048605,8.407490288792456,-3.251928428834334,0.7447048037872923,8.482745846797432,11.357213421058272,-1.0127495142167668,17.22111784243276,5.360174682330173,16.127668787223243,-2.1446051449834713,8.727069626964383,10.261433527301591,15.098871662870227,8.547058315925854,12.016687942075492,14.96929207338433,10.195085749829206
-6.405269194900558,1.3226695237577313,6.9803263547893994,14.208979570661274,8.72247159869,6.828147251837715,9.787065089404116,10.222186815959654,9.169097136871438,5.181934469609156,7.627601864892204,-0.6425451428936518,0.9888076370136305,12.008761152110583,-1.2112828749632032,10.936972203874504,9.603708549126376,7.9823195745535545,-4.370352361984756,-0.9623289802364109,3.5825960312716574,6.669582783223332
1.22782311620885,-0.6561304360690752,7.850779721153489,9.683260775827067,7.8049089754820296,-9.800817962080556,12.295428789365598,-0.29349363089452285,13.097137672089458,9.600438971547609,12.269189128271186,-1.6432276018389946,15.87708019436401,10.281317247941333,-1.2696719329284913,5.383373782076961,12.927027578786818,-0.3565795988069908,7.889733062132634,11.080139913034895,6.101796049484415,16.712284402626146
-2.4944610018749547,-1.167646255631374,5.124552519706989,11.265072102000167,-0.5321299291332856,-3.7464877732824298,5.118181969312397,-5.218015223238425,7.665285936186084,5.109862590234386,6.2510146327033675,6.4375812058130135,7.123663236663101,-1.4679854384259425,14.513296865489929,5.639609938907675,7.1335088325758615,-0.7885214115622644,9.475068867224788,12.97793975725451,8.65350064504859,0.7575159763220929
-1.876248586978486,-6.62523853496741,9.36800456392081,-0.2583593430679047,7.412078035189858,4.860002082075436,15.760632125340775,16.430182471151976,8.505411855935986,16.82951029303919,14.756083826400417,11.469633202410172,-2.9356376574674163,-6.502424581849623,15.898497735618658,8.27190760948395,8.591508209136586,6.3461060433077465,14.44676334825392,-0.4733559948596756,9.547090511377789,10.525587441568195
-1.8178462605832255,10.783385531419105,8.416275201868952,-2.8598612914969537,4.707995638189966,10.118536748232446,11.826938341999641,-0.1128405659529954,5.307747769216219,4.7914597998029915,-1.136466120843153,-0.35908688160200314,0.19173540116800256,8.399172356597536,16.155822393211828,-2.0073500760657197,1.173143337132216,15.855097785641547,-9.260719393366346,8.70309745901095,7.841235265687891,3.0489167520795593
0.7988591166143943,0.6421025293015613,13.309653802681177,7.589636214301483,13.678236040709333,-2.0294456101312104,-1.1203435236476982,10.310190761451652,11.699854575554818,12.369978675951362,-3.572848683173408,8.372657915259687,9.919382338682246,11.60366119721521,10.373405310859967,12.664390994045467,-1.3236585803397185,9.684742926045509,7.85344809111228,16.76261377653993,3.983811325684462,16.28214487717993
-2.0065489761906816,-0.2961893787607231,8.462938514081797,1.1861211773899918,5.715058348689704,0.3587618061874882,7.037893402371415,11.712392020512619,4.638444842384801,9.815404834523942,14.212610174211418,12.156968232585404,5.425744838232231,16.51821213084061,11.42812861618257,2.0049841239647828,0.9826395190567555,8.853058790209877,7.522363294422318,0.15954164130495707,8.23381657829454,10.798174074308378
-0.07609930631454931,-0.7514165156290468,10.850072795562358,10.452773684586314,1.4441964224372879,9.114515512224209,11.02912191741769,2.997515239315184,7.244700666398317,-4.552547164333009,-6.680720095671794,6.3760040997315235,6.751475900116851,5.4675049456802665,15.477542481503823,5.987555615605356,1.5736192941126448,7.896772433151434,16.503874342094885,9.630452763231016,7.496099373858416,8.82830111898607
-0.7575606504815328,7.488657093893002,6.040896348677657,11.886302840559564,-1.8545652880805719,16.77255749051342,5.257988179634496,13.149804362687124,-0.6191476584616077,9.95850109907619,12.220894672599595,-1.8562634107124802,-0.8898475158302779,8.122461589165901,8.715782909292308,7.385958645895045,3.954323275971723,-0.9507138856900049,7.710708399919064,17.32692224659782,0.35524791040290443,6.9031982038941715
-8.23185402776366,11.513345120226905,6.44066167080055,16.657364408836017,5.748569749263198,-1.3911837833863412,7.201750705772108,-0.6360440600574245,9.799158049789023,2.7769433585102323,9.15378731382258,13.059718157427016,-1.0674010336219333,-0.8762901897174523,5.337994828950476,3.7968321506711313,9.9996122555684,2.382419149676461,-0.07874410452418229,9.414220487543373,17.386235614449976,10.418462747565
-1.4173093324527015,8.137371553793217,11.531871269315488,16.146570646067435,7.062625048089015,6.857329471536216,8.181659334458914,12.01722569878238,-2.4262461041111347,11.662143132096585,1.2727181150734432,7.496983849154274,9.272397813926569,-6.922697797868239,2.0940679370485853,10.764927965887063,12.104117919466386,7.1336516581012015,5.05944541984313,3.2262044805702828,-1.9983699967019901,7.202324895271846
0.16519291026565416,7.599450602869069,9.61055761709559,12.64936154732733,8.907614944270941,15.257947498561702,8.465802598114525,8.881346624684644,15.332989235823463,-2.0443817442115084,9.841078172790672,-1.8242111988440817,12.222040109249075,9.226387004324476,0.5449486379852989,8.721204423677323,16.980170202186738,17.056460105959214,10.072347022061443,15.384065819499465,8.025864863961422,11.931795092635204
-0.9902336584730639,9.229729368837006,16.965584583399476,7.341343256002113,9.359426155270073,8.45236328094562,7.982027103619068,13.253581705895567,-0.6360501266867469,17.03813470638832,10.979436579765826,8.5595107316879,-2.9285261314015094,13.092864272555111,1.117992410157785,8.914414372697223,15.252445706266123,15.82322559440192,7.938525296322253,16.406670506546295,9.484033442146858,9.893292557585625
0.01750446033864784,9.416450084984952,8.567495558863985,-1.1592396631381423,-0.2572809850861741,-2.9571042262502827,9.943945557063833,8.59586815888949,7.027888962814115,3.1325336054883643,1.0613482574381954,15.939532247150833,-0.7904467046839981,12.901802539326992,0.6801295394246252,9.538691974369005,13.761730594336141,-7.514897188191563,-2.030918098095543,-2.5911754814836168,-0.9176167128336957,10.902906806713311
-1.3004932515757184,8.89504337835691,14.259620320667048,3.7701949787381905,5.092804056711336,-0.5967027172707586,8.261664498579654,-0.6103268166506806,-0.5870212218101966,7.335867125097784,8.811235128243784,1.000761911355286,9.561039853177794,14.843864240960906,0.2970113488666769,8.174806737575754,7.655156482827109,1.8547573175162761,10.453935170264614,10.854233620317403,12.873178047579577,12.427639841532278
-3.198906544581369,10.155538418537832,6.11524627025957,7.678383428138818,12.762958630781572,11.400009647731025,10.629366110787348,13.416991095358716,7.8559215254298005,4.343196635686014,-1.0056716819319815,-1.6559191700352995,7.119075275099548,6.233078516961429,-7.5111681885252555,12.963499878565411,-7.364711678565127,-0.8061201915101013,10.819862245437875,8.86903928598567,-1.0224322367700354,10.6313257813292
-5.289776430482906,11.078461541905133,9.099235257118169,6.9363002117265316,10.187319345985953,-0.09794965161910325,8.004695929106797,-0.3113026593807625,-0.8062830916446401,-0.3688261455784105,8.123207583050181,7.804557788112016,14.742858412865528,13.314356393693238,-6.3675265092205455,12.199689353137696,10.072941524159528,9.457147863430984,9.0766056151344,-2.4143936544925735,9.721022711726574,16.822299071465046
-0.6468046441190175,9.603824846754925,-5.045943399082654,11.701897575564566,-1.7831986454011206,-1.2765336764817705,6.6767096076598,9.883437736635877,16.72857449623495,16.15715899228006,11.800340983276005,9.691503299730853,5.888702991160468,-1.3421699523527328,6.746851095881738,16.877681360999937,-1.4347221083761277,14.103516120151541,-0.35179290197779883,7.073006644893996,7.611846961156004,2.4663208080373766
-3.803136119719326,6.170083056315189,-0.3639857946056651,8.764170695333403,1.462416807987765,11.890871794552485,11.144080459517514,5.161307334491097,-2.3852922966511065,-2.621248597354058,-2.7782699933896997,1.0617939409124597,3.500721678770607,1.2177346093791472,12.229626740855503,15.40918931935538,1.8298122572029514,11.624916528962146,8.648431397891441,5.239363639783627,-0.860865236599197,11.080104153222798
1.0922371330206007,11.760078287865795,-2.7807120516431993,4.440668055653379,6.044080772773777,11.772024781235896,10.446262028034003,-0.25105362811150767,6.877844735126588,10.254172384348209,7.673664735937452,8.89513295156996,10.15899294421244,9.413358377805883,10.554713853848105,17.059482269870713,7.825395701964336,-2.9527355020141752,10.045326095640766,3.472709525999109,8.010691832451323,-0.017693309759858583
-2.3190224293109187,10.136807766884232,-3.280935329833448,8.737385144319889,10.600968502009357,0.992494356541837,11.82861312036643,8.774205026433982,0.27989522798002975,3.0127438328071228,10.668915381851118,15.200105588269249,15.622017234876513,9.562199542069726,16.487987562179526,9.475487465357862,7.364656843149067,0.8573427247002626,6.918412248173813,11.014208761462772,9.61391790601122,7.550304350565906
0.23613988416978582,10.304692250785177,10.244323870419134,-0.4625804588594176,10.459756366118263,9.312219533146385,15.759239198547291,-0.80487488150163,12.890417631873262,10.98498187605592,5.424872054274422,14.782434864831282,12.665837568959242,16.400445538008427,15.900258135849207,5.895685898669002,8.654787446790717,0.8577216356409222,-0.9750164236568486,13.287242856839582,7.20015320734219,5.17255347949369
2.3019674447057095,5.624551212422468,7.754626922223325,9.772783530601082,0.11222167417620098,11.856716117057335,-1.8364024401815555,15.674437223337803,0.2522957300227459,2.035297872215547,-0.38969578609079875,-0.8036207855590916,5.662012892789092,13.881804561570542,10.17409546440447,16.029703718839716,10.032178186184362,11.893382597601555,8.834885486917049,6.7208643551361185,7.768279905189106,9.419866726762242
