script/wind10m.json
{"header": {"parameterCategory": 2, "parameterNumber": 3, "lo1": 3.000054539987559, "la1": 64.9999836372058, "dx": 0.5, "dy": 0.25, "nx": 34, "ny": 52, "refTime": "2025-05-14T13:00:00.000Z"}, "data":
[rows 24 to 47 of 52, columns 0 to 33 of 34]
-14.471534042956467,-14.852452183106443,-15.10510837661122,-14.810214603589195,-13.733942955272619,-5.675873079541413,0.6739530161647701,-2.9357806314989867,-5.322758229776138,-2.6839821521240492,-1.8002510878304387,-1.5142638633904109,-1.3191885204313087,-1.502124598778658,-3.707126153801003,-10.085634844347895,-6.840702976118635,-3.4097172099106463,-2.9437187910912566,-3.296770557765892,-6.177652745484783,-4.272562578759911,-3.570099095667308,-3.1819038562013344,-3.415191165910689,-4.221467086598694,-4.644687532889434,-4.009580466637895,-3.59929051771039,-4.128897383650529,-3.9061583710388565,-6.142071034626858,-8.190036072463183,-12.57185770676218
-14.808381081384097,-15.169676120856781,-15.13910379652674,-14.428259116388402,-12.5353259148101,-7.303458463688429,-1.6926891658912455,-1.6321385719963533,-2.459469013969484,-2.0584140203855346,-1.3140413286387653,-0.36627476933547737,0.2156976683854267,2.9203899677555363,-2.118646040053161,-9.07783941845706,-11.466566970012412,-3.4965208877222724,-3.0876214689163897,-3.331237502369452,-2.98560663626859,-5.6351308083147975,-3.352506440538426,-3.0612631186754675,-2.957856556096082,-3.541082818170732,-3.5151974068873053,-3.471164067399442,-4.791527409715097,-5.332963102432378,-4.637689716932474,-3.321803650272886,-8.212496431753818,-12.625844984032318
-14.458127942243388,-14.733806172700985,-14.001017742537826,-13.342015145236289,-11.624123912215822,-8.712633862057615,2.0809633039001163,0.3526399110085979,-0.0645092416415567,-1.256295117724546,1.0687120875352234,1.801545406679422,2.1447288565948335,1.0474521026019898,-5.268621310642171,-7.656771137011514,-11.025021287501252,-3.7655102786759254,-2.5639563513846175,-1.2843209639936375,-3.28465586604618,-4.232371847826111,-3.9058302130301428,-4.753614749933677,-3.9604816377110317,-3.5187038442023173,-3.6465927893891665,-4.180615952071298,-5.685800985388537,-2.7715616102522147,-5.4744036848595945,-2.8119256035044917,-6.86977410373973,-10.729838730476137
-13.252205613297237,-13.107316354426954,-12.843669885150401,-11.906963186479265,-9.620777613696964,-5.408006296970065,-0.2156468056517589,1.25967090718949,0.04249814247724025,1.627560888837565,2.8888191586955614,1.2250919934022382,0.9941950084433171,-1.6921686979612223,-6.233814287270321,-7.727368727907591,-10.212689590424498,-2.8280814786519732,-2.7183669186100627,-2.0419076232715123,-4.801299478121802,-4.048922857001564,-3.8672041499754073,-5.452849664167482,-2.803539015304387,-3.4186614106315,-2.9018671880915656,-3.539220891212429,-5.522075213399385,-2.855403877185743,-4.800633332654998,-4.000055412043953,-5.423865953842177,-10.127376686354127
-12.146050491872753,-11.783976596657999,-11.190847297378388,-10.354333797386133,-7.1404448975844765,-3.2357906912059056,-0.061781317082297726,0.7699877337870842,1.717393634591973,2.2166118488618483,2.1289059211872083,0.5299947826829289,-0.7728087273909576,-4.1178245698786755,-6.740002927168477,-8.474067302768871,-10.062115127112559,-7.108603740397954,-1.5314809451844702,-2.9408622600171896,-2.8839515089995515,-4.203840414903904,-3.2131448297825447,-2.5808296533717745,-3.144360733707463,-3.0895451656424187,-2.887011025777265,-3.139393566838149,-3.496665532915636,-1.9904663798566817,-3.842211659997054,-6.16862373535075,-6.413668119493758,-9.732705985605106
-11.555757502720251,-11.39064387449774,-10.673035626897473,-8.93792567751906,-6.382549265351416,-3.0366941491390027,-0.4497552929244999,1.8650819984385496,1.8427635906064452,1.2689221817275218,0.3686131337336406,-0.31416655487094697,-2.243480194861898,-6.2922372253962795,-9.204366775058233,-9.36339399358291,-9.986069880635938,-8.79525134979758,-3.127118072928102,-3.8286700070072732,-3.905022262982829,-3.701149304495886,-2.7295345500638657,-3.2160082976828193,-3.1493625118848403,-3.1339688232056315,-3.304202034036801,-2.6786732334327286,-3.7409118934860657,-3.225443517886665,-4.987574006041913,-4.975491695423951,-7.941329051926949,-10.323603474983406
-10.678760644826873,-10.464707049861381,-9.759735450404872,-8.468605097383277,-6.166966338072976,-3.393558977378479,0.28977794178256183,1.3618086113810521,1.1305018596155358,1.022954478958777,-0.38843279398983294,-1.1667542528798527,-4.684567241646413,-7.6215465681635814,-5.483225348956488,-8.677787473145923,-10.19224171775442,-7.406958725467362,-3.0591396487091953,-3.025371882568375,-3.506387555964833,-3.3991700451649396,-2.5981456959737685,-3.5390170290015823,-3.6085080042469433,-3.2393479768551874,-3.382627783695837,-1.0211059849423958,-5.590665128532636,-4.504699614822385,-7.019630217024063,-4.460660649447662,-9.216060318148626,-10.62878281450233
-11.096180896673008,-10.422383709580084,-9.437477363234123,-7.923970750558986,-5.540585427633184,-1.6661891803463316,0.8311483276371697,1.1106741822462813,0.5189824792242757,0.20192901474314537,-0.5110269278172574,-2.881659313238717,-6.8057335317199295,-9.5371345300342,-5.383373947105793,-5.8907523886078215,-4.947049886010949,-7.299643718124792,-8.563283744880188,-3.736509703470675,-2.9409300599745256,-2.8976459747547993,-2.7261799163341953,-3.313324757919599,-3.1779046763392764,-3.278141093363147,-3.1498192494365083,-3.647372377567531,-2.4650142466008824,-6.263296319113902,-9.630074714863227,-5.3540366092088885,-8.596971700393471,-10.307301726366779
-11.48699110439163,-10.659762599884472,-9.402803723109734,-7.865946743429204,-6.034164839181632,-2.2554401007746043,-1.9456949047792775,-1.309412624168717,-1.3936349164067263,-1.8361141543444925,-3.448854732657829,-2.522860630464027,-7.333764879541624,-5.739214306704195,-4.681470174071994,-9.481086214043161,-7.586411372890295,-10.140877303608294,-9.9812786088984,-3.8089358821583077,-3.0620865020637504,-2.7560613538706815,-3.815810964070375,-2.9383915395213833,-2.7912502939924932,-2.6764934463313006,-3.834391878832446,-4.121345894633313,-6.189047175245223,-7.713386983449187,-10.54731915571447,-8.522546768794012,-8.886982209831801,-10.559972619002087
-11.216764812501356,-10.658027410102806,-9.804659226455543,-7.973529632732287,-6.277780526966535,-3.7294450723284407,-3.3226094110809505,-3.69451339529015,-4.083910517919863,-5.91972743616845,-8.739569663484868,-6.212677428344558,-6.195488650293704,-5.119468800222603,-2.9470651047855876,-9.295609562169338,-9.870907987913336,-10.51656032175005,-9.987789126957297,-7.506831943488325,-3.100020548612132,-2.1617161861751932,-3.670799824177079,-3.0910520436464517,-3.4978672377807274,-2.4633657128834145,-2.140084106712768,-5.038700695181116,-7.689965452289622,-8.637767168924881,-12.446677001874258,-7.367770472399788,-10.363349525738984,-12.31675800312978
-11.277860878172202,-11.158280966500103,-10.30386227052579,-8.782992869916391,-6.100232326880254,-4.910543982307586,-4.9423903945693235,-5.440214083276696,-6.990913364494101,-8.587336825787597,-6.259808882869022,-5.010476327449148,-4.46789793679433,-4.2092357922506745,-3.829009891483254,-6.858070248453149,-9.682995993615263,-10.45839098660824,-10.970634950801502,-9.208078890112144,-4.859861815882377,-2.4123949271945135,-3.162497182051999,-0.39086801437755025,-1.0514321442150114,-1.9813208406721958,-2.9276395641186848,-2.3101141717349023,-7.000467409370469,-9.088794475402063,-11.773868961335715,-8.25140422851486,-10.771008566959564,-13.223346494950079
-10.471502116968397,-10.527695304684007,-10.650445374539377,-9.166603683521402,-7.082116965901251,-5.824142508684074,-5.341089208841294,-6.922481782651953,-7.956899658070902,-8.387826153262926,-6.029072625122922,-3.518739899530648,-4.715040252155556,-3.823935947608528,-4.298942551742713,-6.0271884260590465,-10.53257252403174,-10.703576438893617,-11.025139946762986,-6.580596396386892,-2.86713274616685,-2.5652502282554037,-0.5139080105204945,-0.5817084192169336,-1.1353611604907572,-2.150401420183485,-0.7415210757845734,-3.548613996937846,-6.3185679391929295,-8.882882356044849,-12.192747537358976,-8.222351922983016,-10.93358634773213,-12.807388865012667
-10.86098504341193,-10.813149344439424,-10.54662717629421,-9.541261323250273,-7.965332215277464,-6.75148934586388,-6.215767924849819,-7.4595347181300955,-8.673968804323907,-9.212627394936302,-5.771738920220801,-4.442949308137936,-3.1677584732374746,-3.3234839204812565,-5.572668203616191,-8.213888416022536,-11.096562555426006,-10.198772029311106,-5.717760140643196,-4.634939845909259,-3.82955155396692,-0.8711716733260192,2.0125597912312587,1.7589562295184114,-0.16110132536201557,-0.9204927247813196,-5.56524084109366,-5.931864166830904,-6.855130505887562,-9.430231635684915,-5.769268459984001,-8.23514931564627,-11.270696287926366,-12.788807442211874
-10.287932477050102,-10.50390859486468,-10.560351763316248,-9.719529340796024,-8.427326647954933,-7.02023808406795,-6.078432381456861,-6.952248238707145,-7.729307075334412,-8.601077203590421,-6.139325226907184,-3.6770107645698995,-4.128965134596142,-3.5026190822876604,-4.62537034143666,-7.572402897251957,-11.308044969384039,-6.658365236765357,-6.110374080810813,-4.868158835735387,-4.251776111764246,1.8943734806006138,0.5548227766978617,-0.6640944419815235,-2.0501776685699085,-2.8100247178649056,-3.9885765845901613,-6.2789410804890995,-8.577356892817894,-10.797302040399218,-8.584454233509849,-9.971023530673962,-11.75136605894246,-12.691959664154846
-9.793490613326432,-9.776417405019856,-9.740070315145367,-9.405505563032634,-8.746570153976819,-7.618835435241241,-6.417525756296847,-5.715899235333401,-5.420523129265976,-5.306464033979046,-4.616384376080853,-3.966416428396816,-2.9947566891558663,-3.0610385803964832,-5.304466311809376,-8.156731155694224,-9.231617583465404,-5.225486458411628,-5.525353257478065,-7.28624010506659,-4.82320901771992,2.1189335727175083,0.5773240996173155,0.2941973415109109,-2.1399448522511464,-3.9852694770482695,-5.49850871822006,-7.1309852564640686,-8.58754405575347,-8.726974928126374,-9.077346381245215,-10.158635798999313,-12.099872583447423,-12.715583140108961
-9.353936235230158,-9.244084587580746,-9.164168505433647,-9.120058573133734,-8.973251334487673,-8.086034905926544,-7.380611424825238,-6.168699792602378,-4.882596829276924,-4.755356437778877,-4.006540679002273,-3.5240369288311366,-3.011369663945595,-3.869551973248482,-4.980401736593906,-5.747575664905105,-9.755704310203038,-5.277646757805147,-5.502415329655906,-7.457238515864982,-1.949689964031846,0.1974962244990909,0.0527095503644102,-2.284155000368944,-2.1097704221359566,-4.6604208312011,-6.766593953106082,-7.602129930997607,-8.467946378527822,-9.59077050859597,-11.255364821139642,-11.85052459881082,-12.531075581857205,-12.989338775166205
-9.089840749183079,-8.91443365336251,-8.695959566334905,-8.525347400340468,-8.507380126439056,-8.256474154726837,-7.425805342537284,-6.687972308048708,-6.500391929702511,-5.75070270443234,-4.957540123670677,-4.249043423558845,-1.6534771389314178,-4.95114717328681,-6.088290767678436,-5.41325254371277,-10.54753209634162,-4.705836885638296,-4.568907817036874,-3.056587792100135,-5.519309035353027,1.299239510372396,1.0519306800770787,-2.880816603618349,-3.461391173997597,-5.819937364050192,-6.956201009742622,-7.288966467409352,-7.954161571976355,-9.224362314652076,-11.160464649926901,-12.579971848057584,-12.401047159402026,-12.676166967705027
-8.64193456825577,-8.705627873016496,-8.497326208563534,-8.154478238625718,-7.943546841144018,-8.116766076220598,-8.040106015140655,-7.32733565013353,-6.547508049687781,-5.899296442267006,-5.510738590221604,-3.4113616259473796,-1.4561865653004369,-2.3021627083225957,-4.78111105068498,-7.309425164069617,-8.141304564645154,-4.658352670506027,-3.29180279130619,-2.957874331409365,-1.2579725860645987,0.628244173454577,1.091510621494858,-1.729483867259673,-3.656220026840297,-4.524303293809685,-5.05079802335478,-5.364287685108719,-4.548490817400791,-3.183269656888143,-4.080412499321434,-7.225754876660807,-12.364693268850024,-13.052088555687169
-7.927739333089367,-7.921776448673136,-7.843403146875358,-7.418909184101102,-7.193657086148587,-7.238898182346784,-7.16353035717186,-7.286057079706444,-6.843967705610904,-6.491190510184193,-5.862601137313666,-5.192643474769609,-2.346008226272827,-1.7939812451094783,-1.8902597178580096,-1.96666015710037,-2.7045082589698146,-2.014778338859942,-0.910586331534597,1.0575951951758154,0.22094750915726,-2.358403885545973,-3.7823485863166635,-3.2342747246086114,-3.931920964868005,-4.409572742956812,-5.508053891443366,-3.4961683168423123,-3.3668524791384176,-4.268548799665365,-3.2815227843187684,-5.268238278612701,-11.507824608993467,-13.264263710247057
-7.609915611606566,-7.523992116072644,-7.441072465795621,-7.2234384630347,-6.610388013517794,-5.926701257403377,-5.868108796930713,-6.059981297016847,-6.345904309691212,-6.367921639827666,-5.770189275745891,-5.436284645554265,-3.4693534047274275,-1.9349258468465032,-2.179494718405213,-3.822732984678496,-3.26330865063609,-3.294232408998452,-0.29053649500089396,-1.9651743474987706,-1.599335859949302,-3.707172666726635,-3.673306907051289,-4.846444943833011,-5.299432654352019,-4.774148900022561,-5.523353915537142,-3.3669077558416993,-2.9627219017668165,-3.3755596998446618,-4.5740410454427405,-5.530367996754636,-6.576545142871855,-5.398932443751121
-7.41489931046367,-7.285991915287754,-6.923590312030612,-6.683672587430016,-6.570598527849867,-6.145460332698586,-5.443288146148451,-4.759554775276281,-4.115241701963516,-4.459361078512502,-4.665847213551033,-5.407619692322761,-3.1427789780925504,-2.9846324176591836,-1.905496873270295,-2.602986059951046,-3.1210456936467703,-4.688166425898687,-3.3260078877409085,-2.6280637731821956,-2.5663983155365653,-2.5529196676152495,-4.717244654629089,-4.446666988919747,-2.7673471927085505,-3.626583442515742,-3.589814529679725,-2.4070338865497747,-3.983253577697248,-3.4185111245263027,-2.8755330229662315,-4.306410523625279,-7.530667052161152,-4.44654070915459
-7.551925190381353,-7.448768721875627,-7.238072570246615,-6.7113824850114145,-6.312939703118636,-5.735759486309733,-5.420653232445195,-4.619855719019799,-3.8305442126757216,-3.232112890725669,-4.6705885217191465,-5.146115504622588,-4.368741291646427,-2.170269337651258,-1.1817286324803624,-3.1145367879770887,-3.140779088917263,-4.208949106987081,-4.067002961232903,-3.257067068640406,-3.0052595379409097,-2.3140316717582854,-2.641052886065637,-7.9175129798372,-3.038428565724057,-2.4719059466818063,-2.7229225961576495,-2.1024910417107954,-2.059168059844309,-2.8250236765874,-1.9994135371014214,-2.51097991149158,-3.667642846309133,-4.062068396336035
-7.56562085318673,-7.135513397523323,-6.997026145500213,-7.142892781907426,-6.686627923458893,-6.532970513121565,-6.099666274107138,-5.514742979905789,-4.744677240658996,-2.1754442476857627,-2.7486954704780513,-4.0931376702806395,-1.7611437534583863,-2.471003481805548,-2.2192403776338354,-2.16873382684941,-2.84908256685019,-2.916137845867873,-4.206145397896269,-2.851621145055471,-4.1287631370209406,-3.664930329014949,-2.1416002734933652,-2.7544006874541425,-3.9204181297659058,-3.173526683586714,-2.3013752652115667,-2.018501778770153,-2.763682710063175,-3.1406541768532508,-3.471793564819244,-2.7119966180511126,-3.1705723234766037,-3.6845976225621295
-7.009334589801972,-7.167274667432637,-7.324246859868718,-7.17251026280962,-6.539019780850507,-6.900266631516362,-4.490066116391111,-4.339644134148114,-4.604978117524506,-3.144313876999313,-2.1534142196886563,-3.171375262043011,-2.5889252835276997,-2.043378859486624,-2.054645220546656,-2.9625870719836414,-1.489069470638524,-2.248768448573676,-3.3814462201991313,-2.6726320428484174,-3.742001778063167,-4.282902958030143,-3.5845679023708445,-2.55038028775203,-3.141724498828089,-2.773043548905575,-2.337764257023003,-3.1962533075917885,-2.8475089202094184,-2.9490677309250257,-1.7464242196822632,-3.1984592939688152,-2.3028829484404643,-1.8142211857333455
