script/wind100m.json
{"header": {"parameterCategory": 2, "parameterNumber": 3, "lo1": 6.000198445256149, "la1": 58.999992894266676, "dx": 0.5, "dy": 0.25, "nx": 22, "ny": 24, "refTime": "2024-03-29T07:00:00.000Z"}, "data":
[rows 0 to 23 of 24, columns 0 to 21 of 22]
7.342353330678601,3.186935100309829,9.631940281187228,15.7669575802136,15.5147664311469,9.97976822778855,15.840796458089825,4.3611816315256515,6.985367465645905,5.421070278615799,5.003214631239868,9.126212281765815,2.3324180419201705,11.941320853581082,4.338014865745055,4.015755621890567,4.45439598855996,7.4139665031555975,7.753864318970003,7.002173675936404,12.21185987978639,9.324274020548188
6.273945305399901,9.42826638957777,2.0580645644606346,13.331167336490019,12.362384536763289,15.022349437846358,15.25772126532017,8.887460728397098,16.458734834968556,15.939378184401193,10.645180532926922,9.91525089950208,7.061677355875279,11.771027034229773,11.836623849730298,15.423358410383049,7.518812704384672,6.391650656169172,15.58390891429657,4.27413072477083,16.101088563015466,7.751264201084788
3.437823512870461,4.916623602721876,16.74427698498081,8.109796578266279,8.363315844772703,7.802505742163168,7.488640991804222,5.182898474873213,7.5606537644639165,8.029340241635271,4.994697200621584,15.109913161849352,12.449681376228808,3.658734417910618,4.126270333858919,4.572943077063795,10.65397209706005,6.127331631901795,4.805931960890797,5.376101310142209,11.105324206299086,12.872471610730287
14.954005518429563,12.10567324837355,11.996247688736458,6.61505629185745,7.276212601504754,15.929374084839388,10.009286541244737,15.919921224450366,14.0811639913603,15.471739956030369,15.446912457446809,11.72389850869291,16.802747717911124,12.075122044536277,8.031571464186557,3.2122272744158846,11.302173239292726,6.227500026205162,10.097382526442178,8.018024667520141,6.123923412562521,10.088460900730924
9.55634263034004,4.884886757404946,4.616263633933057,2.690567924623953,18.043514694763726,12.217785209968303,11.810172966430105,8.208835448725608,9.7965872715246,9.683637110352269,11.951547981735565,5.47770287504064,13.13871898264907,4.039876572087325,11.892289722803639,17.323427185430777,9.428321735504822,8.671180614933345,9.366809619033331,6.23431856219874,16.754361519796714,9.521365217673488
12.798679939950622,8.815229346562226,18.184462984873306,14.662989100538537,12.215581102198238,12.146533237527244,7.119210083491224,8.87342761490306,3.211378246946728,13.026103718610395,9.467609988135528,4.313197482135162,12.784576837552759,10.181871939776338,12.415101912130028,11.121178425389937,7.4011671183977015,10.194952930963687,5.967026627165207,11.8780050404144,11.260422179043973,9.29128526468437
3.6010464235126394,12.361030103760775,8.959923246825321,18.036509227623462,13.079056444822086,4.178430249838712,10.957158318546266,11.807634022374828,8.509112898354752,6.818167593085537,12.250786356455082,6.6949493591606695,6.913616412329892,9.599081310124866,13.13031741002198,12.847766860407202,4.157640807383106,8.430569689942564,18.363577887645818,12.878428815641069,14.295678951057228,12.603379954333816
11.34610870761116,8.902423166973279,9.262368521196777,9.421170464531233,11.700954293867442,2.8064444293858775,16.764978507057375,6.912851338611998,13.796273287887818,4.269976605592355,8.246593084021573,10.611144025269633,12.03457299981431,9.112140932301187,6.626904510340776,6.626901762537536,8.390437226464744,9.189606916066534,16.903868317083003,14.329348920632372,17.81918875278206,5.950927950040457
13.068532818646672,3.4566095244376926,5.2777071711678145,15.963617475351812,4.294760035301778,9.55507927282273,7.065722727719379,3.9265661193440082,10.036321470965714,4.7282592388809865,14.971118141412814,2.109156778224122,9.58842578183732,8.722800653598338,9.816142730182971,4.100346820762135,11.451776800183286,7.784062721051383,12.439087382842821,14.415933069388355,9.373688793410222,8.15691238914589
3.5157639369913736,15.553135851800606,15.923872119965296,7.317796722631393,14.470337081766882,12.847450858755906,3.239586910606274,10.630939532354732,12.572309945404584,16.096186197672317,7.734679947787213,14.206682486058583,5.229834663670094,14.956642145083766,19.124765670723818,16.965478581058914,8.859941303036972,4.20383093053176,9.178110314565336,9.149439960360288,11.834178705566387,10.743491211042752
6.7808556706717695,9.261575984346077,8.404234978000414,9.179618718554444,2.961143000600186,12.927123995096588,16.40227084231539,14.197943907458704,7.6462974886190525,15.53941744905936,4.393890044052982,8.594518495881143,5.625527619759415,10.18921830963486,1.9732775919810803,9.088493616477352,16.16968389756115,9.140177932305447,7.944827472052103,6.4509398858141145,9.311977202882296,8.509494390646664
7.662400100697068,9.188802587370903,9.513334775070225,12.700803694779685,16.504073713105296,12.820730339020278,10.324171033888215,11.900123958219176,12.28950407287294,5.628193371499868,3.2704532129503727,2.8008452620478255,8.095771807349006,5.545110968292432,4.101311924665094,3.989855088048546,10.781445662364574,9.263193095506754,11.58068702021505,6.647623604008102,9.18618201224599,13.6979717503122
9.033107464936252,15.85133319127824,14.087532295492194,7.976195773696956,13.58651799958861,8.30478755288313,5.352572199748683,6.490529914564325,8.848394105451368,6.347288882175966,9.397797082155897,14.401907195751184,10.418811742168977,8.391464433573223,6.1572790488991185,9.231387557602396,9.78065891649674,12.558340620198319,13.271531101911526,12.897540780466345,17.54946165658381,6.718152939709557
5.164060069083546,5.3980779311700635,8.970757451626646,8.894003642792025,6.358906706736495,12.714815980350838,15.361205283438222,9.471336495494668,11.72546582597547,12.968487388644405,4.481755604725942,9.290525083218762,15.750352689451299,7.165711700789559,10.59852014375555,18.080900453313262,7.8121083472528685,12.744848283386904,10.744134314385622,9.977234987259346,13.58468591638261,8.412274493286336
2.68167748684278,4.542790859339956,14.723025615638564,9.660003033712757,4.424340146248682,14.047424616587351,7.063377785782999,7.403980293586941,16.36771732036391,8.37048465204148,3.3388901599459686,9.783131522152209,12.657464664111991,12.531041545575372,11.218914530134379,14.65363130194227,8.564652285726902,5.199907460465329,6.598106319074701,3.5051823211681667,5.45870908902656,15.555232772399009
3.885879808015349,17.441083126376697,10.913010553946881,4.241596920935016,12.31436254244692,10.29500984847096,3.0553276532032427,2.814783357018146,7.018508804900071,10.58297911568626,16.832988540433785,9.28261159960665,5.024984288331051,9.265890202998701,9.472221670932695,17.929217040835418,11.195086459014684,11.650828032401714,16.425108769561643,7.239264514043733,11.341935093441581,12.31339552468409
3.90625261552893,13.66766159924084,13.243154988079656,3.4278344996071546,11.229711668017892,10.241119514495406,9.414769491678385,10.212581411917125,15.24045988455953,8.601318083570233,3.3465513001573233,14.226861494347025,14.367344939546873,16.268048397568805,7.445630305002091,4.753133079766368,6.671012012823281,9.264586381868012,14.960401611004066,5.524744742233076,4.242470989027135,14.71413921271016
5.079341622891397,8.96305494713291,8.104950311605306,15.530166589369715,8.314493006026417,13.145342426991684,10.623472751643359,7.056914274131459,4.011769349937894,5.302591155147187,8.903502729737303,8.069394044616475,12.457399773411478,11.985408262638517,8.226988996892322,11.61671434568776,6.408777066429706,4.490472642258796,8.552177609329016,14.31073078723165,9.716875614004174,12.46981760767697
12.80594048251523,16.20408410672049,12.219544645937496,9.133589971510656,4.309999865807454,12.427049048416409,9.055828430843453,14.774061337049638,9.564904795909415,9.457862116509313,9.612009938601783,16.3367423854507,3.41528403929517,3.71816618754363,9.878931189978802,10.517875241867863,5.82521480289481,13.12761535210878,3.7066024917955964,15.315646846641771,11.031153510021507,9.061169168442028
15.878771773321033,11.659790612092484,13.271156024250152,14.037254363782937,12.456565364828704,5.521307091158213,11.822032336401753,12.134870349165832,12.920393780415043,15.857288747325704,15.542841290365974,12.403312636275249,2.5159055553201592,5.0516494852900875,7.650287614070453,10.48600501666715,8.969878873286776,7.26768843096362,16.948004697859197,11.232472991575868,15.054359482750458,11.848035711358182
6.024530164672688,4.455981636371987,14.925456385204809,11.513512009434574,4.834548806513105,6.431353214626425,6.403353734687597,5.170556082614387,11.584307419842713,5.811552493604464,6.625418648679558,5.567727023955574,8.930680837302065,6.980423680926758,13.802218308975277,9.139796830568875,4.507315166487383,12.311393586983563,10.767984135806042,3.894810497606598,15.785615797528145,10.557792201932084
4.96125978192371,12.091008819035894,13.496000498428824,5.522690530172892,9.30945551502126,12.213126774861628,12.511175229268556,14.21423909364612,6.756949008156511,3.9083095008416193,9.876921834464705,9.274422883933793,10.12494522295256,8.184293076722632,8.983386264554703,8.796085472408466,9.32690080663246,3.968857424787932,11.482741614045189,4.599971709334401,6.3961229535536,16.242425297110028
8.943545620264196,4.197203685807055,5.367159950631982,11.623502723371699,6.14907145110448,4.062190251177996,8.655808863659475,6.062199530027005,12.155894380912034,7.595046032770627,13.434875067509816,8.065413680071005,11.337205961378752,8.565277751413394,13.40341628835509,13.650333122202923,17.029531519082575,10.202303463682464,4.208407956731517,7.440867155140531,2.9382058954643218,3.2148794679104715
14.781155892422252,10.846199196940956,9.196739957891797,14.280826164004612,3.6858224094092744,5.842041051453552,12.012256253142935,9.854562375834485,11.984783492458796,8.74349053072376,5.895136366832449,5.039531389504254,5.160369828636022,5.534791998714902,9.134839389657959,10.550280688733714,14.827646835919925,8.082736007589011,17.021804728118415,15.728618474549554,10.520060288183462,8.399153979368988
