script/wind10m.json
{"header": {"parameterCategory": 2, "parameterNumber": 3, "lo1": 6.000027932988019, "la1": 58.9999434238085, "dx": 0.5, "dy": 0.25, "nx": 22, "ny": 24, "refTime": "2024-10-24T17:00:00.000Z"}, "data":
[rows 0 to 23 of 24, columns 0 to 21 of 22]
3.068161653302849,12.29164005050917,6.305788871717649,2.614464494015529,2.3624457515278507,1.4000092740449654,1.3888399541573888,1.7544872215482528,5.331384027202577,8.663174169123103,6.725373742707151,2.0221306848229803,1.4464817315312517,1.5101822693530822,7.0605187480220994,6.706197932339694,3.184944531555757,1.6785578408372857,1.7002002828275733,1.2120271500085857,1.426435243913447,1.7384724290684883
5.801952486256042,4.650082328201825,3.5492885643083953,2.16902191518123,2.33957967659638,2.23069180241162,2.2510542796009325,8.800395121493043,8.183279089041745,6.580011347215745,5.7775757957555935,2.12307594248581,2.00214190888239,1.8584613508226842,5.693933512175454,5.738373732761452,1.718210124071696,1.5213434007624167,1.7628185406646162,1.3599350337915108,1.0817649303763333,1.4405916912954688
3.074061847849373,2.216383100139641,2.4559522337058293,1.7943654026834914,1.7163848054488786,2.1575818759827365,8.096258509269733,8.190988386838162,5.499835037563488,6.6577507635968045,7.530168846269608,2.232290166842555,1.7035171892405416,4.97112367045484,3.046414201685187,2.577437641459882,1.4247366135742845,2.2239530388629705,2.0180027626050867,1.3469379308216947,1.630964405287305,1.9016346172918546
6.805110994035089,3.408058488678435,2.17840091783701,1.8875085637954832,1.8096914720778834,6.266127112654475,7.240364642472713,5.240340707492631,7.083234477722766,6.61084964459909,4.863427206910841,3.186330802177251,2.18681117494704,2.2237389374673118,4.112250500647246,2.2819106272443617,2.2485841870201493,4.91399536842,1.696902156691513,1.4563131409184946,1.1748944941930954,1.1965413732913464
7.736056870747427,7.739465351415599,4.921232870050638,3.0564895213610477,6.309408769485599,6.5539698817126535,4.902750228520434,6.5565133838386975,6.048716510404003,5.559706715034982,6.799743047921443,6.092139772147484,2.6105296366257393,2.2816384463815074,2.4627891977108143,2.167229929643032,1.626446419692624,1.9884702545447832,1.6081380419378137,1.3467970582964797,1.3418266839537893,1.615610868738513
8.51811960608695,9.709471791214616,8.952486640615032,7.710387588890884,7.461324472858806,6.244127832395108,7.005942070066545,7.357786190193895,6.4385886799587135,3.6944473623359038,6.862506194176188,6.168551220110227,3.6232697238958074,2.523431497504793,2.5600771936725875,1.9603814459813582,2.0796604820823212,1.6569696151942348,1.5533466880534965,1.5475678916867672,1.495177184335275,1.6445265175562909
8.811405300775178,9.203073856215847,8.62938866921725,7.57447069122081,6.50482560947309,7.357662867745832,7.171728728567734,6.9131800849992375,3.0897276683326385,4.226802531276265,6.863166115910109,6.669512094991362,2.551920711597851,2.0915494798934504,1.589233229687752,1.4719776694878384,1.2514939711388098,1.307051205866351,1.2699333794743348,1.2450050091875804,1.8270005275534662,1.8138411031984532
8.150370710367497,8.191989633512172,8.200682019647932,8.073547082493352,7.265037434215001,6.1085462759604985,5.819828280917204,3.6597066170270454,2.4784164578880303,3.093493332399916,3.040465469332493,6.868931138250273,6.220136535433639,2.273055713849402,1.7356578292229032,1.6168309456339789,1.5068665750873438,1.397854251801772,1.7109072394027351,1.159323965203691,1.0863656787425184,1.6714832286101993
9.190624150745645,9.775256360470518,9.678101329614854,8.29087096878309,7.137372758234315,2.207256161360246,5.343350487685247,4.142329568378182,2.92314602393929,8.483790040038302,7.306312294709992,7.583989375852297,5.65687358581209,1.9539509920828622,1.621459884432818,1.4216629898688684,1.465830867066726,1.1509272389924292,0.7578131637210842,1.1316173969557866,1.359126923002128,3.221012787228804
10.079022485014741,9.953263930587235,9.820934634161192,8.387678975707592,6.007504159243828,3.0107266362897294,2.898960891895474,2.7767507613283144,2.906806721333466,7.075042499344901,6.710577305383352,5.4537496462110155,4.314301878880869,2.9593364752101445,0.8386591322668315,0.6798415531431456,0.9523551955479689,0.9056372606503725,0.9437221758996541,0.9151814563540562,0.6110042090523017,3.844589607180897
9.911714824747992,10.281891574159243,10.16106454054743,8.46897524565186,5.260594177278266,2.9472454815034355,1.8401352081963387,2.476065329068213,3.1472831336148355,3.048735840273172,7.046492984514879,5.284053892987012,3.2816148533042937,2.741184056190983,2.177332243336803,1.1155779616208883,1.4222457368974106,1.6956090033217188,1.712097423920182,1.6727804920392044,1.8011838316757691,3.049198915098401
10.01360958791486,9.91857628808823,9.521865085594179,7.849053807287482,5.518783113902699,2.990943673803662,3.404720140529365,2.4526130682250002,2.9660323146361365,3.8778640237108473,5.2036484587777885,3.679131175847436,2.4212520003342375,2.8318893230438738,1.6879257575636664,1.3285743199380045,1.311671360864579,1.2160016447927002,1.4567460710844238,1.5187754801231241,1.2046427640875808,2.859938750365548
9.597762335243445,9.500505142323034,9.39450222978744,8.380459211458483,6.252825842289155,2.1669099369205327,2.38828500168858,2.4575340449011027,2.495042717732018,3.51635010910119,4.1551769708288875,3.8700691389539283,1.7166090977929136,2.118012691803027,1.3443302722276447,1.2702185432639428,1.3139188782302833,6.051443364938404,5.368778850746493,4.1478390011269415,2.03381528155659,3.5447684029084585
9.33597991295904,9.477315615755877,9.041922316219805,8.21905195977618,5.3157175592298165,2.6667516347889917,2.93321254521959,1.664645133585088,3.351167678645724,4.9089925019600305,1.809946546716161,1.159188545681269,1.9081013727371001,2.0574110945671613,2.2079888706653685,2.0727985640611086,1.2687155116483146,4.54324837798751,3.8855942868765547,2.981690183133757,2.8452614679878585,2.552797018811464
8.993239276664157,9.020082290703956,8.241900927397095,7.028031325638222,5.182515322416751,2.54154283537045,2.142031571096222,1.021397870448663,1.4910977496895967,3.1749849748109837,2.100840347627921,1.2151008710011255,1.583083076244633,4.046556970855431,1.5809002401197465,0.9992123011345216,1.1579333711257125,2.7432020834975943,2.0663213682027064,1.8895744477585665,2.3180990386835245,2.1917363486237025
9.032581877420736,8.515284423259363,8.172848405272653,7.292719574617321,5.512466428919381,3.558822610960317,1.7787478136746997,2.4873619867146117,1.7399616110818457,2.1693667766455165,4.441817186829182,1.1041235518301746,2.2185407942079864,3.527087358863738,3.1420125245745796,3.3012391673885397,2.9424716092106973,2.6729326289911643,2.3958266253543448,2.346935697698613,2.0429688561928785,1.5920828939506544
8.530550134982118,8.009325050146275,7.701420894209727,6.743535953723156,4.929089549933044,2.638165927649516,1.4865986919407712,2.9123487957323912,5.083104229111114,1.1903195334661958,3.40483352052162,2.7042537210134903,1.38689545968832,2.3446466675772677,1.9947134960938075,3.0404667116927526,2.5428498297270385,2.3816549555954745,0.023327446349164328,2.1747188281582277,2.339571558167703,1.6966817867535477
7.419174933021107,7.873484457263406,7.540055802360307,6.728059951077513,5.571698699675145,3.0473165624991148,1.0094305680329443,1.395458924989728,4.439999460407596,3.669145938051034,1.5981730506113492,0.9234353077178109,2.549363803675338,3.718492316584516,3.429586753331647,3.9602617473585506,2.654063700364763,2.0820239039563604,1.1354381251381547,1.3839328628497736,1.4751462885771682,0.10609222575038464
6.972087711115732,7.321694862927253,7.168380379079698,6.54147901288311,4.335892774513787,3.090237670958587,0.6774331490158838,0.1723793767057081,2.0118650965591973,2.561406682995165,0.7753694857667656,2.451667040942428,3.6560375746895786,2.974721692557874,1.4532901835906142,2.040118297761414,1.865434831978288,1.4953053288192866,1.3486598223719695,0.8766174511701886,0.1445791023523566,0.18945342702769835
7.048613193328456,6.231624471211102,6.719522243485134,5.703432840390046,5.75943224094056,2.5071515044728256,0.41848175261696374,0.21268497725072885,0.6316896875204936,-0.041953815570690035,0.9904433422037002,2.7079709639655722,2.926962747634307,1.17766945970538,0.6845332512405032,2.6633137443543675,1.4857044581803978,0.8326407438667364,0.4868770114607204,0.19868912409925743,0.4310103326634781,1.9987237792969967
6.957226910165785,6.017998879691525,5.580819099106979,6.076860632390025,4.4290269532212925,4.408267131275911,1.3671510472824895,1.309069540530272,0.9202245638290701,0.8201881595233371,0.7418300621590592,1.9161299708017299,0.733764962551941,0.581805202226703,0.30059569177068124,1.369734272335211,1.4452519393216567,0.7350683401406886,0.32777493810434427,1.0172517317537664,0.271140403507966,0.9149975437610296
6.324146789733927,4.942587988267789,3.3906238995013753,2.9749190298859616,3.3109135291291225,1.3211211578097208,1.6539205672496082,0.4566161356526519,0.42856612550327705,0.14545628974621375,0.9260977863392499,0.7997372069661343,0.5911605025458079,0.4441459316941668,0.9906981655231274,0.36715742410850133,1.2608345812252844,0.7919649296237167,0.7614473998578251,1.103625199599803,1.3730318159965287,0.9348723058660587
4.330070389747989,3.655908059975533,2.157321099393644,0.9578518231841652,1.980582953158659,1.0642540701818781,1.0635803575816531,0.6291438333912291,0.9082238280689633,1.3689727432358803,0.8404516879452204,0.6347988539247782,0.7551869047569431,0.8021889388266547,1.059793458149042,1.634927157798335,1.3261942031608513,1.494785989666798,1.1285742669125218,1.0837408267021116,0.7922066482764366,0.8388074328513898
2.4847499197471032,2.3306175207978272,1.4095151805710011,0.7705680319566844,0.8762720598007682,1.3359286232404208,0.6122473954137879,0.6971096816154531,1.085673241237685,0.7254532785979909,0.7816640353492365,0.4846213658527358,0.8986764973069624,0.8697793895374449,1.0530075355990467,1.1324866544038523,1.0520679122040284,1.5063110841754515,1.4506069706835147,0.3550249345296634,0.7250818578978151,1.4312221701807484
