script/wind250m.json
{"header": {"parameterCategory": 2, "parameterNumber": 3, "lo1": 3.000054539987559, "la1": 64.9999836372058, "dx": 0.5, "dy": 0.25, "nx": 34, "ny": 52, "refTime": "2026-02-20T08:00:00.000Z"}, "data":
[rows 25 to 49 of 52, columns 0 to 33 of 34]
15.219343841814274,16.861221614185343,18.74089516576542,19.6434909224019,20.974086969571786,21.01015904947329,16.219489666866725,18.301235554845025,19.44595654550144,10.42099612428748,13.396015309396725,9.156696946521356,11.235253446404991,10.990168258846355,11.050835505995801,11.326019748803295,11.286241906006683,10.29646689761572,9.75323738070281,7.362310759838049,8.491534151535243,6.278035754071866,4.659943066608498,2.178957942468822,1.6954745901388055,-0.2981611023330446,-1.892040843961224,-3.3312752640799213,-5.137530173173922,-5.326730480068875,-3.22847738173663,-3.040600500890305,-2.2160605443889763,-1.6722512160087852
14.074072651932191,15.109734873533549,18.43885952867581,19.399070550846506,19.75922918556519,19.789832677515484,15.926918645907678,12.515783587340543,12.17283992967665,11.393709159362214,12.90353878760234,11.360302382423896,10.469261105679896,11.198896508474839,11.158296662112747,11.627058287505669,10.741899788211782,9.494163099028988,10.620005733271642,10.719378426663214,9.040379828459603,7.069343080827002,4.483071199732854,3.3981388169305355,1.0670075498698222,-0.20552439267677708,-1.1186341971698945,-3.0572618916631544,-3.9873429759619414,-4.749253396086508,-3.61241302031774,-2.561141623272714,-2.4172216843489003,-2.380878695577326
13.643258182483438,14.250355135270821,17.436705425862165,19.036292791664938,19.51458899605656,19.174495098126723,17.460798638358707,12.839458271323542,12.070092901170458,10.926048586038947,10.730153352527367,10.24073274241716,10.750089523483341,11.759242839336117,11.93292079077687,11.911387331407983,11.75804802183547,9.625969901230436,11.812885000918898,11.718918962958172,10.588029199254116,7.085852994152993,5.162389880271629,4.172342704548541,0.8506671735509055,-0.28049867502040193,-2.2015178729604643,-3.1382756211490523,-3.96603756706268,-5.638065305181091,-3.085645069841739,-3.168247156045362,-3.2703706309275753,-3.0686500413212854
13.674189158879193,13.370055931260959,15.898666400020929,18.716872967559667,19.631828763565323,18.992465394295454,18.55401901513196,16.272633351652786,13.670565540646034,11.908242730717225,12.594562951428092,13.128914753204377,12.32840100251773,12.672769784568203,12.634281404487773,12.167913826510024,12.41526692502568,11.18886850687782,11.792012116899866,12.401902548883617,11.350070865199593,8.854164222118083,5.624784486329403,4.551991685156723,2.2396861778339607,-0.31098593611743053,-1.5064899197310408,-3.1971270879051215,-4.511230846097389,-4.234764121518724,-4.195433259191799,-2.0879315090421575,-2.8604899893927764,-3.255835875382962
11.63086339239563,13.145183892946408,14.754351563749964,18.33628162401614,18.999536667945932,18.8192914952943,19.275660259914126,18.196266762747737,17.13028506435429,16.167002226216578,15.600276040171972,14.498446011262889,12.990873387048302,12.690505144989498,12.371612522942042,11.338253419072084,11.947194329426521,11.8747045096404,11.284458254581784,11.105541738113338,9.72489342975105,7.869763685119329,6.4526680209925145,5.549628813885495,3.0800605351014694,1.19899566899956,-0.5246729149946893,-1.6693502096531656,-2.6076242386750583,-3.6330017335116125,-2.218904868205985,-2.2767818759461678,-3.0474107503827845,-1.7270799185212047
11.882770131039882,13.707764502273102,14.782231058293961,17.784797139954897,18.41610526643767,19.114146730883657,19.538003719647417,19.011233627105675,18.326356860693906,17.71190963099461,16.25274684321701,15.156071063830472,12.86731179894149,12.758291400633402,15.569647400864206,11.685778305131551,12.296013130681828,12.38692875319986,9.837879556599452,10.985692292409025,9.288488435998358,7.337397742366869,6.379768734983219,4.534691750633841,3.50191265535951,1.3995294146400596,-0.8136385289389758,-2.3799402313872906,-1.821682329877975,-2.2354945376456437,-0.8143602575370399,-1.2277933014227858,-1.5373798741329654,-0.6081497518724087
11.445424965558882,13.36268366687041,14.583186727958239,17.08431526770691,18.001079366465284,19.012795666060118,19.417227656783876,19.192231675863297,18.315165667180842,17.30859189620897,16.402282544928507,15.794523827721441,16.007750536479755,14.351750535555237,14.598706425283222,13.272709333599751,12.913345242235723,13.050149066935289,11.38527547481527,11.323123951372297,9.416211393874079,6.8621160967506,5.156190263244148,3.8493762554237443,3.108335313623042,0.9676809633774938,-1.3714573639024334,-1.278242894014151,-2.5228433148227305,-2.864482171094168,0.05374904124343651,-0.46717168357663996,-0.16049056117437754,-0.6040566048902671
11.475133087655152,12.986827507446883,14.372596102618033,16.505607593988938,17.626912888305682,18.574767694480787,18.706807372706095,19.21672843558757,18.598696926238404,17.567676088190197,16.324881338397038,15.714135753144953,12.979967689666086,15.992184706809043,14.842666136839465,13.591877483698742,13.645790492795594,13.228519069482566,11.85390996966595,9.884780127078935,9.549656409704248,7.5120377290667655,6.1500695203316615,3.6335212184515573,2.324770095159777,0.9894374207755451,-0.19846110055493552,-1.327170373480621,-2.501928120758962,-3.0147387795435576,-0.3830139514714363,-0.22897701154913033,0.029545386303557405,-0.517199586779336
11.335348879147766,12.23043142541806,14.646446884083986,16.152081597746413,17.199911211024624,18.115033419398905,17.899568698907824,19.3757945248255,18.7263258875198,18.329399091428957,17.078829591748324,14.827376268223858,15.638725092308793,14.090181775949693,13.820143878598826,13.52780175519463,14.220616707476461,13.394316400145721,12.384968410758828,9.968687269901078,9.48710123889515,7.853544909434908,6.794120211730407,4.230953863309531,2.5049151105595557,0.7998396216177902,-0.31488149905781154,-1.8126540169763603,-2.009360372836095,-2.555913553477282,-0.8929745601282337,0.07221764589222986,-0.32879365615806067,-0.6735648959775177
11.015864405916464,12.227087016715599,14.564042100286688,15.48658406611679,16.601133240960007,17.508400971881528,17.856704460213933,19.314982826422643,19.101891501497242,18.94932871092813,17.229377790605987,16.109292140228337,15.738887363520732,15.611368150810724,14.261648922438956,14.695956608404346,14.723194195881367,13.838113026576291,12.905053360088614,10.957660641828141,9.668421266957559,7.825976587224918,7.074228970265103,5.386351198774555,3.2915401137163425,1.923401731373078,0.002313571301924854,-0.6991010479418013,-1.7574809222590504,-1.9038530776816867,-0.6025552981322886,-0.1883387994192084,-0.27549331791884435,-0.9107521102315042
10.16921308821291,11.699444666220158,14.560966412938354,15.327795307636668,15.957999830549475,16.93616244668438,17.625377996924104,18.983387354770368,18.95353493872097,18.66878180948436,16.172813746753185,15.599538405668776,15.73027958654734,15.339888158900209,15.976023819055897,14.59568276388368,14.378442699427694,14.521748686993556,13.126046656752907,10.275131738080404,11.021667226043402,9.44333216318332,6.267389519678897,5.816670495761938,4.325754295737602,3.075983177394908,1.9193392063608288,-0.12422090410301807,-1.2820158651271374,-0.8576245570829142,-0.24438724264722486,-0.031399740518996265,-0.20202409162928758,-0.7569010320186454
8.570427550969494,12.964660130473288,13.997738524698399,14.991663619567994,15.388557239536407,16.29271337407188,17.252941333643633,18.401065317968694,18.839470410100866,18.465820206613568,15.446996721667647,15.783175258230115,14.262254999983044,14.819458004602685,15.76020678707115,14.525733552359352,13.921198623905697,16.331661811991385,13.124040069555678,11.06668626709546,11.020691926431386,10.387547248803937,7.494289449777139,6.52069970991023,4.552721365680106,3.8474502387855405,3.2305205602449956,1.2094769658593787,0.5492077672641958,-0.3109716933117185,0.37039429404341445,0.311997318032163,-0.07374624182166757,-0.5458292710533352
8.27038459933171,10.525338421102113,14.879981616109918,14.739697985326467,14.881571843553118,15.49638115459067,16.500654991174187,17.976330871713134,18.966893384865614,18.439255618151396,16.481198441753524,14.976706500486241,14.733005965464333,12.471688544191865,14.134940141714212,13.62385024043931,14.072989538646825,14.862428419079539,13.794298900229412,10.42631801341812,10.329961764447786,9.304531876806168,8.97216293960016,5.969800819387175,4.769540012840006,4.027446620040457,3.3912488907833214,2.382404469482169,1.289037303972159,0.6992111550847973,0.7527891871114392,0.36834043332397415,0.07989665231757449,-0.7527592268957833
8.478870675393875,7.074724279202257,14.405677117373289,14.370888254520047,14.590673255500835,15.101529699264306,15.898927154982472,17.352448249905812,19.044021571911752,18.36431904783241,17.074283225140707,14.743274037577415,14.295678945067225,13.97199773211036,12.874090864045915,13.504111978984625,14.78819555990387,12.944280462791,13.731507502745869,10.926393077980777,10.2511138048627,8.453029908176704,7.915321939393567,6.385427775816927,4.889648588082261,4.125434431308709,3.234620381813103,2.537096268004557,1.901104158258296,1.4183425846276887,0.5161480839403003,0.27217320868487677,-0.37614491309818354,-1.2439482652876455
8.614567380005058,6.5683109534600055,13.678672832318401,14.145486185488043,14.21727213295877,14.607037997205849,15.490405694823005,16.73911552066027,18.205840955360962,18.544627606006372,17.388337400982316,15.643554020518215,15.158521975468867,14.553294229692906,15.082815880700046,14.365543575514165,14.310418016511418,12.525177435098819,13.289704401614868,10.774761440670535,9.489811426432079,7.871727807353665,7.130053965306352,6.38235678419581,5.255038796565187,4.003747487751361,3.3176298236804054,2.5223143343591157,2.093557369972885,2.133758722894116,0.307241958332224,-0.12605216992967455,-1.0415334961674942,-2.5764078279872566
8.134877959454075,6.223443302888568,12.028266293683673,13.842191336607767,14.292242809101673,14.209649553264926,14.935195586236777,15.859575811938479,17.538238733138606,18.720657115269084,17.931973852427138,16.265585753593708,14.639964584453802,17.06856104882269,14.329444683291014,12.980997861920855,13.153384132850558,12.594152642630215,12.753254065139876,11.90274875441448,9.738940739597137,7.875736285529042,6.9567957342764,6.579652446798874,5.076108637084449,4.072810208965299,3.481779035654942,2.360435585243898,3.6885994976433336,2.2976449028635098,0.06560293507516667,-1.1467235040952424,-2.24138873818711,-3.785947905319594
7.514484686178694,5.315763416600816,9.238618951372453,13.988887279855478,14.348442194598675,13.883931229434408,14.773746801255758,15.574178389167482,17.183380771777912,18.79418748652866,18.20233542691381,15.823954166353415,14.709318207966293,15.334842735437642,14.572981284618244,13.815061313141209,13.176957381643637,12.668797284406375,11.977336482809086,12.649558553920635,10.966560556840601,10.231675801182782,7.69866434288464,6.547644737418586,6.273121261973823,5.55851538648835,4.4278251497060355,4.048613118841438,3.0152190075405714,1.5967349938763942,-1.003250857676723,-1.603971449365241,-2.9200216211927366,-3.588486691765812
7.078958449184167,5.019942818494358,4.385148172392841,14.63155628020466,14.393410818242424,13.697374288417487,14.692331856147879,16.35263043918992,16.361737550624333,18.13203259594303,17.084897497191417,16.141457076321625,15.932975785542284,13.13668314760659,13.525168252207926,13.88090407936156,13.868209945951895,13.402319539255435,12.764594968865017,13.012040323437537,11.981308339449157,11.30887855764363,8.591343399155555,7.737341552422588,6.932578913225286,5.834668326017308,4.603992665259556,3.0890502675386364,2.1598035449756536,0.1974846195856567,-0.44790843054403623,-2.368629922318678,-2.466241226598403,-2.9566606427341062
6.645355590725298,4.556795762751225,4.285220529838144,14.602096905478529,14.141468743348021,13.320815128855047,14.901740008341726,16.770582168330044,15.9070141937327,17.02299864449208,16.922153971210587,15.616093716623087,14.481471625004904,12.695963718756827,15.033586692996646,13.994507067874554,14.40436497439775,13.530187413263299,12.95569529995894,12.166372927049325,12.126964744656368,10.409535156203923,9.44948544556617,8.990890437015839,7.554262376983607,6.129476689201515,4.510269944372082,3.260038969528714,1.4665406833320296,0.17175943791784817,-1.5010299765790345,-2.336222521712433,-1.7530465032839087,-3.2775837431505637
6.329507591241061,5.131854466896067,4.4139746013836145,11.457384008222459,13.9121244087493,13.171793627248412,14.573473121670713,16.595332281808044,16.255218468312155,16.032138767254008,16.77430319174181,16.285747418592276,14.121909111458102,12.12220441826787,12.915065966364327,14.975031677704028,15.90859303006593,14.520358182193542,12.300648602050828,11.824784513973096,10.191183926660653,10.464613793267516,9.618184452747686,8.712568052185517,7.921157153054526,6.803247355625741,4.980340462853427,3.677969844161664,2.0574789462683345,-0.051727792950117236,-1.2827626461075645,-1.55351504721247,-0.5883446372449439,-1.9939028303928965
5.789888290172382,5.45586674057081,3.926708178971157,9.672102454239376,13.568170342578131,13.73843219827236,14.802285907575254,17.05610852122325,16.795739678446804,14.8603990405603,15.58602263909855,16.292718512651025,13.761806438905426,11.779545698159595,12.190481874359824,14.107215432655362,15.754410125653848,13.107960612611343,11.770223049857211,11.089581785431928,10.46166539376366,9.021058469923812,9.863316091773182,8.179136108261861,7.501946848498532,6.972907533634703,5.764704146666006,3.9171496579163665,2.405341823254784,0.08207483405577166,-0.9199207444515187,0.02001448481675983,0.291201139132192,-2.0679999739068395
5.251981839780244,5.103334596668322,3.615951968849143,7.5000610916483925,12.946929076567809,13.905156742170286,14.968076412854344,15.986104474868439,15.649292681004274,13.657387374242093,14.198117496084956,14.351543563450477,11.089979262114653,10.379174016455675,12.154457895506344,13.27833454900703,13.93935697158994,12.518864084989058,10.278330961933746,9.737579646046045,9.317461688853891,8.105040056624217,7.465726599778148,7.567198989125573,6.436530842409781,6.833288642022414,5.007399113037761,3.5697348654981127,2.876789157272629,0.9555282434927109,-0.563206992032634,-1.3113301832104163,-1.6747132538814298,-2.3824141902012586
5.220680743998406,4.902888995744656,3.5199692440463544,6.443199071043788,12.112892907632833,13.445884039662081,12.467971531082133,11.853621959201057,14.651204479617904,12.966218670730951,13.531746824211279,15.126781793509844,12.807620590326135,10.33217055830605,11.39800848381616,12.751205853041844,13.362910066569484,11.13536621577542,11.39107685220696,9.193940946325435,9.90004830243529,8.395599336042697,5.483811489418917,6.069259820596231,4.951715040426558,4.801088950238146,4.567476916021156,3.2911900858893,2.10480463191702,1.5899231608525066,-0.5576903361517057,-1.6455791267922253,-1.4501927176725942,-1.8395169751051812
4.764559274652946,3.886536521443029,3.6221521710746525,5.954976989434613,10.13336260109313,12.0743933041135,12.438054272999457,12.552796858135736,14.880751298219844,15.035212745903765,14.016961794741032,14.456838954053024,14.107032939499287,10.89783354924515,10.254191319507923,13.900646318206473,13.251201921142084,11.177250557766033,10.58225061393707,11.292832875562734,7.25274244502007,8.672463128056764,8.287731932599241,6.464071112866199,5.180774763877625,3.170619326489438,3.5795519863763374,3.5718157034879843,2.0478553674186797,2.2696507244795074,-0.021330019622284327,-1.4167054177601481,-1.4511630426166366,-1.9994251832144716
4.197741632824596,3.1587540373810428,3.734925921167903,5.111882388958957,9.57830225778381,10.722669811555418,11.777557898398902,11.350273008207896,14.432156466318263,13.99046733576202,13.231823854306505,15.152106748137886,13.378019583662844,10.688371507281913,9.625142133418477,13.55642677706214,12.93185567306249,10.752784944593774,8.668493322983082,9.80967842735064,9.066940805519092,6.492432695411947,6.495064059739472,5.897375462154653,5.403788024083959,3.343927463154633,2.7738965698734273,3.1925530436892076,2.2627040506943112,1.3505687420789534,1.1328390865630187,-0.3345978700086873,-1.1301273483968524,-1.0359776586208205
