script/wind10m.json
{"header": {"parameterCategory": 2, "parameterNumber": 3, "lo1": 6.000027932988019, "la1": 58.9999434238085, "dx": 0.5, "dy": 0.25, "nx": 22, "ny": 24, "refTime": "2024-08-07T08:00:00.000Z"}, "data":
[rows 0 to 23 of 24, columns 0 to 21 of 22]
-0.6112569441588727,10.226709231625238,5.713062047015717,0.7653169525171377,1.6385240998215682,0.6167012576398788,0.9270587972285167,1.6310540571778154,4.143903812114138,6.234899109615453,3.798115020644128,1.8115363095808348,1.1384554060638739,0.4014121946500804,-0.8073483891738278,1.9171682843257811,0.93398650489615,0.6301989390299462,0.6101694016982978,1.291143282074116,1.445805976375475,1.583401397853057
1.8555244199275116,3.9074215109941934,2.5397326019879256,1.2951947522839804,0.8755339977667639,0.9417378976678948,1.043378136105989,5.675187887512741,6.352813848326483,6.3784261042468104,4.768784137031795,2.0489996478696795,1.553490343037076,1.5829702379571926,3.2146105477196745,3.0512663767657817,0.4449497469689197,0.39954721683688244,0.9734422752788282,0.9739754276911273,1.3511336797316087,0.8846851668372081
-0.02321856598942842,1.9464530153438067,0.7762166817332935,-0.38818744668714394,1.4077403368094392,1.50855769598232,5.685539296441385,6.599380478776915,6.8232856639163595,6.966794905863473,5.148792009268621,2.5051467643955774,1.404796746027292,2.8087064000132638,1.8295349008406432,0.8243570456370701,0.2573708602366892,3.8201769905845646,1.357948505569696,1.3353971948521262,1.2079745172189087,1.3467830220384023
-1.2186238374259337,1.9350868468530444,1.1982943517207565,0.1587570997168777,0.8459019185628341,5.408359721242455,6.586938924880808,6.367136742091996,6.646839789741523,6.964546465729976,6.085501855719688,2.8167551438176894,1.864064204099532,1.6490887701112662,2.347481367710824,1.5455959851520855,1.5379061421882192,4.8699616273649555,1.3722569258158257,1.2913433118923854,1.254513598985454,1.0958744128244942
-0.3693370649445064,3.7973933415667522,0.9416859089903563,0.5344826432337811,3.3090914164436276,7.644941132189497,6.581106957723405,5.100254360900313,6.776677657256948,7.323272477836763,7.074948822229513,4.354721116390696,1.7538599139300515,1.7989645904593725,2.1497109319047363,2.174053645162332,1.7141616976429606,1.723762211859048,1.3355642701441441,1.0744720455019627,1.1917276447127227,1.3015378465515726
0.17170978957205005,-1.250874762261856,4.638096917707452,2.7514209149356788,3.7557169380686655,4.6176671436389825,5.812883184784336,4.313057511721774,4.491913099831062,6.349160132713436,7.481093354563722,6.679611858127176,2.2058461401690748,2.0096806348836402,2.0555113831095557,1.7274113067982848,1.7898051357732376,1.2280042195782874,1.3838104932001125,1.2326983276886738,1.190464844036723,1.1205150269256745
0.2754479366947512,-1.3289524605858367,4.126679981768943,5.248447396915953,4.591320011462572,4.86200739969663,4.974984435273183,4.437336033972944,3.958163875444999,7.248979610555785,7.479208940044621,7.423432842875305,2.3209423180813897,1.5595957413503083,1.4990704357771423,1.6493567318141107,1.6822841905403356,1.8657756201195324,1.558411030640071,1.1060677062893525,1.1480622750461573,1.1191607307465403
0.2532059430180365,-1.1038416502719925,4.906890580114695,4.588119520694392,5.340748955767277,3.6470592657529117,3.193138710592811,4.261474766046534,3.8133060285273483,4.479497126810664,3.4516508483205577,7.3315126600301515,6.906696912979285,2.254260757469367,1.2891045618419985,1.644122331417139,1.909570547044824,1.2914416621665765,1.403399926027782,1.1581101964002791,0.9361019082164057,2.3044792775413643
0.5015165241467381,-1.0204944725255827,2.3804686272021374,3.7687340414568964,5.388851971595603,1.701610676399847,4.515696019268939,3.293887427213058,3.243879993821345,7.627475176137812,7.439949109783965,7.116052999133566,6.959930741329379,2.265422736547353,1.4760928035890468,1.4380463609170102,1.8657638696241095,1.273721598285301,1.1995752657296745,1.1735953239980053,1.476930675001879,3.9564054452105073
0.2729565605130501,-1.022114378750912,0.387602131083894,4.39533139698547,5.220009339535724,3.1881499578912367,2.803849479367645,3.3239017380828106,3.016711594397559,5.509773873704848,7.922216181041266,6.346812337649781,7.335269191822846,5.121532801466921,1.9939967407395944,1.6365007181350828,1.8362553258168492,1.7862856658254296,1.0305668863910897,0.8401784518254932,0.8804574434393676,1.5403745443193029
0.666753534941148,-0.6537428184006107,-0.45107603512576366,3.9470075948922765,4.6184132065745,2.57562790010876,1.784392911892888,2.5893038337186116,3.6345553583035515,4.152818015576457,7.067259950671968,7.245456842973532,6.800857422496212,6.693201045215923,2.6642228443859044,1.540567502091519,1.4546019213298476,1.6307661803584925,1.6343607461725493,0.6882801760345116,0.8918327916688833,0.6869765565982395
0.7896358008038334,-0.38386693344213935,-0.23586874109459965,2.8220296095949307,3.9131501399536943,2.181876495288984,2.630288729758995,2.5394336680005063,2.5321460487320975,4.343996210792699,6.99010213088011,7.385899568341174,4.467797498966327,4.965154545989478,2.1619825317776273,1.5427099072825268,1.7928602280719967,0.7632753691298982,1.2603155450632675,1.0593630850740972,1.297148712388478,2.182208759989059
1.1089766888865893,-0.8819121850453276,0.19244472550348152,1.7776510585079748,3.0261599011797946,2.3625344863829327,2.2865388021602473,1.8254731568103144,3.424674127322297,6.187452520254262,5.595617457249541,4.658168972550733,3.381030237372257,3.6784266765580793,3.4187815841382,1.9299092530406017,1.4586420879065125,1.1223490963434628,1.3380130369346048,1.620395901332357,1.9357145941730276,2.0350220990087333
0.7416450912422216,-1.219600834204447,-1.0230779044001694,1.2329200622684076,1.699578715314295,1.527906700447229,2.4949135751723506,2.353530160546007,2.771921148496383,5.77899180605296,6.613506151839853,3.9011693311895326,3.4332294198398885,3.3199227981744355,4.085058029505469,3.416149040147759,1.8499388274932693,2.984163080375097,1.9816992164111276,2.4207500394300117,2.549571233378626,2.824895823336158
0.3541255374836924,-1.8144910374036556,-1.6500195687098191,1.6196406832940349,1.2621194431812246,1.4380795066641596,2.2613343424167063,2.6185272263216945,3.0252305086481814,4.557465744604899,6.142171607812012,3.4793480894562014,2.913377979136781,5.888215499165741,4.353389889798698,3.4398480152898006,3.826598947704666,2.353025832026076,2.264270595237078,3.152910636947888,2.4987032154738724,2.916325470246047
0.045035365032299095,-1.6772346382804901,-1.6679685653801617,1.2382198484045273,0.8050562439075489,1.5295683975791692,1.8503636953538851,2.955519946999877,3.7931023517183884,3.575527736314006,5.1271739581141,4.228892091103785,3.398601931009086,5.8678230920943335,4.9688552414253495,4.645791136117585,4.32375200599254,3.3865447581484127,1.8051601654798932,2.6574865071683407,3.004760756581303,2.3119896013814762
0.11187666839395613,-1.4834575583871568,-1.433820945848688,0.8680427922159397,-0.18697677898821072,1.5917821508326608,2.018461296081312,2.3553845177559323,3.9073420978074798,4.083330192467544,4.434502311551969,4.566837623310428,3.3894602897020456,3.5110181686596444,4.686408960696385,4.260286586617694,4.057049691127789,2.687962815031741,1.510293171282941,2.675638651298782,3.5296077019276026,2.4813215312190295
0.153525455069916,-0.9184738335047321,-0.33935850641578474,1.4188575002650157,-1.0604557034774962,0.1400555322618904,1.1697931196027809,2.0943724921900024,3.2670649995381233,5.919148585293375,4.57393456435127,4.072942489202036,3.905484414601947,4.680755911322653,3.7345444279588462,4.240704603563702,4.002202530290444,2.9708619744811267,2.003293497429792,2.3272126925833994,3.4486527878396545,3.126222795258614
-0.2546701085026496,0.004298611359068743,-0.1077318891714816,-1.464609980248776,-1.1162167107468033,-0.31926708690467365,1.3929698700069935,1.7338724955989575,3.232939148227183,3.7639061975155337,4.739730585507941,4.803862040184742,4.28741544144585,2.7948569728260897,3.930621651978071,2.255885561876032,4.663499128179083,3.5435716511137136,2.953831326541329,1.5543437461248335,2.4053373481399474,1.8307239199160796
0.0336183900487272,-0.4523008037391083,-1.1005680636666508,-1.4368252738973033,-0.6454472362543834,-0.4450071063386528,0.9175202961155683,1.9652529213457417,2.5966047719296292,3.1810012290519967,2.9460807302833376,4.0449690579503805,3.5052962641152834,2.8050279253448234,1.9104960887907527,3.3604072193387324,4.9663386911917575,4.029761905582973,2.7261519960911818,0.8649728539047333,2.4012878170887593,1.464978204979119
-0.07788236904420702,-0.5572191894661703,0.2363304088216643,0.14991713215089808,0.013339791223978468,-0.3315397172066886,0.45149050172148597,1.4182094095774906,1.604829932555457,1.9463197132404666,2.911549808508756,3.4009947243635756,2.5063213723528337,2.5836250072810407,1.7644786657742673,2.317729812613605,3.212810448650667,3.6036095376185124,1.8663650196626178,2.6030729446550085,2.0128406097030713,1.579777515557677
0.49814862643495483,0.40440255911440626,-0.22466398195380724,-0.048211326516579014,1.294418451831282,-1.1804454011608905,-0.19042424928621862,0.9983312879999506,1.3259918596729037,2.4410857663191767,2.7613839678408936,2.6080159636012756,2.734022674318881,2.186121612997043,2.7182084621667437,1.8038959383591644,2.662901758537782,4.530782816871807,2.3356825486670765,1.8377562746093044,2.2121283586250926,1.2767770445146198
0.6086018650834414,0.20456252122636373,-1.0242084255617767,0.5502693888027769,-0.46725638811801473,-1.625058617559559,0.00840478320493352,0.48987173041962345,1.927705706309692,1.4631318609511281,2.309814619020749,1.7197723535976437,2.4679710396934134,1.500228711702901,2.7069009786659888,3.227579875733286,2.064234767111455,1.5466014474179794,2.776588667166227,1.605388455522486,1.4220404831589248,0.9845624669678146
0.5822894788435444,-0.4178569927968018,0.5041033320715942,0.511057787409042,-0.3741252521828184,-0.6214064879243048,0.31050291886439463,1.2891028932824269,0.87139694942701,1.0171785669869744,1.5213407924040248,1.6197762335627526,2.089347337396269,1.1237239347163868,1.1496790422937013,2.107947711028871,2.843122274316203,1.610782409985618,2.73850082536861,1.6833288121061765,1.2048963536232506,1.7188500538883633
