script/wind10m.json
{"header": {"parameterCategory": 2, "parameterNumber": 2, "lo1": 6.000027932988019, "la1": 58.9999434238085, "dx": 0.5, "dy": 0.25, "nx": 22, "ny": 24, "refTime": "2024-07-30T12:00:00.000Z"}, "data":
[rows 0 to 23 of 24, columns 0 to 21 of 22]
1.1252986019572304,3.2681506617982845,4.138406655186411,1.0669525544611969,1.7376707753895948,1.3258748601098205,1.4476378863105215,1.4175179996853027,3.899451939260277,5.801818014120752,5.647352987923686,2.739060203594644,2.5221774222835864,3.423664115846411,0.005649353349252177,0.2062854596667514,2.0675166667162284,2.249403096606398,1.81305813975418,1.697282818641034,1.206605377812284,1.8464338272002379
-0.4107060320559952,1.7836302990505803,1.9264266898580606,0.6197538780805137,2.1082498798575093,1.6551610706982882,1.6671577682502208,5.06832594999816,7.0470768826753085,6.436034957373169,8.097906881497872,2.504115435287181,2.645593572527261,3.847242981412461,5.13747645399593,0.8359197835775535,2.588683760379399,1.9435120299803952,1.6971260547486524,2.303551002055318,1.6488932022529412,1.5433213311246443
0.06437923888229016,0.9599021096991499,1.3100122395684426,1.6750011412518555,1.215591193556249,1.290683639237829,3.9594047532810603,5.982892794049097,7.341065451019598,7.679871924740144,9.114333853168297,2.8618607730976247,2.6003916112961356,6.935832955948926,4.352325804939438,3.5913721105325296,2.520673141869331,0.5113546452319229,2.4526806820571947,2.7778645812449754,2.603466086567222,2.9418956978264608
0.12446281566166188,0.3413647380626734,0.823198153682634,1.037117982834335,0.599805024764255,4.713531853612341,6.495788625109981,6.022104240581127,6.792905641470247,7.364634710276554,8.974940712243026,4.0059998818036835,2.875492454261051,3.300178089193083,4.976369932692393,3.5744569442918013,2.7284367737646615,-0.11621763882308794,2.1790556090310846,2.1018324239992516,1.7928411589339093,2.1032644913855214
2.9066520855864693,2.6096277139841866,1.0835782609307927,1.9216527012867095,3.149922278797256,4.656354031401433,6.779675203643797,5.870257424821616,6.213859172793444,7.3344774944033135,8.02985580784383,6.625618421303616,2.8328651183886677,2.9942646530142736,3.1522178375056713,3.0734799638207515,2.554168647349065,2.2675429755648047,2.103982169302734,2.299653158787758,1.651175022858522,1.5542943318290712
3.694931330316773,3.4315781448625198,2.040117718599256,1.577939190655477,3.4844722088170084,3.5865318106858752,6.61903691924105,6.272380368313736,5.63402987705081,7.985040191205417,4.87348995768319,5.457473551261323,3.467172161173262,2.928573101263968,2.7938695231389103,2.5606951001312046,2.6899961627654925,2.0562707499407207,2.1059867416059364,2.0354598694101065,1.7182550012460138,1.1397820168810482
3.149617454154034,2.575865161312672,2.5618632240457817,2.147390775598428,3.155043364681408,3.4332249685700984,5.996637020322863,5.920048106418207,3.721919322206614,4.64626840631141,2.832500506643294,3.6003704909371614,2.7070955539043577,2.7201820661417337,1.8281368261492712,3.064942678750131,2.764088462182645,2.371200947758075,2.4180944464297314,1.9697838890766644,2.0737251776604224,1.0632993570903324
2.142936170835634,2.2569726861808004,2.369991703630541,2.4337431333976878,2.7432884292990574,3.0586416766686413,7.000111765188205,4.3333072396107095,2.7970910605659025,1.2626126170968772,2.404389215207178,5.356762552827204,5.037973877503155,2.6130620508234004,2.4706571032409204,2.4596923340974497,2.0063199829218576,2.088209369390217,2.5291547955654865,1.9233818155526696,1.8434951653130656,-3.2674383353730447
1.5617284165475447,1.8769192009832592,1.9104280529224658,2.145255541954932,1.8727174048955364,1.8090840991804504,1.7370374243622866,3.3165423599421047,2.7859899468245213,-0.2990573376549419,3.02438526447078,4.981643886599784,5.410319798950795,3.1282134079050117,2.571119358842414,2.266566385419035,2.870429280837002,2.320960765302943,2.148310975570061,2.139924190874889,2.496692210358807,-0.4557071901859689
1.2535589321407177,1.549607337523635,1.4773376671378329,2.432745109674244,1.9389049091847166,3.2335801993551354,3.2709298041097914,2.8198597505958065,2.5980055668594915,-1.1103449913184475,2.6403471503562144,3.8347126310113535,5.334610798005824,5.494778418846647,2.8892398552167577,2.68518136132021,2.266779589087778,2.4909494648787156,2.2966147536592803,1.9859717988509349,2.0666357723588895,2.5334819010307728
0.7837105801834103,1.030533494492729,1.3703275395542838,2.32769991982047,1.9581941246987595,3.160903292563463,1.580424641497497,1.803723792592498,2.7210613184470644,1.913076595036678,-1.2061284856589782,2.5592879695628983,4.577874609029594,5.1007925868473905,4.142153627220987,2.4930571125780014,2.201108246282641,2.066855654210161,2.3138277443510082,2.0016708421754448,2.1036980008308994,3.484946351599329
0.32150352245903396,0.7976197667356453,1.0892484111059821,1.635836774929945,1.6184357272407888,2.153440722064477,1.9810236310800076,2.1023072450502296,1.8754173450578566,2.2844074576191695,1.9590390496777752,2.0927293260163915,3.7581775278088405,3.408551706160717,2.3804206240778116,2.0525295481866492,2.0271551064259,2.2606080405823166,1.8819479885075696,2.299888955279679,2.4109203067611835,4.760323635616266
0.6158730777030487,0.12055537058859062,0.42038773565978105,0.3569699899593964,2.0621074578892657,2.932766825993975,1.598601464041339,1.9287580852858763,2.662912740243542,1.1418958668616785,0.8818142023648377,2.0616614389742045,1.929341695664732,2.101641926840957,2.5069420209277933,1.9599545085341759,1.971901701599337,3.883218534504569,4.842647696781521,6.77526920972616,6.171979475250448,7.938527828147804
0.5536220349418413,0.7494065521003395,-0.15649500732389907,-0.09823036377954474,1.593807282262826,1.164202848016228,1.7265043647351503,1.4652049732189514,-0.8058276126939158,0.7380403168374249,0.049312827153355374,2.173277762864781,1.4314069111731258,1.9348379954164803,2.5172348619551213,3.4297289648027416,2.0816730599300124,0.3165474517998999,3.910941378250344,6.77910592141243,6.5158399828847715,7.236872829236781
0.2818648415952804,0.04521732700539573,-0.7056699030358268,-0.6277648184093492,0.24050415812454956,2.357589468569925,1.4421712802904594,1.0112648314700519,1.5853139474476698,-1.4492351892376167,-0.4070978488796588,1.6619226258584647,1.4536922549443416,0.3100823346183801,2.2617569614033957,2.8243564870532083,3.413947628756972,5.53300413565327,5.522078853711691,5.950478167134352,7.324773441346748,7.597011776884094
-0.3115991361524241,-0.6840154416988138,-1.3251344289330669,-0.9551564390379169,-0.19611653876988497,3.084915194833366,0.5905529543421772,0.7929677372832804,2.109241558793598,1.7675348088355576,-1.9623125670767045,1.7678627184918674,2.2014869256457166,-2.4724836659759792,1.5704746711696635,5.428173629034782,5.979349458429402,6.88124075297495,5.1643292634312195,3.7866499787239323,6.261305997919957,7.003155640890497
-1.136246748528084,-1.3154326507192415,-1.5287966027626103,-1.3339214752851216,0.08927404060418108,0.8614627532959421,-0.29538987131065925,-1.2442295279101045,-2.0744848147973993,1.8437041433116486,0.6077084938362866,-1.3349234435894635,2.539951211969056,0.30906475737514605,2.558917099854067,3.164698572775685,5.283342169645942,5.636271154750457,3.7633682970856883,6.554083732232784,5.801409608381999,6.1192733457795825
-1.3400915046982218,-1.2500846165635024,-1.6325064573461248,-1.260869308063267,-0.8565904830625635,1.058927171605634,-1.0925951933878695,-1.8994703315746677,-3.241095189188314,-0.9918425463375123,-1.555561844466944,1.3169492191961067,-1.4224681950035318,-0.27361803634577103,1.552591397789586,3.0597561746095825,4.018491515606279,4.9419843033516635,5.382524862451191,5.617771319628406,5.925692196570981,5.454980971933167
-1.8188492694558132,-1.2786266436507852,-1.5943203987859969,-1.4551602554611178,-0.7858794790172754,-1.59754171006862,-1.9270772001707348,-1.3524270326214165,-4.247454739304192,-3.2321253962491183,-0.7988190897171565,-2.658424536582951,-2.3792192743773146,-1.0943299074438302,-0.07834575768301114,1.1689658831298089,0.5286826661723523,3.6163621700067314,5.190631507699519,5.50761726186179,5.509083220170162,3.597891861850118
-0.4406487764271924,-1.3269913490119187,-1.7639946151484251,-1.1817828945678353,-1.1506641818942502,0.4104418554437358,-0.654545188955564,-1.5693891226688297,-1.0917490467416893,-0.17867835172661187,-3.3335333075943847,-3.500670564961228,-2.6255499304944467,0.2867063238810012,0.798380622724369,-1.5760960760274758,0.07977236533065994,2.418807276821123,3.90327295781242,5.698314364580914,4.374849592636831,2.5197504672771815
-0.8501216577065153,-0.6518813562582371,-1.876995080245536,-1.9549378707369183,-2.0987547793622916,0.09173981579718585,1.0739705523982237,-0.9639470933007005,-0.48083408064759364,0.4175255566099306,-3.3502184374608803,-0.5350992002350833,1.1122765687727647,0.08144086503266684,0.43405941222807953,0.9428174066324312,-1.2607738869645109,0.46879717034482693,2.220384309773112,2.3453286267125755,1.9142818307713774,1.5272288764178805
-0.7605527423451832,-0.7857823296612559,-2.1784427827710973,-2.977810430340963,-2.0942947154088305,1.1431470852525203,0.3014595743910929,0.41237281155101524,-0.4937853485308818,-0.037130463259686414,0.46967036842980486,0.6754776140996216,0.3868384602463951,0.03219141677198332,-0.1886337898128791,0.5295354308804727,-0.8636929929787344,1.1401645110509546,2.086970101333658,1.745791165275837,1.752264470132692,1.2511559180690521
-1.1743851907555385,-1.3885795664877436,-0.7824351906775838,-0.5621232997784907,-3.3705618464447964,-0.392352548974363,0.10010289621151562,0.6235885084979327,-0.7787193735208534,0.5562933110331068,0.007754054307149633,-0.19528321794512665,0.5566429441945324,-0.03187890189940705,0.682254971364457,0.6219056249322635,0.6317154411013766,0.5434778794416226,1.7991705677364038,1.3425148830634435,1.26716928837165,1.6048851480205895
-0.05784577428613733,-0.5995368542920875,-0.0332409649323557,0.39915548379019616,-0.6574205214283503,0.48797403442384746,-0.23117887678196117,-0.16861118221604118,-0.7859247025863195,-0.49068962320035936,-0.06501098012027229,-0.6552663898364168,-0.15011714808822485,0.23903679859803656,-0.04576778610858244,0.5260009497203382,1.7059840496745304,0.876982312495285,2.329466124232188,1.2219192751492522,1.209274365539734,2.502057573565954
