script/wind150m.json
{"header": {"parameterCategory": 2, "parameterNumber": 2, "lo1": 3.000054539987559, "la1": 64.9999836372058, "dx": 0.5, "dy": 0.25, "nx": 34, "ny": 52, "refTime": "2026-01-10T05:00:00.000Z"}, "data":
[rows 0 to 23 of 52, columns 0 to 33 of 34]
-0.614516878765341,-0.6782748717938387,0.6397136479284079,2.2426386896350174,2.9302766728713925,6.904229874994129,11.834915893191711,13.489243704285704,17.245510019660074,13.987650327819182,10.348672787876394,3.984010676788556,-0.6100113561731296,-0.39181151515139895,-3.2681459096842294,-4.457628960241587,-4.844433879202842,-4.952617292605607,-7.733789559830881,-2.9897104586750474,-3.4178330959500016,-2.3658275064786083,-7.122641524587275,-4.407611674655163,-1.6762590902304462,-2.026563984355358,-2.5857020868759784,-0.010540128176960485,-0.6100722120181906,-1.829676454327656,-1.3172256354165788,-0.9859728137979658,-0.1791397687735162,-0.5138147440223347
-1.6700553073239186,-2.7146923612127853,-1.06682079975487,2.9169954875499946,7.112903764982931,8.572692575204965,12.203354830059764,16.083610347521414,15.29092658695123,13.196320617783767,12.132655962019154,8.771625033349713,-0.1360519391380548,-0.3772679022351642,-2.8401095398040135,-3.924226974650627,-6.868371640856747,-6.540583254713092,-9.363430419172794,-3.1891499547950666,-10.045136294987477,-6.387507632677636,-3.829898472012729,-4.516527408594148,-3.6666323644815524,-1.7897987609971155,-2.245060098978093,-3.2004051177690918,-1.268726227529645,0.8045302276162358,-1.130781501826089,-1.8627643904262303,-2.394634870772692,-3.6833072054258174
-2.4581364824108145,-1.514036000916772,3.384828938172116,6.656802590853296,10.092479088508279,15.558019124303078,15.270649909294624,14.211892335749857,14.290452192820865,12.920849296922208,11.634560321550937,10.450640837925771,3.6236097628709265,-0.03792964081469961,-2.4237035496703325,-4.380848287125213,-3.9464125397034118,-9.10303605451778,-5.831313428856481,-5.008090996265928,-4.845127391017699,-2.671865233568956,-7.937379015570592,-4.137867178072163,-3.2226280300815957,-1.7240680470207335,-3.2780374300199573,-2.487913918522891,-3.459462268010617,-1.4032386215408559,-1.912426769596978,-1.8081845229726083,-3.9130602902600256,-4.760788134185787
13.760255706240377,14.116430320294668,13.861756196924453,14.14787254499277,14.13975754056165,14.098214720423183,13.699132536566822,12.960394156917252,12.856579900103183,12.403215053603494,11.338834783670954,9.785998740263722,2.7467151967982995,-1.0256826468855016,-3.584204385894736,-1.263388616740182,-4.194899032475485,-4.873083265166579,-3.3333440562278174,-2.3393249873465343,-2.0901132124734905,-6.595772739993218,-4.572278670923313,-1.5281056148883077,-3.831525317925906,-3.423654639143121,-1.985708825915996,-3.1923776335886997,-3.655472567228939,-3.9263974125774457,-2.4585979280541475,-2.417747349571747,-3.893444593728373,-4.92477479627106
12.779140342688834,12.564725586298362,12.674147437162123,13.28720281887704,12.88202807099146,13.091071491718903,12.896874834714739,12.431336121659475,11.949337774916428,11.659728861536701,10.45596211503294,6.581090173980946,1.5410153469936374,-2.9609419776475585,-6.580849506144488,-5.286607695151506,-2.2693051342678876,-3.9923666599151333,-2.1134089359270507,-2.641330639629056,-0.09992854997011645,-0.9872180385076117,-3.70606042682957,-2.9720364311750194,-2.5554854840242127,-3.1920343038205004,-3.3817609874465626,-5.10238269694603,-3.3036779652631045,-4.085452106661296,-3.312150453565117,-2.775435852830266,-3.590700257018717,-5.111776877175089
11.154660588943466,11.469725130054295,11.660577932931645,11.784509660935445,12.125733473085289,12.220037018876985,12.261924032374887,11.547831749093632,11.518047977384146,10.609649345514905,7.631466422316613,4.118964834199262,1.7317171931284532,-6.375999838712211,-2.5780291343261994,-2.988779085210669,0.2646208048944092,-3.8394398857587384,-1.1314392426564202,-5.078093837416085,-6.610888429107423,-5.1007700333784145,-2.3659757873428053,-2.5317824495114962,-4.640592382131489,-2.8906031298763977,-4.063844231006124,-5.770574955100112,-5.3566170888330324,-4.2994569833813845,-4.485691587975665,-4.114616177797504,-3.0966935841185905,-5.731711502825759
10.206082512343333,10.379750608127559,10.746364132354856,11.025892152747492,11.293568618392674,11.426044404739748,11.271783018112597,10.732879800699454,10.759161195227575,8.831348433210202,3.73971684862792,5.057331412973895,2.447485755611549,-1.6201233329519777,-3.5122325031476045,-2.007566486717938,-0.2145241228360724,1.6583434994629955,3.169463518115177,-0.4036342292479634,-4.791466297507438,-3.1493372848124896,-4.423031429643706,-3.7150450098227736,-1.1896849012373458,-3.8996548284070567,-2.5675615795790176,-2.966033114902985,-3.7570603786990007,-5.953106672954908,-4.566329509472532,-4.975325236214814,-5.890408093886807,-1.9468051933829769
9.04966643629482,9.355038620063322,10.04787171611786,10.481687541510711,10.521821343830608,10.786008680092026,10.174867635109688,9.83643781837922,8.762689612869853,5.951879603722361,3.319969236671322,-0.1658516962108475,2.855938514693276,1.8956918396633844,-2.678648963074142,-0.4802107335128872,-1.6659196129260743,2.236907483387801,4.430369113349595,2.0367254807899653,1.3747994297245891,1.3630018495882892,-3.339769262867459,-2.3566416697619474,-1.8380180495708875,-3.6217962071254783,-3.634347619427284,-2.7591388524871996,-3.0259281266872944,-3.6939718241728086,-6.094147912409415,-2.1941745493632725,-3.024071383501618,-5.420655691622425
8.107719006246242,8.57627083524742,9.107551876107841,9.83551523106413,10.465749108368922,8.931710669657855,8.612683423272403,8.63264485524863,3.731126650165067,4.9199460889736,-1.0529093584860973,-1.9097681265769462,1.0065181543381265,1.1510095322147547,1.2454296098905875,-2.742595990053145,-5.381529725045579,5.5873243988795895,0.04715196188968813,2.646055090502888,7.965119986268885,4.751958637957592,1.9253960209326326,-0.6121338006161539,-0.472111069365837,-3.0649835767006506,-3.380672059233446,-2.6548070889304447,-1.5477386411645542,-1.463236326153036,-5.470342398256892,-1.1207213365323154,-4.915867694607743,-6.132315492133186
7.075858261633968,7.822126227849024,8.163176508469009,9.281829409253765,8.181160846926538,7.508571999409969,6.617678831580917,4.526927048322981,-0.32373760303001053,0.021541790419283807,-0.45371396762032445,-0.5353073858845316,2.215765873363505,2.4930464869104556,-3.158586122374052,4.587082308922356,2.995588483447282,1.479793623889276,1.3308545352721701,0.9602800992015387,4.20771892356245,3.3003982050456493,1.2474549986476002,1.2611363683074404,-0.2551447732336444,-3.1749725677686054,-3.775046233591987,-3.7581108910035237,-5.183095986969132,-6.293731072617921,0.36601908577770864,-5.053984352454562,-6.361050323730685,-7.702685232316543
6.411384334240163,7.23834644806143,7.36587223775819,6.739030982678941,6.139773635331789,5.839213119716517,3.8945951192543418,-1.4402337222169386,2.4089046628588675,0.8852292481854965,3.078982982365472,-5.431701164527377,4.572103521174677,7.7486862065992606,5.399014612464686,-1.4317376867589569,3.8272290406803977,-1.6499324566566314,1.3869831431907382,1.9167310123431909,2.601951360582878,0.5096450845337892,4.087905800504618,0.1770527512685853,-0.49348229101891533,-1.8788462675306326,-1.0128482854085978,-5.1175722530236305,-3.834750071188248,-5.9616104689530065,-2.414199472623545,-6.5352356418151665,-7.584064556217349,-8.152455896723412
5.249133340443424,6.1735701002869225,6.691842347026241,4.631636835672059,4.43804041962944,2.4837023531039453,-0.902062064516448,-1.794836516168761,-0.8943942674341214,1.548719234538842,-1.9188634534431555,2.303988359421906,1.2707570897212497,6.126808055133531,6.086669393611093,2.164138306365383,0.7857173034926676,5.352632064659569,2.521895321637574,2.715062119073642,4.136339593971153,2.0771077362109946,0.9315172428051103,-0.12409893169593414,-1.3297021509107598,-4.026855195239545,-5.767756049336403,-5.185522364421559,-3.1125580741289083,-0.5308329123705532,-6.442111021691173,-7.051295825453952,-7.926187998491591,-8.756073673967379
4.302241116696536,4.827159636332066,5.43584237555108,1.342620870244026,2.088432599594026,0.881941749302151,1.2278561056050363,-0.95284879266604,-0.8715019333577522,-4.412870607110988,0.6690788291903059,2.739472799796324,2.450238558829348,6.239152853311839,-0.3426879408444493,4.200838544046713,1.4376313691482157,5.750679824511565,3.5557227140517096,0.41639322727914424,0.6994987694922805,1.3401132723924054,0.198443382883465,-1.3678938266466516,-2.168632150521133,-4.525379429398573,-5.709018360482869,-6.1348417388431935,-1.9229460191670684,-0.22648787749586022,-5.813045988560293,-7.186023936986732,-8.681714683464241,-9.241762363869169
3.0214135599424106,3.8059011913976613,3.8988700232210975,-0.38962455312232486,0.9195125496420286,-1.3693073215167666,4.438388300707644,1.2629118350641306,0.18287990770799772,2.389482881946735,2.4172993456261684,4.826418859301723,-0.07317817215048183,-1.1373388138779257,2.86307618264975,0.08785835822203562,3.435846732877921,3.016100076117916,2.433158588400588,2.0731953958056533,-1.03063232155423,-0.19193357933882438,-2.224215302854657,-3.217391799896161,-4.276214879451752,-4.834508568078915,-4.113996659250187,-2.267011713225381,-3.124540678395389,-5.412226027303245,-6.324667919207768,-7.992535773984248,-8.638343679709806,-7.991227892693425
2.1698490157860095,2.6707217569124837,2.7830389575259225,-1.1093948631078026,-2.2960037046924144,-3.602585956578147,2.1455597888174447,0.46078464275714387,-0.6230709861273022,-2.147773096170877,-3.090121232592433,1.5087479761762561,1.3135207132794713,4.221847283908899,3.2817769205070433,4.2649252593778275,0.6335186622944308,1.3917165971790288,1.4555251010605188,0.2014662804956357,-0.4846172770072506,-1.9804571770637356,-4.3917873442098845,-4.652764379270881,-4.7918313049478005,-5.7632720238093675,-5.445900436380068,-3.0726232577440635,-2.7479929635633202,-5.820040253981513,-6.986527011702092,-8.014200416037495,-7.816452109949613,-7.192127280763797
1.1792520128005626,1.9283634278866615,1.6998634346072146,-1.9733264634746581,-2.7602446464979304,-5.484834852470473,-4.6575493999150686,1.1823424999022434,-1.1932988790524808,-2.5649229707131758,-4.413101291195026,1.0535878942858028,0.6179056950786648,4.231082566365449,1.004319637333093,1.5072134564399313,3.3947015311591495,-0.06624383088138025,-0.9638915535505872,-0.15297008170541773,-2.29432380657299,-2.505288479148289,-1.7867785177116204,-4.494286342503792,-4.546514181969653,-5.933166000736483,-5.64455641803586,-1.835296906462408,-2.9738981798757806,-6.106667928664566,-7.222557760370631,-7.575281818592541,-7.183480305439931,-6.744049942273457
0.41162889316684775,1.1297304100221388,0.9370713523811203,-1.9733013968050708,-2.239895527222096,-1.9631011228894508,-3.0008446352298956,-4.205000381223012,-1.1883563938153898,0.6236602116686135,-2.165847479778356,1.7989963999615122,-0.15843110445009745,0.6472824472737284,-0.0027361195546801546,-0.2393964035770487,0.35886726764485327,-0.6557564074618071,-2.4681064662369696,-2.191010852267364,-4.992782620761046,-4.219878323206007,-6.0079502120947845,-3.6917533548087453,-5.9023317248907725,-5.265667957232137,-6.4777905811048875,-5.8438850357482774,-3.1085720810414856,-6.086712728671041,-7.302075176176736,-7.105880845100206,-6.875763679741961,-6.55326233499233
-0.3636434730988686,0.542205689263101,-0.19696567398801978,-2.475350576453619,-3.7900358100222853,-1.953361094720532,-5.754122107825271,0.010756157753394651,-1.64683505188167,-2.1462479572704387,0.566881706151253,2.174632953250658,1.1202876127384007,1.0383579550802065,0.06357938198565652,-1.073971242825075,-3.704098785051761,-2.000391088260569,-3.8538956553711587,-6.214393360107038,-7.732829938890497,-3.791803966364681,-6.072472109169807,-5.852514960731305,-2.997633325968299,-5.789003513159461,-6.037898888153043,-3.825776453914848,-4.307812309368848,-6.139302937718195,-6.862770016552305,-6.4493609539262575,-6.925141756745207,-6.507712269824902
-0.8751270025140753,-0.4556850986837661,-0.8547459579543792,-0.2252453113976507,-2.388045935368629,0.06859284635021175,-3.1170401555586165,-3.121957967511084,-7.941775713220006,-2.457548827803347,1.6966145479546975,1.5273122712191862,1.983174203308752,0.2033316015903676,2.6562595967680918,-1.8387967758918455,-1.1757766117207875,-3.7640772355738648,-0.882414341753157,-5.645656723024208,-5.0293205268834855,-7.549898794588745,-6.275888974594274,-6.889402026234303,-2.3584707348398166,-5.4940252307017134,-7.4477736139887245,-4.959521658501619,-4.934622257272696,-4.591540082975506,-5.7804777985659666,-6.239682543231947,-6.383622938107846,-6.717625776686755
-1.6231109880902632,-1.847711849764152,-2.084877594297274,-0.8910673452049914,-0.7380302286833118,0.9626876598499717,-2.53533050311793,-1.6211618955659524,-7.617370746821617,-4.259451383144934,-2.8095116211776068,-0.9250902949122424,2.6397991265166,-1.3509004800059792,-1.5456340420057026,-1.2979424389388277,-2.6296291774820504,-4.4306659516805205,-0.5558260516781895,-5.557655565996482,-2.958242250343503,-5.647075141554084,-8.411709376121046,-4.8056514570788815,-3.3127683109583,-6.046222356510732,-2.591496638539506,-5.69668529161232,-3.61226396172151,-4.503239012130134,-4.456064743056348,-4.4832354343617284,-6.134991080647596,-5.9488408559365755
-2.665204418814076,-2.239789762152788,-3.4204121727208436,-3.6677212268815658,-0.6108763204906589,1.4113275139560921,1.1857627711139767,2.0363363665279404,-8.853507423755204,-2.6690295164566575,-2.8579792835464715,-2.3784900092471855,-2.3394662764629266,-0.0631527490299913,-1.9078417217244628,-4.204128169474255,-3.3257686745517074,-4.931976871165504,-3.8898849729677387,-5.944618420190776,-3.7686317870163832,-4.300763125496302,-9.47453097366782,-7.625212305494983,-6.343287483648162,-6.249067845315451,-3.7646203286171533,-3.752283510809186,-5.187222993258063,-3.8750320654805392,-3.927738900073987,-3.8856863910192003,-5.639124802323363,-4.893983989512611
-4.126604866213659,-3.4440725287156524,-3.3024375748026777,-4.040152022023558,-2.732208545382116,1.3718189554773448,-6.906513907447054,-11.779304085656566,-9.715791391553877,1.0195014250560936,-1.0008072348844277,-3.8699948706666025,0.41034752402625757,-1.297606158316339,-0.8958339522131592,-1.5241857019767708,-6.338351557097885,-4.645463639709341,-3.9298887239687392,-3.5264445483024285,-4.957646355484667,-6.993275574232436,-8.30452010028207,-5.835852127689244,-5.497044030629738,-4.748200440218988,-4.118746887208216,-3.879452221529523,-4.8377323449193605,-4.273661353475037,-3.1698739023550173,-3.294722029444771,-4.813563761906519,-5.453729485841069
-6.325074781735863,-4.6602150072985005,-5.3883371265211455,-4.324592282663751,-3.6107819350972243,-4.033435561957069,-11.563565574744057,-12.21726703423034,-9.274670786859053,-15.398386587656782,0.41109879913630015,-5.953342066642798,-0.5829863605944186,-3.6177227539534873,-3.9251852661168094,-3.7098381541915195,-7.361581977761238,-5.324664812106321,-6.088376033640753,-3.4782575468301515,-6.5549546540143995,-5.224208730464171,-9.1360408767932,-8.664878661253672,-3.90808604003543,-4.477604485531307,-5.203635838605924,-4.573165866568396,-4.2477303449249755,-3.229310289651872,-2.0512270500657412,-2.1184365360293094,-5.771906208236988,-6.573124871522701
-7.716063465010146,-7.593439186788312,-6.103927049069095,-6.160555400500335,-4.295929070555158,-2.801408772301019,-1.4020885660305615,-20.52475221213296,-16.328695580344466,-4.783935249460688,-1.3095121997166221,-2.212826597426733,-2.641693873744811,-3.1321879195154843,-5.428938247781634,-6.184997089613002,-5.587302900142315,-7.2478772128309625,-5.928144923688779,-7.27206941379952,-4.213510759188002,-7.943734986333688,-7.980492107788567,-6.072569914190983,-4.772814805327952,-5.288187144210591,-4.606041508738514,-3.845400000470424,-3.1934274444438135,-1.9541043371807172,-1.7090970929635292,-1.5163935327082378,-7.128739453391291,-8.021050049629272
