script/wind50m.json
{"header": {"parameterCategory": 2, "parameterNumber": 2, "lo1": 6.000198445256149, "la1": 58.999992894266676, "dx": 0.5, "dy": 0.25, "nx": 22, "ny": 24, "refTime": "2024-04-22T03:00:00.000Z"}, "data":
[rows 0 to 23 of 24, columns 0 to 21 of 22]
0.1701881737134051,0.10691593171675833,-1.8896908428196473,-1.6239175091640812,0.5258747275798814,2.764720119129185,-4.7058454909271346,-1.5124935263324726,-4.607975600951522,-5.392466222859032,1.664072747486461,-1.4316169838700676,-0.22179359115946837,-2.240105045359239,-0.48740085259546667,-4.793923004665436,-4.624926035544427,-4.2729092183132025,-1.8952560112378476,-3.1446300818563593,-1.2593262844394526,1.8323013278280098
0.37895921619766293,-1.0713312401159214,-1.8203312070057072,-0.7488461225366925,0.07546458712029645,-5.142217116223076,4.652188851625698,1.3789220055770268,-5.322874262909131,-1.7681603736808333,-1.8583215118063319,0.5383979613321277,0.8182164070385873,-3.113544937669471,1.1572415159772265,-4.709842068257239,-5.511677285569159,1.9255689676367242,-0.5032857884924815,-1.4000030140416975,-1.167672390058546,-4.813579540459134
1.827763033205851,0.8495269065201719,-1.4472428113027112,2.1399664005039893,-1.3105257873394829,-1.667378135046252,-5.195361239073009,-2.586227534846882,-3.38659724066767,-2.024913182658226,-3.9799130696981044,0.6701452292334739,-3.759852581235937,-4.132543052574258,0.8101064687501575,-1.440976437187242,-5.227053944503937,-1.2350695668947633,-2.764575157258739,-3.1521703576413684,-4.760958265973993,-0.6498698237873203
1.6051926313886817,0.3018488175188074,-1.1496906907409952,-1.6268011835121094,-0.6467677767721192,-3.2475363099158185,4.722712959802485,-2.9550407691386154,-4.52714827244765,-1.867923736285592,-0.6041986644270002,-2.961306264622531,-3.947415387701543,-1.3313254411054203,-4.040086568233507,-1.572714018990626,-3.8811058052040166,-0.8216750024457651,-4.845072685215085,-2.8421862020708137,-4.128889829531298,-3.307914242660055
0.3949036506362971,0.6188781602492014,-1.5450444403811716,2.30879446629642,-3.294859506954744,-2.9844353613028636,6.235557072290115,-3.6938690915397387,-3.1777173523481723,-2.08161110053619,-2.2296226450362524,-7.481338061701101,-3.500714047464033,1.7797645068379382,-3.6119357220855584,-1.1828307401328413,0.5762886014382761,-1.2779263422452694,-1.9411965434463552,-0.05391617286540612,-2.1952785283118583,-5.045649469741083
0.7115415664804313,-2.548201358787146,-1.3934288891377409,-3.376092352345891,-2.817529272870338,2.801034930861186,-4.892972363638989,-1.659133387816963,-2.4056949404574706,0.4613514321487272,0.16076485665585935,-0.42060890558853953,-0.879264880016372,-3.3354008369516945,-3.3278740591740217,-1.2605305779509672,1.3246758473934968,-5.1907556597270235,0.44854622302879726,-4.270091203883603,-0.9030022377806121,-4.91731118552667
-0.7848339769067996,0.7133629788796719,-2.3097371669355518,-4.2027974369965735,-0.07955883149376454,-1.7725480226361752,-4.705753708312084,0.9128370747040578,-3.287663208256508,-3.1230496235022787,-0.15597100905910508,-4.2497763970249265,-2.5283873663772045,-3.073917883890835,-2.2859185313008594,-2.429831523308177,-0.5045824688324406,-2.8229765893173306,-1.5834245163983864,-1.555735845141979,-0.878041384697945,1.5571780549432734
1.1451907948292508,-0.12207132579493267,-2.5275345504191695,-0.38104262135791106,1.1483504929728572,-3.669610429478781,5.561034831857786,-3.8174551801742704,-1.6862192309693103,-3.723714346669185,-4.481837874688422,-1.725774481337025,-3.7107194225326405,-1.8889601551125825,-6.241683299717289,-1.1854962645298703,-1.4239605626304035,2.104716777366673,-5.763167488724265,-0.365133376288842,-2.9399606618248506,-2.7053494929171125
1.5191960157607596,0.5727855099730934,-1.9376214939826388,-0.5126239112414931,-0.8196712087239909,-0.06681216086472455,-5.346448493846714,-5.091665037983844,-2.9985698606494555,-2.1699841502304986,-1.9881578375957984,-1.3410211284026325,-3.1832211945924525,-4.746059362501323,-5.843273275057056,-1.6363500290716826,-1.7908558276774447,3.0144601071181847,-3.30921325987904,-3.6001061108359815,-4.6081996169582595,0.6199268495865208
1.7575273196800667,-2.5994321583015316,-0.9016322894558518,-1.992159663924627,-3.5606705877438323,-5.180118249409531,-4.480893811643341,-0.5522428708686599,-1.6048954217138294,0.8897753361977997,-3.3185490000151896,-0.8301277293129952,-0.8080046252162213,-4.057622771715228,-1.0242184124996456,-1.1990925097716785,-1.4198017059360049,-0.5776929904077426,-0.6807469443071569,-5.0352563452839405,-1.509384516267249,-2.9162142434740383
0.6149463155691176,-2.508535296106113,-1.7832426707714388,-1.8285419364813857,-1.5907201741801416,-3.3981480836727407,4.846466744312278,-1.4132369819386317,-3.152133368628119,-1.8188622378779227,-4.927694173344046,-2.794052046477944,1.5774833440762455,-1.5033861103715012,-1.5109327035789937,-1.6850371580970245,-1.970844671602493,-1.9177140944148119,-2.0620496795722145,-1.5403537487302204,-5.243016686183396,-4.9271061055542535
0.7350271794267635,-3.089198175710055,-3.3319623285706585,-4.227646839075526,-1.074897888367344,-1.8247817751386264,-4.968548582231175,2.7986183197553687,-1.12287028265662,-5.779530745846672,-0.3040552265786923,-0.8774561816693397,-3.2827049618875166,1.5682008975193455,-1.513651132358527,-4.237748194753034,-4.6535924374327555,-1.105532061620077,-3.3120827741645877,-1.921078189889895,-0.39928635783200006,-0.719536301619908
-0.2337339747040886,-1.557947571402508,-2.4412570860451455,-0.7842791971013602,-0.9661782316026253,2.541463460129827,-4.527910577913457,-5.169732882097788,1.7631826765932395,-1.2774579221060625,-3.2730668393009514,-0.5746713557638226,-2.0749787886506788,-2.8052530517267513,-1.9700405705376667,-4.701623681032314,-5.0631889935219645,-2.396377581902426,-4.977949937760184,-3.5090754116165535,-3.1649861639668955,-5.164552468062104
0.22835677318607425,-2.4520247586081347,-3.9142846377059546,3.3873822592015634,-0.7540247966363568,-4.481537559007827,2.087046606207611,-4.436492260055016,-0.9130164599599242,-1.7482860862680925,-4.209699243624748,-3.684949817662215,-1.1436842607975872,-4.125102390258716,-0.8240794080719889,-1.21472579045081,-4.815860686875251,-2.6034137881468773,-2.688188425012965,-2.9379229934844857,-1.989523684331326,0.6460965414278971
0.3918835696163526,-3.2200124843181204,-3.3165319210346897,-3.2508397383216496,-2.353665162167039,-2.4193282488590295,-5.0406070898907105,-3.5380675537979056,0.932390583384073,0.27696201789216746,0.12854330151679463,-1.6360824147013857,-0.04858048721087821,-2.569007430410678,-0.7415243454284605,-1.9686953512155467,-4.388358010754516,1.0727747327728852,-1.0749205040542045,-1.5747942748610169,-1.7884069057427596,-4.5866296320271545
1.4863778141324095,-1.923452206107838,-3.355244283476573,-2.1204263646976287,-0.45430225956354553,-2.0497458306336416,-2.2402010597357656,-5.159006493061933,-2.2987296790489875,-3.639301746710383,-4.887526356552841,0.11642299836105645,-3.2698339548987154,-2.9580371259861433,-0.3953816002509737,-4.822234530808303,-1.9872666219227402,-1.3571573052626966,-1.7361978552745172,-5.115974182520495,-5.2250688763946,-0.741104274213239
-0.26032913955602416,-2.8495871768973515,-0.7445624627404122,-2.5115905454068415,-0.4445117516560075,1.1754018940305382,-3.265210446949604,-1.2083397933660789,0.5405171473598548,-3.322020692166724,1.0883709094842111,-0.9619112004082301,-1.9117687739652358,-5.347774453507929,1.4152439521301856,-4.460724902534623,0.9072729190675821,-4.958010518897095,-5.4845453488309115,-3.1999858722532073,-0.4640093882817397,-4.110487168124223
0.32940057023234964,-2.68197656359133,-0.9052564132528724,-1.7954634783479917,0.4424240839424193,-2.2205651448703465,-3.2079758506273,-2.475351558239691,-2.113626745018675,-0.1209018196231264,-3.855937497393153,-3.571138720374236,-1.8395558216275347,-4.074411807085762,0.25983210382888994,-3.4861188452038205,3.4231260876608816,-2.768600333508486,-2.0740401999881892,-1.0639661053191523,-3.720404360135195,-0.654614357655175
-0.007541891859034949,-2.7871202923274137,0.5765940855416497,-1.7907936049273845,-0.7870472919375947,-2.4174267623456744,5.364734770852528,1.4993822084594826,0.3217609290302272,-2.10263185256823,-5.58375700893423,-1.6254416149194237,-2.0766384762470276,0.9505756881754877,-2.075158575520579,-4.128954904728735,-1.1269371222561286,-3.5499141073217144,-0.8045298276217133,-4.474586903997756,-1.306525594797407,-5.237504396126814
1.8290082321780496,-2.4078734539949163,-0.6569403966716519,-1.6322889551202273,-3.556306408545882,2.7844193011629437,4.6292096495941495,-3.7103474517798656,-3.426449110620363,-2.0762796362454536,-0.35393719215995917,-0.04404729865968453,-0.36172436029582855,1.1094804014299757,-2.5590504278657304,-5.285501130083328,-2.6399176782788834,-0.05286392408795428,-2.6413233081953966,-3.2658416614101204,-2.1750107761326034,-4.980074609802289
1.0701897169816483,-0.24435184984599997,-0.1174593719836254,1.966648547941494,-2.5400787288844393,2.011353221990343,-4.830466438453149,-5.2465098058093895,-1.844223114278439,-4.2704082765630575,-4.639159325920702,-4.543550290962563,-3.797046410605408,-2.0812051117323924,-3.1559183335395318,-3.112323098065605,-1.4402241979328676,0.5140967328294546,-2.9851398721019673,-0.3454996295788667,-1.1582095073062408,-2.865836034360877
1.6430278663992341,-1.4560061274981353,-1.3063639002736716,3.073882783069178,-3.54006536096797,-3.142302740735692,-1.981477839350081,-2.3863473642848643,-1.2631805427412341,-0.765447817758009,-4.191184735681405,-1.723084244636177,-1.279791314228173,-3.434450512091562,-4.008707049600317,-4.993262542401459,-4.2786308587957365,-0.7050378048156043,-2.011978026240575,-2.4764013461377736,-4.393109045232577,-3.124588329173545
0.34732635628297603,-1.835332403981447,-1.5691042746429933,-3.311990135615008,-1.282573855546739,-3.7944870231508445,-1.3359213818847528,-2.5747723469279893,2.3956766242154313,-4.1692520200308865,0.1827463328374667,-3.392544368885083,-2.059106371317338,-3.0245782496666305,-3.1105549231796745,-3.3011949618503116,-3.790481929237359,-1.7838069108273946,-0.9211646993907847,-2.2223402729301975,-2.526043286716228,-5.043782621773126
1.7473215251488723,-1.904224027370654,-1.25727781298345,-2.1073399629573157,-1.7893843843785406,2.741131676235333,-2.4455047517598567,0.8991433717387547,-1.0469310011193844,-3.5134333161664717,2.361805968351302,-0.10239909365712399,-1.1713578840733763,-5.174937850031278,-2.6195058144364487,-4.801990660927826,-5.026995345783957,-4.458175654924166,-2.0845756491093193,-1.268618771335363,-2.5575460060499386,-0.03218263104642819
