script/wind450m.json
{"header": {"parameterCategory": 2, "parameterNumber": 3, "lo1": 3.000054539987559, "la1": 64.9999836372058, "dx": 0.5, "dy": 0.25, "nx": 34, "ny": 52, "refTime": "2025-11-25T05:00:00.000Z"}, "data":
[rows 0 to 23 of 52, columns 0 to 33 of 34]
-5.931329204670006,-6.5605946096036964,-7.535141859018422,-7.980525959580549,-8.31360142523111,-8.009260346408055,-7.491609274423391,-7.3942973738879605,-7.285116833064433,-6.888347360035037,-6.394553837850862,-5.222660814815066,-3.4898943159294924,-1.8394549195670724,-0.7220250934874576,2.0015422374293013,-0.3602410063437837,1.812405997226472,3.10563444396532,0.8044989012048905,-0.6042578670151041,-1.2011800369099062,-4.312560041647596,-4.022373857499979,-4.914171867226661,-3.8668771496995826,-5.919465320569063,-4.194308140253013,-4.695692551744936,-6.2569635321643435,-4.2978460609234945,-5.768415889423381,-4.838108155861501,-4.6701877826142075
-6.195128013267154,-6.82922637624012,-7.434183143406226,-8.004738113520702,-8.328282160153154,-8.02030178045112,-7.495467424817153,-6.933258458563223,-6.76814094097586,-6.502690822648845,-5.387928620703873,-4.210377895831354,-1.3907356590576354,-1.7966123969996113,0.27170630657955025,0.326524088296901,4.308452897178363,6.166793017096508,3.0593313142801692,-2.792630544569938,0.6115324403482533,-2.834342211457156,-2.3816296847862906,-6.434707542279718,-5.460823561585466,-5.153635208568167,-3.7666250913486485,-3.495222552073502,-3.3172487071195875,-4.004391188134659,-5.153434304818787,-5.252476478094887,-4.499504686726653,-4.921679909899536
-6.352221285580066,-6.908477480072931,-7.579275878276452,-8.063544722585034,-8.01191732396284,-7.829879736276697,-7.377584082113991,-6.7710470924337,-6.424212556220601,-5.653696788743129,-4.430624316433456,-3.331146429698386,-2.5447815304801256,1.204624187622581,1.666943369111218,0.23610808663744476,0.6180814848371847,4.776091629956593,5.360516858171394,1.3997660760990174,-3.6069695923573493,-3.859580345626374,-3.873954378863533,-7.328019829630033,-6.382754247335606,-2.945647275720049,-3.466378609465144,-2.8699154478830566,-2.9117383521358513,-3.2880189863687033,-3.521658102702281,-3.847230862159574,-3.7677605279485538,-4.549588743077285
-6.477192601401866,-7.027257592408631,-7.500389098528625,-8.088180885011802,-8.170620350502002,-7.824710034078456,-7.262693394988949,-6.924890101780948,-6.248578887584516,-5.228214252183936,-4.147932407320123,-2.602400451943689,0.1275388183564348,1.0137809907599662,3.580408359150042,0.268590228489547,2.1819341586638976,1.3372665076688546,-1.047320746749206,2.6274225142276624,-3.666902296320986,-6.350215649754752,-7.043740295629953,-6.788080318458534,-4.826635069037281,-4.687311001550727,-3.852954158137159,-3.1653854870202807,-2.836536844223107,-2.8241082701946474,-2.5014528501381723,-3.1425641810881375,-3.156744541556881,-3.9980885823539394
-6.526613792144689,-6.884921007763471,-7.003386782252752,-7.30465822954545,-7.293502452021668,-7.081055125616419,-6.636817244829248,-6.108639121122516,-5.230434900344855,-4.298169893960749,-2.337460404971158,-1.5207661390199898,-2.0638728011471748,4.378252566356515,3.0975381236971837,1.3564713066048655,-1.24884107154416,3.876181020678577,0.518493796288226,-5.951855663647936,-7.554678219629314,-9.090873914171041,-6.990569246996663,-5.592726738326498,-4.218152060115908,-4.633420023921874,-3.5364885036352174,-2.2904728667755743,-1.8986236038881181,-2.133277449800369,-2.6084668330158385,-2.3640477962125708,-2.998058390252151,-3.590268330021374
-6.297360960095894,-6.1495942842256595,-6.32277500442129,-6.540882636945749,-6.687597650208167,-6.604667228631422,-5.843766933545466,-5.370753813426075,-2.470507589482084,-2.8234592953764035,-3.456792874892789,-2.276552833956758,1.2600311026726145,3.7731333848394297,1.1724341697245926,-0.578419306810278,2.320051366093156,2.0156355646432598,-5.6852975692227625,-5.3544839925782535,-5.270121181979778,-7.778498259381456,-7.175570544455485,-5.611281560282606,-3.438396491090032,-3.829900356166231,-2.9341042290820627,-1.9669973359420956,-1.6366165219030382,-1.8926372144359798,-1.5058277028701972,-2.3066064257804246,-2.738459887333162,-3.4306550735910273
-6.096859818021867,-6.019281991711949,-6.259356563809666,-6.462359081621754,-6.235434009782249,-4.2492036143178655,-4.601680377853866,-1.9548195718304273,-4.458685681804389,-1.1317629689005875,0.46052620288577917,-1.8660962850034197,1.241727793706778,-1.428675098123531,0.013927617991853825,0.7559450594882471,1.2129619331758612,-2.5903099942332086,-7.931900238516913,-6.031393064191571,-5.265103432892035,-7.555172350220192,-5.4495271056881345,-4.896223678232422,-4.948626652532902,-2.8797824171119895,-2.9233361677914993,-1.9226485971795513,-1.3417921754006088,-1.8411011421435106,-2.646070766761883,-2.662694892549018,-2.0210886093030926,-2.918688828154804
-6.403890831747029,-6.454134537691067,-6.07538370205602,-5.113661288917784,-5.00352249694494,-3.8755033175319693,-6.557400684431006,-1.5122192579664318,-1.2210607950456147,1.2009049763568354,-0.792622414505152,0.9304517480525636,-0.03383046148257394,-2.900832660801175,-0.5674544846494962,-2.2585090819723184,0.7782764043667563,-6.284246325902906,-7.171857686045832,-3.692922714502137,-8.34356310679821,-7.060240776012101,-6.436070602774213,-4.778229385260612,-3.5973588200530755,-4.40651448524452,-3.1379155209448393,-1.6811833174203425,-1.9495727264633287,-2.900397250257629,-2.1515948571913546,-4.411169314578488,-2.1816063761153552,-2.631582402062219
-6.814200216348657,-5.967260872614219,-5.5872539611401635,-4.865989065015004,-4.200885043472633,-3.6212226993799064,-3.937854662622765,1.2415338703029781,-1.42766935419902,-2.6870217160042964,-0.5592803056881358,0.5447500909433223,-1.2335225407757684,-4.047014849782211,-4.1808542057344535,-1.420163829857849,-4.5456305761563645,-6.076086742182909,-5.659706844844858,-9.934218538142494,-9.500237334106886,-9.993132926222401,-8.305193177142568,-7.022136222784652,-4.934557723952598,-4.557192391147637,-3.8542535596856204,-4.067509337820439,-3.309497113096558,-3.5876846917503022,-3.409948453749031,-2.983406578347457,-2.7854308548881055,-2.9775055503244636
-6.617024230740234,-7.393935214095441,-4.629403765330906,-3.9419526638140687,-5.1770516580559125,-1.2952705793612798,-0.5624138349209702,-1.8661217112921589,-3.5541350511355136,-0.3651854325456758,0.6879523256672527,-0.6423457545659009,-4.753353766069749,-3.977143883767782,-3.802887433361325,-6.297856962433575,-5.930867747499058,-8.476195761995609,-8.749671949581572,-9.714377845471743,-5.047852334145971,-7.749218302159199,-5.09774884344923,-6.659549161660764,-5.480278475971236,-4.760048529480172,-4.795069068438216,-5.407287904316926,-4.369691149315074,-3.03740304074196,-3.9636801886851964,-2.502674509827664,-3.7778867686099433,-3.807795746068877
-7.146669959382475,-5.411139300657291,-5.502235581085065,-5.486862870312759,-1.8540596574689714,-3.5799646384838977,-3.140311250443487,-2.347492634309118,-5.414100736961483,-1.0553141752754467,-3.6904162499690663,-2.963876644807784,-0.6833059392203088,-5.117184497419558,-7.392046525241374,-7.440764523062916,-4.933767606969867,-6.583779718166738,-7.874606131999308,-7.049772212290709,-6.970216842477529,-3.042755464043217,-5.1186433523019215,-5.72219502415434,-5.447443746874228,-2.6982044442588706,-3.905170276519236,-5.092920444537164,-5.5242192416903215,-3.6166717977912395,-2.0084909420556416,-3.6003229758306934,-3.7486130362768493,-4.391062201958895
-6.642818071932539,-5.038700374681918,-5.420668083491081,-3.1329926027719046,-3.863232301515926,-6.477694701536748,-7.468771628785097,-4.426033333523119,-1.8481618181335577,-4.484980656794012,-1.7286049488473187,-4.005630588295216,-5.083507118006973,-5.243357107219638,-7.4637399666928435,-5.125255036077604,-6.738875771631046,-8.302218536910821,-6.622697663527777,-6.087620776090775,-5.33023916669744,-3.4524830086120235,-3.85073248584284,-4.213387733428078,-3.702569108447316,-2.5596136955179287,-5.934167032609178,-6.734042918532223,-5.784571913677136,-4.48578497215629,-2.577486985294576,-3.881149449207893,-3.7467908251949713,-4.821603470619339
-5.964125544466864,-6.694322210442787,-4.81211243323786,-5.464049962836259,-8.78483617269792,-6.5681940538770585,-5.738634243393568,-3.6813547883689863,-4.314133114291853,-2.5770536761016545,-1.1249074977559295,-5.719885855037616,-4.08808849541477,-6.002106510000697,-5.399799486380767,-5.807871572736934,-6.395819481627077,-4.2722027158768,-4.954908780525305,-3.691825289842878,-4.744101494693591,-4.582270486665501,-3.9322073223777374,-4.36036763121099,-4.113156130869329,-2.9830473652418625,-3.589926239225273,-4.642617414418473,-5.211796275484179,-4.679201321981722,-4.340084849077948,-4.332528631624254,-4.489885178306543,-5.0207108309851565
-7.284459231591103,-5.6688540574654205,-6.369379259455603,-8.71573426108867,-6.566097040334101,-6.913679414825626,-5.877142465898811,-3.4725021497030997,-0.9776354048052281,-4.152829600701869,-3.400880706492831,-3.739115366552808,-5.086931631745054,-5.037204806136865,-4.899373960365023,-5.751329874201509,-5.4170278278400765,-2.2174726425360456,-4.6240876741909025,-3.194291656423345,-4.0812983136223,-3.6753230145615845,-4.570471692263657,-5.255281402738416,-3.427614017702569,-2.539518444330103,-3.1327716109761106,-3.3597341861587697,-4.268744859688497,-4.560630016312127,-4.1558938345213425,-4.407815815134868,-4.693274686001384,-4.885841088036431
-7.65861125229076,-7.09159053627972,-8.939259554716658,-10.161407567256635,-1.9589511112722133,-2.384849615223969,-2.576353775035423,-2.1376336470796655,-1.5235816842804712,-1.9816122992339409,-1.4399985473455772,-1.141666882964434,-3.75534161192635,-3.3787508147249246,-4.952605526057578,-4.995455321534824,-5.649575687496319,-4.331838823270205,-3.6511016901928706,-3.350007602146102,-5.361157041538529,-4.663244204867073,-3.53219708342512,-3.918525781421212,-3.0158423871405087,-2.7128545392700008,-2.3741025900934867,-3.256889146688254,-3.6046375344853026,-3.576878635873981,-4.541243849712269,-4.59080581748318,-4.647610641649636,-4.929397607876648
-7.430417177200147,-9.269816431997073,-11.656140982946386,-5.506417484274175,-2.0796449556940426,-0.6427186436218459,-1.4839397477958791,0.6356292329998207,-0.645903303143936,-2.0833922069703017,-1.0834952773504722,-1.1270711591289284,-1.7629290330260792,-3.538514980556355,-3.5730628140774434,-3.974053638266172,-3.1937615865011897,-3.627518056111075,-3.3555858354485326,-2.0069549493979983,-3.082408954235707,-3.206823335605538,-1.8689065092833619,-2.1840719175093146,-4.231534283653175,-2.5996353258377494,0.14369983136423284,-1.533850410472087,-3.0489118037944647,-3.773884081419872,-4.32230174294965,-4.280613074531418,-4.354957767810608,-4.670232980817288
-8.5608916710291,-10.87119985102773,-9.607175012042944,-5.545615787408959,-1.6209660674165995,-0.5668973143988232,-1.975911251462979,-1.2412596097066841,-0.7726364956197439,-1.3816721336431805,-1.9322273659619023,-2.2411943107053425,-2.433173230950699,-2.7175101416502168,-3.3339431286666272,-3.2190084067351,-4.5182007236827175,-4.026422129089998,-2.458759224738,-2.4343782371046436,-1.7567933797884865,-2.5885075187589393,-3.47695915589351,-2.740877570541024,-1.7120846790729913,-0.8739567914138181,-0.47149954921715087,-1.4447094200626511,-1.7857820634945267,-3.1973019481471647,-4.501721443361763,-4.5626742741322595,-4.743162306175921,-5.280073630679112
-9.792259877237475,-11.739032790128558,-5.980784043817703,-2.7133684854277327,0.0036674361110307207,0.2158837478536546,-1.1947740231425399,-1.0687942319961417,-2.293730480368521,-2.2893510181654797,-0.1106415805505408,-2.0362579955980653,-2.6243199887402313,-2.0109373410287783,-2.1499945093545505,-2.504662903810684,-0.005554944046362541,-4.384895121445861,-1.946641363657609,-0.6901116309494619,-1.7373101855541369,-1.358874881332121,-2.017818030707137,-3.0266860405562075,-0.5532862559755977,-0.6600303387510551,-0.16635654782486606,-0.20079893399627702,-2.10559266222113,-4.353551301286986,-4.043170688612003,-4.771201482626656,-5.0190576863564225,-5.573232752426516
-10.769373906942937,-11.37588591691758,-4.690235730942475,-2.633382839757297,-0.6492622238886665,0.30724122068469595,-1.4197341560421632,-1.1926948399262802,0.7916595064659302,-2.0411097594640704,-2.0416017911330697,-1.9450837752482648,-2.3055241674378397,-1.860551567385837,-3.041330246254284,-2.574780195066639,-2.548343334182197,-3.4681013621468537,-2.3410666059975775,-1.2959878549670187,-1.1135803743519437,-1.111827959895516,-1.5930315520076994,-0.15255435549405924,-0.8076034630036545,0.4620327075008323,0.6136412251930752,-1.1118574830118726,-1.5264292263298793,-3.9403516024619267,-4.604636237248406,-5.140937291703771,-5.83585726465691,-6.1099968083437926
-11.124465901539285,-9.368241063241891,-4.648128584706304,-1.0961427034556264,-0.0670523106690627,0.8896271490239648,-0.42256362608776116,-2.109888881852271,-2.623302482152779,-1.26622760144269,-1.7943899178543337,-2.1151732921376043,-2.380271240968666,-1.6099464105258885,-2.785656122356242,-2.3419386650732137,-2.593116441970644,-2.2417675398770855,-1.6811420714262006,-0.9197682981506397,-0.6159636670901132,-0.6469906769601195,-0.2563887267421349,-0.31180514780010643,-0.7818833918781225,-0.021687204852463633,0.5895630319708761,0.2326553627690003,-3.2071244849153926,-4.211135050441785,-4.286605904395167,-4.672849153016141,-5.480750604077542,-6.272653028198522
-11.129780412369511,-8.130952688054913,-1.5576917364184282,-2.091169394380396,1.3466685985288203,0.2770829518381056,-0.4906182131999305,-1.7935682215505726,-2.5342080317035336,-1.2183096782215135,-2.0494415443636855,-1.7805237937874785,-2.2480690446006366,-1.7058194371682678,-3.1375877659027593,-2.469758036539832,-3.0848607636041114,-1.685929532200233,-0.25556708873434336,0.7007384653351867,0.37617506654530114,0.026049338515071747,-0.903804865446529,-0.9811288146859858,-1.6893702506861075,-1.1789161058456272,0.30450878471922316,0.10626814479084219,-0.8564281681885799,-2.8733240177374766,-3.4242724536755476,-4.305383006364111,-4.829925421762926,-5.460572046286137
-11.218015500867542,-7.355473512083269,-1.4085383952336419,-1.4507451765047008,1.0322211336847822,1.0087688774131742,-0.44766968880156055,-1.061326974786458,-1.3832192031067438,-0.22581338617125601,-1.4811405680930685,-0.5722984212635985,-3.3711159863722324,-3.6849138109172763,-1.6395961855916668,-2.957847796423585,-2.2103145804663726,-0.8793410920888209,-0.32189321551112154,0.22444419107734517,0.7578181652009286,-0.0614767932879733,0.042987244043540616,-1.6154030876787455,-2.5627700715467823,-1.6309274193940129,-0.3944247852262523,-0.8002188917976056,-0.9862127168913568,-1.8218411586910586,-2.7150617144496287,-3.2446066997056557,-5.533386676695595,-5.8620164137052155
-10.351184297767867,-4.449905361174307,-4.096253290556941,-1.0924900270986337,-1.351880625247171,0.3001147091826072,-1.883605943126793,-1.48936802395851,-1.5606897178218995,-1.4353567535608285,-0.9267776672846644,-1.0619722710760329,-4.994967374424909,-5.08686784751312,-3.6791848453117004,-2.7117526142830357,-2.226358125377134,-0.5702965348385077,-0.1858904430811898,-0.4268788250143067,0.5347803935162356,0.15333559395032,-0.49973245310331843,-0.6225573737263989,-2.6875533084061285,-2.077687272370728,-1.76978551683528,-2.214514418300011,-1.3056211267453488,-1.5553268180520219,-1.9100817086171036,-2.9455846584762426,-4.085960557716724,-3.807014091579608
-9.273298787715202,-5.454082783772934,-1.182644450016463,1.3736386614208242,-0.6635742643297887,1.2815865680342922,-1.3150587143131995,-2.0914781005652108,-0.7066171538666615,-0.7125078893178076,-2.825111321261705,-0.9421115170142174,-4.250195522939442,-3.83544374717708,-3.9047756024324753,-3.2933974646237427,-1.0762122462957833,-0.801669564432949,-0.44397234022002563,-1.0950067753324095,-1.270199996922133,-0.23143281746066646,-0.481730620090286,-0.3981297033897776,-1.873521183859011,-1.4781571529710584,-1.097011044701933,-0.7326454717396013,-1.2778264952282405,-2.1722734795290473,-2.4576548982938213,-2.6976822238226954,-3.156407663082557,-3.389051674073738
