script/wind450m.json
{"header": {"parameterCategory": 2, "parameterNumber": 3, "lo1": 3.000054539987559, "la1": 64.9999836372058, "dx": 0.5, "dy": 0.25, "nx": 34, "ny": 52, "refTime": "2026-06-29T01:00:00.000Z"}, "data":
[rows 0 to 23 of 52, columns 0 to 33 of 34]
6.720494085507534,6.271528163307906,5.346614082207436,4.399225449743514,3.157404835645991,2.0037195598474358,2.0283275365548286,0.9335211262022716,1.2073440686325156,1.4030170469605516,1.6437056457557246,3.9243269054780923,6.175812991354137,9.054080880607911,5.843105815217261,4.292627176451504,5.742047822912866,4.794826687989284,5.725053371783402,4.492007783754669,5.338273132763419,6.575115169958163,5.928619776256354,3.597975650462331,2.6306014280235703,2.3910112667806422,2.2039624558369417,2.628949506024313,1.7618397521354592,2.020056003834973,5.378555639620194,3.150177541277123,1.1738112783420611,0.5038622552176647
7.269986146886698,7.090274249798864,5.60789979881811,4.8159401732626685,3.0250312908376324,2.217691117913279,2.1540533450219996,-0.13465162804491285,0.17539285313517844,1.018736223184393,1.8876953014022437,3.821800066567179,5.25895485135857,7.963744007357838,1.3687305386556459,4.169444993237908,2.6466420122769665,4.201492742384077,6.9217691856780865,6.798728438376402,6.0775714960087335,7.601397328006949,4.808020826476005,4.500975482108676,3.287636488501841,2.8118757254210935,1.425561936428927,0.9571469398995757,1.761045568796264,0.8817775362899792,5.081359248765337,2.6089046354487513,0.9266626920035345,-1.189100304754409
6.868134965650284,6.660031336924894,5.324309712852051,4.1165139954576375,3.3852956662289264,2.4779189725237125,2.5957409749464064,0.8319583045462595,0.5929161770760071,1.2985389993712861,2.1756049174695917,3.113730029202665,2.8354982675878335,4.218627672405695,0.028254406615396542,3.847000981675321,7.212331743154188,5.916565789022295,3.086266547518899,7.852432495924074,10.235003323486982,9.286838376758492,5.405592879056762,6.058630840481502,4.682366557062662,2.1531763413386145,2.4101052345565446,2.639002347139083,0.6731649801214631,1.8076955946743116,1.4403343649017655,3.7665932056969873,0.40230398626854036,-0.6652665530814286
7.863886833264254,6.495426589128685,4.602267294731762,4.506942153624987,3.417923365965586,3.0202903891669846,1.3831121841634588,1.1295695528088125,1.7170589717365765,1.3932803380014551,2.278928473111216,3.216432473349342,4.571756316919779,-0.2574820916810526,-2.8153570112149837,11.237553386239874,8.63707447160365,11.646343853402803,13.326096289304937,14.627946101919758,14.693343889740312,9.705253765565924,10.645337236092443,7.116016097453359,4.5517624716851754,3.266178825070021,2.6078448849244333,2.043257051867721,2.010505019246103,0.9878159348498827,3.5088014335680877,3.7982583865544854,0.7953833435563236,-0.5149123739987381
7.993527200737926,6.012508223769829,5.851319087616172,5.1297249704149035,4.2754599562369116,3.1009529574060357,2.3273893477752856,1.3797943972475415,1.9435537271292178,1.6436467497113723,2.3963150421820254,3.0837494313563187,3.356585426928122,-0.37313966891428013,1.2397330659523915,8.934173852977123,10.464096513167249,10.120830264153833,13.995203671910561,13.060444786851408,13.482989786374693,11.339420318122519,8.731957509118311,7.47702411062307,5.412878397026729,4.6934998302818265,3.9353635482494433,3.0374023818152858,2.3520071343371374,0.5815234402370058,1.206690085270499,3.643396337774013,1.786021408322124,-0.9307313960442074
7.812989022569694,6.875623042563007,5.668253737639545,4.851121503343635,3.8905517004885386,2.5103641810194817,2.590491319664335,1.9419931734066314,1.884654441226625,2.5842638145720622,2.880214540501399,2.7501718773083557,0.6732931284421257,0.877441596015396,-0.48325558334572855,2.342236535505096,7.916996128692473,10.154861018063718,10.239557942229078,11.218205596973807,9.388605017975046,7.216275410598925,7.790450692679214,6.316155572503255,5.167076221183394,4.060728249918743,4.392982747557271,4.154604709227162,2.376595629839328,2.1247667437805386,1.4837138543583035,5.077659428615967,2.4838299903923393,-0.5350682675329095
7.306279725560755,6.361255044589843,5.20974166628309,4.592052535492307,3.078914309929915,3.0967865129388157,2.0916137328460853,2.3716067617142262,2.269196036872868,3.2176590205973494,2.654130743471203,0.6258112654489576,2.1431520945870965,-0.2976159271633527,-3.784329542732158,-1.5609552935557773,6.950295197150237,7.9089841740413185,8.141402995800938,9.272110139270676,10.238883635861463,9.823141581212596,8.296826647631443,7.345054981265968,7.974382506002908,4.498392728759876,3.2338013484109998,3.412812908936568,3.1228164012252995,2.3349268863012793,1.9680824707351072,4.3314159624416435,2.3890685202166764,-0.2744683740772194
6.213178091461765,5.454690016087397,5.478977749780188,5.067780371162429,2.933339680266215,2.7165221937634914,3.4244029290725764,2.826882671043559,4.057293653488951,5.627057386429876,4.15751948362959,2.8513334359463607,0.9401997661468159,1.4269816573752525,-3.1623747427986637,-0.152511626553343,2.7962977663841206,7.021150501413236,10.391216811643817,9.382536916043557,8.60121930248416,12.441204622818102,10.586204517274895,9.911592900533417,6.825840380011645,6.639748484570706,3.803798948614486,2.6970700111566708,2.652451750620508,1.5527263913686884,1.3599940456019652,5.597823319241217,1.4866555773787222,-2.6077101208843354
4.590636315428213,4.6937510021393845,5.439116267860926,3.6810580697129924,3.3249195814041,5.230780036806559,7.213777016603387,5.227908740166166,4.614576842181235,2.8976534776617613,2.6145072342219007,2.0118401623600626,0.6820596210892271,-0.04895971749925287,1.775374276152681,3.6451344396989,4.770069628004318,8.134322045158543,9.093010987884526,9.688655362984662,10.178201906586835,8.707295299267223,9.731640364934831,10.122540271613452,8.082250968400535,8.553245017122999,5.551638800292317,2.5482881004276976,1.8255569110799859,1.6093913382362919,3.940944075924801,4.864733851421596,1.444832423334846,-1.9848797077924327
3.6636793870554083,3.228285659842616,4.89846212531998,4.26364617781167,6.879752418226548,9.345042896834258,8.69632549984375,8.018617400851868,5.436147545433405,0.09013959655978253,-0.7966399301241618,0.1848162839082219,4.673199019084738,4.420467224794391,3.8359248545830513,6.930241842148833,6.100495480832578,9.224928382903048,7.9095601257892625,6.058567131142215,7.312792179236708,5.131853222441908,9.883761541785772,11.174871307026478,10.880530033516411,8.125473475792795,6.048507975387417,4.533555177863332,4.339891954133842,3.527897595122699,6.463825715250305,4.103115032510429,1.6314091356834948,-1.6760399333235303
2.6546459001702565,2.8274955704665268,4.04891660191494,6.828676228846087,10.106170403633117,9.171697241230092,11.843897447411322,5.545899597916738,7.667878161624811,2.604938532560925,3.082917313826421,6.386563867799253,4.993317364937479,6.455310283713263,6.32266527601136,5.297679120876011,7.799146100643834,7.935533444876949,7.9474118915132665,7.124987521967653,6.525861569408609,6.3724285881959,5.742512940277066,10.408711629151636,10.27212294455155,7.835505271863275,7.4769272549403265,4.5113045034651105,2.9197157209958697,5.6677806849896575,5.330158968020774,3.095779154588431,1.513133979950667,-1.8021751700460382
1.578134918372929,3.7977613903639047,4.829475952628849,9.63881815889677,10.307918174142642,11.683032637778762,11.585437732632268,7.564593145007272,6.120623333072226,5.365262478257123,7.667790459404835,10.367268699064637,5.4416505215235045,6.216130361821111,5.067055648840556,3.733533060739531,6.1159275182519535,8.176810131726455,8.377299038464177,7.563152289155776,5.2164860079384745,5.377969930175352,8.582223601972244,9.350810046448919,10.347924449934663,8.565898038691175,7.839098462926898,5.798476054081697,4.246287683452045,5.854762636013742,4.9714998836114335,2.6323110673536076,0.7716241028945533,-1.6667214500421579
0.6423931245719521,3.9576031801674363,6.08542593590157,9.233125986003799,15.368025302973287,12.205943144674727,10.385156302805969,8.619772517655113,8.414092258722116,5.415335388170915,9.341988542848053,8.037545171581993,6.406906758341754,3.534211059904736,8.146864914773758,6.713558107156839,4.992025221260032,5.910397808269319,6.230307352640689,4.23125085251297,5.3702054825052805,4.749515155767583,4.285039765477308,7.946183089164857,10.931117965537576,9.018994783286574,8.01689326024506,6.329152158322419,6.63526594116888,6.177092784948388,3.7766812896943778,2.449465192681505,0.1748167515090328,-2.3729321296353034
3.7078800323714507,6.311260145773343,5.82949924356338,11.205291892960425,14.636623491944595,15.47838672782729,13.256482011133368,8.463062314590392,8.734408292409798,9.856191877026147,12.688741166058911,7.618030339049723,4.6290936822630515,-1.0546226617730312,3.8453851668040997,6.331338202051649,5.037312856902513,5.0022549277659465,6.103559097778913,4.963812874072129,2.9885973699088186,3.1482256719661486,3.986523131612022,3.944847840179113,8.296739983065311,9.050920016667728,7.306494247616295,5.610649205514822,6.732895803637897,6.073657741309669,3.532149586777166,2.4930926284593236,-0.07596373443516921,-2.388915790620124
5.16469342993275,5.980975777196989,7.312749176719541,12.220153907816062,13.763519752577789,8.681840277677008,7.414752885843254,12.559244709419925,7.246926879394516,6.408305586827215,6.429286343888298,5.616833444086814,6.786917884110218,7.222449246316742,4.4731855949651615,5.307352931300928,3.6673347096565134,4.731479349638897,5.606264009939953,4.54599562349788,3.786875761221176,2.456883144594898,2.0308748643504106,2.877742914294124,4.1192381517039545,5.328691201236871,8.258693555836862,5.958676317490738,6.841284597330049,5.1564027767095535,3.093561465866362,1.9120921826489736,-0.381257321010347,-2.8886575708158957
8.065305223847156,6.3795184679198025,9.801965778183883,12.240158918067124,14.021477693295067,8.45575003413533,10.51375514087243,4.76182290663218,4.334420146427673,5.7930524646411,3.023056320941082,7.651982393219088,2.6584239384166137,3.854976994904203,3.4728857859345936,3.2145124689436444,4.5723030990318945,4.540927954949866,4.633193066308692,4.02062020879918,4.556936517101492,1.031868827194821,1.831983763915506,1.4614489727262967,0.6583952324563144,2.204540245285835,2.6956075311189527,6.891362565599,5.062195822001826,5.22924391187765,2.697501496506171,0.3488791406796484,-1.4687675252450814,-3.2537791867309895
8.552418055614995,7.782135744928269,7.392680511269349,11.394698015806028,10.85784027550498,12.900662582725564,10.861785436572918,9.220048647949975,8.756430898516873,10.59822269620819,6.7297706636445165,7.532457307376866,4.9966187766933325,4.238267030231824,1.0972030984223853,1.868171704518666,3.0348146197058314,6.265444422051623,4.699485396759498,3.8180252660765284,1.2251225795189165,1.6045663110714907,1.6561024033170637,0.7423957035567632,-0.17776682946505618,0.0991678953444065,0.6563763204028616,2.70942279230351,4.992493521673725,2.9932735171387974,2.5975130423581385,0.7228997526284825,-2.4884689473416404,-3.851124321582325
8.543028053191776,7.318046587480478,5.54488381439325,10.762805230391937,10.363438419978534,10.605125148819138,9.749116707719732,8.178149842912646,6.6539146857131355,7.092856931381997,3.5630175632126218,3.9839542048523473,4.225592998331981,4.8623621289557075,3.477468580215626,2.2357244665136276,4.18795529400545,4.286716920651404,3.3540932813014477,2.8443922788709424,2.1971148919171224,1.9520615846765215,1.8541808188291224,1.656204023944078,0.05016608159346336,-1.5878077758186382,-2.320006372892104,-1.100797743514426,1.6658968983193985,3.2748911506918263,2.282567394809726,0.9682593440412177,-1.0885128401710806,-3.9258677997203932
7.132048940141462,6.008735064889507,4.540561844137173,9.465687572468084,9.439829863191942,9.88357605722807,9.549717450701706,9.12718354253134,2.590850229557785,6.599698971854895,3.2728876268520275,4.122871558884135,3.4637665319496893,2.586930413940551,1.6838014924363378,6.483936418185639,5.293158489825459,4.766229656521626,5.235177721942695,2.7263649461685477,2.961612007855884,2.6674060532081483,2.1311005550958666,1.0367655766726287,-0.7722066091970454,-2.516085542198546,-3.497321025011086,-4.125118611136558,-3.212676985038448,0.7023074582700666,1.7951404581125354,1.5521462704820879,-1.1219114469806197,-3.184137229081402
5.410518980690167,4.1086707229214205,2.4665972533633855,9.35976575567564,7.912450722281189,8.010345618178938,5.9207556438244655,6.891478647066139,7.983103276607722,5.903803519271558,6.268685496241332,3.7250601623652964,2.9139756538143993,6.184179069779747,4.01037297890008,5.80553909204488,4.6167796878281475,4.771222009756647,4.109826263636571,2.906373585449024,2.0425600040396725,2.5328523122041497,2.0810841521849373,0.9850589425979731,-1.390703796173135,-3.4674081096950355,-4.990633045821218,-4.854250624461205,-6.201378419314358,-3.5671414340731213,-0.608820021199324,-0.27578552131074774,0.17770440454920783,-2.1978715176277324
3.0308471850960905,2.5304513559148827,3.8477505373313945,8.702371678683097,7.393439283161685,8.355310597321228,7.641627967254501,7.907304494442345,6.810798003414019,5.447675552490722,3.0466836992696016,3.591925929068301,3.4718639548936157,3.828560729659946,5.079540032961744,5.390436677724497,4.6890941024210875,4.0990594241599405,4.112556235553994,3.5422220169791467,1.7450701474828318,1.3458027569653768,0.5619569836216018,-0.47865228965915474,-0.8278871355790934,-3.32855570292659,-5.298466844348978,-6.976571153809063,-6.709118893464245,-6.258955104127468,-2.260110120546851,-2.577135112098879,-2.21236816127549,-2.182553948772643
1.5171059182866153,2.360297454815728,4.386185075201952,7.368156124832873,6.869274656140465,5.554945623886898,3.934518770579693,4.112072729636459,4.096294750359906,2.960286435213509,3.025025988575095,2.286087029086436,2.8705043289475314,4.647969049051976,2.5317098663056936,4.938595379870885,5.326038786474442,5.045284380058868,5.085085408399568,3.046140775379679,2.0440689851592317,1.5073149886264852,-0.3285912211085399,-1.4938818047508275,-1.3130254157760997,-2.9617528937689626,-5.497428189523116,-7.094217392799368,-6.60902895238693,-8.083611910461975,-4.828083242616414,-4.420802898502566,-4.247463363728633,-3.4148282345590175
0.21355477387544541,1.4800826395898905,6.347459348718182,6.488647662201247,5.555620345812338,5.84771765291115,5.301923386149961,4.762718915009847,4.444042054643101,2.872191219907791,1.7891870430078098,2.608113072603027,4.4783105191238235,4.454710613879698,6.281795650911015,5.295225941673512,6.103767406814801,4.191368589640273,5.6091847743611,3.763732081838085,1.8033247765409968,1.1804658860747992,-0.5294585645683691,-2.1302620306042597,-2.4857848712137796,-4.2040021237246625,-5.146860771990991,-6.129308234947238,-7.361913595419007,-8.413738564108625,-7.23910193479941,-5.6518157378564045,-5.212997483387092,-4.363595217395257
-1.1415797285552742,4.945092719781225,6.4671137632074505,6.189384264608587,4.952930183556275,2.8970129956673465,3.9653379359391407,3.339967791522945,2.067755704283568,-0.9657856657494313,1.624227910479183,2.1016870075790566,2.1740418307028215,2.9957331931268563,5.340633178310284,6.428842278437073,6.679723064811745,4.390398142591262,4.688952184456307,3.4648302813252734,2.106514439372775,1.1418303508781888,1.0237801674138514,-1.7151041276836705,-2.1705596656609836,-3.771908080776301,-4.516104815648546,-5.992320026429721,-6.782041235397451,-8.355029952935304,-7.119631044843123,-5.706316275987042,-5.163516624117226,-4.931272592178097
