script/wind10m.json
{"header": {"parameterCategory": 2, "parameterNumber": 3, "lo1": 6.000027932988019, "la1": 58.9999434238085, "dx": 0.5, "dy": 0.25, "nx": 22, "ny": 24, "refTime": "2024-07-07T20:00:00.000Z"}, "data":
[rows 0 to 23 of 24, columns 0 to 21 of 22]
2.4129066551233924,5.47160201456992,2.7294325226029157,1.100038501706925,1.425065214323365,1.0373360477476323,1.97250264182418,2.1618612932181205,4.385582753813305,8.178727663107471,7.92117797454883,2.9372176993501298,2.7412802271784997,2.46841893358803,5.346375208357785,6.080805120081746,3.582962766396171,2.599332551612088,2.695624390229269,2.218951071511893,2.561597070410054,2.874310783229483
2.1059763258649857,2.8184369372976623,1.4730921658786191,1.2419230973630564,1.5358120752181743,1.494170294168196,1.6305915073985533,6.277653033942956,6.635309461374232,6.859799974772818,7.533499011041537,2.825759166425696,2.6506540215645598,2.4027411078136782,6.177500460113213,6.19260253238541,2.3226300595551033,2.1060887155564267,2.4959375112957063,2.3428363274290205,2.0334955454832504,2.073430624263079
1.3472739215522371,0.9628187159939547,1.2296625422590897,1.1937968813313946,0.7461469095569129,1.2954464186936685,3.560705384114508,5.7173492459827076,6.841419216236736,6.952885476884801,6.416210805092204,2.3364403636908646,1.903725016856173,4.330457557357408,3.1869345483121982,2.6047808056696833,2.3822509701199253,3.073943996834498,2.0279729363664187,1.3792307107333888,2.480765703798714,2.5178719594992165
1.8588266649469625,0.7502700495421174,0.6991169224980255,0.9363864264654875,1.2769371446376194,3.9722112014024438,4.380417815067646,5.626141015178831,5.832642187592324,5.7167209875844005,5.875614788313344,3.2519843835579,1.79319430472495,1.9541614894154802,2.680209179552455,2.397690846907097,1.871088670246412,5.303403801175178,2.116841128716569,2.235644235473625,1.613596291144993,2.2425315764370604
0.9088151465605843,0.2895961254164307,0.18439229277751415,0.7729510719989102,2.4075441298187368,4.1129340823273175,4.673661378987932,4.76922313393181,4.473856423961728,4.731643744054005,4.586979094590414,3.4377094602658804,1.6162143264237459,1.8029245242139165,2.063738331118589,2.2308774635564586,1.7277037780563564,2.2051628409259547,1.8201845425121197,2.164138205306599,2.0324686771915315,2.5020655864803
1.0816757982782792,1.0746547504502832,2.1942546838691555,2.927108520764705,3.590520537853344,4.202379834450742,4.164691246750447,4.488522882130737,4.157262462821738,4.052891935269645,2.395542503454681,4.811494856054886,1.704539326126753,1.800568895529414,1.8683598764955012,1.9407082126986068,2.1534390323477135,2.3598845602047267,2.042937547104969,1.7606963291107778,1.894859750259996,2.1159772237420045
2.184283491819838,2.09736455761364,1.3322033549906627,2.3453678931726323,2.5055647084636097,2.7931727396298514,3.9684783174116176,4.710340514879846,2.119988112896231,3.132863760024675,3.392730450343551,3.1868675610361117,1.7319661388550158,1.541847682116427,1.6115117919124125,1.568763616501749,1.8522950568249978,1.893609995295302,2.074152028941645,2.1882463247725243,2.202128946394465,1.8237069033369877
2.7255212197693957,1.9757694219415816,2.751232377739992,2.116550343871167,3.50555098432427,4.341422033026348,4.900300581297333,4.298312067054601,2.2241589946788904,1.9969242276548684,1.451730504351166,3.391181254006389,2.4105235958859716,1.4762877656522206,1.4982694104580185,1.7915587880806558,1.8852649121249017,1.9594238767844196,2.2824279184883376,1.9366380354896637,1.6080268161646893,1.8521088335654217
3.2333677770938336,2.3681099435397814,2.601589941296728,2.8457881321755325,5.298191071661836,1.832085625704622,4.83487195958756,2.1855211273844297,1.5809359743275995,2.6446977963131406,3.357057129927879,3.5201710268643693,3.7989069849560018,1.6582496293063138,1.6888916038522646,1.7107479501156264,2.1664757665001226,1.7554996220295653,1.7559039450262144,1.5941209616979843,1.0449215580609863,2.5203032874421063
2.1920981933307906,2.1334256713302806,4.534534645503714,5.413386018848845,5.0417408545178475,3.534515816894057,2.0830595540315655,2.3203244871732727,1.9381173045992488,2.725142288527704,2.2998911168145066,2.3563398278529366,5.256742278546015,5.353358823593134,1.7628002209607572,1.7632520509351215,2.0545644801327967,2.0640617243141066,1.9337037501779153,1.6623049732627166,1.5546014466762632,4.555180333101577
1.946149600414052,4.08328704251976,4.846074642149464,5.5164214381062555,6.067390106666287,2.196261049801092,1.8728260303144324,1.9053438271113847,2.202789389416799,1.8079843294470415,2.914432114760604,4.091867410843759,4.831211784105692,3.772194457629066,2.140708580703107,1.3455761168084435,1.3862722631508957,1.1517085894720078,-0.7422865239923468,1.4028091705017907,1.0313327883186738,2.8529682105930303
3.965358617068981,4.483061205461095,4.999683984142575,5.292087139615448,5.724976858830342,2.1355266606467804,2.73631993510702,2.5097374220580146,1.5978990842499226,2.2228850227823775,3.7503282640914755,4.579840806605566,2.576675821484115,2.2826171502194543,0.7539407943671737,0.9075295734555013,1.5350183227131555,1.2988140844687341,1.421461644380979,1.5896457849737473,1.6345603488572942,3.479795034782856
4.08298544741619,4.657903821648959,5.713294751504302,5.2209721626393035,4.546904184717036,2.281404802011703,1.9245952624211158,2.151687455176716,2.248928732701107,3.643223574154108,3.6627208316699735,2.3535974268554556,1.033103798140693,1.7670553991683462,1.8357572807538514,1.6196326717695069,1.3336600887879875,3.680422488914081,5.308015248565206,6.039329300245025,4.63847000201721,4.326636843264598
3.792685578975908,4.080859288997144,6.061703324829073,7.3393321234733655,6.301174164668954,1.8760944602287717,2.4316363868989037,1.5828893119105012,1.8472464981180854,3.5286853230701056,2.1286134296863857,2.1166711426498126,1.34865320803437,1.8137220868673418,2.961779620508202,2.07212578668085,0.9972270699219968,4.725669011437696,5.155004836294814,4.832346573901615,4.14589121561646,3.5550840429241584
3.9821562883080612,4.594386792163142,5.0109410800169805,8.354722143786834,6.2607692888373405,2.853732966122928,2.7626505619765185,2.629308672633497,3.0135194247030688,3.029296554464907,5.9278397218644505,1.8012613773650292,1.6887979956217618,3.5069995603365105,1.7341601267702629,1.586719332016369,2.2833543646493677,4.506915974556909,3.868352693453779,2.9734758990640744,3.6619207542178733,2.9969160558295114
3.9806492528497057,4.754582077377456,6.870110506538631,6.3089955737934735,6.67666400503291,5.679923892934262,2.2085591095314068,1.766735572771148,2.5193038687821256,1.8481462054965458,3.9886784291705406,2.145956937818889,1.69099919536307,1.8649261721938113,3.2749591311347834,4.0214657416464,3.6421475812126025,3.042963570290317,1.7784146284739062,3.3819667776438553,2.439849644768658,2.679197644127016
4.985585385051191,5.952168955700423,6.243136694987611,7.139926788225522,6.524847015260302,5.489432175042186,2.4793748689377235,2.222726176984578,3.8528684811337555,2.1454999024754775,2.2653126673943125,1.9130027461793915,0.9928534730330623,1.126249030994637,2.6454330477290693,4.176054186294694,2.978962300869379,1.6986329172301273,1.2239731784035373,1.1185450131430232,2.535649992893615,2.7749569794857987
5.1793819286771585,7.54406163509666,8.091939708360744,9.084360064582292,6.736005204683244,3.002945627784759,1.7803161370366836,2.5781636930355405,2.2646721100812104,4.837242855818359,1.6767015616265852,0.9912705674695245,0.6658335472337967,2.9404550313530007,3.3450157978241988,2.3985727856153862,1.5185805968525583,1.7728834122998476,-0.4760684877037119,-0.5817367463668692,3.791816385749139,3.131590471152328
10.487424845033072,7.377922220390074,4.929765446564957,1.8425722491449052,3.2481278716707274,5.444864952384786,2.85775563457204,1.7907413568353707,1.4661841434228386,-0.5879925087031231,0.5445129675105559,-0.32746816098816456,2.106405904649592,1.607424821793192,0.8936012014281498,0.5261173518235064,-0.09277039751687988,-2.162105125629946,4.531826200578678,4.6741603070785755,3.5638314195770153,1.3310178614003474
7.174091319656937,5.785179951978602,6.975697533735111,8.325340889010358,5.949981719978715,5.952031947948769,1.7927617607177533,1.395440988000754,0.8457838621541041,-0.6345975889674143,-0.06205604617061265,0.7824650113538351,-0.1281780292288661,0.033189055832727236,-0.11539251572482857,-1.2051230501518353,-2.37055349080146,4.314772634421074,2.7811188425188136,2.640118346094091,1.2515611780453892,1.037082945404772
8.154862400838203,7.6477359817740265,7.862086492224552,8.871546210979153,9.306087012932862,6.159533647388257,1.4200596411681294,1.3738095971716948,0.6039750347917464,-0.48379833739572453,3.7489712964281905,1.3919893862136425,2.1092499869365953,1.2865097857813859,1.0778311466545936,1.639096419816249,1.553347029596149,2.589299973291697,1.475024543651379,1.0402847012042873,0.08292301094111373,-0.3718377666054016
7.188626666306806,6.60140675942844,6.49205555682179,4.494818012366399,5.149831800523955,2.7561862588265633,1.7930136927898523,1.232004239622989,0.6586047364401852,-0.1641238928470606,-0.7705255390405501,2.848833928061693,2.054975029474583,1.795380041014732,1.3998803148756953,1.649711610750332,2.374085016085178,2.967685945985637,1.1434206580700241,0.8363142449350579,1.076805917780807,0.25430677718207495
6.307923981284517,5.914522547985782,6.243156110971168,2.0360375234983312,1.0796776720900916,0.04913757984258656,0.8984705286207774,0.6047451742216079,-0.03288847409484038,-0.7261513833331139,2.1727162833211713,1.6541822778471174,1.938535785294805,0.8012006808072564,1.3600630364902595,1.8150522979342587,2.0529401013891992,1.9978700476157751,1.6171688633254464,1.296027320439168,0.2806882450599711,0.520965129102019
2.9117532796645147,2.9317569611830248,2.2883916318127695,1.0645648252913953,-0.3982510472181119,-0.12325128353029428,0.19800303732097652,-0.5541692298607838,-0.045769361884339124,1.5783754126878222,1.2107381292917896,1.6200578031408823,1.0482862180234793,1.0272482287672842,1.691792851019608,1.1291938322342894,2.6838829259745514,1.607928081580427,1.0114970331268343,-0.21175987862420043,0.9052430882103782,1.255007250868932
