script/wind10m.json
{"header": {"parameterCategory": 2, "parameterNumber": 3, "lo1": 3.000054539987559, "la1": 64.9999836372058, "dx": 0.5, "dy": 0.25, "nx": 34, "ny": 52, "refTime": "2025-10-18T16:00:00.000Z"}, "data":
[rows 0 to 23 of 52, columns 0 to 33 of 34]
2.1560134934043127,1.7730127938868239,0.21879415453246684,-0.13127351811474178,-0.4376669428525894,-0.39589767838868,-1.144087425437526,1.5076683709880627,3.392319562051537,2.2222279616902934,1.1478723602608,1.1334998558734468,0.6058749864929627,1.6000377156042245,3.000128530479151,2.717422455994195,2.3001212143386365,3.2050542846446235,1.3767875427921983,2.874461234051189,1.5111643072373828,3.456328025803565,0.4856842095930455,2.754099964451366,3.3123453010226838,1.40780883668515,2.062493482932473,2.329043648022804,3.026898978708037,2.6027275563568093,1.9303186031529718,1.3911701704288806,1.4246129519002377,1.5726482308231013
3.3441845062430886,2.216849469384255,0.5565594831244275,0.7308365284779812,0.6155823044999821,-0.21176857386838469,1.1042809612860778,2.5169405582538995,2.179405627262813,2.7801271177780866,2.3237431176803223,1.8236175064729432,1.423025236324127,1.3093727980382746,2.1142125375814698,2.066234101791872,1.675200434405051,3.467413184304228,3.1851846572808182,4.512519645160473,2.68468446237382,2.6240457760265854,2.371326691272009,1.2281889320329997,-0.3540091744852613,0.6580388847542316,2.6015163059662747,2.370235385028124,2.6378211332218164,2.890032682379246,1.9475407577272155,1.545296708939773,1.4300314439524913,1.787288481993784
2.7771491692226222,2.1718652628212385,1.4310252364556186,1.0088741230338256,1.210743825138741,1.2434572932001644,1.7447369671750113,1.3106370310133348,1.5153878165043215,1.8640003755737775,1.3709531537122364,0.9919331647302116,0.754092084509801,0.9463537954139529,0.9557793744008054,2.4136504684576288,1.6413053917328864,1.9956687484147426,1.9832099329577688,2.8718830041499883,2.826177081807734,2.4008465603137483,1.1560140131795458,0.8701858003124244,1.1239021625420134,1.777003189882707,1.8269758241055516,2.1969082680231646,2.067494823791324,2.0029446575884338,2.5336461427878736,2.0359271322940455,1.4060080990741963,1.6093350101914528
1.5738499096048868,1.6246450047160692,0.7668611057688265,0.7901953378513222,0.856786789492012,1.4592406257504558,1.983524885594401,1.6731342396988382,4.00129310862012,2.7536481995073707,2.4685961827134313,1.2045134579157695,0.5942093619499805,2.6702881636999782,5.378891532771553,3.308116367197903,1.8005984812018654,3.8215311972035555,4.279164000561279,1.4328170270894827,3.7772988024634464,1.783765796203553,0.07422711155912412,0.8160642255165875,0.959811763741695,1.7951466552561288,2.4211611516955056,2.4612730243847025,1.9952131599355565,1.8585028649434088,1.106831396419896,1.7658308341443174,1.01519607757924,0.7223292956205307
1.7481404344484333,1.259307502013082,-0.21432719247487858,0.2406898788644223,0.9784635780700607,5.296795261175825,4.830559120365126,4.083345136628865,3.758076129701889,1.9683315878284757,3.2312044985164747,4.871262283979085,6.513734764453746,6.192162255627623,5.355735514794587,3.49749103697822,2.6375954034667473,3.6676119969166767,2.5417874832269023,2.0358276233057038,3.959134903164491,0.4491298630557156,0.7592576436510562,0.9595855239108333,2.415407795293895,2.1861772832281505,1.7239032732390969,1.6426344327315432,1.829943980778472,1.417931860181347,0.4483000111545898,0.752840602769397,0.9843510836148163,0.500096453160549
3.8385718964322444,2.3610801549734175,3.2855675307269427,5.525742127500925,5.433214159032072,5.021003379194915,5.7799926800563055,5.246950487573625,4.821809357650449,5.151117001767,6.161614251136254,6.8777773263468704,6.215191906178303,8.161456287390696,3.5654866656873616,2.6930994586576418,4.981723363434884,3.102493451155078,2.592398048657033,0.6404972408215608,0.8483629968312946,0.41481706913310673,1.3387552462919874,1.6078611381888013,2.2253835536830953,1.9453784792122217,1.4369874789842285,1.0986307990019368,1.5031206950725702,1.1991764683262605,1.0595585686248594,0.7047558012172555,0.6567613671393059,0.4073257801774056
3.8557704311310146,4.318067827258836,5.669351455761018,6.135549626495855,6.096267604747871,6.392446184157444,7.88900284376836,7.456260036937006,6.530029753116675,6.061048636102237,5.961264780609192,5.625058711278097,6.323370342814416,2.734172000302316,-0.7761691826230271,4.44546919747586,1.761258434347556,2.850562835571901,1.6184187237391165,1.2815147977461332,1.4936860741251456,0.8076097520305705,1.110661793822014,1.5534704468575438,1.703111375963772,1.2701270494179033,1.9988201202326807,1.0641044093064052,1.526879911095373,1.1088320889001215,-0.16645595853863543,0.8343634287982834,0.1831041888845865,1.098374416652726
4.636639740528046,5.083466511621112,5.429696994918098,5.516626318118991,5.889127491162845,6.9684523363647335,8.492003987682283,7.4357546546952795,5.777025005215784,8.593105315398612,8.45427230582224,2.1042449455613434,3.1445478192468195,1.1645162757497094,2.0582311264330984,2.209488292137157,1.6885367226814734,3.058431314724734,2.4639785471694053,1.6649004191053391,0.7028884758700124,1.1331384639245379,0.33387482607767455,1.04958553275648,0.7444272916705246,0.6702075927369344,0.6136296422812177,1.4413248092677464,0.7798248198311346,-0.03713523795497051,0.794634216441946,0.5377036021222366,0.6887529009089893,0.7107746093546868
5.105302767914062,5.783267708346862,6.078663821632047,6.154907651085035,6.200350490248,6.182370822737316,7.555332542137048,9.43969122185022,8.550924125405809,1.9338010365380784,2.4632834380444586,-0.3603621809164392,1.9831089723854876,0.09009289479339952,2.7883875749225746,0.03751296650617835,2.0924710478348136,3.4652618990705273,2.4739618306299103,1.2596710140308671,1.6000628578442848,2.029441596888545,1.0500653774423658,1.1452795128232456,0.8210662002957889,0.7205543096407386,0.9447660618578241,0.7056886454411104,0.7835275024566342,-0.012479472201737573,-0.2514904684820275,0.4773575180454832,0.1073818386234647,0.12964157744597848
5.552150675405956,6.285314918962069,6.12974914700971,6.99550967800013,9.095496246288501,9.653401514488085,11.348898054933644,6.867584280271768,2.218020907228431,0.1349928065474783,0.3704006369830161,1.1764724188594564,0.10986877861078023,1.4294216178256693,2.4146475295011345,3.4319330953263454,1.4852856510374246,1.6066910327975283,0.7522846578413652,-0.21041757796560795,2.28576952220139,1.1125980077684274,0.417446198663554,1.2778160817757305,0.2972801035374927,0.2835539870220976,1.140359414347439,-0.3931106651774407,-0.39526665235097735,-0.4081750794273895,1.8355252144573218,1.2336844256793886,-0.01865137716197506,-0.03396235950973081
6.6654603484070405,9.049452354610589,8.038942779383902,9.542572793742165,10.384767114697953,10.93046803979829,6.395299935521688,1.1424394091653602,3.120714545622571,2.4624123283610984,0.9829118852870827,1.2964691597797848,0.7320468036712598,-0.16932234024158482,-0.538094871842613,0.06646707119426483,1.4725130888082243,0.8259276086848507,-0.4647316639757788,1.0082907071482616,0.7987857695727766,0.12659954771148266,-0.12268292716883808,0.07790084400666161,0.5243505741035133,0.2509398834308503,0.4054387799372987,-0.04720120879724659,-0.058521103325395604,1.3865199342171999,1.95852476955022,1.1876488490934518,-0.2421213201675012,-0.6221309372649662
8.77831922792703,8.706041367606417,9.113173973472666,9.316934901298204,13.08434879087845,5.127917347586135,4.416362537214241,0.7153473310425433,3.8973880260195326,3.1792342381480805,0.5425176236077404,-1.5915115597651657,1.3222705842671376,2.0182215849562017,-1.6097927336430407,1.3737403605109573,2.5615869686587143,0.9592664058718477,2.820051703399216,1.9165367435967091,1.3377544391433633,-0.6961070810063298,-0.4057597628923335,1.1968255124523026,1.2419715080429223,-0.5416162108228914,0.2674764565067373,0.30854092018183926,0.7486774127772844,1.6815330008245115,2.19215327421076,-0.4957142119664219,-1.106544788370034,-1.3714995546469206
9.144787281635232,9.516290291621724,9.117160017343847,10.08726618354966,6.921014461907492,3.4604507663810478,1.9403753621956956,-1.3174245627488186,3.374614695877277,1.3708452176504975,-2.848028879032321,-0.4702838427664893,-0.9074491346991783,1.7292661010792667,-1.5197446713116916,1.7758797619424282,2.7126025639146754,1.0230942194781092,0.35735273460286393,-0.3921799177374033,0.9089959027663733,0.9802071282453597,0.4039417033835994,0.4280584757166844,0.8067560383701842,-0.0520010229104098,1.2600141289063158,0.8889497564685258,0.8396338637243678,1.9468331332422264,1.4279014433623005,0.0633328014110418,-1.1564562194861734,-2.3670577448750345
8.686667737204687,9.030016543038851,8.176151485947022,9.52539120265775,4.391603807764563,5.992376531168269,4.309586752751135,2.069717105731037,5.489173465000242,3.689049490765453,5.404076608106922,1.822667433756413,-0.717377639728177,-0.14375688650135632,1.7988472630530687,0.34017493339607285,2.423616310172856,-0.8106505831401971,-0.1474846580313887,0.5563723696685454,-0.37132619203102696,1.6232705007059487,0.024752405343232843,0.9544617294521783,-0.08497731850524362,1.1962893043758445,1.1451919881441825,1.8870860196950552,0.62852405704399,1.7324630846738367,0.2625652999799196,-0.41087791584550193,-0.6027742796908826,-0.434188619341272
7.882035712676815,7.614000585269222,8.424443513884116,9.731617670784594,4.9432607403631,0.26988316588323075,-0.8475796493714413,0.7220079210728383,-3.315795884331559,1.2865837193942962,1.1457245122308584,0.7135377980536046,-0.00033306965430807036,0.786407170368917,0.22450126284124053,0.6054546939652018,1.524756170072747,0.30772799217673136,1.5788883394874567,-0.1467022988905038,0.5209778323018254,0.8305100886778876,-0.6850398239804075,0.5512676323686991,0.6592500304153244,1.1568209060097119,0.10109350947858195,1.697303037239688,0.48996798145192355,2.0662419263345777,1.0822844048040876,-0.03453244061106882,-0.1580833557376809,-0.7399071412768233
7.052851928280115,7.021215579482867,7.580974326155649,10.009127620362436,3.286736925047952,-0.6289427936973435,-0.4081085360129691,-0.01259026543963735,-0.3702631445041499,0.1982212082995374,-0.5985017488766132,0.4599767864998482,-1.0878341811513526,0.14676397819271186,0.4933651219477538,-0.6230013768191728,0.2648009068949396,-0.36586202942184215,-0.576791803766598,-0.09264130735372311,1.3021275498266716,0.4395836436937137,-0.012119895899699829,0.5209256026685941,1.2233766769272243,0.874602452785618,1.5735662862142268,1.0294645365771784,0.6056565174899469,0.29541396609043796,-0.5806678364419765,0.3778439859355455,-0.5162764271631836,-0.6042617163942102
6.790911445713237,7.151704859339581,7.4877348119454785,8.395709577116156,2.943844850054866,3.31450896046215,3.656626641589889,2.636198834517626,1.4310317636072194,1.5758477270891849,-0.9813808792467342,-3.2674421822364415,0.5974663379146399,-0.10761383870434298,-0.11172881141300418,0.286631253108802,-0.025536488068483305,-0.26228179152484055,0.28738331269769657,1.2445964827810367,0.46912431541396377,0.40441872965778203,0.836599971205717,1.2126257826327371,0.9557749383226534,0.7754823390718639,0.8334019243544862,0.24703432990749827,0.42675831343867976,0.8507482897977205,0.48176288181963656,-0.04708751739152442,0.07697875501980608,0.3705332883901485
7.4670097614460245,7.40204972915866,6.4443275649665726,6.101131323427959,2.613512055987247,0.4049227408758061,2.2870010208837246,1.9256076820438037,1.6774425196310494,-0.0653093398872262,-1.7288671679351548,0.26477426535114457,0.025663424929488397,0.2119592923076854,1.284273479116546,0.25718960097846794,0.21706422953401205,0.7832650194565522,1.2656450014932885,-0.4111483363518946,0.660742978756676,-0.23093919930370435,0.7657981850577474,1.130732125951551,1.1411854531686538,-0.11300833202986488,0.40482899969339753,-0.017771624069791415,0.6872967600265,2.0965343356145163,1.1363592271203888,0.3992123634050053,0.26213979722745145,0.16545720681975573
6.534923206683959,5.761849751024226,5.5759558833400185,5.472943090619185,3.894141608563741,1.4310073561955532,2.3253872519847447,0.7200859015807689,-0.2760961137056836,-4.780691683715921,0.9465754545499586,-0.13416118096171817,0.504446965350048,1.5260608469326729,0.2793127193384074,-0.28003405128597164,-0.17469913969741743,0.7931874701318552,-0.8046624970528122,-0.21559638279884064,0.4327877028225457,1.0035249538093731,1.2306465251857635,0.8724118253139355,1.2639159161979612,0.07398066734893743,-0.2735027390511548,0.5823419915917596,0.9077472786331117,0.8556257612237389,1.1139885310497368,1.8274127102584612,1.2083178946006932,-0.16044506316875606
5.1910873459794304,4.979475221916381,4.841155296262344,5.283842225274557,0.47857346448255667,0.3171269985288597,-1.5259298216742403,1.4919266092730885,-1.1002038860738477,-1.5931512262847938,-1.2908220605917704,-2.0184213155769233,-1.4123399626720217,-0.9438093782568799,-0.46291035893521004,1.215855368332423,-0.5374912147081259,-0.48483115719098113,0.49853623575546563,0.3790318627112591,-0.24037423922274215,-0.3749063821152272,1.106328547535528,1.0183474502975776,1.2034263362486666,0.3650083754603484,0.8135816279951881,0.4060439245518876,1.2171449357830642,0.6587031873010246,1.0495535515523502,1.1780536179927328,0.9013164286993358,-0.08769102202579838
4.413054540496455,4.908144143294791,4.940066031302064,4.4269409534074535,5.517143595805824,0.9364653554196204,1.0094428971728417,0.13733790360447934,1.6665818606020923,-0.9547258811906553,-1.403738927874948,-1.021587161224787,-0.37440796843971047,-0.2641013447651953,-0.8616666862353314,0.9806510814039696,0.7349204387939811,0.5056302566170267,-0.5170697547955927,-0.27893708249382043,-0.2595954013416595,1.1273131333403585,0.3980706956439702,0.613725033829068,1.3930921729491605,0.9386435200424583,1.0185384727013052,0.7760982801658831,0.9395952081350114,1.0012715288476115,1.4776853127121206,0.9141359050082312,0.38332713655448253,-1.0073100236395256
5.1440595768163595,5.325324994149987,4.8149058732142604,4.182894104838534,5.523780312246942,2.606190912918436,0.09162169839466344,0.6769100935268526,-0.403686029480108,-0.5636485575923582,-2.750536706076968,-1.9456246752607333,0.4341374198965729,0.3766967070977284,-0.7972207782428599,-1.3663244398052727,-0.4537549208552477,0.6420998732249183,-0.16959635396715328,-0.6635797003561826,-0.18485532920299086,1.0713381920552565,0.9159286901004878,1.1118471239873058,0.94654019355808,0.6077436402912995,0.7076731700451343,1.151380360241337,0.9417486273184462,1.2139176353472445,0.5183152315600507,0.5194551888431551,0.44472150120248016,-1.4686166030271874
4.9432055752740505,5.32652749963839,4.5646095682285175,4.011003280232894,3.975976180346506,0.9533452124723262,0.2049915984769054,0.4504793353404981,0.0741841965055455,-2.3824109479739395,-1.1832840457844702,-1.415207653522262,-1.1221126073992436,1.1946223310712636,-0.3411998042951152,1.842844742275628,0.4191713861190818,0.7902886982476786,0.5846182344300807,0.44993174910697753,0.5977920843751607,0.6049098211211102,-0.31161756060203877,-0.11539226155746171,0.9386985894467953,1.0724412063450584,0.7099146469168169,1.1824420644631783,1.2398586757346892,0.4187250210053658,0.43008791721948536,0.013898212024504168,-1.0231942968916419,-2.6056025895416512
4.6681724530376405,4.379150040464789,4.2926593530136286,3.7421795301925034,3.0238441948769945,2.702145166942739,1.2095229586631866,0.6280263799099794,-1.0669417285503602,-1.8051227979967026,0.32714278023220394,0.605584766299078,1.2120871632812424,-0.08962273990033487,0.6874783917263794,1.7180059986235896,0.7155986783044863,0.9523389869503768,1.0404000064945567,0.6171456771462908,1.1922051640700946,2.5658880552391845,2.8997208641231733,0.9776941610574845,0.8306182973463794,1.153175545087324,0.3002817833762406,1.3469059367540792,0.776700823532844,0.8366668593274047,0.4661718679793543,-0.042803757444913056,-2.170562042508585,-3.77532592642465
