script/wind10m.json
{"header": {"parameterCategory": 2, "parameterNumber": 3, "lo1": 3.000054539987559, "la1": 64.9999836372058, "dx": 0.5, "dy": 0.25, "nx": 34, "ny": 52, "refTime": "2025-05-30T20:00:00.000Z"}, "data":
[rows 24 to 47 of 52, columns 0 to 33 of 34]
-4.213059755853869,-4.087329205132918,-4.302829441896906,-5.165514834980067,-6.214335654633766,-5.313879866923476,0.236923931532581,-3.6016111867180776,-3.7195252178154967,-2.083244313621312,-2.256842928095064,-1.3472704643174906,-0.8507569256611156,-1.1196254880057495,-1.3112647852136339,-1.86791475536689,-0.917770856019386,1.2169684985785683,0.8773603562485488,1.1983713923815216,3.592204124042681,5.0654640183463675,3.745155377490437,1.3990184748273722,1.5769321988623435,1.5043147687209357,1.7527183998936284,1.2588602483451774,1.2180738845826378,1.150265609494577,1.2932418653305755,3.069450671902509,3.632469822868644,3.013953420733314
-5.092577289904164,-3.9824854496855133,-3.936838298463695,-4.96921292148111,-5.041450356417191,-3.8572410133888773,-1.440609618265038,-2.492236413934852,-1.823182239361807,-1.4652767854282427,-1.679841695462248,-1.0108458577463575,-1.0883104253872797,-0.05858029895834068,-0.8322657933986279,0.45910811942775354,1.4790600864850871,1.0636755304707453,1.7448275740331032,2.0670477298203638,5.520495336475422,5.665136981809138,1.8067616903888801,1.783480808232771,1.5820087313759132,1.3304197713890706,1.2235504048873513,1.0281080183008082,0.9229813371215985,1.3126552844076371,2.656942986799125,1.9678962209915183,1.26868917032959,0.5836205405761621
-4.87974685199059,-3.9717118842347165,-4.01315474780443,-4.9024235205323725,-4.46433422330228,-4.983359559139214,-1.5555001990768036,-0.8799181566664575,-0.9994591873196077,-0.8552980209914526,-0.8178409821606082,-1.0760101317759163,-0.6133635550736242,-0.02574119275477793,0.9073583803612995,1.6876611174195273,2.4709356763377404,1.1834474215735626,1.8755447321303211,5.235492644097472,3.426322648924311,2.9153018152224677,1.8977934735737865,2.7641638801072848,2.306583674292216,1.1102728308640628,1.3113894870520322,0.8504030004979684,1.0061934464101099,1.6328765404466947,1.5142805825765708,1.2553880384803937,-0.35448527999067136,0.07781805318906851
-4.214569404652052,-3.736792735641412,-4.019702185985866,-4.496881187837307,-3.8940316100198538,-4.523495327347064,-5.582003166471756,-1.0221159870501042,-0.5192395436063063,-0.6054855197887062,-0.6256875262123465,0.06730389721307602,1.3486616455476592,1.347003085760876,1.7987438046764737,2.698640435969586,3.1168626149220873,2.688051727549558,1.3204116016050655,1.878716402487784,3.579578912999944,2.3600624420190512,1.8466045134379023,3.7562727780437632,1.37793686534335,1.0510520490038133,0.5749737833598385,0.33082194344377275,0.7223566383339195,0.2367247934251317,3.220372910089455,2.6304473857845228,3.3305340274889477,2.64221719387628
-3.733478330489945,-3.897936944546436,-4.431125507664936,-4.731679482954517,-4.331542487443981,-4.086106994585774,-5.044444406184476,-4.933726090067693,-2.1713684072748443,-0.2273793994030446,1.7098243567157632,1.2295731388478075,1.1136083082606834,1.7357438744814373,2.3440256860807325,2.9689116624575425,4.216049360634463,2.71898760487301,1.252931667172178,1.448572547162934,1.5292646486558947,1.744760594272815,1.1026847013470964,1.470915270840649,0.9743952568280526,0.4668082603669982,0.18421549483127272,0.1993375615791681,1.353672737457737,1.1804492603764363,1.1388847015969499,1.3246580771287004,2.194902292152755,0.5328831121712173
-3.946970414679758,-4.21728036719338,-4.312317267493168,-3.5369033199284834,-3.0413013411943135,-3.773625392572439,-4.7079918652606985,-4.6596848183109705,-3.6035134055811877,-2.664833268789196,-1.1498218085643783,0.14906713326312496,0.8263173364841562,1.679684929251767,2.723718530293472,4.209574434074084,2.966304735218596,2.9405404875804813,1.2282710290362018,1.0996217821095358,1.3713451232900051,1.2085137644406578,1.307556704764435,0.965200649877586,0.7875822380101813,0.5379672326036713,0.20043471852879585,-0.046300201025278355,1.4961960372471366,4.241783347832247,4.2925588267726065,1.253308023489915,1.0962329077720023,3.646855223861927
-4.134457455090178,-4.372948916623955,-4.310687236199394,-3.8325114803559464,-3.1576428504529135,-3.2187082357686716,-3.8746579242704113,-3.609720969978852,-2.4518467319701456,-0.9736978335974111,0.07450520919233972,1.000344425508317,1.7838097002801896,3.4989528114134822,2.385806174633679,2.9864314710697477,3.6259597457009476,2.6627260025618096,0.9085231208180544,0.9969986371900638,0.709319621294662,0.5468700009035024,0.5558166715286851,0.14137116813102213,0.36743216139236534,0.34842495789889916,0.3771206485924821,0.5035973362314021,3.1413109769171412,3.663633487591068,2.986327921678233,0.7645685366798961,1.4069965037819152,3.8506378694243812
-4.10451216368476,-4.26004730718837,-3.8353533814741243,-2.9115985159664253,-3.1447367656321616,-3.3378420285076613,-3.0945415118332513,-2.611672705834405,-1.3506928728654315,-0.6402219850193464,0.5048058190128312,1.132918380850949,1.8404731828017376,2.190119632787722,0.4769668887154304,0.6208152613806244,0.19715756057393038,0.368564840073681,-0.14220005764304625,0.4729502460342843,0.4672477876912868,0.3709373857016194,0.061053052208153095,0.004261432120792681,0.25947473020617884,0.13351876341687302,0.38380032225353555,0.6326939986008773,0.7488760733477224,1.571020787667385,1.9430927238088143,0.7413478405440652,3.089401677032613,3.72867551519045
-3.0957025633311095,-3.4090795499563695,-3.418534212045466,-3.0674867069434635,-2.7907357774210073,-2.877017231394294,-2.6494063913107735,-2.3821012617203374,-1.917090186695805,-1.0803395727532414,-1.2440752227634944,-0.5504451843135417,-0.5167815403549448,-0.1967927127318105,-0.017987202060710743,0.4616428233116558,3.079966720149595,1.5858591945741132,1.225574628410181,0.38532684888589475,0.5629212348316112,0.1312914755334988,0.18005628185371722,0.09298323899649115,0.13513896558826605,0.06509386916428071,0.30014723162661244,0.8272000638562569,2.287610243243763,2.8838280450135403,3.5852885317545327,3.2735381317110632,3.734126360675532,2.6858279972736696
-2.3887812998777678,-2.952014548036172,-3.1173944029729306,-3.528293598340113,-3.8343210421568323,-4.164760289294231,-3.724608812595111,-3.462785442056506,-2.7258212853943733,-1.7725030660762209,-1.1301265270152068,-0.7773438379137838,0.026935432616147597,0.4874228211068498,1.0276760941195322,2.94108968890613,1.0740359981260181,0.3834202743639683,1.2774669511316876,1.008409915370471,0.10304272305407115,-0.052955415053710465,0.03218061168661276,0.006258916840062078,0.046927135989082075,0.031483251156142165,0.018598851459294217,1.9298912247484605,3.0681736049018165,3.935320841970889,3.7228134083560036,3.9650865989382114,3.889257324844607,3.8122369695013485
-2.1696727182470674,-2.5672195458929172,-2.7698153542124717,-4.514198629985497,-3.608524880944454,-1.801268446279811,-0.3245699739606675,-0.5741521777257501,-2.1994405528981886,-2.769378161195317,-1.5047965487069124,-0.10967601251771396,0.8987495930793897,0.9073068603376965,0.6489726131654092,0.3485094576234157,-2.1130113089854077,0.8004883854872029,1.65239919024934,1.022612767310831,-0.2566383619114179,-0.5668279529902933,-0.9001032781357757,-0.14552347181524553,-0.0042319395433070405,0.04324674216148465,0.2219124800708763,1.5886817698404285,4.660791208941139,3.867599295838611,4.601731384700734,5.571947873299452,4.703346011383432,5.037638236962158
-2.060782489176015,-3.211022244181809,-5.923183445963092,-2.681696782717038,-0.3392306660292562,-0.6921861269117605,-0.8892391632202425,-2.3633796238203146,-2.751144910730601,-1.6735484632347646,-0.05776724124949432,0.9411974107146883,1.5678663757786626,0.8313186586433483,-0.23921602041498025,0.1652177866498739,2.6649880424783094,4.248943464292365,4.360120855789062,2.55081925339095,0.7853114032548513,-0.70463420709917,0.516100707051398,-0.54523064887799,-0.3111944741215157,-0.701429475482912,0.904085817279213,2.686862377236844,3.031077827802295,2.5689871322314115,3.1208289962533193,2.781773960432714,4.552822990603757,5.061011331688315
-4.279344078926953,-5.001594072594904,-3.1603593457565657,-2.6850689181103196,-1.234970327633333,0.23014879567403781,1.029596409731785,1.1700398934565606,1.35489673312311,1.654777120291386,1.1787154729608367,0.440343777798289,0.8794919887927896,0.48591279091991707,0.7794098504881909,2.657853835816811,3.654791055744186,4.401712273893191,1.6491053602361572,1.1075497194184731,0.5364867196731585,0.50366700508535,-0.07342194086819125,1.1464101070045567,2.4232171836279695,3.0422883214884755,3.9335012011461066,4.070316828440345,3.3620156134558568,3.0676569812180854,2.794510191720458,4.265421057252619,5.020692848329794,3.9510097335768166
-2.6325147252707874,-1.297786201836454,-0.8154572442214837,-0.15987523599828546,0.7554806179320532,1.2837764828508935,1.9912296816579667,2.4624455583185334,2.0966717145283016,1.4945185580728149,1.4365916539449783,1.0011631062115771,0.8663002692837929,0.7337138681365797,1.3207289953776806,3.190951347317762,4.146576329563453,2.6057903721584403,0.7897938572807992,-0.046501897242920295,-1.014332245775676,-0.9014536090328489,-0.1403745704334503,0.11099714941959155,1.429180197937137,3.2110635378986374,2.892267925510009,2.8907009674233435,2.733193691801834,2.643869868182559,2.0401159307147534,4.1554875557724085,5.363549988476895,5.204549489151811
0.5028446634406056,0.3909420546227733,0.6775876947134964,1.412987066587393,1.8466848626723418,2.5775183348243993,2.383855746758669,2.0528426898613805,1.899867905184216,1.56957194004268,1.177419222369575,0.4039728587672176,0.7376871707358869,1.3908967003343704,1.9262979002853564,2.2613844137032735,4.438484449364501,1.5923049922063668,0.8624007223829245,0.6149142033447322,0.14260955990295057,-0.7508751360256606,0.06424416045894624,3.7161133440599654,3.0966829520949695,2.071990239405133,1.9339792088931955,2.17123561191258,2.2645940030432046,2.0743290210105774,2.9565142320952447,3.928606973609772,5.129179751109219,4.250765196673944
1.684805385826767,1.9126017624243687,2.1388399165440726,1.974997245359353,1.60324230085707,2.0103039048369284,2.144867922250979,2.0263451061135536,2.0780626280207857,2.3586158990730604,2.4566180744540222,1.4771028248800455,1.022240686431984,0.6978368359406103,1.865307201092341,1.0424971208131397,0.9459160433103591,1.096072716307914,1.1991731831259953,2.2839054734196416,2.3978572121409965,2.3804131094388676,1.9995058871590035,1.7490868902980339,1.2718381038511577,0.8981189237347506,2.5431533501236694,3.8927743444857934,2.9626213718553065,2.966288742833251,3.40638092965067,4.576841592197012,4.256914664960432,3.849773367880554
2.6173367490346857,1.742607598708464,1.8798235338729568,1.6088477153584708,1.7567703462701016,2.2879552750693595,2.745469154092766,2.8097727614378543,2.318235758232742,2.263435015845562,2.5344744483381465,1.240328702619449,0.9210395100993056,1.0701555180272708,0.9672208842541357,1.7649641192268959,2.6543742438122933,2.220009765495578,0.9104862896619755,1.173359118226622,2.1406075428002627,2.2143153060779364,2.3156347904226444,1.3457581604701305,0.11965099478747615,1.7388047242277151,2.1123043833858066,2.7618759048465753,2.4855486345350974,3.162287224634543,3.2511508456831892,2.9394198316403797,2.777660603025915,3.9665443880260898
2.5196147950327985,2.5822941174302647,2.8466669251006,2.1793843818854546,3.1048005176216393,3.072005357532117,3.4291268079829957,2.62165323678351,2.562127266545417,2.7195192916867716,2.833161024806737,1.6910811718374654,0.43278406493409843,0.9833737826978365,1.7595157512034352,2.8859306695491838,2.308514100719678,1.5961247899482154,0.8835635108749976,2.1981714766890366,2.987910591630065,2.7893773813661005,1.4441857112179801,0.8483326942374394,0.93442129132019,1.2496837412680417,2.227690747976969,2.245317739004599,3.5998656364351564,1.9988902022257196,0.9999079324549236,0.8987255371691018,4.952507191061892,4.7583596101290935
2.382530072914305,2.508942350821411,3.1106245980309666,2.94332275585345,2.7811027477454964,2.745932859652795,3.3075926217728218,3.140113533169623,2.448413702263871,2.4205789566801963,2.0700454867511295,0.7836154520300492,0.4012227665534242,0.7508782464797262,1.789870086628984,2.2876837796943827,2.0058058655490756,1.6440328013515428,0.1177385028516409,-0.6181137493196305,-0.6399222746614919,-1.207281433479309,-0.6879852716625782,-0.7574864295273277,-0.47058206933509517,0.5044519120699112,2.117416175792136,0.5700150561990781,0.1540074869785627,1.1497538139238128,0.7616892672387479,-0.04919606670092906,3.851906546214015,4.674606259609327
2.3939898624746263,3.5853106575825664,3.981137071048896,3.094478045614416,3.642369771639619,3.2336404738962257,3.765953244399517,3.3441341664486415,3.139330372450997,1.98676464780978,1.9460821156415522,1.2693191071341354,0.3935474096047774,0.691321732669877,0.8247740184207301,0.5780824030575583,0.05453207036954079,-0.12281695266438157,2.2810366883909134,0.48949944911455123,0.11002598825091658,-0.29547972537730605,0.3617992620562541,1.4964074083490486,2.6917530979121023,0.6504535856311644,-1.7282120570325732,-0.6041942116799185,-1.1254369888440787,0.63109163108145,0.8960973256285649,0.716517590649293,2.365342914570843,2.3298616381494286
4.017268198064603,4.56411178600503,2.8698537712071697,3.6640289182793895,3.5185586667356703,3.649660690006235,3.735751532603072,2.8825533379357093,2.1021875288073266,2.3012479240716006,2.148963296814105,0.9879737987328938,0.814369868619211,0.5109122635444627,0.6098111169393782,0.9138546347317599,1.7764281129308954,0.6486665560543736,-0.01251282369183919,0.33532539412841383,0.020517302199758065,-0.10715653014639555,-1.3330361596422378,-2.8836225920756444,-2.542101782034907,-2.870530948370613,1.1342216399290443,0.5769860861621736,0.8453849793740051,1.1218175884351136,1.1258017739299309,1.631896135335748,2.338054335430828,2.9248766666301527
5.2232060016894675,3.843398022233246,3.6760809726459347,4.113772453079303,4.352478567709834,3.6763741176354725,2.8173382187513507,2.7921507796153016,2.2179734206892086,1.1181364530961768,1.5198121666629842,1.1422422491007749,0.36399155311504316,0.07825184823514673,0.03125259729657236,0.6303874714081392,0.40541951981230107,-0.772847384256446,-0.638957415946875,-1.0059562339166643,-1.1447886388866824,0.0028072879991995693,-0.032841619248461414,-3.318148512634876,-0.688004926915005,-0.022179980538942205,1.0386800462995671,0.3007931297558557,1.2779372986858055,1.293291470772617,0.8836804240786038,1.3950688008244545,1.753668552690917,1.8431856984749366
2.2002221371531427,3.347443984224309,3.1034581160476695,3.21964070619861,3.358297284223869,2.363405658236822,3.679320983507597,1.1607123060576505,0.62528651767378,1.4254697403407133,0.756695902370061,-0.5719455566391687,0.061544171986054406,-0.5597432071635181,-1.7400289143663958,-0.8280633409057312,-0.9768277365551898,-0.5633966601704361,-0.3001903358635739,-0.6006176267051893,1.2099840310995782,1.1841411235302102,0.6145795238815016,-0.18870825553161885,-0.9426511116513583,1.8381901833964065,1.2164775004449284,1.2629184533538031,0.6465427593582349,1.8955431324953667,1.4410033673073919,1.697339537373237,1.8852696516031247,2.0271203111410148
2.4798768623596485,2.0050086212886895,2.650923492618809,2.7099451932797685,2.1014971918667604,2.4319758988853324,0.16047449763440144,-0.2765724291586728,1.0731287076348328,0.47378199689719974,0.5002605940207498,0.6125892566362341,0.16214566859695817,-0.6623676049806269,-0.6126749016175579,-0.9106303910643181,-0.8853066741302388,-1.318540294566679,-0.7885228600146459,0.01475158127046596,0.24318869500693682,0.3061392135186724,0.2862122006175478,-0.6828985584943422,-0.27104358596815226,1.1245851864699865,1.1121234007824738,2.252764650746252,2.06455924082736,1.5230104794274497,1.2211469370347208,2.5497859722456004,1.7856650426465124,2.6458323475945877
