script/wind10m.json
{"header": {"parameterCategory": 2, "parameterNumber": 2, "lo1": 3.000054539987559, "la1": 64.9999836372058, "dx": 0.5, "dy": 0.25, "nx": 34, "ny": 52, "refTime": "2024-12-07T06:00:00.000Z"}, "data":
[rows 0 to 23 of 52, columns 0 to 33 of 34]
9.7648021499716,9.299996326039372,9.474701876182191,9.446537857021568,9.478247297309796,8.815908125819563,8.465974244111706,8.266214738711257,7.91110578711256,7.057470238567443,5.878095864440922,4.907895292954166,4.402679863395115,3.4217157137354244,1.385671941013015,0.7380323597804667,-1.3096766618898021,-2.5047817233624055,-2.019631022803247,-4.403533542030533,-2.25663966869302,0.9460461255476666,-2.244620976332802,-2.444418276615621,-1.0340546414201512,-0.3070676079131284,-0.31332915448647586,0.4463161437454424,0.8634878397629371,-0.3622344464264993,-0.41286818613625254,-0.7496710636655352,0.28545822746442595,0.7652832843981003
9.049898779752873,9.024438097493473,9.113083837522314,8.954060436676533,8.400400336867317,7.855786290671463,7.8101323851901325,7.677151821204966,6.747018560564025,5.544679274119423,4.762262720007863,3.5120987442480684,1.8002893326232883,1.532841731072115,1.1463245002003235,-1.4069726729324774,-4.212540017427628,-2.1679707289194834,-4.780710184200309,-0.20135487163251914,-3.2280265019871868,-1.502249896726989,0.2320371493753466,-2.4945792699991136,-0.909235744278571,-0.8358427120282192,-0.5810439071442114,-1.463361501232478,0.03324476675527756,1.0722748979884733,0.0626901369572141,-0.599676120235799,-0.2469971435377311,0.8871636943086187
8.516260882689174,8.597773307266818,8.201852732860003,7.924408589394191,7.66055096931493,7.328799945108088,7.321496451027225,5.989873245081703,4.928516887401259,4.651888979445066,3.0061211230838296,2.803841585064616,4.198818844284742,0.6558370139099534,-0.0706365774821725,-2.3491932567113856,-1.4280484630069872,-2.5687299080178354,-1.8686167686493866,-3.410641281090413,-3.0185889098664838,-0.308042817764496,-3.524559569288809,-1.1299309661461823,-0.7585389383396128,-0.7629004235058107,-1.0494867003444839,-0.2029880782359129,-0.34578849421190166,0.5796536783647718,0.8159222286005166,0.15165050315555023,0.14760134068939598,0.8827943801806788
7.480390789990443,7.613086468870645,7.585107502760391,7.373331132828415,6.6528934819827485,6.637183621508089,5.262324407378956,4.606755012497984,3.609135920831886,3.515257916088388,2.3537715080001065,2.908872647497258,-0.7916934377709484,-1.2876635617699073,-2.0514134053066857,-0.5225451654108453,-2.110822308317852,-2.3040865928649983,-4.278130222802443,0.4087232781819593,-5.160771477054339,-3.725092107347158,-3.262668674858967,0.30030262977793176,-1.0709568859367653,-1.136456675477144,-0.6499383151720588,-0.29916340460434937,-0.41559321427980656,-0.13049667016951408,-0.21162715697224577,0.37138189782165876,0.5898862543183211,0.42476691952518125
6.853951121047355,6.672971665445297,6.297613486130489,6.1758520858855634,5.192036444193832,4.2979206086567014,4.8943801235013735,4.330626670040282,2.723863468766557,1.2319321163432508,0.8384129984122398,2.0305397238010907,-2.8318638893386594,-2.9039091895205105,-2.84642494180898,-3.4331227098715535,-1.1533574610430302,-2.1307825529193254,-1.4991044355569962,-3.313398009030811,-4.771076726655778,-1.343842994552394,-1.8922131274581844,-0.7055556237522437,-0.3239207978463157,-0.4451746086403065,-0.8364200804405016,-0.8770582233812357,0.14179229476557695,-0.3557533318503733,-0.4717696683332679,0.45120320294015803,0.7499499756777256,0.1978702669650757
5.290542442694626,5.4415555437617655,5.099421085595329,3.8849210638223397,2.9893657498765855,4.246142825006785,4.225871752357988,2.066017554002603,5.979825508289851,0.8641591135917006,0.7656006133261954,-1.263315342085338,-2.684444728213618,-5.098358260912006,-0.45253008218791674,-0.9985486274826983,0.05569316005382207,-0.4641107612574867,-3.2230874849280533,-3.9918096944507377,-1.9121947546104072,-2.868243943604333,-0.6445560100859762,-0.7853920660535649,-0.8196355526562663,-0.2942772278223677,-0.635126377497755,-0.9751836722904218,-0.4452427668982516,-0.30109790848730766,-0.006919111542489821,-0.046482398026553684,0.2788735515057442,0.6052306597877869
4.14476095924015,3.3161351981201714,2.2451574521815876,3.2333188678632183,3.045343029737988,2.4318801676838024,3.9291987416288157,4.151955480306329,0.8230133732517034,1.8816272859058354,-1.105579488386776,-0.2988028948871781,-1.5771290537436808,-2.0921622447720805,-2.6846510720946797,-2.833387558143483,0.4943585512679729,-3.639372148308478,-2.17077924682169,-2.399342113166407,-1.1841313365805546,-1.2930073798681154,-1.9002314859962284,-1.3623436236025348,-0.3214221396919118,-0.37321545973163917,0.38890494930023467,-0.8970557211508668,-0.3571490030104346,0.06406610365347144,-0.9532930984556877,0.2848178547471127,0.8054968372242279,2.3217032991950632
1.606666388363457,2.820922644744728,2.1162462952681373,1.1215635571915794,8.613593906443059,3.065323718341297,-0.1649853559663194,1.8521452842908628,1.5679773581398209,-1.8075931331799577,-1.862651112902319,-1.477225464671858,0.9592568530607999,0.22933799254892234,-1.4316460367721597,-0.7182092349865505,-1.4794136045470836,-0.7879816593398133,1.723373690614196,-0.32861646291018015,-2.167516565968386,0.3963257458102106,-1.7868328029870197,-1.4832361824303304,-0.664938478058199,-0.6565388700981244,-0.7164842863529122,0.7161014717980176,-0.848309802821242,-0.4765137476534981,0.3275710722939374,0.3424067062362397,1.318446522508545,3.4444408016022257
-2.4769143253609722,2.5518356023912747,6.500702552418167,1.136584753195188,1.3508244157250469,1.6436616311756556,0.5047339395585531,-0.5410271437584955,-1.7060214035055745,-0.35712389107892833,-1.3248512019396848,-1.4138032951985084,-1.4851151917136136,-3.6095176120615764,-1.5098613627654398,-2.262003795143258,-5.109613294791987,2.2394217404451164,-2.7844710918859126,-2.822299665429774,2.198861440973026,1.577571421022093,0.5372111145405233,-1.223802171308675,-0.598911249960937,-0.45217632193604623,-0.39801639222518237,-0.6171402865771599,0.25578248856478614,-0.6748517975830541,0.11133375474794452,1.8626341308569312,2.279996282637831,2.590187394950001
-0.8747766809621366,0.4857822271650278,2.3975337890194486,1.2060070258170787,1.9130834453711665,0.9854837719360657,-1.0617442253516958,-1.63985334908819,-2.121116227144927,-0.33897316910285863,-0.5563945456886663,0.31799998012988917,-2.909948647978484,0.5474354332975608,-2.6771112049354278,-1.064530427761881,1.08446159260824,-3.338924136270741,-2.653971038566218,-0.48044287127851965,1.0826245648658646,-0.16872568674081967,0.13587885454464266,-0.41867449485026376,-0.47386769685196783,-0.13169307695308544,-0.11081785452417575,-0.5304695757040462,-0.7166986149690134,-0.13473147860017784,0.8933214323798145,2.823822856577724,2.471596246805341,0.5296303856101807
-2.097964857446149,0.4192860455775934,1.2082024939613818,0.9861561872624661,0.31104073776596014,-1.1541515607333304,-2.816013987134804,-0.8302613401671338,0.09888538226780359,1.5892325646749805,-1.3491473332017476,-2.0563682166486275,-0.30684843757582086,4.032463655951636,2.0125276600212643,-3.2514550679179806,0.4892956963632103,-1.2307978343638415,-1.2114432830169508,-0.3301666717459262,-0.41592276753508073,-1.0749155872174296,1.1835714434982019,-1.5083122983875688,-0.4321190147782137,-0.1634869147922707,-1.204537238685866,-0.2789237338229267,-0.6542406395118769,-0.10528225198075328,2.201059239852303,2.786012442977408,2.3535450104884745,1.9084952602154626
-2.1480364164147683,-1.2912715515949935,-1.5889490595747595,-0.99514164432924,0.09602752841054132,-1.8369971547666404,-2.1967910126465786,-2.0208242141979524,0.9085325122635894,-6.275725560079983,-2.9470285209578386,-4.252960933628463,-4.094212344908879,0.19987190397764934,-1.1175839253125244,-0.9064568339090672,-1.177952635813238,-0.08363874562065322,-0.5531480220160689,-1.0731272922778001,0.3580963175631093,0.5585820222297907,-0.5883666450243134,0.14303276384099717,-0.5721005209454811,-1.4949257235211577,-0.22832969160137936,0.2904148862632784,0.013625351793199738,0.48606834003138005,1.3247972895473397,2.5462952859357673,1.1572489740407224,0.908676977712362
-2.7357604824185455,-3.428397004804147,-3.7954540904699248,-2.440688128072624,-1.4350142877405365,-1.1169293620342977,1.3054391601986695,0.215545367405625,-2.409822031823525,-4.399185471349211,-4.944292414217671,-6.0785224732952825,-1.209286045425721,-2.8078446821827465,-2.404096774896507,0.1541290582838676,-1.5617950239868057,-1.1469252438264215,-2.129110021461329,-1.0939280577448118,-0.13311262553030045,0.0622848403343582,-0.5495023950354969,-1.3413385179310244,-0.736637905363707,-1.2867889433347768,-0.6437356297669237,-1.3464423978539826,-0.27354698441003045,2.6946019138211064,3.207374023991441,1.8347195194169628,1.0882824752206466,1.5419682376839348
-3.210259074402739,-4.646505686692177,-3.659126769343786,-4.650647500797797,-1.31811677678868,-1.9282207128080338,-1.38634941615532,-0.3488875870221427,-6.488590666696031,-3.356069377053857,-4.301842686151291,-0.19145237307414786,-1.630861412535755,-1.401136714594181,-0.5797155961763697,-0.9463978108016624,-1.2696745563330267,-0.6818305569836206,-0.28897340940141214,-0.7940894107132683,-1.3391090021884406,-0.09482904750828423,-0.3089016543246284,-0.5027398595059611,-0.5808598559307206,0.011209545188848735,-0.8985258821265432,0.30324052837642324,-0.7571609291045645,1.5511097468270862,2.528282922172568,0.1157427225408026,0.6872814875488987,0.5588683698417103
-5.792800473330177,-5.607626331100425,-3.699824536775681,-6.0575668636966915,-4.014734475179349,-1.811686427690268,-0.018215262790628035,-6.234446778815743,-3.7049860430099693,-2.8268602494962245,0.5595396040593928,-0.11865748164075308,-0.7866923729690529,0.06608703239458658,-0.9204622454914397,-0.7098213811943705,0.07130392009589173,-1.5020219916959974,-0.6191156700809655,-1.1748313801164594,-0.9067181403247178,-1.371638870135576,-0.6528766229579962,-0.6054548925906921,-0.59537164448254,-1.0574737249416735,-1.0593358484885633,-1.0704605569295516,-0.05154863066798836,1.7645432844087807,0.38603645782968676,-0.2305372089824523,-1.0295735335247604,-0.6350512965160371
-6.532616915796997,-3.6072523666054432,-5.890554581415858,-6.335450456508151,-1.947143100653905,-1.469312520184196,-4.381791915605513,1.205881765664451,-0.20767326323701804,-3.2375685866203705,-4.629897929096738,-3.9024079031814303,-2.963603433334995,-1.863776802245969,-1.4808968238439395,-1.3869296517195953,-1.9492519211032633,-1.6700493595549712,-1.4780881612803307,-1.1471945759009283,-0.8600666925892181,-1.503576540263544,-1.0276350149418394,-0.7123833051517064,-0.717048751134779,-0.5847336197577451,0.02687875457092812,-1.1857396583340611,-0.058997871832374184,0.042820767728147066,-1.1954058847161748,0.6696817723176112,0.9206441295585428,0.41030665712313574
-5.154395213895962,-0.5765475564727004,-4.079955207300971,-3.623482057126133,-1.5546001340423021,-1.0097029531676012,-6.404251472031402,-2.388423681905554,0.01155949672468362,-4.771664155741968,-4.826361603181579,-1.0416515404826987,-1.0693952502886335,-1.0399244930294036,-0.5174379822062217,-0.8684760351364905,-1.4625613054363862,-0.9246518508630212,-1.713797846014164,-0.3674552009482701,-1.4665267122173875,-2.125462995024352,-1.4193688848532817,-1.3890735052955563,-0.7537929934801023,-0.40672038157993345,-0.16382044166921297,-0.07838460291919552,-0.046796377532215785,-0.8314921157436497,-1.1920257348219718,-0.628232316693407,-0.7721558742791917,-1.0374884777959728
-3.2804828181388745,-3.9759478898175566,-3.3531818169090037,-4.8188234319138905,-1.519119298885685,0.6173527933522726,-3.8374398958145597,0.7607508140066447,-6.9684925888849625,-4.859901354006115,-3.0548495898181978,-2.8532428422211784,0.16229717104796096,-1.3255969778407855,-1.2066779618880807,-1.6430320085544186,-4.480684222046548,-1.1297382283157493,-1.7812215533796611,-1.622554900641617,-1.4003910818233043,-1.6214417134680947,-1.6850230977230112,-0.5921162042513483,-1.723279387319825,-0.9327519389160249,-1.0222898618614076,-0.4219500769690122,-0.6418664481098979,-2.2908706053444186,-1.7401404172554544,-0.9898339960488682,-0.25444703158147314,-2.5424579174869453
-0.14030163523549385,-4.852367031317726,-4.125208859160078,-5.702970918105013,-2.3448458686139633,-0.9018000152019225,-2.9692403647453114,-3.017758508631146,-8.594332645921765,-4.088467331750486,-3.3499146244189633,-2.1498424424902836,-1.6843318941290637,-0.8547754737395252,-0.4153879813098282,-0.4954523946858644,-1.4261985242739057,-1.4790874263225997,-1.5000341626555314,-1.38976535395465,-1.227280676127047,-2.095311319376706,-1.712694474770074,-1.5791436109306334,-1.078767851779292,-1.4940796330816797,-0.7604029012024979,-0.9258541517409795,-1.046586607122143,-0.9177032731846034,-1.3725633586435544,-1.7393792030619322,-1.2488050906022938,-3.098321736207579
-5.872293947529698,-5.924334057353652,-5.66229907615051,-6.479816026789605,-1.9116394395595069,-1.9437928887159615,1.8062442286690883,-3.7554747601366607,-7.342814109417552,-4.427321350632826,-4.75264496037685,-4.078224734259221,-0.3126235836525785,-2.000291436793628,-1.1090987401966979,-2.4098090466995234,-2.070469072841029,-1.8050469396270672,-1.2500189905901122,-1.6875336132538103,-1.255044019140756,-2.146372176698168,-1.6239786041710418,-1.5417532413849584,-1.7237761931407276,-1.1264240576984346,-1.246251177570764,-1.5528794933980228,-1.8125754843637367,-1.2925122907540543,-1.0147205548776421,-0.9778256747851899,-2.78142724754514,-1.6443353453277216
-7.416045780062277,-7.289212953612409,-7.218962406568978,-7.11958476497986,-4.122785904181162,-3.113073181232061,-4.457486205665895,0.4630713498332865,-11.754782443395953,-3.417436099986085,-4.439189962765806,-3.5345531521749236,-1.7592017662194848,0.12371648305270394,-0.7277842355012469,-2.079239268828198,-1.7496414215275125,-1.6522348370303117,-1.828009045530972,-2.1607100657536944,-1.5280795924220096,-1.893904667821358,-2.051655645692159,-1.6926909963623726,-1.2390255711789693,-1.5647388525303483,-1.3498166640968554,-1.4304806930560936,-1.7548067243666432,-1.5951509262377754,-1.068192251498754,-1.0946545690856657,-2.7216123072230154,-3.533852654518648
-8.706431221736667,-8.490971536228901,-9.019297098592544,-7.598903101625687,-6.257648198611864,-6.291837067311377,-6.165037774244947,-6.149801334915687,-5.886731436708479,-2.635704611407135,-1.6156269604835514,-3.4188834150396796,0.5737705780553939,-1.1942157477799702,-2.602410529680624,-1.175836911866931,-2.2891441181835708,-2.098285943989123,-1.7823010431335564,-2.2144946771466474,-2.0934014075953935,-2.379998312920489,-2.031027437146545,-1.8853692990080424,-1.7595600218800262,-1.5702425279160674,-1.6685335858901407,-2.4050830317395766,-2.6145120417655896,-2.585951168685654,-1.7102091209705093,-1.6407987991912074,-1.3664661571988788,-4.222487797821252
-8.88172780722911,-9.38327598697411,-9.77125588568325,-8.308411312479093,-5.398900885834658,-2.7657280965575475,-5.602823039953689,-4.571967207045495,-8.652323272226699,-11.975964763830243,-1.8059242951913124,-3.5110794687372793,-1.3085258752016062,-2.1303360346444467,-1.4476534591175185,-5.282083440326815,-2.3894930518698274,-2.256746023082517,-1.6540346782385622,-2.6854973595906215,-2.130617022268168,-2.383597253950591,-2.708375139794225,-2.014735994116939,-1.7837540156156153,-2.5906201997819247,-2.693886190742275,-3.932426465770195,-2.335579647155962,-2.7839380138035725,-1.9987631056394404,-1.9914024170692617,-4.672769582932091,-4.697413895586245
-11.062409058206063,-10.705667778452414,-10.322905522687975,-10.305737626297809,-6.601641182643318,-5.052005443182432,-2.150400566861101,-12.314981742567824,-11.683169423736683,-3.7532164583138155,0.06679312660163697,1.2404803486872853,-1.7437500455656099,-1.9973999720810474,-1.8879052506450584,-5.911814213725618,-2.7859770513425874,-2.3332841982221213,-2.034122542975654,-2.424510570873318,-2.548108784048091,-5.942018255498819,-3.9416269903250023,-2.0912973743588315,-2.887176822849634,-2.1668896046287327,-3.629675039865516,-2.017890765112193,-1.7300577269474129,-1.7167657283005189,-2.3112317265926294,-2.0725905189557863,-4.166118042529568,-3.5486750325795997
