script/wind50m.json
{"header": {"parameterCategory": 2, "parameterNumber": 3, "lo1": 3.000054539987559, "la1": 64.9999836372058, "dx": 0.5, "dy": 0.25, "nx": 34, "ny": 52, "refTime": "2026-01-18T12:00:00.000Z"}, "data":
[rows 25 to 49 of 52, columns 0 to 33 of 34]
10.86183268589139,11.297752819992677,11.563951029613397,12.350389154802196,11.921519296158742,5.36283261645792,3.131426980145541,0.6886284275107318,0.8450676713155396,-1.3931293786500318,-1.3589986929977793,-1.8920919291159113,-2.3493693435757756,2.3826061547255057,2.880610269838213,2.119213286836752,1.5786816618515922,1.1200337167332257,0.6831781315165164,1.457385308827911,1.7979394592454019,2.683782004123481,2.6392150822732603,2.9912026971537857,2.475275871772477,1.843983340490289,2.666817522982623,3.3926072718371345,2.5185464613249824,2.95155732164682,6.917609505220749,6.318963516172632,5.426980455422412,5.296574566034061
10.352587773616895,10.651030302250595,11.229616204182904,11.603365568947591,10.193817602756003,9.061925393569997,3.5068467360172892,1.2053617928864138,-0.3669832168321038,-1.78451458500781,-2.008447989755251,-2.2265896944964645,-0.07325209144733298,0.6009748637982085,1.3508577427290513,2.417269547490878,1.8330898663165254,1.2981668869162186,0.4555229738297573,0.59308967033554,1.4502903759550048,1.268241964337816,2.4105192648751235,3.519010208474009,1.6002280688213837,1.745784936604788,3.0742941634743914,2.2994586419138208,2.7198548582961464,6.680131002936438,6.439661670200794,5.2245160890931555,5.24272167787331,6.433669325952751
9.884981821227685,9.608760882254353,10.048077608957206,10.53143858425438,10.63544235767862,7.3577742343388275,4.206348097098496,0.6261364334129174,0.5974383458037349,-0.8163208150161707,-0.8446747486472421,-0.2154291040681248,0.6316382313801955,1.0745947883262998,2.046711485542194,2.490176755736359,2.933048260477418,0.3055575207167024,0.12355157410858095,0.40150820276221305,1.282711404817832,1.7321882993963569,1.9335917515537087,3.115536279500767,3.193645562597011,3.187857490192915,3.6107541437750093,3.258348224490042,5.680264128733874,6.334729100998727,6.121044638288425,4.539110488016738,4.631382832746286,5.961581108232209
8.987766598626303,8.875754444532767,9.091134417670068,9.003412383833814,8.701721803798748,7.753842645316345,4.684126030357554,3.194667958251997,1.957636321579045,1.1792049488833192,1.546930604657049,1.4263890287452152,1.6556173610604938,2.048263601121105,2.875944749851608,2.9015459114208735,2.36379576111762,0.6959428873449014,1.0889930240453265,1.2087099912369466,1.8334261292197833,2.300796260633324,2.7845290001290017,2.6025778552594936,2.932112098772559,2.5391238058415304,2.8138558537487546,3.0587661465006004,6.5459926732635285,6.9107228955634,6.2086600521111635,4.537872098353372,5.252349114312215,6.8324111024435235
8.41749766715431,8.653878961455675,8.209316755938268,7.932842369313897,7.345696835917596,6.604349370168767,6.2276773084757036,5.9902158140966675,3.4939460672369447,2.341213741715665,1.8256553719264288,1.0544997611578908,1.7450844903580613,2.7550700870588405,3.4403397844499977,3.3667206486832932,3.447566408919239,2.773260794954611,1.4135600765999585,2.0801688345435743,2.94245694138019,2.9987354598326874,2.473756427034482,2.54162123106607,3.0049258510601526,2.6762168937032516,2.5030088302905704,2.7055179545167394,6.103899079358556,7.073017412522108,5.493270848629291,3.2541614154927863,7.191032270770166,8.638992004631229
8.22222184260911,8.073886579630699,7.493081965542099,7.336483283744045,6.935345222478008,5.742455750678067,5.436917528527999,6.210916013284081,5.169000834123071,3.8734773889055383,1.5923084954840185,2.317090159697373,2.200097939832059,1.2561465143562112,1.547281204283082,3.695037896223536,3.1049435210613896,2.036007703870951,0.7479401949637694,1.399816988276122,2.1478177475357194,2.272273240236733,2.5352116993534395,2.3171186543125932,1.9059174365681129,1.9798424193933075,1.8497356898692423,2.4652044652903573,5.692228320902368,7.760792155305461,7.207082311928869,4.694006093921711,8.406204869465881,8.6119122183852
7.7529826216756685,7.31149758030171,7.065713006259344,7.030994847971791,5.835298121067319,5.538714921302398,5.156424417158755,4.919684327185894,4.002496180204436,4.142171956019366,2.0627652492711763,2.0938709229526142,2.291240809579168,0.4392376546847248,1.981278650125256,3.3364875147019224,3.1171691784391946,4.086746198159168,1.1943145643322512,1.814194789517548,1.6668538926031455,1.774366226670814,1.8213125161737898,2.100919633184008,1.8239732049257205,2.0575374473689987,2.070827828320095,2.650760184001795,3.9444178844473474,7.264585655142185,6.750027956088869,5.015694236050104,7.730749174646446,9.065587866637127
7.092125529776783,6.6559850174989705,6.44472227322767,6.634954613537008,6.416223500148638,5.6269772774457465,5.675097479684654,4.70340206844934,4.73276427274893,3.3035684802778706,2.1213970215455697,1.0699511246058924,1.1150968057674535,2.3856495875537735,3.4368477821157306,5.3505958106126394,5.585697769523035,5.810745688621023,4.415542071223856,1.207027742945624,1.8057107548302593,2.368461822232214,2.251267995765203,1.681971298050844,1.4768463708837958,1.3303220576711412,1.340053512915272,2.7705687227794358,6.085697712359036,7.5056877885032725,7.155501691664219,7.050217130843212,7.233419321783883,8.382782734383044
6.848656793495155,6.508719824249349,6.159560237640084,6.206375777638943,5.969749236663068,5.838874316143654,5.832140191778047,4.265422510614764,4.070951989213062,2.8121365889588366,1.3915411252884453,0.9852340373755518,1.9063145623205888,3.022024286467817,3.0353458270178737,5.509478026323172,6.549095348228151,5.585239877626522,4.193978979619561,3.9284556699088276,1.9074479436854226,2.1446348166464095,2.0106268531259244,1.8290750474864363,0.9895560952514224,0.4726125648730156,1.2338877008332618,2.3722584345187894,6.835826910977681,7.4600415409818295,7.3438706788163115,7.716757156438923,8.174490800680958,9.513642565433633
6.598089305081836,6.366988282017449,6.040697910263969,6.236626802022702,5.57726123936069,5.606677418801659,5.920338317084619,4.249796058452184,4.300711651051537,3.319143635591444,1.6944323806620911,1.8714358767707626,1.8995601706595613,3.752568108392261,3.894692401664859,4.889417084814457,6.461717857812388,6.5920137249762565,4.918721888735532,0.9464783852372403,3.0182774323377535,2.0689396145240133,1.8292415915518456,1.5468912860069493,1.1435084412587524,0.7389999610452875,1.3422791029398151,3.6041638156900087,7.350011600277497,8.33369730082295,8.867344743281198,8.646658460551276,8.806909693692056,9.875180666803418
6.417306454720545,6.069470903350234,5.45267824736127,5.813471937953698,5.237680726576415,5.336458093315116,5.7173885991389435,4.523660351450839,4.075226156774775,2.901137082860561,1.9745022083167618,1.7584078813768174,2.266701990795944,3.459572258453537,4.73359160947352,5.035571142620342,6.498305382386477,6.134576039234779,5.366326711090293,2.29629244560673,1.1456866362280578,2.045683571598047,1.4958319028198948,1.5258141828977738,0.9070038624971439,1.3299812871693462,3.0617259478491037,5.600886794796574,6.978087675310964,8.458123952193716,9.754525880434143,9.975166637022351,10.14918009451951,10.028944825738487
5.639717006020757,5.510332520262747,5.223448441320956,5.134822485787594,5.067002044896949,4.873669932135293,5.174817725041595,4.696973791454443,4.587598328118836,2.66601667550252,0.7834007864847601,1.507758485099216,2.2363891821235047,3.058527709475587,4.800830482275493,5.1674185322114,5.364621574561665,5.946063732075432,4.3021518441570805,3.9231280496008987,2.7148112006736707,0.7243171189070979,1.4071810465106784,1.9696791629165298,3.4333463065318046,4.211102168600736,5.040969552352974,5.678423556935787,6.479093537662076,8.358112230782961,8.649299812670451,8.707636021885527,9.054965431294335,8.331178057703479
4.594548054469203,4.6524762826985215,4.628870476573312,4.370005152674697,4.594190416999228,4.5768817095829695,4.648156064413379,4.24254605220445,4.651323285859243,3.7540995522337126,2.9603210010335346,2.6443538883559983,2.8733495938772555,3.334552048382306,4.946625261080608,6.79936670378048,5.17714363685535,4.2030028254137255,5.727966056899274,3.032410311804231,2.060510527316353,2.5696367129542903,0.5096126738724719,3.7273819755062205,4.679065944215897,6.174900778988878,6.365747610313542,6.686336398267894,6.623808705230884,7.52958480654406,9.295131040968196,9.313328178841132,8.57533277417373,8.188103582271678
4.235730780480864,4.418092250618061,4.243911048428134,3.9001922723110267,3.8209129118032457,4.113591394411759,4.159520286900388,4.606518015821909,4.496040300581283,3.6142604142756065,2.9415972798119907,2.738332982073266,3.2619908312199946,2.7451198657289915,3.3248935429189257,5.4346602687671215,7.433386416582308,5.1549938951186,3.6461882766148883,5.25563868500807,4.411607933854655,2.583921789448036,1.7415972396613253,4.15617377286355,6.141807080581465,5.170527631909553,6.28162682447202,6.109470975572287,6.541877471147949,6.789272489341472,10.419257024010061,11.22369696627984,10.191168117490246,9.68982387965362
4.767607813220255,4.054713116114877,3.644603670078228,3.432388815620634,3.4688691525032227,3.521582912110001,3.8328536835063294,4.173838999427079,4.7029266747845035,4.698347260996789,2.9104274679087836,2.712357236330896,3.62458788546548,5.169941983788838,5.089079350503821,5.569974328773069,7.092415194610772,4.866509406226268,4.549895811519318,5.400352167685694,3.8859995363081348,4.105696790923462,4.219851647439434,4.288151208823657,5.375209157226291,5.375357765432464,5.380830958891074,5.897940128183387,6.577552048239365,6.058755873871545,9.428111952511188,11.215594983528778,10.862187512895833,10.358918155047807
4.877185837576867,3.9966338220815145,3.356153845934542,2.8410699734823486,2.8098115525026994,3.096011687666194,3.3435675396506515,4.067199209062444,4.642889844560675,3.97173914909171,2.295236172250299,2.898575501775005,3.0814803946315066,5.02170770042547,7.195481534558624,4.914414528977847,5.649140546346214,5.585354191386802,3.753480187594086,3.448839405536689,5.166021127364931,5.441200145619671,4.877174736316111,4.9934420183515815,3.246579592648913,6.1553668390416,6.276637354056943,7.072926066017874,6.933473544554982,7.05800368718715,7.040150148673237,11.903956526753127,11.430938646621447,9.742551756052368
4.162370024023386,3.775896706252922,3.321945555117186,2.686970351626603,2.47783531869696,2.5794145447802395,3.042393080809594,3.7022576756140895,4.759569057759364,4.562381723124243,2.3725685584664222,3.1803194270021296,3.697306531263352,4.055433868060163,6.750381705457622,7.145198612973681,6.406304138919241,4.804609714369364,4.1756996879016794,4.148980204300037,4.9774884262096375,8.223085000104225,7.003689716175462,6.04908012504383,7.541603429673037,8.169467836835778,6.780435972917119,6.5462529331946255,6.987687454156683,5.394807571544289,5.697314917949851,11.940252996844647,11.233104851272376,9.431657305428224
2.802108529753927,3.79718299585559,3.2158684190893188,2.6855550754413695,2.581423210128164,2.5113653335621136,3.139484329903736,3.7647092604023142,4.4948938751921395,4.96847313582729,5.129112904358069,4.484757616488672,4.3253215097816495,4.357322927628467,4.187393440989835,5.890611763482206,5.363864369162436,5.097514000952649,3.600798603185628,3.2669000119366913,6.339908465499335,4.2669115967331495,6.6068091976966095,6.048758347628579,6.533787539417145,6.480658236888503,5.669685474337024,4.491452813855418,4.97753430834721,5.035311909701013,6.12387636553895,6.076886603643433,9.376332289182296,7.455612381690423
3.0439671094468825,3.544035909941909,3.072384955446464,2.4382474696325676,2.2405520119894904,2.545239924364316,3.259307835307757,3.5859265990856617,4.419531534014593,5.541515686972482,5.989756167176062,4.967415963764726,4.470058207272418,4.347874119313573,4.420720912747183,4.800066621479589,4.777299789082736,2.8017035002349755,3.822752805453261,3.395648416751515,4.745705675425407,4.951388658654875,6.160960634557746,5.4258203504838125,5.112914636841832,4.940614691643262,5.246807152029495,3.8522335851254255,4.201945299954834,3.8749388343722315,4.3902355689888966,5.003239152621981,6.514021288968623,7.108996720755512
3.709359909107549,3.210370015418092,2.766198052849856,2.257771172817385,1.8622208544564192,2.6038179304657065,3.2108303508952303,3.2742906429205187,4.046460850280692,5.612531252979544,6.033590007714172,5.278217085816782,4.518841961003838,4.495511043242617,3.4656871291521885,4.064975165676139,3.646622720291644,4.087828034230905,1.8947904224999341,3.4099707589815678,4.047662034098194,5.678977793990528,4.5934997259193935,4.954886286440649,4.343164977128217,4.810032407565048,4.463167336727665,5.2451422547086555,4.703322812008849,3.063268932189602,2.687961033084855,4.784671549673912,5.664434876117099,5.6317190347260135
3.1209860709129384,3.1255611549333433,3.099303536130692,2.657462585528701,2.0255516223612626,1.9195086849047345,2.7323315026627797,3.316028768233117,3.6473508096710723,4.722125377794921,5.598694803336557,4.667322174997372,3.879993631260273,4.65205965030686,3.490438246717751,3.7957584005299116,4.72516301820855,3.7709647331407097,4.072531414446005,3.2662195895879407,4.226028544669494,3.6142788291792516,5.1368294496788565,5.531379972652388,3.6751550409295772,4.152955655437695,5.76581429769509,4.624831864394801,2.4610387575210746,3.3260854699019564,2.907307828879724,3.4458876106996277,4.6241042867660775,4.764715177285952
3.6136202470075696,2.742152397406703,2.9956665179982247,2.807893646768532,1.7906183323522356,1.400836018822264,1.585776528000633,3.201897696255874,3.666491003091618,3.1216542609112787,4.102989545766884,4.137992108338855,4.082688469384345,2.8191577810857216,4.039847408854238,3.907458020350412,4.130818099731626,3.646687935300545,4.783773631737906,3.2248097654737258,3.4023698581977744,5.4155419127611735,4.0849429123484,4.85974597198403,4.242734648700257,4.196197108443739,3.5548330978229536,2.8576278342430963,2.7914670543949125,2.3042827999515456,2.8109480653435917,2.578691837647579,5.1212627873983045,5.3679275668056
3.408160533024615,3.052408900474065,3.22723846274925,2.3998422004923246,1.773436014646393,1.2993095771066296,1.5687548599266783,2.232575447192433,2.710105925200277,2.659348395910841,2.5184652259928426,3.3327722959716137,3.838560804277194,3.885002681337758,3.2362420409863466,3.0994906849879875,3.3830342662646418,3.255613699371667,4.038387100195988,3.6138673098165115,2.1564477073305097,2.906065212956959,4.038823443559382,2.7926708633765647,3.705209066044094,2.0362839841650255,1.8372712343030084,1.9111737210821138,1.901422595995014,1.8706879018232758,1.7700664971318862,4.449091064857579,4.009880070596943,4.251997092608902
4.293067294209407,3.5416922307162686,2.447791735805922,1.8865690588036532,2.4230561157747936,1.4677267137311232,1.7069321891955567,1.5734528737841111,1.9713981772258447,1.8205769353645125,1.827448926351277,2.2839208125603743,2.762109826622771,3.1679526852668856,2.959302047256039,3.269400618122969,3.3437347272943057,3.141782132957236,3.653921286210842,3.4381562359102418,2.3624173499426333,2.04548365828855,3.8404036861813275,3.4268038329795556,3.143094367789979,2.2541222688732434,1.7238688258963646,0.7799948977673876,1.7657846100419585,2.42805316700584,2.9487746947540283,3.0168825590055923,4.840962127815688,4.3442350891620105
4.226644080919282,3.4971887459874216,2.0513422689092002,1.1119609946643523,2.042822062401847,1.8216023641661852,1.2188549265111568,1.2731681584451524,0.8838853679298871,0.9948879468536979,1.3805922935645265,1.5852468799480313,2.66160786458004,2.919035384471674,2.7068003566821854,3.0396059303640706,2.71826928134492,3.5279602353860025,3.0143400968785765,2.5350092439795104,2.7483186972921696,2.327234091823512,3.6879115636965802,3.393912738406964,3.077846763617383,1.4367453396785044,1.758233149722975,1.5878029459345435,1.7030786699896836,2.6967143894148147,2.826394215029583,3.833588331763839,2.546573429368053,3.255727009214852
