script/wind10m.json
{"header": {"parameterCategory": 2, "parameterNumber": 2, "lo1": 3.000054539987559, "la1": 64.9999836372058, "dx": 0.5, "dy": 0.25, "nx": 34, "ny": 52, "refTime": "2025-04-20T16:00:00.000Z"}, "data":
[rows 0 to 23 of 52, columns 0 to 33 of 34]
-9.382692366706534,-9.778140136724788,-9.66042980988,-9.831958188730846,-9.709832449870202,-9.883788213380843,-9.511454094967434,-9.668364772750447,-9.613274347839365,-9.354674749468138,-9.188115213600842,-8.945447340511517,-8.656462173053052,-7.957567628051813,-7.46269404164064,-6.6204112605404015,-4.776859079545189,-3.9729652983314283,-0.46919091409662816,-2.014444363154581,-1.2094396542292016,-0.6107029039820808,-1.3551418337900278,-1.413971554071324,-0.300820756550376,-0.1328040094369711,-1.063396347499705,-0.8815292672187083,-0.6918767187497866,-0.05333125999786385,-0.6135638977095798,-0.22556359032143644,-0.6150331751224811,-0.673432279931305
-9.67312903366226,-9.857262291573948,-10.04259757785945,-10.07518279621952,-10.173312523998494,-10.345846665063174,-10.16854446693599,-10.090486605916555,-10.220768204093872,-9.944021972454165,-9.787532037440062,-9.398252465558018,-8.810026939303818,-8.042813081862105,-7.254264925058571,-5.4727916023753975,-4.712113123914218,-1.0437052843380035,-1.7813507759957408,-2.621466802965804,-1.2570376615573653,-0.7818103445267878,-0.6046584822412876,-0.5250974614491034,-0.4377685252815648,-0.9381118297897432,-0.9424396936442653,-0.7579502331133235,-0.5569001872794158,-1.2293503045989098,-0.6634848044683912,-0.5093662415490225,-0.536570320011378,-1.1023712195035684
-10.05146195217853,-10.124078184515954,-10.081533387505715,-10.13143753904234,-9.974959191565492,-10.253842151223058,-10.341446841763478,-10.259837438694609,-10.383077401964792,-10.255018248041004,-9.880042328840087,-9.55247676096577,-9.01755613430432,-8.195520800316395,-6.789720263519466,-5.76180324945954,-2.121432255685611,-0.5622135497772355,-1.909480823731148,-1.7684726873284877,-0.6568665636280245,-0.9269528667534755,-0.8678763200564261,-0.6573052258683083,-0.9754189569670195,-0.6538772405678467,-1.1053157387013306,-0.9803199822726892,-1.1828463790336865,-1.2339717153100147,-1.2606612937170814,-0.9531949398207045,-1.3198636100818169,-1.6714515649793493
-10.441275303145718,-10.649328882359944,-10.611766881217813,-10.592938280953605,-10.312725650685515,-10.371391338460336,-10.544707306685913,-10.44855216436729,-10.372858403718888,-10.158951104504268,-9.904504495837497,-9.586740659529054,-9.086151392263814,-8.397718806350504,-7.371727463007496,-2.0033662369766834,-1.1383896077065756,-1.5828640135066983,-1.817045558963068,-1.202467429367948,-1.1699927801308256,-1.652641023825836,-1.499474842011328,-1.0157718506832234,-0.4593996757845939,0.01505713406804611,-0.9430631396432435,-0.9955357999714026,-1.186907861647242,-1.278245911342557,-1.272661269478656,-1.3120346187996421,-1.943289124386504,-1.946686899271555
-11.316720710091177,-11.36471081421464,-11.284684048021528,-11.042721304918365,-10.983944714782908,-10.75691106759744,-10.633241072675041,-10.606588839664436,-10.483436592814583,-10.206309636824558,-10.039599926633771,-9.70193163766239,-9.206057567283182,-8.424120019606516,-1.3231837195864582,-3.231689324922271,-2.5165448087764215,-1.8170728026224332,-2.105423047736305,-2.7219745191983464,-3.6108015861758123,0.48840170883179895,-0.4091223227951191,-1.5429451502707234,-1.0879728105282929,-0.8932929862380943,-0.9905570606439928,-1.068349602351422,-1.323480172848994,-1.497143124268947,-1.06227767511184,-1.8046891121170383,-2.1434438063289907,-1.9269039589061134
-11.879976511412284,-11.875888234607341,-11.629321688475523,-11.366538437935258,-11.080444563447587,-10.84546830662926,-10.624428557907175,-10.735941219460386,-10.408470098246049,-10.286919578109464,-10.41978717491729,-8.99297206238886,-8.615741398993068,-5.716789965787927,-3.0214277717862896,-2.1973127942955846,-1.1322643677461515,-3.023995514136298,-3.434466515640269,-2.179406197272821,-1.1957646750701065,-0.7672686029549672,-1.386244380047872,-1.3264660090466862,-1.0566729260318366,-0.6254456970468393,-1.2096698774081007,-1.2079760078072634,-1.0765829365966693,-1.42637048521271,-1.476502957155569,-1.6945534126782698,-1.9880337241982087,-1.6695702997000896
-11.82907259752575,-11.77118209438243,-11.461010626278535,-11.371491396224092,-11.006219647326585,-10.692846002616223,-10.51550870056904,-10.59075701798528,-10.615228397196462,-10.357168923992536,-8.054071082235769,-4.386484967165463,-3.7563523881775227,-2.727459065012994,-3.1821251854273265,-4.248755308296628,-1.2970602508770281,-2.2981485353832696,-3.268983551510461,-2.185008747195441,-1.70196436469387,-1.0690172384222294,-0.9507074515474949,-1.1831041269468923,-1.1402810539846586,-1.0840657930298954,-0.8831113902580063,-1.0888053870685837,-1.1740726644409831,-1.5242963802077425,-1.8914447873765097,-1.679031698292133,-1.4781365219055818,-3.634247638588632
-12.240734640911683,-11.744048421549062,-11.232701656457515,-11.10913366698191,-10.69258919211156,-10.29541313468699,-10.148310850715031,-10.185214322858725,-9.891659227852031,-6.732193543575558,-6.647573049111345,-0.5778482195552461,-0.8048795940034468,-4.703541207142099,-1.7442576073378773,-1.590399244314169,-2.8963216076764216,-2.0010304735666042,-1.9166670152097454,-0.5919894159448688,-1.9754796644267774,-1.7334857166325501,-0.4364683922460292,-0.9260618589456847,-0.6651217031403921,-0.819433070340161,-1.3899041315978131,-1.661425097335571,-1.5618865735141172,-1.4046574799423384,-1.7262277244789501,-1.5033306914509168,-2.704991043134322,-8.353984657266667
-12.375733938756397,-11.600595545003197,-11.063144351034552,-10.653000734195576,-9.97205064574975,-9.75256280751259,-9.530769159544603,-8.869878148459721,-6.57716650088268,-2.0126726799178156,-0.8670297665664661,-1.7989148102207446,-3.3652603453445136,-3.2838078702516054,-2.3044117192218607,-2.0938983127385717,-2.9551477126004446,-1.8788037725111484,-1.3971132006645928,-2.1627532345878024,-1.935927235473839,-1.9297742970556075,-0.9014459956328539,0.7567700989798687,-1.1736269498067178,-1.246514873840417,-1.6527419133082188,-1.6670786192177198,-1.2789505211356402,-1.9785539289224985,-2.3336460992613706,-3.4445353216947256,-8.767205293934051,-6.282734433175251
-12.17176112372645,-11.134046513454376,-10.526106541214647,-9.857060578694766,-9.055635307321136,-8.800721997945057,-7.898442818154292,-5.498720238974878,-0.8206889716279167,-1.315746489795113,-0.8848109458742937,0.1439943994483848,1.0901136711278872,-1.7037577214199529,-2.803102378036862,-2.7422259588430875,-2.402761815997598,-2.2486857482496547,-1.712679997063941,-1.1846359763398167,-2.4751355001028466,-1.4306517611502312,-1.6163147331509058,-0.7626067430817772,-1.2673193344231883,-1.5908191581662283,-1.8147170601380274,-1.4262873902215376,-1.935684427978729,-1.5539184429508557,-2.1776742605901065,-8.250596780851323,-7.209811247074317,-7.4058285254366965
-11.859229199552013,-10.52901066720314,-9.679147578532465,-8.767928206268357,-7.857317113995697,-6.8018329190869515,-2.7777250691068196,1.5698782437788243,0.5346294983841617,-0.591788436695727,0.8834477771468702,-1.9120604082260257,0.46371387014963483,2.8712023877156185,-0.8670011513191671,-2.2521619300094513,-1.195673761060252,-1.3265901100077016,-2.7188627389251563,-0.9631505435499225,-1.554959068781771,-1.4642495228178098,-1.9457746587203335,-1.6014910884163867,-1.5637221766211393,-1.580486693701741,-1.885612404877965,-2.274310149761647,-1.5631368230041773,-2.4139709260312046,-4.601675119049107,-7.357641739827958,-7.8003560012795266,-7.357839441083685
-10.927680789987761,-9.88171538695374,-8.914861334184524,-7.738731301310178,-6.063544739522827,1.0600296295401748,1.0622885295996398,1.3325652755271484,-0.3102960328205258,-1.8613294540424097,-0.29524057878774196,0.2499355609257515,-2.088038137796081,2.9928312662832277,-1.1743985062956213,-1.0925800888976085,-2.3904278516880564,-3.0978133433338657,-2.1719518972260743,-1.0932488613677092,-1.0203241544429658,-1.6096498344985217,-0.9979577111934994,-1.8677032735307049,-0.811211353218082,-1.4857189215810718,-1.8576623481956378,-1.9131279676505915,-1.6529916668720743,-2.27275457369555,-7.734918810707288,-7.447049821767518,-7.677247715266558,-7.0345332532252565
-9.7582734148567,-8.650368321412865,-7.186286348658547,-5.654831760263965,-0.5551785817590088,-0.6827700429973851,-0.5651137004500899,2.238164768485739,1.2548031878292116,0.8427233235550275,-2.0394808813923677,-2.446975338862139,-1.2487092755973332,-1.6530917339426319,0.5069078566197459,-1.7594493297003793,-3.1521232300697153,-1.8108398097688991,-1.7348191048496215,-1.0481201099057056,-1.7944890300900957,-1.4094728186815981,-2.034672356915206,-1.3742157315261232,-1.3325337162354263,-1.8392633909812013,-1.826108005212893,-2.397908593162858,-1.6976236223712888,-5.781129869852406,-7.029586598545297,-7.251160885628949,-7.499764824443554,-6.130250738719655
-7.771401331030332,-6.708381682236158,-5.027320976847643,-2.9112427124007456,0.3109930659946525,0.011545163083393048,-0.22340131241968766,1.0443417763369494,0.18039618653601128,0.1296131115961939,0.453213077082154,2.209796922035803,-0.10593213649821988,-1.4032714794137047,-2.0979165815685645,-1.301289265445769,-2.4356822130587545,-2.5605256648980705,-2.796793933322502,-1.6686293737207853,-1.6642005139949725,-3.0928604262621553,-1.8301057383930543,-1.4056610243596188,-2.0008488097418815,-1.8772037403658863,-1.8228759177205875,-1.6012519664737639,-1.928003844460135,-5.811436589382083,-6.257111369162896,-6.912398875896618,-5.961672374889731,-5.1505445548131386
-5.241635862026246,-3.632681180013628,-3.0022901512603317,-1.9360827561059848,1.0496240019513974,1.6265502525926976,0.6168023437373518,-1.092287085253405,1.164045155499067,-1.4592120635176042,-0.8327989622893863,0.3748556279204982,0.4660570745002867,-0.542928543773663,-0.8077146545966725,-2.481740652726173,-0.7724211220033076,-1.9753814309177526,-1.1914575465238977,-1.4258034449466497,-1.7287032398527402,-1.6028181574228657,-1.797399622493128,-2.1306701774330117,-1.7472487517418522,-2.2541384638180033,-1.8695244866955925,-1.668118280841424,-0.13993861248607548,-4.1910212803372495,-4.8429041165759275,-5.636161781075881,-5.177094624717935,-5.183614775323431
-1.3437783605406017,-1.0713596904355114,-1.5864156187677139,-1.5165139570155974,1.0857997800821688,1.785064336192458,-1.2346375858125938,-0.7669408401826696,0.3544661186359181,-1.4095545367654234,-2.053920282591849,-1.5531811564642064,-2.794514773028771,-1.958805847377327,-1.2698273478760134,-2.1564401139426743,-2.3251169881744262,-0.69842976928731,-0.9911538789024968,-1.7386596962959018,-1.6827222395901436,-1.351775315716447,-0.7044313447606476,-1.2676656881361998,-1.295612664543355,-1.3534538166699184,-1.3554767607254183,0.41737456869729994,0.06589381368384646,-2.7383174525301928,-3.4950669004088133,-4.588662022736104,-5.3510001107992435,-7.939585622361399
1.2117594565885508,1.6690411750593557,-0.04459813291006489,-0.9962596311171797,1.1029740194757383,1.9520633485764558,-1.7710315260815808,-0.2875553281742415,-1.286961766976352,-0.5887715986530719,-1.53196227371363,-2.0366593014652827,-2.142766835460681,-1.2208586232193268,-1.3199218988455772,-0.3737024563105747,-1.6294465576206634,-0.8925863056566001,-2.699874935606198,-1.938401960078879,-2.099675870969117,-2.142821793317772,-1.654721634280318,-1.6884150598266054,-1.6042022701729373,-1.4878320155923062,-1.4081313999020482,-0.937156246398245,0.20423512273109493,-1.9868065206821828,-2.7983551079541544,-4.657483607522036,-6.3489280641357135,-8.615476930727445
2.140202421683172,2.238666188089411,0.168966871490964,0.7898272634347143,1.5818152921178255,2.3050667877435917,1.3444166061903444,0.9354452999717211,0.25044077223962924,-0.9740036613911066,-1.7533117055286624,-1.7724126196320749,-0.535049747497103,-2.0534100071646555,-1.4554697705455588,-1.7943201798667983,-0.9849686606667811,-0.1418817651911285,-2.191773297718734,-2.2441249919966677,-2.159848618668275,-1.489231414883039,-1.6375196580709919,-1.707283657907947,0.13176909914378002,-0.9069149471780208,-0.8930670084824964,-0.24302145493532795,-0.19128317867579187,-1.4846694764713741,-2.875106190370931,-4.269769761319511,-6.385245151865652,-8.009062773326104
2.546884642904526,2.265347873570583,0.792298015926113,0.6611938440142735,1.7901147126292223,1.725703772990675,3.2183187872887737,-0.7171175271033297,0.0015611146182305735,-0.4959104405160059,-1.9780963508061291,-1.3638966571132822,-1.5427265063940965,-1.6138601330895066,0.29879925044728095,-1.9873444176504984,-1.0178762985103633,-1.3882628579043925,-0.9436686018317496,-1.6103972032417984,-1.274691095424638,-2.823643631375614,-1.6866373077198114,-0.9972343594094243,-0.5455607094441134,-0.1885733752615599,-0.2892903596858113,-0.12411219672004814,-0.5225009890304446,-0.7354530978914545,-1.9192889952838137,-3.8263562957041595,-4.942625226423822,-4.73796921858389
3.0326072969857565,2.181002818709539,1.0462596380872238,0.9584456636707795,1.4111524429375688,1.4174265383898945,-0.13141848297906392,-1.445215011178776,-1.7499509776821103,-1.6654810451718893,-2.295191604020817,-3.0016197908514934,0.5270676993146978,-2.8909164997151335,-0.9043428377587358,-2.080988209072077,-1.3758453788284395,-1.2746619725401636,-0.4853022780877935,-1.33545263549632,-1.4633614205696401,-1.3109942913258044,-2.4921144087593072,-0.6212299521661022,-0.13376245745989085,-0.4515448758067811,0.35514132244231683,-0.7766840096576074,-0.6033471748786088,-0.6105792093337391,-0.8240338625762644,-0.5863840030528187,-1.868891037603001,0.4760518588493774
3.5203273965648463,2.500382052943541,1.1925675911875107,1.074186799526973,2.6286444443063286,1.7886262222812839,0.46321181178994697,-1.8093347561195936,-2.4371858248900287,-2.385379342390669,-2.6189888533063286,-1.6016965770728895,-1.289175947967716,-0.5808986905192857,-1.3578189889969425,-1.6677472548027317,-2.060202483937185,-1.1696394797429635,-1.6002562995223601,-1.610087692256801,-1.3524604768179032,-1.1747636857616695,-1.2617553989224168,-1.1111938488301658,-1.3337444377891041,-0.339933885708647,-0.4478429543816644,-0.37050716334202616,-0.5791460933624327,-1.0388759552771107,-0.4973323410822935,0.21967148059916503,0.8235908151459411,1.0342504663675762
3.3421908764391413,2.8085302397995973,0.9555363212024193,0.712855672014365,2.6063216150634028,3.0294700375794603,1.3767316002953,-1.060150784016769,-1.9825738588988093,-2.023747594645694,-2.224122641890883,-2.8091534561465434,-0.6265882850539894,-0.2140978918857173,-0.8435901766946672,-2.8108402731953226,-2.1184261137445004,-1.5881533070088205,-1.3286088884926108,-1.0045410420122716,-1.6795523288230383,-0.8330091936884533,-1.3760979444673516,-1.0251158020419207,-0.6760718053951301,-1.2032495281141924,-0.6365514064668464,-0.8039661900765968,-0.9171285390792419,-0.4245379006338234,-0.3856089517822773,-0.14596045993455994,0.04105291350924448,1.045923921549327
3.3086957545498965,2.2841593528503794,1.5563579641637793,1.5393487929316523,2.2160317248632126,1.3678566982845346,1.0273152381600177,-2.727209264546519,-4.873528335467312,-4.535609363342735,-1.2747762236214617,-1.9728015914041086,-0.7194798275541787,-2.0940955733021176,-1.8792255844061148,-2.0584751570706312,-1.9013568019313,-1.8227779457905526,-1.6293688402160424,-1.4169190308250847,-0.9899853283080495,-0.9010493788257746,-1.166968759730088,-1.3820293315152743,-0.793305931449383,-0.5259515435544351,-0.24896583692087806,-0.780368832897698,-0.10644621744697834,-0.48935533883624294,-0.14535890677496255,-0.5280971491158635,0.3002487851465766,0.21519017558669687
3.1056931580996756,1.7699082740222967,0.29178447967818943,2.3609325396664085,1.922995516426862,3.3945132666878175,1.6023875455170251,0.15673993184356294,-3.0558086753845055,-1.0339250137270644,-1.4107649935615287,-0.9684860926562544,-1.2655261735297707,-1.5937807962409247,-1.5842694662926102,-2.3687268583446914,-1.47750127896864,-2.092716893984497,-1.3724705160267496,-1.666591603184169,-1.1113979030442607,-1.6218441784155317,-1.6056625105480642,-0.8718122709916394,-1.4970008695048453,-0.6495268394519601,-1.7146737206199072,-0.28516629007628386,0.0025191815806641983,-0.0003315727817465857,-0.3724360217748538,-0.3185606960664629,-0.7284250462184721,-1.6593491311472508
