script/wind10m.json
{"header": {"parameterCategory": 2, "parameterNumber": 3, "lo1": 6.000027932988019, "la1": 58.9999434238085, "dx": 0.5, "dy": 0.25, "nx": 22, "ny": 24, "refTime": "2024-08-02T15:00:00.000Z"}, "data":
[rows 0 to 23 of 24, columns 0 to 21 of 22]
-1.068638846899894,-1.2638175270750642,1.80350388120048,0.95275683349802,1.2315215302474596,1.5244120346021444,1.7227300294129375,1.8356434754524096,2.1925545172354792,1.520664152966927,-0.30071502628378766,-0.6501950600806553,-0.7622372334878792,0.986611897806617,4.6366234946423655,3.598018722214822,0.2450547352760097,-0.46442480945853715,-1.698008584723968,-1.9004966197756463,-2.0667784907979327,-1.3088233516331627
0.2115276967567945,0.4821404612812278,1.3850940554316833,1.1375706644142136,1.2135230777710944,1.7500200305250522,1.9610622367297958,3.3716091578363234,1.0945058441397237,-0.8541698709808697,-2.302393029739752,-0.93363786746044,-0.22884827722296555,1.5675766331587209,1.5869842070841833,0.9277075983953912,-1.24175860301829,-1.3192651928846981,-1.0009564058696674,-1.4209613860022932,-1.8860227516382442,-1.5090513613319794
1.1505339805336072,0.8771239425378298,1.7417085566957586,0.9421168192385344,1.9489728219629379,1.8408342804472528,3.09355390586252,0.9117832417470528,-0.6244547624072188,-1.5152684536374212,-2.7710486233711706,-0.9487755116058737,0.8247957142309322,-0.7157510461190305,-1.8900448007199555,-1.9332187286728337,-2.1022840997830192,-2.8699026725043453,-1.9506093532849285,-0.7826341470633003,-2.2621600903368244,-3.523159753663427
1.1955646324738625,1.0720455211160491,0.563613296668456,1.697036316815538,1.8047987820782292,3.238409378039527,0.9414286637879045,0.06765931666791383,-0.19463659603942834,-1.5979096607393162,-3.1048021564180805,-1.050020349863415,-0.7700202223572964,-0.6124417434448715,-2.8897638004128137,-2.267896246435721,-2.339550994388236,-1.5545272951457731,-1.7424623689642493,-1.602024158715517,-1.2697474111443778,-1.9013043653668769
0.7564764972778826,-0.003606611880163495,-0.11638081636072159,1.2380153780633512,2.5870692196611786,1.9441510594380949,0.3813386610000929,-0.39394312185378194,-1.7849104320653717,-1.3382149027304455,-2.3152092271013713,-2.9431437947581016,-0.672147079852366,-1.0333629710183336,-1.9501032611806892,-1.3195860592109165,0.36754350083968573,-1.7644835908765149,-1.7644561590842978,-1.605089523227784,-1.5460980602712007,-1.5804406919790732
0.11684204737385466,-0.02705259807173087,0.3441411183915161,-0.10832646400930351,0.23717716507829353,1.1662810013923208,-0.02733631216958475,-2.0679757821436935,-2.3295971997093576,-3.471179842940918,-2.0841979836840636,-2.2831611778627767,-0.12532874352532614,-0.22910932948486545,-0.5794759609612475,-0.6532846125483046,0.356921712677487,-1.4090864421545393,-1.7277580294694315,-2.0190549536944746,-1.883516399836838,-1.52129471129682
1.5982207550304295,-0.1906494890703716,0.26872359159090886,-0.4598826543296522,-1.5535766344129738,-0.05033168270303045,-1.0535857885255446,-3.0098517936137505,-2.903689504874998,0.2715649588065837,-2.1580473622835,-1.8684054128421037,-0.2879012940805742,-0.47673628465599194,-0.03645758286690818,-0.9430989738849985,-1.0048951260198462,-1.2866530289586924,-0.9668104576434768,-0.3381211352745491,-1.5515510618031558,-1.267335216023224
1.376755315305881,0.34315877856545635,-0.5631138945799363,-1.318911093943626,-1.6622333001897593,-1.8962076049809844,-1.7761776921211594,-2.5073140941689975,-3.085433629987461,2.50239392978162,-1.4102347513322786,0.5100103912948245,-1.401818956554776,0.4088203443718095,-0.6576495407620095,-0.8671308155024064,-0.5218938802698487,-0.5245361044355104,-0.2091163913017599,-1.0057263981861233,-0.6303322800675165,4.533731311681409
1.8480277926458297,0.9155263206125578,-0.8838653226566492,-1.331702407540865,-1.6427441904110895,-1.06598479846801,-2.979956846241598,-3.1338597867912195,-0.9204260765763269,1.7371804181859516,1.0075838548366742,0.23186114747556053,-0.6588220582242782,0.3232264128566466,0.636790429454239,0.2372860427644841,-0.6159322679608938,-1.6204582933527356,-0.34127817703741076,-0.1497569597711218,-1.1170302265852619,2.7322201540811655
1.117093684536368,0.7354015382497417,-0.10278496553901532,-1.3177277936173213,-2.189609657022986,-2.478327408987287,-3.5463939088184633,-1.8895283626915542,-0.6154128793005107,-0.3552830153673103,0.43286760190400403,-0.9255570518853437,-0.11352368517517603,-1.8045560984062439,0.4063633334428452,-0.22270591938727366,-0.5412429291297378,-0.3053307828826532,-0.6112148366457081,-0.4453723013708275,-0.3040284603296107,3.6481280162186596
1.4240979073638407,1.0942920509899137,-0.2191440991217553,-1.045402828136699,-1.6490841729850265,-3.1104278138507464,-0.9312758234136549,-2.5267131786074875,-1.9230547713033277,-1.8664669487514274,2.0039656006889386,2.103539235132573,-0.3861325366371223,-1.1690461851110898,-1.1870606675832847,-0.25083169794340654,0.27716940445614363,-0.3142421642060879,-0.5700109938612063,0.2944147336496124,2.1066355814687308,2.5458085552961593
1.7115860226928483,0.8828854280310149,-0.1706341251386078,-1.7358712044493387,-2.8119044057043605,-1.7631985781063888,-0.5457087235684023,-2.147449252471511,-2.661224796283333,-0.24586240881305396,2.7165126617168074,2.198700241932486,-0.02101134420839994,-1.1409430293611575,-0.5566133334089292,-0.3577030185694621,2.0025626223917343,2.646565041698581,2.083093925475949,1.731584053055573,2.2378265254740692,3.7203850228431614
1.8937662905848713,0.3841413926659844,-1.2707421050580514,-2.20262582537361,-3.139503264706314,-1.2888455179303029,-1.386594618708513,-0.7365727502777636,-1.9992231680827255,3.0733636036672984,3.3577125153274934,-0.15406578432855533,-1.5847524806073423,-1.9167906140624358,-2.0439351761362516,-0.6266701931371398,1.9157194049776831,5.880427080178397,5.307119562602265,4.4397858153132725,3.68196363892988,2.8775049639519263
2.041752933785231,0.667213726054185,-1.0908326459985678,-2.6058006918833563,-3.6311533127894458,-1.7466021086348003,-1.5845536309462067,-1.558845036247327,-2.6333301962966504,-0.6065405602526165,2.3964903946258493,-1.666435081988219,-1.7767760696979364,-1.0584160075497364,-1.2181493005092483,-1.2681667502041662,1.1930624934834522,5.38025595199877,3.6946389416429137,3.1992498076405944,2.521169414457101,1.1421758208668729
2.018328156184443,-0.13633381385138424,-1.446745614464805,-2.6034132577322504,-3.8288039475155298,-2.599243324198117,-2.344492980632209,-1.9805254392290361,-1.5062075854560295,-1.6081101265686721,-0.532289275422299,-3.218634854151783,-1.975789019565935,4.251308318942743,0.22362578431953262,-1.630062149934912,2.9137052747962633,4.171275170223767,1.436766937120455,1.849024251406345,2.0752490284660468,0.9711547716388653
1.7723554716612235,0.40414842276880447,-1.1312616937838056,-2.309813543506072,-3.8943969041423703,-3.602745252631743,-1.7052489891603295,-1.619644169431189,-1.9721689368295496,-2.241406817956192,2.6667354786334223,-1.722631039265497,-1.4399987253777762,2.495418703504191,2.170873361718002,1.4686004294764308,1.5103645852503713,1.953808382364162,-2.6158842280811148,4.536579239847872,2.5791585562694337,0.7815217841605443
1.3745167137764123,0.12226648763905784,-1.4687614794550043,-2.402110121794611,-3.740433355790225,-3.929946112632938,-1.8563456332735686,-1.4072743066474573,-2.5897013686720225,-0.5262003294209204,0.900309135924599,-0.6372294980889662,0.90904259684931,2.8034708601693388,2.1479991727290555,0.23259271864624184,0.5966137204487636,1.458537894420576,1.4077420766196316,1.2283186415507508,0.16002827748771958,-0.5150651046641028
0.8697688793188739,-0.46715704461811064,-1.197229242273758,-2.077373129657234,-3.289602571284019,-3.0896926460118315,-2.0001992543552944,-2.2048433739744793,-0.5793863855816511,-1.5300676600767391,-0.06535227403708543,-2.1753776204674566,-0.7764633982525933,3.1970467056986953,0.4338452838328117,-0.8434101975848046,-0.7329097278347526,0.7709615341991558,0.23812339408670385,0.11779976861431547,-0.3571489655290737,-1.9649771342276274
-0.728188518053383,-0.38575630129326954,-1.4587930035120484,-2.4166252023489756,-3.5843364463853327,-4.304482022150757,-2.312979040891005,-0.9640812595256536,-2.178069761608833,-1.8407132055783122,-1.0167967968390683,-0.3212020894181014,-1.3212558955760978,0.34200424171242855,-1.4383196630705595,-2.4971461555716625,0.9201939252726086,-0.5018428537127866,-0.7690863559141111,-0.1950062632479208,-0.9659708127422879,-1.5900506133933279
-1.2074754085183992,-1.1261725053896985,-1.8919607247926613,-2.40897110267478,-3.7350728693366997,-4.849300490317098,-3.269528330024354,-0.3474391326498724,-0.7155079389772889,-0.08200009327727474,-0.2274514800113482,-1.5797099861257882,-1.3987327433241192,-1.320959797886866,-1.4347109730425875,-2.430914239332781,0.22861075819481738,-1.7276893339909867,-0.9321568795909697,-1.909807376139006,-2.1333484085612247,0.04973346321106641
-1.2040242994810624,-2.154033738510571,-3.221615382145423,-2.9634156348383396,-3.234923923876786,-3.5595175741537464,-2.1834137543877876,-0.25635781388406215,-0.6913050336323043,-1.3346932434619618,-2.9066151148834574,-2.107421022104788,-1.3511348181805045,-1.3546403037856118,-0.8270793217771876,-0.8908648798886935,-1.73902228275035,-2.446186761673488,-0.7060484696941444,0.397093584398146,0.5724534906689352,-0.6494848699803147
-2.1310487799946003,-2.7004870812397903,-3.975353321043646,-3.58822980568605,-2.851641784030423,-3.9669103909840726,-2.595313839844543,-1.6364408017411403,-2.594764376153451,-3.2628163180487095,-3.417137585847366,-2.8087786259282663,-1.2764274714767454,-1.182159021365995,-1.192771717154468,-0.940662115999632,-1.270419328111906,-1.0966357332330325,0.0982454354500496,0.04127617692327555,-0.33652018616711576,-0.8509795698568253
-4.001479783496614,-5.020802795473921,-8.078867353789834,-0.4268911451221842,-1.7090240248307158,-3.875281833174532,-1.3091931610789713,-2.144171691747398,-2.7262542430679404,-3.9090316711379267,-2.0945190696970357,-1.4766666272317022,-1.1225669531514262,-0.972214078055532,-1.667891045044392,-1.4153349520995566,-1.2450990937269384,-0.14566944417438896,0.047669565191211925,-0.29595482277001117,-0.1304512247358462,0.37171856551016447
-2.0157267139193884,-0.6966787172969048,-2.759905172001008,-0.3486229757170102,-1.4372901473979065,-2.226357190068835,-1.9872642665377707,-2.3515750616266855,-1.8362493708661891,-0.8804402399333039,-0.5960329304495204,-0.9115528644604268,-2.2759964105911017,-1.1255103067526044,0.19716343538824352,-1.3749851687429293,-1.5126901721517636,-0.4819185068522798,0.2609667680122795,-0.034444622509827764,-0.5178259887531916,-2.4810631942357855
