script/wind10m.json
{"header": {"parameterCategory": 2, "parameterNumber": 2, "lo1": 3.000054539987559, "la1": 64.9999836372058, "dx": 0.5, "dy": 0.25, "nx": 34, "ny": 52, "refTime": "2025-03-09T22:00:00.000Z"}, "data":
[rows 0 to 23 of 52, columns 0 to 33 of 34]
-0.9787465284294252,-1.307922846519091,-0.6954704206854526,-1.6605809419572284,-1.4241463383498603,-0.6341388140371568,-1.2029636668406187,-1.1421361501535077,-0.978519810966096,-0.5746699926268711,-1.2952823957114366,-1.5194074609793453,-1.6026659983375675,-2.8113369249928275,-3.0445215629160054,-4.383223538605313,-2.499441770939336,-1.8982496089083523,-0.036788154117233976,-2.2835417469406845,-2.5876450226625374,0.5650834835241106,0.10616516532817703,-3.4397030810967575,1.374406460211734,0.5464211173850593,0.5227361146731504,-1.3543688309132342,0.4503196897144189,0.30997641102910994,0.8607415884356757,0.04511453969452171,-0.859770928309781,0.9252037806620207
-0.7446388236406107,-1.4346644934349273,-1.389573615531548,2.0550263596056038,0.6155394372018345,-0.5428559579703706,-1.3811164660890356,-2.18935238398022,-1.6959078540770296,-1.7539201495065362,-2.167012988769561,-2.0050054593231392,-2.3680903157281814,-3.4410170192651726,-5.279522761947636,-4.326893022030086,-3.339387284575905,-1.3792734313924402,-1.9485537986753563,-1.687945981882543,-0.4773303988283324,-0.3868718094092254,-1.28958539048766,-2.1489942355523266,0.6132677799096304,0.03448929202560569,0.9463642798714563,0.8173424623636147,-0.699470148343397,-0.20307053075591044,0.8390375804209044,0.8421221060731197,0.4630102128213966,-0.16765059357240436
-0.6839157343983691,-2.649966903441542,-0.0781586845844196,-1.46386958012237,-0.6026824814411107,-1.1950635185044527,-1.44814316049686,-2.879554711724754,-2.6295519803231477,-2.9266977065234157,-2.2081939821606955,-2.788742135658849,-3.2389214866334974,-3.988014085824922,-4.850318742377039,-4.289855733298687,-1.1359761911986042,-0.7213395525984296,-1.7197159705315073,-0.7980662538354742,-2.786310012582019,-1.5112267476857442,-1.396261964891598,-1.7732443519722798,-1.4652031021110228,0.6192048134666246,-1.6094534592694891,1.2528492148744996,-0.5818552267293918,-0.9683737416081427,-0.009922854017070812,0.5853513299943269,0.8736247951588199,-0.7468486856344945
-1.0088427331020553,-2.10225530061259,-0.2448959056081717,-1.2295526897398008,-0.6175532323843552,-3.1650666920452553,-2.755250376241596,-2.7673491383365914,-3.200384170361949,-3.0254983642314515,-3.185536795527566,-3.631994733257587,-2.5490661858398993,-5.226697666159711,-4.891039063271962,-2.255014992814926,-0.5554429261702893,-1.2282041456643678,-4.180245100689807,-0.6714018293531752,-6.049317964203213,-1.890080576721299,-4.160235095850245,-0.9659954622131345,-0.36473055137553856,-0.1490947336640898,0.124966141451982,-0.0048186120675376655,-0.17372773372009484,-0.5140727242071694,-0.2686194216213833,0.18004401073942938,0.25786419008556066,-0.5671994846551954
-1.948662281367767,-1.4060489867061876,-1.4134755136482717,-1.3585549900434717,-2.2346962799209162,-3.061594636588874,-3.576703538964341,-3.470066073833583,-3.8023308038403534,-4.0751185887435915,-4.347283957270914,-4.1841469024814435,-5.465701760736722,-5.332164991672067,-1.5715132350613272,-2.2226885881613656,-0.5787466643336482,-1.6519719687102543,-1.6039765098528427,-1.8546642762940835,-4.535638693623927,-4.2544669641486,-0.3391718121643172,-1.9875097517982068,-0.8881425583495417,-0.4004860933074643,-0.28129370707832135,-0.04489919848724335,-0.19613040376945765,0.40283788031851725,-0.43635754610661426,-1.2466163068408942,0.376401517223285,0.1260351544187464
-3.542745481937441,-2.3438514427151884,-2.384899670279353,-2.257820828646951,-3.0658901315194296,-3.840675574955497,-4.377349340576815,-4.613225063106752,-5.493809814377617,-4.658848273075333,-4.799432027844927,-5.4773359233815455,-5.356693911150407,-3.895191892184551,-0.03310655331517771,-1.3246296602221825,-0.1886518975403602,-1.5926875228675277,-4.084340628052654,-2.69542661639216,-0.8416016129694508,-2.9242955027389717,-2.014042680457962,-1.2704222547035897,-1.3959677158132076,-0.9590146488972039,-0.40296853297791907,0.5810538536507215,-0.3207686995335186,-0.3987628235406916,-0.556743907262769,-0.5911136488808083,0.0016178854531826974,0.9990695736424832
-3.8003734132803095,-3.7113081763432385,-3.3540511456356925,-3.8745500988988244,-4.408647256076717,-4.8861895313111,-5.642226075675167,-5.967129298075116,-5.9308972848927874,-6.010733792135945,-6.095057947458806,-1.2069250887015448,-1.9647603811029457,-0.4480683265577586,0.2509047230270339,-3.705322525104484,0.21405603513353288,-2.522922775577086,-5.998911450439971,-1.7009653486311664,-1.6924641687730007,-1.186045774202855,-1.7554727564389743,-1.7114907871014802,-2.054546357203845,-1.0802978765376432,-1.4245029757713183,0.1262165904038734,-0.09433967134566254,-0.28452853906141506,0.47298857575578257,0.1305669199046262,-0.058341887119946104,0.8683741065375301
-4.903037736902401,-4.731488029428026,-4.830108135394797,-4.951115036742142,-5.2385407838980935,-6.548273759471224,-6.486176627061372,-6.808902889359708,-7.513814930703316,-6.855331275030126,-4.425637788202235,1.1523747656439098,0.6690590560495376,-1.6725687663053614,0.2653804619249778,0.5413983442746461,-0.21021821235329238,-2.9336092652671932,-3.5656318934402433,-2.1638256743862936,-1.9555889311266232,-1.7670942570675026,-1.3263236460888934,-2.2588211698122893,-1.239496112268231,-1.0428697778970695,-1.7892562504915324,-1.6624488189903595,-0.3782292171764608,0.5905280901418285,-0.7447753007013801,0.01805421579710997,-0.19757007311364766,-2.504195051768211
-6.030954579633815,-5.891154892090151,-5.767486463972735,-6.157057925926055,-6.712087472357151,-7.094155605760381,-7.640024164602254,-8.226939082875285,-8.08281846129176,-1.9081781756750569,-0.5314899117459863,0.11200221454255617,-2.207286027855466,-0.8653039430520204,0.814190229480814,0.9631605152252934,-0.5164509697304442,-0.5164685403226776,0.9174492876338498,-1.7654130258481548,-1.7825982103583102,-1.869884057574128,-0.8207561023682627,-1.03552377231121,-1.4067059489851794,-1.6689968135491384,-1.2180737096055398,-0.8721201053507012,-0.8055646009391669,-0.558600232442408,-1.4477553631833255,-1.6487591932791283,-4.288531502168608,-4.549170479241524
-6.858831808920892,-6.6349476847272335,-7.008208942550212,-7.618936634962101,-8.040656561744282,-8.569986338346721,-8.944102690981497,-7.936034950139771,-2.448083074739321,-2.6819568567080707,-0.8104036307943063,0.3279034591013265,-3.5176632051334904,-0.993819128780077,0.5301201058854692,0.6608622556913561,-0.13720447962076224,-4.368874319767023,-3.0830560017064284,-2.9173814919147687,-2.6896766229991718,-1.506724661746891,-1.8182016216269512,-1.2528039910410165,-0.9881751739894448,-1.825807024110329,-0.9668250355641549,-1.5735480540539226,-1.7492260825345471,-1.570207895220861,-0.6324271858944631,-5.369388156593416,-6.1856338104278805,-6.693529294548639
-7.552428282678389,-7.746060061318584,-8.4784334839208,-8.903222587967688,-9.313170462778135,-9.471306376117903,-6.6115993848525685,-2.945116614509305,-6.337200181786154,1.9919864563999614,-3.7161363745344715,2.391007820227099,-0.4686868966323283,-1.3231803414112069,1.8125661381537128,1.5135952649208668,-0.5644319032076225,0.07796129720170462,-4.747464950175281,-0.9563526395220375,-1.545833792303814,-1.4910878982344404,-2.3928533361533924,-0.7622797449858594,-1.8289410883770207,-0.7982325654661058,-0.6858287063741144,-1.8631693724055851,-0.6188140362178363,-2.5120028003247157,-5.449937441534572,-6.665755301311884,-7.189476242662304,-8.11952160852121
-8.346149351921614,-8.876515020576427,-9.258541975561592,-9.49127451809376,-10.250570605946578,-4.175208577412537,-5.050068598582032,-4.1419247975059665,2.532396801675009,-3.298372327750722,0.1006698011213088,-1.6094544991398974,-1.2713311134079979,-2.0508996290428527,1.5181990243999737,0.5358437505901306,0.4742872481428293,-4.241701790655977,-6.3405951951537585,-2.4281511261837556,-1.6908308276108241,-2.523534879501913,-0.41201827040206956,-1.2730831545940384,-0.5260484966340768,-0.8087446801054149,-1.0839505283532593,-1.3854875163311091,-1.0829125525972239,-4.278906181531694,-7.284200910046453,-7.213369075230023,-8.081970779484879,-8.811061521908668
-9.109526336975454,-9.700225683311487,-9.832758581835394,-10.038797961451946,-6.533153539471142,-0.688973092985966,0.6792512472963942,-1.2793534375334186,1.8710505183287207,0.9535141075842167,-5.256309571980548,-2.540437129990947,-0.7303150373797584,-4.935884098392844,-1.3241972827161932,0.702010723596421,1.4717743074156775,-0.7137664219292115,-2.439150250510842,-1.8887212602434211,-1.2443661508671005,-1.5344022802361903,-2.381628881816089,-1.443684272163747,-1.067475238616759,-0.7965789653098474,-0.6565991404348129,-1.9483639590842827,-1.9381525139285667,-6.314660899704241,-8.085605616800018,-8.54633904839008,-9.047228633645823,-9.208984976761233
-9.652774183938925,-9.99690323742606,-10.0590520792323,-8.460265348947532,-6.21096536589572,-5.383231529926125,-3.492382075364974,0.7181934034929646,-0.4315192219359784,1.4255031853375815,3.407763233972508,0.5520512882484796,0.9118571098716463,0.7178955709646262,-3.785196260738638,1.2847010190493235,0.38341659752817775,-3.019354479189851,-3.314372673578006,-1.4066239873961703,-0.6647223674509523,-3.3694743045402866,-1.7596990126331162,-1.802907335625898,-1.1578137588087203,-1.6731581169624448,-1.3093153506811437,-0.7597511823600139,-1.718790078856666,-5.433479369522289,-8.197289266276425,-9.382728034529432,-9.487792818229854,-9.150534680068912
-9.882754072867261,-10.029661217684794,-9.995654646700434,-5.415935783545969,-1.5895885032923085,0.39662556928056586,-0.6682799946232976,3.4927310754175296,-0.393444940384461,3.371317665407704,-2.007981534158325,6.091930855594751,-0.9863690174926806,-0.5344783992295808,-0.3638833154817848,-2.4004543843727606,0.9748337443749866,0.7085024524796407,-0.11668970630272914,-0.7361161254944524,0.41676968679235793,-0.4873046549813312,-1.9565699172587654,-2.0529260477730076,-0.9731665778401628,-1.3358189238055946,-1.169490765329655,-1.3201617040438762,-0.5589769656896725,-4.8678364299298496,-6.962938184242433,-8.069603179075605,-8.185705214018826,-7.926240834201719
-10.583479356001627,-9.989643107588282,-7.882710070080833,-3.304321598551287,0.016614512054322305,-0.24257530931003599,1.3671592379602824,1.2527279902596509,-0.9139776765351263,2.2621386490576976,3.2036685192171497,6.387889642459391,-1.3183141036112356,2.41285020558791,-0.2634557693932328,0.5072143897121406,0.21225778226330505,0.053524247218514454,0.05125871418522099,0.6552706014974037,0.6921507684270995,-1.0628854632692377,-0.3551337454638565,-0.9752591908718031,-0.5989297893404539,-1.2696568079616264,-1.4915201201697426,0.09041897350578464,-0.4791903468429924,-1.7015076632648964,-0.006135367818042381,-1.616117808353301,0.35140216186665446,1.5162069353036796
-9.924615102898805,-7.81116698322627,-6.234918752829231,0.07347444295607664,-1.2357987142451006,0.2930147649254782,2.193344123317921,1.2356412960763734,0.26673702365829177,2.6073332926347925,7.280216630645723,6.363471570889993,1.7675290030097235,0.2624124134451317,0.533097225292007,-0.395116496285758,-0.9949525681640147,-0.4511050534502891,0.6679667538363256,-0.0725564852984309,0.2890573599308351,-0.4081290912403589,-1.208452777524673,0.3647513901553134,-1.0136845785240653,-1.0896831885696965,-1.0737449754883812,-0.29526474572044026,0.21110474904985058,2.774199888687204,3.906250467874242,2.6198571113087397,2.451233340165768,2.690155846266021
-6.282456129143548,-5.069222228110222,-0.9922712367652733,-0.9639864577517931,-0.2498041013620957,1.6596482738839387,0.12965790122196916,-0.48591258549275546,5.573057423522283,8.350291933037669,-1.2005494377530468,1.5970418305155052,-0.5796484720689956,2.777279189795491,1.2223474930675218,0.3804131247952714,-0.6406690563340901,0.07873545139286996,-0.05686598123419339,-0.6600621034975817,-0.8203342557190728,0.4852741280846396,-0.8988915279557166,-1.3807283648191342,0.22124017168046453,-0.7215388250691149,-1.0042328209883682,0.109443963550745,0.5255308611698133,3.9395256499974254,3.973020983264444,3.870037350181832,1.7665361569767228,1.927356902925591
-3.533303474447514,-2.1052715741322063,0.9652572596306369,-0.47252080093366744,1.0239419496114888,0.1852059196264499,2.448985124095561,0.505505277246322,-0.48542025828572305,5.857866122798733,3.6706399169818527,-0.43043596760616826,1.9518595594515404,-0.51812033310412,1.4771593080200225,-0.9266626619717365,-0.09218397793018161,-0.2584592822306057,-0.1563027423701492,0.1493903375145429,1.183990896206688,-0.20908358657934586,-1.6501166433973213,-1.4985824792192157,-0.38158911703118664,-0.7822507253319324,-0.9078327883038502,-0.6802087112914981,-0.09173529835846624,0.3994978384797117,1.819450272954458,4.217716284221447,1.8839227810797856,0.23886549311918562
-3.298777392379364,1.69806020788277,1.0585576263208885,1.0857180724973432,0.6525277605716528,0.38905881375908424,0.5558963955918541,5.207851883412816,4.074448867852644,3.155289678196996,2.8715465296683544,6.357536120627788,-1.190205391011394,4.862538716377588,-0.5724115398289721,1.1822213836578275,-0.04527685181030848,0.36546126659660305,0.15830329688555148,-0.14646819696523064,0.3177941280971941,-0.16118890503730549,1.3238087859414402,-0.3714637205597929,-0.18437304269919158,-0.3193356247504855,-0.06176344361206214,-0.8363464757005297,-0.0295805719486405,0.893793036394773,0.9928873850246779,0.8325025199377278,0.23120148944612542,-0.1833705482047358
1.8661114014275277,2.599672706970391,0.8582257757804317,1.032031436198638,0.7742338377908955,-1.47618090097445,-0.40726792334461404,0.9035005046229818,1.679287498853848,2.570580603743826,1.0490374032543837,2.8042365089151726,2.053952820542858,-0.030481259913486422,1.4132142743412615,0.18535328170581183,0.898994957187414,0.3727025367731709,-0.2351016985370656,0.13705594489668435,1.6301098666983276,0.5816087242567988,1.5382711434939866,-0.3568539434504533,-0.5711366026605332,1.3205574951557797,-0.14522189312397646,0.20973080936640257,0.4208936575956993,0.15120514673003219,0.6156750765903224,0.6785271734736126,-0.5274373301163678,1.11679799954484
3.371665155778644,3.111647494969833,0.34200424916510935,0.9240116663142554,0.501714305935844,-0.060442939834072965,-0.3234839106372874,-1.016388372786193,1.9703326621514226,0.7592572454549001,2.730754713081912,3.8029494764416603,0.7692591781270365,2.8077257872740278,-1.9973811161330222,0.11447984541368383,0.5403163861631997,0.2554326659254315,0.7125802122738738,0.4069959311790423,0.9318936313243692,-0.5442445571936606,1.634926000328526,-0.0016381898097948373,-0.1125954174523689,0.5746926116200317,0.5615615372100351,-0.4940000103869047,0.00799049239960083,0.407821879136671,0.8401855765235584,1.077214806532667,0.3511145133683145,1.7104311412549111
2.449424863161658,2.9949859184059244,1.3575008844402732,0.14308176335090653,1.2397372764414185,-1.571295473390118,-1.6448774343410053,-0.7314907475446454,2.685945719340598,1.183627338829029,-0.6908230622941796,-0.699317834921755,2.472953379137712,1.1267277611989677,0.4661671235617513,-0.769418267367865,0.33861986927499654,0.5420877660860117,0.6296002383499762,0.37444210145575835,1.5548529425656308,-0.18796547225514798,-0.49559977444365944,-0.4116931578436998,0.5589253945060142,-0.3894862133894515,0.3066894423989576,0.41613313171964755,0.2255140522534004,0.3200504915022378,0.7298235515991869,0.9125475829559383,-0.08208163506833104,1.091315091700418
3.4839068200185315,1.7357333674277793,0.7013782236911684,0.48774590976565624,0.6289364406384139,-2.86811197191724,-0.02095031994812412,-3.4865928022479924,-0.48441110904604245,-1.3120094416655184,1.7738157207632204,-0.7880147020631376,0.3763143369204848,0.6711307156900018,0.9052414685515905,0.9464890103338645,0.666728911574064,0.7367034729612463,0.7941077838584856,1.4468629835463895,1.7987944312585953,-0.32922422497246084,-1.0277778356468668,0.04082898898378008,-0.31525956291375185,-0.8071981705808067,-0.4718016871437731,-0.0052461765356707005,0.7687622192298545,1.1382164717841474,1.0866480924874298,0.935243534135893,1.433959217292589,0.021436448767182394
