script/wind150m.json
{"header": {"parameterCategory": 2, "parameterNumber": 2, "lo1": 6.000198445256149, "la1": 58.999992894266676, "dx": 0.5, "dy": 0.25, "nx": 22, "ny": 24, "refTime": "2024-03-26T20:00:00.000Z"}, "data":
[rows 0 to 23 of 24, columns 0 to 21 of 22]
-7.440171260900166,-9.334345277293012,-3.8535588989248986,-9.063612869600012,-10.255268027259337,-11.076762472767188,-9.517911625734053,-10.562465516508023,-9.346015952139798,-10.684134351730323,-5.649562842330852,-7.552515052481252,-12.696183151720952,-4.9458230077826215,-2.491908191617832,-6.663065078969458,-5.571143100785965,-12.788493308117213,-6.848843142349097,-8.439949410880912,-11.840630393094417,-8.04905860131132
-9.47618327846983,-7.196575832947966,-16.63183481649682,-8.613429293189833,-7.547623629218123,-8.494379801231553,-10.919149660915132,-10.347016365953877,-8.816900666430053,-8.60682976212372,-11.301550057851433,-7.750188300019018,-7.1801776697685336,-4.81901812625683,-11.180096381193417,-6.979294074432282,-11.308621189105173,-8.650106350235118,-9.568945860843817,-9.650841436729387,-9.678195979449258,-9.100888088981094
-9.195481034359076,-9.103222987872748,-8.1819026633008,-7.244889253728385,-9.68892784658812,-8.877657406474855,-4.411826857188011,-3.8338367589741575,-9.836017265920542,-15.092544776839771,-8.464111588041568,-7.600087302067216,-4.8095838088457965,-9.516082063604792,-8.701062919114506,-6.8589999361633005,-9.291887988755875,-8.950844462906739,-8.63611426319737,-8.871781538080176,-10.456238464995637,-5.936688578506343
-10.143949833762338,-10.800777753948466,-13.463353979316878,-8.724961851946489,-10.010245708467005,-9.141217305384615,-10.512901811734041,-11.979562002545979,-9.544799156900075,-9.011239549862124,-8.654363862481777,-9.50040949169439,-8.691774908868238,-9.926909978079658,-9.294526731308858,-6.600191405200218,-10.033242308691467,-9.097727255307948,-10.377603424979421,-9.859153745379206,-8.355600149933707,-10.680380881973345
-12.52687502427022,-8.90655871513908,-3.9307879813765063,-9.046126450753572,-9.612057068795835,-15.322968522106653,-8.367738499771965,-6.1384435185547765,-11.093116167346611,-10.076164784608965,-11.280848930349936,-9.19500449696579,-9.234518108018927,-9.867019724322226,-6.6360518780210676,-8.134772856647746,-10.109457486578403,-6.449959348767927,-12.305960087659146,-7.581812362443591,-7.77912099798767,-10.886611694184953
-12.19037592811536,-10.647290394848966,-7.936438611906034,-9.088758560438663,-6.406538251033122,-8.200550738786518,-7.680849094478988,-8.208255852517256,-4.78600082098002,-9.56310075289888,-9.316027521875748,-7.577708339449155,-9.264381070928549,-9.927478739724183,-5.042513810503495,-9.898197286165457,-11.137991138487768,-13.111642472245437,-8.85940160389638,-7.5933069048007775,-10.296179436990545,-11.679353895412033
-10.082961541677136,-9.690628498836405,-9.44384853583386,-9.378787795023124,-9.872112862394081,-11.757264438000025,-7.591634992696595,-7.233206061784717,-9.72456610238437,-7.224885971208748,-8.774461972714786,-8.73946753120281,-10.717835481860371,-10.24237413829128,-11.770779990565359,-8.314361605217872,-6.406589026848044,-6.994668749342154,-9.589713647714591,-10.745074433694759,-9.313707942915679,-9.46874470082046
-11.697302021087621,-8.580134774854496,-11.360354962169462,-8.714122071319393,-8.59461038747867,-7.149659481135599,-9.0969707862934,-10.228552953261964,-10.538763100539736,-6.527278955922386,-11.863871161602578,-9.02370084786943,-8.860467190334747,-9.226069514689561,-10.095700712868766,-10.179354890225081,-10.805520709823385,-9.467700474377454,-8.003506381871398,-8.431036991408849,-8.443946047788875,-7.267209621511972
-9.139983888714744,-9.953234984109912,-8.934293977536681,-8.350456211196247,-12.300247004731427,-7.322559644785501,-13.563144274619848,-8.922478374446733,-6.9582342800357635,-7.739754351374731,-9.61973437724597,-10.869598424814106,-12.044799855906072,-10.735181019063532,-5.508450599136721,-9.412594390504154,-8.907152656423918,-9.560041500784338,-10.655797780024912,-8.048464385619667,-9.418634876609218,-11.605293199090637
-5.722213905963157,-9.430446756324109,-9.67005903325954,-9.749968076967217,-8.63752934988631,-7.318749481727915,-7.5173235390201825,-8.173969617075754,-11.461283060580827,-8.953210726537257,-10.604739475913293,-8.369229798293038,-6.179911268460756,-10.174935677820077,-8.47773516952066,-8.349703589074334,-12.429483520898,-9.19328780017053,-11.012810738647161,-5.479810792138259,-10.82264618650224,-7.1845153879836925
-9.105740883740994,-10.032157102357163,-10.27114432959334,-16.821011409034973,-2.870594857263904,-11.916361216901244,-10.384799818469716,-10.649308011787664,-4.51153026910783,-9.916699787523102,-9.48385847316445,-10.44749291749656,-11.044523846347685,-6.966621318847957,-13.834751364211739,-14.232122702173047,-8.665957636504194,-12.726475813572774,-11.678800440971074,-6.755154656539825,-8.418514409441023,-12.233598528234939
-8.061298428019889,-12.119075881758697,-9.58809116729111,-6.885117154183201,-9.861183138855079,-9.881397981844467,-9.428508523196646,-10.785776443710764,-8.838221536654688,-7.4459382095220485,-3.9713490923333823,-3.6259944182664716,-10.40937237080279,-9.025139561095507,-8.787414198287417,-4.915596725340128,-9.154173135027944,-7.317292295920144,-5.226408739658361,-11.697490076616523,-4.715167942526082,-8.489725022983043
-12.725879967780742,-9.89961312753217,-6.366025374232294,-11.015729253733284,-12.348366271530255,-8.362960735147052,-9.81553269772372,-9.611446820143687,-9.202943911202377,-10.607046218976967,-8.366573507911543,-11.388892673148597,-8.082455461522844,-12.348908095392748,-9.936665133269486,-7.97755932383066,-8.668865418968487,-13.044309746238012,-9.723923571584303,-8.675715808974381,-10.653442705431626,-6.234881292581463
-9.571199881485574,-7.181671249429661,-15.773314596800995,-12.68707035894954,-6.65725976980877,-8.679449914215029,-7.7203134875347255,-9.010194837734906,-10.575187162299931,-11.705536963363159,-5.729936988983977,-10.389064701156098,-8.085370165720592,-8.926444183736855,-12.113081485985946,-10.195143487250078,-9.400803393704493,-5.369527504576361,-6.503413199275891,-7.740839549935385,-7.842894984503949,-10.608742811526326
-12.03269656110047,-3.199865177430019,-8.09881785381153,-8.854836052878337,-7.2098430112731196,-5.633169914501889,-8.952627217866572,-9.634889398628077,-9.563751911447152,-8.924706799578665,-7.011409955177927,-16.910269676183542,-6.821811961621993,-10.15758490606493,-5.878818303458957,-9.116365022654616,-7.813307487925394,-8.521876561565884,-4.307003653951857,-10.502109676295659,-9.501869494810018,-8.545584423475992
-8.07918892542302,-7.232950175545897,-9.137871020063594,-10.861702149833398,-13.855511465423534,-12.761702115226557,-2.9350797283273233,-11.406274199419402,-7.2073253287346155,-9.030740114826466,-8.362039617512767,-10.503571342298674,-10.158642227529812,-6.54613900439205,-9.826316661083778,-8.298673770986074,-9.294414732559524,-10.645056298426592,-10.987156662793467,-6.210379845938162,-8.382509711668531,-8.325496111387713
-8.242570434673706,-11.692360924415572,-8.22080131021361,-9.418833079418384,-4.330542635075798,-8.559874710374013,-11.53445948778187,-12.377932565652225,-9.502863956149374,-10.317338811266364,-2.6219705782291354,-7.259153179049703,-9.534573444415964,-9.160604205258423,-9.227140566249867,-4.593963815527649,-9.436898997049603,-11.657217376267944,-8.729269757470021,-10.766494121642355,-5.23730900951391,-8.493838348995567
-8.527176307773608,-12.506596093618436,-10.135562015157996,-8.319998319917259,-12.812303778213199,-11.362225826569805,-9.994381149787563,-11.987167954939475,-7.9386050562603145,-10.178050679300618,-9.685217739946642,-11.871245492992863,-11.73973449663128,-3.9017919324644486,-8.739745856170314,-6.906107278012615,-7.8287381244029275,-7.554269623278141,-8.440905611935573,-8.72946151278932,-6.6738764305989,-9.930233368880177
-9.55699446344392,-8.024949794866766,-8.654750436867745,-12.061645032144629,-8.515971649711032,-9.558790239192518,-7.994774213435921,-10.813261025285538,-6.223793903258948,-12.440889136398063,-9.04298330385093,-9.248248630337617,-4.44208809740894,-10.597223754824869,-9.507124700032165,-6.299630068455451,-9.71280264793275,-10.76273446519477,-8.233511459900187,-8.406671154642437,-8.753153772283389,-7.413744559140535
-9.080010231695033,-7.857384990190517,-10.6399753776891,-9.108526135911427,-9.447297927783637,-10.064259856730846,-10.761582137156987,-8.421823561464675,-10.962762237060275,-9.746525939938918,-10.577244646979754,-7.908625240821122,-6.516088716016952,-10.472554917091138,-5.167363904626421,-5.133182826461532,-13.252990681437838,-7.856414408726452,-9.523790908176364,-8.759874326790566,-9.260565675621372,-9.534210360696067
-10.945048181497599,-6.709425625767361,-7.136834886051768,-8.757300552815764,-3.7183107853065804,-10.377859025028066,-7.7570162134625145,-11.577595735427899,-8.09256437302546,-10.494583630174073,-8.25721934979175,-7.152584029522503,-9.530888923603227,-12.340090311418567,-10.764925914749508,-14.143684012673955,-10.190624036008584,-9.867606594817689,-9.032111123761535,-4.851534470788284,-7.866965454069892,-9.188086821553178
-7.0487334475860255,-11.12084264451772,-10.97337764511923,-3.636777938156666,-10.438733724374329,-8.712416467935089,-9.82962876966309,-12.152107869150813,-12.227011817583362,-14.954746486363424,-11.773775146640123,-9.414521391742962,-4.070023539468462,-10.602035843762915,-10.428142193739097,-6.9016264250178825,-9.131228653109245,-9.664566297843608,-8.044357274980946,-9.801058224432888,-10.361705336803668,-9.230073854772849
-12.144026902967491,-5.116489973930866,-7.780270882954678,-12.796596981913588,-10.188759329869868,-6.918466340854909,-2.3923874167215686,-5.892787292600142,-10.23120700651894,-8.380879545954159,-5.51451425420874,-9.635610290829394,-9.625069582045189,-6.3258592580516755,-10.281552069165803,-9.69341197720558,-7.536096935187279,-11.069224343774858,-11.79240905215973,-9.468190613509524,-8.753188490660422,-9.516044335736973
-8.349952673083443,-12.48215757389598,-5.598123181895809,-11.317734777860005,-9.385625821691344,-10.839787886004022,-11.510976080686559,-10.905932291605552,-8.597273247850604,-11.31438947690964,-12.281017284412698,-5.693456302713781,-12.369525786868094,-7.315439544595376,-12.936369846156527,-8.923608268877658,-12.337520377983687,-10.436555910594077,-8.114926092614994,-9.95112626642882,-7.074826982864323,-6.502418283762422
