script/wind250m.json
{"header": {"parameterCategory": 2, "parameterNumber": 3, "lo1": 3.000054539987559, "la1": 64.9999836372058, "dx": 0.5, "dy": 0.25, "nx": 34, "ny": 52, "refTime": "2025-12-15T19:00:00.000Z"}, "data":
[rows 0 to 24 of 52, columns 0 to 33 of 34]
13.360054759825362,13.280483706408269,15.16109074378727,14.002359458258454,14.696314684421532,14.555507578935257,13.614180144521503,13.621765720048039,13.131139272879656,12.10464607566447,11.675808308519429,11.734167281614656,10.840005787396407,9.911878697530112,9.156345974541379,9.344345422183709,10.904881207080944,7.825563376640785,8.304912088352003,8.098007857092277,4.525855594102784,4.4362519821246496,1.1520012180349821,3.167044319622148,2.4270570926951724,-0.8038567543076178,-1.8502735896575078,-3.497957768425923,-1.6650991138511397,-3.6766336562220774,-1.7935115459406084,-0.13597502089751595,0.5594347534328072,-0.3268138032948379
12.699332491911097,14.216805434703796,14.504249196905127,12.936148622462799,15.428829105888417,13.750505586860669,13.155163068689127,12.75915282282548,11.629595489135914,11.516860736996668,11.715389981018602,10.319648011895982,9.71189876048765,8.23314673828002,8.2965359479465,11.181438611325586,9.343093295320875,8.474359460685475,5.906590958836289,3.737234174357969,5.2771525466226885,3.211202246289505,2.3753291441094015,0.9920033911370718,-0.9864343173171483,-1.0256626081484777,-1.7737029042566377,-1.489778910252737,-1.5527874485840356,-3.8798470701629233,-3.1092883781686145,-2.655458027919181,-2.214792379355202,-2.2111776334893802
12.812337047491166,13.428946262495959,14.928645453366425,14.928166217355312,14.272806041364797,13.484112323522973,12.701715905711836,11.582093273774166,10.7457838786702,10.975258002433023,10.92628573848221,10.361151257216793,9.192461509748593,9.166505545202591,10.723308208954343,10.161705530296995,6.616380761649876,8.28162244645254,6.513134200658911,4.840093262489919,4.543096092928249,3.7124391267973404,4.257094198107966,-1.7149133695653185,-0.9631732702210026,-2.8051933744589257,-2.112078932733512,-1.9758509781330074,-2.7735405401319406,-2.2037015437062264,-4.0855690220209935,-3.550739741231914,-4.979205467159556,-4.771117660310091
13.067600081975854,14.229900600935384,15.292338718583032,15.05269734814376,13.209335205677649,12.40527798817771,11.884110067775229,11.110938749427845,10.472569026206695,10.219332592434032,10.174896515431442,9.63839596927558,9.834205173166813,9.552186892013292,8.175422095901181,5.826904904784965,5.349109035869976,5.177670911073341,5.843744165260699,3.962119858549687,3.104308838247477,2.278490422108122,-0.5417336731494204,0.4733806409031645,-1.067182581080593,-1.405663237833092,-2.820796905006089,-1.8154886572193047,-1.0802682777824606,-1.9434436051828015,-4.421798472873386,-5.880612046158458,-7.698460656350168,-7.12410091319948
13.960379970465146,14.885980180601704,8.389999047846995,13.231643332274682,12.277441452676213,12.219663108123234,11.531630841976964,10.35679253229389,9.950143843093302,9.06837190035449,9.914589688506107,10.554377923809756,8.555003652726803,6.532965087235625,7.2689857768649775,3.9739788490711994,4.076105387531138,6.589314689748556,5.704993565475444,2.2273022790925485,3.38289083203826,0.17805798374867862,0.08083559295312491,-1.8012519908220892,-1.3939271579956134,-1.3778425978710995,-2.4092624449021804,-0.9242755789622293,-4.273163803281392,-3.5152285684638267,-6.499312303388329,-7.695341312067075,-8.925354815083017,-8.040892590825319
13.65747606337281,11.501551531199887,12.822452716581786,12.300153731886503,12.461733109078246,12.081774672924057,11.096043501543196,9.82384443310546,9.670499962445213,9.192305679659242,9.940360284121448,8.140868528660304,6.459207915045601,5.874825686105574,5.19142614368515,4.015308493031986,3.8616687890289354,4.04821865787259,2.8289264453362075,2.8968985382808357,2.1124397422589656,-0.9263151080610693,-1.1553453718839481,-0.6786459136985142,-2.0857111236332595,0.3323355803571084,-1.6009858849065832,-2.834231786506267,-2.925773225467315,-6.38991276158933,-7.857979018065054,-6.247099695040952,-6.557278457194235,-8.23138732630314
15.532597613847619,14.017374896586993,13.042828402049228,12.99515200451427,12.67359047237175,11.884303828160414,10.389203153413105,9.84835839641609,9.56457250551286,10.149810639963999,8.445007590929684,7.570567885782118,5.526216625802403,4.69400928344981,4.632882724340144,2.850435020269408,3.1088304203341317,1.7469535075736558,0.851959441535722,1.6309067734657081,-0.07586145147885005,-0.8451513447772873,-0.2546673303660905,0.6083769109053381,-2.6539225328687412,-2.7951139755433623,-3.957822265745096,-5.09851128120686,-4.121197293337667,-3.9616181570105393,-4.974666656490721,-7.092560057904306,-9.042449111608418,-7.958855514017493
14.262468312156127,13.804079771949036,13.01552020426005,12.972353754419508,12.831811589986813,11.445052992190654,10.196588814732262,9.244809485338966,9.872792132391963,8.9027188905803,6.879823098866161,5.373156741644366,5.285117620041356,4.03850899948667,5.486476478596572,3.898233153336982,3.3719566580890117,1.1179029483736125,0.4023709301936577,2.084791566552883,0.7222820328668101,2.413130830529969,0.5584361646502836,-0.915616770303195,-1.4929426688601561,-3.8927491486069923,-4.807866836686597,-6.367237421629432,-3.1308169435206596,-4.293429737947642,-5.641684474741821,-7.303186531207614,-9.350947911030278,-9.487169218381716
13.264924616474326,13.126444947988714,12.9035739407177,12.577213938526306,11.758714494207739,10.99689595942734,9.715778466043345,10.75782605206697,8.892307425647363,6.747985319963445,4.87513105974256,2.924033381619499,2.321120657820466,2.856637607520304,2.283871097644935,2.484661245348497,8.078543803072652,5.835787905822608,6.18444663339758,5.100130632700692,4.714568800359884,3.224238277627784,0.9885050255735058,-1.534358404193258,-3.2072580769270007,-4.368967281903193,-5.0469328847179185,-1.6535028054998595,-3.857651847675189,-4.8801082167508,-5.7452885644581375,-10.546399649003977,-9.471737429509528,-10.551191165114755
12.639844490611399,12.519811666730435,12.557206535113622,11.828931861621813,10.963807280970052,10.640049409189627,9.552794173268607,8.420973031154634,6.107979572464692,1.5835728102995181,0.11921555287681415,4.302690289870805,4.880360280414442,3.7439445761603194,3.40767971657875,5.991015223524813,5.899560710707115,6.06074818118288,5.280419246981804,3.8673857886970735,3.1166922991421835,2.7884979929430993,1.7254810632916209,0.9407050582332285,0.3440758081294491,-3.9890216212005054,-4.3235774507882105,-6.429673214361181,-6.291151762555525,-7.687365907044148,-7.3820472738019385,-10.429884329046818,-7.614647981225755,-10.087068152014304
11.82729394013469,11.74951962151287,11.733440134267035,11.083579540770904,11.322006780527332,9.60561892897662,7.851853353003262,3.3896311571959434,5.772453579295268,5.1384727921081765,6.559269049085226,4.898481019391816,3.6373064239071695,4.194607299617482,4.653604533942752,4.8769755149629415,3.7879864849289944,4.383100271800847,4.385100995905713,4.305879745086675,2.120761138004313,1.6484562021021534,2.8456979704722416,3.3588893514961207,-1.3128709878511289,-1.7030121534519427,-0.27730875560222346,-5.799155536815728,-5.976649705768739,-7.457420613840296,-8.379329118360465,-8.862348760227801,-7.905901219207932,-9.343455917116591
11.196913333687359,11.148225635033189,10.72044087218777,10.752832016873857,11.929748774029466,5.879592628068939,8.76030272021988,4.879498701791764,6.721266101065102,7.988174738977005,3.897752522143635,3.0230818524166936,5.860179388041028,2.274061330199835,5.455651573955057,2.6985256633056993,6.69729830277578,5.425609499702993,4.982047850998628,3.629756518958082,2.550729892009092,1.0328662622725675,1.2116220607726453,2.5756168519083293,-0.2262018617403695,-1.1072592079486347,-3.630173369286287,-4.877890792282,-5.403325231772446,-7.525077475702905,-8.255572535943815,-9.36937796784973,-9.988788690608887,-8.881251251032317
10.92486709965459,10.178832770866599,9.825785328347582,10.079065206114521,11.408264454961666,9.350584697522825,6.648146623554428,3.3795393075973363,9.479162678585753,4.9751255033456925,6.138944869604086,6.206684103781666,4.963714404935589,4.391413113056427,6.926518919499423,6.120983393145665,4.516517363571168,5.330304852509189,3.792132189574591,2.9442654316981343,3.2453477065930936,2.092210050419338,0.8829706305148002,1.1821608453203158,1.248152350813099,-1.0970659166464054,-1.1818090368829475,-4.086383248581102,-5.59118535150806,-6.9442757393280035,-7.280821466157896,-8.364414599387512,-8.231898981098825,-7.723041702556487
9.7842595668416,9.470027380348546,8.669633505668909,9.514957166330197,9.98155548048769,11.34931887394807,9.306939048157933,7.5906143590505195,10.178406559680756,8.44389479768774,8.84293602050962,4.072254508665326,1.367782102890529,2.446314464709922,4.558309380349897,5.366099163539505,4.438092779310431,4.513191649734154,5.138188372513365,7.023660181598538,3.027810508220567,4.163734145908948,4.426618114314448,2.3399684171254203,1.901318543257462,0.8750686394940151,-0.5381650956700288,-2.3830808255937668,-3.1472852820386303,-4.608041291350263,-4.981608195737454,-4.596146137839311,-5.257385262889029,-6.011606336695387
9.328707527189215,8.573101669912706,7.80418726748828,8.644994490742596,8.219210619978751,5.147800407153225,0.4434006245251848,7.20036953924109,1.3986087131603406,3.3415582908678494,3.4703259851075368,3.7791503560207333,2.6711861980464087,4.876229957078422,4.367984493459258,6.543646230758048,5.081437411153348,5.3232585187179176,7.006674843178481,5.210145552260803,4.652825420714009,5.161831998515219,4.123109383834598,2.769479226535543,2.580059429652807,1.3137120264506181,1.76258288186123,0.2642319553420523,-1.4274964931908054,-1.4430949336977468,-2.1127024365374254,-2.858093062613806,-3.320551233876274,-3.7851138860058526
8.043290741368452,7.4582909491774085,6.774806127273561,7.847094372036155,7.713339664901046,5.30172707124778,5.852876216222307,0.3432137983919084,0.1661353259199594,2.6028070197889788,2.7567467155967926,4.961030243194089,2.4530475910709626,3.5508451591921086,2.774950526454142,5.271047050729633,5.638095286501323,3.954438363576647,5.617965696536313,4.380154075787924,8.10918780074898,4.638577886314293,3.311025449138196,4.530791241853106,3.9462590528964387,3.1435996822513395,2.1077470873886908,0.9733070966596225,0.28599952827062014,0.14647590726239548,0.42430686392120953,0.19889051620868636,0.11959508594541592,-0.15264502297570365
7.347769977973999,6.254313578454505,6.196262700439451,6.31549755975557,6.775859173472408,7.06926533004712,9.330080055756865,6.970104036874773,3.0993716259907633,7.91774240294942,5.477413326191874,4.459079394318733,5.435298186169808,3.5044703370527355,3.0428066901720032,2.7699944804646206,6.907358053359737,7.222849205116403,6.369973734927222,5.30854385417083,5.496654872778891,7.659928158190203,5.335342937916847,3.191383872853216,4.665730946508446,4.7366696797757735,4.5224833155315025,2.8768305852324083,2.0729293825212562,3.1626381959633036,3.4300500067095943,2.985977508817439,2.1663906647856788,1.6053924785493043
6.729259354987761,5.9288487309296904,5.507137550268732,4.818276680722696,4.912231603248809,3.357015025169226,3.7706452272396,4.164174931171996,6.823428355352813,5.569477595728097,2.6608028628546974,5.680342560688027,5.670193239587115,6.099053177118677,4.823850775756761,8.33836555052513,1.5784413045413204,8.549277456534758,7.1984336878467285,6.2554472191514545,6.341785093979117,6.571608027529296,6.959737464365825,6.11246764037445,4.409014793412854,4.698044211669664,5.620300649435035,4.112931227704405,4.69357796728886,4.495347936521134,4.10035811220909,3.691511420843664,2.63217297782356,2.220265533547696
6.475434618619218,5.1375867346067565,4.218371663246444,3.425982556532239,4.019178609980081,2.7378979466754623,5.920969453484538,4.082487231523118,1.3844750786670899,4.993691338065117,5.701826523614858,5.498940588375877,5.937301791512434,5.038579424149142,4.458202380619106,7.585591623493132,5.029310095338291,6.117821299116869,5.486416779414997,6.254137688955467,6.680197035511035,7.403293131085487,6.697446020599035,5.500748796560724,6.031145544665732,5.389104744636098,5.725142923286376,5.213036726493467,4.53730196237186,4.523463529317654,4.262476269715466,3.87844689801354,2.8168733682187894,2.3323589802789915
5.904207278128057,4.394973574917096,2.894589363430457,2.6543407714123477,2.6743234404155714,1.505345227555043,0.4489312582012162,7.706303182484488,9.542964578309071,7.4275776793231065,7.88901862629691,8.576724768648376,2.288490767419846,6.164669323534324,4.252137522411866,8.031170706374631,5.222503867786493,7.511495013523663,6.254624519185303,7.030874138002104,6.284780439660792,7.2956956924047685,8.246833288012072,6.669997264376125,5.503108583837305,4.892661413237159,5.432763468048777,4.955425932461644,5.094540882475237,4.450578026732832,3.5387228399305015,3.3011944251961283,3.254429074496552,3.049801883095102
4.883534468350879,3.125121877575995,1.7935394779313283,2.6385555366897315,1.9990170765075341,5.962686446551681,9.286838430394209,8.97169256615582,8.948556664302092,9.636056709788765,6.82744721127514,7.8497377448256715,6.511390230052425,7.721527486362093,7.780634774171634,7.371846817643055,8.938913405495907,8.573725847063,7.401759152672695,7.514269355739668,6.345476277821726,6.588548356093361,7.239240820171627,7.224712477615231,7.115335849340609,6.647819738076136,5.249014781924435,5.107747933114328,4.852223513513329,4.236967675991325,4.419643150622463,2.8301785264008825,2.82552180016766,2.7999985875441986
3.898700487633065,2.5686743764918307,1.4298125177394483,0.8479557514320453,6.025526562747471,6.795279585386029,6.766192631434921,6.15617003891451,8.748766717699652,3.9488267595461553,7.824266600143265,7.695939423801176,6.0325694508159735,10.751362976896159,2.4715224908551665,8.307720625607134,9.498977783879857,10.337269643190092,8.637684830870988,6.500232939096396,7.402041664759491,7.443732900704568,9.29597509936437,7.603567218361368,6.316002119340055,4.707739387184041,5.266475108517793,4.784461123836312,4.448806898869148,4.861395691061528,3.8132877952809263,2.9648202263610473,2.4906477750540525,3.307279602241476
2.858229075669741,1.623734469322149,0.16635425286209474,-0.09100620896600634,5.805999993885628,7.634645030923249,9.526031675376375,9.485202614558474,13.364227134411301,9.983372175894536,7.784788018482602,6.778382670402959,7.829253193479683,10.844096088392622,8.036781466478628,9.406711627470868,11.568529759968202,11.482105383157807,8.626054562374085,7.9706453577552585,6.983939373762821,6.985350760556016,10.643130914414256,7.678382531377624,5.269725493346985,4.90511703327588,5.397305290931377,5.859410235914367,5.3916164919084,4.261606339190062,4.720499867788259,3.8110187862392317,3.8272239845803613,3.67241217371521
2.7812166397691485,1.8102729499526171,0.15841001976235514,4.65313856756147,4.638324014688632,8.88212823362722,12.045407471187062,12.285158785556757,11.506356513121036,7.811536563242381,6.6136715433279445,8.016358533838366,8.796395140993285,7.825934525784482,10.2294396059081,12.096586309158841,13.162418525265576,11.030546052159396,7.830422332219827,6.858837364455981,7.243299664247164,9.884593707333947,11.9437292978399,7.377561835475424,5.816373970144011,5.215249261360602,6.764984580786786,5.4576159449070065,5.363964498048362,5.300829572483181,5.0205804608886435,4.355654795626369,6.0244230773688825,7.228067018154972
2.6700896273794568,1.4872104605601237,-0.4399859554374142,4.701063769433187,5.248509346014519,10.637977913622068,8.704239688224419,15.171570441777783,11.283206608619839,7.04077113915368,9.085099475316724,7.2017413806898105,7.077261687338264,8.509538834118164,13.61348570008625,15.365765888170072,14.358815796912271,10.546820246387327,8.501709875903543,7.441245449845847,10.240443790293924,12.287832697767556,9.906287708636706,6.200553056086704,5.65668248958029,6.327566060775822,5.426342955831568,4.939954880633727,4.66933686835257,4.441552526355239,4.211755804628991,6.857944919637586,6.830588505304041,7.066476420325679
