script/wind10m.json
{"header": {"parameterCategory": 2, "parameterNumber": 2, "lo1": 6.000027932988019, "la1": 58.9999434238085, "dx": 0.5, "dy": 0.25, "nx": 22, "ny": 24, "refTime": "2024-09-21T13:00:00.000Z"}, "data":
[rows 0 to 23 of 24, columns 0 to 21 of 22]
1.291469247510631,2.3793334621578697,-0.26162316783930895,-1.9060006627613388,-1.6082020525049954,-0.8460670697590642,-1.3835188773530331,-1.289329299805504,-2.0086914186040064,-1.0971024378255834,0.09352962037245934,1.1538274551721552,0.4961880681617089,0.8161857163645924,1.994199506566319,-0.10974277056717952,1.520840077461579,-1.3198846868246452,-1.5423207844319238,-0.7412958209767689,-1.3228663847871585,-0.8175106367177949
1.7401177915322585,0.9541661116957297,1.1355676190219481,0.05063623843291338,-1.557545799203558,-1.1384046350905839,-1.597976575209498,-1.9498481706040744,-0.9520195488211194,0.0659811906188048,0.19614185593937672,0.7893491687784078,0.6359278089752718,-1.6508550754014797,-0.2764108257386429,1.705461566101606,1.0420561396814483,1.0334908981681195,0.2058452828571616,-0.3837271682099702,-0.4248675668596722,-0.7089233094168474
1.3622314614141011,0.046495146694371776,0.7851506086156714,0.22400320508919164,-0.6087937561249411,-1.558331319353236,-2.8301847064828793,-1.1548362643637389,-0.4150207435552466,-0.5664279222337576,-0.10456600356135597,0.49587426717798305,1.0333412036558864,-2.340828043061901,1.5883838909258725,1.0236723875660503,0.41362138219766914,-2.281423397543244,2.076583703374619,0.03753785007133258,-0.022683922564126217,-0.047730763092683405
0.9667933704526313,0.9159930858418373,-0.28581080911837126,-0.24882364913909327,-1.0008726481079322,-1.7067574845833338,-1.254073552270941,-1.0169110420419356,-0.7339847225532231,-0.5242855899109156,0.451387500107324,1.7115423402045788,1.2045922294390246,0.8916312226031967,1.3457561487322915,0.8661428534227131,0.8215577700557616,-1.2084877488863521,0.9230798605984157,0.49240925973383637,0.4474331824676009,0.9949438372669753
0.37841017952326356,0.9870922149116815,0.8494740719812078,0.42632961437707373,-0.10517120467656935,-0.978333835214993,-1.0901483392909495,-0.8855492231368274,-1.1204385886654877,-0.3753889824368607,0.5786370692553295,1.9341580124471396,1.3414152515255442,0.8569615809019403,0.21500881778060713,0.3025996792746993,0.46514221357854985,1.0460077513628288,1.231557586828064,1.2766212604699188,0.7910161133489266,0.5964749588634877
-1.2327234781217526,-1.0809888272722092,-1.1019748153001794,-1.3843911053271862,-1.6916816783244804,-1.7032451323760962,-1.6670587756907769,-1.8388556875453048,-2.1880702943263293,-2.356676639175157,-0.30490274779528276,1.464431500714685,1.9654212904601644,0.340846468040103,0.898221415979158,1.1649170576999248,0.6211767894010628,0.891302217078291,0.8752859384543722,0.9384483505622445,1.0457534743851538,0.8710419702533887
-3.217768401407208,-2.734346640137906,-2.3758363911972142,-2.352213192807353,-2.7228662663132637,-2.6507859816062864,-2.2359838168253146,-2.123000454829687,-1.1278216225527995,-2.3479362992968866,-1.345601434681353,0.9670602060559003,1.4537938456757749,0.09760938359550604,-0.12502043011624517,0.4517032314709788,0.3512308294539866,0.9639926893969447,0.720972821205757,0.7096233821584269,0.5343217088381126,0.8703655313077187
-4.0193117578923365,-3.615592218691228,-3.4421046273392744,-3.105009304382622,-3.2859229795824136,-2.980703108885633,-2.745971189220346,-1.1907939694090963,-1.5564340683513422,-1.4936698038602882,-0.6414150535858667,-0.6768664849441739,1.8403594729504211,0.24512629733484775,0.284663663628215,0.020509196766596,0.5536977630946409,1.0573722901656788,0.6765890033740183,0.16769960038040202,0.7735624420001832,-2.1335446734286716
-4.752355420887451,-4.85848496619955,-4.866678772589471,-3.464185426308301,-2.6686749828340735,-1.249875681497379,-2.1034805653665822,-1.9140513798704402,-2.091970828471202,-2.2153312418106967,-2.1280757224362943,-2.1333147977865203,-0.07537108612292172,-0.23150131772790308,-0.1976983866759482,-0.13362908801342255,0.45607066119028694,0.46724269639608035,1.0653404144227432,0.5861716237232855,-0.3109861104793996,-1.1650068300776115
-5.283763232012078,-4.899812827852446,-5.167711000038281,-4.497767979381608,-1.2819794426674371,-1.6506509303925319,-1.6248953486661046,-2.1080252515535403,-2.334124343645523,-2.3559099770777063,-2.0913105111050867,-3.24150693753836,-2.546545082684374,0.017697622425523737,0.36486377419141247,0.03707202872884122,-0.3413484180492257,-0.8415512887108236,-0.4141012577547598,0.32155767145122593,0.04402933473933507,0.6286196372163131
-4.88201050389559,-4.8443855181372175,-4.655135832096761,-3.640665647362475,-2.4702748601078066,-2.1559800400131417,-1.8850544970567258,-2.264724850469012,-2.6681451056108214,-1.7885587427598175,-3.2645424482053618,-2.990827816831451,-2.5984052928680743,-0.8991244334213444,-1.276438815403614,-0.37916081728886997,0.29333346575798686,0.028832566358715363,-0.05855574934416103,0.3914496120340992,-0.8323095445366372,-0.4606068462842293
-5.0462804844222235,-4.515304728046513,-4.653853339062902,-3.151561439674487,-2.6459849507424806,-2.436664429048864,-2.7276770282113936,-2.5066251308513485,-2.388081245786565,-2.6540616855851358,-3.7135873577768965,-2.8960124916516805,-2.950962400785809,0.8538663270358671,-0.5335434661864755,-1.098066239494979,-0.3491474333598836,-1.0725227342190382,0.21638864816185605,0.14800444029592535,-1.1558800865901457,-0.8502426072943268
-5.067117684150037,-4.8138324916149475,-5.213019275721716,-5.093845188923386,-4.030810831399349,-3.157206154428078,-2.718795082996871,-2.516149775112737,-3.002645375968477,-3.6653401791300575,-3.2047047966334685,-3.2491999957990103,-0.8734828132184558,-0.5074639805013174,-1.2557879980874591,-1.6144987350803184,-1.3759442277195042,0.6900936229451407,-1.0045588649526587,-2.2105345824282012,-1.7032268047935024,-1.4866761516901015
-5.244267933800658,-5.066814928350677,-5.176259527934366,-5.356057802921033,-2.817970100932918,-3.6059252248845133,-3.633238245869153,-2.6030386376543597,-3.0813141744825567,-2.937591962820254,-3.1710076704134926,-3.1412789124005096,-1.5569057132451487,-1.422002639434089,2.3182843804127313,-1.8817925311732815,-1.5109201438407796,-0.9179053735156552,-1.1984279800831377,-2.3439248610297025,-2.1702589419289935,-2.318285670021481
-5.785788181474438,-5.787070742631861,-5.006728643873007,-4.167659829414587,-3.958608008381525,-4.197838796121689,-3.8104330443050434,-3.3745959362422826,-3.245584607355244,-3.240401746959642,-2.619146658907325,-2.6409104527816583,-2.630174728891095,-2.290761382059,-2.4467286434810807,-1.8343486851689332,-3.22824982125186,-2.069877182331255,-2.3123947745001328,-2.0556041354669667,-2.1592701093479176,-2.233254752665981
-6.442578956439722,-6.566990380224965,-6.893749627305421,-6.683416816252343,-5.673177686628802,-5.278884395241433,-4.3065251396753075,-3.25327552968654,-3.45117983569243,-3.1984616552621,-3.7255556977994484,-2.9577521564316767,-2.3909870567847564,-5.062827881294104,-4.741009023153173,-4.6902862164366725,-5.488312047499066,-2.9018984235861764,-1.8814123995249397,-2.640371825817903,-2.8557287141881194,-2.681354578820743
-6.924426757578329,-6.914713882180008,-6.921645992163257,-6.555192339315228,-5.136646384057465,-5.522125168586922,-4.090798026935037,-3.0871960628050363,-5.462773618732431,-4.003443943316157,-5.700113454013943,-5.615295844396204,-2.903614996148247,-3.0824079110875617,-5.471452330051165,-4.540023599031635,-3.4353509339410295,-3.1806900525032953,-2.719944012806845,-2.3445510382261867,-2.6124313867098965,-3.0398904076855393
-7.2174179595075705,-6.9873522052060055,-6.189253090930752,-6.141074996079687,-4.9443273598371364,-4.8009802622061235,-3.365349341120082,-3.91495374527723,-5.188100448327199,-5.7245963278741705,-4.495171347683538,-3.7468321276338554,-3.9384340898108396,-5.414563759700744,-5.190875344784693,-3.3607202064008144,-1.9610063374037359,-3.056026954182599,-3.1323803277564184,-2.1463602701061384,-2.3853229557839746,-2.126231770889267
-6.6924014578525215,-7.286179296790458,-6.654579157920704,-6.658715680782243,-4.999050962101258,-5.569349359696943,-3.9288661853446514,-3.4656997145955213,-6.1175198702981355,-4.52389243572818,-5.0178804615354,-5.861839386575126,-5.393981934822493,-5.043204373852919,-3.0996433891278707,-2.5987070101110246,-2.4903997943324505,-2.7140677303296874,-3.5505785393669336,-2.765472742098711,-1.726240858039744,-1.2681131475591916
-6.81152568459161,-7.603625788173806,-7.148660828131756,-5.942151118813804,-4.390331991498609,-3.8657667517197956,-4.085666126120321,-3.44629567728164,-3.3966526728401676,-3.865642441900744,-4.598677366768452,-5.915135753552882,-3.1930033680517167,-3.167508528980302,-2.9667713547275882,-5.3249452309163825,-2.6814874439958656,-2.87414764057963,-3.6682364107529892,-3.068423028424965,-1.855969308845384,-1.5811248169317609
-6.595018757894477,-7.220894184916447,-6.9839794919958225,-6.004085259606564,-6.041847587410355,-4.54650282684114,-4.098489539729618,-3.643215054474407,-2.5049088800684394,-3.1901913215805764,-4.095598178344109,-4.11837636142463,-3.9285251827102527,-3.346713273667491,-2.7551498246455424,-2.828150730719929,-2.6876674495863964,-3.866132746095802,-1.1208243278859114,-1.6866068538218408,-1.6100847972120989,-0.8589362340242439
-5.516041445534332,-6.228347458744341,-7.033476927631938,-5.680876972510476,-2.6349253842912255,-4.253980676206283,-3.2638444449616726,-3.7015614696164123,-2.8704094522311454,-4.018183933763927,-4.0431578251337355,-3.831806904109356,-3.5637125951493505,-3.408084882149405,-3.5766816846511595,-2.9064339195360507,-2.880869589648395,-1.5747446558581568,-1.2783024466981994,-1.2148992904739644,-1.4683594792432906,-1.2564232963527098
-5.389404805018539,-3.7782170857781243,-4.647315599250964,-2.986303597149489,-3.380438699645499,-3.4220570490181212,-2.7807853626440684,-2.5452244189377864,-3.284144752098236,-3.2871759555443085,-3.546121658966655,-2.345703276341722,-3.748051497080859,-2.480848049995969,-3.9375144007423484,-3.957090351642853,-2.5637529767020295,-1.625381930025926,-2.013491969587231,-1.212528166956798,-1.452485216729721,-1.273413990054831
-2.695122712157079,-2.8565240356075523,-3.511644424769984,-3.4945081064009487,-2.938066000216883,-4.214219599521582,-3.0125188891342733,-3.175385236543124,-2.562871536013143,-2.2935506594391986,-1.9928704313531826,-2.0788466560156214,-2.358074353121028,-1.702306385724331,-2.4044561108781966,-3.1176573565338854,-3.636521137672737,-2.0326624411560426,-2.8567625127339524,-1.606847604717548,-1.4164336127411365,-2.6229186085443095
