script/wind10m.json
{"header": {"parameterCategory": 2, "parameterNumber": 3, "lo1": 3.000054539987559, "la1": 64.9999836372058, "dx": 0.5, "dy": 0.25, "nx": 34, "ny": 52, "refTime": "2025-01-25T20:00:00.000Z"}, "data":
[rows 0 to 24 of 52, columns 0 to 33 of 34]
-1.5483138256342548,-0.8168715579885989,1.5202248033196595,4.0343759499267655,5.9966855518360624,7.490995582891782,8.112448643855743,7.236523593333248,14.169194303180813,14.905782534275302,15.510819607062315,15.775216058522824,17.299728728415978,17.592424890249678,18.113143624438116,15.91951879932525,11.270210341879709,9.67390519190023,5.3266740671139905,13.385030035497959,4.266470274690812,2.3480987941163236,1.0593486274554713,5.54502582277234,1.3157691504401037,-0.1505421811033788,-1.0769299096576521,1.365370031356686,-0.35431776631798684,-1.106885462768394,-1.0029989962702497,0.6760768120918473,2.190118157316931,1.230339801524468
-0.03298446022202524,1.3902628277713098,3.0050218916404026,4.959563309435234,6.067958329000666,7.542042923556126,7.396423700373716,12.485973522480542,12.868735724121814,14.167957595775281,14.548835424633973,16.085487698569043,15.593143756494829,16.30412505486634,17.909840327780003,15.46693523295071,12.297589699377882,7.107424205196047,9.07586848612814,8.760722545388866,5.2903683212952535,4.567719159778999,1.9153986306284683,2.9061052401245204,-1.5054795117606143,0.41358767851163686,-1.2560276708663043,-0.11159978333044837,3.503251483485592,3.633089187411873,0.3056755017049633,1.9190745371106732,1.7787573273656438,3.1194858037075033
1.4094913340155866,1.9247221496706561,2.865509581195479,4.75948097695664,6.211057816101522,7.783274957346099,9.256063469903994,11.037844971764045,13.068308773210672,14.168118289320486,14.916464843797867,14.27674131130086,14.468015860663485,16.289102143904493,16.718624782597427,14.562278489211879,5.691854581151938,5.203098714935188,3.411739851758851,5.002473492335959,8.675078037075199,4.7666627483679065,2.8327041476075006,4.435938702382189,2.754370077846969,1.895194398709694,2.2741306476669396,3.1629575584783676,2.5532421455967182,3.0097640988952397,3.818737769540382,3.2191449014597584,2.5602934651750893,3.374284608066747
2.067672700055036,2.6054011199632394,3.9193943045970143,5.196517710696382,6.6479285008440225,8.450097587462196,9.819871307318065,11.951347461061966,12.868730750800024,13.379301642287887,13.353988090161721,13.000974051031013,13.263066633614379,16.05247221245908,15.487853568012413,9.787310406990212,4.016755277059846,6.846862011479414,7.963330549273205,5.1102208749114,10.640842214023385,4.771735776243038,5.557366272727961,4.658750723598808,2.2380344942637325,1.547993020191788,2.5351813793391225,3.094555375623943,3.124216127421508,2.478637422269511,1.6572209648731173,3.610999182676324,2.974545079191382,2.804995864488498
3.024094051920181,4.027827346550334,4.990676358994029,5.835630567747182,6.757430230529986,8.130383934715882,9.299739330805204,10.697316791416,11.646594531673383,12.216061658920994,12.464549012832103,12.293918595922943,11.711363633126606,13.433023897183933,7.665930198365565,7.396224114010064,5.927084746077761,4.48592759424271,6.60904412212617,9.159866488182827,13.23312473253605,9.931776383866927,1.3044240390932382,3.9844317106107296,3.371128369360478,3.098049921016123,3.093922317037032,2.0925779861101037,2.7316686721649224,3.176910554325198,2.334553532577638,3.119265491280643,2.7837763980848664,2.9756873796899552
2.8868355927167713,3.4415395401813327,4.653035754624225,5.6364105367440125,6.811550424698203,7.81132663204057,8.994621575925864,9.9599325602624,11.742228205786057,12.079917019764252,11.913699891106438,12.3324200926242,9.866475074693765,9.873462531874662,4.869932353819668,4.340251826681325,8.166793107051486,5.037803083348596,8.57149721814358,6.45676546066373,1.2355943375226537,2.3935187899579984,3.455699357015088,2.4653276451595234,2.7140822882909665,3.352352216727068,2.9905186859677606,2.0450044412395365,2.194555998486272,2.2683757629151886,2.892443716964328,2.6295560819634027,2.236560933275071,2.769720942104812
3.0609256403023406,3.6022283520248193,4.615072197944275,5.490011518523836,5.971861517431065,6.962475282079471,8.03904168161831,9.035852432008854,9.901029128746547,9.936950781360265,9.46964183620603,9.231201159663362,7.339922522396095,4.370359410417039,3.359517784108955,7.863552243721364,3.454746606431975,7.281525972468871,7.862566938212188,4.7635862734117875,4.715727938340299,3.905798770241705,2.6928335753280157,3.439688426592791,4.073678007378609,3.437246267185181,3.9049688341564317,2.7420895651463653,2.88193226599943,3.5035394880886264,1.707677140063977,3.020852383407817,2.237322939593171,9.164443668539217
3.5170546124258855,3.7463517005889995,4.564218069484268,5.005496219615477,5.918671949864742,6.555426525706776,7.980355642939483,9.11978483415504,9.7670824491795,10.388399746534791,10.79424734031209,3.9524623129896805,5.269658659174142,3.6314412234568363,3.203699145695617,4.772341088997069,6.148470799392178,7.299702718028448,8.030786380631689,9.104509496682388,5.121703878141865,4.417225124200049,2.1626029705112733,5.536203428617962,3.3589170749800985,2.437576225228845,2.6398881111440367,3.917972535058981,2.718924885221357,1.9762353637827261,4.240732218738053,2.684287547207659,4.405820065626368,12.503423500108124
3.293513352490286,3.915234301387135,4.715957730373223,5.213013667872383,6.219728877779363,7.38270654344431,7.970408781990027,9.14757220065578,10.303493085357509,3.4901041342814754,5.469649496225584,2.669969251543121,3.675817711504203,4.386225059652054,3.7562994520688533,3.383579719647754,5.923163483875681,9.592606205540964,8.446075388866408,9.360061907460855,12.675504893950134,7.888653503202974,5.513395963581931,3.6352326432850974,3.1980023793171073,2.937506788567148,3.0229946865203985,2.9853602588733703,4.366672715018969,3.7729171111513806,2.2326187212915354,2.964684690996569,12.465580323753464,13.624779871181726
3.9896491499574553,4.774268738745211,5.427595424381207,5.6605017928417505,6.033218913943112,6.934888810900532,7.753078714698547,7.327442655896887,3.9160857570349705,3.8631285758631746,2.3004528668667787,2.0684516632369867,7.672532848118545,8.799630784317012,6.072881560876454,10.402213243585594,4.11042112934908,6.845789891828951,4.391745131604893,3.7077251261263267,9.81668610266085,4.649880816314773,2.7664392086700538,3.413695050292395,4.039105489527415,3.810961615258056,5.062965168110225,3.66246013738708,3.1359592211099905,2.1310485638153853,5.822224231290858,11.91008332232495,13.184260722237125,13.92202053693481
4.995263455718599,4.3214291323084,4.86965348386005,5.478871520179877,6.2607812104822855,7.865539029302829,7.675939769702162,3.9828484731441436,6.323681796224405,3.8613451695008516,7.417108906551197,8.13488631107218,2.4585487756538473,6.651847105116432,9.477315307734917,5.820267537651087,2.710589326622225,4.100227470505477,6.106042531967968,3.9440412115161636,6.021773138091979,3.2756245935201123,6.8560562727154215,3.621358192430995,4.100857936434696,3.181392512510975,1.262370968370617,3.8292371945982673,2.885279223448501,2.964695665751146,8.846969675273002,11.725798855821969,13.553024833732582,13.404256521592671
4.653239702571187,4.915367323336606,4.162058770709136,4.623323043186431,5.872488669667013,3.960352578581429,5.223024086288572,3.888229876908704,6.39469402456467,5.545578283992788,1.8027110266107569,3.277220356999545,5.366765207265447,2.393059137044995,1.3757073526148471,4.364300581741618,9.16585330299671,9.979377383213809,11.393193775255716,9.515947886479998,6.9348766386242096,3.08391916956255,4.664051568995787,7.720245725180489,3.301196405539105,2.6610699926620764,4.181591145836417,4.289291493059049,4.189665635025829,3.3586160181388878,11.289431541335937,11.244324692982563,12.755034235027901,12.989694468371749
3.3147460170708425,4.395396530709042,5.246447349886737,4.547219340002915,4.620592195760896,1.796363741218277,3.8671568385104944,2.3472200510070698,3.367780004080859,1.1936944716140765,2.209747130677896,5.079257898894848,7.716800359930578,14.166407762117382,7.674743045154732,14.81817522299078,8.272203304215564,9.559515347788139,5.035019049936343,4.174060328440105,5.505554350353523,5.930087517689859,5.171129150237867,3.9061742967041186,5.274317907031744,2.608789633180099,3.895295701975618,2.8645980117638015,3.4043155550701316,8.088994509059848,8.08596165379849,11.40027967121405,12.856874859497935,12.946616913535758
3.072895957907977,4.580271211875901,6.0094455556423325,3.570272714658888,5.746991174114196,2.8259049007679433,5.394747278870316,2.2096606534665186,7.485750194553026,8.70906480806021,7.749472297147924,3.3848925596923727,0.6786344658869491,-0.3710779976477883,7.535722781277848,0.5316264262755036,8.873451984722886,6.237028656158918,8.837940306828278,6.7501354913062155,4.699855650036732,9.827773254758025,5.2123649590856145,4.995055472325754,2.864268581615057,4.295863533236223,4.080229555479675,3.8377882443508167,2.1806416370254387,9.409043944293485,13.160581987694819,14.663739498542196,14.276712942171416,13.236096137528547
1.4280629763559722,2.8118921750900103,0.01651996473146059,3.8098900075499857,5.289449183522753,1.7212776626739927,1.327108024994454,1.0342518164609389,0.1950877234044356,3.9148284504519393,3.3999889743560727,1.85231321586608,5.867832567387977,5.3723562665647835,5.206541283684514,8.750869595232256,5.535661410892479,5.603988044965223,4.468415720795857,4.457161190895835,3.6775157414969253,4.947882330659272,5.459120352121374,4.7920569403389415,3.520288391453192,3.3029200591114685,2.837938182297393,3.760229920944445,3.675099266394392,11.290562186588232,12.79121593931258,13.790197086736907,13.483853140668856,13.81757212385752
0.25769834618185333,0.8438999938872624,4.342581321219907,4.357758350536747,-0.43126861134640176,0.3466609786290115,1.3632165685312738,-1.5322628233811657,0.630542335520772,2.3882343398191503,1.513925182970244,5.533804772870667,4.698429841657876,3.4325740188739493,1.4588611564555705,5.9424568619647555,10.608267343663723,3.429232247952214,4.707284187644988,3.9823982706480585,7.582877004434347,5.634565614314878,2.6504294136973368,3.1964429806117707,4.259046940729487,4.118451320939706,5.124377929950142,3.8343273515021896,3.1088803450644584,8.9254888157763,11.888121553994274,12.01208540580505,12.51446855220133,12.929277271740109
-2.452404478321814,-0.41870928553672354,1.880096067101415,1.3559794429823826,2.263304555201837,3.3833327705488,5.2010892008857175,3.169127473309459,5.444220752845941,5.698568421817479,4.81724723138465,4.4629688564627505,3.7093183377381496,0.18156935380132325,0.7171219246865213,0.9124283982006555,4.21064935661268,3.3985426304872624,6.950464663099307,4.935395706741602,5.312463838807029,7.390888932249956,4.10368134617965,3.875614275899464,3.3748762430460415,3.2111441343989098,3.261284074772117,2.8370550283496514,4.340344531092553,8.963513712633718,7.91636884037663,9.555715985123847,12.225066311607511,13.608669697442362
0.08596783194720446,-1.5114601645212562,-0.5867728495677627,0.9513077827744956,4.307635850017178,1.674016576087752,2.9846903634890767,3.4280497058885397,6.7221324227987616,7.25908387268478,3.0155490532369753,3.0814856088115823,3.931275930791222,4.445481729122778,5.584211429584754,6.219056908252494,6.735016687483617,6.44462620482888,6.021923415439026,4.379021054968925,4.524787880708355,4.126564627929468,3.9475942704355105,3.9917850683429448,3.8631909444152543,2.75469052654423,3.359959779292788,3.346418153674192,4.008558009680572,9.363043200244103,6.578470479861323,6.708251016762918,8.895619419874734,11.946310279719325
1.2339628337233302,-1.0660780457016608,-0.9605247237012051,-0.32744510012621425,5.003532293433522,2.400716751766419,6.817708442888569,4.385082846619289,-1.3292615698356094,5.068838076671018,2.9222600489626016,1.7423009179220328,4.051644909602756,7.431135108842394,2.6248081178009355,6.068895590778988,3.484026633207141,3.850272509487821,5.16905607431594,4.540197398234032,3.897384956451513,5.489574081895392,4.113816595128907,3.1370528279355905,3.6466135798064307,3.9672493748043505,3.6376277915377564,4.167976554844402,3.4532565980577554,4.375099135080985,5.2714252992262445,6.298227602555748,6.8830582516917875,11.359412185029207
1.2674209746896425,4.017480228693549,4.6730903040844565,4.632151651170743,4.107034122695692,0.93640550979963,5.345683397598599,8.665354799036633,9.161580689369165,4.31326941862443,5.261798358020041,6.811630756352829,0.8536293383318527,5.22353462771246,3.1693816128306365,5.943975819420086,4.714873332982775,4.515207632050963,5.45296969398443,4.53280727837029,3.8339743009292335,3.6739403874979537,4.277728975695737,4.720641227367005,3.9970882016886287,3.3243133842280352,4.7422705253815955,3.7204814157800725,3.7124287187387575,3.5383439945841952,3.5836050053448587,3.6389273527393815,7.303779597031827,6.630610514176213
-2.6747684580266453,-3.0049229531291073,4.148030571285636,5.599739785138524,4.5001488682007995,1.7336150055582242,5.314474330962694,4.7741313095258855,6.366965862163332,5.404499026020361,4.196184779468874,4.144698665976888,3.803608918027373,4.8350344473369145,5.140328408845707,3.8339437378489674,6.041034146877478,4.795668357383638,4.835946393026464,4.528073399797236,3.863111147868841,3.8526916919225465,3.7328946352730523,3.5959137930605833,3.7737097637169037,3.8337771510009695,3.1114766403363707,3.6690244654279214,3.8004807706408275,4.723980120653144,5.205135085849864,4.123180054211201,8.851140948252292,12.797139702500646
2.945367721373356,5.734317933351008,5.8172423923563334,4.187213856254182,5.339861002064024,2.0732650895519127,2.782083101686219,2.870683229940294,7.256708440255171,1.6955642666806023,4.280437396138592,4.755092170282378,2.350030202382332,2.9867631055698465,1.2264368698666759,5.939430568211439,5.520663587980139,5.956881824641034,4.690933100636452,3.5573158907360662,3.5303138264893152,3.00418351730487,3.5228445885028274,3.5964667882391494,3.148402123418176,2.4641775326061106,3.193545282388064,4.289741560974669,4.248565323974011,5.131460318973265,4.262788432698326,4.3922072778585175,4.4006602329672155,13.76549886863924
0.3201848748372247,4.100319229818429,4.047155177537314,3.906303854570632,2.947443809187723,1.359416658347916,3.2051032471676404,2.902088960418713,0.2615969724565546,3.2473402031544123,2.630298670897274,2.350224362555749,3.384432840179578,5.014630806531839,3.059033143258479,7.872109972067843,4.583635708065259,5.084536510176024,4.536487068138682,5.411792331670692,2.96436188126965,2.480586655296899,3.6899792103853732,3.9773850720567316,3.243877016535369,3.7886015698916222,4.36919614690368,5.142480730579225,3.306630272596944,4.425791934905479,3.9286074094892043,4.284677726349373,8.412353105401131,11.898584573191094
1.325214994441695,2.9308562658529267,3.576928790291308,3.5167106118584748,5.465260682377708,0.822767093118116,1.8004276654320963,0.7832885518152407,5.182901699650249,1.3286534646045802,3.381533157041501,5.221655620289708,3.496407933715386,0.9240295856972914,3.2306348851293696,7.523691806367397,6.473350307332113,5.034017987940068,4.083252551829056,3.372218651487703,3.834530533347383,6.676243314826596,8.28616094885749,3.1397547082338937,4.541511890516412,3.617039291830063,6.736920021184088,3.9002435505768274,2.9728756358089785,3.378396304839213,4.442076925421653,3.3834063595248147,11.084972438106785,10.875580687377331
1.7473856437148698,3.000516715084459,3.208069286613099,3.44326469328994,1.621700072862596,3.0714412102813937,0.6904904843979919,-2.228260198868813,3.8998046239424493,2.7846872511373397,3.6074828874579343,2.157035537463474,2.645153492676058,3.376570322490375,5.424406461058121,11.748709510699996,11.06226467391744,4.391662292837338,3.8065773015687614,3.1022566170328507,7.688047631515916,8.98905717758902,4.599511608351192,3.3289707477696737,3.6558925934523927,3.3934122568073,3.7158839192965907,2.801109881008619,2.6437159363298677,3.1053903814815933,4.176506070823054,9.718542053563292,11.299210593423815,10.50377387451564
