script/wind100m.json
{"header": {"parameterCategory": 2, "parameterNumber": 2, "lo1": 6.000198445256149, "la1": 58.999992894266676, "dx": 0.5, "dy": 0.25, "nx": 22, "ny": 24, "refTime": "2024-02-26T21:00:00.000Z"}, "data":
[rows 0 to 23 of 24, columns 0 to 21 of 22]
0.6741716454604296,-4.436260574292634,-3.1178580347066713,-5.0497114118248305,-4.281840326946946,-0.3010997322636229,-2.399112604424647,3.625531343088667,-1.9050577932441883,-2.616433033086968,-1.6252456710803644,-0.31930183044034066,0.28039479366823306,-4.084336583343407,-0.48570563794617116,-3.8824234618281186,-2.566288100246132,-3.6349643714111304,-2.6283727901965994,-3.375380043285338,-5.231570326958154,-3.0237690021662536
-3.153252459640244,-0.8052488464612311,-3.1191448425270103,-4.860746815487282,-5.737392580743426,-5.784567715914824,-4.114055355454532,-4.674580671880956,-2.3360995092398005,0.1369369582881306,-3.947720787725232,-1.581631687234594,4.783599256930718,-4.276594530548451,0.5634164270403719,-2.3558340214733544,-4.002735303655608,-5.278653605061213,2.715555201192937,1.0798980074565683,2.8362334920646526,-0.7482699856730741
-1.9831269230531612,-1.8108846081554921,-2.0129149365214203,-2.220191358977427,-3.698287537213271,0.7527629123051849,-4.902418300989,-0.7797497797323364,-5.034976337812843,-2.877964434167645,-1.8459146280034864,3.386073066504667,-5.593141793822001,-1.770404668895359,0.9504134009822766,-1.1949855254760942,-3.5922965644653178,-1.204554913586821,-2.0720014544659646,-3.499774802012752,-3.119267964714672,-4.557581444196342
3.3762731476479786,0.6654587946166122,-2.3746786361686882,-6.670852685261227,-2.906312115642587,1.1070657080546715,-3.3723749455709977,1.7546042048889308,-1.8582070150447063,2.5981934052495244,3.287448097087758,-5.185354041424633,-3.2773610329108895,-1.7878930412168894,-3.075933545396512,-5.194233076485373,-5.140059759596056,-2.5436998021952726,-1.015824366084326,-2.8232989342561843,-3.4663279755851364,-1.3559237783707323
0.251138489155594,-1.6722396786594307,-3.639526576178095,0.777852348752202,0.8920667935736089,-2.514379988764058,-4.567935597273247,-5.58512604830039,-4.210341215016545,-3.2734770673453384,-5.843243530175362,-3.3268376072697605,-1.4984792538886758,-0.5814897905958836,-4.209465269386751,-0.03183076243969536,-1.9575687984544088,-0.6723230678432989,-4.967349519027671,1.4162645112240952,-2.657293668602067,-2.4660052379728077
1.9244075690510003,-2.948981503748295,-2.912162210096799,1.861204249982716,-2.212249669966659,-4.598166564925468,-4.084411617338884,1.8388263169278443,-3.5502245747667858,-1.6229075360950393,0.025124278742845237,-1.5339662089744635,-1.8938212506776135,-3.8970408709967583,-3.8711516108506254,-1.1172841782157539,4.377665123176043,-5.148416954425734,-0.3455591245593999,-1.1877797129753218,-5.6465893155207425,-1.2742129133212332
2.164693854027397,-2.9075016039313564,0.8586922721254315,1.478116373377925,-2.9073790534208124,1.1300785466612042,-1.3776438920665461,-3.999194418566653,-2.1195816737520037,-5.7252869392412515,0.42150273697669166,-2.9113402446731533,-2.8652108242324075,-3.8111604470523925,-4.246704769084248,0.9807245919378345,0.3024119957184374,-2.4661926254464155,0.7062500853872705,-3.5456242894908425,4.26550810692061,-5.503316029279016
-0.4623275115940233,1.8474557679462071,-2.588389246709784,-2.2426775951578892,-5.5288001171726,-1.6408504671062885,-3.2414266385097052,-5.761460442601665,-2.695006991553659,-2.770713282199912,0.9812371197208405,-3.0905740076474326,-5.850870312750626,-4.833206813881109,-4.368927414615658,-3.6295422836656903,-1.5884828315738355,-3.3162345812289193,-3.272967335920347,3.1038290927682093,-2.8384511136825465,-4.521216464284734
4.0037495704991795,1.669876742432294,-3.6452324808219703,-2.005583620988303,1.121484412543854,-0.6392198125249648,-3.261316806344493,-0.8276449458148227,-4.664129448415225,0.22396577782757285,2.4373697093118656,-2.1845467287312386,-1.0132252707944553,-2.774830488262915,-3.1482184614544058,-4.5902157903585135,-1.4662514244290987,-2.9862740470078237,-4.629494320884361,-0.6950062789321253,-3.8650420207183585,-3.037368528151051
-0.3228200996395551,-2.887648512221517,-3.612946772475233,-2.2817535983918478,0.430089393516723,-4.177445296474093,-4.408776555898319,-4.130088925309086,3.5331131067668804,-2.3854990251865766,-2.8300174906891855,0.8864630485997528,-1.4069656964254493,-1.9381454281374337,-0.009822359512621196,-0.39458311441552846,-1.683269432325757,0.6805256618124716,-2.7751796715194827,-3.508415867211223,0.18369763610861564,-4.503827001729853
0.06254085023945638,-1.785598817846406,-2.96146875051276,-5.240498379928333,-5.912216397020957,0.903827266553201,-3.525483764152655,3.85556302735103,-2.5542290304110393,2.9443574855591237,-3.9406139470184596,-4.588178556870107,-0.028408678011333732,-1.3759300580316896,-1.7639148543817855,-3.122605888374215,-2.033187416316397,-2.909421033086039,-0.5642379494315057,-5.65239730882064,-3.623049608563847,-3.318073135327839
3.592991394387624,-0.17994799452365548,-3.2254545839885105,-6.349076877061851,-3.6465334402097587,-2.075181925916464,-4.190472650359079,-4.044496148831553,-0.5025976686660297,-3.3599112724640725,-0.5087253188763231,-4.519398936101499,-2.990522682873914,0.7114120887251218,-1.2238316865258632,-3.0755800823790755,-1.5945349021084645,-0.6156452656452621,-2.3937572708676753,-5.12740851551512,0.2115818896976578,-6.177532056067615
4.275072803496184,-2.758568563657824,-2.7202954393938676,-3.1540594460667593,-5.9917261512616315,-3.956562085668372,-1.347432984641495,-4.347979735946254,-5.206631032702533,0.09590068005929063,-2.22866192440531,0.8426915974353267,-2.9060567651985196,-2.6640119025199716,-3.1054358196595526,-0.2807287127525485,-4.9579355168992185,-4.285947213416958,-2.3794637542402803,-2.8214555744099656,-2.6518084127674015,-5.5245598391251605
0.7332066483183558,-2.7059980247536695,-5.677214220140313,-2.9749331764670006,-2.1435065187683686,-5.55186683753668,-4.351285026290632,0.4328020124787131,-0.9824464910408616,-4.823531857970643,-3.1741403533422767,-1.8200496937307642,-1.8425600061871472,-1.6654724711371356,-3.4728366481620783,-0.5843068630412293,-3.87536124867094,-4.580765220367003,-3.8191673776427155,-5.7655417991532785,-5.120323555948548,-3.168483066035121
1.6465348260505572,-3.453778053380893,-4.859457260594344,0.555546073454472,0.3356352003161247,3.3002074969211193,-3.084589386265556,-2.5257812784003857,-4.651898413351691,-1.8472076430972688,-0.5204350127239222,-4.330297064773442,-1.832069009880826,-3.4763283848684257,-2.602755727645843,-1.1481327241704424,-4.7031503322305515,1.0771997901814303,-1.0367702687449993,-0.44150610232490745,0.19433807748033938,-2.5982433139137333
-0.5289212720246435,-2.881561759504773,-4.336796494546972,-2.0683517782642955,-0.8723019396670314,-1.6767952346713892,-3.838638138796394,-1.5345204555801597,-0.6502270439238221,-3.8874381792388295,-3.730378869837381,-2.8733539805343224,-1.4776892981859362,-5.050902654541993,-2.2704105754536448,-3.0002976523695306,-5.533523983658042,-1.9633097312888157,-2.318282672972146,-2.44253185000179,-2.990687713117187,-2.652313251558491
2.0967559306363808,-2.099745432135625,-6.160263409124576,-1.607621667796713,-2.7558921064031296,-1.8173166697997811,-3.617068305873646,-4.156896434063775,-4.780146221977991,-2.4669905398776333,-1.3042618686863663,1.7251956703709022,-5.7382250653477485,-3.440359680480773,-0.31442671144989986,-3.3864531468244508,-0.14477877415301807,-1.9011775772676256,-1.9976764926433626,-4.017226568938272,-0.8126761508245549,-2.0686038108676215
-0.2977645157067107,-3.3212807388814123,-1.733876784812952,-2.9701733040867273,-3.214484316329062,4.549416008374786,-3.8192248736317422,-1.9578601021642887,0.7659029261577859,0.018564446965153154,-3.4903936807057265,-1.7305455051633563,-3.4069475485953187,0.23856533813098402,0.5290463430215486,-2.502056632946671,-4.662989217178096,-3.302696063439555,-2.253836199029927,3.4368445596288826,-2.119781959112597,-2.7778154532160775
3.034208267350874,-3.023679555627547,1.3471212852807908,-3.2118236092116907,1.0218091489963657,-1.8430392751080031,-1.2142190219059825,-3.655106623599853,-5.438622924801606,-5.036359944053203,-1.862532369082681,-2.7005041042868254,-4.653820346964042,-1.434065403687639,-5.024349312961368,-4.624540314494527,-0.8205764086587926,-3.5341536304827086,1.1964445823202075,-2.842248343844917,-5.230267221700186,-2.421334371375432
2.8029382598149755,-2.896801245927287,4.635400333607734,-4.9829206939901605,-1.484643085652703,-3.3446515143402173,-2.5245587120452564,-4.396457504529881,0.6856603952060085,-1.0837520687137958,-0.8347131164638775,-1.4873004745575737,-0.5400484447353939,4.4799736273094775,-2.2902046057855703,-4.7948348963008876,-1.3161033376154323,-4.436532177337145,-2.7283090370565075,-4.313354695481484,1.0784129181998279,-3.6329674474414664
4.454035528783537,-3.9066680677356653,3.2542585830882023,-4.422128960916218,-2.519129562489456,-5.506192152398434,-2.2146694622208045,-1.6677273971576347,-5.407775544379328,-4.31976132602769,-3.197925553931354,-3.919514716362616,-2.8867640386459894,-3.2811478861894723,-3.412163955561663,-4.082199853771456,-2.240564161619784,-0.2705129043146899,-5.013727013367621,-1.3764044929632788,-4.264140831113745,-1.880719516259347
-1.2872011688330274,-1.9335663913565744,2.4023541854620563,-3.7842588506804695,-2.1590452024437172,-1.4891385089100055,0.554884726730508,-5.491058750118849,1.7340936598697143,-0.7180709134264319,-3.6618698744617166,-2.3249146869233464,-5.738695652910309,-3.2436867788352624,-4.449714083820442,-4.0317724758602775,-0.9070480499246132,-0.9462036847830118,-5.349055198749758,-3.307539801711193,-3.4972548891907134,-4.140581186850378
2.5484160000218505,-2.5723357069010735,-2.9260034182830883,-1.5502357904556752,-4.503464970883973,-2.6852529740247664,-4.681956074746263,-1.21606012544251,-3.552410002689006,-3.4370390269534403,-2.4093370922569113,-0.36463921868741805,-3.2334256323406554,-4.336882343521986,-3.2092682133595525,-6.644031210488207,-3.390738926494961,-1.2430013898462207,0.9177529130399572,-1.9796747407960515,-2.102153965742582,-4.804274171780148
2.980844773245664,-2.8994026297226703,-0.5437882082191667,-0.6033979532448981,-1.7710485820193904,-3.8571465139582166,-0.8061347781185323,-0.8826228901166716,-0.7967004785088603,-1.3242221420770235,1.9505348702092178,-1.2400017478589713,-4.1025048154895885,-3.4798921588241445,-4.145325702809732,-4.383723564770149,-3.5629070513384913,-3.2411380824295497,-2.885088913853365,1.9505780256321248,-3.9035771091447455,-2.3228554590983777
