script/wind100m.json
{"header": {"parameterCategory": 2, "parameterNumber": 2, "lo1": 3.000054539987559, "la1": 64.9999836372058, "dx": 0.5, "dy": 0.25, "nx": 34, "ny": 52, "refTime": "2026-02-18T20:00:00.000Z"}, "data":
[rows 0 to 24 of 52, columns 0 to 33 of 34]
10.729959926967624,10.465416270447554,10.57005868932037,10.410631786548196,9.771956997503654,9.575378120805555,9.184944646043418,8.425824017746205,8.327222693574322,1.5689629226435968,8.350032152055801,4.915384352931394,5.211645836435407,6.214001171990354,6.34114520473376,4.579451461671486,1.9234555717008728,0.5259205769050718,-2.727519033816566,0.6796607305220589,0.6216048547780635,-1.6882497335459192,-1.382915532705403,2.5293288032353036,6.727143014912533,3.611366413668778,0.6871136727644058,2.5769217552752828,2.570635376976275,2.3622627515578083,0.021520575177344778,-1.8121341686315182,0.5885533087921517,0.981340369597509
10.306310390267678,10.4977371835355,10.511983618260452,10.161695472401286,9.344160542299429,8.891968421731793,8.406149836222754,7.7739480822922085,8.835089570887455,4.348933706201245,7.234037613777154,11.498860851583219,3.1561400885253077,4.036774193106848,2.5465034714479398,6.029469199861876,1.1358656388723152,0.6581314785642954,1.6906579816508076,5.715336712726423,1.4431765303668365,1.6091279147098854,0.21379842005226035,4.917855014512657,2.368476764228962,0.8315653786658951,3.7553785157246105,-0.248471075841481,2.329385679213048,4.303023125046794,1.2070367864001468,0.9873577832298678,0.4040925000380333,2.075521442745602
10.847385468506674,10.454649456535405,9.777672189164006,9.151697170040293,8.91425494457643,8.193212230998018,8.036232281475701,7.609283345955428,7.71586574360703,6.487144911935239,4.874718738025287,9.369014977528868,9.188403216988556,4.877223793180313,5.262064618865834,3.710526634670189,4.9225009502898045,0.05615929396563103,1.8768891395759548,-1.3830056246508469,2.4485079222861432,1.296858906018058,1.2153545679035909,1.5726883921251789,1.074204982419311,-0.5355080244327266,0.5102218450948103,1.0914690956410584,1.472648107070329,1.7906298250688144,3.760293067830375,1.1521342635905953,0.6565743426512187,0.33171041053627626
9.792774915974348,9.68844727974368,10.041426335916888,8.945652258093245,8.548060467708893,8.644385169677166,8.464437447439256,7.962721573492989,8.325947573752966,3.899276609417817,4.330789678656064,6.143231517421324,5.770648796158724,8.649600724562175,9.935296617077253,7.536119938450327,0.7643158729087318,1.300538957123801,3.1589113228896024,1.4472949109504192,2.932788211579612,4.587387903890305,1.0985183922355095,4.667743843790412,0.44971569102996256,-1.1239628333938594,0.45059729450732905,1.42773712596208,0.4490772064410576,1.7366179202069492,0.2587752879356166,2.4341732509297143,0.7577215976215971,-0.256678414304718
9.080675544875781,9.547589945545333,10.302200988019399,9.827943317313142,9.615629230273154,9.025122741983216,8.36704935529106,8.389413176769029,7.86752043921823,2.9099358778007436,4.56132372927181,8.908454980708246,7.584970091960797,9.18202693713048,6.468292562195209,5.578552620752105,6.817167250803806,2.102397877813247,0.2246543719069762,8.398032088012744,3.1206308302540555,6.682628840160009,0.7631890284434661,2.814493056510775,4.18415652601065,0.11128107825757416,0.985845556734065,-1.1383859814829207,0.7457230774317667,0.27992667911955565,-0.22112505169882526,0.700087614335341,0.9426575643879301,0.36544731296409605
8.280482324066629,8.503789087654049,8.689173756818267,9.201299728991312,9.443078997297437,8.82429764898603,8.218503729260897,10.023352168835617,6.590367829541778,6.214379929893124,7.9864400616739255,11.220158701056212,7.5642231350625835,11.675186571511928,6.62531055722608,5.737801693433437,4.540651762492469,1.9862656132316747,5.27259192360087,0.8499639905312911,1.208611668666862,3.796457528774497,6.488852824764563,2.3374817094263203,2.828804533284638,2.450892830427238,-0.260880225523462,-1.0021378801632903,-0.961691014272327,-0.5813659631756732,0.037381432064813445,-1.1520954970515433,0.00028062382726498034,0.6792380231841203
6.896334253626966,6.943992426890186,7.884621783300791,8.416273441902652,8.78884072353593,9.821640839353083,8.189355270312856,9.316011345909027,8.864364808966393,10.070055422325837,8.650496607521431,8.579237314361071,6.091851282355518,6.063396780970823,4.263120717702388,3.5802577441096948,2.7653058534891115,4.02538344453059,5.435936911568693,3.3390342097604977,6.881273287226444,3.7005714681179693,3.440458643396966,2.9102096535093778,4.1436601527304555,0.26266127368628184,-0.07491203917121801,-0.7522935231473217,-0.8325335231686395,-0.4509558280643768,-0.8278329526662681,0.2901927245321654,0.5868157551466396,0.4374813144766321
7.804386842893528,7.285495509074216,7.468734577350589,7.868044171863459,8.448971324531193,9.391332030709597,10.019512314848274,8.379301057302866,8.968028842660633,7.632418831352038,4.542556481318615,1.5577049894277053,5.6644583134378115,10.627696752930467,5.181196385543241,5.211391086758432,-0.39656785454882326,5.074653608570545,8.050449976792903,3.8106393517998973,7.925338551671272,6.812541417342156,5.121278237194109,1.2276173854625347,1.4926839681859456,1.0090639844782756,-0.42256105095073254,-0.0407601683373552,-1.1488268084390307,-1.5068067227774715,1.0280628937230187,0.6708330207954862,1.1096744227781663,0.9842885592792315
6.815166197935724,6.893594048828584,7.6007948850366525,7.741678651008029,7.678228027910773,8.411510245018453,9.23166360423171,9.79016567032802,6.35408636082328,3.2425906749701037,0.25623080806490633,1.5411673235024403,5.841621777749965,6.408488174093872,7.236764161188035,0.2329682476062717,2.403670004540329,9.538008893643921,0.41765917052483365,3.2220287893595194,8.259967710203847,5.39168550841427,4.229729226132852,1.3281330597914838,3.438415574309174,2.5648650164835503,1.440682951629273,-0.19645906995238513,-0.109115896082491,-0.15029331351789618,0.974437155673396,1.5682355865097244,1.74112632598702,2.0017720182495617
6.358989170887779,6.935362791357622,5.822336209239725,6.841201036277876,7.30290543180897,8.025293067954347,9.041354200726706,5.8412950818863125,3.158058819355736,0.6823484230428661,-0.87294098061761,-0.06915266867825173,4.8465410946096315,9.972843088954486,0.9412195523005442,6.6713713026558565,4.905706265179526,4.3739802652897914,2.7856260668186708,4.63043624400882,7.183950717372948,4.948253040259875,5.515986535313934,1.4845027616677207,2.0623735815018076,1.846551402342147,0.7842229102285669,0.8775722699885771,-0.5725418781959812,0.1218967526311467,1.8119343655062166,1.553048618152661,1.5914270254401477,0.4072805929724678
5.0423530438920805,5.684175809927916,5.828207934857654,5.69159290005708,6.4073812111440915,9.592615368036764,4.650425958957927,1.4877549549913285,4.3346072124321235,3.8844238034194505,7.204774362829243,-3.1612080833015233,4.819732258559237,8.259641799895654,7.812152881303545,2.66576671049323,2.4664828886146504,2.082745291108703,4.765340027477505,4.952055335586164,3.0203014344311567,3.220795415900627,2.9768204882926366,1.9888806398905354,1.6784158106515485,1.4962014313914904,0.9793520669180813,1.6975289488841887,0.30030766704495304,0.2423277426809162,3.255061752286306,1.6191049111935896,1.7263523674936188,-0.2546695286218189
2.513230122853273,3.388498633135435,5.483956280566014,6.416627417856894,6.8479277101760685,2.795940261029738,-0.9633241282738398,-2.4964555603348866,-2.3445371969500575,3.9487483063870075,5.369860894045736,7.188024107319191,5.490630711994589,5.240854849345751,4.002913588008184,4.62976477444374,1.5401639338954494,3.362899379485752,1.1978030513719675,4.626038617373056,2.4935007874682276,0.8553433661919991,1.5174204976378123,1.114007206799484,1.4200419876390984,1.3840401270769938,2.1037211792149204,2.4831611490258214,2.302069359312353,3.6578068965278168,2.2247889224208963,1.6835155366245327,1.6995977661382173,-0.4425737242841859
1.6949405652075267,3.0714211460288063,3.744547370995578,3.675483045002145,3.0113911263504582,2.0146533197454835,0.8512316962120068,0.2863512574077486,0.9282127516118943,5.230510785987815,4.766650670263741,6.875626330106861,7.880113079844106,5.980754266133261,0.3227113693353958,5.727064455137519,2.3654101799248477,2.7050678997436655,2.939869497785143,0.9473609180272464,1.8208124196939484,3.3382741410884673,1.9354891077877021,1.2569782555528894,1.4141970168529694,1.1368465761485504,0.8570497300663147,1.6739468516958826,1.5378159264912523,2.830959780974111,1.7518017562339046,1.4075745374237405,1.283069134608826,-0.14332922933288972
0.9716466302037691,1.4939910977324233,2.1855281541514584,1.380200833736498,0.9878489983016322,1.3128354489410083,5.931822693753789,-0.7815204763094709,0.30256851276671176,4.3975150433263375,5.07935732056166,10.244578933796733,0.8353815572151977,3.0485967665454607,6.610833445983077,2.377500960737746,1.9585310433931682,1.578655386468609,0.24757933771983925,2.716211802566646,5.763874421146071,-0.1404507897842594,0.44253211860570724,0.7359389642741948,1.8500833956047962,2.2364877180998177,2.8536992854228322,3.157414993703378,2.7880517369697695,2.6987934585153144,1.8653378890875325,1.2515928756491619,0.44508704800833937,-0.22857296436452157
1.0865122753286598,0.39819961140153437,0.5073577429279376,-0.7587118867306429,-1.0969892024970143,0.07655682573671627,-0.49276838760371816,3.0607403187566944,0.7051549378183489,0.621000064560226,2.711561675937967,6.530588285867544,5.987753489948342,2.956433078660911,4.4489220197456945,4.985841344077981,1.3530158928315525,2.5595066528366206,0.802927041891751,0.8977252877804515,4.619081836521617,3.2926739607849767,-0.037615899451119206,1.144497289548725,0.9809918867996716,1.8346479000133802,1.8062122037250905,3.6331101910626926,4.12365945253523,3.386742386106424,1.5072758608401804,1.3762696263530414,-1.090467741962011,-0.42622825835995876
0.9833341616866274,0.05689026651442226,-1.1522127176150827,-2.294647465569062,-1.6328357605255546,-1.8666749056021268,0.7321606575917681,0.6883537441110642,0.8329123444260821,2.105294035039468,4.442025664337002,8.085425118942995,7.609898762477358,3.289714385680964,4.889762902343896,1.8994965577094503,1.0615680598049864,2.645001876976759,1.9508382516807676,-0.040337672652129127,0.9068286633412711,3.4325729113724175,3.274988129217258,0.7327412792771809,1.4054221595927028,1.7244134446451354,4.9670454668816975,3.397742599808633,2.7510046470422274,2.4454596630545447,1.3316673319387469,1.3818575759932312,-0.7265019057131579,-1.992015595724877
0.06779352596347434,-0.5131963571566245,-0.7189651974240105,-2.6752501160928843,-3.86549079976191,-0.5131848300910293,2.4030783041209056,2.205895768082575,-2.1112337574776916,1.843082366001281,6.398205360044731,5.64839779677185,4.08374679437628,2.6515508632232185,1.2169029922231513,1.7740199315631524,0.62144126220149,0.6155429073096264,1.3297385218361737,0.18454713882163276,2.941587084787278,2.880137789661297,2.3637411395857204,0.7216466122602622,1.5475130830110029,2.0425580682856355,4.29425530263146,3.9192313229772426,2.7370084348079122,1.2600923204177703,0.9838376590688961,-0.23471625775504232,-1.3385266131033753,-2.7973819077866775
2.072065546784294,0.6382335097261108,-0.923400180200372,-2.1926944124686467,-3.036739870512491,-1.31794571423851,1.5445943115417249,-0.028455528355635886,3.1230806948438454,5.779717156193869,-0.2907320534999514,5.591230711964504,0.0011932187726181622,2.9513926571610405,3.5993112302372157,5.132208358865352,2.09073167080917,4.633123931424081,2.0596252774717354,3.178092160496162,2.800621832389465,2.34984600662827,3.3825476006251933,2.861491366149494,1.672022460692525,1.163008120840185,1.7187676284631863,2.2228827434425846,1.9029639228309398,0.9459169901452174,-0.884565410653163,-2.393176828785195,-2.03937687750348,-3.24862982003687
1.4878615168836713,-2.186900272221631,-0.5477056574973022,-2.9539682312062903,-2.5933205899464147,-2.5283699053129602,2.0974982754019984,1.7024928062119453,1.2377994094252744,6.842526667568116,3.3250655315268434,2.863951482378041,4.195051690901028,1.4286466901213728,3.6811937002256516,1.8926863306385313,5.5816365827758565,3.0203814415856174,0.5811517295979273,2.718554293299288,4.430487076293274,4.590469664057109,4.218498134510786,4.2823405720445935,2.776856236072162,2.2746446563648237,2.321432679931334,1.5649984928674259,0.7478396397473932,0.3410213543484192,-1.131640129340429,-3.3141289112900694,-3.6352954986029795,-3.420596436033507
0.652331779006173,-1.2147849869117018,-1.762055401992811,-2.096502059653811,-3.1689597977045167,-3.797668795480464,1.7640620322621543,2.4464708988696087,4.110440073625813,6.634992071794115,6.4205080100629415,5.3862221472454905,2.5700713657967653,1.98612780171664,0.9070711408702455,3.0504825738817973,3.6231118072832893,1.9810132200620147,0.656802770059619,2.6516615852364875,2.136005587878474,3.0051869881470115,5.05287446258741,3.783878306517414,3.376356081002531,3.671135320359302,4.3966518920016675,1.5553442938329947,0.13701289978554598,0.009587598513628072,0.9648073891207624,-3.0613480145556102,-3.940677729839301,-5.09927273424636
-0.6168343048111051,-2.6632786315572066,-2.7043708379977107,-2.562741920210004,-2.1712050227173516,-2.673139764103133,-0.8265631118786373,0.18711389363655728,4.925301469310889,2.924979117856251,4.91133732200594,8.014766878443762,0.5308709807769453,1.169511574011933,0.8685086135140173,3.2643587961106655,0.20532044530418864,2.9354405619627006,3.8725568858239443,3.8971769189929466,5.0390547648203095,4.127307935564332,5.54130114078423,5.0854442282118235,4.320924735526579,4.789956784194183,4.336627393361211,3.400927911272004,0.6514168653983393,-0.3674807034685696,0.8757205777431195,-1.6674723480150588,-4.265212413773454,-4.717516260835152
-1.7652855786112462,-2.426951819504763,-2.2237835995613646,-2.977752670754941,-2.721173833077699,-2.083181728522518,-1.7150356423254178,0.8991436365554247,4.307656739172169,2.187955351417106,3.065914307495513,5.52895372713296,1.179580461095403,3.8546689815407036,2.9751901892596515,0.6812894288984066,3.5929149288344293,2.842968951805188,4.263600516273925,3.133924716821087,4.84182754415669,3.6736452580629098,5.321262466364987,5.1310550688328185,4.67400234314482,3.6075921936368602,4.493587294943636,2.859904766866364,1.1552250136671613,-0.3637637148694384,-0.1679803860724053,-0.1719880761664107,-2.0910574515588247,-4.690186398507498
-2.5729858692106955,-2.069889011086681,-2.458976006006968,-2.3500392482819814,-3.2723412836635237,-2.6165573926507624,-1.9494348684215856,-0.870275699128587,3.8026283679413253,4.270220628098253,0.29614243877877094,-0.0526137259704345,3.3404037196945815,1.6991989617168313,2.4719773927723105,1.5581651374695595,3.1939883175420998,3.5825055666126215,3.463473854497967,3.828563806353208,2.8784915478257136,3.2681352288912784,4.149871014121489,4.396850044612636,5.115652357880532,3.145946019909437,3.519608461006722,1.7053914594816324,1.0455894210764183,-1.587550430482345,-0.5544990273683492,-0.09949456522987354,-2.8876287669504945,-4.428470938902473
-2.26542687679346,-2.1962515175282795,-3.7766020783198737,-2.7397649496795844,-2.9741672699042287,-2.428827749564209,-1.7573776559975396,-0.013911665901312764,3.7776879382995223,1.6914637031437616,0.7316308070944875,-0.0920984468932135,1.0184617825260773,-0.013523075894547064,0.452468458045122,1.9463351060834908,2.1183357797544926,2.4370022017862247,2.987696544434547,4.0165233817794945,3.1171499026306426,1.8270567026986542,2.942338466494121,3.5362231774240898,4.266230368299752,3.1428190431587186,1.9425543523831992,0.4732239762706056,0.3535297602527124,-0.4792647309120691,-0.004271006505121783,0.30180398616339893,-2.2779311374066746,-2.9471270324766348
-2.25497915229759,-1.7728991874669162,-3.821411634983865,-3.8120359156826833,-2.8985724308345695,-2.365146855365598,-1.0234518319213417,-1.2857940261210419,2.22167705449881,0.6004414265113908,0.6359348953949286,1.3155468096753729,1.8913096493000745,1.6996226546504225,1.825525173739876,1.7283353705553757,0.6738340743299651,2.1268753600863635,2.2605405149428823,4.046921672012768,2.835381391862546,2.6820679525629516,3.726126771646199,4.662764797067817,4.411211593731961,3.9448570462105836,1.275403435961833,-0.06960485511435363,0.49862229755247833,0.28599628568428537,0.7526113910485978,-0.10808893713888824,-0.7657782488212003,-2.5275112941063953
