script/wind50m.json
{"header": {"parameterCategory": 2, "parameterNumber": 2, "lo1": 6.000198445256149, "la1": 58.999992894266676, "dx": 0.5, "dy": 0.25, "nx": 22, "ny": 24, "refTime": "2024-02-11T18:00:00.000Z"}, "data":
[rows 0 to 23 of 24, columns 0 to 21 of 22]
-5.027445348270703,-3.9607710964954297,-1.9831260891357692,-2.804170529246233,-3.932753959661486,-7.932468669665446,-12.437822134963746,-12.296626491220861,-6.576628587712132,-7.889743317801609,-6.808747667530277,-8.467688129200333,-5.926649035006635,-9.268000848187198,-5.535541968244013,-10.27098754836047,-10.61214877458626,-9.860997339603422,-19.418922431380327,-20.508035342298136,-13.626690877288384,-5.252036949357527
-5.503662278387003,-3.9320137589426416,-1.519077638129088,-0.43302403378751325,-0.8937774870196101,-6.528022605201339,-7.660195977308295,-8.600146357746869,-17.958302837872154,-12.998349886266071,-11.828900592155177,-8.733121560408561,-6.435308291512127,-7.976373375397549,-5.142329362417239,-10.824874436028043,-11.983144283113104,-18.50112496707916,-6.791974455009722,-6.881761360952908,-5.451241855844692,-10.760808373134608
-4.763468106169543,-5.696915336875268,-1.4603484275404668,3.0792926097350883,3.017620558982396,-10.665920535769338,5.657681049518234,-11.931868359429792,-8.73330858554638,-11.918803481748169,-8.65982116077301,-5.86533622368013,-9.518900533199442,-13.220566660627759,-6.141996440474356,-7.772895402392824,-10.416348075711714,-7.35506668621643,-8.351895468891973,-11.505141179638835,-10.922253150933436,-8.877645251072343
-5.171772785067021,-5.118213577946447,-1.728446531115312,2.1201490445529645,-9.94271966211334,-12.54600370458111,-12.934662016860264,-14.726275856307204,-16.978154509469665,-14.775378346151875,-11.290551106137256,-12.139247999319899,-10.836343692480813,-10.304438068649162,-10.495696730701894,-8.339878729017096,-13.828345806076712,-6.156907543326571,-11.785795337986976,-20.218352738620506,-24.71923865262336,-7.714038528722927
-4.379711934282438,-4.657620880401659,-2.3476105336989934,-4.221848438740533,-11.463986799710593,-8.583099507498583,-10.192610879998496,-7.3714247204564565,-11.10314713968205,-9.662816661576095,-11.943741935020656,-9.636275592828026,-7.560037961099,-7.6317208889248995,-9.848057375696452,-8.785954311158102,-17.488738062657948,-7.159938649458399,-15.852386443438185,-5.400434177020727,-9.615539430620634,-10.116087553021584
-5.106036115961537,-1.5828577607246495,-2.04672089347768,-9.300542030227883,-4.1355881246415915,-4.244767399187996,4.574411860827993,-12.341887661433047,-15.800582450655355,-11.758701133068309,-10.287929360546588,-5.549726732644312,-7.180160651168372,-12.592096223932487,-9.465499944121749,-8.810116647975768,-7.096781035604626,-11.230462256437889,-9.51576425223555,-7.782509787825001,-12.079914651549844,-10.485832782323723
-5.219187564110052,-5.6470181512767965,-2.278905281935089,-9.254699653013352,-3.9424071107485292,-10.985326096901899,-11.478193162819679,-8.439160600068192,-11.295777562760847,-10.393483301495374,-10.349376695673007,-10.237285484045618,-11.233183540700653,-9.549259839384638,-9.78044364668632,-9.321158652667341,-6.2897939625783,-15.062126729452752,-6.928841187141766,-14.733315210359686,-4.531709095875848,-5.360377853804744
-5.268053301799074,-5.731793134098363,-2.2097886377280367,-4.308993977204549,2.8539572869791834,-13.076148780245356,-9.794801951384462,-7.082575627124598,-14.864595623141962,-9.239765059563727,-8.701717948177516,-9.011027954394615,-10.521096318994685,-8.441141214093596,-9.681679714871901,-7.580067692261191,-5.393045294200694,-18.72349980862551,-11.284627816626408,-6.151983827638934,-8.350741341262442,-13.026929903235885
-4.830163165370178,-5.060348466129873,-2.182551879474963,-1.9336696332275183,-5.090890949399022,-10.581904663202877,5.512533981686107,-12.505830648590766,-11.309726063784224,-10.799181020856754,-12.50059106390189,-6.749919914402316,-8.650630458930172,-8.980093120842454,-11.829210316760518,-8.590758019628712,-6.966087177967286,-18.727532596029757,-14.597170594589455,-7.4159257431981525,-22.60470880242147,-5.982290781860462
-4.860884402020119,-1.669775795995746,-1.7261240511728,-2.4495389841973565,-10.035363642326269,-6.4418027288334985,-12.50119884161358,-8.328896020421796,-11.544088492761768,-7.022917191717911,-11.750936322783874,-7.624294397345423,-6.949060713632488,-12.815713674590603,-6.624182899849128,-8.311443946419601,-8.033827597575163,-6.167847068842834,-20.060088612094265,-13.578344358178558,-5.836017575375364,-14.537640875940443
-5.24855784099161,-1.5253294937107165,-1.744034850199832,-2.8614464001975444,-7.950240906179422,-11.018314696694121,-7.875832607577505,-11.86146947571018,-11.311626099778175,-14.90987889615731,-9.193589280839502,-11.849599200077524,-5.930098763140734,-11.199100243831797,-7.9620595336432105,-9.412350011929641,-7.489864956993503,-7.082321103101529,-7.351769731633004,-22.995196205269686,-11.221275634550498,-10.606904485689032
-4.8519192616776925,-1.167451971926738,-2.0678885867780394,-2.058844079750499,-3.1791074180798278,-9.048824380562422,5.645395674276031,-9.559421847040035,-11.795275728910916,-7.905938552761423,-10.434155836157657,-6.571843361559194,-12.318899903150175,-8.060201221810473,-6.315108531089543,-10.033172376728636,-8.08702704514683,-6.921681853192662,-10.464233988282743,-7.907053761669062,-4.466616520921379,-7.0658963355428615
-5.234862240024666,-0.8078409482293123,-2.7171119353470212,2.989224742785461,-4.09463522651912,-5.372686591358098,-14.052765969937145,6.092900538137373,-10.452083956471554,-14.598268712149284,-11.894434508388702,-7.505448903916973,-9.455625478037486,-12.281155731619615,-7.040142591320144,-10.917080082945128,-8.411151239974046,-15.565424891369895,-13.02307709692971,-13.476879629858733,-9.877473706752046,-10.288243485951847
-4.877515922733444,-1.1689072735901906,-2.937958114662912,1.560376611948845,2.9713706528935124,-5.115749603240433,-6.26577226960731,-10.086713017006721,-12.530272887784282,-9.777605933540373,-9.901236271864208,-11.38803725624714,-7.040113530678974,-10.870127805913338,-6.745300327039712,-9.286573910793576,-8.421425083002525,-15.841469102602868,-18.096695379227775,-20.327181542630974,-15.654333463471216,-7.431299015068422
-4.9379526307939186,-1.827053528763542,-1.0514009228659942,-9.471774694801088,-10.65692799995835,-10.983686244285561,4.476009473375682,-7.713930902689608,-8.620595917774466,-12.265746694423715,-10.147564225152296,-9.131234657233009,-6.11890410673516,-9.548632231534738,-7.018488307093781,-9.17536016818821,-11.834922156280742,-9.827601843383915,-6.593090941564185,-8.40611330892355,-6.030885606975988,-9.646248217084912
-4.204382043638709,-1.4478483606470713,1.5616869537254152,-5.906913157033347,-8.231178583147797,-8.087884864154221,-11.748938038302851,-11.979372911308447,-13.310551089371778,-8.652777572352955,-7.27818282281752,-8.892883365941433,-12.19701454573883,-8.482979649964067,-6.269625513912374,-10.606899199005637,-16.063811659341685,-7.596161599786545,-7.617153873561177,-13.355852965563349,-13.171446959866866,-10.364545438323377
-5.391287401842732,-1.5111197696092578,2.413112756720171,-3.731498883755906,-3.19041219038063,-4.339943643839142,-7.847806254052867,-8.725863747057355,-7.902039797987033,-8.453687313035772,-4.811397233864697,-7.751288036057628,-9.277691366271007,-13.39837665005295,-6.448633278396444,-11.52907604445383,-9.754303143224265,-4.732357812883508,-11.998347291520105,-22.83460044159693,-4.502360243954263,-8.447603941108051
-4.705125434333236,-1.4589265513180842,3.306068336174734,-2.8113523048908715,0.15893257021920024,-11.716305156860532,-5.25301606400999,-12.342968883866922,-14.685763928382837,-12.262120910050415,-8.658377547302592,-11.414436318927388,-8.731686646221114,-13.114819440999103,-6.159800347963979,-10.421635267801653,-16.476126050664913,-9.095826028919575,-17.625935217589507,-6.944968359487557,-10.474168596708973,-9.678032627011207
-4.960682147706908,-1.0789293437552607,-4.751030604735582,-2.795681343640626,-5.06226477814214,-8.503885655664863,-13.014114267140087,-8.684332649556492,-8.151362208199206,-9.6044313078774,-7.803683353953379,-7.176399278820669,-9.903379381715986,-4.865712111145714,-13.260643349859269,-9.99865053935343,-6.964308584520086,-13.101600142514679,-6.284412954541286,-11.517535080634705,-12.034273958172948,-10.263307295430193
-4.759680893542451,-1.0883591170384064,-3.6694425479790054,-1.5830134641015519,-9.830469255109586,-5.747546663331623,-7.331321776393434,-8.252399395342133,-14.993694084424881,-13.112920550632301,-8.298257559694823,-6.3444967261322684,-6.197293815994767,-6.607917776466388,-13.286079720602585,-10.593124617301585,-6.485210459865587,-17.519990270727654,-7.691457711852237,-20.65671781355301,-6.691508762511268,-10.665025859086622
-4.6862309805207545,-0.6722363734169733,-4.545716519195045,2.9112116976297595,-6.328000377676395,-5.287915800197238,5.72176580095997,-11.874909319608518,-10.691089412694419,-8.09212964779525,-7.549987419265834,-9.753864863321049,-12.799037989097611,-12.59736010365186,-9.60862942569613,-9.590589779957387,-8.960823505642086,-5.817337634721944,-14.068722522547144,-6.546623622410473,-12.920967545987098,-7.5186397923454225
-4.958487818558599,-0.7601276543512991,-4.238465825204115,2.862190616725506,-3.4797539478734016,-10.591188849674934,-13.382516523208638,-9.651302669563325,-11.74006431363271,-11.186472406383563,-7.566315211108819,-8.422651637595198,-8.91356426298909,-12.551415803499596,-9.36320745760164,-10.033255320691854,-8.051874253875885,-6.410429359021526,-17.072386972401578,-9.495480316055735,-24.63711268446566,-12.400142891487953
-4.559232543414745,-0.8689842710388875,-2.2010525945235875,-6.6479774049549505,3.555941320865902,-8.001731112215099,-6.788697185302921,-11.924808020066246,-8.847680732606252,-8.256510678458385,-8.887520163224675,-8.011542864717505,-10.041876117720006,-9.1152812178824,-9.712568796596674,-12.530544754070364,-9.991383137090205,-7.318169913381919,-6.442443759068663,-18.143868037133405,-9.373198587935386,-9.695881219812398
-4.894722754247656,-0.9677849246651039,-1.572345016944182,-4.339878913620383,-8.745607977237807,-8.913733073706965,-11.939861110717661,-8.571186797726943,-12.660911907176503,-8.631464380608547,-10.177240450201795,-6.016715062908521,-7.743188545918679,-13.352287243184605,-10.103617983826716,-13.762939121870023,-9.208644657346763,-10.03965282634513,-7.3344969600957075,-7.135499118848264,-16.627906645307423,-6.779227790711688
