script/wind10m.json
{"header": {"parameterCategory": 2, "parameterNumber": 2, "lo1": 3.000054539987559, "la1": 64.9999836372058, "dx": 0.5, "dy": 0.25, "nx": 34, "ny": 52, "refTime": "2025-06-03T18:00:00.000Z"}, "data":
[rows 0 to 23 of 52, columns 0 to 33 of 34]
-5.5907063070497305,-2.9026156743176608,-8.97143242116416,-9.36822590438024,-12.532365957438364,-12.131483504058654,-11.138243451208934,-10.389048713100554,-9.935960014513753,-10.38916703758433,-10.113763451655208,-9.654228665320584,-9.029509142240494,-8.326655951621664,-7.477127568474019,-7.237488452100739,-5.218747716338121,-6.159641023018649,-3.2816222179534593,-8.096525489520726,-3.787224086406202,-0.624652545614286,-2.834706472561634,-2.742463582937137,-0.8139112945408342,-0.6011223222746912,-0.5742511890715846,-0.05514925400665519,-0.008993193304195589,-0.042739621864855734,0.1946607321425313,0.8719822635586321,0.7718111022144416,0.9386293653916717
-5.990834638418897,-4.3648664274896385,-1.9753109454198934,-7.015063182417,-10.803963637483443,-10.694611692052295,-10.403328064813119,-9.599220849748226,-8.757658279466245,-9.096806906292901,-8.86247664964802,-8.112359858128242,-7.5688182857433235,-8.136033400907753,-7.704319825028259,-7.554256373456159,-6.650410181838738,-4.653769560897058,-5.066205343965872,-5.686878897467127,-5.065569658747996,-3.058114303771399,-1.2114509738010333,-3.829262564348885,-1.4284233997371172,-1.334296600490193,-0.6320672735634517,-0.8334398579050484,-0.044758128712687806,0.41887551933732464,0.5477356080925092,0.6143783811534257,0.7968553055395715,0.9190203682296179
-8.800601718768116,-4.935492343072294,-0.8967351350343346,1.3070707512091786,-8.073963915624143,-9.942841972098192,-9.563234755621162,-8.714263302457136,-7.93871899162305,-7.683525582256627,-7.1158315806312435,-6.719279098043018,-6.83747932629847,-6.798280151561668,-6.261696493500983,-5.679481858503883,-3.1645506898970313,-3.9686696935208494,-4.231081689098835,-4.115141550909884,-5.0309001693401605,-2.5225871296946676,-2.9218314132594645,-3.1035212842016944,-1.355319161931461,-1.207533333261174,-1.1376249596582468,-0.6106465256637214,-0.3438586819008885,0.2501799721970722,0.4634203675480376,0.7307173548087031,0.7893109229153952,1.1096017935032838
-6.798379995657304,-7.261363556512125,-0.5977939282908594,1.6360347054586801,5.720318124300358,-7.956625812950283,-8.338953509083149,-7.597112859290127,-7.012771045697131,-6.467448422321733,-5.519798564198771,-5.095038093041686,-4.9758635138823575,-5.208214672185133,-4.297465200062468,-3.6349974394057276,-2.844816192909446,-2.0784994667086654,-6.0668655835570595,-2.9092315667958775,-7.126319360462909,-3.606993209594511,-4.98299080621742,-2.1107238249371227,-1.8326337258181422,-1.9614184829620889,-1.3518100459265103,-0.6521676596544614,-0.5602524054959961,-0.11143126842587102,0.3681304089557456,0.20854675528077127,0.6451840618414559,0.9273932415558138
-5.796928452026314,-5.219871575581016,-4.586492019048593,-0.602868003347018,4.094100130944856,1.1436549835617054,-5.680505816326966,-6.265836629624602,-5.850378152767777,-5.213450936569811,-4.230668556756772,-4.187679900686077,-2.5717525814548514,-3.4313809392997516,-2.489090624421406,-2.0794030328280244,-2.123974487608168,-2.290037246478972,-2.222002343370748,-2.824172195783595,-7.04070621113694,-4.211945945308888,-2.2127226682091057,-2.541766446008196,-1.4050776454053302,-1.4953826147219462,-1.4528258569892365,-1.2291394038981478,-0.45387550942603994,-0.6596632825037303,-0.29737856060620527,0.4082047122470618,0.48631823915434425,0.3787031009155012
-5.78248975672707,-5.151189135455372,-4.221317155790794,-2.854903287538852,2.500088827521279,6.774093600086931,-3.9687267474247307,-3.961592301635979,-4.1931635403820895,-4.985516227927946,-3.6478682932726065,-2.5431084076902066,-3.4590167755124743,-4.707416985672114,-2.909061443139629,-1.293614371707348,-1.7680829705769594,-2.0625165152746745,-4.046409032269025,-3.650993732706394,-2.3455555004508035,-3.457009678509348,-1.9942354648454268,-1.9529981149589892,-1.7396308861795862,-1.6897892648187938,-1.494137811277172,-1.3787809296371276,-0.7644545146200245,-0.27856364901402275,-0.3559425767742973,-0.1427141731234507,0.5557110526654482,0.7845325691394158
-4.025925067707503,-4.123917329702995,-4.511649435383721,-2.1707260445185597,0.6888754440758743,5.412257423109518,8.327528886539364,-3.5100820907886523,-4.6904450735961,-3.7944352232814516,-2.835334820236251,-1.812702820151739,-1.440925494709205,-2.4408563067431692,-3.4945685301676837,-4.2897108344947785,-1.887089539972734,-2.4031784328545123,-4.582253632667275,-2.7461875715685764,-1.312649312900596,-1.6394159424280976,-2.3400409562917193,-1.8238416609176153,-1.5106971481990845,-1.789249867221816,-1.3755459701242874,-1.4918162818050955,-1.1778235975341633,-0.35232972577303695,0.19032445855902944,0.05422645838776891,0.79741451915845,0.09736158747961009
-3.912161623354048,-3.2762155672620694,-3.1143857622616764,-3.4784357963530925,2.292971071872116,2.712404584782377,6.059649780912506,0.39039158263594553,-3.00185411865824,-2.479039493961218,-3.8051105777773793,-2.412565029424427,-0.5413211406581488,-0.24018914920708787,-0.7724863968983254,-0.9823976224232253,-0.9724030587021498,-1.014965729825011,-1.9931529657659401,-3.7413537895524462,-2.3739918033849947,-1.321378655689622,-1.5028305906804602,-2.298380866334175,-1.323034650882465,-1.5947358742743218,-2.0390261676637427,-1.1602497987014104,-0.541465059868724,-1.2214069649328005,-0.11271436253045683,0.1655359842065359,1.4221488955365202,4.695665964254995
-4.870621668812865,-3.271061118327272,-3.1196389643692783,-4.152013024554388,0.8321156461590735,1.5117012862513923,4.753233381663378,8.206470855537521,-1.251494009266127,-1.1801152054783859,-0.9366047377400692,-1.4174582144758086,-0.5633378967272624,-3.1422952213754454,0.2992556839100361,-2.2115031393136566,-0.838435037005072,-0.8630584195243479,-1.7423999210575132,-2.227201891238043,-1.8005406097739165,-0.9008564479892989,-1.0216237385185287,-1.3959293615659503,-1.6992818499060651,-1.6377971493784393,-1.510805506404415,-1.5438079173662518,-1.1993972738397312,-0.5655393319253692,-0.4796962436753194,0.636791554827033,3.2455814329168184,3.794724136448366
-4.307779318175235,-4.12427455835583,-3.8000171203784565,-2.3483161208520134,-0.18182985019744125,0.49767278181533514,3.7658941384389655,2.262855326590877,-1.3068642878449959,0.5981270360171717,-1.0314866474526097,-0.26573403358949443,-3.9405849365063172,0.6117409822188847,0.2426335310361675,0.15561018909878083,-1.2510463416890778,-2.084882272957619,-0.5941264983249317,-0.08282097285601236,-0.10477351732570739,-0.9648869987526609,-1.1934570938493643,-0.6401172118007988,-1.4663204736137891,-0.7004507396838623,-1.143093909125458,-1.6955248870837965,-1.9852416571301752,-1.4163214961183366,0.839066944653185,2.0741016235883882,1.78685798320411,2.4926878619981476
-3.7453824976818146,-1.9144270235140652,-3.442768704142668,-3.4479140840053826,-2.2517613866056636,-1.1358732482723153,1.3213602561026787,1.3632056695444468,0.26507398255285436,-2.0795660610548277,-0.40219738137281785,-2.495298394817391,-1.2181104307891193,-0.7032733016134428,-1.3442443413910592,-2.6771433362924633,-0.062233637129985364,-0.913650512906004,0.35302823146343576,0.34144428321653025,0.1840535712981405,-0.8275933407395927,-0.03227637127594932,-1.5470075891737833,-0.7954148859784154,-1.0238640632633642,-1.4608253577454036,-1.8224932502725062,-1.8160780182041878,-2.3240053881053275,1.829190735578818,0.970276697375314,0.15649861454214942,1.1717459899497018
-2.563913273115869,-2.906941835035313,-2.62137338146756,-2.1208552150190534,-3.0019894341104365,-1.346117216397758,-0.5894412371371526,-0.7469672883263954,0.4269245300044183,-4.3748677736875194,-0.5418067782707672,-0.8024107420299074,-1.021070856928993,-1.1012110470115772,-0.7546189320106215,-0.21714798708546756,-0.8337791701830128,0.2164426291235473,1.6503334795206592,0.7543867386644343,0.9086018338141081,0.29356013466210273,-0.3226937943137619,-0.0013691236145182142,-0.5607752963888486,-1.5394008298521606,-1.551256548464637,-1.3984193811689947,-0.4030068275351311,-0.8902477781533973,1.2602512361353007,-1.3268051915068761,-0.9150508689448748,-0.15842995407143687
-1.1946108714596129,-2.1277484654394034,-1.9232326749036688,-3.9741207059658166,-0.9084047969678144,-1.55546211162522,-1.8508673002793357,0.18796079095861137,-3.5955732602725394,-1.976424864701491,-3.145112274826295,-4.482815270379132,-0.9292946983541948,1.5471181966350225,-2.5728532322703326,0.11855966199947618,-0.5257457997517148,-0.12923553170923427,0.7748083987318581,1.0175664610130968,1.185645533322102,1.9358667016575368,0.6163665032113148,0.3843308802571575,0.01655587559694807,-1.6788791818191802,-1.9862034924726781,-2.149358512407299,-1.4512942237966784,-1.1334476371539768,0.5018893574481408,-1.0662926018912788,-2.140662232537777,-1.2746861859228562
0.05109609263714144,-1.404496080220349,-2.295709579979646,-3.927519319152539,-1.7853669384465363,-4.625465544476059,-2.558471210773269,-0.5675113049629271,-7.259318527760491,-0.30315288580657296,0.7016181911784098,-0.7900851987484043,-1.4469480019958447,-2.7008992993389964,-1.2135732297517452,-0.2850996458224649,-0.5538920170421728,0.6781755926481827,1.3412423026650107,0.7860079350894008,0.5639260694519808,2.4909178517645483,1.0791457871299235,0.7445138833475327,0.33633137151053366,0.1471716359048869,-1.8107199465823154,-1.06193321979125,-1.1701445592891675,-1.2187114086733073,-0.058838767030504065,-2.3355453957129173,-1.9201407871538465,-2.3182028150342857
-0.1307977479012586,-0.8126322263504406,-1.9727585747539502,-3.3054464419165903,-2.5870748939742256,-2.874493783269329,-0.30306115123592803,-6.901662354257871,-2.6804529825813135,2.3642588320121143,-0.02642098664138519,-0.2608655335966994,-0.1555360120704764,-0.9372092579232626,-1.1668002560457513,1.7932148919502884,-0.9051363001800042,-0.43593525510286807,0.8568776961111243,0.7083703346665647,1.2579379286919787,1.284107060200557,1.3352392848446333,1.3069917720016908,1.2526786405154628,0.26971705680284297,-2.167841459589019,-1.9592244733277804,-0.7666382164480153,-2.5015966300717314,-2.4311001610497263,-2.7356539746797375,-2.478164296999776,-2.1897818004579004
0.1464691164296711,-0.6610420248720772,-1.6379582271379582,-2.1103500923662826,-1.9404898310705567,-2.907729277846776,-2.962527556314422,-0.546180794556746,-0.8335385075235318,-0.9162386655924417,-2.3106873978222304,-0.15785661691939362,-1.3692148638863333,-1.103707894387469,-1.8881871767969292,0.428271560647037,1.210169378291781,0.22955601909039347,0.8365692257605871,0.8849761363175662,2.4655880380941553,1.8251884607135604,1.6295754144823225,1.7133652193667783,1.0665289059217193,0.6435861187751049,0.565490059484726,-1.3663566117440404,-1.331181969817309,-4.466574844261301,-3.739403334959954,-2.736020245734891,-2.710854172947982,-2.642029021171439
1.0843884543002509,-1.3319886647501626,-1.9250472594087147,-2.1862234133781757,-1.8142514702628962,-1.5907466855696908,-1.2902553296579578,-1.3521067292551603,-3.015319564226254,-3.717004377227254,-3.4788497639348677,-1.3086798648579878,-0.5413379490424443,-1.7251922674832034,-1.3865985682254744,-2.599957784775592,-0.07403560882168787,0.0439441604850311,0.6550450212929969,1.752919422014962,2.152891889367249,2.486958321497202,1.6077908735372957,1.1176329750820078,1.5152183301482411,0.6728634922501682,0.6502379401070116,-0.3650883834501598,-1.1409395296543552,-5.275858236461695,-4.136634096403961,-3.48169716893152,-2.938262547570479,-2.7538408668203425
-0.028284363111601867,-1.3273761170313783,-2.144623817921038,-2.133407702156476,-2.2151412159897617,-2.1505698238657787,-3.118660933964208,0.10121461158963052,-3.305436543432875,-4.729610727361598,-1.8287932423011908,-0.12164684575434964,-0.05602454796585681,-0.993783157139922,-0.4725205333633134,-0.05779926938427114,-2.748920524670152,-0.04933627193738017,0.5148435759342409,1.4005440809177623,1.5062168458440077,1.8281230227333698,2.4060098670813335,2.5087441924630824,1.4593508173944347,0.47950037693698017,0.8784633760407639,0.8701384347297821,0.6481813775024816,-4.355434020050369,-4.501045670303068,-3.2773206620366127,-3.433917665748781,-3.284684166534761
0.7826351795537155,-1.0411219693491522,-1.882294286362104,-1.9618541907849845,-0.9556286765092826,-2.0075862350663134,-2.286647255094256,-1.092924072420301,-7.839414238428813,-1.110585352076985,-1.128231436596659,-1.6597723816445058,-1.0114183050940133,0.30204521415212005,-1.7380987840423112,0.00763680979394713,-0.9625469061880524,0.14446212640777684,-0.6192488168523985,0.6976553443565384,1.0306778556302738,2.9054330517281484,2.107987187704907,1.6566751592316171,1.1303786002434213,1.7695737911636038,1.0987226413861892,1.257207820999196,1.425999788721859,1.1226817874491632,-1.586305211895725,-2.684045455780152,-2.360236839979733,-5.4754028838972975
1.6023180123403218,-0.6943161568246854,-1.0154121004856338,-1.912926541472834,-0.18745152221347822,-1.5288751802042433,1.5393698901186719,-2.897328775685268,-4.628476200613164,-3.696973146842755,-3.588423295855071,-2.446585576206718,-0.7149612229361071,-0.8604589645031043,-1.061730456812118,-1.365183222336116,-0.4553184725826601,0.5805507672553923,-0.2218672044114086,0.2857663940378723,1.8709566021010906,1.717927166319377,1.267764044091078,1.3491150924901831,1.6502989123991563,1.4169371635582804,1.42903537228529,1.2458537254258526,0.9893905946948462,1.542149176533805,1.4797788904000213,-0.7887161023030426,-3.5200369016352817,-0.7979890622099632
1.080144459951749,-0.660802276014294,-1.0241704114628347,-1.8292117387156548,-0.0717648176109129,-1.659486410983893,-3.5559199134713637,-0.012280029087363423,-5.075971538348443,-2.6088496802805725,-1.7679961858199875,-1.8025947903987662,-0.5528128236729033,-1.0668714821906928,-0.5173075264149867,0.27559410356009845,-0.5748409934914872,0.3121824478410652,-0.010691306328536774,0.5890587162267416,0.8276619843999095,-0.17397448114782302,1.036955565102112,1.1216080812953786,1.6247119413086066,1.9825616168131137,1.8220666013179438,1.3040761954638287,1.4562977246958708,2.04138699642539,2.517962477670746,1.3848753905862252,-0.40466622120302137,0.26512650878931865
1.5478129422113975,-0.40299979791078083,-1.0559562128721103,-1.2134202466489736,-0.5289566334638283,0.44920880982548084,-2.327517205033313,-3.5892175182341353,-4.363209076153996,-2.259278744581887,-1.4524346589242667,-2.522901717827068,-1.3333259152702472,-1.2241527682681026,-1.8928397577668128,-0.06394951480386607,-1.3425415812922337,-0.24361387365129808,0.14631844262640295,0.35530081691897,1.422509757548124,0.3226215300263,1.239326586812578,1.6163197277902541,1.7346045853319625,1.9938355342734382,1.689146715388108,2.2854404264184773,1.8566155548404673,2.2604712539184484,2.324302913472626,1.8635456208933319,0.7952168129635385,2.6217947626414375
2.189102285664891,0.0035730277164781753,-1.2158645879757077,-0.482761454753162,-0.743968224512939,0.9151142429633041,-0.7908644105839315,-1.0606343795806066,-4.043855310043079,-4.652208613487145,-0.9177151115033004,-1.5155436069457568,-1.3822955639673788,-0.5691498094268623,-0.20175390385616296,-0.6044245936616672,-0.3709539999175113,-0.10323078490535263,0.00245719268581588,0.39064304131864364,1.033791432936719,1.1192471740151233,1.6495111430087719,1.755873405712534,1.9423197464639608,2.278586484416946,2.1635923019516663,2.805792534955738,2.208192127515477,2.663721247213665,2.5671452445428202,2.297148584409002,3.870964684834855,5.131284992051366
2.219583338566239,0.3861750586527685,-0.6367883367294964,-0.552454662051682,-0.6583142769203212,0.776276052144114,0.37942021122774316,-2.7653595203257875,-2.7365522016062753,-2.271552106751126,-0.0407540870204303,0.48906770604541105,-1.0989311331755542,-0.7973936694176758,-0.30913737069076386,-1.6489825940656853,0.2669275014199042,0.06629127765169822,-0.12136450501110252,0.4484371377959554,0.5643400642437242,3.1663129018506297,2.7360444043319068,1.4787209494952693,2.7837685145157547,1.9310244810890949,4.181483093517697,1.1767471508825331,1.684507358000229,1.998306962139909,1.4014210484880132,1.9115770476102503,5.382316750065948,5.154590930685836
