script/wind10m.json
{"header": {"parameterCategory": 2, "parameterNumber": 2, "lo1": 6.000027932988019, "la1": 58.9999434238085, "dx": 0.5, "dy": 0.25, "nx": 22, "ny": 24, "refTime": "2024-05-18T08:00:00.000Z"}, "data":
[rows 0 to 23 of 24, columns 0 to 21 of 22]
1.9819310857638366,-3.981083380362079,-2.821661848960772,-0.49769828972252544,-0.417870267202608,1.428618615664127,-1.1662210309346037,-1.7051903365187489,-1.6633422239874565,-1.5731179873962298,0.5103623601574598,-1.04170824080089,-0.9093003273064829,-0.7914626341061467,0.5881815364248015,-2.64177252674537,-0.9061450506156099,-0.8875020044960138,-1.377251295961199,-1.1925701042565724,-1.1521323761778672,-1.1831138377160066
-1.6723379806478922,-2.5322482478451547,-2.2327247510077375,0.1139038314906921,-1.948768633322577,-0.9920658327484926,-1.5801750355441049,-3.032114975122318,-1.9288626227776873,-1.7733134115285065,0.22804384872771097,-1.5345781989665794,-1.6311999437353857,-1.6146244228247233,-4.420282956659306,-3.0318590822573754,-1.3134529149273524,-1.9348987569162694,-2.1498008675184948,-1.8263169321407702,-1.6901941435084236,-1.6158439990980917
-0.40465308375960096,-0.7619515945809444,-1.7153502033027122,-2.268072891021268,-2.1379606842254266,-1.7902887742006077,-3.7856044964998277,-2.1765908104976948,-2.2144573210118703,-1.9755609085545713,-0.881778655475143,-2.1145202651355866,-1.7429044415877326,-3.2468588270032424,-1.8597582207420793,-2.0579193153372835,-2.0140054472415096,-2.282381729855097,-3.3130642303835227,-2.7455027559851124,-2.362670733253018,-2.8032779322866075
0.08525896423799435,-0.6791825661545747,-1.8331216052938686,-1.6864493597642227,-1.8349859619428335,-3.657694689196743,-2.6336634002699117,-2.527984361666547,-2.439556616247318,-2.5006114767520393,-2.4948804014351054,-2.5669564896767936,-1.5981709947554488,-1.4120991185436969,-1.9528673262788807,-2.384939707295209,-1.7998500663515566,-0.4304582207067949,-1.549749596581111,-1.6627133882570972,-1.8407634890198594,-2.0073513167637427
-2.1328122414281703,-1.9686942188419638,-2.294517583012479,-1.8202467695515192,-5.043009431653147,-3.5201880231720986,-2.9694115770602334,-2.5982803276294772,-2.6371280008138394,-3.407459820688378,-2.303450291131778,-3.073103269595712,-1.664228871033312,-1.597098632718849,-1.8177518800159091,-1.929809708059598,-1.5139981637052562,-1.566097999769594,-1.4189620830792613,-1.4442766639980553,-1.7494918681518674,-1.790322445822712
-3.9083939151409504,-2.5988609777700176,-2.7719943608184523,-3.553853108812406,-3.640808568892123,-3.851672049821112,-3.152197598890639,-3.42859450324509,-3.6362649234420013,-3.700636029546034,-4.21578957997217,-3.068243055141304,-2.5195131250679266,-1.8025096370245592,-1.6621679242742824,-1.713040261844797,-1.3420699515813903,-1.259331748721066,-1.39661929546247,-1.4073056352039057,-1.522294013513855,-1.6053689738641643
-4.290135479135684,-4.44536756334935,-4.031302566521153,-4.072536193205668,-4.372335940892409,-4.409749103558923,-4.778943995653521,-3.3686702346902555,-2.789894519038062,-3.976865733248955,-3.9502797134412515,-1.2061473746832836,-2.3310310242844112,-1.8064401960206593,-1.5515234342950377,-1.3743682468046565,-1.7044661749916492,-1.8246467786247136,-1.6689373209292278,-1.4415792587669063,-1.493456420211246,-1.518599976398253
-5.232369508920307,-4.765549964463472,-5.399447966534401,-4.940485434970858,-5.031212771142495,-4.659537553279911,-4.174361703716548,-3.1017374204042465,-3.0048776285514864,-2.6546730170554276,-2.54830188858939,-2.8149890535126216,-3.994249638551094,-1.9624441926455856,-1.7137523577240183,-1.9083993021802808,-1.9577447326362265,-1.912277053512643,-1.9855191379674428,-1.3776095134136501,-1.6358050740769228,-2.23415462420925
-4.102497061688443,-5.081838394509613,-4.763027626764775,-4.26728944482885,-4.58862737127535,-2.331651953658253,-4.3810560044939475,-3.6063581441989414,-2.942904159456396,-3.7811280708422754,-4.880351140230661,-3.9340645197049366,-3.842526655779924,-2.4646869657892214,-1.7576006560067958,-1.9769734900584317,-2.5095676682464343,-2.330591495870765,-2.1347209182283864,-1.8571126118348018,-1.6614253522372167,-2.147359599245576
-4.293632641719686,-3.980447920166444,-4.752347953435719,-4.781355808268869,-3.5922330272629375,-3.3068086832779335,-3.378084252907905,-3.0222105464240925,-3.1295292349888792,-3.7825234716265896,-4.290033465621383,-4.9422455497634585,-4.377241441252969,-3.1216298837560856,-2.0472039500218764,-2.075317169097457,-2.569141996786245,-2.791908836360904,-2.517122425263173,-2.1043747878045806,-1.5787487287193689,0.20429319424726644
-5.282471703262904,-4.875179932826311,-5.101606426349362,-6.041746627440016,-5.147317989188783,-3.301510803232423,-2.889083426285195,-2.9152322062728278,-2.9450454236244905,-2.052888489853656,-3.893072334635962,-5.207132823137292,-7.024233018834869,-5.621587217715151,-3.1227159606620387,-1.7684076574129892,-2.312319733016546,-2.300790584833971,-2.386890422455181,-1.9584802895572033,-1.6512545763714273,-2.713151315535383
-4.951073757822718,-5.8775226931575135,-4.890377739616577,-5.67822590052625,-5.104280633931259,-2.8454530887541254,-3.4574138525179037,-2.770722687761075,-2.167247994605108,-2.8754927094589635,-5.005365433423567,-5.125225208666444,-3.3492996004126927,-3.7319669316477118,-2.1133827725151924,-1.9485158175144461,-1.8237151700102106,-1.9311034106953084,-1.883572144447297,-2.0660194233947125,-1.8719139327508714,-3.612408870991747
-5.837025009201998,-6.0024487630957815,-6.081019223734688,-3.975440664028962,-4.966973770418103,-3.3802654428892103,-2.7321434511607476,-2.3955638254658473,-3.145567610618193,-4.838087889563576,-4.248263718781426,-2.1345782733743404,-2.3792332838319568,-2.3859283500803645,-2.6397182338244973,-2.496325813208029,-1.5936919282127608,-4.585538446563463,-4.874974291201114,-5.837038124668709,-3.7605628543205523,-5.123646719238761
-5.714744936798692,-5.413462101458022,-6.3662671089914795,-5.976987791322011,-4.054411962111205,-3.4536771800385333,-2.9996582067540167,-2.3174526849125088,-3.449272384651716,-3.19082456758821,-4.035096805147889,-3.0588155397017176,-2.986265873093767,-2.9642437327670046,-3.579682278930764,-3.6322626603281933,-2.431366933276676,-6.024680611061474,-6.036733586218638,-4.435018340958088,-5.082896464500931,-5.074474179741035
-5.3724687730792,-5.683549464459029,-5.272927614353251,-4.01340780537721,-5.080500433086753,-3.3191560281398638,-3.1968796928333347,-3.286500100296965,-2.333536021067774,-2.065213346723714,-3.6167797242381123,-2.9586397208875495,-3.560421806000174,-4.4826331374067285,-3.2925824554091836,-3.3757713769698663,-3.888231993931079,-5.38634381540116,-4.672153878327736,-5.923372622766393,-6.069332395813036,-5.7593098181150415
-5.179782502031336,-5.2783257974504485,-5.143600689423189,-6.759663081205675,-5.785646398631769,-4.7064429026212435,-3.2432528128633864,-2.3367512345445287,-3.829924617104249,-3.4163445780130806,-3.306460126573019,-3.5505009368498333,-2.9728055034382583,-6.490237765409638,-6.56895791332078,-5.90720699337433,-6.714657867081654,-5.650986160247958,-2.187968797198536,-6.0473820010321395,-6.014372967073047,-6.521028762787341
-5.743373282257214,-4.491887210770621,-5.389187535919378,-6.224290335084457,-5.403045875123176,-4.670888325911012,-3.2585352071909863,-1.737496939388058,-0.9302998391009665,-4.594899481320125,-6.884263619552868,-6.009361759168971,-3.4603772795384136,-5.3213477590001075,-7.443102017347411,-6.404570233390246,-4.377298306299484,-5.522084095891686,-3.8630054294705105,-6.238677052849397,-6.319428468220011,-6.516928165296072
-5.2584046660330825,-4.406738928007237,-5.318816875966462,-5.248661386787512,-5.688678010421624,-4.833305449821084,-2.7459009081898818,-3.790273253771095,-3.9433176430600674,-3.7953078829821356,-4.241918639000107,-4.247463616155187,-4.955888754870454,-7.483192401117793,-6.839437797426097,-4.128729212446874,-6.371181782343404,-5.56752252183833,-5.8992287647331185,-6.295654424215628,-6.319108388100064,-5.989133882933898
-4.127916945817233,-5.013982342949797,-4.913029170556145,-5.718997337151509,-5.762760337840089,-5.01263840809273,-3.7255520181820696,-3.9281000344510595,-5.2733726067650135,-6.559020976304714,-4.76268517526157,-6.349653127743765,-5.880633769908263,-6.48558003434998,-4.945602118936983,-3.8988677471351516,-6.113348982289954,-6.428845769084702,-6.4521891561970435,-6.0175862420911495,-5.165281099276508,-3.4951365395475364
-3.995590871708838,-4.586364305426719,-4.614728440861784,-4.784488816909278,-4.788629806526961,-3.33321920532948,-3.9992550904616766,-3.094561480307288,-2.5694731978471044,-2.924855789889644,-3.3462279804378645,-4.80635757943821,-3.1235952034537084,-3.0436659038639395,-3.0368854842280935,-6.634433594801784,-6.124811404261485,-5.68560376383672,-5.339485143270741,-5.341915156755272,-3.2981114417922903,-3.398974401274431
-5.549180743042828,-3.4475129837549883,-4.456015005292062,-4.145318153815805,-4.275619928433514,-4.467835173320279,-3.5653986688352677,-2.8442355539526543,-2.375496360624308,-2.9274358841563406,-3.2668385308930774,-2.94341247195026,-2.3165635880530413,-2.548270985526737,-2.7331272130714677,-3.2655752873742783,-2.750815895287669,-3.684245345264224,-2.735592183088144,-3.672146283913514,-3.3746871103411125,-2.4077788071501574
-4.810643172065023,-4.611778972721641,-3.266875614948614,-2.7493472430311656,-2.4050773247407258,-1.7621822409262846,-2.833253745190246,-2.2657434816516764,-2.7625903033598838,-3.2003602464233785,-3.749822006151868,-3.2888751972856825,-2.5266652735071955,-1.984676707228603,-3.3788020220578265,-2.881138848094918,-4.710239668703246,-5.38550223357431,-3.569096944781844,-3.2205508721234173,-3.858435130760934,-2.94161156645349
-4.07606207849245,-3.0116176764392533,-0.6798541195023592,-1.012152532913397,-1.9683617373903957,-1.358199765676675,-1.636972640721991,-1.7713639438074498,-2.7875592209354485,-3.395410313854267,-3.8179713043678523,-3.1837554423232435,-3.484502881687193,-2.724247488333047,-3.596625689687652,-4.153006842340601,-3.0793999318760634,-2.2547115333712524,-3.978898554911145,-3.2138334880016934,-2.911619680464768,-3.1524236072017877
-0.8453867419948202,-1.0673061211551946,-1.724510805621332,-0.2867800572580151,-0.7106275979967117,-1.4348082101700554,-2.3104192057279533,-2.6062463311881796,-2.102804175017752,-2.3443434794160973,-2.45821335289497,-2.939504501528499,-3.39685058241125,-2.3348272732198923,-3.0438491180928096,-3.2480442767208055,-4.23278274286181,-3.1327782957269155,-3.774708397701094,-3.2204376170442304,-2.7523467944456788,-3.9208511576431033
