script/wind250m.json
{"header": {"parameterCategory": 2, "parameterNumber": 3, "lo1": 3.000054539987559, "la1": 64.9999836372058, "dx": 0.5, "dy": 0.25, "nx": 34, "ny": 52, "refTime": "2025-12-28T09:00:00.000Z"}, "data":
[rows 0 to 23 of 52, columns 0 to 33 of 34]
-4.132732008305173,-4.362581948159867,-4.676326325972672,-4.039529228850794,-3.525346793751095,-4.044449855435757,-4.29939139675556,-4.2107764220851225,-4.157749381039353,-4.910561278189906,-4.629928088031885,-3.0497868614898636,-3.5522633830881056,-3.3886161364096115,-3.2606244593285294,-1.29127462547341,-1.2241010043502922,-1.3823607787122978,-2.9213979040769056,-2.917314218686445,-4.899178939734433,-3.0726316871672408,-5.383238173511159,-4.660088241783109,-5.326084121283108,-2.250951123784606,-1.5125626287081424,3.2469695188511682,3.9133602794994693,3.530388714479257,1.6811155884497206,0.5497975126815106,-0.2573827158557777,-0.06419746697419004
-3.9707072511011177,-3.346545342366219,-3.192650506569161,-3.5740389420981242,-3.8707832490372684,-3.4481138382853196,-2.2727336016123,-2.423162784966447,-3.8734130221430254,-3.6893609183489087,-3.3738783730134547,-3.427213657997608,-3.5107110716694163,-1.173519858663446,-1.4340184903406874,-1.6774324580982625,-1.8347466241148307,-1.5892327577526748,-1.7515390559043449,-4.203835269099997,-1.2730886796563272,-2.534205070880161,-4.034271536079635,-6.542739263197438,-4.389637019426837,-1.6567756372142346,3.7848323405101207,2.1367823171629174,4.74829252989986,3.210564525326437,1.654422416740757,0.3528795657722991,-1.5189310580218687,-1.8421088347192243
-2.2030356043758377,-2.3780037033386594,-2.22168146102117,-2.2300727139805057,-2.625187340707438,-2.757947776277568,-3.4374280449646473,-3.2705257475815253,-2.1293660055535564,-2.2440386694251617,-2.3505911870575105,-3.4877796750465464,-1.4765873667516565,-1.5534066699681846,-0.9879009734985152,-1.743003042034904,-1.8979128760916415,-2.5752973210160315,-2.058041672584647,-3.967130439425105,-2.948850685867839,-4.27232981245275,-3.39526785266376,-6.136304644459302,-5.052169674813567,-1.0014916832994833,6.044699127291273,6.573418223388764,5.81529688002686,3.2269989816329447,0.5523702210828688,-1.8197700830922574,-1.526921789993894,-1.2919914474191307
-1.8848601648820353,-2.2631119523497185,-2.5845024233035407,-2.7601775268409305,-3.0788058147720134,-3.760553185945684,-4.45656085882494,-5.609209007683,-3.6424553298559292,-2.7499139319163586,-2.349200249663559,-1.6106570218761314,-2.5312037818185913,-1.649838100107456,-3.0190018176229003,-3.5910283256334363,-4.976870271774381,-3.819368161419566,-5.431000483657651,0.5821707048200917,-0.8543494739725033,-3.004385467856342,-5.681414814634786,-3.621422220452593,-5.306024407389173,0.5397289971978919,4.952779448076994,7.696202753958707,4.729700230650416,1.6643891416094134,-1.0451354569416702,-1.0386115478915046,-3.077898199167364,-2.133161848242877
-3.1988468899881277,-3.1186478059190392,-2.6659127862953036,-2.529506627367287,-2.660875942328057,-2.840176176699788,-3.0309382680510453,-3.0303707555284713,-3.285591770582093,-3.1651000687990796,-3.1372367172522475,-3.2277355740428195,-3.2536407760262964,-3.719775836173399,-3.779378537369431,-4.345074916436162,-5.096390753954516,-2.9503581547050515,-0.6581893303768884,-1.9703971769033584,-0.40304723204305626,-4.751264405529737,-4.853928078282958,-6.931435077547708,-5.589324605182466,8.165219471007806,8.56788300061935,5.612691028172876,3.0647499036601653,2.016148960155964,-1.4123589010179274,-3.0839809781103904,-3.5185828559800676,0.14226788210838054
-3.883118962100657,-4.084449448244908,-4.106650182130093,-3.8953189278917724,-3.6159481410774337,-3.519720372651269,-3.1585368146670456,-2.592788941053754,-2.2303133797680847,-2.294163297446879,-2.396210950132625,-2.2236354427842553,-1.286877573253896,-2.2598217092925337,-3.0273248310251586,-2.128382147219305,-1.1975992872498518,1.7875191207245549,0.9378430994365745,-0.27614360265138027,-0.5139462432568611,-4.990350516761986,-5.936386617092785,-6.869014408498556,3.337630918454218,8.861453711166837,7.394045031973031,5.620707423459426,2.5903071790519294,-0.08760442244615421,-1.4752336773811374,-3.9925961058133472,-2.527892036412113,0.8643895608664967
-4.977614153677473,-4.557147777503752,-3.707186138943572,-3.283944837932616,-2.83361097183672,-2.7759330187705613,-2.349852856564383,-1.9363398199153234,-1.532349408849357,-1.0021972109368664,0.017462499933265884,0.06254450757257696,0.43955095642455655,-0.44169696129501396,-1.403070837949225,1.3125884592531833,3.0472780694805857,5.638983773050905,1.7621400622102936,-0.8358774889212045,-2.255568737151636,-5.260827937230653,-7.096792856519365,-3.076409061121657,8.177234954754855,9.880574515504186,7.4171405885770625,2.6729125279962056,0.7337499320736683,-3.807477838108314,-5.3290814991540465,-5.519637236372081,0.9722357531757662,1.0645933984630667
-5.146430563807842,-5.242682151294345,-4.211004924691031,-3.712225296048803,-2.6598623746408823,-1.9770269464134973,-1.314212095529179,-0.8822967668364539,0.5486969349113484,-0.00930901962310441,-0.041576291877730306,1.7298406036541651,4.388804433914392,1.4376164248815433,2.100130697581157,2.9969368978004294,1.5328867278114195,2.20736905036453,1.0176022394512776,-1.7140603079503702,-5.3334132877805,-5.552481001489752,-5.742049726002127,4.688969148399556,8.732366503682318,7.724739080712569,4.275999607452876,1.7771350242854491,-1.5040598507599299,-2.282597034967867,-1.4088524248364493,-1.5794322958504927,4.557540517788829,2.890904047972191
-2.8836059663033673,-3.5235624755512216,-3.165226935306375,-2.013824679873294,-1.8786413871129504,0.1982100075533648,0.911608786628607,2.4461036576172916,2.170846765804565,6.566844039765537,8.360386669542795,6.696201798672042,8.134220980604551,1.4170817265179627,0.27780325262925964,-2.0328957626096846,0.2974452620791152,-0.3909830349416702,-4.862729648758628,-9.25950547258563,-11.789861245617018,-14.42299002241785,-10.574573143211277,3.9529773737774425,8.033842560320023,6.101068814868349,3.114712244571635,2.597919867011731,0.9071913245114834,-1.139957376041501,-5.753351031659879,-1.6442274435474946,1.950728530782932,1.0447922503799922
-3.6852096415932465,-4.580593029260167,-5.435348226281199,-3.4226020977197233,-2.8270205618986326,-0.7190057453307587,1.3147493638406909,7.25136717025948,6.632718150286952,7.484165586241144,4.191694656121234,2.896998255676257,-0.10400694257335048,-3.1996324174932047,-1.7631681542841633,-1.5642401376843624,-4.393539890374518,-10.876244735918407,-11.449582086802106,-15.792370961094678,-11.729384967952907,-4.0932913468165655,-0.2869186884258391,7.346536379042209,5.215501516032895,3.4903405235239,3.161656066591265,-0.8282791482772951,-1.578421592546883,-5.941644538718073,-3.1003717491357055,1.1705096967046646,0.18897286123482926,-1.283546543597222
-3.5313730645612345,-2.6063603860427547,-1.2881720341283687,-1.5751056709101494,0.17427482463752014,2.5497510217805828,6.402297415779446,9.00524179819667,9.002459764110332,10.758200039816817,0.8932890919387999,-1.2530415384371358,0.894016588461255,-4.169536337290644,-8.70064266401109,-11.331299545364578,-9.325955905828488,-4.436871585894712,-8.784020429162762,-11.265336160588243,-8.130866257000626,-0.3629729707890596,5.012511374821305,5.868785284824671,2.769310510495449,3.5658678832898962,0.801437687354287,-1.0906225038668795,-3.5757344169343246,-4.098017749711481,-0.9135435200757784,-2.0122246853833876,-1.4465092481168829,-2.837304550182395
-4.638393324420767,-4.699191441484334,-3.4998391296553053,-0.7939610300880912,2.3715951484697855,3.947443656841221,6.706443813463775,4.630092148973649,8.528966513334732,2.7376016726788657,-0.144920804419719,-5.616370973704011,-8.275051719221345,-15.957278532332532,-4.655493290971302,-5.4280891237053455,-6.251314504102537,-12.327996622397796,-10.643481193426762,-4.710678990048223,-3.0459035015510714,1.4505468654593696,2.528349122930436,3.542341068071701,1.732409516446198,0.1273670815391761,-1.8763304718026765,-3.961748640734838,-2.0688102580147807,-1.5979344602686538,-4.3332605915251445,-3.8325574973580405,-4.921783621760234,-5.216946307554268
-2.904726396224766,-2.1242314129174695,-1.3670561886678134,0.20520122488819312,1.8105182728722684,3.3921367464127323,3.699984399486126,3.155282052813456,1.5222119503204716,-0.6367573242427107,-6.918727203357953,-1.0507268395668854,-15.457832080391766,-6.977283518866044,-8.037040562031295,-9.570063916517245,-9.145005364766142,-9.671366510979553,-6.460690544055,0.09673919414072495,-1.7222668563061225,1.1104914266837684,3.4345573820328728,2.5346219788743953,0.09311352423716329,-2.52678412890436,-2.0770110858315816,-2.880167667413565,-0.19131256697812404,-2.9320264266965745,-3.613535105860921,-6.077345774359297,-6.744479900137781,-7.8605330673683875
-2.6791042489858805,-2.807819038556171,-2.120482480469359,-1.67420340334883,1.8649841211079192,0.3302271235481282,1.899863734216534,0.8152781769008025,-2.003406030794497,-3.4842019141528575,-12.076801562875996,5.18554542172683,-9.619364085661555,-4.9309677544495765,-12.229830429791255,-7.062081598090338,-12.589072404312626,-4.874963096312564,-4.417514900412421,-3.5525424124208054,-0.03223188997484591,0.7157532983739388,1.4104720475969617,0.02981783276529049,-3.0331789871355075,-2.633186715983397,-0.9835188950392905,0.8893212755914076,-4.224927496137975,-4.0402230231421346,-4.850754595285388,-5.574047362773361,-7.177465407488838,-7.0607752322142865
-3.5083759452804792,-3.0119691690962402,-2.34618143208334,-1.8402668294848876,-0.22968738648703885,-0.756908284125795,-0.1635056139396864,-5.298101174559169,-0.41255584494311154,1.8561053600475783,0.2146425838082444,-16.628334107511055,3.9629535472125172,-9.413972412007029,-10.12624269273975,-9.77241123732785,-9.351210474428187,-9.5195380518621,-1.215500624943329,-0.04937257166931241,-1.5608931299146493,-1.2561547130924595,-1.1913264502006906,-1.7193496063690792,-2.751259064703492,-2.171698029752998,-2.9654636872510225,-2.8851092930732767,-4.537113945668106,-5.174225083144752,-6.036978835134891,-5.505237621458873,-5.071164003558282,-8.521881404060347
-3.579484470885752,-3.9556267006123904,-3.2607859142243014,-2.6386396076719527,-1.0209645772153546,-0.8358831687126719,-7.2068598883789035,-3.183489612533227,-2.6641145646959408,-2.3523727240934473,-7.917263695661572,-12.055688010418045,-10.582819932303714,-10.872088153794211,-2.611299257808479,-11.047983340641508,-13.768391752463138,-2.0125964932287754,-2.3614094671838024,0.3391436093057312,-2.5195936311088003,-2.31109490478905,-1.4565198882677737,-4.715492310332244,-1.357341256194094,-2.545883806461949,-2.387529375034975,-4.271521514185859,-4.387408963112858,-6.643299439221557,-6.345563624211742,-6.91289065308421,-7.6614029855314,-9.763756933200165
-4.425246932323527,-4.261967431191421,-3.680631424072184,-3.1947455186572893,-1.771335555438557,-2.793556302563477,-9.361197997804531,-5.852095788319058,-4.869286501034347,-10.358064089112396,-12.36561708481243,-16.278262236146393,-3.370515419438217,-4.6901012068302785,-0.995560892192046,1.3190555540750513,-2.6093876172371275,-1.08852783164236,-0.358946161831354,-0.88146738342035,-2.8634990649397913,-4.047896284341222,-5.584008130011193,-4.93691286111186,-5.500571827819908,-3.42073805876209,-7.103859253695273,-7.207992637889528,-6.788067481172205,-8.106569553527216,-8.264194983456209,-8.65997682161163,-9.73315787893829,-10.09517979270149
-5.029523230769038,-4.74762599287057,-4.555230092846833,-3.8172451090008965,-3.1794659793240077,-5.274440634256712,-7.01505311896594,-5.612511873501791,-8.191080888791484,-13.545688567990863,-12.408344947369958,-12.757702791195745,-1.1180034560188936,-9.079396244844366,-9.199635013682181,-5.757497899220208,1.3086330517669247,1.5348599102502727,-0.41081777068996517,-3.044869050926673,-5.5065362276546805,-2.5279301263592804,-7.431866321587168,-9.459793215290208,-7.368166582833554,-9.389170780051447,-5.975745751349972,-7.401289809794367,-6.742217956150103,-7.236738358458645,-7.420489874641065,-9.49607588957632,-10.437672009482522,-10.592561743884367
-5.058357441861443,-4.887741987688244,-4.970261310386406,-5.172905551863477,-3.740222089876148,-4.618261166923064,-10.220456533678245,-5.0783529846382205,-8.900025727581944,-15.694517143436709,-3.2859580693069677,-4.574410725949172,-3.6907448934978473,-4.124736114020077,-3.5984162278931975,1.2059116364793194,0.43584980408269175,1.6144188158610493,2.89129633833236,-3.026475321731073,-4.142283989520806,-4.190513691498212,-6.848944494444389,-9.746477034466205,-4.404011448805173,-8.801203437081103,-7.866969792614324,-5.430513847418906,-6.942206111955766,-5.099865201424554,-5.673684943643218,-8.369492015025493,-10.610531148675815,-11.042356696439946
-6.288460616970575,-6.538290157296336,-6.27942166473671,-6.532904547296537,-6.3720544705727225,-8.859323378670375,1.0481920596996657,-11.078592244338045,-8.56608002418364,-6.649430785740594,-5.965398580752239,-10.897714288886473,-3.9208063051532362,-14.22154409690474,-4.737876075649637,-2.3845728766462875,1.586013056595022,6.232530689607209,3.2321150881541185,-0.7896214386965298,-4.864067205158138,-4.643176762437575,-10.20735815406354,-7.832688834725111,-5.616266359192715,-9.427035369512435,-6.73341638883918,-5.1927575379167585,-5.194548748055085,-4.977921662344696,-5.892826464507126,-6.567427010079367,-11.284386253126497,-12.865100384840298
-6.865011287405518,-7.112734907631958,-7.053845022089774,-7.211979528542885,-6.826268760685849,-10.495825722137498,-5.534997048312828,-7.984342100414877,-11.860467225837612,-10.155414131313638,-9.1749309993177,-10.213043618265308,-6.319023889915025,-4.396162188907477,2.2958960888407947,0.6451787567058092,5.60936556468253,4.186127019232374,2.321521985041367,-0.14162728669360938,-6.086826473735154,-5.19373847345097,-10.566161027817902,-8.72258996675989,-8.215699156225776,-10.158984083393381,-6.3859730582536685,-7.349272655142576,-6.830389564641063,-6.672584513578134,-7.090136626411323,-8.075977806879006,-8.413806468277206,-14.764651163329837
-6.7883527563960255,-6.826985290775874,-7.071747668753467,-7.907491785193835,-8.815390269448283,-7.0428568414889146,-7.599598182032265,-8.287647782927511,-6.589075362177359,-1.601918132216135,-11.621024773146605,-12.299745597467071,-7.595365437907792,-9.062338663593433,1.5847345404588948,1.9289346470127284,3.572189809106059,4.8060176212173955,2.3108767572095124,-2.180277688174862,-8.06443366503386,-6.294134846147207,-11.30819252735805,-8.700426580295556,-12.008766642571597,-9.659593072185483,-8.943484844551229,-8.69102527829426,-8.053506245988187,-8.182652826511966,-9.99637168800211,-8.792372526075205,-10.495471473962128,-15.336358431701756
-7.004852731271395,-7.6356380514403135,-8.563420019505083,-9.321282479256666,-9.52381500315812,-10.70469602475203,-11.012264590634855,-0.9274223734696221,-5.582681395275781,-6.107527877988864,-11.225361560770505,-12.34979617264397,-11.58820371819453,-2.621708650681521,-2.1324616146779185,2.757890010850011,5.098246218796273,5.136651726387897,1.9034787401536732,-2.6869269442083548,-4.652330027485085,-5.629444160648925,-6.655674127469724,-9.730232348770356,-8.4249439788495,-9.71105482694303,-7.920990535936501,-8.42480651772888,-9.28791839483923,-10.14263668486902,-10.4135739170243,-9.57296491141499,-10.83737280157418,-12.887964992371442
-7.704273020304142,-8.503080755800756,-9.359976225382445,-10.576676514207715,-11.270481062942851,-13.970443734323757,-9.570564213155608,-5.262244906707834,-8.791078384223178,-5.42139749560057,-3.82809508633544,-5.599932904847287,-5.941119749648951,2.6880968283054703,0.9629456373607128,4.461253695663927,6.444941790826586,4.415206935369316,0.021671110842890775,-3.823397264150559,-3.6460720745301214,-5.281790465570004,-5.635557076178447,-9.57722335746421,-6.3175928463256215,-8.41226060683809,-8.958257745808702,-9.553987771545646,-9.866233750563733,-10.855716834757832,-11.107970343687272,-10.455064152165855,-10.604441269995888,-12.740794557708613
