script/wind450m.json
{"header": {"parameterCategory": 2, "parameterNumber": 2, "lo1": 3.000054539987559, "la1": 64.9999836372058, "dx": 0.5, "dy": 0.25, "nx": 34, "ny": 52, "refTime": "2026-05-19T10:00:00.000Z"}, "data":
[rows 0 to 23 of 52, columns 0 to 33 of 34]
0.19294925684029096,2.1684455831797047,3.1115353043020133,2.969844568244625,4.841429263969972,5.829732979668165,7.385818825748891,7.586013358653528,6.438138069537918,1.016094106017081,-4.347404318164117,-4.345717427048647,-4.108482175238314,-4.891828920395517,-4.906784440972655,-5.330329515444926,-3.7478170443384506,-4.039097432474846,-5.411077601839863,-6.225691373849198,-6.19111707061995,-5.18945730448283,-6.489574705185983,-5.533639703340885,-5.636616904048242,-4.660577404923664,-3.4012468408614085,-4.013966002138216,-5.847374588460813,-4.877870072899186,-4.682831741683235,-5.212115110682975,-5.8908741133530915,-5.524426980011864
0.6088656096395989,0.7256904854058099,2.0770883422216335,3.5416721209920707,5.2725384640091715,6.1208627432035785,8.219267301823578,8.84977623784078,8.774099795745576,6.845338589664271,0.6014708116008932,-5.2474631858275185,-4.292518838919057,-6.260938800310904,-5.4208179814300195,-4.9432163349546485,-4.69706113150805,-4.2333240867505575,-4.627505639034533,-5.601576695889956,-5.839541354746252,-5.310189309592972,-4.664621625639943,-6.754763424733162,-5.097703247803224,-4.215808484334646,-3.2401403898234222,-4.246333975303331,-7.9045146592577336,-6.516202449195425,-5.238752083038584,-7.009701432952398,-5.880178068331604,-6.75489750047947
0.9711909881598302,1.3486074992982648,2.8490805574640197,4.9611124452782205,5.551745375150623,5.40847164188428,5.230635959085363,6.185575092574691,7.193383680719967,7.162510136488583,4.03153835302212,1.0828902668818927,-4.081869628864104,-2.538951038409219,-4.871586922577657,-5.406385668510064,-4.72964886153025,-3.7248233923506193,-3.632715066104065,-4.615779336772456,-4.964359287801247,-3.644666384053576,-4.993481040663537,-6.143198820152619,-4.936864603223082,-2.98221791252597,-4.2383585100228265,-6.474038397414237,-7.330863430685711,-7.66606564662976,-7.681057467071781,-6.212768123199852,-6.65434093176753,-7.69784834767693
0.241982828188759,2.1807801803912326,2.336207937776189,2.70005960589858,3.857065406940396,5.16243649799189,5.9124633152882025,5.952800490199126,5.759271656738573,5.714858343546695,6.221876838437478,2.067832008463134,2.316039403047782,-1.9569276261281483,-3.356234319648594,-5.723526781058626,-4.775956590215798,-3.924840413394304,-4.627042020363042,-4.159267786107623,-5.759178541984009,-4.977181445203615,-3.9705253997524297,-4.8392232290192565,-4.462802588875768,-3.826143184203928,-6.21133975653288,-7.010220820557561,-7.618180944046265,-6.574582755486984,-6.688933596150924,-6.685193488756184,-6.680683860397081,-7.468891913361706
-0.9644207698666767,3.022847112343132,0.27262543799175926,3.4743444354153916,4.393938324305194,3.425290642940671,4.063974041935495,4.957198104688436,7.749546848030504,5.3260828873527055,3.7691927140026857,3.264461414874738,2.0715945667307927,2.4710895471303234,-2.382594171366156,-3.7851132401828314,-4.480654623189663,-3.7753006922049956,-3.7057856547097576,-4.828451842895729,-3.981469280695202,-5.356636009808428,-4.780812370325192,-4.48238281730153,-3.9780210622238465,-3.62437181218499,-3.373830308317222,-4.938042593072178,-8.254440149456016,-7.31272247868721,-7.770592184469638,-8.539688085364553,-7.884338411133919,-8.575872309141864
-0.4810944997380432,1.6345740631313026,-0.16027491652609263,3.523331541739264,3.782425436177423,3.3502012261694087,4.909322312388997,6.413709245102613,6.644505585484026,4.995401558665427,3.43168189415167,3.174272933839963,3.13060620039158,1.2420030277647762,0.21661077492423117,-2.240310914400099,-1.514109865859709,-2.1665173850618085,-3.156286897989027,-3.4476906269978236,-4.123099376610845,-5.17918203143156,-4.521971201853458,-4.215310334910978,-3.42385256014725,-3.267363044087986,-3.3888163241875913,-4.441775431048012,-5.064222017135711,-7.59476859099834,-7.951911809443291,-8.28166330887219,-8.926289549661615,-9.717895212425024
-1.594100181874404,-2.7121954103679924,1.1976918767171958,2.852435987973759,3.8353252247083782,4.470254910135044,3.841375321560235,3.7201446563819838,2.4133509012478114,1.931608139554031,1.4830351469588068,1.8454445181546582,1.8117610237796158,1.0123418954401437,-0.3242001812769774,-0.16935705999446518,-0.5862235854070384,-2.1205816598668137,-3.625812432843819,-2.2114670820683893,-3.041198117286994,-4.918981024023433,-3.642438941995852,-3.40960223445729,-3.560826261394989,-3.3867496111386988,-2.687303616060952,-3.297792758022827,-4.708872295669921,-6.590784907833349,-7.889150357712301,-8.68680544920249,-8.950304844631601,-10.504855809907557
-0.43135659752077943,-0.9676092531751085,0.15346746707252365,2.6580538154243656,4.111376617114805,5.312931660991422,4.276407006551029,1.6583261783205652,-0.15939839045288834,-0.36216135501617625,-1.361985421411145,-0.13491952026792478,0.3342582423272437,-1.3347606478241028,-0.5031275718375545,1.13678187705314,0.18433715622722152,-1.0185027603322863,-1.0004229009729182,-2.027777501542484,-2.484419878873869,-4.349492130811997,-4.097235165256103,-2.5312074146239243,-2.4258182550081906,-2.276640334305911,-3.4077113773442544,-5.68487225402694,-3.2905163343027053,-5.76820341077653,-7.513971387896898,-7.3099295233592745,-9.243046781840825,-10.35585199529725
-0.47020823895284863,1.298752701674004,0.15266640648893084,2.8153788260721035,3.900142015231363,3.0604332124284377,2.806924679837917,1.7077861534829766,1.455403817687063,-0.8276654316592519,-0.43043351199529434,1.5770001888573908,1.7430643809351702,-0.32028299574142083,1.3787125941560077,0.47516551743969276,-1.1793999023383717,0.4401277014490144,-1.5656724452983326,-1.6693175139281984,-2.3399505046697984,-2.0691240926624035,-2.007837522609657,-1.9668435639131447,-1.9768717540116394,-2.553304445761866,-2.8533376000743647,-2.4821108151075526,-3.76369517798638,-2.388292104390856,-5.126131283444348,-5.625475465777906,-6.459626123000017,-7.9357634309796214
0.353710446901906,1.0983031939472054,1.8121421692229163,1.9026366114186055,3.4409433260618894,2.7844064882580453,0.12688004083708973,-0.9233662736354343,0.47014135270011226,1.8158807536820563,-0.7314694393172811,0.8970384796599442,1.727379838078433,2.2718285618535816,0.7123409378175032,1.610814932706876,0.6758376736762135,-0.27924899214005106,-0.5416136836454765,-0.8678968830554304,-1.4704369377097597,-2.2696147969302265,-2.2664244758683223,-2.5761934664313744,-1.6191394765534008,-2.537380601924616,-2.5110287427152813,-3.1368965461431904,-4.177845784601967,-5.0934870123018845,-4.7051495812660695,-3.076222141148671,-4.4839949411224485,-7.499224995615436
0.46195920395054907,0.1316580366801806,0.44509964805153523,0.3830202746645014,2.587757361170966,2.980929373790411,-0.36755999159037583,-2.5621093380313873,-1.3575730109229946,0.6575736332640423,4.025278908927069,-0.8921574377343912,3.0486335147345267,2.757605948204742,2.340266514972273,-0.2750500539553377,1.5025146239345715,-0.17299544576696677,-0.31797592963905563,-0.5060323016109419,-1.4513653519116037,-1.802210258660454,-1.5278775774339923,-1.9540048453641565,-0.8303767097029677,-1.614565750950631,-1.3833687743771363,-2.0403081606060938,-2.1846902619300064,-3.8679273806789856,-5.698291775061154,-2.7012860910592957,-3.5293306970121368,-5.443083637792752
0.476115635386571,0.7980426716127977,-0.31971137309919995,-0.11755185533049727,1.1786487365734697,1.2572814411350786,-2.057360573042994,-2.2282635330907263,-0.9691049738939427,-0.7581526764930956,-1.053801131265078,-0.11768471910090782,-0.03188804419510204,2.0825706337199277,1.165419198081785,0.4905294929608157,0.5003853168955619,0.05163101761206692,0.41245791620241645,-0.882465660422919,-1.0282038923049792,-1.5787634974668716,-1.4211230120704772,-1.4824742055349014,-0.5098487056585017,-0.9116114838023671,-1.6584974152922327,-1.919256610836642,-1.7634000102827365,-1.9029458533225834,-4.816572273740921,-4.116821134858068,-7.720490159016811,-6.580145233294126
-0.6804783964410073,0.18909481331591632,0.10831265256580569,0.3073574485153192,0.5504083230515207,-0.012655513582245134,-1.138485837185615,-1.057547871218086,-2.5367736674237653,-1.1271421892662563,-0.42552597255566266,-1.5423497714601884,-0.2835595881171502,2.806816331555303,-0.3060661062701091,1.0895917301705633,-0.22759414736205993,-0.20982426985603733,-0.22037156320193993,-0.7912871230679385,-0.9290838409762583,-0.9474423646628028,-1.6697474698761114,-1.0262925755835532,-0.6031019761081161,-0.6468836533237474,-1.1174116854045029,-1.6529656446810292,-2.415695836190112,-4.79183134866745,-4.975762497956123,-5.554455626491218,-8.643361323783257,-8.60685908562543
-2.0972119762008243,-1.1261681664314878,-1.4697011123268626,-0.05009613934913601,1.0360392697954823,-2.6764901412691904,1.258646660450306,-2.3856307436626945,-4.569526364468475,-0.28328527237407247,1.10960035192973,3.7864618251541025,-0.7562272038699485,-2.0787057011962897,0.8377903768107771,-0.02430900403916547,-0.2701084182511269,0.009701915993370051,-0.3398548195464522,-0.8844122060348892,-1.0136046883606602,-0.026876849784419784,-1.1948017534517605,-1.638129182223741,-0.5348151553888003,-1.1250972117931628,-0.04690996113445433,-0.9825242460098915,-2.2603260058108328,-5.633510072481,-5.358525114647309,-7.204192933078687,-8.770925176176581,-6.6473909676523615
-2.9549183756372366,-1.8035849174978256,-3.109922455282128,-0.34064588516398125,-0.16401631871018144,-1.9578526635870448,-3.4217463189884496,-3.931880897614185,-4.133065177456683,-0.7633589774042866,-3.092112282160069,0.5452363164118998,0.32832447769564266,0.07303418382395652,-0.1527085055643901,0.5927536643916721,-0.47216278794250355,-0.2578563346667815,0.1975679730024669,-0.6469277994068272,-1.0828550186490613,-0.3074191579760009,-1.2326167542646538,-1.4319349768767997,-0.3927507426298177,-0.3519028156096082,-1.136031507231267,-1.344420168051791,-0.88203876769952,-3.704191378904393,-4.262080802675155,-5.730652769067872,-6.303604749056878,-7.7888375431036
-4.206683587088119,-2.516889972926798,-3.1721977916913326,-1.297134149937481,-0.6614782027890524,-2.7891968182797773,-4.748113311431962,-1.8968097592146544,-3.644315410308505,-3.45057118949857,-4.509324796956139,-2.028030401359783,-1.20116952066201,-0.5726492747397987,-2.3630675296173513,-0.23422431184607614,0.06766943390790096,-0.05538413990636412,-0.5218659653390382,-0.5461082425983097,-1.243435440730435,-0.7599551918334433,-0.925083308134142,-1.402587566152268,-0.716861979890721,-0.19621822558713328,-1.0879422501071239,-1.4879650944155045,-1.3478532297546661,-3.0721514117706517,-1.9041547434653467,-5.8494234695319225,-5.784431268452357,-7.285991112918266
-4.285288567950427,-3.794431145899467,-4.055564421328012,-1.2918343960934144,-1.0056257725468105,-0.5683363466560261,-3.0305471911634236,-3.9928862544958834,-3.40378323980103,-3.689955233720501,-5.140546729044753,-1.275257376899694,-1.364019696615922,-2.472640356948098,-1.8349497490105877,-3.4964514304044583,0.10074978609012233,0.0893052140881344,-0.35081647637553165,-0.5368714784305294,-0.016038113211953295,-0.836327137589656,-0.7990224239436013,-0.6342971928051728,-0.8023270214093308,-0.5620541290824609,-1.1745432425969984,-2.2760018619749127,-2.4713073258553933,-3.6699990560468625,-2.6141852050160153,-6.302919238382849,-6.241658438550847,-8.851433463234782
-5.284454363491295,-4.853075203234643,-2.296987180700397,-1.7688970321336646,-0.4487284822841409,-4.419091821667316,-3.976198044720042,-3.397126006664187,-6.342354788556795,-6.236028958187801,-3.6132350924053265,-2.178754287513598,-1.1987905223584492,-1.6776032188916459,-0.8399238337935998,-1.685811794206491,-2.2926062490317123,-1.2508504628827517,-0.46922786140485756,-0.12249007483772208,-0.22144505840889428,-1.2132281152929765,-0.9981593937470232,-1.7773278571767384,-0.9584339366727288,-0.7370066302730232,-1.446265505219646,-3.171280276966288,-3.020209004959427,-4.2531395071581475,-3.489929373232997,-4.234735022979255,-6.301585288068558,-6.558455878589567
-5.506616338489944,-3.973318662339662,-2.4113912881457664,-2.047576542299867,-2.054067678430425,-4.426587449967345,-2.3353293998624216,-3.289339511965308,-10.786207546491859,-4.985069594025601,-2.84391729350262,-2.770154734516256,-2.125018828734256,-1.5827870236116879,-1.989062546108645,0.3380396657447157,-1.004776867582408,-0.7956457148740542,-0.7419750478121311,-1.0478111530542777,-0.7590892132321804,-0.7756850333305431,-0.4399766241622525,-1.392404313331551,-0.9122431467505758,-1.0849317024199618,-1.2556072998982866,-2.4296420180680363,-4.148548347464713,-4.141230093539265,-2.1015857611429887,-6.358862308642672,-7.939530966436254,-5.61425031293983
-5.579151117144522,-5.0330205404401545,-3.4003284705421355,-3.136697034987767,-3.1617907995051957,-4.467227499398135,-1.698353748582254,-6.071318967444355,-7.112754204204231,-6.5771696167554135,-4.890544796544179,-2.9833100886635773,-1.7041443457676135,-0.28597257319900643,-1.0417602294734516,-1.7499479670876976,-1.020776473198056,-0.09843862296443584,-0.8189824143205765,-0.7349172058493972,-0.5394298172394488,-0.8106002103867198,-1.1719088277194971,-1.5449951396308579,-1.0591014184124405,-1.7579618686883074,-0.8443011317487059,-2.5648994432243515,-4.288246434835591,-2.8240689085332162,-1.5600119635684566,-5.744221212458358,-7.23362840740165,-5.150781867132682
-6.24845378440329,-5.290629238232241,-5.356667304819853,-4.737854842947452,-2.9493031784350645,-2.8969043939896206,-5.822959793992328,-4.417286694095855,-8.7849238780341,-5.637879836293008,-4.856196882276859,-3.528877781027813,-1.4651026206281705,-1.6701902433845615,0.6382011749111155,-1.6639348485108578,-1.4393574457137885,-1.0352326651471364,-1.4675860708779371,-1.3165169810061927,-1.4058392299904465,-0.535731909520841,-1.1639008492365508,-1.211986562254151,-2.190066952835836,-1.7394879934833956,-0.8666535300498627,-1.6316726826846657,-4.069532088923484,-0.9727500023981408,-2.1576065224519017,-6.063612258598779,-5.925089567820415,-5.323701611336016
-7.074192451047801,-5.635197562832772,-4.873491364702479,-6.74343015561282,-3.907783137057218,-2.562763345160249,-6.51071419705996,-3.1792999545943808,-10.750742507622679,-6.466184923741544,-3.72821919638523,-4.008220840720818,-0.9297422865525528,-2.3251205995927,-2.412215926611149,-1.7891542169174444,-1.9296875234810744,-0.5248675279588431,-2.376673808375977,-2.2178257877097685,-1.585311409820701,-0.1258849036563698,-1.3324835113264697,-1.6352884343483753,-2.0635450253410412,-2.9861490008535414,-1.9663286339363977,-3.9777460094871517,-3.6037733756300483,-2.7096472694038307,-3.1753736669447474,-6.022812669438803,-4.267866098058086,-7.355046399806514
-6.6438058087072775,-6.573056034904889,-5.2135990310607765,-5.5854995378583325,-5.010395786296292,-3.97514744438147,-5.762331944846384,-5.92383088714406,-9.545260895469339,-9.374107595812724,-4.927099192590864,-4.755552366102489,-1.8616350648341367,-1.6622002445106208,-1.774651917901102,-1.7906140051818424,-2.1076521355073257,-1.9690768671489396,-1.0100957339645598,-3.2655990479716115,-2.822821774340491,-1.7413793543817224,-0.5994548191200881,-1.7334182208229252,-3.0181685015594715,-2.7646984597674553,-2.8276125279083875,-4.845092106536828,-2.4053506750867406,-2.147157459568832,-3.0841812694591035,-3.9428861562940023,-5.238871969459099,-7.5595684662700835
-6.22562479050252,-6.08167840161955,-5.152460288511266,-4.856485306849761,-5.604155463102055,-3.271178207403499,-4.218761368453881,-7.1107838374932735,-5.123655078207147,-6.116656333331146,-3.3769720671062977,-0.6314603626839521,-2.0421686782239883,-1.872062240024412,-1.576517263682932,-0.5013809558384185,-1.3582076538206633,-2.450121690238724,-2.5278732614086157,-3.056029356924371,-3.1310546198460236,-3.2202209207094636,-0.27967657279832686,-1.6607030725038372,-3.2657444455293727,-2.1419464451512455,-2.4732524887301635,-2.5250940154765513,-2.0314425923549013,-0.9041841539429049,-2.284811098853958,-2.7273947563067957,-6.023966033693397,-6.423249884981161
