script/wind50m.json
{"header": {"parameterCategory": 2, "parameterNumber": 2, "lo1": 3.000054539987559, "la1": 64.9999836372058, "dx": 0.5, "dy": 0.25, "nx": 34, "ny": 52, "refTime": "2025-12-02T15:00:00.000Z"}, "data":
[rows 0 to 23 of 52, columns 0 to 33 of 34]
-16.703101489180252,-15.923220363490719,-14.791749705727643,-12.844700254523037,-12.519060204894501,-11.119153687785865,-10.596281615477999,-9.740573425339207,-9.55406778438821,-7.988143001204845,-7.048071535849919,-5.88668297348318,-5.776422058584664,-5.370259809336786,-5.93227360523482,-6.701641004880027,-4.1366144162316125,-6.461975730464269,-6.8748810977394825,-10.024869964064923,-4.427521667138644,0.4176470245471882,-6.506944803888799,-5.859793685142024,-4.439027416890888,-2.9592490448250306,-0.6423482711951968,-4.933428037199599,-2.7033580662181538,-2.315889152535637,-3.6480083649466235,-3.9810245230027808,-4.177206620998926,-2.897762391612051
-13.688981306821265,-12.595280686600535,-11.27374718981395,-10.098451182429839,-9.062435411430886,-8.758148204402346,-9.733807972482294,-9.20900484061151,-7.923981641181182,-6.0467097518656425,-5.808385176597111,-5.112553111826338,-3.496524639628685,-4.556972755834525,-4.628536567680719,-4.280431947765704,-7.498238887682478,-6.622867599616034,-9.764285293844278,-3.709972600903535,-9.87238124946905,-5.423855136800585,-2.2690087809054345,-5.897243499684715,-1.6630154425670027,-3.133709321367269,0.7618770801827156,-3.5514381219538405,-0.9843991222433549,-1.5839351131107693,-2.0712913828196275,-2.0419404848915756,-1.995200648012246,-0.9176311108020764
-9.232844391632877,-10.44104526580509,-9.040362091965012,-8.64803313382967,-8.717522714737541,-9.608728215811476,-9.282900533644845,-8.903482548701243,-7.497498574238396,-6.5875739234004005,-5.696439159870838,-4.894244978532616,-4.527266653749304,-2.8392302625777006,-2.4964464541064793,-3.186761245584118,-4.648625779209586,-7.324017377361681,-4.509116244328016,-5.7574129896347,-5.369836775345878,-1.9479827024295933,-8.155929836307717,-3.7835983084042155,-2.228390869979502,-1.5936738579536174,-1.973666149317869,0.07421747426690252,-0.4536150296886472,0.7929251796044227,0.40331283352166925,-0.4296874045727611,-0.3739034955812721,-0.5340173445575892
-9.956552430817414,-9.112928748483327,-8.373740721781278,-11.02146067743337,-8.940448876847661,-3.5652490172189197,-7.169741573161221,-7.40347119632602,-6.703845802747096,-6.09890835287557,-5.651311076964917,-5.8556922486469505,-5.496276393170982,-4.677407286164549,-3.885860262143703,-2.0930702756180986,-4.440358767304822,-3.316018022145603,-5.74675578619605,-1.5970874085389477,-7.1459490051541,-6.6693716675635475,-4.702960423679638,-0.10582771250681737,-1.31291080316331,-1.9712525004189545,-0.5146397170429405,0.0063751544426548954,-0.6056014052141669,0.6047965621414564,0.008586121089177425,0.6351103645138223,0.2053074830919373,-0.3197069602850682
-11.514137564239821,-9.610390161145013,-7.143898891496096,-8.506140601085008,-5.890059799601448,-4.709231734449883,0.507470770241679,-7.783416134328645,-6.1702138947747205,-5.916087440883092,-6.271998814512765,-6.132057607058354,-5.71409680306879,-5.304421515529503,-6.391780467160439,-4.960785800676252,-0.6136593621769164,-1.8561208426559683,-1.7553734631787434,-3.900326618034469,-6.169752080828331,-0.9152603921077069,-2.789975702160244,-0.8537404281209324,-0.7397085480483558,-0.8754454272806413,-1.6913962895410366,-1.8688696432073426,0.3659558930468279,0.176970658428327,-0.11924011812493224,0.29874431641136273,0.43157364244285984,0.4541131865946924
-7.75066084509581,-10.747130328917413,-8.01518075106196,-5.500123394404852,-4.790129369632284,-1.8701207874839443,-0.8640321471705747,-0.5201632838977701,-5.947614521520728,-6.897558050784687,-6.321024555886866,-5.91380936005605,-6.800276189070587,-8.316842694062839,-2.9754000863632655,-1.5832103824302255,3.3056622269619758,-0.134289400271653,-0.2757431520340456,-5.780742048827174,-5.681145661439163,-5.48607554822929,-0.18094370867583506,-0.9903917973381694,-0.5506491226307465,-0.5535529271827688,-1.5731288901745129,-2.0919208356628327,-0.4380188357431058,-0.7757061921237761,0.7267926795788892,-0.29044864764838496,0.45525263739833427,1.2970738605679317
-2.172185768392112,-4.371354691293188,-4.778937048652861,-3.1692310281200626,-0.9997537929899246,0.6546382340811006,0.9617439090920934,1.06936393545113,-5.5879000737460505,-4.999903761733535,-4.101400357252588,-1.5105058221821221,-5.151856530924556,-4.559396738398943,-4.289490055152696,-0.70626566998662,2.121121726574892,-4.299819614662436,1.535222539562192,-5.267777264678863,-1.8166139892133317,-2.8560950911143856,-4.086332968083565,-1.9154697705450439,-0.23971046537986607,-0.659155910143915,1.0698955393209952,-2.095516910812415,-0.42842636299339726,0.5611435087566861,-1.336450552922193,0.11822958884975643,1.4420297869622722,4.4926336757404615
8.54843164999838,9.242535947249921,6.111053500433335,6.234543682541573,5.552164926147838,3.9529487921873936,1.9510972958200914,3.9977367511594157,1.346099649746434,-2.5056751978295306,-3.1094381670914966,-4.033270516881746,-2.417045690331374,-5.92977438212264,-3.0581375588558393,-2.3491501650754776,-2.4248030163588608,0.7780747424012739,4.462466313124419,2.364256229541518,0.6665944323620395,2.7381502993372626,-3.29948839151633,-1.312486123704544,-0.4387816890131867,-0.6786899556657491,-1.2986975653553303,1.600285969237736,-1.4896455607968686,-1.4761203886723493,0.8916248412201018,0.9644486011861074,3.752556667110717,5.951699664857358
12.13367359922974,11.381260616929378,11.283832801633833,8.3554260043536,5.372281232209926,7.046892972984237,6.805901237182575,3.9392610850094574,4.13315881413585,-0.27070490350344256,-2.86597451620992,0.670795735654689,0.9049991448826525,-5.381404333116053,-2.1785155643356022,-4.3858301148728875,-7.393966407188719,3.3254983651500405,-0.6091424898165095,0.49593504535369964,4.817293500534662,3.557921341091821,-0.3398051723275884,-3.572283824609701,-0.9747511794891951,0.6554431564596845,0.7970978652562135,0.3116408694908306,0.43839513252486817,-0.5464778673504121,-0.6998435854451847,3.0795928440836047,5.522650920259304,5.827694278976634
13.470468179838477,16.917185985195566,15.753142040842505,13.050146049460958,10.4198616235845,8.318826043899037,6.87868803376022,2.982052735276683,2.7812478015683846,2.6248501603347303,-1.9786963248062985,1.2839860016235,0.9965580994765496,1.3216135546135617,-3.7844114706566394,3.2719511741472425,2.7242204983059035,-2.1996636149925033,-0.7741847318566109,0.8003387800799472,5.345311324115025,1.2730569957479017,0.8740732311634679,-0.46867100811344947,-0.4751625341414946,0.7009644718910542,1.137527461149448,1.2779801257370877,-0.9245402033580389,0.04111275989030186,2.327995871588815,5.111653833351817,4.811152892162132,5.839573687499085
19.611789106389143,17.41206945502866,15.004863573717177,12.939215941504894,12.765660135481097,9.313492347553668,5.8292773947940155,1.695812787702895,7.125599228738571,-2.8557375269731375,-2.494420039086432,-6.72994484388986,1.3547532787231988,1.265806012471381,2.4696032554143,-1.7155472500385438,3.0531239461026485,0.5469907407585882,1.2338510795597994,1.3556707829618784,4.2537026086507215,0.19937005341634384,7.32371658231967,-1.3683931537766287,-0.2006894772321549,1.1275542199635564,0.6107572722879046,1.0438469805095683,-0.4474997444274635,-0.3707572428105535,3.616777424430722,5.44550316032522,5.385542743091411,6.370155737132215
18.964451490045086,17.003855091869635,14.039490447975977,11.845276307299917,10.231812659049412,6.195393769176251,3.2055397646633828,-1.3212715837828564,1.8440460850441884,3.4069052276922625,3.809613320519951,0.20027077830889456,-3.9227866808603724,5.5279991971298745,1.020149912034239,-1.032239171212481,-0.2797382669105265,5.973841245771268,3.9243068514942743,0.43628189946671486,4.7122765656606305,2.0369151304945605,-1.0154227568092564,2.618623217863937,-0.43327588656008276,-1.0537003989724971,1.037249136756868,2.903940943067914,2.3054404599075924,1.1730182577475508,3.488386743188485,4.0701296709458985,5.472444119572408,6.194064861433293
16.90880924610689,14.320827503439702,13.453107330337678,10.824176376598528,10.348193583336727,5.167519631663522,0.12496357004861565,1.514764387963598,0.6483649767326003,2.712672224479142,6.229384378772967,0.10292050573179415,-4.486972950814017,-1.8777551919396143,-1.3503169725308901,1.7514579318442287,-1.393895959787858,7.110864455111286,1.1610675697213975,0.26363002528055657,0.6555425562470298,3.000116297244292,3.163297002063886,1.155403769069568,1.1514790210715353,-0.0621699045624128,0.2534709628333588,1.1245914992747446,0.5151986967859412,2.6698998175740787,3.6623177056956804,4.9262323524068945,5.433047136487918,4.904660273875549
14.541343142618992,13.774541230210296,12.663378275507263,11.360797174955303,6.89467706022713,6.367411387323614,11.596716851896794,3.7779133696458196,-3.4943435874826703,5.6324944341299075,5.7120810962050355,6.860723877043507,-1.7165723125017824,-4.784975510398515,-1.6216876979217338,1.061274925654293,-0.7015555646030681,0.8628903439089488,1.9907137625965075,1.6377569524344755,-3.196983748126231,3.703829167167219,2.0716505664843874,2.9035726193049443,0.6325812038970432,3.1032298106602236,1.4396099034445697,2.9268112753957998,0.2186030631047977,1.8071471594974766,3.8573578523364156,4.895565373659006,5.505987546588266,4.82898600282441
13.71863111629776,12.328802141615549,10.533679776227935,10.364970800728752,7.087273788339739,4.342979272384236,2.6406007298138037,4.046359779432199,0.9093188945661765,7.645914351221342,1.03812173743502,1.6721813587247067,2.676803744654999,-1.1416599548370783,-1.2779479160749194,1.694064589798031,-2.388103397443237,-0.7553791776176438,1.0524617303151762,-0.30378501864433727,0.692973857186736,-0.44699840555973663,1.515840215904637,2.442314378830889,1.1795122132224496,1.6475738423810968,1.4934774221792857,2.235426630833886,1.8978127537809424,3.717729952651627,4.0699773870334885,4.270616520326507,4.381658949328115,4.86356788085432
11.81635191178251,11.4505531635765,8.977716984536267,7.6043044568416525,4.158838752428408,4.796386317901141,6.631928713074629,2.45002207633895,-1.0972860172594507,4.070520651737629,1.7776612559284026,0.5983760850316479,-2.0627996160318625,0.6790061876588831,-3.764164676539702,-1.3068850755387942,1.956777151061358,-1.482364090841245,-0.83338066300403,0.04140139316400319,5.015127840058228,-0.2292652934315109,-1.3798789801116946,1.9757579996037968,1.735626315835845,0.8979861516836894,3.909588586694411,2.850225200802312,2.493942183473496,3.7650745974391135,4.278317674331883,3.2193190566558814,3.325329464453838,4.102047214100602
12.586710905540157,10.732663222943563,8.093067199370811,6.2164644868106675,2.1257776068674565,5.011255317965547,2.907496045762945,2.8118286163600756,0.24313910743817277,5.227929485552708,5.76250866986315,3.8591317992602194,1.5263568934205156,-2.5610735570954826,-2.1041271144874543,-3.971217684636282,-1.349631948183445,-1.5823781319593437,0.3251716689129845,0.9366039901264553,1.818824746337207,0.5263014162131661,1.5475324090432352,-0.5285285129080232,1.064909628749364,0.3823306131027271,2.7252003472588204,2.9569440603220047,3.3905053151578244,3.973188962967635,4.0764007833393485,2.849591380369026,2.907027568821246,3.6373217296584595
9.071816047424313,7.607208798946518,7.376417220207351,6.035676483634653,2.318259064620904,4.497860848884142,9.15087338989703,2.720076085817306,5.507976719171101,8.69522683297848,2.2507061056684137,0.03019902472567764,-1.0154868116825013,-1.0465858095921092,-0.25039791597234307,-0.2584455029548008,-4.673411428820646,0.286323028873136,-0.21997675643824718,0.05434832014148895,0.6142312679309248,-0.1409791035270668,1.3446241397897285,2.5505105537792523,-0.9523089568267185,-0.7081448289828645,0.7106628656717315,1.0844306066259823,2.578846224026493,4.87282112518655,3.5015969815942682,2.52054863569563,2.516244396832628,3.008110585469666
8.096034643301328,8.290961963813666,8.907306785938172,5.400961146124665,3.08976622941933,2.1672665653425254,4.940920667683686,5.783423802047006,-1.1715284741471879,8.465824255050263,6.046270337781003,-0.26198637849006073,1.0011163021185518,-3.4904035445516506,-0.68116181684753,0.32413270690779833,-0.5543327299201171,-0.4171917313752978,-0.9658893544166818,0.39376176171001437,-0.5706650427016052,1.7499168915720495,1.9874503097536944,0.5439164370880929,0.9676484634507991,-0.19958111209496582,0.15203092816574681,1.8788378117813704,1.8201074130254142,2.518587217708495,3.628971332028533,2.126036502050873,1.606662083914324,2.8186677876511377
8.889566371253956,7.927555979096641,7.881803598782079,5.877168364701463,5.201366372241433,3.4473470253031713,0.724099470627062,5.540303848249227,6.320301378076228,8.059492602755068,4.7499627504952056,3.1333071758966247,-3.7420297778919167,1.9499313847837487,-2.0622182178373434,-1.3583120675838463,0.2403515846736568,0.1748898404197359,0.005325122118421339,0.06458102681386393,-0.11984997230616248,0.46480844706758795,1.6260744943017882,1.051829053715113,-0.056630555021217575,-0.7239675332686563,0.5180544062016397,0.733130023005833,1.4354559304987593,1.6069876100547522,2.307938126668601,1.7749561192830465,2.4282981917305513,2.52353532206309
7.410601209594891,7.636997034009269,7.336234856804369,6.4516254650036915,5.304269836223731,-0.4096144092134099,-0.40924112441928046,2.9471656034428193,6.653559041757946,2.9258671523865556,5.285803594747465,4.310400161455296,2.4299077101958373,-0.6072869333552945,0.9995944299345529,-0.43864093977118895,1.1081502460202188,-0.005214296996434819,1.0388988172870905,-0.12517129205946134,-0.20412777790169528,0.9510775781102334,0.8002050251926899,0.9592748145121939,1.493586933315031,1.981511022832994,0.9657819011327812,0.9244928643997727,1.26501231523541,1.0635380771741028,1.4623984067655078,1.9336659878705504,2.8240320674330572,5.317476476561607
8.042761403752182,7.475591755345913,6.4508947246166395,4.768724675506157,3.3225403484184666,2.0794109762274164,1.5736464648549588,4.180265372353152,4.258972188030895,2.1292273270792115,3.0121633168632878,1.584818576465983,-0.4378487311540602,-1.0228584253638513,-1.7107221938256416,-1.1414055292409497,0.2847315130384093,0.5194447639865456,1.0585324235633657,-1.6097171516687063,0.9628598187636234,0.09595306922940322,1.6220365464394895,0.6950985405940717,0.4557075189215548,0.8080019431897223,0.04612611396727715,0.47201076548317894,0.9780475366374923,0.9606719914194245,0.8441447491497251,1.8549881363916374,2.8734674646982916,6.1874694611151355
7.3042385355482615,6.774417395228149,5.4546130753317374,3.5422872042278493,2.992701755567808,-0.14415497249351256,0.8251103003032373,4.599300836429074,6.372267970881713,6.719696806512403,-1.331779349001091,-2.8680804129860165,0.8223094154759663,1.1304818698612065,0.7471159677655361,0.09767067222534057,0.7560082867471719,0.5760334804768391,0.1532294144011636,0.6649019627460813,0.033413469903908644,0.39675961312307345,-0.5145529368420911,-0.4853316760552397,-0.2813749532670998,0.12524610595311092,0.07706088696088714,0.877506108878855,0.3861239617932309,-0.040003481137602215,1.347652283109361,3.0928306224911717,5.0020530264653456,6.069886472675498
7.697377842650185,7.389193021675212,5.672462049324848,2.4968439867219385,2.532551117379068,2.9351477943549713,0.8093052309404112,2.6711113698484943,4.473414295358062,-0.5278711204199273,1.421306057290958,0.9799540352021505,-0.380338628240331,-1.0682710688580155,1.798472437708353,1.3769528344172954,0.26936076391035246,0.27032745883348935,-0.2512028016724616,-0.48743877348044345,0.45203621020273677,-2.1287228127810005,-2.229058044337887,-1.5619746970505872,0.04223154287869228,-0.2452291069323226,0.8826988317018671,-0.5847312346312952,0.3740534455788429,0.5260543961443868,1.8468594867217767,3.224584248215241,6.329024199073373,5.25677761088772
