script/wind150m.json
{"header": {"parameterCategory": 2, "parameterNumber": 2, "lo1": 6.000198445256149, "la1": 58.999992894266676, "dx": 0.5, "dy": 0.25, "nx": 22, "ny": 24, "refTime": "2024-03-22T23:00:00.000Z"}, "data":
[rows 0 to 23 of 24, columns 0 to 21 of 22]
5.145198065512095,12.381832331384562,12.422844233434866,5.100018393128993,6.803651255862479,12.963859666041897,6.751511819845648,10.9070324862057,12.508077031940854,15.377357175969117,10.740462352308686,12.985811292100145,12.822869339893517,9.264448388830672,13.059548847005157,9.774291208359216,12.417405206223464,10.779409082246826,9.413876866411645,13.374643851098135,12.364105648427593,13.790653521913832
6.82200629598387,12.616084263896804,14.161505923256659,12.56508292793847,8.178688225759975,3.998702035883367,10.148590381052026,9.6563992571196,6.609255408334703,6.78873107360833,10.893768768654125,8.663576382757402,10.00042893936701,12.248529598778756,12.44358663524881,9.351523657420378,10.944155781860207,8.680996370595752,6.546398240793416,12.53921366733933,6.644847098595329,7.996031545498586
11.859724088714167,9.202462362348772,5.719859586744564,8.091662489213206,9.88438704728246,5.70671862004,11.064270490302365,12.487036994310355,12.50352800571364,9.944825959662982,8.812189641101124,8.240011428875894,9.956405192017574,10.486295293846107,6.2497863555276805,9.901380148644922,13.188424747187092,9.65739213813185,8.561572003230735,9.788273633471688,11.655320396169309,9.77615165713751
9.189397291753332,10.052275059144,9.94208776040268,8.85715064111797,11.920195524105319,5.941881388736437,9.917757782498606,11.60940329337839,8.751389081934272,6.5126130016174795,6.073364204126835,8.819584497151936,7.71287042391571,9.32616511824532,9.136008775601539,9.47780001319081,7.252276707399134,9.991338782286196,10.728481985157885,11.394869189996884,10.830089360574283,12.06354792741225
9.46316732148929,6.131190041313857,12.66122228847969,7.216330504257638,6.012789207465869,9.286793395853257,10.252144022920554,9.489815672589,14.053449102389886,14.124547027847832,12.45249038183554,13.43211058669926,7.329951878799935,6.948050368592431,8.865648094099685,5.549944310162701,9.87432354791927,13.262342398867771,11.294006730990152,8.042501902769995,7.88684990749068,9.88818147364095
8.544127844792603,10.604959364833329,7.882389455107636,5.960731112778491,12.77680638245799,9.000787805934253,13.994560009952824,9.974413209370717,9.979838686548547,10.455630871850106,10.097090801714826,9.40128204078803,11.250961107541164,15.590428654842603,10.858825302371544,14.669174545655974,14.478344533933429,12.834551220080904,4.949368012443111,8.272662992224818,8.052770869549713,11.470826036290067
9.107798909452544,14.029389277846143,9.830436626414523,4.942452595325885,9.061660932890879,10.969388987371275,9.332790000512182,8.965655461491616,15.543931428012632,8.738175422393187,7.346039880089818,10.608284383072101,13.989806119364406,9.527086814459684,14.452661604909055,15.4886195078227,10.100828565237713,11.917079521594552,6.383983435382262,13.958594766021886,5.051303983777001,10.400534736347204
10.299184886394626,11.271685290917251,10.84523125416222,9.280793628068828,7.61356008710613,12.113952810431655,6.3805710870792565,13.920585327676115,13.677078083271146,7.933834478406067,14.738775572603766,10.88759027630755,5.498421608230021,12.942371877696209,12.044979987791132,10.043890878887899,10.575124117466569,12.829760246795963,6.345653259759212,7.321965014085825,6.301701377665404,7.571441659072384
8.915073313440228,7.917006570557195,10.546268257769041,7.039182534246683,11.733642125535534,9.806047829482324,12.74065084139334,13.246337378162583,9.965493080109201,6.7023274373479085,6.835342712838491,12.873124286490674,10.4499895720777,11.429527733771637,9.372175475029549,12.557343467225564,13.504355165955443,11.77900652602381,14.567447261855547,13.471246958979448,8.675354703392165,11.4695573327416
9.190217112849576,6.419333800789805,6.5096264411393445,9.134108194037616,8.629519861113659,10.634887770976249,11.425395137606145,10.205187076285311,13.111111267227583,14.218539295488535,13.45293333572982,9.219797508696757,10.316911666657102,11.166938548007675,5.142283077846485,5.56308786187272,9.240105158224592,12.232605973787386,11.187389499101826,13.021850459552057,8.138075479717978,9.223544788502625
6.234560013560157,11.253804737011839,11.037869044130387,13.817013527978165,12.771314125681593,12.439619435752054,6.216552632670612,11.98679734576821,12.704900506612793,8.494026861653197,12.56380907778664,13.083057342755035,11.57146330928128,9.263700727551994,13.104575442939957,11.523134702469894,5.92119641759923,13.001058538648207,10.11720526339776,7.2521953423504275,14.214299846250423,11.31701485057162
6.24120766346713,11.005325694612749,9.504518569023466,8.272010344124084,6.434447564354894,10.895851999975173,8.484938152365702,11.606157590117476,10.652576729101824,10.887979499309393,11.584994293950073,11.560327779172624,9.563182657003777,3.950091374259162,10.460711966919284,10.63399239348667,9.031442714368966,10.812081687521703,12.513728924782441,14.296324615935365,12.70595047118243,5.645250834508956
13.134191462403408,6.257850000693061,9.467326375536613,15.120539589526816,11.72536041176039,13.86987782284094,10.72462044973714,8.61568822367812,10.344023758049913,12.468057337657818,10.711268262672812,11.153154263727265,12.574230329065651,9.988392548219382,9.554309762248915,9.120086420334339,14.448085936919552,12.681508344101355,9.911137448406906,11.396500183831499,5.990170671853761,8.980255287019746
10.824174680299405,9.032778963030486,12.608327010885771,9.810784582535065,8.945993842228827,7.725290324519163,8.21572411791915,10.683828036954878,9.278463946952217,13.788056120722624,10.18083814061236,8.279758020866195,5.709388112612826,8.701717265357141,11.866465621367396,7.01484413554282,12.313237322813778,11.889401189067064,10.148177918460993,10.36710831214087,7.851487313504328,13.119815753906192
13.61391188967093,12.545752042774375,7.995096755350873,14.321694368977612,9.982499599252685,8.966730085847976,11.013959181290437,11.511944511334205,6.268572054627759,13.939695670145255,11.627840210390993,14.00631906545727,13.2859871113306,13.688080081535734,8.192988405607407,9.054950388826395,9.878268843132258,7.1553305058847565,12.588198423901279,11.256836440018928,14.27880775364309,13.171845306394614
11.64849218302554,6.423565155002596,11.449142951083788,14.061766830068196,10.11268865738481,13.71315824473736,10.561489284788925,13.16136575499516,8.706533447830147,9.077155543630655,5.516618574647629,10.419365871318684,10.86109095340056,8.527582765770994,11.175551649992963,7.055353838600502,6.650213860756525,10.903935960191507,10.706344910568106,10.405035953740963,10.771703721701643,8.522331119746354
7.316462666175289,10.323082111673042,5.405900742068279,11.687640933900756,10.898706430229089,12.317042025222209,9.38675606266671,8.517560184357729,6.626373201929867,12.128392038042604,12.08089272645306,10.245972788247206,7.290897927656583,6.644386740015498,6.977900380640535,9.094154821478016,6.487836849245512,12.030736989062762,7.69787704505989,14.474718097725034,11.855744918746385,6.687929263727924
5.878862983611614,12.23771139701752,14.74395243570626,4.9558747912728185,9.724422446594625,10.510931530986584,9.903932822222828,10.738976817636708,13.804665603011406,12.86065470601442,14.848211529805209,10.452931391136357,14.491357112594672,10.070122533962191,5.816297272242362,8.70720584114474,11.939901527917062,12.094943839351616,11.734381148626289,8.003241961123157,10.679522285606772,14.822601436280461
6.07209546328108,6.611814225904063,5.721590509751545,12.326719191667278,6.425818783373097,7.54214863298567,13.170433854317915,8.424891507066093,10.409972078566883,12.925029244748947,10.82096770046427,6.173367506198866,11.91288701978387,14.075130321814363,7.25942871586894,11.931861859567562,14.023028935449423,11.107330577730712,13.835663461411524,6.311613841108595,8.52291456511422,10.439599227258835
7.918546435944813,13.255188410678807,11.664860826063974,7.02125063233374,13.908196005802784,10.63819259935117,9.111154681987694,5.8821095127569585,14.003986763182759,12.595051966438579,9.95941620493311,13.232900224887038,12.038006609049349,9.595813780829575,11.50683459819301,9.606102136873755,10.409519385992176,12.446360107162395,7.151368973949347,5.912120908623297,5.731084981218617,11.25525783724242
9.62711550008056,10.489128393957005,9.659876842707048,8.592736619481299,11.644505519458807,11.038220472524804,7.80317203771168,14.993399517915908,7.167571207909862,12.943186186621244,8.953785502718736,11.991490046521099,10.65433195045184,12.988833209380266,7.792668912472204,14.039505062140218,12.240131149752004,12.047523388439828,8.914892851976138,10.813525358884087,8.067482356201891,8.962792381169185
7.630599591772196,15.113555619132015,8.060927384532652,10.839890077564942,13.210545671690152,9.75638401311657,11.080280489136538,14.004302020335546,11.922277496435303,12.164911192693582,9.693360037674076,11.776771899282977,10.9759111802064,9.529716634838223,14.407726647046411,10.730358351617893,14.037674192785042,12.039223945348931,6.594233620178229,11.397082182226928,15.360679815197862,6.7110604737503685
12.377443524174394,11.723298666993717,13.453969027251611,13.632935565784313,12.109327859757743,12.325475465088306,10.394081717926014,11.87407205548798,11.90190790526172,13.7093643140571,10.323869030810346,9.763445788860455,12.488411681758254,10.47036600303903,13.13567351289396,4.271260493976303,6.90833620584358,10.245993645491758,12.746335700149118,13.002696249048642,8.827286078457412,12.216329434320077
4.413646166020752,10.32322500895221,11.399753548075795,9.16641031658756,9.290499434500967,11.813138516570483,9.588352492800613,13.127174928394892,9.107890830147,12.605915228618207,12.253618457436682,9.864296518712901,13.559516874942076,13.900066127312396,12.116636504691158,9.35390173564951,11.452953467546582,11.516164219093097,6.210788786014427,6.724297039737835,10.41203840478494,12.903446371259802
