script/wind100m.json
{"header": {"parameterCategory": 2, "parameterNumber": 3, "lo1": 6.000198445256149, "la1": 58.999992894266676, "dx": 0.5, "dy": 0.25, "nx": 22, "ny": 24, "refTime": "2024-03-05T20:00:00.000Z"}, "data":
[rows 0 to 23 of 24, columns 0 to 21 of 22]
-4.205727611014188,-3.4302084061545104,-2.346563441864132,0.9035166491693426,-0.4035690859709948,-3.0400995019527497,-3.209297365492347,-6.903519651801948,-3.1970615293780043,-4.4005939725471945,-2.254775386212537,-2.971452300886989,-3.744818675806492,1.3658562269227177,-2.6052975807806957,-5.42289783974944,-5.956007410879812,-0.45365374002882347,-3.102392978216958,1.0809379191457833,-5.949158269896127,-1.978661019250972
-1.6057072603193658,-3.0032582328940585,-6.1968696322939145,-3.6218207060821843,-1.138768512847329,0.5686607165450331,-0.7760209172394976,-0.7659639599969889,-2.493843364968964,-2.052391497660831,-2.732783355237029,-2.9877532715188866,-7.427143159676454,-2.3359805145680705,-5.559416227332755,-3.1088986199062973,-1.7490556354727125,0.9180622737157095,-3.8168655286221727,-3.0650528998299262,-1.4643462946827195,-3.814341283524876
-2.888590072941218,-1.6028597291216657,0.561286666501646,-2.654029823499301,-3.2845503840104917,1.3560942239780542,0.5074773182095301,-2.3725131459655713,1.855973692220674,-3.294704176068137,-4.211939111865175,-4.910603002225883,2.267268969519948,-4.872608671055592,-4.865318382410052,-3.0498001477103283,-3.9507634661844624,-2.788735042053637,-6.2318749068961035,-7.031632699936183,-2.206343796986981,0.7553897045609473
-4.659410631827309,-5.558703454479692,-2.903173102640485,0.5809270942985272,-3.4333389092515585,-2.3884354766619724,-1.7981369293572074,-2.3806428115184732,-3.0379104255373393,-0.9883935128759204,-0.8729676285867451,-0.8609887100293083,0.8278534400796961,-4.423069141883269,-3.4240761104147817,-3.9259066009564414,-0.5890484732812351,-3.241076214644964,-2.695660693139803,-1.6974691176308592,1.138845342278073,-3.033775561923335
-5.10830813571675,-2.1658426118092935,-5.0766755388999965,-5.275724507482969,0.2041646087725466,-3.0470031846101033,-9.15863264245318,2.639286217260692,-2.611565663848175,-6.174580320463113,-3.6654500697899914,-7.248119345884656,-2.945657647555192,-0.9732330090340866,1.2565769297029723,-0.03069577188385798,-2.5905555544957486,-2.1368199091255495,-4.394575447597649,-2.443425194280113,-3.20709938954797,-3.1120398907118285
-3.6973316393154487,-2.4063465936832853,-0.32956409622020777,-1.8096911168829488,-2.525136888500627,-1.213756439748542,1.9108908239843105,-7.323027454357876,-4.105652244933652,-4.5972548111284155,-1.5895257984054671,-2.9006309416031506,-3.274724364013542,-2.30268270112491,-6.030467070964281,-2.899820293572172,-7.687727022420747,-9.594397488786601,1.7496451126050891,-3.3141122588983403,-0.7815563141193366,-2.4178203903353945
-5.956844160660917,-3.382295653336349,-4.709561065088505,-0.57179661192447,-2.5744388001787586,-5.653027244467614,-4.0559234766628265,-2.0500133852156637,-2.4140816865980907,1.0284935626861211,-0.7382221527068482,-3.5568215153451477,-2.7802032750998267,-3.4411826038931164,-5.777889224697747,-4.6409977623142495,-2.9626662238459325,-1.6992274574896928,0.15111190895378526,-5.5635404577762335,-0.09929608646004663,-4.644400462313135
-5.2512678934543064,-2.2880667522560043,-3.0326688344001194,-2.586421226230241,-0.7836360033946926,-3.0977765516157922,0.7993430082226479,1.1044692106325729,-3.443240266161309,-4.488249467445151,-4.895132532635431,-2.0630681610387174,-0.8852279376889166,-0.5339926854699636,-8.811313931346094,-2.517926534821988,-3.8624407700866086,-2.867649429314579,0.7259100257208099,-3.687822100930539,0.20874808991706997,1.862552475721693
-5.7604845115182215,-4.732719134654126,-7.144842979507058,-2.734959322577446,-5.074208335475346,-4.035924938084404,2.11733656066562,-6.2443452054711965,-1.984633249811747,-2.2692509025742966,-2.811759556864716,-5.411730953167799,-2.4426014275187184,-1.685335045264421,-8.932084313424415,-3.1168050571550827,-3.6640595518797228,-2.6861474030264185,-6.500935287317812,-2.674989749843917,-2.149887098239231,-2.1705723023606955
-2.8713226222478636,0.766150585077469,1.3988870225314054,-4.986305364199881,-2.837604251649739,1.7573218112981543,-3.920255422212733,-3.746832645739745,-5.733177849874407,-1.0795912453882226,-2.7046911035335754,-3.6709161001474575,-2.8734274806197724,-2.579771717911091,-0.7393468010282701,0.953204751411327,-4.529678191803603,-2.803345458219644,-2.495794291443684,-8.097135777383778,-3.1123923049161486,-2.233787203686468
2.949133761504876,-0.14845360797548876,-2.996802184650908,-1.3810016110000787,-4.6915261810455995,-5.2905495529960955,0.5534896146212509,-4.873642724735774,-2.9265655765086653,-1.0925888461560007,-4.605951526323996,1.5160325316240877,-1.6123891209038788,-4.377411759873725,-3.675397386392053,-2.4474241919098314,-1.5187370144463495,-2.425443304864975,-2.4401173407587384,0.6221820778421538,-8.723404111222012,-4.764269941452783
-3.8327098014659224,-3.4712024869757094,-2.924267064770189,-4.709027572671803,0.629670194413259,-2.8403452799982514,-2.2711106775952703,-1.7438825788265575,-5.309636202936843,-6.9867646313712894,-3.235356711656057,-4.789136539744802,-3.6409062194598047,-1.3800814159349404,-3.4866656497845576,-4.139774709176604,-4.768665271980303,-2.697127276919704,-2.361483768433584,-2.056139303476451,-7.012547519229693,-0.48132762374137605
-6.3744871234075795,1.2197388608170079,-1.1794317965339836,-3.33391744237686,-0.7200451288164458,-3.1277897570658486,-4.637540538877501,-4.469474837229946,-2.773160295202697,-2.578212770598459,-2.7936420569527622,-3.7045261727191185,-1.9881234721886358,-3.0716265776735905,-2.4838320887159644,-3.3546089261787637,0.6723198741431113,2.1372377048489675,-6.09613845378427,-7.118190876548448,1.091398018756798,-8.250386836984816
-1.7648416734901406,-6.1454341913352035,1.0178739857483745,-2.7312819769077854,-4.097802333289466,-1.0161949910319417,-0.10717633872730438,-4.825144467547355,-4.122341721887982,2.031158309233115,-4.051783704063549,-2.1177646443465994,-3.314586951999848,-3.0797964867487115,-2.1724041574579216,-0.8470465680030952,-0.7260318394117998,2.150058961278489,-2.7300723237027156,2.753314686673274,0.5710794712680732,-2.917910675507631
-4.796514424530813,-4.678592077190798,0.8193980225123269,-1.8150757758781326,-3.2838740849312775,-3.748302369725455,-1.5178922553897096,-2.7449547605797333,1.213129749041198,-4.007189813522936,-3.059300105954121,1.2850099566889692,-4.521911162179297,-3.5248577890826343,-2.8432949669609635,-2.5112625603407563,-5.430716934276786,-3.7519483647086704,-3.304476280487067,-7.438949460973938,-3.553178306796174,-2.9825211411014085
-1.6946716055832516,-0.6568862494778133,-3.3124526605013584,-2.303242293832879,-4.570666488688929,-3.7118505907126864,-5.451386513863084,-3.1918927049486654,-2.7562000814617056,-2.2946378827779643,-0.4276433312711438,-2.9197879274561704,-1.9417060112771916,-3.2893022790163653,-3.2900362552841678,0.32199618013881937,-1.4820819343381677,-3.4725428842294543,-1.8637386170512789,-4.992386626775674,-2.047584461786054,-2.836021158861734
-4.1609496549366645,-1.1206672069582893,0.05692389488017014,-6.285741509279647,-5.632359728848918,-1.5371649741762319,-2.2457464654910977,-3.6786558083113534,0.11628047685306017,-3.1130748325607214,-3.3929146630214797,-3.743971681763914,0.25643571613331534,1.2913107377847952,-2.5212510679420332,-5.6008581859194315,3.1935827663139147,-3.695280131149576,-1.807687067746924,0.8669449230778087,-2.2470233383768496,-3.6631113486443168
-2.3261565073068704,-3.1558703941970627,-2.589571270290297,0.8797884958280088,-3.3154197665961087,-5.821946778970626,-2.728809365585929,-3.6262638793510353,-2.896534080862049,-1.5392309432826916,-3.409056939643904,-3.09634226305441,-6.9628288854909615,-5.445396542693538,-2.73952110253398,-5.680839910883331,1.0404054568300112,-4.674313478577528,-3.1037234909473335,-4.535038895894819,-3.541364731163054,0.17797681666596127
1.7955747059648923,-0.8640391600060754,1.933411056116143,-1.7962915771093262,-4.908460732779273,-4.078045169368048,-2.493491555144823,-1.7366612823736098,1.4295450394302236,-4.793654765746312,-4.523033179193258,-3.1814526626903405,-3.761675247021159,-1.8348904349059758,-1.5494414826614686,0.8207200738526784,-2.2087774414220718,-3.41921974588045,-3.191338044136325,0.9637556556935272,-1.363117581406094,-3.2812202959560346
-3.9298657541316393,-2.4543336177184973,-5.66833647005873,-0.9380201209258803,-3.6352045401583197,-6.489338571188665,-1.2202595266537084,-0.3337380345292407,-2.958243487947688,-3.450706699213832,-2.9615872856692733,-3.6409986342488447,-3.291901387195796,-6.206599001766561,-1.9501836574441527,-8.980818697134964,-3.481419404183596,1.9675502111039267,-0.10903370644638102,-0.49566225129311003,-2.0359321422539756,-7.0843441161172604
-7.504988191384564,-10.41343511275684,-4.6284362123566485,-1.8187489614529322,-3.5844386443239684,-7.85079239387903,-2.487639790781907,-2.155954791869123,-0.4650929650443378,1.771143301656435,-3.278177658580178,1.3023826284630569,-4.579527057540638,-3.7851194744663093,-1.7940764658724164,-2.4162975942057763,-5.849343044842498,-5.27370876278108,-1.91428621100957,-3.2587057200496927,0.9301598427699748,-3.514790115000254
-2.301098269504115,-3.908998992917349,-2.7836326911746894,1.3403846257469552,-1.6774235728094673,-3.440896138233975,-3.8077305052717243,-0.8885138059005728,-3.6396129283537078,-5.201006142269524,-0.6129229739985697,-6.176049734160386,-4.998797341242733,-3.2738303241659805,1.5359369249878416,-0.8587319088860212,-3.0376794409238372,-6.083167232005699,-1.0491149272945577,-4.753250876790794,-4.058384924981554,1.0401796465713382
-7.111626437359577,-5.983169996346986,-7.316485375238096,-4.00224052122707,1.4552005611448207,-4.405982515038417,-5.799242395767302,-2.0504878769546027,-1.1357862011495503,0.7658563304415251,-3.456649757128868,-4.87491639510505,-8.724540728170503,-3.205083386607538,-7.388972701249072,0.4262600820663662,-0.3761515456655254,-3.0697933784660156,-2.543071418073021,-3.4477721059470614,-6.175044101570784,-3.9007885742881268
-1.7505651001175384,-1.1226646780098692,-3.081084936687029,-2.7588346943701025,-2.8623596984276736,-6.934599974021378,-5.629133925654347,0.4038353383532244,-3.4976054851841334,-3.4484024229311245,-5.0696810050234005,-2.368261419817801,-2.742626029171274,-7.802393872634179,-0.8692335671606053,-1.0192191823588581,-0.9904074305992969,-8.566882933775224,-0.506279752568816,-0.7042243318693173,-2.8112740287690148,-2.333115020262205
