script/wind100m.json
{"header": {"parameterCategory": 2, "parameterNumber": 3, "lo1": 3.000054539987559, "la1": 64.9999836372058, "dx": 0.5, "dy": 0.25, "nx": 34, "ny": 52, "refTime": "2026-01-14T19:00:00.000Z"}, "data":
[rows 0 to 24 of 52, columns 0 to 33 of 34]
4.877166569075743,7.81522345940784,11.542317896873037,13.285985445051281,14.285312306711218,14.180692046900788,12.39201035284248,13.698125139125521,14.57230552831754,12.793491606529468,12.240842423915142,12.8812993241118,13.086332937221762,12.005780733115525,11.785210302830324,12.508726116602379,10.076085003450663,8.908693593995748,9.74091994843118,18.011043440170695,9.736448826096982,6.401006692711231,7.550401918191724,8.424707045843956,7.262825950634006,0.4580869714563496,5.293392100999837,3.3564113316053557,0.9306497094531001,4.0645127869387,3.200780468606169,2.274172032816463,2.074358660383087,2.3095709050478375
1.1748021129605806,8.43161780677754,11.445870097380519,14.76569487156556,15.098311785256207,14.668129708819436,13.89285014021382,12.061115395067592,11.653308022460084,13.32143059508431,13.506689255297678,13.393474943386439,12.612345864649065,11.647484195554169,11.601867024114009,11.15166350283498,12.672840102032294,9.07095228865396,13.514231633920241,8.76595296512551,8.2027293008651,6.314065231619509,5.76430001221395,7.101098272753494,3.103258457243732,4.056545756259447,2.7587430104223896,3.2945351758783397,3.8264468882885283,2.244357976704951,3.0703992386819614,3.4664192921373402,2.7907110931393717,3.217013945637635
1.892514195189631,8.472839428996148,12.946210815409055,18.52527852260386,15.655968953360306,14.1370888097513,13.124495554328927,12.64559924314209,14.542182919207697,14.859413789241257,11.713298405079842,12.38790872096388,13.05855485139538,11.533981052014616,11.02438860363501,10.512280132790439,9.426086709922847,6.629111297229291,3.3407762787268775,7.831766295452233,5.495962353150775,6.8843899917989,3.734618008411286,7.501654974008593,5.364279971384804,3.610535685707465,4.20757510417248,5.102470381498799,4.17632038650306,3.438566634789087,3.565007830890326,3.4632745165564227,2.942074258703508,2.6517239522059075
4.117256597076945,7.413245874205698,14.226614375928987,14.698660347680278,14.040779892052608,13.609276963081752,10.960328268653635,11.674019573611535,15.491769644911592,15.022560956875491,13.302027722740956,11.667570926703096,12.01827755066727,12.027891249933653,8.941407890924985,10.471482528531437,4.064818200675212,8.436764373942248,8.662150424680034,9.987521312441503,9.991454732751306,7.656424169709918,8.778883319643498,3.4328488005249005,3.337611460481379,3.6375436888253554,3.8071486377482007,4.150030434764228,4.369150341214984,4.1608962358693,4.13847798267162,2.6446090475771453,3.4116404015561343,3.44394823980465
5.942760584657532,8.000149960471614,14.407173854105386,13.344286621857128,13.061224110180927,11.341544235417448,12.314223228599797,12.279331916873385,16.813237535029785,15.093615231313079,12.869428908401657,9.307935240973418,9.455708277703518,9.384459973077469,6.181457543816328,9.525348084052887,6.462575146306256,4.928628477818117,7.687737916362863,7.532397491929818,13.281824273177644,6.778127508783381,4.41166706049312,3.8862016855940724,3.3111600000351964,3.6875113121306584,3.948488059712355,5.057539307721221,5.249986594231439,4.766467073962625,5.396702862555798,5.6079326524576,3.7471481563714346,3.0066230991128107
4.8896350868734135,6.84104989946928,10.607033138454979,11.737000763359205,10.81451889986516,10.748641559291087,14.83553274587157,12.20805410219109,16.270718534674597,14.834523615219002,12.269562966314927,8.535549628089068,5.825444162530543,6.7806836073552645,1.738664163356518,3.7746774691124494,2.7161474879001535,1.7554667918578848,7.54889199314684,7.981018844115242,4.13968172104255,4.781503344443186,4.281203778965932,2.158213062296483,1.7732701518429426,2.681511170350302,3.54180622785699,3.647194953336233,3.9599700004074707,6.048820473357069,5.734501854770949,5.227740963495977,4.372829152348192,4.050550400915532
6.695373251380458,8.099017142942802,9.801061762519277,9.997018500624323,10.889827099533916,12.968714932155816,14.103270986369077,15.97826599332429,15.2282669533102,12.611522063362619,9.201670809381877,8.61451820834982,3.7355568452551817,4.899046726861815,3.4139187631973353,2.4359632577825545,2.145714265695263,8.132604787355838,5.841520211696753,4.651247748382157,3.662420486354433,3.4091195269296564,3.112308482099381,3.4098729027222285,3.6477820187004073,4.1092543093113,3.759372749986204,5.013225237210863,5.034475521726134,4.5534806344531695,5.9906801106562755,6.105489002935016,6.005558990719063,6.12396271211386
5.928639752551021,7.386965367063104,8.650796175064821,9.689487631302137,10.491901157960568,14.068313269161541,13.705817670921995,15.60483128024393,12.717005661052355,9.722650419296736,9.34240613146445,5.674020497655638,3.2613007266888694,3.113234395604124,4.833808306209039,7.258553793425982,1.5860090371763478,7.898334252049302,10.446425316465024,0.31366580968092883,3.7941295226884253,1.8130983295068714,2.1177775307488202,2.71876921632652,1.5517439035530207,2.996394369278091,4.554148976656976,3.9003273639735148,4.174806425330668,5.459427471877291,6.842313524535055,7.62602851005357,7.647076552401599,9.582801146535216
4.641936170993421,7.690602247810937,9.017600621281652,10.141563352366664,11.875988588746571,12.992167634854134,16.10169969789774,14.332431881192825,11.300521043675095,8.022873358505374,8.000824655628954,-0.007503774185665322,2.0683633846466143,3.6441963250942595,2.9131748142159855,1.451636027576662,7.786564332222638,12.146772503771176,8.066479520840062,8.045328869963063,9.60213603403808,7.454786131044107,2.8822431508210085,3.1407403574345993,3.2433441679258825,4.315479505464746,3.813026285009352,4.109447690309095,5.057821496206409,5.425636224128394,6.514128326644539,10.553511096162788,11.740797279166607,11.002368381203782
6.1091620460982075,7.215278212440824,7.8704217897070095,9.208482243839121,10.716626472105785,15.03257192665158,15.118369287748267,12.126778973648152,7.503366046951908,6.398245858833574,3.6004421630010164,8.208573063881627,3.5270723623433327,5.020994474573433,6.443376661913738,3.3689081615073357,2.4299214043824886,5.480441304746331,3.036816722590171,2.675305437645338,6.289237322500378,3.0580810006107804,2.3311230554893125,2.826632614559742,2.680114495121761,3.4597693241596406,3.555461596587564,4.655693508831366,6.491460244829179,7.264878509743085,8.978936627051114,13.140919275372859,13.152771882868208,12.90418217709789
6.142046915730054,6.570632391108209,7.749328055313921,9.00753407828833,10.34484905065466,13.548738621548045,11.914950972236523,7.952010222174117,11.265757989701841,4.474028747796982,10.009807728604184,8.23788994493065,5.795477258177119,1.8812602622524248,-0.5905532913031912,3.976628607048163,4.3897315223135775,4.221138805484694,4.061052923015022,3.0988074345160737,2.0531160832194897,2.360766466470645,4.237911609459886,2.2225431891044565,2.297874437003259,-0.887396582472538,0.1328485315796395,4.171720085698244,5.438249396391961,8.982681584465087,14.07883352060228,14.29265015793961,14.447473957085162,13.935595521829779
6.4824569228905045,7.087087069808771,7.820825831177335,8.307453856502702,13.614195847601103,6.704029780729349,11.729285708976867,5.22345338334773,6.187805394754179,9.174559910617644,-0.4925878477588225,2.2844831685093165,2.895472439843463,1.7855258052544816,0.25722185314389473,4.176366507394789,6.125252336926613,4.5989840471745165,5.338853044248721,4.936105542055551,4.909349274993175,1.6147519281324738,1.8699633112137057,3.961655431975127,2.320967686438771,2.9636631246425034,3.981010819307124,5.096283276625114,6.2017642461659115,10.590825988803749,15.310035152094535,16.0279756308477,15.12447475993625,14.89007510824473
7.241229594214454,6.782404712705735,7.916900514570437,9.097479966605317,10.13701937349093,6.878948831587138,5.276509729699008,2.195282884285902,8.04169289741681,8.234838659022184,3.1087102931713466,3.7861584479281842,1.2183373707268026,2.9026099200027424,-1.3785936572894175,0.5564953617566637,3.926762162008286,1.5206753108261972,1.7456290425735201,2.8319889115724184,1.909922266392174,-0.056690998852579784,2.3513726768724452,1.7980276670325133,2.3186288054508264,2.6949630159432516,3.208787094467906,5.954676691099048,5.408130193703264,13.80184773683355,15.1797167469373,16.37613040289113,16.515967749186288,15.319499435277836
6.546955405105492,5.5632781442427595,7.108653162945565,7.877833457852643,9.963884609385003,10.291385331062369,13.703582406158311,5.061881743122887,10.858268069575054,8.542141480662368,8.053069707036558,5.43065659904987,0.7953364915030676,0.10383838985909384,0.43639413469394805,-0.40594513969767754,1.474738171278587,0.7710945884040471,3.119353092989381,3.331891804783766,-0.051450759045968096,1.8668365685211172,2.909621487625989,3.231604236001935,2.375225583754757,1.07500534042765,3.110905318873899,3.2923177702861293,8.382930329869472,13.759821088348932,15.291426388982043,16.28747846538833,16.75106386182514,16.270298382216925
5.675169691610651,5.936246228238589,6.902598469096756,8.379217187091257,9.885386706360785,3.928572673023561,1.9618381727137038,9.87589819975331,0.4341587062881282,3.8940137655452953,0.33636772727911546,-2.4579186602138816,-0.9309131219222724,1.6775272006870419,-0.13094237692307364,1.5573095833125772,0.9251304880175071,1.6842519220600234,1.939262398288397,1.5823163176703976,0.35861434315653357,0.9870615649778989,1.807910092075315,0.9144181306285495,0.6885117714484348,2.1990425372899223,2.646767086450377,4.903718008255431,7.845483010800182,15.260992031649497,15.257213779551535,15.850602258258473,17.208681513145983,16.824092127919304
6.2587253213924665,6.441597807165422,6.805802506683474,7.381944305288534,7.834697306264346,3.9135933949811985,3.975838285035014,1.13123057863744,-0.9746228696754242,2.3313404385332555,-1.1637344739244764,-0.9211605237915895,-1.3892348292092522,-0.07397859582951846,-1.1762730647043491,0.7905737552975477,-1.0523917383310282,0.8743830373634727,0.814912686395459,0.8283269861498902,1.244442476198854,1.1854484308029036,0.05839662411562245,1.0379959092496152,-0.3900306731315182,1.5188853831649831,2.739077889829775,2.1565684370100286,6.767606483413534,14.37025494733382,16.21419217939881,15.686667773447885,16.087924471098127,17.534964238061914
5.538024995329877,6.398483958814153,6.320766332525711,7.837136321458397,7.690027062789476,8.178520075033775,6.911943087485354,8.280758345435109,4.060017856323207,7.380748009729782,2.2719998870281106,-1.1214599883935044,-0.34673981801851333,-2.0867809199256913,-0.1947317083810518,0.07977705038817746,0.3331603274286567,0.9473847889631261,-0.29254004495475555,-0.3713189434462492,1.706573285123489,0.3635863658797322,1.4879569166714446,1.2511400252308544,2.8286496269878754,2.777695071577671,3.4670420521118293,3.055716198115851,4.3205132143166365,11.88408136034876,15.726991119367346,15.663415239173473,15.116825744761888,16.85347126201049
6.147241237490283,5.317695819796364,5.5953051769950095,6.950074161002744,7.00363258584103,5.692614914475005,7.428228150754578,7.972038268532592,7.341107978273306,4.465796086787112,-2.2502783432615043,-2.5175292013324237,2.6020058388235223,-1.4169750709242903,-1.0825850006105178,1.6058161407482685,0.2977801411153984,1.6050376363607544,-1.993493186233383,-0.02294066469878838,0.7388479213931328,-0.3008242199921533,1.6773297938181373,3.3285501523259553,3.902440094812521,2.4158854240744736,3.2098430664512057,3.6770356411617455,4.973082280310218,8.737838610033435,11.035411396280246,15.510711531035602,14.18754653213068,14.102739842329829
7.2132804033901525,6.3555546486120456,5.897748149682347,5.811107295685334,6.453189622567005,6.722130920508278,5.765072258075559,4.781212711193885,-0.811574387445551,1.8342231700385692,-1.6407361178393736,-0.16304833174162708,2.2767280281498774,-0.2786553431100412,-0.10385750323367075,1.846194621953431,-0.9508873473766313,-0.25239107450422127,-0.4473120509888957,-0.9912461866001865,-0.3108806368629627,1.114746780181839,1.333201194979415,3.279710246799487,2.5464443927535334,3.089648278471429,4.576246204729976,4.344479653676919,6.208498943008782,6.228328148526012,8.021094230521484,14.496907927505154,16.102049830027283,12.777632865333906
6.89911397964559,6.928924972228231,7.004474382013277,6.826147562775247,6.246162169778764,5.371956534469263,1.863810382987779,5.04432822553245,5.1759012174491685,1.2991837478555182,3.975880199799238,1.5760872241756463,-6.038818833115186,-3.8618130763940233,-0.6533359525192488,0.4807240874855283,-2.074126908109328,1.2653930621223761,0.9197177074884669,0.3280879279540527,0.37734540922471,1.149195109380687,1.3501210073207304,2.42469238178084,2.5336290882037567,3.8170591585678846,4.483897567851407,5.001141875439164,5.728987968559818,7.0578689202769676,7.607429516954215,8.73092875744649,16.991776203882544,12.735569390678398
6.584022350114197,6.905865736580152,6.976477252034634,6.455739871581911,5.080102017546052,6.811146977745166,7.20816313687161,3.3336310118902155,4.463068772991811,3.1099491113288846,0.47736776728764185,0.50054497997125,-1.1928784213056436,0.06609390605965991,0.05579064059168012,-0.6842135500504418,1.2420355549643765,1.9702454143506944,0.017706272858697938,0.8349208067733568,0.7117908871325962,1.792096653359097,0.8278007262186027,1.5040423485784487,4.326378477675942,4.849300996256571,4.73167265447961,5.706846069137526,6.259328346088164,7.75143572099726,7.78898729433203,9.93702382804255,15.51140868327276,17.03699012204237
7.104972830737254,6.626289549232421,6.04748324860979,5.5028931370687655,6.328343141148125,7.58228969670672,3.939264113107044,2.0872608889399813,2.877085247709303,-0.1066312385839009,-1.7875660945959617,-1.233505559862526,-0.12322039825234643,-1.7003325800737856,0.2597672315561553,0.43226798989217274,0.8285042844107788,2.13970515052468,0.5913351672021847,0.5615514828496021,0.8440352054550353,2.3527283236439662,2.1814526800625353,2.2642356242522923,2.6670319503120425,4.044727267831798,4.639109057585397,5.828759128485471,6.086907062461721,7.15549816988335,7.6776619182406876,9.940858853990369,12.783808935522767,17.2219601613459
7.499030624028789,6.91244964773473,6.1161782176043795,5.44045588466634,5.434331158190515,5.6734130679170045,2.926310248767699,2.3774436589673336,1.6515219966453802,-1.1530510847543631,1.4325654731475965,-0.5620100120526297,-0.7305602018821161,-0.5893772951022614,-1.1029445720300486,0.9627515572469,1.584677203631987,2.5676865811151006,0.63785603327995,0.40927561436158033,-0.004319425807628283,0.9707077806311155,2.6686768698481464,1.9725561850304152,2.425017429746808,3.920859724254024,5.169222263754844,5.988459764107908,5.327825255113518,6.664349797403734,7.130754802381166,9.397494396319342,16.496864350474464,17.265807516973826
7.444752360592665,6.349661441174577,5.8674966091997,6.186308459071177,5.382825474447432,5.101103424953601,5.370598516964964,3.0443560404120027,1.0405551719122452,0.7510523615457948,2.0046049964612225,3.0384337640384484,-0.8032021974226237,0.220523924153127,2.501717414849547,1.0414176240220088,2.3165371597646227,2.282483181114998,1.2923247012782373,-0.3257926332633694,0.25161984300952456,0.8303127045406811,1.9293173103191834,2.325316928605508,2.9748388234627727,4.629278102108057,4.781564167520845,3.831590392562307,4.429416928541517,5.693853435336863,7.0375136580358575,12.300062344476792,17.131767766797076,17.439648407714696
7.327750394390836,6.59057385500748,6.308759420047708,5.579927709446131,5.956952492949909,6.325123801237706,4.408882424576158,1.02267699813585,-0.03786373458774402,1.6084882598433676,1.3861496458118099,-0.0006550161377504462,0.5916493351286571,0.05495928878003209,2.029038368300417,1.9546086076711637,0.4959817709759317,2.160366490289595,2.2412270407226687,0.8857057409714134,1.588328506983756,0.04142247972566405,-0.9037880853161534,0.05093423327133749,1.6175130559611157,1.687079465408179,2.5165005161804266,3.952674062359109,5.010869741917951,3.9838634843261476,8.079283904018391,15.08136821951165,17.00375626720732,17.612901351950665
