script/wind50m.json
{"header": {"parameterCategory": 2, "parameterNumber": 2, "lo1": 3.000054539987559, "la1": 64.9999836372058, "dx": 0.5, "dy": 0.25, "nx": 34, "ny": 52, "refTime": "2026-02-02T02:00:00.000Z"}, "data":
[rows 0 to 23 of 52, columns 0 to 33 of 34]
0.10077912257672715,-0.016088784062825472,0.6986941733244376,0.45252005732260403,0.6390989152595679,0.6332937750602348,0.6163329666360677,1.7311882116608899,2.555732787389616,1.4436772991166489,0.22040422114888825,-0.8561120777840099,-1.0881647507658652,-2.7036692972927217,-3.5503284830442565,-4.7184265875883895,-2.7770673714639296,-4.495415221106434,-6.173711034010848,-7.905388222411151,-1.964451505474605,0.2093185064485576,-4.950421331781384,-4.115825652875984,-0.7274064505066449,0.21089868306071716,0.18320230600894707,0.9837682251132545,1.4805023350471596,0.3750247848061472,-0.8622848855143089,-1.5521546831522501,-0.7814037290903618,1.857552434036232
-0.6875691757243543,-1.0559165720385453,-0.8016767657578471,-1.0693184766625794,-1.1884602351723186,-0.88782996022218,0.38368805932819366,1.0288009341948463,0.03829945472912199,-0.920828644541628,-2.4140832484562273,-1.8199610038243734,-1.5451450424281707,-2.683969561555461,-3.6866331889618604,-4.909402780078119,-6.162811382682083,-4.963534527652676,-9.974485811828075,-4.242830336681439,-7.079399008031183,-3.6004416812777826,-1.669655316630593,-3.982491813814535,-2.1668348770997388,-1.487163838498989,-0.04828645453541176,-1.1461651526085959,0.9451633851714396,2.613447167856656,0.7920130480642675,0.05941379503161382,-0.8470308804479503,1.8023216622605502
-1.0129289822021217,-1.952480193844746,-2.359136482053457,-2.5768557356593798,-2.3364413541016074,-0.45118762768955833,-1.3204873355078834,-1.7927642519776947,-2.4465031079102793,-2.703452020026513,-2.6203654687147107,-2.942358194181558,-3.448563151363255,-2.061344246963322,-2.7734528071888733,-4.805330277077342,-6.3965897023555,-6.072753701367706,-5.191886346478886,-6.543716267875877,-5.444571143133997,-2.1202191880652714,-4.421466612041291,-2.650840741176084,-1.6974812827306267,-1.4750776188911914,-1.5263060477974348,0.38048862687204915,-0.13819111713270835,1.454108331812343,2.5490642820799225,1.5625950183258146,0.5716658149687269,0.5960685357921209
-2.037130913055564,-2.5501792963224608,-3.538735375156579,-3.420934274152638,-2.8232977190488304,-2.8931616564352116,-2.431817215958539,-2.3873278506611695,-3.1812398574992264,-3.963134840487935,-4.444748346497456,-4.02104890094167,-4.217727881383294,-3.36629252117896,-1.6411326653327176,-5.69079581601928,-4.202251221109724,-4.10498340202661,-6.318881220983631,-2.765709570982437,-6.470652831029473,-5.794178524681756,-4.3405787581188555,-0.17086356017050716,-2.166726319007666,-2.155245102113903,-0.7614028566554116,-0.19743490676341058,-0.5312715788155754,1.4705566833992751,0.0507902604379936,1.8674468292244832,1.3246584879980874,-0.19221109742188147
-3.6159341503164564,-3.1111071006804956,-3.6741319888519284,-3.823286743850819,-5.174870764018727,-4.589739900311856,-3.9334790962396022,-3.0314238584022126,-3.4390291017491776,-3.9792604848687687,-4.6776512189478865,-5.9051483777980875,-4.37848755232292,-5.4914639669387935,-7.626897043123033,-8.092868118536709,-3.4276219656175733,-4.502162026890164,-1.680316108535055,-2.544702197721936,-2.3432899747834535,-1.63040267745681,-2.838531824623407,-0.9406989378428267,-0.8997957244601346,-1.1800948145661974,-2.3437625975771197,-1.7820410351029257,-0.000764728383315011,0.7961514365187748,0.13974428384280863,1.4922896399174197,1.7617257754818723,0.983447750089911
-3.837475232050141,-3.670474614098718,-3.832823410847431,-5.365543218744315,-5.977002811924854,-5.83537166238977,-5.567615108450036,-4.783346224599742,-4.198910886581719,-4.200946000305317,-4.302305196826502,-4.3477352863322904,-6.781679682789085,-6.6068338612186555,-4.701679192426339,-4.114243438889286,-1.383216757764011,-3.1991223383919736,-2.144950633910457,-4.416073909345289,-3.7114972626303833,-4.8646890295392575,-0.8263969156556101,-1.4405477355094032,-1.8692739161798904,-0.5491835440018524,-1.3223010448508015,-1.4963213853917992,-0.8949339503055818,0.01103340863827123,1.1921370204842467,-0.32460153372502515,0.6300009356644717,0.9212101898683792
-3.6875795978108648,-3.621222367677374,-4.113528799984442,-5.239667960308797,-4.654221105869967,-4.81223402003405,-4.775697404743385,-4.6992426625812636,-3.5149837223953453,-3.263376357159549,-3.364505588749162,-3.4739638434552433,-2.4987519275296193,-4.987623213954599,-4.681629078473448,-4.148809256748837,-3.2503398888815385,-5.23272284073454,-1.7065077637412194,-2.284209037073083,-1.594203384461251,-2.056062976248083,-2.743662363170519,-1.5195058352539748,-0.3988873528284564,-0.9550272477445394,0.3841696600668305,-1.721169989334241,-0.45882101323887514,0.3645088804646134,1.207210826540018,1.9686109354731218,2.5371544056430806,1.5797782890817074
-1.5172621041528287,-3.9001667172055767,-3.8272916628782347,-3.075003726156887,-3.9414632092028845,-3.936528235742053,-4.11876545238016,-4.882479501191044,-5.237517206560914,-4.597203249527781,-2.803951028766465,-0.8715917236779437,0.002108170158061788,-0.339084365550732,-1.581511817870788,-1.8591152157357658,-1.9461352403504828,-1.1427963009174802,3.0847341833080755,-0.6624740125632119,0.20746939376879497,2.0280116380695357,-2.58997848486922,-1.4412322428218474,-1.219353907694944,-1.6086430638609428,-2.4223253746838513,1.0181939929768271,-0.9170815670045835,-0.12183330771688453,2.870968286893498,1.1079262298154677,3.319706003746257,2.8460688357603425
-2.1017472486954407,-3.1644473319619,-3.567559556408608,-3.306604614316846,-2.35731543659787,-2.9058149241121676,-3.557960720789862,-2.8598841304827882,-2.1192185528683334,-1.6392766236961342,-1.668557919341823,-3.7400015421910426,-3.4064356932715842,-2.430622410323436,-0.6361947175703272,-3.819024510945257,-6.990627689061618,6.874650801780525,-4.39330406910584,-6.691044031388909,7.85399610568843,3.9271912203649273,2.326149190459514,-1.9467081820222072,-1.0596999701507976,-1.1135688839105564,-0.14556383699667944,-1.3225749355185192,0.19362974955159246,0.6685393152728606,2.1590831977470843,3.1370744568171665,5.268068911196712,3.1581052515856625
-2.4437057997092455,-1.9813664841734422,-2.138032882983067,-1.9634710250845806,-2.2843395457874487,-2.90543214755917,-2.145579487998651,-1.5505802565746758,-5.303087487939614,-2.7659219580137595,-1.9903225527106876,-1.6317158432773062,-0.4898605858224314,3.2122283963136793,-7.640425063823104,-0.5323485824929235,2.9871520350134815,-4.747875712282735,-2.5788336457760024,-0.013752733919453183,2.1183934864017453,2.142459885447718,2.608416257230038,0.32427841120732687,-0.760022825784346,0.043154580501564475,-0.23575716287674892,-0.07394996161339489,-0.5387557575087456,1.9106209227118953,1.959357850827045,6.083047294774726,3.8850526342830207,2.1840919736149105
-2.2492374604170275,-0.41993507279845527,-0.5995822227838126,-0.7452386496733652,-1.7763240267291074,-1.028743207152179,-1.7026850430756066,-1.5301396490608388,-0.3205136412455024,1.3465914783934465,-2.4387583507301884,-5.4081828041199405,1.4403240492805571,11.855153700188668,7.347180009650123,-4.728296698909724,2.4646793454826432,-1.8969388786775656,-1.5619769564534918,0.12821800079480483,1.3197949959628097,-0.698926316091654,4.400250141377592,-2.3033091401880688,-0.8024221259576304,0.2846182697978776,-0.4858475104371486,-0.333075590143739,0.6958888161658925,1.5646002907472534,6.105159446887002,5.983489988077686,2.1885887055974833,1.4602780228581906
-3.2137816080965216,-1.8272845256155819,0.06428772427442574,0.0888819016840948,0.044193077023426314,-1.6182891884805413,-0.43243266824990784,-0.22015819179309468,1.5544580623856978,-4.149823552461494,-3.763421308332141,-3.5245666481186695,-4.214413303634049,5.656153677894065,7.13655039794097,-0.2840373766533155,-1.9219213176827954,4.209851876192881,0.7083687281237963,-0.9597676462086013,1.55380269811416,2.571412481377971,-0.6293168538540245,1.2693541691929715,-0.527530519138696,-2.707777342495783,-0.14773229418378406,0.6158345857099445,0.9816115492169162,1.56457844539701,5.763195727694233,4.9128730259212965,1.2232149972923974,0.7039067172125308
-3.1803140002840626,-2.4474961794142733,-1.7431145297503068,0.10727413120258973,0.296113620758766,0.06535817334311976,-0.21490443213072508,-0.6553141747277988,-1.897546338709121,-5.880045682571385,-5.67177369318725,-4.58500000650277,0.1743948070795398,0.6801681046635073,-3.9525146540609635,5.56602858887345,-0.42873003946946225,0.7249433489895051,-2.3064257431712334,-1.6240636100822152,0.40965745214845845,1.9462701360083894,2.2803390846829945,-1.4615012903718296,-0.2699666916539427,-2.1347984870333225,-1.1108240820732025,-0.7778265389735951,-0.06457548953543706,4.225010752435541,5.145177607418021,4.503244978985133,0.4332359889548818,0.0012656218965151613
-3.3801881125126236,-3.2169110498581177,-3.096369321623692,-1.699173839665997,-2.4303478808795878,-1.7663159467632892,-1.885449527678454,-1.2338409328846898,-6.7086643208778876,-2.174894882538841,-2.185496192957128,2.4827838573102796,-5.600236700469189,-3.0289017001578613,0.49529406320504227,-1.1981451953038098,0.3474850087838211,0.2595977273090358,0.04816709200988347,-0.08207131643969014,-1.8394241298350296,1.3396366420695265,1.2057340939021692,1.3480761518360564,-1.4786971417788002,0.530556362794481,-0.49541534077926075,0.5358907270274303,0.7691396363904845,3.136864364723674,4.880997236966685,3.6688418976704757,-0.36105772369793265,-0.1346801707450221
-3.617542502972336,-3.0086172221942915,-3.152340475863371,-3.3844372202655997,-4.286868498262116,-7.175647832104067,-0.13187633626317588,-7.87530644377724,-1.2518001088483803,-3.8404281026083282,-3.2634924902058113,1.9292153526255407,1.5703451753670907,0.9328731983494518,-0.9826257571420624,2.151247874603156,0.8683684496482147,-1.2835668154548605,-0.7655911693203831,-1.3180293464438242,-0.23328255905200948,-1.2402541982115518,0.566281436561416,0.9452838967898043,-0.8783540657487311,-2.016100010931494,-2.25474991068439,-0.788035961877636,0.9976829297819599,3.0084020073633866,4.112077708997692,2.736711379526429,-1.1982996211108228,0.16279981968721244
-2.5734512200939537,-3.595507480261546,-2.5476324068894267,-4.669234780030115,-4.7758558982223125,-3.9192358917606196,-7.01857789660283,3.1684019261088308,-1.0653210907402086,-4.926310645093286,-7.52926484560713,-3.464588461586612,-0.9267680909331558,1.2963543379113889,-1.2757295443954608,-0.16756842125561083,0.13075777843769035,-1.990320989229482,-2.315119433410215,-2.441938854882167,0.8608351635988708,-1.622054504562796,-0.21437681769937472,-0.6309992956842864,-1.5805572104140455,-1.7773211157362752,0.004025899411952001,-1.7539829585412956,0.14590448445815676,1.632681098493105,2.574296017987249,2.749641326885544,-1.3206634769377523,-0.46121774696932516
-3.444209905179036,-3.744720589755578,-4.207760047464134,-4.3261806873070805,-0.34410335825421146,-5.565803075735326,-8.649313950218952,-4.636638024569788,-1.4128756954692143,-6.339766883617551,-5.779902163096943,2.529947284897598,0.08455360780543252,-0.2103624772464873,-1.0087415200200545,-1.7837910238470949,-1.3739114824350582,-1.0332877849425042,-2.3449488981288322,0.6061925590411791,-1.3690770533405203,-1.3943212690243307,-1.9623936459747253,-1.4467602467538832,-2.726067663202072,-1.9734007370358593,-1.1261417367476279,-0.8344011152475291,-0.7329272367256965,0.3715572614763987,1.628067522612765,2.4441967227415784,-1.7057415849460964,-1.3073479007645044
-5.985494601420556,-3.212064066824681,-4.566829993787799,-5.319313796047999,-3.436489089500048,-1.8102697546926443,-6.547967760198066,1.4452272332369684,-8.874315408731423,-3.5195310279670955,0.7953356860841949,-0.5863752836043493,-1.029018116931977,-1.3933719242680733,-1.5777768287115743,-1.7236855700017593,-4.66966902262439,-2.7033187114415043,-2.5973299263196346,-3.6039805419686037,-1.9232213334220543,-2.1923908637158336,-2.025804172016112,-2.336913359083202,-3.168260454753703,-1.9588528181648566,-2.9994640078282377,-1.1030101134055637,-1.3496456776845254,-1.0528805230260667,0.8529052401881329,1.9372844137767102,-3.4317925087681163,-3.5335589280346116
-7.107135427566801,-5.286839712862005,-2.8510815985817453,-3.6148896634029914,-5.484120823586341,-3.202955335316056,-5.260562946852744,-3.5495706195929384,-12.50136131807832,-4.533060907548283,-2.254207958080547,-0.09403963363533885,-3.4304331149197687,-0.5229457832448539,-1.5096610873511396,-2.8158453988231242,-1.1072881337927494,-2.4786063675322247,-0.6572884905985861,-2.64881013359226,-2.229215244323516,-2.2175667308442297,-4.114486225996948,-4.3068321466072605,-2.3895551991333353,-2.5471945666284315,-2.947373174269415,-1.4243332558267885,-1.8204554737842547,-1.673668044931532,-0.5702732773706075,1.488012861513171,-4.821169896449652,-6.058076214019052
-7.486359946281831,-7.373649156848868,-5.653931315903252,-3.5186850489763426,-3.523894300994098,-2.9982156880790645,0.22906281529501132,-1.5930525655782404,-8.091571709426196,-5.530111594378315,-4.007252524564013,-3.954643074868764,-2.4672996809783374,-1.997029606433348,-3.238956830201047,-4.727945525835027,-1.9418137331974095,-3.6835004117052574,-1.006323148958643,-3.747904322229976,-1.7670342859500714,-3.6543238915671785,-2.6155229960478152,-2.905371480996712,-2.4950764779173173,-1.9685114437169489,-3.163425298848571,-2.5970971882928207,-2.585367769389773,-3.158051388271179,-1.4904373363550618,-0.4693496384892905,-1.7758797614503132,-4.437567569363316
-9.471608306859917,-8.213702076614286,-6.996200259532611,-5.606468566943912,-3.0545286659043236,-2.2666780944125238,-0.5620894600223992,1.2278606254177773,-12.007024137349223,-4.799474737023404,-6.441486567523474,-3.844376805294822,-2.264043518278524,-0.9400460719257858,-2.392910433104353,-3.022951729779467,-3.3980663790277443,-2.757083164927236,-3.118509794081084,-3.6843450135481297,-2.77543915559693,-2.998059366387745,-3.08842600399825,-2.9481967653201875,-2.188452790535132,-2.3989357404928087,-3.085210884087269,-2.859542642861745,-2.946519502837804,-3.741561792831823,-3.006388458205228,-2.718495638459378,-2.811233074293352,-2.8534210300548906
-11.577166399567073,-10.148159272361264,-8.429211536459094,-8.112737894227342,-5.419578383712815,-3.5108422717987997,-7.774271462767976,-8.161886141931507,-8.267589623102335,-3.723419633557502,-1.823985373340952,-3.9612232678419184,1.1116125838879776,-0.8082139963956481,-4.859939301800691,-3.151147551689476,-3.3778132852545677,-3.5732166708433417,-3.7105585595988626,-3.7829485883263447,-4.44477383976256,-2.7397770436697813,-2.834523467024573,-2.9055060673616095,-2.9301929106732896,-2.9121069325749396,-3.2370347928825653,-3.958718693198311,-4.490947699127507,-4.585891151297071,-2.6227973926938994,-0.8844564833032841,-2.7461857249143775,-4.007305019784302
-13.277246639697205,-12.22911289648908,-10.855243685092075,-8.305616322129852,-7.611901938890447,-7.457978845754647,-9.423234994236674,-6.4998052710458945,-9.183462175282921,-14.455844270748978,-0.4994910395339988,-4.371222397992266,-1.989297824362162,-2.3822807340821623,-3.4474383087302183,-4.164722261625574,-3.603574478352223,-3.2744031885975033,-3.79517771655308,-5.115388302161726,-4.937377661461715,-3.812127678900704,-3.7210805070056483,-3.265520342726022,-3.2835653102687523,-3.476552116727351,-3.986777125365999,-5.129672790659226,-3.909973044558587,-4.184149684729116,-2.728780300917477,-2.5242597066336607,-5.1139692083995305,-4.7946234243465815
-15.5230013951882,-14.261887759907468,-13.105174016811258,-10.568303855286551,-6.545766398509071,-8.367835016898189,-6.71882781790781,-17.0645713394635,-13.372298844903659,-6.510854007870205,-1.117488920675463,-0.6866764101666677,-2.2592104907147466,-3.617126996020146,-3.347938346141097,-6.507311873546085,-2.36509620257485,-3.7151015753864156,-3.911035010373634,-4.753625848515362,-4.7183271633378805,-6.811162288742612,-4.42743185149571,-3.6662648296399256,-3.77722704504959,-3.435259463375412,-3.381567374675677,-2.979976054980498,-3.4876667274188877,-2.9871530512127262,-3.2121844767166516,-3.249572249065961,-4.699878060614691,-5.046464023060631
