script/wind100m.json
[{"header": {"parameterCategory": 2, "parameterNumber": 2, "lo1": 6.000198445256149, "la1": 58.999992894266676, "dx": 0.5, "dy": 0.25, "nx": 22, "ny": 24, "refTime": "2024-02-21T02:00:00.000Z"}, "data": [2.682748726380742, 1.9716951565729028, 10.540316935804773, 15.988685367479176, 16.97987340986231, 6.14936697584359, 17.310548635116547, 3.1575727096076043, 8.310671441272287, 4.145078927150637, 2.590864572917403, 9.491210371917893, 0.9311321478334752, 12.013851788237352, 0.5372725169696922, 4.24443730676051, 3.8359088032791826, 9.285780365182873, 5.8401824236855475, 4.873829972344198, 11.32645047567995, 11.792143555590535, 1.27794613227835, 3.035814099105587, 2.424804921721027, 12.285148573428215, 11.922719938514058, 14.52862651895401, 17.33469198547299, 13.679897619545512, 17.973552039515884, 15.35153456524262, 7.86985739876672, 14.743758280767766, 4.094431036276095, 13.613690246516216, 5.460936560397109, 18.88066405448975, 10.728868518205111, 4.797760256547609, 14.518043295783748, 0.870170432705052, 12.171423345967758, 6.517849560290445, 2.9236665605883867, 3.907070432862434, 17.430738324274536, 7.8301399583819755, 7.432049882825713, 6.4092047319082175, 4.678477631134485, 3.959449374503336, 4.5444938211783645, 8.98090239566964, 2.4991952007119544, 6.479007790234707, 10.2064604275801, 2.6875645734619593, 6.082306364313372, 1.609633185158445, 8.976230952751273, 3.5168633311767548, 5.6637963199263925, 7.881578886343771, 9.828416628249068, 12.222292886817403, 11.309970607993733, 5.391170032542385, 9.514600090448116, 5.583094531486689, 1.2221080843180832, 12.907175720474905, 9.974248643075605, 15.858114865977727, 7.05716744171407, 12.633553031415948, 11.75018958975513, 10.08732082804686, 16.05071268732135, 16.044160766490105, 6.955924035744199, 1.929090263191746, 11.43782890758174, 1.2766645227028912, 5.875401957248196, 5.3388555487867135, 4.682803463345186, 14.06745230233774, 0.9913854158102048, 4.328179226491069, 2.8857609984312824, 5.68710234627302, 17.493131516174586, 8.673861757195011, 10.529368894853647, 6.299485281703079, 9.408722037708715, 5.906358751419385, 12.092695417823577, 8.518224700820625, 18.12787195937777, 4.578633403015855, 11.93804826533132, 18.303841716535324, 8.215503832611223, 4.548032217320864, 6.552995220504579, 1.6467118958585765, 18.17220949061847, 14.147468702325328, 4.485624903234166, 14.716391335072647, 16.81446472189778, 8.799375125602777, 8.415824702075255, 16.788119487466073, 4.457509179041295, 6.676174344556792, 2.846419026583024, 5.11321674644697, 3.0290415960704142, 3.4752034315694504, 4.37265273789148, 8.886280642438686, 9.911459617572087, 15.672398915398643, 4.667530430501118, 11.533405438447273, 2.5479707754141643, 4.611018194490625, 11.506683295379466, 10.934408340374803, 5.28789696202582, 5.5134313992912345, 5.622198252870999, 17.189532347964096, 13.200504139780772, 6.620498758801485, 14.73623961305896, 16.65626844064101, 7.373984506693372, 5.355784284797405, 4.176666534715603, 4.95375067764572, 5.145289594868913, 9.83898457294563, 8.511494232086322, 9.520273443604268, -0.5390893940137936, 11.124580211576587, 17.086133245374047, 7.898863281045481, 6.948606868810793, 12.410681994118804, 5.5532733991327605, 1.2233462022054749, 12.503521153749606, 9.754430731386126, 9.793511826584783, 3.567631109759412, 16.131430962107565, 4.6776630914305635, 6.508220054931661, 1.9849302557441146, 5.80667759251773, 12.872579667734787, 10.053202337186502, 11.165891688818018, 8.688231067514124, 1.7508842088512204, 4.965618502609473, 7.929245218821755, 16.341159780687615, 2.433506101585525, 16.944608620668237, 4.316694909201969, 5.46698636572814, 4.379033274366837, 7.990537934904735, 18.32417457385628, 0.4488957412264927, 14.03773824973307, 4.202946017451899, 2.9093648285896965, 10.477801055660523, 2.990708455198188, 11.460422149178703, 2.8266913167567758, 5.117780391081875, 8.921646865276555, 10.585312618425931, 1.8655178527835075, 5.183547880377242, 5.983703373770488, 10.548993156362734, 7.325192325682507, 8.304872653883201, 12.775597380576404, -1.6798603660731675, 16.338831268994067, 16.15994986125468, 6.106301287263054, 7.305419038334505, 12.032527315674049, 2.95112301612899, 10.022635298739626, 5.294999782673484, 18.96706622519409, 7.185574072256404, 5.906916499497116, 2.6730698003416635, 7.8387348502431955, 18.16812151448152, 16.447604506924097, 5.094011184884275, 0.4807043759061606, 8.207984045607642, 11.22869104250082, 3.3976264169886545, 8.689283296361136, 2.595552221597154, 9.400887903774084, 7.284633706987622, 10.638267301019336, 3.925083579626203, 5.626976811621792, 16.277240638933215, 8.804612256105056, 9.962238621862046, 13.0075235188779, 2.385849875111118, 5.62091348069027, 0.8744943454627925, 14.509079600069935, 3.4655033638106976, 9.850774467766774, 19.223764705655253, 10.75379740228439, 3.0257036686948195, 5.531168642512772, 11.464524231712986, 6.524962251376545, 5.247799309378378, 5.609194603466877, 13.613111783490318, 12.106601923250254, 16.44306370616409, 7.419519343289314, 8.213735628712781, 13.176150930785045, 5.9158124027306425, 8.578059235404911, 0.49795928057680977, 3.623132879185488, 8.325874182930228, 6.007460069124559, 1.6674701815434152, 4.332585741209552, 7.044795801315026, 4.6204917831938195, 10.558743740051122, 2.8919831571778722, 5.805487762332649, 12.990540519265219, 5.535189945253595, 16.38909848476767, 16.199905855151258, 5.867506021586382, 13.155418343981642, 10.233238757743758, 7.257692054560219, 5.524187665877934, 10.501535818144449, 2.9942233482133815, 8.909270984673176, 6.183208333465014, 12.768839550419564, 9.102444998045309, 2.103673983913861, 14.193540130166442, 11.169574382969191, 10.779285362588125, 8.038956384635002, 10.830996447529737, 17.1982744660442, 9.150053990690362, 1.4803924461909452, 8.484465998573807, 10.732731738092221, 7.984528972629701, 5.279925405289638, 12.468578321142983, 16.878994705876263, 5.621186201196169, 5.238191734653241, 11.45406645613089, 4.359626881661112, 8.35106225047642, 16.957203882971612, 5.267623515745394, 1.9603976012800108, 18.12774677363347, 9.568624326313532, 9.825456716902803, 8.015203186231487, 7.306144973349968, 16.427807627507544, 10.207684492262139, 5.246829885177023, 2.4940641998375654, 16.474335533665883, 2.9814892157017847, 1.3629447559051717, 14.14005213492004, 5.000297685501344, 7.6312488940090795, 15.107074615743466, 4.678340950549336, 1.7013493966180966, 11.244314833937311, 4.965071100393031, 10.855930081853883, 1.6713917005332857, 7.231168764414619, 6.193438218043008, 6.107412143118434, 4.141768496550253, 5.0658481492520275, 3.4937401148795733, 18.97313163178464, 0.6422039341685616, 18.080555117850928, 10.89584694750235, 3.8839343126546098, 5.267641461343067, 16.05498047243922, 4.830792829338036, 3.092602155733262, 4.465766639543114, 8.66967438928271, 17.00648952628562, 10.14839777792751, 3.8065195666769758, 10.659942490192034, 1.6806579340099828, 16.87132578596726, 10.266463036708474, 5.944373463906296, 19.32594663568641, 6.553989457041663, 13.156533720984633, 12.575650239433557, 6.399979984651718, 15.762949697401266, 13.18412040951658, 5.261527925787909, 8.777262917722476, 9.997676907216352, 11.628266318684897, 10.14723325172881, 16.824487914970433, 10.458254438011016, 2.8766948904306773, 6.0148388587988855, 15.701834250354592, 16.58623499318795, 4.181233653932582, 4.974614373451533, 2.603216483668432, 7.2266182704677115, 16.89120903537317, 3.827021956306098, -0.5360668698008288, 18.180230980778155, 2.0123503742577706, 13.75626109202293, 7.673209733412019, 16.168421727405775, 10.01449223258095, 5.130703570049375, 8.592983576571783, 1.4263969588651284, 0.2135587525906193, 3.8319923382430936, 7.6700489426724054, 8.040099311692423, 9.81336914818758, 7.8066383568149424, 3.7031825623933274, 8.885777694308025, 4.557621851232376, 2.561409148572451, 8.53757476655566, 11.609751834781271, 15.277464489845405, 11.085464817854756, 4.390921705606865, 19.030249830939244, 3.3750367020647936, 12.448308061120267, 2.962178818000806, 15.84414807471793, 5.569982696040152, 17.83556921625643, 10.144723022565634, 10.600676154891765, 6.399113752787154, 18.505594311675285, 1.9842047785864547, 1.8126841683962527, 9.642870152542857, 11.248498914921871, 4.978593485111482, 11.719652611284507, 0.14407409669290164, 16.47801361783758, 10.382328811664935, 10.833754881108838, 10.945892813846429, 10.074517440191835, 4.671346991552034, 16.99637873671148, 5.48436863623016, 6.484632259837788, 11.282235904015076, 9.324310708136156, 17.56367557482594, 16.236031515086168, 17.005370034002063, 5.746121253947071, 2.133157117356499, 2.6565557017301584, 5.378516890882183, 9.248465792552032, 7.385353930240216, 4.3169409005220905, 18.598745359867642, 9.53295911960255, 14.800157307923945, 10.74546043311716, 4.153280849238246, 8.063933029971283, 12.169999782277756, 9.988118699626108, 4.923573747380943, 8.636829903370113, 4.512514520899705, 2.6489595083845536, 12.533080850412809, 4.523861543093525, 5.399283042120719, 4.3772432547942435, 8.133535059862675, 6.702244752269737, 17.85922200151364, 10.084891028882078, 4.3746290592972485, 5.582139591904755, 15.91265091030107, 3.020267921120546, 16.341203011493214, 15.214808358068389, 1.1232904664485512, 17.019814261088108, 12.579781775410128, 4.194189884299259, 12.62512769787865, 4.575109471487736, 8.878010377444447, 15.866029223746843, 5.081148397664832, 1.978584218442901, 10.060392255265288, 6.1905323592151, 10.278285250578339, 8.873396319774447, 11.051091223149575, 13.544941491596072, 6.1611612260644115, 2.2296864030757964, 10.44786777347115, 5.064355420308137, 5.703215033311644, 15.404625798185295, 6.454173125779515, 3.8045960230771745, 5.616639069778387, 13.176344646049612, 3.739149399741034, 2.1673989449470112, 7.392440479143921, 3.618645106738608, 13.163619495389202, 5.287712067421224, 6.6281422938275565, 4.609961367134212, 11.245539449424713, 8.450029604946339, 12.673361926469317, 13.578583699114175, 16.65156573521129, 10.571864693940121, 0.4752868981062881, 5.903429465629114, 4.8107520375291095, 2.7540746142664743, 8.362611120658682, 9.567500532460173, 6.173292812589429, 7.576379746732661, 0.16606427598881898, 9.126722266541066, 5.632040652574874, 8.444231263547026, 4.481441649361416, 12.10991269853808, 3.876231399360068, 2.587141814785286, 4.846784311866163, 9.321907493443154, 13.66695941395326, 6.888939321973038, 17.82941279013179, 9.042524628411515, 18.730966160673965, 12.937411568612582, 8.227028479680179, 10.331751859502168]}, {"header": {"parameterCategory": 2, "parameterNumber": 3, "lo1": 6.000198445256149, "la1": 58.999992894266676, "dx": 0.5, "dy": 0.25, "nx": 22, "ny": 24, "refTime": "2024-02-21T02:00:00.000Z"}, "data": [-5.152512479551445, 6.246627747989293, 9.05095177651958, 5.304911432885751, 3.9864578091218625, 8.134021202110402, 0.49101294876733126, -1.3096434578347023, 4.289981774310271, 7.612556852235663, 6.661668022864899, 7.537084586150101, 5.7123151998830535, 8.622714164723424, 7.505107392491482, 4.9442006460208425, 7.051456135167354, 6.65737974850452, 4.8016458189190665, 4.183427605066981, 10.440444362785692, 5.155064752709325, -1.891402725902244, 7.210584233653509, 6.508519493278405, 8.4819539240777, 4.986821883443573, 5.780718060780073, 3.460953192818981, 5.5796666091739695, -0.5276789062033083, -1.0272513879833014, 5.903858244897258, 0.6588537196698341, 0.13140900043864467, 7.821858679261468, 4.514437818882882, -0.019044123466192137, 4.992001184406008, 4.023851286963585, -3.076830585526024, 8.413649404875448, -6.977288126099838, 7.306591252178284, 7.347701794741245, 6.976194013725959, -3.131928446918135, 5.605704601885065, 3.253476479972404, -5.8013747594706135, 6.434648265952403, 4.605124339244503, 5.87702990936886, 5.266322727189076, 7.0172205612006495, 0.4034745207310917, 9.754094773528134, 6.6977368756420415, -4.156981148268014, 6.558156779509478, 7.003230707663871, 8.06295458113262, 9.389936844683342, 7.123927512720746, 10.15459423343089, 10.371778472178043, -2.300813339810199, 4.575787403673952, 12.50325139407102, 3.6610342750133453, 6.894633662309798, -2.7750734588970145, 8.827218057197454, -3.8885490080433587, 12.815490756368304, -4.695194928256886, -6.923522454257581, 4.166297690490703, -1.4013243507667625, 1.0303124079798631, 6.693439744216164, 6.415344405433146, 3.996640061771685, 6.718010617821918, 9.52718121729908, 7.234844351927052, 5.4232861608103455, 0.7030655228636422, 8.83579651740356, -4.845905325635689, 5.826094446209302, -4.778860895349639, -5.109598869444919, 10.523999288212933, 9.699001046093821, 7.334898508544299, 5.302286991109022, 7.748815461565644, 9.035848296146693, 7.535348895507338, 1.6370608183035786, -5.447446748759407, 8.649361774413185, -4.53201147307251, 5.273153087192891, 9.119426256710739, 7.950705569093213, 5.049616674380314, 0.5402882885521528, 4.363137898778908, 9.11001234534885, 4.12258550855582, -1.9076879383794945, -6.880029851508981, 9.746672990971025, 6.840220893538416, 5.920769923409633, 3.187684643996766, 6.894805905154647, 12.660467438179039, 7.9458198076990705, 7.742359750688481, 9.581582084440207, 5.85003279617133, 11.397826148488038, 1.1913486277619134, 1.3786506722619223, 9.798332059519124, -6.133592542612812, 10.892659392161955, 3.914136114975263, 5.560185686979669, -3.537220024094769, 10.661457318392321, 8.917777204588107, -0.8099626459354466, 8.333351630692029, -7.962198482135698, 2.6908675873428076, 6.651700656330568, 5.729385270285287, 4.259409960175283, -5.536357192251791, 4.217083891260238, 5.38525645844906, 5.470544221675923, 10.976078064829025, 14.066314510843002, 5.161872810625828, 5.484516434598565, -6.427403330453064, 10.168821192680907, -9.52848520700822, 10.000461573490544, 6.020401108800758, 6.989728855752926, 3.4911682618399724, 2.569927815946677, 3.5596298413294436, 6.202458906148055, -2.384646412779473, 4.674608924616997, 14.111104620081857, 6.452153971319149, 8.822144830719049, 6.049190748983702, 3.4196504994313326, 7.954724327251893, 7.419277296867285, 6.3602325021416615, 9.458082609888137, 4.278234226421012, -0.7511231042163798, -0.9432661039899134, -2.3915618155060745, 4.165387352438715, 3.0635841632265186, -6.834237862981678, 6.802127073436345, -0.004788885294320931, -0.7454694264574275, 2.105962090676511, 5.167209622519788, 7.828369446777776, 5.395390022606934, -4.229820848579556, -12.10340602878377, 5.267282531880189, 9.322040649760586, 9.066808061905634, 10.870701618055374, 6.695043629062271, 11.79715873399281, 4.8420153756185424, 11.65568624405299, 14.348086897913966, 5.492577520327714, 6.1943722037620175, 7.148173198312073, -0.6167667110354232, -2.6337255850097763, 9.338272670587424, 9.407592228668443, 9.514552955637184, 6.812028251324134, 6.378332042649746, 3.7518238630633984, -1.0202859769813675, 6.152255859925961, 8.909697828341816, 6.857571466961763, 13.180223507003317, -3.2440881848582523, -3.4062442086161964, 8.811770633483638, 7.543832169635709, 5.276722482234832, 8.708647647687664, 8.193790718530225, 5.648262058653849, -6.627865457766423, 7.60980149200841, 9.348649572399792, 7.870816938540031, 6.937331768150068, 5.479825811765572, -0.947732127685947, 2.6421402571705848, 5.525600574487544, -4.931050312165946, 5.907808228848089, 7.821406686026988, 7.24715585043233, 1.0877626482401244, 5.2056504105345045, 6.676091057138903, -2.126424372412306, 2.1054274779174045, 6.83994485439733, 3.4243294816133267, 8.842152102381492, 8.61652716375708, -3.936066289284379, 7.754726723116655, 5.529708653673024, 9.226902945294382, -0.8586806458066327, 13.957275958204203, 5.368855238355466, 7.731956039585448, 7.255944073587694, 7.525680060898418, 5.858982400708132, 5.6148447560997585, 5.418582913998574, -6.23783516391394, 6.270770969567072, 6.84628083773807, 11.277195639903415, 9.313345654701138, 12.027599119423536, 7.449082946485978, 5.020974028152575, 5.422439694132804, 0.8741192300828121, -1.9521992369805679, 5.473106539690726, 6.7388474759372174, 4.847866745779371, 6.804837780116978, 8.444604633147605, 4.9939569412642415, 7.758815855398557, 8.7961098070895, 5.664020906289746, 9.023995122556236, 6.161851044895997, 5.058327572632237, 7.204379578396672, 1.0054651909940802, 8.45711633167716, 10.450756080159138, 8.23973093794949, 12.001063502869043, -3.0535104974041474, 7.812276084390499, 5.322141806720288, 7.25950929304552, 8.047704091354662, 4.843578251398315, 5.3447140991039435, 5.60992087639242, 4.348413547219288, 9.467005285975027, 9.975523239475136, 10.163589033493274, 7.310551662206779, 5.049699367395633, -0.4462556643183644, 6.178680081375313, 11.888875436950459, -1.9936325605995104, 6.911240358539712, 10.01594791413812, 5.910100109094414, 8.46857561510351, 7.060775386439434, 5.179878230542791, -5.755874105435078, 6.009205504572827, 5.730235473435108, 8.131027757140748, 8.523353186145467, -1.6452487202686519, 5.452424208618583, 4.795976176504821, 1.5499624723780836, 8.695991922136246, 6.220020700680571, 7.604784169210651, 9.76926558410679, 7.556842715179798, 10.534975995347912, 13.8855716966504, 7.530017403129451, -6.6405584581809185, 11.815015513808246, 8.92003561128685, 11.192637559569734, -0.19030004958609267, 7.428354632765414, -3.1373294333940196, 5.888559179208415, 6.52987636645697, 11.055986871007985, 0.21370844772937808, 4.85971232297615, 6.685705591230268, 7.544931605556579, 5.770555155149354, -1.501534191670412, 2.63836996905432, 5.540633707508582, 7.012964746198339, 8.351606899928136, -2.3370943202699372, 4.259894963339101, 12.551776177422614, -1.702587388496871, 6.637647545920161, 6.684877909160335, 8.072466427881128, -6.390889633779329, 4.597327619002674, 4.878184169558247, 6.7485171599613425, 8.662817605767293, 8.205372416211823, 5.343167294927511, 5.381306010200451, 5.088531246257458, 7.069667300739673, 7.192640283171703, 7.909565036966073, 6.545233040004456, -2.9199774677519525, -5.858641952859726, 6.551119497594729, -6.4519431532224685, 9.479638471580245, 3.1828283297461826, 5.1744956892092056, 6.745865950700705, -0.04706062045416325, -3.3326005622257266, 4.923967270661833, 5.414303841770763, -2.4664999793731144, 5.444053749304657, 0.1459479425005603, 5.6473431324122165, 7.28210444222865, 7.5144858121280595, 6.646956770926722, 3.8393405519580632, 3.7916433191352987, 11.572078834022317, 12.729224968820349, -3.573713783155814, 8.687143284564916, 5.572362485038042, 6.146135981178564, 5.56537515829214, -2.4995812404509135, 4.601805439195188, 10.803271758371793, -7.383612429335118, -1.3658618639425901, -6.858178294206288, 5.636035111802749, -4.818190874142235, 1.9391116601838, 8.952006764834152, 5.252107747482284, 6.7061734452836514, 10.051304010178795, 10.43040398499249, 0.8167923940443915, 6.0880915870217915, 6.616731037891655, 4.411967878710266, 8.474837112771008, 8.022724873882861, 7.826401171735107, 7.998872521927557, -2.8225165222561173, 5.476148857218272, 2.461539377378281, -1.7239622120943814, 10.739631572262544, -0.3525776719030197, 6.339676202198884, 11.912516438701388, 5.661860223972271, 8.012043073782243, 4.057324521991435, -1.221179267760142, -1.3670052659999634, -0.6905176261001271, 11.576951693955769, 5.479306158529938, 1.7102516447092568, 6.701469555246049, 9.108471510604698, 9.772928289570652, 6.074784108602688, -3.206790672897228, 3.5286739240584546, -1.5737780700171593, 9.971249120000909, 1.7499994442815996, 6.085685161184596, -2.151019632910123, 3.7308125697735988, 8.18347832476928, 7.354746041989181, 6.847513961343587, 6.788394350368574, 5.276133555151559, 5.296766971185052, 4.3776005913283536, 4.317622225184065, 4.564656670273482, 5.495628107451778, 6.436656236278929, 7.919712529012873, 8.945600172613513, 9.59892893264787, 6.708299086150558, 7.644792212437995, 4.4557593315634785, 0.06933299896838299, 6.735916193242155, 0.9332905740083174, -2.046243680038803, 4.254446632260772, 5.681302316997066, 11.373295637255323, 14.681271428613092, 5.905329184556469, 9.442246590982458, 7.425684338177134, 7.770849946268165, 7.708098714879075, 9.105984552340473, 5.2994459121527155, 7.15160774520872, 5.6336958855570085, 8.12984642101972, 6.818802927278908, 4.156128345448626, 6.569174351468907, 4.603061939046076, 1.7408815162713935, 2.545857871247103, 6.944432033878983, 7.337087025740638, 4.415992859482675, 4.875753484541045, 6.1671497832939615, 8.092057500191684, 7.255702753785581, 7.868668001710876, 5.216643270182782, 14.247333810617128, 8.936465488547567, 11.243161481655362, 7.814794597154356, 11.250334472693563, 5.482277656507823, -0.5050584523030756, 2.8799900084764536, 7.2129099712768685, 6.334507825218143, 6.0823286698120365, 6.406561064260385, -9.388921384207029, 11.412830033120935, 7.8594551038264955, 14.774727251234195, 6.858503019700505, 6.977372852475442, 6.032617588677213, 6.707382656614456, 10.705802403110036, 1.266738012768338, -5.708581464552357, 6.726369003811897, 7.214413226620386, 7.790291846222252, 5.416877863636633, 8.467562512500772, 5.052258679390225, 8.878108403545973, -3.3129003732512494, -6.20389116663961, 5.625886492983424, 5.100033611364404]}]