script/wind10m.json
{"header": {"parameterCategory": 2, "parameterNumber": 3, "lo1": 6.000027932988019, "la1": 58.9999434238085, "dx": 0.5, "dy": 0.25, "nx": 22, "ny": 24, "refTime": "2024-05-19T07:00:00.000Z"}, "data":
[rows 0 to 23 of 24, columns 0 to 21 of 22]
0.9991541774475616,-2.7931580649149925,-2.0043790947109454,-0.16754794162212364,-1.2005098333229043,-1.4985103492653822,-0.4311117674118267,-1.212289284084275,0.1883544760576278,-1.6201998274550184,1.1732422840216539,0.3320606613716382,-0.19424155780048188,-0.1668466622527349,0.5130866450289923,1.3613837941346396,0.2666534194522003,0.4296463619054505,0.9507360683582902,0.7673822336063522,1.676634786949679,1.6935898911878013
-1.9993635507439578,-1.6950145155967475,-1.8929714404861728,-0.8322361125149057,-1.7862738372783828,-0.7826668521688488,-1.0987017672241701,-1.2362356595723099,-1.2667790678690793,0.5390393030437839,0.7550245305891711,-0.01851510570257101,-0.37751782591117633,0.16525276184844653,-1.9506357442294944,0.8653716462902141,0.5673696230810115,0.6447284512030625,1.0959036953653838,1.0764482203092476,1.1563424466173375,0.744876035471559
-1.355821883119225,-0.97078143736474,-0.40998411705414384,-1.0894751009505372,-0.6460176121620521,-1.0069052440533741,1.0752377723532711,0.3054193919391661,1.3649774447384697,0.03347335854812768,-0.5708706919363935,-0.8256539691166727,-0.7110095610615961,-1.5875807726448108,-0.0008247989670716341,0.6759116290838952,1.0648284479048802,3.8333878030723643,1.4844688836021818,0.6600006007803305,0.49731803888050674,0.8324282708002955
-4.441641298575552,0.10657874061089263,-0.41035727184444826,-1.266399256272234,-0.9339097818993032,0.38659403448303503,-0.3914959812948614,0.24153750628012632,-0.5093817638166009,-1.2797502050605274,-1.8517349656296944,-0.5442584295680536,-0.5179065280496227,-0.3803834266563077,0.9759043391218436,0.8064901749168151,1.5009121996746095,3.398413685852699,0.8169128954276744,0.4017329457190326,0.91047560624266,0.31860477667647447
-5.35195526460293,-2.64928731067808,-0.11139611118283392,-0.5402289793719673,-0.969736508876327,-0.2999919317017924,-0.12036923511327938,-0.6652084042824747,-1.656669262176938,-2.1311628476272917,-1.4514878716884014,-1.5235082789920167,-0.15710746191348407,-0.29475536275436437,1.274190288912169,1.678658421655993,1.2979699864833307,0.5799769716641706,0.9728368125631658,0.5084691312456313,0.1411339319939025,0.15929955476386867
-4.705463297455252,-3.4707484800379858,-0.7707564617976931,-1.6257368706591075,1.1124875113987607,0.10603450014542289,-1.0075367974510567,-2.4031016160178895,-1.7656273621772056,-1.185083582825278,-2.83222868357613,-4.139186156442855,0.018092305816650858,1.2428993996919921,1.5143919112693935,1.1170012694993994,0.5873518572093522,0.8624557539429782,0.735993959444694,0.18396494508264016,0.030733519596953585,-0.5107535995415993
-5.286578258544699,-4.057166208801325,-0.9209349716098202,-0.6014553459922309,0.10712441973326425,-0.8766961374076574,-2.0152118735288473,-2.300815300932864,-1.2247436043864481,-2.0082056393022554,-4.047537650575546,-3.321750919155503,0.8957621961473442,0.5133955509377339,0.5388472013096428,0.37848590314271946,0.6112469228330755,0.3585762455863383,0.1795725915709002,-0.3211671520065605,-0.6524027470245867,-0.5986880991667339
-3.911819713512513,-3.974098421359613,-2.2392162787077874,-0.9296054030012477,-1.1739088101220592,-1.7277424505019274,-0.399971151283239,-1.0085430218331952,-1.7847735403776481,-2.604539730883771,-2.770255836526407,-5.207746682531492,1.91578524579815,0.4465599304968983,0.12328940753211293,0.12904303875666753,-0.241763579827293,-0.051627919573609495,-0.5759335365542619,-0.4207229714178362,-0.35536146377884875,-0.49611622376871883
-5.575160443095499,-4.418296185796955,-1.7422315775284798,-1.3639275349295112,-2.0320570556952458,-0.9230180868123147,0.290484122428574,-0.5686183479778334,-1.630168369154834,-3.0607549564482888,-4.223112902629906,-1.9428663412943903,-0.15247160047687966,-0.6060845371199449,0.0438859196663057,-0.15271270555744318,-0.7857201598716241,-0.42707559697123054,-0.0056568386135947306,-0.373423922227478,-0.9608285825447075,-2.788797549219707
-4.930461459059136,-3.6284235080586194,-2.945343102661361,-3.372691411015843,-2.6738102706465257,-0.39054908294156465,-1.0979382146584376,-1.7569666447059333,-2.338454853090946,-3.9542478223796786,-1.7577180928526015,-1.8033456818030817,-2.6709567229293643,-2.5101304348212725,-0.4305138403955113,-1.015393368146436,-1.0387808682752397,0.0937363036376316,-0.1713846693505142,-0.44485832352710303,-0.7316476383416841,-3.6861028557211433
-5.230107361823247,-4.818691277587567,-4.725384076075722,-0.983383601809508,-2.1096264516438277,-1.0075571625548667,-1.2508257393814466,-1.8521910117725466,-2.4077142359988777,-1.8030376777840362,-3.21033383025312,-4.043437407222688,-2.67390320095261,-0.6518605380868194,-1.0597948069313976,-0.7236387896155324,-0.6983894772011643,-0.7212091461748568,-0.3019120978364414,-0.20123117530428022,-0.682614414506558,-0.46509927254824585
-5.548666995353431,-5.443550277517955,-1.6696745484696576,-2.329060012350096,-3.0869246721473047,-1.5421110691030353,-2.3895499864234706,-2.5049022558426377,-2.2954850922676515,-2.608624846435341,-5.938091422220833,-3.3027747838451225,0.05081819672106639,-2.1627653586631257,-0.8498012382327675,0.018135916611197636,0.24098535682335287,-0.027683301701804556,-0.253929419626165,-0.20125628342979673,-1.8186163877306367,-4.286467226588658
-5.559179198851969,-1.904911967071008,-2.595024725101711,-3.6868255166406385,-3.4980332994911443,-2.736151311364211,-1.8034829043989062,-1.5067435080290215,-1.6998743558442646,-3.437995397917012,-2.9389470315082327,-1.99369233354412,-1.140474606050175,-1.830423338866796,-1.0454520973491626,-0.7437523207514671,0.23725556829894953,1.4732957094399115,-1.1191376410630485,-1.8144811382978807,-4.231537164459862,-2.6138541576581953
-3.1899898574214647,-2.2090532903126032,-3.6957255292141444,-4.667886277667229,-4.748581916820766,-0.7235010883501793,-1.5951832303687303,-1.7279709877226281,-2.7661239101653705,-2.311903566044621,-3.132571307910441,-0.9480144007794006,-1.4254207726517356,-2.2851300131544106,-1.0791696041637564,-1.37678838256337,-1.0050524392885012,-1.6200675778466027,-0.39219845328696257,0.1015450314413857,0.333442852187011,3.3607128614139232
-4.371246657014929,-4.6704355781065185,-5.153718767239586,-4.26386872978203,-3.9290058538302697,-2.0064833292966546,-2.724377213585568,-1.9693153041493894,-2.426139713648163,-3.160276900052734,-2.0559694389599503,-1.1053908095071068,-1.7963269729546103,-0.34723856999978575,-0.15578476439431818,0.03900238520617509,-0.3052544672668251,-3.0390626388662967,0.9252782730261411,1.160919461414256,1.677795276359877,1.523572850073784
-4.606245876432065,-4.167736675839257,-4.772468282353124,-4.19223643082475,-2.4708446782290068,-2.6126759926756287,-2.418126428348588,-2.9415109436950013,-2.4061181495642527,-2.017380486233995,-0.8580001376651876,-0.6945675726984741,0.5875292536775116,0.3406645374610709,1.2004872062960186,-0.3418651531958467,-1.4095308857954285,-0.8604792035023883,-0.4460774602435197,0.32791567238286945,1.8785807398395213,2.150444520804237
-3.0712369437969937,-3.9492639024953196,-5.249316113117198,-3.7625574939704576,-3.8496442754870825,-4.1071645102843455,-2.336191024020366,-2.6581489408938372,-1.7153469526701348,-1.8487624365786097,-1.580500157711037,-0.5931845500031262,-1.0807511463694048,0.3535485645516091,-0.183615624060566,-1.5136637246228477,0.47993426616376667,0.0915997356563626,1.1359729235107578,1.9785337527584719,2.3853424562197314,2.2129099243381223
-4.66237082156329,-5.038370339028933,-5.139059775938794,-4.342308914759847,-3.899756673498504,-3.052959565202728,-2.072356707559269,-2.881456070846709,-4.04758818463163,-2.383267394216295,-1.0995416229337456,-0.8836199831264433,-1.7940734042025674,-1.700808518491504,-1.4519445207986743,-0.5258741259456391,-0.0483766754372468,0.9586640960470392,2.6512774916093114,2.718667245682411,2.5847425704590092,1.9392776056206404
-4.285177509544527,-3.455932989596807,-2.9331222032373,-3.686126401155181,-2.8381487070800544,-3.500225589869131,-2.239476914255789,-1.2014111392312765,-2.72443565547418,-1.95318976139423,-1.1427168395533973,-2.9778245112187633,-2.4445511875809305,-2.755688661768937,-1.4175270978238452,0.8761508489501979,0.36984206607738146,0.527842605174128,0.47602264133221867,0.7855732851619338,0.9792243993157294,1.0411337998935377
-2.471926385173523,-4.182629339650955,-3.9231203399169865,-3.469933890145905,-3.5191707236162104,-1.2402451550776994,-1.3295007378732508,-1.3479926313496289,-1.8604192324335536,-2.151302334176866,-1.698563476001674,-4.867863190895497,-2.6933699388048615,-1.1792257793631937,0.17689550780760183,0.7442391783012479,0.8419317907555885,1.3229493897954092,0.11829840289901299,-0.2078589245181813,0.523391445580275,0.24842608605765465
-4.443737017123617,-4.271242490956725,-4.2037553943034,-3.431824391998193,-1.4423844190717265,-2.9527999128037767,-2.3008420626723294,-1.9046205270658505,-1.3848096309895754,-1.2816301365034681,-3.8331898792571897,-1.1434771157401529,-0.6757791904365179,-0.3417531433568221,0.7097890866838623,0.9012396710290425,1.3853152186710598,-2.248077681259154,1.224532851063354,1.0380479096528639,1.807198462626761,1.4261278491494696
-4.106633889892463,-4.475769127772221,-4.373790829784998,-3.238223796280745,-2.8233150975387753,-0.8909073938046768,-0.9704277242571467,-1.6631864280908781,-1.2709031944813265,-1.7108938266231841,-1.7577000506535707,-0.5803999972150012,-0.8315414217887974,0.6997377466971645,0.9333650370658784,0.966410371718418,1.347936635540881,2.5051508258531188,1.6120319646875774,1.10092658564701,1.9550677625772224,1.3826121822874429
-3.990879175559018,-4.363091472729946,-4.3916804381894075,-2.116598557200884,-1.6583531374129723,-1.437424973925911,-0.9205407070262479,-1.06561832448371,-1.138310530756078,-1.4151403141354904,-1.2740087459315856,-0.24900937810962423,-0.1745510779306475,0.38530127910340106,1.203748861418475,1.5305716762031036,1.0597174381569479,1.0454662455727763,2.5465973623504574,2.228045179691041,1.4093117816280014,0.9053576128349807
-2.823263652122677,-2.348572483730077,-1.9811076570478834,-2.0335975866657474,-1.5041447781959838,-0.9533976336824547,-1.2060902053223104,-0.4597471069551385,-0.8905922056847099,-0.9413678209954904,0.37931063673210424,-0.2865224770928251,1.300828830228062,0.5734131426492278,1.4028116016010899,0.9144592518925395,1.163955894837855,0.6591368797460483,1.645867002383397,1.5795054478929165,1.379855327137884,2.3270896708982054
