script/wind150m.json
{"header": {"parameterCategory": 2, "parameterNumber": 2, "lo1": 6.000198445256149, "la1": 58.999992894266676, "dx": 0.5, "dy": 0.25, "nx": 22, "ny": 24, "refTime": "2024-02-06T11:00:00.000Z"}, "data":
[rows 0 to 23 of 24, columns 0 to 21 of 22]
16.462222744853122,1.946237518700173,19.958937320261295,14.70559721630107,17.090099592297662,18.459667827922036,17.344636635362104,19.763170646730458,17.6947330941891,12.956276417615003,-5.510140195176113,-8.884836685409136,-9.29389268016078,-4.1099053002049155,-4.905417976930789,-6.575443860262767,-5.949442441723128,-12.504478762202101,-6.005803105200242,-7.744537323558453,-6.88983883114964,-9.169422213557572
13.699501533053066,20.097156494543935,-7.988370202798134,-3.434801882241112,19.675941142471906,15.361927600897205,18.164885919611212,21.75391968419045,16.442982299925003,16.6961016485741,22.223541449415677,19.483896578720834,19.38365624139235,19.45130125689988,12.134344767577426,16.410454157160345,20.738537835411996,-9.162918532485877,16.78147117931717,-8.517284041542903,13.29437598480648,-6.8715380709683185
-8.224209613506606,0.6839395073309026,14.658669666458529,-6.883795632474874,11.549915346145816,14.475627371333827,-5.399714835819278,-3.730530141166745,-7.663379009437379,14.11436492329791,10.071492080288618,20.05954850466226,-5.999426683625214,-2.917694067353959,15.911002509505597,-5.9531893844834185,18.617907475816825,11.262042363329163,-5.183615574763389,-6.307710913357507,-11.041466029466788,-5.671052337386913
17.024865062258357,21.393237475672866,12.912290992619571,-8.572481553672766,13.841748646891764,16.98898471919046,12.531718762840928,19.605282185640824,-6.582222265261743,13.69753318060083,15.047165854298004,13.398204059439466,14.041583618851298,21.827091847000425,9.94080601898097,-9.077576834261222,16.508508625916264,12.84503734380973,15.01942384689551,7.7336248749460115,-7.116490566400347,17.504686461421937
1.9029634360414382,14.909714239252313,-5.603343692675337,15.386658885233404,14.781919218072678,12.9025875638945,-7.616773764470656,-5.9067210976884255,12.098833785246491,13.684361177905442,14.858017650032178,-10.030495000466663,15.413068818510569,14.377967886032115,-6.342294828555036,14.499995779937123,16.645428318698677,20.63793555747365,-3.901275224917663,-6.677180247690674,18.454844228060814,18.381629038691283
8.77416805720932,19.164092845980814,15.385478176959817,15.659889928391259,20.12405094721439,21.685666911047235,-8.617993666307425,20.368526290057908,-5.9080717681972414,17.081465174261712,17.976117161812617,-8.60678936915465,16.569867454898908,-9.062782569870484,-5.7845532779489135,17.696261708373747,-2.123021981699767,-4.317115762758425,13.81188148772437,-9.678133094728564,17.08599886288227,16.0696060006343
21.13842371608735,20.008133813434707,12.484693711237234,14.167254360122053,15.803877021417644,16.976773292125124,20.984048445894356,20.834981080828843,16.63165652691776,-5.128245384867404,13.887003338579055,-7.870503474581596,14.047116666027762,-10.795863037744404,14.329294104385957,18.037547433021512,-7.272485457016559,19.9658888531663,15.63520280041339,13.979334487386646,15.03425352507664,13.02922470837125
12.889219344713457,-5.60610304242228,16.276911376185026,21.886737146046016,16.03370958009548,-7.665761241978184,13.345747523593628,-8.361444953444717,19.05839826101753,-6.05816379096306,15.278445076406156,19.66390723093717,14.304397649466583,-9.251400272333434,14.48087429854415,10.309052958208714,20.86579918471531,18.231549202105118,14.578031342783822,16.40248938180128,14.236006433803265,-6.254584859129316
19.314038784363643,16.577910133284007,-8.837548966528983,16.14959822855385,19.667533709259953,19.022180069718097,-9.335108098476333,-7.871124305953409,19.80545682147572,16.02897394424873,16.291196707550043,-5.671897905834802,-1.6159407231832297,18.268996862981513,-6.54964496646536,12.441653948638686,19.613503803174392,-9.142401288905258,14.57910067898176,19.506061403834885,18.345612981266378,17.031666745228428
-5.194601994352381,14.647629729540926,14.472766348285608,10.430584274373508,19.187665663213878,-7.362584485456012,-9.594974637029956,-7.062618859756859,16.81933714455471,19.331728807214002,-6.51179020675301,21.580189361710023,-4.99239049412371,16.61783694028062,14.51363155152948,14.922111722880281,16.648962323233363,-7.925203935360878,1.229865711610542,-6.344019250600998,9.987298629507514,20.865547101630582
13.166430032118011,-11.013932539100171,15.453553428918424,-10.686916734723468,-4.7558183544146155,17.994572356655404,14.513328482269523,17.208867301861762,20.953903507988116,16.200901170650223,-8.40485821986352,11.830696639886636,-10.101803003623164,19.142259568387544,-1.4704533093161878,17.48789529692068,15.474631486457492,18.503858160396074,17.83949606671108,-4.905065437594151,-8.8615816795208,-3.2104539607572
18.143811861913502,12.827378972829173,20.992851024298467,-6.6242108297112505,14.874739437485658,12.292739553380974,18.478498013973773,-7.420157225702491,20.924998336178366,-8.063095593082437,-3.6473962726536295,-5.724421655198311,9.384875882154377,14.810238640840668,-8.077956748141936,-5.604204639183843,10.40419801158699,-8.077927574110165,20.127806468406284,14.962239573602167,21.057982350348958,15.431904676811692
18.210468726165324,15.178972673666028,18.576958305394744,12.42358606764926,19.641901172691295,-8.716549780511107,-7.247731021859821,5.334258875404245,-8.203250403318536,-5.368430651474045,-8.331230991968471,22.229170268062187,20.297056156947995,18.679057936528615,10.046836545970082,21.778189119279485,-9.25154992284157,-1.7448998039351422,7.7363739457700476,13.56482757289857,14.5318486820511,-6.470517833314473
12.035952519254089,-5.173609379680721,-11.572124732207081,17.090640781856912,-5.120380465827901,15.730347803478796,18.039961034544067,13.925285740611518,9.458860084287219,13.163625749375017,-4.709697524048962,6.825414512017266,16.424297995886313,9.59677731863034,12.564895836569308,13.578637006309824,-12.176999790789182,-6.513354802855623,19.541496994654597,-8.023983644854358,18.113831858446087,-9.97695634204328
18.51839196642676,-5.204664295386044,17.983212193574953,-9.429626229051859,-6.935762550563712,18.283250237720374,-8.759668185648659,13.170600530514198,15.674394968426038,-9.533019553758338,-6.271981778863696,-9.740345195235147,20.08983569840243,19.41951390706588,-5.795009025891451,-8.412694813174896,-6.701820707187613,14.342491646735514,-5.451958188191316,-5.905183983767854,12.801631196979436,17.53126992349526
-8.693989121071999,17.278047762890257,16.564683039127125,11.983227802808829,12.614439842577477,19.372212405422054,-5.058406398926193,-8.7566985066155,-7.829020390773365,20.267120449509896,14.458752370846709,18.693869165151725,-9.611672999623364,-6.255011187962226,12.825897128484385,12.887863440304903,16.410998449297722,12.891631155945442,17.533702307454156,-5.617379703904902,21.0790016053458,-7.556154565551084
16.669493324507712,16.807183780586723,15.276883545135778,-6.952805135549358,-3.0075738333368247,17.16601837204264,16.636657839871102,8.041969143725275,16.761867392878308,-10.880863970295916,-5.00311104845299,20.213711007180642,14.796271597927005,13.866169650959352,15.012530237467724,-5.218726638045162,13.40836714750558,17.4230915429345,15.957434779107095,14.555501928303592,-5.626467424210587,16.58301538802503
15.750604793012013,18.834714650932437,17.233282370813217,13.705571602858154,16.87368805352994,16.835652816551345,16.16965450536673,11.020482683060512,-8.001033020544444,14.135837878968497,17.532687442208903,-0.815197917967796,14.415858950993762,-3.7881205607593547,15.042011589912224,-6.565727855618157,-8.188818108537568,-8.102153496744585,-8.36333940962333,16.11116951095909,18.6217971722455,14.220144675974314
14.630574275166017,16.26853414462557,13.526075750865628,17.5084086845433,18.53800465037712,18.563063251118137,21.04574750460494,17.692903017239956,-5.928685130779418,-4.597877268846313,12.379540385916464,16.97226180088673,-5.453095970495377,14.373614399630972,18.47389191266964,-5.9029671091439875,13.474620402725073,14.781489017898213,-8.751299561215276,14.909687131045935,17.78721133787894,20.294883696884526
19.056626507014407,19.590064691044343,18.139097618653196,16.70221098438206,19.666352946369695,-9.581181758282282,16.62124992325525,14.745886946598876,15.321552027697285,18.144230644700976,16.749388521684278,19.45876846807357,-7.915394059909774,15.99073809456147,-5.7964056467519685,-5.8954848178717425,17.58586641935675,-7.017020264437552,13.843732715894149,15.859421500364743,15.560445166881237,12.191077876886956
18.169123411583293,-7.691881736064462,18.929795441806867,15.915522393785634,-4.456536537955065,-10.106824706142856,-7.964364522406986,13.532258968532632,18.033892999326802,-7.489177209474486,-6.934880174751907,-7.368138501261221,14.396052217491118,-8.198940117233347,19.302676462584213,-3.4696848233820696,-8.623514959597893,-10.812126474174956,21.650382623491474,-5.0218188323639845,14.6947721340996,21.601205249128185
-7.211684763170686,17.612580605711166,19.271175615106504,-4.31125424873223,-10.624187966011684,-6.087841009528502,15.544742635559334,16.935276627257192,-4.473802749374133,-11.913577706725379,17.51433570738397,12.012718437910324,-3.4521956038172497,12.21025146104999,-8.307283960619687,18.7082877214208,18.381943660759262,-6.167048965214501,18.042134144491985,12.208206834483176,11.429222493700237,14.213022797484468
18.635780091213288,-5.3666632056911245,-7.633262127155473,21.497630736492063,-7.6904122411536004,-9.693551883713894,-6.002646143626903,-6.450327999054502,-11.09596874358625,-6.684408430597178,-5.04415821012488,8.033214273421562,8.407324273681398,-5.261162197318097,14.501807546931833,11.070497937568543,14.886614883595138,17.368497682465684,-8.298134376434186,14.38684643201902,-8.653499990305807,-4.491465181944491
14.866963122028979,16.498123657418056,-3.5220221872907693,9.528261128896062,-7.670237212457686,-8.43037747306586,17.641668669746043,-8.600819619854336,-6.5472501385191135,15.842856824435474,18.649940415388524,-4.884214374447133,-10.310003374645285,-7.9698082959341585,18.819352286537992,-8.222619011988844,18.404331068693864,-10.00420170283379,13.964350252688234,15.192182836812865,19.170616577352703,20.232538913197498
