script/wind100m.json
{"header": {"parameterCategory": 2, "parameterNumber": 2, "lo1": 3.000054539987559, "la1": 64.9999836372058, "dx": 0.5, "dy": 0.25, "nx": 34, "ny": 52, "refTime": "2025-12-19T22:00:00.000Z"}, "data":
[rows 0 to 24 of 52, columns 0 to 33 of 34]
10.04904651005978,9.783311678259595,12.366977235827777,12.039085332968398,13.163226942229265,14.316072069759597,15.483752078045184,15.42379160703338,14.997409837006309,15.032822996367718,13.848611229941032,13.797644251795328,13.12457522376446,11.173956066772341,11.470248513463364,9.524142445789446,5.547226625114137,0.9802513897147869,2.584460540324387,3.3741478029478476,0.5101844072745072,1.3405865433528692,-0.26184641266465525,4.292595720843935,5.514949258006411,2.734955241511,1.9679275180337665,0.8755673904623357,1.9555930954754028,5.873779912482669,4.085692828815452,3.213740536134577,3.1384164789532565,4.313840444919068
8.639424943644132,8.762885869722487,10.343590325303982,13.899741547934378,15.916901554055435,16.097046582211814,15.643279335448648,15.100969041857725,14.952165231866232,14.580754796091172,14.594427800563155,13.575959231054851,12.727779923593376,11.504715701837132,12.024890897702184,8.579344829820396,2.801057790171979,0.8294189602035901,3.613757764438458,7.641365971197409,3.743684552669873,2.356949846378457,1.0771128012042237,2.5165416040322426,-2.146887134079341,-1.2531481773139792,2.0098916804712874,-1.6911449586814178,2.2016735381238517,7.6230273334471805,5.238679752987867,5.301607648904276,2.1950836183093037,5.376041712553954
13.276518261196749,13.355086585192428,13.839320598482615,12.750852955490119,14.706769882496099,15.41915870376924,15.500921662267586,14.729791776918441,14.899063532299136,14.71840396459628,13.937325533361888,13.111591528059256,10.93539157831978,11.327525375568012,11.457182541561634,6.662810689960635,4.8725676730152285,1.899104593240391,4.557862039920764,0.3416514117954231,4.2761892171445455,-1.7133754043055291,2.283020076051341,2.255469299697629,1.9897926513735837,-0.8460974707404849,-0.9759864413496719,5.40090217740437,3.078352171821909,4.360554346298124,6.7698760308575405,3.2169332949472276,2.0624708094146706,2.8836545161996137
13.84886322943504,14.446243465400059,14.322563129485696,13.817830827214252,14.371031472231909,15.53780334250174,15.163551471773452,15.552440253087866,15.045229572190769,14.145968746807505,13.096586102539558,10.768090384585417,8.452026097489819,8.994568832090645,6.979224438613449,7.542505875667687,1.0955217534122217,2.47222485944341,2.608048821956107,1.6940166651210844,1.023824654216591,3.344820973062947,0.8308258736964932,7.735584971155001,1.549918023459996,0.6904362571612143,7.90074098897878,2.1626504610136337,3.5933598874195734,3.790591573033803,3.612490716657196,7.986471460987729,4.022663522448075,0.9097747370107282
13.53722683405873,14.391641368752973,15.16344147116447,15.282622807801735,14.431218927479202,15.122545642539986,15.114364744971923,15.341605744080594,13.955017570569785,12.80787827500834,10.806376598857796,9.54995025350373,10.054676438862902,7.410340750249726,1.6588567250661632,2.15127899119289,4.4702232000195075,2.555778550560369,1.1304631321752774,8.178513675171226,4.440850619846124,8.843332291244236,-1.4712751743454437,2.8449969331378626,8.713852926895436,1.76408096003156,2.2191053189771583,1.7781739452199168,4.209425474234544,4.015690751421606,5.6238795945645625,6.016522492565645,8.302438212143858,1.4488018216874445
12.721407947722142,13.5907165096528,13.801363948121981,14.370631639837647,14.419143958401508,14.991760676069106,15.438942671572347,13.76359480920959,13.032964480263828,10.950726267067466,9.61366792662913,10.529722931942846,8.709938928456472,4.802200369769099,2.9487232252958178,1.9615475620416232,4.630667804735034,3.411008456439964,4.2068213185897285,-2.163579294617215,-0.4553292329235668,0.9477319716085049,6.711357107000709,1.4995967706360904,5.219440816876306,4.971176335702301,3.6464277404669856,2.411250605263643,2.183055300738484,6.7072604787528585,6.920459876670897,2.0679402346254565,4.334645537595426,1.3016553832625797
13.804711909748283,13.913979238758202,13.921900979548019,13.638931578776676,14.88806833366561,14.80816699542093,13.70127890009362,12.354210059063856,9.969004029165022,7.920542368517419,8.460126668354478,9.57931591193801,7.5373031022907,5.5582732510080675,-0.8579658500873076,1.4213250761957223,2.0262171921739087,3.047526358193051,4.44755350338895,4.729696960897017,8.603357280131567,5.267477606513982,0.17773720316137798,2.1963022073455716,4.410367910638457,3.653456907345072,7.843365999289521,1.244267985944318,2.1379415818166465,5.160742278964053,6.0773399200139036,7.310969710871534,4.065104090704618,4.22386446626874
13.599058964649895,13.883096373348033,13.402470505971102,14.702351944580558,13.33404116142287,12.932823967092437,12.173714467240806,10.370014443891504,7.203446038239319,8.806743113327554,3.8318284235559132,0.18864634945481404,5.61524688473398,7.798533000738463,0.13228806298431336,0.49680949667736457,-1.374843026622849,2.831237884710003,1.847400887128153,6.172860537164048,7.368695138612745,4.482972394957541,2.382365691728208,2.9386297253279126,5.346878295757294,4.784277823593731,4.614041034921918,7.284913550952266,4.329023251331386,3.1207913165030403,9.852710286411922,4.106410578224505,5.649482422767534,10.03407267320904
13.294464624236982,12.965775085201646,14.099802724789896,12.777092875037031,12.36139799356577,10.689066220046751,11.71566240894984,8.698040855150198,6.02897184052094,7.006187644037402,6.042143608048929,3.0143989839290803,5.6027615206907235,4.773663320984407,5.1868952464883,-0.6691200078688747,-5.659465155117161,5.032803684976865,4.889177028535742,7.394700231615388,11.830813696578707,6.349225952467882,10.963843109547032,1.7525800140332954,3.571557221962857,3.221291049257694,5.847509057277366,1.6738429690489893,7.797153882252921,6.401078911145997,7.880289766693643,4.159153477514133,9.313334823148963,11.433685906536075
11.913793467675852,13.148450794402814,12.796772969568837,10.896701995003143,9.635551447358493,8.394207185835892,10.147892282586428,6.436958198453147,2.8492887136093348,6.633066162401785,6.000243994056901,1.5689321650319636,9.268493200525734,6.488479414842868,-4.823203545548374,5.542830019002907,2.7183089194591914,-2.930819395805757,0.5038483821992915,5.055640114461018,4.0142950975023055,7.803171699946438,6.989336933848957,4.920524613551896,1.8728821975077685,3.1635873518326365,6.898526262926029,7.654938838911525,6.766208487312786,7.335058777857866,3.3497234156094837,9.591142988568606,9.99910748372549,10.79500804528791
11.824145366428857,11.765709277003552,10.7088094378017,8.700965278814499,11.006512543754416,12.127330976475502,7.494913146570795,3.1764976291104094,6.736351574445978,4.539566410543514,4.82562019468412,-6.29541153335692,12.097531344270847,7.3518475343303,7.241232354415369,-3.154226823380849,5.230469187198257,1.1813053951350039,2.0523979786243034,-1.6675428701569515,7.576308558086717,1.8189232571750675,9.219161722296288,3.974567767060791,3.761115193513085,4.6847449145842655,4.692803918856252,6.488271907866973,6.4594944203470765,5.757724902248897,10.001061056797568,11.153276821435005,10.62920263546109,11.881553388466367
10.600548469400778,10.153869261104132,9.171610399203495,9.02425501083632,12.041219603227594,5.949306238219129,4.100291078511188,-1.255875174829321,0.3816673539016236,4.839036058218786,11.81291318287473,4.256548644659351,1.1874548551802444,8.090076593702385,8.668105449157665,-0.8652641757112033,0.07840788117274786,0.8246761552420975,4.713728860789478,2.7727473322327327,7.99320378645036,5.817035589594448,1.4772355718023311,8.88439713948249,3.8062410845598125,0.16929199352209,4.077850060671072,7.95154239134919,7.9327976078562115,5.266211502284273,8.544900038187466,10.486986494059012,11.110687802208767,12.835739219632945
8.64052482413144,8.891267377493575,7.539517396204853,11.878930282679113,9.93494857737036,6.364227702561089,2.2504911132241667,5.845005486816166,3.743015345978822,9.60253412877911,3.3643760820045183,6.418730870874355,-2.7048532328988277,3.602583473128244,-5.938797629132315,5.2090449020247584,-2.005277099815355,10.234366074009488,4.200232634325265,3.8777155077888508,2.1486683723298623,6.945744469929384,8.004197578827014,2.3270577705306983,4.859493064599011,3.0437190773217826,2.990488363984875,7.9535012261146205,6.200170457669266,6.234443068977016,8.713750424587438,10.345560516566392,11.507476017330987,11.930571101634342
8.964520449065281,10.980387792054072,11.45819441772197,9.623480223847523,8.885572249336017,7.237542972056234,14.748457739537173,-0.6172979031530769,8.087078852044847,7.624332033666341,10.259814049959518,7.228746969692351,-2.628157439702173,-3.081462778211045,0.6561650254160952,6.407274412467297,-0.8258090527905333,1.7384571960114532,4.27150072311182,6.2410368728359815,1.7626177236916003,7.480159563025544,10.3280806781568,8.238573500977006,4.3797546498805735,6.678272666203902,4.441064788443339,10.172760551525336,8.394217412810555,6.1699061149206145,8.147136388309177,9.577166357707677,10.694029419339175,11.418002625907526
11.623145685033585,10.675331242466783,9.91727684807024,10.678492298516744,9.659509778579604,4.8948786081844755,6.502787610969744,11.015063439849765,5.023402475432694,7.25995556747823,2.1038805023067932,8.1992785691846,9.908250666521226,1.944286130364854,-1.3788303638560329,3.981696067817625,-1.2245906946425063,2.589836179109736,3.922425881128337,2.9477485919473194,6.35368856653737,2.3552087154491947,4.453773193776545,8.38016902922335,2.119316419593356,4.477117741070671,4.158300570909625,5.4843337324060375,7.915332080724616,7.771117638802687,8.387724519423019,9.327192210446443,9.906270166594865,12.335712019997887
9.255522656074389,10.307513757013165,7.86934297220878,10.43474377333018,7.167307539804066,11.741066408305022,6.496009944024736,-0.82259283552084,2.335518160600908,2.407823146629063,6.561490413431191,5.888791175539428,-1.6762949244668714,5.3569628854150935,-2.0805215749741723,1.602470811764734,5.245794632881712,-0.39588623426443953,2.7924799281673054,2.4333417543639153,9.992165013439116,4.989324743344855,1.0710225775756046,6.193451771067094,4.791306728487527,1.4511024183771442,8.425679768739919,7.700864083392391,9.377910544881843,8.18873318860044,8.247368986293198,9.628615224551876,11.147511745851904,11.86645205931783
11.104737086707992,10.520587173055144,9.634221727032976,10.835808347398752,5.798469872448324,5.344997749930726,11.64080873958456,4.542597605306578,0.9998416887177869,9.85811623833055,11.857208490931349,8.428389964325195,1.7498697147717897,-1.863693206742371,0.021345659246826177,-5.943916183008035,0.7780375209208303,-1.226057399688363,1.954223423928414,2.461332758493185,4.772816004333481,7.5580877756980716,3.8466143227974356,0.8817301862085956,3.973676577980108,2.8627872022605225,7.659817367025276,9.658749879732392,7.917239477201062,11.519886024779371,8.291860485981688,8.494315978246357,10.281442694050115,11.53256619457947
11.808143202461645,10.339782455479778,10.007783723187842,9.786916587772087,9.568735802795056,5.000982449771026,7.731046536303944,1.3007414237553057,10.961228202836766,13.697990174351336,2.7864526293570098,3.6164083704976724,-2.3096080178967564,0.8781489379854155,2.0951050409930474,5.904366545896054,0.14032843986125734,4.056581324430549,2.429946720574325,3.5603944879431357,2.025271139362084,3.9998955020495983,5.517526656814899,5.993531028207321,1.2808787541183289,2.4323208854594056,5.455791311912212,8.026667829928847,7.877984034104836,12.058544440524537,9.927028494438348,8.363643649799062,9.680412006782497,10.78970365828792
9.33889978598453,13.048502364989771,9.519431602725623,9.692331509834585,8.992332505526136,4.03990052669934,12.022119632761887,10.19101236894309,5.174417223934076,9.790414021996648,8.546820609918218,3.357744285607158,5.147184510164398,-0.6246193182680743,-2.607466116273449,2.00283934897613,2.180080325123222,1.4786780852657726,2.2077826815592076,1.650649704868396,-0.6323655661075038,3.4171857576134177,5.316527216953961,3.375759312939545,3.456043878641969,3.3974997520430317,4.907048791887447,6.0858058360537735,5.995005195389604,8.564843047907836,8.496057366112613,9.261738305633628,10.508182846349682,10.155331760384582
6.0860638330615275,11.711736396298587,12.373752119100244,13.74936302455996,9.38801542159826,8.211683665233275,0.9824332434060807,15.176203151394622,14.046191861518608,8.096683934061621,10.091153867811677,7.228879535776136,-1.9644488033572316,6.947348877125583,-2.5866141241865446,2.4993479521565045,3.987730525579388,3.532595499760148,4.2202839407166834,4.008892229867935,-0.8233722020709966,0.438015528790464,5.683509659377756,6.065514009324548,3.2496541259502196,2.036423478926336,3.6258312486902238,4.336387700365523,5.358025927996026,7.509650060354474,8.015068566243896,8.150563251263893,10.195504474794728,8.274541385602806
14.429770001466593,11.95899834143261,12.942290541478856,13.722770009157234,12.351254539764328,8.735040492668093,4.621228858909662,9.170229089756125,10.509607439587745,8.888013101569113,9.163391075472271,9.892237075170007,4.923353887471356,0.20849152860991566,1.2939681447280715,1.2425906201377352,4.376879179394125,3.047144466433848,5.881731833194901,3.691331855391384,2.5447755967424257,0.6580967470802473,3.0153564431115205,4.5571656989452825,4.957395916606784,4.438320386247281,5.422387660754197,3.921920586432684,4.952249571280057,6.224056571642106,7.2957805439023575,8.585567854736027,9.830829487563859,8.460512945878996
14.325598737812529,13.969173852193641,8.330981979714913,13.970847839912983,11.569145470172595,11.90128064231862,7.5252805175698585,4.413781005809895,15.411158080777671,-0.019963196478533677,4.788126661108301,8.27065017619071,-1.798855772041277,2.117569219790111,-1.7288948590825666,1.1951407726802332,3.424489229176879,6.65130495826909,7.326258501838465,1.9367845104438777,4.559003470686315,-0.3263216982210986,3.3160564313872007,5.574446133174344,5.153167361479379,5.304664041007518,4.69469186434675,5.13876690528769,5.761853686293404,6.188112146649333,8.205812939226934,7.079701498673035,6.703373555621645,9.106147719342012
15.451282274623104,16.94969964951525,14.498851802789487,11.728613492607336,11.69922153815991,9.32027942177955,5.118539670073983,7.160791558745926,15.416965994233959,7.635214394411034,1.7315618532790975,4.662985114691379,2.117117540688035,5.062158664571051,1.3113679892824084,-0.13749757995717357,5.426643944303246,7.388473128158447,6.58831027062457,7.575001189773501,2.6669299123187526,0.4387150536775626,3.113009529485067,5.18839607253991,6.026952692852257,5.155642153881416,5.859268594261009,7.139881829771017,5.810853076650244,6.31454253351735,4.769676347559282,6.704643414319683,8.420517863686875,11.648027287542394
15.039376806334202,16.47117228549799,14.220840085549373,12.341006092190202,11.891752288656841,9.90334731526023,6.897407031024714,8.50577415141784,13.136083827867692,-3.0356282042549103,0.35287601530843,-1.6280593530931982,4.624704015794784,-0.14936439223190867,5.062604561581365,7.1089653780707875,5.43882334132198,7.573362172412215,6.037546002636056,6.0769394995534345,4.515411644348458,4.051775754029877,3.876527892928387,5.915362760933232,6.45633684528622,5.560234754659089,6.453386040044101,6.999299642407995,5.809886139190362,4.034524143118885,4.763424582760145,5.993261366784103,10.507686637541156,11.279240156507853
15.411328713306215,15.166815067883483,14.051038794296758,13.176501751089482,12.848396796321499,11.881333997181745,6.887693176907649,14.56021513083739,10.680662051501393,6.357710722166867,7.388052519518651,2.6531109980254954,4.889383871952398,4.374569182754868,8.410200187026122,8.192597842160113,5.031104850271366,7.309371101029388,7.640709923375258,5.579018016037432,5.632077134165341,7.381643369740091,3.257035981882016,7.114104254784979,5.735312469464667,4.990194694841654,7.094974514394752,6.37155196250014,4.907965237044785,3.598458918493566,4.781101148186245,10.41254613068139,10.574756887141334,10.443738390372024
