script/wind10m.json
{"header": {"parameterCategory": 2, "parameterNumber": 2, "lo1": 3.000054539987559, "la1": 64.9999836372058, "dx": 0.5, "dy": 0.25, "nx": 34, "ny": 52, "refTime": "2025-01-14T11:00:00.000Z"}, "data":
[rows 0 to 24 of 52, columns 0 to 33 of 34]
13.152207160435921,11.385593877183549,9.427374367405427,10.17400526714584,9.4256976292447,7.569767789997084,9.498972311716383,7.90491591948073,6.672407795981548,5.923258267427663,5.8122671366216005,5.588358115728768,5.993862290718026,3.2000010392148917,0.12672112546060982,0.1334781340991185,0.6213732450549478,0.7521362216141008,0.20503730130737763,-1.2569144045436669,1.6222791499174762,0.6259625049827071,3.7443768149186805,2.1290010608807868,4.96221855602158,3.068448067190778,1.7493539030822933,2.994602065726635,1.9235718102278716,2.8170274514257985,2.622944117048656,2.5467033785345974,2.635042580357552,2.3460119182265458
12.416393045630548,10.595766921927854,10.895360567963111,10.031378750298567,9.413044309963055,7.972302715653296,8.749625956777065,8.764375367303865,7.6689336738348945,4.635990203455989,6.259826583522512,8.606715947569917,5.563003137003551,7.0386117778521236,4.670243956904654,-1.4333092458356675,0.32550803721837124,0.17442806030257954,-0.9256763913390574,4.1582185251640205,-0.2541613124225414,1.7401260469778683,0.18905011920565096,5.522289623555003,1.9921128665428103,4.0178150442189935,2.0580139770462473,3.3712122400118023,1.7342583533478948,3.388771643842252,3.0315339357692785,2.494667233630932,2.2808688080989175,2.6896581753858704
11.024486661085545,11.2356081650295,11.173162161203788,8.993588117060993,8.272264577955399,7.61851365343133,9.629364487450017,9.609529853215232,8.026254323017557,8.505598718302425,6.784337804141749,7.819323864507591,7.47132871443587,7.371771547786511,8.091362308662127,7.460210120043107,5.412261738400594,0.5335150195716568,-0.5855513941531979,0.6700032191177813,3.444585982332045,1.84172601349733,1.9627706012658543,4.237620412410398,2.9368170919872476,1.622138394361172,-0.33899244424967895,2.163267006376656,2.8966229396018965,2.1197548850533585,2.93411901440251,2.284276189466131,3.282283681274,2.235011492703799
10.262473693282598,11.120971676903764,10.063222392161036,7.677580334952376,7.586023706478327,6.91979054900773,9.515252201921884,8.870187025233648,7.959459272340098,8.651052399365442,7.8591473826285,7.420925069219709,8.31345188153411,7.8796512821347315,7.471864722776762,7.822435326829438,4.639852347347018,3.8147097000508,6.613574248564397,2.8994970719233577,4.99775669746133,3.6130203595420047,4.350085612535015,3.2457762713352123,2.5101857526070632,2.547714022564434,3.845463509936056,0.8660663783793134,1.9290181119189151,1.7030058107863975,2.4771024685495537,2.4655523605675183,2.84562858796454,2.620849364269929
9.723269129072733,10.651594080003399,9.17710062948664,7.927682891275599,6.491022259239489,7.951224468581979,7.888617237114721,7.599430860314501,8.070134473185075,8.055902918542225,7.374451626744151,6.83588703855283,6.52134275406387,7.016052069442374,3.580946793016171,3.966200320973649,6.066746336808055,1.2379668238364008,5.130308746610039,10.36782631331405,7.686496160449093,8.881098174980345,1.7543858212887464,3.638907901888782,2.498642410752412,2.203774570773617,1.9906302683275874,1.0829821338494365,3.162731716608505,3.0632942755462773,2.34367890008487,2.8034665638783207,2.8854456819725987,2.9331258009864514
9.162630923535092,10.380824982163357,9.170359923643232,8.573009805926489,7.671026772939385,8.101034991610273,6.040082368912065,7.69009483846388,7.401422835676196,6.833785894262795,6.58145896665669,6.997466584174779,6.548696075728231,6.671009969905311,3.4059945175580104,3.915591388093755,2.4644243320120913,3.0856771078738365,7.676896151400714,5.258561296483117,3.7094114902186455,6.300617061682995,4.856462930041938,1.9448668742621866,2.3151636108018003,1.708179317923777,3.0408131975696833,2.3895216467878697,1.922782911272269,3.1138153079848023,2.4234041991482824,1.357991889805832,1.8173519953163213,2.5663870851641546
10.238324550804606,8.938935002714047,8.634933857019659,8.863305176140248,8.760727097857803,8.279249526046586,7.628595819554832,6.852136206028107,7.401475745866763,7.489308880231885,7.239152926872026,5.032155940219191,4.625500714709379,4.7859713549652705,3.1194741286947427,4.435084792165404,2.402770657613817,3.1940828513443185,8.31286418958723,6.1587479316932034,4.1275646317994985,4.110557594295793,3.668868997470182,2.4714891655410245,3.3829782657377354,2.9127779626785895,3.6282758637556762,1.3735770233726616,1.54376322159142,3.084932032913921,3.58523974293292,1.8906523634610573,1.8764153942944608,3.2462628688560846
10.214174286318313,8.998873601768427,8.935783886771333,7.826614500977151,8.188354100815454,9.702570878555516,8.572238704417787,8.622226089271262,7.4038946138718185,8.952845325823679,10.099551400289553,3.1963520064232287,2.1724385334581386,5.438569716860596,1.794493826766356,3.159463492574881,2.663237524544152,5.472978292570813,6.301438664689718,5.788111096137456,6.150683126960558,3.612347073252283,3.5149954960611396,3.729652994397554,2.3343368157673,2.3872748744034644,3.3148186436752596,3.8600940574746554,2.096726321375579,1.9713934696656747,3.586041255388471,2.639841329457507,2.355484989061236,6.684610160573905
9.810006944538323,9.017057941491462,8.812248040941874,8.840621787356342,9.364471488350071,9.505256015898153,9.895196421902888,7.778949854114,9.642064144912899,5.228409240086186,1.9807648250182528,1.3638998901024473,4.537283332535918,5.474876023886215,4.88353416866852,0.8775025318320336,5.592587968874424,7.677957093800177,3.1753764692862685,4.777463675176174,9.792627377393325,7.758520371014562,3.491849519355219,1.5467991077715773,3.535302041750808,2.7359486958027595,4.075383405084481,3.0154874597439543,3.644211084162446,3.6924196162433907,3.0009637982604875,2.7425444156766097,4.457134571998939,6.893079146681126
9.63132831555079,9.771327911877025,8.97888946968441,7.780495500996627,8.534473571084591,8.378164837274928,9.010208681397852,8.355411126828423,4.79341239825827,0.9512062512580984,-0.3273810943516238,-0.9755529250395601,6.526834923093638,7.365141975639571,0.15181298798883877,5.708791354229009,5.444238540892133,3.8408436190336817,3.70844497058336,3.3894034917881846,6.79109107896088,4.01833626886316,2.4436898291630658,2.5347292046484764,2.821143366977076,2.3935741795628247,3.9979512918624778,3.69564018765512,2.7558599064681224,3.7305548496231764,3.5707094634135177,5.0555354737852785,5.900019169241556,7.969467384661881
8.657036021597646,9.456283273520132,8.462405679144307,8.39507675964688,8.841006493680917,7.459521768718775,7.436757447703626,4.495562516258537,7.246836357792216,-1.4301200329558046,11.273803059435055,-1.179527413969929,1.7635002955950843,6.159734579894422,6.18920012970533,2.6257847776019125,2.0383965684540124,2.979372307112142,4.700554350728845,3.426202985931893,4.800753066179994,2.3730180093911577,6.18949452773884,1.7906779193348148,1.831991186956605,2.0662235242914075,3.4125049074627443,3.01867596164649,3.6165981695894587,3.8132844155867547,4.701624447039078,6.029063801431297,7.8217926825115,9.62871116984565
7.653576101315269,8.921749043834206,7.626296722185031,8.282484613309197,7.837692987620498,2.493774621533925,1.0893583079735252,0.4358709370284907,-1.9541044982746163,3.253270905772203,6.396856272548741,10.195935185141025,7.081106344888967,4.806276365711391,5.194764795983836,-0.30798200883953136,1.1103509746787077,5.382776232554205,-0.6131121732201493,3.493322721216623,3.034268112030636,3.397774891904686,2.5756427239594633,3.6490761776944334,2.961862541859132,1.5257518920032338,3.631807066121983,3.314480699191972,3.8018433744875053,4.178733255602428,7.752704217648321,7.467391828100708,8.837676940721078,9.68147174884431
8.529624165538147,8.103289735432703,7.125462489857329,6.908394061495326,3.790549727139248,2.8423820527778667,1.1394485762841622,2.079125328954621,1.7033169173943077,10.706650096694025,10.821590751625683,8.882805773736775,8.612609102771522,6.207800180739092,2.220353938416168,7.638293080070429,1.4575912055898042,5.2000557672983945,2.73258187097507,2.155578046766411,2.9864682100458406,3.5543689239834353,3.1313822409753,3.3596177105283718,4.0569219766023865,2.9167524830793283,1.6472367284657303,2.6816229355969616,2.6432030724835074,6.8773153384889785,8.176021607594935,9.320181709561915,9.88429047548992,10.271566953491112
8.262179861576914,8.094153347612743,6.647567577896109,5.708103985575062,3.033725275151538,7.599440611328625,6.9880029677501145,-0.4935882448667546,-0.7246354288142929,8.510406199570017,10.052151352267806,10.35276973941908,4.299129606803951,-1.1169067830038926,3.4121404984765107,2.373540265979499,1.3366307037990413,1.2593962337611149,0.17623681785856743,2.8797866327699304,-0.4196628806014215,3.865751942529048,4.065371674517362,4.163531551195698,3.0827232581467325,4.896097992707162,3.6768708539921855,3.925191007060388,4.66833925990679,6.199941519293584,8.091826821409523,10.289072882919525,10.888027379704088,10.811229273565147
8.126596057318583,8.248303927952188,7.508413494009281,7.43289174232929,5.753275404836627,3.261595236776458,-0.3436044189520645,9.510687798290181,0.7609176171380246,5.360031611217175,9.27214178954622,11.957079576501881,6.258339745034029,0.8651605757613015,-0.4815665567968291,1.176094346973291,1.2924556239785123,1.366046370386015,1.2226068075983791,-0.3106202546402294,2.654222302464276,-0.23563154963298774,0.23927132397762643,3.917749297590859,2.527560543794909,2.3036566123996263,-0.05132990111268569,2.7907360798231946,2.7911131930064217,6.313306959793942,8.541265678814028,10.012225878217293,10.526707748441336,10.361657602006169
9.127639850837399,9.216234742059635,8.74322206925234,7.277384433512371,3.3698740954354958,3.1949398491333616,3.2916919088227186,-1.3374015996051098,-0.17472501984586372,6.351727754710423,9.440896633755827,14.233442820439725,1.0324203877973988,5.282110793086349,0.31980253400795955,1.9358587799048208,4.825288419962222,-1.1925532967515307,-0.08987183791927258,1.1917539923247875,5.28298023445029,2.1945688942739885,2.093924955072004,3.038960072842589,-0.029226918403229867,2.478161596262191,3.994157837740131,2.891868490435198,3.5334631230915057,8.04659929854417,9.170364658382969,10.700448236777257,10.612536810499268,9.672044368503334
10.007552336080185,8.979629109970167,9.061738169637453,7.536500651539653,2.5425554684869955,4.413137746869164,8.811910391991644,2.7607312098760883,-1.179005943175717,5.398754158110026,9.961599360203497,20.131422444774394,3.139576303711624,0.4193421996741233,1.5513718553937454,-0.5848444244033499,-0.7094425323095649,-0.6106523946044912,2.6045090871551295,-1.978595720800974,1.7040686801944265,4.470096029578213,2.260989050625415,0.0657379622246116,2.004132360446314,1.1603204070417188,4.394008921632935,3.1463326303569508,2.934310306415038,7.215806977627891,9.748165034033809,10.25500195565387,9.887993493001987,9.56635129694833
9.527641100274606,9.230554837675243,7.601017585994537,7.844036396750557,4.795132257208701,3.7811867855408563,5.56619117535404,-0.2221224296750846,7.815945005788368,13.791697378309937,10.26836412949132,8.932907081751845,0.25071537292887414,1.407994548725582,1.1601608307742741,2.475010429076948,0.07322336512562619,1.2965280413042384,2.3939550141584114,1.6501055180787616,1.7803066912509327,-0.5157782322061083,2.890891540612793,4.121450425451838,-0.42847362986475174,1.3882386838086926,2.526344155726172,2.9925509498976393,3.2685171864385714,7.709204711527243,10.888061442466082,11.39457770762267,10.370562240844297,10.360059246171382
9.725156645978734,9.010469751344603,7.402877443811472,7.810927159705331,5.796781907038461,3.781356357547782,9.577219902315477,2.54051082842365,4.558223696197463,15.120233831439698,9.454494224263984,4.839259793302089,4.114997190408442,-0.09223326453324195,1.560197534536138,-0.5583911056876919,0.26023643188166035,-0.42608152762667784,-0.9539643345556534,0.8956842611746315,0.564864828489829,2.5823029350682383,2.2760014160810216,2.2757038251135717,1.771554160946593,3.2794308874968072,2.2255226048737637,3.2289493395473503,2.65899739393059,3.9342542006009555,5.375315471509255,9.109002381587096,9.029074415154291,10.095787301712
10.238274041272193,9.42557350673207,8.063015653238137,7.89951317733573,4.398247568168407,4.388652594026027,-0.8890790080924051,12.061606674226072,11.638546049964576,12.144597050820847,11.626449233047023,15.535797417012114,1.6559707650415485,8.95533793527884,0.9993641297287789,2.3730054115864854,0.9371170534480132,0.47366236633546743,0.1558416394270061,-0.23378414411805615,1.4253868610505063,0.002334727486557014,3.3160263383261377,2.4247890231635574,0.8773304271639144,2.5271366981333205,1.191971723805826,1.8588645364188061,2.4237821357699523,3.2645819183621385,3.7368788071803043,3.322464861043774,8.329895354003938,4.871436549219578
10.908009140037525,10.138955746094291,9.065690720953848,8.566025576287208,7.825834098656814,3.548583807699441,2.851500698488592,1.5168882671616633,11.011469948163429,10.732063299475929,9.417580468262281,10.053965522628097,5.3557156656489635,-0.9989913941663806,1.63709971246149,0.9845952656530756,1.0908568498450144,-0.3197436107841587,1.839524989360204,0.7223226128987674,3.7131161895217533,1.3057266000356422,2.872753135405545,2.5520723710510187,2.1864801570552728,3.1299276040913417,1.4303481031681144,1.6930798431969576,2.4260545733479346,5.312140161348417,4.469774421896251,3.3473242566054733,8.294754965286112,9.375105067051154
11.792125744927715,10.746425534566097,10.178945405936654,10.093807194264853,8.879999238031822,5.679710109586916,4.783444943001227,4.551490948817721,11.476606412162345,1.2457564101980378,13.545794453156905,13.15478144389085,1.619374171183958,1.6335362148141697,-0.8396458499157905,1.754959533718414,0.12659981495503536,0.4872071964134788,2.9299484690093625,0.051415041852663046,2.2842356113079822,0.31768417453985387,2.8134036378798064,3.0107093173966755,3.5971827704916945,3.2177794857855804,2.218926295077688,2.3652960443658126,3.7221916708711333,4.746525752193117,4.386378405514006,4.681237280527822,4.8319655159390225,9.565664048058304
12.794668918040689,11.987738626095505,10.96939322830854,9.90615308454362,9.264912721483183,3.9420186897654284,4.336926507430799,5.547402177352082,14.192917057238406,8.116594846466134,1.584468627922084,5.415643007440702,4.7759257251153375,1.9743768748730928,2.4748957532990943,0.031042580595144146,0.6853911236479371,2.198702328034685,1.2451337444600508,3.678349880337467,1.484564306667388,2.1533197145924596,2.4350903235424024,2.4762485472894515,4.918115837954407,3.4539889285578314,3.5339560860206816,4.417809046525538,4.775820046376264,5.402924049470214,5.01922499503477,5.641220037158938,9.303634046984781,11.43232356880806
12.825000102118668,12.8451938186708,11.078244579584098,10.90478557536424,7.726384036568683,5.83994480869748,3.505570172100724,8.062948908958797,12.469464217265372,1.0977716283269114,1.9392265970124227,1.7467571098048917,2.3174817109779378,0.9257792267869748,0.7875232650795433,3.0098362667506677,1.9901082449085876,2.3351064347913923,2.2283458275462316,3.222634299735812,2.8897149980234222,3.9315398568788633,1.0427355615233111,2.4630707565607164,5.833005602411249,4.593306193342152,4.326548894306859,4.494740770889424,4.418974561444767,5.241604812352053,5.873144779317486,4.7627986072228845,9.826263549886429,11.419552509269842
12.040498847966767,12.973864004047053,12.680978262750571,10.786484781966934,9.85272677320502,7.536437959302583,3.364329972514867,11.767195919023472,12.018847761054023,6.9588185072052715,4.253809739282133,-0.47221753274815426,2.7753324666001475,1.5793837830346804,2.7384226839301027,6.187164967803147,6.982663016086014,1.7293129344575975,3.4701104378500913,3.228566298928893,4.381843299589412,5.645572546714669,3.224442874651626,4.282691363751115,4.126231115653595,4.591443095607908,5.2096306820304115,3.723605488619771,3.490894879417801,4.854284527150394,4.692961500094867,7.473178033141428,9.011853678370317,11.069223502691273
