script/wind10m.json
{"header": {"parameterCategory": 2, "parameterNumber": 3, "lo1": 3.000054539987559, "la1": 64.9999836372058, "dx": 0.5, "dy": 0.25, "nx": 34, "ny": 52, "refTime": "2026-01-28T17:00:00.000Z"}, "data":
[rows 0 to 23 of 52, columns 0 to 33 of 34]
-0.7044529472441253,-1.231710885942284,-1.7887168136037424,-1.8290525296989286,-1.8690060291910302,-2.093780616376308,-2.1629860752631083,-1.578444009920949,-1.8278830481570516,-1.17346165168807,-1.388760193843684,-1.299984527930251,-0.7526394205139414,0.585402999387564,1.7101563922672012,2.0953923543048707,2.202383391878496,0.7369367805864687,1.1018335245833508,2.6362996112093833,-1.4443220363222307,-0.1494081181321076,1.9879690939977412,-2.937236907580322,-0.07106741191833599,-0.2579973423441525,-0.35470028966102224,1.454781076675804,1.4000160743079522,-0.13623717432053037,-0.36759789343596294,-0.6842749453479582,-0.5478222665959773,-0.5454135637102137
0.4804642559127975,-0.21231469207843862,-0.3911761998489905,0.04516322289994867,-0.28026123887934895,-0.9412049995127083,-1.5092927658385675,-2.1636485402248162,-2.188327080398261,-1.963454236755564,-1.8915797454540733,-1.6495888132298686,-1.112097488700889,-0.33476119699753937,0.9049564846835474,2.760155748633445,3.9016913078406428,1.6725568608087007,3.6442268495858237,-0.5368246177168136,-0.930931063700767,-0.20211231417800796,-1.3397973209559033,0.13343226300978064,-0.08845950865581406,-0.5296714014701994,0.5778046639837215,0.5248000211603806,-0.36548415411575885,0.11819116487237365,-0.28545590510639457,-0.2711186905175354,-0.37442653616085625,1.0567686884163565
-0.1836403694999437,-0.4399657182171234,-0.7313097902332211,-1.022107732957743,-1.11556051689658,-1.3405245294712789,-1.8604611416460215,-1.9477569776726513,-1.841395250501567,-1.9077749708604304,-1.894716764901933,-1.8111737839625437,-1.018723120285053,-0.38733402059895455,0.262409171547134,0.39610677945261835,1.3296282263671906,2.0601531381396123,-2.7809637888104812,-0.8570822750075737,-2.6944710841927813,-2.245948161763603,0.011360402512271755,0.9130852773456645,-0.05717326217366529,-0.20775374123067647,-0.34721812162886234,1.4640376824637134,-0.3839459113711076,-0.6608304839764112,1.544391154537469,2.040611496263916,0.3182482614656802,0.9918297083576268
-0.45487174046732365,-0.8154830674365185,-1.0140422607523443,-1.0094114938508603,-0.9083044801029625,-1.1486082936342168,-1.3924466000169742,-1.8243462410896372,-1.3780160517530264,-0.4089332092830655,-0.5577233060685033,-0.8332738882552204,-0.5166762158891874,0.07032271959130934,1.3099140441911248,4.642957911487616,-0.5129317139153339,0.08010518994643452,0.009540192232285073,0.021725861024959714,3.8421040555472814,1.5026938577071227,0.6236645780559489,1.009469815430507,0.40531755587452956,-0.9011937043725209,0.08891923024785667,-0.08308431613307314,-0.6025463123914253,-0.47806809464020705,-0.6044037059475829,0.9686574212133844,1.542940002266159,-0.06978927247410593
0.5897753337273328,0.20446226727178005,-0.2584939049251878,-0.7507465473175255,-1.239245206194972,-1.7314014591640199,-2.113488856286879,-2.315924530217563,-2.3441211755781857,-1.802432129938447,-0.9933091960871703,0.036597827871120266,1.501841022503922,1.925414507511061,1.1754980056777602,2.8893257638072454,-1.868501423714978,-0.7178549481755789,-3.2397569645971407,-1.0107538939324194,2.0868484211579053,2.118205396406007,0.5312870854102855,-1.3203472207692208,-0.7231512192945796,-0.6454233978502952,-0.02036778792503648,-0.6445450229670706,1.1533631973607272,0.39005519734524385,-0.5060097958798079,1.1951325083112345,0.8430698837817444,-0.14266008899966576
0.3850302383641003,0.2827197836533552,-0.3711367694829649,-0.7874084443956882,-1.5715939272983979,-2.3303742678874086,-2.795727082959275,-2.823806716503068,-2.7733760217452477,-2.082598632535246,-1.5367376190621596,-0.8911766982197717,1.0272059272003242,1.013572596823603,-2.167000955630747,0.15500072779502283,-2.842214791658552,-0.5955702371272734,-0.24965722764404708,-0.5883852477325133,1.3363352319657291,-0.8515055687162254,-0.03151173928774304,-0.7008114713023353,-1.1007810211747706,-0.9222744460969846,1.5238417348598527,1.5227778225970463,-0.6291175157286392,-0.1993892816116624,0.8594636384299682,0.11563950555369992,-0.21631436158228892,-0.748022050323901
0.04357758144289399,-0.23664143303372379,-0.2797924005837586,-0.6344131277501633,-1.4653110962006228,-1.843471926609036,-1.7318223196882245,-0.33333354229363954,-1.4077645385307134,-1.5454492953205619,-2.0047006752379968,1.5153217966851622,-0.4769048062964332,1.855075555890986,1.0695542076708844,-1.2450269392880675,-0.5469194121307374,0.814387568170543,-0.6348477704018877,-0.31990911985100123,0.8276593499017612,0.42389141105225175,-1.3006676506555692,-0.901542381239195,1.7655533405440966,-0.7118578176391861,2.139017813804434,1.0864535861420852,-0.3914238295934628,2.5368956148771145,0.6986088719001721,0.782148722908488,-0.9412803857606094,-0.10514684740227227
-0.17412962589855593,-0.8667234491267664,-1.160587792130588,-1.09143561328176,-0.7726059970588114,-0.8088312800936313,-0.7665303371406365,-0.8224430566679256,-1.0483784988235991,-2.235399199199402,-2.0263254253847585,-0.6298431034286535,-0.11143030305667422,-0.9094235137717828,-0.06942505279390547,-0.7003048284633674,-0.9824913288187465,-1.0116937041603145,5.976917742703898,0.48450384184714457,-0.8276954245391502,-1.725687278116177,-0.4820522956068803,-0.30844154179452987,-0.5135538400397244,0.0004870949857843715,-0.8981544484351184,2.749302902494253,-0.1105828496215593,-0.020914663827919622,2.1824482824197005,0.019979114212357683,-0.4933028644322304,-0.22788563100474907
-0.2530617505927683,-0.24665013434321387,-1.1178188963803968,-1.5321070267658137,-1.470315797645005,-1.4532975859200505,-1.1527961168018168,0.34204059251011437,3.542970645452459,1.4508923970979337,1.385002553564651,0.02873185785052487,1.289974083635663,-0.2766884936766639,1.6968179300429809,-0.7489592641530013,4.067885271866157,6.160661824155847,1.8231666234905717,2.564503038310973,7.52742450630342,5.237979985825123,2.6098435495986574,2.065928320008727,2.309266288905307,1.4377616374823918,2.0324529690039608,-0.0009012043936191179,0.7485027404879767,-0.28526390971879423,-0.15550659247428994,0.649473957848034,0.4544116274817699,-0.7085952691451691
-0.4430639286945096,-0.3064604169866556,0.8225616572805057,1.2843530976191992,1.2248074509714997,1.0558551131276623,0.9149950016554472,3.468610979458219,0.5238773235359857,0.9549904746262022,-0.7717265927058752,-0.9518558353725933,-0.6542132710162157,2.8672437797489865,5.010528570583481,7.251163915868529,-2.135520799953589,0.23044659710752793,-0.6355493062907412,-1.5887459059916618,6.00793792196533,0.6635192091088007,0.08210339477380525,2.8458473157416,1.435096811798076,2.6461361975115376,2.3122721104816937,1.327513875799711,0.14564797789545839,-0.9599925994761934,-0.8384155035525906,-1.1411944743734828,-0.8479274132640996,-1.1461113715118472
0.5438606626119004,0.47037116516810923,0.4009520442437863,1.6956216851498085,1.8884159169779486,2.399226622820195,1.276998631960996,-0.3022834792967237,0.23680001559749947,0.0736631185236151,3.9983474681800164,2.684746372834849,1.657537359359088,-2.266774160614598,0.6926431646577849,0.6314306178492787,2.3941261298940493,1.8683820641332327,0.1916290933721042,2.1927604859004224,2.576924785046602,-0.9688398526114773,2.732242327893678,-0.34957665956731865,2.7727942928728,-0.8960154515244739,-0.22708457968724663,1.1676899449106068,-0.418536556642455,-0.5738405394966327,-0.6531008560334239,-2.0378244698037355,-1.4996272685646297,-0.9521376419296869
1.4637832950285385,0.42651527481791707,0.16245088140832495,1.2820681983463442,2.3603692254270427,0.3089550792700533,-0.34218823123733594,-0.9566462223272203,0.71951511205421,0.4971350438269586,-1.1181753798720628,-0.7238618210765829,1.5450403164568767,-3.1168969497328995,-1.1556268874723081,1.5806496607095426,4.134831509569348,5.0346958156015065,5.940379611884709,2.6934752306779246,4.191938880840453,-0.993567242479611,1.0774004412589202,3.213818296918014,1.8129722856903463,-0.7467790873376862,0.19990277209614774,-1.0682437604521517,-0.5289707776338787,-0.38786804233671396,-2.20531596228939,-1.4072580218767106,0.3860671044043553,0.8889192780795829
2.181284485022642,0.9134373549904834,0.32419573413629516,2.0850429550698664,2.141896170827801,1.7187827317805295,-0.566557593097289,-2.001395143973421,1.0024266591677884,2.401363403723234,-1.0713860542146536,-0.345896636811647,3.226171555115649,5.8473593112560245,1.5297767369199122,9.37672250453304,5.363894556879863,1.9057341936285912,-1.805498638679338,-0.658687987756534,2.9321285257323293,2.3105552408958334,2.448149519673988,2.384468114769135,1.904423083760227,0.4742038359549213,-0.08066575958561688,0.04920177426570746,-0.15371050956671883,-2.9627670548764318,-4.906728876990615,4.081152566254051,3.0207862288726894,-0.9527841881004011
3.607899192975588,1.2393413374716626,-0.11148969718470106,1.6218931214872379,1.3181665135729463,1.7459036026720334,1.837802292301971,-2.2199714820444183,1.9509807298107735,0.7793164994351862,2.8181229717816545,0.1402925959312759,-1.4330539971465808,-0.33858674357735313,0.46695287924060425,-0.936021062717151,3.9907522717564996,0.004244119718687325,4.510629924274674,1.12004059557523,-0.801113327053368,4.19136912685636,1.6423243015636504,3.0655951404476824,-0.6979756622483912,1.8708985428644216,0.40452329408926396,0.11640667183749302,-0.18724264519810455,-3.317511700791211,1.0620214559077057,3.984663683766217,2.9390610030656252,2.4275337927466905
4.136356848162511,2.3195846612642064,0.17051988154738773,1.286829491542424,1.9542503779174445,-1.881735743841099,0.1590945793391392,2.2450695447442968,-0.9536585356747757,-1.4022815171872547,-2.4559879064107464,-1.547592931457088,-1.8278252745613202,0.8126473505394335,0.737028615885124,-0.9096811005938934,2.307037106422601,1.8663010959636728,1.9962060177361203,0.006869910342131597,1.751219247301104,-0.710375708127017,0.413413374963549,-0.029360945751690997,-0.32187643084425466,-0.09085310445075324,-0.8527627323256127,0.5391909649658071,-0.7518965889133368,-3.3190105474925202,-0.92535350333123,2.892692270940886,2.282848589865723,1.2290057703927824
6.013083041667992,2.8193700277105935,0.6560299254073001,1.849339675724912,-0.3405501902342259,-1.0724254255986871,-1.7037712887912162,1.1411389170030082,-1.278237758989511,-2.898179121900402,3.453136581246496,0.26768015300280934,-1.6466260585901347,-0.7802956305837488,0.5088323251433527,-1.1292259666850721,2.5261610564593977,-0.6160918164453606,-0.8555244528496249,-0.7250446501589407,2.844729266758532,0.8576650057138661,-0.07124393371672517,0.41463695025703895,-1.0399686473167318,-0.6528735966472247,1.1817536171121046,-0.1490438775876812,-0.8736475101006689,0.6732007145245581,1.6565120928818784,1.4633024776622015,0.4212941110577533,-0.05765664268962033
5.391134304453315,3.52768262148043,1.8766377506282017,3.223152791654126,-0.40380525719303123,0.989614400140598,1.1467549417195815,-0.14466751212931023,-1.3920417635962474,1.836708064828079,4.698507855476122,-1.0957551614948116,0.7263143002651474,-0.56209743575115,0.16373687630583836,-0.08442166073588996,-0.7692414186136972,-0.6505264542132773,-1.3213434793045702,-1.088203423322083,0.6514649781598245,-0.33851897367973194,-0.8774846320705869,-0.8707277243880069,-0.8725989162052732,-0.5692498269816487,0.8800503158204318,-0.6036724286651614,-1.2039378683708561,1.5231351900416663,0.6499276093384603,0.17682515884421487,-0.5917053372857985,-0.905086132708629
5.838188178560795,3.7370402918215198,-0.25061387260237933,0.15111897702413918,-0.34614626370792523,-0.404749099121528,3.0872680294943273,1.0803461198100603,2.532012089768875,4.4291724192118,-0.08968133612188246,-1.7430674761598797,-0.4119395229076379,0.5754957014099576,1.3920882810454667,0.18472637882374007,-0.7978051898679811,0.7435882196231832,0.7169343474821603,-0.955355123079136,-0.13331650041459506,-0.34398598681531783,-0.5742808813712246,-1.0831583069359776,-0.10137394109146153,-0.33765806615193167,0.10581751894425089,-1.138109650784156,-1.1583668116825445,-0.09038408284736915,-0.4267173571016043,-0.5511327713328803,-0.581438484424367,-0.5335249221191557
6.0042156246950125,5.114427891835911,2.6481398868574604,0.012606936059510842,-0.45526164436197686,0.9963203270016711,0.2002411097329351,0.3722301544917496,0.6216549570365523,-3.6419836680643374,1.052143670650138,-1.2987657955439056,1.8064262006443794,1.0301068911997044,-0.5178584270026713,-1.471735148831814,-1.2893878740619675,-1.5782310082620854,-0.9608206813683422,-1.1689448767455162,-1.0896718726067474,-1.528203530748975,-0.6927801229901146,-0.6293491727932219,-0.15187536327511691,-1.0929273418657917,-0.8143054929511069,-1.3194527534962457,-1.0931703623289415,-0.6004324530708586,-0.5655247731804832,-0.739858568751719,-0.5105208621959724,-0.57593829291685
6.515775324286758,5.680319672208841,4.019884732301345,1.2213073480877534,-0.4015263229752984,0.5107809160149758,-1.0206338711180614,2.0900871219331183,5.147835859667632,1.0131972594447685,2.765770535484365,0.6524911468320758,-1.2055686817444313,-0.02431152436057479,-1.3464189433416969,0.6002356566831171,-0.6106408362425931,-1.3081699670374216,-2.5219798780720706,-0.20203003889425583,-1.9363015516832611,-1.4187692108334276,-1.7225901309833687,0.7700876710873075,-0.33591538946788335,-1.1432010210554795,-1.2375874968558214,-1.349510967906646,-0.8472796410797605,-1.063630174749323,-1.3567262995172957,-1.0749179732855514,-0.9792251307235769,-0.7663310965001195
6.915644095548696,7.062071116602913,3.822549227910435,1.7501717560123777,-0.9005934666986195,-0.3366972200123271,0.071313753917676,0.06236861018508063,0.23080731416568367,0.7419543755581591,-0.7150974257344878,-0.9481345919001869,-1.222183531644878,-0.7667430082503203,-0.3136686908131764,-1.2055524307912087,-2.7805197390934233,-1.1193525102792798,-1.8138066207182217,-1.3562001705717808,-1.2438382288825962,-1.5408013467399928,-1.1495217376027578,-0.7926879728470099,-0.8832396550900578,-1.113123183745049,-0.696363420994343,-1.1037702931999809,-0.8797435302822828,-1.4624980772980831,-1.478869175180455,-1.3854594074435334,-1.9372573644233397,-2.555660212850605
8.305151881053089,7.574984715677134,4.740639523503265,3.859957219408521,-0.06402940187238564,-0.40562455703330036,-1.4459619529414618,-2.9733853496247513,-1.8328379506462986,-0.8423431811004822,-2.2371650043469558,-0.7528084654805804,0.14298860129998653,-1.5899728897664493,0.4581467850092737,-3.5262327589342513,-2.355215367374425,-1.9173926665225918,-1.369326946708742,-1.9077302133147056,-1.9442915470848086,-1.336976747161712,-1.2751089249806167,-1.0315888972878657,-1.0419425753198772,-1.481306075714391,-1.3513487563360844,-2.019078949843304,-1.7764882350016622,-2.386727174906318,-1.6973656916663404,-1.7549777079250781,-1.0246031209820732,-3.167518727385313
8.303415666190059,7.916918399504047,6.538333602713343,3.4894754520963533,1.6765072758857744,0.7989225204019044,0.905026292567974,-4.215986185463757,-4.12075604464182,-1.7964535087048685,0.3830941219753194,-2.1349303539432753,-3.2239267266343865,-1.2640334096139287,-2.722822756773056,-5.29237375858695,-2.43437977438606,-1.4383493222606678,-1.42917334122525,-1.7087699702020052,-1.4673848249099672,-1.1285800514526316,-1.4839964294642969,-1.5272278194724145,-0.9844029858192701,-1.8039559796401095,-2.4483861773398323,-3.0919570221315817,-2.0372887821821064,-2.376876456665265,-2.1827206527082192,-3.196037259852589,-3.4916384244904806,-3.3048027269303235
8.511632422423512,8.362860251558404,7.748145339694779,5.596264093156191,3.125814930059972,1.6167372968748732,-0.9428914973201947,0.435127297046602,-2.400699882358773,-0.6584311670917821,-1.69214564715044,-0.5159698118416919,-1.297856869611951,-2.3375301072555046,-3.154770472452033,-7.388509692107741,-2.83072727775279,-1.4880293967604243,-0.9590564713640647,-1.4928845725147841,-1.378865975737233,-2.1322317988275543,-1.9135296884141253,-1.1033857948093697,-3.1346670204723894,-1.5149451808702281,-2.5544248691081224,-1.6112493594605433,-1.701417718977274,-2.2314313271642,-2.981398525175989,-1.848558538198205,-4.0729133535018605,-3.613654781177476
