script/wind10m.json
{"header": {"parameterCategory": 2, "parameterNumber": 2, "lo1": 6.000198445256149, "la1": 58.999992894266676, "dx": 0.5, "dy": 0.25, "nx": 22, "ny": 24, "refTime": "2024-05-03T10:00:00.000Z"}, "data":
[rows 0 to 23 of 24, columns 0 to 21 of 22]
-9.072370026348315,-12.70597595891437,-9.689644542719327,-3.534013458186703,-3.402447181760359,-2.7705365418376062,-2.6406871942786787,-2.8010284524304274,-4.861772751570541,-2.216054476373172,-5.056133512070433,-3.913726998040853,-3.502281890370771,-3.7496340567365927,-5.988429595495871,-2.660928444576307,-4.216718195966959,-3.1858881081606842,-2.9744724642733815,-3.1039396347584227,-3.146344385880235,-3.5396358167666633
-7.848376337551728,-8.96451584029792,-5.8467503128174325,-3.5386525621449376,-4.489167390646129,-2.8752480591717275,-3.3569585788301732,-5.031194018393,-5.9552722372761915,-3.919427906293139,-5.733759967350164,-4.385730618186145,-4.422138636335499,-4.419308866743124,-6.628391483367481,-4.549916844616722,-4.1022340618525055,-4.597218173376862,-3.504703241573432,-3.0865722700226543,-3.0442818863476107,-3.8981957021617837
-6.1362046754438415,-5.398129383324911,-5.0708480800528655,-4.134299701281101,-4.354859845327746,-3.5410150331740784,-7.024727051042415,-6.564549210228383,-6.12986703829742,-4.659042183918561,-6.332538027362237,-4.386578454457349,-4.3910220941461375,-4.966403602962082,-4.230259811820755,-5.209611737630979,-4.732278219378186,-4.655352418006541,-6.421023304644089,-5.372087181984732,-4.504454738355155,-4.017318242233458
-9.734487313337137,-8.214990550954834,-6.353495016722994,-4.424461152404488,-4.203159361114576,-8.241492211508369,-7.769902712333097,-6.857251008440384,-6.002377945640676,-4.522725015449276,-7.861983000088011,-5.824200817814815,-3.851681784078717,-3.518705103310799,-4.9453613048970775,-5.075527496723892,-4.002121635947106,-5.396718384410736,-3.9327377933091916,-3.9435158000629245,-3.789230676850685,-3.32552857805131
-8.698324245934094,-8.732447660123178,-8.278130176212976,-7.660212211039516,-12.575274186452607,-9.719131046063817,-8.23728019377912,-6.856235285467028,-5.875918860474207,-5.932183806653767,-7.621869165060288,-7.926532041182772,-4.159648496176041,-3.3374645114891672,-3.6619258502598258,-4.274763082012662,-4.161547597579373,-4.696446764278395,-4.401223684187442,-3.8718565904337043,-3.7538589116196297,-3.3690787135949685
-11.819208175552978,-12.542859969155582,-14.0533493151235,-14.115838091923646,-11.888243758615502,-10.336574949163262,-8.961270308749636,-7.618779057927192,-6.476836806856987,-7.4058537408245,-7.183123223344719,-6.456038614134508,-4.957040306995333,-3.757417644314492,-3.929368068340457,-4.460539275478773,-3.1329264822886405,-4.033063411512825,-3.875182226499704,-3.5559166436582696,-3.5994200912993706,-2.247222295956725
-15.360758964656164,-15.814226609663503,-14.622965170697011,-13.386146031142207,-11.430696703978102,-10.39696938234115,-9.380520769198366,-7.727743333863103,-5.592289158192543,-7.208956095761639,-6.284345416047549,-4.90872273599672,-4.863600074234166,-4.025268542255496,-3.724822378633815,-3.906218164690705,-3.6129941845322877,-4.704172505263392,-3.8370645223127227,-3.6313744567611894,-3.4280519409832446,-2.467977886275533
-15.45846042997297,-14.926291804359366,-14.057959488580098,-12.92796969456762,-11.747982561627612,-10.059581557528467,-8.843697520171645,-7.033369525574884,-5.627812714955003,-4.382641012969736,-6.16123926367947,-6.205820702627908,-7.82800090444626,-4.660491621338933,-4.106342370009387,-3.9140978756360174,-3.7942610706370266,-3.98457121269756,-3.7043444686528386,-3.282443919609974,-3.2864750322029104,-3.2721424057356367
-14.600868506727968,-14.24855863765792,-13.446218097712642,-12.10492830871743,-11.011490979975015,-3.958079621113806,-7.5551192896839305,-7.478885180743451,-5.933048797986336,-3.634097614593865,-5.374045123031461,-5.8162374021715495,-7.048876165176107,-5.400090740021058,-4.287566661475155,-4.054766902134023,-4.392858318893588,-3.9073329797382894,-4.36598819828855,-3.5042894516204597,-3.054461999549098,-1.9965590230118855
-13.686795720148767,-12.603397325561634,-11.663888407645658,-10.4807577741542,-7.668118018518804,-6.2020960262077,-5.858670849908647,-6.503050732207023,-6.000677739384288,-2.503962677481876,-4.870145158855975,-7.274673652834731,-6.475330493787622,-8.542783270046117,-4.427317652211144,-4.110051501563323,-4.270767074790494,-4.133580337083947,-4.404966565792816,-4.016344899178134,-3.102663892395745,-1.852301524022029
-11.606751981082821,-11.291322198483615,-9.220581025432775,-7.183842563940182,-9.917148461628594,-5.835526028998908,-5.73309448485754,-5.844259683092519,-5.522698719957343,-4.7791303292374865,-7.464268879216759,-7.90987563471551,-7.6022478919049865,-7.306226321260791,-5.848161634125309,-3.829817022527482,-3.7700924658051655,-4.209729528954336,-4.518433868322686,-4.016473840960002,-2.9604263894130955,-4.855406608626577
-9.953214142511015,-8.544428119844067,-7.363388764113342,-6.5298473232406025,-8.332775622229896,-5.034058016301988,-5.536377816512551,-4.942916181191149,-4.349966372534586,-4.898763640204571,-7.755701926467795,-6.059582748995572,-5.240758633328509,-8.308484747303725,-5.324776924868035,-4.544220273918456,-3.9214911209953116,-4.7719628317737515,-4.201091337566769,-4.398699592883254,-3.4513442932564553,-5.759514900638811
-9.234295190347853,-7.972986352755105,-5.436116651375132,-5.859611892604102,-7.095411674192854,-5.991883076393561,-4.89772185741338,-4.869274386918219,-5.340895294339274,-3.948330225926943,-5.807654039825415,-6.3063530901395195,-4.955077949185143,-3.8285620200700845,-6.782470895466758,-5.920688546405124,-3.8978716140938308,-8.447864654425995,-8.893275458017664,-8.797115873375342,-6.583560931648812,-6.246067465925226
-7.607989057693229,-7.9978762695641485,-7.358555343103299,-6.425482836014487,-7.464230713068447,-6.306313895281348,-5.70225704274734,-4.6256063903759514,-3.8432241892953707,-1.6565408353514344,-4.316300205769736,-5.237250784128029,-5.456511298626837,-4.236008398036982,-6.707805567854851,-6.693915494605261,-5.495422314402434,-10.923055909384386,-11.125724812788045,-10.124590676325012,-7.5768751748418826,-6.711245234901908
-6.604699578324339,-7.001503791688839,-6.318934509053112,-6.278993894217259,-7.058284774958377,-5.935231804785362,-5.949495796414706,-5.450582980094029,-4.603759171451717,-4.566866365874087,-4.5230055216543965,-5.620272918370127,-4.346842719401169,-1.6128658330400374,-6.603570784812791,-5.651794501859072,-7.4672914313364025,-10.703560949437703,-9.225216074014345,-8.940853452354446,-7.43713462288589,-9.067921341624624
-8.59176159334176,-8.818010781746684,-8.151802545327211,-7.245558908479481,-6.231966430336249,-7.33318279580623,-5.773959782389354,-4.719901996893008,-6.60040553022103,-7.055850664814743,-6.085700246757858,-5.2808759028363035,-4.6397460509470525,-8.290731029126452,-11.461957675798779,-10.055791134649422,-9.570001623947086,-11.08389095090011,-7.8562218770982115,-7.099108664182756,-7.949355060070612,-8.844154324501346
-8.645730492291207,-8.761723926861821,-8.20981002516333,-7.835261554496981,-7.229056271879355,-6.993100554507294,-5.527857510722163,-5.142768010437948,-9.111207725004899,-7.835491449689976,-8.648741525704933,-8.21138411232372,-5.710370065544298,-9.516955187150604,-10.416612564238399,-9.838621585585482,-6.791672078124132,-3.291695958461949,-5.749916967216174,-6.371171074107111,-6.0851273010766675,-7.366203749574259
-8.39773759680289,-8.756380658203188,-8.09078772587132,-7.794583356593835,-7.194757724430685,-6.208711520308582,-5.148102992055008,-6.376661906156534,-5.020759313330884,-6.572789477179262,-6.276771455114228,-6.118726858161909,-6.684961529772383,-10.644740611254619,-9.130279580566464,-6.304620037497647,-4.211670456921063,-8.020279574653113,-5.233039191901177,-4.496101650036761,-6.273815508826335,-5.827564644343101
-8.346458381269025,-8.878107847167643,-8.961984312040034,-8.094584906170954,-5.90943371050337,-7.249147554899584,-5.897509445661087,-5.05002692522605,-7.871751322801859,-9.406702635396352,-8.071282440005682,-10.499085844574532,-9.24490859646076,-8.390896224554645,-6.719216497875199,-3.589205714842786,-6.265976768814804,-5.893337040624536,-2.9583783228014027,-3.2942145626160135,-3.692938994188641,-2.395791725198924
-6.931140435423373,-7.729925504910465,-8.564080148248632,-8.113941235293943,-6.5101779961776165,-4.09609528056291,-3.863087171889741,-3.477701257150515,-3.9549923967416603,-4.228394799872967,-4.653071969652445,-8.950985237092997,-6.292575746507712,-3.6193424600197948,-2.734755723133458,-5.5146435844457455,-5.253094812391221,-3.6368663405563875,-3.25953699604199,-3.6857314433640123,-1.4433606317852563,-1.4210747782344622
-3.7776316736552835,-4.884220318250019,-5.244850038892951,-6.952250710213986,-3.392867809226567,-0.4975277759867578,-1.8781364743812488,-1.4386291377460376,-2.6271893767404424,-4.146532800520342,-4.171478658342522,-4.225578082615714,-4.251738103591386,-3.644573325149031,-3.0645159038559493,-2.7036710557941426,-2.527556133349313,-3.3474592200467694,-1.3223389674994723,-1.1663845751688056,-2.16751070469157,-1.4654229831954073
-1.68596311172921,0.27733634719720607,-0.16415571026377954,0.132368292138453,-2.821712785754505,-0.020416473944677216,-0.8089939128513295,0.6393759386996172,-0.25600682273194836,-1.5205133220289018,-3.0549529397612205,-3.3283560369654066,-3.2869304056824427,-3.391268833498297,-2.997508844137333,-2.6541721541779357,-3.286692296988161,-1.5356363643938808,-2.0713140931146325,-2.132590824791758,-2.281442601070295,-1.9461967802799771
0.949041899568332,1.951344738031814,0.7294758749880191,0.741147118548845,0.191489683383085,-0.5065044579387363,0.17345696761488183,-0.734400785085619,1.2800408001007924,0.20066649374415035,-1.3412524833549124,-2.7617340917107125,-2.198512652948216,-3.397777329406633,-3.3370468568207556,-2.784049177552405,-2.7231715815477724,-2.0931050526177444,-2.9726576629718395,-1.9079553470281652,-2.3326202976641732,-2.2178325548126723
0.8742230419713988,1.4121285774930172,1.5699277825166729,1.536145967266262,1.2319696213430114,1.376397706176225,1.2992065413447593,1.546166772242573,0.7794935872455683,0.6900443963395861,-0.2061543477211636,-1.2858442805491583,-2.065234277048006,-1.2719125732470211,-2.0659920963027734,-2.780725251394963,-2.3734212630460956,-2.538512167118437,-2.913146054444337,-2.3434658229073397,-1.9615820569182008,-2.9485365295581323
