script/wind250m.json
{"header": {"parameterCategory": 2, "parameterNumber": 3, "lo1": 6.000198445256149, "la1": 58.999992894266676, "dx": 0.5, "dy": 0.25, "nx": 22, "ny": 24, "refTime": "2024-03-08T16:00:00.000Z"}, "data":
[rows 0 to 23 of 24, columns 0 to 21 of 22]
0.9568875572141821,1.8845953182163,2.403599879400921,-2.767753794826128,0.6805665362623886,1.9840837340507786,1.7972662474007972,1.6067868291276468,0.6917198982935623,2.215513808459655,-2.5612515056205525,3.5228085400691236,-1.7988258661746643,-1.0696295926990482,-2.341770946455403,2.3099814773720038,-2.4088211782252875,2.012329723862835,-3.419954490410285,1.5565704037437165,1.1597588431774344,-4.649902075829237
-5.458052210600871,-0.30408540736079787,2.4278848337157126,-4.583901409478598,2.6977248709134445,-1.2190376065386048,0.8215741930834543,-0.8679309634739114,0.9719710591949323,-0.10206581461132294,3.3155074704625744,2.7368336731363456,1.2231676612390776,2.1485807250864886,-3.16895994505919,2.363782618702678,-0.7663800729991306,2.4575805500521803,1.6799752560108703,0.14608459474672889,1.6659250648199817,1.2159233746512292
2.577043557018419,0.63593125807462,-0.08358827002682828,1.1754588920314233,1.0906880650697524,-1.966621610854446,-2.194677462377663,-0.6855218687082941,1.9068282435201995,1.6942707547567,1.4144542817460777,-1.3391929979256403,0.3965752997668053,0.9176962888831101,-0.6060021094033321,-0.9826893239598532,2.2411957845694412,1.8543470158461899,0.28839098150868037,2.4870241166501055,-0.23024479065072906,2.31863599821285
-0.2587395282630399,-1.7818683156589668,1.6965487698939445,2.822760046491355,1.9539863790948973,3.0956546062650623,-1.4796187639482892,-0.5877671176743337,-0.3902707440205343,1.6661320716742034,0.6767507686855164,-3.2151314278788456,-2.348735188748149,0.057008040020473376,-0.8661002318455363,1.5126990558893547,2.1740489110074828,0.03945666869821949,2.2877250394725532,0.21491882874516607,-1.215103192541688,0.47370714892389604
1.3671619720097603,1.6148271660952203,-1.9687401491624519,0.23490266336582163,-0.31683251389397027,1.7248949495123298,0.4346529066007695,-0.1717739441583392,-0.7729113986631326,2.774299505513305,1.1848885285783024,2.6787501609713917,0.3377606374520196,-2.301804643611271,-1.0772595504808944,0.7921852926703472,1.8348486015150298,2.369806692393946,1.9513141373576148,-3.700845310198908,1.8934194583888713,0.37504174425343
1.4905070754449703,1.677828886944251,-2.009811852897127,1.2868334380149238,2.7489827741362554,1.516431187786661,-1.657725768295232,0.5852504570469654,1.2821647567399341,0.48612982025536755,0.6157776657564308,0.8091453886265543,1.6834803018336633,-6.087768046539993,0.9794638809847336,-2.4661510082066243,-1.4815140982207673,1.9567128936951719,2.018632429163117,-1.1127733760339535,2.4179945156605442,-1.2504231946067175
1.2966453873889825,1.254939711943137,0.5904469702289675,3.4717987180267516,1.8917003642011496,-3.718694822975438,1.8767058107978374,0.4677837054459381,2.330006037017557,-0.1848858609724307,0.9581152625461462,1.3174875011905511,1.6834522677532793,-0.5263866664334016,2.305084713843693,2.5678910957393435,-1.7071170437894183,1.7214465597234871,-0.7062576437894906,1.4933324375562906,1.8585425466399392,1.1660150275268661
-0.9470698736968469,-1.5833166458802255,1.0724991468025398,0.6922332548244842,1.178891922627221,0.4314155719143283,-1.4682699229161658,-1.184973974224285,0.09573608307275512,1.4250378839669922,2.2035238224460936,0.1775030204395913,0.980676659237705,2.0967002705021143,2.0965486243664557,0.8511059458306212,0.7542864394719464,2.3122718271502687,-1.7870346973724656,-1.2991763341044027,-1.2538749903241346,1.8808760683864236
1.6647032688209145,1.015996712648152,2.1543865365718986,1.5823576020394199,0.7033073278428293,2.3828154987352814,1.8509345012767366,0.4017820144937338,2.435974161982389,1.952380783722139,1.596332524024031,1.9026821591019116,1.4378735019697346,-0.01706258169774269,2.3185307024684545,0.7195827760192004,-0.34883561994086715,1.5475249478842539,-0.07912872411581935,-0.7441778317219372,-0.12126387474288512,1.5313820100896085
-0.27474405251196504,2.222594657839876,-2.4415096753063565,1.0124754016152129,-1.1581010396236966,0.22174118402578613,2.4316585878586587,-2.565347667403265,-1.3879002787494161,-2.073544588622869,0.2758243362334747,-0.030141354885852758,-0.8579540178992904,-1.6639729549955868,-0.8472398486912318,0.18993950149478742,0.3776002384505259,-1.151219097206913,-1.307941240318405,0.8072952944890737,1.887388770125629,2.7564545476288678
0.3643516151473716,-4.240202233954394,0.36324716167933113,2.4902394348906394,-1.422191335990917,2.379750889800908,-0.5326929653922825,0.7337961197472611,2.381105043445544,-0.3883999103336183,-0.5390250449899548,-0.39178745522475034,-1.3673625255049018,2.2449020258725043,1.845028018941534,0.7333769002049861,0.8777693723883017,-0.2974338116029441,1.2087365924713103,-0.576431270526248,1.2583072233491068,2.0976077095369905
0.2580674810674331,1.593319598054321,-1.3492632386495564,0.8874005912948831,0.006631027824894396,0.19106601593764322,0.27059775189358165,-1.981766024478807,0.3726037983900592,1.713546379536914,-0.6005394097335915,-1.619384395214669,1.103554670584093,1.3907450564385788,1.0910908416863967,-1.0987849582542726,1.8567913610165632,-0.9243413390472448,0.7712206758650223,2.6938806961667874,1.9495704499248316,-1.6151285785533238
-0.3377485357751252,-2.1342554608850355,1.6682198120710838,1.6776089449046563,-1.1750363065030716,-3.6589720252330022,0.08250017297581695,-0.10484021591501755,0.7501461247532405,0.6052899355507412,-8.219332618591128,0.7360861901433902,1.3019109018700974,-0.08721356003847779,1.5596541568402977,1.5591294117706689,1.5942230327867348,2.6736423987988513,0.6407251319700912,1.8482649788753567,-1.6078423807554945,1.38485519875335
-0.13533733696429223,-1.7814422109763954,2.559323134281599,2.2971101655575312,0.2741278564303564,-1.0964257761069782,2.574303502212259,0.8423185520983201,2.1857080433532556,2.826444236513092,-0.11038211788121204,-1.3127278445122499,0.6639775478187315,-0.4319401500678776,1.4206190450124498,-0.11771425817002244,0.7729161111720422,1.6041782622557963,2.306513095938167,0.6269102658372243,-1.96994439769714,-2.492168624437862
-0.3363019371258002,-2.3875883128060886,-0.4513653792867331,-1.5954175460590894,0.033844599728093075,1.6248285158743143,3.0953179729458173,0.777607562305263,-0.8433218486169929,-3.2203987887930072,-0.0692213613228003,1.2585423406895924,2.133491083979302,2.1242459211504063,0.23869842821589562,-1.7877264670633854,0.09237116153834203,-2.453315439311064,-3.2934260033364193,2.5602871060677064,2.6465621354840962,-1.4272542525587735
0.11517455990903337,1.4203272869616974,1.0883601058301626,1.8972763149202114,1.3920323782266022,0.11734023444551389,0.8149663995661651,-0.15294938920907297,0.12251195790361309,-1.4639128334175764,-0.5805112936802929,1.743431704269811,-4.848030331690085,3.126822523116225,-1.6894124067996565,-4.747670130343046,-0.7184698276614594,0.03425372745172145,-0.6735516580270648,0.5896641043827585,1.8821483943991106,-1.403047466988442
0.5236095189975648,0.2149460252508839,-0.9085813248866444,2.8499538837359806,-2.8256632336630405,0.4349967776503079,3.2910414149317666,1.7813796119330187,0.8619297050388085,-1.608002788057397,-0.7329225025861527,0.26919510617683745,-1.237367570588467,-1.6745952130702875,-1.3608455264597523,-7.576883081967689,-4.708918376972436,0.2455113292112428,-1.3645203882804449,1.1826226128229294,-4.895871259414728,-1.4563393720901658
0.30514023768339543,0.27906693326775395,2.826927362795638,0.6102532845542307,1.9847934220832468,-0.5029368716171979,2.86372944584055,0.740555031137006,1.8505003079627529,1.327404924569514,1.8499766537812474,-2.1802371586428158,2.651853341781238,-1.8545290846755407,2.035569297560743,-0.18309491049932078,0.37281993258513074,3.1294441812859244,-5.581948165658132,1.3906096438545636,1.8501526750370092,1.8891887079575054
-3.5986744891307785,-0.10809240786840507,-4.04810142252302,0.6276787951140478,1.7886050723413534,0.2173997178171151,2.6160570206960183,1.0652422702724686,0.7807886918065218,2.6183270968226693,1.8909087281163923,-1.4155639598858365,-0.06392962131625589,2.124775189870897,1.1865619117055972,-0.23682220314997227,-0.2124046296819258,0.4252108377025599,-3.5496833356222437,0.4537228548284382,1.7564108198408974,-0.02910376826320699
1.7348433840809152,1.8328408360861157,2.659991114739649,0.009576442537769677,1.4879039123026225,0.7845830258976697,0.5420502792367214,1.9405174919691959,-4.353760371693882,0.02379417522503682,0.4994183935899443,0.7893539104600857,-0.6150025353366227,2.9331027532208025,-0.8211582824995433,0.8200196715071043,1.2379362223809756,0.004360385069549231,-0.638014004990099,-0.31340680423327216,1.9227842396910197,0.7168081661414409
1.645706082126915,1.3424770805084099,1.9817519068857314,-0.8477677903635582,-3.106415322115625,0.5675060202564852,1.4163907481211244,2.673893477173081,-0.7955741437450132,1.9169651932845317,-0.4212517789067977,-0.9760884828799429,1.9268317106518216,2.902048434327368,1.3765976680708751,2.718805443949702,0.8338678323522543,-1.91087436913266,2.090501839255925,0.4619926270885755,-2.2570382578733486,0.16474736473626297
1.029429512001155,-2.3984436236391398,1.0890251553182577,-2.1853470184632036,0.2178651558005131,1.2356242012755463,-0.042585482085754696,-0.48409070399958326,2.870501126796819,2.1250669877349977,2.1451327851566746,1.5199771217052584,-4.368605906218508,-0.0026452907657072405,0.08792724985816311,2.3692693710900694,2.0814945224346255,2.1057915198288524,0.9415914816067493,-0.0778806684468623,0.884391680712818,-0.85375292128535
2.915521464312338,-0.19726712031731966,1.351561425402558,0.11246960292060665,0.420196439868599,0.6433636383680578,-3.384696413778753,1.9589115982009353,-0.5521730775863614,-0.05828529231592654,-1.8226009637724472,0.8889006221882035,1.0091195487179185,-0.521816832750038,2.078857503041485,0.720626991197687,0.9473384298419125,3.2386862354935224,2.118784998834812,0.8280073898732978,3.0320696950143997,1.0979918789018646
2.08958447409565,1.6717057054620845,-3.9458907507689935,-4.920520492614417,1.5635794456085348,2.12418693400715,-1.8061892368360677,1.5634371349152523,1.1762257777587248,-0.14504406276790394,0.2032145534184395,-1.1223374577392857,1.9393724853512713,-4.036358793453182,2.3395241920240175,-0.29767223981504054,0.2726002896747954,1.738885756227156,-0.2445368415372851,-0.34335959735429145,2.7142279984505953,1.614605852601015
