script/wind10m.json
{"header": {"parameterCategory": 2, "parameterNumber": 3, "lo1": 6.000027932988019, "la1": 58.9999434238085, "dx": 0.5, "dy": 0.25, "nx": 22, "ny": 24, "refTime": "2024-08-31T21:00:00.000Z"}, "data":
[rows 0 to 23 of 24, columns 0 to 21 of 22]
1.0383943011382837,0.4569978939250294,0.7877234119311001,-0.32507941413100355,-0.2018080737309116,-0.6436000813870655,-0.1349925052581383,-0.35195779288667517,-1.0524186476403412,-1.967673320390465,-1.6156779055860813,-0.4376036215124989,-1.030185538951912,-1.0487907817408688,-2.9433740565653093,-3.317634713556621,-1.5074283554061692,-1.2511449206806324,-0.7465747992786625,-0.8513841116588482,-0.8399324758273112,-0.7448077777112891
-0.11073580730885146,-0.05392726994476371,0.19560654145687795,-0.28331557456978596,-0.7184501182331071,-0.5977497067600697,-1.0677810159473504,-1.5905100057262296,-2.3716020619638103,-3.106939167104231,-3.123704306371833,-0.852642098362889,-1.5123075005217697,-0.8258235901888958,-4.191172757546035,-4.838530571370446,-1.0233101178771968,-0.9109842861436869,-0.9214500014672132,-1.2901041333298096,-0.742876491230135,-0.27058440642910786
-0.6072963122716998,-0.014114102137955484,-0.6376927591780746,-0.2169331656150984,-0.3398193891982067,-1.1562463169571637,-1.9078757567920104,-2.349289001566184,-3.4753965018768387,-3.914379606548924,-4.42235318794963,-0.8430737253060511,-0.9952790074627549,-3.217956818689902,-1.1444281047653118,0.6363460618888722,0.7508642474488757,-1.1851336635483793,-2.05022452143565,-1.282274489406164,-0.7315194457497067,-0.5757614859612544
-2.5748619310447087,-0.6104324885957758,-0.6808998999957319,-0.9414817919794403,-1.894571339716229,-0.8088865044951977,-2.85243303158684,-3.698907924855076,-3.6546751631362,-4.247313314825827,-4.823476307277224,-2.326502477074757,-0.3308403735440061,-0.19759709760869526,-1.249020835779872,0.9258781245422124,-0.0745528066740058,-3.2423164268673825,-0.7454406733102096,-0.8601830074965513,-0.7088917757496439,-0.7365298591066407
-3.6308916957834687,0.20170461918102475,-1.041178613968156,-1.958520793361982,-2.6343449142510327,-1.659912764185436,-2.3492094427886783,-3.618470601756733,-4.16149118988505,-4.686696646710055,-4.874342908785305,-2.2935801241893365,-1.6593094546450358,0.4251160203829401,0.38499639474562697,0.13229157983119302,-0.6576790152805941,-1.187441893850195,-0.2402108266409592,-0.6627200233117849,-0.6567291186501701,-1.4062770469193853
-4.233456068135281,-0.8717993187380341,-0.6076789381610379,-1.608881024579308,-1.761313909224273,-1.6658032628433725,-1.983809651869072,-2.051075029688132,-2.964393485276248,-3.889895692849402,-4.655707568219781,-5.112450667991864,-2.0417588902025248,-1.8164226175652847,-1.291460187626286,-0.5566186029587059,0.5036412057699531,-0.23350450984574284,-0.5287216198171301,-0.8957083987860069,-0.8674845255645719,-0.9465473027808022
-4.504031224878424,-1.2898855651511898,-0.3324675887882519,-0.9013126643735823,-0.7913183352965273,-1.6708471260261688,-1.0534148112729795,-1.6669826796692817,-1.2260362502323656,-2.9048831381057774,-4.140549158228573,-4.960275170789478,-2.075836469434815,-1.8448232004896412,-1.8696684640925463,0.3318456194119462,-1.2742572989309546,-1.730718630915326,-0.9358084988584641,-0.9489974512084012,-0.49679797197515435,-0.5090477152036205
-4.935042729351542,-3.693661819489673,-0.411202125705109,-0.32931118952853355,-0.6736973963480446,-0.591752802639373,-0.908072090891657,-0.9775305591672148,-0.787162667262553,-0.9958968384331979,-0.5719019267359323,-4.440488300714182,-4.057789395821819,-1.0934426667147503,-1.2389935282467845,-1.446206941279983,-1.6475712851511493,-0.8311846790114004,-1.394693377071296,-1.0326799816322452,-0.9677234847255782,-2.1136586926559033
-5.408804165072517,-4.825208328598041,-1.5018184624323963,-0.8140200107613529,-0.9188998157521008,0.7217559035154042,-2.160463140890899,-2.3694867687271373,0.02247296827743735,-2.4623882788053058,-3.3858637889875394,-3.7305253563451912,-4.906918440482362,-1.736472428284784,-1.307954805554894,-1.420332008074152,-1.9323557241704883,-1.702215284029364,-1.445507666302383,-1.4289852047434033,-1.8409274128578912,-2.7373997844332982
-5.0148045787755775,-4.901674007316938,-3.0403429322908355,-1.3255659615233482,-1.0908370136425232,-2.1137829336767027,-0.9763001699429147,-1.182559436127944,-0.8201164639167489,-2.5077633836751323,-3.493365966977999,-3.3396194070363068,-2.841914714000671,-3.8934470598505238,-1.1368272661730736,-1.5466060885031738,-1.7818424504893158,-1.387596280669722,-1.0452312449702237,-2.1402622467001833,-1.9644764641795702,-2.889447472768341
-4.344000787788622,-4.7760663128454715,-3.718463945651907,-2.6216518135221545,-1.2020761623595604,0.05939591286127923,0.6945952028250312,-0.959393442671069,1.1295239950212177,1.1174844295853366,-2.443616391023233,-3.5949112576094664,-3.673824742420433,-2.6186036709826674,0.47602813598523597,-1.1561480673554232,-1.888269675833368,-1.5470956083217855,-1.886389945172442,-2.059072940601876,-1.6547258762541124,-2.710247029147616
-4.637887256173128,-4.6418322306934625,-4.170297514545628,-3.106530757103428,-1.6208032433967678,0.40718794753509957,-1.0685097702287463,0.25700595020448125,0.8444975501533364,1.0254238132374491,-2.0982589586489415,-2.1489727699397445,-2.9336969833198983,-1.5498213503591947,-1.0917020056331364,-0.9485962683278426,-1.328824888672784,-1.3906299265562387,-1.9565681441303635,-2.3563621118754035,-2.383141830597943,-3.3050203552026307
-3.736710632144002,-4.165460884276868,-4.280405799956407,-3.556713318864585,-2.278808054671918,-1.9923963062887289,-1.2790863628766092,-1.2898033284145907,-0.142994742644846,0.05864069196616913,-2.5020354374603353,-2.2934925158201835,0.28150510502138987,-0.327899512736723,-0.6088410500096302,-0.5523559985573823,-0.3938183455117312,-1.9283132850489888,-2.847058756343603,-2.8839715999601436,-3.0581615012996783,-3.40382448867479
-3.4694665964505855,-3.5358087856447327,-4.214719059126785,-3.773314369949762,-3.4609128913497957,-2.092070556416781,-1.5395792459290008,-1.4148675220374576,-0.11157367387254649,-1.2427085497229533,-2.0944985902409927,-1.088101969775442,-1.2314486816999985,-1.4821085380135743,-2.0923156636219247,-2.8498127417936012,-1.3125710640504042,-3.802592293951299,-3.1170612351038502,-2.065626779175099,-1.5957971765941887,-3.2967620156954105
-3.038745533758315,-2.9994313875045244,-3.072027658418696,-3.4395661573001193,-3.6252224086329794,-2.181472368713165,-1.8358199928772976,-1.49438231336938,-0.310793004270503,-1.7092145477935448,-4.425990236205667,-1.8431017048794776,-1.8732471282703407,-4.422585386770291,-2.1520307290684864,-1.9748554637618003,-1.6697974069932668,-5.135290269271911,-3.75460190124637,-1.641733789043285,-1.6243984998716867,-1.5091240693884715
-4.171262373069498,-4.2479900030766435,-3.933166373615481,-3.6638751511142242,-4.359997719603144,-4.128999732379272,-1.31633893723077,-0.561092228810418,-0.7082440543639467,-1.8468018272481257,-3.0597322273718794,-0.5730193173406091,-1.8578119463548801,-3.114482060250108,-5.953917837945197,-5.786312281738379,-4.299060625492012,-1.1450521506461293,0.3659138867138672,-1.6450412863601964,-1.4986259843413094,-1.086567528340639
-4.137199972842205,-4.940234864624827,-4.636830271488699,-3.938079289087656,-3.873796551474102,-5.103142082153193,-2.2447166843969044,1.432108174577605,-0.7318887328186549,-1.5727369560682989,-2.9786915953409383,-3.086822375202368,-1.9204005438546756,0.12475600174795089,-4.1367590284496565,-5.992101247000499,-5.721184980900766,-2.5628866589363217,-1.5050321870232968,-0.21865542354877976,0.5637780287188113,-0.5665173101035703
-4.064199979877216,-4.096556517244593,-4.742678222271037,-4.559180204344717,-2.173218509406282,-2.886714188966798,-0.4384260208629061,-0.8815856273658746,-1.3634094048984031,-3.2385469167401717,-1.4235820737915785,0.4755696996907805,-0.041334112521409436,-0.7021594135363779,-2.5962267874179896,-4.107293091117549,-4.448636751682611,-2.8009261452479057,-1.827411105662869,-1.34180982311578,0.2598397715747835,-0.21373446432592336
-4.083413060310373,-4.415847625429229,-4.337270243698659,-2.8993698155890884,-2.789788827360876,-1.988674036456906,-1.814837305769037,-0.7900871652758229,-0.059603781991953625,-1.2555407671496799,-1.4165703563917142,-2.1586848290522167,-0.35756923204277274,-0.6310138528513918,-1.2824272460138086,-0.9723699197847011,-2.214763700627411,0.709095180804592,-0.623464230339567,-1.1073784050001878,-0.9404612155800576,1.415331998653093
-4.0524940039122805,-4.334018393231442,-3.7376064966925013,-1.8802222461618388,-1.8344669601423995,-1.8368802725752353,-0.5408276691400908,-1.3000593543012668,-1.4781537098968411,-1.2272827119366554,-0.4786528393879842,-0.9143432209935355,-0.967886194459271,-0.46380821312222736,0.29484720439637335,-2.679571635452413,0.38840934926682746,-1.006434915724598,-0.5932739826953454,-0.5816685042371867,1.5758208820195507,0.5467169482817181
-3.638873951888626,-3.567695945067899,-2.5152719603374183,-2.0750212002616153,-1.9208837495037696,-1.6399467526913205,-1.237164853436356,-1.0407303700489139,0.024487287604933117,-0.23439757541963332,0.4595495410271894,-0.2594913789652181,-1.0767881154077161,0.1261232578793265,-0.3096055417771535,-0.456501229113539,-0.5035526197722069,0.058408030682125946,0.9791749553512711,0.6448743278170913,-0.8848876539790133,0.36748283557047945
-2.6958944652631307,-2.645091261968172,-1.9202787181333634,-1.7691410951300142,-1.2332159925415835,-1.0328064299591886,-1.4409369416562843,-1.4230381020039793,-0.888288596463267,-0.5730825704276886,-0.8883567342941511,-0.8340899150737444,-0.9018418575561123,-0.35201349855018765,0.25033484829877395,-0.25899542207880677,-0.564762756479734,-1.1735883159982008,-0.7268011219083178,-0.5807603036751277,-0.08757896172769533,0.2923878531455284
-2.083520919345024,-3.111093683623398,-2.0371450601260728,-0.6965044137934611,-1.16016215542313,-1.47022298998981,-1.2269141171960123,-1.0158257185860613,-1.0818516594799465,-1.2290533198998432,-1.3656845229576544,-1.6627476994626618,-1.4807552069512344,-0.32822934574516943,-0.5349551411298341,-0.9347714419721038,-0.8232078482841599,-0.9101864504450327,-1.6842033597283828,-0.9203742948103334,-1.1804204055887109,-1.0034754558459544
-1.9122902367785248,-1.3968286574478443,-1.6085143017275343,-1.1206464053729863,-1.4612450553052045,-1.6528920494906232,-1.5008462472236843,-1.27432675377309,-1.1123528062230637,-0.9239843934357601,-0.8952524862181507,-1.2698730715863331,-1.2358036884902486,-0.4502578424014776,-0.7218042861562748,-1.5009450410600815,-2.057036653178149,-1.304575373032679,-1.6750587706125109,-1.4337758089459076,-1.1183806188942804,-1.1211028912550562
