script/wind50m.json
{"header": {"parameterCategory": 2, "parameterNumber": 2, "lo1": 6.000198445256149, "la1": 58.999992894266676, "dx": 0.5, "dy": 0.25, "nx": 22, "ny": 24, "refTime": "2024-04-28T10:00:00.000Z"}, "data":
[rows 0 to 23 of 24, columns 0 to 21 of 22]
-4.726745151744524,-4.4625494173915055,-2.9278545415847983,-1.322215630299798,-3.2780171300153196,-5.599516100686272,-9.41713350210056,-9.188493185287218,-3.352805604559568,-5.522046598235669,-5.190896309502234,-5.633330041180941,-3.3078959016275338,-6.133497180267639,-1.653367828008764,-8.792385319093475,-9.259733227794687,-4.802036689787894,-14.484246161135948,-16.338834135639647,-8.14752284957471,-3.705268673352827
-4.945345754117374,-4.136778810172421,-4.289020374572932,-1.6038570334177165,-0.5468714651167911,-4.017399693650994,-3.1165332471398806,-4.220978985179038,-10.186438954895056,-3.7757439839466893,-6.901412870392996,-4.815016150144142,-1.3408547340086454,-3.4880661897334053,-1.6293525032365912,-10.579689786174159,-7.949906981781082,-11.656711957887966,-4.5137124283823855,-7.871077112374719,-5.599215221888857,-7.947148262259589
-4.76055711153054,-3.8226041179236097,-4.5125516528723475,0.8577409282456816,-0.47702831488814035,-5.927141137707512,-2.826752956488185,-9.907071160530363,-3.9449157413998446,-6.45950580352311,-5.03184900806178,-1.3563397552955623,-10.47731452348852,-9.77022739397834,-3.675024099607737,-2.737928809386383,-6.159260518726086,-2.8798023604442857,-2.2844331431067246,-6.86398884959561,-8.307120941734963,-6.818963115312114
-4.363682043159622,-4.1847816430153655,-5.1625230513787645,-0.10538868457902732,-6.643169378830506,-9.873390406550934,-8.692030037693147,-5.256264059419135,-9.529412979651633,-6.856681269071627,-6.68892806963375,-11.220741889072753,-2.896993993430223,-3.560054155905391,-6.648917551120415,-3.0323525924596013,-10.592606889611092,-2.834637854961323,-6.209114818306746,-15.804548434005941,-19.129328206258474,-5.358162435741054
-3.925056259578061,-4.709054853253419,-5.384482267997714,-4.145554208931803,-6.438637454054982,-6.773446607193763,-7.660587340409281,-4.101486904805198,-5.447089924014091,-5.386808364414346,-7.353905885624801,-6.5238990817086995,-5.31853307947777,-1.3908062514969581,-5.781624163992214,-3.2472381837148814,-12.428786966726037,-4.469994637192814,-11.343108646085394,-6.908592144488295,-4.569528288320874,-7.8663803785081825
-4.068306241755974,0.08212389938094056,-5.18759111809573,-4.680389414991205,-4.672767698841252,-2.9856014045931882,-2.1784198133380044,-9.308612157458661,-9.077642030082893,-3.641511633348435,-4.126747879846335,-3.4203427829513546,-2.1225688059824988,-11.883774635235397,-5.681524032208883,-3.150525091508428,-4.013367527797411,-7.246778239961229,-6.026064596526242,-4.2615326490115395,-10.53739286220242,-6.7443323126485435
-4.5222325585504235,-4.1293169500091365,-4.520558948982999,-3.6027753242580633,-3.248980666494072,-6.501015660282304,-9.201891996539558,-3.118690470897678,-6.071210974629056,-5.492525849380959,-6.602054011533443,-6.70460180042847,-7.805012409023285,-8.352196023332587,-5.588851496753647,-5.525645613774944,-2.5324586932768813,-10.37272939968634,-3.117422315771037,-8.922476466033139,-5.34876813114705,-3.820528825689945
-4.146294532318461,-5.178068258513179,-3.813761529522503,-4.250195277421902,-0.19962652835329206,-9.050427850612287,-5.476180727251507,-4.284027064998894,-8.557420075536575,-7.07276721612157,-5.100088973185326,-7.093165401690484,-10.72655542334624,-5.912101207618526,-4.843797500783505,-2.5281274193747074,-2.3658972352400323,-12.032831545008486,-6.793181949656845,-6.419595948677914,-4.264844818212567,-10.837161781270437
-4.316254175589535,-4.987519904748587,-2.756329426054296,-4.3869445205869155,-4.4132306581701535,-7.536870783301369,-2.3876409014191724,-9.325203159857779,-6.4111650229107315,-6.692335419815049,-6.287911187830572,-5.421959929706063,-4.798971576091209,-3.6104602960929855,-6.415955532939867,-2.884797334420528,-3.2740546553054246,-12.325459175899368,-6.006920709687429,-3.970974770248562,-16.88014966780461,-4.781024477470537
-4.766955456267597,-0.3941057294521899,-2.4752604053703138,-2.5314246914538296,-8.89137724142057,-4.5350966432125075,-9.202483967195192,-3.4393483980275636,-8.514360424252995,-4.134197029054707,-8.21927511010656,-2.4311402825482253,-3.1028791011169377,-8.529513277291857,-2.4564713755450804,-3.227692699309998,-3.151812371183271,-3.0868536162123785,-14.96132193816989,-7.76871409053724,-3.7148602603384546,-11.375532624592564
-4.6800202938976625,0.285637389050498,-1.2703675517604784,-3.908658556623116,-4.2557148394926845,-8.878131262630356,-2.9346345323068044,-9.571126296930085,-6.269753402813885,-6.848344312013972,-5.828298682486411,-8.346722577612615,-0.7721337426205135,-3.6498997640567823,-3.5230917058060505,-4.048858269238124,-4.5944993717962666,-3.3462044888663725,-3.413712069545241,-17.46800533799967,-7.799841342908621,-7.682537593210315
-4.059583057688511,-1.3638989912376926,-1.8715743510858078,-2.0085205283387273,-2.545404191966316,-4.93249761150965,-2.8997263379366536,-9.394620022427805,-8.622812697008056,-5.921849941991549,-6.182431502965616,-5.542753086028001,-10.155792082048054,-1.4104452095292825,-2.832648085305947,-8.00871409926661,-9.666409154184178,-4.304916660956966,-4.320429127128909,-5.695264883665926,-5.896826339553393,-5.093169093525028
-4.276349798698258,-2.941488880892606,-1.389684628075491,0.4718876296916119,-2.1739514135930236,-5.151093576051991,-7.456013794247068,-2.9160074568746497,-6.288467479204694,-7.633064548621321,-8.432504255624817,-2.486217580312374,-7.039457768937945,-10.461640858046637,-2.7625005920911065,-10.657062236201218,-5.451338636041281,-11.676803618014675,-8.167983924747405,-10.148980313758807,-5.87162626852866,-7.47113700702804
-3.97653800103938,-2.5265501350652624,-0.2614132259473258,-0.15631142058307576,-0.5910487017510596,-3.0498630783435616,-2.8780316959293106,-5.485423121976769,-8.456284111867094,-5.634253484674344,-6.108608333079503,-6.888264438345682,-3.8923753320612335,-10.02093751041344,-3.085713816554261,-3.2891148199388756,-6.590655343395577,-12.185269575538923,-13.735906584141874,-15.994423571667483,-11.80403148877058,-6.0575004872976175
-4.782215306224127,-4.8689303977782314,-1.2063259569547102,-4.80737496039196,-8.492262739714228,-9.788987627632483,-3.8756869374425964,-4.166996869681811,-5.077762304040495,-3.6008225853077325,-5.47111320336529,-6.763687551352042,-2.32818607898641,-6.386687733879756,-2.4032477362245483,-4.713039170629755,-7.067360701974021,-2.7972100748662068,-3.836576851358639,-7.837283114576104,-8.535042486845168,-5.499244284098989
-4.029048977569425,-4.862051597958076,-1.3387776436174057,-3.720367310906481,-4.964498644572271,-4.483633691670058,-7.627981493514918,-9.550692430422513,-8.094325697465914,-5.061219358195026,-5.818655452870244,-4.907693214854615,-8.651033843904605,-5.062960430163678,-1.8415907502039777,-10.277691135331995,-10.60575664611786,-2.877273541845423,-3.154198677905874,-7.339950744079763,-6.989424569407086,-7.974666620485957
-4.9166146461649305,0.39300418716551067,0.28633223805304153,-4.826899390564513,-2.645748252867852,-2.389292946935294,-5.754627441611294,-4.515575467529947,-3.902290842641457,-5.016389782150853,-4.3030484310200645,-2.3260201952257304,-8.062496058953828,-8.268998833886982,-4.115717157894135,-9.408294498332156,-5.664301452942636,-0.9393790378548084,-6.763105934597243,-17.936375281017167,-5.962714611237981,-4.695402427706355
-4.031880477457084,-0.12540003727732896,0.6619610921539915,-4.5062222126802425,-0.451725092788973,-8.531421491015063,-3.1676830742601885,-9.178541277402013,-7.5377679895666585,-7.173893253907237,-5.523784973106421,-7.024140792757649,-4.746530807595781,-8.77474821954439,-3.123186877017086,-4.827909465126361,-10.040167985283603,-4.9761954129533255,-11.886555886702514,-7.860037311427621,-6.353619949731443,-7.380514911558565
-4.142233265900793,-1.2083457647412377,-4.383996292278913,-3.5713571600578615,-4.360624073782443,-6.088659299678547,-7.726673018932683,-4.37743266123262,-3.3432994426096796,-4.981661862472813,-6.945129549703863,-4.994150243789657,-3.511880112346826,-1.800822756088871,-14.211153697640913,-6.0900569722728,-2.3936623389250875,-9.543945326828538,-3.9253463757162974,-6.804618035987849,-10.426831855520879,-6.541244291308622
-4.610127273181519,-1.8558660122621125,-4.4227229766500145,-1.9962396135593232,-7.8860368757200225,-5.481379159327956,-2.95077817169495,-4.311272620349071,-7.9994007830629155,-3.766157269866469,-3.252069599331282,-2.744437999437274,-3.3434459234941163,-1.7256786647113862,-11.215402651434719,-8.031951740842848,-2.1989092052485524,-12.193490081400956,-3.726964855291491,-16.514379364948894,-5.093329569296472,-6.840975585147133
-4.4216658353532114,-3.1992620109991767,-4.140010779371283,1.1235886427026676,-4.144042163928551,-2.1979763154641065,-2.973963466210622,-10.115664038737702,-6.598177936212517,-3.4501019821588237,-5.2521569298642445,-6.880282697635491,-9.68622980981976,-8.584260387139231,-6.1664363815183005,-5.509376162414208,-4.481573421724541,-4.595755637687018,-8.756269349780702,-4.197287689433351,-8.819226916957197,-5.295955155675781
-4.634751578429069,-3.252120809281822,-3.4538894595810916,0.3029798119042882,-2.095648959739626,-10.556041895922906,-8.586182824741728,-5.964878342671744,-8.371045348934588,-3.112363136184694,-5.316208065118007,-7.689301987926074,-7.135960032597154,-11.63481809291483,-5.775097129417523,-5.978503213269595,-9.451581692304025,-3.1104901559825797,-10.616856685366454,-4.1287558615487185,-18.98961420507945,-7.89828552026047
-4.174765311459265,-2.920482227445166,-4.122332295810306,-3.4941459153909245,0.17224882868657213,-6.5666476578118225,-3.962871154266865,-9.023469819782122,-5.921169216417749,-4.06966003962185,-4.284816681480419,-6.112541205446813,-6.376388166798188,-8.40326066771117,-5.827931489953784,-7.047582717283307,-7.074801925121457,-3.8221703646413014,-3.908610945093856,-13.520453854796198,-5.1668911294019555,-11.223579874474767
-4.499045343731066,-3.0876088353565643,-2.616444024063351,-4.572983653306238,-5.703326037614365,-8.079959923028854,-10.24713467621615,-3.2217695517648175,-8.425878839882083,-5.007572916398346,-6.0550104765451405,-3.5784219031727305,-3.5116229921657744,-7.9853222960928605,-5.986561475695235,-10.968393873428617,-7.212854194427372,-6.370331722540986,-3.4407928091473026,-7.54900178627614,-11.984539190126892,-4.865723352400785
