script/wind100m.json
{"header": {"parameterCategory": 2, "parameterNumber": 2, "lo1": 6.000198445256149, "la1": 58.999992894266676, "dx": 0.5, "dy": 0.25, "nx": 22, "ny": 24, "refTime": "2024-04-25T17:00:00.000Z"}, "data":
[rows 0 to 23 of 24, columns 0 to 21 of 22]
-5.108930687512172,-0.842868536074349,-3.8795294143338066,-1.3329505437464397,0.16109600902098767,-5.045571628905972,-4.0475437423727465,-3.9092729435173474,1.0788982439766124,-4.513544674481221,-1.5555806545827129,-6.187896818643949,-4.902077398016576,-6.993544126594234,-3.519954001964835,-3.2549821440477853,-1.4453670795652533,-4.295288218962522,3.434838397596006,-4.236543751390282,-6.7469008550220755,-0.8575012262153668
3.248270179771291,-7.7224432527595885,-2.297372161888689,0.5214815800949787,4.804278566070928,2.4428065479988614,0.6423699421568656,-0.1591977549913578,-1.8073337224704735,-4.775607403345757,-0.6623944591688399,-3.565000886807232,-5.683512026993312,3.299910239103708,-5.045997451835219,1.3429393583147018,1.4706988511978474,1.1228013532214791,-7.475281457988138,-5.27308755429181,-4.523268125584549,-4.6944577651826185
-3.2251370499574348,-5.366399490441899,-2.2397478755740177,1.1576680875064271,-1.0898903355662646,-4.10111417776073,-3.3510005384717823,-2.966950605152992,-2.499763983317816,2.0912268727098087,-1.1718801211482057,-8.923710416293126,-4.715811486191719,-0.2322195149313689,-4.682019865308366,-2.0648428058206556,-3.6532212233630474,-2.482038779281246,-3.7654285927347764,-3.884008085652297,-3.2636174685817125,-9.098019550287905
-7.92477992263238,-5.399004402143533,-5.283042584506947,-2.1070000095015384,-1.465610582813069,-0.9994729840805626,-3.7490813938842353,0.07773203187553099,-7.606792325711096,-4.183788926666259,-5.919074002558395,0.4204902051797252,-2.4530383024014064,-1.0198779559090936,-6.1682895294324736,-5.399561812024308,-1.4969684110519605,-1.8093083185989487,-4.509302220863915,-2.407572396744921,5.014393962549859,-4.234024349795806
-2.8768198575911006,-4.3285564322094086,-2.0392503912462443,-1.7550429438179687,-3.2591856196931452,-5.270304435604433,-4.156189955659723,-3.1679931136954083,0.5593878497302944,-9.729696459448883,-4.611859635548576,-4.319067250933658,-1.9677703144734169,-4.4080957084174255,-7.1224035797333665,-2.0390826194812868,-0.6612540797400175,-1.5371199342581336,-6.836316001508578,-2.754367527498067,-1.6836238022915289,-4.168105773076146
-2.5122917745040705,-3.677219114187575,-0.6912512099078852,-1.6558644204672386,-5.314380833585102,1.7654492040334882,-2.470700923476453,-5.245199100533206,-3.7226983361771957,-7.78730663603816,-5.952538716651189,-3.7492728110690545,-4.028742522426521,-1.0932686118044805,-7.065393355858819,-1.8520976107593257,-4.91134211621173,-4.51234484816875,-3.78091923234294,-6.079415474227739,0.4142518499690003,-5.18446702486109
-4.127842322093142,0.6862845933252809,-3.3952638267452344,-3.091913012059836,-3.5014105609647195,-4.709963858608098,-5.753323269260246,1.2909321412624408,-3.278342387859583,-3.651643934760584,-9.323932850357844,3.229872413081451,1.9028202534458973,0.7791288321766452,-7.388866497291362,-7.180419718470837,-5.151587401560094,-0.44904301883309145,-2.9972107583628946,-8.888553228052734,-4.55037038199719,-5.356777688281154
-4.789756588916233,-2.738463806507976,2.2638201598015253,-5.302840967080074,0.9451508879233959,-5.114901690154604,-0.5202890677886753,-3.022139958638712,-3.954676724517976,-0.8274555359591846,-2.2091997504176653,-0.6532273554869686,1.5116669873781419,-5.3974180547692185,-3.896977980033294,-1.8146514886303782,-5.655830884998676,2.40226074191913,-1.995658513091648,-6.685043214119223,-1.234242705636698,-0.6715217868922353
-7.252238241445636,-4.850681053859784,-3.780241650952069,0.3769762016105787,-2.1530559831894283,-3.29583439041687,-3.2147555265652468,-4.027199239290814,-1.2457445654072232,-4.254940429592294,-2.846631120424553,-4.676606318956739,-1.7976626254741648,-5.457421755999652,-3.3837461172078838,-1.1756953467848665,-3.551941531866571,4.939682076409858,-6.532245959362448,-5.724890120215289,-1.4251674951930728,2.654511314577697
-3.9424555665889067,-0.9403987973445106,-3.986912248278729,-2.5513814352554665,-7.944016792088107,-8.500978557122288,-4.828607392650037,1.2258570450813853,-6.4246404262283825,0.30962507613899076,-4.416098555917323,-7.705948882639485,-1.63429748636019,-3.0789968541894255,-2.292465727614927,-2.4376524667352935,-5.162643170157168,-3.754660033863169,2.0282171329672876,-4.980896381417223,-6.834310476441562,7.5813169370603894
-1.255062469601705,-5.229920223476596,-5.759041446583038,-5.438103119585408,-3.5016660453009507,-6.766626540569894,-1.105003960316409,-10.032253740804782,3.3521687722758378,-3.8989205098651265,-2.1968920108414434,-3.6007295027056867,-0.13572396045115384,-5.215595269684053,-5.240032100344492,-4.131355854255627,0.4540328179928674,-6.274970955940964,-6.873491029609907,-3.0427227357571685,-4.77339259857112,-4.972766329272325
-4.951303828967199,-4.843992633546484,-4.4899991159860795,-5.5027773257453285,-1.2235109295606073,-4.9079504880967475,2.9188491758843487,1.02589126111994,-5.086349992078867,-4.165272405272241,-3.155261757555436,-4.191166600727094,2.6232831804551084,-4.066454172712577,-2.794575256925586,-1.958909841370109,-3.9605498379237285,-1.7870138150535513,-5.393616370784807,-1.844704209083611,-3.456075920563502,0.636942821254358
-5.492847107901735,-1.544005623273265,1.3634708140679965,-4.755361099630816,0.2796206262559957,-3.899689863452242,-2.6162714344082976,3.452844077481828,-4.901269124135606,-3.8136797270353693,-0.5953111160310177,-7.5896708706934985,-0.896806165724027,2.9516779360765524,-2.1443148973907933,-1.3209377625270338,-6.761102911415116,-8.738877035399241,-6.70762150102749,-7.796679481702921,-2.0634956944527345,-4.427596784561344
-3.957641216575639,-3.081847407465644,-5.868104059330891,2.7429992497830296,3.3399838323913498,4.262889211761196,-0.8803003266618865,-4.0527678606642885,-1.0015864685383828,-9.131054374676653,-2.0737955329909084,-1.9148326036923862,-1.8656754256828276,-4.814063694977464,-1.0018451998099949,-2.1943708719870476,-4.326704309977819,-6.491534373435674,-0.8525869566225966,-2.6838610392003943,-1.3025225925789963,1.2976774529628088
-1.1680365102284218,-0.5880943564662201,-2.4941478144597413,-6.185279468197809,-4.0891523462499,-7.319232318301176,2.275245928064198,1.2548385121222658,3.7792905994700403,-6.174877256660481,-3.497375694792037,-6.2646533147955585,-2.061948031033179,-5.688627057138559,-1.2602172422771634,-3.086249203629394,-7.643786111380561,-4.1459014873306606,-2.872584468466043,-4.239311643094842,-3.2641744230846736,1.3802301966398185
-4.762707503972622,-1.2036672541324303,0.24338814455391303,-2.5766910960997826,-6.056142954550013,-2.455402663686026,-4.213149707187914,-4.568738664504063,-2.735459332906415,2.3974000046917694,0.03861946865529574,-3.3260464808898167,-2.209098619822273,-4.367671180455737,-0.6847113041789062,-1.2618937461180886,1.1765811130676624,-2.308717296403284,0.2748741908714888,-4.90769025707704,0.32403953085163784,-4.89184551891477
-5.50032090919081,0.8913652821380937,2.9548889100449935,-2.6711159649602707,-7.222759334639067,-2.5615384656368376,-1.14659527171588,0.3873424811371942,-3.4632176620351127,-2.6506605820088387,-3.6329278937016474,-8.149439946234509,-0.8748869706340076,-3.4325359698823656,-4.499050256145209,-2.324846214233096,-0.7395780017821514,-6.45777369876984,1.095490513719153,-2.8137764777886973,-3.8276126706565017,1.0451075178082112
-4.09543902435487,-3.85381332188274,2.690715519700381,-2.340373089878575,2.851145716334412,-7.3110074256670226,-0.5358797093600569,0.27375407594775064,-3.4742004435023097,-2.6591139683734553,2.6169804995762487,1.0778732530884,-7.524308886184809,-5.972067697184505,-5.458817044423473,-7.106310970704604,-3.8413866262538363,-1.8445883075719218,3.4109393948870346,-8.343898409491489,-2.237896562438045,-9.565354763090024
-3.722386165443137,0.33078328960469333,-0.9393832481815204,-2.8224942983128787,-3.483021598332433,-1.1441192683591304,-4.834402384110942,1.2986154707566955,-7.232777510679198,-6.881917311462432,-3.6018604958773763,-1.462474617589205,-2.855635980215182,-2.231493486043594,0.7116141839477487,-7.066327988148409,-4.7579604638654605,-5.762136503679339,-5.248329352160933,-2.185424155476012,3.8300687106693325,-3.624733728149299
-7.583293028714134,-1.3579452871746918,-8.033113793381135,0.9026194894742747,-2.666721548238595,-3.789262822454827,-5.641225992178278,2.748254983532567,-4.95025346908479,-2.9284277377890335,-4.7259094847396295,-5.546039710626358,-3.5569917718103796,-3.928481260935286,-3.0669496715192,-4.536810179239149,-6.384824086754699,-2.43330891474652,-1.4064784765761986,1.660132016182106,-3.882771701458459,-8.917853437406645
-4.672867759253384,-3.776267626920451,-8.191600700273797,1.5459500660699033,-1.2513240931254785,-4.266021796183618,2.2854422597425197,-1.2381250589175912,-0.6981277422504512,-3.2851238252720787,5.648599933829952,-2.741394267491449,3.049736092047968,2.7551854840093735,1.1336250967771115,-5.9711855990860965,-4.304466477414511,-4.054877903078984,2.277689695916522,-2.461420962520615,-1.9061818225280744,-1.3767910092776061
-3.80622967717564,0.7892848735360972,-8.093038104079147,-2.283501005608974,-1.6078470735700645,-1.0971435475913724,-9.29860532462975,-3.38852492895895,-3.2364088528619197,-3.7583839150377516,-4.727068882009505,-9.670348693180705,-7.071836485129678,2.3621437021799725,-5.668645515043624,3.5291596810211825,-5.020361995367297,-4.670911680885517,-1.7832970860377864,-2.1102131119401055,3.974776462881187,-0.507339877281885
-5.454676449997835,-1.397096471049463,-3.639380180307439,-6.8586333607870635,-1.0944044267640953,-4.130228642696631,-9.503855991503181,-3.1784681563396955,0.5407374361730309,-3.9693828553208776,-4.051833891601142,1.4632843269349238,-6.251127754849845,-6.23760012231448,-8.590574879742267,3.430013923482359,0.03291308358966228,-6.150908230374552,-3.1340428817919435,-3.990116602333441,-3.669409562084815,-4.9622651627295475
-3.942858995838326,-7.53082875130941,-5.211615825638247,-7.763479260583605,-3.8536876929518877,-3.7025258423445284,-4.830113279549936,-7.198946515689846,-1.305442251845433,-5.190536953451048,-4.681045745584157,-1.2371319866793338,-0.2224932733332522,-4.722705925115021,-2.207842655032347,-5.670523503003411,0.8350311833891441,-6.373236256628095,-1.2396962810113785,-4.683670357722408,-0.9654566689898973,2.364903731811877
