script/wind250m.json
{"header": {"parameterCategory": 2, "parameterNumber": 2, "lo1": 6.000198445256149, "la1": 58.999992894266676, "dx": 0.5, "dy": 0.25, "nx": 22, "ny": 24, "refTime": "2024-04-23T00:00:00.000Z"}, "data":
[rows 0 to 23 of 24, columns 0 to 21 of 22]
0.814825224489797,-0.027323643101700892,2.6257109227404607,9.464317352997886,3.687730280906556,-2.12170071919304,4.8383085420167635,7.858212189676667,4.338499405778856,-0.26716532160854595,9.93620135795246,3.603205480450524,3.7997300732411476,7.821103009327306,3.0007271584452995,5.020175615445263,7.586288271068191,3.553446371906629,11.439284607380918,3.464384716247273,3.9358448086288798,6.150102489629304
1.2508350052818773,3.0320200111663875,4.852487181593956,5.137750043238697,-3.6395393347295997,5.766336797028449,5.495612479410182,5.296791009181633,3.9964297566435794,3.326224224036816,4.736442706407403,-3.009364444366796,2.7994948778543853,2.2480823185946477,7.05782917880703,2.793787946051651,6.664952222988283,5.126235795444692,4.563228598879777,2.1099681294562194,5.362067553020694,1.7586379340485356
2.3205828013105756,2.9815129692483824,1.5950883892398249,4.884246345241357,0.7474783827800626,6.591365002159692,8.293160742766922,3.2454924401258034,2.6395577319130745,5.364886811216656,0.1217037197034798,2.588400951936669,5.626766877376855,2.298124098060302,1.7151323000234302,1.8203932393950002,-2.395399890169919,0.7355818346433585,2.7141786750218158,1.5389779283221419,8.681177115315634,4.96112979847163
7.467625272565396,8.153600449233561,4.5143011633613845,4.092200927234154,1.2492237833414046,2.566318799176599,5.063856231916479,6.298641289638654,7.630375149418441,5.360838448134059,10.558839843343781,8.472961113795886,4.279658312237827,3.90737355521598,6.098582620711012,3.1623093854814677,0.35613584127879405,4.580754277430128,-0.8195662503282847,1.688722290466005,6.074249401766147,8.354057089636367
4.5988210366014055,5.841219965464032,9.96936132856247,1.4554200653039107,7.890513972708549,0.0024251439498825275,4.037784840784542,2.3392552097868053,6.786680602600717,3.0103571038557986,3.8925988485349445,4.505290296976175,5.468560600001868,1.8872015320274929,6.066592251706823,6.212055976495488,3.618404663361333,2.0101211910507777,4.103411597284517,9.979973635556252,-3.574169376659893,6.752818821312503
6.585922933195966,4.784115926820691,4.475376851568139,3.820213764093842,3.1619688876303713,0.9712842955912057,6.8689473193975985,4.97049479989581,0.3623124474839934,1.9894510607305222,1.5658728353844822,2.3599147842901487,1.890677477759028,3.2268350070161627,6.654017946333039,9.081364271297783,6.010330700507593,4.757251566722478,5.44002525325731,3.1541774271207936,2.824795127814805,7.352423577227677
4.235148071198364,2.510298477689396,4.7457653306755345,3.818314709430701,2.597284293606048,4.51002325521027,-2.4835881861421134,2.544137571245583,4.01860353671222,2.9405223245022767,7.669718592007751,2.372804852273789,-1.2779419230185773,11.328941536090898,0.029529232179087393,2.829686495660905,6.539704161413196,1.9994441705563701,8.717400382141117,1.732575376775827,6.459622579728122,3.196852416402969
9.538170358953117,9.452664494558606,3.9443069216583595,2.419090614691266,5.131653464311203,3.8313757587831243,5.993720226114731,5.883615764512905,2.395708456223504,4.928581495480859,2.745318655081446,4.20614927336697,2.9110695180048145,5.368001393175343,-0.5825937526471574,1.758654126654403,2.5145540825061348,2.9393188480380044,9.17640391892279,6.680459648728736,6.5703912164948415,-0.7181328215229478
0.9716145412517184,4.512378898851374,4.4004301586361505,7.164974425351849,6.069919270460736,2.797370917350224,-4.52602519286875,3.992603847782856,-2.5107771120642868,-0.12817619906714328,4.664211966494703,1.9352290406574,5.440251723220816,2.7910420621774388,7.0375062445701975,3.667683712495545,2.3305893170661496,5.1467674811027075,3.395630296647843,2.2691565034829457,1.8762311295708047,5.268615150674895
9.103654089090822,5.636314750577255,1.0612205900338378,4.248152357721097,6.872640677806527,11.182868750386797,4.22666157623763,1.7053693545332116,6.993164823811986,7.173232719708946,7.787020928923274,-0.1825862239313357,11.074178959178104,7.250897217104891,3.972827646451164,6.874117952779641,3.6889306953100403,4.829768273838265,7.064818062558036,4.075635855153829,6.403742077549822,-4.32975559455593
6.493419601186089,7.430410955448981,1.249637535825901,3.25036642642605,7.2277599298668855,2.5481513276577417,7.6205100570395965,2.366443900054351,1.5548742793580514,6.4208337278002,1.8264798859848475,2.558657668879753,5.517355457285389,2.8391670637424764,2.678477242498037,5.761124420346734,2.301283043729524,7.671382583590617,3.9081480402122297,4.846134166902131,3.5552599983035567,3.779220298631931
1.196741704987928,5.383853752484348,10.161650172657094,9.84070467121847,4.1432823963113155,4.639988043453912,5.197904014691841,8.6480148000437,2.183186743226616,6.644439293291932,4.494456488982177,8.545635243373878,6.080746911760978,2.073954841455573,4.1220541222575395,7.056095762462447,-2.1480689749940516,4.287095767432806,2.3067825331774747,-4.923694226000773,5.439865570155658,7.66862091668273
5.839283060963411,6.662677936922989,1.787795741608671,1.0679274369588414,6.595775072733362,6.645142718089385,2.7747205422465173,5.267468040603838,3.5620941969255995,4.498257973550099,2.9042673534583576,3.3633489611774143,3.9784344236484683,3.3006607587071546,2.3390290607665376,4.22455415310181,2.3673565724210297,2.228248108122315,3.2603810656657863,0.3822258964099536,6.472936978954025,5.015697069138132
2.9324504990062366,8.540821576609257,3.082156183629467,4.313232826375343,5.886596674806257,6.3337203131140845,-0.6076160227698421,4.755856182689163,5.270288157755512,0.9388076820480541,6.134544824243206,6.241943889461148,3.3426031569192074,5.298790418450005,3.4301387282823645,2.956821128099983,2.3861660892802155,6.999169577201683,3.028825820152359,3.570716628521878,2.759354341605506,8.871895781540447
7.476150729245141,9.295853109703957,3.8054011313708025,1.0346100835221772,6.863309766275008,5.409638406212084,3.4315180841564357,0.06618466840362183,7.589652969634916,9.929901258207119,1.6084538121217125,1.6904564357611855,-3.695261726377049,-1.0834424086360348,4.319628240311553,6.301495760562466,7.374951452439849,1.6495477686027193,7.223448863801478,-1.1060976025870977,1.9749978959113932,10.284628094231934
4.01030770192337,-1.6307397285279288,1.644118313882282,1.9211866064500707,5.200584730439262,7.994501565034889,3.7360765884011182,2.3436266599061177,4.818684965207227,7.072843498996632,3.897854411582103,4.283563562656043,4.002061295677079,-3.4613265826525135,8.481532709977364,-1.2343923901328928,2.785399038906221,3.0501563949940707,7.83835276565527,5.102067629301838,1.4667876919349534,4.869184678718353
3.3731767107340156,7.666634326710806,5.084498121704795,-2.2541653933717187,10.762344788572776,5.105465441642582,2.9244252866439138,5.177487257032898,4.596132132728631,10.480919994567286,5.700202450210912,0.651703445995537,6.687913478109946,10.341666480834308,6.853383114464473,6.2328539154496365,1.1365036293933513,6.051370315112546,7.765935767444254,-0.18707142574883787,9.497956627792936,7.825025648497559
1.4762047330700336,9.53493191802126,2.499245739063758,6.999306829214228,3.184492468359839,3.4573467429026237,6.597074557049774,3.0082393683252784,3.8855333021516825,3.629180200286869,3.2588722192895943,5.897542595729858,-5.205421663612156,5.839321456548432,4.4341553766576425,7.396592867753686,2.7694196430682263,4.744825703868738,-1.3768550775241144,1.446388251817608,4.048816374869064,1.4978300800307045
6.9696245101609415,2.7104809120428164,-0.4912940442321321,6.608733238408382,3.667953659947526,1.9829621552856214,1.1549579134683865,6.540714387929539,2.957452742591678,4.496532756413202,-1.9563690878241493,6.904147875125264,6.840321752422225,5.340250718543962,5.591912416964181,6.395292459328755,0.8355534284821154,1.373307651042543,5.337988184580957,4.374212171790741,1.7702971555306606,2.772681222617899
0.6196430579570857,-0.3931066701127675,5.563553117357574,3.9084422924661006,2.68210024408229,3.219038754338417,2.6191928114368426,5.4155576856121135,-1.211426645130943,8.896078212811297,11.048481756263115,3.5900182828326894,10.473654641713054,6.279415931720994,3.4749286625287286,6.11079413120017,8.875635160006901,3.9959205621115683,2.5501936728340118,1.7510149194175866,4.309717477095097,4.655314416748513
4.55819300594749,4.771414574601518,3.3997385262845783,10.890571215439868,7.426670608470296,4.045005070555634,4.647187023386698,1.3799917433354567,2.931671300851348,1.0729999486188417,9.474239303987316,6.951959982973243,0.13542629803221867,6.67426792668064,3.0672956474358672,2.325980720760104,0.5929560181420201,1.3891100885692127,-1.6325860889428028,3.3002847861214093,8.754480521302916,4.667998181287609
4.858653591060395,6.267292893725345,3.3403438361073756,10.079203701391842,6.76761287076625,2.6239578340527823,4.305926456907099,11.524955523512759,4.794137819582015,3.687541836128647,2.6928282630437637,2.9051134729869847,4.800007654884428,10.1910899883822,4.644113262092091,2.633480321358971,-0.11790593868511699,1.926489934597693,4.034610833890744,1.6464294444108583,2.082458086068214,9.941509727260776
4.369470876787195,10.744078154985239,4.343184160335646,7.239318317361171,1.7693219949691292,3.45198975013451,-1.6825354415646456,2.089411904910899,6.9993978056020945,3.029932634276121,6.57500933698872,2.5997171077302528,0.4133394213118801,7.2169772394233105,-0.6972983798790912,3.1350826547728423,2.8290466936068386,6.066755250344689,-2.2982559031054164,3.8988769958733482,3.948985023833231,2.7534711474591873
3.611539818888325,4.110295836952156,1.3196539963040876,5.739927066688772,-0.989071313970494,1.855033947349753,6.935320842111299,-1.9594861044176022,8.169485861526569,4.863311255524063,7.262620061520955,10.133012499040715,2.59229873741536,4.348001520605101,4.514620510258994,4.502568725699922,10.813503301623998,4.026549352999807,4.508780245701063,10.030487687625905,-3.0943962564117293,0.7955032086106446
