script/wind10m.json
{"header": {"parameterCategory": 2, "parameterNumber": 2, "lo1": 3.000054539987559, "la1": 64.9999836372058, "dx": 0.5, "dy": 0.25, "nx": 34, "ny": 52, "refTime": "2025-03-11T12:00:00.000Z"}, "data":
[rows 0 to 23 of 52, columns 0 to 33 of 34]
-2.7541321763743127,-2.949016150406007,-5.746329457007194,-8.224676351944776,-6.633619496194278,-5.451771654462728,-5.275418006362256,-4.907496155720883,-4.900237798693471,-4.970864457880682,-5.25633623669874,-5.190647269849405,-5.367381930482437,-5.265419548078534,-5.263105323043371,-4.825652839694846,-3.166082925744354,-4.125001708212742,-2.2032539900507535,-5.018308838594685,-1.5353181319973546,-0.38268107225377496,-2.723505683872945,-2.0989471738541865,-1.689084397833197,-0.8404859902563185,-0.2589238373864246,-0.12090114700012813,-0.20212757808172496,0.41009795401750726,0.7924556938503107,1.3628703322726916,0.7415590712992914,1.0135993236835097
-0.3904265218101072,0.46479240413286343,0.9662065196453974,-5.529364725635326,-7.624890638564793,-5.730025652851749,-5.513428995417885,-5.49257762321883,-5.402148533210772,-5.405433006015392,-5.708563459274502,-5.581116784564604,-5.2379043248928365,-5.618233114810896,-6.0049428001361616,-5.827089095776126,-4.933468326686337,-3.8658555732281226,-6.52150868414819,-4.906479307895514,-3.569935966837517,-2.2477040822406598,-0.5801269854478953,-2.8573080102761614,-0.9617304858028894,-1.0818732491953778,-0.6711901785391458,0.00594057109798696,0.07478315777227632,-0.18592176656001413,0.5085072906353698,1.2089642465973727,1.1194243402999307,0.799936893639965
0.7469889494207164,-0.00816541766573841,-0.20566323890902952,0.6351471595687885,-4.502490123374505,-6.5115574019161695,-5.554735811350579,-5.529707346204659,-5.432560408409898,-5.477845550995343,-5.735873041296259,-5.350950137286046,-4.809917870349979,-5.697681417563318,-5.761370160509038,-5.567816393051608,-3.288877999359138,-2.8551310119912006,-2.9460782717361056,-3.169811895684893,-4.30409564849014,-1.3764489623315694,-2.377885917125685,-1.3135020957955645,-1.1477587007261116,-0.7430551243261002,-0.24094994287238136,-0.42729123173810335,-0.34183484427810495,-0.22661028875195544,0.055084603349155915,0.7677983052536638,1.02621439207631,1.3732441683389265
-0.07587954455403761,-0.804562087441256,-1.274372436045008,-1.490883891319807,-4.465861326130347,-5.475325381942732,-4.346054765056367,-5.003784708056092,-4.9320966344903,-5.643164850536659,-5.310103208505956,-5.226668107565071,-5.256274594408925,-4.553236999856046,-5.076369567749321,-6.347312551396693,-3.253607973408785,-2.669017020904688,-5.5909366717769275,-1.654550143378585,-5.059498759219237,-3.285602942303423,-3.34052298672164,-1.4638746168939585,-1.12396139368174,-0.8710827502039948,-0.8651506348381207,-0.2730149931800538,-0.28592103670079794,0.03610201770023392,-0.37530266678728863,0.020139601887723017,0.4366068365707666,0.9982128215341994
-0.9630276750619128,-1.5779131826157677,-0.32167404708033637,-3.022004266369942,-4.20983207491271,-5.135218517823708,-4.4850960453778494,-5.024752631567983,-4.423646915168274,-4.122246170232511,-5.718206221263024,-5.870406099372384,-4.377177561402007,-4.543321798413511,-3.7485902794175443,-3.6740617478755313,-3.5394892601137196,-3.077137219521706,-3.824732258760137,-4.732575264968002,-5.024261844313142,-3.926086866270684,-1.4757493792658898,-1.6558564648597698,-1.0151067146779276,-0.7714206366229137,-0.7726333734318445,0.4270892001441398,-0.3000602778326106,-0.06390896720490365,-0.15298970182813434,0.2413041543825833,-0.08329453942054238,0.39795895588771024
-1.4079369195790215,-1.5861202828033547,-0.5852340613211366,-2.9565530126926416,-4.850707257048515,-5.250546729717067,-4.288431975778432,-4.271894444769743,-3.823189464419772,-3.693444752414976,-2.8629494872438466,-3.785346483816116,-5.426204889896289,-4.008312182218789,-2.745234143774555,-2.231488043595178,-2.444174345364751,-2.6584966470930835,-5.647914583854118,-6.067522816110932,-2.091945401952235,-2.867101902022357,-1.8267537114966816,-1.2935443064993386,-1.1762808093411923,-0.6845316601992681,-0.8817290788049198,-0.08263340331466243,0.479804966933262,-0.3104830509529818,-0.43857543413042077,0.34153154723922435,-0.3148456078623182,-0.3563396061299549
-0.26033019698894844,-1.6644758037775358,0.1310193240785663,-2.7755854635132207,-6.281475761490123,-5.858487191181024,-3.8811049486085047,-3.7580055252110958,-3.521362854713934,-2.8224896948031297,-1.8231676579085376,-1.9362990785067329,-2.0109317346667464,-2.241131536087572,-3.2618581642236895,-3.721202971372322,-1.8822495207182663,-2.5797877088845906,-4.476228516742861,-3.3692141230390256,-2.5623073830823855,-1.9716926466514555,-1.0418678522028182,-1.2224439847332682,-0.8029596960840083,-0.6694387606531649,-0.9560923760041835,0.06363719706163858,0.6151375186152284,-0.5548103947422744,-0.4689716814093631,-0.39952756451165594,-0.5262857999567131,-0.5184787865381594
-0.6540104579498727,-0.3622099607041801,0.2589796732446022,-1.368515659030808,-2.651901932062659,-5.2030026384745085,-3.4329189245666845,-3.2562869339885974,-3.1572325371053003,-3.0524984572739413,-2.3659900339015354,-0.6195102754763325,-0.42664934093774426,-1.3090757191550415,-0.49219062319049944,-0.4651260405824876,-1.616487543452427,-1.1162533299253374,-1.0115993217945616,-1.263136358200745,-1.8386817884280278,-1.4770773694005497,-2.0798541458294073,-1.7565908634470124,-1.146019528146433,-0.7936319151361639,-0.7784140051574205,-0.6239219997088242,0.2711824232365529,-0.8297444299653535,-0.8497263818021792,-0.4885266003537404,-1.3631570735143816,-3.194764507403611
-0.15058858464760722,-0.019080189933494345,-0.20462621588534738,-1.360787981180056,-1.1119246550176185,-3.5201343262614264,-4.074698148153493,-2.149908343524744,-2.8570396724234914,-1.0151066309581835,-0.43609997990240773,-0.7464809325219275,-0.8629033909839597,-1.3749055552765987,-0.9567387922154161,-0.9515812892522684,-4.148430952865694,-1.6249272517442774,-2.5936535640790885,-3.0125621238753335,-2.973958833918532,-0.9722027121564673,-0.7281749613453905,-0.4298187168472139,-0.917769163443733,-0.6965334532413159,-0.8757299193238133,-0.4739215433793625,-0.3896805811829379,-0.7970486553034632,-1.1965345192471124,-1.565538926637868,-3.1841589776160024,-2.9428077642737454
-0.5503427889675157,-0.9981321258976024,-2.085804494136883,-3.033051852917756,0.3798228463746617,-0.6796350854863421,-3.6673950325521267,-1.1663369872886808,-0.11596340252710896,-0.6711383417488408,-0.3312132069975534,-0.22643288538433723,0.11362109210027357,1.5728504122168494,-1.706824741053645,-0.7650525313577337,-0.7949279481078322,-2.876841473937212,-2.496256268003785,-1.4434091223112955,-1.820816758185995,-1.0408835293274852,-1.5427717252795297,-0.7798149653830996,-0.5080333197433483,-0.6779314134595018,-1.221059516722221,-0.9060602792150867,-1.0341769356920505,-1.3760684758797297,-1.5721325562038093,-3.1064394008710026,-3.3791794078252706,-3.821952398969854
0.6202779942363379,-1.2318624156931517,-2.9724207329813073,-1.3664960349876187,0.818415186611351,-0.8975475973207724,-1.6256525150926826,-0.6127935057714075,-1.1938443387852231,0.022968457764233858,0.25721187917313976,-2.217504501922541,1.0422766163915451,4.193889235256449,0.12806323313885282,-2.806051486601094,-0.3378912096263048,-1.5183210189176677,-3.5151607474886126,-0.5636107768326829,-1.2822418251743117,-1.3390669642415582,-0.766062020257355,-1.084115733770451,0.29761979948399747,-0.5923934930454832,-1.3133337461887602,-1.2376828964469544,-1.0618056793463506,-1.6317024417181019,-2.693776772834273,-2.8657192476931983,-3.7165599030405936,-4.173493167483385
0.6233845729425066,2.864392886261225,-0.6749316711172877,-1.4720093587248102,1.2117456142146474,-1.691292651643123,0.01680120500186831,-0.5709262926546687,0.08225785715157796,-3.844106360945699,-1.2866139838962594,-0.8449972177860565,-2.00702063035302,2.1457603202432143,-0.42178074836479873,-1.0132823693229296,-0.944067377199656,-1.4187871910577283,-2.1277656445258506,-1.2123044630179873,-1.045625252058631,-1.1123885664800146,-0.5888258173779806,-0.873374349664304,-0.4133879763106643,-0.151595216923063,-1.2664396324960931,-1.407444176325626,-1.340299141973384,-1.9998840104086317,-3.264807541422967,-3.5610903624407695,-3.8215443046685236,-4.110052124513713
1.2609148410819018,2.184378536654788,-2.9868157837615334,0.010958742207377501,-0.024407392163405216,0.03115615684000509,0.03768093822533674,-0.3643757072621216,-0.7328531281483317,-2.328234025552339,-2.7656179419591047,-2.74814683307534,-0.12245072839928611,-0.650975620796439,-0.5664761816231596,1.0830853140773322,-1.4246272595537421,-1.097374075677711,-2.167443860832867,-0.8564561343018633,-0.973344005867174,-0.9289566500562422,-1.083601239683724,-1.2314622310189056,-1.4637586880841655,-0.35347926555740655,0.12693181065452905,-1.4683536539992732,-1.524856101792416,-2.2825031132543643,-3.5956564513208695,-3.760452289101759,-4.5088175748841195,-4.552170636742815
1.9686137501679617,2.437586980481799,-2.7684003163906574,-3.7487892935030067,0.14268374282640203,-1.934604020733264,1.6533739723611696,1.0206892275618076,-2.117326784072868,0.16929457194124545,1.0836573111568224,0.24090667214163183,-2.0137288266420947,-1.6613020703604755,-0.5481594634496301,-0.7645296451596566,-0.8978305650814336,-1.2624288895796396,-1.3764765732277835,-1.3174287449857949,-1.249558299851083,-1.8171864280313186,-1.4335269206699726,-1.6880398926087417,-1.632943594846101,-1.8524862046585866,-1.38845995852618,-1.1606232566076142,-1.977023624221821,-3.578352204459044,-3.1568315774066615,-4.251232706729797,-4.460201082990728,-4.667315955585511
2.1688972162125166,2.6875224517597203,-2.0466772339106325,-1.862080865467454,-3.6043467991824505,-1.0412558272157415,0.8604085320627167,-2.06635201124507,0.5860287953228549,-0.8101232215253175,-0.03711040989685625,1.549799839660724,-0.1912271098873592,-0.30433455592676734,-0.5626005859538026,-0.4518068528027278,-0.6682801709519117,-1.2135426761493573,-0.8766976721042076,-1.052899585444175,-1.090623358876418,-1.2826557458999626,-1.7610790771699796,-2.0666578388690815,-1.0962926610880728,-1.7266919139977064,-1.4961364026701305,-1.368066963553586,-1.0761557612794077,-3.5509476032063363,-4.296644902654914,-4.282883672601677,-4.336615872771435,-4.139950551192895
2.000105735345742,2.2348588490815526,-2.0367357551104353,3.473615806292411,-0.5598162279770955,-0.9917768028314657,-1.1988420481722473,-0.879503347859187,-0.45566823882481117,-1.9331638127601074,-3.486148123976319,-1.9415993163747698,-0.7771820931450258,-1.193771904831955,-1.9058606035746264,0.04025629867309019,-1.7974369440708469,-0.019066741988686155,-1.4497908074648884,-1.3286862125342676,-1.829153878967193,-2.035649619476512,-1.4396719366882436,-1.6842552851959616,-1.3627811772340563,-1.832403398678796,-1.8910469757176098,-1.7367583447455788,-1.3024746786418928,-3.336474469034058,-4.122306506318767,-4.3721863160043695,-3.9864658053510613,-4.042657182354485
2.008930146550963,0.6398171688270795,-1.5578929391221936,-1.6144017443778447,0.9087684129206278,0.5087079267717622,-0.6036679334844189,-0.5201174680053002,-0.37227055339238274,-0.9258455820225406,-3.017873457583945,-0.7817456570790862,-1.6073568096985844,-1.4064508214974765,-1.389228151846321,-1.4204042018014629,-0.8204666176445853,-0.40023805400153517,-2.0474298268862454,-1.4891044305423644,-2.3787160548995976,-2.9711225817135007,-1.6166550562936368,-0.3010144594188064,-1.6462559265582082,-1.7569259662845007,-1.8126471925263083,-1.5946043296261234,-1.4943286298910798,-3.383321719508236,-4.655627191064035,-3.9829823254109047,-3.9412359059398137,-3.728127259135312
3.0203651639582496,-0.16392554459793812,0.10678582543885888,0.9938136203666741,-0.5547758595510228,-0.3571603849335866,0.4865949327604392,0.6192580065805843,0.017738380569132156,-2.088629340942766,-2.3737644926865205,-1.7747256010670924,0.22259010314439695,-1.9224883490175921,-1.291868914571017,-1.5325737184282573,-0.7678239767933714,-1.525315111148693,-1.827226482297057,-1.8978747550317003,-1.9892000867877928,-1.9427293353410207,-1.7265433049368981,-1.6437940256321797,-0.9655927717720675,-1.7564751186266205,-1.8818799825605166,-1.1096994396837982,-1.3926715360654367,-3.5893641965220273,-4.360913444681826,-3.837308466230933,-3.993373293499225,-4.295549130909284
3.187115193394812,1.2596988060211989,3.9074583770079756,1.2249477283251078,0.9516773798538218,0.6432510334520669,1.3774616764148573,-0.3367451323179478,-0.7784426891523591,-2.3311346082038766,-1.3266423881831109,-1.7521342395042958,-1.9020654111817392,-0.7166315010778089,-0.47575429021871307,-0.6716005255943561,-1.4048332172755895,-1.4135895497473767,-1.3499947170720137,-1.8120270372741152,-1.5891680363001732,-2.604554612515438,-2.014009185409601,-1.8572335423847939,-1.366924123911415,-2.099442949915791,-1.848236107675445,-1.5632086734937356,-1.3474081990226576,-1.5602589212699318,-2.309471530474992,-3.1181420596782066,-3.8815532470153307,-4.064748894554528
3.482783312551331,0.6739775386188909,3.7747611190097254,0.4607231556491254,1.0807949757627902,0.4927705040500617,-0.33735249522150307,0.6492160214159214,2.7465715666624013,0.07725882575994504,-2.606933620896195,-2.7384029563724215,-0.12313966850912722,-1.8511863299271427,-1.1696828768952732,-1.9325896965895162,-1.3941226381189815,-1.7683787888858415,-1.660070445433614,-1.7048902378960578,-1.7537804110219555,-1.782907534326403,-2.3101747669301695,-1.876924363792742,-1.7565026799564714,-1.6742032985151212,-1.8076565839379728,-1.4367981111913284,-0.9957055858655447,-0.7787356359964709,-0.9243601976226171,-1.1768017149128076,-3.6893818990868223,-1.673949731475254
2.0800391972570913,2.214939349188456,3.64374584358372,-1.0080439334325801,0.4699154371120537,0.41638864782578455,0.6978342808283474,-1.050058082176378,1.4324446837475955,-0.03525171765823264,-0.4730316226793864,-2.426199247296679,-1.4704127720192166,-0.26399600278915114,-1.1474316317847604,-1.66966060767427,-1.3930504658788536,-1.4699704989760598,-1.8839240897158671,-1.907162424661493,-1.8475381917156053,-1.8718980094164726,-2.295237814594736,-2.202031365495246,-1.77573280019817,-1.8725090807635476,-1.5708095444477816,-1.334733800061961,-1.0925203982471259,-1.6218814657896743,-1.3664585007723986,-0.8509371982414508,-2.7472975514790656,-2.5869942985566032
3.5221775966490605,-0.1382164307323343,2.741674497948632,-0.6094789472730598,0.5200186222935145,-2.020566696699662,0.009451406530006999,-0.04594060641374253,-0.9599663482945728,-2.0289314067213,-0.9961414954322123,-2.0012273781120733,-0.02699051393598934,-1.272557642009435,-1.9237173853206098,0.23324110090665526,-1.6274818088411116,-1.5293671550191752,-1.6656843940879935,-1.4117032013039525,-1.850380928804964,-1.584028104663401,-2.4064703047364815,-2.1042585840306844,-2.0649789036104984,-1.9968128694510403,-1.5265260658557493,-1.724447040526827,-2.1641167038843223,-1.6050141127599853,-1.1503088694477073,-1.5163560578353628,-0.9091088681385658,-2.3282377997157724
5.019167141882513,3.419045585278766,1.719240605922532,0.4458086827551834,0.21662518606189016,-0.6287028210972738,-0.9301071807592364,-0.03996938462974337,-0.9846270457662429,-4.19286712024508,-0.16003569943076312,-1.0306447310557263,-1.117385724407002,-1.2464088358135224,-1.5906895190589947,-1.7651351629661203,-1.7037778731033162,-1.9445075642116472,-2.067251793804344,-2.1384209800511207,-1.8510167054291236,-2.0506800301630315,-2.3580329280242096,-2.225414694341715,-2.5130299660525144,-2.370966948724974,-2.7593792899168057,-2.86389343290552,-1.8276889478572271,-1.6579933581501987,-1.4510521588256262,-1.8535753572450533,-2.8544019367911133,-3.1349233939824046
4.890673759069465,2.1426237312195506,4.028610825902623,0.8924477206664967,0.351643033947466,1.3592522719701663,0.5454569438739312,0.514689471081727,0.3285263971783318,-0.6534306711056869,-0.37880113091993095,0.11492509456519415,-0.6856208572022842,-1.3916612779600401,-1.5759362007278435,-1.4420389822175632,-2.0351869338210165,-2.485842695065397,-2.0570179812413807,-2.4451037814036036,-2.206336353449637,-4.032614677330344,-3.731520259053233,-2.3895245702912686,-3.874308497228405,-2.2006493668618456,-3.8403641439156972,-2.014612777462422,-1.6365615470319916,-1.2956917474718108,-1.5829185526006564,-1.296966772058985,-3.6120412526303465,-3.484902109137456
