script/wind150m.json
{"header": {"parameterCategory": 2, "parameterNumber": 3, "lo1": 6.000198445256149, "la1": 58.999992894266676, "dx": 0.5, "dy": 0.25, "nx": 22, "ny": 24, "refTime": "2024-04-17T16:00:00.000Z"}, "data":
[rows 0 to 23 of 24, columns 0 to 21 of 22]
0.3913154434520331,-0.4511590931153446,-4.531455007693355,-8.02617714507121,-4.231896479596877,-5.343819302822031,-3.6078624193180606,-0.6213880201055877,-4.017236042291785,-6.642394290145543,-3.3240705139464515,-0.3133270492735421,-0.16455702176551276,-2.68967249275518,-4.027282765810523,-4.022153993876501,-3.1200068568726955,-3.319763563360285,-2.560899308307865,-9.187150068407641,-2.2952920081894557,-5.895682350104218
-3.4209318028900637,-6.750316696988709,-3.816922656795304,-6.741607188787425,-5.461558784426417,-7.107707716222767,-3.891799656688894,-4.810586737088113,-4.54305417832466,-7.088367098933374,-2.800563578709603,-5.4320386491378665,-5.3480052762052335,-4.315832178444565,-1.7663246880515386,-4.913414182469553,-2.81041089764538,-4.18555171185504,-1.1725092817685103,3.1968264395569106,-4.02990736503923,-3.168339516052597
0.14508131833775648,0.15130989361875527,-3.57686293932475,-3.0479535525965837,0.10451444272705183,-4.484765780410941,-3.657410101371014,-2.994947210999337,4.532946146166473,3.012288658529581,1.7328206952126812,-5.386370990099006,-3.373765819811323,-0.5281847830654208,-5.497562812869339,-4.7213386655077265,-4.243684792613912,3.140748354563261,-0.3999933870134335,0.08967148403198925,1.68125139064871,-0.91253464570856
-3.0813499963115683,-2.772538024157638,-6.834189549282487,-3.798158345322415,-2.7843218818611444,1.2016796805995742,0.1742415988259426,-3.8356450727435045,-3.7334702097737886,-4.706938169069847,-0.8180936011785074,-4.678752163620459,-5.298902142406947,-1.5767166034227365,1.1740251292255977,-1.9443473964511246,-5.2920456740087705,2.5773169443667467,-2.9982241511994827,0.5447680802828823,-1.8518126325520439,-1.7449276496390485
-4.590656752233957,-4.76319434826794,-3.187098209035714,-7.6701146161810465,-1.2453352240745592,-0.48476438762361135,-2.2956244594981072,-0.7845601178777788,-1.5158067509954478,-5.251051277507684,-5.593403537144454,-2.704468800633203,-7.891879583928584,-4.933359379310831,-3.3389140694370796,-4.466470976592495,-2.859928321753052,-6.448913745050722,0.6048702672592636,2.8214146153230497,-5.80322296574678,-1.6364334707861767
-5.923006839731505,-0.5048039909494256,-4.723991940967228,-6.014214485148408,-6.547543716508067,-6.386247786627849,-0.10222392795078598,-6.425967362819655,-3.473058575211241,-2.5701976934130695,-4.76388910968287,-0.1503803412655203,-2.897690571113381,-5.058673192348844,-3.342013083849337,-3.9264441308529188,-4.346425190761012,-1.491683104507191,-4.696682829879977,4.5021406882936335,-3.282750565608065,-0.7946255305822877
-0.43527111163681614,-5.89341656534299,0.6555982742143562,-0.5208721659107045,-1.565814641137707,-4.309145273707291,-5.64869143084827,-5.045657804343265,-5.74811974680847,-0.5452962095731277,-3.9176308872859233,-4.180695414154054,-3.975708299288398,3.939453894971608,-6.425318785078025,-5.316728428729054,-5.7386520751074945,-6.556447682661412,-0.3332906178606664,-4.076397335413278,-3.3446043802741245,0.47090444530478065
1.5480603166026403,-6.562156058892663,0.18618284158875104,-7.069004454545492,-7.223544579257856,-1.4447411972344404,-4.359021777702588,-1.6255774235681015,-5.348421901832078,-3.2260680027300612,-6.412117093410526,-7.387472936487437,-3.431746684913349,-2.149018274664716,-2.0595112676737175,-0.5372430389085558,0.335088169431535,-3.7834951455364503,-4.837305000686478,-5.591265018588562,-2.370532238315673,5.172888233799293
-4.249943600799827,-2.272380093786731,-1.329880366341606,-0.5775190823870693,0.025541622267530716,-3.7348500142811476,-0.35690305048299137,-1.8587854624085194,-5.04455641052952,-5.558548884062732,-6.104344651149529,3.2097461863255514,-0.7697152908761937,-3.3617138312626342,-3.4534210002336785,-0.9723652714805681,-5.644682306273858,-6.459306201224128,-3.8188292432719932,-5.641070691036637,-3.9162840088894635,3.191439828021078
-2.567831162523151,-4.16031734076354,-5.211930467827599,0.1271908539997117,-5.60614694260562,-3.3487341049102137,-0.15219328652320108,-7.158526361111465,-1.5355535394980038,-4.498690255899937,-7.742882449421263,-7.443552453296509,-2.918482642836031,-3.7735998091265373,-1.411056336391151,-3.631570159462944,-0.5305487599437217,3.3550443086614843,-2.0192885505531364,-3.618385802481986,-3.1263080945824995,-5.280144684316604
-3.2668646516383957,-0.7443109945511462,-1.6614757230933623,-2.923944583468908,-4.083097299758791,3.1544857268437028,-4.694925291196544,-1.496469637373909,-4.78414652516692,-6.059099809222004,2.2600315728972484,-2.094726231253204,-1.9822776650795242,-4.062736517952033,-0.7362442215239697,3.6274023333499037,-5.210644386123065,0.7635742001647425,-1.538853519075121,5.562817584337185,-0.5046976706328251,0.6626495084498718
-3.7565336243771976,-1.1451419901705577,-4.4948412583309185,-3.3726584733503495,-5.233686382944456,-0.14808830687908484,-5.383477054785058,-2.9422471852596854,-7.152809432553382,3.4582882576171516,-5.079909297209032,-3.1697893488021984,4.477451971210835,-1.5558306902267076,-3.7799552922226707,-2.8442022149458164,-0.36273897838423763,-7.570641053599028,-5.514862152267406,-6.1022447768656525,-4.742313997088812,-2.619347697465596
0.8598360630637653,-4.971451750333734,-3.712394167653379,-6.84358094462258,-2.263559139378627,-7.798310712908766,-4.845660450856297,0.7351314781973778,-1.5128481868835568,0.20257916372462975,-4.373607898013018,1.6806395742232636,-6.702888016969212,-3.51757907519301,-0.05191184018821974,-6.929920723064116,-1.057474682712185,-1.3810076697451883,-1.7340184935237573,0.17353122926403286,-4.697864861473815,-3.266810129304017
0.17194972763703728,-0.32657327796060887,-0.9282558872518086,-0.48642139694680847,-4.740403185452507,-6.462774826006296,-6.02107960683705,-3.286382195925411,-5.7506385568198315,-2.2673683459987566,-3.4083852726480433,3.078963181064022,-2.843859208176161,0.47677089275285556,-1.5618399242517156,-4.138283784074827,-5.63549074361644,-3.2437668725817908,-6.161615053774633,-2.1112256730318215,-5.745207824596923,-2.220050509012532
-3.2073348940468644,-3.9481391879702326,-5.421823278404765,-5.20503549332479,-3.048875691226317,-4.2333123643928,-0.7517242705418553,-2.6322943422486835,-0.5218358582873913,-4.7347391621184505,-0.9249821416464102,-3.439612927052794,-6.39547358964807,-5.323199709473656,-3.5816878742455676,-1.8668745943693605,-3.2020221993578892,-4.818781775716551,-4.337265574901985,-3.798514389188942,-3.822592921010338,-3.4355739269175283
-1.3017419547713593,-5.791078077830528,-3.803015129936454,-6.972253031282457,-5.624471117663184,-0.764354544119664,-5.364666992002602,0.6404064790552744,-4.02270265676689,-2.6551145846411726,-3.348932539998456,-0.14046045805972657,-2.5804150497725122,3.6231366707013573,-1.5570297676074918,-4.61514545978137,-3.9317413182471244,-1.9721251979294308,-4.062114909812205,-3.752670865456596,-7.1689277380541965,-0.8649124702010386
-6.721479968215801,-2.9591397951316605,-1.6377441686420477,-4.4374774736882765,-1.3933115853894773,-3.887331684274273,-1.184814559667881,-5.759963697285003,-2.891616445047666,-2.0668618854673184,-3.5131947014831133,-6.19463061558262,-4.986423329646241,-3.8981379888592835,-4.868750540591024,-3.317287689445189,-4.958018091692742,2.750738656368095,-6.370574134714058,-2.92416408423727,-3.9407080384476556,-4.991070997627775
-4.070122598973864,0.6919634966957977,-5.783443537412583,-4.736446738494757,-1.0524821071586175,-2.3223984682292778,-0.2910157243932063,-0.6585123894362208,-1.2629525693397754,-0.6398131389486296,-5.57810816587226,-4.979276472303475,-6.385003616766365,-2.206817829700403,-10.326864779794327,-3.7665173454190715,2.2313939015682176,-1.3188408147099784,-5.375568078252707,-6.246865500740113,-3.889524758868045,-3.1681970610499386
-3.5639780556779974,-7.342903127712414,-5.139161050463613,3.3274455856260348,-3.6510874230072616,-3.9231651716236406,-5.787264738961248,-3.7431411741102174,-2.152983021385813,-5.291567340074439,0.5819773951585312,1.9807688596025372,-3.2811949230416224,-3.413657251823163,-2.165073407138213,-3.7551917527536745,-5.729696626564101,-2.4925783634614262,-2.3277443004974727,-2.2098898110446283,-6.515793628637858,-6.824485364306321
-7.727158281976213,-6.176452431790964,-1.5728014810286717,-6.548809721937661,-5.656344700760852,-0.25045159110418624,-0.08051260450081364,-2.8427372843973155,-4.315238495813945,-4.773960363765045,-4.817158373074707,-6.0735339736297735,-2.8211521111749986,0.5154078070903539,0.0013717690766657017,-3.4918774615645174,3.173520778229958,2.9739326841111002,-4.800582777785308,-6.369235347155899,-8.386823062644373,-2.563332514852086
1.803885275245746,-0.22161369008260146,-5.233340820307359,-4.669808683081481,-2.6218814944018742,-1.1155263984595214,-3.1936014402570176,-6.245258548095539,-5.113884925956146,1.8299562339302624,-3.7747171543691986,-2.891542809776167,-2.2640960879535665,-4.507816442594187,-3.6828038706191513,-2.7906226666627734,-0.1441178945373272,-0.7152349617454663,-7.831106005252183,-1.5683181087251616,-4.830432473511427,-7.900633982002798
-1.6349675552765703,-3.117888891247828,-5.16418173466636,-3.684020032179034,-2.061005521098173,-4.4998977605637105,-2.858331831512962,-2.7969708080892097,-2.5436307548162356,-2.560050920224549,-2.909665874493172,-2.4876864523640845,-1.3996565069355293,2.8976718301816673,-2.10847278557983,-5.43255849458851,-5.4423418141857685,-4.007859398068748,-7.060191083162927,-0.42893885457686554,-6.327092448336736,-4.804176094919376
3.0576458520777106,-3.8897498244051465,2.6882991815473,1.884819469608164,5.1160206541939575,-0.3663490540213951,-0.9740598367051267,-2.5682930696947888,-1.920824941110707,3.225826945558608,-2.3995597330850975,-2.2059544550029053,-0.5575937422526077,-2.202349572444938,-1.6562532835199915,-1.6206069093840516,-6.564923720833895,0.3222092087646408,0.09205477954283058,1.3690657805744526,-4.3442242142983565,-1.261095274107324
-4.865641817670232,1.3525313828731222,-4.141998050193405,-6.1403895225938205,7.364161900738895,-0.2430208673614912,-3.7302294015806536,1.44837063530301,-3.581982283994198,-1.994668166381837,-3.475558633754651,-3.544195769583172,-5.295264998308963,3.6004506171986543,0.7258189055106801,0.5221208678543999,-3.0002792550423956,-1.4897600738546277,-4.266809661405039,-4.49135258327759,-4.94804411921688,-6.549135787129169
