script/wind100m.json
{"header": {"parameterCategory": 2, "parameterNumber": 2, "lo1": 6.000198445256149, "la1": 58.999992894266676, "dx": 0.5, "dy": 0.25, "nx": 22, "ny": 24, "refTime": "2024-03-10T18:00:00.000Z"}, "data":
[rows 0 to 23 of 24, columns 0 to 21 of 22]
-14.966526384504315,-10.250570433143329,-12.30437971267162,-16.975254567451593,-16.914679571780695,-14.700073827891087,-16.64591102959521,-5.247754204758434,-8.630419218793431,-11.104593872055098,-9.433333750897829,-17.9027072596994,-6.503938133837315,-17.887934708491546,-8.91047373475583,-9.846209826355958,-10.640482578449216,-16.505531488366998,-8.30378691814767,-8.924276860463646,-17.673134220498675,-11.940808134183007
-9.930958850764206,-12.372534714456885,-7.435555474533077,-14.055299010974691,-12.779554237049707,-14.901570632751685,-16.339275061453588,-12.410319340591215,-16.380576641421577,-16.885562721482767,-9.468271101871336,-12.511763276300526,-10.023218092794705,-13.537272697332101,-10.787996150208862,-13.141437180709922,-8.96089393091411,-9.483499143051787,-17.590991779909306,-7.811667117889198,-20.55324813068252,-14.09243209442631
-7.212539773262056,-11.685983227405547,-15.690100381898175,-11.239875546492808,-8.932237709817272,-18.394233936354723,-9.860947394312806,-11.003135262853931,-9.861545850874275,-6.529100215281174,-10.909993242688328,-15.57576931671445,-17.221523384392516,-10.921696525052726,-6.943120143991045,-8.41956380289402,-14.632817688368279,-8.75421146381578,-9.812677134140232,-12.764364745796492,-14.106660558345713,-17.901041087736065
-16.194620334628915,-11.135214730395127,-13.531075260983826,-11.022922860958735,-9.379239161570924,-17.603942530939115,-13.817596754129932,-16.996058385388643,-14.815697322490037,-20.317205324297742,-22.505068565714833,-10.067204755099102,-15.979212260919914,-13.816452462392883,-13.198890355419689,-9.506483566359686,-10.13885082648052,-8.015697792460331,-13.336725375352923,-12.839541203628112,-12.552627334495723,-11.91502245987686
-7.416045603237238,-11.73316973239416,-10.501073264806628,-6.758126515984537,-18.19773886943676,-13.463273422364576,-17.624121113725497,-10.485559133335332,-8.73541149677074,-17.55143654312376,-14.596781859115113,-12.74896834907513,-12.678501902312261,-12.668970520641722,-17.98116051062694,-16.060599485367142,-7.546414999403505,-12.079972734834639,-13.107130903640524,-9.5484476816344,-15.144305242108672,-13.003087132625144
-9.733008519088608,-14.415291571196237,-13.856275886968968,-18.34929553317016,-14.136837636772173,-13.441129946921627,-10.795608522843397,-9.654754035168764,-9.405744303953718,-14.054281604576977,-12.183251298106613,-9.699576489914424,-12.37046773860276,-9.363320709403718,-15.886655406681768,-12.15458098805835,-8.684547415351375,-17.367682442767762,-17.402008845556637,-16.869784409934283,-10.030189475714064,-9.620455939307897
-5.924006058554575,-10.58988272515683,-10.74377311026062,-18.114454873880746,-14.611119583824784,-10.167736051326067,-13.03457554828279,-13.955244433337462,-11.21619714525723,-9.845567552482814,-14.033869871648319,-9.607145570728726,-9.64370814481931,-13.416703651242013,-19.55045618452732,-12.727596261661722,-8.685904037124951,-10.790794863778757,-18.099986655689868,-18.35936884190581,-19.958683376206135,-15.655597161823353
-10.611904093248453,-11.779450460979888,-11.82508761525475,-11.27670786535986,-11.129512611750261,-7.919547375268867,-16.382792393225653,-9.640563941558739,-12.661672887628152,-10.545833487224233,-11.290397864642388,-16.30218846081962,-11.188957382828312,-17.32365892478642,-15.427125862201526,-8.69908428152123,-11.047618451208074,-9.68071630048957,-16.6829555218734,-10.355301769561859,-15.531039081253484,-10.939392376469307
-11.651860483850545,-8.55154906987351,-13.053160856958653,-14.715885199185438,-4.159172895307064,-13.514168573301006,-10.46493559207931,-8.658279350209803,-9.459244524688764,-13.908187465728576,-18.581592776811338,-7.310277291290762,-12.54149937755588,-14.226216548577968,-18.02163296340999,-10.048501316048014,-12.066102851242851,-9.368363436733796,-16.670051835369804,-15.490579123589871,-8.69028782081653,-9.935842738829148
-6.8104337140297,-17.05254487116298,-16.074405790756458,-15.931486390899542,-15.364724341979814,-17.31106514704244,-10.354797764191614,-16.999258619154617,-11.336502730025316,-15.124198895275642,-11.229203963901387,-14.92737384195526,-7.371506089904651,-15.54458125266334,-16.80772813911142,-15.55709410529264,-11.941532982070598,-8.333727361720804,-9.666743316960572,-17.85978670759551,-13.732086928418509,-10.300223354092253
-12.870564666374266,-12.50352682911536,-13.679669330280227,-17.49735246220576,-9.809352632495106,-11.651117286523618,-15.944986310661749,-14.048790907067355,-10.700758777940544,-19.646449543873572,-9.764359656562885,-10.926241011572854,-8.640511541652874,-12.53260871043045,-7.532180965995184,-10.719530836641509,-15.374089375866772,-11.490855046623288,-11.374273119096614,-11.716807468140958,-17.637569495715873,-13.406622000281642
-9.356350188417366,-14.447459532709859,-13.35128555792518,-15.855526677652607,-16.18808249444786,-13.656140700611662,-9.906742929228933,-12.859660278073521,-11.195398598900935,-12.779481257995439,-8.191506548104261,-9.826296570633826,-9.787684552828045,-14.74153611177764,-8.713463911985036,-10.405482692880875,-15.579778451113622,-15.16505911870705,-15.389889243740832,-11.86934139629235,-8.012988365855133,-11.835344515960225
-10.23476743465246,-16.02348478252524,-13.929690617827388,-11.354228979062023,-13.727806064600033,-15.241174953392182,-8.811215443939766,-9.905993421982881,-17.20129950575105,-10.213209024850755,-9.701701310181484,-15.025243660034354,-16.133436339928508,-9.925608145526569,-8.710888452099786,-12.790361938075112,-18.053128828632385,-17.195610956283026,-16.329246177141375,-19.30217929115676,-17.095392936558707,-13.983073801388365
-9.96104642170912,-12.896846418187804,-17.895964473293297,-8.975121100770215,-10.649182155032005,-12.342246268850726,-17.201419482435078,-12.16530560252575,-13.178585201834354,-17.61334207538936,-10.499485359310043,-7.43879490672589,-16.988084221168517,-12.51589026658618,-9.093623083915778,-16.330989394682774,-16.33631709319159,-16.38384370541011,-9.84730954945998,-11.749469142772774,-15.145225325509324,-9.222066083487235
-7.2041261450001475,-10.31993192228856,-16.562588641610994,-12.640153716562315,-7.447149399274038,-16.425643699484635,-10.263820978622439,-11.219678868405337,-15.930416555269353,-9.74203224799818,-7.7050585016174065,-18.071841026723316,-12.468270659473601,-15.462155623634029,-9.230207376996185,-14.694484819095871,-16.911980645441087,-11.849470092106285,-7.495179379778933,-8.661472192695054,-7.917680591179291,-13.370458413927109
-8.952363024484534,-15.165016265344972,-14.48037447746049,-9.048191229576362,-13.622973931681509,-12.73101091724882,-9.896827563049273,-7.576137025398576,-8.497998202107745,-9.196978446263232,-16.544943896861373,-12.242052674177618,-9.08531743565012,-16.67170318600448,-9.233602462744004,-14.407904079079112,-10.485467046956542,-10.686642310540662,-15.259459464735155,-12.926133565117254,-15.52042154126993,-13.679707788402062
-8.810212729420252,-14.630085686100658,-12.537431022724466,-11.41834293506316,-19.888980806463756,-16.482635914711526,-12.284945394252924,-14.885395206132749,-17.115686736040075,-14.353240505664257,-8.01418301268368,-14.90277784561648,-15.545885495007042,-15.946133766595807,-16.68242898271423,-12.593164278796722,-11.114219176768483,-11.279005977143962,-14.714577510715538,-9.535358145311745,-6.888487143049287,-13.016324671419245
-15.084154208126995,-12.706745500733412,-10.589276143992299,-15.989251265157229,-10.802502656498163,-11.665603953159522,-8.347353427765608,-10.111096872507568,-8.258553498162469,-10.107828742068232,-9.128679225303161,-8.311672983474864,-19.8472105360905,-12.804351773775391,-20.926931035973368,-19.669702723004043,-12.127998827443786,-10.23318909015963,-9.035039234749004,-16.079031523831404,-13.403865426514844,-17.787814897651128
-15.314513214469544,-15.249850340169488,-15.531935598157801,-13.870334202193535,-7.121538653806415,-14.700902600866804,-14.248112180723838,-16.990847219146303,-17.301582668648454,-16.17039356897376,-15.21025623047944,-15.092194824071258,-9.432960096692844,-9.064506486472958,-11.463977695407428,-18.292150802567615,-11.000647064857105,-15.213421015491708,-7.54855842043316,-16.334622422232904,-10.713270813138738,-9.225099864210682
-17.14506771150559,-13.597006160021577,-12.551121008551828,-14.985024312723237,-10.929533803809962,-13.044394546675717,-15.755414769120954,-10.361873098322379,-15.483063148888458,-16.46927209163147,-17.78436426075439,-13.135859874318477,-6.903846207288924,-4.626793808467352,-10.55607850963862,-17.818168053561383,-11.26102501438312,-10.309457252360929,-15.618980515587392,-9.294827259135543,-18.054162772295996,-16.46118158053769
-6.99184019021782,-13.483658202612611,-16.375703923298005,-10.501374954791503,-11.072672271359608,-13.294943965525045,-10.624357119450599,-7.780594698088655,-11.082742188714066,-10.70092402154719,-8.720329983696708,-10.751384073962239,-10.870734502931327,-12.362172421719594,-14.62905157715006,-17.874261231239597,-8.718184860413475,-10.995224734389206,-15.070373712751898,-10.687800613532087,-16.420964872229113,-12.53077154349053
-8.221806607951994,-14.497297942629332,-15.818794511856508,-10.63100472507244,-13.955827928362536,-9.940830365710896,-13.475875569042962,-14.473615347905247,-10.930903827491777,-7.989006810511034,-13.293905470731383,-16.970585858741494,-15.79213332935481,-8.733738800930517,-17.63439173122521,-13.033246657867116,-13.03726899895872,-10.028850512766732,-9.757459497907421,-9.462484377736358,-11.608516175651317,-15.181101631279212
-9.517076948688045,-10.472256889000098,-11.033191600064786,-13.424728564780027,-9.745147378886879,-10.435505557458006,-18.050572612359996,-8.534507951337043,-15.08936888089617,-10.768335351327904,-12.896090819550173,-12.027854050380032,-17.378842457756015,-12.015026341363058,-17.22358515429512,-15.616054338992294,-16.439006536566556,-12.880863784433023,-8.63117612257407,-13.607018580326246,-10.192128765635772,-9.932458355517676
-21.2118816556472,-14.748978130438111,-12.996106628267583,-16.334685173709214,-6.595405450102558,-13.823096383450464,-10.049171928407107,-18.559712659564838,-12.25105400207779,-12.289689384369842,-8.267419401730494,-8.814856487636485,-9.965968466877852,-13.959594763106692,-12.254090544492428,-17.54791102188416,-16.811718376924542,-15.701868992823735,-15.73902449583354,-20.912192833900708,-9.597914890091982,-11.083251749026628
