script/wind10m.json
[{"header": {"parameterCategory": 2, "parameterNumber": 2, "lo1": 6.000198445256149, "la1": 58.999992894266676, "dx": 0.5, "dy": 0.25, "nx": 22, "ny": 24, "refTime": "2024-04-12T00:00:00.000Z"}, "data": [-2.5097340805586907, -1.1641795428758626, 0.37006696656824073, 5.8631136852507435, 3.001269976055514, 1.4855055921968827, 1.4627653783597692, 1.598624544857315, 4.916684938684704, 8.967316905884136, 8.538107257016817, 0.6550167216832562, 1.7299348825994336, 1.6750715946492862, 4.181264738718194, 7.171431219116903, 6.790660441980889, 5.693041215237159, 2.8089225204600146, 3.6684152485584627, 4.745423402962303, 5.7511972172239085, -1.4264220364066327, 0.9149856595188522, -0.6494628758299591, 1.1632587437709192, 2.3619778334528294, 0.8287023615718752, 1.784738595470336, 7.632306823250279, 10.36310222064323, 10.018542292552919, 9.871486966948268, 2.1811853085190243, 2.07073952349198, 3.1096065902939505, 6.1536246784661754, 6.8917905885687984, 5.044867982350776, 5.488905561756436, 3.932344978060938, 4.7981044210140045, 4.6728862231987875, 4.924315979194455, -1.9307934465064527, -0.42653086573984345, -0.7396648471282928, -0.6492367696905228, 2.234127995999601, 3.086168916035399, 4.861908706997275, 8.012599843795085, 10.736031787709875, 10.755014046221966, 10.482244533114498, 3.448830230338034, 2.3644615923312604, 5.302509958734498, 3.7180555472415313, 4.95507889264065, 3.3931550834086943, 4.745709315674275, 6.8487504421439205, 7.378963050149442, 7.955722842012718, 7.443293597531409, -2.7690892465301875, -2.7952711187795405, 0.5358116180979849, 0.9614524272832737, 0.4743945667649286, 3.535862978026852, 7.165072024077868, 9.474631550882988, 9.945405770808149, 11.186188105941714, 10.185227879337454, 2.6022867689503992, 3.2039991731020967, 3.62438303770371, 4.689232401629764, 5.334146268965475, 5.268350812831061, 6.830822571404158, 5.312255882031574, 5.588316813944649, 5.227727237697901, 5.219542335924536, 0.8963224861892602, 1.4860545433496135, 0.6000121874443058, 2.530811648003067, 6.228049323278987, 6.256110771583077, 6.921142677676507, 9.26747933247625, 10.549821205207195, 11.591401509411734, 12.206113539240484, 9.507170145530504, 3.6576511891045436, 3.4275580656769224, 3.7752696371563967, 4.55826964567346, 5.713138893943506, 4.588703634501726, 5.66054683651564, 5.144029797114575, 5.332374381005164, 5.3956877123966684, 0.8753811041196238, 2.1056835380659145, 2.6771820118853045, 4.265977063717076, 4.984072016688861, 5.079452565556637, 6.116031656922673, 7.957751114899757, 9.217219111294293, 10.102745207031067, 10.910132839710082, 8.458643625718835, 2.4544675323610803, 3.4606499751409627, 4.1769374035809514, 4.258986986909372, 5.272223692265913, 4.44599138509528, 4.453731525689941, 4.521042229288915, 4.738575631299105, 5.037219318160099, 0.819649833595673, 1.0227427116889636, 2.324625338706012, 3.405158739829507, 4.672320629043875, 5.071414825758859, 5.263580211400914, 6.843096899219662, 4.6529562300502265, 6.436648544869179, 8.654309697802832, 10.639599714068881, 2.5659089283125662, 3.4247871503099923, 4.079770741026783, 3.4299583686250403, 4.634673893137805, 4.597577990156595, 4.712331956599661, 4.912809088737926, 5.213222191735041, 5.1438576864948224, 1.1597889151462335, 0.5641921822483972, 1.8171041393225222, 3.3512752740848626, 4.130696169546345, 4.0252838119736465, 3.7603895054842233, 3.8183124417613965, 3.6252680804101973, 3.9520412615584104, 6.181973806437802, 9.53511382553603, 5.792175885667723, 3.194535678748693, 4.221653601084234, 3.748000512916383, 4.553272989974223, 4.400286021905662, 4.828134119337514, 5.2743507451956395, 5.456094018945625, 7.301668351256982, 1.394648864973967, 0.8897535292684525, 1.100383985963305, 3.134920339009286, 3.5886845152782043, 0.5612483960398713, 3.8723719063862903, 2.7489403691697905, 3.6641238741660707, 5.8832869208571, 8.042972553159604, 7.653520917162098, 6.290159170239013, 4.114923505352663, 4.382051860161516, 4.120218600750088, 5.247274039375906, 4.564691075787913, 5.16737911450613, 5.793765777789808, 5.7982341789277525, 7.005831017208591, 1.9062943555602403, 1.4901923089070552, 0.5815881798004141, 2.2509844840710334, 3.491359767674221, 2.3657096626478085, 2.8020109222708895, 3.4101493890540797, 3.9276171380086327, 6.520808814804539, 8.536957902180779, 6.372140346039652, 5.921823293850099, 6.939891977656084, 3.272546159399541, 4.497723581269998, 4.884311843340259, 5.014323067076464, 4.973239973021713, 5.570585774114301, 5.590781382442278, 6.582501348262364, 1.541293262161501, 1.1561204606879254, 1.3155997213144115, 1.7176290069718028, 3.3510684913891904, 1.6181760111338084, 2.6422014380486685, 3.8211291388858872, 4.244544890429519, 4.549873704967317, 5.602611610008881, 5.834189054732888, 7.616798845112936, 8.187838496642504, 5.0655807722772925, 4.374659039291268, 4.40060890191138, 4.4706917746826695, 4.831485777029381, 4.786068034453199, 4.790918342022229, 4.507650539395436, 1.6406675588931021, 1.3467251663677646, 1.4542411506119435, 2.2350832125643225, 2.5149637444437207, 0.6783075254253274, 2.5486197295633106, 3.7282473331969914, 4.102750096570789, 5.193459105793222, 6.694703415267053, 8.056166195957891, 8.311128181149401, 8.275058711738758, 5.3138117565817335, 4.505854830173273, 4.0801256129044905, 4.178606418640328, 3.9441870890803483, 4.004659403953428, 4.284979030982385, 7.54874279142842, 2.012935586039137, 2.3347363795289433, 2.2627902551881323, 1.8197062640905954, 2.8163316710303006, 1.1203527321483124, 1.4140425581704692, 2.6134614451219385, 4.263521452081247, 6.290748077952842, 7.160981558041182, 8.17156609632357, 5.117785895947585, 4.452994764949906, 5.114318173817296, 3.63723174033478, 3.9903615009396645, 6.421252649891042, 6.843361536604238, 8.179674750002551, 9.520867263217594, 10.616655788933695, 2.547075176858627, 2.8257101358898824, 2.5863954714648854, 2.974557206994449, 2.5932775559233185, 0.9306113450400306, 1.7141728285782192, 2.4399071728206705, 3.7158603647864017, 6.903554576679092, 5.824311270852256, 4.645443886316716, 4.661775706345712, 4.089944344384434, 3.5951044985879093, 5.289959469047309, 4.6636048400770616, 6.630938995642321, 6.092185802901315, 8.779112160350136, 10.008339656588975, 10.909608064190817, 2.6148966167006775, 2.8073131446338992, 3.1663094573960024, 3.7137232256933355, 3.787516144949987, 1.295824563377011, 2.388338807230846, 3.530504356176309, 3.868031696875043, 4.479974358926561, 5.558354608242028, 4.450621125477823, 4.199030301863315, 4.639204271360457, 4.44916845997844, 5.385970069653341, 6.116395512681804, 7.432284833556034, 8.981369895153481, 9.963708648492458, 11.503616380764877, 11.611205762161749, 3.227600459427914, 3.3490775535223163, 3.6517209095588776, 4.3660934916571374, 4.788657671838314, 4.57312870299802, 2.157338569166831, 3.1373269293569077, 3.3929405829505486, 4.719569196212344, 5.014843487700269, 5.5723039530111835, 6.183316246693247, 6.16359744252659, 5.590538018756267, 7.524725684347143, 9.552582915440462, 9.480276258328576, 10.87171238146684, 9.230494437835993, 8.259565581745722, 9.537340155847023, 3.5041323209179307, 3.9707072597926643, 4.344905077626557, 4.55682481132839, 5.1945155180824605, 5.1788619556810485, 2.8214749148508274, 3.260210010780734, 4.53973763459318, 5.721804922082887, 7.161715191822879, 7.654349841385163, 5.966445009770204, 6.2449851240394105, 6.945763984158887, 8.350431343390714, 9.704247577170483, 9.565446783886625, 8.901723928533631, 8.694949121702667, 9.898756412630282, 10.515358155382298, 4.134608218061212, 4.463071530429564, 4.845916528077603, 4.945053803822149, 5.694794800347565, 4.268071885358439, 3.0101528887179825, 3.5667257156838446, 4.9326356692843465, 4.74989901254921, 6.570670530074331, 6.170114182314093, 5.491053512155748, 5.71853671950397, 7.96087754980481, 9.183295163115828, 8.050743198465522, 6.250957538979505, 7.220752933653462, 8.525788418407922, 8.388079315797947, 9.079239293451261, 4.170352546459904, 4.764352745414895, 4.985601915632682, 5.0139743272709465, 5.1628922127908865, 5.501914642562462, 4.445589337521755, 3.555832510048036, 5.221474860124886, 5.044913113613455, 4.422243020798598, 4.532998200002128, 6.044604403947927, 7.332511902927447, 6.463736799195876, 5.380661678856956, 5.4450371473832995, 6.678779430023793, 7.302845385083285, 7.973114289106166, 8.899461538264724, 7.087511594086478, 4.064921307050332, 4.310643634648739, 3.2206304098447682, 4.097782720765009, 4.021840759181405, 4.611976026828565, 3.624934885392658, 3.978437459260104, 3.981404255821622, 3.7859930952239096, 3.285327777611088, 4.9960363236495, 5.463840772403642, 3.665984335123479, 2.67578090028386, 4.515635961057581, 5.5800834687905025, 4.934154490638799, 6.478556776780509, 7.095119556496903, 7.426254479814451, 4.572437319099244, 4.1077337219404555, 3.994690788096879, 3.3685673351260084, 3.571332189590277, 3.337670655270227, 2.4525530756310103, 2.5924153417613973, 3.246030545668762, 3.3810557160087553, 3.537566363261522, 4.002533713204653, 2.933358481413402, 1.9138205730722349, 2.755989451644489, 2.554108297670117, 2.8339774771069415, 4.3103598070922, 4.643801906086472, 2.750990017582895, 3.7815131775145527, 3.057851853872784, 3.249321086168538, 3.4210861666391295, 2.6936803697743015, 2.8703331471350495, 2.8689511776175802, 2.662927544693562, 1.8028000300930838, 1.7025788009095753, 2.1157361750344763, 2.760095302029128, 2.8750481619532176, 2.3462785482985407, 2.362125776507, 2.1919042223518437, 2.9107710760236474, 2.447749008554703, 3.038814415036409, 3.114495264471621, 4.33978974872663, 2.05315929957585, 3.381631849584332, 3.580842959363355, 3.230451930279372, 3.078993529651119, 2.8175400363318204, 1.6961776895513199, 1.9304424243669382, 2.2682235013789795, 1.7634363968355244, 1.5023469527476383, 1.944914858133926, 3.274368318132676, 2.3813041509141426, 1.8899157343418962, 1.6308443866298559, 2.3101620642644054, 2.769014515697331, 2.5685617689733506, 2.5385568353733086, 2.13543357468999, 1.7582798223921194, 2.648404646572085, 2.280071468113376, 2.6771163703505394, 2.999898534735453, 2.381228122337413, 1.865683314522425, 1.3483318922612264, 1.5741362203909024, 1.6547788778715085, 1.9822893003496866, 2.391440622885619, 2.221958677428491, 2.271268304613334, 2.2973402780629484, 1.7163676808651351, 1.4449849445791592, 1.6591870943279146, 1.6327580686611731, 1.4374340544092752, 1.5166407463017935, 2.526388052448936, 1.873787274975407, 2.5482236333596555, 2.135210909274756, 1.9101290484336244, 3.5708252013309782]}, {"header": {"parameterCategory": 2, "parameterNumber": 3, "lo1": 6.000198445256149, "la1": 58.999992894266676, "dx": 0.5, "dy": 0.25, "nx": 22, "ny": 24, "refTime": "2024-04-12T00:00:00.000Z"}, "data": [2.1546918405627977, 5.616765113919985, 1.0156357361379027, -1.1570780405701604, 0.7262759944295487, -0.711182614677457, 0.23520998004916413, 0.5797155007686053, 1.6681351576611065, 3.428359330936534, 2.767856284387936, 1.2584679159271184, 1.0242896209987402, 0.9717765990744034, 2.8070565264385885, 4.291411643421582, 4.209733846828517, 1.2162863695044759, 1.2177690189681263, 1.0577873149806294, 0.9998795471390225, 1.1732761052753529, 4.785580779391201, 1.4309746364785, 0.6358595476075153, -0.2125727451219095, -0.8235118484778127, 1.667466486708599, 0.2996177986519176, 4.988087862469103, 5.061698042810257, 3.660456561542609, 3.200283310715033, 1.262607338822671, 1.4680931193073876, 1.4846691226884379, 4.739934602016291, 4.107471341652643, 1.8635267424585926, 2.1460929347188555, 2.1206042513898646, 1.1305204335590127, 0.5854966763605803, 0.39847276591243597, 0.5628952246131914, 1.2291590526426943, 0.3749181226208776, -0.5802998239588619, -0.44195798545153403, -0.5528631687768988, 3.2465378263331774, 3.817862945242803, 2.853567486492723, 2.487182006671951, 2.1534119680184496, 0.725526449088027, 1.3421509491295804, 3.660810130270954, 2.7165607646401506, 3.351170050142774, 1.8102831068979326, 1.677444370522535, 2.201789461221941, 1.0751931677790194, 0.6719136012679124, -0.08957880249667778, 2.689569476669009, -0.48538565839655556, 0.8618527759595933, 0.1513545822732609, 0.11501194833288565, 2.725263119370905, 5.560248814445025, 5.330687847561624, 4.5858604687474385, 4.410215125890821, 3.2939575317241747, 1.776824192921464, 2.4149590139052535, 2.58412338506433, 3.292912948095815, 2.267797541251449, 1.5794155817828037, 3.188795865809694, 0.970721787027771, 0.5345253399531585, -0.04640956163972197, -0.4784894512569696, 6.622141085063695, 5.188911938520838, 0.5350246580244682, 0.21229931639463645, 3.8008365271155604, 4.886929500536791, 5.077874472150009, 4.740071270970834, 4.505728890081461, 4.475748481049328, 3.2902823837960717, 2.3993211163333252, 1.8664002605833587, 2.3301355144823876, 1.8144566112447043, 1.8086952090474822, 0.711190656330155, 1.523458154320175, 1.2927937893099126, 0.42821667935527963, 0.07912727994105713, -0.4946278505089792, 6.612455422533673, 5.860095836486939, 5.4236201139183935, 5.224921624903656, 4.586546242314537, 4.871025954867529, 4.950923901779349, 4.860812651090959, 5.0065497482745345, 4.00342231165616, 2.970508074825651, 2.8662820389612187, 2.687739665277401, 1.8000446867683537, 2.2415870894926666, 1.486556838159976, 1.1286172775250867, 0.596395930781759, 0.7590039046013493, 0.2341242416897735, -0.0270069022772678, -0.40624419525569816, 6.128711189183544, 6.444044452628102, 5.839875820976421, 5.295745564498801, 4.9874787323499445, 5.2644472495110115, 5.388743952566033, 5.733151148087738, 2.432613004301774, 1.467213397920981, 3.3114107981905643, 3.232686514333427, 2.0315454328391187, 1.5913795476379582, 1.3003035177250255, 1.00205262395509, 0.9870143117956707, 0.778689004351115, 0.6140365006173684, 0.3221748627618209, 0.20895759237210645, -0.15040377979340172, 6.438114446054357, 5.666740423948728, 5.768587003954624, 5.3766810033355, 4.847255085729545, 4.314352367513244, 4.777148624991475, 4.972179316267283, 2.221468045273713, 1.6066483252444694, 2.3257049560404677, 3.884853025539513, 5.374035805165056, 2.121595938701084, 1.6114605810257099, 1.3654794507721941, 1.1706926407962819, 0.8487665107492721, 0.8491204421537293, 0.3076236634393731, -0.03251865612053868, -0.07168835098999068, 7.124164534003765, 6.235888095695359, 5.384977062831225, 5.639730400934449, 5.621467948779776, 2.4042406370074336, 5.923287574027086, 3.318555722984106, 2.242571407146296, 3.840694251705575, 4.362409488407849, 4.978052237535892, 4.500664032389875, 1.4960251247499077, 1.227337031127962, 0.8714416382184315, 0.7774236434301178, 0.4125955510065426, 0.3491749211528969, 0.1579832023086289, -0.0450856560781997, -0.10503864157876944, 6.865257119300266, 6.565902086646105, 5.683323059315744, 5.191849881080931, 4.9387685916034565, 3.5436788043803347, 3.4612217454908545, 3.1645970111658652, 2.2545261269327432, 3.8293510507160864, 4.503749283529736, 4.333423467293993, 4.230497015723832, 3.1733054250240063, 0.9048173477830971, 0.8050100659745676, 0.36825901913886533, -0.15418910549123763, -0.3407639910716546, -0.41627771403231445, -0.36387681258647436, 0.13990433399642382, 7.051472366497509, 6.881267456113194, 6.743447062814162, 5.2939149233556675, 4.724936043911318, 2.6228547701748988, 2.6342427542292497, 2.6378153681760113, 2.1586840293439153, 2.5712334015805687, 2.8871051145532953, 3.4854236469249695, 3.7182854235550913, 3.3867360286079857, 1.6612740437488829, 0.35887473510067996, 0.300220904244329, 0.6394590058587335, -0.11328034332497158, -0.1633589269501673, -0.24715645292108496, 1.528399675058547, 7.581124430712111, 6.601548482895909, 6.076781445866731, 5.80375712109455, 4.907666757246992, 1.9293371912061257, 2.626256917821297, 2.469816274424047, 1.9960210302008141, 2.2519934091874756, 3.139158322212487, 3.242710797812663, 2.8005119838240042, 3.3012057184815062, 0.6127904782074434, 0.6001742875278638, 0.327475721971438, -0.22897116520280952, -0.2667743216264375, 0.005824617354221117, 1.3650720519244672, 3.3688066999219832, 7.223015175711941, 6.91553365550937, 6.126008185191384, 4.500769643217194, 5.163965478837438, 1.8672259445009334, 1.6161308402921104, 1.7399719709050316, 1.828698215368384, 3.1024974092252973, 3.2207775608336884, 3.678492715860456, 1.723580519234057, 0.7691506152468038, 0.8474284515531565, 0.4140743720604328, 0.05439424472535045, -0.16519480939955838, 1.819451990521346, 3.2570512601996056, 4.307254356976584, 3.9774487956802576, 7.0298883595416655, 6.366293584404714, 5.704299804858224, 5.063508977713626, 3.134857313182203, 1.8898505222365012, 2.1441972484812406, 1.9388829227983084, 2.6410781721977408, 3.709242728780338, 2.812425520407939, 1.9619812265730598, 1.2714379684602868, 0.4441794220396637, 0.8399704583044391, 0.33992714328187174, 0.12549304240216635, 1.5549622939452794, 4.438195203565953, 4.185660242558199, 2.849461594621877, 1.9229753933569853, 7.635483135370009, 6.281094532346223, 5.750722050822145, 5.609667470856957, 5.5936775080393515, 1.9424249700793168, 2.4035280740628453, 2.2547165176524167, 3.1282723576776705, 3.0358421780395357, 3.642458622061124, 2.2666638997968738, 1.8779578883397672, 2.148729509393359, 1.5483382463772069, 0.6409622942032854, 0.6848640040825624, 2.678579963609924, 2.5473775244674317, 2.057467585464242, 1.0585421852690124, 1.0012095190598571, 7.3169170110474555, 6.704461109564198, 5.969163725078538, 5.124547775017461, 5.342564899704879, 4.66492722815965, 2.115222121744012, 2.386151254910512, 2.659330098396923, 2.659991412256225, 3.3060380809935372, 1.7535031377328905, 1.4087749859838534, 2.423807453306226, 2.0685558985225705, 3.3434921102445343, 3.0371326336055606, 2.1652101730571247, 1.4624334433041466, 1.3650848725399773, 2.073748773672516, 2.5648775346375485, 7.587740128989149, 6.876751352591154, 6.07877124699812, 5.390782464978321, 4.981416758063894, 4.131167261189382, 2.708818425185014, 2.638978422763944, 3.0744380422940734, 3.4391537102509755, 2.9749802611608356, 2.898888040809972, 1.9289082911586632, 2.087133067062919, 4.395411059983679, 3.645134800287991, 2.935905970615767, 2.2630459791174604, 1.204241363119493, 2.219491662003785, 2.6116797340295417, 2.82331197676897, 7.424456641055807, 6.660396884050739, 6.134959188931022, 5.579747620238582, 5.04226551295719, 3.32410984622429, 2.1119596302833767, 2.8607274814956996, 3.231402205713972, 3.843989244077777, 3.609696253127482, 2.257796365181156, 2.1276462884304466, 3.33398943450417, 4.095922800374146, 3.9351613506313545, 3.1009470764684686, 3.233342308195899, 3.7311300258886777, 3.5549100322842766, 2.966326655579312, 3.600244491912135, 7.659943366811012, 7.1920172587456435, 6.238557849427027, 5.23908982023897, 4.7061094004779935, 4.71598178612871, 3.193639396287113, 1.7676285237536058, 2.6466717683706564, 2.4231118320182703, 2.8455869280864965, 3.42635640362784, 3.958858753160108, 4.654287827009491, 2.8780815276228546, 1.9446663683236736, 3.3234472175091834, 3.266880974897056, 3.03675075740719, 3.022796747645102, 2.679588295691213, 1.682821742739882, 7.529156023256022, 6.604253448704506, 5.88216114689567, 6.060858064994043, 5.520689977595914, 5.5447636972112, 3.1589837320957774, 2.3360546673935803, 2.2163902473909993, 2.0242605536658966, 1.4029872412842732, 4.017001117627511, 3.735073970333264, 1.5924286440369853, 1.2681816625466187, 2.4960060261091175, 2.3264591161762014, 3.0686388246522136, 3.377880941942394, 2.4540755178516336, 1.4622216793071114, 0.6778008638477788, 7.390478967236601, 6.669669457190551, 6.2478499054641, 5.693177256459455, 5.040259348378893, 5.068424537612031, 2.7882603060530258, 2.3437716087717373, 2.452639948331859, 1.7878119330143747, 2.7432798162789878, 1.9132341084171347, 1.1246351277295892, 1.8718654073643564, 1.6609557892736384, 1.673373090728302, 2.4233707466306176, 2.880377881044905, 1.3325631380355796, 1.5845000592135852, 0.4354919205087608, 0.5076328137166675, 6.306746411027525, 6.275632175273688, 6.05778128978205, 4.447921393481886, 4.172143252584517, 3.7471247709763498, 2.297508079396292, 2.250238780218899, 1.8840808658509303, 1.7557529052766547, 1.332607385139206, 1.8966580509644635, 1.730648656918465, 1.7998019367029303, 1.5417694301411478, 1.5330505210484735, 1.4099877060871462, 2.1253040822389404, 0.9426032752243608, 1.268953934536921, 1.1574034047294195, 0.6716639640549165, 5.561414604728839, 5.441061599109262, 4.682194075094873, 3.0272354994900272, 2.806127997736662, 2.643169538643782, 1.7560666378287138, 2.238010791240749, 1.9393875344989768, 1.4103698929412034, 1.3739836882043424, 1.3319649728145697, 1.5737338729616714, 1.2433048108715177, 1.6915221926721564, 1.4573176766848062, 1.56919684553169, 0.6841757290667133, 0.8316996332502957, 1.0265755859671284, 0.6265772358732037, 0.2355806376743756, 3.4970503514450924, 3.48277451264028, 3.0593197311051874, 2.343055688845572, 1.9146942896472516, 2.154259426209008, 1.658254782717694, 2.2865972995841837, 1.6760236694428483, 1.6321252024690571, 0.9248935579014811, 1.3355273642368104, 1.2771250270988095, 0.7705906804486845, 0.9560707381256732, 0.8988350520704036, 0.8832764800809331, 1.0816296057935546, 1.0976161449269068, 0.6350383447448279, 0.6108006701529344, 0.5715887657303145]}]