script/wind250m.json
{"header": {"parameterCategory": 2, "parameterNumber": 2, "lo1": 3.000054539987559, "la1": 64.9999836372058, "dx": 0.5, "dy": 0.25, "nx": 34, "ny": 52, "refTime": "2026-02-13T22:00:00.000Z"}, "data":
[rows 0 to 23 of 52, columns 0 to 33 of 34]
3.6742566413504814,3.807965468124514,4.043192221979319,4.2975159747476965,4.895972189574894,5.0912814669731805,4.816718663237209,4.7460087583666315,4.942960913415489,4.462207019489105,3.9456396530981137,5.330475312498861,6.813026548039928,5.423692877344552,4.670341879736879,4.664540253583205,5.997395844037527,6.599121439564267,3.091947574949514,4.001355431028784,3.7315953668311477,0.8266044643478098,3.029288790684447,6.698250859303901,5.698845717285179,5.2418671668586025,4.36522219739771,3.2740571956496463,2.3544629756129294,3.2969154773307228,3.9389975739774727,4.67090885956976,5.241247532475458,4.96332709934226
2.475796660510735,2.4417244943461114,2.704832670101295,3.247407898707066,3.5989995325352715,3.6680921536558966,3.6833540087901753,3.9229957528555603,3.195506632307209,4.93636064667257,3.6030869848715428,3.78165523619227,3.3442149876518705,3.3306461068235356,1.7866990530166271,6.899664010980743,3.5046856265130835,4.108999940697892,5.0713022522375315,5.332060740359918,1.872945119989546,3.389234610054904,2.210197674906521,6.230261504168951,3.360004720198189,6.017387586655472,5.979832392897973,3.9809328138146576,3.9749812495076293,3.566842447819764,4.113226827579832,4.171938062993811,2.934194626115221,4.724904310286817
1.0874376431225532,0.93105116263767,1.109788626988596,2.2102026119255256,2.4057513376156403,2.5151897821740308,2.8567262041076082,3.013100719831459,3.024108500858055,3.7090453226816575,3.7248822418530367,2.901785694844979,2.7291169063302374,7.247262464051919,6.972079544208583,5.658126044154788,5.836076375415276,2.681082054226367,-0.03923655822560587,1.627717161334376,5.0028090240807215,4.281452987385732,4.9540513575005525,4.252587163832496,4.3821342858427546,3.519177779817247,3.626552697926877,2.052667659783668,2.5368718618717483,5.049655435528953,4.072433187591123,1.6914545136667067,3.6408785284220238,5.349184851110211
-0.9108790220548488,-0.5236818968111089,0.25662438235018487,0.8494828206103326,1.1396034889205318,1.741969322314114,1.7166639755019253,2.011078710230803,0.7055550611136839,2.8316922369276623,4.016099643965145,8.010246223748272,6.733082517458135,5.3773056354734114,4.244732124542961,6.258838163132075,4.064089082409553,4.2117628611627556,3.2445370588961713,2.480542064412851,3.1836186532820285,4.467061922680397,3.901758006714099,1.8049594046100865,2.7089337662611803,3.0413591036078778,2.6325890827502247,3.3055440607755635,4.663436318837131,4.768805008527686,5.70000410739333,5.308715805596845,5.47188431532724,5.460185445452215
-2.160805152052734,-2.968094387657618,0.5833978872311524,0.033176617592443336,0.17623254533935456,-1.0469652818550992,0.6979759555997234,1.1705968084066807,2.449645901797672,4.080491961794714,5.048103060579657,4.6680158526983515,4.256169076941103,2.691216481405178,3.2094752242972366,4.258252344178984,4.903627432248163,2.0102027554142796,2.570339843345603,3.498282895387148,3.474112401094629,2.5020385527185813,1.2897815963517727,3.709838947759136,1.492140785685433,1.800763826029587,2.688832405697341,3.2711646331316584,2.561171037995466,3.766831375727906,4.374254777196031,5.138698508757264,6.60052370039669,6.846752416812192
-3.3540578388493287,-2.5963733746077002,-1.15319127791438,-0.8256031861151367,-0.8623575182476506,-0.04150442503957547,-0.12977964860149674,0.06968870458238148,3.492676062154368,2.832324755131138,2.276331117951074,3.2930570042314895,2.516908256955078,1.9943728825749483,2.0223265095351546,4.579961296346494,2.144977472761509,2.82947458064246,4.136230625969529,2.1835327990636437,2.4014998191505446,3.2936630677814214,2.123538092161535,2.109688417563376,3.462582346173244,2.7265703537263213,3.592455133904075,3.1906150268522224,3.5071839716272364,4.300278605607783,5.727012852399113,5.417442384734241,6.140880528498403,6.24523023759259
-3.49668883307896,-2.499244759255091,-1.9197864208691728,-1.3320020541648423,-0.12365817301782998,-1.366397506154039,-0.09260093074011239,1.6308016513372243,0.7265304234034169,1.0604301598506893,-0.17867720111939353,1.3790764228196237,3.340532047062408,2.2812448254622626,-0.9578576134859015,2.0471294234816564,2.040986579970046,3.4746418216005126,3.5902427674053263,2.96957492915097,2.0987461476727534,3.166870322556161,3.6392166492446503,4.535295428324533,2.8663176176562075,3.1740401125051925,2.96881333145356,3.464434460532102,2.812315610294528,4.8510372624804905,5.563769888980921,6.173911372712105,6.1959819598036665,6.179752315857025
-4.300211193210259,-2.846605433321635,-2.305472042876314,-4.546594783826462,-0.4324610791039389,1.1248287070158935,0.04084137243285427,0.23626897809969521,-0.10527625514571053,0.5415611543816218,2.026046437564659,0.409454969561153,4.247683077213944,5.662912680067061,5.4797384683758645,4.020125267787581,-0.15587698462102587,4.509995268668274,3.5592595171361245,2.465446356121897,3.5619644175043814,4.406862335257956,4.3754259515826055,2.9597000035338064,2.1250272778132504,1.877678957597563,1.9062667771890482,3.3277991565845584,4.655324163913408,5.2261614287463996,6.966403612240566,6.2274567133813745,7.0740320496401266,7.859899376711774
-4.296438181817654,-3.155874712324646,-2.1061621998579443,-0.3489531631757938,-0.5558999656342165,-1.5374883722716903,-0.7918169859676433,-0.058877499817829144,5.582644144637568,6.060109942316647,3.6807467553832787,2.9841546938528163,6.293786516599448,6.350047586931236,5.7155611878054655,1.8177689815355995,4.268320932181554,4.448337991168251,1.96893695807336,2.964298812274891,2.370222313104018,1.6311678477647384,1.915251899587967,2.1219033669240406,1.99788309159266,3.027714195676129,4.766186626586421,5.438058155518217,6.540055047394459,6.814439547916111,6.695571913932749,7.080415384472771,7.455972899326311,5.677461826146641
-2.8064560241361067,-5.513616830966459,-4.764799092120911,-3.8942445687405463,-2.0145700443987202,-1.0098820496132257,1.9669278153806564,3.6062851279069754,1.1607413380064497,2.536797252967612,0.00619294129126927,0.7892700503565382,6.149168037691899,7.047358213223221,2.5346117859147563,2.3722391838434786,3.988627584252241,3.024933003903044,2.753036220963301,3.207914060432542,1.623224088334755,1.1660768554990377,2.6971631509547205,0.6948985171246875,2.8192107130830673,5.628006699662363,5.031339593272597,7.849247018944809,7.329760445234614,6.401865027804288,6.642205195453866,6.23129653799689,7.139069151690021,4.525428845354844
-4.118851714750864,-7.167832535334396,-2.9976179891629573,0.8552867541530749,-2.426483041073735,0.8682333691870046,-0.7959697412856312,-1.4719923836499027,3.214484972369715,1.4383408997818408,3.2439249206827534,-0.694286569690965,3.49413902115437,6.078969688854239,4.990556145626073,3.1878149790030466,1.8761364686789297,3.847963769074373,3.2928954300713946,2.4280605434534905,1.6201942792744988,3.3102112517742683,0.6988495914179622,1.2532742553372418,2.8795785404679015,4.756665744043336,4.909085204530145,7.671243977567454,6.613516187946894,5.8729196463627105,5.867996476644772,5.223815114662095,3.6494601587741142,4.6891489245797615
-1.3257610429288778,2.7735001109850836,1.1670553073794219,1.1837978041056545,0.8039678777594921,-0.35821268602285905,-0.3482027595830667,-0.6869664607719276,-0.198438006300331,1.6486006539520022,2.2298439336745806,2.8861017649474716,2.4724493853237304,2.5403108666385905,2.3625747496190277,1.352837514650119,2.2407282415924636,1.9982726894169174,2.47914872227262,3.203032057399188,3.377480487643443,3.961556711941947,1.4981452533082786,5.663115399229717,4.769320412011386,5.7118839250689515,5.996331295223889,7.015749561155346,6.612740211496909,4.3786775933555715,5.008292470027652,4.409513244994495,4.0662285708246415,4.030685435825283
-0.8159276760508793,-0.1346042376699798,-0.5853739506316389,-1.4341580034452508,-1.2053043143652649,-1.3690177562873425,-0.3803879950677421,-1.354205847957702,-0.7688363472259738,0.0031856021052262874,1.9481382966098255,1.1589785527390186,3.028030704792555,2.3341958317490143,2.499538417528352,1.2331272764676386,1.7872680713066922,1.8891380416296606,2.557174667286916,3.2290086813786445,3.8187563264064064,2.2036059479545105,4.355546481662304,6.866248646493129,6.20149613485106,5.720081665031017,5.321647415479784,5.358754440911788,5.765531727648413,4.839170109980508,4.970958662978834,3.50222306525128,3.0434119013167003,3.147065359556691
-1.4268126826674299,-0.846438501542107,-0.1305823370081826,-1.4986897866164766,-1.8361383129378783,-1.8424291002690998,-2.258341399011072,0.11524130847391274,0.24546125051815257,-1.2460800619472667,-0.34242842040549526,1.312133964564281,3.418759952562806,1.9765994072222641,-0.04697791037459317,1.7335203264249268,0.8555762021364197,3.067985546294875,1.4151933353696353,2.4460414433197,1.6151557346312526,5.103142447654055,5.951444772482385,5.451464707935317,4.220681542904829,6.014030114482343,5.145429956821253,4.885499884412422,3.1619364567538732,5.1171617374620215,3.7704235871110967,2.651246568999688,2.308797739907929,2.0156973978080472
-2.909900069234938,-1.997047814931944,-1.7265408474180979,-2.4046669012922064,-3.8037626691638655,-1.5775598846895067,-1.3633726249246145,-1.0408947595574707,-0.39878675354721704,-0.2918672918717944,-0.1991160010175939,-2.1966274016730436,0.07273649918476333,1.3717157753661902,2.7574862073769792,0.10496407547246085,0.7656115529858674,1.5290421457801024,1.2991719457024,1.1297209453905293,1.1664557144799614,2.600404647171286,3.8587314423659125,3.9922728642823437,2.953859447960382,3.678122068808199,3.3649255997848537,3.4540455667917436,3.574739610719251,3.8280728696779436,2.077831887644183,1.6729649063444403,0.9023770431533072,0.21059064914098066
-4.148939711035195,-3.854324679011179,-2.413268140711076,-4.1484080631390965,-4.040510946680482,-3.0844387783297837,-2.0291678763390752,0.46399250245211227,-0.5030837028184609,0.2495306602076473,0.8426092496520198,-0.3059913569748644,0.8136093159778038,-0.8472765308583051,2.2538276575137868,1.8670071980251215,0.1919630008269872,-0.23765911440584309,1.2214722042882444,2.5479163524106854,0.7736341537831772,1.5114820432331662,1.6255784773910202,2.189512290063527,2.677237588178537,2.4113996763049537,3.0647243821657253,2.1868115223323437,2.3678504906003734,1.4676524036024567,0.8436700347560886,0.2005866380125058,-0.6675048976316654,-1.2457515611596761
-6.590591246254435,-7.652629420611048,-6.456165952347944,-4.435993814376012,-3.226640743351624,-0.47523587557234126,-1.8986260799948889,-0.1590603799238989,0.3254976991042454,-0.3356650879288966,1.0430123688951114,-0.3874829502567165,1.4254315459883633,1.0989550843046514,0.04294241665366431,0.07316088996201094,1.698401140729433,1.1499346979351404,1.396081038182952,1.039937767905123,2.1815308220591825,2.2258804640572887,1.0190247051013672,0.5762731207018209,1.148933687799676,1.0794833436025046,0.5275799420596186,0.04471830344639965,0.2889665854577508,0.1675012444103214,-0.4839744768717401,-1.3029345931385208,-1.909608754458477,-2.2228336511334694
-9.430508439459729,-9.130869448083644,-9.123735287930158,-7.514706829619106,-6.408753901999171,-5.044462866394809,-3.251007765423941,-1.866470567695255,0.48126226215649176,0.22387802116094294,0.613792547822984,0.5328346931508913,0.648333921347949,1.3860270093162317,1.2530777802120774,1.1006377766260405,1.1408892589779733,1.1127818593160983,0.8918501982265241,0.8708183350231673,1.4123874011899513,0.5965658580315398,0.7146391823289304,-0.06619067754728881,-0.01887151980013456,-0.5767277521946167,-1.0514441411641133,-1.1196648390260582,-1.2341172508571447,-0.7231177894884698,-1.918944044527493,-2.683903001979682,-2.806901277646386,-3.365143987097977
-10.388472752478199,-10.960578050071206,-10.67155021451604,-10.119868119037392,-9.74077463220633,-5.021154267429237,-0.7617366735678371,-1.9636061151494646,-2.9915291465286216,0.749284332604641,2.3112149350586053,1.6804143273117207,1.202292081509963,0.7619783409824439,0.04968797302314116,1.0052117576260533,0.6943249712716015,0.4488079201373014,-0.3189526883217304,-0.15992706431708537,-0.4542532469596369,-1.3137859498348352,-1.3427431332463668,-1.0212119756896816,-1.3036011840178352,-1.572163036934975,-1.8608120077407968,-2.198705959381581,-2.69990344205043,-4.167533053225246,-4.131704588801513,-3.891290877871792,-3.8520844952859865,-4.71041532697465
-12.45352181332568,-15.418348330320656,-13.870044165876232,-12.138299445203565,-9.11292312947589,-9.44295128159987,-2.226711184400101,-0.18549489440673947,1.027948770165056,2.213122734205994,2.2475113347818296,1.1899741524566225,1.6649240572831343,1.1638160211417763,0.6880105658641138,-0.12967887426280653,-0.6580435597742057,-0.9464846041238407,-1.1424211795051138,-1.8202037829308786,-1.8729886140237817,-1.6400136163113275,-0.9452969273116514,-1.3029451835428416,-1.6466164117323534,-1.8537715614441022,-2.048523823295835,-2.395366425957885,-3.2345639365944963,-4.605939129342341,-5.505364801384066,-4.931469778079711,-5.971381965761013,-7.067521548830651
-1.9024904247915153,-0.3277312827127662,-0.371621461496071,-11.3440038186348,-11.837316141813924,-7.968004920370667,-2.157576182209225,-0.5820852896629579,3.650794247534203,2.6581290609635824,2.1759949893210617,0.6198038834904828,1.1684427818678178,0.2325939554530249,0.79775203497741,-0.9682508894692814,-1.4819802815106897,-1.2394248555976206,-1.888844566331121,-1.5495412947808056,-2.123711662356124,-2.206829496336458,-1.0746688982686472,-1.0419911279029526,-3.156575181075528,-3.1556354179078583,-2.661741588905257,-2.9825092361607575,-3.5042970137764913,-3.69369798154911,-5.193418851491147,-5.17350299476304,-4.763104812002573,-5.607731513854866
0.8409567807026126,0.5945208316463467,3.3017044188468736,6.1357184345204185,-10.188133142042886,-6.181640382995576,-4.213049849637084,-1.2598944326639674,2.077885353965498,0.813602104382,1.4030149797667923,0.9394193162385107,-0.699718674730626,-0.6154904146435088,0.6724191526885632,-0.5140141292354321,-2.756127557607406,-3.072225473336718,-3.0517110118907587,-1.0865855730071667,-2.719638114197795,-1.0063991184416248,-2.5619370779387225,-3.3867909523036337,-4.0682068757356635,-4.223556267762257,-3.741311775805774,-3.1976775724262274,-3.9650059340291763,-4.151842602708951,-5.397300259628496,-5.234557549536138,-5.483554826926182,-6.7478082453935135
4.990123284575903,4.920836988172541,3.249979177249893,3.372125603927543,-7.8644366940939205,-6.511060084644849,-3.3589786404887416,-0.194094997190728,2.7899206250905633,4.097062254800308,1.0419567831870296,0.47275208235580274,0.17288637113796532,0.3552581434945199,-1.5629979983221929,-2.4692361998322814,-4.077562795094949,-3.71596122312224,-3.2768590439590493,-3.0771430451830457,-3.291693218388759,-3.5720653285813406,-4.5172356375884375,-5.159755579527304,-5.0485205576818,-4.701676116774707,-4.242147208291757,-3.6375851518452755,-3.5666112512718633,-4.227635611875387,-4.818282829607314,-5.631228103772149,-5.8544638690675574,-7.010503124443227
4.97265726360185,6.443851254500623,5.140317074479742,3.639539806652762,-4.056981629401119,-4.001855107177809,-0.9120617159404889,1.8680455380741436,1.4855639922517123,-0.2301420854668996,0.6227207628144756,-0.1251755147787783,-1.7391367629873173,-2.217079887963245,-3.011033349328339,-2.62205445153831,-4.183036847799138,-4.525658174401966,-4.927880911843582,-5.035246434059888,-5.5152134260510755,-5.775014112627451,-6.42421007160567,-6.077160266961824,-6.188866143442786,-4.989092539294092,-4.163776076947773,-3.8033794524941715,-3.302903035493915,-3.8808750708128863,-4.189275631198658,-5.0042360071448515,-6.678740908764312,-7.784128238116086
