script/wind50m.json
{"header": {"parameterCategory": 2, "parameterNumber": 2, "lo1": 6.000198445256149, "la1": 58.999992894266676, "dx": 0.5, "dy": 0.25, "nx": 22, "ny": 24, "refTime": "2024-02-19T10:00:00.000Z"}, "data":
[rows 0 to 23 of 24, columns 0 to 21 of 22]
0.684810822277345,9.358361156693158,7.436905381464134,6.722689159707234,7.301899903568364,7.190565800889278,9.659719247116,-0.9580927979533895,8.932849672029576,4.909227212684022,2.691630748054629,6.116709620300446,1.8912657367989234,5.466414783444245,-0.6101009043192279,5.588536983950818,4.744868959307139,1.5528436661219227,9.05684853562061,8.049196888256226,0.47670336763448656,-0.33658681162596465
0.8549121872892179,6.851568212568459,6.109903061981932,7.328938498696744,7.320585991491135,10.376148866510123,6.746684447073782,6.107486220348653,8.084126236708476,5.3337389586248936,9.139007961475883,5.535657443784295,-0.7633277061034809,5.317722122200283,-1.2484112282848223,5.6611903714774705,7.472603859142591,6.861621737538447,-0.4134334883266959,-1.9563949561105876,-0.943422370777951,0.8461156786478928
7.7914431634222625,7.367534453413604,6.34644825133531,7.1953356311056735,7.484203688991127,-0.8698045989490857,10.102356731306532,-0.49321360339673426,9.109802412516943,9.871186989972564,4.4465616166845265,-0.5406111895350265,9.23588655037518,5.690512724336829,-1.502493402851235,4.049432513873009,6.279671854297377,0.887692117163581,2.457063614134794,3.375539987231602,2.1587207128244543,-0.6122946070697937
7.999556232395403,1.9989344090707823,7.036649252116996,5.751954351627413,7.211616191463633,8.25874662285518,9.287215409436259,5.051033508665731,8.757696320750336,1.4705437290102765,-1.6085994564460766,8.613368848432334,7.183520399197719,4.954755826276112,5.8070499915009846,4.08058739706627,8.107237205794489,0.7275474051816423,4.1168362128006715,7.556496345155171,8.417522421757191,1.5276370730765108
4.180764685538844,-0.8059893610029543,7.5428111329229255,-0.5627320576346102,10.865514418631165,8.576168188884374,9.921387177983101,10.456038350511987,10.10428139778518,8.494210260288664,8.60174752372799,4.87671626164394,7.138669101070677,-0.3171940252142864,5.5097428560515045,4.3464421113931255,8.944396675614781,3.1357237340923434,8.451115125699443,-0.7085295864669087,2.41971603709695,0.8616901078852942
5.314924680254626,7.980680376794988,7.645515458947141,9.89473773165651,6.319861602585503,5.744654655713835,9.789112750370702,-0.9235469625956405,7.68293650528978,6.087921072179234,1.9040815033017822,1.7169842454369673,-0.12544361011740437,8.2483490098705,6.850434719769474,4.063365889109772,-0.462646853862784,2.739814148198248,0.17378426966184662,3.090438575341369,0.8258441443184459,1.7511222108175986
3.112706956542336,7.175124809389556,7.315185666952083,9.22383346469763,7.702379614255158,-0.42781350374038246,9.899706883754593,5.503349406435946,10.250865450917667,8.425021424402427,-1.110597911198137,8.801940879803425,8.229662627805336,5.55660483898994,6.420796215407796,5.49674764523199,0.21635014347043546,9.367840969238669,3.1752259284441045,0.926910541660733,-0.29500544644296056,-0.47016884247156765
5.7169983372174755,3.776262061433285,7.27258278914113,7.533278605444823,7.359475414880807,10.166226207045943,9.035800250313438,10.41662561411147,7.902607546591432,5.875122567743202,4.7492885611505775,6.000074650330951,9.317345652650287,5.828636082132253,2.7574158242555624,1.3662661025008271,0.5257632975943537,8.99308506654604,3.513783275092851,-0.8974187974417102,1.51616076278646,2.177028831354471
6.391699318198413,-0.2284200303579528,7.4553719103153835,7.9228656121062455,-0.7974600997030351,9.699942271730011,9.695618270791698,7.679521696200219,10.898451576453054,-2.0239656986723786,-0.6691020879366384,5.123335483228936,6.521412599802165,2.9181768422169565,3.0330193194316952,4.063634826332456,0.885325685904418,8.113527236906842,1.3671903634501927,2.846776018632265,8.676404516864544,-1.0592113341735416
7.8355466722300715,6.297201914574981,6.904791758995589,7.581060551102582,9.496106609182522,10.438283057422657,11.134734367111381,7.44999794673849,-0.7954442165773368,7.264022227023999,10.766957974125594,-1.737651903726018,1.2007762520405367,6.579170544635448,3.9533779519751775,4.342823102643852,3.366858843316304,0.479916223594178,9.09899399271632,2.1767127996196893,-0.7387638249188209,2.461450902007299
0.4659707011239739,7.70564840726006,8.042071004024036,6.907531467449408,9.831324986404548,2.708288415310784,6.773238816810391,2.2720416456551895,10.531409782038367,1.5886768872695272,5.498752662218239,8.06217574569403,-0.26483650403594416,4.743086365617025,4.306191752079356,4.385386827757345,4.459094566555542,2.9194815783176122,2.440474995286246,7.738364347351746,1.7016671406460353,0.7225386354389796
5.558861580103102,7.588027191309562,7.922680343710979,6.055235154684275,6.549340711250481,8.507943987287783,10.0713432930953,9.424117338271111,-0.49957889355429863,4.508766474258926,-1.4446924892377473,5.242470286953601,8.30355158827983,-0.549350717796498,2.6463525021466836,5.689863255049849,2.925501825683455,3.090944261914511,3.7941318908369093,3.157298380851887,-1.5282721394677254,1.6312572741806897
5.444526254351835,7.020261518890486,7.213882501882857,6.618220750210868,7.236921026524601,7.594239498583412,8.596686448219794,9.51383679215619,7.1472347064497885,-0.15601528962891045,10.938836998165266,-2.0004362189615055,6.0147426559850095,7.947743985556455,0.8923173838402367,5.550740975078583,4.688123717041816,9.339936723902188,2.289033709678044,-0.15407292389651087,1.8143890523132704,0.5651052877403244
3.636107237603264,6.998641316511627,6.669848254377387,6.452451378419578,7.555318324885913,11.498498080559731,5.991448019985514,5.971584003547405,0.18574954279195952,8.382484738745996,5.672182989512743,8.263139551236964,5.6698501318813905,9.317448369351371,0.3839882506008529,4.268491051448986,2.871458556900104,8.68569487372955,8.463861942137493,7.7649937274222225,1.161456503744882,1.6667237802501418
1.8763570216773613,7.569133544530008,6.992529916837741,9.90012135013703,7.050110953016165,5.430879679104741,9.633772967820171,10.24665749513836,5.919163425095621,6.054549006072709,-1.1842644447977213,6.008611011495067,-2.2041620377387856,5.56628814614841,0.35609734807474025,5.047100129957154,6.606208208589022,-0.2522635744666791,0.48297906313848243,2.85260442064553,-1.2274285545895847,1.3128967849120827
6.819466172072321,7.4214972536391555,6.4608965072449145,8.559547379804387,9.746738985145768,6.986952950155569,6.558117498536398,7.046236763451752,1.0350802301636197,9.142047526435624,7.317850208617375,5.691660072804417,8.26985742299108,6.6628301611513345,0.23614443624573128,5.581950920617826,9.014095094612527,1.7427218247509872,2.939796043008619,2.547512909369867,0.3501438991185246,-0.782543024640585
1.4218678177028543,7.7753085356757055,6.840391946965023,7.4600310601210555,6.771999572386425,6.363658916675315,10.287697349136137,7.353304202516441,6.147189970988192,5.198090929230847,2.9088324112810207,-1.7744165950080601,5.613546974976266,2.5074480287167455,-1.6475954353951958,4.304480548735595,-0.8098142720261663,1.173336476315361,3.147465186476696,8.48500206823875,-0.5300077044894723,0.9866816265921239
2.9200724999769045,8.299714297991306,6.9961374356824635,7.616836720065228,7.469567658972168,2.0486522670405636,10.251070229404117,2.8485989061061314,2.6875805504420778,-0.7801957306172511,9.034896284293309,8.167735282010026,5.586566907747555,6.221651636539342,-1.0671334663459313,5.805297414471234,6.564427298421378,3.8855592996889463,7.74820128863026,-2.1611980467527587,2.0924033558904216,-0.7590891863011134
5.19395733555545,7.562854279176409,-0.20535754507726608,7.250524367081883,-0.853704211332874,8.740782673801224,9.44275322373327,6.30453558205735,6.19425760995067,8.213892183381633,8.91020511274975,5.147009838003497,4.738517247694567,-1.449163653654392,8.51984348456956,6.61440138057301,-0.058867646258035616,8.14115623670872,0.421042395213439,3.313605180242138,1.0241605651894892,1.7600531716975234
7.637274551392313,7.804050780019245,0.6452205991268238,6.386850872273402,8.809680592752066,7.180535799681133,6.462326747568201,9.664655049111603,5.253436792520927,5.6424354879625795,4.795119780439876,1.7110715828812821,1.736422373037466,-0.8838119090437772,8.4691249104358,2.0504632276898596,1.6974876200800475,9.343375688759702,3.020166280255942,7.982965487582735,-0.009107016920648973,0.12169922299457697
2.9065084544958233,8.216925248762163,6.034370116582927,7.247588297111539,7.589306694973428,7.360611269260997,9.892652350183996,6.484571900521915,8.976096647064146,9.113038548279349,8.742580503079363,8.93339299743606,6.952627015823341,8.00057394018724,6.429865341937763,5.761017125318338,4.011521516539013,-0.5165130924700486,0.37275959049741086,2.5196039669629213,-0.7822694073191971,1.5374930339262993
7.692799198282828,7.2622764721069295,8.120250800539198,6.639056034651364,7.446180432291646,8.813411607999761,6.867761235668143,9.380525301789975,-1.0469016283891883,4.267116666950695,7.354327739014206,6.122853147175295,6.089451302345294,8.87064855505813,6.875928661035837,7.367663205659865,3.287657793166383,-0.2713586855334669,8.612635778676372,2.5982000727052927,9.139135472110592,0.028964390417993317
2.589076339842164,6.710379711284036,7.489470037324106,8.73605928582495,7.291518528306193,7.009802946134953,9.12942317723691,3.4464213997325737,6.37403522791741,9.118896873485983,6.5299845608243,5.145873634565148,6.773721521102373,5.425839136190561,6.910646779477322,6.686033538174349,3.2971706067585047,3.1834821591812337,0.37447460990306985,6.273965083360884,2.309295098295616,1.3446893964393514
7.777656472488387,6.901474165764144,6.975417410203795,8.293184261054318,1.988409734524987,8.920755814566654,0.6804851804634515,5.739059973826513,0.320598035431544,5.200316933399943,-1.7684817114852813,1.290811965942368,5.880150032837236,2.847643694129233,6.929923819729084,8.830203603821225,3.6942943882119263,1.8218942661482829,2.956265239555069,-1.7035748499687628,0.7084936127418887,1.9044537884669672
