script/wind10m.json
{"header": {"parameterCategory": 2, "parameterNumber": 2, "lo1": 3.000054539987559, "la1": 64.9999836372058, "dx": 0.5, "dy": 0.25, "nx": 34, "ny": 52, "refTime": "2025-07-11T18:00:00.000Z"}, "data":
[rows 0 to 23 of 52, columns 0 to 33 of 34]
1.2813817341198759,1.09214407879567,0.9115907105213688,0.9381945398974249,1.3900842297809175,0.8360406128402238,0.7512509525526233,0.8964009465630683,0.9569754091684307,0.8938180026503887,0.6689394192408616,0.37499208963350755,0.29497562332653726,-0.22973998300453274,0.5527929507958618,-0.16592683189213736,1.1566961569724064,0.497903237035881,0.3893864730152716,0.13003493819653875,1.793765779799222,0.30812671920479073,-0.75723420223468,-1.5310142740131805,-0.4409492246026531,-0.4645059878286454,0.5708962886304624,0.392686636000743,-0.29905772658032076,0.521568303448017,-0.18030274565818713,-0.8946005290942111,-1.3598015520748925,-1.8070536061340143
1.3933689355007293,1.5174250129812148,1.6352580736645654,1.267711699597596,0.8097765587081146,1.099549236112922,1.1093781738619994,1.069596967656081,0.827551982483886,1.1519438093977306,-0.02433956379281021,0.5041070205336398,-0.33812929983081114,0.1790570120228238,0.8716741052343465,-1.0814685803635824,-0.7676178407101815,1.315988918412599,1.212426036794323,2.8385132988687993,0.2782245115679165,-0.2519106587020065,-0.7693221252538364,-1.3898927127744334,0.11463573873839288,-0.09142355497304643,0.29508567388507945,0.784295462091203,-0.15267248963988198,-1.0916628337983192,-0.9168475212905861,-0.6735322475739691,-1.7957240956225071,-1.830639668049976
1.6162305140463908,1.618941264104588,1.2954201780409167,1.1686172450100965,0.6669960882554414,0.9722196983253839,0.9340037555926712,0.665661144444394,0.9836424834233052,1.3288792118541368,-0.2396844239797237,0.44073741783783216,-0.674122176253644,0.04679308965410942,1.1908999078813756,-0.29419916050921,1.173328903767479,0.7927205985041862,2.134895988052007,2.5366836397565,0.021371645556463537,-0.5685577292816242,0.05715022848735593,-0.7795307294673605,-0.3709158174925029,0.12679766322123484,-0.43955193158538547,0.4456053553604969,-0.8872444128735023,-0.9480991990758696,-0.9424344803347665,-0.8190608335540916,-1.3978332259833988,-1.4984171707972276
1.4100016030870501,1.8048761083601457,1.7097227378099913,1.1164688814891426,1.0008565699276586,0.6289354101269323,0.45384314950055316,0.17053526261054913,1.1101347393173944,0.5771840938966314,0.030634714415125452,0.005114289770446096,-0.14016419792034832,-0.5306482282523015,-0.3932738934163603,0.4364680289981055,1.1087864933075269,0.31774702496189583,1.8376227282874484,0.45443623922117127,-1.7316688663123585,-0.6716125666930316,1.334735442265841,-0.6737008641928571,0.9201920279435121,-0.9294431005033629,0.30732179094306467,-0.1803648075221177,-1.1056375405443273,-1.2755691429132106,-0.9769205080517102,-1.3779178868405686,-1.2840975782609743,-1.3815980000805617
1.1501108822418284,1.0729290021211977,0.26108804894800125,1.0189787915541861,1.2155402689373946,-0.19068945396381262,-0.05478751577880373,0.053975211054279305,1.4712724673893576,0.33067964827110735,-0.04951062988608262,0.7539025651554756,1.3803771943192524,-0.9280348773555817,0.8122490249288449,1.5463234704235223,0.9037025520619614,0.7083299193943723,1.0732546206527587,-0.28546341334853126,-0.02636737165909433,3.788134495339562,-0.17025409535454739,-0.6863188573606505,0.21990697302044554,0.468070967275065,0.7296224523107441,-1.1008766157206085,-1.1873421289370616,-1.0683937287033842,-1.252646618168378,-1.1903085102320747,-1.7777908720172573,-1.7623642414211274
1.1135451922271882,0.45524585985845883,-0.3470383973034456,1.2827901282815348,-0.6445196048358368,-0.23210078575699936,-0.03335961747804516,-0.06317808761561454,-0.3164774482438263,0.8658099487359403,-0.6190687416143936,2.427817827530105,-2.140956807017511,-0.5456595285056048,0.16761578344933636,0.7366797192819374,-0.598238126454756,1.445456451158798,1.1763249417230504,-1.3955328553089055,0.8495275852947064,1.9162078637200557,0.5504648480844584,-0.2811657048074562,-0.4213994994312817,0.0008702658170569841,-0.2191584865230736,-0.788377808485074,-1.9498940146562644,-0.8864068065890496,-0.7637419303892345,-1.2226257445611572,-1.6823091706566957,-1.4431289387862496
1.4397863059333822,1.1994495470594253,0.8925455899407398,0.6359166042159704,-0.44406078276548977,-0.553640549727144,-0.3665497414843018,-0.5349576162247681,0.007691874743178118,0.06266733082690598,0.8838793505297872,1.755124814352448,-2.0063343817402375,-0.42854222473627673,1.2812422938615868,3.3665163788401453,-0.0893644652407894,-0.15562847251943449,0.5300995233566071,0.9067631599813805,-0.02709248488388243,0.6190677259290349,-0.09878273960094605,0.08408288586540186,-0.7185102495419933,-0.8412709965625608,-0.2828775803962338,-1.2088902182301953,-1.1420003306637014,-1.0176575544283315,-1.3795759173098712,-1.7378302201913345,-1.345210679940949,-1.921463473701826
1.2078400737227835,1.3497088258708134,1.3902928757790687,0.4251410726373713,-0.10354963383401847,-0.5160835615056079,-1.14142695380806,-0.6166071107292411,-0.9094005270677027,-0.8808519594151599,1.3512258480121166,1.5881571761880957,-1.2503040937967869,-0.01972915939425678,-1.2502552767105086,0.7162430579625644,0.052132556925797095,-1.4482114128540318,0.19713338046453105,0.5043467791080696,0.13082481739506763,0.3391123545852808,-0.27150222108444333,-0.9875761567024425,-0.07114553772502197,-0.6638483537001577,-0.3333809732097675,-1.7499797105784358,-1.4379537310809167,-1.0474717654134735,-1.8670405546899849,-1.3451769423177264,-1.935579329884139,-3.1986591298936218
1.1110602421887206,1.3178686507236685,0.7715606223345239,0.2513579808992735,-0.46980283053946625,-0.6523054523775137,-1.6010889845933207,-0.9789175721631631,-0.9163496198658578,0.12793696453093903,0.9714958937713616,-0.5729929399329102,-0.7941305974073328,-1.5989164297387213,-0.6610892400726875,0.7004240654244905,-0.14299737263078213,0.9096751666027821,0.5130291373868527,0.31248093062482923,-0.20853800503364825,-1.8937864894803995,-0.8195327539090911,0.21815648739217766,-1.030494235499472,-1.0792801180407294,-1.3314619741504596,-1.5595300877238145,-1.8062289218075174,-1.6773048858391912,-1.5272317944282328,-0.88110519304607,-3.2631374424688206,-5.87912644797455
0.5937874723316713,1.1796270430153313,-0.660299010713607,-0.31084229313869793,-0.8961279952949918,-1.3424532183944216,-1.391160603211088,-1.4947193378811428,0.603045304587642,-0.6514139200885035,-1.4624630813634867,0.041830661516663044,-1.9011287335344003,-1.3621323148203874,-0.7316855123676815,-0.9927380592866482,0.5358838083661006,0.8731109556652948,-0.11755399200531969,-1.0269338670314214,-2.041510177713954,-1.9856548496463842,-0.8596166006099091,-0.8767516595995275,-0.4683678830230895,-0.808098348695452,-1.2833272550916257,-1.2117877860893504,-2.1187599857855957,-1.329862837859669,-1.5714185948298574,-1.3144084368316098,-5.617475775882397,-4.9771004669086185
1.2458970409560952,0.5608738378578081,-0.4558439342194868,-0.45831554957276477,-0.48412972603808857,-2.3453017637375297,0.3143273882537716,0.4751604696016369,-2.1918662521311982,-0.6535903605096277,0.050563611653097314,1.7525114786387321,-0.6883360759137892,-1.7018212475278078,-0.4016406028031309,-2.2521863236882402,0.489177493900784,1.5578426999073582,-0.5641154010723526,-0.7273853065284468,-1.9097435642044678,-1.585057586645355,-1.7525659526935002,-0.9420138088777126,-1.7154624756826424,-1.4184158907609858,-1.8416056253476303,-1.5795759898601844,-1.6016817814272262,-1.525942750451639,-2.332710414563604,-2.9782825023868553,-5.140030490120509,-4.2602628689321085
1.0946050940960883,0.5239473670999507,-0.48322084080033134,-0.5444844390458309,0.29101399654773746,0.47913912868354114,-0.2552579358375879,1.7975388422864076,0.8786060905471893,-0.8845889876234156,0.5137582480164442,-0.20953405870427166,-1.3119424802235125,-1.7399769872603543,0.7736281478398486,-0.044494896473990284,0.39280892484339525,-1.3446327886419356,2.1725932149183738,-1.4492209804685192,-1.4672577270145384,-1.7606344270192975,-1.3770891516379926,-1.4468104781452757,-1.296107883948337,-1.3895609045931452,-1.6316416113924899,-1.9314503726766419,-1.3800965527238689,-0.9860744016697797,-2.206711342152698,-4.66759856235349,-4.104536556944947,-4.923838649751574
1.0988673129976856,-0.11914810149264962,-0.007320049341689856,0.33512292867279375,0.5584873367866775,0.44179193737600486,-0.8021868032620435,2.3652420008941046,0.8164729264879649,1.0414528550104114,-2.075978488731804,-1.8639885914608756,-2.042322354245486,-3.9858307422817374,-1.9184285741655034,0.3760536574305163,-1.1366806536071759,-1.6227096938657102,-0.804209821054444,-1.490589406916099,-1.2092943367502598,-0.9909329134354928,-1.7934113790482495,-1.9219651835165315,-1.5643679412794576,-1.5142152348703086,-1.9108845338962586,-1.6760967110568332,-1.175596589788483,-0.47047367952442426,-2.051263166479766,-4.567409776241306,-4.902044287378897,-4.704416109434816
1.2459100606711557,-0.6184841779652657,0.8389194530471732,1.3018555049298326,1.1869329201647663,0.2162312823877267,-0.7114176969809116,0.7267797352552899,0.2684135147423454,1.7213119611157097,-1.0714263250215632,-2.213842349731799,-1.6053590374649858,-0.4633691346400177,-1.140950432052277,0.4756275967604658,-1.6870877308858498,-2.380589697603188,-2.806180544524715,-1.4404477459610094,-1.415102721402292,-1.6577819788283972,-2.21858417635146,-1.9805658941981656,-1.82919132533682,-2.411447764243758,-1.8094242860878489,-1.6519838763830452,-1.3367271821820432,-1.2606371869339623,-3.7925574892624936,-4.211456066681061,-4.848621575355804,-4.165817537915606
0.990745131221494,-1.5928245452667882,1.169131948162792,1.562024392196399,0.6088399939943436,1.3207312248231042,0.4822024219696727,1.5905130613927958,0.18530233634422644,0.9842051349601799,0.3565674891298191,-0.3850900638284843,-0.8370002046310231,0.42540917382318716,-0.3462554793916408,-1.1124882441422699,-0.79954672533616,-1.8359400587810135,-1.347083774698165,-0.7526449185490571,-0.6481358980832682,-2.360951444788762,-1.6990328322184693,-2.3339830540280446,-2.225848021852361,-1.9833340494688603,-1.4896336470140403,-1.5850664564157046,-1.1053275529298499,-1.9071043165419495,-3.388727997532563,-4.652539065681033,-4.34017800980325,-3.4706865650672585
0.3268749762445299,-0.8836697890756872,0.8741669739589641,0.7434107224539738,0.9645203376454228,1.013342610441478,1.3288938174422587,-0.5359211449638684,0.8034664729920806,0.6429828239820008,2.041856480930551,-1.669977144252261,0.8082838308898063,-1.5163670644441078,-0.38474129351325853,-0.6355971347460599,-0.14269759755545566,-0.5594095362056914,-1.0196174802806064,-0.8772102794088497,-0.9224405377599451,-2.480968297882623,-1.4504797495555206,-1.974752930436708,-2.0913752831978987,-1.822186663321724,-2.1976755107887564,-1.6752291325801265,-1.290557050480303,-2.0776605250663525,-3.7896677871908513,-4.246766459648845,-5.0240065385795045,-3.3767017343229795
0.13195715302131814,-0.28987220688460474,1.2436343794366571,0.8422494183060584,0.06682635004055601,0.371411724310599,1.5093131361910854,-0.7822616583280202,-0.07420644665059915,-0.1886758553002636,0.5114030869573837,-2.169623753400757,-1.0098659139114896,-0.21545454449094895,-0.788342628190813,-0.08250375441505592,-0.6500246061769506,-0.40124233268558246,-1.3981740142939265,-0.6676905841647511,-2.17631611065452,-2.4446962491898026,-2.1824940716186467,-2.400762673354213,-1.9626881308521038,-1.664047066192367,-2.316966235743297,-1.9801805517217796,-1.707489844094582,-2.0230863829803685,-3.553537831098612,-4.305488552822705,-4.064388291953489,-5.0183351078111
0.6033381598092731,-0.29073210637701885,1.0593091349006039,2.157240554737028,1.3552048000909218,0.9732340417717907,0.9024884398361526,0.3163068780280066,-2.2414116392468286,0.9355695012890101,-0.1461862846718556,-1.292355778008214,-0.5751004724981547,-1.6547614902747654,-1.1037834556977586,-0.5428493245699073,1.4259102993298132,-1.000262281352566,-0.9576391654538842,-0.7381769622882569,-2.003399138323306,-1.8343231721146434,-1.6523388325442019,-2.222162816165236,-1.5405991891767596,-1.9335646085172975,-2.037582711286274,-1.7195705561627563,-1.6923956455832176,-1.8461735683555105,-2.82190831242833,-2.770455012859147,-3.3855591536315064,-4.457106990580376
1.0163905527421297,0.7220029801308634,1.0790494751788429,2.6947839235700766,1.653038468247152,0.95970449856452,2.070795672281523,0.259976287428267,1.7426972615121095,3.1201936747070333,-1.8067017535449355,-1.3100139079291193,-0.9104469052911801,-0.9491445509125452,-1.3805522163389294,-1.049710629043786,0.0913885978001481,-1.0613350476561507,-0.8317409454516408,-1.814803047288974,-1.7850455628889366,-2.2651182610737934,-2.362442101401428,-1.6887130795520735,-1.6055345053458352,-2.1157932248245777,-1.7955699413068131,-2.230336841980252,-1.5060837520445904,-1.0961971905275436,-0.7122962694375942,-1.246127760045841,-1.5600705881783856,-5.862306795255006
0.8920806953826224,1.511478410252037,1.3255600277810868,2.6641664619762246,0.854605929073808,1.3444277415286183,1.1357926939478526,1.4942122197823,-0.1420040616610158,1.8016442843087788,-1.8904929195497284,-3.182926625336222,-0.6479924381999466,-2.3034664488440235,-1.2268930745882791,-1.2529821979133058,-1.6589023177814397,-0.8382397153948778,-1.0343229006758101,-1.4486735602657341,-1.7435907980838727,-1.9072293913380027,-1.9412742808717791,-2.021780708182096,-1.7784018647797983,-1.8148146799974136,-1.9619575983339592,-1.7496006309211276,-1.3706188439505167,-1.0485845128622289,-0.7877186971372312,-1.0692899341266464,-2.1609817359423147,-2.3544376386824584
1.071543211027076,1.7969054678297773,1.1179509407859238,2.0771419997871354,2.569587480756679,1.2556534281925578,0.7070702403654309,1.3827879277804211,-0.026431637066143893,-2.406309371586304,-2.536221189457061,-1.5965182817588697,-1.1043485852101114,-0.25890262181912177,-0.5594079321857441,-0.769062721566961,-2.1488396703832295,-1.6834634094056056,-1.1936745978430898,-1.9038681834357756,-1.7680414888492983,-1.3702543123808872,-1.6672463844955219,-1.7719141668523017,-2.4314593932367927,-2.394498669085087,-1.9305219108710947,-1.583852290617004,-1.186633957935672,-2.019220538452537,-1.6816463095947618,-1.2006740598588452,-1.8551619553291185,-1.2926081994022787
1.5033648146894991,1.664081412817784,0.8615137450051642,1.879269540024707,1.8482179933418907,1.2257602508577004,1.0425632875811193,0.3916711073217866,3.833781587606084,-0.8043733973191254,-1.6151584199192175,-2.084965136866517,-0.6061633892419352,-1.5699052124740445,-1.4785805780451393,-3.2537515446642282,-1.3705941975092977,-1.6269268284588314,-1.3701282877471261,-1.8143610774848369,-1.283725975312564,-1.9410402134590197,-1.1518978178014183,-2.281364458712243,-2.0381111931119715,-2.4087002910746573,-1.5326491408692484,-1.8103060283484878,-1.7851441326949495,-2.5253570712941857,-1.8628890564261138,-1.3969433189991998,-0.5375905902449634,-0.2129569201617443
1.7623418056191145,1.6600048985695461,1.5925881576016552,2.1533582571583527,2.6555636853313698,1.7709631214277357,-0.1242637359544451,1.6327639695813556,1.312710471476085,-2.9592316912416594,-0.9759907016006523,-0.43227647906384403,-0.10702769302521203,-0.9684533470537591,-0.6808739058280242,-0.7394417246864631,-1.2290753356977933,-1.0511696630784333,-1.0610453358973566,-1.4818597823473674,-1.5977027566830047,-0.46941569951685425,-1.9345794650397614,-1.553410660333577,-1.8406248445517863,-2.1880004993712685,-2.5390809282347786,-3.047702828738673,-2.6466323136401866,-2.467085827024271,-2.0023302939234995,-1.3089365365770245,-1.9036397731909964,-0.747151652870031
1.421228235272539,1.7066879995409503,2.066514298193688,2.6829881307172543,2.51575276267783,3.288411200153925,1.381769362213301,2.27519203181272,3.7924477045312828,-0.2347065746168008,-1.1756378812438277,-0.4072604238046775,-0.7752157254174223,-1.3208151325537292,-1.586347191719439,-0.5925169309740927,-1.8233424497386403,-1.0361440898388132,-1.0593133365485525,-1.736901993289437,-1.7798600225891992,-3.5699663659355783,-3.0194061011407545,-2.0222361299435643,-3.8263008421848235,-2.1385684134453014,-3.0545608259533106,-1.779558363506602,-1.8728709697414803,-2.6868148831739544,-1.9866833161942314,-1.3874541265839129,-2.596867418496887,-1.8421618258481733
