script/wind10m.json
{"header": {"parameterCategory": 2, "parameterNumber": 2, "lo1": 6.000027932988019, "la1": 58.9999434238085, "dx": 0.5, "dy": 0.25, "nx": 22, "ny": 24, "refTime": "2024-10-29T13:00:00.000Z"}, "data":
[rows 0 to 23 of 24, columns 0 to 21 of 22]
-1.269487461524313,4.31599512144969,7.510113138241251,1.9212468807909402,3.3821192117176944,-0.25059883132423766,1.2797955472101146,1.6533877193412707,2.828835137037681,4.955019754252626,4.120183748382756,2.5867139286369585,2.448932807646389,1.6986257662564261,3.344465878119395,4.189593883963328,1.807796601160532,1.9626434431143422,0.6523602517483081,0.10056135932159657,0.40851102719758603,0.056224493665427644
-0.51487403382303,2.9352419556341234,2.011278762355334,0.904389582770933,5.660307001193645,1.3739039265924793,2.049304522033259,6.712410205739097,5.782783694890612,5.781641119535506,4.982563077874594,2.4435314549023124,2.425763485464559,1.0906278714424342,3.7827690520240154,3.335731921256906,1.5330499747607982,2.0454438804537833,1.0919250510607454,0.2846551711241615,0.5767879684326677,0.6552968664334214
-0.7879193702185968,-1.166435756301532,0.4486743647109048,2.181258745338186,3.498146480400651,3.108303667704832,5.20172621071642,8.52510393561493,7.838443905716354,8.243960329937506,7.720346659009189,2.1417684588877965,2.457574622540946,3.5237601080895855,2.941912913395189,2.5479604304277084,2.400975581858994,1.1526046503692844,1.5398997548038738,0.3650701373375361,0.9360724575019698,0.4684118066228063
5.117867728609278,0.5008695161599469,1.594601937415313,1.0482494366375175,2.340654621929508,5.207539691852758,7.029228814394853,7.534217237111965,8.079140634829457,8.2071157436144,7.053861577103759,2.7249712990619566,2.4161026284427614,1.723269207060198,3.030539550272914,2.742240934900579,1.9351106720783093,3.6787661123053477,0.3149259592262637,0.5841212330315105,0.8783386106861619,0.5212565315011187
5.670185367168382,6.259857729342952,0.23126867287614683,1.7433487663014493,5.173442365816834,5.772559748740936,5.710646057055011,5.783459018257196,6.950256791304453,7.018988448721913,5.628126462901757,4.010226559289721,2.2963284029126783,1.6060507696747752,2.3446919067353673,2.280760303388652,1.5603803915690984,1.6098801808444645,0.7922788602005052,0.5331962036122645,0.9243031372859426,0.18249474869374985
4.726056639810899,5.367624321351257,6.207635607986587,7.351474585229014,6.620957246164876,5.84695147734824,4.46465822058566,5.114522270871773,5.699723008700072,3.254064113793824,4.304098752307546,4.420145233119245,2.288548786083902,1.8446636912930274,2.1098123068259174,2.1548560912688433,1.3563387222004788,0.676685481259253,0.38110707021776746,0.7127586535113654,0.7970785805226961,1.111012254421724
5.602191052491957,4.360686837095281,5.16143076419253,5.618789803324757,4.815294837161778,4.967130273371814,5.325053092050767,3.9812441044867652,2.08014427525388,2.4780932294146547,3.138298118023841,3.884718727377193,1.7670381127220385,1.6757328360622987,1.4053500050052417,1.6623885536901128,0.4795525674058326,0.37708720877269863,0.6897122203948609,0.1679074568918805,0.9179743146117633,0.80058439582983
3.7579187634316518,3.8310930154178857,3.8162103663352966,4.17024189388197,3.7668661991485006,5.451427586794727,3.746721489238484,2.0602884740262417,1.3243946808731641,1.765157236941639,1.7760428461484281,3.884189788265748,4.58539688650197,2.093015543059032,1.405099687648579,1.4255433998973759,1.4222587540756955,0.17351886775199188,0.22863440711791763,0.8505375472921006,0.8243370091546612,-0.5290082476622594
4.807310551689113,1.9284238341456443,3.011385186259395,3.516386725354662,3.6913988094128314,1.5615150982332573,1.8183699680826042,1.4047397256409666,1.144664318822694,2.1184497057945832,2.920993538314911,3.242616182600369,4.272341084967663,2.1694495309431607,1.4472748477345083,2.1703358023734203,1.9370880931900487,0.3857946336787496,0.1300806145684578,0.7568186864557045,0.9085461255325767,0.9558019653780414
5.223386409555744,5.251034308941091,5.329231163422372,4.407130531402815,4.2427454030086995,3.106317717240266,2.717567292465429,1.5644817507573805,1.1370094826547936,2.3827551150148003,2.707695074662467,3.3190876894329735,3.3689685180015347,3.779350690986821,1.5687258630008043,1.7049206254611091,2.3204073396735234,1.2832534563442755,0.39559968405994794,0.15563175799068668,1.271278662979093,1.1636950227652632
4.864398421503797,5.331495658186079,6.095390723539818,6.215062526902712,5.811943337879641,3.0300313720087417,1.9704866350911578,1.4610082462572942,1.603526912354784,1.8020028619633766,3.698999250708064,2.5024386119181665,3.559771354285152,2.915435055088895,2.7040261262688348,1.2685473674784968,1.1159393544500096,2.289891965286833,0.6234203051933972,0.6002597386927072,0.7050675977540317,1.9983070490737842
4.478237396129354,4.1933365423711635,3.9095485774940273,3.4637350477896787,2.7624546360536306,2.22186496720881,2.019861615536248,1.8386081860840953,2.278543967131858,1.2871413879352807,2.4718245835236083,2.9631812616038897,3.0561083091662375,1.3955879787433474,0.7458975243527937,0.8061003431018381,1.2524055419564968,1.3470959322154756,0.9606341121762728,0.937120891334534,1.4342732659054367,3.386860199007444
3.6378051872382806,4.803245600313746,3.6441251443974445,2.8021767573616057,2.46467841821417,2.280316929833962,1.857188145162334,2.0318007760911407,2.3215515605207564,3.3982249030464597,3.3565253574438865,2.5081437071173838,1.432831432773736,1.7781804986413723,2.2476574564966563,1.568111712991932,1.314691206194035,1.9103248966767874,3.082771993293065,3.990211780583247,5.596543052006514,3.757360576887929
4.141821190828813,4.236853703774731,4.397663865400308,2.38870731724033,2.0023194683905086,1.6094179321998388,1.9551635576929753,1.2024451193755885,1.541092333099274,3.344226925554932,2.7515818687858666,2.471920465276932,1.7339560413512565,2.036069531844968,2.464663059411642,2.387945648611375,1.9727253621176861,0.8261876698636599,3.038217524492996,3.7318648734084507,6.094390558378349,4.183371781281561
4.9544653532681,3.8822232044502405,3.1756076242671036,2.5609305247373113,1.4585851656892124,2.4805906216061597,3.128304715564796,2.5283455262629673,1.6289947985420778,2.5323233192222108,1.5345539063739106,1.6404167636259195,1.6628617081422803,2.254069211345203,2.1824033154833478,2.4725219226076613,2.6526354685987124,3.402815699921426,3.145770586740162,3.771000198041061,5.033366388860435,4.9815644396175145
5.063286145699892,3.727711679802915,2.4817590724668843,1.932566453457805,2.2702538224831965,1.7592291990526276,2.5342090866574774,2.1780882431352264,2.494066372755122,2.969637095063411,3.062790610624595,2.764280329526759,3.0815043578962156,4.701067310726508,4.785569629320323,3.9672197104754634,4.2444209959946075,2.6334189175566585,3.553184051814877,2.6655934519870796,4.37120982150499,4.089894610939012
5.073974712097091,4.322141098451281,4.8490398684864955,3.5433457690087526,2.302012536677279,1.378452706620216,1.5166358796014747,2.1780841043700563,3.0244040507580023,3.209009707062124,5.072838845600651,4.611052142619978,2.96876258318568,2.8692593951732897,6.421939805151472,6.5469386318802645,5.269070617556199,4.903853047249665,3.309510491855591,5.187261658156901,5.354176986391662,6.2936889417224595
5.008491899435767,4.678860141371449,5.036729122750586,3.6477330965075407,3.8084299854528343,4.147835654227066,2.550502232665015,3.349942544301588,3.9672759395668855,4.595059302112346,4.326265123931323,3.9236708176397386,3.7483866687841,6.603890211164495,8.255907079681375,8.369713598566772,6.535045247185714,5.131259652456504,5.943531567271832,6.056896765687146,6.160184596378139,6.628226813098373
5.404629310747994,4.709366203722101,4.922773981335632,5.123466469696827,5.820379408936152,5.759551794871984,3.3855275473107094,3.3708868064425483,4.049879866063738,4.154409238475681,3.313425235077884,4.712565232263873,6.262718179667378,7.173163673557245,4.93498808247046,3.8902564579295076,5.082686821333246,6.693789917586278,6.25371321416368,6.649411256122018,6.942903252071939,4.1643353911375645
6.338912869737778,5.233870883071019,5.776220747051043,6.8695757202031675,7.168522429568978,5.683825024443468,4.356439136379445,3.2874047982965293,2.402576060749254,2.968491591638074,2.2123440909895344,4.203204729137787,4.829565372378125,2.555201528302156,2.1395495505949502,4.526156737338091,5.061776578745159,5.230186002958187,5.635861360821852,4.677229050414777,3.1735976874012763,1.9963108458674348
6.398426721509936,5.789595927193255,6.193807978550324,6.146797687692617,6.380557755332852,3.857442912564635,3.742938141128454,2.4463158883116094,2.0666236652223917,2.647918022660026,3.122841131369913,2.266283924829752,2.8215316926130907,2.989074938844461,2.9069844279579122,3.2671190433228126,3.2798112449646375,3.891068549010805,2.359698547326754,2.6436807968841447,2.4264087868654287,1.4608193951607078
6.434898789862711,4.876460210770372,3.792022426089523,2.957008098964452,4.964087303362711,2.4915642950514068,2.732012995573526,3.1464408593648274,2.1162701955196543,2.7803730294153444,2.832499348617903,2.390792698081312,2.1579918723850544,2.7722539616387234,2.7559426068364687,3.0203865069534035,3.3108559114217933,3.2689297177146326,1.917756847852953,1.8253644903740736,2.2990261988371388,1.5408225233208424
4.67743773651336,3.9614310951472618,2.7088542903031643,2.16178054096498,3.0773218714240578,3.3421970357773527,2.099775546461579,2.023980586391343,2.5433923833716654,3.0018493388100924,2.284309663079282,1.666176952422365,2.326612734554631,2.199858369952022,2.9204390922621295,3.2216960569621937,2.284324590678692,1.8746619601460002,2.8596296185348185,2.0039435383866753,1.4991814714360718,1.3556421032933568
3.3940002630634827,2.7364006108094867,2.7197612819946793,2.848289176778713,1.6812023534117753,3.2761889113625657,2.8216349725313914,2.595655311318307,1.6435064541301987,2.3713051972120325,1.7032895777648334,2.1800099700302225,2.300234586576892,2.014889471452312,2.184812705583973,1.9794937389519647,3.2263701415046904,2.0799794272819767,2.778128300350997,2.0227352226023623,1.306654664310519,2.513416620853643
