script/wind10m.json
{"header": {"parameterCategory": 2, "parameterNumber": 3, "lo1": 6.000198445256149, "la1": 58.999992894266676, "dx": 0.5, "dy": 0.25, "nx": 22, "ny": 24, "refTime": "2024-03-24T16:00:00.000Z"}, "data":
[rows 0 to 23 of 24, columns 0 to 21 of 22]
-0.029743889328135896,-1.2696815425151178,-2.993105178875509,-0.7034554296337909,-1.2419890980570714,-0.723181792815041,-0.006499794324126795,-1.2243165538445082,-2.325088601284996,-5.658537116365394,-2.568171357693031,-0.9853151355788833,-0.19784371893363792,-0.6490052479542154,-1.4616138031703503,-2.1858256197605033,-0.8217478080301067,-1.798864650327125,-1.9203506682527023,-2.2894773257731234,-1.6898227080167074,-1.174836790454782
-1.8045294651890051,-1.9242590265390664,-2.3826587884800015,-0.30034088692766364,-1.1798055675311796,0.3534826942404594,-0.04313952302904442,-1.396489053863215,-4.76123309455324,-5.571717262112386,-2.1147274622973864,-1.3295293644298807,-1.3031993141320506,-1.887638693187838,-2.5698164949100457,-3.0324284016217242,-0.661845861745863,-0.4981830612925321,-1.047005696479754,-1.2497943862973717,-0.6855485891533212,0.04688331334056817
-3.1609657287337867,-2.5595847738560105,-0.37017410992994315,-0.02409433143091917,-0.5846705385956397,0.06670737597883765,-2.333260949003235,-3.3100458404474145,-5.096180000628983,-4.424711738679027,-3.9850915408608234,-1.462134234197876,-1.435915434313464,-3.2175095513632193,-0.7824183671600592,-0.39013229998574694,-0.6678114020643999,-1.2629798311247113,-1.0280545678693123,-0.7294522386955865,0.04437003121621465,-0.4454814077015217
-6.248026964630264,-0.6928536086474906,0.3785337729430257,1.7783498364896697,1.109401395096673,-1.9388224454266838,-2.5104609965257256,-3.788659632343823,-5.369956732805716,-4.556663661895059,-3.3921322225635135,-1.1848118814368418,-1.6068529138467014,-1.1764465172167193,-0.8315192787735999,-0.3137406542253576,-0.452678339522877,-1.1902003352352784,0.38977986573257883,-0.10311490508747688,-0.2649163191726616,-0.18783715740218634
-4.407972525951697,-0.6429970216553362,4.754271774197609,1.6842154172255204,-0.8549769190918202,-2.085014023371353,-2.9765405895578545,-4.3920390037957455,-4.565821613632734,-5.191364389521746,-4.126352416558246,-2.0472882757845907,-0.7202156434909845,-0.8138934030142149,0.10912788221419109,0.158831315574949,0.5200228747583624,0.10429944739479109,0.16470377851881624,0.049039893474243104,0.12491836954594593,1.0735956197813266
-2.8338844073306593,1.172204064012013,2.0001081255267277,-1.6958031608585253,-3.203472323705359,-3.990991163305197,-5.187361559655187,-5.626845109248651,-5.386321049051119,-3.6870776174610764,-3.5070125309931166,-2.7911366559133106,-0.20428285537731586,0.2036445029916192,0.3531328900245418,0.5627176901813528,0.49505897381101266,0.6476224263296864,-0.075031029481384,0.7787177993418548,0.8187483431085699,0.2522396825261719
-2.6290412051483236,1.52529162776532,-2.7669309661454005,-3.9302033321458136,-4.732855620109478,-5.854997134896825,-6.382643878377005,-5.846411547167549,-3.330269063697568,-2.971496883758342,-2.9534754719192167,-1.4520399345373975,-0.7715062420291733,0.5813823439928504,-0.06390545309182662,0.2130522190211717,0.4398716020199885,0.8577606549053055,1.0782418690333977,1.082150627046113,0.8654556571359231,1.1322887414107106
-2.015420891676743,-2.3620158555442368,-5.875449681549284,-5.560237491821543,-6.2933117271804555,-6.856908681689343,-6.189195929135752,-6.8378609718443615,-2.537809657452259,-2.0043235298607636,-1.4620514706968892,-0.4759656809297901,1.2656250562932232,0.6583113980526537,0.6812269203540926,0.6282170876730648,0.04420829760016796,0.7158639473847479,1.0527328165863572,0.583596572149574,-0.12589729072362632,1.027983173239698
-3.4441680660802985,-5.449634814942788,-6.8552172967788385,-6.538409203655006,-7.583786998687796,-3.3187494460419624,-5.091786818882545,-3.972423671994235,-1.441786341632224,-2.2231189975795513,-2.0195738604184457,-0.616747865401628,1.4888329917307273,0.5366156201586142,0.18287769454548186,0.039019951151188975,1.154255157717589,1.0812734311321612,1.0004496886500907,0.9466746911029525,0.9294998670645449,1.3215032604219152
-4.38493012370532,-7.984765753832583,-7.666562657822152,-8.042624657486298,-8.639520954928557,-5.088531894486061,-5.012472490794564,-4.699813404238105,-1.225990821752273,-0.5470000143518426,0.47270328824442837,0.043076155158531165,0.5510677722327166,-0.21302724897326825,-0.5856536947821043,0.15242488454045192,0.8694742071870348,1.0544230906676322,1.7191127951442997,1.9757245007853403,1.7036556524926383,3.535867077747608
-6.934122230663958,-9.181495107958112,-9.04611848268423,-9.045295148651157,-9.104353107289418,-4.0270242235708205,-4.058769899281729,-3.4680879542363967,-2.3186902103831013,0.7137228364673787,2.281812833509433,-0.10019307935214332,-0.5058342381792952,-0.015179232624830672,0.29138418104648006,0.29687844018925397,0.823693695883123,1.163680384472162,1.9317262409552152,1.967204211046484,1.876510759631169,3.7828595882865894
-9.419924185943556,-9.473186044064311,-9.64578233252893,-9.710329273160925,-8.817450022226158,-1.7775625397254724,1.014869129906306,-0.518467124681115,-0.6397961495118926,1.3882200767274309,1.4919183982559572,0.8159462930873489,0.21202423640998258,0.4676541858869264,0.35479558380822274,0.7845329590797079,0.8392879572465479,1.6552761897964612,1.838651508304659,2.390495308254538,2.7369071894740964,5.248860199258476
-10.255611830904378,-9.958342411459995,-10.385576094937047,-9.782346248988212,-6.449771125677673,-2.4924862215464216,-2.2977567166607966,-1.1568237461222224,-1.8133273373410403,1.3393106572240279,4.399265930275911,2.5353907786831678,1.88324656022286,-1.2898267854964598,2.966720572012752,1.4084395246227945,0.616043547762855,5.017602779345867,6.043883284437013,5.610987819194082,5.379761416715235,5.341321629365165
-10.97048096352422,-10.614644506369004,-10.385281693664805,-9.423277217216226,-7.837394030017721,-3.6335312964155615,-3.498720042087251,-1.3599418252338675,0.4826159143493949,3.4189656816076455,4.300713384618924,2.4492446219758253,2.3070303767702462,2.7363140250969815,3.696405679833364,2.087972655828939,2.043981522969763,4.920025458584249,5.841101591074078,5.219555352466097,4.869988240394569,4.594864608104444
-10.50382776954913,-11.219443398696209,-10.812785077120136,-8.842269331982116,-8.030797930310435,-3.556640254764951,-1.7151479876378597,-1.2862663851328622,1.344574617845009,3.2483247700039324,5.872884073114642,2.902728898088027,2.0536453475708374,3.7037976116320315,3.563916788537621,2.2639717558050054,2.5729770254658746,5.901327084860682,5.1026066158412515,4.848983947317396,4.92775849415714,4.816377832866502
-11.421752420754824,-11.858771812804187,-10.601394573188612,-8.45135123111104,-9.018450188497564,-3.4381072352136526,-2.3264203459724784,-1.626197358220793,1.9122392947484523,3.559877506502193,4.525698940674887,2.7179443060765895,3.2625713013116924,4.807479348518965,4.1840790300254325,3.857699746185302,4.527380342266298,5.018997994508557,4.5060989585307025,5.403853443212543,4.477403406670962,4.273160291022525
-11.779838535343194,-12.002212880344457,-10.845906642618305,-7.878744771362391,-7.277795003866168,-4.089490807231357,-1.8603559917383212,-0.12231703005036225,4.387278725514504,5.16689806278179,6.061533033672596,3.4206723992185037,3.994914790782107,4.717062014954378,4.083204956137083,3.1797047671580736,4.461969064112294,6.149383560470956,5.841342009782809,5.8536657134466274,3.984216862620626,2.626426664063167
-11.629766547835443,-12.199532797453175,-10.33075145312959,-9.686328288401501,-4.880760140575074,-3.680407624827433,-1.5775551174174018,0.6481294811904039,3.131024951043839,4.032454920392986,6.325654654107174,4.610478526482922,4.34184801673449,4.677280526527731,3.2745139160359504,2.464781691689175,5.450942121632221,6.31461448167647,6.304152703384861,5.437448424242199,3.182402586676336,2.1560637633425923
-11.526532390173731,-11.815718610137456,-8.991735156863703,-7.215688601051912,-5.131307418015994,-4.872749149981859,-2.2233283301543967,1.6010619502666286,3.0733618451579754,5.059062544399787,3.933877088998765,6.134357162390998,5.740262258034227,4.067296517626531,2.524932631729325,4.674242338303543,5.896769986828683,6.586500236519319,6.005163596232646,4.746372413647845,5.084741346620253,3.2021505577072253
-11.257516480236196,-11.051540665978234,-8.906886381835006,-7.767492193331961,-5.729592225348245,-5.835943621490802,-1.6863349617537458,2.6669533295001444,3.1334088560738462,3.4520271154836006,2.8513532311426353,5.92668043239709,4.627196179955176,3.1589921178925855,2.9175923294079213,5.790648481900983,6.146608828259706,6.745205405151369,6.301788925542783,4.596468797144474,3.782799727187376,2.487505842462157
-11.016548601805786,-10.762806786742221,-9.662804555590448,-8.71304636010144,-6.451272597884661,-6.690742620065592,-1.3849708142059276,1.3028606302593928,3.2465337962875616,3.150945186490777,4.837457383755536,3.867073364111816,4.773572123546435,3.5405411706137495,2.7597216056171407,4.3752727111868515,5.341266509038275,5.732828358486751,3.2264506723095114,3.85309509530436,3.4849799599826246,3.2247043052514153
-10.58728676950762,-9.535219013528174,-8.841288113785872,-6.740708768511253,-6.653593793179243,-5.689583117070176,-1.0077066053873753,1.8535772589425143,3.5518142478736983,3.3711138358315504,3.5187423816441177,4.827173120571518,4.565019427340988,3.4839373012051262,3.8019356722973705,3.998550850431112,3.6242065074719254,5.181092388052845,2.60775454534885,3.344812741510836,3.231842206388208,2.3968674225338678
-10.136616235868281,-9.517427642469224,-8.108780635347516,-3.6876176665819655,-3.3626550999721956,-2.811229039203304,0.09781636475734672,2.0625511559878436,3.490956232211963,2.8018199828208843,3.1402875632369613,3.941222301898045,4.764591476411448,4.571145017649138,3.8259710000395835,3.715924307404539,3.751160609507388,3.2156650285877157,3.4328221520845834,3.0920722522535624,2.437991636241017,2.631371223736099
-5.78491956216993,-4.974294729545263,-4.174691307661968,-3.988607644054201,-2.7585634944224986,-0.9336509806758345,1.2544896107059993,1.9634928441817934,2.912006683304737,3.058033580359889,2.4963392267689426,2.961769123823257,4.7546038498869,2.772110252732778,3.217367688018309,2.443733878231877,3.2668636312530226,3.1412396467474815,3.634261591228823,2.8931305528790467,2.0303479252224883,3.5553423719223756
