script/wind100m.json
{"header": {"parameterCategory": 2, "parameterNumber": 3, "lo1": 3.000054539987559, "la1": 64.9999836372058, "dx": 0.5, "dy": 0.25, "nx": 34, "ny": 52, "refTime": "2026-02-10T15:00:00.000Z"}, "data":
[rows 0 to 24 of 52, columns 0 to 33 of 34]
-4.980688974052463,-4.840116912602703,-4.06885479378845,-4.510653260842175,-5.5145704671511995,-5.773257359495686,-5.770236361854245,-5.988850718606033,-6.212344029132299,-6.522363477336107,-6.5898015574048365,-7.108040029140711,-7.8498001701249285,-8.414362698614266,-8.875103053262322,-9.685915091186457,-8.215235529698907,-8.867957812535009,-4.7689189738565005,-3.1629702676687583,-5.362830940929148,-2.8452120087550217,-1.053665194188045,-5.114245327880182,2.4880944399880396,-3.0219021844737175,-3.780732750019892,-2.9510556899347753,-2.6123782719320983,-2.2929167258442216,-2.1171650846581063,-1.7015280361105891,-1.8591022099462045,-0.6267130032440565
-5.383484959642985,-5.260730345111376,-5.71446152477434,-5.831272279398729,-5.75071059715881,-5.779264321101375,-5.591479301429234,-5.4902055746168985,-5.666854532233892,-5.386761355182816,-5.428468490525959,-6.507143824062643,-7.477239075554569,-8.09401767579993,-8.633342479699547,-9.211853840411415,-6.950092646473987,-6.673198579199989,-3.0171199408686635,-4.455624712589941,-3.549051967820143,-1.564915715056008,-4.98049094453521,0.48942356072630105,1.355548559973328,-2.4096402634480953,-4.194308910157777,-1.7990987200960753,-3.867110629652922,-3.044213914428305,-1.9908370374678135,-1.0494522404305284,-1.6476859537142448,-1.518366351852975
-5.18956839530001,-4.5145692571810425,-5.211047991691536,-5.291118030694252,-4.72855236884838,-2.6545587953734837,-3.717252105183162,-3.793252780663866,-4.617705590841562,-4.930360710848248,-4.073880191129693,-6.402494676926654,-6.706833321648418,-7.11509314020525,-7.953248242599897,-7.261841068496642,-5.296900968341183,-6.032587990585446,-5.1880339717854875,-3.673564997955203,-3.051420955404039,-3.151127097407729,2.322068087179774,-2.3239374793304655,-2.8402023705312986,-4.042594253711614,-2.57668456031345,-5.379446645669361,-3.7480164697504192,-3.717891313720514,-2.7657184933113172,-2.0398886766360147,-1.5126167143489144,-1.5180054308627589
-5.1044959443259135,-4.864789750756691,-4.941976852298916,-4.971802310485798,-6.279670467097461,-6.106110388431622,-5.154724874351645,-6.4461426114174305,-6.420403533388213,-3.796555454388951,-4.876815333102316,-3.070998777596823,-3.915661084413446,-6.172890426977603,-7.137275959032787,-5.34035316204961,-4.189567236507086,-5.635941124163928,-7.94026341090295,-1.733158018650605,-3.4670122654661744,-2.91013078847635,-2.579830052879196,-0.5398435822235552,-1.8732919394663432,-3.8824388835070076,-3.6384110228546347,-4.397346234287718,-3.8115441398575336,-3.727237255766838,-3.346886817774099,-2.4480602243557907,-2.78049802824489,-2.247406433028863
-4.821722219032344,-4.479073692383693,-4.542433272757857,-4.696393254220289,-4.6119694162372165,-4.402964317044561,-3.8027773614617058,-3.560629646454072,-3.3894776891654574,-3.3284666873645907,-4.00315973682288,-3.909562423426586,-5.158686572445382,-5.2489052425922615,-2.2266922760830075,-2.7470935750815437,-5.94026884259417,-2.3590233844489648,-4.033104650243622,-5.72315934929988,-6.062450316712792,-5.8059711805242635,-3.5743668709059744,-4.665835063525592,-3.878903191992524,-4.12358100461861,-5.2107305059037685,-4.537661629403093,-4.999063407754087,-2.671871708186579,-1.9153650654527963,-2.5507674205587247,-3.5903324932320744,-3.501773229398728
-4.473837206814554,-4.000602462517547,-3.2442382687048315,-3.4246226245221276,-3.4614794874620385,-3.3334220302196407,-3.0982500344915405,-3.10805867809487,-3.1596342865197524,-2.952394384780652,-3.0184038227064907,-3.1029516950303044,-3.6927082485645832,-3.0611516599503217,-2.007071841153384,-3.950311004325311,-3.647456013941658,-3.0172061859959216,-4.384454050739315,-4.09329453149089,-4.056652172233866,-3.941414680482887,-3.751946579251659,0.0907308231673834,-2.4980433626146414,-2.6926817670558876,-4.186631934816391,-4.734975659628956,-5.504778194751746,-3.114270161849074,-2.989680171379108,-2.1032438276353194,-2.791897035111404,-3.64410383363391
-3.2861766178243252,-3.3134080109033235,-3.3464012379123185,-3.409381512513455,-3.547210774064522,-3.4172381997553827,-2.6848178771748143,-1.1083368924146315,-0.7102850608266565,-0.7140866694729558,-0.7863811116735793,-0.8148009933680911,-1.2051660499573358,-1.902197955337946,-2.3867746020134657,-3.7527236366519428,-1.1325458831454174,0.3504072439701297,-5.3288155206711485,-4.3331620968136315,-3.0911370038882824,-3.7230752687270443,-3.6877030662390755,-2.095724199160743,-3.4014687173340312,-3.729535660356314,-4.983294661269681,-4.753530612593565,-5.294797437975039,-4.538645488886483,-2.9665349530418372,-4.127319383098972,-4.904081770080501,-4.084831314750012
-2.8387336929437454,-3.4236001278826986,-1.8090309272761658,-2.879951280742796,-3.0646143484140356,-3.634160200722545,-3.30518213794855,1.0968699255622922,0.31609147407965443,0.18157242211499686,-0.09910640118613107,0.7107362758301502,-2.0866476300222425,-2.823279926499154,-0.3363948349199018,-1.3143380579339896,0.270335467495662,-5.342988283036316,-4.946784935252188,-2.3509679195520494,-5.881865769232365,-2.550254113971337,-3.3096648833317794,-3.215993042925025,-1.5093802160058858,-4.914349034009144,-4.366587616068575,-6.042132978177074,-5.017746490169063,-5.177187939609996,-4.284314362828854,-4.178304995315779,-2.7768081993130638,0.0846338756003541
-2.633239708552461,-0.4729002387902716,-2.2526990395638022,-2.90100848498489,-3.527959922962621,-4.924060560170911,-5.680646872769926,-0.9822457699192392,-0.8755937306534746,1.1341455132819271,0.6281416737146946,-0.7367820307875891,-0.5199712830824086,-2.342742307076038,-3.069723069910231,-1.122660237606479,-4.878676402832997,-3.2997950111926335,-4.743551121185745,-6.617187095418346,-5.843303329858774,-7.105333540727199,-4.998367157358896,-5.778093442465424,-2.618835896988343,-4.0580851568716225,-3.708620668883987,-3.178162127000709,-4.501861581066099,-4.6534983559399725,-3.7718874201040604,-5.339021838057309,2.6065422724127156,2.921959703207851
-1.3235337948866959,-1.602565242630418,-3.5647656716704987,-3.162938598750774,-4.18271689599048,-4.68321253332475,0.46633389910680395,5.117895874275754,0.6065844600370519,-2.5792107458315425,-3.1158354369807877,-1.2399887326379149,-1.8815758840089019,-3.9505874100042906,-3.9683824800591925,-5.407473459649312,-5.17320663709266,-6.642020345177919,-7.149810991489339,-8.43119395669177,-4.901166150255632,-4.292726987624676,-3.6600691517644184,-4.914366395498338,-3.6345792576731415,-4.426655287721705,-3.2539824333149627,-5.077447928943667,-5.367004136682056,-5.306270577112557,-2.0384497105484805,2.691767137239109,5.003138907226515,4.59369531008516
-1.6436751649775563,-1.615021161985918,-1.9065263248530366,-2.112761303099088,-1.9889106692390284,-1.2297511605740266,1.3018449964486476,-0.20807319209617495,-2.2254830370076575,-1.2841128010733274,0.46992709142416444,-0.8324674961228423,-0.12986217180879162,-5.154735153958114,-6.5532848063734015,-6.6649344558062555,-5.601918824249049,-3.6803769308355765,-9.303737297983613,-3.67038088296177,-3.8943019722581838,-1.2897262413257724,-4.250914912909123,-4.965434829770772,-5.664217165015957,-1.6429023017242737,-1.6384214032209494,-3.4155520851861754,-1.3808793463381737,-0.38650656052330545,2.0906206654890056,5.321407309538677,6.040680057423178,5.661839700903557
-1.3651814837446057,-1.6318065826310946,-1.64514436088835,-2.4062801539378595,-1.3644049459900085,-0.28926589937860514,-4.662358089602569,-2.1464189738275765,-2.4183963988863186,-3.294375317735876,-0.01844963605686271,-5.079214196056381,-4.7684127869434425,-4.953099885741438,-6.969191907777577,-7.22530065291179,-4.250355876972583,-8.303965055957008,-6.001226965085305,-4.966892202100209,-4.284914814112949,-6.117737825908285,-2.819698963418225,-3.4412486158862574,-1.7261742124696884,-1.5622753423347897,-2.0286348092890325,-2.375844644966736,-0.4674930216337866,2.7493444790940313,5.326639927523004,6.353484694887509,6.028639047772861,5.761296232170584
-1.826110191679375,-2.2607359274144314,-2.5773867082901303,-2.7899041152479387,-2.703182343406803,-1.3814042997036258,-4.637305710574125,-3.9539922697247802,-2.1331832856846105,-0.43313486413065483,-1.4285915518340384,-4.876124848639372,-5.768732346870645,-3.6043362544841084,-3.401249872087129,-2.3601136146905914,-9.43312416831086,-4.602729193936927,-5.658168389637722,-3.4596190918472463,-4.460541036196502,-4.951089238164888,-4.306339369833133,-2.597684591043602,-2.7848713954427824,-1.1993124276619966,1.0346245269858423,-1.1563641810966652,0.9676747804482195,4.83649659816978,6.330648986515918,6.335291614922704,5.17944966908156,5.046813747970449
-2.5565262477801887,-3.366865771920513,-3.4525592421821645,-3.666499851958763,-1.7889947560645727,-4.325344260586143,-2.9042054318330375,-0.6225081724355181,0.910235490023502,-2.546066542778144,-2.314883016249778,-1.1369224866621124,-2.7189298233736756,-0.3029345387951143,-8.865973079236388,-2.5210097557809155,-7.4691700351236685,0.6257858734221001,-7.993771917197151,-3.964417532749709,-2.8101892829573765,-3.6332036261008396,-4.529645954988461,-3.682341708054199,-1.7016435341497862,-0.5886922306310952,0.7621729245955455,1.018015725661983,2.67183995975918,3.6998218696281424,5.824986392109648,5.312716228979076,4.480268858770347,3.698358123113035
-2.75716841019808,-3.9866449699517914,-4.234878054330031,-4.037434316739494,-2.263010061933808,-1.2955452689228817,0.0805997387854756,-0.5439840281411644,-1.1147018497547312,-1.4476342304631784,-0.5829408058671866,-4.257601396836213,-5.389846372656612,-1.867436216771093,-3.0335302913219904,-6.822682297105102,-3.0528631061391307,-5.121175519679277,-4.796531829265238,-4.985393487846898,-1.6433955081937128,-3.0700762162998383,-3.955178173909166,-2.187914551539247,1.610705530694809,0.5976804155498998,0.7886088651846219,0.8739108481748062,3.008950911662727,5.371935480974369,5.316665668494988,3.9644037783842636,3.8350150124998255,4.425537859365815
-2.222678984706454,-3.300482249739339,-2.5658282137076966,-2.716225344361944,-2.727849229990363,0.10790113724594877,-0.5297464861251936,-0.11485715059730177,-0.48656389578086284,-0.7852432156650568,1.1044127468348308,-2.0506598369979554,-3.1506922615798643,-5.329869855805445,-1.708808538053094,-3.9679904124193177,-6.167945321479716,-1.9807280570481336,-4.372219648716281,-0.9586948120813985,-2.9619273022819685,-3.1020201965170244,-0.8344362221540794,-1.800310262087116,2.312276115249111,1.1160367966495766,1.1645993742945207,1.1164992608084467,2.8279548595610366,5.77351594063146,3.647429181739449,5.17847532696599,3.721381142258363,3.7670571022440784
-1.4100601051211097,-2.3854903325047827,-2.7153850737693133,-3.756636438454004,-3.858323653822804,-1.1290962716117592,-1.6299114966375192,-1.035862435078377,-1.7596412227747071,-0.36006617478480063,0.7942783410640419,-3.2472117634964044,-0.6378440819968048,-2.1419646614732253,0.18570104493352046,1.7205784171003895,-0.6741604111152278,0.4218285366568837,-2.3256463387179247,1.1029313919069748,-2.2159497893765425,-1.5442705125765699,-2.690816224669052,2.466796071029795,0.38468138547831154,1.068650433013279,0.321978882886271,1.9950939769197342,3.1133954069844902,4.788393539373747,2.646354059765962,2.961809989403139,2.5309034957423084,2.637324536961947
-1.220577046879831,-1.9298889126060577,-2.734382616585901,-3.2419368736358334,-2.885459958124444,-1.2270140043326667,-0.22531985989691275,-0.3922699339979715,-0.9876905742182742,1.665038924799687,-0.5178807467364556,-0.47598369819180386,-0.6986946120926004,-1.7831262429333676,-0.40721277499496183,-1.0443553943393735,-0.30097679971937896,1.3452855512381119,-2.8095116517308427,-1.6987711717717546,-4.017103266959794,-0.9337340942396892,0.2574160902285506,-3.123530906314703,1.8575972606349571,1.4837950323427405,0.573718526017011,1.5845121962243605,2.2884790838469264,2.534865768773343,2.0159268087651956,1.8830159795992107,2.5309027445120442,2.7278950886894924
0.07653329849111894,-1.105016127258692,-2.66586558598976,-1.9711892962679338,-1.899357654968394,-0.5570369323967245,-0.5275671852091388,-0.27259189412664203,2.6709194885242447,-2.472779650155043,0.22297555788907056,-0.47197261961295445,-0.8078142161414149,-1.0254864853497363,-1.6719615925975426,-1.0284408508050116,-0.24120817637676029,-2.9545792978709935,-1.3857250648459303,-0.2111960918680202,-2.0224907370129146,-3.2205324884565343,0.19630659676100864,-1.0285345465966482,1.3212896009477482,-0.37971371074105004,0.01824571557734621,1.4692138091767986,2.046372680827193,1.7277521435508076,1.4560076522754262,2.0473433866611033,2.6527561195361335,3.104398187772155
0.3565489500219595,-0.02571282018275297,-0.5642093416247198,-1.8423672553924444,-1.7610817489693766,-0.09117897448300097,0.8464438012383009,0.5163304516829448,2.6058930069123223,0.2992216470022841,-1.4917950756741754,-1.3242365090333597,-2.672227778973475,-2.9841797935468417,-1.5945054998688954,-1.4955165685585394,0.204232301172874,-0.14762540500646726,-2.1756218958926974,-0.7387599351688436,0.8958376980340816,0.9111605918189177,-2.8049758688789623,-0.28489481240594666,-0.4718596099983279,1.2989901975571378,1.4206571177464276,1.2959549006971645,1.4680154094003204,2.0378265551687846,1.3760786957192828,2.1855431071055254,2.0219409750135564,2.479385309557299
0.6628362266647879,0.19597238888541268,-0.7800285284871494,-1.885229731802445,-2.859371896801306,-1.584798970481689,0.38560502703911437,-1.6231583686490356,-1.9796852695369216,-1.2135134827331087,-1.8570626002297577,-1.664292742256822,-3.922230591438163,-1.7353761640805796,-0.24948757078044906,-1.5735360252870405,-1.6789386063087213,-1.3315999378530068,-1.116486636285651,-0.3375427922153425,0.2739189415042128,0.8054083598658651,-1.6993815810871808,-0.886293752477683,0.2045216565290445,-0.2183511000612143,0.8204154888580635,0.812708392850512,1.239974504631343,2.9077444545129745,2.4428615826409312,1.0464362639443379,2.154428843260511,2.0130068331878332
2.1452937562301724,1.501463650090538,0.14611200939948732,-1.1971273628964816,-3.005407338903423,-0.32535727821548593,-0.18568098911898595,-1.1166396859736387,-1.6248249171772569,0.12395007563016197,-4.647205024640651,-3.0444162193111075,-1.1709657044947115,-4.5659538934356165,0.6183612021958016,-1.4099266630114105,-0.9764535617927964,-1.7584875826041733,-0.9950229486467072,-0.038772944797444794,0.21781833948773846,-0.3289856613366681,-0.18014019605982293,-0.0906092942196697,-0.46256878212719255,0.13001673871870603,0.42839792496866963,2.2188433316103606,1.179196198340259,1.1771410595627434,0.256499912794277,0.7950306295784291,1.4428118580465943,2.7752367637418285
2.6028963727556924,1.9301301875078498,0.9148415438070109,-0.674211560235811,-2.638968089359847,-3.6356560625434233,-0.28511385733367,-3.2534197128710716,-1.4559025653415263,-1.9828060256231772,-1.2787466279337087,-3.5259345966473337,-6.517747571735143,-4.435621046376565,-2.137607759277094,-1.8101307174897627,-2.117922996362447,-1.2554483948091035,-1.594898644316719,-1.5124738285666264,-1.5690095808162656,-0.38178273031980553,-0.036452734557744546,-0.2528829659255868,-0.3511603903342022,0.01696551773062939,0.6347644648499703,0.4497487926003646,0.49230333839292795,-0.3879306228452715,0.3194308646698335,1.1657391357011506,1.2472036239687265,2.1035215714201296
3.061171357187059,3.051694420841008,1.8394637235439946,0.0972085676452053,-1.8533410563450907,-0.6534177451711548,-1.4502350814923057,1.4897873655091325,-2.829224017747309,-2.2733332500547245,-2.531964192307739,-0.7706156720429639,-1.967352950512076,0.06334404138790797,-3.464237490441682,-4.649192185830956,-2.9070641284181042,-0.8113689898957406,-1.320568256923389,-1.0025349758050668,-0.4324799579110414,-1.58585549585481,-0.7360744427397138,-0.05966845167295708,0.9717000369755849,0.2753505703160253,-0.176438247728369,0.44005728027557234,-0.6711225207168277,-0.612945766631139,0.4626278858506402,-0.6228902782003843,1.2772357401796899,2.6598989194633234
3.725869579529535,3.06377632903155,2.730579978470171,-0.12123668774986056,-2.1916191716519315,-1.7897751601321514,-1.7904683449345542,3.0655874888486276,-0.9954921499033734,-1.703431951742116,-3.149114301390415,-0.3317342643899438,-1.176485614343604,-3.22524082269998,-4.215673678809993,-5.110748266723216,-3.6273769811986054,-0.11604885134058851,-0.05711119831597181,0.912485394907853,-0.176664907431109,-1.5430774870136548,-2.5770134275307077,-0.2900161568111854,-1.2545966847937027,-1.6745820587704305,-1.6143989046652183,-1.441394924409806,0.5463119665329177,0.5861601605175393,0.9029889901471816,0.9518663542506504,1.7380408714639042,2.697396940172248
