script/wind150m.json
{"header": {"parameterCategory": 2, "parameterNumber": 2, "lo1": 3.000054539987559, "la1": 64.9999836372058, "dx": 0.5, "dy": 0.25, "nx": 34, "ny": 52, "refTime": "2026-02-22T20:00:00.000Z"}, "data":
[rows 0 to 24 of 52, columns 0 to 33 of 34]
-8.901166818802986,-8.76678847313976,-9.194708587550416,-9.545903027536532,-9.914176305672807,-10.296653724973893,-10.526614636666775,-10.65246753236624,-10.659709557529618,-11.039804578013262,-11.335414198923594,-11.188114606985216,-11.144129705766979,-10.975404131467126,-10.225268678646877,-10.003599924035102,-9.182571534320687,-9.013111723953251,-10.386601046575198,-11.040751687195181,-6.451600646280581,-2.0306995055002686,-6.878103758266743,-5.1249784655332,-2.5237074280560705,-0.5018252867426842,-1.4552717922011782,-3.651932930797511,0.4646693669470414,1.7731419340344203,1.3030071980689788,0.9834474541537127,-1.3083120678258238,1.1748593533876668
-9.648594495161218,-9.827684558688617,-9.81236371884013,-10.147288834363167,-10.287880851483298,-10.147544901101075,-10.150193581870015,-10.034138040621825,-10.066905054192565,-10.210032728634513,-9.772477950188009,-9.836779576954052,-10.49885543084321,-10.730841786940763,-10.801063853545257,-10.065362352886769,-9.096793207902573,-8.234157654631119,-13.711178187479344,-9.478646122108536,-10.49659396780746,-6.831359826215235,-2.273724766665909,-5.912119990457275,-1.7302627013983591,-3.043113600956132,-0.61816404889819,0.23026172201336617,-1.4480407991545905,-1.8603667219697935,2.2857691846637267,3.382434801240601,1.5917655922167846,-1.651665281817407
-10.581474873338108,-10.20031102832847,-10.099486797731215,-9.856892670940855,-9.864143341808953,-9.906221528435537,-9.99853015477542,-10.265797773458333,-10.413366664468203,-10.216717866524782,-10.01177274192028,-9.340383069164794,-9.235764387340057,-9.625346019755485,-8.95540832278118,-7.311764942868624,-10.43639399928902,-12.839549900086128,-8.577168727357856,-9.856128916736784,-8.825629931984022,-3.561354998772922,-7.854594157829123,-5.430056587327367,-5.868056660771014,-1.8270800194553993,-5.079696690165947,-0.6909670569534493,-0.5880969813927496,-3.6181254767480953,-0.9421611026032214,2.095293584587952,3.50051862043729,0.8082285796413249
-10.863573929594105,-10.566308369332948,-10.417076369573959,-10.179759909160019,-9.878428226237789,-9.712169776687247,-9.797845892454985,-9.911648629394648,-9.784764741439197,-9.822102350146068,-9.671922040874975,-9.812320997242914,-10.165969225419499,-8.027020794664802,-5.757258446715546,-11.575036624179539,-8.100097362808148,-10.965895634203507,-10.98112769636841,-7.896873662651904,-10.183391752957203,-7.018353059794604,-5.821282815330808,-4.74750436682889,-2.354375367114327,-3.295512320867568,-3.1054914119809305,-2.595026572063171,-2.95609765335449,-0.015395004580305955,-1.2428541592751223,-0.5521990244144681,1.3604151751724285,2.2538542097697585
-10.728594040979752,-10.289802826891563,-9.714371862079009,-9.83474919111305,-9.657143154229887,-9.450346046647047,-9.292228198601295,-9.185611359410945,-8.902895062409955,-8.865082188425921,-9.53658076157616,-9.30618290612474,-8.242729011654905,-8.614001659871626,-12.407255673018701,-10.553435742791399,-8.26461517948823,-7.161806122528628,-8.080112915404793,-9.94735417145258,-9.299004826764635,-6.576600626710578,-3.4813302427899853,-6.458317364531479,-3.513199976859632,-3.8079970862212336,-4.000156900604718,-2.61988425946802,-3.2151697804130492,-0.3641586552162892,-0.5868680009943393,-0.44458747474589305,1.3405120506605823,1.8180309648671344
-9.254228588108788,-9.077411666945451,-8.759692651784972,-8.37239598194017,-7.654339460246779,-7.085730630929,-6.260057539388777,-5.6628006957085635,-5.104591817346396,-4.985469263510948,-5.1902099886602295,-6.011521627815021,-6.628588201568393,-8.439291174280724,-6.364848149818177,-6.259354835743314,-3.1079455719025217,-5.667662908955688,-11.366088849186601,-10.246870888912962,-9.251336729250017,-7.484702192663971,-5.31143338668363,-3.705019067073253,-3.1478798220873174,-3.17925405053952,-2.226781861286645,-1.9204703706196584,-2.9427184014476464,-2.5250730566911166,-2.2288004207753405,1.6063819951421245,3.1326975461902555,2.971578721766858
-7.557689796053972,-7.7142219574774975,-7.296601188702006,-6.822109283797356,-5.946583401191917,-5.5589548874049335,-4.765881159825816,-3.9528302558237196,-3.0716116483730276,-1.8754823773045874,-2.3645463864690366,-1.0890859748079629,-2.848506522544581,-5.001285426392563,-5.818978072142492,-5.018829635905903,-4.152601442532499,-9.12608606010576,-8.520169922742072,-8.197680059367174,-5.887544123987613,-5.461686415465965,-4.658844916612068,-4.038501570793079,-2.7999056059606264,-2.1407011750770195,-2.2969529209671813,-0.8962829438568106,-1.4766074643072993,-2.669589551128011,-1.34784623436828,-0.43419066199604706,0.7507833400100585,3.0699464281148385
-8.207129945145176,-6.970623618258461,-6.540043401193291,-6.269227161427242,-5.79012883049798,-4.98380699635456,-3.9287753474208453,-2.9900818916504432,-2.730043380543395,-3.2562777549202937,-0.07474787462764897,-2.502180463819748,-1.1255959961357298,-1.8936511274357413,-3.5292897744042286,-1.4783682872452752,-3.047267111406454,-3.117574039220061,-2.506705973467182,-4.079053442401916,-3.716225453719131,-1.490249828801219,-2.555839685817515,-2.6535923018935272,-2.0805701196257074,-1.6806509311132625,-2.423468766099429,-2.074886527536308,0.3794917047371204,-0.8506925611785213,-1.4205065207077985,0.4601684929635558,-1.1384396399194647,1.1187566024484448
-9.93792197451031,-8.85453165261572,-8.32688558015297,-7.611019369682257,-6.447555745021929,-5.878099440815637,-4.922103275096151,-3.9582017279349624,-2.9288581423808653,-1.0620143899907075,-4.278803660596042,-3.343614328024307,-1.5705682670577659,-2.4405543414223585,-0.3763591147238127,-2.317128167540214,-5.486482990820106,3.169062190820331,-6.242697900323269,-4.955742269866978,-1.7901686880719334,-0.26050062350443554,3.3198469944881737,-0.21265584914069743,-1.4786355862375806,-1.0011614600191863,-0.9930207421658743,-1.6232979873804647,-0.33618889431858084,1.0207191619047937,0.9730853985419805,-0.6820133401453707,0.6767143766870157,0.11172718624565581
-11.868689402049341,-10.957953834211299,-9.505991963984517,-7.6171504617328,-6.7077503958455456,-4.815700221957459,-4.173983749223009,-3.0775109984284312,-3.6468877078670947,-1.5395702549143526,-2.246318372926484,-0.864480725379259,0.4669916336438764,3.5653591812512677,-5.91536670721962,0.005089038644399142,0.8407663148150047,-4.185014697332466,-3.4020524073234473,-2.108477430757513,-0.5978130421175422,0.5378137689460137,1.7987293352298266,3.6270836338547454,0.90865173026359,0.0788848546668755,-0.6662352693426985,-0.074238707845295,-0.36831281169739205,-0.10477122991631944,2.007443798971738,0.9070941937692687,1.7229485220175655,2.0518835515706355
-10.997300594272199,-10.456906961318492,-10.280879277666672,-8.504935933536938,-7.177650932560034,-5.230630145981142,-4.949775494127109,-3.900712443332472,-0.5633701775663154,1.0270965696072583,2.130191156240778,-6.156822191610195,2.661565285607122,8.2893542004819,4.215693293111945,-3.493279155277156,2.268843363567396,-2.570281047567044,-1.4957612179324595,-1.340622243836612,-0.5066366826467256,-1.9675491663684048,3.88122880959066,1.8427769276877841,0.5560838226632908,0.09844412757911625,-0.5810326954889367,0.2674237366627169,0.08614772152455026,0.4903186575674762,0.5082361057474107,2.3690295528852396,3.8217121938364804,3.0638568563324164
-11.51271996118047,-10.060792916051565,-8.681382187127246,-8.520490468447813,-6.878886921011661,-3.565515643932257,-3.200489411537552,-3.0556276898331065,0.2216464749405081,-0.9448791474208268,-3.707765272596675,-1.9530731225795843,-5.313576725501866,5.421283068278392,1.6307933690538694,-1.3333746799798794,-1.5149976892626342,2.146403456401696,0.17775317758538212,-2.0477949358622416,0.49908012514401684,1.47273790726931,0.7676186612345783,5.045341850089062,2.6369474176440404,-0.21557472450278758,0.6095864498927188,1.2606382561478098,0.7174166099815814,-0.7631202877004936,1.7114575270556471,3.637622434231485,4.659200203759821,4.531280339682837
-9.613254963888577,-10.308499872395045,-8.414274465631799,-4.193216327551928,-4.296319746195315,-3.25549618196513,-0.7301088232746368,-2.3064266363034656,-3.0015110378066185,-6.233717219666844,-5.422881859064373,-1.864544790084628,-0.9786948375374357,1.5868927693271668,-2.1560182511536405,7.0186218819644015,-1.9305115966374098,-1.110205677723509,-2.6693846500946514,-2.121366258763319,-0.8570911268808601,2.265629675849297,3.428367966098068,4.966635917375003,5.3200245389264555,1.1069847190616566,1.217640900126445,0.9486069399461893,3.236344526251721,2.2537091269366227,3.3648942547333407,3.4307970602641533,4.9816006445530165,4.9268056566534355
-0.887411976330934,2.7433038622044412,-4.870514253108476,-5.507627940080269,-4.714086469857156,-5.232865278869388,-0.7845471850833251,-1.117692184258968,-4.020414902701657,1.7573247955974844,3.3896792694201316,5.478078865786829,-3.3180731265257952,-4.577433151554918,-0.109199970295505,-0.05310568517819869,-0.4786322495394828,-1.2017218658227415,-0.7016818026507516,-0.799298725576163,-1.8411116395440776,2.1281754217754227,2.9338807989058284,3.785306415750717,4.154288898740388,5.085067448407258,2.8800479887130748,2.8701752269573197,1.9281243516624647,2.4552768147384696,2.2969128627386604,3.0177395934184195,4.123600449853114,4.217306964545328
5.901404369202334,1.9969546476620403,3.461851826514197,-5.550778039257535,-3.976677685359026,-8.066677976692747,-1.6652039130659912,-5.328527255195085,-1.8662414345094986,-1.0312308001774153,-0.8907832063268865,2.7776936301406843,2.796959452252222,1.9254615246942195,-1.3051938211002547,2.152694396180045,-1.1713794942700613,-2.0510626433851256,-1.355943766560077,-2.3759178731947137,0.9255988646688251,0.06404684608440027,0.6847876497731884,2.873476075303781,3.0798286153051326,3.5286979383777535,2.867998248985698,2.913982637771082,0.6206521075761231,1.9387964334756072,2.232710620171572,3.7770536845665514,4.581281921734166,4.3063137601560255
9.096539809684753,4.451331310364101,3.3505993728984187,-5.105479332361584,-4.276925565628894,-6.104085544592462,-6.344006643423448,1.5237050032699742,-3.1030707186220012,-3.9260534799000473,-7.152262748020536,-0.5358721371984894,-1.873408218190497,0.1314234713186456,-3.65300064489464,-0.4093296825359555,0.893484014512444,-2.6542467697168535,-2.9751202495553595,-1.83766561330022,0.7590188072907632,0.8404575292228934,-1.1725860547959217,1.6964680184234047,2.2437131398255947,1.9398404294129428,3.7384666781703015,3.483205544534755,1.5720311385068753,2.2678726111321383,2.7449510040502574,3.8786841915766095,4.353766394264346,4.2794950601652255
9.345897811546784,4.979518909557427,4.852702339570704,-8.00689698013521,-6.426845204860454,-2.6277197364898854,-2.310043445098463,-4.376436427881141,-3.8880996553583183,-0.4924794986357161,-2.4296344968258294,5.819129847382145,-0.6618180047964215,-2.645902971722216,-2.6314826340487576,-2.8635843932324576,-2.6507314987551913,-2.802537820050498,-3.2456841497727607,-1.3513553564204288,-0.20249640118680826,0.8848737660734656,0.15899714970249024,-0.058640824734211255,1.299664721748531,0.23704801475747778,3.8348263890751717,3.8723856271709716,3.004534152262373,3.671122227496231,2.900805125788975,2.8061885290337414,3.763128725572914,4.3469055561307774
10.72415227368192,9.88958260136757,4.884389644729393,8.66281932342964,-2.9641481808989067,-4.7010949722467785,-2.0072905184212786,-1.082399982662829,0.08832518693347659,-1.9163297796673762,-3.6225095581915996,0.11255873698808802,-1.7541107275722994,-1.364009470288046,-1.142662920909566,-2.614034183202285,-3.268344352123474,-4.915440833881755,-3.8002761239823983,-4.277759103940146,-2.2196512512646627,-1.2346976894717074,-0.39857510109103034,1.7258040133730788,0.23141079339978102,0.23966269962957504,2.400693934887466,1.9701128858243455,3.1904500024438676,3.2566614583412257,2.7952293072772427,2.142181861689721,2.2589004072737286,3.676118611039785
9.675960918863812,11.083750922049488,9.579657804931143,5.245090866789938,-4.043671733940731,-2.0440984665170396,3.407099020245765,-5.359638389614644,-8.752307268109911,0.06699772415002984,-0.28995948378588815,-2.432647034418309,-1.3792353938771165,-2.6007144016341353,-1.7864479457504203,-1.3452171679837386,-1.7864406460360216,-4.62783848247052,-2.1835548534106404,-4.457932021111673,-3.0361696479859885,-2.784674806039478,-1.091524107859353,-0.37160009470159705,0.3225583425818189,1.3117471542705526,2.7961577799551987,3.807555814325731,3.4167779165091137,2.5014108062134985,2.991537382554793,2.5693450122686796,1.818563017011477,3.309044496209352
12.533763573548004,12.128136464677189,9.954328307412839,7.787118202912594,-0.8123811324740661,-2.0075343386624835,2.2081251882295674,9.061715963299951,6.714818305720656,0.7596407538157882,-0.258291514939155,-0.40604068812157423,-4.80858226378491,2.167019573955921,-1.593454094420562,-5.889900218567435,-2.6421947938266874,-5.393462349874687,-3.070093564002912,-6.218203045385971,-5.4795225655196615,-4.820115326793992,-4.005989716069354,-1.4893702629853165,-0.869173398287355,0.2700620439223144,0.803334304494387,3.395955358972111,3.760090546493192,2.398688803050119,2.7089268620057334,2.551440178378699,3.075840059462081,2.7628688240439727
13.095672529472655,10.143391280135058,11.753781330120669,7.557710653531683,-0.9483170797307079,-3.6493176208095077,-3.463485109171638,-0.35867384703882893,3.081464282798565,-0.22761662738495506,-0.9197517447116125,-0.24995016641866916,0.8661963653145152,-2.010333486250537,0.9017039230509748,-3.9904040995039436,-3.8284518195156894,-6.3621878302184305,-4.79434882805775,-6.611642812703262,-4.14188505170292,-3.750376951669024,-5.299379597334203,-4.421604355519965,-2.3983586503399072,-1.0371796851333785,0.20081137008580519,2.050338687628927,3.6129155392853987,0.40801717805871784,1.93505823323131,1.964260131015533,2.3877149450898822,3.0871594796541464
12.73489626663838,12.219791397878847,9.477088511636817,9.279848457334014,-1.6817278999178598,1.597797280805021,-2.4737752551824705,-3.960706374510918,0.4688873463707079,-4.935634563224569,0.27441369450761166,-0.49927197754842084,-2.5368646485862536,-2.5420035718330936,-4.280516534834436,-1.0856158411388748,-6.112564062666992,-6.413664538284414,-4.134694867279059,-5.641973115737101,-6.56416370291607,-6.960238353042777,-6.129888508603311,-6.544970893654379,-4.357837691370455,-1.708004456249261,-0.6405662055438953,0.5140036989237149,1.8242913085443595,-0.8096856662535669,0.13782633270807318,1.3925474348295646,1.9690266504183853,2.534414248940187
11.158851409602267,12.42049298526282,8.999339570246937,8.747176388504204,2.20287377607275,-3.0928007312706094,-1.8408011001524764,2.3934151591650212,2.233235788689022,-0.12013025525037888,-1.8937462874981588,-4.25292468132856,-1.4952457542820465,-5.164885901909951,-3.382888403252499,-4.503279656259119,-7.077181148069541,-6.376173689335221,-6.750753763879401,-6.561580385400637,-7.037639544259122,-7.836280082004037,-8.038908246288425,-6.751909069724823,-5.24601687081835,-4.289102373088445,-2.992032394368323,-1.1147166525128906,0.5850228435057528,0.28562167876709116,-1.4473304757697907,1.2080404394623105,0.9148964935754217,1.1880833713940697
11.714623283711655,11.220318841360635,8.983525116349245,8.219280388151748,2.82070358565981,1.0663659973062058,2.1300667353674596,4.20232805203885,3.2365413207544456,-2.496618560852311,-0.1730007239527956,-0.5842631595847203,-3.9369497061764442,-3.6045953032508025,-4.6076030773687195,-2.646649747957842,-5.193863631093444,-7.4236732221845285,-7.115164846278043,-6.871711636649937,-7.3208914114333545,-7.346880170570343,-7.342475346162521,-6.776878597114439,-5.22428099230703,-4.912694278343523,-4.580212688640347,-3.246689021495674,-1.2782733766815437,-1.780791141516334,-1.1137916336118368,-0.2789382043785388,0.39803313624736997,0.413862724597657
12.468472068605179,11.411818568776749,10.358686486254571,8.81007523690992,1.995192606877605,-1.1006214744310614,-3.369923985520381,5.933195395997487,0.48762668678053184,-0.9695885162880054,-2.2082057817690814,-2.4052806610931494,-2.3886434618131482,-5.47564747994469,-4.583011247818815,-7.640253546451686,-6.906128340002521,-7.64740072418403,-7.438601612954645,-6.5820467020879265,-6.075005201891819,-6.097705813123418,-5.887086023936291,-4.935423067149913,-5.566529479593493,-5.191984407303352,-4.732034450029055,-3.7676464744272944,-3.10763734919841,-2.433575290892229,-1.9136823220685708,-1.5187333393793534,0.17749436811460365,0.13068496487670578
