script/wind100m.json
{"header": {"parameterCategory": 2, "parameterNumber": 3, "lo1": 3.000054539987559, "la1": 64.9999836372058, "dx": 0.5, "dy": 0.25, "nx": 34, "ny": 52, "refTime": "2026-02-09T13:00:00.000Z"}, "data":
[rows 0 to 24 of 52, columns 0 to 33 of 34]
2.6914482287454957,2.0000205524623995,1.516282820600522,1.2962471652152832,0.9998198414472363,0.6691010840535565,0.2614716052176168,-0.5323563897175413,-1.7251832031735819,-2.6780681210474144,-3.2138991980376646,-3.4210497115031253,-3.371143580502845,-4.1134908258303815,-3.83327722723275,-0.20574052131184883,2.3726316878671865,5.4236225860524705,4.980693330955705,7.9081884090875105,1.3159519559267925,2.124086568039911,-0.2826508657396164,-0.19658809441328812,-0.6227111247793629,0.4016903836387488,-1.349925252741991,-5.4412783209326845,-2.185161938326847,-2.0248495443272714,-5.340437703048325,-3.3115193469228634,-2.9859290555225892,-3.4212664649355844
3.5866793802804726,3.3790791145829346,2.9296645585772056,2.8802931084196626,2.3497584317293376,1.4076702614866108,0.49323074153018687,-0.19482201201441982,-1.2216553673129706,-2.3718928800178083,-3.2360218087391432,-4.260419371282895,-3.8492594221904595,-3.439387066146282,-2.481896960019237,-1.8435168230079488,0.6611176806729496,7.239690246473477,4.301209637520619,1.9410509880639175,1.7956898352213626,0.7874692596854127,1.2759375595478344,-2.240751383244111,0.5160174118808555,0.9644869740831743,-0.45057509340561036,-1.607472717224539,-3.217059267867152,-3.812268268704439,-4.637032876341172,-4.419835164191704,-2.7949777831715,-4.132118713691293
4.838508465986335,4.264359433523115,4.003964510579436,2.8778556321087536,1.9115273201465444,0.9792074985509982,0.11855841266409606,-0.23505446007800265,-0.8160096881175084,-1.5027176535351112,-1.8340174286750983,-2.457063373744362,-2.4436261273464903,-1.5854368927092277,-0.6333351236219882,1.5902880387858962,3.0812744687689446,5.663699171100206,-0.8294755092979137,4.64033339553413,2.2462575871700254,1.105595946697895,1.0017950295845877,-3.1166577427938287,-1.5536937556160966,-0.3501624068981658,-0.506642514176646,-2.510257346152909,-2.8679990954063217,-3.7511451629828776,-4.662238219750853,-5.2824788016550315,-3.9694411680955053,-4.647680785723241
6.4593781910388355,5.7478521376079215,4.279785719619064,3.5633671001581093,2.425003396834054,1.0191864118614669,1.7222281987726424,1.2882442540617938,0.038523882042718255,-1.164680727044086,-0.9344081431803672,-0.7018371273047131,-0.9580470337205751,-0.9767436248292238,0.43950962145995154,1.6367158946611549,0.8563090798016861,5.925366013495376,5.087071879398166,-0.9154359275039659,2.0560040431951663,-0.40765667113222204,-4.3926795641307095,-1.8074006505816242,-1.531157650900982,-0.6896972799563622,-1.230427206485459,-0.3682570545740376,-4.10915105833954,-4.400878378253618,-3.442547738392659,-3.2838296044050628,-4.798432290667786,-5.155118034425314
7.1447837449884215,6.160920930128506,4.9754348072451755,4.081447209034383,2.6862611019244067,1.7010378102629529,2.790453876781924,2.34939929360851,1.3122222403991555,1.6157917743147294,1.6177436182006206,1.109529639673711,0.26688883237556066,0.03727899185083158,1.0824111180802578,2.5902011202568564,0.43847909765531096,4.359528965178202,2.59581705975303,-2.3751967567789984,-0.5643925380785274,-4.562325374333125,-2.298762336610042,-1.7157751316706804,-0.8912189491900107,-2.1257604492884328,-2.721493267381837,-3.1580948741479427,-4.675729903430461,-3.497857079398386,-4.727400371010622,-5.537844289642839,-4.151848766921483,-4.009209109981276
6.853496976348936,5.808541403636441,4.619983777224659,4.027141356338888,2.1359120742370807,1.1497605498088697,2.8627123681232374,2.05474791087379,1.9105828195473575,1.6275491518641967,0.7765291503571778,0.597871015700345,2.3112112608124926,1.9523088922573677,1.7342812973105686,2.275546108517844,4.364749718336713,1.7197894784545864,0.2745120873048354,-1.1706870154017661,-0.018209998452272433,-3.979413989472668,-1.9832262356609018,-3.919515022357092,-0.15956889237866168,-1.3399273026674485,-1.55433617045606,-3.2126301998701807,-1.6288402409481237,-4.620468693673265,-4.525033514435158,-4.497816927065614,-1.8120161581082679,-3.5597779102648106
6.82272931876083,5.78422271245045,4.9016801463809765,3.98045069599814,1.9385803173073086,0.745854302214264,2.207338323555989,2.308664168153028,2.3192927407509485,1.3070327519203127,2.2197794530919883,1.0216371660100307,1.1885663226667464,0.6210823198489865,2.873939476537591,4.385148619858208,1.8323611156309232,3.2788847015994005,-1.909963590980507,-1.1500155645484034,0.48233036880388686,-2.4205544151586205,-3.004329845006351,-2.060366655742406,-4.158500178460321,-2.6518573594356116,-2.7450243419140525,-2.515806890594518,-2.779305947823106,-2.8714016636277195,-2.6778281254239493,-3.825458000385336,-3.204611033230441,-3.284759424575335
6.653362585031054,5.920301364196763,4.959904557703042,3.7023973991124324,2.3150643382248406,0.29468448283631854,0.7939606310587822,2.1762461890196887,2.6201232646486123,1.1641812292236364,1.8477799199512794,0.747380083318285,0.6756928619632063,-1.000827056210861,1.2600299556182795,2.5367036635681646,-0.44006815558298285,1.2496610557027494,-1.9026375817152967,0.07633986397243267,-3.2801735799841865,-1.2505898879889936,-1.6180906215379538,-3.4076340830996728,-2.932669111640014,-1.7651141192401059,-4.040191233039804,-2.833199149000129,-2.252226338330756,-2.8722591516159026,-4.3611118702861695,-2.9181242516914216,-2.8088472403423865,-2.784947370312235
7.823803783543718,6.440175551809872,5.084857260557794,3.832775295807113,2.2316350158573135,0.5296254290330401,-0.7225313527068496,1.3931669689456603,2.4601913055272155,-0.43386030634184314,0.1964299336109351,-0.7606143766630152,0.6346652780113422,-0.3539676726397382,0.47772213022783855,0.8602576304673889,-0.1493518969630916,-1.204141843815259,0.6930923757435903,-3.705825438992365,-4.8539143132575715,-6.254186901819204,-3.656621942007703,-3.800170947474055,-6.798362238778598,-5.861967501786743,-3.191922527812866,-0.5113318806080732,-1.4312265392182302,-1.604825215316396,-3.193015992846376,-2.4208459407283507,-3.767988903328439,-3.2051431126225713
8.228743281651177,6.892498086152193,5.631949391851419,4.589128032151071,2.640644750931504,0.23646083599193626,-0.6337762543270926,1.5819609523923217,0.8548700735665067,-0.5576759533223834,-0.8772539095888139,-0.128928736731223,-0.4784615831585133,-0.7707623364716343,1.4727747960660473,-1.2791268316140374,-1.0855429959410579,-5.356595302135069,-5.487736365617146,-7.044698721662737,-3.8592830397478117,-0.8567543622428493,-1.8784912958346263,-0.8575657807127833,-3.135186789348551,-6.37673535974578,-2.3262374165110353,-5.716008726975546,-5.531708462586435,-4.1233213514563385,-3.965139417619222,-2.5200866726029165,-3.872463035441367,-4.640799196180005
8.21189835926654,6.9707901483896375,5.713831202790011,4.537128000195041,3.8895512572450945,1.2420604892078293,1.2690556788054466,-0.005626485140732924,-1.2103880000108782,-1.119658586359866,0.7665546077267554,0.6286275073421345,0.13039718814694906,-0.7596086665587864,-2.8306763693592827,-4.127259779803367,-0.8149747864498,-1.4002978329268345,-4.509663414538889,-2.530949089920187,-5.027675966855784,-0.3864572807662048,-5.410711197067932,-2.1600613415539196,-3.0671465868144527,0.4993134268470374,-1.1903971824533983,-4.849919485735993,-2.8379063258711765,-1.992325242409079,-2.346716689893471,-2.7223488948533596,-3.3957370395556024,-4.598870315237156
8.892296697465024,7.7162708976859875,5.918127360521309,4.462255340522236,2.6417152946634612,1.863703613640889,-0.46170424438763935,-0.6417191462873891,-1.2149836055054513,-0.4636087766005176,-0.19019226213886964,0.5760379700565545,-0.7396673357223685,0.030624874767071528,-3.240219578097742,-1.0544502870431076,-3.5951558465263083,-5.954374977732413,-4.556608667219905,-3.1206134624671003,-4.539343023107838,-0.8769329256713829,-1.5665354984571378,-0.6270335875605758,0.053216855160037754,-3.7077890369537987,-5.436164246547146,-4.867829880782806,-2.9593437559762847,-3.1170324310903816,-2.8054325077137765,-3.3750656943768576,-3.2593020433918385,-4.503395499653502
9.379355369974741,8.080231889224695,6.105525966708628,4.70846705496311,1.5041533916895302,0.14794410590792662,0.028992731996813823,-0.21627011670013171,0.275195371658454,0.7192695924146059,0.17307588972433283,0.6113942191727506,-0.6684250880995004,-1.2400551828019284,-2.300240778934437,-0.9095201954368756,-3.809702848188146,-1.712915749321737,-5.152124781660247,-1.8019255226850714,-4.895815353646645,-3.84635143926637,-3.062152552514905,-3.249096758499716,-1.523336017770746,-4.138585668722205,-1.2341998592184118,-4.552487888595517,-1.031657166922697,-1.253788302045971,-2.833118152046451,-3.1944525756326145,-3.8706066594159014,-3.9199664150855016
10.062073105591528,9.400389474801289,6.345756042648869,5.134414843200578,-0.3846310416441315,-1.8725379204612924,-0.4457406153363174,0.028739973971120016,-0.28569984285809635,-0.5066216145230724,-1.0214846930221202,0.607306835097494,-1.254067385561649,-0.9014766801688365,-4.594585771441325,-1.2809621183364197,-5.023637372586707,0.3474234006193018,-4.755612184514808,-2.3792547840657936,-3.042269058281188,-2.2043822440723084,-3.0802335855022283,-3.458258261605694,-3.495845797240711,-3.4120939289132686,-2.886824452604338,0.4611451064488798,-2.538254966105116,-1.7087713674610576,-2.7851399611853678,-3.2240638343591614,-3.4093600018950956,-3.78381849207803
10.703896459078337,9.810696030317454,7.146623756623812,5.216838973151832,0.9907133033154536,0.016056434962442998,0.5507593698540492,-0.0701850028663895,-0.11463140932885428,-0.7707333556321087,-0.5697207944516118,0.4120722805816185,-1.6998512001583648,-0.5200975254354759,-1.9805386791027555,-3.6187012307412507,-2.1011272321191403,-3.1794338898146997,-3.3557401923181835,-3.1775224901994825,-0.2637379535540985,-3.4746979666165094,-2.818421374080194,-3.7950622488140042,0.0330247377151469,-2.8527696937778284,-0.6797033878381655,-2.3383549223917446,-0.7004046174247952,-1.3226023351743907,-1.485363800192843,-2.146770067212288,-2.669633985551131,-3.0388208463754145
11.31764190905162,10.29842002499702,8.67121260432716,6.290920356839891,0.8380215556199424,0.27792037269814046,-0.05834691455928569,-0.04572980317264909,-1.2897363200385323,-0.8632098971681224,1.673421318922733,-0.3756012752582175,-1.2198084597335068,-3.342009181207753,-0.9860159994852127,-2.1411690328298034,-5.781633842753328,0.07263151975700055,-2.523443146410728,1.033954083825888,-1.9910697507077217,-2.7546266531390025,-0.9351341873931626,-0.881719047496586,2.0328761364673658,0.7432190100220366,-0.027020663606470034,-2.012493020359744,-0.8436295890799139,-0.321502132619073,-0.26750780165219457,-0.5282914055588609,-1.018031560672911,-1.4877840047205513
11.75293280057164,10.580399470530379,9.55671113105948,6.144026211681207,0.5530025633085044,-1.1023573955752006,-2.114188260488071,-1.030774485115169,-2.501901747464447,-0.44756921475025724,1.3816490578774365,-1.5717320222326212,-0.5689834353028888,-1.8880272455462683,0.5604798968056626,1.732670927398229,-0.17361598893627678,0.9968697979356288,0.49215524923060544,1.6433765523378518,0.08622092005867403,0.1699428655606142,-0.47272946751589007,1.6139262439844262,0.9066247768253387,1.053468669585736,-0.3907092024978906,-0.9116125823222722,0.30614586155715917,0.6516035805106427,0.3699992636410721,0.07798574864544705,-0.24218729312237613,-0.573737609895819
12.2944773071595,11.05309631031203,9.831382059760768,7.556162477763957,1.4426410813877082,-4.765204023870923,-0.609726741351598,-1.3080741560184652,-0.5000270108846644,2.253862322166511,-0.4611677144650167,-0.2597506586901829,0.2016565968156929,-2.1402878586775222,-0.521177665145427,0.2551173377400162,-0.18583205754041934,0.23668428465797411,0.27701763117658573,0.3339308867312931,-0.05883446999587577,-0.3813048199584647,1.0162138249926724,1.5261016353783008,0.684948684379123,0.1004449335910722,0.11468901725213275,-0.1271249712530522,1.5403099240511298,2.3215971551760566,1.7405632930758006,0.38255205468925685,-0.10231457594850707,-0.010708349988993358
12.40117995172166,11.549571818254117,10.350778040140199,8.475731631372287,-0.6059537950346691,-0.589555367141352,-0.8143245748286397,-1.2807047543185355,2.6593057133500775,-1.2157358929578472,0.7333101970712296,-0.3000162653574005,-0.5834291817350156,-0.21781285736884284,0.25495703581023776,1.248557934138699,1.2985239460926559,1.1310675064550484,-0.110837128858626,0.42728883490922104,-0.03657147368388172,0.03802962438593357,0.6980106908132621,0.22719040817407574,1.3232249681011992,-0.2938674714230337,-0.0868705862890683,1.2158092548161759,1.2438627444154389,1.2892676633547118,1.4170762074208252,1.1097645331681938,0.5859219474568246,0.4995257889757009
12.70064335797847,11.974345315539583,11.252200057710892,8.072580499133851,1.011814359244922,0.21661233635327598,1.1914762416829467,0.08794100041963708,3.012132569294044,2.3642671728933893,-0.5228776750807411,-0.9679791403382467,-2.607315163380892,-1.080276617813897,0.6207196608989064,0.7126900327542236,1.7321792484308818,1.82848671243001,0.6904393312182727,0.06614224585041412,0.7075344100854983,0.4104669021219452,0.5445277749210243,0.8022434695967374,0.5559123020092789,1.085940752794272,1.3577154202572292,1.4283300343453604,1.9490638721449398,2.2985604423891397,2.718077273477688,2.5464002179148078,2.2646348499317335,1.553999178527515
13.310069165737975,12.755258640413965,11.74286627019971,8.71066742218326,3.383968182485665,0.9813567219492403,-0.7384537465879117,-0.6445851469137056,0.6141486495499162,0.289548354523993,-0.5592237203266051,-0.8040391886918693,-0.11597832358017336,0.01926945962078275,-0.6792121544997252,1.3284548089169885,1.1822823606515198,1.0966779341212718,0.6096360149378269,0.5922771730621001,0.23802795514073033,0.5569702869227782,-0.30760639192617023,-0.06007690501503748,1.2481130539675072,1.0309388136101254,1.0975116507032006,2.1485063227525605,2.166425030209968,1.99119551028568,3.1750972736299876,2.7601540025500824,4.040235371741985,3.7432109675245204
13.925907677609233,13.354181626736388,12.173304402107217,10.114222999376183,4.291184189797055,-0.6464532824809821,0.24241030775524233,-0.19082972416562335,1.7707252789480628,-0.09769210661782926,-2.176618203182397,-1.129802428886817,1.546172760396236,0.21565152459328052,-0.49031363534091965,-0.3843795424631404,0.7883596602581325,0.8403393081257404,0.5765392049761612,0.042436712737469545,0.3082813784416753,0.4795229897712258,0.5106697574157788,0.555935695211288,0.2481419395850323,0.9159443488559897,1.4282320013527032,2.155408445862567,3.5766030505381865,3.922739526857036,2.7590597065974665,2.3686063410040044,1.908152938537501,2.868976485636396
13.821736651959036,13.570297356812532,12.386105849044327,10.633890515744262,5.8762515497301075,2.3737919731616044,3.16612536819081,-1.5824974104883849,2.063722435988519,1.7851010799576843,-0.45817725046137914,-0.759016426329028,0.7875406843630987,0.4558138651474346,0.40918907743163035,-0.2026560382969063,0.04842754502415398,-0.0210249214414265,0.1099676564076352,0.3468270415807352,0.051761520699595824,0.269803777678387,0.8197787920959447,0.5646524356410269,0.42752605186751563,1.6210114201868016,2.2283120108765,2.563418936038398,1.7128940957242995,1.4603351408193284,1.9269942931843553,2.001671024004291,2.3511152121343124,3.035325497750594
14.535527766473093,13.874885625817202,12.822481960245717,11.288318999943748,6.811408138729045,1.7659177469407767,0.9090927742269439,5.879627750847839,2.739702636359479,2.36652601490339,1.0915184742641435,1.9910960426369047,-0.32044915261159423,0.5639844839755556,0.45918198608705046,-1.816933090073974,0.027196434697306125,0.2658528551834283,0.5097951755367456,0.6209793643979664,0.029444839047870774,0.025398033196568158,1.5566853633673767,-0.10300314825734226,2.0923143265516324,0.7492301124710876,-0.8326108064546672,0.3751464489344875,1.6053170244755195,1.5686618178636096,1.916658167442359,1.8130055405929582,3.2443571470950694,3.1034962925366334
14.228585419406954,13.830390090902627,12.580497833972824,11.400363794302221,8.938255889601129,3.529881541886299,2.708054732040668,3.8671375924594806,2.940489809127092,-0.040380227628200295,0.721927793341564,0.7030621431784096,0.16072886505072706,-0.7364650523619609,-1.1213779474856103,-2.0169162749471776,-0.4472666343165582,-0.13127860039643416,0.1832277407809675,0.46905928267295266,0.09249832896781666,-0.5490333951973757,0.0005708228599809071,0.3406367791007156,1.3942508740122912,0.5786290219277544,1.1136416850824982,0.9678056810933149,1.609386664432225,1.81010745949208,1.2967783968316386,1.6191735882825953,1.81033853339892,2.187448389214382
