script/wind10m.json
{"header": {"parameterCategory": 2, "parameterNumber": 2, "lo1": 6.000198445256149, "la1": 58.999992894266676, "dx": 0.5, "dy": 0.25, "nx": 22, "ny": 24, "refTime": "2024-02-27T14:00:00.000Z"}, "data":
[rows 0 to 23 of 24, columns 0 to 21 of 22]
-1.423960672531637,1.711199404993351,3.1446333079120867,1.2258114489837588,1.744415822694408,0.881763589810203,1.3829196006803588,1.018458877755707,1.6463632113086746,3.245573945396749,3.4742572215051823,1.873061268721531,1.7147281068796805,1.992473085812449,0.921912169114414,1.0788202387191883,1.4749010399484936,0.8021382616041096,0.40790835514340873,1.1934313600128093,0.4007017800609763,0.39750305223170196
-0.14131778405383807,1.6051512960959198,1.8983423912576276,0.33625457112784257,1.3366051171955617,1.1045180742116205,1.0599088440726354,1.9107502672289356,2.998571063863973,4.062917051587969,2.7273845525415554,1.7119477910140624,2.037825734422636,1.783865011907263,1.3451000621876166,2.5629589364298337,0.1946659013702851,0.3918034600423235,1.33083193690351,1.3809086518935534,0.6086288704151879,0.684908288324914
-0.6763666365728142,0.6021590488268541,1.016249640581873,0.47830351267657795,1.341839655762363,0.8167930330508818,1.0111503906380102,3.6463721940054787,3.9975002144828435,4.543754333654853,2.8629693326439236,0.8463043452337874,1.9184187116333766,2.6911073283552067,1.9399384041477206,1.8263340182984722,0.5107055646201168,-0.23784389645311602,2.010159283096533,0.7101518685319461,0.8330927845220188,0.009694092884034325
0.3804228461840971,-1.056380021913598,0.759964791769047,0.5985332251557268,1.2380259144400196,2.6917038117216627,3.256871833721472,3.2310178961702354,3.4403478212630403,3.2146276407784833,2.4844664639639,0.927941535843073,1.9775538808614355,1.7811923630809585,1.7482274255837364,0.7961381682249045,0.7702524875472613,0.8722929750661844,0.4185973103804168,0.05983805472189839,0.21649877731477796,-0.17979588040895322
2.9121835816141446,1.6079576764782009,0.945116298998567,1.9037429472047316,2.887776156505711,2.2423701708059385,2.9209044363063854,3.3178744632291757,2.2135656092961313,3.739017675095842,-0.29897037470656,0.9340132976075595,1.8398989673524502,1.5326461047656617,1.4078776424843082,0.9646396487850071,0.35096371464413467,0.6819965493778014,0.8553633914004778,-0.022360186116244928,0.15279025303864724,-0.19352859062919422
4.08676389657262,3.1199307669491625,2.8499214245528925,2.869892745357198,3.4640713768193714,2.1114178470165608,2.9078017894628228,1.9328971813181117,2.0761814563627268,3.089253090559178,-0.2507605680501023,1.763941153095376,2.214042244261441,1.3494556508799709,1.6479415168011136,1.3937344378559782,1.2666300158261323,1.0598403599868955,0.458467898193974,-0.5766598930989202,-0.35942861340125876,-0.6514970260541106
4.986614867786695,3.594227853849313,3.9998671589073482,3.255560988383286,3.792567429015293,3.0934588768676012,1.2647193396939405,2.2551329945633602,2.45328708150296,1.845313970863047,0.4115392517569319,2.035925229694553,1.3413844204692777,1.7549146158930449,0.7154818296010611,1.0954145531376571,0.48619688336260014,0.5434881912967388,0.035036717354338304,-0.5115270346830674,-0.7917720484662579,-1.4153367400775951
5.035483341835197,3.9776814878832076,4.103880998010485,3.9027099262923715,3.6377512824911973,2.8566883348888834,0.8432059619899357,2.635680459178276,1.8085162341872327,2.2952982563075963,0.5817121449037871,2.6437998765851525,3.1640174816177296,1.3119441133347287,0.4630850639728802,0.7778473687809733,0.4254554971353395,0.12592448686595686,0.3319498566217156,-0.6881326407099219,-0.6587711923980999,-2.20073087200183
4.742230369398756,4.0087314909343865,4.129129071237928,3.651494775448932,2.416854669200876,0.7206662375258259,0.3401399909971152,2.063689674698177,2.0744579399907095,0.9696330303948091,0.4835783665095886,3.2462568934632436,2.2409173608578565,1.4266242030571943,0.4144173795485362,0.03566242164986231,0.6804030751385697,-0.4987328895328608,0.46059171715408287,-0.6152146419193897,-1.0196159333583086,-1.4108003434478678
3.883252155245098,3.7803019489802647,3.690874552514963,3.318280730936664,2.6925328255704812,1.4482174513991952,2.0067690331066035,2.2156198705516426,2.2880704950868633,3.7234491094870212,2.415595102779875,2.3852164810198637,2.635476919343856,2.725617808479829,1.363479387508766,-0.169464856214589,-0.16706087178198914,-0.43704970559276685,-0.5024029663247058,-0.6389314698256217,-1.0013474008140997,-0.9180972723776554
3.7890783296163226,3.57528024266595,3.277944156294442,3.835881531066487,1.8965842882617783,1.3245881064815863,1.8612005240414617,2.0675725050439784,2.6610052766952843,3.039750973648476,1.6244842610899728,2.877071167545363,2.305732485154957,2.4765336996474,2.550271922538219,0.14341251331429408,-0.017071681235944523,-0.25328717993849464,-0.023942510392328822,-0.6225191877867934,-0.8228477445113167,-1.6303691087800283
3.7859880809864603,3.5545745112324307,3.3680645912631615,2.761029055490989,1.846220490750236,1.485544178663572,2.208754363478372,2.3013618976203336,2.284793262632838,2.774445991940396,3.0020328517309953,3.1582777217164586,0.40643523095725304,2.1434791164103215,1.5072029947110903,-0.19982728846662237,-0.35560427023313623,-0.42252319498599383,-0.10128148716754792,-0.5037058982911581,-1.7464422032427043,-2.025505679801951
3.548212806712037,3.447689425823416,3.67698478479721,2.025825792771312,2.059825098233641,1.414219847512276,1.8259113256758637,2.239739650981367,2.8918407149953076,2.9616297902391353,2.716198280412538,2.7030145658563556,1.0688527922252038,-0.2942214151993164,0.6240165436641636,0.13518137332336663,-0.6227945578394989,-0.42220139063001166,0.7641897865345294,0.6031183313389696,-1.6932655498305809,-2.652681109010689
4.01240185701648,2.9145375783124083,3.1832218398832364,1.2112259905060159,1.5086347498563135,1.4759076699643652,1.7340145581193163,2.2087543872379034,2.27658723966491,3.0411022070477842,2.5215998055462827,1.5466282394373627,-1.0034664513275169,-0.7898250437225834,0.33489456861945266,-0.002084463584633555,-1.2662347091344304,-1.7019447977410282,-0.6324539084145598,-1.1534053166395248,-2.1409768018544115,-2.469451064101505
4.027825641938185,3.3726003571338223,2.337118350577689,0.9066734066770754,0.4667979899356838,1.0711538776194935,2.7176053241934754,2.4161835898026385,2.649016023160128,1.93402701561156,0.6990489261914911,2.166624547441379,-1.7221807246192193,-0.8140057411043967,0.8746397915838519,-0.3958331917072585,-1.9232334629880268,-0.7794160192216605,-1.6658223046755163,-2.5421908620137468,-2.519888256944316,-2.6477931299734276
3.741234492582909,3.6195173924305415,2.6075989805744393,0.5715648193231349,1.2020229714401451,1.341394569182778,2.0221101964502823,1.6172648256950284,1.8535713601841655,1.829606178340652,-1.225771939926665,2.6513948713294804,-1.2069710826989837,-1.2282346182501158,-0.5769329778933056,-0.8801121262099209,-3.7562994782716967,-2.5187021441911197,-2.275333306174202,-2.989089574530769,-2.692741893189702,-2.6171566849982124
3.618040377331198,3.409775527678691,3.340498655724778,0.13389310069393456,0.5640843289016989,0.9073757333395459,1.6607975620696769,1.3938779722226908,-1.5658266398142866,2.927301644920946,-1.7455030348615777,1.2555872376636805,-1.4645686874024233,-0.7457747848491636,-1.3402509909509577,-2.5091548218475523,-2.80431951087594,-1.6377947753232844,-3.237530112968799,-2.8805405627201646,-2.619064684287457,-3.1603969824333054
3.26051830219346,2.9143653981356272,0.3502890871262533,0.10219623991828204,0.8145144627780023,1.3861923305060866,0.9920764994469061,1.1844669006107815,-1.1102838755810478,2.3533730994931403,1.0098613427987662,-0.180194846213335,-1.8760277455399033,-1.6324495679309405,-2.263474417584194,-2.5183303952669,-1.8774693090829961,-2.0001694867934354,-3.675533319717279,-2.95930715984501,-3.7174087245500314,-3.4435078801874823
3.0921655952396487,2.6792999483735467,-0.5429100927031166,-0.16455690727003003,1.0280086731678277,1.4006874149736646,1.3796391890512567,0.7618065134672019,-2.645721351958437,0.293114328658195,0.0384745487777628,-2.016543520753689,-2.0240469846906533,-2.5736722211753946,-2.1076332390790937,-1.372173947760448,-1.3677798210800887,-2.858753138442576,-3.5419946194924807,-3.9647116176878674,-3.5404684172090066,-3.8321926454090645
2.431615614715911,2.110524496520845,-0.9580564863013294,-0.1607257338356909,1.1990235664614597,0.8198554416969602,1.2870692053385269,-0.04919747721855621,-0.6027656889781491,-0.9415588027180923,-0.9716255675526843,-1.6409221276696704,-2.0501110999618777,-1.359783837969789,-1.2986106480794388,-1.786884041107084,-1.9398024963826743,-2.6996276198939184,-3.528427523420016,-3.5598850078096493,-4.1819930299221895,-1.7028428372605482
2.371615319262445,1.7272647113721853,-1.1938540715739259,-0.41241658820628746,0.44464947976849406,0.3036643091667182,0.9102245346140073,-0.17297662580966744,-0.6819598831727065,-0.821664487712215,-1.8680105099826967,-1.0644363892419377,-0.7671814045603063,-1.1193673512888547,-0.8243382384587905,-1.1563434545157798,-1.857755443519277,-3.2265100503569144,-1.7769487272122673,-1.9349097626691774,-0.5251317093856376,-1.0203141872902497
1.7174458734283267,1.3171640937812552,-2.0006699602744815,-0.29453058449674696,-0.6409922985639795,1.5588892692363685,-0.11251403439766045,0.3234219777544111,-0.7979610932910133,-1.6627609143529622,-1.409113259021194,-0.5065021431272818,-0.7523195876622567,-0.891760436923438,-1.2868831837607582,-1.3397061926576617,-1.7216646565042133,-1.8403830835524961,-0.5968995046044152,-0.26719520957608084,-1.0012148425310614,-0.34378720856536005
0.6435892207053793,0.09007904367913011,0.8792520850139135,-0.5499173900459825,-1.31521592441227,-0.6217144054088004,-0.6486490828495092,0.15221050999283942,-1.0265626014419487,-1.3158626531510942,-1.155198776403427,-0.4029910955892279,-0.913715295697841,-0.8767981971041917,-1.3952658198687666,-1.3863589748804623,-0.7091266607949707,-0.33479703771679215,0.0022339521727197274,-0.4386234432834697,-0.47765916139117537,-0.5371252753677351
0.8193841818517922,0.7655943149488295,-1.1754661453487678,-0.6993893388449326,-0.5686480483149179,-0.2322281138952554,-0.39827813349487656,-0.26737726808161993,-0.7928930379079903,-1.084634054816439,-0.5545958461405097,-0.48234285231659146,-0.7949635755818951,-1.0078161728378439,-1.0455801319416236,-0.9442973556976488,-0.18911067513015875,0.2583834418335337,0.6784699249770519,-0.45821027987538177,-0.4516000561697116,-0.4807542851263422
