script/wind350m.json
{"header": {"parameterCategory": 2, "parameterNumber": 3, "lo1": 3.000054539987559, "la1": 64.9999836372058, "dx": 0.5, "dy": 0.25, "nx": 34, "ny": 52, "refTime": "2025-12-25T04:00:00.000Z"}, "data":
[rows 24 to 47 of 52, columns 0 to 33 of 34]
-1.0527333923677338,-2.0267139002533643,-3.440025427968698,-4.797424845766728,-5.516948014152171,-6.24820377646448,-5.917839614724331,-7.104114793424337,-6.908319562915565,-3.0724693365674254,-2.174617717590646,-2.5159399931427298,-0.7647677290759771,1.840059789647312,3.805364660516264,4.166224003451194,3.1806105917212872,0.9162552347452102,-0.2927733373940378,-0.4730859830331778,0.7982297005835284,0.5787697722297469,0.13470613861469025,-3.1412883637748132,-4.243649143554586,-4.961537225557299,-5.966052620669523,-4.8005085235977685,-3.073032308082208,-5.093307271901941,-8.137425212275927,-7.076005282744858,-5.719892146967459,-2.68223160419843
-1.7611724696071702,-3.0041002779220602,-3.8408652358978075,-4.5750678281631805,-5.570909302557879,-6.428190785341674,-9.442822130444426,-6.188973345266214,-6.745444021784835,-3.0606790359303613,-3.8125364868903238,-1.639587470615946,1.3249954680153742,4.023211927565853,4.399803382586628,3.2944343313733366,3.4058264170995716,1.6535750595546745,1.32527115629062,1.087602322555408,2.2181051133872645,0.16478610044818653,-0.8497911708968044,-2.6610709354711886,-3.0961641379010922,-3.7342962288362638,-4.3744240345022956,-3.4763410801416126,-4.128342464249433,-5.802284612205626,-8.132592361723104,-6.83687773212177,-4.413643224395792,-4.175109884565765
-2.9177916211604566,-3.6083250908873725,-4.0160580555378536,-4.3312782736091355,-5.829200630426001,-8.166890665253373,-11.142846259019484,-2.790942943218749,-4.493842870074161,-3.048140154073483,-1.8287141866425634,-0.6880059412198041,2.6391091189107923,3.064366944668496,2.0937548284771124,1.1191937115146475,1.1746845205987788,0.7659229004404043,0.10207549486089096,0.8236296928095185,1.069024856919455,0.8356290490837993,-1.3160435608335723,-2.348110944866536,-3.581490102602239,-3.447740253438789,-5.061712306628392,-5.696666311123931,-5.874820912899466,-6.708151281882963,-8.574509359012918,-6.282924599096457,-4.990872419690712,-5.600345766372183
-3.2375003523949015,-3.8277371312230133,-4.243549789273496,-4.599196083837105,-6.414346780039609,-8.4634619493687,-8.257495020431023,-0.309419847971284,-2.951226325664936,-0.39676936978834154,2.4321520816550577,4.797394256432676,4.534608839162925,3.8950996352704332,3.671532534828554,2.6283290001424584,2.403817807844176,1.7837674300087027,0.18040388255589154,0.40633543920284887,-0.16891571893573612,-1.182996556806971,-1.7853871592490846,-1.9936691504871304,-4.269233940132218,-4.404954927788566,-4.754443449064472,-5.535806085372135,-6.0490353489145985,-7.3830188860102215,-6.749298372420792,-5.282509831256807,-4.642850712471673,-4.49617630442647
-3.180922084622497,-3.548558180426391,-4.026989815862095,-4.325332697911884,-5.8556867298219615,-7.730741983162171,-5.060380754155803,1.1162013449104387,-0.2597296410929126,1.9475998809703272,4.738292066394251,5.0488869884146625,5.584159545891855,4.362413051277156,2.5359557416990466,2.225606567703821,1.9234749565153029,1.9723349041207785,-0.01127267359087598,-0.5628590362554725,-1.1356584118131838,-0.9571489908968662,-1.2795977264716136,-2.540058130029746,-2.268899723274594,-3.133030346745387,-3.492680665561523,-4.826509604864026,-5.065149575614986,-4.313030880990007,-3.2871691834630097,-3.419055240164459,-3.279254944391511,-3.6280158485559855
-2.1971726012728006,-2.997027509015401,-3.5596939944831107,-3.9567452259222464,-4.159335363733852,-5.48664084408537,-2.1167440600434726,-0.2880865778832305,1.145702698696275,3.966789206829228,2.609148955834662,2.185930874951645,3.7954801193859296,1.7455157182558998,0.6542004285682164,-1.5392166958833762,-1.3414651580410069,-0.49219938926358314,-0.5073374725615474,-2.8352980698122523,-2.293721401195547,-2.304027068848768,-2.3790798458456965,-2.6372181267381483,-2.941309625841955,-2.6226968180594095,-3.792361155470319,-4.363550994731742,-3.415049555101873,-2.9959976820114846,-2.769833959888122,-3.195935954381727,-4.774083474134393,-3.1671313550685167
-2.007677135459735,-2.6287678472883886,-3.0918239408997357,-3.2638912982424366,-4.098741317796448,-5.010065105156684,-3.3475907064328507,-0.1271036229509587,-0.3181533919890329,1.6335350652143255,2.138144648061747,2.4455454203768383,3.1354231525208447,1.0873183632172891,-0.5532453529442298,-3.562888903038257,-2.578700672223004,-2.317559187497842,-2.5654015075821532,-3.2726319968809374,-4.492863782270931,-3.9300779516497246,-3.5831036832804197,-3.0425511793772113,-3.0391272694510665,-3.862094080741614,-4.51544204551192,-4.157495387199611,-2.4267269216996326,-2.912165932161462,-1.516661362456592,-3.3264904760250777,-4.073310764464353,-2.6804408403685085
-2.580778116297226,-3.417029548985218,-3.947690339673639,-4.789055111111655,-5.553252822231438,-3.9437242209033356,-1.876004233344232,-0.8943297885663913,0.17189061184451526,1.391274339840144,2.431801582561018,3.034852256473737,2.2777256545132003,-1.3774857059612695,-1.6802664149517677,-3.075468422750405,-1.7527340927386466,-2.758935846884668,-2.635751501663697,-3.36953623712553,-4.055378193974842,-4.917324063648183,-3.180862694875058,-4.3788114257798005,-3.557694678607266,-3.946660903398972,-4.514391181246964,-3.74417057120575,-1.740614138045509,-2.010947582375409,-0.8288455166605817,-1.3843127015851477,-1.5882614996786986,-1.9880934416802953
-3.3919401084708434,-4.283925931717054,-4.3005181389730245,-5.002827613468818,-4.298057505859092,-3.240525829754483,-1.0920761041603273,-0.10033307017877018,0.4345662032125532,2.4805307061602653,1.844173434964071,-0.8074185076436674,2.6100591128395036,-0.29927411870777143,0.22488229676627783,-0.8340165703454349,-1.15250916668667,-1.1008255733194656,-1.356448534733105,-2.4390512256568666,-3.2152584985008477,-4.960429814114034,-4.768593755390532,-5.742011868238344,-4.831223076002043,-3.991443430273528,-3.112942073236473,-3.403922836432786,-2.3361894210309053,-1.0312095535797583,-0.9002750635140814,-1.1363481894496636,-1.0378139385621947,-1.250700332297496
-3.377646439758035,-4.235715887381382,-4.895985687048229,-4.507209311013493,-3.975933520587656,-0.5976705209613177,1.0949459692296954,2.3996886096130052,3.067382970590157,2.591129827193133,2.4028881161004603,-0.9253513648866933,-0.3595711357411245,1.2229108216434696,0.8792502362367067,-0.18694277226005382,0.16643493843542306,-1.359152768263424,-2.110265356094011,-1.5411167260207905,-3.9720992456600763,-5.921487578502983,-6.696234205457874,-7.1015963541797325,-5.986430531313218,-4.614251489632783,-4.211866043894817,-1.838707239803152,-1.3209125109430666,-0.36498624431675863,-0.27334254959488946,-0.701801928669557,-0.9779718699634067,-1.0618162412471355
-3.1178645637993023,-3.6077141302018463,-4.780728314461714,-3.8057994379576665,-1.4571112404351394,1.7967105811953485,2.6348830979411546,2.1869844987606646,1.9883611886214865,1.9137508762157025,1.1546734809258679,-0.3156027844885746,1.6746489405236977,0.4292356422031263,-0.09078938039540167,0.02910335567926738,-0.020338628532542657,-0.931098548208227,-1.562831328963232,-1.9064526752532622,-1.8668792677260342,-5.913730872662667,-6.860603567012341,-7.625734498971883,-4.347501586423734,-2.13435481640259,-2.0721515883906925,-1.0768706691889594,-0.5738782207952196,0.2860384845701748,0.35552077651705116,0.43494920952369964,0.24921392442841464,-0.17240688853700825
-3.2021831662411957,-3.7533452497680835,-3.8391016058768965,-2.3022237522480853,0.8396606958891386,1.5770397609425038,1.4476397226404962,1.3644150786996352,1.0084113258633984,0.4373236165465491,1.512978053267921,1.6215286241398927,0.5818670586810533,0.14514599030201686,-0.5192851386687704,-0.751661194432717,-0.6914641667408628,-0.7092262906998635,-0.6839751492051624,-1.8149443075433873,-4.020278052573255,-5.9980893734593455,-6.93525168348933,-3.9147610220990567,-2.633062182970631,-1.4297335933698243,-0.46671373263237176,2.086639972938397,1.0624576994288817,1.2520720102870753,1.026787810295973,0.3232848697908767,0.16274590805488234,0.048769176127697926
-3.3056201376693153,-3.4933190563963334,-4.074655535601773,-0.644262799560968,0.5598902161404897,0.26759165402298135,0.6626448822292644,0.48735140960005435,0.34110649232803275,0.4008283786380409,0.27547317190869103,0.12371215407487048,-0.21571455059063763,-0.4906160452527452,-1.0220609922799442,-1.8259176750735597,-1.4586051234072885,-1.9204036579654675,-3.3911427823516482,-3.907266534912405,-4.005394134129715,-2.288851143600285,-3.419135520376132,-2.1106072355568166,-1.22761205502531,0.015953048097362015,1.0403580610712018,0.7131627343478022,0.9762948961690517,0.7553667921528208,0.5392387987040822,0.7749185674078833,0.33798332357240896,0.3856470016231518
-2.4303373972005673,-2.703637201027402,-1.3077134011553426,-0.15043678551009199,-0.2632325179734156,-0.28766658936462497,-0.07155443024404753,0.13380579561422526,0.3345799450682028,0.16566394921580144,-0.25493591054929876,-0.17549888692182128,-0.4103957351546369,0.4118523441227979,0.07350166331406852,0.18707761021332314,-0.6186090401349158,-0.9818241174426865,-0.707151437655263,0.7013644730373371,0.36958341810541806,1.7069028304697509,2.3617847642824863,1.4715093815541724,-0.053552362426923676,0.16143547715172124,0.5382879592265765,0.8897878180031247,2.095668215861266,2.4139548105474358,2.483981415576221,2.2521152143353578,1.8537183526863166,1.4582868162919278
-1.8886306815861365,-1.7984602882536669,-1.9318297152009425,-1.569743667805103,-1.3348474481477766,-0.45002919609106257,0.10488627323371291,0.3516992433038287,0.5928615907221212,1.0025681219458196,1.3705873937358282,1.6519077401042508,1.1746138437108256,0.5375542996019891,-0.046921766230334734,-0.7277337268137738,0.12151981492289378,-0.0611354119201383,-0.771815441333671,-1.523311911936671,-0.8364748507406691,-0.025720006934769123,1.3888184488867776,-1.5744303539425226,-0.3681686744618069,0.7219082598406973,0.7310621199899773,1.5336995630500623,1.89730105181169,2.5382232345202107,2.3508139046466576,1.9669616791748274,2.0005600555204204,1.9442623946429556
-3.243750006060159,-3.2415748738621732,-2.8678264448373727,-2.420518499738549,-1.5314985751649453,-1.1192787040900942,-0.6663574349600884,0.0956262724735392,0.40924153576535316,0.5536410900418696,0.3014301586972716,0.6779901561429089,0.865357517135539,1.036877524993895,1.2234275737403955,0.3038281497524727,1.1910158841569567,0.8943071465237947,-0.47462383951730436,-0.8568816853907886,-0.7992290427260772,-1.1568627128520177,-1.618427847844621,-0.17087270490000622,-0.5497820997370103,-0.32300709748794393,0.945281446239396,2.485173393210459,3.04052031847522,2.7983459318675963,2.609993375981547,2.2956450874882637,2.395305888240579,2.689128071805665
-3.1811124279016667,-3.1475561620066324,-2.8558638904231866,-2.370113322464645,-2.1350071302249374,-1.1177842860961515,-0.5606137120665781,-0.14455105943053048,0.11306184274609321,0.25004907788677383,-0.23689514176663945,0.2750858652916424,0.6305426683075026,0.9082997188284105,0.8826084868475305,-0.2785135114189748,-0.23359463316449552,0.26765992974543085,-0.6221885174772895,-0.7484730265923698,-0.8671341827942098,-0.9018137818532875,-0.9715018115409153,-1.2013830916338701,-0.6522499220331093,-0.03169019690441633,0.9541962447325669,2.213090976767515,2.774439609906494,1.7391195538840765,1.4093072469443033,1.3890759114824893,0.8323232852429602,1.6939278499986483
-3.2782593010399546,-3.1400394370774376,-2.5963856100697345,-1.678547586273026,-0.7990218039330313,-0.4366214076619867,-0.20133507730417316,0.3499699167285645,0.8145654122547519,0.6499634909971692,0.5573376785707186,1.7102230310847104,0.6372221757390406,0.8270016499702938,0.5359682235353633,0.15407416762657808,-0.3084281331488293,-0.16338445974111238,0.1931155949001315,1.0399916727847989,0.25238683714658006,0.35413881873786834,-0.29779294496531755,-0.43850320458174885,0.38468142723012183,0.41468416051146034,0.38367361673574746,0.3807891804339642,0.6847838011946302,0.4176331695183478,-0.045374382986196025,2.312646599038823,1.6639021923865134,1.8972831171230629
-3.6434454673760155,-3.497245022654944,-2.359578502707963,-1.730440369662643,-1.518694789304623,-1.0111094768654014,-0.4383371314063741,-0.23600519266877842,0.1502773084629479,-0.08393846069455328,-0.1485960842634382,1.0606346208959867,2.2374833211111023,0.3245537517062975,-1.1547422116820563,0.5548558660437091,0.43658880414674417,0.9091554070241638,1.2198755537997916,0.0923637163384544,1.2089454979392034,1.5098057064789752,1.2572918296481466,1.0900632814618627,1.1053477867074635,1.2453181755033171,1.4271505916855076,1.3453508802999867,1.8062800489946602,1.008465311816501,0.31435421029320554,1.1148632504650589,0.9379786081978401,0.7157583338335209
-3.851953074389935,-3.338296431022971,-3.0390572610074376,-2.468151672575107,-1.9645524606033864,-1.5347341019355079,-1.414000233792242,-1.4460164195099865,-1.283608564530527,-1.2963774099919232,-1.0387086481748073,0.10914275060794422,-0.4747455272822428,0.09670608874174796,-0.1517690366727248,0.07793641547278014,0.17769712609769067,-0.7304754970620716,-0.5644915367381697,-0.4414597780041797,-0.19894827877868376,-0.6959151345532125,0.5031409947635024,0.6170471706342492,1.1950965391122608,2.689360250113519,3.171802378461652,3.463340542410985,3.5118653873335384,3.2769063875752256,3.000751868346089,2.2903574700804645,1.830503360711011,1.1442328817438239
-4.1139538541798695,-3.7116817595532856,-3.0610507165580283,-2.775852920395903,-2.6247588343971624,-2.2848139384280546,-1.916720385150529,-1.6629930044816785,-1.4729889940892307,-0.9995377190671397,-0.27469029148420776,0.5993584063728096,1.0441801569406903,1.27036654635016,1.4105587993468516,0.23417284009099573,0.3875645431543454,0.10232611737196273,-0.3862501491339844,-1.0178290251129292,-1.4834471940122185,-1.3270140552333491,0.13364330094084192,0.5926489295354055,1.0765289434355347,2.9843622091439856,3.4176635825941464,2.68438538983452,2.6826237141343428,2.506514947327611,1.7908685142362422,1.6103394335797248,1.9447184405819868,1.6308496638932368
-3.1525961459016814,-3.1502463399364644,-3.3863070349809417,-3.1580567950088527,-2.9799554859182367,-2.575343191108526,-2.335340040757602,-2.142178631034774,-1.7266954805516648,-0.43656908179646575,0.7417908774865185,1.7299543008576865,2.3776342081639417,2.638320510615519,1.6727541386553764,0.5677318259827104,0.8375829487316462,0.27424587216809726,-0.32764945594263006,-0.5457365592262369,-0.583355270159134,2.023264042151143,1.0998993386365492,3.587058918857702,2.536459834241993,2.5253259882279506,2.1264434183358367,2.9208761911690617,2.3071124841304003,2.017668030677211,1.69239645195921,1.4066437201568733,1.2002077457602378,1.5411096221010419
-3.790275079275341,-3.608987024688808,-3.4059160229318706,-2.8629526365300726,-2.435897022151533,-1.968560282765484,-2.368903571729039,-1.6256133338618828,-0.389443446821058,0.009558407187718736,0.6590070967318431,0.8881639115378955,0.4974742137216379,0.08397458795861347,1.6994098309694599,1.8272395212617218,1.346548434808242,1.086424433387211,1.1312603860138917,2.1947961802265836,2.5918889610643108,3.145200044894446,3.560117674913178,2.8270964323077536,3.1258248143813026,2.8818569924627506,2.960446284631887,2.8257095971073536,2.567697757928504,2.0261870712575156,2.197199046614097,2.2228858685539934,1.9860491258496176,1.2893323919252955
-4.385822904594782,-3.621531752416819,-3.6199878965051617,-3.5500977223859644,-2.782845650934201,-0.31679321215536815,0.44972360236242254,0.36942444868508334,-1.0786284909635973,0.15167606225527278,0.20484282052585615,0.41978602646370367,0.34057974272846336,1.0950845570292103,1.5655634825530822,1.7583881961337118,2.5549361694464072,2.128864799355334,2.2641385778097027,1.7111376353972731,2.521234078253806,2.6537118330956746,3.232673426848221,3.1798248165590475,3.341509571771258,3.5641757382929953,3.278529151188839,2.8190190721245796,2.5199223493964014,2.1128355235022003,2.2862638467895806,2.0999399815267834,2.044361093441752,1.877065913683499
