script/wind250m.json
{"header": {"parameterCategory": 2, "parameterNumber": 3, "lo1": 3.000054539987559, "la1": 64.9999836372058, "dx": 0.5, "dy": 0.25, "nx": 34, "ny": 52, "refTime": "2025-12-17T10:00:00.000Z"}, "data":
[rows 25 to 49 of 52, columns 0 to 33 of 34]
16.15843599294527,15.161818824142332,14.2675828571188,13.201275830930749,11.679066048694114,10.744882753632405,9.46685962147817,6.554735641182655,5.240514036990509,1.981303096083828,0.8143620177016574,0.4509492182026855,0.33271170329049804,1.4837498310655521,0.6078220449083991,-0.10767499890846353,1.4142741353482429,2.0895402899265343,2.01089217916041,1.6936779833413356,3.0814011286209166,4.547521830982886,3.037476950071312,3.1508778269295337,5.330110816016453,5.589846006051147,6.142050293035715,6.270277382094369,5.929593720742331,5.989130385534898,6.167341518530015,10.132898823277875,8.690596011032333,12.539198181468205
16.22347460812887,14.963990729386962,13.80487746163059,12.574843807507627,11.113647732108513,9.328871255742635,6.908242045258393,6.032750546024468,4.322050692897857,2.055076999062352,0.7334106308785255,-0.03549133081640559,1.1166616957265947,1.1639744041067162,0.5408718144526521,0.38358988797963556,0.9357809070080374,2.1266988587424493,2.0456422239368544,3.361544955612828,3.4284620090962035,4.088710274196263,3.133427407036852,3.7906506374927593,6.061905586735836,5.228113568850144,6.420849728419363,5.39747300562042,5.056581583341172,3.3577659467235486,6.445203945954435,8.48844109081997,8.195032076471712,9.861652284914861
16.153082015592574,14.854851151345493,13.360287457984338,12.147579107700857,10.526624359434313,8.693015003272212,6.4065347670599975,4.9770571108228285,3.7090165813183598,2.1929239457883303,2.0498148643359833,3.0215534094995595,1.78950619924018,0.9330718170102706,0.4410541683535553,-0.09976636955332219,2.2526612842973686,2.6456633790112463,2.611047053253624,3.8419683401649385,4.246071650251585,3.664407325971162,4.395903479568311,4.985100478597299,4.050335212972242,4.683417606275815,5.335646246630331,4.4672535221330545,4.14432553161115,2.4860738525853066,4.972182988656135,7.581918638491671,10.886190820584067,10.07617937447822
15.905892823938471,14.624899736360156,13.321777994381758,11.756616484891525,10.227830210410598,8.60412883515145,6.1908698293878635,4.584289172422715,2.959465649702663,2.574039873911902,2.4350532047215623,2.6549282838673514,2.2211506368835865,1.4718471288610933,1.2687465660686206,1.258557458743983,2.0840430419767673,2.18223875284114,1.7629191070237602,2.186555071542922,2.58929413366367,3.213693088976709,2.353721467671874,4.323567560911229,6.1976135615532115,5.3815093041612645,4.042349145355625,3.9199563230217667,5.530096884109316,5.041303261460802,6.668168620353578,5.652109003530993,8.797922934983518,13.661867371185382
15.355924775187257,14.333037324884323,13.134730089550967,11.416143109314019,10.187192467307039,8.252541248549406,6.3504661169598515,4.749842950688969,3.674869114864826,3.3074314361965453,2.915998007349715,2.5018666888996397,2.0391004153307244,1.8204665940101044,1.1983385709466292,1.8999407958443308,0.32840447145168455,0.37127822647142894,0.2070064664503175,1.2561636064499149,1.6128647757942436,2.0968263267693588,3.608741212555243,5.297168716570087,4.676248155983245,4.558965726881142,3.512787374101412,5.088841570745198,5.820305307358658,6.309442998137363,10.728045399561069,7.896540537150052,9.469231681769184,13.907932524650402
15.12839794955616,13.645446347058858,12.47366991144089,11.473204900605337,9.899633786342788,8.214157688933932,6.2312534716328285,4.863055312796407,4.167629105305562,3.635006513653755,2.9732166711628403,2.6387403440518264,2.535999111702824,2.1022145855899574,1.36880785429584,-0.4931053762805568,-0.5482065850656083,-0.8729134784113544,0.27836623252786574,0.7444707883922803,1.2326446021863107,2.4438909453829836,2.995753904905268,3.226917650182067,2.8966725873127306,2.6075360361798965,3.7076925777125878,4.37880844609522,4.700343164103522,4.978899089031811,9.771058442484321,9.229077941647962,11.28010612158595,11.852150144703913
14.507780292089285,12.94802705873868,12.060454318796399,11.273859761876755,9.793729531841707,8.173170013412467,6.300817480151587,4.935034524941472,4.1233910541793355,3.688825192380318,3.055602138020698,2.841341235192757,2.1790271045470737,1.347545554708326,0.8884257453987513,0.22784192696451977,-0.6182424258052326,0.6651643835900448,-0.4490982725887482,1.1899512106726313,2.3236201871592663,4.232837546942323,2.5955849431341482,1.7308286877003387,2.8715253419755715,2.81348589671798,2.3087910810177004,4.602696981493738,5.69996331531702,5.712996767674649,8.174787291883758,8.21537701268408,9.376504073246084,9.989567104187993
13.768267445315516,12.372999926550206,11.618626055754802,10.690983704422166,9.396132325086738,7.760435760606007,6.073865280433235,4.9855094006265555,4.273283209393946,3.4828775779586474,3.1670606301242406,2.410977293331544,1.3407070819412599,0.45750012738438917,-0.07579312022926432,-2.0049398669608767,-0.2133018372567126,-1.310182567178787,-0.7635962131757111,-0.8783610154309552,3.4138412870092196,0.7207149848745802,1.8043893934420028,2.691776187616808,2.231623104005869,2.1180670609500325,3.307569409803303,4.325205433583716,4.427817313111932,5.833046909012208,8.133610555367854,8.544752993104094,8.40019784645538,9.834997497627867
13.263259024242682,12.016364480922606,10.891228072341868,9.896828919777915,8.76833006587848,7.090100642693188,5.926922101489721,4.938176469411882,3.6681192689088333,3.315504131924918,2.5259693407507178,1.8468580723132253,0.1537649483418867,-0.48403227532878224,-1.7245951212613655,-0.7248683132119463,-1.0953765322659843,-2.407367238929669,-3.028784509172587,-1.054628142948556,-0.22094188787613317,1.4236933069442885,2.782828834172418,1.5408245543303138,0.6999481978115955,1.4010412251484234,3.0136449422231815,5.371646901111076,5.290876751231698,5.972433707989991,7.3070598915342275,6.815518967131927,7.575355490591713,8.222057827732323
12.865491681239174,11.463222991954446,10.261118217341545,9.163282544802058,7.907116652948477,6.451062229715011,5.446019997837458,4.348626944517598,3.8211228238480905,3.004681287812096,1.892399878869534,0.29000313722469195,-1.0744225481602507,-1.245001579929863,-1.3067006823922256,-1.1670149313943594,-0.2994333746390411,-0.5800534544621274,-1.5730490368851002,1.9328684347454266,3.5527225035227255,2.168303391690117,1.8073588719162554,0.36996093543278974,0.8859505259985747,2.3916099538266913,2.614751475382519,4.488214677129702,4.29066889764658,6.38899709308109,5.466650753401286,6.369777081297361,7.183106991581571,8.82726727965988
12.258364608863022,11.040111675226374,9.51061099279968,8.216493449856873,7.198404533706554,5.963388360046594,5.0296989768794,4.030476039167402,3.608707217096245,2.236035582706081,0.5340838391578759,-0.7423075905000401,-1.3170163887276287,-1.0428097113049892,-0.2828951712950399,-0.3074577367559367,-0.147916582010146,0.11177135734551887,-0.48414082858893337,3.542729178808513,5.670932211092259,1.209275240987883,2.855688508543498,1.3763875487822692,1.4330310219340188,1.282373598409089,3.9575240619040595,5.361357949468261,4.717147243144885,4.803771138839724,4.9001756573926745,5.921784106207019,6.698220223382943,7.926096177912914
11.870146112485758,10.393301670256779,8.788955491228469,7.6240014754893455,6.486060883220328,5.311276865014064,4.419555800740823,3.665377904669491,2.8530543740909877,1.0875246753598289,-0.5758551116022556,-1.8386614663277014,-1.1014296337312943,0.2083407705277855,-0.508328051466104,0.3404800392448756,-0.8217534715713449,-0.8252777246562999,2.166619203125248,1.098322013456794,2.3905474735926897,3.154898890874527,0.9416416990326842,0.5113484930424795,0.3033672873298892,2.6811595243487516,4.145745088508776,3.899501029202717,3.7746433719993933,3.074860000587791,4.714816548026187,5.466804826230543,5.845688269049685,7.055594189537777
11.609967274210174,9.899282698375032,8.125829736314545,6.843366023882008,5.907559770772099,4.932441624983017,3.9385436316011053,3.330766862963028,1.7061606099763307,-0.3089839556059426,-2.81892759999673,-2.9047983809190403,-0.23931357559089073,1.2570423191497084,0.8840383326303923,0.19744274017464616,0.41702734060813973,0.7532285479586409,0.4334715473577104,1.7740856978319173,3.2222694793587965,1.8471505458932223,1.9179800403813183,2.711146834733917,3.414285023256407,3.526567236046428,2.984432789419052,3.093546306614127,2.563965471432611,4.241858325739544,5.001777130362224,4.956980270562891,5.728775188274378,6.8554070937262175
11.354119773705559,9.163533522085881,7.485490959677872,6.344564579392884,5.36119617531352,4.3710743299276995,3.6775354211507105,2.4283643103209016,0.4021772769752514,-1.46964735702263,-3.8870783172788013,-1.8904597492462012,1.6257178773081027,2.3193085838233873,1.6463032949355878,1.9681535612542314,2.990558967934572,1.2038063595065478,0.40848826285699064,0.05356298396631876,1.760934110950761,1.473850913575895,2.8072140039029456,3.7376441484705145,3.5084991851517895,2.6690040363815903,2.926814528747202,2.110857333832884,2.047049657386629,3.6747103829413548,3.617188280395204,3.650260798328171,6.534607959056498,6.641946544875807
10.722475533953377,8.299289456880942,6.9263607355013495,5.79889542195627,4.88209179257062,3.821690503008684,3.0224461669450844,1.1277166185279128,-0.8272198026988516,-2.9211442476061484,-3.6664870834155656,0.5852370265998489,3.1596293037996888,3.2354337653113947,2.59185280212573,3.3601465149099816,2.174257464306631,1.8636563845798604,-1.0790201875678156,0.9866092465064213,1.6429498671671194,2.3099973772510216,3.366479213230981,5.0785744677442946,3.482708756938066,4.51771868707654,3.1488675917197133,1.8345673807285883,2.5233778487656946,3.571021159706911,2.2750345660333666,3.0805867876203497,6.349874424641993,5.335530630301495
9.74827120395692,7.770794702747375,6.29378729397096,5.276086626613256,4.321978169658932,3.2776420003782833,1.97575663040819,-0.0902166380593935,-2.526729324045135,-2.5774942858387955,-2.1851775511208116,-0.9446824104507396,3.5031948147593623,4.142576311892505,1.6285767025420472,1.9387996000812442,0.5209410459867984,1.2002440509387784,-1.0040085643312995,2.4669761827400003,2.430527493263091,5.885055174334951,5.65452982398317,3.945597630051643,3.7356032876109055,4.840560187872078,3.52264477160141,2.5201544045240416,2.9877324620711914,0.917807436958879,0.7961527233774339,1.711334660567235,5.734753035484475,4.761265021712821
8.764460670185668,6.867473941312466,5.8663195890887385,4.833167564784774,3.8610438929280786,2.190829497279322,0.5025540171942217,-1.9512975860170512,-3.2926005031041172,-2.324007111828724,-0.2072161376028168,2.1522460997277273,2.2515496334706224,1.821608210742547,0.7047283739675783,0.08122444423825496,0.2807405631330926,-0.08167437806511925,0.6116364122701626,1.965803701430176,4.1784481614623,7.330939978933747,5.553191811595951,4.970954571482196,5.177606856152674,3.8722382585601602,3.255575881859979,3.0017880608830083,1.846416382517236,0.25278373394539905,0.7284513043905597,1.4997826546681912,5.472378277471354,4.584244974068609
7.89910379427531,6.622227330766961,5.441289779389534,4.453542533185793,2.876077839340991,0.9319289226606958,-1.4134073318744254,-2.6051342114704745,-1.9095279605894346,-0.3096527300158592,0.027992109797197923,1.2435354881945613,2.5313992416786086,1.5902677020006297,0.988517164627276,-0.2019392830184409,-3.2814850838222624,-2.1517004743449917,-0.04798555910978684,3.0266458234027787,5.9513836499665675,6.989655973111791,6.621817455157004,4.992059799099067,3.9407799452529444,3.3023185640193313,2.8930445033043473,2.4192041142255665,1.271553698902871,1.0436360911609246,0.6530968575707651,2.676430661715086,4.52047829404392,3.5562258802691558
7.814380405757907,6.384759471885072,5.398819742002007,3.720354990346814,1.2618014308123733,-0.3059051110727753,-2.189212126048098,-2.0649140413061238,-1.8374910358835383,1.5963982412108995,0.631054360130509,3.6407508304835416,3.054298129604591,1.146554434857278,-0.5473589378260622,0.7365048968935805,-1.8870966747793412,2.713605053211297,1.880790250233562,4.178357364500967,6.027384041579561,6.832877896988786,6.176174402781234,5.546670375587437,3.945255057022446,3.102843953325362,2.9764467582453715,2.3391461332494106,1.1792954196002163,3.953722759760483,1.8513209651749423,3.268196671876744,4.467927887585748,4.155784784742064
7.416640976509009,6.021802852132779,4.77727103916814,3.0193583844936107,0.24295055813326388,-0.7237223440023941,-2.8585298203707485,-2.425682119655836,1.2283985030055444,0.8245245380013132,4.617851023731146,4.150554318214752,1.366802756365367,0.9142354658837829,-1.9474367341193204,0.36742784286804725,0.17503019347593882,6.624167624925952,4.788423520014003,4.248907841737888,3.956962531662593,6.063469884238235,6.117090007056402,5.482696978787484,4.542139432900856,3.945076146443281,3.6799641599095905,2.3060347263726304,2.884604152860529,3.5406136818043477,3.271143032224411,3.602012551847197,3.8239940910750447,4.499079281696494
6.667128568174378,5.4129198540381545,3.9304318183877966,1.7691304061606188,0.04213444530799093,-2.147251695231769,-2.7941426485789362,-2.947456859066214,1.3706105674423783,2.7606561172704143,4.434086336587389,2.468345006864367,1.5226577241880226,0.36568552490069467,-1.5019180516395885,0.06502189995443658,2.1115088179371906,3.358437634796432,6.302056027314562,3.3810398370305097,3.0149154387890973,4.855027553193419,5.628200275186648,5.44950733102919,4.805926211191574,4.144445183235623,1.80025371053135,2.2862629356102553,3.117440444088908,3.1325684187260645,3.055715062222337,2.7784612927050887,4.3220311719204005,4.252579171768027
5.876170208381161,5.192476048533547,3.011790369543745,1.3888686891358784,0.05594694982954102,-1.9503517181840422,-3.3910003851589643,1.3038898505719014,2.890677842996364,5.614212543913742,3.8244137014729,2.644023550379176,1.8287183168393963,0.5405361424748757,-0.7692791764611427,0.8913309192093788,1.8553572994298069,1.7231718882280367,5.694037024489248,3.4425017441296366,2.905935537220526,4.705477328966253,4.904173866924227,4.721130030218844,4.813088140499324,3.81055748169634,2.80437212863883,2.7063527177585933,3.148891471120271,4.713214581548973,2.91330344242348,2.5038593538648644,3.851891179249708,5.238109399159551
5.393965346231359,4.93278091584614,2.3066884447434854,-0.22669955997072622,-1.887755083899928,-1.4516656261326952,-1.0867008243486782,3.4279805740004976,5.12326715182082,5.1541449746789265,2.5925576434315207,1.071488409989825,1.7658467999325553,1.9484909056178177,2.147532583724373,1.1620881797468987,0.5231461642953377,-0.43974451710619467,2.4579726845715943,3.006680376661144,3.1737440217130604,4.365314660528622,4.575398715032199,3.472204072134596,3.1356934033848662,3.090842632546685,2.852646284402825,2.0652099715836174,2.674142158786689,5.095767959712555,3.9854393252437355,3.54629755895534,5.6206922286555585,4.4035212590588735
6.295310456208282,3.718472759312102,1.5525449659300163,0.5920972227357846,-0.06756135285482802,-2.1432207593475274,-0.20471204216836145,3.264544158495936,4.911260702582162,4.122330394568663,1.381441033745758,1.228190954306068,0.4717861258144994,1.3154799270139652,1.9190665566573655,1.5566650632585095,-0.28011766503117075,-1.3655493703175217,-1.043581538620872,2.6463691197581007,2.3796658249720846,3.462886466259457,3.3544174227138877,3.8164365498651702,3.733997915648012,2.8072071945604384,3.075955607181043,3.7986370783904753,3.5474511527463934,4.140846569131019,2.515083330625048,3.703820972548177,4.63680015260557,5.271949158082884
5.781305524615736,2.859155824456954,-0.8210891458489686,-0.43928347102376814,-0.41031696502232906,0.029087298261937823,2.9202991619213177,3.846417376284612,3.7843553017507685,2.048402312419052,2.9584491822655745,2.6269013728154467,2.8193285006394873,4.547559315341726,1.4962211260292655,0.509420492088959,-0.9032484249373068,-2.3420290647951316,-2.50581637391545,-0.6054646577952698,1.2228538751431577,2.2912821980776217,1.9078044595440034,3.963608275449783,4.247455359834104,3.8816851675094655,2.8717733330289716,4.037341044707134,4.896473647903341,2.361134008849863,3.4555236515359233,2.2665744252089914,4.137596368140652,6.196338074029631
