script/wind100m.json
{"header": {"parameterCategory": 2, "parameterNumber": 3, "lo1": 3.000054539987559, "la1": 64.9999836372058, "dx": 0.5, "dy": 0.25, "nx": 34, "ny": 52, "refTime": "2026-03-08T15:00:00.000Z"}, "data":
[rows 25 to 49 of 52, columns 0 to 33 of 34]
9.227141766778075,8.565874800104337,7.41907800644427,6.552584885051817,8.555976992999748,9.204928930573184,7.490707897264664,6.754891261959493,5.9693495610899765,3.4225816855506173,1.780570872924638,-0.501583392287182,-0.761366963632575,5.012119528482138,5.425529916752734,7.169494458396234,9.173461605310246,2.797166563630486,4.324289870408193,2.452458490331841,2.194832966342648,4.0172991732144805,5.115945693212696,4.883290217467016,3.8751994820365057,3.1250581559417308,3.2378948917335997,2.677379812172064,3.311447327481579,3.9943153426540503,3.6483663661007504,3.241522846563579,2.706304215776684,1.8146120198750946
9.169052481575465,8.633334172778236,8.357775162278843,7.855388897587968,7.825908108780871,7.111078194675178,6.386325216684875,3.5807814492868872,3.386618781160698,3.258630755809443,2.3212678003046157,1.890805070272268,1.229913861266407,5.250827396680788,7.326379630062581,7.156174951372809,8.182482881561782,5.169091811702578,4.374117336380972,5.160288365771519,4.168790132003504,5.040404385805799,3.760478536347367,4.802133358376188,4.517316897149512,3.512591870402322,2.9403654850722254,2.4584211143572574,5.089046348039883,3.7491458023173636,3.3697072151365517,2.7670631264790355,2.2843788685049695,2.248676122176812
9.378411939153846,8.846632003079764,7.9323367207571875,8.093275278264452,8.273457019881846,8.014985657659256,5.649877290087771,4.0206025082148455,2.5391340316830764,2.3015244486291087,1.6286770971378843,1.090486657536097,5.0748894691145106,6.698734779286956,6.706615294506949,5.983960435905392,7.228267007986256,5.057951383190119,5.15848821499246,5.706927591057534,4.7128870108467815,4.249971140144933,3.3015753385635627,4.73391083517205,4.420642431162243,3.531686886397515,3.8819469680083363,3.789668631242948,4.501853500345841,4.82185411243335,3.816783576344612,2.8868782198969165,2.5577503922488303,2.3643834667758052
8.368113053197312,9.479949528092087,9.281759074241716,8.950565751526275,7.675008626047338,7.7162317650436085,7.02912029080786,3.883392422576033,2.181382031498402,1.2852121636307026,2.1158540614807584,3.4056972856783623,4.4792965492215355,4.48866959547748,6.21010268681738,4.135873413095589,4.953502479261389,7.967029803247653,5.77249255664557,5.263123066540303,3.848955346836974,4.798103542784007,4.990656142207371,4.882289384471063,4.3644294931974885,4.120168319518818,4.006296840362634,3.5238813285084527,5.432422760788761,5.400150446715604,6.164645235551316,5.8228535111409405,1.8971837761488337,3.783856746550031
8.26740870559613,8.703132555477147,9.298222408176475,8.398111668348502,7.933402222290253,7.444817279400696,5.1913020394968035,4.908595930383251,4.587471797221696,4.967547865849028,4.702981260529616,5.4947245295398,3.688721965066767,3.2642245477054326,4.39284124275686,1.9919323375253988,6.103235162169592,9.42602251117217,4.317528138718119,5.275291154873424,4.048004372092075,4.862300485838847,4.965212927714499,5.387472343016913,6.10658146309133,4.848171912492337,3.9694852238647207,3.1593486070554753,7.466745945607472,6.966113072562672,6.599974074652948,3.7179021933864886,4.173769794742288,5.793809327901636
9.62322198509884,9.333045875193267,8.586488639637686,8.3858887564286,7.6190268124303735,7.179477165641046,5.430320389674272,4.132199192506685,4.164700402599196,4.326603364821715,4.730747852300583,4.701606969526945,2.7771121031290638,1.8147141870380885,1.884965499632359,3.3593842810084147,5.920906758600794,7.506991127356678,5.783356688476801,3.0220444406796716,3.365217017054926,4.4823089143521795,4.8781084604045795,5.648816733025994,5.181114290655704,4.804246341263328,4.210127909296924,3.9246844070551963,5.436697126266147,6.412885024868824,5.894777252802712,1.832058683107466,4.401448359919811,4.614953214494381
9.39960297366615,9.359778031469038,8.75644218435047,8.913542011114304,8.145901291337616,7.171554460680194,6.254443929113902,4.084631478874268,4.329000900696215,4.0766810626918115,4.354849839946759,3.85360049365643,1.7764022921534155,3.4135069643802396,1.6321128359972832,1.7333623005052727,4.112512355011263,7.869766591075633,9.3322456010439,4.001310228922604,3.7861710679492777,3.2326098846204436,4.846711817399426,3.794693785415163,4.5627508207594305,4.453389057386347,4.563016160533621,6.194219169971899,3.817252586383466,5.159152110962252,4.71953878963951,1.8174140037013042,2.9871041525170425,3.4863368931537257
10.10509135067779,8.822648541847798,8.678311873269788,8.385070053828832,7.152449059027136,6.074420042314224,5.270573363650604,4.51567410434314,4.319390222526177,3.82858867168883,3.8165173117924116,2.1608264030497093,2.3326485302990414,2.401488043446427,-0.5277966059042394,4.245061928882889,4.32614099283905,7.0295286992312525,7.014604590886453,4.320133428125342,4.346496180616525,4.683034547543787,3.23636735531958,3.8073946160551446,3.666316653928481,4.265967423204356,3.846571737914272,4.824807749874017,6.143439632707201,4.705129631298819,4.1175946341902225,3.629372296122597,3.574404579835999,3.3958704570285247
9.257195155642176,8.684166382675222,7.899063674355965,7.676883920035623,7.373376342776151,5.902174364348699,4.36707002275488,3.7504187924140413,3.284068066301171,3.4374988811321945,3.671858233152045,1.7429640426158166,1.6105495546660649,0.03039858884637499,-0.18875651223240997,2.146226090637086,6.856585807368205,7.328803691130118,6.0159514616602845,5.855714071319147,4.435115812245507,3.1470515532202983,3.7635333527898465,3.959686199116542,3.7668457109421523,3.9213928642591087,3.354307582998944,4.064685907192209,5.2527796673438925,5.753449743381147,3.4161875039000873,3.8496681008473135,4.678467464922621,5.078283955470439
9.07973588781126,9.157458930668378,7.984884506492993,7.283099286462468,6.421006622834707,5.262963989434367,4.102509726555197,3.0307225766396524,2.0128272330550367,2.5205773938764793,2.8913743680733863,0.7657946992938945,0.41342960398728706,-1.7678758939586932,1.4736875277362567,2.9469092445580047,5.473463117258364,7.410391473427071,5.643705853251988,6.558528023897718,2.8401588467707652,3.4324852213451655,4.165431882631124,3.7235023824291136,3.4599127590518304,3.8499316281615172,2.3772753743708175,1.8752278106450164,4.4547197494584525,4.886523162281518,4.262879524538858,4.543534563221411,5.226885965799175,6.133554499621756
9.125809175049135,8.271023840498678,7.515579750684863,5.921973792537029,4.4207270177316484,3.8533949074036755,3.4480023515479665,2.6157794541535666,1.6507011486680772,2.347949508182963,1.749315950270243,0.841945385862174,-1.1771314048271995,-1.174924895164699,1.7222468370275235,4.823621878273994,3.2578143629942304,6.627540345797921,5.78496575133289,6.462765541669699,3.3541078673953026,2.7304903132161726,3.8409307424829127,2.742969095694298,2.8242921020667353,2.6581514820460774,1.5971404468736285,3.381790684654772,4.38765612837905,4.740794492576733,5.269269539947047,5.327399007349968,5.768772816904793,5.702704754382965
8.478694105347461,8.336881141194144,6.307339876751464,4.573943027046916,3.563026668266816,4.108815109267136,2.998904752554843,1.7239368912691653,0.8173850599782945,0.3766079795665481,-1.2984783557546145,-3.2236710015412293,-2.894567125194306,-0.30816300340527447,1.3559888595970206,3.9815435603945204,3.990971796260403,4.228189166473966,4.831144607811004,3.644931959439325,4.346283948366806,4.237374904008393,2.0757622353976424,3.312199969130089,5.200741064850059,5.271313411699252,4.475857274326336,5.132568101770706,4.4938043511083015,4.587711586482708,5.4655393429477,5.585813813756974,5.209711042717841,5.801666830011499
7.462808442552689,6.696263097323156,6.114709720847047,5.148567781673478,4.599447712359349,3.065765458197924,1.8272263164681455,0.44260867175272145,-0.739182179560717,0.15478597006405698,-4.292299166719412,-3.036275597327667,-2.2900573894603538,0.1200245127796585,-0.41597100911003776,5.192597336084015,0.6388171746303283,3.1041844157908325,4.130710930920861,2.250223924672695,3.6364750221863664,4.324921758065044,2.3361962233712354,1.8838967557452555,3.499081531336094,5.346141239109317,4.439390335516386,4.652002505597217,4.40431976170108,4.783839925521251,4.707854208830998,5.933402836781193,6.043573613499909,6.101014686089444
6.072282697677872,5.3107653376943595,4.462009129599214,3.8548361289672823,3.881924639592665,2.9229347250647444,0.7956434819528939,-0.350170788521762,0.17704479105577536,-5.3603115068844,-3.084432071710019,-2.7539629214932906,-1.033324937230331,2.729601081125652,1.0850914301785095,3.473493209495303,4.974804227625343,3.3790837449606435,1.2672601410691056,5.318954011804597,1.880941950802782,2.608700364783726,1.7659440583391526,3.253904708288077,2.245442477343445,4.8722626429630855,3.7360586996141034,3.469822348919077,4.342064677836619,3.9651753848612574,3.202507485270971,6.87673576182855,7.287764003644073,7.063561059877011
4.442973326937729,3.8510137080471245,4.166386259654503,5.207854971340425,2.5522465400392065,1.0552263099161405,-0.5624704238162305,-1.5650656470296962,-4.549332874781587,-4.134457716817899,-4.363638033608879,-3.7677668532178825,1.969800953196217,2.1444458357253295,3.7779869610717007,4.13643914496046,5.0506135582446525,1.2856166487358955,7.0235364672324785,6.186285620165529,4.228946520228519,5.536629773178114,3.854112985375396,4.3703898895260025,2.7371476931722345,4.109056630828089,4.385315877818649,3.070268184788763,3.6619735639451725,3.9763226733494386,1.7646078284758244,6.296717937180938,8.763143634915014,7.393948878186603
3.4844041991553443,3.3482646594270515,3.5346073466931185,2.4879999740250542,0.9474452706604984,-1.3494442879274997,-2.3963933199227827,-3.5720428253480656,-4.776261285283331,-4.828713960525942,-3.994150287808323,-1.486441707082604,2.349673556020486,3.7008984810924366,3.8269543855205113,2.0386144141593245,3.5194705567697486,4.432922555165106,6.297448356156795,5.135943281185665,4.180518820254242,6.183357647589819,6.802784250199272,6.057277990654343,2.9290876115810645,4.868991882717974,4.855521625718398,3.2229468906682865,2.666311708177925,4.837796459789626,2.3975072353695537,7.573443874749111,9.455393282502977,7.468708145798472
2.9375834213417855,2.9692976985853026,1.3043581913683746,0.26509197607051843,-0.7950726042759853,-1.7634353003960987,-3.0836631148242732,-4.675206660961491,-4.426306615813195,-2.8363506820826223,-0.46343494857870027,1.3440456515902295,1.619789101633162,1.829429823025165,4.039367216818073,4.6966838574138725,5.294933804520524,1.888434776367302,3.4989194012514258,4.023628741308436,3.676279782529137,4.05287349629346,7.932122145660434,5.791328856518346,5.15810225043052,6.014680710806611,5.5721735748838634,5.4073554049110415,3.633372151148463,3.6266983854036927,4.010472792979003,6.375402456040326,8.952463731613253,7.051700555331792
2.6740956355465375,1.8862587058360956,-0.3059865900431247,-0.22714810547530123,-2.350724461816149,-2.3599996949375486,-2.867575849320792,-2.601784872403398,-2.6678077175793056,-0.6349765189985436,-0.05301217389227187,2.1829397431912945,1.3827938805809439,0.14004200398151495,2.7586414458243573,3.6948711656608033,3.384792598535125,4.16038979241916,4.299806664545674,3.2930542049922007,3.6248826188904135,4.567515038199984,7.097467138405249,5.680905368515628,5.39719147718096,5.64691462075484,6.940101776220321,5.479680627154004,4.181938626361461,4.235633488534451,4.504271653679549,3.5884035026603707,6.567190388416503,5.92544097897881
1.6766613150114416,-0.36593522031083564,-1.4184172570089124,-2.55947981341318,-1.559349122567996,-0.7731622467699905,-0.826036804771002,-1.755940122131155,-0.5771590481685681,1.7712166284469186,3.7985177824838043,1.7785191581686428,1.6499704942696172,1.31991348774907,1.7254386402564144,2.2327875616473953,3.733563083108739,4.034646791593784,3.062332913725546,2.5680401545160016,2.5542799005143566,3.275662146927114,5.961124947603572,5.213943430510309,5.395373907996395,4.6645735350904145,5.3362521580310975,4.8286916345735325,4.383492335199543,4.116566389280408,4.2929887882087785,4.064165955864884,3.3624779063976704,4.061974616241932
0.6811588906779906,-1.7700407927236408,-1.7694681393341998,-1.4268691628866903,-0.7656306939676569,-0.9071228754705934,-2.376194478128472,-2.084158915126633,0.7898227620348148,2.4662630476710783,2.372288976719256,2.88620567244556,2.0535616313058016,1.5549691162781387,2.0094111551904934,1.6685726067839208,2.4251452743913795,2.447772165176447,2.7996109198488073,2.926605916168057,2.6153745046739227,4.386612740876269,4.474834985329903,3.5209918179621256,4.149787889343829,4.668508770444323,3.4536846279692233,4.630247927992274,4.5867695330054055,3.9442080483307635,3.881752050361395,4.141861465730926,3.937779643471119,3.134610543069945
-0.6292843276184078,-1.7843539844013145,-1.5797076469756282,-1.0377764831700753,-1.5542293241181366,-2.4413779547618213,-2.842346436184818,-0.9521268574702021,0.4206694648411794,1.2795363246658014,3.1214681445721584,1.9847485733924373,1.8502780568674213,2.4041323197924656,2.3952223202928073,0.44527903783235684,2.271288834148893,2.3336679510926395,2.5546995831775794,2.49567729142844,3.8131209018937775,2.979238977268433,3.7315032069500407,4.960215517309532,4.185028355828436,4.202530268152218,4.571681647733232,3.7124854797865074,3.64409992352181,3.73441360514971,3.6738749673974915,3.734625973650539,4.265805071192245,2.899532607285862
-2.3956858677635138,-2.058558940569297,-0.27434633348789883,-0.5231531794384113,-1.3316205451526704,-3.2605877555648344,-2.018901804710777,1.345469287844389,0.24598160599829544,1.9005890030896524,1.1760190465408034,2.035633472500028,1.0814962975847129,0.41845276775360185,-0.25557664924681134,3.1477105328495574,1.904669084418344,3.5676736685990043,2.7946347179150295,3.9037040770451332,2.407975151199053,4.360046719479766,3.8642980938159854,3.8728207027707793,4.645212597376049,4.574627123719126,3.80469610335527,3.2971374953991286,3.4774085281254945,3.912920185975234,3.9869353619207715,2.7049255482454333,3.439612359626515,3.9633137433678876
-1.8050440097362157,-1.6995118635597588,0.4365676621415832,-0.7263153761515497,-2.143216451288528,-3.107966809527033,0.7952070474259939,1.4160209991839685,1.0875951773181198,1.5966967808645227,1.7902691076579387,2.6320932412093643,1.9286185459012213,1.1320620861711335,2.608469437190508,2.490736763316157,2.450638976868763,2.2053222568086506,2.8098086035400955,2.315038927361642,1.8866507529379644,2.0990272493055606,3.214977970811335,2.8101768221450985,3.954629208102849,3.650129032073539,2.8894470185252974,2.802086540409813,3.0196823648217355,3.2721788470659954,2.379470437843564,3.1166196509187403,3.5499444803546125,3.7443088574580803
-1.3848317380762432,-1.2301201146487724,-0.6393200338211258,0.189318382243101,0.8312673277161056,0.6547408676973525,1.3343073104875265,1.756747203691764,1.4880390504610947,1.832947814892248,2.0249852934222767,2.510684300130497,3.2217267114292434,3.6550945471142806,2.332148214496548,2.72460581385253,2.301216023130831,2.133778774117108,2.234195342921603,1.5992283302419803,1.3119535826225435,1.6788825045791471,2.040762700385375,2.602772125736517,3.607650739490361,3.122169446748221,2.647616348769852,1.9017055909681622,1.4754283691568144,2.3095255533974948,2.4727827390422004,2.001622246868517,2.9133320041113753,2.9022269857701195
-0.3800443909333892,-1.5944183254152893,-1.269656462293493,-0.256687490550057,0.41721111566850055,-0.6768179038413057,1.0968924713090105,1.1179061357288693,1.3746522265370762,1.6458035609915345,1.8461544100386342,2.5693025333017556,2.5064001690546522,1.418859515867902,2.026988406418397,2.5576863934437943,1.7153692636155924,2.1143907223005884,1.2019555910490385,1.5916254580338414,1.304498752425484,0.642722076133789,2.4097459178260636,1.9392452211035336,3.1649134416853677,1.3226792193869006,2.127237146783124,1.8483224615892868,1.4170917959396392,2.0223798740736285,2.1731905828466673,3.0106788903970267,1.6708042990830876,2.519861569675756
