script/wind150m.json
{"header": {"parameterCategory": 2, "parameterNumber": 2, "lo1": 6.000198445256149, "la1": 58.999992894266676, "dx": 0.5, "dy": 0.25, "nx": 22, "ny": 24, "refTime": "2024-02-09T10:00:00.000Z"}, "data":
[rows 0 to 23 of 24, columns 0 to 21 of 22]
-8.295805150115498,-17.092882541383155,-19.485282255751322,-9.031464615349472,-12.033690632593888,-19.476007448358317,-10.242420288534543,-16.266533767275394,-16.807872126540826,-20.542916811118054,-7.702281693681483,-13.171217026790153,-20.56518908030708,-3.2447732946577346,-3.3448123232508755,-7.0552536360138305,-6.76508432655291,-24.573014278705738,-8.240290203793803,-7.550353766566035,-14.496702363474522,-11.848787461309662
-10.016239986645147,-21.21989382460685,-22.561904904433813,-10.680630198532159,-9.573121141167839,-8.408083354848296,-15.402368419396709,-19.2394906684638,-9.675035134191022,-11.967029983855985,-18.583098976644706,-11.70677773873317,-16.276641399302648,-18.296346980159072,-13.42017974419999,-7.469361817311609,-15.86952939606275,-7.722156435684053,-12.911119367495122,-16.448244987709273,-10.668710751475881,-8.447974841713664
-9.988744288681662,-13.635001353684236,-8.773265685790221,-9.600460092079166,-14.533878410200032,-9.79558763364058,-6.067991673350725,-9.384040240934421,-13.616649082264962,-15.647304402600373,-13.94696585788994,-9.860495132068214,-6.2359791988886535,-13.20276924226933,-9.580382357165394,-8.633917396482554,-17.012770878408507,-15.02580379024398,-12.577496887865065,-13.317060425101065,-13.679491355021964,-6.775294685169389
-13.789470664268634,-18.67083315950562,-13.926226809982541,-7.512265766300239,-16.026767800617137,-9.279322737988364,-13.881677828360484,-14.205485140546099,-11.258052478449724,-10.265283773443233,-8.021496912908436,-10.019469369011246,-10.477169835580444,-13.400168049752583,-14.085383647803381,-13.119513349616295,-11.911700928804972,-14.853447837337182,-16.281925626580012,-15.401525581620735,-9.693416190460026,-16.359222705045635
-11.259745406551167,-9.727895306865992,-6.909987357277522,-12.494276709893274,-9.03059468424165,-15.950080397216666,-11.362692684302822,-7.000179539723644,-12.347061184243577,-20.602859294807896,-13.950073811946607,-9.444152385281127,-13.160157500548554,-10.941000455398768,-6.105223522435841,-8.65731199866273,-16.585946364529025,-21.65798308324867,-15.285683929386321,-7.917226637841583,-8.181616109638863,-17.880985439854655
-11.682547296573564,-16.392470077763193,-9.084693214599284,-11.814902104011493,-20.80010301956361,-15.13840118221257,-13.085647164783259,-18.42549768391311,-6.111840194757316,-14.732855722626022,-18.097897732830422,-13.413897262783633,-14.807405841547954,-10.059471988560842,-7.27681874037079,-10.96565266291991,-10.68229424224014,-20.757126447436868,-8.236936527458266,-12.438549336134962,-12.680799852271832,-13.935838021055563
-16.3886586502802,-21.44767248804221,-14.864800717687993,-8.052264066740602,-14.513706211081546,-14.53148919279717,-14.879585884916866,-12.153629207952804,-23.454420069360996,-10.692499678053515,-11.280029683334392,-10.218438797476926,-18.72803018043523,-11.356844186043757,-20.702585745376442,-23.59580622787072,-6.813727499931177,-20.457766602942698,-9.77911829426097,-18.84468646094585,-8.435809539781276,-14.136295551120375
-14.95186089794484,-10.908854556303236,-16.24168877778536,-16.84989704165131,-10.935470156242754,-10.769751477561876,-9.95374449644698,-11.783473456048187,-20.17930549727749,-7.7864730946207485,-21.367367102560358,-19.605038505013244,-8.067792125956439,-8.946005251147081,-17.114055328587988,-12.615028808876596,-16.580489449433692,-17.613892945209034,-9.900171773681564,-12.462593722072144,-7.896957219064715,-9.185300347899524
-16.095901525478016,-12.689871183767796,-8.360838550323242,-13.373113499390637,-16.24905931909372,-12.523890358471569,-21.12391477309192,-9.050129276114456,-14.43006023628886,-7.128241237043908,-12.48225654426486,-16.02920645142337,-11.964495027787311,-15.822720724138192,-7.201419190525983,-16.800382532803383,-21.638958684481715,-11.215206009842731,-19.982830740228298,-21.322502213625754,-18.370492958441304,-16.745029824915267
-3.845691575742328,-9.523905958184288,-9.978109213974253,-13.544023341638102,-14.362790921278105,-6.324190168543696,-13.482731146812485,-11.212665153349382,-11.654863536629751,-11.232004196685262,-13.007999949111825,-18.221312190705472,-7.078757988028483,-14.85481217435161,-7.414601786638354,-8.11273933787247,-15.693188299302205,-16.474569977453164,-14.547560719789084,-7.282796912034371,-12.298469326844623,-13.603640989163406
-9.394578081567888,-13.78647569231567,-16.38616472708307,-21.87974068571301,-3.9164121260983262,-16.381629533617208,-10.838317135547051,-16.290868832354505,-20.534557068720353,-11.256355144184358,-17.52963607222289,-18.179403017910808,-12.937401049529639,-8.251274866531517,-22.853517181813242,-16.647637543609154,-9.749299382812223,-11.010436362669974,-16.29313211220557,-6.9501929699611384,-12.211323520455396,-15.359576453984502
-10.602723251758986,-14.662203295387936,-19.236071771327758,-9.762020850610416,-10.780538232907505,-14.941170704724941,-18.370919482751678,-13.174992088884693,-19.053367027030845,-6.680179463687856,-5.3183196058867095,-4.225733216999871,-11.911700310465362,-8.426566098054163,-10.082547812016712,-5.621500558627458,-14.25820921189293,-11.454914483369544,-20.248327130968285,-20.778732964741543,-20.597395639962397,-8.588025560653424
-11.15603975769555,-10.32139351417674,-6.608366989023327,-20.763402336740455,-15.288150199108303,-6.242658216093758,-13.251562417420017,-13.685000008359074,-8.773866129214351,-17.90099525932775,-11.872887236702894,-16.722950991521667,-21.071267717895346,-16.056565270974406,-13.039853361864147,-18.253658236700286,-12.732455125876145,-21.692541544959326,-12.946423906982991,-15.596481655353678,-10.83654783591878,-9.058868713989149
-15.214384716929894,-6.8204430194406225,-20.791698616898035,-16.909435550019722,-7.01518086628436,-12.440408928253069,-7.638622258718866,-15.731772786472227,-12.206500898521508,-21.947130626529475,-6.757927224712337,-14.183130987079327,-10.072648006845524,-13.486514442908906,-14.744474026095768,-10.057829340366137,-15.62158684575236,-6.739015435964172,-17.525695782006387,-11.735919776616747,-8.140896309348655,-12.822863003778233
-14.230505089071842,-4.783471267756884,-8.054558890386334,-11.787085992315971,-5.761522483584553,-6.415442150861752,-13.331953880185221,-15.173667905037469,-8.773672508275462,-11.63904180300621,-7.483516248433973,-22.142189628899718,-22.406031268555793,-20.58262701479466,-9.205941968276804,-10.777663804277624,-7.989586192948833,-9.18284077029508,-6.640047431339101,-13.830312066208744,-21.51758504383001,-8.021252777029046
-14.040185175924512,-4.825664583914734,-18.000202821525196,-22.074525644996097,-14.801407743312566,-14.472368086240559,-3.5074947285421842,-18.25862882279848,-9.040628176220922,-16.904233287780475,-8.753571514419054,-16.743257373771858,-11.762325537131149,-8.09887637483303,-15.319672816303973,-8.809869912059641,-12.698853219079322,-15.36988274162753,-13.569497409515398,-6.0316315714336834,-19.84893252363756,-8.968224192147625
-8.089541291390734,-14.579864699991624,-8.082637879627905,-13.35307768981385,-7.5877169115279015,-18.644921708497517,-15.888395295810442,-11.639523743881231,-10.743336054757973,-13.872642284916221,-4.614880080964008,-16.33176498747349,-9.705017474664155,-9.527324428111307,-10.012568424385647,-6.004895042952495,-9.789413776271473,-16.459748159166033,-12.486623150701881,-20.845218645195974,-6.906702426908127,-12.442939151385964
-7.078959037092466,-11.657569425260172,-23.09077036524592,-8.514616680690589,-17.051351999210777,-11.519242513735257,-15.572844390333866,-14.756545668582955,-11.1924852229632,-16.34841579808998,-23.292580543133514,-11.221646091888951,-20.50216111401037,-7.374970065562225,-8.528803225577526,-8.591224689961077,-16.768847761350774,-12.43470725887562,-11.797576531828108,-13.691895282997546,-14.261980827199666,-21.611531566420297
-9.163133126767562,-12.249945815536295,-9.311927766687326,-16.409021812657738,-11.307015608066703,-13.800467771105417,-22.527242976208715,-14.736135484362968,-6.495472956853458,-14.382108731546902,-15.092966026653528,-9.73937678766874,-5.608734290577525,-18.777166215058777,-12.518260910906287,-5.858762471472675,-19.900120824942928,-15.630156473076495,-10.851518515164846,-8.859274799008606,-14.176705093123594,-18.339060097700365
-12.335663987105061,-20.659325415574767,-16.22702934999709,-12.52058042125784,-21.66223436024463,-12.826311938263814,-15.371673462890246,-9.083370866709345,-10.219353201788032,-10.96670965165447,-12.3090797631384,-20.368897447999384,-7.760181564646513,-16.729535210762506,-8.112084635472122,-6.915066630235126,-15.076674811082736,-15.945501761393285,-9.814811450776832,-8.919317464989504,-9.641066203019792,-15.018174374391256
-15.634157700981085,-7.637286826288621,-9.042170642081032,-9.499096080052471,-5.593573882961545,-13.548985821532723,-10.63112153126709,-20.17525256677334,-7.605300591580464,-18.135497862912523,-8.098653681721865,-6.1815545057238594,-16.76698407493632,-14.423718617291753,-14.883969392067767,-22.513419892469496,-11.291526986645449,-14.049839078294532,-15.638024914044184,-4.949500450451509,-8.163781236126566,-15.521381976732618
-8.795013834642228,-13.602725961192524,-15.610328436779467,-3.100599295960532,-12.656310487065294,-10.941184109282004,-16.293803779383502,-14.352200399130556,-14.909480197387701,-18.605405249262258,-16.325835354110332,-15.277595855031922,-6.981573661861829,-14.878484198082093,-11.981068304737175,-17.51984920842734,-23.423084743428063,-17.524390491978586,-9.988967375525936,-14.906539835346813,-21.83544850691129,-10.265750527459687
-16.33737349301949,-6.561255107090218,-7.9572601921162445,-14.468296834611953,-12.883337920178063,-14.959190483624564,-8.84970785518138,-9.21735945589717,-14.038526525731982,-13.375912271823717,-7.812643180462308,-12.72786522568626,-16.776921239364473,-7.8207877761526365,-16.142286335623496,-7.887178120842971,-7.337936095718592,-16.314629883727715,-18.551508403567556,-16.773717223498156,-7.901855999814921,-17.645115133483497
-7.698062054787148,-14.63101151347958,-9.274077620654493,-10.753528485836709,-11.270263668441247,-12.548754417166768,-16.677745579688835,-18.239784540826644,-11.233786182559298,-11.35487782303781,-14.73544251619061,-7.037257530687136,-12.7678646605191,-7.9208506007343455,-14.633788647524248,-13.551351090232485,-15.158482317457938,-12.963719313145317,-8.589856484506786,-10.569044805008142,-16.492971221351063,-21.202303878245925
