script/wind150m.json
{"header": {"parameterCategory": 2, "parameterNumber": 3, "lo1": 3.000054539987559, "la1": 64.9999836372058, "dx": 0.5, "dy": 0.25, "nx": 34, "ny": 52, "refTime": "2025-12-09T16:00:00.000Z"}, "data":
[rows 25 to 49 of 52, columns 0 to 33 of 34]
9.618127613008122,10.553794828841411,11.033983629158385,11.64721387782663,12.728939392913043,9.627756714726042,7.951648923954338,4.809355976609916,6.341122527093349,1.3469739618592655,2.017706022491302,-0.8236891609920585,-0.3619701120089084,-0.587272195223921,0.32071435559340994,1.274368157275317,1.4372684163469516,2.481867850049119,2.4545570311823592,0.9634029943092142,-0.9274386287862125,-0.7686843731573842,-1.466139765264685,-1.3309439419753768,-1.081907920449019,-0.5465803640628106,-1.160864559026474,-1.082257335047644,-2.406743662210089,-2.0392688433489297,-3.2468867852869874,-3.847699139181503,-4.9489481801812465,-4.904494568003375
12.317377479543262,10.25948227377699,9.974431651911342,10.01677842813485,9.556403265332063,7.989899884752136,3.696615031546598,3.733899558223816,1.4698163729801088,2.9084150465550334,0.6635983237168329,-0.5847006863291889,-2.281501676003265,0.44709901467802804,1.6560508033660997,2.1936966424564837,2.913182612248543,3.1415399012583127,3.0073286939751465,1.4313786299669782,1.0931425311372456,0.6008367314177365,-0.9665271550395487,-1.8770292060085307,-3.586852360737475,-4.143356713392292,-1.5230672256077924,-2.366287759587194,-2.711167744208793,-2.861470219883876,-3.241011817388065,-4.028179363785875,-4.619253149013574,-5.424426126777613
12.583168359159371,12.50852383307116,10.988192110203052,9.747552816865397,8.934794491307752,7.62571261718694,4.725337003649855,2.060520971076498,1.9080392743607288,2.3422195887992534,1.9956752797767363,-2.7383746079417066,1.2333560894636217,2.0346060176687133,1.644101754551209,1.7166896196221124,3.188523636108427,4.396936902004796,3.1888756701881014,3.6041893428593155,4.083320135625723,2.857371787188834,1.5540684290978597,0.47850533177670634,-1.2783801608336902,-2.5069321601255616,-2.8241182541037997,-3.623581041527078,-4.446111496776044,-4.528649241988029,-4.024255502935703,-4.071565315378526,-4.462770265947934,-4.0699689709204
12.733844285123466,12.570452884068414,12.561726556175147,11.616003639775322,10.067902345051815,8.41499640531089,6.38199783953267,5.147711828190875,2.659226348580584,1.7108473610769686,4.1432341248466065,3.826020047356607,3.6671724019363334,4.186884587786446,5.38954422545472,4.0719085186890736,2.92612474473826,3.6945901869967708,3.8971111593704273,4.141561251639962,3.6496517362029284,2.742321686635042,1.097944606968601,1.6266846282367846,0.8789568228560989,-0.756701602292244,-3.270784435455141,-3.5714374644046787,-3.215026530169604,-3.8449409600518982,-5.755050907497351,-4.987518096523769,-4.34402760125905,-4.719509093952573
13.094618924443184,12.861740383554102,12.88818255207583,12.756479290606036,12.426226271714622,11.08512877151097,9.298816578861818,8.043968166756283,6.3557490334947415,6.120867532654703,6.7057007647443125,6.3019452389724195,6.196291291293683,5.9504243906978305,5.160163755235266,4.9367300321936165,3.888003945021322,3.2216856087883623,3.476336583092171,3.15306895903766,2.675121773490536,2.7744679493030846,2.4960970652596695,2.4948295565702416,0.615664526016748,0.28240614757523963,-0.5802880083436516,-0.9461426340336597,-2.1669661655937924,-3.4169159600262895,-3.0711698549370614,-3.117731200440666,-3.489846904635207,-5.15669651032306
14.068524841841954,13.768188893424352,13.787106703197356,13.378550413794708,13.074125887828622,12.902276936659813,12.670637107005746,10.515495013904378,8.506944723536291,8.090798979120516,7.698127134748712,8.309530432041393,8.730661259258342,8.127986146541522,5.496806900636751,3.7639336375782957,3.451899899947576,4.468887717897691,3.9232071191116167,3.2474938664372335,2.1688466916723894,1.0790352336337294,2.542086697068514,1.6361510126214374,1.5945492061934232,0.44004226961800696,1.1889314647707474,1.8322244273628074,0.4943191988117385,-0.2018591865225926,-2.6742713634356536,-0.7130292634108617,-1.7971499446318882,-1.7807671553034499
13.863743549325594,13.763348774409772,13.586548531111896,13.62693994586496,13.424064843575266,13.69910379184642,12.734155145807478,12.812057757617582,12.125681040312049,10.789227354642186,9.866820534290087,8.028896406832514,7.965500693749367,7.06445353147231,6.2590786030682235,7.573938694422195,6.276662110559233,4.634547347683234,2.9516533591873055,3.6618507804448996,2.8408965277943024,2.324153055021468,2.549448331261305,1.779825167992221,1.0938180848412342,0.6251492420743344,0.7164584753455571,0.3727548248288021,2.383347673117668,2.09164557637831,-0.5777998134126238,-1.533413267448148,-2.6159879906300016,-2.6872484431501094
14.900337861876185,14.152351985672945,13.809931375459703,13.62473962791673,14.04058342575517,13.801414874553817,13.207732409996614,12.957458801245286,13.342977404827042,13.232341862541082,12.28762252832323,7.8442619408843655,8.972857453602574,6.912664841304987,5.7549419459360465,7.72557683209862,7.355604443418942,6.0369271800659385,5.0692087582621586,4.935444599200469,3.3581194361842144,2.877677532420866,3.135629704437411,2.4858197845949683,2.072219717874289,1.2021090887282486,1.2805383018235335,1.8603861206506764,1.722997660074704,1.0608888727846204,-0.19802509599446272,-0.9201636920701386,0.13386593129319202,-0.5190813319532858
15.563059779001884,15.222504786936746,14.69041019954153,14.384139805193536,13.963993165057857,13.82350100767596,13.36155976721332,13.240649262894282,13.705835750792136,14.197157016919743,13.682630662882346,9.733956141823212,8.757165896477751,7.239672204233366,5.941702232964405,7.2996786863107355,6.699827905979759,7.55852941739642,8.119049240179839,4.617459007102241,4.337018092696782,2.5983236060769346,2.6177490189039956,3.045280935203824,2.416221067395439,1.464811649373312,1.4555391803369186,2.0956406342808065,2.304292964371817,-0.7478598180605045,-1.116549664325274,-1.144139289082135,-0.7274382061465015,-1.3514310091139565
15.90796765467014,15.579590698729568,15.217285201901214,15.001006994134377,14.152158391751573,14.166100821759397,13.910055426082684,13.34199855681429,13.221798873710025,13.60582247066332,14.299390228904153,8.424156793833102,7.86156921458549,8.254069636760244,7.051537162085116,7.412923454650754,7.293341614694922,6.987231062623077,6.8954899004943435,6.113339174409474,3.3082664973089835,1.72629041732087,1.6702130066656478,1.446011936500163,1.1295370345829847,1.1726980875641981,1.64827223063889,1.0851473354721701,-0.3108889484879413,-1.3909196821666863,-1.4010242837581597,-1.1222820076703501,-3.3406995464108804,-2.2431992384082506
16.03049769111458,16.21278243670028,16.375587627729487,15.634778023263024,14.654745754225113,14.446221700983982,14.768750156349755,15.43365598014874,15.167957301904899,14.028183878114648,15.116965801647053,8.208919582417247,7.839484030116387,7.993773447946783,7.0515048167799135,9.940904705848347,7.317949148361145,7.095559602961566,6.819660001692176,5.610945814541735,3.7844819155373983,2.564528823584613,2.154293444473723,0.8892062257504512,0.6247025039497781,0.7097622052009114,1.0079718050185846,0.9158971302924566,-0.6637570038557693,-0.007569862425167432,0.3615686044509961,-1.7775414386981327,-1.5402236889640455,-1.8478993032656765
17.009168685799168,16.649037082134384,15.892628619504896,15.350854722618537,15.307093411865013,15.31102550991345,15.31613653340473,15.378139455960712,16.427000310274693,15.189462007021072,15.77078010364053,9.012738906700205,7.9097980095139535,8.048870153446929,8.476542394952242,9.249190196518866,8.347078638112695,7.845724306157609,6.215030068127615,4.484255986580858,4.502725623597291,4.199094753972147,1.5862882653343908,0.9236187736241769,0.9119513274119316,-0.20920347553860336,0.15534716695903078,-0.7653082145257957,-0.9568829140409052,-0.4081051933421231,0.34133115518472334,0.15375017543943303,-1.3401208224126906,-2.2104328594582823
15.472021773656273,15.226984480757668,16.182124038776696,15.870212915250416,16.059374121528847,16.054195436708763,15.986556187294955,16.66077031995358,16.564354914518468,15.93536816783042,16.28936499819461,10.257431556500622,8.974029230334768,7.399175836530265,9.233220330000615,8.451268704103525,8.959871392384736,7.414011344021757,6.0676556254273155,4.673852942488041,3.960409280143078,2.6443524233885625,2.4895359032755895,0.676076202766906,0.0393295732968082,0.07817738719004992,-1.5664345417485712,-2.153935709497928,-2.433182019656643,-1.9937947489999626,-1.7624417493747522,-0.6899671472395759,-2.0262988578106804,-1.0145255249665481
17.10593735517013,17.30429219152404,16.975011698909913,16.780246566067593,16.023373104700525,16.057786242254505,16.973300734452323,16.95029272456089,17.137215676287642,16.371566882629445,16.03775139476904,11.623206295390856,8.98102582254365,7.318463753983464,8.316501035900032,6.798330926959433,7.011804251144014,6.746350216967017,6.2779459167235085,5.4993853027649315,5.220041295986503,4.065066739911611,2.8533945436552277,2.3413055154938345,0.1600502478330798,-0.49804939357646727,-0.3407173187064311,-1.427824286443919,-3.113532916539356,-3.3144205163004092,-3.5749348236881637,-3.13427130591595,-2.6352392116283707,-0.19242339249747914
19.221989048301474,19.06264068177104,18.42478101989813,17.365342785291105,16.636944901825117,16.417174415475067,16.37327640750566,16.806200250919108,16.65727232618362,16.55380489130191,17.430351365422496,14.220132393644523,8.620757520326073,8.177437605670708,8.521464999565504,9.259990157969579,9.090638781588359,7.128424578299224,6.193048192636061,6.089791536694977,5.266936156749289,4.747280375792991,3.6808029161770977,1.188640330907246,0.936422781609182,-0.06467018060529715,-1.4587910882331558,-0.8918874551819853,-2.8752375945208226,-3.6570860447775644,-4.419561530754803,-5.132056882428154,-5.8485035715251055,-4.367844522020283
20.14470558699165,19.72809680375405,18.550596017675872,17.644286030140037,17.078342825375334,17.30274733784682,16.544155041374612,17.27306611288287,17.640295907706076,16.35134355734723,17.24063554604848,16.05222213914463,8.871387398354331,8.18676456899603,9.199899571674818,9.446048580609721,9.329945369448382,7.844746907229154,6.658116055770198,7.658040780804295,8.485282330701825,6.249454753358998,5.309322094468576,2.427396729617556,-0.5396645404486553,-0.9484051496590608,0.19776839286885417,-2.3915202323215614,-3.3172001447339374,-3.6408408311877354,-4.309777281599566,-3.3640443278715866,-3.0619837586628478,-2.067153933725195
20.28717881257047,19.742280708448202,18.978604757108823,17.82046923653614,17.471120786275314,16.86640795284373,16.818738616406105,17.097459787812948,17.87877759901069,16.987205421069987,17.34424836340563,15.965220376252747,10.17581500937865,9.235491715531353,8.339680759375657,7.631170964658163,7.815633735678248,7.557789886742402,8.8445914550471,10.200475570057888,7.3592672541582465,6.741259873769972,5.049438225523602,4.250112549322368,3.54683073276358,0.7046622145416748,-2.3675330471794642,-1.0805258978900132,-0.23016872183350934,-0.04050236307328874,-1.8935574914519824,-2.420643914691794,-2.891175574742188,-4.249664824484237
20.534793010258962,20.068269771162374,19.298811581398684,18.113281080966516,17.604217943031784,16.76805710653892,17.59821192240915,18.092480575739163,17.386398485933494,16.32240557741603,15.897553000522182,15.694776570757892,10.686958938743109,9.034427232820049,9.052553020347645,7.7337276508206525,7.692034790562393,7.769469408294399,7.948586532226475,8.64279649364879,7.294914769619873,5.414031113202079,5.933780508367545,4.512753673077897,3.4990878193529475,2.2676468697213368,-1.0769608182321495,-0.9526357767462039,-1.7319342622408482,-2.1691039223029436,-1.5647102149543282,-2.1959543640168198,-1.8974601727502405,1.6920867376568725
21.224171928514757,20.30347933389319,19.40851976573789,19.133709430638437,18.937449438454845,18.206464585776622,18.015477576884994,18.205576460576104,16.842946426042538,15.346760824150595,14.573011501853884,14.861359168690308,10.667921899998852,9.524934907939777,8.32022908189756,8.051528791297567,8.445254767948853,8.863065895898114,7.599194743311279,5.967283295738203,5.750501493854328,6.54423876258964,5.828253011653555,6.03978541578717,4.357833914528093,4.040948313373669,0.6457554002224911,0.8326130655680475,-0.8378424184448893,-1.8216576227942622,-3.3150059090549,-1.043945891157833,1.5732982204134627,1.932802581532628
21.500520880280924,20.92266503761379,20.436716653036445,19.226458846843343,18.839188458601956,18.48622271881753,17.41514994223692,16.355238664802638,16.03179213070772,13.714999703100656,13.35691278387179,14.094296588709668,10.928071635978053,9.190881390484014,8.560005205604698,9.079011497950416,9.317177677742713,9.378173431967632,6.541661894185386,6.140392401506082,5.768243541088464,6.425730808424153,6.00984895989651,6.246741823899337,5.138797318410939,4.204263985532327,2.080678294342519,0.6181876408240158,-1.6411951578027129,-1.142795447734876,0.2804222568283163,1.4269290259775602,4.371398851313012,5.033726226135107
21.15438959716605,20.46216960791039,19.80727431353653,19.802471681134342,18.305405251493646,17.353884480290045,16.257281436839477,14.390039309057272,13.948905497534623,11.49083425104914,10.935752343537969,11.745937973245171,10.005009621815548,10.522102659124775,8.668660386019019,8.874699776564034,8.544054227919867,8.374495318594024,7.9469539130892155,6.515919370051193,6.28901142292589,5.209366582177094,5.9872155562519795,5.131859099087093,4.78095450219689,3.7402910644569842,1.4150246861163582,1.0387243059461573,1.9643060402743655,3.4233574911101115,3.950525479982901,3.2149542725268407,4.214616997512012,4.271765228371634
20.602844417546716,19.002171650450276,18.314211006860113,18.86830881384642,18.143642888338512,17.759419251855388,13.748929396235976,12.562649452979507,11.623827275535517,9.864102683783303,9.698872970456605,10.286328156885183,9.1339579366449,9.570570363082087,9.017044403102958,9.05982796467367,7.088813010758584,6.761617481079753,7.157603912470972,6.029685807319333,5.6408844951967305,5.165229550187741,6.192271206992488,5.763446368925486,3.4279551210642536,3.2933663388838035,2.515005981345915,0.8948073211061002,0.7772642262621016,1.529525913704615,2.9071114605166515,2.9613699035982797,3.795161065091356,2.600857515317495
19.61677469502581,18.35282705701602,18.402599927190845,18.527417472190297,15.810490781868259,13.544505177489262,11.836833881645198,10.253871760927073,10.478557329060827,10.334133365560852,9.22709596149009,9.690758062789271,9.808604923443731,9.601040217778255,8.957189271377178,10.152935121014622,8.335427585058673,6.232369703674684,5.797423478810234,7.050007451841948,5.663974140102879,4.431557640935481,4.653770023817948,5.198909923596809,2.98819636745093,2.7208339984356837,2.085723626025803,0.06414220703684115,1.1829271611121719,1.1463875072042864,1.2543281765801644,0.22660970288250548,-1.0714231761261273,1.9769621504671209
18.857596880688156,18.050757473853043,18.801260394698712,18.744424867203612,14.149361596268104,14.319665122088614,11.757313777467418,10.907764813499117,11.706045205682438,10.249177094660205,9.4462139292652,9.134814038654126,8.921976749455418,9.163323083232042,8.153307672358713,8.755710001444093,6.205819894215269,4.1253462965143886,3.990463655724851,5.334453436228392,6.14795667085687,5.726878835356846,5.12027896428481,4.641692500425254,3.8375580960367643,1.1759061367134154,1.0327356637074538,1.87687603219188,1.0770719292952198,0.7542794068476315,1.0913517450522607,1.5562552693505007,0.5132058192658764,1.1753945991180552
18.762343711069168,18.722657082877166,19.3049355604925,17.04794627472331,13.09373385025995,15.273526795304894,10.773276290929706,10.162835596990123,10.17228822648944,8.41758855359157,8.798053514438038,8.77385270504032,9.23766133500222,8.220693836614045,7.742927458923342,8.964026457536647,7.498919830808506,5.287048295753859,4.275616350337211,4.08318167344317,2.597615392486818,5.290415602601784,5.106595320067859,4.311881331702053,3.1989473133679853,2.9762820318435965,1.0745401426861245,1.355159620412013,2.6443762079603887,1.7654096791133382,0.7126936599465479,1.767309126804131,1.8169934182531131,1.7661723266225944
