script/wind50m.json
[{"header": {"parameterCategory": 2, "parameterNumber": 2, "lo1": 6.000198445256149, "la1": 58.999992894266676, "dx": 0.5, "dy": 0.25, "nx": 22, "ny": 24, "refTime": "2024-03-28T22:00:00.000Z"}, "data": [6.058561289567511, 7.057193571683112, 1.4197562816069946, -0.579317171865055, 0.9563702531319085, 2.6378344762787047, 13.677025719288762, 11.669535350818174, 2.222407444218447, 5.2058638141917575, 3.410383252589251, 4.802346393280136, 2.9508085409017966, 4.533177788826035, 3.713190179888327, 3.460167412976499, 5.39684282850332, 6.260865442361794, 5.120781734893106, 7.9120946078645575, 8.414986498721975, -2.314369439164849, 6.5791967592441285, 6.033822284493286, 2.902502076390464, 2.1312034955218744, 2.215422602432411, 0.6039503152370197, 2.5929461665108917, 1.8946562778785687, 8.981056131892567, 5.414453801272447, 1.4364490196183348, 2.335429248196604, 3.692395752774883, 0.777461422876087, 2.2451909187605525, 4.044190829207532, 5.1056882042717655, 4.383930082806729, -1.0656670045439602, -3.2940443609160615, -2.8392693130721463, 0.8552307284398576, 7.507304486888127, 8.561654268431425, 2.8624952923711815, 2.510716112636426, 1.4223379113283754, 8.21345608636706, 2.1607126890759223, 10.832931854971385, 1.019841387976549, 0.7037946221525775, 3.729129384801826, 2.6923454673153735, 4.7241638886546555, 4.249876297179516, 4.146914729903094, 4.727375703089949, 4.251784263578705, 3.630750702838522, 4.057614385792145, 6.775835250987877, 4.535737906669839, -2.197621754806357, 7.582942696098722, 7.706605008938465, 3.149281833021687, 2.6470971074000285, 11.727013946221351, 10.503885740562252, 3.4472387878870925, 6.847992766211988, 7.267174149252929, 10.269548139755681, 8.757965389490659, 3.4320268162878493, 4.137284474051271, 5.247981432278629, 5.148096362300354, 5.0436129305169715, 5.972478518847654, 3.2869942708115008, 5.34696096033252, 8.138136051296144, 3.5886083282198644, -5.8571601876535, 4.949604446408538, 7.217860933486939, 3.0343545444230133, 3.4739798890844202, 9.72899424862039, 5.688791432439295, 3.242183067478306, 1.9167705333559515, 0.4683231704268793, 0.8371426629307074, 1.6974835150773613, 4.747019177360143, 2.549806140739066, 3.744177755282679, 4.389931185829806, 4.870125444518742, 6.203672908048081, 4.5888722062474825, 8.89638475149212, -1.8631229723887919, 0.4948825232659657, -1.3303920956005275, 4.8280216546697075, 1.952090713808504, 2.8192285043476395, 10.467634110706715, 4.003272410254598, 1.8563497076153157, 2.0904646200363053, 11.663249280770255, 8.601300435723799, 4.7468626036760115, 7.388479206369366, 2.2130711189644123, 2.0646901262264783, 4.126733581331956, 5.744413813494929, 3.6916346621344385, 1.9974968984779944, 6.6339213811383715, 0.44666317424066215, 1.556966173557258, 6.778826445601004, -10.066654707239012, 5.783883628077868, 8.717192419217215, 2.50788632403021, 7.504832026097999, 0.8069632460353398, 8.183170585194313, 12.121405980615949, 1.3090106427299997, 0.9420774281570699, -0.2478545003296653, 6.271293469581365, 1.228269420228985, 0.48882070062214844, 5.476551849293288, 3.5452364327534722, 3.4407777704603717, 4.051034878010961, 6.992663434761451, 3.0674921117144773, 10.596444201179633, -1.484797202810603, -2.5323382210044882, 4.766904655830734, 8.12394953901675, 2.1425596784263337, 4.777687688522751, 2.049120509764498, 12.336286008757856, 3.200399087564613, 1.9240275944058258, 8.916176718211197, 6.453363789244484, 3.769224117657576, 4.028466730807855, 4.740809183820254, 4.960146069516615, 3.5419180167087116, 4.185037670419533, 3.346824228311027, 3.2683967525790294, 6.18143001249605, -1.6987944982760697, 2.1372237109113206, 2.4242877558064184, 5.331201260450025, 8.056236064517726, 1.859848194598611, 3.547905092452133, 4.379567710412161, 4.410923710414381, 1.9084609226392157, 8.213982654596261, 1.6193791448165673, 9.063071944994006, 8.526073659934145, 2.492418799420515, 2.3640302797020545, 1.7454135769418597, 4.102828259533009, 4.982295062685501, 4.14322393623086, 3.7970321803704286, 10.238138310293387, 2.3493626250202677, 5.932437683649259, -2.732291531712575, 7.6702120354679275, 0.7151857917599331, 1.1485850148455599, 1.8915284267791277, 10.526287362923256, 0.6142332334921656, 11.076197004985854, 1.4334593103128412, 9.68493966460015, 5.70737808762236, 2.4032310949053204, 3.019525663268279, 2.5404023482503497, 3.9026026029416205, 3.7442435193870547, 4.911523144520733, 4.225668549884608, 3.2004439000192253, 4.702833189339488, 8.911580109280752, -2.389537253530455, 2.229336526494473, 6.29372219957562, 1.8053475587139058, 1.7107006931223023, 1.2925879858619012, 6.766718747801408, 8.473721528241185, 2.6386280757498244, 9.337742756724996, 1.2785857918350247, 10.120255839698972, 3.66881959018869, 2.010451381750203, 2.0756124034675603, 5.002346339939982, 4.520688793010657, 2.9720196348432597, 4.405949747545624, 4.952556740898413, 2.3090932690682036, 5.7641903314046825, 6.030459066673994, 1.7308247414916058, 5.808453206125344, 1.4605835925573258, 0.5822096270873672, 0.554404847438636, 2.1037215043211983, 7.257241557434189, 3.3699179316049768, 5.297902593089145, 9.369912504146308, 4.859336879810564, 8.35503806799791, 2.275578826937833, 3.236679187041262, 3.8563023493126645, 4.381398985277336, 3.600198066777769, 5.355156770378819, 4.474594136396503, 5.203781912362031, 1.4734231108231959, -4.076873906453516, 0.3595368702576568, 5.395363543073776, 1.1521202676889564, 1.9909124678891383, 2.1866627640081298, 2.654218815603258, 2.423267200541016, 15.278511047752634, 4.111510273473572, 3.2620290545484965, 11.563872035946115, 2.1465092603030556, 2.9304125627019215, 4.267546168885172, 3.6052449469738574, 4.422740215583244, 4.609111347233876, 4.728716486692196, 6.7055208025796045, 10.350342477222684, 10.663300773681467, 2.574331088109405, 2.186469322301808, 5.756905749723662, 1.071588539225931, -0.09087643550094235, 1.7989487193416203, 1.2678920997916625, 2.0907511867879647, 1.7744649183928483, 6.893538514183354, 9.985187835391818, 0.9538874357925357, 3.9148576959661776, -0.02970372505154629, 3.039018339639975, 6.268020728730019, 3.3341995970221467, 4.677259178623518, 5.50102023970816, 5.456488434795248, 6.152682423668465, 8.062525811124448, 7.039263856723286, 1.4418369489730756, 6.587236982735106, 1.3088057850716364, 0.5951523619715505, 9.633011014427227, 11.020818583763429, 9.282006576804, 1.649634936241968, 1.8745739929995346, 2.8858719276834854, 4.796960330180292, 7.594294355420614, 4.050250635344225, 3.5769566435756435, 4.446428252461101, 3.1184264882336903, 3.1501178149152915, 5.1585650499753655, 1.3707405007962905, 0.0014886012398563318, -2.876712874799446, -4.037026065385898, -4.297382043144903, 6.155718571901671, 1.707006043488193, 1.9290208421265043, 6.350753711540296, 7.407216859978059, 5.633185315269382, 6.818339541101027, 7.658947007924751, 11.988187886424337, 0.26934905080364996, 5.045962319106671, 2.1000585739333326, 3.078084433611246, 2.7886583019274456, 1.9370721273013314, 3.876964657130596, 5.3170593636223, 3.7323003159327484, 4.514304257805141, 8.546756531022261, 6.990631612961535, 0.26068551314814087, 6.231369643437878, 1.6628103197186475, 2.28434085841921, 8.116575973426219, 2.033428574621403, 2.267412572478268, 1.7114091894860297, 2.3802532670902474, 1.7402946923914282, 5.4292017746040075, 3.879180633037, 3.0958791877658625, 4.13921892222287, 3.031774764450241, 4.692375850243677, 6.557873852662039, 3.2104224645696924, 2.9371181415209446, 7.338712538240249, 6.2646009519371155, -2.9882399820795134, -3.570550966015001, 5.8377128749169085, 1.9715446325593553, 2.567406121570806, 2.281904712781627, 2.178005977959929, 9.771925141518501, 1.6570251898039035, 8.753368649733595, 11.724417645188518, 12.145038216848127, 1.211141101855395, 0.10763690016654134, 4.917568364309846, 3.937778792973442, 3.780278981890248, 4.743616375945754, 5.124730434409972, 4.414386761873191, 6.7040220815723, -3.0395839542738465, 3.990533328986603, -1.850875087867493, 5.476980737178594, 0.8195237710602287, 6.666540345215303, 1.5590236792459418, 3.877581896560935, 8.36960995053191, 3.2549682838996525, 2.1620983741472295, 1.1749589908564682, 0.7778097587864107, 6.09838958268607, 1.7871275309664965, 2.7115626969820172, 2.782268800496785, 5.03256357976827, 3.6041454264791355, 4.10402258515692, 6.486062320714317, 0.12962248634627255, 7.177039883855796, 7.010133048756212, -10.548187981001695, 7.438370396508545, 1.2571073085087783, 6.669873701131247, 0.9781473438824605, 10.022835980358838, 2.2823240230732864, 2.5872116390184874, 1.5738904519529398, 11.573232177906313, 5.408602349632081, 2.9371840651839136, 2.512259961062348, 3.0831855985676686, 3.9327991475255804, 5.623435472497486, 5.629168706683642, 4.017148206621285, 3.4551872950078932, 4.360987865767728, 7.859617721243666, -3.759140699854399, 2.171053574503156, 5.557073462193903, 0.9345061503484985, 7.194351125250408, 2.485493095362125, 5.753438402307242, 2.746663744224619, 3.564495496752351, 7.902819376682749, 2.996581272949487, 1.2397371612582824, 0.4989130405571942, 1.5519540286192461, 3.5532370806993976, 2.4267664270129647, 5.22089784833135, 4.644601192576879, 4.345838529532441, 0.34849835454396405, 9.861592825329792, -2.0760176882964334, 8.755219348896391, -4.88492154723917, 7.630104151204956, 1.324119461957971, 7.511424647842543, 1.561749571279149, 0.2193580163518275, 8.873497198755658, 8.401688737060166, 2.3305882649680716, 10.026090358139845, 5.480274987779825, 5.383685392626927, 3.5311841975342197, 4.0962402522376795, 5.138540622406331, 5.5159058168270025, 4.254255838736083, 5.362347623338642, 3.3456961797736993, 6.895215779943629, 4.061271327497095, 3.6196209061658466, 1.9749648495669494, 6.096785953770416, 1.2027561997775922, 2.3097337666788564, 7.24869213943221, 2.112927156822914, 6.219120808351766, 1.2309930527957629, 9.220954350348633, 2.8084763070324708, 0.9744762812456831, 2.2551758793154244, 2.380381963565199, 5.224693259434538, 5.387696417072744, 5.897591831362978, 5.711692573829782, 4.825022381828795, 4.476801803240682, 0.12031341735426106, 9.074685546325988, -0.4676375533677053, -9.010093048836213, 7.3487064428399265, 1.13001866634624, 1.0261414024372577, 5.851044347011602, 9.9960452654542, 4.241264748820365, 12.231693114275366, 1.40174608216829, 10.242175795620506, 5.3920991099028495, 4.886428393862955, 2.609413707428116, 2.942618856941572, 3.354089883244928, 5.784037797253475, 6.38987632778051, 5.237044258506315, 6.488790527173238, 4.488035770321395, -3.0486557361491657, 7.3774811711963055, 1.2122756170618167]}, {"header": {"parameterCategory": 2, "parameterNumber": 3, "lo1": 6.000198445256149, "la1": 58.999992894266676, "dx": 0.5, "dy": 0.25, "nx": 22, "ny": 24, "refTime": "2024-03-28T22:00:00.000Z"}, "data": [1.813402685342025, 4.055293638687466, 6.403206846264093, 6.492693353798086, 6.513217608108282, 5.468711376040701, 6.1673938313197425, 7.558597288335142, 14.269176691970976, 5.073940648459974, 2.662698837173882, 4.038736382643201, 4.0454787980043205, 5.722414294411094, 3.0495683598205647, 8.168060319733033, 9.407711309153742, 7.46847572223379, 4.033471347917803, 3.287051088013762, 7.139935778081812, -0.3065882975620949, 1.814760378914443, 3.612351178761173, 5.458901897374718, 8.069520703480315, 8.235478267659428, 9.144371776940142, 6.431368212750839, 6.389515789502117, 6.8371589025908595, 5.538531172082891, 11.436172094753909, 4.844901407549981, 4.900048932094554, 6.272407547763293, 3.211140119636014, 8.385271456435468, 7.311549263231266, 5.230302028318569, 3.402919319429116, 2.9009254971136267, 3.11676667783677, 7.3342144158474625, 2.599072742535158, 3.8638764333998776, 5.7605691355324105, 8.946580963181146, 9.64711942592372, 2.757004434444362, 14.489131149161725, 6.239333204746347, 12.300109843343504, 10.97940034886225, 5.207405311469197, 3.994653082209638, 8.45833499727787, 10.242615529339373, 7.870525072850313, 3.7338019050219113, 7.1953936850799085, 5.847662432961895, 6.420098567945889, 10.520455536648498, 10.696413791989254, 0.7240285200515891, 2.8053038839290747, 3.9675043565390564, 6.078800762032002, 9.05819980931977, 7.25569124322251, 8.197948632954732, 7.365353199050333, 3.8146476148098505, 7.04962820107156, 7.147945806910821, 6.674633865823811, 8.758340336544022, 7.25722684382664, 4.865799069230795, 6.576306394221321, 3.6447911504907653, 8.575837429986523, 5.429426053223399, 10.007917291000416, 3.383589870511856, 3.610449280449568, 2.924232299329917, 2.7072456824266706, 3.1677533705285517, 6.536557308924159, 3.6886739632177483, 5.697533745726087, 7.579798121170736, 6.520554381306734, 13.131020058774752, 11.109393765223867, 9.456341914056274, 9.368822786685522, 8.051471681460896, 6.367114095290269, 4.969441107360188, 5.126546456327914, 4.004518433375042, 9.122635890481954, 5.331829399406791, 7.838816036250939, 3.1492023912543243, 6.364686085370311, 7.5824061798218745, 2.439362083469122, 6.581701714099354, 6.67754200980498, 8.438252509246519, 5.863843605332916, 7.192353993598062, 13.98589278278535, 7.545515582288828, 8.118810826151044, 4.768349315531432, 5.191670694527083, 3.766214578358846, 4.308536271971442, 8.87939541654566, 4.957316515762873, 4.338330036677492, 3.954325775435853, 8.239569569881183, 6.384828373092309, 7.824098959629206, 3.381667034678512, 4.459030142000795, 2.3076174184838645, 4.060001613529198, 6.50590819492837, 6.273891882858906, 6.499230902255953, 2.7743014748880555, 7.42297654560669, 6.7678252133238175, 10.943327824510359, 11.048815264750404, 8.845889828355308, 12.767203663584004, 8.962687997235708, 6.923192916620508, 5.072578623681627, 8.035315239498319, 4.235504936290022, 9.597532687238871, 6.135812363242821, 8.980339316837116, 2.530128076193276, -0.41711703776679576, 2.592662539999841, 4.030983170215441, 5.805026345492972, 5.310510178636464, 8.345517362856892, 5.453196806813378, 6.5210020281196615, 13.219242694805988, 7.8434404248068885, 5.138389579566886, 5.321617725911396, 4.453062848601803, 8.714218915554026, 4.882510970013703, 5.339538223773743, 4.593257721336974, 5.343269142505894, 4.8953693200152255, 8.2303389497208, 2.669863115797938, 6.543288751110366, 1.876352272429163, 2.860871265362851, 3.906774548366394, 6.396336981351602, 5.179099998243197, 3.972191323739334, 8.011867686628744, 14.09533792450013, 6.518478840717147, 11.211194844561277, 7.808401853121016, 6.0182515874492335, 3.6653327743916604, 6.980043631262778, 5.413636584274428, 6.86958329310365, 3.6408116387942555, 5.1454595699780405, 4.584947555230573, 9.34828652522189, 7.169404967080807, 3.5347464241021975, -0.5267587836229513, 2.740950200717351, 5.382417902256483, 6.403584822944501, 6.663310777345288, 8.98588658474904, 9.082213156874559, 6.687911791985611, 8.738424216962354, 5.84888795234096, 5.110582603283416, 10.229664882785627, 3.5915100559201005, 3.9023772214487975, 10.054341604851661, 3.722497323398896, 4.0637723487483, 4.206381406440487, 4.907390754378091, 3.0903826229491105, 10.371966062109287, 1.6835176418452498, 1.9417199692157423, 2.034568936658575, 6.176652557870622, 6.867005601781661, 6.568949975014568, 4.733496553688448, 5.36079539840595, 6.284413720569366, 6.672966131062831, 11.061804612800591, 7.091356703856646, 5.530560941035477, 10.612319590323988, 4.8272426064696665, 5.0065880218401215, 3.2879937442425082, 5.936224020261712, 8.11381655092254, 5.904526769687301, 4.532204435364418, 4.340536770682848, 10.691366339780643, 7.324787428964567, 2.4437892294082886, 5.668727723896103, 6.063728279438287, 7.24135221071845, 5.8891256511788646, 3.202772585311015, 15.215690756427652, 7.7037551967794, 4.98509292024634, 5.453932111147089, 6.843835359384043, 3.642484910166548, 8.703034445676142, 5.334029904862216, 4.507926956602524, 8.316757391900303, 8.233837807659887, 5.308392466411228, 9.080304419345879, 6.835041018163199, 2.9026836339271007, 1.5234474442173063, 2.6734709669313164, 6.257903957226646, 6.356033582120077, 8.258854118534313, 9.53928261529664, 6.333202413820565, 0.9069517852633863, 15.857628180543275, 5.8693671807362975, 6.902670131207764, 9.932485791975829, 3.4849519407567504, 5.7870740045704405, 8.842041259756, 4.124961896748797, 8.531112622218394, 6.341344451399533, 9.319935130104104, 9.07814108086662, 10.858037432281845, 5.980444516903555, 7.500791626929361, 2.7380599796768026, 6.1229009343059975, 7.045446367866762, 8.581048250385457, 9.68354052198433, 10.489573831953853, 7.206985389656765, 6.3443311168495455, 4.936630066634362, 9.697429785617611, 5.54451338616236, 10.309712706577127, 3.7267395383712927, 9.203581381359042, 3.6623228701497417, 3.9967107073176504, 5.9837606310824345, 8.203172085365116, 5.7135195630305065, 3.33427918591553, 5.614825781389725, 2.2371593358586517, 2.301785857835952, 6.50817312624606, 7.538439190371444, 8.619503552147368, 8.058805432211482, 8.846821951027946, 14.579399383534145, 13.044373332277877, 5.626617875823311, 4.8633125772407535, 6.590186122330666, 4.223296089686999, 3.5027783806340156, 5.623817485126619, 3.4402020100784014, 6.677165130026971, 6.27601883642732, 8.338322278816095, 4.034770910440216, 3.3311826975972703, 3.0438003769844104, 2.1551548390127273, 2.670863509838201, 6.658453690651314, 7.426998991977728, 5.32387337972724, 4.816850950884513, 6.195310095316598, 6.057558569745163, 6.045242726583812, 6.049983130117421, 11.915755427291952, 5.305586763634215, 4.676006000786277, 9.364175162820029, 5.672929261243542, 3.3796524932104193, 8.234416626776227, 8.43041595290421, 5.602130443065288, 5.885360344769711, 10.512423277746576, 9.448085644633244, 5.258598458756343, 1.8598163857988141, 5.954105191256928, 8.361467436215227, 7.051217453855876, 6.534681135356985, 6.755866105304975, 11.277806365367637, 11.18671264893679, 5.9185292173283806, 4.6230821376475495, 2.345317853456966, 3.6525595024211897, 5.647436281721395, 8.395882116818171, 9.382275523626873, 9.000471158194733, 8.839404581229346, 7.73353384655283, 7.531506213175554, 4.3239194871523585, 2.27954244867591, 3.093476635639408, 2.586613144696884, 6.75283725784752, 8.914689805681146, 6.884960747887684, 8.344948056535994, 4.912856115609726, 12.577844483496909, 4.848745934863551, 6.8081555951006125, 6.612065396497225, 13.019247620659558, 10.356541727665983, 4.558231810225217, 10.105131355586565, 6.035585364359565, 4.897227633406952, 8.037401859065938, 7.347953109268838, 6.4863538090438135, 2.8514034002645214, 10.664333514001331, 1.7952545057754201, 2.6373592618616417, 5.649303175381982, 4.187384700762782, 6.30687108227745, 3.7915613632162044, 2.7516186803835105, 7.155510217659371, 6.4522388339093375, 7.9061414902676805, 8.74790219295573, 4.884855909863443, 4.471590199702139, 4.425678886631288, 3.052761500002324, 9.544170165824092, 5.613775351181815, 4.958339476275651, 8.635533512476048, 3.9465957677609573, 11.014401055894604, 3.3717318285497444, 4.739295021769462, 2.545975530889913, 5.3708690088398185, 4.138733249859703, 7.699304749165574, 8.95796241756553, 6.4193138488174855, 6.3959544181067, 12.850511226753328, 7.553315499675547, 5.348581121596178, 3.9358938022040437, 2.670741927410271, 4.052811951097851, 5.913248534213919, 9.58883759393518, 6.019758103154795, 4.765563907209124, 6.14623885281801, 5.658596668714979, 3.31923050275128, 3.1821696526707988, 7.057820304094664, 2.3884374807614384, 6.516590932758457, 4.723277328633179, 9.23139919315502, 4.527720984101348, 6.707624441067397, 15.296742443324424, 5.470940937814333, 11.872326815907948, 13.27945970762108, 13.58697776263385, 13.36533560799063, 8.800916722097503, 8.820957688132658, 5.110271485311722, 5.32162188045945, 5.68848801525918, 4.2292197775471845, 9.197549214087894, 4.615834076091897, 7.900904394348768, 2.4279985203082557, 2.820106124156781, 6.492320160336987, 4.833460943247948, 8.539318500853675, 6.981784248918939, 8.48157377836423, 5.262980298696256, 11.943185943380275, 6.67606990119953, 5.743833022124993, 4.787453743607364, 7.535606863232408, 5.709486786280696, 8.90474656673625, 5.061685617788701, 6.1675798621508395, 8.506604336604235, 4.945205117187762, 6.802075714812894, 5.741177926721103, 3.6325667460102995, 6.787751188344668, 2.5018183837202694, 5.816900397298268, 6.348037737172777, 5.802189607909772, 10.706548592460946, 8.072776267204635, 10.147619274197808, 4.1260036176921435, 5.592977200766564, 12.92262517488117, 3.9954965127782613, 5.595998932679501, 4.4894085915359945, 6.982424128679149, 4.9791172444319, 6.732995550950793, 7.275202875297534, 5.61933498879719, 3.9673101348352446, 4.4790187759846445, 4.25323202300737, 4.710347924271258, 2.486325894337289, 5.894492687426371, 6.702970074806414, 5.749658846016283, 6.837846448124932, 7.107716774390925, 4.86009333085844, 6.463214228096696, 5.058029580217897, 4.918191616534787, 8.781600542286244, 4.15983725462348, 4.0112180247241165, 8.602992291791056, 5.048000075148655, 9.267210321143645, 6.130020672410688, 7.262358168190643, 5.959731940534944, 2.920346976131844, 3.6171230288082374, 2.101482671503562]}]