script/wind10m.json
{"header": {"parameterCategory": 2, "parameterNumber": 3, "lo1": 3.000054539987559, "la1": 64.9999836372058, "dx": 0.5, "dy": 0.25, "nx": 34, "ny": 52, "refTime": "2025-01-04T02:00:00.000Z"}, "data":
[rows 24 to 47 of 52, columns 0 to 33 of 34]
-3.059079090299774,-3.7504980962135,-5.479328930390977,-5.205240724592087,-3.188398219461415,-3.8572289092656047,-0.18948237738663362,0.4907212011618339,-0.5457163269668781,-1.1204412691532197,-0.8598210811943331,-1.362649725644518,-0.21114833686124332,-0.6052161426622815,-0.19052433089389187,1.4182218239483924,0.38665617644963085,1.3689066009283488,0.4040684244542902,-0.1375596475292358,-1.0823327121772905,-0.736188621541066,-0.2201100424203998,0.12026998551280473,-0.34685723966771237,-0.14382430008790154,-0.33035529746003317,-0.0998647469014004,-0.06434507532519201,-0.5051415781620581,-0.7551887138807257,-3.2648408681381302,-6.376024590845743,-6.70409108944451
-2.987956023638375,-3.640506652394605,-2.359042820910733,-4.068028630475328,-2.4922096325372354,-2.775200350626977,2.1609036655961074,-1.1876724775019427,0.8599998375905092,-0.014713022364030054,-1.5512843730670058,-0.65884060867309,-1.0924944235078418,-0.9066923660428354,-1.296571602574297,1.7426698118021233,0.37904383971356237,0.6354186552697652,1.224811164633414,0.627847863891678,0.3780275718839817,-0.6003244811424535,0.3254382663741474,0.6021146045942875,0.12514230227653056,-0.20911928832364057,-0.007619999554092669,0.16106339274979936,-0.845477391223862,-0.9123108325607283,-4.583655965662331,-6.1162100771286925,-7.077294485083035,-7.480880198974651
-2.892616295921323,-2.9386788148840157,-3.455176006359471,-3.381265363190882,-2.5557878812543495,-2.6000655845355203,-0.7030191881666722,0.2232525538034923,-0.18502766413212493,1.6824150949515158,-0.5112502779162802,-0.4594560175027147,-1.2060363043484013,-1.8179003210240592,0.2882704724651328,0.6428008556705894,-0.013882399324680434,1.0413940434586035,0.8755399540397982,2.3817424278717048,2.3949607478624424,2.4525314189810077,0.8850115879475243,-0.41606678845947714,-1.4991533828756853,-0.7061833310533633,-0.2812026579176641,-0.22582981991533088,-0.8718472390215919,-5.247241158722252,-6.185447479060548,-7.736824801087804,-7.375671734879832,-7.581341979806408
-2.3355640289295536,-2.7088733144301274,-2.521672428000035,-6.313307302261944,-3.5759961401816693,-3.2462788505120614,-0.44571510745845194,-0.792296494099288,-1.4481455239866874,-0.674313175277331,-1.4101971594860276,-2.5728729567276996,-1.884965851407118,-0.48243131770888,0.15336343669203695,0.15107176090332558,-0.5539551314657624,-0.16072186749889456,1.554266982477622,1.6657464969877542,3.1390569326512643,1.2132593947657262,0.3753298568898028,-3.2587650267045243,-1.0252714137783192,-0.33006999867775966,-0.5621132917260472,-0.7523956345796171,-1.7084613795339492,-6.433575596739155,-8.022301427178084,-7.787405700023881,-7.822835208908491,-8.265276475354964
-2.5108456168983126,-2.6155661491453577,-2.8771312950915244,0.41599097997958573,-0.5227217267371359,-2.923582708951584,-3.3528837486574803,-0.8299998872681641,-2.155934821548796,-0.2969777153558874,-3.3166839014160923,-3.3452464142829963,-1.6571173823765242,0.3625174558188262,0.3280455861472131,-0.2461847483226784,-0.18444516674147743,-1.0756071305118238,1.4519439221630661,1.847114171387856,1.3325759287091603,0.7143156813766552,-0.9285086471965885,-0.21616305375446657,0.3353679707962877,-0.4512979003169842,-0.39263192940242003,-0.8230723733798955,-3.934570994118348,-6.6983505254648374,-7.821410894002616,-7.80880630766182,-8.78999665823712,-9.498840575153636
-2.2927898021525115,-2.246516185459788,-2.3218838547990326,-3.3884539440005383,-3.0579616915804597,-2.861922370781976,-3.2575281049328617,-2.311882625512735,-4.381441665446794,-4.992107540925919,-5.612859232042424,-5.284019960431531,-1.8447170888372837,-0.45758762122310076,-0.02261767305872103,1.539181383960893,-0.3610119600203043,-1.1357640213650324,1.986343747787082,0.8098121631034291,0.35613407249902934,-0.02543658946105292,0.4455502846217956,0.7487554962749267,0.1808220516762005,-0.2576696955559167,-0.6513372296983401,-0.6793097837124865,-4.941168236276272,-7.098198332918843,-7.435647048232286,-4.74989359781606,-5.950769983284622,-10.27558742476087
-1.6158418757855737,-1.8757272107960072,-2.3001088791700193,-3.964265552020875,-3.7483503955041293,-3.6684311861173415,-4.007967718988309,-2.7597494357014,-5.165062054523735,-6.6669489040392955,-6.813747483537752,-6.23123968999517,-2.885820827326427,-0.41786495357690046,2.5312983870029937,3.4825114230791034,1.2713046953187856,-1.4844438172855026,-0.6433796011383769,1.1904889447238547,0.17402121598095327,0.1077614339808702,-0.11122513804766233,0.23643596219563778,0.17078804510345466,-0.34122629778471825,-0.3026392630570527,-0.604681195993919,-5.267933883815666,-7.629201256564549,-9.328217140572518,-3.408688275268213,-9.700276943295933,-11.543655661648701
-1.4756637361499536,-1.8127885109755675,-2.709759530072412,-1.5064316458169462,-3.2436581914961997,-4.153895696585841,-4.985391678427655,-4.760588516273633,-5.379763908446522,-6.549227824576578,-6.6149208519356675,-6.141183011904781,-4.51923111916642,0.021838791327640657,2.9025701586920736,1.597204281158554,0.8133220766433736,-0.3397829573793328,-0.2298766135648809,1.202667424442415,0.6732010130011795,0.2768662532242605,-0.039946113268796005,-0.10713788358920176,-0.25316661529047474,-0.7012814116119774,-0.5301958420535406,-1.392104214131124,-2.0873841704992775,-8.877708263412798,-10.072657215984593,-3.8630962085189537,-8.997872883518935,-11.508425073714003
-1.5161265841294593,-2.027910358956931,-1.7032544703949124,-2.9736419512730774,-1.201822108134602,-1.2464305971606193,-5.8668260616956065,-5.474827583130531,-4.126516198949899,-2.065378054820074,-6.004775752205361,-1.8211490162073525,-0.8559483107301776,2.7761266154177417,2.4943786759185915,2.5213669459127823,-0.7093434089014569,-1.1694774379075203,-1.147053726947497,-0.09601408206853361,0.08551354535908845,-0.020708895242782806,-0.8396230386327527,-0.8446906026459718,-0.6597288900134124,-0.5009087991024684,-1.0264460119124024,-2.3122294122863267,-6.045830355542118,-8.618821685231913,-10.737460298686663,-9.49423220526673,-10.708716120073394,-11.546420400352382
-1.3118276273116023,-2.2791215897224157,-1.786734498920399,-2.6699176136092024,-3.7299152093862924,-4.649667656205477,-3.956160318325926,-5.859188693365233,-3.959461882918971,-5.549630137496149,-4.4980043553013,-1.3398868429184045,1.8812445660958221,2.337417542420245,1.8581417394987338,2.0535074992311437,-1.912847853732128,-1.7644383077012986,-2.7199401059583073,-2.902807890120483,0.5068995557284263,-0.01871432366690987,-0.2871152065939271,-0.9610701254490752,-1.3223473835036166,-1.3546331761677541,-1.0280612712310009,-3.1076439652162913,-7.412926855758751,-9.715875879401343,-11.1795038400558,-11.14644814666339,-11.695349041280993,-12.792118524945034
-1.1933668631195282,-2.0541246806861277,-2.812479257571678,-3.4076543973136713,-3.1112862332878644,-5.383895311836157,-5.0590980707651765,-6.188811235908954,-4.356147224435286,-4.932582473597008,-3.6857771423604855,0.07936909935401862,1.8656637123761834,2.5032280770277526,2.4070809616737656,2.019675916263706,1.7183140716548675,-2.232956878293958,-3.8263507182728884,-4.134447425453836,-1.8335011831418986,-0.6028517656259932,-1.044405406239301,-1.5485006263221857,-1.8986557165886242,-1.5055804401251585,-1.733721816484704,-3.40005741394679,-8.422921728556965,-10.165770262547657,-11.072804975147445,-11.364439494018237,-11.94650497074983,-12.726244911784352
-0.6375483649578746,-1.7437833459471135,-2.38741504076602,-4.450802220709762,-3.5377143562776094,-3.5385642644504545,-4.2493962705984725,-4.888307689288055,-7.102177229089237,-3.224729679542109,-4.072549780245554,1.5779498085581798,2.0379242635840784,2.1146989205285136,1.7276901462866396,1.204626179749171,-1.2462694405111048,-3.0668200937295023,-5.229137388802502,-2.9269772643255365,-1.0878811388891392,-1.0197486571099388,-1.2093130340733023,-1.8083016401405252,-1.714368362400715,-2.0542469112441863,-1.933724680442402,-6.318337649578075,-8.932013841491766,-10.221619204097152,-10.636290262511368,-11.528433111326645,-12.138358181317924,-11.622956689045553
-1.0063294311491948,-1.4264344313372266,-2.183285429247115,-2.6583276420947635,-3.600967242591543,-5.24964089831252,-4.565620876925901,-6.027091356086555,-4.353452247714607,-4.260904726044905,-3.3845026460168617,1.6832909137239795,1.47041062001893,1.6117591223266943,1.148514721683717,-0.619722022337087,-3.1027327636737896,-4.564240830318798,-3.2406720927785764,-1.1043342251669006,-1.621598241233579,-1.3492362964483988,-1.1672160229631974,-4.1577616573913705,-6.546986657820938,-6.74121714524053,-6.214892960931135,-9.035347859184212,-10.042498903717535,-10.570993353505237,-11.393149149131737,-12.514406949411546,-12.314830575128061,-11.76905925748387
-2.276987563283379,-1.7359263708933013,-2.0258942858996623,-2.9108209325762338,-3.792280058593884,-3.6569187971391983,-4.033469875341959,-3.7880857362307894,-3.432636950625578,-3.970017203139737,-3.7031831131970154,2.391568546246762,1.5504625098109883,1.350144483414725,0.47794860519658655,-1.591363460320157,-4.68592226123305,-1.358379759994717,-1.9355035528357387,-0.7295349074859983,-2.0123752306906257,-2.3989644621989887,-1.1767955011950186,-7.41544562295243,-8.070344968748902,-8.579377722399515,-8.751352370570007,-9.507732628334058,-10.748223524797684,-11.088710011024135,-11.447888885490366,-11.39474186054963,-12.634522196284916,-12.457826270889672
-2.188155257690448,-1.504370853503858,-1.5121368002675393,-2.9363816464683734,-3.146627542665914,-3.3029888919114896,-2.675946293620754,-4.890401173282886,-4.959718583433628,-5.1784580328742855,-3.7803157377524945,0.9201623722645467,1.8096957897017059,-0.18438313677387697,0.5995668235412637,0.047159829930118656,-5.16867483342064,-0.725558718322552,-0.9250403435695539,-5.901365211827232,-3.69160300714169,-2.0650590524772663,-2.482713859390841,-7.536801810326226,-9.191782199468909,-10.148150499024515,-9.952502391837646,-10.188470157581772,-10.80458284320143,-10.923960378528232,-11.701939672468782,-12.284639463074539,-12.987404006316435,-13.088485519637784
-2.702609659734411,-0.7393367880913144,-1.8273262830031005,-3.0405415705596606,-3.332236131295738,-2.6262742897836997,-3.2576352943913927,-3.8253739067275534,-5.09438998080256,-6.418948747285084,-6.6894840318613396,-4.828182474876331,0.6277014070802596,0.31332665382244546,-0.8890588155310232,-0.12415496634999404,-3.042763070106431,-1.8703721722331625,-1.9334588468941738,-7.887241386534158,-7.611548410855875,-7.0453615763154245,-6.922697324394801,-7.975299528786812,-10.483291128834129,-11.34176301636705,-11.326108378131915,-11.678946139767612,-10.96909752615267,-11.100750372074856,-11.40191127805728,-11.558981400815036,-12.84901296018713,-12.717823743489731
-0.13405048489139157,-0.7889961841598885,-1.9889311034373955,-2.966816157175377,-3.7464369418840007,-3.5524210921202264,-3.658522177894184,-4.1684465763038245,-5.28830448265417,-4.449452327428429,-5.400585631682659,-5.941342647583566,0.6709446976786575,1.4465811690333286,-2.1231111541548215,-2.5664714928719725,-3.2494075664812354,-5.764038463872036,-1.588692729000471,-5.381095197658697,-9.719030962088526,-10.723955209452436,-10.167883932878128,-10.719081675885871,-4.5966481886680315,-10.589415414561312,-11.256472592574328,-11.341089013176665,-11.079373859587172,-11.566661936652174,-10.502907523034056,-10.513347583674232,-11.200419842270922,-11.516692936678648
-2.540880435866415,-2.6529739852949117,-0.492696462593126,-3.0160317095460205,-3.859565335374948,-4.282307748506388,-3.456097906977968,-4.045654698092825,-4.090095882592406,-6.104819972939298,-5.901178225352012,-4.848971841826732,0.11573150830163467,-0.44629095238268296,0.40579009405306865,-4.212640091069647,-3.5995600746641196,-1.6905353675755261,-2.293379609292192,-6.921030750203236,-9.164742759331569,-10.58689034480321,-11.164870535469118,-10.289182426262256,-9.92207117136232,-10.269839947320895,-10.4908428769055,-11.00609286337401,-11.009767502995288,-7.40327156728732,-5.674539246078863,-10.141094342668382,-11.62433249660051,-11.743142914435518
-2.363302914374741,-2.6966523022919127,-1.737432471579671,-3.7518443446502614,-2.7513456876960856,-3.8003123727762462,-4.2528583632050845,-3.8935573279643343,-4.058960583365978,-6.085378039738926,-3.751791480334691,-2.1670093784001425,0.5848928336519058,-0.07940646143757787,-1.3562521860303445,-2.888105529422677,-4.781358256170656,-5.405552747025024,-5.583525123057638,-7.443629939528471,-9.958228735684616,-7.155596786252431,-12.019172554742397,-10.60881241242109,-9.065470286091433,-9.358076213665518,-10.268190492510582,-5.961276287521579,-3.9582192220328034,-4.694253332406684,-3.2578387532737216,-3.8478187345700303,-11.480585469744769,-13.261631702574343
-2.720734420256695,-3.7005047120649244,-3.558128474568377,-3.265564485878678,-3.421073380652374,-3.528186680492168,-4.0287234680542205,-4.536664958387216,-4.276041763922,-1.8690338869083893,-1.547883471025402,-2.687821757264561,0.3632476534075559,0.8159889979720321,-0.37733852880447244,-0.5056492831580466,-0.9097230300643205,-6.659439805259062,-7.037361134559278,-3.985094038902615,-3.1864008828648456,-7.4903606390909125,-9.896946380097628,-11.200106439453677,-9.969110749418599,-9.028591864327705,-7.254178021498576,-4.019320963497164,-2.6177649107600542,-2.5691510925044327,-3.337018425494586,-2.943245746035252,-0.9702506335500266,-3.788719139325984
-2.532500078374811,-3.6093211779083054,-0.3918848253783416,-3.824309108972576,-3.5972190361655993,-3.6353717402530283,-3.4020898024305977,-4.930895362562638,-4.4873592234619535,-3.8707484818209723,-8.930387421865147,-7.5452269949243265,-3.2372673865819532,0.5436513554598543,0.6947282472320229,0.46853689448457786,-0.984538724510279,-1.2550895076677924,-0.7745552995548022,-0.5855701087258223,-0.5509927802455209,-2.9451986007246655,-6.056596728802441,-10.871669469835613,-4.281358900728511,-5.139822632500663,-2.7149016150512324,-2.130798470029545,-2.9336850776794154,-2.8239940389106613,-2.4910198675967314,-2.457554476267889,-1.6846409037103307,-0.0943382673905435
-1.8632926369847815,-2.5648328734235926,-2.4972926284295562,-4.182164753325871,-2.6711084446901485,-3.4067611829714237,-2.8969674455385914,-4.145009864925224,-4.6253701198175365,-6.923707667904788,-2.872594518039001,-5.577838813705828,2.9109545410166353,1.4176679237648222,1.1833036439655735,1.173122102380739,-0.05314428303545071,-0.18233968731674297,0.34835697639812857,-0.29861120136881325,-1.3773859962477681,-0.8773365853547715,-1.0063403197482135,-3.718733822700836,-1.5280093695902703,-2.65403402749984,-3.6069338165602964,-2.165238776344578,-1.4494514264105112,-2.5134974341168483,-2.414425496779009,-0.7247310890154025,-0.5693503847489312,0.4976735149406917
-1.5428043882914781,-2.2919973497776565,-3.1839020182918563,-3.6363635482838172,-3.645864629660208,-3.049189176838667,-2.696626182661987,-3.3180634140648984,-3.8254219260783846,1.402016895665206,1.6590680237378723,1.5470933334551005,0.20724799483318493,1.0211355628064054,0.5297030493311135,0.8000633923404932,0.5117993943775995,0.2536069279374961,-0.1660818506839352,-0.42849172589173934,-0.8047791547138756,-1.2675151753226381,-0.8062306723279279,-0.1616625628437694,-1.122517617580553,-0.5348549339009934,-0.7794986514724144,-0.7530016354662541,-0.570473943722277,-1.1561446044630985,-1.61603379771642,-0.46138799343444487,0.17899360458559424,-1.395309028440385
-1.7537165771553715,-2.30053438285397,-2.7353659324523836,-2.6979353470917453,-2.7336871966273404,-2.158869101673571,1.6828491659275995,1.5523741736009382,1.291374785545466,1.663817904798471,1.2286125207174745,2.23242608320666,1.1458561015829025,0.3435334691431064,1.3779416858462008,0.7166610934231092,0.15683853858345703,-0.41844362924403516,-0.2561396090617083,-0.37725880474306644,-0.8385234526999613,-1.0641789617444743,-0.23117967913351817,0.4808310829544916,0.45766381230885944,-0.0748203420984618,-1.3602697426484764,-0.8131969466079486,-0.8781916626478025,-0.04377275987091665,0.6188021991135382,0.03703228373429292,0.5277848848384932,0.33904858048970876
