script/wind100m.json
{"header": {"parameterCategory": 2, "parameterNumber": 3, "lo1": 3.000054539987559, "la1": 64.9999836372058, "dx": 0.5, "dy": 0.25, "nx": 34, "ny": 52, "refTime": "2025-12-25T14:00:00.000Z"}, "data":
[rows 24 to 47 of 52, columns 0 to 33 of 34]
-6.1002640438155895,-7.4359265391952025,-7.797487517574484,-8.690493368344281,-9.16108867206717,-8.78612241633308,-1.0479650896991621,-4.93994660981324,-6.0166799050297435,-4.699426979111851,-4.219498240998838,-4.7774137621644766,-2.1266470354356937,-3.19801055395511,-0.2297910903619653,2.1167744975972025,2.824126564286137,4.522416911836012,2.13261128914652,0.5957105055981348,1.6514215614312617,2.385147043280345,2.189095800533649,1.11656250359122,0.8956025272657636,-0.244905320419412,-0.7592926669133769,-1.1977582299647638,-1.4186520621785779,-2.483843136153031,-3.753856390360212,-5.08289773744194,-6.300857838956047,-6.328705362851465
-6.336667613535125,-6.9772353731759935,-8.362223711572154,-9.873731943581877,-10.06235791417121,-9.347275663715639,-5.50667859012458,-6.357985545969663,-5.307655798250506,-3.5103490683017227,-4.902604071211271,-1.7633477281259153,-0.5807966727917342,0.16769461525656232,0.4244047958501869,1.5294485066773722,3.1140218021130885,3.495577676390887,2.7177547486054343,2.2215715974131536,5.004125662924794,5.752023612044841,2.0189736242323963,0.6003555304650323,1.0718252165618898,0.622346190175429,0.4184213737620253,-0.1551666265196543,-2.2781409142719586,-2.979454379256112,-4.005924411275724,-4.438974787424119,-3.794865178601068,-4.193435838468838
-6.025794452481702,-6.930832228032969,-8.59246700647937,-9.442738258864882,-10.694747242285658,-11.663144663049732,-8.24354671170515,-4.1081192829026545,-0.29437453312602424,-4.931944306333834,-2.7424856997970095,-3.7208300097606117,0.2902772064384966,0.7890362197957674,2.945101050638183,2.9022444952631705,2.6950995312554777,2.1883085442361376,1.8117339104633245,4.045954671171935,3.841349606778152,4.211734125924955,0.9921221256467152,0.4843342629468071,-0.20580932226377735,-0.9801982100604204,1.1678261174644708,-0.7153130420459185,-2.663749150625035,-4.037808427382184,-4.60576024406994,-4.310727066929381,-3.734910095369477,-3.3723607586155007
-6.102855495757348,-7.458671740104803,-7.675209823633723,-8.715086841079678,-10.3881462337603,-11.545271330149257,-10.508332785835735,-4.096985949319535,-2.7200325034060895,-4.416204713363706,-3.0365913865245724,0.4952568549166708,1.5468245239869343,3.3447338070319943,3.707600835100517,3.607559195094446,3.2187642399390635,3.3297568147907515,3.91071285485242,3.6294791050037944,3.4495888225435514,2.437166696658349,0.8959459956415403,0.7853068967130674,-0.4410285185043927,-0.5397229146866052,-1.9494293421359168,-2.888514629580577,-2.874459248270405,-4.326210048399095,-4.296775710120014,-4.12662960230903,-3.668665721100717,-3.5316340996590183
-5.942844777998825,-7.033766302397605,-8.065636541601567,-8.920575650628729,-10.180260400219725,-11.915044285446472,-13.533174005444444,-8.149871062455315,-2.5822435492395455,-3.257709127382828,0.28703798460047225,0.4492072292788107,3.473592364053384,5.023879621226005,4.4142694533196645,5.7088713037329715,5.334215428420582,4.514600952820403,3.227158398841118,3.6206166839827967,2.167240331596828,0.3826393620763805,-1.3711009152732698,-0.7592989393057659,-0.6436804344060404,-1.2508141992990125,-1.5889299287194603,-2.2465352969822194,-3.0264549265828196,-3.6707506173719975,-3.968265437693654,-3.635559142971386,-3.0806965150311494,-3.769325113577325
-5.420833430484207,-5.198792824130604,-6.937748871065417,-8.334735835297288,-8.951379989039769,-10.576151059743973,-11.992472104174182,-10.69095745155243,-4.642059778213337,-1.288617452311331,0.09633706690390942,2.7658344222302316,4.41404919852956,6.426459564601687,7.060517758784061,5.493634530330482,4.780484556962124,3.7062361401432753,2.9799300146336667,2.115071966867455,1.7602519806489252,0.10629409561221446,0.15186973401505097,-0.03021376728329925,-0.8796719063979467,-0.8616238100388497,-1.8550444780462974,-1.952207380164052,-2.556223235544059,-3.1103978239779226,-2.93087271686069,-1.8994941360694593,-2.221481402893242,-2.2496927817318753
-5.025778300018838,-5.635056948096288,-5.526873321357216,-6.094391060283532,-7.2102201654996705,-9.034844256836532,-9.120165762144275,-7.4128324066765625,-5.1676890343224136,-2.1251327470604,1.1700231999754582,3.505451332316898,4.654121401897054,7.587871179887169,6.2922315891042,4.200267405180474,3.7117672957279164,3.0191095502934373,2.0488426208574544,1.0693765620020204,-0.19717726782275766,-1.7015747922664644,-1.6077808008461847,-2.0732568060864365,-0.7616843486156951,-1.0954186273323911,-0.3943974894029282,-1.009758870424413,-1.2890680016231213,-1.9599691985724619,-2.360018755892815,-0.1575732493750854,-0.7175040812419862,-1.2336176289920466
-4.707449508200971,-5.25981014181058,-5.410745177694951,-5.949921903438498,-5.413023773366415,-6.152807890084985,-7.4054886871337695,-5.867689986239245,-4.011741831286465,-1.87360468539332,0.9358805096902246,4.05941371426036,8.36122359603894,6.954618320920173,5.434820651338388,4.431930037277849,2.321830774827469,1.6073244837849232,0.8002442142041802,0.7411717192175531,-0.4769459515063897,-1.8903787632435083,-1.9984681800029584,-1.9008984818964771,-1.2587995236719796,-1.0835373912453177,-1.7214989424598455,-0.7045189082627596,-0.8355511501895264,-1.9413378687022051,-2.774301949192641,-1.3412043263910518,-0.4213020071009619,-0.2659880305978665
-4.309873617818085,-4.302323922326504,-4.380809537374118,-4.642683592136098,-5.16379469442459,-4.784617759669219,-3.8461553315700483,-3.328975863316178,-2.0054298635810226,-0.5247859922778023,4.710089744783417,4.838206726121878,6.7771085118992955,6.06304824195348,4.397488726220654,3.3790210552417426,2.563209050028427,1.0470007277291298,0.29176998462045417,-1.0444295747930665,-1.4102709798703423,-1.8440784980552272,-2.4351142655047298,-2.757640326249122,-2.0887575131248557,-1.4661421646222752,-1.2143121069692442,-0.42987987677369127,-0.9520222543514418,-2.1802581275630404,-2.6349452112907787,-1.676004651951485,-0.6479161677826748,-0.25580171211706765
-4.087691831683626,-4.565671807428118,-4.403453118578692,-4.299100443647462,-3.217353223761852,-2.5139868295502366,-2.816622800515167,-2.19797599048031,2.1740368515838355,3.7202297377336437,4.270959996869408,6.024721837539483,5.827357843369281,4.634750135155945,2.9696040348325035,2.485033731663256,1.2110137650889359,0.7210263802196757,0.0976754662751708,-1.0170563512450528,-1.4925112308339745,-2.222321063948034,-2.8268544263406263,-3.397288872925556,-3.378312263584854,-2.536217370208658,-1.310509161780274,1.1966663894201384,-0.40654372694904223,-2.0511821752117823,-2.2019915961366237,-1.2806198219210196,-1.0520246497370633,-0.7467570439605418
-4.175681116616016,-1.698306045571469,-1.629098628030626,-1.4167156036448458,-0.8582522528969299,0.05554301194866444,0.8001295774892849,1.7196283552982816,2.5036776710429276,2.752105031476881,3.887195056363782,5.095848177019499,4.0925902166778325,2.701075963096355,1.9648325101545767,2.1056031072959485,0.9049083663114474,0.20253641756212695,-0.49736722870792116,-0.3586156498179878,-1.6865841077713764,-0.1902191354120063,-1.1902445485169946,-3.0046085225483217,-3.774950500004881,-2.7305347372266793,-1.5500525920440595,-0.617058353838073,-0.3730573124362643,-1.6760922822052071,-2.01413571155214,-1.3146352229818759,-0.8907850258065595,-0.6317023298704458
-1.7104033975922939,-1.39235722396552,-1.8998247235482681,0.6063420281513795,1.0194529762971773,0.7391110991047958,0.724389568150932,0.5271393224079052,1.1152748226924638,1.7538300727953735,2.505986303438249,2.938826891239693,2.4325732979996295,1.9241481093562733,1.5347597150123278,1.3004411247857,0.32618270294764756,0.16570205642154914,1.416510039927945,0.34880223707837393,1.3370630123460465,-0.09689504124635416,-0.6168277223807304,-1.533982182957683,-1.4580553079649,-1.836003807063539,-0.9944689559195725,-1.0971595452998026,-1.2642871608252568,-1.648122636170037,-1.6179376713245104,-0.8069884061519264,-0.20048245412681512,0.33754758614814273
-2.37893236845003,-1.408892470547205,0.13280260749952008,0.11874474705505936,0.1261901682442388,0.3626863153362368,0.590519091345458,1.4964215590923409,0.9488098720477194,1.22251125553884,1.562629664371711,1.9017466814939086,1.8724113463664953,1.4407869450376636,1.0292127661039447,1.5392155646190262,1.7996213240797052,1.805533885387531,2.2370493928122084,1.048646933102168,0.3279388620772717,0.19703261917609363,-0.3935311566501691,-0.5737772521148766,-1.3554031599150311,-2.804890317817471,-1.9559658718021202,-1.3332833892114235,-1.5859194031820911,-1.146410816561387,-0.7488700930358276,-0.055808296497831325,0.31909447981147443,0.791205164167421
-1.9137460805440136,-1.2147981405028099,-0.8020596134762462,-0.9072953297418445,-0.6309823179798029,-0.351305369447095,0.0952559386782706,0.5318183676435624,1.0697763356674725,1.4044658800730083,2.0377911520661147,2.0928234589642316,1.1574028577981295,1.4707250057988577,0.7159174837066999,1.3805007005105434,2.0036943501859614,1.9757934840587732,1.8296246979600388,0.05950913528144962,-0.1557683248886191,-0.6026712384797782,-0.25324305174594647,-1.0839204739715191,-1.8265595167053084,-1.895752177027905,-1.4665853778739073,-1.1821842284861632,-1.0876547590992256,-0.528342719334397,0.12641563029296732,0.5800708070585098,0.5908919486896649,1.4932968999154885
-2.7670104694287994,-3.4988013132261244,-2.9362432529896,-2.238714077393574,-1.461977369873087,-0.6399718423577027,0.030085817687294215,0.7102129303738252,1.161349158734306,1.1959004490345577,1.3237856593918278,1.2310960243757243,1.4501151858492567,1.081478711048426,2.033766306689129,2.0383118715757913,2.265377650318066,2.400871025907494,1.4564945816576895,-0.29003896276567365,-0.7158855327701248,-0.534586867451728,-1.0442718430637128,-1.2285093689937467,-1.76017122784308,-1.7350314614336269,-1.4003175012635851,-1.211738646381866,-1.1157767019165772,-0.5886629824532751,0.29958906904739685,1.4483061931030718,1.73931448806957,1.753285867383528
-2.362565512632684,-2.532521107279834,-2.576893119969706,-2.618320093546877,-2.1417701763560397,-1.5935972858458032,-1.0889684155730264,-0.3529679250815145,0.33746527694061107,0.42163411787077737,0.5481313129997639,-0.11223355777253402,-0.1254388674549368,1.1307526012193196,1.3257752044882003,1.2953949056937963,1.1563875714749436,1.0136991730934177,-0.20223559161481153,-0.8997079757401241,-1.1777796379293937,-1.6359847515980281,-2.150489147556711,-1.7749161893643914,-1.429013747544239,-1.4404056707578663,-1.4411503489250588,-0.7761268577429024,-0.266692843323687,0.27713019237967007,0.7103957358943744,0.7316832228807602,0.6393230845724074,0.9320979119733278
-2.003509338231268,-1.7560486076176536,-1.433907809897788,-1.7689708917542302,-2.1632001840795283,-2.331965917393824,-2.0559246573031884,-1.3979159328052628,-0.64241293935196,-0.28785563087984045,-0.5517380801725897,-1.011645708242423,0.17856500431861488,0.9187061276905629,1.047579883642208,0.5830480405776629,0.40456903989940163,0.3053717668414614,-0.2588911256090705,0.09404074284025744,0.6703772986654319,-0.4868402155612868,-1.288642167435155,-1.501184952554094,-0.5776991152399936,-1.3778664903326727,-0.9901190926643619,-0.3535085668446577,0.18493899319122095,0.9378567667455482,1.4268251942187655,1.108760590790218,0.4871322088117272,0.7701492736280448
-3.008110369715902,-2.0428428450555005,-1.389068248591658,-1.3413075468364672,-1.5076404637155494,-1.8843216415487472,-2.260197550735403,-2.452039211450891,-2.599006293272798,-2.4145088052566757,-2.2675195731737703,-1.971249738094619,-1.07800701424277,-0.23223285850414588,0.6184957878444196,0.4220553156518636,-0.4290662774287231,-0.43956700188128134,-0.46355292209134774,0.456314850361348,0.009086088369105474,-0.2045299313611018,0.024330791550418427,-0.9149410219324259,-0.8486939126860644,-0.38312589775299644,0.0027516373074016253,0.6427158608731267,0.7367366814685833,3.6175058045435917,2.6755469331910944,0.871144227881502,0.07650535270268365,0.726520748991903
-2.885634212813146,-2.8456975985986155,-2.1620999325585175,-1.4331569763308747,-1.025205008160475,-1.0271747378693106,-1.1876667810243604,-1.4774233037998705,-1.4887625460318108,-1.3097183497752876,-1.9322874334428128,-2.2611817190854477,-2.04676063424237,-1.2859462862889401,0.03915485597061102,0.18866869412961132,0.4571212664971578,-0.052316671175948515,-0.31957441158160127,-0.036011153396148396,0.2110142047906054,0.1941446252550538,0.439628698966828,0.31721108829154815,0.20388397860824667,0.352343249368505,0.7601504675356333,3.4986797722011067,2.188420146411846,1.1185770405319102,0.004887276992340111,-0.5369830331075868,0.697395895948965,3.105961898491882
-2.03780923795311,-2.0628499784439795,-2.366629009745846,-2.4623597102650554,-2.1835664709636293,-1.6300143377452174,-0.9344324478243191,-0.2949273004291449,0.15957487124306163,-0.04052376630387389,-0.5670533588879298,-1.5677359840171436,-1.8336999930595617,-1.4147274112893848,-0.8410869534409837,-0.7676703509113989,0.46559245105598873,0.435467818173523,0.40625968243202354,0.4198252444565999,0.6490768559999294,0.6750563160235519,0.7940736944713995,0.8491321951874573,1.1710095429788114,1.6575619963392587,2.4393304418075563,1.2917329089196963,0.6313902970109563,0.43561009770244297,0.4508529888403043,-0.6420634320794864,2.5818206553434293,2.9456917633484094
-2.1269358092030233,-1.8022110657980228,-1.9026814052339631,-2.414272916097387,-3.124588251859175,-3.1674309199051547,-2.4854821176526323,-1.5495716572279448,-0.5608286991149367,-0.5746004124116029,-1.068436387079408,-1.2967435665826057,-1.555982102166791,-1.032415036724824,-0.6692769561305087,-0.5321910814479742,-0.287609633918496,-0.11525568000330852,-0.6927238391490479,-0.7781664965825329,-0.6810654824336269,-0.5183498508240626,-0.3511344446379872,-0.3077707397520346,-0.2804957660670437,-0.5729787426710328,-0.4362065858926039,0.32416376970967303,0.9175210653476225,1.2383649582107237,1.3757123174680808,1.1235984676488853,2.037533942722429,1.1176679619020398
-2.9583675486941012,-2.2360127720579244,-2.018167587631667,-2.2918640823107457,-2.6207489008719467,-3.000665096894273,-2.1017186580568246,-1.2934486408837396,-1.0730296886827968,-0.8468486082137813,-1.305625145977991,-1.7711867033388877,-1.839517597032319,-1.7986584343203738,-1.6061570833453256,-1.5159997324542553,-1.2307437298172335,-1.505845797796425,-2.0249351482474784,-1.7653344781675762,-1.544316564100778,-1.2594403017429916,-0.5077195873684694,-0.2829203706407948,0.2701284525844445,0.30162545261916096,-0.2395962921786536,-0.5315835612256674,0.045150203041547494,0.07008234512008901,0.9080649052851842,1.699079694035857,2.4291793725611575,2.212033614930616
-3.920206521395453,-3.3217881667776097,-2.690851030999143,-2.6861556523137935,-1.8695038479307033,-1.5992986954744473,-1.4496110434050562,-1.2424463191824364,-0.9503916060396287,-0.9620734645635292,-0.601560600590658,-0.3322440097087435,-0.49333145155813907,-0.3108168013232082,0.34825429450583956,-0.5489339080844257,-0.9849540508338034,-1.1760162367658484,-1.6101800808524978,-1.9507236969491861,-1.3473590219985283,-1.2712004209707815,-1.5195786424683049,-0.7593845059763289,-0.32536391521956604,-0.38974620629456036,-0.047640446397123726,-0.25892385285769665,-0.15612144592143629,0.27424326649909314,0.33783764153623547,1.5025137717089623,1.5051925826306545,0.974353758042655
-3.194174945176473,-3.4732506179669573,-3.548014630947233,-3.1521404840417033,-2.983487920460864,-2.6849175853593756,-2.171709475603678,-1.4449920937083964,-1.3111015137726463,-2.2517937423724677,-1.7888573246717758,-1.3570692877979438,-1.5563816679996463,-0.7582566810521303,-0.029576833742188655,-0.18542098289608527,-0.1821152341895056,-0.8279340434295754,-1.8568239194016867,-1.4752731522308957,-1.073387429752283,-1.8048408664328242,-1.9476573841512643,-1.148641827131286,-1.3363773738156453,-0.9188446029883444,-0.5120640754488515,-0.015188763146208033,-0.0738120534268709,-0.8051866201017166,-0.7700417531341015,0.14403005563910576,0.7394600590385152,0.7307830047803417
