script/wind10m.json
{"header": {"parameterCategory": 2, "parameterNumber": 3, "lo1": 3.000054539987559, "la1": 64.9999836372058, "dx": 0.5, "dy": 0.25, "nx": 34, "ny": 52, "refTime": "2025-01-30T16:00:00.000Z"}, "data":
[rows 0 to 23 of 52, columns 0 to 33 of 34]
-9.195738087033504,-9.14762817252594,-9.774696652070064,-9.120795063194755,-8.8697867205368,-8.92734950188931,-9.491793834777978,-10.028227052512005,-11.224468254432914,-11.093044750198347,-9.805717080433375,-3.9369331473642744,1.7339394079046961,-1.0749122482355238,-0.10641846859122442,-0.8872330093831967,2.304852323067871,1.8254618619473149,0.6069622821238219,2.3383477754757114,-4.183782470533587,-2.3198983127005937,-1.279158996529454,-6.2346124486684324,-2.8079365303014665,1.1917290501191737,-0.5904432004186139,-2.626928843662739,-0.9021670614229564,-1.511451493258666,-2.49956148736937,-1.423958615552219,-1.6793532457467053,-1.45489621596295
-9.231711192332428,-9.050921449252838,-9.059892093792445,-8.244135405709589,-9.031566977565147,-9.770052058826934,-10.063458775901971,-10.737385781324894,-11.518425224138548,-6.267046876203654,-6.349167286035986,-1.6045832336480985,-3.5760698012963776,-0.3610312511621199,0.8344630290939385,2.3054248080803865,1.2314486159763567,3.6557237275164898,2.1685898651469175,-0.8305401450281825,0.3437558678732145,-0.6150468483690883,-2.0148485009372537,-3.311860178316123,-0.15118560003003678,-0.9026120215866206,0.5476990732229655,-0.10244508040670372,-2.0682304402762712,-2.4565273810828603,-2.3556101333783737,-1.8308824939125785,-1.824373997294229,-1.7368487292222043
-9.840136630562155,-9.393343938894574,-8.820368178916123,-8.129934899573884,-9.619011332412011,-10.046478037209813,-10.32828789991654,-10.984282133830924,-11.376807447329252,-8.368895121363929,-1.250737838694637,-0.8094343889365195,-0.04842590837796904,-0.20528813557558942,-0.49591426200640104,4.756591562519056,1.330080253615091,1.2462136199588458,-0.6065822440127224,-0.32001694318590573,-0.759653499342424,0.5907755125230878,-0.15387803776349782,-4.035762627934278,-2.205628533373936,-0.4331567208112378,-0.28317993649467244,-0.9806341529034724,-1.5266128780543924,-2.3199706216447535,-2.063502002112078,-1.982852074695518,-2.0010552270186723,-1.892719063055468
-9.796505544772126,-9.745651780967808,-8.236774985490152,-8.743414743006714,-9.520969906761344,-10.212228283082863,-10.937646852967633,-11.530147715765281,-11.329999381229548,-4.9429209484329535,-1.4271881489838456,0.6756546717912169,0.0466960818972279,2.9540824229665845,4.760548809529821,2.3852613084673546,-1.1115786764533202,1.594229935398026,-1.2827093267595426,0.8860813380966155,0.17878893066135643,-1.3575146971621914,-5.435978192678196,-1.5589179470125123,-1.9802262984373333,-1.021573883485542,-0.5860855958435376,-0.12490660928223966,-1.61772462485651,-1.1364136373040408,-1.1088540855672893,-1.8695921279884797,-1.8342866828158264,-2.1996306012544524
-9.579234474762433,-9.208790945285736,-8.390735735886464,-9.157699083502504,-9.817265650271855,-10.586491579370104,-11.43071793744791,-11.769940271894532,-7.74957558933021,-3.8913020158024234,-1.7470170570705819,-1.3128546081211878,1.3220472137822472,1.935247868933372,1.688670238201792,1.2802468342791962,-1.2553791799401848,1.3211232809073084,-0.07171023979802071,-0.1551566644455346,-1.732012029094762,-3.9382963669782054,-1.2244271992556044,-1.8130831251565849,-2.50531806292134,-1.9411791643470604,-1.4971274857506496,-1.178329575398626,-2.1910488413899447,-0.6411338160473473,-1.6100002794388881,-2.1060468676196487,-1.6542187618966964,-2.0410738680685063
-9.442687207557691,-9.173678336584784,-9.138185947416575,-9.792606746105761,-10.079519323664789,-10.59535389591388,-11.230132290031031,-11.262280840946834,-6.251123993917554,-3.12842150694437,-0.727100766998155,1.2321226332438515,4.831984523093592,4.019831947057048,-0.19743016672991476,1.4079410849685732,1.3602679505858648,1.6262681390456917,-0.8687714751399476,-2.3550134368680653,-1.274188371864182,-1.2839622121986156,-1.9651708500718625,-1.459356500639899,-0.810926147980879,-0.2712031647208493,0.27938448724332987,-0.2257262725646248,-0.43657712388630576,-1.9469196360074166,-1.6885677608592649,-1.6191242897856697,-1.419731946522576,-1.9197184127988003
-9.64511724281717,-9.028645210794714,-9.791126230129935,-9.975463543573907,-10.035546628735512,-10.524971051565439,-10.57521055075077,-10.580903175927203,-3.045560586485122,-0.3925102858139337,1.4518884516786381,3.7183292380034474,2.1926795793798712,1.4343553200880454,1.5073583544424574,3.8268256237098583,0.07376403558490041,1.6387429697436677,0.07343889248365587,-0.9734256338275065,-0.24672828755643167,-0.9173371792647429,-1.7562336248628396,-0.7784582186321741,-0.4558580747510395,-0.8959135405807217,-0.3184032117387938,-0.7449208312805408,-0.8494054729601987,-1.191754620861383,-1.3017337094601873,-0.852136819472802,-1.3503489792863483,-3.3651019022209145
-9.095354392163514,-9.635296586993176,-9.993555131388394,-10.194960620817893,-9.986634941094783,-9.72862448369791,-9.326282345746007,-8.83144140782843,-0.6787164295904082,0.752818017294381,6.579906704300745,0.6132081796416458,1.5440954843147925,-0.1399751776665444,0.8531891918036754,1.4372994566373614,-0.9087285386557674,1.1210739679293675,-1.7839298826880208,-0.0887149617587138,-1.755813955216279,-1.1840689531322326,-1.4179436210124496,-1.2214900525589634,-0.35318089936085445,-0.46211326309220835,-0.5778552337318049,-0.22218272411448997,-0.2747648308314299,-0.8633512549094111,-1.2250887115652667,-0.9830096546420778,-0.8075675369970612,-3.1027014115929052
-10.184567767571531,-10.242729620261551,-10.438674975199891,-9.958506641803234,-9.392070088687834,-8.854772947967241,-8.461567859147957,-2.8813652221372217,-1.0501598355399042,2.436188748431895,2.0626255191616365,-0.5724246192243659,1.7404076841039022,-0.8647471043956404,1.5738388994238917,0.20832031448690574,-0.762848898269273,-0.36202281618860843,-0.6113247696910993,-3.9288547869461503,-3.0668891805243845,-4.460071161884447,-2.3344607844951546,-0.6491486632734003,-1.209344217017938,-1.1462606187764883,-0.6838735123833787,-0.4404371151186589,-0.4237912579287758,-0.7212384285282879,-1.8398212832778047,-1.0611874117443605,-3.5561703565700755,-3.5540128156175173
-10.762618079172585,-10.708505343278864,-9.808586217975783,-9.265142437611212,-9.091860635249818,-8.487385043474305,-4.844389251635154,-1.8553660743015632,1.3353650322853206,1.1855524124338268,-1.2438114888315703,-0.04325726182619146,1.3122122853093812,2.4201713659567567,0.9679288787359439,-0.5604765129448038,0.11158968557860219,-5.0596553056141635,-5.245249784839453,-4.39878428343223,-2.42219781577528,0.4034887536207076,-0.38008273294977807,0.31289248940502523,-1.8733120994690786,-1.6627324716325955,-0.8878321553451791,-1.0468353324733453,-1.2539840281930734,-1.3092827785695436,0.6682820590635533,-0.9161048398564234,-2.933877431395094,-2.765334972529507
-10.857042192177023,-10.231739067671937,-9.991682078021467,-9.309861995842704,-6.333530808951991,-4.661338443530781,2.8949542151121546,-0.15551329413198867,1.460993265609843,0.7483188097088829,-0.6995824597824416,1.939772567560244,1.4111432380988576,-2.903804037609119,-2.049248676761957,-4.887083433182682,-0.48359105146739906,-0.1882597654002649,-9.358648487910887,-1.163361772353543,-0.3736787456775024,-0.7294455200881176,-1.6745740879356839,-0.8363858922484012,-1.0058298814431066,0.6524516551298237,0.03787168991627419,-1.3573332099090314,-0.9722112833122779,-0.14476867677339703,1.8994146870891755,1.4934894406125427,-1.8751733156678563,-4.000591118032063
-9.407967504401308,-9.204968312053246,-8.329476073768978,-4.913879569340767,2.9965005009375107,0.6159119318348766,-0.035249100791571855,-0.28317752061109575,0.9801116756947617,1.3534654522210563,-0.2897028489138888,-4.033611923870918,-0.7212055841489418,-0.3410967610681786,-4.727621272706581,-0.38721828334615993,-2.4939992483342817,-7.006667972665568,-3.122739317631434,-2.639501109454394,-0.7386933276635927,-0.9874193111307559,-0.8669949019103943,-0.21009876539503627,0.9952746642392725,-1.0570234100277425,-0.8734673787978694,-1.0359193846429315,-0.29221316621779525,0.34176386270376286,2.7993672259225297,2.5064876046527154,0.07853386381975622,-2.988902918087788
-7.412627314707131,-7.8663825311942634,-6.439156534107117,1.1880201916893904,0.214479127531596,1.0948593457322573,-0.6827746766630982,-1.9939164962440263,0.7901803059208692,3.1777923940258272,-4.826132487815211,-2.489614999478453,-4.6778321026363034,1.6865414136627892,-2.279645004925951,1.7928749101565506,-3.667104359286304,-0.6024881158232774,-1.7931932037238358,-2.718266782108068,-2.20033452911414,-1.3126593780458065,-0.9699734759886482,-0.38143929849345587,-0.5430118449027714,-1.0122030232238346,0.36571971703054196,-0.87467886400771,-0.06525209469215494,2.6415226565483865,3.409372616883548,3.0459250415164814,1.478539824532603,-2.772510533590104
-0.9983504793035469,-1.1049018480144752,-0.4485950447574822,-0.1383376357345121,-0.8209905697283169,-0.9946262453586598,0.4103532460013178,-0.8111995779900022,1.6444026504807259,1.0749767990243244,0.45971037664534165,2.16955302809901,-0.9941776928827303,-0.2259688762528922,-4.143797883362621,0.16068630947753068,-2.4677915312915575,2.0982717758879392,-4.266505970086048,-0.404143967320086,0.1521825488379628,-0.5834004191006426,-0.5423298133033368,0.41318032990341663,-0.12000613868182022,1.0014712763314255,0.17414101218812741,1.3713849697003322,0.28540832979675923,2.004619903107997,3.739963451171268,3.606372447154678,1.7644254040645395,-1.1614214213559166
-4.715799703606741,-1.1329375890251787,-1.2509678130669322,-1.4976593040530588,0.24313989219323823,-0.853969819762374,0.003102286509698531,0.3388245222781665,-1.796157660285413,-0.2860430250478076,-1.5596399443416686,-6.7955066421554156,-2.18646264387666,1.0438798221933145,-1.8806983321016246,-2.5712513781619237,-0.5618901863460862,-0.8970767705021304,-1.8073082815400554,-1.9913011833773815,-0.34852095467428934,-0.2141190747365726,-1.9233341023584556,0.07369850598247867,-0.1077481925385038,-0.17643436285656744,-1.0340296252113588,0.8092496207844754,1.2734607522227435,3.893520002161179,3.983841957432273,3.758454353281876,2.4265302017315165,1.0538440819008608
0.8051284850040641,-0.6859784939661395,2.0202264284500786,1.961126263158555,-0.2572377286215116,-0.7751841531444444,-1.8055818728515771,0.4224002092381061,-0.6385251527536244,-1.357915850480655,0.3532524319880849,-0.9563556482572411,-3.074004587487466,-4.508790654118485,-0.5439960771588875,-1.5160576286704681,-2.752844718836145,-0.8724989267624342,-0.6599896503929314,-0.3886039930614788,0.25390971441028687,-0.35368486423212836,-0.8226116660365936,0.3358773352011987,1.068672257202626,-0.7160255400666709,1.1122208856980933,0.7799953723748272,0.6764598302783486,2.9917167652643344,3.403707105525398,3.3797060287373495,2.706365139690124,1.1006702155026977
1.1009090708721712,3.187897947026345,5.467333271813459,4.327534069078469,1.0334502364083293,1.2529219529129307,-3.082888140413157,0.7783262007337309,-0.23593289479313906,0.8357237704104045,-1.6538309465791514,-7.756539069635478,0.6987960142593734,-0.860761592460679,0.27242607374314665,0.20769977427500008,-1.0365833225623924,-0.21951238185565516,-0.8746889929660374,-0.18749813042622104,-0.4521845137601774,-0.23292884563067917,-0.41962722729449564,1.0505081440173958,0.2862324298772842,0.49914624797292034,0.5991693491623502,0.19802022687226864,1.1903122856321806,4.022852547367443,4.021463480379506,3.369481640392895,2.162660118138264,1.0919308765615703
1.9870629168424299,2.864134542917941,4.376316372456958,3.4254919689407544,0.35319206034233874,-0.11169207504868942,1.031679955675854,0.679481822649129,-3.103953262179085,-2.8604644349495243,-1.7992549497620154,-6.204621892547487,-0.7894594927477949,-0.6225183412285169,1.4910473182635333,0.307705796911478,-0.05642925425885363,1.2335070206497043,-0.6051967502945567,-0.49948215873011553,-1.1248878048018667,-0.20966745962040317,0.4770523202800419,0.7077556165325808,0.5140974235826863,-0.786309828098616,0.32321621323149646,0.14958756798775716,1.1752848788782482,3.4941109858589505,4.481076602428508,3.858408542447863,3.112565012700339,1.5780451617538045
2.0304706276624023,2.440468364023048,2.7083817440268887,3.533749968667825,-0.3615028623005408,0.7058921180908608,-1.0281535117767506,1.3820504373128781,-0.9075115284145528,-8.942817829482005,2.39469049223823,-0.639445517043171,0.9939277090804507,0.5375529367167653,-1.1049909918602958,-0.3132818475397673,-0.9823926178954696,0.19796869137195902,-0.12738050388476474,0.1749949834203339,-0.7765801198474818,0.01852642084733791,0.5089840151108569,-0.08032265177473863,1.3936841298564016,0.5562000527282612,0.47696184218470394,1.7726518502290425,1.6360654048124832,1.6024678815955622,1.7225828532395862,2.83103206425122,2.1598429019300442,1.7740342504320805
2.174681955682076,3.0371940968477027,2.838696219230192,3.466508000971151,0.8593676430144177,-0.0948800635281763,-1.0065835038722106,-2.2023035347174256,0.16048928076465496,-2.384585223299092,1.6255928254713237,-2.1126581177064585,-1.8723659540569928,-4.39865379829592,-0.14909229910456726,0.4084572239166785,-0.7239986128468725,-0.7768018477303068,0.43524559620181597,0.4126501702732165,0.2009548401816638,-0.7068718930709837,0.726967629280219,1.2950852187716102,1.3415004010565081,1.2627312343133577,1.7740035002933163,1.5363821028699494,1.9646015324963302,1.823525582877631,1.6956784987097882,1.4559054009274552,2.7032712993882964,1.6765018200272421
2.8841877660001556,3.205607502549569,3.334561375810031,4.571272568843961,1.6520161400467437,0.7670204700364595,-0.07204326446079999,0.42071440807743776,-3.3590157369698797,1.4552980111789362,0.9982295828409202,-1.1867997609738887,0.8941231772464936,0.5476110875209385,-0.028803721757013595,-0.47665887583599154,-0.8199438416891656,-0.15159651223235965,-0.39633225923111487,0.23750159800357118,0.046402694550795494,1.4033405653752957,0.3586556560089937,1.186320971891239,1.8982179271422008,1.8994458026858918,1.8048555651603688,1.8032894677117957,1.803186402695809,2.1867224198482735,1.8577312098455296,1.521179877434695,3.3372831628499755,3.9426525949392848
3.1219401445810453,3.742019791777487,3.289785686105137,5.087468832817046,1.8644834836792838,1.3057416366753125,-0.8934536644504887,-1.124009050205228,-1.4440451908254208,-1.0712302437415424,-1.64339721491028,-1.052892058040651,0.13322943250507216,0.09662946505246331,0.5773490359908272,-0.06243713996177687,-0.6007440083631671,-0.002087686877104192,-0.2609114595399074,-0.2346386082499188,0.2772972025905079,1.0446807312713766,0.7304161262395732,0.7052215384784412,0.7552182631846952,0.298743498139316,0.8774755254378566,1.1381710047432563,1.0080534384491835,1.2837790546519452,1.129882562745944,1.28506345003116,1.2876689463881301,3.380785255666635
2.8359090019085893,3.2540159292290416,3.889439983570269,5.689872835721449,3.0728197841944813,1.0179030699819571,1.0684139094301517,-0.3966030931361683,-2.9625766474270576,-2.9812181138975977,0.27691265226121586,-1.8280768953373066,-2.269349031631148,0.231289978418684,-2.113394834328832,-1.4045771795874191,-0.27866371655787625,-0.1463745382916005,-0.30836096938729357,-0.899086589040181,-0.6562736503526941,-0.6449083228520713,0.4614190011047678,0.48237698548196856,0.16794022811482068,0.23020944423121198,1.095719196351937,1.0464053537361708,1.0045240068021117,1.263553887857136,1.2041893146403806,1.522131186152583,2.6900418143299776,4.7932151724623875
1.8054941458432543,3.6691755508551642,3.5914936975812,3.49702131132641,4.877751921074608,2.6171795233193995,-0.02670261621715596,-0.8007432392556806,-4.760630462655786,-1.60993343326117,-1.253754659868674,0.1389129262985911,0.5826062097681829,-0.33108664668732984,-0.2791767945091985,-2.290361141613177,-1.4007776556302787,-0.6781354498215805,-0.26811932150342177,-0.0851705046420975,-0.23652127949247062,-0.14038689107009017,0.5917548302568375,0.8916282393380982,1.1387435929094554,0.9397547114449932,1.3951059621699318,1.1445122414716913,1.074590356173484,1.5242846149237723,1.742467364858035,1.4425656854659021,3.6988780274719204,4.668865025005047
