script/wind50m.json
{"header": {"parameterCategory": 2, "parameterNumber": 2, "lo1": 3.000054539987559, "la1": 64.9999836372058, "dx": 0.5, "dy": 0.25, "nx": 34, "ny": 52, "refTime": "2026-01-31T19:00:00.000Z"}, "data":
[rows 0 to 23 of 52, columns 0 to 33 of 34]
3.6509886848707915,4.4573322193503575,4.71995266699446,4.637157284238804,5.716884313214297,3.9261881235633873,3.754825026690778,4.383074717924666,3.517211889101481,3.9341010104103544,4.02657964916925,1.9276303126039505,0.5303875841149551,0.4990025074903608,0.2897292316857435,-1.293754628188452,-2.2879963646105006,-2.290566176476717,-3.3735937555084097,-6.976020875815457,-5.3321329746627075,-0.1900126427620742,-5.9608114697881485,-3.1393648209807647,-0.7025519647597387,1.1732352932904264,0.8649095343520571,2.3900976432348564,2.3618007499595954,1.0413732124151727,-2.5906996366996564,-2.7256570449593003,-1.215621908750209,-2.7071991121338526
3.4517911920238156,4.4500184813560955,4.827841076219096,4.899096333298844,4.547344788078753,1.63227005363407,5.918541768997567,5.0004625324156295,2.8795981595740434,3.7690371665218385,2.1665855463021537,0.8792663387945728,0.03632241675794628,0.3033244169718698,0.32631233250380104,-1.3152401557247781,-4.068307342126974,-3.1188272836280326,-8.91273134254722,-2.7703382193821153,-9.834022768349246,-4.021790656314692,-2.0850821240390554,-4.628455117480928,-2.1938007696766766,-0.41229627199768343,1.4546178776936514,0.4305206654995183,1.8240400636755938,2.991104832110445,0.48065339157503817,-2.1100141963329695,-2.359144842492591,0.5072327063973351
2.790856378428314,3.7735176176108256,4.4578148760564495,4.740161204532145,4.942582159708568,4.4279546300735095,6.1833005372489165,5.502643822808361,4.078546450454703,3.157858511815427,2.073938606218335,0.7137179119313368,-0.14772566588943803,-0.16933293899320853,-0.060757713609281186,-3.5046509312465375,-2.2164517448498047,-4.744473586384349,-3.5214068207306513,-6.3882492642143545,-4.982595728496718,-1.550754181513996,-8.299677056770726,-3.9590830116633895,-1.5150495750847854,-0.9245247065912259,-1.0764669872850061,0.5167340429787356,0.34181080374965606,1.840012730201599,1.293121045965234,-1.3317505467471304,-1.4177329656680815,-1.4832748029699712
2.937976508338319,2.894973615623845,3.7683920856480606,3.822399749124025,4.248549818468035,4.649531464369543,5.114507017452964,4.570969515178889,3.7256040375201214,2.600346793634668,1.5213042825751082,-0.5290300085021848,-0.4524670824191248,-0.37306591757842444,-2.767699759813977,-2.6289005790043545,-3.8776394348542316,-3.509876431816717,-5.769466421507339,-3.431149958309841,-8.681749213950011,-6.784103822786002,-5.969903300255133,0.24980165498305873,-1.7071367059305294,-1.9404912486331625,-0.581775943548867,-0.32922954092294293,-0.1418669591749714,0.6141604491381517,-0.7499793489391727,1.6839144245902364,-1.2115753021273288,-3.8341278119228908
2.3522623716669417,2.8140158626240837,3.3664267219997903,3.4043215300900522,3.7363550043633915,3.4123931760942448,4.219408314118791,4.302949332855416,3.4902994575501407,2.4093415547738863,2.0388542247121766,-0.6736181663238565,-0.930082815413919,-3.917916895136953,-6.0293358423889565,-5.952963711643991,-2.299775321568353,-3.433672702578259,-3.190998636416938,-3.6449860582754012,-8.486611373866783,-2.7414242464609773,-3.820068320971612,-1.4093629831185068,-0.6807874841758682,-1.1819966443614196,-2.5901329504434214,-2.195441211316444,0.1611423742266094,-0.1832243960749908,-0.033921279611522685,-0.044726351134423734,-0.5791622688896162,-3.32034867974964
2.165001126159807,2.2025210453292843,2.723667661343934,3.5446088848711894,3.720194753896339,2.771070877336357,3.649061396596646,4.66796998598464,3.0192240899742346,1.6357333979479745,2.117197109985645,-1.2675248566674147,-1.7053912059836291,-7.283811946867444,-3.493253537540958,-0.7612228840403524,1.1726606128011676,-2.22683022282824,-3.6179704860009543,-9.20392558563618,-5.866901027485448,-5.667791716360709,-0.1304706799451672,-1.5292754224373413,-2.9195517905031942,-1.0302901788167667,-2.4229254246698475,-2.481451504829249,-1.0860910690757664,-0.8198217630655351,-0.06803247833301361,-1.6233953873636728,-1.386823205948062,-2.377613409936612
1.8072594459847637,1.7916866085573113,1.9469373095620415,1.7826253634415965,2.1778910970973535,2.570665372670334,3.4988600298461328,3.8828667570960116,2.2767825407753612,1.682949235681465,0.18289447844932583,1.9046817507496983,-1.5082697408136128,-5.205498590951331,-2.4239149191726423,-1.2127332861862734,-3.554031472987811,-7.229736065808284,-2.009368814981996,-5.770139365024693,-5.542297900294885,-3.230532928928216,-3.8306741437457625,-2.871321162997527,-0.2659697767724373,-1.1587135303283318,0.16806513794885483,-2.059976061324885,-1.045445974047788,0.08494292226805006,-1.832532826328237,-0.29140862081274166,-0.7624660879095906,-1.0511613999538636
0.7942900858076204,1.2985655914028194,1.5218115003603478,2.287883946143487,2.066218684546477,2.668270758938344,2.473344463104767,2.4006492850968293,1.1212454639723486,1.1072309319581517,0.40349337522932754,-3.0915554802004337,-0.7694823543855858,-1.0607598309313262,-3.0182147257826473,-2.740489030323647,-1.5232864125335595,0.42993347057243597,2.574425999267636,-0.19664891019915745,-2.4185982534420334,1.2217876009276012,-4.267393454770318,-2.439124993093114,-1.5359621540819517,-2.065265820964219,-2.0249994276125935,0.4408945525997499,-0.6982327589778209,-0.18624614756792998,0.4770087661324229,-0.6616923705288942,-0.10072871598602046,-1.4657871097593538
-0.4688786534791347,0.10452088218668097,0.8553473753295623,2.3663723903773617,1.9085608029106562,2.1222816186673428,1.7898614044075816,2.4838017952083,-0.6222781412381837,1.3585660432679985,-2.4536890149748327,-3.1940647458789435,-1.7841560856657566,-5.78960459322392,-2.7842701398519583,-4.090913073583036,-6.64974349540119,3.2310827015727286,-5.64449614982476,-5.389137801985192,3.043910907085949,3.491577959753978,3.2390933073227623,-2.6982983184136744,-1.246246438312886,-1.524377057698217,-0.6572668209667581,-1.0008486822416582,-0.14223093839825396,0.40558355233541926,-0.32707661193991644,0.9081383377004054,-1.2972643139430577,-2.2333944880044965
-1.9378852642681874,-0.9052054658041613,0.29570215741566136,0.9098783589328399,0.2821962266004562,0.9544573926317665,0.6200901025940508,0.5208930199009201,-4.386089276470087,-0.034897076905159474,-1.4976068128967475,-1.1264545455934658,-2.0485916742178314,1.5455511024558288,-4.634003695968647,-2.774713224962311,1.5827747473924907,-5.376652662975939,-5.374411204790576,-0.7642652523032564,1.6481734701123,1.088196026154417,1.638683836328704,0.32260527867517663,-1.242243344657599,-1.116680449993538,-0.6476524614096335,-1.4107886795461155,-1.0849664302495332,0.38666702486054394,0.627374504393808,0.5114417144795435,-1.560446174212477,-3.025219937246812
-3.2937064064287527,-1.7226139555093236,-1.1425118748772778,-0.7993967494436763,0.15451351073978173,-0.6900893516861398,-2.5183913408961223,-1.5623787666364304,0.6812596743060967,2.4561818469982657,-0.37967170771960174,-4.95176230727902,0.36889331936570846,3.673546151722634,2.2614983870685372,-4.080068968142275,1.798409582099225,-2.31279480957033,-2.668935359733585,-1.3164466567602915,0.4607460766744859,-0.9965193342249818,3.44302101608686,-3.1388970362189004,-1.3868549797775624,0.20638956352703552,-1.716768154574769,-1.886272091600362,0.42700544235055365,0.7102366121951748,-0.09776333254629019,-0.5078951202823846,-2.563525828548767,-3.787160123760616
-3.045477860509119,-2.204547431918461,-1.6910431575769287,-1.563170297120231,0.0944185995295853,-0.9250044639327973,-2.948411916584623,-3.496131636669558,0.2866120820200492,-9.68892754318075,-8.14469509067427,-3.146871401257781,-7.736493053279088,4.651691062804514,-1.4744689590387066,0.25253860980004045,-1.106552918630425,0.46252096739444976,-0.9135895695529098,-1.7319443083513677,0.4376269009305897,1.9772196294918594,-2.0238759482776336,-0.036652737963244725,-0.0062606577189076515,-4.731852623484403,-2.2605560401564357,-0.6744443896490462,0.8419296610927699,1.2622356535157344,-1.4646036644274087,-1.4932607573966725,-3.1022194276223636,-4.367210697250165
-4.7758328245443264,-3.07129597464489,-2.665369754478309,-1.766654838353332,-0.4831927596598504,-1.4426756378807384,2.57966485853325,-2.268291244448879,-6.88559651605944,-7.881106331426351,-7.833993085599785,-8.387051394407811,-0.3958256739542989,-0.6179832391348102,-3.448054313208608,0.5574392440442951,-1.3429462014326294,-0.9613864888737372,-4.020223438535245,-1.9761271233718594,0.02083951766547231,0.6429395576224753,0.30165971438452654,-2.4343680683828435,-0.6200682132627943,-3.4544415104579427,-2.3295741123041176,-2.580322907572751,-0.027521139968469093,1.3354207559659643,-2.0521547237214834,-2.025459216164474,-3.659178526693538,-4.54920898045056
-5.094421651951724,-4.484273921000916,-4.249060702895781,-4.246859864647095,-3.7342328595346914,-0.9844369284257729,0.7877447224641931,2.309587448891976,-11.091927454933195,-3.0641230648413744,-2.6560280022086333,4.891835365177704,-3.794911336018326,-2.76289155236797,0.5450020099005849,-1.5126578321550985,-1.1318407827059964,-1.3946321801578871,-0.30980330139794676,-0.6972955478728892,-2.2687472339709314,-0.5506150997503311,0.31654401830942813,-0.08122441228831698,-2.408487596107778,-0.35513253810714723,-1.969616974019306,-0.5536494457955903,1.0080711799300637,0.41526779766277366,-2.3612207133087204,-3.017690780420646,-4.68308907797283,-4.425253814908693
-5.6914825738581305,-5.522790637234589,-4.875620705361604,-5.491589903439563,-6.2790363829094815,-7.249307751861986,1.4210625626203282,-8.61548438273777,-5.126516668903372,-3.3549069896014436,-0.39326007110666167,0.5238397822370116,0.4753502576530169,-0.0380696559521833,-1.6318614820061461,-0.3070006860463888,0.6203937346716254,-2.4091172654342707,-1.7299601384760717,-2.180855992281437,-0.9348607873399937,-3.1174866854857766,-1.7160804800989078,-0.5029610926335901,-0.8480724535313227,-4.195285693665552,-4.077456448960453,-2.3165210533972527,-0.18187433210177337,-0.07639841940052595,-2.7428775279045086,-4.5512200928250355,-4.820447898374045,-4.706516755478442
-6.700809804549954,-3.5242175997983822,-4.808588232934277,-6.478048855299762,-5.409226666565541,-4.594825632425428,-9.257992046555703,1.5041123820121252,-0.6181173490523554,-4.606658937711138,-7.756724628292306,-5.818704736872092,-3.6504461815240545,-2.3901191370661254,-2.0359461816541997,-2.714985467276128,-2.3333018355702473,-3.86936223526305,-3.6995650983349733,-3.223554883775593,-0.7315387324001609,-2.7933937173551238,-0.7831707984470372,-1.2460335445963726,-1.2098442338904085,-3.269995816134595,-1.2907291047474472,-2.1898275405130914,-1.7585882514943867,-0.8375358978070115,-3.555647599929891,-4.9621067649520825,-4.8984284119778305,-4.999454227789491
-6.892774276686108,-5.777895950099508,-5.264689100112705,-5.781696978323526,-6.399194180284973,-9.236305377014725,-8.84500993344542,-5.669003619723389,-3.0561879832301866,-8.589326435979348,-7.803180110129622,-1.4995663613787322,-1.415147808682507,-0.5885014931188668,0.5862636659430657,-1.4413741367907886,-3.1314965119648974,-1.430967811844811,-3.5713659297781035,-0.9766068479183245,-2.990969806244716,-3.2674709153961556,-3.756271883636565,-2.6432332393031763,-4.085097400105291,-3.4821690715094227,-2.16004144300082,-2.1860328095673958,-2.7937193180975703,-2.015699710506674,-3.5221246009201748,-4.725090570416574,-5.237168531741797,-5.377386589194329
-8.102851365317436,-6.642149236592453,-5.585659330940981,-7.301744493763604,-3.2936631525443674,-4.092760203680266,-8.219529867043336,0.7102459009756011,-9.139824395033925,-5.3666529398577945,-3.7387957215870826,-4.456121040729749,-1.5901013911790094,-3.271346507508263,-2.4758060183587642,-3.4113869100831264,-6.458877177983574,-2.425418182492198,-4.57955776798547,-4.601315347704881,-4.182801424189691,-2.724805507068195,-2.7078773040257644,-2.891234901503509,-4.1954538265579835,-3.6891582927572446,-3.726533210320819,-1.7718400697956698,-3.413089903119546,-2.8404265516793608,-2.715821362786072,-4.9970895049084945,-5.457672046962444,-5.664950826727729
-9.276495302581198,-8.418153972892947,-6.457830721501926,-5.904207635834497,-5.156789051488441,-4.059947350200743,-6.667743067536315,-5.537416735455524,-15.392333151290556,-5.6832292037295735,-4.493189237733305,-3.4140270052521555,-3.351044036675074,-2.3130096031759364,-0.7839023272714857,-3.7138284723519512,-2.702606149005974,-3.868247891665813,0.3176628107157863,-2.965316846586269,-3.3252152059050535,-4.124608100236093,-5.31070375181206,-5.636554450732309,-3.6432988542290703,-2.985516389063172,-3.7856188011834084,-1.772883294989786,-3.7605037609320444,-2.905975758149812,-1.4216680970939795,-5.984808537999687,-6.243619192499851,-6.2668758313769555
-10.315964979780865,-9.72644963952735,-7.277100323191957,-6.067013497849669,-3.332849121958112,-4.341547164121233,0.6526505836264018,-3.840962479972436,-10.020036924590249,-7.063977514181971,-5.351496790422137,-4.783443691638322,0.04200557432444323,-2.6289364622256417,-4.097988171336762,-4.810206586187893,-3.1273489528177443,-4.343830081273141,-2.4919332935904928,-3.086056603940908,-3.1389751452888492,-5.042987189939045,-4.231716536106474,-3.1783589966777366,-2.83306424281062,-3.5312109976431425,-3.5645429339071444,-4.582332141215712,-4.368150509048227,-3.9702142284516153,-3.0482960089662647,-2.7473789219852587,-7.367924580173504,-4.463644244628515
-12.892437343192976,-10.842826508059051,-10.20338745674168,-8.388568965464465,-4.114000682903682,-7.648616506859569,-10.926805163885067,1.759604486230948,-14.871180332154553,-4.9760380155441615,-6.448955070300096,-4.578511674389109,-3.3332302439797026,-0.2250950182105879,-1.8217952166482252,-3.103369373894623,-3.4179603241995578,-4.631173569481518,-3.9180303972958104,-4.421676055113857,-3.6086892029343582,-3.425276134471308,-4.569004519660849,-3.8999608345081573,-3.4570230802892565,-3.885100341831592,-4.301316183106989,-4.06057787515941,-4.011410059487661,-3.9474194792770696,-4.323016820532294,-3.1917874624040183,-7.530789605674035,-8.140744460500276
-14.75049994951735,-13.743823948832377,-10.415397858454925,-10.352389584242138,-7.896602413659995,-6.616586339538936,-9.927584250898558,-11.642225238575042,-10.565576191999769,-4.3679872885949775,-2.495199725875604,-4.498439955786057,1.3184044359748057,1.3802305612813206,-1.618794553856293,-1.6300353727006305,-4.419036485447529,-4.260320788770056,-3.6157602666863617,-4.967015172662256,-4.382752614436222,-5.68741171180006,-4.236723364487122,-3.6699122487717037,-3.9031378051035412,-4.477192465740155,-4.663413756731534,-4.935788846927031,-5.303814483689747,-4.866779546921825,-4.524491038526857,-4.079883184895904,-3.7681705481368213,-7.644024240840232
-16.121134989768137,-15.728559040887218,-13.11659566232656,-9.926103018873007,-8.968327849223725,-8.037360224264834,-12.62165587672471,-7.505025687980748,-10.004607723253699,-13.537748245440723,0.11742744645076184,-6.2435095033291725,-2.1620052929184452,-2.818643150919362,-3.083797127152265,-5.2812411029495285,-4.692223114825625,-4.801035279195585,-4.450217204991786,-4.981115031204425,-5.311839286104645,-4.75122388735753,-5.073117220056835,-5.181734301147215,-3.785790933736483,-5.129147994432343,-5.838192607952421,-6.280915731086873,-4.789054684357059,-5.081416941403359,-3.7648701438168164,-4.3818533830993855,-6.64507811789421,-7.297693087098516
-16.546999546142292,-16.882674160782354,-16.98847680054912,-12.334268491576546,-8.124146807223253,-10.114417139569115,-7.661733694278476,-18.39840959490039,-15.819744558314719,-8.874446707850085,-0.5224567390783902,-1.629898775744678,-0.898116232133889,-4.691132406869669,-3.6194581019427083,-6.625122075368382,-4.527020227727138,-6.252627537000504,-5.411023655461863,-5.693423875058221,-5.277006241054596,-7.5925001836936,-6.216938912759026,-5.148854872521051,-5.064979940905799,-4.8541924807430865,-6.036054080005423,-5.051193433465658,-4.362384992764764,-4.54023787561821,-4.469428441473898,-5.334905199092336,-7.597735031214718,-8.611680964437431
