script/wind50m.json
[{"header": {"parameterCategory": 2, "parameterNumber": 2, "lo1": 6.000198445256149, "la1": 58.999992894266676, "dx": 0.5, "dy": 0.25, "nx": 22, "ny": 24, "refTime": "2024-03-21T19:00:00.000Z"}, "data": [3.9430806186024006, 4.644236616468782, 4.822595779559327, 3.5945694737636344, 3.2950436495603523, 4.015415165903902, 7.0834406794971025, 3.801400420883938, 9.214899182460403, 4.860306265948129, 4.876129270454434, 6.021415967317476, 3.8633815324100698, 5.306554119205051, 4.072842675440427, 0.45094713100884604, 1.3503521100224694, 2.9548177323259646, 9.172745524458625, 7.630069135850383, 5.7818194222941255, 3.2404737271754236, 3.953518623894771, 2.1580407826063635, 2.672989360799711, 4.523410998396909, 4.917425325697135, 6.391234030078828, 5.529919587294085, 5.8641391827168095, 8.63908409482217, 4.874484938950678, 8.462651923405073, 2.395805801437705, 4.244080121561854, 3.2532704042272815, -1.1231114035801943, 0.7163454883955387, 4.279545354266925, 11.058501720265179, 3.161766742091339, 3.1699715055112296, 3.2135046880488716, 2.2526705838542367, 3.0532541773240585, 1.5058689021520386, 2.43396073630545, 4.056153666304276, 4.129085397086054, 0.9714250676645431, 8.4372463009707, 4.658707593297018, 9.060937925951182, 8.806102837806746, 5.357908228139669, 4.01242339204707, 7.05503026828666, 0.5833597986212933, -0.9024541980422187, 3.6302970453105554, 4.368432187716076, 1.836569024189015, 1.8177063276889118, 0.6351983360906448, 2.735646647497187, 5.144505132615184, 2.8412343940857503, 2.2225283504185023, 2.2764853032763455, 4.131931774046755, 2.679523036908371, 6.212118347971898, 7.177587182355862, 4.80135635340705, 7.488367635286523, 9.835896714248713, 9.015132897151151, 8.06961115696829, 5.636691837298114, 1.999772290143397, 5.287088757295442, 3.0801263315090326, 6.299247999351888, 1.4682908308810714, 0.5953888952839193, 7.179642345264234, 9.220411962866711, 3.75971728014115, 2.756664247352188, 2.13837964080365, 2.4946157795830524, 1.556266862850928, 5.5985660346104344, 7.604790632882723, 7.578651670848473, 9.47270211799358, 9.060966149666871, 7.100245161838384, 7.778135972032302, 7.255606086617536, -1.322676412766766, -1.7217613242848213, 4.508149099141159, 2.1584979907623074, 9.354833211442932, 1.0914964827670899, 6.0061576195080155, 3.382577682271094, 2.519559144270105, 1.9702465566461427, 2.7897275475486847, 3.9307954509213747, 2.7720130937322836, 1.818749136581731, 3.6997050024647025, 4.8859319056242265, 8.684059250831233, 3.916452867453404, 6.349648835427945, 2.9757694362650184, 6.867425687676854, 4.412016710571822, 5.131080333824981, 9.74478131388073, 4.7123911295702126, 0.3381727899069012, 1.6390303952532452, 2.9896893117677883, 1.8062896491324996, 2.752551191830018, 6.025858353177769, 5.1632703210861415, 4.171855079292725, 1.757051278558764, 2.9473976205558476, 3.5538883051726207, 3.3119894545170534, 1.4499845364176507, 7.468455515388398, 6.497760643416534, 8.999178933265917, 8.675595585815064, 7.069144116159909, 8.945153456988287, 9.18753533527425, 5.428233075753696, 4.958215919732657, -0.27978793452221457, 0.4628503051452416, 5.863962236559069, 3.7075395480672815, 5.872982429186869, 2.8452910663151165, 3.3988216254477868, 2.7738248436764863, 2.006382523653373, 2.5867448961241855, 2.690355581341572, 5.628620436644023, 5.89114849908864, 7.287758024649995, 9.434560994770134, 7.113063304114348, 4.103290130577447, 5.342673533459441, 5.729215666863483, 7.394821948203674, 4.629403694373281, 4.850972913555368, 4.0132603672668115, 4.063908222832899, 9.839977575876325, 2.921266631264141, 4.467086711562368, 1.2260226541928607, 1.3828973023454152, 2.8880988061755177, 2.568786631339244, 4.566034515281036, 3.0954246382163064, 1.047615380796718, 5.179588264291669, 8.531886701039003, 8.195663309588486, 8.96335456163209, 5.763516733553002, 7.981781890352793, 2.53776298219472, 0.41806380989007647, 4.080107793555891, 4.267494085174661, 3.1942253889451213, 2.109812901122448, 10.510824087701929, 4.232237715580042, 1.9912515533400013, 7.783399486558794, 4.0559137743458304, 3.2221566699823643, 3.2598686856286374, 4.573613514261424, 5.819575165240559, 3.9344000616817776, 6.428377942960303, 7.650410767583724, 6.452123443315547, 7.448182163740606, 6.811352133207189, 8.618421904569423, 3.6010947530942063, 4.684096821876071, 0.7937124988052536, 2.1882639654965463, 2.1962225465731473, 3.5031744504162527, 1.2314278550720483, 9.552712801837721, 2.1093070911655443, 3.159709394953522, 1.7471138177321994, 4.0853686207296285, 3.754933959164959, 5.301821698908072, 3.200159870219601, 3.4244656648195955, 2.5364211900224998, 5.624170430674783, 5.660519998307608, 8.980566441112492, 9.764471068693842, 3.1239698827126214, 9.463785907387248, 5.8557581132179255, 1.6854353045551351, 3.306534761789166, -0.5683197700251423, -0.6788875606929218, 2.7332477297814926, 2.439262442239623, 9.6524454282632, 2.764548847563125, 2.191697489683589, 2.9677197884233455, 3.8424118284757953, 4.039241515874137, 3.0823219995500453, 3.7787911926528555, 4.473796834047189, 8.543784288271151, 7.41825292941639, 7.844430834430885, 4.826747302377274, 8.783742584917325, 2.3081159407383307, 9.19460568060573, -1.6453054161599592, 3.742806740133771, 0.3129634077909074, 3.328293987879487, 0.8027137766017431, -0.5458039239239868, 3.5782848286113444, 1.307019483411704, 3.106394136909622, 2.817934970467316, 4.048605804717512, 3.513255722516426, 4.677193481459315, 4.721371438276139, 6.162885479731367, 6.295566888108052, 9.277063074123884, 6.127179223834986, 9.130346532006111, 8.59918211791363, 3.787993701187106, 5.534157663710405, 10.080776671078125, 4.102538587162119, 0.9363290284349716, 4.619016278953607, 5.92339051870944, 3.3910280982525074, 4.936777222911519, 1.855666097268982, 1.9688596391318152, 2.5538596807882015, 2.75658358640552, 4.375686304325437, 4.178513928576647, 4.168592033065597, 7.284676259864011, 5.523006334425075, 5.339996841192743, 8.179040861600402, 7.3514793877918185, 3.295588916854071, 9.506569728108532, 3.375871287313956, 6.70496048404841, 4.063726452710339, 1.972853188758778, 3.748694411426021, 6.773211419301669, 7.935865676694511, 7.314782932545823, 6.245483940990728, 3.7106717781067697, 4.275760612372975, 3.052991158463981, 3.4825606682494135, 1.728732604920574, 2.9391768033333654, 4.628390638945239, 8.40576858172942, 9.574546226245017, 5.8556833121381455, 3.209333008361765, 7.836358036944628, 5.613781094755023, 4.595127008616918, 5.135031904892416, 4.453980039130722, -0.3670852019543854, 5.252978784514938, 2.6039084616202364, 1.637954804884999, 3.34651321029496, 2.301740728776269, 2.6875143338974294, 2.752540115391837, 2.0596253568107223, 3.5506045394986367, 3.5495742540292525, 3.5996121522191413, 3.136991435336405, 7.204856085660298, 8.146352443269091, 8.349003852040477, 8.837419711880205, 7.552624765626001, 2.524769642247484, 9.73894143602605, 4.2122419052085185, 4.140249036343606, 0.40340044883569054, 8.602760820867704, 2.3109453461912604, 1.2032244718597496, 2.1167862273075504, 4.560004927613569, 3.4309184040315275, 4.059789365518927, 3.52649039058626, 4.58175563767496, 2.8369337309372407, 3.527175343739356, 4.490891566204491, 8.28361043829367, 7.174315505771442, 5.890580850443871, 4.7959659204112555, 4.723500550850946, 3.4278181473657514, 5.7347361800737495, 4.482964699609552, -1.3268244361388868, 1.545928115898233, 2.59716965715626, 2.6241375588309745, 2.7247921564850217, 9.21887302707336, 3.101726799541269, 2.8984669504963168, 2.5419168830519103, 4.281858397600184, 4.7410067824509925, 5.465686785513991, 5.178573465372391, 2.788584608196809, 9.544437319381803, 5.167772190717595, 9.696244649451508, 8.950419869521857, 9.146740442909742, 9.54622703865232, 5.192574959897745, 0.6512496822357632, -0.3803208778904514, 4.680509486644311, 10.824923848429458, -0.8545239770919062, 7.540517706114553, 3.2501759953563285, 2.306329968303992, 5.137467829754413, 2.7662241550489037, 3.7693333384430856, 1.9510671763328566, 3.3681272358871834, 1.0908416776708088, 4.055589061889382, 7.126428926626264, 5.9987561581387965, 5.535440385108458, 6.6106911750399435, 6.993789630038033, 2.381296464503274, 5.042933774181257, 3.993666723315909, 9.692553726703204, 3.524120281477755, 0.8603858530420189, 4.374111982235254, 2.2885971222850694, 1.0072759379305414, 5.987487876066073, 4.489794659679708, 2.799909701504571, 4.0904229665890615, 2.1755958658252283, 3.507118152446059, 4.830803246094103, 6.207494774174169, 5.434840478085846, 9.744793943873692, 9.676510985280377, 4.6629432098701535, 4.435839492791346, 4.243459031311085, 3.9992083734540365, -1.8072797726978873, 9.492858711717368, 4.0793465427445, 3.562906863741718, 9.334336500049371, 0.39883663464592245, 7.794615410544546, 2.2675584999802347, 2.000009977766417, 2.8777231576351485, 4.570157500339429, 1.6410057030075442, 3.8466848419105255, 2.4762479499449115, 5.542551747716972, 8.546992234317454, 7.937068377627369, 7.920411326242472, 8.915641661248058, 8.92276830222882, 8.779396568515129, 9.836736802928668, 9.475939066067147, 4.743688327771083, 4.591295814976988, -0.40843344205192955, 2.201519098962594, 4.8297328109263455, 2.683053763450568, 4.3002362322662995, 3.636100262320191, 3.2492875389064007, 4.022150712085917, 1.623070927370327, 3.7662263326391687, 2.4754184261342815, 5.168439056756708, 6.353129185270539, 7.831321007882394, 6.72006939882059, 4.919699373124044, 5.321208090651856, 6.404316133733699, 5.593609933428193, 7.839188294508751, 4.752724889941043, 4.055875154627161, 3.1995968320553785, 1.4903116931905243, 7.270521080650153, 0.43284642622018005, 8.957010953603621, 2.9148755767494365, 2.643491262110653, 3.9851768248204444, 2.3636367800439166, 3.091797665235949, 4.1236943740210545, 5.20874368764461, 7.821835599275385, 5.3733989079583, 5.542779590683508, 8.89797839123107, 3.0061869484084953, 2.7194561760543223, 5.881944558732422, 5.144138162956078, 4.784004828225497, 5.439059740788836, 1.92206323357195, 3.5733717836866266, 2.123383105541422, 6.799777748659242, 2.1074451480634138, 6.054656793550835, 2.744883648204082, 3.4777332961139855, 4.479678216617533, 2.7482834592107475, 2.0368448239148473, 5.0723176924990625, 3.851646989719968, 6.0774053480023715, 8.257114287202985, 4.785995015721878, 8.607082098337031, 4.327450474330318, 3.471102751144535, 4.404122472061302, 4.71960730074393, 7.018980968391849, 3.987017384438622, 2.8752511243347283, 0.3801793121185705, 3.29080713811497, 5.875632490527583, 3.617690995485441]}, {"header": {"parameterCategory": 2, "parameterNumber": 3, "lo1": 6.000198445256149, "la1": 58.999992894266676, "dx": 0.5, "dy": 0.25, "nx": 22, "ny": 24, "refTime": "2024-03-21T19:00:00.000Z"}, "data": [-2.3136109034540593, -4.375187794698288, -0.4172065972194697, 1.4719505208953816, 1.1488896947729847, 1.1395706271334243, 3.828112772239901, 0.9250953868667157, 7.735000337225741, 2.4131974345832035, -0.14327661435188171, 4.137939898975938, 0.6903551413521636, 6.367676769216362, 2.1128022946358964, 6.451580991569874, 7.645995398360056, 5.995489967255255, 12.071414872786525, 12.206808764988974, 12.144704454108755, 5.615389468721122, -1.8740216340417095, -3.3685882499026016, -1.0593516739307751, 2.160116382538815, 2.8643390852397976, 3.0818872602412863, 2.5944252118925055, 3.577437577554599, 1.8557895203732608, 0.5260381297354434, 8.00722568843923, 2.8773026012182004, 1.1815080199326136, 3.2399788665149303, 1.8320348885109246, 6.4984085632925, 9.764253238811945, 10.677533910641028, 2.057082049589178, 4.205106341940941, 3.6444699357561254, 9.617778641834366, -1.9701643973408376, -3.4581377531557327, -1.1620511159546536, 2.2676011560688134, 4.576953925321238, 0.6263344566602279, 7.3635962034325795, 1.1733995826012478, 6.535086736492503, 6.673094589415269, 2.9242979756086145, 2.4887950734569957, 9.334720368354242, 5.233705096731639, 5.054884693438119, 1.455933175074063, 8.565399802158222, 2.8832925833701215, 3.9853038398329375, 7.839699977517841, 8.124164239689959, 9.839714636421556, -1.7821364685670285, -2.117502799328688, -0.9745978071470686, 3.6752958985899107, -1.1604082929974684, -0.41892304482403897, 1.5915320259594783, 1.9156877331732518, 3.5272614069736234, 1.9466933172625955, 5.46108672634107, 8.368908156319764, 4.589299985811792, 1.6076230793483548, 8.280177653642392, 1.6170319503206865, 12.453170382536092, 2.705556141290529, 7.653062527498617, 12.105368776185356, 11.454605980502292, 3.040175936357109, -1.9138461776980635, -1.7506126070153218, -0.6728377722586254, -1.0910949212583612, -1.0883672449352872, 2.9556358325132335, 3.3551249258818765, 5.803394852559567, 6.021764299807015, 6.5643214596436605, 7.093304652228186, 3.6152569414221514, 1.315207012055238, 4.502348036354421, 6.844074154392974, 2.1988555519890363, 12.019752308851018, 3.153736814733451, 12.573729939489892, 3.645577669789262, 3.874367217326666, 9.37181051468084, -2.4682251482934094, -0.1596337362338539, -0.4185883171160735, -1.4510214236472896, 1.1796937080707883, 1.5052633174345085, 6.562096289740019, 0.9323410714121564, 2.2555488738040377, 0.7396830838334341, -1.962236698014069, 0.08807043387476278, 0.7926670163217894, 10.175554269125998, 5.917256671072403, 2.64262857481279, 3.3387862475136822, 6.781416981718042, 2.50993073218251, 4.077079841863233, 11.091231870568215, 5.207958644722726, -1.936849261403834, -3.286399268933854, -0.07565190602593704, -2.168032946563882, 1.1912414101102191, 0.23635436649103655, 1.6666795115312725, 3.803470263705796, 6.0904362516848725, 7.500732213973178, 1.2989680218836919, 9.96973891717778, 10.413695267116989, 8.13402181409983, 4.516421675342224, 5.003483898436456, 1.6441411822921428, 11.733436592510097, 1.7193805961302568, 12.453833455619584, 3.3249757834855465, 5.643758741101609, -2.497603110585845, -2.7165704850771712, 1.103997898698656, -1.1944214556809938, 2.925188597270308, 0.13548072445114626, 3.246821861218153, 5.939962923351121, 1.907353845620639, 3.14891325631635, 3.2438849763327977, 4.9275493649238395, 9.515363193635515, 4.47196150810034, 4.235445542986586, 2.1629356033030245, 1.4407472708686613, 11.485559592475953, 8.177465615361136, 3.20650049413716, 4.630883931324597, 5.711855547009955, -2.330260227519949, -2.0362741389229915, 0.8908002726342441, -0.10344485581722868, -0.5805230337743322, 5.071637655110537, 6.979044936066243, 3.1243686993991076, 6.087368415151769, 2.4814264905948695, 0.5562309017275892, 3.1858838678694124, 3.3700236618465174, 2.19874176765512, 5.389651323617179, 1.5641196483082638, 2.0680695603886563, 11.22895656069504, 9.74769734124499, 3.799365342703767, 11.346687179032967, 7.059760540005481, -1.9038701285442543, 0.9675690921466928, -0.7904930756053634, -0.04531373294382957, -0.801696748862874, 3.0181299622796223, 3.1870337658016736, 4.875911630878821, 2.049541019203694, 1.8514705852675024, 7.468267800780552, 1.0071262320703265, 0.49495022826484875, 4.5410772649682745, 2.2269751822718047, 2.085242412286889, 1.0955960154230513, 1.8815988408342967, 11.859499148804808, 9.29450388192508, 3.771123206524653, 6.394098701782046, -2.2340314980892786, -0.03305353842515329, -0.22656369489757766, 1.042735546768834, 0.6027680023037635, -0.8127907634054826, 2.5783922323298922, 1.7866410418065666, 6.083681565085706, 1.8569645163676436, 4.079003869326158, 9.284160806684458, 1.177098630105654, 1.7023280549954867, 1.31306377239968, 3.4608506233731537, 5.175517522377649, 2.8557698922774413, 3.3837104689852207, 11.446059011295334, 9.314534034936598, 9.867312530064977, -1.991478233702058, -0.6913143380807392, -0.5103126952882446, 2.021318819424705, 0.4045173495987257, 1.985562421656248, 7.6212575340102875, 2.955832382159559, 2.3241073201920535, 2.144190734221503, 5.249524244591995, 3.12481646337491, 9.78482283070949, 4.6547688638956055, 1.5692747651504728, 6.301449009403185, 6.483309030639994, 3.1928324758725637, 6.432166315681508, 2.654149673783482, 3.874094237819833, 5.235297151025976, -2.007289234045158, -1.0202302290951406, 0.4868485174463487, 2.1160582375234736, 2.874194667061778, 1.3925541910578398, 4.806948854458568, 8.615006631151005, 3.6107186683394823, 5.266229406454026, 7.435090552229976, 0.8291782349177826, 5.5730221464980305, 10.04470119438111, 1.7242272203882203, 6.87594818797972, 7.03133519373423, 12.861278424290067, 7.611744268878633, 10.69326538384141, 4.439622485912077, 10.00233418786221, -1.88334879141332, -0.6879068305015921, 1.5429667425274163, 3.7392063267389894, 4.622713782684437, 2.8022535996140667, 2.9478540022479898, 3.685636536965499, 2.166416744393739, 6.5341240462928285, 3.9002755388925046, 9.333666926931288, 0.4939765001511929, 10.375135811843121, 1.6947424829979916, 2.3219410108810727, 5.647363071672783, 12.597550585129945, 12.507343377479126, 12.163051123709527, 11.931897356380379, 5.359203204986528, -1.3503093825284214, -1.6511849244360997, 1.8556113013339701, -1.9393354596698293, -0.6245329863009557, 0.4860314561424056, 8.088707250210485, 5.601421388436812, 4.077242723670281, 0.6900619334814466, 4.014636860365876, 4.727276158323697, 1.5991224642372315, 6.113709813057345, 1.379609831176531, 4.065871425037297, 8.2257320895972, 3.344931512166173, 2.8747016258917366, 3.570920672309856, 4.213507081136369, 4.983279453310001, -2.0504608671021143, -1.9686211036025998, 1.8615612742064374, -2.1374774166188275, 0.1381710717547074, 3.235563306674742, 2.329270801567995, 3.03818676072549, 2.786782707836438, 8.2260145841261, 2.699356160996986, 2.9681504073683116, 9.85798823896935, 4.048893227166576, 1.0332128893745525, 6.069110485135366, 12.029542970985624, 3.3623845491024933, 3.2856188256371226, 8.6192157551199, 11.169815226519754, 11.659748300366163, -2.0775644496528916, 0.3144696241909904, 2.1058210994925983, 0.714684478748634, 0.8179317308551399, 1.6025641297889415, 3.9748392075992887, 4.797072848580169, 4.3840171926277165, 3.374452579308745, -0.4203978146399947, 1.1813735440518676, 6.309009619555014, 3.9046669524716036, 5.344054835012117, 7.51606652395503, 5.34544825892524, 3.0281928568893437, 6.6895696941907, 11.77236826464021, 3.834439030299667, 5.36232591608642, -1.881937423343542, -0.33091821870569976, 2.271292706192585, 0.2373483583056168, 2.96398693685379, -0.9521001011432485, 5.273787356711403, 2.6512364840329137, 3.5070880344766517, 3.828035142267731, 9.257391300320242, 9.273737587628712, 4.460641275989933, 4.950873024711531, 4.923508665153139, 5.171693670233507, 10.905957894201386, 4.034949212572124, 12.50380261130692, 3.5425174870261835, 8.39431532533059, 10.95307971281631, -2.0453507868606784, -0.4783166878869888, -1.1256442442424448, 0.8266414412522689, -0.543984067361471, 1.4057782713770723, 1.3902082038232901, 3.5369792505146713, 4.665521530184241, 6.363238708127669, 3.039044538151341, 4.198016588483861, 0.8838090338812878, 0.9363643268246931, 10.775517597637217, 6.465223845836472, 2.0704172279625355, 9.683082512378725, 2.641570205024504, 7.884998784862925, 11.039833143526238, 4.266538741111838, -2.354842228444351, -0.9685808920410336, -1.4387322859405338, 2.2404871796539845, -1.0124462208404668, 1.4737302980470042, 2.6781331929581706, 5.411671283372775, 3.9361542202728637, 0.46009864988359467, 0.34623569309451013, -0.7315811687234709, 0.7367587739226068, 3.8970377775974874, 10.68778564412459, 5.202689833990354, 1.2367329244058651, 11.9879714536841, 3.6826286835021005, 12.214083708286132, 4.0753286434754985, 10.649988265222962, -1.9358661006938478, -1.288401679034173, -2.106782339374269, 2.769563855907154, 0.9228414293716399, 1.5138277961821187, 7.702938298273172, 2.8075720246022375, 6.454663951888536, 8.547441223051711, 9.661572515642893, 10.236392119624728, 9.749585446348515, 10.454373599587669, 6.3986592225924515, 5.691476173792904, 3.6790524830529225, 1.2644198819080563, 10.276502491790458, 3.1024393516053075, 12.301462184431161, 3.087771749887329, -1.804726762971482, -0.9552578848315527, -1.9361646260520817, 3.7855587668531143, 1.4761934991694217, 0.3336179271057934, 2.082487609910218, 5.30351703744423, 2.1936491687703246, 0.6616359949599184, 3.263154067191618, 6.341211202371889, 5.853350275144579, 10.706934333934047, 6.226720138688779, 7.489406937103579, 6.973510209666265, 2.0374967631535443, 12.583011056130108, 4.49997885898122, 11.639333573766244, 11.639605187876963, -1.9651190007328285, -0.727010317292682, 0.3798799287447125, -2.1645233600165112, 4.4192375643074095, 2.3540926762655268, 3.5409770431539034, 1.4366026533254344, 3.665710678340893, 8.47360157199577, 1.0966334905773636, 4.9308560270856985, 4.473626024266888, 8.117223631942537, 5.826382049671061, 9.11307404039031, 6.501908992115417, 2.0554441250165487, 2.7316118580986726, 11.968155940362863, 3.203441670814702, 6.362949935213888, -1.7719796439183437, -0.40550807855286775, -0.0932241179450389, 0.018328790239681963, -0.9831935315637886, 3.791126669038983, 0.2547732958517067, 3.767279453828911, 2.127749877450257, 3.3299571861274284, 0.5263314752883165, 0.41864295219604036, 1.1701729239982284, 4.228766265422574, 5.217911295165056, 12.045726753913769, 5.9455630279751475, 5.859643124426371, 3.768161924234637, 4.257604450264064, 10.38051735535468, 5.219198536227171]}]