script/wind250m.json
{"header": {"parameterCategory": 2, "parameterNumber": 2, "lo1": 6.000198445256149, "la1": 58.999992894266676, "dx": 0.5, "dy": 0.25, "nx": 22, "ny": 24, "refTime": "2024-02-20T06:00:00.000Z"}, "data":
[rows 0 to 23 of 24, columns 0 to 21 of 22]
10.843305792607735,9.837218161802776,6.003523718736821,4.5522723183371,5.962106734981022,8.406276044997481,11.32549956877218,5.3049711920665,14.296267922181235,8.337888321351898,10.881286295657791,12.912210146527785,12.228685993469584,8.57134907839118,6.821631790684053,13.349104986500777,6.67747684053292,8.55544939620184,11.427084222671091,12.934236509524872,8.30445165825163,4.490191845020274
9.970654741562093,10.742342697744693,8.581317391066516,4.2271949062880925,9.392351623710525,4.941568169543804,7.2242130788744845,7.091751178478306,8.774104126494754,4.109974246041515,13.4832377940074,9.513968035768839,8.60327748395125,5.537630048677558,5.804120896922895,10.37810212940049,4.703870560879666,9.87432866923289,9.657297432137128,9.968279392048286,8.447219540696475,5.692389414001001
7.569180126317004,9.361619358315217,5.877518889662872,12.288601784110504,11.033685302181157,5.932813958617673,7.611433567883084,8.397477971504108,9.010561227049873,6.002620671176533,9.001204016094787,9.629078627107903,5.459645158890325,12.955737132478543,8.704978029594512,4.9149285798160385,10.023105630090686,11.136010569546563,8.986674726247884,9.323689530999106,8.712933294252366,11.85531504634925
8.476893090168874,6.842183466236309,5.823723583381128,11.853634806809058,9.659009702649707,9.04223796697242,6.082912229117823,8.895192452403188,8.145455359755099,8.412885994963775,12.567515664472387,11.273373146100822,4.955126501497563,4.37467228411365,6.187122144932022,7.2993084994886726,7.738626917181456,13.605074637615584,9.063497019797895,10.599050733884248,5.879141293325742,4.883826989872837
13.54995688538331,8.537570435413844,6.568580553663325,12.10551473088932,5.297542902325283,6.542146102613559,7.008451240627597,4.325264662138064,8.553767597296948,10.761840424477207,9.30942310337593,9.18454639016761,6.259486440043699,4.711079985520152,5.830240205075014,6.695924121456334,8.442408736920875,8.278502621830944,8.41348322935522,7.844435403075151,8.092088698441575,4.173344592466989
8.739488937309398,7.8713909826840744,5.945370712913142,8.704703400370642,11.165236570615633,9.155885609368333,5.093583604606934,6.576835343711359,6.118725842508357,8.191898705684437,12.077381377430902,7.132884288326321,10.940513237519216,5.614906443980423,5.369208221408628,5.774593462673075,4.778161044134016,10.993979342071482,5.915704535801587,4.695745210826534,9.808879421922839,5.878320490305959
6.706599690691289,11.60841163926947,14.496318380214383,7.452070454712631,11.430722678678297,4.925800372947923,9.08793845699889,9.89945952467186,7.947969586209399,10.548048069075564,4.468264898121651,5.913146417992621,8.939203433865403,13.150831577076634,8.706309423793588,10.574161925844418,5.658910658446022,9.024179490323533,8.872165058207532,11.168423680072133,11.81966178611687,10.86657865707589
10.264571452478327,4.367302049683774,11.997655777164464,10.17531659309182,11.732027007710133,7.193948561274529,6.43174328278318,4.951856635441629,11.229105212509124,11.942196084002893,10.450193996914642,11.859679435409902,8.659867230830605,5.343926958169696,10.240976754255344,8.344065851102204,6.780408170888165,10.355143707473376,6.0360343333994,5.9915043837159905,5.819306109313903,9.93849991896162
12.203637657510365,6.513456000718042,13.072512940160692,11.402804965273745,4.538322021354188,7.863348941017511,8.96819531610434,6.066905653093023,8.235361264230825,10.291429362554927,7.973076919834337,10.376632915318405,7.799636317925819,8.621277261112619,9.262561686550171,10.845794383649016,12.268950119127409,5.639793634838789,10.959044598788013,9.86009896255765,8.200802355911362,6.482660335568552
8.08803056756312,13.5559896767706,4.978087424368488,11.75756612684197,5.856980459424277,12.256392461921525,11.060865898252692,8.752209940641883,4.430460883403344,6.166556971161576,5.615738996100227,8.00684934238963,12.4934316561331,5.8423390130389015,10.504226241667599,6.395695224075673,7.041284503065243,9.117237918922307,4.504147459029346,4.500657324024728,11.16931270284048,9.17807462636267
8.937920927250836,12.782983322421009,12.566959992777422,8.707428174951266,6.59626750282711,10.927892901814323,6.387042808780593,6.1874299773968895,9.36539545043714,4.991291828692824,8.379746295400555,10.044368258031326,6.269008404527878,9.664911955659498,10.833987589601955,5.670395851983381,11.193206064056492,4.589319178298148,6.876168558982775,12.629913974840452,12.625666230095653,8.872273857271345
6.957001302267907,4.828953845118976,5.627982800483614,10.808748066100035,6.381201271639193,11.044109221134152,11.89262748412681,8.783423069975468,12.944104851034457,9.563365688948041,10.362687521139542,6.56678883267303,5.5566950524453285,11.391836858381001,8.998698025965806,5.593567870631057,12.376409122879652,9.5536644079761,9.241446613514944,9.191879457303234,8.753781995768632,5.0221942885039565
4.774297524829748,7.652832674099404,8.841463914315334,7.71925466024752,4.073226440025534,4.7474586740432,8.961008160689937,12.134723719701586,7.165178216106358,9.852783332636152,11.196217387595475,6.737044702622227,10.12171803643331,8.020472196509871,9.682157014189132,10.495136860139953,12.643287608269699,8.876611710036666,7.567440358582959,9.91059609271985,4.3517525805862745,13.284824203493995
8.726316069708783,5.709673699570972,10.454368014856708,8.390392234035795,5.82846221354343,6.278174440744845,8.732449984213298,12.915477293683356,12.785325959368643,7.529129803046315,4.521859425630483,4.825411418383754,7.852848169772256,13.010663115790278,10.817163292271916,6.400971329497442,10.89601507374007,5.044148787657134,9.172165355766793,7.0670197632337555,12.458404778204066,6.283742596320379
5.484885130795351,7.438702470525103,11.137389582520917,7.048789406616043,4.91455619352348,9.525011413093598,10.079510577067856,11.96704201489241,9.838713817559212,5.874077503171114,9.464539004939104,10.12189197598444,9.209896389577658,10.318280268511323,4.392983890018616,7.781155300523048,7.675797833890891,4.73152015708362,5.468593509227513,8.817773380966331,9.1622014201532,7.732595441533491
9.273304779740156,8.806085197738273,12.915108908490875,9.636745856867014,8.567903511270682,5.0127796150745985,9.162504427115051,10.358549708624642,4.331471624056472,5.882837067692129,10.006330514826812,9.105446609326231,5.1240866737639905,9.179623516815987,6.520662424059577,6.061337126369449,6.0042096852828415,10.571358333556198,5.5740063003836084,8.083195435759169,10.306104768955691,4.8694141197526495
12.991235464962267,8.127956386837853,6.923958299623183,7.882399848145968,8.276789168357833,11.095156310289976,8.71423360200884,5.21721611314281,9.920136139833733,7.553762803162233,9.140243987688168,9.735378525786066,8.90598398942928,7.176262680990354,4.8805615923456935,7.0074419196715905,5.037282531284414,5.483179953580122,7.261240073791395,10.479579674376497,8.12515465761807,7.175725878522555
12.081647465921098,12.228477107807025,8.25570697026887,8.721189183314413,7.612188116513669,6.685634960397823,9.553851794357994,9.758634678559586,7.852544236466456,14.313967775050626,9.2495637052094,6.199383743093745,9.828464562050112,6.706207733210444,9.27756829093405,7.92766515089796,8.809954780838767,13.781742874541095,6.969140298707414,9.046094357191064,8.021126549588768,10.639855433259202
5.07437552965004,8.667146982477785,5.328688984685128,8.449409813737676,7.484765955079623,8.641187202125854,8.854253533886109,5.949447263324995,9.630275235503001,11.393209546706382,7.623892322161376,5.2870003276223105,4.881597731307535,10.999596582068994,9.520312253130333,5.808434617017944,11.453236000645434,12.518803925911028,4.9635844203893065,4.046358257394072,10.912427464194703,12.350584516060012
9.587728492731802,10.561564984857656,11.804405248071998,8.632851569977953,9.84521793814042,9.216247050437566,12.439602333908311,8.007260089369854,7.09762790302861,7.10269253063548,12.433091848353921,13.44327755394168,11.651439408795861,10.781209796364692,8.309555417668353,7.803505402663502,11.19775958419917,9.276505874100692,5.233405075145413,9.066814655101506,7.926463733543232,9.862648728715355
9.427111841257075,13.53146103323948,9.642621565160702,7.998736667136017,5.30723583084285,7.42388442870067,7.712865652288585,9.116765821010723,13.597002250649927,9.025924788970286,11.204031941428456,4.688138955869638,9.879143614516435,5.745856180458681,13.188512446775126,8.975830935732528,12.49224150306107,4.86151001021667,8.590423357060342,9.359659535208761,6.431641324050432,6.4376157858045495
7.492612306016176,4.604501908990087,7.787199026003026,7.978093961762367,8.95295650454903,13.098552878184647,6.973487253801853,10.964444044326601,6.485241576541321,9.470690086577365,11.14001950397383,10.130443296429684,9.825034223671857,11.196495157152558,10.760310454114515,9.421865238482505,7.656034977783941,10.614841472604668,13.425051505870504,11.971930465911855,7.744010364069629,6.843188218651862
12.28436928522631,9.096570680419054,12.848341407789984,5.055569680113611,11.21083319282606,9.776876220236204,8.479661070091185,5.598688630186695,8.413174640761842,8.406701421541499,5.204683992301018,6.787131654296856,12.046093431455791,4.794230967738448,9.893390186826531,6.0294886337068405,10.682865174613132,13.76113925477698,8.441711462762338,11.815541256654647,5.545479439171902,14.112720856493445
8.096950708547418,8.088626305551237,5.302674017772383,5.154314331470702,6.470615413505997,9.622774785371499,5.51619896839732,7.181294306665938,9.76991693979418,6.0147063446240345,4.903819554753074,7.201454616769037,7.769006905641186,5.377825278069947,8.807750168520267,6.365853451795071,11.097988184849275,8.116514578663564,9.257132515029404,7.2127227736812545,7.54948922235345,8.0549476844412
