script/wind10m.json
{"header": {"parameterCategory": 2, "parameterNumber": 2, "lo1": 3.000054539987559, "la1": 64.9999836372058, "dx": 0.5, "dy": 0.25, "nx": 34, "ny": 52, "refTime": "2025-11-10T14:00:00.000Z"}, "data":
[rows 0 to 23 of 52, columns 0 to 33 of 34]
-9.823066956487837,-9.149939286485049,-8.44566849613214,-8.01520312576547,-7.621921736469938,-7.474575119643078,-7.260963180030829,-7.218738121868645,-7.433354258983876,-7.91884265466608,-7.050207212476839,-6.176591510148744,-6.183725362269848,-6.107156319975198,-5.639817206460144,-4.195022437238984,-2.127599560368945,-2.4171471732478333,-1.8461570190597667,-5.086114118261915,-1.6933913557837417,-1.0903281389905572,-2.0999011105342924,-2.224189817460317,0.1802570240195498,-0.4613085670928713,-0.12065398807579848,0.23624278781869387,0.13859102560257802,0.15810543915389091,0.88116885262119,0.8904742631102712,0.4123359170184274,0.8816306704006576
-10.807857888144769,-10.540420637299164,-9.771562651869935,-9.035485220843903,-8.626000651180869,-8.430958452658869,-8.175037371234398,-8.00798729791202,-7.838458828253956,-6.957120582647213,-6.030610565931011,-5.445621380572717,-5.678757429736987,-5.010182957205251,-5.535532777905667,-5.101714223987839,-3.6116207510357095,-1.6574367946159398,-4.601760291376974,-3.3620997766457794,-2.390484227113521,-1.7332720893588243,-0.39501683814288474,-2.445522660659574,0.11312913691411058,-0.3460266020980795,0.03108576462963163,-0.029887932805532515,0.1505332650440468,0.7986381151740308,0.2963191224511517,0.6974410254706366,0.49643603508000395,1.058307084139329
-11.15918772037843,-11.007571595667297,-10.317235533234268,-10.118933248252455,-9.575774582499097,-9.026776002016108,-8.455504872035151,-7.697328637966474,-6.9706095338791405,-5.86740220940411,-5.7654502713453795,-5.113728307120162,-5.227460500023934,-4.72988638918898,-4.580508775302361,-4.466328281184878,-2.9485436302300343,-2.4326455824019293,-2.7843939836894154,-2.4220923464377395,-3.9467081786401916,-1.327423688150178,-2.6703174455824215,-0.9340899416661149,-0.9115961178569373,0.06666720979031855,-0.10134041886702477,0.23714368628693902,0.24814640536818108,0.27318702213718454,0.5242744366312042,0.4242532563019252,0.8270252724184799,0.7603003684600239
-11.660992114755238,-11.285486100221428,-10.89512525556244,-10.982932357003222,-10.711299372000328,-9.456276727543525,-8.673650053947062,-7.489614678802573,-6.47528820333358,-5.998639108886269,-5.101601613317541,-4.7479317458842525,-4.263042020538535,-3.2207761926655474,-2.48612506505302,-2.4125466741637926,-1.1548183521723023,-1.7866650549513123,-3.5053350279407876,-0.26590244217452064,-3.0588187365340893,-2.9525173076524838,-1.8402645509137459,-1.048920551572384,-0.9226172281341607,-0.7291151919457279,-0.6610591715635189,-0.969792539635317,-0.2760621725720272,0.14573773464308717,0.025895321251724415,0.1525402510354087,0.6505494462864752,0.45868177734789156
-12.296031137793795,-11.675708522309252,-11.056524481826889,-10.598276390204003,-9.858417609454579,-9.55315022505762,-8.747770718274662,-7.620628117059629,-6.711359256599662,-5.901927787829306,-4.7806440764528935,-4.343627387623154,-3.6512813669798954,-3.0917730766896674,-1.8303928845848914,-2.9314842413060247,-0.793315361302622,-1.588288308649549,-1.1616782952756235,-2.1434298274150736,-0.9812894602655575,-3.004527372888518,-0.8160018221030719,-1.3782755643173732,-0.8010651360686525,-0.6801312414084794,-0.7755934175640815,0.2673004082626822,-0.8647338121285117,-0.0692257987668539,0.2396687167879242,-0.10752305682430628,0.4075511120380255,0.5135732394729522
-12.478546853016535,-11.51394062468155,-11.275253477169533,-10.729939564868452,-10.303122905089731,-9.301615468611724,-8.25296567503622,-7.200171579619264,-6.569432325519617,-5.767932666715993,-5.254799308776105,-4.354006528106202,-4.738308182345104,-3.255714045877753,-1.6279571490791849,-0.9457547381266149,0.04875179744429344,-0.7189433859370195,-2.7906231772514496,-1.9762867199904934,-1.3599449199366989,-1.8543259543599473,-1.1771123552581797,-1.0389324530054036,-1.0539912096201258,-0.9716882501572809,-0.857683121048412,-0.8319244134526981,-0.21881906226541578,-0.411238885558068,-0.05829022542793072,0.5124574304603287,0.07489163102258074,0.1865774941601328
-10.634226595078607,-11.065676595537354,-11.336219881194024,-10.916079775412106,-9.507509614590278,-8.432052374353761,-7.628241025978774,-6.748089231816025,-6.012973475219189,-5.480945477759508,-4.390084709530127,-0.7308767070739982,-1.4897973073912354,-1.9885340796737119,-2.646800775510862,-2.9801187981435397,0.5613911719816411,-0.6137930771211696,-1.375423449727674,-1.5474227026598648,-1.9145808856813176,-1.1572649449040147,-0.9597973457415039,-0.9066840390997417,-1.1291945420525085,-0.520015482660857,-0.8910956041458575,-0.4243442232995447,-0.0882164631827338,-0.7161006305908186,-0.3383419253413212,-0.14718608223491939,0.19893872055583964,-0.08300716321840108
-0.5001415439122215,-4.745084866230759,0.49938069361930193,2.6306510272193266,0.7575715685869331,-1.0571552002990026,-4.995959326452788,-4.0694721134693,-3.9926736903158146,-2.033182699839486,-0.6124082772232257,-1.882413230633568,0.3150122701176376,1.2069957146229182,-0.14183462615179318,0.1416140614234673,0.10176095954735247,0.6707031602887954,0.597951559122956,-0.03259075556766058,-1.2806825232917334,-1.2983211299671251,-0.8177376411167867,-1.3605892683296505,-1.055866623640321,-0.855861380454872,-1.0217405523649128,-0.8121926766579023,-0.8238009188806736,-0.40599214920285076,-0.5786583615232664,-0.04846621598095005,0.007423937627271404,-0.04051478319979767
0.045734591617611536,0.27082331108576907,1.1949907862064253,1.403892806136342,2.2942180056245296,2.011137932568939,1.5998512514842262,0.9977380617753181,0.7052239881494594,0.9993711522419744,-1.2226490762709052,-0.2157473340837197,-0.328627958663447,-0.7638941947343265,-0.2037864385732711,-0.5158705934590261,-2.027579345583723,2.4158435102694775,0.7935825327706095,0.8718773937635053,3.9460474507763337,0.6854184119097647,-0.34306404352330655,-0.48005160049238227,-0.8969747949884195,-0.9205853450854585,-0.7207405091890444,-0.6872257730000622,-0.48852180678440443,-0.7814142992090055,-0.6147074990087448,-0.5923563454722897,-1.6701342929612228,-2.303005755587169
-1.2387702172944324,-0.6849205854751276,0.1858833160925307,0.6596771714202596,0.5107108093195305,-1.1581730954938223,-1.6705233517519362,-1.8329730249685554,-1.0317493839055079,-0.9673614106037964,-0.5069989195137985,-0.7892959279739419,1.0504297567716663,1.584983530026209,-2.50183608980255,0.04145569708188945,1.853280464871081,-0.6184943983685326,0.9916319328888528,0.9094315376277736,0.9004819143953857,-1.1075993007341207,-1.0910830921084336,-0.1127784659799137,-0.4105849614556349,-1.1669415978987976,-0.8604912566512256,-1.1519039647350722,-0.9661690330054924,-0.5286910998731651,-0.15213883283716725,-2.7341328303673604,-2.4275198001252734,-2.0838232823531726
-2.0820001356207958,-1.8408973163048141,-1.0797627964044891,-0.769078460478646,-1.4665056922346535,-2.345380971650899,-2.487132934234412,-0.45043194304744016,0.35417240251639936,0.7848099429252566,0.5613803245885914,-2.3682722920718717,-0.0617350855142083,4.4212003589287745,3.3947105336330172,-1.9694191993509997,0.6797034020890025,-0.8080181639240887,-1.21175124774218,0.4431351478930563,1.1878526682288926,-0.7620184177465134,0.30583044982626756,0.610633597663556,-1.024314131626042,-0.718732508247082,-1.2180386754709345,-1.472822749829195,-0.4920493019929172,-0.6945396416042968,-3.7627872114247545,-2.2563562284692242,-0.9746041095936211,-0.3720037990086892
-3.2013257013687793,-2.6263412866950206,-1.773827920721621,-1.652978380518371,-2.27802800881844,-1.384781480201895,-1.082824446398081,-1.7329786381138184,0.6607927708407166,-2.586599119884078,-1.8777877014683622,-0.9039336982827545,-1.8114730412429276,0.7980056932711449,-0.2398514996144975,-0.18539594313010083,-1.2105716230078827,0.8419807098622173,-0.28291832080710044,-0.23101118857873174,1.4647327268633104,1.381985805086133,0.052756091069693645,-0.27199362682024136,-0.43708350689599634,-1.1161093607054726,-0.6145413598675786,-0.6841725285639142,-0.695279112108449,-0.08458333508252915,-2.555127343138288,-1.873613663508622,0.0008353762373805012,-0.17318292904224317
-3.3596408817577395,-3.0177217367130265,-3.1280945350468055,-2.300871695458955,-1.0411697545415082,-0.8585430731390551,0.9554863034901379,-0.04819475063777422,-0.8279277857471226,-1.712261322726262,-1.9243370217407991,-1.629339242426326,0.014408389695452115,0.36599702262857625,-0.10697907587208294,1.091754337840684,-1.188825761082504,1.4951381196492235,0.8336589186638508,0.20571166440990052,-0.2152868840414167,0.5550655421786459,1.7886032994780097,-0.15741421242828746,0.013885442698857253,-1.0450257998470516,-0.7202554133119775,-1.0088224510540558,-0.29717286147006833,-1.720530089035796,-1.5139267568245653,-1.6091224322454438,-1.2284452636205807,0.07997118254821876
-3.3492042697605857,-3.7737380471362587,-3.6126917816988904,-3.9866918206549404,-1.5158413954232464,-2.8134227367423743,2.2279287495881546,-0.3971359719215323,-2.313141275897779,0.983348287256773,0.2918470919798528,1.2703520745699681,-0.4497622843435202,-0.8288803579218512,-0.6203737837283245,-0.7181933433017615,-0.4762213713695679,-0.7110618325423994,-0.2489888245649817,0.6787147527932015,-0.6861972793617591,1.4750654102744916,1.3764156195501542,1.4401387683489952,-0.24699307651795693,1.311967229583615,-0.381522695731621,0.13801077137717885,-0.3217847129220464,-0.05340337141451857,-1.5091988205077778,-1.5004560857553062,-0.8111950853860824,-1.166045339117727
-3.864082441612824,-3.5846260377167276,-3.603488680181188,-4.288232337387578,-3.532108591369919,-2.5994050438477037,-0.20771294770224943,-1.2127769267503135,-1.5153124228845136,0.3065998682802318,0.1519950241111339,0.7940316172975271,0.4920353404174685,0.24264056184871924,-0.7668297303132742,0.7848474888732779,0.33825859820609533,-0.6574875450830435,0.4598190781738816,-0.0710427841401293,0.0008409006346944964,-0.30895487176192993,0.08190439529972116,0.9157472131905194,-0.1462175616606135,-0.22181383206360342,-0.21932599689301344,-0.1437488106416473,0.2504636050194637,-0.9035294848095661,-0.431807350077137,-0.7564557703752796,-1.3062094433401348,-1.0945091237125508
-4.583154426393052,-4.054340375580192,-4.577814231932962,-4.544097675179389,-2.1734424485103845,-2.1868807801896777,-1.929971255193533,0.6473618780473401,-0.18433549399719185,-0.8742995818700173,-1.204868638357154,-0.6386465894708517,0.11075566515267672,1.841290685790204,-0.8395178580205677,0.2420670379553851,1.449710377608142,-0.6013083675887376,-0.18724452954968393,0.11109350820990724,0.8338627160309897,-0.34750927222871775,-0.48093137459393587,0.014639239435131764,0.1945826277247498,0.007696906420588007,0.7916512269965418,-0.6804537372211514,0.13251285585497505,-0.22411927152578323,-1.1074683053213996,-1.4571295521047114,-1.8670251505108209,-1.7342423412011825
-3.378527437765233,-4.14002443260964,-3.9893309829581094,-4.420959187508444,-2.2065282451245722,-0.9349948333049418,-1.108038006712847,0.865047132697312,0.7672868522793204,-1.3745768232667943,-0.8370245441777227,3.3292404665802118,0.3790510352094122,0.3558088746401819,0.13397418562916133,-0.7988373549492622,0.15619572855089292,-0.23569132033609583,-0.05774740955793189,0.33668423374103473,0.2794773455181687,0.1033865034278531,-0.08172698490892621,-0.7941715432950183,-0.2761227680279364,-0.2515943939111008,0.20252334333793276,0.2713894032742543,-0.18429238804010203,-0.4400582923731712,-1.5146171226197294,-2.3883005981052454,-2.2529536974286644,-1.976589038495552
-3.766158619026028,-4.102248321497461,-4.2821189745621595,-4.655444965548255,-1.9656328648477728,-1.5171372962301197,-0.5834287949704375,-0.1536272608247688,0.5012551699384608,0.9289211235727651,1.0531954338956473,-0.14130568518555556,-0.2327099164196238,0.1670873700792366,-0.045879005222259496,-0.622457072842869,-1.3545855712109864,-0.45434800434767664,0.09469835452112817,0.15256071691978743,0.20765779897439962,-0.5838360528180836,-0.3168322347470012,0.39931633759039503,-0.5277786777103654,-0.611459783138448,-0.5901849736511818,-0.2242487222096619,-0.1579672871507093,-1.5415832216813437,-2.0159303145265692,-2.3224347388835898,-2.539782101251492,-1.9135930851440477
-4.195218924343367,-4.004447187348553,-4.01618277476219,-4.398469778164621,-2.6756267360665698,-1.7621135758548596,1.4367957669113136,-0.8112713917889193,-0.8184719354626271,0.42248705521018526,2.3306278553540767,-0.7893950218217444,-0.6068516817578716,0.06319304193395317,-0.4212863966678046,0.7127915123729818,-0.24908339908699992,-0.08822207710011931,0.20901743361127736,0.2149937428061848,0.06445760991444673,-0.23238541606950489,-0.720562286116058,-0.27708193689155153,0.13316596936432878,-0.6058219882869634,-0.766681854806962,-0.44618267621608937,-0.47731490029408435,-0.6577250255730475,-1.7080027174704158,-2.601593624137253,-2.279703292332671,-1.7649260645593012
-4.080165667405997,-4.288331106367393,-4.43406832221362,-4.640023160315988,-2.0406439097147513,-1.7731382528894817,0.3466950325158445,-0.9145078658554745,1.157129262150912,1.3302478160635378,2.0885035929117284,1.9812395730685783,-0.8273290481705305,2.564700617472956,-0.7835394729384189,-0.17845158879297518,0.164155330622939,0.05012849259460391,-0.07747732411014731,0.1904990792099219,0.22073466052255505,-0.30727361974500206,-0.42857466853808757,-0.4449789498905741,-0.38539511349166544,-0.49014369723925005,-0.8928075080185078,-0.697592047700032,-0.9123310482963548,-0.388270053926076,-0.6330448029549954,-0.646014472030342,-2.3674184374633667,-0.8462501532310742
-4.723574672693641,-4.858566078796852,-4.875245325971511,-4.846816881151234,-3.8825058425750467,-1.8158441329952089,-0.4416568459921337,0.24269401657582002,1.5036730586218057,0.5876247407576425,0.8771108791889567,2.4334668871191543,1.0059276914067896,0.2798234239890058,0.09520028850787132,-0.20939431429208522,0.10481467714658459,0.3119444543119801,0.04182457395014579,0.5295115143963172,-0.37093597665604644,-0.18829650841634804,-0.5370164711856338,-0.49561235331156617,-0.2948036623030821,-0.6074612115227424,-0.6372041495897895,-0.6010068165323653,-0.5818244067167808,-0.539306012939278,-0.44666307571744934,-0.5163549664669285,-1.811232651222888,-1.4011877334700844
-4.380699947627116,-5.490938927988425,-5.354869292146339,-5.227300653333894,-5.004223670625651,-2.7309057740993583,-2.7972304151197758,-0.2999657356811043,-1.1919746246918526,-0.40450377797989573,0.6389721442783179,1.9892130901132261,-0.3110880517716985,-0.36327199556283946,-2.342301546907463,-0.2534224698073659,-0.1216622686367362,0.47963143544599735,0.26459502282177777,0.4621758102484832,0.5273673461207965,-0.21660911757175463,-0.3608643687335686,-0.6979233731813833,-0.6204338734201453,-0.5937256865119387,-0.7662797270361494,-0.9146545829824932,-0.8508131868242071,-0.42283224156050087,-0.2400838483538544,0.038226480666710604,-0.31487527814062594,-1.9515975592324195
-4.365328923426526,-4.478019873895439,-5.822828667882645,-5.5447976918264805,-5.385641265051764,-2.498846786992156,-2.265727257392246,0.5999505210262208,2.0588113719889707,1.2090653598211776,-0.213104586027183,0.3515461672447449,0.5071417734601108,0.23987382369900145,-0.08413991125989852,-0.2698784705131178,0.08061939948622757,0.15814955474255882,0.4149947188598908,0.19787388617442078,0.45902666896305216,0.29965864070324305,-0.8134800279127771,-0.8658872678653844,-0.8253751898404595,-1.2939622194077682,-1.6857514744098707,-1.8148394966919261,-1.0761628612975418,-0.7760934341031385,-0.24488648053534814,0.1999295996839224,0.5718444926166151,0.025491695217545417
-4.699671989692952,-3.9502292030914385,-4.304144426033015,-6.305988708944846,-5.86832971838362,-4.0727626590042725,-0.822749521946898,-3.4949484526445924,-0.05327371674254943,-1.8692553862458594,0.24402801380305778,0.16030026749326726,-0.07252173761987303,0.5570559091166423,-0.9103172307535721,-1.7160971630742088,-0.1583442928799565,-0.22021277970476294,0.39886233065951693,0.2645898795271919,0.3967950822716434,0.7280434049742592,-1.7555779073085154,-0.9749105389447373,-0.7409215210463014,-0.9259534439726644,-1.7285226287579254,-0.3978778959631601,-0.3812283463382357,-0.5087568622081012,0.6564273333028909,0.3742979493743364,0.8073748276393464,-0.9291634875615955
