script/wind150m.json
{"header": {"parameterCategory": 2, "parameterNumber": 2, "lo1": 6.000198445256149, "la1": 58.999992894266676, "dx": 0.5, "dy": 0.25, "nx": 22, "ny": 24, "refTime": "2024-03-01T09:00:00.000Z"}, "data":
[rows 0 to 23 of 24, columns 0 to 21 of 22]
-1.4327141448839888,-9.0375894454402,10.081400042685376,-3.1018233342442167,-2.4402549592872624,-5.2120126614446205,-2.8457289223419635,-2.4239749589762543,-5.557457984072081,-6.314831658507686,-5.8040407811032315,-7.178158393919534,-10.17333168370397,-4.940858060593151,-4.248933257036971,-4.147415354269554,-4.080187914787236,-14.396346148264207,-5.717788413832828,-9.240335180596096,-7.642513462471384,-8.138537163825525
-7.1536986079514335,-0.6879269180764351,-8.579640723029101,-8.051259740213997,3.35664488924327,-0.5140022824894998,-2.6929386506644084,-3.5581482433657428,-1.2022380510859465,-1.1362680164820576,-4.715964942185428,3.1498312672406463,7.794722860914464,9.238337528152073,-4.985729345363894,6.444577586543035,-5.064633187136165,-6.408117850441149,-2.3024631104120563,-7.878512125727106,-1.0117068365769957,-5.3047269169842854
-7.160073360200196,-5.766471295032883,-1.1006555636307682,-5.79476420115051,-4.598210727114224,-5.350511135473474,-5.822007242762257,-5.177789007663435,-7.372715058624107,-3.101461964627186,-5.379808556796114,3.529206907196162,-4.525114827733418,-6.593750921358201,-0.16582305336779027,-5.95095697641242,-6.154067478083783,-6.460949553423864,-7.014410364099621,-6.330083963684552,-6.476586862434678,-3.7482031754740888
-1.5053674124154062,-3.9231399130566293,-4.48461152582356,-6.603650238225661,-4.2304279363160555,-2.4997808651559157,-3.7046476131579094,-4.3730661240411735,-4.941005026463258,-0.6735582021693752,-2.5456057170024664,-5.091670019630246,-5.424562317943437,-2.1718897598182205,-5.0939901298903605,-5.394865547110326,-1.048009288348193,-6.197685026178274,-6.638321061486558,-7.204960289379921,-5.873634694997374,-3.189409090938855
-5.8676511759982874,-0.5986212938997457,-5.161751328753462,-0.4772583824200681,-3.4389130111511177,-2.3385341036016523,-7.770945057917296,-4.14985666016445,-5.4738246211573545,-6.932710351352442,-6.446226693713487,-10.140026704238984,-0.6928878596356977,-5.398927390160267,-6.603626289216721,-1.723483924379392,-4.350104031769353,3.3853976299745137,-5.536768735015151,-5.039143845680194,2.77167410267424,-2.068254612864332
-5.681366527629392,-3.651110166466313,-4.57039293602467,-0.9987753732092433,3.744949532209832,1.9586519244462062,-7.238322063687916,-4.082179601480294,-4.4432820223243015,-3.3821471996087165,-3.4721582878552804,-4.991442120752418,-4.230068845941942,-7.902278959342283,-4.239057314431519,-7.12478154059692,-7.045594421620658,-9.628700687088577,-1.2906494055138404,-6.248086900421252,-1.2655096852639374,-4.5056299327087075
-3.626682450698547,-3.9176997935448505,-6.090988800781549,-2.4084715547966526,-3.8637353536600054,-5.019877693451834,3.839439894914302,4.97078972464559,-2.9652701024709978,-6.262118128201652,-1.2548744474308355,-6.26178562803579,-7.387269150196015,-7.645215480849209,-4.866668290968068,-0.3172955507803109,-4.389794122029976,2.381535957711971,-3.2617217986979465,-7.4105311038328665,-0.8555993859924685,-5.0534930888966745
-4.101904101275104,-6.95618860317941,-2.5198497049645496,-1.8572748494376061,-1.2860985314977322,-7.874795871847773,-4.298869944417767,-7.8687198340419435,-5.139070848858171,-4.085906234077364,-3.615841340090029,-3.385094541650378,-2.6591869623695783,-8.474244377511187,-9.146281331720822,-4.998782712045073,-4.990098569152323,-6.131041378521454,-5.449077908397304,-2.2275760368384603,-0.1752585177945426,-4.875623880935625
-2.818990217062864,-1.5555648986516846,-6.907784465722139,-0.968585048840773,-4.204598956705504,8.070572200794201,-8.738458617436015,-7.724480637554783,7.569838483206533,2.2000010912937467,-1.2990555492721867,-7.478887837831038,-6.067806184069549,-5.215736026061927,-4.127663651152891,-8.442094352122705,-4.491156701308827,-8.136310714158066,-7.76682500848618,-4.381997993247957,-3.502094645998601,-2.820686696765002
-5.737459606562066,-2.450219290511865,-6.44535686612097,-6.507203980760206,-2.9348262355421992,-7.736380725459421,-6.242489300544353,-7.721235112761253,-4.531857907324034,-5.633034897874844,-7.337173365738185,0.015123854802546481,-5.167548620265619,-4.1920929876731226,-0.10300316412041675,-1.6842014392207592,-5.254157784541702,-8.67722470397754,-5.148887786539118,-6.0171325070987445,-4.6883186032215365,3.8586752558345925
-4.505891686920122,-5.578290139000432,-3.4518250342414567,-9.219234351018873,-4.7380018312831735,-1.7135660345120638,-5.591335910337849,-2.5987069432287364,10.947080061503947,-5.10794918258097,-8.518218158054406,-8.649791289345893,-9.829448916744706,6.710941908793107,-8.134341553065687,-2.1156975358112597,-2.7135350077387583,-4.577665727172067,-3.8061877034810627,-4.867231909554219,-7.054240159723172,-5.231487900979294
-2.593006642794901,-5.356485891245952,-3.2844684456032764,-6.156577294443934,-5.200946631560966,-3.9236613045776205,-2.72431717136305,-5.607007029543155,-3.7218564767420173,-6.398630200202485,-3.5617863201368363,-5.340233939134926,-5.311525867717312,0.2199905667662769,-6.593280701730253,-5.812377469370054,-5.101060461255655,-9.098621186172025,9.059831812447356,-4.507299719588392,10.667077958652364,-0.8916123503560577
-4.63011230460534,-5.574661300326663,5.711985770164636,-6.0198116622129,-4.618675139043137,-7.626048115773307,-9.930782722123286,-6.642514333082182,-6.659577163224828,-8.04370857046621,-7.343112814428851,-2.8063228588493785,-2.068599307648843,-7.324847213598619,-5.759137583503147,0.45097021310899543,-6.919341032570637,-8.309280945713379,-3.9215707268729796,-6.450586972389332,-5.632232318605322,-5.576062020172173
-3.9062077864299605,-7.379209542960959,-9.474109914760803,-4.733201752761737,-5.119315252394724,-2.9851220121014834,5.517871966764674,-6.273218705545877,-4.658713639138212,-7.328032251758048,-4.815116016113838,-5.494816457984057,-2.101641254768816,-5.607512473234268,-5.417522219626584,-4.292005386152465,-9.257153079016964,-5.144233050438496,4.074001304372782,-8.468430352927594,2.7566061482544244,-7.243441040119631
-5.18259384973992,-4.349880168849355,2.9958624055930483,-7.815617883456654,-5.636156499685572,6.897855008945217,-6.223482754774913,-3.6880777245732608,-2.8685094455357003,-7.7429001494221605,-7.553459509956291,-8.936229665114785,-1.2057866403040427,-5.177120858455755,-5.8658727797990995,-6.840955217115263,-6.039761709844531,-5.141099692213697,-3.7780852243063405,-7.952392960591753,-6.874993913228375,-6.4145364501959365
-6.477484674735118,3.318016762161838,-6.683540680344258,-5.030839005438902,-3.4262273803802037,-3.8154690794895916,-5.220941980416594,-8.45900851897751,-5.133866475842348,-2.963400018857432,-0.41922379976851476,-3.3897384834481206,-9.542421258873713,-4.299097313776502,-3.9038884321630993,-6.402983866600518,-1.530138000062109,-3.660863667549413,-4.475812735727797,-5.5701326935967845,-2.5335666117234874,-6.202420202299697
0.8401778677176447,-2.3835381121025967,-0.42800614805674364,-8.762373491026286,-4.66275352806482,-5.045026166120896,-4.229655998365746,-5.77175084552597,-2.8194379018165883,-6.392950125430379,-4.387237123868413,3.7442388203147914,-5.2125065663083605,-6.163739969929969,-5.069696328270985,-4.615313217137932,-6.108300615141614,-1.3981126443085068,-3.0122328258077884,-7.38234187686603,-5.824071608281718,-2.9491414902566295
-0.8123819519398086,-4.571306175388463,-3.0369602904958337,-2.0403674060688926,-4.789419674865589,-5.350787734805988,-2.5364990983238678,-5.90031391126569,-9.935292752828534,-9.26380013329082,-2.8459966602050017,-6.3260261086764435,-5.186022895178091,-4.102241736819304,-2.6281052771573505,-5.580188985641497,-6.479248566582009,-9.834579749784915,-7.931267112273267,-2.630342963249736,8.739610271384189,-6.447296044312009
-4.406587219331548,-2.9440533119838364,-6.150186003387341,-2.2097246770302634,-2.776168135411357,-2.224418140729703,-1.955109287754145,-1.4304270736298756,-7.458903187644205,-6.319215795939339,-6.962211536173968,-2.6751968604959764,-3.510164440897191,-7.568047310593725,-2.0518721740239587,-6.375524161762932,-7.338460282803354,-5.377640290960068,-8.436433281951015,-2.244944562023504,-2.872859152458977,0.9597622677885989
0.00210784009576958,-4.4672437917479035,-2.793021232313459,-3.043447833556663,-4.354957683197857,-6.624147033041024,-3.783216786698555,-0.8635943489677205,-7.107805952537942,-5.506837142825326,-4.295225472336851,-5.044922548007847,-9.04752700875811,-2.847227893407442,-5.34400589751406,-5.018324194259903,-4.370528105653545,-6.557073617418146,-4.005183341827235,-0.46142606607202025,-3.112599571360705,-6.990281993455043
-3.0157780595087895,-5.819342050921649,8.439950668694294,-4.778203266611871,-4.962512373429044,-7.256289510649557,-4.6509580585715815,-5.619532361548668,3.0653689558797574,-7.902618856092661,-6.328806090876332,-8.295130630717791,-6.902838577298933,-7.152245989495997,-2.506628107241098,-8.298451128711967,-6.8243575096072195,-5.746059698188762,-0.2666098470989838,-3.2456282328495463,-4.980072002581155,-0.41033511558858715
-4.814727205720272,-5.82040352534756,-3.3314205632530745,-4.963837879272859,-7.3849768896501695,-5.677373453156055,-5.578494931964849,-4.899243361004719,-7.425061969498413,-13.134750834744542,-4.476313162295884,-7.040820781600286,-3.613001629307173,-5.479702796751337,-7.8575703414487,9.514839310980488,-2.4441183623423686,-11.525496220570902,-0.7240573480516815,-7.111916913476185,-5.936581413959838,-5.187631005582754
-2.124361986650304,-4.015250428388913,-6.94181655624475,-4.564095580806892,-7.373154029144554,-6.032303231583201,-4.578652097283019,-6.04995425255222,-6.0056537812807935,-7.314284617408822,-3.93469591007674,-3.9912397370672625,-9.450256198600066,-5.411321695708071,-7.942381513805981,-1.8387154741484721,1.8958063261264058,-2.8393911306104367,-8.900840366594096,-7.614722670980258,-6.974653966614318,-7.902447985324699
-1.9003228061177089,-5.940720685644875,-5.988082760536072,-4.788286368266141,-6.151165645472457,-7.177101913514066,-4.552239220652739,-8.107170681596577,-4.762481480991707,-4.932113042111951,-4.317143353644654,-5.216733925884079,-8.951096789878214,-6.0753244433582925,-4.973536657583307,-5.055854197288695,-4.502965594152577,-9.783757488508042,-0.10727293413609013,-5.6803188682130275,9.735796235871016,3.348356672144457
