script/wind100m.json
{"header": {"parameterCategory": 2, "parameterNumber": 2, "lo1": 6.000198445256149, "la1": 58.999992894266676, "dx": 0.5, "dy": 0.25, "nx": 22, "ny": 24, "refTime": "2024-02-01T21:00:00.000Z"}, "data":
[rows 0 to 23 of 24, columns 0 to 21 of 22]
11.083126715572053,5.516151361853085,11.07921868178929,12.14818871373174,12.369714127210825,13.961978247288345,8.637791578348677,6.378962923247318,8.157365344869834,9.46731548391934,9.053304830404302,14.43571109860965,8.12948305774499,15.267421940376677,8.177444737156854,8.04844403040591,6.436329149048514,12.890741054390906,9.11218747126334,12.54445219195227,15.42638736760462,9.400446915399115
5.732557047033788,11.181061117255892,8.32573023427419,14.3673952816601,10.778795265921094,12.24061571774108,12.023833497592145,9.363003934516978,9.624380916001938,12.1223587842984,8.48079371551679,8.635674685954468,9.727389114958468,12.95856257115553,11.585717369290045,11.147181096792687,8.645331393538438,9.267206302882856,11.745507287618306,9.497135169839895,15.714267915949941,12.287539837216311
9.469953590017026,10.121726521103898,10.528546836658082,10.322802592318535,9.047827800118124,9.9981301557567,12.787640424786915,10.136178235334343,14.154177151733771,7.436316864346131,9.581120723313093,11.202729247858455,15.307776029471137,6.7217806878510205,13.785738322330735,7.4523073170756895,11.540429487711334,9.185856029331696,10.594105280900836,9.534284001947958,11.846018837613178,11.217458618637602
12.87089654993383,11.44926046754171,11.328101642787948,12.100782340073795,10.912054840466075,12.579236880221163,12.12923430988217,13.562409370091252,14.99379011303386,15.741281611749837,15.001107781898684,9.591830387971525,10.903756454428125,10.971290661342149,12.37897695307521,6.987114538069746,9.157860068093665,9.132871905080549,14.82786653954143,11.299503655037642,9.510066311856763,8.234469157851096
13.435676168253764,7.9971669020465574,6.902706722749136,10.158994639718939,14.266716215944557,11.79040843979897,11.634686231671152,14.904307766953064,9.07351196838227,15.801627887030236,14.178821340004323,9.413636334761074,11.42399969350432,9.005071532899864,15.235918056080584,11.993756135571065,8.749975964722038,10.528129645448987,13.462889784573262,8.756744932406697,9.731325413633042,9.686575557497813
14.183890896457699,9.068375560296944,10.131140997920705,15.858406823706305,10.806532258122592,11.762660804484996,12.391298881048685,11.325823870460434,7.2781262030006,11.774203526365211,12.177259517514225,6.608686277305621,14.274895235564115,8.014022533778487,12.10463749046846,9.93248347491483,9.068501347482455,11.568759774180263,7.642387358351112,14.017617722956704,9.051007213140828,9.144756580196796
7.376571650539572,14.772384180068581,15.658412107087132,15.382919617403847,12.65915515099002,10.068392471171789,9.069397699918884,11.187148177869764,11.942949867164597,12.963932664918435,14.280533200870357,8.608921739808999,9.72461233376433,10.428027920965798,15.468795873339515,17.39104638752336,8.581606333840785,9.477438104279022,14.220194530773133,15.162061528494752,14.528215204375359,14.724525148645967
12.954418943983589,12.087074002045604,9.763726809138332,8.108108308866527,9.010136396969308,7.80777813360085,11.322731320459196,12.506754877276627,14.595638530874314,6.83474950125328,16.187106366979297,12.02044545858924,8.739943275226398,13.270794922840778,9.018518403301758,6.934885208582995,10.112112762168897,9.556236818272968,10.967999768004166,7.979273706861637,10.388765555753467,11.509369832169918
11.48759524125426,8.764579110222767,9.64654348848922,11.00879773569033,6.535453628615984,8.550746801982774,11.728588748873005,8.359182192482317,9.244722379790815,5.8988666978280815,15.748655477322949,8.156513383197046,10.32132958749376,11.8878414940964,10.5305392412364,7.007597603277003,14.9870803787352,9.026853408274619,11.327041888836982,12.465668960581528,7.201863369980471,9.222763144569008
7.930096054631905,12.173621021874808,10.448358937402963,10.798705846856825,12.954761917313936,13.945989725746802,6.725925002529208,13.880022981170058,12.259614181390639,11.513843949531507,12.044222839788858,12.478374855698233,8.35610025085833,12.278264245727387,12.663221824485689,12.415286575800575,8.674252615508731,8.724534727499494,7.825045136043007,11.717056001552509,13.845357539122928,8.991525477103355
8.168433098595191,11.232945680634844,12.179170577438027,13.205115176235282,7.469312893569724,12.234525213944892,11.523740645587036,10.270433553369475,8.096151534169739,15.885493255669434,7.220469118778498,11.019479481097159,11.423278068902956,9.27677172369056,8.177703751573967,9.471697381306988,9.766936009438917,8.644741470881891,11.059699722013997,11.048217592892415,11.713674290774053,11.825005387959822
8.575950623091181,13.420946882185534,10.30172211034898,14.857426225856331,11.360424979970979,15.833112817269667,8.722502412001079,12.64666452505387,12.881770040924065,9.360514015327897,9.575558519920808,7.571844209175847,7.9671155734062165,11.188797824696081,7.255934147983715,8.613969649828555,14.269488698615481,10.230738237787362,10.377895465362688,7.959403281327306,13.301546584038785,11.827155124241777
10.549811739829051,10.447151617113617,10.955113500850297,10.936169746861628,12.289067498986798,11.652446300676733,10.601855435714493,9.107912427559228,12.834597768806205,9.766728116870455,7.953578365185445,12.946811133821805,11.892144199456636,8.072578127861428,8.03856986055659,8.30658833307255,13.347976153608897,14.691244159608997,15.875167760549669,14.731700296290757,10.256819584662738,9.563859275240114
8.795122640229032,9.997292903531237,13.567168970452936,7.4193019452582645,9.434231212539775,11.8510794332665,12.341748760829633,16.50931726898993,14.729917558255032,14.24244012726206,8.535093651323916,8.155980737456455,9.757521545309636,10.965527846861546,15.766012035287426,11.45019977507192,12.868515114866078,14.672876610811223,8.590129868236204,14.492682237346934,12.436507760317154,7.960247526986995
10.578310519835348,6.495795744640855,12.417170858048665,13.188651495296227,10.038250837040009,11.334335579683762,9.548066838688039,9.19786219612482,11.235563067869785,8.351953772892934,9.708140178127772,14.805003220865888,14.678771869165113,11.852610419463291,15.42276564528215,11.897726985979363,12.78462178644418,8.971442623926611,9.978813792621409,9.680278571233137,8.617015198736729,11.157350681227209
7.72082159363717,9.86932917136924,14.097742019113793,8.576205200120468,9.176931311628294,8.961127992190388,7.789915420584203,8.488499969223284,10.698495149139157,8.178678974738009,11.441682732712371,7.8388932421132935,8.978566098306706,12.657827294691307,13.675319177880652,10.100311899432825,9.274467410749564,14.488914258638465,9.861023284143789,10.841942426444655,11.585936249652207,11.933071201549902
13.613520161869422,10.360208136295126,10.547298407456498,9.947459445223203,13.442297126755976,11.362554759792335,9.548917085801243,13.151675800768418,12.411808410413594,8.935735511753775,6.678161863051706,12.756352530671725,12.300342401568345,10.22361007522369,6.312414872126313,9.07646283363558,9.37352974347438,12.62780507879966,11.391356003138188,9.65894253172215,9.036542041105271,11.199539589792584
6.372728176150746,9.921738866756536,10.509270092359248,10.310361998133747,8.448377332566398,10.252448266912952,8.734978964429098,9.261587499511787,8.459366271382919,10.102103737519911,9.293958717493776,8.038172105518914,14.74923396392269,15.997524878755305,11.004875147426858,13.052214242172852,9.906633656786301,6.9300580454850005,6.4776523208749,11.970786027496807,9.659725872226703,14.468475507026838
15.43347701837971,11.639539017420667,10.742964187037073,9.152690533089046,5.09876385847534,11.06676272264758,13.78717735062812,12.345164222566696,15.337225287752167,14.532116494053131,13.305183375649111,10.222946950211513,6.28390612132263,8.277488990411937,8.227904799789558,14.081750304816799,10.464733643902129,13.980512793336825,9.487619702547695,10.2641819396422,10.281691788326665,8.827957944375122
13.423145286849541,11.360739166008509,8.701699509280424,13.106835854735678,14.827183850819875,9.289107916559773,11.147729844537624,8.233325306473905,11.997936059856626,10.779401141226392,11.8441117839755,13.999883225905002,7.372541291838583,7.873100811325636,11.07532247394649,11.478245484473371,9.95456019067348,12.164303887032268,10.060110621667846,8.473334493742787,15.456354953528017,11.061722574641433
7.866462212347267,7.359456202480921,13.292216163965879,9.212584737350626,6.9982069134589295,9.60548030369013,10.179212086438278,8.385459547760503,10.611509283974712,9.047276739648437,8.491522324678833,9.955672498185743,10.19617580837085,9.758517514406417,11.538449214379789,13.208664763749368,9.900900027208527,14.651544853016128,11.351489156093038,6.1843558101207785,12.253152798320126,8.21939115629293
7.047909849925936,10.683236971177484,11.013274314944358,9.72206073783028,10.217060445711594,15.006801482944972,15.855493566719637,13.392640532743487,12.28483143937344,8.821798329148676,9.687152290175362,13.604486699771295,14.89058178751136,7.361953823857331,13.56448440063317,9.76291571289658,12.98937117251951,11.532475694512723,9.211583646247327,9.357991823303212,9.365261939334022,11.609285184043568
10.408409989655848,6.4481967282945805,10.20051312384092,8.841259444365077,11.616003988647677,7.037114313642072,14.27888492022312,8.663887889558413,12.103278456763128,11.948674772873858,15.286392984422491,15.92441538610891,10.930546058331018,14.948850234787447,15.171393538818315,11.300052758493155,11.394731613626108,8.28377200986704,8.749594912076171,11.38677890549975,8.86132999194744,5.217356746399491
15.562466005492782,11.48605631296667,13.192043320682643,13.233898558726818,9.287265781141137,9.94849771034999,13.023177518907708,13.331753253707165,14.405138151244719,8.873999455331955,8.484040663361444,8.8597261651214,8.03880661334758,9.268250557815588,8.875679403151208,14.071123620521817,12.28029662975321,10.63303638931224,9.87420486964877,15.732671381990375,8.59333796649894,8.369999304475252
