script/wind10m.json
{"header": {"parameterCategory": 2, "parameterNumber": 3, "lo1": 3.000054539987559, "la1": 64.9999836372058, "dx": 0.5, "dy": 0.25, "nx": 34, "ny": 52, "refTime": "2024-12-10T21:00:00.000Z"}, "data":
[rows 0 to 23 of 52, columns 0 to 33 of 34]
-0.8558475093286372,-1.2020462141077322,-1.5871364264226726,-1.5396337048701292,-2.134398377275519,-2.3262063915043303,-2.669436273062064,-2.0951272363070936,-1.573036807562223,-1.7498811005051482,-1.8964232525475604,-2.157122639427378,-2.2095201612414628,-2.7300368253743064,-3.0022848369346935,-3.1043552472768456,-2.769554679600682,-3.2300956057787773,-1.5887387677546676,-1.7508129322815769,-4.242478624784801,-3.7689081495990324,-1.8343865043713004,-3.7469179043551564,-1.7463083615972712,-0.025548050799132044,-1.2925583113136023,-2.523885020095775,-1.9399644114316104,-2.451162107734332,-2.338265791149474,-1.7118176605714004,-0.9382006251122225,-1.5401656389992753
-0.14322563836685356,-0.9289802976952118,-2.047426295412471,-2.0402947707410366,-2.4753786186366336,-2.821169986960594,-2.731615099263497,-2.1039427803569963,-2.14343726728848,-2.191423811518315,-2.6969434312792595,-3.0750004290912605,-3.9975363770023495,-4.123292430730889,-3.8871139000539414,-3.555994110580664,-2.747009221597452,-1.7205002438879105,-0.8396471259041669,-2.8828581165065508,-0.038695090962778234,-1.58261320000178,-0.9110355882787463,-4.874985019699756,-2.0613873723792207,-2.9698864138551437,-1.6597968923842095,-2.5129406498589764,-1.9923450280182773,-2.4408010986309865,-2.0536250580480644,-2.164020762227199,-2.219535030556268,-1.2620515928006224
-0.3708282342495126,-1.2692333580903432,-1.5031519564959397,-1.6950908813128416,-2.6084114600611437,-2.8774343675407854,-2.576092398887887,-2.927093126511643,-3.8610125471323027,-3.596587781083774,-3.455314791731558,-3.3831239430451565,-3.495165469783362,-3.343149208937065,-3.162134622632969,-2.5049305140181004,-1.2191673917701384,-1.1247573347885311,-0.24203763208961637,-1.8823312895990543,-2.0833234551045,-1.5090320111288384,-0.89096569862333,-2.327417172324586,-2.2916257178282335,-1.7193270189040883,-1.3227984200465044,-2.3676496215826943,-1.7686347349116605,-2.116648961583302,-2.0170008730069955,-1.939728240672553,-2.0532890876082246,-1.1352712397617777
-1.265694944379769,-1.9492953932310781,-2.7675149418059592,-3.3285161012502575,-3.760009878740426,-4.4542217064434,-4.024547989926751,-3.8294343713536008,-3.7602857890345263,-3.6421583347682054,-3.7489530261498927,-3.6141506458778823,-3.44270339109708,-3.286874442295805,-2.7788882963746735,-1.8826446500536136,-1.5540481491460734,-0.8292356003620642,-2.7975353338231503,2.1361298698616813,-1.2246809655248236,-2.672749987406821,-2.4547741332205644,-3.0385710368023724,-1.371537843242804,-2.344637989448936,-1.3659573145975288,-1.371769559256722,-1.6462033104754599,-1.2198211377072947,-1.5340350941211753,-1.168139207721308,-1.1311072455476958,-1.0538738954548437
-1.4979547354983505,-2.342286351628664,-2.794681427108186,-3.1850735832129873,-3.1173914322128726,-3.198677017953568,-3.5313679126027613,-3.712125825396427,-3.781822415374677,-3.5732492005809178,-3.232883244723389,-3.0622141848959203,-3.039351852591269,-2.983435772783346,-1.874854357855196,-1.0668464765966774,-1.4767481647678526,0.9608325800256485,-0.052410494615218454,-4.531688187454721,-2.8914178859471478,-5.287022071198363,-2.1668589472951654,-2.154635444233845,-2.8339503345148764,0.1233861696061389,-1.8123774260563434,-1.5136042656251913,-1.531073055589212,-1.5257278353508081,-1.980164409506124,-1.7997966387080149,-0.8879371220040961,-0.8195733185474272
-2.5464497630398455,-3.426800664194913,-3.448327350001782,-3.2101552719989184,-3.3299818820006326,-3.7565704578059202,-4.135669829656866,-4.0123944430131075,-3.8583375555885797,-3.551685510483844,-3.2394249927706666,-3.042210357073831,-2.6374551309899394,-3.478487952799843,-0.8122291114506721,-0.9854808474108294,0.34733467185010114,0.8538751113637676,-1.6526339915134298,-2.043856794776007,-2.341648633913033,-3.9783496021941036,-1.9528533197145226,-1.542039031356351,-1.2769816836545613,-1.5712570843056894,-0.7222610305823046,-0.5805185872656342,-0.669331666273307,-1.5498302110493096,-0.7485101081412704,-1.3117584689391668,-1.0145806180216608,-1.2564014646575004
-3.505959557711001,-3.8219246960149125,-3.837339128695913,-3.9922047555349027,-4.157290337503817,-4.190674106565056,-3.8714971407934033,-3.61775420019444,-3.309930762183119,-3.2389421907618776,-2.5981417333243866,-0.3285871155183263,-0.6535027930080786,-0.7983103125359912,-1.2024668507288903,1.7185490133545074,-0.6496458973429107,0.1686253701102913,-2.4008117458636304,-2.8916899850859945,-1.754978339404476,-0.9875368995811407,-2.1118862724831056,-1.6710251813949655,-1.125514942005928,-1.4053851010063187,-2.0819147066558092,-2.116199222859719,-0.2786460729703687,-1.9483316532008468,-2.206508614488431,-1.564392870086657,-2.0394315109661916,2.380426508820454
-3.047955450671585,-3.2956696944908934,-3.4559988209139116,-3.361198283005734,-3.400469992185615,-3.086104783343923,-2.94288523851285,-2.7921832581944206,-2.1809894789005253,-1.8690490442525145,-1.3773941090061486,-1.1883524323380554,0.6961641383886021,-1.0751774565899896,-0.7270688387504567,0.788150483638959,0.13759367905826408,-1.421716605623487,-3.4532525762548967,-1.716959295610967,-3.4843259662155837,-1.6131491275377667,-2.014682270346069,-2.3427463559276083,-1.5708844006360367,-1.5731104331112986,-1.8275528109746906,-2.379206590730651,-1.5024987399230636,-1.987074228243089,-2.2023332441684036,-2.4152688707980454,0.8468497770501018,3.5065335490441267
-3.074284652471639,-3.218880461743765,-3.202913415286311,-3.053753699647307,-3.009020395014389,-2.9895373665321787,-2.6948664543173044,-2.4131828336949503,-3.2095257430408894,0.5841148876371648,0.7243969254482864,-0.9535398127517517,0.6745034274978385,-1.6571598785277788,-0.6584267180837639,-1.732780751645218,-2.9746695942827825,-3.0198594974862285,-1.423303450173652,-5.894522779909176,-6.167057402789594,-1.1637056894714235,-3.098079386950406,-3.0970758634866296,-2.832514094451159,-2.8253036600736845,-2.472117503632008,-1.3953972915157276,-1.3168276760324165,-1.2109903252109524,-2.778852843112352,0.10881989231927922,4.3286354423733275,3.735594454340759
-2.865003812416976,-2.9284174609163425,-3.0007962117712883,-2.6718278053574975,-3.5815303780957155,-3.341929720768203,-3.414555796859941,-2.685247578772778,-0.08508025537838704,2.0488568880886513,-0.4749697715689936,-0.37301472079059317,-2.285769070835781,1.8145365158860987,-2.4033249957318352,-5.287080672886481,-2.9457694512226027,-6.574627631305074,-3.471486239888475,-4.5007572435717105,-5.366826738660911,-2.7888637501651377,-1.3469599719877114,-1.1520096419841115,-1.578468300884364,-2.401385663590138,-1.5794752713511304,-2.9771371691045116,-3.2906127643635426,-1.8493620174080307,-0.09391245230504598,3.0299850113588174,2.9966738485511897,2.4371812464508626
-2.644744707750937,-3.332006986488447,-3.595977834982183,-3.7253228587656575,-4.134157990178551,2.621482678459086,1.9932335646909771,-0.634998661674195,0.8808209087852069,0.24945529329917077,-2.319647677983589,-0.7894990668560112,1.745224737730197,-2.2565228250462974,-3.2895478054338665,-5.867319104873654,-2.387590484502835,-3.2788896271992725,-9.77471254551142,-2.627798533828406,-3.4534903081832558,-2.536047528088779,-3.8379582114912183,-0.8627452087411784,-1.8197410961119422,1.2789620284699696,-1.289965224320763,-1.945560972872287,-1.6378958066173346,-0.030897963913106476,2.9431264360808256,2.7039504960043406,1.862354363985014,1.3870760382829386
-3.3024321250653492,-3.42216867020704,-2.703502372162444,4.7570342182589505,4.093779797430002,1.0869922268951726,0.9173000689937706,-0.5853424486099035,0.2577410145521257,3.1513967515110086,-0.1794641210002754,-3.4666281531338163,-2.4101714169385877,6.890012013013037,-8.097241608099242,-1.1724253843744716,-4.56096208745208,-9.002243018069422,-5.2342974018279325,-6.659394237301566,-3.6074590276535505,-4.912586086800615,-0.3720925165563317,-1.2408831909870606,1.1935674831976548,-0.9785175475627805,-1.582986949702005,-2.3613731958278565,-1.281241989924435,0.4424628634211549,1.5171973208713545,1.1157468459941424,1.0491969353508115,2.1409789044701775
-2.9781619176103176,-3.3178597074463507,-1.1179148903814626,5.3183320982409725,2.82524839585679,0.7497107710280897,0.06140485545574121,-1.120826682752382,1.794565186185815,0.8068776150488534,-4.51626957288505,-4.0419932792456805,-3.447904151663069,1.7888054362250978,-0.8286276444601238,-1.8928994731289284,-6.053438058948276,-1.4072790431994282,-2.8690724367683553,-0.5392942318868632,-3.337446440102447,-2.1796825992267457,-1.673899099836386,-0.42151041765884656,-1.2115678204938585,-1.0708300706232208,1.0716033954725586,-0.0877606173058421,0.22340723189669773,2.4114216342019033,2.0038860401304683,1.8063085183627094,1.4002855928215407,1.355158781932148
-3.2310450442108234,-3.1801264613091607,0.7341963670733477,5.25130442544656,1.618553070028119,2.444645805487515,1.9852891421446266,-1.1873612266249975,2.195563250360572,-1.162099860068774,3.440517147732174,3.193914158198058,-3.7765177843521847,-0.07710996052131118,-4.503710623354337,-1.7491832997246135,-1.8004952631865647,2.391568163487725,-4.103019042304658,-1.86358204521483,1.3512647628956784,-0.2668461032938396,-1.2983871615099805,-0.2665060148744113,-0.3069105880623566,0.8232405497124139,0.5634055617303837,1.574996736444978,-0.7807311939851874,1.8958963220617058,1.7817810765599953,1.423191442377068,1.4073906741458415,0.5625226071368198
-3.133632134992037,-3.5006792358586742,-3.850867044038779,5.927559666500878,-0.3401651863704117,-0.15505515550631033,0.04574131632857553,1.6545561011256176,-0.7826283746281302,-0.8166282882992807,-3.5008836395327694,-3.2867860618954277,-2.359638279109091,-1.9155356753109865,-4.317583200610327,1.4866485521577608,-0.12265970190128438,-1.902573015286514,-0.0644022120924047,-2.1089891906196767,-1.2883613095065871,-0.14592311088894105,-2.121220209832907,-0.9358207254682974,0.9409187775597113,-0.06815654810406499,-0.19856378272395,1.2267105722105678,1.34967493211714,2.620117176450917,2.4476260948473922,2.124595550867289,0.3158629802718571,-0.6316744042505709
-3.462943527116593,-3.931102899943743,-3.0826414490480345,6.516633171163962,-0.7616100291040885,-1.0630633066925712,-1.2247887867285348,0.4613332462377583,-1.6001614905115475,-1.2336269659022965,0.45595779399421904,-1.0414674281841467,-3.0006594530014863,-0.18671711219058285,0.5937689585029909,-1.3600063473614252,-2.7967794032314126,-0.6284549374394212,-2.252506344495928,-0.1178480413671657,-2.0979734454259273,-1.9943965573927485,-0.6757166542539105,-0.8655492921543999,0.9687076509259429,0.8310033034047684,1.1941767449019687,-0.6042552468690316,-0.36304791329890806,1.635658897352842,1.1180933160149886,0.19263383067579856,-0.6507261937726239,-1.4321703858380084
-3.9147374669950183,-4.255791502314071,-4.251085153862754,6.042902377057695,1.8682071149468185,1.6432467821031382,-0.9456039178723018,1.2307227035635941,-0.12312067781883403,0.711877524738472,-1.6381373330102198,-12.55547867863814,-0.3426760866202416,-1.552531559046107,-0.42173881158745313,0.4157560822010807,-1.174283675056949,-0.12174007209635973,-0.6344743459965405,-0.35911894997266414,-0.7621789731526449,-0.23279916589620173,0.9226906104148573,1.73277073152373,-0.0920248416437512,0.06830786020457287,-0.25356857886622103,-0.39309500595525254,0.8268491774452581,0.2541886823755673,-1.1752543940322793,-1.3255646950917392,-2.049936799437031,-2.731036926646651
-2.5811980551329325,-3.7139511480539267,-2.6420213475547834,6.288756773302057,0.7210093090400711,-0.16698786427731288,0.3523057093638816,0.663709549478781,-3.896136950218633,-4.339537939625499,-4.4420613811611185,2.416311111431543,0.10646971802063768,1.405257860170546,1.2079194230090748,0.7573765495917979,-1.6343656203245358,1.4317876082616754,0.13778079584056296,-0.28967791255218356,-1.5334136625328694,-1.222668509192538,0.6167170646014795,-1.2094068904887643,-0.16685670534915964,-0.7625457457696422,0.39006625699333725,-1.1630626868609097,0.8821377904264196,0.08423449176635932,-1.4450995346448043,-2.654762763326129,-3.0047004004121947,-3.0781198583671205
-2.545991021478638,-1.0024375452537369,0.3005889742237428,5.318087159488199,1.4165803525172183,0.794647585653235,-2.730684271736584,1.3265623473062402,-3.334043788568079,-12.687840263363688,3.573421479828119,-0.2899956976279916,1.2110381416609228,0.1302226308777663,-0.3101471376562663,-0.24658509045704438,-1.8621097008411638,-0.6515298989239127,0.052068971504031565,-0.16151427201928728,-1.4860770479901941,-1.689153114838789,0.9941246204832054,-0.42021531786733396,0.9962166946829427,-1.3337081311642118,-2.364800902271268,1.01028196587987,-0.3784842198563386,0.030488419418104772,0.24251327270053974,-0.7176956398040983,-2.6384377998908772,-3.136445442118105
-0.17416920071538666,-0.8805573507464662,-0.18972950855764792,3.9663640187572495,0.6171160810242884,0.17483186541756446,-0.7524480740421706,-4.345957250855433,0.5744989587731335,-0.32680822201526466,2.5299711391413857,-2.3302932128229754,-2.628256154510358,-2.9749940980929033,-0.6419339376821322,-0.4537253988968323,-0.1787545290846574,-0.4391818031062293,0.04544892521535264,0.5227775585053643,-0.37509312647587684,-0.9500420504224762,-1.4706433797181973,1.050910979437673,0.6227154863693931,-1.6056125208451875,0.61975048554956,-0.9802363111330213,1.1747539595004837,0.17888964030910864,-0.14560824711730033,-0.07506441667277922,-3.1357971456063813,-1.5836681150059841
-1.5626200160891512,-2.1988716143895415,-0.7601453598649629,2.885119769710324,0.9383187128493374,-1.266168490208983,-0.7851305626110325,-2.3975415890380534,-8.404605066322352,-0.2072881851451539,1.5122002426811838,-0.2824988576548659,0.2871536233005263,0.08489088690777835,-0.33520180025030516,0.6017574714347994,-0.9856799379180001,0.27256970514555434,-1.3631279328195105,-1.4646930574949222,-0.9631242531321311,-0.713150145125652,-2.4928592977171333,-0.8155566258898408,0.2551338982087373,-0.5983702868123882,-0.12287894373856571,-1.1502417809154901,-0.06714165371392772,-0.9041949905239952,0.2794753455879141,-0.24535460979532014,-2.8598562356966046,-4.617239342609559
-1.5836369626331088,-1.7271535391355004,-0.529796679691107,0.7870635856508791,-1.5975738447990049,1.1162966622506,-2.389669666840433,-3.253785801448597,-2.1033956522891586,-1.0027033750031134,-2.5123114410711413,-3.470522495980022,-0.5108521565641013,-0.9991129369359162,-0.87667489199309,-1.4341367445806668,-0.9260172561755173,-0.05493244251470921,-0.4031205966604187,-1.4679743547953121,-1.3276652805343987,-1.9338579702623468,-2.064406159959217,-0.09643297339508287,-1.9864685028432543,-0.44388707573711444,-0.8952878356162797,-0.6934946678578431,-0.12231216338151352,-0.20283095710849125,-0.5723984087085927,-0.3955475844610396,-1.1309665940459395,-4.135779202545288
-1.5443863355379743,-1.8194951609380952,-1.7243756720379229,-1.725493402918748,-2.9260890701303293,0.3673104833278358,-3.136761397852654,-2.181080821751431,-3.2603966039835215,-6.3051807104543744,0.6066555783463824,-2.4333444932881285,-0.6968988698494266,1.5077532283522832,-2.2752759575996215,0.3209244977511887,-0.7775824018561484,-0.7786103026176197,0.08341093000567659,-1.052280407304687,-0.8066866176237787,0.8038208395740938,-0.37012526057461886,-0.7000879672656928,0.21177111367088586,0.05558618889812123,0.6326660577400244,0.40527262354213844,-0.1857146388221561,-1.2296069177905304,-0.9961532252650224,-0.965625849554842,-2.8200960086870093,-4.102871174645394
-1.9833463811767216,-2.4658964569961355,-3.3861160897393363,-3.709835648238177,-3.856111406757085,-2.538680328953094,-2.732731865834499,-1.4189981046070608,-5.635626891585528,-1.5812984420447347,-1.1473090559705466,1.0563482844176346,1.4901799532973228,0.3472338932343652,-0.7917026928921737,-1.1402938477471956,-0.20514211466851495,-0.0756039418338282,0.0027813325434269958,-0.5834025074920163,1.0548770054382584,-0.4421245252450743,-1.0605666765839377,-0.09737790043611864,2.2012263108332983,0.9558771028794093,0.4767711371917065,-0.19203900680711444,-0.3597108807968308,-0.23157978883903055,-1.090379089079983,-1.350092052043324,-2.5878190622603974,-3.6610276043570353
