script/wind10m.json
{"header": {"parameterCategory": 2, "parameterNumber": 3, "lo1": 3.000054539987559, "la1": 64.9999836372058, "dx": 0.5, "dy": 0.25, "nx": 34, "ny": 52, "refTime": "2025-12-11T20:00:00.000Z"}, "data":
[rows 24 to 47 of 52, columns 0 to 33 of 34]
5.904141227832276,5.605893372046552,5.846098874878497,4.882976770611746,5.598326410544892,4.869526561416201,1.2972209417596918,4.946558489042555,2.5818111263238928,0.561715575797978,1.076061059698153,-0.6830407973117414,0.5308790203768926,0.09235112490575527,-0.12464820083489599,-0.3242823086998386,-0.5013552906591808,0.6359015920528873,0.28105343416369705,-0.11414087398183773,0.4140323061811682,1.8356311837142016,1.3405394175216818,0.5438975223036289,-0.1888322467785752,-0.740531300808674,-1.88030181135072,-1.4076542796327884,-1.034021793956841,-0.9586488206623386,-1.6224911573276213,-2.761932687010409,-5.816398618940595,-7.444374345387321
6.158050403143753,5.609817852175027,5.275447782883567,5.053295054542214,4.540373137761712,4.674798750246598,1.8807165974151294,1.2498165068680003,1.613194218212691,0.560929016375259,1.2195839620476203,0.4004674825088272,-1.0081197989797943,2.261498014618784,0.38170735597381394,0.4200588931895544,-0.82418789314914,0.384425211827674,0.39835263580395597,-0.1310554337643444,1.2694209225440118,2.462708406076935,0.1080259802013028,-0.5593313419269562,-0.3267603055586655,-0.5944325971458271,-0.577484541402451,-0.4538573717681588,-1.4238432496106113,-1.2207084663408552,-2.417101325117675,-2.906132613611783,-5.772199960217533,-5.703111265761672
7.106199211626394,6.146741523671742,5.903709427025746,5.2449658261485395,4.859487714185997,4.4915738509613234,2.2672669926962103,1.4326070379126983,0.9598936034535115,1.2270222270889828,-0.09869012444900409,-0.28527402061246715,1.4997624743991897,2.331175663550568,1.5299853354323982,0.5361756166653315,-0.7532772685540386,-0.11710905575107118,0.11484967863827876,1.1182635922660846,1.2135390836781381,0.8812431662193526,-0.1338890350057174,-0.8936945903401918,-0.47244305506549295,-0.27753494257735045,0.5520356202399767,0.21337434573214248,-0.12936622719997562,-0.5730189766761626,-1.5991275161190686,-2.375189037231536,-4.003300371345821,-4.432213762463831
7.205197143600005,6.512789163911432,6.0158821447191295,5.40988658355541,4.786935808276856,4.482013278573617,4.474764334950358,1.7289929067466927,0.04044349061809084,0.25521553163037175,-0.4086056415798553,1.4216663075081712,1.5154392707826358,1.7610160045449972,1.8854098650040336,0.6968860871747881,0.708653671566389,0.847950415875272,0.6180432179886854,0.7349589575927152,1.319588130288247,0.5949757845817498,-0.29422220953278994,-0.15755044963773024,-0.2603885373696146,-0.5862513645318324,-1.134152151198751,-0.510297877264311,-0.21620423492964594,-0.7339129457563848,-2.0041361825602673,-2.823918676689573,-3.2727415648744445,-3.298382578189624
7.187690733382742,6.476857664753859,6.032234347855641,5.360825158935756,4.932762669508205,4.825886067917048,4.213092582759899,2.54307564306234,0.45027878153676787,-0.057394915169077604,0.9923377679754394,1.1695894477155102,2.176410389828123,2.1539158686858366,2.1575396774057953,2.03474770953647,1.7378319627070669,1.3725312091919177,0.3759181439460546,0.4312953093249292,0.811597411615171,0.10442281075277844,-0.701286892710901,-0.010031387340774954,-0.7567529726894041,-1.1412506141116021,-0.854959056669352,-0.23590945303716987,0.072874633705523,-0.5524320117374208,-1.8066303919440645,-1.9075618028195986,-2.374126646750509,-2.6606408220310738
6.731257357663494,6.140155589896551,5.771045747761229,5.272210053310026,5.029693809841955,4.628309869643153,3.5274877155416338,2.344767922406087,1.7987863070765842,1.2567211975311061,1.0107949671344727,1.421961851496904,1.372421837570354,1.6458203080687257,2.6356689429737092,3.2638415058859005,1.7537105545759406,1.3859997231160408,0.008105780722720765,-0.08654657889438885,0.43542047413085844,0.31926064693678635,-0.34473839504652753,-0.3638141585585239,-0.6903693494110416,-1.0623701452883365,-1.00326221100291,-0.37889069221471805,0.26705208720935203,-0.13353712464062667,-0.951847843056452,-1.2034981695180824,-1.6955483707617052,-1.3131618694766907
7.9574841195210055,6.486690527812417,6.3416175052085855,6.267626630622603,5.20351685091754,4.158772267927651,3.472412597632877,3.0197911708109944,2.0078657142710306,1.0748003142978308,0.6562626422248053,1.0646088527129938,1.3499702332003114,2.2903957826999677,1.417883788681036,0.8995312183487053,1.1067519228915732,0.7045145698654619,-0.00869321678254676,-0.1803530225813862,-0.0773702877595517,-0.20310927500293205,-0.43561802828675483,-0.5360310945623294,-0.4821285939824489,-0.5425003658947091,-0.565036505883785,-0.08475651057749019,0.6071220741988246,0.42152354466140757,0.5851390025405403,0.10881219191769817,0.37111958376187526,0.4085045495277172
8.120900759765055,6.64613044336394,6.418643447875883,4.815213047276194,4.8352293604999295,4.187507853099904,3.39157216334077,3.14944576406719,2.77696235613515,2.05520850912238,2.4282321031846217,2.995042380042005,3.502994368359391,2.647052097124156,1.4728974057142934,0.7139677609402619,0.6806725877064964,0.7811740101900785,0.7111653566513005,-0.21679523064107858,-0.33409575533607155,-0.22162468834874946,-0.27473793837672544,-0.4676229385417858,-0.2773733740810223,-0.48076700267080863,-0.652644885332333,-0.3153124397018642,0.35927535606400085,1.0564060923725078,1.1530995647201452,0.053247865012552804,1.5139124947418077,0.730838603320096
6.959835481487927,6.536474720518044,6.122292287753674,5.225142903674343,4.276688094375184,4.374884386958691,3.8931901399134987,3.4788919732496084,3.170095236055616,2.762593762240328,3.2637529040324234,1.454097595497259,3.140785806698855,2.676093472462901,1.0738453127655792,1.573771419489291,1.6805048308699853,1.7784620881574245,0.29425455412102325,-0.25309291228038205,-0.4435568123119487,-0.4096667323867651,-0.3463787014130676,-0.6439949058425257,-0.3057289524917053,-0.5119002984773398,-0.9606564274589731,0.25589483491344006,1.6127395612388353,2.7345646691782632,1.3380910589355237,0.6139565805817859,1.3334457523807808,-0.24907834614177965
6.95279081977156,6.564952374137189,5.879247191570421,5.376409763093258,4.705385397669393,4.530072395401408,4.305705218401013,3.6733205325972995,3.5400664069974606,3.5418285774804246,3.391919136881738,2.8602368061314496,2.5110453356167777,1.8534216775512178,1.1994718381349336,1.2746875027210776,2.379727916290401,2.3520412428915116,2.0600748003108444,1.7243030202149725,0.14348038499393143,-0.24671660312202062,-0.400487433812367,-0.6155427907101908,-0.7290563758029858,-0.8062026762843069,-0.8830238387734441,0.5948400941841965,2.5220353544289766,2.501597744188036,1.847255249801892,1.2816389597202946,0.2892221973035713,-1.3943970396975873
7.994442851771128,6.775429919207804,6.340439907797266,5.303974648336495,4.763819183179516,4.814172053782684,4.230212243125173,4.118671339334959,3.986124499930378,3.8797196813122086,2.724277275195866,2.2277173570545,1.9262484751674747,1.744995365800693,1.1843191539345777,1.2997644145538136,1.663725492555619,2.8370315959502848,2.022556330940428,2.5434141009151188,1.6847914726797857,-0.4797171375089386,-0.7036443193743466,-0.5947393218718732,-0.8590465890141834,-0.8660103779638718,-0.8804892505127615,-0.43192066492134407,1.6746267694469508,2.088910226375693,1.8828853215838388,0.917098783548441,-0.06961910859404452,-1.210217965879828
8.121481329926898,7.68984949331754,6.682654472851409,5.601484741596075,5.176735597066752,4.2250278681040365,4.168449562086932,4.195270103001519,4.317173954831435,4.145273641343549,2.842049509908612,1.5791833292032047,2.2917465274867097,1.862775028847863,1.246372962048105,1.2414885500642776,3.815320451721782,4.529556964240104,3.221066434515427,1.305748350639295,0.4352080438136321,-0.2644882503735267,-0.5235947455756089,-1.1051396163125122,-0.8761058545804435,-1.1545624845584452,-0.9535753177906219,1.0892159229960856,1.9886941808975298,1.3379530874702783,0.3042262310929075,-0.07066559460091446,-0.660726742409415,-0.7288595509739368
8.410686691203184,7.440827545492022,6.61968272029965,5.678410092757609,5.149520578348803,4.4400824860530905,3.9318382054382837,4.00845850299202,4.221302372055404,4.219006976807224,3.5562328805047683,2.4812882118210293,1.713226005058344,1.1158514479456825,1.2299998286715437,2.267379009530783,4.059840397557176,4.721345257137931,1.565091651864166,-0.09634041011274497,-0.44908086382758156,-0.3866048053148801,-0.8963020049299619,-1.1881048238270921,0.2526759811829491,0.5024432741787094,0.7361379620896329,0.7797906715195091,0.6159863394214837,-0.12607248674850235,-0.5776007274814422,-0.5680848346373667,-0.9226230326642636,-0.717128542205692
7.805144570725554,7.500622307953032,7.428095046203739,6.58814670754717,5.720035962914732,4.663665947840721,3.9687399847099125,3.7967711433153917,3.889861268896846,3.9436643825194917,4.121706976654596,2.280917925492839,1.6684931056861112,1.0608422079240414,1.455629292954396,2.7451154668774667,3.2256458677395603,1.7501019673179412,1.7712120639704532,0.23388139248550158,-0.30107815127402204,-0.6854061264424709,-0.534708776931306,-0.18756906766698728,0.6448450466167671,0.9753173253660311,0.46666314883440113,1.0391135603084767,0.5018072622550509,-0.4756920202768978,-0.6550697919070603,-0.8802767192373895,-1.3709805139088256,-1.1819328114722214
7.188392063612221,7.9926820257718205,7.928878677112122,7.237440059646095,5.94524662549986,4.9597444844170315,4.5358583808207555,3.881776244469992,3.265641282894185,3.032556890456346,3.0094337693934534,2.271657471383297,2.06176280740969,1.3642692601356614,1.523463801237789,1.9256418612921287,1.3043796628393225,1.106150208201499,0.3362404942801346,2.1755687328138444,0.4778468134834475,-1.1525571473899783,-0.8757657182945199,-1.1201772095809592,2.25269096952793,1.6096290723814115,1.2161522776033,0.8349343163918913,0.6774689782586829,-0.09093042718525784,-0.4446632521979584,-1.2231653607366897,-1.747544077130167,-1.7512944483504127
7.906226156781756,8.671365559607246,9.327693988963194,7.965971636308713,6.6350024588688425,5.130450485245948,3.633473956514416,2.7964224318049595,2.6510758908573497,2.6455037365192764,3.095696323393061,3.4645414342157803,2.304585768270996,1.6243914437068772,1.3540537231190415,1.6085588517557088,1.2936048108910425,0.5347724208946248,0.8650340758553703,1.4696645307496963,3.4757575991998104,1.6937744177792624,-0.039523380811415515,0.09080693087420427,0.2718390642383692,0.2996977241979222,0.3313016656652833,0.45180430428715374,0.2197177041500626,-0.3314301820546084,-1.0202472519485088,-1.0532213494071216,-1.2765766374131235,-1.1008539316480437
7.584150907017212,7.9124478291847,9.149648696334513,8.84811330451433,6.919468941995511,5.953341909554845,5.527838944816333,5.0869997445839505,4.039832618572225,5.547970942969394,4.876679506026109,4.4678452223062575,3.0817920244556993,1.9971086035148915,1.4981402033851274,1.9110562025565756,2.173372104846357,1.9762236036320686,0.8501451559372013,0.9829141093944609,1.8858785991054428,1.3883063385471002,0.19788681559741084,-0.5885148765136465,-0.420786006387167,-0.5749222443276493,0.20673969394672365,0.3314071912620023,0.004016689633832978,0.015279679271095411,-0.17397993807605777,-0.42030071987206474,-0.5499582263678209,-0.7846199559871868
7.69204853519197,8.641493202283023,8.199176650059172,7.654206295856266,6.670935671250988,6.1292762563894785,4.720234412079565,5.340868617498583,5.28762016116961,5.7410470433297105,4.929766041878721,3.9300648078320397,2.5934723725080695,2.35209207940045,2.281596837927467,2.3197535655513204,1.9911714141140997,1.0616023626734419,-0.22162920408533235,1.4582006835759713,2.630929222086632,2.9363810504131966,2.19661647055927,1.1340478800519773,-0.5904954013283937,-0.6490641261729235,0.001478281559188803,0.4404129436753238,0.45797924592023587,0.5142116857248072,-0.37546256676588124,-0.7426952533634338,-0.2619111689306854,-0.3307856033147729
7.617684158266457,7.404605717289028,7.407271826723736,6.385784126510106,6.25735253331328,5.015833413392042,6.248201340223633,5.72905124336995,5.279015138131863,5.126972151932015,3.6647212040485266,4.031047193248195,3.093673811117501,2.438749473579537,3.428496825000304,2.989778757980342,2.206356889200079,1.7790105774941531,1.7083319422041254,3.4014208297482584,2.1427566780082015,1.0009589972580217,0.7567029864540801,0.6254495579729578,1.2192016636023586,0.9713902096377321,0.8502436867418002,1.0064368600829252,-0.2003321351675183,-0.5839717847737963,-0.7807469017086854,-1.1357072541665614,0.3067225137365465,2.823064191631734
8.441612761159382,8.415106148458719,7.23963175565772,4.892545427202587,4.208405582490804,6.637400997896432,6.290379542884074,5.773701339597001,5.19566354820052,5.0126379488905854,4.12528985208692,3.363466114626761,3.3111806322512702,2.5741784332038775,1.8516455975650616,1.4734090880112858,0.8326028173466216,2.13652015312971,3.0732082821628275,0.4535628416354553,0.2967443432718492,2.0340709508959702,1.9128260995682922,2.483666735819823,2.055768013651559,3.102513557433702,1.8187375832732082,-0.26586552073623865,-0.7025003951857084,-0.5731204286905894,-0.8707017380747819,-0.845528408203433,1.5816399756584334,1.7957414739696158
9.626126292165926,8.279547874302622,8.565918301515737,6.153569865570655,7.287040778582773,7.345476490005156,6.798720896159173,5.981060594925848,4.855398271285589,5.057655219868238,4.235259253156551,4.002132502495204,2.5086680537670443,2.5341797518172404,2.086569835338704,1.742288957810887,2.588873025351734,2.1363761455853263,1.2427408129053374,1.0171052492118486,1.0174244300324347,1.0979444190439223,2.236883126944786,2.1035644289643334,0.26828923920506476,1.3172372465049218,0.1518410846677444,-0.4293047477873072,-1.0700251764491204,-0.7102875618813446,-0.9988323673532034,0.10193437071897503,2.4143054302583944,2.150034533366286
11.210710952191135,7.858087263196196,8.274016410047214,8.334323157193023,7.287017517649457,6.76877587882243,5.464287919837053,4.876465516878035,3.9563353419642895,3.3897402377646944,3.477431443779816,4.427832527489412,2.3710376251380727,2.5648489571934885,2.2459715646523297,2.5805779404697895,1.1027805021406374,1.3426750540600105,1.4961885274141236,1.5562151262571262,2.1359744658647144,1.1743506061311888,1.3780276980358623,2.264420410535949,1.1137482112392543,-0.11611980736613685,0.1390224668609237,-0.4549251791692129,-0.3380556785497764,-0.3392513458359092,-0.17594738734857948,0.4157461259316055,1.3320509374878071,1.0876372114828923
6.2636481729173825,8.669614245062034,8.495717364078757,8.439108883279742,7.951723474796631,6.3433433286162195,4.997852389163892,3.172582696739216,4.01538872355231,2.7763925309091357,3.0931423751077167,2.9992066712166734,1.7236787047748279,1.9842510175696184,1.697262961897179,1.4600589580744545,1.257627746328332,1.1449863003006493,1.5899381098835565,1.569461128646475,2.67629251725103,2.1585401398407975,0.9472404482612484,1.2251350086434531,0.9781848625088126,0.8909737089139309,0.34367033443309863,-0.04027787525758628,-0.28251126700517026,-0.13298492960835734,0.14354988572966798,0.5568755111832635,1.1051242136426367,1.430002109772674
9.640987859397287,9.16251561889291,9.148353123956062,8.412586741524139,6.52993161588715,4.871724059114068,3.7820841267635488,3.2511406294007617,3.509902721482797,3.6124890291552934,2.6042748242526326,2.922257935831858,2.273942406534372,2.093803105249312,1.1468485434008637,1.3144089740342542,0.9212144972446332,1.0371355996120388,1.5964655924702504,1.2123708913474731,0.6891673798073105,0.4378647287186067,0.8916886912397649,1.2308192631481099,1.5873900783485748,1.3767258051370928,0.32042385702093557,-0.5415249180677134,-0.558399167750326,0.31242961355010623,0.11149424319409101,1.2098058602518196,0.682783356433006,0.707800606478745
