script/wind100m.json
{"header": {"parameterCategory": 2, "parameterNumber": 2, "lo1": 6.000198445256149, "la1": 58.999992894266676, "dx": 0.5, "dy": 0.25, "nx": 22, "ny": 24, "refTime": "2024-03-20T19:00:00.000Z"}, "data":
[rows 0 to 23 of 24, columns 0 to 21 of 22]
1.9842303535536276,5.1195363802650915,-1.2677661980179247,6.863516702959313,3.3741876094871666,-1.1058364939997924,-2.54664403087503,-0.9419492934874012,-1.7427123941404312,2.387860620362557,3.909970438988655,5.0632486922525155,3.923734548353077,4.483278191373393,2.6492673089331875,4.781036089112162,4.8004782711868454,5.091481189917271,-1.166782863848809,1.4988177892880072,-0.8954305834630203,-1.8855758617406648
2.0221289980968886,5.556343466544992,4.486415629809374,-1.8026001170985428,1.3384277232715334,6.689763294989274,1.8474559463446036,3.280774721467853,-6.558738629033208,-1.0488688488815223,-1.3971457693766038,-1.633450521187927,-2.703240336285011,-3.2059020029141676,-3.068492461348382,0.34634035004473485,1.6021311902555684,0.028882630524687248,8.49052732712394,2.7994252512402626,3.618959407870837,-1.7590456682543414
2.151583820555461,4.5551843503317295,-1.5750255064772185,-0.291098687411761,-0.6114812243031822,4.064516512980656,0.8497348745628671,0.07329710854503577,0.6895950632848877,0.12444019309259034,3.1098821760126496,7.496930914532166,2.0950905307685317,4.333839803254205,3.4348574103129974,4.642958225881326,-1.5168135113268693,3.370432775597668,4.103737472120836,6.251891823752517,-1.4738175937907703,4.717683580163822
9.134990516472504,-3.0288864261176425,1.6929431603273177,1.0569904986806613,1.115849923013037,5.463101111556006,-0.9490877381237605,7.222552742940685,2.558970538246955,2.5594891310827372,2.309227083211527,3.700081668571042,5.178717364143429,-2.3497944150269174,-0.5511774230380356,4.730929729899563,3.8424139726077753,3.5901984867665657,-2.115104428102718,0.301685841946869,-1.4311147472480894,-1.8628996960094806
-0.6503827230014837,3.3932703200127294,4.267910509407241,2.6997182306918837,-4.229044450225526,1.713293825211185,4.27702497686319,1.8552013160414427,-1.2978401005284925,1.1248432127446144,-0.22588067493928443,6.606345533040993,-3.4900659660392224,4.1286412926831675,5.261809955742715,-6.090441910441326,-0.6431446535477474,1.3817656390226478,-2.4616522545635027,0.7034811496468242,-4.285087937310891,1.4274422567014478
-0.8518693888978505,1.4512862025538438,3.2084627258052563,6.5910687121125475,1.4410586977049271,1.3054245147685926,1.476082022373121,-1.0479516137714224,4.106141614156147,5.170289085796093,6.73483794163547,4.938596940621885,4.654307708764902,0.6648942532457759,5.1688410427497695,-2.960487610738385,-2.9239421264258474,4.614752213275849,2.765456185726567,0.4521271870810053,4.279082721936991,0.3432950141928932
2.119855704164909,1.2226974433923226,0.5972394465275364,-3.260507228065775,-3.384168200430246,4.110931922040857,3.1428115701197883,0.772565916108495,-1.4962812070146705,1.5840139603182106,4.835612631666431,2.033000223828151,1.9570691175809631,-2.937387698042385,-0.08688008941707008,1.6853241898427198,1.7578662069958244,-1.5036042763972546,-4.614453199070063,3.8460282245403814,3.927861404841055,-0.4533860717004258
-1.9988274807112238,-0.4560238691490653,-1.5386417880375955,-0.9504830510655944,2.400052233960142,3.982602556048152,4.4365277106940875,1.1026311173586565,4.013115899325736,4.253413603214151,0.8968603716683762,-2.603390573602624,3.6514267375942024,3.3332874505847707,4.330607963748161,2.073394050631372,7.564368139525754,-1.749234395131986,4.357676902314842,5.18937413022783,3.218706433175056,0.033458544371426716
-3.7795417560597264,3.6246944657028255,6.354372608064288,-2.0784747282738536,-0.9199940145065391,2.7334120569226696,1.0005893679524163,3.193082953970271,-2.610515588914402,2.4040575674206908,7.783077144215299,4.4372788927942945,2.366554613874268,-2.150497422098222,4.328971663788096,4.655337326597532,2.4597881714169305,1.1782402782986992,4.457930976188437,2.6388510503322156,0.7911095512778263,2.6397048107700254
1.753915161508784,4.564665685986823,4.978222303100044,1.2268650551883031,10.642166961920973,4.589932898754613,4.741529468116223,-1.6430153857763083,-3.7214942729738585,2.741692194831656,-1.3129621826003746,11.021314963630884,2.9995846083457094,0.2427582033470299,-6.682054551308335,-6.378640869045094,3.23384942737039,2.448365699817656,1.291207593848142,5.861458695610933,4.750861745305932,0.4920321022910374
2.3350388468529366,0.335788334852752,-0.12708528293095078,3.119932694962922,4.290009384688832,-2.534507095477414,5.721116036499592,8.970298554428942,2.560791044523081,3.399394988346985,4.16081636456095,1.5764509196389211,1.145191793716732,-0.9744044111419227,3.77658818262863,-1.430076688790582,-3.75475066451867,-0.3766946976696347,5.639546615071033,1.3825799201096938,4.4721778581712,1.1361128028779797
5.052427878814748,-1.3044105230559357,-2.078944213297778,-0.6614967363742118,6.029994579274949,3.5953258694302246,3.2408457392203407,-3.0939255693638215,-1.8518855849673024,6.32878092645346,1.7222489706305228,4.134703997481377,1.0522454476996983,4.566070497154703,4.431642855840926,3.669269323135743,0.6036285924727657,2.417735130777438,0.644749939060439,1.5419465971224935,-1.1230285871538443,4.214853217332206
-4.158083344430118,4.261240479822213,1.700473706180418,-0.5831049244441908,2.4007907336253,6.406237178000792,5.255035245740081,1.9818185991966957,3.5604629426010868,2.3807274512161016,0.7150372549600011,10.92672919290264,-2.319185350053519,1.2160651994935376,2.0095251457275274,1.9986231994957393,3.7020187449557107,3.5569681656803662,0.4588610051681996,0.8282102479421394,2.986708785547311,3.790802242629818
1.5162381479355986,7.4620877583758105,3.6755553739554645,3.515496727249825,2.598683116667826,0.6559771238431481,3.984165042374686,0.3513776204698824,0.041453787837526575,5.511305030913264,3.793125470267862,-0.28988915891844225,-0.5934544428563046,-0.07055805106746244,1.0508626574893452,-6.21294705438898,4.479633232414476,2.2002928907522517,-2.214859673193722,1.6826273734238415,6.057455225026154,1.0230173453972147
4.295009439500183,4.135613279936062,6.434696097058308,6.586484615588339,2.730440567912374,10.306287545876664,2.1168481627382736,-1.3619797821444615,7.596048822391727,5.331792040126107,2.4222772798788372,5.5598694983892925,0.09838130980622088,-1.6613191917182815,0.7821735701702044,1.871148715843303,-0.7908083181596637,4.002774952601589,4.345524217980644,1.8366667094372382,5.197218048020197,0.15900987403740668
2.9105579599555833,-3.438787116426793,-3.191922063444367,4.218169720247591,1.9906103119888978,-3.146475122675148,4.772831783982173,4.355783468944357,4.87037327104352,0.4990047507253112,2.2193362521324405,-2.4780151404200828,2.3790883398313847,4.247381946667092,1.4885720194905605,3.1415594489327963,1.6955287059346462,2.1980310498657927,-3.8895422344483284,2.963001558712953,-3.2045161197383063,-2.389819820816453
4.827004086934881,1.9656743814610806,4.453408846757031,5.002588441418707,1.0850602982310147,-2.3007443200552107,-2.302993539838722,-2.9890646279877533,6.580755757807242,0.8781846691038777,4.578734909020421,10.977825987826838,6.297977994957104,4.712990992452374,1.9796865850911847,5.348030480496984,2.391190306373639,7.417011149825532,2.1572389839154154,0.9000353790378798,1.6851148491297043,0.7592933361956927
2.5295581513718517,-1.5291871638758538,-1.4123532298817878,4.762000670897568,0.4308870166772219,-4.30686976114302,-2.3121171808128596,2.256935892929824,2.311755276115134,1.3494068117725533,-0.7530498267779503,-1.8617802566411459,1.1815642838195248,0.717227226006617,3.177731191388662,0.9423354331515753,-1.0377902168101296,4.2293088512171435,2.0726042716151163,9.886482904061223,-0.5980669753140114,5.516390060959408
3.463352629342958,2.7484892469363413,4.871698916382831,0.8975192507361315,3.3448247239931193,-1.1276788355770606,-2.490398328396485,1.4553002163963353,3.6986173157845537,-0.5566930746178261,0.8183911644263528,-3.7847538372486245,4.905173230899731,2.5005249875562243,-0.3776199824034007,3.897084244207204,4.841435162246463,-1.6362272765036772,2.70799530335715,4.716846239513233,-1.6684667104431259,-1.1759694294345429
8.2119304970316,-0.3355981432887303,-0.0060599525480124605,1.4503082352095833,3.075289950304089,3.8590994120691575,-1.4426443194411598,1.2082000114147984,9.472443106598208,0.7011739438142862,-0.422178692280848,3.5369112115468146,3.697272059361366,-1.5771816272456463,-0.23305299314462724,2.959207564673756,4.435195694439751,1.2409328290180717,-4.9111960835914905,1.3266040928738339,2.1316647208753037,2.3229150242468166
-2.597616142194021,6.247741272340273,9.363626080312,1.66602621036092,2.8822251158836214,4.082480325846319,1.6172330355195437,2.6865535083567496,5.0538195733761775,0.5588322526531082,0.7555120521783729,-1.1426324908463767,-1.8507513687470933,0.6068876958736962,1.2819134710340125,3.475646439523185,6.054766729197839,-0.8946835170700271,1.2483225652724008,4.723019338945853,7.405882152373831,-2.3845281286124154
2.222552217477643,0.8480728685049452,10.172468852545382,-1.1624731193194442,-2.1513993217965335,3.212746846552398,0.5338343046603674,1.8152268351209595,-0.6071309759809597,4.313017431904584,-1.1277896809100254,-0.06512936711818121,-0.6903649914220619,-0.4327484172437737,4.134198986612597,1.9006897623055263,-2.201193436304705,1.1518369628171972,3.999074557267956,2.403325936594861,4.370062163245677,6.917759712903986
-2.090028651833768,4.549879821899965,5.81130114042775,3.103185608562824,0.44968525006372434,4.721368968451625,0.13765293825435526,3.2825822015186437,-2.9459108131591374,0.9729273846875063,4.417672119558474,1.6095746168885932,3.2792624498786687,-0.18692908466185543,1.2271821785267605,7.2809177911347716,2.2632446498492462,-0.15270655165310262,2.196331295800845,-0.4946910482734569,6.9119171663224,4.958523901022092
5.031034469303989,0.4689086883843187,-2.0881061251408126,2.706286952094645,0.8696259387230543,6.475721536640214,-1.8246608455510522,4.072548154195816,0.17284944440545222,-1.6940713598020474,2.239488958609058,3.5813063601212245,3.347476466060553,7.046358785274593,2.632494632751038,-1.365073099391526,1.5253709845035586,3.186836547533219,-4.863932432493363,1.7762654187299018,-2.5416332495656913,0.9245705662899294
