script/wind50m.json
{"header": {"parameterCategory": 2, "parameterNumber": 2, "lo1": 3.000054539987559, "la1": 64.9999836372058, "dx": 0.5, "dy": 0.25, "nx": 34, "ny": 52, "refTime": "2025-11-21T13:00:00.000Z"}, "data":
[rows 0 to 24 of 52, columns 0 to 33 of 34]
17.379537937091893,18.047197602370677,17.74632210733054,15.810784143259344,14.348821861638438,12.22691887059714,10.634148731231376,9.6575492806957,7.300185213462295,7.089602740566875,7.281114212457729,5.998898961035432,4.9787158863961345,5.214852115664079,6.492432950638045,5.863131527958964,5.030268019789007,0.3424339531131002,-3.131908978707609,-0.5324903960008376,-1.4391387254385366,-0.3224481196603495,-2.2674565785571437,2.0709267583403626,5.6258257815919315,1.4578049845788301,-0.6780000865135708,2.317279725456277,1.6308273815563283,2.476292270226009,3.3451124159672956,2.689445141139459,1.7542294490671668,2.138324586879851
17.085375474317235,16.7446495632215,15.914796481000616,15.117597482109272,13.775310434758847,12.281118912882796,11.733560764566615,11.94330787130579,8.483773304759154,7.303936428475464,7.453518794974801,9.127763156328244,10.206269044530424,7.577454158225688,5.246868391981018,5.245252079374548,6.2815555850959965,3.2303057031402314,2.7156028789023194,3.9078144225999947,-1.086305853658772,-1.63037348655358,-0.5654666989701517,5.168576115091494,-0.013963955305622486,-0.10148526575143259,0.8646258373703835,-0.9236916573322181,0.7649091089706379,4.291363058900726,2.2041448324923603,2.2326627907556698,1.7149725795691169,2.786765414955352
15.297554448277971,14.977695748714932,14.498721769313738,13.835076149542338,13.5130577483631,13.115005847256466,13.082543754728663,12.792422061731637,11.886451180438067,11.645382599299571,11.754838602259076,9.03231530891125,9.553578389999865,7.403945480108177,4.354001217619971,5.7875985165024675,3.474376122751153,-0.5326171018656759,-0.3707096248744177,-1.2634084233611622,2.099841804254847,-0.011398451902577161,-1.4540479914769517,1.5077623047480258,1.7958069143904365,-0.6255600736451596,-0.1411373292925072,-0.31324778029752204,-0.417579712477697,2.1255797450694356,4.54763034150106,2.28333577587214,1.8897936882277881,1.5799066053949544
13.488459753849082,13.167539343577262,13.264608767358501,13.181745990131407,13.30081764891901,13.206510843688635,13.226173233952167,13.227851279009597,13.4432969646799,12.531933278369891,10.922550915303791,11.42366337580348,11.621782553544408,10.53230218190451,4.506958280481082,3.6523656046528457,1.3154271000318478,2.96953016355147,3.0056941691053334,0.4343570091255009,1.030854019954686,-0.1960721733981551,1.549415229586271,1.6355537137010157,-0.9117882561228104,0.43789858209795074,1.3914836467991156,-0.22694963443051525,0.47563943245597085,1.2202838593721914,2.2707664993588463,4.569869127497639,3.626308485081081,1.2818960003401374
12.249342909174155,12.689114538542292,13.047248400232338,13.101555502198053,13.71733636739687,13.79947501533235,13.959402426959054,14.348607494159458,12.141158499841891,13.291095697191016,12.908342804021574,12.548018958137824,12.566591352682195,5.6969294732794244,3.975608641877626,4.004037792405529,3.6644086444918043,2.5166168244679272,3.7443636408848953,6.4504099560474435,2.0042351457309686,6.262129307609707,-1.8872818797118043,0.1927145063631689,1.201190285404725,0.5521949228245748,1.6532300598588412,-1.0020317869311546,1.8227983252878688,0.9402685705015374,2.4455698830592074,3.482075927144804,2.9852887087985205,2.128774325344681
11.604225061519204,12.519762028243987,13.13143721158401,13.325036758457637,13.45510459434574,13.519748968267479,13.754107152869672,14.355139125880607,13.534168119008324,12.970616388993925,13.258325412466938,13.687715782135866,6.328415105730414,9.056410700296341,4.600189918287579,3.6595312668830435,5.52470498795696,3.0636833470409415,5.698422029485823,0.5445034725518941,-0.5394706727194403,3.1131519509851997,5.793732679215982,0.12108054077552917,0.9339686785612077,1.8162180968311907,1.4317305495113075,0.1651923178399893,0.3656026737493478,2.643121212219888,2.28066399721972,0.004727425907342285,1.5699111585347196,1.7366915620193244
12.445061988453807,12.079818947321494,12.129082657229832,12.70451346990746,12.94163696350288,13.272227356820473,13.365761821034639,13.376504080105683,13.204495272072542,13.253797000944218,12.756857583163319,7.09048612660317,5.654352027621547,5.678168289301705,1.321041655564533,4.716851150048921,2.4796416519519,3.0188030740002145,4.779601757788702,4.228509974570189,5.108844020407323,0.4281842728370419,0.5850142752211047,0.664442425369283,2.484672557293572,0.5942577232208138,3.04262315881545,-0.6987853772174266,0.12181477307828358,2.537178639149241,3.8301134794799183,2.88941895687566,2.4035638853310974,2.031110594337172
11.343107953907325,11.480344545711372,11.650470077946315,12.276923996064166,12.626132548545607,12.612997974216384,12.763148970743215,13.259281825589515,13.44063626921313,12.836792892447974,6.341603517902477,1.3932375272221669,3.12949193201188,8.314706344471746,4.793242732110395,3.4442455091180637,-0.9161555364792031,3.0140694946795623,6.473398468472565,4.273331423188846,4.301759602790756,4.555751067201022,-1.142502700383269,-0.4256221177705404,-0.49652072940494424,1.010021292472198,1.5313240780088646,4.170246366227283,1.407494483077286,1.1010794947068254,3.718875566094085,1.376338300363361,2.7437437744053295,2.03185694926779
10.414545737587295,10.522657041016188,10.899386025254563,11.57636751058405,11.725252426342053,11.65452665591926,12.396141716738269,13.0375775959096,7.205653028146249,4.420680861370574,2.6904712074315777,3.105521283704206,6.1556815642159926,5.3876308451165205,6.218705222363347,0.46607174943808094,3.243933471016473,8.149100253683924,1.7764941397110023,3.917209209105519,8.101826155978204,2.8525800662835303,0.6832737031364452,-1.1282063102876871,1.0943852132914098,1.661966697451513,1.4734280741079893,0.07663234353818502,1.465710718221627,2.810245377227622,2.0291450063633163,2.7322345310787077,2.8739934031507652,2.2089720647923023
9.844110338884953,9.595238709046173,9.544770590367133,10.005208032224806,11.966578515002984,11.156362062399307,10.786164303411221,6.4729252689236905,2.3953757779981117,3.216061391945897,-1.9193804938394676,0.9603428339607639,6.480674797868675,5.767843259285717,0.3279739135064445,5.40064549887322,4.724637517406726,1.0757904614078129,3.3566701887848858,5.612883307596356,6.702978921771927,4.461674144931406,2.3968670587160403,3.196798651141803,0.9686321344721737,2.743541853973766,2.840220402217961,3.4064296512039376,2.7655444087564165,2.257936398372611,1.2908352664910527,3.5228451038983093,2.1397500499115942,1.7703337912896684
9.826314345652989,9.87376616295902,9.727979511524564,9.79113668097555,10.286203003633968,7.463512077160558,5.329232811235501,3.1012140738025042,5.744947847285815,1.2483602385310049,9.41294261966488,-3.0108852062060447,6.355401949363386,9.952430503982189,8.273637712489695,-0.08103259162287083,2.3370803969298963,3.173549028196147,3.794037808620597,3.2817718331209824,4.040586088546321,-0.35686787564030026,5.1514900436041895,0.06802549982323192,1.2392520624610683,2.286937027032731,0.835019573197826,2.9378779191299342,2.68394348521328,2.52992851656327,2.247329848573042,3.3608492767714786,1.9593549496350433,1.4281920165282749
8.878894112848439,9.533707710444517,8.459905655865658,8.969839453545774,6.676054255179446,2.9601780250026732,-0.9376668519906994,-2.839540535363776,-2.5117613000477363,5.071164865526285,7.019533414633082,7.711258993432275,4.802046747833643,6.47289475329259,8.240423982313086,3.5911394117337982,1.1869314874424723,6.4444295956636815,1.2588471882093055,4.62693830985281,4.292125757041628,3.824601779253626,-0.5215413170059331,3.5552707271479176,1.2983397085730177,0.6379774631596882,1.6565677372728609,2.6115502363577208,2.497576117784786,3.1943593114387197,3.0913751432477716,2.75930103214144,2.083445594436903,1.614165735041829
9.094726497596666,8.132904365375213,7.622486015516767,7.223660341428733,1.6837130583958868,2.357650950941642,0.14206706521149778,0.8844404910379143,1.7728312560909623,7.054931869634867,5.252001060213333,6.941028460249423,9.641971773296712,6.145354244595387,4.512237319620771,7.483843750334567,3.259996997420249,5.826909450569126,4.817182113372898,1.8660271212754755,0.817204367537503,2.1917453441301347,5.001839517651968,0.2394634509801263,3.163740740075828,1.0850871831643505,0.6150750765972188,2.305279848583657,3.009701791228108,2.700167471903965,3.02340064828207,2.6795302421247635,2.2322020906932565,1.418230449701273
9.761450242481791,9.089425234514488,7.325839578313035,7.096814488565736,1.4979609066646857,1.072623613669711,7.127070000842866,-1.0229142266395015,5.780169457374782,5.865506312039994,5.455537848725145,9.768587680553798,1.6493125872067793,-1.3648359263710348,4.114415401333129,6.224047242247966,6.043936111817669,3.540452820825197,3.7184404017165535,2.791384290491558,-0.8047654512593474,4.455621604615,4.977014831559642,4.596207211519871,1.6230928223213201,2.34970575637184,3.8672694774515706,3.744858161724608,4.023877259222353,3.413722585141112,2.6704185276021355,2.438886833991481,1.8813905236848585,1.0428941826314622
9.018693935014378,8.353550868919696,7.751192246604936,4.31704047452311,-1.0018586696379497,-0.5190795210061258,-1.0775771915713728,7.08177142763879,0.48158534585953156,4.530335292568433,-1.5490828731280117,6.9304287056217255,9.83880308783449,3.067180284989508,2.316867812014401,5.102063738279075,1.2851196722382918,3.114933704205118,2.1217821109674833,0.7321551364227695,1.1684944758566194,0.3563659279083307,1.720014480763998,2.7650063340028495,1.0957769645278808,1.7550548619068165,2.3661849934969776,2.3452733979693567,2.5125679259011964,3.4314317094060827,2.7928096064769083,2.482369874529729,1.9482847932942546,0.8430687285263386
8.908215282387623,8.46282131649087,7.676376132493708,3.7037491483798375,-1.6014821559487298,-2.870179035546263,1.1360027162112911,-1.241262992236172,-0.5271058830390911,2.7403899153226012,5.306465754920379,9.546876706865811,3.0604170821777075,7.239884881097653,4.437573634688255,2.344237728897985,7.134632449598823,-1.1619239334584286,1.7411604434334125,0.897308019886263,5.4999873895321505,1.6343927105067797,-0.002050187001552542,2.193083486919857,1.3026374886363692,1.800492317420348,3.9889861027342275,3.242221542635475,4.05803055812843,4.293976266021839,3.6763084284372898,2.563094060720082,1.4029578192697123,0.19489991623768005
8.926548675734132,8.556906234684627,6.303458092699634,6.029088705966641,-4.456762743903302,-2.0502651791969884,2.6493480851650375,1.7708538430463645,-1.0212702627300259,4.250816912082075,7.9057469182999,10.401112449808602,1.505451101076769,3.4237747990082883,-0.3611167279429937,-1.968257889021776,0.7752576800971189,-0.3372427924038202,1.4425065189240365,0.1935756041605341,3.1702473539230476,4.502565172201273,1.186679089938741,0.14774838368986976,1.859881937891302,1.767600841413851,2.6936834810261687,3.400195418037571,3.175093893743551,4.53128097208074,4.048829864664798,2.400542009546091,0.9111342042304265,-0.2934708757814401
8.570141569460194,8.580214012809463,8.512978292047352,11.408443123605286,-2.287300092401584,-1.7780929384726565,0.8338147584547454,-0.19772276063017744,5.861406276353905,9.704901825738972,3.3328379240409505,4.520518752060806,-0.4977473623136889,4.19251623873161,3.09176993121534,3.937588386060012,1.8945237048420656,2.182452723242719,4.043326115056089,2.0005343649538028,2.4593473955610903,0.8300448151396475,2.0152160450276306,2.6255724540770498,1.3638699099897134,1.8301562770107591,3.5825866489769744,2.803488648770839,3.0465727201027004,4.971596991021249,4.137731912343642,2.168942073570972,0.705977010050096,-1.2022067666855574
8.567280409390792,8.823853339121536,7.368283711719182,6.024136594266046,-2.282457912851369,-4.011459713683966,3.0949320927233543,3.809759381754737,1.0879745236205485,9.58098543478973,5.532483220386218,3.6754010824690586,4.63064997190561,1.2794470344632658,-0.5707319191970401,0.7969583568634532,0.4128881937860796,0.2625561032983128,-0.43058750472346297,1.9129084585455536,1.94211624247981,3.4716916362106662,1.9020490255307492,2.4836380542317316,1.2047343126043248,2.751796987154703,3.1280505212930714,3.6467709268906257,3.1845739062825347,3.476547577848421,4.171200419830867,2.932023507091552,0.7068743543955224,-3.2053308832086227
8.478965440939195,8.674697958808078,9.767169799577136,7.047316542898404,-2.1835301884656726,-3.0701501020099617,0.1343031942791822,8.877884809366295,6.021608323829393,5.357570648293114,5.725701649276297,8.574588102449408,-0.7485167968408298,5.986044984824827,0.8563403197812627,3.208026248607542,1.7182297632255878,-0.03791059192382166,1.0512227365543907,0.9099734908493957,-0.040434833740136907,1.3456489487000354,2.3187931394695127,2.2713256188636377,1.6653245595554163,1.967586937413572,2.592879040102255,2.845268506816781,3.1848222450912416,3.4999413356461524,3.997607271398306,3.1192933866630823,0.2260274727791629,-2.8771668673420994
8.400551041504785,8.58205511538945,8.003221715388584,6.6936408000040055,-2.582044588200729,-4.122378101972171,-2.0154530373587876,0.7404483545627071,4.403973089771245,4.6771688084417695,4.806513889732946,6.29425762841481,3.9256080941959546,-0.02578334953934474,0.5193719982902242,2.2313158415799945,2.315111169195041,1.723434939238578,3.2449212960682465,1.7657823927725775,1.6385277898071688,0.42100174817182745,2.5795091762924263,2.652044770190712,1.5796620059189281,3.108651940948228,2.830599517750042,3.039884825980092,3.1505342008468977,3.967873972338766,3.9039154217613405,4.259278298435911,-0.7819055290155446,-1.6863617212278084
7.8959876807879805,8.35553885592384,7.701977012171737,6.5689574092529535,-3.9164562288952376,-1.3449723694275755,-2.3719764090073037,-0.8810773927295172,5.937206912331765,1.295361050123574,5.535002201648627,6.346277081270354,-0.22406324514487852,3.976198297017636,0.7573642849948488,1.372639347253495,1.7051007648550331,1.1345511440969989,3.2817488746339127,0.6771435031610377,1.9786187057924522,0.3841306819333162,2.7676447875163754,2.154609957267234,2.7289880693425954,2.638310874694264,2.6477646163876543,3.0717054984932597,3.981905436974753,3.25566332052025,3.114270724834526,4.8576226921069505,4.9170189419769095,-0.6793762987011407
7.384723094059541,7.561104976484978,7.3660044881845606,6.326506258456108,-3.40422879796676,-3.8428994537743257,-1.8943516584719657,1.7559765142378467,6.808890903019641,4.0658455759273,-0.7095803347603977,1.8660475999015176,0.9373277164994368,2.9365925609717847,2.328692138069596,1.6367166955479675,1.7827515188288487,2.443673785443534,1.9640709167347468,2.7266826810086795,2.6458617729429617,2.4072359780827313,2.717828208104321,2.344963038505479,3.858157774863894,3.6620564722209568,3.0593926689862667,4.189695666495967,4.8185290729794445,3.460877260400545,3.058999154026937,4.621289550284826,9.064438642075967,0.8212404033544566
6.83513928315135,6.915404473955277,6.711908878522781,6.083994307075436,5.015561027628355,-3.615513884571442,-0.7766005600222574,0.7599306815516476,5.158266452249491,1.2173919641624793,-0.45035940204851554,-0.8658803525339056,2.1240749022951415,0.9523230527984966,3.2804232286899255,1.8868471699061935,-0.04766153581306091,1.1549146718067038,1.891412508084378,2.8800055107005873,2.496885728049089,3.4596864253724813,2.765423023448717,2.7335517983983504,2.8605987561598605,4.084813638459195,4.748562175659806,4.067501389372788,4.426366102487141,3.6562826040679024,6.2542882279236665,4.854101766148376,8.823467211738249,8.927416013746164
6.292610151993547,6.634386895201739,6.887259336624681,6.690493127323341,6.195703922050511,-3.4475092626137536,-1.091049867125386,4.307344025249373,5.326376451193057,-0.6281971196121223,0.868376102265136,0.09657697214237698,0.999438490409567,1.0536282095576628,2.76724860405143,3.278734365971347,-0.042528456676010934,0.7835864215696628,2.286271471429936,3.0219858502241355,4.346219017373725,4.340728112221754,2.1901137702347797,3.5570583523640216,3.748155410252105,4.06982960508018,4.386839941724664,3.8416862884506107,4.097750778942129,4.835332037753359,5.400584479388538,7.1451856014207,8.838581935022454,8.600899107553447
