script/wind150m.json
{"header": {"parameterCategory": 2, "parameterNumber": 3, "lo1": 3.000054539987559, "la1": 64.9999836372058, "dx": 0.5, "dy": 0.25, "nx": 34, "ny": 52, "refTime": "2026-04-22T21:00:00.000Z"}, "data":
[rows 0 to 23 of 52, columns 0 to 33 of 34]
-2.9116602950671293,-2.657897613276452,-2.6622289819902605,-3.130949950245646,-3.0085368968292614,-2.9051510385659447,-2.85022234635033,-2.743028561570934,-2.986955653829714,-2.626067820604884,-2.2585798349950443,-1.0625557353796897,-0.5076607877075797,-0.537819317762836,-0.3480093875583194,0.0724540055460799,0.2690090747130338,0.3847684352741581,-0.011845342159191963,-1.8351750219883824,-7.360114596247002,-2.6273490590527366,-4.79490739467092,-3.2668396956345034,-5.452456479124043,1.6116233169343415,-2.2840411745271005,-6.434980552125356,-6.716661826777677,-6.844763579907012,-8.863885376529941,-7.9808869904186155,-9.512439647319555,-7.535283034574921
-3.4886418760070392,-3.2669473673039513,-2.6654841123226634,-2.3623619692082514,-2.6204374342046313,-2.966158824406606,-2.8768048257129877,-2.8389678171996247,-2.6282469417694294,-2.3348605165231318,-1.6644942969128476,-1.0710529764511258,-0.4372690904863907,-0.04750338848986135,-0.1799060467315158,0.3668864358750293,0.27159823688019175,0.49667772792768583,-0.3729111849530613,-2.607595307884994,-0.03540401345366482,-3.7035372740742307,-3.483814586926483,-6.691886517141477,-3.8229603858475203,-3.903250989287907,-4.768506369307497,-5.22745843925532,-5.184867817051145,-9.203072895530438,-7.366394599744171,-6.685690575439291,-7.713862840149944,-9.377374744599003
-2.905984590507542,-3.9799468951356367,-3.653616303000423,-4.070808818202572,-3.238362277477179,-2.784350670863834,-2.5760223866268013,-2.429873106969697,-2.4916380586276334,-2.6044799185295124,-1.7215274102322633,-1.177529944268833,-0.9442737071301066,-0.8319525865080629,-0.6244477373513942,1.0679087829938458,-0.07048910219937553,-0.8135584692170539,0.9199279616642644,-1.9371576060796163,-2.1418578516442763,-2.3680014447916884,-3.055395563639496,-7.2360743798471665,-6.020022471157575,-3.5710609474729056,-2.930868606483769,-5.945221188936114,-6.690109121327709,-8.57287117892558,-8.46594159079313,-8.279150003992152,-8.565018158675414,-8.703123466036148
-3.21113359672379,-2.839720946111067,-2.667453891859529,-2.2253945485612396,-2.431483729725774,-4.296142581153924,-3.6504819865412332,-2.6834306018189085,-2.184075479086879,-1.513355814272175,-0.9783887938094262,-0.3277803395816577,-0.10946241902370092,0.6811482295998823,1.121984292301713,-0.8799654812055865,-1.9545027611504615,-1.4563163735280866,-3.1707724796016272,2.1571059550250573,-1.6527841098568317,-5.089207567064301,-7.593764897991315,-4.970992739839543,-5.372547170550933,-4.56322460314044,-5.723872812614001,-4.884126157795784,-4.440296382828694,-7.28274482433914,-8.340150451422092,-8.991769362474145,-9.078751632518127,-8.310366140205343
-2.2049648840839393,-1.7951752155771394,-1.7134838108065802,-3.2497400394543425,-3.289464006590044,-3.056697458431238,-3.2040521903552106,-3.205277018103818,-1.6050572102522818,-1.3463786497557386,-0.8800413107495745,-0.49804715075357103,0.19930209759727596,-0.45498728998814164,0.9525594218198661,-0.5273735315944459,-2.904105548097422,1.2889146342109126,-0.09151526893018945,-4.89003783380587,-5.206769986250225,-8.02021312644908,-5.875162113447822,-6.644081323669138,-6.835525175168901,-6.28348896850064,-6.610799338438265,-5.914188477478231,-6.281980300476945,-6.203877026638641,-7.432489531020598,-8.828890423322289,-9.111093038761156,-9.35449087460424
-2.239904150879542,-1.8085402011348588,-1.4610123677786064,-1.7028404675619169,-1.4945321944148122,-2.150657298413837,-2.796722756344485,-2.9030097017444008,-1.2914296804845025,-1.482984454430354,0.1401837875654571,0.6279214770188907,0.5484333882252105,0.7336395903864623,-0.6013714735704327,-1.5737472768369098,1.0371287658973711,1.9527616754075725,-3.0756462446244015,-5.475652413335153,-5.588571108975229,-6.301959905334763,-5.874265369528431,-5.986777520291881,-5.002546862331188,-3.7353254717959037,-5.114637131383409,-5.75827391491897,-6.550174929004605,-7.077765217681061,-8.400769546221944,-7.311515546005696,-7.677249969739583,-8.652274248616097
-2.5224499687656947,-2.274844927111768,-1.567331435580577,-1.2107364578941748,-1.277819523755777,-1.0539921251745625,-2.283099302745418,-2.5947242233063657,-1.3619961258739899,0.3449043547683594,1.6659417918511799,2.6335657798136936,3.5704160693556366,0.3526205608793253,-1.3961779360900242,0.4129107900272725,-0.9912569908783786,-1.4542849502875732,-4.670591216098368,-4.38036396965883,-4.8334208480269565,-5.8304722115364065,-6.293718862145367,-4.019649067536023,-7.376612867646765,-6.382429287541308,-6.507026946465527,-6.200545455224419,-6.403003225755231,-6.270888046961045,-7.476347708976484,-8.699995561200463,-8.361008491441984,-1.048653005465722
-1.960167497933964,-2.1047336756563606,-1.615106373115424,-1.2020722741636316,-1.100415258282179,-1.1117409863571344,-1.3883653242091176,-0.9419946179492672,0.586009615513167,2.4342567002454194,4.263059506382529,1.6156708681713294,2.378001774550015,0.0026060124052384834,0.09449982687768388,0.5913326811178659,-1.7592543236395521,-3.5925988299903038,-5.973432163576351,-3.6226153480492185,-7.132229618695118,-5.4266164637953,-6.227068323921926,-6.791433794545804,-6.071059332643195,-6.9531458439491995,-7.363603812835345,-7.536875710309957,-6.893163912270415,-6.943429858888177,-7.083524152310406,-8.222508952214291,-0.8237516959969858,-3.2970767452584027
-2.4234997377786316,-2.0643780372828977,-1.8835411073123702,-1.5593560363600876,-1.365477520996063,-0.7775388129768593,-0.054308346427940545,1.3879656097441166,2.3595463202611664,2.8466466600956126,2.5078034405068577,0.9981863979403173,2.2123750325429126,-2.4403406049808254,-2.7693010617211296,-3.2810416002766436,-5.9563195783026455,-5.653241021986423,-5.433459480198474,-11.57746377135511,-11.528747889707759,-13.288232733939426,-9.827941255578757,-8.536710782032413,-7.668031859964654,-7.408074042399083,-8.391642533877981,-6.892300594019311,-6.658203144268994,-7.282331202175598,-7.359992528363909,-1.5950554143924902,-1.9768509622426176,-4.085746855739659
-2.839538698880381,-2.6754576359025948,-2.4235910721845695,-1.802794950952025,-1.4682276678483082,-0.7505583602228684,0.24517274989632365,1.361435263464104,0.7349391162367839,3.8914070990874525,2.4700394887860213,-0.8175496405456267,-2.921705563083845,-0.7729862190447461,-3.3508523936190904,-7.8897500351298735,-8.141305543289894,-13.523205126276165,-13.105680741810902,-16.136630577856995,-8.156577772790492,-7.246329132251044,-4.717339643938837,-9.526104282641008,-9.503260464062809,-9.302581328138379,-7.561499194830845,-9.576303957080858,-7.964637075538014,-9.104145374447038,-9.23702589877151,-0.6071451624879715,-3.339611999465553,-5.265620323860296
-3.9094966653218783,-3.5177867381988595,-3.2042557577390287,-2.5052963134715878,-1.4237378575580768,-0.00731732617875969,1.025604062936566,1.6848959793827627,1.4539028935090799,0.833512738554171,-3.1878810418149985,-3.2182936381602945,1.1243107988442191,-8.46206733282296,-12.840557780950641,-15.080083504629666,-9.756713429036447,-8.992676644537879,-16.62241702450951,-9.630555612629335,-9.390568720303655,-6.313503540812554,-12.033139385474266,-7.272716046812599,-10.667302401301258,-9.182170683124744,-7.228263498845933,-8.332650550468689,-7.4708340257243036,-8.587718067880367,-10.01951231155478,-13.154283419374124,-3.6501165385049803,-6.160339363344509
-4.870580398152795,-4.989413751948121,-4.083872443109306,-3.2042830798442794,-1.5282271403432923,0.002807878837777168,0.30859880117566074,-1.9101669870784366,-1.5020117507900648,-0.5356318478160602,-1.7154475775190754,-12.511733983481559,-16.338752741582823,-18.66602296100236,-14.079005625372506,-7.193321163013727,-12.083836632843013,-17.91772700759218,-11.620119238006417,-10.852875753718477,-10.047608789327551,-11.218664754695267,-6.638909101385023,-8.587256817839885,-10.063735592138183,-10.16043827654758,-9.74128376840546,-9.24874479846777,-7.933238827236286,-10.22762428758905,-12.31237780970472,-14.03513409320023,-4.802346126337755,-7.34182901578241
-5.570306052570657,-5.691984904955755,-4.910919376350566,-3.9807461797596546,-2.3992990072294194,-0.815828626811576,-3.461717330800314,-7.229868121951808,-3.7572687170418444,-3.8796309810156266,-11.782837044382337,-12.322643875593005,-15.624798025671138,-4.068502061325682,-9.256787420777329,-9.410588077547482,-12.069528952178999,-9.536734322553883,-10.859972992307197,-12.401044680862407,-10.686675097146741,-9.679815657164438,-10.175576747541726,-7.72687798598435,-9.207513063070854,-10.489595970526828,-10.465772708691308,-9.516855738721997,-10.027000792834114,-10.56479562925897,-14.430874828287285,-15.366901624075455,-6.050628922774352,-9.24586799935425
-6.160366024561792,-6.302978129470266,-6.172768939455343,-5.83769421986387,-1.1952520381308773,-9.821022721822365,-8.682359077218004,-0.18725059890907722,0.6706084047942652,-8.705678479423337,-7.341412837805568,-3.36796163156979,-12.925301915319945,-5.217247179423151,-11.154256321402734,-6.099341594371252,-12.05007105734048,-4.263982747612936,-14.670454813729952,-10.142172839939926,-7.898187778866224,-9.867623542421624,-9.435986494167208,-9.622887393883977,-9.50276175080465,-12.147197499643378,-9.911783188846183,-7.845076975890336,-8.664351216204004,-12.276995551541761,-15.132507894798303,-17.678093343058954,-12.93440367470204,-9.839336432569953
-6.200191942372107,-6.78961931265148,-7.1522192685241714,-7.458902739537791,-7.093227218136159,-4.409074537524711,0.034037129038235955,-4.212431939284301,-11.115428096899086,-9.711798287308625,-16.36545495654416,-23.450338324836462,-9.37639196368649,-7.151276905554596,-10.78518496921478,-9.244165048535201,-8.844978546850996,-11.277722346196455,-13.248197065590112,-15.039077355763713,-11.924958118624154,-9.122543002829756,-10.66062114910114,-10.00621547235353,-10.93846889601372,-10.199983884910216,-10.2299941588269,-8.716341683192901,-9.464775883558572,-11.786272140580376,-16.182217922948205,-18.38963560667173,-15.588745940714832,-11.620051444584295
-6.845534026706534,-7.184358467445912,-7.827057444971746,-8.65558272151093,-6.949777010255492,-4.67941953988866,-12.039976904035123,-5.362710783201797,-5.513762615565784,-2.4658220363406316,-5.6245852447652815,-11.601972610044005,-7.563263061782749,-19.459532350095603,-5.747491521925395,-9.885992564712533,-12.694031808340034,-6.914536680879422,-9.790421535659943,-7.727247924797159,-10.46160501924344,-9.708485569694274,-5.621375490233245,-9.70207376677821,-10.927780479346199,-10.036714822767102,-10.14327980823962,-9.862991861946481,-10.322281513557112,-14.56359600912461,-15.89767787898516,-18.755384134203343,-18.69999233071773,-16.789481185690907
-7.214755124123908,-8.074123891964854,-8.835756268650574,-10.247684879541888,-10.294632579580528,-3.284002513160808,-10.782881102285696,-8.880539015368905,-4.389756721604273,-4.646241266086695,-9.887938387576224,-18.31490229412801,-7.011526694203088,-5.244600150144843,-4.151575665820368,-4.4940166676096736,-7.421949986526152,-7.135185555244424,-8.025739184485255,-5.726344932935334,-9.055370713215071,-11.431492836183528,-9.525570093305678,-9.122410007820067,-8.22167949912892,-9.45074338297873,-9.92961111838858,-10.629788616771878,-10.108425095669391,-14.547972138106998,-17.65407537921987,-18.75293468947368,-19.587501696698833,-19.72751146864729
-7.708690294032239,-8.848715710020256,-10.068465278869791,-11.442193954378226,-9.36940641091889,-12.324400084581775,-6.914012994545239,-5.3070802297227635,-9.433119089068404,-11.643035309257767,-8.949015519984547,-22.58053209521338,-1.9424230438764436,-6.1581870211015115,-9.11748686632604,-6.723954867761206,-5.872453854639223,-4.595873624136366,-9.476447155965113,-8.209607188026048,-10.000750124696049,-7.383614366205063,-8.653073257514945,-10.85568863825384,-7.896720160426718,-8.992920518403885,-9.101060767789777,-10.041958079582992,-10.627733415460483,-13.915825271222765,-18.436066781854862,-19.394297579321194,-20.611311446318403,-20.681194865017726
-7.9726682027771965,-9.557368362919185,-11.340017992676449,-12.589998561143277,-9.635039326173287,-6.321105470258741,-10.575012674181359,-9.417535243306085,-2.694340633148827,-19.461725553083095,4.7321711149588594,-9.27032257874575,-5.3125472909884275,-6.236847008421932,-6.547012072907013,-7.83829952145391,-6.6520711923347,-10.635046618570415,-10.02823785286486,-8.821468938537441,-9.320133857156547,-9.68977885019536,-8.172997283948884,-8.759759723024015,-6.820110555888454,-8.081008621819377,-10.147689521126548,-8.813367450774686,-9.868006614484115,-9.479831075334843,-13.083628750467051,-20.162679800200447,-20.28686719662494,-21.8399644950655
-8.309353598144849,-10.371987396061096,-12.037327816645742,-13.547518460102468,-10.120564932379592,-8.724717134351026,-4.920735677642039,-10.110202956801304,-9.024928453780525,-9.822941912949835,-6.159320543718825,-9.706324400507778,-5.311546360326312,-13.426635509156684,-3.8833065478379223,-10.930409614335387,-6.324288252920516,-7.897806668957895,-8.998508147345557,-8.700344048243938,-9.82956502592924,-8.222159065501344,-11.430241734900742,-9.213153315880563,-7.124140441773745,-8.776045266355766,-9.4819893947074,-9.309086897010872,-8.80454304788244,-9.517619937076901,-10.83467618427674,-11.428574404067588,-20.64952751334019,-20.662736794808318
-9.063834700186778,-10.548916759877738,-12.405985541501579,-14.303634482221026,-14.298630146440258,-9.422584527038177,-1.3554080622893652,-5.316766222214534,-14.159710283836866,-8.31491280914073,-10.476448068619518,-11.019948151780483,-7.749645519711456,-7.520979558255493,-3.336943872632274,-11.23952880562218,-10.367126774615075,-10.638145821549259,-9.602484079489187,-10.38045726862674,-9.318590725326416,-9.182307470569846,-9.793293706697286,-10.558227681416694,-9.816961330483391,-10.640265924319067,-8.589095815249278,-9.913510363482887,-9.13771536185364,-9.99457254301243,-10.558908945301797,-11.454719246203652,-18.829179435313463,-20.192324210537897
-9.703920950291723,-10.73691565214682,-12.553882191293221,-14.38981412732809,-16.331983397451168,-2.4282380226759814,-4.038259511022668,-13.306559746752757,-15.23830994345505,-1.7994426357714457,-16.59568555155731,-16.46143500142611,-7.992142792590236,-11.318070717563897,-3.3988796290922827,-6.758476722644648,-10.82757857233405,-9.171254760928392,-9.28853791894073,-10.260122940434155,-10.651232052918909,-10.528633789797007,-9.806773074806163,-9.026382742901824,-9.758462606292726,-8.653761955055701,-8.768922257593205,-9.944112989559201,-9.455423969213554,-11.490927459635744,-10.759307157807896,-10.796844568814436,-12.825861156605784,-17.74273954305529
-10.131370141653099,-11.010630891356865,-12.802400415668743,-14.284978499024705,-15.722843431071059,-7.5000000787119765,-8.948973616772532,-5.118730327682945,-12.210740766312377,-14.100950997264334,-7.031669874625602,-12.756463336671784,-13.825036505652621,-9.860880013114164,-9.356988038823376,-7.7941652218820385,-12.578931280946273,-11.572870417137821,-9.916392965350449,-10.117524929845478,-10.237084793129414,-11.129611159231075,-9.201696288145524,-10.149637561053153,-8.362949268498136,-7.911103362731685,-8.40763214908374,-9.494307288119723,-9.313825491784156,-9.711716784869093,-10.66445069098344,-11.63402848296808,-13.868430428689566,-19.596653567706245
-10.478491864418864,-11.455288940727055,-12.83961812797108,-14.285584193849697,-14.9528893823468,-8.567816952981994,-8.156823532846945,-6.6618376854161285,-14.535788590547574,-3.8426655744885405,-5.558006880452858,-4.903766113915773,-6.628400636301613,-8.832999204892339,-10.368041030159981,-10.136467921090688,-11.894098032675208,-13.243069783772668,-11.58081640229164,-11.243420872452562,-11.760242132648898,-10.189366576625002,-9.957261214369469,-9.17592622958662,-9.06082356940883,-8.59819844633152,-10.209525208224642,-10.005604136999196,-8.893104915232612,-9.978220308685605,-10.269470162923497,-11.312036515304836,-13.950451523170917,-20.589646445929016
