script/wind50m.json
{"header": {"parameterCategory": 2, "parameterNumber": 3, "lo1": 3.000054539987559, "la1": 64.9999836372058, "dx": 0.5, "dy": 0.25, "nx": 34, "ny": 52, "refTime": "2026-01-12T12:00:00.000Z"}, "data":
[rows 25 to 49 of 52, columns 0 to 33 of 34]
15.579942482393113,17.508943143490452,20.597048402219375,20.984296538625077,19.90702021867912,13.772900625755899,10.735356793987883,6.436914001733667,5.8061384957556195,0.8404994721560576,0.7606226298463244,-1.5627645818438773,-0.6308653938709566,6.9383764544170345,6.055717643166305,5.39659980094627,2.7266434023346866,1.7756835174851038,1.5746954784137226,1.0032905265563123,1.7561278808267395,1.170811080569107,0.8113302854544403,1.3747991169238625,0.4485688471959271,-0.5471474607008839,-0.3935762130538663,-1.1032790520620817,-2.3491762417206234,-4.09662513660421,-6.22488851350919,5.019843954269684,4.356345524785873,2.4991325000626925
14.54676505527513,14.50992079630402,15.71223864311928,16.583168632265238,16.61747668959747,13.390359714335549,5.766708657337094,4.732026823547204,2.0171726834631456,1.1490904791178969,1.7786789678525394,2.7011207199361706,6.44076024617315,7.959055227355814,8.0094343084023,6.264193510361683,4.166431852814888,0.8943556321300271,0.0669021162126878,-0.8519996110314125,0.8480161565710351,0.811576321975085,0.6155850592186758,1.6274884849497049,-0.5982993962911869,-0.01516226218010202,-0.6505165417387282,-1.5192139921551626,-4.3457028157637225,-4.54486687571426,-1.9668430763820002,4.032833528198048,2.8287818882254268,1.4872479173028244
13.497615014425698,13.468274348459218,15.63858491857376,14.359362675241737,13.812224616705212,12.691402382972457,10.468137359132866,3.1818614072171623,4.157942632437919,2.9299916601334477,3.4681851121245586,6.797651684361543,7.460256286886204,8.432432088030929,8.58744129237064,7.764319697961535,5.168941315974842,1.3938726623597117,0.6240214555747892,0.2286064113246874,1.0996871849633842,0.7626563694883972,-0.6797526144176391,0.7927439097441216,-0.2985758084482142,0.23583293828779342,-0.7603824566161017,-1.9794989355851091,-6.496481075195942,-0.4631385001827786,3.5799889160160565,3.6740685203858874,2.6782281379929627,0.8320445862770437
12.539589744652542,12.771961898072513,13.522254098065517,15.494770205803697,14.477242774912625,12.315514152804557,10.67341421441496,9.322255239896592,6.665922628784877,5.664330006695285,8.050513899896535,8.492065035524044,8.805921018658708,8.960578362069262,8.739383455584344,7.975040274011016,6.641211565168428,2.0685619746446253,1.496712054824601,1.272010694063332,2.144501344561305,2.116893168790972,1.2075673863177352,1.2406439827969329,0.11962382316787237,-0.010830365701397716,-0.8367023967530328,-2.3042637002939017,-8.50434386960706,-0.7489031830413438,4.651963934939762,2.9662978242566993,1.5812249894604382,-0.1936167355357867
11.789486207793054,11.968427224376967,12.540553623070295,14.931244723700777,15.663667431978395,14.837722950211228,13.045929093233879,11.503373471918366,10.64022317091285,10.708641149577627,11.428885796527785,10.35311395185486,9.729850449788849,8.894500457604796,8.000973997204634,8.128951938171083,7.969462881742157,4.95406548906838,1.9846387860969419,2.325323738750071,2.943871054028385,2.7114851458588287,1.033784681706027,1.0725808639753334,-0.14609406409272702,0.2958723879524488,-0.9135286361155125,-2.502777166114117,-7.288231151497398,0.3742555456485064,1.1188936120227366,0.4222031293515077,-0.5736111433783712,-1.3199100966520827
11.518980558847403,11.455367184170976,12.49322263958485,12.761910081641428,16.178905516625836,15.837483085706813,15.589700326486643,14.492607261835085,13.147265643035261,12.257754478395299,12.001489951669507,10.882605910802374,9.231955769517644,8.610634765391323,7.339500773852177,9.850964245475504,9.090854818489069,6.949173501756581,1.5950972044211316,1.54429888261397,1.430749303817442,1.0665945293940133,1.316975963704914,1.1821963005349,-0.10800454062053148,-0.4690854158186118,-1.0841149439148288,-2.5206837261520865,-5.434239724478707,0.19143625003145023,0.5624643510675622,-0.9392063982703993,-0.17872364360213713,-0.8730679305512741
11.313893055589658,11.405207279961004,11.46652998714499,12.309094529486044,15.45192376873701,16.562896796688655,16.078638693540423,15.602353293558823,15.065646870359622,12.91893249137834,12.129794027161156,9.958797210870527,8.568982547505561,6.58396865937342,7.628233810810951,10.132552772718158,7.0267386387425255,8.045675427775246,4.743004713446668,2.2742527580005922,0.9718726359156377,1.1192772630147867,0.6474256581382802,0.6197640404366087,0.06915750126373171,-0.5442524882207475,-1.5275756508239298,-2.428435993038431,-2.1039952292543718,0.5050590959311141,-0.5433175706116162,-1.4667789201009342,-0.051896086201449566,0.7402947540025349
10.923743563154485,10.679463792211559,11.48504049790049,11.437908841464967,13.743797172139772,15.913570018010903,16.22714195023824,16.00654678721843,15.154431158493816,13.105615829576376,10.898779168663129,7.353669308054034,8.331606556403182,6.409749634354516,6.644692357690184,11.030344372921356,10.496761302569135,8.936969005309578,6.866469148143085,1.4898357238919762,0.876444863505905,1.404719423828475,1.1962548058211282,0.5806298646642768,0.5835756928734941,-0.3998821531004627,-1.1587583722762487,-1.7869576131395197,-4.8691722019264425,-0.30647573048327786,-2.3450225234744804,-0.1758048970220956,0.6378689383183156,1.6381087519206854
10.651904456399663,10.70065819994588,11.581390501489798,12.173871304929637,12.540644086362652,15.095973762396886,15.876640561148282,16.158878521231422,16.005388101787876,14.157803703864115,10.755052162205757,7.373697557564386,8.693925310513983,7.352071021283487,5.634436288493184,10.609708275048948,10.679803330676387,7.904871422789608,7.523282565028144,4.577188216567723,1.904824519952851,1.4791575936538126,1.0215488389536602,0.28967947328915333,0.6404525179437093,-0.03166529001453501,-1.24595402622582,-2.665157732434255,-4.711712963066986,-2.00817994443123,-3.1814599249923847,0.13269790410894614,0.7965706482621284,-0.04751030648239088
11.068404241647306,10.443883852061575,11.087154811227458,11.918599353447874,11.882100662987058,13.882520688462709,15.120683132301057,15.664221723405202,15.625389440154017,14.260855951946843,10.711010565791105,7.380583764847738,6.315610961827653,8.633323156711539,7.507502832753625,8.289953162833287,11.034937176638048,9.014723271187616,7.854069309788423,5.269964582748313,2.496667004246474,1.5848268448495622,1.5465590090633083,0.9098408865736587,0.732365843445485,0.029271493341198024,0.1731067098420521,-1.9368723079451797,-5.076288662301423,-1.8270911896859148,-3.256774890100408,-0.47322755331809185,1.4008872334494629,1.1999159796032557
11.365892927094883,10.12708061219659,10.031859762257671,11.828688951362556,11.551473770989327,12.912532006234079,14.434754750148782,14.829037407780026,15.270391984981249,14.586142032893584,10.504489077077977,7.382501589709503,6.9803303323686245,7.285480380344596,8.796676620088148,8.483179113940498,10.90857881455687,10.32526767086553,7.1155035117759375,3.334160547193188,2.7148641037568235,1.7374737650188636,0.7826191974018707,0.6398698422340469,0.3912273593181528,0.5239504282571731,-0.7898860960398385,-2.3330111995545844,-3.371832838811572,-1.9222386108860299,-2.424718345615137,-0.5061888051949024,0.6914608831845551,0.6537534879906058
11.08435047143521,10.582773793369974,10.258716585135561,11.294725324792482,11.654745266486294,12.466540401148805,13.532413033589146,13.796987267307484,14.500841532823493,14.643619213722559,9.86947014240561,7.000112522034031,6.1244412438330365,6.376167154851877,7.994368856602902,9.717515651597125,10.084114742688715,9.070570288139177,4.567206325640729,4.838279469758532,3.4302849747041857,2.2596552242310386,0.3452183045313048,-1.6243209827549265,1.713622984254704,0.32231416098281995,-1.5993835042474442,-1.2445357114170237,-3.9601798813824027,-3.1799447949302224,-3.04803922073155,-2.380445245999412,3.4193745339884343,1.312685545213901
11.013948809184232,10.504241475082866,10.153989236092512,10.75446943153812,11.297095892010226,11.602162562578735,12.479476860969264,13.195429186688113,13.496601453232598,14.234956565045868,11.491561926583383,7.191277508946434,6.1906645177525,5.702393434941511,7.134782703565634,11.737027701385609,7.3450190743914385,5.773526308093412,6.6738743196990695,4.163239857083004,2.5817151888158127,2.7940367772682553,0.5721442636457027,0.49469343310918207,2.0145917462333722,2.0396865807565345,0.7301396036865823,-0.8865515948580692,-3.268849123575536,-2.8203259545456487,-2.1796615109526276,-4.109443782334411,4.450209512781898,2.672974930075105
10.956445634584655,10.320734776060542,9.949943747507824,10.727851103871743,11.328019912619629,11.616493870061335,12.29235816044962,12.449664490266906,12.906100834034053,13.427365890976267,12.375811732279065,6.9357388630975585,6.066427633096523,6.750314914948098,6.553290643342169,7.377368606412835,8.440113090016473,5.177197769913528,5.85292846052466,9.373110945558707,3.7098758032937105,1.896361112588908,1.2510040413587722,2.8362570438861905,1.9956578874810997,2.0050319089636,1.5702766906008385,0.5095276834144357,-2.055115230439629,-1.3945463083360534,-2.5271564452296786,-3.5715203002512657,3.703657725042179,2.273659288699301
10.918490432748852,10.769153725765976,10.825231985116092,10.379934404582785,11.386994331526079,11.983940642946532,11.824493317532404,12.167423652637195,12.444797198569752,12.568114030322953,12.090786774685538,8.591633270296473,6.178741834690929,7.326187951976195,7.720537714399769,6.754286286767232,8.572790866484185,5.11599965106358,6.421041076114268,9.777382277535247,8.40875207388375,6.5665856612548765,4.759198468894535,3.630223344745173,2.4754447074322177,1.6002904077476208,1.4826123584359934,0.6231598449714918,-1.1729113084185,-3.2117602924952986,-3.092619102305201,-0.2321246351170103,3.934827933873151,2.111693274392775
11.018765458934464,11.121379509565696,10.941431546794174,10.756142644293996,11.43446628186556,12.123134056818719,12.551081745231816,11.43825512896622,11.699376044323737,12.128116361727503,13.139804033786998,9.154364772105117,6.463659718798098,7.359232412129735,10.711842701122459,6.822900864661565,7.727006070215195,6.403404830482415,6.92714195205636,8.30605811137539,8.913888214170802,7.58811305638436,5.843157361406993,3.9636669615625926,1.3998213207059826,1.6640318944585215,0.9464145146936205,1.1047735569765642,-0.24209023658350456,-3.3713451064887177,-3.5065573438734066,-2.126203388349946,4.764958597413675,2.1401852132651125
11.498678034147172,11.551032687815068,11.420636756590648,11.506241174587343,11.588096377665282,12.864225478143808,12.372905487864239,11.772108917484916,10.688929001021618,11.330834850833845,12.344417483510513,8.979997639667932,5.739868338048601,6.792524778600146,10.454203848409211,9.444870893585655,8.391414064298779,6.54082791431437,9.60436822846989,9.845664927938138,8.630797091692784,7.929875498773137,6.8913062201033375,4.855934802619628,3.203999532078725,1.632450238954709,1.040563076344969,0.39053259754332686,0.731627729701069,-0.6016170240324107,0.4585580606148189,-0.3458314989671778,5.2798183062871535,2.274858390616262
11.564769085216698,11.427378442058004,11.481393443582371,11.394198328973463,11.959875363660252,12.959560306355412,12.481784578314736,11.61351644451794,10.768958160479215,10.485598126976804,11.642783994865614,10.110983471138233,6.36104321773809,5.645785731271654,7.592597081893943,9.181058855520261,7.5184437727975775,8.788771665521523,10.162814730575368,8.111808191723496,8.015235531235051,5.444445939360657,7.445283489353676,5.616866240887197,4.247424231117836,2.709518036371059,2.5420493616506867,3.983818643682232,1.9096730174303096,1.0374606626329943,0.5223935117563593,-0.9233228213271272,5.1004332921701705,4.4136843743292635
12.239396264044226,11.524994791245723,11.346224675920144,11.896533718170316,12.671363017932144,12.873659314520145,12.576120822643917,11.971160053940302,11.066027723126895,10.072796094611423,10.616956634286634,10.800701684560208,6.708919168835173,5.454552060153242,7.038380802844115,7.002414162362715,6.888121244057115,9.760238828783129,8.230088235436229,5.552284196757519,4.882360478546802,6.0610174175548535,7.432079115595319,5.716156901898088,4.286821620342129,3.937933268695827,2.867295142137545,1.8441511947484222,0.4161170753424683,-0.12055555967312608,-0.008239632416630905,-0.923388564999755,3.499607608085036,3.040571256923414
12.307224256319197,11.785512045163275,11.996188135599299,12.253264781321748,12.9458220266618,12.775205791891862,12.225600697167476,11.79165833942029,11.553963740777798,9.851325363027133,9.882648724239381,9.33815418452692,7.882036607137043,5.2717551891048755,6.081651458692823,7.0012588596712275,7.053555960974124,6.770733215018077,4.17376797844674,4.775776156022197,4.351285018801864,5.350471278613285,5.396976551750818,4.392729777693167,2.676792057191587,2.944546284197103,1.6724634245718772,0.8675924415339052,0.2277806889969586,-0.30654211012260674,-1.640428818049976,-0.4632756601672015,2.508646656352301,2.668523788045226
13.358166274833339,12.61921543990086,12.54973748043358,12.886003848826887,13.452861240179013,13.086104091742445,12.256178095912208,11.495412918486972,10.658332706859047,9.229152110611512,8.374329185496864,7.600873301321353,6.690855597903689,5.410650654288895,5.256029808147681,7.444935619871191,6.6286235375935645,4.516710014166792,5.2894171546733775,4.288559065937453,6.3107299183748164,4.485941648287442,4.697511997459068,4.173285893995719,2.7632569975952674,2.2778209750392118,1.8392076661588068,0.3473336482130938,-0.1032781530860163,-1.2005222041544992,-1.0032870734749297,-0.2070642853383217,0.45359930813790883,1.5093764532729348
12.917444564913167,13.083006481731935,12.181082406666459,13.085681599392977,12.311753473769546,13.337113936728928,12.045601267129715,10.231143765224822,9.9608762477303,7.554205596874329,6.405567700023898,7.526651901875311,6.365970472391657,5.225606333031542,4.9042894712599905,4.937620721866173,4.787480812414748,4.829657602050194,4.806166527673824,4.491913414686824,5.068157040732678,6.974118088203751,4.198305910817116,3.571723168310338,3.6528712255715092,2.5548348141971773,1.3790024857650665,0.7355049123630176,0.5018832169501797,-0.5309558872201092,-0.7191268660316334,-0.27998566057923197,1.1251361139209446,-0.007309982340324117
13.246944896653861,12.27706535301019,12.105585690987722,12.379264927722689,9.884859615413546,11.020980998517954,9.031554540117051,7.834070475684516,8.313013214990491,7.588228047146861,6.081209665782355,6.66004366731946,7.156276212905439,6.004235401615465,5.317108396690858,4.955979663477448,4.026890870161544,3.9599037883829333,4.577570167303109,4.273926443395772,3.9367881980590695,3.912823581445693,4.831686445207518,2.8858656238515747,3.2460680124849364,1.7280478498144005,1.5263338683428591,1.3565592235671244,1.0126063850023606,0.8243704718778803,-0.3021828330603014,-0.7636087788600265,-0.39983268271748357,-0.38536441722491926
13.603741002900435,12.562389207764928,11.956363928457144,12.40912385983351,9.974643935139255,9.991410753732039,8.434761114206893,7.36881774590107,8.051256240565483,7.511083985428638,7.116247593407702,6.484039047273549,5.778079052152141,6.3316717172097015,4.379604856393202,3.6487258738469572,2.9813791545636525,3.485370366884255,3.7652388025283425,4.040260388465232,3.448812451227172,4.0948596533375365,4.767478868448,3.070606602555169,2.825422442962235,2.6919066287373137,1.5987082651894313,1.2278819095698963,0.9958856683622739,1.2272485863376001,-0.15204287569841918,-1.5059582248575853,-1.004626859099598,-1.539521699488213
14.001257522322797,13.1163009374999,12.621149845896122,12.244366079866428,7.723485813163063,10.709779187227856,7.656171805208428,7.94581232216161,8.111791394706845,7.1849470530967485,7.156558907964002,6.762537645915845,6.35153934533693,3.802403182491597,4.649119258005062,3.961461572908466,4.213710656314427,3.76869157678303,4.3747891829467225,3.6219890444537057,4.4511639133934455,4.550182565025199,5.1190834537934595,3.2957291939260944,3.0636981690857468,0.8122782834352404,1.3824209971808497,1.413056838950513,1.788853383743538,0.6713856717757462,0.31034645869542515,-0.44572684747457714,0.17562696125313326,-2.632670247117346
