script/wind250m.json
{"header": {"parameterCategory": 2, "parameterNumber": 3, "lo1": 3.000054539987559, "la1": 64.9999836372058, "dx": 0.5, "dy": 0.25, "nx": 34, "ny": 52, "refTime": "2026-05-11T05:00:00.000Z"}, "data":
[rows 0 to 23 of 52, columns 0 to 33 of 34]
-5.061821520585949,-4.8788528316112645,-4.062396968324092,-1.8633394777274987,-0.7935312492273235,2.018983555805384,2.5057488723233456,1.8818927643578305,1.8782221404400026,0.8357190006597129,4.071343476209429,5.051774698932827,4.600051993665668,3.781609910448896,3.3122956002763995,2.9752488204876126,3.89241592699183,5.754695837293053,5.676043057550828,4.924907347778279,-0.7864155583058978,-2.193351272327843,-3.6769879373840926,-4.296448656874662,-5.477913106808881,-0.769412556292705,-6.010235053014022,-7.739893103324372,-5.6210045523401675,-4.919214082486321,-4.494736130304069,0.7647515472450006,0.30487452734357123,2.2691753751448185
-6.568421736868915,-4.230128985546388,-3.217694141133904,-0.9767767329271756,0.3731113941889097,2.0947572014722087,1.9852424906960588,1.3812515936061478,0.3023316880378448,0.4104150332074558,3.976335519430565,4.421894832565735,3.9537602741903517,3.615728059339919,2.9635067787752254,2.322956907848921,2.4057949184722487,4.575523927765303,2.9107062193735724,0.11225929881551701,0.9822612434816405,-2.2257461051033514,-3.1184266666792277,-6.3386054753489685,-5.422995948451844,-7.500802606228976,-8.117799954786589,-4.84992814902816,-6.338844198301365,-6.533057969833128,-5.636132677195615,-0.18596614282906385,-0.829971956389079,5.643449603005511
-10.519602978032966,-3.8900888278367294,-2.8199807462447106,-0.5755707985123614,0.6748131806260668,1.6415039519137062,1.0978349417588034,0.7952556111795445,1.4152680435885465,2.2332517124457465,2.805082144424667,3.338409929914543,3.0452063465855073,3.1305140017154836,2.513847760044765,2.534001242828225,3.625548275384077,3.798495818681311,2.970365145032303,0.247312661702812,-0.8783509352633571,-3.0518263267075034,-1.930843189972404,-7.243994140495187,-6.311173717925364,-4.427444206066423,-5.414753329023285,-8.363682144472117,-7.60688205001218,-5.9288402184139155,-5.488679438341654,-1.148597652593381,-1.094250933539042,7.5712698946043515
-6.099575708647842,-4.943451147055357,-2.406276117463867,-0.07286511965911432,0.26649566753278736,0.3547531340103181,0.9794674477523727,0.4380662755620944,0.7036465867953737,0.3947800812240178,2.244702690452169,3.6841944827303137,2.341599415216052,2.5619283111570605,3.6712215349154453,4.054717777740004,2.549931003515863,1.4676783674549756,0.20004316919869292,1.6940265869672473,-1.9489958262926919,-3.65941086355474,-6.5819050217976,-4.120136717651617,-4.084874168408977,-5.4530436847098045,-8.335701553577659,-6.824885385086263,-8.187889299669743,-6.588011598127692,-2.22656015130899,-1.1493298420175961,0.6725724461915736,5.317771519939847
-6.338377364483417,-5.424328176881617,-2.9263532847552782,-1.733741036051314,-1.5654332495381356,-0.04428672879455703,0.0653543241079022,0.520055939062428,0.9869296199681615,0.5797081758756227,1.5626974195639636,2.483475178978633,2.1922630584578355,3.472732320794627,4.829827724200848,2.271351252625156,-0.48735160284165696,1.8087133157469426,0.42080171457104026,-1.9133975243516919,-3.9643832975712794,-6.241688729982739,-4.577482495610291,-5.571562208530876,-6.801304449057151,-8.12988300452544,-8.357836263391171,-7.210813997948119,-9.283739604643602,-5.4193709233349034,-3.7987044103534156,-2.362117647874905,1.5468795895145062,4.084340713913551
-6.420118106136269,-5.737309086411288,-2.0137487589083887,-2.775209892437786,-3.3516821252777125,-1.8408726633035928,0.29278390706691126,0.24751148335353107,0.4589380721738289,1.5728721268867007,1.972560125044823,2.843805370801234,4.24599221011252,3.9548705726124895,3.1068875668792617,0.8145160199831685,1.8671860877075526,1.3468089826830354,-0.9856666897080982,-2.750643068062088,-2.8777778453929383,-4.8610971333010395,-5.480993728480751,-7.13120677001776,-4.847482378214148,-5.328177853256055,-6.419042455781898,-6.534210081107838,-6.684022099992072,-6.405683830942674,-5.990019539755027,-3.7787631252581537,0.5783083883419832,2.5914700432787328
-7.470767498695756,-6.325496656573154,-4.551941381150197,-3.8742898481255943,-3.2996876408696147,-0.9545873974252022,-0.2888826540906022,2.7607607500770586,0.8195196357860981,0.37407741916592946,3.9301771278788373,3.825012657770531,3.1476175540222973,1.6556710458973372,1.096776537113229,1.3127514776122402,1.1044952032367086,0.17623626025946912,-2.3451231117599964,-2.7458135876291934,-2.4014702852772962,-3.760540504668001,-4.928198629689409,-4.781053186692641,-8.296953021567786,-4.820115479649187,-7.687421804822893,-5.906658023394932,-6.672126170379914,-5.7759206745453975,-6.055477329930685,-3.633927884543159,-1.0016391987707514,0.3633071547594775
-7.066178154631128,-6.614100153264344,-5.872768948887718,-5.0927077350486485,-1.4617627231764627,-1.4257620196768763,-1.2065578825707337,1.4142642734653676,1.591168230029504,3.604541955451194,4.167336019222321,3.7771064691830754,3.589079599677078,-0.4721249781183803,0.561210046771615,1.1232237905881395,0.14757822147386201,-1.9996007091464811,-3.390778595575973,-1.8071444997676285,-3.8006214621143473,-2.6084828760866063,-3.7269101032837337,-4.871559977790793,-5.837519459015128,-5.2078276325693516,-7.57406945884846,-9.17684681475898,-6.425530189390664,-5.125716842095059,-6.410464669033877,-3.694089802217757,-2.4470561707101766,0.5216353882547029
-7.66847315403374,-6.775854115719376,-5.251304905012061,-4.806744346556132,-4.965056549532073,-1.8361387864105216,0.5262841242420069,-0.3539276633910576,2.1484013939568025,1.8745910867418165,2.3790891936181784,1.9922803790012062,1.81589665501906,-0.8046599275800199,-0.8907743826053294,-1.4797265735707505,-2.4495175841763626,-3.3793904643304162,-3.8461497936625184,-6.017297839957416,-5.274803952862721,-6.904925580806207,-6.2764076122757615,-6.693158418619119,-6.73738092303846,-7.12452959029567,-7.131745120765972,-5.205353847755127,-5.838746556363033,-4.621720968259428,-6.0347623133239745,-3.2049942537926746,-2.9718229712961692,1.1356230602433175
-7.862846931625981,-6.87566332548883,-6.057937237328876,-5.004442956132238,-2.717264407955912,-3.722765632897661,-0.2510760074432887,2.650310393964529,1.6331167891926404,1.459802391417226,1.7018919895093618,0.31975601975005474,-1.1188301477850486,-1.189545667636557,-4.1260606372325075,-3.2995872606031833,-3.8260027657354043,-6.27204101037028,-6.06065706694794,-6.332171534760835,-3.5352148435750617,-4.574825965750519,-3.394921207134736,-8.308958642536435,-6.908325937529601,-8.95721198658816,-6.45433896382685,-8.213672506336758,-6.004560059140539,-6.037141907782349,-5.745176737305065,-2.7341597974229686,-0.7412898497023571,2.9132869547815243
-7.333006219880264,-6.458214122154396,-6.059196709735732,-5.589127604236081,-0.790239705686544,-3.972965160383192,-0.5119321148845675,1.2917759894972998,-0.46837897913893695,0.843959275767723,-1.636990074154196,-1.9521270609094046,-1.1643363548166925,-3.063628598645394,-4.19156478014078,-5.284728455387406,-3.702633630049085,-4.546938793312673,0.9173531989273467,-4.218994449297411,-6.088082197832079,-3.649709409862793,-5.533778313287448,-8.009215442809698,-9.618298985819102,-7.879301021082863,-4.825159810680105,-7.844984474235426,-5.243545463029552,-3.292359937826068,-2.8984579757179327,-2.9351711893237025,0.6934609254518294,4.036475678296845
-6.717051582192127,-6.895790006709073,-6.582255556879061,-6.382775844211559,-2.441480270751698,-1.478000335715969,-0.5603294599521725,-1.2233527050161221,-1.445262218464133,-3.0195110091486943,-1.80778859468653,-2.5139964351785267,-3.6882255395067767,-3.4608614125811963,-4.61968229734192,-4.837650419198041,-5.757788600454553,-5.351558320237913,-4.359942763819165,-4.413239572023336,-4.7652433927586335,-5.46252439678775,-4.022592649851269,-8.563350418696375,-8.88038929870196,-8.157022322941962,-7.19118124958906,-6.635081000071465,-4.302965773310084,-3.6732406376751054,-3.705034899511998,-1.1027764821825712,-0.38505014571218543,4.008257751204783
-8.374066038664129,-8.479881982530248,-7.883964366092466,-4.803274993575039,-4.639573647556815,-1.8857112981683057,-4.550270768673331,-3.1212433311725896,-3.4917791106620037,-3.081508720165466,-2.672417012854586,-3.3753649056931403,-4.2099200187168435,-2.7253497016320503,-3.882863622372288,-4.415595979176091,-5.796886477526516,-5.420789384334143,-2.4840582927781103,-6.455183427844606,-4.116555674495336,-3.6265355300766715,-6.833604659531896,-6.313442458260444,-8.97651634046413,-6.755649920225803,-4.067210987928335,-5.2409361168965996,-4.16202881851394,-3.002650383138759,-3.1063147374990123,-1.7778102391275372,2.580466698533591,4.584415485650373
-9.05812281520366,-9.414938875278647,-9.222539822905617,-6.381474726709199,-2.884256081622226,-7.480670298693306,-6.628530182228307,-5.486708640476908,0.28652515661090106,-4.341271607454817,-2.3545046622888504,-1.3090162718724174,-4.0404469157340674,-1.436827574016968,-6.768505053898534,-3.6644202237024976,-6.507267725614823,-5.086247264020349,-2.3304277927406,-1.8592812508685481,-1.6251018564788704,-4.976629659912341,-6.003339035176306,-6.66919093747313,-6.987720372384697,-7.49980214382836,-4.891801076207719,-3.5064783789687906,-3.452886611878174,-3.777422436316979,-2.7126610408280376,-2.4059021733099666,1.2002493933929652,2.859853234092597
-9.86823906359838,-10.24606176109185,-10.250613865510138,-9.760066427792527,-7.573808100279053,-3.9296078742596285,-2.403709495975607,-3.463335544381726,-1.378162333091271,-2.243728769356768,-1.0207755205745495,-0.7667795802088911,-3.0444988205441645,-3.2463580578287137,-4.629370284048616,-6.734620552736974,-5.946308643300199,-0.9102055579217759,-1.555962398741943,-1.5920098223780204,-2.4537232238645865,-3.3190204224876902,-7.189294425260903,-5.855694779128537,-6.9939244218150804,-4.8991223692204,-4.527287770696825,-4.560697195785588,-4.148110230977107,-4.22839487758177,-3.600487141960812,-0.9861649762840905,5.609281935559891,5.308451871560133
-10.354273203002045,-10.556085983543914,-9.547704640920085,-10.52467914947761,-7.653848906655718,-4.772350561543652,-10.341799354192212,-1.8048798806475037,-2.565745168929988,-1.494856806766998,1.2258892386899283,-0.8488173590187433,-4.035093423190467,-5.62085902560282,-2.8928509061424914,-4.326287313430522,-5.917242498852963,-1.2994487443448988,0.10466064549313149,-0.8538709005548493,-2.055446277992115,-2.3689212561282944,-3.326994441575469,-5.526366045488047,-5.573913759316305,-5.076015648347899,-5.267066533040459,-4.173886938069175,-4.649503116800412,-6.117627250619285,-3.8021231202137993,3.5499038714004834,6.549075335634479,4.977894300817453
-11.423846366648132,-10.566707443365146,-10.204292701486965,-11.590914486577574,-9.406017157219116,-7.1358335975512,-8.313987061081145,-3.30230571219294,-4.863911028449646,-1.7281745558385082,0.4942596692051971,-1.5904155026031586,-1.9508493993813283,-3.8482501589442015,-4.679160701500852,-2.474673362986363,-3.5349782621544112,-4.149673655769024,-0.7944906353604467,-1.0032876036735652,-1.7567063864181713,-2.5101983828989547,-4.092190924336671,-2.6663933704693146,-4.916181712143011,-4.485065785484068,-4.578074298563668,-3.729836055756684,-5.331272551561688,-4.805126935232918,-4.058057657379791,3.222739380527155,4.812290057031176,5.258483303964606
-12.321570351133216,-11.49481573615965,-12.993062801071794,-13.454420890064982,-9.625792620141658,-11.82040265941063,-5.9377949887815005,-3.1434649935614165,-2.667883894044706,0.25214232102107664,-0.2047220904848406,-3.0962144091217523,-4.218232307116032,-3.7147482253498905,-3.8444962524413238,-3.6705355418250654,-2.8365567193961603,-3.512097478908088,0.366853288929488,-0.6695636312717919,-1.9773474933161528,-2.451688653798598,-3.1782643584836947,-4.122620414298967,-3.455885698928723,-4.093665893212094,-2.8188942256399465,-4.419395879036073,-3.4262133489446147,-5.7835925746668915,-1.095431144707511,1.2898354575700994,2.6969992947464005,5.036329320580568
-14.362053204402555,-12.115708797525572,-11.567676395309812,-11.978991937049468,-11.183760927036387,-5.412776271643572,-6.103646468299158,-5.147843789032358,-1.1221893236321956,-0.9016845180487051,-2.136476226560972,-3.370563335558736,-1.8966693940901964,-3.222883348061827,-4.019720331069565,-5.027689937132316,-3.1334367124176254,-0.9025941327165573,-1.2486014110004304,-1.4525346283397262,-2.896729684755993,-3.028254323428215,-4.101958666809372,-3.995838356860216,-3.8588644420215044,-3.3174944731190394,-3.5445054580766473,-3.9708032853658013,-2.182661122940493,-1.4077478618463228,1.93332948899227,4.004663497677774,3.098060672801413,3.815149012217381
-12.733498399257714,-11.135630025918399,-11.584417803215725,-13.251334532303638,-11.89035714634713,-8.103004508137031,-2.277859789878617,-2.5272252744307546,-2.536772002784165,-1.2865238602816405,-2.09476598343992,-2.1039681671278876,-2.2796117435930108,-2.5672375641000205,-8.58157227984314,-3.596604309421073,-5.123549196096653,-1.1749244076790621,-2.185017516257719,0.19448263637268928,-1.5690649662544907,-3.442341208473582,-3.2744462951680817,-3.555164154578502,-3.067667461800787,-3.8201367747329757,-3.7971331821513212,-2.4491723836443913,-0.15795373969761065,2.258728516363272,2.799892603092792,2.8945037155912927,1.1178221945560167,1.3171557832073078
-13.842326783277208,-11.516125170473654,-12.460500909012703,-13.641707467340437,-12.276527176473936,-6.664863640095266,-3.553404046079827,-4.933096126759709,-3.719045375787713,-3.2844711309067725,-1.9479065636674855,-0.6998100245972165,-2.6262672176927366,-5.0199595026085415,-6.429049970943709,-4.480919642739111,-4.2316731028959,-0.5891381757731758,0.17121052078530138,1.5221077542053958,-0.24200858404276512,-0.15068761768892786,1.888317884352599,-1.2865425688938201,-2.0239075006462657,-2.572721354418075,-2.5091969030043235,-1.3037276642805964,0.4953663069903879,3.0670597191793902,3.1500427063859218,4.77619563638479,2.197959407301932,0.12083714000964567
-12.613361330176113,-12.774440902528962,-13.310734808958902,-13.89275642110582,-12.227708796696582,-7.172475157544324,-3.9527834516512796,-5.962092542026082,-2.591862485114328,-1.4076398316691785,-3.5710635115772975,-1.6490199482541619,-5.127283776450346,-5.0897550187657,-1.0640246347198616,-5.142364005032542,-1.5026074792453181,0.43421149260511416,0.7384381133721962,2.883276453800385,0.9431596847636395,0.6130629971690055,1.9936612317414604,0.45888939700832077,1.377185658892441,0.20446617978357912,-1.0845861028569734,-1.7701265767558405,-0.6708447861330737,1.7663811455958045,1.7272139516246359,3.5915368503089597,2.7843497735635814,2.2941289205910538
-13.475633887103285,-13.477295315090343,-14.477515765377756,-14.453016972700928,-13.196694887066064,-7.554488419473642,-7.283976614098859,-2.4312268198297486,-3.7482840623349043,1.441091164200646,-4.340089615462003,-2.1985589933856176,-6.2450969929824875,-5.970053749662405,-6.067324840643046,-3.7685271978624084,-0.22629658064145267,0.10147096107120693,3.245923102767288,4.016241752743048,5.21534824981677,4.869995862566284,3.410648210010661,2.232368811231804,-1.093136217030797,-1.6345019618476815,-1.262838966522136,0.006706395133306186,0.892666706105337,1.3185297502283024,2.9439735387548196,4.3859713463842125,4.1085407033313475,3.6000519941243034
-13.608901667216388,-14.041107606371733,-15.287416297065587,-14.334772676321979,-12.238616033648986,-7.658499596171887,-5.197101849994965,-5.144524696847213,-3.104414250264242,-2.3998187430980553,-3.8859945688092177,-3.5498329446418335,-5.354027982131759,-5.383036070238078,-7.203817476939049,-4.532629132258014,-0.7020309496904621,0.8816040874379882,3.0869850858989007,6.846125185102241,4.758383740880267,5.394576767836945,4.453328337848814,2.9268905879644134,2.011374594827865,0.15257362961638024,0.6059320937531395,0.38602491892454815,0.27712573602946516,-0.04505496494489104,0.31890861079476085,5.9110039391016445,6.039377926506713,4.154632209886645
