script/wind10m.json
{"header": {"parameterCategory": 2, "parameterNumber": 3, "lo1": 3.000054539987559, "la1": 64.9999836372058, "dx": 0.5, "dy": 0.25, "nx": 34, "ny": 52, "refTime": "2025-04-30T00:00:00.000Z"}, "data":
[rows 24 to 47 of 52, columns 0 to 33 of 34]
1.186551431967031,1.357243359209786,0.9978160637498062,0.6963564065219279,0.5915978279356464,-1.3980106729824051,0.07606112590646247,-3.492876806720834,-1.6924419929296017,-1.3207144370363262,-0.7916320816791119,-0.23321753194667982,0.9629507324660895,0.24775757700434237,0.002025908558515703,0.9448995393705637,0.2228457244954323,-0.06971497889942822,-0.3221273587966426,-0.016972791258637633,0.6823982173773492,3.5954510227783403,3.125984435023951,1.675758483106053,1.912235138490616,2.131174158197114,1.8499944977798066,1.2235350358554515,0.6927356411965099,0.7419201953992085,1.5365542093262845,3.243106716707744,5.2760012936908165,4.846701907113486
-1.1870122080397618,-1.6902341322165624,-2.7967036991451404,-2.2392690002675417,-2.470491027737246,-2.744480736656951,-0.7390469482620804,-3.3609559880032887,-2.224014394700726,0.37783720852034225,-0.6537074263146027,0.12909283423467127,0.08743303577158068,0.4128472475143776,-0.08476631167476399,-0.4914500871341159,-0.8050705140793382,-0.3957879240682764,0.11256353016149076,0.17521522786363303,2.814313045018002,5.544462424606031,1.2775694342116946,1.8781866212149951,1.9279870776608514,1.7746186418963021,1.450273306232022,0.5689704421372379,0.2782338951428845,1.5935489087085342,4.879873873015841,4.86610577049288,3.361364567595027,6.694988690100319
-0.15102802733503676,-0.5197787612890035,-0.6756619724950268,-0.5098974336960529,-0.989477096311543,-2.076839829448279,-0.1280634476894002,-0.9695754542001666,0.24092564494885077,0.5369516943088951,0.5539782399009099,-0.1622190310880678,0.7296821410530827,1.7337215736878824,1.0093895785949603,0.10382870817855651,-0.7066122479270732,-1.0147415932033776,0.01677532249366015,0.5885744383161735,1.843973806731625,2.19313946579099,1.6855277615908093,2.2322804184258978,2.1652125916801324,1.2374754557012246,1.2155517020328952,0.7390573012822368,-0.08556265585567624,2.543324518841588,4.498334368659055,5.668151388486417,5.68722309850044,6.097787602774383
0.1454853532536116,-0.3126318540264584,-1.0051983870668828,-0.9166941697027529,-0.8900984675491361,-0.5252763726088536,-1.3438478255205697,-0.09965310517961308,-0.7916164711906583,0.7558084203651845,-0.6460773099514853,2.7648867321603348,2.6143030313172826,1.6127925588015695,0.8483065888020391,0.9970643970631671,-0.9183805578031163,-1.1295488855986788,0.31320443914006924,1.153545300531461,2.528158798508336,1.575697454187747,1.5747829921846412,2.8215040047179,1.6468920383899697,1.348393278914843,0.4281477703427821,-0.2391056555674459,-0.09747438844306906,3.002911769664432,3.5628586175446713,5.03583760349167,4.256900256192793,4.5086112646575005
0.3544406635633749,0.5792862097274561,1.4223596281572013,0.9826187777364946,0.0034220947008939363,-0.5119443364670543,-1.0316194007299457,-1.0299556667605154,-0.7939268881553488,0.4552294204358639,2.7833624040471454,1.6255811268487868,0.9504756763515665,0.8244539406595915,0.7869809254509439,0.15135920968435312,-0.7988272338552245,-1.9052851873324037,0.9265213569833785,1.6018909604462286,1.319377615198192,1.6333296176079095,0.7405788249119073,1.4221564189089706,1.7054892404455075,0.7506143601492239,0.22351553232646337,-0.054629250654847944,0.6879451938644583,1.8055122111061463,3.2459170757559708,5.443194274593773,3.0899591132700976,3.0257739466252547
1.0275186472812545,0.9949666121244188,1.0634967240586835,1.226216473031426,0.3400661952623874,0.5232942091539522,0.46851428903120884,-0.22789308566044797,-0.1610027915569059,-0.3332160712426747,-0.1645879532590095,-0.21961342093304972,-0.134292873972095,0.1458165412325264,0.12393021934090488,0.17570185945188802,0.10330500205735503,-0.711454641559891,0.5732780923869554,0.8739624133569098,1.5754349482801224,1.0999991236211344,1.1539744566150705,1.5381187253169406,1.4453079154543071,0.7617817041553633,0.2020163844350398,0.0729122227452904,1.7594306032905016,1.4886858636138487,4.325153713446601,1.7472850816799255,2.503530687700743,5.19855292291486
0.968363439832034,0.11874058514295782,0.18559756357815632,0.4620637125418235,0.7041257001476575,0.9826077056141334,0.6476664883951735,0.6801138054394626,1.0531957007220125,0.5309484008895945,0.19524248268720404,0.3057798447444633,0.0544636685463587,-0.3495181433544933,-0.5029933091435804,0.17931984915742935,-1.5211010430910625,-2.234628402041899,-0.5067343008942715,0.49319074995525936,0.7759636996239171,0.6074583775396213,0.7700327943655896,1.2000020884569569,1.1777167658384535,0.3750272597320165,0.23629383388658998,0.2645082374253031,0.8193304021994522,1.1128481849948682,3.734393963424924,1.437707125107974,4.2925900648793895,4.995396030798668
1.3947850021279296,1.3343340223653815,1.126674416357863,1.1142137607539093,1.3435563204863639,1.8293058636584565,1.1953816608049144,0.7171690270153754,0.8676523277532739,0.8522535338488377,0.8071124647422195,0.7041471756721216,1.054500885808378,0.07869692610882358,-0.8690630880945379,-1.05253386154098,-1.517768385295831,-2.3364002458239446,-2.0903393947325695,0.7874820630682795,0.5828671191723221,0.5817488756186006,0.5622156694093432,1.0236495419854736,0.7602217849459534,0.3906287800132555,0.10648594932621705,-0.42675128583498817,0.025370837556117215,0.3869462924959355,2.9411988481053264,0.9205484191187265,2.855268664198051,2.479847413752117
3.0492088306764162,2.3753265874075966,1.5759708973907973,1.6709563230362807,1.8622081010170735,0.9853815838636805,1.5260479679857848,0.7950445331128053,0.49701144076786197,0.48411807031192666,0.7758788561392035,0.2516898270471316,-0.3550870213205491,0.49419835072723506,-0.317230383151744,-2.7608854115963055,-3.599438888058695,-2.7600405151921774,-1.4550944445745033,0.026940940293608245,0.3765311674126374,0.3700669360316454,0.7131828654163475,0.6668337944681882,0.334368275888768,-0.13343482499325274,-0.2699547444348565,-1.040653363099889,0.3130753196396812,-1.3413719272400564,2.3774466617364673,3.0661409920731946,4.628630865575442,3.4024359910851
0.9787548810488821,1.1549785311279128,1.0082403895239989,1.8011951919470572,1.7670953212342217,2.122036193155163,1.0985743142305109,0.8506140592021671,-0.0006752827103989846,-0.1654863237484014,0.3784591822955338,0.026573409836329803,0.23041267403369778,0.17325273891996515,-0.6218851939922952,-2.335507578974288,-2.3943114451020526,-2.1379892200205313,-1.5796096004790747,-1.5248601378650068,0.7396572939551961,0.24377829092661377,0.4750261819847631,0.14608270446510327,-0.220435205977982,-0.5403237851018131,-0.4402867742721038,0.8034352135802756,-0.09867920363420472,-1.9258708087795813,1.3628379034065263,2.5972560434199363,3.389655132160847,4.22939459470635
1.6514163223101108,1.0044935106442918,0.575865708982048,1.2237602428777232,1.1390678862477832,2.055760714317636,1.630062055855065,0.56618980227747,-0.33586331303323447,-0.41274173813974574,0.9193085143359166,0.8824430670216973,0.6254131497444494,0.009681973576889278,-0.3939071555672944,0.22202539921274111,-2.3950438209878406,-1.3108029236668253,-0.9105073976476387,-0.7404641205943172,-0.21056485104255457,-0.3576899771248004,-0.48575091113164504,-0.21174590177747438,-0.6637989063892357,-0.6792944804754036,-0.7423785374396757,-0.841026065704337,-1.0219616544302084,-2.227888674760005,1.7671422368072622,2.6028044871971954,1.292936073953654,4.220174471826734
3.1012761974198715,2.567441945399673,2.7768866238741805,2.4558938331556126,2.4897719452036338,1.9435278804839795,1.8174947154873486,0.9913091951256673,0.4951816487925924,-0.06299310175256602,1.4645047071159185,0.5340055758436205,0.48485794413931227,-0.08971325273090755,-1.2123471999481346,-0.5185163996222503,-0.7729120729498856,0.5429320772197231,0.35056755354193186,-0.08492958709940648,-0.8026881497135624,-0.5550412860257607,-0.588999305244082,-1.0146749091125893,-0.14329613962677243,-0.3319568652193143,-0.9112861035907056,-0.026266722656328123,1.0059586632304598,-1.9041794705903379,2.102715906304539,3.494330569034072,4.085403615246654,1.667389780615613
2.6571920575841297,2.7362829984374213,2.7827106991061488,2.869956190588946,2.5469092624980623,2.3218875969426658,2.0631332926554826,0.871219542544666,0.3483494890612367,-0.32285886357973576,0.19554176038727208,0.5646521858064895,0.10292249015540716,-0.591264875222459,-1.1224197423264795,-0.2485115404139316,0.14989375888997153,0.32276523144089136,-0.5273368704401077,-1.050620695209845,-1.0612775075172773,-1.0281755098396292,-0.5850314583279627,-1.1293642010402547,-0.3029635887939111,-0.170904304502967,0.7365119295241935,0.6002655499119742,0.6806446229379383,0.06617075947856946,2.1502919723244234,3.4692409210602055,5.464127377989651,4.977466945695406
3.1102545780931043,2.8338088143984987,2.728068198802854,2.7182394849757103,2.4972480838742337,2.0820131692522694,1.6569054769824525,0.9393469835807109,0.6597384423073761,0.03632048970160794,0.25492819770557396,0.4917184033283879,-0.24922953557100164,-0.8207841565288403,-0.5406154562110272,-0.5830882073049826,0.05501602786417947,-0.459518016468465,-0.15318659471034643,-1.320499775273928,-0.5015279553222642,-1.493033045298037,-1.1925165247587703,-0.3617123934692498,-0.8173950208995532,-1.1544579965896014,-0.8134215636514679,-0.917594473522466,0.0828595445674264,1.8614985783789473,1.9394649754087772,4.919269716000967,5.075284872321579,5.12719344408111
3.3481514104314805,3.3148143242452925,3.499034519760921,3.1527238987999056,2.642366038878935,2.223938548024532,1.4381358163109104,0.7335717789240322,0.37730945091221013,0.3390135898019432,0.3171570471035199,0.44397767300143554,0.2852073744844062,-0.3697741453134107,-0.16145830660805363,0.20119749806324885,-0.12776273452882037,0.33897182870923515,-0.23956265533865034,-0.9037468453248803,-0.18998602053269034,-0.7329835012806126,0.04200398682885893,1.6490237344172305,0.26533853139668445,-0.7504110966256349,-1.3188086151924692,-0.43458084564347593,-0.031415303686043956,1.714657953489209,3.2929040949195914,4.782524650868906,4.524673004206616,4.5709402501627885
3.644948139903722,3.016722251254105,3.3422402940277256,3.1663064750965937,2.8675255745264674,2.415981160097017,1.3171055400469174,0.46883137288548976,0.0557644430878628,-0.3410374178945947,-0.13384899025354052,1.622576274747043,0.11504633174695685,0.06965086909009827,-0.22599243931309193,0.3314546536708771,-1.3651570702227862,-0.7264300562153112,-1.0425419753849254,-0.8480339626357426,-1.3871101262200334,0.20110381482966078,-0.07281163425109136,-0.4605733132109258,-0.9228908609360816,-1.1285830405670814,-0.8807476420894321,-1.057110239624669,0.513539812883912,1.710108134688689,4.4033327149734545,4.238069820155781,3.8962543782445933,4.108483712565135
4.071449212771652,3.790966334657268,3.27627997974274,3.1684899676426523,2.6461939637582708,1.7912307069400384,1.0426045138226354,-0.03202458889893781,-0.13010214670059572,0.17869897232419413,0.578454733145279,1.4192617164799137,0.3357076144386936,0.43523668119667225,-0.5163963461601377,-1.1670288726168534,-1.5477442333075246,-1.7543090250608044,-0.7072783902928587,-0.6462886832856297,-1.7118720707652446,-2.1983634948512,-1.4183251405808281,-1.3270233461713294,-1.146888626976685,1.3627529103552294,-0.6096308305700666,0.010954577191559246,2.3768635990278177,3.420726412780823,4.469751845661886,3.0076498240332508,3.1263418713604985,3.7458404534263416
4.720028718485459,4.000939789905734,3.487184019354481,2.949409533455013,2.6009509243019253,2.009936841189071,1.3299406824425217,1.2411505703014223,0.7712078213450154,0.8249742663254991,0.02670698025483432,0.6663987785911175,-0.17057401407584624,-0.48982111613466367,-0.819412306082324,-1.599640203732954,-2.971343109467128,-1.3055120254396084,-1.3256610974304468,-1.945462401168856,-1.7798609292407375,-3.4551558495530115,-2.9828837059133555,-0.9891342841393993,-0.7505597398741256,-0.26525003616553694,-0.02387066736451896,-0.09164682077993247,4.148021046286119,2.2407022489945363,2.305703462822948,1.709375390347149,3.01538918012241,3.674332917214473
4.137368808958285,3.8093459627943607,3.401910318315489,2.7168882695472814,2.3970305041756896,1.898724578018305,1.2659611460455162,1.0958863748811838,0.9024347004239451,0.18840983175542286,-0.43655281198453383,-0.8592061843087492,-0.9191477954521747,-1.053100988516605,0.31946928000270675,-1.7187725326858332,-2.844520942826926,-1.6571778663255938,-1.0595739297683444,-3.0018182443667394,-3.1666073874644667,-1.4208897270886722,-3.3364651757311568,-3.4325904774041094,-2.097787231925459,-0.7093744783322558,-1.022350851643349,2.1056384275299576,1.4844449674851807,2.4138712787936383,1.3432167889057829,0.786843425464633,3.582658227462155,3.6892992711884514
3.442401109441578,3.218426850021981,2.250360835415783,2.122285003863435,1.5514198948286293,1.1431439204485763,1.1981529300797016,0.6756791261031804,-0.32945588353246263,-0.684125772183266,-0.6334433314195801,-1.9043332704245408,-1.147607799508702,-0.9737462630924948,-0.26907507983869416,-0.9050178790544745,-1.3329867311600865,-2.4620535571507842,-2.0992036911518865,0.3725794848396611,-0.949688079290164,-2.202944043915353,-1.4213975997636168,-0.6618285484176274,-0.3555306120179445,0.3359517938801587,1.5819878800690743,2.2681503872475504,0.6286570462096794,0.9509545372304253,1.1569173104582926,0.47913409860535106,2.397342659154544,1.9188143975509848
2.6238050782565034,2.267281709455673,2.5174849485634745,1.7437609679016584,0.7976975983923524,-0.41966708218851734,-0.6196999902370295,-0.7478034419601193,-0.4922736790138298,-0.6600335306318791,-1.3613118572270628,-1.7205358430094182,-1.3123196180823518,-0.6592127689350396,-0.48113569374475335,-0.7321514269801406,-1.1317851511812531,-2.0852557969788057,-1.9898140787666745,-1.0582341558772117,-0.3073358645289351,-0.6024496028646154,-0.5679480191871291,1.481747935523095,0.9084328786062084,1.9343476942281959,1.298435176951076,0.9392585416162076,-0.9242297230160134,0.5693829775733856,0.3077143295903817,0.3182151372599789,1.9695396149220146,2.502330802552161
1.6227669715989692,1.8243260662293646,2.1246488355792095,1.5082332238995493,0.6973727482576583,0.3486771955015321,-0.3746601548372725,-1.2014334526100439,-1.5394955060013538,-1.624515084327853,-1.69234708701059,-2.584572847455101,0.46084254754136444,-0.6483758302579233,-1.0435530002632576,-0.20785386993181976,-0.571868712562542,-1.9998760593500038,-0.8458837641987601,0.32906063002701746,-0.3552865613885501,0.7258102170405558,0.21026156572533025,-0.36005647485400166,1.0249163225342763,1.1286717963879302,0.9722665790082662,0.6089763275261526,0.9181354565314346,-0.18375355332810445,0.9793361691234622,0.940061934694475,1.68310475513409,1.2845765815189167
1.7789961861382464,1.3737983397930846,1.3672124329809483,0.8008617893107113,0.29151419160864883,0.0797661121673578,-0.22143788521944505,-0.4719008212886577,0.0788957523953502,-0.6920344495705824,0.04347949518091664,-1.3889091161270837,-0.9493754882471765,-0.8599074472964964,-2.019617152021527,-1.388216933126357,-0.9847049039547384,-1.2304916964601864,-1.4507236892079078,-1.3422992769216402,-0.36157985672989607,1.3978670599890635,0.961933232695705,1.2476738429108747,1.494183535036319,1.1130415473215987,0.47287524726476055,0.8002042647599938,1.0477117573444585,0.10975499743608522,1.160602533185831,0.7596175370537405,0.9014495721407516,0.8493641823815763
1.4220276213917569,0.7456717283122948,0.7900451458363453,-0.07048157449200454,0.3088541077361492,0.29876487420680686,0.41716697235255956,-0.06752410170683051,-0.31571444263741966,-0.8183106058856285,-0.9022710765362612,-0.23713794213063605,-1.3698721505481652,-1.6596676389266707,-0.45219097927878926,-0.7605438250051504,-0.19669221567651402,0.0016050454708292192,0.25953238065410056,-0.6946869289035464,0.18972499077767485,0.12826143419350478,0.14999405546819228,1.2675229659465492,2.045193193644524,0.34491613517098035,0.30916470228880466,0.7008827476335497,1.3232412005938725,-0.002163808703284831,0.792517059271709,0.17828562666804948,-0.017983869840908075,0.45085369119922397
