script/wind10m.json
{"header": {"parameterCategory": 2, "parameterNumber": 3, "lo1": 6.000198445256149, "la1": 58.999992894266676, "dx": 0.5, "dy": 0.25, "nx": 22, "ny": 24, "refTime": "2024-01-24T13:00:00.000Z"}, "data":
[rows 0 to 23 of 24, columns 0 to 21 of 22]
-0.4036990759058845,-1.6511285623102692,-3.0486517643136413,-1.7371711512232633,-1.1835880388385571,-0.5536563319029788,1.0625560233636426,-0.20195398147398144,-0.3546324539037326,-1.8145976342259313,-1.0997081268199356,0.4021292083956269,0.0060418531727731,-0.11434312458187669,0.27982506826618825,-1.834075286972643,-0.7074419059952496,-1.164546902278393,-0.3824978763515698,-0.3396251289785168,0.41050247465804185,0.30363086477958573
-5.399521155453796,-3.4407064575046267,-0.5425171955945739,-1.2516068510638125,-0.07660111644229761,1.3354508476529428,0.8426125852961608,4.528047500731986,3.3548560692995917,1.6757204405727963,-1.0509749832836557,0.3693880643733288,0.3193628209967912,0.4072188291693044,1.7439736779746922,2.635290558806788,0.9767265100926538,0.5174518473407461,0.9510820099886231,0.9655740801947902,1.139321900167062,1.2220886257966896
-4.371752842662842,-3.188440798064003,-0.5176646666372099,-0.5099860497663353,-0.5104180790655972,-0.4045760394702292,4.135456049703639,5.017078455882622,4.497302591730783,3.316385012258081,2.2959373929209606,0.45411465464892525,0.7385840353598933,1.6499003365687144,2.2591859877291025,1.95310562448304,1.066549649543075,0.9044034767851824,1.958907963896833,1.73715111592019,1.77170919155769,1.399581341526582
-7.427229245671446,-5.033224501566523,-0.9662758384477091,-0.4212799645264575,-1.1333259160740639,0.7127559136061904,2.046350530258942,4.144053237350629,3.2942101482679833,3.1804649652705366,2.8258829006404858,1.5814791618663184,0.6867900189482814,1.2635266312762976,1.7215129362055606,1.601042614327491,1.175913411331546,3.7133680949885215,1.3638769419354466,1.0503291749465868,0.8492125053228469,0.5620673135944039
-8.44663217683053,-8.010464949597623,-0.6647666207146078,-0.05920581751760957,0.8403853001590342,1.250818818528262,1.8487414262042001,2.1744029735531325,2.4548033173947674,2.2478467448151385,2.7248130101102843,2.2112028412657385,0.8958296654732765,0.9951807595142489,1.4245895527752208,1.492750301758898,0.7116408403773685,1.706081182866994,1.32966297747127,0.8272838955797679,0.7384963167586649,0.9374925397205973
-8.867995290670816,-8.996242597511534,-0.3559266355575965,1.6103574320950376,1.7817178443886796,0.9214065228417596,-1.012309181256746,-0.8940304462166795,-0.3178834501154355,2.150282623453908,1.9686648669756934,2.5210306040092725,1.979281027945347,0.9071406432541762,1.1978521243110851,1.340743527067877,1.4590822821453104,1.6109074865022845,1.4110766839633557,0.9663175963508975,1.0972948212168971,1.0142049050470006
-8.02885564578431,-8.976963908611783,-1.313948008200852,0.9809936313843711,0.8694253518390217,0.908251723015027,0.20457704841372348,0.5870532602508757,1.0787939982835049,1.1219192025663665,2.164102140315753,3.5081125981019214,1.8492130566990534,0.9648791301877301,0.7895247526021094,0.9489103692382898,1.0265371696146335,0.881583342660623,1.4070467341359414,1.778446700904546,1.503035377703834,1.1449596024798467
-7.4344032546779095,-9.284987320069076,-4.331376724114018,0.20059288883595586,0.22067239321613702,1.0912789083611245,1.5485667352642576,1.5360045395659108,1.123932957342747,0.3798524321510977,1.194286625928777,4.008229176012773,3.444131366083765,1.6504256886866722,1.3319574863212649,0.9828567527699819,1.2819489710650047,1.2319009152733127,1.5222297304785497,1.6219794772845453,1.639421687459237,2.2916432489271648
-7.871525820128927,-8.333833153174266,-4.931560720518317,-1.5442352449642218,0.8386383258711974,1.3710885677815685,1.3909744743419685,1.5414941493778744,0.986001111180361,0.5426980612422503,1.39729424343953,2.6151568688326,2.8203363927341245,1.9911674172944112,1.432632515653996,0.9897414007351265,1.0533185870102513,1.0326667617319931,1.5783704323697454,1.381149004403716,1.6815016747629195,2.1846487672556667
-8.29509991973518,-8.103213527404371,-5.5139537515049595,-2.511531554819605,1.3648667579043896,1.5212811482016464,1.7003800510832958,1.1164731123380571,0.2966456697068525,1.0113929846549987,1.7967470983097646,2.283306193242435,3.234067006820255,4.009202955662261,2.1063822688687264,1.9096989462913903,1.3105639011983052,0.8906028668516306,0.9773025746562344,1.065828870253499,1.1697517944615174,2.9082638487957357
-9.064641650708966,-7.9653578106544405,-7.007225223028189,-2.0083897078825115,1.1556934768813967,1.0802730340116289,1.2326906329598672,1.0468446976335688,-0.09385285578700019,-0.41922311820408215,-1.213652451279358,0.8848231582767633,3.808109677756918,5.886392451731426,4.0329538724524445,1.7270162318453928,1.2636348040053578,1.0220000396561402,0.6001961915888765,0.900255205237748,0.9494030228470852,2.351780593205494
-8.624076304750398,-7.871977098565956,-6.231653701564595,-4.071733177678566,-0.14828790839728967,0.8443807540320484,1.1249989089141104,0.8678444098348121,0.11094944391963381,-0.534509517523256,-0.056048543534530024,3.142154411923145,5.199332553372809,5.522859584257719,2.8462673233630214,1.5570957698401162,0.9879543507465504,0.9277049225626591,0.6157104258653647,0.9378388271457871,1.8198559476438605,5.254746857552993
-8.5092143266825,-7.297313539276917,-6.395397639926025,-3.981523478559075,-1.1979420424593683,0.9228578386613225,1.0427220034945521,0.39331801968794927,-0.11307958143297349,0.4163798023569087,2.4898845448439406,4.49013749251452,3.590223718038297,2.4595560415416196,2.304707817013177,1.6641539636186353,1.3453355626407117,1.4832669011378055,2.232242152739759,4.018929397877711,4.52946400165622,6.18233770139089
-8.528811256457786,-6.834151327306472,-6.265458673634363,-5.031567318947949,-1.8650103497010029,0.06629332853649424,0.14291592202799008,-0.29800509794007474,-0.02962647223890015,1.0321641540511697,3.454359321030239,3.0580236312978575,2.587680285377565,1.868691166047261,1.7347626052997305,1.872216742615909,1.1299712367628458,1.8240294787776108,3.199296844053892,4.33041252993411,5.649403803077779,5.682867530152768
-5.780606439589455,-4.739772494139488,-4.549859595585775,-3.8346568594361177,-2.5903764923599937,-0.6444953370385609,-0.011139940658588025,0.22027017649427966,0.9036174533213144,1.3223261419217898,2.2652601764090923,2.4840730202625103,1.9565735795435149,3.085331184076991,2.3626331764379027,1.9733838543555602,2.893299535154968,3.7091889664953186,3.4204352875568413,3.1170219615051225,3.2181815181062783,3.577854227560979
-5.1925255606092815,-4.701347127498019,-4.886373520686615,-2.8554221651237714,-2.7050540014992506,-1.2115390173546108,-0.734526482517652,0.05664051668740553,0.06378767294152377,1.2071426769377487,1.2080003835889768,1.9345623993325094,2.6392648650521986,3.1920053507900183,2.8277943468659066,3.15783706783288,3.903641497963172,4.001428726217417,3.162229846097934,2.599161153600194,2.8925624321229537,3.6587234085092675
-5.683869755760553,-5.720118542015535,-5.457517587802029,-5.076964328286879,-4.0362876375059304,-1.9237118304552907,-0.9520314574581402,0.8230971163828078,0.8715492450253498,1.24161358730659,2.094555694239307,3.912760286937267,3.075160827438146,3.5778184298907707,3.423636557142572,3.5949871687482653,4.401781555723749,3.96905645807803,3.443917315911069,2.9433720655892173,2.83020574413593,2.5190877861517054
-5.33614950390595,-4.421929377954503,-4.684170418271566,-4.7771251987667025,-4.110551579518595,-2.020279426481297,0.3531500255445013,0.6902418436735496,0.4484412075893669,1.7671259978648526,1.5793608592438786,1.9008983149186904,1.826614449488502,3.0207911958849345,4.422043650977726,4.108074456265681,3.47762922755945,2.832111274376986,2.8724818270012036,2.6424928271394896,2.1698104131828133,1.7457578760048418
-4.121070146257881,-4.070334008178111,-4.627682381042937,-3.979960941022412,-3.2557257518018714,-1.954959846703538,-0.6804521156266433,0.26728414839812226,1.0823357062971508,1.3655381519997762,1.294201942594607,1.548775667777169,2.7771661323016383,3.740996730705407,4.5965213911280225,3.0728235553914494,2.2363231082644943,1.7081072352110602,1.3335547167615576,1.2575904401954032,2.9122043990948163,2.6476016799663116
-3.8053453188690107,-3.477027746976022,-3.197264493790632,-1.7115779385460907,-1.0161596260777086,-0.7356416155959733,-0.44224819662155046,1.0899139033375183,1.464498502310138,0.6981841177150807,0.6411360029737336,1.8522399195756885,2.9810159820745428,2.157520142363767,1.298183136991006,1.928326092465154,2.3308494617047697,1.12569887190433,1.400574863807313,2.3629177950752887,1.9535690661453755,0.8771376514173904
-2.3215276363946553,-2.461251292141111,-2.4298542733622135,-1.0967743721153804,-0.7703357629626176,0.832616431037297,1.952095819369347,1.5617412867748155,0.869086274684444,0.651604969504423,1.6093964637780673,1.302259835521987,1.2821341684311567,1.608247879305558,1.6813191845737279,1.568915824675447,2.0095351390960086,2.8349971686778503,1.4953611821873432,1.8403201035196077,1.1005751426903507,0.29107330428997075
-0.907073148773493,-0.38818045029646586,0.5381819272565267,1.01834841463606,1.6822307437645805,1.3426691720381412,0.9344297266337911,0.8918138273545065,0.9545216886442629,0.39327236184769154,0.6541706293157753,0.9262178586001373,1.992504318005612,1.7883364850210495,2.0854645886489087,2.1040757926124973,1.7030813972689298,1.789403191716092,0.5499966257538667,-0.1728783012745076,0.04463732539553424,-0.16915204679256202
0.15601992791389177,1.369204120012391,1.5247580103724288,0.24817621942043785,-0.10707992025234658,-0.17352002738143765,-0.2959816826234632,-0.4176732672439191,-0.2573647796155833,0.34932416677994244,1.1862396074537251,1.2023485660481166,1.5010855852569003,1.3072293392446268,1.3293773216720985,1.4393506203549333,0.7258213970088413,0.6436824327090809,1.4563098189904753,1.5421667454434393,0.5839235448097786,0.22057411059613602
0.6656262846942268,0.9048708376807583,0.7148111164079024,0.03429630905258072,-0.6161892154851464,-1.0024152424557322,-0.8924386441481033,-0.4423740572061933,0.17800984677976897,0.5805966791951231,0.6540756358979904,1.365216126622674,2.4093356476580494,1.7552169124671055,1.4019292478353655,1.38917314403957,1.4140017619156857,1.5401115275877446,1.2469438441985057,1.1578563232310046,0.806764630334035,0.40156458647408505
