script/wind250m.json
{"header": {"parameterCategory": 2, "parameterNumber": 3, "lo1": 6.000198445256149, "la1": 58.999992894266676, "dx": 0.5, "dy": 0.25, "nx": 22, "ny": 24, "refTime": "2024-02-26T10:00:00.000Z"}, "data":
[rows 0 to 23 of 24, columns 0 to 21 of 22]
-3.872787415533524,-7.6016488951437875,2.717596070867604,2.3783290052898423,-7.143637401474584,-6.9044154819869235,-4.0526562952125795,-1.9219187180879218,-1.3759945601576147,-1.894988214040285,-8.714229905147995,-3.065526183688814,1.1409373885497325,-7.071899114317395,-3.968471671016261,-3.168927636984319,-4.114542064531244,3.4724511915238354,-5.5769258931843595,-1.2142238743633464,-8.219143313741526,-8.877581293494185
-5.36185004482307,6.606366587008971,-0.0016869265581307988,-9.62076297740678,-6.797589062682561,3.1411881041146987,-5.0028108840601,1.9939320372855198,-8.483410813724417,-0.09772861134615507,-2.756704236517414,-6.639094336405278,-0.954947937829015,1.9370317209140295,-4.293992888236899,0.6174827244481891,3.2536595494502207,-5.840053659459922,-5.828314980352712,-4.951740803779264,-6.779972254411081,0.7658200256568154
-7.195049427751504,-0.5910387912723721,-0.20662882019851056,-3.480339313937342,-4.177759516429124,-4.4688230727620315,-4.822094173646087,-1.8656827791742923,-7.9423251507599275,-5.4627611954261726,-8.68321213829657,-1.6699622414060071,-0.7709040811400605,1.2599812049870123,-5.165903102478262,0.30449170427092237,-6.884970089665781,0.38983984609586797,2.267108795917904,-0.7732388780822292,-6.524837060682377,-6.692439353336188
-5.172126264646137,3.357527019010275,-3.0622371904461154,-2.383504424884449,-6.722655778340222,-3.0925561199316594,2.3935420333496267,-4.757399166299609,-6.416852869373676,-6.388297502704596,-8.328922192351003,-8.245092604002828,0.0038448767293792455,0.8272968993456631,1.8154625603338042,-7.7960259601960615,-0.6886347733250033,-0.2830688571648374,-7.768477971664263,-4.104352006608371,2.2491168293607697,-1.191123043398859
-2.589097625194964,-6.322918758734015,-0.050470824844786995,-2.9617954181720094,-2.8860587490006906,-1.821915406402962,-6.41316745275192,-0.39830808866589956,-0.8904088539604057,-0.4064220740261735,-6.202615265191692,-1.8129418938692161,1.707180904258406,0.3092076641797373,-1.5014824025253088,-6.216890434580886,-7.333580447529912,3.4738577596199525,-7.781921391421045,-4.783139301002596,-7.857243302258667,2.26611268117418
-6.073994496781581,-7.977660139730469,1.8723509192383474,-5.728411709472801,0.007434430011121335,-3.248225157390444,3.451075765413711,2.879328594405365,-1.209995310513787,-6.693994463104864,-3.180651584460008,-0.428903401796097,-0.780548869109635,-10.158861855197824,-1.618536513807747,-4.03720448861268,-1.4592412781150201,0.029267650430792103,-5.873125878419331,1.7938883016360023,-5.628884314894643,0.5967459234568695
-0.8342215751416004,-0.3424395236884509,-1.1587211286682548,-1.3303199812706685,-2.9093703762363203,2.0044287234334117,-3.8828776483542513,5.744820037013093,3.8504794243093916,6.928941400639543,-1.3351621759658587,-2.3896995494664375,-4.078744317044126,-8.62053453797613,-1.7908795778928848,3.0005318341762623,-1.040625076242951,-1.943587452110062,-6.3695171150651495,-0.6260850420428612,-4.256836290988063,0.1508891884468149
-6.511621882563039,-4.288475944432529,-1.9657087290684745,-3.607702908729766,-2.244560497227156,-7.474420362394102,2.24834010426954,3.259688407235169,-0.6319540565332442,-1.8137747927986105,0.0896628607923903,1.8978146136378269,-6.185908074179331,-1.1532781812885915,-7.488084786747102,0.8113327197722675,-5.302282069018572,-2.3929074517645024,-0.8982029159035225,3.093488021468668,3.259025352857769,-7.656282686227782
-0.5834199149166226,-7.662346312363222,-3.675286369471344,-6.617974703568486,-4.232051618007836,2.4062045296627095,-3.502868606121158,1.148163070912019,-2.208057924909732,-7.576368028881069,-7.45419625845665,-4.771423020806452,-5.213764177449014,-6.029156567044324,-4.112160779419874,-0.12068290116221203,-1.3009559239465918,-6.458253582645687,-2.126596021167737,-3.11314960360982,-4.966025911915985,-6.593024308252048
-5.246535715329142,-3.829309589080083,-4.8050559373606925,1.6158919176194504,2.308556959873958,-6.694922724107061,-1.7619583617230812,-6.44396068032912,-3.5383533660648108,-5.7319137873920445,-2.4706079358455324,-3.9409727989655257,-6.957218115623448,2.3872072747334867,-5.297832361497539,-5.515141459122075,-7.06836969881121,-0.7495138508385398,-3.190001159948797,-0.16520035207104758,-3.1159308186141406,-6.931388593670831
-0.5144004606190551,-7.079620276477754,-2.434880107749297,3.4414680860297726,-5.06564314390421,-4.047916540969612,-0.6253792145764452,-2.308500648783952,1.7524249051912604,-1.2767925155402187,-4.913341210173838,3.959197394850856,2.3734729043743377,3.402256299785456,0.4962829775818736,-0.45348653666583516,-3.902952663657183,0.5845300190782821,-0.8894263135569833,-0.32611693128936314,-0.8153000240525773,-7.514589399445434
1.5685363126992655,0.01084583526283641,1.5015837483321663,-8.021360956953448,0.05523454049649163,-4.646168797748217,-0.6626867587700017,-6.344199296139107,-0.9081308092025551,-6.680593684195977,-1.3836003528350678,-4.295758977941589,-2.1954660341793493,-0.6880710313073053,-7.838191864379312,-2.65343604334251,0.13210931420687633,-0.8254751724802659,3.654136187212034,-6.591227517219358,0.31057762850533166,2.2283298334985306
-1.3559054099515309,-5.160002558184995,2.830232650076624,-1.9316401038726554,0.09878333475365304,2.7118782455448724,1.088405672715091,0.1506063436972678,-8.06061755845505,-0.730648315385206,-6.644883060848749,-8.357247231591181,-0.803980972766848,-5.696487243028667,-7.7945697354797465,-1.5522369085767953,-3.915496780344863,-2.0152948073230132,-6.549523748023799,-6.598180113701753,-4.376418430052814,-2.330804185071002
-7.543153521547109,2.702152029127562,-0.5524285331827308,-0.9488371633690881,-4.412982157862345,2.009832843571892,-2.8146755059644937,1.0420608938715474,-2.7056803644719856,4.055202611781353,0.837578357893953,-1.814061402324846,0.6737460623092529,0.09125972469555677,-5.5059027690251625,-0.7350731715669317,-1.2984955207413558,-2.6987410678829846,-0.33042114711980064,-8.139571948393789,-2.2291923340230304,-4.276338820052177
-0.22241352393059266,-5.2671807375439705,-1.1053040083483956,-5.1338989429466055,-3.0236078998183165,-0.9004619929149634,-1.8927803262182112,-3.1703089112442058,-8.171691634189818,-4.456304494123789,-4.679290202333934,2.3446957784508706,-4.2589754606794825,-7.346034415231284,-0.44398000813831645,-8.42438834771835,-5.8211893866339555,0.5091153031622115,-3.1998189118480953,-0.6478735432337726,0.270044469028777,-4.735075172121448
-4.58988085467822,-4.052374956442929,1.453313892637349,2.0992759195354456,-6.308743196471839,0.9055934406448554,-4.215219624300906,-4.686694903178325,-1.4684136272666188,2.1298352340065145,-5.161308685515442,-6.728155982276371,2.5482378924181113,-7.609077046985602,2.334215458657433,-8.3860829782966,-1.4308324435385462,-5.320257644848357,-2.5478430528171443,-4.517875832531191,-6.634470395513549,0.11197828675795961
0.5162299690500487,-6.157022142040784,2.38743539809001,-1.4625381518995304,-4.492005515250098,-0.8162940653084229,-6.024350085258822,-5.266562706876389,-4.9771777728501565,-0.43708484423796284,-1.2295063543512612,-1.9461161387797268,-2.0185156295250013,-4.6035145090783205,-1.8281060375630047,-3.960218605985497,-9.724416867857755,-1.9328033261615316,1.8580635124847145,-1.165598285925095,-3.9488309378212447,1.8704274318786407
-2.784062352875568,-7.540863511357506,4.830540054584808,-6.234208507403832,1.065287763302029,0.49422410780846326,-6.462038365762313,-5.238466916708556,0.9476991575496848,-1.3751330757731723,-0.05919101014530125,-0.5675607678757482,-4.362614278059461,-2.7531782825966933,-5.25946743910106,-5.611243631703479,-5.1804457202578575,-2.853380746979725,-7.998399900642092,-8.809518215751371,2.7858758517125293,0.9991098858278505
-2.537112317601142,-6.038705657386798,-7.921588184721776,-5.4290548646375765,-7.4703957060529005,-6.152502852546023,-1.1235366384543681,-1.8518556146039047,-7.608923823851942,-3.5647681642648625,-8.237171552255916,3.589093311690523,-3.2223276189021672,-0.09283337870268674,-4.898341197628159,-5.284301515328901,-2.224072478906097,-1.2016955821512547,2.3678086071207267,-0.4232145927659142,1.2714817151883953,-2.109562536250097
-5.986710353743696,-7.269590639390772,-7.002378465318266,-4.788770791507255,-2.9072059393238128,-6.454550148996036,-1.6313593524867582,-4.860995918786294,-8.36116145316444,-0.6935761645034909,-9.591847189832638,0.21120155417225508,-6.554599994938314,-6.419084633674027,-2.5154401387703813,-6.323022866573562,-7.149743729640392,-4.55351731415919,-2.0534829699403234,-4.9114163830506055,-7.923717341570308,-1.1173966892190086
-5.988640612188761,-2.508499051964815,4.57324544563071,0.04639958733863097,-5.924944344447659,-8.0661629797706,-7.421120691616392,-1.902288295721996,-1.9687083433680734,-8.225538465107904,-3.4775773380013164,1.06799646200735,-8.217581017815114,-2.177113002863382,-0.9885527756420458,2.607636107198182,-2.386647951679161,0.4725622067762336,-8.158383472246149,-2.5665691423385515,-3.5916463133986376,3.415397866843054
-7.588137555603328,-4.509890260565998,-6.10189764588616,-5.072936204855956,-0.48844098661014657,-3.5714641097634834,3.292369895657579,-9.330284518989243,-1.5693267448850439,-0.43415296554622473,-2.3485534926256064,-5.44990691459699,-4.993862500747638,-9.597515295633286,-4.791493746628329,-0.6407923018859921,0.841514940989165,0.3071052910462003,0.49337033598980223,-3.032885029388769,3.4791265327158545,1.1467740949854517
-5.7543360830604575,-4.17929362196847,-1.965461115219744,-2.978074401655933,-3.94832244243979,-7.099809676709254,-6.835968967967286,-2.9948326578592472,-6.754498285871947,-5.958278827371993,-5.6578622078246195,-4.960269068005466,1.4023367674460745,-2.975983875165334,-7.030127600008297,-7.543544182781459,-4.048522039432826,-0.7130667723663263,-8.012139833000257,-1.5268691650382504,-1.406545202957553,0.19320167277219705
-7.323488450621701,-7.840036282635221,-10.11630299819963,2.823785585377044,-8.705735644937654,-6.4707804581720705,3.7701651497079114,-7.89187279852347,-7.161508770893254,0.09836999463632275,-2.3615322554746183,1.2761427564720407,-1.9434126755726115,2.1590154514138034,-1.887848286189312,1.3790424009036057,-3.377861080088158,1.7523086314633671,-7.453047760426921,0.2530751882866116,-2.3183573005183056,-1.7967966826594926
