script/wind50m.json
{"header": {"parameterCategory": 2, "parameterNumber": 2, "lo1": 3.000054539987559, "la1": 64.9999836372058, "dx": 0.5, "dy": 0.25, "nx": 34, "ny": 52, "refTime": "2026-01-20T04:00:00.000Z"}, "data":
[rows 0 to 23 of 52, columns 0 to 33 of 34]
-3.0274724181164454,-3.7597382749875567,-3.0813260671559117,-2.1348669963863895,-2.8406681080789893,-2.3765031516584356,-2.183488960499369,-2.3127234496631086,-2.3020346208248905,-2.4188045529886337,-2.3052151298480648,-1.6406350321066516,-1.297378192852107,-2.8745462901808763,-3.1633389383258876,-3.6754918888762775,-3.334420941928211,-2.0052200212184426,-5.538997707862162,-5.882771581494784,-4.516008322856023,0.4285556167501759,-5.289637171605403,-3.8699218195892877,-1.834785290880889,-2.395613626955414,-1.0307535016381308,-2.7637861880426087,-1.209210436424787,-1.592613817637129,-2.3403284587347994,-3.0087291835383843,-3.5531461156578477,-2.5579876998416573
-3.244141203847514,-3.189518394656138,-3.569909949508863,-2.1455996090620286,-2.686786248476358,-2.5509436629849525,-2.956256850174446,-3.420792251601918,-3.546365337951753,-3.7619643425172735,-3.3002636926558075,-2.9671844309579476,-3.2171018671927505,-3.560339035134492,-4.459871434054759,-4.5379591302452384,-4.981884798115531,-2.855709059632308,-8.428951225188676,-6.187407981379516,-6.961991704970208,-4.232116459046333,-1.1708605475881426,-4.866632958977649,-1.1725879232677934,-1.8052783858187662,-0.05020196188727876,-1.22380019233363,-1.7370512610560773,-0.633460197981044,-0.9799455585746696,-2.3368769972299797,-2.6804775321543,-2.892786193543717
-2.5205671606704914,-2.8057761072617318,-3.458481652713532,-2.9450222088754794,-3.2086650934059815,-2.67553043621361,-3.3651407555597683,-3.866977473854809,-4.104341377837579,-4.626646563350233,-4.206508701412005,-4.29984416358223,-3.5713667244732936,-3.6333413167864776,-4.6814202786435155,-4.473333300000282,-7.0821942413212655,-6.6886840668874745,-5.64238998137264,-4.68536615766015,-8.075309974519008,-3.425039075822182,-4.869860547941135,-2.9745746591421973,-2.1796811232742277,-1.4089507112508215,-1.7340677836671519,-2.6020977278926343,-1.2945605816881034,-1.7491171106386436,-1.479377721781564,-1.1919448052307469,-2.612597352959553,-3.7261197231472316
-2.17637790694585,-1.5629531386397022,-3.4295600186708235,-3.5592839249485775,-3.249135329192258,-2.961603144699399,-3.5481565965151445,-4.223892160810773,-4.6555010244788,-6.231362186842131,-5.3817677372811055,-5.1708599511485955,-4.141579844836928,-2.0286577941955426,-4.015609893223205,-6.510270504376991,-3.3369082258076808,-5.305632820303964,-8.190282568929023,-1.7584828574863367,-7.316935420090161,-4.9372525497629605,-6.8922254955751505,-2.802135117612985,-2.1920437347667368,-1.2812000256055236,-2.1427477090285194,-2.9824220047670704,-2.0149081462164022,-2.823948715529485,-2.834429457521786,-1.7728725975921618,-2.176782728237219,-3.2050657947738057
-2.500925538738467,-1.7418208809507585,-1.5792341611426726,-1.6035198809449347,-3.9111700024133955,-3.8489520015414342,-3.416317027629494,-4.360878934234205,-5.1266538412843214,-6.117875121607671,-7.127117000485447,-6.645458657485333,-5.9657473459474,-6.510900120714081,-7.795282122642748,-9.2097064059015,-4.769701110278079,-5.020127316281063,-2.7684366900680377,-3.993009742379992,-2.318775839698758,-4.9163907484288885,-1.3733705723494827,-3.2110266795320244,-1.5319731745277467,-1.9803865462887615,-2.336750995667647,-1.9642598759560475,-2.622817704317872,-2.247544641180769,-2.241234111756081,-2.5771677580921355,-1.766331221213454,-1.7216451415439809
-3.1722572173813224,-1.8797909449328793,-2.267042669103233,-2.9672792140523665,-3.162290725071119,-4.0360207091617415,-3.9529010832826303,-4.2629412702526075,-5.317236855339949,-5.876406097767867,-6.948308957026142,-6.165371084838899,-9.017287152361462,-5.436785204833923,-4.98513224991596,-4.723357150940302,-0.4374386480592237,-5.985391480630299,-8.190620400615417,-6.286609552915765,-2.8523517178628124,-3.8320875354025308,-3.245584249932828,-2.7404985768784815,-2.60790841892148,-1.896175196081803,-2.211342221601199,-2.862681871219006,-2.2461120347479016,-3.1800593176515455,-2.613418069635541,-1.585613056469902,-2.7306853942517457,-2.6454223069223572
-3.1733907610669805,-1.6729768267221112,-2.1326853370506003,-2.3720583934522823,-3.227919956614487,-3.27324332666792,-4.335456181570509,-3.99432601645238,-5.0062442762209365,-5.545836787089845,-5.922835979612956,-4.708649709904138,-2.942916199504893,-6.262335743235625,-6.515610337199745,-4.595732974466995,-2.2949170003311092,-6.582558839559136,-7.174403151617088,-2.2501677008521566,-4.588073244950319,-2.3222451675563818,-1.8671678445232651,-2.1394940448919684,-2.422774436877619,-2.2916368221048296,-2.4717758043689444,-1.1972360546305836,-2.04323547656353,-2.9956955956351354,-3.0139033875191528,-2.893124212899301,-2.2858896792526244,-2.5960900048185422
-2.9231370144154685,-2.2418548490132957,-0.8014241779719563,-1.7796312631804723,0.9390779226343579,-2.489969887278388,-4.190754307626012,-4.138581651138372,-3.8110930993632186,-4.168070714822163,-3.566453885895133,-0.051814993370624694,0.7302482816821693,-3.7465195545526333,0.5594592980225848,-2.449834073876889,-0.6724595402710477,-2.744000758943642,-1.489450355756112,-0.45309767450322297,-3.1169166196353353,-2.2274962595230074,-1.6583175621615527,-1.104683005491081,-1.0804565544203804,-2.2096663331478963,-2.1127702860522537,-3.0230443351669303,-1.9463500925435342,-2.8895738242852382,-4.1453938598377125,-2.1170541658118163,-2.8025874850523365,-4.52212170777581
-2.6258940873557712,-2.418460466685981,0.13516085079770776,0.5959754051960561,0.857673104924303,-0.07128957060064078,-2.474628973538722,-3.6961304522947036,-4.009033259816772,-1.0569979078424772,-0.47152734755921805,-5.742678466818171,-6.539465948173746,-5.940903125838506,-0.09750941718096741,-4.203066829414561,-4.471269596101482,-0.2595277537046812,-0.5759744287024497,-3.671614216393613,0.27887849147690263,0.30310950095382666,0.31283753141871923,-2.1420067286556344,-1.7243557358241168,-2.1715338229986365,-2.7838820880085398,-2.6250101164306314,-1.0761203976409746,-1.2256786315824004,-2.602463788259361,-2.531668827438876,-2.56686977147221,-2.0912801747910597
-2.4454307000172992,-1.6701628583704806,-0.0853157086249317,2.393048663328422,2.2868933389738766,2.726718205894829,1.889127548568512,1.4287967622854112,0.45232152897123334,-2.5374805664037523,-0.9617410165484876,-0.5831343167114217,-2.6172383350051267,2.9675532030781615,-6.337601411125376,-1.6685299239103712,2.051451448981857,-1.19322041407488,-1.2950247959846335,-2.5224669558328987,-2.3747650265887854,-2.8869309661118967,-1.4512147303123808,-0.8358490950868833,-0.257646738720304,-2.653577860803012,-1.7840486491643408,-2.25131666335382,-2.56834956540854,-2.3390259497629353,-1.8721817160018142,-2.69434485967208,-2.3674338995140483,-1.9308798878307725
-2.233268507932285,-1.2747037291782741,0.4413922980377553,1.555141347610712,2.4124398137891885,1.9814762291301866,2.9285984883216774,-1.1348229128518936,-0.35520592201203793,1.3406405627447189,-2.284737741684753,-1.9653003176922976,0.2054629548022442,1.457965443793823,-0.9768592372979172,-2.604704992411762,0.8537764782831827,-1.6333861129350777,-0.832167614088221,-1.1711593541160565,-1.4330401299935276,-1.62127313417478,-2.161928984223943,0.314896146289937,-3.1399191491716745,0.43942646058348156,0.39952650503341414,-2.1695121583282613,-0.980046642266387,-1.7085882768873268,-1.096550752353441,-2.1120021960641746,-1.2830284295371868,-0.9671966863377967
-1.9699244452992906,-1.2742225076446696,-0.1928444927665369,0.5270388036739766,1.1495765780373124,-0.5076147530488438,-1.2683105909345997,1.779589339877129,2.1354260393538524,-5.075020814412364,-1.6399381164664348,-3.290553951530747,-1.4566283657051993,0.05519771971855572,-0.5374432607702826,0.5150150841053152,-1.2125107978681988,-2.843334708672831,0.31111829448125117,0.003124769655977146,-1.5939216490752077,-1.2287681215705253,0.09633908493822818,-0.7405576901187879,-0.7803435423658074,-1.1061310993514337,-0.726698473507338,-0.8449313827747945,-0.03771448756506142,-0.4733520058515128,-0.22777641267305368,-0.6534733034545286,-0.0526002110893192,0.21135685078638827
-1.3938790264190677,-0.9693181923427507,0.1545936451869007,-0.11562634937845094,1.2351100506456711,0.5330562258472131,0.7943869228006074,-0.16838439271779476,-2.2950558747337677,-5.2964197520185285,-5.914722977215781,-5.609539219700713,-0.1575974502160967,-0.4645208783663124,-0.22670064604176793,-0.27173883737209653,-1.1614232074133521,0.07117402344584377,0.10775410095764576,0.15763572548257493,0.24358793526472777,-0.9667364611758175,-1.171446582522573,0.7212727064994036,0.007110542782819388,-2.633615901872541,0.09962934421623969,-0.026265762543018992,0.7285599446169546,0.8540707415951465,0.5321602354239945,0.7577225188408581,1.2535161575437046,1.3493317299823913
-1.0180819372323733,-0.588462921689263,0.015578311461625442,-1.5115661870949941,0.984082609257869,-3.366396204471507,0.7517755303204106,-0.20607104899402284,-5.242766994370265,-5.353984769887522,-2.076434625494419,-4.580038603409008,-1.0028335166991822,-0.029802029262582866,-1.4566518644595863,0.20664854903871532,0.4452979926034082,1.2511305942092925,-1.1426841349531442,-0.15413627259937,0.6816107198741336,-1.034022350715543,0.7952341395715197,0.9682514453255435,-0.3785282547708245,1.1822472729838198,2.7382392273061282,2.3107791177273183,1.3912098530613455,0.7769939967384973,0.9488906611862897,1.7853835445275381,1.9504542134535736,1.8870391584383794
-1.1383298751846973,-0.38787173964977834,0.2115744298091319,-0.9985150890958283,-0.3300446353754956,1.1886126345369061,-0.05915002724371949,-6.1961148839440945,-1.9500976789018782,-2.842942636197193,-1.923343397868119,-5.5186896259143525,-0.9724760973722703,-0.9954041757071628,-1.70910970357083,-3.8215162919882517,0.4145706941073475,0.49946189410656977,-0.44934574254323373,-0.44935070859671744,-0.6507554909360461,0.3814175877210582,-0.3209794061361236,0.4546253211315631,0.46929110917284694,0.9834959655329832,1.396971684401082,1.123412651914885,0.5133356139444515,1.535222889739161,2.8081221862214027,1.855320654559518,2.112206407627731,2.017773979044571
-1.5455295135354534,-0.44230454507014944,0.33238701375981017,-0.5455795878020081,-0.12241126889070375,1.825826575524846,-1.7065590151349022,1.7940948700962167,-1.3076820228743158,-4.933529316239746,-5.461601961058564,-4.965322099832719,-0.8355866856719243,-2.047774741614295,1.8200383394837383,-0.43802731574931475,-0.8441054940368502,-0.6345830238528248,-0.45374791115416463,0.522070581670023,-0.7118201687335923,-0.4357894970574133,-0.43709332537194806,0.9205158015474271,1.0734933607068238,1.3358991765878558,3.498736464716157,2.7052797392334944,2.2534545414749902,2.7100961944503887,2.1075481669365184,2.6212358885886515,2.3967170653432692,2.1496151294050945
-1.6627974149065827,-1.0163504757046307,-0.2654430320322657,0.8288595522673128,-0.2882529128623301,-0.11848927340183936,-6.704952878661997,-4.348638089823785,2.2454085538788213,-4.144914469921146,-5.543866377487335,-2.6297321816086465,0.9875329003639177,1.015715878678581,0.07009058499414247,0.04132532528596809,-1.0540694901569354,0.18520486604797273,-0.7081991531321556,-0.9477515381576469,0.35795370650510844,0.8506413240693098,-0.1550363725108514,0.42682823853659924,0.5964173983364522,1.1634651233483924,2.3335372098046343,2.800057352162615,1.7575395835537024,2.191678129699143,2.503284963054452,2.2989020122378125,2.603906941630197,2.6009496966088657
-2.204870472954712,-0.8145939946736466,-0.19314723380685483,1.7350392291292882,-1.651858408803207,3.88914779165825,-3.952337146416817,2.2684158687106324,-6.336664267211638,-2.213492704065794,1.358299167805454,-2.0835245916412646,-1.5056763714885342,-0.08771756746262518,-0.5772916003373388,-0.22545170860391547,-2.149968527111926,-1.1957583601664927,-1.036362918730909,-1.247288914664639,-1.794970029296455,-0.308592481138106,-0.41837894956602123,0.2046470868470514,0.05847170245232296,0.4452760441624587,1.5536224621495258,1.0272392206555412,1.2560326473654484,2.0632304940384354,2.159073555301886,2.2902137086238925,2.404323216389173,1.3805011180076425
-3.1022561041311723,-1.5783408032247317,-0.25150415631087264,1.2906138924907335,-0.8570614662568635,0.16623903889654307,-2.175120155083802,-3.2794163815147006,-8.20607935014817,-5.471818644173485,-4.566116366336558,0.2295924221818766,-2.083779709207717,0.0412049993814857,0.5988700909605043,-3.0135935145850175,-0.1859519176191224,-1.126917268099948,0.15672083952660318,-1.3928307171654501,-0.9373046627377926,-3.0780863946528476,-1.2365135150070308,-0.8884789550238306,-0.5341251953304937,-0.11658666955270054,0.5447093274851273,0.9100350807264989,1.0108735458572542,1.269090423977962,1.34848831217301,2.078506089748344,2.1262703217454844,1.9066388418268743
-4.1310870264058694,-2.4237847281248683,-0.55146191088081,0.43438739153970035,-0.36372076378357665,2.649616772014384,1.1084051984886232,-1.5655616178152805,-8.58148279005266,-5.459711764185189,-4.755010424915498,-2.104095361909849,0.44316286640852803,-1.244545242238648,-1.1194794372300028,-1.8706580877440366,-1.6118384148190568,-1.1886490989526355,-0.6618293701356724,-1.6664006480525124,-1.115704407874299,-2.46208507871446,-3.0940074617097872,-0.6381012087534235,-0.3594192597928444,-0.39112074182723494,0.11859806882068553,0.357997118649753,0.5491800488826183,1.0574712028059843,1.4847889658242115,1.5097251854081346,1.331037740185235,1.7652416320987718
-5.094131844768012,-3.8186055787421656,-1.0645751642562244,-0.718846465563946,-1.435763796968023,0.8050093077557442,0.19097676562644356,-0.2121132534515534,-7.526417707359339,-0.5119817409194157,-4.750337712295582,-2.4672105523511916,-2.4223403972570683,0.19114402176973444,-1.469140684273806,-1.7999099195919201,-2.743744459708583,-1.57795630941022,-1.9099860335173873,-2.579456962970182,-1.2779083290385622,-1.32017754111808,-4.189111807167489,-1.8916767214698875,-1.9917142377510273,-0.8306893829217546,-0.8130959180707682,-0.7946888040126088,-0.13227030470534565,0.5869582308229647,0.9865138608513244,0.9769072661442563,1.7138470485640243,2.2551362084552826
-6.032802842608057,-4.803623837041181,-2.703961900667535,-1.800701288571727,-1.0796085356886045,2.274533698605636,1.0288941368006783,-5.579114827439028,-8.30151809633483,-0.18432161309624845,-0.057424237805718606,-0.4628902628032853,-0.016032689763971895,-0.5567769198787352,-0.6430610147026377,-1.9371608690470108,-2.309029488407338,-2.2719038611556455,-1.704227063815694,-0.9629137699466209,-1.8609761971157632,-2.4952922743229884,-3.8637910363711025,-1.760322193289623,-1.2073681436096018,-2.016024144489655,-1.5740729350914346,-1.0965333240848458,-0.35580360116904775,0.39162539724442463,0.32013572784979655,0.652388572651963,1.1744594700944795,2.8314732498630564
-6.584125790588327,-6.013222295807284,-4.685636765149595,-2.3994709351287855,-1.0794661963551457,0.32832493981595023,-2.6962937045946607,-4.897239222784778,-4.648210750377723,-9.830356874522005,-1.260122394691463,-3.5693983901648343,1.5063081849186641,-3.0382881028392537,-1.5989216441908953,-2.560017643002897,-3.0156663062305076,-2.560037442794573,-2.339973113152799,-2.1348262000148064,-1.2849209043746668,-1.496797543553739,-4.091406710018851,-4.0757604546607205,-2.4592340590589714,-1.784966692850737,-1.8758781028985037,-0.9620851309383862,-0.5331979889003671,-2.4384379054962904,-0.36093244768784694,0.6625146664461294,1.1122636340178615,2.2453635365359372
-6.923186645142033,-7.645262110902412,-6.567152803783213,-4.882648789158579,-1.5485109095642162,1.6317894685303544,4.513556728392203,-11.463504854022293,-9.94901781713344,-2.879375000477124,-0.4161988152665718,0.21434006398359126,-0.633231769244633,-1.1385338157883327,-3.0639368875211503,-3.103185908394999,-2.3617631335248226,-3.1097306096092825,-2.4974013137838518,-2.350686692997152,-1.3281302558768384,-2.572991594899238,-2.5084684846747045,-3.245419380505006,-3.047636707227038,-2.132338264067392,-1.7869488900990735,-0.34175346519918454,-0.9237963977516753,-0.3500386226182995,-0.8982341382129737,0.42396647873153626,1.1101221263612664,1.7845989647691551
