script/wind100m.json
{"header": {"parameterCategory": 2, "parameterNumber": 3, "lo1": 3.000054539987559, "la1": 64.9999836372058, "dx": 0.5, "dy": 0.25, "nx": 34, "ny": 52, "refTime": "2025-11-25T11:00:00.000Z"}, "data":
[rows 24 to 47 of 52, columns 0 to 33 of 34]
-6.920342415121156,-5.641803081158097,0.10739705751732176,3.4306677405205783,4.529077040479599,2.7837712689812824,-0.33704806084611366,-1.4229256169132098,-1.1245124924611882,-1.659577110760475,-2.3096030279036968,-2.011663585938949,-2.576602596546859,-2.7427646861084285,-4.040036729548471,-3.58679698778527,-3.0399789204708925,-2.058844922175853,-2.074248242514188,-2.21608948477079,-3.024636715178519,-2.3604885882786624,-0.9022297056736766,-1.609275360683223,-1.9619802639505468,-2.15838510042025,-1.6514886685229635,-2.5394923454309937,-3.0714806661527874,-4.398780993075733,-4.539172955678681,-5.082093743470696,-4.122632164995902,-5.122721661948668
-6.453153270517734,-4.315649853021064,5.796582117320438,5.402117451351499,5.159049766426891,4.423030973167246,-0.002289181067610061,-1.009785170025613,-1.6520882624852873,-1.99362420421513,-3.081272637901137,-2.7495589248866774,-4.562009715765107,-5.635613968460404,-3.5613946902724782,-3.4440814626808636,-3.2762136899023653,-2.3332267181083015,-2.7554847603089145,-4.127547059528154,-1.5465287529404912,0.5099917501538193,-0.34471500832300445,-1.8263074399964676,-2.188199458957647,-3.5117430016425146,-3.2475296527276374,-3.167435265121867,-3.8004710635715915,-4.098887375966139,-3.7115093823868084,-4.996099367616931,-3.7535098604227644,-1.6292529926894854
-6.222673141994955,1.3857545059926046,5.005406110470043,4.015357883599378,2.993412111199774,2.8191388969325444,0.285323440320893,-0.011916546342411924,-1.1914597209993498,-3.0031280158578784,-2.645411424154311,-3.6610806326997327,-5.978834116622611,-3.886701880711148,-3.782406664238516,-3.3120899042037877,-2.6020880427953452,-2.705218845522915,-2.5494218268789264,-3.7574008094089226,-1.4788877354689665,-0.9851288940856409,-0.8614163066541064,-3.35473843695802,-2.526112851039068,-2.682424455600706,-3.0646000245226226,-2.6172044858206682,-3.9578489492426145,-3.9925139446485858,-3.6413463567651965,-3.3147225848843895,-3.6305584382488227,-4.772843165570036
-0.9173928704510111,2.3444913947299075,1.9791777640055157,1.8526276671594595,1.4590532860653636,1.1190138324367962,-0.6574882540668905,-4.12232941684673,-1.8691647007946015,-3.288309629395993,-4.292564016124844,-6.669221431161184,-4.798820228540668,-4.492582104441724,-4.010508376663414,-3.2960073744987572,-3.4381110412855738,-2.884672434394733,-2.248962795754572,-2.3154698819564588,-1.9051903803129338,-0.3588552924980474,-1.050886711699404,-0.35712657320903896,-2.364847349756899,-4.465193120405312,-4.32519004990871,-4.835584557726196,-2.9766357747901435,-1.333993380904931,-1.1476393409823573,-0.8308846718895868,-1.1011101371943053,-3.50949171019157
1.3286305469602444,2.1740881600333664,1.7967581829777075,1.0826564745666356,-0.2307052482384289,-0.13664151471013358,-0.9111410656576348,-2.6487073196192497,-4.5490983217548076,-5.779718876211887,-6.950842361523979,-8.382017960270195,-5.493768779015823,-4.8884071295512,-4.000321080809053,-4.018909456151782,-4.2374168147955045,-2.8173318334679247,-2.150389328448558,-1.2137117924150234,-0.7317730752639819,-1.3658318458798189,-1.3439068309124618,-1.1971271785390274,-1.4696605491114363,-2.0039240622656527,-3.071086404503767,-4.285622727963666,-0.3353493258274961,-0.2333640967418957,0.05943556328896633,0.36096733885204185,0.6459256067579048,0.6867127642577473
-0.7597633491573834,-0.016206769960805216,-0.06428787574791929,-1.0995992514747903,-1.4851272703453546,-1.1814434913466076,-2.5830859661848877,-3.6762891168104095,-5.452477707812001,-7.317586658731287,-9.972895923966826,-5.816888689440342,-5.395575028784825,-4.691328833449082,-4.125425729644969,-3.7838163846067845,-3.146873353578847,-2.5121855859979574,-2.5376983733805414,-1.1249170467645366,-0.3576046363034626,-0.6461914916523606,-1.8719456106493866,-1.3796859936836845,-1.8397915561287994,-2.881381784883054,-3.93394380366049,-1.726583879618887,0.8473684540468814,0.5833880661893796,-0.45738761897655483,-1.8160178295169414,-0.9969876635718574,-0.3853215803868817
-1.4820135083273083,-1.4706224509353643,-2.845479414204923,-2.918068733486178,-2.9671760984610955,-3.2892097711284807,-4.294824299087809,-4.632231758643362,-6.567381396077475,-8.601713167549212,-5.599881656881796,-6.294494246574485,-5.511504052610956,-4.226167140297722,-4.078660191252401,-3.015710633312931,-2.4391062344069976,-2.2830824698822285,-2.3974163210096604,-1.7506716136817677,-1.1659274111983933,-1.0282121942224205,-2.103254365604572,-1.0918910767590444,-2.4838769434105488,-2.8527601027393636,-3.098331343056835,-1.7232445211642173,-0.5641832993209233,-0.3548201268088175,-1.4304551148121576,-1.384334183962073,-0.06546943560979092,0.502223351306979
-2.3080965437712466,-3.1147089810440116,-4.438947048133545,-4.599133952142701,-4.571473409138623,-5.2720959962638245,-5.576341509770186,-6.895205388458968,-7.956224920114186,-6.2544336899382245,-6.60379763462872,-5.020632718952584,-4.125446870953849,-4.424564998493032,-3.9811615958176785,-3.192098951859298,-1.715939930051592,-1.7814130028423025,-3.4404174841545956,-1.893152010272483,-2.0042441362595196,-1.9939034628967682,-2.373313448816332,-2.107968323849007,-2.624199501606291,-2.75149875078691,-2.670928650911065,-2.0811969277746982,-0.9729834007292351,-0.07300385115025522,-0.761452820061695,-0.0013844430581463646,-0.022884662998587425,0.6600235518727697
-3.7469965198842687,-5.346770694592973,-5.50236343484635,-5.561725742689148,-5.827522749083838,-6.3515438051496655,-6.981340525991818,-6.916776187787018,-6.652958014802006,-6.069202311824003,-5.917275192267291,-2.876073927731601,-5.698130677314325,-5.5790400832450375,-4.328625672812692,-3.3092061484129123,-2.8684720542722904,-1.7654761701672066,-0.8600181721749648,-2.463144865377843,-1.750943657751029,-2.436713105352072,-2.46296299181386,-2.5049653023112732,-2.8970146641967816,-3.502601034180036,-3.6914402121836307,-3.3169032358747983,-0.9544653689290407,-0.14934221772133158,0.46888453088685045,0.5826887928348338,0.09791468453927017,0.5777109905953669
-5.568621415500119,-6.019656106739054,-6.336854556622272,-6.736605050585746,-7.133570269273696,-7.909726043006478,-7.134040492694216,-7.019492965339291,-6.549660106299202,-4.931312117497811,-6.750880567252409,-6.3331775578615055,-6.5074490040978885,-6.256797877301797,-4.9745518128785315,-4.1091863439227225,-2.2138087412766927,-0.23954162843678295,-0.4031129508105945,-0.6784165863061051,-1.1363431111695552,-1.6693492004808936,-1.363370205698997,-2.48157744364612,-2.7792177020951367,-3.212581074957359,-4.499842380622907,-4.380114261560959,2.62615158105388,1.3070968299155226,0.16420490660896292,0.6004239465573648,0.03491560225627861,0.552624944785719
-6.307833908070121,-6.642492951979288,-7.134905085711096,-7.883983414676631,-8.81999342745911,-9.461093714367506,-6.569474182425807,-6.73968007835884,-6.931713898620895,-7.6855089368680725,-7.283537734165467,-6.505299672201186,-6.008692926185363,-4.979425246171198,-4.363696348758961,-1.3372690166867156,1.8305951128433173,0.5632808326462773,0.9528649985578821,-0.4840764008403556,-0.0006576465476970299,-1.567155069872094,-2.536073638637573,-2.15303464157406,-3.088565902618334,-3.9974158934245145,-5.331257038083063,0.7767301300522573,1.1957161576633506,-1.5606781620865062,-0.865007282746352,0.21381733312839016,1.697227728238682,1.480513902527481
-6.911493744170802,-7.304207842882594,-8.346140586193123,-8.992423798781328,-10.605953351844363,-7.803991119591837,-7.4172934232009124,-7.885917937650089,-7.9604566144837365,-7.574845387132761,-7.658296782445472,-6.092681797937322,-5.375645040324051,-5.447038626544286,-4.384303915507514,-0.8599675175999991,0.8500560087721347,0.8929746915343449,0.4200733527801241,-0.7922761857733921,-2.4463484026930575,-2.986586630868124,-3.286556330934916,-2.938126559110188,-3.5466219328683524,-3.719909810113232,-4.154579156062819,-0.4064898739448514,3.0862777666992978,2.6401373317653314,1.0104510339465274,-0.5410368614186117,-0.9383624887532535,3.377617842440563
-7.438448268744261,-8.40515745985149,-9.323099511911565,-10.541293916675855,-10.943362891391118,-8.233915488849702,-9.459178303063162,-8.96040129442911,-8.009062391131744,-8.5749940623593,-7.349345727951273,-6.51265978979215,-4.440005952686442,-3.182334463301912,0.06122320342444267,0.7512578465642732,2.1644725660684365,0.6039347235388187,0.2799590280629956,-2.3349657811457782,-1.4283781765836927,-2.023687231114283,-3.7227741287447182,-4.397324075669049,-1.9319159582090215,-2.965814204200381,3.2657880948709246,3.791538470629935,3.3756675027973246,2.4550996096804742,2.067303895558446,1.3695981428358235,0.2929556220321658,5.406883204931903
-7.939391811614012,-9.13084185387129,-10.022693644532442,-10.861734694689202,-9.439065104303129,-9.761500713804134,-9.922633432296863,-9.085256655121439,-9.00518061816483,-7.650132413261243,-6.614605527761959,-5.685892394176557,-4.673055022627361,0.7749613844441098,1.473939326769233,-0.08599757862252758,0.6943820998498886,0.06471531157626931,0.40565812333370455,-1.271041003323436,-3.772445734658519,-3.2661402936127613,-4.661803717321764,2.0505659007965216,2.737610660938434,3.728475278437345,4.488805610362909,4.2552774927812544,4.0395309035771785,4.0089189502017355,3.155136731980705,1.8661764752126844,5.497578249319343,4.525378539897258
-8.303206202669559,-9.661768138372684,-11.014147279717843,-11.052040035516793,-8.92294597114177,-10.89719746884851,-10.398649311551374,-9.905300001051547,-8.279978471295518,-6.069864317660773,-6.048631851487698,-5.794446146726508,-2.889014549064004,-1.1262728601812992,2.305580583462395,0.5475103408536167,-0.7946580512147112,-1.201783681491661,-1.0553416230124895,-1.2430773791708645,-1.9423352812974144,-1.434963310015662,1.1420103357151286,1.7692524191951693,2.39468804518102,3.1328477354005546,3.196269450902565,3.905816523229326,3.3039032791922613,3.7555673159865064,3.251742920881409,3.4906395751724935,5.4800181433932575,3.045295878495796
-8.795550423860695,-10.378942231977835,-11.827886685845751,-10.950548868100634,-10.663617437504977,-11.625197264339683,-10.954066541461529,-9.777730052480047,-7.254801424497398,-6.088194999336247,-4.398816345694176,-4.390871919975744,-0.6124032481737801,0.07068244805056861,1.0671580714301416,2.17506788931006,-0.765170214656765,1.1910852944636035,-2.1981958704815425,-1.5110627327388741,0.7260047228665988,1.2485436627521431,1.1974339968691525,2.530982612837497,1.986833033930177,2.8037009122482637,3.1820891921598484,2.820054408841931,2.137667930571259,3.0612957692646843,3.487804743025701,4.466556243439175,3.5189992360085176,2.848313067232568
-9.439573262313084,-11.00902536006227,-11.581242910676893,-10.234383441516782,-12.095102532225434,-12.039606392249114,-11.403735756561778,-10.157166466215061,-6.993041882433046,-4.877861873875507,-4.119575861627476,-2.9314559855177285,0.36384519475038596,0.8205150778863731,2.161233641538777,1.0661303040354453,1.4457512824234469,1.1263327442020834,0.13787833601489294,1.7144974289176422,2.1983507795421446,1.5162683370586967,1.5541512792116408,2.108391677542626,1.2382605886292695,1.520439776762554,2.0672850363014956,2.883577680897193,2.34103224184405,4.105974757436277,3.739396387306374,3.0471755854753098,0.9937500553592042,2.1585276367586133
-10.323167635470508,-11.531817044501626,-10.337618100401171,-11.652696084761367,-12.322922374667927,-12.288949743767379,-12.015038790918975,-10.374592264625916,-7.321308929513062,-5.984689220962187,-2.9047335995616534,-2.3426752267978332,0.03199940686197355,2.451492990170521,2.3348644218784216,2.521222914149049,1.5218678949878763,2.6758204964473586,2.0432526874538657,2.4611875273900505,2.027902370786138,1.5582728415178002,2.111107117844349,1.7119277180645216,1.5745450184104546,0.7850404474740629,1.2622525915499987,2.846904443881789,3.0494302241786713,1.235784444101623,2.5156653250267245,2.219064792896244,-0.6583603045646307,-0.779154445183327
-11.193680769539755,-12.064771275288855,-11.952314635732254,-11.766792958785734,-12.021371285118692,-12.028389512476005,-11.67916252628456,-9.959279218696077,-8.319233253144146,-6.664133344874629,1.4379390511705055,-0.4227461681924501,-0.48277731221013254,0.34905305388593283,1.586006551157287,2.7250666929372307,1.8952769101961213,2.225865470628229,2.098804464712644,3.1750039424206293,3.121334586902113,1.0800636020734649,0.9265114918394475,1.382859702648669,1.8904591015704302,1.2620137962119409,1.3642367817486383,2.31715019779599,1.7447986647035694,0.30090076561436774,0.6977448073909074,0.24262105377795404,-0.7944214830387575,-0.5099924298403701
-12.014621341751868,-12.757489867730538,-11.9086750817591,-12.329202243919424,-12.118941450903858,-12.605333027312586,-11.885939885886737,-9.833980251772044,-9.730555047949697,-5.959976047297958,0.7921380080262147,2.1336696956650596,0.39173795871761286,0.4102049156881024,-0.07076180633560675,0.09253605594940285,1.8265195580466889,3.4935234925878382,2.8140540471180726,1.447756308938555,2.056128041023294,0.7151298785982212,1.073719688106038,1.1983808947826713,1.6732664325880078,0.6560102307651731,0.10987000289455084,0.6439810840594974,1.0528156685826295,0.7139542610503182,-0.6826781410859665,-1.2337379395559718,-2.308057860207907,-0.3641030354731747
-12.813619843394019,-12.94501401285791,-11.561751859112412,-12.107583996995684,-11.206991622536753,-12.937058893369198,-10.398437009619927,-10.71911423268675,-8.22817968286665,-4.733371221430866,4.140180394702686,2.201038217385219,0.16536219220649218,0.1286024010004399,1.1890358831277785,0.8668279338659,1.0154905020560963,1.2072206939406382,0.4328720937792108,0.5287813667993485,0.9228414498184159,0.6489591136313211,0.6351522332293391,1.8846844193831445,0.1275802672084455,0.02342577614884846,0.4257548699264138,1.2099983192601378,0.0953639704336545,-0.7124611127599849,-1.25668681668409,-3.3169385203516053,-1.463278589655702,-0.35915512425699586
-13.24563001008117,-13.147439934418692,-12.662200035898236,-12.303642780771964,-12.267734371417284,-12.280554527457605,-10.25463678414465,-9.781625440639848,-6.673679968289026,-4.84325838113387,4.572572933662966,2.3532560823649473,1.515398117969224,0.4654702820437568,-0.2902590214353302,0.8172076177631742,1.3347268358450737,-0.3429759543695326,-0.66751926325535,0.5134693461376701,-0.5482571278060111,0.175955849792331,0.5152202051485931,-0.2170913409562819,0.23391245007028297,0.5404410020278375,0.47973787581688776,-0.024365999571335534,-0.646788419091508,-0.7584039607066512,-1.2890674832455717,-2.1804376760207416,-0.7773364191734136,-0.44440564682209927
-13.154160484151687,-13.003689670311536,-13.337590906569776,-13.329772204276061,-13.253934371027167,-11.533044106371333,-8.79098674282026,-7.421899157412484,-5.277455012680405,-0.021186900308868557,3.770266659701823,1.6780255438463993,1.4324295867164423,0.3599828174557173,0.3222848641061601,-0.2873896516715144,-0.3457168321336154,-0.9126013143209647,-1.3282378361009617,-0.2831756113579412,-0.33443163962217703,0.5753895682460298,-0.06086790752034976,0.6499299529740792,0.4855042620146877,1.1523009810091562,-0.32023577378283674,-0.08081224147862229,-1.386081125647922,-1.8752777548232058,-0.7430036190328889,-2.093772011838205,-0.7137338041267447,-0.311267461638521
-13.060592762561239,-13.042289841007287,-14.337990202789065,-13.743245974180589,-6.463170180853854,-9.10595129697985,-6.3623578266905225,-4.775415268541521,-3.3504047132714003,0.3865726839935983,0.40007292595495936,0.8008417327574353,0.527330372966053,1.824046940716639,-0.9098909958503902,-0.9688077901541944,-0.8727294742921359,-0.9120143278577114,-1.6094561875711804,-1.4163595702959206,-0.22423737900766358,-0.47710916831521766,-0.44216901077731346,-0.970354272706151,0.6370420529640919,-0.4552806500905701,-0.05696634834672814,-0.6496627285176653,-1.0880723725323662,-1.9753711503552724,-2.0286740547505118,-2.2028241913158353,-1.2212182242699274,-0.31289878722427716
