script/wind150m.json
{"header": {"parameterCategory": 2, "parameterNumber": 3, "lo1": 6.000198445256149, "la1": 58.999992894266676, "dx": 0.5, "dy": 0.25, "nx": 22, "ny": 24, "refTime": "2024-02-29T12:00:00.000Z"}, "data":
[rows 0 to 23 of 24, columns 0 to 21 of 22]
7.467952369361628,17.987302124177187,16.050345798708292,8.897910923518527,9.450970015492658,15.597795459898148,9.801581669100056,13.383066447106366,15.75047659808039,14.223952700798895,10.517227265226078,19.440997470882976,12.512511994349637,9.888970201624318,9.607499164316016,13.696591354317036,10.899036190723276,6.912723917358098,9.39928874432778,20.212760063312643,18.560233391197198,11.373341269219653
5.9697936498187705,15.613844654676278,9.388375718677327,11.847521516394293,11.48192835933274,8.01150566021164,10.660736971600132,13.211278537112468,8.582592697556953,8.273268083816552,13.30501257804899,12.717795347844186,14.746113895211304,15.988743970668597,12.706594474374455,10.339434804753614,13.132414375101408,12.296225425993041,9.089761598356523,16.619615600019202,8.693876456333038,9.6935280135916
16.910824914925925,11.011359124380753,7.300673731920437,8.970263955272117,11.782150340835376,5.781498204233529,9.775266778575666,11.080055680741783,17.519808904649345,16.457619015271117,11.325277381942806,11.844457873262405,13.485722610341822,11.747036095228244,9.522411794398055,11.505637567716152,15.964783943762566,11.857530614758389,5.314489167662519,5.858959890558012,12.283003433753112,14.385269146311922
9.554095856415888,14.176946229543221,16.27482820274259,12.377181318072926,10.057968422042572,9.032496778074732,12.234691382751683,11.464699632193668,9.330351855769761,8.578801918339463,5.606606060871826,7.807128769068779,7.0422685701756595,11.558311041281483,10.471198853359969,11.626713289717516,9.278791014727648,11.058474617348454,13.126937459458883,14.204421955960068,20.980421385233107,13.138676537222926
11.285863447207015,8.27744816098041,10.57442126878198,9.345023701130579,5.722611048291896,13.032802502447177,19.942229697933875,14.596721421369471,11.719673169371697,13.522279323853741,16.020266259797097,21.087890944078886,9.669540255474924,7.067298447347161,11.570847794067745,7.317459647359133,11.347171730235921,15.200265612430412,15.782044921100969,8.96634061661386,10.1879015055335,12.615670881857895
13.847578284350218,14.758583292772425,6.330593011516037,8.781697826037009,15.65994736438021,13.450573808724636,16.754027189602027,14.48272432790432,13.910271310818798,12.49419872063008,10.425569263045709,12.442430215255474,13.074736976983763,8.124408858125365,12.768265067139607,8.098593399913879,9.431851174015252,13.074185393419095,6.924668042647153,8.932989716498124,10.492252829606883,11.389445093811384
9.707499578017279,15.645197272770785,11.002316216408893,8.10345627054035,12.91728190511665,11.476445803806861,14.275029803649458,14.402384933188431,14.790384814778593,5.236247116581303,8.628887334998414,13.373383036361128,14.983168848529692,11.746081913796601,14.641661226393834,14.590897532407263,14.120963881189326,15.741585925796858,5.888628117140522,15.038105796331907,7.344426231465132,11.535766154399818
14.922933075109295,11.19038643438831,13.296832582135389,15.32288933381453,8.134032653641256,20.803463130182575,6.553605358086705,17.081036408621095,15.824246425652952,13.2036143033465,14.875448599443041,15.461277994074072,8.49648392684729,21.390329149925844,16.44116005589186,12.53244955662638,14.296176400289925,16.21229291570884,6.724704054119506,9.477338516954884,9.120473292404819,6.833990536403448
10.706955748789747,10.238252436029343,17.185150690444953,8.77377106690004,12.882590858485106,14.52977716459741,11.421093539117374,17.091129676645306,14.588779393409363,8.570445740273522,8.066117082785873,16.604442605047772,10.802350037460727,10.474543254434925,13.383929097856377,17.646145117046938,15.61928727863589,13.41444265319203,12.938276889069483,15.624868358254258,9.95492357157131,14.467102639552053
10.507969301853837,8.370229865566426,5.347648563844053,10.677899209230826,9.71952121520512,10.761313715827306,18.573918628016084,12.141073254260853,11.770731238715312,8.52141395272719,17.5633258893736,14.265277574597079,10.471221687529248,13.121342926761221,8.635547157762108,5.595874588744206,13.853347135040643,16.785332320299148,13.8112815319658,12.680372652929469,10.504438248004314,14.758178741372298
6.213976797587159,12.61974294675515,13.59542290964955,9.860097155973104,10.004672766706307,15.79096112239391,7.53508251901227,12.16528854792059,15.874406040456607,8.064958893241048,16.506698481032135,15.140832064722757,19.854191613400598,12.609190770875223,11.169135042271519,16.692757082714696,8.86394082955584,13.458375940711981,13.246747204339743,10.065972717373871,18.709830774487255,15.735698296827737
8.162113541528655,18.779180559197204,13.712912153629256,9.311734834943517,7.202183580731514,12.168503165787401,10.366452554588777,12.720195701208333,15.087802134550163,18.4736079459639,8.188782571611688,9.925750530871014,10.981258279741981,7.847432561213521,19.758947668921817,9.337563128365534,12.006037594367745,11.868174532381042,15.68980287030252,15.06869375656746,15.894601974299206,8.81458633486784
13.595260162486285,7.32870041552768,12.70099533504569,14.162763742829144,13.352764028730181,20.38506158175087,8.41081062400251,11.383631756475522,17.268438520326715,17.602453767742468,12.35342086738879,15.155698473638168,15.329364828793857,11.459487239925236,11.23869380536478,13.64802162001671,17.804425979688624,11.797189505481088,12.63189215161253,14.73107432550691,7.2945817042969,11.333295108236475
12.10653487526627,13.342377922126882,10.716892582677634,13.665595440515297,11.695977965250439,9.655627421084512,10.62245378606669,11.340325928155519,11.493537876329672,10.456666819839743,10.918883904314349,11.954155230322343,7.9559121654618465,11.07963930248255,18.914735158752503,7.393536312187024,8.910928594484577,11.063390209250874,15.549466588693553,19.993111970907165,9.997417918247187,11.591932350062153
10.817917313466438,10.34152601386723,8.79886757606957,11.046399412172569,11.07450578002421,11.603890853976266,18.040352045307287,10.752335806563366,6.070921446747295,11.189152311910266,14.268710316088578,9.504084954527862,15.512036769020536,15.985801590393661,8.577736457483516,12.214240806318733,10.898651753444849,7.237152141095548,11.828382127291537,6.290762031915457,11.614496005191693,6.461166976540407
12.647316287877246,9.342844507674444,11.822698643649664,11.34346190717892,16.433408134712817,12.72325387998225,11.22639335887616,17.079952291822625,10.248409708433773,10.559401127383406,9.06620401499595,13.955235060850422,19.68055853138451,5.27190340098535,10.308325315894582,7.215823770182136,9.003051311270221,13.580559754365247,10.750203685642152,10.168617276758724,14.6949684901381,8.97213074606198
8.763165474412858,10.080169897080618,8.06307398620252,6.970262197377438,13.8587916985513,11.348008522108382,13.383759969169619,13.556961979433398,9.54348860836803,12.730738688747882,9.81360427810021,14.506680646214296,7.77717034431224,5.889221714584365,7.379249147332053,10.170784483470332,5.631774383089645,15.69764758288412,9.646237249146866,11.193199482034556,10.039267507345109,9.496666487711236
9.067295508314267,13.452254388426452,15.184339787973467,6.637609348526078,13.843947781072071,12.083274853145335,11.671405292760985,15.301696790892409,19.253767489168965,15.821889977699687,15.20042142302374,10.970150539900501,14.828341752511255,13.330194520938594,8.627309336892559,9.587487205169577,16.827091235917223,18.905868053641985,12.003795982182805,8.64010977307173,14.957934844298846,10.004831281438282
5.6073480740524815,9.065269442449246,6.988798158755838,14.271590347779762,7.975251470486802,8.497131281136822,15.804735285342083,10.353144121288176,13.85784222051875,17.409964174403846,13.927176223402576,9.600652665530703,12.689366394525102,14.44699634805609,10.527035952752604,12.011123307493731,14.256259376971041,13.715069444924817,21.088329058633537,6.184353244806396,9.145706342274012,14.709912762597497
10.362211061017122,15.827536094419186,12.422060922981254,9.276693406771377,15.652487856307548,17.486996862478215,13.507997765202333,7.037526037239044,8.374965710270244,8.405638294018253,10.042347639845824,16.110416844510706,11.30860284139075,14.852071807079591,17.79744913820847,13.212225482737649,14.298050759730065,17.710816904649956,7.096159332531134,8.644229705017201,8.730403401024397,12.423960514610815
12.103597707811735,14.640022840391184,11.799112154407556,6.695182742041405,9.357344822788418,17.337542769722678,14.188107851814223,14.84279032028403,9.084798583793265,18.04821073872855,10.063162458201573,11.075003696417097,12.763556654078718,18.51456954492701,9.880652957591025,9.998113556383295,17.4378491234017,12.882285764001514,13.450248185569768,11.955644839029798,6.542667159928594,12.541922006034905
14.268687752226324,11.315261310053916,12.599124952056405,10.519830239805668,11.87881855961045,9.274641913244126,11.861707437781527,11.453069184049388,18.57512334656706,9.499327012641999,12.589766606259307,12.353540129504475,8.394404114351808,14.907519744282437,17.14516226272058,15.355012869684879,15.474993913947003,9.036540782015356,9.656914299901091,12.762326863660636,11.393485161218454,6.894369212848417
16.25646433486775,11.18274406647374,16.123035354168856,13.863449108511436,17.361593236181317,14.305332197683672,16.639675119488075,12.786893016684743,12.953295000420981,17.954314113366074,7.517641412470086,12.757292088561348,18.1383048322149,9.678903740222259,17.098346370036317,6.7906463062675915,8.556376445787365,14.623105045192876,16.48896629394059,17.057316190729846,13.759179542794902,15.964482863897977
8.261014238300609,15.025430314439555,9.95039273356559,11.30069931607296,12.974546783446755,17.42911999085575,12.470775444130723,17.359617799433263,9.264454254652406,11.11688890187876,13.15496921728504,10.783227487565583,17.90264590943387,15.207699704440982,14.612652897344407,11.102403177623506,13.068061887965426,18.75152951195212,8.90375500349224,7.098441724900962,15.193284608554919,15.62014791081012
