script/wind50m.json
[{"header": {"parameterCategory": 2, "parameterNumber": 2, "lo1": 6.000198445256149, "la1": 58.999992894266676, "dx": 0.5, "dy": 0.25, "nx": 22, "ny": 24, "refTime": "2024-04-12T05:00:00.000Z"}, "data": [4.312503181637554, 3.585037572245417, 2.74214044209854, 3.08310147958491, 3.202334907754554, 1.8930566765190437, 10.063944617125888, 12.636794952469884, 7.680097575530633, 3.9885383521709974, 6.391243712622382, 2.1164817967067022, 4.426246503699101, 1.9673671766305494, 6.92624071582525, 3.104625900532559, 2.6321661356210275, 0.9585488842732637, 2.480722228410469, 2.928725316579227, 3.557722550023092, -0.7322040344201305, 4.473565688908278, 3.2642958589084063, 2.4253594991813285, 3.438662653236872, 4.342694523261204, 4.472633294576759, 2.8827310817340677, 3.5071532972828794, 8.503427499176416, 6.191389388483541, 6.7479658925523776, 5.12567411887118, 6.59918554640959, 1.6258794140480248, 6.449124730942571, 2.827796243463337, 1.8203314726173907, 5.914791828210506, 5.76901855210236, 7.1219013722922435, 5.567552920676104, 7.085560797667501, 3.9659786705837736, 3.7197886439971564, 2.486648498780137, 3.8380935636056295, 4.94334800982678, 11.254533735440715, 6.591107656860531, 12.794534078275904, 6.914655937482083, 6.622326493642972, 2.6074637742622144, 7.302363154505384, 5.833151127679558, 6.3704396225033815, 6.895101421686506, 4.700497672260689, 1.3413808099135331, 5.5268368459837065, 3.8069172289069404, -0.7952831453877455, 3.6134222611481555, 1.7524953204723763, 4.293743516776834, 4.546947141294385, 3.0459888635799612, 3.455927980429591, 10.700482290860359, 8.904475057980013, 3.576409140072177, 10.350091383807637, 8.98625884181712, 10.878493171300466, 13.325119336170278, 6.347316998223167, 2.849195510879896, 5.250065877883472, 2.4186438740643688, 4.555290055075053, 2.029289064606214, 5.14163151317497, 0.34661764954325835, 2.8385502615957123, 0.8406887726200544, 3.7702854982241663, 3.7118361676314957, 4.359610335405977, 3.205812668230943, 6.748340531251379, 8.95244230489333, 6.9108721064975756, 3.770893365974881, 6.796329711657728, 5.909253566059996, 5.752327911537608, 6.414202250333951, 3.4693683709498053, 6.384686094055984, 5.904388377817083, 1.8590215064222408, 3.954999297858839, 4.245361741630184, 3.193296325260343, 4.9325147825231594, 6.210926093803091, 6.170045024110785, 5.643922841705644, 3.5115980996478564, 2.8834646231195737, 2.997919266417425, 8.273267483642462, 2.3950758192023054, 3.286861901177236, 6.577567572774739, 12.650104920690469, 7.487967494470938, 5.492639048492197, 8.021166163195762, 5.307177316987772, 5.978625964971575, 6.085574844413441, 2.214901280634075, 2.7512545732908125, 5.6033183340624975, 1.5496647580271874, 7.671784786838751, 4.290135799477433, 2.7313296465806065, 3.559323536536113, 4.553812487204602, 4.097448738175481, 2.923146795325993, 5.216974964716275, 3.1717945724343437, 11.07175817157978, 10.706441286244958, 4.092394360632084, 5.353406735682602, 7.443531186790696, 12.733483155462322, 7.735906140565947, 7.9456631015871295, 2.1628396240864878, 1.3673712438423098, 3.2774333707404217, 5.4708595181936355, 3.468028723924074, 5.963677338470167, 5.272345807287932, 4.7141070608941735, -1.038511953647221, 3.37690247979022, 4.826882758999468, 2.9195667528010625, 2.554993485392107, 4.044781202334516, 6.930596749363421, 3.4016579016894384, 6.885395181025285, 8.815807430442401, 4.398811497401413, 2.7312412124341665, 3.6514506132686932, 5.884737110148401, 1.4358194558339739, 1.4088093081114788, 5.177535973736326, 4.92974995893636, 4.065613552625839, 1.6581326178085916, 6.041023514491542, 2.095559247184822, -0.9822641370067826, 3.564478710596944, 4.714727449400065, 2.8375595260450117, 3.0644148967602063, 9.235174498190826, 4.155600360836517, 6.519474938613366, 10.268179386473205, 5.131056790875166, 13.681687912063504, 11.327516998921034, 4.079342412442034, 6.338885101956073, 2.202864218252896, 3.568528155495142, 4.571604588491481, 5.737014745206237, 4.171667462362287, 2.621642991959039, 4.344986719762616, 2.7782842715996376, 0.1421570203972865, 3.7737347532959533, 2.6678193188038475, 1.9461591337422222, 2.4570118989445437, 8.641058874803742, 4.394329272012459, 10.966182157601999, 4.251395294316681, 12.88590278542108, 2.9083028856571773, 6.200256940160865, 5.638572396968363, 4.814349145884013, 6.3474556091700824, 4.29132472929572, 4.045968301097025, 4.229529569385479, 5.051565425185475, 2.688596053119081, 3.023391064536233, 4.667185899279172, -0.3218692668687635, 4.260053615264975, 2.90101996278753, 2.197714728749679, 3.6441937038033667, 4.624555995968827, 11.541125340158317, 2.7980124997196074, 13.009838869403561, 5.234960308457112, 10.90630167297434, 3.6782365171244757, 6.871912147211351, 6.261332392424394, 5.165884205432556, 4.837818213895054, 2.9989460563550403, 2.3731635649455054, 3.5705894497112123, 4.906425042750701, 2.011825296467104, 4.054444534871301, 6.300066083334802, 3.9241319256977776, 2.5490194368390418, 1.982256455784088, 3.146062445114526, 3.277561854047858, 4.722119368239572, 7.08081395662892, 5.295951825194283, 12.938288949292307, 3.8846000689694016, 12.628774856960396, 4.084180775828263, 6.078071467790292, 5.762027280494565, 4.379758276760078, 3.274967038988089, 1.965924366781162, 2.8709357048997903, 0.673258792489338, 4.226603646933382, 5.260021129353593, 0.49310337580252306, 3.807745672982017, 2.1256563850489685, 4.032639303221854, 3.8778069982644974, 4.6507356051653295, 3.0358167436967594, 8.242992824358465, 7.963356901115149, 3.5759079266078966, 11.07477952520641, 6.078007154650302, 5.572534011456202, 2.777006307114032, 6.2461402577833445, 4.4777573058160085, 2.644560188805028, 2.153240780625323, 5.051838823436261, 0.8193531978932537, 3.8460808646987257, 2.841594891092227, 6.241341566124795, 3.823589693103153, 2.2622484865651167, 3.316778108092281, 4.323029886876193, 4.913369602658668, 4.667712263102483, 3.2024089204278883, 3.8114016694400874, 12.982178563000057, 5.95333342264248, 3.9835172067176035, 7.036383541308993, 4.328229180109642, 5.02786366368432, 5.624300297840651, 3.6971428342979107, 0.5908202263521433, 2.099368228411026, 2.6126586520128083, 2.8565725268024758, 3.7868622835962134, -0.49727968818389845, 4.692544770607305, 2.7076746973586157, 2.8051367774119966, 7.9607510888299124, 9.38305975622703, 10.663643503664593, 8.59606651709358, 6.5170476220762135, 4.0152441671033365, 5.499087776862078, 11.52670982126329, 3.5958301979171052, 7.988160278954177, 2.2640750791526822, 5.775613446845611, 3.0151876619046747, 2.3199583251550493, 7.03670995388832, 4.033451768872061, 6.235798533277528, 4.05242149386691, 4.594857183247586, 2.977059683482518, 2.536427262862164, 3.2927485670630032, 4.286202015123465, 4.666915515042074, 5.734458307163307, 7.183981650919611, 10.80964373930151, 13.26384577994722, 7.334349657069715, 4.465701785369409, 4.7304181194024135, 6.813335724024499, 2.10175869634901, 5.00535745720595, 3.2520314270032746, 3.7349346916549173, 5.494921115272173, 3.6720604670821864, 3.156960377098413, 2.9066900151109354, 3.027416876522446, 4.57364130021506, 3.142947666152226, 3.4532562781347287, 2.946966856845835, 2.708513885130902, 2.761046295206745, 4.189750083255413, 4.282200756248577, 4.200904301862838, 3.502358227264153, 6.062464838720074, 5.7240058518306265, 1.3935830622427567, 3.9105651137538726, 6.935483892879624, 0.8509394076069184, 8.41385471307259, 0.5917868351571648, 1.8879989033784756, 1.4531158470370475, 5.0204944665460784, 5.042233249714337, 3.4685862164086467, 2.6893118199429393, 3.6656827946555737, 2.1373036912259593, 4.291972307746831, 10.737910257902033, 6.152323188381729, 12.876527870829857, 12.377199062949916, 11.287520177661584, 7.426627797255557, 6.935353824564084, 1.8709856407536234, 6.367460508961231, 6.462514212263389, 1.4581475471356797, 6.761547622088843, 2.243448339726689, 2.874466469077016, 6.126960553468169, 1.3315624073535557, 2.036633397230711, 3.651783741760028, 2.0650343802542963, 5.571513266416605, 3.881980976136835, 9.08545405911879, 5.445884038720666, 3.795439350917242, 3.661975806783423, 4.181983364001414, 5.258772385894307, 4.181210649467489, 3.6863110272010475, 4.503926952716914, 6.248608651723747, 5.4550661684270345, 1.424842800838609, 5.707493354579661, 2.2935861946457545, 4.723698064006355, -0.1869254888968637, 2.7887303036362106, 3.47717310854859, 3.967802281830219, 2.7868632844549914, 5.780261240317863, 2.89730246811009, 8.523143686296912, 2.913014211833671, 3.0342632615397815, 6.042117402591849, 11.021017353256617, 6.123872220376774, 5.351923071499469, 5.251998688898273, 4.5438613045807985, 7.099776754769284, 5.545420096271028, 1.8416359344467026, 5.180036863101733, 3.0748105322727963, 2.862607621314719, 2.94887053581943, 4.67991880352546, 5.390934685806259, 3.674300170064712, 1.6698097293358896, 3.8049368100931336, 3.516638822241634, 3.381398880201412, 3.0305032359847655, 7.1105968993411555, 11.267883634576906, 4.93924775762896, 7.638821109387174, 7.570376407711528, 7.761525167747965, 6.303707299114296, 6.680679390686329, 2.75836283565267, 2.2004927992270833, 3.5168504616332825, 4.5816298553968915, 4.088926092118439, 2.9984074623505386, 3.8905472341354046, 3.723148736792549, 3.499514149000027, 2.3103588380557443, 5.2294750581001175, 4.964676026851858, 3.086551492522945, 10.259657378461057, 8.187994035886023, 4.333178424093597, 12.6160399131363, 6.115348809426961, 2.973166356366596, 5.0888470436678, 1.8875171129948878, 6.04672786324479, 2.6244790387380217, 1.455975854886552, 2.0090803032538487, 4.431527756636745, 3.3403867440064174, 2.6967880605930294, 0.871567959485931, 3.8849422410523724, 3.410393739271594, 2.1499467607214666, 2.5569992067344365, 4.718512903038239, 3.1265979250601514, 6.85601710236255, 4.475262907082181, 12.462320062727986, 3.2428935476133276, 7.560523777015437, 5.874665591311644, 2.9198315012605924, 2.8405751255527028, 2.4219781318985323, 2.0937513270732135, 2.0645449625573815, 2.293098222663284, 4.429160148632371, 4.631171452142774, 2.946313990602599, 5.822683245061114, 5.124768800719761, 4.208878423381392, 2.214544072508153, 2.001465136880952, 3.447010936839733, 11.453167830913106, 3.638257363590987, 10.698725729560541, 3.7810831760111507, 12.990421500812781, 3.4811987191386993, 14.130710899017812, 5.3250922310570035, 6.241794487517956, 4.244824466852295, 1.9033855745742312, 3.6807967527595444, 1.288369746500168, 1.4924062848706803, 2.997024101921668, 7.144319381896784, 2.478846039411167, 0.8831162042284776]}, {"header": {"parameterCategory": 2, "parameterNumber": 3, "lo1": 6.000198445256149, "la1": 58.999992894266676, "dx": 0.5, "dy": 0.25, "nx": 22, "ny": 24, "refTime": "2024-04-12T05:00:00.000Z"}, "data": [0.9129134525334063, 2.3386124339252694, 3.99942471543531, 4.087084974948085, 5.577908539341957, 4.319766062303458, 1.950576211997102, -0.5742149599406898, 12.508061544366317, 4.546150258587672, -0.1494154525339906, 4.702514835802806, 1.1613120374704253, 6.875384664237837, -0.46644605781721704, 7.470466098068811, 8.957774340633312, 6.069458119031598, 12.940003567524027, 11.337748280322426, 4.078032124010728, 2.1521614487542116, 0.5921465225878447, 1.9396994760367752, 3.1539218408862317, 5.202873019256996, 5.606639774343435, 8.825845195695187, 4.704560867673562, 4.860685465609952, 2.675889212021337, 1.4335544954084758, 13.27200491243664, 3.272724787092908, 0.5574963589256827, 6.070957227769038, -0.8167481632328019, 8.237404348205345, 8.027061559316632, 13.067135845569648, 1.301549101220816, 2.24932729591526, 1.2914917990496593, 5.139752635080428, 0.35690073845219444, 1.1889361461826846, 3.303511278440911, 5.901605185054351, 7.041230996837116, 2.457644995265256, 9.845440293589151, -0.5346633483832921, 11.317547946706062, 12.234091523500805, 4.411186344383772, -0.7221402572902638, 12.87189466870355, 7.891620892127642, -0.19704336007271933, 1.7317964592169708, 7.874345913001362, 2.5985062019567917, 4.752534359491197, 7.406715593211563, 6.560521879131335, 3.68771824726546, 0.5756927831466211, 1.0048066567998564, 3.471440988017115, 6.383290342851745, 3.316404124613595, 0.4502093786267372, 5.440154161639843, 0.08365055590569134, 1.8374723429360285, 1.1838290750532705, 1.7719612981282542, 12.743815718020405, 8.036439398602134, 2.1951371270692737, 8.091131581809215, 1.9237828009148734, 11.401276745609348, 2.0156884157456334, 9.278266645238133, 11.567599862394246, 8.792857467788142, 2.264256149949942, 1.0627228020886277, 0.7584042883685406, 3.8753602344409943, -0.8152167738149996, 4.530689294903248, 7.107790391583465, 4.977960648410498, 11.18972305937774, 11.18977541830197, 10.53676645764247, 11.637153946086212, 7.418456788113004, 5.026627467565513, 0.5520980209615329, 6.7216011972725624, 2.830617531942631, 13.596212354545173, 3.8236252990282056, 11.148026236976914, 0.5709877137770619, 3.1946680140824575, 4.291738957191242, 0.701208691566715, 3.961484134283188, 3.92379769958215, 2.8596959754763422, 3.4929462669672797, 5.174342208901192, 10.912996965997776, -0.6369806104667414, 0.5764975929479071, 1.345977749480833, 0.42876948795490283, 0.4415216125159606, -0.7618181507730009, 12.776435474660927, 6.5271244511184365, 2.8399587240082833, -1.2050400719828538, 9.48992288107962, -1.1475399248822045, 4.931408313422383, 7.498603021475035, 4.430537308994338, 1.2832885691268956, 1.3721535068271753, 3.7029526422879506, 2.27617901736621, 5.4989885549996025, 2.5075918187080397, 1.051616740754698, 5.17760131366439, 11.226951522906768, 12.279703125281571, 3.0552675755246423, 12.809234811186947, 12.610652923073511, 8.346419614449495, 5.542552278736336, 5.98143402776476, 0.999724688459066, 10.080175775975135, 3.519095353941492, 9.903300408070072, 1.3091730064997966, 1.9952175222662683, 0.7187653804945054, 1.063843820833477, 3.519392976028651, 2.3839670456434283, 5.753302816425607, 1.9051640369235987, 5.015329232704407, 11.233650508137961, 0.5947617775304098, 2.745507388039782, 4.3952943353660565, 5.775112375700711, 13.132741776577639, 5.353716705472328, 6.284936191391289, 1.806530206619677, 1.5222107414737829, 12.753029291846667, 8.303774185868969, 1.596970997623663, 4.474867384588088, 3.738818191973547, 0.6642359183972534, 0.8483389734761124, 4.097705676754353, 3.2547643990024504, 0.942719273801917, 6.916668915842225, 10.626920939770745, -0.9651465141701632, 11.246791946207729, 2.76370113848136, 1.3837686270664897, 3.545122173223059, 5.610397133782105, 4.367283438463799, 7.4404587550358885, 1.8407963763165622, 0.8019881386454508, 13.143556803475553, 8.83234957247177, 4.413453586181574, 11.503267990501511, 3.1384056175721047, 0.4171691742332101, 3.8207366982162156, 4.170346488760267, 4.172810822176097, 3.2554342362508266, 8.424077531457716, 0.9727394652355403, 7.171094664182242, 1.1411200200508693, 4.479364903796457, 12.852145745754967, -0.010570484572235908, 0.7232058538980228, 7.557130846508372, 2.628661168870785, 2.757580887071571, 1.7751090971823682, 1.219911450298236, 12.444793827483403, 7.9445691942148535, 0.7020630011527996, 4.437685288633003, 1.0943417117106335, 3.878075497321491, 4.41489945894487, 4.660072882018636, 3.2468277701926347, 2.167300238343215, 4.639840602491104, -0.06145336593668263, 11.247583917999794, 1.1394313643869496, 3.6835430223767793, 12.501708531319633, -0.4671868811641487, 2.2791891864703353, 2.181310287305587, 3.684218863059053, 5.236912911902511, 3.702783987190775, 2.9796662267117333, 12.433019543874316, 6.627621037143839, 5.778000981203642, 0.7699538985415773, 3.48778217094983, 3.8111855621551336, 4.87604803973736, 4.133633668757969, 3.612955674468999, 9.40220319360842, 7.587853301548566, 1.1919448310330207, 4.907205550793811, 1.7207036282277064, 3.5794041416814317, 13.284714466895705, 0.6173114226000707, 1.975313430602675, 7.140053085603204, 8.953389679745118, 3.9053770890694977, 8.515392621953964, 3.622793050363581, -0.4676135352086826, 2.9092950246241345, 1.039031433860904, 3.70528336268448, 4.237002184065326, 5.739945694544942, 6.074527377731156, 4.2835854706691485, 3.582953658598782, 11.1616154844512, 4.602387656932582, 1.1929214234267826, 12.727935165226173, -0.034497538189755435, 6.489504719658039, 12.990384992336626, 1.3229602320402734, 8.475239979688071, 5.338320140848083, 12.0241331777979, 7.71431844058142, 9.193856443167208, 4.393110639060339, 5.676362223677435, 1.3745228937782712, 3.183631634677396, 4.899778596519885, 6.037754093242689, 7.000722635325092, 8.223687086900284, 4.999208371123045, 4.435031851765464, 1.2917274515991333, 10.56045388503118, 3.720332304130443, 12.770163789799348, 1.1382584060292709, 12.733589387275135, 0.3324365213015605, 2.892630957466511, 5.0760426286108045, 11.918265943534777, 12.114068859457689, 11.435000306658, 5.880450263203997, 3.6821169832186422, 0.959498405665234, 3.473694504750396, 5.473042212621757, 3.1629080442887627, 3.0605843776903323, 1.6653362352568901, 11.106933750964345, 11.106304520129912, 4.8120504302065505, 1.3788490939488085, 1.500804954155778, 5.528321721888561, -0.8956369584282846, 6.865815865180681, -0.006323277107737054, 4.5825407277418915, 6.743195327318861, -0.3071358345899082, 2.5675797508766744, 2.5494616082987442, 2.946717657862216, 2.8907900195977305, 0.665987434166729, 3.4508294898873317, 5.21050806176665, 1.9643662719257775, 3.040250070171382, 4.637513522295027, 6.92665222241049, -0.8857654415738101, 1.5934236045596213, 12.361726795432045, 7.351797641761728, 3.1480419369096944, 12.8708827376801, 6.244982336111355, 0.23655999177527884, 7.9531700963694, 13.128249718534768, 2.5220139863783677, 4.892587717251025, 7.3994292588317, 6.306563970659864, 5.2216404142758215, 0.8714253346601729, 3.9115298739004984, 5.303318656681531, 3.152202400837484, 4.8076734792560165, 4.733147790534843, 9.398575581139742, 8.887582624813154, 5.593993953184813, 2.9337904625759674, -0.30926820507183095, 0.009304722233064526, 7.675254801668061, 8.11505842621764, -0.3151839690207231, 8.308043552089702, -1.3054343924919745, 4.370368472234389, 8.389271430291029, 11.505933241887536, 0.24922567440558507, 3.39387677642064, 1.4029669994354155, 4.008467706232078, 6.127480874182046, 4.402992375909742, 5.703382030434566, 1.7691577358698456, 10.680117247517089, -0.71519955740801, 1.8031888054413896, 1.426490045584576, 12.394773463197588, 12.706566776111828, 5.673458934674333, 7.746346712010631, -0.12887301303614676, 5.504793775230048, 12.91750856671243, 5.514144795689463, 12.308530635302136, 1.4122463511694092, 7.228550303630551, 4.2582225321554015, 0.9729486304125173, 3.829217098418562, -0.40413872311750915, 4.488983190665579, 0.842142876202933, 3.8982345510540943, 5.503620666866653, 4.950075798515742, 7.261978180575871, 10.057551816917435, 5.913003699025406, 4.145712979812805, 1.865521945995888, -0.9720504034855632, 13.19283162570184, 6.82345454547684, 1.7590224181286276, 9.55091154529163, 2.4071867955662936, 7.200006363285356, 7.465155629084908, 3.4173767061134037, 0.5294753356623471, 3.3394018103939302, -0.12530800837210135, 5.151743417482906, 3.1820937318674622, 4.46233964962889, 4.681123191559048, 10.980993120512236, 2.3184073418972715, 1.3689651970045253, 1.428006601958687, 0.10303188308541487, 1.1993835115485192, 0.6543205846375387, 13.294211613337392, 8.96278436497241, 1.572357116616562, 11.691903587492181, 4.4113644182225995, 11.344075511705489, 2.451551651107744, 5.5487114265611845, 1.599597610104758, 3.6534409407074446, 0.5974781188149537, 6.090347179688976, 3.2216722353613942, 4.492930396940071, 9.479045578388522, -0.6889049963622658, 10.610009621858728, 12.472050387651445, 12.478166255068825, 12.614080413165262, 13.24683411438904, 13.20754064436688, 6.799114495825707, 6.01259737716526, 4.180924874178313, 0.1301347354200341, 9.128263459975404, 2.0118697074469125, 6.175999269440487, 1.978399838505617, 0.5201454212272117, 3.720802386101716, 1.1730469761473383, 6.248313348322122, 5.251453910473753, 1.1969194296387373, 7.151621430441284, 9.42653982190888, 1.0145671324403114, 1.5426797310731528, 4.994345164109296, 11.06820062784799, 7.092620053838332, 13.188554158698533, 6.716264150423792, 7.868286020935989, 8.938519503511854, 1.8589632032002603, 12.15231195436012, 5.520264859746374, 9.178326527181481, 5.797097282386311, 1.4066175494560906, 3.2491913354938218, 3.5789136110133244, 2.0086425606733025, 6.576810244921531, 6.501134557928932, 9.147905154642046, -0.7490929455369791, 4.372200391460555, 12.461974292781662, 2.2764366811419414, 4.936504988877423, 5.593045664586093, 8.51291331637114, 6.560466730899149, 8.706130874697596, 7.807727086165095, 3.18838382913631, 2.431449769611847, 12.270052964295619, 1.5898115061635851, 6.876199803611494, 0.43284698324113574, 3.17149846099371, 4.342149752583295, 2.7870394717742655, 2.6787139881604767, 6.544055315942534, 2.1011528141296734, 4.774735538423921, 1.3598196642007239, 2.8290764571615905, 3.686357181598625, 0.5399762081687736, 3.423634027868363, 8.378090185896578, 6.286126266470362, 12.606703556553176, 5.2840305092417905, 5.935404947646422, 4.7488203617741975, 2.252026550183893, 11.544188601145246, 3.1185963043192593]}]