script/wind250m.json
{"header": {"parameterCategory": 2, "parameterNumber": 2, "lo1": 6.000198445256149, "la1": 58.999992894266676, "dx": 0.5, "dy": 0.25, "nx": 22, "ny": 24, "refTime": "2024-01-17T21:00:00.000Z"}, "data":
[rows 0 to 23 of 24, columns 0 to 21 of 22]
7.460716526914555,2.4582894941289073,1.4052570286166801,8.96084693657354,6.55048515117796,-0.8399476089414466,8.696717310541512,8.851882721424879,7.379313854031433,0.20277036684205652,10.315890611960931,8.201119447104242,1.9894823936983228,5.785655218849756,5.93332961782394,12.037079973246817,8.208596229486504,1.2365615013001345,8.82866355887601,8.741193014501723,8.027219224872342,6.255785558027451
6.308726753410083,2.4498351310330797,5.148995504183097,6.523803131677103,-1.291649795409502,7.884286319656309,11.866865411738603,8.91410282641056,7.929186633508861,10.73814697876767,8.55306896726745,-0.4492162789114555,4.632608459299104,0.8857055646416246,9.375737437273655,2.8450951585118798,9.556061038108494,8.06261877213321,8.79590122977221,4.195848313828268,5.978043084328757,7.6043591435471924
4.86112491260805,6.9284845298387925,9.998117015595353,11.146485710402592,7.548978019639775,6.278621232435967,9.098812304904401,3.7050420173165035,2.3623131157894295,7.644067879575591,2.45672505510153,4.206585000450262,6.760763604795146,7.790461652789114,4.024916167593137,6.312009203775384,1.0911582677637874,6.157514961678869,5.066491402677459,2.216229959884731,8.889358513076045,11.145159569752245
7.474258213647754,9.110797422962358,11.495240930454202,11.56265261316267,3.8614276037542945,9.22932304564305,7.068445260485395,10.72273625520431,8.77787207115971,6.057848760217298,10.481812740068536,9.72601156200058,8.979244744705216,6.739320128172598,7.4868332713982015,6.53064881978323,10.60696811381514,7.168871769747139,2.0111921506378647,4.563318815522449,7.094405330557433,8.16439063851569
11.209649574977696,8.752349711948836,10.78573620928546,5.361297395136502,9.547402810114063,10.058752672886252,4.830705271067585,7.298006627346602,5.608322049933802,3.7357521658560264,7.869163801806084,10.00476154565827,6.921649627138421,8.677200249090486,6.219543801075647,8.141991706321415,7.002637483748482,4.169465500599714,7.429119673781758,7.358537419905828,-0.4614685604927243,7.997859288413551
7.975301603323752,7.112262530586751,9.808274493856329,8.768581888300183,3.58096937404355,3.512886835566665,9.458184845424508,5.671262224189298,11.233754953586766,5.232767886320561,5.2004809841654,8.40058319448592,7.388075876664593,7.603605420913673,9.222253276275305,10.065451101786696,12.161396632954988,4.875554421027637,7.44613134520354,6.613883310501635,8.153212590492693,7.889355539144317
8.59950370408583,6.63923243148262,6.876799755294783,8.78102748352823,8.829213920481022,6.449474843146984,2.131389812779765,2.6489201319419555,0.6665876347519029,1.1220093551418726,8.033320884681995,11.348249586986569,3.5993006718336837,8.681773258200536,5.363392264421533,2.2244691304345254,6.668327287792857,3.7599791084372933,8.816104710478765,6.893469537586679,12.839680126204872,8.188429142689884
9.421572355105903,10.247958311303988,10.955167117422338,3.8446160364080995,12.749519977131765,5.51596925476908,7.486789224673138,8.000304998342623,4.638978048901833,11.267911843884022,4.607019921164447,5.748722452655541,5.984903217128317,7.8779962115794815,1.278427263243995,8.364007735773217,6.559704939848612,4.2083470638929565,11.58234680483268,7.305878214081065,7.264588283351645,1.6984205886192163
6.368012526899374,7.095429526275889,7.608779691134837,7.993923093062413,7.012576327100207,0.48868296230715424,0.16835679457184594,9.14988445039021,0.476735773152685,1.2618241594154624,8.165246432503393,1.6447317727781907,12.968319428147348,4.116792283352752,13.939631613245503,6.722220562350947,7.22488748934795,6.625735608582812,2.81008731440572,3.676497319811263,4.562617919842814,6.756035440235721
8.763884901377562,8.384221651240692,5.736979797171154,9.090649079992739,7.712282212578159,10.196365586559695,8.090297087216323,4.176545702291434,10.39473719503756,9.318711120549592,7.844235019234254,2.03825314640317,9.351037260919,8.843995687432429,3.951689831689683,8.88364703348492,5.429612255633758,7.011934678978109,10.633544238419875,10.786484788121818,13.521078500577309,-1.6732194180521782
2.275069790158928,9.579404216569763,7.498331552126084,0.32829696701613614,7.656500863984111,10.362015187196286,11.204607107322472,11.361844964813368,2.3435919830855028,7.075468712419857,4.7284117652877,2.2348113163712844,7.108376227496791,1.230107848292086,4.28544038249985,6.919507740565147,7.342560900344209,10.754260949005648,8.205702965932133,7.116971077296749,8.484904052135404,7.359488919880486
8.1446435049079,7.789671454554996,8.239485089215048,8.47755466091786,4.844875285944544,4.55770838845126,6.829942543461959,6.530161670879912,7.74288405479822,8.824739969249656,5.458111240212722,9.125347681551059,9.628662573480295,7.462673382155821,8.727134595916876,11.900968815777937,6.715175770176822,4.015065781678044,0.4765160555328735,-1.5214728205884354,4.560143132739484,8.03671592505383
7.504562635336419,9.011113553216013,1.4385284398348097,3.5461674773260268,9.732452201992214,8.960124378705034,4.784034962377649,6.996848386436464,7.280071384516464,7.464172054110496,6.880717434119317,7.054753982112723,3.7180478872156826,4.552270510363953,4.723095216860711,3.8097397757871208,7.225071441657885,6.219973296343879,4.975140950580349,1.2188744833245881,7.931198455441589,11.300513318983947
3.6579332893622407,8.558462107323319,3.284291193181024,8.482324110105735,9.505519698257883,7.64783963460344,2.400531810680782,6.159287257097027,11.649352180367554,2.0431164398811292,7.992856729450826,6.6137655212285935,8.269009545383739,7.745496983724777,6.351423400161262,5.433850984398621,5.448707838394217,9.952975559467163,2.8126889986241994,7.109494810500288,4.576097458956116,10.161567373985546
9.952888672262933,10.09055389887579,4.432981377568583,6.053265602016444,10.876849331380873,3.828415569749676,10.437288793277169,6.855270277834413,6.236256767555988,9.470154409719184,6.065126967414838,2.8455438979003804,0.5799100516506606,1.1302729778562188,11.677571922407312,5.09779157444215,9.727864727338636,7.4401772409897315,10.196342529268456,0.15598157493700623,2.483690173389165,8.817668550317354
5.587400738982092,2.840905791973069,7.529973129210926,0.4476014391587995,7.928874295708511,11.168219588817058,4.224264137555074,3.944219572876385,7.6836403482863,7.923236777772404,3.6828481223263383,9.856441858340059,8.60815530659957,-0.5063596066657843,8.102282208114858,4.904509783833303,10.697703171767138,6.886036674412206,9.483334717449411,11.448596390166312,1.087647138261698,4.999248362567554
5.695170072470679,7.597331485921855,7.7600580447586545,0.27092827219584037,10.262290975417839,7.254462374797657,6.4383653567964325,7.271011706004333,7.138373899839602,10.865308488866122,3.601753293388054,6.481559431440308,7.455934259553229,9.703760528053463,11.184217464846688,6.83248511797398,4.327028482890628,7.460110953260811,7.10436341656489,2.03730765982658,6.758801509104013,7.4084067909862785
5.298906473820553,11.228355771584079,2.809732580780609,4.8422402844606465,8.638022683557557,9.923761545974118,10.158336366376956,7.413857545325655,6.28131435549931,7.643288774813117,4.180104112899187,6.806141760282848,-0.3766931940789177,5.9989096305625225,5.371297525083545,9.646890545342249,4.9119593639126355,9.857089873377381,6.849555643393758,2.8685298992116643,1.2088485211008604,0.572428104379031
7.286434578801686,4.11034781093912,5.519444939946899,7.218747999003302,6.0004362611106865,5.59755174293822,1.8982993503697652,9.439862818316705,4.134393556361469,9.066762918452078,1.6406152310989275,9.65831211934456,4.341673406905577,5.4729717461676435,6.62522556390719,9.068607065151793,4.755176483957086,7.345758642590974,8.833960284395513,12.326458076802362,7.886901960601948,6.082463918298052
1.4405952597206564,1.7027468554206198,11.276984505520117,5.010015228516686,3.9764951910345165,5.46876509588169,7.256972406932481,7.312208209591454,6.058742094110719,10.243811231230623,10.065624700080647,5.7823126109746505,11.108094995888452,11.31406225603254,3.7383386760208124,6.999035170838572,8.333338936843877,4.061334293133167,4.7358008222648085,5.771943175744727,6.768297998764829,7.499728341771631
5.616419574051331,11.13850610440788,0.5443343127186552,10.959908068517853,8.492667730077148,5.498407076480858,6.463118716076581,6.554075316303489,2.703744095452555,2.275965881647205,11.938323494578041,8.581224385363075,2.3317304779793986,7.703542065033612,8.330312664276871,5.194072892555292,6.792195916984633,7.564652100592662,2.1538206641958313,11.615440574564923,10.32463416778782,5.044410056120278
6.867453122868444,7.465296390256453,7.2438579008218476,10.137330312399838,1.9973016181533225,11.75329952526626,4.653443609920952,11.593364518312958,7.0931964336559234,4.0570650264207835,8.47983345640645,1.480438771109212,5.718670663735992,9.035489520242312,5.051776590206718,3.089064648857264,2.5064670477502786,3.6224359515622244,5.871687915954425,5.274318415276303,0.7879301904422231,11.231145241833566
9.685597302653054,10.59844352564484,11.603223052695766,9.146627571152646,4.873549862324826,4.2392442120135625,8.05974059479448,2.2588837432519013,7.116370322500284,4.11496167992487,7.760353749183449,6.349717798858475,7.013610895026317,10.961488593505868,1.1447123055150432,6.647361997218993,4.2151974771539935,10.198688010732706,0.6418454691516128,6.8396510661071535,6.272663145394804,7.954892618192932
5.783656489579279,6.576101308231093,4.919865031474575,7.507895160295899,2.8516987630244217,3.7981170457377313,9.090318884534272,0.8941400487463019,8.505390064320157,4.849399233854865,9.533360112943715,10.96787802187321,9.489038034194312,8.042095559957696,11.489982103076292,8.989329323373084,12.243353792176656,8.706377935234897,4.090642103262203,10.664169941306524,-1.1438457357418685,3.5863948855713526
