script/wind10m.json
{"header": {"parameterCategory": 2, "parameterNumber": 2, "lo1": 6.000027932988019, "la1": 58.9999434238085, "dx": 0.5, "dy": 0.25, "nx": 22, "ny": 24, "refTime": "2024-10-17T13:00:00.000Z"}, "data":
[rows 0 to 23 of 24, columns 0 to 21 of 22]
-4.641602175295795,-14.009210227204399,-8.279076602835001,-1.3113904202668951,-2.365725661561509,-1.7752811496767043,-1.4024037397158884,-1.3535484762877161,-4.306752703995415,-5.1949079273385195,-3.4142657011741315,-1.6729608396065743,-1.5212615956799307,-1.8380703475078468,-4.89922886764938,-7.263531411689857,-2.263854930541157,-1.9642396930409731,-1.86194154442032,-1.389749898490035,-1.7317127320747019,-2.26984683162185
-6.14838885029026,-5.933076694548599,-6.598436112900743,-0.7927908921926422,-3.986907732648737,-1.9072338816942322,-2.606192000784865,-5.616044161691225,-5.228067122889978,-5.572606917801282,-4.779964123628362,-1.7636846762876042,-1.9200668303891297,-1.9309264169367053,-5.429368951536535,-5.865719109723035,-2.2523420689070717,-2.5533255905576406,-2.246173672964448,-1.9517231245609012,-1.8060830586443923,-1.6950750966140566
-4.5894197573708,-2.372659508269155,-4.787521400875696,-3.367809365789621,-2.880942120391338,-2.1504963790830436,-5.609185308264449,-6.417264220882333,-5.674463630899284,-6.079946921359398,-4.039910649442939,-1.7054524889437717,-1.5604442889371133,-2.2288471131119403,-1.6834523649208963,-2.0482219119460097,-2.378494164892796,-3.151494839635878,-3.520081204904475,-2.2277644884534213,-1.9398932606215882,-1.8904704414894413
-12.466496040101285,-3.9370905446315083,-3.7571895241184,-2.2948256575106307,-1.9815050011236262,-4.841973943902122,-4.972916938817295,-6.247401589993296,-5.936526353859293,-6.194601131443069,-5.297761936964253,-1.8397326257611109,-1.1766948115687748,-1.0140944220187735,-1.620618031416271,-1.5439974360127642,-1.2149413587106197,-3.381629272128531,-1.7834420359032381,-1.6884934383777168,-1.5262666630390371,-1.302400595344263
-11.481753362463062,-12.53790633083014,-7.606119341938878,-4.6375170111211,-7.348472115142951,-5.195070016955204,-5.0300665704030525,-4.734887732810389,-6.117979809021555,-6.6250915510799855,-6.559155630659144,-2.5536243333722974,-1.294405959860675,-1.0990332401878034,-1.508400548188964,-1.1337010892828343,-1.2602211862048927,-2.1808537505537102,-1.5032975780941744,-1.5631476511831874,-1.5214569613692541,-1.2379015241382632
-9.800875221183555,-9.351783417287823,-7.353701227218353,-7.2094617083977575,-6.694551528825896,-5.0345576937391465,-4.445364477774398,-4.301838082152197,-5.004625597624785,-5.709585071236306,-6.538355403618948,-5.459990243617937,-1.6690571240423944,-1.7829011958422034,-1.4829426642450423,-1.5711702970698571,-1.062375748928462,-1.8913163963100545,-1.4130710109554692,-1.3450754901797246,-1.3290316415824819,-0.8201937030837728
-7.9638937121827285,-7.417085889309046,-6.638075217408505,-5.054989938261557,-4.80456210804963,-4.07380715966641,-4.476902917634798,-4.051162846868985,-4.047591440211266,-5.76866680415039,-6.315456063917674,-7.2895212854145,-2.006068145603442,-1.771645335374447,-2.1686186820332405,-2.321000645898364,-1.6947172056755029,-2.082056327827233,-1.6691100733756812,-1.3583884136563813,-1.2705460195073528,-1.0418092945650996
-6.488435799522222,-5.495420843365407,-4.558604402790147,-5.030036344386992,-3.3372291121173463,-4.206942638475527,-4.611466161199654,-3.7147187209926558,-3.9326412667107484,-4.233746279504022,-4.187549007150543,-7.309849874442686,-5.14044427549912,-2.1396211998069052,-2.2603761161632945,-2.5184103004156113,-2.122434974945466,-2.0286622390326863,-1.1854320586720988,-1.4698175100858781,-1.2819568775411254,-1.5059414160843552
-5.333215354268573,-5.379029749463829,-3.5348010964501504,-3.747393953744524,-4.359053514592692,-1.6204045464109942,-3.463065239983548,-3.3489322330686635,-3.3721287824445794,-6.306864958873968,-6.2987732619290915,-7.697558586511682,-6.083340731670654,-2.640308204201861,-2.5109027832994935,-2.710102423815921,-2.5849004012127224,-2.1704664068789756,-1.4055537538599752,-1.7708473949718837,-1.4236132768670815,-1.2939604230668764
-5.148020929180099,-5.223687724501146,-3.821001906029763,-2.7455716459652875,-3.0653633787382844,-2.6686382983853134,-2.969468939225774,-3.6524816707701278,-3.0687637216994443,-5.291723583591024,-6.169817255813407,-7.45552004901455,-7.436832661161475,-6.783847446010101,-2.720031522571952,-3.1119214695384954,-2.7566651091111862,-2.8030037262379524,-1.9986284461719739,-1.8841441940232064,-1.5173757820397855,-1.7392243538732866
-4.351811757897095,-5.3327431267089525,-4.784069068756809,-2.7864918177764584,-2.6760493054284153,-2.3088183519920484,-1.9677621989623115,-3.188637904196068,-3.864639823301518,-2.9118476103911495,-6.392307948709246,-6.890992799513936,-7.7894827020384865,-5.790649395850443,-5.5807045998133376,-3.436600881290384,-2.5597193678467947,-2.6078347331830245,-2.26459564294491,-1.6962723949584175,-1.4785077083667222,-3.41856437632421
-4.250791786387073,-5.146388388253661,-4.762564426345337,-3.66542472611325,-2.6065325122323073,-2.222559030419245,-2.8350744393640865,-3.0692925461765688,-3.839951834679442,-3.475742456722967,-5.157434573639195,-7.15572999995453,-6.917693907710713,-4.404963943741665,-3.2923991200865084,-3.4935719440798594,-3.2062157826311632,-3.433006117316708,-2.6234685587901168,-2.6927638432447627,-1.8221139597479987,-5.53478068054578
-0.48481211483166664,-4.295602993002361,-4.826604602809363,-4.345197920901847,-2.595603984902154,-2.925253536840108,-2.541909591935561,-2.4071146532668983,-4.183046145975629,-4.422155369024284,-5.168531754630155,-6.893454573708445,-4.6613631858886295,-4.274595093997411,-4.469317998635037,-2.4615142743340797,-2.6283117947050134,-6.948386971863264,-6.599266037731797,-6.320522705525799,-5.7997804165697495,-6.881320224013162
0.8313789968195824,-1.6145212110946987,-4.130888664325639,-4.727119073230833,-3.8211022709047784,-2.8526105552170313,-3.10572053688067,-1.6727924815912443,-2.2490442853471087,-6.398556907337558,-4.310923286449233,-4.230146356270513,-5.604204796403718,-4.2013108874379785,-4.677597141247158,-4.7195898550643305,-1.9484135155398146,-5.663571268310279,-6.106925485914438,-6.855254522054075,-6.500612466432608,-7.2430672327672845
2.179713442577398,0.17616623154265448,-2.322217498655985,-4.290541112970739,-4.62304543689302,-3.06848411774764,-3.01923976606623,-3.079493383871915,-2.0267339421155137,-4.560583046415097,-6.173505557472063,-4.452997858368144,-3.8794632663388566,-7.226731701232705,-5.299201859179271,-5.102279014693979,-3.9570607997485867,-3.8688443414977796,-5.246185758595035,-7.150577730619376,-6.562120556882086,-7.35004491276724
2.431107884665777,1.734736492367179,-1.6693258374001703,-3.2524964415300124,-3.7940729669532205,-3.767807264884283,-2.681297056447983,-2.839109054879071,-3.492793195587556,-2.7506830280612546,-7.024833430852761,-4.1031230238773855,-4.415806403538029,-5.853604727923649,-6.9640916123322665,-6.2004653904877856,-6.559109778595511,-6.0413932504920655,-5.365820408353288,-6.269685740134324,-6.156603160543644,-6.9528923182468905
2.6754327891029823,2.7896992631898248,0.5750526327464609,-2.5339231446900183,-3.658264817631151,-3.197999369102581,-2.137876882589282,-1.9188101485143694,-4.701898881634422,-3.0658028028718745,-3.885692493835794,-4.7709020231889125,-3.7891289740656138,-3.9563018175348605,-5.961616831977173,-5.88300948719372,-6.490115197231811,-6.381417125795279,-4.068162538364128,-5.781650649687941,-5.82036686460216,-6.487867951653417
2.8064429812512683,2.4152133201345563,1.371509073366328,-1.681346415892178,-3.475663413433771,-3.1441349461529846,-1.6728712582764487,-1.8375163331866018,-3.2847863622448736,-4.13625201880771,-5.201791574887608,-3.493106005401841,-4.003698351459812,-5.103229726785129,-4.703314061035733,-5.877999602324777,-5.555580355438937,-6.155610511394025,-5.624553099200727,-5.426230149702301,-5.886405982169483,-5.729042625885411
3.177940988905453,2.457564920456631,-0.07385836997835542,-0.7700692747272534,-2.8391312353310822,-3.7635997240947283,-2.2488938990801595,-1.399938700704177,-0.43342322367463804,-2.9621863208129975,-2.6675113560899377,-4.369124768124946,-3.155999742039843,-3.4371312681035446,-4.277829829450225,-3.9418794254749043,-4.725112734874248,-5.214342460404894,-5.519461516732724,-5.21294864910033,-4.0036550002104905,-3.3119578796118208
3.135928134676673,1.3713813258815526,-1.3048352750458772,-1.3019524138299483,-2.3334520076267173,-4.392926258348489,-2.0664188673677235,-1.56298843511152,-1.314399121383392,-0.8204885473423025,-0.4317821395904981,-2.61571762159843,-3.7703827517881074,-2.3072787680766083,-1.8326284729156908,-3.3997666971275753,-5.764596060648518,-4.315534047800882,-4.74847098306424,-4.317090183278895,-3.068820300653485,-2.9741972018408
3.2502764708762975,1.0452892809278735,-1.5517592140246286,-2.2407839797408386,-2.277459317448813,-2.457699841140193,-2.2149412895392477,-2.181032957332813,-1.4739347922140933,-0.8610563629693753,-0.6053324704582331,-1.8996937107149212,-1.9509782391699242,-1.642303191196636,-1.764252327042749,-2.669681910124019,-3.305430561771513,-3.067235871426925,-2.329147046792357,-3.0628682668551312,-2.99861052433755,-3.2533012504891885
5.414546204589168,0.27873722887701263,-1.4911349541552577,-2.0006752633403453,-2.0218271800206806,-1.6598191295986728,-1.1750397829113344,-2.132358358870893,-1.377373011312215,-1.6695124138739255,-1.6518173637442244,-1.5539101007840659,-1.3763104963767745,-1.8054860211938877,-1.6705864393198355,-2.3083707155548825,-2.55598391690162,-3.7626071966667554,-2.4711500599905762,-2.640115228408545,-3.2128003681880637,-3.9802796520247465
6.517498359785855,2.983043250051247,0.6441298717988455,-0.03230543030790258,-0.6788713945939985,-1.3434282804527118,-0.8605341899102942,-0.9163767418669918,-2.0015930817542262,-1.6496667120364819,-1.6595717652046675,-1.4355929265738725,-1.9117809334213904,-1.464760741783724,-1.624845480308706,-2.761573957860164,-2.1534382089470463,-1.8999668813026895,-3.7809791849805228,-2.632767357230821,-2.3928998522628087,-3.1642569922889074
4.6335047815501,4.467692031190974,3.6612092821373827,1.3014182779260588,0.11263836384747923,-0.7730470911468347,-1.5843046316111016,-1.4363218961831676,-0.5001085491986904,-0.9396585955760067,-1.2139305578373878,-1.4627891567359428,-2.093597433748397,-1.231855843338965,-1.65652364227892,-1.7703337747794208,-3.170818063967002,-2.373412548558583,-3.7098270918206127,-3.1871929862344435,-2.373788773597204,-4.862027515204543
