script/wind10m.json
{"header": {"parameterCategory": 2, "parameterNumber": 2, "lo1": 6.000198445256149, "la1": 58.999992894266676, "dx": 0.5, "dy": 0.25, "nx": 22, "ny": 24, "refTime": "2024-04-07T01:00:00.000Z"}, "data":
[rows 0 to 23 of 24, columns 0 to 21 of 22]
-4.625884845630565,-4.6412185997494895,-1.2152059430109337,0.26508953178404215,0.17299732097499934,0.967694932947603,0.9128686884855435,0.8028428776270828,1.951084989584316,-0.22716661454902765,-0.9418304030240932,-0.7096776911273285,-0.38249935228728066,-0.4727871659405678,-4.334773455425948,-5.573541737958625,-3.4809536874963136,-2.55889502996967,-1.7436070670713586,-2.0495229447961503,-2.2880785163951387,-2.536435547172019
-3.980273938793055,-2.2442028449176457,-0.7624166005223684,0.640254983028783,0.32360150979737967,-0.22142665415217264,0.6291797748689003,2.367943907618396,3.5921901221168335,0.20354976722024878,-0.7076419561078595,1.4614153331701365,0.10555959108859915,0.9039196561454312,-0.23742482723035926,-4.1415470249905795,-3.954497184709743,-3.9745376292752335,-3.1391313095602373,-2.236590492293966,-2.738149914123653,-1.6173158582301255
-3.43690389677826,-2.209920039282729,-1.1880827984284061,-0.67799020901142,-0.49565247021203107,0.8053180147144049,0.7853549422685269,3.7699779508113154,2.2941362315970437,-0.1673728593797533,-1.1969897820747368,1.5647427926129611,-0.01781687382468716,0.028920940620944448,-0.4263186660178727,-0.7763965770925175,-2.544797790245725,-3.1631331790428643,-3.3129422303239733,-3.6344783996375063,-3.0205566861786664,-2.306144096539635
-8.698788727483725,-4.144423143930462,-1.8826859778432299,0.12179254315248643,0.29070446023449187,1.3094325042154409,3.531687571821771,3.896764231893373,2.3630187259587445,-0.6051470975669763,-1.0966430977943682,0.38527249731536223,0.7660593683674944,0.14624758330518878,0.03401481562028931,0.6407665666494093,0.30103194604596817,-1.7605960297232288,-1.3559208801071096,-2.5550733194780983,-2.0166610290332785,-1.3879512748685365
-1.2682469793702216,-3.340339845446376,-1.9687211334119383,0.6627811634277797,3.750103351733713,4.716856884812948,4.634011462481973,3.643084242083013,2.167401363644144,-1.3786884192304536,-1.4007052065296313,-2.2198270509170577,0.9478129930018555,0.1417281307501754,-0.3064819563312497,0.8151230866842453,0.6915039647464052,-1.5460595548829812,-0.6922040688687687,-1.5639668624796277,-1.6250489988779324,-1.2904613843068031
1.7330521426406313,0.35539538831264356,-0.03561670338306258,1.7845647597604988,3.173178273876867,4.38309561069012,4.92045753151673,3.214003305418486,4.286348213805113,-0.061240453925684404,-0.6603271789362718,-2.2489492876274397,0.608747292506873,-1.0162922392803677,-0.8758097085118454,-0.747950166767478,0.4222740858581306,-1.3127727907188673,-0.8391893791297378,-0.9570013814322657,-1.7008762276568863,-0.8204656912870141
2.694744010047664,1.603423350932228,1.4955060869481887,2.2616326931125945,3.0757358474958645,4.327491209583904,3.7472241362366336,2.9756940585509972,2.6389225315340163,1.669654837269136,0.2426560086243445,-1.974134735248624,-0.6911176884203523,-0.21260327894720535,-1.2092917399757828,-0.8817785067007116,-0.8894609228264002,-1.532604958611467,-1.1516491049377577,-1.2040320488747376,-1.28363021303933,-0.9972408973322963
2.5576136162276977,2.3328198670947247,2.8342116103929764,3.1396853528838853,3.383602407846938,4.825583206317024,2.317953495784853,3.209624034414584,1.6310161919678055,1.5111495201627223,0.7712510006725505,-1.0533857128662636,-3.194681968849396,0.5000129663971108,-1.1356162086634911,-0.9023550724963217,-1.2735801904841884,-1.8225360502532697,-0.35989311635012344,-0.7148884616201822,-1.3245666518242054,-1.6195772227657164
3.407182169987016,3.8270203991332354,4.18628639194718,3.2772020488694027,3.6920146090124653,3.1956400640008655,3.592295044072922,3.3095825554766884,1.3764572503158272,0.537254042248816,0.6777589023934536,-0.07923608925637189,-2.212722399357515,-1.2405274167657687,-0.961034559860102,-1.2518853255477176,-1.6225086606942538,-1.6102416075306172,-1.4765194848143184,-0.7001528231058942,-0.7668877981567144,-1.4042870700274714
4.181570920824348,3.927890240076789,4.703736613592512,4.550098234543786,3.007137498749158,4.587689523051977,3.5876965244450183,2.380432327386821,1.5688363084558574,1.4879393113586588,0.3011164460145816,0.5765144043860985,-2.291033394950318,-4.077665795508737,-1.468766256536601,-0.9804601260501504,-1.6620031105204425,-1.9827254997912496,-1.492425268836385,-1.0721573480587503,-1.1439351819421868,-1.1783552026438753
3.983224851358701,5.083597309408914,5.030627378862328,4.6384166219323815,2.3310362306724697,4.182570582790705,3.1692033975767866,1.0103225711549437,1.0186475351247135,2.184755372394253,1.4180954473876843,0.3721070790630276,-1.252643418275424,-2.4928729370607443,-2.273698983761145,-1.7138917880900009,-1.9199339175161911,-2.2467292309948017,-1.539744283649798,-0.42070619089835326,-1.0531749125740033,-2.9615849772666825
4.509261877260572,5.664655421528752,4.401746736955223,4.160740121967167,2.484985807727272,3.5199771888298743,1.727420250890975,1.3558321911216973,1.47578193782712,1.3995807880805209,0.7264982154338634,-0.774906525153038,-0.10880064005356388,-3.290449719819951,-1.2475699876336956,-1.5668953922035884,-2.752709053392287,-1.9368930270108151,-1.6721160960086612,-1.2984657202878107,-1.1624262088115975,-5.025869323338109
3.4925576882758813,3.456830437364151,4.328710586545657,4.510955695792763,3.377041270861886,3.9132067484254045,0.14752956051360408,0.4514802480302143,1.54257934705899,1.2308519191783203,0.008099855521309247,0.7999043268155711,-1.0175475901661553,-1.805641815872705,-1.47587088590589,-0.4490120067622235,-1.1853326836160156,-2.0970614615927277,-4.613102827981303,-4.5339997309438465,-6.146401257076048,-6.192376944533579
3.058406140858546,3.3472462579930604,3.32093083974177,1.4799464603167516,0.5462623686267682,1.189943303809361,0.4468251596182909,-0.161519808365187,1.5204707366262344,-0.4539081801943737,-0.7029296486072698,0.8942247991248445,-0.9763710233768138,0.1174550763330871,-1.744614026554784,-2.7500574155600854,1.259292059734781,-2.0267940602074144,-4.487230815699001,-5.150402769924285,-5.942095347581453,-6.35017880388492
3.945263974685906,2.2830022672169976,1.780817686771053,0.7223012551138628,2.9659264109201917,0.24992519715100145,0.15928497884063672,-0.44242716916190883,0.46537847388200626,1.2759648348055581,-1.807473789888168,0.9773528185089234,1.6713079848663783,-0.13618295607366646,-0.9246193722775239,-1.9647022516173425,-0.8381077633336265,-1.0616284002832725,-4.2197911353060436,-4.682683264526006,-5.6358529365385595,-6.344159636708338
4.498629937086843,2.546883401502815,3.215156239745997,3.1916492692884044,-0.3617346355724451,-1.1682691901283486,-0.9637400288467753,-1.192144223934259,-1.300674267589576,0.535936385761323,0.7894077984242297,-0.07321254086688112,2.8223596269309845,2.228290453512485,-1.458100996713723,-2.386600222304576,-2.5318868383513284,-3.7444966615879265,-2.253415551658831,-4.245973637202958,-5.391159039605979,-5.810508690017628
3.706908508640794,3.034075320291734,2.173018097282622,0.273871036478225,-0.37285565804667975,-1.3909198806429615,-1.914068798844626,-1.2274895514047157,-0.299504124793592,-0.7048388528614601,0.39504799621311243,0.31919750373267347,1.0519875899956705,2.467615711860218,-0.3527225424023704,-2.2853987572464765,-1.4346925650779814,-3.1833910567769172,-2.4654610468888856,-4.225250527206201,-5.153317351882103,-5.18557093620488
2.957467141388874,3.1062196090573893,-0.5453098727293033,-1.0565515744149874,-1.5316678821154073,-1.1082744790952637,-1.665816681264117,-1.8250823442544468,-0.5192862381220488,-0.08527022046203588,-0.8443752095609106,0.09590172159642718,1.471176194592424,0.29444302488484825,-0.7321502845862395,-0.28776065441467824,-1.0224496607453621,-3.018617411782493,-3.7752086226994126,-4.024168833437248,-4.972485264535844,-3.9639319939070767
4.989144804482383,0.8103851790432243,-0.7062263852753032,-1.534815631903427,-1.4348124373376274,-1.8873222648628314,-2.066607391907414,-1.4283702581086928,0.03277031263313643,-0.05101778739720093,-1.7458346043843165,0.8181462986735627,-0.2545310164124339,1.0302577729060993,-0.47971575164143565,-1.738700425500282,-1.739327667207438,-2.5295457184002155,-3.7496726322014022,-3.8386743535521193,-3.8222777307369142,-2.3599946474971167
6.384769891734782,1.493875169471837,-1.3948564611476537,-2.332705089875637,-2.3281063260209227,-3.1109715101132087,-1.6724145772416308,-1.3525526259331504,-1.1063374196198625,-0.9618974111097389,-0.2347315380434646,-0.6342768060091882,-1.5567823969636565,-0.4038503435105922,0.075101224703526,0.3263549632686401,-0.8406998940476302,-1.9114783509060025,-2.0809589511443494,-2.616595395162207,-1.678746834658935,-0.5405694095467449
5.493750981237568,2.4592733203590016,-0.9875146430942026,-2.2486216765740323,-2.853003237767166,-2.6223681891496486,-2.3156938901496624,-1.4906186213570891,-1.04304710783628,-1.4533656463584896,-0.645595588331731,-0.9225186349785252,-0.41922500289476866,-0.20217969736506738,-0.40688849240691427,-0.7640055688209931,-1.1455414303331073,-1.3591483054009268,-1.2488734671408677,-1.4343628947834919,-1.7378735680594566,-1.0277325172830725
6.645823262607661,1.8401738413092323,0.6907256770845391,-0.7671734901452564,-1.8309780622760596,-1.9452330078887297,-1.303463643426814,-1.130093191469312,-1.3325309213561014,-1.0059401460856277,-1.134830992001832,-0.8515119372381071,-0.27378286914881456,-0.11337354452611821,0.09722747606927071,-0.009588970424177909,-0.4109144720747407,-3.0904754322232972,-0.9604635553146019,-2.11971712510328,-1.444038074410336,-1.358753848262018
9.48545633077321,3.903776415703234,0.7432098753081344,-0.7808774653566218,-0.9255564567507336,-1.5154970365174354,-1.4729831390858539,-0.8811118379285992,-1.8320982912200205,-1.0929298571061372,-1.5878090688174757,-1.091001633997339,-0.824608718292413,-0.6167840073219746,0.3101245731280767,-0.3244580750882453,0.0547193284223294,-1.623061180061074,-2.6214285130072046,-1.7626949327834198,-1.5522828444517698,-1.2638017432922997
8.355516085349436,2.9997157530936915,1.5269403982033813,-0.49029313294912624,-0.7534367612113967,-1.7790706634613977,-1.8919870162051102,-1.4514917968471717,0.04454113666937804,-1.2034397810213544,-1.6754806319097348,-1.4511857035356561,-1.1438003214370835,-0.40122673068622855,-0.5235487721553126,-0.23288494538274443,-0.5643694797380827,-0.9231085547222317,-2.088887538682528,-1.9827569080422476,-1.1426355377693416,-1.6560886741097975
