script/wind10m.json
{"header": {"parameterCategory": 2, "parameterNumber": 2, "lo1": 3.000054539987559, "la1": 64.9999836372058, "dx": 0.5, "dy": 0.25, "nx": 34, "ny": 52, "refTime": "2025-08-14T03:00:00.000Z"}, "data":
[rows 0 to 23 of 52, columns 0 to 33 of 34]
3.897152124759247,3.5468044734904987,3.2358774854168026,3.6988567158574033,4.294986628671982,3.762409775487741,2.8152069642925843,2.3563719831891556,1.7998257354145522,1.7024816507113967,2.7371779592969148,2.8119667765750345,2.678629233579617,0.5678575206630089,2.2150496225200844,3.070202508451019,3.0190092872802854,3.341122290621981,1.351301055233401,2.8760030015357856,0.8095526773641164,0.23148692847456837,-0.33012515953167704,1.3908356042810255,3.187707183749092,1.083800342281317,-0.24257840535323283,0.28412652201754335,0.6981068882444221,0.784691511599788,-0.049356856212663155,-0.8105269744803355,0.3970085970805955,1.5909262522163197
3.0318729311993855,2.2308550728131955,2.7874092796647,3.411065476394543,3.5649097850250238,2.6252307160885326,1.859032558989751,1.9718296000208873,1.9385919095453472,2.0327759200177793,2.566209506719874,0.21403438637165675,2.0037814321835,4.552513153888205,5.824778595090016,5.755533589958893,5.198811381573198,2.0479830836681767,2.936989913836044,4.5256909598708885,-0.13485901753431448,1.0584683466221458,0.2709915716395725,2.5376604456510465,-0.6492649699678891,-0.523138000472038,-0.2622956358441987,-0.21120456419137312,-0.19519946433704394,1.8547766709814,1.0679173449227548,-0.5208571145089049,0.1285997172598302,1.584848834443078
1.3481032780526045,1.5580175259074482,2.2602395366309675,2.3110338988806185,2.1651799581807833,1.3349965510182982,1.0150302063155343,1.9091196798909504,1.5212161797556232,1.6215582078937016,4.19444084795537,4.896010456107167,5.103394373166602,4.206891738161562,4.279176043800578,5.1157687353500405,2.6140370995623825,-0.6992657387628497,0.6770175353506565,-0.03625577116026241,2.5442162719526125,0.4077826516433052,-1.0786969717147832,-0.13382597429917129,-0.4334129354870781,-0.08667399539833089,-0.8480786041963162,0.7233597224085028,-0.5862269261054219,0.6078985188575302,1.67914866561966,-0.047427919989122845,0.12068165156584493,1.25854945163121
1.7348489414293007,1.7147104228276888,1.1357976114763737,0.9658083431155722,1.7302028868240082,-0.9416060219771002,1.182317624212828,4.476206039454152,4.783204092779986,5.079527672390623,5.340659654854054,5.404194285654637,5.292199308604777,4.370034159027494,2.2673426847143396,2.804671130661647,-0.6555559169287054,0.32078286908555204,1.5712400199015377,-0.7742147495014897,-0.37377884098590414,-1.345409156485098,-0.15260540077494247,0.9080878948753078,-0.631403923497926,-1.060999993238031,0.4255858214266782,-0.6492304968285524,-1.0493629875185488,-0.2979965563749212,0.05322658954960142,0.7169897907299186,0.2887350452649654,-0.4165435662698454
0.9034562680575364,0.1241468872787149,-0.6212504034275167,-0.209814146252778,-0.31467182054979553,0.5462594035009635,5.673442779164637,6.306635066515235,4.85878061194196,4.565389401391162,5.454027779138463,4.1611861257436304,0.28458239753739506,-0.11016910071832786,-0.19112911331625715,2.3000448789094534,2.5152567001389934,-0.5358237164725932,-0.41972464933179965,0.6801796545713086,-0.6349235353733779,2.3949641843521468,-0.45691977669540335,-1.131412651448246,-0.4517695256379585,-1.5139016852966904,-1.2936729857567795,-1.1300519775308593,-0.39154368900806436,0.08606719586570234,-0.5006431040063194,-0.12600145348405095,0.29031038904722306,0.6332293842220241
1.926919647668824,-0.14838700775868266,-0.8214268667993023,0.08704482545972635,4.188346654720917,5.215922839726453,4.9633425100842,4.7194926472812595,4.24592428825619,2.7884899570060315,3.7765412441716104,1.3041823320514792,-1.8185731342323017,-2.5005442384935512,-0.03087486210204427,0.571122539159865,0.8475563360635692,1.324718821852431,0.1395006493314592,-1.1325342434962056,-0.6794214560202076,-1.1803100935147983,1.159481974125666,0.6346674077121068,-0.45553879351917204,-0.812449250019005,-0.045767142036781054,-1.2600793441565667,0.17275230976284622,-1.948217398426971,0.16606099760889534,-0.4252641231313348,0.10975724609531809,-0.09304358246927093
2.8432337584749807,2.62301730089858,2.444466185720943,4.0143552470210055,4.687617012710003,5.5845113588685305,5.992378633824339,5.733937429847809,6.113188917435655,3.160631326993546,-0.7129986366075857,1.3152253213616454,-1.1408461914737025,0.27032106885970697,-0.8023505287024694,0.2838412270111526,0.5529842638277841,-0.02769370815104084,1.6676031992996856,0.316495472542225,-0.9394817954393885,0.5262717455213554,-0.6885540095504242,-1.8579763574445436,-0.9725673609079855,-0.32822054440391824,-0.2512064289608535,-0.6946390583676796,-0.5735714030828627,-0.33358006229339476,0.15208831458728816,0.12089539851503778,-0.06016735922733988,0.24805468491825744
2.5638653413413666,3.441171637431681,3.18854552212648,4.689455770526134,5.519373442683517,6.179225912647713,5.544239230105314,2.887686161432884,0.24756567511343627,-0.5433655922018257,-1.7246967259718573,-1.3009707400570334,0.6466363540844422,2.324212161791791,-0.9487061974562138,0.45237864769971226,-0.4528607280411235,0.3708061563142253,2.279957583605612,1.0621997709596958,0.09888586292773859,0.6750466525056902,0.6267920341778073,-1.0618347253812883,0.7156683145064053,-0.39601279465033723,0.07506008622274751,1.7557344578168135,0.18903474234906617,1.0580180231294598,0.11551373396361457,-0.02331727316644999,0.2902506933268091,-0.13215628277110972
3.017672716200658,3.397254152461074,3.99194673563968,4.746756054084652,5.473371848655036,5.406852681939932,3.489680678402995,-2.152196928568651,0.08873543711632248,-0.10589854640913299,-2.2006999340988376,-0.975525729391004,-0.47159571668346656,-0.753904897814262,0.41602657840348606,-0.43384680696014793,-1.428603145516525,3.3958888888310446,1.2690605560375294,2.5808825276634066,6.161395734530704,2.361096238526602,1.169437589015253,-0.9732281040529394,0.7684010966801078,0.38521523487467335,0.5732825672828287,0.04231323965554129,-0.2286133784808029,-0.26294390855368077,-0.9352394366312778,0.9885301269691517,-0.37446403026433184,-1.2095519778888226
2.9635099299616083,3.430695207863986,2.7736887766523624,3.901952357784274,4.806091419825563,5.357992381571704,1.4828331041578822,-1.4858035270116932,-1.1916597216626108,-0.059364837107410424,-0.06348855867463922,-1.1343697872879481,2.050626550489125,2.639479497447909,-1.7042482294497459,0.44060184710552125,2.360677895202546,-1.8626212793043078,-0.4337036437884298,-0.6240347274564931,3.6880545674738667,0.29902301168582374,2.372593757974235,0.8566831375963437,-0.41559404619645973,0.8022004968564118,1.1933631086733265,1.443019267430599,-1.23331995364061,0.11986136876660423,-0.09056303765402586,0.09719518927976013,-1.0193468118057198,-2.0074974396718077
2.953009207459563,2.2431250106925957,1.5320592220779579,2.973202738392117,4.810653662703131,1.2505794177413339,-1.7247937370277031,-1.1649915208830728,1.858222845407815,0.9691457371445409,3.587937391728591,-3.3414431834689524,2.5389014793843585,6.377973785207771,4.862224631982524,-2.1909673512862287,2.205374218483905,-0.8254557061234074,-0.9796096137491548,-0.36500228695512715,2.2268015556928717,-0.1548521005594027,3.291828266825802,-0.48126338605562335,-0.5039715739279551,0.4989415299423213,0.2476912486316658,1.0041500471054667,0.16481735148437932,-0.6151227152090498,0.8850881837650636,1.057457557859666,-0.8493632570318544,-2.026706724256162
1.256408804023808,0.22095028381814774,1.2663360598435982,2.1093480955517347,0.8112312761021935,-2.7646857371591724,-4.242821780549282,-3.495324236051195,-2.6892893327403526,1.1952817671026854,2.0842623591696676,2.915959041239775,0.8611105539494446,2.5265187318507047,3.6024011575502977,-0.1341481066415238,-1.4301960686407569,3.201400775662358,-0.6937552031685743,-1.0412805211438831,1.6091174728837156,1.8901032437878584,0.5316542296386851,1.4897685831045977,0.6364330013124087,-0.6217426627006828,-1.1545470687338313,1.4518967356393897,0.8236557144069641,0.862122982465522,1.1384201188603968,0.23744835748439852,0.08669518030074864,-1.5538587914640303
0.4725237045651583,-0.04300189973516575,-0.597711941155365,-0.6784627256639647,-0.2616300870454317,-1.0448740547324042,1.948151006556481,0.09076895271538225,-0.9118813186822864,2.5666340401842658,3.6437173659018405,-1.4479798486025268,0.4423173787503221,1.285111443946486,-3.0319493185911335,2.325204605888087,0.4579505650686007,2.027098890454533,0.8428647706389347,-0.6141814225074332,0.048629026907436965,1.1347729795864043,2.1666602359047222,-0.5998787053092419,1.3040526555774272,-0.5052783432065967,-1.2745048108858716,-0.48639701607042285,1.184265390713836,0.5136325168192624,1.3620627922574726,0.18249945805999512,-0.5865938204268787,-0.2629450768839352
1.5619916256976665,0.18059770798894487,-3.0645680367375236,-4.4655220206174855,-0.30901126269212315,-2.7392853906044654,2.9021376604835636,-0.6195719452635919,-0.009588753590992512,1.166839646827633,1.6238878917997832,4.532143863830147,-0.03848642548369055,0.2999072848895994,-1.2407400038478245,-0.11955423491590968,2.624432544230169,-0.2838310398407551,-0.6886443474024879,1.517705051172677,-0.2595192312580678,0.8525418625220735,2.4006536808101044,2.1003903667054002,-0.43612540145430323,1.2322909082803468,0.833400705239193,1.0823039130177037,1.2477021104724377,-0.13035214566683406,1.9320292213124655,0.6109272330492795,-0.665792945468469,-0.12399746070985002
0.2649679939846715,-0.039570229775613086,-2.310277227303563,-3.4887461489811105,-2.8644318015057366,-2.786329693550823,-0.4401774816269914,2.3349040328235358,-1.9010356928840062,0.07899694684103868,-0.14746130289350462,1.7654548404569017,5.0690364700748765,1.5935849346928812,0.2181122125340212,1.8301258565366074,1.1416591306499693,0.23504749974002925,-0.059322078006422814,-1.9365695565877254,-0.12665273435866384,-1.6691600814828529,-0.834342236063697,2.324309238885905,-0.6893416017222027,-0.40183073057047514,-0.2415087334086284,1.083124309476279,0.9081830956393934,1.859734257008248,2.7585535543926207,1.067072018733055,0.17845518317863157,0.7947743593043683
-0.8922700152436082,-2.1514394449276133,-3.1787968041991888,-2.589161733703981,-1.961309268871401,-2.457349999523956,-2.4912556917760815,1.1256324640919124,-0.29593079950173723,0.3908654832131304,0.3830979781393578,1.8990833810096979,-0.402045224782891,2.6158295044366686,0.4223415382654472,-0.5513340386848335,3.3306670359795483,-1.4644972541526093,-1.120138461422141,0.5428448533029306,2.546617707269801,-0.18843952159834698,0.5327149161985558,1.2549776635070036,-0.2571318669222551,-1.0261229504984852,1.731336999425595,0.784637313986719,1.007589021070591,1.834209962086937,2.5946810771060207,2.1945355681150236,1.4633349140369156,1.3081578899355446
-1.8725442285484444,-2.865765417678106,-1.195678414292477,-3.9109297303716515,-2.0753203302053493,-1.520035032189051,-0.03602004357143269,0.24888961456399528,1.2099642957672554,-1.4580066194070385,1.8797253818959592,5.362058666871492,1.3951072870397516,0.49727341195832636,0.452860711002177,0.13686321686805927,-1.0575942934529943,-0.056756529417728706,-0.037824732045123745,0.4114430699641234,0.5203307215456316,-0.21723576542359013,-1.2616586011667834,-0.17748588368069576,-0.6232710736136903,-0.8737203662627449,1.8604291229772092,2.178366638079743,1.8140490124554194,3.263398414269238,3.145046222723469,3.762149978301288,2.682524294455184,1.28365412924368
-4.009000185680051,-2.268575843931789,-2.7194341107533586,-4.287140615068732,-1.4800657300440014,0.024497319061924313,-1.2367877685792834,-0.9434035796863316,2.3656288967183037,2.805734344229445,1.7135112274687254,0.3949708369033197,-0.4056420356068646,2.151436903931582,0.5190714574839423,0.04511814350526766,-1.0881588198543526,0.23151356542694143,0.19282596850808287,-0.2869476760215391,-0.6220132563941608,0.06985379658498884,0.4695902076677834,1.1869368823926716,-1.1223976434981473,-0.5819217171815988,-0.27875607504006444,1.8270592949654902,1.3953574047081516,2.2986217079051814,3.3456252418244095,3.359455237655514,2.427893509594798,1.7836197216002707
-3.8970838143010647,-3.189693481277536,-3.7519093847007303,-4.24659053540753,-1.988434402870452,-2.275644191920047,1.2906552986710444,-1.3316076282268616,-2.07979291399575,3.0686265599233375,2.3973197534957813,-0.27358312712678345,0.17365003230507708,-0.2797887899432596,0.9688903621279625,0.07037480354722052,-0.3219778620721816,-0.860581266145234,-0.24679595287828476,0.428069778568001,0.7240386982311708,1.2802855713041903,1.0135260539241056,-1.0190857056767386,-0.6154851030281006,0.016106950183788313,0.7431281609322932,1.313390977932904,0.6823073349770855,1.5833015516493616,1.7564434903481052,2.808229071883463,2.9541448029825244,2.5478094150870203
-3.6402810529453666,-2.7294295460732383,-3.75962734812227,-5.5696165647861635,-2.2195079696154534,-2.3825551300653816,1.6657015113888576,3.073352956881159,1.720747351439,0.8425827550485185,1.8222233651819042,3.113399769951722,-1.1810183655320527,4.20356420897534,-1.2947466772820997,0.4346164751742069,0.1912820216056416,-0.2771403273779607,0.24991821580448223,-0.011103095359627939,0.9329607498971433,-0.28715135092817956,0.8556012094918554,-0.03333042528073085,-0.2762829601300162,-0.00900686680916094,-0.33476607963257826,-0.18689198867024492,0.2177719824237954,0.8911832664684869,1.48124135188123,1.0535311564030345,2.406032285158388,0.9537967850505913
-4.1006270967914515,-3.5794563068552616,-4.02623054327022,-4.559340945824751,-3.253078413319048,-2.7020591564467376,-2.1823971670223408,2.6523827624674605,-0.08169665819897036,0.7572254917338014,-0.02417924709274165,2.352275509970594,1.6713947058835947,0.2729837042719104,0.9794925405915187,0.7982404046059849,0.7208448770980702,-0.20182616999242994,1.2032827991321486,0.25586754721486843,0.8009461814703578,0.7917867950538284,0.7624108044111928,-0.1416418714549086,-0.2849875378582669,0.9972315475824495,0.4020285742188119,0.543028053008355,-0.17035357833680456,0.8957175650958858,1.307428780299357,0.9590085053652248,2.4353326843688285,2.780505446888568
-4.243606305753755,-4.681386331633012,-4.265763654405755,-4.999661427464714,-4.055949808757334,-2.7149128550922663,-3.0185636763004804,-1.7243214115128402,-0.5712937380245197,0.29564686512476,1.4102059094290855,2.5640708247792032,0.4121378322835193,1.9384856513393796,-1.8173613834515223,-0.23989684582760734,-0.37385770396661117,-0.9753829542784958,0.9230067516009022,-0.47659537496909654,0.9096082374875752,-1.102466758632959,0.7323140673855377,-0.7886445998006598,-0.03474494382549699,1.0849567554463655,0.8202750073630671,0.4291766770811522,0.6973801100003704,1.502807699226156,0.003160640227999511,1.450119373231239,1.0380862646819082,2.409968021726119
-4.550249910638947,-3.8241334915157275,-4.089610353931855,-4.602888078399007,-2.964221469607848,-2.4792395449286104,-3.1211131102546346,-1.9212492322092924,0.9300616100394944,-1.0221509521723569,-0.6281177755520208,-0.21570274456755215,1.975694437702236,0.4644967136722587,2.302824962548287,-0.5527365414705718,-0.6229186874916193,-0.5982272504016743,0.19941023858501553,0.3674432021791079,0.7324927181615372,-1.2958613368442478,-0.8261773508373532,-0.6353749729448097,1.4420741892249154,-0.3572437170476314,0.1316002867686032,1.6360772822094647,0.7118729246592436,0.8248589063154769,0.3814030377088773,0.9840362460487345,1.4450850111535924,2.1628100974210813
-2.754219435208372,-3.95755213450046,-3.748351863012129,-4.605751807974239,-5.111213956237842,-4.2082709079127225,-1.6832186712340975,-6.3509232388943255,-1.7042858052629708,-2.282371844966784,1.516272046889316,-0.7305012645317767,0.820478554182292,0.2765329139386953,0.6100218395132545,0.6262998027945704,-0.29871554513983767,-1.730641964049763,-1.7318141625863521,-1.0215012627336504,0.1184377281002024,-1.6518184978663557,-1.362394812641133,0.2326940421739904,0.9196000153695457,0.7223186307844174,0.10686339137328824,0.553900137054919,0.9689182888086789,1.170394351213695,1.6468635925058053,0.9095403605071789,2.4263397025038955,2.2573286099397785
