script/wind50m.json
{"header": {"parameterCategory": 2, "parameterNumber": 2, "lo1": 6.000198445256149, "la1": 58.999992894266676, "dx": 0.5, "dy": 0.25, "nx": 22, "ny": 24, "refTime": "2024-02-06T19:00:00.000Z"}, "data":
[rows 0 to 23 of 24, columns 0 to 21 of 22]
10.798246003948645,13.609990901737303,13.397997830214248,11.608264493882974,11.737501544726262,13.560961964335135,15.047618813063826,15.405021370544233,14.73636555207815,10.175897735765146,9.852731124384226,9.050397004857604,9.483958526385369,6.218375538270488,-0.003815115488723514,12.504027056634929,7.016476160001737,1.3584293972975972,13.349918708364841,-7.852009848362033,-6.3884861070302,-2.268827696141874
11.23713675406229,8.890574802619566,12.40597208677913,14.591366075261986,11.750521678855286,13.349699998014072,11.900182973150342,11.180076923232992,11.881066888425835,11.709669050457144,15.460146819704953,12.03590703005575,1.0391859346458066,9.978455117269862,-1.6923827144406667,13.925202337579272,6.942111419985932,15.911659164927043,-7.807521102184872,-11.481442400683838,-7.740477755746838,-5.349481129194844
9.703244482274206,11.360203946237514,13.039875313110699,14.163852866788089,9.745666686708546,16.001725713415446,13.28336723720864,15.134195626514368,15.120956117689426,15.5075678905209,10.033464269769159,6.800203026796461,14.698915515892963,16.86271856567096,-6.501071215167744,9.253863583911404,3.2023329654406245,-4.330381672784498,2.8375661166798785,-0.2141744529172993,-2.8300644307185223,-2.495308486725551
9.993642963156871,11.846589695000162,13.386798226733305,13.18113304238462,14.60374326854043,18.804073154783847,14.6393612245911,15.512100445514879,11.071683172131102,13.47576161675432,10.909100134447039,14.696804687572914,10.991952721941571,11.645458987334422,10.382016188546919,9.894722941009716,15.20753759391521,-3.113406467204008,1.93744182062122,-8.108675376696787,12.180321304463567,-5.700992792265127
10.964875392082005,11.026023223052693,13.367033802296575,11.800742491231492,16.049453901432358,15.051738835443915,14.750122294308435,14.999926789847944,14.987972462602725,13.831338539553906,14.037335874065498,11.613507031331995,13.29391882385203,-6.689937225417569,7.648710611861559,9.635363405020149,16.15288636497024,6.313857480729328,-4.392838032735344,-9.873388644848037,-4.857517781885923,-4.918154662296186
9.596600954140941,13.66377658445644,13.217041555950518,12.18881057702362,13.819877350330312,11.848882463040303,12.754378726671694,15.37947945674686,11.516281739527766,10.182788617793774,10.417144880608522,8.705358611330196,5.168216079000712,14.579734709354165,8.939796203854025,9.251962567771912,-8.89823938616141,4.190947500482101,-13.143227280964446,-2.1792896439084735,-4.904057790624234,-9.252370003296749
11.237029619901257,11.862644364791215,13.166829343295287,12.963017417180291,11.898822361262436,15.92075841584577,15.86847130499938,11.210862689655928,14.946877974560714,15.40894716922371,12.785233096382061,16.37682112980432,16.99117791331504,11.172557494139475,9.023503742464625,11.48673819056487,-3.451595456143491,1.9240323367716248,-3.0236047742389998,-7.424543172080132,-7.291308191834419,-2.0498132783696037
9.698345426583932,12.971511756077202,12.295533196481033,11.255713098644557,11.228484209896457,17.954840827504356,14.61899930384841,15.003583088776727,11.848854014611506,11.499305300432896,10.406338785839054,6.949714263634769,14.462117032439778,8.638313772523825,8.027202412890471,3.0353116565926546,0.8046148514245756,14.361363827528443,1.1292768439442618,-9.596596077899328,-2.1506758634240044,-2.5110703465975113
9.670077310563586,11.597190887822343,13.517630879836926,12.157677060524463,14.154415820225093,16.78415503476615,13.082012758558617,14.945364315036127,15.005345541516194,15.212266321285787,11.412918718389895,9.990870698594799,13.491317435817008,10.264546744479018,12.048224254738763,9.795519854733891,-1.823433885841543,14.520858421509569,-1.0639307358944516,-1.0400249915675266,-9.566763050491708,-1.7429346481139185
9.98073341355747,12.236487037414792,12.500775130703083,15.361638856066127,15.51597544006838,13.25248871024398,15.199895358865657,11.258637826652624,17.064936193563952,11.032717190057301,15.456914259996246,4.421557337598568,8.165060879839567,16.73360670187026,10.457823367302872,9.880285598265143,8.665971735754491,-5.348834895123593,13.559411399589502,-2.5340511413787836,-7.9155776139222995,-3.4720170214801978
10.165633451593417,13.280517858224888,14.16161662771264,13.097687537291666,14.566938899465457,16.153746190478415,11.825386149258952,16.510789019577803,14.963540479308556,13.495951349974808,10.982071605905865,15.746185641415842,2.561045829663081,11.45741130818109,10.131658529703186,9.684160419252235,6.894114476238522,7.665337690426125,-7.474281046020452,14.395110473483236,-4.774924324617046,-5.892645735123716
9.842226025741247,11.897004806821156,13.908786933730163,13.642988571341348,11.636140317813668,14.303446252464356,13.506019167153244,14.364826927619522,17.208116675579706,10.013618247543791,10.472132820371451,10.652256598445698,14.57697341662035,-7.461472390414017,9.443431981057705,12.14726853847462,7.666803248146543,6.307143395454751,1.6571197835615983,-6.573193844785527,-7.816841024083664,-2.0594712814686487
11.000576355081783,12.1817763317744,11.942790552106421,14.481718677172138,13.227059174401964,12.231074399103399,14.772851715337497,12.665757600626078,12.740103229123108,14.711242098878104,15.352802631246968,4.465303016973546,7.532356177049865,14.604783367679211,5.405610438907971,14.187236416426636,3.593378369722254,0.2575930315833792,0.6869232635334463,-3.1044090583879678,-4.07979184526295,-6.238817282247777
11.1516928386291,11.463144718803868,11.921135705560781,12.951078983127985,9.795740974072949,12.433936913105493,11.646943750257305,13.270647711856126,17.16827965859144,13.722610967971912,10.943346884502178,16.09094761916247,10.238400075775978,14.24074699402168,1.896964136651798,9.372405599283296,5.782906964551935,0.8935644423772845,14.709484634230083,-7.596327648735468,-7.934488692536243,-2.5551852955386334
11.436687331669056,12.780130675278265,14.336890624934332,11.561521459863911,14.369504903858413,17.196039626327543,11.74639346192602,14.816413929481586,12.165799714633058,10.042429034096752,10.06744235585155,7.958524840933963,3.798356375866679,6.854936952554382,0.7622595466666101,10.23731888690791,8.739966566221907,-12.155288588293187,-6.837192407723195,-9.641040285726866,-8.769720679736364,-5.080362966159526
8.83794172348259,13.113033013002626,14.44311708526249,11.310165686998772,14.791800341608345,12.774263361749954,14.142811129681856,15.238529308888767,17.32215916839461,15.278058626368287,12.669927421165585,12.019362683553657,16.139919332305954,10.354705824230976,-0.04170034027765241,13.315175307837292,12.926715352680182,-2.9015466520689492,1.6755319390792085,-2.4263949683876183,-5.3984017428986775,-4.098164764806241
11.622447980893424,13.101047674565915,14.8862248410092,12.432047449717238,11.731704610811365,11.793355508522062,13.265397393071224,12.104397884096638,11.520724077234528,11.942457284668505,10.687523405354447,4.44460723285752,8.855712897274874,11.617429582298568,-6.954568705819445,13.469450786343476,-9.535249726299835,-1.2261151755638864,0.9471143998901963,11.253504209449552,-7.428602715885115,-4.2069580849689725
10.155333360165299,14.097944851893676,16.035718970166542,15.351891250850983,11.766203685757075,15.978135510560183,13.086814004855647,17.32430240984786,16.943593296731052,15.362465960025032,15.890372014953112,16.02765320579724,8.208258627233132,16.80740465473738,-6.450171444870199,5.518542321314725,14.441597741016952,3.841332852957304,-3.3478645977567103,-11.527895820381923,-1.7808858211376914,-2.756581198614762
10.449990422702527,13.158538373882493,9.762258712356974,13.945108287496433,13.798672134668418,15.070089402841655,14.29629377986859,11.420508755733607,10.747266813071107,13.503285980742122,11.937839890386064,10.74699549056631,10.218657639921982,1.116002329039758,14.2841525741518,7.521429665902929,-3.0232645507525233,2.160722352096745,-5.900269492694457,-0.07669657352144317,-4.531448529811277,-8.214603708486889
9.676600693326268,12.220722885658626,10.76679157209132,13.562893702643665,15.574293275996718,12.280278246556655,11.881803097044079,13.864849872248916,15.06529828518133,11.359715985280735,9.658525479423297,5.4215338458438955,9.38367908440938,-4.672462859457724,14.119177126281125,8.652083027236188,5.142512984906772,13.62933064721691,2.82407592248266,-7.1053686255823845,-8.58016319930155,-6.748207259851552
10.13884678962676,13.320730332049155,9.753487869867099,13.77941448182511,13.73586045864922,12.39443227683407,13.555797658551025,15.789897510013768,14.688177223984582,15.176117331704821,16.108752008040927,16.74440890578435,15.307914254098877,16.00603692523134,7.461470022794479,4.845717211245883,5.840111787455897,-6.937219609137034,-2.011086722436506,-7.877818713093658,-5.482035753927741,-5.749406017303221
10.098042041981891,12.76724385215983,8.972363675839738,13.192817196076604,11.185283125972012,18.52733329140523,14.066771972886624,13.786797434663809,16.829762922320533,11.849598788050248,10.117628572157631,11.169867621679147,8.713454669168208,15.021391119648642,8.435903466014958,7.325547596992499,7.992607711232286,-5.606183264938273,-3.1629569087198166,-1.2027719652489006,10.995164591477183,-5.584428472897044
9.448285653300172,11.512363108728332,12.98556862216993,12.389133912525864,12.78966386155826,15.210265085941106,12.944713979014693,17.799176157605824,11.800819109827652,15.18739148423344,10.1546458499361,11.85715982460618,10.690062041119589,11.219046749121576,9.202429682641938,13.720451206551179,7.012416781848825,8.323392589730117,-6.183039940955528,-8.69482131181958,-4.7748945032968795,-11.69615705570375
9.607096264034135,11.576970999478203,13.111377289888525,12.528587455757746,14.903490689033847,15.739308734653601,15.36860269849635,11.341997540306773,17.148335446946376,12.047212291883772,13.651353819135444,7.6182729843705586,9.656319361028983,11.95193530775743,9.231175829856129,14.27588308897459,5.257975449372718,2.2526503332530234,2.636550389685911,-11.436166603133213,-6.133378212507796,-1.579041204485312
