script/wind10m.json
{"header": {"parameterCategory": 2, "parameterNumber": 2, "lo1": 3.000054539987559, "la1": 64.9999836372058, "dx": 0.5, "dy": 0.25, "nx": 34, "ny": 52, "refTime": "2025-06-28T10:00:00.000Z"}, "data":
[rows 0 to 24 of 52, columns 0 to 33 of 34]
7.053632294656294,5.245478973944546,4.118386212044211,1.658688816454835,-4.6506791547794695,-7.140524176524468,-8.256136595722925,-8.285256011031587,-9.097560915399068,-7.624333399712309,-7.073430817337749,-8.66197434894509,-8.946380482626349,-9.475900374473746,-8.374870326354424,-7.089280918764272,-4.178082661739007,-5.805834468328084,-1.8686863280125405,-3.6308280980238052,-1.7278881307804905,-0.2577874914362577,-1.487182661579153,0.05623092352978919,-0.7225191397097296,-0.46464203569313484,-0.46550999064993537,-0.2689466641918111,-0.028569171421949067,-1.0933713864718628,-0.19496154178089084,-0.5683072089008155,-0.5510215004397018,-0.6121628804780712
11.137628978416366,9.316305939724055,7.8199232631411535,6.570477894055721,5.244766080131994,1.0993238698021488,-4.2845172999100605,-5.64979424110995,-6.018482117288178,-5.520314511708152,-5.198549260085013,-6.227929107948318,-6.266604217413591,-7.221583980903035,-6.46043295940354,-6.072873411829949,-6.049655605052785,-3.621217619308259,-5.479533404746422,-3.16343571570434,-3.0362720023285186,-1.0215756054821805,-0.23792105737322256,-1.929823123860863,-0.5851213832113223,-0.6252744816085337,-0.6012543138400982,-0.7910732930367906,-0.09276333873174061,-1.060312003881362,-0.4304937131054125,-0.7005813908883001,-0.6609612437383753,-0.8580497385275713
12.559110489462684,11.737351393169211,10.478270860207616,9.018720412411861,8.315020869542924,7.014710631003843,4.593223131503049,-1.2434166531191042,-2.879571825176397,-3.255910220620677,-4.91526300813369,-4.151293129084981,-3.6171397738111803,-3.6693817091809153,-4.395068601326751,-5.7485650707786,-3.735854363960482,-2.630773143616756,-1.9984605554954098,-2.025642222877923,-3.095568971405252,-1.0616453084712234,-1.3791467274078952,-1.8325396948009487,-0.6353109475716381,-0.756585550597488,0.25449667201100773,0.04466245192065275,0.03491666862909771,0.0860211703671312,0.8465888051088258,-0.8608572724753827,-0.4822716308450162,-0.7315041119290078
14.577002557229573,11.655893954782439,11.483926682300902,10.409872433247473,9.739234741797656,9.222378379456485,8.17658370162717,7.606358343335448,4.140727480015326,-1.2511434571167972,-2.2006363888968554,-3.348938687141698,-2.8741977472476434,-2.920288671926319,-2.1755841532091287,-3.6068856596818235,-2.7526037192173676,-2.3645689664316154,-4.420694533411819,-2.440930895566577,-4.696693249099363,-2.589039355223079,-2.0359299890891704,-0.03992579472302751,-0.4475080606755499,0.5068141196165818,0.19251502941338663,0.8111982737648292,-0.17453132349424536,0.3963957473204183,-0.24190982239246137,-0.2681274722862792,-0.22313421405471714,-0.6630745519672042
14.250695695010785,14.026797265020885,13.520889946770232,12.65892354797461,12.31149134686924,11.259721439474529,11.070743701190723,9.750221265592119,9.115514210330662,8.234205924629778,5.23382351748278,-0.6948479473546593,-2.144916386165993,-2.283652241996335,-2.9861723189030243,-3.2433147255007313,-1.118916196851696,-1.0579200996939526,-2.8606882068163197,-3.1590246713962618,-5.890586307728034,-2.3827031191881707,-1.0633285705985251,-0.7462596396734003,-0.028139585369564058,0.3673733930488196,0.692943826515242,0.39902350710943685,0.10710892781674894,0.47755220771226115,-0.38403532646596955,-0.8554749752157157,-1.265477261837553,-0.2839642396360469
13.552391102966455,13.039610115052431,13.181456646350124,12.699034064993542,12.761197074769312,11.802346866358778,11.92580101148664,10.814476835286172,10.739625784878786,11.16117440149817,10.611763076337818,10.390215298959209,0.1419846613825202,-3.9242204762678354,-0.38025654356116567,-0.37097129300624565,1.1592866695850588,-0.1098450221580321,-2.4992953669570754,-5.241879148202995,-2.77891532607303,-3.3778121436071036,-1.1351951760128332,-0.8327096995370123,0.12552763208472364,0.26949694719260536,0.27412883354456696,0.6404450772116057,-0.17050101041251198,0.6769775216047731,0.2838475437231836,-0.37860478469119296,-1.0104446624526602,-0.05120747730733507
13.09900844545798,13.150946489843196,12.429274463292199,12.940702200600455,11.789354732386288,11.205298538198795,11.700201910093659,11.693509303922673,10.773773767562336,11.616028436226284,11.893406812201233,9.402088654776216,2.0613755879470634,0.6272061130403169,-1.8750274521475736,-0.12302000999943181,-0.027370499026967574,-0.4494458889418735,-0.13227234253433423,-1.4708905848351363,-1.2214978288873304,-2.2443109304871287,-2.2186540655791873,-1.1577248324650655,-0.43981539672321995,0.21753012548989725,0.7801416571051464,0.06675159799818581,0.228827774622922,0.6465993303807496,0.10227397591029984,-0.0034925378143671054,-0.7180426232884042,-0.9814690091656223
13.485656598230063,12.373733301080982,11.576987224419543,11.82665328373418,11.678232373643858,12.049078152583306,12.95030681687949,10.172595033373224,10.930755420534483,12.447899851620141,11.816141987169782,0.3861287568508489,0.7872441594290921,3.754519620501404,-1.088452417957528,1.10279709924992,-0.8888512625790628,1.067728763803803,2.9987518438513443,0.3058997927938693,-0.6541741593668645,0.5259729897019153,-2.5614036038137424,-2.186448909700729,-0.912466183529033,0.24708601365197255,0.44049433089549883,0.8399884227986946,-0.05305813036232287,0.3287994572574098,0.9522884165562767,-0.41326205729431076,-0.7428441738578972,1.1076595626305503
11.967579439184828,11.321528464410505,10.53378225622309,10.801333653031604,11.253409207223811,11.68613360682161,9.827297756574445,10.576652156560145,13.03564232470396,5.413765869553369,3.940362530824091,1.185880978438509,2.432521302081515,1.0857287165155982,1.8775253760413595,-0.36671769387759806,-3.445333160006686,3.9791374741174863,-0.9178316651630672,0.06221523848855076,1.4961554931239343,2.3885966057186643,0.8541619665912659,-0.7940609569915008,-0.5373932281840036,0.2438403990851037,0.4785437506218112,0.8605350887751355,0.8941156161349905,-0.4517703848201061,0.9420070774489748,-0.8258158002759953,0.8123909711120296,1.0329709494253791
10.906399886558635,9.830381369477339,9.96054586616076,11.251913530953678,11.511199661132105,12.234918618876847,9.549671178536,9.288082534141786,5.313508149826872,4.137122332370418,1.98343041323579,1.1629188130845647,9.981559746522192,5.531141760063325,-0.27905251721008545,0.8337282353349594,3.184461610629572,-1.0131429533776681,0.632433019558152,0.6054952417051626,1.9072733328545346,0.862972221425366,1.6137282744234793,0.8889013387853727,-0.538315547862445,0.721037400075285,1.1042776918414345,0.7570289698366838,1.4916372569336849,0.49351902427332495,-0.7339603397574553,1.4153663777596208,1.2631647646357373,0.895378729733479
9.800408473140031,9.10104207181482,9.392760575763365,9.827211336633978,11.089367594043205,10.20761570703371,8.622560697661898,4.972510051945095,7.9200700851932595,-1.1664712167565057,8.675501659068498,4.578899057570688,3.294079983921871,4.326626347416606,3.669848019894844,-1.0916358582994503,1.1533830410938368,0.3780806520815418,-0.4584173371011143,0.30650258992905294,1.2598972831536923,0.15721740509787552,1.857590832665069,1.0922050438120883,0.6021542754292185,1.0269377145105525,1.8365448501492354,1.130766340795006,1.3429491674624434,0.033001961397077194,-0.1443016943719028,2.1579585851577963,2.391318832338276,1.7710059076185172
8.659834505719727,8.427206144333748,8.1189399164361,7.572155960836426,8.863658648946204,3.877284094087654,3.7864334506670403,1.4391327141975454,-0.21166122036635646,5.619087918083452,4.543178917593864,9.014299452213983,7.253833003918633,2.3312173761170385,0.1694064678953353,-1.2136791767841335,-1.8268075105724704,2.3495740754670793,1.3277617765562635,-0.23856741665644696,1.3229306775034722,1.3146364905794785,0.33165251156643266,2.0369550179353286,0.4783451496029006,-0.2175188895182818,1.1784985337000513,1.298505180046264,1.4104611563749387,-1.1552415293728697,0.14279790384263094,2.0011896719749966,2.6658949939519165,1.7838201580950765
8.562359000573487,7.56222187399618,6.232925073009751,5.877102324305679,5.2276630015655075,2.7995996818825746,2.193820219827262,3.2694298375515105,3.5803032139035738,7.137725006335839,9.968555018693378,9.33110120606764,2.292261004847247,7.214069625542646,-1.2197634990780055,1.047132773912194,-1.452535797799207,1.352982149600655,-1.1605683097238824,-0.5880832872790196,0.056322889363701355,0.8015929491708381,1.0348697539903349,1.0222508270976403,1.3904191113579194,0.3089401558404492,1.0085778787629802,1.3662899727824094,2.0247396309082903,-1.952845098386703,0.1121025201326748,1.9801178218512991,3.3678786042295825,3.2098087266673048
8.001155103665111,7.4135453609307405,4.976829359758617,4.571514324398689,4.819050220853102,9.100826626457614,10.743177654981118,2.971144384645203,7.330483508359664,14.019927909200465,13.399730825144774,8.959173521626559,-2.017959618829109,-1.2387055514756242,0.941478381203076,1.299719101671349,0.8573872327299611,-0.4671626889243581,0.9308051508236354,0.12777531745607174,-1.7307587687232735,0.14516845641190815,0.6972014383318863,0.6763682344676379,1.09552286765681,1.3025288133179909,0.9888224145872967,1.3422577124148167,1.3453013685900483,0.8912039939928783,1.1057627500582157,2.4175534579116866,3.4840394330201114,3.7104727631873273
8.02061215676101,6.208928229040366,4.44183357956316,3.5676854911550357,4.2266461459747395,3.2086630073134885,2.545813059020601,7.918942319671818,6.157996688060405,7.283899733474022,8.716679006292402,8.778744112090605,14.177693942432581,3.639127801020824,2.1376109597628137,2.4842945535960195,0.1630376242431691,-0.5514480983212239,-0.04440846624369343,-1.2058245689812248,0.25837614417366583,-1.410755883347755,-0.10806371135083175,0.5484901109435281,0.8583762776365899,0.6294653236873916,0.6795855557141375,1.1850185314757289,1.4471275426366188,-0.8889609640613158,1.175629812872567,3.148561016864333,3.5587383325816115,3.9280284071774445
7.4537181668457695,5.078281836997378,3.3346957408938063,3.509701982517074,2.850742746947989,3.7735506565567714,6.485737409181224,-1.1383515835155968,2.715567970940113,5.999963135362943,8.979158490750903,12.676038338166974,0.5636351406741402,1.078573420481294,-1.610471265935312,2.275141446723316,0.8905136518649995,-1.0201503467205213,-0.5196512119757664,-0.44260370273558725,1.2477041233929673,-1.0914472798380515,-0.7528009026322892,-0.08229524712956825,0.2995455416670876,0.7819364137812969,1.254898090523406,1.2401636082081071,0.6798856430319967,-0.8601080369058617,1.1759613412877217,3.394833872137597,3.4802888230974824,3.957317983834111
6.956210254790571,4.973261602895403,2.9444573180686184,3.7962090484351894,2.1988010921998327,5.092280693909288,7.7140283986685185,3.0922302727343434,-1.335553084688864,6.595099530472132,12.037427075502011,10.463101237377881,3.5766631937947104,-1.7514531000215474,-0.136390213701234,-1.9884053124785754,-0.26714109616870546,-0.17104187438175225,-0.26017447904893004,0.3824848505280125,-0.20574706696244913,-0.04586059544323916,-0.80570357479481,-1.0248957587427534,-0.3033130206953138,0.5799197048435955,0.9928677636917049,1.7737076852608393,1.3183793299357178,-1.4890651033633142,1.1027423349998071,2.968621058648159,3.7583946230309673,3.8895034627298917
6.705884160928126,4.796773292090091,2.6413356011769555,3.660428391995793,3.061442710124398,3.019366355545677,4.366305306429285,1.091718785327538,12.034616674991312,11.085050537780834,6.236349573259005,7.0223639424709745,0.45121202705104335,2.898896954014873,-0.13443048567530444,1.0637471608663382,-2.296112233368923,0.562148972261642,0.3428624906870204,0.015493172882777911,-0.25781748824305406,-0.5258425264914263,-0.2976088839245217,0.23218220133104556,-0.9921263097702356,-0.4688350674950739,0.4610500999872303,1.5917874455126624,1.7667867002705648,-1.9855095109716234,0.41444234308198363,2.2889739418428,3.611636564727286,3.732492199239614
6.096663285163337,5.039174647736076,2.4773674423028638,4.311010832839297,3.74951335521301,1.5201755452304628,6.618823212885982,4.68514408612008,7.181421576068793,13.919151462457425,10.241837711662459,4.073835919893434,3.726081386659201,0.8260747488395997,-0.42251590900874275,0.9481137338291735,-0.25416651818885017,1.0814906821879184,-0.2236229543171223,0.5453548612016711,-0.1985270831205395,0.16783806139995436,-0.20173942844683393,0.024331629481110287,0.502551637294323,-0.6128147935197681,0.2538595624683828,1.5517445542528754,1.7930791742507122,1.6721981872977865,-1.5722240884814926,0.21408367012752758,2.2703126836637657,3.509528995290774
5.653759360223195,4.673948380508707,2.9171023335938426,3.7473675834003086,2.9141260411680836,1.7025069339860415,-0.20808699114543242,10.051417642231561,11.946992313100054,9.45268957377634,10.978723929207913,10.561930770431394,2.1053961451659804,3.831457376697899,-1.1668734765107696,0.04565811916200992,0.7328992521240107,0.7685419956772462,0.22999275722083404,0.9930826508633216,0.26838993407269524,-0.5272291715538174,0.6642238755874423,0.06172289991597388,-0.15988362178696,0.43164888056546913,0.2841722587447038,1.158273490305129,1.8205961197368214,1.6841349557231382,1.7983714102562662,1.9138771826640602,-0.6029792013624573,1.5889805200072469
4.250968927977318,4.390324123915002,3.080913358004754,2.8630986296704415,3.8209535222483457,1.5170236079461967,-0.24408322484520886,4.954915495687042,12.576580294164245,6.378373362817818,9.488314271841578,7.863414619529401,3.9129174938743505,-0.36531269239882613,2.0251633293397617,0.6096116438822924,1.1686655717414185,0.3763729112042113,0.8867679715715476,1.3566434478909903,0.9500303887468293,0.18536376850103525,0.004221631113262809,0.03223424633730248,0.5370180450025946,0.5973808993501628,1.2710275938096398,1.123497501696125,1.6738629664971296,2.633004143076955,2.1690889195512977,2.1574337148793927,-2.001460354202893,1.2921087096826454
4.017095564533999,3.0547040245120254,2.7520552541738046,2.3459401798642388,1.4180829514476583,1.915614989643914,2.629663896356678,3.1865383860887517,9.416454047328163,3.0815869173198474,5.149011116400568,7.953925419340234,-1.942910431390978,0.7666338865125404,-1.613897599652202,0.23080691233026251,0.7546206483451203,0.7982047247993356,1.4629673600615727,0.2836092952575187,1.5113513381244594,-0.06500501175061775,0.8772145148237656,1.1957185617891803,0.29697260556289445,0.10916212384451941,1.1468076228591557,1.9483965595281407,2.131506486064932,2.840056413005436,2.399596097426986,3.046026371797433,2.10192135356451,0.342499683733957
3.5420367076866643,3.3972633660280533,2.663265350068495,1.9342450632172135,1.7325164196293559,0.8727275302610511,1.7472047745138506,3.7947176192617427,10.789271748772729,9.265909618360945,4.0414226536127895,3.5843589939184892,0.9258321559953803,2.6580586610034427,2.082348636762674,0.6949010104127583,0.9090700164627548,1.3106279529205556,1.2743363138068053,2.389622515758143,0.8804072650798056,0.739541736206457,0.9828213137926182,1.4349156194960162,1.3443868713700278,0.3088346706076357,1.6542105725428646,4.024376007732888,3.1141979363368417,3.2136679020243695,2.8573986106922553,3.4471781930368683,4.567018458436135,2.510756074253222
3.943253841035032,4.0925944159112015,3.196191465519879,2.257426756477265,1.7957335597916875,2.5741778910839264,1.9043553019548676,5.7164092522740955,9.182901778098238,3.283574574129036,2.29878228151352,2.3668831657780514,3.6130645092590394,0.06906312690664818,1.44054364672535,2.672636686272093,1.3834662883701334,1.2036767446960686,0.8812364608013933,1.520190892667555,1.62453514688426,3.0773634037463333,2.6264973367094084,1.1648142894851767,1.2684115852510975,1.0221686581827323,3.316398068557145,1.8360398265485849,2.1368952621425965,2.778172831099072,3.393307676469275,2.191288115386427,3.4235169239571586,1.4784654366304297
6.110717326130728,5.116860498124432,4.123304693651879,3.6036647142784233,3.477657375290648,4.246884398353702,1.6615333369212304,8.542551073582215,10.227964522165566,2.859027350100488,3.2488881674168515,2.567940840086967,2.554127525288501,1.4006344049090165,2.1825594306587837,6.225670015411695,3.073616900256816,1.0188432242608705,1.2496477005959759,1.6316790906261462,3.6339070516659846,3.866275074349101,0.8199994234057119,1.161265655106009,0.7644664654962214,0.7756679656747112,1.807314480039498,1.5521500524811385,2.286951007915019,3.1673436389275484,3.1631106885502103,3.092719124236897,6.1420120712511785,4.489888836536471
