script/wind250m.json
{"header": {"parameterCategory": 2, "parameterNumber": 2, "lo1": 3.000054539987559, "la1": 64.9999836372058, "dx": 0.5, "dy": 0.25, "nx": 34, "ny": 52, "refTime": "2026-02-17T19:00:00.000Z"}, "data":
[rows 0 to 23 of 52, columns 0 to 33 of 34]
13.905982947968548,14.430522179190683,15.123435972691897,15.445343848117725,9.39742101384713,13.20482124760349,13.576777547298034,12.179947722008652,11.329858304357682,10.642483314439014,9.368978152008278,12.200655204618334,11.072456049952581,11.112201940344594,10.810095688501077,10.393188379139435,6.311145457858554,5.6546468719329255,2.2517635956805995,5.393129694813088,2.2586729305466573,-1.1120242022782747,0.7009698894562078,4.447399009517189,5.223101068679485,3.1282614070167885,3.155494757268427,6.127894870952929,5.353357412529651,4.667128912881289,4.448431333718342,5.515480578026712,7.2177292079351165,6.73576243498955
14.833177865719831,13.818434625621824,14.051377817032828,13.392426545721545,11.25684769471891,11.982698682511808,12.339963790032835,12.197991559181045,11.705071273290041,12.011101766953084,10.036298243410576,15.297972819206905,11.467726146099528,11.710357768174,11.029416966368787,10.462722175704577,9.94305820990216,5.4185008436211195,5.984961334446094,7.388254763937965,1.9389994289240653,2.259370923579089,0.3893934092648825,3.592430836065281,1.6559264209619555,1.7692042422553407,4.327722605340078,3.037756133907173,5.04188607178222,8.6727831482055,5.455711367249452,6.431314949973351,5.746633453710123,8.444584466555698
14.968429830185563,13.047492184656043,12.447424834258687,11.462969118652547,11.159427611542496,12.044803846360061,12.19695861888642,11.16304852584856,11.813055954834184,12.34043194662591,11.890367107725183,11.84626868777746,12.39675968857928,11.694245856133298,10.955411432402473,10.780961038625406,10.290773622173408,4.395389711001067,0.8378766424541697,1.2858012547457547,4.972895748216572,3.839531469926238,-0.3350974403442112,1.9168499244185233,3.0209830732187,1.5452766073692061,2.689635426686143,5.706419948125112,4.1924218393887775,6.378346927442484,7.611043916344527,6.90007658386284,6.231487471858731,7.339506194101616
12.20698684247586,12.023481262179276,12.846916695068375,12.562498235870057,11.215263554141753,11.868647592490968,11.990935721675001,11.463782538385495,13.512028798687998,12.807670412087447,11.664527098172833,10.79909712095249,11.56053337079484,11.326537061850525,10.626380470364476,12.01023692090303,7.753011713584717,9.699617219110085,9.433113298832632,2.447780919852665,5.697736133590501,5.830927145699813,5.46542323180694,5.9605957607020965,2.7635573873308776,2.9006663868186675,6.3379109753432425,4.069513268339097,4.298864486417619,5.618164553079729,4.617170998755658,7.712558854494853,6.35140418807572,6.928259928920828
12.724121013919428,11.969485834565692,12.720468166076694,10.419770763351663,11.654638334663884,10.955886253301403,11.985888216654349,11.601316867320348,11.827194843672872,11.26301966431593,11.695868790009873,12.030478907648973,10.485688701119807,11.009602449786032,10.25793919549166,11.598577299970358,11.568365531366606,4.922724930420822,6.502460625094619,10.099211717770944,10.474441414736424,10.628846857624323,0.7936329046147839,3.5356990274272806,6.049706725556536,4.511409014758957,5.000852193101704,2.972258681730988,4.919389896378442,5.089253637648576,5.480267126670683,6.9925592808231345,7.4201334179450535,6.513820725439127
12.495552177333611,9.131272101867065,10.578040343858522,12.74627532379099,9.515810299561776,12.139101059913784,11.700104144380266,11.567583007850306,10.87323283645426,11.791853377171886,9.891105407453141,11.635961698984662,10.64217702133309,11.338934056235635,10.06947554795249,10.61421991733521,6.1795337916812425,6.71510772333596,12.192774301819902,6.1611463022766735,1.9850690675925515,4.852657898012338,7.780405968376571,3.5603571731259143,3.8441909550227376,4.360278522005828,4.874395556967436,4.072306630461997,2.9656761307030077,5.010434155068567,6.090643890669729,3.45396755420738,5.040364607268288,6.433338340017043
14.707370131872466,12.054059480002152,11.903796798365983,11.687785990685157,10.152821664828284,9.479053061213243,12.749659144654919,11.477207341999447,9.792004147120512,9.38611360800184,11.579838866536676,11.401830575966917,10.94581792983093,11.063115252449741,7.558471735907818,8.504458585035183,7.053118332108647,9.638324636808566,12.209787008391862,9.730971101523572,8.476371100623535,3.1474542500572498,3.3246668053874995,2.277873729100554,5.671851578216657,4.717361594837385,7.833728678217641,3.0975844070084135,3.9046254284916024,6.224400439085722,4.8381571126333025,6.094805920511482,6.601922111755535,6.312988289321123
12.532677446294668,10.495453336673554,11.490110193095983,9.479757389272438,9.72631156110327,11.254933237073855,9.599115473736532,9.091995088818614,7.918320143802552,9.685575716222768,10.566766477366464,4.917728991125737,7.194001292637468,11.971960433293416,6.938835634834832,8.253038809499072,5.585874422969955,11.542547623648044,12.058226015383124,5.858514717824401,9.543350525958557,7.364266631094097,0.5965713966182926,3.292179228951788,4.991760334311053,4.335898557385532,5.044098350103648,8.626732574652879,3.407216354233583,3.194472215545298,8.05336715610131,5.537453054511292,6.552434506944617,7.190056895416748
10.650894666156493,10.255046419783415,10.42850974887516,8.784133333436472,8.89412289242175,11.86187129622642,9.857171207858629,11.235999125113405,6.221769450111937,8.240761779816035,6.23311986664599,6.1213556865578385,9.950092470496264,10.809492750210806,9.181443810125073,6.395655283249405,10.245454729495892,9.698781632699362,4.480906622350824,5.118941904750991,8.041588600231327,7.845173923422358,8.706132688731218,4.476424663479783,5.800945804505048,5.981223327390431,5.235990097678296,4.470126317407647,4.592250332186,4.262653831522841,5.737787484984832,6.477400809329416,7.610778032080612,7.089918452805189
12.34907519742677,10.406373451639878,11.103019167134635,9.612292572450851,9.724222864681416,9.961971431555687,9.83018362780873,7.4537505074819395,7.443611038944713,5.713576990671079,6.423256765224344,0.580047523688038,9.211228046110456,10.855896566263631,4.444303796844461,9.624735664653937,6.828211032938423,5.193551802287402,6.252917142736576,7.5708285023144795,8.687238301453295,8.015730817210393,8.44597339785773,6.771289783200829,5.1103932340995515,5.97686396472827,7.43377946988322,6.705097140631446,5.056282677963796,5.583339366097548,5.644408547829053,7.695469865387044,7.364056341493961,7.2331242641941325
10.006339628345835,11.665293839425129,10.933310632789176,11.16716359070501,8.360717538559575,8.754844394405728,6.230320891201782,7.079533235066932,7.087691430611647,0.3500503608475284,10.87151833436764,2.1574534848966103,4.75119476807129,11.017640853308176,8.540896518322636,5.66484836129347,6.545276659779987,5.047461209376682,4.937418399821296,7.814974197537788,10.451719433537699,4.983760142530377,13.480684607055016,4.73948674319315,6.28886218641703,5.280671913035759,5.25656671305459,5.856243748627795,5.505754050782146,4.78735642774895,7.587663468885225,7.352642443937367,7.23468465325026,7.867658509380778
11.57412898889893,9.906875510803278,10.782615724820023,10.651651752909096,7.821554376888701,6.520153002558744,4.555764056741416,1.5276787570838786,1.0365780907937199,6.0941503689016905,7.025713754907336,8.81632854015012,7.3313242845439985,6.49927659212573,4.581752384119517,4.933197040791642,4.7528427348175,6.621981503860441,4.066807712230001,6.905569222333842,10.207666052756668,8.09223714452862,5.0658772817195,9.743565648760185,6.186273708492928,4.5324088303569,5.686955782914466,7.0064345905784595,6.405861202263919,6.318489014536761,6.967772107814088,7.60356797659175,7.858630573475115,7.801696667755227
9.383667748927914,10.37149224247987,8.397091236284508,6.56561969039529,7.517306880121469,3.3917501408939734,3.9808652154585618,3.9181893087948727,5.05162252569137,10.706170259325168,9.17161678172036,7.447707241815813,6.893502195432367,8.128315233714147,6.312796355090575,6.235800986793539,2.423042437837354,5.589947189432538,6.873292487354726,5.138853003738284,5.564829467729239,9.028239516770443,9.071148412780222,5.833302777699684,6.3921085171557,5.360669597888396,5.180963480202153,6.755251241052681,5.306617694001558,5.674289684055257,7.044144114900187,7.468450769440218,7.252708619988616,6.861761698616889
7.9402242442353685,9.240564211719047,7.564397894765087,10.042695702622742,7.209294184246214,8.045679070624173,7.863343773388784,0.27171102653287643,0.38620258466562335,5.243401975385987,5.951907827938948,7.663325127483674,1.9128305012182827,-0.46993837902335023,6.302747645451829,5.835988440409754,4.589073313345025,2.9134055964459056,5.502439280106346,7.2572470660496595,2.2005991996497722,8.448280794819064,9.38585731247723,8.913655134301095,5.380477693380639,8.222714243217757,7.164168403191309,6.670009619223172,5.93685577019064,5.513942515496845,7.114843093472448,6.872036286692359,7.390846590209039,7.215822656558643
8.445376323003439,7.205297994610051,5.838006921654026,7.994296074444954,4.5561060044677,3.8377459391998254,1.9661006271440924,5.88316507107914,2.832556866912842,2.2543668718822882,1.1253859952618819,4.788985254932229,3.4354538944772877,2.4666724539496423,1.7283466870462965,5.013483584919885,3.0656884964212696,3.5354365767754343,5.979287146724474,2.8712946075371413,5.749885739290823,4.911593495162663,5.536897883269694,7.252538946278501,4.981699687359025,6.356180288871848,5.736195413678421,6.237426086323497,5.863620511149075,6.519951913511076,6.701458121301889,6.690925884875283,6.709532856889322,6.060402031468792
7.025462265526642,7.742658317391677,6.87296628749475,5.830982383884893,3.4862751662229945,1.0839788048464203,4.294170886955259,0.5262632556458302,4.95806130027553,4.377773071051528,6.386150913189875,7.597693140560682,6.828896544185074,1.4436070598524164,2.340663780467983,3.0689154346296244,5.76232692536519,1.8519029521074244,3.9217142042809634,4.547015869090505,9.440188442237906,6.331300852592423,2.7743192331252358,6.456731572755677,5.240696875664801,5.999871615995966,7.755838617093087,4.366506036062844,6.7933210447868655,5.711013668262125,5.583932986734448,5.445471846587574,5.491513783944095,5.6252810192780105
6.71300543664668,6.247611005416425,5.254652414579587,4.270146866114639,-0.8941695787488846,3.1794688794538577,5.0358416802105435,3.562527055941602,1.3819741275853352,6.05922386428977,8.116642393125412,4.7149796301899585,3.480473959750791,1.8061972285107033,1.0671424103988338,-1.0489744246501884,3.5064949601023683,2.173594142581926,3.7151702792507098,3.8297140584516827,5.776013449318487,6.117824952562037,5.791257296469228,3.205151818807241,5.187525962386925,4.7469529073990415,5.966738942544506,7.106964302207795,5.691393141669458,4.583663791658617,4.171984624998782,5.130372092333671,5.322554163144459,5.570574957981702
7.203638749067562,6.394684572136822,5.332753888709823,4.140417285164142,0.5294682782865093,2.0518689876948986,3.743786857459128,2.4198415440537944,8.611237230150525,9.667479133787083,8.623547882342995,5.01123151112634,3.6170466194984505,3.958625605654965,5.25980361118858,5.505888534951967,0.3275634303078715,4.121980676514604,3.003567974774656,3.4464923270390155,3.339760596306165,4.610145305545194,4.522411073257662,5.677099266559645,3.432934562849782,3.5031083908732294,4.845319431639192,4.706094120271095,4.076198006462595,5.053139380573871,4.406527547287126,4.547135109548013,4.325065008437315,5.357474916368453
7.123653781617284,5.9554754400945225,3.743424379322398,4.109161005106033,0.05852899255469792,0.8723917297285582,4.861273201921851,5.936458450655837,5.752978863341651,11.746438008566898,10.743406970739526,4.47623649476907,6.600407767769826,4.719214194267162,1.5632891289194375,2.9167179012589397,2.7046598405631683,2.6942282562794038,1.2530188359536165,2.497838102112979,2.5501925929850744,3.8208819892568764,3.658205077835956,2.5243478498822522,2.796741401810416,2.8021607567434526,2.6702897698976478,2.7908415637512354,4.660661846741726,3.8468884714686267,3.3952162990548356,3.980369149175019,3.9720625460930874,4.04307343692661
5.701527912168078,4.969616669235068,5.380111413717184,4.264805655261974,0.13731521157586316,1.0968434373827762,0.45615841876382973,10.838562150299017,10.355845999938786,8.201244110799898,9.20067551709055,11.347831103432554,2.1712174882881574,5.580782575475779,2.21262401904029,4.286086256244485,1.8782283989952393,0.716396630889879,-0.056408376704990854,1.7095243230256463,1.5250001042200703,0.6674321029272491,1.1713804051918473,1.9280714099944045,0.7434165432344602,0.1887339846556607,2.0825776830594562,3.0879489746428925,2.3666303112245095,2.4233960761012554,3.1696341799683374,2.7281559805396935,2.8381480464328486,1.8674952316025633
5.174957646742355,5.142507865449897,4.433722425316072,2.9870250333054025,0.10402991513443544,2.3750311846164966,1.6091970691231663,4.696856885062567,9.145190194787366,8.440513260625291,8.14964974382822,9.03581506746271,5.927131267603752,1.8127221888726566,1.6290667954644813,1.332822884609055,1.5468418719709067,0.37145352328804665,-0.6473055776283142,0.23478782325290729,-0.2513823406707636,-0.5605808977655007,-0.8411774521981291,-0.22902145088389123,-1.2923298986264722,0.5739488784206739,1.2904766645044203,0.9028155103875789,1.470441678053986,1.6527821280604607,1.8427351296102334,1.617291984825064,0.5611237989949479,0.381706637543572
4.812309997004197,4.893408051172886,3.870727616608207,2.3946245621430173,-4.31886516995019,-1.7753292092136335,1.002317741561263,4.002576349585594,9.691622795202829,3.353597547224381,7.992930257760104,5.540033855586812,1.5307904688615481,2.707212323813328,0.8090787575096753,0.7489450213675609,-0.22375331006570795,-0.18856707527337935,-1.4970128773029119,-0.22213570360133872,-2.5763509487387677,-2.6014476894789653,-1.9311175888306147,-3.6817152648093,-0.8693000956417816,-0.006812846728113492,-0.11514599318322088,-0.5168217577520727,-0.47674242602491124,0.14312577710825553,-0.4755133806283094,-0.35039827131046763,-0.8621210323676516,-1.3167113952251064
4.222127901561539,3.885340530865385,2.9804174033856223,-2.0599924043816045,-5.136875856168094,-3.7730254072063567,-0.4175796938608258,2.0053483390871314,9.639481136875135,8.510622679006476,0.8935973738587478,3.643480147122062,2.3815996416401206,3.5331089969332985,2.2164022313046443,0.29334529643600554,-1.8703120745470752,-1.0212192571102785,-1.3688743599551447,-2.8602128995728737,-2.4663573341592473,-3.399572489573477,-4.579989609419139,-3.3757781277834455,-2.5861683661214845,-1.278061805144286,-0.9877243026035611,-1.3640800021529367,-1.5583818562341631,-1.5519790556225987,-2.6600172982095405,-2.323415715129268,-3.045851619763783,-3.481113426796227
4.016002360879363,3.3147896753346333,2.762645739818977,-0.8595129384541362,-2.0539630138220044,-3.0798645564895817,-1.514560726276897,4.276951799745852,7.034223942377661,3.4811303140253207,1.2845703745552057,0.06021431779833761,1.8758304610304206,0.9200563927980993,1.0115809844732138,-0.6109992536731561,-1.849276830542855,-1.9033611680120663,-2.30133042299678,-1.977505481670531,-2.754314033664495,-4.94284737211996,-4.630826177929299,-2.868739173211534,-2.7381332053543006,-1.7556401593681028,-1.2945825339623689,-1.8441612676480184,-2.79587862483511,-3.209908478644457,-4.016855473116347,-4.12513861795439,-4.545237173793482,-4.657617694668277
