script/wind10m.json
{"header": {"parameterCategory": 2, "parameterNumber": 2, "lo1": 3.000054539987559, "la1": 64.9999836372058, "dx": 0.5, "dy": 0.25, "nx": 34, "ny": 52, "refTime": "2025-06-01T11:00:00.000Z"}, "data":
[rows 0 to 23 of 52, columns 0 to 33 of 34]
-11.116774191565634,-10.777441758897327,-10.275184316000022,-9.817310277270993,-9.153879923219494,-8.963355925576082,-9.024781241460888,-8.57097073744771,-8.649683310554796,-8.489219958393738,-9.653785229190632,-8.818517948514495,-8.186575651724949,-6.356829646123223,-5.385301381304548,-3.683870671505954,-2.735514430026508,-3.1518723580730694,-2.1178392325360145,-4.952677610920684,-3.1611307139006173,-2.006635400056447,-3.167677756629915,-1.5550183343408959,-1.7625404328446876,-0.977042079845774,-1.0477510710024374,-0.2664189766002802,-0.3587214271298003,-0.16332191680067737,-0.5284278747364696,0.7500895058732807,0.7889858803558154,0.13977126206756169
-8.724628609977907,-9.128502844520645,-8.50837536089277,-8.153879675911549,-7.827547454201682,-7.702452092414826,-7.586367758210025,-7.608431337166818,-7.190528580423546,-7.0232445196963935,-6.895533159535817,-6.651673204501,-6.579930793339875,-4.847768070260217,-4.097993902955977,-3.8535179280053953,-1.8637571210258421,-1.8730253796386742,-4.470977941211475,-4.720857333434329,-2.4453989347562386,-1.5725203871398497,-0.4733280795236708,-3.5616141886782553,-1.2509228007095903,-1.0577456924027013,-0.4478261506745617,-1.5759489711964134,-0.21155683475848663,0.32233848595441866,-0.15709402225162747,0.04148683781106434,0.627538548095895,1.3680048619847047
-2.8553275196047,-4.036806451767931,-4.374244864736926,-4.92043210150381,-5.791317188693397,-5.649310253055832,-6.214251071181256,-5.928613022470037,-5.763946290014555,-6.022071438384416,-5.222117717594336,-4.557848580212645,-4.19980146064312,-3.868692424342354,-2.1946396385065583,-1.1732265993999644,-0.8567447229987057,-1.2280437716620272,-2.008502260598294,-1.9781519358845376,-3.5708792072069087,-0.8720413994261311,-2.1226476364282845,-2.0144142709689263,-1.0048375957701656,-1.2604913966644025,-0.5119093998105435,-0.4742177337059915,-0.3337630101947996,0.549399322067727,0.7774537891572514,0.5410432615337757,0.08343038081985284,1.1606983834540592
0.8438810593417024,0.3167637358455603,-0.7167795229127697,-1.3408035232931361,-1.0754553844952042,-2.7973852102814214,-4.290677545518263,-4.60258821334036,-5.06560831730371,-4.678156788480343,-3.6325964190754045,-2.3079024256938556,-2.079646663504273,-1.8724078390132097,-1.7135084494081017,-1.1864500079768474,-1.140605630687527,-1.6532909612961848,-2.8230694363114925,-2.3436621655824523,-3.854750028159391,-2.5662092077004957,-2.3650060611991224,-0.6566152768702167,-0.8630588530267304,-0.5401482258001201,-0.862934840555586,0.17586517390300338,0.15798911650736935,0.23916945124330774,0.37552103322196345,0.67168722283113,0.4977116209496966,1.00111196428712
1.5777071186406078,0.9217710376542413,1.5697922831528157,-0.4296293971768947,2.303825476738428,0.6683993132944147,-1.2351676814997448,-3.2541700906440703,-4.261624022248183,-3.89259402780371,-3.741535500022553,-3.7178009406043473,-2.6557570777655504,-3.0832726516909474,-1.3792173519797497,-1.4894810380415608,-1.547490783127677,-1.5339851808297544,-2.6590495084851113,-2.687729561641583,-5.7973981053877015,-2.4214789462683766,-0.7882039476741816,-0.4392364154932033,-0.03218217084859448,0.1376869013797156,-0.3173709188432511,-0.5450010568215398,0.43561760355519635,0.09725067701097344,0.1912995554740749,0.5137924141006034,0.7316637662426587,1.1169429473344767
1.9887684058924402,0.14676945941041908,3.0266361136831454,1.6327690055749806,1.8231793526620148,3.272660989249877,2.741870513981349,0.9605307111193733,-3.2031877716037114,-3.678107335547871,-3.371009786288873,-3.030796567952957,-4.024511236946947,-4.043113916322607,-0.6190079051896633,-0.7490091775448694,-0.5009214216555187,-0.8264247598403138,-2.732623385402923,-5.85331972783298,-2.1253989236072517,-3.140783149276351,-0.8230381674949752,-0.029458895477683367,0.23317486118101544,0.4446651555180512,-0.18158845515645536,-0.3365947156005315,-0.29257549483921824,0.18789220958722533,0.3169176374951784,0.5100435879913348,0.3079131546379008,0.8256741548825524
0.8522573045459766,1.2496263581556606,2.5451917588609523,2.444680862160758,3.14570921886835,1.8350535571402917,3.312556423022095,4.233481377759794,4.684409155205054,-1.3366255080704244,-1.3024377185529061,-1.155753223936587,-2.297395926561862,-0.8307614808828132,-1.7727395052851032,-3.83028628523462,-0.12329406780098366,-2.7874635562162777,-4.001253219098856,-2.838941825670095,-2.0108369633510197,-1.7533095611591567,-1.758472336483039,-0.5999888008986871,0.5371124645578678,0.6240945500906931,0.27875413902860574,-0.33045982025136594,-0.23942929888352726,0.047033737582283665,0.029186926248478517,0.21245096764553525,0.8352291208173471,0.7859807637247971
1.4265480926863476,1.714937969105499,1.9030996369695874,3.6286547468621575,3.221065055010859,2.1695368964980917,4.345862489439895,5.41182971288255,4.82736594763967,0.4835247413593009,-0.7829187905680922,-1.8336754030710027,-0.23197123567345862,-0.38501662799644604,-0.8812283750551608,0.6537047923837883,-0.2040969276331551,0.3286669158892077,-0.22258074714916437,-1.259914959912728,-1.9134400625819385,-1.777680140163938,-1.4184575430668527,-0.9075113449035168,-0.10453685229885193,0.28113823747744004,0.029364377501399065,0.4131951859275345,-0.12335004234418229,-1.5133428445595418,0.017283674443753234,-1.3906301683482105,0.8124781015365037,2.9775692998638843
2.6576225582393813,1.7586826499357342,2.5673388818044014,3.545981803708104,3.4074927205114234,1.9496930990939103,2.2014810824299715,5.48603572657859,6.33172004835344,4.166716671806996,-1.3010899037933445,0.5731705347518796,1.1042615518949754,-0.4074779370696785,-0.7805348588390025,-0.15000576031345594,-2.6739932157760533,1.3810692393090354,-2.143580032860454,-3.5977210873112617,-1.947433551367523,0.45683752277511197,-0.2504212218084147,-1.1064068805360325,-0.6140085389766095,0.3387113892438116,0.47868727319927334,-0.4307032597522777,-0.1526741537450954,-0.5182873536304603,-1.1981961523856295,-0.22923485412566266,1.7932499535124278,2.081141043988535
1.9778048540859903,1.4271364730654392,3.649897218414631,2.9085164964060226,2.5903866921815575,3.5845103735757795,0.040091227504693586,4.999736692829558,1.3769478916181108,0.6963736181578679,0.43437676173407463,0.1798426775281715,-0.6767683381757884,1.7161200491147233,0.5654566367758487,1.3978526971131116,1.4498344990394374,-1.7554879928564173,-0.5663115921759363,0.30200290791419004,1.1484610771604733,0.39702709435247113,0.9778195864333366,0.19320165889052432,-0.940117054536262,0.2599316886923785,-0.05422647561934882,-0.005340503030001272,-0.37408072810399295,-1.0934774263028724,-0.13763421429890624,0.2734698461587008,1.560387868042903,1.9588095394042022
3.1945801801049143,1.9352757877955842,3.079259874318509,1.604374318878628,2.9164629004334985,1.4287632243926398,-0.687354480529507,2.866411340366728,2.8243562949286942,-0.38560628898967225,2.0506319434122315,-2.766340091365665,1.9849086205838788,0.9863836248099911,1.0813334927351534,-1.1459913228829182,1.1175520233898721,-0.6545578077691772,1.1561651835082658,-0.16726369491368412,1.0939483603073878,0.31741295253389207,1.3835988254267464,0.3470183283861803,0.25050977629361837,0.1796098186818474,-0.49294010023401275,0.031387644992202555,-0.8983574003192758,-2.3145057977438834,-1.3764239696026415,-0.23290815302363385,0.5729284526903019,1.0188771978176443
2.9970781729308262,1.4014136931159313,1.8401839759750898,1.8304488067481517,2.599735209961053,2.8109003791878107,-3.2701951022046933,-2.454345738409529,0.3029242431806078,0.8093718256990965,0.7966713546522582,-2.396814325998544,-2.9815550995306626,1.4254334820656465,0.20404884279411478,-1.071667188055251,-0.7746462816287478,0.890057096694282,0.8192465105517484,-0.04980640415857482,1.237125289042458,1.3461937411730822,0.5177436445360433,0.73125080120021,0.3230835566049115,0.16083012321890175,-0.29907934034530453,0.19171391270050814,-0.7520092547727609,-1.0449408179634736,-1.3028569294387788,-0.7033368423096961,-0.04816984156921579,0.2555386326432763
2.402728021215331,0.7355395514705991,1.6217334238119852,2.363390494590052,1.506868781193338,1.6978589745222172,0.9219692827450148,2.8172681326115767,0.48951223765605995,3.5290004810197186,1.6672285467722971,-4.135439281799255,-1.0654598470037173,-0.9389924533656545,-1.5571066554225557,0.6091176610102784,-1.4693812708918386,-1.1339919441855606,-0.8138279471761736,0.25038834711462854,0.9113211060424468,1.1608087622026118,1.104957782281785,0.30560633129040443,0.22001804378334447,0.26413813391573726,-0.15933955466878214,-0.8664693873186432,-1.938883059373416,-2.7967263964621014,-1.5134053206103517,-1.3947147077621647,-0.9133145616590126,-0.20949153006077736
1.2384651050193995,0.28219310187886715,2.3644692375128664,1.850495470420445,3.752884100571251,6.645368290949966,4.71967280654981,2.4960869510496444,0.49068982853789433,3.1433802579432952,4.104222830065349,5.103901714550908,-2.35808206176203,-1.8524801082676468,-0.7354803138280067,-1.2830647738393186,-1.154223806506127,-1.0605721630343385,0.15480720887639876,-0.21265871262859384,0.015661618211754116,1.935996119445318,0.2012883247444665,0.255995988169097,-0.23640927859687708,0.608239212012088,-0.04497585988350054,-0.3520176359525739,-2.39549108060972,-2.292715835021221,-2.4329997345834062,-2.095599412443471,-1.4134385014158013,-0.6896853967955713
-0.15318533867038858,0.48178465795356684,0.7382518385801186,0.6627774716955567,4.419847351881564,1.8420279448258807,0.6525601580659146,4.880576575251058,1.3481319303593369,2.928487285563013,-0.04486599746998638,1.138150798695424,0.8575813092696907,-0.6144266155743022,-1.0823225975610156,0.4244762968171606,-0.9498510561470854,-1.5040764515571385,-0.042614710110914424,0.07398100488106893,0.4460411668615857,0.38363727346897447,0.6233667820006501,0.12987833238775373,0.1782404728115924,-0.05976134929308659,0.5337987345847884,-0.8201871419488632,-2.2195355454209893,-3.8400520053239515,-3.6622360058355836,-2.969995772291028,-2.1167030059385965,-1.1164745194035544
1.1927679823698225,0.13234078418360562,1.111699013404739,-0.11331525856978211,1.9008111440842799,1.0458927226613366,2.1841868519821475,-0.14819043223344175,-0.3685138289558648,1.0975512383154944,0.08595357122207267,0.8845612266598739,-0.31543457311650874,-0.5311524797871634,-1.872344163410783,-1.7603345900207914,-0.7518869329073785,-1.7582441481632698,-1.7924467870734417,0.1137294860547187,0.935462065767822,0.7858151704678964,-0.030455289466373908,-0.003169111979135929,0.17116805053410614,0.031635490435950216,0.32010244062028137,-0.2171282524320935,-2.3983110521876685,-5.7708839581592475,-5.232048436942198,-3.929200723052801,-2.8197713106057107,-1.7947763005953994
4.233490691790456,3.5175078511422875,2.4089790371932738,-0.39803451153289215,0.6965106408994337,2.0097229828655796,5.083008988170046,4.1916763804337975,3.89160686729819,2.237282757048505,4.599515938499855,2.3820710601494586,0.0024365885226100776,-1.5020360409430094,-1.3786780837523565,-1.768037629860162,-0.9699007340282859,-0.9184165092823141,-1.4516505955460373,0.21790948068184554,0.1741871542379056,0.9488685634760056,0.4591714467116337,0.009683855660360653,0.08950288186370789,0.06629752757335933,0.4936376677001706,0.1922663504474775,-1.2868752746694376,-6.493015622160953,-5.939538144510666,-4.822129148732644,-3.596428178575319,-2.5340367187754906
4.980426321700634,4.7199360440620755,4.199053392057085,0.40679023317318924,1.2024430246995543,1.33850292201784,2.655205376380457,2.1454154705289272,8.150058141704253,7.22868347630871,-1.4366217021376013,-0.35451936540115175,-0.38411872074216574,-0.4262580349171664,-0.2003493546948592,-0.3332696229789476,-3.548559471781589,-1.312365251977145,-1.4649329597107799,0.013038494836983614,-0.2139138309594295,0.0553028851124325,0.36090749040691994,0.6650444584210831,0.5954609862225311,0.2215531314747101,-0.06843617244541196,-0.21035045271700573,0.500107662754992,-5.997720376892589,-6.564338982869122,-4.648368906513097,-4.322848182796239,-3.396917025578523
3.843799924794194,4.060131246991757,3.450446136846538,2.1643919340610536,0.7622904373178493,0.9730408095569495,4.2567191686861845,4.76768997514824,2.737870886795617,4.369556893992658,6.494849291999744,-1.562115024792742,0.5495074113644283,-0.7221101173029759,-1.457122092339236,0.7332013281973297,-0.6221440159620681,-1.397433625255421,-0.8296023505535919,-0.6409786114864617,-0.6357876170397819,0.1448487280105868,0.5100071700694097,0.33487968163760884,0.6629106779677043,0.4623407987343741,0.06582289022085601,0.4041732174573263,0.3374579868800032,0.4233161851877235,0.31982922332700087,-5.195103694043274,-3.1967676951600064,-2.591333956854239
3.448040253503531,3.908211819620081,4.268712750209652,2.835284770483526,0.9894166626796386,1.9175430242313727,0.2388986901700138,7.441348830523179,5.99265157802146,4.911704115478071,6.183322932378446,-0.4446366309822464,-0.7887071624842417,0.1898974136441402,-1.0904657452084527,-2.103579765495729,-0.32149724654267847,0.2412354433283244,-0.9951098205192789,-0.8596238736662094,-0.806893897096364,-0.16563321999961142,0.38192577193914606,0.679738376619334,0.38360716425213576,0.1106464639672164,0.2637444838908791,0.25472057225871475,-0.08139824494391788,0.36580828128667253,0.6297990135312563,-0.7444805468832933,-4.884882642672508,-0.6058735258312663
2.2906542439941227,2.6229384534363147,3.488152967759167,3.0997539726564,0.21744131465308128,0.19988101576077694,0.5714576054810289,3.252878387569078,5.0887656614474865,4.831304448668493,2.9463784711747434,2.314374968971752,0.25112507112953025,-0.07626308328565877,0.6437664748539343,-0.9676796690569237,-0.9023627203594549,2.0684959960240445,-1.1199841162142212,-1.2038633056402186,-1.200069109006889,-0.18425270257827242,-0.3078178599011882,0.3260587585759752,1.0429180099184991,0.47909029246027424,0.7137587589139012,0.28967003931496693,-0.00404019453068858,-0.03651617768979516,0.9111204027957184,-0.9072705577306603,-4.464889207396151,-2.166036979537834
2.191694486215609,1.716089363759482,2.6645035053138506,3.0305928308146575,0.01950239719258841,6.037829841643532,1.7029042397843595,2.048826447372084,5.880171606789221,2.6875333255260117,1.393324715172079,2.415936222949353,-0.9092180308877101,-0.9374313985927915,-2.8613390784412913,-0.7675164790774939,-0.39027891216970184,2.43922014134329,-1.2510227750890053,-1.613435441215807,-1.0971401833669838,-0.7774518080924973,0.2698777321953829,0.2597108215840499,0.10238171198374833,0.16450024287425985,0.4366780972790142,0.5354588087905515,0.01820396676844576,-0.13545580866549445,0.25354316129807447,-1.411255148476234,-0.783144110882402,-1.7401120289673087
3.528094858032785,3.4757581004517712,3.5428137920357385,3.1404227813259777,1.941342876080699,1.0761893256809334,0.8326813833346066,3.402099837591299,7.829050173408384,5.450523291050955,0.6627943660930843,-0.5835562188406948,-0.2257352296785044,0.20992936009290436,-0.0981650411004108,-1.3192085802464264,0.7955913637337579,1.2019122774569955,-0.9226749394935028,-1.7749683590508505,-1.7922412645487746,-1.335278640326514,0.693455356330233,0.2206070917801686,-0.14923437043776547,0.3051276901743683,0.8549166156313001,1.047262798903812,-0.25609456839080175,-0.3797840781483527,1.1679443437704682,-0.18763683766318368,-1.4465246346166862,-0.622079149631527
4.799136949127122,4.542990674226048,3.678908139689446,3.0702246447903385,2.2075979250304383,1.4040150229936916,1.704527057705462,3.9059169540505385,3.8435200865334362,0.13471258046375256,0.3012233645223581,0.2910198868563337,0.37127834578743346,-0.27595659512915793,-0.11222607720240145,0.18572747423497274,1.4544105040053878,0.7348956397194839,-0.6229740253338382,-1.6404888465475889,-0.7636783813877654,-3.4505464504259833,-0.6658313566996721,-0.19749877572931343,0.8686531738128709,0.5508745695080612,1.1052884296912895,-0.6097341003456496,-0.4188834205237737,-0.7376571932713717,-1.0596058678730231,-0.32613189707692425,-1.850762820059702,-1.212561437428747
