script/wind150m.json
{"header": {"parameterCategory": 2, "parameterNumber": 2, "lo1": 6.000198445256149, "la1": 58.999992894266676, "dx": 0.5, "dy": 0.25, "nx": 22, "ny": 24, "refTime": "2024-02-27T09:00:00.000Z"}, "data":
[rows 0 to 23 of 24, columns 0 to 21 of 22]
-1.250350256741668,1.6724754247620262,-1.1350738915729996,-1.7423205295137778,-1.3707802926170478,-0.27003518498066076,-1.8816657918918003,-3.5857437232537337,-1.5567212947804951,0.5413020910155969,-2.2966186514473943,1.3727256502470988,0.13547952024316343,0.7705878107369762,0.6394625450275414,1.214594510907034,-1.770695305329285,-0.13868621671167758,-1.8289532761479255,4.814971664509475,-0.36768542247496755,-6.056435273710813
-2.364975442121784,-0.6262066943973653,3.057192431116879,-4.091927828861361,-2.6770112454803647,-1.1640098522440652,-4.193714917280576,-2.0111429834426056,-1.1632285505114606,-2.706436907506145,-3.2246471041324876,-4.781556164401265,-1.3859468860466604,-1.0253945644179399,-4.423088302454276,-2.201622601698593,-2.9096583346614895,3.6440388416001452,-2.3872512598949265,4.784299074825618,-1.8295408401185083,-2.5951364845812583
7.535657535573577,0.7200232381527184,-2.28706913335036,-3.106676151789031,0.2641165036617474,-3.035122891466142,-2.3618542238552367,-0.4670190383745999,9.305980046667823,-1.607659698747324,-0.6323010013990418,-2.650502390423751,-0.27972148253982376,0.2879036699598152,-2.743776650014639,-2.4052374741306544,-1.9082199232660166,-1.3548018414710963,1.1108957094044114,0.20773744811323605,-3.522079737368549,-0.3416032969449953
-3.9661168067726855,-2.1227888385456004,-1.9108058766426546,3.7976142142257614,-0.09852915963127648,-1.5089525568743993,-0.8552836018385692,-5.916079946709544,-3.0277529998643016,-1.7463977768292187,0.578088768925922,-5.78777111837404,-3.508925989019142,-3.8150653489107595,-0.15171773089297305,0.3109101251957016,-1.728369128455292,-0.22167286438918982,-1.0295396131759058,-0.5826877516183462,0.7826062609555624,-3.3096695224515487
-2.8335261320280414,-1.9611726010425974,-0.22112651836660335,-2.3000393840635573,-0.15895553741857057,-1.1122947476012082,0.31183686440764935,-0.5598687592573146,-5.002593048557596,1.754115209765638,-2.777710043919128,2.470866313569293,-2.5158050015907216,-4.599907559015801,0.4097727006993581,-2.178678306480739,-2.193389689709373,-1.1576487577937666,0.37414969028152967,-2.0016268299500197,-3.1408666143241213,-2.552340494822094
-2.4216711143333107,-2.9442775790056572,-1.758263489185167,-1.34122103646468,-0.5333563081884255,-3.293268553175583,1.4086327477935567,-1.987056301522995,-0.2703450734249156,-1.0725799919286676,-1.432034296233159,0.2594510938092607,-0.7035259363424918,-6.316305821696049,-1.7280092003475434,-9.356491885733584,-5.476283178995738,2.8013963009546754,-1.8424041428407107,-1.5071330967888692,-1.681580226550803,-4.572356135800244
-1.9926106584347045,-2.0033032391997736,-0.34319317403675503,-0.6180468124089782,-1.165678899642031,-5.644083331858442,-3.89479417454553,-2.253592292309983,-0.1798642226594454,2.459157626450065,-1.848428978241978,-2.5423888849519285,2.1187240117746358,-2.8614742964691646,0.41353572564121893,-0.06483927906072531,0.2620193123207639,-1.0703879558995906,-0.012498268976202407,2.162654010682594,-2.3680500205106036,0.35240235993446545
-5.102440394048211,-3.468898710814151,-2.123038443161888,-2.093372071140036,-2.476540928230402,1.4192745511882083,-1.928314442875352,5.874701778339972,-1.510482199717182,-0.4194269292709625,1.4198165109856227,-2.572438945362714,-1.269367880264344,2.0897867181741305,1.642268608796422,0.5345118888752622,-2.335043486977659,-1.1316893108020711,-1.957403577724398,-2.155890693498222,-2.400416137052401,3.011151661444777
-1.657129184278201,-2.324394262076376,2.4635947319514115,-3.3256436612394062,-5.391700142933152,-1.2777446197812252,2.534636277429526,7.754164793191432,-1.8376196233527153,-2.215839236424778,-1.8744198041094051,5.5838598487640745,-3.152604787591046,-0.5764199331032661,-0.3595153293959308,2.0267705402207836,-2.1681423199384704,-2.881304454810267,1.6993608141460814,-1.0718034573678354,-1.338840500000976,-1.9609760318951348
1.6165673452242773,-1.59499068534838,-1.6950911575786776,-0.1420233902723314,-1.8750964382642965,0.17046771769674127,1.6569240877828026,-4.328120564821858,-4.231930586451906,-9.416990166709278,-3.898212509727036,-2.2116566278896896,-2.578209778489414,-0.4935439432879643,-2.224644650987627,-1.2829234892812307,-1.0815037570938795,3.9497595888145725,-4.825338211544379,-0.11572925398998747,-2.4778637533074677,-2.226769538904483
-2.5831915386658357,-3.6055909027498996,-0.11937631152598897,2.44309686719424,0.09351228730946466,-3.352701606750573,-1.647510072301622,-3.4850373318937966,-0.4539624551191488,-3.5371111400558717,3.684993221608619,2.8511749446398365,-0.8571412771588847,-1.8298227275353578,2.5732468026064286,-1.483888884763685,-1.5902190757294308,-5.993301473817056,-1.534184344685723,6.459241783904522,1.5242653928065346,0.3880693162351442
-1.2342166486664172,-0.9890348662821891,-1.975086506867334,-3.0604719559978713,-2.1856850074259704,0.3090125849141584,-1.3508513005190754,-4.196519681621417,-2.4298972499950393,3.3755259916651768,5.623352008268801,-0.018144051947435878,-2.6558527020304377,-0.6679876244254228,-1.515847816489892,-1.7508568700438956,-0.47487469069598476,-5.103214662933478,-0.9018171653496215,1.5599783781567709,-0.5026814876953112,-2.1524284603475707
-6.23399581004957,-1.593819419929609,-1.867153100184115,0.5069148413527569,-5.491313368062802,4.560261831647588,2.9424634577306135,0.5822963626510413,1.800303468954434,2.497477497371279,-3.652864422146511,-2.430574572753879,-1.4744362423449355,-0.4936647470877751,0.46803789724796346,-2.4629084551164624,2.5265728306383752,2.003775504323176,0.1607748211178724,-1.0057391849057424,-2.4012752841386793,-1.7807680052146422
0.2725597776340072,5.858995585996904,2.494105647066824,-1.1509967489150839,-1.9510217534574144,-2.3198739094716703,-2.8802201428798972,-0.5751679344602774,-1.6647069250172937,0.5452980165731536,-2.22931551627352,-4.490448865740922,-1.396957683386181,-0.2879528364545017,-1.0607721782663602,-2.013332031744164,4.830129734361886,0.012465735990851235,-1.3667886836755754,0.09322195375949018,-2.9890958467087323,-6.086687568879852
-5.810082783550004,-0.935024372977937,-1.6639272289995128,-6.537947459737129,0.3155661220949162,-1.8911896193946063,0.2644438424985969,0.09733200726207056,-0.3094240663414503,-6.369431821010073,6.095717170378964,2.9116775731366937,-0.878944450178733,-1.4751397957186336,-2.7742438151337447,-2.729895969168788,-2.106048964040578,-3.4259417866555917,-1.0334160033468096,1.7328943408315336,0.5438379149645398,-6.913461456285666
1.088768582013139,-1.8028978420777877,-1.0166857275912613,1.8073256220628526,-1.7295329140399656,-6.24350025369855,1.3000935546634875,2.5008459030554837,-2.794308519211556,-1.640062841305399,-2.2731255423781396,-3.0524173275965536,-0.7600766237560664,2.1209335208175197,0.15979739375783178,-3.2228583207459405,-1.9247381896963784,-0.37273354541047704,-5.843244598592963,-1.1355688608008565,-2.3174349114022035,-2.6453535241003787
-1.755394433350941,-4.440131573642026,-1.5664147367277057,2.3924333926940577,-1.580367944355262,-1.3124128758821763,-1.707893016855695,-2.410023046385533,-1.9472504916503528,-4.3091295213863425,-1.536376640938922,-3.053360529973843,-2.301235512870519,-1.9249852829013538,-3.6150603211302075,-1.6634074058612445,-1.817624766551861,-3.6361822262374752,-2.3649899819106706,1.979733952987568,0.30301114519163425,-2.090953334588315
-2.409765944630693,-6.031404870353262,0.4839365576346355,-1.3944968336850005,-1.2029789409034273,-5.4388444127671765,-1.4341296549448772,-0.7749550227685308,1.1238926192125953,-0.9320078205175759,0.24064726978314124,-3.256008382431727,1.6186473217624067,-0.9780476630510452,-1.8727910724001051,-2.628978331043478,2.9341955512206255,0.9554526790424833,-4.611577265789246,-2.3710422738215833,-1.0542534918264792,2.30291100844074
-0.7937540167059657,-1.7552530993191064,-2.4790751517438934,-3.9408435623637623,-1.3180452573874875,-1.2757623578405182,-0.03009663683193921,-3.8086184462173813,6.855098814877259,-1.9934360559108544,0.09186604435331325,-1.6249312575461041,-0.41248274377023775,2.0985530631202507,-1.0161027880720759,-0.11661290732420639,0.869219019322343,-0.9418401303184163,1.3275610971297267,-1.3087008170541516,-2.1898995919661326,-3.8500157600736467
-1.8369051792715572,-1.273466948695454,-3.4534175710879396,-2.2705455069190235,-1.8603542507559967,0.6336361359036053,-1.4882359600507435,-2.2197392388709076,-7.479087746631175,-8.108406540579187,-5.341453140381139,-2.1046987338586494,0.965980853725174,-2.237106683852953,-0.3734888742621977,-0.3656067344434443,-4.049639030898084,4.308469751740847,-2.753075857809341,-1.7407610760411192,-2.089477355898892,-0.6500563022264015
-2.1309175701609147,1.1801418585528303,-1.9374576883459798,-4.005639957782596,-1.723762129481705,-0.08221617337127199,-2.0340558567439184,1.7274951315371223,-1.338542053074416,3.2359807851459177,-2.459484221349317,1.0004201081446538,-0.48439240595396255,-1.681113973796966,-1.447267625551481,2.886495127833101,7.658342679839754,-5.189276024579743,-1.8758586813016456,-1.6521035002587254,-3.334842201334056,-1.8505467745210478
0.5072583132084527,-6.148935142214716,-1.5112988982778965,0.1930473762966528,-5.501507988787519,-3.6082189357808434,-0.8998200256813733,-5.588044807901257,-0.20580061992353235,1.2622167419858203,-1.8977772589384394,-0.3181993695524398,0.3628628309717347,-4.7418389745469645,5.564632269397338,-1.2563625486000125,1.332313633253975,2.6397346678751923,-1.9827705877280892,-0.4573133691170406,1.209425255401908,-2.94163013512042
-2.516256045195273,-2.2000995678216193,2.6797053730037357,-5.660852630979757,8.702105529812735,1.9663056436212685,-0.04774575752033406,-0.8298596548375351,-4.880393216235563,5.668518525496588,-2.506831142541318,0.16522596180750507,1.7423586464533876,-1.5585293093069217,-0.6240269975905905,-0.9571402392788536,-2.178334232747137,-1.8920926642695812,3.000348756904414,-0.9466269934736942,2.649545670144599,2.1889017948805742
-0.6463157060650405,-1.320932738669978,-1.8864934037614773,-1.751897165870106,5.650764803627738,7.6071778561246415,-1.9918230552195209,4.23767835738519,-3.0357423711422324,-5.417845625238711,-5.9077760513702025,-2.2650534079156075,-2.3870377057324954,2.4153461207932136,-5.59864218556935,0.5402887173254596,-5.338876179095484,-0.14416236016449993,-2.328231210294539,-2.646523962293043,-1.3560436675709047,-0.556598219457017
