script/wind10m.json
{"header": {"parameterCategory": 2, "parameterNumber": 2, "lo1": 6.000198445256149, "la1": 58.999992894266676, "dx": 0.5, "dy": 0.25, "nx": 22, "ny": 24, "refTime": "2024-03-09T21:00:00.000Z"}, "data":
[rows 0 to 23 of 24, columns 0 to 21 of 22]
-8.39480873643028,-14.949026664792067,-16.521107162380893,-3.739951252186525,-3.1127762777766024,-3.0599520166098024,-2.181408136112772,-2.094366504385102,-4.988158994814879,-7.691641806781755,-4.821905134809871,-4.767769386489499,-4.6012229976943075,-4.619129528314697,-7.258468382133362,-8.55216168401933,-5.0855279594528895,-4.335763125465918,-3.248759966984807,-2.90378277490229,-2.841925070142098,-2.3696056524908045
-8.717940043288204,-8.80511489388436,-7.8943218287433305,-2.4105480551909677,-4.894350250319665,-2.6485732309646473,-2.773672540515854,-9.056896375559845,-9.621447586826296,-8.41562967827191,-7.03721098755977,-5.04476031592101,-5.787226466534976,-8.023858604019933,-10.647409470002382,-9.462297055160755,-4.776579784364907,-5.1740362602384655,-3.9870371751000295,-3.744418385207421,-2.2232110479510276,-1.8921017017444115
-3.3093247270883066,-5.437906797882597,-6.18455351864899,-3.9233775472854933,-4.6703694615380655,-3.5076276730157727,-9.647107400561053,-9.711401744769612,-10.128314265970328,-9.66850715417732,-8.616912170672302,-4.847388227969359,-5.323223946626145,-7.863590459052638,-5.946054498449952,-5.978252926281572,-4.999466382685954,-7.905821322388881,-6.957303352008404,-5.92990759746447,-4.657656688133409,-4.358261838661246
-13.571822487770557,-9.210029714926115,-7.245841194541325,-4.611803737662353,-4.132089195327185,-9.081043049451582,-10.259162755214923,-10.574263632381086,-11.147350678534751,-10.66828396378591,-10.014595275575465,-5.218556868649447,-5.1720775068700995,-4.083729093684255,-5.332429172294204,-6.409927113839209,-4.438781126499645,-6.551027995743009,-4.176139982218745,-4.28637805132465,-4.031241720623577,-3.765344994771192
-16.120510687790695,-14.184822785310827,-10.180338590148308,-8.667867296744971,-12.92655123119985,-11.383245162532559,-10.99111615834604,-11.196250534516851,-11.338155594773324,-10.811536343563569,-9.470148419868632,-4.825370709365425,-4.6493232713611485,-3.7432150096299526,-4.27359385097568,-5.220645709429062,-4.845469433089873,-4.709305989949993,-4.465169955028382,-3.8879176610782333,-3.986481065238418,-3.8818416578510324
-16.94981628372087,-16.60793145685342,-15.91918769854288,-14.47912212681557,-13.175938052902337,-11.804792748245694,-11.416533302313887,-11.247568213329295,-11.023873414687294,-8.402325977193884,-8.615029422439214,-6.979284852572039,-4.517791346022628,-4.338598732974366,-4.077340966366756,-5.16062468566244,-4.12683075874882,-4.701230973568592,-3.9250368027611913,-3.4035511745586002,-3.5912323258577694,-3.3073684905256036
-16.589113874582708,-16.273796243508784,-15.096142338538462,-13.833156125537187,-12.394849935872271,-11.42092986841427,-10.397422393381284,-8.488834489831612,-3.621438533733138,-8.576014949299818,-8.980207613606153,-8.7679759273241,-5.170795506123943,-4.4328225042794305,-4.570025745998116,-4.652474003478402,-4.111522527512666,-5.096439776127442,-4.125177866156049,-3.725682351428787,-3.399657259616667,-2.933545080706645
-15.79903234246973,-15.462976877894475,-14.652096276021942,-13.235635597900083,-12.248429082722216,-11.839799858199068,-10.385456831313359,-5.645710665377887,-4.865143117379775,-6.415908297871474,-6.9438938417352,-9.735656927731977,-7.309898631475607,-4.347716251487739,-4.660705814264091,-4.390914347639315,-4.036279412436544,-4.260179519093532,-4.059840710436658,-3.800576101775148,-3.4952049293870773,-5.594347154111032
-14.862367077364057,-14.566570756994762,-14.347812723906923,-13.525058634869842,-11.146611310683104,-4.241798518550912,-6.749009496633814,-5.820429977273417,-6.0109804209574484,-10.183189558747035,-10.508047997417805,-10.887346629888468,-9.684703583486183,-6.078779252085057,-4.961285786994021,-4.420975843708773,-4.575909859193485,-4.35395774043329,-4.419925686168383,-3.9356607838452664,-3.494458700010336,-4.724819463305614
-13.808695433353604,-13.71940810199967,-13.131753725269496,-12.578128313791744,-11.189354669114854,-5.756475034247924,-4.010496572443806,-2.848772609142468,-4.750808470474682,-11.303352314215402,-11.528403533555734,-11.636191614308428,-11.217427012946876,-7.862296099233871,-4.623627567155187,-4.699785217051514,-4.350647234554206,-4.709767044274997,-4.702517689009131,-4.228174486197413,-3.524363900056518,-4.54354581407358
-12.956210408238382,-12.679010541884166,-12.191983649862493,-11.204162144937461,-9.12211862636856,-6.771178270077139,-4.920618027104487,-4.642381530374877,-5.35760199000312,-6.80129868273066,-11.202462952762689,-11.222403050628854,-11.210846624039155,-11.28368961576306,-6.362892339434873,-4.189017196843909,-3.712012862159159,-4.365699342054175,-4.38804122683624,-4.212907227492752,-3.4507532345114518,-6.078158992907938
-13.110761968656321,-12.599855096037832,-12.369224140548312,-11.663777347737415,-9.412905893669642,-5.3709337259560375,-6.7712027973899085,-5.980231613023517,-5.271912101309537,-8.482525701323526,-11.84441188122264,-12.162156884705809,-12.321957685660408,-9.891075640785502,-6.3224496859688974,-4.929633216281589,-3.782781144901573,-4.087957041484643,-3.893122488303907,-4.369599343504301,-5.447809022279033,-9.266255937876366
-12.49718828735773,-12.84201734826741,-12.62957298419239,-12.28075259054913,-10.961179437878933,-6.664508619725083,-5.9688412608713906,-6.410349022848383,-7.286966281513709,-10.878545590694062,-11.230069113169748,-10.147499671990428,-7.24965744719318,-6.108546966975923,-7.720325670325016,-6.016579637746804,-4.79997602265334,-9.662166073313312,-12.031606572706307,-11.65914700983636,-9.76220269729994,-9.683525443708472
-12.821977787477653,-12.486721159088033,-12.293606045698008,-12.199780532951367,-11.083905057256244,-7.700048115639227,-6.781286170381451,-6.501426608801639,-7.372599741873533,-11.890198361425131,-10.426525828256356,-7.670516496595947,-9.350748048832122,-7.957612637766415,-9.823287886705986,-9.357614310821305,-5.749628996697779,-12.147531052638369,-12.15847237010774,-11.685072244029682,-10.552573333450326,-10.009611713635417
-13.47204395601138,-13.199126200010454,-13.095913449050858,-12.9505491645547,-11.735219040103892,-7.613332852669205,-7.176062969768848,-6.793093009876049,-6.356123160015205,-8.269630854669213,-10.996132819970729,-7.628741098734646,-7.50633306077464,-13.023347304729171,-9.208928527293013,-8.442060662340156,-8.409220307081087,-12.405515330975495,-12.099955243799707,-11.506571347946862,-10.876158982168057,-10.353821804834084
-13.928501343552753,-13.715932550138254,-13.732535110360995,-13.710634983654572,-12.775606638897537,-9.862485515645869,-7.515178538901068,-7.426090850667902,-8.606636181523106,-7.976852440159742,-12.085214339292964,-7.875913834640322,-7.542483023230046,-15.526773446291449,-14.710185412166556,-13.657730682428054,-13.062633315079326,-12.509094870632786,-12.024920240659402,-11.53108674234048,-11.247887803823325,-10.671430979688093
-14.008385996698811,-14.039420110306041,-13.965666725284683,-13.671446901347524,-12.965369530312662,-11.051384274875636,-7.678461706272736,-8.399763680826775,-13.375812017354402,-11.082185349282547,-13.635028896886713,-12.50067507086752,-9.067071887613258,-12.839258937448735,-13.24681728575463,-12.457366491602786,-12.74806739836918,-12.44008563067592,-9.60863797296509,-11.469459367193325,-11.072576701697638,-10.825709808835066
-13.835281079396966,-13.725601761210658,-13.616795553361491,-13.350842230641856,-12.860018363248027,-9.804047276554346,-6.543035593579611,-7.462198655279385,-12.059101885231515,-11.0253963455486,-8.769907933751051,-7.841857417571148,-11.13376073276345,-12.533903232054534,-12.045507772153119,-11.457167524024582,-12.721859888446089,-11.973197042913185,-11.549013558848864,-11.033101525464554,-10.591470770920708,-9.931365365157095
-13.63296912391965,-13.513669432950039,-13.652143585863243,-13.540887575425451,-12.909934515300854,-10.810265557830348,-7.514053468048181,-7.469476351167768,-12.256084590896046,-13.099389388829525,-10.53853105113568,-12.464833625167302,-11.141199498245648,-8.866675659765216,-9.938354781086852,-8.627686759767904,-11.125962294216567,-11.354587102807418,-11.054229236111164,-10.34267597153609,-9.413206374459044,-4.297061104286712
-12.397499284397355,-12.836162102210519,-12.72488881190893,-13.198646357825229,-12.220766144418244,-10.687220837363318,-5.353984851017601,-4.270261436637402,-4.672470368817091,-5.538089688108841,-8.001144952254236,-10.267323559430858,-7.63220363318324,-5.270305981452908,-5.005590110718837,-11.40150320957523,-10.902299262193115,-10.913098067591658,-9.837198909400891,-8.951153559229802,-4.49858154894304,-2.5134743456897897
-11.803966250238117,-12.0342055772219,-11.366732873991227,-11.18565024469586,-11.437248237887554,-10.224912279644272,-5.1893627358457035,-4.179688116056859,-3.856528047960533,-4.5974871626619915,-6.1768973894915336,-5.332299819861883,-3.823205493331636,-4.3633636422145345,-3.1005735611303304,-5.207429474553423,-7.490542663131796,-7.350625485529811,-3.5104009794693725,-4.292255676633397,-4.12232279707738,-3.560105495535716
-11.697136383618226,-11.294505394489866,-9.84664295317253,-8.1341688850161,-9.512620436972146,-5.993820592154788,-3.7713383019661735,-3.7904766832607786,-3.1707643673357704,-2.964237237183879,-3.4378219114399324,-4.899214183586713,-3.130138988078449,-3.7163010876232594,-4.288487948932208,-3.633450252490287,-5.300329347076734,-6.752128221722519,-3.880066110104399,-3.8068468519840852,-4.5785969042203805,-4.007248683566244
-10.249576524178956,-10.457823260607089,-6.844100596004046,-4.441694151232318,-5.7292908113168135,-4.7802754014380335,-2.58941910666572,-2.7410660583683986,-3.5298736197703535,-2.4942599529585734,-2.774975609082062,-2.8067569007853863,-4.103417143445023,-3.560740850811093,-3.799259780139147,-5.201671458863329,-4.824479346931737,-4.405931939845082,-5.104626955836089,-3.4571021096542096,-4.3798160077895245,-3.5344651505001683
-5.250046836943311,-5.613652877921027,-5.390365062206151,-4.399012987516178,-3.990941265552712,-4.55899440592867,-4.174481055543699,-3.6835178850715966,-1.743491113623382,-2.7266830034549034,-1.9125682468542846,-2.8606912918197307,-3.6628416404995923,-2.7579476055202616,-3.9566773396107333,-3.5672430105564974,-3.60922490077186,-4.638831294578371,-4.020178350341081,-4.328513265237431,-3.4883220709209026,-5.050224151682278
