script/wind10m.json
{"header": {"parameterCategory": 2, "parameterNumber": 3, "lo1": 3.000054539987559, "la1": 64.9999836372058, "dx": 0.5, "dy": 0.25, "nx": 34, "ny": 52, "refTime": "2026-04-18T18:00:00.000Z"}, "data":
[rows 24 to 47 of 52, columns 0 to 33 of 34]
4.82046793588844,4.831685697521023,5.171373066501361,5.370606314840779,6.536209673568865,6.234952989862712,1.3599928438081201,5.212916423226361,0.497445987935968,-1.01471997990978,-0.5921177523487803,-0.9350475755869561,-0.6370582040135764,0.6828142423300325,-0.6194186914343658,2.396741592548641,1.7860421264829802,-0.03443068370265012,-0.0007718308604639176,-0.20578210849816933,-0.8071507161728559,-2.115344441923023,0.19114074809167064,-0.8036315101234041,-0.4445927142036085,-0.462546402200931,-0.9416558741453397,1.5265460348254294,0.7654046232008068,1.1453625366053621,-0.22844447937830448,-0.995679304489954,-0.07351769641497698,0.9604508009165017
4.1879355537969865,4.220389156761803,3.767610213789302,4.336854984151097,4.867084941499491,5.4517514290532665,2.1675279776273984,0.4398568225676836,0.946181651932077,-0.584382558036123,-1.4483166205584048,-0.6198358372351243,-0.34944533282167606,-1.1666390559958373,4.5518914525180145,4.242750425381835,4.04480139010781,0.31101608533152886,-0.33311628660564346,-0.8382122147187209,-1.3928147342478334,-2.3640075611436155,-1.0640566038815429,0.3777113324758696,-0.19326971576382407,-0.6233033726625878,0.8957089204564793,0.6524565635840371,0.5475828619289264,-0.20061040721206896,0.12206484877166124,-0.6064531322332772,-0.6290090691057756,0.43267147315625887
3.514006359047633,3.915653813727746,3.72758708394763,3.5363331543784176,3.0623853150892635,3.662227295540532,1.5999340155303812,0.48745783150849975,-0.1564930832976746,-0.20153794915846446,-0.7139997386841253,-0.9016812369720524,-4.101797644306037,4.408615368957087,5.750459703995684,4.720335092551389,4.0424313532773,1.5355034495245992,-0.2169003044239071,-0.3508423373489184,-0.7735541138651932,-0.8505214181054243,-0.6019884354734854,-0.04901479572928449,1.813770539752883,-0.18448667772632174,0.36381251123578284,0.8870278429609768,0.5661816050200464,0.40456999583165143,1.6851086639816173,0.9367655220837285,-0.63646786990629,-0.9212051301303159
3.378784851699116,3.671744858995213,3.49254956586806,2.913131418024741,2.0736640308807774,3.4020546259115925,3.3942352504660116,0.5582875875064114,-0.0533142122687465,-0.086488675150651,0.3844097041427767,-3.216624938469983,2.090656551722474,4.190924529057369,5.286025742318573,5.157713942281438,4.354567303860534,1.4589986575580465,0.263258120052086,0.5769332817455333,-0.2887208537886008,0.2495178591682613,0.37407017798152054,-0.666538708727891,0.33885437447401195,1.1285118259788771,0.4581058239347509,1.0352172773205606,2.0169950370138205,2.269031430261558,1.3600238104392124,0.9757883482343364,0.5559123375762797,-1.258981016782526
3.5210882994332753,3.680142646009055,3.250824775549095,2.4536328345619887,2.8316147907651135,0.8680818974204296,2.128524093264778,1.724556255602486,1.0526048720297225,0.10046569942446172,-1.9318218751844192,2.7980487156656406,2.8034049568362516,3.7727813024884895,6.045524708030825,6.579144620443142,4.951938141560146,2.4341258548885154,1.2750062606438621,0.8671867933532399,0.5511533602581246,-0.3081869753031351,-0.10275784142678344,-0.5786311639995155,-0.5469805593443416,0.2961253870820514,0.6183575046651814,0.6085783635948782,2.3643495875910374,1.471536090252935,0.9685416099212418,0.13875707970801943,-0.3839281631006776,-1.233303562730918
3.3360577476542748,3.7739849711915,3.3210264186830507,2.9082371870486554,2.1552692111832026,2.2747392022668245,0.2400008882013242,1.2399024016699793,1.2563597909101325,0.8996570461207953,2.051705877837798,3.6398469156176336,2.0963102659780932,2.7520185734869322,5.404280777138913,6.4867507321551034,6.09551374781197,4.495510855107123,2.305045843134123,1.1662243331560591,0.46729111659961925,0.07366195701135651,-0.8888419644198464,-0.6794594154803371,0.5222382197666351,0.23984509450830632,0.011308624622004076,-0.260408552091151,0.8054137778621725,1.2611276039579362,-0.05977465797056643,0.5649388927476469,-0.30840074845558113,-0.45589368968761035
3.1988587805461433,3.7016919530572205,3.384624560965622,3.1684318019852835,1.9589100387697185,3.151807255359796,1.6141667221002811,0.29869585315531133,1.8667044832400297,1.6615920232141157,2.5799130477018237,2.9144148879290883,2.6825378107766866,5.296654705252946,3.5492287375625686,6.215707025899693,3.763363151640968,3.25458705699317,0.6611622369011555,1.1060729472626614,0.39116018769096417,0.3260334743006182,1.1970876296128432,0.7354220105467225,-0.425656609155818,-0.05049430888785827,0.16297519604888916,0.2516817236349012,-0.9024958486902007,-0.1910574025006012,0.9070325666067157,0.04586600229653801,-0.5760275469358859,-0.5302131259321244
2.9954213616157883,3.7445062413380747,3.2505211929830424,2.852693279843425,2.217203730762103,2.638529218924787,2.272172066337149,0.8870101303060414,1.5677682407091271,2.6801073716136865,3.670964032560104,3.5807683676429773,2.19517189713543,3.7880289180451956,2.4782312570275877,2.7663866351774615,2.601635385401891,5.086980259359741,0.9787317349559773,0.10027782146007595,-0.016815402826824925,0.3216739323973465,0.2665364307957185,-0.25382228737285367,0.5362197880768222,0.4506109249419309,-0.008668019779412069,-0.8847825302759699,1.056575001851259,2.5608418043297396,0.9634274979246684,0.7767961970644477,0.5728975045076389,-1.2657581460299896
3.4070272823999264,3.22098421379464,2.617119997538391,2.1133051419332953,1.962777280894954,2.2734275955749257,2.3599561875532618,1.31908057914636,0.21094461832866457,1.9440464305556986,4.048488129276795,1.099645518544423,4.0743205446275885,3.222575108212202,2.0316284870539056,5.624457914692917,3.521216951401506,3.2822987124868956,3.7437848440930885,-0.2931390084525599,-0.5594820483769284,-0.3174249845685526,-0.12075962623154828,1.4775392038143487,0.3171495827546626,0.6727417101429549,1.2928651494131922,2.8362231200704553,1.4449933696378012,1.7344041784302198,3.129663899217431,0.8680344343904132,-0.4391841088762671,-1.3102832512981741
2.8354619016948983,3.049730901795195,2.418676882825333,1.8626036317317145,2.0022657577096497,2.0095420329933393,1.5177942159517306,0.9526359045677697,0.02658694639147216,2.7907588989012035,3.2297445862750545,1.824688575089999,1.8963272967926927,2.462133878459018,1.8719180572769953,4.289258420304585,4.986417601338412,4.289188631512184,3.5011718474358657,0.218686567711258,0.07528667787081852,-0.8007287018388719,0.5650423925022514,1.517298311369227,1.4493413406702302,1.2754459774306839,-0.6378738793163828,1.1321932193449789,4.572684946111316,3.328357807070956,0.7616453325557907,1.4770979143270229,-0.13712661194823492,-0.8570574411563266
2.5260415574378916,2.823817039463918,2.030664501977224,2.5736988626780293,2.7536583137549715,2.015866131128302,1.6733760697436069,1.5494031275082152,1.3360409578811394,2.197898007841168,2.4968913343010968,1.4239117451091972,1.250468412208805,1.9720318780754635,2.41636560681611,3.109272245099464,5.413969614291369,3.873236692521909,2.5375388043221188,0.8351070673563479,-1.0829032218799086,-0.5423757885479651,1.3735845707721317,1.4065116784802996,1.4269011646551863,1.0552324777159054,1.2273979657911471,2.654893641014395,3.4962357756191533,2.091541108557097,1.0264769562830718,0.402169375483744,0.3090560072000068,-1.3069422672780922
1.7864573116138953,1.7825699406169666,2.2853117971397845,2.1572219961720345,2.6615808370467993,2.1070659884301013,1.83139647382141,1.7735004384241178,1.378141381478118,1.6211724771196654,2.304498866899696,0.8209795402248703,2.0864065209881963,1.5488556436814445,1.539992152139027,2.7242304668928368,4.180961124657875,2.5305936340361654,3.0469011737790366,1.084162919639784,0.5989015815025758,0.7116024536564898,1.3244902737295507,0.9850673525175255,0.7394526680152128,0.9426836900853712,0.8543380786333089,2.463775760905946,3.1500180322736906,2.1196094613606125,2.007903029842626,1.5095503885120354,-0.034150136427795366,-1.8255713429068354
1.310843974792773,1.7682079409716909,2.800191897620701,2.510980909284014,2.3188361677940037,1.93372229990784,1.8096654102524263,1.3879020623999057,1.2290372018912235,1.3947888050996573,2.442431134824632,0.9614097183574101,1.4086933154937853,1.457273966542148,0.9336734041743224,2.2251199257760326,2.8111584987686036,2.6489670648301495,2.145417242656912,1.473662185419153,1.3876839295163461,1.0879010766726112,1.1630421672144706,0.7609816449874797,1.9833854023084074,1.6991528405168006,1.5884015087316259,1.9733822749647003,1.6532009282937896,1.6087474679514406,1.0980403570285429,1.2136265173075476,0.3475487024105485,-2.099640188991248
0.18356642535620768,1.4520603267104062,2.557393852246776,2.62270493832534,2.3360332998471525,1.3830843244301456,1.490694948306566,0.876604921748606,0.8638076135642311,1.072247924053531,2.3257116443554597,0.8500521138732507,1.765858906288657,1.4012638126889476,1.880446708862939,1.1492554185231998,1.6174211035556458,0.7685640963883622,1.4110870023598003,1.4653389169994426,1.2458070024529526,0.8438650097218777,0.6179430935930329,1.620869763024557,1.426343552209546,1.0301150353388322,0.7866414372010304,0.4352732577396909,-0.06617161168907076,0.35658326691376924,0.28694675636934197,0.830602679885405,-0.21913638018793058,-1.502120738677666
-1.031116339920144,1.6727868336680107,2.7101118893305642,2.1286233578171934,1.3241021756251017,1.2392795555951601,1.4646373444446121,0.6799888805936544,0.9024732283679934,1.078707955475599,1.5841849519579068,0.31916678877268273,1.0513928079095745,1.4677716036227075,1.3899667119923167,1.408532697823212,1.5376484050363477,0.9565547784453944,-0.2961720426304279,1.7375511139901503,1.2588778556231155,0.4493222222634285,-0.12370603003895325,0.33484222476941855,0.7345973580542415,0.5940918331834494,0.09648126224168255,-1.1222461593920854,-0.4568193636999978,-0.802422366963559,-0.511675166001372,-0.7331616788465792,-1.0204430669949867,-1.9383814326059159
-0.8370966071294567,2.112763629547737,2.489753075440736,1.5584609171923012,0.6249454542371392,0.9602592118831489,1.4583624051644428,0.8195225384447763,0.6499895759656938,1.207855802442977,1.40253829094285,0.41470044638572795,0.26206143191894626,1.3763354607889287,0.7184061066784263,0.8519553113751195,1.7605347685712278,0.505524857522603,1.3731135556979148,3.115753731160037,1.1052315707918567,0.589861384671376,-1.2280391156701462,-1.3044048310956766,1.8946022902482915,0.34161230019848127,-0.6019129499966168,0.19799520380851213,-0.49065005558747626,-0.9418306614092816,-1.1233457310935908,-1.4890659811294584,-2.19583501695312,-3.1020172241382777
1.4783486640030712,2.607147720081393,2.2642377993286544,1.3988381572178572,0.7599161959837375,0.7635634464151804,1.371674982651075,0.6184343557637508,0.5624161890292007,0.97579033568436,1.5091590714635599,0.12162536637711907,0.3155048492853487,0.799229315929021,0.841976355992504,0.16276498942878434,0.48660239667779615,0.7754732572674289,1.7336105785827554,2.889332635305485,2.7553713068141907,1.7022677354377698,1.0673090259963027,1.8605921514795098,-0.7048179879731226,-0.2520370236162765,-0.10328053068062346,-0.38489049545745596,-1.1433785123127536,-1.6220999901612647,-0.7261222581072154,-1.741469100001566,-2.8949018650994414,-3.9260912113608653
1.788032896416336,2.643344481563188,1.8620345933804607,1.9508843380318435,1.4825770191377259,0.506636706173772,1.0253318890781393,0.24553843654187815,0.663568883630547,1.263941610218856,1.1352851659768421,-0.07203783474862634,-0.041981224431003224,0.0686505695700224,0.5989988005290654,-1.2124687082493684,0.6269705314872921,1.09718058112187,1.8526962188860807,2.543992167936902,1.9226471499511333,2.114165022270549,0.8868639282388691,0.24899444092614204,-0.44593366273223406,-0.22375651035880784,-0.4836762245600481,-1.2819199904924827,-1.9404615368563807,-1.7108945163881282,0.20565172737666584,-1.0374110086080033,-2.7148992146361546,-3.8692984192304984
2.1493102724360647,2.3015378357446403,2.1529921506274516,2.1517789873988087,1.1323670843966647,0.15655615208837437,0.26754087527697984,0.2767049266040677,0.6606285219372477,1.1891519531938708,0.2620119820642712,-0.2235771675427149,-0.4342051056896712,-0.12579769748282982,0.6361875142098486,-3.132472686177499,-2.5871541081631895,-0.35379556584526506,2.6442587700743765,5.103323101590798,3.4637248389557316,1.6025638853332427,1.6326371628326781,0.7773361204845862,-0.011422411862524557,-1.0182848138072036,-2.275200392555835,-1.279225093917174,-0.9664428216015567,-1.0976129431773607,0.6709612978439377,-0.32311918687874686,-1.8696914074283084,-3.0990079311624976
1.8531089422740383,2.390790607764605,2.052351677692699,2.0464325939347967,0.4933144420436486,-0.6302418355916539,-0.054148451345444194,0.0521179762061812,0.04622878286051193,-0.48783457283190457,-0.435957716984842,-1.2116207336742453,-0.2943427753393912,-0.5883559155673614,-0.38403509243470574,-1.7907884922327284,0.43177356894325425,-0.5019542145346151,1.272838934833112,0.3234644307014784,0.5897325640802474,-0.35256483509730857,0.2054182889096797,0.14294901729545084,-0.46915402109590837,-1.5659418261545515,-1.890750270329638,-0.8315223628564843,-0.827845367177388,0.8480490711368623,0.4031630636627786,-0.26674876401928826,-0.8652060493538435,-1.1771527935031731
2.4985360041323244,2.702670727882339,1.5879526769171342,1.2271171539847003,0.7298847526205795,-0.6742119320108102,-0.3198638883164221,-0.12262903819236122,-0.563274344683794,0.7309715025854618,0.03267275665659184,-2.2692357717308163,-0.9311824762117176,-0.4727535093776552,-0.9539188720950731,-1.5772876854410838,-1.8955576397961713,1.9152914019961311,1.746035170256645,1.2837051024290558,0.052588743468997154,-0.03802173492088707,-0.713973374128802,-1.8540997046512981,-1.1093104876971038,-0.7729962459634864,-1.7604065112776828,1.3944532092928705,0.35405794103155347,0.49503674107073675,0.006762230803356418,-1.0688205995005726,-1.5181930989507944,-1.0725289285511757
2.5739840551262443,1.5725387566158402,1.500025107935766,1.1039604305627915,-0.5057488861568351,-0.5474834213439763,-0.5028993614647388,-0.38783269598198855,-1.1468161264022472,-0.7745749584709856,-1.9060811085098852,-2.4471278307815423,-1.6815504642504209,-1.0237391239510085,-1.079196896346897,-1.2766637731611605,-0.28392003356608103,1.2931287398899578,0.14088105489729855,0.8071159246783968,1.1212689496073895,-1.7109993445490272,-1.2939561845371057,-3.933751038809295,-0.6337296916319137,0.008690524900376088,0.374909346372867,0.8485903506316516,0.46248011257271954,0.5274132375191246,-0.05970748665703439,-1.1670281613056375,-1.8626546544588796,-1.7173027405756782
1.713971393548733,1.0441879308164836,1.1849020430727315,0.14650242449975764,-0.8327505933057937,-0.9436260855175315,-1.250343228340548,-2.087762031866352,-2.4303760471515607,-1.334757198233749,-2.079166316876766,-2.961024142722295,-1.3196471732619797,-1.3006760594809672,-2.1591753051036675,-2.862426356272222,1.9282622049356848,1.1366009185407058,1.101262171021291,1.1533857763779396,-1.8309403376607607,0.0679588593579949,0.5409997280956077,-0.3331680710975133,-0.7060561581430916,0.21994989436466025,0.15382649057299846,0.7463497084693262,0.8505125991961747,1.5165026113013773,0.03853710852872758,-1.4801043923160135,-2.137956546029309,-0.8580132734713136
2.6841039127519264,2.3589801989442587,0.6841692737477274,-1.047602557044657,-1.1566538706316492,-1.781156686631921,-1.4586660292053026,-1.5949368691431183,-2.9011110534476376,-2.7375030292343143,-1.9140150094782142,-2.5602965535855073,-3.283665281082701,-2.2754955348323564,-1.745411204839834,-0.1549607392021158,0.47211375656546656,0.6966785684441472,1.4373803750802963,0.32466870175997276,-0.08796015752138799,-0.8897022985582227,-0.8332085608889798,0.10865609950565656,0.11225285104041437,0.12842543131717915,0.3365480483404896,0.7242092418465781,0.43340560499196906,0.39853270751310343,0.10159467137916366,-0.8169918639639194,-1.786156532957718,-1.0106970728962157
