script/wind10m.json
{"header": {"parameterCategory": 2, "parameterNumber": 3, "lo1": 3.000054539987559, "la1": 64.9999836372058, "dx": 0.5, "dy": 0.25, "nx": 34, "ny": 52, "refTime": "2025-02-18T20:00:00.000Z"}, "data":
[rows 24 to 47 of 52, columns 0 to 33 of 34]
8.437321739306643,6.161773588566595,6.7096573487128826,5.855839014062347,4.968260058414571,1.9119806132365413,-0.2498883597011851,2.827164494963555,2.339405310105526,-0.07726484912037651,-0.6205084294029137,-1.4193349169431144,-0.7164036790436434,-1.2561632931551998,-1.3915289805859115,-0.7132854087676501,-0.9988457686408824,0.10179425009745909,-0.9004765414537921,-1.241612529148334,-1.9696880090046325,-4.9172995286806875,-0.5289716541951502,-0.1849052135828334,-0.5381865450583468,-0.12525250128555243,-0.9351897297559153,-0.979736628682755,-0.4882821652214047,-0.7637217439999603,-1.4310743310219256,-4.659286135192669,-8.28284220520878,-9.769364671441334
9.211984480817122,8.581426421840252,7.110094270070554,4.900596847715881,5.341918612837279,1.3447152324855862,2.043539505058733,-0.15534787741399309,0.16003435112065426,-0.15835586975238441,-0.2642499631817098,-1.8555677532116774,-1.2301008500234047,-2.0569652779239664,-0.5942448956838075,-1.0517088361706204,-1.3822265232413455,-0.5174325579087284,-0.776487597473519,-0.7087727141460118,-3.2231854047713395,-3.4970059031474787,-1.0029080452466759,-0.8758467290971435,0.3649957624132728,-1.1559354484330133,-0.7817665375664091,-0.9359454696249028,-1.2295121220054697,-2.3005808596358874,-6.857750564442561,-8.171372063036136,-9.394793998736402,-10.206727836497123
9.312230592259178,9.056368212585856,7.962282042937808,6.320825064061025,4.112938354952488,3.4820612245266007,-0.5719820313969824,-0.18729269972558,-1.0717139877814754,-0.1378394785006782,-0.6000320881042364,-0.9469758393703336,-2.132782163032059,-0.735494198229277,-1.2877157372857633,-1.8033915537163017,-1.8741205954220417,-0.16885883503600918,-0.7324969544279198,-0.24888326755953805,-0.03979366792467361,0.4936451638026165,0.8183237037440694,-1.6987226922972385,-1.5275109350842404,-1.1609599335718155,-1.0907041178415602,-1.2599308380268899,-3.1978632789226373,-5.968263854039691,-8.179501677216706,-9.072610433796772,-9.753351274319721,-10.506453858775146
9.10588512564157,8.743546834315419,8.224640285356934,7.048474003153232,5.26551492278308,5.461826435348183,4.03815290488751,-0.8035030247464859,-0.1258469021245543,-0.5230368046635822,-1.939616223426361,0.05577520388844082,0.05654829981037706,-0.8588488444935678,-2.0277633224547245,-2.3840097428734133,-1.6696727988997053,-0.5693205287182516,-0.08294986445232251,0.06800593027682847,-0.03953425167362761,0.7543275007521382,-0.04686419435170101,-4.124911603961854,-1.3777578945580269,-1.1588978329467927,-0.9398412657495215,-1.3139785209784332,-2.7418651525257425,-7.844707508277306,-8.382795013458502,-9.386246690851127,-9.901289726110884,-10.69534349484839
9.100724867768324,8.730507331881423,8.226195322033602,7.44028764960849,6.843369768738424,6.019783819048103,5.256981946715773,4.112036464907869,-0.4811357814823199,-0.8857083950097819,-0.15976817631614762,1.0621160541248817,0.5424972711056761,-0.12988551053311556,-0.9842012838537845,-1.1362912991365122,-1.3905224571102017,-0.8375649080476139,-0.36815437499821246,-0.3515294341826739,-0.30922727231467406,-0.688498487939382,-1.1649728459531976,-1.5729869232276577,-0.4283655936227204,-1.164311407451084,-1.0678180650901075,-1.5170774108439185,-6.071529959351636,-8.291762770730367,-8.508768905377783,-9.84182101738138,-10.29916311865069,-10.725597170182262
9.409965022214266,8.796361229242324,8.311144022282768,7.517376644018429,6.680476207889038,6.280082180287607,5.572889645953491,4.933229681583181,3.6606180887214563,1.6980528738039136,0.6321949895939506,0.4739610582952269,-0.25122804334437887,-0.7871863712119661,-0.32728778485417226,-1.3767069040428073,-1.990882397952861,-0.43177491209934826,-0.07963784433271336,-1.264513832676338,-1.6294988394619894,-1.6190558789402336,-1.0289307172675801,-0.7702799721714447,-1.4383737436522888,-1.3086889997523805,-1.3534524902325251,-1.3049839246168013,-8.047503281595084,-8.253791122861415,-8.691603392991667,-4.642183273703737,-7.042864833493874,-10.907935875444455
9.51651106637,9.00596660399075,8.282080273983377,7.864918596193288,6.9611919850142705,6.112275238294478,5.658673585457332,5.056965259694263,4.192509151102825,3.317629034409634,2.2007190245244566,1.2771743549694572,0.7011573097183216,0.03114815864608167,1.4235700855548588,-0.3019698800176513,-0.35198015710775105,-0.6327219015469682,-0.938798832182785,-0.8048628344740868,-0.7506768192172038,-0.4391417124204525,-0.9177084076932126,-1.6771182103339601,-1.6750618914903714,-1.623025947135004,-1.4809444724013165,-1.4193927667761745,-7.695641720074034,-8.818010429376336,-9.041037848292337,-2.448973360538502,-9.07900873810102,-10.937625827388514
9.606545733827236,9.088711303245548,8.769617803177399,7.964572348323818,7.436565114856943,6.605579892946844,5.849270373880989,5.037701144954496,4.257492915932699,3.7320040048121883,2.933035424777115,2.5960425212966562,3.091588057858416,3.0859898475756435,1.2390134790575604,0.27244180483459174,-0.5797710135877042,-1.8471320936020375,-1.4370430460227168,-0.368531931794779,-0.5507470840706375,-1.0962308354218893,-0.636920128198665,-0.5332144193066892,-1.7805414203025594,-1.5705925938898573,-1.4164763586475484,-3.6232526777346745,-2.2305866189079735,-9.468784795083733,-9.217110731232212,-3.21265968197752,-8.795241048757372,-10.568759573208816
9.623757706171734,9.219395037539442,8.74360168624119,8.278977130230496,7.4776779531699935,6.78475124847657,5.948065413243881,5.266279851001713,4.295879432975863,3.652142888261606,3.183796670875153,1.5000360577371243,2.030893260017471,1.5456793531462167,0.5069187474725171,-0.5190559288466677,-0.6301617889412133,-1.7997163927815687,-1.5909712142518215,-0.9708501250596057,-0.9768717824999527,-0.868776129463505,-1.0268071406641917,-0.9419803312967737,-1.3877905511087403,-1.6873416594157664,-2.0063482235503978,-2.6448788229864983,-6.181884383634749,-9.617307030029297,-9.114160425457966,-6.461736436374557,-8.599710463641923,-10.196946029375987
9.714403305619536,9.313568003687509,8.873663845047624,8.548409795766675,7.624935917935006,6.897522308657873,6.048298230097601,5.310345246996869,4.751007865859012,3.7812638551910673,3.120467351179691,1.8981177913793055,1.200759994259291,0.3210819323619555,0.04741225968896845,-0.30319117516860006,-1.9317776130347217,-1.6633716886381857,-1.8002834169511381,-2.2263947304168923,0.303718773144907,-1.0187581595039044,-1.0009922368614732,-0.9337478204225319,-1.141587170548972,-1.6087864389708744,-1.6477650426451091,-3.689513792837465,-7.5317600678509855,-9.507803139495032,-9.074829248405267,-7.806172149011784,-9.321801009679689,-10.59441367992919
9.737112723896587,9.532495868018938,9.136517486208291,8.579947037308767,8.272329950906716,7.3360106058488785,6.3710767586228165,5.539454983488607,4.831564276329177,3.9865838710778525,3.0442505389504424,1.5371669632427056,0.7335455553524255,0.13784960719164996,0.2497222070348181,0.22028626483634214,-2.259253594813695,-1.4595132832597484,-1.94348382746778,-2.1512864677851553,-0.8614496151805987,-0.5487713500103228,-0.8915970843946133,-1.212146031880527,-1.5597318989797109,-1.4688648661186083,-1.4008652788082128,-2.2636589993006826,-8.849733174540756,-9.23048587632842,-9.192824280918977,-8.743839413994598,-9.209586779766328,-9.4933078814003
9.564926469883059,9.333238841984068,9.102425210076836,8.814791790523262,8.307043392830812,7.579535887932933,6.71713613453699,5.768570224417211,4.900891612804134,3.9042993646585344,3.254354674651719,0.7769564644212336,0.7574854424580472,0.6313674308930892,0.09649036115781832,-0.15736380575363124,-2.30813914663529,-2.4624938831648464,-1.40487949281581,-1.8045283827053598,-0.7842107472248576,-0.754945190360404,-0.8860478122560378,-1.4023049845985742,-1.687501587744153,-1.6156306464783174,-2.2062004225385086,-4.164247607205609,-8.617831184023837,-8.970668082735603,-9.29279909461691,-8.818118331229678,-9.030826273794508,-9.136387038001974
9.519453855184583,9.232358380164959,9.15646275702513,9.052137195495513,8.477838786767373,7.8136085553671295,6.76368867614277,6.025984259785448,4.781711018948854,3.9817036249270354,3.2533902758948425,0.310462082675504,0.3490050393947956,0.5522007806452797,-0.5213411940854994,-1.3618704225343496,-2.8571055688052316,-1.6732100929575173,0.1577025570112103,-0.9207129240924127,-1.441466917361027,-1.1864561211055014,-1.1076747141893095,-3.3356710417373323,-4.846041749766491,-4.829007220078703,-4.657626722082056,-7.074946425905602,-8.093986628224034,-9.096240023480387,-8.684795198329258,-7.913384460426298,-8.834146438356736,-7.191922249963648
9.497045730828225,9.22779452778242,8.93478436015352,9.229678208829528,8.759881642971516,7.938942531079787,6.982973486818943,6.166871280993915,5.106280123531785,4.075508875776265,3.310054365124903,1.6566920052355025,-0.0466118453081698,0.11273799410215844,-0.4168681405661522,-1.6967780745457957,-1.243376761277791,0.48901524912433614,0.11794254946012538,-0.435128069447005,-1.3805790837400023,-2.466256999755859,-1.4972320644940753,-4.473980119359165,-5.251532722112785,-5.495866068885086,-6.412236849973649,-7.2039421435623385,-7.991677329278119,-7.8957537091884555,-7.356542411963029,-6.921252484588291,-8.076156634700524,-7.662584063237257
9.33352728954248,9.279913487439012,9.039265485108617,9.018805350304413,8.897849266007732,8.231796339663097,7.1093197538048765,6.198910383501013,5.278970057888295,4.45754397612997,3.1807095226621542,0.8712932606507574,0.0642876350256121,0.01608626982861524,0.7380297694183797,0.784970077221462,-1.3019192272775435,0.49144050280859763,-0.20737079271927866,-1.9791061229541875,-1.6928785403377284,-2.559718397777106,-3.0007068604164275,-4.223150873292082,-6.204055775531366,-5.999610106976567,-6.277827396567925,-6.717814764497491,-7.0996151519756365,-6.920565954557103,-6.262279096720642,-6.201108320652879,-6.8039565882757715,-6.063137448120545
9.276396902827134,9.359380619262753,9.212817160377208,8.799600729168374,8.93989494521244,8.571041403793881,7.3012188351747564,6.233919044905547,5.53400636894633,4.463962008525827,3.2126675852737336,0.7896006080174514,0.41202748562931263,0.6963342808766769,0.42820416781538073,0.9657736005378403,-1.01220333670109,-0.09473213802376122,-0.4190538811362462,-2.192145117074729,-4.207945582614078,-4.415299362493726,-4.967525727215533,-5.121868567687693,-5.1955002207334235,-6.963203496135942,-6.594929822508652,-6.395285551716672,-6.483607671154308,-5.944757006763453,-5.946179867176865,-5.685760288392377,-6.07060772264541,-6.985663189744631
9.07065382831967,9.026606512467573,9.133925392127251,8.824566111927735,8.690648390707613,8.760209765133144,7.472403317701661,6.293823619396383,5.611257776563447,4.031823040601786,2.5069398862085563,0.35267071456349247,1.0810755615224878,1.4055477629324296,0.9882058136565912,0.07870325182409287,-0.49922656200120696,-0.9197155782474832,-0.44949246016442673,-0.0066744115656245965,-4.287757812308911,-5.393414035079706,-5.85662740060568,-6.10024296793799,-2.9447866793680557,-7.0208834690912125,-6.9558673255695265,-6.443035675853886,-6.099071618340087,-6.138143880936328,-5.378667253157915,-5.388670404575699,-5.519333160447692,-7.15572022000674
8.891018286770189,8.929089141493968,9.199513337936354,8.826639233474722,8.461292137512336,8.48660594844836,7.946801681863482,6.676794731896005,5.858529584921978,4.0461757136924215,2.4972292569289016,0.05982481686232292,1.1109191335890103,1.0355128355988772,0.7082004692250433,-0.7180797624862515,-1.0141520511554802,-0.09172664234965493,-0.7073319201821027,-3.0397459456722715,-3.854059692661046,-4.218351329529259,-5.394843339647664,-6.313211054473433,-6.76861608283456,-6.040825431424231,-5.988966813819784,-6.239201235973727,-4.761616436782805,-2.4710465023205916,1.6991194446010265,0.6673296046691398,-6.635352466060553,-7.148544090087089
8.697111544232877,8.761579732312859,8.978612530204337,8.806813131421984,8.534175903927318,8.125773941622057,7.758522761338379,6.952747796533772,5.888431226114796,4.697198850172753,3.0798125103494,1.0733739921641763,0.8749909072332652,0.6514394696242854,1.6239559893012274,-0.09745587966988589,-0.8521452121080396,-2.05473440704628,-1.8282081150987108,-2.449925939738156,-2.7485388616836848,-0.08706080767607766,-2.401192094625751,-4.357632880680236,-5.883670242610805,-5.3488915976063005,-4.586992380322634,-2.1020624779034396,0.5102945218200701,0.9813311634974345,-0.29284561696019057,-0.7730782792836204,-3.6341868729659073,-3.191173121262295
8.439380666974646,8.42794140267403,8.94877170466469,8.85533181415572,8.386494173801172,8.252103490912862,7.918711351232666,7.08477536398048,6.259281751883676,5.300350286079874,3.856248103876174,2.5266682740442845,0.3219311705540124,0.6436524369678764,1.521664706159318,0.6097868468926201,0.6590576694949359,-0.5820714003464015,-1.1973686870864886,0.8875561577418132,0.5239285907495401,-0.13745098265382066,-1.3397121087357604,-2.434363644908395,-3.1299027191710715,-2.193074648911838,-1.139989856380802,1.7906498505874882,0.04842646513240254,0.13712369887623163,-0.5636997112894101,-0.9951673694566063,1.25122536161341,0.8368895959015845
8.334990275830718,8.063630345033955,8.272618001610644,8.529633180797811,8.44074406013119,7.840656435998962,7.851687273099328,7.079006462597385,6.5794990136430345,5.351507541815642,3.933580050895496,2.776441087893958,1.123008401053118,0.9116770499891691,1.0291623389299704,1.3697331875720993,1.5535475280415998,0.7899490303275549,-0.0019436766413546756,-0.1286741421135983,0.3152064229557754,0.06207417596016574,-1.6113145987544035,-1.7584000720481918,0.9566526249454581,1.7513137872857292,0.9631701721386063,0.12419413552914654,-0.7770149722716074,-0.4458228321568031,-0.20279813280996448,0.44706705107652056,1.0619959364562415,1.8283648439335938
7.942204407557486,7.972914353501299,7.878644662146882,7.834634557419243,7.592632758648545,7.222339624416013,7.184770940905581,6.199734428420899,4.603332720955179,3.6519011790273024,3.3222709839017397,1.5827180150725346,1.4631854701481082,0.6484446305659232,0.6940781390597622,1.1630006167800027,0.4279432317183408,0.07471199591409905,0.6884740329591549,0.4955626407008948,-0.6134806007073917,-0.3657755310366085,-0.46375392957697964,-2.7608471963983923,0.7587204915214715,0.4665889494030776,0.1420791778845553,-0.43294298930994984,-0.1458167890665543,-0.33637777301976834,0.09626612535638635,0.49058749845230837,0.46525848813679077,0.6498774241819449
7.38901981365208,8.121658528004287,7.688748678129616,7.214324248150051,5.864312551185958,4.7967998892602335,4.820870645906945,4.989156433223413,2.6921219974561623,1.4943814029337568,2.2450936215954362,1.6153821580428749,1.131677415809863,0.5795961666950831,0.9613890589731162,0.9904291004857583,0.7976063013348282,-0.0007279757741709874,-0.4342677166720097,0.06845824632676595,-0.3211232883383221,-0.8459874946373421,0.16513698070811642,0.6602952460048195,0.6209890253362053,0.36994879003560144,-0.24817330260460993,-1.0040053398371478,-0.31525070786942155,-0.42001570249421627,0.10942743759030607,0.2643197129875552,0.2588152694145662,0.10197665391435817
6.656965033984924,7.583531180740132,7.5933810717859345,5.8783538467699055,4.234454038343501,2.4533932135313665,1.7586242334229993,1.9806156492043097,2.2520272566516795,1.8776835748545757,1.5721374402001373,1.9938384234809772,1.3368963665594962,0.6824159775914475,1.253192099016735,1.0423802292703763,0.7156444850388467,0.9342796189156686,-0.0014580419138476393,0.6752671684893992,0.2870680576506488,-0.12715314631426272,0.10587210332285162,1.0296545902437961,1.0260779067714778,0.21759951374886974,-0.08551742812805926,-0.5724007248603066,-0.058806798779728414,0.08647566319403505,0.06094958920176467,-0.49636439785723474,-0.5386736449897073,0.6671288116567794
