script/wind250m.json
{"header": {"parameterCategory": 2, "parameterNumber": 2, "lo1": 6.000198445256149, "la1": 58.999992894266676, "dx": 0.5, "dy": 0.25, "nx": 22, "ny": 24, "refTime": "2024-04-08T20:00:00.000Z"}, "data":
[rows 0 to 23 of 24, columns 0 to 21 of 22]
-4.435210023000691,-8.475698923078424,6.186411236228054,-3.0014268445948975,-2.8517247786009707,-11.13355456602835,-1.714749033513217,-0.4308486924401487,-4.344436211446771,-4.830863980042243,-0.34746643578663966,-0.6504096686703826,-5.50311687351402,1.87140008607906,1.565084997146588,-0.34214039402898855,4.55750625303538,1.5639079019552322,2.839986160044765,-2.199098995156494,-3.1421947579945617,6.0110700502572625
2.6584670092681173,-2.8555873176325464,-0.032616614305572604,5.968917167364513,-7.499886678891604,-3.7040342395858254,0.33307406363236225,-3.2505117228971745,-3.4222046972656606,1.1270805210747694,0.03752982634043199,-8.233450613709831,-2.3934317203326767,6.100258335796565,1.5456317002017919,-5.158416973292532,-1.2467341633134261,-3.6138475547043525,-1.7885185690782506,-6.559981196926986,-2.821156341497658,-4.693427354300941
-7.7987248831099345,-6.0262310772743515,0.15484914133577757,4.093690010098602,-4.550602187068261,0.8594314425434587,3.8604643361451028,-3.3708312499025688,-7.165170831395933,-1.5328210767032464,-8.153251242259758,-4.776684618371474,-0.7480811849014984,-4.965498337268113,-7.286654950241431,-1.158047750319395,-8.563895199276883,-5.4571367706281,-3.1795248118962727,-3.182474809411562,-1.0275977373412397,0.8641035130492161
2.149493130797553,-3.1136495497214787,-0.4085905917117899,-2.106728970185731,-7.649715381379527,1.0992095123115293,-0.6940014825471807,3.5882363787885283,3.0465150001688324,-2.5139670317467826,3.432153820860896,2.588481206737159,6.343696806082038,1.6822773609678603,-1.046799186368213,-6.055251546156135,1.1653010662589214,-7.320661553790731,-7.8615014983290425,-6.735679358524001,-0.7456012188403949,-0.8950401084724608
1.2350478865733097,-2.5836755203158384,7.17379327672694,-7.068766159324953,0.0883506035681824,0.3594028098172049,-3.7047314488721583,-1.4196782781209178,2.9200330143926,-3.851735115962762,-3.3973667784293937,-0.31351398723894025,-0.5025748421297901,4.744274585073788,-0.8073352695357874,2.0416783268886656,-5.806535307954434,-0.9962813074138447,-6.307423508341212,2.8549152674005542,-10.610692211492667,0.6086546306520597
-1.5822525476930014,-2.948999970676817,5.581928602589994,-3.598617770102071,-4.428922288496667,-4.073217804132935,-2.4630807702867266,1.3051350417678522,-0.0013647471261815838,-6.380842765063695,-5.655653303146631,-2.104546026887676,-2.7705915878833047,5.559597241565214,-1.3787719664756901,7.206540541490562,6.242316508074459,-6.6751530913068535,0.3458878535825621,-4.482692895935785,-3.944869860162105,-0.4419148904663301
0.983491508758047,-7.834549652566702,-5.779861056771258,-1.5924407610291698,-0.23662667960193537,-3.2495276535116524,-3.845870530296058,-1.4443133964616133,3.4159022889007034,-2.2095132510862534,-1.8198937366652879,0.007351830352847506,-5.090560018804478,2.933926376657017,-1.7352666749182257,5.018618290398369,1.4917518483641112,-5.3567893231118,2.983370778871677,-7.4826867165930775,0.7024235026481666,-2.8383740485594884
2.852204427026421,8.466891779511963,1.8273926971710723,-6.94423681841243,-0.9165535926745222,-3.221485184872638,-1.0983509940670957,-3.49917203176088,-4.164441565982771,-0.373346457565847,-4.299332821643365,-0.6934034385361162,-5.140829446288645,0.6029189884451392,-8.966312360096845,-2.844228435987366,-3.7715945767012173,-5.725632941616571,6.420832879128061,0.18279008763802593,0.14980010025158613,-7.761390211960294
-5.250295587563515,-2.878524612057268,-4.676737848019809,0.1659810977882873,1.1833605348057363,5.419944209744767,-5.745547522053535,-4.6104597262863525,-4.10802633504182,-8.970031034696742,-2.595091407996052,-6.805158735425965,-0.2971145561929574,-7.150218690839631,-3.071169530251752,-2.248291203835702,-5.780519880765525,-0.38671398713799393,-5.363994408996507,-5.694190079407002,-5.269712187891521,-2.2812258937497756
-1.934881233307921,-4.605853046117116,3.5901863820353785,-5.041567183860448,-1.0993909312834547,2.88356736945115,0.6714719330382533,1.3928175850574696,2.0283804119708626,2.7588203157002207,-0.7396604684761798,-5.82613806073898,1.8794762578693254,-3.284948572077207,-5.589851234096547,1.9778210287642457,-3.2251711136974093,-6.229120785184796,2.2886639263328834,-0.10371543110965392,-2.7812346078698043,-7.10703438060048
1.307226901832902,3.2970900488289225,-4.525670073535387,2.5033157490584976,6.448031055825912,2.968266415001897,2.539767285501871,0.3803067134123576,2.0636938162495895,-1.497588744117823,-5.765072067191183,-3.855864214958864,-0.8223352189053643,5.329218394872958,-5.311911965022206,-0.9987711596720169,-4.52603885294785,0.38856477125189576,0.8528598122306008,-6.338138813608195,-2.854381342976145,-6.385422166657886
-2.1426029071310135,-0.37130029768177075,-2.421979468819852,2.0528022335650062,-0.09187025092900063,-5.2534044164693805,-6.265290032100777,0.6693785803892623,-6.705408802693654,-0.6761112704094954,-6.414940206294851,5.056362912607478,-0.2202785190557622,-1.9105798454138017,-4.47328054099555,3.921361547706567,-5.125540512358109,-2.622575311535447,3.5858800630303205,-7.6541087424072245,0.021306803240573963,-1.4665574835953008
-1.569247590411258,0.5365164576219562,6.154950793699917,-3.815366963008471,-0.3436976226721021,-2.4871920792242816,-4.130922299532484,-4.407098028209607,-3.42879684046089,-2.438181303297162,3.113926646450424,-3.038581472347621,-5.771403995223813,-5.910276882802295,-7.003415890469939,-6.715418916643935,-5.547969446246784,-2.766883970843716,-5.535734614198897,-8.578592758605637,0.35837670972101526,1.1563073088260234
-6.072299646908821,-2.803162619781099,-3.3246519708403097,-2.191371261124014,1.8334384444290133,-1.5516534072787564,-4.311933026939136,-0.918911781038307,-0.6152197904467566,6.7282004276250165,-0.6281755363060897,-0.007906456887713416,-4.139461406109759,-6.385569206041751,-2.37646564098136,0.0706868634197593,-4.564081314297856,-0.8345905851552652,-3.173190504126752,-3.169596850878086,-5.5365575173610075,4.768004505166905
1.9400907129926075,7.015480945747027,-4.9720463276669555,1.561028937312806,-1.0925693829557692,-3.086951474966575,-0.25010015567344246,-5.580519986949059,3.2108482689642797,7.963912890078197,-3.7938584953451557,1.5202331432091984,-5.090770900700529,-8.93478688934873,0.7041743425111295,3.632811339371898,3.04375860622566,1.6662545117006884,0.757067550257478,-5.217053794536995,-4.477233445983787,7.985045833693648
-5.834069313392063,-4.4802334596611395,-5.158847858179965,6.372422587412514,-1.849107690857008,0.8581868632178905,0.3387725004015657,-5.831282061562357,0.7956975282956475,-2.1470739854018466,-5.144277262760051,-1.7587092113845746,0.16200692370136438,-9.856496547144275,-1.6954292008568064,3.1498251091565757,-0.20614153738570917,-3.2740095925347745,0.3219131588178091,3.278660752821595,-8.011885762328498,1.7171932699770294
-1.9297234304832795,2.5452685617324016,-4.296055113134665,-5.582863749044868,8.098758094041003,-4.7426043402463,-7.346487675219196,-0.9432250793662003,-4.989304428186464,6.182931278247804,-5.702001127226975,-6.865622987373885,2.3730713165029456,7.9991047497883425,3.2055876726429786,2.6281466871459713,3.670019495952862,0.004354053402097783,0.13037396267059154,-3.0574533154603616,2.9971155421577405,-0.0028069837315180366
-7.170981506300999,2.0347527564402585,0.4509560501635199,0.49717771558882695,-0.3369136220766412,2.359557364161393,-2.4275259786507,-2.994284905678313,1.7904335760622985,-3.980039144168694,-1.57370390874585,1.1895566841746759,-6.617799385476308,-0.09345014298547231,-1.318179467743349,3.2357843828808197,-5.579616339205927,1.2547096030357532,4.0532559897632146,-7.531493937000359,2.873372904968265,5.901888241027829
-0.29422773281686854,-6.914486873422469,5.930349924836356,1.3751508516784414,-5.983946127938695,-5.236412301267099,-3.323919488886083,-1.7260929598013761,-7.102838005353548,-2.470006815520043,-9.1669004696577,-1.0392048536614802,2.5138975847485687,-8.932793455123274,-4.6190879144413035,1.5676358912786896,-4.967913875151083,-2.985143329912971,-1.9576941708792874,1.783627058338268,-3.690281447455245,-4.5857409100817135
-8.34584509035343,-9.025339030790784,1.1818995506362278,-5.9961114044156005,-5.004762401314091,-3.371796301604651,-2.678845316234546,-2.1275770092593675,3.607637205860936,4.919504565706611,2.4408142075329042,-1.6458914246358778,0.23306510997060229,-0.8120499673551961,-2.9456098286699737,0.9682262578009494,1.7334613640588528,-4.918707471601533,-0.12076525347425972,-4.163436670006222,-5.952228702613003,-3.6641854587054064
-0.8240337309500255,1.2559330551165921,1.7804141141392464,5.025828116201296,2.02804920667689,-3.3156750256219607,-2.6764938139404277,-2.836144994574047,-5.37303725864461,-7.315819103094043,3.610966008600869,-0.6887614123096636,-8.429884074545742,1.4845973954503986,-3.4643168685537926,2.0267632268008557,-5.604125231075884,3.8458590989999806,-8.574972235980514,0.05285901437421179,4.995081191416502,0.5139202860192158
-3.1570413392839036,0.16933769078756994,-5.811759880027676,7.930379209708182,1.0931342423290562,3.453436217695559,-0.4268205100012671,1.9432213545549273,-0.49864688141061675,-1.567219783175356,-0.4715564646527063,-6.912862283286304,1.5521768410403878,1.283472211205131,-4.57636978176589,-3.5255768076909106,-1.3091661129026624,-0.8954691541524407,-1.303637590114089,-7.239609949485396,7.512162938003649,3.2531293548726126
-0.5227019589952449,-0.8356645162408689,0.9342774122153096,-0.22885061416519967,-6.152237360144672,-5.896374159170517,3.6834448189535633,-5.65503726178576,0.44897183621933345,-7.467375343138787,1.619469327959758,-3.240403890662389,-6.491656701262167,2.673584035287263,-8.573883871153486,-2.533276355706365,-4.940949051369106,-2.3891726008727927,-10.370886095440184,-4.411887300817457,-0.06880838517625631,-5.483779023652551
-6.098750855758934,-5.462608009156761,3.6568170865781005,1.0228443706240593,-8.60601530451174,-7.697732505327512,-2.7834799426211387,-10.329138273008924,3.7982383308817376,-0.2852785161533545,-1.1153593567972127,1.445395055502342,0.4419435654963158,2.411903961841867,-2.553946800484955,-3.0354859612550937,4.2790626405640095,-1.1223348388946026,-7.038807154113984,3.1969210347575205,-5.407451006423833,-2.471394293936306
