script/wind100m.json
[{"header": {"parameterCategory": 2, "parameterNumber": 2, "lo1": 6.000198445256149, "la1": 58.999992894266676, "dx": 0.5, "dy": 0.25, "nx": 22, "ny": 24, "refTime": "2024-03-29T16:00:00.000Z"}, "data": [1.5496036078747812, 1.4280662006452733, 1.6846666138978816, 1.292182060874262, 0.6110275759833649, 0.5574603491677187, 4.060787667089585, 3.039644229858635, 1.8903697515204299, -1.4782584799431173, 2.8420043353563655, -3.5145356956822162, 2.18195468744601, -1.858591951920889, 2.4109972171651397, 1.933349008300826, 0.6332777486291088, 6.531734685266, 1.8134879226616858, 1.7910562780036843, 5.502449763223891, 2.207178284978306, -1.1302108472912231, 1.9835224519235417, 4.46924933724835, 4.742079447519056, 1.9423243015634157, 2.368889326656211, 2.545449349665814, 2.97989696926165, 4.238787246047044, 4.084795969664465, 2.128037713776716, 3.364607518849934, 4.755311050413207, -0.893682139435732, 3.4275213533681965, 3.085554233554791, 1.5864903450938748, -0.7341048117259901, 2.658144600130914, 2.2683657181332038, 2.154475512266052, 0.17260976574074477, 2.1544885137070877, 2.8363921175424425, 3.9338779168487745, 0.886091882728847, 1.9868226120059034, -0.9713340491451289, 3.4378861641777045, 1.9339889531659076, 2.119667096850122, 1.4525460902601723, -1.587940783131703, 3.6981501009772955, 5.4429557996887965, 0.35133076123570334, 1.054414864592982, 2.794783301354454, 5.326213920094575, 2.0195286312550116, 4.658071919239201, 9.28724430674488, 0.3745889313062949, 2.039418579234133, 4.091786508790175, 3.522872563839786, 0.442126954600953, 0.6288817097195485, -0.3266068284843097, 2.643011368329904, 1.0654781385277685, 2.5919867503498693, 5.0964330457694915, 3.2957811204903793, 0.8191912586315403, 2.3743862385606502, 3.726695618173144, 2.8855128092394953, 3.782293865512821, 0.8237783821779137, 1.4621478166150252, 1.5153392475764904, -0.3559777544960238, 4.417391372805225, 1.4420458859352907, 2.6129618860154236, -1.8720190045665237, 0.2638219474097243, -0.09236737224546471, 1.252963277192192, 3.2354152158171705, -0.17068407395159976, -1.9024847756222618, 4.270073266900732, 1.682081394198945, 4.477187072410194, 3.8075502836434945, 8.605851837403463, 1.8521544779498438, -0.737521244451245, -2.580878449489932, 4.768423306830285, 1.4628107638151269, -0.4521473656800097, 4.32009753788902, -0.8683758639265208, 3.718951945935103, 2.9011050746806473, -2.065229203798095, 3.2310698958068786, 3.1607131132319237, 2.2734711533936967, -0.5558260757084955, 3.023141455170768, 3.8668484387281286, 2.8290283230892177, 1.369005576385275, 2.951588424878273, 2.9954508264320077, 2.6589529475113847, 1.1445084784880553, 2.563903397307492, -0.10833103862302747, 2.5825086323036914, 4.509239941737983, -1.1287967711892637, -1.4667171388987226, 0.23765979304669074, 0.9215984659860473, 2.0393530825563873, 2.9066163171480612, -0.08794516816208572, -2.439666227746917, 3.167908008741016, 2.52892687936163, 1.8082733217830746, 2.568466562394206, 1.6711885718636241, 1.967141920035361, 1.9452923062717036, -1.9756777785843054, 2.763280027011786, 3.259628228204015, 2.807950977785316, 0.9230346499742683, 1.2170066220665454, 2.91190323644622, 1.8917853635187962, 3.2674057840605397, 6.33562452926446, -0.30894869406172953, 3.809952323072993, 3.581703639954899, -1.356598143879779, 2.6562411728614097, 3.8393025163523924, 3.000877546199732, 2.081114701685421, 3.1679282829432114, 2.0041354693944746, 4.74983572079796, -0.2315770679662847, -2.8665358784863497, 3.0926154854156898, 2.4200379160109464, -2.3918407545766684, -0.577873876868608, 1.6031792744056341, 2.33225717913925, 2.3932681416195494, 3.7170646423595244, 2.7597237761927, 2.397310724475112, 0.4486268498402448, 4.131279249389401, 1.960073915036901, 9.202595214346418, 2.80102302642154, 0.7430071706311001, 3.0291147925378152, 2.710236789232271, 1.6046566779125553, 1.7704831208347016, 0.37979802224385084, 2.0583425583888504, 4.2152317849940975, -0.1252945307202677, -0.2739455898654349, -0.384286008847538, 3.071089540522479, 3.4459786056438455, 1.1649147871055188, -2.113228874181439, 0.05922330415918462, 2.4557774415833995, 1.4705217084597209, 2.181986843446688, 1.7029550663456754, 5.239071481181618, -3.943597048325411, 3.669824604923167, 3.727647259633753, 1.745113684957152, 2.7237667840527013, 4.551119227721031, 2.5129132216283936, 2.4411126829640084, 3.974136218797, 2.5161952543837747, -0.7099450082166592, 5.088211406955943, 3.45330759148596, 2.5197708736505966, 2.4143667283036887, 3.065450983018095, -2.810681571072823, 3.2024602194530636, 2.411814913057487, -2.826720402527824, 0.2384786279486318, -0.039906259057470916, -3.2393607343193396, 1.3325948199202904, 3.7885158066005737, 3.387382548366148, 4.724821233196855, 1.256803036068468, 3.2371343730839084, 0.3114858543560246, 3.7858028533946073, 2.95195243457444, 3.693829853379177, 2.35157693258027, 1.6464082724194573, 3.865033797436576, 1.1435951174852546, 2.4461541659863846, -0.006882308178899581, -2.612543399462277, -4.609404393690397, 1.1422836446011584, -0.8387666494976742, 2.7312840382473973, 3.9166286162122224, 3.737753942396269, 6.4226500067245675, 2.297503607484542, -1.1778907370362017, 4.230832966974432, 8.832841478068838, -0.1780643039694023, 2.873481933745875, 1.3985196969265834, -0.4727054658507542, 2.1045044644149233, -0.7344030310445014, -4.077164470218554, 0.06605429116990899, 1.9644092196641751, 1.0116208009033845, 1.1192735377073688, 2.3082309331460813, 4.054300426034199, 3.974127597905629, 1.9577498156317328, 4.381079936986276, 1.2088774630593364, 8.362187060275744, 3.615008858194124, 3.3305516185741872, -2.2570056027735665, 4.065215713370857, 2.6596877182839815, 3.8668168722353164, 2.8059487642103593, 3.0987782066770437, 1.5801119655219233, 2.4162779817110684, -4.182712572495616, 5.688873542853943, -3.4478825656938232, 3.781879320074217, 3.2313742176427835, -1.3755390386516284, -0.22153299880725924, 9.536739469227749, -3.8414704642185917, 4.952506684662181, 3.1839045343976022, 1.3619004597018383, 0.5250037423586456, -2.2887226819500066, -0.5061240003859945, 7.048877460404542, -0.6536543086020336, 2.912181209114375, 3.964900970303509, 3.489971785452324, 1.1470551526132007, 4.912713881722304, 5.381806874022475, 6.240425601839854, 1.7661791976721517, 5.169575114760788, 0.6471309514823664, 2.090327832560979, 1.9543088189514057, -0.7693681722757767, 0.04384445215796557, 3.3382967831485515, 2.4459816581579887, 4.670316620804236, 3.2028006568269594, 0.3212312705187441, 4.177626399638332, 2.8548844600054086, 2.153776367685223, -3.4247202243791666, 0.8424027203868174, 4.762193202114988, 1.0255369012837556, -0.42956489019520383, 3.6436719733931295, 0.5100460380465923, 3.6840786266739967, 2.0568283846700752, 3.0242326776164488, 3.024148348237042, 2.0963929905656955, 3.9684759479698495, 2.9036109431175983, 2.9721940861105733, 3.2750206462043874, 2.019222635675486, 3.0394844294605976, 1.867243026661662, 2.7701110835923592, 0.23784011736875849, 2.713800772741108, 3.876591572223403, 2.9697312608300748, 2.004832574109788, 0.6365017412133451, 3.0536151802946194, 2.7418539476583206, 2.7237851859452973, 3.8212107240109274, -3.6983472465708034, 1.3705265175505137, 1.5617098152192148, 1.4701601738196186, 1.7534933548235765, 2.73477161063543, 4.032472403947002, 3.405801321973509, 1.1488301907794587, 2.530072760042901, 2.8013168176693792, 0.27069241082528805, 1.8196372310559292, 2.2868032045614672, 4.1418809339608735, 2.515946902346966, 4.854491701875202, 0.9200114668473375, -0.5053881726570824, -2.7379612796450172, 1.7042240876889667, 3.0108331519825677, 3.3495424598844443, 2.466879018094531, 3.0147739817918446, 0.2442442819945206, 2.593706979430533, 0.9448158375365319, 3.497937017733471, 1.009375504719346, 4.285384994342807, 1.3454862867841133, -0.028641904849792114, 2.3111649429323013, 4.017507415770487, 2.603097363119877, 0.6358586854191692, 3.8667883436121264, -0.32202464918296064, 0.9192624013738621, 3.179082277863989, 2.618304348887972, -0.23522949392943415, 1.929263863192094, 5.132303914497526, 2.5925672355684584, 4.490478281290458, -1.514945146341116, 2.801330721791798, -4.528597330589582, 1.915294734665527, -0.1943648130080795, 3.1752251614829237, 0.16475131518146333, 1.1398554241944587, -1.8814834181135454, 3.530266073243487, -4.087342588214154, 3.2931825808089212, 0.8628241677652218, 2.839382207199281, 3.0024737416679574, -4.153274733915602, 3.33910131427699, 3.8609450059607293, 2.205927786163753, 3.5657637954886092, 2.344846194548549, 1.5353358923834852, 3.4780587042806865, 0.3142433905654114, 5.64901856153659, 0.17803039976386756, 2.2534275338822343, -1.4243306179845747, 2.7449717726798646, 3.38543065125727, 3.8079497237724556, 2.556148819802073, 3.3607505829425484, 3.5278746589110384, 1.8872983793060218, 2.257590504797307, 4.531060252629584, -2.3187560266695786, 1.4749318018203188, 3.653601278268275, 5.301121061314874, 3.725555075392024, 2.8417509308757642, -3.349512194723438, 4.502210085469019, 3.9182615861472687, 3.716920974098199, 3.4753813258433937, 2.1981601649553237, -1.2881028150666582, 3.6947981421573, 2.8852494940249445, 1.8419270850788112, 3.4126890624932016, 0.34854545687713917, 0.2724087099708622, 2.392946130146296, 2.7459756836191813, 1.7467604526680869, -3.7585254653830047, 4.017330826284466, 2.7421075083581483, 1.9884314181290494, 1.9124947884756673, 1.6317352233986455, 2.191654961656467, 2.85395890341651, 2.743373826281302, 4.0834304835037925, 0.17069556393687596, 2.5855618205406836, 1.5251875153275212, -0.019647852837960653, 0.8700420943922085, 4.5491941612992175, 3.210689992542486, 0.224967907876409, 4.556974981833322, 4.561503321065211, 2.730786530820293, -1.8575973875728158, 1.506517946705645, 1.1942409931781501, 0.9099266264030151, 1.826535985617742, 0.3282303831489236, 2.9276984710531404, 2.7338446491337076, 3.3957306036223196, 0.730353303652693, 8.363607645755021, 3.2915001233135235, 1.2863889919745566, -0.10917037236814928, 3.6136556078947493, 2.33281765851748, 2.8815081788665733, 1.0129502223867843, 5.575157516278611, -1.9358299207961824, -2.196042909253979, 2.8130168353771148, 2.84845572654488, 2.041818076938246, 2.119277460435366, 3.328294297748409, 2.4991750375293926, 3.862230833540469, 4.305967488472907, 2.098273008588018, 0.5888536678999509, 0.7772566103663733, 1.0042088056805425, 0.3057759067184801, 2.2726305896785846, 9.651552844169366, 2.997674833996803, -4.010844770644138, -2.225058981244651, 2.7608652591508327, 2.5675519179693325, 2.4770842794118395, 2.440826264525937, 7.50448005405789, 3.2055376984637656, 5.155735745274027, 2.2455682151401177, -2.0936559426221693, 4.965767015629884, 2.1833989660560986, 1.3391960023415408, 1.8859979248939744]}, {"header": {"parameterCategory": 2, "parameterNumber": 3, "lo1": 6.000198445256149, "la1": 58.999992894266676, "dx": 0.5, "dy": 0.25, "nx": 22, "ny": 24, "refTime": "2024-03-29T16:00:00.000Z"}, "data": [9.804871776087621, 6.249399042356144, 5.741571562507748, 8.184333868518884, 7.435385646894085, 4.028178699417947, 12.150637744295906, 5.879267201322866, 6.2104832044778435, 2.688287516631671, 5.050522003746268, 6.676942095253257, 4.1708903559601085, 9.964305227479343, 2.945004450492306, 5.318088434414028, 5.048290704273977, 3.48767539775575, 6.958522621332002, 6.349825719130432, 9.466765498583605, 5.225597252694243, 11.001254851971067, 6.208564093799315, 5.3243517739355095, 8.090893721698684, 4.684929496345165, 7.189604872319508, 9.40886336087135, 3.528111394703249, 12.859445544108462, 12.939321201117785, 4.823446319969336, 7.204274699150925, 11.264361949186474, 4.529944143139278, 12.837795874675201, 12.028481051487184, 3.1524256751737916, 5.845109999561102, 14.244453573619888, 3.556819091586492, 13.097119654835208, 3.14890888830224, 3.1833778468445875, 5.16607362293843, 13.15521134711469, 6.926988510314249, 7.226218888428344, 13.50326294211208, 8.595025591034199, 4.311467928394045, 7.325060876520434, 4.932369793013193, 3.3332734752512607, 11.784122933218294, 9.917312054915648, 4.229755534971557, 8.429787508223304, 7.368337695393126, 8.151874883262554, 6.198548789121135, 10.35075861642107, 9.996902413528046, 8.185819627300521, 13.419367343345034, 14.796976370945204, 12.413646612974043, 6.87369326829028, 6.554028267690232, 7.04043668839862, 13.427653853271543, 5.562180341182325, 13.490266641783688, 9.41339970348181, 13.314086980108618, 12.871337587018505, 4.529583983692044, 10.8067845632972, 10.651110778419183, 7.840923670707096, 5.711265425693583, 4.382054810769528, 6.3280525721471355, 5.231051868413226, 8.438876484350718, 8.92504827196696, 6.239654476228483, 9.135800443404403, 8.481952261757938, 4.187490623111894, 6.27724571360049, 13.443848718911932, 6.359901210278256, 4.550744068002681, 9.079124764872256, 5.1570964716250804, 7.359681003740902, 7.8815599979099416, 9.542367608151268, 10.201169017235099, 8.992911238567025, 9.627712642765864, 14.297197601115744, 5.415740338885425, 6.302000789431342, 7.510814439758927, 5.255262569800091, 12.422182598878871, 5.3582960837330535, 11.682502386649722, 4.855964960433102, 12.443821470420556, 13.948062226923899, 6.9935477185280295, 6.804721531574042, 8.086467031784982, 11.754971187165804, 5.749415013321133, 7.862148413448627, 6.57284317433363, 4.95891370382867, 12.309376886126737, 5.89010768351465, 11.577733847241932, 9.317084426060248, 11.069805577310168, 5.3369168350439145, 11.05199661656697, 9.968612787972098, 3.417767035111659, 4.9419576749438825, 5.989795075694884, 13.089884905088338, 3.7279163595673666, 13.239431682678958, 3.859287825241171, 7.436681065456035, 7.30975947247078, 5.37061959168966, 7.616790330773772, 7.035990567718742, 11.083471202402567, 7.008504191255406, 7.842592107378673, 5.609667467975524, 8.004666253377188, 9.00387142506678, 3.605950598048467, 5.051851369865501, 13.517324274491735, 9.422122691802041, 11.697013124132381, 10.781381880134452, 11.551896575977667, 6.544764518564396, 4.284165224609153, 6.074187706558551, 4.871694954776266, 4.503908733996562, 10.611089315832746, 6.745630685014942, 11.261434598743175, 6.12082465411177, 4.979153558901212, 3.6202577979592414, 4.946849764930238, 3.5966642738893557, 4.327252345178031, 4.768781989782689, 6.691009270788581, 7.581167953287042, 11.731301231081277, 9.90000330015009, 11.782755231290379, 6.815285050674218, 11.259964298472685, 5.796870305862611, 9.837261020760273, 12.20198099234207, 5.876932869046958, 5.754975030584304, 7.458308178454958, 4.77231153768632, 4.375648437169201, 7.048019829367396, 14.18399879058339, 5.8268958456663, 7.697349886109156, 6.067962931088825, 4.980533990968129, 7.195112077758466, 11.746862088225491, 6.095122200482268, 10.866459910814944, 11.814292029433593, 6.745771132573199, 3.156961759871769, 3.1340891377550437, 11.12552641963818, 12.501849354045476, 2.7141625511778495, 10.688886665576264, 12.354157629796806, 5.425727743788326, 5.568618467113155, 11.319896076744303, 9.934341995011117, 7.830441346281895, 10.995000516557976, 4.438845509894942, 10.964624072151754, 14.09438522821349, 14.4661913913517, 5.5584090280419876, 3.61057179792715, 5.5376110904587605, 4.066772174555969, 8.872141830247283, 5.412667718560669, 11.603848172266103, 4.3117066316759765, 5.172034147574121, 3.002311801903658, 6.571686002463188, 12.170711164599778, 8.792790652530266, 11.044718512177832, 4.9916370558728325, 13.191538163622221, 5.2415781562184955, 9.661281201962863, 2.642206334876237, 7.867984633741186, 4.63439136994093, 4.556340926736056, 13.026133010731261, 6.467909444038348, 5.958701421433855, 6.365510806339249, 4.54850402341905, 3.895191557343037, 5.812271532386226, 4.012465561879515, 3.7554663501680197, 8.830668996051434, 9.284370869973182, 8.795337641939273, 6.071328487060446, 4.972421181218586, 11.473282722519862, 9.579814416488421, 2.5749585701023916, 6.7517867695836875, 7.054306795447286, 10.385056571261705, 6.099276202122652, 4.793168508648848, 2.7040916244995676, 7.823805520829652, 6.5765098334959715, 5.059385184127303, 11.17027296093885, 6.020985692064478, 12.39257260976412, 12.430227145279398, 8.34636652885655, 8.06872067938461, 4.8043842222804605, 8.004718600538702, 10.366838594812592, 7.337776683813247, 2.9785592844753213, 7.425515321259862, 5.140311646909061, 10.757449506157016, 3.3564705405391, 6.7080509775201245, 5.593180374183754, 5.587384215415214, 5.406545400384633, 9.640833104176021, 7.986440856416775, 6.880763513527987, 10.937073741088193, 4.323338368002986, 4.899809667498861, 12.270122701485276, 4.8009470220602575, 4.199690573679714, 7.9429918870997485, 4.5899158600361805, 7.077967669686436, 4.148826986996171, 11.454264785196816, 10.033630340735671, 4.835438744207416, 4.838367956781857, 12.768710577409154, 8.045509559975468, 10.72381846924841, 14.328680021249244, 3.6772494130522877, 9.537008937817918, 4.715734445546972, 9.598183705389316, 5.982884377491517, 5.735228948697028, 6.5777134048161825, 4.546419583469021, 5.145551400603012, 6.510310046485587, 4.4552947297008005, 13.608559784925621, 7.947327760511142, 5.682132101164028, 8.412949466732659, 5.6824968512193825, 3.135620567400275, 6.803873117745283, 11.228316411732704, 8.124434834638318, 10.26171075747209, 11.918744166557824, 6.984145004377026, 8.42902349523922, 8.644407917107497, 6.5367810150684535, 8.123610234621804, 12.087414960863235, 2.9338469693901734, 12.589291333925997, 4.688629019040709, 4.945100264394063, 6.541576758821517, 6.300322890599591, 6.1908510330339706, 4.530756536993362, 6.8732267869929276, 5.703646737506993, 11.796490631331501, 5.786377071562357, 7.197436715966555, 5.41537413620901, 8.1481751967897, 11.973800326532398, 4.513718518037963, 12.015657109570311, 12.918387367229796, 3.1456403015238155, 4.057686800886752, 5.422863087659353, 8.551312714056545, 7.8347008442735575, 5.349091527918588, 7.24539642075785, 6.552769151051195, 3.8641437896167954, 5.4544487435892295, 4.920036408107344, 6.183236601810001, 5.308151129197304, 4.921969594040396, 9.826539626946357, 6.593492945998481, 12.651070733062804, 9.471337352235679, 4.084899030373651, 11.494193108356622, 6.22515916459179, 9.277780219651016, 7.972297148114403, 3.7207582356955933, 11.535171931172197, 6.186510613001735, 3.4596243689283317, 6.493911506788702, 11.95386481508989, 5.934836278054151, 10.069695472475576, 4.551876774854841, 6.52202682011666, 3.4704856054071715, 4.365215847433924, 7.528043119083834, 5.647389172484, 7.187050712204761, 6.7096312119387855, 10.567929249833554, 6.736817442510625, 9.322428745345311, 4.903899321553861, 5.021861717342974, 14.630875714987912, 4.667634655609394, 11.599941182687582, 12.436303783293793, 10.403125120479169, 10.897900365912031, 3.8758679892404353, 7.376626616684887, 11.111115029964239, 4.069991809415341, 7.346230080899834, 6.461267610674339, 9.60477265191262, 2.547185324311494, 12.302170249408235, 7.408459995279905, 4.1225551071675195, 6.646301847728158, 6.920343813373127, 5.266229717235605, 7.760347209230199, 3.444856349654778, 12.104188899931778, 4.07630242992133, 6.289971417494449, 13.863302465187267, 8.544722163528894, 8.889530665424664, 5.807407662193347, 12.436294767849155, 2.33347505832264, 4.843706159034535, 4.895885347968358, 10.633392946447579, 11.294269074990675, 12.064841181772849, 12.429488411512661, 4.365559972342586, 5.830396003215949, 8.549399740211776, 4.425485653293669, 5.845613273564928, 8.273750323130507, 13.610855935755955, 4.923243524438582, 13.067942328890394, 6.300095437519764, 8.992896642767825, 7.5445633637731975, 14.818332308344477, 5.04605008721682, 4.4303288313212175, 4.157364661345259, 7.876314468161462, 4.505838575672993, 4.9346709436160126, 8.251715574913346, 5.87917729225015, 7.329187670346155, 7.305204478650479, 7.626683465558489, 6.85621733375765, 2.5500669420275055, 9.359166671180825, 7.79948045887481, 4.673494958997446, 5.361823068599079, 8.453524753290255, 6.269623099213227, 4.15868749563413, 9.076638336879913, 13.19391543369104, 7.250238358475085, 3.554226594967886, 12.085954572076027, 10.204341358858796, 6.334432011539509, 5.077862152174216, 3.577019240610434, 4.243996895546472, 7.908053125186086, 10.103514472155396, 5.051764426336318, 3.85742657140117, 3.7972491822321177, 4.591029048583525, 4.2306274351378885, 4.13349492573221, 3.889591663542648, 7.576512113145295, 8.38559052172323, 12.12050279872088, 4.999737143068294, 10.38101744657829, 8.220544776718352, 6.664039321183667, 6.106665224700311, 6.838413130577737, 5.4176971589397835, 3.849056632611338, 7.437006415609716, 10.343084682072108, 5.567637632342037, 4.676064596414324, 8.611652076519977, 8.414471097523675, 6.806145400580097, 11.742592064017693, 4.715366964298715, 3.692739261059392, 8.479404441915104, 5.890623484347907, 5.577503550767583, 12.619055370086343, 7.1397719674147035, 4.293628318370722, 12.007035159752414, 3.05249529184687, 9.905809217837088, 10.784653202066021, 8.02484971457983, 12.425884433925644, 4.691620094646274, 5.844511761424412, 4.476879790420457, 4.386816901303942, 9.45676636168879, 3.7762510499324766, 10.047418062145718, 8.457609938984962, 4.597479292468366, 13.236515521106812, 13.393202672012928, 4.309718775346612, 6.147774728639292]}]