script/wind250m.json
{"header": {"parameterCategory": 2, "parameterNumber": 2, "lo1": 6.000198445256149, "la1": 58.999992894266676, "dx": 0.5, "dy": 0.25, "nx": 22, "ny": 24, "refTime": "2024-02-08T00:00:00.000Z"}, "data":
[rows 0 to 23 of 24, columns 0 to 21 of 22]
14.844820678751736,9.996216009608956,6.886155284798757,8.780195427352592,9.435252622233621,5.269151864699977,10.986120377457745,4.081251382683511,7.900290476528864,5.3918456897259475,-0.3793145247070481,8.608560356287834,7.514452101255198,-4.442661458593166,-0.9121005091015151,12.05254755526955,5.0293043292042094,8.1284080867489,3.2022809569985875,9.606170244758433,10.247562817473758,-5.327039636695356
-3.195283737638093,8.459299946056674,3.557180732282426,-5.65913952565849,6.298069120227241,8.28350979015484,12.878126215145668,7.2150140689205235,10.153575524074144,0.8839667836463908,8.95382235186128,6.932952346856521,5.729109507713913,6.322264709033235,-1.241007796649144,3.4400461669539455,6.416494474430718,11.184687089223797,12.469146515310907,14.107253480784692,9.308933574651032,4.943926483604561
8.267433154287588,6.65913955769622,4.521118527846804,10.186502119254476,15.147688833362535,-1.8123207409324584,-3.5726883550085655,2.3503117963485147,9.696679001218898,10.874452563688406,10.267745989061755,7.1275039541249035,6.782932053493123,6.85379477396991,14.074751944542554,3.614273405551505,7.581720301345088,7.261406267855509,7.341006056273289,5.543421847428311,-4.590632787072772,11.378491364442773
9.267525979577394,9.052734586243377,1.1370481985471161,8.092020695999942,10.027743881871595,7.210346135986567,7.168006204223412,6.958519274500225,8.19529005690189,9.462138658520283,7.712397160107163,-0.10989286566782369,1.4289127963675246,6.344499669048775,8.223954679699716,8.317663300908595,3.57218710615833,6.97483965788779,9.352737680135082,13.852712256685415,7.474177919169498,4.8795199707573875
11.727515011295749,10.09966707770844,4.6470919373179935,14.040390362931952,1.8972189988632309,4.7652825764785565,8.740561072525093,4.690348738089776,4.405403930563769,3.698575091234328,11.918701097955811,7.585091272184408,7.916541915141546,1.342993519710439,4.517142163892199,9.885368841032308,8.064291477390944,5.221699704922894,7.9754000649663785,3.551191098720569,5.093938670492945,6.217615889918214
10.378942780704866,10.073404646251976,2.3191025334696147,12.129909231994194,3.474307997464146,7.7471807795939,7.737359182749031,8.00073741469163,2.8282243413155626,11.282127168506266,15.3144666984408,9.592767997490458,6.7088901907171055,-6.553990781200136,-0.6133979988285202,0.020251757425511704,1.5584711179781656,8.674995722973257,10.560372541483275,2.528035521675519,13.335187553101786,3.8685869107713597
8.350563925225686,6.711752358042319,7.610890190844733,5.55324443832397,6.82565797030304,2.2204980338159763,7.232595442535233,8.371670253121962,7.43678288651339,6.765564939093608,4.590228691258063,1.9360097022331688,8.134518633774736,0.17081021080523734,5.302057202327944,5.358324551417307,6.631093639074301,6.130529095689696,6.12300361268852,6.575275432938351,10.80324433401419,8.01387488179149
6.405541191194295,-0.3477538787319551,5.134166207430444,13.019538440365585,16.073523459858553,9.812853087132543,4.741379304322642,8.17576651095679,6.767138569578885,5.251599177937695,4.808624947110167,7.201870578777873,12.30028973226068,5.401591177875833,9.707186477638604,7.582582830902059,12.51123791808842,8.388251802352737,3.6416213857833086,8.9801863570823,8.801954026659931,8.900583717881682
6.802503304625693,9.261576240465512,12.810210305397655,13.517682460235172,6.24462785052103,7.367900827656753,5.919676596585272,6.814277347464282,5.459338467323052,9.998834367472,10.476894594274627,11.403308554651503,12.650274889623383,11.523899443948338,-0.4425369154852347,6.684364502750484,6.821998378130617,10.744132523343678,7.610791564021631,10.845305029918473,13.162944072711266,10.419010581097192
-3.621872201644281,14.791076469152006,-2.7133341332035683,6.497334796130232,7.955928037967617,8.904358575085928,10.68722884080509,-0.9916522075809244,-0.3622448762657809,-3.344581610616995,4.39676639192586,10.880363040781583,2.0528404590816507,9.401451847463134,13.397313873266217,9.13608812906724,9.458557940241215,7.78451546252375,-0.47030827283939486,2.1285292524501163,4.105990051506785,5.719766627112955
4.567186044376649,-0.3365463907669245,11.790086887984732,7.7640250245118505,-3.7932274055863626,12.400249692158638,1.8410907850053024,2.4490910096992717,2.9811549133184907,5.221203863811616,13.363668509024004,7.256520380020011,7.166120100194675,6.07161943641639,4.214478056377889,5.641963595175859,13.423205755191098,3.181299975246766,8.72788341743064,7.8823429620052785,9.422910671077286,8.022118488259375
6.905888629439003,5.858052065307882,8.55887710473509,14.559303679616988,1.4179495619842335,11.790616784778129,7.732002757038605,-4.969976315555343,6.654717513462346,11.314513670432055,6.458260750675057,-2.297439257178788,3.183016496713975,9.882275134761299,12.281096936749885,1.00343988420594,6.841239143856814,0.25183648675110504,7.02998691330791,5.551200352954096,3.275911373339926,8.472862532622491
5.133371602004375,-3.854962080069291,7.767514568879081,7.119355338606299,1.5810656489809982,8.40347375183489,7.3872764930472155,6.76378205121382,9.927023166219062,7.852813680315393,-4.961591878391888,9.649656149302215,7.138531882615737,12.733092519355678,9.729647480455174,7.1027636596713,12.088840901835907,5.600887526834467,12.008921668348732,10.692275311745941,-5.102673999500473,11.798933868593222
12.278579181766212,8.49494827255888,4.069287115493234,5.4693055831359345,10.160446901149472,8.240933018204885,6.540368983077106,7.268325262818976,6.793693695772803,6.238230795779245,3.6264138860754374,4.896435448944784,8.149604092390648,7.288140178734727,8.827943182794419,2.9429096355140913,5.850801224592115,-0.3635082703993407,5.522711560893322,9.85173264995345,6.346955443948237,-0.4104989383403583
1.6602069566843867,-1.420693045989179,7.554478102303291,-2.8593023162704103,-0.47706617604521917,2.7808573272704593,7.146899597552291,13.204725387406649,10.257395842894976,-1.1705059834942138,14.765376495188981,4.44762845106155,6.659781201412516,9.448777891722067,2.918812993930414,-3.6695829748593027,6.863537310020832,2.2618417069505927,0.8299805585359267,3.6499452590098684,3.3007482608075494,-1.7709344616407585
11.599038996153602,8.62633558213395,6.760887530321579,5.892132321932132,9.614673478942393,3.2894144073352685,8.483255267858786,11.605252162188926,3.100462334757092,8.267063916737667,13.616709989482173,11.606288876607316,8.345367678185553,6.513258145018365,9.035349249408819,-5.019030965535555,2.01173588174317,13.941261864210803,2.1917161050794887,6.035990391024378,10.807708539135067,0.28660456348045416
6.650131809838855,10.888072870255055,8.28607495603761,3.522128630129585,-1.17843313408384,7.563288800534029,7.5101710245468425,11.206712075433195,12.34228407198358,4.211603105867676,-2.9802473515740564,5.5253000966103665,4.631384358069773,-0.702630119558709,0.5379163272326659,0.3541575798540766,-6.261381853040493,5.910089900708288,8.248094075296027,6.436657408953257,2.4343860005069295,8.404289169062032
13.873773193480666,7.886444758966216,7.295753992555135,9.68300029965848,7.427770903378659,2.9334077117233464,10.684994659684843,14.472338737383149,7.014811823217039,7.561186241648078,4.549743766864116,5.583283587370075,5.763266958647473,3.4891125152653806,5.127015678350037,7.567108192489048,13.4750335788399,8.975300315131438,-6.179685453551088,9.164700024560466,7.916938016101292,6.517268152293106
-0.4493063751159051,11.890287996203275,-5.961682327503309,9.296262455120958,8.031036084789717,12.183256522268428,4.465631963747184,-0.3836295470382815,8.494426852532651,14.675503042466596,7.337759249119895,7.488551911163893,4.896551538883254,7.445841168933669,12.588217476433284,10.836333181946229,6.0578059755736735,10.317926690319036,8.1078085675591,1.8343850850167112,8.326451930154153,5.477987567349009
10.464957950031462,9.808274093066522,10.000483528618282,12.25496256522082,7.24787916287109,11.341329118670306,10.296294792078633,10.89835288758992,-4.69855758969864,4.050528854030696,4.112250694937656,6.659641126951489,-3.5675003948469057,11.284712292105025,1.5842511497468845,9.527209617060464,14.508024610081932,12.104574175144577,3.206215597430875,14.078799811714996,8.031227687657845,8.17932908385917
11.25654145854912,11.39885021600719,8.178464631044804,4.190833078113244,-1.98634664769648,10.103177837564443,11.418473374202025,5.365712034097858,7.3159173160087185,10.413926454607331,-1.2843760752187203,3.2145601145393905,9.673071682007096,5.144268313371992,9.498605987209073,5.7465656568079435,11.426060125048478,2.7456460359447856,8.597593050559777,-4.267077923445215,0.0028838734219762355,7.9399618885061285
8.945188685810974,-4.000289421785607,12.495177834507057,-0.9015325096163539,4.239049659860386,12.026301699380426,8.08040277128492,-1.1070841763244768,6.999578215399188,4.112129556314554,6.923826113387714,11.606465459341086,-0.9133800005898859,4.367470711507314,12.311159468679643,3.8831024050617495,6.184013291753856,4.565549570241221,6.894296067059227,14.038165633515874,7.8207458796274745,4.582003142930278
12.18346826895108,-3.552336377172858,13.497080337230328,0.8609806470834814,14.834840427625661,8.917325013449295,-4.115309058184417,3.9825723873994456,-6.847100416910351,11.749717739647748,-2.171377581301211,14.47332398642109,7.2957367074465145,-1.372076133682085,10.035688503680017,9.357561942559084,9.40708980423964,10.710414359801835,6.429537245945757,7.502103216495674,5.773481667084631,6.565969649668501
8.15958684160356,7.780574082667801,-5.6104458581197925,6.026232300189331,8.013608033973345,9.446329060322856,8.15851465393536,6.866027344731373,12.831595591980442,0.26986165705185583,-0.17845034127326512,3.17332526933894,4.066740161272561,3.5818567978345306,-5.975433867564823,6.5019636862343875,6.3583189289953665,7.350567733655881,12.60136486356394,4.1598330813753215,3.8194721049625944,6.707974954833352
