script/wind100m.json
[{"header": {"parameterCategory": 2, "parameterNumber": 2, "lo1": 6.000198445256149, "la1": 58.999992894266676, "dx": 0.5, "dy": 0.25, "nx": 22, "ny": 24, "refTime": "2024-03-14T19:00:00.000Z"}, "data": [2.6363487793206093, 5.406228068305106, 5.778306421322883, 2.2075446304810074, 3.4022957503110582, 5.608807547772693, 7.258203000905511, 4.735316927691333, -1.067245447700459, 3.4553069566802113, 4.404901844182107, 6.515949999214699, 5.895080875763814, 10.05523784240671, 7.333297581336157, 4.094472976798285, 4.797434672745857, 9.90237088464945, 1.1352036390869291, 1.9184753763448592, 4.269464614173666, 2.8482962429984067, -0.646135005228665, 4.915212434796071, 4.126669483583388, 3.1837531666431493, 1.8451222418277957, 0.3068559830548202, 4.331985356732548, 2.339264122800414, 7.449835672625001, 7.157179314877716, -0.7794104367433454, 4.2617004480563345, 8.418199880801907, 3.670012873214572, 7.4134321844888795, 6.236888189696066, 1.459619331305287, 2.285986946248361, 2.357260507353483, 6.360714095180597, 5.36416064446822, 4.69837496162541, 5.75379743130201, 5.59593939531732, 7.29869293609572, 1.8936613687046917, -0.7667761342640147, 1.4978897275272436, 1.7618458836593371, 6.073074770217259, 1.8506298015817935, -0.12308907022231778, 3.3181934397758246, 3.2638274324001797, 5.484252616670167, 3.2591306392702744, 3.385988930963154, 6.178760876382831, 6.85913584698837, 4.850047164637043, 7.065040689013269, 8.119631436109362, 4.448884120858597, 8.107387693392972, 3.4405993266149104, 7.077903375983412, 8.189571673561064, 2.1226885919139216, 3.780323395643706, 6.511520389840405, 5.744761506091272, 6.27842021924321, 6.601351224729946, 6.363893980840735, 3.4180059714627435, 0.872172352400209, 6.338310145411331, 4.858794471810751, 3.239329185668999, 4.9726097172046835, 1.0143595758746946, 3.0134763947813967, 6.143657908857651, 3.7283884979343966, 1.0190863201015694, 5.278415182844986, 4.9122377024168475, 1.9803966697078337, 3.0643032474511807, 3.5334385529117327, 7.090293491682759, 7.405294846507175, 9.083022450676948, 1.7569761347559567, -0.6530098211685561, 5.795083191927686, 3.895029289592367, 9.385123999852054, 7.060406992451175, 1.0724028831158072, 10.406920917996656, 6.304399908723526, -1.004383302044909, 4.4574137653149295, 3.2943670230925894, 3.8519388189673465, 8.020094191539023, 4.6840275298302245, 9.187377120832748, 3.1332706112942694, 6.766235046782993, 6.164848062591106, 6.765475018657362, 3.599983043395796, 1.6693026210113344, 11.23060292977696, 5.461575317484193, 6.145744148272942, 4.980190829894092, 5.68053058674113, 4.97341778187578, -1.1083306638811925, 8.428474094106939, 5.256542418423624, 8.970362767550402, 10.450209124480143, 0.7139324241512761, 4.146862790990076, 0.8802853340773279, 5.638965246734694, 6.044615880166523, 6.890264809419542, 5.59257859032445, 6.6883095252258515, 4.913363317415685, 4.052814997394073, 4.708202207793657, 2.0902748930548762, 1.9928129086527548, 1.8364587052345192, 0.06399071345518638, 0.5887226710619734, 1.7371128510397846, 2.670305236280684, 8.901516696218039, 9.216797739396274, 6.44856387551253, 2.6156731721839144, 6.9402541233388195, 7.815879972107272, -2.30476052445146, 4.6126874500928965, 8.320592762434535, 5.117430530195356, 7.549936826885102, 5.099027846002635, 0.6246617862601932, 6.020498006284584, 6.702619963992497, 1.8746415328695063, 8.184164270199007, 4.377318843393621, 6.050182829068707, 2.992174852818954, 0.006960766150982837, 11.585987500991887, 4.69456787335713, 3.4159891633040296, 4.858274290350426, 0.39956379807008613, 7.036327242417546, 4.085731785305381, 6.331402171251652, 1.0363686367218028, 5.994531163795049, 3.6529491704842485, 8.617807896599114, 6.580900016067062, 4.499375914905686, 6.212189766812663, 1.884115922900046, 5.718372886603189, 0.1903756597285686, 2.094923401332193, 4.914261508752931, 4.120924040039808, 4.739894947320198, 4.472263181314341, 8.840232691487845, 5.540333857323322, 6.796973236109493, 0.9990931793535015, 8.057141239600307, 8.769412561209313, -1.0790883801852935, 1.9769829202429294, 6.674949425009758, 3.9654349843234167, 7.273094394824831, 4.879123446175246, 6.999262786127339, 8.267871986785675, 5.7120068321439605, 5.173705555448561, 6.663944007826735, 7.553669446445536, 3.0491434387361878, 6.930852218521199, 3.9242079259301774, 8.242837921041398, 6.5119857159147685, 6.306892265123391, 4.989661838940815, 6.286085285588369, -0.9814928795873877, 9.098959773285776, 5.527318958496097, -0.9617383399935684, -0.5870834734905857, 6.293035978762955, 5.102478374633968, 11.471109333276814, 5.525330489522462, 5.935670891085567, 5.763844968603514, 4.702482844135981, 0.5990761675852909, 6.500615207487077, 2.1689935924813004, 1.9152724272385646, 5.859655578827707, 4.609239658636761, 5.259441864730473, 6.314617394968811, 7.479588773240034, 5.127002979744843, 4.673341418596289, 2.522085569408344, 8.938927038652936, 5.451038773903519, 2.206191647567083, 4.346149521046177, 4.043810985715612, 4.9947157207220645, 6.233224736116898, 8.709928347444576, -1.2823871887291725, 3.371085546609366, 6.955648136266856, 9.268474716260082, 5.541144604242182, 3.97663014666881, -0.8077295935746898, 1.4661025434555888, 5.484623519617517, 3.6162745376144034, 5.186008129502575, 4.23177792845872, 9.545741570485918, 4.610790605668108, 10.43096973644664, 0.9282341960370194, 9.508068621675244, 7.1678102900338985, 4.720526295400383, 3.811905224804646, 1.5739579369750536, 10.734735917480439, 7.050202603545716, 1.0076071219121665, 11.293982645127004, 8.177991348645584, 1.0345864959168998, 6.953295762102394, 3.152195829119104, -1.0220925144189725, 2.8146027195495447, 6.502396724128043, 10.018567739566864, 7.710519917587503, 5.948239524750592, 5.36724149908019, 6.237001099058902, 5.8119461819224405, 4.928137043462458, 10.006637259142073, 11.169218178420188, -0.6704411963626064, 1.4283893662142462, 1.3146998868892035, 3.31412073610215, 5.788272593208689, 8.885843199603052, 7.205981621720157, 3.809261382385269, -0.9541626117552139, 6.837323529376132, 2.9400788608897717, 4.823361876885702, 6.525714812012864, 10.394268028498916, 4.5776185881652465, -0.7068542791901495, 2.743939800922417, 1.4392517776209006, 0.9109014924537675, 6.725810263977726, 2.50693234925274, 2.4470576398560633, 5.188788278849979, 6.355922255131972, 5.491250068319961, 1.4487365553038822, 0.7578497881886396, 6.021105414666932, 4.413187595408592, 5.913434050013913, 11.119317756823891, 9.00346030567719, 6.258017130205579, 4.378724745236061, 8.394852108514467, 3.1549823179346954, 2.541931633037302, 7.064529586099319, 6.126113893762338, 5.414786638512825, 6.297087780146502, 5.611736262024884, 7.014865211072003, 3.5922013827857366, 5.268930064319675, 5.124838322672315, 5.987263587022216, 4.519716042997471, 6.021338037602824, 4.947350220300142, -1.3213634937534662, 7.047646690449303, 5.0965927469496926, 2.0317616854947294, 11.029686140305879, 2.3058924739087168, 6.517015500761664, -0.14697830204616535, 6.495549471171738, 7.529243934173773, 5.008894877545283, 3.5827068197047502, 4.898779911587191, 5.299769213421875, 4.061040341668379, 0.07979471196989317, 5.643237225043174, 6.4492426803892835, 5.978563015074365, 2.809931636144869, 3.6174625674836105, 3.109879065221534, 8.608135769604045, 5.592959674460567, 6.794460819533943, 1.2279816920956892, 7.506089377257006, 1.8827214545693196, 4.026371438844017, -0.6912803538103397, 5.1147485226625475, 6.878566825084651, 0.5730583047043535, 5.334423842807173, 6.623088939480376, 1.447145215643895, 4.090090729044866, 1.984554293597219, 7.38034817876626, 0.21728428928340934, 7.831607672740823, -0.6059426773819788, 3.390102454854181, 6.126902211552654, 5.963989576881826, -0.1632360616176793, -0.8504726730346696, 6.870580881898068, 7.367831948888935, 3.5288798238141292, 6.387231912981569, 1.1258889249171644, 2.446194512092631, 0.4939871353215067, 4.416018868003155, 6.3337698656835295, 7.395621619204363, -0.842709260416462, 7.651505138808329, -0.29078196176388593, 3.43082231494059, 3.5137405553476295, 4.919085277110307, 5.253227636371373, 3.3248006846691562, 5.714142722424671, 3.715685925979362, 4.661438171942383, 8.151668871191827, 4.376029908544269, 5.811925997408728, -0.5744315892589786, 9.84233426421214, 6.7161498077428785, 5.906956471283166, 6.323670512663134, 7.36158914119727, 0.39216391033165204, 5.338430493445107, 2.1359609297043733, 5.055557668866364, 7.6753739170782085, 1.9606595559311764, 5.831931407184301, 6.439555715968293, 5.808850491823834, 0.10870546105951068, 8.00390044744519, 6.99956649198284, 7.089759280650694, 6.25070866224105, 6.00097447935117, 4.669944474075291, 3.4347686397568835, 7.684586394255646, 5.231269519784013, 1.756970751278542, 6.839744232823905, 1.4453954327614724, 6.889511394439873, 6.120659507722227, 6.91613330966942, 9.183128026767417, 3.345987028000828, 1.5765394607266723, 4.760074301988043, 5.989422197238666, 2.5778201629819386, 3.496511184447715, 0.6121226772756945, 1.4412147206519064, 0.3688721027028443, 0.8865625151362793, 0.7953573542508955, 1.832626608681319, 2.7054524344835595, 11.051521251630342, 6.2742392275162695, 7.504221846004259, 1.7046851213882053, 5.447801465560273, 2.9848411741161476, 5.337364551418339, 6.062188417319915, 7.667853032034872, 6.587166355736951, 0.9387179749237899, 3.301006727038698, 5.102607358582297, 8.949290212463074, 1.7092547523070678, 7.034037789002994, 5.707967901910773, 4.851021386228618, 5.068199042054143, 3.658903045571629, -0.703233003413366, 10.696010728236223, 2.206665819122377, 5.049873503528813, 5.939288345833743, 0.8643399379592731, 3.6131642936052235, 2.0131299220944467, 4.331005062934355, 10.92361213092505, 4.668172126597863, 7.634494192492931, 5.562488202114041, 0.7947960931597209, 3.552957035469103, 3.0887724173766475, 4.956529371643485, 4.395379578408505, 1.6160695312934683, 8.586997073775084, 5.458348754806957, 7.801043951122614, 3.716664434364894, 4.923920072147231, 1.2335404926214495, 6.961380439872391, 4.6992512358360665, 6.254099344445428, 3.3859998398273685, 6.018381337515674, 5.8519131726025595, 0.36082764860650507, 7.580023634429264, 5.2582657457694975, 7.97492750289617, 7.54539711705268, 11.359208007627421, 9.26689343675583, 7.501450640339924, 7.673382826145347, 6.278691229241778, 3.4108164367026177, 4.120994265566392, 5.340200382173613, 11.62102520091921, 2.495223568176035, 5.359859296793711, 4.449118980069606, 6.230218440986207, 6.898360455299919, 5.9746176069431485, -0.6519956222433168, 1.1177966404866426]}, {"header": {"parameterCategory": 2, "parameterNumber": 3, "lo1": 6.000198445256149, "la1": 58.999992894266676, "dx": 0.5, "dy": 0.25, "nx": 22, "ny": 24, "refTime": "2024-03-14T19:00:00.000Z"}, "data": [3.4455423276897172, 5.763238223508591, 7.008156563738259, 12.48874134562883, 14.313413227869821, 6.434363652060156, 12.03250441997847, 4.814045621115119, 7.6652505572175675, 5.675464139911944, 5.657797797532675, 9.075941864504347, 5.250442563631921, 9.32400593846894, 5.823929841234416, 5.162997711851448, 5.83919290706857, 11.688265752225835, 7.688708371913559, 6.5942230188775675, 11.516201453040928, 7.515926151767163, 5.006571793168871, 5.464872760132667, 5.367886923950185, 10.699469402873724, 9.79401909789986, 10.36013226240086, 13.774722151039247, 8.078899700636565, 10.827975785519453, 10.78360292960339, 8.365067036687307, 7.0499778820544385, 6.95872350070939, 7.368823411026035, 7.4745105799657745, 9.909461564255023, 6.882909973665567, 5.917463022497886, 4.776742611644717, 5.876254610729342, 6.871296311800505, 6.128981586391981, 4.711053421183761, 5.486858102972903, 10.226576891605575, 7.753640256224411, 7.968421150942336, 4.10803179432172, 6.984816800967612, 5.249171852553383, 6.750894483279028, 7.684351286502372, 6.13658776484703, 3.1514050272890355, 10.84758408849692, 4.513293041017065, 2.2657702980733068, 5.416162027954739, 10.809304707798036, 6.435621515134285, 11.13120958733186, 8.33768265262282, 6.87014784006703, 10.478802289024621, 5.828277744337643, 7.130397083973474, 8.288740694396969, 6.5501256669326455, 4.90547086464809, 10.038299191129703, 7.149530504171315, 9.639239864977526, 11.12516234601365, 7.724968021818693, 5.987347410026953, 8.531320302073922, 13.649653161525354, 10.1166983833913, 8.70353353678892, 6.160012910866583, 8.227823811243143, 5.520801506602219, 7.826945397977874, 8.168600182085658, 7.267905213951171, 7.591196227906927, 9.174728824610437, 2.776748290701375, 5.314375584551913, 2.310152871767313, 10.989814735086556, 7.8385492240746055, 8.765801251297594, 7.999906390298914, 7.3415582624665445, 9.625742085242086, 11.135204961650068, 8.845201074433618, 9.82929361520557, 2.56116722068764, 9.293985372964157, 11.430413647443467, 7.160644282922112, 7.160763250469462, 10.50797048322713, 5.287365826823751, 11.242684988013925, 7.906725473099881, 9.798998917300377, 7.803766342604866, 9.866698831633915, 8.077531281266765, 7.469569647210426, 12.5061668366899, 7.82245258879989, 9.614120404471466, 6.409762207077251, 10.013000824080349, 5.694977773835237, 6.619973302692927, 5.242170018434638, 8.506366254516282, 10.21861608558057, 8.069768735239998, 7.739416625002505, 8.182321860997511, 3.5372031523626695, 8.02250997857231, 7.635233738657959, 7.064352057689697, 3.550773448128102, 6.311046927600499, 6.741461491443203, 11.36403574366516, 9.973274319116776, 2.316666061574409, 7.943566346134701, 12.997679378329066, 8.653609726339912, 6.6948087099402755, 2.1120616383978663, 7.726547457409639, 7.613274177403124, 9.512146409354752, 8.426410777817374, 11.065640080819636, 4.589297124580424, 6.863661910280533, 11.035080363966067, 9.620190449284998, 3.8169270095856813, 11.903433939410123, 7.748196157232969, 6.22793615433514, 7.095119066109168, 7.35511179773834, 8.565799981576232, 5.668757329980602, 13.487672226038576, 6.460486725146275, 11.857040263300211, 5.064271193095113, 6.289664793377823, 9.213148926376848, 8.87016433287174, 9.19288279855718, 5.111718567349221, 6.320317078501129, 6.694038083761716, 9.575787499359034, 13.380420779808182, 2.915819297514568, 9.50442265527252, 6.151257824651117, 6.228712250557417, 1.5281944550931943, 9.062244352361411, 9.954737784374313, 4.776462327333306, 8.140822053333393, 6.951391400125756, 5.627879320143992, 7.618424789750089, 2.427164871293073, 7.1432203420072105, 4.928887830242019, 7.149579803931253, 6.504305784494543, 7.086891955868252, 6.049380860975734, 6.9717090870908685, 7.647222155238956, 10.478915416240033, 10.697897177635245, 7.53891779785988, 8.265006904467285, 5.041001730575304, 13.42797783281335, 13.291593531087397, 7.079317561461402, 9.45771372473254, 9.278979708057555, 6.2490827722478945, 8.27980230492229, 6.723818634951676, 13.620512201820194, 8.138629193094875, 9.19434249405423, 5.786311249696755, 9.689246432796843, 10.972722022943529, 11.27119509631318, 6.885985940312328, 5.881364396382794, 7.36200724290581, 10.620013026347623, 5.920215675583082, 8.178417052776343, 4.019010327320316, 7.229711248662774, 7.740554831306921, 9.67387072329634, 6.2908353973519135, 7.467383335898961, 13.316545063637006, 5.65845641960595, 7.542141312445308, 7.969302358165133, 5.172255989771405, 8.17069573733536, 6.614410865091748, 7.45622486512297, 4.743765491964893, 7.418881229180987, 10.389776977122905, 7.397369348896796, 4.966691436050107, 7.126211755949204, 10.670323867107049, 6.818658522197986, 2.297329428125837, 6.2832114404764345, 7.647410251483525, 11.617052159187976, 13.642918983615807, 11.788704720890514, 8.431415170861452, 7.355003381988419, 7.20008416773764, 9.07226458012915, 4.4586055363389026, 4.908658764391534, 8.146388067989594, 2.508082296174916, 5.581482013405643, 5.222463643273588, 7.410139913036565, 7.087220236621249, 8.294719294269607, 7.315075032445449, 9.513016476212401, 11.100016281481052, 7.662559223742014, 11.862428480149877, 13.854905495359896, 8.27470356681455, 10.97242122307224, 8.948162049218498, 10.878440179402117, 7.236461554226832, 9.455961666335474, 8.569534107881204, 8.256598760818664, 9.26538271276665, 9.150333093713002, 7.671241234933138, 6.264783546844708, 7.080162503952496, 9.953704898579334, 9.91538828655795, 7.935456104208631, 10.30537802090922, 9.217681015012552, 5.932417273795054, 5.863163870086979, 9.991461927169276, 9.467910141825474, 8.166096822156321, 7.525349209330235, 9.057233349689852, 13.955413960676081, 7.768651072550225, 8.208816585969267, 9.739350490105188, 5.604036767383204, 8.126251455825036, 11.639540791516305, 7.991241607698674, 10.034118283813063, 10.9533121512267, 10.721053311980123, 9.229973632419043, 8.338394370809166, 8.977159816265814, 9.842123358297865, 7.435763076253031, 2.8923985640599637, 5.037446784787503, 11.551770258421312, 5.856358397930294, 5.4230550124544905, 8.502281362581686, 7.3394192567874015, 7.581816180191944, 12.533256311800642, 6.591560282019262, 4.685652990567274, 9.333407052275888, 7.780875931144321, 8.819529984317331, 9.205668527453813, 10.781476316286621, 9.31202045361017, 2.4203760840398094, 10.645546852223559, 6.622446331087394, 7.896034414331683, 9.781986962077388, 4.332484202155298, 10.169819835344011, 7.618037858427207, 5.291818726950665, 8.074132890361707, 7.225027191271234, 5.40560817438609, 6.16641084558891, 6.567679739432849, 7.809428904128359, 13.231818321945534, 7.334342998592709, 6.947420087204832, 9.167272814707395, 6.727667412787248, 9.561198123865204, 7.773090834233784, 8.543578618841176, 10.483738537049343, 4.404615901907335, 7.432091146512106, 8.331532966199847, 2.6377000047401533, 12.743149860312748, 9.313062404659524, 7.330383318341444, 7.775363240189093, 7.416324962201813, 7.615610510877826, 8.38852370515027, 13.037388306872185, 7.10587701923244, 6.348314943126544, 8.944059788480647, 11.663729269978935, 13.127800381184592, 2.781496891055164, 6.181158334552209, 3.7643307514183597, 8.301175003710766, 13.482473443258307, 6.57835140099207, 5.625422648459899, 10.349522601289507, 1.3514704367031778, 7.022583445321587, 8.477758757962695, 13.131494115850161, 6.909477499049153, 5.714580671746983, 7.857232553505218, 6.472056615031857, 5.951808718648639, 6.120595841348648, 8.356769729759284, 8.444536854022205, 9.613142230685252, 9.80376249107369, 3.8016999098370006, 7.450286469655558, 7.111351509093327, 5.105394643356065, 7.735425274554187, 7.498786821602068, 7.028228201476891, 9.711478497709768, 3.626740774873683, 13.743108026378046, 2.727525346101679, 7.768557151929445, 2.8529652366849523, 10.07293737416072, 6.449791895895524, 13.56164833526971, 11.171121141106731, 9.58102377545479, 6.936952142310306, 11.012631564217065, 5.653652579335641, 4.411648581685248, 8.034194555790918, 9.746648869220639, 6.723418449301529, 8.309499946491949, 5.649641084788226, 12.702913769104253, 7.439018380433757, 7.249726500877302, 3.658643698900421, 7.079045197205156, 5.029234081523527, 12.389287070136627, 7.348357966714759, 4.96410792806158, 7.580229133844946, 8.421114140851605, 11.018122248643191, 10.927115206646839, 10.693346615200593, 6.444251215731859, 5.2658597704344325, 5.366879192999791, 7.63444443027753, 7.135094782791875, 7.495537557655979, 7.597582122374705, 10.464695275120006, 8.374153577730707, 10.078200075177389, 6.624191489781676, 6.130453958094394, 7.5654666377974245, 6.393238525069275, 7.46076966706875, 6.850048011373184, 5.175737578989894, 7.660711996901571, 5.849929117960698, 8.85951712436293, 7.009956621710985, 7.412517698918646, 6.056300222853667, 8.520934341745365, 7.3415189706086235, 13.965814415242702, 10.228859337098354, 10.65120076552849, 8.191223177117235, 11.45399210871918, 6.373808451106484, 13.522441686378016, 7.360461801628391, 5.952916387357971, 11.18931007724751, 9.995108346585392, 6.2719093438898215, 8.562159873092114, 7.323720766147233, 10.171828135460656, 11.813171731296883, 8.154484592703437, 5.483260820776738, 8.100661429651453, 8.600382099802426, 10.041385794950353, 7.753897831043935, 9.738811788963103, 8.400828718855848, 7.148614234591598, 5.346556551668004, 8.236863685531215, 4.782380921755116, 7.962081671332857, 12.059115729649836, 9.308561376054469, 5.660230200983524, 8.069047255529222, 9.26035764104867, 6.423719830866828, 5.360110111301486, 9.959466968391876, 5.8452713932879075, 7.751119470125165, 7.193738005736646, 11.995740638281827, 8.257688922539568, 10.9655148919666, 9.639730983721046, 10.781639207049167, 9.169986470186371, 12.3257432529704, 7.824776230218993, 5.716532366429074, 8.183739955415644, 6.390620454419797, 6.165055893383904, 4.946797384785778, 8.137247169161855, 6.845800068801127, 10.01091350965331, 5.5688438629027885, 10.840389128833474, 9.101199983174984, 9.351236081112827, 7.720224343882243, 6.741186287456802, 2.2757009420655523, 5.475153952918192, 5.699008930131855, 10.443893327036324, 7.907360791487456, 9.975529310228463, 13.568004017545574, 7.327099764594826, 10.452199879496234, 6.754426077230949, 7.9227265573090415, 8.135995233170522]}]