script/wind100m.json
{"header": {"parameterCategory": 2, "parameterNumber": 3, "lo1": 3.000054539987559, "la1": 64.9999836372058, "dx": 0.5, "dy": 0.25, "nx": 34, "ny": 52, "refTime": "2026-03-05T23:00:00.000Z"}, "data":
[rows 0 to 24 of 52, columns 0 to 33 of 34]
0.07129205642554236,-0.5196681889298453,-0.7206951650509296,-1.2605179122242678,-1.8385302715744594,-1.8021447041122116,-2.1204715265017375,1.3694231349500392,6.850133852735726,8.573217589753499,10.042216510707998,12.030505112197035,11.747853344855859,10.809428888662035,9.713067926475809,9.22879050707268,9.813673940217143,10.58673344967726,7.931160583426116,14.855756014863486,5.937073212373473,7.018013653459127,4.835815916957814,6.247903134856436,6.175042377583146,2.919274833659484,6.405930775844781,6.442015565909752,6.802912206075889,3.367469849568963,2.82179191323368,2.394286687417162,2.5893393368725928,2.6103464395608724
0.3306383474952302,-0.39466606820309935,-0.7221675956417452,-0.8957718090640627,-1.5207083606165555,-1.7818043710340268,-0.8267618141712815,3.467677485611571,6.611028647344233,7.206674005070145,9.773522056209519,12.126607962687512,11.284823365966595,10.128952988712314,9.106569472919102,9.716405222349715,11.128273410866747,8.198106632495241,11.128468056655601,9.218339312849094,5.248350447615642,5.767356855462719,3.826872260145852,4.375946996795042,0.8894583489163598,1.6086849709767261,6.085886122039121,2.851155890278,6.352045739275206,6.631044299305125,3.808930417677874,3.4139897305859006,3.375977082070836,2.119241266977882
0.5079352468752013,0.14454743868786576,-0.4314628900667577,-0.8623450197830758,-1.3711360716876402,-1.4191274931334588,1.3430814219498872,3.6178626927098176,6.238381203397542,8.553779847509116,11.991919601913287,11.546026663125152,10.13952003603905,9.185080446497025,8.625634257344526,10.850012636687683,6.305436828024642,8.294847925433372,0.1391718097910717,7.431612428835222,5.297481267890654,5.248958193184819,2.9400900918000046,2.938786589025918,2.390760987703144,2.3048700797933788,3.525186541115401,7.554483590097683,5.1009841322275635,4.049366222301777,4.877573528853252,3.2444844240256447,1.6299289955009115,2.0890217356483674
0.6244327672537642,0.112341607042354,-0.7068288797860796,-0.7600444653494192,-1.1258932459688429,-0.4426385361277717,2.062688873261677,4.742756600237634,5.240439377501409,10.96142829794221,11.56277278774642,10.091382029037854,8.648692227618158,8.095793111087078,8.692819806534377,6.901501268150879,4.102508148433604,11.53015286509416,8.505763140116777,0.6061449782484849,10.164385385993835,6.198796704906997,0.7926058169268345,1.8885803307063982,-0.12274545662367044,3.5125436491787263,3.508437290524726,4.7381093126955784,4.268174425066032,4.510805221042265,1.4691143123384096,2.908998729218225,1.750468579673917,1.4553306993106603
0.6555973391889308,-0.10755520195486357,-0.7138868533941647,-0.8470114133078206,-1.0838641215586098,0.2485380117437724,3.699651443894729,4.90252345166677,8.209446627954541,11.40980457438617,9.978792112718747,8.817677705925778,7.60430386057485,7.061222194002573,6.20943961980759,2.017431042745302,9.022754258618141,-0.22131547911073285,2.588984133070842,6.322061058517271,6.20038889959871,3.7050835363134746,0.08717920554266552,1.805509957782682,3.3432141564885973,2.8715824998968222,5.361711843058215,4.110061821508173,4.354916991611948,4.114442405496372,2.371139062688196,1.4537724354283876,1.283012530537165,0.4398113620694772
0.4287346785403428,-0.12781921626240622,-0.841786424289138,-1.0254262064974904,-1.1951907018436732,1.2277021096095952,4.207522596265093,5.977583576779516,10.854001020380894,10.139958198783024,9.121239895747548,7.89144159427884,6.101414793879757,5.112049388361188,1.9552466099913748,4.675376709087848,1.7394182262149176,2.019764595046643,7.208720380792873,4.813781385178313,2.6619610601754062,-1.7162163767971814,-0.37286954669945593,1.8356268124973734,2.7956047429422353,1.8042717231571213,2.4700417644931187,3.681475106687925,3.588781611691563,2.4346093900369947,2.332401694965637,1.6441551330972817,1.6467217248788233,-0.5008638821180992
0.6383198439088175,-0.32903941484881444,-0.7048541226908231,-1.2859929239218124,-0.476606535468695,2.137590681731151,2.9373562317686033,10.807613631469469,11.151062647533436,9.701235412276612,8.612896622572853,4.870503977114245,3.5865978439076525,0.5582440799802176,1.1086576145619875,1.0203975464066724,1.9538731637330007,7.559164417522366,6.331174678202612,4.697848236307141,3.094377150877693,-2.1662906248356135,-1.7334952346137813,0.9762435626443715,1.017920132946778,4.569232580798061,7.383381819239671,3.777589698237453,4.235607419589769,3.5208525682124026,1.6771386444817955,1.8155339091732652,0.6309293752264598,2.2996389114244096
0.4268899753164318,-0.25862259824258177,-1.4080242214553509,-1.5016204918185252,-0.30204920389455675,2.6790046949081705,8.359444751794786,12.311239864716013,10.460661049552824,8.516745099421996,5.354259211788063,-0.8987746353402806,-1.192759307915576,2.2150790601188635,4.74735193846035,7.812520037505107,-0.28583143713722187,6.099464132841252,5.3137111897509826,5.073476529521416,-1.3749536865606111,0.5630911468064199,-0.4368058068995526,2.4273968478505425,-0.31209857629325793,2.773026690072792,3.0403779529178068,5.277736813719927,2.457542812076749,1.0855109167024652,3.0244591611656784,1.7908254780684598,2.5450127530719246,2.618485200959505
-0.09358678982296643,-0.611037529107836,-1.6309873370476535,-1.5319728572671059,1.2840182619616858,2.1162832480694758,13.137217511660015,12.46156495264316,8.661615299131283,3.7508055558686912,-1.231105829376693,-0.2858183456463432,2.1313562633857432,6.318809306431938,8.729420631508543,1.1853846410161346,6.428050943874654,6.697483089730874,8.327807636352548,2.67227381099973,-2.1252031006075667,-3.0117851287683512,-2.471097047143944,2.517241008141057,3.725692777347702,4.936596803031229,4.19785811080614,1.6193344397827119,3.2983609686486743,1.6779811068858748,2.1600406456000085,2.899181016325881,3.650392839864183,4.054227330186078
-0.4280047208822995,-1.1144440177878787,-1.7810425203940674,-1.0286018137159638,0.5133328514994983,14.311306540536691,12.906234537971422,6.846191395284734,2.41484353746586,2.1065196877536962,1.881407513120164,4.269815804789599,9.358932834395018,7.944470902559627,7.875395992791582,9.547005880615043,7.490270914449256,4.586518355862787,2.1619732881377773,-0.9279056096331023,0.042658913752039826,1.5714185530749554,-0.8977758533793602,4.469866942619364,2.7335129717010496,2.199896830492806,3.546423467455368,2.4162327757883006,2.0129281886468755,0.7290160332835116,3.435523653442169,4.42402916862924,5.689015372633386,5.143326101950004
-0.6750450717729517,-1.5228316194151927,-2.0176438111324027,-1.0866952592162813,12.400103936619638,12.61135803919925,5.693080505515278,3.3929902051663072,7.256429476708025,5.5238213458801715,16.220862400169867,9.030531362401156,8.639016290484594,7.993503898602774,6.832309839552568,4.302555781814309,6.875790347244488,1.8525519624650386,0.03088440354739844,-1.0264784744512596,1.027972679834674,-0.1404216725046348,1.6745586483136659,1.7400566487501972,1.6584329292252584,4.0257319001112535,1.6201496329411436,1.6238357911217598,1.2638437082456024,2.1063046401687378,3.202954353518388,4.81976136775811,5.2224521836242035,4.999693837122863
-1.5702484341013627,-2.2171083104657257,-2.5297631211453147,1.2482405682671103,15.221330520905601,8.75576978034232,9.703763535595195,5.39784476570887,7.637683685996629,12.772718522622172,3.2906057274836553,5.606773142305136,7.119903910064101,4.044341742228771,4.364543376181126,3.9396778827957246,6.367873548285949,2.0170866661990687,6.44426923026758,1.8859580390920776,5.272155186937017,-1.020761708749684,-0.11875292902771588,2.972808506443115,3.281281612301611,1.5548939906354675,2.3675015536948587,2.564828213218873,3.1455275425085607,1.9461524653483415,4.619681034486875,5.474364906720044,6.348995930217816,6.065943233895794
-2.5570069751790148,-3.1395900617471293,-2.917180779854656,12.218845097193265,13.209323781851396,10.184347413560873,6.700448326973276,5.467333169986797,10.318466941850744,12.412977475265642,7.403957587453805,8.982928125553876,4.0604587266808725,4.570165068981655,1.777633285530863,4.809365719082731,6.080966587715098,4.411877766269944,2.4788108998445733,-0.2990674922774919,1.0968255246488283,0.9933131458936524,1.7546105884818675,0.4683850745671667,1.7505947191492401,0.6111198115424329,2.7380885111473754,0.9450578493171946,1.689190282182268,2.711385949070099,4.139701954438163,4.403856066813707,4.331744536915852,6.396703856171626
-3.052327664266392,-3.5902481698667414,8.519976819161808,12.840725528710509,12.433211825550728,13.695255676349303,11.040319230700748,8.536632960019285,14.869832040677874,12.011381565901525,13.360582025958982,9.458095734141061,0.776939277180576,-0.008898010487663813,4.093681552712862,0.8707940972038426,4.0128865427005245,-1.409563723505666,2.304216116850503,6.342419334669912,0.4593125410498416,2.5728171221933733,2.9802649980987774,2.446361551290335,0.03404340863027395,4.273177674710004,3.544344904408273,3.508635913348167,0.3743874905837613,1.6408481272509379,2.7357317865032296,4.567434195310569,3.9173462786564373,5.179772407990584
-1.0507022253353206,0.00833890815582602,10.039708512489792,13.017123181874599,12.39800221782986,4.952184808889435,5.34588137288643,13.455067276415221,3.471496881054626,6.389480512432041,3.1222078185641333,1.4896179557632436,3.618033095606137,7.279344623287847,4.747406730475878,5.895906856553467,4.729456364976269,3.3246087489444287,4.794505292288236,0.59421248670798,1.371707246856029,3.680398576185665,0.03751999342239926,1.320116094676342,1.6822461329880396,2.4743619610144343,1.700552977157871,2.595064489683793,1.3631647939494282,1.1940138740674453,1.785484098992893,3.6801361645096584,3.0074988535363896,3.8250713937928777
-0.735842855770399,6.750070202199169,9.72015250219454,11.254761255774236,9.482517770400442,5.5849031336215855,7.6076238636098,0.35080287191558507,2.1926198206816543,3.1515277861174154,-0.2658354146720363,3.332286363024755,1.0373750714767556,3.600326113600508,-0.8926836737713931,2.237776582169797,2.681443679162257,2.211101469843665,2.7335147789355814,0.7582529576337265,3.791645227525304,0.14388530990054452,-0.026717311146956288,0.24817765125993818,4.053219650786931,2.9968562998807386,4.767730175923807,0.15514860651899873,0.11781381259310983,2.8084188660478464,1.3287797152703,2.1746207397482604,1.405449730113105,2.8172474535581458
-1.061853008819612,8.748242198714644,9.941905166824139,12.867712027526,7.48286237018582,11.607210805933875,12.066751581957485,12.699732728720823,3.9286264473137917,7.542932287561202,4.6097242881751805,1.929301259453699,6.653095699510015,1.0085126381085374,0.08541421339554416,0.9332301308077792,3.5171642743021643,5.349490080186966,1.760213976750929,2.3336181764540065,0.3929265562085097,0.8194919191403259,1.6829126463849091,2.463320965838225,2.83870310003346,2.80826253755343,0.4938489301230296,-0.8894039638007566,-0.507783833241302,0.7480344961641282,1.521412660515029,1.299550393633675,0.9738887697232048,1.0204243613508268
6.7374289261210185,8.574270048150384,9.09656643891707,13.10685696753541,6.433056870811737,8.01038531437994,8.130473976605193,7.813414902206985,10.322507881241581,7.187724010236848,-0.5868387057766538,0.1491982078590446,4.633160578967492,3.861021646444768,3.6566636540268913,4.848817600008183,0.12370895044757595,4.096821035579426,1.312745557343013,1.6006984344258604,1.512845253469306,0.49253984104436693,3.3145166840843006,2.167518801663355,2.4483842342889672,-0.20087651317276128,-0.5026012309093094,-1.0582081850946474,0.3292740565856405,2.6583907882312103,1.2727673978005136,1.713582761546333,0.8195149836025646,0.8153205001035797
6.836537966008511,8.243136295156468,11.921478141867757,13.390729912615797,9.268668346988122,7.055427593172585,9.532471408973096,4.689207258926372,1.0625416800315006,4.481401425807965,1.1753385700690142,0.5028629292498956,5.183419463304964,5.171868513774618,0.23742363419816542,6.02568050249646,0.22767914807948975,2.480301025726463,7.360313484310444,3.981219082554303,3.3283875873029727,2.4123046796598833,4.835070407596367,2.4201306128474154,3.0710085787876418,0.3304423243347285,-2.3887239832111757,-0.03832859244033661,-0.12893790775008887,1.1212191790201091,0.7196244530293904,0.1364594370445826,-0.2853350201971801,-0.28900846902561583
7.638162644128558,7.860745886134302,12.35540896814229,13.566403973753445,8.855497998032341,7.404601630666393,-1.3878372078465702,7.130644108740258,6.105618836734998,4.6127849046513125,5.020108249238183,4.387740460694755,0.689585617169585,2.833660124468259,-0.2410074598063242,4.461019921625007,0.6643013340489986,3.1277595538834335,3.177597150918302,3.558435479787986,4.198788184112806,3.7637779055323426,4.226610422963573,4.36684647817886,1.2380086425462091,1.1207796245420183,0.053834821118575266,-0.7124205863801095,0.5022491165606878,-0.9834280850777891,-1.4016771408895716,-0.11115177395653263,-1.0392591059448317,0.44966463365398873
8.298017792446565,8.792952380128332,12.206181762908715,14.20334954071111,9.599861534171414,9.353344155506871,9.276335135922816,5.569258717477163,7.326030611356152,6.016991264458711,3.357260467427828,1.9070834058346346,1.4661025181361023,3.590935150378598,3.3641190987434615,3.8636369675300437,3.335926463456686,5.96319219339955,2.9246670750512873,3.38320676814863,2.5743048233454147,3.159857524502596,3.609001321530141,2.997495145123851,3.18084008243915,0.884677307540003,0.3489606458795247,-0.2770914876865822,-0.41748278585519594,-1.3227922031777561,-0.09735461974340744,-0.6634464695566693,-1.8769906021876779,-1.3710451783651965
7.10306816051439,11.052796969357841,12.408627082156391,15.364287044385138,11.792608248951826,0.6755792320505152,1.9698532312869477,-0.7146807064081312,2.523932222140905,1.253017729178745,4.433695185733408,4.697196529547741,2.3203745850388304,4.590699416442347,-1.9342259913283948,0.8870544599290773,5.399344618053616,6.657863324486791,4.755738380412978,1.9210165788262092,3.4964834807011917,4.211458477845175,4.11733010218223,3.0434933857278215,0.6710309942225711,-0.9795294836710964,-0.2398973203660451,0.8251265191775536,1.1915188517331052,0.4952518789575593,-0.511275527147637,-0.2844616157311908,-2.018094716255828,-1.4607719351512032
6.237160135973842,11.430336545557395,13.992521539142135,12.423526007760216,8.909167533957842,7.875762299067089,5.619368962251091,-2.08471760183721,9.597008696391756,5.423726448222917,2.948086159883062,1.775202768775851,4.804349691002051,5.393210647441322,1.8793500956898954,3.9142481097646846,7.490495610769947,6.705609119165573,4.251289622954121,3.3694742836319973,3.5019845778398593,4.182233531098172,5.176296914360409,1.7652424855685256,0.9867009411777758,0.12561716815305593,0.8516028601668281,1.1294889610199048,0.7294714373259926,-0.4417687038433097,-0.49094556471572665,-1.183119537697762,-1.9519141611688888,-1.646737803160584
8.784514271613295,11.19217186156797,12.610869885218143,15.00109025953359,13.281505674401737,4.955220967301067,5.223643156943049,8.771826911939872,7.593763773442855,4.826818789022052,2.968748025873087,4.437277646910905,3.9129262806817207,1.8159695429397087,5.185118516149672,4.5926699634919155,5.65851784504999,5.910617797771265,3.128699714226892,4.475731079728681,3.985717466802049,3.6882685425804285,4.0674673182009675,0.5716609546894298,0.5201043318780794,-0.15864439536863176,0.20925246331400266,0.17899453270713803,-0.889269457157382,-1.4879364084051387,-1.6879567328955576,-2.940628458620838,-2.3101425477970285,-2.542353406840593
8.339113729043243,10.859997635855555,11.436110133379158,15.141878140919196,16.291589568271938,11.328354331013976,6.048355940313493,12.362919661375797,10.219356763868612,2.589783192281626,3.2584067206572183,2.0020091070930217,3.846250732073834,6.339591202275204,5.180237202911943,5.807929200849251,8.247673134726922,6.943009360481899,6.340198662631143,3.442082421957849,2.822436841082742,4.416172368602891,3.531713307426096,2.298624461438964,0.5841108254854827,-0.6929271079283742,-1.2761578671526341,-1.4539942293450512,-1.9150269814898335,-3.518336132923647,-2.7843115818646242,-1.9040891213865159,-2.156340386960316,-2.4258366545326493
