script/wind10m.json
{"header": {"parameterCategory": 2, "parameterNumber": 3, "lo1": 6.000198445256149, "la1": 58.999992894266676, "dx": 0.5, "dy": 0.25, "nx": 22, "ny": 24, "refTime": "2024-04-08T21:00:00.000Z"}, "data":
[rows 0 to 23 of 24, columns 0 to 21 of 22]
2.564298090325337,8.082839469302193,4.364337376304044,0.4807266597389969,1.2216015730429108,-0.2794243454535498,0.1328190560126749,0.2507949741750081,0.24588123755638908,2.386007480068777,3.1994602635624076,0.871248794750451,0.5748090707401847,0.13447508725244667,2.459185317754595,2.7263959888446463,0.7176935957598003,0.5413781560933101,0.6173103799154395,0.28459483878634556,-0.12869060836877738,-0.21160274395208545
3.9098274005729348,1.266054850166794,2.487759417669598,-0.49251426120566694,-0.7207712133134224,-0.21286650328230336,0.5110901618665659,2.857153852540814,3.2442376251196405,3.503621013255119,3.3824624684021347,0.23425018075670223,0.4726242829945612,0.2819747311711249,2.777543179589487,1.642715872778256,0.4424681016126166,0.3652765975419007,0.07423533724765488,-0.40172526785275825,-0.7339628042059586,-0.16450774617364805
3.2653636028009396,2.061503695966919,0.8906339357303162,0.4358195336636508,1.1509825135737022,0.0973441897342208,2.2103959978448895,2.2458871540892558,3.210501043462469,2.636851871774405,2.249420648022625,0.1892807590359158,0.19678497795266128,0.5790473085964614,0.762743179449079,1.3094836754000436,1.0936568616388511,-0.5383711264203371,-0.19451829852801103,-0.8392636502104779,-0.12369949426639198,-0.9822147047269734
4.858442232017521,1.5233407733993922,1.7787816140289332,1.1248946155407469,0.233350515832739,0.8743549446282739,2.3979814643795416,3.3892202644675633,2.2791998562266786,2.351315566653448,2.8265857691412983,0.1755386195957326,0.5542127737884185,0.29980099973546476,1.0492526260954567,1.1916777009436887,0.7982567320306354,1.1274081099000939,0.48571271516792813,0.4859864541285437,0.11334754394413164,-0.48451135298842557
3.8173549695576345,1.3809737747155573,-0.10751189330110138,-0.4088734600229614,-0.8014327787441661,1.985602643426764,2.9814218057190907,2.025195101435457,2.4645711576105067,2.1816100693195453,2.072411991854516,0.9393515055028678,0.4013595034157999,-0.00611850964772408,0.7350752017547382,0.4579171125359549,-0.7514129048855902,0.41495404581440054,0.6465513693621951,0.5666159298608158,-0.4758193812784693,-0.8075146347414387
4.850133541056672,3.788833330318841,3.4481067863079913,2.951144726628213,2.759136959573686,1.9887520777982035,1.2978839893214986,1.8096591466928764,0.7309770467093301,0.3705223664791693,1.6997458617029948,0.8281439585356134,-0.3568514989029309,-0.307572572361504,-0.48269728500198106,-0.37063463755096737,0.2257378611990269,0.3561445896017085,-0.48080767140721475,-0.8343499478323426,-0.7832840229591359,-0.2619139093612006
4.630891733620196,4.792131734579434,4.143646072517717,3.5970116836661052,3.0412716247319955,1.7159916486441216,0.5434521717894648,1.4808012124696919,-0.32493274902389835,1.6993736834629027,1.469333449987177,2.1471969971099587,-0.21725311967509997,0.11431484371216921,0.43503845916168055,0.20388466630444868,-0.47125218546256337,-0.6227827457108511,-0.5714770764477436,-0.7521739277220949,-0.13850104005352765,0.007856867201323262
6.45364829676702,5.693115969811059,4.476581040603626,3.9074289394889776,2.644275051161127,0.8961738908277516,0.14784871444711314,0.2087851930982917,-0.06049164756610288,0.8988661971264078,0.28257069190593576,1.9864293141753255,0.39578011589900963,-0.159496165675312,-0.4785600810726842,-0.46555801734668983,-0.2999969713772218,0.14253410362916383,-0.4647430517486534,0.522508785023535,-0.38293910667743786,0.9493765601421047
6.079703571185223,5.602005946676135,4.317006257755164,3.4344498012737037,2.8207522471161846,0.5884586839533287,0.5735559718992164,0.4484790180077877,0.45029482497366463,2.353207701863485,3.61218059130343,2.6809743580493626,1.1013295049378247,-0.4949940117298312,0.014388678990382838,0.09314113239842826,-0.1371868770868882,-0.7665307371510832,0.13986545803530487,-0.05832570780896922,-0.012022464943054152,1.284714878422345
6.047632633756429,4.829787220920385,3.9077398133680727,2.6625585172148956,2.046523839848469,0.4114563717300243,0.3647881070828015,-0.15444807754716441,-0.08138908796208776,1.556575299316515,2.9997554928871777,1.0164355878288414,1.2162314488609007,-0.20245668300913927,-0.046036722264821694,0.19299186150010397,-0.0487965358470905,0.20667638854569734,-0.004555241374981181,-0.08737224150369517,0.1623551157110365,1.0567238574551296
4.159216292403687,3.500913203505924,2.3091449374701694,1.4228396799498213,2.232555523534823,0.41451224161316824,-0.27538424237529446,0.2769583716616595,0.22656066409548922,1.6595044605196063,0.9196473603161803,0.48490361736841825,0.052726035765777224,-0.043970088696578244,-0.08118515201171574,-0.2028848729208973,-0.250121790468698,0.4797119101132635,0.5510601436973724,0.09213205056966484,-0.03997555202091366,0.5378757929866629
3.3570673206446577,2.6656027563073166,2.4370506369674065,2.3757356044628652,0.21858236459251315,-0.17095552259203942,0.43981385730635086,0.06997217738892328,0.1313678630661802,0.9336495237866379,1.100330391442328,0.6857163212462626,1.3022594905723495,0.16995429032400125,-0.9762081984204151,-0.695813613370925,0.43814355273376293,0.6117267595531685,0.26463523724767074,0.12081535169270588,0.348435630852051,-0.5754734505038638
2.4627756979568853,2.595296192977844,1.3365345652319176,1.2965005708518695,-0.6214555409664668,-1.0724171234495221,-0.6904247476546553,0.28155222298451005,0.7343867077172389,0.8174895127762426,-0.0206114531383855,0.7157793751314523,0.31947630657849324,-0.307932982049091,0.7072520739211456,0.1891455175652164,-0.4369237057359021,-1.304559721293021,-1.1944275106995572,-1.4729855087538457,-0.9803488892359107,-0.475220216452318
2.3606672035957494,1.335444067680158,1.3369176940548182,0.4334227633528616,-0.5094631270384368,-0.191480724096565,0.25199923531394236,0.2670240008495084,-0.0903601084549338,0.5832436825994687,-0.09185036686289871,0.5394108856585837,-0.15805107258486403,0.22437347550090964,-0.18648063149147034,-1.0845810248716334,-0.5319552306613562,-0.6254347178208428,-3.002893310956532,-3.371638542233323,-2.462175695626004,-1.5158233443436517
1.5874996455832349,0.2867739110888068,0.17448689714926016,0.10158918217257872,0.1489891995228732,-0.402695867202432,0.15762873688764942,0.15517531241682905,0.22943845234844198,0.18768856765071698,0.1255037237505829,0.4555936070007762,0.344380784887466,-1.3457989590555448,-0.9796462197366695,-1.2450140967914212,-1.7439500849646195,-1.7122218160877574,-4.4229395075318525,-1.8711590934054148,-1.8952212626321392,-0.9240114157506171
0.7649525994609678,0.19035424830117484,-0.09268797015664619,-0.03426178049983047,-0.08355748274886454,-0.367114300945428,-0.2025395138953854,1.1269915771647059,0.1659604578090552,0.38950707902174414,1.7972075730742447,0.2967893214402804,0.46772120691021296,-1.3575097077094955,-1.4354884761372337,-1.1413010010775775,-1.9247524789018446,-3.920526782790472,-0.7479143433606789,-2.457448867013883,-1.8884998129189516,-0.9613255817413908
0.96661726234567,0.5962435923707515,-0.1581377757704489,-0.4699867165493618,-0.874730018001458,-0.5447385541207643,-0.3699639987010349,0.5628734367614052,0.9526684585848169,-0.9003839545574196,0.20394103676949799,0.4031853667386027,-0.11394463429466224,0.40089080164023067,-0.9950485098940208,-1.9185290418329894,-1.8196158363433992,-1.0686439413036486,-2.3678733255632585,-1.2985638103792767,0.5487904745104002,0.8891280753057429
1.1471094190000564,0.4690901759311036,0.18006959041123308,-0.13752162263469955,-1.1500320725301991,-0.19841579756847422,0.1353899449923245,0.689266160641251,0.7414577966120965,0.3093029608232361,0.6135809533133275,0.6904491910294944,-0.44934895209846953,-0.6853175358423279,-1.080183441088246,-0.4912576358120077,1.8744535918769822,0.5163036533494123,0.2964279730529355,1.1249535457446527,0.295058302866059,-0.7856156788684616
1.2951718093762403,1.6902904886092331,0.936738652447094,-0.5426150365720372,-1.447591339600658,-0.8536251191701358,-0.1963812796317641,-0.2334219634067008,-1.3826622195811684,-0.32126365780004607,-0.1452563089113142,-1.6515358413397434,-1.8158362830054668,-1.363552153539952,-0.14787734633519414,1.0364417435363407,-1.4665848078014423,2.983250059425986,1.459704129727459,-0.5476904812980977,-1.9112553233010894,-0.9409127615338355
2.32032956564423,1.5205996469087464,0.5597559700314578,-0.7553063212256002,-1.5803918099735788,-1.2083144158918817,-0.8817938149078507,-0.7567536607584219,-0.5063643410244548,-0.6785475158991611,-0.6620544524279761,-2.448724725542397,-2.2001653228420817,0.40810548762273496,0.2760419132470195,-1.6455050092471077,1.367605911676918,0.9952343607566453,-0.5027741518020397,-2.069979863502476,-2.2530549843440224,-0.04334703922432228
2.7583108346282987,1.5063471193891733,0.578964456653116,-0.14347341322432694,-1.3805584127869979,-1.6587212312212083,0.13852537352469316,-0.7910937095998807,-0.6007099279049473,-0.37196221151586584,-1.2067450274088065,-0.7179310317987743,-0.2421932876087626,-0.1419462110460277,-0.265218926850501,-0.9561426813599274,-1.429505621897267,-1.609369171587745,-0.7996233399813922,-0.6455803041843634,-0.6206048034224835,0.9396727559889682
1.796191184232515,1.5177119472115466,1.0924866948857017,0.1602718992016777,-2.0336941748535105,-0.2773018524409158,-0.5806857549005581,-1.146985783366081,-0.8488653211552836,-1.0200066809457804,-0.8593126706120354,0.009631452150340048,0.2452534958429251,0.363157044914616,-0.16425552905149154,-0.8114134002805433,-1.7188707667349776,-2.3833973838731706,-0.6812755394066956,-0.1446467492620325,3.700649715940789,1.0222881607568715
1.4702677767523007,1.070496969076387,0.3477046359147396,-0.4514566631201022,-0.8408824820956484,-0.7528973798104835,-0.8931046531798333,-0.7300839884415413,-0.6482014233289154,-0.9979323400747836,-1.2211214341148842,-0.5841527857595984,0.8436110816559819,-1.4028413995443318,-0.7027229424113316,-0.8129546436698989,-1.5587107279953236,-0.8232311490883273,-0.6372608954322598,2.008016643802769,2.0455076290516727,0.8903273944340516
0.3075443823140594,0.21374482387082303,0.028267521749853274,-0.48151090276274044,-0.8480799192548225,-1.1118697186090345,-1.2491015537499757,-0.9458548651650278,0.19605721907307072,-0.7618977699565324,-0.5369558797249789,0.5377443673745868,-2.178094940059335,-0.712340192274017,-1.2228634026950316,-1.3259999139330199,-1.5231210938885191,-0.21173589348159938,0.5621702504870973,1.104420247247062,1.0530429789235813,2.423237053725227
