script/wind10m.json
{"header": {"parameterCategory": 2, "parameterNumber": 3, "lo1": 3.000054539987559, "la1": 64.9999836372058, "dx": 0.5, "dy": 0.25, "nx": 34, "ny": 52, "refTime": "2025-04-08T19:00:00.000Z"}, "data":
[rows 24 to 47 of 52, columns 0 to 33 of 34]
-4.457323380933183,-5.606632827738134,-5.874574014681834,-6.610636925761293,-8.155310626841413,-6.852287574931854,-0.22269231128414715,-2.975962074538174,-3.1376548868811116,-1.9869145615862311,-2.585485051171026,-2.2379588999285853,-0.719898851114061,-0.9852603090946944,-1.308916007657138,2.3405908124937578,3.1612266790388888,1.5108571808372517,0.808687674249906,0.5367757067781799,1.0772315042021359,2.4465296297787362,1.8179611625607408,0.7126759663766041,0.3995786808087776,0.25824466193873163,-0.04887982289027545,0.18817754495068695,0.31202444953612013,1.3730828248095406,0.06767786520795048,1.6481507859488858,2.99350018007084,3.1629201865734493
-4.685413712973757,-5.276567816359452,-6.48880912307839,-7.215592710798612,-8.029072495846506,-7.81025583050139,-2.30292271079903,-3.5329035452254574,-2.6300774235319277,-1.5393620355710549,-1.924879682628298,-0.18614620139355692,-0.7556447295680653,2.3150617984388373,2.5738937218851716,2.9640937096837034,3.742297861466016,1.120698994569788,0.8418935610933453,0.8351505364930641,1.3637000807636934,3.5262395169226943,0.8341545098720446,0.40838960927863804,0.3453569984203147,-0.01642830737541887,0.6854532992819048,0.32516159686962,0.06257232443579183,1.1339887821431873,1.884796145794592,2.2245161587405495,2.9057459873079012,2.420583014497986
-4.149970222816239,-5.0252301126679395,-5.854784169598889,-7.314669334151988,-8.360074947325137,-9.21345546744052,-2.7425374446434496,-1.9538155036278633,-0.9128460186419787,0.3818166714623678,-0.4949307570474122,-0.3292127909653319,2.9592494496059842,4.14895331405818,3.872445805244225,3.940344343615224,3.7901941614352617,1.0326553707638808,0.6436561181983737,0.9050023018170906,0.6916602480212689,1.799411120178325,0.9724012506282919,-0.27832185473172344,-0.6959210660214347,-0.1852921378575638,0.4151722437338293,0.09494615797966437,-0.22911820750801648,2.681848794076547,2.680841868967619,3.1276747306520147,2.1513728373888115,0.9536215869224107
-3.9542009227491084,-4.991336050913269,-5.6541908629761,-6.7952874073899014,-7.699129507375837,-9.203060674514518,-9.391089638000214,-2.791133241081761,-0.9284486832816142,-0.8877686620094242,-0.8966458207003678,3.1406202966939536,4.68462156882353,3.724142246512258,3.8438392387851406,4.108636729353421,3.9097615686347873,1.6841143107823304,0.8403014261151837,0.7614572672299647,1.1917504934520657,1.2542616623231553,0.8111555615495073,0.8095884137412743,-0.056956126788069356,0.43227219683303697,0.15125407303720437,-0.02470099066803122,1.2611329151953816,3.2443511992815806,2.4081101055589067,2.5910258137845337,1.4717466002456394,0.07419982459895205
-3.99913746855019,-4.291001331490803,-5.715111971714319,-7.021799668413995,-7.587347321425129,-8.55730854692872,-9.18735079350545,-7.994957431822648,-2.1901174224891014,-0.08105350663720803,2.4205669617291954,2.4069367303495413,3.1056279515466834,3.218230761987763,3.507762041635114,3.645883453010036,2.2935983318369564,2.066400333229286,0.9100104943915798,0.8961709141137286,0.9882708059504358,0.6856585508022061,-0.5042857456411691,-0.4608267006629896,0.551015849761264,-0.06936721146697011,-0.3432884634318291,-0.515767714951769,2.6923754479075845,2.390402018676025,1.9038984318874916,1.7835459493791064,1.806190671656784,2.316887682704043
-4.009513193465459,-4.634950186108588,-5.594224270807105,-6.261298366741923,-7.285779571126654,-8.428699910522555,-8.36976771193757,-8.029946360539245,-5.294079520266839,-1.9394573270917423,-0.13304592079583435,0.7176075051107553,1.2558144468186812,1.784389049869742,1.8994888226574451,1.9516734029174607,2.6004318494702483,1.6240284598109724,-0.09776520829595212,0.49553015980046844,0.08184033973871804,0.3887682316416049,0.5508470938645237,0.42910413532634867,-0.4145123233400609,-0.5818452315702118,-0.9491885014267687,0.6568803179085674,2.531754521481697,1.4171919023361816,1.5991237697269318,0.6928403932148396,1.0609148075637518,2.018620013837891
-4.29662159426206,-4.517105860807044,-5.382416765989061,-5.850938273962242,-6.950595544058698,-7.609096998886805,-7.763141288772315,-6.796228223785537,-4.858925491585363,-3.3205545818729076,-2.3898648163065053,-1.4329156389849838,-0.8327891973579301,-0.10593778211198451,0.380239781506154,1.2357915545747202,1.4185040534444397,0.6619001549930352,-0.16068365027614426,0.5147073791096952,0.12477189431299555,-0.31909508821009286,-0.5226000377469616,-1.0802029819065884,-1.0840771036945376,-1.5345819020811806,-1.2003255360617995,0.8991457028403878,2.025590569600703,1.8746624031579413,1.4577838423678255,0.8406983114858261,3.283818487578724,1.4475049561050115
-4.587714690351885,-4.642454579076033,-5.319426183258356,-5.3857309522100465,-6.151732562612982,-6.7207878307826325,-6.753377471704481,-6.085054906707946,-5.48955325386894,-4.467809739783659,-3.771063972372282,-2.9841445947457017,-2.323161953757482,-2.0121825754990876,-0.033473556387293,-0.32431322657672085,1.0408105117991073,1.064807207192684,-0.14742674549592946,0.6250390045413418,0.4532593501483468,-0.24391016090636108,0.00040970279704790133,0.1515809330096428,-0.5338094328367999,-0.5996944140695302,1.1189505758717175,1.6093957093577378,0.7766422198610202,2.157556009753666,1.0854377222907132,1.043050898617667,2.2132270093615234,1.1536284203751637
-4.770517632929729,-4.765359345637544,-5.15113120313402,-5.482209721572817,-5.739996120269654,-5.952522802873804,-5.84602194606968,-5.853650398849657,-5.518496931937204,-5.33461629677357,-4.534185362043778,-1.1374592669646004,-2.3634628540801432,-0.642880734905487,-0.8287447989920445,1.1878891013697357,1.08538176468338,0.7955206444480064,0.1798948917910257,-0.7322219173829224,-0.07716127933261377,0.12642101989654275,-0.736095246607687,-0.5813988467852884,-0.5909032633946186,-1.0606366733856754,1.1843532241857961,1.24679555505202,0.9792997279755221,1.4517736052214634,1.9203182834294739,0.5615591125827463,2.385679186420489,1.4448126947682376
-4.765453704973818,-4.9300165614037,-5.446956391138697,-5.445894564877916,-5.592885179112356,-5.176436051031321,-5.245476911999738,-5.541726045211013,-6.010348499188848,-5.82761491099215,-5.514581759581572,-3.14004659467739,-1.7129148892329542,-1.030031282413191,-1.8905622669964828,0.9550618039443166,0.8098089616954826,0.25265798434624126,-1.3292619503829644,-1.0779711424691287,0.5314443662745425,0.37111340380871005,-0.022565452539134674,-0.772989464648968,-1.173560500860082,0.7047207092189638,0.12403073555479298,1.5983766473413528,1.1693458947880118,1.866583460865214,1.446804934662316,1.0198645640064883,2.3101089299242306,0.4830905950993714
-4.973903500954625,-5.224761532364739,-5.8174107848917815,-5.604895490209932,-5.553609051965102,-4.817126072337162,-4.379336297698342,-5.1466411642992895,-5.787821727900615,-6.028459119657101,-5.212138171095356,-1.8745472043801266,-1.4607178107044776,-2.3743052497484203,-2.8323493249803677,0.3615450581026529,0.7138245487416824,0.14710874252514947,-0.1888435060125038,-1.159177526230588,-0.14322090864429082,0.1849818355686272,-1.00907815168815,-0.7343651081448085,-0.8912794193532616,0.7263739933883927,0.42662610092457803,1.8955049743317374,2.0435905602602826,1.43683081299033,0.9445937778985662,0.7111695604599231,0.865842268927328,-0.32845145412632676
-4.885358421643136,-5.610530716892402,-5.930101355853191,-5.554594025235263,-5.777677208101088,-5.334450706029909,-5.221150021492793,-5.56538722538724,-5.685259795804346,-5.0140438584246265,-4.731184625758767,-1.962510028081163,-2.4115043029459238,-3.5737036747960107,-0.2561128038479416,0.36565276180017575,0.591166732864878,-0.31690597490159716,-1.015860406744791,-1.048002054664161,-0.17365054109756575,-0.12077685494425602,-0.37880335561002654,-1.0906488617723111,-1.2116795409286991,-0.17912763736596338,1.1827220384309165,2.6040012887985826,1.0893429347862913,1.0603972026781059,-0.19001114594986868,0.48100240993769705,0.3501064866015172,-1.0371775049904546
-4.615929649932635,-5.331404549894305,-5.7759620519485075,-5.553551585472073,-5.987951964361748,-6.42532590511517,-5.034328783702532,-3.943186088181212,-4.111295182298309,-4.89222443879422,-5.271087375790802,-2.746886989658279,-2.9715130526251494,-1.8889428875185246,0.10937786106608749,0.3030835621822129,0.1722771104370601,1.0264824567064534,0.042157389032451406,-0.5979114428528113,0.7467409660191502,0.6265185207005993,0.35932732674229545,-0.6800640835358723,-2.342051360340179,-1.8379573493689438,3.6967750848807244,3.5793295838005217,0.8725630886272157,0.9474065394793825,-0.6449148873959977,0.24700007599478202,-0.512067966242872,-2.390515422955943
-4.24571431732364,-4.996991322889235,-5.352673166446925,-5.324666496444217,-6.384864308117722,-6.222781940530452,-3.3488981580212025,-3.0049260955335884,-3.3892055433950006,-3.87149983740711,-5.034447742506845,-2.2564060185840087,-2.5408081555702537,-0.6331076037435776,-0.8151931228640207,-2.0495948727954367,-0.5980658463102466,-0.7082843222247596,-0.9527296144965651,-0.5793320272466687,1.679889004890402,-0.17767118090940165,-0.41056627796029843,-2.6927073943230315,-1.9418283169229116,-0.19053100085487934,3.5627793105167753,2.9481470061196924,0.5881447764097385,0.51081978752036,-1.0455887898876874,-1.0870831445667162,-1.9890801767429318,-3.1358739521562953
-4.502145070859946,-4.951480141375047,-5.240628550824599,-5.514089273896815,-6.591931190447689,-6.42639667543303,-2.815210997249567,-2.7377812891896873,-3.325851113561011,-3.8290993593941485,-4.641892006047874,-2.358679289613542,-1.6545294071128713,-2.0594869799590163,-0.3776868712579595,-1.26249421871635,0.504535653600184,0.006260573648349724,-1.0314421705524104,2.8772964515477684,1.2449327088991582,-0.1820630205008202,0.35102608599132906,1.5383930655132443,1.0805092145534636,0.6467270920604682,3.6107860423561435,2.325441797756373,0.7248673699369812,0.15248274382590477,-1.5799875551798754,-2.0838300964503906,-2.3403418055655774,-3.6789365631493154
-4.894844948331929,-5.33253675492202,-5.583649564585617,-5.368322381034995,-5.927962961601096,-6.230788232319682,-3.997519037541197,-3.302856652543345,-3.5199382917075015,-4.273241235141513,-4.597860941195602,-3.240080388734061,-0.44240493375436263,-0.3141111786285723,1.3904427117051468,0.7524953590279317,3.05209045705921,0.8040977296177669,2.7060799304503904,3.53665413561482,3.2396124866928786,-0.1558992018245202,0.8062605676332439,0.8574197827550581,1.1909231949551078,2.43397870830909,2.191578654804224,1.6230530734859527,-0.5443396986915855,0.11062207136197985,-1.6503720868071292,-2.873782285609626,-2.8705626047856345,-4.1558131844006
-5.190045899309621,-5.387707218712771,-5.686814148236173,-5.719546303957814,-5.419426139008992,-5.870319905282502,-4.940633758851828,-3.28863021618127,-3.522541788665553,-4.523420067029213,-4.313320037526872,-4.471616030721302,-1.1149704825895563,-0.3086741804596656,1.0954956612086606,0.4742234917847525,3.1767885724824683,0.533540213428477,2.164928365848934,3.0966222574962763,2.597515768972701,1.9515064363605301,2.4340956935000753,1.4942535261003491,-0.4510625868843218,2.4517248400994442,1.7281051748234295,0.7082214059461235,-1.368063866511868,-0.22766671602934094,-1.7499975648101158,-3.3142980804625535,-3.279175721591646,-4.815602363233395
-5.374931412929594,-5.508789362072044,-5.588974690904663,-5.779999866335058,-4.89876611701343,-4.4089863601014905,-4.517302156110151,-3.9061982165491984,-3.995069859817108,-4.102209651967024,-4.433008402537141,-3.8521809729943652,-1.290409976795364,-2.0687437755451907,0.18883481119589002,1.1738186415172844,2.4619947273822134,1.3607102224526326,1.7196145538508363,3.0889011581503905,2.674667816431053,2.004528960838354,2.635332615509684,1.747145842559292,1.7020669410832803,1.0031093098277222,0.8461101953224639,-0.316397489772534,-1.0960581315549427,-0.7036839826071374,0.8081420337046555,-3.2713624985347542,-4.035236775526166,-5.8469390577456615
-5.001473960729396,-5.224481368878178,-4.873971704729685,-5.2946966648147376,-5.234319005584714,-4.897354381566359,-4.582680577874523,-4.531291207565883,-4.103740694968495,-4.806302363366871,-5.095121515438402,-5.2060552221425,-2.163290107221741,-1.611309921544825,-1.3625551778021132,0.9079571318416298,0.033293241229732054,1.489582671013181,0.37394265292992424,1.2290002870073757,2.947675190614214,1.3988963090682196,3.2140048102093077,2.165280250546967,2.4868334705146062,1.238336587021932,-0.18115029017578424,0.5706576809959988,-0.10196527620581106,0.174894124465253,-1.2887693541930925,-1.8895804053712772,-4.837963969518735,-5.562724458674199
-4.397718721624592,-4.775938772783153,-4.831100337494225,-5.251147577852214,-4.397043817676983,-4.65387794021156,-4.7192511039681655,-4.568059114292985,-4.480608750463485,-4.636279249147325,-4.979120149403497,-6.041108681117458,-1.807804258734466,-1.5328372482817956,-1.6832593648603578,0.2377486898003794,-0.10582849176308386,-0.34136386261281615,-0.9141418598031034,0.5121870744191427,0.14997922017154863,2.655898139793768,2.9635898025651812,2.4155171106768547,1.6932919741559238,0.8946633346470625,0.9707954877030864,1.0948989828811027,-0.6916122737964442,-0.9238251077387694,-0.9032044868628395,-1.7189338420060352,-2.047421756534298,-2.6481341274919354
-4.557791642703552,-5.229350815343453,-5.195038291651258,-4.661709249509256,-4.299338844932829,-4.374627434508664,-4.63133814472251,-4.744479993043379,-3.8898605848122045,-3.3862799402494086,-4.732194951463417,-5.7585289456061375,-2.602876195231803,-2.466555455283021,-1.5933696261720882,-0.850858433775384,-0.1695370681214275,0.05683230371251505,-0.32914245513224966,0.7498802287490111,0.9722856824873034,1.0620956498598486,1.2301771282968101,0.20830351110144774,0.6983069125037997,0.37592791209310905,-0.2674985282821281,-0.22273689463050822,-1.4687061186610941,-1.1289708700000725,-1.2009877765201173,-1.0019384487723804,-2.6498272342887113,-0.16226062674445713
-4.326908669888157,-5.228212296778307,-4.524291601183655,-4.690548395375323,-4.321384782413395,-4.116065869071264,-4.283696579697408,-4.764012856196419,-4.288788773272015,-2.9486940618093525,-3.7558830414268183,-4.821277137613621,-2.0888982661625777,-1.7983986816346824,-1.9335090189682211,-0.02197094149534904,-0.19141344784205097,-0.4383916507044296,1.1607493955437636,0.8638593663166227,1.3314153968164912,0.8279179201499297,1.1372064783794766,0.5508571172088786,0.5600009960131671,0.13260289162933464,-0.647513040806592,-1.0217979689264556,-0.9361685304266809,-1.5248076253586833,-1.5456458274406883,-0.9864161617322941,-1.5800562982616257,-1.7875737733429407
-4.827035081784563,-5.512549233134401,-5.0733792196571885,-4.546819979257973,-3.928195398423481,-3.9630752837136285,-4.496201918669853,-4.785534271615827,-4.827971354742569,-1.8336320124400742,-2.2229569034757377,-3.502528786501432,-2.101834064451054,-1.8525725925399195,-2.801079065820441,-0.5640474190857669,-0.3672741822948412,0.5380772699648227,0.5358020568909484,0.2807959117590197,0.22480376367416763,0.6248863951726285,0.5355059616046862,0.5354521513850661,-0.9491566118867533,-0.7887264404100279,-1.3222328698380836,-1.4150278772435325,-1.5054489457014062,-2.567404634956927,-2.881558374759511,-1.602096787773851,-1.8899129541963458,-2.1182380229744027
-4.885786504683288,-5.501288163645047,-5.363381460793378,-4.669683781710228,-3.7864751616433607,-4.712305801455237,-2.050736683859903,-1.9704369755265534,-2.9759018589032493,-2.867966877297622,-2.1616753415739436,-2.693379069622366,-2.590935448214653,-2.971973843979156,0.5647836668004772,0.7242242085064681,1.0920067805533127,0.31260915054393035,0.4964531615608892,0.5277103392729905,-0.19844748922523864,0.10089134379522148,-0.781242697395538,-0.9457911551697575,-1.529698169122321,-1.323853744052244,-1.3486237649475925,-2.4701177725514123,-2.5969670340634123,-1.9495626896349478,-2.042718188271165,-2.46147681123464,-2.3459044592520124,-2.692714467095167
