script/wind350m.json
{"header": {"parameterCategory": 2, "parameterNumber": 2, "lo1": 3.000054539987559, "la1": 64.9999836372058, "dx": 0.5, "dy": 0.25, "nx": 34, "ny": 52, "refTime": "2026-05-07T10:00:00.000Z"}, "data":
[rows 0 to 23 of 52, columns 0 to 33 of 34]
3.9183286542966496,4.559354061767305,4.864977693064128,5.320973205933072,5.808636884745646,5.6832773514480035,5.534020322066044,4.994533986881095,4.663145968185529,4.117171294085021,3.6477855090418156,3.7221168182163122,3.843922574340277,5.812046787532449,5.181407762754836,6.256706587622291,4.643901817534326,4.544210100988074,3.06401378996379,4.428442863859471,3.557396637181145,2.399874486936967,3.5299240019928058,4.318585987137237,5.842061383041598,4.061034174600366,2.973796505611106,3.766316072845661,3.251816987238867,2.6374282450177984,4.146695513583829,3.414961948335103,3.245112718248906,3.372308277350752
3.3452917919790472,3.9672618857884996,4.540272886055268,4.770079826204929,4.884617116884252,4.4916447042372525,4.2218130644547704,3.9687073330362965,3.546420543342776,3.1026258561841455,2.9717138520257724,4.010556616648753,5.311845886218183,5.220940097417705,6.588247213536532,7.040509447247543,6.18782027822698,3.769548741170568,3.8678023506054773,4.824705402102316,3.117305174598679,3.266664599797708,3.793702286513408,4.366139854574933,4.357823353297126,3.4660419426284332,4.229181096212718,4.1699991632645075,3.863782894830861,3.9072823722188885,3.289367833132816,3.040296686656592,3.08093777827225,3.5211626105015252
2.672284718371917,3.069900504756545,3.389055736699313,3.9464693224265113,3.8673694531549474,3.2503938664713097,3.281974575806001,3.2221969777818695,2.92308876285677,2.816571583237134,3.35950051814052,3.918808771411194,4.273457221672981,5.917049078282425,7.202427040022722,6.487949932184516,5.346210547077546,4.303159807541883,4.490262826848383,3.845048100170478,5.608814631716613,4.5586860837631535,4.379339688279348,3.8707024646938515,3.8743280243464633,3.385360024772897,3.63100452009516,3.713758053746505,3.7742458998716693,4.414220816101115,3.6208971091228817,2.8466231587969695,3.1387064354179635,3.454750443911795
1.253963290964133,1.9552612623426509,2.343561975817873,2.794018551571943,2.674213178457636,3.1290138196933466,3.1723523474241793,3.371792584492928,3.9037477882590474,3.906733095438734,3.5470532419550236,3.9845422656923866,5.54650748869526,6.6299188835729845,6.3344899596781925,5.922350401285388,4.787158033553093,4.056197093915959,4.620134821710471,4.257720736123253,4.582143115635409,4.423604315939129,4.262997532560049,4.58625330982388,2.4779086129611523,3.448219640209193,3.5098262033981458,3.047838462372786,4.544896763122973,4.173597957202877,4.029536909635313,3.749160718668782,2.889813214496745,2.6716824859155266
0.3876574307507269,1.0037416147591105,1.787240053511954,2.1097005340099417,3.2136117578509955,2.545398248946727,2.1891994588767667,3.070976863555334,3.487372275036699,3.3123351829840297,4.485524220784025,6.5084858312539025,6.438019043394531,6.475066820270733,6.153071686011136,6.069474842625063,4.1371860849799535,3.614042409290925,5.17485718036577,6.218116312527245,4.927502555794112,5.904895400106552,3.7136137196976233,3.754803059751731,4.292286529425478,2.0308859794409444,3.455973112712071,4.553348106410819,5.094905503380724,4.715764732280946,4.513505030517175,3.7664791381951246,3.8620631470401494,3.684392562962909
0.09039240894527953,0.22625252389965797,1.2748606185110871,2.3239283668777335,3.5738655722712114,5.434699097082757,5.740561700246376,5.4027662787799375,6.107718092974666,6.387123956741699,6.620889970478011,7.603897484774922,9.45034929655475,8.166448372219408,7.75187395735949,6.234839318787493,6.059673620614592,5.826169307221286,5.188526872400647,4.552853201176429,3.559148377483906,3.262147704961517,3.468745397277258,1.4141350650559068,4.39585670464903,2.9533334450443443,3.652348897722239,3.890063623632871,4.499316542447498,4.779567649831972,4.441786029466994,3.823035929538376,3.5872243458592434,3.5478881689463684
-1.0610807869134629,-0.5072705310142851,0.7185086524820701,2.2528753752452277,3.295768059227904,4.625324414936946,5.7399593391752495,6.411135408644902,6.856038350136053,8.033700614887893,7.912855562903723,8.371757968985936,7.55521883949297,8.494858589070816,7.56424283359478,7.322250069881596,5.595964762582593,3.8954813007694313,4.025659444911251,3.8723872906623553,2.656144152567356,1.7673399625359418,1.8935161743435616,3.3328160771175024,2.598523487990497,2.798713811165168,3.2387594152288104,2.703817031778853,3.033361436818002,3.957419531718553,3.87947928307813,3.5396178521836164,3.303163491591597,2.6117274882181607
-0.5700560408414834,-0.3844425716007351,1.2000568098634714,3.5415332937106383,3.397552403537456,4.292657812398046,4.9679356294283545,6.259167077039215,6.578436925529704,7.417099385570374,9.285142485539163,5.496241274221618,9.733237234535517,8.64312252222843,6.537849264694306,5.914273516246835,2.800931069119551,3.6839051438407333,3.3737571888829145,2.435856225463447,3.027372394941328,1.5024719806705324,0.6811588442673214,2.021918750766029,3.1402711099572396,3.3247518963759597,3.0543165925590676,2.0880722572913553,2.285092583748816,2.652436999812544,2.247467180390306,1.7517378411226292,2.0298783205632134,4.264083475836941
4.790443215575317,4.133649663231572,3.520412076664214,3.499290922992176,4.4960841013040005,4.402905895140176,5.525670852797782,6.478740754725677,7.735914062039373,7.646824386100619,4.948466398216546,6.071525932955723,7.349798122992623,6.072284651204786,5.219747959866208,2.763245704557889,2.6334566357641376,2.936077009399162,1.0667939458551476,2.3660907902627746,3.382257375958363,2.257091401089572,0.8905761586097012,2.216092128437143,3.299093866770293,2.5084818816854546,1.449239712352695,1.514204038426407,0.030456130680474938,1.4735581967486466,2.315073947158172,-0.2821020596887078,2.1791859871198094,1.123250804678835
3.8626102873960444,3.8541066405991424,3.98385074865789,4.320639175877686,4.87187769890439,5.076899948450538,6.602695343657971,6.676284503380255,5.575862872873453,6.191053045446987,6.322700713227484,3.9108933790425153,5.412009356244233,6.157970508017701,2.0089860575505556,3.124591144641084,2.257560615329371,2.0419280735722096,2.3714417037505906,2.008972375527223,2.524661513840774,1.5718445053470127,0.7739259254554518,2.016563730812783,1.0016740605539505,1.4785435091052037,1.3012853048255075,2.1960562636779697,1.1784894210819477,1.639985744058776,0.5313056456154512,0.20437299519015686,-0.2936175325429571,-0.327104513034632
2.2535938722994793,2.576231490054514,2.9154127405064467,3.274769502777053,3.70969818338431,4.999597360152639,5.225932175325723,3.838378768559619,4.716529319890538,1.409692558912877,5.38290047782428,2.1938253731365673,4.2451706301061325,5.216865500575183,4.565568953155239,1.9618908296301572,2.8336724270193168,1.6542819723968811,2.199698837435133,3.3780195196207417,1.9813325893077733,1.1428421508025552,0.7895427087713605,0.9515065927185177,1.041140191935247,1.892547586257354,2.1591101479158628,2.5591806732451787,2.092548750330486,-0.09270143640227634,-2.5223545982865576,-1.376434333903486,-0.47303766588797297,0.21183064066439905
1.5865347404996724,2.20865690260315,2.165814669514544,2.5105257288550353,4.197393446810024,4.010741747695362,1.3271093360678974,-0.2858367527771419,0.3643543553012933,2.430561429796073,3.745571743242837,5.178223773312714,4.247743425530149,5.829017531068014,4.940283978371455,2.066157090817848,3.1375929191880005,3.213125384681603,1.6183316499497766,2.6798381687908215,2.357863660125056,1.0425106533580206,0.6326240309064097,1.2438455451324795,1.3281633525154286,2.447177572743469,1.6966809427021234,1.6203641508573847,0.7398092072025481,-2.2605731985471205,-2.2131738559677214,-1.6573231859837485,-0.31504722212988256,0.8339494557546293
0.3936152296921545,1.0528065830743074,1.9980298327344708,2.386236992317197,3.1660583953704453,2.137449091343928,2.1196033607411247,2.3770186246837675,1.4390053862505627,3.150431101377323,4.262935340003898,4.126255063469458,3.4525041935547036,3.887673953616046,2.5727527329613586,3.2486363541133043,2.942655026888933,3.062297229393014,3.040062996804473,1.2611941984048378,1.6067155971697282,1.4570547251734167,1.2281208861782702,2.40311321731972,1.6338698277425845,2.7777625077685126,2.5697121836504278,1.334739785455439,-0.4865838875000301,-4.324959581291059,-1.7172595239882782,-1.319036894730118,-0.231913271317129,-1.2103475409029427
0.38894600272721486,0.9354285233750427,0.8359980498215211,1.2282958808083329,1.7975196024182354,0.725791638282499,2.8679235291019145,0.7279308550414045,-0.6230592256791254,3.5529242534337038,3.0352965266462912,4.981501913646929,2.4888029369567657,0.6814934188924854,2.120037363971048,3.194275997401606,1.535870249097933,2.399946381654292,2.4390565271704023,2.464498796668116,2.2903416468784488,2.447153432082429,1.9226674545580316,2.6415519106539636,2.89037799301841,1.9343520777137402,2.0333233431347972,0.21268806137366333,-0.879284887369548,-3.265976018724755,-1.1939210454384568,-1.809881812579865,-2.3974454267081695,0.47460629275099503
-0.2524950674513453,-0.2575174635543768,-0.19564613715787238,-0.2581287035995053,1.1132468004378608,0.21144640856787544,0.4889753081907276,1.1474649136099622,1.407900039717655,1.6636674500815223,0.4426206999365856,2.4646691994382435,2.402563756297718,0.47233390758591853,1.0095890874341342,1.4257713704767097,-1.4583278791121825,2.2354883710833056,2.1939673144581415,2.2620190483279132,2.183116154845762,2.918090800719245,3.0603668851042296,2.410883389972534,1.187326204486509,2.4273136778899302,2.6392116000380357,2.1740274636896455,-3.9020199686711576,-1.8556377195321807,-3.2237099278930104,-3.384163800005369,-0.4879187483237859,3.027074552155961
-1.439215906607459,-1.345193080986039,-0.9440006604230794,-0.950822831344377,-0.8852200475003656,-0.4163944558134328,0.09931947131441275,-0.90850811690586,-0.19672649951587434,1.5578804986580836,2.9738807044722497,5.382764439744228,3.4004227743653237,2.089211469616394,0.321279381511746,2.163537721197227,0.5563867925702224,1.8654750906281796,2.1470086940703057,2.05409719562206,1.6864016636345989,2.4994764989738347,3.7088897929233013,2.261240831275439,0.8767752916703508,2.2954687125758046,3.4393573889294347,4.214354530478842,-0.8938609264530364,-0.8411249162385048,-2.511805615933759,1.7407297678411326,5.493036973125836,4.182138059206156
-1.8184004679419774,-1.5160244865321264,-1.7616544840925321,-1.1712885670829838,-0.24890246482959905,0.005705683534192544,-0.42753108200272066,0.9172562541271329,-0.7092083850499115,1.5889697780035212,2.894637251395668,3.1933802767932304,1.42334443601556,1.9000406924186637,1.6739971471155466,-0.5847010324974007,2.045253807198711,1.4792940565920623,1.935751622564253,0.9504029288136601,2.1191427102720723,1.522177761044775,2.6377573940514774,2.03666135367356,2.2806053891111486,3.0229818914001867,3.6903559718556096,3.602935547459132,-2.2084284156992844,-1.0074938468471208,3.276972595869999,3.4272213514763012,5.750306846009495,5.039167732891176
-0.6662155053548102,-1.6949914376274462,-0.7858236411826269,-1.0710744414795117,0.37071547329200955,0.3921206668369602,0.7997236961901051,1.3266560185413276,2.604136639885416,1.9048536352919225,2.153529841585303,1.5967267785253338,1.391565130169669,1.0652158415446118,1.8831887319434537,1.5537864491649138,0.4344921494584492,2.1397729289751064,2.000050918998172,1.7220665560084354,1.5559863289672748,1.563967496450684,1.8736138317230346,2.3497464946322877,2.8879807777472672,4.519558852214572,3.795156176320276,0.3470071950239978,1.9228744731897485,2.8227705065527746,5.013854031412251,2.6046468970560386,5.089311990293254,2.8845854355885363
-0.4006722794674634,-0.27423678175466426,-0.25165570224252903,0.4247796329377378,1.2089142570013236,0.8000387944381071,1.083482271245357,1.042414567493857,1.6377816679055484,3.0870552451675657,3.3966490365222426,1.6079707919921016,1.3862941012425005,1.2482289132783588,-0.8495623873646044,2.2571523995275777,0.023772604346904456,1.1800526635926287,0.46920208731792773,1.1622541096722456,1.5140581945273428,1.970037519218156,2.186016231189185,3.1123937521015055,1.8858608305506241,3.468787551517938,2.5170200391435857,1.7641965895970044,1.5135188048120545,4.622181238822902,5.137666494164984,4.073238678123293,3.7005780845635594,0.7171453113350823
-0.28619809877076374,0.26703579510423514,0.157636773460019,0.3245702514623779,1.1861519104604137,0.3029531287908123,-0.5680168889891738,1.5185141170881309,2.83863157696829,3.2394386053062982,2.644434662621812,3.02669488347064,1.6791304737558224,0.6216144133880428,0.36659831230593837,1.7066535256283792,-0.23427969853283476,0.8469194470067385,0.08438524753399058,1.8806828933712227,0.18924190209395453,2.7913637261650512,3.0214008374578873,2.5656474584152584,1.8728289780186385,0.7482786431092622,0.7844664494779156,0.33833309760722,2.762562560682817,3.4279830948513568,4.054531487306018,1.7510028900243801,1.8049328152522033,0.1933308104564234
-0.19919024814403158,0.19782825057503714,1.037214674966979,0.6961894415542249,1.2724926287351799,1.2520526348664633,0.039111799983396464,0.866863423189765,2.323843825660168,1.162597187964076,1.7944368970967042,2.8185397047720837,0.9904552227911918,-0.00027173990354521283,-1.3706542942597502,1.361223024787353,-0.5339225671157305,1.654339447884981,1.24035045430133,2.2192701324843327,1.7194423154675404,1.6281156689889988,3.021910962894554,1.6281160610824164,0.8483702073104685,0.07639227452120853,-0.5767762121555076,0.34922372234861654,1.2972005440640548,2.950951782497392,2.406701310682028,0.626987970731495,0.23549011933894734,-0.7193283814161818
0.18257512125639264,0.22637094768014643,0.9063750051393475,0.6879793864212248,0.969785867756891,0.3209432643595336,0.7128345154660867,-0.5767711172247267,1.025487326310587,1.487314434325351,0.6744161246204213,2.299006609049289,-1.2945813490084939,0.8676791710096853,2.079052864260613,-0.37030577675698667,0.9958870362695459,1.3789357797682924,1.4961344597041424,2.5249741899165707,1.4298193664887635,1.6302090357003327,2.732540854992489,1.0970624312640165,1.3346774273171416,0.34620701261245646,0.20431770342692146,1.2369664514238734,1.6312049397937707,2.4352297270681826,0.8528674187650443,-0.49700434994806264,-0.7150485782268626,-0.40145119729211803
-0.0388809762720724,0.1788392351898016,0.7674093165691901,0.5490516822864504,0.47929054359864626,-0.022790357938184864,0.74537293474322,-0.04022208066840211,0.39163897947121346,0.6633062476850358,0.13320105535174073,0.7237519326361828,-0.5644446791053708,0.6774210085017173,0.3205936513607516,-0.15339340930680212,1.359357039082445,2.474251842206303,1.513878771394052,1.2350447234446578,2.4646514485847413,1.8923769489948086,1.8263156247697099,1.1197802329389959,0.6723694084789128,0.1487147814128243,0.8754657494086789,0.40826398774928885,0.9482544787345575,0.45249751022974366,-0.47057790105851155,-0.976549177345821,-1.0962838568085775,-1.41112566318729
-0.3898024489128398,0.020528940285672752,-0.07799739046459696,0.3658815787357301,0.24996995903355176,0.5014953827482647,-0.46979158289117795,0.6857898300428384,-0.09301884179036775,0.060798190474824064,-0.5547142301257664,-0.2971427816881602,-0.3931114177927818,1.0676104826881445,0.3393391806889931,0.2911804381826582,1.630320813762502,2.291341744158646,2.616399027787694,1.355502599234837,1.0307808018409554,2.2622740718287098,2.5810075940426644,2.095486483482605,-0.5647869450837099,0.48308316424802844,-1.0193373656004436,0.5019215636582613,0.2609904487105161,-0.2841099778901797,-0.9313458310140891,-1.9928039628607677,-1.2236312936771758,-2.7219633262652203
