script/wind50m.json
{"header": {"parameterCategory": 2, "parameterNumber": 2, "lo1": 3.000054539987559, "la1": 64.9999836372058, "dx": 0.5, "dy": 0.25, "nx": 34, "ny": 52, "refTime": "2026-04-08T14:00:00.000Z"}, "data":
[rows 0 to 23 of 52, columns 0 to 33 of 34]
3.4496668989474046,4.050982281904186,5.455005403935562,5.453873355444833,6.173822313103123,6.555237057593409,7.285611278291819,6.201797303036082,5.471819666922817,4.956994074136732,4.552094002826704,6.101233455938037,7.146703073320121,9.04984696051848,-0.19082673398432692,-2.286286680473062,-2.6132619176949117,-4.637158684534739,-4.1866785253801355,-9.130530042879029,-3.5603613427924445,-1.493530234518314,-4.525885907020233,-0.8406927577131739,-2.493241842397733,-0.4234853250975013,-0.8441818549287953,-0.2036021533639126,-0.8038253049358325,-1.1280598778985822,-2.314537658299347,-2.7602537248972507,-1.721291539566861,-2.221771743054436
3.7542885581867123,4.382627390923,3.927028357332656,5.5183855775753585,6.217945535804471,6.991675766836054,7.84360905110389,7.1902259308795315,7.336417032513864,7.993623285953882,6.839726065240933,7.062322540477536,9.07986460107268,5.2736890393979055,1.1604035158095558,0.05932070814464336,-4.101811143124883,-3.7528126681998537,-9.599933581756057,-4.683680015047689,-5.459376106850986,-1.6625446394320946,-1.2333380840738297,-4.627578744191695,-1.8058953688134942,-1.5171645083357472,-1.1214901140966587,-1.6157794979685638,-1.0510825717911398,-0.8152048707101992,-1.235349547703291,-2.5263279475002336,-2.2327705030222513,-2.370827749870867
3.872399842649059,4.558338706779781,4.51766542257391,5.787551922159937,6.502065390559195,6.988825985625475,7.702554276793091,7.558091927042019,7.87184325806951,8.866042754541754,7.6940087637988235,8.440982722429238,11.29886178398798,4.5473213103427685,3.2113580791874163,0.3801885034160826,-3.5665162715749017,-4.54739461678891,-2.375873011977474,-3.765623142939219,-4.62471075884306,-2.0764283577039606,-3.2825441527487094,-4.176557486693327,-1.4682497897328741,-2.2566900066396576,-1.403630129028274,-1.2566347864512895,-1.0854844209984627,-0.7670540485466172,-0.9892982196330202,-1.916918656308971,-2.1192681550447303,-2.398090950122183
3.8437059266425884,4.060187125784023,5.240023481591856,6.005907652070086,6.313803714644353,6.614706817897208,7.721031178101716,8.123152436163071,8.49949522698241,10.374358338668412,9.266699518738118,9.634562134341012,7.417788022837241,7.71010997076786,3.514900678473905,-4.1593646506865385,-3.194483856826737,-3.3594347345733184,-4.659605519443374,-2.361795464693528,-6.776687234057842,-3.678420618700218,-3.1722729901356943,-1.6900454728249774,-1.535979046392653,-2.179517319398003,-1.9415214472658096,-1.6633791533382567,-1.254804479920981,-1.010476992240599,-2.0588328380326266,-1.4211021678818365,-1.8891284514060829,-2.6338467940930648
3.5698671552974357,4.180200611525377,5.15851439814963,5.754800425981002,6.208694337537633,6.173472398479497,7.458480107637098,8.006123229913868,7.329603765816798,11.232623923348802,9.48529622375963,9.341269417526822,6.118500500125908,9.564226290908323,-1.382209298931341,-4.916614773965014,-3.1086735410853126,-3.291192958198162,-3.0852747211028704,-6.013144247493979,-6.786281921094124,-3.9146931884172074,-1.580172071947689,-1.2644715177577457,-1.299395644383711,-0.7178048743965587,-2.229502598123918,-1.78827543408511,-1.2812012018005299,-1.4253360764395635,-2.270124900826925,-2.1294711087287572,-2.79645330544579,-2.4114287266128014
3.3035423956575625,4.375396995885883,5.162109799666959,5.798166350682933,5.61342057878681,6.022250175805254,7.590676756282118,6.779017120654246,7.9259329378633145,11.614430850983862,9.155113300498646,7.354696781712363,3.3775533284917656,2.454290476427648,-1.2813228172176145,-2.3604578589739837,-2.3839443378618874,-1.516445402188061,-2.520040603353133,-5.4947619385985265,-3.9127731358475972,-4.4228355651733064,-1.9868782373608798,-1.1663803294142188,-1.3883723090684044,-1.3658725962692382,-2.3231614187216962,-2.734663842571238,-1.61743743446694,-1.7648123504841804,-1.8448646241458015,-2.4240079926730087,-2.562033246151505,-3.0160210735977633
3.4167500830528152,4.395477384607803,4.875170410346087,4.8244355506294285,5.168326292849814,5.936009603834824,6.254480664570119,6.46119669300586,7.2540340736794935,12.285322447935723,8.086202805779482,4.3166092244199445,3.8454757718244847,-0.7720454407205117,-3.0519956473927676,-3.7295107405189505,-1.8942371622907115,-1.6510534701751747,-1.220318909591551,-1.475137935340058,-1.7511511380955755,-2.57822596527928,-3.764963006949307,-1.173586017086973,-0.9194939520772814,-2.0730018534709953,-1.9439426574814183,-3.0536856632473484,-1.017936083750004,-2.401870151085412,-2.5406689719610998,-1.9465282956670158,-2.680107724909687,-5.402611855034407
2.7621957856310257,3.5711710687016347,4.482104550526512,3.6444633888062374,4.1739714410911635,4.950776067240611,5.703561770170276,3.869512675852163,7.2217620140208405,8.249847319191092,2.1405561632761967,1.1447684975346781,1.1040019151911793,1.7244731189515383,-0.5660674126631805,-0.35584086907512874,-2.0758346450460183,-0.23327522193669697,1.4454110852734476,2.5611009740826725,-0.85132299915,-1.1871648873123357,-2.3430248174624713,-1.8091855913657253,-1.3330471296033757,-1.8028870540285564,-2.3098308714522364,-1.9816114870880452,-3.8876926753638386,-1.8627302072288503,-3.3146981286710298,-2.617256380638186,-4.767651581251151,-7.308719110866954
2.2024167540777295,2.9990829358673348,3.6426313191384376,2.0483630112961655,3.7232257142353413,3.1106694004962314,3.8777659398070465,3.799140300090328,4.196323756122209,0.2131205868277974,0.19047785121911343,-1.4297632022442164,0.4572338364957254,1.8474045225830964,-1.1629173375679203,-1.277883316067212,-3.9473674105860357,4.577971671783759,-4.2802173176202984,-2.8061554155767263,-0.5293094946621332,0.5212857259666377,-0.12809096701095368,-2.2297643000198835,-1.5379097672550215,-2.465373734923059,-2.6535256249608516,-2.2484096321497993,-3.220247636593949,-4.269780937686274,-4.863044730994902,-4.1817705957751174,-6.696898637365828,-6.7640891700091785
0.8598447740774632,1.543040411667855,1.637061736341852,1.3632102537296817,2.2596268113118794,2.651601743862866,2.4498611816422615,2.5623551584166755,0.6479387716525297,0.7202347148369782,2.195286444114721,-1.005182345493481,0.7910548308304003,1.862695064426749,-2.856667717751435,1.6676832324610527,0.8986301652762931,-2.4094553799481533,-1.2218190145645598,0.4226771334137418,1.240870371802728,-0.691120595565667,-0.36937622141763155,-1.464318767132434,-1.960156930704149,-2.557973371358577,-2.1886864742770933,-3.068957461186008,-3.103062301726046,-3.525761531460392,-4.869578953931075,-5.522388869243328,-6.343185657869368,-5.334817751992403
0.028400810617275424,0.46730250614680346,0.014845722035188441,-0.43226868048983,2.0825047983745764,2.8503628907568768,0.08036678874893927,2.1872162753555053,2.1535269046595897,-0.08906994964921207,3.219217273689704,-3.74844806183907,2.0545576532473624,7.146318418625289,4.1537957264874885,-0.8790862897245647,1.244457703131761,-0.9785406777241272,0.1978686731690379,0.08893422417615429,0.5893379706219521,-0.14390492284138307,-0.39600100411886385,-2.657593301123918,-1.0979039844397709,-0.9249187112756786,-4.544639201455544,-3.3173508533783065,-3.6751753590552507,-3.9063375760209667,-4.778696375594155,-5.577335408317938,-5.5937549967700315,-3.937183991344294
-0.809228461157224,-1.4717731861296306,-2.1596111403916427,-2.3154961549392286,1.8640581882747889,-1.5827299246291644,-5.767427083654363,-6.878278357306455,-2.195679054796291,-4.792846488929461,0.8568403345562691,1.2830043175933372,-3.8906338227779824,4.009631274161369,0.24272047055884233,-0.2604031325824499,-0.029385010154679803,1.7449480976383631,0.9408556973354577,-0.3486996190367314,0.38607409592488257,1.4985653766738478,-1.7102495928159043,-1.3122200475934993,-1.815627456876714,-2.498210324574078,-2.1967023204181313,-3.9706990180441317,-3.907782379563312,-4.394554484135501,-5.105300155676773,-5.474151810221288,-4.969365742474077,-2.817198367703196
-1.2220969265237298,-2.975337015503953,-5.080228606756659,-3.8208022611148085,-0.4550656075097196,-0.456170353398372,1.5205893354578515,1.0747482969991875,1.1347937525402305,0.8956332139559883,2.1300522374360567,-3.9689230427300775,-0.8130957935345207,0.2748854203927797,-2.8341278666396814,5.392637346567674,0.5510362541078817,-0.02310365593042398,0.3801484147662334,0.361292542725876,0.08155307582616635,0.9075704675120628,-0.745446524242477,-2.4034696126822483,-1.8174473851185355,-1.9413295735051095,-2.172304838204105,-3.6670117572848855,-3.788220735207718,-3.8059291054038935,-4.478148121329661,-4.433578207829895,-4.3756476530069826,-2.2047988800527447
-2.1473112336239586,-3.9293696842464176,-6.268907648229583,-7.710689187279871,-2.8385313609893696,-7.155096758162484,7.996418873138988,1.6757985915650762,-9.044831089559278,2.477411120280485,1.2662634711380232,6.17408876814588,-0.797439637910815,-2.610906926733599,1.5186472899999084,0.287003423556896,0.48810535723302495,1.1148725512596867,1.4515111769848834,0.05534369628029587,-0.9868291069919496,0.4154656701745447,-0.7190534196260462,-1.7233212907637083,-1.7362842312460136,-1.9845637665655858,-1.7037993954982618,-3.8869694891623134,-4.03860234256489,-3.6423642915233554,-3.630205851115487,-3.715628887367107,-3.8372436824283853,-1.656188053783427
-2.7082444393623173,-4.909079688595703,-6.170609364254199,-8.334011630957797,-6.163084377837597,-6.772588793265789,-0.5038673005365691,-1.3761909953803286,-1.9846081944083205,1.6106207707470426,-0.8441941735755802,3.6405938350775986,3.2576985125469706,2.623081463282266,-0.421919235776533,2.9211920038362273,-0.10062847598725605,0.05331892330782855,1.3906092989488577,-0.261132416879869,0.15258382462384332,-0.5048170607610241,-0.1943991623628211,-1.8315416669246116,-2.168725670507162,-1.8016192587533137,-2.1491050456102756,-3.4763159081899087,-3.389475517729745,-3.3108094166812143,-3.089525928589801,-2.7768029446451594,-3.3103381259480686,-1.5831586660282955
-3.301884040456148,-4.375258432813751,-5.00234535133222,-8.816917612144456,-5.0715023701952875,-5.065879267412751,-2.7499853524733857,-0.7012120392412333,0.5845967561593436,-0.3714681060911508,-0.8229165478831797,1.2098817090190959,-0.04368262805231016,0.8741525508389713,-1.2844157698252123,0.919896260435513,1.0745538463783935,0.45585923533024436,-0.15567179552373872,-0.022492322307725417,-0.040042324868472506,-1.4475313545267128,-1.7266799774482655,-2.3226926759470814,-1.7238256193986836,-2.2780183564763385,-2.9699202542716354,-4.148608133742665,-2.965745819316653,-3.2911268771742535,-3.021680107759795,-1.9163516611972797,-2.3998817419200393,-1.2331672185076203
-3.808567359615317,-5.361561832053915,-5.166390612906684,-7.1894068942912535,-5.5743920462396535,-2.47103232392629,-1.8377236891482875,0.2231585190926424,0.7132102212099443,-3.6142117896231154,-0.4166700897822783,8.13362587330287,0.24846375698813947,-0.8138591803028148,-0.5290326446597171,-3.9396991034785667,-0.17212716873847303,-0.015989450786136995,0.6894809035058328,-0.05326058177076037,0.06284627265147127,-2.387348200776561,-2.4933014629774477,-1.1861439639393556,-2.440895962381845,-2.5040070241452885,-2.9605094270303636,-3.222603360460523,-3.4337334822097847,-3.3635316821858146,-2.782970391221567,-1.1782217468474152,-1.6926171430188528,-1.2059989709394807
-5.208829502279343,-5.732241998153977,-5.521904718743061,-5.8706263747761875,-5.471618426822164,-4.4670118592785295,-1.9732933594854891,0.08650020921977511,-0.15797535539494117,-1.023896551847556,-3.000943725228351,2.6740975991656146,-0.946757358918632,1.1067263246586245,0.5384389786859117,1.4635562847757977,-3.407362455168526,0.506611266105354,0.26644763129272586,0.42318071032082843,0.14532629662936197,-1.565408483233474,-1.87946020280984,-2.247637280836337,-1.9269738028274157,-2.3542970146833815,-2.8720056118975976,-3.040217438590018,-3.23130075036243,-2.8773947025640063,-2.5444207944733748,-0.6014202669269844,-0.9209579481800428,-0.5688330837475013
-5.638197076510902,-6.402485285846456,-6.166306227077161,-5.705744211890322,-3.761936932554534,-3.7668212741196667,-0.4347542975148611,-0.9737058518904392,-5.759073388418632,0.44490177679819326,2.3209110899347714,0.812855878749964,-0.1336157366706036,-0.1691780809282571,-1.857804949088091,2.3351746920860883,-1.161441590883403,-0.3934502117899615,-0.053902017163406146,-0.6245798156465054,-0.11177792852083436,-1.9574262458007687,-2.6177370846271195,-2.6578758396577036,-2.3358268002286007,-2.9473351899565694,-2.655262960603682,-3.9067985332439763,-3.464865106752957,-1.8385973553424144,-1.1018443622923897,-0.5643935533210908,-0.6879620131449776,-0.26311605003284233
-5.58465807428572,-6.876319811735617,-6.941530705951387,-6.466412228313166,-3.9112082169323372,-2.599779162498092,-0.809853909662295,-0.9265460154338926,-1.3144454817680122,1.8995050303318883,0.2698158450186327,0.991664782859905,-0.23308943047246172,0.6942889656885225,-1.9715757304926416,-0.3103470287400981,-0.9693669517232768,0.5820536667105368,-0.18894969389732616,-0.5054381757609836,0.9851425246324038,-1.2527154007223558,-2.594664370509306,-2.5596433428437284,-2.119528055657213,-3.094913662959467,-1.9762301542910046,-2.5993518184116122,-3.065912257362313,-1.7331930061221856,-1.71226942968705,-0.6491889246715051,-0.7447487344580089,-1.2218999679988183
-5.761541493834317,-7.143274387406381,-6.980693748617251,-7.180852114312285,-6.867318222922278,-3.1478179111985143,-2.0163318290971417,0.13551157354182533,-2.322340928267904,0.7965455235735162,0.9510960081077026,1.623748708962147,0.602565366246553,-1.0365897962292485,-1.0570676036265576,0.6921928988798743,-1.0301194803613294,-0.3381125454665264,-0.5379943187470552,0.39297197400848505,-0.5069718322479099,-1.509431488524223,-2.669957429244699,-2.533752358467336,-2.471922604037874,-3.1274611862486146,-2.4555247968636444,-2.4717410084698757,-1.9721882308989005,-0.7126245905164598,-2.623315735407219,-1.652981235779181,1.087567807711518,0.5039996536491754
-5.729765608975079,-6.942758285688015,-7.442361858060172,-7.791199890017327,-5.972322326313085,-3.3054404505802966,-2.8373824017991427,-2.5051954947284645,-1.7289246543380283,-1.3200620802596972,1.3944152904341223,0.614965243203787,0.20977361227650002,0.41810445843157923,-1.9098413120971591,0.4898189307359284,2.4079120712175546,0.1211550851533897,-1.2400269240533552,0.4930344591260931,-1.3388011308405945,-1.179162149991033,-2.7627901032918247,-2.367678254528882,-2.2726066973419052,-3.313149502866311,-2.053420580625019,-1.8392084642815214,-1.848017328323372,-0.5243044120295004,-1.1970253983295716,-1.5179034881863132,-0.8504617600493829,2.8716720109488003
-5.891371855433977,-7.31207649473936,-7.698969422598564,-7.814350940249109,-7.438557451450326,-4.342631868176962,-3.2398887045918396,0.2632208334943236,-1.492418454414189,-1.9148371577047216,0.5594523788230671,0.21956334640048858,-1.8556635949567304,-0.06906979421215244,0.39526688158769885,0.9995272597742135,2.3673516392137994,-1.0304623868633038,-0.4401241233670504,-1.1226124017129155,-0.3771049778368001,-1.0524850543198003,-2.258357254928175,-2.420895202749605,-2.566295902465436,-2.6345757586761365,-2.2995024450239288,-1.7405115479317692,-1.0666011916217164,-2.8842319737137756,-1.2346555689400571,-1.8477718426317693,-1.1046377401416156,1.59468415302776
-5.771118554516781,-7.0863969892068654,-8.116316163612739,-7.303208211552032,-7.870080002816025,-4.19629854455783,-1.2613994486416407,-8.88199654143287,-2.094589364165149,-1.182688304579113,-0.950282855717264,0.8985783249124768,-0.49651638109355384,-2.1481261517255406,-0.03893230646223908,3.0928149420878444,2.8703115840102886,-0.871110504444344,-0.6381665982231023,-2.3052889581353315,-2.116601615598785,1.8421458834388102,3.4114520502163055,-2.6446088480895305,-3.0956074017847315,-2.743684566573468,-2.6891146828822237,-1.0578332187731743,-0.9155374541180531,1.3881727068794647,-2.4130477563627455,-2.268911935363936,-1.7171057662407276,0.3432406192001039
