script/wind450m.json
{"header": {"parameterCategory": 2, "parameterNumber": 3, "lo1": 3.000054539987559, "la1": 64.9999836372058, "dx": 0.5, "dy": 0.25, "nx": 34, "ny": 52, "refTime": "2026-02-24T12:00:00.000Z"}, "data":
[rows 24 to 47 of 52, columns 0 to 33 of 34]
14.140728878949878,14.980652180190495,15.192305112958488,16.30239082573246,14.935964645525585,13.130121149244037,7.620199282675966,4.773574691875238,4.960624595932419,3.0809808201335778,3.471075795321637,1.4806883425544817,-0.8906441222781235,-2.5870424726992205,-5.163169770765388,-4.597222114573177,-4.731023317566712,-4.3555937146310635,-4.908785719249815,-5.155793586187732,-6.680939799701331,-7.599106557372089,-7.06404635747248,-5.70552004826592,-6.247338364610678,-7.013798458068747,-7.519890923657895,-6.595644774327402,-8.11925295582966,-7.516378973638814,-4.355059907621264,-0.9562951460165356,-2.495070520376068,-3.8989299185845008
13.486060567167133,15.0990376964859,13.569981748110203,14.975072187314323,15.553626343010706,13.346182427922239,11.373666379208895,6.070941520492373,4.317563560237769,2.2318809221075973,1.3917296022880312,-0.5398783876779001,-1.6325473766401315,-3.215099367773063,-3.674221774604213,-4.0395242946924785,-4.09229702414311,-3.9876146594076776,-4.300623762756493,-4.606241358275137,-5.890513451824202,-5.87921189884444,-6.448246176864917,-6.6080350903908,-6.97029236913993,-7.268382388050822,-6.94855436485409,-7.6558065914494815,-7.271688034231512,-6.667271169321165,-7.920619570970785,0.8748325087164237,-1.3242463847293455,-2.7682443980831763
13.990581168306974,12.713056578589825,14.390540801120883,13.010450134646659,14.059415799339135,11.626510845163146,7.510626346879664,4.689185171728621,2.977206476135397,0.5633739652016423,-0.10943240562503675,-1.4959933200649955,-2.5142430543905134,-2.904349661194997,-3.604091728215062,-3.695749318768303,-3.549700836686281,-3.6280229776076127,-1.83374958495483,-6.419789324556527,-5.778946567275335,-6.349692360071374,-7.8405618278394025,-5.863721523887047,-6.263383157073056,-6.288576009488516,-6.717414681911641,-7.159150325629102,-7.346889394075478,-7.840286252920576,-8.22978051115259,0.2972704195320909,-0.13889810629189522,-2.542631874966707
11.203476627556716,12.695453155194993,13.203923635350778,12.412988960669372,12.07933523757605,11.659187479942025,7.256034682265127,2.4795770197117912,1.812820326036448,-0.49008355621182287,-1.2137786177109537,-1.7870646348806265,-1.0084785705144899,-2.2101039145928882,-2.924492215168774,-3.6107672867451104,-3.9206558337265367,-2.8911749411973493,-3.2141990932403752,-5.242801417761758,-5.763498821455925,-4.601793673115921,-4.979114484409996,-5.917654111469124,-5.542567402556753,-5.236606090971727,-5.753387060806753,-6.3743446364991065,-7.457147095838795,-8.647032663178722,-8.616289806360163,-1.1686597939481755,-0.8394302798986288,-2.506578148142455
11.297353933884976,10.788573517877705,12.080946274514726,12.404508431463674,9.571644059416963,10.966840200374772,9.602570962362025,5.450182217538502,3.5601604459965333,2.6044360767927297,0.21057659784539348,-0.0006802699488768467,-0.7579156427746165,-1.315490500287767,-1.5260191863346135,-3.2076551149463577,-3.84417350232379,-3.9385367633878836,-2.6351140479452795,-4.442183577515586,-5.180065036718375,-4.812281120896665,-6.850354507007335,-5.6181879193999915,-5.276541749536902,-5.156766061016999,-6.005181706895924,-6.49970411299678,-6.086319037765155,-8.74761496854532,-7.919617556751216,-4.1429330229478065,-0.12455992208096156,-2.9123740634626114
11.973540353565042,10.019669784294084,9.790707970800181,12.032803192352697,9.86222544266634,7.894619705187017,8.331282989111118,5.837618249260157,3.2523138408160985,0.681300235380986,0.9972593085018046,0.4117550325288552,0.5098109950577432,0.4576317869562942,-1.9588904022137006,-2.9975632193840487,-3.540359498529674,-3.8981225299185547,-3.157240402540509,-3.9771440117411,-6.082673491795344,-6.5350945237070555,-4.336821311585887,-4.674648302375255,-5.296127201045864,-5.413455139998545,-5.936571288214009,-5.762413184191201,-6.338689917212964,-7.97972297365713,-6.361995640306492,-4.466767450316873,-1.2541510789495427,-3.3895823611498437
12.779407514499415,10.410131073863486,9.103142717213785,10.211179152692507,10.428943117633718,7.334585567237587,6.772706091355178,6.349770320022438,4.057637962723019,2.3667492885888053,1.00972167478809,0.3515885222259808,-0.8394761911484303,-1.4685878586238428,-1.0210666367282244,-2.777148911599212,-4.099627184465789,-4.142269327934236,-2.5854016851787303,-2.9799858257277037,-3.653142095683202,-4.132023579018002,-4.514381493543774,-5.38481383882222,-4.802085126140928,-4.981380795912785,-5.484535191050784,-4.857057820015683,-6.040700865747282,-7.386470790733783,-6.672571645652972,-2.8654252692205477,-1.9093871056370282,-4.365348703514206
13.137271182173068,11.361650790311986,8.943716104871184,8.06887286304113,9.669381440129243,7.941172513401725,5.88455226423375,6.1458528112169795,4.191051845002526,2.965212057275252,1.45036615371539,0.3181614617362727,-0.9410883547139313,-0.7840886257398852,-1.179601501388092,-2.5790450586180977,-3.229991884140455,-3.7144192199105364,-3.037323346869001,-2.269633304340486,-2.810558240475619,-3.315232054256651,-3.3678561259954174,-3.7662228174123342,-4.28480446612458,-5.1702754038623,-5.087017825378107,-4.4523816594180285,-5.953159474529592,-7.890400360135044,-6.4445592373042055,-3.0955024474627706,-2.3417170062932504,-4.392301234504287
15.091217035552324,11.601580174029364,8.89159135301176,8.167956104293234,8.423766742114069,8.467828471242807,6.6503820007709376,6.753329556407522,5.206788560317373,3.5347062851641162,0.8977936894468826,0.013862736895300933,-1.2839663265604242,-0.6293231781398755,-1.7357139411519842,-2.0972960947690917,-2.7908143429694263,-3.4670211191370335,-3.1604421069755038,-3.2734563151712814,-3.1305995521854144,-3.277554676522733,-3.372415157254091,-3.5368824522877347,-4.2094895075299945,-4.533680538216522,-5.255194532539172,-4.3693417915817125,-5.922627161226467,-7.51624233359209,-5.149320961717432,-3.897202858991696,-3.3437707002881667,-5.146998205926944
14.340703613204417,12.235560115041809,9.003387234099222,8.150022104681327,7.249585108220981,7.837869937878413,7.088348897143069,6.2028786646590435,5.985676756076106,4.771452010023784,2.5754013923058596,0.5550167376414018,-1.220801909469463,-3.4657777685807005,-2.2796255032356645,-1.0697446901320167,-2.5160560516534387,-2.2281936680998062,-3.051569853481061,-3.9890821248145607,-3.6167163059208214,-3.13086726414972,-3.2583712901377315,-4.343138999379753,-4.5718047138266975,-4.408282767672589,-4.2945201949855285,-4.143098480350936,-5.688601513517218,-6.610985689882049,-2.6828637817327206,-3.631874068482661,-3.9262712543712754,-5.863543953647181
14.771768310759585,12.930007594273073,9.770042211678318,7.990794268613075,7.729825303828027,7.099145909861262,6.6330297698722935,5.753074006442512,5.311847490199274,5.6202400457938255,3.6597008944492306,1.6558175258114811,-0.435954265759844,-2.313436673537052,-2.966217828261532,-0.32593324773365295,-2.0785042540170036,-2.47295734656483,-3.482546618931623,-4.399328803664903,-4.56996419064232,-3.817127991725698,-3.328911780740716,-4.145764128463139,-5.747834669774607,-5.000945629693373,-4.232923268813747,-4.1725169956599615,-6.363184120188876,-6.675013496632261,-3.1792691294075426,-3.5290535248329826,-4.238316464941033,-6.360112590806127
11.80744894723777,12.042666677973525,9.879667898573931,7.479006161543977,6.856365579428618,6.514331492992088,6.314262034699255,5.917115766397378,5.181717066987173,4.479512334888936,4.887247566355683,1.8421877675172287,0.5809832797912389,-1.5897554762577275,-3.695754113495999,-2.486795448791059,-2.068581573699176,-2.524848776953909,-3.6477438123453436,-4.604901737463287,-3.121806092979806,-2.6034098254530225,-2.78424371538377,-4.659190520534454,-4.242108682178517,-5.234046342330585,-3.874584356882367,-3.257131529654068,-5.29913220431268,-6.03385194049649,-3.9222417441570543,-4.263531078240305,-4.992097902095392,-6.709024518521798
7.426102253228083,11.780243499807355,10.383898178773034,7.590981705003114,7.11392627712697,6.719706414001543,6.145063850817182,5.073972107497992,5.2862171049489675,4.386109783730385,5.067470760557882,2.56441389404424,0.9990294407497214,-1.3308537535080582,-3.179510995884509,-3.6095654639240355,-0.20777011516850843,-2.7795385364071112,-3.2573717623190164,-3.436123055519155,-2.8047547378681226,-3.7671584351508813,-2.904300687673174,-4.78826158245077,-4.872922056892025,-4.688677387837484,-4.993505942342582,-3.932652497847091,-5.889430251938949,-5.274401821824836,-3.6961352268752043,-6.933961806919649,-6.962846637285214,-7.398203743022031
6.036819537676304,9.411057249050176,10.214448933561998,7.9687185472838475,6.044492542568846,6.306506651039564,5.813111075126777,5.183701722745352,4.649275379822181,3.676041513872974,4.705800831754203,2.7801256121069327,1.4784171719867116,-1.074065959539478,-3.854309905498149,-3.6008220668826096,-0.05570014894514489,-2.106939917107694,-3.7350787647609516,-2.972480050739948,-3.087776603914836,-3.567538447182016,-3.7187730106007515,-4.252708686588062,-5.624123260411326,-5.44298842350427,-5.389329355367766,-2.5635599573450496,-5.283502464961346,-4.708742538087245,-4.609432742319388,-7.101788371793913,-6.905180793750744,-7.291076893344924
3.9262322910837297,7.192105267656314,9.170169199499858,8.353559502199282,5.677414735348403,5.634836099480613,5.692628611062418,5.825877618574626,3.09455968015329,3.5992500574314317,3.345291384199209,2.1238981187635098,2.3058971737469047,0.708246047267821,-2.0733056735399225,-2.671208607813684,-1.3271933786656778,-2.2067253243373486,-2.9978892124333254,-2.704072097690222,-2.9026300036648425,-2.8218884037084435,-2.426429433762699,-2.85583977392826,-4.4401113749422345,-4.986410111797375,-4.081014729231338,-2.640762670297384,-5.296382664598577,-3.9999018753300666,-4.432843311297994,-6.096117837080406,-6.073980407775009,-7.1812067713992525
3.430532444055357,6.52364773562732,10.082363740985882,8.280776890499444,6.235409266866507,5.926566830616813,5.264339366883961,5.160675164819088,3.8039055878986545,3.3239968636948682,1.731519966408551,2.2029629032684155,1.6336093707754842,1.2839375719344843,0.11967970657789984,-0.14952494309038855,-0.7800835607870421,-2.6598736827737377,-4.253038712231465,-2.1101453274471433,-2.0218906827437335,-2.1331326363893464,-1.6590233603674327,-1.451029177164786,-2.6332988379564215,-4.274708578244008,-4.08771379139448,-3.0792167824946257,-4.181341755654026,-4.056783007573663,-5.464674799343009,-6.436109214415567,-6.7713448700395436,-7.4168792024181585
3.952166194909683,5.624744267528297,9.89824937822072,8.0325534379617,7.524111569434327,6.358421769935631,4.653143306694646,4.7229581619883865,3.9804694801647065,2.5324168469066617,1.7973819720996944,2.088667685860352,1.7186584998807775,1.6021418733398194,1.9990189335087751,1.0245269676680706,1.6038724742640027,-0.3567896562752799,-2.4199142151504485,-2.333893665216807,-3.966201657211937,-2.7704409693001786,0.7979120784377913,-0.8522801552442912,-1.706902154491216,-2.819012977792535,-3.4404794014086537,-3.4187687047682065,-3.5759170616568734,-6.288211096367071,-5.369446196355701,-6.340403223884578,-6.0748603589750445,-7.748910144507692
3.181873206237199,2.0554584377537046,10.441330644348493,8.850790665898517,8.751044515191435,6.749150156326452,5.254797736042768,4.475084308148874,3.810149205415036,2.0869794358085136,1.9194522204867324,1.1367745299541208,3.3097713115510423,2.322010492801524,2.3978296117975795,0.6834360384910237,0.9446393239386547,-0.7208808080651004,-1.4441686699062146,-2.907606200843902,-3.016012487734787,-2.4190821479244677,-1.930528222461441,-2.3361338302504486,-2.416772593067256,-4.103565292769674,-3.6223071449039725,-3.7228348959342368,-4.3337491257335214,-6.469903243136965,-6.705932728240492,-6.355710271964349,-7.642137607740495,-7.885061600114181
3.817864680572954,0.6879205072368657,11.308142894595132,9.458179749785746,7.114005520902761,6.608860344785323,5.1988505342546425,4.3407997941363945,3.6306188430090525,2.410299888725313,1.8203669201694257,1.2363117196178977,4.119463818338402,2.4256501069110192,3.3408305640569007,1.0102048995177182,0.26770099351005444,-0.35755896711505186,-1.0668591542236492,-1.4477768850752522,-2.1771764544034946,-2.6429796897527487,-1.7964331515738658,-4.102823134564149,-3.4719892813040003,-2.5214782646614116,-3.2842497241024455,-4.321984455159216,-5.3887706899182595,-5.275873563003846,-6.512262178682931,-6.42765945999611,-8.043850104328007,-9.055947559403746
3.9511094050989097,1.4663919880181981,7.163899756299813,10.017675236520722,7.695927386838842,6.436780324109151,5.7966308011386385,4.783668917760503,3.9959403903751567,2.918103864159085,1.6152285843857452,0.6621163718538813,2.429671513641039,2.393508792643279,3.1694049064240857,1.7956236760565103,0.954533732053221,-0.5074341337712099,-1.259004184802937,-1.501534923658771,-0.12314057197568437,0.1495660316974105,-1.94360380412785,-5.36453795475873,-2.1300941536807567,-3.184617159685435,-3.7324191971915535,-4.730885574384176,-6.093804357372513,-5.656603754672623,-6.600873926464543,-7.530266455065155,-8.720625647398501,-10.504439130286094
1.087691640386494,1.2249928885140653,5.409657388933138,9.450285002142243,8.197576196482364,6.17791306767966,5.179618089975863,3.954673295429776,3.899291366230486,3.087321771102028,1.9929595132883473,1.5466796729585428,1.865833083594876,2.25191974748881,2.259044940706983,2.543189403936509,2.0637835127687962,0.7364422592919911,-0.23580386043731497,-0.9908987000128195,-0.42087844226493676,-1.0284522243263639,-3.039267305549926,-5.6108302970918755,-4.172361260554353,-4.601265154970154,-4.708425424247842,-5.320280552365086,-7.462324546540267,-6.787983819189673,-6.24647425179157,-5.327963368419083,-9.323549380210917,-9.297056998539981
1.322150817162481,1.3056633886927993,1.636172255096131,7.706965434755204,8.46504547539267,6.394961064415978,4.080515533734335,4.147797217075912,3.811683582283149,2.7075502370557976,2.128972992063213,1.7637493792706038,0.6981592183940364,2.4640023829947544,1.9433721151511552,1.4339581862942106,0.4620497380330177,-0.01951052468220667,-0.2166999963703478,-0.45605164619471095,-1.1635188222334627,-1.6386632010393085,-3.4263357206359055,-5.719227462002109,-6.0005544012338365,-6.053837157003538,-5.823403925324945,-5.2569089862280185,-5.728058442499284,-6.392575309293014,-6.447277890675577,-7.337256309253556,-8.340660651634668,-9.04971019924067
1.085267998987221,0.9919563562529735,1.7312578183239815,5.73799961968467,9.584257173680056,6.782163000413147,4.462304410903633,3.4169406727233222,3.0226923412730025,3.0528943310748637,1.4852017639623816,0.3919364228297776,0.5149806824648262,2.2464578707160783,1.8629149252839015,0.5646188296158862,0.6005954011087072,-0.24368747047103023,-0.4991824176295755,-0.7080555846836943,-1.5921076996875714,-1.780174411988461,-2.816485130875562,-6.829764744162075,-4.830412765344428,-5.530106810903987,-4.97526036799079,-6.668353263944044,-7.6536625172913375,-6.7120376956881564,-6.20277533108928,-6.504634743999643,-8.810681162562123,-9.318988744519979
0.19921887991876522,0.3143096310446193,1.143182896220094,3.3923036539476787,8.560013290213861,6.898788545402327,4.276660290067778,2.9736299326698017,3.1942710561457504,2.002332120444876,1.9267405683596333,0.1772036312239127,0.3588476402887656,0.6387642216149677,0.7127848358878903,0.5185191792324566,-0.06971222513397536,-0.33652596780806604,-1.177341833184511,-1.1212253602025897,-1.3625672305806313,-2.1730575445127736,-2.4553324360715765,-4.2394692653656065,-4.080469749099585,-5.6233503118076404,-3.800818474847821,-5.550787510598369,-6.151177427052555,-6.617669591965979,-6.423162255646967,-6.706115953902065,-6.146479301344975,-8.983606756109996
