script/wind50m.json
{"header": {"parameterCategory": 2, "parameterNumber": 2, "lo1": 6.000198445256149, "la1": 58.999992894266676, "dx": 0.5, "dy": 0.25, "nx": 22, "ny": 24, "refTime": "2024-04-04T16:00:00.000Z"}, "data":
[rows 0 to 23 of 24, columns 0 to 21 of 22]
0.5840160997140323,5.884827796483886,4.542822150081143,9.186210776792214,6.22219335927354,4.306005030729728,-4.074976244678442,-7.120441991358387,10.495967357994124,-2.9260876932638564,-10.015788718710878,-0.9277891390027242,-4.922750693385551,-1.5651986934655668,-5.501672973313315,-10.556020151071674,-10.892235064004009,-6.365309953222467,-1.808837584650451,-16.695164725389333,-12.746826691226694,-5.341747652188446
0.8583521161953285,0.8810790945532782,4.089651029795534,11.280455230718959,9.683983988304332,13.592889338181633,7.180929810680621,7.981735049174159,-9.170381291410681,-6.611980871232769,9.703282790211654,-7.219380830080421,-5.741034911457655,-5.628069504344398,-4.8199291161456195,-11.717761284595344,-1.5531310757912673,0.6433897352148433,-6.429518617510246,-9.02344159744206,-7.6131391616983795,-9.215597283389306
-0.5944118362902892,-1.3341870696363247,4.173771872516971,10.314198003606393,5.519622762012449,-3.457580235646786,9.314306248808311,-6.940441877989027,11.062137883601759,9.156619248012424,-7.408921556031954,-4.289751512730816,5.107840488770671,-11.523361349044917,-6.8566223599415315,-5.8412971370489295,-5.047186872583179,-5.572922257569719,-5.253569323296369,-8.246126326128556,-10.249020612325197,-10.965333686411833
-1.1084417412887742,-1.4638987978508047,4.482983795178611,8.517372479205827,-5.1826838493608305,-4.142786690402616,3.1333850885572816,-4.964563616641421,-10.208026826533509,-8.261960022171358,-8.704559664562376,6.469566501673546,-7.867469599875925,-7.338630700303255,-1.248959917869931,-5.997071867931287,-1.286091804530826,-5.251072420933874,-7.908176982029559,-15.989983507086041,-20.346050838466983,-8.410016591728425
0.6833049501541572,-1.7972233860707472,4.186336219355547,-2.5417301102728715,-3.2320679640301617,3.161598482150447,6.35011973790365,10.12074853062611,9.06470862817431,10.14927617268009,9.194817298200384,-8.308038823519118,-11.042487714408633,-9.260576475258636,-1.5985167516075798,-6.792016280651015,2.5392660332930332,-5.972967238561079,-6.456371415636753,-8.618766930148876,-7.870899884266032,-8.988496131913303
0.30730834072006596,8.874591784211962,3.865079480636793,-1.8731275692565963,2.9417539608640175,9.763133577851788,9.348171518446012,-6.90181541322176,-9.26522870387979,-6.569766742423764,-9.868154405360512,-5.861066685240199,-5.1535607963561985,5.225635179982097,-4.740936670015898,-6.209959291350318,-6.431170468073124,-10.7698552850853,-10.612762970413044,-6.493913738927426,-12.983396870746024,-10.566570842318573
0.6273972379166413,-1.5176734442429582,3.5097297141074155,0.11029108756386402,6.804733611417812,-4.299569972209408,-4.60769060764307,8.894017044219938,10.081128993810925,10.52148722083777,-6.653666167022392,10.196599603836864,9.944629441855206,0.8808696698485429,-5.0630842871735,-7.421720115262132,-4.732721092670743,-5.37201257273425,-5.4412472530344695,-8.790659437833037,-6.414086147580586,-5.471284068021208
0.16678643183255498,-2.5211269500966056,3.1570612282465778,2.742857881919817,8.542548886773718,-4.148578662283711,6.330485401814344,10.299672787664854,-7.915152343115779,-9.661055227527964,-7.570118614833626,-1.6735899301000474,5.485909850888484,-4.966687932553662,-6.368918680865581,-4.988873636795377,-4.424462726049396,1.4084453936544643,-10.348570362354723,-7.7771634099603775,-7.66765154320603,-11.623091320944924
0.4054774238523224,-1.4091370636642973,4.169237312406357,4.325428492078889,-2.990152009883466,4.852245180258982,9.223060744652257,-7.245840627278903,10.607878384722135,-7.714251976372805,-10.017359327948446,-6.025587627555536,-10.968180368017396,-7.6680353354356505,-10.875009849465942,-5.979358233404355,-7.266676476352216,0.3213842823440785,-9.151880754451835,-6.051575789135944,-17.758715568845687,-7.441000780142459
-0.631023008195609,9.23334326561003,5.20169737511738,4.781871687479727,-0.4681230804558354,13.299581310364816,-4.145707281784704,11.018905736891357,-6.850610241461702,-1.3173116533435618,8.382234584141942,-5.395840697627225,-5.875230291159253,-10.599209831180168,-6.467710175704319,-6.459581087392548,-5.90069965471533,-5.240609306673216,-0.5720145395107442,-11.46090865997258,-7.350516404165102,-12.72965639590081
0.690240267705395,8.554237294624363,5.283062590006731,9.690671432545862,2.3400798430783136,-6.978530397505453,6.525512468119306,-5.862795417913292,10.387821963649333,-8.287236094037697,-6.920727473285878,8.300202180472649,-5.812043428504566,-7.685583747151738,-6.492562190213085,-7.822907003055838,-6.855314416356444,-4.877192229413444,-5.954908037876161,-18.196084346250327,-11.076961747151207,-9.94092101887096
0.26033399620355824,5.516715568486801,4.392519236171769,9.931811586580025,5.343938809155757,-0.06082170536616238,9.152335190536864,4.545970959434176,-6.117500554707735,-2.4615582762674837,-7.922268713548614,-6.5007503996427225,6.2439372572788825,-9.770358397566167,-5.217739000366986,-9.68022541115921,-10.660403577765289,-5.7172474168841045,-6.315676117765925,-6.424965519883226,-7.836084154310064,-6.811458927922513
0.676654065893198,5.031283180744857,11.208674883319672,9.727080089824575,11.04432710635575,5.837876736222965,-1.2922016702204822,9.49129502434441,0.8540486658440148,-7.665066450949233,8.421401034594453,-5.4630504853550335,-2.6955957361541643,6.127728003468472,-5.333179766685018,-12.05094557383069,-4.643037794055152,-3.7567810808780813,-9.856555729085581,-13.198190960749729,-8.247902119435409,-10.57929042349351
0.7645735930975376,4.604236444542793,10.318317402942252,7.6726225360342655,5.5150851469715,10.482490848066853,8.952777796890286,2.3219037804669234,-6.343703173990946,10.278978186212269,-7.541023403649966,8.925385503166062,-5.671402279315479,3.3736051082812115,-6.028535683515384,-7.229334120650554,-6.636249953398412,-0.8188071532387634,0.1397430890373141,-16.24049132189431,-13.306302045183585,-7.024010011560537
0.6815549959827228,4.990436721217733,9.01962810801817,-2.232280809937005,-1.9970762203233812,-7.24476233271213,8.970603383924185,9.661971303782487,1.971433355255222,-6.698697594191924,-7.406301145864748,-1.7927994029804732,-5.547218180887697,-2.695345696716471,-5.706005195846031,-6.968166575565275,-3.036132932798368,-7.046773592815863,-5.943714017964033,-8.117211224828244,-8.306114591602299,-8.233877832097233
-0.21878511647418225,4.742684962786973,10.36798454817887,0.8856755521049211,1.4484159533380327,1.683156472655841,2.3371631660473415,-7.226930370688292,-6.874792389896584,10.176931416415274,-5.859033628089509,-7.379870736948166,7.9365185630802735,-4.353303984497508,-4.719030362848999,-11.175022265465795,1.0891785837270511,-6.075974834155933,-4.997317086243286,-10.883244644672224,-12.109830713646438,-11.769547826255867
0.5516533282865019,9.053142762780357,10.341324026274634,3.6361539134962304,4.788347232967121,6.606820008858223,13.192428376625353,11.470075059771087,6.886518122077782,-5.017101426598328,-7.6579848329875375,-5.337532305302413,2.351208893926921,-10.494479752330042,-7.494056978501798,-11.680127816406824,-7.406897115568767,-4.55540516061798,-10.672851364540728,-18.3273805601148,-6.709153776201454,-8.031785744720839
0.6918192380910627,9.16846230915965,9.404316386948084,5.044958841809264,9.479478586697038,-6.219756663863329,9.751830202787982,-5.731080007731721,-7.13778600693024,-7.697208802125665,10.335957337418938,8.869657915453915,-1.7330874241520706,-11.182377846725988,-6.744234998008031,-5.0847396581885445,2.4132945761228553,-8.421188023307094,-2.4108875327886343,-8.448193206150748,-9.238657877897204,-11.544747454747986
0.6080012142693814,6.641277021413583,-2.2293358779137655,9.529865584969336,-2.8074042802128267,-0.6133339211874301,3.1971901222635695,8.016962016984452,8.915477971699065,9.635116932408364,-4.056053939716699,-7.751874531844279,-6.986206999315626,-5.125809190076192,4.0303740944938475,-3.5030245421386073,-5.696423050555306,-7.332361879118434,-6.173837776087278,-9.051543871124599,-12.43666528507677,-10.682612654092937
-0.5697399910192222,5.631870606369303,-1.1787457534769963,10.382920348344546,-0.6321757147222247,5.417579085640299,8.131976434301665,9.254544763169232,-6.992011352072236,-6.671170806499553,-6.416720143727543,-5.479446695166585,-5.0082700421940425,-7.506423984295487,4.2666614511341825,-9.178239980828419,-4.5602080782124155,0.997112449956673,-5.979955865905312,-16.891041764070167,-7.9595560538622125,-11.175237485298162
0.6779962083685473,5.3320215559915045,-1.4454459235834174,10.40301822049425,2.434989882325382,6.796359506286577,9.033039825291887,-6.994302543226651,10.657924843496984,10.62931289463342,10.547812148221663,10.41499640632651,7.460232209399926,6.754376911916884,-2.1655094028342448,-4.6092580930179015,-6.731890841228351,-6.120371299423441,-9.049374967717435,-6.497794744897258,-12.908541198669488,-8.078130040489475
-0.6533980331779978,5.6065304873226545,-1.3886886451271454,6.564831613701279,7.5852045489933415,-5.7862951513644045,1.6623385923228606,11.58064190701985,-7.901983400138891,-5.217399799733286,-1.462684593550405,3.4575793529485144,-1.4621347715205366,5.216090581291248,-3.105568490113009,-4.461839598634231,-10.852838921110637,-5.602820664763345,-0.5566945296004164,-6.827941657461345,-20.362969632142434,-11.983560609448633
0.6552145521303959,5.35801275306059,3.1807384357648187,0.18693937833308358,8.255795648855745,3.1810832793308284,14.355994646104007,-5.251325657493494,-0.795069130356273,10.566126141715392,-7.009778847110334,-7.003214103749971,-4.169474080795582,1.1079090673431033,-4.48146390277576,-3.1798896750455015,-11.034404553595056,-6.220563502829943,-6.2007102914003145,-13.344364978838259,-7.903432252296986,-9.81654265875284
-0.9631227968163086,4.747602885916026,6.233995096367472,3.514656548941054,-5.650963642654731,5.054088932132267,-6.150437091278033,8.478834545666333,-6.485326614460257,-5.174484247971614,-6.699452998609492,-6.1819002115685135,-6.254152814543884,-10.524925161039562,-5.340095988052972,0.20885787539151834,-6.3714907065654875,-6.853924932498352,-5.54846779431215,-8.681087836932367,-13.302882445065023,-6.811529729461461
