script/wind250m.json
{"header": {"parameterCategory": 2, "parameterNumber": 3, "lo1": 6.000198445256149, "la1": 58.999992894266676, "dx": 0.5, "dy": 0.25, "nx": 22, "ny": 24, "refTime": "2024-03-30T18:00:00.000Z"}, "data":
[rows 0 to 23 of 24, columns 0 to 21 of 22]
7.38493488118733,12.381639221921,6.280331616951055,5.222631291018622,5.10152132108642,-2.4060029591041485,11.280899017273857,5.976553819666085,8.242922206936528,6.545597012984973,6.77266846589061,9.241863229838495,6.503236586918715,4.354098731781912,-0.43105387085028385,11.524301871994474,6.638765168481569,5.024350134643327,7.125872482083106,9.468239650440342,12.828629592350833,3.691877189599344
0.7365152886576692,7.2578111304157895,5.291023661526163,3.1189968273747883,6.802698308735371,9.556013140663515,5.144563959334281,8.240008384928098,14.45442362415475,4.955401642803981,8.5114872412387,6.982984481998723,5.118149176332873,5.874139793544356,6.411506920773419,0.6718292483793752,5.87092801922001,11.803495551443275,10.048985552054754,12.209744279223345,1.712940683436404,5.925741179885428
1.2348507616612423,6.494241627090734,6.253997769747041,11.624926379595296,7.386689494510218,4.246042150901315,4.66643076278809,0.3903462808191584,7.995423374787107,4.742746911995018,3.9323446781946343,6.304097063207475,4.577563538628506,3.63922124767766,13.209447912025512,7.01013147088628,3.681183454615986,4.636446929015368,4.967585056763213,3.092394691426641,4.515699803526909,10.41281924284344
5.6962436281255275,7.564142271489716,7.200022164461235,9.86126752624182,4.272872097352493,8.884329311758103,4.417253953734182,6.838585811934168,6.081323570265594,2.2555209467458894,8.89890867852887,7.79134775617292,3.92030362813411,3.1761558950066853,5.707899520526141,-1.2363555492569989,10.709987683291704,8.135084697856653,4.1714319231082735,11.495540427359765,4.005096444346951,4.288160377417789
12.984479845949643,9.44117177041064,5.612981124382855,8.729218839976046,7.891122722927392,6.506125002248306,0.5654514528117446,3.627986361330105,4.320571535845724,1.2456350357280759,10.379890789054762,9.84464137495036,6.330108285315998,3.553357477737834,6.147113088946299,7.60159959007224,0.079898829358537,5.132228850125135,-0.2549185572935959,7.587763466619715,-0.3037745460906864,3.797962511100278
6.229664764374133,9.693589996631747,3.3088133167562757,12.35877439983856,0.7572889439461622,5.625432750344192,6.7056288594376,7.625122528307632,5.221089815496433,13.307793414203402,10.776053085901372,2.5571335384542477,6.999501669153562,-0.35920087694098546,5.339688592584458,4.419103030966047,5.591448857454222,7.001507345407172,7.631127715876284,4.852116610181086,12.034659410825116,6.657099054584753
4.823853132220307,6.382703884772539,8.347775768526898,8.573708525831153,8.550180560231508,4.665313739906174,6.8068017110415,7.152262124855754,5.068042876837197,6.4958766087188256,3.0913772417651546,6.264871146892855,6.681712641694209,8.069334615349861,6.8870201349862015,6.071204331314738,6.09058742973018,6.327970569207404,7.058891365691879,6.437334640859703,11.752072363360991,5.877256201670513
7.57256875781772,3.869507654168786,6.818322389908399,7.3005518888108245,9.72308108377481,3.010175061200293,6.904702815441538,9.6233525941928,7.410294675857804,8.506486217269082,1.4125167643662462,7.619891438312959,12.03743023037792,4.5584368387514775,10.848881408927713,6.880740855682468,12.353443584590353,5.47172889352808,4.207130805894594,8.540091514510932,7.735988210367742,8.470473034227252
4.765979512554099,4.4922997121191965,12.212291299172254,6.960789200970692,4.8468732792930584,4.425036156873093,5.261163476396576,4.959103933217701,5.617871437100904,11.188897801457705,10.333518924793195,8.848677215742107,5.332996551994733,9.383609820145827,9.457660806519534,7.8740449927221325,6.105348086463522,9.110559630517864,5.413905444023884,6.916231179833449,12.566458783099064,2.711507909105582
4.626740149409051,13.460059227565077,1.275479125644884,4.202183208341852,6.649969215564808,8.559925332259322,9.428984083097003,1.6335348522765307,6.728078888175414,5.292266610027874,5.728666051257122,8.81868930791335,7.778372750944438,8.731964386613694,11.781935423887353,5.140985122230107,2.3011086750734018,7.931274801684525,6.867940639005673,6.453354774505472,10.485837393916064,3.996697831139696
4.059651677892394,7.678737291567789,6.395313531188517,5.144045290045712,4.848659999388267,8.765570854058165,6.680624105701864,6.001232490380816,5.9760174817532175,7.398801174171461,12.29807001354573,6.2877273321628,4.23647299783201,6.441084446304807,1.8461217980278244,4.53285476406371,10.493153009496156,6.522926149217309,2.0776859629694666,7.438732496285569,7.993895081779972,-0.17236534067311782
5.708545188461634,5.002586812753378,6.100137496535569,6.148490221596406,5.231782403350904,12.367094306427383,8.127700894240219,4.181441955241814,7.947467769013668,6.781803854074619,7.2365022506067875,4.332978940347964,6.142343574303781,6.386414523044327,7.59685079549658,5.8045967784213195,4.88260197201754,-0.7446413229012573,4.747608608737656,7.595181449566725,5.246403363482107,9.186114669796547
7.2032532488124525,4.374956689847599,5.815544640971985,5.048897889790679,5.760240558061023,4.673100208663312,5.07781835413646,7.918764371843204,11.998440920575336,8.007700017100333,4.529840637318092,11.46995418326475,3.8248172742467323,14.10149798839084,4.309002922858746,4.985338876924502,9.079625835219236,4.4976589612437685,14.172008686979657,10.474071685004615,4.344763409370594,12.940198291790667
10.96253145486251,8.791262328080755,1.7504139161263133,8.92578784593991,4.997355224965988,6.022325485001162,6.5548218876145254,7.088767485091829,10.0263232148769,5.862071082429811,7.134937015670078,6.887067914365926,8.082606874923957,7.431913556892,12.948068757648288,6.624343201078021,6.0358633124811645,4.715894750665265,3.230672018042814,11.65584930693282,7.368079218171676,7.444744201872277
7.878129527874948,3.6443622077622,7.7014411750777985,4.272801187920597,4.5954818703842975,4.004155034059312,8.586735123851817,8.470657585160195,5.816683665935093,4.36634719687397,10.563369228837159,5.964035227140608,5.936717270518444,10.599872111311546,5.849426244525867,4.090535000520029,5.742321462235704,7.189611091942255,6.612759934088624,4.375827620431046,-0.2401183539202294,4.380265104913266
12.039722611181697,7.127985604736336,3.7576965842187113,6.087364324342699,6.136686458315303,6.246449681939596,6.582072513351388,5.488681927136237,5.112232520878983,7.969555000165795,12.083349010922696,8.601148417111592,3.7910159957018963,-0.867409633131294,9.001180273936004,4.818867082139224,3.6051963721106053,9.92395003586735,8.172204316200258,5.392794226203025,7.7630145047471455,4.290148647890727
8.011268484532222,6.680306463893053,7.266913632380232,5.8731592036551366,4.079919716156894,7.615028257884138,-1.7029568807841466,6.516777148380631,14.210137711220685,5.837148134979516,-1.7567221620648088,4.705690467619357,3.432816016190649,4.691170477649849,5.5282366354288905,4.944611488575322,2.9420188951550936,5.2965630171286255,8.94456168103128,5.366316569156737,6.326568625448698,8.926972851832224
8.630646126334762,8.432117141060754,4.812721117866344,5.429868741892774,4.220645902926644,5.6302126362468865,11.994110748571261,12.727816840208492,4.567267585621917,9.22561311633443,5.1986200972642855,5.712664651347011,5.772425803429898,-0.3533310049456696,15.160576951353171,5.544565837566435,13.096058471312483,9.751282184726435,7.192210693203093,10.68776600622969,4.766227411067135,5.605597345132969
4.195175521405238,10.175832299152578,4.009396043359726,6.327348528119835,-1.1230172408542085,11.899787824605907,3.0270672168288297,5.311411866279513,5.284119170020527,11.275765987229857,-1.8856179254441,5.564023345127296,4.7608137651632765,5.3682148759585955,13.59207831880384,4.637055220622881,6.531892932737948,6.41960712133836,4.396627444458175,5.380594822522414,2.5061824710253027,7.205434586289793
10.763599500299252,11.208604605981757,10.50520032762388,12.172944708053906,5.057375075371251,11.80566417825691,6.80784473136889,3.7704059776191188,7.214195256597656,5.810379093142744,8.30365942340644,7.51375906002539,4.981798106909037,9.285283326085345,1.6891316149785607,6.736282831704415,6.120661092250193,11.586611803404331,6.564965982437577,10.405720619342185,-0.483686217222905,7.92138753486841
15.434014866233325,12.89638705429487,5.291950688519299,5.974455372647737,6.752388162914763,7.507536241175146,7.7663166673224,4.265817645705469,7.332534390216918,12.83287769170591,9.154171422971936,6.928113290643137,9.941697253715725,3.428566655654344,9.008645562124968,6.802545670235078,6.93522533628296,6.087752682492394,3.006102016522507,7.156977108928692,7.8274540686907645,8.08612620544163
0.588112439841317,4.100192936712747,11.44780804321162,4.581831396241431,3.351947995085507,12.302365272703325,7.633045162577917,7.93772287458059,3.3368648806132457,5.149471632556685,8.09859787647978,9.3266365466732,-0.1819937140809211,7.675362219184365,11.911243792753405,1.7102528980904934,5.2647532243319946,4.74006274335916,6.91752447720373,9.103186087271729,5.414465085994379,7.049024252630218
8.677774366753372,6.471230749258356,13.085865071052163,5.122128076412869,11.005925726175498,6.458761122522484,4.750973823672672,8.590193443042875,3.666742648497088,8.053287703046067,4.613919691396534,13.34923663627837,8.597847420256322,5.722234251912072,9.709523249979746,6.9609977400976835,4.109557118110856,8.762244083251748,-2.831649994218285,7.916051176990563,1.594781181371035,7.158007630253125
-0.5343086081740215,-0.4097241950373234,2.9477839069446934,5.597883282161113,-1.4026829458790582,4.397517858962848,7.423311863032248,-2.845892340298412,7.044631882064907,5.167806131875902,4.85103257955478,7.45546911871175,8.179494007594359,5.14845064850775,6.4994789699485365,7.966949128789077,10.037155440770778,6.272959436953717,11.986216759304984,6.609168426808254,4.6818735720338776,4.840634116829439
