script/wind100m.json
{"header": {"parameterCategory": 2, "parameterNumber": 2, "lo1": 6.000198445256149, "la1": 58.999992894266676, "dx": 0.5, "dy": 0.25, "nx": 22, "ny": 24, "refTime": "2024-03-17T21:00:00.000Z"}, "data":
[rows 0 to 23 of 24, columns 0 to 21 of 22]
-12.780424104133381,-4.999668958478483,-7.182514409628779,-10.551957799903729,-11.0109036843052,-6.19466044643443,-11.409949245134884,-5.993538248339522,-7.763070307041226,-6.572747754657593,-5.4084651175987455,-4.698788112250155,-2.5015087140579375,-4.224643952467298,-4.634857390878054,-2.7010134350410384,-3.0539290953013056,-2.1030241482922225,-4.880572763489366,0.34069723404720476,-3.190575702622186,-8.224986995067047
-16.6319888914864,-10.865259098586101,-0.8601662456977962,-6.953628225747846,-7.2029234932271455,-11.19160328558796,-11.795677748013324,-7.761781015649672,-12.267044445933884,-12.10063710804153,-7.4570537744830805,-7.952973071912236,-8.51209113164946,-7.702613844788514,-9.280303977078287,-11.347091253687902,-6.299935850320405,4.30757493320794,-12.385680202551649,-4.439593395363069,-12.932244578441985,-5.501483942669924
-1.0135636756607818,-6.998553474832747,-10.715752033102753,-7.549720312577087,-8.980661085884552,-18.350270834985245,0.09096021287743944,-8.480474896841308,-1.6040273061849646,-6.733841852562345,-7.990004977837628,-10.69657603374477,1.2762730909322058,-3.741527869464635,-5.030613685488566,-3.518671502794416,-3.002538302805121,-6.128042161784419,-3.915165582587602,-1.4281758648282719,-8.687664230522826,-7.309360982364562
-10.79369559282101,-9.399310765239715,-6.329566459506975,1.277743990494645,-6.562821251451269,-12.194100730259207,-7.93985473574666,-12.10655654129255,-10.904418496797767,-13.223507083306716,-14.355421745723591,-7.815601010683756,-11.647589790365979,-9.329047976719629,-4.7605327783547144,-4.910841698306656,-7.618835950329394,-5.67182092546439,-5.477631571968884,-1.6179996944856696,-2.2393757028440096,-6.590198086892616
-5.893422597150791,-11.490901381278615,-3.247321847769563,-4.9440028256637945,-12.251720377216751,-6.654227609263406,-6.3267101202350275,1.1993918673919854,-6.86643471711796,1.834450845740346,-6.397617115819078,-1.0238896308237972,-9.37748587488599,-11.956425926740122,-4.209830721139201,-12.58087575718814,-6.5686829423521385,-7.196739264311864,-2.6031054398000473,-6.245457871034322,-11.222705784665685,-8.318836362703356
-6.881220961433081,-8.228345854617253,-11.90879445776673,-13.129143766124487,-6.308889058209845,-9.546490569220733,0.7930203661425219,-6.760563321672165,-5.075910329632217,-10.4900582102611,-7.698009661985345,-4.683079400158709,-10.484965651672535,-6.8818472830761825,-6.583579320009835,-8.78621764899988,-6.915273464056907,-4.848060136219014,-18.446187485980598,-9.086628912821393,-7.447193399617542,-8.432538303321891
-6.402662294102548,-8.008479309270568,-8.316854003791779,-12.509287049781507,-6.251588342048897,-6.916362763451568,-8.238391524618306,-8.559208328838388,-7.757901183321744,0.16037588052233506,-16.05370956433287,-5.303192260688536,-3.5380248745119727,-7.51265790544692,-4.938998595302018,-9.659681143806784,-2.896551765673015,-7.309354163199048,-12.090227675246975,-1.7236675733349707,-15.04450280986971,-3.606897351617829
-9.083784212533633,-6.463777419675341,-8.25807580436983,-6.74186736316401,-7.928016448903688,-3.3980133013228357,-11.215708065598797,-0.4425816744246441,-10.269032050072859,-4.169855178796036,-8.809156332497656,-7.703117444848152,-7.991359412139093,-2.4842683747863026,-6.834641431802117,-3.865615299880903,-7.73778738649851,-7.976143255420687,-11.045729234295147,-9.055925712934242,-11.409760370280122,0.2487402150643718
-9.854031249172499,-7.00702682621741,-1.2568355028467866,-10.880735467290684,-4.015439156288884,-8.25653834044111,2.0648800950987973,-1.7376708189488022,-7.5532987793170205,-11.846354511929208,-13.271089647479606,-0.8539835237082442,-6.676676150457172,-7.976665532313098,-5.273186827159464,-4.589476166737205,-9.326334378448541,-5.052451767159544,-7.903806416945925,-9.42573789452844,-5.849997974031486,-7.279116318903231
-2.277480275491431,-11.274203645741034,-12.307803594887861,-8.925933119383954,-10.626534943723438,-4.276644303745222,-5.554401330345132,-6.562098282179905,-9.524266953952901,-11.443996674688902,-6.5245523272393005,-10.698871758759404,-4.4301614201658985,-6.76463747988915,-12.272509872544127,-11.373932084353338,-7.700665090699911,-4.909519422653513,-5.581808941803329,-5.995082008293897,-10.70227124013151,-7.065864713765941
-16.487047759527425,-7.824252910334923,-7.616351232225178,-3.114523489232361,-4.259241701248467,-9.685906560893057,-11.991338766721627,-10.157713701346182,-6.775256690012103,-12.98356128676421,-3.4572106600564374,0.5765910218656323,-4.608547243590569,-7.837471978485672,-2.1926014756167516,-8.413426521009468,-12.302049262907442,-7.895206200008707,-9.643482498419587,2.3695376268219803,-5.628904098266726,-8.269033929812425
-7.496164566991681,-7.16193808554924,-6.075550934954524,-4.859394404854802,-12.112542971418309,-10.373733496231136,-6.897953034810931,-7.658540783546615,-9.7418588419345,-1.2962787034075232,-0.6627667565516956,-3.4860170791606775,-7.004125326618825,-11.298899468974907,-3.294936675985036,-6.277027938065749,-7.893305714150502,-7.082240466466589,-7.929726893827618,-6.365914692286472,-7.365456667248412,-9.693813807581321
-8.809116191520465,-10.496384905173773,-10.830566036951387,-3.40334628665471,-8.411967978311845,-2.8531804132564167,-2.734819392843792,-4.4537065827487705,-2.9314829016003827,-5.9540793275899775,-8.442025380160494,-10.645882138161467,-7.602682591462704,-7.116172460488063,-3.6219979723353304,-7.664654217654355,-4.363168027678544,-6.651679433829794,-6.079008348400695,-3.4060334485986052,-10.863330372546745,-6.129856657578044
-8.59396786065341,-2.726042006298591,-6.1174421878154845,-6.245371673637701,-4.002233429036628,-8.101286880579197,-11.13266250170152,-8.653461953897834,-8.920201445909498,-7.737117427400504,-6.888552363801299,-7.10162243199181,-12.292124848255709,-5.302655153670596,-6.74339693173576,-12.552756770219416,-2.2728726312133545,-7.18888026603669,-7.439282630749904,1.371464250565031,-8.79206530073982,-7.463109822990127
-5.362678726511732,-3.5260800958507983,-9.537659378557379,-8.35164696044492,-3.3440899303136478,-11.028493295547474,-3.6957717207722247,-6.1859371009594355,-11.471316010185394,-8.700885261879366,-1.013471204058263,-6.3115384734712485,-9.69832170643125,-5.23419834002537,-7.016461244976593,-8.948787550764559,-0.7248187573333336,-11.160093461698821,-5.115381120673914,-3.329192783312402,-5.6655648882161405,-11.473004728200848
-3.675905669951189,-12.31084291061453,-7.630004338661209,-6.230023149681131,-7.775772088960444,-7.962835636494968,-3.2889799532462245,-3.3767396395125115,-7.3138919554016875,-6.628549055958619,-11.446032560033835,-6.8637246579313835,-3.561668102470855,-2.1802348999830476,-6.752464180896198,-11.537753086946516,-7.70195194519544,-8.636654493960224,-11.912598608160682,-6.432867487794424,-7.49421861741946,-5.140141302792751
-6.199061086904646,-10.120095869390045,-9.048293646306096,-1.0262264933109064,-4.815824034353796,-4.490791559532004,-8.288904609328224,-7.74870273374643,-10.192296256262953,-7.92222067077807,-5.093072816638778,-10.50990730771759,-10.221846937959112,-12.281632715844715,-12.321821797770292,-6.123921217815323,-15.802261105205343,-7.4364004381748,-11.089662245015662,0.5490061521585266,-4.556558800180929,-10.93394090953699
-12.032920720720996,-6.5168331442288645,-7.067464176238054,-11.026187969028026,-7.610150480479117,-9.287205328683852,-7.397249141559662,-6.507566382191952,-4.78939666551803,-6.770938520099362,-8.631334460689992,-7.980702353574827,-3.808998111684052,-9.32496911492633,-14.432384749068765,-4.369553167332396,-0.5210876943853842,-3.711666328201709,-8.144234170309135,-10.59234861998571,-7.594245482664408,-7.327976325364605
-18.154353188727217,-11.648613253450254,-15.574747024849493,-6.8441394782166824,-5.689921673228172,-9.438828131085323,-6.33701942249652,-10.756917658730536,-1.2746085736122734,-4.349325541649827,-8.204311688010153,-11.002001973430067,-4.261273281738206,-4.419386846282177,-6.832330743308315,-4.380525416862306,-7.15856136900446,-5.609200973212057,-3.257701655631688,-11.022717721401216,-7.271220681707031,-7.810176301250718
-11.640655123538721,-8.624673750863534,-9.585601717507505,-8.95486282893752,-9.598167795364267,-5.831729128954819,-5.119520781184983,-7.157401882255665,-10.136315968286143,-12.134282340242672,-12.854952178947906,-9.816587783745083,-2.1252353538184456,-4.4815225195472825,-2.538360913832117,-6.837318795411141,-7.530969157531661,1.5073819803323807,-12.570055183420639,-7.308859178531448,-13.42760942246931,-7.0113851411054435
-5.916051712732942,-2.2856150551579355,-10.987237747212864,-8.153332253906603,-4.326280513340338,-5.711035981172766,-4.664502425369093,-3.922860649356983,-7.515417511311221,0.6181557177475555,-5.10363748740135,-0.06252348192227011,-6.4685800988804845,-5.79391372738224,-9.716235964082447,-6.53944548628681,-2.7708436905486766,-10.34600154862979,-8.275310726872323,-5.358540640329285,-10.694055364224166,-7.573260018286593
-5.18366092760937,-9.476510376447218,-10.741072946616667,-0.21321827606045576,-7.0678993905291705,-8.817772422389226,-9.636020488555525,-8.787148304464678,-7.908820403157643,0.038349311081541056,-8.227929435030207,0.08472989576126735,-3.7262773066731203,-6.958519498474331,-2.424756113618309,-7.5245017538222365,-5.593712757290155,-0.6323636714009742,-7.762208731837944,-5.658323100098683,-5.266926476442062,-11.746743751314522
-7.034948282542868,-3.1866729110268484,0.029453069165180167,-7.0978335707800335,-0.7003143265750383,-3.8162065042374067,-0.3943506670853507,-5.776761309437655,-5.954545636706332,0.9797756264548879,-10.405217835875641,-7.630259458677462,-7.908684284067731,-4.999492187972848,-5.937485695373649,-10.057721660958972,-11.286408589822916,-6.751920043486298,-5.016612296095339,-4.360786874890537,-2.1019038026959813,-5.431506335007937
-13.926346237698306,-7.898174722028984,-5.759636289937432,-9.387700739364437,-2.174225163833471,-0.5679250117991591,-8.664666490798869,-6.287634855674131,-7.4564745800149845,-7.931534987436077,-6.840268633332029,-5.055894305200403,-5.108371132815479,-1.5074627549747361,-7.50047153040644,1.51935104980115,-11.57387709373393,-6.535943723357395,-12.579446742424764,-13.325058195536078,-7.343572285182043,-8.346029221848454
