script/wind10m.json
{"header": {"parameterCategory": 2, "parameterNumber": 3, "lo1": 3.000054539987559, "la1": 64.9999836372058, "dx": 0.5, "dy": 0.25, "nx": 34, "ny": 52, "refTime": "2025-04-14T06:00:00.000Z"}, "data":
[rows 0 to 24 of 52, columns 0 to 33 of 34]
2.433895617104304,1.7283539616712857,1.1726368376104055,0.6080226989718294,-0.2994268476699727,-0.964304321129037,-0.9396078725818018,-0.8921620284189362,-0.7468727728662719,-0.37660925320412675,0.2477188777283528,1.3212594111142144,0.6725232024405136,0.5461724651010663,-0.07772613996361048,0.1462906043742622,4.30776071662347,7.283922692860085,3.3846352456556374,6.010733239080549,2.0888239912096402,3.2839295031863798,-0.42506994792487296,2.1466412212440247,1.125162741999623,0.3675544984775114,0.30238532777597493,1.8553018330808722,0.7723341917315845,1.6777635082043498,1.4108217778690608,0.946464606304519,1.4241380589940356,0.38373830168841483
1.662875085525862,1.6138945788997467,0.7933553995884336,0.4464383245873261,0.24237678538763371,-0.44717319063977135,-0.6786119213956674,-0.6191618944919779,-0.779614300192032,-0.056824282716878026,0.563632472572486,1.17670028796847,1.3903803352460287,1.467556311867761,1.5301868972049606,2.2607626726040246,4.141729990969168,4.27334988783189,2.1210564372821405,4.005295403984997,2.5019124845080807,2.7224806940470163,1.0806860170618613,-0.171388585445053,-0.19163752540896803,-0.11356527765819092,-0.3461941141038968,0.2208674911509372,1.9218972284729166,2.1733814068812087,1.233982213393222,1.597032284806003,1.1954746186076495,2.180449340541366
3.248470255854405,2.2101349801106807,1.7158500261179124,0.6634655015289299,0.42596103754744274,-0.16065732965606547,-0.25404006487211217,-0.9358820861185272,-0.4893403973814888,-0.1888892068458934,0.5384893584985495,1.312656034511506,1.7301023475695922,1.969342799498831,1.9659856526993165,3.5672738465779052,1.8015735704752243,0.5870118680121365,1.9289452955870885,1.8040362377862609,1.8717022467050906,1.1073419782470928,0.2624448576736476,-0.8942885121107306,-0.2728640551121766,0.364770222580389,1.148476026324406,1.5048248736740546,1.340159538348901,1.3718993856358388,3.0100394074232666,2.271009849730207,1.6548509869104757,2.1976491743973896
3.5171588115606953,2.692086968868282,2.185300769334229,1.5861407615729035,1.2096377205141766,0.7282366450856949,0.09488877222600006,-0.5871568885748825,-0.6299975771507648,-0.1474218411810467,0.6581920251004761,1.1897879927904003,1.5226663584760007,3.0893121594892605,4.365888400906456,2.5067571731047846,0.3301678051123285,1.1312837917242728,2.59882669406904,1.3350400639269306,2.456305080724591,0.5875275517430669,-0.7718507841579746,-0.4966293232435834,0.43547742583040217,-0.5504203330615743,1.9556086220100843,1.7020589838902518,1.531696900280333,0.12744915348928315,0.7515916337215653,2.0689751173201163,2.0432514077622517,1.9035870835126885
4.672422763948313,4.063209150495419,3.4332452483756,2.1038170525734916,1.2533685667933423,1.3017364952140469,0.8080790821045097,0.2252398592751606,0.3467947125491451,0.7877445487702979,1.9116911682471474,2.189252433329511,2.592215483436762,2.7088238917827745,2.3827951150804796,0.08211429307008694,-0.11822319390143687,2.7751252046967285,2.503332271595885,2.140679447510963,0.8095353014455887,-2.080690191516312,-1.4494254389292125,-2.1822492552385393,-1.515569771077423,0.33864755217227294,1.3775892570249926,1.8750726916785787,1.6662950962582344,2.0438906346586343,1.4808357686202707,1.8353117507796521,1.4949716914458453,2.045834081943286
4.980934714365776,4.281367525404881,4.014057956286941,2.6933982831937486,2.0460632526802764,1.7648467220673303,0.9994513118346727,0.5659386142311869,0.7772098410792764,1.4509974427402945,2.000302360863948,3.258318796976574,2.1400034136640524,1.9257466471695524,1.4117539130075392,0.6258563606826317,3.4272577263474657,2.4644848551643292,0.28215008282461845,-0.294361989625798,-0.03323523524150743,-1.120290040947201,-0.26110277649036806,-1.2188870510396752,-0.3286334423236539,0.2738118935457506,1.1934962969178642,1.4835942263447377,1.325910519995813,1.4990005629312626,1.7373415060983526,1.5027732080592535,1.2020700536414555,1.185093549547186
6.93781334997984,8.160107263307257,4.164440998218614,3.591579445052913,3.188104436439641,1.7201441214946878,1.6689488292574703,1.2230839491285017,1.0533851872179918,2.213724672238808,3.3157941899229133,2.7845519398725838,3.42268585694581,0.9448959672667552,-0.17451934427175506,2.633631008916607,1.0657698646584433,1.3348679352206312,-1.7276989622912315,-2.0226365290457817,0.16607243147178952,-1.2634726569402477,-1.9043916772795575,-1.2676966352970955,-1.4170267215964727,0.18518783300916608,2.213757508325605,1.9374756020125985,2.396381288268807,2.7196975110025567,1.4565369033141047,0.9661608934277877,0.907198266080359,4.031108886048936
6.223756275918906,6.369252590141183,5.554060279624459,3.571640106699044,3.2699623314218873,2.4874245333602496,2.4790136275270354,2.656275547738362,3.139310745367166,4.534279566038425,5.486743053296423,0.9144424726581513,1.6128505763554177,0.39059555600694407,1.1499144300268958,1.57103693443373,1.339079588288544,-0.38493302810048635,-1.1454997781961103,-0.5250262510864371,-2.129935351806535,-1.0118543167199727,-1.3973308006054777,-0.9750503448023433,-1.1588576609241619,-0.561938101934041,1.275568909470546,2.6723560005132887,0.023538141954710122,0.971869846938287,2.3546952610210448,0.9548616618665914,2.59396586261665,8.135130901133776
6.826524064448841,5.2097259909143725,4.49711156339517,6.055968770510417,5.083190363376119,4.057113389352152,3.895834373796249,3.603877305627474,5.15788259728139,1.7778908401995768,2.325507409654243,1.4505863608917873,1.4581650717503103,-0.9342854636391907,0.018935376749806054,-0.08145121445258624,-1.5150811183006305,-2.0353287237168156,-1.2420793337562075,-3.493983686251845,-3.892246577440572,-5.8975003333112115,-2.520761356697031,-1.7326429746428158,-1.5751051308349218,0.21920217220820684,1.3170325387422477,0.8744215627600304,2.642984300740908,0.7922614324696966,0.8357221298688673,2.5422559013836983,7.767212901359873,9.101038228630964
6.4324589137048624,7.020107710991946,7.62485363848996,4.997261248201759,5.531066501387371,4.933484334738434,4.945884613679221,3.4129002872256193,1.4789020321500292,1.5723320672439096,0.36844805694358684,0.6024219942730376,-1.2573351946141966,-0.8442409242454737,-1.1334460112416485,-3.533384063864886,-0.8185155462155873,-6.432061604942398,-4.812307660255007,-3.8038722392731388,-3.8800159923411095,-1.090764723128202,-0.34329863037605024,0.4897825728698564,0.008884767816999333,1.0655938299349,2.59829407794814,1.4225805891642254,1.1554505223884792,-0.30858597480868655,3.3911878203346317,7.518023327955353,9.24295458362995,10.016153639557226
7.4142431032242095,5.872621150930206,6.48977154611974,6.199066666886753,4.870452390956672,4.9983487458421765,3.3794356088325013,1.1650147692503148,3.2042058349954887,1.1407387110303255,-3.192037695153829,0.5975633867203234,-0.0034294924994966495,-3.5189263069727597,-3.056933658632096,-4.1771283800161205,-1.9237678943519707,-1.538661784082069,-6.655033033443165,-2.4635052109448194,-1.7089565537606146,-1.4652130416270996,-1.3857360270991375,-0.20470811930366267,1.1565436459513223,1.0253179560701997,1.0916790144837518,1.4996068162987537,-0.04606979433093472,0.7936166132606178,6.3037115165345705,8.358013891748355,9.401338465963613,10.282113690207773
6.720926212754372,6.499995977393222,6.6062682368334205,5.708518902773513,5.6482279139247265,2.710740850949223,2.804325381403001,0.326944053212503,4.362205062057866,3.652744284458635,0.45481038150245956,0.12226232363800864,-0.6738684071785344,-0.1880105181371902,-2.182387274429036,-0.6978394006136469,-0.985915797655871,-5.616082182638427,-4.372085495451326,-2.461600764623288,-1.5495228081999952,-1.447200529288249,-0.41434111131255313,0.7230117175296791,1.5334811864810656,1.1005278189905165,1.9334250789403198,2.2744027682756336,2.0081699880174857,2.05949276719887,8.151852544389058,8.601762006090702,9.297038916880808,10.148220009860415
6.593580324636792,5.7987220937970765,5.855587833605873,5.754279475983807,3.090332161927509,1.9968459759232302,1.222000045879939,-0.506954430995787,0.46277253847141475,0.7380341566112938,-3.0573576516943017,-0.26459903402177676,-3.3053305363804317,-0.8008537081697328,-1.7601674045098559,-0.40217904432206214,-3.2473021802366633,-0.11573424290002787,-0.6310529456676064,-0.33879405224733505,-1.4764822929215449,-0.3031245170358105,0.5432114922940708,1.120298633049808,1.5390857404354263,1.2405518256844605,1.9806514373880493,1.4007880366309184,-0.3449917050769233,3.824910748391278,8.525157225309695,8.901008641191861,9.150153138578622,9.770066109605516
6.220932971802109,5.167181396498654,5.124516615867899,4.6370644394916365,2.407430377747118,2.9938374707299187,1.8904501367032296,-0.2553513336101127,1.30869215143813,2.727962865497056,4.622646305302167,2.2668500264489637,-1.6456333863070942,-0.8981294007732069,-0.990491518418001,-0.8304389679756569,-0.5249314734921968,-0.20018429305083066,-0.23026471947938443,0.9548290086441878,-1.0613484696959459,2.2099059921420343,1.437317520060871,1.7236152819236696,1.2455116030116213,2.7285884078693883,2.442572269329688,3.362534143617298,1.3145924942369644,6.036502715134681,8.884684759869247,8.718745885365394,8.631346578241168,9.536646745071224
6.277445906412631,5.3649409053693535,4.720006087877164,4.530363550173463,3.1274372040550102,0.5147768623817671,-0.4286784894924008,-0.4603271405367549,-1.390156135527825,1.3551705079699354,0.6541141238142103,-1.2818141506492113,-0.3365377865567029,1.1744187464866391,-1.8003312766566826,-0.5061751800407827,-0.6765053454183504,0.7375230075681142,1.251186200889262,0.8073112117386394,2.094899546126601,1.2295259234273426,1.508698285694954,1.8426543527800698,1.8537255659858085,2.038213694103609,1.5622116076639798,1.9803808897513182,2.1876735469552333,8.23269112811493,8.469662032189014,8.177057766486653,8.415768170194092,9.111541645185993
6.581690166289089,5.071858272300932,4.4905700948313765,4.996805124849567,1.5288777003345377,-0.31545234624854535,0.03132031635567375,0.5429437066185658,0.6148090194373265,0.35966707276885057,-0.456932507715418,-1.0618856546840596,-1.0851211529468408,0.004612047176908281,-0.8919145917112724,0.9245237652570215,-1.7070418196029875,0.8295112632174607,0.962604984051143,0.9764507929935734,1.5914072617285488,2.9790724638349597,0.8881538733518906,2.001121907916537,2.095868797466853,2.11899162255835,2.5566234552368146,1.7805170146862108,2.5446215791173246,8.091390417797653,7.727729835126591,7.236930731879697,7.783098979128821,8.400145752547164
6.965587210158766,5.575132474360468,5.236295022340708,5.14266547479588,2.1706616820279443,1.225232205129439,3.7137328491081507,3.042283736900893,2.494892858830347,1.4992947242680426,-1.2140307082041737,-2.2645225710341306,0.2673021663722759,-1.2324368299459236,0.5087944372195566,-0.5671784451670262,0.9680645820064608,1.5207902987704156,1.917404895076912,1.9812882603561497,1.646526049835242,1.8150187954250174,2.005369980458985,2.02237114685423,1.8342200386855427,1.991993663681997,1.9380996471824483,1.7627779918242834,2.0473126367355587,5.08008326468563,5.478550602457199,6.672030885038827,7.334102321660702,8.278637747330238
6.996516045374034,6.043308336351993,4.680090226803979,5.3418071995116545,1.9861555710237098,0.7216590458203584,2.7828880521633472,2.3250135339543547,2.0601246197707237,-0.6955317295391723,-1.8680213001868233,-0.07196022195015517,1.053725475595749,0.2802299360718342,0.6357010500028144,0.5884560218549212,3.1481760700086117,2.396258284524078,2.8759318420614925,1.6928686805925441,1.724019148802414,1.803831507166198,2.0947038900589936,2.2847370762598573,1.9813946921281207,0.9811795287318414,1.0016652765274985,1.563895710175666,2.1475856918556033,5.572610613511371,5.800833940361649,6.705138691643224,6.76896478226838,8.085707221925862
7.133080947860929,6.005282378922237,4.730756286158769,5.1441714052097005,3.0319127056358393,1.7669860109329647,2.190202079039116,0.4922872547919419,-1.4181309847379493,1.2241524756094597,0.20958261776277978,0.19464492661678867,0.8364328312623682,0.0888363219337879,-0.591505003977771,1.572202338595424,-0.5546900395840557,1.663522018662492,2.8929760871071237,1.9783651989825872,2.13496399770477,2.6133418749111876,2.48862199928052,1.817179765010777,1.9048399847779818,1.8111633534198173,1.5126626101176734,2.0534582123068588,2.02284444589313,2.3998977149500083,3.2354813881424547,4.4862713873516125,5.2714426366458484,7.136402060701049
7.238951315358584,5.508384335515324,4.931706623761498,4.724553172226988,1.290107312500339,0.9530163207480576,0.9009885572720304,4.227506396513851,3.8690883383803136,1.6741220922777604,0.6053979748081884,-0.4869542662215527,-1.7017161096683255,-2.2389399224029667,-0.072516894042002,1.1962201078612125,0.21373618603799358,2.0215290867237674,1.6982560446781254,1.9295050806721785,1.6638451264142486,1.6774588292880583,2.3483169150244554,2.1864790966107415,2.3167653101966548,1.99122006182007,2.7638581163071367,1.9390576288036483,2.399914749879103,1.7455404294396777,2.3188576993466956,2.01711144118712,3.850879874170302,2.359992469788272
7.797327861650836,5.320974483019759,4.448594623979704,4.580494014115253,4.4857499947272625,1.2277190496198647,2.0869262698641755,2.40877859388249,3.3923815237503065,2.8279346970124895,0.930341374674188,-0.7978130806828349,-0.2712805222916481,-0.13908084974575277,2.8075489842022847,0.642486673348567,1.3769232679677654,2.1590790887474998,2.0624649562202593,2.1958043745213387,1.9663324764661656,2.39897068363242,2.200680804604507,1.819566402100987,2.0526753155696236,2.0692268551995117,1.518842381357285,2.2887121890931454,1.730864680333626,2.4760630542833257,2.380398506413354,1.7223165301611636,3.591359727933213,4.574518438376523
7.50728122263972,5.794205091017716,5.437108136498881,4.34389609576036,4.014838820165263,3.622682841975174,0.2180658354947109,-0.9437389308265143,1.4557201036346867,-0.4120704472979809,-0.9732123142248803,-2.733846625072095,0.20968656107431136,-0.15313655344038066,-0.9522296637307403,1.7743922351274926,1.4893549872102785,2.792133829343638,2.5610857682336983,2.277211539609289,2.1488676176032913,2.3611167329897023,2.3468340231313336,2.0187960358611923,1.829124983171163,1.7930733616030836,2.091766418190793,1.9489968459919227,2.5165084980424477,2.956860845693392,1.8856385895806245,1.8178064587838874,1.3601870800092002,4.0519175169308435
7.42422623525326,5.464113633968028,4.728938235087467,4.438438920832409,4.388999244435257,1.7125409316446085,1.071850027800403,1.4630108245571838,0.6419781684343613,-1.4019437009662652,0.06850818423529981,-1.7940853276454805,-1.6792256837339843,0.06086415063241421,-1.4946349047376353,0.8215900009526882,1.4819609051425648,2.272134572847967,2.677244317337781,3.0671706384550537,2.31861354239442,2.313307766676052,2.5344455134531407,2.595075175691736,1.9038351073750255,2.138993468438224,2.4220040940928174,1.5051994910750242,1.4526442430638298,2.624555679471249,2.0660454115297493,1.9259962874911993,2.8976403649513993,4.380962572621779
6.953176652255848,6.198405365362424,4.521139290901607,3.9822721798719223,3.5170596963833614,1.9253876367467975,0.9818771070798324,1.2183518947720486,1.3596550752123893,-1.892551242805336,0.414165065363557,1.1363117301280619,-1.2053456233658457,-0.024782369604536197,0.2566151654501982,1.6797762064990356,1.4832754614876036,2.1701214277664223,2.406814978847936,2.6151468737039876,2.7947865724000867,5.4269267001323405,6.16798535483629,2.0141224994062172,2.7344837636686146,1.174437526626236,0.7651012599079687,1.1481118294532873,1.1471370860674839,1.7251419709762645,1.9105679898857089,1.17893578814016,4.276655870104605,4.329531967974461
6.942595916846879,6.327263279581856,5.085731575736751,3.6972614962419517,3.4244322062024763,3.014104871834882,0.7162237388691338,-0.42173288600606623,-1.732725210734587,-0.44960066315936886,-0.563004210616799,-0.45961252683629267,0.732036065389811,-0.2230430714955312,1.214480577994314,3.102219442879892,3.5809711006985046,2.2387377232284225,2.473803556507415,2.5040610506740166,6.20191906055536,6.565166144529848,3.360587850636883,1.6650614914443254,1.7487886849802827,1.7273473477389043,1.4505608440640532,0.8006842931926432,1.3285936433732572,1.5956545185771116,1.757341178018142,3.419815206473843,3.9600449229458907,3.860782265946161
