script/wind250m.json
{"header": {"parameterCategory": 2, "parameterNumber": 3, "lo1": 6.000198445256149, "la1": 58.999992894266676, "dx": 0.5, "dy": 0.25, "nx": 22, "ny": 24, "refTime": "2024-03-01T12:00:00.000Z"}, "data":
[rows 0 to 23 of 24, columns 0 to 21 of 22]
9.915463110934278,2.775498961134646,5.829063384586808,15.132704490860101,2.267536678388966,8.230233058015127,9.38893489260723,8.797455189681425,12.011444177367016,5.074435793081615,12.347719845582658,7.945506745911304,7.682528164384086,13.789303834186525,2.991974675670713,10.663257441180528,14.652882329948525,6.976164624133943,12.97706624105159,9.277613761009242,5.693063997329609,12.853870399621774
5.457971761218917,7.746373121239338,4.790731841654008,13.64249709546386,4.666944269074531,14.143843075015022,6.839499315376609,13.717848033600195,12.869469901028964,7.317521842202367,8.307833778813858,4.693623291056356,5.847495127600588,5.915739336707199,6.003426844472551,5.426664021255544,12.841635323813337,7.283878364692386,8.639203844464982,7.528908435591423,2.1631943402598393,8.275591293127386
5.630473880130352,12.227547905912514,7.804324981817749,12.163216513882482,10.477376277061085,7.2417800761822635,4.7834511951152425,3.915373923523641,3.0083477731888797,1.8914343923096772,4.851843328922713,8.221221918040413,8.608474413771768,8.472792948108529,7.423893357617923,8.511706955023454,4.421304498426882,8.900887648123847,8.903398902528542,4.611173221818052,13.213542369283699,9.880009082608739
12.276535213563617,14.621514288042786,11.374404542126925,9.714373120245305,4.329536376536907,10.832686433713208,9.44922226083762,16.36568511416291,15.438299032893774,2.077529177932365,10.106812887555314,12.26274079199472,6.715591297302435,8.033729035950866,13.066440377648538,5.021038128613842,9.623892033686728,11.884411019898236,4.707523516293215,7.669641808241798,9.728508245792165,8.128471463054415
11.003060056642049,10.078168462490998,8.580889185806594,8.181050443570552,8.095006745421045,7.220750381947579,3.440468318095278,7.700603886323151,15.199235233818476,5.052850889336528,9.172055072866272,11.69936438000955,12.06128943050639,4.979756760398682,7.854106061505271,16.17391055551584,5.856784987406025,7.6273544721783555,6.150494769760357,13.63753093082322,7.449272066846216,11.512332310271645
9.872740821988847,9.23158084253964,5.048789049053709,8.435437747628761,4.904571760598954,6.3778175882491785,13.449527595662724,11.281814580321711,7.536319598322765,12.6814383778783,9.163905354649131,12.83594582163038,10.258314067774949,13.906019118982556,6.683085764319111,7.730451094126103,7.926332851272009,6.8655650615837045,14.506058213445154,8.226401383395553,7.646773271577078,8.116245502094069
13.684306565633229,6.486656597885784,12.029577458180045,8.92216624936852,9.896729887065222,11.52050688443571,6.314227049380098,8.432225244055289,6.58869292745594,7.8877955711737835,8.592822674371355,10.171134703621135,6.323117515788727,12.286165710357599,6.360515067468457,5.634225467990225,8.596181920989142,8.14129607655509,13.0779340846922,6.618827843081693,10.974099145822644,8.844567150596124
13.002929272113048,8.033359350764364,11.026936476538348,7.5886318271216595,13.205740271369509,2.1777061634000057,8.190581383124401,13.903097801661856,9.232644249682442,10.829524300912288,6.084552936093601,11.099707770578885,12.416066579503843,9.67732126084741,3.7866363172182513,11.765548543074193,10.155991952946827,7.675467062594268,7.5638727318856125,12.80695856696707,12.790903987034461,3.124053249023615
8.927049742078463,1.966757186104957,9.702854765147757,8.940464222043408,6.892728567735234,6.232812742236437,6.04396411735612,12.62502083293299,5.971602211168617,3.6107993629103503,9.303815762461202,8.563789885998995,3.5232445983754777,4.044879004270555,13.810911096247148,10.659436260299747,7.708486280713158,7.044028906176547,7.8981235073820795,5.888760898698782,7.825442545240381,1.4883453199379775
14.598926761433141,12.196363251824991,3.536407006223534,11.044673936220791,13.051631313289413,9.898110336789829,8.555538467791733,5.2537980131053,6.441523551576762,6.7440771266389,8.123205853925345,7.386405399035162,13.276397691900073,14.490828952932109,8.606942313867197,16.115719491913303,2.503339103992004,11.816456052475539,6.43446097157557,8.789472241928078,12.82134852507067,4.654094354416706
14.850093070844707,12.461214068027747,8.741739212042443,5.930463590693924,5.493048744511238,10.421615014775622,6.789852703326835,10.984395926990434,5.70710836865637,10.158615138923818,7.6459686441473105,8.305378981261113,9.82795976782901,5.902488423420019,5.910724565373703,8.430591242527822,9.482458918141404,8.762423600069939,12.63427418489727,12.070550528253584,8.855207968999316,6.699264434884829
13.338580259033456,13.040777258084061,13.845000346670936,10.256142284999099,10.044207650134394,9.361035373852507,12.049919286367286,14.681210083450582,9.475370204840427,9.395080707518073,8.722690142680822,5.219744209833147,6.668854663382858,7.210122222581137,9.375594232177018,6.647874260113644,9.431740222570262,4.898642356551538,6.479836982050235,4.507418942141294,4.61683128323525,13.38014600857196
9.429873326539155,15.999754756164803,6.035106313919293,8.34544065819862,7.4209406409121925,16.183208922936565,8.666230410935452,14.263594783184061,3.3511750027190788,11.40864875284785,12.295477420026604,3.097795127715441,6.595524142484354,11.643838089879342,3.912722397279709,7.33946863695475,9.935497825976572,6.496874919435327,13.594138134136644,5.692631333388303,14.864381165127863,11.109280091504566
3.852288247051635,14.158642898217195,5.46048922732833,9.466974290059273,15.642995657363327,13.205448396665412,5.675608486665672,11.598898983056701,11.040417466533436,6.765191689202408,9.685843864963918,8.56463870456145,12.040370316322619,12.342659750585772,8.136240524728821,9.220515298860013,9.3764691657581,5.868596248204833,5.5323229905646585,2.8968489478393558,9.003529820503271,6.2758789658499925
7.745968406588375,5.108433232974232,9.026272340046559,5.821569260469696,6.967440680921596,4.6895663527152465,10.39165389922879,9.320103241538384,10.21386606351874,7.993402443824724,9.902621396531947,5.374571419830821,6.2357595493877715,3.807663530334352,8.050464742058526,14.187264138166212,15.827274506973637,7.462194265611389,6.214975612365449,4.769399523454452,5.241146349275983,4.272853724746778
11.34273784869149,6.508370772074004,8.089944631196273,5.527574857124434,13.002041369656446,8.630508391348423,9.26120945653943,8.291848601741686,8.039254475618053,13.54906059425915,8.399621132517995,9.332789989696666,15.269079235776593,6.810649190094254,14.062321218137967,12.840026203676329,7.461812306036155,8.329378230974234,8.377771856281292,16.178773680401193,7.580676677825701,13.037939015727101
10.935987162052513,10.734157033266744,13.273180809723861,5.000816142087206,4.595054153568886,11.930438157021907,7.219360580995788,4.231756346855356,8.89526062469266,6.765069663991742,7.099409120323879,6.730344054497704,15.889905834248504,4.898547211599515,6.237439677762057,13.292362988798336,13.328615033477277,8.452399639777664,13.210742918798921,6.9558861598716515,13.891969453077714,13.336147400833893
8.432480639764625,9.894522889385211,7.24494920973232,9.887926868105048,9.425919500422866,6.128230727152873,8.194935331319284,8.733990078976952,9.063022967338012,10.83874389837624,5.379883001715043,8.812807516330215,5.755907626463324,4.551265695235013,8.805154974682964,15.303083099768113,8.122413516044121,8.384779290316619,11.937484210432826,3.803728890189057,6.770136771472127,6.2625703600803915
5.548446082114238,4.007404165979176,8.092210287874705,11.5498711455255,5.929193219833178,13.166839916999397,4.834782511462953,6.792374703181744,4.2040775658892,10.408681313366305,7.51244052767277,12.858008475233541,7.185664533699922,6.225776713958271,9.295950532355608,15.870422786986794,8.112747091357473,7.619570061460463,17.446645315422423,7.491409201150775,10.824523957265534,9.538264831456283
5.5618607365370965,3.18476975059311,8.989014191277871,11.69084514047714,6.194669295798594,6.0123600504398125,7.841329289977557,1.4615246508241737,12.450812073328388,6.647599327274534,12.557317979462626,10.52984309130855,11.46937819451621,8.633576539080222,4.687691104617935,13.064725075297687,9.2811145002588,8.713758700169773,9.03052438251649,9.144327115096923,5.777323045584486,11.544603115610048
9.126945154302927,11.094267846190839,7.623151283776792,6.601072252936885,5.869238064252251,2.2134179680356607,11.33204495543077,6.341099122538121,8.219053737702716,2.413556316872343,12.240723850739103,8.018124769444144,3.0792134819896892,9.049743590532023,9.235353943421906,6.902313649797794,8.991843268196208,7.637059647224143,6.005434880463917,14.30660945055131,6.13867310121616,10.91348648704371
2.1245018572801886,14.355009815304829,13.955522129317199,6.259907316445333,14.77437135474117,11.279707950633528,10.581928925121556,12.247547496614587,9.54686919725479,4.727915554339215,9.539348523869274,10.237812949394748,4.5444431698807275,11.620555335768435,9.565839032330206,5.49509750896405,6.7932595907640225,6.208662174257135,11.292725080886672,7.241317768136508,5.530987920854073,8.60640519737618
8.79167911841903,12.582924647630051,11.56601058397982,5.800397392237075,7.808435235319191,3.802257153946206,5.914205359883954,12.787620574397055,14.120808737325975,4.128179505157712,7.394160358843554,10.572398612634796,7.831923403476095,6.477156803804237,5.208450082568316,2.7777877863220217,7.072277841109693,11.972185999319233,8.22801777584807,9.900754133326847,10.615785254326322,10.478972941297465
6.293286122810677,5.460128815451951,13.493917380754736,16.152277569218853,8.698958075456892,4.526260733759561,13.517451843440027,8.79827711659306,9.816728069646416,10.334268970613397,5.968402534910313,10.261709368085679,6.852387603206911,15.25867552941626,14.465525332053703,13.393149462699272,11.26286325348985,8.943575927255774,11.35300337604536,8.445499518390767,4.882660572321792,8.143128417646968
