script/wind10m.json
{"header": {"parameterCategory": 2, "parameterNumber": 3, "lo1": 3.000054539987559, "la1": 64.9999836372058, "dx": 0.5, "dy": 0.25, "nx": 34, "ny": 52, "refTime": "2026-01-07T23:00:00.000Z"}, "data":
[rows 25 to 49 of 52, columns 0 to 33 of 34]
-3.1358019260102474,-3.559330196022538,-4.055701418592656,-4.88014151275615,-3.916454150494992,-2.111871234664057,0.3747697781422733,-1.0845317535938044,-1.6382369477902294,-1.6602246561704956,-1.9757124138501245,-1.9197159643684536,-2.6621753568893056,-8.355305325796746,-9.962558034368797,-8.740917679228911,14.046938854582438,4.326909937212224,4.612088899422629,4.718181875113981,9.143765912684517,8.044997389409835,4.144779357906977,3.9885587000053095,2.4106438234790057,2.1236855037472964,2.5211818348850277,3.2096984159912747,4.7382368005418165,7.492559310142711,12.037897066710897,11.796334660034367,10.144359581088269,9.080490818325794
-3.3703671741246968,-4.483449711495587,-4.967087492917761,-5.007201402512898,-3.910669196633687,-6.700905424016516,-1.5986227523031926,-0.9025180775425168,-1.3575776037330867,-1.564780856021865,-1.73304911903584,-2.284773367590278,-7.025005221523905,-10.120237006308255,-11.280120334437807,12.437642926351305,12.76268442856678,4.622929199438288,3.2772858283805073,6.137799280205606,5.2787242397910195,4.655947989747514,3.5978222924869314,6.684155759275597,2.3303384889699146,2.122143385961137,2.3782263746743473,3.5544073661847317,6.8239356568502565,12.253300363580573,11.88787206161367,11.687975421535869,9.90484022044947,10.019754813728394
-4.102327890485271,-4.899189490899171,-4.020877396408288,-5.168295397563588,-5.814340766163645,-3.5958679433616663,-2.385865424809105,-4.116790241744201,-1.1905283609597461,-2.315912183167729,-2.8972715094628216,-6.643159150013156,-10.51080397123091,-10.310873938887017,-11.939013270577881,12.29012790980825,13.605969514421362,4.5038624529042295,3.47727630670488,3.3509167133648194,5.750056268849282,3.1735114860734317,3.8513236957113985,7.975800731399942,2.92161786670103,2.9500337410178012,2.781170136601385,3.0539457315797853,7.386850945751458,12.022169138573826,11.726610518550485,11.16994385334807,9.46719088913283,8.663986725999841
-3.7147387160655234,-4.530970853870834,-5.128327892202736,-4.481404104741028,-4.541447831221968,-3.6353863280346657,-2.4085852149657345,-2.965814980988042,-3.0271192295337497,-3.565011215094685,-7.674929542755952,-9.406920027159941,-9.529129576903058,-9.10908174220392,11.887507760940057,11.967845261145651,11.762780532306165,11.05322832659381,4.21998835558814,3.7926473241679806,3.9400437544007247,4.384839971585269,3.7462776360546646,3.841650657289411,3.3345935025448816,3.054939128041345,3.2322621731685586,3.363613438094856,11.032259886468298,11.99495078156597,11.206142384423487,8.85269806243078,7.891578170725634,9.434477478724412
-4.552437232975814,-4.97154405932061,-4.953001905996454,-5.554207702932214,-4.381726770941568,-3.948103148227012,-3.6915087194918867,-5.363010263930631,-7.016239305561502,-7.981487958075124,-8.795436036182782,-7.851461678811215,7.728360515658438,9.66691596265771,10.503865235470673,8.21431601510531,11.479270940732267,13.290776052920252,5.211992291634418,4.1565483026438965,3.850067785328569,4.239946477326513,4.551500267144089,3.987603916296551,3.97103469413699,3.637612236425186,3.0614103584106465,2.5217704688062246,11.530257388263653,11.628061907705483,9.880103339845952,3.0534252426347996,9.5525447136374,8.702647680142872
-5.123672322993362,-5.533462297857805,-6.240454351774047,-5.968091140054456,-5.559074525844304,-5.978414717770017,-6.286139307572339,-6.9028828787366745,-7.591058984161379,-6.358666843590126,-6.536378452136812,6.475949929354863,7.876817897821267,8.802705517624352,5.330017311617915,6.725133764959111,10.379988908828937,12.361740930287654,3.3954733529945034,4.029156117800856,3.6072617903446766,3.8622970943012156,4.309108970318946,3.9816485166927156,3.795885910245311,3.324318295143306,3.0785243939972116,2.907060020592922,10.491335165433908,11.571288327958081,9.809639092382039,1.9358145037498518,9.40382555798563,8.87269540891675
-6.235186033001552,-6.302725765582131,-6.649523735624403,-6.962133694558619,-7.5915066804423175,-8.094352545161227,-9.397489425724547,-9.316321953470714,-5.245610673793803,-0.09530759174049268,3.0138945920769395,5.350279394230663,7.9429111598107385,6.675150893499068,5.258616603731821,7.694135000850975,5.488486576034052,12.126314816610172,13.136162558442058,4.315970505304908,3.3464813401070455,3.6509567115131922,4.0571169750436455,3.9363078400296208,4.107649917531261,3.8052479125762786,2.34138213986085,8.373496532752661,2.942103713389068,10.940835029231936,10.044384348550379,4.0537599759161544,9.242154852666339,8.546007966736124
-6.301989224848753,-6.807522592024049,-7.068878333275884,-8.043888399890784,-8.291790429242763,-9.780606634488016,-10.493223634847059,-6.396633720246235,6.103496446986514,11.85671606602769,9.5733370876386,3.0910382648863752,9.521316791916352,6.503423795151579,5.076289434234151,10.59911559121026,10.396302358666702,11.604180499070534,12.477358190316332,4.5764296446017045,3.305096650425669,3.4137879204633332,4.5989032891230615,3.919501469357124,3.672649754968723,3.5112324731276545,3.156076662350989,9.992590531644291,10.614865886874854,10.16680247798948,9.635440013939874,8.79606776520847,8.909483897039097,8.446827954094054
-6.3776408323464215,-6.818886259717195,-7.870686372272022,-8.61598657737237,-10.008479194304348,-10.207735730953173,-6.605159860614753,3.600919259630376,10.563802174865838,12.235693252907557,10.35356613803673,8.952341187044377,6.796803871723224,5.728026218971746,5.249535239352577,9.677577429812018,10.384077948801114,10.017142069353083,11.931094282531294,10.479390751277384,3.2985328676367,3.3704736977158776,4.27882944035101,4.305030738004675,3.4447842241280373,3.4911753532538605,3.2896397108748885,6.966065918667191,10.252503417566796,9.705653042921728,9.13380494969354,8.807936173774749,8.608518199992455,8.201916347023733
-7.0289516157257665,-7.603976252880926,-8.517473692207929,-9.387618354721049,-9.809325064148286,-8.65323426472105,1.33516355100255,4.645862913591624,9.403859467949594,10.559237648958934,10.45391604652306,7.15835054768418,5.184280684726009,5.1760429762199385,5.71163893682373,5.409066268364437,11.78235257233625,11.650239312024441,11.912590379573928,10.80834052284856,4.457902703747587,3.137193618544666,3.8677786171993387,3.9803723113533604,3.729667426978322,3.55768875300357,3.3493627177807332,5.025363850838278,9.966826086203213,9.326228900609589,8.854194511237022,8.626673910824252,8.438958282209141,8.468449854524819
-7.930397184615763,-8.427039510794636,-8.89077293265493,-9.222779041836565,-7.964290440456265,-6.247685239597603,-1.78218044332688,1.8128828623244382,8.780474249590204,11.792013876403317,10.54351036339173,5.714987305876857,6.880128837628774,5.582127769959729,5.936517043489028,6.078639197086211,11.332052860482587,11.041192917901789,11.382849345279894,7.7482237148185344,4.089149430432596,3.1039415850754883,2.8805372380009002,3.523830232984949,3.501943770094423,3.9902272155263865,5.007277968325996,9.973025983773708,9.610511083286482,9.084287668002188,8.433324924406953,8.221428165691966,8.33631576990929,8.28092517438257
-10.072243882527626,-9.85208463836332,-8.82914107666389,-7.454339426905334,-7.1948330968806244,-3.363969617740843,-2.912284908557851,1.3681975634662482,4.668757410027167,11.986636396640943,9.501047733372591,6.897500830203481,5.041611417903255,4.8206746205404984,6.690451335884286,9.795040336670711,10.073351045232593,8.66562691081228,4.5844406586590125,4.991839664581263,4.933900410056998,3.3728925689378357,2.2830550268530785,10.829061833695492,10.05140126456793,10.069339864357811,10.022513637833862,9.851187830951227,9.384557868423967,8.95234065517375,7.936971755490688,7.8827353335895785,8.57206547799216,8.168069447296533
-8.997703380634613,-4.624973185698467,-6.390269238610761,-1.6852408524429037,-2.276986526176004,-1.8527859252226295,-1.124513128451178,0.5747669134724314,3.0951808816250805,11.359691302287905,11.723961277512501,6.363242291619309,5.655655887362225,4.240987429996159,7.340614421916207,10.316859630195907,9.712740560086992,3.578778006948818,6.2814128294066345,5.29663172358807,5.1986531161,4.748318556614312,3.8817219512743093,11.751243524165949,10.291489184465046,10.603177266515132,10.461927134274752,9.838201441459955,9.07685699165959,8.120328396984675,7.228675170257424,8.267211157850532,8.458443042667064,7.745674600834406
-4.464406605921067,-1.7600109797595864,-4.12217772833911,-1.6091955217278446,-1.5433944845917535,-0.9613870831062198,-0.4944649224499466,0.8364210743511641,6.8267235715819705,11.587884259423623,11.692975519256,7.253778743675278,5.411590527210054,4.2129585930155145,5.802683114349476,7.760826894464451,11.293607078211055,5.620466161192054,4.737736873032684,11.35438347302804,7.025213941923027,6.3255716464228176,6.252234914812207,11.298365813377913,10.205338364367384,10.479650942665286,10.27900794639382,9.658007771575129,8.609627851449622,7.4124661913957155,7.41833475806209,8.37775141825799,8.408959963756963,7.142549117369065
-1.847726501840581,-1.3409602863333108,-2.136776846519125,-2.393629417807744,-1.9665968249552228,0.024830583695396292,-0.14712363889329308,-0.025149200886848737,4.704527929010675,11.40302424076771,12.737078132943866,8.757246197404111,6.071917501383152,6.014190817639511,7.024611551615385,7.001002205149826,11.006552615583466,7.284746335585269,6.098359301157733,11.452537702239626,12.323349372495553,11.628718952111358,12.21885617465663,11.219007849656522,8.44193738670008,10.789234734989574,10.492040658628287,9.32589788935459,7.888962188848256,6.711090024032411,7.245761917438759,7.782443973456016,7.902406836162365,6.360136687992301
-1.7388024330825822,-1.8719676952829172,-2.5120006238473187,-2.5303079137443816,-1.6878353888064765,-1.6147249250465234,-0.76008514082523,0.8954371360348399,8.20110210517654,11.416463195142741,11.821409930218703,11.05620082718371,5.6958105942230715,5.611545468625277,8.903550161496298,8.394385044291353,11.15918097848198,9.015423191317744,6.075130787740477,7.05015130910684,12.136503566070255,11.018356559270424,11.473948054896102,10.6719676107249,7.682080713662781,10.787424055865399,10.268198733676412,8.941206881782385,7.411782234766618,7.2476021410456655,6.008737755610459,7.031153548089098,7.33155993844557,5.630414685356529
-0.954844743895091,-2.0633967571170064,-2.4243774654457075,-2.3842396333856883,-1.656684127035971,0.255811121257416,3.1470617451600282,3.5140124728407636,8.291426019774748,10.440591091893715,10.722849781262966,8.65653023404904,4.6471672883073945,5.680551294136122,10.147258571479911,11.416274075628522,11.46238101762392,7.244512883523377,9.844148237151227,11.187494704737947,11.459544179504006,9.960737635092169,11.096431310412957,11.44886380640241,11.248771143790387,10.417437609017053,10.175468128033504,7.739298254324808,6.6602265739274,2.252151042342782,2.9178495895475343,6.208833234103141,6.453591268265226,4.683344868241504
-3.2510769799026527,-1.9387685520800644,-2.40858580723314,-1.2362431993775496,0.2920655369715219,-0.029661290155668228,5.224175894671196,7.920978894864196,9.530523858519963,11.067650328413468,11.733603611949825,11.050880088447277,6.354463884995776,5.2961735861456525,7.950713624654279,10.663537848812094,8.96744769677023,11.905774638544461,11.883027492761586,8.671206194338657,8.37161087848532,5.54118717097184,12.467253681420209,10.83092185564585,10.754837317116916,10.512212501036613,10.268160546033444,1.7233563113439083,2.3925112313641246,3.495940661632436,2.941207582467184,3.0339706311584926,5.755860933895813,3.387753667473022
-3.942519734590777,-2.7126522076694015,-2.2175016315082083,-2.258861432584608,-1.430206662450367,4.119689282659413,8.857886876521126,8.979286953807076,9.205007489670345,11.039594622983417,10.531152189194474,11.220481036435244,5.917244662531362,5.868319241748265,5.327022824919005,5.8599810739270435,6.496667704357729,11.288478980348295,10.326015489446306,3.808850629162439,3.5330087440399223,8.031869027922188,11.1278034854663,9.90937172343222,9.790085757730521,8.932775246952694,5.392182329856212,2.810814330237464,2.7829097881978053,2.305549430908355,2.7895448191048433,2.9458309514489547,3.240768245046271,2.035284333788324
-3.207648063065393,-2.3020778392119476,-2.067696797069324,-3.237803776158984,-1.4347993713360216,2.2170053072415286,8.506779648084809,10.378743461530593,10.725545726371365,11.057043722900701,10.96925983981717,10.853998035309314,7.12815537888831,5.386305541351053,3.6345742623831714,5.3777188185244755,7.241977986492998,6.032422244078616,4.371462518410022,3.7229659598185867,2.8601700547017854,4.764519257636505,7.131220728911827,6.61293812368667,3.3050585067123763,5.064166529606889,3.6943255129954644,3.093084465100957,3.7278849108336325,2.306578108418739,1.590542357660418,2.017234623131051,1.8360339541962354,1.4226316337843756
-3.5154502600342106,-3.509829938053213,-2.0921106754920897,-3.2944473482836427,-3.605203428280869,-1.4163777072097683,9.594562633958407,10.528041927649543,10.16207173670897,8.40360760031778,8.269348368325824,8.200285509344242,5.173408641186409,4.961328710768988,3.6601107315836936,5.673906054498503,5.182614742073042,4.798926275469271,5.61536085776049,4.137933481716848,4.99098651329168,3.8346340229799716,5.455471070008886,7.292344916308591,4.338277828114899,3.0045592736275246,3.6245415615942536,2.559949949201374,1.7651419610752503,2.328659877579101,1.2960572302031166,0.9850026087902047,1.4039659481629942,0.32378251653584844
-4.145946372642386,-3.7676745997895185,-2.3429811101554443,-1.939949225803448,-2.500746349526549,7.871815942278038,10.418605707509675,9.738278833316857,9.219271867246343,4.905719180952018,5.469254680810206,5.725454815323449,3.844972638571385,3.500739466102342,3.442406439530803,3.613064495302462,3.488232323141435,3.3347366794908067,4.591393715908998,2.830183745902984,3.9466819178015617,5.252344170873412,3.7258631220595606,3.3822920621877057,4.69195272913877,2.8900965266737786,1.84172688031996,1.3018822401131416,1.8413602821351167,2.736964744337097,1.7763956301248678,0.7733388868798047,0.5259924836103211,0.06579177374647899
-2.3886773012215525,-1.171246803996613,-2.257518967162256,0.19744582657988996,0.6305850271208475,5.787833276960793,5.459226017386252,5.28265930380758,6.00758737794232,4.773005230368566,4.276237958814984,5.492390548831483,5.469823186913807,4.6217120272466135,4.046640712555625,3.1992030542568974,2.3589176307087363,3.104709398113201,3.638078234619348,3.0694930407595713,3.2826896149488967,3.12561527094132,3.884569997920551,2.7931481330335686,3.2806211090180275,1.7984134921574693,1.1926464121459681,1.6660706579857212,2.096745854390229,1.835808367812605,0.7654839159869878,1.0876314032935246,0.22489370438429138,-0.5769138139449885
-1.212757850418785,-1.373765192604578,-0.7160890954547265,1.8810633847827603,3.5346327384273213,4.573990339236197,5.01767229055363,4.3270031870158085,5.5337877390676935,5.343252961732158,4.939059807347043,5.307461528203225,4.3449871457143665,4.864427444113976,3.2906025900074285,2.650016515526347,1.8867304833609961,2.5933751337575717,1.7800063357288505,2.7234034054547758,2.9734393734292572,2.189776739671856,3.9063772900360063,2.5262625613838714,2.7261984546623683,1.7792878108497425,0.9124448731181296,1.2082850392942335,1.4936203525665548,1.697226562359055,0.8855564546734678,0.8062291143766432,-0.2086627772141293,-0.2440109276761362
-1.2257166060037124,-1.0484838889472883,0.38339958005258323,0.4322280728129096,1.6450705191616457,7.40335173851172,4.638862651680905,5.092872963881733,5.407001252517413,4.946759728373863,4.6919165652345525,4.960354536278144,4.320103026628361,2.7608505696458243,3.544147772204542,2.874044354441646,2.129404039059918,2.5016827420277292,4.385032189482482,2.9951456553402167,3.127069214388419,2.3498328043618892,2.2418918522304234,2.220636428206104,2.392640286593363,-0.29801825631563045,0.9577795158836248,1.1227118289337619,1.1905154875560373,1.2715460700574361,0.6062231197632051,0.7883128570105836,-0.10929884820554098,-0.7608772336249461
