script/wind150m.json
{"header": {"parameterCategory": 2, "parameterNumber": 3, "lo1": 3.000054539987559, "la1": 64.9999836372058, "dx": 0.5, "dy": 0.25, "nx": 34, "ny": 52, "refTime": "2026-02-22T11:00:00.000Z"}, "data":
[rows 25 to 49 of 52, columns 0 to 33 of 34]
4.194910586876269,2.372349372807443,2.8338893029570693,16.006957175207827,18.662455610139283,14.321325084256394,12.100052326861816,6.962093011790293,5.255929314242328,2.225393463684935,3.3120054489778394,0.4376543662657682,0.08118980516146246,3.803165066613311,6.502986721340962,8.151470645944185,6.028416679889399,4.50182290262863,3.0686639981499764,1.5027655436351448,2.3884285494212976,2.4018924471220697,0.6670961474520938,0.7089085797047684,0.3853676838802647,0.4904727726769946,-0.5745363293643561,-1.7388743263147917,-2.599369065506934,-3.238074048467621,-5.19349453910722,-7.10629586408768,-6.225619368593883,-5.598380948031675
2.5831860808301212,2.0224461106182936,1.8528296443553527,11.756291783782261,14.095802096471257,11.959853859811009,3.9842136709871743,4.148037804293101,1.2032737602742758,0.12748511052666253,-0.2758210173803807,1.3615575263858333,4.9591736397756625,6.159933932727271,7.556494409108005,8.729454233987529,7.009699050230011,4.489122641003209,2.667952678670102,2.3442297285524316,3.2227141907862107,2.067289122713492,0.6313438381695601,-0.023771779565992374,0.2139425257417489,0.043302232724434335,0.6259228824749038,0.17269747705084654,0.05143811033619281,-2.9637210839131156,-6.212498059305864,-5.349561528853321,-4.595724038607113,-4.780333279973123
0.8805083020255948,0.38229544486561967,1.873530446995748,6.062778618927285,11.302923945325231,10.983910945315571,7.981305598286474,2.236462803601267,4.621182949355289,0.5656675658293088,1.5970412935648037,1.0740327911872234,3.4411689401224264,5.243137297179949,6.425298792397669,7.157891769975793,8.00986851490292,5.624203256187924,4.90447880737234,3.171501933799648,2.5152992975628363,3.3650587161046728,1.5848082170038849,0.8317461713762331,-0.5593571900574603,-0.524280128356497,-0.7038149506745074,-0.1961991624653686,-0.3282392978902197,-1.8874902070808708,-1.9248077346032602,-2.4704405728602556,-2.6782132061964896,-1.9881456014409102
-0.7368284509550402,-1.588468907132028,1.4519247348370243,2.053234027998201,7.730948028570068,9.471719215352522,9.523426061337744,6.029494934399215,2.5338555522055954,1.523714523413895,2.21442213133494,3.3031846082648313,4.996926032817793,5.680987127302519,6.15128716215821,7.149194239028679,7.121395103883612,7.470009153560468,7.293073133309446,5.611140254651181,4.062549416121822,2.3294717723024045,1.147033310515214,0.6861139908271535,0.01918279172717991,-1.2427337031050696,-1.209165091437733,-0.5562492875433411,-1.0906398653186544,-1.777355827857102,-2.053604366592456,-0.13641764329395042,-0.9383173524067022,-3.6238344724948064
-0.3344987272374178,1.1241026780558407,2.0626508524860334,1.9387917779304158,4.028846238729618,7.831968542829085,8.6223530365726,8.506254331179475,8.10978984471262,5.770985330560252,5.8497629630935215,6.972895210652232,5.578066746111161,5.233212620353594,5.251555974833241,7.203471847715285,7.444489891903782,6.87487601377896,3.8976149443454435,6.884795478183409,5.278963213288378,3.096176728052747,0.9657336877375828,0.19704545129756326,-0.44831714130593114,0.40052701409074126,0.1243602383491211,-0.05064598471765255,-1.5221722726632385,-1.3116287739404582,-0.9780368883897474,-1.8413898651797251,-2.12612494286461,-3.004784217143386
1.4597715391544457,-0.11760882561168416,2.7872123034960987,1.7416515629971892,2.50246229201927,6.475593775775208,9.616584820925551,9.987855167644083,9.963738163115158,9.857320832145202,9.559834873903995,8.168225761124894,6.855364580009977,4.977413045281566,5.625304270466126,7.727366470926403,7.200001741591535,7.484640317423299,4.300657841293134,3.421486883717488,5.588693513039644,5.281949781435918,1.9394393303526953,1.1982982561994648,0.4645268003197623,0.8435971395267257,0.7983078860225167,0.673309127635368,-0.2779948024978464,-2.029377847448293,-2.797101468487728,-1.0506684275524434,-1.817049718798822,-2.8670424025174897
2.5111003482543164,1.8795054768135242,0.9505588661273112,0.8340729113030453,0.33850943343648715,0.8220294383400671,8.500365845477443,10.360990264244812,11.415284519645846,10.965542165670454,9.588480505688853,8.957854460325716,7.849872699844281,6.810325556250583,6.362789545143717,7.300769103506595,5.5849937727963095,6.943205305322172,7.783516385173358,4.247520832680271,3.1408110651260266,3.32837264167053,3.166065315162449,2.422324226500411,0.4948076147351499,0.049024573597744994,-0.648412061042783,-1.4718921571118755,-0.8285938727458317,0.3046449272295018,-1.3634212080846169,-0.0326801631506211,-0.02360392167029648,-1.9716832413096004
1.5079980906965649,0.4452424899033716,0.4159054703561395,0.9195371608891751,-0.18324409812457973,-0.9669596752535448,4.591358190522153,8.910244527119826,11.223043473168326,10.87574547859566,9.727317983462003,7.882131128730865,7.507400124793142,6.9473992876507555,6.249792247985603,8.280542274122825,7.550544785286846,6.841097921512635,6.972112060335817,4.680227432822435,3.930376858252461,4.515031169556055,3.055905828010552,2.213178856721313,2.1686011217462076,0.777990841828704,0.6396011308986298,-0.7701285728779168,-0.6730906930882175,-0.27547969232645875,0.25531327216711264,0.7891397186567874,0.8127412864065782,-0.1532817038849492
-0.37378583530441845,0.9738465804113232,-0.6471715742143616,-0.5023146004064708,-0.3483774095795465,0.14337884805574366,1.0710078722594745,5.635943962896095,10.447297605078157,10.958097703640952,8.700577852942978,7.045056327501414,7.975432554545359,7.372020805449519,5.257269639585322,8.334848721650182,8.581206788697234,7.415180988841957,7.2280044651008915,5.36625679089538,4.033875537557762,4.249407448821809,3.172011297218499,2.673099388573253,2.3852675712483977,1.7230293608009402,0.9282760879641272,0.6148894230448583,0.1858617865152097,0.216275907477875,-0.2980741778555285,-0.4157712687919373,-0.20436880090006457,-1.801352584557185
-2.709740667706297,-1.5178859792277009,-0.7227523804897837,-0.8896339094102954,-0.45201719395097,0.9460713544612562,2.119384648496291,1.7802578170786467,5.693803502888445,11.56229032101742,8.458290670333179,7.260451461032037,6.497937012679726,7.262608138168927,6.925977933617117,6.814611698319008,7.532016603914636,8.26502275950311,7.894094527196004,6.256163150386578,4.507603612127415,3.540102929832953,4.214785986011509,3.8581977565845147,3.252093379515494,2.0656288725270158,1.8856153504585018,1.806978311777464,0.8697682868058698,1.1015385773433501,0.19945911119092719,-0.35077902090153973,-0.41073190389206127,-1.2529664664195679
-2.0433435395664454,-5.2855698693271185,-4.49160056470388,-2.4831097345191804,-2.38736052643498,-0.14412628574466546,0.8093431252705497,0.8312692528003468,2.5329991664950384,7.136607568425856,9.918531690400552,6.856436302393739,6.425134307895398,6.848516746618306,6.2539057786779635,6.281253153386021,6.952786010379066,7.610242783584387,6.511117034864039,5.955798760083877,3.194681912055614,3.4636612677487313,3.568479484758541,3.5794083698794132,2.6171454085328345,2.959974084862483,2.6094034022571457,2.319524235638172,2.4955411911167205,1.6348373633539264,0.8882536355123811,0.8271312557171483,-0.21453597165029106,-0.6894861748271945
-1.615556857119892,-4.180862596637804,-3.181295413452435,-4.774646361958842,-0.6649817872353383,0.41149620951965865,1.552087491680441,1.1214313858955334,2.094250848746561,3.577536432884997,8.443263594545177,5.528053137546697,4.834120922871003,4.785005342448155,7.2488377822988665,8.40885926090575,8.944859615297133,8.785991703802358,7.348270432948939,7.129410639056837,4.742936819082789,3.6440743422415705,3.998434470101248,3.367167616461177,4.001715950529229,3.90069199304659,2.713315626716723,2.910150121208474,2.392996262155526,2.13276276375001,1.965954211456966,1.3241293348672571,0.6969801396082521,0.1535168447943231
-2.450830669356026,-6.374694703931704,-3.9584645945389556,-2.055042712813678,-0.11402331975063547,2.6720806187504795,1.6734631475151027,2.498083106116111,-3.5039789971551456,2.4898129317504547,3.799689816003608,6.9565671432357075,5.452589132631689,5.227088622623776,8.25117658322699,10.505097319256638,8.022349642469859,6.698309843931495,7.228928387609361,5.067305175423565,4.402190365188812,5.709124384607694,3.2364050697426396,4.802183649800721,4.170394097234774,4.3555762498959005,4.123396545408107,2.7240868741279676,2.2503202377055933,1.9756547231598316,2.0206833583676698,1.9731616295973615,1.436022609080232,0.5310741656657276
-3.7338388954137978,-3.4401160835711035,-2.530666077303945,-2.1266230905298005,-0.3440718278168885,0.36755339463391745,-0.8411414495832431,1.5116652973837121,-0.6214378906507818,2.9353138375642818,0.4076623697444634,2.5834467901819305,3.9560073132015736,3.268505534918496,6.926790453669666,8.198988978268506,9.246257596191107,7.435587264938401,5.2418820116598726,7.112408512755563,6.791414556411601,4.862202710977365,5.26792947758604,5.963185253292596,5.16565118168675,4.005883920154651,3.5772255282975287,3.4896309815182094,3.1141912833265684,3.152492749961274,2.1063348724288726,1.2484413520798732,1.0248102934933518,0.5238824689083169
-3.068544637914175,-2.1811957703840776,-1.3578149412348233,-0.9385258189294046,0.5118489258480645,1.139372503133997,3.3144789539679067,3.491129685404891,2.5133584694846336,2.411068415845454,2.313286095043059,1.6615057778880777,3.560361570923769,2.830919460712287,2.5318549942458226,5.751755552426404,9.791026335402734,6.693857776073515,7.1895874423195885,10.578076884326787,8.516099900813384,7.106052629725598,5.29318275348832,6.194052555083102,5.907285482805052,5.978127516853383,4.26419312131034,3.74292233042127,3.251963728123353,2.8288579553002338,2.0033239677608923,1.3892356391361325,0.3915987629964711,-1.115864269467469
-2.473239701774886,-1.2919591465144342,-0.707191676992119,-0.3550338597947887,0.9658408334588201,3.1408801880762205,3.176544825711487,3.4972312081300525,3.6495676141138116,2.9465858848390294,1.3305844883896703,0.5575467117019134,3.1008427101561544,2.82080123382297,2.5361439631699185,1.8669848458778484,4.904066553277552,8.877045578432393,8.65625016696853,8.384289468751778,8.962347080902449,8.548211992680901,6.06928741811475,5.493809219834668,4.816982578997923,5.3293480863138,6.109562106853231,4.551841810031519,4.031676842102492,3.4707810423255747,2.216807139754823,0.15263719288369323,-0.600522765883263,-0.9176025097427029
-1.7077477143754385,-0.9344251611509868,-0.2995354996125705,0.1278299195931356,1.928672314937331,1.4856320474802687,2.2782423008795685,4.056921961011257,3.791814258742443,3.6493817701932074,2.01992105850241,1.8949676565678513,1.5924349077446105,3.272435016590637,3.2852299999848387,2.826232950356309,2.610983825012984,4.7732058169505125,9.533145250494693,11.663039560892537,8.98938740707115,8.727281926302036,8.864763204921154,6.201199180563528,5.455332605990708,4.927915388954279,4.734736025430041,5.456808610742789,5.548865787046416,3.6590714092993677,2.686198655709361,0.9962885111385165,-1.167079892835611,-1.199921753149827
0.05035156694366841,1.2078202699633216,0.6957445943760707,1.0832376184115613,3.2257494257905415,3.4922393887041725,3.62543463093847,4.361990420077969,3.8117115970840105,3.44469741434532,4.554938735705413,3.769958463502644,3.821303618789991,3.2749931284989624,4.658580306056903,4.060918716116899,3.0957430121729352,1.8930841963607112,7.530951028301973,8.965634647484858,9.932292894872871,6.135198687838518,7.508761630109926,6.665393409770867,6.585406866331841,4.484524912149946,4.553640162334763,4.255253571276515,4.12787786163585,5.920912666483064,3.475935905591141,1.1679912835067543,0.8430107769927981,-0.4225462486969989
1.1812247495837174,0.8379970303875506,1.1850181178857198,2.822498406979389,2.9046695696958422,2.985817029975611,3.6690595473598626,4.800296784296827,5.641090457154648,5.6834201009941925,5.468333103218559,4.529284813070561,3.9606294060526848,2.8413750905775066,3.77688444818803,3.4087290292708783,2.1292783644292532,1.7960525240782177,5.188451012142695,7.57916397448928,7.939587821003096,9.998895429721571,9.566764849377392,7.676189672496666,6.162531277040889,4.582106736824737,3.589262150047789,3.8845126283900693,3.820655359685858,3.6436136818748532,3.110881858741403,1.4181473114761924,3.3788686424573178,1.1276780777682243
3.3884568173991783,2.727598378219811,2.857818837962174,3.225891525230775,3.5255694604361474,3.924298790769103,5.153436697797723,6.0491616987930374,5.822489314739193,8.092725809374674,7.672225917793626,6.297037196873235,6.384027644502582,3.6701379573504314,2.2259299739549956,2.8415924367191145,4.287315154132924,4.695580199600145,4.834500199134804,5.715232687195351,7.540027876218342,9.13299552117012,8.868234805844482,8.256931297008572,5.690134796477893,6.052826297563227,3.929968813671092,3.783191071974154,3.657677031936509,2.818468652206084,1.9326899878862165,1.6195920235796628,2.6123095698880645,2.048658122956085
2.323247400595251,3.2557618630884173,4.20569213617339,4.202755937480916,4.205170551589438,5.280046811958072,6.348264162652761,7.1156234619308005,7.888752926351061,7.962907373369406,6.40374623603703,6.29668551621717,5.280468225669012,4.743858991039459,3.973855276348441,4.2226475415654745,4.372786962125795,5.067822526236042,5.6466257219940905,5.673455460018981,7.0820570991909,7.671567022708744,8.173593862210636,8.219003278559457,5.486368976091085,5.701138474433452,6.410581995442142,4.2194347355851765,2.0963938856979305,1.8271491702700802,1.6797983431926242,1.7269156553560339,1.107174878627914,1.886311556655006
3.287521659155756,3.659215755364734,4.470171762208289,5.058609566600012,5.594954340790976,6.452330629586434,6.99568647518259,7.471468778190905,7.12250044580791,5.892742516344961,5.420648524095877,5.638728035213653,4.280565909431392,4.167982525967942,4.128566979044641,4.134495555355882,3.722179828958107,5.105565394330797,5.690363451183237,4.9095277404204225,6.045129137304846,7.771769466267791,9.610898704563253,9.110896896486336,8.10549646466216,7.319862848985349,7.447137209657535,5.21440523514905,3.7521931840927025,0.6428963636509177,0.9451207535313664,1.259814870718011,1.560245796191419,0.8504490330760485
4.2031414204928135,6.261067304805761,7.154675529402007,7.309573715398726,7.330406038725554,7.223127160162778,5.238080789553044,5.787104444148692,5.913135260333099,6.0808974220805245,5.122905551101904,5.2796431739351455,5.102479678917278,5.633771615566277,4.335187254289617,4.272491199299294,4.266087849825529,5.349223996631676,5.52547796663446,5.312491835595118,5.6785697337824725,6.136627439044377,7.516453143694208,8.147976456357723,7.778668456620235,6.981541951601266,6.387705550884015,6.1932408681631905,2.9847990561910787,2.298809111059684,1.0832711092133234,0.5693161412028067,0.06482317185283676,0.3172054067836223
5.121910259264493,7.681884123130974,7.1084320951646705,7.581351242964423,7.9758802532344015,6.836798021567105,5.799082349697423,5.41132963642909,5.43861056647604,5.802846171058118,5.368052009939048,5.397303760945884,5.437994439629377,5.808977797998775,4.368001482104707,4.003641364152923,4.1161712821337355,5.478376228295404,5.1324511442615,4.56641663652365,5.214234751427003,5.616626243990612,6.739359769889572,7.774078207696136,7.401218587279047,7.35985898912532,5.308188124906685,5.923361903193742,6.013447979010309,2.8772888343429934,1.9244708450256256,1.345721790721981,0.9708141722205087,1.04512950406888
6.245308373638842,8.365504421736945,6.6750851861926455,8.208904032628757,5.727085823250462,5.838447944125694,5.8860046893061355,4.706316257662744,5.151551781020642,5.4561855865534685,3.976280975386658,5.227092754434645,5.870601984281303,5.069328278501182,4.3822375082431275,3.7077741853509716,3.580120758994001,5.114571405978708,5.807896979917333,5.536411649286788,5.765953118261461,5.29456770712048,6.41755218832534,7.567305362457894,7.0720910421542875,6.063651758356747,7.09794001804285,5.460598942559874,5.759008860817908,4.822029113871106,2.0381327238795213,1.9375305932349431,3.2581849173720405,3.8318897089667883
