script/wind10m.json
{"header": {"parameterCategory": 2, "parameterNumber": 3, "lo1": 3.000054539987559, "la1": 64.9999836372058, "dx": 0.5, "dy": 0.25, "nx": 34, "ny": 52, "refTime": "2025-11-02T07:00:00.000Z"}, "data":
[rows 0 to 24 of 52, columns 0 to 33 of 34]
12.572037103928439,11.369490079709466,12.530280087269906,13.670752120039799,12.680519745500922,12.393331803288994,11.595885468753524,11.203370378996341,10.182191627611742,10.414209571693922,9.537921629105679,8.09433884813637,9.710449882389653,8.052140930253575,10.10571694632116,10.80781055657059,7.565152568237287,8.534069817053346,3.042411989774882,9.52860605079094,3.3867214864912714,2.4977360224080445,1.0423693738203832,4.905893687191682,2.3415290900987475,0.7304970246169924,3.1093440418426717,3.290624303421695,1.8392430684340129,1.762876192212223,1.9713202729562265,1.671198324915919,1.5738809273679661,1.3175709187132878
9.487591237087397,12.467022468424013,12.543610810640693,12.275214889430378,12.628274810201427,12.316104294865793,12.292695854589292,11.499314858513186,9.108057601278071,8.459134879269955,9.01673792006566,11.634265054083702,9.898942112698782,8.338956364996703,9.61416808915778,8.929598092246458,9.586771147487411,4.196806185920448,5.6537242819500895,4.61603510642432,3.3109702598146105,2.993402498379897,2.046186855273798,2.720349094948722,1.0417303631061214,2.4171750740262734,2.167423479413899,3.6890595849115835,4.05245643154759,2.734551648729758,2.241448064632977,1.942087263005554,2.130235962890424,1.9451519694427921
11.050113892010561,11.533019483291303,12.595613324473108,12.002676846391738,12.124954491619743,12.116343221893608,10.952198553824985,9.094708200766565,10.902367838505063,12.601967285907811,11.287346555957932,9.402587343815743,8.694075159164019,8.648353745709933,8.789990385107732,7.644229386937734,3.0679967986022025,2.4992858903160586,-2.3894778046882457,2.164437827990684,-0.9809801733124507,2.4796517854754985,1.6058288486986863,4.1299904752912955,3.3885935040873827,2.6585696188353944,2.8482425607342243,3.2337765220265604,2.8722301304181315,3.2268336511730884,2.951562877937172,2.66802267538512,2.193103862376405,2.2238683170449995
10.996139975340727,11.113324095419202,11.44071692885324,10.842234097145035,10.34032600402861,10.900387142443073,10.237832888966548,9.582619534468897,10.096360938714076,12.474392451570935,11.119939866958198,10.571203633962822,8.774311381966955,9.058298125338649,6.995709182280416,5.38346341270636,0.061268103859610734,3.52472574786352,2.4159407667799275,-0.3265433350438166,6.272326597783188,2.714445707816519,4.135722703016139,1.0547787356096634,2.119362006243582,2.2246806265760237,2.5801602401599126,3.093159581262919,3.1741653623651462,2.4565426126218517,2.5212940184625645,2.7173566535385114,2.5097011521308294,2.6199355387715975
8.81459342154123,11.488543250849451,10.862796106314129,9.694254178965187,8.876260813542148,10.770428370109883,10.41126568967971,9.05438668119393,12.03674294439305,11.148234327797667,11.111999461671786,9.876292716805091,6.424683588535283,8.164523024092288,2.881848090431346,4.893907370910187,3.030344466721027,-0.8582727339512194,-2.4322966203076026,1.5540023792753384,7.24679574068303,3.677549195361045,1.0833023003637154,2.8796897565143436,2.5817217168694464,2.322230768815942,2.6809844198502666,2.8992545011111095,3.17457166781914,3.11693899952202,2.7679872342879936,3.5084268109679964,2.5213248870862275,2.9836465923507416
10.160359424981232,10.935821948391188,10.327175613402126,8.759756220337826,6.9429948606995895,10.975872662765765,11.846137960723519,12.353235704936635,11.605441673134996,11.538268116566135,10.432017922894197,7.095212916812022,6.323118828109454,6.119564571406427,-0.2621512492280328,1.0149845628485124,-1.083551100254769,-1.211585834842616,0.2906125252979775,3.5619206043294613,0.8733271454701372,1.6862395166812707,1.8800621873575707,1.4028738487206651,0.885743991878979,2.035905558062338,1.868990857378155,2.264419777834409,1.7812521695893755,3.0546821714384436,3.537564318226951,2.557971108169529,2.723487799416277,2.962709232774048
9.327744288900304,10.775215345080802,10.038044325818774,9.013038844872908,10.497950028821542,10.51150188757494,12.082863166283436,12.024744524774304,11.773737528206203,10.38457993154579,4.935172350706635,3.4569729227136765,2.472759917777978,1.0560098943551386,-0.3259218997501616,0.48988282062583904,-0.32532776821707166,2.9404551383612043,2.8650409984223413,1.2312080348988725,0.4654524172755045,0.21669283052233396,1.9244353677882302,1.9556656126813918,2.8103223561877195,2.078126249379229,2.59500799309643,1.9616933255376507,2.5089447626216557,2.239319943351712,2.643238397548633,2.7588070968889817,2.9858004646113714,7.1051797136012755
9.295098054400503,9.630444181653209,9.507580571282633,9.324372100435506,11.817371303011765,13.057914978976235,12.955638272793921,11.318211720021258,9.26688355284261,7.368579135180767,7.430388015540363,1.4881502760089358,0.4910196372782877,-1.6717564199431458,0.7732039064348637,3.821974184873106,-0.6743970814949551,2.364887141836745,5.77276749565942,1.8269281269651614,0.48606995910676715,1.0754624853827033,1.026352231168607,2.5532788959041786,1.2884881657707283,1.378950581721646,1.8481446246483297,2.319698837151085,0.5938916544870088,2.462371239147057,3.232016658762963,3.884038676720166,4.454513765560761,10.745475926051475
8.64340130222503,9.263946410940635,10.222759778044916,11.508709415366907,11.866074079475705,13.532188176701606,11.357812919942923,10.091376869893544,6.506062042669714,2.9980036226319,3.605268224225384,-1.0018978426013447,2.3167969227058136,2.626264455118616,4.465577140872042,-0.9262453454190595,3.7932816627600467,8.572135951998664,2.508578021394899,3.1013710829320456,6.736021224330548,4.362990224123876,3.291153311634649,1.883491987274792,2.3785066825936334,2.062264544177321,2.123438238551566,1.5576030232786018,1.293397066093135,0.8464484728627513,3.51609515633852,6.8922237795361,9.875805715301263,11.447073500858385
9.967998833317237,7.658485089674554,8.250225080774564,10.64658016948612,12.923438797935416,13.45299201700353,10.54021178040877,8.239631237303412,2.594194556750102,-0.6644299592832742,-0.23460271588272105,3.06042493367747,4.854852922401225,5.050267454138,4.393299113294345,8.53463003167161,-0.421922631064548,2.0764104093386133,1.4578971301684804,-0.22919292733487004,3.403196907004853,0.20562694864245532,0.477980679237558,3.1621210242792466,1.9893652387594316,2.221557582380612,2.0226200758536685,1.9369959115446722,2.051735172509517,1.4682692748962678,4.917758510682637,11.200822614514188,12.266192367381944,11.606892123150896
7.938042837150253,9.899733358761855,9.48031792163003,9.759696050498787,11.161406340123824,12.814642434800028,6.444136003453579,2.4116924713153125,7.897620192950879,-0.8670718523321242,9.593685180572159,8.538123367040926,2.1660295886508685,0.15604346155758328,4.158287172612153,3.3123508588517674,2.467418141439514,1.0121063967629191,3.051408007420365,0.9919132130425422,2.199013486625286,1.2783454302602877,3.28437719203493,0.9654203422306048,2.292936268162277,-0.3564014568790292,-0.6911516186230298,1.9491445024178766,1.4567946266283354,2.8737624294941426,7.995651986937329,10.806308718996123,12.49405776488857,11.769487591987629
8.485037555948864,8.66568866806161,8.83972249265952,7.658825212995254,9.287244738577177,6.688555531210294,7.64763923223351,4.037690188578976,2.2634261548314156,6.118102033048524,-1.6864338050707643,5.106528963067623,2.82805105166813,-2.0071989302987525,2.2703794764083254,2.146164637402057,4.463725812891624,5.935059016861309,4.9970267021298636,3.490106187751778,3.272207506060692,0.6256019680180215,0.973989183290263,2.8669089721076864,1.8112908803488466,1.2040631075862327,1.6358147900639646,1.2675472547600501,1.4152863397048392,2.589455118708661,7.92826125125983,10.524634165262565,12.172086367531453,12.655343963091543
10.105320011896636,9.586239848070727,11.224824499603173,6.901163401049452,6.376903170886598,6.7014508056236295,5.046383970077191,1.4090578285552045,4.591804709790383,7.99966745798015,3.932466779361119,7.173532126798015,5.183639068885271,7.518311866150417,3.4784236898154344,7.57489223191332,5.172337833038771,2.1646489744570636,1.495197085285415,1.1024249460300206,2.5470270452885697,2.2283847306331817,2.039570533242453,1.8177866113765446,2.081257792733876,1.2032955486667258,1.4516018109830608,1.621244663150842,1.2347486018586382,4.921046191478806,8.230098688256973,10.756985536347289,12.633420530914192,12.814929477179659
9.138737147130566,9.81847841316423,9.752007939693339,9.48013369763262,4.357357697909366,8.721979024072835,9.759558544098828,3.5833458645330447,11.094217615986732,10.712662554869834,9.080718139241705,5.978880447101984,0.14386891374947536,-0.5461903077619629,3.55443556845962,0.2753401582973263,4.639014662287077,1.3731200782879636,3.4215489155729895,1.7042955643154536,1.07213501935913,4.013634608539936,1.398519339878954,1.6711555190268763,1.4787020702570342,2.2126292381505404,1.1376920424403443,0.8029203216481018,1.6221185069629567,4.021777664462473,7.948111444685348,9.259103611084424,11.97983863700407,12.920347775237696
8.917522410448036,8.604845616375927,9.3045204349503,9.6942634811522,7.383264555883369,0.3771698817481766,1.1672275898787743,10.04114531041823,2.52907230578517,3.879234635045363,0.04346916801734588,1.3405393930174176,4.161754055832033,2.869271877950722,1.9608942294498184,3.763306353584201,2.380871696898618,2.3926524276256758,2.5710350007535583,1.3639295203703696,1.55636431099073,1.3516991157983866,1.8986188847830228,1.5998148796184721,1.543830632451447,1.6107305024535585,0.9749084585738902,1.4949017265855966,1.0228133605470935,5.861347212367959,7.2277504275878774,8.905333012934229,11.539587882069615,12.958577861725509
9.494507115498132,9.258091832193728,9.591740496680526,8.504485448385863,3.8693510532693205,1.999537574901042,2.770647831809628,1.0702528376429734,-0.5150810856385173,1.415621771006592,2.3766216868049104,5.847375848205367,-0.4054970354516396,0.8762497600152267,0.9444124846366363,2.1348014392241392,4.42916918263446,1.6409653982763082,1.8283761299394117,1.3027303815422726,2.085949609815373,1.6926731356799216,-0.12951038102151302,1.417194949891972,1.6725862173658803,1.7232198653864814,1.7902477076822763,1.0132240812122841,1.456483510906592,5.301196465397429,7.091411050663002,7.973475208962008,11.029390927437506,12.393968969695882
9.041577844751826,8.444387949592972,8.531887562516893,8.335205974168879,6.133321333471544,5.847303706532129,6.354412454789876,5.411200703893457,3.672719096986599,6.3434092806535585,2.288788012637602,2.690359523959554,1.8461260840308884,-0.7803620998641456,0.04851739782071917,0.24212570028390332,1.8841052483009835,1.8524400805949497,2.0995117890477584,0.6749622630337875,1.795449215620591,2.3326840495392114,2.2717667202294227,1.6859974448013204,1.8815553362686532,1.1818601938510478,1.9882116267780692,1.519457273918604,1.6039090753897587,4.034253132462789,6.490590701522891,6.917669024206294,10.266075842961545,10.70269655116581
9.316936804327662,8.695785809988616,8.369937675667586,8.399842432310885,3.8078768860602477,2.992495317863414,6.568236691375097,1.9413696637696638,7.551944762868429,4.904061911085265,1.4156114249102785,-0.9574423247554439,2.345775356200627,1.713315102759897,2.1285275759533806,2.1418965457265995,1.8627804680882183,1.4547063558338782,2.367138838221254,2.0003051554257105,1.7876577348442715,1.1484155980576185,1.6609870045937776,2.3712436008648874,1.965497785700967,0.6275889443061324,0.5875495277377264,0.8367891147085341,1.640622390390498,3.926823153141137,4.515977880484751,5.54829830543711,8.505587562036618,8.494985038571654
9.281222848188019,8.796733978788447,8.418307183764837,6.940022950566403,4.646411821185882,2.8035837851581777,5.182237501027695,4.271800624452887,-0.9443762452699219,4.178103903946814,-2.122124763098109,-0.32590812151017384,2.308527558583199,2.192602985909201,-0.4647066842551461,1.9049483462164711,0.939394388811294,2.212418805458837,2.2125147791987505,1.8241364779942,1.3757107892262515,2.5004146073629676,1.9508532410603936,1.5568594248568906,1.9380048537961696,1.51437423127027,1.5647443692147964,1.2943466773460983,1.2489755711259996,1.3847169958980055,1.5869657475464127,3.2619573920137483,6.215870521465604,8.020681492126954
9.26431330937694,8.729157438627068,7.955900993524359,6.889023483378238,3.592585755924928,1.0180817168009537,-1.3219927569867445,7.381108423144644,7.125500374791109,3.5287701174417156,4.895749908434818,4.32388494242422,-0.9507064555861238,2.2585179514197953,-1.2579180394933986,2.3663127207734855,-0.2346222946841347,1.3081800445722718,1.0816005886635582,1.985140566655831,1.604479533465992,1.7723380856956332,2.3850141791473356,1.9476681144987436,1.792788967302856,1.7948250865549324,1.7328099398738384,1.3935551613341588,1.466517968774854,1.1266342542973828,1.1511301527134805,1.1152975018254643,4.513405004368264,4.280968486357594
8.903893687684672,8.500574425454719,7.3037163821492,7.103143055123328,5.959722106124992,2.5698508165149616,3.893504234110423,5.061473504625415,6.256340728573781,7.545068356107737,2.7624938174682336,1.760469159802154,1.5495275510029205,1.174504069017178,0.01867215185397913,0.9290933318934287,2.0436606891747773,2.058241836004227,1.456392484913656,1.8570931537757807,1.5074651059587114,1.7255121068766694,1.3115194843620548,1.260313477655784,2.075310620653377,2.101080511909844,1.883103497711256,1.7471808470252013,1.2536200331434024,1.833352105185762,1.5062105872873772,1.0133288487866818,3.0769046097669523,7.246759375894751
8.344646789877181,7.859254531793282,7.539783296051544,7.344819932748732,9.031380331280742,4.711208167749943,1.077310180266231,3.6276415299247664,6.234958346070127,-1.2027152180201035,4.327380776154215,2.678520381680095,0.3865684564067067,1.3095063169902,-0.7834731226083758,1.5790258663457326,1.7380205355783989,2.5665996564289473,1.8064432886641844,1.3781981525339249,1.600696344542428,2.1746205236812717,1.6272427432815249,1.304511153588787,1.349215861358178,1.7842752578261936,1.6099479093639424,1.226543309395458,1.4474450536042462,1.4649888601157655,0.9869653412148053,0.7724904209867387,1.0650544358149412,6.0403670945936145
8.453242580001534,7.854639468026832,7.415140134864353,7.445042771620766,8.062898789738806,2.3492882478566415,2.9881379543647864,3.1177172378737485,4.51875535276485,4.190047281310774,1.5405967802615401,-0.37021409931441523,1.551332103474898,2.2317670754530754,0.40444448432183056,0.9429044569956938,1.9325114512805965,2.1102581090129835,1.8033463727520738,2.158883566570656,1.6071686629271127,1.457360984113261,1.3606108721504775,1.4819211270358665,1.387782296666856,2.0556294116080536,1.896785111681617,1.7316672204082177,1.1758405819506157,0.7981078631441507,0.7510699220814347,0.9954599344802871,1.91770266378803,4.064853827036372
8.079981911774938,8.112248399344626,7.603691213338398,7.4566671904646356,7.350000182624429,3.6364387204632993,2.272925566158083,2.3247751894478745,3.0220391855693434,1.1310479512454559,0.15869663028226622,1.6700465707177143,1.8891967684774555,-0.1186989907104342,0.6325360315809617,2.1374164959053705,1.7377337563143604,1.8366784643308154,1.5790695662156087,1.1733011756695435,2.1269381156904528,4.43550323744896,3.7551789386990047,1.851049213394858,2.2063324624378877,1.5467958049848751,2.8740130882379358,1.4364111540327076,0.9505272603810041,1.0176806419399758,0.8868020488670323,0.4219402175438203,1.4536740088098261,2.1000996011021815
8.516613649913344,8.49697235249746,7.753575515716576,7.267483314407764,6.255067913683787,6.731311005952748,1.0417232468756805,6.8881575066189535,5.90086558271133,0.06223301860593771,1.1464764831125291,-0.5179055264330501,0.9502947557148886,0.5605510776761904,0.2567656305933562,4.0210141083438575,3.273819675266075,1.7566738974231895,1.5466531319229395,1.3534006777500378,7.575036754856435,7.4043766409792955,2.9040364725738277,1.645154716610768,2.073569515491552,1.5495111098905843,1.6809185722222038,1.0823650167559673,0.8270024341870224,0.39572969467733815,0.6071407722811463,0.988931108425134,2.0110803675716267,1.9175380233084307
