script/wind150m.json
{"header": {"parameterCategory": 2, "parameterNumber": 3, "lo1": 3.000054539987559, "la1": 64.9999836372058, "dx": 0.5, "dy": 0.25, "nx": 34, "ny": 52, "refTime": "2026-01-15T04:00:00.000Z"}, "data":
[rows 0 to 24 of 52, columns 0 to 33 of 34]
6.649887069289777,7.273120918961574,8.029285198537321,8.373117822953036,8.87867974246916,9.089366139220083,9.16985042184773,10.216433898878659,10.843017013118512,11.304419773792981,10.49669461648415,10.71471143934632,11.891062955865262,13.788308865543735,14.701514607894188,13.11065610432894,12.127273360301954,10.44003631869651,8.887347635729629,14.921178371575463,6.954208950343057,3.048075443057153,3.791941150355778,8.242532247835953,4.532009312193568,0.362788288227302,3.841444805046579,5.5183251072353965,1.7234045632275332,4.389917914954152,3.9424899910804148,2.946836488159479,3.1391107533750144,2.8613308446919588
8.330098625641368,8.63731407233815,8.777839093801498,8.815615550207088,8.977559050118488,8.965684340321031,9.181173335250925,9.511404023927017,9.478036765580553,9.199475315855807,10.27583192704051,11.411959498025904,12.453570790093766,11.776235226667533,12.254459038490436,12.320883468533815,12.914194126504102,9.23073414117168,11.047793561603315,3.5222323086278347,7.056699050640155,5.597731094373931,4.125372181394845,5.15690363361643,1.7073374480687469,0.6334644326274742,2.04720556324238,3.2602329210008816,4.818208517897918,3.834787293305985,3.4844294984981774,4.226153762705105,3.6788780712377536,4.814060774760921
8.067186304230058,8.112088439995459,8.532844701028985,9.059350361362421,8.911747285923298,8.946284153626525,9.003186547439702,9.139511365259676,8.811195022086265,11.541468506335857,11.707606892201722,12.170147895196024,11.130381448485696,11.387645220474338,10.24306394046622,11.347807215436006,11.136800489650588,5.6584872259426975,-0.00787593330451003,6.319032861833702,2.7655799882345544,4.051963053434333,4.063823640591335,6.305198002659,3.460599875613433,2.1975950738793033,3.5127446032227523,3.441968088441139,4.273479953729383,5.157908150241711,4.997456266622774,4.559170942042936,3.422043636201611,4.14547008531977
9.766661719046756,9.526224206825582,9.418888825933019,9.597106648785111,9.56914479503942,9.42950496125949,9.401158830944803,9.350180900819332,9.525279343337088,10.896166451905456,11.380835168716937,11.308597829394627,10.67139211410677,11.554067305946853,11.115767466696067,10.99115277552084,4.35268453481498,10.97983394735502,6.363466100379968,5.036390603550173,11.542887298422903,5.804742853795559,8.190700582204249,2.5907382050669225,2.1958877605763454,2.6937413795735123,0.9081069501698252,2.25926892462809,4.105935399241782,2.0710574684339274,2.4764891811234584,2.99432133616115,3.900463917347636,4.523706343467204
10.156581212649439,10.199299362265302,10.413957363895506,10.008953082621066,9.99329329056507,9.827482360623865,9.381990707902085,10.765230581980406,11.006831412110065,10.295509583246847,10.05683538296485,9.336319204527902,9.757024992089882,10.470356391756562,9.594963468732585,9.284695525395017,7.829349198022397,3.7983917660243125,1.9068500785771545,4.813817650848499,9.009497572832352,5.705283743456319,3.593893456137837,2.4974571457470964,1.976833139150966,2.869220884158813,3.8156740264582742,4.036134431397766,3.1188862104752864,3.9713865266818447,3.6115455439812085,4.352971194427594,2.126835071859906,3.1169282623366468
10.272176187351,10.391352786533389,10.262749622806707,10.415060459644822,10.483477335472925,10.236820940641103,10.046941093765255,10.930667611510147,10.219177931846621,10.673060754070429,9.52733147586196,11.020333591241362,9.058250442274574,9.812735760070707,3.443299046373027,5.353971019021387,0.6228181814820288,0.6285585975642078,5.116830578503045,6.459117778520831,2.7940904817179795,2.9352190515419956,1.525033107704963,0.9889834189102847,1.1917181540460386,1.481438906857161,2.5396783250804686,2.6306429717026236,3.159188016689571,3.7399073431375096,3.173373730030684,3.9138360019716414,3.6160461943981765,4.510383981563231
10.208703777343224,10.15085328714263,10.057948516031063,10.377746499735927,10.938542964059563,11.649550503449602,11.405562081189647,11.11650436611008,9.599304941669326,8.19301669844259,8.675080114588797,8.999659156597808,6.726402557864979,6.320127885878575,3.5291768157272414,1.8627926762461349,2.731270835041988,4.547364607612967,1.541319651157332,4.084882562030249,2.4871242141125394,1.7329875999584803,2.6812025206877603,1.8609483125139685,2.145044022907249,2.219572130278696,2.3922473127816666,2.6179169369780286,2.668880201056729,2.5953070555539766,3.931458707397173,4.093420733845689,4.6590642112850045,4.4298358632935635
13.192166373850641,13.365269063835642,13.390594437228321,11.464490236539861,12.132123684987613,11.617509253009016,11.896290612666215,9.310283195987859,8.748728801735888,6.57335723561994,7.039487698744011,6.243017724095422,3.3081412358794227,3.512780795905317,6.513144225951281,7.1582368790039546,2.182787019103884,4.660510797031079,6.4245814943490265,0.32532499375634694,0.9680389239955568,3.271261591067946,2.641384252333153,1.4341996507968306,1.4037894592522562,1.869612614702867,2.135784325463952,2.04168355709064,2.3378016788854143,2.843695372501448,5.104966695911759,6.825363797711103,8.020299937308835,10.970442558348582
12.489115776400936,12.971491734500177,14.442926153056572,16.067705566321052,15.599373636452928,13.703238196872343,10.264382498764272,8.561366841089953,9.23489048863946,8.029590490140423,7.101556808992285,0.616286702195385,4.3814312512438125,3.1974150029426505,5.5952313869314985,3.044673475063186,6.829543837983077,4.1265418419959055,3.8927754528316316,1.3788089522082432,-1.7945564065524755,3.214914014027159,1.7709097272554644,1.7484721034571624,2.5963973329388708,2.0607654122572883,0.604379821378945,0.35700570161228584,1.4857293500484032,2.993680696794088,6.157144291263486,11.289219994888276,12.262837723305482,11.973220722298576
11.982783920046074,13.215951941179652,14.341042486588224,15.732796696087414,14.418325976075856,11.700124903670197,8.739406009929667,7.70542612754219,6.757164003130399,0.1496755676901742,4.393111913714871,9.120193904354089,3.7392661422156777,5.234345715211895,7.937052709519668,9.00426071975506,5.399798255385515,4.329774591502319,2.0237953383281795,0.6363786214466856,0.9595513397493244,-0.8415531501595028,0.2929453300354392,-0.38388621633330733,-0.02273006983280323,2.368322250160624,1.8531250394855177,1.8357660690407105,3.1302993402094677,4.841022340744302,9.616459779681028,12.871209398969988,13.376830926971158,12.919430964538783
13.541409744644614,14.360579031223198,15.757744711397468,16.828510070187285,14.475495717599285,8.253154901235908,6.254111007247298,1.4589874205328908,10.766804505399849,6.517109923744396,6.661020424088189,10.093361009734318,2.642331877025201,3.775404882678865,7.222025670747466,5.028039413226694,4.400478265415262,3.1124722667422673,-0.016356535350222436,-0.385398278699992,0.16389591811023985,-0.40659610980936073,1.200187556456502,-1.3382477138090512,-1.1268689963292349,0.7611816774628176,-0.4642083924311663,0.5127490229066626,1.5116273034413872,6.187401804321967,12.068118463657685,13.533984359944212,13.886967954701129,13.42132867200533
12.190099686958664,13.289589088593075,16.733899529834986,16.679610063166603,14.296851013997891,7.026030907604209,13.130242117968011,7.826120907392287,5.264628507631314,8.995561159416951,1.3098162212493525,3.826009584455674,3.7846528115696105,4.295854472516119,5.294907683587452,3.7161143505536818,4.091055109384266,2.839021874396735,3.7610291233447413,-0.5351280208349336,-0.8589132969551884,0.12264903620988653,-0.816507402879857,0.614781469335834,-1.2946374080677536,-0.8335310915407078,-0.5707258815947271,-0.30010944428930175,0.14750219804636905,2.063237975958254,11.630042391955426,13.300428096531412,13.886508285397964,14.019669878525018
13.908497049922602,12.037603112219939,17.502207633319344,16.014350236668047,13.579316004540644,8.891142015151308,7.213602414526418,1.4545980492674777,8.65873525600162,4.949949851733508,3.793606836078961,5.166724857845711,6.199873026596984,3.6887481492951637,5.767899994647976,2.5170848466407216,3.460642000157475,2.1436550923029847,3.074282177322611,0.8964951523206488,0.44051831247461903,-1.3647364337645935,-0.823287357651787,-1.8638454554764121,-1.2861293305820487,-2.8599050446515095,-1.0583315902493815,-1.2093782962382398,-0.4433246551859436,1.116988594875985,5.1536688141824545,13.193976898029579,14.195982071967375,14.07552983730257
13.428194653595954,14.11595390442864,17.638665918266977,16.9975957969325,13.170670676125747,16.13854994072557,18.390337351540094,6.1981029270767145,14.458084437263834,9.818762568002969,6.24571936172393,4.867500663552327,2.5266851701005337,1.8088812568888066,2.39394705212915,0.3694981092258165,2.9780830608673003,1.3169026436251017,3.098107052570317,0.9369039075141854,0.20928887099958846,1.2785860102982491,-1.575163503763554,-1.0000855373615951,-4.001076321172679,-2.4872449060548236,-1.632309118406134,-0.495412672159252,-1.5363511404476995,0.234145460876584,2.5704736207431513,12.094307056904425,14.519559136084483,14.362146860046511
14.878115024474258,16.700878935107454,16.509809308823606,15.131234705737983,7.370364504295311,6.05298640160285,4.4610328582662815,15.137922366880122,4.837316133307398,3.2029251734268294,0.7972547983943961,1.1202783770830003,1.9437157477239937,1.6559472186915443,0.8057778942985947,2.3134684565531938,2.641737425283141,2.1710555727135334,1.652333295259685,1.7089274019180645,0.5639693295373073,0.16329720411095158,0.3483100881860875,-0.4536366298448861,-1.5727155261134063,-3.4761392216830114,-2.3112532897913605,-1.6067768352480352,-1.9355071539533206,-0.3380170689725343,1.7144338332211502,5.832006626340474,13.527726017304431,15.373434781772637
15.552092068727246,14.791082948570619,16.59699878915804,14.608829125615767,7.873064997019844,5.833401816771596,6.789202254914501,0.16762668499717406,-0.9593714773077052,0.8881715145103333,3.5538267632800586,3.999950985544091,1.0937980829792064,2.852307034500164,-0.23322282962196902,2.0403351706857507,1.7722602038175053,2.1697355693496365,2.6959899553051367,0.7690668519823399,1.9065420265015638,1.031625269995478,-0.4798832423123809,0.7224974365986397,1.9919335816755022,-0.9197764987705008,-1.7119610192083552,-2.319843978904012,-2.243189455526503,-0.5278372342982713,1.7515661030024967,4.880591545155099,8.894604309116668,14.918425790948497
14.971079551864987,15.511216151963716,16.084733016491917,15.388331077035877,11.45939515475144,14.793364757608053,12.82599821903274,12.680240612789543,3.276124414987271,11.244268541378382,8.065603445499868,3.759539923890783,3.0745295256658993,0.06035904015463751,0.2839253235535893,1.6076526451652227,2.535003441739025,4.557270779105517,3.7630828170985553,2.351587481915526,1.9782018924746614,1.9983986184618796,3.032350867235874,2.857153106366353,2.1278627056734782,2.267430730305822,0.26163393968636317,-0.7387119163498232,-0.35143693971248796,-0.14683775658010745,3.0473373403978523,5.166706056194764,6.762338258101182,10.641684488864124
14.949514162260071,15.238523179334852,15.873958860499878,16.098789339072468,9.42448604428311,5.4119899701350995,10.802837880026921,4.197282080314141,10.879059319885165,8.57343994591091,-0.6557175685047083,1.5055380760633872,4.14151643607072,3.059089821428549,3.904835262559802,3.0186777645672276,0.8824668122513901,1.6158335959501,2.1199071633174875,2.6555987460904107,2.971512909100299,1.1385337702543528,2.2402833351113562,2.5378854477715627,1.8145481791873315,1.3375298356455625,1.8041579098293279,0.6661434189631498,1.7628232523344165,3.7051326645132616,3.554651943651016,5.254334778245654,6.668881644613457,6.419827483104369
14.8978500006997,15.575507248320088,15.573259047653183,15.033097223088918,10.302418126389561,7.637524810335226,11.024165648251918,4.814648277833682,3.9243756313680085,5.6912573997483795,0.9205072003652219,3.43629807265445,3.858487837219527,3.474464845996579,0.23885358159122003,3.5388944130922746,0.7641752263214019,2.2432870614221256,3.03450523235605,1.3815188292249394,1.1169893724031146,1.5766846620670114,1.8406103325193648,0.6688956605908863,1.3869459233920627,0.5416951100528862,0.5918403051680285,1.2692158570424013,2.498583049334642,3.6612448231276535,3.4337214860647265,5.337940583071317,6.319434330415431,7.875778481748168
15.504413196490294,15.631502745767733,15.415561941227805,14.30820704030778,10.087060714945128,7.62883487800187,-0.8835950267534466,9.322461152622642,13.246053852770178,10.633307202643133,10.388292369783102,8.90924014747689,2.9009061997878445,5.4607132124078355,1.6169962499678978,2.7270074936444875,-0.584860240738645,1.2553077168021443,1.4915907614618906,1.0240236002014094,1.205094457870031,1.490891675029333,0.7865674225648377,0.9615779728460502,-0.3375055957093806,0.3945072545511669,0.7173960913705884,1.31128315654096,2.699865601917176,3.743807559118661,3.584183183311706,4.7398231550084295,5.823897756498588,5.313484196792621
15.801736720819084,15.622147944529875,15.260319298887449,13.598961603985467,11.741124934404574,9.636425784845752,9.443595762932327,10.746312845228648,10.795459304859035,11.172614861493187,6.690498322640871,6.835924585654472,3.8891674054170706,3.575689600292201,0.9844659775043297,3.953065894244013,3.0376997056024653,2.433387024305488,2.129251070176253,1.0720984568406073,0.3202237386323542,2.160826246889849,1.6530377581479452,0.3425522864614166,0.8303731427052166,-0.38301332516241354,0.09672914789906317,2.102228136950386,2.4915111976386766,2.9220068350431574,3.485230967514256,4.099356443077312,5.32575508153408,5.828185021408292
15.496099729473576,15.579611260196561,14.673140902254072,14.633519582493165,12.027387821425442,6.196218110938361,3.867587226273775,5.849507198986008,9.218001422381985,1.0350226502345858,6.4906801231501206,7.6163539093277395,2.6492465652869552,4.866099209580254,-0.25035922075867534,1.0919988136115661,3.054933542696479,3.106540544838733,2.6200725261273283,1.1254370209261237,-0.15006573661297185,2.3167859666895665,2.382741825146042,1.788579062060835,0.3273210063950612,-0.38044110850689067,1.321896897697857,1.9332495008714214,1.0988540423462942,2.7270808553517814,2.7355427219073665,3.6714027441435877,4.249360314764474,3.9780743668765
15.382285230226975,15.197287152673015,14.938424634391044,14.671102918044095,12.65963016605748,12.297669328374186,9.389274324488028,5.564515191891579,11.312267012238054,8.35705683595637,4.453182321082892,5.036321151943386,7.369761618399755,7.677113335241157,4.283007769499736,1.6254367380366137,4.298837867122454,4.026825225295765,2.5360632833863996,0.6916702675995153,2.0083363473568756,0.8071828220348556,1.3248318204468525,1.6960351520578751,0.7529979947005778,1.27927824242525,0.3602181941982182,0.3190311882654141,1.1159446974855767,1.3486427940232943,2.2789570934284,2.3106293493812182,4.404499448783429,4.503088841315995
15.540161269520063,15.294998109753209,14.94686070679118,14.596734942931286,14.048444852492914,11.672754692633681,8.035636610681431,11.887959768814307,12.54839417986564,4.810858249908093,6.0297965669941975,3.0925945148797482,5.809750044290159,2.373383690130607,5.019474609957265,3.510248548884174,3.23351062674644,4.723056429282725,2.7418858949934832,1.7469284118725907,3.7438311986183868,3.592865357481814,3.13092771098503,3.1306581339430215,2.233300904178656,2.524738013175752,2.750502599479747,1.638219057630258,1.9559083224538665,2.013983246267016,1.5970197806723418,2.68702338751058,3.615662469530008,3.2680661350707023
15.637414560618716,15.14893416543542,14.637325120259238,14.522880325440633,14.719144113914263,13.464028273382706,6.062989369725178,19.30705313262199,12.863371400365493,2.244564986490902,7.5148030869122575,1.849951793533069,3.934843507954211,4.34435267600394,3.756118989230197,4.288665224983418,3.7660161986102825,4.794172352698966,4.819295711951031,2.176383442584942,3.2650408332152665,6.892599928271723,6.006064066687516,3.209453405229781,3.4247297096929468,3.0704932102088205,2.489714786428464,2.7204437052412844,1.9424274245113604,1.3444542369965014,3.1711411727199708,3.444718172813065,1.1324269055044334,2.051305648549361
