script/wind250m.json
{"header": {"parameterCategory": 2, "parameterNumber": 2, "lo1": 3.000054539987559, "la1": 64.9999836372058, "dx": 0.5, "dy": 0.25, "nx": 34, "ny": 52, "refTime": "2026-05-11T02:00:00.000Z"}, "data":
[rows 0 to 24 of 52, columns 0 to 33 of 34]
8.273559423589772,8.50311882833593,8.307219253701128,9.691848561680844,8.638910296164003,8.19824385895145,5.141566708106406,5.102075023686622,5.837454381506335,6.421685512477972,6.640615169454765,6.8719085247723966,6.724239697309303,6.396308238789828,5.512243807606281,5.9170210446976395,5.888210712948311,5.1451136300007745,3.429779595482144,4.159549658439367,4.639674586638401,4.261479193783404,6.576354006687566,4.606281706058527,4.344567238425439,1.76377017119065,3.5939256441301173,3.078259408327668,3.2551204751007408,1.1040136351617498,-0.2378078764624197,-1.0862402045975879,0.7029274046544601,-1.1313153741664765
10.859918020272978,9.037397770958485,9.067328716528145,8.463804712728896,8.246845570987196,8.50062267630479,6.8004897159875295,7.181319644396416,6.987126028012045,6.190694916019969,6.1743131481144875,6.3452672650809365,6.3959354223779235,6.305234886810568,5.8742111064056255,5.710381253247115,5.753305967285699,4.54391555359202,5.234039386809055,6.435348235354949,3.598188030969516,5.52490519440882,5.186512950578054,8.031208147475999,7.620421706077668,4.777319449661588,3.2705298704808494,2.993305245632848,0.800638349176011,0.6918924133499011,0.1990198496340939,-0.23068819478134125,-1.4121694136872034,-0.039083555196081005
9.922383967690443,8.490159279561956,7.645651861897854,7.518176022136331,8.51607218517359,8.72099066686226,7.431016626174911,9.100597588066886,6.807956437188192,5.621894682852111,5.778301863721985,5.7475499450797845,6.254584094938443,7.391663613602138,7.6187071999341125,6.492941145345695,7.458671869224839,3.635140581947998,2.7564360658497704,4.250573136592104,6.358333398244849,5.074076267383552,4.732235262987847,7.685968485895185,7.532667704141862,5.8741668127177595,5.383892269711042,3.719087999629988,1.6403798931718954,-1.017821571665294,1.9107289864909982,1.5654521104867365,-1.2352879379229516,-1.106319281647023
9.181199906118138,7.788043188787778,6.040678137177353,6.5114931771551285,7.148762214572176,7.1133409714428915,7.404262134207498,7.088654012420788,5.702169693747424,5.189622224502754,5.295739573998973,5.832638529350966,5.7474807126454674,7.1428113232515775,7.355866907991219,7.4829474908294475,6.242664868814531,5.0913545051864,5.2257901227161945,3.2856796577527687,4.83860922882061,4.698075847665961,6.4943684561078285,7.787911095121633,6.479855169712744,7.909631910889226,6.36629011236406,4.126570101373114,2.616851125555874,0.17727454854506272,2.6732465507511787,0.9200432044337369,0.460874632370244,-4.227759326748994
8.018465953535024,7.658504706924455,5.280373048954122,6.036151203236073,5.849579660885885,6.275250295055263,6.184978557029151,5.188419273037545,4.497125593625098,4.36129206165011,3.1288488271806996,5.548236850622555,6.8594322110754735,6.7639324012422035,6.258567136869792,7.291556486701065,7.733575816498722,2.2039697692734035,3.2395795970598416,6.729481800963175,5.177061621152682,7.6701523064892925,4.508068418121027,5.955979960180667,6.690244296213682,6.961325665647222,6.146569365302926,3.8027238160169783,2.8680711444694538,0.9941112926341212,2.3266171218861937,0.8190009513708724,-1.8160609408432702,-2.1680259054163606
8.273828283494378,6.393371281943413,8.275528568184901,6.25720342372314,6.049553003582124,5.658977266189177,4.79256519335713,4.406689958134303,4.062722227493793,4.756520052426544,4.852354224938399,5.969759283223157,6.1797955309291535,6.894340280554824,5.592783508899894,6.774128460434773,5.365447848568214,4.525070547658431,5.400670005041651,4.723328613225298,3.3422065716567575,7.043395678518335,5.251329506802863,6.565534429622174,5.536012286174233,4.847323841030263,5.253708785519923,3.539607198417355,3.2826129001945037,2.4993750732119717,1.1695483686472805,0.6847051354811616,-0.7997363493938283,-0.4186442962175732
6.617013212302871,6.921107250295275,5.980103828006487,5.238972652711786,5.262479111515865,4.745719344593319,2.8800511156309634,2.066724519839995,3.786160383493108,5.569567122808201,5.787595833216908,5.986180149931962,5.635209474462327,6.615568028727469,5.024902943008678,4.3249242640916465,3.5805020040929962,3.8524797765146075,5.120824746034268,5.129023752217919,4.495706756274993,6.569232217032141,5.821586712200025,4.276703575950578,6.0552924891311335,4.080509996938199,3.6118851546309916,3.5972054752863096,3.718097254121733,3.3170145943409133,2.9870842351150855,0.7918723111245211,2.081452124094759,0.03993246103569527
5.9449695807739005,5.553221347853521,4.62001193205903,4.583742469925283,4.147272238754426,4.395317988276695,2.5939791789511872,4.910269513202824,6.89983355405945,5.8563762712325955,5.6587342933791485,3.280401627341215,4.459651501637743,7.0710818964762145,4.786115053428143,4.104050466338858,2.9552980559854607,4.313961978277298,4.312263679127102,2.6244175087871917,5.815040213276443,5.772148705137014,5.42495948566238,5.397624104910307,4.269259433939931,2.8153276983272897,2.4658568251547455,2.347629513070479,2.605846961320981,2.7502854027108836,2.0805166424143717,0.23750094266098568,2.688135739822534,3.1666501019575044
5.849864634987052,4.974833464191854,5.032425774940474,4.472997027043173,1.8329240048700663,2.4650041564101097,5.638511499584528,4.116461202534299,5.018855925569013,5.482808231737485,2.8764467611738844,1.4676307211944009,4.118349748716855,5.099274381014866,4.679659054450711,2.5613717617616722,2.4658121780260327,4.6007297103647655,1.975042162821434,2.398216006422721,2.832451532484202,3.985980509869346,5.206918937546421,4.255117013768819,3.399001997255858,2.1969782109555482,3.6228484445796725,4.348963864958873,1.869508488798859,4.635341496251423,3.256068949849097,1.2014077866742934,2.5566953467065403,3.593962143097343
5.581311784042702,4.888515058961103,5.091464191519723,3.4637016767613362,2.616920069021167,4.0501408144651245,4.642645113586137,4.800165459119455,2.4597524673613025,1.3779940280989726,0.6147441192496707,0.21579267718188874,3.234883413927771,1.700137540885922,0.3208769584418072,1.140106692156356,2.0360696185371685,2.565427200449197,2.1784520924064674,2.84205199680759,2.026684543153704,2.276380308635878,1.4068382030650324,2.9853696438365755,3.3391119078881895,2.836148869946101,1.99562611728719,1.636774067133351,1.5567198056858529,3.0380228334246677,3.813053610180637,0.5900009690286027,3.433966884187462,1.709450631322993
5.136637571502619,5.005401252675462,4.440895282530252,1.0324688236215178,0.21333375167531904,3.994553920909491,3.1681343389861683,-0.2949584543146108,1.8476908522266793,0.04087433186784388,1.8462021592984443,0.860502787444213,0.9094841168948335,0.7847579269164643,0.5875234856228965,0.06613489113546513,1.0757311790562374,1.811220431596888,-0.9692558175424602,1.8213348301710977,1.389095905220416,0.13279046580999015,-2.0118372179299215,1.1752237968666392,0.4773789576834028,1.7151194405715653,4.197864919610008,2.608901482764189,4.22641771552093,2.2707879504606594,1.4779869072666514,1.2854441568064316,4.221606644789695,1.4726227499283797
4.541991102834761,4.473152597652118,3.4881141779115112,2.3716670084112805,3.25690166099583,2.1616768896827754,1.3728684288417154,1.063918350242349,0.5484938442625052,-1.4090879157045995,0.4613419717752357,-1.4563886692581656,-1.508642673321654,-1.3098355798741055,-0.7592741909030877,-0.4897341716795777,-0.9370523652834237,-3.116758541575761,-1.454409735555782,-0.4065208041816655,-1.266559325630699,-3.6240204916785563,-1.0123638720481145,-0.6111140345760717,0.7167117208558604,1.848464330940161,2.1118203766657375,2.859180420201496,3.4409203423529564,3.2477042119415733,-0.05728066546537452,3.0531689166980827,5.464726765267955,4.606165071367347
3.412585740423472,2.770598934166906,1.6391990439298987,0.6055692875860004,3.088990227992493,0.9335897950224002,1.6877045577851568,0.5226704031756008,0.7177631128148223,-0.7593683578525338,-4.056770063844142,-2.581659104865518,-0.8504925471570485,-4.319753647262978,-2.3846077656464493,-0.512039965992767,-1.3929989023559939,-1.7697907989008215,-3.467340243283622,-4.575150617111852,-3.6681702201749395,-2.1001832722077842,-1.4544561721183975,0.036280125366352306,0.7761672146178182,1.5414833707362758,1.6624814429600074,1.7155532183756572,1.011893862685185,2.1925493939240255,0.9716090602795225,3.402128519647091,6.317180904875224,7.0946401213505865
2.303035809408904,1.101121153812004,-0.042107747296406935,1.4951966737760196,-1.9257631203726815,-0.06883224865038531,-1.6634593426745359,0.48316363302370613,0.2926266982098718,-5.6408052744196135,-4.0282919340911345,-3.900079699558486,-0.639567126407392,2.243601212310487,-4.085272461338698,-1.0984148552617927,-2.335918831999336,-8.082454471741618,-6.813416858809325,-4.589322915813529,-2.8463216013122663,-6.161372892745282,-3.6533332661798585,-0.9982683374086184,1.886197302987165,0.4238872485330736,3.435560362876028,2.4493012468743047,1.9787340732821284,1.814257110641718,0.8071316381721444,2.6515353783883637,4.091753586079629,5.867741239212207
1.5494343711331284,-2.228450224728689,0.4250077220881806,0.358775726780659,-1.0726710282594225,1.1200819760698175,-0.4894505158768635,-0.0019003232032738524,-3.4056276096712685,-2.63006644281034,-4.226854114564658,-4.094626123050836,-1.9705381021989912,-2.434773769830779,-2.170629733219964,-5.9661879200024455,1.366707870478438,-3.840071333309205,-4.37228293844569,-3.9998386686752974,-1.7209973288502873,-2.5221025685225644,-5.5857665553431675,-2.6370620331445207,1.003978991493033,1.9630764711142672,2.4089239420974957,3.914292327989252,2.8742970707942432,3.5937491772555905,2.8619237016391867,2.2227803908440653,5.239935779009141,5.979835741197935
2.3954206415600776,-1.5807990504265887,0.6826118798863805,-1.0190501130386334,-1.3408251577430603,0.5289376596218115,-1.7595707342097562,0.926739711531132,-0.20403427568369897,-1.3114252739753776,-4.2624413663152385,-4.160845202694305,-2.684332213399854,-4.777397872878352,0.33422945592277764,-6.837168525223389,-0.8941467369274229,-0.19586413930726548,-5.784869647041729,-7.573168384287693,-5.68416813639488,-3.4343421333036974,-0.9534367537219984,-2.881844526570171,-0.569925050293269,0.7436242680576953,1.5398937454634196,3.7341294982058786,4.573034068498041,2.31113219804418,2.9878690467118227,3.6736255889080556,2.496891951386133,3.83310625522228
1.530314749226028,0.7710465536167215,-0.15001047100362216,-1.2516777404814627,-0.4624983052866128,0.14544664971915766,-0.16844868945347666,0.26871082372918575,0.39321902995685715,-0.6362236617435907,-1.9841323845002314,-3.5432679310982715,-1.0757598243591113,-2.324498204067325,-1.9695775259180621,2.492083167784974,-4.698649993639885,-0.41337113617248056,-4.217939005598918,-5.221567442323294,-6.6988457845669185,-4.224010980642361,-3.8193602049713813,-1.4309100434605124,-1.8507135193485096,-0.8999725325830382,1.3090606555026014,2.7892416135479086,2.1815567953937696,1.603898912390063,2.3770043641710084,2.5310286666492416,3.442929106297309,3.853254839107651
-0.21623115045807398,-0.3485771284858168,-0.8964731824923489,-1.027759004100636,0.07506408587690916,-1.9779069145193677,-0.6320759536087452,0.5542168884922151,-0.505593232512613,-0.7404303682036313,-2.1959479693114754,-3.6440642699367225,-3.170457098583464,-2.267857475434194,-2.8126788513443888,-3.545110281425308,-0.05750650110492506,-1.551098297428442,-6.607136473682475,-7.034136053152412,-6.389781772691057,-3.510208531641987,-4.439363379609385,-3.2462307238750707,-0.7508142958801394,-0.1877213427420107,1.0228512746130758,0.934543936324636,-0.9520031526280417,3.1905383902878164,6.014780532951021,4.763411399781974,3.101485224931731,4.024743087699956
-1.2700756180805246,-1.2968048670361823,-0.9683534845538795,-1.2256594355979453,-0.167166659322661,0.3852820845568076,-0.6809274623754161,0.0869802556566662,0.6560326883792312,-0.7333054012405678,-1.214793194620573,-2.473220220160954,-1.7572236677099453,-4.238638404287772,-0.20407931362860726,-5.422197399588251,-3.441942522524439,-2.8511986401598266,-3.565269838964747,-6.373177097947117,-5.534483915787969,-4.220853883330301,-3.872657319912531,-1.7170290035451883,-0.5618852820628614,1.0405009156357437,2.1902265785672106,2.6782977462225945,6.71588756763038,6.57694930297326,5.947983735102636,4.795468177137785,3.822198064408901,3.5452043644569313
-1.911149955927441,-1.5931761324459834,-1.0250519792968753,-0.8146013050672745,0.18846146651542664,-0.09004077834465617,0.3516259012174564,0.3187415599813101,-0.45086060813035883,-0.16344768941799792,-0.8648834830194082,-2.243932664928141,1.0251065218770152,-2.34114790300984,-5.289898769759013,-2.0047007850673846,-2.711784561859226,-2.5564656271439685,-1.4942022208087276,-1.072640163454084,-3.584589317896184,-4.176826910337539,-1.2836149263458299,-0.6730750083470418,0.22759510593133417,1.4951023139673107,1.3161417114431664,4.025828828469667,6.120187502549494,5.161308279615866,5.984671431362682,8.450203394221406,6.860888031670164,5.293089177527802
-2.2012877747740216,-1.674382637649257,-1.3826115673699249,-0.20649094979726243,0.16608972348208192,0.8228449260279687,-0.30119842373243255,0.6031847922071336,-1.7583626159184909,-1.3883553359389298,-2.4698826953897743,-4.870679477689309,-3.66858440467814,-2.518957616574779,-4.2934710037792065,-4.770457990045677,-4.71385967663891,-2.391262976864701,-0.8010249411838993,0.3004769912514271,2.375943142771292,0.9429508312673204,0.008688338840497436,0.8742818833943049,2.2337472929782525,3.6544899799053403,3.156397634694597,5.413021204356471,5.105808500579886,5.989926838626313,7.104113344796136,7.988591323867773,8.493928731838407,7.469793062411797
-2.095874254535509,-2.1205699366271986,-1.323781717523218,-1.2019688139209048,-0.5895087501938163,0.502501589372878,0.3777446263329254,-0.8523835677065348,-0.5987080169749133,0.2680470801541869,-3.497799934498371,-4.704577499416025,-0.28557990114674686,-1.873043614867156,-1.7247648788147738,-3.0524879831569396,-4.8118692478798435,-1.0788003181841213,-0.8287951859802487,-1.0960270059901538,2.322975405069712,2.3849006825411485,0.854122172725921,1.0901162543141867,2.9286540501653784,3.6522311030655286,3.637332896264066,5.377738135747863,7.127029378310158,5.916448163721765,6.703747464715857,7.486186756383866,7.6337727840275384,7.50507177212336
-2.8622500369192636,-2.4312220209386286,-1.8703132070781205,-1.1819297083636606,-1.3691106750541409,-0.04467664837038115,-1.0381855756156388,0.35008820267542906,-3.105162385072616,-2.8665673229073514,0.209988569689992,-6.076066078922364,-2.6942180604982395,-5.505146974865433,-3.48451346183717,-4.643483484615687,-1.5512787473006984,0.3984193165560966,0.26310651247469,1.2526085387511536,0.6322425298595429,2.0339623186563074,4.606896560509537,1.3325882241921165,2.9792293933551504,3.9822881484707935,4.453598801326575,6.58767373997447,6.871806311683986,4.739873493436431,4.54544442880233,5.597859080966338,6.924921254830756,6.378519570889528
-3.1080846717911736,-2.5933160992895328,-2.3841333933768487,-2.906676891189968,-1.4470041558357907,0.37066857544033616,-0.18521937592204563,0.3925646277176186,-0.8327907535676806,2.6107363733243623,-0.8210543434182359,1.6491505920221141,-2.403576946182615,-5.024274648316478,-5.711276287925124,-1.8497866581298879,-1.131620509516156,-2.113600639967093,0.21629202955586088,2.2777998879452412,2.084987670896696,4.076356090783742,1.951838668704693,4.7655285083795444,6.604802349494543,7.489493172258792,6.441150447739979,7.13409574452198,6.984015115697244,4.654273376752667,2.9266354407320057,3.1362755327949805,4.97411383055917,6.076532254848653
-3.8972157643629486,-3.8493119219827316,-3.566873495819077,-3.1285521851365257,-0.264276755129578,0.20388225215864114,-0.28408942258177006,0.31463312531311316,1.1547999770585238,0.5146712198886662,-0.49331416122469857,-0.23973838151985105,-1.9711806958765974,-4.875074925554583,-6.242931030793192,-1.9352053020642666,-0.560256370915608,-1.5048685467659535,4.45085725232392,2.3217028848821046,2.22912140023096,2.8502561440314276,4.850725610269498,5.959316136461146,6.970466960258779,6.989026131948988,6.625322692494849,7.092052585616197,6.599095768071374,4.809998138360164,4.28801333923574,5.598863728754681,5.758795991947343,6.641789554042627
