script/wind10m.json
{"header": {"parameterCategory": 2, "parameterNumber": 3, "lo1": 6.000027932988019, "la1": 58.9999434238085, "dx": 0.5, "dy": 0.25, "nx": 22, "ny": 24, "refTime": "2024-06-29T20:00:00.000Z"}, "data":
[rows 0 to 23 of 24, columns 0 to 21 of 22]
1.429746182986942,5.057597723113593,3.2481898082704013,0.8849334079594456,1.5052848494969187,1.5963988359890726,1.7618533217487664,2.0125937836728993,4.261005721764861,7.479339152029225,6.0708495896173735,2.397270154828754,1.5829958964648325,1.7485072863100286,4.189303606649367,4.768938953879817,2.5913647726442917,1.5099618332638949,1.800380025528132,1.5239467118419363,1.4942758785881873,1.4470781972702067
2.2825422068572445,1.5106559632046406,2.4087620948648536,1.6746719022851426,1.6684399539476982,1.9477843368053027,2.0014009846069016,5.635510508970668,6.168778161776459,6.255840289870623,5.239755177983584,1.7664768170077843,1.7807981634329424,1.6393743614707115,4.251401917980278,4.243808976110035,1.449900107078017,0.8078444580282583,1.215964274170487,0.9964269917801597,0.8913623032657962,1.1862147601980135
1.19757818290047,0.8442378304835715,0.6454401248781977,0.9525155868576676,1.1775195069683169,1.5566746959742415,4.691959819531365,5.7080857904869795,4.915380544247985,3.8195622268583858,3.157712106858449,1.0730827953466697,1.1997113625113758,3.7297552289015714,2.1152876636346534,1.5704737117400787,0.492913047333645,0.2444042832327546,0.5567533074138846,0.42662833160321184,0.8505878137412884,-0.47531078021318734
1.855704764168887,0.6143688772620195,0.3249143314051207,0.6626145743122653,0.8564100033627127,2.6155780340350545,3.77913395171168,4.18575646933463,3.6702960669247977,3.0323506310383364,1.733731145771352,1.291176295130276,0.9750617402667918,0.8676435846374679,1.682121911646966,0.2829698568026544,1.1012241125054008,3.4163584969873515,0.4114832226653377,0.1077598859701755,-1.028775813233252,-1.4462566658094744
0.9127967784611343,0.7789323166312003,3.3015171103821475,2.412957522608757,4.385482466527877,4.24890517362595,4.666474611824095,3.880495746375458,3.176982412940262,2.0876511256912242,1.2554104724280868,1.4463471003434416,0.70141627490504,-0.023919889722231018,1.4648087067777646,1.6207083424453377,1.0393473062577827,1.3533183962190687,1.102209869364415,0.6711488958910441,0.7229282167258223,0.7734336769465845
3.228733667141699,6.683911328933419,6.443611852110507,6.496709690000132,6.367270702631258,5.508703386068069,4.776948528006079,4.220577674487983,1.9733250166690797,1.0759791771093505,-0.20939366583267102,-1.1265567363465576,-1.1998944986038156,1.5379387959632427,1.5177860577560962,1.7124806317383034,1.4450455743378077,0.783771044739011,0.8162933955963204,1.0607615462772626,0.9964972395236359,0.9585441424516323
4.357349969082647,6.252878258581852,7.106573631055747,6.839587131334082,6.502504117890869,5.52471590843823,3.172116409042104,1.7312821060661778,0.5191635923478016,-0.4577317560586909,-2.9319600868685893,-3.949684500718049,1.5147651166147686,1.2643913757822092,1.4795157940069403,1.123751643122161,0.8372202870513203,0.6530020632799318,0.9033605367777755,0.5027056660709208,0.6903269992942754,0.27999453595197626
5.317779012567917,6.430257955558303,6.041893847679843,4.854173829450451,4.398462964737842,4.4303199104283655,2.1620839069581304,-0.4398790836639267,-1.3193727281552048,-1.400309646224778,1.0380878969473608,4.917701296486624,4.852181242306494,1.5162423378292342,1.2259334762435656,1.0854778156190392,1.2194422486956704,0.9893039919956629,0.8315214296255334,0.9915398880236145,0.8198606464640285,0.5436057536134871
5.815591848459024,5.97813163776452,5.220226390123646,4.034620337787309,3.407852321768165,0.4639992465767861,-2.577237310785113,-0.7674597532264926,-1.207129655924002,-0.18167406111571777,2.18806179447686,2.9670082308839802,3.6309930779045643,1.1638787453670063,1.2160513106348425,0.7601602925190809,1.1539688520375644,0.6868821786673539,0.15798835405124123,0.17308234408208006,-0.5338438388238865,3.3271168098585275
6.130393463543582,5.500857660278243,3.4693557142276883,2.8867373493587505,-1.289656271921217,-1.1169994507413137,-0.22070194705436297,-0.7245874504228332,-0.3886567794839114,-1.7851632521141774,1.4585416568897769,3.279707466112359,1.9583235859753525,3.6630806783320864,0.46811259442118086,0.5369484540700606,0.8664670779117711,0.34995322370131215,0.2642130876021882,-0.341036913050578,1.5234774371145186,4.459123871467068
4.357045485130076,1.6608929273278965,-0.2643469989922976,-0.8149528945661421,-3.069251875212143,-1.0931976763609148,0.012834080643750578,-1.3091801644964596,-0.9402980260975426,-1.142519469321676,2.0465872280663793,3.9555983683637708,2.867389303101583,2.45051432445431,0.5550435468285403,-0.041767058042942326,0.1926069223871192,0.324625613831983,-0.23005534732309088,1.287223267591009,1.1761618900916166,2.1542637744770614
0.5400494331188416,-0.48984941743247384,-1.4910785200428174,-3.597683939330508,-3.922973824760645,0.4159504431132994,-0.4577933951996056,-0.4175098839854189,-1.2277922189482302,1.2870968699990635,2.9658221787790735,2.0114340694868305,2.503715482609027,1.291083351784262,-0.040677681710117944,0.19483899506114372,-0.1761573227603976,-0.3112829265465252,1.103577252887931,0.8319167840431226,1.0098512918727984,2.3322596560913302
-1.4687528882114458,-1.820952273604407,-3.091260574533934,-5.664416925791955,-0.6387020753209965,-0.4412751328937383,-0.4924997895502913,-0.04434086321057959,1.0337861045543622,1.8400810545700528,0.9199917590264717,1.5081276200147309,-0.01600887037185181,0.503958076279688,-0.29829954892797667,-0.6219314304693856,-0.9168989775148263,1.491806157076937,2.72559324158052,3.1066201679724093,2.7543775314413566,3.5333342530588334
-1.1962891547821788,-2.962550779705495,-4.016369595300606,2.0163416233520195,0.04285384440814216,-1.079637342951868,-1.125252649517806,-1.254449770605418,0.14874838004063545,-0.742481723733603,0.35182417006143846,-1.226256559444766,1.0945767514030886,0.8426757484298444,-0.9348668557639025,-0.6929847691074481,0.49335458174324254,1.4741700009607797,3.6028425779115416,4.25951286250796,4.5032700101238365,4.275498420643027
-0.07976394317506413,0.6170449632442084,1.4758329352332276,-0.34406835593501417,-2.696314783552557,-1.5256839783272322,-1.7316854418988423,-0.5041360516455619,-1.5704018875170958,-0.031604379719955396,-1.5620894962415743,1.3320645366626214,0.49803670706178216,2.115594187583134,0.6998515386273666,0.40792186309569456,0.6646674052909589,3.5877372619866406,4.132399864820725,3.290067910004028,3.116682270758701,4.407405760916354
-0.3973085537785092,0.8565467072402031,-0.05818645015304386,-2.954513840369249,-3.6621944615759023,-2.670232192181837,-2.0556711238851384,-1.0580920065997619,-0.9810753087230452,0.33465627698339623,2.1350011414855152,-0.6100195328041986,1.1778921199386745,1.3409961796713514,0.8592962195292327,1.2892732919728205,1.5010780610124783,0.917932641891733,1.3662879597110982,2.0847388303751964,3.275918022140285,3.2419535538689845
0.8468466198928805,0.3907093727882424,-1.6818275116147448,-3.2594752285392192,-4.3477514944275555,-4.475242305169354,-2.0169970321916564,-0.7924212990189794,-0.6672502168444246,-0.682812500032937,0.47331408452557056,0.9326417647857311,0.4622253909546485,0.9772440283841224,0.47433732772525006,0.40432804330913463,-0.6361382834327132,-0.744621275642055,-0.7889880940252367,0.5011204672998859,0.9119625863255848,0.45375666338961296
0.6337433293749344,-0.797955795947408,-2.521392240201461,-3.9592298081606048,-5.516060522220254,-4.315625604982979,-1.253128280252406,-1.2126932304863114,-1.2942699098862427,-1.0798439126872954,-0.17173957177801738,0.022391255089427183,-0.1411408543000827,0.09079257307827544,-0.46550833602724895,-2.6683043941351654,-2.2913484348005535,-0.7438416237853449,-1.1808644620628275,-0.8090727698116866,-1.2702667177956133,-1.5533652878913609
-0.4580179871512469,-2.3083237599469753,-4.437705482619947,-5.269420805318394,-6.366556777139786,-6.2238089402299615,-1.7142227522498101,-1.481145380820834,-0.06748787567073343,-0.9992224157499463,-1.4272222140489563,-1.8710432939109962,-2.5675799022078976,-1.7623599134344763,-1.9550891545220321,-0.06295565539277284,-1.1738442364118638,-1.561527526872499,-1.437830972730155,-2.256318256822696,-3.7303684721618047,-1.1944346294813601
-2.041947877108599,-3.6232069775108453,-4.893254359489429,-5.573885198973832,-6.936158684349265,-6.082019737417537,-2.678702318527487,-1.8323170834519165,-1.3506385983863338,-2.3047592174934164,-2.9330065212771625,-3.1114149566050497,-1.9586915298589065,-0.9669695987187753,-0.7772361476141906,-1.6647386005516374,-1.6972700139137722,-1.8812318065744924,-2.3679814247699573,-3.0028300828896706,-1.7586202727579223,-0.9155109668658554
-3.7400685512247462,-5.724211495090892,-6.049523631561467,-6.646978391672571,-7.986235581657678,-7.12812408235725,-2.388722068059932,-1.5794947522535363,-1.3228635709218048,-1.8947563607694209,-2.6147265369807826,-1.1751597461762484,-1.8686828662530997,-1.612085765607633,-0.9535980543281541,-1.227928098422356,-1.3199494797518434,-1.113239266292454,-0.9754773668853761,-1.286283133330782,-1.2901416490282376,-0.8069263148780091
-5.583008442982082,-6.247076597931595,-6.8785814820624145,-7.219460154066604,-8.69479574397596,-5.833240827585078,-1.545783867067794,-1.7861057351689615,-2.1286266039318513,-2.6291270497945924,-2.526920155483641,-2.032834582144187,-2.0663063084478877,-1.564163274652652,-1.56313562456677,-1.7145007238560444,-1.3001782990387167,-2.3445381992340772,-1.2807508632694675,-1.0608397324644718,-1.0029534761098948,-0.5334691848709657
-6.160407920518321,-7.468713813317299,-5.609849892347782,-3.499634999507709,-4.183126404721981,-3.8365518420213074,-2.040796756949943,-1.9762836237953223,-3.249242146494973,-2.8148011980327055,-2.679855693979292,-1.946616148367919,-1.8817782193380321,-1.6910701143889095,-2.1444681113350574,-1.6177903760425862,-0.859615840361899,-1.0549187720219464,-1.8798592615018588,-0.8132387204925475,-0.20091725589344833,0.508290476703906
-3.9643846384063113,-3.7133133126845146,-3.1958488497509747,-3.675156035671074,-3.4818090633261423,-3.6985780459811637,-2.90477082216787,-1.3727808318085901,-1.5836259828207004,-1.7976099749374612,-1.8084408489167074,-1.5761266050417742,-2.4308230233250883,-0.42628134917129007,-0.7214621472074088,-0.9855190964587972,-1.6496121094897251,-1.359296536322187,-1.2320359578297015,-0.053252670623700656,0.5798432381381993,0.4724344488323864
