script/wind10m.json
{"header": {"parameterCategory": 2, "parameterNumber": 3, "lo1": 6.000198445256149, "la1": 58.999992894266676, "dx": 0.5, "dy": 0.25, "nx": 22, "ny": 24, "refTime": "2024-02-29T21:00:00.000Z"}, "data":
[rows 0 to 23 of 24, columns 0 to 21 of 22]
3.2003498660492578,5.8042553859510555,3.581549304451443,0.13770027368154383,1.8157778138437302,1.5107082661539233,1.9040115317848123,3.3416749375221584,6.318193803830971,11.029423886595225,11.33424573798776,3.7344699305736224,3.7120046914863116,2.8261938516691205,4.702532903521218,5.024522618853268,4.584266390476697,4.005078389911527,3.769267714060271,4.376572831020338,3.400085106031628,4.025855008890724
3.2576575047259113,1.8704927027738163,2.574222406857683,1.1736828987833825,1.087412137484979,1.0463457133372562,1.8362829632566229,8.222469324638338,9.525845006288293,10.656540109197012,11.229839981691178,4.200347928666624,4.260578566529731,3.183561021164455,3.481000942579902,5.600538965645699,2.972303793524347,4.591420572149498,3.238634351223059,2.445964095448555,3.479983407620739,3.5606351215740055
0.9831535554521117,0.8908080673070858,0.9839662435527322,0.8509407857542086,2.6986766882387263,1.6131021490156274,7.563945787631804,8.991136259233057,9.089288472180886,10.689820533575377,11.540663285122738,4.6799010842349285,3.826492594429682,5.397782452631127,3.291593613360507,5.402745058283915,2.6415995930726646,3.517872766101359,2.9507430985733265,2.1196468089038754,3.823537162071325,4.2379787709175964
1.2032408371527086,0.733229220387382,2.056276049852281,1.7756758187841744,3.051157976909833,5.73788344737823,9.051098338255322,9.660950752477273,8.969612120783534,10.991799444135504,13.2695692182592,6.777339504811415,4.246787578778595,4.118215125734976,5.389086964486156,5.2049221117820315,2.9638569796218204,5.7028702554499855,3.9388342943821555,4.023421315290661,3.9007168220822916,3.874550425283532
0.38199816491611294,4.23274239616268,5.673155775716266,6.167898548850592,10.509614530842553,9.484661416273482,9.947308258948244,10.234420783600045,8.765669384835222,11.751923210044597,13.141157902182528,12.247034209287722,4.285098589121067,4.658397166009939,4.5276628246209984,4.782809193413348,4.220121266924642,4.444541631035244,4.154705988476149,3.199503188830856,3.54197969498858,3.185325489541384
2.305166982371158,7.717489953199904,8.850786368400113,9.810145295071269,11.430364642022086,9.65697828372736,10.424514821601946,9.773493841632366,8.668079263874821,8.792481492052767,11.843713612493293,12.93330037852864,5.6804366580083245,4.506155862021112,4.85419647323795,4.541105723692014,3.9619664731894133,3.913428567904516,4.419019797989252,3.0147918064271746,2.856790850005362,3.058126149810461
8.20143150908,10.5488953074397,10.42318038462774,10.447654313551142,11.712998243302517,9.319473698287636,9.483718778165354,7.9318203674102685,5.990883861377054,8.050001361440842,9.97231802379082,11.775842552069337,4.923207200618699,3.1138463389126483,2.9459727858462186,3.059778622040733,2.926911769347042,3.5102583189514975,2.6915682702648134,2.1112631686401975,2.4562175056920315,2.318873112800504
9.638259772753177,10.312093481212992,10.545385392887946,11.452944092923333,11.551242969362313,8.058270243708495,8.049864998614252,6.4342832362783575,4.8226337872671,6.420762764919231,7.737974771501919,11.077626781448707,10.52040484641735,4.053797417589778,2.4061505342556355,1.8106507972401742,2.3893142052405762,2.993362234813433,3.3185909582163333,2.411394343728499,1.9409909800478127,3.943249266101004
9.797666804234238,10.772028934951145,11.55264220007269,11.364684465819336,11.101564079477388,4.594027903338417,6.405554870344524,5.157243057245299,4.325226346232754,8.345406486492173,9.865738442430837,10.556941433644848,10.290223045700778,3.368010182300547,1.852977838992957,2.58169487129853,3.0034080909283896,1.4678112293738774,2.978089312300708,2.103641226080968,1.853036414691013,2.7516128942287614
10.561662689066464,11.738003140458508,11.3341584575932,11.094585513350529,11.047951473768332,5.455512169788654,4.89758680769542,4.415192449905662,4.43777321120502,7.799948424492437,8.893803094577287,9.07566972935672,10.454759261487817,6.283772060278156,2.8503853555102494,2.1861667208313476,2.2413300105894884,2.2669235843785516,1.5777233574456164,1.3565302713451513,0.42704907196523423,5.049952349115822
11.762534106411719,11.520560299041897,11.268159192703276,10.543143120608942,10.412299608279024,5.637124940145796,4.647206738226382,4.310991297860059,4.979784169070531,6.526281803176913,9.293710575707754,9.353473583269095,9.226632587089796,9.31689861996432,2.0748993369844335,1.4952794503513742,2.2515675109714324,2.879332687678363,1.8340669189805758,0.4798884122296104,0.8452263214327398,3.877916829392194
11.674017021579512,11.47817991545076,11.286662709235411,10.559848976793154,10.077842472608648,4.747716811365983,4.527723995425017,4.233654452688529,4.572839213419903,6.783856929381243,9.27312126345134,8.376900742027306,8.394064884861013,7.933046049933903,2.7250350203779217,1.3845613906925125,1.8064937034628121,2.2684672350725714,1.1160233810371922,1.9377805608100187,4.257012400876827,8.221183744646622
12.082251406781733,11.120331520607424,10.971572271828963,10.298378377055869,10.47014091848762,4.465561470310659,3.293433452796474,3.698239637500372,5.869288468540549,7.9122943883011985,9.639068143668688,7.140485834337737,5.063835842095409,4.419369535109299,3.904694253289662,2.9593347376153245,1.1937171206265162,5.941079301343124,7.227151795253658,7.532627084075641,8.634687327932102,8.86764806853424
12.01181586977691,11.214893792002844,10.930784838484016,10.544269552961373,9.755909986425218,5.454754127955627,3.889728134292477,3.8639083247888024,5.357555976353172,7.6082900603285,9.172728314756348,4.627510994608057,4.811533608505836,5.193269452935908,4.324388872279222,3.06529397206288,3.1098379488392127,6.072829125072353,8.154317838286959,8.909695994895337,8.793929272483219,8.945794363341331
11.852381078586317,11.135035928728172,11.089471293162443,10.015116387816304,9.09038876448938,4.32265069612407,4.106750590501112,3.7782834659981526,5.939946055357888,6.148535314408811,8.556194527430325,5.645800801015853,4.359570540587422,9.939860196716316,5.345037400368375,3.924670806663277,4.457086163673398,7.628747416029385,7.942481009414721,9.387186539602903,8.483349050901491,6.9760831593628145
11.207485207553038,11.308947542778258,10.23060625601,9.912638962945156,8.518030531962744,6.9100680172826605,4.365210944847784,4.196581789225105,5.77192832050541,6.389887058747473,8.574152532184927,5.230352531404437,4.605467458203885,9.87960923102834,8.909954387923088,8.248456180154855,8.437159822965125,8.597890694045462,6.87349419697283,9.150936207678928,7.438638398457431,5.5726143038681055
11.176757985356417,10.877535200153677,9.70251317098303,9.161294372346644,8.109638079963684,8.239546409178304,4.898145413608755,5.563017557340631,7.2662638540090025,7.782768562094834,8.388945144255482,7.982127716157563,5.29232694970297,6.9654848006717485,7.790869462536724,7.80313735993162,9.258269669859011,9.69620539945146,6.9491318238648425,7.520942725391416,6.311314695845611,4.759987856220726
10.93062353381205,10.442459219077302,9.346048343733319,8.344277519166669,7.757636707333298,6.188708041521615,4.549726022184349,5.268953576926192,6.616524598992915,8.117752186288346,7.640761679649101,5.433062927785558,6.196791062311442,7.314591773505207,7.255299855161959,7.201187059173201,9.081134782138435,8.3926577508289,7.810129749038361,6.569811373458128,4.723509407536951,3.221319535376192
10.470674373701621,10.112893587330289,9.58220390706128,8.0093089875908,7.830717247950371,8.43311266542291,5.553829902433164,4.338230581597623,6.841821319509373,7.602413435778673,7.181313392598475,7.213757868256806,7.64545564010548,6.086118197820952,5.900613705620863,4.485150011406557,7.9763668963676295,7.464055960090051,6.915981670810655,4.253734267812782,1.903955370733351,1.396725064652918
10.149572608397197,9.656800535446525,8.856244546236857,7.474458512193402,8.604399050214942,7.867250783596021,5.084781546859928,4.376043021699607,4.8786660201886445,4.807802595406773,4.369008709348194,7.6290225438349255,6.225821183992365,2.9152387019991663,3.02848136561867,5.64276598518735,6.519766218361471,5.6548171428651,4.727027485299666,2.7824988709281153,1.6188504067035063,2.1041111354328623
9.882969751650283,9.323021044358166,8.271268207013252,7.1446892800762924,7.989781958460217,7.675424145654846,4.596349825631776,3.974200789547653,4.099443819378128,4.481030850644104,6.591693591404329,5.057917999541025,1.953325885148837,2.1191541765725943,2.0073430765905544,3.617242290045386,4.115879509207892,3.109813103553368,2.0597913775770302,1.1151904164290323,1.6288838568789006,3.4715339488838506
9.450197121153833,8.07411837588459,7.816667456568582,6.241282625026666,7.0838199499479595,5.601315446193465,4.337337811268896,3.675253495665514,3.991318863252039,4.154773445210527,4.1324002227585215,3.094263822347752,3.8562812510099804,2.650468814004518,2.7498555440004666,2.476593313782803,1.834957506269336,3.7959649446043415,2.109029000474077,1.9446986672654198,3.774752006561178,3.0374361436356665
8.296995831745443,7.380375591323857,6.660691546689776,4.291358204054303,4.429295650092299,4.545147102136363,2.87331893264547,3.5681241469788554,3.0733073602682004,2.3657109202188127,2.9510783653471204,2.3436449164325266,2.683083962200097,2.814080467316071,2.0311552689559864,3.6927840138315013,2.6940682694538047,2.3315289722617316,3.0092174967347334,3.2801132339411945,3.1578727898799066,2.5927659308806144
5.280823804008561,4.684336146943401,4.6869246140462835,3.6892923144686467,3.855370977030135,4.2716863556840465,3.7464835683321462,3.1729276415083683,2.6476238267675853,3.577604199801373,1.7815065062760655,1.7284373885616047,1.7598032505760528,1.8408377979650898,1.8891450405103887,1.717673195502032,1.4163771116700008,1.58295453504945,1.8053003679580195,2.244399775535388,2.2854560689120333,2.9118991658970867
