script/wind150m.json
{"header": {"parameterCategory": 2, "parameterNumber": 3, "lo1": 3.000054539987559, "la1": 64.9999836372058, "dx": 0.5, "dy": 0.25, "nx": 34, "ny": 52, "refTime": "2026-01-21T02:00:00.000Z"}, "data":
[rows 0 to 24 of 52, columns 0 to 33 of 34]
3.051464675316981,2.6642419150722416,2.4412063986475796,2.2989104549239654,2.458143810437212,2.481039700811358,2.325661105641348,2.368544576087401,2.6507888520181337,3.315739818856721,4.119115148209963,5.1373503241697085,6.2287668967493826,6.6654905042792105,6.366748293947363,4.723780884146906,3.871423361046805,4.615949705546489,8.931623501107126,14.167581720881486,7.429480851622821,1.5769797413167082,3.991618116815531,6.544155940993718,2.9717556521218196,-1.0594093663861266,1.537283144833787,2.7485534567427106,1.1186677405883874,1.4769330723224727,1.253984031587305,0.4438320382749009,-1.1398064871636409,0.16045990295031426
3.0422920251533365,1.731207282613813,1.7491406198180766,1.547078182815741,1.9966635909411699,2.3030696112388913,2.733185182608148,2.9330654885182645,3.230039011938736,3.1657600794566103,3.9702407068949848,4.552810435667013,5.259871338366024,5.834162526235369,6.351927820292588,5.461279410521726,5.197895095126206,5.430459515229788,15.291157076345641,4.528764921961829,6.266741250028977,5.293216496179205,4.040563874460412,6.110537593702296,1.39534151921186,0.2477560695598108,1.2098782093998923,1.0247321903850355,1.8817911442262547,1.5834159174739622,1.0970327491368899,1.454885911016191,0.027777312255812956,-1.1701658536998878
2.466061849500277,2.1494705268853944,1.6563200218749272,1.142903909947737,1.2038989111123417,1.6695479616247717,2.1208330206019363,2.851277921817658,3.3687234607986887,3.8077055125606036,4.673953248439614,4.113989398984423,4.554177209436436,4.6885895376504125,5.122482436918708,5.136392827554257,8.89975973610489,4.16561179535433,-2.288267695690374,5.757088390215845,3.2668482660887617,4.911068138913471,3.1690353951060066,5.182575667762959,2.737888346735116,1.1545306763777194,1.2847553312240083,1.7584217667366864,1.9217380832956983,1.2164977795090606,0.6054775062306645,0.8827765151055383,-0.06662595363678094,-1.4058003809206492
1.7254649679347702,1.7048506988589316,1.3900403544506035,1.1846642538919119,1.4361695977149591,1.5054054531524486,1.8896259400634694,2.5001194230072157,2.5854501092772657,3.074148937560828,4.1849963355781705,5.150892189528534,5.996178437629579,4.735713343643265,3.694363186994665,12.002575709624455,5.115354512444991,7.197615113691319,7.574200649320153,3.1395566508035135,10.398758471953565,8.436308404756538,8.05057579814615,2.6391942866398863,2.278102171344159,1.9271283083396735,0.8317604012787679,0.6715876892395224,1.7325655538221554,0.3611962007171928,-1.467583676543973,-0.4616421413228902,-1.199418354036065,-2.2318753661556756
1.0434505296308354,0.23439162226204407,0.9153261494009889,1.4736455771722508,1.5238810331683519,0.9958226188083106,1.8916793578676934,1.1746325704471992,0.8622968155210666,1.8418628656141147,3.164791708184868,4.708429889545754,4.967702560618563,6.276233778014148,7.107160461592578,7.130668029292055,6.041738965916629,2.7698033410621217,2.26521857377997,8.825279449833305,13.55850613255965,7.560284566238893,4.828008091399039,3.9716804519337785,2.1499289562758794,1.5310631060134954,2.094386823155648,0.6680510987937781,-0.10604259465112316,0.1967770263182421,-0.2995988193211871,-0.014147713354704612,-2.3074992885747267,-2.230268890690632
0.6119460033834937,-0.2400849519990174,0.054677619130819255,0.6083489285074685,1.228671286903659,1.3838589182362198,1.2871624455505557,0.6202650163765973,-0.11261829963810079,0.3627820193078905,1.5990776561335807,2.4931348378180447,4.645564198276082,5.815678635183323,2.576461223866729,3.140725009455108,-1.175459421580471,2.2390759802863855,7.2670740020258435,9.734128533158701,5.06313260501067,5.518771206591069,3.888287407618669,3.401436341305797,0.9278632947080651,1.0236780077460144,0.892397843794481,0.15990923261826923,-0.39745252747939275,-0.502569179554183,-1.384916904699553,-1.2743168785307226,-1.5988229218009224,-2.65588103717431
1.347258872071513,1.1759906491534784,0.3704097549599226,-0.4229073998636546,-0.22404788275049808,0.4270318663586127,0.7578171070018083,1.1418502265104862,-0.2299706584213618,-1.142404235094853,0.30334068454399077,3.867746153386232,0.6636244216289805,7.985816801520813,1.335281153903334,2.6447047790172618,3.836868625678702,12.57478317822744,7.865475717029498,6.825541668199787,4.041837389827732,2.9340724774525655,3.271989300931047,3.900240337671327,2.1445103237213266,-0.2053406138269491,-0.34867363480045593,-0.29556464548374833,-0.7646458093021515,-0.2567221924575325,-0.6884740193719404,-1.640400297292641,-2.4627668347462475,-2.549241616762401
2.56566303066821,1.3526734827476092,0.9884322753237542,0.31757058530380006,-0.854635691611308,-0.8398019475266207,-0.22032893067146941,0.816933593016619,0.013117578247885637,-0.931114104578707,-0.5418841647807614,1.2300600014458085,1.3224706157924455,5.227855706547468,7.557110839930797,10.531192350221,3.730341589061182,4.70012527367675,7.8524221996130255,0.8180336443373835,5.25911221240364,3.414275309917114,0.8170261106510969,2.8309479496852332,0.699123928502279,-0.17229024794105058,-0.9936282429496093,-0.5901469544657526,-0.6612114277646076,-0.5780453967908774,-0.9490026749317781,-2.0465205116653644,-3.351108305847921,-5.676268481779359
3.4275977020798534,2.085059760061222,0.8929091252558435,0.2749724006617588,-0.33085320908780946,-1.435236696430423,-1.1447247427399228,-0.49716399272035616,-1.6094726848792604,-0.8350618127418246,1.0623528653322973,-1.3440391134528156,-0.7787967875012942,9.486916919095288,18.13282099082946,6.153540422440992,12.826843089843395,12.86280189421938,13.15980013114548,10.037587775438393,12.91642722342042,6.171018100782155,2.179769986086492,4.017283132763506,1.0947562706040095,0.16521734092861246,-1.794677069005397,-1.9029945101102812,-0.9342432174688443,-0.3566808104348998,-2.114797727659774,-3.768301145082112,-4.866575128485842,-4.574660476733112
4.940675518060715,3.292015359386705,1.3327835815264988,0.262085609908229,-0.8151504144935131,-1.374866846930435,-1.2717459444844113,-2.0969001764137145,0.36920517066541614,-2.9541094092439386,-2.652394436641902,4.942349736518141,4.9084275801725425,10.165274464283652,13.739682734996286,16.662218934789426,7.766151691795577,9.910087199043973,5.031099126952901,2.068066449641008,1.5810894349637636,2.6488570013496964,-1.0557361903266247,0.7197272261000007,1.2148451293645086,-1.3389443143972592,-1.3159843372783744,-2.758818548447263,-1.865871801875214,-3.3838267833936766,-2.764867841263414,-3.287674917244993,-4.606347331607299,-5.043081264688508
5.516127442510999,4.482532126884424,2.0162341801664847,0.16992165393961425,-1.1354712887138814,-2.398394116484655,-1.1236345345029701,-0.6897493561354728,0.7760189949500353,-2.472370651289441,5.551370981343602,9.685404728184,-1.1624600977021984,6.655947343374321,8.778678716289777,8.626580684357346,6.08490957437946,7.406265327513861,3.6514966292542623,1.7842940602846176,-0.06373382909063102,0.6348062924374024,0.5753752927473211,-0.9996528073143142,1.0539155900063168,-0.7803747876347513,-1.3885051389351564,-0.8039119048516061,-1.9062262943615438,-1.0874828974559565,-2.5713474787896646,-3.170011917606124,-3.28500559839309,-3.975653214167154
5.141944721088272,4.2359722527217025,2.014792479762658,-0.5930993840942906,-1.752448977746934,-0.17972802433524848,-0.6495099216009994,-0.06001294405052178,-1.6177022006983566,3.9536809102204464,1.4014991451401153,4.641322675845197,2.604679981975291,0.8787322203477104,4.574084557047556,3.287611595994339,9.058958182979518,7.392043277578255,3.6388543404511235,1.8539855394722755,0.32803075373748164,-0.33561492884726696,0.05622448403498266,-1.0525243809695248,-1.7029120672528535,0.16342609241467454,0.8378885665021859,0.40312671086180796,0.745141280516923,-0.8272556540427148,-1.875836391893276,-2.5626199478776193,-2.1497526137643925,-2.7496992751354083
5.296647458214833,5.128162714981128,2.4848394172736246,-1.651553140501174,-1.1876834813232353,-0.7799474158756581,-0.7376655349452855,-0.9531169620881329,3.494223843628587,2.6148157417978624,1.8036435671989215,7.926946367591801,5.766071470323089,1.4397718566121906,5.868031287365552,0.11605538749168011,2.320387060823303,1.505436648718132,1.8434592825561507,-0.6737674550852755,-0.33087965585735585,-1.7849545078717397,-2.079836015221127,-1.986737464682917,-2.908283669681269,-1.4935833223842665,-1.0458182239145144,-0.5275999244768482,-0.02821528678121523,-0.2722840200038341,-1.6775703937873954,-2.163084007786487,-2.4372847264649735,-2.5423966009092926
5.188176866073095,4.485984170401134,2.6818484111841525,-1.5654487079782893,-0.14541156723339196,4.387218514196808,0.31483625760954687,-0.5799541772690863,10.944443860802588,2.181275692321082,0.34461140298282006,6.8270059515977,3.7117903356090456,4.790556741029366,2.6099355077354676,1.8254239275878976,1.4741363081572028,-1.2391445427440657,-1.2043271406837133,0.3271491056453419,-1.0152154230115655,-2.726458265409387,-2.3815465772220947,-2.562559844860841,-3.135683462104648,-4.271462340524297,-3.0522209980407013,-2.3222879392077957,-1.0397810661013809,0.4210182314349572,0.025744245549376273,-1.1589953012662806,-2.2407551608943668,-1.7709918090653394
4.973640050639547,3.2250142162765787,1.5078339139851726,-0.46713831444166576,-0.8974315867011642,2.698696279731781,-0.2797277543809385,8.165742990933822,1.2115217864904277,-1.926404985144148,2.677309158816742,1.5573590833648454,2.911617233506597,-0.006935508731596544,2.8969818373945087,0.24142067006698376,-1.3344488900024416,1.100421085198787,-2.069974093496385,-1.0334854186561628,-3.6761058103924715,-1.4512662022053084,-2.8415743461718455,-3.750180450156092,-5.102510239541408,-3.7094140989331645,-3.480032636797039,-2.9527160682341345,-3.723114814873123,-1.5074765014532703,0.49999958541391737,0.48003343108878943,-0.17228222037798077,-0.5174719673550331
5.589657105060714,3.1755062447042457,0.377792297100812,-1.5854922854485787,0.2779388374308154,0.8390764657535659,3.5757245721250883,3.1138494936580114,-2.3807606842764373,-4.450624724586052,3.1224517597973946,1.1923878913599428,2.362339039323838,2.713929664037871,0.41994008353117634,-0.14129270709974293,-1.618370937546687,-2.231363589623133,-0.7243747905010224,-1.4310673174268727,-2.7966470871445885,-2.9862305375828737,-2.4467791640526735,-3.7680537447963767,-5.333610876263068,-4.414098088838184,-2.734824440862773,-2.378731973969087,-2.697636110702252,-3.1396884072990536,-4.220885095449183,-1.6881606478352147,0.34794194930230293,0.5148340898666255
6.454388100447806,3.3142042442226978,-0.21707496621862948,-3.4357742498605703,0.1692923629327736,4.14514436145357,4.646472312664991,3.225547801758866,-0.5016667671659722,6.305270786368423,6.694062972760266,0.7258405367764924,0.16477299058942899,0.5574596286562847,-0.763588393014539,-0.9217805818010941,-4.955657198919926,-4.280902235607401,-3.203622635365995,-4.422813271827535,-1.872065961828377,-3.366902827023215,-2.4542653059160493,-4.3012221498397905,-3.6319462179569255,-3.0711940721961137,-4.085349348349068,-3.6389609002595162,-4.124169448932442,-3.6640084315075034,-2.8232175073806793,-1.8954908706004419,-2.4098315111601147,-0.6671381433159972
5.921263668686336,4.384768188095923,1.43012570007372,-1.7086353949842752,-3.8051375166731036,0.45309934054938567,5.844825500431876,1.310502630646274,6.635943083825443,6.132995151332246,0.5665799804906749,-1.012049760184786,-2.4444731640343664,-0.4881207351501159,-2.3270018466230757,-2.103058336579152,-0.8100187145574932,-4.7103511757282455,-3.127774423284114,-2.162602362049187,-2.5281443778193755,-1.7384450573185641,-1.5468314794406515,-2.6531939427022766,-2.2048570731582684,-3.2306972091558026,-1.5348057163927493,-3.857328205717906,-4.894729872375223,-1.1379160812197298,-1.554989459082099,0.5487236489089886,-0.05484322891766379,-0.7612134722999144
6.6553505087517735,4.983516142498172,1.6868141389688676,-0.18050225057690006,-0.44407672939928305,0.2199294039403192,0.11451216509134027,-0.4400849881142473,5.709012939558416,0.4899308416270339,-3.23349251028917,-1.6817357549677066,-0.45251638184364984,-2.4039925441171284,-4.660406688216571,-5.475881931034613,-4.582294241169502,-4.215189792015888,-4.530471988253737,-2.143682813990003,-3.1199842729122373,-4.249803169184462,-3.21749117270332,-2.536506081906606,-1.2186635353295323,-2.0552085464997334,-3.513652796862892,-4.361871859011244,-4.106408153685611,-0.9326567075566982,-1.5320500423395582,-0.96044876379209,0.19626183040465753,-0.022250480991335787
7.509360462915079,4.284408216096839,1.8415732706303085,-0.2834624160451984,0.8907222907791632,0.03552945844178479,-4.485910847230462,2.618787411552675,7.462379994892688,3.512542066436296,0.33050983082539553,-0.25552108589293465,-1.03059181097921,-3.6422157467806056,-9.079539901941791,-3.596050382666756,-6.790482244868456,-4.988091040220373,-6.436419000968613,-2.490906895644747,-3.4169296961903055,-2.74054899305417,-4.4717792442253534,-2.7782125289161,-2.3069102450405237,-2.7054113807737306,-2.2234161289133323,-3.004964865441124,-3.6003750167631368,-4.441482041266726,-3.9573278570403443,-3.904845522530833,0.5348448610193937,-0.8494313627407418
8.879404000179077,4.952687676777453,3.309391112887808,0.4340163180795773,-0.44441613565624316,-0.6736341053302438,-0.30814177574078483,-1.8424866450825022,2.9109536416548125,1.8980571375857642,2.4401854412790556,-0.21362481410434014,-2.704681723094226,-2.949626717079662,-3.598916726074215,-6.659968838991605,-8.204629402539,-5.3282040618762165,-4.397808960648969,-3.4594162522904917,-4.113227782322942,-3.054328647860075,-3.397454444500509,-3.1245189693041633,-4.026531310343187,-3.367958729202171,-4.400131341877454,-4.8192595117647885,-4.719895526626606,-4.100747737912074,-3.3111185324308403,-4.436984107566242,1.0933309766569173,-1.2905825264807198
10.038881322805317,7.530669763489353,2.995045432025839,1.043674754149498,1.1469196058999205,-4.021472285890163,-2.785231359813302,-0.07233795330642681,2.7721267824518505,-1.0957451694062061,-2.8586547778046465,-0.8968085332808591,-4.211921964827761,-7.120960461919223,0.34239486862500446,-5.528027326623896,-7.266046207074628,-4.421370793480359,-3.994108741664022,-2.6087086855684056,-4.476660067287262,-3.2941253669346784,-3.833798850671231,-3.4285968409254575,-3.2297209827467963,-4.438688982043418,-4.57689771112344,-5.268605924599455,-3.949136598740971,-4.778753769969026,-3.6849777115801072,-1.626266781127776,1.0650391826703813,-0.5664921468290975
12.12294322068657,9.178917421644073,5.348965600044416,2.8157744401468565,1.1059757385809939,2.852178150189947,1.9110212514644793,-4.126689951386817,1.8610936727548228,1.6510162702518603,-2.8141795010108073,-1.4685863715122809,-10.270218604777446,-9.41209634628944,-7.472586247673139,-6.3735365816736955,-6.845431316442625,-4.4018794683678095,-2.674865920202844,-3.467812473980221,-3.7594591725176345,-2.914996196340325,-3.0212573525351956,-3.1866442044298755,-3.600703449899107,-3.83167120910741,-4.459340781961097,-4.423538044700917,-3.88266791521424,-3.3812471846777816,-1.1281111306230582,1.0166387634756535,0.6418771174242035,-0.596127394620346
13.5384922660222,11.820503416247186,9.370185546017419,5.546977271329234,2.027261262176246,-1.9864337991784229,-1.5416827789672254,4.751217497548074,1.9389456150764435,-1.497138667747992,-4.422844705761662,-1.184674585994982,-4.287888688230519,-5.584095049649383,-9.863491145714702,-7.880307612223133,-4.9407409175987285,-3.5143175673000386,-2.844755018473163,-3.07850141676304,-2.75045703637151,-2.53120725764599,-2.500626972320436,-3.095555226103707,-5.06423898463203,-3.704896462228701,-4.599095359380176,-4.392242732466557,-4.434922384019115,-3.8825019331706367,-1.985535705792981,-1.05247664776192,0.08821886539684781,-0.9368324267007088
13.849298790878482,14.239341601914402,11.996880014925052,8.52344593516712,3.648371219594431,1.5697719931109242,0.7438913281929389,2.3971375934898957,-1.2880437700193947,-2.5597988679190595,-4.517580875118607,-4.220597130007222,-6.665023732138523,-6.932671984044927,-8.938936121663273,-7.333011796402376,-4.5218714427744935,-2.801929857066109,-4.618926829319962,-4.97243661501006,-5.619068905660219,-4.817444185166989,-2.9872804919260605,-3.409362994346618,-4.470557504585896,-4.397160311124987,-4.2861895889181625,-4.967223976526792,-4.79204332803068,-3.8247388201515116,-0.8599813005659477,1.2459776783866359,0.5706538178561977,-0.17580414494411437
