script/wind100m.json
{"header": {"parameterCategory": 2, "parameterNumber": 3, "lo1": 3.000054539987559, "la1": 64.9999836372058, "dx": 0.5, "dy": 0.25, "nx": 34, "ny": 52, "refTime": "2026-02-21T21:00:00.000Z"}, "data":
[rows 0 to 24 of 52, columns 0 to 33 of 34]
-3.979346759834421,-4.932547125342364,-5.736727809425498,-6.252624743589684,-6.88131859186954,-7.299467683375121,-7.809512256434779,-8.812926305316884,-8.654004547489711,-9.223816191215903,-8.378399456543226,-7.073532202366329,-8.810969701827547,-9.810669199427569,-10.786598306050578,-10.006455027949901,-10.38876807961258,-11.066303432759296,-6.5330837440328775,-5.360210531574441,-8.954041128465883,-4.639407096568731,-0.10714469827843305,0.2832880611020227,-2.27871480173253,0.9755931388405856,-4.423266721515258,-5.496238016494353,-4.998874608521556,-4.638184146873378,-7.261087837507469,-6.936176536589057,-6.353780083861624,-5.9232121718973945
-3.4037658922209793,-4.296336775858256,-5.058218841399699,-5.627358964384065,-6.571762926441509,-7.192542759764673,-7.911649884212096,-9.107658717367748,-10.233193797554627,-7.497943348941698,-7.584021990342253,-8.16012997730453,-8.102510625809499,-8.760968403748457,-9.27254136033148,-9.559457335833844,-7.102836663652528,-2.6037922398895907,-2.135774953925951,-7.057032858129573,1.5466143170492945,-0.4820490670490173,-0.22261805011368366,-1.408418505183958,-2.481035108707138,-3.2731356677232712,-2.438945174812439,-1.3243921284032543,-7.692693159361747,-6.963571224798854,-6.524708709402046,-7.116286781310861,-5.601014421305179,-8.14581818825785
-2.9423956805600557,-3.454063601907314,-4.100585753949543,-4.841923550145252,-5.9316943415654855,-6.92114950811926,-7.800445605140195,-8.865098685609208,-9.997494389715069,-8.41058602341283,-7.384037455339185,-7.02828681356098,-7.944409339398596,-8.349053926803602,-8.831268920282932,-8.066655863746734,-6.655712380051788,-3.957529892941343,2.8746860059349535,-1.3840493527087778,-2.899768146722259,-2.4120213448976173,0.7799966509374854,-4.017004777912987,-3.8634792409685996,-3.475800365105315,-4.084322652698409,-6.093931279211979,-7.601312338653655,-7.89425711572257,-7.444157260710505,-6.69274986099687,-6.047038141650172,-5.506411535770234
-2.4874261302509106,-2.9982373043641677,-3.6506921260352208,-4.329974300752582,-5.276788875395194,-6.173748085170436,-7.079172773136496,-8.188528887342244,-8.508970568951867,-9.122867251489119,-8.767175890535402,-7.547280930156085,-6.000814836057522,-4.54855772719015,-7.584382972067793,-7.88107625797944,-2.7072563660914137,-2.4194072191455627,-5.301371756880691,0.9748550503822612,-3.1940603679436346,-3.427221025655934,-6.9133481368306535,-4.125163955100196,-1.9238333313694147,-4.832047557115913,-6.397063642682258,-4.931111585766048,-8.343405626752036,-6.075866687477606,-5.9933812643177795,-7.099802407686326,-7.480748159331998,-7.809892614733931
-1.8969426806494571,-2.4708180360831364,-3.2764235938697968,-4.029911723028073,-4.667127261201363,-5.359934600894815,-6.10561387006798,-7.114430367495667,-8.105701473886711,-9.307032762824292,-11.943209376421686,-11.523725809832307,-12.16072868393814,-11.410459406051526,-4.6198333686808235,0.47105208490910466,-5.397821428462847,1.3527442151013216,-1.238049657102191,-5.017530037709905,-7.020465758858628,-5.988760537518792,-4.887698629082447,-5.1524586258936,-5.5237744230766435,-7.125366577718154,-8.339949709171075,-7.4341999485531876,-9.01105247412927,-6.298342245462212,-6.468641685481485,-9.192986084738072,-7.415662684123947,-7.62065409558635
-1.4766023618911457,-1.9497912211339803,-2.956252919856604,-3.599189075178259,-4.156289414475433,-4.605607712925531,-4.986080205692064,-5.898032020898101,-6.473396951548057,-6.1978560541880325,-4.240695970216878,-4.718777229877881,-5.655165278789282,-5.6759872897829355,-0.6915057813868628,-1.486256435600269,-1.4897162337653738,1.8383958949402295,-3.1420404480652886,-3.8626935779474447,-5.252759176553696,-7.250078352282568,-6.796128004187805,-6.564796589558408,-3.5713813612367864,-2.4162382348968205,-3.4958282412260764,-5.039427255381174,-6.502016554664336,-8.579087133874351,-8.627906276907432,-6.637581398050326,-6.5162569205871685,-6.822583698419458
-1.709062830535847,-1.798394524955407,-2.0670422776310953,-2.7276895270605666,-3.148734169527745,-1.9345116919936645,-3.6059062406173394,1.1038863830528474,-2.6116279780471143,-2.7395472153019216,-4.5625771948309755,-4.101124416823006,-4.156195181779471,-0.7635168334946597,-0.4906088734852133,-1.1997984666045294,-2.297862091430041,0.004894358266927541,-4.4869951615813575,-5.3283042889160335,-3.718307692095595,-2.7762880200907394,-4.661909471453863,-3.917131030722674,-6.648334265155749,-5.2323406610589815,-5.1933088421289595,-4.2097628257181166,-4.792632757648427,-5.673878806829969,-6.042559489071907,-5.495281363429613,-6.19764871760216,-5.378710306756927
-1.168954958385415,-1.6604128681510903,-1.865620882196172,-2.0588426231011434,-2.7121294851012467,-2.6583937929401804,-3.179286444805831,-3.71697955196002,-6.35507380733367,-2.0221374332580586,-2.5686338465358367,1.0192821391416342,-0.5641972185733648,-2.533291632353641,0.9742701990945216,0.21936358849970689,-1.6760298710800885,-5.6867757086504795,-5.979989954186555,-3.2362744430037726,-6.611168657959792,-3.4237751030085652,-3.057177801860621,-3.4448199280500056,-4.077328998811296,-3.9432830613658543,-7.114897333047334,-6.726276348587864,-6.481554464148475,-6.410062792968856,-7.453128730434602,-5.418212886502211,-5.609991859209422,-5.172672801410005
0.5597350691227789,-0.40191239411586127,-0.9653102482713823,-1.1023360455794555,-0.7212774240954954,-1.0867193246978168,-4.920703012882427,-3.8345420113582462,1.0507440862625208,-1.4122901905150453,1.6409940000933254,1.1533535272849083,0.9732267939774396,-2.9233632307745827,-2.9858782559780965,-2.470817412682543,-7.325917559085449,-7.068846178978947,-6.661056980320691,-8.95770019454773,-8.811166137186879,-8.785521564167992,-5.277594448886437,-6.477400551464512,-7.323886866906506,-7.600153212792957,-6.20490663649863,-4.458543975914437,-3.5609329207971507,-3.9748244470780345,-6.650003028742831,-5.2461503885708245,-5.457087533504819,-6.5444712982126205
-0.12369031209690694,0.1130479274398133,1.007782911586456,3.901311269963126,1.9128385688386238,-0.9367209585516831,-1.0463022228900218,0.10358606135484304,0.43333729207590116,3.1126105382537914,-0.04563701254215281,0.28935777234973303,-3.544937451383312,-4.129530507625848,-5.118336174122791,-8.05001377352451,-8.704045515447856,-9.614399002111382,-7.699064920227301,-10.47346766095103,-7.370056617007154,-2.0035608090685755,-2.6895850231373184,-3.8814479977258802,-4.668472985642742,-7.671022331716155,-4.500395220418946,-8.508306219938758,-7.101964111352727,-7.754611816349909,-7.075102579847963,-6.723560031554315,-7.814657090742683,-8.128849198781507
-1.0432807688042596,-0.9774244178574263,2.5172396100355936,0.9756509448356394,3.063308932205545,2.300840023051729,2.8142506668695795,0.37930430508200824,-3.4864706731732777,-0.6162306326783766,-2.994787508741725,-3.988247183565612,-2.171085387702012,-7.001791915016725,-8.781184482091332,-8.22890753307411,-8.794874198548088,-5.223722816810292,-9.271142905770676,-4.885536454968502,-5.516938392893604,-2.973313233258272,-5.073630869787117,-2.074014053637746,-8.799313753495214,-5.326998208125859,-1.9862589658094765,-7.845394549810687,-5.944517171934805,-4.596014317452519,-4.705774726116226,-9.362841701383562,-8.806408386567238,-8.38537904307909
-0.9981212280471482,-0.31363700244842935,0.688912419244105,1.4027540820297573,3.5042490523856187,3.5411693116879337,1.7094001009842668,1.278006262815657,0.10808839811293311,0.05177826724487483,-3.4224388251869597,-7.004234942667536,-7.696922695596923,-3.9294250267261495,-8.173759264133873,-4.278677521884259,-7.569055356022426,-10.814802933844362,-4.220749224284386,-4.676310772158668,-4.212825279910427,-8.659339587861098,-2.5129839151160653,-4.965326548713366,-5.341865740749648,-6.581993822783046,-7.175753296806245,-7.776091379974056,-5.930253655818357,-5.514891223002099,-7.364364005685759,-8.636053192149907,-8.170973125997985,-9.631633452528623
0.6036627300992022,0.7742950619877433,1.6373826705965016,0.6048239742460885,2.1534234711586424,1.2505662047842672,-0.016653997995480396,-0.01343452255737674,0.5987146483282738,0.607912978345421,-4.575132314735723,-7.45414222650381,-8.509829521581544,-3.1651507592231756,-4.064951843721701,-6.377909339652617,-7.180785244078028,-6.0644105390686045,-8.240347971369518,-6.270405973934819,-5.487082546515845,-6.487791590470211,-6.46909043278473,-2.654300663227574,-3.495288898276977,-5.025623871316183,-4.714573746508504,-7.376181422049773,-4.131940778858054,-7.226680677973635,-8.596804301705049,-8.050043155932048,-9.719759403076258,-10.423462369816697
0.08253619493002363,0.9621329174093299,0.8143626134804002,2.954241051655076,1.2199340945352393,-1.795931523095502,-0.9960968569058742,0.9565978522110541,-0.31179571463184697,-5.3164234493799345,-4.928909584532574,-4.412600843349043,-4.706348931786319,-1.8592427182152689,-8.558362647359116,-2.0796197313659643,-10.271588980462045,-6.850544307065662,-8.208478807980628,-4.257079935842848,-3.4857122241089007,-3.45239861463131,-5.220652982733672,-4.537665451919557,-4.648341749583346,-6.711786076855041,-4.838463473298165,-2.1266269513738774,-3.463147886235011,-6.152971843761289,-9.578242207455906,-9.907669381911628,-10.654513800437039,-10.299034349225606
1.3719570453037708,0.6086609335047918,0.7806735990282124,1.7486833975076077,1.7993064424354723,1.025586610208884,0.4038493076915708,-1.0781325906827524,-1.862880824477658,-1.2505959291759934,-6.5552118881328605,-9.961070966463552,-8.477607759005718,-2.3841848222009854,-5.431760392274527,-8.91470522906592,-5.892728274232436,-9.305857476545961,-8.739308125337915,-8.262648147794721,-7.9826582225518585,-3.86363252501866,-6.598837310899814,-6.531584404336711,-5.4744089512788445,-6.585995288155666,-5.829315408276968,-5.766316600964642,-6.187133753272003,-6.661924310343507,-9.436025594484313,-10.64408729277813,-10.988738953963184,-10.399922453054426
2.532359183780532,2.074281049442163,0.7133064858222773,1.1662081048462305,0.4247335327700895,0.48828545652386457,-1.6288886958789481,0.8916520020141494,-1.2244832118281572,-0.4063629518145841,-3.557232661806378,-6.916427754486023,-7.288547611344783,-8.341781249466703,-4.585744950116108,-9.020147451835745,-13.315273905824355,-4.129604572359399,-7.468139573528487,-3.638332530240025,-4.940432263461461,-6.065919128899692,-0.7365788367340793,-7.61986457640103,-4.432872813503996,-6.138765124481712,-5.650841511545449,-2.912505385843376,-4.546035863172092,-7.19021385141972,-9.864044583279757,-10.980514017141711,-10.91881828025581,-10.869416441376703
1.8210699159828119,1.828660585194129,1.0294455824758484,1.0336555495521864,-1.0212204693746016,-0.9288394614838006,-2.330567989482125,1.6043272343458554,1.190450018783696,0.13070800916753622,-3.641396441997418,-10.489461588471858,-3.6626382690786405,-3.273710837615733,0.5413351163722488,-3.8177017933364774,-3.553212096867449,0.4858418435476249,-3.1635887886985663,1.2918753677303956,-6.856482515670368,-7.205324988319922,-7.222379205763404,-5.09141614342212,-4.4366336370262305,-1.6115736125244278,-7.6917241508918694,-6.76680064377199,-7.5959123485832665,-9.162784606371192,-10.545795217092197,-11.033339810620106,-11.58061455354865,-10.77737300954662
1.5489651586035558,1.3750480683479613,0.7149596259878184,0.40791789125051814,0.3583021138380901,0.48452643288264224,-0.9040479117273605,0.45993657537104965,-2.10400139906451,-3.3583310691593526,-4.50180877978367,-11.688593863614596,2.4765381829059887,-5.39462885331676,-4.398515961576481,-3.0023139045074347,0.05022791515885699,1.3440989922434714,-2.5627165720670835,-1.455421214496723,-6.991086753612276,-4.517896014145836,-4.4848642337924565,-5.991483417497853,-4.399829318563585,-7.597700535905974,-5.321908574055339,-7.811846597937384,-7.597430697013201,-9.824849493189259,-10.990888247681175,-10.814052731176119,-10.694619699001063,-10.752681169407985
1.732708328787459,1.3042488925101312,0.5889010472875882,-0.10627462367192743,0.889074236208566,1.3778561673103313,0.6666228199551302,0.23142371639033063,0.49861571213995537,-4.7771566429967915,0.25887530036298834,-1.1922886018200425,-0.5897196036440958,-2.2761104173992237,-3.537330692181745,-1.5560232974298136,-5.741785837611197,-5.045567262850552,-3.547616937100888,-5.769141717165574,-5.52014510977458,-6.906366418402705,-5.338603158072876,-5.604964092362406,-1.123282053907748,-5.486553977617082,-7.526972864513243,-5.393421741647194,-6.591682906321791,-6.990026362654271,-8.34185578232472,-8.911036863027517,-10.049655052945639,-10.380007632098865
2.3420797973327514,1.5788435076246266,1.5359232779405856,-0.1991937373603806,-0.4395985975317288,-0.7482828198662452,-0.24428912774525646,-0.05283770374078928,-0.91782652938664,-3.554735155451119,-2.9251343772336513,-3.6973325975434808,-4.7039397594992325,-8.060833916765635,-1.7340614697868384,-4.935585126419193,-4.84449424577533,-5.620457849982395,-0.21725586295031848,-4.920019420485761,-6.463773450684851,-5.583771989941996,-8.051022837416307,-6.348634171364278,-5.198661907949264,-6.401489486257481,-6.17877881322084,-6.801216697369302,-6.454662499380798,-6.766427083842556,-6.6384965749078395,-7.1132967239579274,-11.132174662540917,-9.209498341207626
2.8722990159257527,1.7093581906893445,1.0302915172209874,1.543107632167713,-0.017633837155066622,0.9754489055640301,0.7973849094611098,-0.05522943001292173,-3.5356690454121273,-1.1598878136869701,-2.3315582745463383,-6.211697371487754,-3.16943835683641,-4.6996182565471765,-0.31197714994118153,-7.61892881957897,-6.842155935439146,-6.879982624371537,-9.009259343715495,-7.102030595794879,-7.950398622453467,-7.49777383281879,-8.30906822917689,-6.893071156443552,-7.088802499543418,-6.84441252990696,-6.227607531897433,-6.714103406143142,-6.076206203177359,-6.1987786919771,-6.617108649922443,-8.077601785725848,-11.44555480475923,-9.956868970713703
3.485706268406231,2.3675532754895237,1.1285701688152008,0.9316376471272122,-2.726400670663277,-0.6530692844356221,0.23891313533901226,-1.8702904050001197,-4.338165649661836,-0.7518666138718532,-5.355041832520793,-7.629527344378798,-4.411130078863746,-5.365380271962924,-2.0426139104104486,-1.5220491039181943,-4.436788476308351,-5.759254847781573,-5.878527490402871,-1.9076962821703893,-8.775063041146705,-7.578603143857109,-9.227892452200141,-7.147433612907838,-7.16190261695473,-6.925596782205018,-7.407884477242557,-7.184782461090595,-5.997373361336942,-8.586073753691977,-7.3939059268869585,-6.986241938488631,-6.537845849984348,-8.171066384172416
3.5082947312417967,2.707640676969925,1.8814731021115592,0.4220506618331355,-2.0354877010286643,0.47671105328481567,1.9966695607511664,0.3053392919655853,0.7030758986444573,-4.006911436906245,-3.603098094588595,-5.996351234951651,-6.339411225064471,-2.6512137013444943,-7.258550426623036,-3.420566821210135,-8.198844126572062,-6.422731919390919,-5.022105870315106,-5.738416536792888,-6.781171919372102,-6.091878386973729,-7.709347373375081,-7.757783525475327,-5.954362011186013,-6.197322664203109,-6.033185885824883,-6.213593541015336,-6.819885355631257,-7.481013056815056,-8.130182814927315,-7.890388488740627,-6.485983835803772,-3.7773605265751797
3.5328777992889284,3.0711650186974264,2.481591329541217,1.0134729964241955,-1.2892898859562463,0.24123285907087116,3.135633028516986,2.254415408044153,-0.19168199032414332,-2.266581752197309,-0.5225437216417803,-0.8065210583649179,-3.6810947352683407,-2.1500466887024725,-7.413914681740686,-7.482916587654666,-6.876742764339404,-6.0342337975323455,-4.552128449070705,-8.230415251734765,-6.8978150076300695,-7.398067615351795,-7.775602517369335,-6.3423927640936135,-7.351694216236658,-5.304297040210441,-5.019121336302719,-6.354866958560122,-7.359991843199786,-8.072446635338448,-7.61384250674837,-5.952856142865182,-3.446316523389786,0.07125101825167786
3.472195872915551,3.323023795116516,2.4445484212194692,1.577346191560243,0.06212489416221521,0.07700482272713619,1.8231523252624304,0.118774896525964,-1.5644635182201885,-1.964547502560793,-4.398450956303837,-6.550521933083429,-6.458840129407533,-7.9239670791421055,-8.07438044162024,-8.211142104448504,-7.262884875923011,-7.817013673164591,-8.923997393478468,-7.7936643869603754,-7.915761210513782,-9.776949192069214,-6.639731232209571,-5.3591596791258995,-4.972640513993062,-5.338077326592283,-6.598440797998316,-7.689860897187341,-7.344283965113335,-7.229310257669179,-6.64420525511904,-3.462168433517512,0.1434295379508042,1.1689206030146608
