script/wind100m.json
{"header": {"parameterCategory": 2, "parameterNumber": 2, "lo1": 3.000054539987559, "la1": 64.9999836372058, "dx": 0.5, "dy": 0.25, "nx": 34, "ny": 52, "refTime": "2026-02-07T11:00:00.000Z"}, "data":
[rows 0 to 23 of 52, columns 0 to 33 of 34]
-8.651323075547003,-8.733024973145488,-9.664944685035785,-10.322928492773773,-10.858827828524488,-11.430861291492823,-11.860476580965447,-11.945304825735894,-11.108222938022811,-10.576285908904447,-10.578124542713718,-10.451806940668993,-9.997488106992785,-10.141346707574932,-9.9174508027704,-7.830505136616023,-6.547569293437431,-8.241784688552714,-9.679459648942004,-13.801536658015575,-2.9678330229645775,0.060909611547631526,-8.219637357673022,-9.802148207401727,-4.288057832991034,-0.9766969405728406,-2.583420148285002,-6.24965824035729,-1.379674980825056,-1.2229006147267674,-2.7251207595561877,-2.300871871070549,-4.295086079743024,-2.2136802020820494
-6.2929197398683225,-6.633923319384736,-7.59760812268075,-8.474146175902433,-9.513342045980862,-10.44466932360718,-11.257905766576922,-11.640821307377745,-12.117964868849395,-11.561433758950054,-11.395855736411454,-10.775612646763573,-10.216630994796594,-10.3559386785763,-10.19392987884151,-9.722146331415967,-7.082456596653706,-6.828999434177524,-16.763693899196635,-10.158491923124432,-14.921196508597227,-8.990024010637043,-2.3593023717888806,-6.745001224520977,-0.15428410097067125,-2.102416654846919,1.7785463554818326,0.37132726452280196,-5.764150110759279,-4.219800036134535,0.813901700708806,0.6854572897793472,-0.5152473868230317,-6.493805426285249
-4.519626695596104,-4.765182400156202,-4.9137853811798395,-5.385673525344079,-6.371024439492591,-7.73190165308603,-9.420211746480852,-10.848244709713047,-12.044003140560749,-12.283712707846467,-12.205811064149001,-11.742861712893498,-10.181272192687786,-9.6857775726118,-9.680692490635606,-8.641566815729947,-11.103719586380935,-11.304220012262327,-8.961116866489744,-7.31941762257268,-9.74602952253585,-5.627820335081857,-9.891027762823478,-4.713556958678866,-5.760872713944308,-2.5338070283619687,-1.998396150739157,-0.6729182210500042,-5.003965803029091,-6.03393338573755,-3.366866837981112,-0.5941403205842786,-0.4359736043734228,-5.2579662988513425
-3.59690674278186,-3.855925627085226,-3.798788983781437,-4.400609137803181,-4.619447404175129,-5.524747913732355,-6.747415127387897,-8.117555595073979,-9.211948115350646,-11.802416060239894,-12.501997850701647,-12.282014912684723,-11.476429767835896,-10.017187560221707,-7.2713937527043955,-12.068028423827487,-7.923365928016615,-6.5062152021972315,-11.23251869287714,-3.6475058602192725,-13.801421600313606,-8.169039801819848,-9.729742972168912,-3.295096905029014,-0.6803876633908525,-1.4236188507652783,-2.7592010633909085,-2.8847245620630098,-6.787565178923242,-4.666230537607624,-4.254098831126823,-2.8352198986308053,-3.0906385956067557,-3.8820494767149554
-1.4976046996482957,-2.002579237791628,-2.5902953687532206,-2.9623734867966243,-4.01986605227158,-4.114858550164606,-5.116871230467799,-5.779274607364608,-7.110658025100833,-7.919733490845966,-10.45976279286616,-12.913484682738192,-11.670896242952802,-12.088459559934595,-13.070830707910748,-13.194774044789483,-8.002961684356377,-8.133448804562226,-7.595782723201424,-9.923656264792697,-13.124594866428913,-8.792297126426895,-0.33789496461363233,-6.66960577432512,-3.286020044600232,-5.470303915544615,-5.177717257051142,-1.3920817505419494,-6.2365043425075815,-3.5486784418622843,-4.259002194066169,-6.031459297902017,-0.13038025772974438,-0.9787291652197214
-0.23320651562517494,-0.15971474828320847,-0.8994114983615429,-1.1453056465137845,-2.105108749023017,-2.4156429395255428,-3.494082645057772,-4.524865049919029,-5.4223153413174545,-7.166070289819488,-8.669543197245499,-9.996151765427076,-12.983758857492381,-12.756601298010917,-8.645868176130094,-9.095023356610987,-2.4106921447693583,-8.408782141387361,-14.949876194097106,-14.374903873108497,-5.540640576741924,-7.859399003610419,-3.8211768862014996,-4.451904154476003,-4.634588591189938,-4.676961895870539,-2.903394963942091,-1.9395175124034743,-2.5223431743608153,-6.8001268344026,-6.391952254640763,-3.2360452504878796,-2.948071548889048,-0.2712702101502413
-0.46560169447522215,0.7307014993496161,0.3941173609822284,-0.16628078810161231,-1.016787406246381,-2.064478823333045,-1.9801944129341384,-1.747146214104861,-4.723294359914461,-5.273753140099019,-4.77828123835777,-8.141122606098028,-10.073688141696476,-10.442139437323743,-11.0624524020484,-5.911054120967676,-4.847992839315638,-13.089571810827943,-12.81115009993207,-8.814399317872773,-6.765262910169409,-4.11542095986481,-4.965249115754416,-4.343606397039744,-7.1221369976776705,-1.5203496474816454,-4.641292447378631,-0.1556496167938219,-0.8711637562069664,-4.848893095708598,-2.361020562587378,-3.1587324386493054,-2.6261137026477295,-1.1201113420383553
-1.485166049244856,0.3386300304848647,1.0629570189746824,0.5247043198821614,0.07724852634428259,-0.1554597662991495,-0.9553177414294207,-0.876706987708969,-1.2053336500532192,-5.234351330476865,-2.56495044747648,-2.896755804231567,-3.276904049855788,-6.130393856942875,-4.69855980040124,-2.4444696191008615,-1.6334648663080609,-2.7892057215209363,-4.872186989620463,-5.074355350213199,-7.311943077678763,-5.409069421064055,-1.3078647329553106,-1.03968784437866,-1.1332021579374003,-2.471507838564444,-6.00887468833665,-4.530009239797274,-1.0974718804495358,-0.06503249917835022,-4.800376999370653,1.3711391328624836,-3.964685000639747,-5.644174851822566
-2.6581394798081215,-1.9636703048224955,-0.2774425597823638,0.7315635562462175,0.7147986022946262,1.1834937659069267,0.47079040953207624,-0.5436081171457191,-1.1842733030483015,0.07983490703316687,-3.1165153555099585,-6.714887499467845,-6.562591631661235,-9.256018163599608,-4.982363039298621,-7.199779771483867,-9.019164098342436,-2.4775617198263085,-10.950886538383443,-9.196239985142936,-7.291572025056668,-3.8766278187006704,-0.1264114558002086,-0.6944509198008663,-3.8265035592228074,-6.135269176535698,-2.337161842197165,0.9268498076005096,0.9683275083908894,1.8181467552316892,-2.1506378479646164,-2.832861582118866,-4.363377301995695,-5.5973175335329435
-3.873582391171819,-3.520172174419267,-2.9247792973388327,-1.4412424003171451,-0.659971979191264,0.3653878822467852,-0.335724146606448,-0.761242095563433,-2.4100346186474195,-2.2562748301067908,-2.7001749587762074,1.6283197430799563,-7.895969828247194,1.7898638162030285,-6.195263930574406,-5.817976912346932,-1.962453690796619,-7.442539301050222,-10.377305077590718,-6.354635162596155,-5.34905168897486,-3.031147652651332,-2.3488496953086133,-0.6929439294682866,0.8301777455652878,-6.3140955370416165,-3.1677534484294654,-7.429250398829535,-6.605758896633457,-2.5800435048321977,2.3923504401844053,-3.601320419519276,-4.295291820869865,-5.02751867439529
-3.5068725425777507,-3.1834915873234655,-2.2562472701122855,-1.7446208644377825,-1.8207896526944298,-1.5454512567037708,-2.3417274638857744,-1.9083376717801592,-0.24457148194536793,1.2709143461056516,-3.5252626362620694,-4.771705267778674,1.8998346291643013,2.316476613520185,0.7086338530369997,-6.203835919330082,1.0453950798872857,-4.679402594540934,-8.747666447014408,-1.8268269726349045,-3.011629130254898,-1.1933579367846572,-5.610868027728135,0.607875969275122,-5.845592597945694,-0.6982634522167422,2.0244420202475237,-7.378169702364832,0.6348323512241592,-2.4557473254556985,-2.689779587762023,-4.791662464014711,-4.7945643025190545,-5.105399306835017
-2.9822208209259844,-3.039808886373492,-2.316195076431754,-1.042877173749589,-1.6560975659838637,-0.3884750970696372,-0.8883557727712446,-3.5542067033018325,1.1598782113622923,-9.046486922514054,-7.074440173198861,-6.492422573289383,-6.1964612820056875,-1.1644407814054292,-0.8388854091278738,-1.7418410603052927,-4.938761098990696,-5.105325490206619,-3.2624777505566764,-4.72665123122527,-6.61773042997744,-5.53453054962257,0.10477866523890222,-2.114236705686828,0.9357302625526179,-1.8091956516630388,-5.136701107335409,-4.771230501658659,-0.21003735950277588,-0.08225622332415035,-4.980977755970939,-5.633602543060987,-6.853622114403481,-6.520876892592802
-2.7435326107280913,-2.878728987927305,-2.982532795445681,-2.5829863742870485,-1.6318084778344788,-0.9949816104999434,0.5187984227290173,-2.340390535296021,-8.648533998204295,-8.674740369505573,-7.550785067962933,-9.990893342234008,-2.108988457336787,-1.5910713048596692,-2.153415647737408,0.4763252378980807,-2.625923822012767,-0.28664640744506403,-4.430120505932334,-1.0561065463136434,-1.7625666103119897,-2.64888014781671,-3.3013433298213215,-0.17073897553715575,0.3851650313968809,-0.28394374826409885,0.22180682719798292,-5.661459337189647,-0.6604376694076426,-0.23273054945164498,-4.519209117990311,-5.498552099897443,-5.955453499702079,-6.337594796075829
-3.0001205849314996,-2.83807773888092,-2.94142039475114,-3.304471802162144,-1.7966055054343635,-4.096373040257592,-3.351575916943999,2.603715824055071,-11.152292829287118,-2.9864926048090488,-5.410431686112209,0.009006071994006989,-4.48631823102428,-2.8456232128255383,-0.4039655634395454,-1.1896630087354587,-1.643442739578997,-3.6945348670192044,-1.5636688518812796,-4.956453349447808,3.523870819641979,-6.878189823255724,-3.1401270117091955,-2.9323191600659864,0.9166491581750159,-2.4593420583696406,0.9920568561181833,-0.5842771102453259,-0.13224930801934898,-0.3031621199228943,-5.017945463371818,-5.562208985662233,-5.6138369362155975,-5.240408492290848
-3.483321593222295,-3.0566200127878655,-3.2209044000667664,-3.5751490904052643,-3.780915181068046,-8.580950959874748,1.1554116562311278,-9.389020779884085,-1.9310635835909302,-3.0196195905842624,-1.0662796763928166,-1.8618782884711904,0.3808162273585868,-0.5538493884246398,-1.4615634494279515,-1.4065513793206312,0.21614772274280508,-2.3995814314761645,-1.1215428470518274,-2.309444330612519,-0.3088304921214416,-0.5399551731060918,-5.529138250542411,-1.266989004764011,0.5377081842377291,-2.0000889743716583,-1.8641147233834314,-0.09614450056050794,0.2835543700043243,-0.04196664702722988,-4.5520397470476155,-4.849046762583349,-5.375851591490597,-5.307725737146426
-3.8486324643709375,-3.1378748643192895,-2.7867176817473323,-3.458112822505143,-3.5246902143337917,-5.892400776559661,-9.31159916468816,2.399093916852182,-2.5598274406643764,-5.743097395982722,-9.15667241522969,-6.587253142401773,-1.6965419630604712,-1.765588591179265,-0.5126312463806137,-2.718040279088158,-2.060344597494301,-0.6745400372631056,-3.8363405655838205,-2.935385237759852,-1.4481086974109552,-0.6325598397756096,1.147166453744103,-0.03185378364079813,-0.8659848728279024,-0.8430317352111201,-2.587599098660667,2.846997009647464,1.8987143562984368,1.5488251133390214,-3.176466127060171,-3.3419797466846397,-3.3673817645718422,-4.2044749137218025
-4.237682642374963,-4.199542279613331,-3.8576170938881305,-2.804766346469147,-3.6235890199166723,-5.654731502325222,-10.134026590902538,-8.945362019414043,-0.69579709881004,-10.163712409927726,-8.940843329965883,-3.8592782825944862,-0.5543030936326895,0.685870540106687,0.6209771700458344,1.0971042539523421,-3.767407313167933,-0.38542048841498616,-2.8622707304801827,-1.2038494212412258,-5.506434779722452,-1.5604111517881296,-2.171153611501726,-0.06304967608559033,-2.0687357893690197,-1.0807327549077568,-2.771288742603002,-0.9740276889298923,0.9845989158649664,1.540218657712498,-1.8676002633728301,-2.5857873248561862,-2.4347425701746475,-2.2241193455223818
-5.093111408794435,-4.142138715560363,-3.929768477874213,-4.729762130643148,-2.2933510123980523,-3.082142805617321,-9.461951143145296,1.6916348004158568,-10.636879383492511,-7.18353285958453,0.15459597431950925,-4.689389316073304,-1.1621510632950576,-1.9960563709046715,-2.851160343300052,-2.5368170381195845,0.8155240861844631,-1.918243343563122,-4.531671635813165,-3.570731411665815,-7.188618157834225,0.17062130665392078,-1.2784456562597075,-2.2114657012701264,0.36262443564922736,-1.7608389256302912,-2.4952530556230434,-0.484306312861387,0.14223111449240655,2.760284862309758,-1.3187652206555245,-1.692058785353709,-1.9917856509662,-1.7236199093618783
-5.612364495181858,-5.064020587273163,-4.093139259742007,-3.6604826201408196,-6.3471887566678795,-3.6288585545258565,-7.3837496638677935,-5.307871297163734,-13.22215170144714,-9.169248012550657,-7.088052793521842,-1.6498542400711171,-2.9100243371691925,-3.6803211006485603,3.29195549181176,-5.485948923648352,-1.3368928936314122,-2.2789753171218816,1.2891497336999291,-3.441743217137891,-1.6724287684549057,-6.493503828908421,-2.069806743825063,-1.9978879415208008,-1.800931553840762,-0.8696985666815801,-2.561529057825778,-1.12915732807695,-1.070975563934384,0.19581162214293651,-1.3392955982156074,-2.153611607827111,-2.1133512638583865,-1.9834875150907294
-6.657922987946794,-5.159698804424568,-3.377517212850598,-1.469341264914889,-2.133356672603247,-3.1987361480026384,-0.9729118577818157,-4.5853473157072635,-11.702652325261223,-8.788053204318048,-5.799086999734963,-7.236381399775099,0.3549577424425119,-4.428320559850059,-1.889132584125658,-6.663863615006042,-1.7865268611930507,-2.8328288065771248,0.2537778532719776,-3.3868329678825493,-1.5653991829672549,-3.7585876339739674,-5.591508186454428,-1.5986399952418178,-1.8018784491897295,-1.7528718269510912,-0.4778370929140101,-2.693951979763977,-1.423950034073893,-1.4465621910741477,-2.5465787149254426,-2.842589196588735,-3.362986067612812,-2.8274033771641403
-7.0298941250461136,-5.649635290025438,-3.4905138213486397,-2.830585016079874,-4.006293453894358,-4.451761917805324,-8.150526142234227,-1.5976328731906146,-13.31805686158832,-5.1511673214919975,-10.541969002390728,-6.593087687839903,-4.843212073397817,-1.4028008361135673,-2.404294011271839,-4.06259201860709,-2.7147634973060386,-1.9986822460679763,-3.274081159536077,-5.235310960011378,-2.152775510566108,-2.7033475312418966,-5.272119892399263,-3.8822213861383323,-3.321798368093814,-2.4073972692504246,-2.971102230711843,-2.3778572089357923,-1.7900729178507553,-2.4444058626747296,-2.5813071253092708,-3.381824362315721,-4.352123706394296,-4.469424679235784
-7.229096754577829,-7.028168416660535,-5.347204149519843,-1.8193405853079345,-1.0537652015480425,-2.729855409139183,-12.84253164742495,-13.399453907500453,-17.612356805478314,-1.5135238222562701,-1.3732475971932971,-5.140018982718642,1.082092771051561,0.7822883366520574,1.7115858442688057,-1.8048848857720692,-4.634114261842433,-4.4083639901412015,-2.9934422025989003,-3.1164965879617794,-3.1005072335369848,-3.5083286820930026,-4.690764684380596,-3.1372769241972893,-3.290448200676886,-3.991411123154202,-3.1002528797080875,-2.8086803050023077,-4.565729415735418,-4.341521365638635,-3.5780571042753473,-3.929018944318395,-4.014593617969898,-5.7035009399912076
-8.12840004478939,-7.321612325847125,-6.207297371406473,-6.149612227102322,-7.877073729475449,-5.972464192279339,-17.47034062468108,-11.763069429550805,-12.188418691095443,-20.590039860565017,-0.6617003067478509,-8.298297717125006,-0.6537817921049358,-4.418456568298863,-2.78718508325322,-2.630001993324674,-6.112205076280389,-4.689264387422162,-4.307530447205812,-4.238418534389959,-4.154224787101073,-4.451506489434626,-5.769803482497593,-5.381874403273904,-3.7890955268024062,-3.8498639568826136,-4.182936377535761,-5.1258997284164005,-4.504050795332231,-4.193561708842308,-3.291658346264933,-3.963783538466087,-5.778346073243504,-6.664309514062953
-9.75848188858293,-7.758806081798809,-6.529460860403966,-5.506436506850328,-3.9021388137925586,-7.510752836557875,-6.295281662929482,-25.733198328183764,-19.91437547282652,-9.2001548633846,-1.261533722533379,-0.9091395925914387,-0.5953306620510274,-3.008702946241231,-4.666415578326291,-3.3227581516792317,-4.480559881088581,-5.872486052617611,-5.605863893317902,-5.9943495129391975,-4.759549894335488,-6.126816493601224,-6.102682084124362,-5.147523721087142,-4.345603478445117,-4.696009525770824,-5.453223179891585,-4.403655804196293,-4.338853748772132,-3.6831209117859185,-4.501673918689961,-3.9118097559764875,-6.877860380462296,-7.380472579815641
