script/wind10m.json
{"header": {"parameterCategory": 2, "parameterNumber": 3, "lo1": 3.000054539987559, "la1": 64.9999836372058, "dx": 0.5, "dy": 0.25, "nx": 34, "ny": 52, "refTime": "2025-01-18T02:00:00.000Z"}, "data":
[rows 0 to 23 of 52, columns 0 to 33 of 34]
-0.6175892385458358,-0.7650851853296248,-0.7084846820900588,-0.709078442305899,-0.8468298188289841,-1.1950287033049116,-1.3935858255305924,-1.412026275487249,-1.5940149205958696,-1.841186222395372,-1.95367721952096,-2.190755841923626,-2.4326909084834307,-2.588285433741262,-2.4546154836777685,-1.713705513967934,-1.1365560049156072,-1.284673637525576,-1.242461798007777,-0.13244536065567114,-3.893224970567243,-1.2296369784043812,-1.8452801868475732,-2.048246789283121,-2.035021147457401,-0.4409200676741795,-1.068369385380044,-1.682941833703927,-1.4817803766959863,-2.0781267307783104,-2.78093520482592,-2.738144616609463,-2.372352432949626,-2.185466200559309
0.31119710961825053,0.04490360542434484,-0.10884655008958813,-0.1696634887722952,-0.34012385325411015,-0.7310569948499219,-1.01638068291461,-1.1453324379839172,-1.4259929791190893,-1.801800851047104,-1.9651392582020142,-1.9673879420093625,-2.1432472639887963,-2.1627310622078157,-2.0713793835015997,-1.5208492553113595,-1.4672185508806443,-1.8022772279608907,-1.1656558994009345,-2.245316790441066,1.1246635966132899,0.9567779478813859,-0.32506048384136466,-2.7509659659377905,-1.9359324578503296,-2.1702571949844933,-0.9525046807678507,-1.887035797913165,-1.6081474095902355,-2.1373778572585187,-2.6010767849451377,-2.885072393469855,-3.052796131169077,-2.404220069931287
-0.08976475017921608,-0.15898693266092315,-0.11752646143553498,-0.3264053272535909,-0.7127969662731973,-0.771123632857449,-0.9899235685377991,-1.2257843086012121,-1.3271343367740085,-1.5656833856007877,-1.8489540777534477,-2.0442063989421273,-1.9475844880039825,-1.544401158637842,-1.3741083302458938,-1.077421484763342,-0.8788620299052187,-0.6909918377292307,1.375914658395751,0.6740191146635384,1.3661985973107447,-0.20120708233074883,-0.9304852419276489,-3.028195802120102,-1.6409610284185487,-2.049430938547638,-1.8561994620344564,-2.0071029264835585,-2.5776198998025963,-2.4790111101161867,-2.8046901712498604,-2.9454480162635868,-2.895181106255005,-2.8409974847992743
-0.033263476506441854,-0.3375282545814598,-0.2836183121447294,-0.5337587352977127,-0.8107301273361646,-1.1656200544274933,-1.139128648968112,-1.17169537100655,-1.2734753871871474,-1.566639770685035,-1.9935274408329149,-2.392864421857886,-2.567413004410025,-2.045990963051482,-1.8201810075219431,-2.1511217996324357,-1.9635259975459562,0.4838234715186544,0.9475908503816971,1.7222856565484896,0.4427422181571742,-2.9109097408874716,-3.266280050487526,-1.2564526651365768,-2.241179882625468,-2.6638587106459855,-2.3594492235979816,-2.3734716630296706,-2.8485702102113875,-3.285653062086851,-3.140625182426883,-2.4359109472506244,-2.5463352114940045,-3.176504850422185
1.2384403230527696,0.7903935805063073,0.34612887381642593,-0.11971790661144603,-0.5342938429249234,-0.6827711273764345,-0.7919813475872199,-0.8403519111209483,-1.2436810479000837,-1.706955021750381,-2.0427059847876987,-2.141278852876922,-2.3390878996091424,-2.7335847127406114,-1.8226514272095862,-1.154912168340201,-0.1623618765884146,1.4054656244315284,0.8553387649910388,-1.3825280573708683,-0.6269959743372564,-4.071030159523556,-2.2369534969293308,-2.661558655373973,-3.119729905318807,-1.7378772409025582,-2.9855322845138694,-3.2593973461513084,-4.027192162904496,-3.4005835716851216,-3.310612475217019,-3.070950894127941,-3.1032012434163785,-3.6303885962712505
1.7469785548134145,1.5192155293348346,0.6030120772372359,0.0455800633544709,-0.34242083829904413,-0.7068022074974785,-0.70598857915408,-0.5950725397963796,-0.7517532884191872,-1.0664203675876467,-1.197775304762697,-1.091982194765428,-0.9811962762179635,-1.5565430848169994,-0.6838928853290491,-0.6958106305449059,1.52425099852129,0.6575692152564867,-1.3470554164171793,-2.301461764579283,-1.6207417997767664,-2.8860311686623903,-1.775873119991387,-2.6112298548269326,-2.477215274816623,-3.632735167177612,-3.1691568042473537,-3.2664734490479628,-3.1932270801630294,-3.9892532446472817,-3.5215690574061456,-4.247891004738415,-3.4833759316694604,-3.5589208918592306
1.278389906728334,1.5190523520404968,1.475536572053861,0.591061975508742,-0.46832856626765135,-0.6833551413244976,-0.9496049902291155,-1.0078085478827075,-0.7860928591839155,-0.6147453451473062,-0.21934466055367433,0.16383523547316403,0.33816963766397523,-0.9921593539828805,-1.6164845519595743,-0.3039416265700429,0.1066683202548136,0.5743956531312572,-1.169627421776349,-2.214568988614876,-1.2486594943366822,-2.604513470675449,-3.6613076122602313,-2.225318198091376,-2.718643838805176,-3.2728479052225574,-3.842246137065357,-4.569871903217951,-3.5889118258657855,-3.918962503007745,-4.059754834690894,-4.083092590037714,-3.8801221509543393,-7.540546604974278
3.2352703272947827,2.7384274157718194,1.6175825826226236,0.6101596339051114,0.20508178477771122,-0.03216811090837255,-0.11788244723591895,-0.09335285042730497,0.3756103109378695,0.5260482239380312,1.1890178605931154,-0.3738277166797646,1.1829988613869054,0.596322372661865,1.351403869398315,1.0809767882863677,1.1648623083957859,-1.126553284758429,-2.121382055346367,-0.9205515284993435,-4.770460265960779,-2.007603202964553,-3.276684180645604,-5.748618689133014,-3.5441875966701817,-3.3408594116976307,-3.3252285555152485,-3.26708566072173,-2.9097116249778905,-3.672818087672416,-4.497809804424062,-4.060847370256801,-3.161221126807377,-5.249240704658886
0.5978153580816674,1.4981399331180811,2.1890320873031825,2.044477295223434,1.5058988316085677,0.998838132748834,0.969587108573124,1.113060896094522,1.7414918497573924,1.015147487259554,1.5977151865712755,-1.2756851698309255,1.5058673852569608,-0.845192397552545,-0.6723439053856843,-1.4271686953536518,-2.043660732850647,-1.7961408519129831,-3.469890299885681,-6.521775802956095,-8.401412339075364,-11.242834514658961,-6.674194581918233,-3.421261331924722,-2.402358824400337,-3.3666072270905523,-3.9404318465617068,-2.0654409806955987,-2.8686356049682913,-3.13236277888447,-3.7698831685635703,-4.171091681937998,-5.778785532676817,-5.535751852636572
2.6209541459957544,2.469833844953989,2.002790916840783,1.314604692435905,1.3357437135302193,2.0165068231691934,2.6948714564950484,2.077503546107059,0.877121754785933,1.8840116332241725,1.0501093388182843,0.5343261529595512,-1.921364631520057,0.415104442604035,-1.0043118004304548,-1.3066500740821598,-3.9501068168708917,-8.105456982682687,-4.219644820975879,-6.739232141543143,-7.838759935741759,-2.2451764357331974,-2.4350035421531637,-2.311381863835556,-3.180985918782155,-3.327844035909692,-3.2041942400101235,-4.207409885911661,-3.541612927082077,-2.3073107165369895,-2.67791784915228,-5.12372502208643,-4.508750016113686,-4.7691047044178685
4.7454514940149055,4.303664873861333,3.8740146022720054,3.32177201079687,3.1520313044773913,3.0428186877594325,2.532348561913246,0.27911162608355733,1.435782791160056,-0.8865559567600443,-2.539819925290777,4.206199599117255,2.9537472315637774,-2.6699812715512707,-3.8159661734448833,-5.940379433645282,-0.6316336160668552,-3.6663729996635186,-11.9062361403124,-3.4844808189700163,-5.47491531777824,-3.026337801013855,-4.362209647931523,-1.2965784707762091,-2.362109475705767,-0.7932276956142469,-2.389492071572292,-2.998594348462613,-2.6673290910071805,-2.8242383474763435,-2.2642780355883536,-2.209814610758349,-3.0817924711806626,-3.414796465731164
2.5636791637201233,2.3066928443677703,2.3377081099966173,2.9165861590185833,3.965668743428986,1.6995691743916903,2.117269495658159,-0.4752653468371036,0.998733488138329,4.114263310210669,0.2551277770700606,-3.257952584043385,-1.631344111450295,2.430953743321424,-4.531148596946111,-1.5753278861766014,-5.9446552239912345,-7.388500091026968,-1.428435908905386,-7.686286209338453,-0.6278328534449388,-2.888267948512076,-1.3890928879588185,-2.9786443496918174,-0.029321290534001142,-2.2435244518113593,-2.4606125146056934,-2.802827663655527,-1.9624277421734262,-0.44622418993415836,-1.8463596595987335,-1.1178277012022664,-1.2796214970223903,-1.5197753980288293
3.26140088302378,2.625630415874775,2.2911027820832284,3.98781810671839,1.4941843321656156,1.3293515472204893,1.066579950283465,-1.0794617482040179,1.5639883558235594,0.017942159730234723,-3.5365775079120323,-0.16677734756405455,-2.7826299765443974,-2.224360065902307,-1.368965876429673,0.2691740312526547,-4.694368264462261,-2.8070714775056365,-3.3498686602528904,-4.042388120849465,-4.003306935818555,-2.6652183556486504,-2.2097988748108364,-1.5023947536225968,-0.6451046681290961,-1.1752717782884534,-1.009107562443354,-1.3882015239730545,0.6340864371908442,1.5515927133844283,0.8031426466776349,0.40337456467414035,-2.6395393030604537,-2.501349770395827
4.009364237826149,3.2532153256417295,3.611503740943545,3.5955186630182507,-2.073381044604745,4.854679992569742,2.951435115277188,-1.1113582221162108,0.05094300150630753,3.495463640117471,5.069598387095471,2.712041636916494,-2.9936265268318687,-0.6447589282392922,-0.9350963499893697,0.17799128982335596,-2.1311431612172416,1.3220542387325651,-4.41995627512287,-0.9650403096317033,-1.2405210640191384,-3.314427833085405,-1.2199877204364151,-0.20500703511894955,-1.6228924822845803,-0.8812093999957048,-0.7762372435509464,0.2597012607671354,0.05303530445354245,1.2517542184741448,1.176587425807857,-1.7206381441046485,-2.147248156545821,-1.3135126022597923
4.526913592745491,3.8457321397683972,4.483867396960162,4.769667502193949,0.5646813593323596,-0.2052770575650914,-0.19958649982550633,1.5751892848395384,-2.817647047022901,2.469011628279446,0.5285661020661051,-11.066883772811359,-5.061231582847631,2.25429730816544,0.12144171187594188,1.9072970144814194,0.5162749375481503,-0.09126124130979567,2.040573720745917,-1.574280354680688,1.2441176464712858,-1.1735426768559098,-1.6847546280823258,-2.029108332259616,-0.795261875551693,-0.9819746805542932,0.07789208031163153,-0.006500115505737986,0.14114322794677064,1.1620879930281403,-0.48193991593433055,-0.9251615259313598,-1.7274398262750432,-0.7807309728692441
6.805864509245605,5.084098538719262,4.657758550034369,6.174663670390631,-0.07462069261222219,-0.7563723263623793,-1.580105318392177,0.21627001303568,-1.593511661046403,-1.1446931694525582,-1.2859277037074357,0.157465841350015,-1.140118297617334,-0.6638635505394093,1.2568611793056685,-0.2598984863376801,1.5195800940139612,-0.4903623141388727,-0.29900896471833377,-0.4793982002712225,1.1639144243327817,-0.39541824258975433,-0.7660843128301361,0.1215747660455712,0.7842520366700815,0.5690973506012792,1.194203022299427,-0.4608729089324131,0.003928861652787857,2.592868533202059,0.6520422285708234,-0.9346861601018915,-0.5432487942767176,-0.16793017561362392
5.8949888066788505,5.067035188129787,6.125947899613869,6.879997814497841,2.915296899107033,4.181508558804411,4.429604668052072,3.6771513497801673,-0.7965525494760428,0.9449772517904331,-2.7048675913664044,-1.6888794814668444,1.884800733132401,-0.3920704245572552,-0.5187459687177974,-0.6363115635347091,-0.15553447760986086,-0.24927710846660572,-0.26496133424707,0.6389587909776322,0.5747065025240673,-1.548967914797551,0.029622068144044663,1.3786500361486378,0.23126614441280793,0.8827650576458254,-0.6462907228182054,0.016778745920951025,0.5436010786601282,1.4665107187467041,2.7932013143373413,1.7844989963360558,1.3302806209220401,1.2842681671741631
7.734448789074287,5.605478602518109,7.842374747784353,7.6542345031319,1.8752854214130976,-0.47086042747835266,3.781709853458542,3.229670695828841,2.4735360282852508,-5.010966798005261,-2.9827361900264715,0.5349730047246453,2.524800890483135,2.670772055392035,2.162614752367256,2.0105892400272496,-1.1656941221108563,1.9677679020110517,0.8585232933874786,-0.8722556487494905,-0.5378773047078116,-1.1286505830623996,0.04437736927584901,0.8031757548377512,-0.922454512446831,-0.14358951798431335,0.9165324844296947,1.1923045867971063,0.8316095346595198,2.9020060371123546,2.849022247709117,2.5765222230681375,1.6568309873896976,0.994489006152102
8.395968909718068,7.162259437862731,8.527711128772275,8.855591448695325,3.9834219941130473,2.1973962796482898,3.584010990209889,-0.5263937320994246,-3.560453368619938,-8.004832368660578,0.613275445358579,0.314608884943749,2.387219238084293,2.813613997453244,-1.3490680457688584,-0.6066975389850787,-2.061042599137177,-0.37549336926249705,-0.6626291199701427,0.6747309001282984,-0.9830032166472759,-0.6159409743672346,0.09462371548164172,-0.9339949647874621,0.5534189134982485,-0.4192164367197545,-1.0584692424493785,0.8494993797263632,0.9157141950640244,1.019175033793247,1.0642492466071967,1.7168508892533525,1.7941930278689158,1.2937590199510258
8.321228585237707,7.054819403679224,7.770376525662624,8.2428778727657,2.2315748419649455,0.6528082867602579,-1.2788699769100116,3.5480753174634123,4.752917357850731,0.7800685481570101,1.1763016003153217,-1.0792390290826683,-0.9219934393197052,-0.41500727822523825,-0.9931999066743569,1.8664230824091284,-2.271561973957099,-0.09686895813213718,1.1216518968943825,-0.007502242491671967,0.3196751068165754,-0.7495803345275079,0.18627955224328996,0.7297802250427606,0.9885917867923426,-0.0687753564981435,0.6263538457859584,0.4475194344502537,1.1411912413548504,0.6081605452764457,0.6772064552814895,0.6678461077761925,1.1996524432091036,0.09301374153160999
7.7978246378253875,7.193530579093853,9.029526351414699,8.54588181660029,5.443777964279973,1.9460246634806924,0.2356038244526247,-0.17199190846097756,5.314923365922463,2.3824747859008237,3.123630005504713,1.1572015709680765,1.8637903420507367,1.4366721808038352,2.2918434191112715,-1.0640088965286836,0.9191507594731483,-0.018702414111916164,-1.0055680142959917,-0.47911392810965664,-0.33839913054449366,1.2073131049537225,-0.14705776099646908,-0.19997050752348178,1.6390527897455056,0.5124489326880927,1.1859975732982453,1.341837829534832,1.0108365218276016,0.8836126559348556,1.2802819915432742,0.568250544482747,0.37480142040594117,-0.12514129349930211
9.058973460624015,7.679853342830348,8.361681722322665,8.960636740575167,6.698098522787978,-1.53476699912547,-0.705709797369271,-1.7400241376236174,0.7835675914573179,-1.0127585902159248,0.6157652128795027,1.4367385340839418,0.6421864748457285,0.9968943246998682,-0.6413183626488175,0.022501474915536404,-0.20264040479381176,2.2639262483105558,0.45514641523638666,-0.2756402187267429,-0.09088173998472747,1.5826943894033019,0.4402807866008982,0.16451479075826173,-0.5162394812912681,0.21312585630823708,0.7274405683627126,1.2888757335625358,0.9540755025139295,0.8441098208988981,0.10324916659573337,0.06142207493555874,-0.4084736398316828,-0.565735357088948
8.66418331311638,7.5837431030088185,6.041824788696027,8.14871075697204,7.3830459213220125,2.8529386169780566,0.2257946481463054,-0.56537279648679,4.23802192564248,2.238587968618505,2.6292025667494365,-2.760130483955946,-1.8639059809556056,0.3382727899370245,-3.5533060232085987,-0.9901990502792782,1.6138981881694832,2.220088395911603,1.4148741214263845,0.5479057324722738,0.9451677181343691,0.8489107369095629,0.31865344069273616,0.12291806469667536,0.32734592898593073,0.35789591427022766,1.4319890899610161,2.1127587288632763,0.8014497339844631,-0.36394900362293986,-0.33642763473355874,-0.01820647742633587,0.007173167085684564,0.3300907104064327
8.91845477234093,8.699003069370463,7.718892613894069,7.253216443727681,6.658175758721956,2.8149698205303735,0.5279393973592593,1.6173951245214093,2.512040581424455,-2.6153872531872437,0.07649549763124504,0.9474760015269507,0.25088558895571794,-0.9302896524501523,0.29202456861678205,1.0294947972908879,-0.2582690979787048,2.0860683486088414,1.3912580220677684,0.48030049052787527,0.41240443837139507,0.17986614727119885,0.5153308619548256,0.27751695640527163,0.6228941643963339,0.7849371751289804,1.819992852077411,0.37565588973196895,0.5201125137579239,0.6475525228740828,-0.13016929816448644,0.07809305419179996,1.0688920784482607,0.48812530064500814
