script/wind100m.json
{"header": {"parameterCategory": 2, "parameterNumber": 2, "lo1": 6.000198445256149, "la1": 58.999992894266676, "dx": 0.5, "dy": 0.25, "nx": 22, "ny": 24, "refTime": "2024-02-15T05:00:00.000Z"}, "data":
[rows 0 to 23 of 24, columns 0 to 21 of 22]
-11.724199422492516,-3.947883969452667,1.4050164708049555,8.31462293782232,10.258570249245341,-4.753622715538704,-8.15314970011283,-2.3396545159515543,4.259710179158996,-4.910548357618282,-4.232332544080694,1.0359952630315281,-2.7384948490848355,4.184466805792596,-3.048186090651694,-4.703923640737944,-3.857742602373363,0.8550859976528665,3.8298481267797806,2.0747694350725907,4.7458772099974444,4.794695925669688
-10.18953968961482,-6.8695973321277615,-1.9457546626625204,5.850718271874349,5.600834856827028,8.643631023072167,10.459837666887124,4.415862783533249,-1.654019376040443,-8.978821701024465,5.0371265284996705,-5.560029324833511,-4.646437794078512,2.614105608909209,-6.190842085508567,2.0099828342513093,4.982506728402607,2.6879643900112375,-9.244331967911036,-1.7347800982976647,-11.652611324258727,-1.7544312899554835
-2.2869854797749247,-2.7772978595680655,5.133532550620723,4.054957517637528,5.160237638273534,-11.113937408681126,3.320544729444766,-4.660510433807609,1.9721442842593688,4.847594328635004,-5.418678332745823,-9.351066228110472,6.839943669111467,-4.463019802423348,-4.14439333131744,-3.3357844003725616,6.814725011156047,-2.4279390508864775,-0.7757038073931309,-1.817386967130591,1.2578248454606504,6.6316553971430965
-8.756023480575887,-6.056548518148588,-4.636462790272634,2.2665554295358854,-4.388770418962845,-8.448584491224183,0.9679677597817871,-9.218089395782068,-7.03984164066006,-10.94743237812401,-12.496118730232208,4.943548469116639,8.268498672349386,-7.50851207174284,2.6966100528128836,-3.898023250830135,4.98056189259922,-3.5914184805671203,-5.694389126444553,3.42054609520527,3.5344008683071597,-5.307118599353772
-5.672616676642479,-8.122885899680568,-4.725804215227893,-4.01316062113962,-9.366218398965984,-5.089072924160042,-3.6179227690040077,3.5930463656407983,5.25387055218489,4.701034565567336,7.2417827976185505,-1.6196083817045572,-5.3034637970057386,-6.974065659003385,4.050572206477502,0.6025811970258586,4.859583102665885,-5.593513792115981,3.6912527133846895,-5.061651134842139,-0.24422902594992846,2.8301559277409596
-6.689235411073413,3.146694165051741,4.884331512084605,-10.50830689620995,-5.397838933378616,9.066646809378684,2.5171433483605368,-5.656623512119968,-3.067679302711736,-7.447795442331352,-6.702314734232615,-2.970589769639881,-5.239383736731655,4.913790162451713,4.198920352885882,-5.488412303802886,-3.2320944326021013,-3.5634778886823626,-12.379761949526708,-7.235809751226979,5.539033023465531,-5.611075338331242
-4.483122292422065,-4.741582811637909,-5.003454058374423,-8.998062381576647,5.348026106697045,-6.7810027091664935,-7.551985097892861,9.970542829465893,3.9118625806585245,2.1314303556290564,-10.875322183657245,3.576340862363841,3.4463274961743062,4.998650114504677,-0.7141766760453706,-7.191653851877485,-3.3931992694905446,4.42371729140675,-8.347671395386088,6.2297531697267035,-14.976558661922518,6.8904093234822295
-5.395022251943047,-6.451017123522106,-0.8652969818247674,-5.630339638185207,3.704616995624989,-2.7427456036826645,8.137370406093684,1.8662566691269789,-6.235322754967102,-4.245814592671789,-4.419741089811479,5.576489449904933,3.924787245297316,0.36363057862722914,-2.2046485542023553,-3.3465499871258286,-6.411564208352578,5.022843245250119,9.211830316090778,-7.219691358083182,6.569933406896092,1.5195024231070964
-6.516790067975032,-5.243288284432581,-1.6698340207596079,0.9369708225541923,-0.5179254312436177,-0.18582949159314474,2.5861479230573154,-2.335546865741174,5.470860871554122,-10.766583273624297,-10.853908408830428,-1.5095916776821985,-5.466791318957391,1.5875296280618252,-4.516637642898122,-3.470234344569169,-5.8338357796823495,4.086615352190513,2.116693933824609,-6.636548763115848,4.504783831229683,4.859426958178397
-3.1282807657514904,8.02393853986898,6.8791545294563665,-6.288716128794416,-7.667065304370414,6.2394808628760146,-3.5837250279836335,6.190742316274761,-6.257569085657389,9.056252083718013,4.195103778183761,-7.174416238467425,-2.594973356287719,-6.083043318847627,-1.6227354030068202,1.9614336919105746,-6.965391715835913,-1.3378933562532915,5.11019252055922,-1.136833543178838,-6.428548063927379,5.614570800169778
-10.315454062382324,4.122129858266514,2.287583331419596,0.3315718512537723,-4.194042964811664,-6.134683507559108,7.247682079205358,-6.237481698417099,5.154688026234572,-10.994188183728966,-4.415983956681408,3.313219940340642,-3.7138585071447245,-5.759938335258597,-3.9748334494569884,-5.264854034722862,2.6244864368873317,-5.963948324350557,-6.0820366062726725,2.718916823284543,-1.375535912176087,-5.182975164350022
-6.183613833379339,-4.3380722355788075,4.0521459677544955,8.13871575357352,7.173135722716912,-7.351302360743165,4.551904693275658,2.1169113710831513,-5.36373295349134,-1.6912748964872797,-2.2840484777225396,-5.090406092991736,4.8071670365531745,-7.317578374475079,-3.9107467029861813,-4.440584606668902,-5.497015754379481,-6.027614245515255,-2.489072455346628,-5.595174338585507,-4.088167268740035,6.17514464311996
-5.956836393821324,8.618921962966034,9.316858433155758,3.427617534983782,5.635765267033996,-0.9513625638685053,-1.7606408362299972,3.601857564699449,-0.3595173976312668,-3.853860476762666,4.279209751576549,-7.304326255041289,5.891673707525911,4.898973519889077,-3.5367298383521155,-1.3921912673583998,2.5440419205061198,8.298455248602906,-3.4072857325837624,2.362595702007211,6.587260262194511,-3.3501263331513047
-5.766344139763857,-1.3787929229566989,1.5535733433661265,4.749338001946837,3.248637953770246,5.503710555096366,9.922396854254554,-5.320224308974521,-4.854422858033159,8.274379877807586,-4.703326736951457,4.627095390308954,-8.743104660406871,2.511695060419438,-5.689222446085896,-0.4750158220382618,0.4841800646271268,7.459849894672158,5.038150196988913,4.526685704646314,5.988184027448449,4.7954222437439995
-3.0872001956927364,-4.595916135775496,8.265375983790294,-6.078057036278876,-2.71557970097866,-9.525576451676436,3.3230579211934765,3.6475280786973188,8.530502188914376,-6.681172290179315,-2.640670416129368,3.2163778535466445,-4.240349047760984,6.538473911838955,-5.434756188160352,-6.367083812937547,3.5521452419518478,-8.479599251127476,-0.266636218596586,-1.5433018308462363,-0.7299599148992828,2.007221712623082
-4.044605509163061,3.92756548791901,4.526504805055709,-4.087667971363266,-7.424085117688609,-4.6154587669090406,-4.845115956451616,-2.3235373928414127,-2.2036661058007967,4.8250990277122945,8.788774211211653,-5.9126121340129805,2.701069413069906,-1.06086598698263,-4.350575216401323,5.308478051234558,5.167239838920611,-5.874413721831544,1.7974539811859531,-4.057230958955612,5.6012382602569994,6.186311217619396
-5.258646486420305,8.219103072744325,4.768823073912802,-0.8645896483339689,1.4194616415010501,4.510511007387506,4.264159455245858,4.783810797992567,8.917911467515617,-3.6343531761963446,-2.8130785671300553,-7.460414710375714,7.16663898911165,7.482463860963724,-11.08646769978188,-5.274566578127961,-9.532212164487296,-7.378357839099934,7.770921762525627,2.291887017830181,-1.7377844576557473,2.3090935365628535
-9.950257960923603,3.041285276248541,3.6856961348719484,8.4131828645612,5.127477849477239,-6.64925528187559,4.94071411912874,-4.679931066770586,-1.2268876249121459,-1.2120705015450215,5.166206641857422,4.162649802408276,1.4054034822736003,-6.482316626425424,-10.271836235567845,0.6762174652410728,2.8107452632461816,-4.671347712088373,4.153332613276346,-8.812690049230802,0.8885732612204775,5.915448534294482
-14.391481552899224,9.216242386435773,-10.685493929494726,5.192229269307815,-7.056666758140755,-7.4424421838893275,-3.7071111696291004,11.06493842868876,2.3746590870009,4.017882583655517,-5.604924024178492,0.21530419208074492,-3.6117448086081327,-3.3064026525445214,5.042072502549479,3.2134253581469854,-1.689529036235118,6.458989824676336,-2.6122581551869284,8.358192825267368,5.167431405317434,-5.280667344958436
-8.295592860836663,0.2501671620686426,-7.043179585349914,7.135812328268144,-5.26005695070003,-3.7008537338758534,4.511418462035343,2.6887333864654432,-9.326395959253105,-9.60587474506576,-9.70791830027898,-5.487655767605347,-2.3985094272844103,-0.6883898558292963,3.196725294681839,-3.3739801213993683,-6.825288655899834,2.6139427831188105,3.4259053575294955,3.0668321539958767,-9.192843863088505,-4.549742732450801
-2.345642383358286,-2.5433929926822856,-8.874423368512774,3.8752453108591514,-4.09553154162342,-3.7247925185301387,3.2518483521026953,-3.785029447365159,4.87729057477567,2.538047879720253,3.9783018035160227,2.7186404474755164,4.912588413964834,4.117267896971387,11.132078085851212,0.5724635790521875,-1.0727511869081523,-5.384445958121027,9.554228771369543,-3.5975339862869644,7.975995242764561,-4.495244482037929
-3.59468477905342,2.644867337635283,-9.787068392837883,2.6465689025820116,5.123199619252699,-4.990098043738573,-6.983211146324927,6.935177955580543,-2.1870590012561655,-2.6685831560494258,3.2582974531526414,4.076811735203094,3.882393403021478,4.858978915535152,1.5037882508467544,5.004963102995574,-1.7426115102097373,-1.324869926315139,5.69412572862728,-4.6899809453852335,3.291603998662862,8.223233309722582
-5.39664215089161,-3.828934780712407,-2.0535590445197855,-7.521594654099539,1.5488367887453323,-4.887018916125832,4.577108627728367,-2.672688265940422,5.389616232454783,3.746984700276074,-6.343184526482393,-6.614591685152566,-1.865905303627839,3.603133717820196,3.935022340987182,6.541538699146891,7.87787394507251,-6.580407771196069,-1.3012593822040681,3.1577293290353725,-1.0433501787652046,-3.506361828397888
-12.82267026113583,-2.3588574862959515,-2.7568747757476775,-6.844108716967463,-2.3709337309179337,-1.486401081656925,-5.249748803415383,3.0332163205724005,-5.236021747756103,-3.6995241513691197,-5.290583681758785,-3.4048126011260416,-3.383459905032239,-1.69421435302707,5.24231564819815,4.5984485109390025,10.886283447284438,-3.025554695808787,3.6084102371210625,-11.01650243883013,4.894033141038555,5.005487441715465
