script/wind10m.json
{"header": {"parameterCategory": 2, "parameterNumber": 3, "lo1": 6.000027932988019, "la1": 58.9999434238085, "dx": 0.5, "dy": 0.25, "nx": 22, "ny": 24, "refTime": "2024-10-22T14:00:00.000Z"}, "data":
[rows 0 to 23 of 24, columns 0 to 21 of 22]
2.157786258137021,0.3168788138528691,3.3295152609273737,2.006217269123899,1.2234799595234813,1.5665634350097144,1.7270254877938755,1.5736190710189433,3.8439017293381745,8.631371671460874,8.393333639891525,3.4755764172875954,2.6183695370242015,2.4449898700358874,6.475482926167848,6.953295784296988,3.4445185055887446,2.068401765364821,1.7377520616693072,1.484962380427802,1.8755007182817005,2.0316754641791057
2.0910298026621423,2.367151498873449,1.7027560481914596,1.3502939236063856,1.7286026497523181,1.5537070291387538,1.7060333880887313,4.938014638790312,7.168983671891984,7.881251713229949,8.22279285938051,3.2949861382055823,2.7213676794680755,2.606658003288925,6.77458769204866,6.783879012684085,2.570810762841579,2.0438639715508375,1.5080179356245134,1.959625168664369,1.7060030505929265,2.0874336121256127
1.2819203522048257,1.118786760765507,1.3109084265905397,1.1473305516365107,1.7775997906943153,1.512593665801775,3.7065627316328413,7.591623377457681,7.075236111397217,7.549452424106523,6.811474279935712,2.927432648560383,2.1826781810019114,3.454837259092564,2.9108897769528657,3.387577285271464,2.726659701542974,2.736485723478697,3.428466999769651,1.9616838680272668,2.1304606859731154,1.751996624219976
1.3126137808327385,1.221010575202633,0.6894345575068372,0.8729103446671194,0.9892762715849672,3.988924365461645,6.091159583912135,5.378979350422527,5.352731781697514,4.326628559193859,5.445406893265368,3.2292935922893347,1.9867724467941563,1.8864316701762467,3.311286504433663,2.7301210759771686,2.3470367041979108,5.324176072918967,1.9496605261626159,1.5097931469634371,1.1491527375922734,0.9983319194880744
2.015539435769272,1.6663918721084168,0.8476679296746557,0.8315196040346499,3.1298414878838474,3.6699809318787513,3.5319822875477027,4.973750373393747,4.607696907861527,5.329143621037172,4.272849603627041,2.9109103792201556,1.4553662368948577,2.3710517153846133,2.6670720598887057,1.9188422041755158,1.1977424737517306,1.741657517434387,1.1815444556479333,0.6907209851504267,0.5896128831162569,1.102839205680898
2.0577068561302747,1.4808404005399871,1.6721370922098855,2.0831961581404332,3.028419021643306,3.683725438543697,4.736082274877065,4.049767637656576,3.468594310800059,4.049579056073502,3.073329331784082,4.5731409757676795,3.6434891403841942,1.86453886636431,1.5379205254699901,1.5900940064207232,1.4557603373593444,1.4599832814495652,0.6925399825137123,0.7889017159432806,1.0018025083840503,0.9391507713260393
1.506037319109364,2.023261016274343,1.9968827135220737,2.3208426463699166,3.091956033030459,2.700525866982457,3.7148085004062366,4.508845655016733,3.4261250138565753,3.6771206241488494,4.935810843210642,4.823409783828812,2.7360582468378105,2.0109811275564806,1.5299612185172464,1.3189045752296031,1.1329570777882272,0.7292270371764888,0.47161428159251617,0.888475880340505,1.076839047729349,0.4835487153378357
1.2725945617587293,2.0144444887252453,2.5958244097463554,2.7516799107063545,2.2679547485293514,3.3369452299573474,5.326425998539733,3.235028933644832,3.142596109553122,2.544678950968991,2.391551379460991,3.5025320030875817,5.104002417101869,1.9197203941545806,1.1537661210062582,1.0973302061674366,0.8824730501257592,0.1948614198222635,0.3903531466193785,0.7782977658973883,0.4493873656546772,1.2467107981051055
1.2886632827420799,1.782782950117493,2.2459301054491787,1.594046783936714,3.508853774965622,1.961640121220288,4.072402165705598,3.4470312945431902,2.2931606169054217,2.715425070541991,3.0316488063405056,4.050405124760941,4.722113423052544,1.6200458332087826,0.8530201722302594,0.6651408565503218,1.3536226795502146,0.2546443081503812,0.9642491567622506,0.702471645427447,0.10072864136329,1.0505384603221888
1.028902543343504,1.5102332297358148,2.169040289315517,2.3544173962775368,4.713326348836281,4.072989402645995,3.449663591721845,3.369809964997585,2.047605016392964,2.9301107490733838,3.428264701374908,3.4699197134894857,3.9719426320545397,4.202785202226655,1.1638805883370864,0.9061471414581401,0.8517696111771422,0.43298780713597074,0.7761742489609369,0.3830252669517587,0.0898606023234707,1.8010387882248022
1.3315538950780068,0.945791178491106,1.8655330182214076,2.9456511530070424,4.185917863592547,3.050805372037431,2.690906403226845,2.2866440459181208,2.3408025738811817,2.642062878032499,3.106840989870776,4.636587908760047,5.0017790887526346,4.17650129090036,2.0041532839737553,0.17726309504315943,0.2639037586022642,0.22091297091494774,-0.16432369990331688,-0.017089083402486223,0.23615592658704426,0.13250529850681853
0.44876465149831685,0.6903812392312628,1.111389219117845,3.645382192073434,4.369750146817717,2.5709326369616226,2.9964602401653493,2.634948529884706,2.336212782209214,2.359107510217171,3.469611369819456,5.317334748545026,4.752874340948999,2.5245852859385627,0.7906801933586344,0.6103720633466536,0.031707491658302785,-0.22371656862847536,-0.041418974487420594,-0.26747995718055023,-0.09070205009799634,-0.005728147227270393
0.9264993297704343,1.084140499913581,2.4161862464299073,3.171654605631237,3.800603898670003,3.2498746278483903,1.936528300303842,1.872208181792389,2.1332494633854298,3.35085489626991,3.1562374891828826,4.5865314798234245,1.6195951543719016,0.874842809662866,1.2921528384557146,0.3860303769894459,0.09042022913013054,-0.39182732585048546,-0.4278902860387251,-0.5754937184832821,-0.3717377442602402,-0.6482825693924786
0.7423624949157636,1.6356670931960018,2.6924758141381187,2.9138889212440553,3.8868399587926703,2.285526131608357,2.290867352607179,1.4792669463382322,2.123440885805834,3.3458587279298637,3.4921327517203706,2.290379623803132,1.619510355971555,1.0813722824429761,1.22474709424082,0.1943086776758754,0.1372030477101686,0.5306323962399696,-1.427763387207133,-0.9147847072789675,-2.6916536269800186,-3.313225765731311
1.3842668765645727,3.1159922638007345,2.7658151036108003,3.1710318148970296,2.0765672493837677,2.45668881559102,2.2586630561077183,1.860671339413519,2.030165371810505,2.828643294364816,2.6624516595272616,2.2384997443798405,1.2278333784033852,2.5689378579714455,0.7584766332659817,0.04095036500611186,0.023605211683894983,-0.8284767456232576,-0.8780434837343136,-3.6087556288141402,-4.332116177839887,-4.4504257021038915
2.148061488450501,1.8600086118700707,2.951209559931787,2.5429989203617316,3.3132331735045493,3.4382976811172665,1.95724691725362,1.7314691757840692,1.9886704889034632,2.4191228802718108,1.95890565534478,2.253259269744703,1.836848574071689,3.393926914310382,2.0634013496246495,1.0744124726786979,-0.39657524772769565,-1.0895964351221352,-1.3090176524652533,-4.768400095793003,-5.257429171714385,-5.553909506671505
1.7487946106705201,2.5474904451932816,2.346903494136558,2.7517542684106684,3.556194689657011,3.2424894049183193,2.440927959836209,1.8348721433101947,2.089800208997183,1.9604473720827884,2.7652409806663862,2.686291434175185,1.5544906545559802,0.7349328450595627,1.231498246396495,-0.34130690613529385,-1.3091808953473563,-2.672104982228036,-2.0803966756998777,-5.318632845060016,-5.50630090098255,-3.7454102578303017
1.616238560032262,2.344681295144093,2.2427093808512164,2.9747167527856755,3.4412485306983243,3.31885305883789,1.8249838231891695,2.0420826729121084,2.360982655776423,1.7944607996795452,2.436169524576716,1.9190606467332714,0.7503389277772139,3.310177180031416,2.337385164935593,-0.5166076620709944,-1.232846559279478,-3.5202865153768346,-5.172052802331322,-3.335482903161177,-4.026566177482374,-6.155312158450889
2.55197072092361,2.382772933808766,3.6293055607694718,3.7579775292004722,2.7739454760751,3.369257407709726,2.7987551781367443,1.525749085757112,2.4608311178167135,1.796470468343711,1.89400147675916,1.3002706522145953,1.4160766266630858,1.3327474099483172,0.6693058830453358,-0.019593930447988784,-1.8163105491777851,-4.286302648241219,-5.65327061944666,-4.219102461243833,-5.3650014620263295,-4.266445495697793
2.4057765157659228,3.181212731370358,4.705825447490678,3.9494505793491324,2.924373987917768,2.815990988823444,2.3654556014689283,1.5030206947137188,1.4497082143808382,0.9441111620592081,0.8846642021605923,2.2142462082544396,2.985693425385386,-0.10343369507753133,-0.24288476970119607,-0.622650254545355,-1.124152110588685,-3.6974074532316563,-4.955296974762952,-3.5611967674777176,-1.6911078800618728,-3.1209115240886605
2.6227739508054007,5.45646351036017,5.539256265031444,4.249208152071364,3.209677123022426,3.2501083693604547,2.0059758032170976,1.06248968461756,0.6078205604259751,0.5881866483084767,1.0443595690547371,0.3770575345953946,0.518326976728054,0.1531423920088134,-0.5862594980934118,-0.9488119953585279,-2.096831037771356,-3.4660224715559047,-2.2087294094779764,-2.424078798209157,-1.5030733834006464,-1.5615714332581236
5.851034670442228,5.651847989206511,4.491656792686247,3.153160886923667,2.8972957964650243,1.9817612943309806,1.0122875833346732,1.009205438211341,0.578771583910632,0.7048809531557886,0.47555281332342997,0.5180008367168248,0.704849609844087,-0.6169953882007165,-1.0051798033301584,-1.1759225298876579,-2.3670072839580953,-3.1165309267051637,-2.7871395544530304,-2.165455280327572,-2.751992865452707,-2.475933998057099
5.099497975525001,3.7271454109321263,2.6294478618947617,1.5477418227893212,1.7231575173617029,1.7755273335147168,0.9099547645528219,1.176531954915317,0.6976034955943399,0.8161189689481889,0.5014642417899674,0.49477269836985066,-0.06137933683800792,-0.3109258064428171,-1.3908779663662294,-2.3732111842975154,-1.9656200915583444,-1.375416749550422,-3.0035882317708413,-2.2774789735720904,-2.545422336319844,-1.1651181302247537
2.836575271365425,1.9585356234190694,1.9725970985100292,1.77365873994324,0.9859448491052851,1.518603820545468,1.3915677939815503,1.895122854279038,0.8844015219881938,0.46109676811432165,0.11059704536586998,0.25390140621840385,0.3047891206382839,-0.38868126501235023,-1.089354566375447,-2.2721878439443186,-3.28859469556734,-1.8143770995438093,-3.272133450184654,-2.5569980091774362,-2.21977658706315,-0.31130787390938586
