script/wind150m.json
{"header": {"parameterCategory": 2, "parameterNumber": 3, "lo1": 3.000054539987559, "la1": 64.9999836372058, "dx": 0.5, "dy": 0.25, "nx": 34, "ny": 52, "refTime": "2025-12-13T09:00:00.000Z"}, "data":
[rows 25 to 49 of 52, columns 0 to 33 of 34]
6.18263934701247,5.772581814958833,4.529596546126499,3.4430970972005994,3.2316842275758653,2.808061032595155,2.8691107088590213,1.7661923594258675,0.7684257891764837,0.10025165743954835,-1.577244310701421,-0.2082743658336971,-2.172571090566973,-0.31495452852200667,4.669432481672737,6.673049621293497,7.416820603128173,5.620670164636614,5.467838361229885,6.212585721711634,7.907040305917595,6.570927275767268,6.246722011858069,6.78312654411394,7.231094517781966,5.706843120192823,5.741791909029273,5.712835775487097,9.90423308479155,13.070869930560518,13.825325731657664,13.44363834606368,12.54557164505827,12.921464761228918
6.084275026380873,5.484311228622609,4.045412135126686,3.1783347210760464,1.9325805338618147,1.549263910748939,1.9810556825355636,1.877908888951962,2.0955195752105196,0.7365006551126461,-0.8145307856610038,-3.0762042841976402,-1.4071750367083316,-1.1854492782829695,4.762037057153443,6.484765616126894,8.93189306449054,6.253363582884206,5.8324225929219695,6.316012762030692,7.146622963927805,5.727109109003315,5.956326582551115,8.346665877537285,6.9002413287384,5.615896885002896,5.745485115370793,5.251852105663172,12.114278311626896,13.407886577147,13.235231357437543,13.198878925476345,12.332006367622874,12.207944624100604
5.692934987972472,4.683319978077551,3.762808738449274,2.7338075779916964,2.0498515222985425,1.135181489401729,0.7015906811330489,0.5935750081453285,-0.0357977713954015,-1.0695078665010536,-1.0291063215057614,-0.9483937045124518,-1.7259643978804733,-2.331450455729436,6.763893972472709,7.954669032394129,8.265965211024717,9.114421289387113,7.984338091750985,7.206706182818117,7.806232903169276,5.340147736242801,5.933539634224605,8.041068476200408,6.114456637711861,5.848410541525615,5.1073316854185205,5.016947985587209,12.603777536669037,13.258479168290116,12.711180264648252,12.43875301443338,12.655145712448691,12.273945480952204
5.366681070843134,4.437708823651546,3.309699874096089,2.3567209948230894,2.017048686400965,1.2147040835749157,0.7621421008099943,0.2390060460518187,-0.6613072763110788,0.1697833173906712,-0.7761772077904373,-2.3010384516385756,-2.5360934554550827,-0.5890058393425528,6.778596602780243,7.126224161812017,8.840687164057801,11.533076811904863,8.08502007028164,8.452983553065124,7.683996579606519,7.092175990060519,6.3149658797492565,6.0364811448276905,5.729763467459005,4.9868754495520395,4.902823359378627,4.231884362146868,10.365777364100063,12.625965821310322,12.380750991417633,12.405685095300422,12.30509445310216,12.591808824035189
5.316308439689088,4.191273825134956,3.1546150489710754,2.544157121851499,1.6207576760715026,0.7286428874824128,-0.06224530911729564,0.07035304303273086,-0.27783328553987063,-1.727797957394784,-3.197741302374428,-4.293768883463142,-3.376679128140459,-0.9635575125883076,5.710115143160346,5.599016072615808,8.994743728585036,11.543473767720759,8.18075390852105,7.650664685811188,7.753582205308858,7.4280276652301485,5.357516266872854,5.525103594362281,5.821444324647375,5.359861556753789,4.88113199449053,5.162077677859531,8.4365034298662,11.533654571670274,10.429848368588937,9.096960887082837,13.890281838287988,13.06274000939552
4.587545725595175,3.4356594471668433,3.159027418904515,2.741196243039951,2.0530580980235342,1.7922700231704674,0.3802474339576129,0.652520139897464,-1.4169145403976444,-2.404912224979185,-3.6627920037619432,-4.131230319697075,-3.1762342943788533,-2.5394956669109994,4.108138735431114,4.916995760112743,8.84288971220059,11.791623442126916,8.70111288886735,6.362934451285119,6.240863170816686,5.364721132552086,6.047064706121176,5.802764738451824,5.650907438179126,5.511880982220067,5.012477800541259,5.673417766244883,7.5499827790182845,10.09899227397574,9.275931815527356,9.510453658760058,14.125038032194675,13.796339770018104
4.222241352690938,3.571642380028784,3.7514986647125674,3.2168468894271167,2.3360916842767807,1.405316926183753,-1.0074868682531313,0.12346489630382868,-1.6535900144514881,-2.3755998177097872,-3.4868344835454486,-4.122352231045442,-3.6740375443260667,-1.5166878217594042,3.005872245344611,4.868039048744111,6.119801631416178,10.474901924277818,11.458718731586814,7.004148381441733,5.695861807440547,4.875441285579666,5.4901036464498025,5.319958149720417,5.681310052658839,5.1845933698292646,5.564464309138054,5.2139999791224145,5.471394240239793,7.535248448445376,9.714990986387857,12.20243101474753,14.550149264717463,14.450395027202138
3.956263833142249,3.7709710692257676,4.418076116884837,3.6858376721417687,1.7531561757607863,0.8349946544990137,0.3706217728761574,-1.2132995116715712,-1.9405199584115804,-2.565176472665913,-3.3402707148374913,-3.328847087841576,-3.4784065861106286,-1.4495515156174674,1.9874295544485372,5.542511344826782,8.118518932121901,9.934304090915877,10.451690135085485,7.180259750060104,5.194238575772878,4.948258071343423,5.8918705418633195,5.620593000293098,5.549297062422657,5.577595981689654,5.619631005245311,5.958898302956675,5.730789216976178,5.47072079292103,8.395042525588801,12.910608199790405,14.728762706868785,14.180630109845591
4.396694559233845,3.9504685094271834,4.126445181786557,3.0727743283050355,1.6357059443203834,0.7512649043618227,-0.2576480817987697,-1.7449477318194437,-2.044903730625884,-2.8355512925677906,-3.383700833549107,-3.6962747302476253,-2.8138411647318904,-1.2994964617179443,3.5283921832224396,6.485004306265476,7.287643238636257,8.549576516880528,8.602208934411882,7.946558749668369,5.66734250235669,5.3738607032148,5.200499729156524,4.9181733947499655,5.332342191058705,5.116288511415806,4.411613771916808,6.245709463537088,6.245597517440407,9.062188204618636,6.3339638119118495,6.883834481639135,15.552219694662037,13.891784620433114
4.10949142674766,3.782775241168605,3.5101681671233806,1.6442604048235065,1.6637569938018855,0.8746013202983938,0.5178974401234346,-2.0084933114037065,-1.8306306207021865,-2.6091993104697013,-3.754771503907474,-3.004728397974833,-2.7102068615726713,-0.8529645600967202,4.2975350848092555,6.3191974969124125,5.816785308282111,8.279263047830613,8.668265558672818,8.43360073569063,5.627038706201794,4.75576731027658,5.886914564147232,6.073145687388368,5.422303428993001,4.587146642096053,4.367574875301757,5.2723369134370905,4.792453711961419,7.118159744713383,7.9798853251595645,8.43477866892425,14.127359945521954,13.18295269363627
3.844013205666513,3.3238550773472126,2.253715921343328,0.770201416192093,1.4676960529397498,1.1485790459951828,-0.9377083375597897,-2.007756811549583,-1.7769676678462403,-2.6528193780956935,-4.198766326777152,-3.4090298774632797,-3.38495113217391,0.37071432291130174,4.6366037509386295,5.468735783096722,7.040658079496146,7.888633751351261,8.522908072426738,6.40525157069846,6.257590226697712,5.304999915586723,5.247471113317086,5.15912189450552,4.672707700309465,5.081534226243203,4.746382599075951,6.5529789776429315,5.873140769611929,5.748269066093596,6.637974817417256,6.717679564240331,12.273688647894614,12.46371899203623
3.840272764877903,3.2875704110360244,1.4621979377233765,0.9679673953169061,0.20373541933590136,-0.13087241895927007,-0.8732484137622317,-1.6390450829636385,-2.160354202892379,-2.9781420904760796,-4.7740881850804815,-4.104916873657442,-3.055503923968882,1.867633838227286,4.359865735824505,8.04288718347293,7.412714662066022,7.890498890996668,6.86064825792816,5.328125489741585,7.306600692070796,6.300365529411808,5.021007155121421,6.088042438677676,5.470522066899083,6.394138325782836,6.277078060340422,7.537460378285212,6.292192165268732,4.778988540924547,5.7210578278674085,6.361415441248874,9.00292101092174,11.233383886272614
2.9946983255991975,2.819408441404187,2.270321612531391,1.750972668694118,0.22516406102067024,-1.4439765955496546,-1.015958002543231,-2.141935764694404,-2.4534581728220513,-2.896086882331575,-4.7410109127544775,-4.723745748180627,-3.7995507215684983,1.9220860002216271,5.232573718697692,8.020475250435991,7.560696132587145,6.049893256192844,5.442455831197297,4.891418049436614,6.579021457671074,6.057041900707164,6.031159256542454,7.445612971515242,6.723003910710674,5.590786023691018,6.552286291259697,6.950258280379788,6.8149053801788435,5.103956875657079,6.141228119467859,6.9947646156157655,4.9656911060000395,10.895087329199383
2.511149702756098,2.9207138608425285,3.0614264836390754,2.292154465768003,0.5528365504818495,-1.4551230733390672,-1.1988382013358572,-2.0318555450694187,-2.4355022021486286,-2.8792243361803087,-5.459208801500188,-5.636729150961086,-3.267399921025894,2.746139349702912,6.3100608595213,6.073290991054999,6.798438762993684,5.958097021134421,5.024222949039546,5.718996963438764,4.538634862934457,4.414055756603515,5.7886257791649705,7.720991498191339,6.950084495797242,6.069967330975355,6.96418593850691,6.838874880677581,6.5108022507414365,6.459443858998488,5.345912251531244,6.231000136743103,4.546796920169467,9.439490428634635
2.913519468044718,3.685785907620072,3.670655000628495,1.230534206091615,0.12196627773644,-0.9624004769714624,-0.8582061904602549,-1.6742243110986748,-1.872954994392672,-2.960108273277077,-5.12600922333993,-5.984655514267378,-2.293078754099532,3.148868432375941,6.079705618629254,5.322909687629619,6.648063985595943,6.406813853782304,4.807749182910513,4.754863286688616,4.6473562199845375,4.571835829020557,5.343366304143372,6.741604972606921,6.302951991371486,7.484735174019799,6.669294087090898,7.0329308578838985,7.290071914963518,6.038787680700259,7.472756420446113,5.14301070358726,3.6057143129013873,7.943093501688412
3.357118881649954,3.230130752377587,2.2051942355140217,0.14768503855286175,-0.2883193822667504,0.0675626672446747,-0.8858630657839276,-2.0923532770931588,-2.2672466077002835,-3.6412717253304265,-4.967002757761734,-5.35385848765374,-2.096964234286593,3.802049805980433,4.852195636454187,5.893490156714376,6.167902953222176,5.75176492054854,4.735559180101611,4.0181786679991385,5.174392201681636,4.989163827245648,4.299246486859234,6.537554980970396,7.105052940018758,7.807461876778812,7.123385085785781,7.825396998750528,6.753313589113726,5.107102041389869,5.64176035801487,4.076926070839433,3.067826199984527,7.920272833064798
3.2456984703018894,2.2947750021447066,1.5224752739741674,-0.34730569707987324,-0.29556991334335375,-0.4299144109399071,-1.540361753653162,-1.4722047957786923,-2.4034899265366403,-3.708036621843454,-4.755753277270585,-5.044151837072051,-1.1167019065212762,4.474877883150347,4.677126597086157,6.415438266818505,6.566689285048404,5.681831847650288,4.73887737962882,5.164200165733219,5.55909355549128,4.540297328743214,4.667131876051352,6.769459120939507,8.867897951865618,8.395916464981237,7.827149563354835,7.211813779622281,6.533329512732274,5.630932029825487,5.687306387852029,4.882640135402161,5.158279244267129,2.861494498814535
2.598963193436638,1.955121656470102,-0.3585871160382942,-0.1322773824970354,-0.4338193776076479,-1.1718360329328623,-0.9607279492184564,-1.186789544076143,-2.149769906194918,-3.9328586134169434,-4.253035990842485,-5.274717452769318,2.504137650322063,4.84637391242995,5.557539355268465,6.729551961626774,6.813820837389095,5.2989236671583475,6.573866735069403,6.650633609345663,5.126082537971051,4.344926488376955,5.833513704033407,8.916476390061279,9.735040944176086,8.955470232192745,7.6438315290283,5.992985617362128,4.620376757505204,4.816364598747323,4.8914526561440255,4.237132282874802,5.484789630612477,4.7098709563945995
1.5575940955954413,-0.06844441456158853,0.4859029486635149,-0.082577781719879,-0.39716401078665087,-0.7074177707518808,-0.568908336947052,-1.3639661317013045,-2.780752549550611,-3.114406169756265,-2.7513958015141577,-3.5067860709171748,5.437537930310105,4.735740674973477,4.920777400803782,5.4336123913588406,5.848199299423164,6.405899755551182,6.3544321522134855,4.9664941120521,4.551832777854392,5.05642327363371,5.721537116241883,9.035502875678155,9.276778539522017,8.855745626859745,6.700480552144625,5.363874865899761,3.9108362415841307,4.136946897917515,4.105526088884109,4.297150544085525,4.759508466797952,4.107341956846081
0.6298573635133462,1.1638959215872502,0.7424667141506915,0.3115359821314208,-0.4887823326504517,-0.7996240857791808,-0.6728608992526778,-1.5766572493595763,-2.2942820382521387,-2.0851364421921947,-3.270816038186536,-0.5404988168067891,5.929082312147082,4.880506988318387,5.486788860265241,4.803800537209842,5.692152805317304,6.567727835954033,5.118029297156237,4.515317765852712,4.354179588813216,4.614574854307992,5.743847304108589,8.043960815945047,7.60527051422692,7.216275378167511,5.45633882581023,3.853328520907254,4.388519838793697,3.000276046271063,3.8654974411065988,4.822970686566443,4.06570859488861,3.8745298827657866
1.8903544936459002,1.6716093215154981,1.8489753468407155,0.7758165841029382,0.30113102124098623,0.18386324640972396,-1.1083212326476872,-1.5237779805210456,-1.6636568084364631,-1.4432996675760486,-1.958761958077366,3.784039273066008,5.02235395679663,5.438413384136,4.781987445748123,4.919266865343608,5.493828093355274,4.858381095833621,5.282950633705741,3.8358419567431783,4.115401682492408,3.984577898008336,5.441326383419688,7.021205215432366,6.546314964704122,6.19309243340589,5.688546782876045,4.351098951743226,3.589653517547417,3.3210834011000556,2.754526274137696,4.231317521697878,3.9253593226366914,3.000731427636093
0.6144549742537179,1.9814393197975055,1.5029607833510676,1.4585756924454172,0.7851032285369648,0.4551950787306674,-1.1536357046445171,-1.2732619076119438,-1.1987560358241776,-0.530431968666156,1.812058725338191,3.921481070764813,4.330693326712744,4.981465852516424,3.650647084583343,4.267914513704019,5.091473456735718,4.9301010684604165,4.497571083393112,3.344304653718386,4.259608628310794,4.320566529364395,5.497681700806228,6.918138882379167,6.753508505607666,5.865941240022729,3.800042856885914,3.0459668195842897,3.9960119025842435,4.334987985719342,3.316456150556499,2.542951416701822,1.825989533345326,2.2326218444619412
0.7203481318962669,0.16744753569346368,0.6698724402558073,0.6038957581296137,1.0430043181399646,-0.39773523507739317,-1.5896448220893633,-0.7481135604263118,-0.07198328719901452,0.5852521976229813,2.8382959765054956,4.538710359811924,4.627364131842014,5.468722897129636,4.296870988695522,5.128309355371041,5.09322296682062,5.7853029558705895,4.390080871149797,4.8536756728665935,3.5874904229151467,4.10185631213768,5.953160000278182,6.409140414816791,5.514282692864706,4.2555582462110415,3.3530263842245565,3.9699569672433235,4.492926474930283,4.974856936828474,3.4023452849273954,2.879909593339163,2.585128562285403,1.2917397303245466
-0.4371379487924122,-0.5763638294446412,0.29145840105612825,0.7836265762631912,-0.34602698598917825,-1.1796978727100167,-1.6963706903347398,-0.557848028844289,-1.0620311177460515,3.6215795076522195,3.6126762917039987,4.657158093441321,4.885508803177794,5.355727648461513,3.587504012993371,4.61060037186935,4.992779758082591,6.079712655491275,4.253322964016461,3.7149391961397127,2.145967053511308,5.099705836394886,4.512356978093004,5.173394208315242,4.25361211394559,3.889783913932595,2.9958077955762183,6.123881801609667,3.5756243379032457,3.7089385217045967,3.8819710357666017,1.205580760062431,1.4823440734732118,1.7610496349663902
-0.9911590814887548,0.052703887670583975,1.093387423089092,0.4610327453865652,0.31512586955607125,-1.3086300545238903,-1.5930483382761902,-0.8399543108232687,0.5368104396417189,3.7254957208466957,4.460090737067408,5.201749764623042,4.328952676385987,2.2702617781655032,3.025687595480869,3.3530004543105547,2.570207574994655,3.3162456792727975,2.70869852242325,-0.07043524045107064,2.1915492640850665,6.290802997811718,5.098595443123102,4.533138336822061,3.62262878223395,3.358771683392905,5.019221313399652,3.4702687565289203,4.028579425503288,3.8444926108758932,3.3756011921812146,2.0445206235638014,2.873607119673746,1.7622577714471166
