script/wind10m.json
{"header": {"parameterCategory": 2, "parameterNumber": 2, "lo1": 3.000054539987559, "la1": 64.9999836372058, "dx": 0.5, "dy": 0.25, "nx": 34, "ny": 52, "refTime": "2025-02-21T07:00:00.000Z"}, "data":
[rows 0 to 23 of 52, columns 0 to 33 of 34]
10.778743998240673,9.362607403178641,9.467057103479194,10.295467302183809,9.430639604169052,7.59933525387653,8.473866346355898,8.31973288182989,9.173958478021301,8.82346448727964,9.280269789824672,10.561050920402572,9.007599626745591,11.873149006425,9.702095543591106,5.449948841553208,1.904918348855275,-1.893748232802961,-1.3746582375963508,-0.4721734421276227,-2.01876831786244,-0.3273277970642958,-1.8508825028751614,-0.09419892692040105,-1.4311443897640432,-0.6622062289844735,-0.8937049295048606,0.6418304912012117,0.4906260066189666,-1.5874888809404246,-0.9425915386649613,-1.740963982933409,-0.5945893985723337,0.7021653991418205
10.614501424062546,9.454323823157331,9.363840506120885,9.490400747697427,9.679921258019338,8.434696175021541,9.35029742956697,8.71472357413305,9.537676494948501,8.706716828208465,8.578883392219735,11.56692507633862,10.363089559586138,10.896980871328735,6.679699346848677,5.238738439170675,3.6887922226231242,-0.7452036677262205,1.6330006454519772,4.850233490052899,-1.2946252226624433,-1.213366910699663,0.5331997347035282,-1.0797040066172474,0.8965063405763456,-0.08556700364342006,-0.4077464931992144,-2.4151227586088067,-0.3249598032565874,1.718304236407537,-1.0550519836762093,-1.1428407429218344,-1.2402232367624486,1.1567863427541265
9.580449095235892,9.310058374420516,9.135622574335802,9.411700298988496,9.069243267858623,8.443909896735702,8.402627781755703,8.434338322742104,9.468211805321623,8.857342185892103,11.860256422618898,11.696382183996418,10.999873385328664,10.562527653543855,4.847686067874108,5.552274036944437,4.216373540386967,-0.562284770849928,0.23864953648478537,-1.1597756384834144,3.8137034211627805,0.34728381278669945,-3.0318199870972253,-0.49707540407804773,-0.409407980884539,0.2659263145330048,-1.1205410592370286,0.6002617879322419,-0.6094157641723061,0.9148137013302646,1.0375374721838317,0.48962302000571184,0.14933893869848477,0.8023615788905942
8.112335183817864,8.26215985142642,9.367341534076882,9.582677766989823,8.353574210960497,8.604005767078524,8.245948516204178,8.438951768965133,9.746140425374191,9.938247793141484,10.65954719556351,11.477839699926204,7.681671563277205,5.816502301725148,2.694141634103804,5.329275091028803,-2.133855332918627,0.10403871082398763,0.055403322001177514,-0.5044130600997107,0.06717678274033502,-2.7624778088946855,-2.0992158026536685,1.5269567625632827,-0.9913778967140058,-1.5598953390038364,-0.0895463764702045,0.25383552313120733,-0.13363332719708515,0.4579305948000254,0.1369889991164004,1.1298836906688885,0.5883488207503068,-0.35209098414871526
7.307117301179077,8.017895709567673,9.012523259269011,9.245140120162356,8.880727562821082,9.123994244085157,8.6199404291516,10.295000161199129,11.734389158346856,10.8220031760186,11.300256449702463,10.266408367510234,7.917626524950425,1.0452386267804512,0.5080043105906962,2.429896748911562,0.7949511265638183,-0.6009279199891772,0.43838887831681606,5.2789590250098355,0.004727563145953691,8.478797987456824,-1.2658156392674202,0.6655896728617229,0.9078937053807584,0.6845281190320176,-0.7429824435490414,-0.841769151326271,0.44810240134757384,-0.03656161999902956,-0.6703466288374194,0.31685019201414777,0.6705958114325158,0.017854692588594165
6.945697840563266,6.954186682951429,7.054538846197381,7.733337539109087,8.151203487389294,7.946129532186084,9.045267731494834,10.564388357584928,11.875180362126372,10.674203733717778,9.827262341021749,9.209517702745076,6.516146741324772,-2.9747982363433847,0.17626456779654995,0.09366539351861901,1.5192204560512053,-0.85555878481283,0.6302595104230247,-0.6201356810383756,-1.1062344435424796,-0.6067797958860474,2.469492966687603,0.401578472596053,0.7178387445067199,0.6041871446147612,0.6504480040798782,-0.5701318853286597,-0.2282768042139352,-0.6840354102957076,0.07593856417072029,-0.5798942589797855,-0.28265720718438053,0.3710306271075444
5.74471456050509,5.37831204003385,6.542828915121883,6.728699480243594,7.048863020389959,7.592693928752848,8.956366072947565,10.655650457723532,10.118490691021217,8.524414327600288,8.340975983196284,5.785236062212768,3.7414281213267344,1.336241822488472,-1.8975670945109253,-1.3276765460288127,0.29958550529689143,-0.521470960037093,3.1182949438715233,1.93854987685155,3.0067302610938222,0.13985202720690756,-1.2161348167502588,0.08864139898642268,1.2735590546671334,0.7790507709389942,2.518671666957343,-0.48892367761899314,-0.17723726704130813,0.24518943079335262,-0.6872556042630199,-0.12042371432790921,0.5626602054193999,4.120318895268916
6.475984980302918,4.714752149984284,5.644986696365682,5.6545061078735595,5.993703422424969,7.831452940166948,9.101387107472835,8.289811015305121,6.002712765316323,6.8610164135034895,4.240048266226064,-2.031634449543081,-0.8426901561953448,5.256413751371558,-1.8355807498109,0.43832070926654093,-0.32722888553318763,1.471563634291528,3.819684314668386,3.4577041898065906,-0.1552888417042188,2.456590743897829,-1.4879902994176295,-0.19416638469589786,0.45871230038655414,0.27136121890791753,0.5393604230826148,2.3059011323492493,-0.5979565874258067,-0.4274299021219117,0.8093849486347178,0.11468569229587415,2.811972674105342,5.768623251594283
5.181604094335141,4.461788216767543,3.9237639101232173,5.093298750097064,6.1333808266627186,7.96144643806381,5.917129979647579,4.694928038098769,3.1954308601224355,2.47797745928138,0.3636229333846692,-0.3785637935809801,3.6383861684568535,3.093548838424047,1.4111828440080134,-2.0924731066549795,-5.542551191186635,6.264015102994154,1.4862066324120597,2.9167579802595998,9.540748231829983,3.9106521590698544,3.166012021080187,-0.11032646593126649,0.7653647626350727,0.9710692382005479,1.4328737498599045,0.3288080152793415,0.3643721310644565,-0.24938563778829617,-0.023192500478142312,2.443413609522978,5.684722928331048,5.904629349309168
4.029041849423876,2.3496541559342896,1.936826477334432,3.752009082558614,5.453467139506045,6.973000214577448,4.326085337232614,3.753674311287661,0.11781251782786888,1.8851135107350523,-1.9203197638161995,-0.41578745893075225,7.099539613722048,6.530751098415162,-4.297097217477279,3.144036551229131,4.602404364009291,-3.472248211036835,-0.5814904592152683,0.7822216351066464,6.129905767219893,1.6702706435875008,2.9377259320520848,1.4020418237797256,0.527340062714176,1.692639124372284,1.335553686831988,0.9743142740679585,-0.20245131480739434,0.5721369038230815,1.5142558525945506,4.684634335880511,5.127497098365471,6.221376030771937
2.5450712795592243,1.3419191834242168,0.9078274386012353,2.8115465327012994,4.573888778967499,4.540171732036152,2.0496326926248494,0.9292440336051155,3.829688502707218,0.8162532869529352,4.437712044670127,0.1279867666862466,6.27486606215046,10.329333803668314,9.736980193913803,-4.547809565177434,2.099989211653411,-1.1033520707939,-2.806937559428697,-0.2344330220468756,4.105411744933456,1.1643277113710853,7.619786170488552,-0.831923664144124,1.046504811989817,1.4795278852624543,1.4782797153932694,0.9144156219597082,0.33142996637470423,0.11258064111629792,4.281941818856581,4.687283578146598,5.59376967814062,6.156650411113257
1.3559784140606903,-0.32866311573184237,0.14726349263182764,1.254799481153549,2.731991388020263,1.2276944208449754,-3.1467515229231187,-1.5378611997719223,-0.46380963952684834,1.349143621825666,5.349405778224948,7.550909702904772,3.204425703977269,9.341711825444893,8.165795567226965,-0.861076645197081,-3.2334639772357194,4.034973016092448,-0.5032325870326758,1.2864293023501876,4.118614442147746,3.3633126823002155,-0.9413512565068769,4.069352525801045,0.2910103465508528,-0.6297252712192679,0.6738827757708447,1.8192341704996045,1.787234923335612,0.9579708488453533,4.540809399736446,4.840570950187206,5.204325850409709,5.9069857442419105
-0.45980668832962585,-1.0511765147469616,-0.5206563782085039,-0.661928232684494,0.5335732068680414,-0.27884920915698064,-0.5149749636058774,0.26119781619557514,-1.601631986912116,4.6573673375811255,4.354166839472611,3.5622120171346254,0.5242058249322312,2.485652531665782,-2.987327589064178,5.690376544015199,-1.8755062773909448,0.35775267966467383,1.6667507717793921,-0.5322030571678247,0.6590301880626808,0.9983747228270544,2.8921677489279745,0.8688048335691891,2.2732457204763703,-0.07467126706205167,0.1216386593475836,0.7803419243535058,1.5834679129964777,2.704136839811961,4.766214717719809,4.829288965581679,5.343656936835161,4.8822987055660745
-0.7833699023812082,-1.9210460390741464,-1.756595509412269,-1.7255449622576324,0.044659747845029234,-1.5853068893316904,5.427059670933278,-0.03097881475555353,-3.160137040147782,4.87641043649427,7.274481445819478,6.400884261306154,0.05959575578233098,-0.5515507898672131,0.8677798745647902,1.3267556327871997,-0.17989519107885663,-1.280110476800247,-1.3657848324309696,2.598789860853022,-1.4197865570093424,3.742003721204379,4.024682217139831,4.208820064601176,0.7295190571996404,3.036827986526573,1.805776499688586,2.4994619066585084,0.9060459344969121,2.0098078598701163,4.636637326139022,4.9858542396935475,5.127345577278434,4.650249179794917
-1.5558627311303046,-3.046836933655982,-3.0457744756584386,-2.5848961013705454,-1.6142380185160354,-2.0049181074148286,-0.9524044919956757,-2.0189771699970995,-3.9291744783298816,3.8419597995649113,-3.0730902658212376,7.357380375932361,11.396437066248332,3.2137389831865417,-2.4132607897571767,3.3788013295025707,1.2185842123550388,-0.45555974173534464,1.2492496650099418,-1.308303245801276,-1.3307505357138278,-0.09406663675922046,0.7148030534683381,3.944647294471006,0.7437752724463577,1.7550960426046287,0.4860264985447529,1.751083367285388,0.9552565871400968,3.783322973166298,4.562342564823939,3.889707884469197,4.143874632165411,4.309483169223695
-2.4460681706413996,-3.6177100109229574,-3.3214625295724898,-3.148146846972237,-2.004718503452677,-1.954840549965361,-1.067572212621594,1.8293839878591083,-0.46948660273952675,3.13127006564381,3.5101549696406256,7.234040528465697,-2.4201436556422764,5.718131668773801,0.3046142429953848,1.9517197286192907,8.271458599432448,-1.4740495922486092,0.5361587854042232,0.18628580072157555,6.422438823391224,0.8069122354056474,-0.8111114388100907,0.7363705962835481,0.489151574083067,1.1897647050210662,3.7854763156393503,1.1759872904597992,1.382429072592223,3.5523181714619625,4.006310172808639,3.1475135691428324,3.1824886565406194,3.762329930472086
-2.991024656236182,-4.2156614078033,-3.914529900834037,-3.8809162732462013,-2.7544027045204387,-3.02485866764361,-0.6396719094866512,0.4817885812875613,-1.271052880060381,1.7378459643454578,8.805144726109292,10.222892694273131,1.9411786209661324,0.6338087009466759,1.0970581649081932,-0.24504415589321335,0.48347895316230904,-1.2282347098870996,-0.5473878138083517,0.9302542184044904,2.177850296473921,2.549385313660657,0.7335123299496034,0.03828613078852009,0.5288665867983932,0.7713762310579348,2.598481329993573,2.2775086602707066,1.730339530150637,3.0639998848297374,3.631978446356198,1.8607747396476906,2.5277344628085894,3.413827357624669
-2.9824802638099257,-4.152716402463101,-4.376259649843544,-4.281237191774055,-2.1707378231457914,-2.1354096373052447,-1.9341873824715463,-1.1503830087569953,4.852042900808686,7.725184924683228,-0.25589086656133136,1.671631523309466,-1.303838829263578,1.5273944264358903,0.2329519907467318,1.5952984958917336,-1.8810588448433052,0.23444289571472293,0.4462293870334241,1.091195559100966,0.766692757707001,0.5326860961211507,1.292239335108208,2.4705537545750564,-0.37556324205877983,-0.5070967694803242,1.0421325189592086,1.0514569011003225,1.7605050914110378,3.37963934827757,3.4827398348126444,2.10156267272786,1.8050032346001146,2.850276144794286
-2.845379660084152,-4.629224345492501,-4.697902713846551,-4.81165689981783,-2.8389631971639426,-3.0842432141391907,1.1362128224923196,0.3276775544660721,-2.237701428852313,7.990127473946958,4.645840621782421,2.89155257316337,3.128214717596214,0.07695053600241182,-1.283476062968271,1.033344540589642,-0.3987587593754377,0.3972563720465185,-0.8814628177942674,0.7607964622737222,0.04886796142122055,2.623194073150187,1.8284255196181531,0.7897386900517902,1.2434392217664594,0.6374818447909902,0.45479235327044903,0.9072020730872583,1.3015154973471281,1.533518473956403,2.3457708703859206,2.433231998583072,1.4466104134028297,2.1129666828854785
-2.9233175778506784,-4.947260094018769,-5.052351157709793,-5.0130701456353215,-1.944457323380364,-2.3269990887318013,0.5228120987151214,5.2587757865781875,4.710409130232108,5.083918519667999,6.526634117206913,6.807493407060092,-1.5866908940587483,5.740436609683419,-1.9057979118871218,1.0331303026690948,0.3517962862509979,-1.089280835785451,-0.4153879199109971,0.3731922722084133,0.658770638162183,0.04911362499730825,2.1293240242097338,1.6027318534177264,-0.1403169786880014,0.6508278890449537,0.4712183065184548,0.9499998707916514,1.0188721239387077,0.955404248622351,1.35233558340956,1.4905798784777315,2.020732620174424,0.9661516914550341
-3.4228921331472413,-5.452282688445854,-5.306457506004269,-5.07753635233673,-3.0860393353969955,-2.786446815973701,-3.9623719345663844,0.983733499530009,0.667757659960215,3.316854614654548,-0.9630565635250176,4.30265183481876,1.9591922527179917,0.32276700793398366,0.9916900430461065,-0.09437130322262179,1.428174184616824,-0.08875796673632362,-0.224735769528406,-0.12582946052987262,-0.280150625794635,0.0806134484789507,0.9289186873373176,1.0493459520187707,1.432674840615958,1.3819482244791184,1.0993099036076226,0.5528566104219166,0.6282128487828265,1.143316907937258,1.7229383970988381,1.3857825536685184,3.2439254276047396,3.3653099037077228
-3.2382487980869277,-5.4176597637851085,-5.8072055816631964,-5.2308194475362395,-4.193561033414796,-3.700418099226833,-3.835023126799404,-1.500849984531664,1.2836344905996562,0.4067939394370601,3.6148162393242633,4.883402466361327,1.1452406766778782,1.2910662125925971,-2.068118046318142,-0.08274543660858619,0.3023717722815832,0.7351444594325198,-0.16843537164398814,-1.1213655989003999,0.19798824780824265,-0.5677386949603406,1.1093516032053874,0.7844605324337696,0.39597493356640096,1.2510682453056616,0.6022166737692186,0.14415648003012008,0.7436457405283023,1.2823905057020606,1.3466303495214436,1.9846637183272493,1.827610917996483,3.820942095580895
-3.0864333438797877,-4.472154897306067,-5.888913174570826,-5.268516356890721,-4.832502984419168,-1.8612696656202614,-3.7611064392071705,0.07760059182871806,2.300969354437686,1.1182849083591655,-0.6789111854316756,-1.531368846540647,1.7086837181294456,-0.07180433647914158,1.3847846047943135,-2.076774945298707,0.698848354851366,0.41506641195816246,0.34566848948384343,0.1929848279800204,-0.18582967474757267,0.08771845168547691,0.5192396262082356,0.8520152251808873,0.56392436064928,0.3926735784927808,0.789610727032184,0.37093806628456627,0.7609662007720628,0.6931613534593979,1.522164220921365,2.9750843506612767,4.935368511209074,3.4469669476683062
-3.148288102584421,-3.1589775995311005,-5.2189722830856216,-5.394157173771356,-4.833137571775685,-2.6040945107993867,-2.124775335089301,-7.1973971167710475,-0.20764697354411632,-2.8558998130385413,2.519813575052256,-0.18457801482920383,0.1483684614472538,0.30866547320757093,0.16746885284702895,-0.33920683149879427,0.07780544194240692,0.3777561733034105,0.030086272733852216,0.49295210508096604,0.5609036989501958,2.169203708360051,-0.06983755156182145,0.8671406335963552,0.3656281471607253,0.20139680496176313,0.8254944340066251,0.486910079778749,0.6072962951312503,0.7045517662006393,2.1336158378040584,1.9705256446743822,3.812165922429226,3.3845124357152603
