script/wind10m.json
{"header": {"parameterCategory": 2, "parameterNumber": 3, "lo1": 6.000198445256149, "la1": 58.999992894266676, "dx": 0.5, "dy": 0.25, "nx": 22, "ny": 24, "refTime": "2024-01-27T07:00:00.000Z"}, "data":
[rows 0 to 23 of 24, columns 0 to 21 of 22]
2.6690120424768233,5.0214819793212575,2.8780969869796893,2.348099594071605,3.2228186423648277,0.993291256013909,1.0461601326216534,0.8310006771673502,1.8643247117966653,5.094583284847269,3.3197853155499804,0.9660556589560316,0.6035953033577927,0.07576017579454426,2.000363581029465,3.178791300641903,1.6127834643067718,0.7106462258907165,-0.17425377580088197,-0.3428091614624334,-0.6880339297973582,-1.3883655419071321
3.1907150876389894,1.8119173387970848,2.4766507777405296,2.0011687213400244,2.459144078846029,0.6749480807495036,0.5285961182491453,6.267469058194257,6.25133916005725,5.078616740855648,3.159274476156933,0.6779646046747035,0.9063397866267691,-0.1553381739977839,3.141394886710682,3.315558909680007,0.855687130458697,0.9638654566197653,0.02404988753938422,-0.887039639207579,-0.7427612251935393,-1.6788114022090936
1.4683459385189197,1.212726530839266,1.5251031042563508,1.734640102946252,1.987252744428905,0.32431213753449717,3.5475488426913486,5.824912837308743,5.422616858912613,4.667225633126634,2.53977596229215,0.8224676909371852,0.2701725778256489,1.6067756235100552,1.649903285698039,2.2218689629782027,0.4737822090424625,-1.0140925080196477,-1.3944108743086916,-0.8920105553900725,-0.5009624517784843,-1.9001974187746604
4.190409638929231,0.769361690846139,1.2369833233388017,1.5177178729960994,0.7960731902735354,2.4607252412769465,4.271440837101944,4.773400951736447,5.063344493912917,3.6028766478982095,1.8340534255326957,0.9935622714074789,0.9493453820793529,1.1676281500636112,2.0472984631633078,2.2335958269485183,0.37238278032633243,-0.8770309641524728,-0.6537369374457483,-1.0772511698024814,-1.948903957479431,-2.123575667516329
4.835689294265588,4.141003064210614,3.0497742257379277,2.624101202761618,3.671523044221285,2.931822161142109,3.303075582059505,4.3089596576532845,3.9986319359188416,2.608855892947777,1.570095861471583,0.7502669628881227,0.30744043706661894,1.1086068780720655,0.6229465729437057,0.9768884128480105,-0.8940767934726892,-0.28800463908426127,-0.7723498811138564,-0.9661466071173598,-2.0358986268243364,-2.8991171530777198
4.8891884097533325,4.556270558175626,4.916252245448605,5.2070482012427055,3.8920959072839287,2.838518371602598,3.169621936909282,3.4734034147790105,3.457315918555132,2.8511436648133652,0.6821688853020219,0.42501269638567246,-0.18052740244880514,0.1044981109569022,-0.14596384051737482,-0.32632395274038384,0.15410228957266303,-0.22598119554068283,-2.0498318493710292,-2.4673179334081836,-2.0769732589633025,-2.720903870858119
4.893482442629413,5.09584836204649,4.755983899558344,4.814057061424274,3.6640936718878043,2.469908409730033,2.8573743980956805,3.365670605564646,1.8348259355031458,0.5786768430516679,0.8267518219190295,0.8141114356851465,-0.7587014814403783,0.22256459407858248,0.03817798905939261,0.3790864992580452,-1.3632156634740509,-1.3057297630552986,-1.6598889647076482,-1.7823656497541351,-2.3120108184910166,-3.169035730574698
4.902443349646324,5.023053233251589,4.596447522088042,4.345209502955544,2.860691587633687,2.141983642827924,3.2481520589234476,4.193302402084927,1.7684818220708298,0.16909481151846534,1.0248191792247408,0.6527239734906902,-1.4004564223502225,0.21054629662874455,-0.24349610690961546,-0.1144945058368546,-0.8067062295075086,-0.7547260670804853,-1.6671644902552358,-2.7374934278211653,-2.850307783722654,-5.002719453391755
5.020632051151307,4.450918088623718,3.782621111176724,3.5964342234961175,2.244288780066368,1.3275202374037338,3.178295392024716,2.8062068772636963,1.6738582418843224,0.8193148783466088,2.0555298641033573,0.21748595623509498,-1.732392038930495,-0.4006355540567362,-0.43144335478771195,-0.2901110182229198,-1.6234323221961158,-1.5974725155556448,-1.9343273345123468,-3.0636621102704953,-3.3688846205885996,-5.018823804992317
4.8655679887311045,4.441586504835763,3.459930033172301,2.9370465747725776,2.0354106858412853,1.2675238401357458,2.313495217613082,2.2253087880362146,0.8512209527821875,1.1634893759117175,2.4693297188318835,-0.05750640041023161,-2.5029743858580886,-3.7321823958194402,-0.6867823985209331,-1.1531096434439814,-1.7127312727584703,-2.0994129557048833,-2.8491559026418947,-3.100219055063287,-3.6179912061552484,-5.977649117216889
4.620450475809033,4.06571520154698,3.519014555488138,2.8022122513469583,1.7549569120471213,1.4499800683968445,2.046471696035763,2.10786899365642,0.9566822579832331,1.6128836915335323,0.9805746085100083,-0.31468256732320177,-2.7171101151954806,-3.441306595707231,-1.408713408106287,-0.9840497404167347,-1.8692122261383632,-2.1437637859279244,-3.5292910229364325,-3.167846673776328,-3.4602188113886085,-4.8959362855663375
4.375894941784224,3.7338654309042996,3.2107799457276607,2.4774585168889196,1.5866711502283581,0.6934456675496157,2.3091395886905715,1.8528848832765736,0.22499377338666202,-0.029316234619026323,0.9641621356370849,-0.29965045065785795,-2.9842441892816307,-3.7996651005087334,-1.6967111440244935,-3.5399340330076403,-1.7674712599156943,-2.956194320974096,-3.1640126509898616,-3.9322454185889315,-4.510539561294514,-6.801541378207259
4.272902307718659,3.470587477910999,2.625597331131269,2.0711249730096672,1.3086960189102372,0.5081323948537739,1.5816397308314398,1.1204098390531583,-0.07692826023120677,-0.8133594406916385,0.24484027042995843,-0.7555257571231239,-2.2979193730616334,-2.6430954841502645,-2.779434716392315,-2.729572147284088,-3.3074102392166336,-3.0713413498278954,-5.922720952220997,-6.932037409762726,-6.527940461828604,-8.29815420735205
4.0434059744900654,3.1303539080331086,2.178478782064725,1.5471206143101286,1.1284669905016134,0.6269257869624357,1.7960263918366788,0.5656986095930907,-0.41001876765612605,-0.46328704942829774,0.34783652391583303,0.03091089627409508,-2.2166613113557903,-2.5669292977680356,-2.594966536176887,-4.009682068885665,-2.8617344395431434,-6.323543829815781,-6.74327527823955,-7.825181987609936,-8.097203237272602,-8.335966282416392
3.439563430218034,2.6716456302832965,1.8575011668937527,1.1673127293236378,1.0636433478765575,0.28331944635331574,1.8666766122233434,1.039466920228914,0.8834758883578442,-0.44400936491986887,-0.7572647198765137,-0.9280140389601067,-1.6773998799137277,-4.147736997351137,-2.7073944113921,-3.035753594305412,-4.806686951346439,-4.434973129030541,-8.169819050415073,-8.244858055405823,-9.123474807390451,-9.231995223072929
3.3309967167439947,2.476443491225022,1.6305006263039554,0.9231144222598644,1.0535662515269737,1.1237015610676413,1.1462583595694298,0.28270226150522204,-0.7130664131590823,-0.06082869850499372,-1.0289505180864336,-1.2127149967012645,-2.926717318171135,-3.769791526700211,-4.006346167359598,-3.8387139367316285,-6.291513011734948,-6.4528774794298505,-5.591304267880325,-9.619335505202132,-9.859901604075016,-10.176262450382884
3.0151453297562387,2.4120602057648464,1.6139577227842914,0.8043270926482456,1.0586332159977387,1.2395617481304606,1.0905759226035965,0.66782126601432,-0.42790433554021357,-1.7305769751293154,-0.2010253098947034,-1.0242354569096874,-2.474187790463963,-3.0907170217139837,-4.670485377763371,-4.790113055523867,-6.007394951563877,-8.206165113114496,-6.404434350267984,-8.973077519838006,-10.275843668350424,-10.401252263222933
2.744884260662853,2.282403973706557,1.5737918235353734,0.8233187793802447,1.0468498878728778,1.4291235201161079,0.5993287741982575,0.03878862531172097,0.32366599988405237,0.3237752047632587,-1.1346765225672302,-1.6191773302613743,-1.7286415321294712,-3.8763688213260608,-4.685034080660711,-4.991970986779647,-6.303886122355917,-7.719782715153189,-8.591267254623371,-8.435655481628745,-10.427295903662962,-10.249739995619757
2.5906456525838277,2.1608310084277385,1.4187010493192906,0.935576558090137,1.591724505592569,1.8949365219638006,0.981723228821817,0.48218112110162675,2.0108428669032103,2.0234993800498113,0.6829420580553149,-1.748327687819552,-2.259969344073269,-1.9503938799427527,-3.44137479807265,-4.728128662181822,-6.180072520135775,-7.640457054217038,-8.78703163406619,-9.618555939133223,-9.272114794729163,-8.315556428764237
2.867464680929017,2.5131960527882673,1.8226694177402527,1.2198520382681792,2.132694253394018,2.4547416372572806,1.021465271803102,0.7986501064297523,1.4830400709316478,0.8102899419322475,0.3149947989708733,-0.8765644147718608,-1.676711507976109,-2.2690965421714107,-2.412530044127813,-4.214150405592937,-4.987328610317667,-7.001320907099131,-8.731654404388639,-8.882634846823887,-8.153089680495446,-4.523622842326055
3.375830350781893,3.0785913851795677,2.5029097884937626,2.257418742590716,3.7287837431483064,3.216909824943442,1.5445745502019927,1.010344945790867,1.4280762320639169,0.582141497075069,0.12172929503124355,-0.7730167845406583,-1.5337294660855414,-3.1355963664980435,-3.1497149346552624,-4.064791505200664,-4.506766900851467,-4.950471000118617,-3.8169332167067833,-6.484382978844061,-6.398274662062307,-5.632275180394485
3.9349884181993304,4.064520086684648,4.304088724814375,4.3023355277254085,4.673441121106712,3.8676811393851898,1.5216311894075791,1.7038372405209967,0.7729553652527943,-0.1419159698336614,-0.7201129729557494,-1.8264749969103244,-1.8752742158241562,-2.9488163369653213,-3.6572918692213294,-3.5548238489432604,-3.3210912647347888,-3.9951206799255936,-3.775552432245797,-5.6864927691743725,-6.183947826878199,-5.792178292840768
4.66926102225295,4.93113012927677,5.411504482823809,3.0836218141052827,3.0127475521202016,2.3452213480942357,1.2374473897124088,1.5989034970414187,0.5548984338625371,-0.30945173815330057,-1.084819758745172,-1.8644135308558758,-2.4371334244235534,-2.752529722860947,-3.4279450157732843,-4.302298091445717,-3.718344537074943,-3.2290858194485343,-5.086031439016511,-5.234025618186909,-5.2146514723223625,-4.756993112131781
2.736818578204412,3.0255056481956975,3.366084673926205,3.5177836360285926,2.2200786141426905,1.9772684850600626,1.4866652360554302,1.3932465392555482,0.7109351158369362,-0.079936512081317,-1.1297071299326853,-1.3547794974151113,-2.0933525334830563,-2.284288049760466,-2.8666527336787775,-3.4902631644197255,-4.36532256767213,-3.6356898032262777,-4.401620905738821,-5.15214799522909,-4.175078046246269,-6.31897186011715
