script/wind100m.json
{"header": {"parameterCategory": 2, "parameterNumber": 2, "lo1": 3.000054539987559, "la1": 64.9999836372058, "dx": 0.5, "dy": 0.25, "nx": 34, "ny": 52, "refTime": "2025-11-24T11:00:00.000Z"}, "data":
[rows 0 to 23 of 52, columns 0 to 33 of 34]
-0.6132973415499932,-0.8879817248300793,-1.246559887456129,-1.6927333276428533,-2.0075097669287927,-2.821637321691016,-3.313579599030474,-3.6710749451411804,-4.242695303035645,-4.596688703337028,-5.501474480862532,-5.590259617286316,-5.845256676976281,-5.711359541128234,-5.158518847175452,-4.599238793500079,-4.052938390693675,-4.3925443164861155,-3.84508342551268,-0.8235429140898037,-3.846394148746053,-0.8189167893026338,-2.9135789553989278,-2.82488996353973,-0.3048974488316757,2.5495100929893573,0.4229048340611371,-0.3439324544634623,2.4304343291505703,2.374313521877514,1.5295202023493943,1.6390602262860596,0.38694648749538196,2.1299832932956986
-1.8068777150053301,-2.174770154128061,-2.5107074800814,-2.7161538123517524,-3.10820502565344,-3.701191219561079,-4.050614723608684,-4.8148121320813155,-5.202998762304071,-6.167317166365217,-5.977546230110726,-5.979646069204188,-5.852858998529092,-5.297053773128551,-5.307760892448379,-4.572178790338784,-3.111710164930607,-0.3588341152371635,-5.323374496136046,-5.307323994154484,-4.985605170209122,-3.608154795541259,-0.7779442638375099,-2.2855873860558313,0.5435250534610314,0.22818677826323755,2.1195693043592323,0.9368276465465432,-0.6096703727882856,0.44384384610778904,2.0503109769599557,2.306328198203361,2.0997430088117923,0.43624859155349194
-3.224609368869656,-3.5171697330077847,-3.4458489178777523,-3.606049098980028,-3.8995745453736697,-4.497433076110333,-5.312244976836528,-5.630410385754382,-6.455104472439014,-6.483537228641343,-6.285338360165967,-5.99089022953819,-5.668347534803311,-5.859798587094238,-5.201855679381544,-4.420841244970988,-6.403562761758553,-6.8811858454913954,-5.966002414834076,-1.9549268025183955,-5.524311081986446,-4.5924349028862945,-5.3253682090894126,-1.0255397416767462,-2.0098637974734737,0.7951631238760757,0.32206989296744465,2.2094122803551017,1.2555788271241846,-1.3890120412292186,0.4614923970008263,1.3102524598275123,1.8773405656638629,1.143557236791325
-4.336957380242522,-4.449402837359128,-4.546053474889748,-4.664602045518114,-5.073841665598159,-5.678837338135042,-6.060804205505451,-6.428526087202753,-6.7929641466897746,-6.493199649994285,-6.246426654084747,-6.467743406299235,-6.211941034264993,-5.9857410356514835,-5.703176522074706,-5.905085644635405,-1.7952526169926906,-3.894725597227102,-3.741110100667651,-3.039140946798762,-3.167889603071496,-3.2842362123664763,-0.9537556807185528,-1.8766010157122588,-0.6253147534980296,-0.7804494165173168,-0.17516601946560478,0.10143019231089095,-0.19312571431883743,0.3818508895477563,-0.4534781600172356,-0.18328396159298016,0.5473299276876056,1.1276948101912825
-5.326488605152174,-5.554131389410886,-5.723424870548307,-5.8480085395862815,-6.149061144037521,-6.228842357058004,-6.492503001449518,-6.943906971088701,-7.032031200967813,-6.690641096198873,-6.805512175890801,-6.481897756503706,-6.202717873484668,-5.868553917854794,-3.212355063707475,-6.046602286646194,-4.3316763065860915,-3.996644387021804,-1.5649058758128285,-2.6316512234282734,-0.5201673656139795,-1.8601942915980074,-1.0635115565422673,-3.1863999275705597,-1.5967260875979028,-1.0303042261520943,-1.3974055999057133,-1.0982592667312594,0.29372955083641866,1.2347708371311936,-0.0479049373114618,-0.7136374303361955,0.22410878832700593,1.0992354082120106
-6.1071553404810945,-6.321794176442278,-6.503717073349718,-6.80637671296083,-6.581782190173114,-6.584236827427821,-7.265852500919684,-7.36926772130701,-7.224434851914695,-7.067624375647473,-7.173515863476872,-6.095786730839777,-5.036849485699756,-3.3403466745170616,-3.215250316770511,-5.158938711822857,-0.6999393084272012,-3.0026171168777416,-5.198076174968903,-5.032089600472085,-2.4062700842356737,-3.7764863303535616,-2.728979171006099,-2.092818081208751,-2.143437387478931,-1.9704781380233884,-0.509545951907719,1.3291153976043757,-0.52868331588752,-0.6432974047254082,-1.2084031847322512,0.12739786365272304,0.3641726244629841,0.7049378213386807
-6.744000422352288,-6.971094420856576,-7.1714920146033085,-7.358144186628928,-7.266631273110171,-7.387559431493797,-7.646579026449674,-7.632208298687825,-7.375466244101679,-7.516339427780672,-7.051296990811239,-5.503687164490365,-3.1521514047627006,-3.464648668348542,-2.472797669545939,-3.9460497249804374,-2.0444456095082244,-4.209794525172048,-4.237285502970873,-1.869416647066957,-4.268525217201211,-2.6192332939906793,-3.4324342490379154,-3.501942543657237,-3.9837346099959805,-1.5287118693452364,-0.8431176324253609,0.885928829795111,-0.5326143310455738,-0.39886453834043273,-0.1254098562095663,-0.8840322943817169,-0.08027070178028275,0.5312007707909011
-7.478554887414541,-7.293533305426248,-7.794992996768907,-7.913700551602658,-7.811810288894301,-7.979695156031608,-8.052081896796736,-8.177013019115448,-8.123001607806152,-7.860493838581635,-5.524836359501424,-1.150676443402793,-1.0598620595127741,-3.4091491537146594,-0.6760269677064878,0.4896142162254633,-0.5784332688055442,-0.6376622381611595,-2.3141638747204762,-2.8560442420923535,-3.151563978952473,-3.2010197362749104,-2.2115499452738714,-2.543356362244944,-1.865193465999463,-1.7723882273137468,-1.264732237930374,-0.9231177451643535,0.47129678338754255,0.05713642870877473,-0.5493780851181308,0.6660789097557127,-0.4654309210256586,-2.34809021891636
-7.954960444674808,-8.065242050890795,-8.416032892440503,-8.028786865153922,-8.197503524563333,-8.468269339198125,-8.997144217144855,-9.18770272431703,-8.344589670113193,-4.520398151086583,-4.0900410214193545,-5.173610203410117,-7.897422219918844,-3.719734588902078,-1.6656003309088399,-0.6700329828598228,-2.264097062230986,-1.0404584775847645,-0.5938339801524357,-2.0496706638964053,-1.3314910849913817,-0.35366761935512214,-0.9909630784073197,-1.0654941772578579,-2.141385836130135,-1.7793980405488752,-0.7681588069785231,0.21839689454411174,0.41461641946027067,1.3763993030629726,-0.3649195189591749,-1.0331568742784962,-2.095144851390801,-3.2399751132442494
-8.266373183233595,-8.337140806698196,-8.472232931045138,-8.85523161166591,-8.885257545848672,-9.24943654357424,-8.824436888134025,-8.239626024563469,-6.064887872611655,-4.411353695959972,-2.423017666834245,0.4710552595931536,-1.765612985713093,-0.37418553132488697,-1.941722981097037,0.7362066391552581,0.8226033414258072,-1.6600480656162764,-1.7620022960517028,-2.595184030426213,-2.1667038763597057,-2.7669935662562026,-3.044985513221433,-0.8753373992290922,-1.5612836810454216,-3.232117755504289,-0.8166582976767871,-1.3146858769392746,-0.6943675010174779,-0.4994796382167309,1.1104370909487593,-2.860145389629179,-3.430402263249738,-4.188974665255055
-8.555968483678038,-8.730250960599497,-8.898721562180413,-9.385093505949026,-9.151605283011468,-8.972284112077931,-6.248301728227121,-1.594845970310576,-4.8627833357442025,0.35629599857597677,-2.2754434345918124,-0.6337623188214241,-0.1823557273969492,0.04235857132929891,0.22568962357409844,-0.9206389216175022,-0.0705940207234442,-1.0610842445667228,-0.9097476916897046,-1.2079993009434167,-1.7573447136540328,-2.5620705659080807,-3.1534026546107756,-0.9301578231702621,-2.6682024676334195,-1.5357961420623913,-1.6109793832695631,-1.8278916186490586,0.34934588468730804,-0.976021705473307,-1.2967709706242974,-3.8869940429022143,-4.950798011674064,-6.351316606137942
-9.063831484316829,-9.248503743432957,-9.394906037177625,-9.320860610597462,-9.229519396401093,-2.393824896293564,-5.6397279110225815,1.8172238316037161,-0.15968462739670577,-0.7111072389007677,-0.7752007243100315,-1.895270253634586,-0.32175648573685195,0.23317620974340927,-0.05744498628171924,-0.13934348399449098,-0.23821597819697315,0.2300713087171228,0.4235312097325093,-0.9082672006688642,-1.8185873847944065,-2.3610371248437865,-0.4515362744345933,-1.2790123572764716,-1.0369479365320942,-2.322177953227496,-1.7164510751197564,-1.077143314220946,0.11762331927333756,-0.15391802197920545,-3.336392954395019,-5.718773166682812,-7.019093400790121,-7.995077522140629
-9.796297780201519,-9.601193218810556,-9.26578854231526,-9.282155588138862,-5.427461411394207,-0.44603419716857085,0.2169119669118561,-0.0029809462391974795,-0.19096045132767256,-3.066159182471516,-3.54866470337692,-2.7425562802641106,-0.4409278056903514,0.5519583097244957,-0.17139055761489277,0.26573673974309053,-0.109716405867132,-0.2960071052641658,1.9980878286289905,0.6967264502121819,0.957068253323563,-0.8704153800569775,0.11341045506936323,-0.4675708631592819,0.3456002477935781,-2.9576771010980463,-2.823643393545213,-1.7518113255952352,-0.2239442067910585,-0.7148437800312575,-3.6080676864998846,-6.875625763745564,-5.328216786413687,1.4092447549065177
-9.177486513863968,-9.637426610601562,-8.535412567987995,-4.677716433169775,-1.4544840321324994,-1.0836459930699203,-0.43347100062010135,-0.12432496620233233,0.5555166849136819,-1.463352466768671,-0.6380439090565162,-2.1466555552685587,-0.5789158087172236,-0.20437167399446388,-0.22773202774242537,-0.4036695438533467,0.5587616640247728,0.9875934403197456,1.8244681465697874,3.859082037784784,-0.29770405217919105,3.2801989408664545,4.247670919389568,4.137019003767933,1.069297572571065,-0.6002640236377634,-2.510310775725759,-1.5559457761813502,0.8285964403755481,-0.4515032008304932,-2.1672824218000044,4.210330670665185,4.914948640322164,4.473229223428759
-9.509803050984363,-7.684798304044385,-2.081605801482844,-0.3610218953928281,-1.4798387639662889,-1.0463713724653447,0.2827092650360675,-1.286825877347407,-0.4300642896225414,0.2047224770920347,-0.8631470415942596,-0.3544756299240839,-0.08380724589680537,0.41790541719602514,0.5999901023211908,1.5244049627634821,0.1687421553344902,1.1663468422730128,2.104729870975881,1.6171261286789798,0.9697392900041492,1.2272430423144522,3.794199947650058,3.970265964076635,1.0483490868351129,1.8117737225967687,0.1637200973684443,-2.4408604898264263,0.5358162263640934,1.7487791927858531,1.979379857401059,5.8824802045832065,6.29969999857717,6.087883440239024
-6.606926417744185,-3.683760212482809,-2.074527806053563,-2.7443026100326806,-1.437122963784365,-1.865514372583002,-0.27245935599350324,0.4885480107647042,0.2278865565632306,-1.9033880612382954,-3.1623373685130862,-0.8036445286798928,-0.23608477346712348,2.229253965621392,-1.5098292439872534,1.74928774473353,3.1320732778919873,-0.26435906454464525,0.35013594379960067,0.286943641828074,3.404106422996866,0.09311965291052962,-0.23296961001100575,2.0664974724011342,2.212738924846857,1.8529915115618236,4.091384279112776,1.3807081744031358,0.5019651933349412,1.9361091737885743,5.740622711035256,7.328920848015798,6.917989640192764,6.828631473170842
-4.313476833368028,-3.4936782720344315,-4.553516315523063,-2.6484647224249707,-1.2798622078361304,0.7494901196709747,-0.37323459524538494,-1.959838521665842,-0.3067751421706025,-0.11465347666093163,-1.487978687661189,1.9780096685252333,-0.17378989520693047,-1.05504879109637,-0.3565471931858486,-1.2127065825063854,0.27072487626209646,-0.22302292544316438,-0.4801623979269574,0.16660044251501066,0.11944572399255722,0.6359923575871956,0.30354781923564705,2.914729003122922,2.0820751535858917,1.5798442547991298,5.1077230775710545,4.538848668347669,1.9638423828162475,4.453813865165222,6.232584521590025,6.917410026173885,7.046969587639598,7.291988421157356
-3.2865886547586096,-1.0226673055115583,0.5378681918845626,-2.6748938073881057,-3.5589452148361467,-1.945641762177807,-3.3931158736879845,0.20750327017674192,-3.046503258145261,-1.4733586418044031,-0.5136656461516206,0.7459681908538911,0.0631305462620893,0.27940511217433395,-0.35300632892337,-0.8056140014282329,-2.2303248517184704,-1.124832419119924,-1.4176554833036275,-1.8881987286938755,-1.404383455950982,0.20631575441095687,1.0202846767882758,0.21803362278931052,0.5081848894205222,2.1431679584386063,1.3828053823383588,4.022330536218478,3.9394832752983544,5.369929909564889,6.685760080151578,7.259720432747453,7.32038314677369,6.981915218118375
-0.6110683763983444,3.507610403311524,2.3249524316100327,0.8338968643397419,-5.981840507360724,-1.8587937206770158,-2.193788360982829,-1.8885906900012004,-5.144482209753368,-1.667687875390168,-0.9283718672864167,-0.5117920802421377,-0.785471144738792,0.14488820422217755,0.05338232112877465,-1.6911530507612536,-0.32968218423382323,-2.0167987454008176,-0.18974095325231263,-1.481460333958725,-1.2943973218811646,-2.3114083326167307,-1.180997095377414,-0.31510185538195723,0.9270390243061334,0.15097820970944875,1.7669015509019839,2.104308280682845,3.6800691152841063,4.892949430318775,7.074448087851071,5.056408770363172,5.508722224205005,6.148616894368356
0.7585115375958837,3.878766194969706,0.8887986744832858,-0.24076445159085103,-0.17256407257155468,-2.098211400572604,0.20760819188871757,-0.7416606913063382,-4.009678030212941,-2.8666728852323735,-2.2872284977241404,-2.04437274660587,0.3991379170076043,-1.7413137428252734,-2.098064760873082,-3.5364313331598614,-2.2128707542277883,-2.1159564779748714,-1.494849318296224,-1.7126612699728718,-1.1855639763835446,-1.9164014309448387,-0.8893166531329101,0.37275405900313835,0.31693559672277744,1.4271202507373084,0.8429009741776018,2.529606761923644,2.596632445236701,4.607395549251234,4.762903815799671,4.633940627221598,5.502428978514045,4.4769088982606755
3.21395951831248,0.12735809336060752,-1.0156407953385624,-0.9686769778997013,0.3501351679797599,0.8860328913193991,0.36416297660109725,0.466709143175831,-5.350250921450045,-2.3556517533087598,-3.285988013135253,-2.8071716835037424,-3.018752042345612,0.0012982491720860841,-1.6542648363065309,-3.0649911284883546,-2.941780093122026,-2.038599600806432,-2.3086401641218526,-2.4120432219390833,-1.498630623543803,-0.8671844164393324,-0.996903279234622,-0.44539067065767374,0.7947931063700642,2.206654641635412,1.2426388443643814,1.0350066803990026,1.3559338871890803,1.4376473948441382,2.121625822846623,2.8428006170280358,4.892161174277477,5.8359476501392065
0.3849412216957377,-0.8413128037794768,-1.0906552522353832,-1.8921640625526794,-2.1319897326079866,-0.8553974846753177,-4.233245041283358,-3.6009313082232106,-5.845626182528466,-1.349734198268481,-1.7388247341370116,-2.444431971158329,0.7974306603833134,-0.6925085572865742,-1.1657387348883532,-2.786921930870482,-3.6428278827933225,-2.366079691712459,-2.465687239332358,-2.162429462079265,-2.5119143481748303,-2.055716960108657,-1.4459148218967028,-0.582571172543611,-0.5242595125966166,0.6035427542210364,0.21111654629640286,0.6609662742443956,0.2124835043520481,1.154582341853999,2.7328593906817895,2.7553634451775877,3.7136303783682507,4.903790025759459
-0.4478045980417241,-1.1787229340571117,-0.7314415411170659,-1.280488013963211,-3.8862140392725504,0.0038973407431714692,-5.214444974878712,-4.695319320552634,-5.621073955553881,-9.888775634756009,-0.18763232399696464,-3.698248851808757,0.2872533281214463,-3.6542555759861206,-3.4534031670942924,-4.107043928296795,-3.507966201548258,-3.2424264600503734,-2.810951985481882,-2.6977023017275137,-3.653153738859206,-2.6614656667193826,-2.1241357949454533,-2.0485031389230763,-0.9864002648978176,-0.8043761939013292,-1.1805123233795185,-1.2647419966127957,-0.7800880531407833,0.7259670629511746,0.6599644694432992,2.14217544533174,3.2346167593411335,4.623638708411088
-2.6875118151489326,-2.7459857734452298,-2.1884562561656944,-2.6412328270142376,-3.465263915062274,-3.8933076495429804,-2.8342720225182547,-11.747789073383698,-7.979101564400262,-3.844885928059804,-1.3213757739300547,-0.8643019868472064,-1.4015797671099866,-2.0255874248896033,-4.3645037214443265,-3.838120615434322,-2.887082798711555,-4.163793659226917,-4.261143125080191,-3.952248578240156,-2.7061139152071965,-3.3769901080614844,-3.8594496581432227,-2.671124947052852,-1.4306440608784772,-1.9862396124252804,-0.4066628938435201,-1.4376658202228663,-1.2051559816476938,-0.3314069479741204,0.40022428413909106,0.15117930715307978,1.8174307102790606,3.3917091162875397
