script/wind10m.json
{"header": {"parameterCategory": 2, "parameterNumber": 3, "lo1": 6.000198445256149, "la1": 58.999992894266676, "dx": 0.5, "dy": 0.25, "nx": 22, "ny": 24, "refTime": "2024-03-27T08:00:00.000Z"}, "data":
[rows 0 to 23 of 24, columns 0 to 21 of 22]
1.9473199678122344,7.850718921905621,0.9093838445396075,-1.0802464891824926,-0.3815603300375459,-1.2645945571513912,-1.7808009339896198,-1.9983949297574772,-3.7455099769625235,-3.5212144090868227,-1.118239969228801,0.04278285696898683,-0.0060036553768563206,0.28011262770809087,0.11316413680908266,0.37097623161725274,0.8166741042821556,0.4247270950558199,0.5369659686106522,1.1023466496398737,1.1338437302340523,1.684173016105421
2.643610512530451,0.4656328871229944,-0.11911198095856551,-1.1584277897454096,-1.6090368882403725,-1.6589604464011491,-1.915908355926904,-5.624384544481436,-3.1095879478941755,-1.0486813083136117,-0.27344705969141925,-0.42826834066812297,-0.3617367798265702,-1.7206071031223589,0.6218934377203629,2.931109149522921,2.2279050838404992,1.5426854991789536,0.9124979872807252,0.7849785347339521,1.2776463719338937,1.624869508498902
1.0522036959986465,0.8059827827355229,-0.6271601929652683,-1.6350023982071613,-1.9824637605298276,-1.577604095606901,-5.814261846563763,-2.396576836233824,-0.10338031859511489,0.6911377299038381,0.691565866748208,-0.18207387327238883,-0.24456201404736527,0.008103744295998453,1.7971779438476838,1.4082629277193812,1.3992317325455108,0.24652248032046464,1.0559293557292322,0.5071891867872694,1.0086567532986768,2.3547798381528207
3.660593968711261,-1.6337645192895027,-0.772340128994225,-1.5109506480140118,-1.9836544526987103,-5.545420001417505,-2.123512351039142,1.1398655710937606,1.520511182922524,0.796032207944922,0.20956602739596203,-0.10960507752201663,-0.025789157613189728,0.668868567043605,1.7438131348993775,1.6785808470942314,0.7493010995962301,0.19920428698165535,0.9516206488843625,1.1016927776095489,1.4786735028230602,2.0594552163206306
2.277952306020025,0.36338686958453625,-1.4905383360946383,-2.8398634561708365,-5.752591519670597,-1.129303204240901,1.223586663241741,2.3771164739740605,2.832902844813263,2.0407598521441477,1.1638208678299378,1.0484953265169459,1.0349248898689558,0.6892481029018631,1.5914493472995745,1.508241035169731,1.0879748012546315,1.715502104635259,1.0346080144460528,1.011218489948152,1.3029375559416734,2.833633790116144
0.8380128478855515,-0.5869817553986654,-2.2181207712598368,-2.3586435797071603,-0.19314222859370248,1.3028708869701566,2.0981688219579335,2.640150289726037,3.9163094306546595,3.6215378067042563,2.681648975466914,1.5797832416296373,1.3022569631227014,1.8391032375180356,1.606718017123963,1.368216870868688,0.7586400371133294,1.4893282902474856,1.2627358864254639,1.2952354044213155,1.4970813101505895,2.509459017266884
2.3894949543143573,1.5189293549333154,1.4573889913259266,1.5983448471724193,2.1706213633800573,2.571249513007364,2.9499585698955397,3.1906049460853794,3.1953388022644247,3.437467675364702,2.7204412829063838,1.5566294947863408,0.7230548663361035,1.1844533343899204,1.3656551638833674,0.9752736780445855,1.0787252566667564,1.0459511747680021,1.15822522849879,1.1743221855174275,1.439475310882447,2.4451863029598333
3.326856551332133,3.010824419529529,2.7307590272235016,2.012406250115952,1.6900401130700502,1.7898844934160014,2.5728571690473556,2.947016990779081,2.9885009530105218,3.6197748180205456,2.6920458124408855,2.2076000929217265,1.1248872385994617,0.8810085829848516,0.9489151436523143,0.699948380491411,0.6370780898410163,0.9291339701139725,0.8247829777900142,1.172216445834523,1.1039629015756356,2.3080348954488024
3.946341794333155,3.90917180436439,3.535128594877073,2.745791518709523,1.8903453160319152,1.614863854281952,1.064374250096738,1.3416562565569656,2.61998689632972,4.419088395756576,4.716514297101212,3.666471126700004,2.1811646763913966,0.16779838758748278,0.442878084332009,0.9361086727244688,1.0178592074380988,0.7648502588864319,0.7431965855804581,0.8079078840707733,1.3831361882440025,2.225743825923276
4.513009021016816,4.083091537331731,3.641288079227349,2.9712933523398726,3.2733579870598897,2.0615889740521607,2.6290169771005507,2.025818748641308,1.3511630742209109,4.447608570885439,4.66328453309873,3.8852277112826616,3.352953791715636,1.9834622962379294,0.598782753977046,0.6310484830467902,0.7712498583664318,1.0229628846036003,0.6816606872180235,0.8466569338833111,1.7873228505167484,3.88401467011946
4.905109826806835,5.283048044601723,5.217924861220541,4.101929773620525,3.1942587498318944,2.1003221823050726,2.1747840433878727,2.2121493469273767,2.275661542639115,3.186061021384347,4.464954042295324,3.925243028936097,3.207389345022641,0.6092924614411519,1.5363070870500404,0.845418612165601,1.0652384838872577,1.2175457041879345,1.2779893544195804,1.0035411933801361,2.0138227908103734,4.7229524141491455
5.964390035950856,6.295804707513115,5.888460036339804,5.489038687589646,3.6895578039179227,2.136749091549803,2.616711413866119,2.9495767103522983,3.039785128068723,2.9336541505852445,3.895861753013571,3.441278637720701,2.136524640151728,2.094203627321788,1.133284152480194,1.196225272620524,1.3295595416485306,1.4384015608266907,1.1491445912869906,1.7602961681059721,1.9342500705904893,5.864398450597988
6.707830093016334,6.909291559417775,7.0099447840866045,5.7930077447759,4.4548769265495425,2.210560337908897,1.9762402656762605,2.6775429232124566,3.108693551410409,3.220536907701347,3.2013623775697693,3.832414480420742,2.736915104772732,2.6963756208694662,2.2736591868491645,0.8184951442219599,1.0432005280954975,0.4795584573365097,3.091022641727445,4.763585848815853,5.496247196293242,6.438012057015879
7.215857276169633,7.327244976558111,7.690800774012152,7.933775358234616,5.090452944527565,3.4184357887760233,2.746670183093426,1.9130826627455295,2.079973619001152,3.488588290476916,1.9860533260221878,2.146892100424105,3.847479397384563,2.354063030107628,2.458830419474149,2.614281052209068,0.6058211669181209,3.65229084937182,4.667024993742119,4.837083055347396,5.505614000080481,5.871834619233518
7.515355696121242,7.665046283273757,7.792825090613375,7.244564164402191,6.186971931367605,2.7345766316595523,2.4004675980786208,2.498245677841122,1.927958098326472,3.1997757718121798,3.9559440677338866,2.5523170515545597,1.9386106777275858,3.692150328007006,3.1906011737178104,2.612653203684981,3.291407593453332,3.239634547328557,4.506973288959397,4.551247870906796,4.694833438663121,4.926964227951038
7.613905122892872,7.705588099171801,8.067468287421317,7.823197185386144,6.6300936486422675,4.492353419115429,2.250493894993098,2.5796364748180234,2.681331758465043,2.5957350226278657,4.267960524968821,3.041848110281224,3.27543042934199,4.134886694660458,4.536411472600777,4.8787474308068095,5.7553956876431425,6.96022417498704,4.432357831480321,4.21513544053523,4.389118084464253,4.701296128611201
7.327985079754689,7.319209938159926,7.652218099617829,6.862667076321632,6.2881806624091,4.501164201444582,2.2731963248461007,2.3564529602899986,3.8411568315438647,3.311329992665386,3.3096041741600586,3.7765892371745906,3.4933779012902777,4.135956227130495,4.410891391134064,4.138664628673066,4.129636112259634,4.457911101396141,3.34123040705041,4.82395214409433,5.050645138763226,5.267979130049799
7.326773066477014,7.4093996487576925,7.549343068131235,6.914368322870272,5.9635272490996,4.0775913231142304,2.0260910055579378,2.2908593054006166,3.5207279624461267,3.379966298092144,4.281915014561321,3.3994821255169345,3.3356703248580186,4.405476489711999,3.1888455932267368,5.075717976908678,5.041558712588517,4.448006346283809,4.618289934425364,4.15512588246129,5.0760416417265795,5.689874726262967
7.896553921358483,7.579531871886598,6.647779593880939,6.457126102662047,5.544847337067955,4.063277993237428,2.7999531031592357,1.8497938845127357,1.4159151802307326,3.668468119443172,4.8704696068952975,4.74495533144549,3.5060522829367184,3.1538560772432582,4.832004471300291,3.5974668857846908,4.922664153174277,4.349017719791131,3.938821409356178,4.618310507906185,4.499195062895252,4.814587083730026
8.303475672813216,7.57212270481985,6.621998535306254,6.324164707511046,5.083787961623841,4.507857633617458,2.4698918382842696,2.128726187025707,2.4690836157357925,2.9484146332004197,3.263056192297226,3.633324964143604,4.165938442339885,3.09460762905447,3.2083759835800727,4.603087251771712,5.150328403920559,4.903720084163769,4.878005024693601,5.805867517274587,5.895283430373149,4.018186517528817
7.888432824039513,7.587926588936017,6.254344542178249,5.664020811231746,5.509187075152613,4.201360760086369,2.2617143717737815,2.0334594134104687,1.8691927272728157,2.095892547900337,3.3747524561740003,3.739100814322231,2.717426910498135,2.7517359459237016,2.6148377043552067,4.0550089992504414,4.890447238854953,4.302409446991893,3.674421015702482,4.460239676304391,4.479267658030496,4.057610803959788
7.537309054698322,6.740204513688073,5.937530048713926,4.337988931695978,4.434777987462963,3.5615002323286724,1.9941599253981168,2.19753995488685,2.135666514636816,2.576395134674472,3.049047063475472,3.0913521527948813,3.015360012699509,2.3711630494172904,3.138201693185953,3.7395236594064922,3.390997706939143,5.447206666930483,3.1584093381037857,3.8053376465065223,5.1823397882219595,3.6740563944402025
6.407671620720217,5.911537883181036,5.001707637390127,2.752673170137145,2.1576315457429476,3.0582160225755817,2.0983411488590127,1.8606919610232855,2.525255958366851,1.9054284141362583,2.3113147284197826,2.4239530643070597,2.64880787688718,2.7574901362753095,2.409467345168888,4.184160609735648,3.180229269955854,2.8437299262120876,4.514309713415096,3.5036530287822227,3.6701366766900474,2.614594147418806
4.929043117525211,4.528333104115439,3.7134445669569476,3.1668111573947053,2.1522669266941077,2.5217342842391846,2.5209039822400623,2.1580549568372445,1.6671947144758985,1.9017544912079969,1.7448148662220306,1.8983653238920892,2.591071765222006,2.3188559171765237,2.8929465394341842,2.688317935675627,3.201937121874075,2.8883614109121565,3.9248881876160975,3.299330846341543,2.4387487513633896,3.821816464725256
