script/wind450m.json
{"header": {"parameterCategory": 2, "parameterNumber": 2, "lo1": 3.000054539987559, "la1": 64.9999836372058, "dx": 0.5, "dy": 0.25, "nx": 34, "ny": 52, "refTime": "2026-01-27T22:00:00.000Z"}, "data":
[rows 0 to 23 of 52, columns 0 to 33 of 34]
-7.983436681284179,-7.216587148211575,-7.99196924125631,-8.736650918179162,-7.901535037431926,-6.946676920444666,-7.449190770887588,-7.952853407092205,-8.513392988684643,-8.585619766115162,-8.467535815184238,-8.246255287986408,-8.79390070136561,-8.51496030396183,-8.512967912430128,-7.859866268319988,-4.795679558943187,-5.752816004767835,-3.3937470772193605,-1.0848147415202114,-2.6223994534518704,-1.7337216287918067,-0.2614954913764385,-0.2566155450804477,0.5866882900606513,-0.32363880713836846,1.2631870496960256,2.4687590630324956,3.1253920653717655,3.8290899247258854,3.213607588073507,4.4108896804902304,2.626918727970942,2.1512936218256855
-9.079400058035615,-9.077994089584347,-8.579105495791639,-8.448818888007784,-8.375068790383336,-8.465686906746017,-9.063428656403998,-9.989416660685976,-10.248534660582369,-10.364611811349448,-10.064506439937794,-9.742540809068526,-9.709807340084147,-9.48254245536465,-8.448374290150772,-7.1321046042803555,-7.802484377485371,-7.335919648264562,-6.289297427444856,-5.980144536796572,-4.274559380807007,-3.28671727616985,-1.445796727083069,-0.018050892334318534,1.8175335794826277,2.9474056315531514,2.7607686285737314,3.869626526918609,4.346842779784586,4.559848570912887,4.021355097821499,2.7581752166000917,2.407699139485673,2.666267546516463
-10.587163739246387,-10.57038754058193,-10.27917560067776,-10.20519571455763,-10.216969628757285,-10.622761511474145,-11.033639087498516,-11.093230563025806,-11.05803189770007,-11.128877479516008,-11.05605939851114,-11.03353460692602,-10.444581503618215,-9.212748861702279,-8.567863490039263,-9.871809421175323,-10.702135879237096,-6.447167995814112,-9.171981118633802,-4.964346288372908,-4.620307330877292,-3.958372003658237,-3.209994917774367,-1.584882162959075,0.11287583347530503,1.520126324265843,2.297443086045852,2.205962651953757,3.3025359282384907,3.909997288934758,4.011231777662423,3.7041396377929874,2.937164289353148,2.5517302514854032
-11.909809772536441,-12.073855251662298,-12.169852402410564,-12.56861714362181,-12.352797450748673,-11.827665512701484,-11.72872513651061,-11.249657023023708,-10.983991878260275,-10.505191053972764,-9.405580705992751,-7.30058953926149,-5.393917398107012,-5.0078114122791755,-4.815108452568796,-7.930200087954699,-7.8910589821195405,-6.283307244859367,-6.354501446902419,-3.9868979315766646,-2.7848163864905002,-4.30761910988643,-2.712729053577716,-1.820638820224858,-0.9613885826169185,-0.28829249711505395,0.9894479103845827,1.4305206877477992,2.1730002167090436,2.9552297625636292,3.170460049549933,2.878391549239833,2.6066119968877506,1.4657131784880733
-13.069252499751398,-13.187164375566818,-13.089970502491086,-12.81065068834256,-12.76239790002116,-12.415614080346717,-11.623271711297946,-10.743629750769745,-10.257774431830878,-10.142968013589877,-9.81499766597551,-8.971722443989314,-7.916596175568847,-7.679173540852198,-7.582533602280492,-7.635655268874884,-4.676895603081135,-7.203732763148522,-6.9968664242454786,-5.373489041496501,-4.278260002485775,-4.377356698606051,-2.945216496633541,-2.224477627079191,-1.5195385940074972,-1.1833296767801906,-0.5224774383350043,-0.08257272110186596,0.9858317776104427,1.6681533320994821,2.0402644898658364,1.6680745428344845,1.6631914842085909,1.362356077682429
-13.342545008204,-13.207394417288556,-13.280100180320469,-13.385317671303545,-12.941725759649605,-12.30700265863522,-11.81657802387105,-11.455256992930215,-11.104067431676153,-10.967310584406441,-9.701464401341159,-8.114063605710246,-7.659350068905792,-8.098669922385431,-8.134842699467528,-7.0271590999883005,-3.8018316285439937,-2.775794756984283,-6.562749068672688,-5.726017904961574,-6.259706797316104,-5.615570544097575,-3.9345448282757123,-2.8060271258655263,-2.0786581373294544,-1.441966139969556,-0.8993832487174378,-0.21345133662182536,-0.08558578860789544,0.46201016568945796,0.8516846150814527,0.5343843943156674,0.69683811368677,0.7079872274879861
-13.852524771605987,-13.813178614964174,-13.436631286862522,-13.104020444549947,-12.793110336542941,-12.352862495191582,-11.98101453680149,-11.538177911582402,-10.11434888383448,-8.348808396094775,-6.951828433282933,-6.817783560764507,-6.1836162945869955,-7.043389017972445,-4.489208614855883,-5.5548374510881535,-3.90564410720001,-3.0475946468602917,-5.069357595316174,-5.895223694334248,-7.045210309088057,-5.238562238857242,-4.82720435274413,-3.7148024425902832,-2.990200986609877,-2.12646601987543,-1.667178878564157,-0.5867036370318087,-0.11813937976822937,0.13649405445201,0.2001544740725619,0.4953926299192085,0.5198180579169203,0.3409261296576038
-13.97972928127909,-13.699098521991365,-13.309233907756605,-12.78415932621162,-12.31589238068344,-11.74596964350262,-10.687903965114899,-8.907977253405148,-7.237852827930526,-4.8275982868500655,-3.7787013194689436,-1.808572125835938,-2.8405909798647775,-5.284812765660894,-3.534292370453167,-1.7533444519083428,-3.857427531469575,-1.4680824481962669,-3.520329272682921,-0.7438593323105618,-5.756285498849975,-4.128174196831999,-3.459820763394013,-3.2585620558075954,-2.6516653970028425,-2.1903494901515876,-1.907384481516897,-1.342043533750259,-0.2579548052274883,0.02232881361863543,0.7239493063186351,0.6422726700639562,0.8931737159296321,1.9249125957066213
-13.184000013228415,-12.96530913053117,-12.5079281937077,-11.843776062866343,-10.705824764479894,-9.450290040493591,-7.932528960836495,-6.29044246210563,-5.3304170983869685,-4.365473328139728,-3.2691948633614096,-0.7013553520880782,-0.5376003966913169,-1.280879657376377,-1.28022183080092,-2.0414096306853593,-4.260456298818327,-0.49007921553245937,-2.3447702753392843,-3.7559977788489682,-4.493544604817831,-4.766785421970413,-3.471998954701461,-2.6885124779002103,-3.124124421397298,-2.858728200760301,-2.16625240010322,-1.1274728132743561,-0.6355872239958397,0.10147931486479542,0.4483509449772007,0.7796278601432116,1.7097038618105376,2.41998994828051
-12.190575480754504,-11.513734906475863,-10.770582727076425,-9.773130173041533,-8.742800137373925,-7.480350903079252,-5.778586239624562,-5.1199946953133555,-0.9035581311315216,-2.41462283679078,-0.9485805023685909,-1.731195703931286,-0.5182992514291885,0.1184950038296178,0.583820588006888,1.47046161060821,-1.3282246456468856,-3.210101895796659,-4.084519762818332,-4.055526144619836,-3.8313459525207834,-3.196506473482712,-2.7704726008316465,-2.9689769328492863,-2.5036530513251583,-3.234220520409848,-2.170424614758109,-1.9567883744187007,-1.131277929355838,0.07521934859124262,1.9088080214240035,2.7549817111506156,1.9323358158254107,1.1675507573250523
-10.118045321129932,-9.15838215041552,-8.295086555586165,-8.066752768871348,-6.248823386912743,-3.5673792323574105,-2.611867417030844,-2.726358090122749,-0.801241873716992,0.17436854949010225,0.011023506382974982,-1.1392348112460866,1.2258946279988754,1.2169263246668822,-0.33381833865148036,-1.4865967588013678,-1.5680284009792567,-2.4436384786970575,-2.364734315583274,-3.1214783695050707,-3.076406624603036,-2.0567588054810164,-4.552148757693235,-1.6260960055647968,-2.534849773322691,-1.0347979355441022,-0.16128446998194518,-0.5781766258478415,1.503870581420127,2.517394552294864,3.5215507039390106,4.219716425243293,2.4864569763667275,2.607904507238937
-8.745459938102659,-7.866049966664117,-6.562735917664107,-2.5616517576109756,-1.6315370873015653,-1.7603850190784667,-1.4039822236871717,-2.0306185126231155,-1.5382570950748797,0.03132588858986343,-1.7321418456181403,-0.2513565869277277,0.750093295405989,1.5743833332600077,1.4417578983702155,-1.194527447850136,-0.6106601714576446,-1.245917933644774,-3.1030046357615055,-3.202669642384459,-3.158009221680894,-3.0518150802833373,-1.2533513323101233,-2.4281935837465074,-0.22679612881549477,0.5252201074765537,0.8340311198176329,1.6484029445416715,4.548337706193213,4.5844379092681535,5.640213651940645,4.244045866910658,4.824695721508628,4.438170271751061
-5.187553954317719,-4.139515362438838,-1.580493419062599,-0.09633832966822317,-0.67619876979979,-2.2296702438874605,-1.7961635779871645,-2.649444138717723,-2.129113437578025,-3.2653293407426225,-2.1776182343634187,-0.03130110766325461,-0.08392126419559473,-0.049606300314141774,0.25126553555733566,-1.1999827963280134,-2.1485310773715782,-2.408463667527741,-3.3534640292126823,-3.525970865545974,-3.4531868118541706,-2.2385115952594674,-1.8164261683722283,-0.44117234694396296,0.924322942460778,2.354166134708748,4.25577199669357,3.248423860063854,3.8943931984401825,4.855192736529412,3.7338051012436955,1.5652043913405624,2.1638416665663742,2.5976278411967586
-3.0807902806427903,-2.6885912873836544,-1.924658422148161,-1.2794503887556559,0.013945432008813395,-1.7125831782099221,-1.9226387505905491,1.041009889510415,-2.21903277521772,-0.5834787331862915,-0.7411308843642526,-0.5873560220983768,-1.6472365048713578,-3.7377268360217175,-0.672759241400251,-1.4021882401501262,-1.6305830253791782,-1.446844334764195,-2.0739975809680526,-3.1467669126060103,-2.9971038131360963,-2.349679677340095,-0.6202233007026519,-0.00034128572047667044,2.258106668606662,2.6060805614477727,2.2736772839179205,2.5936264993738067,1.9320194544798117,1.8124993429530134,0.5783285351023277,0.3559528693404256,0.6594984599196346,0.23954457972560905
-2.250655612430842,-1.0483078077902372,-1.3737857238081232,-3.2903308756848726,-0.8192813025058235,-4.879343230660437,-4.1388382622329685,-6.063998596801467,-2.369664980002986,-2.8396036718280704,-3.4701818056439864,-2.4528668209446236,-1.1200089915176865,-1.6649871675205252,-1.700581773834996,-2.4737197525426122,-1.5938743441457857,-2.6889867624550483,-2.2520449574644124,-1.7997317729678313,-1.0183888941669665,-0.4254128686671035,0.25654819490764025,1.02843586998481,0.40427746734692627,0.0905848176709829,0.10056044867720694,-0.5751976389292727,-0.8263906064985577,-2.0496848972052466,-2.027539187274341,-1.1100064186793792,-1.7504718252259117,-2.4909579749997204
-0.9697225072527107,-0.9059558649729766,-1.7233302880031176,0.21445774614005547,-2.832983635124167,-8.558630562936603,-6.15300372572874,-1.4503098237232839,-3.289525116129109,-4.803361387869977,-6.519713316249379,-4.171710840489397,-1.7239163195171412,-2.7015613196547186,-2.4347871741718117,-3.1677480780053404,-3.7302342244342244,-3.1729130697469294,-2.5271360132470235,-1.9935443718013939,-1.7906621914844407,-0.5991086741697491,-1.377296587101283,-1.1644335399598218,-1.5470564763401327,-1.726465769648207,-2.7956083665007636,-0.6755165563944306,-2.4607965987757647,-3.4288639202470237,-4.156519036403819,-3.486199187709829,-2.868846927596212,-2.303875665496214
-0.6544798945056548,-0.17247747795413265,-0.3352377892710614,-3.3728898269872243,-0.9548949720766042,-3.302728171092099,-5.371175988584502,-5.690657228665731,-3.866215670902032,-4.447958981636038,-7.15993650806626,-4.620859880510782,-2.346477333671221,-2.3343735806453414,-2.0904928236713816,-1.259350688027945,-3.275872146826763,-1.570553094435791,-2.0610430607957126,-2.382589059361195,-1.9766192958687545,-1.9668445752547319,-2.8315693357490828,-3.1685577655860997,-3.0259385014110562,-3.094260667346795,-4.8831103461071645,-5.61036994674235,-5.660685469418932,-1.9401123617085254,-2.650605395390481,-2.1288346883106457,-3.0244889600819413,-4.12584441376698
-1.437769654995453,-0.07639832215949598,0.5738469489044598,0.29046981441590625,-4.061748651272055,-8.280679929053708,-8.229426395176619,-1.6358514671020938,-7.214044131634194,-9.314278459525221,-5.723597494482753,-4.624586827713552,-2.925727427281679,-3.1913762139882613,-2.8163759920064084,-2.559218042811025,-2.0510068216059314,-3.132279174411615,-3.579647175113086,-2.9328003492985206,-2.0639689074238623,-5.258667797940883,-5.008973194594962,-5.1062803579071865,-4.265698395366001,-4.887594529444284,-6.267532147905779,-2.6291100510452847,-1.4906973507644778,-3.468673611158662,-4.080138572006013,-4.164989285574154,-5.0753268762029915,-6.5430995965531045
-2.7119858406061077,-1.224150615897367,0.22328346386598086,-0.7338240421571401,-0.33166174439960133,-3.5517373508389785,-4.7133430777737955,-8.263121448206908,-12.159029340064833,-7.95840970749643,-7.008166593833822,-3.934154247517875,-4.34020169691233,-3.2429001306701566,-1.0831449202806944,-2.1072694497805737,-2.6825615986717257,-3.4122676123048876,-4.5905337709995955,-4.1223029761025,-3.723552361153778,-4.146703255621896,-6.462863455101734,-5.982136715014797,-6.546057600023933,-5.879203173764532,-6.340442217607797,-6.771126428316149,-6.5562961076904,-5.900889734091676,-4.466392278166457,-5.95751803038284,-7.067805236320103,-8.253182927347842
-3.6706001075983163,-2.8523534658689305,-1.2117815873851978,-0.21715762664206892,-0.42681125097245204,-3.242406973146459,-0.37893817067024316,-5.065243720669637,-11.840082835879759,-9.322923658429415,-9.047803696427886,-7.436155223182085,-1.7519086975216474,-4.4773350855322605,-2.290296396023525,-3.912629673753897,-4.5443312614041655,-5.9608341902122355,-6.847441134712217,-7.952799113966092,-6.941392841625203,-7.778327744614854,-8.249712238579997,-6.577273940086546,-5.669600480188364,-6.531505882775684,-6.9151199702871455,-7.561551455523892,-6.69228830978396,-7.188429242356518,-7.023545755760508,-7.5803390493693765,-8.721322433233562,-9.489940290383926
-5.5893574931771965,-3.321979157326645,-2.7670275883610898,-1.3628967313069082,-0.4250814869774959,-3.733069034610706,-4.005657607196729,1.152853237743066,-12.104362467847146,-9.180052181673787,-7.291553024721333,-8.00092601362235,-6.992976239163456,-3.4787501638261205,-3.972640537980859,-6.559466976752545,-7.761673139140967,-7.3123160651030155,-8.3246234144167,-8.943416877812377,-7.682792927245629,-7.705745068634546,-8.726467061917242,-7.250965715194347,-7.97008150841955,-8.496605776391727,-6.826772245658855,-7.032872517538741,-8.447327108233269,-9.937506636485425,-9.620300885097981,-7.792969023422974,-6.061939309504288,-7.876158018585823
-9.736547876939895,-5.877650443205293,-3.2569775042538165,-3.460593361670237,-2.609546095851293,-1.2954728267749036,-7.774707155554615,-17.56592880600119,-14.928638308998245,-9.711893773844963,-6.936551037390104,-8.494814667321823,0.7995177032757845,-5.138026523398154,-7.147695627486071,-7.319391524626729,-9.005274111395675,-9.693090942163607,-8.854389837030743,-8.853661115618811,-8.626020162577769,-8.08011325176109,-8.616492400711651,-8.0014306535762,-8.560413777235631,-7.000755053142212,-5.987170613813825,-6.597623371694104,-6.178883694101154,-7.063579871427714,-8.04609984921572,-8.000029315173245,-7.428335755831935,-7.928616065829235
-13.110402166844274,-10.17335903040437,-6.718832105834214,-3.347232745641503,-6.792859896819487,-8.001293795684822,-12.981069354990398,-9.765978218234709,-15.436758697859139,-14.30302621284295,-3.0193612522579723,-7.068532186700281,-7.494922770557745,-9.961079207452697,-8.12947471490641,-8.885370273823455,-10.869125506514033,-11.252740920585548,-10.781099211865314,-8.363642217612277,-7.997212226699666,-9.16718149268245,-8.702973277070862,-9.14412216078733,-8.065137900763961,-7.7346208407387325,-6.896698976340837,-7.421528079268191,-8.443182042046642,-9.377874951357638,-9.52355097182064,-9.63398187389721,-8.678715388708783,-9.095564121775002
-16.666984924228085,-14.565598077059311,-10.944017373045487,-8.130203582813719,-5.844488552012081,-5.580262924478708,-10.678299722672508,-17.61419375306604,-17.920459680238952,-11.783966892712503,-7.066252080261954,-7.011688138895715,-8.584179782829064,-10.16948083453521,-11.016925904276423,-10.072005585223723,-11.156593774261719,-12.353293029097935,-10.67497381884374,-10.50312523356521,-9.83474519302511,-10.673055164884328,-10.33800915631187,-9.694742748377084,-8.935983495947509,-9.097933763293936,-9.671014518803142,-9.663626478572345,-10.608982582882302,-10.209346904150731,-10.317029330537252,-9.292613671429862,-10.05808088980796,-10.572241383368983
