script/wind50m.json
{"header": {"parameterCategory": 2, "parameterNumber": 3, "lo1": 6.000198445256149, "la1": 58.999992894266676, "dx": 0.5, "dy": 0.25, "nx": 22, "ny": 24, "refTime": "2024-04-29T15:00:00.000Z"}, "data":
[rows 0 to 23 of 24, columns 0 to 21 of 22]
-0.17985431797452164,-1.7625045908367287,3.020109189181557,4.489852328758446,4.34636452898615,0.8393270466436499,4.5381000274062835,-0.3913785072124575,4.797726848209801,3.72004116115959,2.8416017415770645,4.5617241045992545,0.017117237995761713,5.29786344478863,0.4503347640819151,7.0839499154705425,9.394057793771747,4.517614490067877,11.176325381347306,10.343521534592515,9.121032265722379,6.130744322606027
-0.34472646706998644,-3.0622991295434483,2.3293141265881983,3.933645689608261,4.147280736249852,3.6105149794856444,4.18794540454127,4.232046609770868,4.251846731391569,2.631118136527333,7.492552980312629,2.801538602901606,2.229358379003221,5.759170888290437,-0.5501558155867424,8.143553931865199,5.992870947795144,11.512777773110248,0.23910812634777928,0.8402742176288601,1.8413146597528733,8.009568082940493
-5.027760738842113,-4.051661365749506,2.272475416179384,3.558146820640493,4.20107503581916,0.20875742243398682,0.83797880827675,0.25471851235772697,4.541551535545946,4.921390724068458,2.689528275969968,2.4766343751616335,8.57889936999455,6.223205502457859,2.5695829473378486,1.6164380888685321,5.054154190794607,0.641812365896906,3.2074281908355307,8.649991685492683,9.172976557045622,8.486356720830084
-4.250761855062335,-4.403882112527577,1.8198635476133513,4.124803800046309,-2.1302689413494895,-0.323677820194282,2.6880467044773306,3.1543491877599217,3.1495969241074637,4.945832599512437,5.870660265440841,7.608727805944908,6.169911688789701,1.2774974218386386,5.075868382195238,1.6914040597312971,8.445085450960592,0.727116481645065,9.3534933714266,10.256380459626428,10.929270742055822,3.213524762861013
-1.23636446501522,-4.433553247005435,1.8020333667151136,-4.748031109231441,0.5050350442949184,-1.474621385278007,1.2317519182585779,4.6167246656424155,5.099326768702259,1.5976937628766523,4.592143366983904,4.247475862145736,-0.8810747754610737,3.7436602711112257,4.084248444562514,1.7997848088974333,10.059013563255727,2.7607694033393244,8.269134329097378,-0.49446071833318633,3.7975467542700017,8.05606096248568
-3.3210568143429318,2.4086216696925637,1.4860080758870946,-1.4085824358334644,2.1390877506681094,4.585130141895514,1.2354126390937699,-0.14715254621452,2.785664401730567,1.8994958845691632,5.187673281849983,0.6491944637669007,-1.2007751229935633,8.531571921622472,4.094858522077321,2.2552535811731325,1.974633631959904,9.096077959748982,-3.4376002104494607,2.973146191057432,8.755070695609108,4.489426677592064
-1.110808557096195,-4.176920910324651,2.6134231527379366,0.7063734464666371,4.265832211402683,0.40734724390356963,3.8677394574628225,4.293232820329914,4.7963954585264466,6.1642921741644,6.620229425667314,7.790673260983786,8.179217563475026,4.771686940397082,4.698956006867609,5.978764137937499,1.2549426168924884,7.98126305685719,1.5591561216426246,7.48534412912549,1.3978722098765153,6.125877158452894
-2.9864877500213796,-4.467541995242124,2.17748591928321,1.5330471492453457,4.745484647865655,1.1997745200522392,0.7078748732779154,4.558351186533269,2.917075056381704,2.691801681744488,2.644312612524644,3.7495377567145627,8.075146197958007,3.9732461155667798,6.265643532422047,1.6174065149584322,1.501887242286953,11.403683000183824,8.417681612411215,0.14121379514378174,4.74551602137691,5.647667797658377
-3.3690257744257135,-4.804211121117447,3.0618878790153548,1.5938753270380348,-2.509545164912682,0.062217979538415666,1.0009608007565065,3.643279969188481,4.816404030552747,4.3177781532756025,6.008632188891269,-0.1093032009403986,-0.04475231244457424,5.830602642505269,10.88334778790609,1.706914607087452,1.5996926257791642,11.448400129965474,3.0590245649563728,3.159316569394569,9.444144780031754,7.374582746378295
-4.709595841122363,2.4637445026018177,2.498427217626447,2.6630956129587458,-1.973460597894949,4.152690267392511,4.573964424501554,4.809904561073066,1.4907210475538095,3.3158830893821136,6.897141247553699,3.232669753234556,0.1889064342796353,4.528293464668538,1.8471676953843517,1.7679623841730954,1.3055491688679992,0.46861922970646097,11.25486668525323,2.7476074192916853,0.7448114909954883,5.974144838957817
-0.5114344042737985,2.3981963033653657,2.8837701495835684,2.737523581921934,1.0583511299885058,-1.4667572865723046,4.42126671332342,2.3805579926419127,4.787709844553534,4.9508071695143885,1.9888966411734759,7.437982248743743,-1.7883907907121273,1.279787099872457,1.3501806191219503,4.045574564007244,6.803338593852179,2.8148372738234624,1.800212277860056,10.662194572739924,6.660034048272662,7.929930599205222
-3.3073590584327737,2.1166405589710995,2.9568486121057105,4.252567880372795,2.419831461814266,1.1128437431886067,1.0232704106966473,4.308963155056766,1.301997445015527,3.4995254546001,6.03573972632299,-1.5070530727739329,8.194749154085748,5.847845044797944,1.883196544537857,6.576146312597508,10.307171852714937,2.81800188562399,7.878774026283003,1.6074272470370385,0.9506663775958224,5.695335226703914
-1.7069792209733035,1.70275147713465,2.334286685801589,3.4587515462789207,4.569546479665555,4.151286823523114,3.416677319626874,2.3980735992193143,3.379599760966606,4.666186690080566,6.797953309408676,3.160480961736388,4.493564053949151,8.531843695567893,1.8901144537601626,8.56973776716165,2.7995325321234965,8.777388288400676,2.5170556840327025,4.8829600697434525,4.179817635680855,7.841921986419875
0.1684346932764919,1.934322576398928,3.0491855875484006,4.636806313869097,4.138312235980704,3.9831862446216286,4.620423161209834,3.7296543451715096,1.470856889319002,2.0645788182135005,1.6867236295931585,7.500286391195037,-0.2597529507756735,7.9625154968978,1.2638608291707365,1.8326663073029676,3.8229308058472027,9.329235031198008,10.795837467498796,10.31187470839542,9.12920854683113,5.740417465051178
-1.553634699523015,2.0438983734330924,3.6731528271523244,-1.276236772161077,-1.3394057234768595,-2.0248131245885057,-0.35026748574444977,4.718637078957805,2.778695949886087,2.1299500816701653,5.953667388822022,3.881833106631775,-1.2173676500620636,5.256833573729784,1.2159960301850603,5.072369807027016,5.818951460172469,-2.082658939904561,1.1341061866319953,1.5800003367571938,1.7462236577187973,4.231467968269763
-2.744068451954851,1.3033054929321406,4.409612360602283,0.9243464828109688,0.917028742327654,-0.9282561310356972,1.6505946161903549,4.02095239057562,2.1014783695601937,6.4542899088877235,6.087506919555792,2.5597014348684333,7.85468642269193,5.5963857826253305,1.1450719409833852,8.240285884508598,9.119121389715465,0.8059670802577207,3.5998704775513484,2.7177023164881904,7.149276301069805,8.644962619419669
-0.07954889207426243,2.199426803174456,4.028490960521038,1.8940922354665881,2.057781502028291,3.9700111477486417,5.567561605597826,5.505871584136596,2.964289015653313,3.306391073538582,2.4181354761366904,3.1816080510267097,5.523373486394763,8.350552835443297,2.3486511106990062,9.759157796085487,2.0662987398333903,1.815748107351052,10.804734677035114,10.47534477770991,1.2901049365152348,4.783835161453699
0.34209774272135496,2.441265764815792,4.047871677565872,3.0353541405228777,4.2451786004683365,-1.0244910925874218,1.7545471315066143,1.6575565603892204,3.4672577361461028,4.476224465594803,6.132000623462566,7.440473785982095,4.954789393461387,5.304590928530822,2.160634640264718,4.823641638120756,10.939150194776511,5.105823955230288,10.601718678531396,0.8348775203071573,10.26444768006615,9.163653657835967
-3.2388931715438245,2.4956002164943434,-4.677554821477881,2.552138742581055,-2.4578095594596365,1.7144216760446396,2.9021454076802087,4.126943553782357,4.084087346318892,1.6130857653604447,7.881191624115668,2.169372090704919,0.9592816633260266,-0.08240350818346918,8.562256082187451,4.452979788355435,1.5386222221134107,2.0845471266692126,0.8450717611792101,8.90905867169468,8.712526595508264,4.035472979944707
-4.9345817838595964,2.0112388879807512,-4.711499106142807,4.232583281676377,-2.605288291803519,3.631824282807516,3.7966938482972825,4.725969502350389,6.280342053438825,2.7123508056679695,1.919362099254079,1.1732945929890033,0.07761311328918698,3.637886259350859,8.485730866802452,6.775018969640066,1.3182219466728426,11.085399293271252,2.786624054300769,10.358262904363945,1.2314797761751821,7.833523283528189
0.2577619121468048,2.5480082536990256,-3.1835029358094467,3.9218070742398856,3.5096577401300846,3.5861633758369065,0.7704627882986141,4.063503777899652,4.59985414707482,5.469119136211926,6.808219866775622,8.209702735208404,7.952078640542614,8.75328083854981,4.550291595469803,4.067900489822814,3.7488635939687796,-0.026723925632935776,4.495497547072672,1.795448109271669,8.659539102607521,3.3770478629581797
-4.057490130935258,1.796095570864774,-3.900486689602471,4.601445020684122,3.899036763100933,-1.5747993022552342,2.0744258216694615,6.016532746812324,1.7984740884168955,2.2513879054745276,3.594623034372837,5.271268725288102,4.930457192866453,8.198137542854885,4.085683649837662,4.123560129807454,10.116343917186388,0.5387307137122871,10.624372210028895,5.003946535467494,10.761540834096733,8.076952171177187
0.03336407711891715,1.4402325942350613,2.5796753203604728,0.2568874277133575,3.3239860604256046,-1.876269103465502,5.472199652027321,0.4364998164260082,3.0379272681371488,5.637817911079458,2.4071544974713643,2.127104498593505,5.4839232444663,4.763861979904336,4.310950447301956,4.760140559961275,9.250571219281092,2.22224070575083,0.9383512288850566,9.751637491233948,2.861866204112228,5.599710597614724
-4.248863145160937,1.8388582987109907,2.4859004260091937,2.707770437538873,-1.2571554049391138,1.004753725640273,-1.6405531574899328,4.188577837522003,1.533041770148492,3.2310317326170663,5.62519652659101,0.8999213167411498,1.0495275306191862,8.470000904767623,4.859086744131227,8.05625108119959,3.6335400476614663,4.6282912954751945,3.141390710226103,0.7574757819025916,8.517750056122592,5.750630195142739
