script/wind10m.json
{"header": {"parameterCategory": 2, "parameterNumber": 2, "lo1": 3.000054539987559, "la1": 64.9999836372058, "dx": 0.5, "dy": 0.25, "nx": 34, "ny": 52, "refTime": "2025-10-28T22:00:00.000Z"}, "data":
[rows 0 to 24 of 52, columns 0 to 33 of 34]
5.7634884035552325,5.971260863433575,6.295373397961105,6.762579449802693,7.0874876572963394,7.313359843283492,7.663465773627712,7.906606911090659,8.14409625055417,8.000348052657365,6.604736270253788,7.095626025087347,6.118917333009038,7.447434989164021,7.835524157850066,7.5741615502832005,4.242733036828395,0.6624368527541961,1.1882989135129534,0.8380171752127696,1.5352076269856711,1.115545477677673,1.7251816122857015,2.8284471892557344,2.6425458052464474,-0.3283314427267113,-0.24907118610053672,0.18356909127635998,-0.21211107115500116,-0.27196658719433264,-0.7908011716020307,-1.3342221532915512,-1.2806683174665725,-0.9627402203895716
5.523851772638719,5.700597576369985,6.031095419081564,6.603182009788081,6.810823356677802,7.1448575395931595,7.4549391926889825,7.895218977015115,8.343762604010488,8.636448443625167,8.996568915676685,2.843759661832002,9.44088420835381,7.742948295011995,7.62739437754485,7.2455313251487246,6.227119257642678,0.8725829029950626,1.569896116948705,5.481704523147047,1.123853390051711,2.704688144901066,0.7652678131469431,3.8706688656708184,-0.24898386677437898,0.36159830664862136,-0.07109344400085787,-1.2005709857739892,-0.0026080242502341633,0.27138575118815567,-0.7607181933786166,-1.0609663797610243,-1.2030564726433566,-1.3334394419582085
5.110452739792613,5.44663977692722,5.726418640243232,6.317007827027603,6.678774717634909,6.793427488802742,7.412446231790536,7.318343584987566,8.05501266397337,8.30444344807518,8.539955603938676,9.326437080726912,7.99900985135276,8.363349491590379,8.593198541585146,7.702295336534362,2.9295547458720947,-0.12145779488262126,1.8708937484792847,-0.5614440561374611,3.9689259847089975,1.3585702873330672,2.190873034211837,2.667524070848051,1.2110865316839878,0.18556679428240494,-0.27761644510571826,-0.14080475219428393,-0.10902532361771225,0.5639611685622021,0.37342319648345806,-0.5308852271522384,-0.9372340104720653,-1.1920587057782777
4.523471063503672,4.917462526484504,5.33421699916095,5.8398134453613135,6.2131301748612175,6.632699628272928,7.0131459741917705,7.179029671320464,7.328366522927297,7.983075174152275,8.412022176923868,7.188881912512333,8.196178161178025,7.750994786258731,9.076515614923395,3.223739534051234,0.07135048614377772,0.2666317344663071,2.4526354522180327,0.5298246316675485,2.7835798623440606,4.045367273442896,3.1649242177508934,1.407428076123016,0.7009816583532719,-0.23058387943040448,1.2616284411765837,0.005848613188942105,0.2233317780251054,0.44842786154901804,-0.5220765621558807,-0.6885453221637254,-0.9523359195239307,-0.9141543219061489
3.9479667295397607,4.213731430615417,4.6021932381451895,5.227233992026001,5.525585643787013,5.782283548681717,6.52287277579144,6.939920586760257,7.220760989416122,7.075255907553095,8.037505857259365,7.924224152030834,10.245242011603263,8.5612776569483,0.6226366024258099,2.2779536301382555,2.1656244866822574,0.5338286896941105,2.012921144497372,5.988629544645049,4.361893394842891,7.895254783205598,-0.17560330196968502,-0.0695346645971893,-0.17204571658577458,-0.3059780104047452,-0.0005508294558035295,-0.00637227455534049,0.2696872455566936,0.6240363354283331,-0.48305832436628454,-1.0825981131636373,-1.1995329502977075,-0.18068729815252216
3.1812499904548033,3.6328867577446404,4.108533961598701,4.725240693348644,5.116637237772457,5.500260552857877,5.848354136227463,7.519911381415574,10.252277935022468,6.1525139498220565,8.068131181790124,9.318753536405055,9.084008177412743,7.064470143118831,1.9484977470023515,1.2826184474403288,1.8444124085989142,0.6142271233945804,2.92043249057416,0.6542356409451959,0.737687942947672,3.232208165833413,2.6380148592326997,1.6954595033679087,1.0878003546148927,1.670226459520194,0.9119565367116558,1.0448227772134415,-0.10971401060801293,0.2728216851068166,0.23143123314060338,-1.0296069366663494,-0.9644651172434129,-0.6862684236599093
2.857598720187568,3.200692614627862,3.688439362988735,4.5990955835161795,4.787208039540405,4.95610166042154,4.460126251441411,8.49067324862958,5.824102986780253,5.3239436097515185,8.406802853625884,4.001920887384367,4.719750914963191,2.618522331742138,-0.0968615006903905,3.568896035539906,-0.14675633149556377,0.9221016867257531,3.8451420135282257,1.9516791388090289,1.965156968569106,1.8444770613211317,1.0400339280165747,0.5023094961226615,1.579344860478137,0.5331334478331929,1.8543114529995817,-0.5481830300547527,-0.2535831057345331,-0.07824023663694618,0.6106535447755339,0.10203548592463747,-1.4196754588624148,-1.5609814535639013
3.6955462579963085,5.583051812280386,5.733214208809015,3.917899299685948,4.556286810996641,3.993816037981537,2.0103028743012064,7.538975447492047,4.014664419947089,8.69496159072125,4.170128881977571,-1.2518511877272882,0.15520945430990923,4.808723374032485,0.23095317106278315,1.3981454655205152,-0.22464634614176401,0.9509901718614542,3.5549974205629122,1.4665287743614335,2.203477155708737,2.581609877551155,1.8257032909904234,2.2490590601103224,1.6108044034489846,0.7957126838065001,1.2015656911450943,1.098933850236368,0.22339919153115914,0.1384859293257103,0.2796469813575371,-0.43221335679681144,1.235266058615902,-2.5280811095094
4.3686199803307995,5.751783789729175,6.205360274512902,5.3072903677689025,6.303671963369689,7.492999213706841,5.634322923162335,6.085522816888727,5.537775299943321,1.776187382658348,-0.9200872246517825,-0.2290454718605345,2.0066005046640885,1.034526053628916,2.2834053033519304,-0.35153465463220823,-0.31119727272510833,2.55250858593015,0.4933207528817452,2.315327179999769,4.468251945205789,1.9633989883181433,1.3095390573108534,-0.6253147512226592,1.6189558110651583,0.8357145064484262,1.5411181818671804,1.2245261549818307,0.7678786551631746,0.5068345818693613,-0.22024730097845202,1.5349678688203534,3.4547187763879235,2.690032431499611
5.587494118602021,5.732331306708329,5.557853508930222,5.451554438599655,5.990810971948918,5.851500197971892,6.22120138753649,5.166005171637728,-0.19234508329238387,0.9768163928378555,-0.83797893081602,0.604679579663116,3.352081078116404,2.046969012962471,-1.433781369036831,0.8917596112622316,1.1470561149374208,0.47337505637985583,1.06521323704748,1.7423817830684516,3.427655125560242,1.7320505091614977,1.7685282552498163,0.8297985139641877,1.0697244062296927,1.084763549204692,1.6204866303010372,0.986552792840085,0.4413905835276596,0.0242256620924714,0.03582829771726569,1.238982738544653,1.110787954804082,1.9630924953810465
5.1993523302183196,5.136714380272437,4.9339970760338066,4.5425802425922726,4.942355857200316,5.702654071714147,2.2499166879050865,-1.667370434822109,2.1446224147657658,-0.06572780081671878,2.0235924984476505,-1.7287633913508804,1.1932841479585152,5.733100506939837,4.6067302051466825,0.5869497472214491,0.5744466795917005,0.12022037364150105,0.2613803792886406,0.9714452933377284,1.527947611363246,0.1729920158390615,1.2585390908080003,0.4679561660663968,-0.41838908469988645,0.6608826549222832,1.2802152977499033,0.47281081193508695,0.688400374841831,0.68120660178629,0.839390159109912,1.7895865886271116,0.5282716428843888,0.6642677224132078
5.211453454837992,4.985825794261938,3.7942300193459633,3.3990662262802083,1.847138600566944,-1.5184244886204519,-1.8419338777701868,-2.409750575116179,-1.1039739247460396,-0.5211371740186067,-0.6080715832507411,2.3420452566127934,-1.947762764774713,1.7672063309315358,1.865928656700248,-0.2052345505269267,-0.6917471580813292,1.041362369995843,-1.6583300035102404,1.1256568156538802,1.5457186207177238,0.5822504027753783,0.5558851134011608,1.058425322612821,1.184864204985757,0.48157421632505454,0.6262570180828312,0.663696752562751,0.4450757166192908,0.8261458803487756,1.212216031592734,1.4561829351780955,0.21171413067534178,0.48634640435889215
4.911319733242099,3.126076957948932,3.993210811420576,1.3919309736076837,0.07490032268515712,-0.7616133546885672,0.5040399706382563,0.5093123073246464,-1.3524995225813914,2.442116227872571,1.29023193074475,0.7116171466368281,1.802907536313355,1.4653180048088024,-1.2901712963479135,0.7965718373292171,0.563733452792866,0.6831959246148415,0.9080700088003529,-0.24135401346063665,-0.11299867472831242,1.3121832352526002,1.0168629500122888,1.6039811939555904,0.845731583752117,0.6041769958887986,0.64580755317408,0.27188463144316005,1.0549500888466454,0.9003255321770365,1.5876327041677836,2.2479214459545434,0.22031627934872627,0.5334448286777312
3.905095606661077,2.132234307316881,0.7278572935642919,1.728631777188697,-2.4041951993884942,-0.4438460534462693,2.6427359271138617,-0.44669891932832967,-0.25514169325654845,0.11062370666005743,-0.2181223325161943,2.9974585581140802,1.0094446198975457,0.5300061571460628,-0.8377958125785229,0.030992939693918746,0.8989640967867638,0.5640744917863626,-0.5321940532323874,1.4793889106338,0.3095172401463356,-0.7167252253525019,1.662042232316461,1.6901215039572566,1.031707089731919,-0.005071361775492636,1.3678729946589288,0.9068976693032765,0.0018444928738319726,-0.18221392190754956,1.52712768736833,1.5519210167466415,0.2196361996644626,-0.06422493177208785
2.933912662283394,2.464936522163078,1.6238027431420259,0.5093454746093654,-2.810424042898394,-1.5908371371608663,-0.8191613959309927,1.4166916784599264,-0.8480546008066941,-0.00939934557444933,0.17880320716736453,0.10257067270792283,2.219036559078088,0.27724682812755325,1.646795381124756,-0.7164646903336896,1.432342572005078,1.1228931125833526,-0.6286432563429261,0.5217924497360908,1.574122032293914,0.780518513723568,-0.5113072355543828,1.4462278719486228,-0.0626176437386854,0.6773882550742238,0.5454054875763937,0.8223876151981002,-0.21656649405683015,-1.002627050822817,1.3921490146103959,0.670697435887124,0.42498399664929964,0.45394998164353545
2.2221831175250806,0.714796777123719,0.30230411281451475,-0.39935598163448444,-1.6061506898811073,-1.052975294774101,0.9061570735546447,1.3328817909950288,-0.42085071325722223,0.29588580546272986,1.5606062324323082,3.6795755399155587,-0.7375671353841862,1.1094040839550967,1.9282401945681433,-1.6203191746580037,1.6005394784639164,-1.0081447475700425,0.7912013047176095,0.9515552633642235,0.715222692326353,1.5788386660418703,0.621890413150331,1.4572953284621932,-0.2842898474061836,0.7958571826306694,0.8819007559674364,1.2254540455457736,0.4618348018773706,-0.5249622410015061,-0.2949623364685079,0.4923512765825782,0.16815295811426645,0.18696261866357353
1.5245610789020623,1.0244958910116162,0.4518576440828974,0.751801065793768,-1.40675252348552,-0.920680422190607,0.20438090597622752,0.18492190680232384,0.34104599133071983,-0.9529425260221025,1.8168895439960715,2.75414307092729,1.0520197595700262,0.9041912504736438,0.33676715566253035,0.5670521876890676,-0.8481272054706142,-0.6645654030857545,0.1829147174733869,-0.6423899543783625,1.4077724219952814,1.7755205723402043,-0.6453348794340168,1.213374613454621,0.9232799873234645,0.8165020939138012,0.4144084800789971,0.5677112203442864,0.30536394597444094,0.36708212187271877,0.9570776494120138,-0.10830978908374603,0.3429253280263915,0.3042364325131891
0.40309565069574815,0.6903424627213426,0.4570527953632421,0.8807655515897169,-0.9055724144561803,1.1171980598579645,-0.12377143872740946,-0.5457386357801575,0.5244090288227174,2.19032798082518,1.4956594997161108,1.316298202118831,-1.0892908772585044,1.126593999416226,1.03895055038602,1.931063091653608,-0.026607094754993375,0.17189197536814033,-0.16419802342792783,-0.9007775040330017,-0.5288159307232417,1.0361953092871024,1.256895615917512,0.5776372614740718,-0.07012737748914571,0.3666854784458758,0.9533271202681377,0.5340186496561046,0.3154491003900392,0.43303240775213653,0.6873057617475569,0.9577372983740471,1.035141463115345,0.6977879678300807
0.44240606462884513,0.46006168894752797,0.8683366738098599,1.3245449352456007,-1.8829040387631129,-0.6915846534831571,1.1711006028618163,0.1583922436523385,-0.24348199929838638,2.8466831338860756,0.7674956998416106,0.6611051570241384,0.8690646401468549,-0.7220662961755766,1.5460107722978,-0.84153449584491,0.9313394747916866,0.24694093830892944,-0.06353721989480293,0.26759561758829714,0.44206422633210163,-0.7430925251017324,1.0082048719695673,0.40763488887867605,-0.7310820452367599,1.170152879298844,0.660873014140428,0.7124145436119976,0.4223462306013643,0.3217708337091499,0.9816943181329264,2.0100397696464243,2.11754612226828,1.1633218563032166
0.5526899500482946,0.8583696683075143,0.9652858747510937,1.8318186512475234,-1.7466161197881915,-1.6184131356404345,1.117308483313979,0.8432383540124901,1.3058625257454932,1.6064544266312637,2.068762743176401,3.754253240011628,-0.31459787185234855,2.4974841500934093,1.0093237740547125,-0.31136764094342806,1.1473408095176865,-0.0002745472171910513,0.020781311963388123,0.6856048067072681,-0.6447746913377985,-0.771804756794434,-0.7410987180307157,0.1362896476771531,-0.6422441504288662,0.8993852054501508,1.1733063330924594,0.6770622387660603,0.7391296587195658,0.6421326404305245,0.680921501854032,0.78045850453912,1.997772652818163,-0.15393540881736786
0.14416165689882804,0.5520843878914087,0.6006298840945113,-2.0910969901272183,-2.3006926666276915,-0.947342701393611,-0.98047307345734,1.7453537693481813,-1.6964124387766142,0.510236529666215,-0.5367399305771502,2.446699442669594,0.7249875052260715,0.3534968734221325,0.9970962794889053,0.41223412044957175,-0.04123977752160195,0.05596014878311098,0.34060711875262006,0.06596609095357353,0.5050706479074016,-0.18560073205596334,-0.4718842083535665,1.2556789698542339,-0.5627453542942777,1.3807757936772251,1.1651859338162027,1.1695483726332823,0.8538013080141698,0.9432607533748999,0.7127114579848554,0.5990165853170576,2.996131460640227,2.188554466640941
0.07121239828781852,-0.13840804532350542,-0.3481263237478031,-2.3402230839067264,-1.533449899582771,0.08247550299684056,-0.9324403927101765,-0.46414023522319103,1.5160261991836876,1.6434138757916548,4.0282548625339905,2.4165378040346037,0.7077949247171225,2.2421720951229522,1.2179681338777661,1.2310890713815776,-0.5033681601138451,-0.4668425937375939,0.7695664288032565,0.454471362707909,-0.4874278482971601,-0.7811099056520451,-0.09191657093449147,-0.49368476527759936,0.8942570209278876,0.804100777891638,1.0331483212376749,1.1574472845173835,1.1824042479844576,1.4780307025752077,0.9667417120835413,1.072206698360315,1.097302922431537,3.0197629954737035
-0.6983787584257447,-0.45794411932740015,-1.989668591471849,-2.7379976851097445,-1.3927031169913335,-0.8504464999638595,-0.9794979701097387,0.2594713780548386,0.9259955424232768,-1.9592412348589725,-1.2938891913219643,-0.919744088107072,2.370953254293062,1.2126273351676073,1.3162177641341817,1.0483205802481768,-0.4188875795987349,0.5778984697537739,0.30745153375151874,0.44787040859491634,0.21179187670789323,-0.5349799496170244,-1.0165461643307272,-0.46607226157527104,1.2203048588251262,0.5606573426195437,1.0269791594180955,2.194108789378998,1.3642472770881724,1.6086400650537622,1.1936058575058608,1.5679458576153094,4.042415953075619,4.9370369890405685
-0.5292956934448647,0.9315810011183493,-2.4536295244197897,-2.4927359614943403,-2.1330668326161364,-1.601092929475744,-0.27742663471690904,-1.1716543833993225,1.1701101129191205,-0.9300345352100398,1.379346987713111,-2.110167079948913,1.2828641246095678,1.8201788536092645,0.681454292292684,1.957990042720864,0.9450696578989681,-0.3401504650462502,0.943694746078465,0.9334521782334114,1.1102704200627698,1.797547169370578,-1.0332175795903582,0.20963637457427706,0.5959851723655198,0.9516697099535655,3.1811321030688013,1.636957002487071,1.5002159716796541,1.852696409629344,1.8597970674705162,0.8959551761189972,3.2625927396950343,4.579119385198027
1.2760165508001438,-0.14347042597427176,-1.7164901227474356,-1.8786636491973296,-1.4636582226166917,-2.23200958349963,-1.4236598004673635,-0.7962946543057507,2.5833026658589793,2.140258610383145,1.122306348476995,0.8080740627526909,1.1952161056797468,1.7771229512142241,0.9262771546282058,0.8175401432197816,0.0806009379587945,-0.45235676407811315,1.2897239290285585,1.283463181616359,3.6857483699504185,4.576790348297068,0.204519772166471,1.3745047623715638,0.4941775573175192,1.16872404753789,1.786900559190365,1.2694081825207093,1.7196922939841306,2.1271274222453247,2.083079161367641,4.323188409591561,4.245618775992908,3.386012782524217
