script/wind10m.json
{"header": {"parameterCategory": 2, "parameterNumber": 2, "lo1": 6.000027932988019, "la1": 58.9999434238085, "dx": 0.5, "dy": 0.25, "nx": 22, "ny": 24, "refTime": "2024-07-18T13:00:00.000Z"}, "data":
[rows 0 to 23 of 24, columns 0 to 21 of 22]
2.23779854345126,3.4851024502997747,5.51255221996097,2.036515960946995,1.5846216726491342,-0.32982315489106084,1.16995467739344,-0.03531030137523511,2.020217646144068,1.939123397692113,3.465678494402502,2.475014119060033,2.5578429770738915,2.3269277490728304,2.9680880418674147,0.06331875660899271,3.6239717063160373,3.9585222100316737,4.117754667761953,3.471350231962778,3.8194285530805074,4.202692482368413
2.0295212590691585,3.2702541939830945,2.695991156347244,1.5391010480926381,2.500059704720938,0.6509215077397806,1.19749466712361,0.4289495412127376,4.326057036772385,2.497516668173579,2.604221515461168,2.196664995410512,3.0597998146151157,3.4200198118425735,5.142302753100898,6.736207160724228,4.450899071178602,4.247392608423218,3.6484126055849955,3.9608412039095406,3.8804473415808443,3.745830021018818
3.2382066881857408,2.1527705143467246,2.6016202338217087,3.1325167492085124,2.5517209155197063,1.8666194443693631,3.2822995062191094,6.495111666699566,4.798721655814739,5.622781836507409,4.636191022591486,1.9734729327004297,2.808492464778068,7.345295272999716,5.0060483020367155,4.419381582200188,4.386542578798112,5.666376225002621,5.60885278763099,5.491495238049585,5.623575966268396,6.166123113602784
7.1373928176593235,4.785233760343811,3.190723196772745,2.9050279046304595,3.087016187102505,5.352384578462669,9.566606905743555,10.262556321001892,8.789536389695574,7.947859665158527,7.992726836017661,4.0141980779889845,2.9552271724687915,3.346543161875217,5.2035976338158765,4.805514864084931,4.400530007601032,6.343438594323214,4.269542827475195,4.745776832067457,4.330115653916122,4.460041112796641
5.596535877957973,8.42387243287645,8.075268531879583,6.141440629773626,12.682887774653043,12.500221178367527,12.262149269506537,12.102277840331155,10.74904138840697,10.035043853264469,10.65279225631858,7.197558898209831,3.861025076311153,3.315327232678242,3.879461492942659,4.343645376154689,3.614096442441633,4.177901034382743,3.9269774658330836,3.9729584357659053,4.234341034019287,4.235573555157383
5.549569147359286,6.641374102689839,9.165479360108998,10.603031691115824,11.488822036741853,11.629704473724829,12.102148232845968,11.599653525593887,11.546639037098032,11.621335777152673,10.878905206331197,9.494857691306027,4.979655948515448,3.9169576764058736,3.8520631798625233,3.9161697082448237,3.8367003039455696,3.5148801357725765,3.5875369056948885,3.6257956323485283,4.014924778386771,3.6417109481915078
5.7515006095853005,6.160585597509476,8.16592441587875,8.625006488964237,8.615525222933448,10.106327843849122,10.193334498754417,10.803918526726541,6.723230362530471,8.985955560728177,9.120601708972634,7.15148343546129,3.2552957976142887,3.3656247397780823,3.6490513075362534,3.804515464851667,3.707060056598816,3.752122775924552,3.653524298747707,3.6185032860643576,4.0360620309097,3.7855439898912997
5.793241574558879,5.955459880468802,6.065412503938106,7.327561284151637,6.721398169131511,8.476096340957728,9.353023266503428,9.542773338749782,6.614586054175063,6.517046840156827,5.030002873874355,7.519951605834106,6.875893513429905,3.1109432243601303,3.3428971507018876,3.750900079863652,3.6625160151969656,3.8247799279462207,3.7462286688957342,3.6228761989501708,3.584150035875757,6.073258166794144
5.203408182665692,6.035043117987539,6.987666713753082,7.365860782736092,7.00744852243638,3.443937245241335,7.02569485926841,5.662027552651961,4.895732725249153,7.1813173197169275,6.71643311114868,6.611960282496269,7.430437597641513,4.0194162768618975,3.3740005966134365,3.5204674804190814,4.5303504512372195,4.13315058376266,3.91531867076416,3.741054369593806,4.1843966393445475,5.765223737686357
4.668181572251598,5.3301452704518875,6.876860635835018,6.731264456472726,6.694839123677761,5.006297434336866,5.062065971417897,4.7537331179093165,5.010789746865724,7.332442922128745,7.750449841387101,6.919622510118844,6.855102485742758,6.870779171230418,3.602102571114469,3.665727365894624,4.075136744085212,4.425647112373052,4.099298572519056,3.961000748022157,3.5553418687849763,5.89292461695595
4.22552373846267,4.992096494561826,5.998761384013695,6.446696010452291,6.31891894659415,4.124124778702792,3.850524027716668,4.264809705005272,5.145915995865852,4.438975748598155,3.6696444220984894,4.414240931704429,5.096690842460125,5.857095970262624,5.16113365222745,3.6415045692633954,3.5068789718052398,3.7246339410255156,4.11836745057161,3.5321304173029735,3.621548574074867,6.592269993327287
4.236371137463488,5.193285088240054,5.871013927612051,5.701428001900319,5.462207179560443,3.6437348329225543,3.7551292365488784,4.175780208039783,4.650324978562207,4.995114284757757,3.1567132960574273,6.636581756230155,7.583146531923222,5.760462452539836,3.9466441878296177,3.7263374935662945,3.2985321849852913,3.1155657850055674,3.579391739353664,3.885378646514242,4.240385642766318,8.126853185669015
3.9378820990209835,4.750976632188823,5.515132771057318,5.750547693632984,5.199045120436952,3.826777559733284,3.7824463034107985,3.5254718330407266,4.486185517417847,4.7041870660704435,5.847130760113798,6.085035154640197,4.167883088918431,3.3347223172196867,3.1664937285800896,2.9100362439203913,3.4637716742627807,7.737019729390909,6.3120918560606665,8.697621097771119,9.903369686684561,11.304279986281044
3.690010896971758,4.160367446717764,4.3931858101521035,4.925316546885614,4.650793783526244,3.916268629075502,3.762478972879521,2.9006248600583517,4.518613184656554,5.255425250945499,7.042030337232556,5.236575103223711,4.325320996510551,3.8448950424449464,3.652571358465968,5.069379099297876,3.695245734641632,6.941972164365945,7.901589965339077,7.266096355668913,8.497146758839119,10.494087414693468
2.730721209690321,3.6728438218562696,4.21886465180092,4.496139559045458,4.3913542229848606,3.702655676286774,4.128265997673578,3.660764052699923,3.5894911058065877,5.584252255481025,4.825899244737841,4.48531806405488,4.082453563048488,3.965937522835366,5.376783932657949,4.888524936481684,5.295501815534452,6.964197071482161,10.848882782806275,11.13800523749622,10.899872625296725,10.091235715414197
1.9049791134149976,2.9236116096056963,3.9582612450626495,3.793004055649225,3.923639457033346,4.4287857816237794,3.508244833160302,3.6902694620740037,3.675420817502574,4.6317528576391735,3.7492579557694046,3.586188638004104,4.288573835564016,6.725443653359866,7.3867822118826,8.101850247328011,9.79305365613603,10.259167345995454,10.4720319311787,10.839728869084169,10.502538670724409,9.797434902297956
1.7723487968004223,2.4986889655230815,3.0387303075018717,2.5793964008599386,4.540785295918863,4.46276532623549,3.58553356635874,3.078102940570005,2.3729159412673013,2.6740231818033915,4.516493444397132,6.033519154848496,4.234555659574712,4.772262805937605,6.309781692086173,8.135951033990844,8.990084587176561,9.126293353772109,7.476861326389602,10.283949185169396,11.522610052757011,11.396319315095797
1.5546284876057044,2.113733242378938,2.5078489263294452,2.7905052278277593,2.3557905057931414,3.7135036711200473,2.722719510950879,3.855657032687599,4.421353095711492,2.459776308786682,3.7537986269735315,4.418541169887395,4.303415009403169,6.627119038065439,7.047908798959747,8.055797501213494,8.676685243728745,8.340951719443257,9.261788193263893,9.746630465392178,10.17799226084612,10.778348079942596
1.2198522197012123,1.8390965299440318,2.0876455956458253,2.0594709134814186,1.9209785828961181,1.4170842305388307,3.1558829042713685,3.1016126991002566,3.183217323314158,1.087247165676885,1.9542965868968636,3.727480662774211,4.8201857090135345,5.706882910090453,6.316399157732718,5.283717888008728,7.083556476866206,5.914891119103493,7.049553249672288,8.321090512519863,8.910083756598405,5.896180817331512
0.7132313431090599,1.7842963859452317,0.982217081197635,0.12860006397976542,0.6903618736017508,1.533476027779205,2.5768749372640403,2.3249230223245743,1.7130696084306825,2.1895874237676702,2.806414222089727,1.5267783823720809,3.609630999842521,3.268116221947563,2.1387423163760637,4.653889313890429,5.583373495948455,5.587914915301825,4.866984478585999,6.314358243478756,5.5199594325702535,4.054949982008351
0.260774432292565,1.0041108684685465,0.5015248981306869,0.9250125941968911,0.6402245212590859,1.1674474734611373,2.074638406883727,1.6897374150404052,1.601526000495075,1.801973810004576,-0.4838411268337568,0.8741583415767501,2.1351287982049842,2.514418831132702,2.5617014840054066,2.41039637081154,3.4533404469533915,2.492861356880351,2.0855351693974176,3.318632391005116,3.16987775733574,2.4179345488466826
-0.7300695594172487,0.6050463062293947,0.7405995310929201,0.5410733104737498,-1.6195939926170038,0.4666012748997859,1.3689483154435722,0.09915787488815717,1.5644358547892785,1.153128734356628,1.1963202971776246,0.9507351989870955,2.129244840602837,2.0739676257192103,2.2065712600537886,2.0862987548121743,1.962731745673068,4.2614047368402765,2.504586199470922,1.7345289551875402,2.490187386203952,1.9740334601965792
-2.094879033720203,-1.1870089852198586,0.7761435289839553,1.291959603894292,2.692897496634469,0.7463585793880716,0.9047887529790184,1.092208026812078,1.4407741831875347,0.508067311256263,1.4880296441728194,0.9964940430326437,1.9665253447220519,1.5764663393338825,2.341620422577506,2.4110698379761213,1.0315781356018858,1.0658047858678363,1.6860744920354378,1.6327033506081194,1.7912345844283664,1.7476609418876483
0.6074637349416313,0.9916031550287335,1.0524486960958845,1.841958416475892,1.9430851432119793,1.521658048711271,0.8446928994016367,2.036516705864094,0.7920108135867101,0.07181540825412844,0.5976636822607274,0.9112311341061905,1.4372520754670417,1.107696270727415,0.986035487168958,1.740651817184389,2.611034026245277,0.8760384934475288,1.7714750108906774,1.6999420872904991,1.644363764881755,2.597542267514832
