script/wind10m.json
{"header": {"parameterCategory": 2, "parameterNumber": 2, "lo1": 3.000054539987559, "la1": 64.9999836372058, "dx": 0.5, "dy": 0.25, "nx": 34, "ny": 52, "refTime": "2025-06-03T21:00:00.000Z"}, "data":
[rows 0 to 23 of 52, columns 0 to 33 of 34]
-5.393417545318797,-4.76552686737937,-4.87649689271656,-2.6069204295776323,-0.7539996031504937,2.46458125128434,5.668922451030634,10.042888204814597,9.244448327394709,6.3829655015458195,3.429246170163493,-1.7110058041703695,-1.774639203765456,-2.610845849871063,-5.643465833032538,-6.822291081780791,-4.583997775579944,-6.386142864532394,-3.025564910725279,-7.089641835524279,-4.274754875877422,1.1956646286894979,-3.3638621954438186,-5.913321048915707,-0.891042527449327,-0.4745574980863051,-1.6912833464520296,-1.9098972933465823,-1.4177280589142889,-1.4528357665253129,-1.0774027320836395,-1.248654783268274,-1.4149320724122085,0.14516722683891584
-5.571610798467461,-4.737256420769552,-3.435898533879082,-1.6217063574431367,-2.463300752125112,0.04256174967037035,1.8448288522181124,6.405662186735586,9.583490962181632,10.800878372669972,3.911205053930742,-0.40895399906397584,-1.092240142172788,-2.788249414454115,-2.681763823579712,-3.680191662692686,-4.073326645570629,-3.075086464725592,-4.502076159857245,-3.7406300689001575,-5.008045693964994,-2.999391712447589,-1.3263386338339467,-3.7692019938117296,0.22499092184530617,-1.520502584575569,-0.5950088657254399,-2.4831532172158655,-2.0010216416219855,-0.2818939167364417,-0.9134530443320276,-1.0984581020680433,-0.9133339255927981,-0.26015344885788777
-4.868732358952196,-4.0308618326034225,-2.565129677157864,-1.5267548596821796,-2.598872813112007,0.4739731220449938,2.7173010006299583,3.2091995836558587,6.021041464618961,8.878453430841697,6.1034609298765234,0.35458915188016377,-1.4195978782073964,-2.559994421251695,-3.3394235994893973,-2.3938518787361436,-1.4513998265027501,-1.4140082580680295,-2.1697985256258816,-2.819470865248862,-4.272634083596656,-2.161717911922868,-3.579041921934985,-3.25637591037377,-1.9024352511016005,-0.8893555685213759,-2.256767448084009,-0.9160138649334932,-1.1762151006515746,-1.2432953784951868,-0.8134602617770856,-0.7964408462998259,-0.44976248151007575,-0.2859898293288295
-3.6282312425909566,-3.6129659801217064,-3.496079584542789,-2.342844810096125,-0.4044534042361537,-0.9387298627971649,0.9762919539821685,2.2311773841807745,3.6062145098330514,5.292197824602414,5.708275807187473,-0.81997954854373,-0.4648371283251614,-2.776211935595676,-2.5609157284337485,-2.6531168952671176,-1.7086771840877117,-1.6940265259525475,-3.619959726218857,-1.1089123140912172,-5.188191291278358,-3.90146248261018,-4.66202498715828,-1.7972158167134105,-2.2323453563315367,-1.9926579064254626,-0.9594963734774252,-1.3721116386839929,-1.4931348299428997,-1.0158027226376314,-0.8071526191147091,0.19308463083467517,0.08036549857222976,-0.09569576896927395
-5.201006983552797,-3.880238843099989,-3.36220583541809,-2.0842314670436126,0.2728243932181102,1.97931708294917,2.627888942782257,1.2766547223843157,3.0125077395083175,3.1406313651791584,5.651846391685573,-0.6132494005718775,-2.3682653709343744,-2.367124135168145,-1.919585526228994,-1.9291898063067752,-1.3342180296064754,-0.9291856871497679,-0.45421529480119016,-1.6204121363549082,-4.598771221415613,-2.312656422211647,-1.9153914237844325,-2.077709974093228,-1.3148986321084248,-2.0099108962684165,-1.919511147696113,-1.8307073107703211,-1.0791436857684733,-1.0773424973046164,-0.9544677680176932,-0.480594262328936,1.1139316679598876,0.7827396767643352
-4.431106223353797,-3.7462179175927783,-3.3244465247268966,-2.170364218748126,-0.5001461737443728,1.8675869178917601,3.424121629802782,0.22911468950020822,-0.35978849253763995,2.932547387634124,5.340586119397519,0.7453599815110187,-2.95957096978056,-3.874950955125627,-2.1216282373113944,-0.24213999161287825,-0.2349525161688284,-0.3217151274510754,-2.40820747784686,-1.944574811593248,-1.7968992360016725,-2.3122019171219717,-1.152700431157838,-1.1370979106903814,-1.857881824199839,-1.67086950797927,-1.4842764942638884,-1.8276751217165044,-1.2251019747879452,-1.1815370271722638,-0.72874919744126,-1.206855427948933,-0.6904078954819683,-0.2381164110742873
-2.089809673941681,-2.6512374772249663,-3.2767112147807507,-1.3614816421288014,-1.355022341536349,1.0485760149842092,2.8796911649714416,-0.6145043856311168,-0.14332683381213338,0.16063194899822925,1.5110893643101493,0.5913844428844507,0.9425468183253387,-0.32336446805536345,-2.247285197267067,-1.1958730491030272,-0.8977143810696737,-1.6689668638930222,-0.9763069224069021,-1.0233990528226389,-0.9601683967733078,-1.0821636761119027,-1.740003445220628,-1.9452437950859744,-1.24500653753561,-1.8764136277452241,-1.195462363864867,-1.7394068378792387,-1.6871768069081186,-0.6308667833745223,-0.974336093458992,-0.11123977327639364,0.46816744142730676,-1.118192568471984
-0.45161107570759496,-2.2684555914392037,-2.549902555812533,-1.603604465812609,-2.019630629949592,-0.6229783637426493,0.6236103944627713,0.48145365899090736,-0.40996701638938954,1.243106578152895,-0.06474296127317862,-1.8282881507776125,-0.088014486387342,0.31162404876282873,-0.7493916136334356,0.3539575439862203,-1.0186738473644155,-0.6283030243897993,0.27779903586475363,2.0593002705357195,-0.24622733038361894,1.0069209107534278,-0.5608727151579164,-2.110087710097101,-1.6884275802980586,-1.6539231506820617,-1.5254919992384854,-0.5941338532745379,-0.9508552878081533,-0.8468081473466946,0.03549911297879373,-0.38932727898961367,1.1155290227138714,2.614325533580582
1.2838216967954361,-0.9467718394823365,-3.967468934841124,-2.4116996827512582,-2.3897388636199466,-1.0490356266500345,0.3688469256007881,2.258434843397115,-1.8329594602305141,-0.30137696412115944,0.4346574826719967,1.0504072488554972,-0.04002641896143895,-2.487834040822635,-1.1230543019639445,-1.0797604609648386,-2.2539321134111514,-0.15624010749721348,-0.7830006808986919,-2.129503875849089,0.3513778825375891,2.2671223856045475,1.1303203427999715,-0.30318498289687196,-1.484736961846921,-1.615856181388716,-1.1354748354985809,-1.166468388837491,-0.720930804256019,-0.06400779839572769,-0.7133801689073441,0.8073065352582504,2.4069877851452013,2.02601016644953
1.723952973143221,0.4668873715163161,-0.9336783772815036,-1.5725812829330057,-2.4752803925915816,-2.0468701403242835,-0.6133582550575105,2.065050869894433,-0.9162727620660568,-0.5248557839401757,-2.3820635307398548,0.6732560768874642,-4.3356225834013085,1.785211547104092,-0.0662180864021452,0.15045293627274067,-0.2858011040631824,-2.6535850484790853,-0.9039060350458471,0.3098607905349557,1.76124809844298,1.1985941860810827,1.7818920112108922,1.6021185996109841,-0.956566746118734,-1.1426334455785345,-1.3946837531163643,-1.4752455424060584,-1.9236749426287056,-1.5026794964955708,0.8483693222565647,1.0409985490530096,1.3273387652579833,0.9539566516330683
1.1971457425491154,0.6761000150089698,-0.1415904495882999,-1.538366275567061,-2.4734169906606103,-2.988127834858994,-0.913437403150504,0.12976173376932623,-0.16690884035357523,-1.5144985602902257,-3.2308416817885908,-4.199057898657785,-0.1477857057792877,1.6821438890830287,0.4796814502267402,-1.9459857971551002,0.016597855354350176,-0.9333523323930616,-1.0075218639806611,0.42925477156757647,1.0340702203043042,0.8312503418875071,3.5799823611781756,1.4948346424345065,1.062084892602737,-0.4821218755943302,-0.7968814281193607,-1.9860322547738416,-1.4481746120481895,-2.589898623082814,-0.05262092847674518,-0.12978193080048125,0.13917467044252815,-0.052422402051226044
0.8436352727964015,0.7960893341286402,1.2916458102797712,-2.2464386318680147,-2.128341363735019,-2.3610606860789023,-1.404121528463201,-1.8134100435807874,0.20708960787412264,-5.723845626610242,-2.1484646561620204,-5.161274585276649,-4.240055759404125,0.4890561313803252,-0.6480453889909286,-1.5988394734211397,-1.0891529344181266,-0.14931808823411977,0.08117555881558393,0.27135556396064453,1.924199908134495,2.2359513413077274,0.4677693785538804,1.881343168661336,1.033924853729963,-0.9466713051518999,-0.8421527023068147,-1.090762473839118,0.2659974429329883,-1.1061901747338576,-0.6521150401517419,-1.177121838624394,-1.0622127140662003,-0.7232324783144107
1.7397642715785597,1.3358003704172758,-0.6182060634094176,-2.0344503226368804,-1.1817788035397212,-1.7811556214811042,-1.2794182297961445,-0.28294505132204584,-3.209278134571924,-2.5144696256153103,-3.132065741310577,-6.412532736240194,-2.3316021347870657,-1.6647601298923487,-1.2206395117264988,0.8728456662447854,-1.758013352806155,-0.6037462570434079,-0.8144941310010106,-0.23544991305057464,0.42219997198676446,1.3942440588202039,1.7992078170122205,1.0209240017203698,2.1285002012433205,1.243660216839855,-1.078008169231281,-1.8092023160689372,-1.2382127675973127,-2.630186035707695,-1.5657498416357216,-2.3901059831864453,-1.6884542627022099,-1.4875999045481079
1.4715678281673377,1.3822799723590355,0.4491765792365826,-0.45014595405763336,-1.1374821981351597,-5.497725736154059,0.5721287052218316,-0.3039971014056466,-6.321307942736402,-1.7357431684155777,-1.233002045620535,-4.900355854888038,-2.1652611037488687,-2.514117956336203,-0.37004683162816243,-0.9007604421225252,-1.2730073424895505,-0.9318295614961176,0.26160900631373146,-0.26110816635693596,-1.4594663165170207,1.2445850959179037,1.4072135930833363,2.2791718452032086,0.49437535664487153,1.995822980668351,0.173736598937646,1.075463203273792,-1.0284486602660077,-0.37923219036211236,-2.545679097386049,-2.527892996537552,-2.08369692632205,-1.8228263439503973
1.0102275472791722,1.3477495678119988,1.1582631970005155,-0.704745217711622,-1.7445425237107004,-3.060949432539593,-1.6417878744792644,-3.9177190143082306,-2.7447086862483543,0.5290533957517467,-2.343000144632107,-1.5120687683572864,-1.7833594873061431,-1.5733529736063188,-1.6688203872018812,0.633730787027973,-1.1525833025750625,-1.4042045230736466,-0.17586523539869106,-0.8960702370217374,-0.4394102659610515,-0.6911791445555021,0.46833438257594506,1.0370021456649727,1.1506094806996279,1.5193855500439537,1.531305853990921,0.1580381542567719,-0.0440670577445026,0.09844661299515536,-1.5878556603760055,-2.519549897734429,-2.4036900380771122,-3.119994974418556
0.6032985838970704,0.9725441375242797,0.8430529028461041,-1.648556927644037,-0.9466272383169358,-2.679593126648572,-2.6507168399663237,-0.36315547655961133,-0.22553291400478562,-1.7072689058694992,-3.242364051886189,-3.6178585339130556,-2.7408782232566247,-1.2245877263758262,-2.4181679455624767,-0.2510834567048265,-0.4277639766411774,-1.5392758942060658,-0.9130686529225882,-0.5904634048737161,0.8377859855903074,-0.5946377065445893,-0.9953277113937687,0.6021561773793055,0.14879204890340259,0.8134210607082133,1.8082936138300028,1.4737352337598366,0.007985609460318795,0.6307723299820357,-0.4371569455314774,-1.1689000841081514,-1.6480040366522557,-3.085634577095123
-0.2504327125507055,0.3027691148925425,0.16622565364264352,-1.5659808625215308,0.19903749455118905,-0.8237056000674231,-0.23569957973752229,1.3583447208480992,3.3867375918113685,-3.1341307416994804,-3.904590778122994,-0.6655982876482872,-1.191027929438481,-2.468396236033323,-1.415767646476748,-2.5991372114222386,-1.347637668107187,-0.6506444344304014,-0.9628740247643528,-0.11250898519297486,0.01526610719356641,-0.1909345796969454,-0.25597919669084257,-0.6297359182947487,0.46546069665098994,0.9736942766216625,1.5787882087196643,1.7569187833922668,1.324517190727287,1.0460902190604193,1.49881317637594,0.4284856814111068,-0.009122574424688298,-1.4465645462507093
-0.5125790110805132,0.003453094327086092,-1.2363691160865224,-1.8474256197712648,-0.28335992603584065,-1.7545257120061089,0.4168395808263284,-0.4706144426416333,0.003434889279188741,-3.578029177675152,-2.2458959587839296,-3.1090065414208796,-0.8766702909319322,-1.5022747907377936,-0.7417341207971239,-1.1718548390803594,-2.4443754834928932,-1.0976871968967148,-1.05320364315043,-0.938175252059023,-0.30350788456758826,-0.8000304499287617,-0.7914540166057791,0.7621237373187777,0.07738552197253154,0.8834011358974878,1.2429259151317744,1.2168239326247574,1.5693903261537436,2.4404894453487054,2.803162440345259,0.9628468075046489,1.2546329356199402,0.510003014860893
0.11922324577062847,0.5579140492795998,-0.7975050682925777,-1.6025521629213244,-0.9533488414271453,-0.9416272239871607,3.295217252441763,0.07512256401468911,-5.9382662055805415,0.5380585562828634,-1.7451667374242306,-2.814004208733704,-2.3392786769579588,-0.30309197424031914,-1.6324538837290512,-0.6035207949091405,-1.6020801546969192,-0.8335486351019689,-1.0141074122678504,-1.0725015812605412,-0.3810180363897186,0.3042599659644332,0.0023589897164150177,0.1661299776894525,0.6054169976383438,1.0663879567038042,1.4603875100493018,1.5043394891241664,1.4701546444162765,1.291329779046534,2.308438501851085,3.140017605616672,2.7018027487887135,0.10625653186661116
0.862648068695308,0.2593622380563507,-0.2241995197435604,-1.4142683648957306,-0.7315923182203892,-0.988001192163845,-1.5291842064699641,2.680119373419253,4.235776624064202,-0.31377787576312094,-2.5510484262825646,-3.3946676551077544,-1.3687991091678506,0.4118326505864616,-1.5525772986517814,-0.8321212745672587,-0.9655844835884163,-0.4496981021081864,-1.3264878853814814,-1.041578542860817,-0.3791865636315817,-0.5103675257228342,0.9932287065954344,0.23867185651150713,0.7015822684997811,0.5618891692544931,0.9975380902409923,0.9657988141507822,0.8123664469643058,1.2206484961613,1.577582917397565,1.0063895686432707,1.034710229483222,0.5896707815668153
3.4175124117584033,-0.21607613032408976,-0.3129804584243395,-1.1066636323220982,-1.801595887347658,-1.2522980130996655,-0.7326009219933666,1.9291136845944545,2.2669828213367267,0.4833728117371284,0.3295734355148456,-1.6601002303499897,-0.056439149503392745,0.16846636050784114,-0.18124867319862303,-0.35584041498906543,-0.9498562515601062,-0.5594687631169142,-0.707796566284093,-1.3883275356837346,-0.9624730965827544,-0.22567346165870208,0.4175836314866956,-0.15653212762460134,0.7531073525690443,1.2616261757380531,0.9195802056572959,0.5831741691219291,0.9869415131642401,-0.22708130620409683,0.4619673797610606,0.22608040552412392,2.0111165612742488,3.42574900867579
1.2611825292890397,0.10602625117834812,-0.39310944047925345,-1.1993881422434371,-2.26776333396525,-1.8517321522811085,-0.7944398872174387,0.9286689880524771,2.787750233916177,-0.7307395672900822,0.9622382452587124,-0.9533239380773828,-0.48353397932894654,-0.7591547576241093,-1.07862623017679,-0.624306905757205,-1.1780944285138741,-0.1090428566439852,-1.02121491310123,-1.3453599877493092,-0.7192871468101147,-1.3631572393535312,0.8050683007179826,0.07309598197036819,0.08644736804294675,0.5712924593003397,0.8410612605430114,0.8518614778341412,-0.023772325364174538,0.524499978718984,-0.8418032775004932,0.3229486617184433,1.229853384764911,3.397256800007336
1.636956255051496,0.4634213263670615,-0.29092994687613494,-1.1976918541478674,-2.489910132262533,-0.781968867843822,-0.7673786333698785,2.1075003997316224,3.7504873857049548,3.475841700312765,-1.8940112672088996,-1.2425543990201227,-0.5770560884552308,0.16199873955228092,0.3921798972785964,-1.1159421874243547,-1.621691681010676,-1.113577778288343,-1.1709999234772466,-1.2938723433556771,-1.0418926843902014,-0.6325094724838898,0.38071041196788036,-0.2416330198362523,0.4354604892213342,-0.11981851067007855,1.2068895987296349,1.9650507545114277,0.7172957095567633,2.4937683132826174,0.5152916532855972,0.8732772206939349,3.801428726492136,4.219700237265722
2.3239093889101525,1.0125423996973597,0.46379476354927535,-1.1217183481074042,-2.4166527069953747,-1.250182550860382,-0.40003301528665747,-1.2042563091617593,3.371021185399743,-0.7991361092610161,-0.03673124556028596,-0.05378585014424657,-1.069650973278271,-0.19069558324681474,2.318048642144292,0.4542729422036533,-0.0966052628702052,-1.0230206877473205,-1.179025083928378,-1.327439804365041,-0.8554727109433485,-0.5386963679041196,0.03766009306696131,-0.2573947639113751,0.9818371588126187,1.9288523359663678,4.668119841674012,0.8080341022909002,0.27963011641862423,0.07746570035213075,1.107380422097985,1.1498097622531624,4.050688806092049,4.225784257854302
