script/wind10m.json
{"header": {"parameterCategory": 2, "parameterNumber": 2, "lo1": 3.000054539987559, "la1": 64.9999836372058, "dx": 0.5, "dy": 0.25, "nx": 34, "ny": 52, "refTime": "2026-05-24T00:00:00.000Z"}, "data":
[rows 0 to 24 of 52, columns 0 to 33 of 34]
7.095232290287598,7.826628683781412,8.217901261287986,9.087996785718872,9.554320298586147,9.459836719938101,9.718293714355159,9.738315411247536,9.424651161635921,9.844728168245643,10.872182735481791,12.111216938473358,11.116546730243407,9.701212541035856,10.070406419494237,10.503631942082507,10.102866961910957,10.876004372482218,4.735787738493258,6.282655061810918,5.563328589230906,5.8167267718699325,4.365117010852295,5.757575343358751,7.171686359878204,3.7968408381671686,1.7462476623498024,3.141895382589695,3.596175767598621,3.381661119002625,3.485993361488535,3.3768505370782678,3.7522587617235885,2.5485768846657826
7.721268092257336,8.027448647538886,8.389587923906797,9.0076712947472,9.219722520502634,9.557502585621144,9.672191626141107,9.732918823657016,9.725769093942203,9.848385516624838,10.342953024793342,10.616191293721593,10.756199689104879,10.680320502699313,10.572128128685959,10.639757934302038,10.843564000420614,9.612563519896371,6.9798961816681855,11.712804659076069,4.420217487196107,5.651259315315922,3.397679512736543,8.808464633203677,4.005711174491692,3.855626353711733,3.3354037162320824,3.3444725224504728,3.1794860869413766,4.200162503619832,3.36051801385057,3.817393220280187,3.9535649153815813,3.925350037568629
8.845915060374947,9.107919685203617,9.138793074757643,9.758516454004985,10.172008424248364,10.823733404397446,10.785883543608426,10.43172123112404,10.146445118073384,10.586169831577743,10.948863019877624,10.853591691873868,10.466745717369022,10.44593837134677,10.809602118039182,11.680507374686922,7.022050001428634,4.245275697329103,4.9100272693176015,4.9630345347819045,7.887755599952671,5.051524304745914,4.959256954731216,6.391583751142134,4.701440107685164,3.100505304846842,3.123802806385942,3.071257560607039,3.393417608849533,3.9305447931966597,3.951543324543428,3.4555787595338114,3.8816354928558714,3.66499586577581
9.059323786200927,8.865721526494372,9.150551494394948,9.353141988131012,10.298800566324271,10.80310733149714,11.047891274826034,11.025560874214142,11.090524232763348,11.420945366675001,11.389149655451709,11.234190723661074,11.533871655418634,11.476901049514698,11.08105741727322,8.398795236848018,5.875838727528052,5.334379527638939,7.518770820046679,3.920817388541599,8.564474862114839,7.900448958333463,7.738059921249023,4.6651943103651865,3.6250216302553055,3.900298119656669,3.7485112075716067,3.6381261560752853,3.139263928770286,3.372132264685188,3.8406086779031434,3.7595262047579587,3.873490006750211,4.137028420337347
9.032369125468497,8.993564525928416,9.414743482763857,8.871730040666476,9.199188735068917,10.007839051620525,11.172368384005356,11.750875181349514,11.450686038012076,11.731770270550411,11.885095724458111,12.561842320091055,12.851674718894955,12.463870956734883,7.3506739286456115,6.726733677790106,6.073680570433476,5.346127168031747,7.286357045800817,10.59951153896017,10.37784169709261,13.617272939067607,4.095258304512721,6.335389866075995,4.266945306239174,3.406008728465164,3.437881292175397,3.5055195044813057,4.307441361170184,3.9720250949186737,3.8281707563737424,4.490711090877145,3.718353631039697,4.104725255765495
8.302264879108588,9.186493582341177,10.15121868887707,9.782557868499223,9.581077635146865,9.492658727676693,9.864688128150407,11.34060376579321,10.830576337810916,11.171442784796495,11.922758856842686,12.877997197894056,12.500404962004511,12.403234182056714,6.027654348953755,5.986351625925778,4.229182627093329,4.993579136187844,9.845767357140332,7.588272508541136,4.106604725079762,7.300516710528992,5.30032233491979,3.9169847143014764,3.701680941578331,3.629690676652325,3.6163836861982945,3.5732946356240487,3.2712899175300194,3.993896151193294,3.9711170264144964,3.136907010304265,2.9267060921801913,4.068609461062442
8.218189486138701,9.003852703015271,9.05369896094028,10.30826499761939,9.977950601989605,9.300831153879786,9.559604917274298,9.707833457312208,10.12085815514105,10.659930803888551,10.716001070305607,8.930256710527123,11.807565549679078,7.1906841180550565,6.186162385695932,9.169988775071552,4.774896964510395,6.598617138782947,10.606670181815758,7.715216258301281,5.609605372756274,3.949004762779508,4.729069727670188,4.514364223046427,4.1030488392537405,3.608693103644658,4.319351580968392,3.4027160861113237,3.6083860623827264,4.442130350033275,4.06208827881852,4.042855660906044,3.826721761622997,7.325671154245365
7.533032045937953,7.617428735471752,7.828035238416926,8.968974820402325,10.0045189817823,8.036702611173641,8.795090101916093,9.354145257778939,10.465653561458439,11.275065118484923,13.30340298231325,2.4727739338669874,3.4525474594724233,8.98940028398997,4.225346002151008,4.034781933163455,4.1504395295986125,7.2126277286180605,9.176243530045255,6.975493257436799,6.4537349105655055,5.4553222443715725,4.35686378989303,5.298473943090773,3.610248080927089,3.821476048798492,3.7468081375715094,4.479617725792454,3.9417919958499468,3.958473494733716,4.498574680644217,3.9747735182696573,4.925403403876343,8.725568905164376
7.045758915006879,7.566323632723378,7.447024594785394,7.55197775733759,8.586250799409878,8.517497800704314,9.352499144820381,10.088383467729477,10.149425315794572,4.551421502826759,3.556141690618758,2.0322271785153276,5.71602642984504,7.106189761432564,6.784880089500912,2.7892924262683128,6.403221363877373,7.310130872077061,5.942359902063491,9.917034862006462,12.505459451987793,7.857314449997399,3.565080841390166,3.2249957350036045,4.14853795893592,3.724245170394562,4.329511037924788,3.7911730241250647,3.823048123458561,4.462779343412771,4.707968692601645,5.750102144068818,8.869206606552037,9.71100575570052
6.407008214238051,6.042078942126252,6.4435033540842275,6.2067673427027845,7.867700992223168,8.817714994336397,9.458951789920999,7.200250927422364,2.6732631176084904,2.8762912454256915,2.34925917801188,0.6733515146279968,8.664337885207201,5.231584324031709,2.773912769963817,5.680597136627349,5.501916254113928,6.975494356195632,7.488464211365813,7.2967094784411,6.926582579916529,4.263501547390829,3.6968304345638363,2.7733524764651922,2.591590328865326,3.2254800752283534,3.7393000252197086,4.42021393095613,4.096215115034755,3.952761032596894,5.7427674375470215,9.471010333613735,9.288528777870722,10.783181664543422
6.467069368370214,6.1049532014729575,5.7686103998565885,5.769835099612558,7.14343966502092,7.988480896233689,5.762589721255771,3.807142426461376,4.9899650591317295,-1.8208974832566407,10.090976524814389,-2.5416575250962987,2.6805027040260923,7.995591850816528,7.2160949664609975,4.0827476160607095,2.099769010845487,2.6783535172984516,7.991832076913986,4.692840794430274,4.9912929187205615,2.493855731084541,5.933728482454174,2.621757967188934,2.7742419872716186,2.101790979896012,3.5134632024734924,3.8254034694959307,4.477166443971521,5.275734467563254,8.467979119945106,9.012547416529907,10.225420755249397,10.142759115014636
6.0403804499724005,5.5367732638790415,5.332100371921044,4.945210534641744,5.925904765986638,2.955841697127891,0.987825561123377,-1.0396251423882863,-1.7394487774473146,4.492887724761065,3.27234741220361,10.989652121367017,9.991112356250285,1.5785421684248526,6.8273259824325,0.4925893682803749,3.5334632860896917,6.46480368471582,3.7058361357793443,4.652392393614865,3.9071407504308393,4.495969943378688,1.7009755017059838,3.493291677936065,2.144884843238894,2.3391917579664177,3.5643565362058087,3.4137421370777146,4.186115855416564,5.038598589881036,8.715030216034986,10.038230712493617,11.727069349809392,11.41866379077621
5.9238668099126475,5.3896021561131375,4.985237978614527,4.347180901691389,4.0573960448748565,0.840441743157129,0.8115050745161362,2.1957730481260307,1.5270343129024777,9.208600497361944,8.51042455382643,7.823174866410324,10.115756163759814,10.19146685325664,2.1149938351043236,7.2047291457745875,4.49075564652005,4.171130057716687,2.6304502909341743,0.29129536749948415,2.277540720864683,3.9496648633779894,3.471280480884412,3.5645557287981102,3.124943190561438,2.8308883420552395,2.8009755013211812,3.4180835781473116,4.404191346192651,7.546954649181474,7.717897674751769,9.783660386629215,12.151660245040926,10.89051268732092
5.467647461588394,5.485866094724467,5.15008747931677,4.049434285062533,3.589791998051375,2.73738151914003,7.0391575780837,-0.41247801337014783,4.126918026045503,10.201344063084278,9.88550935321382,11.183759060976065,0.9689588245952443,-0.9730860222746618,1.546204727564058,3.8151329829530964,4.0776905728549995,2.949220946499637,3.42826914063635,3.6323108652483014,-0.6008246412732617,3.8142812226654486,3.252458776918181,3.4729384568511112,2.786329557510393,3.0837215662056368,3.371600450904866,3.6064785731186952,3.480513033319632,7.341872101054239,8.55363537588408,9.657987546394692,11.367363431485211,10.994108415776838
5.924192042071175,5.978458903094405,4.620687887073531,4.717119422914122,2.6070854117997997,1.841484187110957,0.2271750811369793,6.284843857212186,2.4721311513646516,6.1671688342184465,3.6889385055994857,15.20469270903446,8.236771214662387,3.048476196118321,0.4714632485540894,3.120432244846397,2.715486018885377,2.7802751951789535,1.7623602853224307,0.8156149227777545,3.4657765649065015,0.0667536932248441,0.21085671751631416,2.0387828179213128,2.3637244224776643,2.4339190243959883,2.083031871400978,3.368978267524917,3.2208910137808457,6.706533889394975,9.132943736751512,9.429909152110461,10.550937005781327,10.688271802419354
5.861253186258292,5.578771218098213,4.427183619504264,4.7711560281553504,1.2537930081136628,1.343716844431452,2.7979181769811317,-0.05168051363399879,-0.028150854753846762,6.171793207928822,10.393090743128226,15.399285282445552,5.975802819537365,3.46780042103144,0.04725370707217655,1.382494948917558,3.1804188496914305,-0.8430188225513936,2.370483587543092,1.2541679673047819,4.19206095006893,3.5720047766211356,1.4681312410516234,2.494513672295332,1.0172823392984889,2.095761953790331,3.413059621649726,3.3767492643029255,3.261462164337213,7.677055974469518,8.774101947319147,8.978039715999824,10.845205473754561,10.707456023576578
4.666759212601411,4.670855378483065,4.565107445564393,4.815707945529477,-0.1356466127119508,1.4941709249074475,5.609010825255122,3.502945379449236,1.1264501324917215,5.329444988700382,13.260189967248706,12.265076822132919,3.5559469564477286,0.8608991505555139,1.5130373912469397,-0.6273960910049168,-0.5971173077834421,1.0963970305919593,1.6150660049268755,1.3676819414084889,2.8359893418676916,2.5831540743304906,2.287671490085117,1.9890670083560391,2.271598833529286,1.0416185197906482,2.848154387727905,3.0473475964634384,3.0807174995434714,6.306085344201115,7.882048626987967,8.24162451861452,9.82211126889063,10.08002219205193
4.1246221920036925,3.82676293802709,3.4310671009712648,4.968422498530602,1.2543422131644326,0.8961047502841499,2.4717828591369657,1.3032945202306632,7.751783167883141,11.800143657803996,3.103508458766808,6.987341048315881,-0.7375516799889811,2.083448879292114,2.115165241430958,2.869745299374657,1.8329501264406767,2.410870639163774,3.1617125816326,1.8638843337547168,2.039613039209541,1.8030751229174917,2.681637694711882,2.71773692517843,0.8595121831946368,1.0620225424616372,1.3684687116949634,2.01690768954475,2.508621211442702,4.715001942397471,7.702807475574065,7.929409997461584,9.17654097370574,9.644809762386615
3.465963326384799,3.0092576561559468,2.0143152506358493,3.850104527652161,2.4519596663203296,0.2973727061064987,3.781393113277695,1.8486203264220011,4.897765861513839,16.13503831574169,5.627645002142831,2.7300950945337186,3.7980181046921553,1.7657141671642438,1.7276067370609436,0.8244761571589373,1.9700611323886366,2.2194442241943344,3.259738838741765,2.548168714646341,2.4644868061138228,2.392715149561795,2.240368633742233,2.228643071495646,0.5780567976568087,2.0761271196094,1.6213544253424914,1.9947159380361155,2.412891703467187,2.4086749438048813,3.604644789890444,6.8627229413983235,8.784963854317075,9.16150861558657
3.227393769449492,2.4729263915497635,2.5233985682459275,2.144867618200663,1.1842463481470367,0.3553806631291499,-0.3616335485559668,9.904159604010761,9.798718056115472,7.765181254643496,7.3141214599930455,9.046585585767929,-1.232568843685991,7.717140600858897,2.030556586916234,3.0138676649057206,1.7848452742241079,1.399864858027832,2.2707254355696502,2.0477156975135036,2.9703116839191224,1.7862194716048148,2.684573532514092,2.3685664264064625,1.510267866229863,1.540317869658524,2.2372647331417377,1.640184810199041,2.3526999372999335,2.5974544311440764,2.7849454587919653,2.910337404937817,5.9155261949026325,4.656721155994407
3.4889770873650434,2.285929612825396,2.2755114178407525,2.488494374474881,2.5520131387511733,0.35889964966283383,0.6215943249537865,1.4998331451404692,4.08380392981529,7.663265061579128,3.568872990657421,7.096541882984121,2.3905963234470775,2.0551369538699737,1.7138895544190373,3.379001077769185,2.68398408173313,2.5800596441442414,3.2568855307789306,2.124591814573422,2.40632388053605,1.1667460456078644,2.652504061606991,2.4165316924602256,1.7426994248347774,2.402756288257768,1.7066584508233253,2.1611846884346915,2.1219528234587197,3.1160675788875,3.219524706562639,2.894539614282109,6.572402251779138,8.431862280575064
2.2321648070005704,1.6017191024224704,2.685360130580744,3.162941039938616,2.2645086409707584,2.32698153726194,2.449769475373651,1.7310228707654982,8.733702659092312,2.9916310395147945,2.4338762946777734,4.695069867885996,1.3836785389058344,3.1473785980113913,2.6000974341468814,4.361586996415926,2.7180934415098026,1.989312699051332,2.9289383621434655,2.235053492941688,3.2410224305864697,1.886990830422216,2.7383329558504683,1.7737336763836413,2.3432617905613573,2.3713218127525506,1.9197342629119478,2.5717083946000687,3.0002051030710204,3.415855749232277,3.8469809048596337,3.915501514252023,3.889195924554398,8.406468427590054
0.4287679034284952,1.1164363585950519,1.8143263284680031,2.0531499259517227,2.183775361802987,-0.09358678633673062,1.5570358278565843,2.6149357358178467,10.073271975134322,8.595619826368678,-0.7628981968958027,3.332259576816424,3.2887236142853835,1.847695933756171,3.551893978872428,3.134659191860798,2.270303922354427,2.497229674130529,2.5755413933819162,3.586990746123145,2.9487330245520034,2.5969324422568825,1.9929029246284131,0.8016400657772965,3.2203321262863898,1.4892381656605698,3.083437875191047,5.766889673510154,4.496398022509203,4.226204233293929,4.301095138648807,5.537506990619332,7.953653062412351,7.738788000397132
0.9214768997024972,1.5282633313754554,1.3246061421744337,1.5102704349883878,2.4877178944257614,1.0522344688832348,1.0925780828145355,4.430882142005512,7.249589660130581,0.5970079945225876,-0.46655316199972624,-1.845649790298826,3.1442685381268776,3.0458828505805267,2.1570034866447427,4.939125435364131,3.1791282500393256,1.8309297453571591,2.0947080338998165,2.853120094319144,3.659267885076253,4.719362920981211,4.630765380277142,2.2539921145027964,4.224726341208582,3.6271602584914304,7.605830809456294,4.136427913686142,3.5089680483991272,4.091252294433643,4.789414324671907,3.9328631576984643,7.688442651766443,7.225692536113933
0.722871844177647,1.2731175164522175,1.7799354847093962,1.6233392377870837,1.74496213192201,0.8835202228116283,0.6979609800316469,6.529209419880781,8.52108880189172,1.8053289012945715,-0.24117576666115076,0.07193980832697598,1.033913253438488,2.19588426958468,2.573234359346318,6.815900809928481,7.335901653676116,1.3590746054751484,2.46210557910154,2.9058195530161113,5.469424282224559,5.583393249853643,3.358564637623078,3.4404765504009207,3.2323203042698085,3.357938049260446,3.7870969667346803,2.570344673393411,3.232542629941434,4.676151935926479,4.211502077525548,4.375928554847475,5.742929240787144,7.397328472493372
