script/wind10m.json
{"header": {"parameterCategory": 2, "parameterNumber": 3, "lo1": 6.000027932988019, "la1": 58.9999434238085, "dx": 0.5, "dy": 0.25, "nx": 22, "ny": 24, "refTime": "2024-09-07T01:00:00.000Z"}, "data":
[rows 0 to 23 of 24, columns 0 to 21 of 22]
-0.029783918920603107,4.787741436867972,1.8901517982037175,-0.34950955213853185,-1.3173148875393608,-1.6918324994008886,-1.1571365018612434,-1.747898051780478,-2.4927746843573244,-3.0818906898254883,-0.09856996504017726,-0.13235991645919218,-0.31750258292771183,-1.2296271476442724,0.20371605418541477,2.762225970712201,0.13254603959654584,-0.6511065297178908,-0.17598842905015635,1.1629572510994264,0.09378706754604556,-0.5852960496499805
0.7621939188277307,-1.152619022498132,-0.5838817462682926,-0.7201123584850927,-2.0502507783025377,-1.2864025733759636,-2.1441752157838225,-4.118412012953757,-3.3384217879212916,0.16227974723016944,0.9374402690307432,-0.736196421089365,-1.020874607620081,-0.16023304992467663,2.3346535271274087,2.956969649941351,0.012350331988497101,0.7179606445110511,0.2937049269570094,-0.6305556986710094,0.4381238803059826,-0.23866743365068743
-0.5405142451651275,-0.35460188633790474,-1.226738333045502,-1.7780827062081375,-1.6903357689375775,-1.5989765580521764,-3.9074063628980906,-4.475430021757621,-0.6876539486044595,0.6358169778671688,2.0865457725894445,0.3097153754005747,-0.31987739852113,1.19734609515564,1.3556220289464656,-0.3368868255298699,-0.05389521809638418,0.16643788688163286,-0.6172907122454497,0.13684763910677086,-0.07912726575075925,-0.2603703180473193
-2.0371996954759557,-3.16163767757256,-1.4580636642951355,-1.8457083692033502,-1.8422242126949153,-4.0867263457741485,-4.676258344019839,-1.9034407760199012,-0.3750392201922948,3.017109249943914,1.146974341610131,0.5455815326683053,0.6922791078708059,-0.0922380998733788,0.7623762585681099,1.345083903329797,-0.12923263481608566,-1.1238029362121726,-0.2597738735529829,0.8249939312122264,0.19647936833851454,-0.48516366546819734
-2.699263118727067,-2.2311320959203274,-2.408921962970223,-2.8302676046612962,-4.904066664135787,-4.939078470257682,-3.26850445961012,-0.9497484864227593,1.7992347083669062,2.594076195474359,1.177787483321598,1.091189391594506,0.49820251039932684,0.7123170638571428,0.953596772621724,0.6458794882388821,-0.6995073318184388,-0.5020171948384679,1.5381943872541572,0.1433251473633439,-1.0353212554518196,-1.4216800770978775
-2.2807411371383735,-3.1078211685356427,-3.7871680491199715,-4.297063483093679,-4.185973321817423,-3.206004962120674,-1.5682395408751306,0.7780676978323655,1.5406044448511427,1.7109933498918413,1.45824078624783,0.048452987009744486,0.01718104639497493,-0.4432638804910387,0.6335427347229662,0.2314291017737158,-0.044558222550239994,0.6373473451714502,0.5393857916014551,-0.7933544798003777,-1.1936531350154356,-0.9930454665012277
-1.6521058566356834,-2.574791783859871,-2.89920654303208,-3.291499762069123,-2.528995316046853,-1.9293156545564498,-0.7580359156598171,-0.4730202054814482,-0.4814042182662831,0.30519368484523934,0.16204888704032944,-0.31186806636985676,-0.8561151846943196,-0.8447392570992744,-0.8327486424646368,-0.44767982243246524,-0.9009207242075322,-0.4630174433264057,-0.9183320963934705,-1.0107248040130719,-1.165211174343143,-1.3958142984750732
-2.1386866388175325,-2.5138404243094823,-2.7676823925720275,-2.930776814753724,-2.605705084203199,-2.528437999838297,-1.1378682385607495,-0.14087359160345667,-1.0034630796435273,-0.12113557933727047,-0.1710620607809837,-0.36976299816585395,-0.9252579458987176,0.10699010808191967,-1.1790121731019647,-1.5633868210821236,-0.6183900107624732,-0.5464530859534945,-0.7820152814478196,-0.9174080207777462,-1.680974325982488,-3.578087260626046
-2.207565034670666,-2.451940144142245,-1.9561292432954722,-2.5395204124209525,-2.1611939407631566,-0.000491336924817568,-1.3797649903856983,-0.7313367719046064,-0.6622347172046125,-0.2953104870808727,-0.9422084105734843,-1.7104874640443517,-1.7303720605250337,-1.847778535736394,-0.8987492096118489,-0.8636366563272749,-1.057604465128938,-0.9045831123305405,-0.8397158253495189,-1.241072016465039,-1.6443857906163732,-2.949036040244369
-2.0281555738819317,-1.8065638826447994,-1.6950704902376785,-1.6836263052096172,-0.6985775109519434,-0.9800208371814872,-0.17986913937315335,-1.5402375368892385,-1.4239611345950018,-1.4738046881259788,-1.9174741853235817,-2.41650016253376,-4.000140039339055,-2.8340905698368535,-0.9044255256560597,-0.8012015475712012,-0.6639408205210774,-1.1851781628860334,-0.8533898198084527,-1.553144784294465,-1.5961854397269526,-2.818824485542933
-1.7951715417880112,-2.0081863080629203,-2.000395590660038,-2.1442151755961727,-1.519571936384168,-0.42192735412414273,-0.9607393124442786,-1.4171314958611632,-1.3458839995775778,-0.5506647956923989,-2.3593239526463736,-3.235795251027678,-3.279872034297512,-2.373720548005655,0.4633333138065566,-0.8117276283766023,-1.0610101484756818,-1.026219247941249,-1.0573473248699439,-1.4601479670090143,-1.7219401381288486,-1.5460690093026481
-3.032533805513879,-2.9435842012671496,-2.802807017445655,-2.43894463389767,-2.6993560860447054,-1.545954532374978,-1.7085640584971005,-1.528662649537416,-1.7728669505264139,-1.0067539664097316,-2.7852511979062333,-3.1514768028268603,-1.873954960127359,-0.3296969623735878,-0.6395298476001287,-0.48309367090981076,-0.6644184066462936,-0.7307156888442219,-1.4632833403765475,-1.0357312467772266,-2.162028620372117,2.282620932320459
-2.4375693041847666,-2.4361220590874026,-2.396837819882485,-2.883760289310576,-2.593433574038374,-2.4953704788339386,-1.0563338847775725,-1.1648187558544871,-2.2752242653055155,-2.65779919975441,-2.810546049557228,-2.1672326616748028,-0.3084519152718199,0.17687720234758494,-0.07079251707043234,-0.8572632174705137,-0.9592345495849302,-3.284370058325756,-3.413959336815461,-3.0635655483006685,-0.5744076421688018,3.4475266723447833
-1.8838754507890767,-2.009633133018054,-2.2009087420735596,-2.0047429403619446,-1.8063223351425888,-0.6915352896319865,-0.8222087452328525,-1.9890783274245272,-2.850837005279645,-2.4087913480957597,-1.6410700437300034,-0.9102433259870809,-0.7459013315871483,-0.35068956571128984,-1.203616051629112,-1.6180721083634584,-1.9096085593585181,-2.8557410442725324,-2.1780181813679955,1.4476787797497694,2.32925851469052,3.2421926517187267
-1.9780720299673848,-1.8744000888410723,-1.8444827060521147,-1.8801713347493596,-1.2628164996674154,-0.9853377775424134,-1.3275529160220751,-1.8716882475905219,-0.7382105433177121,-0.9162410925657437,-1.4493008294659435,-1.1227865690484704,-1.1429000212454319,-2.0823428621625504,-1.378953240578488,-2.481182311647032,-3.013460292269754,-1.4324576105122668,1.0922939518604455,1.973337790538018,2.355615325288327,2.7815136222553627
-1.0487130634267698,-1.2074447632831418,-1.07951130162786,-1.1086803154487876,-1.5354817733884307,-1.4771838643792854,-1.3177901250742057,-1.6434238766534655,-1.6669047738094063,-0.6880649661344241,-1.050404795586086,-1.8859584372782834,-1.1709582508806011,-0.8068623065188711,-2.898120058172766,-4.664793278477361,-4.050843893233972,-0.4874603504063052,3.4010249385423306,2.8666757792296003,2.809292555383062,2.66191637938053
-0.3366403994175043,-0.38405930273502226,-0.40316508931307565,-0.5728208782371226,-1.2656203134035637,-1.682868563172878,-1.2852028486015004,-1.088055158965978,-1.130808283206032,-1.8400488787014229,-1.4275875025265634,-1.6603697350619848,-1.2134240301245809,-0.3621972204785795,-2.995265750705078,-1.9792908084377383,1.4238038522919354,1.3375662078607924,0.08617803523842864,2.1978018359070624,2.6873936583145466,2.968384444450351
0.27073345454330777,0.5576165484486955,-0.08545521686202531,-0.6425725253970431,-1.3220120075986241,-0.7978812165215294,-0.6443833983509295,-0.9348707804219554,-1.3560143764449477,-1.6783293639988308,-1.8291703191101134,-1.4881365135976239,-2.7108877544686543,-2.3920184581486796,-0.2057217243061728,1.0625861630229267,1.9238496844532569,2.6180527321698093,2.315152922310512,1.9022013383871432,1.528972690753604,1.9873496936220667
1.9444679822918856,0.6088453521339667,0.009589305028553968,-0.003267744300567586,-0.6100565044592173,-1.146639247866342,-1.2940954323603695,-1.579154175059315,-0.16618876858066056,-0.36912511468962744,-0.8493912613969631,-2.814961585566955,-2.2002792296052402,-0.6303766635307038,0.8535098552534659,1.2954513572159203,2.198381195875426,1.9355140871959537,2.856985985324597,2.152730744568934,1.7286972779857366,0.6387022467863472
1.344306171395251,-0.3709704327946921,-0.355155805135454,-0.6592446214435435,-0.663373287375846,-1.4725525706896467,-1.5209400393252035,-1.6871124434786575,-1.0481114505736915,-1.8721999728780336,-1.1254158830811611,-0.4919074949756786,-0.3027926694479916,-0.5233516355694031,0.28562883782642284,2.570941308087355,2.7164212593858323,2.37484077737706,1.9993499779622719,1.7349455633286248,1.1494138630756097,1.1315871917181182
-0.5843632194517523,0.6731331878213416,-1.483264828348589,-1.0640459077772697,-1.1003534018353855,-1.39021223591061,-1.4727713796531836,-1.156773572634994,-0.49009586798760163,-0.6165044998054092,-0.5280855821042909,0.5227140943055097,-0.37049439785893823,-0.21234077723309078,0.9012877871903326,0.6009178447326322,0.7478616063376126,2.187616216730601,0.4072023100035021,0.6900826466597055,0.6132406976645236,1.0536927369900586
-2.1394619126377585,-1.3921283990390414,1.1832885610874018,-0.2211399682305206,-1.0876571376429098,-0.7169501622553995,-1.132037311852646,-1.1449832008926175,-0.8033580696279415,-1.6594190601975702,0.2985267553944799,-0.5008615306763095,-0.9692416015628044,-0.6798794825535444,0.8429480052353431,0.28832416365878855,1.2978204690772934,1.1514712254071693,0.35381254873528706,0.7165503530618919,0.5467763841502566,0.7843297193938574
-5.100325366246012,-3.863517815841718,-1.1535273700753579,-0.1366038807655715,0.5228222806000127,-0.6550731362351558,-0.9526242991787278,-0.6003802111294901,0.2821596237013686,-0.1312859692643618,-0.5805915790684878,-0.9408923996740776,-1.2446496038952792,-0.5469469399706245,-1.8677285630876503,1.1862333616888883,0.9648533532276334,1.2733594350501822,0.6858904883821664,1.3695959492801415,0.9458556849860957,0.7547154145054327
-2.4947765031851343,-1.3122354374856335,-1.3457884007531895,-1.1834849493732769,-0.18943688395675912,0.18862931626376483,0.4668803906025564,-0.30804454961133293,0.24019195671957033,0.3861184018512534,0.22638235322102507,-0.21336937418160903,-0.8915397535046196,-0.4289018818079503,0.17310958071699298,0.04652387259493409,-0.13149018598849438,0.5348970508355174,0.5204427664626053,0.34622693335401294,0.2428236888548573,0.5028751445920305
