script/wind150m.json
{"header": {"parameterCategory": 2, "parameterNumber": 3, "lo1": 6.000198445256149, "la1": 58.999992894266676, "dx": 0.5, "dy": 0.25, "nx": 22, "ny": 24, "refTime": "2024-05-05T01:00:00.000Z"}, "data":
[rows 0 to 23 of 24, columns 0 to 21 of 22]
1.3655692266173953,1.4473445312389912,-0.3557166287267441,2.5783631753212486,3.8308795416687182,-1.9677788762261974,3.2212228759880768,-1.2859009087894002,1.8564235300044631,0.3026714393566979,-0.13502548678236517,3.3194289933060137,0.00205831859366238,-0.14577827537955362,0.5106573076079887,0.0434984420522665,1.1836962912710038,-0.8069603307125884,-1.8157294091702452,3.191337989874191,2.807287519808718,1.440238432950806
0.3982562153204065,-1.9623581996377832,1.1787985687396132,1.8817971067330552,-2.181567205662431,2.8912176769213453,-1.3108208634923346,3.169586080978379,2.041521775284469,3.547883993329415,2.2368732467468226,-1.825109149391712,-3.557878194938143,-0.8719632596406736,-1.7156848420969337,-0.877122053787599,3.0409757755476594,1.3378858329573198,4.663813648557059,3.1932531852854926,1.9468943473978337,-0.12743216530317575
4.795034150903673,0.7649526766809625,0.38677018747986847,0.21671645345976318,1.5180027159052645,-1.5407201766284662,2.378916227282486,-0.1647055597049372,4.485044272551344,1.1034372870771423,2.4516982306044532,-2.365911386421554,0.25987728917332326,-0.9570459013487398,0.08988061567256038,-0.19324819770634272,-0.9508677282459985,2.323831319029227,-0.16067536141235308,-0.7928349948845151,-4.7154124646678115,1.2145120230052673
0.15388409321932336,3.03380997733807,0.16522729197392233,1.2775934880728688,4.347882182811407,2.185821558522009,1.0155307239784253,-2.006333674487783,-0.7933467269510001,0.8354723301890447,3.638723908220032,-2.748995562024765,-1.6791607714945873,1.024856508389893,3.003208058269965,2.383415740701875,3.2450597073671235,1.8095349925056419,0.9411686389922538,-0.270181218843021,2.388475612872194,-1.0158554946889553
-0.7443724429528723,-0.778669373416209,0.9782915453569377,0.5979547530306363,2.502388559891151,1.0280708747715048,1.7058716825363074,0.8589247770550301,-1.8357169548285424,1.0506027112753762,1.477745608919908,3.239189922608278,-0.010334580733381721,-0.7945574115226764,-0.6069701169644066,3.3346043272353647,2.422248911663384,-0.13556212934784517,4.46947579101039,-3.625126906796282,-0.8737714057537169,2.273624193444689
-0.1145778198012114,-0.8244099653691654,-3.825292915594922,3.229875748966823,-0.3168722071906953,-1.2015129492784082,4.12014220688849,2.4537996598380967,0.43432912451661054,0.6466375650082761,3.6220866526024382,3.73372946986834,0.6471327772091136,-1.2783454365078344,0.19939801232011736,-4.294867303415995,-1.6407310943818527,0.25493683044016346,0.8637770850164663,-2.3926372378608876,3.4884714945645428,-2.9691273567876864
2.462701307372943,-1.6335578795462562,1.9882738677696983,4.869666489645728,1.3812255761608043,-1.6716294858462961,-3.2458577732206653,-2.7254976428081354,2.187099345806157,-2.1027251863236516,1.221150749994235,-1.2008764590843686,1.8084401864229447,-2.9761499971541943,0.7439144723375045,1.0647990513743877,0.6298857464232127,-2.6729613570754185,2.619385735777506,1.7372555060877317,-0.7507889711786807,2.8329763708893703
-3.974564049212218,1.791133590348254,1.432811996871124,1.212790951333634,3.1105621503831076,3.643339915571919,-1.1696788684761825,5.469090955878782,-1.7774268556902215,0.08735077521780767,1.061612867313486,2.1844252063324276,6.362672436220754,2.9132668455385367,1.4996314791748637,3.1817804180507196,3.9490497760435535,-0.9429438131496717,-2.7085572399196436,0.6320057628600124,4.061526637529989,1.484855391762317
1.7183052214930892,2.239238488081114,2.741024505211711,0.3739007374443556,-2.1847246808033876,-2.6337164897346907,-0.10566056989594028,4.328999903179938,-1.1229522383055885,2.4911220435306602,3.712847156378999,2.75143119062316,-1.8013336165397413,2.2754804089003193,0.5593992568171376,1.5206385423616495,-0.613025320555764,-0.25255305005160417,1.2171565908338966,0.10988326318954919,2.4527642446915685,0.7268176500665674
0.07072850562925341,3.192133796539992,1.7575764940694372,1.2333109588903395,2.1284949290475508,-1.2064551747018464,1.5719438184135845,1.4398571831376972,-2.5622481755517654,-3.9780932399487536,1.0291166348583674,0.0586695720404794,0.5016918672197312,1.0662002023144814,6.61247786489842,1.7278995029815019,1.2256685768314421,2.84874624733803,-1.4037723483118234,0.7136438590287421,-1.24354317791535,-3.077888722674317
1.0515337635852176,-4.258534497838752,2.4394633417701534,0.6693352548494367,-0.22750246855568323,-1.042165756046839,-1.3346484433127148,-0.9956730521553468,0.6779390062688486,-0.2714627017245023,1.974291934872689,1.7675583748480435,2.6085627459474545,-1.4837963659158833,0.4635972917192059,0.9485692177520966,3.291952915317463,-2.293575731717372,1.057664227862606,1.3590453675989755,4.230876611569481,4.7303447375052885
1.3942273916357797,1.6462659934011845,2.8056905182132748,-0.36791795582011877,-1.5005651221631786,3.16245509632724,2.0908577018489933,-0.2800764272117095,2.3768883967406613,-1.9824071987645884,-2.2829786760080037,-0.06649164797921966,-1.287906446366877,2.427941333410735,1.4960335642516682,0.5766576212403571,3.2790017069600483,1.9198411375646198,0.35701487530126824,-0.1217016554035567,0.806027819827153,2.812096264661729
-2.2861023399878118,-1.2315892060798448,-2.010839762946396,0.059838467023339656,-1.4156558620137316,2.999687784426228,-1.9703340236762372,0.8838589919349757,2.461843048541874,1.7647629902177204,1.7627671812589119,2.1166124276756872,-0.4329290861398897,1.7115163738506507,2.5058500958658367,-0.2465165793419532,4.751584004569685,0.04840055446200802,4.414052783192296,-1.6836587743935019,-1.338509547292146,-0.9790704935063131
2.9102036144600723,3.208129895328529,-0.22439185831697744,1.7358991041372624,-0.7747698827994578,1.1942096414945247,0.3478697324750497,1.8246248619884904,0.4679988143468584,1.907964984798622,0.5383111077145779,-3.578023676829644,1.414357222424842,3.160135468115835,1.4588223774034812,-1.7897193020835993,-1.0186481671547891,-0.1598249605392333,-1.7268859624455988,1.5873764457448807,-1.0826781607980602,0.28894662332308474
-2.066829195260951,0.22818017790567915,-1.316354832395512,0.8396224246214159,-0.35126231641146655,-0.9585373041272864,5.051578408328316,3.8275487891873476,2.1862127123973023,0.9828495248702144,3.3481975067496244,1.0469686402061138,-2.5029001997005804,-1.2959813227006238,-0.26294197342162834,1.0112808666433073,-0.7046759903339805,-2.986148525128788,-1.2527352509847007,-0.06820640641753098,2.048754874563815,-3.5196335005426653
-0.5647365365042516,0.06496770024521437,4.296864640847244,3.782803314951311,0.6114576429739118,-0.5728444812247275,0.9304670991550288,2.046239002919307,1.29106456286354,1.647727171791384,1.6070501399363177,-0.6167577312464165,2.7334885871602665,-0.4922842331393656,3.749058552082941,-2.3659877198199317,3.0855783931662852,1.9844104036915218,-2.1269282401912704,1.2120963116599897,1.3876097493227868,-3.6370134362422917
-0.4572205324422188,-1.2035908825221417,3.759155877757859,-0.31297168308519285,-2.179984445238138,2.254875929493356,0.7375065608853485,-0.2986668247965898,4.162969705907655,0.2559043368566261,0.04098389562128925,-3.7164157704973757,-2.4386315330528348,1.1157261852705969,-2.600536378402578,1.8071900636030827,1.5124885996671928,-1.3724370548468303,1.1741521487480584,1.5482370267540038,2.138727669853761,1.3233727205437218
1.3975666309579475,-2.326922568393317,1.7926857774798726,3.320487107372026,1.790352655230761,-2.02874943021688,1.6437624968401319,1.091953721651113,4.856980260971646,-1.4311922755926638,1.6270050157072924,-0.8567175673914472,0.5316951606991094,-1.4113411220962195,3.9847171057027997,0.8096390436582472,2.0074721599031546,1.54854102487522,1.4278640637539242,-0.21619230526651717,-2.633361866886338,2.6321298735179997
4.6198362759178355,1.6196373099730819,-0.060786309367405825,-1.199008732537872,1.800905995523964,2.089521980899142,-0.5055089875176918,-0.26280700764748993,3.1007587811426434,0.7932408198547148,-1.114527113890049,3.3163848273933105,-0.7023847481436594,1.8081175591170053,3.3313055656607804,0.6664011695722412,0.8754176553698056,1.7388027933434462,3.8999720420249653,4.278252707823798,0.7557029189306094,-3.810667884749812
0.5525043789777373,-0.5441833213910298,-1.2346778842120776,1.081874836750463,-2.005316445396372,4.667161072839181,0.7947039888150591,-0.15112261414459535,-1.92428005159914,-3.58696782794248,-2.2310698205363217,0.2831234428710489,-1.0794624289729067,0.9219811712222553,1.6769746487740005,0.08881071424124873,-1.497598089995733,3.732623139760886,-1.0494338410915778,4.070482030942478,3.393733665757031,0.27802229643702925
1.8490901452566324,0.910005921877102,-0.6351250508810196,-2.6835483770480737,-0.6472334387363083,4.955506787002777,0.4886640572612245,0.6410725567701171,0.253682682414244,1.6910052922049965,-0.976716555453592,-0.7276016940320833,2.2507046993031317,0.9876645662870722,3.390249959313126,1.0971074214501546,6.021039065310567,-0.2673912674419093,2.464245002463753,-0.4930094949507224,-4.860253539733218,2.544340429713092
0.18429838361196774,-2.2971695368148706,2.227172621989477,0.7721211485356098,0.5822437423151484,-1.4047235838616063,1.3744051734265603,-2.1160498202483398,2.6511577948622724,0.5609030698847656,1.323500913623728,-0.15952109601595368,-2.792845063959405,-4.267736276590958,5.5265701210429,-3.912173468454761,0.038237981538992556,-1.2990661727450963,0.5920990741785482,-0.121434322605796,3.5686416863415733,-1.4384139077324323
0.09944536585638822,1.641274502233068,-2.6999735659822606,-1.5569497643151056,4.335788827477508,2.222244661648746,1.3643115256283864,1.1866033979828792,-0.13167364946176274,5.6603599024870075,-1.8065699833440427,4.2818933268301524,1.5193576164216034,-2.0015799440022883,-0.6471985406587772,5.654522368035147,0.2155377655957232,0.34557707609186944,1.5392694320866613,-0.8203062291187654,2.3745078626963343,1.5349487475403953
3.928097645743097,0.8011970868588709,0.6624831985433715,-0.07334614295621783,1.8629137929380568,6.105548393866625,1.7739962754098801,1.6845039384832745,-0.5004631119567273,-2.5032147176142336,-2.364197978814793,0.1781759792188705,0.6702825389320785,-2.661418382452748,-1.8377177253146748,3.0839157055933404,-1.5943767291475837,3.907688230289616,2.894114752880292,-1.144255278637965,-3.980910876797506,0.46953452812309227
