script/wind10m.json
{"header": {"parameterCategory": 2, "parameterNumber": 2, "lo1": 3.000054539987559, "la1": 64.9999836372058, "dx": 0.5, "dy": 0.25, "nx": 34, "ny": 52, "refTime": "2025-08-14T15:00:00.000Z"}, "data":
[rows 0 to 23 of 52, columns 0 to 33 of 34]
2.8127995153171224,3.079540860194667,2.72863934622988,2.0518386159435904,-0.012007186624283083,-0.15473774002479326,1.0327950124918797,-0.5875181993233666,-0.5807808661333225,1.0109721383570236,1.7087103736541056,2.7021915443253492,2.7746419414410473,2.691740550737269,1.5176425786930354,2.5787155746237023,2.929723407436655,1.3199176222965907,0.8670770794262063,1.775120588130298,1.2306216480019148,0.06005298689278447,0.4221811524020736,3.086103359323792,2.6987237637801793,1.4845312176587797,-0.05428026946618067,0.6967802759103747,1.2806721242596861,0.9984381656075105,1.065208569629375,0.6788468190202765,1.2650839387691086,0.9866258376554651
2.132342118196384,2.2799419039554456,1.3918767947809376,0.19521403835220555,-0.023703993814902995,0.22666248286709645,0.02777198383359205,0.3377797657366636,1.090235306978714,1.0345671195801267,1.9636323976904237,2.574129665593334,0.820294347996124,1.3198817141528894,1.4232979846720217,1.829238620738519,2.6966763702317667,-0.8859415188766782,2.341686210547967,3.3481151877105133,0.6898457516760237,0.2719138039420424,0.04324879935003847,3.1516229204635073,0.7414901925830729,0.33320017212415354,0.9114344688464612,1.1266578799766092,1.3999986347874958,2.0534573310286315,1.4608733289138909,0.8990882364505254,1.1227955049356129,1.6677214556805424
1.5839153153425185,0.22198593510523668,-0.5127274997936994,-0.12474555259027306,-0.5282682185555069,-0.5580294521546535,-1.2510694188530074,0.3130807968481302,0.9478574966187507,0.8018365707320124,1.2327992335593783,2.2205128663661484,2.8901941084240876,2.201021954495173,3.082443956972096,4.7961524764803105,1.5090556189734299,-0.03483169921695265,1.4192314146545733,-0.41307455419789335,0.9359114926267333,0.0629661750948173,-2.115645136223224,-0.3659084499945311,0.03654333412909602,-0.4447680856299206,-0.1827499604543645,0.5421906956707674,1.5522971353022563,1.7827177529028067,1.6990830744357803,1.739385076104555,0.815458769391701,0.9788720997130771
0.37614493080852074,-0.12698596761402264,-0.3869202704915643,-1.2193395241015152,-1.8977356210948244,-0.7602382868000637,1.1457224240244022,-0.47918451750935437,0.8275116790208945,1.9180325862248393,2.0544810974645538,1.2941698993961284,0.5638879844038138,0.7414995769817349,2.451901031810875,1.7869341330795765,-0.4908954422046036,-0.1502851204261266,0.16101738461362666,0.47159493498439764,1.0822323305407142,0.7663218720758087,1.2575918569111244,-0.2915630480891975,-0.4990335886769047,0.5320921352384042,-1.3077555183606067,0.5517551639257234,0.7424222645731869,1.1865778412904244,1.5410161836644776,1.471294438812043,0.7629748243615079,-0.4112511385357806
-0.34402098358982014,-0.1025941647345498,-0.5181166219821517,-1.17034769552473,-1.5500721339923904,-0.8437344400292288,1.3235504840416028,0.5007889910324209,-0.08176795650816504,0.8188331020939117,-0.12242157446207248,-1.0519547514379026,-1.2871035311258694,-0.5845010756441424,0.712718621532543,1.5437669727230015,0.3509629355610048,0.6402634562492715,0.8154533872334505,2.53357338315855,-0.09698528263718165,1.407210811762976,-0.03637804320460115,-1.3694265907930883,-0.8458980416787154,-0.9655330460042717,-0.15673088600811824,-0.10207830003750673,0.8704027314809967,0.8832303146596175,1.0567309141892163,1.3615335561960442,0.7860411217794252,-0.2535992695079658
-1.0241023987048763,-0.3242256489295542,-0.6009365326063961,-0.7361831859087432,-0.6690042236474494,-0.4701605298705209,-0.9768340410522444,-1.24365004009875,-0.7040494721995199,-0.3165394309404949,-0.9706112643177551,0.22289464368928358,-1.9893828931705049,-2.0729827999994828,0.18616661998796985,0.8500187800497141,-0.6379573530710776,-1.7309487565367159,0.48871775757011277,0.480844284820026,-0.20156900094755417,-0.9708487053481971,-1.9212737986150807,1.9828683663352076,-0.6066209901276447,-0.9464690926251994,-0.43304409154189866,0.24894755866001592,-0.023716912325427986,0.6021055898020687,1.2237073532427472,-0.912630391600191,-0.1482184465355336,-0.267281043800501
-1.143903965980608,-1.3779074382674301,-0.31903983697426547,-0.7091983369792716,-1.1038191307176048,-1.4192518436614503,-1.8473724509405318,-1.6168219006718632,-1.1691126906123648,-1.53540123933226,-0.11275085596419977,1.7363701476653624,-0.16959678824442745,-0.20987236207955867,-1.9011830966016097,-1.3581512822054205,-0.43714258939964334,-0.020423466776472575,-0.16072233040348854,-1.2495982943145483,0.6689446232223232,-1.080523146573241,-0.9226312518485476,-2.0867745774178723,0.9395865689517865,0.09333457788314765,-0.15733682226010884,-0.10114680781565047,0.5575498755317615,0.32273415803018857,0.32943179331457506,-0.35727097375536826,-0.060143549543135756,-0.9019943745435431
0.46237389464715356,1.8464234630040606,1.0604910124968605,-1.165092054060782,-1.3577772246259645,-1.4088303765924257,-1.8252821416294867,-0.7836580486449007,-1.9103003680014536,-1.4169563838765882,-0.45209349693711615,0.7582113629247338,-0.7375002344773743,-0.360451307754082,-0.5464411416007637,-0.3552929907164752,-0.41838918242047063,0.49836203693156655,1.7524589246733602,-1.3451643894830294,-0.7213950464344728,-0.7521815003950229,-1.132143769649749,0.3764758470868761,1.6241098739650237,-1.4014210498657187,0.2035492643104068,0.7976438821057747,0.8157639700265763,0.46580191000194315,0.1821424734726239,-0.8939264241570433,1.1156849657727872,0.7592993095288838
1.0267040609515252,1.75316559017998,1.233504656210224,0.9297492512717648,1.4136406612834729,2.056997741334859,2.3020432611595014,1.016655486754122,-1.934498381172388,0.11350533035295751,0.427448179856823,0.5652211055405126,1.4767491005694025,0.49422701022079285,0.1061391000461075,1.0909730041498948,-0.4513150422712035,-1.3774390942179469,0.34971111053319814,2.238009844117304,3.4439860419733352,1.4469016212772086,1.1938886905793813,0.9059112354009566,0.2428660292772428,0.5402356091679561,0.9859446602848692,0.6158959183871605,0.8009627021547316,0.6696588313213491,-0.16042825529469376,0.7274901232487986,1.1303636374191226,0.795738749474938
-0.16598107518349714,-0.07726542098162727,0.6079091074081268,0.6314668262065978,0.9098752474112165,3.890008125464948,2.2093121289913515,2.7349457337584258,1.800771806077412,0.7611202364624196,-0.11245147078172288,-0.12250146995705835,1.5872681159011228,1.5170413386100094,0.9708372917168463,1.758045492529664,0.8813830821006059,1.0428071379287265,1.7500080519561152,0.5197899597324893,1.0136851154223567,1.0664972919875892,1.397188474941996,1.0382505943828735,0.23077600942388207,0.8717563742714904,0.8058362497551333,0.5165045340841596,0.15794052555988194,0.5994380157537936,0.7209971582907516,2.520073137434893,1.6397422589109172,1.2324101662515483
-1.7733649057856287,-0.5691254836524637,-0.14471930069257274,1.3224686655004854,3.3133462038351196,2.6088032043105245,1.6598481092035688,1.9190336149218286,2.7069567225202618,-1.841975368442529,2.868073735569945,1.6309778991915207,2.580365021337644,3.806686828646189,2.78513010455106,-0.7445110369248765,0.3762902175782721,0.5356726853768699,-1.0863162035265412,2.0584611288328203,0.564207087084323,1.4824420855685705,1.4797463963338635,1.341206846277079,1.6688717093826853,1.0508940731750125,0.6814085365906606,0.7210962767889033,0.11117311862181646,-1.6136006920326562,1.3449213877905797,2.1578241004912404,1.9375042259541062,1.4407918096212302
-1.0077275252041011,1.867463671985589,0.4473589296856175,3.0696387016971007,1.040279866279483,2.403954294229306,1.4315852318786912,-1.0563784410633896,-1.455639923541148,2.695731321254651,2.140258406333349,3.2348483630510234,2.7042477473544473,3.044270658708174,1.5397982602026103,-0.37212521765691037,0.15375988667997714,2.660958508672621,3.150258685606544,2.3951870150830996,2.5120649863663025,1.8337531818214985,0.8299275197177822,1.8738169623203247,1.822569194857091,0.9454495605435763,0.9066592169053737,1.1512446597216206,0.5798092510865172,-0.8251972279199773,0.7775195309628687,1.7082923611476633,1.7400902263718105,0.8010318487741991
0.8806911631562202,0.8513613319673301,0.8445666375269522,1.9120081356396068,3.1073489987497642,1.11586657239206,-0.5711734699498913,0.5794339636912111,-0.09411246079843523,2.4160304212840353,3.060417472428919,3.75995217030962,1.8909279722182806,2.406716192369186,-1.3149367588045329,2.0061991465143723,-0.7563382690720374,1.4245976470824189,1.8495433197066649,1.082536261574862,1.5869879966664628,1.283099124278151,2.5324306172706335,1.8260457091672713,1.4496327109478542,0.9048291197979808,1.2023276820296591,1.355852277069476,1.1145809888172606,-1.078372005339676,-0.5002588863268769,0.4816424853328061,1.0401904019285952,0.5753428839794653
-1.2364846735601314,-0.9876423531769921,1.6033615124406897,2.2845373081816933,4.6575904674365995,3.1682497174435484,2.610811712638513,0.765728638097994,-3.4438716361893524,3.253220396870466,2.006838466413282,2.8439683142141563,0.9407106445007203,-2.2678385176193436,0.38234709497790625,0.4377955871200842,0.1864941782210705,2.148034553442443,2.642735965627816,1.5223272158668215,0.9839718125567818,3.112538386516515,1.7193918951997844,1.8958702929891156,1.4102177746996192,1.4929941153117527,1.047893672356811,1.4277139973167268,1.4061018433493757,-0.9214840783081091,-1.2649271713624954,-0.2934504347606254,0.9046856280610494,0.5862416430817347
-0.15749909269273696,-0.8356184947901635,1.4942087146925371,3.0484522079186718,3.976517818925924,0.6140657860071068,0.8767251291354321,0.6636899732688462,0.5369178409600958,0.8885235974678062,0.9946319920699763,0.25956387323930585,0.2044715103606035,1.0788512161393353,-0.4950640355220729,1.6902521476249037,-0.26732117651811726,0.8987078107741845,1.0284846612283658,0.9328832036592757,1.4486256965561286,1.2363041571714741,1.735141932902437,2.2431394612878433,1.5782716432485644,1.415628859356092,1.3888014908631194,1.8241518936488228,-0.862753794199573,-2.7881826081664283,-1.8104689483507197,-0.45163404676448654,0.7560486747172526,1.1924796233639328
-0.18428418513074898,-0.8049764267301918,0.7899122193042601,1.2494058709614464,0.5473847788340689,0.7450742834298127,-0.4879503352168214,-0.49396333895065725,-0.019943416304634302,0.057863477951822825,0.3463109016108163,-0.22007776704271165,-1.752952470965217,-0.0658066971926195,-1.3678220071687797,0.4567855413692115,1.0614246204967348,0.5569206512340927,0.6254101019394557,0.5796747387804448,1.064959391957723,1.9694465630446853,1.2382790275315965,1.1029060300897813,1.3871206910341676,1.3965591625749425,1.950712099810881,1.4948922303547603,1.3230439747804272,-3.2928643870558734,-2.521799411948237,-1.189780822385952,-0.01772120689877542,1.4751617058244058
-0.1486593410635017,-0.7390373460823916,0.673389651953374,0.1874266594696632,0.33184776939063526,1.5005471463360516,1.2590076544092959,1.1335593939642126,-0.15792596280491458,1.456598309339064,0.8898042351396518,0.8693788705271019,-0.22367139326433405,-1.8379324063716986,-0.5779365791192612,-1.640486472783401,0.21328969285064955,1.203623202624897,1.1288467149789476,0.9220209660660305,1.2291823414323795,1.839226260006076,1.1777902114475296,1.513284099101643,1.5261153399911207,1.261723787113461,1.5556900281380541,1.423728714136351,1.0497222810739195,-3.5224143204502645,-3.070900618961422,-2.1061784110281954,-0.7754786508475436,1.6944731932891643
-0.5191871938762569,0.9625648155797907,-1.0763561428953607,-0.4390191487206806,0.9200491708802576,1.8698702210361258,1.954167548770142,-0.14770159953392276,1.4014560244728236,1.9040058906078394,-1.0577736736018137,0.21113083138533165,-0.6562676905852155,0.2275209234898786,0.4942174633014333,0.885889703625581,-2.5428453993353033,0.987567710468864,0.7364602210030939,0.8598956515999164,1.2744158807588575,1.0238807411480875,1.1467566599296641,1.5511683440225765,1.0359866672264537,0.9580506674055319,1.5340601660483983,0.9768971023287207,1.1456610772561873,-2.690803138580203,-3.859729914770773,-3.352887192873866,-1.8541000588710002,1.1273853764449218
1.8319604517673265,0.8383640373003434,0.09661537433553996,-0.36861418738791135,1.0750037904549155,1.3926095181286018,1.7879198220420585,-1.2184582462126232,-4.506166385876998,1.3789649980573189,1.0750385533303577,-0.4028909207224396,-0.35794459495303665,0.05856744498842869,-0.8754337027967029,0.9828022104161812,-0.08583817617166223,1.363423240605826,1.5217329951399574,1.1759184235495732,0.9312811555830293,1.327442117027682,1.5687429861882412,1.3581384930314437,1.1645998633766432,1.2223958025559707,0.6424412012671614,1.1144070182873296,1.2038666137364606,1.2810387579841556,1.8101720530531566,-3.526258529382029,-2.8117171461975206,0.32344192179178327
4.234045548884279,0.7084079543600299,0.22815285708405955,0.0019514863689730519,0.3517257034223535,2.761020152418048,-0.3900380560698473,0.1986071378555698,0.053550840981828086,0.08462482607172288,0.2570206031073078,1.3612261734966216,-0.9044059944048207,2.37617659455522,-0.73658891957215,-0.24241386944616883,1.1596848149186647,1.7890740828990366,1.122587637757705,1.5686182217076998,1.274313732833841,0.9907684116180888,1.4678464760361163,1.1800992340665777,1.6242408910167805,0.6493600609241826,0.8060897054783195,0.8796803745646766,0.912817268877013,0.6838213690085055,1.23988760083571,1.4467992046695008,-2.522242533234383,-0.16674127261844665
4.222196394783434,2.1251786131851196,-0.6005706379975646,-1.3004002585953434,0.413113973852027,0.8408380946629944,1.038433176098979,1.2163332511613205,-2.6368016867960993,-0.9942165195980308,0.8733111290395256,0.9663455061821318,0.9952660045162117,0.5585455130464162,0.8934586138344268,0.21872667165754378,1.289522378032199,0.42859652198874437,1.6791869632080647,1.1143758659899934,-0.11360122656039744,0.024515905622549856,0.5693265886869893,1.1757221537656168,1.7830940370271804,1.1096780929104786,0.45188794722304954,0.6387694687811867,0.4069615092616684,1.0580166418835006,0.4860084867833531,1.2018459543747417,-2.932297842989677,0.6148165267356948
5.9591722688019315,2.395422342189185,1.14050962994353,-1.5562931122152737,-0.4748315695114437,3.206733312399265,-0.8873513290104267,1.0193808305182805,-1.5262127305317061,-1.6932519933426073,0.7351069344877285,0.158949683373541,-0.3341765498301409,0.4093942818462432,-0.2521945455583997,-0.9874153636542288,0.5633864693417616,1.1260681020697585,1.6407737587748192,1.465728038216388,0.7091525164400929,0.10605891223459651,1.1255219842563124,1.5459329098952583,1.1260319809955326,0.7917499689070007,0.563997202364574,1.3817698993895289,0.6132577804436596,0.11924321099056882,1.0902092357555602,-0.930509404586014,0.4375386033807132,0.695126838351373
4.50388642877802,6.557555832827837,-2.2897145407200483,-2.9380561035660557,-0.6209345993359555,-0.20617364950213832,0.00946148984786707,1.0068724647365361,-4.078198266623721,-3.2913956158641207,-0.07605239216028031,0.4292552705605028,-0.20596076410802452,-0.2340848241931181,0.695439400074709,-2.3997362161116054,0.7205913566172273,1.276118106397933,1.9587596577237192,0.5319883912311805,0.37367274923630317,0.5265832913109463,0.8223266832091674,1.243880358334257,0.9496889394877295,1.7231677679600501,0.8726323674515224,1.9422606702071572,1.0313318921396115,-0.1102097081389121,0.5443748463059075,-0.3077831146529268,-0.3730567704418033,1.945813289262857
6.809542284956885,-1.4799899335747506,-2.283540456180647,-1.4749696125414213,-0.6453660732843989,0.6299927591189701,-1.5971999347410277,-6.564052735789484,-4.0100288176789745,-0.2253301962836403,-0.03956931488100105,1.4114465707959214,-0.36189914579031834,-0.9216482265717285,0.1926952237388219,1.5356233329243287,1.0142317918917967,1.3927526283399947,2.2130349095635107,0.5498655302428708,0.12005274750723896,-0.35548678298468606,-0.4363575287183513,0.07010148010030211,1.9625963669174138,0.9418431398331735,1.0420885854393473,0.7039690223810169,0.2554380574098146,-1.4023455501506514,0.7060231751034933,0.5600128844796484,2.1032502171760585,1.929058181575643
