script/wind350m.json
{"header": {"parameterCategory": 2, "parameterNumber": 2, "lo1": 3.000054539987559, "la1": 64.9999836372058, "dx": 0.5, "dy": 0.25, "nx": 34, "ny": 52, "refTime": "2026-06-06T08:00:00.000Z"}, "data":
[rows 0 to 23 of 52, columns 0 to 33 of 34]
5.43141801311645,5.003840181074956,5.4374563950070325,6.1581391479696,5.5575548428502906,5.631315225624635,5.035762291445038,4.608536110173452,4.550367877044613,4.455985971902508,3.6778101839522908,3.156121284146444,3.912776956490397,4.548749309318758,5.638486069439784,4.420549255192465,3.8871239673915463,3.5684437068837567,3.4413560990305063,2.2423601129098816,2.3072338529696417,0.9290873843544847,2.9682700881489184,0.015170285499499366,-0.29528186190494055,-2.4528837773174934,-1.644033796091479,-1.0853247548061373,-1.0964433190426246,-1.7371244569455255,-1.2007200199253576,-1.214506914570308,-1.9083070245736404,-1.7704636157993394
5.221059199609622,5.407341161775387,4.8768690262112315,5.541607703249916,5.171789312181387,4.8970820666493395,4.850655461891229,4.1579790969693375,4.4384052316613385,4.171515786143886,2.672226790612648,3.211070145963255,3.7787199982588566,4.183564878746463,3.5092760234348233,4.179417168379796,4.4799032880889715,3.7051293407686954,2.5833243438104003,3.1867724908296466,1.5786923673567541,1.8818703071917025,0.7826911866333568,1.0244925278700363,-0.11607460611204942,-1.116421025440814,-2.4345969823127747,-1.3959108562387441,-0.7517007073901267,-1.4207490216932612,-1.2682358313535558,-1.5633850767996147,-1.7483482463133944,-1.4425458170374341
4.923649465836564,5.138029674238541,5.096938901066481,5.6072188547648505,5.0279428647074855,4.75780824459003,4.278013027909912,4.244270350795098,4.085990677286237,3.769034160222914,2.4234288818043868,3.257120188536122,3.8990224736042083,2.509025839011294,2.044930287768155,3.9739698642536148,4.494102790176786,2.216599021051862,2.052748081751403,2.362552764432245,2.0215333825190984,1.159257398802739,1.6225881578230428,0.3963716531286483,-0.5042973643031472,-1.1639167067302159,-1.518063282370792,-1.417507367223044,-1.017271778754488,-1.8027513982641135,-2.0575559813341866,-1.7189264905791588,-1.696209279176851,-0.9564944281583428
4.25944247342278,4.564203036299929,5.153389610021286,5.315262056075619,5.254168342866014,4.398275734652096,3.7995318168409526,4.566751672076383,5.468172978065565,5.059284343939544,4.125363064074548,4.343521824447742,1.5650296818016254,1.4765595572161014,1.4393635650923915,2.8807876550802454,2.738449836283892,2.0290921738121788,1.987207414637626,1.5741302212904695,2.1463444776800715,1.2539026777559223,-2.5392082550475923,-0.21938025030736555,1.5643304967216949,-0.8040921758704124,-2.010354929917553,-1.4712721385362457,-1.717621927077332,-1.227141853542447,-1.7741445133342728,-2.3260976888223825,-1.666706790824168,-0.5555867606621774
3.4579352086296558,4.303700595866298,4.647020048578577,4.988849957198488,4.5583758525323335,4.501205662334367,4.643610141909206,3.0819041365020583,4.1269498526633175,4.767654448756954,3.258166751708134,3.3065517128934014,3.533142097206646,1.7945724830535363,2.177269876202332,3.2337360629930854,1.4254529869147148,1.4375733328878668,1.6078694183965865,1.3348803064290335,-0.9083902524179869,0.02072550372056097,1.4324241331386371,-1.2470990127980919,-1.1619255096824121,-1.2965307323657218,-1.5829993030318583,-0.940074570448432,-1.4815826064725341,-0.974651790710514,-1.2312742860265846,-2.7405903232075284,-1.3284172105445082,-1.2057181541067146
3.115119850632497,4.2436008657454165,3.821289509389234,4.315498887572808,3.775649028111606,4.2509202107278306,4.573041733947466,4.044316986366954,4.044377649533568,4.1540999044000815,3.6415090144589413,3.9782154395983027,3.366767607894761,1.2763588881376222,2.472667445110786,1.8011235696509358,0.23897186316243585,2.0443962091018295,1.296395444636487,0.9696075874366932,0.5228373269780556,-1.8262434412710415,-1.8680725591247433,-0.35829738042480974,-1.3350579130711548,-1.5549100362894457,-1.6372383086019489,-1.4606181410998134,-1.3507681808664675,-1.1200818143239066,-1.931245996247049,-1.8163292275503566,-1.5511362881135367,-2.027689810491055
2.466573279145758,2.767848608201318,3.8226868801631086,3.146513768095788,3.511885606601132,5.18046357136806,5.314595707092709,3.9871388497309312,4.428708347765765,3.73925744027931,4.926058576975635,3.434630550778591,2.2259615238196613,1.3826840481567955,1.3385880864944393,-0.1527396974538491,0.35731610340674524,-0.4527837568265126,-0.7112668263006808,1.1292252522118078,0.8101819277348643,0.8537228966196705,-0.24796084148265196,-2.0011316986876637,-1.4860661031324918,-0.037956884835330995,-1.9716859245883347,-1.8032192290635531,-1.4017436855527594,-2.0500695932583297,-2.2141136454552486,-2.002803457097041,-1.4392303321043243,-2.294904110311536
2.721476737093449,2.59435597482931,3.259622398826823,3.2812635332958844,3.042932475770953,3.9309507720368266,4.919277414597918,4.1596357473495615,4.39952807508458,5.255917289426332,3.6080188414093777,0.21655452644419818,0.4981396692394752,-0.2717616688183672,-0.4817350309995769,-0.5565651902411404,-0.20940826412358352,-2.6092750003145255,-2.333892260207907,-0.41375846284674855,-0.33706227785978154,-0.3846102378319522,2.211228889772573,0.47287542079003964,-0.7412083578363032,-0.8591621855603062,-1.4882753639091089,-2.2189322099816127,-1.5687388009027796,-2.0047169793852473,-2.847327326921864,-1.6459980280414654,-3.370395688609398,-2.3277729179267435
2.611931416355001,2.7579903299177504,3.1344390366667105,3.477420768350776,4.219557887687042,4.666543730826188,4.712192955902602,5.47703433777635,4.346788435630609,1.3927286475698637,0.4597328324777926,-0.9111879950816371,-0.5588342013268025,-0.2339653075629541,-0.6811760763800178,-2.129100975347934,-2.598724129342017,-1.516566139271768,-5.043037647413261,-4.21066516953896,-2.279391300448006,-1.5448438825427553,0.7727386272506307,1.0296659296330142,-1.0978959977493723,-0.7968272267153651,-1.5534003496661617,-2.359093667707225,-0.9230835276540605,-1.912718972771158,-3.1883952357727714,-4.298319861973541,-3.8168323174401513,-3.673817097520097
1.3853089844235154,2.165248548378442,2.5989809083542554,3.1520835982818354,3.746413484259702,4.404682692186567,6.0158521495264266,3.7198616762519534,0.8802017186260441,0.49242866004004787,-1.5244601736291816,-2.105025112154497,-2.9676042697517917,-1.7032294609262264,-2.363572102087577,-2.9286438816347844,-2.9884631289433865,-5.6836229500069,-6.46465084490388,-6.3834314183803995,-2.992397174773721,-1.377062707753064,-2.1992430037359756,-0.5181977771987709,-0.7362540998105959,0.03181945714007464,-2.262449580057096,-2.014876141680936,-1.5632406259952294,-1.5884802327763166,-2.5807680221199947,-2.1866354314802496,-3.9845093799248654,-2.5647763768550758
0.7803402389230214,-0.05636907413873759,1.1655445029972407,2.887789019099623,3.4716181600665714,4.032791798488258,3.2394979125652976,1.3523504599641702,-1.0712658687589902,0.08783650012570852,-3.1566371795756805,-1.0592511676047338,-4.0805590389415975,-5.061190520023357,-1.9980403263409785,-8.815508980417665,-2.9816354029520395,-1.9785687535358985,-4.280543314366307,-4.371971630342437,-2.770349012120957,-2.299235436580005,-2.290037345022605,-0.21203265000684862,-0.6889383828203983,-0.8583754838950624,-1.9692722247605103,-1.4441870464435989,-1.4595449595986951,-2.2621230545590794,-2.74598955328075,-1.3961820465044523,-1.5314251031471873,-2.1499855184157988
0.03882659288808813,0.875967687994191,1.4186626836943768,1.1074058332657002,2.8458724163156734,2.8171463067136213,0.7533371446996845,-0.8486852065481764,0.5284088172033865,-2.1375292909670662,-1.358294607617867,-4.121672900280501,-4.451291770038825,-5.892976997955295,-3.6227031822582303,-3.289464253282887,-6.244083383535979,-4.062491743852358,-1.8146900202308416,-1.9504110677346433,-2.108624872447339,-2.6982795740567718,-0.955340672947207,-1.2065514040783927,-1.4093876595465702,-1.3058613261170466,-1.5090962547355224,-1.6929406120371098,-2.05142686318963,-1.3941718145431774,-0.25725848197819673,-0.6695649661764714,-0.9410117374487649,-2.363876813473134
0.7588471169784208,0.35638806304576237,1.1337684240370414,1.0262627677721796,1.4765796762900485,1.619548716478319,0.5243019458334386,0.1775399647713389,-0.8027696487678478,-1.4933862394698934,-2.4757764721294415,-2.813913032575837,-3.9515009416868505,-6.648980311505585,-3.1663326699190724,-0.6484415936556894,-2.390809873676928,-2.504842240881546,-0.9295812205843487,-0.4855656840522348,-1.9302643917287932,-1.8328123404238883,-1.608701302237997,-0.4882223739159294,-0.8695228309819614,-0.7925514677993246,-0.8946358478797001,-1.2855768941193086,-1.5859307678140186,-2.1648306432344033,-1.2733934914729452,-1.0233031858959118,-0.5675855733346112,-1.9463192649343835
0.4899370284584385,-0.13573480718994063,0.6077635996597825,0.022261893127831594,1.1120719194485043,-0.09251027065584494,0.018565849329626957,-0.20955366506882067,-0.4329801998597086,-1.9082386722313875,-2.8661780356966386,-1.9314440968445306,0.27115581223667135,2.4690570074572293,-2.781120694522154,-0.6226093312601239,-1.891582226836603,-1.2861749750197067,-1.569504482051445,-1.8208877758233486,-1.6825232884730867,-1.068298009241521,-0.3724440565380648,-0.735164674774239,-0.17526656266707866,-0.35135899159434786,-0.48229986450658285,-0.6892276393785657,0.06382977844329922,-0.6500374999887331,-1.363455045468475,-0.28552825290396644,-0.4827696977423634,-0.9199285872003272
-0.9356527924751755,-0.8972794757403142,0.3783343615366549,-0.3109643309743492,0.43156535233833165,0.9542781474728793,0.6678136787684872,-0.9977335449811215,-0.5893765785093082,0.38045268075681954,-2.0187282145024104,-2.4257901310874623,-1.0163558711392173,-0.5281954864869862,-0.2745182924768863,-1.8413157495601271,0.779191604678556,-1.2071660918412375,-0.14871776909150944,-0.32748564810406067,-1.0599588579506158,-0.33491518427147815,-0.08127268329126022,-0.16269296775633083,-0.48205324064365357,0.5118051042275119,0.6985368867945171,0.0010950802577211608,-1.4444957102110096,-0.8762622738555409,-1.149486098049843,-0.8099606386817868,-0.5060185128675657,0.08032166022416432
-1.8321314062255207,-0.6315414126181139,0.05368955236355203,-0.16174618241923994,0.3894293080895229,0.5396278865394525,-0.5332098899802391,0.049663732567370694,-0.6527322097674637,-0.2349051309897438,-0.1873673979257262,-2.9536817732155614,-2.2274647890477293,-2.1015860967403404,-0.5717787114585224,-1.8690076432731235,-0.4597558729632507,-0.7296877692455898,-0.44063618611953675,0.07259165179057264,-0.9914974485787083,0.1555995346838895,0.5807831566613852,-0.01510070569408689,1.124806503407197,1.5187115276633554,1.6359617782503855,1.0240488335168785,0.1308193211916549,-0.7750369727341081,-1.4212836683407801,0.875153939572144,0.674834932451754,1.6147473577859033
-1.1843437573728044,-0.8516984366168592,-0.3813784344181988,0.7918126593949872,0.04807604943254926,0.11985931255119528,-0.7985599085869801,-1.0328559744832437,0.9848141897615641,-0.7212557819909239,-1.4198991084992343,-1.921958681904112,-0.7878517646270695,-0.31480411382851814,-0.7572012914152941,-0.04613492919835204,-0.04336658863550398,-0.4096124709967398,-0.789780673500776,0.30135370490116603,0.8808835367844406,1.628246767659565,2.2747690123384117,0.5641023738769013,1.3847161227981335,1.6303140523995163,0.9247851690781776,0.6036364691811233,0.5699810177189703,-0.03522466554133107,-1.366897357025616,-0.21894751329074771,1.793848596017572,2.3666986884774706
-2.18597847355702,-1.4050059957012806,-0.015908693261913607,0.33341434645341683,-0.132233915194104,-1.1436505754868835,-0.21486689137415474,-0.20389725048670262,-0.47122002118199974,-1.8193965645877233,-0.2609305371158399,-0.837286559792498,-0.5409840861661843,-0.8860432452228453,-1.3113427491646015,-0.520200076737694,0.059338317217248686,-0.046598673557127074,-0.5800506345798524,0.3549385834754851,0.7260909285471187,1.4466987158276692,3.2384872027590372,3.6446762291990313,1.980010522120071,1.6268104482631998,1.5701616216764083,0.4978145077076684,0.2646854475637466,0.01853667956456208,-0.9038609288764033,1.2845289028728908,0.9824048860117015,3.5581214459500736
-1.9732538670492115,-1.7662835318403214,-0.3473810391480129,-0.13190787610459645,0.1200189973243646,0.1273494737897935,-0.05042619629764591,-0.7899117586696547,-0.27706770099486216,-0.9011176190483546,-1.2520991786462885,-0.5489762638236642,-0.4635541986497566,-0.6875504263068477,-0.19002019047991572,0.5957749025076555,-0.20554581378317524,0.031079669339276087,0.40877671177259634,0.7811709834013484,0.8140237473857223,2.525871581616973,3.366298500479497,3.185464273393282,3.0490878315603624,2.1530024582863723,1.945441594728578,1.5402707881819935,1.3435322500226121,0.6860877219858608,-0.18700337614271462,1.3720314437276853,1.9850758420596002,2.288633150493383
-1.7506600633629978,-0.3853266693116333,-1.0037146203438208,-0.5669033056747845,-0.413731169886733,-0.5794654364126806,-0.3703751500387424,1.1776250717787762,0.5215039099727785,0.5946121430459574,-0.27428909491995945,-0.5558765544988606,1.4423650327676283,-0.11141352851346001,0.5391164384956899,0.5182672253373971,-0.7458144354963753,0.1055083893561592,0.44285961000743074,1.4821191997287375,1.15852657705231,2.3212540673706887,3.3359701013494027,3.402025518166075,3.2095174872086414,3.7699272576321534,2.5674335565295743,2.1261691092055846,2.16744796308935,2.581011732279949,1.6816836205720114,1.493792257847157,2.1416692544956875,2.560172572336518
-1.3658249967802176,-1.0616571192224504,-1.1557695797165828,-0.907838294741911,-0.6201190707386144,-0.33258261183927,-1.1474320257008372,0.4269542153664675,0.4385586004402471,0.10670972420439324,-0.5291752111161064,-0.6019919383727459,-0.7009848285427444,-0.28424171628007816,-0.7656251117514536,0.07450328396162606,-0.14384601367891464,0.5040117798645743,1.0865628027640286,1.5117145889676284,2.3427253303007696,2.6639998448555566,3.479453435745808,4.342038005260279,4.447222216476342,4.843608599820157,3.8835572918153525,2.939687136086051,2.7720480395743365,2.428220953161176,2.295104295574108,2.056197185009333,2.8269235799378225,1.726350592210162
-2.372050011321808,-1.6190565492274653,-1.4393752233571464,-0.9079199047194909,-0.48041662338131647,-0.571309362626833,-0.5263090934892177,0.10731610137696225,-0.18729163596232715,1.2223838119639008,-0.6818545673284021,-0.8695632546006459,-0.054958704145573356,-0.12374588262139202,-0.027018524816112704,0.06689423568520571,1.2363942463439501,1.9810462382094205,2.371993890878914,1.3645421733223355,2.7288529627953357,2.732374457863853,4.329039102755305,5.092367019756118,4.4743728946971215,5.002825275840896,5.242373404801054,3.4558571795003648,3.3363101642843573,3.409528816383753,3.29261947391433,2.7612512165151815,1.5305841390988018,2.328372302187706
-3.006590562115286,-2.442569746104715,-1.6979851213769455,-0.952303484682341,-0.4055666965711743,-0.10386474237941909,-0.9698882467971438,0.10243871474739487,0.003542513948784854,-0.5424193095960995,0.9932608202272906,-0.13096208364457707,-0.8372026955421207,-0.2968125612107081,-0.1411182160343434,0.5120935261285715,2.3321710455347513,2.908518517366545,2.609142512680074,3.154364121526268,2.985540403197866,2.970779923347753,4.090887530863826,4.963030729752143,4.7512710070548305,5.124581862381661,5.356477916193421,4.764249823132382,4.814238898405416,4.862402209889972,3.5732916903617995,2.3414159216725277,2.450198853354973,3.0583420430347834
-3.0998978639725174,-3.65051631666559,-1.7882286413443127,-0.9268040395011624,-0.6282519471687351,-0.2480824030239889,-0.059407499647413604,0.2940365303317035,-0.03333960792805529,1.8461078966819089,-0.29567361666951114,0.06834089556426037,-0.43165647086229203,-0.007877845904899382,-0.1642425774031762,1.4451384308051003,1.7090458262824384,3.0779301600955105,3.310132788153895,3.77518312652019,2.7995606186022757,3.974523287410255,5.434205776727432,6.207461206759982,4.957371440716132,6.14272741514297,6.642248374154118,6.004124136628974,4.814478085537223,4.622745109159327,4.699927157118718,4.008394547919141,2.7126590207472336,5.267803165700992
