script/wind10m.json
{"header": {"parameterCategory": 2, "parameterNumber": 2, "lo1": 3.000054539987559, "la1": 64.9999836372058, "dx": 0.5, "dy": 0.25, "nx": 34, "ny": 52, "refTime": "2025-03-14T07:00:00.000Z"}, "data":
[rows 0 to 23 of 52, columns 0 to 33 of 34]
5.833539229884828,5.816044110224967,5.70961273181686,3.958040319546263,5.338098431570503,4.918150214159587,4.110663264413333,5.3702055205745385,5.9194617901437985,5.233919759605277,4.40749329671602,3.645484869506158,2.440521663327618,3.531580408710115,5.047091745403559,4.956084312325091,4.526442941008816,1.8126855209641222,-0.06497025331743395,-0.9035872942472466,-0.22184219188973492,1.4192080675346295,0.4932906785874612,2.3140278844940942,4.444675331769033,2.7118136972680396,1.3081258124990536,1.5946844955000912,1.980591512613833,2.035334303930699,2.120130798748476,1.8496018728301058,1.0248324451144672,1.6240818454816899
5.907410920174669,6.01502454781199,3.5929149418697874,4.299804421953644,4.380239577910313,4.390568546622287,4.481133169181769,4.84744370756914,5.288640726854977,2.848569471180384,2.2564536701444986,2.71312593517644,3.7940760344862685,3.2528419757740847,3.847420355016317,4.653449619601577,4.457884272056845,3.396675183180543,2.24322780257152,2.700789107195652,-0.716096754964235,1.3633544657743986,1.1514672125998666,3.7343457712786834,2.336443403590533,1.6036882271534534,1.5582155736951848,0.07936196790285009,0.8051782199866582,2.5595490598019435,2.2256073643478103,1.805202942464367,1.7699748934508668,1.3538803957637404
5.512067731944329,4.979435095659356,4.140234596270961,3.597910415398341,4.339335613560884,4.358265259878938,4.817614720875606,4.413539645197949,4.498679872509039,3.5769094933619976,3.4330814129992144,2.8979108495743198,2.027701851800703,3.384171371134908,3.8287579152817464,3.4633827734944997,2.0577172501951524,1.6112540543656937,1.0011318888861176,-1.0701168223197055,1.9411655811687165,1.6393515170041297,1.7607951404595084,3.7204079298110364,2.057441292280711,1.027932531215686,1.1050842641061913,1.7671333927673527,2.2422408611175935,1.4597636740194653,1.7939720733570828,1.6597119106026155,2.228827773577308,1.2749206051934021
4.255024607349264,4.576058853930139,2.27894398555684,2.384868040179259,3.234462815018785,3.5155030465484316,3.7188046628999714,4.128315274669828,3.8045607971481186,5.033684598780493,4.759465707811811,3.7256619699292814,5.056554627461168,3.9789168812180242,3.664488683635761,2.2491384054284542,0.7236682019495503,1.0531236578346779,2.480289094394221,0.29131952368299807,0.4383276869479416,2.8955944749049096,1.5404022366128312,2.1618055786388424,2.0826900547364744,1.7189802550784494,2.9193765300818915,1.0801000511502434,0.9865511763990834,1.3549127520360031,1.7930166739444724,1.6509804980819354,1.335194087186781,1.3071044292944725
4.072491213006609,3.534403015203132,1.6246097871338185,1.6424193531154316,2.015491960040248,2.601704849120909,2.6801514362057848,1.953266639342288,2.3334631319123336,3.2372578679863073,3.4415380902557176,3.574052875927551,4.550253570515788,3.712655776603006,1.909690967563361,1.2086666867940217,2.40552528713042,1.4216776334093453,2.4954859123829944,4.207514814980257,1.011040832959395,4.37302481905976,0.6585758164913174,1.815542980785314,1.8681135900080232,0.9896945106078809,1.4271978923161228,0.3851320507633111,1.541499468397134,1.9064243986533238,1.8195791371720011,1.674170765065374,1.4010213525374717,1.4367585273585375
3.538184444714777,1.967031926507175,1.3502936167631228,1.2631213564503279,1.0709988465654185,1.7560592777024486,1.4030540051499123,0.4133297949338695,1.8035763262943019,2.598970671667779,2.2746370689085547,3.1256275711616324,3.644934049458483,2.106394927430046,1.9620768097708143,1.133438313018263,2.7189281332664454,1.6716726690475137,4.372574196584337,3.4384928642631243,0.4685541414806004,1.6855930455139487,2.418930867761619,1.7732374894705414,2.0624370379537282,1.6137612965800843,2.011179011085236,1.7237203486922505,1.8986450534005155,1.3431416703702808,1.2886407771100972,0.09440672743060106,1.0892430307484238,1.519327534194979
1.168580729577805,1.052621609332763,1.1835976366213798,1.0652119072285082,0.5323629025941474,0.9540073559250203,0.6652146059231698,-0.5519800127816049,1.0013343219773645,0.9962823257021978,1.9748577074162652,1.648290756395509,2.8363831796364214,2.0149799124310377,-0.4407005653775231,4.727495570038155,1.2493725901427468,2.2687095028373294,4.77734385268448,3.2032572601584453,2.392161271261039,1.9043810164577526,0.8389043737671024,0.8067692906525639,2.0662953649486178,1.4779655814150614,2.1927956865652423,1.0116229086830393,1.4153378289977747,1.6990284379089353,2.156299190918302,1.2967238107401828,1.3704534652582478,3.3559026812548494
2.7220219094680913,2.5907544504037,1.4911748731920536,0.45772286325037476,0.8125234971295209,-1.3316534793747146,1.1950495260914056,-1.4449864787257005,0.12779805638834132,1.6867371021940305,0.8334305936398438,0.7765120779113767,1.343405591384922,4.36130167090471,0.7530120161217969,1.2927563702620015,1.4535598725662637,2.358864768466802,4.149051224869316,3.0822526626685964,2.9808322799364193,1.8289734690293606,1.6501017867666987,2.2887581081748536,1.953366730905263,1.3684136875089465,1.646880299483874,1.8180170732112169,1.695877214258356,1.568221508851692,1.403226951203951,1.287215680709079,2.0376673799751357,3.4499331407809706
2.3440487892801682,-0.06930569038041726,2.040000964808315,0.4431899742583016,0.06893651257783709,-1.3972129485271367,0.02766501977809646,0.22660053617434814,0.957028667685131,0.29567033682025196,0.9715339081060822,0.6392588975499025,1.212482638560938,2.655883498537777,2.6690707556419007,1.4760877627558189,4.509188663607426,3.125122549418056,0.6997213498430187,2.9079071575456847,4.495580530498412,3.2106143147175104,1.7538322101143184,1.2143870722469734,2.049081096796012,1.741132055032161,1.9434979073990553,1.8875703202048588,-0.028867689493073605,2.2304380500047136,1.2668407893780458,2.308230558119597,4.5575442372673685,2.867756637240658
1.0623221925637016,1.929421054744768,0.4759195265032456,0.7551405814317597,0.24073684303021986,-0.32319248937917094,1.539245656813415,1.0802960196412095,-0.21418091351487734,-0.08192653363368409,-0.5753021799257936,-0.45923003207792307,2.5775610491741636,1.9762295651166617,1.4729825566280228,2.0123154592718904,1.3347644286987257,2.4739248885040332,3.2109204075088322,1.8205561093548817,2.5965417674942812,1.8145107856301415,1.96069309511787,1.4766116621587109,2.1017965538570835,1.9598463447895864,2.439922889623356,2.0910809072217713,1.0461834632283693,1.6739619900742169,2.076018275661252,4.35688947719158,3.144343061462793,1.8637813756475652
0.31707223495818365,-0.7509624977450935,-1.0078634220457137,2.2304063704038595,-0.5088945978423772,0.25096955402752474,0.4909767523908226,0.7087314382732264,0.10269469054412955,-0.4730001501825404,4.583418734137521,0.44076911096214605,1.3919857682221317,2.8126551912780817,5.4838548632039,3.944557334265644,0.6384006721324776,1.8587403504549553,3.038022308310876,1.3294161214274283,1.337775519992581,0.7862661721033427,2.3897309838166216,0.7180871114924317,1.3982038591437929,1.6090238618184596,2.3407195555685183,1.2233512401240965,1.7422926338147897,1.5265164502544966,4.03641178291716,3.85620862044556,1.7937103976548425,1.6398676446018403
-0.6307017635986241,-0.4283756223526077,-0.9406549044081003,-2.24305207826639,-1.9511446354381767,-0.653952146183247,-0.8053763399736847,0.383384637134263,-0.5818177583592182,-0.22286047765991124,1.761499080010473,2.3003443980023466,0.6567174036026283,2.0126900458082684,3.065003017815639,1.4818818829020435,0.30149253100604134,2.219552914484317,0.47398344469223685,1.9313205310876156,1.8638048037570918,1.2251164438883688,1.1925496352083331,1.8161758808598503,1.5738129670926373,1.6343405491614182,1.552175771095243,1.3598670646279936,1.484002424558614,2.921713810474509,5.546030446939507,3.3704455952177157,2.342315139902656,2.7935744095168227
-2.1288597841099213,-1.5994693999042222,-1.9695927856697102,-2.0705326925463585,-1.885373961330134,0.023916783908462618,0.9563733717097297,1.5916185935793499,1.422856065350781,3.686781629085519,1.2194883751717656,3.23806482107057,2.616039712041374,0.1839183396121071,-0.7354747373297477,4.671320675124959,2.3462611213431024,1.9356325676668265,1.899804696615873,1.3915163034965856,0.24198690069588336,1.6373240818172972,1.4763637582387794,2.1268147579323506,1.7061105346691192,1.071277325659941,0.6557942786453177,0.7476831427792251,1.9380442666539717,4.617421917484471,5.55424131460151,3.2772460308752023,3.44752214580646,3.2281347596486403
-2.0375110376972034,-2.1524418237194483,-1.910418850353953,-3.903972767836341,-3.0332190736770324,0.0386023454728861,0.3983142304771062,-0.7007899898185911,0.6943678109973264,2.503284008800495,-0.48680740420041047,2.829222411553508,2.030682808732863,0.0020141528743110246,-1.0270520825756004,2.1658487498019197,1.3263605847469933,2.826529058760161,0.6170190589753859,2.5805468680992885,0.4939450750677009,0.5579983674505652,2.133892341792813,2.2762059862748294,2.1505916294482437,1.5622114393563111,2.6004741869325683,2.075140623538151,3.061213149287501,5.557103347456764,4.146223782472635,3.794944067662872,3.7444128370515215,4.11111231325947
-2.295192210542479,-2.4919761364650737,-3.8613705204645914,-3.7265073227527097,-1.8787505217919178,-0.718623694916663,-0.942952766242292,1.871658231055712,-0.8984802935383995,1.185924128022499,0.6930062051330058,-0.14130274555302105,2.739824020343316,1.8028110736439698,2.2948865228657387,1.2896030586630136,1.2020006725130883,2.1553248811808525,-0.028859385201479803,0.557083811328468,1.109557332579035,0.8248046277348868,0.35710867595715834,1.8571761921593206,1.2338794652960148,1.352181003685778,0.7967732207763464,1.6124128580797463,1.7935891582893448,4.408611467612304,4.15215880533637,3.988433734479047,3.6929018414979833,5.585564258341896
-2.613525383129933,-3.4012885487386146,-2.6373058698327165,-0.6115257786553528,-1.7424516175644094,-0.44396391554893344,0.9122526561791726,0.7559099138603861,-0.14715890786977726,1.2113499216097885,2.182654941480456,4.556532548157351,0.5047294369374369,2.946641406361276,2.267403885883253,-0.7701438847861346,2.459784591281122,-0.5957798388442668,1.5933522194300616,1.2977410569158436,0.9105687116806456,1.6368028504618188,1.1879972121835771,1.3192270577946552,-0.5177495002848818,-0.03491565693720102,2.1286873062860705,2.1984436768320053,2.353971392407932,4.84733117632891,3.8009375409437753,4.233617596012301,5.582526644584472,5.116170519764079
-3.9162236737814617,-2.9793329629352185,-0.8673916017740837,0.08998175370069347,-0.7108551713064835,-1.3380013518958533,0.4116608407589515,0.10416665585429721,0.6374577859952948,-1.5101169295942458,4.361987787913762,5.323951133701898,2.15234271195112,0.5592317769925998,0.39252196816239926,1.3818134788323324,-0.8056126176599817,-0.7416408456499434,0.5719674736799079,-0.8295852819827646,2.0324295535172543,1.7155438830090923,0.7422088182221374,0.641892136173379,0.5943455150915951,-0.07540543459010215,1.738803479713548,1.777597768068337,1.5094299152945934,4.955352721455995,4.452840377011573,5.389812419916551,5.605675398168934,5.876086440622576
-2.487742964783944,-0.5084606995323107,0.17380563987679687,-1.7207807888132522,-0.3475842704180096,0.9278194179857366,-2.041261932249353,-0.6435732925242379,-1.1277514045286463,3.6693826806020673,2.7387392227920606,2.358289161497232,-1.0817005741774688,1.8751838793685711,2.190793057550799,2.157561419123461,3.3613288752571617,1.0471270298876916,1.69383543274663,0.2803687679858129,0.4166540545292728,1.2517751363146188,1.3138319564945313,0.9309982105612878,-0.475439464100634,0.9292153877834437,1.7050512931860706,1.6725111186148003,1.5589681928906491,4.3103380867880405,5.043041263426872,5.182254042592465,5.910216559061252,6.592232286753611
-0.82131292469706,-0.9740560135586785,-0.7626972768357783,-1.0640239446106767,-0.8142700762613744,-0.3780041016560467,1.1894152214645748,0.18343667413721612,-0.6502569340438918,2.904520915393658,0.9042214139357918,0.30614718382940403,1.9870413438854744,-0.34039821688399774,1.4945591469525723,-0.4161280102232435,1.6567985920750719,0.5232734776392226,0.21094306173119115,0.4037857944233025,1.4567907646360803,0.326991012073469,0.813142689867976,0.961502010676425,0.2605434355684278,2.353658758922924,1.596551564501575,2.1239163217569534,1.607618837600985,1.689322385112756,2.4667825054314396,5.140393551747663,7.1488477782960524,5.980643016469125
-1.2394192720372224,-1.0842475596752932,-0.5431803873812298,-0.13008017682814416,-0.536118794380746,-1.2944651030039311,1.269949212238434,1.1586142521443967,1.502084893727179,2.7183262349168724,2.192990010149114,3.8310782750169863,-0.1266607326714448,3.069792660635651,-0.02255149214089634,1.0852193742528875,1.233459840852004,-0.37409285109104556,-0.4579954007605082,0.34532398292808236,-0.8211726879903883,0.14004065558678752,0.5187247878418548,1.2612736492486945,-0.7467033268130585,0.8039377173189229,1.1395886434520586,1.3517753446329432,0.9052779441452263,1.425744676734303,1.7070831994751126,1.6694642294905453,5.336183043652689,2.76265191232503
-1.837763973471279,-0.8407273317749925,-0.17293624020505652,-0.11238024844313992,-0.8666755942526227,-0.9384998492647596,-1.4338135914675814,2.2592933069533307,-2.118511795682207,1.984092171718462,-0.8817615026400788,2.9133894814264356,0.5533353912706026,-0.47513389369016235,1.080818275540724,1.3647775163426228,0.6198747081993605,0.9095821550041766,1.6534139157433103,0.6074304640259721,0.8144248648101452,0.6135545472589018,2.0269238500268494,2.0273340447182733,0.9638191937077621,2.115654013824324,1.3277242047005626,1.8771751565696986,1.2823143278056588,1.863281769312597,2.009664743823889,1.44662510812078,5.262533095037908,5.586104071809375
-1.8979472080747624,-1.0693433896138698,-0.9882730860477649,-1.5851577971862907,-0.7718190635246983,-1.0718129602256588,-1.144696899297871,-0.9969373908537729,2.3204779389366728,1.672964780579684,3.6883115397447734,4.081642100174152,0.5049907677172633,2.8063432069029925,1.742561491313085,1.2604898103263626,1.0881739977443488,-0.7142829469628025,1.0362021611913788,0.6414765123158365,0.9904945432580239,-0.3875973799694249,2.0627276649767645,1.4543133215607824,2.0583897951494454,1.8333680038266977,1.614151287987177,1.7028163541048358,1.663169956890721,1.7987341273119966,1.427714085147545,1.8349719239198596,1.7699751774632517,5.292703782906499
-1.5096814015839704,-1.292550758100713,-0.5274481660666077,-0.7417287066673655,-0.7500072706311972,-0.07496826023784638,-1.5203507565160514,-0.014817922439970302,1.536664567855452,-2.581543788682781,-1.4998779889110765,-1.8434986679724341,1.9966961095030842,1.6779053206058552,1.8547439946006057,1.0475762028490045,0.8659665672495477,0.9484506724611645,0.9148302143980492,1.5570481917839596,1.7778337367565697,1.5517611814420944,1.662494035608895,0.6887840965092921,2.573777272139588,1.9443638958351854,2.4252490611966815,3.643200471014775,2.0584592764695144,2.469941375180634,1.939434401794784,2.647993878406355,4.729497147888607,5.3327777140008115
-1.7074164488434214,-1.8960950623312385,-0.5065877383765582,0.4140572026072854,-1.5411475399733225,-1.1705300755801262,-0.12046272831697405,-0.9925587215767485,-0.7031727016391144,-0.8925426470785076,1.5199135210599946,-2.209289701178655,1.832325937820634,1.6044748477883592,1.183727481155296,2.0193305929505523,1.0950568137463708,-0.49074207120663194,-0.9239770139350721,1.7992885374464531,1.4933639766855928,2.2634280476706707,1.0705487365750708,1.3253032095095285,2.650603211612181,1.7035543320823068,4.7687361473484815,2.035768029294188,1.9219566416761378,2.1249693217712076,2.276730050225937,1.804618044583144,5.309937887441871,5.734888112042054
