script/wind10m.json
{"header": {"parameterCategory": 2, "parameterNumber": 3, "lo1": 3.000054539987559, "la1": 64.9999836372058, "dx": 0.5, "dy": 0.25, "nx": 34, "ny": 52, "refTime": "2026-01-04T14:00:00.000Z"}, "data":
[rows 0 to 23 of 52, columns 0 to 33 of 34]
-0.37465282566844443,-3.0542564425732213,1.7600435161414743,1.2925904057566238,1.2784881307398757,1.4042399135732249,2.0760548294309746,2.1350055096266334,2.434878716801171,3.2978473214495567,4.252880223787858,4.602125672328054,4.173951231946493,5.2999580985274015,6.199742637854377,7.1986143571110315,4.286389061434921,3.588315133203581,1.8141077901543154,2.708858548177747,-0.708160444374346,0.6248759382552508,0.13641964988627228,-3.349240956774822,-0.024317911378594417,-0.5737653176494479,-1.9645951609548318,-2.899028308540638,1.135096282694609,-0.8494550962890257,-2.062953566031325,0.3441644812177013,0.06276340352447338,-0.5710416252947732
-5.248753570045836,0.5911000632607837,-0.01836472321868579,-0.05516453742107335,0.18219527976371971,0.4711055724801503,1.5726421239235127,2.6017052992250425,2.7868645021487297,3.29443240966938,3.9761415551749604,4.092894313149991,4.675760830059715,3.6268733169111447,4.521774108228951,5.179942490969396,4.090210020285953,0.7647286547681331,3.0484272815360556,0.6778925846171551,-0.5638309584195821,-2.913504783566818,-2.2093399569695635,-3.4908633226061996,0.9478808434561139,0.0752072921980657,1.0483940112039305,1.3367797794230696,-2.327725116148797,-1.5996497819141802,-1.3271202957444577,-0.38702144830941554,-0.44128345579079814,-0.8845017483658849
0.06583657667931214,-0.4400875517068404,-0.6121441990883798,-0.37284212520589477,-0.2818010061702736,0.4741876112751325,1.5194979012919387,2.289751799848017,3.2915180233712826,4.147044383589472,5.348616289336068,5.990961275418095,5.458826314084085,5.851818186074903,5.881099396355676,4.313671376702797,2.5333261431872605,1.7042958959318528,-2.5453404203054744,-1.0305654940562927,-2.79123216693513,-0.1848839824133963,-1.4614644007902633,-0.3126050002499937,-2.696955337419402,-0.3159038628480697,-0.20822351542424,-1.0780577036833443,-2.0339478380339355,-3.1342327795005827,-1.1995141421218347,1.691852137646296,-0.8755787035907746,1.3328126438284758
-1.8229706295810653,-1.348368463967903,-1.4262836262257665,-1.6181584827752844,-0.2070245416546607,-0.11493121185029462,0.45619136864525284,1.8500885476287026,3.116936752036853,4.097318011859598,4.9862964178245495,6.168412842593065,6.921908301572633,5.466938315351182,2.554689774776728,3.4118881148329896,-0.5671905960160851,2.0873111499631483,1.1187117567388103,0.9443444349996396,0.2219590276303927,0.3289207719799097,-0.7947485616655522,1.249003845073692,0.128190294825373,-1.2981120044882062,0.32432257015044524,-0.4440067283605873,-2.127895259808003,-0.7982588764093648,-0.6559077058950159,-0.7926413249580065,-1.275554635596621,-2.5875471027492525
-2.964335019930635,-2.572477125377393,-2.8744436205984543,-1.9578855349602942,-2.253526038937222,-1.8755400451554272,-1.0195287373253865,0.5574547364560043,1.468673689021117,2.832969707769058,4.637989824950031,5.524349851591175,4.33745809342511,4.992074194242239,1.3289388199976588,2.4228708402637174,0.9283467191472401,-0.6294925945673668,-2.7976965967101317,0.5028556181081617,2.8264043159071943,0.1628861229170129,0.0288365679697823,-0.5877691689718134,-0.11702276380408845,-0.37677672759116576,-2.814981401961969,-1.7480323064870076,-2.6987282008420665,0.9560940913780457,-1.0339425275848784,-2.975739526449751,-2.1330928068361565,-1.3683443266918023
-3.747745625384958,-4.0322296879477095,-3.7421445378401876,-3.8037761067467932,-3.2763938025217603,-1.7212848956878042,0.17915491520773952,1.653838071483737,3.0148166737741575,4.178514592085211,3.8687912678782137,4.050321091019005,6.385498236081252,4.827178489695258,-1.2222604939515358,-0.15856072117749556,-1.6513447908126313,-0.3286811913669976,1.119049533518476,0.33756670600524097,-0.3544093940414871,-0.6230399080067441,0.5067999798670447,-1.3766437529579396,-0.4739661799193709,-0.4946849893537601,0.5831207183935823,0.2830255434260703,-0.2967063359135676,-3.1301708549175995,-2.184894817500977,-1.9984651795957258,-0.8888838499310469,-1.873739974500876
-4.77143107222585,-5.599605101391152,-5.265088144090415,-4.231904703859294,-2.836206014871561,-1.1568834260559833,0.4857055852930893,1.9743960875955098,2.578719375121039,3.2646834648508993,3.803258353625789,2.5271183593781816,3.379223932108356,2.4261926288199844,0.9197231956524942,-1.4395443488524686,-1.167282721677011,-0.9280982643742399,0.32605111492680394,0.475932445465491,0.7296349342160741,0.17762204242081145,-1.143136029418454,-0.6560417642947198,-1.6132575844203505,-0.47888565953033013,-1.140246991655619,-1.19134878720933,0.148997874585602,-0.6539516766423308,-0.3581840204795369,-0.0713829904572076,-2.2740961328504525,-5.376985274598406
-6.417348809904972,-6.095247642998379,-5.7067295848432,-3.0613915977066033,-0.7973355050838564,0.5925160962648622,2.0378101238956794,2.5991739184881353,3.676306403996841,4.76560473817576,2.901070440477553,1.9993942080527805,1.2016318157773958,-1.8527237490460964,0.5184248346754903,-1.3840036210254787,-0.500876944054608,-1.8568211874924307,3.1427187381042625,-1.5268846643184522,0.6410165462074836,-0.09816758417290324,0.01971034370879784,-0.26125335946940664,-0.26323968045014573,-0.26105457628933965,-1.5303734122376886,-2.3556503028210893,-0.3821258661764813,-1.1855861361375237,-1.7887093261615823,-1.3288368022854296,-1.596497959669323,-7.418496667255137
-7.161901478170724,-6.664789071691936,-3.9965909351275544,-1.6157826404113298,0.23376554436426084,1.3582324696004608,2.1016958713833644,3.105634388581152,2.339666576243102,0.5465464261758738,1.6788289999085426,-0.7162960479291391,-0.8310637142545786,3.9974487722370875,5.333960956323504,0.2693377172567623,4.323990615366178,4.802585445375383,2.611079543098641,2.8763130884362984,6.267075642342931,-0.2883916314512133,-0.2948555993429572,-0.74404518263007,-0.5185831846093463,-1.3939504526459832,-0.9625425902093977,-0.39373344562343454,-0.7279414392078216,-0.5541495990152198,-0.7385969462214795,-3.8225932923655166,-6.586358988410519,-7.276852863686509
-7.551415348583784,-6.4304288257508855,-3.4227176385852407,-1.9992647884450818,0.7566797842013194,2.0235119722656085,3.147772841336071,3.6834457239452023,1.1841547443273277,-1.2995857370891444,0.9543582465221149,1.3391174963378112,7.070571279762051,4.569508417609286,3.313286354500267,8.735592303742479,0.43073968600847773,1.2373559478439136,0.9924849087406952,-1.1818348093114883,-1.2516472413528923,0.14850241945614817,0.48248191564563775,-1.0039032953599427,-0.8333434955772134,-1.2841860641703644,-0.5660161827248238,-2.4416388357654446,-1.9790690326188765,-1.734594400018719,-2.8381530259903345,-7.219730129623849,-8.7751857115844,-8.564566256118361
-7.8164402071712455,-6.391068873231045,0.9575686935149896,0.9616205911162861,2.202829952757355,3.9330512691707726,3.1644699522983704,0.23413295684141835,2.835766511274918,1.2949625920111816,8.025439269774125,5.393321462762959,1.5726555774234545,2.9991450638068082,6.528294708601208,2.4902701011713684,-0.15845062404128749,1.42648587294997,-1.501673904065926,-0.5123973955138724,-0.659976522689489,-0.7423005781782589,-2.637615100612004,-1.0018180417956848,-2.261036108724514,-1.1566610542722129,-0.40221803478983226,-2.460777929663562,-1.0773916824201013,-3.1924183462537954,-8.338768522544694,-9.1165669126662,-9.046120255920492,-9.322449851693134
-7.425420703886722,2.2383131991700536,2.3546086389729957,1.883460123999297,6.3074367299678356,1.408820342142311,3.080260870572369,0.7417809391861171,0.5861910333674042,6.5765522892476165,-1.3853647815729226,3.0777458837616787,3.3756262019499546,-1.7004390146436132,2.518927569258569,-0.22333992944830863,1.0892036370569205,2.1734724445023073,-0.32461887712096027,-1.1097816060021686,-1.3059721008644656,-0.7716945579941231,-1.5891251491873284,-1.845236822476481,-1.5697596859667224,-1.7743885276482423,-1.9617921271894754,-2.091361297092762,-1.9124757879802643,-4.6188927375175695,-10.727043872613725,-10.398436980066855,-9.862587331408305,-7.53274483393183
1.274389312288998,2.1223972688005857,4.712997090384307,6.077456280284179,3.5326511127299236,1.5613689527021999,1.2445918642532978,-0.34665140223870666,3.638362872454634,1.2459835045178511,-2.8803149603245375,7.048530162064279,2.9322121886915187,1.2571924135326609,0.08224008433667539,1.7457509198689989,-0.22659656540908513,-0.771077711381725,-0.892263095704991,-2.707527817115313,-1.4506888120662766,-1.1952517967379173,-2.286378099447642,-1.4260200350548728,-2.3351161288265807,-1.661675868051237,-2.158688987956923,-2.5399255354785697,-2.255549294600382,-10.04828095705913,-11.28437501688626,-7.443855927993929,-7.390227917578794,-7.8744074854342685
0.8806893152244306,2.7788942052198666,3.729791391589247,4.735718972270359,1.4756127274933568,2.821420428236737,0.8593169296292845,-0.4789002030644682,5.51769515514197,3.353800792443021,1.9483288158221768,3.9731644804088093,0.1462621651759568,0.4316539406446404,-3.478892320151071,-0.2759553828224647,-0.7482647001424839,-1.2329377252688876,-1.5275691400861926,-0.7977897884185855,-0.45242513381277466,-3.0806224337492014,-1.9695117171649923,-1.7122191096022423,-1.8565490355952292,-2.4786913233108696,-1.3871242808231998,-1.06581549270539,-2.6761164513848814,-10.907505905090636,-7.211527509805563,-7.97727875474394,-8.660424116604753,-9.549855798670137
1.0719508939989901,1.459427604919149,2.366591562633621,2.2717971333622975,0.8743937172101147,0.6264468386672553,0.015213553536706812,8.653454139188447,-0.9037004377689098,-0.5193536768718026,0.7848300336683885,-1.1516250201756182,-0.1575896781015051,-0.21450505883511817,-0.8713287612931168,-2.8198081977014695,-2.157597495139586,-0.4667371244467094,-1.5537533068974498,-1.1838993380104617,-2.4464725536847616,-1.3078350952509048,-2.177523575397891,-2.4643408947616643,-2.8595037286686535,-2.3944273189966494,-1.9387159617301983,-1.9001486734805002,-2.9595910030098773,-7.799133186412795,-8.240328219180517,-8.752431315265014,-8.863607620231246,-8.514999305543144
-0.4684733691287684,1.7975004417967717,2.147564424910891,1.3537961956678095,-0.6987339053822533,0.4155938023705059,0.5547366485434,-0.3743343357081648,-0.7385464910014208,-3.175304914451024,2.237364700508576,0.3333944700806234,-3.120489544878576,-3.063936558840659,-0.17541169722804165,-1.900726364139093,-3.681829270665445,-0.9876597232587496,-0.8394122521956048,-1.2592780905342638,-2.1558416237852356,-2.3048158991551535,-1.215328453138487,-2.336202513272309,-2.933792706216638,-2.6417801424967275,-2.4983221243700826,-2.106852745073389,-2.6862484805351574,-8.203492749171804,-8.755108045757341,-8.523603670397335,-7.9874234955682635,-7.5600764862900265
-0.28836960262824685,0.49416756301497483,1.4374904244383424,1.6112178315656949,0.8023890596901877,0.8962250447989806,0.7301950221251037,0.27610878132919914,-2.675292571693804,1.8765164032496424,4.343709357887271,-3.0505678849921205,-1.0655176533035304,-0.5378918213771308,-0.8108249781065893,-0.6573500436350127,-1.7351437301571997,-1.7833541346141084,-2.1745580509186526,-2.0789990809281416,-1.7504201797297574,-2.899621696288033,-2.1020977781792043,-2.457518586715105,-2.641041428018729,-2.103681916826054,-2.8849992318060482,-2.7351695458195153,-3.0811194828361286,-8.449075263140587,-8.132744764753175,-8.110214160898462,-7.829957900172999,-7.332830097943564
-1.0521141221397707,0.5172979288119921,1.114853927211625,1.5979479923757764,0.7537420742361108,0.2021170367995649,1.0767612351074314,-0.42255234093206123,2.756639687773915,3.7683181094033267,0.5276927120564934,-2.6924050788654226,-1.6047698114381426,-0.9457662260258525,-1.4600647498990296,-1.7485131949742447,-2.909765518715318,-1.744127437159658,-1.7658976799015917,-1.6673841190008787,-1.7035763702928124,-1.282429004376116,-2.0208871138297217,-3.1189947582768327,-2.1334053538232953,-2.787509673557298,-2.062480235504135,-2.963951947353399,-2.9808920035935516,-8.31068310083127,-7.998280317793012,-7.87043446863226,-7.774805811452646,-6.903751486090426
-1.4599010792479141,0.5979201843579388,1.7937298909887756,1.2358032609764829,-0.19754762278760776,0.027094421664032232,-0.6036451759701061,-0.0941930891027014,2.427817819282621,-3.2084213477374837,-1.1100351508421944,-1.253117676111218,-0.6392738525462313,-1.9760704358548191,-1.6024824404798368,-2.391157082778055,-1.9958334978379557,-1.8462135930855288,-2.3213880574421055,-1.6323792360320435,-1.8962487805218033,-2.776934985953087,-2.2494861900444754,-2.4049007422767676,-2.4200932862844553,-3.058611114199185,-2.7886733398383017,-3.349825717850069,-2.8783321676011284,-3.5116104908267047,-5.94273483792616,-7.599284305569075,-7.75546865933616,-7.397833663107101
-2.223188208370531,0.5837164446708306,3.121820878413588,2.3396536877572114,-0.7727222686022257,0.13209637748534087,-1.0524848228281474,1.3018847465842518,2.8180437102234164,0.06687201492652439,-0.7919715745760569,-2.197498711930297,-0.6801174971758004,-3.61171300313813,-2.355198239112866,-1.6362150569400105,-3.1788389479830803,-1.7883078979112315,-1.946579413602684,-1.5979923737972443,-2.74996236440233,-1.9832840438595212,-2.8286729923476863,-2.519506360858922,-2.3484750655653004,-2.741627752929409,-3.6254114974694525,-3.0205822045485218,-2.983864301065602,-2.7535321235028105,-3.078980521122106,-3.5913498314315278,-8.531705501701726,-3.1574802140031024
-3.0597183830798307,1.1455462672610275,3.1465112715684636,2.4350416694504253,1.712293886508565,0.09263608405709468,0.08897440122493544,-1.1151606058050638,-2.9913496696298734,0.46927021766746874,-2.0292942357978054,-0.8970790163624871,-1.2084380621055428,-2.0662169353069895,-2.043961402963035,-2.274489825352357,-3.8140702089734715,-1.8092669175116691,-2.3256415130704604,-2.1930306090713034,-2.2208499459347806,-2.126579921706591,-2.1678110129792056,-2.2341376301385663,-3.3030893134830257,-3.130148898847829,-3.1332702201856746,-3.0643334097588886,-3.00414329245746,-4.792752970592221,-4.585205040666476,-3.2771128900844646,-7.606101351959092,-7.0731501445566
-1.3756373040239676,1.0238274262736426,2.629815195940518,2.6793256108163157,3.2543665724171587,0.8325961655787499,-0.952752538984174,-0.9891814284113244,-1.338848635103354,-0.3234323144690338,-3.2497576157744192,-0.9046691102818286,-2.030955113730257,-2.4719276834893136,0.09244308466182814,-4.787176831521885,-2.4729650099211664,-2.3275499008377305,-2.031373180938624,-2.069714746071786,-2.9634888551195053,-2.4302671921826886,-2.1438526931967052,-2.262975395402954,-2.7092901307242423,-2.9225386426990907,-2.9338138380404315,-4.237512740926429,-4.614638742615568,-5.379154536572916,-3.6791705592388486,-3.970243453834952,-3.77399688622541,-7.425995628591362
-1.5440725661545998,0.5035631932507081,2.656031057097862,2.6902544364290204,2.99818897523797,0.5810576391111449,0.7390652220098612,-1.3867516983768189,-2.181579181033956,-2.0814230311501603,-0.7399077635863363,-1.0853960117101846,-4.00202951703048,-2.3554975512760286,-2.895730042760116,-5.5977184952809,-2.428234251628455,-2.1170646182677677,-2.4011389340682276,-2.982950567477242,-2.351915898272157,-2.1889312981130007,-2.237785510575003,-2.4923278183897986,-2.6380386253442296,-3.464986855400927,-4.44311211458992,-5.557118876780287,-4.179561903649747,-4.505584272222261,-4.2419228843601875,-4.986474865993821,-8.98701697740306,-8.297589499585706
-1.7699784591832357,0.652108622576416,2.6406892153027974,3.117292122970787,2.0869730879308417,0.2294582048017309,-0.1482484003149848,1.1092048389408242,-1.211781798688309,-0.5727271952790384,-1.3826457636710412,-0.789944153875951,-1.8653684937885964,-1.8655646228695812,-3.115093151644204,-8.16048659781624,-3.1708434019264398,-2.175555184794909,-1.959858269737123,-2.2300131354802954,-2.387527733530746,-3.5023463102694037,-3.3284632468537785,-2.1409381315141593,-5.120652775767739,-3.220238055466943,-5.4697685045018005,-4.360173316430252,-3.6096654399887345,-4.447580265113786,-4.737247966451809,-4.151628120618262,-10.466353777624713,-9.666931720995867
