script/wind10m.json
{"header": {"parameterCategory": 2, "parameterNumber": 2, "lo1": 3.000054539987559, "la1": 64.9999836372058, "dx": 0.5, "dy": 0.25, "nx": 34, "ny": 52, "refTime": "2025-11-06T22:00:00.000Z"}, "data":
[rows 0 to 23 of 52, columns 0 to 33 of 34]
-6.664430431644552,-6.458409964143256,-6.0083141527887864,-5.7265976170116675,-5.5214766893872245,-4.962738802559669,-4.24242451854882,-3.5161217157167046,-3.2049127575112366,-2.8254391357493986,-3.1754612009256356,-2.013557731062639,-1.4121257046607225,-1.182851588204676,-1.8311894013388013,-1.395218379269981,0.022162812999950286,-1.3253330946274522,-0.010798118869889269,-1.176759036427902,0.01652734051245763,0.699451901357743,1.8575508080621146,1.8296704603722187,3.503212407456748,0.34156753342521473,-0.7349595269123225,1.5042680587404922,1.2746825724233706,1.6824599333805865,2.2240684367624044,1.429939778193694,1.274378127654215,1.7025294991870266
-7.216679479934955,-7.10051662168716,-6.741955388682988,-6.1559802120485925,-5.905839089985716,-5.70577889801134,-5.213383128650313,-4.6874004942483465,-5.079938616009212,-4.474515539603993,-3.416883536626612,-3.25377688669359,-3.337053122482669,-2.763328272342303,-1.6929719260729492,-1.9796441718340128,-1.1645244775315722,-1.2789321560507294,-0.7339983408936469,3.15084797351992,-0.26495665818297387,1.826728265953637,-0.19788084801553266,3.3588160612566567,0.6104610160887805,-0.5337657545390228,1.90138568920348,0.36781668227092523,-0.6267437602960765,2.779838823557938,2.3214569604569997,2.0089145379967293,1.6012512723424919,2.0870877611757415
-7.812973359145591,-7.847379998299044,-7.301700520877763,-7.002170136040302,-6.90988549898897,-6.5737008542108795,-6.81574707114368,-6.26471519565174,-6.616573279217738,-6.024770966118838,-4.785421375025564,-4.682718810948899,-4.283317954132603,-4.199113719160665,-4.420504085582613,-2.383772437025482,-1.6224217602106321,-1.6609276219091227,-0.23927186369450978,-1.4813062314955925,0.9962775175611556,0.4117786921129898,1.48482407189067,1.3579835718241737,1.19655544726022,0.23312768810428822,-0.7436069659672198,1.4382760958689484,1.0469043508982707,0.6946089853418027,1.8611336374145575,1.4574117840920864,2.267190588325111,1.3255764583506313
-8.838555215338875,-8.489901532841904,-7.697398757362562,-8.01694382488945,-7.672611476844943,-7.6778808526420725,-7.566057164938658,-7.484188434586178,-7.803251468293606,-7.116831781852828,-6.508723506963173,-6.466402963684652,-5.9317978086602015,-4.71183145899531,-2.664572549310917,-1.9800416392875497,0.1836565549280199,-2.3585338810031113,-2.1640292020809273,-1.2695833366975444,-1.3232457690434625,1.2891602466596468,0.05648532447786036,0.8463624060883592,0.33066107180029786,-0.16919853880086033,2.2230968561161326,-0.5353965924994081,-0.15919696450221352,0.9384857738984427,1.0037009677171034,2.300659149433249,2.220952782237244,0.6545146222111644
-9.883560453443497,-9.473153225834723,-9.037329767630604,-8.481826422663644,-8.385863229549843,-8.609134712527425,-8.9628125964374,-8.09513742677142,-8.299130929199341,-7.915098061504614,-7.541776398875894,-6.226546310950372,-4.9025662998415,-4.708907396087545,-2.5924634113682905,-2.792528021053922,-1.543627577073007,-2.09023531466051,-1.0776764085512096,-0.9729522351813606,-1.569371449085826,1.4896527926991447,-0.32282453725415755,-1.0091927011991129,-0.67441649572522,-0.21786496706042868,-0.531167052605441,-0.7373538747506873,1.3408765802951566,1.1135813685128597,0.8736374292623528,1.249962140886537,2.491421280783583,2.120755261160947
-10.422345527351109,-10.647463413988053,-10.006171438387835,-9.362154032784195,-9.321123613790023,-9.404797962541222,-8.920710899742598,-8.994453131383757,-9.094533770059163,-8.708041214084423,-8.227902083165892,-6.61244786872888,-6.410992830116332,-4.350404309049344,-1.3961220260664091,-1.4455874079967497,0.0513422009243707,-1.739675476309829,-2.903576921846181,-1.0131123988258681,0.7600654701769473,-1.2573779407033825,0.746788750878809,1.3589142901298066,-0.4228755872362823,0.6605511253605953,1.1618135881188567,1.51344077210083,0.7528976463086633,1.3815548853628117,0.3848930921171693,-0.665643683869469,-0.1252693620579851,1.8694612771939478
-11.13622095763151,-11.0087064725398,-10.456134695990059,-10.595712128440022,-10.500716491138363,-9.963315140257768,-9.688501212985303,-9.597858306252755,-10.104293459276848,-9.675970684985211,-8.810163558214539,-3.9970581981882627,-4.054866485787335,-3.0873222568597534,-1.9560309683889217,-3.8736898108571114,0.3891538796131927,-1.572774852570794,-3.1089842190416825,-0.9154573208655461,0.47571641548320964,0.14663805232719884,-1.1093689118675585,-1.6577959454167528,0.021029412989301742,-0.2160263568027609,1.574843037499824,-0.9408340355779716,-0.373482543372998,1.6253845262378048,2.584619037977956,1.312104351309935,2.011218918557145,0.5952113199177063
-11.429832843478218,-11.391322802664156,-11.127527764696271,-10.969516371073544,-10.952648464207234,-10.834966433813056,-10.552169991599733,-9.724309728244052,-9.442559359604783,-8.036140591912844,-5.691258712906441,1.1234108410788313,0.8935930230459753,-3.319788970193364,0.7018698846390816,-0.6383402101174783,-0.4697215067646025,-1.964982550131246,-0.9150651896747244,0.1322315300010189,-1.3962027643608483,-1.6401153733582934,-0.4509253460988001,-0.7764965981431659,-0.0988611501346337,-0.12342317831337346,0.8662685208404644,1.4888976127345306,0.8163562772265103,0.949892160775449,1.6301017623702292,-0.24037674672946896,2.3903907466370344,4.665981038430557
-12.229638843967575,-12.035936128386094,-11.864594281646752,-12.043967991926367,-11.305546045161295,-10.834973725820891,-9.844339214355387,-9.121707511608344,-7.3981161121553525,-1.0958311305751756,0.2598626616722443,-2.8714839014456146,-3.9341343414449623,-2.6839609812387524,-0.607531061101804,-0.520237915495569,-3.064228682077379,0.4797406840836449,-1.998991598841428,-2.9508608300772763,1.9582058520270997,0.3502070318452269,0.8373226562658571,-1.0553339330415397,-0.04271452978049602,-0.25643748538785316,0.29985031926503547,0.9623685257823003,0.35939902854015837,1.7088378857375544,0.9953688385156184,2.3803790461322105,3.8893557767104,5.575339945978973
-12.563236652357123,-12.69438720918464,-12.561055639810997,-11.545845090680524,-10.763164612470588,-9.564985266139232,-7.848486811202456,-4.998801962555042,-1.3975543488717443,-2.0724540447776936,-0.32372533924492397,0.13823615540994166,-1.5862654403317313,2.2387285535105077,-1.623497118424313,-0.8304305696124525,0.5474802808285489,-3.1431847786237124,-2.9035153365965325,-0.8072213766206937,0.498845516142081,0.08552235389512444,-0.008193173480257403,-0.877767092337269,-0.2685498781105102,-1.0192317546477498,0.2274157717959198,1.0601855149500725,0.3242216214371433,1.22607333583314,0.8481539024192937,4.311557460557309,2.956857695660759,3.7226697396407924
-12.268208051033895,-11.90311169694721,-10.897372972973137,-9.618801524732795,-9.375731081228047,-7.449330532720252,-2.758634479063498,-0.6823637343391035,0.36458606666528565,0.8592677483009629,0.9181442385473809,-2.806472445869115,-0.13290169696389081,5.508037925044727,2.037796958044202,-2.713683696100874,0.6023140119758955,-0.7238862018203386,-1.6796190011778462,-1.1314290811387802,0.34861555673630046,-0.15736003273144417,-0.26800605123298527,0.029419441803967467,-1.590170548006903,0.5398479162950205,0.39485923597814326,-0.44657976504374214,1.218806502964973,0.35233845667511166,1.560410966733664,2.378795273695725,3.1118670211718618,3.6970027947318616
-9.098609065383005,-3.4720013922700352,-2.4332547655136163,-6.732162962450813,-5.755639339243776,1.0339611122297039,-1.4170846697872193,-2.523706460689648,0.2279507749556559,-2.088114320908999,-0.9548966783217819,-1.2211090933022728,-3.482697372725053,1.140153283658109,-1.4155064325074393,-0.8286027904519075,-2.269784167069573,-0.0725721166643683,-0.6943000640923637,-1.4103145331816156,0.19090352386054518,0.21065756060173987,0.40254020670079893,0.1742865579146728,-0.24168470711033907,-0.6198118267229358,0.3399676203619853,0.7039184124773757,0.6805248881992423,0.7809244154884656,2.3735277300743682,2.0830939757180933,2.4358603713549067,2.9996116034813975
-2.2788420034918233,-1.931449472680119,-0.9992176140458008,-0.1688615609261517,0.07347144908694189,-0.21926377584457862,1.1248917988688314,0.13323692437730675,-1.566333622760546,-2.153716935384353,-0.6899847639065626,-1.8702052914598328,-1.0599834547397602,-0.2088815956096367,-1.6993979505538432,1.825347942800658,-0.8617382732576431,-0.13382972813236,-1.5046733525634086,-0.3377931459088357,-0.6871139144171926,-0.2971806990330029,-0.06832164407363768,0.035161340170711305,-0.213439519163542,-0.5871368863317448,-0.051087847881506186,-1.3930069432471992,0.5033792496235788,0.30903065968629706,0.6464950593175902,1.1859098088706188,1.8305396400989207,2.3013519794497017
-1.0270850624265992,-0.5256814355489181,-0.700788313953048,-0.8636967479686107,0.4876589505929253,-2.8375892250718415,2.9559786260212335,-0.38171878764442646,-2.875403223348795,-0.8926220549542007,0.22646946862890494,4.02216547068922,0.5425421059287252,0.5413483673275424,0.044890732429674264,-0.8031379824297101,-0.4788303693664608,-1.126788380466423,-1.1197058248350875,-0.46055050318557994,-0.5493109638808233,0.055311817420767066,-0.09571201742549472,0.09106049979990424,-0.4036054655518461,-0.5587927913164245,0.0375156463334709,0.12397120094761047,-0.15806907223661165,-0.43796087658778177,-0.15610643921097933,0.1273406362290639,0.47714029569649496,1.3430320683640833
-0.8457094555894384,-0.5301076072085733,-0.7606688061073323,-0.8708666435569932,-2.508752193784199,-2.2561693457500107,-0.5812994796250693,1.2032997007133412,-1.2383813947836149,0.6920493252865622,-1.5429480533745203,3.070951865060234,4.4058438262703365,1.061284938111595,-1.674000945051079,1.2234736929357062,1.2834713101223154,-0.8552512588294745,-0.03357561292205713,-1.2768559475307213,0.046975373248638645,-0.47101458354344794,-0.3596993894061103,-0.3838567177005921,-0.42520523326261117,-0.5454957755730789,-0.6004898761801403,-0.36728640602995744,0.0806637818131755,-1.178480774240936,-0.5163056671409647,-1.1575111033578613,-1.027292493355569,-0.34470448033074363
-1.069425437535835,-0.7244194718532588,-1.0456412294529547,-0.8147678942467315,-1.0855502780059245,-2.1456269276815436,-2.08452719081299,1.5676404927985679,-0.07147158658371296,0.2850425931440227,0.5084713016223986,1.8931049381709217,-1.472470277024941,2.7651777179097756,-0.01324569264341277,0.5178454641458963,1.3185546962301522,-1.3295250476127745,-0.8655315622295433,0.179341946528121,0.5001145541417408,-0.30177281954740576,-0.1724804236437973,0.20332588398505222,-0.21290817737517787,-0.3655532119427153,-0.36645991057940985,-0.39604882418339143,0.2645062649834655,-0.907613659670051,-2.2442138098339752,-1.7666683020440412,-1.272186211108343,-0.9377181103141093
-1.3385539753637326,-0.8198980095349222,-0.8741839983584713,-1.0049953841600325,-1.7360784106542302,-0.10746209684245871,0.6489018594179554,1.6128683354615687,1.7157692392679058,-0.4097607710628009,3.4285682713345444,5.9857891323536805,1.1570582019355866,1.0125393107062093,0.687080606204726,-0.4178994973663258,-0.6807524038360694,0.03167415287050123,-0.6262973928746834,0.0257530747198,-0.20118139350825992,-0.4316341185566475,-0.3006209015497368,0.27661091949353717,-0.30651029952049275,-0.35625911649111147,0.5484308510602948,-0.1516521205699825,-0.2516965836030054,-0.6948139246485109,-1.049553299827092,-0.215663569807543,-0.3536871285475918,-0.256663342814064
-0.7063708227516489,-0.99200005830857,-0.9789494360540931,-1.5233989894050266,-1.4902148483195319,-1.220751446500528,-0.8859566013829852,-0.26283069283950294,2.0310554950429505,5.090167538737024,1.2828565408539936,0.24983364610803743,0.13040165030615822,0.9727957954339725,-0.1299919570063867,-0.23453471600912978,-0.06983291665652992,0.2909365248047917,0.04297756944037981,-0.03880870808434247,0.1611284817242695,-0.6915913355994008,-0.2155780790270394,0.7405207755306712,-0.37313201351810227,-0.13462073771167304,0.4742976360671292,0.18864947104454044,-0.26050786192458764,0.25503021201118303,0.5375874861758091,1.7411754715112626,1.5003745718643589,0.22801294911792844
-0.8484121924967255,-0.3796933160098578,-1.0060340078697871,-2.882121403507245,-1.3478433363105629,-1.4988738853516952,0.21762034091554822,-0.7756381629323159,-2.383496511796053,2.284632741845055,1.704660450715453,-2.0583353610252035,1.6459523541571077,0.06258461829398597,0.8659460187715782,0.5637737831884624,-0.2819041917285179,-0.12133454381178159,-0.5945776902379183,0.3444759037927387,0.1999566824572634,1.3708294922063728,0.9647766985138,0.016108882153367098,0.14110616349816713,0.2629840711197482,0.7699933201901022,1.1876038801893987,0.4288544743782499,0.5198547289936074,0.6537902963082592,1.101660728860496,1.9628213838549182,2.1091297947588834
0.11106990885922402,-0.671032858898293,-1.5820045121058208,-2.2729955839547036,-1.1234499746603395,-1.8322215013230134,1.0051285302218056,4.881763881855771,2.7339034272314904,2.4291527317890886,3.031426385027025,6.000529925659907,-0.9196665266639034,5.263145772156905,-0.804120010071475,-0.15730626236122533,-0.22521103745590154,-0.371183612935714,-0.40221068631097556,-0.017636495824722837,0.40090351227947324,-0.1264992339575088,1.3006613706115535,0.8154337467155233,-0.09238843782068112,-0.15521263560464388,0.2494074826143337,0.5400333880612287,0.6540660630042899,0.9412725827287421,1.0171657636046343,0.8473305267171504,2.302592082636883,0.9383119103931872
-0.06480554013436186,-1.6356858011520257,-1.5142859773501252,-2.1194486151673244,-1.641005033478636,-2.2604702122608957,-1.4294385090137318,2.1047558698155338,-0.5488410879571499,0.4029697412749834,0.9820736267865505,4.076255882756213,1.2927876502772813,0.3987884220896117,1.048687068121051,-0.0009036504683820409,0.5477919317999425,-0.12698860045642577,0.20604948526766179,0.3876995819938358,-0.15515429629903993,-0.4243692748090021,0.445810133907254,0.8828156546297254,0.9210174189262466,1.5579215420163897,0.6708870960682098,0.9476947264171404,0.8673746410571165,1.042920390289817,1.1658210988875535,1.0613778768612119,1.925814842770246,2.957829585147938
-1.5700866475384172,-1.6298670647683786,-1.918875889114093,-3.601933794267349,-1.0800208525876052,-1.967377138866514,-2.367573352705597,-1.6060690254698404,-0.3426897043940008,0.33393851673036706,1.4034920207872277,4.09504638766899,-0.02763384624021898,0.47211461975976093,-1.9723996683785778,-0.5462489844739337,-0.27093828871280473,-0.21486088784292726,0.29115863802547215,-0.5321473740526087,0.666785370763725,-0.5979874438658912,1.0898689058757205,0.5448580269336677,0.9037036730807003,0.8754099601796712,0.6903203300833035,1.2032617023274839,1.4920868813409194,1.3345297646922312,1.3061083058572829,1.4213059300580193,0.6924359864410179,3.6019195448438914
-0.8568377713959443,-2.0411370921628094,-3.1960853465276013,-3.536030065232348,-1.4772636464028999,-1.4283289369919416,-2.7674487349663828,-0.879704285519693,1.6565884592539901,-1.6440892304064942,-0.2708445412282713,0.0029897899176215253,0.6435208156438099,0.8672984152167569,0.6103523631128416,-0.17145636055982794,-0.021362104396633688,-0.048085184370546485,0.07022374580521812,-0.4393710361307844,-0.43906999461794005,0.0951477459744675,-0.11445499916949353,0.5664651073723433,1.831720547451835,0.7799290325371837,1.3545125464664314,1.1762229591977098,1.1641574929502234,0.8956170983397294,1.0678737916669452,-0.07928337888508714,2.5980052124649107,3.1867079798896953
-2.348707125885474,-2.9868822783475695,-3.375802818680669,-3.191766442570642,-1.8675197750943127,-2.630692430084673,-1.1395268021343101,-3.353122522549097,-1.597455409836822,-2.2052343815600306,1.1594737453628952,-0.415103338559025,0.3330480389651722,-0.41379639030073617,-0.15458425100084427,-0.16576375627934478,0.3046279899036344,-0.4992980747074784,-0.09130730546937528,-0.29881432187599444,-0.07692970130809873,0.15371658148792916,-0.5516907904031695,0.7962129025825825,0.7267595084764903,0.971494982224475,0.6227311174825029,0.9070788977771898,1.0912708245325191,1.0537232666062932,0.43058993353245184,0.9768753182032764,2.7911436601498583,3.36112452510014
