script/wind10m.json
{"header": {"parameterCategory": 2, "parameterNumber": 3, "lo1": 3.000054539987559, "la1": 64.9999836372058, "dx": 0.5, "dy": 0.25, "nx": 34, "ny": 52, "refTime": "2025-07-22T15:00:00.000Z"}, "data":
[rows 0 to 23 of 52, columns 0 to 33 of 34]
0.7487995716276501,0.5263438932800177,0.25906617347283045,2.2747115720267335,3.389402240972305,4.328781457324603,4.759318619804288,4.7294720004981645,2.9093322758238696,2.5553008204649887,0.5474719333345525,-0.5751241296504643,-1.3974850655090496,-2.667095301641138,-3.4244228988476886,-4.58770460386565,-4.717516669367802,-4.927911587793972,-0.41772476515042783,2.9403632589368214,3.1118144435246684,2.321469598379761,1.2040205605921814,2.4353308343723428,1.4427078559521334,0.6331416694829298,1.0913809028046224,0.7943148437604461,0.5906561593878479,0.2867082521205273,1.1689181235794126,0.17704269387553595,1.3419021456154587,1.207430928599746
-0.1362340441522873,1.4852888656935506,2.4193397295281063,3.3078700157680982,4.08612417674816,4.328639955363522,4.326667838742006,3.5565496244896715,3.002347154790187,2.118029829928831,0.7711861729248709,-0.5859647259215716,-1.9488221961937446,-3.87360014775215,-4.445590129862709,-5.428466473772216,-3.190492263275084,-1.9243919463232038,1.8923276180040391,3.5428074407646992,2.1875125976869376,2.316770764778792,2.06326385098939,2.2046459019458062,-0.05048173891554649,0.7245670480288818,-0.7472424783890049,-0.34222604612418067,2.576052000941189,0.29235752591343456,0.31302020680391635,0.5637905633863503,0.7167064016724325,0.479350345998969
1.70132929420746,1.7542118847732855,1.9120772639777028,2.8584495505244183,3.5350979406526624,3.743581811666346,3.0775087554574463,2.742170838373187,2.425628871775007,1.9668931538506067,-0.13559805899396335,-0.8381848645848204,-2.6444532160015255,-4.082831923268348,-5.4349855150450805,-5.552590943096938,-2.200693158359508,1.5035209128622802,1.9401204096263533,2.1466050186739913,1.7853637244262612,2.2811528167069777,1.6377986825658484,2.232885332082253,2.039267499673676,0.03849202702242388,1.6910364113740182,2.8153351863754037,0.3835436092451537,-0.9669352744786814,0.40443150260699107,-0.10077645628523918,0.05467895048633113,0.43768988244265356
1.2459819037425937,1.62912764177077,2.40416080811971,2.285385236524525,2.7120319795253116,2.6800415777187276,2.600914126680529,1.8047763502985046,0.6521815534496502,0.1547545662821089,-0.8892161451340865,-1.6180047269746354,-3.4366055240236344,-4.580689894208656,-5.692023400554648,2.0020226112728516,0.8454175628026369,1.636681930075815,2.811801068042129,1.1752003503532005,3.064955054529199,1.6814447394508882,2.613600337547019,0.1670080248935995,1.546029534867644,2.1874930613766495,-0.1714250870008285,0.5502130743770829,1.545554744803906,1.0448567040056205,1.0983171877159223,1.306118434245091,1.9377503005613452,1.911930944151913
0.6428608645149043,1.3423403695601017,0.9490769223612009,1.2819883410604815,1.8332714405391082,1.2759036377509112,1.3588497865770328,1.6098826054088566,-0.19422050698124022,-0.9436987634242093,-2.601618975842573,-3.3395719109499717,-4.337407917342967,-5.165098582817385,-3.0641655883495473,0.4747010448873979,0.7022173048328602,0.7699203677860162,2.29889100611526,2.3754898933514594,3.9630027066903586,3.0936210349678372,1.171457866932197,1.757145184885288,0.8257007502703432,0.05059149881530801,-0.9027469650611545,-1.9129413539815014,-1.394606240187863,1.3656980124043747,1.1312347987828804,1.5764747008766606,1.503931726631367,2.398326916545765
1.1156703754781458,1.098733222886623,1.6411797454154975,0.8624431097718852,0.512393257275093,0.20410533617983365,-0.0047312091912561525,-0.8222654550639142,-1.327119302242843,-2.8288408660359545,-4.247234299904525,-4.037494231357725,-5.868020806418109,-5.781614024973348,1.2673764872213555,0.731074353415733,-2.4238063110091046,0.537310134588208,1.7547019200902603,2.853649867433927,1.447613426977725,2.142796978692519,0.6963724253766714,-1.7758409769598125,-0.8946887914114369,-1.3966911852166788,2.5047204256019477,-1.2337131966805572,1.3703180051968902,2.0197387796818536,1.3344553910233425,1.839840213682943,1.9576053976749617,1.8413041792673752
1.5405794400769175,1.052650299135147,-0.15558040302660783,0.7368185960494358,-0.059747024679106316,-0.8129298490611487,-1.2603154127911986,-2.231239951597018,-2.504338401468381,-3.699536516740198,-4.5895007014211515,-3.916049279685418,-4.426082590619253,1.2039112104948735,-0.45667841242759705,-4.085802068473509,0.055448912843133184,1.548299929507597,1.7573648282113676,1.4820360946884685,0.9293552194434516,0.7809474932649528,1.4665558314216551,0.3751655706842009,-1.1847705080198652,-1.1691227201994394,0.5059048811447209,1.0155784099799425,1.5377868946573234,1.3062892218195732,1.759828099851557,1.7676769763661193,1.250921331485152,1.8576053480958221
0.3862877973982084,0.85957948932769,-0.1631569373389963,-1.3533086168586808,-1.2550154978502863,-0.8201365030499873,-2.626032751796895,-2.5905703176976513,-2.9620483503038835,-4.749373926649039,-3.1195054503442674,-1.2351173053537303,-2.918759749034774,-0.7943030360019425,1.2945605524410033,1.4290783614823304,0.40909561976712233,1.160907161613951,1.4146035867712976,0.13160128597765997,0.9591856134022541,0.30796693532151026,0.04901799946910304,0.7898245829618165,0.6472911275512537,0.7078759144337503,0.5415751231087492,1.0803616589842127,0.6494238430201938,1.1790898100107927,1.487563035322141,1.7593666523838591,0.5718528735642211,-1.419666343295045
-0.8685037681845197,-1.5044453130330482,-2.279679795360993,-2.227601788944226,-2.393552745115908,-2.3564882548825765,-2.4832075457895355,-3.650229880940443,-1.9950594594211177,-1.2708635273617381,-2.2063382001063547,-2.1735262253605074,-1.0972795807941618,2.640142011152612,1.994731432735356,1.9471722223759627,2.048447540279016,1.5554158004857197,2.247927713146727,2.291469996316899,1.4516296664366095,0.7067774223965,0.3845495628130845,0.8486714536041032,0.8559482052758061,0.9427397330430536,0.2415670631004529,0.47535206476768116,0.6738894761730506,1.0932483558952037,0.660228581249615,0.4792897294726548,-0.8784995708314046,-1.853197153839076
-1.9243203147746535,-2.7759495137541967,-3.2127247687416745,-4.21209041929117,-3.1327372167402476,-3.2847832358958655,-2.2383560307570516,-3.090467429306004,-1.7600115240049439,-1.9620148199805876,0.5995726812461025,-0.499509002451621,1.434985781795135,1.8287122379865393,2.3985402269402414,3.8264297366047964,1.4105695013881003,2.271562395745002,2.086117745068897,0.8375903277833748,1.5447130212543387,0.7846503364993733,0.972695708466731,0.00043342245984929545,0.7124204704477521,0.9128350646093283,0.5468352233809608,1.3973661446756318,1.7426955778576971,1.3321832153573792,-0.2009709250109306,-1.2630452987187935,-0.94836097666704,-2.0476857469865535
-2.884746905044973,-3.0732459314111393,-4.491437717586532,-4.108487091753245,-3.531953823407508,-3.8706711517221364,-3.389891266529476,-2.3576796393442043,-1.8902650736226714,-1.273683851260389,-2.4014000669251767,2.877512293712997,-0.12668274865726287,3.9024490099077798,3.448428756394063,2.561567368989217,1.454013223394281,0.6286433551699411,1.9239383601364748,-0.26318786734852273,0.7949268904507604,0.705900057442278,1.1644428759876226,1.4207678679777145,-0.30925966801941096,0.12225820044728684,0.37491973894762737,0.9886413105694495,1.5644192849667482,1.2942644748123118,-1.5441928115484815,-0.3402612460047375,-0.4338866745845232,-0.7218648567299932
-2.939594049836296,-3.3192090610355303,-3.7700266203678257,-4.024379719835604,-3.295509589945107,-1.991127041806502,-2.3922269411777286,-0.8332816869952073,-0.8653039998097226,-2.1816362884866134,-0.33866799937025427,3.7321133955747596,2.381517167902157,2.631280503046953,3.7295240901959668,2.1543042212983203,2.37276887400528,2.6685483722838708,2.1316319748187516,1.5949112029224046,1.201243040360832,1.6924814838410007,-0.8205448983715846,0.7403430562460764,0.8859409474354112,0.9262419291241648,0.7181789806483379,0.5033694668099866,0.5134218810339289,-1.132683584961688,-1.1065713188227366,-1.2361899871121456,-1.39612271999371,-2.511230256502047
-2.3552012878276973,-3.025902988740502,-3.6738235745393877,-3.9839809508131316,-1.2617701120449198,-1.6423708204781833,-2.6642761780036937,1.3553808940416041,0.2770473798194498,0.4745541346856809,2.8577591525188955,4.3230672094544795,3.921918314925062,3.0204360348061345,2.5890082351617627,1.7077103146801482,2.3472921315646755,0.7929032682487925,1.1224451252674772,0.7360202120584212,1.1603915545431944,0.12435218918186323,0.19562543017293052,1.0108001810461869,0.18954114281083617,0.791335573423573,0.8269480462949412,0.5157640551458659,0.6033176760996755,-2.0584956296820405,-0.04532543453779361,-0.617624495590481,-1.4111533180000106,0.3172554495262778
-1.239244042141028,-2.7724226365950546,-3.0647649021362153,-4.259667262854638,0.07288030849586556,-4.335679040784185,-1.8043733878882344,-0.7696562379657057,3.7279357632020456,3.1020237367773773,3.115469500466922,1.942003759845414,2.246333640660751,1.7377118736943642,3.137694926611175,1.2316452715310489,1.0093069058012216,1.1263023103391625,0.5866067644357731,0.7696979187767354,0.09702564534979571,0.956033011248165,-0.18880236657943017,-0.819745140385617,-1.0818416946948863,-0.15371512065132378,-0.19914812941155977,-0.25956645865402156,-0.0436521523522006,-0.3476877084513092,-0.9276093862072968,-0.9986162809161688,-1.6646999513824423,-2.1270344286184595
-0.49400498798460457,-1.8221279609255852,-2.9826891727062614,-3.0683511401733585,-3.5520830129064187,1.0564795787267025,-0.19238931435277823,3.215513574740127,-1.2366675016409536,2.02991652889784,2.3451774270976857,3.0870324081537572,3.4912010629688974,0.16987355996691805,1.41456188265021,-0.2631722127269596,0.42054507281476355,0.18982408071154527,-0.4261150441592817,0.6918875931591886,0.15327739057958628,0.8495282909912597,0.5034706846980166,0.9332680637065759,1.241311333574769,-0.9505620938810431,0.05516469026984487,-0.2112641867688544,-0.2978931715656209,-2.412569849168327,-2.1090734589169715,-2.1969460061810273,-2.504034179812302,-0.9046472317534048
-1.9362877767793745,-1.3742207020404094,-1.4654472450938447,-2.9782856595355987,-1.9248196935191217,-0.04585839901689022,2.7278143251319653,-1.3609802995036828,0.1204802431135855,0.6495268069461844,1.7703186505838153,1.582375266455537,-0.24188347616135528,0.6862955007525232,0.3679506640589237,0.09117392268816285,0.013610297815549057,0.5234896220211454,-0.09777641237852629,0.0510968843484548,-0.5645384014875091,0.15484706182569621,0.363101251608817,0.36851608677704195,1.8717620570694695,-0.1586044064822183,0.21002338294851952,-0.13519127418367485,-0.2727021400998615,-1.9318884289553122,-1.0366628551517592,0.6970307685371038,0.6647933147903812,1.2209669276209738
-1.2985296786751497,-1.8224344849028182,-2.0268651182532085,-3.618308916210463,-2.6233934947484765,-0.9606735880548244,-0.6414698807385226,-0.4949729008925044,1.493087378906615,2.7516156737466835,2.7222383065630993,2.8584506683464435,0.2185317456024505,0.3306322174457765,0.6035272718356086,1.3162427221318291,0.6412112644975525,-0.4532092210448469,-0.024702110810461246,-0.2490285429779102,-0.1277161675061221,0.9554233043031476,0.14758670243236188,-1.0596471946724382,0.6609855920549577,-0.15504097898000924,-0.4743457081841786,-0.2940717412065877,-0.43965356320725235,-1.5359445847120825,-0.8025583338490688,-0.9239767228048399,-0.9954473375070284,-1.119421670475425
0.059256960357659205,-1.4338996555852093,-2.4408762221043805,-3.3160172721661487,-1.5417876714064742,-0.9496833898439512,-0.7799456477306563,1.8435364692198108,2.0597635709139395,2.3382666960089593,1.3654829043896088,1.048593475418846,-0.11868929253601225,-0.2656624328946452,-0.6705090976639791,-0.45866189854930506,-0.41071581512178107,-0.05478361073130621,-0.2394769300293498,-0.008526153890699894,-0.14216246930238535,0.19619462890413206,-0.516020829439115,-0.5395752014002442,-0.517325571537835,0.2073410092568746,-0.300177224856973,-0.3033919774803164,-0.6523979493378038,-1.6652142697710628,-0.6060218470454166,-1.266060774716779,-1.3006836338531766,2.121742969343076
-0.8468307217246622,-0.975584818168085,-3.213133856966639,-3.6489594237482064,-2.9762511656081214,-1.499322831895144,2.6946553886103874,1.3342626661867596,3.200711571426515,1.1559750484930837,0.23368967328755788,1.0687462354737942,0.7927299893913545,-1.6269230928263292,-1.0547242973839062,-1.526403765287332,-0.1403855067020944,-0.7882660239956966,-0.7749314836403726,-0.14141531343072336,-0.09356550404478152,-0.3110384503631977,-0.6874157805020097,0.3997968765711698,0.03565082053752507,-0.4883476048974061,-0.35404346766920614,-2.2321002825903147,-1.1978985371090336,-1.88312927614839,-0.9865855205712724,-0.6491483311323736,0.29976769468857056,-0.32240764247303755
-1.5658662670064978,-2.082319023461192,-3.5617581911834586,-3.2575475067791113,-1.891297660854289,-1.4227089625142841,1.1266408694258654,2.1560838714590673,1.9711708513377662,1.640922918550375,0.659488915773933,0.4467034185982105,0.2972111927351714,-2.2495753007889947,-0.8816458322317329,-0.8448453303218957,-1.2228153408425255,-0.5278031489119007,-0.6686468339465342,-0.761337686431329,-0.1269273530061629,-0.41151129766261635,-0.11613544751922954,-1.3901031246573745,-1.1083200586421897,-1.2698330977071592,0.48470866950930974,0.0921934556145267,0.13247047450925448,0.3226306923272062,0.9503897552783149,0.086487967729632,-0.7906189411148953,-0.3737949284904393
-1.2594520357445562,-2.3599780220407127,-3.7258581964559174,-3.923912144549878,-3.069429868504786,-0.7730842548288359,-1.2730643252770522,1.8884212456970937,1.608919124921989,0.009281316076579735,-1.2200089264646687,-1.0645048786108957,-0.772419844276415,-2.011722153750812,-0.8125922937167658,-1.0469992636071181,-0.8810481057704811,-0.7217464478452597,-0.48806658430612515,-0.3328446185988561,-0.655430750174489,1.7668447029922585,-0.26435695396143155,-1.5376998692951223,-2.312376831605267,0.9818044684083939,-0.6231612400110121,0.6738985233890131,-0.9822353606731267,-0.14684457131864087,-0.2987802015760863,0.17564548686254447,-2.0256004442309594,-1.1865687201535735
-1.0226229582669024,-2.0223036073627365,-2.320325672839399,-3.6831893529298507,-3.4724440758510005,-0.638793226899859,0.7040402704478781,1.530030907123975,0.9700729466089117,0.3521236455161773,-0.9711943500043275,-0.7492238383140261,-1.868214888088313,-1.4393060621642881,-0.035571379798661075,-1.4349448114373122,-0.4326748771024325,-1.0636959112985283,-0.7912328208846222,-1.1493473165413053,-0.29224383450325453,-2.554291779312799,-1.5978213498300613,-0.6300960065228878,-1.03158278581323,-1.228313346103625,-1.1401112846718822,-1.3057817084387888,0.114267815657998,-0.24048364079092607,-0.444012476781304,-0.4989937591453363,-0.7584065250393517,-2.4287430339961764
-0.8110408770794745,-2.054547492296742,-1.395081962309253,-2.9938964619439643,-4.112920629015229,-1.437029433692364,-0.5222074400887445,1.0270810877148844,1.0129443879967457,-2.2161498192534386,-0.5240954546069736,-1.120905484657744,-2.3254623429613166,-1.77583062468074,-0.9373499816082476,-1.9910725352625962,-0.41840180932645965,-0.30336625119258936,-0.24724912315151895,-0.46488782098101933,-0.48215041322444685,0.7059320708763609,-0.6768117191225499,-0.6391668996101892,-1.7982206972671444,-0.8361999233918788,-2.5485495894400425,-1.0362791666047435,-0.782460440562581,-0.9223103945244789,-0.818543309119837,-1.7357176751759236,-1.7672370058558573,-1.4734865810541806
-0.193783137911502,-0.5340843421139757,-1.700325540950718,-1.8176321747505884,-3.2220023684380337,-2.0823821975757255,0.6769944726877265,2.1240668473032653,-0.7183765903257757,-0.7408196607497534,-2.202820978282112,-1.9849339314701715,-1.2684598735470876,-1.0470839082049885,-1.6649334802272209,-2.188672365770889,-0.7846438495039847,-0.4488859422226776,-0.5008511476991651,-0.32903299019906274,0.020355292223764324,4.595445454252242,2.0079184228948352,0.33777155496204625,0.2531106452731231,0.6615259732381218,0.8973948094565193,-1.107179249376525,-1.3118325873613428,-1.5597781900516197,-1.5780658895949233,-1.4032308677022363,-3.2577993165394314,-2.7335468056248815
