script/wind10m.json
{"header": {"parameterCategory": 2, "parameterNumber": 2, "lo1": 3.000054539987559, "la1": 64.9999836372058, "dx": 0.5, "dy": 0.25, "nx": 34, "ny": 52, "refTime": "2024-12-16T04:00:00.000Z"}, "data":
[rows 0 to 24 of 52, columns 0 to 33 of 34]
19.824263739023092,20.167063427452476,20.29461796415606,20.16262482502438,20.4822577164679,20.67603921258847,21.60978915059656,18.715312639872955,17.741870497827957,19.357010875187015,17.471308402621922,19.37222228380796,14.138335215834688,16.021704157118364,16.003025210835148,14.971492731051669,9.506094002164723,5.5318074955151815,5.208599802477451,6.5756897826286185,6.402266566621862,3.8673971393664415,4.129348339667206,4.420192095562135,4.608569072605683,1.269471749210671,0.6659662848115379,2.1706621493754907,0.27945011073984427,1.7780372689133321,0.5199999346236023,1.189104683882168,0.7139564177329785,0.7425860785917806
19.651911695049325,19.427791592903834,19.850902379556214,20.05321898462964,20.00722792125705,20.088202139930594,21.80695633825993,19.706191484915543,18.577607785035507,19.663284268126144,19.275200417506998,18.544730754658154,15.424273943383735,15.845539717738754,17.739874809257067,17.20183344662336,15.642885340367101,10.712448485302014,4.403809941473095,9.620580654595992,4.836631182550555,5.384473214669785,2.309482405966123,5.091457457583696,2.5983337595252403,-0.613005722705215,1.756717503900475,-1.1990282943909387,-1.0361762263205743,3.439726444799272,0.7793150082721969,1.427073931561242,1.2119140197919875,1.4755709122313538
19.28596716087162,19.542244033173976,19.809458441336254,19.89350741447261,19.96252333638986,20.245984464779237,19.95946825392678,18.74414932459744,18.716379074733574,18.594494659836148,19.875419392290752,17.480914540973426,17.52987482955066,15.21154845120128,19.424400643387123,18.670520889662132,6.923137666030576,5.6759103759361,4.9227321516409654,5.481285413847081,7.888019363056334,4.9068124512297455,4.81539692136023,6.906763906314422,3.782058340187998,-1.299841457213174,-1.0494950083388472,3.609019803301216,1.4638572657012723,1.8868980700293925,2.8736392159788378,1.0295614222590586,1.4480768239002868,1.6246293577605562
19.243180811211484,19.24850410287995,19.531590412699913,19.53498547178523,19.6842817884934,19.825211498914875,19.1644969482025,19.282784690202167,19.399546572112758,16.72073838802203,19.778007352478156,18.181667507579608,16.83133490034803,17.36452372447619,17.536162702404024,13.48481986140234,8.427029683208112,3.9958345845784478,6.931028692422348,2.906455445621452,10.124578614432586,5.822543096113379,6.452830793479809,4.401787943998861,3.4911832755700356,0.4642516447563241,3.6908198476052267,1.7324186234730328,0.2492628879630982,1.144955483680976,2.8396326622897403,3.9576058862179537,1.6473357145553267,1.8614449153889299
18.809597212392973,18.952009841861166,19.26782805301777,19.21635268435046,20.24176337268116,18.59485958481065,18.39715807472308,18.063869063519626,22.197602890662882,18.62983904596178,18.028477795546088,18.521416777386793,18.938063269237418,19.01273631397697,15.029784984015533,9.53875635334065,7.896232369222731,3.217694227156619,6.883481104365793,11.737699997619512,11.700260638357022,15.200817989385593,3.682322351322368,3.4972049598277795,2.7751415210776003,1.5519317157829389,1.8565873938761681,-0.3664178080871657,3.742730307621674,1.8113773637753328,2.0829413644470267,2.576735412786041,3.0057595063769798,2.054486793438734
18.344006664420007,18.792611407099574,18.79461390062113,19.25326625690597,20.179816927367487,21.400805006746488,18.231184945822676,17.750161333297097,20.239118359936523,15.535462541750508,19.18974649125577,18.770110772813865,14.934344673011381,20.759139824377502,8.956546941592958,8.118426617957164,3.403949131167375,6.043798966559846,10.550678663046313,8.63472957838259,2.1132350467808423,5.3737219569489625,4.648081170422221,2.9332524811269938,2.7990767512761905,2.6047706592116335,3.224849327596574,3.305875964161979,0.7734068400094123,3.5565566348745277,3.4539866522311136,0.19122894629439582,2.1143608109144,2.122072548146608
17.540281993970858,17.944170414230566,18.80183927201791,18.933669188208693,19.385369275636283,19.88000168791448,21.565944753597147,18.330769941555587,20.021412175396605,18.792417926222914,15.92979431506471,13.594829373242646,15.054899777314676,9.17448577194043,10.515707782561881,14.928458738808375,6.972628463996907,6.219748957696823,13.325451731735816,11.246472909966544,3.813906455161593,4.127628451753869,4.0171215763086705,4.418685101154239,2.3165263363935393,3.1843235094635665,3.447691546671962,3.0146009091222603,2.08143066112816,2.3069371432498325,2.6798665801378925,2.8104934983789143,3.5371837739596956,3.0749758070688196
16.874247130135547,17.313208329523263,17.735745183909202,18.252265605546917,18.810188575687594,19.2153756697231,20.301163479422055,19.8893512506509,22.02541103860459,20.147717404521703,20.413965777800257,7.574698019741457,6.867392004842414,16.05894378451804,7.9377894552971995,7.184443903295792,6.102513163392252,10.31545893478821,11.589633127386332,10.50300241242139,8.588810001785793,5.31552252694817,4.023419878621961,4.076393737746837,3.1860922871530106,1.8699971969281626,2.842642800469778,4.834686485254572,2.757639981365129,2.5074627628754187,3.5843542262773886,1.4589242680389864,3.66146418600128,7.523028531268192
16.26305037069092,16.46952009043568,16.95494422604429,17.335043055379675,18.004704546897088,18.816704054503855,18.989930889384798,20.277070425893076,17.57909544746726,10.064351186637294,9.69637744590056,7.486027182342051,7.590800256476089,11.337294318981897,11.77513447186019,6.537246209566133,12.07289614920502,8.30565861588804,6.668440289850563,11.040661582301512,15.656441971781051,10.492151936265646,6.572347493837841,3.240698306159225,3.0686079238829094,2.8474906104941473,3.5198509822411164,3.2991484517888097,4.075070527628788,3.3150373803870004,2.4108158994124453,4.694119192404944,7.990156946122082,10.297796454692842
16.102498361999046,16.294534162078026,16.2708226086047,16.715785214063924,17.274744367652435,17.27679171970562,17.79550554590535,16.297249724982404,9.79575210675917,6.75325037582185,6.751850766509255,3.2546471752518515,14.913310624289853,14.834236301023893,6.7314679565863536,15.018295832940078,11.516321125745343,11.139356676274492,12.203090155672243,6.964288813117974,7.553951744713545,5.610254329896519,5.781068871672138,3.746086818491588,3.5297562525020982,3.2686982460425664,4.096286819689019,3.444599039604215,3.547268631637466,2.6572870302317386,4.180917887105174,8.606356212385771,9.565075542506483,10.98729300451761
16.218336179919618,15.787406606116988,16.017953640653946,16.17305422633319,16.60649646828301,16.53031584283242,16.49456965302324,10.167964595562465,14.32300022629019,-0.32963849666577105,19.785656988457042,13.772766841413537,10.321577821532264,15.284759771447813,16.09414820308433,13.959060795209709,6.805231028052427,5.290257657012748,9.434844502109382,5.276349352510236,6.036348484345235,3.835595857829236,4.652870208128957,4.264230425453716,3.700721398108148,3.0624571036622963,3.552744819020939,3.0667401907731753,3.569697489706169,3.2043369048266523,9.248109137119794,8.262048381184934,9.415033441874073,10.666859603302388
14.621208063887432,15.579080786560551,15.4634200614462,15.284921638143462,15.531835508237618,9.39545652291805,8.772772001374877,8.378089802294259,2.1111201217123052,13.278745664234222,9.84991761916929,20.55027318344296,14.718247391592367,18.936433346698298,11.622049559212236,9.875812235687938,7.141827448235177,11.426785785027231,8.083958928461012,5.869673666306328,5.3378328363000405,3.107852549395293,3.323300904582983,4.247188553023039,3.4683108726358522,3.1475146992766527,3.5714344431095917,4.075819264216886,4.181896341192348,5.236161722782546,10.080472386113986,9.073686268061582,10.912272660341745,10.50467493710841
13.779720295992483,14.259712987736448,14.55849228330805,14.941765196968644,10.489436429171622,6.093159878849341,3.1724677614819,5.229807250602573,6.507359359723098,16.739522951887693,15.774444950342438,14.285796639151009,16.378900605547212,15.638197541632922,9.000977245947661,11.4314524149318,9.664916212930043,4.843364397607617,6.388054862399134,3.65144319640122,4.94374790949575,3.831254277777847,4.679055614426635,4.14494827307323,3.8019309096428455,2.9311408193667035,2.5141526372577805,3.4794472368304654,4.363956790676348,6.864156947642741,8.108227507480908,9.380405978129806,10.035825092318397,11.342968525603231
11.929882097387765,13.293549968165044,13.44381922115194,13.097400033280145,9.510066627443154,11.98843793907182,14.188084516887688,4.04262518644467,6.062385384503013,16.496202825247018,19.95168268105368,12.514164154155695,8.071541433094211,1.9576506915479854,8.705119906659439,4.8323891119788245,9.567321487950169,7.167903289303657,6.147385911245146,6.169288837944484,2.130624706815286,3.8358814953070253,3.563937595250735,4.620838515735835,2.7993388689838055,2.971928628474712,3.642434272039798,4.580705317779242,4.820807041875284,8.924339437205237,9.422396126370591,9.082422713928377,10.326724126686853,11.881092717664922
11.247175143283961,11.762172263307695,13.364972517013484,14.76958510766151,8.806514288269852,5.1239572198101255,4.407606215332835,14.600409762898844,13.512404978017036,8.180287932509133,9.348690088392255,15.96723610795295,12.724019299375218,6.7840314624807245,5.292509410086625,4.521302336970143,3.8660772745215795,5.122464101960454,4.3687069281051505,4.326578664664153,5.040336712487961,0.17011658845202515,3.084212715954512,4.811155459535714,2.811024763124416,1.7470852970190087,2.627094376658415,3.0250886297858584,3.661216583186303,9.08318805378812,10.124378173659396,9.763463479333868,11.462605789417509,11.519673828049122
12.523251567010131,10.959912371461174,13.773952128274658,15.640287804350411,5.127681310562929,3.9484764480184182,11.375936259936639,1.5612460672925033,4.203446989918419,6.554948109194889,10.084118785841252,16.535106639407445,9.708475017353887,9.164284462292096,4.626979329577665,4.055781466898264,6.4017020326330405,3.8469263966325213,4.797110738438317,2.86164680062831,4.7350115532905805,5.799128146064547,3.2053358524929276,1.9693013736139509,2.1801178472316316,1.977779186209831,3.5237591316319703,3.9135484528252813,4.200983232349941,11.435640917211243,10.42678567027938,8.792622088094857,11.292038391853326,12.348421857497195
15.930077655453575,15.324622291974581,15.139750556728298,14.237127287660842,6.194753910575825,6.635613268006548,14.071008904151636,5.229144758391644,3.297883575398149,8.917006385796958,17.33698338564911,10.549483663201642,5.309100920884135,4.0505133680698515,4.45318650938011,5.789369699540221,3.0616801582235555,2.5261639654411177,3.310772003602948,2.4867581884347705,4.424149532670085,5.462611716066798,3.34916451148248,2.996088118145833,1.2233044547274432,2.420837188440285,4.032625697371463,3.5284298223639126,3.7766562121508525,10.262624225596488,10.930713893179957,10.295126985394944,10.199359051026205,11.52661695387384
15.243667182368489,17.226958347595154,15.48273729391685,14.696784530457615,6.667984800924221,3.707223614379359,6.209250256784048,4.948267476274666,16.354668787878104,16.97272742432639,10.267973180660084,10.289458452627768,2.9131894842685324,5.897131371152456,3.648109693124903,4.768975176905064,6.615823541530288,3.224603331625874,5.1606948332619735,3.053939928288656,2.9208756588583147,3.2703667616866197,3.793816551940051,3.5422175132323765,2.4521029882934373,3.420816062376967,2.050659108605459,4.046052350068749,3.302003985828514,8.439845757360995,9.579829115514395,9.164170618937563,11.00766366239039,10.572395850007695
15.336638280779342,16.806233462147915,16.494545394993175,13.154552180545732,10.536540515882216,5.648415415289721,13.729298986787807,5.704020899350128,8.194320393312124,14.010472907308696,7.782849396419521,6.91664734645064,5.561474963233688,4.143484933508021,5.486605410193165,2.431966819275565,4.317813200045719,3.5224536138328912,6.323398418767479,3.1468579597389623,2.8969053823296282,3.869177352053996,3.7733697312672603,2.47459406701358,2.180111063522844,4.099262566352033,4.234382780582324,3.834496978826281,3.5359182050049163,4.131589771699688,4.262652141320315,9.838393333501651,10.53947623293938,10.667909630025912
16.485978123183283,15.200115677658317,16.620357166152445,15.911505338883837,8.376603269655227,6.1713596753491515,3.311468360826289,15.540219026207785,15.094390174336802,8.41991886915434,11.343795833574612,13.680466687239647,4.102308922052714,9.704373439208984,3.7763619621925297,4.951260022772018,4.479469242700031,4.433487476866155,2.9766730190976345,2.975115994982023,2.844707592089038,2.0905035741768443,2.9845051187796208,4.459848505440213,3.39812991210561,3.129515317963221,4.702517208838403,3.0967176716310547,3.5761086759939205,3.1197048550052395,2.9767538882196463,3.2651894655916336,9.94424276154375,6.1296938009120865
16.400092382873982,16.472742413675082,13.080514592493774,14.313721487076764,13.169963114384732,5.443432050229927,4.364146519497654,9.194939197028303,14.258794787638664,4.523509792097864,8.357556623442614,9.680633362815831,5.246257947952793,2.66707732945207,3.1702995751989578,4.400554941410832,5.598545989009739,3.79684710081062,4.252715627911517,3.8068810375176345,3.9064166100434177,4.009317766946951,3.9802436502397835,3.7883258443598744,3.9384621103233535,4.479330333078935,3.5122813715656074,3.114880969240489,3.735751767458013,4.385250245116133,4.16678293650185,3.3013444338136138,8.810862965178922,10.25097114831374
16.608967770467018,16.233371782433075,15.843299078391622,15.678108209281998,15.808332690813208,11.715053505835646,6.8870985611084246,8.292973037038113,11.000267110888208,5.393415934719514,9.154942300889262,9.204927130490153,3.1482961737997592,4.957781551387454,4.84501710215489,4.398644339219698,4.255154822635649,4.591130992207863,5.059322779981904,3.812852927776846,4.742687463950517,3.673683500330731,3.9216440367171854,3.8688990154624285,4.401384994139659,3.9714171094559774,2.9852343606270293,3.8502821648483834,5.0810364455744015,5.269613875555351,3.813835312895064,4.165861172604689,4.011966036723567,9.513097031628694
15.954496069491865,16.664992210575747,16.088409776616114,15.634306870178227,15.701785809929538,8.731334510599938,6.867410307610883,6.84895409863795,16.51277441750074,12.412332263710859,5.023158975646501,5.614272808582761,6.543123467044699,4.181801814938811,5.974633439509202,7.159495250205214,3.738916141255727,4.606130346308304,5.135324570408095,7.433354703567278,4.633431549118949,4.098192993623473,3.384033943863964,3.293162576754678,5.334842443514698,4.205957576108412,4.435700959803663,6.6115878257754455,4.7608796319872795,5.4755065197207315,4.445648126034516,4.789981674500176,8.102240737109673,9.545019392901043
16.13722320300944,15.915085655033893,17.40600205290955,16.110627125114405,16.529288529819713,12.357935596066328,6.08444834913237,10.282973951743465,16.51780727476788,3.2265011983416936,3.0048622677810957,2.672289153349015,5.723022875564073,3.3751480601826636,3.2502861224068678,8.603873583006214,4.474088130361501,5.042409890986894,5.0692646869093805,5.721329568929229,5.788238814280002,6.638952992760298,6.995955407651799,4.127356064620915,6.73801496444464,5.996528771901432,5.999578213012272,4.681441227182717,4.256816100799846,5.55358800140243,5.489282942315409,4.288201945554629,8.635456474777055,9.390886042870743
15.706882220123871,15.599076713400414,16.168528746913246,16.527689548746917,16.838183015045598,15.843177521475914,9.351979203048241,15.079317386658364,13.392479511448462,5.191788864175967,4.700830349323416,4.148591662596066,3.5935865778202727,4.334732905046982,6.201611794984568,11.858515154644456,11.84020177809037,5.1529033896363865,6.035317403636349,5.956809433734872,13.594897296897825,13.782144012479744,5.820348570104859,4.24991023277285,5.958740650862497,6.827544778058619,4.340336603769215,5.872374656730435,4.914869652601142,5.720893999863459,5.349321460390159,9.919278864910419,10.53182870836637,10.470174025408722
