script/wind250m.json
{"header": {"parameterCategory": 2, "parameterNumber": 2, "lo1": 3.000054539987559, "la1": 64.9999836372058, "dx": 0.5, "dy": 0.25, "nx": 34, "ny": 52, "refTime": "2026-02-08T15:00:00.000Z"}, "data":
[rows 0 to 23 of 52, columns 0 to 33 of 34]
5.622559183859306,5.907347975104945,5.222331159229354,4.470281419371972,4.848068078267415,5.458083755469173,6.148612232680879,8.616728183793443,7.185132764949164,5.304900188264366,4.719882267502444,3.5276197023811267,3.604551402309509,1.5538238678227634,2.4065245253440164,0.8886349812138503,3.264926966587642,1.2407251429303556,2.3590381534555154,3.811308352298697,3.460264696534059,2.143465506089327,3.932889620211723,6.439324715896924,4.7874393623797165,5.407181763390198,4.262786818580767,3.359042848613547,3.2704787617265554,4.425413557752542,5.604464847648856,5.037701470030419,5.797019575119285,6.011413132258245
5.094470883921299,6.111661264704232,7.0437644586308945,4.23095294772464,4.3806801537360185,5.024794162195217,5.32579733684033,7.093580640661956,6.203321468203663,4.887323937477142,4.128454197852643,3.5003640603642845,2.267734694694507,4.785772583225665,1.962794532375932,0.9612608384901019,2.4856936711989217,0.13587354171617438,3.646693384274026,6.555825094171869,1.8799555251893816,4.762444802041291,3.339192551248599,7.374607531617189,3.2110346074912295,5.527039915143461,6.1187903459638475,4.339461152149799,5.739407902955894,4.821966761878873,7.575278986277116,5.513983259086654,4.738801701453603,6.716948789310711
4.720083824788431,5.304656698340027,5.293090476406596,4.492918023009727,3.9938762745099794,4.57044947144045,4.7442651829623035,4.7290197051867615,5.329048860626977,4.450644205851165,4.5754640370577855,4.208674538469142,2.5642739699242054,5.74003880826646,2.36729512977804,0.7271577735444981,3.2612369014423717,0.2816674461848951,0.1344193080062161,1.4718472655380634,6.291267662638597,5.950599373997982,4.300054663108791,6.520203560378999,5.920599446872339,2.4344208260939686,2.84008342335981,3.669485465644847,5.087922763571065,7.453620274264674,9.130878974954003,8.649377335792952,6.588161196275665,7.059583364070907
4.574299542691347,5.066780123944602,5.520584466669882,4.7885315671122015,3.5988921650636283,3.908453360732514,4.646568822128209,4.796503045497033,4.882890534377475,5.79762330728727,4.536516581533256,4.720320237262577,4.700661600917548,4.511652760614896,3.0102938897478,4.27080238232086,2.2365908827969663,3.9462292434218607,4.383339368791869,0.9966259782640091,5.363863580319733,6.595290139724372,7.623573265224769,3.1489785847193046,1.3004182280076755,2.6097043762204333,4.015853952383553,5.210159603723301,6.3079779206410285,7.048123903701264,8.228589353271104,11.051442793138818,7.96703603537253,7.3972917738844135
3.827826702689605,4.79625069841284,4.681018736278284,4.243312388719243,4.117371126585017,3.8752747513585484,3.9420357169058606,4.018757731319906,3.492053152321998,3.632555834928053,3.3326108927239813,4.761341190298084,4.9786401786896555,4.1170210341173545,3.7164035559393667,2.9635243964280504,3.925056951549589,2.0285870423974934,3.686592883102662,6.550809106034544,5.493969863785218,7.753069350154386,0.6138111622654998,5.346871550750856,5.001656869770612,5.431809688747907,6.568007461535174,5.845138730949382,7.523060256453443,7.218864636537769,8.507047506834114,9.432392339102485,9.636788793228689,8.370466352105174
3.5117085016662934,3.544106428567092,3.844620609545149,3.6777752865624573,3.8384345575743466,3.9319664870724087,3.0319584213196236,3.2988940013734993,3.284105912409949,3.6057871174804697,3.271867636883491,4.184351669714613,3.7766798650920954,2.5660272562092175,0.5562553107496239,3.8254065849551115,1.4768463961746858,1.3567169728000132,6.000707972626513,4.054249114215636,3.24493982897124,6.5688572345978935,7.699623724613217,4.375790585052235,5.948509870766363,4.156114417454909,6.090582911205192,5.752639640847975,3.9284980920520485,7.014444222740071,9.674611967454277,6.756821563526494,7.28577598651648,6.699218561381598
0.8092346385296266,2.5406460894766587,3.0605546406713064,3.007926377972514,3.8840394375445415,4.315359317741,2.7658582026464273,2.9459709661610707,2.0657672523486186,2.6803444661304936,4.343734011711184,4.001912994171017,2.6400644446672326,2.8458306642196396,-0.8197125417693073,-0.8558332805235862,0.9292935038294683,3.377351173998726,5.182823256853817,6.5173623543577035,7.468701397613624,5.946369689706129,3.8226674261388225,4.0212603760674765,5.83319826460787,5.161512118261265,8.4722800300531,3.261938188075017,5.950539243855156,9.40521008759381,6.3740988766263875,7.886600738733608,6.44244109849293,6.826950650443593
-0.6725294173295991,0.22916189528838715,0.9787017776157276,1.6172523318039496,3.013188154239126,3.8205603628719635,3.889180369529148,3.7055570859170515,2.467064730347806,2.3312834482944824,2.5014198425557814,0.5230569371165485,0.6749514960189028,1.825769745661112,0.23071985947139392,2.930012518986228,-0.706176965570618,4.0119949255528,4.817507025006798,4.910991020550975,8.867888931317077,4.678778424669608,1.7729109034950732,1.4415470187846506,4.961041628882608,6.176080108903444,8.087578713889064,12.161840343568498,3.8103806047433175,4.483266423105743,10.692641139803907,5.309380384516941,6.388871615351771,8.81651596985332
-0.7756745625896588,0.3012969189403242,1.9715215663734837,2.8542516724708435,2.7108074365713537,3.7695532436127652,4.052471096623402,3.496847080042013,3.869126423260744,2.4354072342994137,0.8519028878269064,-0.9325312271311162,-0.16012375624873645,1.4404550373178102,0.7956306796706487,-0.34773761235885076,0.2963105568526731,3.8898130538510833,5.936333379752836,6.974867554452339,8.441988572897879,8.48595893917682,2.61297051184794,4.02506110678353,11.549413209627366,10.709362520090743,10.622386469842464,5.0988855010789615,8.12103781022873,5.840287737903081,5.25909562183508,6.1363012667746215,8.181033182380572,8.78153954939281
-0.7258230526051952,-0.7508408082618044,2.329613439075044,3.6795406900641554,2.9780615108933395,2.6508775405026612,1.866671179460357,2.266548325623605,0.9332478261472579,-0.14183235003940003,0.10533663051880243,0.7954629351156279,0.7428535436049887,0.8431930779185134,0.5434255259746087,2.9984371169219197,7.8620329603226615,7.012675768185223,6.626811462069099,8.882539571149588,10.472571065038522,10.962175035804817,10.243256907750293,14.335623938716374,6.813590845018548,9.4840673253665,12.062141070767572,11.548390801723528,9.165606517371087,7.36614162788055,5.478888513542477,6.922500702390329,7.846101975796613,8.014157400268042
-1.7587861868139432,-1.6189922275722963,-0.47007702097799126,1.2451113632302402,2.1191965397739727,0.5911984058693028,-1.2356541762238822,-0.497300814893109,1.266514561142864,0.37446880120314396,0.7020162005261826,-3.552810480416999,4.051310917545071,6.077945643625644,2.1015874966283965,1.500981814057373,5.630726931434802,1.947414182954817,6.63300127892501,8.27450812689761,12.978052367962949,8.011098758032348,14.544200251599792,5.708479862284993,10.091538742028508,5.987107505909842,6.197472973634986,9.385786288459776,6.5323739188573215,4.992614735592949,6.516532849282144,7.444900780790675,7.744039941510629,8.130007802410093
-2.6075541364738952,-2.1019171645450405,-1.3857733809980333,-0.7334712935914929,0.7436021653375259,0.6245854365638724,0.47697173947296173,-0.04064013655510851,0.07813722049339876,1.8236383278881483,-1.2211748727913407,3.2172920285471003,0.9374539153385887,5.606469194715037,5.856777482746466,3.4651361231316304,3.9353869163119866,7.074328098343842,6.423331517006774,9.361951528020882,11.192758861439186,12.645174949934452,5.1884573937073135,14.163876698382872,9.178404369829932,6.781957464229855,9.4733813662949,12.35890429982985,7.536326962931011,5.858999220332172,6.833693575869816,7.106723748934336,7.458180638156492,8.096815314824308
-2.4284129500534872,-2.163024681874332,-2.0515804301770384,-0.5504652514991502,-1.370727822044573,-0.6835544382495152,0.33201328185137663,0.7986023066729397,-0.2186413869049484,-1.6958770774882566,2.2300250527392143,3.272130802533995,3.3843404208743326,6.586401628956248,1.6631643511675325,6.095110008493268,5.406538767223367,7.941450954015313,8.222495203137674,7.142263366180199,7.802324927489692,12.438229628052344,15.295661701499576,9.04311054107045,10.700178065074397,6.268561279427158,5.201044935720479,8.714208827437718,6.258986431600868,5.414603340719398,6.01826332364193,6.761832695993903,7.57016492849364,7.4382774941978465
-1.5649808694519984,-1.8704823870349137,-1.6109159901313215,-0.7642384648578727,0.280301173855559,-1.0787348291100713,1.509028252935604,0.9291385358213841,-0.2779022986607999,2.493855124732458,2.5407338877478667,5.878176017379107,-1.3416639597215245,-3.449589589175888,4.15106401780813,3.450920325439433,6.452181184596006,4.048158112876973,7.292616069000279,10.360359913273546,0.3804139086017539,8.548347266967989,12.442842875440677,14.712125171233067,5.65431492655696,10.894451275526533,8.206357841535558,7.998621168934908,4.8255852473094745,5.3660315796247735,6.553875632019303,7.003599524809029,6.672281783463146,6.716930580812004
-2.651082217090548,-0.3998606750220271,-0.8171557226250769,-0.8714768306268972,-1.43439563699069,-2.9877856183080813,-0.9573968436110861,-1.4992302989801098,-0.7407575533393299,-0.6998972505991269,-1.7211493824501591,3.2223665433914674,4.054587657523832,6.0340960645714405,6.4551792931917715,7.654337297224178,3.8530658254603862,5.514584559373641,6.337397239925018,5.321046406792023,6.681823140064724,7.9311153069876825,9.658501393205368,11.956030509407007,5.959314841170372,7.23298349086781,6.270096080812112,8.372008206214986,5.846771876136288,6.127525773475484,6.104242375671079,6.4838644284240905,5.883615477012132,5.997464023721545
-2.2207251324128885,-1.4651371559767796,-0.8576556081319863,-1.369968142720974,-2.8840565282918145,-5.963419288114711,-4.816649347360986,0.8484557613067722,-3.061819268936383,-3.515630998127489,-3.06890755013975,1.4902434144611463,1.2909596414679738,6.912703591787347,1.4219265336481697,4.74685114687735,9.296705096154934,1.5720371727323181,5.082047224010963,4.551643100925132,11.581122567793624,4.874587846366268,2.6359433380225887,9.341398654726044,7.394618699400485,6.7699093862737385,10.042205909407778,5.4544992314025125,4.668078564378163,5.0988441596970535,5.7405798916226844,5.830011058242709,6.516286379523727,7.346760560263728
-4.345339112452077,-2.67206065360874,-1.8253065267164967,-0.5066349162460777,-1.9524757071307677,-2.1893858529798815,-3.7416867331603605,-3.2420630955105025,-3.0255768506916434,1.6578452814833933,-1.9719246968807327,3.3618741557354466,2.9009242100687604,-0.38537678940812375,0.29673740735404175,-2.833387020296735,3.0093162997655942,1.5625201020391124,2.91510219521008,2.4169288332105276,5.276477450717139,7.473523366860247,5.182600024606339,4.630260680268259,5.749568249686921,6.573663570862272,7.793392324662908,6.949503216171069,5.415782606610559,4.939967265814984,5.723425567446669,6.201783501190106,6.792715643591631,7.1991372001915765
-5.712169932303635,-3.1431888098556557,-1.6245684238494522,-1.1646986905949401,-1.5890370126289892,-3.7689776946563156,-4.43184223740809,-0.40497463161052494,-1.8992228303354823,-2.9222584528382,-2.8542280465351335,1.9452660045173806,0.4597206527304042,3.1208938515161453,2.250506997551016,2.880987314095167,-0.21241550418860192,-0.1361083568006874,2.5571652186339953,2.6579615515001915,3.845102242065602,2.592700482221479,4.320144820579427,8.182858479274302,3.062669383182594,4.50510687720068,5.639285877644084,4.981282144100595,5.026550238375528,4.6744771909859315,4.24503934483627,5.09517581220366,5.93692060908206,6.415801120011292
-7.082130550249225,-5.257019395682435,-2.398550552773585,-1.0624263319777485,-1.0827941351933408,-1.8849928807776026,-2.469314256920023,-5.571854728340989,-9.536068040323201,-3.06507653972797,0.19367411153050113,-0.3694672571213246,1.2456752811240013,0.46166348630976733,-0.9521410744812863,0.19494794772140042,0.7376624222190652,0.20592713865202042,-0.3161869252186154,1.082852771373418,1.1952848504566178,5.164296436455791,3.59336811322068,3.25362797311436,3.0634731631043786,2.872571109210686,5.394511553059009,4.04355608429348,4.045849979784625,3.9393391564165707,4.16293309736111,5.417404263397059,6.152762911188072,5.482839663575804
-8.230976792355593,-6.491917565262836,-3.5839672779065546,-1.8327865768584581,-1.0284243665221333,-3.0956585494858864,-3.348539396891528,-0.4838841297535661,-2.1375718009586393,-3.0444388742833377,-3.083164060063924,-1.7545985322101312,-2.546197574827207,1.1825541642161057,0.6146265547401546,1.1154035676267466,-0.7024873608411114,-1.2171531134311702,-1.017951094236026,-0.9066477145974543,0.7010207147352381,0.1635528977950436,1.3860372150621059,1.910667904516478,1.906891882693471,2.9405969507224676,2.6292982592899876,2.3048311827174324,2.421458269576367,3.882272308163925,6.3325808316769265,3.6654673451505295,3.4357246955375964,2.595835038926
-10.148358727506956,-8.436625738607368,-4.7033830016190254,-4.676493487884355,-1.4520793023148282,-3.7584724735771577,-2.782992515757884,-0.6975515373639359,0.7732177775946991,-2.9761525839537715,-2.9824097014003446,-2.3812046507692908,0.05055681326816919,-0.28191093748869195,-0.8804814612456127,-1.4980660746196626,-2.5978119323320525,-2.3522687029861564,-2.4240112054577656,-1.559961499530488,-1.5209464494792755,-1.2107512821763973,-0.25190221674154833,0.5365018399698528,0.8845168933183621,1.5675140246523953,1.230362917743632,2.069110867732425,2.7592555721070857,2.3541317081699495,1.550612551929027,0.7619938133483518,1.3245113819583856,0.05904637093621835
-11.907883804918383,-10.457040986933684,-6.868245565982366,-3.7405093740647173,-4.688155947331913,-3.727321525705934,-10.269916006193524,-13.298672134535398,-7.759070605508632,-6.037724468035726,-2.2803124969248607,-3.517731011941428,-1.2799746512596943,-1.480778117972197,-0.6084394228226515,-2.4647019492322055,-4.7904990232030045,-3.69296319075187,-3.53579285715683,-1.3512755280173978,-3.1109039331660995,-1.9100340515468799,-2.021810832003494,-1.773327279856629,-1.070345328461565,-0.4467966435890224,0.021738777220562642,0.23943813753827908,-0.492824889619991,-1.7610470378207386,-1.5446394110684107,-1.1575853670303886,-1.0349856867653497,-1.6317017283399762
-13.202102815953014,-12.270870511455463,-10.305322005370266,-6.015010842526559,-2.2812397491685497,-8.412367069034318,-14.686953140382618,-6.0685035382909165,-11.022518308247873,-9.219282884862858,-2.7601342183557716,-5.280627123944773,-2.8359950457768237,-5.737363504104239,-3.715852222316887,-4.233246011651716,-7.080127538104096,-5.740609782143831,-4.447970689722595,-3.0069599823062223,-2.1768954842793384,-2.59298524680123,-3.4924475523387026,-3.0541023065934967,-2.638706221383845,-2.483591359817638,-2.1041892220029736,-2.0901191036988442,-1.7886488224887847,-1.5636107178779908,-2.806135147484532,-3.429844418133352,0.4465955308722527,0.7279247453925813
-14.363103645177294,-14.027657296190487,-12.987422624475297,-8.63643687983126,-6.17895194433823,-3.7539924056124105,-6.9457847676464946,-14.985268930924217,-14.011688816819397,-8.944726725354927,-2.1154963121074997,-3.009417926895158,-2.502036877978794,-2.496131910310527,-6.4357565661852885,-3.8708826232779945,-5.288259270767579,-7.292822559024743,-6.518118555752519,-5.565402192345965,-4.310540199485292,-4.614197509518446,-4.399105948250636,-4.134190167873748,-3.3635622919745227,-3.2930373100374744,-4.064436015875027,-3.1977317977535518,-2.7241975097132647,-3.6925290873238477,-3.154600493009625,-1.3054242057978767,-0.99582895425056,-0.48858763379290754
