script/wind450m.json
{"header": {"parameterCategory": 2, "parameterNumber": 3, "lo1": 3.000054539987559, "la1": 64.9999836372058, "dx": 0.5, "dy": 0.25, "nx": 34, "ny": 52, "refTime": "2026-05-24T17:00:00.000Z"}, "data":
[rows 0 to 23 of 52, columns 0 to 33 of 34]
1.5427654955765158,0.5305993372767738,-0.006312237265248336,0.6124818190108675,0.21673736949848316,1.4647406884400376,2.072778881379926,1.0850362527223418,1.9714013782988389,2.9812829652041364,2.8327780008161136,2.179952171225345,1.996296912727429,1.799184743073444,2.393641400728696,3.084214656956775,3.570257717765292,3.4277895241570446,2.604095335721887,1.3682191802458883,-0.4284721504231619,-0.13927814577070954,0.37903367124310666,0.6070588866071236,-1.8867436511662687,0.5284101862841508,-0.89577720890567,-2.629156841807678,0.6941590506869695,-2.056494548230009,-2.6768132237099915,-3.0667088592293092,-2.031350666062531,-2.68036006725879
1.2373400539825838,0.8115492445576773,-0.19119247735638792,-0.2485255089153847,0.35066629362825696,2.257321014211217,2.942262769047239,2.763634609957628,2.329307153618537,2.8282623599663665,3.1752427236354777,2.7746589831332544,2.7383858800676464,2.2089272442248284,1.9128549883868204,2.295276361514641,1.5323773274529566,2.2759771514572282,1.9344701043763939,-0.27401671843927156,0.459462686731697,1.0046669872263398,-1.0484762537691594,-4.1778057020243,-2.30321030802708,-1.5288286062574568,-1.2420675356928472,-2.040377365975952,-1.0438434362184725,-1.223906269230227,-1.1574230025235996,-3.567078475788246,-3.1352895067240385,-2.3783599402664932
0.7541342765555664,0.8156550244479682,0.8116283110781185,0.7427747775172259,2.017282889478077,2.735162171391619,3.3064778960397576,2.9038786598547084,2.961205096874014,2.803830261937317,2.2308135626252223,2.215224417353397,2.0428962252342457,2.307160586650225,2.1027440601648353,2.345819448067761,1.7164415737310006,0.5913967937497693,1.5668914358734702,0.7582776047843451,0.09094167398954967,-1.5905520966991615,-0.960013976392925,-2.0657478097127906,-3.9438539132090216,-4.4236531184880326,-2.663084719014195,-2.633767072676857,-3.4124092854522834,-2.3686311021993713,-3.507674634954266,-3.4559150689537264,-5.009116916175364,-2.7627854829730456
1.4204866642023481,0.9953431856462366,0.867394099648094,2.4796109492246763,2.2245949551239046,2.931582109714693,2.979728747625006,2.768762839870106,2.4908198486961597,2.9803016476262525,2.7919061362345707,2.851382133177842,1.3779935568645312,1.0733175412162426,1.838506698775313,1.4984139565304058,-0.03846197117983162,0.4074764818869673,0.1285291413381668,1.9392418548294557,-0.22497945056618512,-2.1923344479451976,-3.964264974009918,-2.9590382571462044,-3.295093843774427,-1.2131922798260357,-3.244432966819433,-2.1251993332282733,-2.553076747107979,-2.5703321871608824,-2.6205565912220927,-3.0196804609887447,-5.452266023896226,-4.367389755147254
1.605851232010254,1.3061171423525662,0.9602102787608148,1.673022665786647,1.725259379618598,2.3840562338474385,2.929292955130116,3.1428002208920165,2.324123444482433,2.4159456584940666,2.004427358987941,2.336689523784621,1.7632250184663978,2.2977197507370444,1.742100415099001,0.7645836978025828,-0.9999304740956967,0.8302887364941968,1.1875257559057915,-0.01762831350468841,-2.4147458183000174,-4.253284821028325,-3.000892443165954,-1.6093631632325744,-1.2768063854700342,-1.064289464095408,-2.4150313396795604,-1.0476919137052985,-1.7009075736681474,-1.4939816218013562,-3.946564262413934,-5.734606131458015,-5.430067136156731,-7.365322588265609
2.5788392537310587,2.8514960300919467,2.5097392980283035,2.0160751421111223,1.872090156860307,2.2127139714080415,2.510409209270233,2.1233777656523127,2.760025929197091,2.260620522942364,2.4638843172374445,1.8904529157620846,2.9594524144768735,1.7895213865431283,0.9635828989990523,-0.24379138424202587,0.9786414078137169,1.1641018455932088,-0.7396607952732549,-1.5967254611259396,-3.514685858069999,-4.146929565922215,-3.1524624267058803,-3.962051076049402,-1.8490216855613462,-2.0858134546969276,-0.2882216295708144,-1.0055970617229224,-2.9336670012254724,-3.320692215719189,-3.481528088317547,-5.219418790064498,-6.388701586019911,-8.118067864752676
1.8908901584777233,2.4900089738242275,2.532075555436812,1.689277994629294,2.4407816360325456,3.498982513130252,3.4613137168863837,2.9540103300252096,2.1382065953217775,1.7643535947978295,2.2228633794616663,3.493244331322564,3.0853631045682097,1.6416280642467076,-0.7725457788116085,-0.5247420526613493,-0.014377244865364765,-0.4325014459583871,-0.7410801981517073,-3.418889013744756,-2.0867414731022733,-3.7620069439301815,-4.63225707095245,-3.5098716889663417,-2.8613191261041044,-2.4253571214460616,-2.849286831692873,-3.1324896412873118,-1.3889856706227726,-2.7494382953193868,-3.630466735439027,-4.679496425774879,-6.343595717313085,-7.350837080646844
1.8624753528777984,2.506447992049508,2.8165680433773934,2.7208204742482556,2.082702027213731,3.444677784087594,3.199716212209736,3.4094352484515724,1.265267534442805,3.2863484221774,2.8181131496361727,2.1155406575237046,2.0096701973621944,-0.7451368108184778,-0.3040468355305072,-1.5740196265081947,-1.493879182479082,-5.0887443713386835,-4.4011908593705344,-2.2034373895441846,-6.66362935869081,-5.827970898702183,-4.163821977106913,-2.540632318030774,-4.753800580729009,-3.976518396786614,-4.978888564638752,-3.946209908664227,-2.930602219590131,-3.8380293903507834,-5.143724999819953,-5.672252052821606,-5.904007761507618,-7.282601824802278
2.1022319527518563,3.1312291863709927,3.7575904903954185,3.5945207247206783,3.42775441173663,3.109617895954641,1.4979065551922386,2.4257749105274833,3.4047833306565196,4.162947626250253,2.6449823233507264,1.0208153255862011,2.487486724503836,-1.9211042912895682,-2.0386949877910476,-3.1853660769207655,-1.892917655549123,-1.8784308298331167,-3.2351595854578425,-4.099941994145509,-4.521866483662259,-5.520319642831494,-4.401212118718554,-8.224925293036668,-8.018596860390794,-7.161734175052292,-6.409197803602019,-4.411629572097521,-5.824317062737639,-6.674777213484225,-6.144250084832108,-6.470776003560754,-8.255165423052146,-8.839874028511543
3.188593575373649,3.464775893931394,3.009578979846866,2.659715694974937,2.2680733476966863,1.7698755517028122,1.8415114969003474,3.7311263544336746,2.443151621226184,3.991414870509189,1.3765739940081936,-0.39312832852388174,-2.4732012231708826,-2.359113034616664,-3.608061799523489,-4.719968401477401,-3.668909573299101,-4.242619568305061,-4.387722123377818,-3.0148413636546008,-2.493627413754599,-4.325339866016355,-3.2477296277236767,-4.377232076973768,-5.0763104620841455,-6.5242832095341186,-6.916311931827064,-9.4032948103662,-10.74728320666052,-7.238086447410405,-6.877582317820547,-6.939655465781705,-9.181521731250026,-9.240071512970237
2.6700808635184896,2.4954674997645028,2.513370326106215,1.996536094251923,1.60481825289076,2.96573503163711,3.4239232396943393,2.9590457549699143,1.7173888237039636,0.2534911096653616,-2.001019877740811,-3.828729986191614,-1.5651470480027352,-2.9572311184406432,-1.7024668741227644,-0.624691156823744,0.36119414244884285,-3.360292555453136,1.5493214019449,-2.395488426841714,-2.167725922941849,-2.1108467433061144,-3.4612236237142278,-4.593584722228716,-6.534718934463043,-4.95542098356727,-2.092186668843302,-5.002980331783016,-5.913287640696538,-4.289100691007464,-5.222222214485117,-7.088876157182813,-9.364722677130116,-9.317955172762488
2.1821196053632272,1.8679534294023175,1.8061836667392925,1.9537170536137956,3.0222540204093904,3.4171569174653893,2.270088308594921,-0.11660767997149328,-1.090239829449652,3.864727693547211,0.6476805334270108,1.4532201395159474,1.4420700862912592,2.0493617792688497,0.7131474859811916,1.8467182858871787,2.7173732420421444,2.256050891659954,3.3557048458449708,1.2470824409996524,1.0057941147762215,-0.7433963138289869,-3.846699475613837,-4.973898591454374,-6.238259235700505,-8.416097926875501,-9.691711645951118,-2.298800822381572,-4.1896538956373215,-3.916177702654431,-6.593714001557916,-8.514965457285934,-7.26962833077199,-8.609315987820306
1.4283423440347798,1.4313667470091325,1.8993504802805894,1.581486160533273,2.78388938453834,0.05778760241754722,1.141310568164841,1.2307878187268,4.428270320890272,1.7945506288753694,2.2395696459022854,3.599806866821982,0.9644496464116407,2.3709651583293847,0.49356848364295497,2.9468019005508173,2.34055808954156,1.9496343194638244,1.5874480540395604,-0.8704643417414228,-0.16139410542250818,-0.1089188604099875,-0.6108393932833276,-3.1282106487512156,-4.243960460339576,-6.116114745822369,-6.528232829483148,-5.284285005393606,-3.4920653266315305,-3.0668042276906826,-7.075211398705678,-8.596228205524094,-8.406698431277999,-6.1492855309150185
0.7935528416094786,1.2842838754910182,1.199064106577287,0.9062908481615187,1.4149045913792317,7.6272003702911455,5.93782797293942,4.272863542293939,4.053046984333195,7.833593776225257,5.916728480644987,5.787875485455939,0.21276992258036828,-1.0443560301002668,2.1413821625771745,2.9453435168747957,3.62169287927915,2.932107129433653,2.435591095110656,0.7735804900185725,-0.7357897957929307,-2.405781579182299,-2.4559347167509067,-2.507386598589236,-3.597689958955074,-1.4275273131725796,-4.326206062222925,-5.898020332362564,-4.4810424781270815,-4.179106449814717,-3.8127842533523695,-7.74437640480365,-7.918684093206363,-9.436569466880897
0.6969348639972536,0.3796680711394543,0.9353149915220774,-0.22055721616684448,2.0252032221098535,6.38507699076339,6.672603407885183,6.269637934240776,4.862109910824438,4.781693794209751,4.202931284212288,-0.6412092293226835,4.698624175305811,0.9586651465966615,2.7737177771271897,4.05631345645095,2.9121863521551425,3.1116586812268316,3.2892335120281158,1.7047540383795035,1.2388749543003055,-0.6887408641682125,-3.8176404060892017,-4.196264809653516,-0.7540387681318054,-0.0031249412576568594,-2.4483703717027807,-4.765835119113713,-4.242854809106509,-3.9292334015162456,-5.386871487192992,-7.137670635619064,-7.459778564139712,-7.9792261037297685
-0.24252218504198075,-0.43260234406487236,-0.11405727300054552,2.976988277912729,5.100445976162293,6.526876928339328,7.907344491635593,4.35186906806956,6.583364021512437,4.812951204585677,2.1185763890355083,-0.1486026036162562,1.9144134984524441,1.7209401519827194,1.7141254376085153,2.5781854935940927,2.0314777491448175,1.31731517666313,1.5682446740953886,1.206178307905149,0.5247187791272928,-0.7056037063816594,-2.821247639005348,-4.816247419785878,3.083893934343595,1.3765724815955047,1.7003320324781392,-0.7518690608713071,-1.6274370947957388,-2.697105593449753,-5.100900026245117,-6.705864821028144,-7.833940308341038,-6.373790232073402
-1.254591142901939,-1.0184577110325048,0.968195270535269,3.9641787208406347,5.2427150458682545,7.82421120726354,8.569004665269759,10.965544748578642,10.531737453378161,9.264940420421517,2.4615328241292427,0.28920836924559823,2.6225305447580207,0.4324361351375796,1.6334418201986927,-0.0018981505326040062,1.5922257416599406,2.5067544547498413,0.5449347983876914,-0.010971662772885426,-0.4461239152096776,-0.812163341557694,-1.6333141368575912,0.26146454636784844,2.4170293208218476,0.9450760362439653,-0.8310308039402695,0.5586564534028339,-1.4788551228000868,-3.563166565341167,-4.29266422017319,-5.107151645466494,-7.67234641356031,-4.93956635535145
-1.259292265447138,0.5994194618787585,2.7117378276450874,3.8290345745403718,4.277640193699591,5.579976698408164,7.8882002255515395,8.517635832929338,9.84882046830086,4.411577617245423,1.516474496669068,0.9322840991594924,2.305035016975001,1.4437350960141406,1.8476219771020082,2.722363608950751,0.2859941655537568,0.7015424360501762,-0.6927768322647124,-0.8791547565882002,-1.0764564923100999,-1.4769178938168972,0.005046508250700744,-0.1408699713095175,-0.6472589413044046,-0.28525299022489137,-1.5045781516524255,-1.3264800234451053,-0.36921262154476175,-3.4215816289136156,-2.397839769233548,-3.295201904537607,-4.325653312844525,-6.019242344872127
-0.7107924808749866,0.8044693534744326,1.085907163776414,3.7266809470743207,4.5815107587154245,6.7213463554741475,7.784477376254167,8.43644235839434,3.393199364539933,2.854889030611069,1.5918810026327885,0.5159020190414899,0.5120094473868085,0.264233147900971,-0.6573667332737176,2.1486023490521524,0.48428594735805575,-1.2855688059023096,-1.7504923025106047,-2.309814098097266,-2.4324555682970788,-1.770021925074899,-0.9639430529312836,-0.9878225203033231,-0.001009212649122592,-1.1482768770388423,-0.7376870229797654,1.0570360901557858,0.044732386694770115,0.3114460091232059,-1.0339026121307984,-3.1013147023764858,-3.8454893937371977,-4.911796740092288
1.1866996397333944,1.800466335639786,1.4492178609581918,2.432967667066716,4.287171650980175,4.15428049735918,5.5844391810272125,3.5680752569612784,1.0210957351499392,0.6666796195335624,-0.4266182650954821,-1.4081469601624164,-1.3711966803751614,-1.1414916113034506,-0.4277171949268768,-0.448079997735175,-0.2593853038613717,-1.6444246515014713,-1.954334761475602,-1.765763405024246,-0.778570827277434,-1.3527861774682142,0.04196808159347713,-1.1770867127546445,-1.3192595288343165,-1.6545760461568353,-0.004619707323029184,0.17445922465009656,0.914991918299016,-1.0318921272402928,-1.2375317653915736,-2.497376748063876,-4.748548520663251,-5.075641707336937
0.5864867799069147,-0.21510411476700877,1.2290824182680842,1.7091421953575299,1.4953131848649877,3.396354125801915,5.89016193570351,4.708960477706343,3.475902168896848,0.9687597286220069,-0.6870161686359245,-0.936021357070196,0.1093996404493237,-0.04371181427839582,-0.055296179331879726,-2.1417171849639316,-0.5445311197279221,-1.0660698846888508,-1.5135838706687657,-0.893788322335384,-0.48556083403443295,-0.12294335217714811,-0.4672745538248692,-1.4775979303191573,-1.1179509391687303,-1.542770995075776,-0.37986845278446907,-0.6877670594791669,-1.181610320231209,-1.0624220564020703,-1.761490202412263,-3.304155216791004,-3.2674857485673705,-3.417160313056583
0.6234209993144775,0.6235040759866547,0.5972969959395432,0.764534036028281,0.3146426844242722,1.5820339365924505,2.048768425782145,2.6832590690723057,-0.48613343777890505,1.1615233325871206,1.1798829907744306,-0.6883360761872583,0.6892143067249583,0.2413465490345377,-0.6372981959176083,-0.32350773876083316,-2.7275418279400356,-1.1417780869963792,-1.6161885456094318,0.032664693133190724,0.32384540522433175,0.08806604523256113,-0.34380565655459594,-1.1276035284846164,-1.200455768326228,-1.1660991767408178,-0.03171730809922884,0.06563849708297358,0.6956363162018441,-4.020069859020973,-0.6832991670497177,-1.8282030653913666,-2.820362995771458,-3.0572364419118
1.0658126664221008,0.4346275429194309,0.7000995526485737,-0.04272369501283487,-0.5999456839549755,0.25291822066057823,1.0217979725819524,2.0621019691479585,0.14741661471965223,-0.23872177624644686,-0.11941300341694785,-0.3212040612225917,0.3110566668932225,-0.7650293487207257,-2.8772610137841057,-1.423170228233352,-0.9127730545465067,0.33406665752810644,0.8067280115250339,0.7712002742942247,0.16618534649782962,-0.22313119238825013,-0.23853172283246135,-0.577274632617749,-1.1391668139536582,-0.7479335268474615,0.3085216848857902,0.6075189688451742,0.5252122432572329,-0.7307548205871878,-1.6304372390971857,-1.9316022396542523,-2.68080471777159,-4.520697823424695
2.0722403116435166,0.7907366710942336,-0.20407063186499377,-0.43586030565537653,-0.2991009697162455,-1.5195861053115756,-0.5303650395886886,0.9989788547575311,0.19424725617351965,-1.2400222626113766,0.833189674595266,0.5351912301297355,-0.8291514510835447,-3.1905181858267575,-1.7240081287075446,-0.6622970833683826,-2.07418192349141,0.6502419356544086,1.9032525796286974,0.9098373303250061,0.547251468137406,-0.024445607868654896,-0.38300072993002987,0.14916425621231272,-0.16636642455225556,-0.8737172853466909,-0.024367857410845246,-0.07417744367653863,-0.6955114768468168,-1.3883561594805787,-1.9864314915844032,-3.7710816819026407,-3.429061623680908,-2.9113171013286046
