script/wind150m.json
{"header": {"parameterCategory": 2, "parameterNumber": 2, "lo1": 6.000198445256149, "la1": 58.999992894266676, "dx": 0.5, "dy": 0.25, "nx": 22, "ny": 24, "refTime": "2024-03-16T17:00:00.000Z"}, "data":
[rows 0 to 23 of 24, columns 0 to 21 of 22]
8.818188323079227,-2.348264013228692,8.897681019387488,10.51182395250921,12.348227802005445,14.460767073635475,11.844432870275275,16.821862508361193,14.2681549113858,12.559032459534333,9.198280112052823,3.772301298827934,0.08643369066436137,-3.428487957270209,1.9362804168590118,-3.81035616255801,3.002348227790427,-3.6304827153161052,10.973734187485322,-1.5646574716363906,14.278278908883241,17.181213102866803
7.444718898393615,11.456397289345277,7.002219210966085,12.572264626285614,8.149790510902998,8.472711333743709,16.92915420442608,15.40856355564936,10.860254766653473,10.244558324245073,16.275503073642913,9.197535931089178,9.241495844262095,8.528127727115985,17.55145404168264,6.719181226852443,16.944485416109547,-3.7049159852997424,13.319914993958276,1.3292209434412574,10.985389050307452,11.630390835705349
-0.3863119356935217,3.6642831466468575,10.21341235812006,13.239826351939865,12.111427980539569,8.822088731044465,4.150824364808918,8.557348840018403,0.3493992632773315,17.099709904534407,0.37419015259222277,8.26042576746947,5.977895304487964,0.17957031409349314,9.255308343389057,6.663383608384827,15.214223773398661,-1.2308920075962992,1.6536574954632477,2.2984786058023308,16.479885961010762,2.7233678108617205
16.276411911400498,15.822689216429556,15.203400351322522,-3.629071630294421,14.18874171899274,11.540141582084745,14.781347695579719,16.516440866518725,12.542791955707408,10.91072168282542,8.051994157149636,14.722067005097468,8.030627929908981,16.692692432464373,10.135545164798954,5.688547368693499,12.85329857733998,12.327233895006804,13.541295533004382,-0.17657494093827977,1.1438074546182109,16.816888072654205
13.489841598037568,11.017540900610319,-0.8212034972974646,10.293089825586105,8.133924794411826,14.868330829066553,4.98423183345152,2.500518246942432,17.635719345011108,12.012206425383527,10.88552867028967,-0.5538982736651344,11.389437059110993,7.7187881756368535,-5.7728439509544796,9.699798651760519,14.906299022884705,9.921358790860053,9.923491010986119,10.693363292496375,6.641544959458386,15.361443104180722
15.082567342825376,16.39206238360254,11.94239083774606,11.921312994222427,9.955997081675408,10.581376920011687,3.0737915311763846,13.798775021358528,6.048320546938122,14.657056519619138,13.64040573322618,6.352387494425278,14.994175122080941,18.314841768274814,5.31071671124,17.4892286886986,18.231044080506685,-1.4763790800793866,9.052475475891306,13.237525480795627,11.951700606128815,16.35508221025275
16.578126414878245,14.023528116845277,12.180176001067569,8.673891737639645,14.268375385004832,15.994364626093631,9.65619644142915,8.807479392941401,11.897439454923534,0.6265989308240467,11.229673606015892,15.137931967496295,10.615692453991715,13.39475118212019,13.784090299555658,10.884403117500309,-3.602634339793965,10.265927217529535,8.652606645559631,10.793466087211756,9.152357251210944,8.979646044606673
15.745299908057069,10.766364766135034,16.159698617285084,12.67160424727867,11.80198790426674,3.1400495416529024,9.178527954059756,-0.7002773238282834,14.526670241690143,5.845926749904167,13.696989944099482,13.534479739509147,10.524052671568233,-1.1256121508845915,-4.241610458147968,6.147511165798501,16.857698734829526,15.283942459197242,9.280180288292865,11.023884050004062,7.698528144967559,-0.2511734775297837
12.243639678725424,12.311789220869478,-2.1099700500688594,14.236664571223953,17.99524916108076,7.868312588996338,3.8188149803721845,-1.1915024364649693,8.936844103657108,6.6154474428490415,12.074516069281053,-0.3340787455178304,14.874474692911845,14.32293105128566,4.795107242522831,-2.822630587998917,14.853937847094072,17.29405159508723,10.073697082462186,14.91368219567062,12.938102134742513,16.8531125108023
-3.961934637401024,11.327039563295058,8.757238402663745,2.274822237334388,12.417011313662782,-7.456619670892565,5.830966247882099,13.461677960665467,15.611916486659707,17.297790991573915,16.13644181156706,11.749516075315684,8.80448525322041,15.323561960784298,6.4540923825266,9.060139212112437,15.951994676721268,1.9077770300515833,16.53800335031072,-1.1897388257665473,14.315931270957043,9.110507884169367
7.239998492049539,16.792896750888016,14.008419850257527,7.540572566495838,2.772308702403198,17.172609225397004,9.869173256194596,17.121744333365182,9.509023327459628,12.895253421019223,1.9713431915926691,-4.7698872849688785,11.509479143784903,7.171660767225359,8.30184970748431,16.55679446142663,11.648017012406756,17.448480463911885,14.729717837778374,-0.4219532334754757,1.8429893029878,9.014635260940668
11.818718289055399,7.419748589365767,14.458740689224848,12.219929043006617,9.932073967035945,12.992856269820734,12.52971667861979,16.582248614881127,14.671898354099774,-5.363166103227737,-0.915970493320852,-0.932136567853347,13.78920392647213,8.513056499263486,8.247246830773411,6.6481392192399955,2.9864128094364664,18.735317764202268,9.758510415189264,14.086316000398185,9.429237363591211,8.497907086587151
17.37302746146048,8.49524986713129,6.8603271336729525,12.83914907310434,16.17432365444886,-2.269359688207736,-0.41981433974089827,2.296453042491749,-1.7072398500176014,-1.120119072077264,18.350877087009554,15.30166171269724,12.305669392463045,14.9060858365481,4.477146294305331,11.796031878347138,0.9214441800845927,7.33462259893803,7.825586022844093,13.029615598328059,9.750120967905445,3.279659041993518
12.999638586269908,-0.0760212369735413,3.105118803759531,16.134497381691798,4.865221398102941,10.712346592711674,6.431481616060357,12.972276401209621,13.756685997774053,8.670544976931817,8.315607539082999,14.464261704790486,10.362004945317329,1.547865044510086,7.074094412271956,10.238924285370476,-1.0480374102316103,1.3935877001529267,10.189841804990573,5.4019677466439004,6.59960560128934,18.03697730287488
17.712325474215447,4.827657145166152,6.3666666880397464,17.95093756039582,-6.440560705987668,6.958930376430706,9.786953910453253,13.258296441449861,8.735842989595259,17.88277837511553,-0.4180475242372035,7.084861734104466,12.90513394130705,14.652776646774061,11.655488299016946,10.969520824133014,8.288451199297123,9.744273951618482,3.697720374468804,-1.744955501274361,10.993699044828402,13.672636771085543
4.993718379884499,5.4251672985164925,13.705862138752227,12.4527463230034,16.77866045591034,18.21461876373622,1.392942039729708,-0.4652649945971078,12.265053560711092,12.434107868606013,8.074130702030697,16.97875174868544,9.962699588981732,0.7030151223499721,12.763010620819093,9.738694465547686,14.397723824060643,13.765818168109734,16.183069340020467,7.35828747279259,13.504698785469618,11.098381425421941
7.170887408185594,14.2177052183083,7.362435274505755,-2.119155850612686,8.798621505078351,13.88905698060115,14.57018942246032,14.834812344155349,12.004273776044109,14.532936256483046,5.4205620481705035,10.167397319603376,10.139365968608576,7.377767543446579,10.504943760696628,3.721730277909332,7.3694365321351984,17.412937216151203,10.69517243339555,9.880969767885142,-3.473324141403526,10.348333532529331
7.124758742319001,17.3729573671642,12.058733351178567,9.400758972747049,16.166571056314872,15.614585976585277,14.991700588767468,13.34543661047432,2.618822448631377,8.095667422081021,12.132433351249468,12.29933849927662,13.842937692082247,8.978071417273991,10.737615596680058,12.435416325664292,3.1187381262809537,4.496361381203093,18.872444153894516,10.778641109593222,8.109651688680573,10.861687358375042
8.355153003300732,10.681605211284625,9.317619440121229,16.828426473335107,12.08422252676459,13.2140971717676,12.564883125841183,15.837715299751897,-1.355056126890153,15.458980933086316,10.565132317993742,11.415413949940234,2.1083204426431954,10.006679106166928,13.15352517709878,-6.81269736077885,12.134141199691149,14.179329013613707,1.1277987909487295,9.24418903061465,10.898516888132294,11.006651862954024
11.211074628673302,15.022273205994983,17.07498195895328,10.579067997006899,14.370627251391852,9.789366656903207,14.444973736091201,10.20813120992999,18.12530631668054,16.435056064657886,14.769094005324812,14.85493978489793,-5.915001241435754,15.202440630486201,6.827384688439237,5.034243958529813,17.11315268904321,1.6727980853509254,10.465007795585386,8.020005294237874,11.36959931116384,-1.5641336175372331
15.50017504372886,-7.46937736023033,7.72735790201325,13.374205320283613,8.223473191068349,9.764587834033662,5.5197490123889965,13.584658800178614,6.362124473173832,0.3673448505762339,10.781633980792169,-4.937445640399561,13.863618383072717,15.812285621784515,13.372897596335255,7.541876227681386,-0.1868913947814025,17.10806321851703,11.994171746945987,6.657032659841468,11.3028914663003,11.987829159646338
1.6325911276100855,18.24142725115581,15.084039283527217,0.05747405609463053,16.085123095313268,12.019464243422824,13.538281943063106,17.964133349537132,14.252148811148357,1.697877189148752,14.72008824184177,-0.8926050777787826,8.21239236764451,14.922795270958884,-1.0428719759195166,9.378353721718344,12.472753903968123,-2.4695718174549444,8.160428555958868,-0.0937596725214542,12.088360300724885,8.263744373554651
17.051982462100526,2.6974617369367624,-6.337753500601526,18.13918339860864,0.3819988732846007,4.695984855482012,6.815724346994303,8.680120531887445,17.13415907177198,0.38114166074690936,10.091898434470536,7.336214670057166,-2.7664739507719376,10.364389428893194,12.65780165645731,7.856658834897126,6.809688697790754,14.880577216293677,-2.3139694770169004,13.519316424487833,-3.6574281766310213,-1.3293481974728019
9.071223671459244,16.010387750529343,11.254017266542927,10.973785555379594,-0.3632213431135755,-0.29667953271597786,14.413230923887868,-0.13270548697631102,12.90422468207834,14.756542602566784,15.740236359028481,8.589060448980756,17.534980034394387,-6.860770434818635,17.039677609988875,7.076753848457309,17.502963623375955,9.604013170534335,7.095558290104554,7.778569848664361,8.957792591642137,10.025913102154538
