script/wind10m.json
{"header": {"parameterCategory": 2, "parameterNumber": 2, "lo1": 6.000027932988019, "la1": 58.9999434238085, "dx": 0.5, "dy": 0.25, "nx": 22, "ny": 24, "refTime": "2024-09-26T12:00:00.000Z"}, "data":
[rows 0 to 23 of 24, columns 0 to 21 of 22]
1.545373961969681,-2.889687296248018,-4.4891985663796685,-1.6487803869442963,-1.6032853586265399,-1.6576335703952558,-1.2357554844076857,-1.7592994947457181,-2.7575213978109394,-2.6324121173637995,-1.3080625698855133,-1.1571338511459721,-1.6199999422817764,-1.798258093478175,-1.8378704104856738,-2.6982853383148893,-1.067587425299218,-1.5513280379775607,-0.8061864604806118,-0.7498097868248507,-1.0404431627079334,-0.9357740421332383
0.2883904460922077,-2.3964342962625667,-2.824510253412419,-1.1705059445770176,-2.6261310311696846,-1.7648366633752768,-1.8989527361745178,-5.5961021915102025,-5.243276673997467,-3.3700748747701024,-0.2194048232241497,-1.501130511394228,-1.9314687677199538,-2.3306016766316224,-4.0489942799707475,-4.331608517720549,-1.8359966003062598,-1.709164698373894,-1.2982745753285558,-1.3784569442113541,-0.5483573573467421,-0.823656688208451
-0.22182161537484565,-0.8437724178968028,-2.140196852095489,-2.275601682855888,-2.069382535109266,-2.2033149317956893,-5.786135766293818,-5.429202702787613,-4.609196134722552,-3.4897927939338085,-2.1453959795217425,-1.8405158186097301,-2.485224232588544,-4.0357110787530175,-2.5516017767792203,-2.2044735684024115,-2.0120523055267614,-3.6300775238700695,-2.9632610991054027,-1.993218211425207,-1.5612244395079076,-2.3022083415222494
-2.2044954667373204,-1.6506804270481374,-1.7173017013270984,-1.4889111400519193,-2.492516069311357,-6.489532943666396,-6.11019483134176,-4.820009938123756,-4.600746392132928,-4.480849973662644,-3.679157617023902,-2.569906341633356,-2.2416516358620284,-1.9776976765919945,-3.4444156521416236,-2.4389418727314696,-2.684091225104913,-4.150551664254896,-1.8469930187698145,-2.0322129823294044,-1.745223784696348,-1.8225501548380558
-3.479318660416575,-4.15641668905036,-2.0947078946420996,-2.603860533283358,-7.981059890239765,-6.74170668284735,-5.771618039194852,-5.487817407865854,-5.52928988703051,-6.230125654866761,-5.316057366970402,-3.3070041586402734,-2.128231811215104,-2.238062774939202,-2.4470980030380223,-2.9931992567810113,-1.8251907886771188,-2.802839444364572,-1.8159773753367292,-1.965957181961818,-1.8065669221381941,-1.567288685532194
-5.11900246928699,-6.782688197382709,-7.72113596755282,-7.995082764490411,-7.562225870289946,-7.556009279234019,-6.575120535148536,-7.159991859351159,-6.962344828643395,-6.5048486223111395,-6.486164431317429,-5.277727195414273,-3.6711317891244866,-2.6960820780699186,-2.675731726787188,-2.7085364852965244,-2.059862394197412,-2.3045246900939036,-2.0000896270250452,-1.9760471589744397,-1.9756176154339837,-1.5588237359890906
-6.954756620620336,-7.619078581963854,-8.087057333604264,-7.986555542483676,-8.535045031156544,-8.17153121960726,-8.184727846527919,-8.096289859127147,-4.5942781939537625,-8.030734421133555,-7.189608010331091,-7.844109529520701,-2.8812727183555285,-2.2978994437723004,-2.6894756232144923,-2.6452608860951017,-2.2457869689697323,-3.205241302952572,-2.5857967560087896,-2.518010854305051,-2.1362396268666632,-1.6008193956311823
-8.771072794726958,-8.657096116863965,-8.583634572305092,-8.647320295486983,-9.113140098555728,-8.592198312944745,-8.222404094808379,-6.401300447956116,-5.105689303640121,-5.776004906406762,-4.263083184067542,-8.359996848832939,-7.595053493071794,-2.3694126050729323,-2.5291375228748385,-2.3817912918120863,-2.577113313940638,-2.7072142432451933,-2.626170790575782,-2.3756073252729846,-2.333127629286344,-6.175781539274899
-10.418929781390078,-9.424279062930795,-9.339587759756304,-9.356186291799496,-9.304565977268918,-3.2058751103061756,-6.363296329262971,-6.960133405305509,-4.8559502509247015,-8.932051390469308,-9.42803449059984,-10.04194104160321,-9.78749931488252,-3.496579475448413,-2.831486765622324,-2.9731551056021757,-3.0242870394319477,-2.924913108590817,-3.0132488431516595,-2.385214980014408,-2.368815287314158,-3.4091794559690984
-10.707287705617288,-10.073501292962753,-9.916116531948765,-10.054561923833631,-9.44332685616969,-6.726433104129756,-4.818915763924183,-3.4360716784356113,-4.027518439863031,-10.24329256581441,-11.792530691065348,-10.281606666348065,-11.479712649836646,-8.3790864294504,-3.182419917104801,-2.0800120149387755,-2.2182446842979613,-3.780066876864468,-2.743498490307373,-1.8989092741884486,-1.9813453236464262,-2.7829156360506193
-10.889882224707321,-10.518658634042971,-10.840137186512042,-10.841846847554562,-9.64971562759546,-5.020108962781233,-3.7636191824350367,-3.1591608447690844,-5.1600004131472605,-5.659272466626004,-8.33542800444615,-9.455778549862405,-9.775884574694878,-9.81061448167848,-4.013019024353284,-1.800768198109799,-1.6422414190191412,-2.2080724366615434,-1.283329790158005,-1.3672634342184629,-1.7915269185227367,-2.9517201401333706
-11.765077741867909,-11.389789333833097,-11.583635890505908,-10.451713605133206,-8.654407232419475,-3.767045993055392,-4.45558725535647,-3.739443986872506,-4.237937074690995,-4.038195949212729,-5.808959982009455,-5.553255472070706,-3.5569795858744016,-4.615456486746637,-2.663805631887999,-1.7064039438538154,-2.262281058098888,-1.6297962880436065,-1.405394011035995,-2.1325003482446023,-1.803253623551888,-4.121198421377481
-11.610082551649555,-10.486023647854232,-11.332290900189896,-10.517777834082722,-8.652694065214499,-4.909514346062492,-3.4725804369366005,-2.22422897219616,-3.067761080916174,-5.633041380304668,-5.807457859385894,-5.123639970662615,-2.252746163461954,-4.18542764414596,-3.3315464193365334,-2.023747772997506,-1.9077677792597316,-4.918754683106522,-3.770599383603845,-4.973704228346126,-6.0443533468320165,-5.831553102056037
-9.74650331418141,-9.533104743265291,-10.352742059205253,-10.188407986628285,-8.854959352201476,-4.505210437039319,-4.013734479867699,-2.6473048299665316,-3.8829448075007873,-6.6298692491862505,-5.917936095285702,-2.707249242428793,-2.0484006400509887,-2.192261084441495,-3.6474963611033533,-2.9979137023198796,-1.3453317455006002,-5.29857759811507,-5.561612624565793,-3.333752421180997,-4.3135257974892065,-4.828607574174581
-8.39421672252926,-9.17598138565711,-8.822635138123706,-9.290769182278229,-6.622987294899692,-4.102766619238307,-4.323347252490398,-4.107933046878035,-3.3654120764028748,-3.8229141120398387,-3.983729811361312,-1.8310381529487798,-1.0093626948911851,-1.614437637585379,-2.186870443985993,-2.049392579864377,-2.4675680855596944,-4.696585736439513,-3.3350521546100884,-5.150758232037164,-6.159895870196173,-5.3302299383327965
-6.94440682197849,-1.206408566281436,-8.434398696547445,-9.40521272272736,-9.386709123106092,-7.14851897408845,-4.544042472730206,-2.4692171155343297,-1.229916884366392,-0.6124949561407901,-1.9482815099133115,-1.0856683992423695,-0.7803177044928327,-1.271725229151772,-1.2285846634405824,-1.3679781155019417,-3.0107435396297393,-3.9854855253471766,-5.0721534336705,-7.747093639743473,-6.681359842914474,-8.153279594794574
-3.485795703867437,-2.939689192467986,-3.6041603383731977,-4.138879926075661,-6.615188407323798,-5.079292656854182,-1.9353548404500427,-1.2095941865808162,0.4085447567397663,1.5921522730456943,0.9428580673936388,-0.20287845393220155,-0.10524020058489224,-0.4047457812595247,-0.9360967626495091,-1.3655866622572137,-2.0619612974147525,-4.197048643975015,-4.072246753428841,-6.667256660840513,-6.516619615415549,-7.534795929160313
2.6103515246670534,-2.5323769914096177,-2.0973631852842223,0.4397028748457935,7.406177399993898,3.6059839756633325,0.8847549234775182,0.8670758260722915,1.3285777852260405,1.3898643710325163,2.2969025663563154,1.1776679647634332,0.7432385278724689,-1.1060751240210849,-1.4819258834019904,-1.6697724078103353,-2.2814566864354306,-4.192844983585564,-4.895146615482655,-5.142526270951551,-6.912316191656204,-5.759970943957131
2.4430030164411463,3.979490790037081,0.5651408922482668,6.807915616151882,8.872651684492515,9.629079118145828,2.639358448961421,2.0609877296999954,2.3241182105457763,2.143941639376195,2.014790734946442,2.4291257526094476,0.4858475385398704,-0.783990518271942,-2.139644237006586,-1.3385238779514395,-2.0770102057856237,-3.6604130191236917,-3.7415455254218544,-5.4437687972524165,-5.098822509251211,-2.1990636671190753
2.9103007269907244,4.683462582077763,8.85430322409641,12.12785832909997,9.334527202646406,9.145610505882374,5.277801293756899,2.042284876244261,1.9547065916886104,1.942771380246053,2.5631443328867554,2.3445390856352004,1.0047527015782027,-0.19804155799052814,-0.8343889060044254,-2.0484778190019486,-1.541922506787972,-3.4713710265895448,-3.644914256760258,-4.099235733723049,-3.0589996416986707,-1.8661189775156872
4.227110196188753,5.7898391807957115,16.57236801998106,14.228583989352607,11.192279283223701,7.857007541976874,5.0849075699030415,3.5602311749081736,2.4877293371122504,1.904138499398184,3.812940670993906,1.4576166797211376,1.185247043879222,0.5034964272167994,-0.7327192603602379,-1.410137894434006,-1.3901063810206065,-2.648054753721326,-1.3111217685238195,-2.5389455306792916,-2.2591963387998892,-1.5729663310559145
9.849078314464274,12.421637229261423,12.819384562769224,10.810033444266496,8.989786657430635,6.768856447760572,4.469635342283104,3.7327548852104764,3.117204043864077,4.0311115922855905,3.622314747545072,1.8772862498945646,1.9163670900880252,1.405598310535837,0.39220200208432443,-0.5223298283475731,-0.14153667065447847,-2.0438543530371645,-1.0407797869504114,-1.3839247799355021,-1.593379838160321,-1.507505888641146
8.685211146709277,8.728778351199441,9.856256969957968,4.947108054139019,5.5999707070055065,5.5774580736554995,3.0297275672042567,3.10676926517084,2.694146583702077,3.7438604286899766,2.8624417183394506,1.4260510911379705,1.7017585949996938,1.4116183128420263,2.09924416796808,1.6353460589808595,-0.3302750315790987,-0.4465935640904863,-1.3200875580870097,-0.6630704086469948,-1.2447764442305458,-1.2075863353598364
4.672962721166023,6.058039369674246,6.753543440854155,5.867100559329135,4.232789290625491,5.336160387115681,4.1739591418753985,4.207420639067341,3.473725919333774,3.4759119796281728,1.8125439266551362,1.4029010407109983,1.2398599125162342,1.261252545112482,1.7420982768667879,1.4913971645697424,0.10210107302805277,-0.8413003255039155,-1.5629176497855974,-0.9225218981973091,-1.115934103306385,-1.8587985538366756
