script/wind10m.json
{"header": {"parameterCategory": 2, "parameterNumber": 2, "lo1": 3.000054539987559, "la1": 64.9999836372058, "dx": 0.5, "dy": 0.25, "nx": 34, "ny": 52, "refTime": "2025-12-02T15:00:00.000Z"}, "data":
[rows 0 to 23 of 52, columns 0 to 33 of 34]
-14.660550448203555,-14.010900274912698,-13.195118127967335,-11.560685349412147,-11.318313824252835,-9.983923414090032,-9.63338187605803,-8.69234489127173,-8.606352432636825,-7.2084468750592885,-6.404211731336001,-5.375520456294346,-5.158347380929481,-4.825822105092141,-5.4437783923447425,-6.098066676248399,-3.220766780844205,-5.829210028928374,-3.493158458172754,-7.907628331762835,-3.050034309708201,-0.10815911788513491,-4.156018979031859,-4.312534940513641,-2.3124402995038125,-1.6782007095552411,0.19692031946864405,-2.3284748517236338,-1.2609783493794737,-0.9496253086621692,-1.5033506130192325,-1.8081985264628915,-1.9540395688480638,-1.1094837535422646
-11.97878333896685,-11.098130108950249,-9.978813551932271,-9.1264378214972,-8.022185730722939,-7.771712378796221,-8.543139417839066,-8.07293066322339,-6.960216499945668,-5.4527384480898515,-5.127364441197758,-4.504926589148471,-3.17686166768943,-4.155422542737062,-4.318653320511661,-4.073966126283044,-6.625668827515726,-4.987497136798124,-7.1311792924143695,-2.838270694484949,-5.757787081549109,-3.229101592979881,-0.9185994135977232,-4.45218245607482,-0.21605009164327707,-1.5129305798316701,0.426704364646385,-2.1753536153090725,-0.7411908119495555,-0.6564599118719265,-0.8112694922567416,-1.24320508491215,-1.2806954564368411,-0.6287529031446056
-7.92801785182887,-9.503893959984985,-8.279169881223611,-7.5329607193835,-7.788759901780234,-8.276862669497186,-8.188898292238497,-7.762844926048336,-6.562726576981812,-5.799127507202423,-4.966879242062303,-4.38175319101451,-3.9839074216293806,-2.516210111066816,-2.3633479517517864,-2.8794129708359457,-3.313199189416859,-3.6669277339265887,-2.4515538538005726,-3.3945908872889765,-3.9286826729334634,-0.8306077406564216,-4.903144179169821,-2.3042164976564123,-1.0947826286604918,-0.8704606520184439,-1.2386797447096292,-0.07092626145547117,-0.3689887966191917,0.4486755485204418,0.26164944447199046,-0.15119732540514882,-0.34857871632474285,-0.35786169973619214
-8.906408883930126,-7.848382100923983,-7.200027874560686,-9.722552433408595,-8.010209282558845,-4.013766403232859,-6.5508240809360085,-6.691601025161339,-6.083913487682682,-5.463570777452293,-5.141666817450588,-5.319133122988143,-4.823244607456519,-4.098927938916333,-3.1281568532097195,-1.977096378498626,-3.211512319855736,-2.015387715446146,-4.906843675254419,-0.7367279483613004,-5.932969617038487,-4.894649886087931,-3.6164716726919774,0.017269962468281396,-0.8840390322244609,-1.2449682338749744,-0.6712052724946207,0.021247085106706053,-0.3716820889357849,0.21404706657573294,-0.10709338167744148,0.11986245194302234,-0.012452028579499227,-0.3610882265538963
-10.46867989157371,-8.702975002834945,-6.475159904302494,-7.737571381624649,-5.24304222928281,-4.041759972066444,-0.02672644991160079,-7.07189008457494,-5.73561262293058,-5.397386778199051,-5.649081336451358,-5.518677858714588,-5.035209583094899,-4.742287163403493,-4.098463278375075,-3.7823829868009486,-0.9385617595336805,-1.7528117394004872,-1.3411926000577072,-3.5765812087929545,-5.363511195651573,-1.1515745136478095,-1.6266373466586352,-0.5559032320929844,-0.5760745328858725,-0.5263033319523199,-1.0152377296338504,-1.1637254342533387,0.21372230260552247,-0.09716642947161155,-0.3591009733120154,0.0797037885740203,0.09499504797640126,0.056919238235350715
-6.880351531252018,-9.619790037670574,-7.392126291679071,-4.908782638083066,-4.456260456843363,-1.6027070943702502,-0.5115532063051046,-0.8383925592992147,-5.521624566871531,-6.15310841450398,-5.88448060463069,-5.052348578160629,-6.212817151438089,-7.211552166753589,-1.8161820478400879,-0.46512249960629837,1.7705982394988349,-0.8204025083578174,-0.18268715927264179,-4.383285149953112,-2.9172678113746953,-3.773892975980489,-0.21888738671884703,-0.6478679069723726,-0.4586166101824737,-0.558280407041184,-1.0183476540534164,-1.3689490988726265,-0.26379857520430916,-0.5272974163675923,0.4007866931222929,-0.2905979599566748,0.06823587769133176,0.5648089715171842
-2.3551742904338284,-4.552103634635755,-4.66943760402401,-3.385915411717338,-1.2384476592351816,0.27384523259502946,0.7008956787998202,0.23735571053633375,-5.01125339262093,-4.752796328694682,-3.3255216401193786,-1.5313729034412247,-3.936135969492883,-2.763949774381388,-3.498856861748554,-1.2708147791711122,0.9776959618260256,-3.1004228635079247,0.6526408273186577,-4.108517726834096,-1.7727126787172387,-1.7796005922258695,-2.3142949373263564,-1.0585729402400887,-0.1939429437443773,-0.4943707137910056,0.36672965663955737,-1.2178918238595449,-0.21828846856102838,0.2414737399601687,-0.8195255346150325,0.008792855651837728,0.6363543181047073,3.6360705894122263
7.216480257008252,6.8916122183156165,4.595732529414311,4.939291647156319,4.295552612956745,2.754792272991929,1.3040866469372465,3.3659404780862063,0.547554301631746,-2.4108655919551882,-3.181537663367139,-2.8487089919538944,-0.07284391115009707,-4.26301669434606,-1.7873760365567342,-1.1011693586499194,-1.770367832509168,0.855675694733078,3.0335518412342624,0.3905283792422129,-0.06477876948459892,1.4150886111804641,-2.0258518328550155,-1.1045213909930347,-0.3939961850421774,-0.553494883264718,-0.8399588248920988,0.7399905003213815,-0.6631170089710854,-0.7133042839649358,0.4044668430876836,0.42916449989635336,2.1033293099132884,5.223102611554177
10.688615709346491,9.636337916461878,9.237256607419248,6.834851728583329,4.402511444801593,5.896938704160307,5.552225751760122,3.213135768972945,3.499681415582832,-1.0219102126451687,-1.6081868867248197,0.23263790798481843,0.5293334390783688,-4.100730173054088,-1.973103662650407,-3.116310474004472,-5.890585903368124,1.7379274168170655,-0.6808532338059132,-0.4590567086855897,3.4451658781154673,2.473377680245202,-0.5023436195883327,-2.0049334609872322,-0.5761825075681325,0.24025093358572727,0.15754483819130358,-0.25022963220339056,-0.12249641907730335,-0.8764379125596419,-0.5146098344629705,1.9218466392016382,4.8782914906120585,5.024881746539635
11.049510189428554,14.217422925458875,12.95026771008159,10.832046866525578,8.651261748124893,6.849456580494517,5.837792407570518,2.241474753479298,1.2096569247943156,1.9272989148403536,-0.442442414758802,1.4734175419811444,0.3153604326863568,1.3827564471950171,-1.8067006310429907,2.5715433766783926,2.0942176873978315,-2.166297513289572,-1.019629123113454,0.20522686611018737,3.923783888352938,0.39009645425765477,0.6272167995421983,-0.4667785996938467,-0.5095930640124474,0.395227479960843,0.4249211657359085,0.5514825628023586,-0.5613117668760547,-0.15266592986964564,1.51958175319215,4.372484442230811,4.197234283516823,5.086008558711264
16.54493450468748,14.618935187503299,12.713730687100325,11.041387114702864,10.601834298059568,7.727555133681819,4.976072801488085,0.9815897165066552,5.637933685740619,-3.157312437790479,-3.2216976245808495,-5.400149926861637,0.8635522991015354,1.6208174534548891,2.4254807851391598,-1.5332445850450314,1.4563921731991705,-0.20583301134864948,1.287615390335446,0.4127126546012587,2.585984080179707,-0.22348290342919966,5.299256561535584,-1.229795200407573,-0.06510569401183808,0.3564049223915904,-0.4441572871988996,0.5117560894003698,-0.6806806095243316,-0.46313201503327306,3.092386278180808,4.7707878464094495,4.648270369915734,5.528285034734964
16.078901057612004,14.429537046070788,11.913844158336634,10.021852340876844,8.606499235471711,4.1074233481385765,2.7218978803821483,0.05124632393321582,1.43110374891474,2.9951248348191006,1.1588062999902795,0.18548407004636613,-3.256330292241415,4.602417703687688,1.1437454575753867,-0.4699829449881836,-0.4635205337134685,5.412177490737325,3.4036778200227507,0.28958274671203976,2.9061313746174453,1.3425339524743953,-0.7128512470577476,1.3553403456251891,-0.31700244900322927,-0.7393040246838306,0.4658160002714976,1.3532010080269647,1.0961504927096988,0.7039993966784005,3.000392945193618,3.4825492006159533,4.7335372281528425,5.37387111654511
14.489030434272847,12.064269440953293,11.48097721078342,9.039505601161917,6.921015557628652,2.1412597896814556,-0.9856916009254145,0.5469094197900513,-0.027301968646107597,1.5854013839683911,5.030505896559602,-1.2600868840489572,-3.8655946163927437,-1.4685449870556648,-1.5134187647672463,1.4304055391421857,-1.0020203989243763,4.230276693039901,0.5827447561610108,0.5063983720583682,0.3954936848909353,1.4718839275519362,1.713510201577892,0.4506027539282233,0.5730127045901703,-0.24897252177445145,-0.019618208628507765,0.49220040942472354,0.2086622221716025,2.334645412067938,3.0846842791854585,4.204448243081771,4.6559791340816306,4.1216926928647455
12.44664828866354,11.791014067052997,10.763294746238275,9.723451097698094,5.2665971461175936,4.931073557259039,9.625534330845992,2.506613977835537,-3.4958466394387306,4.899652213259392,5.078770183923966,4.611066744670254,-1.0888595263420244,-2.919797306012406,-1.0654524444738043,0.05572875952184734,-0.462953291595604,0.4565870124286928,1.8431295525131237,0.4146183884355818,-2.364136819054248,2.8386566750377624,1.0012706603191823,1.5296271471025513,0.26907686633379135,1.6284954849196553,0.6221442577649288,1.5445868518835202,-0.08190037942657852,1.258564825729737,3.260391935548866,4.213753173527173,4.700805425160304,4.018357830300662
11.763944190453373,10.594659357668647,9.045452418255943,9.133231849603515,5.67018821948849,1.7488085618685354,1.0618676027116705,2.2093678886289507,1.9376944792998052,5.86041887018334,0.5245294175248316,0.8115932686521825,2.099932661269329,-1.1190544819094086,-0.8444712940423709,1.4901005397954297,-1.0474936393444307,-0.7885138849936072,0.5125275751473356,-0.46500839748031053,0.011670174831964404,-0.5485775285339949,0.9973360517408999,1.2637432292146091,0.6467167774429792,0.8409369883932623,0.6797787526745644,1.008261817205534,0.8464209874000839,3.1566210360793305,3.445799142240214,3.5702892824714487,3.6812035035985176,4.0936389040028835
10.213830015841625,9.756550849646835,7.83415232031322,6.53422083659555,2.3591933424101295,2.4801711065969205,4.673454551280094,1.1249816982876575,-1.8958588345636582,2.639405409978362,0.6675336813302982,0.193752359400841,-1.6598423342305846,0.5798692234304201,-2.457700872350719,-0.5304383761758605,1.4666339378327173,-1.1118780304352724,-0.7870146975912874,-0.1779488890968398,2.7666560045028668,-0.224577450226985,-1.0391618894339336,0.7581965999159629,0.8931520955780343,0.4092413560404308,2.0657941104896365,1.3749199206345715,1.2013442230865592,3.1224985302641493,3.603964562896998,2.5236549608122325,2.7613169464057794,3.4549272747917965
10.966017001796246,9.122036876648597,6.957451365191592,5.298645890873178,0.8604574348341189,3.4462363746824214,2.280091992597436,2.4126037562271114,-0.9511747850009403,3.0252605066736002,4.167284866127525,2.984976738487006,0.8280697805239596,-1.3374160354600573,-1.2656562459046552,-2.5825383574276453,-0.7620213451034752,-0.7337011759467038,0.1753958689902876,0.6017165459422138,0.856258534232387,-0.015127994524549066,0.7913220092190684,-0.5283582515397339,0.5158354965731712,0.08629047065466619,1.396152802446598,1.4169194291912317,1.8209668567034347,3.2340876241715955,3.359161119706562,2.248091382089433,2.419286626080316,3.0752445172018392
8.004714638187972,6.550188066839756,6.412664364358393,5.255271686018544,1.367675880529141,2.200198876848032,6.038794274954632,1.1609052491556995,4.661595776519083,7.150923925226861,0.41532539880388,-0.4898814607900295,-0.3751963353351217,-0.7193765690332989,-0.16641166011676786,-0.3512867118004041,-3.850177308629929,-0.0959379460184882,-0.12269786962900366,-0.012456027189334286,0.4019869889116574,-0.3311754238927533,0.5497324421532349,1.3926354703202064,-0.6078177494290481,-0.5584020677660454,0.07479182609741677,0.3058983740252451,1.2984203430868428,4.026558786918776,2.7128888978041577,1.9854727612813732,2.0962350243253964,2.521513308186789
7.025822995093289,7.230062819766676,7.635805444515272,4.824813135141318,2.160684093614922,0.8079524460976879,3.7498673175990076,3.275413928569733,-1.6382555189810337,6.990222507078915,4.196089932975594,-0.9239120873925747,0.17879060773212974,-1.719151273904199,-0.5064668509416245,0.4402012066031181,-0.4461828604554189,-0.42240828797510865,-0.742923667550604,0.14493586766795233,-0.3597192906857284,1.0270142477734356,1.100834103059099,0.16710145901195567,0.5467769244050034,-0.3303697077557629,-0.08083958187420168,1.0687511572126438,0.8156049597520956,1.3680278520383975,2.380334661449341,1.3302881015569012,1.2385352679715003,2.3492868184251328
7.755003000318657,6.938613553921674,6.979907403521143,4.940253394348028,2.939984580325667,1.756051376344758,-0.03549565921992134,3.986256898350557,5.200006499549438,6.244336636353029,3.5431827302076675,2.1576687760327617,-2.158914629122318,1.518266556310581,-1.2285325696470586,-1.2437755162877013,-0.116328540410124,-0.11703806105113078,-0.11245543277163447,-0.23765852490867378,0.054792980995376425,0.13369468294788295,0.9441663963853558,0.4345835895635512,-0.19997336800771467,-0.47490007843811677,0.11963018478738334,0.3018261174553305,0.5826850843348189,0.6885267686999108,1.1433753442918004,0.8351270340473383,1.9916949688157783,1.4139583916317418
6.509708372580838,6.721362066875584,6.389099509896123,5.55743638582908,4.320055174338799,-0.7450034015273874,-0.5262741018808045,1.42270406783537,5.260458540460814,2.0599913570977066,3.952352261276725,2.8849400416609052,1.755436220417378,-0.04671082497551646,1.088263330079245,-0.15576995972280566,0.69938439197928,-0.1263416093612056,0.39391242428992984,-0.1435218781473385,-0.29926378523147973,0.5261284355709382,0.29006313199146533,0.2856248556415727,0.7342153110363996,0.9591022245293859,0.48797956900232253,0.3598779216923502,0.5591491306589677,0.47513199227163294,0.8661169257831448,0.9195599587394884,2.353292067614001,4.539465089482389
7.077706670672596,6.549467473500133,5.665878055296182,4.18771949393717,2.971158288160259,1.4594763514828948,1.0106548732125382,2.6124041016238784,2.9601709899757216,0.6455301965573819,1.7389809162355834,1.118716058868346,0.20312594310711812,-0.7440628284928101,-1.5384855426532211,-1.0713441952304577,0.02197579573115325,0.18642119268699278,0.3609847927544665,-0.8509678273569189,0.3994507836996351,-0.05127490270564074,0.8328471800274134,0.16144090081281745,-0.03279843362373519,0.35991064446011634,-0.11703256637068445,0.09865957347320402,0.4699094853554888,0.5397684746052914,0.34766167276910315,0.9718744252749566,1.4402063444693793,5.316250242615907
6.4314832275235565,6.003184939797234,4.827106321377745,3.0261317752295764,2.6215998341517324,-0.5542074213888529,0.03359578009299113,2.697559338866356,5.370028602694248,5.6085518367912455,-0.6906794113228235,-1.7914339320265382,0.5916972914188651,0.6275114851058032,0.37292713064730165,0.050730227304251335,0.3070377304306324,0.13103098646751907,-0.06909027919228207,0.32277729254207455,-0.1133831844430709,0.17097792512993074,-0.3366404839318208,-0.39067997924052017,-0.4767522659402719,-0.2096794783061011,-0.25543084457733956,0.48180981860611066,0.11453573809777713,-0.2394792846496739,0.677608383807179,2.23690464528122,4.17214083261451,5.227477344961011
6.814173401049381,6.4251476316078815,4.855561834155658,1.9516809055025857,2.172598549130786,2.1953085588309125,0.12678769659950268,1.5115690671359512,3.379811243389603,-0.9861761936151966,1.779521546319684,0.798012871381677,-0.45279805975688264,-0.6225136881527623,0.8646717051893031,0.9893543704045098,0.05789190818765712,0.04591318962811597,-0.2979198958549417,-0.418262072176634,0.052398492375500774,-1.6586654637809524,-1.7236187125166424,-0.9023544430355399,-0.21498330038809,-0.496133875214115,0.3947901024783107,-0.44431017897167924,0.18815627398355378,0.2385369825837454,1.0499006691525619,1.5422912327540248,5.472744902900835,4.613245343461634
