script/wind10m.json
{"header": {"parameterCategory": 2, "parameterNumber": 3, "lo1": 3.000054539987559, "la1": 64.9999836372058, "dx": 0.5, "dy": 0.25, "nx": 34, "ny": 52, "refTime": "2025-05-02T19:00:00.000Z"}, "data":
[rows 0 to 23 of 52, columns 0 to 33 of 34]
-7.630842573617737,-8.014705150396706,-8.091958999982907,-8.558149143275445,-8.899653027996472,-8.87228936985432,-8.770584627180744,-8.461254527968416,-7.000547532411397,-7.60617078964251,-5.539808546955728,-2.496098354232952,-2.2287488103197384,-2.026455286340222,-2.7247180517730136,-2.4773476267177297,-0.5648209952912406,-0.29416261876919225,-0.35668747415139684,-1.2688239794230867,-3.7172382871893883,-0.5945562341333577,-1.2134094500459036,-0.7807325688674992,-1.0462533712369961,0.624935632440974,-1.2327272856756561,-0.7978246546224907,-1.1594572757957866,-2.026614315703558,-0.6796918199517972,-0.859610116452041,0.6545141409027261,-0.7626360080111737
-7.80335880099228,-8.116195641633746,-8.435112011904454,-8.66443280344537,-8.185955869618596,-8.529635923769046,-8.563716184546562,-2.5066031699764295,-2.9815623037967276,-2.548125002502897,-1.8903061262091416,-1.1974531743417385,-0.6209203639238475,-2.4503917672793936,-0.9895113545416798,-1.8519883949589508,-1.158758667759764,-0.9593320952986012,0.1688408537389841,-4.098948369938337,-0.3665836687365156,-0.6280688414356363,-0.8050400954533258,-2.496790511773608,-0.47824021952976914,-0.982078968370687,0.018470991929253725,-0.30617884225476305,-1.4985804389053279,-2.3575070160150178,-1.2762661973356606,-0.4985942438218896,-0.40672882079739786,-1.4960775096385726
-7.704960273588616,-8.504040233191494,-8.279323907531426,-7.63176033692146,-6.488082503883685,-6.975702270855432,-5.0377101983068115,-3.500365611052996,-2.956814618597018,-1.9907578821972571,-0.9008424813207995,0.037561034749406357,-0.17728756488058445,0.2171235277334227,-0.21561541479523025,-0.5179685433273242,-0.2506780724393236,-0.42333878269173325,0.5150763591834393,-2.200875698686279,-2.4371623466037096,-1.4517265553331475,-0.7706898812968805,-2.0314895794155854,-1.2395225749301158,-1.12997722925264,-0.9748875177347186,-1.2150123955766625,-1.3689851913446252,-0.30310921337518876,0.45142999217231844,0.12123378455453145,0.5824056408492733,-0.016263427374332617
-7.2965374048448846,-7.893389215930853,-5.811534428050381,-5.972188085101157,-5.539089036328236,-5.4779409282921,-4.104812202233409,-4.463782773021152,-4.27651151409511,-3.79155547902271,-2.9264230505159583,1.3133261783408348,2.5751692065265672,1.511106065769174,0.9648838384262641,-0.6818752799911857,-1.1097708972062756,-0.398486718586223,-2.9174738214047604,0.42187668023808605,-0.7362263513004793,-0.9467885576078675,-2.2456259144601396,-0.8137743374921202,-1.2543328135125775,-0.6843297910782883,-0.7443796592332085,-1.4851230958901969,-1.3990033772375872,-2.5225561930949496,-0.1221514121370348,0.35084970207613847,0.5817588889507785,-0.2724694785470191
-7.417058035064564,-5.022963831410637,-5.983642224863301,-5.571805582000107,-4.861254505115467,-5.840121003084687,-4.072753075005999,-4.788207369062239,-5.8139109954291195,-1.2746446602801653,-1.0537176150072045,3.0234140011186112,3.245425857471747,2.2104047095279435,0.5669638427312841,-0.13939735035378578,-1.3106975546460198,1.9007156592031613,0.6802328933939746,-3.878443168705273,-2.8276557147945605,-3.8984423981038456,-1.3568565571180224,-1.853876929707216,-0.9128605821254694,-0.245432536224616,-1.1966464363868416,-1.2384996137951376,-1.6183089920919227,-1.0879518950579279,-1.120676866140049,0.9185980443950974,0.7001987761815504,-0.28655254409716097
-4.4784741278180755,-5.337635096165851,-5.697169229862002,-2.2769222042749244,-2.033456831377953,-2.5158120272399174,-2.9741898632495816,-3.7652925020243573,-0.13686520920449396,-1.1370691006494227,2.799346180380323,4.045478791879614,3.8813114785692506,2.0226392605584316,0.5167151147085016,0.4362854733769262,1.3068150760046322,0.45408907619770644,-1.4851931796012052,-2.8479250191347885,-1.5038652455521746,-1.8992442355871035,0.4900651448871442,-0.7244617567085759,-1.026582934362607,-1.5767746689812125,-0.8752988120451367,-1.3891027894923098,-1.2246788859189701,-1.0907280313026637,-0.0438339223210358,-0.16277908967650953,0.6910416147730121,-0.2934081969570887
-3.5755102503744864,-3.7273463273572403,-3.0046609458517297,-2.867951969510897,-3.327780712017809,-3.0011034582351472,0.924056322652815,1.922028879664084,3.2000405427703504,2.918286721922384,3.3569829075445825,2.399801271914111,2.3727856753645624,0.6675701593523292,-0.32449522193729385,0.1128195800961714,-0.17343378072814816,0.2913368311193585,-1.3095192316549005,-2.538933164169688,-0.6087607643190102,-1.0486278758680325,-1.009401815857324,-0.5178721676207101,-0.7049381133175983,-0.34339069567606384,-1.0586950728077469,-0.5631768095924956,-0.634226889634932,-1.031942841601832,-0.2782773253900481,0.3392157680384731,0.7571976526391608,0.9992435858902002
-3.2085147095667383,-2.42297141986386,-1.865007287372875,-1.4518006153977383,-0.48924332155502454,1.1748864775739452,2.1296824696264802,2.7478392465211563,3.334034770555668,3.141844189306058,3.9382639477179975,0.24931374834618494,1.1571808793049854,0.03402745835791282,-0.10086467400305381,-0.06985067567867718,-0.5702048239380045,-1.5158704195431445,-3.7043658942558677,-0.24544825210832105,-2.2515553150546013,-0.8085287868639174,-0.9885658793533464,-1.0916459129652756,-0.9465019712070587,-0.20014333847059687,-0.38513854508983325,-0.9834555722404149,0.23375983518595264,-0.02101210929480383,-0.057771812673047505,-0.34261277350366054,-0.5083577441009548,2.356330012245991
-1.744247738928378,-1.8012265065654418,-1.0992237354630845,-0.7312581888007218,-0.23799340494915258,1.0512320539232307,2.46092366259365,0.7387153724218823,1.1180587981084105,0.24072365518143704,1.095171817667401,0.452012706701688,0.42171628817253687,-1.8925717931462145,-1.2493779383149886,-0.6040473208037294,-4.474833649686497,-3.605551430063938,-4.063301193724508,-5.383931475335911,-5.332428050973994,-4.903815014174593,-3.110041071874634,-1.6460379619777776,-0.9098561795821803,-0.9286528004464749,-0.9629143434947622,-0.9017423063401279,0.2879350619405269,0.2554411082883297,-0.7237696135773718,-1.4605541509556712,-3.370713153963205,1.5495624658297793
-1.3397408358630218,-1.1500279793159325,-0.980685305582227,-0.5534342108439876,0.16909432906409144,0.6801269884069064,1.2102953613730907,1.6181077981048737,-0.43963099589776744,2.0454380057167154,1.5133028040484109,0.06350564399235475,-2.9045682594706186,-0.3978351494035026,-1.8087152824736925,-3.1346626400605317,-3.4701932401806195,-5.638184862808813,-7.429274013093646,-3.5988827201134743,-3.6180402231015223,-1.1062498682446917,-1.0219410944403886,-0.6424013899793095,-0.7531549515447843,-1.3935050651146548,-0.7689638539043755,-1.1637052910926162,0.3787032883595052,-0.516843892804357,-0.30275523056167836,-1.8865703390495812,-0.6917334485869524,-0.1968940475479564
-0.5586372945140993,-0.2005458934281541,-0.2137688528006433,-0.1255707240367478,0.980660838747983,1.6743339043580023,1.3994899450318097,0.9877755046639705,3.360781315477421,-0.8155855964469002,-1.5039490305308885,-2.275878319148831,0.02180593456626366,-4.524367144909409,-2.7416408281569336,-3.8122730485363125,-2.542037599901464,-2.5324926603795594,-6.010859394111792,-1.7951842861986023,-3.479976712810911,-1.5128012811561589,-1.8815109884593224,-1.5727251770533557,-1.8084468536323595,-0.6287789330492342,0.07948723989976969,-0.22979818870095675,-0.6094308878146403,0.0664393036690204,1.2210624275659294,0.6304972902408296,0.5300167878138473,-2.500869776140121
-0.29431183346268863,-0.19312963387725485,0.2094965948033293,0.6308975417259778,1.7895594383437157,1.9215173736811832,3.0182577507546653,-0.5789537858050994,2.4628017216086198,2.6158284521981625,0.8352572451204535,-2.5816112843215353,-1.917812138709945,1.851316650127228,-3.412144324597935,-0.5960998238767645,-2.8536857170950993,-5.531827969814499,-4.470845437504026,-3.7789799180241426,-3.546168993268757,-2.715937873466262,-1.866199102378118,-1.6877228917075955,-1.1300446697482014,-1.1275769012374433,-1.0978541417454357,-2.0264180833993395,-1.5684598094304352,0.4925607686798777,-0.12706678690544018,-1.0592364638530125,-1.867552133354124,-0.859401785012792
-1.142928947872637,-0.9018622822237214,-0.04421918895700771,1.333397047458135,1.9515931891035128,-0.006050344237395359,1.3279517829785448,1.3333915676634438,0.9723127118992586,0.38882494257542616,-1.5018957438245233,-1.2769375630655582,-2.9735197464674683,-0.20753897459896148,-3.6540172092076246,-3.097001227419227,-2.8416463004706234,-2.749048006716781,-3.143704000188727,-1.7705103164946066,-2.301125859614106,-2.8885795480113963,-2.0910310989821106,-1.7924041218312012,-1.4328368449470152,-1.1583670828165944,-0.08357179609108978,-1.451704242625817,-0.1288007525354327,-0.34018965766940845,-0.7974950417395765,-1.3153837951979919,-0.5615988330294834,-0.7736883021805827
-0.7415914808768739,-0.8436585763190759,-0.41679990290054253,1.7575754921473332,2.041110359242821,4.287379800230663,3.9145593711716375,0.4371841795516425,-0.4007527509557581,3.2628747050574294,1.8358645523356902,2.3112118134132973,-1.2301389277384263,-2.1827369406101065,-1.900062509708752,-1.8003709266147132,-3.8864060485719083,-0.7233571481434019,-3.0442905652962033,-2.5591788065934704,-2.5160761995482774,-3.3705803259546903,-1.8966272604306722,-2.0484176889286916,-2.338118381436942,-1.3770593736594057,-1.0666465703003105,0.443747291778435,-0.6745078287022609,0.8684727512047088,-0.4190926578813437,-1.2908591830803338,-1.7970783394400278,-1.014702726857835
-0.9310964983172477,-0.09171336801476938,0.18641936213354798,-0.38314267401549623,3.3410376138659834,0.400983987673156,0.8560760943425849,-0.07009013403954549,-3.29769110572228,1.495457345311403,0.27398888339052313,-7.364388037370629,-2.6040893161119194,-0.8277975933307002,-2.398046163244437,-2.236191605493234,-2.3982048824784328,-1.9651402119263435,-0.8501474983740114,-1.5946798162394706,-1.9849211559288589,-1.5398906764281013,-2.2658592797686694,-1.8124185610334118,-2.730043198446557,-1.6945631562982224,-0.7700401735795568,-0.2053991913983311,-0.17665586845117254,-3.6391223734388656,0.8241248545377592,-1.2884137991065803,1.4110869143404021,0.4203218466523731
-1.5428700447951278,-0.7526498296575922,-0.3736464353189382,-0.9498815196928875,1.214374237002352,1.123232567535992,-0.23600742127531105,0.9925306090698536,-1.2378156998935068,-0.06461279864631575,-1.5558265867770886,-2.151855329414917,0.8296331515784161,-0.1500097938533576,-0.8811009263268395,-0.7814731297985327,-3.048362389873565,-1.3344234913126327,-1.6819456633511,-1.3766276175403067,-1.6173659831903584,-2.0255976890264,-1.5274791467108815,-1.9186125881692435,-1.519763616884342,-1.6305581851938702,-0.5336762312435803,0.29265014032194975,0.23383815862109186,0.526904403584122,-0.8764256224745435,-0.9766188099124651,-0.6042042587757129,0.0946356617206526
-0.10055133377759341,-1.3601659113648776,-0.9187923609878085,-0.8304876824919422,0.16713546270970847,0.47441319182263414,0.00844853948499501,1.5260799150421347,0.9234863131057811,-1.379782308934811,-4.0043141591789695,-3.525203157660945,-0.9489990168497803,-1.9066367872413932,-1.2037571433837166,-1.353654292963873,-0.4119974268858872,-1.6693062361225233,-2.18516243679999,-0.7966316352411617,-0.8648793150419297,-1.7103760454486934,-1.7448409019052968,-1.3211642488109203,-0.33650871635618534,-0.20089477977228343,-0.8993419549729451,-0.041495853631653645,0.6144328103174252,1.5819955994783756,-0.36078151904875866,-2.413447014931619,0.5025643086592201,2.5640901062767627
-1.0646353629829726,-0.46669568321071436,-0.30162242259069333,0.14405700324127713,0.92342516673845,-0.7774125772309296,2.3203758459408754,2.1376189318469083,2.025649066501811,-1.1511662569179153,-1.9730348778934386,-1.8475495818847916,-0.467275797215838,-0.7048008510658754,-1.21380797631632,-0.48392868586782095,-1.6101368137820384,-0.5285660219529741,-0.6133948239369912,-1.086967320536793,-1.4023887732601523,-1.0612808520894004,-1.7209969621195473,-1.261914981580042,-0.09643664146515356,-0.5023915593305226,0.10513828329397915,-0.38725861905706555,0.2850771755983196,0.1891882115660951,-1.6780711356555387,-1.9647814872475078,0.6425173393286616,2.5037530175114036
-0.8869554790901609,-1.0673057985715657,-0.6695114890280943,0.509233296616041,0.6095619039327147,0.6443990970211891,1.77826754960913,1.159323299134678,-2.200216114802669,2.1335949144795037,-0.6395405009352099,-1.0428814151371695,-1.4546983986511446,-1.5593855622040869,-1.912369700142152,-0.6738500976701426,-1.2575894722874448,-1.0909857869546253,-0.7944713547264445,0.14267364928025114,-0.5556494675388434,-0.48929570546461076,0.11794154756620853,-0.12868540617051158,1.026142399927681,-0.35618975937876357,-1.1344796408385938,-0.8439797662101716,-0.014859037204127571,0.2667193962595068,0.38576220340464257,-3.941466523024336,2.4274498203767148,2.9639019203527264
-1.192844316534744,-0.772424971984021,-0.1657147324558309,0.04599671920245329,0.14262399989626895,-0.16142383734538787,1.224787827736686,1.2692499883939665,-1.6693843992543365,-1.3205260638723206,-1.563910050938511,-4.175775416457147,-2.321554636752438,-1.8480442092482112,-1.4559039477542552,-1.197668208957566,-1.8424916969664702,-0.9628374407195149,-0.461925256671911,-0.7573938124219756,-0.8636998094679796,-0.4839535492014559,-1.3485759945096254,-0.18258634986527555,0.6201667360557078,-1.140471443292178,-0.7652682137477405,0.0555597310780999,0.3994420876137808,1.066395396150024,0.8186580562615814,-1.615189041453803,2.9410560321849455,1.432231726610371
-1.0845041163039049,-1.508103780580208,-0.49971003604887143,-0.9276085844002383,-0.5825848945274276,-0.6330929835048114,-0.8250992046326405,0.8250883859023604,2.1413616368081,-0.4001513898380526,-1.4200407858392095,-2.031438208582388,-1.578003649551742,-0.8453997937136156,0.5560538749003697,-1.323699666379493,-0.6762658638101054,-1.8992928825018882,-0.9306691183722241,-1.129744035188612,-0.9473156338338156,-0.6997036490132523,-1.5765983645284054,0.29030406023356403,0.5151570780691215,0.3935867087523009,0.6713299255938706,0.8373762081617833,0.36128654117178394,0.2067805617915071,1.5279187394005627,1.381239065876811,2.0141478108493787,3.0663690105732107
-0.9354542434417844,-1.0758755486293785,-1.0443902845657644,-1.6959076584866122,-1.213478347787434,-0.5873974877391004,0.27641434001091064,-0.9160838283660134,-2.0059034496661137,-1.0286022513699702,-2.8633735659754245,-4.316995596830334,-2.034019726954336,-1.0672691353371977,-0.7269421877401158,-1.5081241291405236,-0.3091448307754547,-1.72989492307386,0.02324007736160582,-0.8589634247692822,-0.5334000398490435,-0.43945660229001704,-0.7606342090920083,-1.2799217847443163,0.6166668414057135,1.2055551929007353,0.4594593286300833,0.9686088855724189,0.5437465629821742,-0.16070474676906069,0.8476519495608311,1.8474332626252115,1.9104548447744525,2.751927596047899
-1.4133719075258004,-1.5568580907933123,-1.6056863713977894,-1.458288668421885,-1.7549890522981475,-0.9486397228155783,-1.2041495394933597,0.2721406231093851,-2.0558928938942964,-3.334171335635513,-1.4292299813794935,-2.3254185180989477,-1.9299469248428311,-1.0758682920991536,-1.0934800404239593,-1.8756878803487964,-1.0871445690872643,-0.624365193080897,-0.6312268266644381,-0.5868087746499098,-0.7528648983467137,-0.4222536310211616,0.28175074188696164,-0.10736458624792476,-0.4344994947545238,-0.2366002918694804,-2.0710060669221777,-5.021486117549125,-2.759588051380625,-0.7360632268591427,1.1954494658099206,1.1660771477250718,-2.481927983449251,0.8033320186829459
-1.3623607873338008,-2.3534448708907334,-2.4986795990898547,-2.226312898619502,-2.211112180131797,-1.7010602019246026,-0.6060385355224726,-3.053896816598784,-2.921025812380044,-2.403648177797548,-0.6017502377315482,-1.2837491815451738,-1.5838087148258544,-0.34348205030347995,-0.06761341545585471,-2.040296390008762,-0.9308567468498524,-0.8711436202524647,-1.3038290117859694,-1.1784546693322988,-1.2196743664397423,-1.336263381932602,-0.10172364560549188,0.6170335010177749,0.3345994052091318,1.0491711709745593,4.5137180712653535,1.3890455929233902,1.019395442444692,1.7106582908178543,1.1537034534781725,0.552647030474311,0.5308903418633439,2.2353451012691496
