script/wind250m.json
{"header": {"parameterCategory": 2, "parameterNumber": 2, "lo1": 6.000198445256149, "la1": 58.999992894266676, "dx": 0.5, "dy": 0.25, "nx": 22, "ny": 24, "refTime": "2024-02-22T03:00:00.000Z"}, "data":
[rows 0 to 23 of 24, columns 0 to 21 of 22]
5.108893836785122,6.657503402796203,8.029311976182186,1.7941542702867983,7.171390352031832,6.393870727336402,4.078613524081085,-0.42770441272727344,4.6953987658844945,5.216969083749959,4.005281838755421,2.222393866483796,2.8516395714515115,-0.7546180047176334,0.7650687283831981,5.117601283713592,8.210526239918304,5.917263789302225,8.1007686345386,3.2385391121550815,9.72276123705915,-2.189827086941559
4.417249592826178,3.6036466038374053,3.6520146868076453,-2.7225007418872464,6.843760009452478,2.030406565963363,8.478312576334185,1.5083313531274956,9.369906124581833,-0.29781427715338005,2.191770793679351,6.607744311981918,4.011032426360314,6.646578540784047,-1.0098195362968518,4.843653749760721,1.4485940666365278,4.357707870413926,4.128576994226911,5.131057136139084,7.731886470001549,2.4976783493853856
11.935450974940496,4.0114829092119395,-2.1001133911278744,1.8825175726206125,5.244084736762461,-1.148907700009072,-1.7160370195528705,1.0807177525916558,8.342379620990931,8.228379019021958,11.289602328552265,3.322445043504473,3.083580670236359,4.76541143524167,4.999724589078871,2.709263627462396,6.177655362505919,5.072271855771492,5.06134130499413,5.899501424545749,0.5525241755138941,3.71121924346898
7.692591086540871,1.6881226449971853,-0.1164991473788398,1.548904218974793,12.555899887872236,3.5838250572365458,2.1930266576408126,7.514666534629382,8.960540517417096,7.727170813148321,1.9418686387305673,3.9903692573934855,3.088641348386305,2.121225764884878,2.1955185308626777,10.284884135495636,-2.2052294459858772,4.3934303461860225,9.723855418535733,5.079221207721622,2.4443847574660116,0.5634689476120845
2.7936114309228777,3.506011649242139,1.8977549947940788,5.089826124154495,-1.7911203619408096,-2.068510180913232,6.812393085264771,1.4394893719819053,7.4168744005975284,3.9343150934103037,5.246510790878582,1.111363587096466,3.6134688430024613,1.3167411837216922,4.082388577259231,7.2555262772057025,8.787182632689468,6.290704679562045,7.276605264443028,9.03706401219386,6.172889896984749,2.2051026292357623
3.6286606827367125,3.8600099896624,2.9692989182251206,4.380682265435983,4.469262054594378,4.3165097542316815,0.9007999146530852,2.3327562243848834,-1.6559014477621548,9.810844470214082,5.635837092988566,4.147758675866697,6.197478690133534,-1.4571643007560633,-1.1929953316916764,-0.23180458687049227,1.487723290723728,3.4208846022655193,8.305703925901685,-0.34474623738885285,4.181974974110092,3.3335367604699484
3.1062854537006137,4.310734660107282,4.413272512067003,0.6140146307663352,4.0524544384806065,-1.0957213095262253,5.397002340595133,4.202631552822403,4.26645255615575,1.5525585123132108,1.0874574421081842,-1.35897335100553,5.195716418664863,3.5858104233775236,4.625607807699479,7.147667281623113,1.5711838406542267,3.898339383770411,8.894167640806767,4.1172285517534535,3.9669440393444426,5.30700011406841
8.37218481208002,0.45740522510642584,1.2528334466510664,4.762977583485217,4.096295876328781,8.921654653297509,3.877656406332927,1.9621077375616844,6.641494204133904,1.9042478771650848,3.526925417797725,5.011105891852741,7.371370030319135,3.5681117036742966,6.2188075725629055,4.494275599848326,4.890646923375322,4.361253197776852,1.3671553447042948,-0.31956842722435014,-0.08786771418854528,6.652933692897338
5.42340351043366,7.131967162939987,5.402267710012139,2.519355975186957,2.1658348553607247,5.969889846900823,6.4111564186994965,4.331496708617475,5.809823151653249,6.301572533958488,3.8989082955328422,6.537287302266868,8.227628099537514,10.079100504074534,1.7595516744269342,4.042923049500324,5.451098938172891,8.362292122991265,4.355887289844752,4.698651645659683,5.175600485977331,7.74860045514508
0.21891835386553016,4.550891875493662,1.7606731586619255,5.940616274134299,1.2244533673671514,1.7497273314634305,2.6670970040633124,1.5895851738118085,-0.5329796523897626,-0.7512464098768634,-1.200277824145383,5.12800809350182,5.487662216017373,-0.16629980295879074,5.589667916101559,8.342382497944264,7.774002261108558,6.899952389073589,-0.6998212899096593,-0.22166565832365764,1.6831088876604186,6.84434183309382
6.313403564967125,3.978497258361414,4.981503885635466,4.757155385665161,-0.6771415714550224,2.0862111859671857,-1.520933611845571,-1.4707116794763018,2.785850352073224,1.25104524665073,5.049025573976354,2.0702391367633197,2.33274850554313,6.461218608857889,3.3358859623406896,3.6033461399704985,4.6362673055334795,-0.6680402909155058,2.5497722605355566,4.275530614356058,3.078309524797682,8.503159696429114
3.0674816614197926,3.487208854533191,1.6632226275032893,2.848636387215198,0.5199117918503259,5.590866711761968,4.928414151568145,-1.1516557909154983,5.589692352711786,3.6796214248536208,5.139464546014294,-1.9204703030193975,-2.510829376149623,3.325647533186881,4.466435823764562,-1.3263563835218548,5.219956327255242,4.378318698221516,4.510965922843943,6.786444863621591,3.5013839206018043,0.042742065106418814
0.3405925853970808,-0.3765734563997339,6.892744721307854,6.384965123679803,-1.3261753667514087,0.5137346537659443,4.659306505710964,3.9396894799279916,9.400356458721339,5.146868392679513,4.887598061066098,8.954434401701462,4.014576459231523,10.063576677470286,12.527942879945519,3.651132985567823,6.095740455175926,4.564603994952097,10.201584129630023,6.431047956090555,-1.131554357956677,2.920302896792806
10.885373058392352,1.1862591175403638,3.664634286643547,-0.5131861970468743,8.569529003776614,1.9663994206366322,5.53116179498592,4.857486507390157,2.6227221674607524,5.347133230757015,3.7848109543041013,2.0229058070971333,4.630124267610713,4.577652685418605,3.6371873526001104,0.6278037723341994,2.8323525130424874,-0.841690602181002,5.077463931311485,9.593882438306773,4.819285134275436,-1.3896475451220425
-1.2219243408593992,-1.400347365304948,5.2759388383389005,1.6577617439675862,-1.4410023628838997,3.153778330349437,3.012595940878369,4.182249905692024,3.657541735149378,0.06939272686989766,5.541114218701543,3.8316741477713476,5.8766821663929685,6.175936357078577,-0.4476175233281229,-0.6701651511987166,7.9666159403850525,1.6185747811107727,-1.4483461204979162,5.825131568422155,4.688110709915379,-2.1231862603169747
7.989441002395062,5.3083860322439955,4.099015147506732,6.849279854829559,7.307096391384838,-1.1015764567854138,3.3915251259925125,4.956166653999898,0.9143900070492335,-0.012955136297720429,5.4111353534257445,4.077959631029479,-1.2317119955032663,6.4537282679255,1.1203793379094036,0.6653311554000475,-2.202415750274548,5.764023262929487,-1.9014356450486833,6.711760107371719,6.602537311575045,3.738788708895492
4.378310742811633,4.982100835471665,2.809417561369789,5.784901628186058,-2.351861107719277,6.32502275446296,8.128857798385305,7.460187504296787,5.531022417234112,0.9764078703829295,2.695289101359829,4.8359880092925955,6.775766086353719,-1.8623325466659522,-1.4647969998574712,10.060422847572074,0.3992739106803489,2.8898085776448252,1.053651661304807,1.829214411063132,9.851292061880166,1.012631089024466
5.102646272158205,0.9903718879004617,5.091073440375022,3.870965490283199,1.7502991511226715,3.585112561633387,2.7337993267813445,5.2088183465282905,0.3112836507254473,6.414377898799476,3.2547546899651225,1.3911577792290462,6.918431837613704,6.628562372651974,3.8931538017590257,9.32411222960102,5.424536269368382,2.3608570707913805,2.892985572942031,10.215478386630195,7.331688159343871,8.553919714142546
-0.7289023755466317,10.161995070075134,-0.4940386409715376,7.191092626569754,9.796070816196119,8.971554697094001,5.574499563926928,-1.2095030491271639,12.225286901113575,5.514086222140148,9.058995976675309,2.356181946921947,3.2876861271902134,3.30171192152113,5.5096007849655,8.943330276106723,5.357172935955724,3.614298586003415,-0.9164365527220114,-0.7107010942204384,4.436104566965949,4.3614625109161755
6.4168397197446225,6.3609299501325705,3.0047659544474508,8.963745408095336,4.065110511543693,10.02155338015458,3.1413066002612386,7.805710314001085,1.412703099660652,0.5368678937320522,3.1630475477692683,4.372607554364266,0.8472340101607524,2.468295527305127,0.328335999686418,7.945953054068071,3.021695745460671,5.462414031918899,0.1680131123419816,5.530926654299876,5.010990898491574,4.784060495070115
4.254860117444501,2.8242100045216953,4.134968047841597,1.3531793796452747,-1.4706058034601743,9.709576241944694,4.442669640759745,4.631399826823149,3.4969466624242855,7.38668508142174,1.7589317273514142,3.249450813074252,7.015576704426357,0.7398794520983994,3.4634178214955913,4.578539113498305,4.816651172482326,-0.9135362166057417,10.17357976539455,4.098966746587741,-1.3557627731437776,3.6497041649218738
6.378762045949386,-0.7357757744554071,8.75824039617112,-1.5243103492594448,6.656565154672426,2.0099170568940874,3.02815014685263,2.72535110882932,-0.08556166089050617,3.503198673087563,4.006281011685252,7.559767329295072,4.722097602987442,2.9093731813282897,5.393915130312436,4.718564192576857,3.1674871558757753,3.9742618524944415,4.874185423576924,5.029266415201825,7.720916717877916,2.931666443608337
2.659178853263663,-0.28997309143383476,2.9180305383210206,-2.218741562374792,5.334447411989586,11.400324799085341,2.16762455407494,1.4164405286317865,0.443589314937633,10.10767644980017,-0.953374455864909,4.742280963057447,4.217033483585528,-0.684722193053624,6.632994918976651,7.9235895364602165,4.643709527188006,3.300022808134618,7.8810949765834435,5.0015683731555205,0.4336423971581884,4.90691254926344
9.298793032806627,5.098814596401633,0.5477054088276094,1.56556495507219,12.08698633764947,12.566539039960391,0.7139223167898597,11.17181315450236,3.7427904919796076,1.7727731481261402,-1.229640204605341,1.4094397720329634,-1.8428462353733668,0.6147322247843638,2.5995611975409685,2.599373399898423,0.9451295158558848,2.13136957916335,8.101276301252534,0.1017499889036329,5.946715612375456,6.665634541115183
