script/wind50m.json
{"header": {"parameterCategory": 2, "parameterNumber": 2, "lo1": 3.000054539987559, "la1": 64.9999836372058, "dx": 0.5, "dy": 0.25, "nx": 34, "ny": 52, "refTime": "2025-12-09T17:00:00.000Z"}, "data":
[rows 0 to 23 of 52, columns 0 to 33 of 34]
-4.449258095492049,-3.206415027303353,-2.6169368564246893,-1.7681778115670646,-1.0232315616185366,-0.298637354323983,0.41778181758062743,0.9899518600449086,1.4541698441969735,2.3074113715710527,2.048630534014851,3.449611430396381,3.127382041959383,4.108835956185092,4.155857584933067,5.1457657136914925,4.146934479716692,2.944352729482205,0.07713037941251119,1.5785672269934474,3.9205376252694455,3.3176321688928834,3.212052325371953,3.689616646998967,7.300028907067576,4.3128198046540955,1.496638078094667,3.474495030762527,3.717175890894733,3.212763105512646,2.29582076721131,0.26226216670532654,0.5476805388841444,1.8640686495613665
-4.982406324854435,-4.061964956987476,-3.2162417110480614,-2.495250129321965,-1.8070676310345346,-0.8310273203485607,0.011733919410744248,0.9868757977342252,2.0913696435151174,1.4054440896600988,2.570020374270647,2.436499207162445,3.2850332008888583,4.068426149617314,4.555534100520777,4.600715129927447,4.96302468765567,1.5570595722000418,2.5036473078529617,7.093159691637006,2.086420522604204,4.386262268130732,-0.21339849580167572,5.755140638268919,3.695916830737569,-0.2127765954868472,5.560938973830893,1.6339822110008742,1.1309804712115024,3.8050247353901834,3.389605664515617,0.9080236755276019,1.0232851453162248,1.9188105160662488
-5.605063995084523,-4.715778656985305,-4.051893495781302,-3.3353229209698276,-2.385095708267951,-1.506064994047279,-0.913980967606508,0.027371004922029346,0.8896539190309615,1.6928194626238575,1.6498797276339674,2.6555614764030198,2.226050172913729,3.1984705615321265,4.13113695024763,3.5171541369732897,5.162108283376434,1.1565620179332767,1.5055941351236055,2.0647222382555923,4.312592663167079,2.8862616678543613,4.417200215296395,3.8070777382950296,4.00070559745829,2.0125789002892285,1.7508951750957504,4.078941274032938,3.402558260029438,1.9605328397575572,2.7393605685843783,2.0233792255937013,1.7443045158433441,0.5842086286271773
-6.238280488822438,-5.246309193409443,-4.405686066408549,-3.632174190926809,-2.788912167632466,-2.0505082387112172,-1.4237798789844889,-0.6765399475521089,0.028169855655887092,0.5814646577435497,1.5665846359595204,2.5088888199037505,1.3875322706586877,2.4488984122671384,2.4128840574317683,4.089276506113907,1.4050719379372318,3.5714024209315616,3.7688006495864834,2.337539023201622,3.235422467644277,5.248135213657901,4.625940471126782,2.168512772905029,2.7607639042168666,4.7598867004282885,6.456029768134745,0.781046062406156,1.3355114811425424,2.267190702774661,1.9166273599060424,2.277678220794913,2.2381486209376122,0.6533501492941076
-6.533000605329279,-5.834444248491586,-4.980262795792371,-4.269649825435686,-3.556037067530168,-2.8072815380451424,-2.02614195093369,-1.5568984450879275,-0.6528998816010161,0.39216482513039363,1.1051443456916725,0.6846514805937488,2.8098314016209947,2.5814814498790883,0.12727287364070722,2.679574977209773,6.273276052742173,1.3428817496294942,2.375174664877116,7.41520601963269,4.165269557666867,6.836485647366671,-0.3802797619923182,4.170218838072457,2.435391191025785,2.886560640763945,3.349543479104751,1.8748844153609316,3.691203228240113,2.3070043630462096,1.749035249518515,1.8199818367190839,2.2936860463546798,1.043671930771339
-7.283636590821897,-6.746924425182734,-5.516283129617849,-4.582841934028142,-4.261432938402935,-3.8364484196101465,-3.2428332203148957,-2.380598302594871,-1.5024129723940751,-0.425755365030559,0.6799764278999858,1.451571024620945,3.183006564816439,3.518956558115361,0.87615599737199,4.588374597457722,2.9269359813288074,0.32621565332125296,4.176143200172172,2.249390054845445,-1.0776456675861406,3.5582426101402187,5.4747103047562575,4.1990204995114695,4.4201945154463935,3.497819938378032,4.707210954315828,3.968480661274207,3.591827649699233,2.646735517300119,1.775882669383115,0.23997760069517066,1.12661547360209,0.5832816680427487
-8.175546305368739,-7.347526937045288,-6.4392841958339275,-5.81129856409893,-4.994549499076738,-4.182820928322901,-3.6358886478798107,-2.9879023659178476,-2.1732874949811154,-1.2646022514483513,1.164881484623346,2.440340626232271,0.15796263520793863,1.74914534761092,-0.671211540086051,2.7611633745597515,-1.5279081996980657,1.4630054239758181,5.21818894539828,3.52268904302985,4.827221414116724,4.292763744609589,3.619572986633343,3.769037327675886,5.232721241325428,3.7696788935905743,5.011060764038447,1.360610543633683,2.2140088018082444,3.0719252107455204,2.477183878882774,1.3309589647399147,0.5654871174743189,1.1978319436876024
-8.71054021664981,-7.997192844389058,-7.099197501633638,-6.378280654041173,-5.571427535756032,-5.0582130621125305,-4.074698210844819,-3.2774233806612405,-2.237841913614357,-2.174596265885248,-1.2149279975318186,-1.950279857497774,0.48912779600405154,3.0342128659894607,-0.8994950224518143,2.3339684399283196,-0.7772550384669723,2.337581985656978,4.4416470396744945,2.91716784362966,3.7406269236007534,4.411692586161659,1.4264712755624587,2.9947424473087025,3.4209283421045047,3.9011607673117976,3.7270907721669007,5.3356265188726635,3.324806363275648,1.3094087840975182,3.016763462152822,0.8303037880209839,-0.3940361336533454,-0.10381496624641436
-8.78572440294171,-8.519993035240121,-7.522568142328051,-6.626197022844052,-5.789958315991956,-6.833852240260129,-4.657300158178874,-4.428789195473477,-3.787541510939297,-1.653251323656696,-2.709348756794355,-2.4034437676291214,-0.8669172768726839,-0.4682301713135265,2.0889805486994897,-0.08131534531404294,-0.06459131948108393,5.320240773982418,1.436331212742989,5.0454530029080065,7.415508110611094,4.452468962166564,1.1616653409619533,1.74328180018607,5.2843543583685335,4.185472601392334,3.599041827909822,4.460945870565527,3.556967674080483,3.129735443592323,1.8882735077964252,0.0749315547689351,-0.2756874662719994,0.5453445706769997
-9.540398238458316,-8.851401404754784,-8.549175924070706,-6.421165441734169,-5.323483022846345,-2.577728491413764,-3.1264934862327927,-3.312416406810511,-4.915824712487389,-2.6078529174404674,-1.5464032221033235,-0.9116106796730312,-0.18360124258995925,2.075811453825122,-4.2183200274688435,1.5471203828963314,1.629220175991082,0.29713184051197444,1.4849915580262774,2.9168474543962524,4.457440458955013,5.538888504198551,2.9343934202964994,3.7143153228448376,3.7445954045985186,4.949100661547198,5.473823715160438,4.98581702271952,3.721492065092929,1.4627831459023035,0.6117446561634856,-1.625660320508229,-0.36041018818716436,0.13018895813128953
-7.863426752479124,-3.544050266639251,-2.41349470029052,-3.3410334600873184,-3.286596429417404,-4.54515463239162,-4.865112559877372,-2.717780402083375,-3.206146345451782,1.386514341856017,-0.4569629719669879,-1.990033867655142,1.197047237777197,3.050418961274686,0.9196653931613117,-1.2921135177307512,0.05147500946432345,-1.0130940176735057,2.3389007474309373,1.0117872135438721,4.423643066683936,1.9467236832516612,4.927891214668827,2.2484768054754807,2.554252394312182,3.110250922696928,3.237553168959043,3.8504051564267736,3.1918353604401686,2.246466637123447,1.4843283339578668,-1.4790728653413951,0.2071655890169101,-0.15640577605696235
-4.735617410429743,-4.23999478640954,-3.7120009826905185,-4.301531736616572,-4.26484542953178,-4.124993307087969,-1.7678163911399272,-2.034690971888969,1.2199999438937672,-1.6663105285621385,-1.7923614482238535,-1.7814546932474322,-0.0047711603804224826,-0.30768387856807483,0.9920646294334081,0.789045302541743,-1.5546746355711336,0.8574314291075298,0.11816318123457371,1.8742010120356507,3.54146650789642,2.718587379686014,0.0626272207373043,3.9111694421777528,3.2303409120786117,2.5895512671669363,2.990131354339239,3.707169187402728,4.394470038050081,4.38462459592483,0.7581156891326211,0.23141235263055826,0.064689590121477,0.1720475524840017
-5.948466017551378,-4.912258325744338,-4.499982998383004,-5.735750659747028,-5.133399622886091,-3.032831454399893,2.073700567328206,-2.169936731946348,-2.591382725149937,-3.6518430517966434,-3.012716747129173,-2.0515327221348953,0.8408097746196979,1.8844938569828076,-0.3814929177798676,2.365025531823048,0.5566827776215925,0.14122893099772302,1.390168717542207,1.5615824894807229,0.2544979796250622,2.709675836409251,2.877591953005205,1.6261908388604909,4.059832573243241,2.705027970179981,0.5390267437079274,2.016192819502982,3.2192801254225363,3.225322521328998,1.1072032536782133,0.10624813362945318,0.6868397363256098,0.8237206604449242
-7.062860387514398,-5.942869765128331,-5.771661997977797,-5.739536364245739,-2.2480828736032303,-2.8902348739506363,-3.453562319012467,-1.3565415186371466,-6.684831969033262,-0.5531242737103328,-1.016516399410923,-0.49206519626586875,-1.8378257146092496,-0.1441448643301877,0.26227926375561467,0.4944388499277002,-0.652643899018031,-0.8745181369387681,-0.032858197532820994,1.3352243235239927,0.5979832718624261,1.5120557758312454,3.324763090644743,2.882858422614143,3.6880656524445876,3.248283596205878,4.747476838044065,4.060739443002046,3.7885494295308506,1.9115297841779573,2.9302995034405632,0.7091966411825629,1.2130634278417565,1.8051429205736549
-7.514795471431902,-6.478553769755333,-6.10963027698772,-6.084064106386745,-4.512870814145452,-6.754063005376553,-2.0145210895297576,-5.7050058506927845,-2.6972391237005584,-2.6502753132805634,-3.7173278400706398,-0.4131374282355527,-1.1475709061039616,-0.15342911690841723,-2.0140825622891327,1.6113437895963252,-0.12681270942617498,0.12412792567008261,-0.0929559888595579,-1.2548070873366641,1.4235340777147625,0.044677884838999246,0.06498655954584955,2.7082755911585132,2.437792110604891,2.061700506023096,2.0877614654684717,2.653022243559101,2.599796126107354,2.1079085887673923,2.3418050032346933,1.3620811346530746,1.349940399417743,3.199254540618585
-7.782936803631367,-7.376744947990648,-6.550021717018932,-6.535998461115991,-4.784289030321927,-4.880954053794858,-5.910428735750912,2.5292640157991046,-1.034696365290078,-3.237415242984712,-4.624494793291644,-1.3952583985970797,-1.7203748850444591,1.008166492799252,0.39427206137240495,0.7135462317165799,1.673964955132379,-0.2835011741083812,-0.5025588595106254,-0.022833219333186744,-0.46041957579652604,0.56574337841016,2.8790506755816767,0.8457962413753314,-0.1913208499474737,1.4423495978132497,3.870683534372092,4.1882306513688325,3.605399113817855,3.627030245831876,2.5884130542583863,2.6873908205642594,2.637717660364694,3.1143502106961196
-8.701326030080581,-8.278010712517498,-7.278775983670613,-5.729084587783014,-4.268291216034955,-3.8460154464941936,-5.783960046629363,-3.047682776361335,1.0462507481183185,-4.692072691930656,-4.205981888837972,0.7978972075682521,-1.1931719636233602,1.1483311332517827,1.0385058614449503,-0.47851658508767286,-1.028087002163256,-0.22976857700746783,0.05014391730998704,0.017837038442524652,0.10424973773287267,0.7947334927957295,-0.2968052528396766,0.947010279647936,-0.8579651397568961,1.3628221114048205,3.888185440203127,5.263960989098973,3.535506495030119,3.000861269433934,2.420793949902177,2.985062167824855,3.0935289920343205,2.553467942528106
-9.590477569677265,-8.700179195892025,-7.928120394027268,-6.701448211963402,-3.634462297095813,-1.269238526414876,-5.504640218984823,1.970809848247275,-3.370324195821463,-2.362665365373565,0.9592450088599008,-0.3064143838792558,-0.6928552965391654,1.6264455685419297,-0.8866950740059373,-1.4535304258888595,-0.9621843240733866,1.3734638577331115,1.0011656026820575,0.8007290041855165,-1.4045701401892317,2.0312373913377066,2.3686373431899255,1.2734759568672147,2.062876087930812,1.2534568027098074,2.646038375024728,3.6984632461295006,3.533868895501929,3.3594135880789944,2.5821652285198624,2.402856930194956,3.640561639924633,3.2564293326473104
-10.278422079633975,-9.760182079827537,-8.300515328586227,-7.003003200615374,-6.090360262443231,-3.423065933805909,-3.208670056512709,-1.7864230020194223,-9.120520695131745,-1.8590232961668263,1.5135929820817167,-0.7397154325557698,-1.7886301943216079,-0.29326411913902944,-0.5586277858732266,-0.14605640063949743,0.16108785578119983,-0.8653942186338924,-0.12458971062286023,-0.12181901312592569,1.9766855342822724,0.9939340804328292,3.364214557258779,4.3584085718010614,1.3935580895139144,2.528246745971542,2.2714414025400433,2.5890015691858212,3.7745299662678136,4.384015627298896,2.687024073523573,4.418705646695688,4.11380855597988,2.8813667341740588
-10.16432265338154,-9.402353893032515,-8.911401236447386,-8.23799009018203,-4.46964922549197,-4.38095638233765,1.5670743448584228,-1.2234909313363334,-3.4778107524443884,-1.6752736692771684,-2.464528338038603,-0.06965603948208784,-1.2212365896632693,2.5158981728778804,1.0103609754437382,0.48360539992699564,-0.12610817555231327,-0.6706828527120989,-0.5996966498049505,0.6821727836716848,-0.29465110498193736,1.3650601160993756,3.2496305671927783,3.3899031932955555,2.114548369127414,2.5245295222695114,3.025604843343694,2.3933847149609218,4.340820048446947,4.632252548439238,3.3613429154080126,1.9143359193413918,5.622630840689972,2.8483002911650166
-10.190446581359195,-9.52343776456704,-8.148014170405586,-7.893553040708507,-6.242478531688596,-5.0643194398016504,-3.509334223347883,1.377230420776593,-6.758942602096119,-1.1452245809111163,-1.655370693892545,0.3479386264723537,1.3177440960713245,0.07117682869407958,-0.3867850831795954,-0.0909446631658672,-0.3093401423401698,-0.7589976770220949,-0.688010513298033,-0.03502558636402474,3.410223956212891,1.4300805178285791,3.1203020560635957,1.159185552624898,2.007281245049884,3.9250347596733985,3.3914106741267918,3.951697216378865,3.7628608069712572,3.762571151826964,2.9628329096510413,3.031191642143682,4.680409085806549,5.525325549184207
-10.592068417238723,-10.042215101079261,-9.252277482593907,-8.279668272287289,-6.883363953049771,-3.1830884988640977,-7.339995514004565,-7.092032212520269,-6.268044948220697,-3.943023212497847,-0.40477530660258354,0.08654569308221932,-0.2897143967329125,-0.46361198096627965,-1.6030472744636226,-0.34231699241937075,-2.09456816886187,-0.9240012020577714,-0.1014045544682216,-0.660032059390668,1.251799541614261,-0.1606218588400138,1.6610373618239571,1.3558936386190512,1.9073598591427876,3.2082278549997967,3.704712066324036,3.3761824814759307,3.1133347463115237,2.7660108087156416,2.5032499401106207,3.502329980576354,3.1104375761616065,5.017720655893233
-12.497864983248954,-11.682914025981992,-10.719542021426061,-9.163749936681585,-6.328196335311942,-6.227699192326598,-8.311808983311685,-2.9386090404384446,-5.576300554133784,-7.58755285950882,-2.7043064189591375,-3.3828748973109724,1.342866748199007,-0.7924969185554116,-0.06103110749901282,-2.9289792504515684,-3.8542059441948235,-2.02935569656308,-0.46376350023285673,-0.45446724160178664,0.09173290890624941,-0.21940233480325247,0.2621809793397932,1.3623772102046832,3.011328011236458,3.36583134441363,3.7067167132083974,4.753171270740517,3.1634184594506074,3.0174394118812513,2.145923348849313,3.0434116645446996,4.1465592215436775,5.57326961718294
-13.30837464573759,-12.416124836293712,-12.19637633147821,-10.917895446136052,-7.810968315030323,-6.736938341954998,-4.838550188019325,-11.409712346482328,-5.775827847223735,-4.928661696779515,0.921612196196458,-1.8162368632601333,-0.9494490131215736,0.22402142625499527,-2.5388457910782574,-2.120730372200155,-2.2186597071474865,-3.467039483854114,-1.2835107005793456,-0.2283029913811075,0.22894356198030155,-0.012396359704321739,0.1481089121797764,2.0806218008377675,2.887900613484197,3.156963250103263,5.013014022865588,3.245205282345025,2.8492109584343606,2.9412494004343346,3.0489509039299842,3.0775310472546553,3.5003641876989975,5.273230615497563
