script/wind100m.json
{"header": {"parameterCategory": 2, "parameterNumber": 3, "lo1": 6.000198445256149, "la1": 58.999992894266676, "dx": 0.5, "dy": 0.25, "nx": 22, "ny": 24, "refTime": "2024-02-09T07:00:00.000Z"}, "data":
[rows 0 to 23 of 24, columns 0 to 21 of 22]
-2.4528473087751106,-2.363324118964871,2.8247773007976402,5.4461315238655965,5.0918704357735045,2.262832622258321,0.19365379758755072,-6.614827852832519,2.918186063465463,-0.5873284804930328,-1.0040006106269428,0.9297905469273697,-3.5773797643432683,-0.0041468877548433624,-4.13132635284375,-3.28711656492453,-3.8230680339411562,-3.9269152279013126,2.020674607566164,1.2651355535921651,2.7714508130559175,3.246547813893842
-3.950995564293295,1.5978649050505538,-5.042021842279125,2.661326505201165,4.521880170631934,5.771760733916976,4.053654152781226,4.384359760752504,0.5049536994377379,0.9543444956718061,4.117899355551844,0.913779651156656,-10.802509130074718,3.9267153260869168,-3.1962938832099934,2.3075415047453407,2.8935673567082003,0.9824961765223662,-1.1629863361596333,-3.994430322827934,0.5046515153806495,1.6718444983256957
-5.031420047481792,-0.4244697642861227,2.4512381001661563,1.4127241032706999,3.902420477972804,1.098682296781615,1.530102609151134,-3.878733852032582,0.600319271850758,2.6656480289664315,-0.44846423103280986,-12.794600117093292,2.1298290631127053,-1.0107143609189448,-4.7222368518086,-1.7872354858253559,3.25712108524092,-0.959904144614077,-2.434162640799483,-2.328503935885141,2.6852206041867968,1.6986724578107735
-2.674696583406008,-0.1851792974133237,3.147171712885172,1.5057811903919567,-3.367651103813203,-0.407845508988305,2.839729086283108,-0.1443599212425898,1.9179789368755504,0.5797993473335517,-4.877552218013302,3.6477398553800024,5.275308270492589,0.13178023340410158,3.4240835657760855,-2.4292913159546217,3.8889246010299767,-1.175776303566218,2.5139468738611668,3.2314382761504983,1.5506494388703618,1.6178078554947686
-1.3139202682294788,-4.501796561852014,-3.8362957303006775,-5.287083136689295,1.90748372733857,2.865660028234855,-2.221627816896637,1.511046809996776,4.109169445430798,3.265499903532688,3.2010313498430443,-2.4843409398913616,0.953743702558267,-3.281154061207076,-0.2549472541335012,1.6932612160446832,3.6315222639501563,2.4084397800021398,3.3135559847867837,-1.9969060334219557,1.2036091827805662,3.5486168727013583
-0.9585109713640394,3.4442682180271884,2.125256406761196,-0.46709567951929853,2.399151095203299,3.2403868132676554,0.9115586116641522,-9.175557721627388,-3.2854611314572026,2.46155039895081,1.118451032318746,-1.044934596599958,0.07857905219928164,3.529313995335837,1.4639809352650563,1.0782780503452707,-9.836637543018334,-6.362625945891262,-0.4071055375353978,2.4917389020438834,4.692683843200006,1.370520881733686
-6.716438032498277,-3.4114120493929128,1.2496227790421641,1.438123248244921,3.7005723849542647,-6.273937411645344,-0.10590679937150098,3.3790201087326492,2.754838641286649,1.1358722309945133,-5.849251636566903,2.4184508506822033,1.1842834869594006,2.529192005412483,2.7069225402359645,0.986560140926243,-3.870967849054326,3.336550131738543,1.8957354608320955,2.4430919962884725,-3.5573433988242256,3.529674308030617
-0.29420827495665974,-1.7583230901389002,2.992942456688251,1.19096832673226,3.2476444753932756,-2.6064069624637156,5.0568328179877655,1.1299356351902186,0.18474368371360694,-2.165728849240445,0.6098145947029224,5.112581546237034,4.086828140996202,-3.792738209894673,-0.6368344795731566,-2.194354985199565,0.8096695796237474,2.708639828210686,4.1712418238072715,-7.842152141249916,2.9641352563312613,1.6849193600406613
-0.941402902756177,-6.392234854472406,-2.4555229273795085,1.9755665786127663,-5.455562858413687,2.5824951036610013,0.8453755066762769,-1.842533121719524,3.897370817659899,-4.8573093931741145,0.8373738785094809,-4.223623723068151,2.9269074798350707,3.0022809066166682,-5.053367940159192,-1.5405953611235659,1.3704575617247008,2.750852737299405,1.308019056542811,2.6955095399365896,2.521930053334965,2.96928229606326
-4.863503648160888,5.463720280653731,4.759912996719781,0.6696816682700965,0.5672508593082817,1.1915715550596615,-3.0072804471635712,4.2140727343716256,-0.565678543147523,3.896203924782652,2.438530864576166,0.37961010778769305,-1.2018350007422984,3.516215289662989,1.5544543373261275,1.8994460535318947,2.341120325493004,-4.098705065198873,3.33352529592913,-1.9662947729455273,1.2267441639842733,3.0325167976500538
1.1862497766620015,3.519200893556405,2.8690964430233277,-3.78597091629729,-2.593173090760096,-0.580482850962444,6.114255047164635,-1.7688466346090612,2.1717124361506905,0.46437510706905966,-2.773076217160506,0.9686699932061502,-2.8053114108626356,0.15107512320185007,-3.497227140413103,2.183281740241607,1.4643797468977993,1.281713886309105,1.1812468941129333,1.700571452793747,-2.5089178750601824,1.611085400591877
-6.642260126217467,2.067424633816885,3.9719568156477147,3.5761756913080047,6.0494173571548835,0.27419480513865724,3.5738661277197816,3.868211971154182,0.12148604755740518,-2.364308658376317,-5.129390442261879,-3.039024844676109,3.349150538878684,-2.9920770305306292,-3.2186395957211507,-1.0507768467077523,1.313943904561174,2.9702476728179525,2.9403197803885974,-0.6150608935495431,-5.301943457526115,4.796103607458272
-10.247232408922166,3.4516076083786587,3.580175090077205,2.775267913411274,4.701711530775501,-3.2498132913879116,-0.9278554807648948,1.5393273592978458,-3.5179007579345716,-2.728121376597666,2.9978595080572985,0.42701385174055584,5.409043884838849,3.0967626993842443,-1.4303087495188853,2.6073671875741677,-0.7250620712190765,2.075827712679941,1.5023006750754153,2.1442023323520716,2.971159308756868,-0.6856627392376243
-2.24409368346611,-2.0758291871056986,-3.260281224262651,3.7136781913469767,1.139406764008702,3.8423359922015043,5.294284835742568,1.533873570714647,-2.1039923542023637,2.3866026783753154,-0.931201996739127,3.9538548531005233,0.19279385776219268,2.8974243366813077,-0.28182349647939653,1.1277515826551585,-3.8926813285033393,1.110909569503983,4.242549664487639,1.7325303966756798,5.967238896490392,3.187112201916647
-3.518159416290469,-3.5367657715088274,5.743371179364009,1.1266991292618318,-3.8795852718056887,-0.20881481408718078,1.3521433519515622,2.082320407441695,6.049650902163322,1.6413356816715905,-4.877952065824101,-2.5715067908926317,-1.8556012207981867,3.6100321109123303,-0.41409913731811365,3.2867239811578517,3.2157342328285026,-3.2408970122813288,-1.7346073013495802,-2.8401818787368174,-2.2559955084047583,2.288349524222875
-3.2300570739720085,1.0057884094030727,3.8834422739591083,-1.2207873708746688,2.3332562833599146,1.3581195776367636,-3.7888207128912583,-2.04298616956153,-1.2106009223223337,3.7802939974258396,3.213306756817198,1.3749152932363888,1.7875590556252852,-3.873401082195453,-1.4974963155152998,2.630830821027904,3.0568474836912896,0.6388217885038048,1.5429241102657039,0.6084134505035418,4.856510909501832,3.34966548168127
-5.733248917335618,3.93119074562559,5.759744664611776,-1.136240597162097,2.9509943106405023,3.91192401093542,3.151554862766783,3.6186370708489215,5.708934461701271,2.8215988694068495,-2.386231482538875,0.1282871027064337,5.234560354935533,4.524811754068501,-2.1995844803865894,-2.6168184297771035,1.7501988229794396,0.4370994444476581,4.027281483289363,0.945803000531318,-3.174368564701104,2.0202421581318886
-5.337874596578488,4.040592336570656,2.0046020031657252,3.9624377067810794,2.7068771042709687,-11.017789932655004,3.81540927244617,-2.15242169521991,-3.9599271982512856,-1.6937465512890548,2.9157143496177564,3.4238569762577575,2.357482098917779,1.7238257305399292,-0.32788776497525546,2.8343397455998454,1.7927464250950669,-2.9877430910517306,2.5113180136677173,-1.7044222067517598,2.855449199618786,2.0362995878082044
-2.423735239050659,3.958853652667799,-4.387655277868081,4.8222938308656245,-4.290575772557589,0.05296704828289826,2.224906835902797,3.7738335829201857,0.8284483499297386,3.6051751030413257,1.3685890254147957,1.4416458963736118,-1.5036954364295936,-3.529754513562947,2.731825713037268,-0.3817653301984181,-1.089392180349734,3.6221801019936333,-4.270416438211406,3.833021833606733,3.4435313774493177,1.3768651409811485
-7.42199446922576,2.3158279234851777,-12.641445190237954,5.1159858460611325,-0.7524349802733173,-1.6359180122841972,3.2486719476053243,3.514053827204263,0.15883437523691685,0.5010205483676708,0.4422355469408472,1.7159006013198717,-3.0552209237399013,-5.663516049735848,2.7086464186163672,-1.9626611805898282,1.377084506346049,1.0311939897125466,0.9922161592675912,3.4704735828498885,-0.3544999710710569,0.24954143878305712
-8.682743699086878,-5.464424589881482,-1.6482913789492735,3.106391706786958,-0.8351931800632677,-0.773774562012071,1.4029485961777624,-1.1347580247603117,4.186608842534057,0.6753131531884424,2.3663335489383055,1.560248216310092,2.6492469922282167,2.1060627052612144,3.6476426392468633,-1.573081765205739,-3.177157037642737,-0.9668982839124577,3.3253407873005982,-1.3688603351463082,5.887744946387881,1.2464976964552548
-3.0437397303756444,3.1526276029811977,0.033288689905977,1.5100410748581847,3.8351095073411496,-2.089793311688834,1.8161471620345748,4.886780887583021,-5.05950021151539,-2.95787093879969,3.8686863097410504,3.452009668051533,3.543627752357854,3.0455517177210334,-1.8347181400441894,2.7651615567618366,2.4753028524196834,-5.661259874383804,3.4819102359050325,-1.3579357867209585,1.1658945085812087,5.900340838372897
-9.025658425961234,-3.827221135557212,-2.688319031323031,-0.13834372773226694,0.9429972109177137,-2.26955722026829,3.7879280463348683,-0.6074069112668165,3.1852475615180538,1.6732782273316498,0.11993890412105124,0.8978180647978812,0.2614882277590542,3.129757858725766,1.9083094604338902,6.562426920977882,3.5070723611020505,0.9154080226055848,-3.6526049311495554,3.3584664156003416,-1.683791374714696,-2.8958271011560375
-6.935491901642965,2.616848044603171,2.4612307293120237,2.049794514813932,-5.912294109079071,-2.3844397479053288,-0.8261371206036765,1.2749338771148342,-2.5544934898210396,2.0792817864207485,-8.387477864790078,-1.0991467475055416,-1.4780182159382966,-3.113920088096731,4.202696106748011,3.5036202710046465,3.9406517142651922,0.05017467250839939,1.0641826854484517,0.6555939375327706,3.877444890832306,2.5198087431352767
