script/wind50m.json
{"header": {"parameterCategory": 2, "parameterNumber": 2, "lo1": 6.000198445256149, "la1": 58.999992894266676, "dx": 0.5, "dy": 0.25, "nx": 22, "ny": 24, "refTime": "2024-02-13T03:00:00.000Z"}, "data":
[rows 0 to 23 of 24, columns 0 to 21 of 22]
5.688896760901839,5.864310287129832,5.89321546951414,5.423880034745253,4.573742018591992,6.2308696723223935,8.785443118735722,9.750172777575218,7.879105775666218,6.004673502025576,4.233236372211396,3.3298635335832043,3.94513088646558,3.4828100930789527,2.471240037915515,3.1942281757935427,1.9693551764639716,0.02672714553028335,4.2643185569065825,-9.90389368860657,-5.640268045598897,-0.8679530456082647
5.829128088112764,4.649967401724345,5.957142080938342,4.580985878270778,4.309292994760802,9.153110560256378,4.401810429015762,4.818906692040703,7.8831030231087,5.67593040032716,8.38648701589428,4.977048220424083,3.521486122162856,3.248276679232191,2.462491086398232,2.4988598365796384,-2.146271753425235,5.24252772269715,0.7149365591810657,-2.166366507832297,-1.0216339886946029,-2.0186643212481004
7.753410011752512,7.82111159953667,6.186057889647845,3.4515976188823028,3.2159701810076826,10.519468783641159,7.282324262959596,10.21970359007276,7.819773760954984,8.657651492114512,5.786031161901654,3.275335052523904,6.932273237551293,1.0193279704645644,2.040841837411763,1.9765282608985217,-2.5607235820057923,0.18772902986559847,0.29960319204740565,-1.0511600869936761,-2.076623747812657,-1.289461257503679
7.472168080489849,7.343429286946393,6.8402661468028745,2.9393890892669496,11.38111871061061,11.687396887643438,7.694538025442387,7.716205938632764,8.80734157644518,9.281633069311646,8.000331698608987,7.50308600006415,6.743544187061554,3.8552517499474463,3.9413930025056967,2.2114534383986784,5.4457545713553195,0.18008979951380052,0.6108571250477115,-10.12066915172795,-14.263794416167277,-1.6859727135649762
6.1060005860860915,7.304610462664579,7.234982959973352,7.101998819544735,9.377529854190318,10.20746378014999,6.137199348330627,7.443488539952393,8.440906105075667,7.765460483654928,7.7096860987232,6.996827798419992,5.602424808294602,3.3491145507102305,3.3990588946349893,3.578708399189503,5.167106538556368,1.2496430488238226,-6.930262001900114,-2.427290532515171,-3.0403865444242633,-2.24785649225843
6.49099723421522,6.029735151682075,7.335943713010362,10.854810664138423,7.902771071550969,5.55848448590543,7.185826892505763,9.765122590136631,7.611437124219255,5.8646812902041034,6.887444668100209,4.220746105773275,3.5219107606603943,7.140957976643989,2.1906955879132415,3.868286979044943,0.6143459311374452,-1.7496764305525163,-7.162268415266351,-0.9602960474753375,-5.908846492243994,-2.995288125101994
5.978654720988094,8.21303890575418,6.659335434200499,8.212702180030254,4.610838521044831,10.371225699327294,10.802073837583144,6.1158315144567865,8.466468252141054,8.325942050958842,6.385387830869139,8.504372572413175,8.32332002635973,4.8596583090681715,1.876785851575666,3.869135548310334,1.3232944842682326,-3.8915526614938485,-2.017503521472749,-5.994377632731688,-0.04631177338104751,-0.7032175886390114
6.616068851562102,8.04343055896431,5.071048057019723,7.445872994262843,3.8317702595635414,9.202414814443788,5.61638461543935,7.3949105601504925,8.816707703052014,6.571206128939589,5.849395844974669,4.605261141366521,7.047841245017893,2.774366598233638,2.682074690038303,1.3132758671404767,0.139309483675952,3.647770620852038,-1.2114790798682153,-2.2118294489149597,-0.9964888412259799,-5.6240440798014655
6.576884513427797,8.370747644417326,5.527154005907294,6.621027782262868,9.69691815335752,8.345158807577791,7.221916701491989,10.01033465125284,8.489748787556573,7.119666959402635,8.436492142316336,4.637855385056468,4.815005371586642,3.8699423230648162,4.594554340101657,2.195782017539264,1.385546983790203,3.2930954696785775,-4.134898100664635,-0.6369674553187796,-13.788088807556408,-0.38985095834127226
7.947681031398951,4.133119427610257,4.34539709503203,5.065984986031684,11.69452854095688,9.222011605192725,10.551647764834588,7.759055848112776,10.080843657391332,5.664150005455606,8.544179836491836,3.829890110054,4.22155954916116,3.7937923160366944,3.3011944349916735,3.502150654091677,0.939717861536805,1.5089574136359503,2.390631217874291,-2.799217592309448,-1.9748387726889818,-7.649274192397493
5.87635499426728,5.938778312061407,5.052652100653807,4.245920339248595,8.867342915148608,10.535046991333534,4.262743510851362,10.531110770887388,8.489729565176965,9.15696037894266,5.435138800406677,8.055535265001199,3.6324916052231684,3.6667721644692994,3.548841963590843,3.040549482903893,2.2900807194006885,0.7996790145698349,-1.9815648092846077,-1.9304340676644938,-1.376084330603295,-1.513282095034854
6.549681408076828,5.3699545351441555,5.374105813878947,5.120977597437556,3.9254631480052056,8.607861510281808,7.15271633571712,5.990939373386956,10.06953719810896,5.33954702094785,6.974162587649284,4.494642926146024,7.666207619020154,3.3579447086879597,2.761895116666995,3.6499932309875542,-0.4025266279109929,1.302004094530253,1.0811560008995182,0.9059126234937971,-2.911980246568961,-3.1003618611246733
6.872006738095403,4.227660538870355,5.388728053556464,4.02230361706894,5.053353987547652,5.745974633525648,8.770584866166493,8.100079153875273,4.377596894344401,9.850751206464173,8.43002314795038,3.839529925636894,4.552696953391579,7.3852504555803,2.2143997010705987,1.869627737979574,-1.4965306035246009,-4.890778716065949,-4.711038570032934,-3.6759742458187166,-2.0264548906867543,-1.5290458964570717
5.827647190359709,4.539317846213545,4.5881504877879244,3.240864586149977,3.26985667451867,6.6108360126948575,5.126836524398153,8.539708535032803,9.935402552793713,7.60340100232545,5.787403569586976,8.221676763935328,4.473143123795819,6.963144441829373,2.516809360329167,3.6058156666054586,1.340096236636428,-3.387855991037774,-7.691285802429633,-10.07911512163574,-6.4201495397462045,-3.2974287510003792
6.16877644469394,5.872647268620901,4.974013700822612,10.191466551886652,11.064330024351666,12.01315564955029,6.982518841470962,7.557344572235175,4.2555889426472655,5.812607961991715,5.906537007184679,4.568007081279893,3.465800659369723,3.150342755158214,2.4615983425188803,3.2541222698537773,-2.1690358533049574,-4.379491872373194,-0.346584117040086,-3.263920347746319,-2.8858391200786135,-1.952450851204091
6.5184231175523175,6.355516997392746,4.897510765277473,6.658357239891305,8.223252071006874,8.786996485577982,7.547804579165074,9.667160599920066,9.800133329243252,8.107090184278075,7.2099880753869074,5.043919374096393,8.178318098474804,2.457999299063888,2.2251477428512136,3.0548111106656637,4.998394897072934,-0.07384796787205136,0.4835589118415955,-2.947876440166765,-3.0565685851448454,-3.9624414420600518
5.88431701510215,5.842038294079351,4.3393807204377115,7.820349940778977,4.163789124175747,4.727843394159993,9.374194559115642,7.640220377573674,5.63427275159677,5.528291006067191,4.572300454251935,3.845068461611225,4.739182043541252,4.885680543856612,2.4344747499714687,0.5324307436084788,-2.718617248087915,-0.25900368839222637,-2.960158832069595,-8.751634870830095,-2.062596479178339,-1.1330924722459814
5.19761915880117,5.792926538145912,4.114076281479236,5.505776110318045,4.215821125952559,11.6578992989962,7.919954219600298,9.818683188492361,9.555163128247017,9.423990913399866,8.686249079070627,8.188885351800835,3.6018694652863554,2.720589002624884,1.7633066023001913,1.1558680893119357,6.796376262400892,2.1910375771000714,-7.13697708521882,-0.9764004108266466,-2.143924115407541,-1.9373417882959707
6.692975713174752,4.494665249311969,6.707783153635958,4.6200696714264105,9.520744965308786,8.883594100977163,7.771710912068996,4.919334305873928,6.184884106227883,7.613662897703135,5.392193592773728,4.7254080133439365,4.1587918538746615,2.8046965770050845,6.7736367782649545,-0.42129802930895555,1.1627231247796543,-1.9632871567283707,-0.14349461699914776,-0.9208352557087021,-6.187591054811601,-2.6156371323339003
7.256120250181467,5.950233896099555,6.678100298529826,4.937777286028304,11.592822235484288,6.757229544136371,4.483455466637023,7.688197273367712,8.20631180904397,5.72040298016729,5.704918601152815,4.122964425098209,4.027613019442964,3.8525325760652267,6.516871168500356,3.4850416685648344,-0.3525112821768727,3.6031787669386994,0.23252238502845093,-10.007503341173832,-2.9290909960170923,-2.3106087344921797
5.165902060814685,5.89254596090962,6.796970094669266,3.1548954426946536,8.031444497938798,4.67532484237379,7.076859514498958,9.720993822293332,7.917508508710957,8.287072611853953,8.700010298256885,8.600460122759504,7.902829247023828,7.672580113216896,2.2062133609216446,1.2260954867497114,3.0666446613698346,1.0179415742300206,-4.369460124899768,-0.7227609293830581,-4.970068682763914,-1.5831643039355974
7.981865789155901,4.321068147757596,5.728801569893027,3.1359584977386272,6.361055561035358,11.591195728518183,8.337343028627185,8.22116122020794,9.652663926278496,5.674968685859089,4.307081900311152,6.145477181257104,4.909264571372096,7.1044733392317,2.1926441547348694,-1.5541216528636135,-0.6131664859150051,1.6129261374009567,-7.068677801083915,0.07359187440257292,-14.476636703216045,-4.215483692422448
5.136597668351019,3.7681833927910655,5.6929137126780605,7.477398672812173,3.452969056870845,10.897159893517165,9.737947490366134,9.491802536261604,3.9601124911548875,8.24557554472347,5.062654157524405,5.9861897582729275,3.4886125469185068,4.8468700757033085,2.455750293601894,2.926679877399616,0.19211182004638078,0.7164554836577852,-0.2695012973798976,-9.524253318576037,-2.943455476552225,-7.052418284383351
7.536706499336254,4.200506864737171,4.679318555194378,8.05917037175684,12.678455879089338,6.652927574660101,10.28224800946169,5.646585453214999,9.864068837342424,5.47917696740729,6.4271543535491364,4.616915116705761,4.128503490716162,4.97438013044685,2.6076609137677944,6.421625034041402,0.6113992175540125,-0.04744778206606969,0.42453408981856006,-1.8480147234752637,-8.364565615426084,-2.771525262986992
