script/wind10m.json
{"header": {"parameterCategory": 2, "parameterNumber": 2, "lo1": 6.000198445256149, "la1": 58.999992894266676, "dx": 0.5, "dy": 0.25, "nx": 22, "ny": 24, "refTime": "2024-04-20T11:00:00.000Z"}, "data":
[rows 0 to 23 of 24, columns 0 to 21 of 22]
2.271016375142407,2.7884637035026456,2.3786747010654015,-1.093466798178608,-0.887369822657731,-0.45664529620278116,-0.6196215747001198,-0.5744469840709336,-0.6824722650356596,-1.852841486445235,2.6119558383575394,0.21993082450376322,0.16697754298129874,-0.006693232863874748,2.5769184605761173,2.3874731900141577,4.388510580406338,0.7478518007872527,-0.5210910289496118,-0.8231274898067099,-0.13353149577335557,-0.41100299318939887
1.9234526714485074,3.0931397894772625,1.371832962136363,-0.11892931545802793,-1.116369820606635,-1.12415104329095,-0.6809432682605445,-3.6118987270688154,-3.3976300756854725,-0.7664286222121481,3.208829324612649,0.4320610624480683,-0.26842128546841015,-1.4759499358135133,2.2929612031255266,-0.6429153085867375,2.2361110077289594,3.247120833265561,0.786878490568182,0.05424447305050612,0.18963846087543,-0.46505448156082585
1.8472225252821663,2.3299975679399854,1.403083607883544,-0.5708862035628588,-1.135585846845348,-0.9526382246097573,-5.0043683768761476,-4.204002533433079,-3.159357943034977,-0.38377312769579786,1.3221053194702213,1.5110217426292867,0.9228269847343801,0.10134401047721119,1.1796794741428869,1.7926918216147136,2.3106456259489896,3.1036898137822155,3.1816946102755317,1.4465422372007433,0.23873597007995945,0.42613367874531377
6.061829741755262,3.4540723505588806,2.0149873254547184,0.47619386942723557,-0.08501776987157185,-0.6647908382315932,-4.137164952757935,-3.400422307684952,-1.8971719463353802,-0.7595903493817954,0.9777707160160731,2.466739705025019,2.1885032978036936,1.0160385707201063,2.1642169590841744,1.7950817183399266,1.0919664401511282,2.660605935666249,2.1973443939713047,2.4847892324986534,1.7951498734591802,0.7365251124542419
6.965092189960224,7.579249110952841,5.961028558423801,3.7805010986904075,5.931737079522774,3.3643214736373017,-1.6122867919475092,-1.6470267795417652,-0.6408889850571576,1.3012813528370668,2.219197210540661,2.8510875309855135,2.0919397407589075,0.4809483545213711,1.4283020474292178,1.9145636686453844,2.0532266310474063,1.9864351149039638,2.2135732601419362,1.7618162235719133,1.546137026123713,1.1033203371716722
6.204300313362447,7.754322490073631,8.481862243204414,8.467805133844426,7.528509164070237,6.710776095329729,0.17138723755197302,1.0528669369966845,1.8819598863824984,3.5047204250807478,3.8977194103925314,4.488103332742947,0.688798654233252,2.882328345698459,1.411385472322406,1.9144063965958635,1.7029688407845478,1.864264807766841,2.023813946120338,1.5820784194873152,0.8772229397620174,-0.03126763881326131
6.102867172266197,7.458618578706851,8.185834435521961,7.794788474221266,7.430126605324094,6.979381621135671,6.0711525982426995,3.273385863355542,3.349519037689803,3.6563652402554516,4.63460252995044,6.068949458889837,-0.4858445046750654,2.7969452308630287,1.974503362145223,1.9116410932252192,1.7926334859941901,1.7724059421985832,1.3379636229598582,1.4210569527474173,0.985615292648674,0.5422879874559238
6.383924663405386,7.680884811426165,8.005327230810568,7.26442271013639,6.8608216391591705,7.749334844811563,7.670373112107619,5.789529884311854,3.8489763086812885,3.633231015774082,4.001100325041562,4.698113075111142,4.097409737690464,2.6060526354600673,1.952683020572739,1.9546755662074977,1.9662280698288914,1.9229370729719408,1.2539770572107756,1.408719048003092,1.0265340319815648,-4.600924259750007
6.443279216992408,7.470355603985223,7.894825511276032,7.4280500636934885,8.323812416719441,4.858940254150934,6.651437701592399,5.042189731299682,3.9649144287209603,5.0593606875318455,5.422311360467838,4.020760140640785,3.654626149446784,3.6344060105167726,2.2842276882110895,1.7276052789458587,1.9281252129423636,2.127914276958754,1.7605468555440336,0.9328542047084576,0.8632441092124931,-4.036446112160811
6.505480132686598,6.90504295048329,7.495868394297687,8.295536986838668,9.380233389880198,6.243053174485566,4.410451459920812,4.1989056673107035,3.8368855738957466,3.486503262651338,4.220682734699544,3.76591524896169,3.4152164934104126,5.652788551874932,2.382905210772994,1.7708109098050415,1.8662940271927762,1.8543058634789358,1.5421671214781343,1.1107485536591861,0.9062569448631841,-2.293018852664161
5.573531187719084,5.850750964538275,6.303455473480954,8.009466048086665,8.226278480862659,4.615157208196598,4.188051464620097,3.6594419498425843,3.2204704277310503,3.745247138890325,3.2415088113889996,2.6994918775263494,3.5321061424862528,5.4915091317218065,4.591028334735885,1.7187657480967995,1.5689726544667606,1.8476245218759104,1.681674693425205,1.0473715601568894,0.7464924594265209,-0.5610497082680146
3.638577629906886,4.911163046056462,5.951723542927315,6.626234933513855,6.515705060697886,2.924435644732655,3.4992415903921605,2.894839658636199,2.6243365588935363,2.584844213849337,0.7233741177453468,2.1550112671465804,3.3067755737388107,4.43911461830989,2.7943669805393343,2.4084809681686488,1.6193676323803123,1.6271560081035634,1.088295753403773,1.1491110229953156,-3.353494978000227,-4.833576821566151
3.0017086930549857,3.624088191072169,3.889134734197651,4.019055766046268,4.381895987444049,3.288452571786235,2.5242116133361763,2.0005292948295534,2.4167496035857683,1.114362942258873,1.7344597431202693,1.7077159228414989,2.0630677430188613,2.245684509251654,2.575815210915587,1.3566688027387102,1.5441828688375818,2.8578438719597083,3.0128821186598165,1.7360478326898534,-4.167891317229894,-3.111694251724772
1.2056940900835909,1.1796740500359961,1.2723836931045256,3.500637484482627,3.2272881017427424,2.448345264492957,1.7260501737588823,1.4984001766704886,-0.17164695804559812,1.7701477110213324,1.278385469934134,1.5189150385928438,2.330992719074528,1.601577193651987,4.27820766729317,2.561655519238648,1.262538157390862,3.1007276043453365,4.214572331729698,4.491103624137603,-1.2804074403980201,-1.7169035374662878
-0.586386696567045,0.3173532546848423,1.2636083087432117,0.8113225336380184,1.8439231713541109,1.2417834227495204,1.3165196408261028,1.2063393241908844,0.7178199599496153,-0.4380104798188837,2.211722032168617,0.9671942146359408,1.2609378624429362,2.5559329724245523,2.978729504837891,2.3883710694434335,2.1774053348832343,2.2873345610948372,5.718019247367084,5.630206258610443,3.397394840172007,0.7107677974171523
-2.35254308327025,-1.2384544002268232,-1.6539473716517534,-0.8503598073296803,1.3955794487623325,2.7651775329128574,0.8612530278219901,-0.07201307819668552,0.26377708864195754,0.11717694724467431,1.8455772590852126,2.210877015145145,1.0893736588083567,-0.7266130888216663,4.233936629068926,4.634815682630755,5.611559699113234,0.5141870519741003,5.043833517178628,5.2063114479464705,3.880545033138568,0.8751821414998002
-3.2481221890817,-4.193584743403956,-2.6028316868223578,-1.5941460465526256,-0.3869839282524269,2.2159952066269253,0.13653400284247708,-1.7047091423776448,1.494023852844152,1.4495861421520713,-0.4106041126603475,3.472415314889121,0.7595458186426765,0.808143616601227,3.965005280193432,5.346446154185812,4.9710878947213955,2.1413749448049413,0.21538297367485815,3.7009011458900574,2.8480151979715562,1.3873610826426415
-3.193365926183374,-4.060617858160727,-4.001541759148778,-2.0482196411155695,-0.9397007494387931,1.2997779117342747,-0.1985632903520596,-0.8398056681427225,-3.049773853510176,0.4241898445976919,0.8140675509929208,0.1675177988624949,-0.5826271620906341,0.658417680377046,2.5955657814258655,2.4612258223332413,2.9279344833534457,2.1253357185881536,2.618748364218583,1.7457953977168037,1.6613145550447217,1.3660099040061457
-1.6275591633675515,-2.4409701131793407,-3.91603450815289,-2.143717251358372,-0.8638539210961903,0.8854788268465902,-0.22684551780414466,-0.7030632351404943,-3.077481332960089,-0.875069871688011,1.0240910533722438,0.21455244040763777,-1.1622554574365445,-0.14036109928137588,1.0692169597182275,0.8629568332394862,1.5350392506277302,1.3618244776756687,-1.028654734165932,0.43069303718368024,-0.020058908998560755,-0.1800812390034161
1.4024546073392756,-2.837660809456132,-2.0184342806451765,-2.282636824236636,-1.1497712300621938,0.3993393155086677,-0.22452104478347226,-0.9499308284253759,-1.1274403771843653,-0.983561423894527,-0.1366736486533146,-0.16260344440317911,-0.9086483399772342,0.5396370951921754,-0.06697459325646353,-1.5297655343827443,0.5029396604968499,0.16738536320128297,-1.0848774509569759,-1.2662421221493654,-0.7709969434734801,-0.22256922269357557
1.965280166590072,2.8469934992347605,-0.762334881023541,-1.705230608183176,-0.9899930098102838,0.47921037373612163,0.2687557477937285,-1.7036996950888401,-0.9804275868404759,-0.8082098232237913,-1.8394124620162733,0.12672728813651613,-0.31265415615272085,-0.041074261059595996,-0.0936385988582387,-0.5337255403874885,-0.2989925726140208,-1.0089093743801953,-0.5733315871651546,-0.45090036113652576,-0.15591435109315827,0.4814759820338991
2.933935135257002,3.0634617466499847,0.9300641849034463,-1.0568577665575398,-0.9765182925958618,0.8698109078703309,0.5261271704867608,-0.21887896878731541,-1.6476976070174485,-1.4658560573383626,-0.3598854088781932,-0.10365018962404367,0.340971533003499,0.23330387876139252,-0.29591355240995676,-0.4659048821032974,-1.336288222242566,-1.0836014222383157,-0.08659021037058928,0.10176027570414,0.637284779271882,0.7509910323443638
4.692597289639315,3.685414081217553,2.0511059763057258,1.1848421016186255,-0.5674006879330326,2.0210914231592385,0.8134553688891711,0.340265082186319,-0.9072858915780276,0.6369401075518824,-0.5415020731753459,0.04181407187962065,0.39360617540387016,0.08225700469305819,-0.6094410263777648,0.07047230314837244,-0.3588810032935563,0.018389496619246947,0.11668272463456647,0.22019117743100944,0.17448798198285692,0.2872428392466592
3.3985252908696246,2.9462958215959834,2.620457324984164,1.8430727947004237,0.5422540155203125,1.820453983248701,1.6422334668062024,1.5786722501382884,0.5323253622170343,-1.544365774993216,0.6553000162647968,0.9669330603151112,-0.10524266432742385,-0.03139487890874843,-1.032231867522038,0.29180876168965997,-0.8363508377946853,-0.4248714835740178,-0.3161577682614973,-0.11555923166265294,0.2106670484060608,0.19105769855479626
