script/wind150m.json
{"header": {"parameterCategory": 2, "parameterNumber": 3, "lo1": 3.000054539987559, "la1": 64.9999836372058, "dx": 0.5, "dy": 0.25, "nx": 34, "ny": 52, "refTime": "2026-06-14T18:00:00.000Z"}, "data":
[rows 24 to 47 of 52, columns 0 to 33 of 34]
-18.64542684003893,-19.083682143677922,-19.10224124702977,-18.25568362311772,-17.051698408619806,-11.558185865861061,-0.9060238619235087,-5.91855562906301,-8.065171182945473,-6.990683919981112,-6.004062302686574,-3.2139211041254896,-5.882981072320114,-1.4331469207304175,-1.0797678246153408,-12.057392379242366,-10.913542936168017,-10.42156509923844,-9.33111269681768,-7.017637362469975,-6.215108962569197,-12.345705471179231,-8.870042699452986,-5.255347422005074,-4.005591427280222,-3.6777825101264296,-1.675794910292712,-0.8192814756801596,0.5502404715117756,2.428236801931779,1.8098375882413749,3.1461085057392184,5.7186740536057385,4.467493020195373
-18.331515531193286,-18.23602817584533,-18.261732017120575,-17.608936123322835,-16.266307182385322,-13.722099947069593,-4.042889839513109,-6.374496949528384,-6.806946670598033,-6.594855306947322,-6.270264952925234,-4.352674424482465,0.4805484034330815,0.27942543756531524,0.8703066616803047,-5.215750954344795,-11.687087702993882,-9.867420378714293,-9.255668747917344,-7.877719931208505,-9.185771867354491,-12.268264117546424,-7.524146535385705,-5.175252643158654,-3.786038868194968,-4.513996696007259,-1.2514858191909715,-1.2569583243591205,1.2577933202485017,1.1813140398758633,1.2140655357411911,2.1214935708097733,4.223442380165747,3.0074282888572417
-17.70140128205245,-17.958297626406335,-17.686362485288395,-17.13718854392389,-15.912294658463146,-13.774532044070735,-7.278902610157815,-5.865442141638014,-5.695041611135586,-7.950903813041789,-5.927098480976314,-4.792988095098268,-0.5237322093395947,3.2547567417533334,0.5079203363478358,-4.400267022374803,-12.852840523030645,-8.746736015893497,-6.422403194956669,-3.6725532592679677,-9.949618623808277,-9.139879704640158,-4.9290310987871635,-5.418862350714755,-5.072363270077878,-2.960322563810965,-0.6456283445762082,-1.4601893730562738,0.7548990163714584,-0.11311077950851281,-0.6257152776257863,2.62506403276748,2.8284033272448967,1.8806066970630428
-17.688708066012182,-17.5510453664907,-17.15522038702257,-16.47307377284351,-15.48466316981615,-14.05787852141109,-12.596966368738952,-6.929149018896653,-6.106903084244921,-5.470499333681227,-3.76698694719523,-1.6121219488364056,-2.6461590851649968,2.1238889494597064,0.02567400312244381,-2.794991358072971,-9.471774507467284,-8.295589722051764,-4.028356486571635,-0.6322301483522665,-5.058733410154566,-5.137476800261285,-5.388153816048265,-6.342598874291541,-4.613828354697694,-1.726522453080768,-1.0566232629655627,-0.3226151494518612,0.3563957130159101,-0.6298680099753218,-1.8220537402734338,3.0377169463879263,1.9773945330592433,1.1634965913220008
-17.46727385504803,-17.198070555123923,-16.6527513238199,-15.777793799083788,-14.841268313248694,-13.456500091099109,-12.195987496510732,-10.819330925055635,-5.650307504280194,-4.950587698390952,-1.842050298483677,-1.3476337284345832,-2.533479250513358,2.0882159063714223,-1.027607110080612,0.35619755682837806,-8.354883385501106,-9.69204860470485,-5.093917039830587,-2.7018398108758825,-3.13808445860327,-5.3264190853868945,-7.082282875165433,-5.304627337777541,-4.315836005996645,-2.62891367792022,-1.6711298075902163,-0.22564065749531675,-1.5880216155053994,-3.1833950957220933,4.162412311836745,1.7671956296885127,0.8307103225305961,-1.105287749772689
-16.845835960648902,-16.71670032553796,-16.113450558836202,-15.279241321729085,-14.107436060184318,-12.919606337291874,-11.7054343135265,-10.268809055177332,-10.722367356712066,-7.720043995582977,-2.67042362649794,-5.851261139769881,1.0811224203833334,2.3195786698744887,-0.3830122741115284,0.019489906829903005,-5.741896303864614,-8.39624404298473,-5.632814132396885,-6.253701100234421,-6.4709446834097095,-6.815621759768159,-4.169377722407314,-5.843211013271192,-1.1431119697255139,-3.267178979172847,-1.0679766800428552,-0.38396171375439053,-2.4558291578467513,-0.6044138023879324,3.183577079966553,-0.7344477661738831,-1.186711875819917,-3.0645009152779963
-16.66427363590196,-16.58398987001113,-15.646954822980168,-14.534723725049862,-13.750775340113613,-12.529612706060846,-11.397439396136525,-9.964475826225875,-9.321141848049878,-8.370477878448025,-9.088770425227175,-8.873888122617238,-12.869281478563115,-7.475787102946945,-1.2275360550869634,-0.9946147725817809,-4.1495057226628145,-5.7223941366432864,-5.422259312005599,-8.130812387876043,-5.137919777077512,-4.7962078947682105,-4.42987224998314,-5.964873393726173,-3.6004001875974057,-3.636376315587142,-1.1273249806706045,-0.9556846153141078,-0.2291424390177973,2.9641466002064623,1.822765358492161,-1.4854364423516473,0.9487252458267416,-4.538517913742405
-15.986780514120705,-15.857090687168279,-15.246422105067483,-14.495571361843561,-13.4229143678871,-12.413688416626103,-11.26169083766576,-9.319949755610555,-8.930643255872576,-8.361336950045786,-6.082118827231135,-5.902430025140541,-3.023799196999586,-5.40957282517241,-3.6640770961530715,-4.307768028749968,-4.693482791071128,-6.21077541836795,-6.846044988025925,-5.832530259914343,-2.8631197775156823,-3.6350888828103365,-4.870297056572835,-4.233198895405719,-4.079829248240837,-1.4359555640056794,-1.2593312096321623,-1.4655608245068121,0.0906433525867833,0.9101959667087578,1.9150547838355088,-1.7363779338367094,0.2436270254106401,-4.676739945391529
-15.45551151137722,-15.231663724348374,-14.460685576288329,-13.914936460518398,-13.121195253529107,-12.040632949675999,-10.646279395620066,-9.226889617804824,-7.725948389646728,-6.064190911978837,-5.198269752468729,-2.105486545748336,-1.7731519236258528,0.24239619525250547,-5.808197583970793,-7.4075624161220075,-7.082196278323064,-7.650618420887504,-8.69654556734569,-5.413626148362156,-1.3676243771196985,-3.0958311815309143,-4.5756823248168015,-4.885206182837872,-2.286981217775903,-1.7648291173656288,-1.52165410929096,-2.6692467218743166,-2.1953505988208852,0.3833976871671407,-0.5779838737729799,-1.654810710905588,1.4960968183072072,-3.3107623315949732
-15.115738928010453,-14.492753588048162,-13.969978091964903,-13.284420994755584,-12.702551436940418,-11.54055225921763,-10.082104465470179,-8.53838653584225,-7.564212560487913,-6.22863989749678,-5.603886427654586,-3.576549346540711,-1.0289650272506718,-1.2129582546110595,-2.503440205877778,-5.205484760245285,-8.008283539973917,-8.748373930704476,-11.392904896820289,-9.417064895403707,-4.292080878141902,-4.433537597924637,-5.547329318174342,-5.260514685422025,-1.6048008013938326,-2.418502834958779,-1.2435739989099923,-1.4066969984732713,0.2677031669711962,0.7897103524309044,-1.0587919116967262,-3.6404495800412136,-2.5430863526734453,-1.479972242786727
-14.850072278775915,-14.19995496710034,-13.479342519647835,-12.640826122689573,-12.141409753985572,-11.054235924223676,-9.678560107114496,-8.33562098676418,-7.084808062932496,-6.228719258500648,-5.339442508874908,-2.5750537502748236,-1.6073601748118405,-2.6444820898641326,-3.950362617588663,-4.653889623577431,-7.965944493739581,-8.780346761232448,-9.844458343893258,-10.90856652684054,-7.4700285472903065,-4.492414375663823,-4.806610986072168,-3.3710972578628793,-3.826804325451236,-2.5236026218442316,-2.5196161913392388,2.8601104480650195,-0.21486320464824052,0.8961004922718602,-1.0900094493976464,-2.269405591464463,-1.7811497896627424,-1.3473954258330516
-14.428321442008539,-13.245881113802547,-12.669603267815486,-12.082269238115996,-11.328447406053394,-10.589430838147345,-9.374143655290592,-8.015218646410366,-6.807739233680188,-6.059520717873406,-5.255987255495442,-3.3855314578063678,-2.69118084958638,-3.038800806900847,-2.7006078749505016,-4.630028609922842,-4.9707345087787385,-8.821198465542382,-7.843246046953672,-9.491726451073491,-7.269907533875015,-4.919820738479386,-3.4862881263393963,-2.8347596985785604,-4.442261934325519,-3.4431120331311,-2.4716189469119354,-1.304742186267147,0.3310689444125958,-1.3885566146080486,-0.6432483463819525,-1.4786577917715575,-1.9523280886944179,-1.289184337026745
-13.665618272487036,-12.554878246759113,-12.20112257736395,-11.587186805145583,-10.809483327962518,-9.827820712291567,-9.030641246863839,-7.808351438528111,-6.748216278019839,-5.787248922956252,-5.193210440309241,-3.8359124611287125,-2.510925180933081,-2.7841273905779804,-3.4664306426096703,-4.471956494439168,-6.817206655318773,-6.808580437551072,-6.361080061729123,-6.9689558257580355,-8.463662023164629,-4.541178739966895,-3.4287054337803338,-3.893340755226519,-5.78734897269171,-1.8404476165845163,-4.2174385049660925,4.551619379983654,-0.8096505934870559,-0.81536489197006,-1.3888626506234147,-1.9520844164510913,-1.613207384390219,-2.3366446935878975
-12.693203404290191,-12.117234976538608,-11.652795576179459,-11.77072643656107,-10.119218618764426,-9.390488395862553,-9.098245890181202,-8.001601783538376,-6.571583543509572,-5.999686558380439,-5.3184570607241515,-3.9534363789004354,-2.999410422982853,-3.365310340582271,-3.7031481132745383,-5.489432195433708,-5.285183422908011,-5.4565199420104955,-6.688206770317059,-6.002668525428821,-7.107703946206577,-5.232155268292824,-4.889769236301249,-5.543618828474809,-6.0897186018690395,-8.030618563192466,-1.009646601432963,1.451475012575499,-0.6739638107325652,-1.5961959141869537,-2.5230984875648783,-4.100939633814064,-2.6997875549470653,-2.0522854300494866
-11.530094785372965,-12.052479976247408,-11.751443453111737,-11.72358790603765,-9.309838773574276,-9.498894573977154,-8.534443108563439,-7.512582901532908,-6.013076448238221,-5.985178069943244,-5.964619960310692,-4.022723991089516,-3.070084617488656,-3.2735065082517405,-3.833295267827074,-4.13928846942677,-5.2885958391134364,-6.236133754831792,-5.791448474925014,-8.452675165517176,-6.939205925550298,-6.8340499479738614,-6.134407673178386,-2.709057867016662,-4.741438005272198,-5.614461255598738,-0.65298834439772,-1.260856972262416,-2.49812365789952,-2.8449598239819704,-6.014666797119433,-6.580325758130983,0.5206907197735313,-0.6699913659459852
-10.988633424585673,-10.343045380924828,-10.421370684025879,-9.573765654402651,-9.500905954841455,-9.756981362795258,-8.237733303396642,-6.655479518611246,-6.175287892049015,-6.0624979720285355,-5.94778391537131,-5.698160048090227,-3.3726129359420898,-2.80282326834608,-3.5965881655738143,-3.6353126072760085,-5.632347801570908,-5.821898799999357,-6.37692797911756,-7.178039621952335,-8.965823942371891,-7.817141395276515,-6.760945640833602,-2.347940305030986,-2.586831869188923,-3.5823910891331083,-2.853346861044996,-3.429930903329691,-2.867894461026817,-4.74742475578096,-7.063216084876647,-8.501398882190593,1.56309448088134,0.12160113898314247
-10.216418025265915,-9.934682245718506,-9.477024718605792,-8.909413179831251,-9.296845458380824,-9.43519395374765,-7.006959463370724,-6.4257292113930715,-6.126706046503795,-5.671220045896259,-5.664772446580028,-5.642622234002329,-3.8406274464270584,-3.2118937843763136,-3.768370081507102,-4.067767736478529,-3.1849837438677864,-4.393477532394939,-4.759208189323244,-4.851911459892894,-10.153208763710342,-8.601716025377792,-7.680639391058848,-3.1555020368316304,-2.5900723038174887,-3.6141626708568544,-3.6379607197592003,-3.220220835871052,-2.5453007473578486,-3.0180167156054445,-5.179136549360861,-4.321361406679238,-0.07196327406297731,-0.10000004507396068
-9.999780745288627,-10.05188828206686,-9.061053336616638,-8.78226422283833,-8.407932022910277,-7.940403188368946,-6.916465241847911,-6.185043770947448,-6.025050648582087,-5.679533621105354,-5.509065062653211,-5.323611079032876,-4.143830990137849,-3.802062789886312,-3.4232203239954333,-3.8875534996924292,-4.429277779814044,-2.415662778343345,-2.972755838339056,-5.3114743333379435,-2.3037157424522934,-7.252493162482822,-7.242873600174515,-3.554669517470989,-6.3296099804100265,-4.839673124044608,-1.9217606223451071,-3.747050910283852,-4.133202339326321,-4.248611161753077,-3.2693150555058903,-3.0430372170788123,-0.2176478749850355,0.864148400822638
-8.72231296245055,-8.521828676349097,-8.036617520092165,-7.949320040755859,-7.531615250275325,-7.275549723048758,-6.023440487971993,-5.577741955520742,-5.4776281096769175,-5.881781205969096,-5.785713323588338,-5.748784173307809,-5.150620695154966,-3.4395627165352636,-2.414357463727714,-3.938998571470278,-4.17217220315643,-7.065793886933573,-8.02080670157287,-5.022063456352058,-7.358100221254839,-5.042589992513237,-7.340240940864622,-8.33107405715048,-8.292235958704024,-3.6795790927604797,-5.4548261044905395,-1.8456835588561455,-4.0102558877540515,1.2738382047720282,-2.1408982910819145,-1.4342593392177552,0.016910402379452818,2.823861251750367
-8.657182299410065,-8.000304715539148,-7.749793791757908,-6.624730689636674,-6.690728532012195,-6.11309266766163,-6.048087162176856,-5.504051436725275,-5.313947151999491,-5.853674177383232,-5.410031101447974,-5.132633633438165,-4.136813778146703,-3.7818822849389275,-3.552278699538202,-2.7413302533052883,-3.1256098868173554,-3.84526638804521,-8.246578281875335,-2.789751809051368,-2.010357207113854,-3.5932182214686,-6.659675785428569,-8.573688032195134,-9.172205144335425,-6.748224575451918,-6.75517312298171,-4.627758420249445,-3.1683717257191155,-0.10192551176559783,-1.5581017845821798,1.4304483411147841,1.663148232346829,1.8457504113123644
-8.236159025823602,-8.031228812207145,-7.378544613694314,-6.928723626024209,-6.603548082555748,-5.544578203936499,-5.63702357427536,-5.862582952747208,-2.971453553197497,-4.9004644174408,-4.51148743688261,-5.1513158978018305,-5.5243984747282395,-4.049376851007951,-3.3799973499254494,-3.0315930665245268,-2.7801583224112316,-2.0763430888916927,-2.29207480803717,-1.1554199466938477,-0.8633318878523667,-0.3127983493321099,-2.182172890327834,-6.016435186767883,-4.948525120136266,-6.56731908622389,-4.064092081442045,-3.8440085819688297,-0.22091790206575174,-0.8321109944144016,0.6305275681931645,1.4576978695495966,2.429244265599217,2.405814396285138
-7.570601725789764,-7.4850397736983565,-7.170389794771774,-7.769446684938534,-5.148150327908345,-5.068047168756704,-4.504019051825007,-3.7955001232471854,-2.6532660409748186,-5.0105028531125395,-4.318631826128387,-4.673656122695798,-3.8368342785043716,-4.630847998552945,-3.844160665119871,-3.6297938331219006,-3.096942402355748,-2.951426228915536,-1.5717625507975777,-1.8826972330795149,-1.2638844493903933,-1.0060220702298888,-1.998925240085759,-1.3079770428592559,-2.079879183571135,-1.0259396094699493,-0.34071603831809283,-4.591010533582061,-0.5091809564723815,0.10999775492201022,0.17000430041387452,1.3818742588392054,2.7198763298978856,1.5518635427664276
-9.098639437759443,-8.697677159266386,-6.472849411715757,-5.885901367573398,-5.24361100080874,-5.231356527598746,-4.184940460434073,-4.19294182218585,-3.830940269650076,-3.6544058319292785,-3.219481132060922,-3.1090741117718435,-4.3696130461890235,-3.3651721083953787,-3.834334480234557,-4.006794167272104,-4.387591825474517,-3.377493746344886,-2.9086946688765605,-1.0495148516000365,-2.3522112487425972,-2.2694431896848406,-0.8779616971340224,-0.9181402967991811,-0.31671847866684916,1.7206651443849836,-0.24642130073619825,-0.011599917723882058,0.21285989894430427,1.1562093287437492,1.2056927417490093,1.3314517999812436,2.6553287893726036,1.7746027848141441
-6.942981630915619,-6.624750743498961,-6.785282431982699,-5.745257349869331,-5.075106853778804,-4.96863169645751,-4.003755809183214,-3.360932265696579,-3.842074839018993,-4.469671678566283,-3.3536686932268642,-3.2602156521893813,-4.1767616759206465,-3.613524950011609,-3.7259262691009254,-3.7981326434616967,-3.925736533734885,-4.123579534217555,-4.174968176520148,-2.9629652243921,-3.335065960931781,-2.4317327112556812,-2.197135754302508,-2.9001994697520486,-2.7501634375377155,-1.2283241458413863,0.5602238489946799,-1.7574939496326696,-0.06451939501730122,2.0586131107119194,1.042519408574351,1.2670493397024092,-0.4105140155186852,1.4277803656587729
