script/wind250m.json
{"header": {"parameterCategory": 2, "parameterNumber": 3, "lo1": 6.000198445256149, "la1": 58.999992894266676, "dx": 0.5, "dy": 0.25, "nx": 22, "ny": 24, "refTime": "2024-02-27T07:00:00.000Z"}, "data":
[rows 0 to 23 of 24, columns 0 to 21 of 22]
-6.171309988018116,-3.1187655847672566,-5.5908218185396015,-4.959372787118293,-0.6016401749284523,-6.373961791231969,-4.590879299369784,-0.08260309592581752,-6.7319465391758095,-3.4067768310351028,3.91717136084,-5.289091270162557,-5.898021251622346,3.6620797293710265,1.990922742293723,-3.5394022939489145,3.5680714064447914,-8.089161763745247,3.4250169704100615,-4.160439772764938,-1.2207043200421428,6.158009179188547
3.4059149208147446,-7.264130714405914,-8.31756238594762,6.332589823995504,-5.037984550167588,-5.442706978385855,4.746417827529878,-5.506632582228817,-0.5241790859374894,-1.6324807918051472,-4.7378584988256,-5.261773585020674,-6.263180022971872,-6.406376049813385,-0.5290050830059935,-5.639209332970819,-4.320209529140106,-2.1028636534781273,-0.7357150109521882,-4.106556603075863,2.5603915304205818,-1.5872417153152445
-3.3347818791238932,-5.840839824210139,-0.5212947834650314,-0.9735123658087247,-6.221338943752688,2.5057566406593157,2.2571476434624924,2.970792433616302,-3.0446444073248373,3.263380992272544,-4.567907992610613,-6.842692859520152,-3.507818119719856,-4.726092528545933,-4.135275205691233,-3.896355830522092,-5.175907029345283,-2.9078252834833904,-7.126228095200078,-2.9982281137435898,2.9766734733682956,-2.7735095009692357
0.4325255332397991,-4.71745787871244,-1.1499453974754257,-5.719208354507578,-2.9774478823491073,-2.6896233476318443,-3.6332145897112365,4.491499671432714,2.0116022871752333,1.9815347909109613,1.1279039295778326,4.777106935456059,-0.26391877264213415,-2.5172183712605936,-4.321946940367743,-2.8817650018654506,-2.279574730982832,-6.340985245056545,-4.81589720981937,-4.331370499749863,-4.137164956497973,-2.110032358928265
-1.836144075511039,0.07679101554218482,-0.5864925623255821,-5.6040720658633525,-1.155945036143471,-0.1175324595599494,-0.991390424122452,-1.8419848608220155,5.168871277427084,-5.428916425964238,-1.8228751019215985,-3.812796390254695,-4.434665300989143,0.5007817915599831,-1.1223181562935354,1.6988163583616793,-2.2697050619459835,-9.130589950955999,-1.7680323220893654,2.9057608657312657,-6.6447979427481165,-3.417370545782535
0.3083504664688188,-0.44525426787660444,0.7056496185349764,-1.473388176462204,-5.243962216396348,-4.4079622541016255,-5.208689336759077,-4.721330714439015,-0.9786671877153419,-3.7142413155507366,-4.422596645092702,-4.991681938008411,-3.4413539278320933,7.032238484678817,-0.8403262664174875,0.9688498209468794,0.49143587144733125,-6.549524496881465,1.336371657920658,-1.8139636731414972,-1.3833654056721285,-0.5583267655933398
-2.221756733630107,-4.608485310597056,-6.374391044319782,-2.377788586992937,-5.211271470874478,-1.2490535938816147,-3.5087603787153046,-6.324185897847884,-7.107271781517231,-6.005212623779798,-1.8976324815036123,-0.818525633587275,-4.025162287283688,2.5661275332958864,-7.809401109628882,-7.27645332959887,-1.8650460465395442,-6.844409116597159,4.128043644431028,-4.997312277240642,-3.0629961028808133,-2.0846435938013483
3.991388651076946,1.5751137238051063,-3.9830080964582293,-5.433545628031294,-1.0621972525372754,-1.5612382822080642,-0.8549845391860242,-5.260283761650052,-7.3235183211147845,-3.5833135207612874,-5.627455656549225,-5.198622731627539,-0.716753808756595,-1.9851813629111124,-3.542812746716548,-5.114431853150794,-3.813637809155379,-4.994987472563453,-1.1309552410117052,-4.5238386614120945,-4.512870330205067,-3.7128172000377284
-4.4878241980506655,-0.24385853013432063,-4.299813742351249,0.23029870057144047,-2.010710067536434,-7.079144039323185,-2.1706753051335546,-3.831253371085881,-3.3938904751546133,-3.6004173756583437,-0.4144340709119388,-2.8384289649642045,3.461194540647239,-3.2197120908803947,-1.2811118247001907,-7.115523538001226,-6.524646515470684,0.958913654943884,-5.923252856293098,-5.025622640008077,-3.0631125205666754,2.369516297364062
3.6641539341342964,-4.270456968281518,2.6291888941109534,-3.934422994925784,-4.428700748433119,0.2664717923978988,-3.5871563293913264,1.3501315014609896,-1.28072021736786,2.490730967316644,-0.9027558457421234,-4.095853486120242,3.4144998253968297,-4.934094232357622,-2.5663664370862977,2.93878755545767,-1.1823667894546095,-5.973295248057632,-0.975376112779391,-1.6500577677946544,-0.9608911456106874,-3.678640555897121
6.055705429517681,3.5773725585885128,-3.886603944099133,-8.145358196805372,4.313949446108132,-1.4698107756528682,-0.8399766696732045,-1.2705380180595638,-8.233557950431956,-0.6691130626639069,-3.1987437811719035,-6.123964335609445,-3.989721004155354,-8.55956310236858,-5.887270952689226,-1.8602034769513918,-4.5095059470665335,-1.3544887453721368,-2.2279176701812924,-6.649193127568942,-3.3606620953358064,-2.2655467968979517
-2.8175161602734735,-3.627854137380159,-4.338156519617754,0.7369630589776626,1.1610547977354309,-2.626429059055143,-6.544362517073755,3.3691232139096434,-5.089406260429305,-0.09795798291303145,-7.242084912583596,2.725510776166194,-0.7363917018080515,-5.328383803161859,-1.0883081285621963,-0.6960704625491116,-2.134778003285604,3.8763154840803984,-7.155074843562293,-2.538353506168093,-8.41944016074768,-4.582116684984248
-0.9339455070455459,1.6693392351154082,-3.2266606851881345,-7.212913422207634,-1.7702695164001898,-5.070148958821275,-6.769225965462306,-5.40173998689507,-1.2765400617644396,-7.324782336524057,4.6764230809323335,-1.332445946548301,-5.285014502785529,-4.257628743884611,-2.58998948409444,-5.462819751016569,-4.987697088460789,-6.981369742564758,-2.695000830349706,-3.3340961294922984,2.2904951517756156,-2.02159918577354
-2.1628976786800025,-4.786769135912523,-6.027009703270385,-1.8586136016439885,5.646915447805334,-4.3172491508449005,-3.3562686416234753,-6.169928864106798,-2.756858399550606,-9.362569002364035,-0.22361535465116358,-0.9023546490056509,-4.183300104947856,-6.558742859043279,-3.3889990566695016,1.0363013410860202,-7.681128482009081,-0.808196346037672,-4.652062608708048,-1.4552524680894778,-5.897690050516795,0.6092925400435427
-0.3415876572432738,2.6068898675016974,-7.752299014020711,2.7297779339224846,-1.2165694801300555,-7.583813801194716,-4.804586041943295,-5.044182920683301,1.9927494507680257,1.5819461799568197,-4.459936903245303,-8.347689414661605,-2.4114002455324783,-3.428679593532766,-1.9521255125964359,4.069124783002869,3.0188210077404727,-0.10583905795121823,-1.0494993080227109,-4.403762218179276,-5.895442644816904,3.4749898024037216
-2.2942900312513768,-4.181693854040292,-4.492238812641169,-6.121047971181544,0.63634748659876,-1.1609464086035957,4.588890577586693,-3.813226976055794,-3.142767108394153,-4.428564809437956,-2.6480837590498543,-0.5873935832611019,-4.5213733602314115,-5.839766391866424,-4.435359705186778,7.285281506148219,-0.32279973925655386,-4.796742622951344,-1.306304832271388,6.162591278513264,-3.1284973354605627,-0.6105250087012304
-7.142494612087654,0.843379323385907,-5.480520618052763,-3.390158337821257,2.3019182170569312,-6.461227922188085,-2.109169308297329,2.0145662351490277,-2.21888075971116,-0.6506591702633419,6.511557499248539,-6.182948154218618,5.325425530243522,2.855300270041836,-1.448888786213365,2.320655595407718,6.840979774197252,-1.711612573119699,-4.379070441106184,-6.542293627666057,2.9960574745094064,-4.524604032977428
-5.514161147343346,1.1183987686543695,-8.540934491889313,0.8667801242237929,-1.2258660533175023,-0.10873628331822151,-2.2167332946657186,-4.0798250173078285,-1.4556973564516484,-7.352498359895552,-6.989538903135131,-1.799645584973601,-2.196966916493052,3.1326694170834846,-3.1364240536145522,1.685945397234229,-3.8190588085764032,-3.574379521024433,6.218114317157481,-4.662224582806191,-7.856118628013443,-7.020330122147937
-1.0665864898144708,-2.9272643480397287,6.956334806795574,0.6141008978611502,-2.6409521316558924,-2.6837718685157625,-4.289550824032582,-0.7912473089655677,-2.6986182437140274,-4.150087721820269,-3.779491455530347,-4.598416834386444,-1.96757083978168,-5.706162353958517,-3.259329456429571,3.6627494141750683,-8.201689740214274,-4.39342988104318,-4.781758091866803,-2.1603059823225212,-4.090363888411875,-7.1786381776462305
-2.9974868132519474,-3.3882592738073636,-3.000224940273814,-2.0710733567484736,-4.376892350269103,-1.833654222284405,-3.912431894741935,3.036741434900628,7.135632155973894,0.3089181711438757,2.4754168596841972,-7.059066167792672,1.9549016579160152,-2.1504234716323225,3.0762786927346264,0.7983098778790216,0.6530421877301611,-2.515552950794657,0.7740069941737318,-4.493839162855033,-1.1637582359071028,-6.959815081346564
-3.2109174804763208,-1.8777631935513381,-6.233545619792105,-0.29104686086549353,1.6399806893657862,-1.83920138312104,-0.30600230798708616,-7.295732429092773,-5.70464840772921,-3.3061579370985834,0.17002893913526287,0.17018619885565944,-3.5057311099361512,-1.514701473548093,-4.063184421890738,-9.691437832549056,-4.136525409948175,0.3239654996688693,-4.389380686476174,-1.1616891384406052,0.043107165614078895,-4.697539895933324
-0.18997792041563138,1.7262973728127584,-1.2336877464396339,2.7017305110275514,6.253263173767786,-1.456567782391676,-4.6779921012889085,2.3362508359091323,-1.0209634213615117,-7.629331025875397,-5.331305563275859,-2.467460347875553,2.5588672464426576,2.503616709261459,-3.056457530564486,-4.8011430886759365,-7.818780970297559,-7.581971003066469,-6.645865977328875,-5.131739709994746,-4.927088485172036,0.5537629015104802
-0.6481183701537867,1.8136718469826154,-1.909377199584931,-1.299680187574481,-4.428246679056653,-2.459185257029902,6.47501966201289,7.098222433109584,3.9036816519804427,-3.490212208038419,2.8609359480646273,-3.9032587063294275,-4.701099079190517,-1.6042770638525807,-3.15923472638389,-1.1814232780724068,-4.049911417108355,-4.358300768166474,-4.8728198912977385,-7.479462174146743,-1.236213433862644,-5.706871375581129
-2.6708429932057975,-1.1971161427539756,6.923066138778197,-2.4253134825052385,-3.866504851782243,-2.6704561409095304,-4.582000757482919,-4.343599360768727,0.7183895548966125,0.9358649340333597,-1.6246938319287678,-0.3900837993520994,0.05188292455202592,-2.092431713119916,-1.3777759336280124,-4.023903951869493,0.13988168147611102,-1.3096545548816427,-2.200892417449668,0.1063328770936846,-3.423564564674396,-7.39635312447355
