script/wind150m.json
[{"header": {"parameterCategory": 2, "parameterNumber": 2, "lo1": 6.000198445256149, "la1": 58.999992894266676, "dx": 0.5, "dy": 0.25, "nx": 22, "ny": 24, "refTime": "2024-01-20T20:00:00.000Z"}, "data": [7.944469566059586, 9.73272224622984, 11.891518949447864, 5.598247635329661, 6.321476186363303, 12.373661458387765, 7.087540488511917, 12.674192170480255, 10.007346868008376, 12.797817870814065, 3.517514007067977, 3.8160045417370947, 5.680866623695478, 3.0282360439033558, 0.7637191218950532, 0.4068451461981043, 5.879626723952879, -6.000079546681772, 0.28393870365767643, -5.882667534529388, 8.449148967931217, -0.8730482882097927, 7.149519207161623, 12.169682645853483, 9.05816555132109, -1.815124666809304, 4.941910176013347, 7.516985134878567, 11.682109941942613, 9.049925494167182, 6.482522958833788, 8.035937526353864, 9.93439636008934, 6.434648493714954, 10.59428913688952, 11.733390738346692, 4.232860325945994, 4.804269087212785, 9.621069105226436, -6.491068610227388, 7.674151927606427, 8.265202856538144, 6.754746923104627, 0.024619847882651542, -5.157633086954419, 6.120860882730335, 6.59082739960412, 1.5470077145105945, 7.303097783298216, 8.344473156451565, 3.9857138994681054, -1.2066971317451844, 0.06490991422481623, 10.690410887191259, 7.441207589585604, 5.217588750540674, 1.0556191573769649, 5.746179796029149, 3.7543192463647532, 3.8328281256926493, 11.508554448387422, 8.145544879032402, -4.927854035409821, -3.4577157702059376, -2.408161851130965, 1.1984629309051698, 8.949149342124828, 9.521788167502054, 9.60597241395189, -5.456916762361118, 7.390247221454935, 6.6170145767855395, 8.42650538250075, 14.400402651845175, 3.2733252791563916, 7.08289366083068, 8.490197448292685, 11.391705184385726, 7.011251996441999, 10.108904103889294, 8.27836003523147, 4.42009342496274, 7.4040742386912735, 7.487411232448673, 8.603329699614415, 7.33343885512117, -0.3382492865338763, 12.268515412106664, 4.555627436481765, 7.471561432159032, 3.36287316006323, 4.152457597957234, 8.970652695952177, 9.530884612751032, 1.8139766340743295, 0.42608660381154456, 3.9992302231361503, 12.862556547639226, 9.621069547979841, -4.577383851658568, 4.241507003936677, 6.900913796406869, 1.5437113124960133, 6.052458452070605, 9.349007009509346, 13.319234326361453, 7.6244482399349565, -2.604173065783711, 4.76834695849101, 8.331792763108954, 7.844436930257476, 12.164960516779532, 6.708449001980586, 7.828783552306299, 11.757667214278618, 7.963102513235594, 3.7981664719025994, 9.03010255967955, 1.0419893152562083, 9.069300319811965, 8.698108995968493, 5.595414516849548, 8.521843213938672, -1.336097449418498, 3.0634692797196537, -1.7616205307349073, -0.9647653725411106, 8.484131663366638, 6.310337860693128, -0.03121293348217619, 8.173178364892262, 3.2365030988925043, 8.340259380305595, 12.602202542421955, 8.439889843860152, 5.528880660197924, 9.384131836008802, 11.113327064031576, 8.522372419830837, 7.451081738407171, 13.331240176199959, -4.44593957793377, 6.601458799057232, 0.2841333205903759, 10.648916495019371, 2.4180625673023832, 12.612242928911853, 13.24212751591068, -0.7093079007925567, 12.439178625807324, 9.204546235657498, 10.677042075388567, 6.530489439808652, 6.86739646229833, 3.200703817542463, -1.8113918048764868, 10.514424281490777, 8.711236099910439, 8.037878051397954, 2.4868002494817034, 7.882480543129759, 4.13008231184059, 12.083552738606471, -1.1103896673687472, 12.573679996103165, 10.684439329154513, 5.419850839350236, -4.413872865436614, 9.913197226338646, 6.38208793334049, 9.703255912393436, 11.491275668077519, 6.973514098216694, 3.8688243115103553, 5.964399593965576, -1.5508779703917157, 6.171451354362167, 8.418102625760733, -5.542138487961418, 8.052697472916844, 12.541784820252982, 9.025146126189739, 8.10734962738934, -8.91035156357828, 9.41933621735424, 5.295135359887575, 8.247547182404954, -2.4162268823291866, 4.636448252725613, 9.020593291286273, 0.76271429524916, 10.250821365822816, 12.234674744566497, 4.439240835683336, 11.533526443336306, 11.68220585003604, 7.627553059749206, 10.67215276320694, 2.3708149842007766, 6.295837936121057, 6.706218863480284, 7.522709297039186, 5.637512692055453, 0.970781417932346, 4.970348279482739, -1.0654332264606918, 3.4553565677739324, 2.963410945921507, 7.291007714499764, 9.920681820903562, 2.355739756261418, 7.7063948832039655, 6.02816263879146, 7.5238830082508965, 9.001056435455558, 7.727683834120615, 3.8812354335650587, 4.345291737119349, 8.171852970697866, 8.107125694367124, 8.866046038615758, -0.803868028142606, 9.169588118565201, 8.14669998356962, 1.5679339589199317, 10.164630260517235, 8.877802038656112, 12.438802716752743, 12.826580560952952, 10.381568468810071, 8.098689545836745, 10.752935532701349, 7.183018305727309, 5.748985396677474, 9.556899905034255, 11.951110614420703, 6.098491949384049, 6.939885571436364, 9.82199619963668, -2.6531699511178553, 4.02490426130511, 7.407525504148402, 5.522519458740823, 9.736724189664892, 8.848143483281287, 2.1888943650664783, 10.044747872277664, 6.984043995578931, 7.464767495536935, 0.9671234855036707, 10.202167493146368, -1.6754409995077448, -1.8687442110653623, 2.604259142609304, 7.418255988152444, 8.446292443709241, -0.3062407747411066, 2.3705247938913137, 7.394978353935429, -0.7041777331662408, 12.740348052790734, 12.253910981603877, 12.750116128944324, 5.7062009483996, 7.006298042577515, 9.930802465965607, 5.46730017677357, 12.888856064187852, 11.39986617365123, -4.297705731192173, -0.6658077781201871, 6.482191002500705, -4.775039441215846, 9.67275780959903, -1.4850614991569024, 9.035765446222227, 12.265243934773002, 9.461364807695153, 6.7413858584334925, 9.433359635931385, 4.3081901918442975, 9.60727723453403, 6.24967974779748, 8.46515377725391, 9.100931918675139, -0.3746244357570643, 7.040153709963657, -9.152409395036612, 6.6700782989383605, 9.711492360193333, 1.695417423234917, 3.7281397259232283, 4.671685295612514, 8.691966157024783, 6.018258428440511, 11.739611698449192, 2.856389661124637, 4.806258171620033, 5.1599140774617185, 8.1861922619416, 9.8275394784166, 9.7513615288938, 0.5093584024218644, 1.9054894627756354, 10.875136922235054, 2.737813789890254, 4.856741517351646, -0.9693373637405521, 10.405390962032271, 2.5268789105227056, 5.0724474882723705, -1.4168317518359403, 1.6678535144327915, 5.004003642595686, 7.291710888480733, 7.392910216488921, 8.058331077745791, -1.541052000716315, -9.901330731911118, 8.148619881978274, 13.248694183607943, 12.019641677463166, 1.002197087314302, -0.9351732700662976, 0.7735172805501027, 8.67489864011867, 5.697429412733284, -3.7562764437122262, 12.48492952035727, -0.558842159830947, 5.562906942036343, 5.144858243629255, 8.216230473815601, 14.630818389764123, 9.745682326808456, 14.675224466441515, 2.4723771561735877, 8.36233672024212, 1.4376526106834484, 6.555540593268534, 5.423478136004507, 12.273174194216441, 5.154324467412446, -1.2425180447289303, 7.242511347047613, 4.3642483156991645, 7.726197193581862, 9.649536817745048, 12.944149554744486, 3.460641922622449, 10.747013193071028, -2.4421621372374553, 4.920298421486448, 10.016198862920813, 7.397526104234712, -4.212896133721361, -0.6717858339544467, 9.33361798105295, 8.528208513171686, 7.522554298770594, 6.7639015361419, -0.699029428408293, 1.2262827426105316, 9.608421411383492, 10.072012175147961, 6.879736051175315, 8.287043958279547, 3.346083218883298, 7.488394639586099, 11.013864298973914, 3.626481244463444, 12.040315472496273, 3.4000420139542373, 3.3698820449022744, 4.655569444399387, 6.717669075617097, 13.264862885271794, 5.422157540411871, 9.592525166011125, 3.8260761212194296, 9.671444694668676, 9.739341591242546, 3.8279207888073126, 8.750636634717083, 13.25496608556205, 4.079448254420036, 12.512962211708789, -1.1069618276081372, 5.221485126135257, 1.5783332870561253, 6.366054479021167, 3.768760606184447, -1.8300263392346945, 4.0954791753120565, 10.146655118757781, 12.66817993399098, 8.361722226231219, 4.065850912431799, 6.002739854394005, 10.793768968574666, 5.514224044477618, 6.974990546839873, 13.005832721346021, 8.888002995453185, -9.136759584486049, 10.676113482879048, 7.74596613119992, 6.861575151745068, 1.846434350582112, 10.816684956095246, 7.835323257967353, 1.5216392882305987, 12.182337777215952, 10.06889690060171, 1.4113948294083423, 7.216969718084947, 4.346562829370456, 10.805954325389036, 5.5289659345162505, 10.572087809302928, 12.442834248004267, 4.173565004586879, 12.331205411755885, 7.467926511221216, 8.942553536551095, 6.4297194183544955, -0.8667940171039138, 11.215189129480425, 11.850761813216575, 10.874406548691496, 3.5101451160563975, 10.040091349673439, -0.09788442841858884, 0.6175129733323177, 11.218707933759086, 6.292357595350207, 9.88635280215679, 6.621269019821313, 6.52337431363645, 7.992224322699646, 8.647437067763716, 0.21013939864029715, 5.579308278770437, 8.853155337666882, 2.3899713846971724, 5.578384367652411, -0.5551281882272957, 12.52223761170399, 4.914141111147006, 9.39857805770194, 0.6319355231108297, 2.2866725975653432, 8.75482857744437, 10.419397240568358, 6.844594411139827, 9.8742563999342, 7.072634364196445, -1.6614753452759463, 7.100133088792121, 2.914657213428308, 6.94178597357899, 7.1707261223519785, -0.2102688951205415, 10.94271170775852, 8.547461381752871, 1.229375257357995, -1.5070793783435248, 2.417797538714654, 8.444692174203501, 9.639669364273535, 8.600636040110103, -5.119013018062684, 8.250577946531994, 7.810848148244956, -0.01431073079758318, 3.892632883731621, 4.262269467853944, 11.795127798870647, 13.174553954963503, -3.2378647633499997, 4.277566271221137, 7.417427386079423, 13.886752710957628, 8.433256122211926, 11.059077408180435, 5.103839124557175, 0.26838686635257764, 14.45180878441469, -1.0025586015643733, 5.235150916530746, -0.595994487487789, -0.6754879549302049, -0.6021154314205768, 7.983904579866067, -1.6261008242855914, 5.6962044081794785, 10.011324917560444, 1.752559463861501, 10.14710797999365, 5.3601115350893735, 4.9211930065835965, 10.086327941133536, 8.771763789004, 10.4947975270196, -5.9066215853967865, 9.096289258097293, 7.352260339447692, 8.57045165229307, -1.0719027605531701, 5.734861447775119, -1.6035047926697545, 5.8337568629448056, 8.041486029844803, 9.055904019916552, 3.9708584878016424, 3.39813387107742, 12.925528259970253, 2.275326245800825, 6.152357042142382, 1.6129044103007069, 12.558690627177427, 5.67627709625032, 10.05466065079629, 5.824193851190529, 6.210637402252777, 9.67437238358069, 10.864709214234162, 12.449200842646153]}, {"header": {"parameterCategory": 2, "parameterNumber": 3, "lo1": 6.000198445256149, "la1": 58.999992894266676, "dx": 0.5, "dy": 0.25, "nx": 22, "ny": 24, "refTime": "2024-01-20T20:00:00.000Z"}, "data": [8.51364412320443, 10.344404577194771, 13.015095337701185, 4.879048518480682, 4.8039100610635845, 11.2799957051147, 5.541143429611602, 4.611114320161731, 12.905644447787731, 10.005401481692749, 7.326919559267215, 12.183275855127876, 5.877838351060211, 7.283365759559425, 4.273731882347247, 9.69735009286878, 9.484980449648686, 9.326858570335652, 8.518708171017213, 6.504102645506057, 10.346190444784432, 2.4025513297017342, 0.00019807097929217982, 12.905896476140132, 9.606999877361117, 1.9708645147061217, 11.618693876093333, 7.231184928304794, 3.8029365641159654, 9.25569529873205, 4.650138605611983, 3.2878745040377377, 8.4808061052182, 12.106677506511819, 13.464449233654097, 14.491126116083933, 3.2770406287160445, 11.046474457463937, 7.979708743372426, 8.858419409786402, 3.244215503127499, 8.86827337120169, 3.5324657368232995, 8.589554286736647, 1.1785820596594374, 11.218497907389384, 2.954693359115075, 7.45495856099621, 9.3839825640331, 0.2775574237239974, 6.788117892069761, 3.4808702787929606, -2.0040765222172756, 5.485268081862906, 9.19523055578424, 11.906112291603138, 10.379780064819794, 9.268705586320149, 8.965586486531695, 11.213458246999798, 11.526731892224399, 10.449837293063343, 2.0992330198352875, -0.5161326910860958, 7.094647901549598, 10.84828142163919, 3.8568223017091015, 9.298111206267388, 6.328999377837037, 8.005170780181219, 8.899924222580456, 5.710519152473162, 6.6420051296892675, 1.6218921972033409, 8.632461331546644, 3.1648252793098344, 3.5522177054890256, -0.6019028280855715, -0.017845504395165815, 5.69164488462417, 9.319512391231845, 10.65430708272647, 3.8895315254427425, 8.56700914144184, 9.67166673458676, 11.173750367053296, 15.862878986261379, 4.591106882033909, 8.474975853026573, 3.366618135239876, 7.152742175173518, 9.414443820724316, 3.1528677373110927, 5.457264000574596, 14.885792102733967, 10.960759952993723, 2.7106364875461875, 10.010978374465932, 10.813222533293569, 12.968123058389764, 9.828888058009493, -0.3814204037994217, 11.052283986733872, 3.2925420605149336, 7.292794512031851, 12.690034096797127, 11.164532316081477, 7.972543982092651, 9.924589055230575, 7.230104662362446, 8.0551185589208, 4.690003613551476, -0.6777802501706539, 3.8692652805177894, 12.401163470281096, 12.056026198355482, 11.810612003902643, 12.025725929391466, 10.953737493186194, 8.684058746224451, 10.012839694948621, 11.227080205997318, 8.880530295563583, 1.7550148049941368, 12.033426650418784, 3.713641535875557, 3.8128732148624493, 8.892786556316082, 3.0865882269890745, 6.8203763371815915, 4.206012027852411, 3.37248470472333, 8.113879265312002, 11.88105759128273, 9.431286981208224, 3.7317469172048066, 8.240676709567241, 2.3445478593491296, 13.055225406695449, 12.84417839048886, 12.183163406482093, -2.202378842918135, 3.9775237307200713, 10.68995749809619, 9.87604329360679, 5.95305481112149, 10.22722401403276, 12.141138750513885, 11.183899215214032, 13.379742779356897, 3.326170808844509, 9.919675854285826, 3.4407046365742593, 9.2413748360197, 4.154581147122266, 2.3099155537177243, 4.896975019368945, 11.4594283954471, 4.218843115850324, 14.387666376696751, 0.7084338700796423, 12.625927093217372, 11.586792291160421, 10.332206794580026, 10.994635086639637, 13.255260200809335, 4.169532458249962, 12.72339774815591, 10.13149048875924, 9.035699785296767, 9.021234721884127, 11.312781970630065, 0.22013720821120422, 9.313531475314422, 9.807861545798936, -2.8225128584405046, 9.373409832020311, 4.386751330064743, 9.38866288641615, 4.0677158183639, 4.550127403629256, 13.998848359908397, 9.222288335615119, 1.0826478959698782, 13.239790713518175, 9.403997550010036, 3.893795395172943, -2.140215980936329, 7.194417971934059, 9.14914659509824, 10.321782999046588, 9.842703095734832, 12.071526826369675, 11.254959488917374, 9.996542770270699, 11.984942785572503, 10.224372356141595, 4.921098543783173, 8.558644152160358, 4.219725825501214, 0.14900450447118782, 9.958112070720208, 9.225696667353708, 10.18060708963757, 13.03867295103671, 2.960466095279949, 2.306295718468317, 0.14635260325710991, 11.274121669496335, 11.722099339804002, 10.162522316942331, 9.290449243793757, 9.663296269942789, 3.706192693206846, 7.57895605081906, 10.283348728251319, 4.142774119484912, 10.520142653912213, 6.241747185126988, 12.969404110926899, -0.18911288596173054, 5.582889801204122, 10.546343935922286, 9.264743947823334, 5.26021060205115, 4.217134241970865, 0.6223092096676416, 4.622194257384537, 13.153081469305004, 1.8628391766376715, 10.551153135942789, 9.336614183535264, 13.06517334283724, 12.975796146308397, 9.426598189406777, 5.304223110831234, 6.233964100191154, 1.3545241335148526, 7.3301086328080824, -6.851909551958041, 12.447996247675313, 11.016730519377184, 6.668116738281695, 11.243239613248623, 8.954450018629501, 7.524847261058187, 0.9687244310085101, 8.676320870324652, 10.450656495296489, 3.535221140007381, 12.458122639109869, 7.669793937427872, 0.8046448744934576, 5.634924853001914, 6.075780131180611, 6.648135370915861, 13.769052208564391, 7.596263108940663, 9.514010157702442, 3.1913820010201155, 12.63666868240868, 11.044715791636849, 13.12234745032859, 9.2278510412504, 1.6389748914244522, 0.7769601787657258, 12.926633309147828, 9.941994810313643, 1.9972416906319599, 4.716373203344156, 6.608382859236117, 10.666891875683419, 10.574246174410126, 10.275442693351815, 5.019756239989481, 8.110586421389588, 13.198619904714963, 9.817901355853333, 8.222489627702144, 12.08193515639025, 12.81537219074202, 9.312853438748595, 9.536657567605436, 10.696579252455859, 0.15663974325925725, 8.210054333020311, 8.603340686525447, -0.8967095451155385, 8.696563024246338, 7.784347857379336, 10.886439800497152, 9.507755510283001, 10.511830479434787, 9.284458924167199, 6.394775806685827, 10.336967427718315, 9.730295152634568, 4.759232484021843, 6.888607165326165, 9.69888161775537, 10.560278359401726, 0.7024063641300369, 7.352820856028631, 8.709762319878552, 13.067068393108158, 14.417742734866112, 9.864273613169226, 4.581181901445221, -0.5771700146487817, 6.182169185181709, 9.505418624475661, 2.1555669113590796, 9.064788668223079, 12.192789147298726, 13.579837145722184, 8.741521895486509, 3.8349657307546456, 2.5159676305265837, -0.3221871264379183, 9.309109432932997, 12.448545891759295, 11.66991183082738, 6.790618702625827, 5.116308158516214, 8.675574496030679, -0.20587443500359132, 10.29007064863819, 5.816948973177437, 10.335810813637469, 2.3181672942188465, 11.364814767274497, 9.41618242554665, 11.032490594427118, 10.909136015486713, 5.8992485481810775, 1.2067884646040066, 3.9883844112551152, 8.411555164794565, 8.228506059665998, 9.232907423690298, 9.954508745519336, 4.875884068012426, 14.092912961767762, -1.837629629919932, 8.486491555612176, 0.3530691444041297, 2.932708141558343, 10.73142287891008, 1.8447446216779477, 9.316897019377587, 12.421182159344086, 6.288392518669595, 9.241915331523948, 3.637508393755024, 8.097417452947775, 5.768379291435974, 3.651679149137589, 11.604525396572534, 8.170068313515134, 8.08444003859544, 5.549836782272929, 5.935646830590716, 4.987641791816402, 13.029140078811091, 0.6550641074416491, -0.005803388959837619, -0.645269157816375, 7.713201064999652, 0.5327651587273566, 4.780165375547775, 9.341332109257902, 10.214631228954213, 7.90509676464101, 9.063199139713866, 8.652997868281243, 1.120388769371547, 12.162950928323282, 3.4838398162261863, 7.786386929796524, 1.8710806122678378, 4.553694888050161, 10.286026686686679, 13.607874547394596, 10.931921165305583, 12.21757120613197, 9.021728043443895, 10.39347865547266, 3.4544185294109915, 4.516860601674775, 7.366427396727108, 13.027555306419362, 13.630677830475697, 4.273838721401871, 9.909388280668637, 14.180484045571646, 10.813157035416143, 2.7493483950156694, 8.868505482000383, -0.38165696433744906, 4.62703098360968, 6.435263147961148, 7.799300029755651, 11.827721967414208, 3.727922972504612, -0.07400864980992856, 10.975475790276155, 9.920844926721127, 5.615878248280068, 9.462238502952921, 9.829064941441393, 6.481244595808287, 8.860152840672152, 9.85801831543849, 11.136066277183204, 15.261667377712795, 4.2442645231847145, 10.19871369128523, 12.630915051984374, 10.853117529491932, 13.565603197671438, 4.683903153693996, 8.50208167026004, 11.619412736095011, 12.986436820965293, 8.432341502034319, 2.953313950097291, 3.413951941247961, -2.4483933709470196, 2.176201761452237, 13.791715547376857, 7.567130068781875, 4.183064827242868, 3.154550018112077, 10.242049949839073, 4.3803195820309435, 12.19983182419808, 1.4201940188313147, 8.806301633359483, 4.677498133570525, 11.018868823891822, 7.437652235801399, 11.337916189444336, 12.53680357322598, -1.1919735178249267, 8.466595536675987, 11.861692062236555, 9.65965497536573, 10.331680677199842, 9.247883922873857, 9.582947411489428, 9.142211486212812, 8.127211355027029, 9.473710433004735, 10.855731328630792, 7.469773940612787, 9.746610977390677, 10.22300807133435, 6.008243095366132, 12.429676011574312, 10.162101282621553, -0.7375029748684282, 12.557512088206549, 10.38706919636088, -2.345330083191795, 6.314948937825319, 7.48179351663957, 4.732772111138202, 7.745873660053022, 9.19443458505617, -0.447782768168619, 10.410148968233406, 7.793633298239969, 7.839240631568005, 10.838834565676507, 5.234209015613712, 4.168059734767569, 12.946837791727091, 13.959831002630656, 12.116661426884717, 9.435137563414884, 9.109530424823063, 10.798360773796867, 11.051660628735652, -1.011225163110464, 4.572910802731094, 10.444727089772288, 9.157997793774758, 2.4874422433445718, -3.083430179130074, 12.06329828947247, 3.6089143306744207, 2.380007611081441, 5.877085654754717, 10.089428694329586, 5.894112107052296, 9.03421369459068, 9.962606429275173, 7.693677214140975, 11.395813931397852, 4.531557902620071, 9.071608006069996, 4.259162092174584, 8.548770273966454, 11.67352747972897, 9.34080896863599, 10.563825691175332, 6.465107198501611, 7.519374872930976, 2.665099497123571, 7.0823844774797715, -5.246221563836276, 5.076109529996092, 7.371961517374778, 8.992385255929483, 8.635224005885506, 2.062020651190043, 1.0806323221619845, 9.1062215716211, 11.633368879021237, 10.34947025086526, 3.539971360088389, 10.441872109650824, 2.5667450543528463, 12.731499595132654, 10.145958374243186, 0.6648790510225433, 13.818633160815981, 12.146017534781244]}]