script/wind100m.json
{"header": {"parameterCategory": 2, "parameterNumber": 3, "lo1": 3.000054539987559, "la1": 64.9999836372058, "dx": 0.5, "dy": 0.25, "nx": 34, "ny": 52, "refTime": "2026-01-28T20:00:00.000Z"}, "data":
[rows 24 to 47 of 52, columns 0 to 33 of 34]
10.088463939055918,10.086051747866382,10.027916498243718,7.744399421070879,4.0599503478593535,3.8525085908924033,-2.0276001871271543,7.386223832660673,-2.2145578133144763,-3.33477110419755,-4.832146062780705,-4.294496579967371,-6.107499769429086,-6.688300994503246,-8.67876997686523,-7.170861425448639,-3.815956461428935,-2.2966462870413773,-2.3887860082838595,-3.8714041762910103,-2.031542079507071,-2.606050266366129,-2.0301280725364013,-3.3735625304751014,-3.9298627668815302,-2.714867119973056,-3.473588788375812,-4.80651651665828,-5.14637935825083,-7.1256057761985065,-6.698360431952459,-4.778403567719235,-4.45776792861446,-3.9427659814594653
10.357601682281476,9.801242522163017,9.33349165104496,8.573557868219414,5.849934883535256,3.282663836006432,1.469913277030431,-4.9149088293307255,-2.3467408398799616,-5.556746750947355,-4.962289126755533,-6.995190816847443,-7.793459305228764,-10.000274696017899,-4.555463531123817,-4.02040024246003,-3.44549698444972,-2.367520452514782,-2.519876174101177,-2.062814642645821,-2.500339296861485,-3.9355051222107953,-3.0961988644093457,-3.164542454654145,-3.0127922775242366,-4.7046865239013504,-4.064803398983174,-5.004778374186842,-6.835859182173489,-8.209470894891703,-4.732046549808938,-5.025087915835162,-4.624238960124521,-4.083138315472731
8.979232349372232,8.7209966524685,7.500285003553243,6.612925572820008,5.916704838147689,5.23836627895514,0.2248960512993479,-1.6419006477756233,-3.7669113157795455,-6.601812033975011,-6.382148086219002,-6.327817667664308,-9.805357651787947,-4.130836588734742,-2.7709543159941057,-2.5580602575182674,-2.141079554400067,-1.3421330829810716,-2.0885675491827778,-4.596038356854454,-4.035577235242098,-2.5701266234853155,-2.3450211535447445,-5.081162926207731,-4.413395597186169,-4.599263581194556,-4.863959946624449,-5.398397697882286,-9.33829881736713,-4.542671754834452,-4.604974658082065,-4.797132197349367,-4.013576754237449,-3.2674832994346805
8.25699431216858,7.73517904604291,7.001102086231701,6.2463603818230125,4.37114428942016,2.249582968783644,-0.7376245600290817,-4.022272226931502,-3.2858219771081414,-6.0286708224938295,-6.210835062440939,-10.816503109093565,-4.757131605116601,-3.1390635071299093,-1.7256799347659963,-1.9038233927504176,-2.747141406479002,-2.444290656421241,-3.0196369705765562,-3.754903812362926,-4.98219125663261,-1.1840872081712277,-2.3880670949489513,-4.197878044231712,-3.3709672712630585,-4.180028191874258,-4.909307702280803,-2.4571688387894275,-4.429194141660748,-4.593172347397448,-4.812138390641636,-3.6911697007378566,-4.092884344004628,-3.9994106686735185
9.482445924644917,8.892106790377772,6.747045973690055,5.373925170081469,3.803942646926274,1.366165661933397,-1.2472486442932618,-2.7477216928335713,-4.202937011777224,-7.427143914050714,-10.456181127603221,-4.456020749816164,-3.1801679127646314,-2.2551522654452283,-1.9538691723963535,-2.403376372872715,-3.8912543073049823,-3.4640556116378307,-2.8366898280445287,-2.854747831474577,-2.328737321245611,-2.780950246602772,-3.729260016240513,-2.38598194501536,-3.7803699619592934,-4.208555690667408,-2.371641918096811,-3.0060628892229384,-4.662554569773881,-4.851035799865194,-4.736503386452546,-4.043890587388469,-4.216959927619559,-4.554924197285598
8.285906210458911,8.007901325559935,7.625923374558405,6.678766573826616,4.898202130473624,1.7700331078148832,-0.33261821847008066,-2.580750342961595,-5.981539927181264,-2.207781625798232,-3.0778384898765037,-2.680892441321351,-2.199044295902504,-1.6970375857694415,-1.1200155152754878,-1.7677867308554471,-2.8259050127403675,-4.169206259674627,-3.3668955503778006,-2.8174842577228776,-2.9014996328282914,-2.3516073143907845,-4.247730076986359,-1.9945128315001022,-3.3617393737006696,-3.9189692639137967,-3.029927928623829,-3.6270738461155365,-5.156767707632761,-5.317129671442267,-2.8993415041351804,-3.6250788676031473,-5.011340377194367,-4.751663559243156
7.941478258597987,7.569227184172997,6.909879151570323,6.104240221726295,5.370839458463634,5.010721232847165,3.8630860593780167,1.5079606997625843,0.007784415057941783,-1.4488372044542113,-1.3670023644069722,-0.40885776598835066,0.0677606782179881,-1.0322470171034843,-1.6352521909556195,-1.7457588872929777,-2.256388205801186,-3.373573243014771,-2.8838939132794783,-2.828920837204615,-2.367366353010048,-2.1741017663803617,-3.814592893269546,-3.1105603847352765,-3.339364163396546,-3.019463179920497,-3.1749571480601695,-3.2495244783244672,-4.029275368352769,-5.105068152189352,-5.732344501020067,-3.805010849058648,-5.322215353977725,-5.122584401509834
7.526558008541034,7.029707558141938,6.5459480064782865,5.706756283975724,4.5507513301931235,3.6410253471876897,3.037400476756802,2.4791200027528095,1.6745757452255474,1.2087224226372828,0.17419494694820423,-0.6877159438434535,-0.9443358146327174,-2.7445195388384436,-1.2698985082809784,-1.4002546254625035,-1.3943293836513164,-1.95319092553929,-2.6958750499674755,-2.236511881236616,-2.4381793295883285,-2.9399072507648953,-2.7109224447730624,-2.3333614013054524,-3.2556503940144608,-3.095710762601028,-3.2284765997701004,-5.339174050291641,-5.440646346580575,-6.143746151507621,-4.41993714600435,-5.007836514283907,-5.671744027316604,-5.95734673852815
7.3458965168060315,6.720618289303404,6.426564650552337,5.611127743831304,4.374233997979288,3.359725106338765,2.454518899675054,2.1863699295670194,1.634557914134233,1.0595498782844368,-0.2906151791081649,-2.4500924828532904,-3.80031091814885,-3.182840559105641,-0.7113617963910672,-0.9139618653574241,-0.27484286195687996,-1.2326078378010492,-2.274614929781316,-1.667154238691546,-2.0794923617028074,-2.4525472238681005,-2.808682754253861,-2.754038910747842,-2.777772267686217,-3.757178154248476,-3.4889932688246836,-6.110258329063686,-5.89144637748121,-6.400008164614839,-6.231024464550476,-6.332523115286838,-6.195575200960071,-5.612588938012203
7.288651118593695,7.055666968926371,6.406449879443676,5.6216318884646475,4.456787716057854,3.5165267766524035,2.5947848157682403,1.4103939311646436,0.22802509259573922,-0.8938781916317704,-2.5255099920979456,-1.9939240722823968,-3.336202335291273,-1.6658678152144357,-0.2544173349240594,-0.055912093516762025,0.05385506670602187,-0.3151230894231075,-1.3643052666392281,-1.798282087267965,-1.7958986762484772,-2.5634447889029857,-2.7047454410380687,-3.105109824142819,-3.3466033555617076,-3.7508724204752584,-4.202039931030461,-5.330731586652682,-6.952080967862193,-6.751634411021957,-6.380464889166853,-5.988986671756885,-5.534728552346828,-5.574309622843913
7.591670553338587,7.455899807683255,6.645493067355618,5.814806891042012,4.7534252412527165,3.423327587235297,3.1392732859853894,2.4988472329525515,1.451357476958581,-0.15308321373774478,-2.0196274140435118,-2.2760552472334283,-2.25021536345743,-0.807029119021273,0.582883225719845,0.08058055393532265,-0.4450459073150185,-0.6769927491120404,-1.3655619844802018,-2.15813512316847,-1.3804766274769633,-2.0970598163121132,-3.303640997870572,-3.726213361515183,-3.770084179512406,-4.649830545314761,-5.955573986691302,-6.092723162958306,-6.137835589485442,-5.753725179500276,-5.943523462185461,-5.393875100177161,-5.6508492166988935,-5.574557290040577
7.345714891603438,7.360864503637269,6.83253626282935,5.523693471760291,4.7400013700042525,3.8630489249084685,2.8260054138474366,1.7056054902155697,0.9608337872384289,-0.4920250999054475,-1.61523252695216,-1.2969080362700625,-1.6732933595573194,-1.880273300177277,-1.2648607798668128,-0.07078024582434177,-0.664688782090406,-1.7045128062687527,-2.0681073395071317,-2.7189934096836708,-2.4538306337899396,-2.942686191040831,-3.3143276684617287,-3.909178471367407,-4.865110070230199,-5.081353944174451,-7.379162045482521,-6.477817788073972,-5.755065507171362,-5.363206778583287,-5.170480520204041,-5.264371984929215,-4.9417660802014005,-4.714897357678611
7.942087912865066,6.783074160003721,6.7835764481295,6.068000317969664,5.228907184931095,4.167652916057437,2.679253055186721,1.3642896803857651,0.3069470123008585,-0.6362540001592467,-2.029544981120947,-1.8829088548289594,-1.5645646204528074,-2.3824111189789408,-0.8248861958851239,0.41222241875679433,-0.07217517733919045,-2.328671631114611,-4.088304812691117,-3.966640166264251,-2.6982714970368744,-4.388888841158669,-6.1358101063933495,-6.467235645630538,-7.86701972633738,-6.611987697431148,-6.1424036068100305,-5.5671966199487715,-5.107394024176767,-4.809164610398095,-4.805977297531111,-4.59896869459625,-4.907925647130866,-4.851445216192996
7.268179460396375,6.600561557845232,6.3585457616489975,5.930495980720316,5.188667981950154,3.9937814528654343,2.99446183992522,1.7466299039374062,0.769428937474969,-0.6938720765373412,-1.9677374864977608,-2.068085980678471,-1.6673464407523653,-1.7551303915711767,-3.2590486890778116,-3.554748177669494,-3.982366441152005,-4.45603714946393,-3.2785453628528582,-4.954777184220557,-5.179294659455123,-5.0428945353321195,-5.953383585778808,-6.145926966287565,-5.096580566424794,-5.149655122784442,-5.242697536618235,-5.0202209086538865,-4.835024206197413,-4.51140276890466,-4.737774503075118,-4.680370115472312,-4.54757268371789,-4.632634162645104
6.162290824585136,7.28774108355754,6.170485787910415,5.701120113032386,5.070297664837433,4.158415573307897,3.3407666446311457,2.144053685880195,0.040551965614983435,-1.0220354842728876,-0.8539730552718484,-2.003641524265514,-1.4578090902507366,-2.37907094222521,-3.378911393170083,-4.574979399914121,-3.94869993152159,-3.7801018795468453,-4.692020132005706,-6.236925434598363,-5.1752622347922195,-5.045013180343321,-4.876594117989426,-5.086565095290645,-4.662840117039105,-4.823462410713835,-4.684819358932308,-4.484626005335283,-4.484783888911814,-4.463506638724241,-4.284814097060305,-4.296689078604862,-4.42540183233803,-4.255382890961019
6.0388392428691375,6.639415308826249,6.469725496754283,5.754233008186218,5.0020327134346845,4.140554466755042,3.1092403553387875,1.9118548887315607,0.4420237466764266,-1.2647677579415952,-1.9499350688328059,-2.253401093682141,-3.0445699808889857,-3.672215918359666,-3.800179295516227,-4.608348850305471,-5.368700204564244,-5.173453540079819,-4.668219318701514,-5.2564052521745666,-3.834111491696994,-3.9564170839305146,-4.81650235027704,-4.613445080130144,-3.9105728257902688,-4.304857876044425,-4.417132592800925,-4.300209130715654,-3.906809395478057,-3.7032901492379655,-3.685791212686933,-3.7555987243481375,-3.9320412755156973,-3.554402029854652
5.129275971369457,4.917569700859584,5.793995586470591,5.032588658739877,4.542421044155099,4.222556834575034,3.3659445011505813,1.8216241504353423,0.5105470713480655,-0.9100235386980671,-2.0917620349118726,-3.1935514789619623,-3.4921575817537764,-3.61413806450913,-4.131651729077979,-4.841439214623967,-5.634938114118131,-5.354545362623304,-2.9851633948269103,-1.4236444538583841,-2.4503394767330735,-3.440618560385455,-4.19162444836338,-3.9505650114457485,-4.899308666659857,-4.0603150911974755,-3.5215933195650755,-3.4514403299248744,-3.3933781303579837,-3.678910965149963,-3.471803343598152,-3.6289358141232437,-3.551941158397007,-3.1094732665132723
4.347196853242505,4.867950281074451,5.531275060191642,5.756184417102305,5.285495947488965,4.340201150833311,3.523257005391652,1.8469733769291543,0.2837960877100226,-1.573835023141671,-3.34830750884026,-2.876203938613057,-2.777030367548551,-4.398696180334791,-4.295538789715924,-4.116501198919836,-3.740823861789325,-1.8183145076979295,-2.50544572512729,-2.5157765143374076,-2.9660633285564795,-3.552778238436138,-3.428243471713383,-3.54248220770756,-3.2798700424268574,-3.518219905974178,-3.4844932875595314,-3.2762514621159897,-2.623396788081068,-0.904959774144056,-2.1086785096708196,-3.2272095254999114,-2.873643728998992,-2.4758622537589097
3.795125000724472,3.754410219703876,3.3830430213679947,4.344176763178319,4.489976778640463,4.094009257263863,3.26907818721934,1.88391061121241,0.17298538550897422,-1.7133181541605227,-2.6747823174362555,-2.252251306576452,-1.8944171313316018,-2.2687531917177606,-1.9284980434289167,-0.59949052654314,-1.2073588965699584,-1.3229223833088366,-2.3197922878256705,-2.4310647424758662,-2.118009691714536,-1.392357638250814,-2.1717890310436347,-2.654154737577125,-3.3130168160393807,-2.7861230307308213,-1.551919944286109,-1.4020304566212956,-2.4511247889070282,-2.3161635790373714,-1.7289868465652365,-2.87831491151861,-3.8979695163699164,-3.7432695883545195
3.0749613763042016,2.768721833347679,2.832471884699783,3.1119307348675647,3.597308896304067,4.250784288848053,2.9149851920271375,2.1273300979457463,1.0395094814065935,-1.3005287250476603,-1.9806046509341104,-0.9385281716154208,-0.8014226844571518,-0.5602757774399268,-0.41238376968899804,-0.8612167249047441,-0.5702129502585733,-1.5150866206150095,-0.6484998311315486,-1.529384215966346,-1.9164667570410143,-3.3987281239565026,-2.4487271192294915,-0.7586561359459945,-1.3764421945608043,-2.2774528983625264,-2.7877831985973374,-2.906017555475398,-2.052294380101631,-2.183156122541244,-3.1424508970899017,-3.258279678532966,-3.5114688821923807,-3.774918331781464
2.7050078878881325,2.6043082899361334,2.90116947774484,3.494594410829321,3.200983129098234,3.5385656236761984,3.2686157337024757,2.451970124056068,1.7419319194501475,-0.28838425321206795,-1.6148930189410513,-1.7883880510106027,-0.14368423692719395,-0.4657672118087614,-0.7822251537378566,-1.2373057618674927,-2.001673444237822,-1.4187593924202768,-2.9264575972778504,-1.6307761552554076,-1.9433219873636487,-0.8327578754137784,-2.1884870178816884,-2.255352758421659,-2.5480173888883106,-2.919026757451026,-2.584752727299503,-2.266017874275283,-2.895400897577108,-2.347093357188825,-3.1684893190639625,-3.7180570687604204,-3.894048545466446,-2.9755925868874544
1.7048617057566944,2.129521385742837,2.693883481093343,2.736668200690939,4.320428778882374,3.2683027598760765,2.4362886025836117,1.138267398017461,0.565898961019599,-0.2268151801714516,-1.466075820282621,-1.6422243785218862,-1.7311593887902637,-1.109494504130866,-1.1514044314579996,-1.8768305971321504,-1.9011859872377115,-1.5729228429623499,-1.6416949145401734,-1.5756286664512045,-1.0144104104486873,-1.5994067731956125,-1.9305008237974892,-2.379890101587701,-2.581174064155188,-2.056709311318295,-2.3341668397771698,-1.97530544383905,-3.2333780977403976,-3.2197004288286726,-3.945750809650927,-4.804036267806596,-3.759707705851348,-3.7150982434477937
1.1328073214999688,1.6144514193192472,1.8860532107118586,1.6040869321180686,1.308425842142669,1.9186731015039757,1.9472566345706586,-0.07329657323794014,-0.8595174454769363,-0.4922829215458329,-1.202811552232956,-0.7083124165457757,-0.8966249162025592,-0.3941128073211781,0.04558390405052314,-0.7247514451666394,-1.2617873349754565,-1.8885210523308595,-1.6255725861169166,-2.8016649487227765,-3.3312550137825596,-1.6313289338600694,-1.9900088039005646,-1.389313185418737,-3.305806320481388,-1.6672095162163167,-2.6316306459458487,-2.7573262874872464,-2.955379735894796,-5.354716794561131,-4.786631525781257,-4.332392037092162,-4.295679942071243,-3.8348160646254446
0.025988827918086953,1.2351053301095003,1.7829830004230567,1.4240241681351413,0.30186935205658344,0.36033713223064406,0.3215824387522354,-0.06307793062801606,-0.365329728025349,-0.9594808662133579,-1.0648429155885921,-1.4951009834397067,-2.0363596802667976,-1.8101404033009227,-1.1236852480052129,-1.2207452043663483,-1.3580945536462814,-2.362379083996078,-3.7407596385677597,-1.9073140632758323,-1.4697187093446638,-3.02764527358805,-2.752261039991156,-1.890282084983138,-0.9261384791680372,-1.0668876967398422,-1.99864566301159,-2.797128398819351,-2.412973632248254,-3.434046356761426,-4.251475876390664,-5.0469407076488,-4.834514682529042,-3.6980676171778732
