script/wind250m.json
{"header": {"parameterCategory": 2, "parameterNumber": 3, "lo1": 3.000054539987559, "la1": 64.9999836372058, "dx": 0.5, "dy": 0.25, "nx": 34, "ny": 52, "refTime": "2025-12-26T07:00:00.000Z"}, "data":
[rows 0 to 23 of 52, columns 0 to 33 of 34]
-0.14211261889921936,0.21510870567489085,-1.418638984400168,-1.123355431336862,-2.1322849111926145,-0.4635253817095061,-1.712793683934191,-1.548225668333492,-2.135341417966259,-3.0273039158296826,-3.1299725705010166,-2.4512105866525573,-2.5731788190121994,-1.2086607409158223,-0.20208668878009958,0.1431284272497074,0.6288491124082147,1.4967466574411246,1.2502403710325218,2.367398478624042,-1.8969170971143459,-1.4419118061077498,-4.541225758911143,-3.1128517624303655,-6.983312875265065,1.6920537173511538,-5.997249278775334,-6.950037733367163,-4.9940520027507675,-6.3183482691440656,-5.86813559063727,-4.606204007061439,-5.858001360167191,-7.12522364005018
0.9019572699113544,-0.5476640185952689,-0.35303882476950865,-1.5042203769258566,-1.8470984450575005,-1.3617517350337116,-1.6835668578977343,-2.0202151391464196,-2.6726686851298553,-3.11027431431602,-3.2526103574426224,-2.913722445810987,-0.4061762565990074,-0.27519629197183415,-0.3286007070468329,0.6414701987111051,0.7152116615920298,0.4406237609777591,0.7954333259832118,-1.687739861561189,1.405817890341076,-1.779280133306017,-2.063852851910913,-5.273058045626645,-3.4912500518901837,-4.780925205589353,-4.56343943394817,-4.889139590474981,-5.679111006941523,-6.208847586225914,-4.8447350132705145,-7.155515604623391,-6.9978211779205575,-9.49627545892744
0.2781110007456485,0.4743559861778906,-0.48698670363850627,-0.6264438743029968,-1.4799792178348636,-2.1877152907715205,-1.2247619814940234,-1.131376930686205,-2.34530925702929,-1.9782328395984712,-1.212095648236405,-0.13189842735669122,0.0647409811131803,-1.0717536954218698,-1.0742681957117215,0.9427745085566169,-0.044288461788274516,-0.9875689775552438,0.25671081386062594,-0.3319456085688667,-0.6183625708163543,-2.2696786736143006,-2.5183190649517986,-6.323537488801118,-5.829463758339368,-5.516112404111459,-4.777819557769716,-5.163178370167985,-5.748446808427558,-4.624785287871939,-6.770154816684952,-7.125307230046812,-8.917768442432216,-9.466170605979897
-0.24779278379693956,-0.47599208286782846,-0.5471544984167653,-0.9735223452742964,-1.2263893545749112,-1.155038153950399,-1.0811902478339133,-1.2615664023002577,-1.1660257648913575,-1.052623155150523,-0.10321801699502084,-0.17765049925008367,-0.8998194625204269,-1.4886325950870924,-0.008768250711495076,-0.5154482317508016,-2.165099048941005,-0.18993818045611163,-1.4688180932697683,2.968499058797878,-1.1537194899492162,-3.2824139752496335,-6.47332079953124,-6.3116822845605425,-6.435419287531583,-5.9655630162637046,-7.643738582298452,-7.084405899266898,-8.262831253489615,-5.602714632542896,-6.239719204666954,-9.020198309036816,-7.330754041603924,-7.843158851872304
-0.40102851046697013,-0.6129820367810959,-1.5914789706490449,-1.182999362287921,-1.802346760896084,-2.0461534342885925,-0.13613736261379253,-1.5417451564243378,-2.045938210220749,-0.07330001941399675,0.35594560578962886,-0.22547993256661894,-0.2456424611429945,-1.1293080436041207,-0.042409191578085516,1.4100248924741485,-1.3458916173027198,3.3777942732468103,1.4236603594582002,-4.7996304946985395,-4.708167302847325,-9.272306170182956,-6.563069132742715,-7.452429421111633,-6.610807674588677,-6.735124783545748,-7.750608826848807,-6.4728101281653165,-8.538151745660947,-7.55757555563084,-10.127221319246479,-12.395044138826808,-10.314170610171898,-9.874250168815554
-1.6191324539933734,-0.7454809410284635,-0.8859884334868855,-1.5904214261020209,-1.2316176414103364,-1.0117039667341625,-0.35509450587396013,-1.3767749991106397,0.13090195072439043,-0.4440044456801965,-1.6750297615294438,-0.07248405278709612,0.8923934806484236,0.48505079291461234,0.8414292965559484,-1.8912700057473582,4.78947163671968,2.6300336322137126,-1.750806429951691,-3.8273086569764336,-4.564810608323367,-7.358397801488184,-6.337819890037705,-5.567828381816337,-5.172645457650191,-4.519450011224616,-4.605510097942894,-6.584087786959078,-6.4206941534673145,-9.917642005075695,-10.341035963597044,-8.843847773432344,-9.855587689263077,-14.01396673100874
-2.087635027055137,-2.7652606102995376,-1.1076748206452638,-0.6169129565008611,-1.1224504138491873,-2.3055543095177438,-2.5943813394320867,-1.0218007778694251,-1.1489613858781653,-0.8866512267771535,0.6580282989852905,-0.729405671230295,0.7390588533599423,-1.6321388717057943,-1.718173009643305,1.3769086526554881,1.4019761765468377,0.9746735678529408,-4.899714241310605,-4.251688520146948,-4.1472516640710255,-5.005363551850704,-5.605520600557359,-4.867114794799355,-5.323207581085853,-4.870533168994167,-5.465263886099073,-5.04556929799351,-6.570903902260679,-8.446576448418433,-8.002749542133055,-9.036828761422415,-11.876384619119934,-12.225769939010988
-1.4410269164893736,-2.0946629567661543,-1.3119855442538126,-3.7432621580880223,-2.1989439908552355,0.5376128883677521,-1.1081149512584465,-0.9815907954527525,-0.4416944737026534,-3.532273047286384,1.498313700253884,0.02460329337852976,0.4037525680538434,-3.092823152171275,0.1432793276464859,-0.7023722355540252,0.7235199468036453,-5.198512492958395,-5.997405745164867,-1.3339138771229808,-5.927770990530259,-4.668492321649413,-4.880609843934382,-5.06667921647327,-4.479468170624042,-3.7411143829229987,-7.203842890222159,-7.188318492714359,-7.454006582572901,-8.736109758953468,-9.375173590643376,-9.150866402609887,-13.232488609677265,-13.975048116517817
-1.316968799199347,-1.45837776118233,-2.949460573665517,-0.61600984229617,-0.4269629607251431,-0.5546550054933985,-1.657174148489241,-2.113798993866401,0.7257160663587565,1.086601996454341,0.6359972034407996,2.095102941863515,1.0001575268808405,-3.2097259404030987,-3.025238985872127,-3.2762278638151865,-6.046966481849513,-7.0464111793948385,-4.011796027963483,-9.327966623062727,-10.461576453094919,-14.389935025059437,-10.042729459729706,-8.143843665778551,-7.024809321307182,-6.778144401295969,-6.717120262996201,-6.50876885512587,-7.455862680398284,-7.94973454662526,-9.150141535433765,-11.068080009672203,-13.397236721552863,-14.885982749014168
-2.779947413375071,-2.7873426716708365,-3.897500970556784,0.177968692590201,-1.1733111582986302,-2.6378882472486946,-2.742610458079517,-2.611485325470046,-1.436495078315105,0.6988609467077697,0.3670122425473624,-1.842261588471329,-1.7999165262056853,-1.9066631792359263,-5.881177882131194,-6.854705060191396,-6.341278239710595,-12.601152384975967,-11.007318106474226,-15.347822838018542,-12.941087090458748,-4.692284734868127,-4.684157223541009,-5.704191637215414,-9.155157840059053,-9.48098595513465,-7.394289614126413,-10.53764737942992,-10.383275272586843,-12.263889448334442,-12.004885898383176,-11.130197200000026,-10.899211435152026,-14.664576140706654
-2.765327558114848,-4.03815113228516,-1.786008818400555,-1.8189149042272506,-2.8581067410646686,-2.5474848831721935,-0.8740546303001854,-0.4952375661510229,-0.8614001965901182,-2.541409135030406,-1.4617518784503671,0.10950953461269738,0.6665910990277321,-6.363991809334712,-7.508574570993625,-9.008537370368034,-9.306231333862918,-7.029741042598511,-13.6693523246423,-7.101551723119388,-6.495365078051685,-4.774720340171086,-13.286729937960942,-7.566799877917815,-10.060991399180347,-6.181218890554231,-4.685927962371457,-9.798321553390629,-10.739640848114416,-10.798118880707298,-10.578351709309064,-13.866040882263032,-13.348350414912769,-15.331764353844715
-3.5069566286549416,-2.6320020667906827,-3.354840486635327,-5.150431508658377,-4.287910473127913,-3.8880927638060916,-3.1372641329729745,-2.3600153760204936,-3.515037112348961,-0.2673572633497353,0.006518676717469829,-3.4413913896220834,-4.213768755151492,-5.455619336972455,-9.547764321433728,-6.622043694582201,-9.662742880057232,-13.349762007227211,-12.312115155105808,-9.88350178519565,-10.97193120819342,-13.78728741980258,-5.264897114585625,-10.384086699091425,-6.427875898212021,-8.719406544902728,-9.603791618570073,-12.39892396651975,-9.22955713242606,-7.9249139830967845,-10.247647818541337,-11.028112265640972,-14.804077612221555,-14.44166605555994
-4.102896740632071,-5.251930957297275,-5.981177877478907,-5.422887455776945,-7.379276701543551,-4.013189462643309,-3.0177687842907903,-0.09867390490505142,-1.0656833956554068,-1.30784726873405,-2.371049540140777,-3.3362869203201395,-6.4378179793499815,-3.3492724601871595,-4.234663173237761,-4.336528305564925,-9.343894578997112,-6.2941523981254,-13.573292475283706,-7.61935709755806,-10.137066207155543,-8.604786654373509,-10.68423315563504,-8.303164428978691,-7.985022493530266,-9.804379654278558,-8.436977623600047,-9.959815858047143,-8.792298686973306,-11.20914940481981,-14.470525829625315,-13.644020137131228,-14.299677132656017,-15.612351482240387
-6.008510216549458,-6.384877767972843,-6.606710661600877,-9.473825304161032,-4.819216152058831,0.1490431254576051,-1.1803846761354386,-1.5960654209837408,1.0631533348833235,-1.789624281060808,-1.955178854380554,-0.9674081545250096,-2.0745509858223854,-3.3054646435984547,-5.837983935878499,-2.7708793294772343,-9.851832851993988,-1.78344769366201,-11.933035348236952,-7.09765625584976,-6.835834638023705,-8.125386754720298,-10.071188328151653,-10.971972201582203,-11.295827297594194,-14.47358320913966,-10.453280347818863,-8.524692096185206,-9.105439569629786,-10.329338474909738,-14.77412432258142,-16.26510476492102,-16.264083474480426,-18.31684525142283
-6.430560326354536,-6.9192925588651155,-8.544334777964005,-12.426725004940701,-1.596860661157213,-0.35065972178840776,-0.866252607670292,0.4474413915807216,0.17688002897939742,-0.7380464967161994,-2.854301929492856,-1.4331559933898739,-0.8852312517381845,-4.14482734382607,-5.172549190102471,-6.360434325732352,-4.902975756497822,-11.423904422098683,-12.816979693407026,-14.693136198594361,-12.17332558689548,-9.567562496836818,-13.044494858103066,-14.788249035142204,-12.140193614312368,-15.211971562225303,-12.468958762902458,-11.04739795486038,-10.14342737798626,-12.874911529119215,-13.741010158179613,-17.427361818366816,-16.76610718425395,-19.549968500412138
-5.970289330827542,-7.862352447124145,-9.70954863920846,-12.209825017650376,-3.2998634202114814,-0.30551415772070534,1.146739879434188,1.5393454826517687,-0.4932930203151548,-0.5545206078076533,-2.126421921328032,-2.2586844630788385,-0.015773423516112946,-1.7341853279424189,-3.3004942907843513,-3.947881931390191,-7.2419988219658675,-7.483583611377526,-9.452678040372147,-9.119238452382834,-12.086698999156798,-12.838174717206883,-5.263971106848072,-15.84610909424228,-13.346460719710148,-13.766463487595846,-13.685051391486581,-10.004014876096097,-9.001387095738233,-13.767361733992193,-16.158825754284827,-18.082405866364056,-18.25625603223489,-19.190216679187294
-5.511107657401671,-7.8382441962925045,-10.39697722325859,-12.551288926128315,-4.71942384459246,0.5519031823145679,1.3596771982865599,0.8458966384929703,-1.4322347199281487,-0.03583640444897193,-1.859538941596582,0.3237528796577419,-0.45835990419583905,-0.8214944808096277,0.94773059943653,-1.9238553510550678,-4.348436582981189,-8.685718712299783,-8.653523324070532,-7.703254208105757,-10.683893880632924,-14.132969821986418,-11.606915315511685,-5.519026928795835,-12.996286832802534,-12.026486315406098,-16.840730823224607,-14.889948405128388,-12.663913173061793,-12.86084839933612,-15.962096514474595,-18.458878992576278,-19.482291372164095,-19.259464851994537
-6.330487434782611,-7.302467385332494,-10.646337034313465,-12.424661976345895,-1.7363937688527917,2.369180421757061,0.9998658883457445,1.1777173963084662,2.194606690151541,0.549113329475673,-0.2884897536353951,1.1203337580485782,1.968830327849597,1.0946242069315197,-1.7759580661155798,-3.9465473255977117,-1.2102562241970305,-4.04802695935957,-8.520449333652001,-9.880205415487199,-12.95983231172685,-12.475374229733871,-12.576637841873417,-11.056276559679363,-7.25800530222319,-17.36945902537837,-12.20317033642531,-12.654000801391728,-12.1276407543553,-14.70121467176797,-17.344647337608123,-18.471903170656496,-19.762761439760066,-19.478669667373484
-6.477091265764447,-7.550180822228491,-9.609974347422828,-10.757041937796972,-0.37111821558879865,1.3208337957351972,0.9954064950650353,0.8841366166796526,0.31124050064075537,1.6152046481791296,-0.33007177272069477,1.1768708350255337,-0.042855770650219005,0.42533933065766116,-1.4220404868357899,-2.463386829003075,-4.741844470862894,-11.23216236518614,-6.628819340214274,-9.192811725721109,-9.048595610647684,-12.469882687232086,-14.026516172828368,-9.520328735333457,-4.814080882410119,-10.747063247801503,-15.481568751819504,-11.445766567860272,-14.205956484947219,-14.34157143677868,-15.402636548533437,-17.910186721543894,-19.980889202336975,-19.212026678998825
-7.528282425966487,-8.619895958021768,-9.273223225947415,-9.522620985009505,0.22952503204756194,2.2532254592112224,0.9882347044415685,2.6546326561778586,-0.017509389062388716,0.46159197301150834,2.2299093164329746,1.5037983267384172,-1.7999104036547025,0.7084385131646352,-0.6406914690131906,-4.0337851948764305,-2.7843642026925477,-7.689641479931131,-8.083266750775262,-7.646645530008472,-8.692350840409233,-12.58726339131084,-13.86258467932452,-11.110298064587017,-8.49126973765151,-13.384698521650533,-11.342990984371454,-13.66080792981491,-12.991686617646849,-15.298486475662253,-14.518321714571076,-14.623571018350969,-17.159836743909278,-16.860241995332263
-7.260161875462617,-8.312236551262156,-8.48936772235134,-7.739087214828287,-1.8742354677807362,3.9533347613390224,2.6258326966559005,2.7619741557958193,2.081468905786726,1.5770470372053245,2.7257625663617366,1.7059892462308588,1.2699209914048235,1.6144758538532018,0.04047933188048895,-4.117856874471212,-5.125114622991594,-9.49044994921365,-10.677077625104129,-8.003860919377589,-10.623704738043925,-7.785295032586515,-13.394537796931923,-14.276525886346095,-13.51678110948832,-12.851786426619348,-11.66004789944292,-12.864806130692248,-13.389412665603867,-15.768461717636521,-15.42668629726628,-14.980663089114026,-17.549802343020435,-14.25422748601028
-6.381330719014145,-7.32752177165248,-8.70630779744823,-8.533176099533819,-0.2261555748346666,2.1679881983243097,0.47815814575130167,0.9846243625015921,0.546545000779963,0.6662073216850968,1.6538694622648764,2.0655427904685437,-1.43872758413346,-0.5236901330178442,-1.8593699525491363,-4.406244651329552,-9.277890580202662,-9.211349393001392,-8.489371535588964,-6.777770809851039,-11.3924389535876,-13.259303041712869,-13.794269768504451,-13.839583983599502,-15.047244376299517,-18.927064694530635,-14.936768185389147,-13.475518736327887,-14.376363633928682,-16.41023481016494,-17.346637488018526,-16.88883472850561,-15.820291694500042,-15.250960023101484
-6.386631456564399,-7.707639797335572,-8.672835705644886,-8.193239376877717,-0.2242704229085739,2.7290364774141977,1.43165907883356,-0.16092269737828763,1.2287141428673471,0.017562732591838538,-3.001771384571118,1.8697057754504784,0.4639137871570685,-0.9202559463683463,-1.9136187726197444,-3.701541183008594,-8.51683422285959,-9.564048065611544,-8.489140747598585,-8.589674080859812,-10.750258390271666,-11.525186263969564,-13.27540225986395,-15.663399511726261,-14.00035764952927,-11.529276742432335,-12.359183941414093,-14.302398545370211,-13.404781356527595,-14.890104368253372,-16.996010479795466,-17.96426134954515,-16.961873563884716,-16.787095224578586
-6.546273585990896,-7.87415041463189,-8.931461651541426,-8.424155402975185,-0.64328337186386,1.2421070415481663,0.3338282631023621,0.23872221191535398,-0.5109732120150833,-0.6512048712943118,-0.48266342912009247,0.6083197322796684,-0.3594341773385636,-1.4985993160017925,-3.754131996418732,-6.264474679937445,-6.5195501027853044,-7.037692599301451,-7.3006689838424315,-9.373613219599378,-11.487991774138221,-9.114957985980581,-7.8187734413889105,-12.58702292750457,-9.698819677306995,-8.605897042803628,-8.595550203812536,-12.59860178600975,-13.181165768548308,-13.695849064227977,-16.716649699576106,-17.66312188454253,-16.961944614270163,-15.829437017671255
