script/wind100m.json
{"header": {"parameterCategory": 2, "parameterNumber": 3, "lo1": 3.000054539987559, "la1": 64.9999836372058, "dx": 0.5, "dy": 0.25, "nx": 34, "ny": 52, "refTime": "2026-05-02T09:00:00.000Z"}, "data":
[rows 25 to 49 of 52, columns 0 to 33 of 34]
0.011621736753036942,0.6733356284385056,-0.5241863047138269,0.8250320986790208,3.5745100692649587,6.273608729319902,4.430624838745024,2.5667431909950964,2.7597533345215175,2.3365291826950503,2.501766437405639,2.8179895235571975,3.041780823778094,5.429661792771433,4.314570937951218,5.21469586965288,8.032499397967324,4.958040442486756,4.948442971449351,5.199585704988433,7.557403196580656,7.634466750781283,3.7369257295196032,3.806401203011735,5.3473546446447715,3.544420315593193,3.1455879092901866,3.0873202442346392,2.3022079403821856,5.247552674627315,6.4080953893079595,6.209071431179069,6.193701588505245,4.761414832406841
-0.6596032749093783,-1.1919755721498555,-0.1278310636149987,-0.2892841263145352,1.923248969754477,6.098278699500865,2.883709250359074,1.9576000608303255,1.3841120700339191,2.34119916920829,2.5407635456866293,2.8889088887745,4.710122163152681,4.225770462069999,4.514595247711706,5.406740193558709,6.9179149110216605,5.054264972532413,4.903279890991493,6.836982760557752,5.912979462047822,5.792774999657156,4.066105506107129,9.800879285375103,4.543295566246523,2.7685644382740815,2.9690361264045757,2.403080495963813,2.0960797772010142,4.854831169919731,5.551339752823706,5.361275686355642,5.538374440093341,4.14387238213316
0.23698023412593439,0.6756792768343447,-0.5819846986551155,-0.11755385986350904,1.4798113641145634,3.3868320101585674,4.502054677159902,2.2251997830819694,2.235902758147466,2.662773123156518,2.912530006721256,3.077419800312941,3.7415432542249705,4.30209222194547,5.502249283961948,6.267052763649165,7.195840674058923,5.378120721403488,5.064713769256247,5.582530242830231,5.799820770646201,5.186700913307737,4.618782498993054,10.520068928990204,3.840752634041856,3.738571737357141,3.6151089487770562,2.8608332701672583,5.383618742900367,6.026608485173027,5.4405069552628555,5.976741991141902,4.485057548109256,3.385284575037855
-1.1530822651336587,-0.19115249037230475,0.041256127564867025,0.5132713694336032,1.459150606760544,2.321774618391569,3.861628268771858,3.2626244453139446,1.2232162526821615,1.2827375570410715,1.170647639498137,2.415100545137972,3.749906134219502,4.758055191577256,6.522102346060361,6.84176980796092,4.804082584195926,8.982228475918513,4.739086473192303,6.159124888157654,5.648626574472193,5.44160947028263,4.2149478786019845,4.913144292712495,4.263886112468521,3.738092984798678,3.6801242851060505,2.8756979777214395,4.875179927150866,3.8470350235270714,4.379873140964895,4.775743068934395,4.170823576661217,1.535399854271419
-1.6777365754290892,-0.8806613947135801,0.8964049876447604,1.6189439514814339,3.331528161781757,2.9471426621795795,3.554468448449106,3.744119915518953,3.247619107446447,2.7849862547139,3.439237160746988,5.348972538548595,6.336959029400826,7.044948915451519,7.453872587825715,2.4551729921093646,5.590851297796449,9.135331939040261,6.608022486081685,5.474068348401289,6.026317165158876,5.237037620040395,4.9037751069354165,4.6108893160863875,4.868269634878456,4.446286329551774,3.743160515224953,3.259116682844758,6.111580904510967,6.486494850574048,6.702312299477689,2.0208574240303663,1.0064660495135582,2.429687685158165
0.9827541254660142,1.4692613831223378,2.186242288018321,2.7445514095043912,3.8294408642250843,4.6880354958205395,4.202202097471665,3.954197139087561,3.780571397602173,3.589897445748588,4.277967028834828,5.288458779779094,7.9703394647877035,7.663447208878058,4.723552770891323,4.087245755353853,8.407580893464289,10.894217975624851,5.292181982155126,5.157795291498275,4.581624894978752,4.572650307411899,4.654786785193518,4.228157243356475,4.158067623950575,4.185907785827345,3.9610172139209503,3.5482498245929928,7.268745889301934,6.3969723194823835,6.701564705662676,2.4102828000637055,1.5482011632341321,3.489225322230265
0.5840800504924891,1.266342840881509,2.332594994341368,3.938200487513125,6.801298796639064,6.221874361662534,5.304736563473223,4.585444497039871,4.754375404659472,5.146752886314731,5.716816253616992,6.292094314899276,5.540410941380897,5.924856106695291,5.145083763114786,5.371238300718762,6.687826289941605,10.060117999979392,11.45380709245958,5.658433776308763,4.570048996381959,4.288692007380853,4.337396011583122,4.290867151161107,4.715237374302178,3.318584878756969,3.6720225997213753,3.9600880714169895,4.300444607504668,6.330631204835199,5.850097320741338,2.4582645933649707,3.1784793870947943,2.719378936009924
0.6884934196257709,2.175103129886311,3.039588684214592,5.650923582780652,7.790905385679994,7.297653572288255,6.235193732921463,5.051708707070695,5.190770077417852,5.179132048645266,7.029445024837052,4.442238083926498,5.895779546986117,5.148161395298392,4.510444439998948,7.437477820867644,9.908851946645157,9.16848275962926,10.90402205862242,6.143687832619797,4.601673686548127,4.535250139688423,4.772625826142159,4.322822316393712,3.889265155983311,3.943321477061271,3.9228833125994718,6.320611453861747,4.678868171671409,5.590297739082663,4.110925175036866,2.6602502071979517,2.765723689556777,3.490629254924458
-1.131279283904301,1.2048008134859547,6.5534260145733905,8.529987022602592,8.633327492659703,6.85569530270305,5.980263877768493,6.143241561061273,5.442803336973801,5.782512699375285,7.223081521945574,5.231944890627539,4.759966262660025,4.824937170164561,5.1974223865282045,7.336542052241107,7.1671582903086,9.399345769550589,10.52108242822975,10.6700232047125,4.7041557101875435,4.367350926032659,4.201425865017546,4.602107305756504,4.642685837763774,4.0948971532490726,3.562102936629349,7.6922606602150205,6.364939441521461,5.487186811449762,3.572502098575618,2.373278209189969,3.132825235141639,1.456034624915879
-0.275119304065317,0.5153332587985867,5.088951937320336,8.234820102001917,8.525126585758887,6.41589405981312,5.655665825631206,5.817911283524551,5.610815074788227,5.463293747704198,6.78717539177808,4.843215648762978,4.759769178400145,5.359503102864435,5.151287732407454,5.292967495794663,5.754289053635017,8.73279424508749,9.937321679468475,9.006086115567523,5.116312931895706,3.873829344453013,4.948740921348522,5.1094314403120755,5.104215970192454,4.542721080968085,3.8255335482242256,6.147764706897642,6.409998970320559,4.96126005019088,3.5295171890482258,2.562001566650429,2.072086640025823,1.2229408048545476
-0.7599744379491506,0.22605033671801814,4.564455140724866,6.42258838889129,7.75918594386894,8.123268264879218,7.517389787140213,7.478540035960614,5.0677928343111125,5.454980129318588,7.2847955762278644,5.244231270673006,5.654392815809605,5.022619343868681,5.158956460799016,5.301154870520172,7.430268372731144,8.718289512953714,7.145732452151946,6.521273080645538,4.805509424852767,4.235894114359214,4.323121832975277,4.949251438954138,4.087763766440468,4.069676636934307,4.134539568273211,6.530749949203417,6.507613060103841,5.897701957166083,3.485132253043328,2.081582222210162,1.2675860325797528,1.16565674896122
-1.7451734325033728,-0.2263972961214755,3.127023625751763,4.476049315850594,6.389408371488963,8.788125590790065,8.26913837477318,7.56509970965304,6.552596401416393,5.9120151160976135,8.228074931645867,4.831878589060159,4.808425216249698,4.487576977954717,4.947431974039769,8.859787329065046,7.640931591239611,7.778505446273764,5.38280318618125,3.5464432613245203,5.605474246757226,4.711851570000431,4.075140365016851,8.52492031419902,8.385083850497198,8.09518317407296,8.684853132741488,8.05179971722243,6.6110958276449905,6.11190571037109,2.9075248071005744,1.2132873873055667,0.7907534217181507,0.5664094192581891
-0.9517015782513243,3.612765315097958,3.1705184384262615,5.7157148034644125,7.254093492156296,8.181507516524396,9.752077287209913,8.965128385454205,7.383264229100694,6.149622537122119,8.386804803228747,5.832633859523746,5.211448681075465,4.58965942935361,5.719740609541715,5.269369460432789,6.458867945632549,4.97538339595581,4.877846005203717,4.960715578676426,8.069771709807963,5.381262166815879,4.592576396176448,7.551700202576742,8.462489596360605,7.546481555768756,8.262545022346137,8.310874259089605,7.249910605417402,4.61459463393802,1.4656595567092474,-0.21346075083901142,-0.5581026394768404,-0.9569389854641579
-0.8640170421876381,4.761701495892273,6.944200923001936,6.813053934565005,8.215922396271742,9.754826532308503,10.270634914521967,8.025170669604309,6.480385834355278,5.626103545060738,6.334817087362275,4.276976290960222,4.476784097325779,4.179964391820948,5.590327975490857,5.042788403672922,6.0992729236326655,4.522494354935641,4.8087221400390625,5.757213019455982,5.769820861908778,5.069111513843418,5.131559711195783,9.061761806038621,8.856065479680376,7.906667753014788,8.857785662694406,7.6815162207463645,6.7533802038622195,4.472469534789785,1.6260933468347827,-0.6022623573914625,-1.848298401714182,-2.9399297371353854
-2.4580732246545645,4.063711619881302,8.807365722938659,8.499299237214792,8.581291965433136,10.402687530652322,8.554694876659148,6.563269594745052,6.195108355049931,5.969840248840335,6.104189717293075,7.9576452881959066,4.7531889703489565,4.393912898110294,5.281110384145269,4.722732545817103,7.037014245679909,5.126754280981634,4.06613386336704,6.600924885499667,9.359646166285291,9.595390831714989,8.915934548873622,7.934390800150552,5.95435776718104,7.273471522931859,8.575704346067207,6.57870563774225,6.515682738219998,4.417745984709902,1.9956845372616188,-0.19541920376511138,-2.3574161504410553,-3.9624792099455304
-1.9057490298005437,5.1690866165293405,5.36005439711219,6.5725660008787905,8.627896944044652,8.93447951863837,7.173873295769366,5.951127646565887,4.344260313178826,6.254048802389118,5.99507961494667,7.759170517532707,5.270368143417791,5.033741179038,5.173813458012992,6.417248662922701,5.4497175707289784,5.074776513032486,4.485486871377579,7.1626324345599475,8.487097874333621,9.27248607040874,7.968840004325395,8.72199373494718,8.408760712625282,9.138593616730471,8.164203634144185,6.04955065489542,5.879508866641407,4.199870746033814,2.180910104331955,0.041156213312597986,-1.9994157047309944,-3.6021467431729097
0.27467427254017857,4.2058833368401976,4.562470604983743,4.419487352916058,7.106053203461005,7.272521416228848,4.863142761059569,4.749739019500303,4.807086355694076,5.254321373969814,6.464740912953396,5.996977200666204,4.850674197657825,5.372795387536529,5.353169818513115,7.669337542962157,7.435704072117943,4.22081355162023,5.073141667998951,8.674210816383656,8.197636640741651,7.214262615883505,9.601230877751037,8.550529979579858,8.280875240358672,9.618256786731411,7.552996014173265,5.813740976567786,4.140545777950156,1.698536248884756,0.942012273283557,-0.8032539661260587,-2.906620115707877,-4.1243366224024385
1.0627647434707796,3.6234216415620817,2.9180679440389437,3.6394345255524216,5.4880221031562755,4.758649059899658,6.249705171959954,4.012157109317978,5.481432483644597,6.683586522622804,7.338546273025228,8.07958945109686,5.418504772453336,5.11673365680682,4.830306868346006,6.032600121858983,5.779520177698669,9.313585463981472,8.93589108883102,7.960542932500564,6.248416149584342,4.999970812326722,8.603532354383258,8.902678634268629,8.832220562528246,8.888831001477255,7.620464474281813,3.8228034881324,2.5746117510005817,2.0958781190741957,0.6702573099514323,0.23981923310640552,-1.0871164499559312,-3.6004427090912436
2.2840340222492577,2.3827936082288623,3.0497959187739285,1.550210825609594,4.001231473251012,3.4831154579133083,4.756019177121609,4.509514968155116,5.332492224467924,7.62139725018903,7.53040794948353,8.842560788296359,5.281097260150804,4.581405785405509,4.255241488447958,4.365703510111456,4.756819428458664,8.877255958184067,6.772030235453251,5.229502118415814,4.415546289191422,6.085391949811933,8.024420199340646,8.229586171427549,7.84876346036308,7.558516993509635,4.779069835047818,3.1608335429190024,1.7774996561033385,1.8515767234140639,0.9458378686128114,0.24042980548365805,0.4921278091988745,-1.9671464240300252
1.5967977630203296,2.6679285537689497,1.8731605474363553,2.9335113831099076,4.721839913768774,5.275365677949063,5.413062645219191,4.557138295492543,7.041253241683192,6.8325380316871325,7.344994307806838,9.153574202946249,5.03586813649897,4.149405815404123,4.4030566247206675,4.541417944237638,5.206659778161677,5.688326308031623,5.475951239453792,4.73601129268833,3.936647550645846,4.719502952143794,5.610211527450495,6.012628156115708,4.350113472883659,5.075827158892037,3.5236164756001638,2.70540071835105,2.1144033597616034,1.423534011941127,1.0031900552166537,0.5495499951099347,0.9851908222343103,-1.3347622562990809
0.8630907489649066,2.415037450125691,0.45999237935777565,1.5849858173097529,4.739221926649041,9.014898551456424,6.922927858526063,4.885114159841898,7.371293534738259,5.70514641090082,5.747992078015143,6.82533107797289,4.926676189579743,4.602284034475678,4.0208345215217465,4.596784647520797,4.939069674389191,5.714982404168984,5.5220433368014845,4.394358610509234,4.362267548292166,4.574282597346086,4.83492158541421,5.73050395343126,4.1949798323331695,3.938865414175028,3.4319238692622505,1.818207732950086,1.918976794644617,1.2800008653771642,1.0904199736150546,0.6490460179186307,0.3270591389699286,0.16686364144714305
0.7709655162575774,1.9531502797149423,0.10425019335555266,2.541699508724351,2.9630414384102783,8.505264610413345,7.154817518040006,6.035504702792103,7.278154142452261,5.222795744606757,4.565220812864196,4.854358127201779,4.321697525446063,4.719711741244696,4.255181245171308,4.3087097020052125,4.541805937830227,5.549705773112456,5.174254374883824,4.21930816150399,4.559234504453959,5.462407335930854,5.313884374527384,4.9129589813527375,3.5902760730311485,3.2705518413363017,2.566240669603913,1.6034426471043595,1.7927832497332556,1.4506628929496346,0.8342615138917879,0.8936008559471231,0.37205972682136973,-0.30561334485704206
1.2423205441847802,1.3039418589508918,0.33219081368932896,2.311234008912762,3.462235127310546,6.2413097723968365,6.202066894889042,5.8070564119932975,5.286042608927628,5.247459967059632,4.52118903206875,4.5602761118743755,4.812615393118911,4.831699473043407,4.427664989141558,4.646680260280822,4.685525233533319,5.036784277018508,4.950887786264474,4.182428726288169,4.9871756377985434,4.710106508302821,4.708097154681342,4.836251174987636,3.463925526933389,3.000905135293247,2.0956741170481896,1.6182255663419207,1.3283479479213287,0.7061381846035338,0.28944065234131205,0.12595434690133345,0.03428928765052579,-0.6844385382878196
1.371464150890442,3.365667822873247,0.6405375362581015,2.325187460366624,4.428960882104074,4.941174948996465,5.434773277351226,5.061233615707531,5.844967693170387,5.243994626925399,5.2168908474873525,4.7171445288962675,5.209785654873876,5.776967569447841,4.610871214151796,4.82714745648433,5.796513916356361,4.763747017915007,4.301896216126784,4.0700417798479265,4.454621309822468,4.4259707873933385,4.466711273068291,4.224893634940526,3.34277945101108,3.107697135354056,2.4041577932792384,1.5958279303064464,0.7583024980094377,-0.0027513961537587103,-0.7383456836706197,-0.3496818233067114,-0.5231694401329477,-0.8902493782429227
2.0846752913282653,5.194012095602725,4.232146220618336,4.146722854673926,3.6987779402571808,8.569812837799397,4.651184211533114,5.137698172968467,5.578517317425468,5.396438743311733,4.50284841786374,4.75768872656327,5.323456067951878,4.984682143658279,4.896303205714426,5.720415840267414,5.676107678087932,4.86188885708807,4.533879695285072,4.597228088169709,4.806325351739556,4.085678296139086,3.968589177672062,4.0276924491116795,3.398108093327761,1.7693940024733226,2.3216383353476377,1.7197779156076216,0.5308794070398064,-0.07972838899715871,-0.9884566271324943,-0.6785041529292077,0.09961582546165204,1.0430948909120437
