script/wind10m.json
{"header": {"parameterCategory": 2, "parameterNumber": 2, "lo1": 3.000054539987559, "la1": 64.9999836372058, "dx": 0.5, "dy": 0.25, "nx": 34, "ny": 52, "refTime": "2025-05-18T12:00:00.000Z"}, "data":
[rows 0 to 23 of 52, columns 0 to 33 of 34]
0.7945578906487879,0.931865486640893,1.461468983856366,1.558085666362385,1.8205619277295346,1.6628932190631731,2.127303620172571,2.2027658661178817,2.756535840531584,1.5519701460567408,1.9193832137483604,2.1217112596288175,2.0110746693198482,1.6880597492874205,0.8047634862631688,0.7945006565904915,0.4531162433343328,2.1564497539475354,0.008186414805317777,-0.1047235876194896,0.5471614880643617,2.222186276133629,2.0315446912869555,1.9930143882365452,2.2453587532886687,0.8653361313129647,0.9585403519541245,1.3997921133032039,0.1779367618454265,0.26620247930574575,0.2637449325971955,0.8380523238854792,0.5865945778804016,0.15531450916683384
-0.0013239723926694407,0.1995636654699352,0.5733899633807965,0.6287737489453793,0.8477617727822957,1.1010117477297536,1.237743327597862,1.3237102216782226,0.3453589692357109,0.4017778681517735,1.2482755083237356,2.0725573420841252,1.998718143436511,0.52776997129399,0.025687095658488333,0.5359313780091579,-0.45678075501259047,0.9082745007982893,2.077214679885426,3.337710169281693,1.3347760576364291,1.1377282537774296,1.3970109096660366,2.4316168991519684,1.207148905640713,1.0845701668061094,0.10679046609095558,0.6792843787070888,-0.03308516537139466,-0.21991109472912732,0.14020223179801555,0.2663261401136911,-0.12487936153572664,-0.36338169011681787
-0.838446131433894,-0.8206959431967731,-0.9676525513320728,-0.09647866785887582,0.23792632305045716,0.6191934860314996,-0.22571401037393804,-0.7212755332353566,-1.2161803572372623,-0.4647271226111766,0.0060433055937748155,0.29488854818793914,-0.8024219217391357,-1.0298197173235144,-1.079273879228141,0.18447090236244965,0.3772323733912127,1.6510519549156275,1.394475958545346,1.796823395692639,1.3389831183379588,1.1421317964736317,0.9678706038986876,1.4127909928310325,1.0588591137786756,0.35773693269840806,0.9388327019248282,0.4610119985100986,0.2745456935094294,-0.5456186184742606,-0.06707764534857867,-0.3824131527322968,-0.18291854742149238,-0.647305498762041
-2.0062952363958866,-1.627543349975439,-1.6937654268126134,-0.6129346077611539,-1.270733875077127,-1.7328838627003458,-1.3353369971493807,-2.062331167041421,-1.9268244969571093,-1.7388713275651884,-1.6491458872641296,-2.399769205997696,-2.7307975006875718,-2.254994463093348,-2.0130879439790133,0.6411773216020379,1.6080938170188446,0.7685100138150049,1.425520514328946,1.4485166957171984,-0.18559762493412385,2.8989106422721065,0.5846370388684591,1.175172075413293,0.9015598840470187,0.8436830074529843,-0.5325368966527886,-0.2877933810706007,0.20924461988579485,-0.7885556992322184,-0.7186912626074616,-0.6356144879833565,-0.7300154567708764,-0.5550147616580704
-2.114952823892416,-2.645444313162325,-1.8407404369370717,-2.440048415702626,-3.0603798328236196,-2.6952896787700276,-3.03480857519496,-2.788145786941702,-3.434362846193953,-3.5735783755786867,-3.2532567345807797,-3.37572472052487,-3.2394483743797595,-2.885378999263227,0.37462650479165144,0.5782665173278908,-0.7063782387760775,1.5464114487816278,1.0142226293294008,0.9534128795472007,0.7100489196655432,3.064790738983823,0.18710003283796833,0.7041159675406012,-1.0098947455025222,-0.01863616554235652,0.5205591175295508,-0.14437059391881077,-0.42966770472863286,-0.5128764392246739,-0.4616746124846842,-0.8708217844222547,-0.8749010244643133,-0.8024166645617665
-3.283312410392439,-2.651500096545829,-3.749443315931998,-3.7643204724138886,-3.9467269461409407,-3.9301388820894956,-4.397906582512593,-4.140134965991206,-4.505883238085699,-4.572903219347926,-4.806781224869148,-3.7363642303708473,-3.367907162774438,-2.282724350929777,1.149584215863309,0.11854962570476253,-0.7334188517521717,1.987057223934322,2.5732296776103767,-0.10076702044196631,-0.19539087955161563,0.6195994607598564,-0.9246735940024723,-0.2146037124305142,-0.9744049470237007,-0.4931105400851438,-0.23076556824530975,-0.06163993760731022,-1.0120435621601234,-0.7091877467336176,-1.1865264817367387,-0.7471729457358051,-0.9457848816838218,-1.2433366297764832
-3.9476953270464383,-4.5489856956494865,-4.720061326396602,-5.246380011534557,-5.405937228075529,-5.132274535365187,-5.521612524684344,-5.3347878448386155,-5.670924160146316,-5.346634070595094,-3.5106225068082626,-2.705329828709623,-3.3872286834249032,-0.019720145286116417,1.496953501335717,2.3863862305220227,0.5871864606795226,1.2660244684176505,1.7628441872394573,-0.03432823623708458,0.7674488318920131,0.904431664293358,-0.014278239140616,-0.7760757830545447,-0.9011229419907894,-0.544755234570953,-0.3923063764234745,-0.5009742058816614,-0.5657996215902401,-0.7459995374989581,-1.3154017580748951,-1.4131053781481324,-1.1093723277835,-2.559930540117614
-5.410466578117775,-5.487564436936761,-6.225654973555364,-6.361112572795191,-6.475453677059477,-6.5280004208768485,-6.676022221191816,-6.405694984159586,-6.324898822775246,-4.405827645899333,-3.46051058184646,0.601069155577905,-1.9051238406887934,-2.706625614131436,-0.14304119310263555,0.5216001407781734,1.1773600175980086,0.8701667109632877,-0.20870731729468636,-1.1838615379333233,-1.065223231775229,-0.6425589652799276,-0.7833865594468647,-0.6619046721168906,-0.8137639791181231,-0.8100402795719321,-0.7277278327651318,-1.0382696782400642,-0.8709492043826571,-0.8981111524692226,-1.3077807381917026,-1.0926763871180627,-2.444363518501394,-7.442597375780037
-6.056693251819468,-6.547035578037028,-6.843981228465619,-7.375645148000952,-7.237257647705674,-7.252887231069265,-7.5754187384333855,-6.9166996618778205,-5.179987186723658,-1.7912067032216772,-0.46256275975847455,-1.2492434510851576,-1.747522256349164,-1.2492650198028987,-0.7146433537055856,-0.6607041679801658,-1.2804594163408878,-0.8285428196331789,-1.1235894505381439,0.38603086816157556,-2.026064280556075,-1.3092165913343856,-1.0233679086640153,0.4148628851286944,-0.799827871684248,-0.8207145564052888,-1.1634506626046108,-1.0018706751292012,-0.7296348337470853,-1.014923875158672,-1.2583496406995254,-2.4587217573537328,-6.15536774448425,-7.211778490622677
-7.058900707901061,-7.361604343372761,-7.778218289513866,-7.830703217074031,-7.8525719087390975,-7.5906922415032865,-6.948604179729819,-5.809555714647033,-1.6542692329394078,-1.7030670833341195,-1.2850877939920282,1.1560152189162218,-3.5489768450448103,-2.603438334947121,-0.9321364735777766,-2.643199583116037,-1.9975792342040581,-0.9532799328584249,-0.18367894722524458,-2.079639985030581,-2.319005368721561,-1.7256337762655822,-1.5814400725634241,-0.4229329475483508,-0.9097172181461023,-1.0987491989630422,-0.8198795336223915,-1.2021275783334797,-0.9328233985100882,-1.1620247566875657,-4.271527186545637,-5.114609157762795,-6.394288643028143,-5.227663076202255
-7.2186484898299925,-7.799281774523998,-7.887006580646624,-8.276437492795083,-7.9263875797229035,-7.3852658724420355,-5.092959847445156,-2.1321403509925076,-3.3682910884286033,0.5424334894571834,-2.6571212877914445,-1.3724665407236067,-1.6193100951651551,-2.7320489767788523,-3.7812190629214792,-2.23829704384534,-2.0348624912582403,-0.7840901805128025,-3.025398943567642,-1.7187842408930178,-2.4771079763789947,-2.191830925966264,-2.7592444556647995,-0.9905702762461936,-1.0295150503072923,-1.6335051697920513,-1.3813708608378696,-1.3034983904907942,-1.034131661547313,-1.54891381169225,-4.384334206365513,-5.584481249046484,-5.403591573371498,-5.428760838134919
-7.576313822180154,-7.763818893991113,-7.634108054585048,-7.341422775921265,-7.62201993891551,-2.3594653919840813,-1.4436151486617594,2.0297287438775116,1.627162013094078,-4.283923301441337,-1.9500375087940691,-3.5126700827535333,-1.9934810058074928,-3.9081683990192597,-2.8525549667233836,-1.46830396424406,-1.2935575370049321,-3.9674124191405795,-3.3682272896823076,-2.727763602404732,-2.617953425432515,-2.483349026599927,-1.1868930261734247,-1.7994030956274245,-1.3950309802833207,-0.9482685732046955,-1.3637891112028966,-1.2868862849560603,-2.537430536045979,-3.494858521535531,-4.784521378230177,-4.263895713716231,-5.1800116305671775,-5.06186346597836
-7.413860799242105,-7.583060562621973,-7.381708804915933,-6.875943153120522,-1.1147419307298094,-0.18941571260569193,-0.8550009260200921,-3.1502326705018873,-2.2893858133511764,-5.3957625791518735,-5.37631932667391,-3.0228599227399346,-3.6286058108413957,-6.021833806146207,-1.4382785487628915,-2.977609243669631,-3.470205321494824,-2.8348899885903136,-2.99067812236911,-2.6645120872986823,-2.192006686178052,-2.040965922537243,-2.167683762204831,-1.5664713724927524,-1.2551355639894695,-1.0776090668197515,-1.1387152280600514,-1.2349895613136501,-2.5936160423081325,-6.53230968587245,-4.599324969307508,-4.086909668046278,-4.665383631426221,-3.950051695855887
-7.298002227610054,-6.875239599329958,-6.149121728624243,-3.6031364846980414,-2.4981403393761585,-3.333431622199965,-3.003348389275479,-0.12332274641857593,-3.4803387666194636,-5.375400535298115,-6.059305300813749,-5.889077404950656,-2.4007618359889915,-0.03297642236993978,-4.415562011034311,-1.5525349758855091,-3.685353742831221,-4.071696227432137,-4.155780559606843,-2.4455725501648526,-2.5054856758962822,-4.173717928971388,-2.346122942055753,-1.8931539246906013,-1.5852258718175376,-1.723808112905295,-1.558895174939261,-1.9268139395650177,-3.2247539585091194,-7.1235832080974735,-2.516898697349014,-4.812692627561279,-4.169970081638741,-3.2360114670012763
-6.7591284214504626,-5.47297566543191,-3.5194698354995486,-0.7409250704710089,2.362999220675634,0.16992758175778386,-0.5834171352770422,-3.463253416535928,-2.2543230346868994,-4.529115696143696,-2.4350217106789818,-4.712297794247257,-4.354785048619341,-2.691644577746807,-2.0469340612124873,-3.827421965912131,-1.7814065064126412,-2.6167796630994578,-2.246125102681299,-2.001616778188733,-2.0982635900434734,-2.01303464579243,-2.0257161467052343,-2.3603512427249425,-1.441166228397621,-1.181723182444604,-1.7192846273559361,-1.8055758033020937,-2.6849994298649316,-5.612180502290716,-3.3292906426563706,-3.909417465557119,-3.7425558462558532,-2.242676851596554
-5.380007589888246,-4.072284432187341,-2.2180114075010677,0.10532286298095202,2.156622481184642,-1.81636154446466,-3.4862074140795505,-1.1244237397159595,-0.9354416072057836,-3.3864215155053348,-3.0798238507571716,-5.782351420092857,-3.396713938974129,-4.777658297896938,-1.815552323775607,-3.5511270248588507,-4.0009524671293475,-1.2154854300962512,-2.3595967891523446,-2.418754502795352,-2.5577294742177434,-2.5717314331710583,-1.5632555520999698,-2.111243368607376,-1.3214029552287125,-1.7619053529228892,-2.202040276546579,-2.5077929858758994,-2.884601171964272,-3.4672623998242154,-3.235850281703169,-2.985913926028841,-3.162898266715266,-1.7617608834272325
-4.8120876506215655,-3.090732634975779,-1.775127654013769,-0.2010884279428147,-1.3861748059106784,-1.5765480259353448,-3.6978692558423436,-2.4385606473136785,-1.3564410073724464,-1.4076520919878777,-4.800170968475327,-6.020091654001683,-2.3504685284140114,-1.7452580209332549,-1.6988616376493253,-1.4153808591440658,-2.12576768687784,-1.489341238841777,-3.193086637196134,-2.393454275638999,-2.602340346329493,-2.8075208926134185,-2.0376008019193486,-1.282360942727704,-2.0458150832718927,-2.272509692856589,-2.4157909572959246,-2.801811963000215,-2.7140208221906055,-2.8966744944469975,-3.299220681518533,-2.6267974056829497,-2.692482480839233,-1.61289434168284
-3.4908426586288868,-2.3087516550106764,-0.6908074034296405,1.2193363964045139,-1.4166591411544964,-1.62593366059322,-2.164974923989245,-1.3341128517823477,-5.740692681648472,-5.513882410261057,-4.084229659794505,-4.435555229512305,-1.4887691111513226,-2.6418994872308073,-2.1908636323422006,-2.7511742646612247,-3.848052513185999,-1.9260880250142216,-2.1701019649716833,-2.0742933661436727,-1.7266750661922885,-1.982848676948445,-2.1139831024418556,-2.3737442285402097,-1.9372652314465095,-2.152624062814756,-3.2039442597062204,-2.305815055076329,-1.760000199731842,-2.9941212788981066,-3.240808052063892,-2.8982952602236995,-2.8972036633551768,-2.029185141754757
-2.751687462009872,-1.651236211958398,0.33572936188631214,3.1321978694202994,3.6425241276816305,-1.324487292793521,-5.580767928488981,-2.9654119355464776,-3.1706521879711005,-4.34288899568674,-4.743812045916655,-2.4460005636290987,-1.634567903127438,-1.6643677275617954,-2.504946413126705,-2.100163277286679,-1.627060581190701,-1.8365123274676052,-2.5564945324463992,-2.0529997072053803,-1.8355125675413808,-2.6266868771277596,-2.5890525672078533,-2.193834237852567,-2.0026569953108377,-2.7185200211528837,-2.9263806968927693,-2.9083862304490187,-1.4235386572966127,-0.2565963404290979,-0.9735705014311029,-2.462635159603086,-2.733657280938394,-2.4034450484459784
-2.8026943472424364,-0.9562005944218088,0.7725807316463786,2.9364729626529664,2.807224731047693,-1.7328921292755197,-0.5352614656493949,-5.134293269703138,-4.58753038403984,-4.717522889038409,-5.224678857136295,-3.901369450134753,-1.363841728602748,-4.639196787577163,-1.9993490013147506,-1.5395730543270396,-2.473324079272361,-1.6394523847886577,-1.6502594826304031,-1.7844868985597133,-2.3547419340356375,-2.627015172406805,-2.3388536355429186,-2.463604548322144,-3.347937443970228,-2.6272247812429383,-3.143634069222756,-2.2839017467817118,-1.7474036414208556,-0.850702569920934,-0.4601075237818765,-0.08343536047346937,-2.122286640101895,-2.0318336775371604
-2.17191017825656,-0.782675247224821,0.4306532034425695,2.1500263992650397,2.815131967411829,0.8422052144112381,1.8393854710187685,-2.6860642553773912,-4.586789526015476,-4.231563076531953,-4.681489645518187,-4.342622469893115,-2.7963642919649976,-1.6042852721804042,-2.767955891866082,-1.8966779968301852,-2.3301405163307667,-1.4246205035647095,-2.294778451767771,-2.3948670666085947,-2.2340941823631475,-2.1619828068551783,-2.699473494992645,-2.9612306323654747,-3.1260676467162556,-2.4414085180776075,-3.228709820636069,-1.934975765425121,-1.0224225595686545,-0.8198398198200528,-0.8702438044846625,-0.6217288382559725,-0.02680898058051591,1.3060259732678767
-2.6236763217229857,-1.6028345424939132,-1.3003032149263805,0.9436462983204286,2.4518274411815315,-1.3146036433324373,-3.128093406991288,-1.9204658237195387,-5.281977111521109,-2.7961686793564184,-3.686317905962092,-4.014984153146269,-1.2315528490430185,-2.305534534500663,-2.0261782484660005,-2.5607589193166596,-1.3427204326105442,-1.5372227748323557,-1.9546924198522055,-2.1115528792981015,-2.284773209996069,-1.7292708238213257,-2.9016140418412566,-2.499481472934066,-2.6380339019183143,-3.02322270814675,-2.4150910033157444,-2.5398266344232856,-2.0667816589468258,-1.2159168226327743,-0.5445661935472264,-0.7449424015688637,-0.1758169469187006,2.0842014313645283
-3.326365196239372,-2.2846070226875046,-1.8544669404016143,-0.13956985268257047,2.055388396632602,-0.11299050047160662,0.07256408886215382,-3.122276541222853,-6.147227067599412,-6.035729848767453,-1.517305171039889,-1.549200640486576,-2.4278333408638595,-1.7590348780138578,-2.9296757375117046,-3.149928743851833,-1.7255612692709963,-1.7418337433934366,-2.087413598477847,-2.683935481778712,-1.859254376143967,-2.4556419069262003,-2.5991587768255626,-2.6100258599779624,-3.06830178071575,-3.292002136579777,-3.3563480614693524,-2.908289093615064,-1.687850940088934,-1.4002043032109828,-1.1180296439233453,-1.4645236963983308,-0.4261004298058487,1.5528210908604883
-3.6926487384420184,-1.9778047359416302,-2.4734075646193747,-0.7568250741452048,1.5515498506683527,-1.4241669874661635,-2.240132856466605,-2.937760676818808,-5.080210074541373,-1.8107050315718305,-1.863295641541856,-1.636120480332613,-2.3023192739441667,-2.1625269544958163,-1.8292574360667573,-0.2146914903290665,-2.1945451732611985,-2.1469348414893203,-1.9165630602557535,-2.3494107791641516,-1.943765622050528,-3.828269122325748,-3.715151398248985,-2.3304776320495635,-4.929213370055866,-3.3561638714023454,-4.093013591312017,-2.1807092934282335,-1.5569021741455031,-1.5408762613602334,-2.006739306747928,-1.7197401505535386,-1.3910329694024273,0.0015049283940445646
