script/wind250m.json
{"header": {"parameterCategory": 2, "parameterNumber": 3, "lo1": 3.000054539987559, "la1": 64.9999836372058, "dx": 0.5, "dy": 0.25, "nx": 34, "ny": 52, "refTime": "2026-05-11T00:00:00.000Z"}, "data":
[rows 0 to 23 of 52, columns 0 to 33 of 34]
-6.28386870241112,-6.211603118170161,-6.024012096237391,-6.937560572024208,-6.992756068695209,-2.670732327317554,-2.0431633419330737,-0.3268169855340792,-0.47759458686195766,-0.4044226813930103,-0.6031591537818176,-0.27127208552843257,3.442819609530622,3.444994900972192,3.964305405135029,4.23135157222934,5.320733758085688,5.461647659574727,4.434630278833639,3.1792629794502925,-1.174700062142066,-1.3228069770334494,-4.169639536712827,-1.217749675694123,-3.557571802282522,-2.1898322495294362,-5.917859572251061,-8.409998933416613,-5.2480263948433805,-1.4428382587731192,3.427807946012052,5.22965621345917,5.543290947114529,6.308878302923288
-6.991203447772745,-6.85376952917114,-5.939345060263348,-6.397579169580433,-5.92832468937295,-0.7895330020246636,-1.5493396973062346,-1.311710441892607,-1.7134658599372146,-1.5574460405102961,-1.5691349698662702,-1.465642913380692,0.35745488416831706,1.2774587669437374,4.292309634845296,3.6049816646013135,3.771802666598833,3.24637030378247,2.525529870811044,-1.0478231483466216,-0.08772384107278848,-3.4555433210379713,-4.079920835738896,-5.562218867464616,-4.463978228814014,-5.36387243512182,-5.547296634337216,-5.630469865612678,-7.146492382369497,-0.8543046562352224,2.75159539340153,6.068661488797716,5.582930082405091,8.098535625533533
-7.352858340912421,-6.15518172509537,-5.254972122864707,-4.893419065357766,-3.2830847648342703,-1.216864760626117,-1.5297096073440222,-2.1923577621476014,-2.0045578314159354,-1.3997683209322487,-1.5945431069472351,-1.6643444747021487,-0.054279324790791166,3.7883802138357754,3.210749688957135,2.8987026420975424,2.719189580755939,1.044270610492973,1.330001479791393,-2.3779188984957287,-1.9759547139896723,-4.631351959782135,-4.998305392414223,-6.071812307752459,-7.241765803781395,-7.082413867344366,-5.2218646697081414,-7.7270134429555934,-6.38325641977226,-0.2308287238329157,7.545391676040388,7.690022287572103,6.347939038582789,7.600021829038638
-7.17547717194211,-6.74164312560922,-4.27744723155751,-3.6489971703128297,-3.1495749494796144,-2.942544569079712,-3.3019332629992872,-2.7743363960971825,-2.2767006342290244,-0.29526740514240557,1.032513477487008,0.9642425573315083,2.7227522353924014,2.7557309201261986,2.893204796435711,2.3759701696324096,0.514890713891934,-0.5981373605310526,-3.6258595144951022,0.1932914419862324,-2.736122615425922,-4.120872014904047,-5.994546681934806,-6.891653939893877,-7.224054833769766,-8.208960853130485,-7.021696440408481,-5.520086945119575,-6.619002969087781,-2.0464608430712135,5.204557251704904,7.347265694367254,6.514857485480784,6.66758970779046
-6.29643227354421,-5.828451648201918,-5.293980947871371,-4.917210071765172,-4.595207361156391,-4.760315875954872,-4.371165027358336,-3.8530978215692846,-1.7647817762100249,-0.4550905581106881,0.511138630784883,1.2478098652633247,1.4892544924145803,1.2118676765049825,1.3193362560286443,1.225676231805274,-3.573170218264905,0.6993859327555979,-2.4184177903311097,-4.266270242527465,-3.8438828467946,-5.336647233123177,-7.115839292234052,-7.534841065216687,-9.657404950618922,-10.45278300850996,-7.34569428793892,-5.649415977080557,-7.119787426078652,-2.7306937720183755,2.543939183373026,7.078345068816247,4.988022305270917,5.9344270377882
-6.655722658406733,-6.188618758452178,-5.929746074757501,-5.429725401392868,-5.509737588871388,-5.183458270801256,-5.893698086895689,-0.1544155602188391,-1.677635761971046,-0.3495280066615849,0.9932242944181294,0.37903016725863514,0.9993453323721104,2.0843011065219055,1.5600048787827119,-0.8536917895541924,-0.4438807583748352,0.9706808459500987,-3.388242890533749,-4.807863141634311,-4.508091806692093,-7.584791097990951,-7.824131670631118,-10.03076257485453,-8.559913899481135,-10.20123306736087,-7.879323557015252,-5.9701643097430175,-6.384925020818471,-4.660823532500544,1.260837005839108,4.717683509754322,4.320712287961623,8.188240224236061
-6.456825741673498,-5.781816762422204,-6.323622728110233,-5.887829184114816,-6.255370731127014,-6.80216385212074,-3.9318717790381106,-1.8439998354644302,-0.8898812784964486,0.22636486025915198,0.4748157790384128,2.0980986506222266,2.5788737235676513,-0.10013750403965946,-1.078900763754615,0.14894563699929986,-1.588328708939369,-2.9583140087052597,-4.656783752540791,-4.9923377087769785,-3.764930666625673,-6.17011191606179,-8.1504105268946,-9.302576192274447,-9.968677120682134,-6.666556611100769,-7.0983942593696305,-6.5323747683442255,-6.293089408484854,-5.0483368468885725,-1.0916327951744167,1.5079798650999634,4.373303972453652,7.02735055725335
-6.262021849565009,-7.031965626742138,-7.0270787040834035,-5.902856136725319,-7.38248221116729,-2.8618346542392565,-4.274228353490272,-1.0014331241668497,-0.38177826103910006,0.09136515705331559,4.263579429724291,2.381188155049177,1.6390451747368817,-2.7904412837325676,-1.290457076149539,-1.4848512677494607,-1.4232393713115918,-3.5953661199821303,-4.969856288054521,-3.9149710496018124,-5.53729548927045,-5.247016318621072,-7.929647771576903,-8.764355025712039,-8.805912128622676,-7.441620762076811,-6.812004792109188,-8.903073767806548,-7.085569305623493,-6.266259284880849,-0.5778543859309643,-0.40944926314394053,2.210377914292067,7.643162186946087
-8.178120281670022,-8.118434074665457,-7.886431729719958,-3.387113822482975,-6.5507264716108,-2.0345099322527638,-2.71905202840089,-1.658558739679277,3.2023531260111575,0.34099837247046255,1.6209856945606311,0.902750689465518,0.18951435765411398,-1.490066202948075,-1.834231929898059,-3.784848955995609,-4.449152624858939,-4.672803150496136,-2.4436762958514495,-4.641346677492252,-4.784654118117165,-8.795911122956332,-9.202659002431432,-8.602347274303309,-8.836896700089344,-8.088228987646579,-8.182889077729058,-7.100966654999982,-6.427374857132669,-4.452657962721496,-3.7121986122862274,-1.0350841168821256,3.033325869712,5.204180818479997
-8.688328972279361,-9.166255754752589,-6.811265269888426,-4.195343153929277,-4.5203549398652445,-3.7304681898954692,-1.7814042073520258,-0.13373952608049616,0.03575442075308978,1.7419022630318142,0.8462663228599357,-0.977770039289895,-1.266762150419312,-0.7972810403185309,-4.46480247544083,-4.035726115066001,-4.965620701282608,-7.053965243397443,-6.911479014905844,-6.294739873770754,-5.505307391445348,-6.40548481205783,-7.763500783453817,-10.540012744633515,-8.683384386266612,-6.657030760562326,-7.898998369134093,-11.24999173697463,-7.515598340792394,-7.829022924833496,-5.861263384695829,0.3636981390857616,1.4765151238912435,2.9152633189192603
-10.118316971443383,-9.992141707935552,-3.1988935938029384,-6.85343475341934,-4.532729046989295,-3.2407384274822713,1.6650960222659337,0.6232501662920319,-4.722158454040797,-1.1603902945268572,-1.6515655227956236,-1.9328747432373377,-1.322863050705632,-2.8681718495422515,-4.940101490330878,-5.196105511823844,-5.642400060870185,-5.0652016219195115,-1.1534820822034204,-4.234090068406716,-4.244848474061989,-7.74761191707811,-8.44374593062185,-8.08478725726712,-7.8113189931616915,-2.1356766863085017,-4.050214179601736,-7.664101189596372,-5.930526248669573,-5.562455944474411,-3.576105386139515,1.319758656574298,-0.17750141690375848,5.476989477805464
-10.579337837152979,-6.724969970920031,-8.874273513009264,-6.580641015697107,-5.222055174309306,-2.0162349946654508,-3.7249761983519094,-3.8843664915897946,-3.216321398253788,-3.002272372834695,-2.240015516936809,-2.8434334083041173,-3.1047458544842264,-3.008605154639689,-4.972775707632577,-6.06173670491832,-5.614529779993431,-6.701454327781157,-4.91359216852008,-5.392386833074637,-4.872446810456264,-7.147444069017403,-5.37715765396275,-8.519405452660711,-4.578449561452103,-5.7285805802453105,-6.9627674468842,-7.556253745549349,-5.9293125835468015,-3.9635510399163576,-2.891224813830314,0.9174692541488253,-4.550291272634774,0.43911711691215277
-8.9614160245732,-9.18255193432792,-7.593502048924378,-6.770276023895524,-4.934682681642058,-4.165254628580991,-5.993587382025882,-5.865745133043715,-3.8872701094179094,-2.7789656463326344,-1.7719281849713042,-1.1243869789557563,-3.396748498741886,-2.596903130356684,-3.1973619255647394,-5.696142367887749,-6.90055603708955,-5.51320848601244,-4.226923657977358,-5.400145237786485,-4.755831489572183,-4.782972202762098,-6.134776000154768,-6.040811059970605,-6.142198819648735,-5.670157435450928,-5.060693276881033,-6.439618362042841,-4.360829673291975,-3.665973738098099,-2.5411715958113983,0.34020037482886767,-3.726999393136045,3.078335234802607
-9.835743164867813,-7.5202453158204055,-7.688869589891055,-7.333594213398329,-3.7223015633016727,-8.638203153651393,-7.654567312886778,-4.31477515723611,-1.262684808359342,-3.0268789320528406,-0.07807582689031331,0.7424224931034541,-2.899144916939245,-1.9662042729107165,-6.052788586968631,-3.7187427168576024,-7.426502190860519,-6.127617071122663,-0.9207342241903803,-1.0189509820513953,-1.2375266541275523,-5.115900763184104,-5.9729878027424155,-7.565519545571425,-4.920103693682953,-6.186221087768148,-4.626344138856027,-3.425562183023795,-3.9235517020144113,-2.7298946241072928,-3.564846234419799,0.663422381506696,-0.5639252410538453,-0.6667889346653342
-9.015752097266006,-8.488006234543436,-8.7383634571868,-8.395418520811763,-6.063000693435672,-4.747907410056566,-2.3263159640503495,-2.9501848691929617,-2.558824214900275,-0.04621979332916419,0.662854599599299,0.6843545616643165,-1.5531543170603253,-2.32939236125036,-3.3506984592129205,-6.578661527029582,-5.642816804640389,-0.566591897784199,0.00041772877871807393,0.12089560010536467,-1.4846673955689513,-4.085492479082945,-7.933506127200358,-6.836958072183094,-5.252048481572168,-4.494321104568705,-4.110640258867177,-4.384246471809268,-3.2426810044589147,-3.3790699662201935,-2.5218028516154503,2.186357490557797,-0.33953120295544315,-4.709612560175547
-8.614121334065699,-9.019928931274574,-9.184678880115491,-10.137389451124251,-7.380285927478169,-5.3632251092490435,-7.516898050420569,-2.1037337316647133,-0.8974499826909249,0.39424158172803,0.49932699635524586,1.4972353595454697,0.17709733928231092,-4.438962774412562,-2.825408563355857,-4.375512750619863,-6.436993598792614,-3.6077342632520897,1.810904313066564,-1.773525682763501,-3.1228572236444507,-3.8198194055003265,-2.242710947480066,-5.724895530472008,-6.4356730852997845,-6.2047859141061235,-5.040701274128083,-4.373444064906252,-3.88869374397784,-3.0884970126220037,-1.3508502686110755,3.5940174496801336,1.3160476204646603,-2.4796525857310576
-9.328569531649404,-9.493454222956077,-10.243710679048876,-11.037068839181641,-6.286575496759574,-3.872906629309818,-5.31336918779272,-1.2228209629210858,-3.3113849017265884,0.10387766954065301,-0.10792408356806048,0.6959915033534692,-2.3224859425514017,-2.8851972176382805,-5.623367445570305,-2.1499328771197126,-5.609992481553852,-4.5360234742928665,1.6217865999499514,1.2921002041581482,-4.691619163132645,-4.462358673811029,-4.858819177363376,-5.441015935533964,-7.522794722859854,-4.4357698598569115,-3.9066158881608923,-3.8762765274869455,-4.557821699482309,-0.13662093477195023,2.6574313882616454,4.352861751293174,1.56832991292789,-0.9303364763734552
-9.903229581246034,-9.916360760229812,-9.955414109394797,-11.280661102733465,-6.3170150529729066,-6.767771337630924,-2.727229494832524,-1.8665325849634014,-0.0011452050614043454,-1.1676764632975236,-0.5701591778474167,-0.8305165287517623,-3.545566071529543,-2.490217360590219,-4.058380346882632,-3.982720187601904,-1.7927814441897445,-5.301011927310244,2.2608086588903302,-0.45546511136491397,-1.4733821358155614,-3.4499602579284705,-4.255037041833642,-4.852877966332151,-4.317435156723619,-5.177016961125288,-2.6118252660671617,-1.928688695428962,1.187117757664429,1.8370920950680083,2.039291764505185,4.2375788452341645,1.7919293589274123,0.07575294219956093
-10.219823180639303,-9.844547087100318,-10.284801226574539,-10.224471230661734,-7.576751948992682,-2.486883276995396,-3.212217995161639,-0.13512159200824844,-0.3996476933803479,0.7847215853168854,-1.1027416565505532,-3.000814097978789,-2.6754760050795072,-3.122618580206743,-3.8091924986441166,-3.4615392354989303,-2.6028772099594324,-3.4949251483722286,-2.1872908576573744,1.4406509690363754,-1.0942591783491067,-1.423336643036171,-2.9481725959504543,-4.136269156486159,-3.7150015616460035,-2.8363599296468114,-2.2879246620508185,2.265095551021363,3.4691578709868627,4.731951157863196,2.6425496680270903,3.9385164437359848,2.9554141443668374,0.4646454931879514
-9.146348451395912,-9.126425551539999,-9.229302737482747,-8.845331721901552,-8.023148750302298,-4.436930005546259,-1.2431848637789449,1.007284435974005,-1.106673900210567,-2.522783055771452,-3.424967623566031,-4.472253444671036,-4.224105926480707,-3.0663572434234005,-7.3935048446727825,-3.6580429121451767,-3.5294544976507933,-1.0696377034789877,-1.9465599854055553,-1.3840645751333498,-1.1886832554949942,0.08024137821357208,-2.617318546078747,-3.1128581682803267,-3.6333251133457773,-1.7750624165475184,-0.16768843384395068,2.6425327384038284,2.7041324622790683,5.944410505133476,3.8332181733525506,4.511380742518409,3.0081350321451192,3.5195381008631843
-8.084637263146599,-8.124905349431137,-8.344684538209073,-7.784711903583965,-7.515709798142362,-4.136422834696925,-0.5036929496897373,1.3424432573468608,-2.133521940681811,-2.9751600092886754,-3.429901719236531,-2.3378919421497377,-5.085562586836679,-5.930310311860771,-4.846574005418593,-2.5489629575410304,-0.9436002514483149,-1.0770918466811032,-0.6118815164501821,0.1678185313553123,-0.04300284449861493,-0.44310863693565294,-0.09180437393668496,-2.6181147215997167,-2.341176741188891,-0.881364639991835,1.8070826848891186,2.8679425721570295,3.076141777360773,6.232861485632702,4.938686381742248,5.120817630207314,4.10309464430678,5.0309193814571636
-7.669238945982882,-7.913524546328618,-8.172441648925188,-9.126304759186207,-6.785211794088234,-4.01213533110855,0.0342429048418614,-0.43007219067344704,-2.5156962172006136,-4.2293617249491415,-5.160533388708642,-3.80290027232042,-7.860473369910362,-7.398435842813001,-3.1415624914259737,-4.04819777843917,3.085991455264737,5.572014569571255,3.865173487045508,2.5192438865933644,-0.9147571180346437,0.009510284356082477,-0.1360290360410072,-1.1597832849263212,-1.4956494213288207,0.42583499901374056,2.0650551838181643,4.061109090114813,3.7321526743796625,4.982734020885482,5.19390398963128,4.521420893394471,5.208452861044181,4.966080176834496
-7.487556736801352,-7.428406566161289,-8.117232009995963,-8.137229497631417,-6.703600620382538,-1.309038081164739,-2.0040554217869,-0.7811375898285702,-2.2335165380161923,-4.092183916348607,-6.789297685720684,-1.5434871272523372,-5.968436944999007,-5.750703436480845,-5.914216417894858,-3.3229934912956787,3.056852362233172,5.107123944331443,5.057383540347407,3.8088666121015526,-0.25313299670721745,-2.2942894790671824,-1.9205181564925027,-0.873861201199633,-0.8478761217748397,0.9612973103533193,4.506086037875381,4.454080620960643,4.3162702439384155,3.7472458819611707,3.275036001149163,3.84699980996553,3.8846672146274197,5.450662468127821
-7.428690209202403,-7.9663962921967135,-7.7064946814845,-7.942907024497663,-4.264720561509283,-1.659918170228616,-2.7811469798342108,-2.235650692967935,-4.073257121855218,-3.8879721893061765,-4.199759324694333,-4.196099385376144,-5.587183181050838,-4.664000038901086,-6.232766976491883,-2.0042477866642536,3.448862666383998,3.875168473677183,6.2385370856458255,5.617745186562621,3.713225460575972,-0.15900385206159476,-2.0699298137878617,-0.7889351513126229,2.4955365694947385,2.668132456939031,3.047588987977005,4.08322580083993,2.843622906455923,3.3465158821464644,1.618108403571679,3.7827191470947223,4.421764008381223,9.011476885504328
