script/wind10m.json
{"header": {"parameterCategory": 2, "parameterNumber": 3, "lo1": 3.000054539987559, "la1": 64.9999836372058, "dx": 0.5, "dy": 0.25, "nx": 34, "ny": 52, "refTime": "2024-11-21T03:00:00.000Z"}, "data":
[rows 0 to 23 of 52, columns 0 to 33 of 34]
-0.9409415651687699,-0.8632452081562655,-1.2405128713237947,-1.362964268576389,-1.443457049786531,-1.0031882484159922,-0.7559585065568262,-0.11924131643273725,0.18247177236811557,0.6794638432987831,1.0699218529344114,0.1222563829244711,-0.6246659061294778,-1.0623662455902354,-1.801009525578964,-2.5971922248958337,-2.4685122766606664,-0.7711273734461831,-2.195424194969847,-0.7144420335387609,-4.852806524171952,-2.7299505847002195,-2.3971004928833177,-9.075793890423116,-4.532439141033342,-2.200383782848975,-4.963262038418236,-4.898061672483527,-4.113291389674128,-4.69317967877187,-5.102254107307312,-4.38062999559238,-4.838690977448574,-4.059832916461284
-1.1980990206530178,-1.608378606158809,-1.6273658558987585,-1.4611550245945257,-1.584750270679999,-1.4426612242127852,-1.238457628358662,-1.1085887775457295,-1.188906858226689,-0.8059689642140556,0.6416320466402005,0.5587819272580795,-0.29198121618008804,-1.509603676833109,-2.028191694870224,-3.113889265868675,-3.496287149582545,-2.2144606490122642,-1.8180941414600211,-3.2715418177334543,-3.5849063208438596,-4.272302212976252,-4.4957090288771,-5.217300705661917,-2.1188483132063785,-5.592898763166196,-3.84099744898493,-6.3065717761059465,-6.265827200564929,-5.433959820242805,-4.353945626165698,-4.298454372856237,-4.596127096405327,-4.9939148935114295
1.4529860990619867,-1.0851902444279027,-1.5673006936363014,-1.6483338419108853,-1.6135609145014704,-1.596920963678697,-1.6288838744287406,-1.6275504381411285,-1.6452781299081747,-1.641877837059592,-1.3643651720933028,-0.6851008589039032,-1.2132263888661798,-1.9617992028843692,-3.1494900739292535,-2.5738161408758384,-0.9001673967574152,-1.3065291915403427,-2.470350961734029,-1.4587778749059577,-5.781806010037967,-4.915783018638931,-0.873293608737653,-3.537545056197997,-4.2886491819152734,-3.1031204449911893,-5.722797983340711,-5.000155003286817,-5.020826552352946,-5.773370361291776,-5.515004431291172,-4.727725549785815,-4.6894381120424855,-4.979040919235621
-2.423827002663328,2.6296760035922464,2.803393131094166,-1.90058866155189,-1.3419673786684647,-1.3805828558192457,-1.5896262315441387,-1.7358748127774666,-2.4317851592847175,-2.897157010437054,-2.539182528738802,-1.875729196873815,-1.9992530334278298,-2.852036774697258,-4.154792136228404,1.7025259083730035,-2.6355047723032996,-2.6286770161219772,-3.6052109683238505,-0.3377324808825543,-2.2778861343824555,-4.024863162728986,-8.829746029885142,-2.035950297343113,-3.433097496812476,-4.895849129356793,-4.163581198977707,-5.309337368441474,-5.048634122178636,-5.106220420315289,-5.210796360920082,-5.492444551131346,-5.745318168679077,-6.151762736729009
0.08436770116061532,2.121542229652801,0.47662808547721175,-0.028962276545512877,-1.4446839185176124,-1.2012123181746561,-1.353628018535585,-1.587156711490388,-2.0710353377933095,-3.2888597507668145,-3.0327810481164628,-2.226832506789731,-1.5589865073029294,-1.33974976040989,-1.2576498067873547,-1.0568584312509557,-3.2151175697140544,-1.7380302267019399,-3.416397274447332,-3.0678567543258084,-5.842560834700185,-5.533801121767704,-2.383566672903106,-7.605666318562234,-5.034800063327763,-4.429957527352006,-4.876556641229241,-5.5165285637407315,-4.835017356989784,-5.161087522611392,-5.678017682663519,-6.697457085155638,-6.293795068666959,-6.680404409813958
-0.5175000727478264,-0.15560762693530863,-0.24104006746287346,1.3676314207107076,-1.1602277707182198,-1.395039456933424,-1.045225868850898,-1.1764548738157807,-0.9991970106233942,-0.8994419390334758,-1.2421674793364257,-1.4449037541959462,-1.9390432098554355,-2.3762612313564406,-1.4111647532575105,-1.0785367310546192,-4.9705134840073635,1.5915833789415832,-3.685594911904308,-0.49738718356940687,-2.2989705673780194,-6.649512946024633,-5.095055933057085,-3.153842829647689,-4.637924827024202,-4.962944501709312,-4.410701039568348,-4.362988753470018,-5.461155343103538,-6.420693154887553,-6.644821761590193,-6.215403758541459,-6.466988498507159,-6.667257973491374
-1.9066700142438255,-1.7775965611805353,-1.1292277417905667,-1.6541748878616873,-2.0512926843593533,-1.7958580518164846,-1.8975544824546005,-1.8716989198260745,-1.6888913713315918,-0.8916344195043212,-0.9801729211499751,-1.532626450355338,-2.3463237081329016,-0.6546088881384433,-2.0501767657105803,-5.017531201549011,-2.398096699557464,-1.1788079836354963,-3.3647283542388755,-1.0681199836687958,-0.5778446792517825,-1.1820362864944383,-3.225226393542615,-4.7299896424518515,-5.590197807531172,-5.186529108796669,-5.3873277542634685,-5.184628662395092,-5.195772317667185,-6.0674810114103,-6.397228769320662,-7.030514601160086,-6.908658920674046,-13.952183847114389
-2.628585749096192,-1.9084468633999168,-1.5593377387290914,-1.628591901512676,-2.6997054631009574,-3.2359388842670596,-3.110670925704737,-3.0715057449030314,-2.842099029175043,-2.1263163548417534,-1.5449109255818143,0.7696717641809541,-1.03705473618918,-2.9643679496272526,0.31699746933389217,-0.7208652832191143,-2.186231359034727,-3.4849802234579936,-2.515549978014965,-1.5724577075422483,-2.29976001445243,-2.050266558740991,-2.32170132971882,-6.016381796997794,-3.1774006268361825,-5.018259992291832,-5.995938708082051,-6.6394293259682415,-5.598322001663586,-6.011868419024197,-7.507528073227803,-6.791894517283901,-8.36063063567377,-19.975625516538074
-3.343391682398923,-1.8396953518935786,-1.982808469702603,-2.4114193938472392,-2.1498676861540256,-2.1765285926159432,-2.4749003389506727,-2.6443157990710153,-1.7788735837701095,0.5998852961591883,-0.4409331796077305,-0.5059690186770948,-0.07966238227333652,-0.4235463661829668,0.6161277612868508,-1.1571385411219755,-4.8655178848559215,-1.5253939790321573,-6.031419321202346,-5.948000148060942,-6.96716338232407,-7.957354142887495,-4.914547375683256,-3.783304635918572,-4.754891026757455,-5.325513159501803,-4.59824128181406,-4.325284664006949,-6.024024148079845,-5.810444123614878,-7.00753760298813,-12.942346455757994,-19.121789225372286,-20.31307357879923
-2.6452100394121643,-2.1106296582512574,-1.0903103032555732,-2.134719895298273,-2.14920583423239,-1.993098869369395,-1.5965268407743538,-1.3932627360218062,0.4157603630247309,-1.8446292997650247,-1.7157854227427474,-1.4953211234937591,1.2500307090268774,-0.26831961570415086,-1.1226085345682861,-2.4014120078262446,-2.909037981247147,-5.552714235654369,-4.732252886813214,-6.772758311730095,-6.2131383864367455,-2.4409515126182066,-5.66591323068689,-4.729613987857995,-5.041288787530984,-4.987774073957953,-5.075906323312795,-6.629567384443326,-6.430121286173918,-6.302994770595243,-9.973426744044241,-19.380821178544334,-20.750138681472553,-19.099753010777526
-4.618419344773362,0.7723593247063664,1.0666710893506566,-1.4387089986845816,-1.2506705314323272,-1.642737675184559,0.17079716120899138,0.5843253860945418,-2.01797111786439,-0.7366195760659698,3.278699106597404,-0.2328998557784817,1.0036788933208287,-3.8095626372893974,-3.779937825105921,-4.944003103829169,-3.085073935557737,-1.2475566938714413,-9.535643856126915,-2.7213613658859632,-5.286798803846797,-3.3266690365908866,-8.506004959549658,-4.805190235391076,-6.3084232755335155,-4.223778198712825,-4.239406804949389,-6.574201108866067,-5.6657455040010785,-7.810226985636035,-17.719153940675067,-22.40797647278407,-19.67439371342743,-15.934595531766814
-3.838944128618237,2.8971944769745237,0.8397025978781782,1.676732906080919,-1.781065251832908,-0.5125521035946369,-1.167466439169401,-1.406188236172118,-1.511572637235362,1.035148910780576,-0.5716710821357665,-4.829407933866307,-2.519595670470185,-4.917203050796829,-6.5387296480192205,-3.915317576155494,-3.845690191347998,-8.432050666258665,-6.365546895361884,-5.74500194024484,-4.069738594668925,-7.159354253903965,-4.1030606913443775,-5.872410897744909,-5.557539498214777,-5.417176177569975,-6.177945613092295,-6.160694380675538,-5.75365709163382,-10.532899473480473,-20.621269860410596,-20.824632341563163,-15.865595169232263,-15.726983797562225
-0.7804384572774369,0.9434198241340676,3.6916091149377115,2.7289159424604263,0.0646956028460517,1.4601829393795418,-0.3081363021373605,-2.5031627631793474,1.182041028493919,2.3685223509941444,-5.090266465812605,-4.389058531163898,-5.508223198310938,-2.190476585261692,-2.3504509502917195,-2.2486814893089537,-5.2389614834813045,-1.869478106985774,-3.1700047782615566,-7.156375562969051,-6.020397876999817,-4.339287760072696,-5.137889211268588,-3.7098880745427185,-5.945846263014765,-5.1568511233523004,-5.569403210312901,-6.0772197843504445,-6.850523019434024,-18.520553948366558,-23.028177933432342,-16.33270723892235,-15.592337783036422,-15.050764447211366
3.2150039366842647,2.597903359671424,2.9235696163049036,1.8824339522468492,-0.3630401486966695,-0.915607535095248,-0.5076560589531931,-1.6505874978171418,3.745833692958597,0.7739110016724233,1.041866393778693,0.05363539725855929,-2.7443240921840255,0.04336468345219881,-10.001834043548394,-2.036375822258246,-5.710739817166483,-2.7146706195204575,-6.374910881809678,-3.949513957099705,-3.6751165211356684,-7.248184992329481,-4.614022572701372,-4.460963032592639,-5.081615295093648,-5.064930446847806,-5.038948045384189,-4.793150256672868,-6.907906819393329,-20.400644379573983,-22.990563109388287,-15.666065567390856,-14.879833274698488,-15.160127643138312
4.646876547088221,2.9011360347001056,1.0290939884588064,1.146751043673943,0.03736869765428802,-0.9189369909565677,-0.10411050405182803,1.8023714482313784,-2.1175403523479113,-3.5493619046588916,-3.2825742005680567,-8.192041195529441,-5.911130429516458,-0.2731244184618115,-2.351074150596512,-8.325716102452049,-4.455753192004456,-4.767631747942618,-4.281320772243357,-5.125544525129286,-4.855385326147753,-4.424545809901729,-6.865884431228002,-5.833726516391907,-5.088433777717584,-5.412787520543405,-4.605179637986627,-5.519861569811557,-6.686504987642131,-21.776625826420315,-17.444836614244416,-15.083098624257605,-15.403363331404123,-15.133161747275341
1.3122502786518402,1.4987430819745775,0.4630085550168265,-0.1671810604706204,-0.5299545872944833,-1.0289428349271026,-1.613154726311641,0.5337564166549249,-0.7193431335641969,-1.7091365588404561,1.931673370326009,-1.4097168468305683,-5.35049689005317,-7.273366238955088,-1.1951537376529937,-5.067650172572438,-8.688401581147708,-2.2715050442321405,-3.1512582239467055,-2.326604302488798,-4.269766832157911,-5.112304016307061,-2.7548302328758716,-5.110089589972872,-4.999477627926822,-4.745731779212918,-5.104175535199547,-5.71325994617532,-6.791057043031979,-22.87780714654295,-15.65894167837023,-14.788166889881467,-15.288586705923391,-14.865412767544388
-1.4645990706835055,-1.426749644811935,0.041253099969326114,-0.5763689775566038,-0.29613389947782087,1.1286557077891248,-0.7720080717293827,0.2757152475875714,-1.1666831494874714,0.2668175309781665,-1.6801577631940579,-6.95089568475345,-0.7432928757646952,-1.3268680275313214,-3.0006377275027796,-2.369332622472851,-3.7008188883553177,-3.215181991553509,-4.420905884228392,-3.4273257430785327,-4.0400642474522455,-7.051968467924582,-4.361068827988973,-4.054613745126523,-5.46836947276678,-4.48125429769165,-5.601295579589697,-5.611978888016288,-7.001924311103288,-22.676898323881854,-14.437841748290545,-14.591595090458089,-14.996094435596671,-14.491650951271065
-1.0919222582747015,-0.0880008325534524,-1.2472847544245302,-0.7774567010840114,-0.37528312169827027,-0.09944788976651729,1.151117617543057,0.6427073051277963,-3.4814167006892704,-3.040247948888514,-1.764232523836119,-4.519239372289839,-1.657366847060505,-3.035549104362347,-1.1686624573194087,-0.8969673591656468,-3.23731191287125,-1.746622523991335,-3.565327626487648,-3.2547480194610467,-4.132479944374943,-3.245113065814534,-3.745358479998509,-4.962324081840244,-4.879649938568439,-4.893908533935442,-4.6934999964704485,-5.7751606237476185,-5.968706643013739,-23.111749906150074,-14.664915076450914,-14.255704687238971,-14.373214204623517,-14.071809724828633
-2.089650118704011,-2.773993409550216,-1.8474348911794587,-0.21592090801050218,-0.6568656683749584,0.9268084222910964,-1.385840002381095,0.9075787029577489,-1.5898661885475567,-6.109091396782826,1.4745760609077827,-1.3779863202836118,-0.9767307759909908,-1.9119979589914509,-3.095356997726771,-2.6609885567577622,-2.6760821047924828,-3.475907348286575,-4.648359815357606,-3.113609519275181,-2.89301602454913,-4.085400708848351,-3.130246906877377,-3.4918093298227038,-3.918958910504325,-4.492018265851206,-5.135583493185732,-5.528782565072301,-5.4040866839742305,-8.831204092753028,-8.541085849124656,-13.335323648683303,-14.024855125091364,-14.105461853360032
-5.053042746171199,-3.1233612218767983,-1.815966562911093,-1.085541460580571,-0.897390940116078,0.02746340753654147,-1.0625786135381228,-2.0253260765893053,0.6730720098880398,-0.35702006934884944,1.0061744971407334,-3.2140408066358632,-1.5896682183389697,-6.589865177300117,-1.1951980439269327,-1.9785994304161503,-3.074920132481737,-3.0977069037899922,-3.9144715556845306,-2.005885575011215,-2.975035157275265,-2.7756977778198464,-3.8389836178254564,-3.6491550483019433,-4.693244178827683,-4.672113021538864,-5.891739697200033,-4.623737862039203,-5.335971286967288,-5.155789705570893,-3.517284351534481,-4.7558331380111625,-13.678721509843852,-7.783314520890479
-1.8018640837649154,-4.8550032474598375,-1.9868989961501602,0.03786442901655472,0.6038289842702307,0.1324640856869489,-0.19702858232899886,0.13053636289322113,-2.49227767113371,0.7230113917164015,0.18614453741608972,-1.7478926715411744,-2.3758773158657154,-1.7313339675268442,0.7872530213283737,-3.086661806105058,-2.5648326454277823,-1.2938631124002085,-2.847410360911621,-2.5843583802180046,-2.415172164479449,-2.711870351487256,-3.3105443187104657,-3.217354513088304,-4.434096330149097,-4.152226032286389,-4.076077049168157,-4.202605374484081,-4.13346446369126,-7.394677328158853,-4.957682956987338,-3.447238472639446,-12.820203006180224,-13.058435725839734
-1.8045625006025767,-4.088479375927216,-4.807131404927236,0.47549955319717174,1.5835358685387158,-1.1528806673282572,-0.9598324046702671,-2.405302547087469,-2.975042489490765,-0.3766681511560208,-3.3219931753809524,-3.3039753683247604,-1.6204390123416725,-2.6901884603622435,1.6362310675677685,-3.7169790194437424,-1.4422700207403352,-2.2200832310222287,-2.5160558861656837,-2.2058932346689804,-2.7469529979110203,-3.137859091441459,-3.3250790262090137,-3.2017021931380913,-3.934006231044303,-4.270816133332028,-4.100025877531444,-5.7276096419065246,-6.841545445084789,-7.608828267903497,-3.0520136311555843,-3.1932813808222726,-3.1168601912610754,-12.024009136839561
-1.304112373225785,-3.878388393842343,-5.838915888706148,-4.820040590870248,0.7481973070220346,1.5677191605858753,0.2367183289025386,-2.200271802634658,-1.2658661860246525,-3.8723686591597937,0.27278433671454183,-3.2991597770250585,-4.005204901049462,-2.077657155411899,-3.2543334244819864,-4.983743404269087,-1.7341693005640537,-2.105499660144288,-1.7650852795712135,-3.8559363813208565,-2.100971451063204,-2.6143594061263786,-2.3796626859570615,-3.3743452451221616,-3.404022803744728,-4.793656649232672,-5.16205677455321,-6.181130985073545,-5.172305102171772,-6.140140344028525,-5.142335558211055,-2.7381375664538576,-5.926487432101335,-8.655651324218605
-1.8442047263733474,-3.9402321217613108,-6.244992935282001,-5.778172823031465,0.7977513197269934,-1.1144659001965833,-1.5754164054030384,-0.275065082756454,-3.4058158833464316,-1.0978027032836988,-1.2510153646335067,0.03969789320967543,-0.18383208084491898,-0.9772451963441696,-2.083425407755491,-4.2763259938935,-2.3430093034523245,-1.714827815013531,-1.1692363079617882,-1.24839190982134,-2.9186890201378954,-4.213533558751834,-4.22730164236256,-2.5839658156034995,-5.408448850489122,-3.793526427083338,-5.835227505504726,-3.7668772485520003,-3.3981587134220392,-4.071765249355852,-4.352370452344336,-2.215306721749683,-3.8807675374841706,-5.121265413759779
