script/wind250m.json
{"header": {"parameterCategory": 2, "parameterNumber": 2, "lo1": 3.000054539987559, "la1": 64.9999836372058, "dx": 0.5, "dy": 0.25, "nx": 34, "ny": 52, "refTime": "2026-02-19T22:00:00.000Z"}, "data":
[rows 0 to 23 of 52, columns 0 to 33 of 34]
3.6814049595199343,3.6607369031505312,3.231821289076812,3.1628754051218446,4.318686300069554,2.9186441915117367,2.143003493997957,1.161718766754797,1.4112127792880198,0.7036628996268566,3.111651557343743,3.979833687283221,7.279901944857225,11.416055348411575,11.096353072805844,14.459339930144942,13.849872142234362,12.293749562720066,8.9622363805641,8.385866537734984,4.48895592222122,-1.3923900918214203,-4.7546571531436115,1.5685335239781992,-2.580374373544686,-2.3685459617872855,-1.6118236934427153,-0.6025138324164361,-1.7147298649002904,-0.468284642615435,-0.8551664616154117,-1.5775603653107493,-1.655110148245617,0.1230209103496996
3.0177128558343593,3.2150957180642337,3.0786845220133783,2.7926748433917914,3.587281736216004,2.5998411084206627,4.820037687531539,11.049008819174876,18.146885651979137,8.630568528404227,9.162792738046909,17.54562208956938,18.334164296420337,18.554954439525282,20.391247427864545,20.473334866042048,21.03340358305052,12.893259464974651,9.142796329279687,15.455499656380148,7.925685013722373,8.87822225090565,0.49601300923538566,4.504909937039646,-2.966459910183076,-2.496255156314641,-1.8851654098796335,-4.378779032693084,-0.6838726959317907,2.1332223318624126,-0.21898175951537693,-0.8880485962761657,-0.9496331034183605,-0.5942910372424501
1.8537048620311718,3.036438540436672,2.928624268026901,0.2928469817002145,3.3423368445889077,15.988657391340716,18.60864235727049,17.546022629843915,12.576687208155732,18.71662636441724,18.02626308466104,19.35185446958517,20.283389849455087,19.561336426671847,18.593445741956593,18.96161243491917,17.420825279243875,10.221226380259667,7.727903403994046,6.419178656565047,12.531695903928362,8.140050120788032,7.106005907793573,6.859410783963115,2.0771474791817015,-2.6330119188122145,-3.8200207516431997,-0.42939657125943387,-2.3478215351862146,0.3988760526379785,2.7373686986499477,1.7984309409019938,0.6457106275006275,-0.4584821099477976
-0.3071671830130793,0.7687610129098229,10.461194354626075,16.099998652538414,15.790056466655422,18.44548151389334,17.32191801565125,18.015760541373805,16.617982320311558,17.650636360932893,18.31772359371914,18.949842262004974,19.316945737300745,18.99990732345952,15.842172362183156,16.34801540061243,10.19734571763399,11.380827784940726,12.812652172063803,7.961173978648766,11.954733070280888,12.105805725977275,9.954800146471998,8.936670818268423,1.7288653480784633,-2.01282069245557,0.36906875720738774,-1.4647642594737202,-1.9340478480304841,-1.6173917285071588,-1.2681653956932837,1.9208745048649343,0.8969154071221824,-0.07374067038266574
4.3124439220002255,11.938231834773802,15.926969876873708,14.369523011070596,16.489491683890634,16.369183025903244,16.058309175822806,14.935495003506755,16.582587040091212,17.301856655510363,17.836938382596664,18.50328595358628,17.564436784728795,14.000197153779897,11.39888899729361,12.432304904457638,14.409272228223463,9.279542712782485,10.109673587354763,20.850338207184638,12.313658351337187,20.59674103175013,1.9474253324227826,6.100957125567249,5.07249038252257,0.8515171296561534,0.9237223789723982,-3.483717044598312,-0.29642286927956907,-1.6982224781711035,-1.4203589229377633,1.081988718304453,0.6349376432316135,-0.4378484988976062
12.02057990467776,14.720282021842566,11.696740497141331,13.416605718612923,14.370628318139852,14.965539778772976,13.910992681731496,14.950506155145016,15.347394310458487,15.907214359608906,16.96839104060612,16.170832252789083,13.028054991767274,12.045333704418793,8.555841997800101,13.198770908821476,8.054151227418753,10.566039565617649,15.5713163936511,10.598214627644369,3.0411129841274644,11.997842189704844,10.562944570664136,6.113971182982048,3.7056081250704613,1.3589461084066228,-0.10995418524980195,-1.6580924592374107,-2.9857862097212173,-1.3981002923057155,-0.06032698168243617,-0.4736996584297455,0.05865461697326518,-0.4928264719371855
12.8229969008215,15.30288853059212,11.445177144740873,10.878290478290458,12.345235125712225,11.610779635724292,12.570551735802791,13.753971635581214,14.438738602993766,14.15310009046717,12.445693059423414,11.688255774427775,10.077039684721315,12.300860881887345,4.121007711033141,8.881158515509735,5.301938545230648,9.909396324055121,13.817660240994316,14.129901576682462,16.34693079217654,9.985417984839723,7.632428821004595,4.876389853764115,6.9221307030328285,7.252423213831404,9.305886267721434,-0.5577524463305741,-0.4098454319177146,-0.6994068021996197,-2.2074855484944034,-1.5173355986848494,-1.8946963354519755,-1.5010982825703487
11.564560326569435,11.252297026373354,11.34229724803798,10.920197167721048,11.678376606706099,10.871901179094648,12.194324332219264,12.730192995086462,12.265776585762419,10.129639916330019,8.327827742645486,5.547108910998111,6.011565537840536,11.5858375126562,6.835460813117096,10.368933411270348,2.0237505332807553,10.879313243472632,14.361654635974388,13.83742002297872,9.207663488271725,11.611548862343342,7.669070017142314,6.56017218317673,10.45947797943829,8.165774251468557,5.578217094059988,6.347655013052704,-0.28751012087561933,-2.3986467593284937,-1.0443363228524964,-2.57199575923962,-3.931318117092921,-1.5642013739434126
9.92175857699255,11.38506470477726,11.843097181862158,10.888014334994056,8.067199091085321,10.529642126333266,11.15883780045949,10.574623144829372,8.826624802667341,8.507668616247663,6.476107155219047,5.735672248017271,11.410839854590105,13.033558705116844,13.166525461593059,4.710139993178275,8.431756381759167,13.936256174120869,8.87999833835398,11.597176456264027,16.216457251845473,13.25243780000306,11.784277126911569,9.488642827143883,10.700873039918887,10.216842707292114,7.897534850672426,2.71671902230759,1.8463269264565976,0.30532231555459416,-1.7940137599110537,-0.1771624016622345,-0.8455580370887598,-0.8243925734332506
10.128967390285547,9.758903651749476,9.498603673185452,9.370460865999233,7.516539355943974,9.48623279913377,9.201013244741453,6.252333865052125,5.740459744611848,4.033904447936661,1.0869707958236612,1.7650422645130948,16.442574683607113,11.195012558045505,7.2915800998289075,12.643881854419966,13.395905085084912,11.61554003675763,9.969255828074207,10.435615664299357,15.883646721700659,10.340871327531367,7.4520980817186695,11.202559143291875,9.168523911164671,7.706565680833267,8.819579752677525,5.021330901147419,1.2078182864595162,0.6668442146955256,-0.7700429452714068,-0.4696077282330929,-1.1803417995320677,-0.2681204121702811
9.094016177611602,8.770837846290778,9.207757604693747,8.95476048641775,7.222316692225533,8.751251895767053,4.318466147176304,4.68143077907694,8.917623317479181,2.767212784681117,13.827685541487362,4.396112820025474,6.649412577699265,10.958921948410723,12.54539726330701,10.168851703823888,8.318208351276928,8.76334921657876,10.481219880787284,11.263168917171711,13.5869065763936,6.151531057699171,11.588269588291622,9.14524351167489,8.700640363833497,4.3682815656513965,3.542460899513489,4.191442075130932,0.8508057668766478,0.19049893260127315,0.0008354281235723749,-0.37863316753384624,0.2794703936341417,-0.9901092661786065
7.842297907129273,7.814312319911806,8.24768055625606,7.821006971093137,6.538623501928367,4.5198988869271925,-0.9405307152271546,1.314402652708607,-0.2693454962262297,10.26592901225773,10.66456735289122,12.401257625310873,9.248807941547453,8.759708321942224,14.240688677183206,9.616641168421758,8.670885149087134,13.399582864281323,7.635829399253833,10.691404653150615,11.020262756269428,9.844884740251615,6.629213070360096,9.607321969433805,3.6373324110310783,4.7359529069706765,6.46827812912734,5.38129531497162,2.369261712053123,0.8049592020735642,0.6026106756063095,0.7437051516385279,1.717976583182215,0.39014126821781
6.807408542591411,7.801718844029733,7.2860525598288035,5.452870394652587,5.196712347811795,3.6904849370938613,1.5100704208898175,2.7645944767762844,3.7365113286575204,12.720390307787937,11.235974674588858,10.261125196801519,7.1977379291365775,13.527174842093165,4.710792677474954,12.132376369002133,6.931808369888434,11.424736840786872,8.192956485178712,8.248334266919933,9.61724506673877,10.300356495415961,10.700585863153941,6.867226367023741,8.832778704678379,6.294257708395437,3.3372647539780105,4.091283454820434,2.4834520861732554,2.1318331831670396,1.2635658908418752,1.5996878983776446,2.4081019621655813,1.536368329330351
6.268991613245749,7.3953177850704614,6.1545241525741465,2.928492412494056,3.030404079071974,5.240074832881206,10.403396881826867,0.4179977630573757,9.50111355675903,8.719396680663193,12.97740583829631,11.69662386181478,6.224021482467408,-2.4558343788692265,4.425252258903078,11.528763897845995,11.025952274244029,3.7104588807744032,5.894932878707904,9.71063080922868,1.1525011196872041,8.737042706468303,9.83086771416941,9.788515082979966,8.327197730701545,8.086328719373522,4.576850639803298,2.589141856882421,1.6236630399943714,1.807197438225296,1.9675234522932485,2.620031569937954,2.960873038938869,2.3142005402280263
6.221751821137627,6.545517763590869,4.566239056384899,0.9885349440253137,1.1836910848547433,3.0031987290399904,2.31198185340485,6.182432267082362,2.5312807990380732,5.562555974976944,2.4488248380320985,14.736307519530781,15.493058040191752,10.816853366744832,9.669057725239574,7.15791887395975,6.134362721507064,5.425839706190075,6.399756136491402,4.1375179334679055,7.213264540892047,6.078728734954602,7.022286715191892,8.243923333949352,6.034382138725818,6.713328298174968,5.390574960117232,5.017323439883661,2.0516165085653126,1.8771117602045189,2.7992100753344356,3.333358446759417,3.6293938627238402,2.4465454972430574
6.573288481452449,4.892172003531901,3.846723668362777,-0.41112112627417535,-0.643840815673486,0.9556995198645635,1.2526115400574678,3.2144177255365607,-0.48466749677340587,6.687750023949539,9.67972764975093,13.365565557147209,1.4966561761245587,8.202219766365866,4.135893668315761,4.707693093505146,9.285319008063928,3.9280358238931536,7.832584535697496,4.714236536919444,10.408234560498306,6.373423154507178,3.1942294776921334,7.539213417697941,7.157545271530253,7.335020459193912,8.086834739352872,5.660353032003564,2.7413639313728924,3.1621025318200178,3.5047488575834223,3.6668700673897994,3.5906750743051785,3.0048025064078043
6.001268763343401,3.8825156490328547,2.6302202746024608,-0.9898683980908582,-2.7858231434242167,-2.35872096220599,3.410085609494077,6.486792755215802,0.6466808275299064,8.576485891655658,14.879535612682824,12.95334923783214,6.591798281448906,5.690834299175001,2.6331490982117947,-1.658688372935299,4.826276286212643,4.739947717390924,7.691554286043588,5.15000231185664,8.079080668130281,10.121858787327444,10.13328734907336,4.010532745655335,5.5665993141941,5.9317305658977775,7.474557856515335,6.149114440174918,5.624396024866809,5.012745236425363,4.301284933580019,3.5387174511464345,3.4272526345211594,2.839937820608981
5.130839873621986,3.408406464069851,1.382293492936108,-1.764592095763216,-1.3571993523125294,-1.458670712687802,1.9715416043103118,0.8766344400702049,8.761094141100081,10.196093413014164,8.439882563410361,7.144541197093784,4.882860728349314,10.865424911763473,8.71080622298804,7.447899600554296,2.2877177093156584,4.47102752670189,6.562371225571993,6.575367892863877,8.163597747535567,8.638959259049818,11.220837719690415,9.561051256885143,5.40696579439582,5.603321474376976,6.830923823522335,7.143409258497482,5.860355370629183,5.396408188795161,4.462209573742609,3.6569638054028273,3.3404936900614794,3.50945909176415
4.210956777346178,2.5449626228818363,0.34122197011419975,-2.397963912834955,-2.5454537233862604,-3.461275279538405,4.2834249436698,5.5891412154005415,2.451651042138015,8.48918171246458,7.803007395558522,8.18897638880682,10.325939950732106,5.043265930616529,1.0703305258065985,3.7008427690553116,4.767362208694884,5.612386839897384,4.21274467544271,7.777138256511574,5.729237074618822,10.043659548339836,9.270704586728487,10.436892462554162,8.35972001370663,7.0477956186416355,6.718423497070396,7.003122466219518,6.501325583679954,5.440533687946477,4.4923188991725445,2.834852665587056,3.529584836149136,3.96830718619044
2.986278777848966,0.3455692096056136,-0.5893723173381467,-2.6627106456454155,-2.542610058197612,-2.6638430757787575,0.12610343560391524,10.173167685581335,10.413617373653626,12.01339244067862,11.890794186901246,11.971944242135647,2.707766698181922,9.282829731000527,2.8777805542201094,7.011231562905244,4.156712871811928,5.381228680551965,7.562607614043584,7.704372229590857,6.183088177973369,5.742965677218859,8.273830005845332,8.690323555495576,7.202625243655371,8.346826709894454,4.8318963088258675,6.32804923260657,6.080817997408335,5.432292545697607,5.21590590622238,3.3621372332942756,3.775271657832097,3.4310353546738166
0.18543585235186197,-0.27249675679997637,-1.1680106351707682,-2.8269222927140785,-3.4625856121279894,-5.0753956089445245,-3.015677418144987,5.171282175997403,5.799748608145358,9.416104174649494,6.05891922221701,11.5358903317604,7.959790173344662,1.5514687880132354,1.4131938877597803,5.324476299544908,5.170052403533847,6.051994062966837,8.196804750488369,8.977917513908107,8.640716736982624,6.595589202441517,7.545261793186463,8.122324272682798,7.87755276003099,7.131791643996621,7.082617591304291,5.9707484446453725,5.8887993838481645,4.562743563968419,5.253872492294738,3.52798574577797,3.2457549925419107,3.142249739113926
-0.6492677640767223,-0.19289143935255576,-1.5038322948510727,-2.844044502183903,-4.3225058493690325,-2.4578035678695063,-2.2320836719854107,0.27434068553265245,5.18809450086685,1.5314222963654567,5.412659628153058,9.164660270952767,1.5521018257879748,10.785508761526886,2.2983301196173644,0.8137532942151873,5.463463888916537,8.438828208063986,10.840955014769841,9.298540033701663,8.39334806643101,6.489711138960391,7.921838877598277,8.104603854225708,8.15479205710638,9.133374983718857,7.119183326162054,6.513099621346497,6.815881182390941,5.210038707696238,4.204927348483118,2.444758366112522,2.522967900189758,3.1882729599648933
-0.3357056699631212,-1.3446599045617909,-2.082837810227167,-3.1232981523772048,-5.156697552829513,-4.640092030388553,-1.543576177879011,1.7173203642690558,6.818267346936219,5.193096785608171,1.4162338801247878,6.33686862884272,10.235889321832154,9.63610132896552,8.119289026046138,3.881930115920017,8.958948173172143,10.517943531004533,10.385304028574,10.306873503039517,8.492272780678391,6.678310216673075,7.613518930947607,8.127461699453859,9.249414370188312,10.974670722977068,8.493989199666107,6.498026993382769,6.7344449023761435,5.644458339350971,3.1477304024100907,1.6904860481660076,2.6114500538031473,3.62082916633708
-1.172327226672554,-2.6569900211872963,-2.6448831841461766,-2.7745281876169856,-6.0888153925049355,-5.058105785704627,-1.5612497406229582,0.6217379926048603,5.046365453640644,0.10958228333930495,3.991615323600975,3.35227706843348,5.840193004470414,4.715689896274955,9.912780322278822,9.539846980182249,6.255521882327098,9.328518178269833,10.141061926821667,10.616621193904152,8.968715928399256,7.258786406762588,6.736559465219191,8.506712366180382,9.319384953406392,9.045723684807207,6.597876170867272,6.660502126138715,6.414901878771401,5.16192142973426,3.118728205399157,1.4132887211670357,2.56095646710544,2.483793619825058
