script/wind100m.json
{"header": {"parameterCategory": 2, "parameterNumber": 2, "lo1": 3.000054539987559, "la1": 64.9999836372058, "dx": 0.5, "dy": 0.25, "nx": 34, "ny": 52, "refTime": "2026-04-24T21:00:00.000Z"}, "data":
[rows 0 to 24 of 52, columns 0 to 33 of 34]
-0.9673600878278562,-0.7209985114785374,-0.6186362768062063,-1.5160249241988017,-2.50640931608971,-3.693549778860792,-1.68269781466251,-1.7061311609823808,-3.867804366641437,-5.007815702795401,-5.566308702808642,-6.5797675621795575,-6.406749512676634,-6.731195914860407,-6.441673171982622,-5.015708730646407,-2.741106417790382,-1.5151600606500757,0.5869050748962257,4.2438646323560905,6.565682971470478,8.804772372850948,9.089887129626165,7.861357428114468,9.423553279676781,6.734974825949241,4.217833444660422,5.137997699442111,5.528494543416434,6.122208791841108,5.812181950211628,5.354311578312374,5.655532975480692,-4.507867467126305
-0.11070204995632504,-0.3672794155471199,-1.0107684192372899,-1.417459202351628,-1.2761808829376358,-1.220177749358958,-1.8000019194622001,-2.337507496669697,-2.775983633605823,-4.085203745830076,-5.689676479985113,-7.378268407152396,-5.9611091960984695,-6.694702678983738,-6.763006724471974,-5.534852430828158,-2.8397593381214463,0.3559207250930577,1.5744130757559596,11.196441029971739,5.791726365442481,6.706030739678778,7.320102123026698,11.51593878633458,8.752122320680604,7.1446156862814005,8.802124444481931,5.995387576211476,5.83313548439837,6.37749326493679,6.473268072809073,5.898077197068839,5.71373510699586,6.711589565764321
-0.07822387785832433,-0.627965180085552,-0.8519131660351827,-1.6043927332975763,-0.48162480125321644,0.39834629345531214,-1.1667754659676368,-1.9445718857198424,-1.779632859067048,0.24688412579596755,1.2273310632146897,0.7387782348276407,9.194589414133539,9.616300026004097,8.648032236732433,9.231565302583492,9.021476478770943,8.248243318892083,8.569796471765045,8.381930787699217,9.439673795850384,9.971624994213864,7.480875684729518,11.673495175600673,9.297653186628663,6.699448130659688,6.496696216775701,8.57927196777453,7.429426080246261,6.876068005361057,6.5344656518943145,6.0431206905034305,6.499436140273284,6.785685492570319
-0.4847612866888142,-0.7194294677740536,-1.435550108897511,-0.19102503350689734,0.14410867202825406,0.8523308073432503,3.5144500012695317,5.10201092932807,8.98406342463124,9.300546029122419,9.63048967170889,10.653222399161674,11.26522418963095,11.690420423720523,12.169951542424444,12.9429548751206,10.412526822137327,9.588275464695856,9.26464020081453,9.34504316754181,9.872845585509946,12.843943733899216,10.692112973506989,8.326531000871453,7.1986496621141365,7.353494099713355,8.041203800074172,6.859779116196064,7.596225340519398,6.874569426904307,5.723258496101523,6.225348343099367,6.546757178415087,7.296631269284347
-0.26850746954169064,-1.0030364674328174,4.497619354950604,6.235393722756474,6.654887461261817,8.248920555727578,9.0356097624478,9.788352016939273,9.625037041710478,11.764216856368067,12.323541023234606,12.361432317069626,13.432151547287749,14.318128599117482,13.32401901921956,12.353104850223433,11.96529405284264,7.53285252665232,9.97850988112012,16.296337226993934,11.602868800494141,18.087915086817954,8.257794675325107,9.012327950136939,8.750421247622782,7.28760649330441,8.502524996210301,7.342540714449912,8.89815356633363,8.031467871655014,7.438159829473263,8.227550353643073,7.414202308570688,7.271856610998359
3.3759785789430117,8.066783739813498,9.256444064237535,8.635581062459238,9.050532807621911,9.046081518177553,11.36275707860902,12.266946895716039,12.809379086310502,13.461274248530167,13.815511289963787,14.438138466152816,13.596486891029581,15.421475048656198,11.237543021039924,12.130151149919572,7.348423222571296,9.351729273214971,13.549171662997948,9.785522441155258,7.953056218282257,12.141586527459774,10.061596163830995,7.966100825911414,7.388691645580916,8.298794665905008,8.991121636032457,8.741593073925852,7.236079164387608,8.112954654550068,6.700012941552522,5.751689376592238,7.225047778145426,7.04652918557612
7.7520432541952085,8.644821005035666,9.503522093545714,9.128747807585986,9.937710033797229,9.693478397366103,10.639395617839403,12.38647670037227,12.41944337877808,13.37798288656,15.64142474558574,14.322474782310845,14.543344858742893,13.663675269145745,9.95529783775042,12.930137748668054,10.150497941125378,11.259737882740431,14.107566840403605,12.827165635648438,11.867688025614356,12.424347306555195,9.612611007901267,10.087951600574693,10.507556014785308,9.444427741806216,9.825727166843041,8.73673510244754,8.175304467718373,7.7199054766954776,7.790028508449947,7.572487147537517,7.619395971472931,7.954342345529453
8.910162334062482,9.498931620309412,9.706905371220898,9.841607921796525,10.60341749894005,11.674749533876748,12.394364344993985,12.569625149696952,14.151060229591243,17.494746682146502,16.76755526732273,9.903496562633366,9.646216705936267,13.655646557767298,8.465115986916128,8.44178004442635,5.358642567707307,11.50491131074771,12.541399753214723,12.930937197094796,14.333117455841947,11.30693321991914,11.145954271898724,9.61879958660973,7.485358697860585,8.929288400101937,8.527646687573956,8.27435100289472,6.566655312805083,6.618937817372502,9.538485426646401,7.947121877816062,8.0591770313725,12.183960942502592
9.74275960485329,10.084159816795106,10.260333284042716,10.634179897646867,10.90763171043273,11.687017496035338,12.332007608571251,13.950274717998873,14.680260644340164,11.650352916284186,8.025212026877302,8.64595685712611,12.516107373458306,12.66473575977697,10.942844901550249,8.355083407909497,11.854293357669345,14.525704245769296,9.808949560198613,11.97503337284102,17.71557606726441,12.97533957702446,10.060476318525296,5.9654545585919125,7.798828371935652,9.065295484526297,10.155077603123306,9.112254596984432,7.170717081689629,7.701013223855123,8.13587214933729,7.515005901398331,11.676683704716481,13.776349192620444
9.193037309217598,9.678674336602398,9.956740309358556,10.754013850873081,11.332855325510357,11.673770051097376,13.727545975746878,12.611220715433971,10.79557637185592,7.779170762914876,7.085566052237242,8.198400246176739,13.357524964610237,15.009821806374203,3.4428756843573356,13.637076014144554,11.954543950765961,11.260632735033079,11.58886267346529,13.863936952476003,15.259680821759344,11.476969885492066,9.1545461566901,7.914084382698031,6.97442524740299,7.518630491615567,7.80930473831496,7.789656470964972,7.956686393817026,7.464115070830421,6.428005903735539,9.038632777906555,10.775554211318548,13.258515063936079
9.187785388621812,10.079128958114545,11.266435980515851,11.539785773888816,12.39459071646729,11.579433426572278,11.345602200324054,8.136728300482087,13.310793864797342,-0.5132419157821222,14.951999207443068,3.7840125988963136,11.336439109617448,15.186733428626003,17.078417175705745,11.029804862246355,9.833906047921186,9.128764892600364,12.50327600978938,10.572823075186232,13.345771817750034,9.967887721010124,13.490628872920583,7.108765595516318,6.6628701803237975,6.280291047700028,6.48720503704197,7.7034975916548225,6.886252526683438,6.7979915719694635,8.545769045250715,10.509091532800781,11.820344647810632,13.750188536336408
11.21255378757774,10.90156461716285,11.857206567315265,10.508291641095859,9.886364320039853,7.75915502294382,5.2846115849509765,2.7041686304349106,-0.7445757150411914,9.307092013793147,10.45682758613457,16.709076369658124,12.08144322538119,12.592949588207183,17.42156952115641,7.505595834006769,8.310529677386652,12.293725325109717,6.366823461836357,11.478261307287918,10.522358031512715,9.354344453998374,5.465181313053179,8.171530831422224,6.54985335984,5.933883467260962,7.022108661330551,7.523500268981164,6.886045877275101,7.887818990144735,8.990376649403297,11.047723840107741,13.468689526645981,14.64676207599357
12.197589084208191,10.426088994094888,9.798965035743636,9.194353456577078,8.332638923539024,6.432449366184751,3.424901972579467,4.277901283082021,9.599725946971937,15.587228405327512,14.539837622930811,14.81366447909111,17.475881639072558,13.356153901262141,8.677082716321031,15.147953771842326,11.357150644505513,6.052133213237222,7.98194658278266,6.677463857105451,5.441558639615751,8.35347296281245,8.032722737711214,7.496287208041323,7.302606483675944,7.452696822282859,5.620194838184421,7.654550898864235,7.5288420366725175,5.552838087553227,9.363350952753246,11.197686387019102,14.052347107071936,14.716954877679024
10.430861288958102,9.350351199476561,9.16543250437438,8.280804226167954,7.215731074156673,12.479479314196265,10.935993806579175,-0.7245973105366922,1.8332782944977228,8.007503758828555,17.011397011929567,12.13106216657116,10.5986501987995,7.011521963895629,12.62512317880799,8.916847550805539,11.65787873034624,8.68402651107415,7.302991147111972,6.279358312152684,6.327706059849633,6.468536508819236,7.439519177472234,9.216946326230113,6.38241190186446,6.32979191869189,7.76448886456007,7.754790890785914,6.07816706538587,3.0008981271217627,5.971902287232512,5.0507803474314255,11.618772116765056,13.81169274054546
9.351238851130335,9.066403337757778,9.3487934412361,9.9217151342791,10.082099521269699,9.438814720924102,3.697574586555048,14.890593567544467,3.383609466589614,6.860216637393914,7.011664455010464,14.683280403479475,15.693245683125982,3.624722239868136,7.4742689847866774,10.651721716311041,5.569186753457695,7.123396673200944,4.319695529019037,4.307191999640547,4.436251854534849,2.852792256640218,4.769199931324271,5.669453826468993,5.189270687205663,5.379028249729033,6.313861896164024,5.838890290191732,7.093979749602138,6.440502069952746,1.561328901156853,5.739129505313357,7.291902918078797,10.383502278276305
9.6954177720351,11.658144650272721,10.484386945619573,10.234511843930237,8.545170202590914,8.086527539362804,7.35910514789751,-0.5147437434234992,3.9866247285710887,5.882876592009054,14.421086893020695,15.841871584182638,9.980275722970177,8.579165231888314,4.364476775675982,5.615095072144447,13.892222074691517,4.485935279351127,4.4318751536978445,6.634785474810785,6.500003637071322,2.5196741263872444,1.8215196701860354,3.5932509154401098,1.5972553846045732,6.069298666263164,6.14187376669238,8.07897460871269,5.805818068311548,5.015937305626075,4.700757596534817,5.028736464297472,6.111277097134165,8.857214182992044
12.066988726086274,11.461605912075477,11.077536140155994,9.320804708990897,6.018697071389372,6.820086923383156,12.364535806840072,6.219262964218451,2.3243064285503334,11.098736978516156,16.01549751867539,21.437862573625043,10.823198014488344,6.978255221012907,7.782388129192442,4.735542129041479,3.9626440079830973,5.005201489818281,5.26801577855014,4.059964922383102,6.998020111992673,2.4742079670282062,0.17604395852208404,1.170455043380209,1.4478194058794338,3.663239347180315,6.674905472687583,8.167090658248176,5.996772763042974,5.245077141826201,2.0417530770620944,4.066489698263211,5.177529963253084,6.776431591271169
11.694783345942227,10.7357033934129,9.966330850033952,9.202330314781062,5.549589198887747,7.05609182897,8.478592362657542,4.078494351207404,10.889159409557276,14.40458732979478,11.272074228661195,13.77461176685867,2.0719647858377472,8.871531665785422,8.722996474915492,8.947527235462537,7.1833675933923296,2.593646973467148,8.064572729542995,5.188804310549773,4.985253068803472,5.597098685769426,2.887389067122791,-1.2500234555649148,2.057280756034455,2.1637878277625573,4.862208118323274,6.1640951615743385,4.635353246420219,3.2891281230797627,1.6224354101328222,2.800450897179005,2.254881882752303,5.834436837943325
9.649699605924301,8.527821739461274,8.96874536409006,7.503620942314564,4.678532448305501,3.905083626940597,8.324244227148439,3.6898595609080767,7.645353168353699,14.11787297716316,10.123505789127456,7.60973793800575,9.402401869142253,5.683744981131912,9.197525558475652,4.4273315006454474,7.058182403716046,5.51712919367738,4.932801993513264,4.781344421943269,6.1699090572038635,7.4803488319397005,3.283602244204867,-2.9781886585753243,0.3974738549264184,2.4916214752689863,4.495279184697061,6.1634751313984575,4.4935626640657915,3.0717490350294097,6.253612255223391,2.9070980765743184,1.8440509051288987,3.265606203684111
9.695378007520272,9.112732971470678,7.521020592617531,6.283486991419209,3.298652677192575,4.058184537007353,1.7076604220896512,14.822666910393037,10.92309992297589,9.69172490701833,10.768414067103881,14.77080179833158,4.708280651591252,16.082794784830202,5.833423923565389,5.034433873234289,7.448192342028522,4.927268312703686,3.1135880348070604,3.7360337593708217,3.905038995229165,6.464197138024068,5.373603043552873,1.137818931735712,-0.1457184227284768,2.208805200486226,4.236220899446875,5.145387475621957,5.509328739994075,4.878966822185537,6.293643862944806,3.1950098338612034,2.8136863817506197,2.586263364328442
8.49798063835092,8.885142999289837,5.813203128633299,5.928148436574152,5.309232296026051,3.5234937290374924,1.5672476661902446,6.14529535965146,8.782519481140534,6.572357230900993,10.467674126166006,10.615695637660004,9.204592512997898,5.689723421877344,1.8412559881803847,8.571279136994747,4.572372998857126,5.353991423859579,7.056350367778421,7.087944243082927,6.3131911859990755,3.9207501218560004,5.967627140011078,1.922497663647254,0.9658016194937585,2.276950077976042,3.8834636742395388,5.298893121834795,5.617172288748087,7.40465683760954,1.7880064092581227,2.334383552201952,4.352441984877486,4.451582817008137
8.477875996403654,8.007122547892298,8.331052241990482,6.0278542278038545,5.67657496812401,3.847668204123439,3.9989998271752825,5.288709136091987,11.43606151293367,1.76506175044479,9.265415841866005,9.197961080583841,2.4991463125041227,2.9015253211775383,6.794992960646951,4.280539300282429,6.220565481728017,4.189080428716553,7.3069906660804405,6.973785155593479,7.873530831747723,3.6670395511436205,3.96552479994895,3.770529347646886,2.0788090098703806,2.8886165171160707,3.59164418290843,5.970836292721639,6.858345707028382,7.3319102313277655,1.4414958853732676,2.8182024255842797,3.121838012147145,4.675868883478218
7.987974449175834,7.792952327779813,7.170362991446186,6.586910292669804,4.598363096328514,3.6850976969658316,2.4227173308803374,4.1042619926929165,10.9937235903824,7.634158573093408,0.4855632643961623,6.713158941409212,10.241839976319786,7.151877037319205,8.914355348775617,6.742799234570315,5.94449399907666,5.990883981493485,3.356936646096375,6.311401980014983,6.823571927856153,7.911379392415296,7.644802935390538,6.1775679183628975,7.454498933564761,5.782720988686006,6.893747205851723,7.997510444315568,7.862688894305582,8.737781125400872,2.754666425918655,2.6802879169948524,5.665102410367463,5.090135251024418
7.855330238836215,8.067464012184415,7.149205594735099,6.920426966593233,5.529002357501303,4.5427206867535395,4.135649146630321,7.563663333403224,10.476192006319163,4.574612237601295,5.855874340363619,2.7428816624463193,7.609565477922407,6.28683682372115,4.4544482480764955,6.720413886283262,4.40974874141591,4.648714705983718,4.69129759453181,6.738295176764985,8.820909769239705,8.32153131116423,10.064280651856155,8.682225116746963,8.434515502824665,6.5661087937064515,6.886897691790303,7.794007347223556,7.794896524629198,7.72002236694889,6.0348214609453485,5.303153879166613,8.445938319455426,7.230308106173925
8.50636036936458,7.791173570391525,7.2212045793333415,7.169238383394214,6.271422831521256,4.871238386751786,3.867937634052355,6.3554632428792734,9.667147807036612,6.481788037833131,7.865218485551928,3.8371557324718166,3.5078033656328076,6.050206258060581,7.329481836606895,6.521867538826014,4.155421059541916,4.708913203450938,6.961709653391796,8.683427412735561,5.426542797894215,9.96027893725717,9.915821133459165,9.73591774965534,8.36128553740694,8.005748180388045,7.524609273428904,6.323412952131208,6.486359042378565,7.212463810798419,6.16252896242537,10.342883930749636,10.01851488908494,7.80225213287404
