script/wind10m.json
{"header": {"parameterCategory": 2, "parameterNumber": 3, "lo1": 6.000027932988019, "la1": 58.9999434238085, "dx": 0.5, "dy": 0.25, "nx": 22, "ny": 24, "refTime": "2024-07-29T15:00:00.000Z"}, "data":
[rows 0 to 23 of 24, columns 0 to 21 of 22]
-1.3791143104288393,-1.6739564417823356,-2.112735009376629,0.3413654482700573,1.2342631577190777,1.5209557004435128,1.6937097357038844,1.3578298707852254,1.9922628236218625,2.627951834812195,0.7862969775925415,0.17220705744485507,-0.7561949241015996,-1.0812834463284857,3.711258219637168,1.5919670901036018,0.4804167549883655,-0.46119506709471714,-1.3712591132414145,-1.7073218270991453,-2.5291630968977463,-2.5313590155137695
0.9952005402889676,-0.5287091928053338,-0.7741306627158955,0.6409397267252825,0.9937058355534351,1.0169935808395465,1.5779971850982506,3.1857081147382624,2.2763751701835218,1.5401439058178032,0.6025462462876547,0.0534210016901587,-0.3764214874262338,-0.7531577539834848,1.7678852373351566,0.5246456510658319,-0.4336722911342548,-1.2954327056887502,-1.5134240785290196,-1.6018419191983948,-2.1797461230734365,-2.4583631359445497
1.3191183653539982,-0.5759355906614587,-0.46917538446231793,0.3642139653655528,0.45801521238540754,0.7036648088806624,4.891599629403552,2.4140239018361664,1.1942282893594682,0.9700540546770391,0.2679784719474372,-0.07405959886535969,0.271302902328673,0.039543224405228006,-1.1550710485553417,-1.5198355847360705,-1.48126331883137,-1.958627811112946,-2.645529170006568,-1.9202538719447602,-2.3119728821541043,-4.202140709451368
2.5059999267168718,1.0987688133670366,-0.12724794269193146,0.1438258687986774,0.07343221328183813,5.1732398627825384,3.2945142866614154,2.476765986369692,1.3322118334843898,0.4633933153961317,0.33384458698516767,-0.2033236468075177,-0.27945430134056404,-0.253503111302698,-1.91511357900683,-1.4994479034321275,-1.7331868425331678,-3.454232671676313,-2.2907791085927545,-2.584892914126563,-1.9667941591369669,-2.7191038703822215
3.6041205967719083,1.3574194376605262,0.21124078859492793,1.3123143677595783,3.997317154071014,2.7129577192257974,1.6924080904756018,1.4126873692029647,1.3680139729534324,0.389132932176056,-0.4244074392699582,-0.9451885983359695,0.13888342631669767,-0.3734415559131964,-0.9260840165599401,-1.2944235990396193,-1.6578282722587976,-2.4445960707107566,-2.4156135025467336,-2.4854205273937757,-2.297002988833125,-2.86621141131998
4.18056706804439,2.3663420753987805,1.3118845775934034,0.5601684344379004,0.7285788370723609,0.790887556799815,0.8645162801682583,0.40421232958407116,0.15124807571593724,0.7884395933970779,-1.0754916388958897,-1.2958356346385116,-0.32928959439379246,-0.6239197113239756,-0.8073372699581416,-1.516780476614851,-2.130417589484825,-2.406769203506812,-2.822588206125679,-2.747767779486394,-2.6566557319814206,-2.114053215883727
4.815011212405841,3.2999303449393325,2.02379273068575,1.1589359994339883,0.6888344891823981,0.9002520544263551,0.8288620436849372,0.4047195347209461,-0.38100203893619383,-1.1218534994721787,-2.3393502186526254,-2.6565447979471943,-1.1449977288476882,-0.49933320299331585,-0.7423152110618243,-1.3756602093323032,-1.833470357198893,-2.0323117263439823,-2.540463739096571,-2.5372396198039655,-2.75652170746369,-3.1357898436511453
4.758319249159914,3.538213336714976,2.773330301932201,1.8900156984185001,0.992421811693709,1.1070636184944467,0.895345850182265,-0.07431320493212354,-0.8466074041045913,-1.3697078443388568,-1.5433679924593366,-3.9492866467761365,-4.282713163895328,-1.2016151862843583,-0.6449736505761272,-1.6425538194876137,-1.722399226524012,-1.8581523143028762,-2.42207646505119,-3.018771210273038,-2.423436349073008,-5.022757747956382
4.541736190082785,3.4853627750630527,2.780495398142152,1.9505134126827322,1.859142094641898,0.24324895361316126,-0.29022257828340875,0.09945882470712772,-1.1331839993930501,-2.2065956879788846,-2.612309389693957,-2.7093053670189144,-3.36945362019455,-1.7513991067586097,-0.5379312904794931,-0.9875803959633502,-1.83343165617437,-1.9457240421261897,-2.220947151591718,-2.6269147438794365,-3.7217815321940844,-4.153467911130257
4.392417592819979,3.3995473542506303,2.62461764195101,2.0862692270164196,1.8536830553446342,0.4449212585338995,-0.33802343992914885,-0.9126356712255779,-0.8771841150655407,-1.6134685250383802,-4.018886250136367,-3.9573097292405275,-4.3945735492714695,-4.672231065426788,-0.42832318279890746,-0.3027737622881004,-0.9180165987380532,-2.094681447938212,-2.013602507681864,-2.324435232133356,-2.248478090791578,-4.343447783887465
4.673033964907803,3.2767192912956546,2.072160262362616,1.809673904833878,1.4270503228050166,0.03751034630282086,-0.8438465138061343,-1.09558673109677,-0.8676975472991614,-2.4242474350630827,-3.1170979856896808,-3.822659897207099,-4.203258391755968,-4.4432011108640275,-1.844113626055128,-0.10343805909502644,-0.2911803101556119,-0.7674457963313901,-2.1476712463699226,-1.7716804838132094,-2.2288661861495247,-4.865740872644497
3.9426393518345466,3.294987304574017,2.251610037575528,1.5710420068724702,1.0456377950493354,-0.32056606333154336,-1.265023669540839,-1.129694777460891,-1.0626901254145498,-2.1582237861281492,-1.1912863816741652,-5.845128378893336,-5.114964064703064,-3.2506293235097523,-1.6716140649140805,-1.1707952073695618,-0.8684532550476473,-0.8692744256362519,-2.1460210606597143,-2.075307389818112,-2.3232451970586387,-5.150493050241481
3.7248173792316,3.1636895774664793,2.5384002926264926,1.6407255047477276,1.2873102021405314,0.12545320970180587,-0.4821096718289066,-0.7383869560178983,-1.14058957639482,-1.6173736712562927,-0.6656541380389298,-3.080808174832119,-2.5162973922019365,-2.6124824845211427,-2.909458732052508,-2.0897167135438153,-1.0008028840658187,-3.575028728839995,-4.28311981061119,-2.3855908521873794,-1.6122817152815498,-1.5850992311390004
3.968111504100834,3.0487333378791903,2.398493830550188,2.3530545135815917,1.2095506037089274,-0.2670986111316001,-1.401169500235007,-0.8806541736752433,-1.4227401962924688,-1.0796397736428656,-2.2954331916213517,-2.643713935192116,-2.9653244962492695,-2.4087424721066943,-3.608209901281044,-3.425875995911416,-1.3778835735474548,-3.7929023126208525,-2.7994080516927267,-2.0667946254194325,-0.6423761522044313,-0.9410080376742476
3.82897919834542,2.875738719243065,2.025271030392984,1.7624674472846527,1.0086270268109363,0.9645344185437978,-1.1266945539834774,-1.1668162987152415,-2.1744649149578854,-2.9069925649931396,-2.2828268237589797,-3.118888015827581,-2.4202433708520403,-3.189387342555515,-4.013853803213204,-2.8965058698190402,-3.1967680014891595,-3.958596138856711,-3.500328939170343,-1.0670918057354037,-0.9265954928013135,-1.413495253234845
3.283198489499738,2.494894910657827,1.9469435393540226,1.4396319028015183,0.9271353734119424,-0.17773113821829223,-0.47638704113701374,-0.7334712908075628,-1.5459750800636132,-1.6483887732883993,-5.792218341766023,-3.3880036470843957,-1.7946514911549583,-5.4354749856561755,-4.457075335281101,-1.2556842442232534,-0.5428739815177984,0.4109829589284164,-1.422451291528047,-1.2507096951045802,-1.0826367082506472,-1.3412791200159109
2.914150201074648,2.088484995848788,1.6939221602145045,0.6665089234840291,0.45184328606605284,-0.603228887935836,-0.6917050222728883,-1.3233649176988154,-3.209991008595219,-0.8409693154856064,-1.1696725258135277,-1.938171024453194,-2.0273702253726102,-1.9845300023875592,-0.7781159621137318,-0.3437083071591656,-0.4433364519958422,-0.8455884591916502,-0.8405520452674188,0.8022139068056355,-0.1871093763986058,-2.5039728654787843
1.7654205765732562,1.4612044003206426,0.9339780866637939,0.12014226793419881,0.05323039333500652,-1.7160876187031886,-0.2885146534849469,-1.3162403447898543,-2.8171321015745425,-1.475148432058261,-0.3444669224972339,-3.061857015092081,-3.0774401133022797,-1.9637144524701184,-1.9127124338624835,-2.9089648133783195,-1.7693531980280606,-2.415016418519931,-2.547115529357545,-2.725494040700961,-2.651642266978807,-2.2337651265773046
1.4712374277041507,0.01765741524843066,-0.5438268043987525,-0.8804634773476374,-1.0636605026188253,-0.8126873026431116,-1.085988183528086,-0.43018517557358066,-0.27165864855266564,-4.544811451340795,-1.4193616054322928,-0.7890829348407596,-0.3874614311278726,-0.11689514561744356,0.06772081762849787,-2.799754979807227,-4.0373447036473005,-3.079979779944944,-3.248695163169219,-3.542211957074997,-3.2659054403343806,-1.5330959087905724
-0.9939018352291815,-1.4474126678456187,-2.4128418347972524,-2.8774558684898257,-2.0776708187990542,-1.8409097860082657,-0.011173104641896785,-1.8417083906483847,-1.6183881657563928,-1.9877820444507883,-3.276385108045865,-2.534997280589584,-3.7052384086992527,-2.251485000731568,-1.6636197232242789,-4.715616727886545,-3.9630555152643088,-4.523222709522432,-4.177192975147447,-4.082972697322847,-2.4946842608464155,-1.7612490191659937
-1.138873493376623,-2.9887677396316734,-2.9561488813143857,-1.6576595453029759,-1.3884369225579691,-1.7738298613008927,-1.489662505596423,-1.278814082075032,-0.737076039375089,-1.3737004037053482,-1.8370580295389387,-3.096225312843089,-2.895848879379971,-2.5393095516726425,-1.9572032533560138,-2.0717913079395025,-3.518771169426175,-3.734145881167358,-1.7360966576989698,-2.6659801038029225,-2.056921332943686,-1.6918831393240055
-3.250656290715833,-3.445595039592212,-2.8715247794902896,-3.466919013532298,-2.9313947924514148,-4.161904179838457,-1.870928098275383,-1.327142425429207,-1.3747043975478377,-1.3717708372833035,-1.2043348189717367,-2.2157265936850647,-3.146937312714781,-2.5306745976803,-2.6948314129280355,-1.8368796898486655,-2.7111905656234616,-4.674613175074611,-1.9532258813833736,-2.4215029159636385,-2.8544849891858126,-2.1852265391491983
-5.5538926556796895,-2.4440531483573626,-6.171815389257724,-0.10023695109829256,1.3209412406131558,0.7430993410810243,-0.6706607849721162,-0.5947682571619113,-0.9374103601067126,-1.8244988712862606,-1.482507460015848,-0.8597825719230341,-2.8090482383638595,-2.2088072686128655,-3.1200508216418017,-2.9990175462247763,-2.274711450122722,-1.7657513568238614,-2.3299432926850394,-2.3969928925673303,-2.2585060918932096,-2.417337755464735
1.0990296764387917,2.1734221822575672,0.3938939673823461,1.5886002820055025,-0.8636183763837361,-0.97254875732407,0.706818124645587,-0.4229296758312919,-0.6747029337531426,-1.3631880205259612,-1.2327993909093624,-1.7025437103615124,-1.8936673381868359,-1.923281936952145,-2.110392083470263,-2.75268104515978,-3.1959464872591155,-1.8230946902635115,-3.451837456411621,-1.9532151252322718,-1.9860805964012345,-3.935800751367202
