script/wind250m.json
{"header": {"parameterCategory": 2, "parameterNumber": 2, "lo1": 3.000054539987559, "la1": 64.9999836372058, "dx": 0.5, "dy": 0.25, "nx": 34, "ny": 52, "refTime": "2026-04-17T19:00:00.000Z"}, "data":
[rows 0 to 23 of 52, columns 0 to 33 of 34]
-4.383040544200061,-4.061690787815094,-3.5186494307208367,-4.221716855006786,-4.723094070828935,-6.2017658733058045,-8.605308998995339,-9.826777224217903,-10.632015340256158,-11.15543177685607,-11.345591658368868,-11.238283554361438,-10.980957045478629,-10.205324008590333,-9.823640289804983,-9.104927220227012,-6.674473166245086,-4.570058522141858,-4.023342243838866,-2.4646978816560043,-3.278570030208697,-2.359866198068518,-3.3220040639461863,-0.8946312050169735,-1.9408944417822371,-0.34131868041973235,-0.4465035620743612,0.8931889138242541,1.5096665569944738,1.7735414310174595,1.7718642738465618,2.9163220799440586,1.2536294076472718,-0.9690203852593732
-5.079481912169098,-4.219608580947744,-4.5100463481055915,-5.746400299032967,-6.553153368851169,-8.276138026165565,-9.815774413144712,-11.019794433875365,-11.275278358914147,-11.383670750810506,-11.96475140481219,-11.419404186937324,-10.53770472421099,-10.900630924208954,-10.062296581397085,-7.712818410962222,-5.086737446739993,-4.136659627308512,-4.003908138005597,-3.2390156513799795,-3.0010593328020123,-2.6929841440004925,-1.517193299768685,-2.8236882674385457,-2.797678143866645,-1.708987138723942,0.027704680926598103,0.04158320993497832,0.7900820951444442,2.4932377160512846,2.4367132100359683,2.49863401110812,-0.5060076419095548,1.911467329416632
-5.916147267360165,-5.06966358499472,-5.9084069051603665,-6.360540076981701,-7.7842966421321185,-9.082818855221186,-9.825310240970104,-11.498867529862737,-11.50676363959526,-12.171768444889299,-12.461491593808308,-11.406828704729039,-10.231603886693893,-9.863455712107019,-7.797504316208724,-5.5046468521757905,-5.019030915023176,-3.422459994525537,-3.2276003022052375,-3.3241259381552726,-1.0673672557137341,-1.831863641029736,-2.2885223421639256,-1.7104681327629798,-1.5994852809495355,-1.7957648228894747,-1.1133983011337159,0.12234861910150471,0.16838971533240488,0.808590192631196,2.560249215449035,1.556498909532288,2.2037756146972662,1.6004570117494885
-6.416624709914902,-5.087614366060277,-5.683136568026891,-6.700903099450428,-8.051387671746088,-8.683225237071138,-9.686426724423406,-11.756600302192332,-10.618821526170994,-10.179647055588237,-9.499858454062275,-8.349233897036497,-7.670318357035193,-7.396558896930307,-6.0255050608004455,-5.96464261554814,-4.919483199428208,-3.547932783635105,-2.950352764086662,-0.8975411463486479,-1.0882030568328143,-1.3799184075889588,-1.0788619626579938,0.24108352244163703,-1.79599934522263,-2.2673342271713537,-1.5638118887596026,-0.017979383270912704,-0.67867694147319,0.3341727617530764,0.897506900512622,2.0167913992096826,3.0434206442285436,0.49766786044502426
-5.29736881060682,-5.621043457126831,-5.655315125885759,-7.476418703356754,-7.468182742167702,-8.182417792328453,-7.27669866185682,-6.8150262061712885,-6.181743284742729,-5.208861994495424,-3.6425630355286143,-2.9069889381933365,-5.663184980516169,-5.979996958654862,-7.4931843424385445,-5.701628181468921,-2.6790618735294154,-2.457205307416663,-3.2110692192960264,-2.220108583450721,1.1918477890516068,-0.7310074264867839,-0.9911194420337082,0.2936548546331116,-1.1566059474404862,-1.193850625779934,-2.247540136402563,-1.6827910884564212,0.0038507064149211935,0.8499465428509041,1.965985893946656,3.2284429178849066,1.6416011077093136,-0.848952602925263
-4.607638470028565,-4.702618744241545,-4.861611857886496,-6.785103270110661,-6.404650632045912,-6.587181725679122,-4.427521767073671,-3.212011862240157,-3.250159612162277,-2.906644974663547,-2.902383017712456,-2.862186063978337,-3.016284373344355,-5.048385929245576,-6.250489594766545,-5.130265036249023,-3.5146222872714112,-1.485463722730418,0.07624256403687794,-3.231218670015254,0.13344731339990965,0.025810663745448388,1.4745646496994744,-1.4741288139666509,-1.4529680579284454,-0.8803936829313184,-1.5946152072923048,-1.9036490732377034,-1.272217580625477,0.4429602314474107,1.6409199905864482,0.4439617582703009,-0.48388138251416474,-1.2495220739355468
-3.9242403602174654,-4.723178337570705,-3.520700251693188,-4.986828660746772,-6.451734772461498,-5.995091890439108,-4.080942548073896,-2.0766694321304033,-1.590753249017925,-2.1124799708920246,-2.7015045079275204,-2.0021859123914054,-1.6879217866873144,-2.2315824971657383,-3.233720726373698,-3.0949322568242423,-2.763565835829215,-2.0720817763567085,-1.2940167545757641,-2.3018152884060563,-1.1576401611836595,-0.016137535086584078,0.6035422301936123,-1.3110720286397837,-1.3352710055646144,-1.8141213415887583,-0.6186818088115857,-2.2852791971898965,-1.2203440336008744,0.13349905543787646,-1.173418314066039,-0.824786386849153,-1.7355312550253206,-2.114567758492135
-4.254099563555993,-3.760696125781417,-3.1625772368347445,-0.9310947642400372,-5.238116077805687,-3.159627688024809,-2.630776085174035,-2.272438923608345,-1.9415164109409868,-2.9969719644260278,-2.5108185931994385,-1.80533853199519,0.4434218510345205,0.011860869484021225,-1.9379639487866953,-0.14166871470910292,-3.540331554384396,0.7233655650953876,2.182669525588717,0.2421422416308984,0.12297401900283211,-0.12953990515845606,-1.0596229904920627,-1.5863012837493224,-2.214980669969651,-2.891638383941857,-2.0055179521737507,0.2035890886903133,-1.563711358358366,-1.7212640154886722,-1.1939745947592086,-2.287002675894953,-2.6723687209958276,-2.7921653280739287
-4.64968818823178,-2.906962696815016,-2.0702695123257606,-2.935827259055772,-3.4083435982005996,-2.982536886402791,-2.6576205964411495,-2.895417694935763,-3.037406779513751,-1.89273825358318,-1.3229106894277591,0.9692766431973201,0.5566765056795376,0.7423868870462956,1.4523115691216806,-2.1601931577565083,-2.756147478280917,4.652388940370499,0.16997718645282822,-0.12338327871888319,1.1099447182828435,0.6508848865562012,1.2700644596803463,-1.3817279717376416,-3.7948994940818737,-4.516336710023804,-2.36390948265655,-2.9709661947783186,-2.490486729814079,-2.520285533806087,-2.1330699702955274,-3.000857289875881,-3.143082476639943,-4.203669718288541
-4.94435427143338,-2.3665065478750593,-1.1687576240513997,-0.10749252172471585,0.8932507349931527,-1.6005841931638787,-2.5167392209280046,-2.521493509059907,-1.6383292341359506,-0.22683156464324006,-1.6957750343796907,0.2621448331950336,0.7978998442330507,3.1057457894469582,0.024804244121130345,1.767155871528347,2.529522347296329,1.575848946222825,1.0097104213629462,0.3068225426795308,0.5161804573024075,0.21298223540616043,-0.528849310482939,-1.6009491839259373,-2.394122402691342,-3.1609781166766826,-3.672463405455221,-3.7576602126697787,-3.9981897999066844,-2.717772082292691,-2.8476503685897105,-3.8516682060663694,-4.133173790239411,-5.193878963790108
-5.196637268690582,-2.723772031876054,-1.5748251381804224,-0.9171180045345115,-0.4763321149396993,-1.6820504130413099,-2.659658682868367,-1.7988711789621556,-0.06502644596151173,0.9761246482565955,0.4150401052809598,-4.4076218806823055,2.383360555637083,4.658718122384716,4.170207368586292,-0.6138147782066098,2.1039234130561133,2.0695206648060402,1.3672014584390741,1.9807150919202061,1.3136407467930227,0.025845843736085533,0.42528207436402643,-3.237834700115383,-2.558340858015796,-3.392472109427265,-4.340252430260812,-4.26031668177888,-3.5703399480052713,-3.490209114149875,-3.986659865212414,-4.621852883746039,-4.889026224509227,-5.561949102965255
-5.750812870540531,-3.1103675312597003,-1.619139977419612,-2.408958899399002,-3.880082936789642,-1.9494929766148557,-2.0209028079885987,-3.2366358134261763,-0.8798175291361741,-0.0007922872208788463,-0.4001202392584758,-0.6339678244396532,-2.3244267855291545,2.617432486555317,2.141951081195547,0.7258724881220064,0.6386115589900812,3.566096056095834,3.1096919468864845,2.4023177209780022,2.9511759440732357,0.16447155166773483,-0.025280026785394847,0.23195735254028282,-5.063571977098644,-5.89895874766361,-4.381325878554159,-3.762045112951818,-3.305081085924804,-4.235361827060254,-4.765317222502157,-4.969134566384781,-5.2376205566930905,-5.884317174469153
-6.572078926408371,-5.228534404726382,-2.921772324371122,-3.096868567520906,-2.5779352843954575,-3.9958690074526064,-2.753070615147732,-1.1433729318392467,-1.4043881778237213,-2.2352801842709127,-0.02769692432943887,-0.7809031895667516,-0.6606984788395498,2.9215726564972178,0.2379597453229395,5.194679162907118,1.19179371863723,2.7156968211961012,3.121971358044161,2.7021023302865292,1.1775066347964749,-0.46607496780419927,0.07798655001238713,-0.04584894752652884,-4.241427675610851,-6.126913785314957,-6.693257469217932,-4.594004821258176,-4.46055174398957,-4.933238562212943,-5.3373295163750845,-5.133493703058916,-5.845578885442254,-4.398368026015325
-8.381625663462984,-7.70072282919643,-4.020362212387271,-5.9775186013392,-3.3495967557515725,-5.177366738279782,-0.8455776703410588,-5.6301651944790105,-7.8849330998397225,-0.25382841055632976,0.6451410000145287,4.064013075438641,0.38352054087240645,-3.001545886758014,1.7906047056522651,2.167247554659443,1.8713106432874034,2.0314512470680572,2.0370427257109376,2.916321621060707,0.055364512526041985,-1.3057312516594288,-0.5263729368944069,-0.1160006962381367,-0.7008595061879745,-4.407112976338671,-4.551891479816174,-4.4133597684767025,-4.793679511462124,-6.0444490592042115,-5.937764423708207,-5.105356311914268,-4.895815446063292,-3.0575962782960686
-8.50243131556719,-8.721129925782119,-8.157350482663563,-4.522243203755066,-4.141803524429384,-6.148137363437897,-5.027545534717371,-6.08997594871535,-3.407337344569199,-0.9193909506698696,-2.340526721311454,1.2590064214326342,2.472340678955095,2.268919234815693,0.48903123840699836,3.0291904016194406,1.747122697197395,1.8350601370358401,2.4551133742690205,3.059969493989624,-0.826854279404544,-3.42121098387537,-1.7102169361430524,-0.8376571538600661,-0.7461866196545374,-5.2140216428771105,-4.95258887218253,-4.756862311886789,-4.369046759338043,-5.712464930790704,-5.552171894865571,-4.205534206622314,-3.0854844944929773,-3.70422414536537
-7.6382326566378245,-8.035497003359069,-8.016962672486265,-5.8959724906475355,-5.520450968001365,-5.9608834187796775,-6.689839768892535,-1.0011455232471715,-0.6234892415563733,-3.5483658475332334,-3.44386235164825,-0.18889589146175484,-0.6014675949873742,1.4350000342098728,-0.5013059208371199,1.7797638423208024,3.0236938915443194,2.3329591961495955,1.8825368025270521,2.5459402638334176,1.3209897086364337,-3.2055449653229573,-3.4622744351120924,-1.62004087209665,-0.04909645749123668,-4.134053580560656,-4.639863619195092,-4.104685356695311,-3.1957384430801157,-4.312068237068983,-4.044677626086287,-3.3822440982730266,-2.9761690074490827,-2.93421785170887
-7.05037574868651,-7.939929998600419,-8.122039040047826,-7.879667888339793,-6.738356913117486,-6.088014579071023,-4.255070203726059,-4.580464870177973,-5.6920639340200685,-2.718009725003989,-2.4407793053415503,2.3729309278067845,0.318177982893938,-2.0465216853547186,-0.2844643294400368,-0.35439284551146155,2.21111607223761,0.959572733851574,2.4079024144077934,2.5024036309517927,-0.05556628316652488,-2.7112934875353147,-2.506371409248213,-1.6462573757303154,-0.7942404476504572,-3.7788169208939117,-2.654002892721686,-3.987430783587606,-2.8760448880270686,-2.913090163408168,-3.331731481709906,-2.690523625175203,-2.88267186940666,-3.1553957750794726
-7.37730681155248,-7.8813888391726605,-9.791831324474803,-8.502700365072089,-6.234677010921758,-6.3207703755698095,-5.0493634259883,-5.312765164615183,-2.570144040685246,-3.8758404446224195,-3.2150336277108864,-0.42632119542032315,-0.9967703477042752,0.977376410986208,1.1426693734856987,1.4170210793875282,2.9559949434200328,1.9933762723222463,2.3662627101122213,3.268360129460432,2.397344753207715,-4.2365786738390625,-3.054290480909494,-2.703885040312468,-2.2046466178391615,-3.5236161582419343,-4.495410195837272,-3.464362245647476,-2.9907173032274907,-1.8042082087475428,-2.535780821449597,-2.888368347708139,-2.7293368092321626,-3.5106861923594357
-8.047708667401544,-6.783721011818706,-9.948324596487815,-9.576375980401144,-7.2007383595109875,-8.507593502537048,-4.5507426792475,-5.409061411130211,-8.04368235200206,-1.6725526291701045,-1.0660853996459196,-1.1506816066407544,-0.6340485157779829,-0.11661753815282222,-1.1800143602983009,1.842005382463031,0.8654466396759801,1.7039528339879648,0.9254621191075725,2.211139007459318,3.9618868294171836,-2.114974849217135,-2.5251675033842815,-3.0635055761867975,-3.199697628034402,-3.8373571103218937,-4.650868103910373,-2.4711315457109704,-3.4648391634272206,-1.7071437153935456,-1.7161565952551838,-2.182989253131772,-2.5918865334906327,-3.117221418234979
-8.453948400666649,-7.903730990421231,-9.25320324019849,-10.07026352961834,-8.353638616143174,-8.078500177835974,-0.9999313554510071,-3.7530570898369557,-4.044289880444661,-2.9340029289592935,-1.922567913771153,0.19741930012666487,-0.9542455021610111,1.4454235624682323,-0.17419556076318518,0.5418460646966073,3.5926151008699048,1.7804473864671937,0.8444742869180873,2.1781591307762205,3.7421559523041608,-1.8189011631382341,-1.6899073874370156,-2.931417134026256,-4.809717197321782,-4.438906999238532,-3.0271435197763554,-4.20144462196748,-3.6652048947409046,-3.2177282976745896,-2.500232280015824,-2.654068825121106,-2.781377373599847,-3.1762599292196936
-7.63170759796401,-8.341960529190033,-9.105994921493522,-10.460263772840923,-8.605265922716608,-8.744911055516129,-12.56797250458814,-3.235996646543239,-5.888842241079591,-3.6491616116005514,-2.265375125835163,0.6523607672007142,1.599403046995733,2.1828367237061834,1.1275139370558018,-0.06821706922235417,2.7971239729448203,2.5489731887128575,-0.2777102289391861,1.0326580308658937,2.869371916749719,3.08923255463341,2.130731567171298,-2.589820370404863,-3.7975498163058194,-4.2405526718581426,-4.478892602437656,-3.5069112608361546,-4.179255635601232,-3.943291496559229,-2.7896995951878027,-3.457549234192149,-2.9440314870373925,-3.107976120914327
-7.289201287079918,-7.897758550090664,-9.085029485992548,-9.405668233948761,-9.581643016935358,-8.154605513823032,-10.094973519183004,-7.1723626597469865,-7.673005751329135,-4.446934534803916,-1.329092631461862,0.032126655984429736,1.0734924289281917,2.1838884421306046,-0.6832598504266465,-0.12950827527633166,2.3305989968060095,2.50465403151418,1.713400155194544,0.4937868837088125,0.4087856999276645,1.027013648083698,0.4044048733588353,-4.027620115382846,-5.224785719109643,-5.103423789000146,-3.799316839230514,-3.269981933440629,-2.920399606289857,-4.509567751512747,-4.181294024526004,-3.888706641269185,-3.717664342240515,-3.8430653871882017
-5.546487876261626,-7.682685670344388,-8.331987050662306,-8.774987273184335,-9.716490853503068,-8.474323811449391,-8.185756810075125,-5.87979461605249,-5.4056619841264855,-6.2608230813773735,-2.7621922346377463,-1.4866114058612596,0.6874256497487102,1.145363527096151,0.7758714123239497,1.2423607799530954,2.5360994472915834,1.389524531740457,1.4011679809931563,0.02646219224636448,-0.2835598379135413,0.06918401010598306,0.2361494338520473,-4.41905890117774,-4.231471562375878,-5.618671349814262,-5.175266037733667,-4.745206424385364,-2.691602531970153,-2.210489745012229,-2.115214236143744,-3.3653577317654793,-3.5385743051443463,-3.135424050009619
-5.757412337600093,-7.250863967803832,-8.405031019841015,-9.272619311801892,-10.188836403504746,-8.58774681807861,-5.9704899746483555,-8.592138488775422,-5.144813883842595,-3.797837195936705,-1.8553328343401425,0.45711592657370875,-0.26452343637151543,0.8852626128864962,2.550694088220705,1.5580646276262982,0.30639613382948977,2.031300427605994,0.2675956296652338,-1.3498411397335104,-0.6649750750242021,-1.5368616909608437,-0.40711191483164816,-3.2363607333589623,-3.98839334423355,-5.219193786750453,-5.440183661159887,-5.529442224374705,-2.7662744301707822,-3.147504631627305,-1.744786843687853,-1.095490699198609,0.419125345637376,-2.775783334576169
