script/wind150m.json
{"header": {"parameterCategory": 2, "parameterNumber": 2, "lo1": 3.000054539987559, "la1": 64.9999836372058, "dx": 0.5, "dy": 0.25, "nx": 34, "ny": 52, "refTime": "2026-01-03T20:00:00.000Z"}, "data":
[rows 0 to 24 of 52, columns 0 to 33 of 34]
-3.709268105744801,4.12855212794719,-3.895095494957134,-4.437090176841946,-5.168512763801784,-5.549876025672488,-5.846564932966042,-4.560779563530324,5.388831679334776,1.5037502318408265,0.028198509216426408,1.6296518793648478,1.4883367073876965,1.6151574750584488,0.485017411730943,-0.07329571849754848,0.5950973146498174,0.46660737053927887,-7.157240180063099,-8.034425071188128,-3.4434901938690556,-1.61083391336698,-6.531578723826816,-7.532758765209779,-2.7174565659483942,0.8999138266930113,-2.004548530240706,-3.586142327730838,-1.34568669360687,-2.4485633446343793,-4.8997394271493295,-4.963216653306708,-6.430205728195323,-4.180662242033433
-4.122396900263726,4.240752071563593,-2.216302579289306,-3.3445908492976595,-3.336236231781236,-0.7484560806956548,-4.66627085998493,0.2845771005096689,1.6621116306758843,0.46996278640157707,-0.2785275073335907,0.9336636928543924,0.8044743684812026,1.0595237131945272,1.0546174510884454,-0.3462695823830352,-2.9705020772748303,-6.601075690138598,-11.820120775914289,-7.966081470870429,-4.067047417933913,-3.589226430250271,-4.642099059799439,-7.506330361583982,-2.7375161291961616,-4.51367864605671,-1.1578722973638145,-2.679223082939982,-6.671103671446065,-6.180974993906151,-2.7362918602845703,-4.1011327701537095,-5.9386935256195486,-7.764152334309481
-1.6744154270737577,1.322724689819028,-2.410653814672639,-1.9757651508050698,-3.0088435294355573,-2.4963275143004258,2.3191995361822464,2.1004757405805585,0.005926238622900968,-1.4518942897457798,-1.2736719757849468,-0.5591944822414845,-0.10176055952092058,0.8247047436031005,0.6383471952677496,-0.5649334795710914,-7.775903869337139,-9.47004328497081,-6.186808358467139,-7.07408224959125,-10.319101405823941,-5.609074864946623,-3.4936189842649275,-7.464414214036344,-6.395329872494646,-3.2282966262080333,-3.796260669673092,-2.6329699601459886,-5.187522235061679,-9.504051278482537,-6.933658208352778,-4.2613530138634355,-3.485926583680035,-6.482010231656687
-0.84568164376422,-0.5633970427838284,-4.470258154590772,-4.548224962601507,1.2221396542038263,-0.6837510289908734,0.7238998944291422,-0.5620294113825275,-2.351296433177251,-2.1697666391648487,-1.7109998020726023,-1.3867060296062532,-1.4085443538152056,-1.042008802863319,-0.5027695151457576,-7.43895866460825,-2.815803530013557,-6.495042197307548,-9.383504894759072,-4.422177418727356,-12.811789276605836,-6.187994087462582,-15.238892131744306,-4.266014836789386,-0.9883027425062249,-2.8026346582274124,-3.3050020145450927,-3.3813471736501084,-7.025306904429835,-6.787522230651635,-5.465781090752857,-5.598647745226063,-4.754247896102161,-5.575546876524252
0.11142758729947587,-3.8548611727311655,-8.364002953075317,-4.5617145884787105,-0.07636445671693641,-1.0598423100284027,-1.94479246594748,-2.4997655551475155,-3.213142054196128,-4.182573999068567,-2.043994495376985,-1.6305110949757502,-3.3614536414350047,-3.5440445712177824,-6.235244329207377,-7.122437425240927,-4.138070845518074,-2.5342966594757437,-4.0687672822549565,-7.042637656561988,-15.55065362331611,-12.157936960739958,-1.1764591727717084,-10.626670411099475,-3.294653665050963,-3.171552335158314,-4.292450108412939,-3.989370661316722,-8.590188406464273,-4.770367524072712,-5.921296102266266,-9.314316441807998,-1.186467459715589,-0.9214834151916806
1.6191453372311706,-3.0500361905140982,-1.7530376327590704,-2.919241054225769,-0.22547089325788655,-2.660441452016029,-3.42161751735705,-4.022595001420055,-5.241736851968837,-3.5889369065503463,-3.216046236891669,-3.645290690748083,-4.543637349385442,-4.589768890060346,-5.250743590258836,-4.56189052163345,-1.6404754641418517,-4.986903915085202,-9.998100600782006,-5.404989518181426,-2.092043368946791,-8.890432068134333,-5.131869815918758,-3.450816961276391,-4.093309416822688,-1.1964086193091217,-2.930310354348623,-3.2051574474586024,-4.47103608887614,-6.94549020536913,-6.242363460856454,-3.3970552829982084,-1.787212726114891,-0.526482635362237
-6.274210199371126,-8.838624193033665,-4.201190561283034,0.03746523744667332,-3.799024778671158,-4.091692140833002,-5.014398504818808,-5.471127378379288,-4.4389702381551706,-3.08451566147846,-4.375101682770896,-5.790827890108153,-3.395857596000997,-5.899612689903748,-3.4397559588589157,-3.218403813681465,-3.98088147288196,-6.204503554453412,-11.772523725565211,-5.831357202589721,-1.816721055246635,-3.321925168428052,-6.44768636925064,-5.782483532106605,-5.462338961158864,-2.622043242363895,-0.36064022539653157,0.7182203023390176,-1.8117713805604345,-4.22327918275416,-3.121359432513221,-3.442096234098025,-2.850532260111138,-2.203021343000251
-6.055844300795149,-2.2806176949834365,-2.9060456673791575,-5.033727795129015,-6.335555620824277,-4.9398691262593015,-5.677986381550373,-5.456213906071009,-4.543724186139036,-3.7437127875680454,-5.709854213238607,-3.55731551519124,-1.5900558312667552,-3.576824629014176,-0.7787002950674887,-2.5148390886050254,-1.3877035740264896,-11.201136001931888,-8.74385604230818,-3.262979457614718,-6.334062501206712,-3.772962247405513,-2.6305405169384737,-2.359558049330409,-1.6662026520786943,-1.9933883855301373,-4.855117815058399,-2.144257040065062,0.1039847137926036,-2.129863760222972,-2.95248400826889,-1.3717159952277838,-4.181253649796804,-9.461402679475789
-3.7038103989228732,-7.077800919082057,-6.101712439787993,-7.410908053074382,-6.1073046607823755,-5.751064841010926,-6.182878074181207,-5.010297702621263,-4.281280959776771,-4.173992489667998,-1.8721824820995088,-6.811822772993877,-5.341358809221104,-6.792997346618827,-4.959286368709736,-3.4644019886470168,-6.915083378712199,-5.3052000494376825,-4.375193758350022,-15.384344591862115,-6.6091411834515155,-3.9547023069231138,-0.6030411414279158,-0.6837575985275911,-2.4125258720562397,-2.820888785239156,-2.045212490731219,-0.8832220342478837,0.3164537743942011,-0.20457790240252038,-5.278963308476438,-4.956979390341736,-11.321893640958939,-13.32137834152004
-3.953206794206033,-8.114502837584002,-7.374576310369784,-8.007255728760347,-6.534113672364456,-5.3630262972387746,-4.815566066714707,-4.46925735977482,-5.17557086241175,-3.9712612207067797,-3.724769949853934,0.5687362579481671,-7.113891406355265,-1.2108835602099648,0.13589336804249186,-4.972418445812819,-1.7255165550584193,-7.375054920662089,-6.140517941788574,-11.304142179776411,-5.070586463663117,-2.062088399219619,-3.7927064481840085,-1.1408606797905547,-0.9671367387939207,-3.287659356792219,-1.8718840476670722,-4.29533365141027,-3.4912093808591598,-2.9168161251981624,-1.575763359300286,-11.315890818256772,-12.913183125185096,-11.927066876024215
-5.883598701935181,-6.2237425716639025,-7.214099918901527,-7.959067093943352,-6.109756491310639,-5.4086271018078715,-3.9996565333820073,-3.868987935942594,-5.2041367345932805,1.586749911405735,-6.912829692358752,1.298581524323524,0.9280621974094683,-1.8915776057280898,-3.9323955761121216,-6.144731772930043,-1.8527827659384324,-0.7497202107461911,-18.25516118052542,-2.1220765596930056,-3.0915114306141254,-3.697800641593104,-6.7791364462166435,-1.1006197270837372,-2.241664183792651,-1.0196126929599991,-0.9506150234745219,-3.8321596136118896,-0.0644759814550712,-3.6869398029961244,-6.323670070273771,-12.356069310408378,-11.938106246178025,-11.268628013807474
-5.758116150956008,-5.716950834221093,-5.84136425898537,-6.792043894295198,-5.4115844348907025,-2.9093546206264542,-1.7007497186714475,-2.7705001412956887,-0.11054593925386434,-11.471958473143468,-2.6460976511632515,-3.3143155262526283,-6.496650855430311,-2.444440376257453,-3.7916399728778782,-1.6125827507005035,-3.508186579967432,-11.227427652511807,-6.676283494307764,-4.3861088343171515,-5.030307027833994,-7.206646956210787,-1.0421883395304612,-2.134091215373648,-0.5568351086307277,-1.3441084586409868,-1.2561587222285289,-0.9758344704713682,-0.24216223319008573,-1.8967618474668466,-12.62844536879695,-11.905127585017777,-11.460877615529022,-10.694814596508916
-1.8330306649207209,-5.532405799031489,-4.642416201533175,-5.647772790740405,-4.448610406016961,-0.7009738941083306,0.05188045524955926,-6.181207976911745,-11.122741088061733,-5.773718876766614,-8.83846586148416,-8.876555697599098,-4.7211721215635425,-8.005179546318502,0.8245245363331465,0.2749648497789133,-3.27661008962326,-4.3780199450054305,-3.911505071629703,-5.9521428879881,-2.849400852341867,-2.7184879521106446,-2.071135700220347,-1.9650270579447626,-0.44663846305557736,-1.4762408767835806,-1.354123453833219,-2.8920569352952037,-1.1953020581125176,-0.655919057893072,-11.01134733412548,-10.826383145890064,-10.298477844822981,-10.59008014986286
0.041178244685555206,-2.4451953353804647,-3.735691803250082,-4.304318690279105,-3.3704512548203973,-4.211373159913313,-4.6318832297588886,-1.382886579630512,0.6907780880909825,-7.140902489315514,-7.986409699077016,-6.071964861325252,0.7026975651876608,2.971932884786813,-7.625689616598493,1.814509907440748,-3.784829990395507,-6.507733238101597,-5.357737295041064,-1.2826857965827014,-1.4116965322156854,-4.613930326415219,-2.1847241528607175,-2.229845509996873,-1.0229286616209246,-1.6601684756321222,-0.6902678846527553,-2.0099536152847386,-0.8919054040862351,-9.140028844548484,-9.707784129337183,-9.852087619625568,-10.463615886717555,-10.775069267442516
1.5173819768830992,-1.5008170566434975,-3.694251578502519,-3.095292171392734,-2.5023370563605534,-2.9763127597764267,-1.719808869870582,0.7769115908505491,-2.559760538248247,-4.858947435599315,-2.6612601521120056,-7.669363678717972,-4.875656608963855,-3.1857445506795554,-1.4613272454165906,-6.584871597251675,2.0291671575238746,-2.4957798582691106,-2.3316486378042907,-2.3112722295880963,-1.0666745869667251,-2.1803109643668037,-3.8652560197163353,-2.686092195576058,-1.1437715862750553,-2.875520437794528,-2.4902407254142678,-2.0086092716883073,0.20970437479633122,-10.090769156349818,-9.962614068830543,-10.20073980587713,-10.095383204751464,-10.73470075985654
-0.9159187529807125,-0.15692456682963085,-3.7809875376755624,-2.8266668104747126,-2.9232717494480105,-2.067787380339899,-3.6524815988678463,0.41674339343494504,-1.8365152468086197,-5.466313407593922,-4.786081092005667,-7.813160246546094,-6.249021944666045,-3.63838507300018,2.9889940098309635,-7.581209963109955,-2.548330902974838,0.2681643187512191,-1.3496960729326213,-2.20929901222396,-3.258518697663197,-1.6136146293678957,-1.6224363162944464,-2.6282802094314937,-3.257072676908494,-2.8768822668360436,-3.2044608731966946,-0.08158318092962623,1.5365142072827522,-9.809752222624773,-9.775223284331247,-10.35107347674724,-10.673100555046442,-10.660099203377335
-1.1927549264826744,-0.6420081915315602,-3.585149306642049,-1.9887561450572664,-2.0106013013458863,-1.9667186749228185,-5.868779083298219,-1.8027957676066997,1.8054743275321694,-3.7656034198892074,-5.184052992686743,-6.130957672755538,-0.8040646581532601,0.3991942195100392,0.31062476402690054,4.273400437307699,-3.8188010532930106,-0.46949545201181153,-2.5515461458322624,-3.157186532688887,-2.3571622344983343,-1.9269787630918522,-2.785760908271402,-2.299865202410669,-3.740318693445358,-3.725504868025788,-3.9029062236504237,-1.6034737919644733,0.9590949064090172,-9.040660064539038,-9.856873413639102,-10.072080295058845,-10.390183767782641,-10.69518446515587
-0.19940091311412222,-2.1490594191744536,-3.2567265233514706,-0.9016416526193307,-2.565286594498182,-1.874588805057047,-5.17667124192322,-0.32899903288178745,-7.981792592465928,-9.586221015902876,-3.8980691662588582,-3.977787329816503,-2.755564317264452,0.5403946270244719,-0.4388234662711224,-0.3072624617622449,0.2903220764192961,-2.1858892477832392,-2.2189424626823953,-3.597671885039401,-3.621615984198654,-1.9861191893538452,-3.0255468228156754,-4.101460328841888,-1.8662521974941955,-2.684579133723071,-3.0251102258058817,-1.8481881006278076,0.861120735207856,-8.552380813430124,-9.801291257341795,-10.148750708760442,-10.452465345857176,-10.354405253778705
0.9183755065595222,-2.343927263422725,-2.5859445087886463,-1.9021375681417765,-1.0716606850817776,-3.679286104128434,-5.121487341812078,-1.5652805924844642,-2.731410453419025,-4.872155559772984,-6.448406053955685,-2.0675968846202166,0.017007066329058865,-4.288276987004519,4.703476537359011,-2.7422988131276727,-0.5661333334288885,-0.5595239524146385,-0.37281786371368575,-2.6818775035050084,-3.076749988712575,-5.86577254785452,-4.315872609115003,-3.3349709158117364,-3.0170807762489553,-1.4059565776645402,-2.768103089527715,-2.4607298286749293,-5.910960542837276,-6.851689361805591,-9.548980884773536,-10.075992174201838,-10.444579781951191,-10.874852639673808
0.6800978802900925,-3.061819484439215,-2.4672224047923197,-2.0760979856734427,-1.9836830706003035,-2.795988052514157,-1.4159149212260234,-4.600734406436063,-5.928996778807415,-6.321720328393647,-5.2595302895014315,-0.7152010121724851,1.9366507657151653,-3.502767155739047,-2.0244922961723226,-0.7770333867554183,-1.5245842481943683,-2.021453986770724,-1.4832942951652646,-1.9572521270505867,-2.114197627327592,-3.8786594870996014,-6.414357377072686,-2.9721718062542264,-1.4419399098505499,-2.0007019649975932,-0.44532707857181975,-1.9658132935529102,-5.860443696834511,-5.813641473205951,-5.562176398599857,-7.878749904060045,-9.265474729905216,-7.140609582520214
-0.9960506444249174,-2.6079053440419355,-1.4208012353956279,-2.7539700635600437,-1.2276160055322587,-0.8516724593968429,0.04957245459231072,2.6129865595901713,-10.220965689978385,-3.184578150904989,-5.36482897562297,-3.00998729550568,-1.8052583776074875,-0.7525258788633248,-2.196644491109465,-2.191880769605336,-3.049940179875877,-1.7842901936727664,-1.7294985531554916,-2.9258855253188676,-1.8996560250828167,-2.4529164660448983,-4.378078174387711,-4.078157178732941,-4.4172150369042775,-1.5395145994494825,-1.5440947355043535,-0.7477036573593923,-4.4904625580446105,-5.6587923019792035,-5.76903838665714,-6.14879093135732,-8.792254114282557,-10.003865772073164
-1.9124346029162347,-1.907496270252604,-1.144351865651349,-2.1020498809150476,-1.5982095308321376,-0.7760715246070806,0.30949840903957687,-8.753715759365193,-9.977774740853087,0.7715093048597849,0.5028208300226403,-1.677422565188194,0.8215386487508683,-0.07168730123913325,-1.0787572031652275,0.10185276414043803,-3.3928232884283656,-2.4720685485235085,-2.067681358979545,-1.5955695752421337,-3.8161578042021076,-2.733588308940646,-4.425706161581944,-3.479662098729594,-2.7109297980433493,-3.3873121471474628,-2.2679389459154584,-0.9544057635053471,-5.363535456743027,-6.686242867296645,-6.597737364832998,-7.134235072290504,-8.866568285982982,-12.058004355683133
-1.5280570440714492,-1.2434122439546684,-1.503366449731513,-1.7523566065981633,-2.58523593848472,-0.13394642487313985,-3.7773857208084665,-4.769656251862059,-6.615078283433248,-9.523081097564539,1.309311200954687,-2.5128886231954586,1.7208054482603907,-2.7638156062132433,0.9188444179478603,-2.2134585064888466,-2.8319355364055787,-2.809997048913693,-2.7606312891832974,-1.543804551730986,-1.4484752835672716,-1.5508426658320604,-4.908234912602016,-6.031762412011162,-2.2746873811883153,-3.1983720690624327,-2.6505407988979615,-4.3961119768435,-5.37124337218132,-6.762532210064334,-7.399862568895873,-9.508629559047643,-14.400650926837864,-14.990871137726678
-0.9527072758504584,-0.8969479388448339,-1.4086501281245598,-1.3169922193661736,-1.898001032975783,-0.9524108524332539,-2.437194380180429,-3.8115150993933407,-6.53204377589755,1.4911418553456852,1.0225004035293774,2.3385637906657895,0.36272001759719275,-0.5406843837942505,-1.964155576746906,-3.3691968536189827,-2.0879346337503977,-3.064893815337576,-1.8594239793099094,-1.8491473300986838,-0.8619957614715285,-1.3257880622294476,-3.0172287507803563,-3.4352793151521697,-3.4642592537074446,-2.485900500740447,-3.4616570552187933,-4.9202860352444295,-4.239039550811149,-4.926930741830096,-7.88468053385791,-12.455021330863966,-16.162114409367987,-14.745132141497947
-0.6906533029165639,-1.1280527532000466,-1.2606425380794712,-1.7464192122913798,-1.9718763660436582,-1.1116689626945118,-3.038315479206143,-1.2698696003234982,-7.906937236604551,1.1468574210722102,0.8033791416807585,1.234803209588904,-0.5663086906901714,0.09598637672831423,-1.362739286987667,-3.4263427892153993,-2.597729429493916,-2.9503223579653404,-1.913904054317558,-1.0719002247795304,-1.2856126612344312,-2.525599597223737,-2.805388734206668,-2.8423852586856646,-2.695600573677156,-3.0042094234786676,-1.431757452209383,-4.776005899604172,-4.133360136772196,-2.47912346448987,-5.4473020606769404,-7.495643297237804,-9.796802362676265,-10.702822856483296
