script/wind10m.json
{"header": {"parameterCategory": 2, "parameterNumber": 3, "lo1": 6.000027932988019, "la1": 58.9999434238085, "dx": 0.5, "dy": 0.25, "nx": 22, "ny": 24, "refTime": "2024-07-19T08:00:00.000Z"}, "data":
[rows 0 to 23 of 24, columns 0 to 21 of 22]
0.5797313380489182,2.5318418007271526,0.8755920623521344,0.18374788056021849,-0.08188897983959671,0.15144297010646088,-0.6335480465618162,-0.47174047043385514,-1.1443756707442787,-2.742305350372192,-1.5874995781956023,0.35220609139361486,0.1907653289637403,0.44576723035054333,1.2351022979021866,2.5589845413241807,1.002850169441027,0.2541567190371988,-0.23402647772965424,-0.6816842373166455,-0.5837859843925974,-0.8733314205915572
3.31609421438082,1.638541734674715,0.8808103344035977,0.9167547841172317,-0.271408515294287,0.601009141168087,-0.13448181630108766,-0.6654872451097504,-3.395628063710939,-3.2152603546183127,-2.7829309851785506,0.5419792856007327,0.7584567089199123,0.9520378599985303,2.586686126659828,2.1250175594428775,0.07250465372532046,-0.3888562823403088,0.4663471123359294,-0.29243450142239724,-0.44878629114639956,-0.8108260781255128
1.8371057556978216,1.193052337750154,1.1374877247540607,0.5690340030553588,0.003348212299028154,-0.5535748114969747,1.4792094273252334,-1.0811335563103588,-5.131753373402401,-4.729041953638496,1.2735675278706415,1.269820809900883,0.9809992111899593,1.7783231560928565,1.458673452171766,0.9485970182020441,-0.25562282663256114,-0.42675330736439976,-0.810123975239685,-0.09511944818788282,0.509949349046537,-0.974389347303925
3.786466222288646,1.5094157114678637,0.9497746807455923,0.45660862399028734,0.06598849303788515,2.342617966328468,0.6381858030661889,-1.0365317725971688,-5.0339163898992005,-0.7401774415205516,1.0136747874912109,1.624831607521595,1.2477212281295755,1.2870225220995637,2.185742709898185,0.4585171734970685,0.306024518323113,2.1102810689179625,-0.6758390268341953,-1.0707344496262674,-0.8524484664293888,-0.5417069168080888
4.4173775290976245,3.682003752979764,1.1786855516354515,1.0559955382840025,2.869753711720609,1.4771535209278244,1.278248344828366,0.035786434908484904,-1.2350009140121783,-1.5061789273195836,0.18917740720950607,1.613112904744571,1.5110311571956132,1.514833147241065,1.0326373775236586,1.0439257108443065,0.21663324524171748,0.006925547781776032,-0.22685305907067407,-0.024736704840712224,-0.6213399761866383,-0.9023423982574987
4.530928311692007,3.66059169517481,3.126566044946597,1.5851934074498069,1.3438727886976187,1.1085597356783754,0.40076967777196104,0.6792553645604484,0.17967658088742589,0.267654327764722,-0.777137537263496,0.959747203486604,1.3620232478145609,1.31433087415104,1.0117355483289185,0.704862826740608,0.474267023620119,0.3066655622937486,-0.3345368575273102,-0.7556587900996855,-0.6627860559298482,-0.7976561635490611
4.491037732026715,3.892001118006317,3.115106498182348,2.6840929476253392,2.132069220806015,1.6923025448117155,1.5464507227034547,1.006508045171156,-0.20322985662344317,-0.22979000121263166,0.28997659662152997,0.8630601225720619,0.4377153607363421,0.6517004325427046,0.25604237249792766,-0.025905297692361096,-0.12157392586807404,-0.041800952280538296,-0.12813161359147635,-0.6153202073468037,-0.654967958917045,-0.45877009599082047
5.237612964401725,4.5541879894496935,4.415328311379091,3.2009451338517048,2.743289731915156,2.288879822739251,1.4291664474528973,1.193264735135229,-0.6518521413465663,-0.42134106715484465,0.21464516830222982,1.3480707816565751,0.820731408886046,0.21812494997780998,0.420820590686988,0.18251623859486027,0.06741065392412568,-0.1232309075729745,0.07443275786978,-0.33689295987134543,-0.48961236547640435,-0.8442740420046373
4.996731169411331,5.496113434645343,4.586251732567724,4.039572168949626,2.458774507333581,0.7245988222370239,0.5228277667986025,0.5910155534976004,-0.3783442116830534,-0.5836401256834608,0.3955428921140761,0.3310063522283593,-0.18558338904852786,-0.24832436432372892,0.17208544407101287,-0.04734464442883086,-0.36683831562881647,-0.6000097565960861,-0.2611387765532932,-0.21520756647358785,-0.21394094131186656,0.16213577529335807
5.460795033174338,5.552685727721191,4.757241879518795,3.5008610161676845,3.585786264265676,1.5710049288769183,0.6924349329697752,-0.2787816723345927,-0.06619087179117686,-0.23019110313053606,0.5609298151678817,-0.3661372465266665,-0.8012273240479219,-1.0087665044240808,0.017640670761760974,-0.04179008761734221,-0.29502962019060025,-0.426350915194676,-0.5633647996434051,-0.4188127132024474,-0.3098164593616987,1.355148775187661
5.547549065049807,5.899742366561467,4.930025006865373,4.840020345656949,4.050299964620824,1.7410009780410227,0.6139552234741552,-0.2535166472678717,-0.4291343772458732,-0.4265360872142777,-1.3331746393722892,-0.14984175811151293,-0.48909785635186304,-0.28077882692685846,-0.3559716696772831,-0.37272452281729795,-0.36965377127260174,-0.517238728657,-0.8236159586429647,-0.6527927047890256,-0.5736906397859316,-0.5210607493736273
5.292937816448577,5.11055226016772,5.583170241827605,5.1272976207814915,4.230500219481973,1.4856345908050892,1.0596139740196986,0.29742930891387553,-0.16117108109195188,0.01811984685339127,2.2911202158190442,0.8955213963479189,-0.06289658531241404,-0.4235753945202766,-0.5921433458520566,-0.2592393201147922,-0.4197069884356147,-0.6924405606548502,-0.6777215780688975,-0.8121062933800344,-0.21720066043641553,-0.025611008397353557
5.141322878483438,5.189356396842624,5.49410524915162,4.900893014146256,3.841036297479994,1.7284120097544469,0.7897516339776168,0.13385035412402324,-0.40848578806982216,1.7221947592104516,0.15877248875412825,0.010611468783865019,-0.6256262767792657,-1.0683349697013182,-1.6836363575482707,-0.5410482769072095,-0.3321018289437667,-1.7257618386870164,1.8090276613183054,-0.10587591067468101,0.33283780237474225,0.36265198475298616
4.795491254213725,5.261629677296863,5.017115341194758,4.886191701009859,4.169854646699756,1.7716250897882888,0.9394974777329519,0.5265420458749875,0.45020078846952566,0.9381860251231412,-0.6491297793466173,-1.0543125518377046,-0.8934185780877193,-0.8871985284600914,-0.3365980348434155,-0.5073134667302112,-0.2010590314016421,1.0947053858278588,-0.0047841119850971885,-0.48960452358833406,-0.4005663145989488,-1.2679597895639318
4.28013745183854,4.737317256323985,4.509265553456432,4.433701351721072,3.150090083651819,1.864950879151697,1.0649864963432083,0.28539314026550366,-0.2984490099404565,0.17152074469227543,-0.40079699171146127,-0.757587300689048,-1.0084438215509974,-0.05231867257141691,-0.24086978746661072,-0.7049672843008074,-0.47350737469711685,0.9239555394703629,-0.6684154950038611,-0.7828679429842487,-1.2530234185069649,-1.2598563570962868
4.142718671119565,4.003141540579085,3.57624137767185,3.4368245640246733,2.244992889497689,1.387957073289754,0.5759971869296092,0.35411209680757577,-0.19630829292542698,-0.9141138012242686,-1.097048521262586,-0.8220780817467439,-0.9687681203289894,0.06278366183572096,-1.20029284057666,-0.3611580998183589,-0.29038332803689076,-0.30401476633298047,-1.1894854115741695,-1.5774731457123603,-2.049184237867265,-1.3505181844825915
3.704267868434913,3.200316381516277,2.6018513184894516,2.298298708040609,1.7042370601911678,1.2068111093202742,0.6876994685147608,0.2670535896878813,-0.13168700343307713,-0.6511860941573773,-1.2271769702910762,-1.61116123714713,-0.5386706281876652,-1.8702930896621695,-0.9533832028000854,-0.4032023664283686,-0.7398670216936837,-1.175319505704302,0.03386534980108192,-0.10319607984562885,-1.3007093155841332,-1.34753909969443
3.214632778181386,2.301072885796015,1.7563169533115717,1.5505481136462205,1.336203532517019,0.36138062903113094,0.5445856801082332,0.44799047162303424,0.12680287911480873,-0.7618378425887878,1.119677628283183,-0.15046392536994754,0.06438360140390992,-1.67189395107111,-1.168085335465145,-1.6055656251979171,-1.9706942298128003,-2.0341094861309394,-1.3118761780216772,-1.0556145765792553,-0.864419070116245,-1.0686812556785206
1.9437720299075183,1.581892032310441,1.3490180690304683,1.7523019226137926,1.1619561140625938,1.1077641438525536,0.282013417664832,-0.0911212040835367,-2.111874977518623,-0.9917131096512256,-1.3838584373338412,-0.40926240850121404,-1.4305093288351596,-1.6770082794852625,-2.0479747155957377,-1.5691759707986555,-2.2740403341641433,-2.243934031158623,-1.9956818523928186,-1.6385721992924154,-0.6643612111120302,-0.43663578838393186
0.9973278409945048,0.6640788580060666,1.1266135176004937,1.0116963985452765,0.7777405158243219,0.7079048448068712,-0.30652456655409244,-0.13204728111435357,-0.20337883642993498,-0.17320585824698906,-0.39943166131816543,-1.1672954474949335,-0.9795598997661636,-0.8371905971506486,-0.6519380376233573,-0.3623731183825169,0.42616664809299004,-0.4823421373411227,0.8832561220707852,1.1816410529285961,-0.05269389079018141,-0.7999133151877241
1.0773745163265078,0.8491730899927121,0.49628125685160085,0.21324150337391165,0.520813818241297,0.08381456478691186,0.37673748761118986,0.04660934117245406,-0.21215684204268098,-0.17393178758371317,-2.3451757787865484,-0.9032894979515883,-0.09947114287820355,-0.2601781627639796,-0.21388398657552812,-0.1880294845849278,0.7355035999458183,-0.19124408650748342,0.7817083054317806,-0.06185376793726201,-0.7861856734938496,-0.7414750336155261
0.8544400821525293,0.31884511256879955,-0.047760851557773654,-0.022174710741168224,0.8621075256811587,0.9142315906394398,0.3273295565236967,-0.09345693676477822,-0.374577075999707,-0.4933923566870571,0.03116249065806599,0.6307566734283394,-0.12203755429945128,-0.165063330851563,-0.6690265866384754,-0.10895953489579159,-1.5601700318307217,-1.087438528779428,0.0475189328317984,-0.02767833245921091,-0.2281769010857432,-0.774641034733744
0.7289383288778892,0.6781362296246195,0.6411575241318153,0.35178554064207,0.8981752506324698,0.647850792324564,0.09718884014711698,0.0819578579865883,0.8451368202014528,0.5078924321677009,0.7322576326819531,0.7453289249622643,1.2308831861752627,0.5327164315863593,0.6870511254972618,0.7037137380362101,0.7931260243249807,0.47101052562382695,1.1716630179085894,0.6446130642558545,0.595875651286998,0.3178384159543198
0.7084833600991572,0.7898745595603939,1.1743650081330361,1.1600513696950123,0.8754752035440905,1.3569571341591469,1.2181281245962619,0.5452722044573509,0.10222147076901648,0.4231285905602106,0.12892293735718396,0.4612058796924051,0.4442922389775587,0.5504842665442063,0.6218185835224167,0.9591652471425013,0.8504141479205896,0.37229755561918115,0.9652590830464777,0.9770557712504578,0.10978830245301026,0.6347242057355262
