script/wind10m.json
{"header": {"parameterCategory": 2, "parameterNumber": 2, "lo1": 3.000054539987559, "la1": 64.9999836372058, "dx": 0.5, "dy": 0.25, "nx": 34, "ny": 52, "refTime": "2026-01-03T00:00:00.000Z"}, "data":
[rows 0 to 24 of 52, columns 0 to 33 of 34]
-0.6152609726258803,-4.196988199599119,-2.6838362391717636,-2.4907266452397234,-6.1119075343020075,-4.297716692216597,-4.675294100543558,-4.947973564069417,-5.076790779028052,-5.529712241734104,-4.7865428465156405,-4.7254107805634025,-4.815900093283084,-1.7508661429459167,-1.758182593034345,-2.162998584224752,-0.410539328045115,-1.4723898618495637,-0.23692609745940515,-4.2007517606385525,-1.9573507224905138,0.7894236507415359,-2.888860801909015,-3.705613359452676,1.1617892540949357,0.5111200348771306,0.9365242042262654,-0.7487306821887105,1.2353424252699476,0.3154082417821473,0.7495082392681564,1.1035946645183932,-1.3825849556551628,1.0078925988917287
-3.901269634680547,-3.3262726292834417,-2.350926502139047,-6.4944693843272505,-6.002532511162807,-4.516008819783546,-5.747586952043747,-3.9416228495484646,-4.61762119989325,-3.31152604475669,-3.312480812949423,-2.7550923245872303,-2.600836269293718,-3.093825560166263,-3.6019356743470263,-3.4654809037019247,-2.6455074526137325,-1.2432435124558774,-1.3811171269229963,-3.113324134058225,0.7574545401974884,-1.4522023687615924,-0.7359306808847448,-1.3640878344893441,0.5662580465141097,-1.5429560824589457,1.436799184105826,1.7250498360521835,-0.7326446703770582,-0.1931045797943221,0.9945395032889089,1.26482043911058,0.781754402114175,-1.370726221932678
-0.4951441592978458,-2.162993255391123,-6.420899276782586,-6.412485499730291,-5.897943686626608,-6.3974224796410715,-6.0656441731310276,-4.9162349778990215,-4.311955187198286,-3.6947018937822285,-3.4951642360657638,-3.829849011895991,-3.8466116418399197,-3.566776564752965,-3.2931655846351546,-3.514431389610125,-1.6706871365648714,-1.0679906412914313,-1.3625520030223908,-0.6392829655437081,-3.381770504980985,0.0047201522511744086,-0.7246192267634727,0.06312759787598562,-1.1640704567310989,0.8271807155330441,0.25925787228434505,0.5937530469329515,0.44364466082585563,-1.9076879521606094,-0.24832028898864378,0.1252108075810202,0.961751893622048,-0.6709029698421639
1.7008796033476448,-4.242868341021434,-6.492650998261282,-6.484665789045816,-7.429294592159251,-6.276379833708798,-6.083833630453116,-5.399729082218978,-4.799554312110446,-5.415746490859858,-4.993145475306085,-4.662652650799128,-4.619155751121845,-4.8960152014993925,-4.801609963278726,-2.1857894231633495,-0.05799335081582666,-0.9106335143771159,-4.541876596628056,-0.6170955216579033,-8.273811466018447,-1.5101684112470664,-5.855188332845903,-1.0740542049095143,0.08620739271762841,0.7548446293880059,-0.65594980039665,-0.8435126565393166,-0.8416466669287684,-0.7372648262490605,-1.359380537603311,-0.5440728604535238,-0.474198612985537,-0.1902823686273674
-2.198412316113224,-6.336326321012247,-6.600692798443167,-7.174117299456379,-5.079560245206674,-8.210853503645193,-6.4222368690152996,-6.178496183715807,-6.4295191035883645,-6.001800065870589,-5.9631832144575405,-5.4803355794658035,-5.291086632611539,-4.947788549788556,-1.7676421182763964,-2.5872765008005856,-1.2190491160496588,-1.3456725287583213,-2.7558017961181207,-3.410852504212842,-6.6267472269908945,-3.2107925863991715,0.11125710508139615,-3.6171193086061506,-1.0167201497561538,-0.8030389225277613,-1.1568316745030616,-0.30958392016167174,-1.4041515282486612,-0.5096462271790773,-0.3466089460694555,-1.664777151906421,-0.29528001261909126,-0.09178310067320683
-0.3804011462628597,-6.429141981991367,-7.166817799242728,-5.779171968561492,-8.33382966096504,-7.924653216989161,-7.074667318889885,-7.2036103215815706,-6.845513693107049,-6.849950115882115,-6.614732656482603,-5.332504082039378,-5.64144174283716,-3.6168525733783503,-1.2112349568388432,-1.1849886453977754,-1.1616162900397093,-0.011987103347991511,-2.6077397606812753,-0.40534527967395323,0.5019836143786223,-4.367616965147959,-1.5959145598527422,-1.1480211554464468,-1.3061272156362356,-1.695996974088962,-0.5531505971802689,0.5407105534840231,-0.8018012851126305,-0.9431322276138471,-1.7408009253645373,-0.28759512403512066,-0.3074626364422927,-0.27841272185960736
-4.4461795306313565,-3.1207177215652,-7.746198770462277,-7.069690961812821,-8.157214912354233,-7.33771581125239,-7.748041179506399,-7.901694039563471,-8.04142808614559,-7.208958691519422,-6.1875601784952075,-1.938139601396727,-4.115222448224173,-1.869267952239575,-0.0529261854330533,-5.293208847697669,-0.442218112968419,-0.8834562388672315,-6.189197449787828,-2.2410131427501327,-0.9729892438460161,-0.8400812209964376,-1.3792233514153815,-1.623772755933059,-2.0138420873038374,-0.9004638154087982,-0.35154255645215915,0.14837601003778705,-0.452787538783158,-0.8183916964688224,-0.5271019522282006,-1.7053948427381052,-0.8889154470916474,-0.9568785741227239
-4.523078985258058,-7.025950192184245,-7.234790995767725,-8.746829476544354,-8.449508441877073,-8.280624692713278,-8.473591199364076,-9.081629867605255,-7.6859645217402015,-6.818636545425711,-6.504540584841336,-0.9654257413290552,-0.820930338329531,-3.1005061876884823,-0.3483328167457501,-0.7515485560553847,-0.6787982776188037,-3.297199258815115,-3.422187619954182,-2.5740812493252507,-1.987214223630077,-1.3425018978126841,-0.7243848262436389,-0.979972315886872,-0.8564207530979856,-0.7137965690712734,-1.0278197482330564,-0.7576079147329969,-0.32826440666082424,-0.8549903623421732,-1.0265744163659318,-0.5161289983977289,-1.3226096058184083,-5.828736925368376
-3.5373180931075607,-4.889750852184105,-9.348921736097585,-8.658423626506346,-8.672183843625172,-8.87329648019596,-9.231831997072108,-9.04840114935973,-7.7996904142610175,-2.4352605238582714,-1.8623936225020692,-2.436151872121961,-2.4536095176737533,-2.294103759771178,-0.9527742727583459,-0.14393108080003558,-0.6633870405861524,-0.23934516209686676,-0.8527998263940327,-4.649947664766583,-1.3290404007934737,-1.7732497161957879,-0.47203266797260723,-0.20560051938843202,-0.8140496028404304,-0.5944031575985486,-0.636593351509208,-0.26216676870668065,-0.13675448861827985,-0.2887211451649382,-1.4276930928330438,-2.36143669364276,-7.704098095749767,-13.07747185290628
-7.20306329662297,-9.100640593138069,-8.168285294711609,-8.825074745131369,-8.831996161285035,-9.685750899818528,-10.042889277129323,-7.4683301872924295,-2.226539158584729,-2.1734435879234724,-2.007901778983868,-0.7628547364294023,-4.445282364847581,-0.6370839171603747,-0.20307690517022134,-0.22922718113808385,-0.8369120869612892,-2.17018682546748,-3.122797146632694,-2.725942371935725,-2.9232998055343318,-0.831155254479399,-1.92642693757263,-0.75666639044019,-0.24394309189634933,-1.0007117779120853,-0.8769126417947947,-1.0355631291697014,-0.981940830979355,-0.6535132530493719,-0.9945718417224928,-7.062838799567886,-12.43077246761694,-12.083917649511692
-4.353667385402905,-9.898036991637724,-10.147751867071964,-8.913719453524363,-9.64388084227973,-9.402648391220756,-5.880119528622302,-4.391687600082555,-4.498578257046414,1.3111742853230244,-5.499634564148435,2.1745660718152324,-1.6128093899396851,-1.9256703699819144,1.4888539944407513,-2.296535968161403,-0.5871148374142964,0.39252302615299034,-7.191297300608701,-1.3064448211044162,-1.8248048009089946,-1.9633349901108363,-3.5640447167850358,-0.42753247708372405,-1.0407427236140219,-0.9475297147346305,-0.8575626977589985,-1.1087557684295926,-0.5053993314547249,-1.5780696597794182,-4.694726596659198,-12.16872370005231,-12.116421825273072,-12.303985799629231
-7.8849861060214534,-7.6791002190274895,-10.442224465526252,-9.32370768381282,-9.440646014022866,-3.2059130938340172,-3.7960192695912265,-1.1592792995267927,0.12775699448634215,-7.854714945217595,-0.38342660357377717,-3.538136215535288,-2.5969185977408733,-4.0437615361102415,-1.0497410513778007,-0.3155566416788368,-0.4029070548310516,-5.080433105299199,-3.306708803729376,-2.2669523704036347,-2.2576317743750565,-1.6287190984568782,-0.21428625736028065,-1.34726412057685,-0.6276553968670964,-0.5381269044195748,-0.5914431555773257,-0.26569309005095704,-0.8112609357393479,-2.2559594443409914,-12.049028300515632,-12.250069220220459,-12.330504211866195,-12.520688180984795
-8.809311074563645,-9.225814147983657,-9.655998888150764,-8.97425610923684,-5.19567430543424,-0.3687165305305143,0.4839408161576648,-2.7605855845286373,-2.2651910233586263,-0.8740986915004937,-7.15742133784865,-4.910043322068999,-1.6220872113798153,-6.993887913146052,-0.7423116312232855,-0.57904254680408,-0.5462922085155213,-1.3993141130339564,-1.9104542632739037,-2.6859788484160507,-1.515000723751626,-1.0574254359329893,-1.306268910947659,-0.8499978153891232,-0.74938463965065,-0.43526653488707673,-0.6325731478119428,-1.2570515898106696,-1.0428112407695582,-10.859139891429681,-12.05337479288385,-12.333155351393179,-11.74466561932426,-11.262350324846645
-3.6174946358385864,-6.88727260135544,-10.426448989507259,-8.345178383355744,-5.268885466649007,-4.50457108306766,-3.5391743554638353,0.11865855733631135,-7.054474251443255,-6.62430690097994,-6.961406675260991,-3.1458729221463995,0.5561083200337864,2.0491284565420735,-5.061919000145216,-0.17694188108191575,-2.8515144686532525,-3.387107467199558,-3.0855148606229355,-0.5398573667767533,-0.2395535372024156,-3.6562604887763435,-1.4661736365714573,-1.3698516476161322,-0.525455414001283,-1.3035290372401902,-0.0036296098113543077,-1.2369400533456576,-1.0051800806656102,-11.480121101350747,-11.673872000933113,-10.961149570722897,-10.832390517333986,-11.025914371147381
-9.722269483363275,-8.197138905759966,-8.030005551049165,-7.566137917014811,-2.809830186821253,-2.1123261558616035,-0.6760552452322014,1.1419253407074252,-7.412339972044033,-2.106137469529315,2.1828418464183414,-4.734886383956064,-0.7425779888150784,-1.9581309168620658,-0.38206678281860096,-2.8366789043452236,0.23760821351486136,-0.2840764153562966,-1.5172444785580912,-0.17014401898375597,-0.7981063493528602,-0.8709002540853105,-1.4254138373994716,-1.6412739455312741,-0.6603671739060908,-0.8410168321897105,-0.5515814776531908,-1.0213690647814337,-0.7673950740276028,-10.5324601120623,-10.154911529199241,-10.421281728032833,-10.454482336031132,-11.122819053962674
-7.134997840108388,-5.868007923058977,-7.500173364970445,-6.6359438183434785,-1.4296814621663863,-2.4339213886165787,-3.690217225988823,1.9871050264126278,0.5669385601482778,-1.937397818036562,0.0040554128635544575,-5.51328338895082,-3.669931894302061,-2.3385865085108724,1.3894610247320014,-4.685732386831663,-0.7737378162798914,0.5660686788244557,-0.06517918160534807,-1.0221703510276854,-2.3027703998559765,-0.8163793281031047,-0.5442677054050453,-1.839459571992743,-1.4793065098595095,-0.8364415910860324,-1.9389095495727173,-0.059556970579415794,-3.0800611046502078,-8.900756242548015,-9.599908597158974,-10.248051127464427,-10.733114267502561,-11.503231460678538
-4.980014900280908,-2.4300870509156023,-5.724275349987368,-5.883203483559719,-1.607928123042106,-1.8593974009114909,-6.618111904420597,-0.3715690427447749,0.5759553372790298,-1.4941364198316043,-2.414711374549141,-3.2048079297327026,-0.6331046502762377,0.44568189625394167,-0.35505870760845704,2.380082582177808,-1.3897012531960644,-0.4265256079039122,-1.3412055756524117,-1.545897908816388,-1.2675322750111435,-1.5476078050789703,-1.1313134799905693,-0.8155387074276684,-1.6789273991160092,-1.411629725938337,-1.8263677683911481,-0.8203117249849644,-2.747653142698252,-8.918697979989034,-9.323007880296371,-10.040079923762885,-10.862461503921624,-11.056423190946301
-5.520561166183866,-5.714331035213511,-4.395199414386159,-5.198613452899669,-0.8562074768184437,-0.8386527605712275,-3.3055476165311712,-0.9969105436247658,-6.212383058868225,-1.6605133164957964,3.3535465273158676,-0.4791401104747541,-0.690682694196884,-0.49247989919668256,-0.391801375989364,-0.5844409545223309,-0.35771745019241,-0.9088425440831942,-0.9870497037153165,-1.3102482956215826,-1.2354866318461701,-0.9614856690054164,-1.257661081065421,-1.9101896098333697,-0.6549297733169364,-1.0112178761599844,-0.8790538382132091,-0.06856658914072869,-2.5959251114178787,-8.470215038106328,-8.790804362467346,-9.740725537072635,-10.41802451836957,-10.72653327825819
0.3772616177131168,-3.8198390044899564,-3.139934036020212,-4.319285880586802,-0.9045186304133328,-0.7884535787948297,-1.2648831706399546,0.011197691438319154,-1.9672281757143126,-0.8800280686509624,-3.3777685458759965,0.10623116302964494,-0.24794104615711504,-1.2526597050396733,0.8400586605006354,-1.5405303237405479,-0.09277444023561374,-0.5426702531635732,-0.5507945889878643,-0.9049542446677995,-0.9205579812112722,-2.443920565892747,-1.838800949944128,-1.1263818616110017,-1.2119035295712772,-0.7379651163283096,-0.7835571636707538,-2.57346158267649,-2.592774449319158,-2.685837190153305,-5.896250604698933,-8.937965332755493,-9.844967135229805,-10.58840225331501
1.4528490622085208,-0.9997464187277806,-3.0039892314557117,-1.3821937991109081,-0.9974403809249527,-0.581173666219491,1.832195388443324,-2.449240985310819,-3.7036902374019833,-0.8191345921101496,0.10765495187993777,0.935255981435295,1.2706111224444072,-1.2588779176569762,-0.8956362059020009,-0.5036564415147592,-0.7331374628628581,-0.712096850850594,-0.5424188453493376,-0.7406697238502992,-1.3056993610995016,-1.3669748259677676,-2.378747391532524,-1.1551180810929917,-0.4798096224791645,-0.7329834843606811,0.36775862877135107,-1.7161115873423898,-1.864369824964888,-1.3841210869988507,-2.0141373127732614,-3.0157900314540473,-9.409613736106225,-4.5509378432176115
-2.7645394107305754,-2.627192075534273,-1.579461600078819,-0.3178954895944472,-2.2737473929879615,0.40904751359547187,-1.679548381629475,1.3567052578978847,-4.054702188813332,-0.7740822225278751,-3.3558130418136507,-0.12455103192483613,-1.2421382573430733,-0.06629068370815216,-1.5565471077609558,-0.827479330022884,-1.3081841737248434,-0.5520879434841566,-0.8139871858680057,-1.0199134292138874,-0.6216469583992967,-0.966029552802232,-1.3653550452303473,-1.2672311317392548,-1.5235881639940658,-0.5323131042933348,-1.502079687704039,-1.7597624614423435,-1.4083153440894938,-1.6382428108482416,-2.0986042591161054,-2.0000406885679634,-7.342781771598627,-9.154703138922361
-4.0326332029473635,-3.213040151572816,-0.1089340701091257,-0.04049925375542223,-2.874552475072351,0.13098209571031244,-0.7620737357930087,-1.7486652026349148,-2.3443646608198363,1.6657619104701045,3.502930545238864,1.3153972042226623,0.1784537153856768,-0.05448135114087894,-0.6093774539465681,-0.09634434497999345,-1.0349763697963403,-0.6969231385065686,-0.5616683333823306,-0.6459334504216213,-1.3520556880324164,-0.767530174205165,-1.6058425658983462,-1.2145149577970804,-0.7165090133611455,-1.1040516769567366,-1.5462365932986926,-1.7095440285285786,-1.9199753940490059,-1.3978932625953553,-1.8279039200091938,-2.5077338231714434,-2.377416353016124,-10.629993807004222
-4.449224738372202,-3.14950892043935,-1.4286564957406322,0.8590078191782073,-0.5567084631094227,0.6379683321023344,-1.8439247128429372,-1.2118856928698094,-2.0043325427095002,-5.2929252976859456,0.5746492767226686,-1.1758490261427532,1.280286842567687,-0.927663527606004,0.12034958664866315,-2.166441066760651,-0.8619943589114065,-0.4574593676085892,-0.627879213336259,-0.5516513272378776,-0.3813697479560239,-0.24428145374834906,-1.1550753696482225,-1.4889592629153106,-0.6233208956151497,-0.38426624767905526,-2.3963555572715287,-2.527109414758921,-1.6223432514880154,-1.7750978611066348,-1.9275456779300741,-2.86014497587684,-6.222021252766467,-6.391668397743502
-1.0886197809740583,1.373059632275863,-1.3911326531045745,-0.45842630122008254,0.00927796922569304,-0.017923314308429264,-1.3991795953261248,-4.681459704967366,-2.7582904415187044,1.1762074347017872,0.6117362903067134,-0.25828621781257205,-0.03574060874116546,0.19565762107574253,-0.8454671118015197,-3.4192263413639976,-0.8201028401983429,-0.5948308239559114,-0.1282363547606923,-0.5407732442283834,-0.08638613279425357,-0.11657974076308762,-0.8113804256384961,-0.5150065571782705,-1.5591347861684905,-0.35092470282183996,-3.047507199172724,-1.53012934628001,-1.4112137292715146,-1.364683233044887,-2.1387031248449326,-1.208311671827812,-6.299120101356991,-9.343471912551529
0.3227893070097668,-0.9693838825326785,-1.069347390471392,-0.7235509906605958,-1.1519665176363711,-1.3900485488817247,-1.019680343097974,-2.6040923585662927,-1.8878737602580205,2.3748855750989573,0.8611276414718534,0.9088623016631526,-0.01885857727818977,0.4806306268054524,-0.6406576269783875,-3.5700588388143975,-1.6818646924237912,-0.47531716127536955,-0.0915635469405739,-0.14821035106178315,-0.13858956201427192,-0.6188509801443113,-0.25436172124931916,-0.5420470557673981,-0.30507006557177696,-1.348441312596663,-1.2627426209724586,-1.5570332080324256,-1.277539195370164,-2.0016960215133697,-1.3949861990397805,-2.5362508391024687,-8.307781824586735,-10.297494451293643
