script/wind10m.json
{"header": {"parameterCategory": 2, "parameterNumber": 2, "lo1": 6.000027932988019, "la1": 58.9999434238085, "dx": 0.5, "dy": 0.25, "nx": 22, "ny": 24, "refTime": "2024-07-15T03:00:00.000Z"}, "data":
[rows 0 to 23 of 24, columns 0 to 21 of 22]
-0.2997902096691662,-5.061893310210976,-4.95466450895281,0.801860317432224,-0.5237229589971869,-1.3275990744259392,-0.45040168176337037,-1.753796883517684,-2.055867972470901,-5.046794548799355,-3.850034992396974,-1.6144955729892967,-1.0601652647458657,-0.44968326840268025,-0.7886687404271281,-1.254952729336438,-0.7563116382734102,-0.2809378860075255,-0.6913409906595144,-0.17819455032895157,0.3268144813158519,-0.6187538574120809
-0.5252123389727312,-2.1230634362833167,-4.240683369761014,0.24450211592916288,-2.5674354722416846,-1.3324597104298848,-1.7587262690190373,-3.5147640621005816,-2.1743690777856854,-2.256905739485605,-5.374045572521411,-1.589347891626568,-1.0987570686072763,-0.4396329967859809,-1.6108802390601829,-1.4764582388734055,-0.7005249933337813,-1.1047771718292183,-0.6466772490505537,-0.29689625843421824,0.11027859177982006,-0.1055763985024013
-0.764333827120351,0.3334604530182968,-1.5000103361890216,-2.445516211365561,-2.1779588110170085,-1.8969664899091434,-4.243678741323618,-3.60386925307199,-3.621302083074891,-2.3379892380464304,-3.0292223806159875,-2.0689086193122743,-1.5532367531088933,-3.7342325966427996,-1.778144228060581,-1.0466071966855297,-0.7862967340485684,0.47286787516042506,-0.8450371326461634,0.1899616622635304,0.07600758263389999,-0.21718980586085637
-0.11407366983187928,-2.1638856392812342,-1.6632745012181365,-1.2362609786699406,-2.616909004247903,-5.1505582031426345,-4.422532624650206,-5.305240505703905,-3.830036352884542,-3.8849533946422743,-2.5262759025243673,-2.2653745511660635,-1.4958752048884476,-1.5997188585778446,-1.9882629330907635,-1.6881595301805536,-0.8308819036471142,-1.4812266982174684,-0.21567980855565527,-0.19035995291020597,0.24935718552378566,-0.10956050604972341
-1.7779595977635776,-2.193370429114883,-3.032307502435141,-1.918879202515718,-5.947845891641633,-3.8862134167403912,-3.3378570769835294,-6.538540064587164,-3.524591814368592,-2.479400559091457,-3.7532661530317672,-4.183604626303957,-1.6121813255978517,-1.3670489432790833,-1.380308242329995,-0.79151582010114,-0.6745450935399943,-0.9226693088136072,-0.09752289009649621,0.2434469859537046,0.8650040923230714,0.3148038032121639
-1.1362376049925313,-3.3322282921983275,-2.199537075730642,-2.728902344269836,-4.090461856119432,-4.1216826543990255,-3.22434463093751,-3.600835210099816,-2.8210310949048485,-2.333085355793815,-3.8277894630762623,-5.7675870859813925,-2.6671346139771557,-1.8191555110284556,-1.1046334286159174,-0.9699559099605163,-0.891273791311792,-0.6053999756475424,-0.378535002543942,0.19295403883670748,-0.15176024975861133,0.19974049965345264
-1.2100098606290215,-2.4582773357658594,-1.6052452561951527,-3.0419108317791452,-4.861685274314193,-4.730378808988324,-2.8362127841447293,-1.5161360353997033,-0.9364946374319777,-1.0419185436128866,-0.5146455567265238,-1.6993088167044292,-2.4017298076643074,-1.5175416959449217,-0.9982010397225811,-1.191530703979986,-0.848344123776828,-0.9303730806426888,-0.9087560934886973,-0.7662320923896283,0.16612861446545013,0.03892358214432315
-0.659434537286551,-1.0452700034770077,-0.5378053630605379,0.33068137979662054,1.5854778038223458,-2.7000673051548754,-2.5371251542882685,-1.2453211988545072,-0.35224603847661845,0.29276762605084605,-0.11096147447206188,-2.9501606578767468,-4.282267088362489,-1.576570323453155,-1.0298330110301581,-0.7996964465827655,-1.1152337887345896,-0.8347352139395416,-0.9250499979988493,-0.5455528601283891,-0.24019365524870828,0.6095060440173203
3.6579870282277307,3.0540318264378064,3.8231388154805406,3.7541861259284754,5.017066836430822,0.5384312674560681,-0.48436033982041504,-0.5457575432199904,0.31975811709314894,1.8430872513770848,0.18191650002248014,0.8937098986908634,0.5633932357474214,-1.5996788556231254,-1.2105060164057326,-0.8790813973498083,-1.397056939346545,-0.9040861926347682,-1.3188862679397546,-0.6780633624220666,-0.15773946128235594,0.1561810833317203
6.7317510987146205,4.844779025873566,6.079208069291803,7.9092810654621,8.473289254430513,2.930045331355008,0.36189507491781114,-0.19895974369501795,0.9154595076032908,1.6623369739036817,1.5170070458273042,1.3099650034106987,2.2614936363194045,-1.0208710417824856,-1.506150891371256,-0.7563763505570992,-1.073164025815696,-0.7253214389183054,-1.1357529739044943,-1.099511793205994,-0.8013695596126951,-1.8268725476440715
9.472386902326996,10.016710447260456,9.561888025989031,9.721968741100325,8.87740791105102,2.8612912537384205,1.3275171651378304,0.6197630494047818,0.808708809579231,1.0522915229181764,2.047090345970522,2.264903526259275,1.9134154869859556,-2.445014774835356,-2.4880243830584368,-1.3960304868738964,-1.0166176076802838,-0.6926287070736197,-1.011821826072117,-0.8597950368428597,-0.4153204977779966,-1.7430044980831534
7.3632941437924035,8.983117973420395,9.018249156117967,8.72442203134671,7.906930255577625,2.567256441158829,1.182192273861732,1.2500077214239333,1.3870086388082643,2.898939295242467,3.797323909164527,-0.15436877970548984,-0.6165940836844153,0.4380453178861152,-1.090361701982231,-1.148050702123141,-0.899739167725872,-0.6983417229617532,-1.2066057165172253,-1.2317369716238724,-0.9003514265206678,-2.5707662276069887
6.22156205541317,7.441229495428858,7.988905350112709,7.680250262077374,7.204008031767657,3.042637203911255,1.5633717218077627,1.5504620909805127,1.5765786219421083,2.194461536164924,1.9641645669491041,-1.1687684088355275,-0.8129413991830763,0.07591740917883669,-0.6933624395509858,-0.6989544156407673,0.6562042084468857,1.5001747630077003,-0.5327944345312021,-0.32434363879782774,-1.6414746404559175,-2.374277590945505
6.075724304901757,6.816043100239417,7.388627422855618,8.11811645460819,7.795660519104131,2.4145877338451482,2.749407271388429,1.2265628375324762,3.2551340557754624,2.41033010184575,1.9085117476549798,-0.6100747098076594,-0.49597003677078233,-0.41552903553527176,1.0814004290240746,-1.4887720919857637,1.2397169673661128,0.9869121143808957,0.6761599043514328,0.16843836612849272,-1.3546644622044701,-2.2220204285353877
7.001265799565151,7.3759642598129895,7.490604266362543,7.293160351057517,7.280855241938595,3.8609148775940674,3.2532825348238767,3.2527580327574617,3.330221786012594,2.864855687123087,3.1450742894039827,-0.2641864868414097,-0.2600786240593209,-0.6654101679065636,1.4080114962987529,-0.9141786851111467,0.18538503211076557,-0.2424293378005586,1.325341123969753,1.0647699128988202,-1.6001525914342987,-0.7929539537704506
7.378836516034499,7.23953430279075,7.122927136655396,6.9789808272234115,6.820695138986997,7.691202365126067,2.511387110211119,3.054353001127931,2.8856567647768623,2.3615307261883913,2.5171134155831445,1.1050745796590793,0.688398722351248,-1.03654544386651,0.9490837721156209,2.769808434190627,1.7378397951214513,0.7057254032415781,0.0673569178976152,1.3368176011676978,-0.06627538544232542,0.3391363795037145
6.8922482465534385,7.021288948185917,6.926625468245146,7.89660394719248,9.035113767485118,7.767995908705759,2.596487955730457,2.292637891444946,3.572995862370537,4.6750800419263046,4.740337268778035,1.3495447342818399,-0.8164945711938538,-0.3304794980417552,0.6334651713950411,2.6625212484960663,1.6814554554580718,0.18372105936104322,-0.8596010359102112,-1.7652612204712037,-0.8578578105379949,0.4180660642558702
7.024002737665014,7.07795945225195,9.097574576457056,8.826575867534634,9.187520989725831,5.241657490847537,2.750497259057842,2.0634714636891953,3.2693410410596577,5.695689858146663,4.950077249737786,1.273030770448698,0.9995611130528979,0.5779419170034346,1.352873103739918,0.9993052813945225,1.7846232353193545,1.8099641809559452,-0.22915817576897454,-1.0264883299321053,-0.49445126446143,-0.29252049969894683
9.134697725091007,9.714272670302297,9.590046166136375,8.749156783595165,9.108967454781867,8.817945864155082,3.1822809110058254,1.4978882460846015,2.827503421980579,3.888863363410242,1.8348098535617907,3.3621785335530365,2.4416075221598517,1.5897036471319912,0.8690167584698758,0.6621037749516595,1.9579662194065357,2.923494522200415,1.3650505107058803,0.3744741939858305,-0.6672659351982764,-0.6896456898515888
9.230333694417126,9.65252523118974,9.00226375352397,9.078289566710623,9.089569345074835,7.08021062255266,2.306933271944054,1.0634096825865325,1.1298982829903517,1.508384745984983,0.2013991014227921,2.54883708362762,1.6244583408731845,0.4021889592368197,0.7555118873316932,2.209708386828353,2.3346818443492827,2.296094194714008,0.9678653534192864,0.23265143806400568,-0.5681239853850868,0.00839655055699383
9.166461645068122,8.987498008365046,8.590830083214678,9.059424622587665,6.660737248409633,7.212475412405408,1.1943738654918614,1.2053144309588493,1.4448006586827653,0.5672564969780546,-0.5270550071200066,-0.32101907278571684,0.16332030334440373,0.8249935752486113,0.30060280393141214,0.15779315550631245,1.2804236518600436,0.3565254846239991,-0.11739532457200375,0.1259505879098496,-0.9329464577166504,-0.6057685190316158
8.229173399560784,7.877367296754874,7.197112872217133,3.0705449317157107,3.5414241402296174,5.401836726100202,0.37418276041436876,1.521579554355094,1.559156097763374,0.8020766266946773,0.26050177621643084,1.3736088454711268,0.4686025888162976,1.1880372484838613,0.24098571228790328,-0.5314225739988314,2.0065499480591167,-0.9741139201162342,-0.20339085116635405,-0.6168977793884146,0.014030081870421502,-0.9024965669285582
5.087881818037755,3.7623915020537604,4.650755223084808,0.8494169609987621,1.4095778969836377,0.6526355236767041,0.43008020519968515,0.8086384166232147,0.36296168208015456,0.6444486019416373,0.32462770960794807,0.021648367943193254,0.17345790131476332,0.3949913023836398,1.139688583696599,-0.3539315310195668,0.8946776885022185,-0.13490334602665188,-1.4416488265939382,-0.6150129710713658,-0.19593941578767046,-0.5462947403652894
0.5786459298478772,1.2658041676365421,0.7680735801621086,0.7997029772387456,0.43939322518111823,0.8036509545268455,-1.0069041022547376,0.11952767204231902,0.01158171303551172,0.1626047920579054,0.6172495232080418,-0.0173692201075251,-0.17446157105987636,-0.32642600650109316,-0.5587223316618528,0.42428164927418854,-0.028145695594665635,-1.070798131517735,-2.1876602059129904,-1.2079188567320047,-0.3358806239878042,-0.50039161983853
