script/wind250m.json
{"header": {"parameterCategory": 2, "parameterNumber": 2, "lo1": 3.000054539987559, "la1": 64.9999836372058, "dx": 0.5, "dy": 0.25, "nx": 34, "ny": 52, "refTime": "2026-03-12T14:00:00.000Z"}, "data":
[rows 0 to 24 of 52, columns 0 to 33 of 34]
2.6358428673429635,3.744480845772572,3.701359463878477,3.7787514526635184,3.9713697290860996,2.5878502950606186,1.2006038623603605,0.7929994084316083,0.9440058906250192,-1.2092900936212605,-3.310557739581076,-6.645640678994367,-5.809289221687156,-5.4705268056353376,-6.712469249476105,-8.052239774571119,-6.42179456166651,-7.993439397734072,-7.726880115838601,-2.0130579259913315,-5.328584037859679,-3.8062840580788637,-5.219810790576104,-2.692560475118098,-3.0575774117464602,-1.4555637663726062,-1.6282096184731158,-0.6001741519537357,0.7601784956022788,0.32405933958156113,-0.6590222565495228,-1.4175057739260561,1.24223867582877,1.8096988838079642
4.222352197201183,4.677952262235937,3.93128236237111,4.731887127710421,4.7622272392485465,4.21869092024287,1.7716274835526378,1.024175031571428,-1.647483775881921,-5.366419678740779,-5.03965399583464,-7.468797355182309,-6.9829296256325195,-5.871663678154215,-4.837748650843785,-6.62230378491271,-8.414727779312308,-8.75136106924145,-10.626467392414666,-6.131959799427479,-9.737924913295842,-7.63936635117545,-3.811132958603649,-4.713553872169335,-3.4949340503688666,-2.629140059339527,-2.6784806402226247,-2.454031861361553,0.24032380021864014,1.8043220835314118,0.665658487378181,0.23528105331511362,0.8449573458099245,2.5562821094305024
3.130260992313247,3.5227222073300215,4.663085115306063,5.128441845697444,5.824087854801524,5.355157224158953,2.813036053195351,1.302483890814812,-1.3763788205610292,-3.4425680688910982,-4.82093032578618,-7.756555991181916,-7.5680974045480625,-6.170513476039491,-4.829357545455292,-5.434635246793922,-6.466920453491793,-7.546209345592358,-4.789540453831702,-6.98692827662511,-4.74630868157429,-3.5527682680421857,-6.401465820436734,-3.81488589251363,-3.753183016678135,-3.996675183761659,-3.7093669226692065,-1.337186289090783,-1.3431005285715165,1.1830919044644763,2.9156610110055867,2.2647623077727315,1.918613357459194,2.067583085517916
2.780335403644037,5.216463190863657,5.561186058137458,5.0398421562038545,5.992883159228801,5.673067744908645,3.8117381139527318,2.583097599293184,0.5054353708865632,-2.411843331941119,-5.88855393572827,-10.076710154250364,-9.394903061073078,-7.9669494325507735,-5.7597797399478905,-3.252389646366452,-5.3365635807585345,-5.661257990913204,-6.567915432814922,-4.956156177901594,-3.883370073228758,-6.250991592699991,-4.23851213309069,-2.0091373859623096,-1.489543879429083,-1.171709683702905,-0.4176885517041168,-1.7711308430541504,-1.4552824837703846,0.5515929280582956,1.3059287835120892,2.513034467124118,2.2507020319544506,1.6250111692770877
6.81769304802845,5.858703135669923,6.226277734717143,5.207200157315203,6.216210527566472,6.185944746725826,4.60659559255633,3.486532217079628,1.5781728935033907,0.29655252137674576,-5.525374231760564,-9.291937913860579,-10.428968776263169,-8.841837868127607,-6.844469790436032,-5.251399689451079,-1.32295594988537,-3.6613539685071284,-5.353683055510285,-3.8573561110294747,-4.6310244622456285,-3.3788761023245284,-2.9997704016488105,-1.1629945473656818,0.30183682720360683,-0.786205299403867,-0.7432352317589523,0.20886806662982751,0.6731917883724393,1.0920079597014822,1.3235046934722172,2.1370671433211954,3.0650414803666335,1.617668107392303
7.225032062459168,7.393558565469723,7.596816403523914,7.253207704330029,7.133417400597246,7.0661789360157705,5.94371986080873,2.828859619025891,3.7997231666317735,3.5124583356399324,-1.242773590455846,-6.685531635423094,-8.368429215920129,-12.063767914144103,-7.313043056898482,-5.6590417632098164,0.8926027332341685,-1.587008719607985,-0.430944012066921,-4.95565345190912,-4.435241410160653,-4.106844263218505,-0.280885436129094,-1.1937556833777287,-0.018700525682844797,0.8958278185616809,0.6690490293688749,-0.26852197505999575,0.03476949627287859,1.5360335689537998,2.238271492918466,2.0874303256217623,1.8502820402716873,1.3951128150840302
8.152272034954972,7.163872218275507,7.3749765872562065,7.050861057838307,6.661003208424515,5.623914317361607,6.093555352716177,4.238218659481302,3.0247989372946202,2.810698252644815,-1.6660659192021559,-1.2135527199281286,-5.098925357090082,-7.78052161089338,-5.865987148136616,-3.0828127451529697,-1.1487438683338507,-5.135197639334149,1.4922102149591707,-2.14327984742837,-0.7122879949658049,-1.261682384173177,-1.1237225315050883,-0.3638470123355926,1.1551279003028203,0.644367605694297,3.13258800730487,1.5823652095293783,2.5189817390407407,2.6444992180188027,1.9391735345367571,1.5653340661041637,2.81009728839734,6.9356131255343
8.582600867538208,8.36919638662465,6.06218953316431,7.671831879519685,6.824586181070406,5.177173012441379,4.852268969997277,5.550337667647193,7.720722800775196,2.977627555400689,1.7632026585971299,-2.596326445286123,-2.0112819155597643,-5.7021517809712785,-5.360302207303331,-6.685968253711602,-4.3426707861856295,-0.21786413515979766,4.495649675141923,8.305789731647627,3.154180586899528,3.314108279409632,0.17138514165197455,0.7881758478072567,1.3192974991236333,1.9780468709422832,1.995940600582588,4.043537100797944,3.1402947778587182,3.0323337571080544,3.495174226281568,3.537007954586206,6.9778553286817475,9.903029990428498
8.356931808661205,8.916505163454193,6.421997392651461,7.004456179843879,6.259254440661234,4.023981969026164,3.514040162206605,3.343779159561928,3.244807056426079,4.530339218340321,0.376373130865657,2.477577495935928,0.5344270866481516,-7.203188099859793,-2.4880417297350106,-9.74875029618644,-8.164639593287156,4.234854878501829,0.4610991066104243,0.24476500959094996,6.43714021974599,6.179809345668704,4.101444703629518,1.1651393744609408,2.652029586904721,3.5717279123802474,3.4594820103094883,3.5653947578681535,3.620532011363898,3.429399877751632,3.848615776831156,6.845940532813624,8.882160411238113,10.711097080873303
8.311209719978327,7.623914787280396,6.746328570367744,6.739367434064604,6.071804464357243,2.958953507781689,2.7051559518251254,3.7919420418919993,4.88138373313177,3.8661985057791504,4.132138521776161,4.813632479041416,6.139722090271151,3.347208718294995,-0.6735908889923595,-0.1336720827055645,-0.00019127845744926686,-3.7269953433974776,-1.3395969301501145,2.4409115957547303,4.99733324353395,3.7105691326773145,5.208623419976931,5.439751562375467,3.3949889549692,4.114491203109545,5.397660058032791,4.78995215159638,3.4633380902298807,4.3607778044769105,5.30110853210599,10.963177685906732,10.285348175251784,10.86201703427847
8.589978715680674,7.321668989100336,5.532272759652919,4.844201228994784,4.910493851203692,2.125937679341665,1.4343761364853531,1.0859925010394023,2.6593214793781854,-1.1819673976156433,-0.5961890008625814,-9.771992438522044,4.806563540798244,5.932220091751084,-0.6792830309814082,-3.931265775616774,2.4354313182885052,-0.9102196299067534,1.6934139199665867,1.8105337851066587,4.185025429283131,2.099050907532304,10.835786179596086,5.920498397974413,6.4587299592514285,5.339766332218271,5.960574324910469,4.872581024953944,4.985991018472762,6.060804865844486,9.242354068059242,13.488910070876786,13.369014354924825,11.690039359131687
8.788165043811299,7.790498364357181,5.1526350142992,3.558527367986418,3.8534719281054124,-1.3157977370435896,-3.293038726128292,-3.5886348940461894,1.3257304117399955,1.0706146357525776,5.505957970469607,-9.439673194175528,-1.6789946884593074,3.8732448240214405,6.152777475583401,-0.9198971739118097,-1.601651635948215,2.437561135732954,4.967792136252089,1.389349545023118,6.264593960656281,4.869925481188502,5.133143123332229,9.096198209073492,6.001450407729457,5.1036322574188695,5.339569130636542,6.54242386598207,6.146011093887367,6.802915276778917,12.389856122783597,13.46702412164368,15.828817922617596,13.071182341273659
8.017798720071777,6.921964281380094,5.985992311144532,2.867402777657534,2.783686070398188,0.44836067126933626,-1.3614351398367903,0.11576391693312184,-1.2313324420205536,1.8922115812761429,-6.033010212615284,1.8646499935234075,0.10751468343762462,-0.018846408028237553,4.844869772212335,5.878713834899983,-2.5715654364137492,5.888873532451717,3.053739012915927,1.8132559024497157,2.239177719115559,5.052365548561187,6.946224451939732,4.672833934621273,5.93049053168731,4.670689222030295,6.141152833113607,7.307060045287455,5.355195137763239,7.665056421486651,9.914819829350302,13.41724102791689,16.398069878183087,15.857457471074094
8.424374583345347,7.230338427885519,6.183921536893909,3.0384887595587915,1.270196522398961,-0.4648274510434336,2.3352255355794593,-1.2347768967229147,-7.1067307585556145,1.257783862894047,1.9267932549550721,11.388428921417045,-6.639052651388131,-7.626514027990131,-0.33784522091035724,5.003640890102625,0.1464304799329882,0.5821987614749389,3.4575278370009963,4.014639733246094,2.49001858718283,4.787290252863703,5.808766823971577,6.619410011825944,4.043202369910728,6.584851350112467,6.471783997217396,9.19107394307373,7.20004331257476,5.709805577561278,10.518661602566382,13.01328173914206,15.620216557199857,17.263702031092524
8.38890475708267,6.688961777790281,5.378809906732772,2.56196907787026,0.6239669581918732,-0.5969059304168269,-0.8748361850758205,-2.1441349407189327,-0.8709953651070166,3.0592697956805206,-1.7316807178317903,1.54149281120956,5.269384636521,-2.4126032539767537,-2.900336791202416,2.5160002048437557,-4.183717129952183,1.0764227744112527,2.508942370074304,2.882009417956678,3.2527243409459436,1.8360468399724534,3.7762524768916865,5.416436832090084,3.880600412227591,6.321909905382595,7.445997340161423,8.079206971611166,7.315873961070752,7.238515589943237,10.577764787260582,13.033603001717195,15.404334826766721,16.42487098765748
7.9385930107519425,6.559923061090339,4.727668487185141,2.2993201594653296,-0.2920278464426702,-1.3244554587866415,-1.7560666150630573,-1.3404840655589425,-2.421950224046073,0.04497483203344941,-2.0530621397844246,-0.07487569121740327,-3.6820073582717723,1.1783837123838468,-4.252081130819487,-2.3718419163677504,3.3690101589416104,0.09737884216919263,1.0978718240886716,3.1020888770482906,10.642977949449287,4.060682189315737,2.2809137379447026,6.035786751376682,3.6620749695144723,5.652260985051576,7.60956416133133,7.091862737537574,7.948617617780664,7.168885912783217,9.698148079003724,12.870674184874613,14.757123023190088,13.963772497826461
7.881592917797755,6.883691644178464,4.689146671119784,1.1048225053943943,-1.5703672160841644,-1.800351347393451,0.8485693337464594,2.6387458129938,4.365542312163366,4.334531987588829,6.090122658657488,3.0635720534524364,0.8667506155288314,-4.29215872578129,-2.8597982171632093,-6.354289673302418,-1.9089644695996402,0.5832366831623937,3.37078687342641,4.301850526239525,6.3584827636187615,7.692604529280244,5.1261123681287675,2.8090683656528785,5.630612182756816,4.444042367056954,5.729430522329148,6.811851773426698,7.530053995612892,8.019812375392705,10.157908909680796,11.708531934341346,13.588619241208475,13.217528265038771
7.535044103193508,6.933587967306135,4.638784378124089,0.9214028563168943,-0.5846119556865794,-1.1997635390406938,0.8768497520329732,-0.46663016839300236,5.63695680539741,8.533423296478833,2.5681982712137366,2.691410426935906,-1.4671797581339958,0.501933743984919,-0.6266809099814634,2.5187759165161094,-2.3830046351803307,3.543358988127051,3.609571642806274,6.413119584037217,4.583495926154636,6.274331317215319,7.247028889184505,8.236130521292608,2.5850396852727577,3.1438654947231868,6.113346047509434,7.059520361545568,7.7638509600517045,7.899951005343603,9.50636239112122,9.943211546620532,11.441476512224122,13.407058875427028
7.456833444964335,6.724645183881632,5.166205010947622,0.394703218981747,-1.6310204060538802,-1.0841021924816885,1.5175861264613453,4.397185837811108,2.1014890064802234,3.047180274354881,5.424275561144253,1.6770478654100096,3.1805370447515022,-1.6629456489058048,0.9827645438880495,-0.6182866793646388,1.2275360545383875,3.241743072539244,2.2298876139324104,4.560320328887525,4.450314356171952,7.864583979314388,7.325501038369751,6.852938247148284,5.72144084127632,4.605587922978849,6.084030234940617,6.891681609856226,7.83991870202929,7.629634485898622,7.545211252306415,7.815983439188048,10.498092003696016,13.87835864883068
7.260722939228333,6.889932532138397,5.106638450692953,0.6187662471966243,-2.1663171468902074,0.36744068002009717,3.8196664365021764,5.876190699155915,8.697549715622918,8.593342483367804,5.876808791064839,5.496217762777805,-8.638341966357691,3.4585279060270526,-2.4791778956863317,0.23481724235739138,2.61725649266765,3.5663159765070622,3.973696783983082,5.452422227307235,3.9280655237614988,3.637868223568253,8.076350256043686,7.432664454212212,5.09234776266238,5.855197870564478,5.541048757551203,5.554066210655355,7.677458803439799,7.817325539876738,7.170900005245052,8.086497844739878,9.931943890082527,10.919395291707445
7.425147682233255,7.208925877838105,5.24437048049903,-0.6911934486446735,-2.6451482823928782,-1.8613236906750468,-5.758944564145027,2.348781656639197,8.156288812730116,7.335311252687065,4.9126483399688,8.011730565458716,3.004769844364915,0.08453880335884673,1.3585899150911618,-0.7305226732467481,5.642918332031132,3.076558074802634,6.356957638195924,4.981960343817009,3.361805181390258,3.0297274623421644,6.188211790819571,8.470704729513022,8.678127560955346,7.901261879211259,5.892527784278181,4.61590002143178,6.897266117691554,7.242281108630236,6.664665111156862,6.939908741759842,7.3630315441631105,9.809860075934465
7.629111770472055,7.15387149393948,4.555859982678307,0.85689148746246,-2.117302057816134,-0.5658321868515542,-2.6224927595425562,0.13271182640315937,6.341917615474841,6.320135515144254,0.023206177317974707,5.149886438535896,-2.166997659000878,6.678323506241462,-1.0324469751108107,1.6476842397852478,5.922916165045541,6.220079831845229,7.178955335737391,2.6575284962910946,3.2382150809610875,1.8477834140152716,6.705926654111837,7.854735589752469,8.765862681106428,8.826097118717362,6.695879194631166,5.924213134128353,6.870284173392809,6.761641220125325,5.94790365292802,7.556350529043678,5.988150322859123,11.495717076817929
6.984071481506329,6.159022257673496,5.170065679132518,3.601860623068405,-0.9927158446575793,-1.6718002406762917,-1.7706866690058325,3.059287884116711,7.521767657586316,6.479908584185048,-1.4958326569122156,2.0627646461375244,1.9462061961818788,2.3686320775472223,3.5610118449695336,3.2471706725872833,6.686420886852038,8.85637631938179,8.00458519605126,6.498285442860992,1.7563735569917553,3.513502612848571,6.646730041304181,8.703238133362134,8.397353824823968,7.779236804018674,6.766875388531944,7.225184146046828,6.022040425268733,6.25400508301314,6.324995944540854,7.015277696033415,5.446702187276273,9.8788861310696
6.014561688069283,6.179786565172832,5.384543505476353,4.641680642186837,-0.09680023808561392,-1.3227642961010124,0.381265962146368,-0.8055566055507252,6.2161363091348605,-0.7150643250422404,-0.6070397091874087,1.3865518219290556,1.669788702698283,-2.129995298479561,6.505487552799001,7.30905313684885,4.291322441815343,8.96021359680817,8.456747724272315,8.185862286737786,3.891833403626988,7.671988382953182,7.180557466956272,7.443397790419804,7.5083071039747615,6.819282859441208,8.095038372852715,6.935431427415815,5.816795548167025,5.894908966443415,7.05657101998204,5.643900968335969,10.311538216832112,13.767511345034016
6.800092278332532,5.507537763997776,5.823446504102879,5.997256031705732,2.670640964078525,-1.7091316106530297,-1.7934632471768315,2.1712365655176336,6.205192367401443,2.326373172835176,4.485341962251366,-0.5036447976314596,4.177779619474407,4.330175823034864,7.292778653515649,7.43565418527257,5.179517808374161,7.17589391976443,8.047630023751204,7.40483240094517,7.497052543302762,7.678137056772009,7.374085540418408,7.0594861034779415,4.9215745553431045,7.03248327085237,8.500625053643798,6.601240469034125,6.229681391009725,6.702238174674878,5.917881984061585,8.653592552091194,9.628080041923885,11.22918201471048
