script/wind10m.json
{"header": {"parameterCategory": 2, "parameterNumber": 3, "lo1": 3.000054539987559, "la1": 64.9999836372058, "dx": 0.5, "dy": 0.25, "nx": 34, "ny": 52, "refTime": "2025-01-22T17:00:00.000Z"}, "data":
[rows 25 to 49 of 52, columns 0 to 33 of 34]
-1.2377499836361772,-0.8516897848211116,-0.9869522409375218,-1.2347838207885466,-2.077420541673678,-1.5274146119718681,1.107041150746741,-1.444490146621579,-0.47474460643354355,-1.0255704851343022,-0.03895369117334663,-1.0684408166612707,-1.2819445765285447,-3.7158432536842945,-4.102172486133998,-5.3846805033093785,-4.881843058911172,-1.2134068676253733,-0.8938768100959142,-0.9612931858213538,3.740597402099387,3.889850933711659,2.1295806478055477,1.8982512864442118,1.8229584269025827,1.348008020434196,1.5149841757017306,1.3343311788235195,1.7472184936411213,2.5520678082114037,4.859156768942596,4.4477319933908035,4.641263101795308,5.402798052039761
-1.5141968964669044,-2.026381539557124,-0.30662957832028287,-1.2435697404987534,0.03761542507319292,0.5165730515365322,-0.22199765982511102,0.3684119302967841,-0.31957852281872573,-1.0595619810097572,-0.8295714409811709,-0.999932829688694,-4.805150349688305,-2.4615126872746598,-3.8635198959189982,-4.867343339502587,5.221888455576224,1.4244169172300778,1.5203681332116703,4.873362934653026,3.334245559945206,2.807406458707965,2.5529285791551692,4.922150638765529,3.0150211535186946,1.6860963209923499,1.787772672351415,2.3373866477095806,3.8196101931238826,6.582766460413101,5.131841343461085,4.793010920191772,5.488077224014918,5.525889347104103
-1.5545528895060803,-0.7748059005474325,-1.6404414443097572,-0.1146708697210608,0.20690579269330192,0.9212961682139382,1.170881526851778,-1.7290342039073137,-0.7843939732710231,-1.2514925019790388,-1.1312906512921403,-4.148560893921266,2.83787281497017,4.422152598423626,3.926684812027063,3.995490845100764,4.4446957021769,2.1939481815820217,1.7801773406584673,1.963415563811489,3.5515371929357267,2.3239129908505145,1.8379851503956526,6.389786386584883,1.4860477216180588,1.6278034053585688,1.6144066502716556,1.475305063694154,2.9530001695755272,4.775998981439357,4.8405467645804965,4.262928084675894,5.448060831868434,6.057953313777865
-2.4984126838137874,-1.8133125905291854,1.2037199770892162,0.3681974837993808,0.48279490137461584,4.6411161902417755,2.753480772408492,-1.329151678988057,-1.557011712602371,-1.6348601606946283,4.330961638901621,4.768655258218179,5.491348410071471,4.865061665080235,4.499130725216974,4.612732828283846,5.812998725985239,4.294677394542349,2.3020734782778103,2.120870345659588,1.9551450167742945,2.2655436228777694,1.559830430952328,1.4622262587666794,1.3787468881429266,1.3638369133512591,1.4289013480416601,1.316084795216293,3.2375819695506856,4.609861608884705,5.349044934777537,5.248428389458304,5.555134668686399,6.272752993428166
-1.3129825334822955,-0.6472935678404662,0.6054010820863527,1.3042951715350124,4.33175701371093,4.848276032715305,4.377711767095064,3.8256749982038545,4.621292202658061,4.5529369505099515,4.540187533017396,4.420934635160586,4.955388125194021,5.485413421051256,5.344470334249474,4.940557106453204,6.863247559770294,6.2799469744109775,3.289179487473932,2.0416617553424237,1.9883311965547987,1.8338528767485331,1.5718970446346021,1.5123768907631798,1.9788732111296252,1.4556823343511407,1.2791248841766916,1.338747622698708,6.000504636040873,5.627435938467785,4.436639297535362,2.994776110518869,5.2013527330805065,6.7223087784153925
3.1641746470301406,2.3542547552757105,2.845959767284514,3.2876505793452955,4.688148699073515,4.502220003533022,4.831713088095883,4.1346521504253735,3.883149282510853,4.119821168951958,3.6211377842468937,3.9181132479387095,4.748547142666409,4.608404019501819,1.78432568340703,4.357362121206984,4.679702178393797,5.568136807403176,2.14706288236986,1.4143546695042344,1.1838382740279931,1.173132669181888,1.5180657353111122,1.605464405098419,1.5892187675201437,1.1211234721938206,1.210438997921177,1.3481859157248677,7.190688876958571,5.963499511043277,6.435171289563419,2.1275198620148643,5.429965689570695,6.722670975143468
4.353743173226825,2.8226999193444824,2.756439058188438,3.5095196018870944,4.122968695891613,4.193177005350226,4.173004016629679,3.5264782462037965,3.5734696548746108,3.5697039648216142,3.457443635873818,4.507424944502313,3.8686183203007536,2.727700747688194,1.9230550763959537,2.360099171673341,2.2108414759642008,5.734533340140413,6.154230345095282,1.1211813036729903,0.9697818204589641,1.0576392010312556,1.5124566378290787,1.3957705821893913,1.8222679169991733,1.629143210055513,1.3287607238702048,2.534858104699786,1.7495687360277097,7.103047900568094,7.097354831850456,2.385457558673251,6.428441733419567,5.91910092747632
4.1281572170912595,3.012390878340227,2.186296015627558,3.7336209659237385,3.2090708780425246,2.9062174041140594,3.140750688180862,3.267428106404935,3.433022314738566,3.3879788386626877,2.4217945640395073,0.9948438347181126,1.4406379358389536,1.3383848418622972,0.9215635342508685,3.577541892205825,5.207374371373461,5.775117779016092,6.4149963948349376,0.7717528598412374,0.7098496129345105,1.1657032641856426,1.5965252735158617,1.1486840509687168,1.170402020708035,1.1218513344197605,1.7549309582291948,3.713355720056847,7.824302505586617,7.259116500142621,7.059402002668353,6.081129636792815,5.450842830789047,5.0225112272101455
4.828190818668578,3.0101399201753676,3.162617235797345,1.9061734279597504,1.869105340711417,3.2653538448108623,3.325195066538684,3.513265957598145,3.5765063821754493,3.2934106282055606,2.810285040246644,0.16051606013456246,0.012216590931072803,0.6970857647608424,0.5534903612811155,3.328928416829568,4.655283217591854,4.209518380072473,5.862921019969648,2.763018994877329,0.7235981469516376,1.3007278246923173,1.6085620455105383,1.6311550628705418,1.2050355011072262,1.2051444850846493,1.315714353934565,5.291181389218744,6.367257433314564,6.424904406822459,5.825950539688016,5.3743630868852525,4.798414430103115,4.520081829383301
4.325384754095043,2.0539007875097353,1.4391120756330218,1.8218343472483816,3.826486364646311,3.4693356025589233,2.607004944639052,2.927353133466439,2.5726301983005677,1.0674410750747683,-0.40645556214844525,-0.07435136380780788,-0.3154112524301479,0.12433992131031532,-0.07790733933833531,1.054577950103864,4.682850978084882,4.76756722384057,5.353754422787934,2.9456275365488915,2.1286384868184154,1.2320232590525528,1.3311713688992521,1.4295847631112764,1.473295972431651,1.1165765159316274,1.3172908150172342,2.5434112307197867,5.10154351498644,4.726773569257141,4.439886579529126,4.202918114613392,4.095587567362435,3.939760273181366
2.923698108930743,0.44119520644660654,0.6571885984045909,1.3750418639096589,2.155467808195012,2.2650956709695533,4.192900581576503,3.279786638619316,0.5710941294273211,2.3689949949498055,1.6853916864701308,0.4135195630712775,0.5644805507559684,0.9122285095622328,1.2901563595825019,2.052968890944701,5.416337530855631,5.344712409834812,5.378170147289989,2.063688074672768,1.1235042406328222,1.3823711060707082,1.5923781972078592,1.6356188778078278,1.5277418006855548,1.601010654953089,1.3109240504181916,4.727936895453926,4.735495497594572,4.222371772456264,4.040511848792638,3.500702506142381,3.5256763412750196,3.651207716071929
-0.2710117779490009,1.7327680824659495,1.2455363607374594,1.2275226509017332,2.180763562811796,4.027417390584332,4.689606967588711,3.2960585233969253,3.3095132333970416,2.588410976220915,2.4092471126676998,0.45103977847833854,0.6100560286142873,1.1569367034445226,1.8069498045032273,3.7807015426088824,5.363278881010792,5.71714051525425,2.387671440204495,2.38297767569346,2.028993862077641,0.9442761802241691,1.1853832982469494,4.5516210035998235,5.770217830869379,5.989147557850975,6.118697779283299,5.863257119421763,5.278111082438005,4.374931179797252,3.340018711411805,2.7500237605646163,3.4556575696934115,3.9830247470799773
0.6288218853721341,0.38749419739128355,0.6090404423116397,-0.6759829713927965,3.594415113307075,4.767040880051657,4.6369796967981864,2.846048848801163,2.526200554215249,2.7197952244377164,2.035183419869988,0.9817125466397579,1.3944195399493902,1.0952817194439937,3.3432588815072197,6.351650290013024,4.121319933242105,2.470378405323612,2.8543502194889765,2.1224888095735484,1.6604694824177582,2.4615755616107795,1.1357636297562,4.85158943266984,6.569622512875511,6.931404914370425,6.8223315366049775,6.662638052989727,6.057886680210406,4.967908177275957,3.7915968837754335,2.7498628950557875,2.726660489029766,2.3317292072487232
-0.8633919666189926,0.6466246052931885,-1.4871456441929638,0.4076546552725829,3.0107082587478016,4.929373497798243,4.0175009863020295,3.8423257003952807,2.670852714711338,2.9106968815100407,2.9231908732229344,1.4715427056842068,1.7563334322814506,0.9336647538596565,1.0373464414214406,3.9336980584757053,4.889518023823864,2.4460235824451466,2.0365274711352637,6.371119316157684,3.323289983700676,2.514166268712657,1.6418949707930186,4.186387051964677,6.5524104954095215,6.723016063313022,6.7730054058601095,6.937704244155536,6.362616164573296,5.00816410137063,3.974184283463695,2.095183582569282,2.8792792392472966,1.0688914947884454
-1.3632801518618718,-0.8588653174993592,-2.7756412490664366,0.022587985682631574,3.7122298574900774,3.590947553439804,3.6351831498297447,4.797586024248244,4.7695436830622375,4.430548380375046,3.809535702666418,2.172459578231053,1.3454124219813226,2.016276580205433,1.8569107805175962,2.852291981186568,6.342935104195049,1.989911739858298,3.638559300352554,7.041904363882283,6.885127442631009,6.369582298486533,6.330318300170056,6.154614070797053,6.189610541398444,6.734766642811358,6.356753246545882,6.4561015310075245,6.063276323443552,5.137710627991806,3.939938589959511,2.2533002661698345,2.2963380126898243,2.5430078826804636
-1.290470877101485,-2.0114116888079367,-0.8186575810264864,1.3410170471818255,3.1208190895469463,3.615039016655419,4.974538637023723,4.942408828631535,4.834857541852524,5.808005368598825,4.374937311813748,2.9097499610572823,1.2339463791165546,2.098151313207202,5.040643110867909,2.356143077298688,4.413832933538371,4.639969011261373,3.827368683719288,5.047427044682792,6.8600738426166785,8.025557848436408,7.7363566975583336,6.944688381406385,3.227066419097283,6.893314812217028,6.290962997157499,6.086294397478767,5.571417495888138,4.6385025057663425,4.293592452585154,3.230250387345475,1.5492806669160564,2.570646407548452
-0.2735679423981412,-1.504289755810947,0.0012541552574712794,1.4017384808734286,3.5020088327526637,4.354823811577296,5.186556219866131,4.881629274478361,5.508525067678139,5.593017581750877,5.800657561410472,3.039027451380662,1.337185186988355,1.4025334471614208,5.336287269893154,6.594965965575177,5.833088521886204,3.806011044256535,4.540336068536981,7.711737890633691,7.41529868722765,7.874835506981123,7.764500183125868,7.419167568244088,7.560945008174795,7.49775717736763,6.229349695818983,5.335240688393409,3.75527151922632,1.0329540481913704,1.7009853544786835,2.881481874192706,2.3389139484810437,1.7782243096331996
-2.448490429880404,-1.3226284040160372,-0.5160889364745187,1.7779606409262254,2.297896938469473,2.8264453667236706,4.369318470748594,5.5069667240937905,6.245938231933784,6.389103636697495,6.808946956086492,4.549914590618902,2.4360946320121295,1.3148375279751203,2.7299882171502343,6.2333401947693865,4.014179218415335,6.133600718508524,6.715325678149343,6.451694152624564,5.960596718462488,3.541765116365936,6.80611632426729,7.168286656914842,7.232490856998344,6.857302636697507,5.9614240473035025,2.1180790004914467,1.8944037688602637,1.684165684558278,2.0363287174210662,2.03623961275242,3.777438886271015,3.184393195133173
-1.5065182828876535,-1.3556252341347736,0.55391252435645,1.3824220925441981,2.3027598039976636,3.0739916012099036,4.543373382326732,5.539331032241105,5.875116136274359,6.636780403575705,7.189032017356157,5.5012817470013315,2.9908149464604756,1.9184156784961228,3.3706320852249654,3.8421777158754784,2.649058463589807,5.509774123850845,6.873907206985033,3.0544023282107546,2.0086122693189026,4.629126852989046,6.429130605010014,6.284805349737692,5.292959333635243,5.2200493149928455,3.373803034689605,2.3847850182913826,1.9402746580518098,1.5630440607437321,2.0880718598411745,1.527223887833504,2.734891326509425,2.0563149457231207
-2.3110583625206056,-1.7270943041092721,0.19145107536827655,0.9148167546472937,2.8690028680529114,3.5383814716456876,4.512355932249705,4.549447822482224,5.418499078976472,6.677291182741333,7.499509206293853,5.735829254923695,2.887132031432113,2.971882940435652,2.6873992833439235,3.951606691873224,5.804626399145814,4.782920512213429,1.935088093864812,2.731894337144533,2.5563923797306236,3.529547288414369,4.602455138005372,5.318235917830665,2.584293466785913,2.8798652466172405,2.605687782815859,2.2554495136990695,2.4155474744132515,1.3290842799442897,1.266243568803861,2.19125593975729,2.4198343528925337,2.3622785114906812
-2.9311015201206314,-1.311159132576585,-0.18241438075581176,1.1863918117234227,4.0371624447087715,4.055533362398401,4.655863546149599,5.746337802774134,5.5661373633835565,4.076433431937318,5.701042891737137,4.12938042937316,3.1713611555166126,2.999080440572239,2.430794576137857,4.900528040258729,4.586893144162756,2.9432668197132936,3.741924651771672,3.8418806740120033,4.417535151583952,2.8720247706954067,4.286607247588806,6.224106290453505,2.6137424209724807,2.4795651958680347,3.9815154801393926,1.867806572191982,1.3212437121478866,2.059482088204655,1.5898229990138504,1.6621494306686924,2.2062256411451098,1.554819031040504
-3.44369558022039,-1.4711345214146616,1.3643765347780534,3.5517828518263577,3.7542157550477557,4.642201485368583,4.608484216851244,4.249090191421049,3.504464788148019,2.230646720553787,2.6873209431267124,2.9412045526045736,2.2568099812117373,2.0307649033581967,2.7172699977287387,2.693345848894185,3.467359930041172,2.9898802848409214,3.1721044271927332,2.9580456351275726,2.7415823186059636,4.933760773418657,2.6970256402069377,3.228231354175986,3.5702973426750066,2.9472086890227787,1.8966729352453722,1.4479346884237032,1.845753566518522,1.4371137925386974,1.8134353612300236,1.4749803055000512,2.03977044992042,2.1539845554859456
-4.775452785986508,-0.8676545606290984,2.089032782498698,4.496976152502413,4.094764550706121,2.297708856969096,1.9382999229637305,2.297540007181999,1.4550210890006958,1.554798045500349,2.0997161884885553,3.396920490087325,3.0579509045444553,3.052148201673854,3.3928130782216126,3.187508961481566,2.034341709701858,2.230445270900295,3.111466143477862,2.3581881111728418,2.4117830202448234,2.15182408478832,2.9824370652204313,1.1755012024848097,2.808854641743038,1.031099607212272,0.8648031407570772,1.603517332554779,1.5821082347567699,1.3345926171167357,0.5845491365570951,2.1529362918347412,2.085623605759222,2.231360310582544
-2.440081778140926,0.6112848311418485,2.757018904396411,4.932858076097965,5.24519814697395,2.12190937213123,2.798946953628753,2.4600138588427702,2.086581013580471,1.60304199101883,2.5281623254216687,2.91985234713122,3.119445550466727,4.23016627798542,2.13672864370862,1.6477642119934395,1.6918926311309204,2.0559488693957433,2.631012074763733,2.3283563091167525,2.1450378533827585,1.6905401752276632,3.151414365634369,1.8281132529962296,1.959389501397652,1.5196024496895257,0.7429288705829964,0.20533888395913463,1.0483939010954688,1.0740419314352883,1.580053282666205,1.7538137421994804,2.511386786337881,1.8603776712490614
-1.6428613315021308,1.1150331689305133,3.9490709068309426,5.188608506493601,2.679311283297854,5.888393620224592,2.6414835382414554,3.0612888697417477,2.874257347826337,3.241037792579813,2.2722206027773337,3.1561073874393495,3.0853655969265397,1.8489633264421976,2.0687104924745214,1.768108399493347,2.063599992096548,2.753133403405876,2.353755175276871,1.8654574863554587,2.1895643925217048,2.0937525513917428,2.322904363525899,1.9478795887677935,2.6762416774770506,0.30853210290136357,0.9877548141804349,0.607965614682951,1.7626704615481694,1.2621314330338547,1.0616240182048116,1.9066624290418106,1.1150401644336967,0.928535577989703
