script/wind50m.json
{"header": {"parameterCategory": 2, "parameterNumber": 3, "lo1": 3.000054539987559, "la1": 64.9999836372058, "dx": 0.5, "dy": 0.25, "nx": 34, "ny": 52, "refTime": "2025-12-12T23:00:00.000Z"}, "data":
[rows 25 to 49 of 52, columns 0 to 33 of 34]
7.143725616028037,6.786898672534273,6.0697589076231555,4.903991944490934,11.50188074086181,11.409695373692124,7.768862663532425,7.0171717774668005,6.508203424651612,4.0711246748195276,4.149539057679706,3.291247508587941,3.6567943321043317,6.536555504257277,6.636784360907309,6.669095855371453,6.087524497134016,3.614280851039679,3.3779672518545825,3.7633722721801903,7.853047314489883,4.7985681660744595,2.994760561108855,3.843915039879885,3.7630612258565206,2.7637465308701104,4.538863070016798,3.742141952972894,5.012194501766276,7.441371399980927,8.441330031202066,7.654360032270336,7.214891069590067,6.588530822194394
6.283855469817299,5.758757395123502,5.688648335462839,9.456149084915333,10.379585623654389,10.997904590890117,8.079821316480214,5.923603457456551,4.908651192785584,4.164286984045821,4.053349987867366,3.9475142032313886,7.587639699544538,7.124890007292676,7.42475590984386,6.6225460598800465,5.5096604640610325,3.808170816414781,3.1483355495899605,5.198951614068191,5.373057762752547,4.174330710366296,3.199049095633313,5.4214085216926335,3.6181514403983464,2.569955508484908,3.5174356733926015,3.627985808261937,7.476756330027133,8.394106956264832,8.35688269842948,7.909932992705365,6.353169704195705,6.516153524999563
5.821922561246303,6.026324447407805,5.347020667527664,9.23349149169766,9.476503657589449,9.729033073101649,10.763070770466058,7.622002640224515,5.2788037284483655,4.710842145942507,4.494897826037608,8.124699988674596,8.242146778820574,7.7162506802747135,7.460873762738246,5.796368225939458,6.464943882741604,4.306067573477582,3.5794900691660843,3.3595248508609403,5.9546572187176166,3.9217723209836786,2.576043445544648,5.680133791771122,3.9060367119590182,4.143650776798777,3.815744020620135,3.25125561859979,7.210974864583737,7.873655932004864,7.234274334822895,7.3263998240562085,6.752339932663663,6.089329515407006
4.960908383582523,5.069169791150834,4.699544196242658,7.872744776565046,9.161269027271121,9.934879984259185,10.195693647987834,11.07711511493186,9.086883298065924,8.124999434145229,9.796661802701124,8.260322972291178,9.283416139552564,7.751966333702846,6.950001864271793,6.261296479672462,6.494271100099785,5.493433441213805,3.942144189680341,3.763444553164135,3.874216080942478,3.8559634480987564,2.8230918499320183,2.5383205994843414,3.4427134440180125,2.5750493808922204,3.3926612051707035,3.1665415526528067,7.165175161852288,7.57993894212206,7.273928142534667,5.619587238109991,6.0673931144457915,6.415600858962963
3.498502110291507,6.086691818331146,5.872045890390894,7.293759672022614,9.193458601192589,9.327519882851286,9.73999283786275,11.401666421707503,10.945276333550545,11.440600877656006,10.007779619800184,8.689491164687807,8.46429965635198,8.328765938410552,6.440029746798914,4.761298066117407,7.085443342334224,6.224746017374279,4.5251663358193355,3.6436017455527248,4.037885840923692,3.3265236894627366,2.7918123864396667,1.6769978163875694,2.9953844420554376,2.3242207165943065,3.377166246242368,3.140879673389421,7.043073789925655,7.232734551583907,6.237554034042793,3.705315498405035,7.173345398161238,6.713011079661436
3.450464983972604,5.6777975597908314,6.7770554399691205,7.770876460907311,9.702359537540465,9.490287740242277,8.82875023930481,11.022801852470156,10.998451869298611,12.326403147923603,10.698821072984398,8.953379028554668,8.25192160375767,7.537155900028061,5.3310525326138904,4.613057546246478,6.6323233424017385,8.099733471903063,4.000329810016641,3.208297777097788,2.966058202734699,4.528068080455855,2.7615865476746246,1.566509969818697,2.159501850064036,2.206640016644095,3.4728704742966814,3.4521243035688576,6.596354393112116,6.86495634482396,4.8800823716082835,3.1779398466605855,7.161470991733896,7.147937859325475
2.607235750369425,4.973012990299733,5.924992358213769,7.926487744791031,9.17682575704944,8.950979835132868,8.741728702518575,10.134526127040731,11.411384319553765,11.914531071411789,10.537551520778676,8.238446459361926,7.825510262798394,5.294226430762326,4.570003196883809,5.692375354665158,5.229874088026206,6.856931784403774,5.454381557094604,2.412301202819796,2.1445679393695936,2.803614320461911,2.4759799486463514,2.0102077300274885,2.599224230254961,3.1133491083453366,3.192500321112742,4.095687250106457,4.2100976699391275,6.588967383128494,5.717787722619189,4.447053367026987,6.389023484058974,6.8195764793870275
3.904942180778555,3.553786747070139,5.943625282867787,8.071492541091002,9.643580893950238,8.819163249236862,8.28363276681569,9.43818154346443,11.489556862378548,12.4956432684481,10.064603561885917,5.8734474913624775,6.796084041358783,4.828017949814803,3.9723591200989867,7.317936385642853,7.281635721794093,8.165299377969655,5.329383326387052,2.7137443773628367,1.6165119533498435,2.852873153646767,2.9966486442726503,2.2400857643933447,2.185248241971859,2.9142271113071625,3.539502564332394,4.06943297374985,6.7158048470478775,6.151803304416598,6.903963914744822,6.545447376832485,6.542523159847449,6.2067293251168625
3.2211412722775554,3.4171832424904096,5.344063768309086,7.7910742001502955,8.386067606473794,8.370768716947016,8.870212101500352,9.030989389405361,10.936948125924161,12.62149933254794,10.389955114110583,6.666830992635218,5.29624831871051,4.4536774485169435,4.694066351122052,6.873424746553683,7.26587624494492,7.6247114853159434,6.305734581779045,4.4972282561181816,3.532803585378606,2.615706961803628,2.5803316339571385,2.0117251744754165,2.030881246085862,2.3804205323542225,3.1481936865682236,3.340590751539227,6.320641811497145,5.598935337762651,6.531679237396027,6.8218165890804165,5.912125254508955,5.795722838527815
2.0309906139382656,3.326268987522553,5.043490360378422,7.032167689056117,7.292864763868192,8.51841931104307,8.544621037083923,8.922623176668715,9.34293876534887,12.107273027507834,9.853042471727173,5.749033159967557,4.790600392793008,4.658376472668371,5.011512361002837,5.0758155098401865,6.997464537713554,8.62776813848234,7.108841426401297,4.150830934605186,3.544527174836585,2.6686089204254495,2.6963972401012715,2.1662008672691124,2.0383440019898664,1.5687759471825138,3.200661946600696,5.229215544902081,6.687278694909085,5.836949895262324,6.204150819653202,5.776367150463643,5.190780144291271,5.775996185378258
0.5397291700541772,3.324901895726966,5.68907066834956,6.622356855553332,6.819757652732771,7.456793939039146,8.376613018137741,8.633685114183121,8.893668245077366,11.979611475962775,8.619812767687659,5.583540291448482,5.727646358360494,5.2511422348347345,5.512583502514825,5.712641970119972,7.803108279981659,7.875662752856946,7.944714868106934,3.5025955379575313,4.127765007759947,3.23149571024813,2.772779427533401,2.1510988951023755,2.1629355739493223,0.8379378434673598,4.103320488091354,8.455934297756475,7.539550309406114,5.943902888541818,5.402897460412135,5.835215507370803,5.386005684876559,5.34096715011568
-0.559970829862503,2.7060559922082197,5.395466451715599,6.3716668105671435,6.818748322624821,7.473502221934239,7.222374045562918,8.20472891355588,7.434654022931783,11.543737732080048,9.506449899465391,5.540404986581672,4.465365574899695,4.343033228399164,5.444794296710252,7.584273940544256,7.861815331524526,7.263398663188646,5.02511351325273,4.059724397934889,4.269150178697318,3.7180027263427617,2.9639427245033314,5.563664288931603,2.1611067295213804,2.1714514931666145,1.6478102133832737,7.340778056143433,7.562139971876077,6.336365171665049,5.340328744310365,6.2051560561794075,5.835917404668488,4.553753488285611
-0.4869545143046289,2.528029324665099,5.4223656471118735,7.810933123715326,7.804445636894193,7.296725302229774,7.326763853851889,7.598661869495368,7.075956510537715,8.106764607512774,9.930981635093778,6.367308894333534,5.238583526971379,5.400085907910971,5.764816153003667,6.8443842779676505,6.678289941729985,5.066476054190186,5.253205764266712,5.1275221210344055,5.322004104110905,4.3114100574437915,3.8269288277960536,5.292224325583161,3.6937480613983613,2.0187667363612514,1.5669352682072768,2.235428474022913,7.920126384727137,7.030242728989487,5.107993800388365,4.645745392233593,5.579882175614167,4.626938531471506
-1.058181407977051,0.4395683596093147,5.98081238047996,7.944462905003126,8.025192892410134,7.737958495742077,7.7171370861154385,7.591654762719103,6.8446781636878695,6.434398538912254,8.794436470120235,5.52300974625576,4.8438479918557595,3.9831078580693777,5.003525958090085,5.302081379233577,7.945882571015277,4.9658148827274875,5.1979032500476485,7.993103691862595,5.7357911174890885,4.952905641047242,4.125118164907311,5.313366498221046,4.088008143422384,2.2883440307606766,2.415635587624938,2.739487945921364,3.468790287095475,6.487896572947112,5.861704140990079,4.991038590353263,5.245907981185454,3.6749533280207887
-0.9332490428113952,0.8372252443983362,6.659400826824856,7.622153512171464,8.299153046733592,8.026135883855504,8.046945851077878,7.4741931270819615,7.164499436905218,6.656017110155742,8.225079649177278,6.557503710557767,4.510628029794042,5.083764849328278,4.926536055762102,4.978960112160192,6.936394136781899,5.5904372968882425,5.103329165784,7.646852758316347,7.874175311910792,7.421072405504574,7.249440494554839,5.65590879825841,3.6252799865363503,2.710334249088283,2.818023014469769,3.232479049613874,3.7674025734512444,3.150468097435617,6.077440130673328,4.729025995269397,4.829957960503405,3.480434745038872
-0.7548610236817015,3.2507420373875493,6.7671495035102645,7.922948625905434,9.007338293744434,8.74696739012919,7.698406682145163,7.478945487360317,7.177635963988435,6.600441592319848,7.1127403846357335,7.844544063467728,4.552309187188983,4.937880934462999,6.930651439777178,5.673059834680233,5.716460970664776,5.540530671906397,5.464533817217069,5.716564490512248,7.650942224981643,7.112924575858256,8.240263878000633,6.189134789366633,4.090561397335176,3.913582612588444,6.060686753909397,5.14313626615319,4.858887433291847,3.860416829621809,3.6736907753329313,4.673609020922587,2.8829544249728505,3.074039637598042
-1.530865201685465,3.536453243012441,7.125917716251108,7.8737171555841465,8.861521974970504,8.214729823502767,8.320422429973965,6.712272285459566,7.1887929213562485,7.120017280764152,6.744948008810961,6.032224518823223,4.091862260723185,4.651471249406459,6.151570309685253,6.795213159865602,6.766332284307974,4.8187158523392295,5.560932393349459,6.543925551585464,6.6406498566984915,6.598873666175541,7.12966917229883,7.967631402008208,5.408226987766445,4.725350890303205,3.8938687141502997,6.0053057510563415,3.2202252804636995,2.89306277778004,3.1447296958541218,3.468037714554757,2.2029731747072794,2.0163823573709494
-2.224959326301313,2.864862342893871,7.037435547548901,7.408491635093563,8.183336407574425,9.026505509518625,7.66234450981408,8.44358150657682,6.798928632127794,6.413250821528922,6.655472067205967,7.471153789816363,5.098124506712951,4.534237776386859,5.644483571136232,6.258538858468489,6.183108904516879,7.682010030044888,6.071362953508674,5.004206423627767,5.462949241134168,5.540461662278103,7.329389387895282,7.568738692785729,5.680085626139287,5.74359352563968,4.455465338465875,3.461498486085809,2.869792274970855,2.7439031442042765,0.5023666801909646,0.07466027532010613,2.8289797463721142,2.213364918885212
-2.9001275202365306,1.913096068318843,5.668250612805675,9.960692012223465,10.168951969573468,8.67003182095004,8.427489252880962,7.176073088270661,8.122538594878616,7.1522636472668255,6.152820887859774,6.381658568294729,5.40396060097021,5.044298250087044,4.8656486954563665,4.61448565868363,5.303712259903602,7.408391587681027,5.199497394385586,3.9846241837056025,4.066899059239334,5.325135085882559,6.717268870883617,7.110262060300013,5.91707219924157,4.050163877344386,3.311662334325725,2.5054512924025185,2.4143743250225134,2.0683289097546735,1.437574925530179,-1.2704217619719178,0.8236910575703708,3.0813678825732107
-4.2109766188311,1.9161396678411668,5.16459822399334,9.9615087173627,9.581744499015654,8.299864080882212,7.684849491186616,7.038845346313395,6.840267545737355,7.038253231579994,5.513633228020197,5.825548505574505,4.55653855445294,4.177852766648554,4.746810089942934,4.762036452639709,6.750582445710176,5.247248378183175,3.7110539541478453,4.047107178331317,3.8825117676854877,4.723215330842099,4.758418894994212,5.281367654252684,4.289207281853708,3.6810414630861548,2.244195926941604,2.0168823494937165,2.2070703575308017,1.6268131847261245,1.5406493375687003,0.028954171767647183,0.21839171405911115,1.5507442847459683
-3.8355353433956507,2.626494259368062,4.623974936844088,9.427583202069757,8.91351822722598,7.679937914275671,6.931947128199053,8.084771581461561,7.115997633194832,5.250789838455837,4.715386593212739,6.037629173860722,4.469473640180698,4.892189136146494,4.398732555469352,4.8539460447732,5.16741759535613,4.24522821735517,3.866151080023869,3.5407256305502695,3.888029532523232,3.514643517481212,3.6201010261566906,5.081612817135167,4.53429845675848,4.2834951462699955,2.461070577640043,2.0941863104536784,2.496174350476045,1.7810658378013429,1.3624180986643928,0.4724673350803107,-0.06084377380165493,0.09702862795065549
-2.965184574579238,2.945916481313297,3.989163942456657,10.14486989689669,9.978457631428638,7.924213410775524,7.150809326102869,6.936621614088192,6.4745707997369415,3.8076368328318004,4.049537398051556,4.137948059846994,3.537556447954089,4.018319566828454,3.384841441465272,3.554463711708432,3.884392749806022,3.275016933043647,3.879419195325113,3.1585951206064893,3.4416618253636106,3.3379763302317094,3.018868158379758,3.4760183388887067,4.545490903105492,4.003467943083127,2.77337597029002,2.395715196433062,2.3779499694103223,2.0800593383287818,1.9894170909084983,1.1943417395149007,0.6907483099279538,-0.4863326053172911
-0.14860882473471282,2.1984520489912116,4.7816504481758635,10.337030424831186,7.679243248622784,7.381385109304674,5.792071912081748,5.265049487784141,4.88067360150254,4.185661126870364,3.789262978474213,4.146313064111718,4.456589747250879,4.385482773870091,4.573479016903643,3.907033568335233,3.152945009453619,2.718632675972472,2.6812496420158913,2.453877690931894,2.791812033180589,3.307400473553256,3.332748830153947,2.664964605614263,4.59687883698516,3.7238236036363914,3.5325443233295344,3.4431501003958593,1.777942046427797,3.4792991973346488,0.3041404411145928,0.01419037201641484,-0.32090591824382436,-0.24317835468486515
1.002756945419263,3.021045376023617,8.440864840446864,10.798815645269064,7.5579087695766045,7.740978507444889,5.646172069420568,4.932440068445287,4.336409391456674,4.238297935762277,4.524500530687205,4.190252806157513,3.86255885072944,4.6018186091481965,3.0581764200762414,2.4650288209916544,1.9777129321626044,2.358553204494946,1.814041724143081,0.7704150748202581,2.1492441902487673,2.7091949135426048,3.5995082512277063,2.189472314426169,3.7471859485603836,4.319470468661827,3.241864676893985,3.468320233017683,2.5407655064708816,1.0143491291698714,1.4471343597502861,0.5535946402362514,-0.14455582483449497,-0.9454843983609402
1.2729883779079765,2.148675030367025,9.612465194408374,9.910905574122419,6.006971901739605,9.260766709840338,5.528756616829681,4.837172469348327,3.995340064326942,3.9279212095879545,3.434651502131148,4.003850892768343,4.634129752306361,3.567338336771809,3.0955957862012626,4.316783729420391,3.8279899373538178,3.172016199549872,1.6901304881356338,0.2825012843517997,1.4818014938115731,2.139625575999872,2.771662606541327,2.8894490516434663,3.324881034341162,2.891144378590451,2.945893279698297,2.603477818562752,4.445414725244183,1.5397589268217862,0.03880566377696063,-0.5455775575490489,-0.8110055492974763,-0.519101803738496
