script/wind10m.json
{"header": {"parameterCategory": 2, "parameterNumber": 3, "lo1": 6.000198445256149, "la1": 58.999992894266676, "dx": 0.5, "dy": 0.25, "nx": 22, "ny": 24, "refTime": "2024-04-18T21:00:00.000Z"}, "data":
[rows 0 to 23 of 24, columns 0 to 21 of 22]
3.9273784188545586,10.515325018810628,4.450975396193836,2.0237752531651823,2.5888450580815534,0.6824474860734997,0.5913384766774273,0.15032314516141176,2.083519805726604,3.6989326328674763,2.50593163077991,0.3756253204289057,-0.26896786528499844,-0.7916740999002775,-1.0264733558808667,-0.3903247399481172,0.22267090633804995,-0.43314631951913496,-0.6319854434758913,-0.1950187711064961,-0.5055110640006267,-0.7192311095122448
4.190750969499919,2.662040013790216,3.2652721763745842,1.5876478928442026,0.9095950153332676,0.27588066585708254,0.09997714182969022,3.259644443831501,2.978971316608743,2.673986125311889,2.0051158405903164,-0.46953879618810324,-0.2594370365422883,1.2112504304211757,1.664224810633425,2.3617453213823882,0.18614580265993225,0.10249439389337685,-0.16706242921558315,-0.8730437958897277,-0.8277659935262102,-0.9192125552541979
2.2902844042026014,2.3308399072380666,1.060708215565523,0.6018173780757058,1.0685229113922055,0.40649229727438135,2.765596448818158,3.374419067583318,2.1443169461517564,1.9651661635120143,1.8324054424179719,-0.34951483116838367,-0.20316982951348286,1.1994917477356744,0.12007023482361266,0.5134658794236899,0.25881964579084327,0.42241639195952924,-0.5632252359292231,-0.674680074271992,-0.9437534402144431,-1.057464323031925
5.5928505528200185,1.3768597242021356,1.6215739016384436,1.306898559893206,1.4737004584505256,2.7797584057174696,2.6193341434219235,3.25413654419499,2.1927818722305132,0.31769354461091154,1.447061566643251,-0.11604156676852424,0.22807606854430798,-0.24114932329100888,-0.06958138633476556,0.711569283951817,-0.4559288413965094,-0.32228271918582824,-0.41687015202788,-0.3856650949204112,-0.9194285123085459,-1.364012960098173
7.056599047598247,4.599197580707461,2.5922637351304285,1.8583719161308088,4.08185319751492,3.179388495508695,2.6000365732587927,4.673385403506423,3.0766975620566477,0.7611150895236373,3.0000964908621093,0.2952362635991596,0.34852448757560467,-0.11119667500739287,0.023502250532288858,-0.12204043902957432,-0.5622021336660875,0.39538317876771933,0.2220755915766339,-0.704510081886953,-1.004212231886478,-1.436753214201762
8.002543413580943,6.194352497513793,4.028890893219952,4.44867146653011,2.1343843247396648,3.418186345547527,5.6634153905059454,5.327366569781248,3.684888370234834,1.1832848034673666,2.178470024940265,1.5091607813622252,-0.09177008794534303,-0.437904705857893,-0.39226024301399454,-0.10838480388203701,0.20862256969930776,0.02112052790536748,-0.12845562611591815,-0.35035465666600335,-0.49530878181870264,-0.9868006658083849
8.893616860295818,7.7132197448030935,5.156580729260401,4.080534662248398,4.116599336672839,1.4743424202478657,3.5551671296963754,4.859859406699056,1.0358522103431786,1.8762549077021975,1.3701437611106284,1.1285958309955268,-0.5641164907372436,-0.5374757690955013,-0.06425322365397866,0.01573763492429964,-0.16203998371208378,-0.436144348891559,0.24642129039302524,-0.4013709717148269,-0.41666563262997547,-0.5000743484658493
9.357552071567579,7.448777789832346,5.558117155151742,3.0771655801221085,2.365547120396666,3.9102850784889696,5.339768146081136,2.989429610783639,0.66187695057201,0.8536164486932376,0.06813303851814508,0.4348933891278804,0.1457942226494646,-0.03436484830866466,-0.31642560694851346,-0.31029906679793473,-0.44330397510905206,-0.35995981917288544,-0.5358673045596029,-0.17659374062972283,-0.1770682776503982,-0.4229588806561068
9.058976056699937,7.559104550668754,6.124246969289022,3.182593156286983,1.4290814791445543,0.7881054762714683,4.626591769653658,2.1044056862760905,0.9244295776378291,2.6740932231109684,0.8021266156204513,0.14573839074507128,0.5518623773644131,-0.4612961523319873,-0.2984471422348977,-0.3198427258235812,-0.7775685677695138,-0.6265150654852797,-0.494496855321873,-0.37045029252606365,-0.9061925243038317,-1.6883001084841633
9.960627516095368,7.98794575856639,6.315514762488419,3.898786708152043,1.778808568404734,0.28301437131529966,2.0204273567799182,2.1581351068754295,3.0727980038305125,4.151862388730062,2.591387853014963,0.40722990075561133,-1.2118265383190183,-0.1709090399002801,-0.6369239312495629,-0.5627809248852138,-1.0230110150551484,-1.2024888551669073,-0.6459569194464718,-0.9045191749372499,-1.4950772010640294,-2.014457790657388
9.986612756395749,8.819451638389848,6.508532557555192,4.4369562609088735,2.3704212261895736,1.208706071447908,0.9549245748520379,1.0870871861271958,0.2890512506808339,0.7633549107743333,3.526927051731907,1.6405300702809356,0.24968879726729215,0.293892886414148,-0.06270066304090656,-0.6581445453118169,-1.0247350280746108,-0.5224122276349731,-1.2834067008913717,-1.584364560329037,-2.0568611025900005,-2.078943688166908
10.198854045668579,9.092378596917198,6.49160026794914,4.402229008866203,2.334076236551203,0.7644091928954715,1.0255479614210905,1.3164074071721208,1.5878927281283661,0.9510860439815239,0.9932096515045119,1.1299168752569835,0.5065658420943364,0.19840233630598014,-0.5705171298028672,-0.22842978825533694,-0.7230214517811736,-0.7133591404035753,-1.8243222842673097,-1.2725564848699573,-2.0874637265338625,1.580152147197028
10.127981680157461,8.481312618817388,6.662352177307782,3.931593318040633,2.4317315700380626,0.5731315780824855,1.1959596949456945,0.7755884500770064,1.2456472930896487,1.9860041597379003,2.1809784558602017,1.8063306961994599,0.8437377412226358,-0.16494353557132121,0.5141789183843417,0.10124399381769927,-0.6072734322173146,-1.1790320727850108,-0.4190184689938077,-1.1040151413015138,-0.254387863475199,1.1822011967273165
9.926178802262598,7.6646787954068465,5.513553777236106,4.0190942395495,2.4994642164952494,1.2501541024075113,1.1679988736780487,0.9230955156935335,1.1703200688370325,1.8192734307103156,0.056111730164116684,1.1487513041613764,-0.4351038318622988,-0.2733494453222747,0.42642872841557444,-1.5096191181790068,-0.7645419491582928,-1.5503917010415962,-2.8120431029111588,0.9754873724926917,1.7222745128635788,1.7554060490779417
9.443744596604407,7.783509655377329,5.137736456747961,3.934514062481043,2.7295999552918007,0.9624458264807618,0.9206074350844662,1.224141866010298,1.6276318693582283,1.945653435028084,1.404730926306218,1.230247365165243,-0.8143936392394977,2.3068459797741205,0.5094584402238667,-0.6284677070398509,-0.8352380633703741,-0.0576719731809327,0.3079509589687831,3.090993593846473,1.1803072607916176,0.3446546675206595
9.381659803749706,7.643021220322696,5.200440571298867,3.712705752511247,2.203588531144639,1.8329791970555305,1.142874926600289,1.2550374254378216,0.6339304114276038,1.0355046940817818,0.708431480044553,0.42717675416219225,0.21819899250478475,1.05051929598331,1.4307782272691143,0.53521244232844,-0.2887415014448089,0.44902260754236784,1.672666789469644,2.62758195117368,1.2862266845183987,1.1682080568594742
8.772800311850478,7.3200452457631044,5.499391317515881,3.5415922718097637,2.088862650396455,1.434254699519964,1.0809266848174406,1.340394039669539,1.460228113310082,0.5697079474829764,0.46612212529998315,0.32993371354169865,0.053404583624798135,0.42798603415800207,2.1669571080603665,-1.1225690994947706,-0.6146191850868845,-0.7119954369056641,-0.7665929912286736,0.8986448463981941,1.1950268322329027,1.4919697122096747
8.012200020218424,6.693033294475878,5.115880012536649,4.160825408533697,2.992214056315471,1.50450227469158,1.0362076946757635,1.1339380467957838,1.8671055705348278,1.2833514365514282,0.08966887402645206,0.6028180983824029,0.3825093457108244,-0.11569725783059438,-0.9004276164638088,0.6128210482285582,1.5079379565495021,0.9680275839577677,0.6641237651762172,1.4596638438856215,1.6704331425307062,1.3472931597922326
7.502542373292608,6.008878874932712,4.08880904497167,3.5230125870974565,2.502455947196284,1.0290359047089277,0.8527992961431519,1.0219777261851641,1.9027973663817999,1.7511865170550298,0.4336101970239701,0.7214362733644456,-0.9351315668211754,-2.2387108280116785,1.436013210244798,2.094402777440093,2.0525993217721097,1.8390878251110792,2.1230963080935936,2.5944680955369805,2.710980850718052,2.0192720465563765
6.521322075473892,4.541113872342369,2.9545264607270205,2.939037210926858,1.7564447533540057,0.6034239721017205,0.5268050168563082,1.0285567245358973,1.2715472513881103,1.3623677100476128,1.503065803444808,1.3561483852664782,-0.4421972939488183,-0.43904916916836345,0.8505980663207471,4.882205273722601,4.140953005300376,1.8399465826556265,5.692540123269646,4.970686851379219,1.9918200376829367,1.5449190277711908
3.919878460234577,3.103975689957878,3.364009528856453,2.823775484711117,1.608457292428759,0.4252863778709436,-0.21321752119116485,0.968378300916048,1.3191070162699894,1.1630892577377725,2.5161405075740157,1.320673099942727,0.8015025435598442,0.5516392471512223,0.9576161200394679,2.1649794852035225,3.199293724972449,3.5935257720700413,2.305677454740303,2.1936957977301366,1.6860055279884834,1.666077437876694
6.047796140761049,5.923598333592329,3.0215088909080596,2.9826647771509482,2.930720728130465,1.5154409523528742,1.1629868709679045,2.1114360192069137,1.09459214705682,1.088364439850555,1.1556339345670101,0.9267427003958288,0.831478453238261,0.29780561924137067,0.7644360680765309,1.8198372948054622,2.0832117316699374,2.0897002511026614,2.167929268570718,1.897690198837155,2.2451140224395,0.6090478251525394
7.105320290198442,6.017155107052931,4.835507127169069,2.327644510226739,1.913019028142649,1.7506993985039594,1.491484880055579,1.9756087249794372,1.2482408429647973,0.7219591447073721,0.7885389109113168,0.4892533845431218,0.4735499622680932,-0.09575206929644706,0.48834008334921003,-1.1455550301915556,0.867139363963551,0.3515084703809814,0.7502470655550992,0.9914420076192996,1.0789382673870895,0.41342857579653264
3.6156486239790993,2.742363831858507,2.156971643225935,2.28224278926884,1.7924464971233978,1.4854913195928645,1.585746997033308,1.1986197658992728,0.7431780125625718,0.3244591924815813,-0.3846320798544956,0.06123756110029308,0.1790708926048623,0.3891870019867889,0.5403788964919054,1.1539783508939312,0.4090440562200415,0.3463892350692066,0.4231436880656362,0.20792753244155718,0.7822514638482082,-0.7254485529255842
