script/wind150m.json
{"header": {"parameterCategory": 2, "parameterNumber": 2, "lo1": 6.000198445256149, "la1": 58.999992894266676, "dx": 0.5, "dy": 0.25, "nx": 22, "ny": 24, "refTime": "2024-02-10T02:00:00.000Z"}, "data":
[rows 0 to 23 of 24, columns 0 to 21 of 22]
-0.20098823547028585,-21.1993866819968,2.7640296519897563,-2.7600179725748433,-7.566658186621875,-17.3272888216351,-6.065499887962938,-13.4493075195011,-14.41449202895536,-20.852155736634643,-10.681631596792096,-16.424952247832756,-24.649564613379493,-7.302483409783914,-8.539845244815096,-11.806614705699191,-8.625151829222887,-26.789435290112554,-11.340335108147611,-12.52775513939155,-15.13107766812296,-16.060066024988608
-6.417749185046694,-11.570103081288837,-26.78919693637303,-14.484037348274732,1.514390396920635,4.458162664685751,-7.019331304589993,-13.408890955472852,-6.047005307796183,-5.855858848901862,-13.432526714663242,1.238344734032589,1.0916116712830226,3.2177900336905125,-14.393359467250589,0.6714893796990945,-12.440091027635159,-11.839480028161004,-7.065314856955321,-19.027123571155542,0.10347961574794623,-11.075113941765306
-13.302202263529754,-17.0899253264939,-0.47729441930785427,-12.08161209639518,-15.77554215327233,-6.197744293714036,-9.310263835964737,-12.626294909613378,-17.52449057686269,-15.722373067222858,-15.409506240280608,1.7395054639161667,-10.989133614155438,-16.213008068361855,0.6701724756636782,-11.634039972349514,-15.462232512363357,-16.917876981361495,-13.802903006809027,-17.268560839901998,-16.744215935489674,-10.908233577986223
-8.261665143010127,-13.227171983412559,-13.115180478360466,-12.057734209586421,-14.58270460516652,-6.705841446761295,-12.795708647449752,-9.225989285761695,-14.944751215566459,-0.18471626649670772,-2.866155678368966,-5.666989021836018,-6.389739116074294,-6.771992105032692,-16.972976122141556,-15.064955919960328,-6.886776181272488,-13.518774790989717,-13.850896812524308,-19.029739325185453,-14.769093975206003,-11.948622164689809
-16.579923450544975,0.18634289955668953,-8.37752934060553,-3.2269321956089434,1.0528991370900074,-14.976004914836233,-14.575219662538661,-11.29332778363732,-14.24683772134881,-21.46127402641988,-14.401759542352524,-15.901940276085659,-3.817851641285251,-7.09879257813736,-9.842248549247511,0.6909668269112565,-13.910955974866551,-9.172820364832281,-16.910373897586478,-11.073084528778924,1.0148547972414539,-10.664502389442388
-15.626431450585097,-13.2452089454197,-4.3446389453038705,-6.824619954279056,-7.553304983503743,1.3343505185552214,-16.76551989949333,-11.262957894565622,-11.257951845861477,-13.189949013879605,-12.425438787526275,-15.88591376357888,-13.975377597437367,-14.608093681766666,-12.395246758768485,-10.231259725866575,-15.067951241584609,-23.537587854198012,0.8746101560746281,-15.595602107911361,-7.366778513332468,-14.879934776966927
-11.387908642061534,-15.83821013793534,-13.794823470066504,-0.11113321121955128,-14.246934014751883,-7.215219576727923,0.5293172490109772,1.9875712401852765,-14.29563501750157,-12.841135942619855,-1.704957246121387,-13.157405199513267,-21.31000766333806,-15.589568994911852,-18.980699756362533,-11.817826389128069,-11.851708301874128,-8.35650419241703,0.4304526491229025,-21.305185707523872,1.2213023211162173,-16.930416552316668
-14.931773327754655,-14.624596157241745,-13.705690709256798,-10.112454641200648,-2.6541728266945204,-15.586139727678962,-4.735515825165657,-13.813035600326236,-17.306989019710013,-11.347644742651294,-17.453963232778328,-12.724340537733594,-0.3811587755638946,-15.204172322521915,-20.142473952303558,-14.775241829234924,-12.44096962910142,-16.033666720724757,-5.3223679431934325,-6.058831000942634,2.0335202228494142,-11.597165739536734
-11.615181790526584,-6.4663024145373145,-13.742993122923648,-6.509739931706382,-13.66181079781868,2.033229606800146,-25.786208574672095,-12.854155402105475,1.2502634746870744,3.3067417630925764,-6.83434388439181,-18.800533254617026,-16.089743992145173,-10.296531491360202,-11.423142267055646,-20.74999029519679,-16.575145799958086,-13.477169200649762,-23.747771181842523,-16.410418522225864,-11.21921083377809,-15.830555356990322
-8.34554154484215,-2.5522689818058586,-6.788704450856883,-17.210029726105766,-8.692463208372333,-11.054635871066122,-16.817942747351896,-14.730998166230473,-13.822595889670302,-8.90227573801332,-14.27073153953878,-8.651452238473876,-9.840231668484801,-14.000312022411638,2.58322824170552,2.066230432758444,-13.391260129815517,-19.25072961592104,-15.194102268911287,-11.353905665295098,-14.901048367166226,1.1391033994583153
-6.132882251255554,-16.31662993292177,-15.035569990403015,-25.82060281284459,-9.303401058445228,-15.347792769785068,-5.355533644530561,-12.027982157539952,-2.4130012639451106,-5.157776691018566,-19.56234001608629,-22.420557357184173,-15.4363888080202,1.854685413712402,-26.11013467627306,-16.453209064480102,-2.875443486075457,-10.466826828899519,-13.387235125513197,-9.05474234266887,-16.521296125495795,-17.10839680207498
-6.418964020963324,-15.899006603517828,-12.832581179715513,-11.56713655358327,-5.425504682581871,-13.852762202649767,-10.870123455897605,-14.902776847904615,-12.201819722963805,-12.918423831867779,-7.741841282128417,-7.926981809629426,-14.647062127960474,4.0461784430811205,-13.034917317214646,-9.435637496044047,-15.140768887623514,-15.546061686155543,-3.580661583286564,-18.3612893204286,-3.035151322538587,1.5156796415354925
-10.502491549863862,-5.871023104643879,1.635226669440015,-21.010028795274323,-9.928373615661354,-11.365090742735251,-16.658207489496206,-16.896374407340662,-13.774150410454077,-21.017922851956175,-15.244417189479053,-10.262127016986405,-11.901751965144477,-11.840121396331805,-15.988092652884825,-4.654698033639032,-17.220679250962334,-24.963433803169007,-15.448176149118586,-15.277466449539416,-5.870306441436052,-11.959267311244524
-13.986687627715197,-10.056744069172204,-23.58142116087777,-14.321600438337951,-9.186580329185196,-7.211989535420773,1.0051679078691445,-14.341699837001059,-12.88611210397271,-26.41261763150041,-9.7832032888372,-14.34588153461264,-4.696513027608568,-16.089749292093966,-16.30619732606005,-5.432608837025604,-17.923846770037397,-11.339830025990087,-1.3329292357707894,-14.911254404695459,0.9449052854588972,-15.27683791716951
-10.061311640663718,-9.126022423944708,0.9834132928917149,-15.024306427442621,-9.921842634220297,1.271743615900266,-16.646326898925302,-13.49507636190085,-2.4141163209952494,-15.238221647132018,-11.198920182118341,-26.04305171037326,-12.632371211913458,-16.598376130146438,-11.15210004696445,-14.166896292802441,-11.093000402862202,-4.664880652511694,-10.52091406359474,-17.4682148018654,-24.595742546812996,-7.780298766245626
-16.894211314201243,2.1887837778307504,-13.25635597018676,-20.97448732444729,-14.317478791858733,-11.214756549536144,-7.717352844733652,-20.57386024339801,-11.573589880123595,-11.335827701730187,1.5670751165968115,-14.436789018374503,-14.426594465694317,-11.450646469115519,-14.048017586267953,-6.317493727847153,-7.3696838919290535,-14.908315198667703,-6.880987555176662,-10.150224431478913,-12.601439627960993,-12.33961137900269
2.5482951637044353,-8.701484661876789,4.686042723111575,-16.67082584462952,-11.722129862963044,-12.918216335534655,-15.182781622615249,-15.87142118023319,-4.666502071963647,-14.985165057483686,-9.121327950037319,-0.9513253908282997,-4.997919438568387,-6.6477921656279,-5.080425495386585,-9.3634012189745,-6.086904676882105,-14.991886633199861,-7.240721394007937,-25.535058781521663,-8.97836310554432,-7.272315559682221
1.0465606320432024,-11.206641540663687,-14.98347241368815,-0.25039728508631603,-14.381219450926618,-12.874431960831616,-12.911226635076032,-15.78786848226257,-15.778019098787214,-19.942420198824625,-14.433766797318762,-16.60248044084252,-19.103380562301922,-10.96749188579664,-2.205061455310456,-11.412716561603432,-19.117699187543167,-15.991153359461652,-15.869437165871146,-6.951242272088009,2.2716471921319785,-25.551579707525583
1.9572857554216032,-4.711512613340048,-5.883049472778548,-15.338555317438447,-7.155655810845395,-9.455774429348287,-13.037795229043995,-7.641879548710745,-9.712318845764868,-14.769972291615055,-16.70010559101276,-6.708038969138814,-9.460352728709811,-22.000424690037672,-7.875158622514806,-10.002312850579964,-20.989599088279153,-14.81715932112524,-17.358379293140175,-1.273951035080912,-8.30285176497133,-5.422678937643237
1.6809904010424126,-15.5606428384269,-12.351291304882961,-7.848950908792599,-16.811249375940694,-15.593391009436715,-15.13659303913776,0.45983684998944063,-12.201739593589055,-7.119985386365611,-6.2765794482103345,-15.199925344830815,-10.831534169330304,-13.394207786971606,-12.744782724619458,-12.055803676135827,-16.083337998791208,-18.272914869314203,-5.08859645094577,3.5128818890940696,-3.3669763574780607,-17.696213556481226
-9.575266128714832,-11.90403797764302,1.053080519022555,-4.85135224599819,-9.614633798039945,-16.260922052137115,-13.56630792317569,-19.50629818912226,1.9296334266937036,-20.646823133618536,-10.994113804022998,-10.235664184493368,-15.021604136776302,-14.657820976157197,-9.511487785405338,-26.626230030734526,-14.219273522751244,-15.639996207584824,-6.579901612849453,-10.335249788354055,-4.553832034350936,-6.677105658636586
-13.65094535696833,-10.79909476886914,-9.752506789220513,-6.683853690306261,-15.275794756903249,-14.076047591715678,-13.174485963915814,-11.071316429244032,-15.387799084179688,-22.441511291355297,-15.597367323470667,-17.771649614591748,-10.117329166864284,-14.130813447315745,-14.687056054601175,0.5451391296901341,-13.678163929909307,-19.970500271971165,1.7091999780276992,-17.943189974218438,-22.228954163850418,-5.973807170355738
-15.590023109421722,-7.8891470243338055,-12.79599567492873,-12.87803950744549,-17.169310230028643,-16.879665809346832,-11.75867070712902,-11.792158718126426,-15.277041391087868,-16.706923139600136,-11.32925960129906,-15.343217947794901,-20.921030022739263,-11.103173322040478,-16.950128882241156,1.0700000172884585,2.9570463772973743,-12.383271776369124,-20.67292666725712,-18.165613021113753,-11.87561228065426,-20.970666595730464
0.7500307383796607,-12.105981435877451,-12.444970007426727,-13.096900690217693,-14.588814011588342,-14.754262502378216,-15.695759797415972,-20.539478193377317,-15.031593845659227,-13.52995743384915,-9.488025661603224,-9.527114966652455,-14.34218575644995,-11.837169459370628,-13.87878952122316,-15.456496154104423,-9.103316979958262,-15.848735848897498,2.0757925812785607,-6.477751444456633,1.3243053291138651,-8.734765847045647
