script/wind150m.json
{"header": {"parameterCategory": 2, "parameterNumber": 3, "lo1": 3.000054539987559, "la1": 64.9999836372058, "dx": 0.5, "dy": 0.25, "nx": 34, "ny": 52, "refTime": "2026-04-13T01:00:00.000Z"}, "data":
[rows 25 to 49 of 52, columns 0 to 33 of 34]
14.246520889729352,14.332927015833787,15.25877578370405,13.835384695463672,15.62997798553859,10.18625232778886,9.956551779396843,5.7735833729610135,7.673749329885724,3.338985694477748,1.2568879867806775,-3.2324650228835874,-1.1686905845975584,4.515362168067004,6.552577422620202,6.055166357840924,7.568041597988746,7.1406654272380266,6.5817092906995756,6.802873317689654,7.267569710468106,7.565129601249747,7.2929250103321035,10.195165089176191,11.341291041930617,8.78652644128743,8.395692699021138,5.989153485402945,4.120745268089035,3.395872255140728,3.9871114190427552,7.287131936927378,6.019054346977472,9.157189915790845
13.677131269173953,14.357297831092906,14.18714816147806,14.567097312572049,13.48531280079471,12.827131783828868,5.926042296542079,3.8862677313931364,2.045648781722754,0.6788664970012666,-2.6997051943109214,-2.8763560535316635,0.5490116538315124,4.728024791078189,9.413663587048923,6.377645198013463,6.9283157852767925,6.708211012678317,4.318187637071911,7.073104692959823,8.755085579677514,7.217318812146548,4.716528750332152,5.163761266743661,8.576353276283031,7.702628389610378,8.055268918168256,6.095202151626246,4.646116701795403,4.909101886489118,4.3694089328502494,5.459980766277085,6.844346323285362,8.102944104846818
12.637789594961543,13.45226743252639,13.744873819138759,14.446769884899522,12.473481962720674,11.423560391868945,8.73103138231992,3.748535770459301,1.785356039789321,1.0577221052679753,0.16979489676807313,-2.5556886870816635,0.945031372100025,6.102510189631759,8.682169721876082,6.91163384887002,5.486685938518381,7.476372529702556,5.609886692645121,7.274247159032443,6.999734439338947,7.130181497343566,5.693924195578962,6.254835130906201,8.764756053416031,10.293349998123123,9.173102442754201,7.538061264541172,6.858594643557799,6.4866732188522835,4.854777248871805,5.30043303208781,6.570558658997796,7.874401700971907
12.95451779055265,13.041771460467823,13.545236612763691,13.968607732636858,13.716998195860839,11.466312013139513,10.591092967642762,7.8389006614578065,6.169847699052993,5.717608112650204,6.296221233006261,5.399165384416792,7.777652240619686,7.5938756573327755,8.262621708108565,7.180291140013508,5.612846342355674,7.895209809648015,6.450280395146224,5.555784571150359,5.571276146484405,6.158387715388775,5.422556455678745,7.443266725363725,9.16045966657176,9.53416273447715,9.738488152761386,7.6902188533229525,7.97680308780469,7.562235273809391,6.868326562133784,6.502944183756268,6.766358984218615,8.792109205677976
12.996270301495386,12.629832304362004,13.137315361625713,13.946881578346876,14.28609453016983,14.830110014051963,12.055970065465058,12.406850764420279,10.001182111005415,8.261488645126356,6.5517345919252685,6.995306348059325,6.012605050485155,6.106237043739258,7.692799533543747,6.333896972294615,5.3280696854009575,7.097490694789557,6.321168980223966,4.698587162099267,7.488943377218169,6.516745919440185,6.922888235252988,7.6376086442865345,9.968431291477359,9.62784974224052,9.731370178161741,9.395872232697425,8.523037211893392,6.995032798485088,6.404231416368421,5.863666443178302,6.7688393246861205,8.643213197139955
12.99356926631609,12.62277286094854,13.028384958038206,14.724232743944047,14.840815821577193,15.606097576706878,15.546266391450017,13.813605160246393,11.989817866280934,9.719613152888106,6.599880598111218,6.6309722833114995,6.819128401177935,6.23749872473382,6.282580846699326,6.624657300701433,6.636871826873766,4.952970061581344,4.572296044566951,3.5680817177696977,3.3601778877667603,4.50326549757434,5.469592887885012,7.963115730621556,9.32483118276808,8.843055332365251,9.926729252812914,9.221011127545752,8.855732463327149,7.074426477057035,7.382264701238625,7.031501284966922,5.074520538290332,8.735940914426983
11.85613451926077,11.889332547815433,13.406692230584538,13.836374220996449,13.933669084269118,15.2337018087107,14.859301208764025,13.639593193345746,11.691292825430416,10.410558301021664,7.539873977816278,6.022570363246617,6.345502317249282,6.884400191347384,6.461534217878717,5.886394701936258,5.222217415843939,6.387186306929201,4.311185088320046,4.146692560858378,2.9902398518265527,3.684334348867908,5.12315141854219,5.367766197796341,8.466094445864973,9.697439608020728,9.633679272389196,8.26662328942034,8.76327967003463,10.548852611830341,8.241545841643662,6.085235812254396,8.539526138819307,8.773667790252253
10.081974861071892,11.820525414510598,13.026128454193497,13.653880557880104,15.255683838907684,14.635250851552078,14.85489226722866,13.5519944442724,12.418857104921106,10.628867173989043,8.361877851316732,5.760012052016614,5.170073491395064,7.143635953697952,6.421775183922419,4.977735520568019,3.8999299997037977,6.23637668662486,4.435148117032668,2.623358329393409,3.233830889186602,4.278710161605078,4.70948240662194,3.423683155940936,6.82902350602492,8.494286860786664,6.85412085664996,9.86946231877527,12.885873542561304,10.814077598897487,10.533061245546806,11.206765893616005,11.37036443719565,9.62696940969253
11.889477793272766,14.373329845723697,14.359774983489451,14.285886235138294,15.53357774186972,14.491999369773376,13.928925325007985,13.2858287489205,11.642266385767439,10.273731674254687,8.09423982856646,6.651399526695876,5.454880698411271,7.005461925311672,4.6292875865730085,3.7501993040661774,3.377263040623393,4.991433590632547,5.22825851364636,3.908401982495056,3.3067472792985786,4.3698838882808815,3.7062680588111525,3.789979541356346,4.137541111090184,4.9422479531334895,5.112859893041851,12.484428252413746,13.063210531993278,11.686290353115199,11.692470273683762,11.99530212729575,11.405986513227338,11.120156527677747
13.79451288988455,11.035400139125342,13.971363340715936,14.793846882468888,15.42288338044727,14.438050329582522,14.593460758647707,11.97798099408136,7.303189450321203,8.774236948441702,8.97780611312286,7.319708907122722,5.878254500991226,6.019842771108105,4.699023063773988,3.4445646432285795,3.0147582533298114,4.2070444428630545,4.563874145927769,4.111329084225291,2.3540311789658377,2.3561536696497067,4.051374210902095,4.191523997806948,5.241102583739002,4.519890735145792,4.296353020942695,8.77837800003337,13.887419221114941,12.68438645175528,12.652694725219312,13.157728224022986,12.539013565899728,11.644567441941428
8.092097270878075,7.744725453767503,13.142209520671452,14.515711199560984,14.985930875806746,13.552435068470542,12.768490771358453,11.721350258530554,12.715422838769292,11.634069960685695,9.272546142231828,7.477784603211112,6.568533543353525,5.565743259834841,3.9879624718871556,3.602448774622947,2.946074184621954,3.2567445908808645,4.640400706936453,5.149666287051442,3.449993930961153,1.8981538330684355,2.5324619150694057,2.4716011606493207,3.541668801908026,4.745016649360433,11.478475953483716,14.363342932326882,14.053060611892313,12.84180233047514,13.16058263055265,13.560749734145084,12.228031209184927,11.749814573795964
8.618813625358303,8.760951916044059,12.460922883791266,15.017676260711594,14.579289585520737,11.936249134946479,12.565679130202925,12.5045772297052,11.944998158302715,12.756978915772107,10.26839480052449,8.314968567176411,6.850994373858342,4.317161191929649,3.544951446404138,2.2409317841927447,2.7750834113547853,3.708798572815819,4.146765784145704,4.079963653137947,5.946316160000935,6.680404940194714,2.1707862996901204,8.89255289803354,12.989273629142966,13.525384916748482,13.587848913421677,13.371397189505371,13.381170874384985,12.736695084210274,12.896086235374511,12.546873639461307,11.584454334308731,11.131285128586457
8.08402096164419,10.391442157637359,12.272265830076908,14.302836418079186,13.49874763576561,10.744657518757258,9.815604455353386,11.29553202262185,10.1470963720505,13.830936897016954,11.963687056905647,9.315916475844402,7.59807725254912,3.7613849626156286,1.933426242093537,1.7683445214555937,3.3698428573364607,3.287670316813902,3.0538451388313717,3.229652527250349,5.00113124013932,8.272153780659709,6.750033690958718,10.896126012804016,11.150464995585471,13.461689950807818,13.616681909001036,13.642267267397742,12.886565946620214,11.420141122220544,11.716362806309316,11.769757761704588,10.833079290294918,9.983200023206935
8.511541094716856,9.45218033880093,11.900496354294544,13.887327377610411,12.737697751300086,10.638645014994525,8.219826745863815,11.106039261705146,13.42059379006765,12.45678590837282,11.171074984984296,9.154063799602698,6.634949848771808,4.051626290651058,4.402332849673966,2.738036228049551,3.7057474868684515,4.789545613984376,1.4493395479980524,4.139843783274752,6.552423772244277,7.2146122729097355,8.684504262020205,8.677984040021816,8.905521590447574,11.695626710203324,12.039102914458168,12.077178848910714,12.238979135411318,11.16142490154385,10.952517480173091,11.58890665689074,10.890440477616522,8.904999536442418
8.3579103794719,9.085745839715221,11.535455697369008,13.515713780357565,12.180803549292422,9.67447535399967,7.758635222250645,10.015812407536124,11.78810416296938,11.525293710823076,11.425825555846552,9.267037313541543,6.010234680280603,5.4339386363468805,3.9333138740906692,3.106289584326563,3.5407152606184913,2.863612185116055,1.2282251084231006,3.558008865180383,7.330327157110487,9.278244281241163,9.301395505768397,8.918709280234179,9.031752222341522,8.874956972135518,10.864308871368925,11.946759402676975,10.814849401883084,10.783291115523951,10.83936536483003,10.761577835093522,10.650436943761376,9.840151392542149
6.961076774375942,8.949585605570196,11.425054554079624,12.789849177564413,12.11961770373419,8.790789186712104,7.24382816320841,10.113079786518336,9.736078842267387,10.705291651536884,11.022498095032063,8.224331417061352,5.5860627740173365,4.822928740016119,4.263161386612111,2.4599231618141495,2.2173510221824904,1.1160557544748775,3.6863013008795615,2.744629232325835,4.810604938231606,7.765300519620247,10.17550067299936,9.781763559224874,9.314130720375172,7.644212821629488,9.204265983086394,10.777111463314316,11.528596477542129,9.78891601342125,10.068501137996574,10.37140879103148,10.51054350054982,9.760900964704833
9.260362737194528,9.173216055084488,11.81374932205105,11.643699875653118,11.20881362746817,9.106768814140938,8.805593647520272,8.765295168363107,9.468486927526538,8.330050463611846,7.89391009200672,8.459924875877388,6.112430807519287,4.059245712565199,3.617962234847889,1.8926608303047707,0.9371914207101126,0.7487528220979968,4.218065130765202,2.0464236955891772,3.129349595611019,5.177724451874003,9.320285868889899,10.945335253957523,10.07472592026045,9.827036085909015,8.472598211996546,10.652469034882348,11.749877049339492,8.776441411547841,8.14484047658621,7.771155730181371,9.58472828485068,8.606992270630139
7.350941873585919,8.874253397356274,11.050475772650568,11.34405353281643,10.277955372562602,7.938059585929197,9.789170086881699,7.952415622227566,8.96100929052272,7.544430915602906,4.887136728902044,6.159041166416081,6.759937829164023,3.996292808621361,1.6098366407427194,1.431603579374653,0.9087647607600324,1.37738503464166,3.6025773088280477,3.0830591217345886,3.089298930492146,2.008037778722949,8.061182752461763,9.259023885173308,10.959363866855133,10.640738623119008,10.521230451178907,8.871135125919407,9.61616247748192,8.157929450301719,8.059207319296764,6.043320973371912,8.18764309290981,9.446494796395344
6.186474588660872,6.921816058658417,10.057429485760537,11.099391462191347,9.46209903913608,6.425817439828853,8.27144439408639,8.551984920781027,8.51948508658338,6.483828584398962,3.793093030210912,3.65925311125809,5.176890687640654,4.272542687740503,2.041545529801833,0.7399678707755267,1.8059218021829477,1.8773610991142342,3.5861213004707397,3.891813460045909,5.025716988613357,2.992161500951946,8.339502450596429,8.075573485067649,8.742087809057224,9.39139620039883,8.608970859071725,7.252862186045234,6.77595589644188,8.827934967696,6.7422946027770925,4.33372029804368,7.861729860228219,10.427557935765911
6.442083746490116,6.116393352918716,9.86611202038708,10.403553116752954,8.797143861711067,3.894522426136475,7.693162033407598,8.615509805898173,8.081134862452931,5.559952440851409,2.863258141008454,3.9720947925382917,6.353566721364506,4.321984650276011,1.9134456465381495,-0.4611551464627613,0.4734261762009809,2.512230847488954,2.8355975848427266,3.2278498617741236,5.246013747512126,6.262489962370935,5.673069685084394,7.391578610567798,5.2937537487585615,6.9461772619307185,6.876855719669239,8.396230558225586,7.863649121263629,6.724375681141528,5.562047999766835,5.694545446142969,9.350700448174715,10.677058963262594
5.176071569456013,5.326526571416951,9.568012565380615,9.363980194671461,7.08200329273611,1.0653542716644333,7.1233846923482425,8.533148065490838,7.949130287169009,4.911771218563923,3.058668389329999,3.208825202552763,5.931051670265436,4.442603016676727,2.2300618939524752,0.8927576108618287,1.636613227630891,2.8173622215802867,1.6660917563867939,2.393277786545405,5.041192552838893,4.472702880839354,3.6958984999497964,6.456078064160775,5.96459093089983,6.068777332650075,5.559594906614081,6.825450813303116,8.771612048909384,7.458570502074827,8.142611718672129,8.294253817621017,8.356430979725781,6.467317155654865
8.58707000164261,5.599204468408845,8.621053962684964,7.984282537664647,5.206793611590154,1.1896253486916777,7.8591480446682445,7.825750639190779,7.1074792528861765,4.117039077804486,3.230809105769862,1.456757369978509,7.648789131793014,4.750676851817669,3.2793935843043838,2.0413740285913375,2.380585836104451,2.6370070196715933,2.764932958285781,2.5426583563409917,4.855258708920238,5.150290041220027,2.7824114380860636,5.970168809479875,6.438794535989677,5.239193610513426,5.4478245462297545,5.187681785921841,8.056314484332033,9.574774010795487,7.690759750614761,8.066893418836923,6.775963322143199,7.42288568706017
7.565011254337002,6.043290182180866,7.4786632023793125,6.680643965522428,4.374866172579819,0.7077977351549658,7.618092815721329,7.8245537829228535,5.644621540551429,2.9024457448260628,1.8808906664481657,1.3621954939102223,7.304721960503118,4.6055872710303705,2.825288095149329,1.4222323380717046,2.543740541860665,3.1059485765267194,3.586300623406816,3.9689007047125715,4.304827601306864,4.942203491134035,2.220703075780773,5.521712633503434,5.0502808959485135,5.1328195512954915,4.407271258025929,6.704904118026882,6.202610165403202,7.5651045153622585,7.186170325640799,9.289787827483353,8.156572669160687,6.99246301161986
6.091370188395314,5.145607441742521,6.158965130579549,5.114435534828841,3.190498046281143,3.776252308883301,7.351149800143499,6.643757555396914,4.516762191641428,2.205311273303128,0.9694348237971058,1.1181209650618344,6.394214554553969,4.763820119322636,2.716634349883913,1.5241848420829158,0.7416268775642887,2.6770483011375767,3.130711040323952,3.1262484387130027,3.9207295400453854,3.917180689664888,1.277852468139702,4.788366870306599,5.1016408424464315,5.884615954031037,4.624568986138618,3.7202708717827675,7.943345520944036,8.42495578235516,6.998217875902489,4.565615483942684,9.79902526514695,7.045991047008448
5.36353135402084,4.367060764268565,5.890619005553616,4.521476935816125,1.7090108334116405,5.473151689541799,6.629256349260621,5.727784463097434,3.845048458899131,1.7788614089668644,0.49848703543427186,0.13593090021495918,2.6845813290218805,4.955448656752918,2.6678811689872735,0.3249878868598963,-0.3469679664263351,1.6024766591796797,2.2784233635632978,3.280917295131395,2.9208518998724555,4.1355607198863185,0.7829560455072223,2.8209520320976704,4.359554563400956,3.943273260371754,5.714791376100638,3.9437604436199885,5.571600704899112,7.595197320464906,9.320350143683264,8.22421598936754,7.477315051386158,8.231281602238274
