script/wind150m.json
{"header": {"parameterCategory": 2, "parameterNumber": 2, "lo1": 6.000198445256149, "la1": 58.999992894266676, "dx": 0.5, "dy": 0.25, "nx": 22, "ny": 24, "refTime": "2024-04-29T13:00:00.000Z"}, "data":
[rows 0 to 23 of 24, columns 0 to 21 of 22]
-0.07474611739550378,7.409746488980051,3.2821010237957395,-0.6119170788455832,0.25131688118362194,2.730455686894234,-0.4231483230224406,-2.677175831277918,3.338267396692799,2.116078127405009,7.11547302945427,1.221983192996471,4.690089781633241,7.020308766383973,7.992168911484847,6.258583815328819,5.674113724612272,0.34071668363904994,7.185699974201065,8.162179729952314,3.5978289743267755,8.347037545383442
-0.3630617170050594,1.9226205419239903,2.5387379573829554,6.431889348568272,1.1598236945863059,0.24597644471983618,-4.659690937068357,-3.6581954080295365,-0.2979750042446622,-6.077594257225907,-2.806465907429055,1.1507235730131293,1.0095383477913424,3.7851901127923764,6.540195638088697,0.9767111638191995,-3.056110470201534,7.101364132817588,-0.47398075457459177,9.296925918409206,-0.5546470829215558,5.052896268781624
9.442550656045022,3.792589930876023,-1.8926527358623366,5.841513594043287,0.5410229177177359,-2.6935414064168914,6.312900468689162,3.5000873339247685,8.230426228360265,2.5374076737320985,2.74950253749297,1.4028824007277727,5.291105065717324,4.452508105500621,-0.14509548017556528,6.449229429668835,3.03910795931595,3.592547496431722,3.214284622422312,2.8754526631521666,5.712211227078463,5.972457698051885
-4.17485963421171,-4.534448532469595,3.140391607976962,6.645530145755824,3.7362202836345215,-0.3115244213446473,0.5789695407883979,-1.6128794348153503,4.469416561084016,-0.486930150823696,-1.76237638502038,-1.4855887276281619,-1.1286202828889869,-0.9619268048916892,3.0120845172365804,5.187849396079985,-0.25126552069760943,2.7892832293276717,3.4933722422862794,3.6477579044287864,4.120981722320884,-3.1001224962348966
3.342674481350025,-0.6964275708029631,8.722963140675237,-0.5963610029532038,-1.7246099295635742,3.6920025475243827,2.57982448255313,5.487931854087349,7.591534293495382,2.2641145675470735,3.6321605978831877,5.871682176959888,-0.226237317985402,-1.9903879390470802,6.126981566811928,-4.285835302767685,-1.6197713932037874,3.2690113592965946,1.2494634823420452,6.588105310552753,0.4430267196130757,-1.7843146226501465
3.3689757465270143,-2.0478518174275098,-1.707752950267564,-0.5180580410475916,2.171677470149719,-0.6616397986486697,9.261059643744618,1.8490621645890224,5.244833085226867,0.8573572566646683,1.571047612218298,4.786242205276696,1.163626307182373,7.391660896070817,5.80277154275998,3.8089901981924794,4.009368824797113,5.602095319485293,-2.5159854179297256,6.218632087473693,0.24983006790631657,8.44550360236811
-1.0237299710636718,3.1087007184801028,2.8044107946499017,-1.0747509825078485,1.5146656547334627,-3.84564410754853,2.113879171408022,0.8229154568164083,3.4255490914228273,3.822504336604851,-1.442623641092704,3.499131260886357,3.3073461525808967,7.055536832855879,2.2709656391306807,3.7386047972658045,5.809789918873393,2.6466606061094895,-1.1116623731442863,3.3107260007728994,-2.625272503799056,0.6821447357496139
7.937928221561562,7.311760765439429,0.7372024963740295,-1.8862725531049163,-4.85259316920661,3.2588818169170812,-3.2671430198801934,8.604324903338773,3.3155510233739527,5.146314265536708,2.0985608270048255,1.3316523053937441,-0.45431232646476244,5.950729638440279,4.234256842545511,-0.8886261163023719,-4.761297681296106,3.3865034851842797,-0.717342768659775,-0.6060901673588576,-0.22069901185405763,4.726050084831934
1.1862740289062756,-0.10993202982372328,5.471325260633988,-5.564141613436454,0.8446617200589158,1.6218336465347334,3.6340769576469425,9.094787594153917,0.18245465892179966,0.45215759447712156,-0.1284117701705391,7.805700455533278,6.412842216676107,0.5486030377217593,5.105712015185482,4.757252869875263,2.4724612221421993,4.15623116951814,3.2383043967050873,2.2821142972004798,1.4413174619948728,2.1399371140940326
6.596124508292907,-0.16697327357800582,-2.674197581787272,3.2349067010963752,0.38742413576863033,6.302396562572711,1.373439944683695,9.46868206777243,6.309670157507227,0.050782464037956096,4.552038712744385,-2.309955955082407,6.548414151061325,0.824736113082631,-0.587906076673483,-3.417081005339344,-0.5577899117326386,10.150855598324778,6.760093631129037,6.220172686157574,5.639229842445883,1.8076164344208094
-2.0688047935714233,5.288746753908611,1.6592780241395073,2.483669269414358,7.394417561588108,1.3702842745573867,-1.4699897281173253,-2.9074509770108548,3.8243687277065144,-4.348647239773233,10.762862569410723,4.53248099444523,2.154013935010055,2.4530637170779506,3.5150148481195127,0.8724430963623147,-0.4880850232432649,3.1719357248816014,-1.9697697781176664,4.68978650964484,8.957680458638142,1.4969736954173627
-0.3205010727448077,0.08706899613514243,-4.085901860562532,5.3380289896607085,-1.3378322183387088,2.3298769860869437,1.8690881222342635,5.125390212052556,0.07307601510637629,7.244431983254747,5.637359300696207,9.257236362649785,5.5445262604539165,-0.9416918062324737,4.2134906094778914,6.993239677954577,2.92026310936373,8.85172877576961,3.2279827419460387,2.042722490518773,3.967529618105373,-0.3023471994035014
3.136134380042998,-1.707029870892747,2.465232374914352,2.2770694726095133,-2.2960079146965486,6.396799451170613,4.4898479009462875,3.6881682731328236,5.32496864260377,8.055677954172728,8.695522931432448,-1.4535394389437848,1.212558615803895,-3.0313602130878463,2.4712593413125514,-2.325055883859205,8.77694303262546,4.336563459014865,1.4357747787231299,3.074169629147104,-1.595424381078216,5.255888388374234
1.8195853493527534,8.102426289177757,2.924895239113846,-1.9069028698828667,5.865058626214123,-0.503751908143385,0.77734099055783,2.570215743525548,5.164666574549,3.8260908435206336,6.437811392263611,4.8612364243025885,-0.4022000393747227,2.8206078184520575,-0.1258041492591864,-2.7283530878522377,4.991168818441879,6.124543682423239,0.6386212703323098,2.39454511418213,0.5288108693362749,4.513824081923583
-0.3104180294377978,6.56175101333504,0.7860120190066523,7.491978320826373,5.456954741281645,0.6633909084540391,0.8086237210087576,3.286018665739291,-3.553118133982098,7.312364335956736,8.655269625069536,2.443980860985753,2.2152042900488103,3.5153692277112136,4.3096896077383,7.2985112460326915,5.289356849796329,-1.4938156702765795,6.597434379990213,2.236812357490759,3.377325009264159,2.303522831627663
6.812194377213037,1.104276329343817,3.6230147873042977,1.632695100081801,2.000286721480368,0.2656775751185181,8.415183873171811,6.5010318091841075,5.538886571633878,1.358566902785197,-0.19102364040012532,-1.7471129624414115,2.43567269989422,4.408386371567045,3.1784691030232346,1.3295500808141663,-0.505192899927718,1.013279845345988,-3.348503205196887,6.746837971866812,-0.4079596672348401,4.952867703246186
0.809558131677472,-5.8295026578675815,-0.35713807702423217,2.993404000035036,4.171866351754889,4.9751406429199525,0.6591612150636902,2.6050401113268435,-0.5056149520489661,4.14474605912991,5.997309508422462,0.03655129968768178,-1.986341999126063,-1.2227391399637293,-2.1499256645995786,6.626902121542477,-1.748512669221671,1.0291505442124484,-0.3286733295439225,3.2743570196459957,8.911740163066156,-0.19045020226101345
0.2926483062025304,3.688902045482819,2.6523209394794285,-3.94430554363985,-1.5320713682176936,3.4314402000768762,0.4033112418669016,-1.8526885454502586,4.002824072930456,4.421047741670975,3.047131534742715,3.6101516079429192,2.032949082878808,3.021989194573685,0.03504916146199274,5.861672122328198,7.652080146172828,2.6725122277015436,7.800739125722622,-0.4713303342832406,1.9855956937066475,3.5727621241777143
-1.5874492593309446,0.2529493299433262,0.4446249918173941,0.2860360533987591,-0.4458979119661091,0.10270110000360898,3.160678926244726,-4.694101808116464,8.15336616514222,3.5469171641135424,3.8110012538810882,-0.5991670198579344,6.158893380117428,2.9749888052071958,-1.4302031884066966,5.616871823609976,1.9687692888306019,1.3356847623983952,4.64727178773221,-3.864110925099533,-0.6407760566755528,-1.5727872802948553
-0.07420854062629072,1.9906085277583958,-2.9183044400692952,0.2815181875586517,3.2414870360619377,0.9878559983656688,0.9471916612068759,-2.1994847158856183,5.686577491207289,-1.0258575161571386,-3.607494972560583,1.7395721062275216,7.495520282844579,0.5852291068615308,7.71514800906744,5.541281571902367,3.4116777979806314,9.522924846669062,-3.0700546715099066,-0.6409412937520202,-0.6856909793156366,4.000635342254294
-0.07660223101779771,7.374357502660945,1.7662898447245041,-1.7384968193484442,6.871669395124706,0.577676863185263,3.3568632344623217,2.1358075289264633,1.508479584259134,8.168005595347735,6.254390252955824,6.62775573779439,2.348154800212482,3.82670510392896,0.02047869172389342,3.059012621479484,9.840989481730357,4.448449322544353,-0.9871292653627249,6.234948793438641,-0.6560456739809983,-1.6726573204709045
4.253375920226685,0.8403459583768755,-1.7813000364331468,8.291912216463377,5.022290673197857,4.253395491393258,3.5766525909212774,0.13161911221631864,3.43352335460139,-1.284558097622785,0.41987957658524777,4.299805660006399,7.274317385034394,7.115087652352276,8.570831449515282,2.2679937183106067,2.6694794270389948,1.8683229754044384,0.049060225054276714,3.682576491101346,2.7177712417667657,-2.0792572951882127
3.2353589201787165,6.348399641795004,7.251621739223671,0.7238584343750135,8.266235029998398,8.343295772416555,6.439420424362905,6.580573959719468,4.283290513249075,9.80314717959086,6.393288889798252,1.5506016199761088,5.655063954750449,7.774921795419751,4.405870008903312,-2.1721945648464014,0.5993112243445758,-0.7319667403752762,6.433858167873279,4.294619030471675,7.242991645989919,8.829594494545015
-0.9021195066418498,0.49449132291542863,3.7737510145293442,4.614565113350491,7.832597715930291,9.603473729192451,0.3281682395575483,6.596552148632124,4.76551996281708,3.2920107682231055,-1.3889840138977945,7.125832287964975,4.038604187249441,7.68873806414759,1.7357850538038488,4.490106006640431,-3.074088972506408,1.9285393873886425,-0.4130870874008006,-1.3787375007051355,1.7576193566672602,1.8356581132800607
