script/wind50m.json
{"header": {"parameterCategory": 2, "parameterNumber": 2, "lo1": 3.000054539987559, "la1": 64.9999836372058, "dx": 0.5, "dy": 0.25, "nx": 34, "ny": 52, "refTime": "2026-03-03T09:00:00.000Z"}, "data":
[rows 0 to 24 of 52, columns 0 to 33 of 34]
20.674960768838083,20.126759209712624,19.46457115123796,18.295042161194406,17.088955272965826,16.155507116296008,15.565196723327363,15.012641581581697,16.056858516902558,16.935318035190505,15.806028020865012,14.437648838236125,14.35154306151444,14.427678427007342,13.800589951838916,13.632097444084094,11.185310427242465,5.516794996951783,4.535078161540075,0.0633285652373919,-0.001788476255982692,1.3389964825029907,-2.5879424447535797,0.40234590108832213,2.3060713574548406,-1.2677759987679391,-0.6962318461654002,2.1010534612306127,1.7067421744236486,-1.6163649976607428,-1.5885703521330456,-2.4152255615686498,-0.5276298290299203,-2.572819832014359
20.60986545472977,20.185994498743618,19.657937623868655,18.270133670751548,17.587085023281652,16.500127113179808,15.813558608752922,15.684514365170026,16.51010525426014,17.39224411214018,16.126088108403856,14.837091236279269,14.71686388180404,15.977280576679776,15.068771481879539,14.767838973397826,11.256586167043652,6.349299023731895,8.000478280469745,6.289179568299814,0.8262540760257222,0.07933275203119189,0.5642660947323181,4.513782343251154,-2.335520700971955,-1.9744901154201102,0.17226216914062933,-3.120109627685114,0.6730801298928327,4.352731888066759,0.7495929937263024,-1.1379030623888302,-0.5304008156824292,1.011598881292628
20.67776273338907,20.252249051142634,19.931394014297087,19.05770650750015,17.540994565158446,16.59046043809812,16.650697329542066,16.038012449815334,17.383131004193565,17.772968957220876,16.50473190292178,15.993144219088723,15.614470884291364,15.301360482884432,11.31725368912776,10.74384322246752,11.36163874097043,2.772978960564413,6.345252903154445,3.183019352946322,4.2253081431062505,-0.6742113530790438,-6.355198552259516,-0.7530548804474455,-0.5556463983159016,-0.7214906862368896,-1.6464953244611795,2.3532428732243322,0.9267007804435268,1.030005915676028,2.5314417405441105,2.0661954306166113,0.22708122965097852,0.23762167105424384
20.441163348968075,20.512682639592704,19.616481086665647,19.012502442999807,16.93854586660995,16.62004579075224,16.7868662300221,16.809960304957933,17.432260024328958,16.40545639258151,13.163742878530524,17.151960401291888,15.044884571065648,13.392680633356745,11.166059923718636,9.43854031393253,4.501392228554957,5.726559143832502,7.47472812192185,5.524926413309911,4.827939843206439,0.6139009027162784,-1.7557979826673507,4.466000508934157,-1.445802552702466,-2.6555042442525276,2.385445101762633,0.0828723881417894,0.8183109764761585,1.9257397512238417,-0.9034257997150048,2.427737140485619,1.2623508393926837,-0.3952643665083751
19.72283106408109,20.161159822215385,19.818981462940936,18.988357363918293,17.395819549962752,17.358099116833085,17.336287772495837,17.773904144960927,17.123715682060634,15.982757300881387,13.39177916202196,14.835081804988697,12.832723906024711,13.472142475929376,8.048610299747217,8.687320056399967,11.0164804921859,4.807631406418683,8.01850226313551,12.699504906358285,6.919691319128946,7.358113118572118,-0.7392800621660093,0.7274856966218374,2.1667025046889283,0.31165135241370007,0.5898637165664555,-1.365569784623711,2.2525178568778554,1.4650565901470278,0.9155462661622008,1.9351245375951256,1.349591739452973,0.34445183873026064
20.184286304984553,20.13637283880736,19.495279376261784,18.86368939276314,17.390210600825014,17.840699841442078,17.494523448081058,17.64499433687191,16.45824105323345,14.130539152550858,12.201100378820575,17.654289181855454,11.788709613120966,12.81162866124318,6.0261269780085325,7.530047318651191,6.0838848325944666,6.6054033134683765,11.572830930576632,9.717937419475755,-0.2976257957233229,0.14778124456859654,4.4751107429357155,0.5835490952201998,1.805569172777316,1.293308160337605,2.1649648873813105,1.3212535733164088,0.3621208582602421,0.4048757728610055,1.5979257534775617,-0.39427617131292275,0.3536631929987028,0.0979778015461639
19.829801879465442,19.675249830651186,19.305226991873365,17.671244568869547,17.439615513628596,18.43145015312934,18.115650051762216,17.308907035457263,15.861022380007345,15.759629736280587,13.169197867473597,12.498449529534513,9.367174772567262,8.742003804592033,7.4258943860553925,3.961578276048236,4.362182497529064,5.154800147539799,10.682587650885356,8.299011894480254,7.447916810978805,5.683474397740839,-0.07825630619996957,0.8480953513497523,2.9615665010580523,1.5830344702946144,4.847612654371353,-0.4598155306089596,1.041310142443861,2.318008017980641,-0.6983919595806152,0.3245645090533475,1.4055517612834236,3.579496423606145
19.092455805093156,18.829419449439126,18.11837940592517,17.439053054335048,17.94393103730894,17.15961346311126,17.273218967089413,16.060225015098776,16.070397689071324,13.600016152350264,14.856809779758132,4.6461576866667755,7.027317570299491,12.723987662274284,5.673280224014579,5.268950566299485,2.508123443534682,7.657539995192206,11.004997814263577,7.3427443997388,6.844810707941798,5.217004333716341,-0.1905590192503737,2.98324791373224,3.4593698131136863,1.9978588352848878,1.8829669478489799,4.748365634040135,2.1053365970718314,-0.4622744030066137,2.707937123901247,0.3241827493288264,3.8349125808128,5.020514550271906
18.244217403154856,17.932928605391446,17.143926958759263,17.0774039081559,17.307481069683945,17.12434312600773,16.125336004331636,13.893157816231243,14.1577698303546,7.196940384473413,6.644626932976813,4.535813019117342,8.387504014640674,7.61293445435314,7.654024410192995,3.677667091164182,6.815213601401292,10.861645864263066,3.0110595001998695,6.436633123863441,8.730906004701707,5.697056382834203,7.455348930370902,2.7026769636742496,2.6952434140717823,2.867312164884395,3.0220054691383487,0.7934011689155474,3.2232794830463343,2.711536993310016,-0.8167177757497053,2.3783090395318083,5.0212193218601096,4.689899215387069
16.83591487710658,16.74087618135162,16.61568416278141,17.110256314419374,16.664857879318884,14.75883100197056,13.340061709826287,10.971085940587237,7.331246621715203,8.949654003388664,5.421002622781993,4.5470233323218165,10.1956286126106,6.7099526440069255,5.471553973773361,9.680627097939555,8.472831529933302,7.178783242519893,5.680127861362737,5.159692854243214,9.066292170122036,6.03656234826711,5.209672236321582,3.7083431779395206,3.017450526383676,1.6624191136437643,5.894903317562276,4.628498707863653,5.165893274782316,1.45478288580049,0.841240896078764,4.3608086587467145,4.739860842364275,4.939543348729142
16.44769124164329,16.014850223720266,16.30748680863429,15.739825339227167,15.051963970681147,12.709710734129725,10.988177335885174,11.871344744993078,10.895209750984085,3.2833249555022888,12.411285492901248,6.348773344449356,11.47260376560317,13.133996045728919,11.835594876607074,8.593854050981367,5.899827075552112,8.577695267280863,6.896902479257411,7.901193435079967,6.0878035730090705,3.371337724250514,7.139373786041017,2.5702376927307875,2.0880153634507947,3.607245445245875,4.093932579892067,4.362523963945102,5.520204794685243,-2.090215002252081,2.774291711372125,4.023257087215967,5.107880979478794,5.528221224576887
15.430231618048122,15.982716412003436,14.630582874779027,11.450388426241298,13.300693436344243,9.695532488780687,9.262762195141137,5.3947789786026314,1.1689997134475194,11.753394960127668,14.404199052087645,12.294917978963962,6.333722889338902,8.915748051098745,9.68624995316893,7.570068223137618,8.715479413228119,11.398385463759416,5.492827220318519,7.503435512389325,7.185538397715723,4.164289536547267,2.262631336287393,6.910507308383666,1.5297743005690456,1.1283519306281469,3.8090357741500633,5.4374710924203535,6.362365645495663,1.0399854230210979,4.032981357429874,4.390440658853989,5.014731087321363,5.87374590941756
15.341710487740635,15.336677355994448,10.557098248506051,12.263835130797581,10.594457238212492,6.093453562662734,8.529393083026246,5.650638855688203,7.564101164387873,15.58619548260496,12.116158507835536,11.20053947275895,14.459952505233192,11.655744963663132,8.577243647999136,12.386917227319062,6.537574205238675,8.308637162346805,6.250489761291407,3.9592552677747324,5.90708152488592,7.179760899703755,7.327408542367278,3.3084171448108686,3.2304455333681985,1.372909132138828,1.5068776920012694,3.958499652476286,4.198477496120857,4.0840899098027625,5.036187790547657,5.222514614120115,5.382527840003383,5.289931422287516
15.148582595504788,15.344146242823804,8.864138461675012,12.98410911040252,9.285015035512494,14.492441292350112,14.605606589325895,-1.9768612441761817,11.652081655292006,13.198062736847058,13.811743618509633,14.858302181921658,9.113870170434142,0.5167346050564035,8.112482714549438,10.61126116440366,8.266698258816461,7.431770149987626,8.04141457190674,7.56199262870877,3.753630777729733,7.001983743997128,6.976604286412909,5.565253519158103,2.464830716368458,4.973607220938843,3.6085928476798395,6.9904033349694465,3.18047362280709,2.3615642643482757,4.555154633003047,5.553928577290455,5.447655239549197,4.648145832405945
15.989177038343591,14.351771611406255,12.721078914055795,12.80583158236391,9.33499102337894,9.469490734517182,4.08368477088924,13.233666070690635,6.296419093630077,9.591530668422854,10.600645986099394,16.82620499577213,13.94551277023934,10.322279263476178,10.854409196703756,10.500941640563141,5.762511781435806,5.139965391205741,5.464339331484376,4.413955862816724,6.136305262938666,5.887247971058089,5.617306191959287,6.1895127934927405,1.2933939330331352,3.1992132897275085,2.903542243551071,3.1366278642314227,3.168219186630749,4.857796236679213,4.698613164549417,4.851635794740595,4.6688647557409215,3.9379013100608513
15.454583833223447,14.435618727146707,12.710579617228511,13.024775315349778,6.9200023877412,4.518279543874574,7.484874844888134,12.025692895708094,6.430967542299311,8.007203094164545,13.85230833289051,16.460572174262392,10.1762507739694,10.383105152564069,7.074634140960853,6.175905048351895,9.898199814074836,1.4404973422888576,4.837252333090478,4.015264411062019,7.816014925928818,5.359960754839285,1.1821941019174864,4.491378796056184,3.358921855136593,3.9666231005312778,5.4507710126124636,4.345950369525982,2.3261980276835783,4.246223093149604,5.649676022199527,4.855606027247546,3.6970682232797825,3.746141856790607
14.672047168603502,14.586611064135043,12.855689288761821,13.149470720854698,8.773170400198428,7.7614943442308775,12.59457770133948,9.315722959006129,1.9522766525254567,5.444617703598954,12.521539899725175,15.828795739532382,10.089152219445475,6.492979043984299,6.558497438682346,-2.029898881117003,3.477575321043604,0.936210410330352,4.742677341493304,4.474174901950112,6.089678219397567,6.486813631945367,5.032107873871119,1.9066583776097772,3.572699881606508,4.043739773296813,5.070480267241477,4.130372713996449,3.194018504179058,5.183169487195702,3.561007698497635,4.657389810551642,3.3598942146219386,3.7133551277554435
14.36876596239314,14.054380989096668,11.822352799010133,10.359326643895637,9.512976494343274,7.075259528440615,10.864242002855796,5.929947205591162,17.074812085060124,19.95709961950869,10.11196619595534,10.91654815830235,6.651942259322228,9.626767927605547,8.316395960292782,6.898470800936008,3.258921849006132,3.181886468162379,3.7917050107144914,5.283556550128444,4.810372186021204,5.454862074804686,6.0088826563568976,5.663577074048397,1.5658576830915016,3.678676821969322,4.557332200954146,1.6365855699048115,2.82630063479433,4.776524150829779,5.313955125977844,5.2337730910584845,3.0346238798577168,2.43803032460978
14.57657193645561,15.020500477025083,14.063212457889216,12.846741340016324,10.721721030053082,3.984431695594499,14.976079617001572,8.057198048961663,7.48801451703593,20.09394498423518,11.459004469269292,9.915850419201897,9.0402461877719,8.091790262879524,6.201445214188262,0.931891837057552,0.3171546494606705,1.8967261981988754,3.0365881232405667,5.610522090338742,4.663200986340162,7.796184601106193,5.9279395254444,3.8315597309003615,4.36933778596748,4.087566633408493,2.4598345369706993,2.4505057315856367,2.6356459359328857,2.154132619175068,3.8844412121751803,5.778681606160148,2.1312630331207205,1.0987858444719145
15.232911431723194,14.499917950118931,14.567451533111127,13.667525088116703,10.279541182403372,8.385922177458065,1.4174411956877535,19.491186433117495,13.022349783595567,14.88700983486111,14.01544094045137,14.428448299556083,6.021875047418582,11.891516358419379,5.510765693818631,7.650652288359597,0.40290988086621976,3.7354126897013007,3.6907338162257206,4.714341982895911,3.6257077904532244,3.3123274755193237,5.408436222480434,3.9229503838464264,4.374654089276062,3.258667322020824,2.018102617575115,2.981350962701293,2.4638055389728515,1.811351813886674,3.72811916502644,3.8622332066235385,2.962787297940291,0.4841739110557566
14.70282791927179,15.390068709734699,11.558553693901626,14.252333770721357,12.172795026480026,8.294644714859777,5.20391831840291,11.043482590321807,17.006326346889388,13.218172043742866,12.208166227393216,14.350752953798288,10.395380910453067,6.779551493794473,4.486145477821456,1.916780459542424,3.8648412115950044,2.4135050562241265,5.068651637147153,5.091587836261247,5.596126187832468,3.9113063066568725,3.815241797767634,4.160703719400894,5.717028030879301,2.3908025215872675,3.8501729604384476,3.3343516208342483,2.6807976444324755,1.7663374296550252,2.921738068660815,2.8835975057385643,4.020302717779193,4.068160484056655
15.381734768510022,14.67198907716833,15.955905923740643,10.561290876610316,16.363240095178007,10.12616415255931,7.961745849112511,9.938665599189491,15.756373975910712,9.582101872007708,9.656026722664997,13.425528577134589,5.132766932608237,7.929495066974338,4.518354805792049,4.175121871689125,4.16014358346061,3.208900359379132,5.757226813601244,4.396526938783101,5.449379766457539,2.14218164427145,3.140662573862365,4.977207420545434,4.900388280911009,1.518608463520644,4.528487811668609,3.080257230501747,1.2768523936876541,1.8272190897036995,2.7090316202416305,2.7247541268139712,2.333835454710452,6.081873500666459
14.389752072063139,17.01950860883326,14.503007949804921,14.170083023204398,12.399311012589083,8.450670910527245,4.87180149231854,9.061610138377013,20.101355579056058,13.940252601577473,6.14387492664489,10.776164609879128,7.336076444021094,8.290320305316463,3.9549952008686504,2.0800032706060096,4.131931470321398,5.409182035527958,5.067488953971692,6.614439210814508,4.477433910327971,2.8625481970743447,4.055548403371768,6.131250960744388,5.147881937143629,4.361343717536591,4.711644740725753,3.3993552669968317,1.9288811714271876,1.8813094548252698,3.1039333735308254,2.6076419132468276,4.156775248288855,6.099089955713139
14.565247444449266,16.468586772794428,12.905407133116434,14.58433092640946,12.048825654742416,9.309830422838871,6.188866866366635,12.358789208553592,17.82454696482011,6.951188046556532,5.959157259819654,4.6879526751416964,9.386003124947415,3.3617041197764044,5.346991757644927,6.662657410617676,5.366280631957996,6.114605657128878,4.976658211606551,5.726416338822111,4.588853695597067,7.028482340087284,6.300821445021176,5.639379075795579,3.4679185587120718,6.30636202542703,4.762613702213222,2.3939164996351012,2.926608414582185,2.845753774991675,3.3204398138453115,3.3610819490083417,6.78350402880265,5.9194690323464245
11.469100209079016,15.50024687441282,14.09672560907148,13.202444511401344,11.24308985835185,10.924943091932903,5.99659085633542,15.127201566523844,15.392439758101693,8.243946764820452,8.2919092120928,8.180341871545654,5.819902591680549,4.760705065719422,7.727173723423388,9.910563484830348,9.077819936672844,5.689892556140564,4.908486746778083,5.013124299939976,7.677141364919655,8.640174195821766,5.125406005579446,5.485983952922137,3.049418880444588,4.069019502645694,3.265339831858727,2.060148269613422,2.4683429510598818,2.7916438615783803,4.117431423261855,7.456602190570443,6.207343155156862,6.148123719642976
