script/wind50m.json
{"header": {"parameterCategory": 2, "parameterNumber": 3, "lo1": 6.000198445256149, "la1": 58.999992894266676, "dx": 0.5, "dy": 0.25, "nx": 22, "ny": 24, "refTime": "2024-02-29T13:00:00.000Z"}, "data":
[rows 0 to 23 of 24, columns 0 to 21 of 22]
4.3797301544732985,5.628468140479982,7.235099990909919,7.302812705033016,7.805748785613536,8.999533906851811,9.56027445756754,5.356184328107092,14.00984795843345,9.45822111935695,10.705637062766591,6.6175545021703845,6.109257919262359,9.693001144411918,6.551725310282813,14.724223619297613,15.283913445222636,9.62990854375513,9.697041079252358,9.983869058988471,13.486815374215524,4.346708682773336
4.63178167315241,5.148239983647811,7.515833469196806,6.93779962969262,7.203640196033901,9.468883650043391,8.422076460202485,7.296243911371212,11.833258284630084,8.368128980323048,13.403551757280583,11.341266598555215,6.806143325993132,10.724657317025892,5.720774027873884,15.191755582470792,11.300389027802899,8.585851226284994,7.468721587098223,7.7439120846903675,7.833058785752388,16.089071268642076
4.473975771087331,6.248785821277683,7.907422262047109,6.2860632880007286,8.208052930811647,5.041825641543389,11.438257088630198,6.110432229474619,13.631178541530783,13.618300409446285,9.932540022615735,5.395836144057932,13.913255087638305,13.458891755914328,8.838974527465751,7.102412966903891,11.389024913502649,8.742984793108166,9.259027121783795,17.56051569184201,17.184528086596384,8.048274354504555
4.922254591735729,5.529922583935759,8.100271980678666,7.029305434384213,7.667877642001484,9.6323395032766,10.527785765866797,9.989826695043117,9.651538751479347,10.379597182964075,9.972605938900985,14.06216950952364,11.553460544921414,7.748305287888341,10.668403860034667,7.552469487835767,14.395833054395965,8.281339304961902,17.399279443438495,10.220848163314354,8.514528879680883,7.316043567578804
4.035688019692508,4.933048724040937,7.704673957050867,4.462805192309459,9.977287168126438,10.951177622933434,10.124452942459591,13.275758527717308,13.256766960831623,13.324685744180291,13.1930937593478,12.338955233901686,12.576424054162926,11.121713030841937,9.910825513011389,8.62671284255047,10.741978612182727,9.036080490133292,15.605484748453788,8.245971966572402,9.720390658953486,17.044786857437625
4.2271423612918,7.097006269483378,7.54330920310142,7.925668842510518,7.777121404140192,7.685492142403658,12.344109550552815,5.513795052287069,10.55340771399918,6.906313263294145,9.472677921278327,5.768362317082786,6.5274224291177045,12.508259616096396,9.170487258528569,9.33995574577721,8.256389092577436,14.572160041014737,12.496995179984374,12.35628229994097,10.980853811121278,10.498120018466993
3.598965147845329,5.818838935766137,6.945417648344007,7.555560840441288,7.468249975024169,5.217222333141155,11.550346572655933,7.831608294225094,13.288894232097116,14.225764340328487,10.42399081584738,12.898872417227077,10.630465735128398,10.40978301437946,8.913185119263526,13.6892036834417,7.114840255479525,12.457034475165504,8.839547901082321,13.656535071182859,7.870983905680707,4.4072523393156215
4.378535991332031,5.91949747053246,6.454884965257201,6.909096247972885,6.833357632571257,10.085567201655396,9.661996645608633,13.409382373848201,11.382691588967852,9.906161942081564,10.079230859486216,8.110109350890033,13.873445070720106,7.989506614522398,10.89988551194847,7.692252431575374,8.753021653115647,9.712010221917339,16.675320269419938,7.706021659581097,10.315341779337468,3.9377999794227665
4.611575693637383,5.169973772146229,7.215230747993032,7.564326023432754,5.159130581082143,11.771186421985721,11.952170062645855,10.973801703794656,13.38831323225139,9.449668162296353,10.506282325189792,8.412669222731516,11.870796638793095,11.219701976992317,12.582045897149026,7.416310002171427,8.225752059592432,9.186020436855912,13.376219809992671,8.398347038457024,8.537446166340809,5.9644802175425236
4.595771170236183,5.731229182611202,6.687072694900526,7.729052243356734,8.816458017575984,9.327403332063309,9.382691751442751,8.832129510366606,8.978260621042795,9.910865350566189,13.820705017144723,6.052753058690202,6.664791164537326,12.99279851577014,7.625364305299759,8.468000544234025,7.6468189442197705,7.5914704941646,9.426687662652059,12.646769076260789,6.285556216985147,4.509608325890767
4.442690544931185,6.741289062798421,6.772259878982724,6.978257331795736,7.833081477677795,7.426163344323207,8.507451423820365,8.015056599439577,13.334868046617897,10.072047034286234,8.421783877334342,13.273482104668185,10.024350260554119,7.715198489632266,7.120010910572387,11.258157426588177,15.10656945502259,9.669894578667023,8.067087795983142,8.983795322980233,13.412949690250167,13.912719281376043
4.626919713762327,5.52877539766366,5.934691148630375,7.329929202801929,6.544495821224531,8.122364710547137,11.848069276167909,10.472307518704232,9.640717453061768,9.7674116923171,9.324282497190088,9.120612347872653,12.82330482272999,11.901402344641859,7.595643842253071,14.884184585450159,13.452952153942745,8.85180839476469,16.37310103179862,8.951270936988633,8.636777134319718,3.893240655732805
4.2007167614999394,5.982199687551473,5.837981792398989,6.1510806297730065,8.165149621068673,7.7030767096844395,10.709061346582,13.181809801029278,6.999893258544432,10.24350219327867,13.779218286164925,5.964748606587315,8.772808827038022,12.155551732866517,7.369734998662085,14.969465480083995,9.4842889691565,14.806082802234679,10.73084571873478,14.943319316720402,9.679231668713744,14.092447747662229
4.093413122729055,6.493059306548602,7.2024598773611315,7.175452338055874,8.304736489147647,9.724522057542288,7.308767251056204,9.324514105152241,9.708210825719496,13.538162883824777,8.099605577196854,13.047751127164757,6.363422613832186,14.60760673766639,7.204316323917368,8.736313997041373,9.074288085437146,13.93283095785635,10.556667294931735,10.15015358616236,12.762978771071591,4.083305258128092
4.275531768073547,7.2489886938374415,7.323835503841246,8.32040505096722,8.020364885068824,8.36752218472944,11.751310534285928,13.170682206005269,7.268268175677163,7.0033038409762085,8.900738696320886,7.828981888535213,5.486739490481486,9.403193846630487,7.135812318123205,12.16375109084074,10.287750106751348,15.331284473995712,7.968717886135311,8.51828072730532,7.713161335130784,8.555640306563635
4.233548245047509,7.64271466224759,6.929620599059268,6.407439045399179,7.256221591188184,7.424055767214894,10.889023071699992,11.089141694375323,9.916436799949068,14.187435554470435,12.772136651905102,11.575108533964718,12.183576621258384,10.082368172172222,7.285322817371464,14.43777358513384,11.575421776736968,8.458123579137519,9.323035139298414,13.129361180459073,14.59963380919346,12.874529776056509
4.295805618620148,5.987976044248132,6.5427278644972535,7.910042899787129,7.2211919974840875,8.275642425700529,11.626104360365478,11.7959206283946,7.257136201249704,7.832059817598629,6.052841191398781,6.1599711188349655,10.38460129250449,15.153039961940955,9.820075058547733,14.89812653592844,12.793851045214746,11.460766886821286,16.36013468580505,9.108721976279812,7.625913816899543,9.72946342370335
3.899743666561635,7.0004069890255325,6.950248002290611,8.279257729506572,7.146933256275988,6.114625215055184,11.699395548605114,8.61459243683473,10.76225054568247,10.382233224329852,13.33708312899723,13.062055519220705,9.166248970036664,14.291052765084057,8.233727814783233,9.600969531643228,9.596200156028724,11.605831901259808,11.998976560310156,7.9452878463746615,17.78000766477788,8.998898623249847
4.177438206841613,6.5258018329324265,5.01457563796454,6.133174246622306,5.056175681482011,8.403763798842837,10.36589694566133,7.508037418770734,9.792522103392875,12.636145390117946,10.800357011949579,9.49929541643652,9.176329194831924,5.716026050480129,11.745880932661667,9.525567341603399,7.703313104204226,12.387836672902642,7.90514359494839,18.142704381668636,10.874636499041047,9.48462748680802
4.229317596730764,5.6069063465626785,4.7417832871519225,7.509814581952938,8.135353166745642,8.207820175250719,8.066602931928443,13.159755531218305,10.891099304788959,8.192990075927645,6.449575742034078,6.657677688675085,6.308970529013447,8.135047307995247,12.647704592139444,12.104800430838887,7.725296748341324,10.422115343092507,9.288616009226699,9.895209327214342,9.252804772021438,14.30082165297884
3.916443000722065,6.74805370572298,5.289301828151323,7.2001249629261315,8.110352425186832,8.080595755559383,11.743196430763168,11.038996587335955,12.916318575497836,13.982488018723028,13.087081476553077,13.004606942996782,12.435636216389861,11.551520694079406,9.013680118330008,8.8961468120407,10.649582730918734,7.587878690686689,14.112957930992197,9.296668619823814,12.578442555079608,7.860656838044516
4.54355784871389,6.100218483303668,5.906822582019117,7.006883946406849,7.521678399123697,8.520960828367102,11.692941232837908,12.7246735227774,8.318456580309903,7.748689992401075,9.25492368269723,12.337639373914747,10.150266889105824,13.172206289079822,8.908578709614181,10.537952290369054,13.7790996123905,7.645846583972645,12.528225150837214,12.226822781303824,8.639252211801981,13.618338008701539
3.9358401804264247,5.6810756261904025,6.5519586235368825,6.865852595418023,8.459389165658873,8.909653735269265,9.446639410414763,8.933539670313092,6.772879379495122,14.071768203004627,7.775431570205548,8.781023702483717,10.059576705718724,10.309402973148087,9.310596580047976,11.425045088607366,14.847363460441132,9.866290836743637,7.911995216400188,12.033987091856924,7.906662154720351,12.020206561791412
4.295017797431187,6.001291800064733,7.01795724439606,8.077470839620634,7.15638248493687,9.866365407192779,4.7497481840784355,7.075744532084501,9.760454155819223,7.670980088504686,10.659489913654044,6.791748163159839,8.31661938804807,14.751940701956551,8.04668646101343,13.899833769427046,9.393775950616172,9.502976416822142,9.51462188551044,7.71701969197994,9.21723420462228,3.8148949612120093
