script/wind10m.json
{"header": {"parameterCategory": 2, "parameterNumber": 3, "lo1": 3.000054539987559, "la1": 64.9999836372058, "dx": 0.5, "dy": 0.25, "nx": 34, "ny": 52, "refTime": "2024-12-20T15:00:00.000Z"}, "data":
[rows 24 to 47 of 52, columns 0 to 33 of 34]
8.966440826669649,9.45661271201001,11.305526063210607,11.050808934469565,12.095170136376938,10.361487238193885,2.1467616934379885,9.150070385589881,4.440875966758416,0.6378837266818628,0.7311515536342484,-0.3669094821588607,0.7247626266690722,-0.6457526133222505,-1.2288595090548846,-2.7664219073567464,-2.4129940036321154,0.6029662729464139,-0.06523586767667154,0.12016226911609912,-1.5599900153968418,-3.0546072066604126,-3.5002192845894116,-1.0873908383695867,-0.8482880593211346,-1.1017170705289823,-1.0068909272443185,-0.39254879808447274,-0.8184801745453371,-1.6336594329406906,-2.6967514351972803,-5.451694375187276,-5.732781543104293,-6.989676615314327
8.045164228969337,10.408734001379326,10.91548474233678,10.77238258341315,10.450854606296739,8.544181480938699,4.723596994607894,2.8454768522936535,2.4023360173248456,1.0861785235522912,1.4259200181779375,0.6091899631164813,-0.27875542760984756,-1.8863390605420998,-3.832365313896359,-4.283191098061213,-4.268613846108884,-0.2584419944968027,0.37376850571135717,-0.04533854238203753,-3.121277834256168,-5.189251999269631,-2.2281774568078276,-2.7859592246997873,-1.4267249750229907,-1.6540664526262137,-0.7111014347628426,-0.40163999244454984,-1.8724592236864757,-3.6123942385057854,-6.428497376093367,-6.505588952513371,-7.617759772822536,-8.72674379233623
9.238236692522486,10.341366411412562,10.379684372925196,10.262309107954511,10.389125847630247,9.926393544375678,3.352231792877489,1.7715217942626338,1.5174259309589764,1.254493917820926,0.9320970264233931,0.7708431480029536,0.5806555464770783,-1.864990178920348,-3.6880301680145364,-4.833281399613673,-5.2310949148367305,-0.324879307029551,0.15601555795845404,-0.9841885005180491,-1.3270076147351366,-0.3253918006529521,-1.0138225871077913,-0.8352077182282407,-3.4602698439746975,-1.3366054041248152,-0.9112633494455294,-0.9669535554256727,-4.096109184206462,-6.2993299926673565,-7.646644840893643,-8.16553699298904,-8.576924057871615,-8.754403927897565
9.375340722804403,10.203129969886175,10.02798980652446,9.488210212591643,9.691823131566766,9.049099357562252,8.066927285147717,4.033810198266636,1.407287360135028,0.88798743447405,0.7041245151708384,0.8788400583336292,-0.36863044316482485,-2.0458089359585556,-3.9221937546027017,-5.00121792700162,-5.475633846493878,-2.0271164399721977,0.029267252247839645,-0.29190312657558776,-0.5386957705223152,-0.1871452839861496,-0.31153643355556715,-2.1620605937269284,-1.5589099228604109,-1.4991057594704618,-1.216679870589001,-1.167507075838145,-3.5551633669416085,-7.040862302419644,-7.985866156001235,-8.794162941236252,-8.509069531052514,-8.292722326350829
9.657525756750866,10.137817179348074,9.53212668759317,9.808996350808721,9.296227074329448,8.85821412016606,8.520173104889798,7.115607108415523,3.8803938468471735,1.6961317720424065,1.0180100319557996,0.4239396282218908,-1.2181277543354616,-2.4832071102195235,-4.301840908733416,-5.609132762214858,-5.533029819380066,-3.841080485145402,-0.598335258030296,-0.588584867133109,-0.4554814726475837,-0.467220851912887,-0.7769700696521423,-1.7406203685807329,-1.6970659298268176,-1.412055086973978,-1.7374614383730265,-2.0455048786939547,-5.410392161050251,-6.726968606374112,-8.443666745521364,-8.594549076546144,-7.828774172823659,-7.548007582004615
9.355640535695844,9.55968246527487,9.670717331616459,9.566444524729294,8.929826417740369,8.591835544222432,7.745222105519285,7.416017449280446,5.754856999424195,3.20559237604633,1.9125854406784857,0.5248210734990063,-1.006607817056556,-2.934624662861793,-4.031233746008491,-5.54604928662385,-6.295003894121742,-4.634652940642414,-0.7574118640993504,-0.8368820999557794,-0.797276137659277,-0.6920768722628234,-0.6492603597134192,-1.7063041555969474,-1.4716023139731877,-1.102238610860513,-1.4512545254166083,-1.8448158508047845,-5.852452481884196,-7.229397055066354,-7.988645538989435,-4.673614870631846,-4.286423498668996,-6.3402481646532864
9.363490173679699,9.214154418428706,9.331767058003788,9.516620065884641,8.97794705123423,8.7459174562516,7.837464264927004,7.206424575353065,5.581532197904505,3.423351815125404,2.1380085156844655,1.2728302367711644,-0.51714873527584,-2.2299597829521067,-1.7140698911966934,-1.9732749393505316,-5.127298460697202,-5.007055458465045,-1.3510463468589755,-0.7530811643503628,-0.31518940179541177,-0.27891132373494876,-0.6636148391721938,-1.4544558595524892,-1.1063373130129845,-0.8018291349924961,-1.1462104495667838,-1.7412790853441227,-5.084821161845908,-6.302765433517989,-7.188777429819529,-2.5368416609452407,-4.478318738230941,-4.488130593844127
9.009537873175503,9.022140788438698,8.839130094947565,9.154255546835218,8.830697151906472,8.410178324002114,7.968606813067059,6.7229017356071825,4.7273503626100295,3.5911095239501036,1.835645030576755,0.27812515837421836,-0.3331799758757855,-0.13668774716041132,0.11371958643591755,-0.17149305657572295,-0.7026524519188528,-3.813873321973527,-4.906402195965732,-0.5333301204103387,-0.3022528701647491,-0.45621568131886187,-0.7426251994026777,-0.6863829338939712,-0.6915138610731495,-1.0422411775049345,-1.400143209384108,-2.716992804910796,-1.5347216819911877,-4.351641317925629,-7.325436239492438,-2.64456727451774,-3.489408604451253,-2.7985849162929375
8.938496474913611,9.003264718437107,9.093047442643245,8.97463404192467,8.632001335711058,8.32548514598214,6.880245904770827,6.210626543971029,4.487705778502795,3.2144554626359403,1.9275999931697232,0.49396841939929964,1.858839318871742,1.8416891490338627,1.1783994828622888,0.30349680579709454,-0.37703840451335874,-4.274600811344683,-4.693131360401918,-1.670179501251905,-0.26654345924552636,-0.6334164620339421,-0.8825252820948042,-0.4143260221501446,-0.5496781346738334,-1.0434157974321983,-1.768406556240497,-2.5098488178899387,-3.135591232247084,-4.730443273165867,-6.158841348163621,-5.317866271327467,-4.121597350645198,-3.717902177676734
9.07965247800469,8.969679877299777,9.310786591609679,8.895900676437511,8.549905421534708,7.952709443557546,6.168463619606481,5.191475842901897,3.7782805939568163,2.7674928041893345,1.8797395583572107,1.3230489592014267,1.5610411482689528,1.1590072932619775,1.3877519374034653,1.9328842836495597,-0.5854708123377602,-3.2075530594715245,-5.5589210740103745,-4.294546032197649,-1.4339747589815766,-0.1983008469626671,-0.7648960172921241,-0.8119521126071191,-0.7168947220412656,-1.319752994769771,-1.2648730091917588,-1.864774138634047,-3.036689229145066,-4.577189013794831,-5.503310642300922,-5.238340146866877,-4.660548669856479,-3.436544476876162
9.246926269674548,8.932826010336983,9.16426758984796,8.627697865152076,8.445418418860877,6.899811313175273,5.660106097065215,4.694844759723648,3.121612688395129,2.6322953338484703,1.6546785867257117,1.397359962688561,1.3121575080803134,1.146165081119438,1.1304245836723623,1.8473129928328196,0.6144300258979755,-2.4000307848906868,-5.15347516831833,-6.26618425099738,-3.166792427798132,-1.1181594856447605,-0.43181052193831226,-0.5731360305775113,-0.5134718490371133,-0.8910743849158573,-0.9775128792241544,-0.8977336902272727,-2.805124964376623,-3.763355507940259,-4.4272242596173985,-4.1403449936308805,-4.19137232472406,-4.1429277210733835
9.233284374605171,8.844989677048655,9.160053277938129,7.9444786904227245,7.228614356661241,6.0066704702588325,5.273823464684078,4.432357716947625,3.0202117511211553,2.5140378046511214,1.6234527040783087,1.0260799713386985,1.9435780674752583,1.1528680257800925,0.7904685874437055,1.5110726847146658,0.7197118105963997,-2.210865586178535,-3.4164431445015815,-4.795778898795227,-2.2202879194580025,-1.5434612682486755,-1.1838044432717407,0.0048426303297862214,0.0036562203928361685,-0.6620695800103702,-1.2179148025904392,-0.9757890093937255,-2.208236982526674,-3.276238999728597,-3.4173688149488677,-4.003554367499809,-4.01662641345138,-3.54784510409442
9.200184812208706,8.718723762290526,8.011864048402716,7.201035136717291,6.486998078703026,5.484762648416361,4.789632552684876,4.19980230273022,3.0875245565767124,2.5587052977572733,1.7065641865557024,1.0147582738166325,1.3626151841738205,-0.5780959909862486,1.4998047169236601,2.8332475682711955,0.6316080971911145,-2.2308204139898624,-2.1360575709482243,-1.8754614609840579,-2.810892115194628,-1.5256209619308192,-0.42853194594683536,-0.040296181694622464,-0.973317071518086,-2.8602279196746743,-2.721753231305897,-2.393482949220494,-2.1474523967458397,-2.715921954964979,-3.0545156464695165,-3.287492840641669,-3.09065763512022,-3.5486522470245707
8.661686368979403,8.432719379401343,7.702586608288185,6.187072272562985,5.920761428470268,5.192558718983582,4.548050539235197,4.182132803603038,3.231087875252506,2.620443047258749,1.6550693703524713,1.2089693202414251,1.5054768806479597,0.7848668423499319,0.054081025526686324,1.1837540664782409,-0.04579701012812441,-0.6254868716140254,-1.4229692230401512,-0.9909808874558299,-1.8666045798171547,-0.9631122575248993,-0.054231883741651894,-1.0137058525449794,-2.363706660442356,-4.592344345718558,-2.929477448029377,-3.6451333826498984,-3.393399949687852,-3.360067180348189,-3.03071624701611,-3.428840743892643,-3.7287030402273196,-4.352004397842274
7.9856031800837926,7.584194748842466,7.297533208570669,6.101487672129192,5.269761429128002,4.950524524872986,3.839602051115003,4.107033525539235,3.30548659092896,2.4723069868637535,1.459528291141621,0.9969153165905619,1.3158022008626584,0.5891995945833087,0.015542544336035436,0.9106117576623035,0.3263285102079046,-0.3664835559005207,-0.36996281489021815,-2.070424493210671,-1.5079940028313756,-1.7984939128306614,-0.6585424763629455,-1.266900710184515,-2.5427668233048193,-2.9570607883604207,-3.783964829776432,-3.467730340730692,-3.6559985711843095,-3.4502179160855317,-3.691153358305316,-3.4484048229879734,-3.6252595873533355,-2.9147251577126956
7.397945538580977,6.843852658869824,7.0179554974953255,5.836932063807088,5.421892137411019,4.884397185554139,3.5068409077229195,3.6839374621585272,3.2377435034230735,2.456316898755035,0.9269654549222999,1.137367235771317,0.5626316494036007,0.9760999722537759,0.8202448968723793,0.5051438471204622,0.19121840248262595,-0.09596493128782625,-0.11706867650749514,-0.4943530070546002,-1.1474745205025094,-4.0691072281845155,-2.806798152397565,-3.0512662063327682,-3.03935067198596,-3.7206521945356106,-2.8694654183121555,-2.815338554086286,-2.5416316950095417,-2.9903358040018198,-3.308663381057049,-3.139680725317211,-2.3438940957953722,-1.8015957901819588
7.072772325546434,6.953189058985247,6.8962381531544095,5.723772679992053,5.377573547334946,4.713816764369807,3.5525625335372837,3.508770069448068,3.2642446725613237,2.066484643890527,0.06174112542948885,0.549250207428557,-0.30083117249636765,0.9929148561350519,0.9496254797090196,0.22763151411908655,0.28594528390290297,0.6638997168863867,0.4070669492852672,0.5639974905302125,-1.5899703651904662,-3.0892766886585195,-4.259787914970176,-4.816172257124849,-2.586188255125418,-2.794014905829461,-2.7704289625294707,-2.1494512309598375,-2.1923253424051734,-2.247390864580329,-1.8663115290977983,-1.5519378951088323,-1.0803043429324044,-1.2152487717826774
7.8055746992364945,7.236453417802548,6.970471019818646,6.167823188355427,5.657193221364541,4.647431666795486,3.7138468730738805,3.672896152656687,3.1751164208330755,1.2184183860341444,0.24151781544274137,0.7846877664489623,0.7710855867463017,1.047429018590594,1.2605453166001652,-0.08848443053976018,-0.17336580166087973,0.21520744653786145,0.8083897888883087,0.05365049221557691,-3.1821010523290645,-3.137880520607214,-3.5299469803717867,-3.9225657069674025,-5.026089364681227,-4.142531068588629,-3.78953214150739,-4.076795020972878,-2.8848122326277084,-0.7794765964867157,0.3216808650622207,0.1022326840732834,-0.6221997753191442,-0.7878480676773955
8.260639022445336,7.610208543198104,7.482438784214084,6.512217243810621,5.640279632292233,4.587407878732215,4.220890531130904,3.9183091591106307,2.8509643277172256,0.8578406299513004,-0.10543882932015253,0.3226281506190381,0.21684630505553368,0.38442377366435165,1.7915574261029743,0.9536571707462601,0.5293450860811697,0.4584678431593896,-0.3484569916992986,-1.7790804093237766,-2.4463867597135804,-3.3491459069299006,-3.530413727422875,-3.8088019381128957,-4.023367327572189,-3.5629958717843144,-3.0108829180367804,-1.504881313892622,-0.27373764751342616,0.1338164618930873,-0.0824000202119443,-0.20876782130097105,-1.050841452941242,-0.46382874402096474
8.918699111415785,7.801889626747684,7.140216238729896,6.6504266290188765,5.543387388298474,5.041105149746593,4.662026943633796,4.276791113481466,2.7138921099370186,1.0378503017138534,0.41857529023719847,0.6841187095285782,1.5167797112067543,0.4549817922136695,0.38058677108432043,0.605484917740709,0.9390160588402339,0.8081695147283665,-1.4756135105791317,-1.651735281947498,-1.2226050345657968,-2.834664619923711,-3.2800446897073607,-3.006569688853168,-3.028429872821154,-3.110044801299272,-1.709077908237308,-0.5976940108145353,-0.4591490240774803,-0.2085456525531087,-0.367676324564768,-0.24492219026921616,0.4722469984358975,0.8416895281876579
8.804841905811738,7.608086835999452,6.689111783265684,6.607009190269302,5.906956046815178,5.357610783627513,4.745023058513523,3.622867710330695,1.9395471205495634,1.543794894062758,1.3508126743013196,1.3041945211347035,1.3342748224849514,-0.3803257266090884,-0.139497947714111,1.1320708718790053,1.723139426222341,0.6344842655969545,-0.09656364023789747,-0.8801632138335781,-1.4742393968708647,-1.4655587642338197,-2.5594500614311926,-1.1053889557199605,-1.2350716137259927,-1.8446978447696203,-1.0911300958798258,-0.5911488568821204,-0.7959459578144222,-0.07921943892471742,-0.02597740770711508,-0.20642451460613503,1.1760458636810482,1.8782866166204846
7.95197780888366,6.801886412954004,6.344026974549039,6.898322986270084,5.421235536928992,5.018423305430138,4.712343626982809,3.0330967857774636,2.21449036094007,3.1757675807418404,3.8508034358582934,4.241708048780675,2.5284904479371377,2.0068944536008955,1.325297953919609,1.9613343181979561,1.2890263767671495,0.4469236734902824,0.1804452305181781,-0.6777061367646119,-1.0277345178993378,0.17532330451810718,-1.0204632613381173,-2.7479486822708363,-1.9076437670376167,-1.5847059981773768,-1.4117119710785224,-0.9479051330760507,-0.3894160993861281,-0.614103922484358,-0.09241786064819527,-0.13000787803473782,0.9278410239564884,0.8099996610730876
7.514535593259497,6.455280225266228,6.150260015372296,6.314983438372612,5.252913434783505,4.660399991598651,4.032447240268122,4.394151143523173,4.873390099565015,2.2836518378202277,2.359304677968899,3.5151144484844576,1.8571901999487757,1.2729334817200588,-0.5862184391281529,0.5707359993529895,1.321751715783821,1.0795884064795438,0.2873168857718844,-0.3303165358666058,-0.9817558588284828,-0.0344266901567666,-0.8864698319617407,-1.3335365196502826,-2.6099861653961827,-1.448107417879674,-1.101505992090195,-0.9674234824470894,-0.9634959035990286,-0.7071057337947991,-0.3393141764899162,-0.31706369778945115,0.10582920874150055,0.2872839513063017
7.008736061842343,5.794779429804674,6.196883186595971,5.924368504022855,3.8507830959425364,4.460671203324712,2.5895511975380163,2.7804295036329365,3.0193786012283503,2.9601262785124294,2.589733825729602,3.6321240498475014,2.1172853220549466,1.6783664647521623,0.9265285202718919,0.869281399903928,0.45329312214358863,0.4979160943421978,0.06850267479657181,0.6667156526818928,-0.03396292809850889,-1.0085588297137986,-1.4103921477674044,-1.052801830822804,-2.083919863146425,-1.686736117157895,-1.2219912948380345,-1.311651628792892,-1.0397458594289428,-0.3346752066528883,-0.17136107998302846,0.35105302222982304,-0.18595340606178212,0.15117729457530357
