script/wind250m.json
{"header": {"parameterCategory": 2, "parameterNumber": 2, "lo1": 6.000198445256149, "la1": 58.999992894266676, "dx": 0.5, "dy": 0.25, "nx": 22, "ny": 24, "refTime": "2024-04-11T18:00:00.000Z"}, "data":
[rows 0 to 23 of 24, columns 0 to 21 of 22]
13.1373861406429,10.872610151127356,9.386949808667598,19.784824332950105,6.055234491325203,6.855132446278666,11.46292533095764,11.056440042197194,14.113507941208464,8.681717621378542,14.226038160770567,9.995340076928864,9.486785120848372,16.981420883912282,9.111646859756336,10.539772032519506,10.798297999586806,9.774729828247033,16.361877369830815,11.814243362593558,7.07622275780054,15.90853174078861
11.455024839597929,9.535410066010154,8.682654382559095,15.160624857122617,7.4657402222876685,18.93640163058384,6.206408514699841,16.99552462228104,8.839638035992868,11.73388790892659,11.07859398866106,7.092705651802267,7.894107052839735,8.77641949041028,10.910052081110331,8.302906720532729,15.550677004970563,8.592315991438781,8.9988240433983,10.458701600369645,7.180247352386031,15.806136376063645
5.95444687292427,18.084856214969918,11.11357571153408,10.09805139427178,13.420936837030828,18.569697044481504,11.756344488220158,7.826459818013609,8.25978404863067,9.470900972721278,8.261239219230905,9.759248633012858,14.607224431835785,17.5966231694658,10.258290614419826,15.250117659025399,8.799963988694639,13.860200078553675,8.592355493695642,8.603002861776321,13.7774331196732,8.792829892293485
7.843358860195744,19.413051632086205,14.312027597745974,11.189081858577536,6.102178591684545,11.399730060127634,11.129370894709158,8.416325364929378,7.73885066383836,7.396245165234041,15.400969692896776,12.734583733382658,11.358451517734654,12.116193997371727,21.531467427768362,6.623957689953683,15.479350752478046,18.011357345210108,10.096402614006498,10.575225452231289,10.811731092402079,12.1988148776687
10.884578493105149,9.805568229143377,14.244067812036459,10.691164178362593,10.532053884432388,16.248465815280266,3.859084235529276,12.8639925689732,10.490441885723387,8.211708000557799,9.409699040756337,10.44999971400431,19.58706961095428,13.471706518727085,16.744812896875914,7.7520575904268805,6.722446669635813,9.187320585594643,6.866954155672251,14.195843834908123,6.329982497141657,12.312368036999015
10.482111451864318,9.058058509336316,14.444281591942282,9.215574640706103,7.957024668549434,8.630437023266882,16.182736187094644,19.279741868293137,11.264306186705833,5.777742694631749,11.690077810680492,10.215004994175967,14.879797720427728,12.453365075617347,12.13870274419426,14.726981806309443,19.515384224081064,9.158331929361266,6.572758392114479,14.477542904520973,9.606656338870389,15.376628564271641
10.623805854604655,9.072165138157645,16.17599027738851,10.995303470963703,12.162634734733482,13.931633542410573,8.620408820284265,8.872819007958714,9.426022192461362,9.321256154778474,11.559553362089492,14.503464542884261,8.449772363436237,16.099061462061314,9.091576104953145,9.647649550011293,14.348550953003663,9.114377949281439,12.278782514985211,9.16245979493344,9.453055190275727,17.631371833091986
13.285976271551313,16.570963459012287,15.71831762067444,9.57222532964728,13.077337650808298,3.602312336296334,14.322333442760646,18.378836585978334,14.32741163191829,14.434329768294216,8.317117232192057,18.12552191940686,8.432093206101799,11.031458564023596,8.0153074595868,10.627816454945163,10.237007687945194,9.614228312612664,14.178242991710047,22.02860259889126,21.84085907934014,10.966293314749244
14.389950482603412,6.852034933066289,12.376445011431231,10.93039842039445,14.644907988545603,9.668918596637127,7.814859702028062,18.207456212175657,8.45834112681084,8.189819021345878,8.921413244235728,11.907966388893557,7.669135186024943,7.237961703574245,14.14380932280305,15.336606809515578,12.34384353038139,7.895565558274918,9.426671824178072,8.865747076937746,10.211150789779945,7.450390841781348
14.31079056313469,12.33971352368307,10.492191533864249,18.50359074756362,21.29521265660684,10.924934625477247,10.94567746796377,10.43326295348468,11.292309997676828,13.770949128705471,10.7950964715059,8.948206402544596,14.986356202638003,20.595992800863748,9.398583529823837,6.641001403536711,3.482101675478713,19.796762972467924,11.89312066500456,12.146603108425673,13.598188938248086,7.912339279407474
10.540185690469006,13.105575926857902,14.066470633573092,9.255952699204938,16.553893818149717,10.05776438352807,14.801540962480043,14.425163471151436,7.984389205907179,16.845043739304202,10.403696346483358,13.163564088099008,10.807896808485502,9.495464856950337,8.13773222237901,13.700406154384742,10.253273396804488,13.47773899198002,9.958032015986802,19.374599872236516,11.575842489031437,6.064229754651702
10.956027221515656,12.988229303196924,22.34439856210347,10.11589810544731,16.91807011227216,10.128317802167324,20.031260445389844,16.803886484958735,12.102777915517576,9.586350887362988,13.662733596423653,11.229102258323987,11.642230159392508,11.920761239024982,10.190213599027741,14.590432817696003,14.840733988083297,8.505826677130216,9.498354916564626,7.82503485778831,8.615564997492447,20.24613206215485
16.819588869116533,16.490847882504234,9.217586799323094,8.940574491342822,12.527545982564378,19.948639063162663,8.434054826626296,18.368542828083214,6.237711348321369,14.673828032560177,11.509197378159719,6.1757099587551,8.906172221614995,7.812360748068523,6.5893499342847885,8.750993389643716,10.441702023542314,8.934174366909847,5.221938865779107,9.259340417314627,18.14108881911272,11.234801722624354
6.939071989533148,21.56037425113726,8.264502887051211,11.19917891787622,6.112382477466631,20.709261460614698,8.962736204060807,16.472774345177328,13.589007389594972,9.003498975701147,17.967985374440165,16.173956945339484,16.75304212777282,19.39239572097165,9.061381771381503,15.893312827184484,10.090653896350586,12.055602425028434,8.717930602514532,5.75197630054642,10.613619299630207,14.20499969619049
12.38396994318069,13.045173034810542,12.569187888696803,12.998826990545073,14.679462746160182,7.550379153756499,10.355821658333534,14.010743471642453,11.606614033177049,12.850534416593629,11.573200550418795,9.139636532503076,8.105722610650735,7.91341535781577,11.770357259687703,17.03823664084949,7.642829403581277,14.505979439700019,11.555592836521239,8.082193107794044,7.756098692117903,13.085214513721084
10.326186574280383,8.803357390877737,17.84302147995579,9.151079155813726,8.639858165166576,13.384900614893837,17.170492474353537,8.99316835903266,13.019990296656205,19.53635217045489,9.6953480769399,8.550610170710934,14.591855388308636,7.356792018034327,21.35542670908825,12.063528522843564,15.078664193852955,10.603272384961727,11.17607701211573,7.662132774352544,8.656997155452856,17.578294731574736
16.3188847261654,10.251461554734131,20.642624198663764,8.239619117891813,13.582424094697407,19.679977387724175,6.6576929852888185,8.150878464136776,8.919751693860762,14.004745536152665,11.338927313176486,9.64412608396094,10.037414741468558,12.512478158933968,13.601180501552799,10.773120970218729,13.357364478980449,14.762327218043488,22.264554457333595,8.561430972150726,12.862996968575244,22.056547009877864
10.726333895740584,16.06909280528505,9.047035244822649,10.793009850593336,11.15316953188711,15.624432590845723,9.322037998644532,11.054740961580482,11.614241536892013,12.865852668272968,7.752951381293434,14.563531093706985,7.935975783142929,10.799758553564196,10.355832003073651,8.465836098703745,10.341442896070145,10.686957024807093,11.75963047302659,6.862571442041996,9.747385851716329,9.618901902380601
13.232475955590187,7.1370236699534875,9.081890221691937,8.334537832872007,6.0599487738084585,6.606937914540295,8.045241303553773,13.005401436411443,6.710082836719081,12.860529671930855,10.849517027326737,16.240507919253968,15.023846781135381,8.427539584491955,8.994165157970441,6.008656147764603,9.007598073770392,11.47670058821916,20.108664696921476,11.10998476855607,17.374438867453613,11.179580262672719
11.206299815995116,8.54159291017249,8.84316046031839,9.829033694467508,8.596381974635497,4.94800774570867,11.53270089475423,7.489309056907252,12.122449683575754,13.614646838498984,16.054259795060954,16.396688773989528,16.421818387173364,9.584176871996542,8.214611050464256,8.456597779213705,9.46909740129092,9.86778062494218,14.744358327761915,11.163633857132671,7.357388312684453,15.793516487890745
10.314597945385747,11.082641732808398,9.670411362583826,14.480250088988322,10.148443446830889,3.611808195720691,10.669449875176245,9.256177571674872,15.999397253693386,10.044019185649697,11.328668447505345,15.002627437571585,10.886477047205487,10.189108970784506,11.599996610743949,9.691810705681199,13.585500692467768,14.537214379410928,10.318608602386528,11.707709981453322,14.930949030949646,19.411700116136302
5.77485003000089,18.42556468392634,7.798201573347488,13.113436458719613,11.144228927175169,11.037084726851727,19.6431436887426,16.23462875525252,11.263810703574855,7.883447058727992,12.539672097661338,11.571294431985867,9.40928692141465,14.460928722924297,8.423343930865045,8.483360187879118,8.569882122392913,8.47616032069931,16.19401593561285,10.333319573811199,9.149726008681137,15.517012954533179
8.914342419181896,16.682003261422395,11.411771634225422,11.186035484316827,10.794538505649886,5.9329271941918424,9.874107778657068,6.750313967147364,14.653649901068423,7.333148466515666,18.852101483177744,9.732089676546217,11.588283598917407,12.437581473111054,8.565001041287367,6.506465624359807,9.056990410108932,15.653616867396382,10.072066539356408,13.806416706824129,10.545687562599044,15.56026411045804
5.759977810208845,6.822068890552681,14.369566856120906,15.716847520871452,9.823371027941821,6.12637982790955,16.273023713361486,10.19203058168925,10.218575084578093,16.904553433147804,12.214866053630029,17.469067812538174,13.983330705775012,15.325537950492935,12.885062179388177,14.48339251536775,10.433120383555629,11.625098954272259,9.6969817663594,15.490140541326282,8.426288232656825,8.811995576668862
