script/wind250m.json
{"header": {"parameterCategory": 2, "parameterNumber": 3, "lo1": 3.000054539987559, "la1": 64.9999836372058, "dx": 0.5, "dy": 0.25, "nx": 34, "ny": 52, "refTime": "2026-03-07T08:00:00.000Z"}, "data":
[rows 25 to 49 of 52, columns 0 to 33 of 34]
0.7815681359953717,-1.253507934284459,-2.45568937671365,-2.5109526034218357,-4.720719716306109,-1.7553812009452407,-3.609444370311232,-0.45288005087849514,1.0901927033059098,-2.4112814125282913,-1.6596784823407797,-5.8935467557224985,-7.253117120804821,-5.807561342316726,-6.109973859873016,-2.4309324039624105,1.9099921483180449,2.2634013459843225,1.6851346816199042,0.4446435465169186,1.7447333090900632,0.8547034955286464,2.296640288197676,4.27606226478729,3.5494992732608672,2.5458726300472256,1.5455036142644276,1.003391965453032,1.6555488573323767,2.1875139457030404,0.3996972440571256,-0.2755570138094007,0.9131123753732624,2.2302447076140712
-0.3802735830103207,-2.322943910881657,-3.459920847686519,-3.6043836669695697,-4.802512369730541,-1.687505768321476,-2.775341517909065,0.709083035879278,-0.1894066629328332,-2.8206975737798134,-5.337960586159263,-5.643347225426106,-6.488923145697637,-3.9953832708952697,-0.08202235868836331,0.6643912052896742,1.2046745775361125,1.3644370762526576,1.0276521820562423,0.28322853472344833,0.6118962117095583,0.9996757091742251,1.8148776736127308,3.378893223982526,3.324875722879538,3.2995734201906117,1.8454565454326048,1.19940604851005,0.39866175818825267,-0.46587345847544187,-0.7794465844278514,-1.1866516189752279,-1.633224213073392,-0.1307671476060176
-0.9213010421849933,-3.3104050170398236,-4.370061645912357,-5.68458511028639,-4.946360163562682,2.339422262119774,-4.186436740050958,-0.6282411092100839,-1.2332153967683004,-3.504624376273691,-3.966937891062187,-7.716753261184151,-1.4742663832313128,-0.6408277713039772,0.7273378332070595,2.164965378598945,1.6407324763059883,2.9630656359005316,1.608750147613157,0.24603407836944194,0.92586785018991,-0.9820689606079688,1.310840020811387,2.3055554002262135,2.8220787241815826,3.2798854500404993,2.8055212978092388,2.180440922343339,1.4486377381127944,-0.03595805624217571,-0.9697357587891628,-0.8549532729130705,-0.8305986407817645,-1.7196637182549135
-1.7349578473736147,-4.161529784794533,-4.8338480905184,-5.7311663903340975,-5.097902056909122,2.8565476897987994,-2.3737198024231563,-0.9560214439085641,-0.930451011970332,-3.972484969771868,-6.957071669534408,-0.8337249021798966,0.9683784085818792,1.1367652570772782,1.5386383739691822,1.1655838260524432,-0.2545603526232618,0.49671250512050596,2.116717918253976,1.661925834725149,1.0622957793196146,0.9918028465689873,0.7465171599891633,1.9530068521184243,2.6915303153858656,3.0706122354543046,3.2737369043388598,3.121014887186505,2.4585277684039,1.758239472252176,0.4454304081310261,-0.0054896289965041855,0.6056067962761768,0.27638653918895756
-2.5525074273402493,-5.0110411530471515,-5.3260797633362875,-6.405129735780829,-5.774697910627064,-0.03071461693707656,0.5578108369813458,-2.1027170565858033,-3.7714794259395665,-3.101784449971903,-0.7255019653362048,2.0149755850631843,0.4927893389483691,2.6432155914697693,1.023153595813135,0.6151452876303183,0.5227319872590523,1.6457449640171635,2.4134225027202394,3.143505960362102,2.096359083709089,2.0665209982226806,2.7056111304492285,2.311050146700577,1.9349180083886497,4.529724892733412,2.792217457168282,2.8993543460338005,2.734166944408567,0.9546456953384768,0.3762309312613933,-1.3839089006765022,-0.08610913395948755,0.4826528278973149
-3.073887978703167,-5.201727537713208,-6.458079359653362,-7.3321560530488545,-7.910632538855225,-5.218583341814616,-3.7800279322963473,-2.483928048019387,-2.235800411535953,-1.720921151699919,-2.198067451057323,-0.525902439225371,3.2148124536051443,3.5536411774396868,4.435953096763295,1.2540951401294258,-1.7358598985668003,2.2223512680521593,3.2951636874783996,4.089815643318824,2.903005761747147,3.1451480968941508,2.8514524357053666,2.195899494793048,2.0350328839380096,3.939642389860796,2.036788089002395,2.057330629445182,2.0913790051649475,1.0691839612730512,0.515284562854079,-0.461846766740017,-0.6856211554428377,-0.47218779870785144
-3.883332381202783,-5.260311843954443,-6.778400805804348,-7.456323415349706,-9.872490323964776,-7.367780933923855,-5.944581525697518,-5.334220539980068,-5.186246199339414,-3.5978095803212864,-1.2476110484281004,1.9473316092314419,1.7677601196819637,2.4796700609335187,2.3743898762708433,-2.0842202808745527,0.5526123577197538,3.1468088289382026,4.187445999537392,5.365513685334847,4.340904944656352,4.405534772705612,3.7557957519567378,3.174119188212533,2.2708165372245435,2.8404956561420325,1.509182020373509,0.9622271585433183,1.6220941384694907,1.5747983578475393,1.7910593515668742,0.07631907882754517,-1.2415187583103653,-1.6643407559518784
-4.064679148598741,-6.11089685907301,-7.0255960474329235,-7.498954123252852,-8.92561184228512,-7.368089341170596,-6.286111734282201,-6.491311043103315,-5.547745611218074,-2.611535777129524,-0.5084195491631984,0.30781532529070443,0.8226284311748351,0.6653381488947322,1.260209949304829,-1.7047076433776986,2.094393291466792,3.3495715289875165,5.167830988317404,5.308148970909172,4.995586687401586,4.896866940423888,4.019417186752897,3.1121103397731513,1.9559158140791477,1.0585970597543237,1.1851759925709615,1.3972096288966234,2.0352098894684403,2.333223143279928,1.286739146508885,0.7440913461768325,0.32616304596625745,-0.027166088699239182
-4.100094080204281,-6.232476862388295,-7.215492618407634,-7.2856775667952,-8.890700494599752,-6.906541927567637,-8.275693077926126,-7.6242777614885995,-5.4537577397385695,-2.4266444597858094,-1.1025624689352158,-0.3766063611264117,1.7401852751323228,2.9514027540554064,2.1374153352479652,1.606725378785578,2.772177200340245,4.131572862850539,5.565871916879154,5.9311385672005885,4.551307387017621,5.475803023171935,4.713411850744141,3.9287576927373875,3.00231124440483,2.4584026667448384,1.4929957803719895,1.889118101530706,1.6928204042545054,1.8198359557682338,1.8918558841923196,1.0703569820917616,0.7475199250995299,0.7796275262877703
-4.586004741192904,-6.269737568417759,-6.858353466188331,-7.316144040419593,-8.68578890292856,-6.9704380079097525,-7.769344434292271,-7.588705379890117,-4.4018870699521955,-0.6476948328322333,-1.1073692770960692,-0.6715485119315356,1.288068867828113,2.7057051356513653,2.7642608583370745,2.967919520475847,3.1099895542611007,3.2155501285817927,5.8283045120790815,6.010989208379637,5.579726248703558,5.619020362193509,5.497782613665558,5.100560899890655,3.5866343779148147,2.9651754269760477,3.5087790976862427,3.6486489050176614,2.7837734458765557,1.82547888371475,1.0181356956587355,0.503665628805703,0.49985506249786854,1.0098532263590578
-4.775450594631116,-6.023088602476038,-6.592843261887556,-7.9896053615751494,-8.576110822795874,-7.118900181033527,-7.464018881976813,-6.661685241854501,-3.812104746566458,-1.7149215526609076,-0.3814540717595506,0.08528759423268437,2.253487856500199,2.78024241723233,4.116357058589924,3.4474830660131857,2.695491553409292,3.498115411869516,4.943833744641742,5.9934343729233195,5.735450771410588,5.322067079518777,5.183323118716319,4.193443390428266,4.113339114733373,3.8305224659827477,4.168356050241214,3.4875635417328286,3.4188282786910373,3.1142891026907975,2.3015436318436184,1.8482707970431136,1.1921962102639507,1.43197186769874
-4.581250931577837,-6.180488392205988,-6.676653919074525,-7.553188315428158,-8.48185920851979,-8.255996543292596,-6.721987435532844,-6.026337237976812,-1.93044735102071,-1.0404926686684342,0.10810415919791184,0.40832031924904927,2.0227338172252476,3.038817509337313,2.9963383710177034,2.10890897474921,2.8924379181210673,3.5874979716846997,5.241948322185172,6.736685699197164,6.240296388386742,5.84985812546507,4.807713514239796,3.7236791307894777,4.075748171131103,3.7010902764498845,4.313004252562856,4.424299749420334,3.909099010286364,3.262668929421064,2.370952647108077,2.689913076830204,2.0649553943229875,1.5960591276550624
-4.792050410901958,-7.88911699121384,-7.386500792031316,-6.9969069529185015,-6.668540945250265,-8.7504438940061,-6.910365275761266,-5.341265766168066,-1.835033201900259,-0.43825727669270936,-1.0454728830066589,-0.5349105751316428,2.209485050918287,2.41548949552858,1.0662752191073592,2.846174668244204,2.2322646112182554,3.6402112978466907,4.926742210613286,5.928768646863066,4.495557073163499,6.217516082515684,4.753568293285093,3.448223412754752,3.5302890368852604,4.070533036932423,4.376534927888586,4.278428353612973,3.5236883572935214,2.3839658423605457,1.7739195842876687,1.7170488775818329,2.1473622255925098,2.011378413076664
-5.488508671096632,-7.484967290524608,-6.576569519210904,-6.215265807181633,-7.7422569278521545,-8.809531795801774,-6.233949975521306,-4.9562392080444715,-1.9663499357243714,0.04773508855388427,-0.9759778638900698,-0.21827073730497315,0.26849038420050064,1.3292934104174992,-0.07654751304184845,1.293418122305174,2.564875738527929,4.2505492551067965,4.989341074307528,5.204181459284174,5.362481841812667,6.238247315355522,4.346848137506187,2.6948193350265073,3.6973326143188903,4.445131613719124,4.525532669203608,4.526942306189011,4.268411943074097,2.928851148413675,2.618050166092197,2.091288887399684,2.160053337163935,1.4391225415668356
-5.247873282902811,-6.520615044834928,-5.999909982015672,-6.304700460296971,-8.140885223542094,-9.445504158656789,-6.351690109311588,-4.244166419187855,-2.4453052575118095,-0.5588058970749852,-0.71017011696787,-0.10571428643166662,0.13853778671906766,1.3286325910960775,1.4708725206346387,3.687420015872111,3.418753359634194,5.091280082968337,4.415417800561549,4.94764540589129,5.099811286372262,5.235224074378836,3.2553304476663363,3.2063249569737375,2.8949309961893723,3.751718097037448,3.9944141438675644,5.115566362629999,3.760121839847223,2.8746861960198347,1.93682559465473,1.0903542597468592,2.1676413828698875,1.462957212637835
-5.287042260906315,-7.009813053980518,-5.859663951965712,-7.10288293427588,-8.797702367204687,-9.648070365091487,-6.212429686631304,-3.6319804295582467,-2.8004600035754867,-0.6810197234981599,-2.4627293200697618,0.126082581168633,2.1649887951718565,1.5159605085064851,1.141191583863186,3.6357665496870033,4.04221545996711,4.297341181526513,4.542117865943789,6.009554998201834,4.120375415439619,4.241489194236751,2.5533494471679052,2.374357724524654,3.600798838816237,3.8543164746820278,3.9988890970920297,4.3549862338523795,4.07778136441327,2.015333552140864,1.7212675137506215,1.5259216354377678,1.3922323108963104,1.6776717955070495
-5.173538438383641,-5.578698178075725,-6.357338973993631,-7.639881875234172,-8.36517199903493,-7.691788628760276,-5.2982430694992,-3.957281508667293,-3.0021103247469094,-1.8003450490302866,-2.4807484858742814,-0.16535661553535602,1.4547666688772798,0.9782474753783501,1.994279600630308,2.8691301188797382,3.682974756082436,4.295462011864953,3.63417001185973,4.31430933602321,4.220161930868615,3.8725780091690174,3.2581789405818182,2.285960809891658,3.4143284025501184,3.6287033768647716,3.860050802495983,4.342421324567411,3.6086971411036606,2.8320947031808767,1.6572104856416119,0.3315650190204461,0.6593296277880385,0.6980748871747479
-4.525771552316377,-4.66256096597427,-5.946682149623015,-7.417863422990386,-6.865484826375011,-4.988418457486679,-5.696464408067315,-4.313232392958738,-2.265091466607961,-2.4239269339767673,-2.8114704798587926,-0.12230832007894972,0.08176971900513794,0.9120816033467845,1.3282233892518707,1.73096108600586,2.79970220628936,2.42166060760668,4.04810296004921,4.254312492655478,4.354182977548808,4.296919429874316,3.4077479640244626,2.1978475265855093,3.3657259057153053,2.645769761220958,3.4290376867122028,2.753131458978623,4.76177268550949,3.2700195952394533,2.1904632705738774,0.21335346585940362,0.3900240476084864,0.47753990373304045
-5.378758910873292,-5.855813233938077,-6.871408672827307,-7.223366594747411,-6.122387978959188,-5.424755322281027,-5.142663484071638,-4.878060653050533,-1.9415757416713637,-2.5755239723894743,-2.954808658014802,-1.2855888003659828,-0.8209233785437273,0.56025739507485,0.38364317414183163,2.098181350656894,2.707103546085789,2.5076945499819847,3.7492036900455274,4.213807171175202,4.848721361716328,4.825054648530705,2.872459839552882,1.560750555670776,3.0891643831015174,2.2427687820596063,2.8595703124707286,4.684560472373966,6.440801354193358,5.139590643557778,3.4766068488651936,1.6677900030427377,3.0519270517918202,1.5390022907086474
-7.4927251421261944,-6.461885113243341,-6.534949533253255,-5.752768776908186,-4.5334988094257,-5.0095084122450135,-5.945528642409305,-2.6687435223962437,-2.662278075826834,-2.7095576199169553,-1.4433694205307048,-1.7214770497997502,0.02996309885034404,0.37569344347839223,0.9473174262592842,1.4505824534483076,2.902306080301809,2.7846855130237214,4.492146274454653,4.441038589278821,5.455314297051936,5.691235874895463,3.5862925896923428,1.7554914633362428,2.2085755478725675,3.0588098742589693,5.076427760565607,6.718519541448027,7.381586644274265,5.84124416908254,4.208026224591762,3.971754373693424,3.1942033074380975,1.6060620624071467
-6.883978883715631,-5.796208351255413,-4.653340819942435,-4.345342832669209,-5.4189078007096585,-5.327035323371699,-3.3173842710592014,-1.7339060077676502,-2.4837705161434154,-2.256066179221298,-1.916312441888749,-2.389938243868221,-0.27900608104316693,0.4665466104009502,1.1564567714548017,1.048856573109615,3.440639254060062,3.8391466551361026,3.621148681284103,3.9001918611755104,5.511469726098962,3.857643482867877,3.0400086704610114,2.4980802900563424,1.7416278256716482,2.957083392539919,4.607817214164784,7.304640516447155,7.191774203651554,5.927836798806978,5.065267600763276,5.046340756745378,4.036624863789198,2.1207764917422787
-5.9407987729618625,-5.072407582195938,-4.784528296468176,-5.186849167376089,-5.441469610116068,-3.570623757837855,-3.0081491774966267,-2.370487553946617,-2.374070633110684,-1.3083521774505913,-1.9932150052496578,-0.904062992869746,-1.1210321574885376,1.4623660879589016,0.8149496386002301,0.4528721843350814,4.018075373201095,4.289932267682469,3.648196782565587,4.70234038986176,4.054060874432769,4.034492582737961,3.4763270104747948,3.5834816716595665,2.8289974156406714,2.9754773059992035,3.266524545546313,6.643814037086428,6.895570748227542,5.801271698407593,5.074793878754013,4.66493231505667,3.755452011202725,2.769718872413236
-4.896493411200002,-5.316737794885092,-5.129093686246298,-5.232270464905254,-5.080732687685404,-4.021936017746754,-3.0428489877205194,-2.4898355049461247,-1.7215806644923037,-1.868079294762725,-0.6576154224929311,-1.6465137027365793,-0.7153964117481267,0.9411664584067755,1.404636317211121,1.0281888826927736,1.847427464083601,4.055075922101012,3.3100919437103085,3.9681850882356855,4.722552624482937,4.665910248257617,4.84211535213752,4.478792096329699,3.9017660726309744,2.4798390546181723,1.693206420218146,5.7014243604642765,6.2552024203409635,6.2054168681665525,4.903162789871558,4.567650396614076,4.1510036791761,2.8210304850892514
-4.923284597079146,-5.56287864604167,-6.221493980254548,-6.128201418101028,-5.210707609285973,-4.883280275890738,-3.125518370116278,-2.0838942111710317,-2.114180347772686,-1.3379407730914903,-1.173503793061585,-2.367319108944158,-0.1343938658091309,0.5299237103564226,1.2415432081298379,1.7126281372793006,1.4172484592947991,3.218519295416417,2.7087687494516595,4.55645417270618,5.546405651288168,4.343255351977627,4.476270876340298,5.392403260861703,4.365363479105517,2.52005320745507,1.8096619028555576,4.847659156174807,6.363845690062801,7.008635470707281,4.90885195356727,4.434945611848312,4.028631554312391,3.1030131487919332
-5.532058248628117,-5.738744955046954,-6.139280341243512,-5.138743564199518,-5.00842338624169,-3.2508600103043452,-2.576861936674981,-1.8646271631380251,-2.1491925221538897,-1.3804768831575556,-1.9221018875511604,-1.8763760554484061,0.35090294566834473,1.4841269034528093,0.653192004358878,1.6537533757989649,0.7072218358436926,1.5164151140165052,2.4930180182121915,3.535643580924055,6.631187650817989,5.473883722482048,4.5731624159879765,6.026394743060938,4.1356674215456835,1.725755581808148,2.126395316713533,4.441576842419318,5.689837899431024,7.43997445122815,4.817892762291704,4.288935124304752,4.209176032792866,3.575452413092645
