script/wind50m.json
{"header": {"parameterCategory": 2, "parameterNumber": 3, "lo1": 6.000198445256149, "la1": 58.999992894266676, "dx": 0.5, "dy": 0.25, "nx": 22, "ny": 24, "refTime": "2024-05-01T03:00:00.000Z"}, "data":
[rows 0 to 23 of 24, columns 0 to 21 of 22]
1.3855762114810568,2.6402208913799154,-0.19129020488418047,-2.3869407089741044,-2.8315550756805243,-2.6646822054536603,-5.4108231544605525,1.6549180068013494,-2.194591212645868,-0.10957875426222739,-1.816060186540987,-2.9407577785029697,-2.558141642963547,-1.0842273546385082,-2.3094491258056413,-1.0184921123531547,-2.4014446865369012,-1.4853519428905984,-6.058334193006289,-10.296329657576827,-9.644928944347965,-3.758694840314821
0.3591439480494531,3.829422323609778,1.3770476599023889,-2.2353150529438137,-2.303019436816491,-2.352226595550389,-2.1799614414354513,-2.2361339650040377,-1.3618788622495592,-5.300330366484485,-0.6689519888381743,-0.34912908605729925,-3.536317376512781,-0.6178774066180904,-3.5781064481074525,-1.1900579837747989,0.07037702038725366,-2.1804340269910463,-0.6722413077837477,-1.3399709265308752,-0.942010573527669,-5.672247973097117
1.5685121990174742,2.867793286114508,1.2639248600833857,-2.2615174057086347,-2.8807746789351896,4.852521524734239,-3.615280427838952,1.8728845192957466,-2.5264352470711753,-1.9009607130339596,0.7973341697748931,-5.037708606996574,-0.07347662752394375,-1.167796215389817,-3.0215472810199175,-1.9766775653301756,-0.08959882226180321,-0.15003346416373844,-1.8663301831799475,-2.5711306050618212,-2.9046818260104517,-9.042269081973862
2.4775973958220634,3.013091336256062,1.354150453211774,-2.4549803241402883,6.664526393797295,1.9847669790681142,-1.9819561600332871,-1.1860377084908553,-3.2489953728986096,-7.767843489308692,-7.496690599746224,-0.10793755663244038,-3.5961144069134834,-2.179944242963626,-1.185748225829706,-1.212915335922702,-1.3654911524261928,-0.17697076436804973,-2.7217817755406335,-11.142481652052322,-1.7658958699406737,-3.0877267381743483
-0.14009061077163645,1.5393848526520484,4.03445617341721,3.61185980697968,7.811180760401516,-0.9421324211740761,-0.30233791622070505,-2.8512880954646214,-2.3803063214454268,-1.2201418043431067,-1.7840488011518087,1.0522558873190178,1.6159570109938481,-4.729986025435886,-0.8765619362210474,-0.9823734260572102,-2.250049481028582,0.6574846336198995,-8.091168851707007,-1.297068975383719,-4.15249743671997,-5.41008762061782
-0.5091146991634133,-1.0049705960894912,3.0443660761343567,5.7985614663022575,0.38345960790043604,-2.7519529532654348,-3.3847707132311817,1.6017809285981415,-5.813760872847619,-2.6427593273058054,-6.5481791677701064,-3.7418395793732953,-2.785463557393827,0.09239595741417325,-1.1293918850633158,-1.4124396667213661,-3.941612340018648,-3.106760745042338,-4.335400754847541,-0.6695895345490969,-8.891993958819015,-4.078146569449504
0.8920521862137331,2.666033453447115,2.298023047989367,4.511380312104204,-2.713057657498941,5.741720833904595,-6.205988399630475,-1.9978258894668426,-2.5772591742066453,-1.7615631508968943,-8.606799359006844,-0.4884274506011424,0.5546184373387847,-0.6405222653344635,-1.9950625405907356,-1.7191660446902948,-1.7558439069292935,-3.773399168562545,-2.6049181674960664,-8.031193067424569,-1.1320780294832034,-3.5505721815915314
0.3281795815702021,2.7575320638302254,0.9484523291902202,1.5545216983790573,-2.508674771347668,4.016367179201132,-0.45722919918223914,-2.9519706838993964,-6.736441980944695,-2.0069336455088904,0.9109890215604427,-0.18766902487898643,-0.10536435519723332,-1.3922713775467817,-1.842699498876756,-2.6119926777862066,-1.827703367170844,-3.5869105659721026,-3.6388639672071115,-1.677776435392367,-1.6181699055525907,-3.192692579220221
1.2983088249525752,1.5172224178076934,-0.18627553036775904,-1.6973882152240278,5.401770520721886,-3.2247141846774796,-3.6456717508574426,-9.44744174422737,-2.8044618604944738,-1.6928017287784856,-7.264941060471416,0.6623552332514097,1.5138975257019451,-1.4017436414799505,-1.6514602598028627,-1.4166721966504419,-0.36301465299049374,-2.9966510282013368,-4.041515525097925,-2.293069478245463,-5.9824590341026855,-4.709582715020883
1.444779281116189,-1.3693693047377515,-0.27374852798851596,-0.2472270847903731,6.768019177587582,-2.4417548551507986,-5.955917612689157,-2.511970154301154,-4.6445693166406,1.4164020918859024,-0.8896796970974431,-4.668860905025987,-2.903912140958057,-1.095695472294427,-1.2877234774962754,-0.9987207666542777,-0.7730805814173914,-0.38774036894163905,-4.203170374484829,-3.159451069863605,-1.728424495992449,-2.8395981982748317
1.731004658056795,-1.3642607013849017,-2.600863418917075,-1.308466321060781,0.003082055003400561,4.8701578784565465,-2.1991772665858065,-5.255932746913897,-2.7000090667479233,-7.521126171843083,0.3537361552696029,-0.026759903521590387,-5.802957990627712,-1.9402958699627866,-1.2694766975976717,-0.39862344680923967,-1.7021016346431865,0.1127269638544126,0.08324317821206423,-3.6088696759532146,-3.4158490241319295,-6.432784364706912
0.7754390852624418,1.018483295581385,-1.735517770262703,-2.325627937969719,-1.5754821721186043,-2.412310913462027,-3.4182650842911113,-1.811538420614111,-7.107284456444003,0.637960456157549,-6.725608597864402,0.4676904706210979,-0.23155059738052788,-4.926681749985408,-2.054151590010556,-1.1489180467864453,-1.7200676254384026,0.5354104733455461,-3.2811896162797916,-0.11802401469597351,-1.4827250878203073,-5.459671852515234
-0.3410385133319275,0.27728650209999234,-2.1917068904472736,-2.8386779986101476,-2.0269202280398053,-2.0799598758750952,-4.3669715049168385,-2.318771144787297,-1.2002962526091863,-9.263283804862612,-0.9179207318529246,-4.523233764881642,-0.8882360603618157,-0.25742270806022,-1.5285570861024267,-1.0938947240221621,-0.6568144523617152,-5.203673586250837,-3.0994121339662506,-5.3361339662608955,-1.872775571969809,-6.966551488676737
-0.41740854885375633,1.6909041052188816,-1.8355865399493583,-3.118214585608434,-2.9715446621708903,-3.2766782101518164,-2.84527374797623,-0.37976568255490023,-7.979479800857524,-1.453536747389269,-0.12129930859776065,0.21731266939521554,-1.935068391744502,0.057739767251264534,-0.6982727257704034,-1.0096212559138007,-1.1997414845262337,-6.915844798150026,-8.903949605211425,-10.852483512794159,-11.594581578519586,-4.6565789424356865
-0.324997963461781,2.1551578904039315,-2.3395289898069227,6.916439810782231,7.623910446071818,4.427100258798513,-2.6291232987072464,-2.671431899840728,-1.9985750404693834,-2.9860464923057326,-6.626362414067406,-0.9265820231414665,-4.198706812243488,-1.2157142287536926,-1.9666547278193798,-1.7361102625811675,-0.8522181718565218,-4.941224565203024,-0.798898264903213,0.6332003013753335,-0.27321634826188507,-1.0801054449511696
0.7567385677625678,1.764699485710936,-3.011316055544767,4.492798960716137,-1.2744942931740353,-0.7447489970049949,-2.7030882846130706,-9.539580641596098,-7.493135360704027,-1.3780282835209485,1.013073923077248,-1.015450266202123,0.0009690590842592106,-1.6557318938432761,-1.8615149766987995,-1.278498658645665,-2.837726363723156,0.3837456957830406,-4.244733737531039,-2.9954815825516112,-5.666296519276152,-9.969012064416843
0.8458168436882972,-1.0763495268200804,-1.6692233924283024,-0.20477021018479413,-1.1926869439010923,-2.624557106819728,-2.128775833941978,-2.956735164962666,-1.3501303880190139,-1.4093611162920407,0.1995644156781058,-4.733700434553262,-0.165659734675927,-0.9775115273903822,-3.305154274010558,-2.325445909142914,-5.298199374427281,-5.464441130417864,-3.8220334132862304,-5.215242976217699,-1.1541380276444972,-1.2904940633549777
-0.14958986165930804,-0.37543425130091457,-1.042980970289886,1.4853906871324607,-2.3517861575135566,5.127288550457838,-3.1965917991340556,-5.8698762883845035,-7.157407132328881,-9.941040351778586,-0.7684387511276313,0.1989554366543888,-2.04817322076715,-1.2341665932392172,-3.436996637734225,-1.782001606666709,-1.8147558368538292,0.0037470088638128065,-10.153115757135433,-0.7900889018994603,-1.8962778358839825,-9.881300911726077
-0.8664930380570662,0.687694756131099,3.428248937881002,-1.01551631874675,5.442727384799392,-1.8209146724750942,-1.669529288855801,-2.2398193332080267,-1.9988497110233412,-0.9881437931849272,1.6214384195020801,0.26115642942620937,-1.327359196672194,-3.195265841522747,0.058722424531362526,-0.6661984829412088,-1.4393690393921197,-2.572542721159058,-0.7057151225165134,-2.581242516015312,-8.441790832650415,-4.829821319358208
1.669790711681801,0.5967565562346143,3.9884802989239705,-2.2186648595255565,6.352356263837367,-0.8484426260013394,-2.4458761751420064,-2.401649341577914,-5.151110934992053,-5.004513420402122,-0.04355055939494649,-4.465870769983515,-2.6806680069962407,-3.610456812606614,-0.3580694367682536,-2.6077222019365247,-2.681407697742964,-5.097913474927355,-0.886714905012569,-10.052968575013201,0.7680703525100119,-8.216751523539264
0.6827629007095455,-0.2256258390495174,3.086517001491752,-1.0882483579077173,-0.2975086134047223,-1.6583423726764044,-3.364203617782999,-8.822933833675844,-3.3345477057600603,-1.3220448070864699,-1.2893281221909925,-0.6195119351858807,-0.02703584945572424,-0.0677519455949062,-0.7910403698056042,-0.9547802643366946,-0.9605035156288313,-1.1136703129007084,-4.879374913658285,-0.07421700255539174,-7.303211409677396,-2.4995163202804282
1.3194968530030133,0.17121081602939453,3.2719194187295275,-3.7915487557465806,-1.888392829320897,-0.04716479280883154,-2.7704717879942047,-3.4776715930874675,-0.9826776951058216,-4.698507813337706,-0.04174359327260693,-0.9571369176500706,-0.3251300743708628,0.2090647597914987,-0.8964942579935273,0.13463150024926704,-1.5758195407056532,-1.1495271303572052,-10.236837090259318,-2.995925971770735,-2.429733343236389,-8.665383213149722
0.09697915667803478,0.46803395511720525,0.6373953617403718,3.814061694064711,-1.4252183051082872,-1.2334859772072277,-2.991293045778021,-5.633213162990693,-1.172092421682495,-1.289969143368338,-1.9790008966249257,1.870881575263015,-2.385346113640173,-0.5847159165064303,-1.2032986288536642,-1.3791656487297785,-2.850202705302776,0.997473431817537,-0.7541184220191982,-12.153367748364836,-3.582444540722235,-2.1072840861372475
1.894568480139299,1.1922381591004663,-0.2638607044321245,-0.1444700595982222,5.31219492054547,-3.765045922161401,6.383915147848192,-2.073078541249929,-8.01872040101835,-1.5238742470134958,-6.494987923906329,-3.87289444629713,-0.16829772450255123,-0.9737187171975604,-1.617765751717676,-0.14224709334966693,-1.0732589000689665,-2.126846838240397,-1.611370845249866,-1.1767425928645414,-8.556203653989932,-5.164257367672166
