script/wind100m.json
[{"header": {"parameterCategory": 2, "parameterNumber": 2, "lo1": 6.000198445256149, "la1": 58.999992894266676, "dx": 0.5, "dy": 0.25, "nx": 22, "ny": 24, "refTime": "2024-04-11T05:00:00.000Z"}, "data": [2.7546535877907883, 2.0586530712902475, 6.984161053922833, 11.297563859581443, 11.985469287978894, 4.48228601726906, 15.185404612663813, 2.8081139325400715, 2.8605494865530785, 1.1029363551462428, 1.6030728236809122, 7.836380678120748, 3.838926082912564, 9.743888335689217, 3.4375173443227514, 4.886198947026493, 3.5616853946075775, 10.270915414408355, 4.974572571418143, 4.183117339730303, 7.0921870422621565, 4.995741600035235, 1.5373994164468556, 2.915959608497267, 3.45792075028684, 5.457352004402445, 6.711605879293812, 11.40333561391452, 13.169688979753829, 6.370595239720955, 15.952992674837235, 16.72291651413744, 4.330139502247826, 8.911265977737305, 5.2043721862793655, 7.22219413302441, 3.8377744178794666, 12.569334966818543, 4.562286496917634, 7.600367044239198, 13.557180507672912, 4.454407499036763, 16.11753031099252, 5.251984417285638, 5.655724914730954, 0.38230150949181935, 16.57155355417307, 4.636701082531201, 5.176452651773948, 3.5361585870747527, 7.546155353871081, 0.6494943972286258, 5.139549919830659, 3.7648498768510525, 0.5150389288881801, 10.129838835624, 9.043602036162554, 0.9383678357587525, 1.5351230720205427, 1.4732197796007318, 5.761448368746671, 2.6274303348912667, 6.923162020057602, 9.575581690970695, 6.28190367061822, 10.419452097252483, 11.348188640916694, 4.297285830141936, 8.037372510518944, 6.531991093893287, 1.2298684218090228, 14.697496730109336, 7.571467757862894, 13.867299508572422, 5.483080791750118, 16.35570290485785, 16.661405147182677, 6.280463139601962, 14.110318405437685, 10.34651335515543, 4.478680187189377, 2.1279425478822565, 7.118591707566722, 2.0728719091669716, 4.537334709990193, 6.44086481608486, 7.221149238213124, 9.288183219497055, -1.375761646656623, 4.256488037845369, 3.7299962477119935, 0.39140722828074653, 16.491354348256486, 7.9779092741687565, 9.531602616715276, 7.168625801608396, 4.855683574333898, 7.687630274734611, 6.48027066844487, 9.669051229359834, 11.205679914983696, 2.2046936391544456, 9.68417894878367, 16.576988107285565, 4.06689593831864, 5.679407930568231, 5.277016778519878, 1.2379390364202145, 14.229131471306053, 9.749305378078276, -1.3703719345129197, 9.025445086105332, 15.637757360808138, 15.433389462445142, 6.32637430427859, 8.624473172708777, 6.508557795139525, 1.8294703991448322, 3.4184354141657605, 4.738111217791462, 2.847362764602565, 2.908550665678408, 1.61459385937055, 4.3172226692020805, 9.480447438674716, 9.213343290202209, 4.603303032713227, 8.79570184029119, 3.8977067697971646, 6.671823813982319, 7.401279661063432, 8.204237926541913, 0.9930534525837801, -1.3689853036652044, 3.0350365411117193, 16.834781842531754, 6.408966856675744, 1.732211307014337, 10.214624324009153, 7.611249379574754, 3.937916997005839, 4.634834083009632, 15.237584100083321, 7.123608778029625, 8.01954384520975, 5.171462315784022, 6.6011366824620135, 2.911673483258953, 4.582991497710408, 5.72648741515395, 16.492866096630824, 9.206791688270169, 16.024743888626052, 6.456960962521331, 1.9984250453144672, -0.07228745164505523, 9.849986670921028, 8.52452361730736, 7.963528513998697, 4.517638232158985, 13.754227775958327, 4.21439836148667, 2.7187821032578836, 2.5592261949016586, 2.651004172671548, 6.840802689705287, 8.784091023730292, 10.71480158167201, 3.6616428951487023, 1.8351781151624869, 6.982293043001002, 5.185364146380274, 15.177252431447108, 7.206325896200965, 15.498011789428658, 5.28359282963932, 5.683497540870523, 2.65735628025531, 9.12817662828411, 13.310917005171873, 0.8927706929415501, 10.888521974399266, 5.078503611269491, 5.526111713713155, 5.14824489179813, 3.3646976426090993, 15.026191444468846, 4.052191738684407, 6.364730427868935, 7.486285193227277, 8.400694031291966, 2.0220897802632365, 1.1180899727778204, 5.491892203934757, 8.915838347497857, 5.717807948730875, 4.533750676916857, 5.372998644766809, 4.001109371464656, 13.826828917974618, 15.409472110530922, 3.1861567600680134, 10.00958711566759, 9.566199392683565, 3.5013656943088165, 4.837399473085298, 5.005082637694889, 13.084289141153523, 4.494243628316081, 9.350707090672156, 2.024443281712743, 5.83736681298277, 16.828101858819704, 16.44503376927444, 5.921048828839382, 3.8224941361119233, 2.7939401833200965, 10.333509941644964, 2.907880987469081, 3.937998316633773, 1.4376856500311812, 6.745789093817889, 4.463283017830707, 10.713266162108466, 4.530998425725327, 4.317149943479215, 13.67020093599617, 9.43532459975391, 4.665666128979295, 16.17648560104259, 3.378197936499852, 6.325910826889462, -0.931090116711501, 9.37674560047537, 4.521221519988177, 8.181531930550717, 14.500293420222754, 8.232836394686629, 3.1077829412121067, 7.914262112913963, 10.438605233650934, 4.474440412896709, 5.575159760793538, 4.187877818002476, 10.281132144729002, 7.096737147057125, 13.6823983467041, 3.8753458092027198, 3.371322224215493, 6.533306504183599, 2.7923338322878704, 9.749067328864049, 5.667597851484811, 4.784077096516178, 3.2776405881977797, 3.3748440101050687, 1.6126798991922258, 2.371336546608918, 4.406812891707084, 6.5261820119962834, 8.329156663307655, 0.2950073518374805, -1.46250087850851, 9.702609389754373, 4.819025818341285, 15.671591916070899, 10.457958642603161, 5.375090028078598, 7.607475008463175, 11.546629874065781, 7.232970588891267, 6.344921114512954, 10.779546490890748, 3.9194648406823753, 4.101946513335086, 9.617319292153294, 6.646494468985892, 2.933691580315639, 1.7965277117129712, 10.197530239784868, 9.137489296516282, 10.500428157576485, 5.452608909097581, 6.958437222477616, 16.12730909843906, 4.894130781762149, 1.4293340842457083, 10.886822056411523, 10.140430144674447, 3.0559064438562396, 5.576578326686816, 6.342624728710977, 11.881898129854235, 2.6384590010552302, -0.6600996331797364, 10.714597549413963, 1.9398866935515924, 3.4337193511435897, 15.260151871919701, 4.08964234491783, -1.782428581436416, 16.608481888581927, 9.920109676317455, 9.959049555716248, 4.478347055133756, 7.709456540619928, 8.689358851662984, 4.6270593628349, 1.4964882814359177, 2.705452120271882, 11.136570179497486, 2.7970834131339437, 5.002255120632012, 12.025021885806675, 8.46695595355427, 3.341533740468349, 13.486009357179427, 4.947231446809083, 5.858132026664585, 10.385477324593719, 0.039110639457824455, 5.876422548467931, -1.779135058154721, 5.72469566394797, 5.793044172638598, 3.5446878646550655, 3.2845959419188118, 6.781651968729767, 2.196525980437772, 12.726931899141896, 1.3982233881913715, 15.991109404188308, 5.144273877435242, 2.414253368215968, 6.209434283135715, 10.146629215541733, 5.516110288391696, 4.321715605413218, 1.201162398828505, 4.070361772072396, 14.09957558271016, 8.56186032332713, 5.497356917164532, 9.641385827491934, -0.21949446282630924, 15.886191740180433, 6.504692720645121, 0.20659191514908992, 14.234594733724245, 3.8040855576712636, 7.612081197912555, 4.963238354566602, 3.7347346205050607, 10.887925759942583, 9.8253072060491, 5.712680561784619, 5.612519278278452, 6.115579790851197, 5.214079816017254, 5.3207015781817155, 11.934448502464948, 6.573848403714799, 2.503987930832934, 9.881338106509112, 10.457790783787125, 15.511222685626292, 2.8484106748698004, 3.2026838397437953, 2.267618739022384, 8.150236239944865, 12.63500791580508, 5.463031452582258, 4.573382657994595, 12.453111829427545, 3.8843417884185327, 10.204491787402958, 4.295607290120706, 15.601217073919768, 5.711503474604163, 5.735037231070554, 4.57773591688641, 1.0563982585400102, 3.6995935866530045, 0.18837334153449264, 5.0577107961218335, 2.8874256306680026, 6.940418826878467, 3.1729439958376804, 3.4396996956804617, 5.8659744591133345, 7.584771271897081, 3.3213605942997444, 3.741112325319627, 11.254046079904882, 10.155349613689111, 10.3237522680033, 15.574231655279759, 13.162006985604858, 14.492985143451325, 9.111809987387938, 0.39721383256867443, 10.314596829463632, 5.3429536988972375, 10.441149534514542, 7.645301867132067, 6.330898356072998, 3.9567270856226697, 13.860099340711994, 3.4614372813319734, 1.8449560043719817, 5.5342418118757175, 9.086007698779577, 3.4682351925970387, 5.809687001791942, 4.557657608949061, 15.560029440660829, 5.818788337526608, 8.415548046727869, 12.517000140252904, 4.8389442806973175, 6.586798013607216, 8.535464460454055, -0.09303487264887866, 4.666062665374533, 5.586442540458369, 7.448097527116594, 11.275275197955562, 15.389167038470449, 16.05668219735797, 2.18028079553231, 3.751242633129443, 3.4561536587984665, 7.26051098299838, 8.49003973501748, 8.05933741986515, 6.352051459469657, 16.45026486412888, 7.266348963613706, 16.44771042786006, 9.143318616145182, 4.638767142840778, 8.136436224608916, 11.725592468140288, 6.016617795297692, 0.7542463272492382, 5.038285012471933, 7.409242036013113, 1.3998939292031347, 7.259134859788924, 6.1659527139356305, 7.583544128038582, 7.550598000611127, 4.815559990904365, 5.278343601593543, 9.262169368500093, 10.312421097065673, 5.187788080469315, -0.5153157486829048, 7.172171363716556, 2.837364328596071, 11.760839470022956, 9.75399840980384, 3.180705372632832, 11.181590305432309, 11.66570965075703, 7.625984752722966, 5.859569958981287, -1.0540316768940468, 4.175792387900168, 8.17134285334727, -0.6222925130238917, 5.437448934502269, 4.692653240440119, 6.992205995503971, 6.011066102880638, 4.237443413440126, 9.479203451119421, 5.886405019214973, 4.813369588097434, 5.454121877176309, 7.154382109158462, 1.688245855081565, 7.718666302399713, 13.62995365632494, 2.680215517323073, 3.329014204435968, 7.762274065985932, 10.367708690856913, 4.832851789494618, 2.8160773594435375, 6.115427098048637, 1.985536746963179, 6.731973629317636, 7.062662683616151, 2.850916022021666, 0.2805808710517262, 7.8932527010169045, 5.384831726062913, 8.307433428012512, 11.115882548454074, 14.237763847556254, 9.094184656620788, 3.4128989258525535, 4.806844119783776, 5.535936642448647, 3.0329106018413485, 15.726109604841197, 7.1732611367035854, 5.005813249603515, 5.819800410022581, 5.658020183461888, 9.290832175825216, -0.30588773740924907, 7.457868511344778, -1.6554989331638983, 9.330583550567123, 2.2194195518137905, 1.550153971993331, 2.143888997360562, 9.098638548065134, 7.63634108469689, 9.040951490936846, 11.154206463030514, 6.033521823121625, 16.261635106126523, 16.749342985651978, 4.481257643484496, 4.549224556200399]}, {"header": {"parameterCategory": 2, "parameterNumber": 3, "lo1": 6.000198445256149, "la1": 58.999992894266676, "dx": 0.5, "dy": 0.25, "nx": 22, "ny": 24, "refTime": "2024-04-11T05:00:00.000Z"}, "data": [7.584485382596235, 6.687476105302275, 12.29204783161552, 11.942104624523227, 12.82763264670567, 10.828725622605766, 11.230920187271664, 6.7569065377764135, 8.641979566785283, 7.918856258395324, 8.466841147764857, 8.69122202780094, 4.471991011548014, 10.864933483711763, 7.706893049196494, 5.7360027738897275, 5.399714064859481, 10.361667906023655, 8.78120385125493, 8.400973675053104, 12.619803204097924, 9.444536699989143, 8.143434808403647, 11.938628473787098, 4.67009366105923, 14.240693970925344, 9.515647105717667, 11.554084569335698, 13.564462603197327, 8.703317292614074, 10.45882030628068, 8.778354541083516, 10.035307635645056, 10.64401715724436, 14.909578383056362, 9.87992046666441, 16.082616602739996, 13.901340744198205, 9.148345433548146, 5.033552700793819, 11.965534824980596, 7.69334871895207, 9.331628039019606, 9.759184080202719, 5.204854747529493, 8.70221870246695, 9.727051973940409, 9.154946979676044, 10.149215750697678, 8.046266559954875, 6.944546327592255, 6.915406087045162, 8.220105845594144, 8.344103357686732, 8.890804421287035, 12.132484180167957, 9.260089922139912, 7.042443295788925, 7.048190062260004, 8.021519807545346, 11.934018953448298, 9.459671076399184, 10.19457741325203, 7.616594702087883, 14.112539906346099, 9.019660991843738, 13.696466266084714, 16.375237489041993, 14.96343039489661, 5.9472106028727865, 12.839034449150462, 11.586474388848902, 12.140665896368724, 12.305251538261398, 18.31509083350182, 9.294056394458435, 8.00380427296961, 7.633513941526698, 12.415410008012673, 12.15920760175031, 9.489491388114724, 7.18973427626036, 8.736201491450172, 11.606454751775612, 13.003089827755575, 8.026873320295337, 5.086474699297492, 11.590465182768153, 16.593461115643, 5.454755872122952, 6.024583855720713, 5.4047640014434775, 7.62012495007227, 14.850423227825367, 11.394110915796563, 8.306178488157562, 9.728474474539707, 9.111629322755938, 13.064757528923023, 7.671734025923461, 12.716209958436792, 4.240764818503197, 10.899627993887165, 9.095048575202012, 9.011559704705336, 13.685842931373966, 10.241408061500753, 9.947312639817486, 12.24884922593597, 12.458756055617993, 17.599135248225682, 11.55934063153866, 10.82637351052348, 10.382285509369009, 12.919899157785933, 13.472213405561522, 7.6023638320538405, 15.735054734003583, 7.1803345674772086, 15.117351179581, 12.283378810836897, 7.955569598679938, 17.20259902763944, 9.578006816551257, 9.801330871273475, 11.723471291278624, 15.793293594782952, 11.87700420212127, 6.033511357165584, 15.479849063409429, 8.508574621613821, 11.991674995169294, 5.140688219393659, 17.19837548434245, 12.035425886934393, 8.119980581400386, 12.691330929333768, 6.323734542309313, 12.225808349474791, 11.693377230063714, 9.819219452228552, 8.02935225470556, 8.151693833025456, 8.167472081120712, 5.629498503239033, 9.906676569143926, 14.426095958766389, 18.290002156000607, 6.810767666969373, 9.456539959541823, 7.490348475799797, 9.441259810416563, 7.735192672315655, 13.301790484529185, 16.1965376463793, 14.021946567490224, 11.894646591410835, 11.494311229398173, 7.576099487413837, 5.811767925855145, 13.247163982261851, 7.830129882803646, 17.671923166438276, 7.247736636557697, 11.568503540800583, 11.221594559320284, 7.665325010460098, 10.081728232991521, 6.773894365954872, 11.262539092200358, 11.65720706429401, 10.747486362112049, 11.739751881440515, 5.653873624308244, 11.012111625458362, 6.25823396787546, 15.259777459328083, 4.883050664418048, 7.3590396175526225, 12.908462102110123, 6.654431662457866, 12.688971120273964, 6.644747522476429, 4.3351897576874725, 9.34283753018699, 4.828561038013448, 10.443116681334752, 4.608801678252373, 13.38239625786327, 12.445748283481313, 12.188593013788205, 7.8222531838711165, 17.724085277084374, 8.970864846716513, 10.483471147078193, 18.863533277200727, 8.272318905581484, 9.139064132068587, 5.672045348428911, 13.760093655690305, 11.162743768905157, 10.171694322376615, 16.495907074620746, 11.24347494019961, 7.375752909448072, 10.549238715828936, 15.976979560468438, 14.686339691634414, 9.263528576778668, 16.659240449215066, 8.248922997521884, 17.592466815314033, 8.817421068559003, 8.681787932148943, 10.801280198024745, 7.451003617441726, 8.62537155243493, 10.96947321526027, 14.385992133099249, 9.059869048593198, 6.043395733867196, 12.69272112770559, 12.45020696995318, 10.19458251628219, 7.102688794488761, 16.008190264425334, 13.442184521368306, 15.447906417321954, 9.116283640960116, 9.400839803344097, 6.406219264013416, 7.424308376053205, 7.39312403186758, 10.664724656112748, 4.792802076767692, 11.472661705258435, 11.71085030571681, 11.667165639925154, 10.949057434119252, 5.256426682150276, 11.277175974237796, 10.121696321196067, 3.8804880745173658, 10.447624489658304, 11.418241748768441, 14.155629121953709, 13.295378015317228, 18.435910139433812, 9.752979398936448, 10.742810330323199, 16.41984976166523, 7.79627488898787, 4.612976745082094, 5.788513037181398, 9.132568832887333, 5.890925695360162, 7.348527451677477, 8.1175883362825, 12.901427325452719, 14.052437859753246, 15.136607853237308, 12.375840363134717, 16.55326129883509, 9.081782792393442, 16.308355061013252, 10.880432306409258, 13.406032065847327, 9.74369399329563, 10.498785343294388, 10.27853263603126, 9.519212071709713, 6.757409583938036, 10.40995104350156, 10.779032365496967, 10.505126364565857, 16.71004199330739, 10.94237235038284, 9.617684349103671, 10.198421682413887, 12.066998319693564, 10.337199109864642, 8.926567580950417, 14.758960594899374, 14.379676754992172, 10.494140648147136, 7.040451952916837, 8.853796577803905, 8.158221282213871, 10.384250380149416, 8.328822294053035, 6.530507486623484, 9.915483142600692, 12.818436455775235, 12.945681932138644, 16.928687412279874, 8.288100513265313, 8.428027969318954, 9.351561061574165, 10.9633758402722, 8.949737597295167, 16.68530274078025, 9.42463027431292, 11.216943336198753, 8.585319618961739, 10.240616732949494, 8.522298392256905, 10.90763533723213, 9.186596432129365, 5.5622899828044385, 6.205929867507489, 11.923709551593104, 12.467225878310796, 7.220257486796412, 13.659871615933207, 5.627626555739944, 8.61117140645332, 13.395702696585248, 10.404193143227975, 4.986088297044633, 10.311367848366523, 17.51714038472536, 12.347352378690397, 16.88671733086924, 18.462372220502523, 10.322874052640604, 5.134459759196316, 11.944268765301398, 5.397502818266156, 11.97903231198829, 13.652921692933703, 7.035673765253546, 10.465958591046265, 10.432426557909881, 7.575763190958153, 13.372443534551978, 11.916158349553799, 5.4476371631567115, 6.429671785138606, 9.923616377788205, 9.058137160774756, 12.400221436615118, 11.5097569614424, 6.804738129015462, 10.67851485308514, 14.704589199292707, 10.687916927608482, 8.44445742415853, 18.76016335500779, 11.957821254487078, 7.7059590001823475, 9.74365198524668, 11.95038561239869, 6.298366333797674, 13.494882146320299, 9.85575406966724, 6.561478385728747, 13.416844256034956, 11.349393502400327, 10.215631027763171, 10.013364892520073, 12.686215410178733, 9.883481473510198, 6.81286844899213, 17.046403347182345, 10.619291564073553, 10.787894885221641, 6.830830544246709, 9.062461555471819, 5.310578982546771, 12.815901264805332, 14.887058528599166, 5.835066643342429, 6.29673357509232, 14.246847872252134, 3.6681118725277524, 10.978453723200259, 9.253656003555202, 11.229605078402566, 9.52958603791746, 14.422202850008201, 10.124511950785354, 12.406232694073095, 7.17444598972284, 8.561557737299534, 9.864329657505865, 8.876198083880174, 14.163203296638573, 16.121260324973456, 8.771610398769056, 13.87810272979348, 5.336991366407861, 6.78157530370423, 9.604631964562632, 14.045471604288668, 12.03600291086169, 8.96398191786978, 6.550773498812986, 14.616742745366809, 6.722285400734236, 10.015317082217972, 6.943234467320716, 12.389853427286136, 12.522934505878789, 13.458456069508047, 11.102332088103614, 11.509849495081195, 11.585737043343432, 12.425475948726147, 6.9973266773253355, 7.5282073316021725, 8.409682964389106, 10.432169851355193, 9.426746419965701, 12.473653143436069, 7.012773781216881, 10.81959633237191, 9.416444400779, 11.998130704275539, 12.77791385231212, 14.63209722847305, 13.296378789277197, 11.346307707545831, 18.094545584018746, 7.087549004327915, 12.198479042918418, 7.019790116996397, 16.21003587480043, 10.742024579348387, 9.773815083082697, 17.300840324509057, 4.690890433833683, 9.28221337133966, 8.797518585254712, 10.747569597668672, 12.217776946555201, 7.410585480078308, 10.118981859083641, 7.776427061607146, 9.156212235159533, 12.32710665843343, 14.529592498826569, 6.894140541678477, 13.484579455505306, 8.056520385531424, 10.06340751120751, 6.9787052176413065, 8.203639580150755, 8.767321685746298, 8.081289071497073, 6.652370032854121, 8.580159139781683, 5.566606873905996, 9.108279363514574, 7.729071193705057, 13.28398291673259, 10.620211167925149, 9.511984144596013, 14.899303865141722, 11.207854208037759, 8.026157204682576, 12.187892336642921, 11.752466933577557, 6.656536292954585, 13.85332111035182, 14.393006383360383, 5.435749702315636, 9.841789192816986, 17.578248369967273, 18.500686600510413, 10.981705816993504, 12.16369712015872, 4.523711873473163, 11.491243425513867, 8.438285789461153, 11.340360095644744, 8.507368039467565, 10.244929489003143, 8.768771514630036, 11.250403536583496, 4.4733773340396095, 8.646388609908152, 7.024452301067267, 6.018352188190893, 13.59163015310541, 15.444153472834268, 5.180505162299752, 7.597749906111968, 13.636974442500575, 7.627317012987152, 6.819463590189316, 10.913317014881867, 8.657075515536073, 13.958623857043422, 6.622974086174843, 17.72003777533376, 12.438363524231749, 11.327133426196086, 10.437775913552418, 13.733547302542613, 11.814560786496122, 12.172944795797386, 11.850545957936612, 7.343659117690236, 9.558628411643463, 6.011283907521318, 6.854908527468355, 8.87879778192299, 13.422990237864973, 10.999909996392608, 19.005731146808298, 4.963753983684149, 8.023292509694079, 15.8409221122481, 8.379838127852812, 17.550523285118974, 11.64463261799642, 4.798968084694444, 8.074159716106998, 9.53123687238429, 8.320882141997561, 9.703698024833177, 8.819449534949912, 13.436174625312637, 8.594132742682532, 10.233034640453756, 8.976083331549853, 10.036727292554021, 9.965458800319562]}]