script/wind100m.json
{"header": {"parameterCategory": 2, "parameterNumber": 3, "lo1": 6.000198445256149, "la1": 58.999992894266676, "dx": 0.5, "dy": 0.25, "nx": 22, "ny": 24, "refTime": "2024-02-17T07:00:00.000Z"}, "data":
[rows 0 to 23 of 24, columns 0 to 21 of 22]
-2.1941957374015146,-6.162635854821871,-7.14424222620846,-5.28672408275467,-7.948321761053685,-6.642814783037885,-3.3481732833588778,-2.0664882691232243,-3.535146626311748,-2.930085045673152,-6.544882724276271,-0.1148789184887486,-5.444925775798504,-0.159035419592253,-5.418560004581766,-3.447864914752667,-2.4896011771785242,1.3849437848055197,-1.9421679196859725,-1.9303579805632727,-0.8016950446269961,-3.486533084945922
-0.4628479800720559,-9.489842000517648,-3.5443588638734065,-2.781136845953836,-3.0802933332397244,-5.063097093638249,-7.69624412297063,-5.073425700146445,-8.871593278987786,-5.312959926452785,-4.42426061242094,-4.433620383095766,-4.345003494175407,-5.155143095269091,-7.593625369112887,-7.551705862452956,-4.392501267101607,-1.2481704531932059,-2.136683091444994,-4.585446424333317,-3.4088753711120754,-5.630896406184902
-4.986782670143928,-4.731746232391814,-9.509753143443302,-2.3987049615261444,-4.359513879531942,-6.3590504566068375,-4.879725912073054,-8.321454750308408,-2.6494001210864933,-2.932274096027757,-3.533716860425651,-1.2007538672198814,-1.470649859804385,-3.4776339013242175,0.42816265414897053,-5.975376688748848,-2.8335940045205827,-6.230224299298354,-6.959583180998011,-2.3320846851921595,-6.548640192957714,-0.37103958562712264
-4.613032214691367,-7.395760486908506,-7.69438688758165,-2.714765892386041,-7.43418550239859,-2.296225209294814,-7.979052862804171,-2.6431259356317036,-11.176269056030238,-4.8533410173244995,-7.601170607941913,-3.262703496359486,-8.353211814302382,-5.159123000986157,-1.8925095217372812,-6.212471476890084,-3.002520874566412,-8.305631558999094,-9.149817490586205,-2.353133015841362,-0.5761080190554584,-5.027462971407217
-6.812934600884267,-2.738962347365374,-3.5071992147645212,-4.213470611434499,-9.741113233934588,-7.440702992370448,-1.8581570814987096,-5.254970482800047,-4.4942652986155744,-0.23752810681332023,-1.9985929849184803,-2.211072615660484,-4.345508851773678,-3.0833953566548944,-0.6540858183837986,-9.854411774522688,-3.1536582567529226,-8.00366771451316,-0.6491963065737666,-6.86457783173236,-8.080027295005655,-5.723993898568383
-9.76075474263008,-6.244246319755332,-9.609655719023003,-0.9233113407173059,-7.295788291423644,-8.14810143957475,-4.321857475840948,-6.447287226446059,-5.974749114308063,-10.459153877276727,-9.813056505948849,-5.628362078597092,-12.256561228851389,-4.218361831430288,-0.5326882496633725,-4.6958889659009895,-4.70398062299729,-1.4827197625911694,-5.887806362547553,-9.843025529924407,-2.7319186506444857,-5.640345811434712
-2.7708515537163754,-12.099034876102086,-8.632691204249186,-9.083653599661186,-2.474218349174222,-1.1910390411615615,-6.8671395009755285,-7.03086398628478,-2.0645861557473983,-2.438404169978596,-0.009744273968316331,-3.0431167188822985,-1.876717429607074,-3.6921466895014317,-4.353755679528394,-10.485423374355221,-4.798403986357762,-3.4813562123913475,-9.984059321664173,-0.7939668536210263,-5.72038156475508,-1.2041012691757584
-8.065153010238317,-9.122412801763831,-6.605977476047345,-5.330986366390496,-2.4656260933702114,-5.97179926368298,-7.552221775573719,-2.063102009660568,-10.689287585711545,-4.6249197851232795,-9.117405272875013,-4.4089460004519605,-3.1476968719410485,0.03850229061057834,-2.3967816700958116,-6.330865051913074,-7.98788193428798,-2.892000741056921,-8.007109426268332,-5.1363102619415475,-9.310495894919782,-4.323490444972454
-6.933446081416868,2.92248757663044,-2.1589942037663543,-7.886726621057498,-3.432671055801157,-5.955081451767139,-3.32113741883909,-4.854395507871215,-4.872852270289714,0.7882782223675797,-0.12241457097931416,-4.668327054812435,-8.094289763728177,-5.529618909395544,-1.856605387893117,-6.178765318220076,-12.137726158994447,-3.3277850063552505,-0.22570784209205175,-10.467390962506586,-3.9742258510536423,-4.07647025840052
-5.6735742128382025,-7.943555996592966,-7.7351638680367305,-4.4523517274585895,-7.888270153717707,-0.9234810694580048,-6.244549501022914,-2.8462897284140585,-7.633411784967349,-9.266298141798588,-2.4470480858312884,-7.417205157769456,-6.510201915803611,-9.273541387623142,-10.10505321063596,-9.829415406640697,-7.944681585546961,-4.7849618979003905,-3.575609167157082,-0.16008227681308237,-10.708824470356426,-4.208094795338588
-5.644252251855043,-5.161297807920025,-5.111315933386993,-0.3436016338552202,-6.038089020981865,-7.456451679100049,-7.326019001462036,-5.138970133110609,-2.692198475445766,-3.1450909630733372,-3.686246293763789,-1.2923950181545814,-7.431085292755182,-6.012080224185384,-5.058017317833457,-6.083489029168358,-8.569372369328887,-5.910179341448837,-8.369086049954987,-1.749935501280563,-0.3514551257265839,-4.18544438705159
-2.7441145946244356,-6.192149307312588,-4.855150129630671,-1.5879910506812192,-7.310775816085996,-11.370126892933552,-3.7431913238258843,-5.023984369983912,-8.150012559164924,-2.2430507093973167,-5.250085554805546,-4.587536974475776,-2.981585965699101,-3.930284891942503,-5.935024814112471,-4.201815868783165,-5.7721068943894425,-8.744264708678545,-8.208175418816012,-5.515129344830854,-8.001296607244441,-4.577144966279282
-5.734165189594525,-7.988247434918726,-8.542889587051244,-2.141548038973199,-4.83491585514397,-0.5300221545494962,-8.325831965376793,-3.1855314815907123,-0.43967506446999133,-7.243124172399507,-1.7770201245633457,-7.445913734976462,-4.475399282786837,-3.651505148062805,-5.934366127669594,-5.900136399143874,-1.2375880535103339,-1.4873018301327479,-6.420370781768123,-2.4116599452128424,-9.299574584974515,-2.4920423080800598
-7.726487436099167,-1.6373068721767214,-1.014473080173632,-2.99026437411942,-3.1004223299074014,-3.996263577400437,-7.920263659592585,-9.10096312130757,-11.656558896130516,-1.8481318277591166,-4.397470802111636,-3.9382926130066056,-3.334415830534589,-2.0184439645180747,-7.309089441923379,-9.812000941090252,1.011045392329585,-0.4543311617312736,-4.3708532308522665,-2.334716364273912,-4.989718758275505,-3.7234080699564744
-3.7166552347200272,-3.4713016717117875,-6.507861114651383,-9.994577720089497,-4.592015425626774,-4.550243927124746,-1.9552213306896888,-2.6411470337332696,-6.581567091880305,-8.557324550504761,-5.0146268178371605,-0.5299219458360253,-12.304094100130289,-2.6545290216606303,-7.468145572634522,-10.373624528363566,0.048108973378781596,-1.0854664505288627,-8.550247645883328,-5.476335449041968,-9.080500137877506,-7.565857882054337
-5.597724074160862,-9.384813925294637,-3.127810450245532,-6.227500966116879,-9.219283500971414,-4.082813591111763,-3.7039999915719983,-5.887881253198797,-8.059662003064647,-5.003971520763004,-8.779046864658845,-5.371531946964962,-3.32511785704942,-1.3609862336997327,-7.993204299573645,-9.470590524783889,-2.830439138772718,-11.50825850077249,-8.110856560074128,-3.5805567874347024,-4.95652945242646,-2.672121777733015
-0.25760480935469815,-7.923575459451966,-4.220164647857329,-6.138830141471244,-4.8218832752304,-2.4231170686227363,-3.5452078452927713,-3.079854313214779,-7.6434595678834585,-6.911753261757103,-6.355189813649314,-7.172810200754768,-4.838712705670322,-7.450421861216012,-1.2504489535303525,-2.459107131015057,-5.338443613975662,-8.05282108286846,-8.2043082111365,-5.131682397993997,-5.186487993518316,-7.455727290314406
1.1725945919637641,-5.145386364231451,-1.3232678637057296,-7.375278297934999,-3.4385915607827036,-4.878254760792489,-4.042616794176172,-7.559675811599994,-4.687169745577066,-5.943218693687887,-3.5774539081847867,-3.1579263785466587,-3.3233556050657986,-9.805461519695909,-5.896709385216714,-4.918849579791215,-0.2666091387443469,-3.8096412262268182,-1.6233788679939243,-5.278600603020318,-5.506195983762649,-0.24937807358404715
-7.311696714653842,-9.520735865625682,-0.6537896582694125,-5.330287453246746,-2.1071748212470527,-5.041477162385239,-6.424398615870326,-7.801693960486988,2.05507816928862,-0.6520114985746521,-5.27917370757883,-7.914964990271151,-6.086454080392882,-6.2267605902479595,-2.9486946500769116,-1.4995614714877965,-7.210103050927602,-2.803302554367525,-4.002279509461558,-7.5254966536345504,-4.4595673436506225,-5.07492930443825
-3.767484908597185,-6.976262571806092,-3.808550110623262,-7.309708149954105,-11.454967884366463,-2.0033173206678674,-3.390904509699034,-2.560253865890036,-7.1698416913072665,-3.0872669335690217,-3.9568883549913783,-12.370951201525825,-5.78707298073598,-3.5989753188937383,-2.951330049608132,-1.6701265707730932,-8.001950001098473,-4.200379300420863,-9.305401007310756,-2.952032829357045,-3.4312420972488775,-3.0054067986345077
-4.211376577707707,-1.1311833221632972,-4.695220293155838,-2.6687547836713663,-5.754918841761092,-2.518805966783804,-2.236130863087553,-5.987836234936346,-4.179977756020658,-3.4145396170591487,-2.4537520525911516,-2.0702441184110683,-2.9475892271065582,-2.563357492486469,-7.47320275314788,-0.24873999320962384,-4.920000333848764,-9.698310538453077,-7.312901504294867,-6.624354529709359,-5.921700793645579,-4.5564803871316455
-5.6093277911510615,-6.44218667274452,-5.083393179987128,-2.123478886818234,-3.9561275058904464,-9.742048884711048,-10.48860933291397,-6.490662674981579,-9.3750179200431,-5.236211322816617,-4.378174346450277,-1.0352916953687497,-0.8396055741859902,-3.328907127818526,0.06892628560514004,-4.639925711349972,-6.17056042952386,-6.0552142768657005,-3.178360462072529,-2.621793943459754,-2.911345576642831,-6.822018475889691
-6.516904333156952,-2.5315224979671487,-2.5428175638186197,-7.327247707703626,-3.207729538883279,-4.479080532866938,-0.1096238222563682,-5.934444969204045,-3.514151297082095,-3.6966730265092433,-10.79501113993673,-10.18403715960779,-1.7257097583736893,-0.985861182282587,-1.6155115747679465,-4.830474304458983,-8.966202918183189,-5.990986936608375,-4.988503461753982,-1.6686588356717047,-3.1933622539442377,-6.138490803590993
-3.1194495541007443,-8.30885851580748,-6.12739961892917,-10.689909637581902,-5.118001925583919,-1.580333949756981,-8.780735865213984,-1.3670475700448925,-10.546605864612175,-5.584234987920791,1.9424488570987108,-6.66596472161647,-5.839885088328173,-1.8129772148043115,-5.505359302898151,-0.8548003317996515,-7.953482586472354,-1.9537323914260343,-9.393903063359076,-6.654943580481729,-4.193374208977018,-2.9872761173426414
