script/wind50m.json
{"header": {"parameterCategory": 2, "parameterNumber": 3, "lo1": 3.000054539987559, "la1": 64.9999836372058, "dx": 0.5, "dy": 0.25, "nx": 34, "ny": 52, "refTime": "2026-02-02T14:00:00.000Z"}, "data":
[rows 25 to 49 of 52, columns 0 to 33 of 34]
7.910828854719823,7.57394521399746,6.310258304703448,6.15087528655946,4.566790630719544,2.6006456195785455,4.538180214521736,0.23438672271835756,-0.9431526826384359,-1.705102155228181,-2.8514737864078454,-3.4784146873465445,-4.3404504582480925,-0.34152346210071843,1.160347373477498,1.297690155912317,0.5462080108326597,0.3270976170634154,0.3150241451619227,0.8330784325286126,1.0581971871423896,1.4298739565251664,1.973502709838595,2.016019314372549,1.2856742053278827,1.5614827170254937,2.298853127303851,2.341550149504626,3.5397360847593453,4.128746971825364,4.215884186268455,3.328939916685692,2.4924288056521355,1.059566094278173
8.393358529612001,7.195127247313449,6.463900732139434,6.205777527202252,4.505310794313817,3.0358941111930506,0.7029362509630162,0.17801977946819877,-1.388711042946284,-2.9604066243191625,-3.224097838969699,-3.4511590335420825,-0.9575131316292498,1.0847297479404454,1.7945972185824932,0.6617369555672122,-0.11489126110805198,-0.08263772896568726,-0.10064562906554417,-0.4585414283391569,1.5398638754658125,1.905500771028584,1.7121592025936856,2.2919400079702568,1.7110373421388991,1.721297709312861,1.9346239695812442,2.732751754569059,5.327331313305259,5.540271689698184,4.9966629972178,3.665405805063371,2.497150206097148,1.0175167545007504
8.690732862817988,8.243741454803866,8.274571748816907,6.989807311867937,4.870515133164109,4.121135636335358,2.048098878982665,-1.4146783987860854,0.09050224355579323,-1.173453791926131,-0.960246877472869,-0.8714844855715171,0.4074798301222796,1.2175277201445556,1.6261104805773652,1.5333377199770377,0.5489673088332484,0.15009042450253857,0.3257470459626624,0.7602586565012778,1.9751964240522721,2.203508647660145,1.6415766739616222,2.5282718736837246,1.8782156642546057,1.970485780574135,2.215064315814851,2.6860134874877986,5.06084428645019,5.175157181794632,4.694153968100406,3.8845218842188607,2.4010620068558057,0.886955824869167
8.263859807449391,8.220440691462002,8.582291442012304,7.366844402451655,7.4676001942510615,5.806901087318043,5.090722822077295,1.4336795854739135,-0.22860352241800397,-0.18079149887168688,-0.0866772187326249,0.7092401037362757,1.4635080279848525,2.612218261353833,2.832721327463519,1.9636292655876528,1.6253124977600344,0.7805262352709609,0.7777546113225184,1.326509796871986,1.7471118847217828,1.9561498938664093,2.2198782861166,2.1972704526073263,1.8211770708322854,1.6018283094842964,1.8021613040083433,2.0847238311665577,4.903039339329801,5.590512623549475,4.403336328432626,3.509513771387613,2.20131774703787,0.839819785414423
7.403060334972808,7.526080679357518,7.531860215595532,7.302075551299722,6.970158405844289,6.384357560715177,5.085382508849481,4.162286489971329,3.4495761056927248,1.9273479154493287,2.4919681409620082,2.6560612276196176,3.4310499992592267,3.9480712530793607,3.779967776231964,2.9199251865600044,2.6254667623276786,1.7838015919863193,1.222837344811507,1.6957132291923085,1.9515415314962539,2.138174318310392,1.6801070241662428,1.8386075444380279,1.9213549532306513,2.0571828509480876,1.9720420065191864,2.281811634195519,5.3242538834973585,4.949568644418741,4.187518433078637,2.1919383330060853,2.678574311519734,0.8690596305279554
6.545531430664828,6.716404283557492,6.564325798287634,6.672860432825127,6.514776517748123,6.29294160971595,5.758431773813197,4.962779512516449,4.01329767585505,3.451456974879837,3.8980584603239246,3.0080426101954365,2.4240960860933702,1.9536471381066245,1.8713094076008638,4.365171188993556,3.168961087601334,2.3882217556865455,1.3953762978241369,1.6237396612743826,1.8526368076801065,1.986856814358607,1.8420876852962265,2.0710336129091154,1.9821988057969249,1.931603694048656,1.8367279771101808,2.3025434340030433,5.829579520803093,5.15064272261953,3.319366317262423,1.8819110186881112,2.5790554383439623,0.8023774384007302
6.094989762489374,6.084450879842478,6.0747752908359365,6.151318070476371,5.997967638361903,5.776172443355183,5.743502377294574,5.048474705307311,4.420413655360356,4.0233497450522036,4.187383885250444,4.231999120722985,2.638465035151266,1.2278665489157212,2.0150998315162707,3.733505955730858,2.5322028590460035,2.83593395821536,1.9752767403332623,1.4864219646079753,1.5918040325513108,1.7296928904240376,1.7655135983958161,1.9022248872930738,1.739600291047308,1.8317352584401192,1.983529390993686,4.977520214543209,4.3429206250622245,5.3447125969359215,3.438686688350825,2.481131429155721,2.5524530553486584,0.6967225647886942
5.9745434210337445,5.869078502780863,5.559598706386208,5.324732019680207,5.377746777732834,5.144791008513397,4.847090565992716,4.252073156176613,3.9221659043770103,3.7030276016943326,3.4329238311447425,2.517740490317635,3.2179627912712876,3.188521813100256,2.5165269993399155,4.2085631130421515,3.9428157300667777,2.6620371844020756,1.8969263693437368,1.077885393289673,1.349041414790373,1.6970587344603634,1.8693107945312182,1.8954932678792817,1.8323811191451391,1.843415300559867,2.046918093242621,4.167395570217499,5.608329385634105,5.480665266935536,4.152133210404464,3.857837295452227,2.3965122535470877,0.6323395256410834
5.12587165926954,5.512201869190623,5.2922347527839735,5.102278176166984,5.03433939744471,4.947465835508372,4.7139641817083255,4.216987518447275,3.9472678869510456,3.412963806228638,2.6724581640692944,2.040380262081839,2.8191991382923027,3.437143249277969,3.786794071541813,4.9289646135183025,3.1071680894856866,2.9823949293738448,2.662976158717186,1.9939729478604848,1.0964497178211854,1.409198612813962,1.7045908910003063,1.9438684817983591,1.7731685430159716,1.7983762781882808,1.8219479623659807,2.8718296865712483,5.466839515861264,5.2400213929405615,4.739604219861571,3.7131384700506946,2.2670436518210066,0.5562547721460053
4.916321362443269,4.670213625906087,4.914402745889712,4.9725518256131265,5.274267990456771,5.2433940306902045,4.883647916090939,4.791131972668345,4.141456247622353,2.9543265964770473,2.1787468358679454,2.265967414878348,1.6451666965033904,2.385561511928476,3.042694735902486,4.4168979785958005,4.753203660893132,4.390115210333644,3.671698838561117,2.781886617564653,1.922571113560038,1.9607113180325526,1.8632673252390697,2.013976907232866,1.7897359098275836,1.4868804813799807,2.1971466094565026,3.8413826243395732,5.415601887249724,5.404283728565899,4.641080016094201,3.9019212000378842,2.0766092812021166,0.5024613314122716
4.249969031647528,4.4320242940257275,4.2644329493140924,4.556813179691502,5.342528979223861,5.797464483164025,5.6000080278688555,5.135781857514248,4.9242124116982895,3.911827503785613,2.9120123172443937,1.2892487275886713,1.9977381246419117,2.5716658706328834,3.173023317175016,3.223806316542622,5.267121578803785,5.572219321944464,3.5901641899214622,2.6911396143139035,1.6025696391238489,2.17274528241294,2.0315177526698975,1.7154253693215857,1.4263562984535239,1.8202787022434856,3.217685265640976,5.193128303726495,5.672902570566918,5.6240223348492915,5.105554261328592,4.021389000755487,2.411178234202644,0.2797789936748684
4.3128549256256346,4.37922021200151,4.097297376156129,4.256012977808604,4.766095272365509,5.26925390628734,5.541203353061292,5.0723443947789155,4.423697265412187,4.409115599443856,2.82192393833147,2.4907197244419876,2.2625439901164364,1.7467033984054556,2.18567971515007,3.380944373606937,3.9941907965703716,3.92708954488958,3.40295950489755,3.9282082566072476,2.611237323697531,1.7639413855032549,2.5059799683518214,3.2317007945102043,3.4753271538519215,3.594153370636648,4.0178781888576625,4.656616970759737,5.673957326117201,6.008257609704431,5.411223007433427,4.375847632442887,2.806294947067855,0.629956207635474
4.583509745338748,4.152397453451079,4.052367379752631,4.180164723659459,4.567742315570236,4.868656424845542,5.066403538234873,4.881252399269335,4.366690712402572,3.2583549965009126,2.7439186687876207,2.842320815438129,3.0439508892947593,2.435926217738072,3.49524675111453,2.4076111361442374,2.9616837763903185,2.548975347053685,3.1667741659460114,2.7649863443513616,2.328109822099454,2.4805708049269626,2.3037430797226808,4.2681802980621235,4.021068186731661,4.108056296683157,4.841745219434844,5.0926157094994915,5.224365069713213,6.000356792299045,5.774475932350891,4.806763880433548,3.4101218525939556,1.2190977550403663
4.131021267100362,4.0104963579700605,3.9764278478534845,4.030852830990074,3.8942024271416034,4.312464110994154,4.509180695898989,4.911022093075841,4.275439134824168,3.547179497445516,2.688498755447607,2.1871474064060035,2.339154583024526,2.0351953599955044,2.876087866688432,4.23800362004345,3.4568147144144774,2.701575542168284,1.9809718246083414,2.452543923689556,1.6886551212205372,2.0294460232070892,1.9637689964815457,3.8000572414826195,4.051461824288053,4.496667692929721,4.969377722144214,4.89018367602453,5.084227796039957,5.4053138263539315,5.499318355326614,4.877500864615902,3.6124494389405104,2.219408975187373
3.6711717909073482,3.5977370390777916,3.5789792478376388,3.984373591311518,4.517142416885585,4.1647768307875745,4.190940015551677,4.113937833602291,3.619177050691055,3.7036199398820884,2.9527175982830545,2.600195568712757,2.136924787672999,3.02115206578308,3.3496261952430975,3.256865350689651,4.18632250965079,2.4477723390825212,2.900436485162138,3.6066266541459475,2.7878192007927742,2.4078617007334677,2.5395397449062234,3.5424525117692474,4.406752236185869,4.336641998690243,4.507015367402928,5.165838548582782,5.524949249012286,5.223834452795209,5.204447029256575,4.685359953506852,4.104726947178613,2.7283786377821877
3.758489744247331,3.8223152052515634,4.175747586224693,4.364091933687273,4.040003684276345,4.006192386513521,3.830362610654678,3.706725952010931,3.6167778905058894,3.692813101236422,3.2607694773837466,1.5726074665456804,1.033085007938674,2.2802713025542167,3.457641451489803,2.529443119797771,3.9604044513826717,3.6009486961792634,2.307770661955982,3.3505285350041643,3.10188840531494,3.005741714336028,3.2067020209113535,3.1911574257401383,2.368909382077803,3.8860313837462916,4.4062536588007015,4.104883266080581,4.120199816710506,5.856343255108199,5.052281119935821,4.838953733004548,3.761587703975558,2.22444015737328
3.408218322316836,3.8956825438230647,3.772754113582656,3.8940755543816374,4.0564974188928895,4.084761847516696,3.7269092940133275,3.7018614737091524,3.5305753900706787,2.994222367909151,2.5959428919719025,2.44204566937575,1.9274017434426596,2.3187070728922916,4.128221628526882,3.4585706634275373,1.914303693811842,2.159033427698573,3.012080240725558,3.5499127510302406,3.561866867321315,3.3353100936231654,3.239277511124824,3.3187703870809933,2.859940336496057,3.137545270538256,2.87542622818604,3.5664112538737713,3.0566274816386634,2.111350417629972,2.7050311143659176,4.572119927198588,4.184921745431085,2.770895986615646
2.946634046992842,3.174096453271098,3.392364369428959,3.635387679659512,3.880028858707239,3.975949748836166,3.881745316145425,3.2565760913371187,3.3887568000985198,2.921142936180514,2.0336109453360005,1.2672247357265662,0.9268985009626183,1.4168456492905102,3.954071508229823,3.3172118034618028,3.059861555942754,2.7849336736196793,2.723133472433841,3.692597194464993,3.3254131121286576,3.771533736232031,3.447530544846608,3.241437618315606,2.7814394616071247,2.750260040927966,2.467151177287559,0.9314207632742418,1.7390475369673872,0.9141294411178458,1.988815919473797,3.7079662513705967,3.430989454825009,2.4308921272174664
3.489642024438135,3.356277960169871,3.835301672998029,3.6185169462014226,3.840036797998846,4.097418542799802,3.8910712182174683,3.1887211722324684,3.390138262745325,3.3793546373439383,2.860547451635101,1.2766249577079753,0.4276645549149047,0.8557479881449759,1.3325240296337555,1.6851768022527593,2.81573848340886,2.7739564565585364,1.8033546430485752,1.8693907282069753,2.2810673308733187,2.9988308062819673,3.270370420788763,3.064413362760685,2.5615391397163223,2.173714029647963,1.8708067599535725,1.2369966141183644,1.7864150580211422,1.7953598216169417,0.09607102921484562,0.32677059479138637,0.9042966931264036,1.7940972545503426
1.7913717167384353,2.8159669451160374,3.3400700360076696,3.3662473696336392,3.6611774335350433,3.5450064702083046,3.898972447765408,4.067692268544219,3.5277062213591948,3.4225328665453243,2.446358650112699,1.7575183034155843,0.4362952407537461,0.11701927766178016,0.6349925306148506,0.8061271601412552,1.3901866670039142,1.5673775037346742,0.8223823031897837,1.3974714764560057,1.8463788378426302,1.2753808601483612,1.3111074043612407,2.066443550926769,1.82511532403376,1.5886795683234154,2.0628009794822897,1.883634478630325,1.884087416490393,0.5808490819635498,-0.5493266821575689,-1.781737574793849,-0.4659618223256895,0.5232429229581784
2.283864861451977,2.014032236457508,2.2733355083387554,2.357963074959236,2.7582603151184553,3.034793160796223,3.380057392053484,3.151555133180883,2.9746464917469,3.2298991760910383,2.8790874315270925,1.4045337072755018,0.9393907403499916,0.21085713440963205,0.18729119143946835,0.578505083059448,0.7843129010785274,1.0884896264340447,0.7930001021657064,1.192714997111793,1.579811529165776,1.6463083409940318,1.3301269155201716,2.243037893991979,2.0158866127959962,1.5712822963471615,1.747047600372384,2.6648707265052094,1.0874031703919302,0.7411371991199868,0.09097499709243838,-0.46004704710538963,0.358547907100564,0.08171758266725417
2.123616617208004,1.9081024295557092,1.024191244889048,0.9282470347185657,1.4037174065021683,2.7750825987433005,3.2338888823516982,3.4669004292007397,2.9650378471661423,1.4368485291113975,1.9007086094347598,1.260720457396396,0.4665270393066759,0.6559180913411646,1.3597470098524573,0.10012243565612615,0.3553634656791445,0.15667230525630957,0.01612424095140818,-0.18643697585433272,1.2786617801408997,1.2913275417539003,1.3937660707262525,1.5974903973312846,2.662122116159665,1.809813711157511,1.291814163012177,1.2662941930237588,0.22529765403424065,-0.10500423086580107,0.13181606285140707,-0.5981162564720821,0.5155532127792838,0.5499684858702935
3.1178180250921375,2.181642838342255,0.9655437325388578,1.217507695648498,0.3698744943184898,1.455046740665819,1.7210532345757572,2.078654287044183,2.639857534735024,1.703870391441122,1.3090742410510385,1.4488842896429681,0.9951843535941806,0.8184031602180584,1.0573921978517262,0.7175408984693208,0.3551695609363287,0.1255998142106583,-0.38908936247888515,-0.081635083339192,0.27485518638132656,0.7457644222645547,1.3228127517218338,1.9061407725838833,2.1753978967433056,0.9640032078136779,1.1209044141055284,0.11978493835814653,-0.480721578363797,-0.7607232084070962,-0.522383621060122,0.44354936155983193,0.27541266682219506,0.1610245209608177
3.196426685637762,2.989991466525707,2.4455164429115706,1.0573071470587627,0.8044201853089447,0.11081291424281214,0.4446409846606365,1.1934189332796634,1.6796319909060387,1.6609942289767852,1.0850000744337758,1.4373691354900255,0.5327663835526283,0.9309353960042985,0.7189485074737505,0.9134745003210885,0.02153125771880967,0.51136254875852,0.5280798582951614,0.053368469319692,-0.16215354638036295,0.19298964888653353,0.523153511072453,1.4569749415218194,1.5495636386324094,2.451893628868315,1.3894888745934495,-0.31717328056555283,-0.13530316641081594,-1.5926139697871702,-0.9187613008054546,-0.7290093889343341,-0.2321740561588217,0.34233778145299687
2.6721463467194826,2.2367989663769636,2.00840686967654,1.4067404213556758,0.899749569603642,0.9237110675490054,0.548615156986416,0.5635467004360339,1.129281230033436,0.5517174099961335,0.5868409625402936,0.6847075341147072,1.2077130802756755,1.1375617412279637,0.5444981717671827,-0.2840159630618252,-0.32290254896236015,-0.6016775230794512,-0.35508745504602457,-0.10937690899334884,0.12575658302291198,0.3970339623696513,1.4495045231814117,1.4749516359757024,1.6878514360421213,1.0545146738267301,0.7438786949558991,-0.0527298871447114,0.09314450803602262,-0.19413748467784261,-0.5446509376858729,0.02801676904918549,-0.16535236645715956,-1.472177044183574
