script/wind100m.json
{"header": {"parameterCategory": 2, "parameterNumber": 3, "lo1": 6.000198445256149, "la1": 58.999992894266676, "dx": 0.5, "dy": 0.25, "nx": 22, "ny": 24, "refTime": "2024-03-13T19:00:00.000Z"}, "data":
[rows 0 to 23 of 24, columns 0 to 21 of 22]
9.1048741867522,5.891562856210566,9.00087711904964,11.554294314821442,10.176831964647997,6.822024044340321,15.17068765128804,7.161701243305683,4.73610065742041,4.646680174563881,7.809823052327439,7.394854461120379,6.44259132558603,5.061708499210874,7.875363986136445,4.390552674947655,4.248614341446344,5.60308506996204,5.362349041142291,5.707054782792194,8.150908495498177,5.015459686428372
10.902235928383469,11.619240451524655,3.998087327548343,7.0801734317128755,5.789310381967005,10.272987114809895,10.90187896821611,6.208791104768316,13.553021061707545,14.491550904979405,6.680238801030178,8.328832873649356,11.472361536720369,8.422699035109263,16.38267588059789,12.8738616085565,5.664527645591067,5.037539253646759,15.382468612687175,7.2180188964126195,13.147480744511025,7.392527052706587
8.060078945593572,8.89755527753968,13.083555291691113,5.480611323796156,4.068356137127273,13.143267445761817,8.952509725739455,8.552373122630511,6.590380559659568,4.248831082330655,5.247949942046235,15.321985272904708,9.39717267117333,4.500355753997606,7.56837651121939,6.920404392133381,7.93036327399762,9.220853690146656,9.73119708975583,5.5750406361855,8.77531995627393,5.231091832869483
15.818172543930428,16.48270642542196,11.833081281647022,4.742759974591985,11.99453305390655,15.92109698807167,8.763942404513504,16.23391085036087,14.940816545820608,13.09690158715945,13.102793729500252,5.860053091617104,12.431224001616796,12.686878640989818,6.687056321096598,6.093931163699445,6.087899972996424,8.770587450974869,7.380225563727916,9.298138336257656,6.083765303577622,9.20171797155522
15.65175513029306,7.606302633942335,4.731675499161979,4.6634129782149865,12.923923986236298,12.537570346011426,6.022499770849359,9.254540229592012,6.664048483111331,10.444564135610468,6.603513660320326,5.694022171128436,12.655691612928644,6.827622958194437,5.1322995775897216,13.223315573257995,4.257950615245167,9.782402800642497,7.821958300570477,10.316433791127926,14.127964371152226,8.20159526397314
18.340003453997358,7.014074610326766,13.207117632860376,14.744511588965372,12.897351654035432,9.344026820558796,8.180469135447836,14.882776197557963,5.981165778895281,15.972692762353926,10.928879138311274,7.289129225779806,16.971895993193584,6.5630942150869185,7.924639293694186,10.446047280955689,12.17510119671115,7.281793436290023,9.420122199420032,11.850262133821888,5.98906599168338,8.552466799742302
4.703727651701911,17.879992006576252,8.792155548575328,13.74300999364813,7.814805335157066,7.649231754177079,11.091508222521634,8.9108381240667,5.897068079344482,6.274449580268734,13.04313904382708,6.311387914872659,8.455909303207592,6.283662026183248,11.102299264330268,13.375004022258402,6.8764431035012,5.211462280607287,13.204038060055153,11.174045663143556,13.28958523435719,5.251656989646262
15.733499587141313,12.563641955285446,7.991593287219803,8.60859024462825,7.38725147809351,5.780118491071165,11.983048339637994,6.283655532273741,15.842004342255317,5.458486653491753,9.043455428025096,6.329766565789282,7.54774618373739,5.622726944847772,5.605615319133207,6.829637666120552,10.026075484956394,5.901048478764544,12.723384005106567,10.492145569815063,12.789992756352111,5.382095684749939
15.526811409698949,5.922670387354252,5.473544383755416,13.972886253104559,6.091447270176555,7.47483821980956,5.609603410118187,9.161204838020405,6.913891593686978,7.0745326331211515,14.904374296017844,4.450984063135349,10.08954004052755,8.187800251387893,5.845448964645073,6.772504682777943,16.183951835163953,5.592841800291865,8.445205620663755,14.360393399521378,4.8503698996950355,6.389969647378549
7.510423437457603,11.908925689770264,13.403486789634826,5.866176489600152,15.785054835627573,5.031404883119448,5.835528504511875,6.562637377012773,16.38242775708979,11.945791421888668,6.205486189579448,16.189965195923104,7.478168335027543,13.470425824413955,13.371467361695775,13.067748247809643,9.945780362886246,6.533460000478344,4.018573746653238,6.509394819667563,16.09148067261842,4.727420461023616
9.720597975159551,7.413438658782255,7.679420364844114,5.728569507892473,6.106385598114122,16.42946879467865,11.901043991868205,15.269816248834271,4.730926706807513,13.496770348212307,4.848824208854236,9.365028364451792,7.867793887108978,9.217427342517585,4.759570990643259,8.663613207103177,13.886430329825853,8.944572173931803,9.610624376126097,4.666645353232009,6.3879224109433395,6.030779603107511
6.239046296943086,7.377790270802821,6.718512858748105,6.874590282168947,12.080962571359082,15.16121645808691,4.766499186729786,8.47735173170995,16.000017906486864,5.74403238687982,7.870384562222412,4.488417763346535,4.35644989428289,7.8665605706507105,6.86512027724355,5.282121782604142,6.435769489126133,9.802773567552197,10.766901969378507,8.156738137618365,17.4048876919426,8.049374766154685
15.66072614957605,13.049200803075617,9.533467802783724,6.979525814746479,6.118491831166212,6.04303986410041,8.635146777645677,5.306773474408383,5.985856761548408,9.286495514835092,5.3522649479737785,16.05957322653874,6.257454677436059,4.768404466347101,7.013292601446227,6.969340736654324,6.35303146782644,5.544826036753698,10.363520755425556,10.43032912990295,13.29976425334184,4.895121068046584
9.794430386328068,6.733975840943501,5.788605125632211,3.6521552301974904,7.627379916074542,6.254472653018547,10.025428458310225,10.075041498749803,18.241865630099667,6.256309698936257,5.497738857780097,4.187265173150132,15.336123921399453,7.49648119801505,12.600494569826376,13.083560562892979,5.662823201008231,7.104644069858102,6.778322771675273,9.913765457357993,8.758386721391904,5.214856545531987
5.672462735668447,4.986300620646693,10.78938020577438,11.209229263705314,7.4529215965531765,16.1649071195337,8.308840255124766,5.0800874244987195,11.754768092861179,9.082345139899594,7.834150547213547,5.065012596117946,18.205006692350235,7.481979951856679,14.054075301002364,14.23606345548031,10.119074221841366,7.967966899387008,10.912105426591127,10.709199077399068,11.188407545516526,13.084759275158952
8.13723370578145,13.234293065240044,5.593789851158344,6.464577819318665,14.781338547861711,8.660047486609633,4.1906074928384225,6.015916672972604,10.1731746307628,5.884110780089935,12.420950330031223,8.943923562774565,8.699912689134067,6.119092551987629,12.709900613913893,13.162248337748018,4.916662135302956,16.582401151994283,13.952211108776709,4.488375170031655,6.932606477013556,6.679322348811513
6.8792902347999085,11.397154139869528,8.490172746442477,7.588514612163199,7.480460149379328,7.18340097267685,5.1560026043308405,5.84411481970662,10.085959252049198,9.115819918691498,6.8672002176222655,16.091606612777863,9.598935592739398,13.425109796357296,9.254205275055924,5.090573968926031,9.178826924598985,9.772016143656106,12.465066405628582,7.134758282341317,7.234345744882523,12.380336690205846
5.956250140837488,6.174113240256255,5.525496539554507,13.079577611324629,4.867975855867249,14.611967973821056,6.692516579353154,10.850500427606004,6.447328258573523,8.223246574448853,4.661929697830805,4.595493986127008,10.234176921740259,11.411424839228498,11.658806931622813,7.5827287754002,7.616456416624166,5.080647657655625,4.7033882162199045,15.994603209718377,7.298216920410508,5.924461577860624
12.932125896989591,11.893366531717337,12.418649462192223,6.06437291879423,7.582248436322298,12.517657142933015,7.523319797767706,9.772924046428576,3.506776648590215,5.557270213583477,6.065320010621411,14.095385192270045,5.809136924841625,6.774188756637453,3.8214165689181057,6.285640604308562,8.997936015977622,7.082726341298749,6.942779237215404,13.113789734936457,6.5614385373044515,8.888243046175628
15.223886589258466,9.582528083261591,14.84347800520469,8.514181154530371,17.140234962510867,3.7092742809189567,8.68734991578963,7.537165672245078,13.86994994268518,15.561109931708522,14.785528962987225,15.792745298758131,5.410221737927725,7.6605467930343725,8.781990996921941,4.762078370259103,9.19507931543516,7.361033762376221,13.130898941236316,6.60709018001663,14.522946365573345,3.0028709058953447
9.877958546139942,5.092609074398671,15.752913299255413,6.054339004051896,6.818284494212615,4.602176443236806,9.429260867046258,7.32360449773699,7.090742860289687,9.107063465782744,6.229213334280245,4.375359763462393,5.344444817167161,6.6313969402047235,9.785304721943579,6.3030438969335085,8.807618784833258,16.663975527183354,7.801092528660692,6.8762435575086505,10.798574739199656,8.854204376107631
6.979265619139891,11.060729163478513,16.731248319496153,4.243085082857595,5.8950799666018145,17.021406430163562,14.155496350360636,7.482522736105692,13.15962423451677,8.689516987883676,8.16977256088148,10.334080384769903,6.731542659196899,4.282706310491651,5.114179172993248,6.2267847778036165,9.062115890024417,8.28945682848787,5.901101567731179,4.238094260748886,8.10289214809136,11.5186623794543
15.070945477434162,4.2491740888980525,6.477003383198762,12.295747038212825,5.676506836588297,5.183291016547745,10.2810740553872,9.020350562079667,9.12818780600043,6.043562904879445,15.756594382142632,8.400848069654877,5.090774788704892,5.60687161286997,11.6924206906054,10.049817840544705,12.636061195428853,9.248228533254784,6.640785914126262,7.618887543921952,5.735310354893054,5.651959590466785
13.068100126236473,10.880050929805577,8.232762804695833,14.385710290075867,7.837653766571141,5.812975134616884,16.57847017883732,6.56333261655733,18.658849905019576,7.689403689868922,7.023067128431854,7.482487993581912,6.017895542898548,5.40289155896012,6.3120810605139654,9.682097626153165,10.152650107358612,4.359988581947891,13.181428236032799,13.104234674553648,6.718352912527568,4.971285199598914
