script/wind10m.json
{"header": {"parameterCategory": 2, "parameterNumber": 3, "lo1": 6.000027932988019, "la1": 58.9999434238085, "dx": 0.5, "dy": 0.25, "nx": 22, "ny": 24, "refTime": "2024-05-29T06:00:00.000Z"}, "data":
[rows 0 to 23 of 24, columns 0 to 21 of 22]
1.406113900989108,8.959119905234447,2.084324705796487,0.4948857550138317,0.8152803737023054,0.8202255188950797,0.17971542512381553,1.847122759519127,5.360175234948762,7.080842896997902,5.402028480783731,1.6625229908780426,1.2638260245670248,1.46288700145001,3.228123124606023,2.2821538950651816,0.6966381229187691,0.2522914019032901,1.3574822633199914,0.8611123601778924,0.6018496529303935,0.14625211169100272
3.077487867921507,1.3121494565122285,0.7208389708583679,0.5665182651972854,1.0235950598070065,-0.7540977734468295,0.09534002687715835,6.265233633370912,6.874269229239933,7.385968339920445,5.79677765047634,1.5718337002502798,1.4662965110023436,1.5389709757258667,0.9945416414452485,3.3289804105768903,1.0453434414227267,0.6777063312078361,1.0852112511074028,0.6755158165671882,0.2985474987371296,-0.11132201470386922
0.9268253211352081,0.5010256473223305,0.4658661270425008,0.26284828213152067,-0.3624821419937145,0.03303952527451777,5.8645919519550205,6.66004302327218,6.701080983368692,6.389405669875432,5.643360504596276,1.2509543622753876,1.2878839284454537,3.6744513675598656,1.8162809552126695,0.8967033656988443,-0.49004715289939277,0.8270344061893055,-0.36240417370877787,0.4899880324231106,0.7096188221321892,-0.3495864660900417
2.114976270429989,0.07672999803938536,0.47635660651202355,0.30735876094987497,0.2985666520197429,5.1375825109729485,6.1094338215332,5.983410498231321,5.948733761988547,5.314479133045354,5.9117460854719885,1.6559127240086784,1.4502863033937918,1.387309269914586,1.8345222399880843,1.015041160866529,1.2598213757704362,3.4778671795963536,-0.10948901208109495,-0.07960181249905632,0.07529721086120786,-0.2927158952440802
3.1449129890146055,1.970989798673033,1.1437253463419772,0.7482417228812773,3.1905696260229384,4.888101056820058,4.820558482532937,5.225696910172213,5.1865039839555305,3.9687830683775043,5.918414960348072,3.576992659803291,1.3059042689868932,1.3072034214463437,1.331403276126135,1.5285859751332516,0.9436961836525942,0.8957234719756697,0.06138376480932463,0.3142860935350712,-0.131912042399912,-0.17482257972582568
1.996391155309995,2.300373349726948,1.3947336262289165,2.3101671854682175,3.6603169667125224,4.602234438460164,5.596470614456689,5.937541760787917,4.3239444008660435,5.6983506804750865,6.334844162202682,6.358108191228857,1.8009790461694477,1.521225988823433,1.4712271853752916,1.203613022255401,0.9671698512597767,0.6241494686691397,0.5537096500798203,0.48868204422675005,-0.13253243669364548,-0.019855106451825557
2.3053087894558755,2.6262626552962463,3.866236822969017,4.975793899724148,5.429217068517442,5.443547686614015,6.2921439921991045,5.69533547925775,2.666293707016757,6.377020061410593,6.84296489650306,6.663147277710951,1.1967623951619055,1.4496053777319902,1.30000354721134,0.9905214975012032,0.7574343361644119,0.22228419830958115,0.07168305967001999,0.03785337242854245,-0.0286233875955752,1.2430549160169762
2.7220717815884248,3.685436863877596,4.807740530372142,5.884697581829528,5.3237700879054515,5.976098095528056,5.812707985280376,3.211393578832253,3.074484121439304,4.9673059897271115,3.690446807337986,6.983605301706166,6.886277198273301,1.76032769390305,1.2893113851767588,1.006835541385433,0.5594489688942826,0.24770005113026364,0.4281473863551452,0.4214992804526985,0.4268839604613597,2.6487129717889104
4.269970648169078,5.210903824165378,6.442525876872661,7.070991589080169,6.010247470332555,2.4953879420968983,6.352738571069448,2.958638932290333,2.1566253756205906,7.49427251260854,7.871517435354757,6.783463869535225,7.0972436253024,1.9290715489331498,1.4488949202921828,1.156709641806777,1.0265681466049297,0.5825844689469184,0.5829490394991906,0.35741289804913157,0.6305817122052051,3.642502462370345
5.030329495133625,5.4784013996077725,6.176349668821533,6.427814625704745,6.827689909757496,3.1337319397361423,3.1203475247570247,2.981382995378778,2.2666040488315016,6.591088505999286,8.188761705318347,6.280179300896784,6.7597284368701045,5.543910676842687,1.2736965736655765,1.1771240500407023,1.0566068662117845,0.5396437829969776,0.3620110267913346,0.43684207181162055,0.11406928562113486,3.3577171698967594
4.829715732312906,6.3017220926911905,5.4642924590051996,5.819088961339684,3.1063279570135873,2.4740547888645956,1.0747445491025809,2.594265450030888,2.266291580462528,3.0748410937477244,7.696830940837342,7.768993122054301,7.885515212346624,4.807007489555258,1.685530610077804,1.1233869632396982,0.9730012455929273,0.7450598510442032,0.35345338635148754,0.30990562837603014,0.5785701159743335,1.438011006808099
6.480985055098554,7.273978031276891,7.863297115323211,8.092073997301059,5.058554424738053,2.780551847274468,2.6435525528721784,2.798488172771255,3.6025833273149175,4.903674861267895,7.860997471091439,7.135341939148503,7.3776924790871945,2.38158770875203,1.5551029104258578,1.2194891393756988,0.9031113548405886,0.8955023704564166,0.46392237860554003,0.25800234887894413,0.4593493739254055,2.0246711572798546
6.552054289444541,7.815201672236667,8.289414609022073,9.234860574267886,8.504499817611519,2.663923806330565,3.100825445870882,3.1250044796878447,3.262032522540105,5.645455163015646,6.678718671427579,6.038274862808351,3.1871464647612364,3.2291007333701782,3.0465555826064885,1.7160907555259022,1.1909061169789783,1.6522792820267664,1.6087403414113501,1.598454310976613,1.6355826752203495,2.2183436115619704
7.074332073215292,9.010433446658237,9.806883192763046,10.010515370510053,6.392361515448639,4.022379181470495,3.81704733066714,3.0384644551281728,4.303309471878075,6.474257156730096,4.292691613935684,2.3557895702502183,3.5820865481944586,3.2006025303041388,3.2399915122110285,2.858448187733388,1.406056906701971,1.9351221185004368,2.4241439247634924,1.726002562524658,1.0790959776558746,1.5122387220323636
7.76102169898488,9.414221997620576,11.561410946472389,11.711077642689633,11.42333390963839,4.674223601406685,4.093757966592113,5.249369517867953,3.221499952787904,4.551442651079131,5.066328430374321,2.3766224203169024,2.1410078294659165,6.7980142436813935,3.844388865604795,3.4181017884206275,2.7860285042789332,3.0223405964630357,2.221800180986937,2.196685962147233,2.30398935376759,1.3975253574632511
8.565080154356112,8.511882558445931,10.925740642390705,11.366416895727825,10.712503637122037,8.357044306106426,4.222700127364369,5.021427245619454,5.214008650006569,3.6525320740555616,7.140319915396626,3.6352981557390924,3.3174254618943877,5.554404044720605,5.162078439953325,4.701109604227402,4.536299940064829,3.6766477510483835,1.3148752954775378,2.6012807831835096,2.020262342572148,1.8352070577519273
7.426642986284437,8.952996678223466,10.982974633002534,12.173388268091232,13.054266709149035,8.904001010277886,4.787182849318745,4.941894199327883,9.23848721341015,6.171520734155858,5.4903978631717445,5.383054612801739,3.4245819122970955,4.170746846305336,5.011260501263107,4.274102464057734,4.8729718321140565,4.085585802928243,2.2039115600503987,2.9010624003731715,2.2960882852396574,2.028435958260241
6.496871125411937,7.868549494658256,10.753859284633664,12.368636011911734,12.410195009485541,7.261042357788065,3.6049833385237675,4.903674549295554,9.298516105195096,9.401105388137852,7.568982958384087,5.085171437419381,5.223841672097979,5.776679050878777,4.667837957857221,3.5266199402957334,4.532046722961876,5.480764668907718,3.653588093401826,2.9343878661543625,2.6316447676065287,2.188993953932215
8.89342736219668,10.71372883371955,11.138464689060596,11.359827379605749,11.867876742173824,11.488956257728526,4.994230674851349,4.567272514767515,6.827335615014204,8.132582313770374,6.009365162119521,6.904428763977242,6.946874826539683,4.762928733009198,5.4452420055257855,3.223406725258479,4.566389695200319,4.740630895770532,4.097225979354521,3.2695750315734404,3.002774067894699,0.8576183830400599
7.418698939713028,10.215091762135714,10.710913091355867,10.652970980368005,10.907751426944872,11.314143606658382,5.504734488203136,4.564926570207995,4.88178921928588,5.207668273268909,5.287305505401778,6.197161423987891,5.890850234656833,3.44384399225196,2.8179981631611675,5.564951027008141,4.366607417869186,4.367665487930463,3.545046610962448,2.3531477271530354,1.9189639482937249,0.7738749636791477
5.345776991178533,11.103445009458708,9.971081069846132,8.945993496016495,9.922825260098602,10.15234872790964,4.973589878647564,4.127218685980659,3.3488354441741115,4.143616577390909,5.590704138160273,4.738610005246739,3.457044796092073,3.829650898408354,2.3381394762630476,2.949753568353279,2.8775702257170828,3.6116959053543374,1.3764400966411303,1.8382404830540702,1.5291091746212984,0.7058066901518765
6.604105399395399,11.269151694447746,10.804904396875358,7.587138068427421,8.07987858608416,7.489275825644109,4.547416833120476,4.178392626738064,3.418297204227025,4.309910517067657,4.768610750468585,3.340152622943886,4.221160785368718,3.538366748283063,3.2960602766004024,2.513580052084337,2.9082770471908366,4.241618890741647,1.6474410540696063,1.1066085880407468,1.3112869887847702,0.742155313276045
6.946948920003407,10.369651594945969,9.205030074582908,4.958561356899886,5.438490477706084,5.933021810365406,3.9818464355899117,3.263908077004557,3.2501555080713027,3.6508565363012204,4.124346734896012,2.5149816836051393,3.6573441599878134,2.722901819926316,3.248795700253318,3.0269567328282414,1.7993154640280433,1.6404147119751635,2.1871064211694105,1.210826849253355,0.8430699829749836,0.3771442758618857
4.360911456947774,5.484611485990865,6.2567927138483705,5.2657948080180415,4.4522041648998805,5.289169880338081,4.656937353476534,3.852079374720703,3.1258760879431504,3.2841335837133188,2.1896382488570785,2.318003368479697,2.7634676002118654,2.3064526963462777,2.57768984383312,2.374720680228396,2.5937344000470923,1.1122666345584318,2.2071786058730107,1.4436572585829273,0.46298021165567305,0.49394587742010543
