script/wind10m.json
{"header": {"parameterCategory": 2, "parameterNumber": 3, "lo1": 3.000054539987559, "la1": 64.9999836372058, "dx": 0.5, "dy": 0.25, "nx": 34, "ny": 52, "refTime": "2025-05-19T08:00:00.000Z"}, "data":
[rows 24 to 47 of 52, columns 0 to 33 of 34]
-6.074312252684313,-5.477754486500982,-4.458054919857353,-3.810235904460453,-3.1633569429880186,-1.517954630729936,0.07558249126546851,-2.8797546872073227,-1.8265407511392446,-1.5704073768497133,-1.7610728507637228,-2.1501418866745037,-1.8755615344780903,-2.006240610775663,-2.865934310014678,-6.467348411444284,-2.989857517032201,-1.6210009440451874,-1.5292174019988238,-1.580812664653078,-3.230630222407711,-4.574095560347412,-0.9668909842441796,-1.302450478387924,-2.026320567564186,-2.4274635663219417,-3.069059360326743,-2.836724344063588,-2.4775591189161665,-3.4081762248451803,-3.7017240787310137,-5.691418887301669,-6.153273927435504,-9.080036043959398
-6.395017422801172,-5.254917339780342,-4.222248103716228,-3.584291167915133,-2.5294942848591866,-1.9705393549784054,-0.17778566212879027,-0.8404661303103843,-1.6947727582509948,-1.4044036922099026,-2.1359245315153004,-1.605622502458273,-1.8464049377650433,-1.5094010345700968,-3.175649679314992,-6.760217909440585,-5.153114615847807,-1.8729237051687277,-1.6547198844074216,-1.7732505611207194,-3.9294360130779817,-6.088712254165381,-1.7572741554761835,-2.182995183363016,-2.2718444918322174,-2.5736069516207456,-2.5743494036773886,-2.828654259384993,-4.109277803242117,-4.482333900605195,-4.719607128973838,-6.795191304112765,-7.455772358357966,-9.765574002188782
-5.650348524024348,-4.7699843115840865,-4.238673341777332,-2.9417500517912454,-1.7935008611090966,0.37350604304343765,-0.3307126082511687,-0.24965759155678635,-0.4481203854851841,-0.9712414868724524,-0.7616189807378262,-1.5890925783039391,-0.7021555421381742,-4.171057813750191,-5.541239724065174,-7.595155915602121,-6.902299166517564,-1.8131061869659169,-1.3705013125538754,-3.092468151310602,-2.9623256497327968,-2.8901761223770372,-2.387389764803663,-2.3601262854016323,-3.523635891029345,-2.91938224070181,-3.1087981292322877,-3.495014495307105,-4.421390881642915,-4.5401543748739455,-5.916272698709662,-6.79227518793797,-9.135062090709004,-9.525112702015933
-5.422759259273947,-5.113200521937543,-4.595093512420239,-3.3496401496727572,-2.77902878983551,1.0715104845154253,3.1927205778439354,0.9329056832211237,-0.7493943562300005,-0.9747203859998139,-1.2024149841516023,0.017922331945722327,-2.7860269436126006,-4.32664974696126,-5.250976902641424,-6.652576332726687,-6.3120247182217675,-1.5739878768962026,-1.647024815721142,-2.3787569755297504,-3.6273410034130746,-2.523311966370306,-2.3061402740135692,-4.078474377781223,-2.5290232568426956,-2.860557326748379,-2.4336360482705754,-2.7961483932551072,-5.011138708354118,-5.371057585612225,-6.67577768341822,-8.336195696501855,-9.179099582543884,-9.799967302310801
-4.710285747152071,-4.911881563377865,-5.085447604996988,-3.748959046106509,-2.5916884019032222,-0.20770621369686304,0.3017708802990083,0.3077449145897729,0.8132251802891632,-0.2733277127041248,-1.606478949572882,-2.3993607843618556,-4.670431771202978,-4.821642096132681,-5.165829271250256,-5.355914618809414,-4.416764185826334,-2.420507660098596,-2.202859793526383,-2.2378224217310367,-2.3552209717865207,-3.0441489489849,-2.881016727366438,-2.146199443879167,-2.56106212903012,-2.499680519113993,-2.5533361310429044,-2.5961255325007038,-6.331752757920482,-6.937766914361498,-7.9783894390848005,-8.467192542131093,-9.510894500969837,-10.092481615250602
-6.020003423135419,-6.114290021261549,-5.521261762534576,-4.085253678337346,-2.645429516376502,-0.23261539489582955,-0.5989956923452537,-1.1840224175185732,-2.71337392101839,-2.547912345749486,-3.631388355422725,-4.523094260447588,-4.826194787405158,-4.841174492575122,-4.828485637699446,-4.176869980001466,-5.369819878156297,-3.91270198448055,-3.4115010132438237,-2.9079010441841233,-3.0571275430125056,-3.065016778909236,-3.328081921638695,-2.3605933239447605,-2.5649241147803594,-2.8047032326065375,-2.7257864626084505,-2.724629160638501,-6.765751996303683,-8.4597037916752,-8.24218692372306,-4.61040508535882,-7.085909941262524,-10.108681934521641
-6.61693832987359,-5.982937417315522,-5.117066763742695,-4.530161258003912,-2.5184498982250845,-0.6929530884832618,-0.7334165768495355,-1.6864644746270623,-2.9582089519599992,-3.4557381165150636,-3.7068543743275626,-4.2833776511128185,-5.241745120926901,-5.092931484041809,-4.181580517966989,-6.05716794592528,-6.742605446246734,-6.062181796753785,-3.029544901896629,-3.313150318519546,-2.8517673625006323,-2.6140337277214116,-3.376067585774185,-2.968473123846729,-2.9741892182244993,-2.922333083068658,-2.7903066295086463,-2.694743549854679,-8.267970603852186,-9.190696407214705,-9.117422437607546,-3.551272198721986,-8.47339469833956,-10.66140737573002
-5.2339534940196755,-5.112213868224998,-4.107135418294061,-4.099208508090614,-2.8930008628032207,-0.8910940507446243,-0.43451715949211056,-1.5422563128623585,-3.0430992365890632,-3.5503320921072823,-4.532542145554332,-5.261430888933295,-6.0408223951825795,-6.842366539247118,-3.7628366146157264,-5.531496804443288,-4.159200871696129,-8.469333854515172,-6.569051985669649,-3.439897968375493,-2.9746570424034586,-2.9201157553779136,-2.853209255439521,-2.561146048607894,-2.735850514780449,-2.643450292609587,-2.535682909920916,-2.856201698635279,-3.895642425177189,-9.939786689525398,-11.220920097695673,-4.063067455121635,-10.806307345602315,-9.51981040262644
-4.299314640843266,-3.8632971942433945,-3.273594373797537,-3.252429371014543,-2.516730895938639,-1.4445430051262704,-0.4321942972868491,-0.39234676037248883,-1.9978248432930892,-3.018120784947214,-4.069481135923295,-2.4168667799662367,-6.575147014766151,-4.231218431145582,-3.5591937622227174,-8.07282580866952,-8.946207041561626,-8.610076817388219,-5.997526940494649,-2.9528075199370294,-2.5955011208396113,-2.535907652332795,-3.4496139202149783,-2.983090841335384,-2.619282406951391,-2.6401193761540034,-3.165033536945045,-7.1685443659747845,-11.236911355112792,-11.456207097718904,-10.238065690965813,-6.558136076165152,-10.591196471885262,-9.092018852485408
-4.026326025345437,-4.60550027779641,-4.766708326229612,-3.0625699524320673,-3.1394539904181156,-2.741526790948073,-1.1559218227510175,-1.3309623050260284,-2.0766569656195744,-3.504050207113949,-6.171861413195443,-5.276048927598764,-4.224545491624954,-3.8805757012409616,-4.274584537774446,-6.143852797130155,-8.70962010822386,-8.286335522576547,-7.418303204228345,-5.158901651168451,-2.6481813917288974,-2.425002684674767,-2.9077415609466937,-3.2254965086465637,-2.8320230159846576,-2.859273424765185,-2.7413859070180315,-8.795221749100389,-12.051440882772097,-11.774852110458964,-9.074697182922908,-9.006536317942246,-9.72298985297233,-8.655266198306261
-2.634021460940864,-2.950797572979148,-4.06569849729585,-4.583988491327681,-4.19086274195652,-3.6577038755701303,-2.65134372685554,-2.191698238016954,-2.4964205282676106,-4.174906587107162,-4.7042179152448,-3.9636351887307466,-3.4447453325421358,-3.3019732123561125,-4.787048447012348,-5.649374453987829,-8.859208821996651,-9.020227175164148,-8.199545639084423,-5.7909172260668385,-2.186932193378837,-2.240678172686824,-2.4920859545785756,-2.6718603246942787,-2.862465014002635,-2.7825362011663057,-3.1692088184979426,-6.871110854355649,-12.285019369372932,-10.807838475051033,-7.836619885428214,-8.992147711993255,-9.258502179065673,-8.398569282728111
-1.6031082687964597,-2.426041340224647,-0.8268261208293466,-1.3315645331741228,-2.2609150968285223,-3.387668508310593,-3.659103255764824,-3.2540730633836956,-2.9249081629562883,-4.424571458460476,-3.9568142192714277,-3.2389278367649226,-3.8533321795275235,-3.3612333627331807,-4.336622549781447,-4.77230428330421,-8.181498995385933,-7.436617510033031,-6.628458542635951,-4.2231664655211265,-2.0126847411876945,-2.398238623858253,-2.699016695500851,-2.8505316778660466,-2.858920284591114,-3.105787387905337,-4.092587901751496,-7.8451900913045,-11.716439963681193,-10.580319743643608,-7.483968311257547,-9.290369310187845,-8.822885052074929,-8.197726974719618
-1.9146479342535951,-1.595910884283637,-2.463725822630592,-2.0031089496001817,-2.2553618738618706,-2.6460442082453426,-3.0661239299984184,-3.499764747933902,-3.6012802642608697,-4.006611607105744,-3.421290716585675,-3.576528527450415,-2.794425625291657,-2.8329225852661186,-4.324845464880267,-6.035028486206811,-8.312850762666146,-6.787785446321431,-3.2819234186254724,-2.6881068332672746,-2.9876116323878112,-2.287200889370826,-2.296987081097659,-4.71647042497221,-3.8790749604091124,-5.6623935092598545,-9.281273905448494,-9.686989822657662,-11.803710851555559,-10.5170059270646,-9.103647591245311,-8.314967488865609,-7.666790598314043,-6.4181104491402365
-1.54077208484287,-0.9098746554438427,-1.7983314830429116,-2.174935292004847,-2.4217014239258816,-3.5182812579561578,-2.5646953104649746,-2.972873321983866,-2.8496603177879556,-4.354475618687524,-4.087224865129768,-3.1410782349387785,-2.891223368130495,-2.41941692118537,-3.8447877308815555,-6.155460150891723,-6.9181606193417,-3.3730645051116377,-3.3982739060902607,-2.830312766430614,-2.930584111726438,-4.0973041076899905,-3.0409547920907896,-5.68899554450853,-5.521510097376988,-5.710778378298426,-10.821314170440937,-11.082892925336322,-11.837261180517567,-9.917768486697213,-8.782633390647504,-7.659971016577207,-6.467482357251945,-5.4916838497033265
-2.1799973827317918,-1.833949152097139,-1.799221775009699,-1.6083234628377074,-2.4899506556251616,-3.722694069381269,-3.293746653113259,-1.949641985898418,-2.572653168403717,-3.5258911352572966,-4.233854174650737,-3.3269575594186325,-2.900727919583905,-2.5930095709052305,-4.102024130330581,-6.6718538818544895,-5.918010726312315,-3.281032270026911,-3.707549224985906,-4.375854419620082,-3.914391566207389,-3.2906709937788374,-3.731179462462115,-8.733502789801756,-6.980611812828536,-7.478883041658272,-10.675600898903443,-11.403711931570141,-11.215039836975256,-9.906901127271782,-8.861790315924525,-7.692325885273974,-5.993504733729068,-1.5898079094707458
-2.133984557764391,-2.525530605113999,-0.8449977675858872,-1.7799405820938912,-1.3763445831874606,-2.1221557542990674,-3.427452515976374,-3.221792167045555,-3.086465360208291,-3.329424667242098,-3.1342405555919273,-4.569637953317672,-2.685568487675596,-3.21913128435154,-3.6472024042544615,-3.8487759413610902,-6.008007370479054,-2.6352453616789804,-3.1159327447885703,-5.610770510014845,-5.654803814398005,-4.837060354228899,-5.1204246592233496,-9.871967559097717,-7.9001089227879735,-7.825132560635202,-10.166657813277773,-11.544823656178641,-10.34106330034716,-8.944458448695237,-8.507113658480199,-6.799032753672116,-2.6844446402197595,2.8620002196304806
-0.6245199422826193,-2.300705271649037,-2.8089263798577537,-0.9905104863958125,-1.8685758703457922,-1.8441956497186132,-2.558209919884933,-3.3299251384108612,-3.847761005703237,-3.58033912011743,-3.7719843628597314,-2.879845809054197,-2.8498292467049637,-3.420989948018217,-2.9087389102034664,-3.4462045011389932,-5.458843170909873,-5.055751988124183,-2.845209123497619,-3.053190014632464,-7.508212611735094,-7.244021095752044,-7.026087621831902,-9.695903271568012,-6.7522447073217435,-7.722500444096115,-9.662756779221164,-11.116318428988132,-9.270211120426492,-8.438832441563381,-6.9616916303351655,-4.739255814220557,0.44388677139878185,3.507460463938439
-1.7001498080385762,-0.7670943219620038,-2.9541940958962845,-3.5144157486900993,-1.3278610468870777,-1.185887206911364,-1.8194471952684004,-2.5421585902394317,-4.212605288118764,-4.110962869121608,-4.531281357681071,-3.956017540409088,-2.1420602323675855,-3.0948255858443505,-2.693629672586963,-3.2717750187797807,-5.39501703486563,-4.188683481473154,-3.3347460846086547,-7.0773250454670595,-8.82276639215233,-7.238158999748049,-6.901043795941646,-8.884198219354172,-7.855512011749822,-10.316358215881571,-10.575035928235657,-9.84773417706925,-8.152745111449887,-4.681831645519193,-3.4254956022773695,-2.7190648484284043,1.3135006272597174,3.3160583530490335
-2.184666562619642,-1.5784625135526988,-0.6818332023963571,-3.3805542915496387,-4.045482665945053,-1.4984827619789107,-1.9999632599885144,-2.6772777557259366,-3.1778656278765096,-4.310378145759826,-3.5937378546632956,-1.9488246382161556,-1.5938083689866365,-1.8614514573177328,-1.7135730748789726,-2.0377294073887318,-2.72888425781841,-3.9800043014083295,-6.36484297192529,-7.693039378729141,-8.63314693107969,-4.4919774325812325,-8.153154457605298,-8.94761539575184,-8.53808778247475,-10.593958602418436,-9.800107368433878,-4.610293064134956,-3.194234398269675,-3.1000662028068455,-1.7165152182732328,-0.9852386812563645,2.9471470543880036,1.9416441166594771
-2.020408194657711,-2.8500081522887326,-1.8457674899320127,-2.8622840086280097,-3.0575142696996553,-4.1135076591396,-2.235518324661005,-2.571122115191771,-3.792309548169319,-3.161496428145345,-3.0662073942023302,-3.60525044119329,-1.4322922180529651,-1.5097950265598836,-2.8995329237107943,-2.0450692457485657,-2.840672764340392,-4.622717082877888,-6.668423330020848,-3.555053616204174,-2.8719061755719526,-7.116595115408901,-8.481656876297322,-9.67355512148326,-8.986822253643947,-10.267751736940404,-7.81865639193593,-3.3710568801873606,-2.0341240991416236,-1.7927953402629853,-1.2741250666735149,-0.5605784596286694,0.968696056724712,1.153767410520004
-2.033310113684328,-1.971298556289452,-3.3767052276572778,-2.201631401970162,-3.8912253839438087,-3.9641777917745684,-4.265536699608588,-2.226086455963242,-2.7246022633222378,-3.479721786937013,-2.683173778557245,-2.853401305145159,-1.9066538330487286,-1.792509853088782,-1.8151459061994928,-2.342271519313449,-1.3837055791871493,-2.0639010736078216,-3.5921757680415856,-3.346064538792967,-3.0108658234508225,-4.279212341219821,-5.141997782536127,-8.763639914193357,-4.011400415455838,-5.4126594571759234,-4.515475259767817,-2.418261079309157,-2.8801787350114427,-1.62092656772228,-0.4775755616470133,0.31204876596573433,0.5868312852123658,0.7743221196602491
-2.952583576326915,-2.418607311210252,-2.8812075600579314,-2.9272562391593695,-3.0768751455308694,-4.53743483562376,-5.064023726711472,-3.320415084227534,-2.383940502650189,-3.043971289623616,-3.6053962077206374,-3.440050410549588,-2.058088838728212,-1.3124285303740646,-2.14310319648472,-2.5442139212611594,-2.409336271270224,-1.9745640471368626,-2.3722779759692494,-1.9688926513442788,-2.5281906884456844,-3.63869332365727,-5.321637896105685,-7.6437101145501885,-4.154893954432884,-3.6430933663826295,-4.210086718075176,-2.4975607078938085,-1.4936704896709667,-1.3122075061071679,0.4023141181366982,0.6718818918384019,0.8941079784025153,0.7008902552404351
-2.7422717588875813,-3.23870165479147,-2.781254682799005,-3.27516570805516,-3.1288158615792794,-4.195614394866996,-5.0207329155851745,-4.777642838260087,-2.8200046809143027,-1.9125952104104411,-2.548109489839811,-2.5515277883203065,-1.034019038463585,-1.9758991651696107,-2.4409495142216753,-2.1583034728369435,-2.2787695268037154,-2.588730125820163,-3.2704166679555993,-1.9772107592368906,-2.4455288762509872,-3.3903249007918803,-2.6414410379608566,-3.00000757316142,-4.978162135955991,-3.7727011272790647,-2.97975849160779,-2.0645391103009176,-1.8938857479846263,-1.052906147454213,0.5922135730867694,0.2325240593261422,0.7030602278130018,0.7782374411661224
-2.7121686201161053,-2.977284127762651,-3.145327408685438,-3.9007402794791997,-3.4460007040532057,-4.145872377976415,-3.3267636817173654,-2.465793875232921,-1.8485097275001767,-1.7277337976306992,-1.6296541851573285,-2.101768478828551,-1.854939892493861,-2.0314524961281997,-1.4473593299221577,-1.7369612555727065,-1.3635415256074717,-1.8450445666606612,-3.1902750009173246,-2.5325412982756665,-2.2364443437741497,-2.773286261723981,-4.224470286354935,-2.869176109849493,-4.8632847460255135,-3.633267454022395,-2.562348243775904,-2.444053778080597,-1.1596917527393105,0.24966518461854892,0.5497339842665125,0.2760097522756235,0.9424325469553515,0.3756386497749626
