script/wind10m.json
{"header": {"parameterCategory": 2, "parameterNumber": 3, "lo1": 6.000027932988019, "la1": 58.9999434238085, "dx": 0.5, "dy": 0.25, "nx": 22, "ny": 24, "refTime": "2024-07-29T01:00:00.000Z"}, "data":
[rows 0 to 23 of 24, columns 0 to 21 of 22]
-0.06965836389101644,-2.8790501990748827,-1.0293012494699674,-0.4614494392000726,-1.8908490609014792,-2.70240115798551,-1.6386462837961864,-2.28133911166817,-3.5440861343623062,-6.859355842966689,-2.3524543828432996,-1.6623180876448767,-1.3309788171456283,-1.9111074440288207,-5.71238390741928,-7.090406305940855,-2.9369260267617348,-1.3877133608436345,-1.0755070310323989,-2.0516842761978613,-3.561498783564937,-3.2180791018077586
-1.9666844014504685,-1.0504605956764612,-1.6381200062719345,-0.7026125592599844,-1.704906340800337,-1.531018625117039,-1.4425786851359543,-6.933815202913138,-6.5132566494084205,-5.422927261906627,-4.0293803057314435,-2.000979316601336,-2.01564711576369,-2.150603737789928,-7.6365570085745595,-7.222549394336831,-2.232597833582324,-2.098072033903192,-1.3683586299876287,-2.8086533688701287,-2.3721699099865567,-2.496514529099456
-0.8939292426414646,-1.0802194242771825,1.0120253386811562,0.4856810550651984,-0.6067877311813735,-1.6254534750605605,-3.384385027112793,-5.748980931812631,-7.05307645987634,-4.50263565962209,-2.391029448037026,-0.5069309769801474,-1.4958067289748864,-4.419594967940119,-2.9327575486299517,-2.082864850153992,-0.00866224642283653,-3.5400196545432046,-3.644529874163583,-2.8541192252290135,-2.5116805154260717,-3.1143360052940756
-4.597836448074658,-1.776651368392519,-1.078915009007444,-1.1545427602034126,-1.95644458312778,0.8935843071746885,-2.504153785053308,-3.682548462496215,-4.690095885854458,-3.1289214470491324,0.1252561307379192,0.004194453815845495,0.6235024254278139,0.2903427801755639,0.2987556809074057,0.6013031439303911,-0.7585039629961691,-6.255739676193934,-1.978223715565693,-1.3124513674666354,-2.0388423005733918,-2.310251075970978
-3.296866317326033,-5.310866276043332,-2.5269486903802276,-1.1124554388492915,-1.2661325032083504,-0.9305817320165208,-1.611011643674012,-2.952973174575309,-3.298509218278677,-2.9571225326009816,-2.1312247971379583,-0.07252817881734265,0.1849739832632578,-0.05441679744854447,-0.37752391229278687,-0.1592962657617334,-1.5479873388368994,-2.599360090164305,-1.6617027204757497,-1.714329595431985,-1.3837006418489215,-2.1415046153212933
-2.736466994440864,-3.9855535413760883,-5.389549076366567,-4.98894282609748,-4.116994124107731,-3.319612258167807,-2.6897381268978586,-2.784399988585985,-2.7604935389301795,-0.2545083999203019,-1.4774731301586388,-2.238247421800883,0.14428066919631766,-0.41296619892029307,-0.5921237632202252,-1.2019237587049068,-0.6163909992266207,-0.9363658178730366,-1.397583684672779,-1.5914787432415227,-1.5044046302881826,-1.3355344872247021
-2.0107760679839677,-3.267491599496816,-4.324782759269268,-5.263485437275434,-5.277573831676627,-4.637211219973231,-3.8810191934651965,-3.3836539815356614,-0.7215924371979575,-0.47976028660977427,-2.753806183356411,-3.3468627092421386,-1.2020287675912635,-0.6879459133447606,-0.3227752908109809,0.5173192407962776,-0.6781800383771386,-1.4310062918022317,-1.7482253005148962,-1.5646741198157064,-1.4183825083116084,-1.476096866041071
-1.4023147009721653,-2.366557526814518,-3.104339089377012,-4.292219826602709,-4.6963865235929045,-4.690019589005524,-4.2461702094363405,-3.0913203936929428,-0.8485747133788939,-1.2963186303337637,-1.4200906610052109,-3.941462734697166,-5.106834121570061,0.050698664130042814,0.04478907218742458,-0.7585085460315651,-0.11785790513822313,-0.020285025217236588,-0.8719226906875387,-1.2264552203609154,-1.3886263292450036,-2.5709343452351554
-0.7716387274487448,-1.3803134851884629,-2.584737710681833,-2.978028834136191,-3.661236836355856,-1.6160879780433555,-2.4536219194942923,0.03709706085103472,-0.5186914178965892,-3.222011395346043,-4.195237983697378,-4.18090492826208,-4.308850670252119,-0.9383242874760402,-0.2962573681528598,-0.08106617967166946,-1.0608130032121845,-0.9455141649275798,-0.7379640357671048,-1.1289759355032836,-1.9637883840582562,-2.9359113785841804
-0.6392630108879455,-1.1228580160426835,-2.0975731454213626,-2.845597372811259,-3.4642145952106382,-2.298083989185467,-0.25185988038892054,-0.21279132652515853,-0.6914087472775645,-3.0690361131849873,-3.6366989658672795,-4.045944272340573,-4.235201714083518,-4.872014385916887,0.5508991609417735,0.08919942995542578,-0.1740713734378749,-0.7601137995880283,-0.9226626988177034,-1.064114152866502,-1.126386666224812,-2.960129562791918
-0.44245936942275543,-1.3492716548084165,-1.7337660797122865,-2.5133148666130394,-3.5255987861285427,-0.4970716421680074,-0.9477352630193344,-0.23965984296100165,-0.8344542056450025,0.30341462925484736,-4.632385189078473,-5.699127667220995,-5.639434737666311,-5.506266293639719,-2.5705360826179544,-0.5414578694677603,-0.4850868188401695,-0.8090341662885955,-1.4100598123969768,-1.4080804009448438,-1.191510831293472,-2.3469741333307264
-0.4084498990201327,-1.1951069448755895,-1.7834054550443015,-2.1050199024008305,-2.949653594843043,-0.31545533348856386,0.6456052416160636,-0.17716490250109845,-0.8576971577124178,-1.7891190422742413,-4.256879714187302,-5.230361695386471,-6.243746367931689,-4.533478637576625,-1.1638460294788497,-0.563701024252947,-1.3969587942436597,-1.4919636908042626,-1.3829049413099777,-1.5941975534530306,-1.8950358041313475,-4.471978238467761
-0.5182559363303482,-0.8869276581544839,-1.6355985414351097,-2.149094340107705,-2.679366124730498,-0.6580196540916287,0.009343776901458272,-0.5303492394514864,-1.4046736705410654,-3.8702718928882645,-5.116915015480486,-5.446683183972203,-2.3329070229411757,-1.4973440813604488,-1.766487443337886,-0.9464900237123349,-0.7664247542320061,-2.4699925843834354,-4.922957100838303,-6.414855378017133,-5.066291275139325,-5.900124664595019
0.032623667240061174,-0.2407091082108887,-1.1180050579012386,-2.2464453128273707,-2.6825450105452147,0.21211525578668536,0.0847510271048119,-0.7091173087629066,-1.2784671896415711,-4.155686655342244,-5.3725501729499925,-2.9190868977380497,-2.094750348673753,-1.495739865484754,-2.7723838295327545,-2.103206973716132,-1.8988685802434557,-5.790405672516578,-6.677659373843363,-6.712616911125131,-7.126060425198487,-6.228550805405054
0.30282034899432575,-0.1240738295164605,-0.858810459847197,-1.6967223109918501,-2.0580580964705693,-0.5401873246518942,0.18150488593534567,-0.43227473099919805,-0.9290090462825352,-1.2247983274458032,-6.277015926408477,-1.6805672141354557,-1.241914184881841,-4.571732169733031,-3.0219985861415206,-2.306127254480058,-2.876940199483301,-4.18865011433788,-6.431620450425711,-7.445943792011022,-8.333852081547324,-7.918498977693294
0.3687024565003978,-0.5590728408610414,-0.8518661916460448,-1.1588343529932754,-1.6246047710505778,-1.6867153489636095,-0.3972413408631601,-0.8375436618737778,-1.9529420433107345,-1.2471541723168735,-4.4160905365972365,-2.0887201113777025,-2.154061510164171,-4.328902618808625,-6.861331859986012,-5.451774566080966,-5.352121797833827,-5.660167512526409,-5.610929071233166,-6.879692956329979,-8.315475950536868,-8.823368115981403
0.06745872627422897,-0.9733115891608316,-0.9180257431100921,-1.0996778479790124,-1.6517449334697312,-1.348671735149422,-0.397236294892936,-0.6498121325477071,-3.9630232676301307,-3.471936060249793,-4.333796255182598,-6.4603022037425095,-2.179585055870259,-4.021693582897198,-6.627007224167991,-7.080583175846449,-6.960041959519971,-6.365961525404343,-3.916583334146262,-6.744642229674292,-7.2939093462275855,-8.110037945116586
-0.3012024074110418,-0.9924994892912745,-1.2370840783197539,-1.5222861463145037,-1.687444045576362,-0.9108722162399108,-0.4187744792732867,-0.8808229723385393,-1.8226168881621718,-5.058732331528037,-5.476158844426448,-2.169949229167882,-2.811306956835719,-6.814825018763399,-6.528476997612373,-7.1669120392935595,-7.421711054053945,-7.48305300991987,-7.712914328438151,-7.31576910824347,-7.290868478917392,-7.998839540536264
-0.5536418438819908,-0.8926834074399417,-1.5238679495195844,-1.618460315474882,-1.4689645020153244,-1.8992503996809083,-0.712856814639644,-0.3694392043754036,-0.7739160991632024,-4.894423001106418,-5.2139489958343015,-6.669552466287111,-5.29053846145258,-6.404545954042782,-6.52740734031744,-4.381082000225923,-7.290380823271957,-7.438743500767753,-7.767533931104864,-8.310905940393393,-7.953508102250958,-4.494525344991418
-0.9242136503141831,-1.2401147482982353,-1.3242253958149963,-1.202037180813315,-1.5271168776688615,-2.16980237232917,-0.6232096825838004,0.14299494933257317,0.13995153802417004,0.04366556845490388,0.37213260565756967,-6.20605680617252,-7.74502172994553,-3.1519801227792126,-0.7782903188717539,-3.7156875012122996,-5.575418653633903,-7.54177687499711,-7.433729855349031,-7.663099994840756,-6.268201203271508,-2.6781016099473103
-0.46092515187498406,-1.44677813081284,-1.419130943336518,-1.550626149294265,-1.748354136931187,-2.495139169653554,0.012832461584070332,-0.7750065616361218,-0.009783865104698405,-0.37943843678932654,-3.7776653711302033,-3.631789471908681,-1.4824460876516135,0.13676912336384944,0.20926104099657797,-0.4959668127328628,-1.9336375304021465,-6.620441436004459,-2.4304002300453247,-2.469372493185413,-0.4124873910509759,-0.4504094320504616
-0.4467081641886273,-1.3799492911179903,-1.8599566080542478,-1.7924519347605148,-1.6514314051655363,-2.6947900498845487,0.7065619701604277,0.4836598176290739,-0.6865962390233825,-0.44730740722255224,-1.059620452250562,-1.571304787029778,-0.3328091316290154,-0.6665256212760001,-0.8559082702305508,-0.7656052455372463,-0.9169102899402822,-2.46761199885325,-0.5894189887638684,0.1024909338726057,0.1835016891373721,-0.6311709880922707
-0.21088404708743233,-0.7939745276139808,-1.657301794441222,0.9173422447029606,0.5204975000750002,-0.24057110080003427,-0.127669154512102,-0.030323200258965233,-1.5102811495789141,-1.3375322882879421,-1.066892005262965,-1.2071373190735857,-1.1419021044863267,-1.0664671219022785,-1.3087296393085606,-1.6504383593493688,-0.5001016851119848,-0.18153116711413086,-0.5999279685874763,-0.013466082063824584,-0.23544211109365729,-0.654145277259783
1.0844807286469493,1.1254157555697577,1.147637210176295,0.4950256696350381,0.6022482455592746,-0.04407791727801642,1.1004764068996336,0.3679206224988123,0.2842866112500905,-0.36060844372148587,-0.48806615663397185,-0.30332594241621186,-0.9913358882393353,-0.7687561541900452,-0.43128662330633016,-0.9637134316127214,-1.4447554939704776,-0.9885566969535438,-0.34602702513526845,-0.023679255557070324,-0.2319421873375483,-0.8273625135656606
