script/wind100m.json
{"header": {"parameterCategory": 2, "parameterNumber": 3, "lo1": 3.000054539987559, "la1": 64.9999836372058, "dx": 0.5, "dy": 0.25, "nx": 34, "ny": 52, "refTime": "2025-11-26T02:00:00.000Z"}, "data":
[rows 24 to 47 of 52, columns 0 to 33 of 34]
1.4148678621307096,0.40495051517257236,-0.8210705717842735,-1.9767439472333161,-0.31266863196714306,2.634482825029615,1.508208177790832,0.6344707329180771,-0.04819009659225561,-0.8173566839449085,-2.2156000119299404,-0.14189552142211811,-0.597634933212698,-0.9281927882574708,-1.5826382239415575,-1.5279032290955794,0.3703127450774454,2.4756229342483027,0.6270168198180996,-1.0018558503301986,-2.2059385748021962,-1.5516624650946782,-1.0360699666096524,-1.9582034707505396,0.38768570440116173,-0.8131263569771202,-1.0551695717385525,-1.4593260388056475,-1.5911181232698808,-2.4842397800715705,-3.7023145674981635,-2.8923802043612072,-2.6415099408145295,-1.7586777474408173
0.9256559187894495,0.12300538907212126,-1.513980643146299,-2.3112505347743224,-1.5115497379358673,9.118517315918599,7.374384245953729,1.9378273672114192,0.4139520582663472,-1.1286516376080127,-3.0734604230286786,-0.33728644638609934,0.034050852460775105,-2.363278476678054,-2.479761132807549,-1.2880308936305267,0.23228413341980003,0.6194805431362915,0.17327568620745645,-2.9720330016618313,-2.026834907966931,-1.1003447320398931,-0.37144568331437744,-2.4231955345810254,-0.6296610889124624,-1.5961775742213573,-1.7895880057198232,-1.55749114572062,-3.404475301289957,-4.021008962662452,-4.367906141193353,-4.121710181638903,-2.550200157246023,-2.0291672249156716
0.6208541462138084,-0.6458911767821498,-1.8311424809052683,-2.726510051659083,-1.2398167315023936,6.744273300779465,3.431509244515997,-0.2892374356690913,-1.098328780985022,-0.6474910523365602,-0.4576927535470019,-1.3532185718888712,-2.446321919554871,-2.7808836984059315,-2.7507231031410346,-1.3319439020777892,-0.6139716703547772,0.11838254842259698,-0.49193291407439454,-0.9914852957236413,-1.445672175275998,-2.030822611968044,0.7392275062563556,-1.456556260723002,-0.7646931088979914,-1.2153608740930757,-2.9792552952903493,-3.0409784219153666,-3.964472284286345,-6.004672206645412,-5.268390081834783,-1.8575729823329379,-1.4384500854666225,-1.0119813584244666
-0.30288310940951946,-0.9248465436099841,-1.9548035696895734,-2.786071777974985,0.9376441597770947,5.804919978625386,3.3586899270893387,-0.10144493048625776,0.5680934462562077,-1.8432842409967611,-3.7593270092736666,-3.0702734320707545,-3.588078312408514,-3.4818373537883613,-2.049378898507305,-1.0951553104271399,-0.9180139963194563,-0.9151482270480201,-0.8072396680974898,-1.5106723254896497,-1.180621696053572,0.4215659008020211,0.5215776317750838,-0.9036443010146613,-0.8001334745018736,-2.653493892636431,-3.2845589021452177,-4.119940693198349,-6.706575115269567,-2.7643921598369836,1.5698787230022555,0.7306493320271894,-1.0223078868093538,3.324956278704615
-0.5452341753314747,-1.0875796328934613,-2.109159761116829,-2.5464629820591,3.61464254037603,6.823584309040525,3.8592682932999613,1.6672985343875026,0.45976214341766375,-2.415854144416729,-3.296476662085999,-3.0888636800461597,-3.0921521509938303,-3.2589048831966574,-2.2325604606896943,-1.3139868286981844,-1.5746837263950932,-0.9629952132279701,-1.0437909023003795,0.07664402627621929,1.3721733452665994,0.4319923475032261,-0.6555000656518662,-0.670612545971357,-0.05687604599389848,-1.6714041786205844,-2.820363424877722,-3.372171944216519,-8.66137746895135,1.5262017463942397,4.304946178751152,4.1275317024224405,2.820774062281785,3.338013290018874
-0.4886203044031567,-1.5783675710308251,-2.6765090949063426,-2.2101635647401823,-0.9307649022977584,4.71743327699566,3.334246870198365,1.989463449582571,-0.3101138144319435,-1.2320482163731536,-2.683989353997025,-3.5707967802190663,-4.0470252678298815,-2.737867324652255,-2.15115912663061,-2.5082946493858156,-1.9901657015776242,-1.0542138959887373,-1.2390338355371668,0.7640984984746564,0.8718723452485933,-0.7211977826481304,0.23047873950738731,0.14041812187266306,-0.7318552449382878,-2.8943985311648484,-2.4226472079358605,-3.312230261427943,-5.208343911101817,3.263890872455376,3.30484098660053,2.6642467316552945,3.2567701003209595,3.4263912658679936
-0.7158350274854551,-2.039538001661273,-2.1586482933308218,0.9990392189809577,4.006292506869256,3.674393397680577,3.3561404827366084,0.616954315142933,-0.5839419885335274,-2.5115133737138366,-3.160573455741142,-3.5244406928084984,-3.2459531535749644,2.115495314681911,-0.24746190885953456,-3.2785184179112337,-2.7186691260154143,-1.6930164223686044,1.1569906026173455,-0.26037107119923564,-0.7770727478337733,-0.5081243169356107,-0.8421058985072654,-0.5178247943385532,-1.774161740323611,-3.767072743625436,-2.692766549363008,-3.3501410374389216,-4.730527304019752,2.958589147428327,2.8184860461462566,2.683425324270991,2.7199507226303403,3.480019194167899
-1.4815568907506997,-2.0822638707051513,1.604263026222317,3.899364952008995,3.141334292535714,1.9519046253643355,0.4144459450891803,-0.7875805750289874,-2.086948873423079,-3.3092443918249277,-4.109515672143444,0.959512679598855,1.5931943782627582,0.28538938272393893,-1.9657878653778644,-5.615994747684751,-2.7563202479184974,-1.9013805380144024,-0.35104945942230437,-0.7496698904095256,-0.9125315166736392,-0.6893329957028442,-1.024744135366651,-1.546812326591102,-3.0969275118135777,-1.830514434765509,-3.886432413966575,-4.54875522434977,0.4003631703272437,1.327955457584579,1.2830384073039478,1.5781649664529245,1.3682824477277158,0.921177251464925
-1.8618240760060343,-1.5423019180931414,0.9331672282115716,3.4383947106056016,2.210207648215397,0.858706818494043,-1.0193220388996582,-2.108466047954529,-3.184594211718643,0.6849468942951568,1.5651081328842311,1.1917316742213935,-0.6795452508959856,-2.3597875099352263,-5.670582039853863,-2.6397151612402094,-2.5192730152081335,-2.6777748398201267,0.08250338308564673,-0.9436268600171452,-2.070453094687588,-1.8626729473656867,-2.411729012257916,-3.038480379951695,-3.0066235916057247,-3.5538078272032414,-2.9899313717943405,-6.858620382691905,-0.23887417116491036,-0.07891569478903378,0.2153172446566334,-0.043250822049357096,0.7043916799635422,1.4183179456097315
-2.0841133124363305,2.899183375511286,2.677705115451157,2.0486091676711364,-0.05060320848696684,-1.1267585696920914,-2.6947300773751355,-2.8051141569900553,-0.6338864813920873,-0.3330467650662106,-0.2275017112262735,-1.6135256657547346,-3.896029182864274,-5.0118153294004015,-5.305465993061613,-3.8251384478063466,-3.215252064462401,-2.6936321553557687,-0.7989649738243252,0.38750333326325764,-2.0611210351753497,-3.038136588250962,-2.846371387522436,-3.7966909250837477,-5.0491342727164925,-4.7287362876088,-5.21499186425465,-7.073018236201794,-1.0258347780168784,-1.322253173980925,-1.2806969357959177,-0.3383228644711477,0.7310560618076476,0.9808575120415355
-2.288702121453372,-1.3509975172863415,1.2431632842198153,0.4296520160109746,-1.1132784585565039,-2.7772794688846685,-3.1331842514662482,-4.090063573573512,-1.3314804796531758,-1.243760522529669,-1.6871660613062485,-2.340773702652478,-3.1647852167607833,-4.547495420443015,-6.758780125509942,-2.8671181823868808,-2.9213116292559884,-3.3649157943796624,-2.193679071290407,-1.1040913052969048,-0.3267791482306759,-2.460926759122529,-4.402118246958235,-4.6320654127699745,-4.775847911009836,-5.06181602094321,-5.388049558172109,-1.7912816932580247,-1.5625831750061456,-1.7796442066628066,-1.6532400793167996,-1.528948184861683,-1.2656305862275699,-0.187541626524712
-1.7903299985976457,0.7178708492406051,0.8197735367113254,-1.226174599729512,-2.848071173835814,-3.253938378452077,-4.300228583997171,-2.1973694440082454,-2.511252318833259,-1.9744918800403715,-2.654129468177698,-4.552292739011821,-3.7031509303707075,-4.822778815245619,-4.974963313818097,-3.799323266681509,-2.8000682621656012,-3.2251398283736776,-0.24418816864948115,-0.9465086763372598,-2.568696200914054,-2.8777396916401186,-4.969105883697384,-5.924228573146166,-5.835250052848273,-4.182977222625736,-5.634204880355661,-1.5377481295932285,-2.268716097282839,-2.9615583147896016,-2.742936653136294,-2.4114895372969913,-1.7297347896984245,-0.7790532761995937
-0.3215516303459654,-0.2841944935036,-2.039876598921608,-2.7821700629435395,-3.406331666496129,-4.785079082564963,-1.8124000371208406,-2.895408275457339,-3.577922288275158,-3.0628908238644694,-3.7401576943712858,-5.726554781323269,-5.371961567116283,-5.128330435381488,-4.542736878575998,-5.347853844716807,-2.679937881932737,-1.1913258942709477,-0.8202682687614935,-1.1829440817371604,-0.9993720971886045,-1.272676461657427,-4.3389697031673276,-3.4747991855917815,-5.347528602498104,-6.507211789366649,-4.175601849563467,-1.610018520407258,-3.023983805442851,-3.282426192102886,-3.042622440866007,-3.0036585531361766,-2.8858879649222278,-1.9914255552360136
-1.1132529103277387,-1.8554291374444272,-2.7992743590652505,-3.904807076825162,-4.584316254688109,-5.57765400129027,-2.529488664640057,-3.2828833954636663,-4.133115347604393,-3.792067983642308,-3.5529120344747924,-4.433416472250182,-3.9053670322375376,-4.732508515248716,-5.7282302261832365,-1.7898034466879902,-2.074823092525766,-1.3867656225277316,-2.7657036401420827,-2.204953216783604,-1.9659834197807176,-3.658470141086509,-4.732418128192507,-6.032983464212234,-5.17623646745461,-4.935648691684196,-6.235409596347228,-1.6458699379205153,-3.79855105290172,-4.0420226695322645,-4.235818262417737,-4.114251389306012,-3.3013905506873598,-2.5315918514580766
-1.5042627669033801,-2.701772589598698,-4.205524137962665,-4.5140970089539945,-5.63943868005737,-5.466595923577458,-3.790340421184886,-4.540586751451704,-4.316316965871866,-2.7160198564341456,-3.134448084114394,-5.034355496086631,-3.3664893671258573,-5.28106749116194,-1.0505411645281644,-0.05792396510890189,-3.024272633148341,-3.8538339867896156,-3.4473715536652065,-3.440695215440304,-1.8949748695410475,-3.7435748730491025,-3.991039780763648,-5.808346199416294,-4.605599547823867,-5.731760049218932,-7.125412154234511,-3.2592164848565353,-4.647478269789474,-5.097818779983416,-4.824250932681802,-4.451434263845368,-3.648235857339113,-3.143327836867356
-2.6474238999949335,-4.182781271235762,-5.281724636328074,-5.925659299857325,-4.482259252959637,-4.620601109899955,-5.032597584544635,-5.169988970080352,-3.5744219568136333,-1.5296973187952023,-1.853687927047591,-2.974318661800958,-3.2129082620046447,-5.646562676599678,-2.9427548049261754,-3.215758506592786,-3.2217491267252125,-2.6081858293372333,-2.6580584558720672,-1.9776421754850506,-4.286897076332148,-5.630506828342951,-7.773323963562294,-3.7422340471441227,-4.199907736780679,-6.811187162491483,-7.348318705388638,-4.356322579528921,-5.75956756587913,-5.729460067547107,-5.379522381117532,-4.824698141859549,-4.203647674638495,-3.553960587533344
-3.4879549465035447,-4.872048265324126,-5.687325913564726,-6.554931130420668,-6.028381661566717,-5.8517576438809265,-6.608197729271643,-3.289526173423455,-1.3898555869187839,-0.9904028416674733,-2.8032738741960106,-2.1804456239802485,-5.014253710078436,-3.9750521027573518,-3.892632398664669,-4.985170540695102,-3.945426870911289,-2.9381421902253875,-2.3572907668587972,-2.0551099915946374,-2.9968361494749383,-4.646043838237391,-3.0200207849934357,-5.45699369469583,-6.490943333622864,-6.751294815907152,-6.704504524250221,-5.468135401847168,-6.341832511396113,-6.18553054788738,-5.832152894998965,-4.727962546720761,-4.689351968614994,-4.255446946386233
-4.576794200333293,-5.198072411314677,-6.037241765179438,-4.887657006657422,-6.704767930246612,-8.229082683368578,-7.3845794202779675,-1.0502010406384772,-1.3085851020218855,-2.6913136056736815,-3.151725982066062,-3.4273947592955207,-4.83386432848586,-5.0196402379219744,-4.745203338942551,-5.088595885615856,-4.772537499775745,-2.4074334592835673,-1.477879263106764,-1.39583635630834,-3.089001850356524,-4.8594471432626065,-6.697291697328811,-6.390639154060523,-5.032121226909606,-6.5573288377502905,-6.2533557295515205,-5.779460946863897,-6.201380959931864,-5.4725821156267695,-4.120086692218662,-5.000162889723927,-5.428584055429019,-4.712278169271135
-5.739509095803015,-5.944649399665766,-6.962098833805237,-6.275396211471699,-7.8739849161849005,-7.3555336893010885,-6.0269698638147595,-1.3757668678973198,-2.594737628412352,-3.1318979743794624,-2.6588045684388977,-4.272076341683725,-5.684020411931584,-5.795616358298427,-4.2587243544216005,-4.407348277939898,-2.117296713329382,-0.4198366810631023,0.10335656859009788,-1.9747123505002442,-3.8093572002864944,-4.5461948732846365,-4.945165693737123,-4.32293065500048,-5.64542502720206,-6.502720374334711,-4.907916622336333,-3.243582689847769,-4.350342362399702,-4.838775020085119,-4.599226729930979,-4.37777128049088,-5.7101112204890265,-5.0043950521079195
-6.923095489588277,-6.930123305617811,-6.454165447298071,-7.611570784163177,-8.04706982193553,-3.028240095075314,0.2631746116341281,-1.9336312471136001,-3.394075537536582,-2.3679737929743117,-3.9207026162463112,-5.025771170737741,-6.05515710907772,-5.653625524190171,-3.4551603728093876,-1.895370610533317,-0.13941363968486267,-0.6931745130615161,-1.8077023155961403,-3.0720414320647307,-2.0548466318273118,-2.6721863725615127,-3.257140002905896,-5.557221937990245,-4.021492382881259,-2.7237188706616817,-3.0517672288306184,-3.2170263853526206,-3.9106749950940847,-3.7801660756071573,-4.734710017822592,-4.769147947853043,-4.680106870895794,-5.09330331817698
-7.50782825209771,-7.9467738848247,-7.761527809414527,-8.603497021514682,-8.945107792669068,-1.404478896518779,-1.1912881909377693,-2.166710522834292,-2.531265575847792,-3.5701432253444016,-4.770306125747081,-5.569524963893601,-6.142893093451117,-6.379239878074755,-2.5428883897172496,-1.7361704761129584,-1.0037118440665738,-1.1161669529970888,-2.8228539823923597,-2.3643179965360717,-2.0060346956016635,-3.4910029626215215,-5.115353553456118,-3.120935582734592,-3.7450969832341765,-4.395390183965558,-3.7505703311041985,-4.103646663920313,-4.862263568333634,-3.9946983264000595,-4.530243189593231,-5.917437252711553,-5.907275554500413,-5.101200580335545
-7.720027961885593,-7.759045354013844,-8.873926705886445,-7.301680237823785,-3.4233262234414292,-2.395529316656926,-2.707999715956469,-3.5821823960517722,-4.026295226768207,-3.613051870008085,-4.028481608643551,-4.970379464193408,-5.413513876378044,-4.496870505658004,-1.5626319921963583,-2.197354045484523,-3.214233882222608,-2.810310722159405,-3.3420533850431267,-3.4447639837681394,-4.059752503023745,-5.988852758681884,-3.093028656745207,-5.232156584672101,-4.842308351315312,-4.127866594382049,-4.485687331857168,-3.894488396572047,-4.391272879156578,-4.979165550750416,-5.789675493717642,-6.30295682663673,-5.963151823845349,-5.568348362297384
-8.530073087139169,-8.809848770135666,-9.799100518865473,-7.22785728045612,-2.5311309311297188,0.44083550819057593,-0.22236479233159093,-2.1280157003632567,-4.229203595346893,-3.9092406451747244,-4.438438461216079,-4.078073106668507,-4.961217725012662,-2.7024183939282342,-1.6052426115561738,-1.5394701980729997,-2.5558030217160312,-3.693680881477012,-4.572259828447307,-5.317378201850649,-6.053378108921936,-5.8921202137606805,-6.009423292918947,-5.427403541818461,-6.0802724495524485,-5.320425165633309,-5.117122218913104,-5.2212889664656315,-6.043529864413285,-7.263517285972932,-6.148352112912746,-6.451425736494037,-7.352709684400742,-6.3367391173562275
-9.538340679493446,-9.76258565656219,-9.951982430136063,-4.358628291905043,0.8953261936440303,0.7284139458986868,-0.7634063573649814,-1.6950910909169186,-3.7669160952720637,-5.624463640099353,-3.39946864605171,-5.89846028765966,-5.1909947209355325,-3.487576335892585,-1.0069125620720365,-2.4799076858443048,-2.66475720565889,-4.646572686281194,-5.358695664989675,-6.014400305531483,-5.354827623617588,-6.12169659853565,-7.530008002493446,-5.291012645251879,-6.271161687994048,-5.547764375110674,-5.3570298719570495,-6.4096103896716725,-6.7684665060850975,-7.165741343270299,-6.313999141910205,-8.199030067973132,-8.134182188271787,-6.327913097421018
