script/wind50m.json
{"header": {"parameterCategory": 2, "parameterNumber": 2, "lo1": 3.000054539987559, "la1": 64.9999836372058, "dx": 0.5, "dy": 0.25, "nx": 34, "ny": 52, "refTime": "2026-01-22T16:00:00.000Z"}, "data":
[rows 0 to 23 of 52, columns 0 to 33 of 34]
-3.004487540590892,-3.5662165873584675,-3.4814792831311543,-4.091610122052629,-4.282578078859119,-5.047633892907127,-4.972257852371309,-5.7644091775280195,-6.826280949469216,-6.469494920589629,-6.667224774977343,-7.0641779325653955,-6.657597209413118,-7.732266951052295,-9.28235640084547,-10.25062899976976,-6.878441758344058,-6.956825564967622,-7.535048707168812,-12.654963370174487,-4.965407754889906,0.539929999262223,-6.617208038294696,-3.674456536430211,-3.225424444790943,-0.28519121844657663,-0.02329323503976473,1.6931254666123008,0.6541826034435304,0.5389786791826872,-1.538119691879642,-2.3235186672547337,-1.1990046454372074,-0.9098390169674243
-0.12408473320142852,-3.401242703649988,-2.5862013991765336,-3.2547770268800242,-4.19716128333894,-3.921590831143731,-3.4998347177430427,-5.354345715541267,-4.908890967874782,-5.35558768535638,-6.856513133272962,-6.95223631831875,-6.517594568266587,-7.70199464228211,-9.314304758318952,-9.828968539162608,-8.881749856523193,-6.313793025283594,-15.289499158454202,-8.648499695669484,-8.984771866875645,-5.459264221605977,-3.3744782187082434,-5.084247058188416,-1.2158985211158446,-1.4528593728668566,-0.708687986918776,-1.0858696387632747,-0.5775712363248424,1.1925555480571468,-0.2791216126145096,-1.0595373132574704,-2.077549743730874,-0.26903585743133474
0.24749876046929875,0.12004742172831134,-1.9490489868184997,-2.5563692286877386,-3.646411813353464,-4.09827473956076,-4.304165126750334,-4.93451894893659,-4.916923298452773,-4.820888245901287,-6.3343254749465725,-6.950397390367224,-6.882205265196811,-6.951436621777725,-7.201391954167792,-8.668006922511616,-8.487032141979546,-7.888122938579768,-6.5760363289747295,-5.960997573762532,-8.174395016634103,-4.083005727030146,-5.0555519865651375,-3.1241961270360608,-1.9592005377613946,-0.8651693247804033,-2.371636219858448,-0.13372993756291146,-1.1385283074093988,-1.154366408465351,0.29199824703938015,-0.7077089853312909,-1.1431881895789817,-1.455258012458205
1.8607788618766787,0.20640877427853951,-0.5333736096354729,-1.2601560617918015,-2.296913646599619,-4.089624925157425,-3.485186607738828,-4.42973525571166,-4.531227878317375,-6.656971194584846,-7.2761202367529165,-7.571189284745127,-6.5291421826012295,-6.938299933789418,-6.080766124563144,-11.0656119840876,-6.624710224729761,-6.455599330572311,-11.866059571626446,-3.113148464162755,-9.075043512115773,-6.965546205258165,-4.976152705800934,-2.340476199583691,-2.5633410449555205,-2.3892354387088375,-0.4718043676494122,-1.0874021873795119,-1.991029677686568,-1.6873772818827841,-1.588916973488131,-0.4911330383919092,-1.1503879819505916,-2.3818499329093874
3.7576065428834866,3.8748802057827025,4.415841410406925,0.8529996720747078,0.020102914608251456,-4.019617939690157,-3.312957029864616,-3.6568062631285403,-4.657167357042627,-7.542622609665593,-7.4793662571043775,-8.779411576987922,-9.156888315731049,-9.194945059462638,-10.471515285434949,-13.051033956206405,-8.378445504841334,-5.1194320990793205,-5.163913006594714,-8.899371877496423,-8.265271984863078,-6.296132847062172,-2.8564276611277553,-2.4849517487737125,-1.5020999099920072,-2.3119299615769675,-2.4134532735881216,-2.424523803896785,-1.4157332665050744,-1.368639676327246,-1.6543559568249468,-1.743758841968712,-0.853375702059365,-1.5039436047973531
2.8792889749803887,3.627111122110099,4.007302557308161,5.1425594270644055,2.4601835889763533,1.9591153573076077,-0.6538146532607957,-1.8684893331795094,-4.559296148654773,-7.485119211222457,-7.533570804843097,-8.155128112481632,-9.035141314911305,-11.787903184163223,-5.396208537996037,-5.3873541366869535,-3.7879724874769396,-4.680472088673167,-11.270476237325447,-11.131151394370306,-4.671341341722775,-6.116608468381211,-3.092897308143881,-2.468665372911612,-2.4661797372343064,-2.1825713459314655,-1.9582918563493106,-2.5629750351438507,-1.8175334749528085,-1.8326974075137028,-0.9376418482963219,-1.154685599985186,-1.290436589508226,-1.5551081732266774
0.123314615116559,1.2503150732887327,0.6263347843293349,1.7672562263099258,2.5634735561929154,0.8806215886487216,1.4041344485334475,-1.450804095336451,-3.258393412126774,-5.999231017527262,-5.320099430109975,-7.423134374202483,-5.128291394303979,-8.567582991163562,-10.71191790470621,-6.198163587042876,-3.4471607604282792,-8.892907352151493,-9.839709101277121,-6.2850117051595635,-5.688223404378352,-4.161430747531549,-4.250183112632057,-2.5915231859856216,-2.432744673808565,-2.614671471034847,-1.810399793714048,-1.632000711286876,-1.0640395870835546,-2.530437662818609,-2.238796933805998,-1.5061800415341027,-0.9935416449510928,-1.585341964792429
-1.3524155874146013,-1.5535889707344868,-1.5211836177915827,-0.6188979891153035,-0.33379059455623106,-0.5279497558240117,-0.2589842990932457,-2.589669367454993,-3.681041013368713,-5.610371213696135,-4.614028551137469,-2.6122147071661344,-1.091413493490397,-4.343281138185475,-2.9248370402588066,-2.045793950135686,-2.0278307836314657,-1.3388788235155216,-4.478505128821628,-3.3759170642098484,-6.448665346001891,-4.398763216488933,-4.149480174075902,-3.159431181060847,-2.8564009640004597,-2.708125110231206,-2.881847772891629,-2.2690294524447463,-2.275545620261909,-1.289857048802478,-2.2285026723132026,-1.9044613104152455,-2.171316183059683,-3.7825676819899794
-2.107428863508023,-0.09935665389454164,1.5194821892836805,1.2381249282063418,0.08184701867206767,-0.23347280780981153,0.37070279820496194,-2.4286941910424025,-2.111978394253477,-0.9831842110533151,-4.111230965997311,-4.444435792203637,-4.882461224636884,-9.258735914342111,-4.265969073151309,-6.062968076101921,-6.205188798115487,-4.432794268437375,-10.316209612802526,-7.827289127304557,-6.977081180679325,-2.796175789924081,-1.8990019385750574,-2.9705642798189293,-2.361228077054919,-2.924596991671229,-2.8969273087606338,-1.8935484672682126,-2.084751103472958,-2.303622169197029,-2.6207354011748656,-4.075815782550815,-4.256796791672646,-4.239651567330678
-1.4996939996005438,-0.2613733490501233,2.5097900437056473,3.617942869732347,3.202758874616696,-1.1274203770318574,-1.7899551942148084,-2.576362040262265,-6.556928828073088,-1.5292637304428482,-1.7053618987055392,0.8840352076357629,-6.71517795599857,1.1916007639342623,-4.178496743928973,-5.2513271232840655,-3.6091520144655984,-6.696677616960925,-7.4010019184073705,-4.789914565604466,-4.111219836205885,-3.1935585032604683,-2.8847143182967683,-2.0296357174814634,-2.9234061151754327,-2.876409621227229,-3.3854600535553803,-3.2271854802877873,-3.164071554414809,-3.110248221833755,-4.416413351317246,-5.722976497247357,-5.08006857885464,-4.765253035572789
-2.8984262728534147,-0.9804926999309946,0.4085806017257612,1.0814380997462905,-1.0667047227811184,-1.0224769662947144,-4.0347384496636085,-1.804943340214604,-1.458825433258095,3.837447286664838,-2.33731414074756,-2.801853249090523,1.1752340152037886,9.642166718106171,0.9843026243644954,-5.523132270319782,0.9566859363069978,-2.660785855309747,-9.361449127658025,-3.5762695294987217,-3.9988156857883728,-3.2859779183585327,-4.6900797123647555,-2.2147002268256446,-2.672393752790439,-3.3481610478717787,-3.237880343997846,-3.6110034095599555,-2.8527729227013814,-2.6707214455980512,-4.925812957008224,-5.733323422001937,-5.241549749471544,-4.626229917396519
-4.112092681475287,-4.653945408277536,-2.482299448528996,-4.9022491508428105,-2.381104170642017,-1.889682868648091,-0.4546176075445509,-2.7942022251288785,1.0784853031422248,-10.458185506885252,-7.381864159174118,-6.400271720161547,-6.6870126618994385,1.0948291917771207,-0.9548647148522654,-1.380082706837522,-7.617331180238041,-5.983960241670217,-4.8025572110156265,-5.5017153224029265,-4.051367790507016,-5.247253035933464,-2.719111238456491,-3.598404999256158,-2.3895220600695124,-2.9788200358858736,-2.586850432867886,-3.0517106539319503,-2.7337840210402966,-2.716308025870479,-5.15434349012723,-5.357207584469351,-4.865709144439345,-4.72602050459742
-3.5394894133566432,-4.675897332695563,-5.1104896775777995,-3.946461511414891,-4.162067615625439,-2.88863507275606,2.159988077411785,-2.7666517776806403,-9.583973563967914,-6.428591743640064,-9.739241390882823,-12.155210268763824,-1.0025922762395219,-2.2871898113459324,-2.2287573462566894,-1.7538326136304214,-3.4894734503681915,-2.560945298069502,-5.813307246707911,-2.946363060021342,-3.7122456282959866,-4.268263867184699,-4.80347372037233,-4.096172151556074,-3.256107780048406,-3.546305593219072,-2.653046634443876,-3.549793743154735,-2.7513732693022175,-5.764246660733288,-5.914561928048121,-5.77823566272205,-5.262751455944571,-5.058522539853458
-3.4966575787605025,-4.098132345089018,-5.055025602635788,-5.925952412039187,-4.908201550814034,-6.04052622425551,-0.5329564631457228,1.6258940894195362,-16.430233050353156,-6.154487012438695,-6.712510377868783,-4.327724759106653,-4.987151051630442,-2.268892312989012,-3.429439836769286,-2.1635731319767366,-4.999205523060824,-5.0639998828731425,-6.185615007911856,-5.053599124636432,-1.9349843554289554,-5.102600773348352,-4.132183994828035,-4.6163027789196995,-4.194270016723404,-3.5212174217933403,-3.077353855853159,-3.2166571478122243,-2.8930026026557383,-5.812752820539902,-5.908346608306098,-5.7889216283738865,-5.786037128599699,-5.448609716929675
-3.342028232739985,-2.7913258153328706,-4.303764722941991,-6.407196622494731,-6.036940001326832,-9.21880907990146,-2.4706324110336357,-8.239407360873788,-7.570020444464378,-6.591522003494806,-2.0782789150244807,-7.5640809947100225,-0.6758526651792107,-2.254096316914299,-3.2613557482948425,-3.9556329661489897,0.5065515907008806,-4.592956038663811,-3.2177328476540152,-3.852260734495739,-3.4724139880374407,-2.27135327244558,-5.086677267675516,-5.510131978036094,-3.3571663526282487,-3.685045983954011,-3.632535997025559,-3.7140203767787487,-3.5640543573743058,-6.203385560889054,-6.587958079404675,-7.031051648726255,-6.840325197192538,-6.3474204139823405
-3.3099420034894043,-4.1112491657640735,-3.921644192855581,-4.637019694282687,-5.337699906660484,-6.102998520147135,-11.74708823512776,2.447365610134598,-4.0217692874898425,-9.191122413643743,-6.766138325766623,-6.894622730939289,-4.365412606694436,-3.6973223771432666,-1.9740899927069757,-5.956062197288049,-4.786165098344174,-3.2696141980497346,-4.982587983553158,-3.8865616800546143,-6.038812451959928,-5.0349680110446435,-4.115768765799704,-4.716500466776531,-3.922550876681793,-4.5312518943543,-5.3642507902700345,-3.5284293158791415,-3.8320434516270914,-7.358282660466941,-7.349570742547037,-7.556290399578216,-7.025574735897417,-6.767045952838044
-3.6927032365226937,-3.862919561444889,-5.474616405126224,-3.804161355750712,-2.21155254252763,-10.374472746187312,-14.043618491269374,-4.511169540768326,-0.9122978334075053,-10.974607578542216,-7.041300381123721,-3.819934389756001,-0.33163614475047865,-1.4747378188565685,-2.1960781612960076,-1.7888040817429345,-3.3117324623727527,-2.393880353273673,-5.252716063226168,-3.8101321914306885,-6.034114489127296,-6.633105852265024,-4.781800137854596,-3.6887927965724088,-4.214698658950429,-3.771917047423344,-5.3254962649444275,-4.5609455021765415,-4.529265106569767,-7.7150162219581375,-7.718007272469625,-7.531501397219087,-7.4334810716586395,-7.346872044516259
-4.667104103903294,-3.3742984601809862,-5.06016736171045,-7.0694179777747985,-2.3504641792337453,-4.865352093028951,-11.81626011453702,0.7710244264197875,-13.139437764269118,-6.636931746297049,-1.409205215628142,-6.356593656874289,-2.704784437562899,-4.133715914022119,-3.088523351423462,-4.343784463176827,-4.159827172240632,-3.6280087329561215,-4.986825392169078,-5.598448188247785,-6.382609952892613,-5.274722657275218,-5.349034624201083,-5.607305579040898,-4.495322143281432,-5.622429182180394,-5.140362148922516,-4.089859147377863,-4.569211027045268,-8.174644311374824,-8.2768037894278,-7.934485577852448,-7.798681800936568,-8.278343977410035
-5.88671282815004,-4.388513988282226,-2.746325900686563,-4.0684321068423035,-5.953432428828977,-4.870120993393672,-7.3461514862443895,-12.741049468869088,-18.39027983100876,-9.302457300922836,-7.584033614402968,-3.712481781600902,-2.8035537033264943,-5.811821076707978,-1.4304827830300653,-3.4457287434445445,-3.9923999433465007,-4.833705143467689,-4.316079382668993,-5.38559043671129,-3.9785807152008075,-7.428198611077136,-6.166170028516604,-6.2229328292086015,-5.029514865788305,-5.009283395102721,-5.4539432567967,-4.714771796927635,-3.938566425590923,-4.096895912603596,-6.809087995615155,-8.134130912961284,-8.632628185321156,-8.989416642265766
-6.060792267154151,-5.720358067803825,-2.8542785802772044,-2.472291058026771,0.7567885774487598,-2.4317785747532215,-1.6522503538788353,-5.550521769495162,-12.837336548919625,-10.01235474014027,-7.577905890752967,-6.643153644271851,-0.6646990084326464,-6.350026144776757,-3.265218860034039,-5.168956094191574,-3.839125381915335,-4.222706570842276,-4.858223071680806,-5.29748067877273,-4.83881931381721,-5.069017608038771,-6.827574484578812,-5.376817906596323,-4.767841218615601,-4.573101244566361,-4.689959073531528,-4.5012378998030185,-4.511144007359461,-4.835694509676042,-5.037250919483695,-5.567179630377371,-8.193609069622257,-5.1527862104989355
-9.09682860110218,-7.213860085444061,-6.083019396097451,-3.059371422862609,-1.9288651681461257,-3.9117522184608093,-11.389788972241579,-0.613275755924759,-10.971345638150371,-8.19841627838528,-12.503644070438154,-8.127146509801126,-6.126424253334929,-1.5921576466309368,-3.2734211030774927,-5.423421803336516,-5.163691691913643,-5.184231543869547,-6.140737320125931,-5.845813873284329,-5.24192616006353,-4.993469660509344,-6.278918776398388,-6.200052711119263,-5.799740171969555,-5.755300044705153,-4.906635233715284,-4.588749130793735,-4.452004077773811,-5.303488532203055,-5.525236763031793,-6.389747671905287,-11.764471840577812,-11.779456096024722
-9.634844758776376,-9.728472398009382,-8.858833393708421,-3.4783452639680807,-4.476412116388788,-7.407490984737045,-13.988188429421546,-13.561842419300595,-12.982536686828928,-5.813733224609233,-3.7739695305823178,-5.959951229935451,0.17254578689746067,-3.1117283605067727,-4.763609904258113,-3.1300307019032876,-5.525389726853949,-5.491880150521736,-5.953445008239297,-4.904542876807743,-6.027845780237212,-4.850325845421975,-6.659351045817566,-6.228861729618676,-5.956351584762358,-5.7063085030445615,-5.627013044504093,-6.07033620694362,-6.593402569171828,-6.936220510162827,-6.2901967870236435,-6.846984286954714,-7.826258156766174,-12.312939921034241
-10.32314818702929,-9.370673005434957,-9.08409673917422,-8.322575546926183,-8.393867717722644,-4.751465522816564,-14.98561118586488,-14.878159934740989,-14.525602473554233,-19.79702497983327,-2.257100125548928,-7.437580108636766,-3.294261995467086,-6.063583593362828,-4.55306188956852,-4.82477811035161,-5.708719672097784,-6.768772475710319,-6.723524466506064,-6.6320791607986935,-5.767286612309834,-6.015675353413275,-6.745898683672728,-6.952303211720095,-6.852191141800553,-6.352814660840077,-6.852416220461656,-6.88944707508425,-6.426030079580427,-6.438209466162276,-6.620153438025691,-8.095871997656342,-11.443918397911576,-11.708423203191783
-12.49242020249697,-9.781049261605222,-9.746631834347216,-8.3660704421548,-6.153473024197204,-7.15477433786372,-3.0834479940821304,-28.29623109162878,-19.756348861070247,-6.344272867849656,-3.0137367597426823,-3.996964945579075,-4.225526750480212,-5.117016837708204,-5.9743626766913,-6.424928744130808,-5.501553752448015,-8.557248633959775,-8.176092117968743,-8.048782249605704,-6.5803801575900716,-8.761675237629529,-7.7065298863706815,-7.254715558361133,-8.225005732170956,-7.347371023831561,-7.3496088582225445,-5.96969451127123,-5.983481067661576,-6.2861383761820555,-6.855832801882808,-7.249148753547007,-11.037174967990152,-11.388100462730689
