script/wind10m.json
{"header": {"parameterCategory": 2, "parameterNumber": 2, "lo1": 3.000054539987559, "la1": 64.9999836372058, "dx": 0.5, "dy": 0.25, "nx": 34, "ny": 52, "refTime": "2025-10-20T17:00:00.000Z"}, "data":
[rows 0 to 23 of 52, columns 0 to 33 of 34]
-9.616269755156255,-9.935660891312462,-9.560911377666605,-9.685047077801592,-9.923452865760956,-10.167262056404224,-9.845939528947344,-9.506537010469597,-9.086976782067348,-8.38051489157796,-7.871147463471548,-7.805675853098938,-7.736800900622653,-7.547557575449008,-7.147460353347505,-6.275998229390248,-3.9321685048200092,-3.2362249796729103,-0.6339955987889744,-3.0602673473922497,-2.9140418018976395,-1.4316945649846846,-2.581052095187779,-2.845747054775709,-1.3070819019723945,-1.10855018636264,-0.06797923351997168,-1.652851962049468,-1.0413298941163793,-0.7678529534012924,-1.2107770984907287,-1.850958089890942,-2.149147005382418,-1.627828317088741
-10.428346980367923,-10.335233422398538,-10.241954245292037,-10.566652511706124,-10.327613663451265,-9.598154865317353,-9.174987581507498,-9.270009331564674,-8.821980775370726,-8.381053956110469,-8.018984017146467,-8.146062197979253,-8.064664946338592,-7.530994654962037,-7.143518970115461,-5.368556262805255,-3.4137555586995645,-1.6416307590707908,-2.540649264776599,-2.527419877752982,-1.8187235795142254,-1.7077585137612141,-0.3987878762041298,-2.3662650369206646,-0.36091632983458566,-0.7126950574247226,0.5245321393209478,-1.1698696813597977,-1.0921930087090075,-0.7992091642769547,-0.6417270405477794,-1.2284254645839878,-1.592034055683643,-1.989829830928325
-10.802232019297593,-10.497225906018882,-10.242842855360879,-9.8440534730192,-9.60147706984982,-9.527264626919848,-9.412662574963313,-9.107575996849928,-8.83752418096769,-8.43802065230845,-8.389353254903233,-7.9440307364588865,-7.943684518938475,-5.4684892090882276,-5.395184118051484,-4.863277136029242,-2.1380705352194695,-1.4530436537128304,-2.4549300675929584,-1.7682569731012396,-2.730229562456153,-0.9531072725166192,-3.118032269782126,-1.2075965867249383,-1.4525663512005356,-0.8212386098587564,-1.3558659528851404,-0.5600266453139728,-0.8586265038959294,-0.85821761171259,-0.515558601564143,-0.8653622866550386,-1.217186353229728,-1.5609743649393524
-10.265589874926468,-10.093631671067548,-9.593055800413119,-9.57020095656122,-9.772629057916085,-9.688425826043389,-10.00798175509874,-9.351531733425437,-9.291491009904076,-9.198542406798447,-5.912446414324253,-5.2064217906905315,-4.3582384631097595,-4.1018593837361665,-2.7324670450791495,-2.230547875231457,-0.17158274252702935,-1.6403725407603926,-3.0580576280787755,-0.7683921453829131,-4.120370272920146,-3.1863256708028875,-3.3701792182161903,-1.0423037790281735,-1.015829144528967,-1.4283073580187045,-0.9648183319926857,-0.9851355237713552,-1.1287829151449187,-1.113354421544228,-0.9070912992125605,-0.7377984999362323,-0.8354288556616911,-1.5526258037205303
-10.165924682059986,-10.037093154438368,-10.560374710259332,-10.046808077518486,-9.843581048946186,-10.01798969714868,-10.150690474691878,-8.403258764103754,-7.189774169465038,-6.926387210367507,-6.366205683178215,-5.2425661151812,-3.7610188854991367,-2.9334482585283514,-1.7472242267853761,-1.4740174151570244,-0.9513705575417937,-1.3309954537425335,-1.4196943121129109,-2.5012103925058216,-3.1714221678967234,-2.61071878355062,-1.4964906953519943,-1.328574744146479,-0.7181807189916153,-1.0201180293149557,-1.3117128054323162,-1.1295199948190144,-0.6245108022542379,-0.9040698550467382,-1.1134020330027228,-1.1199731567105977,-0.9423801599267716,-1.1443483415966114
-10.621475933345373,-10.33396023534384,-11.000903025814303,-10.536738057818278,-11.138754057632966,-11.562974289253695,-5.135142891610822,-6.188310973663329,-6.172349938338531,-6.518847578576045,-6.222660878901654,-5.502170878528239,-5.573842464707064,-2.7183756828604446,-1.5491697517400562,-1.150091676834617,0.11531852164416531,-0.6816507475993945,-1.7151525343094876,-2.777115706517693,-1.9285261167409093,-2.5647146439782658,-0.7613910822516671,-0.9440276509875342,-0.8416174890529237,-0.245769387387423,-0.2661492881135739,-0.8521876510787014,-0.4315993954211662,-0.5726958461410007,-0.42510386219098256,-1.1169001642523282,-0.8948516457819194,-0.9369763571264456
-8.08000483543564,-6.191172209374066,-8.608703448876831,0.9934878907855484,0.13844321739424065,3.5966658321504084,-0.5769560639049227,-1.6898550567764206,-4.040601832207261,-4.972981968835292,-5.018211062419494,-1.7249627295306795,-2.5058567435485952,-1.7649137402536976,-2.422225204450042,-3.2415736827230734,-0.1154802105904618,-2.4304887631052545,-0.0969867189207534,-1.808575907522293,-1.29076936942433,-0.910956229385363,-1.5545248252674302,-1.1109532002442546,-0.34624841574490195,-0.4805661168152409,0.4425298927820459,-0.8661571347457532,-0.16299393642646623,0.6412918867865747,0.24834110065454046,0.13918603782243116,0.09156500930196323,1.5020513422918214
-1.056579327344944,-0.6830225952242054,-1.682673934343325,-0.8296628332259782,-2.3568664224790465,-3.163293558867314,-3.8414551576598104,-4.62333709529073,-4.553198726831594,-4.403330481062317,-3.8243918347840786,-0.11752455921443343,0.8694790802088028,-0.6953637896225079,-0.30585229573712464,-0.5355271538930794,-1.162305020323553,0.8960540838432035,1.9053152199860417,0.39539494625765165,-1.012033854597735,0.7339421570512785,-1.4618373616372433,-0.4522292537987037,-0.2096224300429953,-0.8508566092451805,-0.5074477349913491,1.2235186024004336,0.31959430922507814,-0.03893035639381595,0.8875044683231775,-0.010478741222522441,1.708092528178414,6.892813349144793
-4.993869202801195,-4.9001827308516726,-4.970751377638576,-7.119833385805088,-7.089258471981781,-6.609515418552297,-5.998391959197656,-5.058424241700364,-4.334004464730541,-0.7400743867005506,0.2727758573984344,-1.9624851650246993,-2.549273738034262,-3.2922847602068845,-0.7674734994370774,-1.838461122800917,-3.719483693892314,2.1312320195638343,-1.1589056901479142,-4.2363898662791275,2.9857234616016624,1.8430000191743383,-0.042439930759251204,-0.9894344323482527,-0.15208212895553833,0.2791475944256424,0.08055543219484249,-0.12960480463155533,0.2207497864271497,0.051227967241923834,0.41277361626592335,1.6255941613605693,7.140282410867848,7.193772913820115
-8.724975473628268,-8.27972498241861,-6.4490422104973195,-6.679289981799915,-7.725099590021701,-7.2502278340164406,-5.930005037013092,-2.695844257433459,-2.214924907205422,-1.8243697670295085,-0.23592388447219098,-0.651427420381413,-1.4733238504675878,1.9911869727827012,-4.125281296484073,-0.6461380348865832,2.775751561623382,-2.9851612304630586,-2.2064664660859155,-0.4471140055601306,1.6324891993950499,0.4199846455570795,2.395805610773165,0.24402898211107996,-0.19631531321681311,0.4878553197307751,0.9507748582843478,0.5078776482955102,0.12347403612189108,0.5820633573780658,1.389543634661931,6.2022162667535365,7.0573168940025015,7.388991008797726
-5.5931532955903425,-7.349263828782087,-8.024175505394899,-8.334036463063384,-7.87657833347625,-6.908320174981785,-3.7632388076553727,-0.5801691790083376,-1.9383465386695544,0.889281747333545,-0.4730579895980373,-3.060828293072736,0.36990032073031737,6.609734480876159,2.9800682644863006,-2.5650127482021507,1.329743132195425,-1.3218423366014322,-1.2657581113619771,0.3601462308845512,0.14141810777655878,-1.1161242924809371,4.624359111650603,-1.4528145949631093,0.19755590419854802,-0.5700109581099232,-0.37034988984257894,0.28367491573276354,-0.3826889922407491,0.5142895102020105,4.88882329825065,6.360783584900007,6.921882111167504,7.1933262021771744
-7.350548907157977,-6.720050922394446,-6.785174759300023,-8.680665772698049,-8.073654290371033,-0.2809771163996336,-2.2037698639563454,-1.2343191181074473,-0.022249587404533464,-6.128245308310492,-2.5872190891177604,-2.9691387116787564,-3.649824818852504,4.277325034574892,-1.835863144774996,-0.9200908969508487,-1.5902462767299497,1.131200674441884,-0.06611115586139794,-0.306795067629645,1.850483735038983,1.6203114564433616,-0.7967511862808605,2.089993375013337,0.1461117699729766,-1.0491367351762422,-0.25397691205355627,1.2464747870323303,1.1739091785264346,0.6802224776326943,5.129312388192202,6.14675101865553,7.11146699452791,7.259403528696464
-6.5795542113533285,-6.691628322643844,-7.085128342157563,-7.05293622003974,-3.8378052018304727,-0.26307828853842985,1.9922467975166065,-0.884069360374519,-3.0485875363701456,-4.675507258852476,-4.098761208126256,-3.931010127228909,0.5331056378982166,-1.3242977096658102,-2.500266240552703,3.2769910247744147,-1.0653025309598965,-0.691564415414726,-1.3921019900051441,-0.7992486149654956,0.5700977312128984,0.9155186020930575,1.321879784294272,0.14880937708637096,0.2948037443520023,-0.628815338255876,-0.3332496396385184,0.38504155563657516,0.20432539826893853,2.32448668325069,5.277509037313168,6.537229750713924,7.4328938097931445,7.151580468959312
-8.137783826693335,-8.19966574546575,-7.844176648102139,-5.700814327239492,-3.2909843971704498,-5.130823830153343,-5.574980558590703,-0.7867789466142947,-6.96930668111109,-2.559529461225426,-2.0723828807636444,4.951766183951889,-2.8227351298168073,-1.2963813838699447,-0.3396095963136348,-0.2857338255176339,-1.0993221286709454,-1.215600297986516,-0.19805644837959188,-0.3029917425525847,-1.6313754907981548,1.0916044731540329,0.6543097951604555,1.012388948976277,-0.12256393232576211,1.0747002028725714,0.10644206842423799,0.4788323341674269,0.2768506582102194,1.3346082219858166,5.130662627679127,6.034513499472404,6.652018436464658,7.099605783200839
-10.08764840809031,-9.931931729421366,-7.478273409552713,-3.6851560770159995,-3.4691302745805785,-4.266742321716465,-0.2154529474512939,-5.856594157484611,-3.0637065510509442,-2.534061714857706,-1.7487408002843667,0.23376114168658496,0.14429717496740144,0.9206818364640419,-1.0568714147826992,0.6466097120768001,0.48669868206916567,-1.3044216993118012,-0.26319002940067987,-0.9326196375808331,0.2154655327200442,-1.1519953069137703,-0.04526664594133501,1.018153295176532,-0.3585997356163384,-0.5287391798994754,0.015661140128769326,0.037307329025989135,0.44448101267430673,3.01089210358228,4.917075418007482,4.587975608237942,5.628706819436611,5.967179110504813
-8.251440514792035,-5.744870506756898,-5.725050424041731,-4.690248779173626,-1.7284836755564748,-2.1643336349174587,-4.721138400460131,2.006333816345037,0.02730863049479711,-2.29274316541138,-5.405648552637411,-3.8374529816838745,-2.087245733772645,0.03231258179403626,-1.518149737669206,-1.1877845040678143,-0.6672079492808405,-1.7134665701192693,-1.410831807193241,-0.5892900043176578,0.21653911824876582,-1.193316087850765,0.035891047421864615,0.5870400439537965,0.18672604155959804,-0.5658945351835787,0.24768134794040783,-0.5099890106106781,-0.3261723362089069,1.4744106029213577,2.3463095539727195,3.9593858213040507,3.564217353650287,4.089313207021559
-8.148597081494867,-7.092486020104801,-3.8860397852984647,-2.3546518459979136,-2.5401939681234493,-3.803040206223428,-6.349916119484307,-2.2542520528672676,-1.7221411802445274,-4.590864997339603,-4.558361557157639,3.9592571743433154,-0.5898664165530949,-0.5746041088575352,-0.9485724101746255,-0.5005995182841627,-1.3094131887694165,-0.8025248343355175,-1.3553818174257535,-0.4760796354629024,-0.7141804027193885,-1.1489164733631976,-1.3363592683056456,-0.32062868275802187,-1.2985991368085839,-0.664415739372965,0.14135571678917921,0.17893194244582084,-0.14899816613615716,-0.020478628414216025,0.9292224551384344,1.076361692471269,1.7163911633219395,2.372552051151788
-8.999233651463948,-8.893567028834758,-6.628837881652359,-4.159636086136433,-1.1233607168900033,-1.838699525462084,-5.019444165327647,0.06324274324619375,-5.805159233762836,-4.150663787259323,-2.6873093216951895,-1.8004546023027157,0.017768555662418004,-1.1974784897790132,-0.8046477121565739,-0.8870186009897505,-3.477813673655824,-1.0707349546261367,-1.3502836461972503,-1.2492815183655477,-1.1795526920233876,-0.727654420230704,-1.2503580156219194,-0.3398518502880286,-1.5188147696588095,-1.3338706543313645,-1.3675427279482761,-0.7141228479045173,-0.38818217093798235,-1.3997713159139,-1.467018301453238,-1.0878217327210866,-0.35901445119842645,0.42681521539709083
-9.94136271361056,-9.318371824336424,-8.494728970159777,-6.3211444529313985,-3.224605410108397,-1.347285325487821,-3.4316769888442447,-3.615714790802711,-10.26205810277523,-3.049613987770036,-2.935284437084754,-2.036823195572661,-1.4932463870496935,-0.1704104373104496,-0.5784059243991108,-0.9650805159050118,-0.63531318974438,-1.0951911281072264,0.021275819201516888,-0.953249321641985,0.45009472054321803,-1.2816675376162674,-1.549934094880662,-1.6568328394581653,-1.0848200048719836,-1.0004126665916728,-1.6096310242254779,-0.7597908890127143,-1.1037861162342044,-1.2886248993843779,-1.5023287153119622,-2.2104206026347555,-0.8426120229276579,-1.2562472339007205
-10.820346374210214,-10.266988008293369,-8.838718376919111,-6.55438253316386,-1.9400845556006954,-2.6617734087665936,1.8344129168941417,-3.2286803675898286,-7.2107285884337555,-3.993143407349528,-3.296134947295219,-2.897248387223115,-0.7251524488519545,0.016591269415443588,-1.1720845542420617,-1.9736266679883465,-0.27621452946449787,-1.6020799242292785,0.27497045309581647,-1.0656779956601585,0.08907454790027049,-1.6138840856571792,-1.7346441588499302,-1.15543753107178,-0.8987430473816271,-0.6090564531257532,-1.1994959046108191,-1.6076117631430913,-1.6646604641285077,-1.571693059205849,-1.1201428112185876,-0.8649286570770901,-0.26386446640056027,0.6546012131507801
-11.522628565681106,-11.086195436003482,-9.70293293625318,-7.8116394996979395,-3.9673290188050485,-4.540418268398012,-5.878457421595551,1.230902893763358,-11.44795866054003,-2.952991072982174,-2.949694552653954,-2.3169286029091727,-1.1410582311651696,0.2037522619648091,-0.6067835712470995,-0.7684561811120273,-0.600385575535552,-1.1455167420021903,-0.6136815941181174,-1.863921783590156,-1.3083784112465076,-0.08799014954383756,-1.7134009083224493,-1.366198188241458,-0.7068111110843687,-0.9812282227495384,-0.8774759207746423,-1.053396643777075,-1.0210374162367115,-1.48419484876664,-1.3789089427130643,-0.6904959396099194,-0.07185567176010071,2.888741065409991
-11.98620832391683,-11.109835346325614,-10.849352026481348,-10.13686071457731,-5.3559630106352065,-6.468832442199083,-7.776970874056675,-8.24170729932193,-8.158282497376604,-2.0072950666061455,-0.5527658128870718,-2.0561614179621843,1.4177387376563289,-0.18806410997171683,-1.445583017109665,-1.4470743114634743,-1.5699930321485593,-1.9350295893405425,-0.891784958963384,-1.9512106502832842,-1.7611587742965766,-2.5520457201367464,-1.6850731572293072,-1.5444619759945344,-1.393983278653019,-1.0411525330553215,-1.3368321966431465,-1.3039739397809909,-1.4634052148642986,-1.5444226796387681,-1.3015765135571191,-1.047252155095532,0.4035110116607567,2.99436564637005
-12.444012833818475,-11.632512672506975,-10.721825707655928,-10.327658757769145,-9.432784737004775,-3.8769340547685505,-8.261454447564292,-6.168017820647831,-8.233296032085194,-12.472773846677892,-1.344181004754791,-3.937297095424537,0.17136147753923164,-1.124781255036941,-1.2596643552812392,-3.463826280454434,-1.9593449861781465,-2.0803206874514206,-1.7645642848929892,-1.9431529383281185,-2.0534367819620982,-2.198085335592042,-2.1353003090781626,-2.178516479907534,-1.5554199236532593,-1.9471846703602687,-1.997650490452223,-2.0161766341059435,-1.2080596278300488,-1.5353766643259936,-0.9580618248111175,-0.31116582851200586,1.6834284662607741,2.2018869544550004
-11.693446507646224,-12.136712714717781,-11.786097152748756,-10.030402164904467,-8.784148027847552,-8.78171747449841,-2.5893228141927773,-15.019043038070215,-11.27697309707363,-4.126315746506941,-0.12489252715666664,-0.464194554965504,-1.7910169762365482,-1.5016294337942777,-1.5816212777285514,-6.008137429549274,-2.204625233922379,-2.715819631351344,-2.499822154408659,-2.5457672173693333,-1.7691714396148213,-4.2773396130793,-3.1147796998379143,-2.034025411917411,-1.8931707575645687,-1.7771559246236956,-2.4674288644209383,-1.2254315690805058,-0.8216269093106033,-0.4947696764840075,-0.3453390887888899,0.26040887403595636,2.0876204711263058,2.737284998748189
