script/wind10m.json
{"header": {"parameterCategory": 2, "parameterNumber": 2, "lo1": 3.000054539987559, "la1": 64.9999836372058, "dx": 0.5, "dy": 0.25, "nx": 34, "ny": 52, "refTime": "2025-12-01T02:00:00.000Z"}, "data":
[rows 0 to 24 of 52, columns 0 to 33 of 34]
-11.247695166136292,-11.117090365537052,-11.196936891806612,-11.242560722486667,-11.129101258533865,-11.00534256099929,-11.067022207904671,-11.122733212738128,-11.174451897430982,-11.09396560725602,-11.14892186014917,-11.17296497093138,-11.233847030571157,-11.055522438758391,-8.515951153975262,-7.100486317746808,-5.127962957090288,-4.5903284140636345,-1.1854611297381872,-6.878070224780318,-5.68981015914924,-2.4258103375844278,-4.47746066066498,-6.3840933875067885,-3.4321808651890002,-1.8603846254842933,-1.0204835088066866,-2.8734193285283793,-0.5062028627459906,-0.17189759434999916,0.028595173784022095,-1.2140896923940143,-1.9596138128695109,-0.47310124891156297
-11.366479143225254,-11.340956654006481,-11.433225031871103,-11.348714493381976,-11.272692037948097,-11.476219266163586,-11.727976784203184,-11.946320004277181,-11.76590300401941,-11.746864106008253,-12.02688746864869,-11.667340252899503,-10.309280688715479,-9.539456289677554,-8.542023045538512,-7.55835432900887,-6.214315939582061,-2.7050434151463487,-3.271035219865259,-6.735772662619544,-1.4831429137111105,-3.739767816393063,-1.507502417388011,-5.437756120425176,-0.9693555658418637,-1.8224960722932844,0.17857894929977125,-0.3807504379634345,-1.3047087833371618,-0.7900618883466729,0.1448316823051078,-0.43499840012405827,-0.6150500311958836,-1.5699894587709482
-11.44514897001245,-11.521426979191041,-11.3265488544047,-11.360955336368907,-11.56591006186866,-11.998764419071563,-12.534623962870135,-12.493880603228915,-12.544802087575768,-11.975076095918228,-11.702553882386296,-11.46630126665451,-11.50140055217137,-11.22783820380752,-10.252187590385159,-8.500648611639605,-3.9718414952060375,-2.282715690747446,-3.8575716976654646,-2.369143405391944,-6.942205918893515,-3.0367251159702877,-3.056295134614267,-2.8222171621097876,-2.1424948201889737,-0.6197016716255425,-1.338109850017931,0.2179861624543111,-1.2519566534111723,-1.4917265824934183,-0.8276427916566087,-0.4710167989783947,-0.8518037794298923,-1.6157943625560645
-11.732932118095391,-11.739158875482461,-11.624414754243826,-12.230920453743211,-12.198743960154161,-12.448571839508036,-12.449859782195416,-13.55652753458485,-12.219735598845276,-12.369475714083478,-12.324962319411464,-12.072476854344965,-11.71381538887376,-11.19352403099626,-9.711362360697526,-6.23564464457576,-3.42320443973649,-3.718583184495649,-10.488739084179613,-1.982622129275155,-10.052947425303344,-3.3519616960737,-9.320945547686037,-1.8144567622052912,-0.993987987149905,-0.7924669362789037,-1.169415729853008,-0.9384190948095716,-1.3929849652336825,-1.1419076544315059,-1.03469373610256,-1.1599438498187262,-0.9715232794457349,-1.388897351294621
-12.187333748462878,-12.285833879393412,-12.570291265702696,-12.967640473526425,-12.763732960859809,-10.233295059735799,-11.662729638483126,-12.262143193852204,-12.764745460778181,-12.380459304548493,-12.038364128419495,-11.466239014730956,-9.965309800439869,-8.903787079188259,-5.367027105172436,-6.4283803847046235,-3.8601895900402714,-3.2263510014779033,-4.5302864184101015,-5.037458104642497,-10.640716455248661,-7.633518545620464,-0.7649430234052382,-3.7006317920273415,-1.1513954623900056,-0.7874879981776934,-1.0199663967671402,-0.684214580590947,-1.6075925259409976,-1.1417644051502536,-1.2810984229553453,-1.7055063027817619,-1.0397630730548852,-1.4418595389916187
-12.58122998965749,-12.67985757991219,-11.916474311020405,-11.43903681720453,-11.506267807028754,-11.350334990713085,-12.308826188663746,-12.473323447311838,-11.94039176656381,-11.244709235016527,-9.579361132648902,-7.5575326933397635,-8.172171942727791,-6.671415112626802,-3.79000985879888,-3.410578481604203,-1.4474221593623258,-3.8342297629761655,-8.670850329857826,-9.42722166379934,-2.078656982268945,-4.808026317041775,-2.6043608864497725,-1.7279434873328137,-1.9699968871713307,-1.3182374250241218,-1.1225753257168032,-0.7806682819036944,-0.7812077494059178,-2.0748058258728626,-2.4036010422486034,-0.5067142294529969,-1.0507474064316906,-1.4698856714857307
-13.65566056795738,-11.875737433545735,-11.040760518329327,-11.402719091519527,-11.522399905182395,-11.715043962421976,-11.784280188194964,-10.962774939717855,-9.677598891715386,-9.555393172862622,-8.852784028299622,-3.980199850783263,-4.235329816582695,-4.352552630644932,-5.258333751871239,-6.840660648637134,-1.6046697563240053,-6.662040615551734,-8.492300404487086,-3.9103335245739896,-3.211417010689774,-1.9060694704607968,-2.57757173324666,-2.521915652238032,-2.9335935382785006,-1.4087071880484132,-1.6503060578190736,-0.23167679423332052,-0.8557680515432171,-1.979166418272545,-1.2183825031942752,-1.5966904448364845,-1.8542221015067928,-2.582660859903241
-10.097238839687005,-11.339274141934709,-10.905071550876448,-11.076245400756902,-11.120826067592454,-10.692590127478622,-10.271861437730323,-9.028963793671307,-8.039872463824308,-7.062227175582546,-4.704533195347495,0.557368062753848,-0.0630935634292188,-3.639266211609356,0.18058380735252252,-1.065160604761426,-0.08018611406384964,-1.561211248816379,-3.305008953686647,-4.101730476218187,-4.216316632863873,-2.7221562682541545,-1.4306446764913434,-2.163329612567731,-1.2534379156192361,-1.183641813880825,-1.7448253780291079,-1.4392108968923405,-0.3442820722661139,-0.4653907168864517,-1.559448688270747,-0.5654563769361792,-2.282255745691328,-8.500986131011148
-10.606844043007044,-11.035600461446375,-10.733244126343523,-10.64993405131627,-9.53900176865267,-9.027391708644442,-8.146829800279937,-7.13184923372251,-4.554080137261593,-0.6866097983217532,-0.22791813554700255,-1.949829440459758,-2.3654592072552907,-1.555761852716385,-1.5166833524950951,-2.379309752784116,-4.03291179694251,-2.9269073389555498,-4.524761126896246,-4.492636453070635,-4.247088216005493,-1.5180228953460715,-0.5784367613125495,-0.9364519892733572,-1.1715413371530932,-1.366136789720912,-0.9605031421155054,-0.42345995255161584,-0.1224614088892412,0.5788706918915204,-2.306280909018394,-2.781606463158547,-6.773715192746656,-4.37634754288712
-10.451832426612928,-10.253395115606239,-9.885241031067832,-8.922562881595281,-8.606342555955006,-7.055669611292826,-5.085129077064911,-1.7509262661331768,-1.5544075455272448,-1.2395276903137569,-0.43737275883127763,-0.6333572212516257,0.02832195699807522,1.9481479804201027,-2.6061965963639686,-1.9166852569076898,-1.636559037737231,-4.798854489239868,-5.053667300998618,-2.8379639319713643,-2.391707562174372,-1.9962988264294623,-1.8552713698852445,-0.8136196219244564,-0.7404518061761795,-1.363952335853956,-0.7504846218434407,-1.324748457884687,-1.8029321335429103,-0.9092659010268969,1.1170237645296326,-2.480187635320168,5.456798128855395,4.312646755677669
-9.51396441718601,-9.407748689698636,-8.489109312165306,-7.251476868995767,-5.836687936219827,-3.4902300807438817,-0.9903051493313632,-0.37295706647520677,1.3519552101380123,0.4577303103762158,1.3819409015668331,-3.179608102954367,2.026542040479833,4.778604744594769,1.9433753323876177,-2.4560335355083978,0.07783962142496194,-1.6129537517372807,-5.604246478370125,-1.0114031652671647,-1.5147997940837457,-1.0228975697736682,-1.993791572924782,0.17201214407763768,-1.615268504843972,-0.2837908840170301,0.1730741039605107,-0.9704317442783537,0.6830013300959028,-2.4936468263553753,-0.08243221447321582,4.530592394167599,4.207890944311712,5.143986061253756
-8.096472689046523,-7.728499102265158,-6.075881720097906,-4.855177348346431,-3.149118183656196,-1.1974710482149018,-1.2735908441850021,-2.0800756783801737,-0.2984222921233622,1.1116042254436183,-1.3475387394485792,-0.7414926237409729,-3.051079321549583,0.13484029675475964,0.0041325515238062735,-0.3348084052952726,-2.7210049292903555,-2.2520893923561993,-2.910036239349872,-2.235389239770671,-2.089131524206127,-1.6523816381800545,0.3217727770710054,-0.4803067537913269,-0.3278782440935077,-0.2533067510814668,-0.34458494463553035,-0.6150961500122307,0.6427595529170592,1.3462096369886238,3.999311924278627,3.5635879968890425,3.907450150475759,4.552790985522095
-6.4306064968705465,-4.427572214162008,-4.5313180110327265,-2.8587340769598044,-0.15168676861574792,-0.5120809928186368,0.6515861347412221,0.6998663505785888,-0.294700648565508,0.33166208941037406,0.9241493273585744,-2.302558817244662,0.4200448094708183,0.4707766942343338,-1.654702304093138,1.9424719692229642,-1.1980660049812726,-0.6128797035457875,-2.885206418926029,-0.8925508468829918,-0.8784238530265198,-0.6492213815102803,-1.3938170939374128,-0.5761537875171802,-0.07205801734568437,-0.496324988700077,-0.1832589123970792,-0.7242389640070066,0.6324366095827545,1.2431336356803182,2.9426723036831812,4.40633325038295,4.746887650859277,4.20048413731186
-3.252299492427524,-4.177613546951557,-2.787906034048391,-1.3236196506747582,0.6530227147240738,-1.1466704919849373,3.9636206017478286,-0.20811069709622212,-0.014807563642689932,1.2957847478509237,1.716697369728561,5.0771491049843815,-0.2076435493862034,0.32834171669970774,-0.30355757016736234,-0.7232925598380636,-0.8122847984841759,-1.8617107578284375,-2.8433397249464027,-1.6130516495022544,-0.43703687265748137,-2.6756164250415106,-0.6272267773957124,-0.7929229772719365,-0.2647127936337931,-0.4006744889211358,-0.5919376373737861,0.42680229227207667,-0.04257122274559371,1.0522272284349656,3.675095654837242,3.8302052911572213,4.225256355741889,3.671598181769998
-2.293073932949426,-2.147262407149572,-1.0294759882397824,-0.9485020597936958,-0.38750410240019795,-1.1127396659609867,-0.521400704703378,1.7666698771204834,-1.444751057489353,1.165978240070058,-1.3705373023338325,1.9673811207227028,3.3961931830398786,0.9342249121947556,-0.5529750149461118,0.24563165038142354,0.06414029302121503,-1.1155939374560087,-0.36914235051029437,-0.3450125202158006,0.5239842783064592,-0.8657742690392053,-1.3275880982298474,-0.5849406221608261,-0.37769224156707903,-1.356059363600653,-0.4413221654631427,-0.36228592659346337,-0.20294098554753168,3.7615747432115274,2.351094492807355,3.3217925106728727,2.8716530881465276,1.7598857983456866
-0.6259960800929885,0.3854052648285896,-0.274707479977927,0.8027478227003118,-1.2432279886764201,-1.399278929460293,-1.2535847769557398,1.6607033325308111,-0.30856386280322584,0.7923954432817764,0.051003750404665864,1.9678636313703508,-0.7829643046975506,2.134676385912883,0.527308097219914,-0.015403075330924948,0.245340486016813,-0.0858286164524973,-0.9678971744888415,-0.7790612780578533,-0.47812870889906567,-0.7715311050557097,0.08320560349625679,0.07738328893838432,-0.28153916779420085,-1.0443192767069152,0.23569169287420388,-0.1966957837732626,0.5654179201866375,0.7101653888987909,2.223911947796957,1.9268341189173448,1.3872178065213288,1.0863736281109455
1.4893412866811664,2.297238725115594,0.6244820706863998,1.4426200431874971,-2.0524223576548253,-1.243591731513501,0.5542559408526595,1.3930085409279582,1.7239964993721755,-1.9154295265485914,4.3950376963457245,5.013184635844695,0.939659158440119,0.4687607847263853,0.8543211510445994,0.31866365511150085,-0.41686517270326934,0.29197445377608294,0.07401503946059776,-0.043165522210859286,-0.42665883803247345,-0.3709782311138908,-1.0509048990560708,0.5431715707528568,-1.2519284365317576,-0.7889528052715481,-0.19851496007467923,0.24723212661702,-0.5135657732877523,0.5377795385433582,1.267929002549377,1.3429113062650788,1.061102274808503,1.2646338131725352
2.393394573640176,3.055527858080789,2.9782337637756093,2.149292168228182,-1.7036697708701196,-0.9477350817193404,-0.0282404669823485,-0.7741050509142909,2.7334463387699084,5.831304151488975,1.7232826626092868,1.2493303082798441,-0.4988347514854443,0.5206787538890695,0.7418319844491444,0.12411243541304419,0.7619082893928227,-0.27037339957710854,-0.8233965239736286,-0.9273470041335515,-0.9162702803184877,-1.2172088941676533,-1.1390564082894106,-0.8942969794170967,-1.4778810139265435,-0.9360033905447591,-1.1831228246397736,-0.2075057809873733,-0.2329143462009196,-0.16237121042512648,-0.19337089975874383,0.14696641102464927,0.9310010623432429,1.6887918601900849
4.121279218370193,3.858328115171848,4.38737400662111,3.5478225011112867,-1.3114028603415593,-1.5761038565433887,2.5725112077643963,-0.8791963147654988,-1.0981634889405498,2.3125908797312933,1.7666288971703217,-0.13860337915960538,0.969744907478515,0.40921981884268904,0.7942546844679087,-0.6701976793735063,0.4025220369412096,-0.37295686034759207,0.11222241979526752,-0.5889899013089734,-0.7905796964497875,-0.5477257912537329,-1.0776055340238273,-1.248377043657544,-0.7679747799696025,-1.3841773811070193,-0.8854573199312479,-0.4645629749137769,-0.2726422140602846,-0.23989868783089327,0.0817664914426225,-0.7575772990116483,0.9185655900683826,0.6881558957719468
5.647714315489754,5.134135622293119,5.353405981045104,4.447711030339593,0.4843324523011708,-1.2921958650213743,0.36217945683566904,4.497091964421177,2.66175769219935,2.157827626217298,1.824286528302458,2.9325625734290073,-0.02593868759140894,1.1132934870311177,0.8309437313311372,0.36014015988661696,-0.3821841184893463,-0.5199789566206077,0.22673044507700246,-0.514175546895408,-0.10796644761796274,-0.664762173146856,-0.5594391267787968,-0.3845283535843295,-1.225583656304418,-0.3906560237760751,-0.8307253072422788,-0.45295264313258177,-0.07216438461378072,-0.3142239400612612,0.019262236934386695,-0.2739873493254316,0.2533325505825338,0.7913743109525583
5.477392711351144,6.46400422902654,5.948112308342684,6.300263753731033,3.8608416282732905,-1.6478631489485354,-1.777947981225067,0.02278666952113025,2.2338388818019195,0.7989276776226975,0.6521237080197418,2.3748955378439294,0.6640530824367651,0.08699411871333831,0.3997223437181559,-0.15264797217055184,-0.005131432243036912,0.05345983529113551,-0.8679269136182446,-1.000238578412571,-0.8246557128241291,-0.526010909003013,-0.6175033983296936,-0.5033303486447004,0.13681959524785994,0.21458683425679145,-0.17372335781538897,0.4422495011182506,0.6383653668557717,0.7177343754806725,0.15729624689740093,0.02796926125861541,0.1418703168911542,2.2172811927708915
5.400685158359769,6.2580720949060655,6.692044695504498,6.323429519287531,4.650960957916718,1.0531061582619377,-0.5499221967450989,-0.6827032909185621,2.726769249642467,0.6258777530408262,2.6769172931178975,3.3117360623077494,0.5672248896246836,1.3446372986677624,1.66934811723703,0.9338609665014918,-0.9173464153564682,-0.9851352435991607,-0.9973829685417602,-1.4414535173954222,-1.0620546535255035,-1.7385166499128706,-0.977044974655677,-0.6955685629197177,-0.5367980410990726,-0.3092961058588849,-0.4357273275520112,-0.5879334319138417,-0.22643237851645073,1.0955778462335215,-0.05742749016232548,-0.41711360521181057,0.3912038440876273,1.8507054142214108
5.784887908095722,6.96714226014876,6.8334715239425545,6.75899942706716,7.094609255786224,-0.9672300321820694,-0.6390513369358679,2.1017126234885426,4.825758342695834,3.422665464495128,-1.192782893318615,-0.13451365318157057,2.413436703518159,0.5696883651309379,1.6993502769396593,1.4356119487786725,-1.5229445857659845,-1.1149733576184724,-1.4306632214332127,-1.7081635917930513,-1.7665946125324647,-1.703106130213403,-1.7128611160905476,-1.5635019661396785,-1.131581176040314,-0.7033861182169614,-0.9562040359642296,-1.013034704138624,-0.26173437002830885,0.5338922020974712,0.8276607874679641,0.8834371936547979,1.9583330199012912,2.1989944294415
6.125081171611422,6.715009557500942,7.6686180655157425,7.489693340246179,7.195096754847237,1.4711837773378538,-0.4096300977407281,2.0489270610219394,4.501908058558654,-0.5433867501543702,1.3264534193645068,-1.7625954066867606,1.65539866087776,1.4346476172740295,0.6720388057681413,2.563230572804618,-1.5646572631620133,-1.8170760285991012,-2.025931957299078,-1.7290256319602992,-1.8426862550436578,-4.349904521440323,-3.143969868704441,-1.3831944606290725,-0.9314922827208543,-1.0800969281250956,-1.2659075454555189,-0.32656855965296494,0.05993048061204962,0.24358535420295646,1.6932886999417385,1.588260741755516,4.301576294293992,2.864044624814956
5.620450384779064,6.741622791167472,8.089016305437724,7.860974816197368,8.084761165373362,7.989690017197398,-0.05641891665232734,5.23324831860642,5.269330784622419,1.2658435685337033,2.0678674979101737,0.20932133415054913,1.187162868541171,1.797887743678493,1.1356211318502003,-0.6467574960946328,-1.2015659889798134,-1.4510473136282032,-1.63233812989332,-2.1344218261087495,-4.943626617343054,-6.672810133600184,-2.3033863443004066,-1.336333929955146,-1.0085745294613626,-0.8716919131613032,-1.5035378037922618,-0.6874284791565736,-0.3426769897169263,0.7478130863163623,1.4771843467545986,3.3994915562762547,4.976078017075491,2.7972333421570026
