script/wind450m.json
{"header": {"parameterCategory": 2, "parameterNumber": 3, "lo1": 3.000054539987559, "la1": 64.9999836372058, "dx": 0.5, "dy": 0.25, "nx": 34, "ny": 52, "refTime": "2026-02-08T22:00:00.000Z"}, "data":
[rows 25 to 49 of 52, columns 0 to 33 of 34]
18.093614638164645,18.039921746677013,16.677075104715637,15.735993563762829,14.135934505455038,16.061708732609414,18.27273645710045,10.948558824816274,9.95026520577995,4.136734611398085,4.240584260492659,-0.326406690599004,-0.12221532246988656,-3.3988201872909203,-3.478232982967563,0.7890350281425352,7.533757707942035,7.260202175346531,6.331128819626093,5.862674594792011,7.053466562692635,7.835522270612537,8.096616230581573,7.26368190450768,6.691197984389649,6.562268984614058,6.79398399629891,6.544467689264878,6.2210983744752735,5.6613977876609445,5.672129384138221,5.759172515223204,5.564954270648796,4.961030911909932
17.358241665001064,17.413941257640317,17.285232549906972,15.215407561846266,14.604258302356945,12.089331858369759,9.206794474256364,10.151528268071234,2.627935606322166,2.976604010338141,0.7485229193741709,-1.5775004026196957,-6.357798039875669,0.40910863916452794,1.0466307920907294,4.056919304006811,8.239440922991227,7.386856057473799,7.554323853064579,8.240449148372933,8.961282167838634,8.46169665236421,7.839884928214225,6.522868227377078,6.3737854300632675,6.034112238220901,6.394366503206577,6.414836555463901,6.043091737730865,6.177510236651748,5.867318500592819,5.929849112861147,5.595485550193615,5.336775363155471
16.78803678277061,16.59642067226786,16.192164742587828,15.623021138589552,12.29674496298534,9.734629846145292,7.154819067706993,6.526003534105917,4.951451544599312,-1.0490005278963996,-0.9489013749395845,-4.416767278700213,-0.5039519668757835,1.2666996781023152,2.996741389168852,6.3262760970412995,8.964949630906185,9.024565558087216,8.442072534194267,10.086984125134467,9.932676744097988,8.855836758508902,7.626052491689769,6.988992487954523,6.468878775246269,6.283590952069692,6.335843093925941,6.504866359274087,6.167270521885131,6.203146371931284,6.299100799465965,5.78124908945053,5.579769575739782,5.718384044384648
15.727462255896025,15.605249288360675,14.77255231254507,14.399394511717146,13.293442502383483,10.775883551599367,6.3839268296822524,4.726855103072017,3.782172168786797,-0.4083518757328982,-3.49091558853016,-0.17764276485240732,0.6526519516373367,2.6067894116367962,4.560802031918401,6.127374315370549,7.680394354918555,9.239408322666911,8.982459379768594,9.944358002726883,9.41760061931757,8.65662790214624,8.450557504281562,7.9417827006842785,7.233278996341144,6.82334134814047,6.728557180229926,6.101679983948272,6.058525946953254,6.202150143604144,6.10930180744519,6.227014983095414,6.158147239708826,6.099855472775326
15.030040824899675,14.928526139105166,13.72823985809686,13.350267013544093,12.589206545766551,11.308048430058273,9.867651304626273,8.272736658838456,6.4050652407856585,4.787707445681962,3.8470463649498066,3.9461567996500984,4.196946387932227,4.984830925578729,5.249320743254935,6.2473094297534395,6.796442719708276,8.889643147656585,9.12637233521313,9.904994994611704,8.350880362911427,7.967287349582781,8.439963510239826,8.328689701202434,8.184911492025869,7.7003880418009585,6.142948470427224,5.39493899069422,5.521655056003766,6.074902626152874,6.662895636763274,6.421748386233625,6.089119849005249,6.114534372407751
15.336660006089923,13.90266642894153,13.304505647349872,12.657685364759818,11.68165901264424,10.859138643737378,10.155312840695359,8.687011009439704,7.768917354884653,6.898929687927913,5.774902415890393,3.798144951933931,4.444923427386586,5.52404269377204,6.451984054303259,6.351366967480752,6.225713975954431,6.549812013788773,8.857538414288243,8.479495571962653,8.980601968627015,8.38082336562124,7.947671579540166,8.01965968391883,7.554120969976118,6.77300344400168,5.995641385299965,5.146972557561141,5.223202361712619,5.879105273988599,6.915264129237731,6.581343157836799,6.312891820801507,6.2189318671186395
14.479433930922346,13.193251003045768,13.171780932159834,12.399794734105278,11.484090532675596,10.917450135482179,10.071870896603343,9.055184615517655,7.985979209372015,7.6451040847482945,7.246849369801086,5.927251098646804,5.232721511968036,5.890587139913466,6.154183195268243,5.5079076360052,5.458762578235474,5.321788611850719,7.884554304595154,9.28141205721845,8.763612393523735,7.807792769799339,7.682822083296653,7.645819719750637,6.893446739086586,6.222120070431285,5.444333637454295,5.227488370868537,5.497752881144551,5.846576758248371,6.757974495109669,6.302330358650998,6.2138604202120895,6.282550816650129
13.731255552446772,13.348013097503301,14.008524257560266,12.250245235299905,11.63793312140974,11.31264580613772,10.041670330030044,8.921445336604476,8.250981810478923,7.405458149547187,7.515455084653351,7.45262886893411,7.609737079285993,6.084572911395434,5.315897400712726,5.30140937627404,5.426745895714452,4.70056107452887,7.387727089386377,8.460320156994143,8.831519656286131,8.158245982171474,6.814824620952314,6.696894076360209,6.285266279740627,5.58886694459337,5.16374628108028,5.162107640968727,5.734225614971148,6.329700903818189,6.650113390614809,6.326576056380724,6.265071103418219,6.420326904493009
13.853811847783717,13.782491857971083,12.742938270473521,12.387602077329221,12.059564622580865,11.795563211436116,9.984855401488257,9.061069461944406,8.850678627301722,7.803509997577603,8.28319716444814,8.478938172595234,7.601482438206692,7.693179600341328,5.589204539540181,4.922204216773956,4.456432712606398,4.745439483042128,4.540174667699053,8.02266160019342,9.56474349828531,9.251595116764612,6.681344424167663,5.999377802055433,6.023082487201056,5.361152306507531,5.00630020867737,5.546658519066226,5.920947179952465,6.530758301164447,6.859856224309588,6.743275496110426,6.840698611640663,6.7597510025824326
14.22281867328337,13.51640168223771,13.21283287589365,12.264683279524123,11.437819655515744,11.335137680296777,9.61886476226411,9.514112741425874,9.041937159236971,7.513890755388572,7.191088632968125,7.43801859944364,7.855103724946433,8.003952875926172,6.5766488450381155,6.506423127534061,4.413047288683706,4.171093923070358,4.6822854313742095,6.723327972186251,9.288744320232142,8.669700214820422,7.713892328714618,6.247006514670324,5.037145978517159,5.248887924144365,4.84535730580576,5.090253925533662,6.011200725161331,6.520579894512371,6.780253343410873,6.995573551777814,7.122391608426297,6.978732701554169
14.225306536699401,14.130406558871513,13.381044874390584,12.76538279733983,11.730249150318706,11.439922413199298,10.387854598939434,10.141674709652714,9.339254609144847,9.996855739859015,7.553626528434882,6.5353460077449,6.185447327457759,6.052522531730139,6.03084815079794,5.6060118980094105,5.474497739570072,4.68059727598596,6.7977096459362185,8.112136937491378,7.816004188973035,7.266293132364007,6.9331320388229,5.784053729112787,4.9179181660708835,4.146626296255372,4.102096662974607,5.007018172732931,5.955222344319846,6.46053527776796,6.704120641593471,7.087732516969776,7.10805360682581,7.082738862628821
14.053179630417038,13.861315164671955,13.360025549910896,12.398940954425202,11.626776755896348,11.268618017642472,10.433890944612378,9.2825741274302,8.997945209719763,8.795603676829991,7.354530389104842,6.356513614055015,4.982685383133138,5.198007163672769,5.239335697690224,4.534878446658929,5.7896336774832875,7.391103134615274,7.416787359236142,7.066365757862458,6.612135029490376,4.451256546388674,4.7837905594417895,2.561886219133525,3.0500856535578933,3.4980779003572593,4.318945772660984,5.178705298940666,5.944321876809057,6.50891115163586,6.69324186643346,6.831844110183505,7.0269511990132125,6.966556142336894
13.593763827869065,13.451655148207669,12.979110388553895,12.077683836822338,11.002565555078984,10.478349108591093,10.58645666052484,9.397566087058102,9.021862004955715,9.201919207985732,7.197003509085138,6.260472302949914,5.790222415285583,6.235071822574616,5.3368387246522495,5.993835965951791,5.498761853680516,4.968265442641637,5.294849493862728,5.083776622027619,3.6663839131071527,2.0925166382219573,2.193447443249916,3.7014178231055612,3.976214136791281,4.207517405998352,4.565054741873766,5.199045879124361,5.833640748907421,6.3194391665559415,6.5345780314995325,6.75854169419775,6.837863624534134,7.031107454015012
13.46472706396199,12.776446025685127,12.557621185545043,12.204341824570447,10.784301866810635,10.551169643579208,10.373621662659524,8.963284996569449,7.865427517468932,8.101700974858309,7.195545180347957,6.4612470677395475,4.97188797386026,4.120238640279488,4.814184882882672,5.6479119781659755,4.771810425407418,4.517953158621984,5.175264967357556,4.989896646330121,4.017411520941118,3.4609652171745213,2.518495789698096,3.7784425076721986,4.592509757784901,4.731642479752723,4.81942907414429,5.037615048687546,5.344680230412763,6.020444750284931,6.441043155647325,6.12141399756489,6.72855859781474,6.873723442982301
12.751948686772216,12.076169928429858,11.96525262710776,11.719285691344783,11.715550371800084,10.08365950368403,9.56383599552076,8.867057429723523,7.839926298896676,6.507002927426253,6.362206315524416,5.365327780727994,4.889541943411544,5.7738288202052725,4.815696703632275,4.278469869025233,3.976168801476195,3.4645377974070506,4.247005591906455,4.058725478832329,3.7996496048404627,3.399513546261311,3.5816881717294646,3.49122174923849,4.760591021894213,4.856953231578714,4.709711589085162,5.202049366865012,5.498721051804697,5.443054875663675,6.4520995382081,5.970818295522876,5.836521291523987,6.181884867006893
11.779965821824536,11.38958734192336,10.987250551110293,10.507515848855691,10.244396650864019,9.523067541305934,8.18111409268161,7.652007872146568,6.822779734202713,6.305526400064031,5.997497662338069,5.024899413637866,4.081745410958921,4.621150469990757,4.947614997758359,4.456932277804637,4.430908691399483,4.169530475034137,3.7463807559792768,4.533032478518071,4.338099975376012,4.39638706922049,4.147568187500318,3.4880313044395916,2.8783269149986417,4.116039195443752,4.8505886360906425,5.8120406710571135,6.083435650334402,5.378230723202168,5.957689663777682,6.597845679152799,6.22363185617478,6.186081057963703
10.416626230827546,10.699574613031789,10.121983630183118,9.563355026051465,8.995163927015495,9.134672545010066,7.966735346717979,6.639296460400937,6.258505294473943,5.473887574142918,4.947979557274971,4.6270663704445125,3.761695852753393,4.196634707671897,4.448824959642935,4.146841023966711,4.506809358832773,3.7195938283235797,3.798958730545761,4.165475580772264,4.917417784927197,5.235018277292022,4.823984936318076,4.008591911313185,4.021906317307925,4.329267379136541,4.256306242302314,5.791456663393532,7.156251911550386,7.884970658288238,7.890204294607736,6.716594616599836,6.989579285014438,7.304256108886299
10.598166992774138,9.47013242432267,9.436558298518054,9.318578606100377,8.326325368896736,8.220815261403745,7.760035100689744,6.967239445303458,5.908529754506095,4.913928248323845,4.1523684545421355,4.376578922127113,3.1816501157693176,3.148082537739818,3.736118768019282,4.661723958032755,4.385336952533235,3.6726560574767193,4.0721113349895175,5.187882042996959,6.125678716707264,5.878692678389707,4.9002951235125,4.623925209740968,4.2731644769039745,4.3985291548819205,4.871582413347074,5.301939058259155,8.471378610448928,7.981352507873718,7.9357259611078685,8.338131355574903,7.706252556715524,6.9488476541715
9.654268860714641,9.72642578218921,8.379677808762352,8.692379877921178,8.510941019720844,7.900667405274624,7.06073847354123,6.805630931197041,6.251374978084642,5.07022376413796,3.838146941964767,3.688060214590567,3.6089063720996775,3.5352256461355482,4.172181952656059,4.831407110905505,4.635423773739556,4.486458306107262,4.977836638050019,5.838463138330408,6.161975912199004,5.625026846666598,6.245228005727165,5.617254662016273,5.674405194447271,5.75301386129469,5.602353049227055,5.226569402647804,5.238262576459757,7.5177428198531455,7.5087580197269626,8.396213590892854,7.7347092716346415,5.131114002403584
9.890038378016778,9.194639369082658,8.316938294471298,7.457507115402253,7.776924343720524,8.351271452640784,6.54566668595097,7.022779147328496,7.380314496366568,6.50954963667084,5.49888220810066,4.06627477717901,3.9843120681501176,4.174043300251873,5.202623136958247,5.413896784797492,5.158692674877723,4.975930181749795,4.195282937791801,4.1577937735311,5.659533639751105,6.623111843898554,6.160434550346127,6.69988996626056,6.10982700159701,5.3312564753443885,5.26692290665538,5.907621576035283,5.642007355497685,6.632073056407757,8.871013114916611,8.821554918139682,7.588371888431989,7.270361763732368
8.060652178541451,9.047528613079729,6.923537583140277,7.320466277159106,7.099512856800837,6.935155665135983,7.125125011304726,6.237113032317911,5.786819136904486,7.873603519962252,7.297760958213675,7.1019944445070395,5.85701327740431,4.333763961965742,5.582051671000583,5.309419297608442,5.190351704752525,4.6731480971693555,3.3427703602101984,4.533845138565604,5.501369793373607,4.6523643280649924,4.513321604744921,4.4373129448143676,5.101075655080509,5.2189800203869705,5.264900034222128,5.465704896973989,4.53989920280147,4.106009966683545,5.816195401079039,9.529174237827885,9.041176206454953,7.876400718132986
10.027167018247752,9.678215514506212,7.553086279422666,8.768445177389978,7.5693247865294575,6.574534872551246,6.333644171191759,6.176845744433667,4.77642739223894,5.391074996322325,7.1174828934746674,7.026312676786377,6.00408137580381,6.182309939523893,5.486099978665294,5.289718930861756,4.607433516260644,4.258535491864611,3.914054464894537,2.8954472765601444,3.3277723222177373,4.037491856632923,4.131747098970627,4.592817145682242,5.033742214456584,5.08426768344117,4.583875356410775,4.011458513892258,3.3098205722472254,5.282728042794681,7.008778661716727,7.4826089810530485,8.856282266453718,8.711077551577759
9.84990985048594,8.97051367356592,7.382626237416643,8.137697039599924,9.52669914696858,7.039433163495894,6.705900101230909,6.606088430624001,6.19457858477149,4.919770855179575,4.6423887208331704,7.685192167748308,8.353601883458875,6.172055837945733,5.221402045841756,4.767945683781152,4.520335026979085,4.189523118895735,3.5951702518882445,3.528202933248199,2.4231391259636657,4.711170465457056,4.808733590455788,4.995737251629972,5.332275733341026,4.449134117571723,4.586063117380775,3.785635747373796,3.2210678279377594,3.3624842500653433,5.47702590806456,8.06449251033762,8.26365467182937,7.562771660677805
10.50037552497084,8.218989721301808,8.287785992367386,8.706146091177978,9.815328225079428,8.246409901283865,6.502667634400983,5.581453172602757,7.0589113896920095,6.608708983531249,4.998210737113819,6.338614021580728,6.521585490153336,7.031773552168904,4.692447029314925,4.623824099327123,4.418991765740912,4.5674769036935245,4.594099021953954,4.060412157568158,3.6462979672918756,3.162076607360284,4.180148740091239,3.958679949988931,3.9392805917333664,4.016742538486174,3.5349016161193485,3.3106573450159504,3.0356282768283513,2.472087623717574,2.721549269946667,5.6233346007992555,8.71693775409598,7.375872709686679
10.458002131942745,8.47096866193171,8.002696229389185,9.077280873939745,10.251263822358972,8.640553711710734,6.077997621853886,5.196128645931689,7.82343675065634,7.077885979607883,6.098193025650661,5.974871379373404,5.813967145379448,6.733158680495612,4.755191548617101,3.7687847690722163,3.593504825864628,4.138796892564433,4.749074088494746,3.7937369784338717,3.2349313361474135,3.802965659306712,3.9162467909959373,4.013612162031292,3.7381368359882168,2.681846193977928,2.9295960304848108,2.987761637850746,3.5855549258626183,2.9444464193518614,4.893781142959344,6.7482842506225635,8.276407271809974,8.212241680773973
