script/wind10m.json
{"header": {"parameterCategory": 2, "parameterNumber": 2, "lo1": 6.000198445256149, "la1": 58.999992894266676, "dx": 0.5, "dy": 0.25, "nx": 22, "ny": 24, "refTime": "2024-02-09T12:00:00.000Z"}, "data":
[rows 0 to 23 of 24, columns 0 to 21 of 22]
-13.300486719417458,-18.644404875414004,-17.995511450379855,-2.2845513790614964,-2.671629602784684,-2.2229968821706407,-1.5812443063407975,-2.1663869684964934,-3.3448349433045697,-5.758080646933406,-4.558733568317611,-3.766715577379382,-2.9209235731777694,-2.6932711122941484,-4.706917681656253,-6.296003990060074,-3.856801312798057,-2.528139136779819,-1.7683568821205955,-1.7778397766314804,-1.5899001056964024,-2.2000366372261513
-11.410576361245356,-10.914598406046196,-9.937383733515583,-2.745906698996266,-4.625061910642116,-2.699530512085735,-2.7574402991698155,-7.763687491507544,-8.156960302269235,-7.184461763171637,-7.4331592863930425,-4.405995045757294,-4.121780671454396,-3.749143836259644,-5.584870743064885,-5.121009019014056,-3.523530574530662,-3.636863393086793,-2.3359286414614995,-1.9280283088444266,-1.474388203896124,-1.3780369557329377
-8.65912210123181,-7.236163787861789,-6.412424780557369,-4.784736323303145,-5.0086729007462445,-3.9582158480191905,-9.59186085425159,-10.158962733980498,-10.043165913897516,-9.54333685310256,-9.174752921100014,-4.861160850456433,-4.0061842232804326,-5.4979427711295585,-4.919855401872223,-5.0391636495668335,-4.377693283571512,-5.575217411397992,-4.752064094602894,-3.3852668657337235,-2.3636590700133193,-2.3335571367013865
-16.3580235612598,-10.272866360434204,-7.97404711126655,-5.539831986552135,-5.66525082942701,-9.897056671761751,-12.676573239961712,-11.996333453117295,-11.499736578966553,-11.145357724148148,-10.495199216905112,-5.289992427603535,-4.208399819564967,-3.737658223570679,-5.163922062941131,-5.1835674715923155,-4.0269630392242926,-6.860425820369834,-3.1506371887770164,-3.011719009909636,-2.9320051110458603,-2.6527130154256593
-18.14054919554982,-16.99950283970357,-11.479592717481276,-9.303067527782266,-15.686640321651454,-14.671790305777849,-13.460416379081476,-12.542494776933298,-12.040240144076408,-11.19544844421754,-10.409375470939944,-7.374598105981652,-4.24039570065061,-3.740444314586086,-4.171542453122482,-4.350067726741665,-3.6071168686894515,-4.960150005593759,-4.202001009544829,-3.261771913857316,-2.853328275358422,-3.1664581807421066
-19.4352480303628,-19.075552548218212,-19.46603201493378,-17.85480550209677,-17.063669253228362,-15.55612081752224,-14.585251679751158,-13.479801401306611,-12.719094442954624,-9.942058251407099,-10.938949377188282,-9.268186995708072,-5.018745138442215,-4.283351982096937,-4.214880309933114,-4.778534547590322,-3.65621377553421,-3.9958317845681885,-3.370774020367069,-2.7695240942991943,-2.8172808621138565,-3.491313372253181
-19.270108811809937,-19.053049271637043,-18.058215224821566,-17.141069944364588,-16.307470336510566,-15.782707989198185,-14.481695602011564,-13.039446471979259,-9.184282524510396,-11.769845681353308,-11.863381206065759,-10.580688391763903,-5.228135569879731,-4.648811006618859,-4.423977972484544,-4.446778023266778,-3.990848834999666,-4.583445727516623,-3.693043943914133,-3.52280626460114,-3.5818652408254557,-3.6063512356897474
-18.497738265784715,-18.031735210547104,-17.38779628227409,-16.779258715861115,-16.142514958320838,-15.335036554851674,-14.326950001443704,-10.986088218998947,-8.827526137949208,-9.193111364781744,-9.008311084055707,-11.778257116294913,-9.40621535973276,-4.723345437257213,-4.747624388182045,-4.4293697969130434,-4.18434870546278,-4.108189227699388,-3.684635695030554,-3.8709680961038657,-3.781361507221718,-7.178087559975653
-18.41459183891845,-18.005876391698283,-17.2949431117899,-16.208974281157147,-14.81391466353105,-7.438150558976934,-12.229463353899739,-10.664139524782014,-9.000937867157965,-13.601591661385951,-13.21232729949158,-12.592955326754595,-11.602332692807991,-6.466388248921727,-5.172455645674349,-4.657649239581739,-4.760474316887138,-4.412422398017489,-4.695161025430126,-4.055283724182098,-4.210108217386348,-6.599301084926178
-18.851280663769487,-18.415000084477864,-17.61497774282422,-16.448468954166437,-14.97286282114103,-11.165862452549097,-10.129550767517022,-9.80876494099742,-9.588667375039277,-14.023101314996838,-13.791993103255757,-12.94696654252661,-12.165270048738702,-10.249618381980515,-5.36321305078708,-5.169500877612317,-4.994825469239231,-4.976221489383144,-4.612146371063165,-4.38628800073751,-4.2739956519881215,-6.575127175927806
-18.83232156314305,-18.46230542739701,-17.419546361715593,-16.03247889912365,-13.694809277191327,-10.234889025563357,-9.292050420597128,-9.752930469425936,-9.361999502743808,-9.381829675325669,-13.714698531428565,-13.08947090281073,-12.686810765524852,-11.476875812883764,-7.903602213312237,-4.9321030647758874,-4.499488844176722,-4.478196178103491,-4.708082689241145,-4.564566926420202,-4.302498688824528,-8.147710696859303
-19.193193825868114,-18.502245989039306,-17.2126018078129,-15.60604069706423,-13.084063762798042,-7.859960283550911,-9.39920077001875,-9.735300127614268,-9.102334008018332,-9.42375875118729,-13.788725379767135,-13.466465160360356,-12.821188718724455,-9.635828336131619,-7.00468993889487,-5.710199840592161,-4.6418687808376085,-4.902845270257467,-4.384641887228477,-4.823013214482579,-6.717164982457066,-10.655183542042934
-18.965668823434143,-18.74789838749498,-18.552477969659954,-16.729916412210056,-15.2061354134528,-10.692664124612124,-8.518011132991555,-9.530809510370858,-10.441845712023289,-12.597403750857264,-12.58625386105588,-11.707711289330712,-7.111370151997403,-7.58144193080867,-7.603486111722619,-6.0169252107457725,-6.067500280147342,-10.566885216690116,-12.589361134929662,-11.611958306277364,-11.121931080967766,-10.79445164440439
-18.11125503700123,-18.01542740240528,-17.28721306189994,-16.959152204720418,-15.068649158540339,-12.071375473303046,-10.803896011494185,-10.413809937135147,-11.318554102870381,-13.060728303758175,-12.042730695488519,-9.352317957502672,-9.692126036336045,-8.21919028130194,-9.136834510417325,-9.382396189453768,-6.496092049118778,-12.99167148860568,-12.908502839641919,-12.001218681587106,-11.019584048110366,-11.049917313640307
-18.18858358564919,-18.0782792031881,-18.132008646235928,-17.493680484809442,-17.239657753050047,-12.201137380909858,-12.294965344397568,-11.185273487150333,-10.409915661492324,-12.152232071041658,-13.207556487591154,-10.030177940687059,-9.730253272418278,-13.612078404226155,-9.779835425008315,-9.115812553266876,-9.002659697809793,-12.632236426284182,-11.897424752477013,-11.271299302172205,-10.696173709333552,-9.365738331350046
-17.38022036401554,-17.266652854786795,-17.39025127176929,-17.289029330709727,-17.005468005964847,-15.691602775448171,-13.008459092724998,-11.550309083070648,-12.213647057051137,-11.705808034020064,-14.667064932278233,-10.456986892767715,-10.05138521462476,-14.615430836483855,-14.166494456237603,-13.396602222821917,-12.689178928781603,-11.57035840786228,-11.755997697081378,-10.888659884541394,-9.822202708919388,-8.832677661369866
-16.81098558689363,-16.407052122663156,-16.7763888141242,-16.620175843941094,-15.725462357196546,-15.914662913888792,-12.092813042287938,-12.213311415004924,-15.397202079907128,-13.916265949193946,-15.542695534752264,-15.195008787780296,-11.188345474374016,-13.112652699601982,-14.629900747241011,-14.13411930097962,-13.468403157108181,-12.669853066585372,-10.384253418495716,-11.369459757507464,-10.84510228810019,-10.025607837217057
-15.923320167399718,-15.636994625564371,-15.426104978817065,-15.991917030401149,-15.77623811438821,-13.399535980723735,-9.780344816079648,-12.629538577305649,-15.263302286787379,-15.174299347766548,-12.829673143141145,-11.24117256178971,-13.30148975748782,-15.257902959498637,-14.865484148469912,-14.326475239752675,-13.774256224574959,-13.08137953023969,-12.379823098587082,-11.465349803053975,-10.8274878917037,-9.837455584711373
-14.516154947464523,-14.446827895375646,-14.531911610862458,-14.601424723759221,-14.536452755807831,-13.627370431357617,-10.06585638618888,-9.077585899635404,-13.946460444498108,-14.247449896726469,-11.719154516872274,-13.928192479174026,-13.026199541939965,-12.23714028423037,-12.600786910604272,-11.057650151431258,-13.77712444441707,-13.423333866910134,-12.58795254311368,-11.396619298715644,-9.973495423637507,-5.780207168907064
-12.295969939290094,-13.047344824408617,-13.126717044757605,-13.693641464018866,-13.823299517722154,-13.004638238323487,-8.260544035508724,-7.961233335502017,-7.855910285123356,-8.221776317203618,-8.079021747048467,-11.964384765579469,-10.557391503694134,-7.556696719255582,-7.55851198084297,-13.350394824089227,-13.880460280275674,-13.244571587796445,-12.382327245404428,-10.926628100730458,-6.589773035545066,-4.590436638104186
-9.562757955797228,-10.195711053101814,-11.164787459886284,-11.55724518045535,-11.747582894745861,-12.616634833770151,-8.009834875147169,-7.562871899382087,-6.76365355084245,-7.219197373594993,-8.157508764972224,-8.053209530874405,-7.338508376550675,-7.6688366732812225,-6.838837722986897,-6.723873739106685,-7.340157355232665,-8.988133440178817,-5.765802294678141,-6.476453282791366,-5.755216604512094,-5.408154960978491
-5.8949939116997765,-7.153236163728723,-7.568897701322386,-7.116110350742811,-9.558804101690178,-8.151893908196357,-6.390955055938378,-6.993610515834357,-5.560990553031293,-5.882323770866664,-6.485691753047935,-6.594583179368451,-6.098796128223634,-6.514711834882798,-6.524949337242153,-5.588794075619608,-5.190392015372831,-7.168368840449809,-4.345799962293563,-5.285169744291781,-6.589328588783562,-6.0101822168394925
-3.253028783044724,-4.90390956456366,-5.705354507992756,-3.649039377302739,-4.950784024316086,-5.6164985014820346,-3.8809100230611215,-5.244040163134241,-5.585051347157838,-4.988182674212714,-5.537380455455557,-5.170213921303869,-5.6506608335924735,-4.801137641029439,-5.528854932305263,-7.073306820551099,-4.544432920034205,-4.637067465472277,-4.8140956089196845,-4.711758955631948,-5.115342898169327,-4.840388686799259
1.8140007395992197,-1.1107516883041189,-2.400037771806082,-3.040890308615283,-2.9529259376255568,-3.8258984787640866,-3.557400468962625,-4.082364994422737,-3.4516626770397774,-3.439816452467719,-3.7016030561060775,-4.602706134190172,-4.854955976693014,-3.3831179425153675,-4.2601643906546744,-4.554856578699748,-5.162429506201016,-5.054356885525556,-5.554452108456851,-5.126356759260467,-4.118090991143727,-6.5015689807463515
