script/wind150m.json
{"header": {"parameterCategory": 2, "parameterNumber": 3, "lo1": 6.000198445256149, "la1": 58.999992894266676, "dx": 0.5, "dy": 0.25, "nx": 22, "ny": 24, "refTime": "2024-04-06T01:00:00.000Z"}, "data":
[rows 0 to 23 of 24, columns 0 to 21 of 22]
4.436551261843821,-2.4342391534541616,4.5384758447668885,3.2203165024614404,3.0764252284992666,4.560857824782662,4.148100180157099,2.3941918910205566,4.368953674392282,3.649641140188724,2.125077089418073,-4.602764420291468,-2.1636837210345194,-0.3496021966903136,-0.1428412983787692,-1.4013925103291325,4.084780187282565,6.4254223710605585,1.5499747167466695,-9.839065880948068,-1.0925470786699079,2.543507592525066
0.6503297120911814,3.644615748369419,6.293482850714308,4.585244340038656,7.6145823874690866,4.197918551539279,3.536627973577877,3.8276125983535123,3.5818490154420446,2.847295336636319,4.739809978711265,8.184014593424681,7.682347671607549,4.353839459063026,2.316927056260046,7.608520730046387,5.427916023872698,-4.773882555973912,3.272868647338083,-6.198844473364541,3.7641153392566373,0.4806699202391876
-9.146717552119725,-1.0936749393333607,3.5476711765347466,-0.467574117024989,1.8119348361809757,3.312213793224774,6.205825498088644,4.330900117762587,-7.204075159002469,2.7562906686641857,1.880956433573441,7.644316523887976,4.0524717970832445,-2.0184932137194114,6.446699568114871,3.9281447105267704,5.318400488035642,1.853247905874545,-0.01066104794824208,-2.038004097622577,3.300944192874929,4.072627406999061
2.650150687347707,3.410343876121098,2.261188052541941,-4.2987318057185355,2.936520311775205,4.35608326113657,2.7837926379469136,3.4353657069961403,0.9207569033810709,3.6666674975236755,4.036921530799104,3.6979249561566827,1.342354961635218,4.537857964028831,2.039951453149094,-3.142004244231567,3.1230784844238233,1.655090080654691,4.277623159405193,-0.20701953579526558,-1.488086683836195,2.280440979372056
1.6918981292371387,4.064853119653064,-0.06532111642230663,5.707423297095816,3.5388995536821946,2.3954882436040466,-3.5762359612026566,4.322913643823128,3.1502283499615866,3.0420728437851907,3.85501206396271,-5.674856499638177,5.736973477048561,2.3711994923725643,0.0009125311394043221,2.5213651964952715,3.6867125442328685,4.126105806385265,-1.2186037436853416,4.013978219908591,7.401788820376982,4.197846373543406
1.9800599850943323,2.29166392908111,2.952569970560043,2.943149609800265,4.545832115815024,7.98310580673677,-5.034425697051899,5.063405754316926,4.069848125443612,3.795180143408556,3.389885649651914,-1.3880597412157607,4.3607891015989,3.142788840258525,4.066787323194739,0.7037993808965642,3.3411601468819843,-1.8445757493015005,3.896466489948371,0.3777897123143286,3.669339845101219,2.75792819145877
3.760217908494554,3.3152188070245487,2.2849339493948206,3.8896492188101797,3.4893264257352476,3.5908055359955946,7.847090707059392,7.779342009205831,5.893472054423403,-2.085031278137062,3.842203808413164,0.5731155877784314,-0.5226487686188037,1.5898778726692795,4.456665507773649,6.0706964890982755,4.228376260811696,4.187033407202448,3.9398936294294855,-0.6583902386563654,4.795166311645336,1.4279527210840395
4.0724571839731505,3.0742545594848756,2.0861189274757046,6.03928746332265,3.366853148062398,-3.9461079461382615,2.140990324576931,-10.879235021946561,4.152319992436578,3.527204045471034,4.0548887999767524,4.59012979309022,4.5115947446916405,-4.235402789008645,-0.22723321953986958,0.46513535506831644,5.440046453390267,5.489491140539121,1.540932707271525,5.185499341047584,5.537985093957501,-5.872485326124052
4.197994892646421,3.9904570541509736,-3.9796827880044727,1.671494473246437,2.4872821599209236,8.083065573055631,-0.2206304312555285,-8.552497069412206,7.849023052941283,6.084713095993368,3.386128876270502,-4.957154837563481,1.4748389356626186,3.546275568765136,4.655903265294407,-1.4486120018556417,3.457565996302624,0.5689560135679217,-0.9887466905157865,3.344694985686169,3.6028864746635754,3.297805221640219
-1.8184606369251461,3.749825360117052,-1.0403349430306765,0.4027318139232706,4.922561371103255,1.4120036291913147,-2.650206995210236,2.172881291397167,1.0024105176918572,1.4499766270147518,1.8849643658911062,6.226719851952846,2.0833223848570075,4.779118420031003,4.823005725186989,2.584954776376595,1.586353791028354,-6.339410477967145,3.325742600312755,2.503347819472757,2.7457013981221845,7.645737554636657
-1.1177743046689546,3.7428866362437643,4.624294567284203,4.514777959593952,1.2015362155268874,3.125132418324666,3.277477736752466,2.074754233423205,4.76708305908389,2.1819933800669107,-5.644232034851237,-0.28834692717137084,0.7860574120300129,7.342007830299802,2.4764422988951593,3.5238147346258737,2.8910127235729064,1.1221612911787342,2.423225797574764,-7.548134550936002,-5.5317437382347645,-1.2305196729688406
3.623463968506769,2.6116331612724086,3.787056535497673,-0.3208208439600389,3.1461515777637983,2.3791686345200755,3.932364386216846,3.4214402350994964,4.651361699292042,-6.415968695529462,-1.2923987353734083,-0.23034952367711498,1.6462956684703893,4.220600655517941,2.311624191322778,2.3756971880215945,1.8791693488952397,0.7606625816392321,3.9630883114060387,4.42989837795823,4.777252298599133,5.012049527068586
1.259260759116206,2.2102721222390858,7.564531324546565,4.021711117687053,3.2358506160386824,-8.397733494665964,4.25314880548802,0.4205433872330302,-2.93393235018322,-4.317648580393384,3.5513437537486197,4.406272275121147,4.653022873358349,3.6506189666653786,1.3976864202954573,6.3826410256694555,-6.089101706296029,0.7872707559267288,0.5384978666010313,2.359568761641961,3.4318703452800614,3.033610588176165
2.24522211752142,-6.791351347675289,-0.46949654623939513,1.6662552913336743,3.8629853244577306,4.75362675674251,7.604820468395348,3.808064026824453,1.8673290628751051,1.6606520388356643,2.1884228900979603,2.516191403145658,3.7661425562303212,1.5902005938864754,3.527670293231018,2.486826392820668,1.386619363768515,1.590056574642687,6.59351272978294,-3.5197742061198256,7.328489175985827,3.4606927249613917
2.5236026610717963,1.7676109026812599,7.159078422901858,3.013204985494724,2.714804875677982,7.918115232750106,-2.0553681410910136,2.5013235464758634,3.494686320299603,3.400701291466758,-7.251591749526518,5.5607028488483285,4.138061988440833,3.947928622808777,-0.15732351473336523,2.3438223770141726,1.2790018117647168,3.858744998567551,5.50021599346157,2.5872332367600404,2.729413160710493,2.4075342594327496
-2.958818010638849,6.795353085461526,4.467247749470647,6.570037529887057,2.7316910982203755,2.762017343276322,0.3672947308598943,-4.877821564513259,1.2042640491368828,3.681168928229632,5.577763357617048,2.485994193115996,1.5008459756353838,-4.566105571291947,1.9190385650441233,0.9073189044741022,3.2943915972235676,3.1353819001277192,3.908119411423872,3.1018198525205647,5.018068176873509,3.7338797577222937
6.5879986435352516,3.666939903189691,4.583108640910239,3.2086606515230076,3.5962404483084014,3.9844486868342064,3.93318768706975,1.7278997268424932,3.9080669346290273,3.815022816577926,1.8209454335104343,7.598617926163031,3.2657295211213118,-1.3127994807709367,3.4628941787857226,4.924020031064009,-1.0034830264757502,3.133540794305642,4.769851722707204,0.39430050290808455,-0.529748748043457,5.0205668631882885
5.6704542512116065,0.8293339407820279,5.600898315848406,3.5013325825110115,1.7098903835610093,2.179825076233524,1.6594948718782647,3.2401020977911483,-4.7026596498253355,1.1433115159084626,5.519314725104972,1.3642186699964636,4.631525488333971,3.483893574013317,3.1678195227492423,0.2960199063685221,-4.662222551382001,-4.789102270066911,4.4455342415395265,5.57646342895822,7.068899364999397,3.9459408049118365
3.405689727773224,4.831443037574578,0.046524771066799475,2.8052313710564927,3.6204587567878046,4.418273286441026,4.78923758805261,1.9885955728664488,-8.196152476412724,0.24901320534242968,1.3027867755584033,4.181335407638477,3.2863092860708654,-1.1134331455144326,3.2727553613126448,1.3253513927966931,1.8454494791789204,3.6851527661080117,-3.891873026819387,2.332588000330313,5.899271106739228,4.765506744340447
6.918267429706048,3.67511595698817,2.1774446643690397,4.041737693487281,3.4682372805387316,-1.9307268159226112,3.8694450048894944,3.9754721214655775,0.9070887371940044,3.6803759261752163,3.8795710549437485,3.678165649751675,0.42831142617221285,1.8035438775935846,4.043663505072958,4.308004108470123,2.815114498649645,-7.2176662518696135,2.46660602750705,4.368866973737378,2.8049342098768753,0.8358768112567795
4.494579733026039,-0.4147932054625682,7.856719169379616,3.6848305393379137,1.7538028352537391,-0.8628437187869938,2.6976951236890883,3.8825381792459863,6.847411003065598,-5.082166038614455,1.4426790994689547,0.049113791438664116,4.465248258729594,-0.6967362406660665,4.3370892197972255,4.793175302674841,-9.669936494860107,3.6743233491461758,5.789674053841758,4.769063345563236,1.8133348945669954,5.793251791104492
0.22016436946087317,2.128834928679242,3.51046663261864,-0.13519597971910643,3.1814285791532684,0.6222264554724557,4.542845015815285,2.7919524199198396,-0.8723503081932068,3.5785719767921593,3.6479795266368154,0.7228528081558541,1.7607871025458368,3.5931774744010974,-10.893085366546089,6.258136843505965,4.650152176685497,5.042891138171434,6.9307785899020375,0.26244087141260003,5.040900526124282,3.4721128935400607
3.8860837842475466,4.147717715541688,-6.1735476999991725,1.8467058452197649,-7.405874940751805,-4.133230349587959,-1.1783632053135742,3.986055205886244,3.9235058942738954,-8.529059726945157,1.9842096674286167,0.6276135169517628,-1.6208594325260872,1.6723219712166781,1.1230097161546002,4.34618456969635,6.20909345142825,2.416701146351044,-4.622667745217861,2.1673314150689476,-4.354428358477962,-3.2313194128455534
4.28137620955594,2.625494340438031,5.067009102550169,1.9817819615955221,-6.682191306219795,-9.439282687796728,3.373097028321223,-5.084950918832644,0.8955367097676771,1.6472160507859201,2.5166554523557623,1.7599306502589762,-0.603537588437111,-5.132422944879464,1.1764040085386276,-1.0354786381291228,3.3803742349010286,-0.2168801232112788,5.540355461421511,2.1089262265220134,7.070112227553789,4.1142676679043735
