script/wind100m.json
{"header": {"parameterCategory": 2, "parameterNumber": 2, "lo1": 6.000198445256149, "la1": 58.999992894266676, "dx": 0.5, "dy": 0.25, "nx": 22, "ny": 24, "refTime": "2024-02-11T22:00:00.000Z"}, "data":
[rows 0 to 23 of 24, columns 0 to 21 of 22]
-19.949742448639057,-8.722909690266912,-7.342334208407601,4.869791313938701,-2.206792781578036,-9.406767343959144,-11.272625233941524,-6.320424058389846,-0.22913555897984256,-7.822615686832073,-9.462271732338694,-12.672851295438038,-6.731978208723233,-11.808470256885535,-7.62479015875163,-7.965881124681953,-8.013210622794638,-12.14299402614938,-0.8481574292832966,-4.9979147057441375,-12.687756361757268,-3.4045845239036656
-16.799034451992217,-9.51239949599637,-6.270874583127562,-6.67795639352234,4.099271678662474,4.047954307702394,-6.988746633178999,-6.147725882159629,-11.021636743632778,-14.633763440000042,-1.004029536392015,-8.513614062390504,-11.113614573778525,-8.276862781152122,-12.932046369519307,-8.74649965767112,-2.467973578522246,-4.596506602344138,-19.47313300836295,-7.921279778329014,-21.79087007226912,-8.90481683192154
-5.323341053650626,-11.595856338127513,-9.35025699405402,-3.6729589767277,1.6060899950910386,-22.640375593171402,-4.144522833707085,-10.663450167525294,-5.131680803293223,-1.675030101214417,-10.292739573900814,-17.450302592577458,-10.731126736977247,-6.404335649350931,-8.566908180944269,-8.369824880391853,-10.435369160091199,-8.611284383099923,-7.270828131026866,-10.561715412165025,-6.339894830519403,-11.762611539115044
-17.216537901732895,-13.05705944626628,-9.59364234310964,-6.739890956281179,-11.038144184042118,-16.348992560883612,-6.956210485209863,-16.99038753667536,-11.061678344354089,-20.85627555603223,-24.721240581071402,5.733234624815702,1.7322969795240695,-10.007009821797315,-8.821319799342994,-8.111282802466931,3.254904712931428,-8.421688858807366,-8.314930921707479,-8.286112510390756,-3.20629226408387,-8.60757657959774
-10.734975424896,-13.415802949495475,-8.174574421960424,-7.011483054268897,-14.098745382521725,-9.676936696565097,-13.600614205669915,-8.501687184607297,-2.1462311598302874,-11.948050132886632,-7.037718480579742,-10.24027159769573,-7.815829641808784,-14.320962810686211,-12.021709319593244,-11.007156271730153,-1.3459088917665614,-9.45428860495523,-11.240530468145067,-9.821294199097325,-9.56235641279185,-7.988249171707629
-10.901112318389856,-7.175966116883453,-9.427984010285314,-18.237455411278134,-8.894439883144436,-6.586594661698324,-4.6271100640819585,-11.824608913211955,-8.18628848808182,-11.202345148160589,-10.153451361363542,-7.915485670778517,-10.834052313771272,-0.694281397604239,-11.953590663576916,-7.672238809525668,-10.188216440038191,-14.31734184544348,-21.157480624328393,-11.199157880265929,1.4478797301092512,-7.9606723484180515
-6.901764127825942,-9.93304400312822,-9.497060504230676,-14.338910462787695,-7.731581363996708,-11.350923303567377,-11.579166325823905,-4.951085933809612,-3.9377081446390565,-5.769179837206773,-17.49966638220596,2.0245375811792337,-2.1301643399867087,-6.536825696326483,-17.144196014427447,-10.054132384880969,-7.336826690215354,-3.0300054347838286,-13.488308885678919,-10.883631006206462,-25.48858251770683,-12.812248280350444
-12.184121363998077,-11.775559963969748,-8.219632500004328,-10.16540197095814,4.678218992613698,-7.8333385109886615,2.1439194286914582,-5.030761705447133,-10.752533320225695,-7.245114374086182,-9.837970202589961,-7.203400185317049,5.9710466643892595,-11.983957127641169,-10.851724165699974,-7.0443858470792735,-9.841000988668664,-0.12781580568178683,-3.458427606087219,-10.690771587887198,-8.610724011922992,-5.352802913589711
-13.534466688526305,-10.110117717618179,-10.819690077763395,-8.624294417872667,-4.36845948098735,-7.546761366913849,-4.259683105437485,-8.497772451059085,-1.0087132283665383,-17.05855959687751,-19.647274992023323,-5.626190744289116,-8.948937371121037,-6.584592123144916,-12.395474717078704,-8.689756863837749,-11.128879386196255,1.4139322314800076,-12.403011838724261,-11.005727970143845,-0.4367035497844735,-2.5573898722533204
-5.726465593489199,3.311279275376912,2.6680049544143185,-12.278822078318981,-13.946025115199484,-11.706263818088772,-8.621073283654477,-10.811531444152601,-12.989230321124943,-8.056040643900623,-5.285732428366699,-14.159868891002409,-6.551238521140652,-9.98402258028847,-11.613477186169952,-11.634275009119312,-10.937298261542201,-8.260594551846276,1.2250440850969677,-14.116817087973105,-10.70555080045216,4.712624369470738
-19.327972218155146,-8.610564634495134,-7.950567266299916,-12.438034023699,-9.853232761632812,-13.317955288802416,3.096411416613848,-15.286242527997628,-2.3747193001062956,-20.02571065197083,-7.4999338305146495,-4.6473500420855265,-7.652710240130613,-10.315371973574562,-7.060596078062131,-6.868845157853003,-9.396400739230245,-9.887633961524905,-10.292077500425698,-6.32562471283688,-14.108808366107933,-11.650780418252214
-10.50728412071376,-8.403727016503879,-7.626481409094608,-11.046631728129354,3.168531668849141,-11.014626838945786,5.944655171823939,-8.188035527888024,-13.126349760336414,-10.303567317160763,-5.37178285826636,-8.270282259841016,-1.3093310886773364,-16.231387947130347,-7.352576376462669,-7.483107886983786,-12.141784908462043,-10.117267978223113,-7.387738763913857,-11.117253664626514,-9.663585355484642,4.809730019924751
-12.859247219109585,-4.8935814939035405,-6.9439723597035945,-6.810612427683415,2.577295375141294,-11.576654208321935,-7.869066957434544,0.23111911715750583,-12.353537162594634,-8.649992500727071,-1.7716822882914123,-14.080920844641511,-7.269285635756395,-0.9843753978366144,-8.001771898895528,-7.298109944032921,-13.072283836610282,-11.693135496093266,-9.948017794154207,-17.20665246079646,-8.171162360881278,-11.44389096673848
-9.973875190762426,-10.929037063488948,-12.411804862068852,3.947744192961667,-1.0225628724356695,2.956992967839612,-0.7120436769778814,-9.329810580927765,-10.594698868912683,-11.920063554437318,-8.337649836359246,-0.06465515034809423,-13.416240334071581,-7.020689806114201,-8.039810064320442,-10.806583892621425,-11.858372357672579,-10.79860834562789,-1.312561174901949,-10.518535693343548,3.1851506185023295,-2.623885519839081
-6.237315097050085,-7.684479042129352,3.4585493819377846,-10.676581691790567,-7.377681557466673,-17.371923733747757,-1.7016102990326663,-1.9983604911936235,4.61012508884651,-10.229899016967241,-5.431165421636516,-12.002145699724586,-11.587407326792523,-10.530155151669247,-8.509300774808146,-9.565759891885433,-11.800518013301293,-13.270848639282438,-9.785253830423667,-9.773960859908911,-8.951108617379557,-8.696066182248815
-7.6817617258390545,-10.206490278681548,-9.330959691956458,-8.90507449330271,-11.203803594463606,-8.100002047858117,-8.19262806618309,-7.946299133093828,-7.557149125767475,4.447046305929634,-7.706371601851673,-9.568570520520598,-2.4130232376998952,-11.861099260806107,-8.729123638288886,-8.827341735408723,4.651126536285176,-9.72096291918203,-8.914770111449712,-10.074133718612147,-7.384285362583479,-9.513453448360988
-9.25020174226876,-6.756630514614892,5.111367203504791,-8.910750838193854,-15.189044345156343,-8.846673254025802,-4.371303815684179,-9.054649568019197,1.6003812336466894,-7.60859619282379,-8.942333610364338,-14.344634088357195,5.980170490269014,0.770934142169125,-18.43199838288219,-5.800007806786523,-18.360304517423458,-9.700461166435268,-7.758674727156841,-3.4721971614108744,-6.332400322658743,-8.65937486412483
-18.400604623780968,-8.412565783868356,-3.7926191865594427,-0.5291788642870462,-2.6257738675857394,-13.360707851590975,-1.8289017088833313,-9.982615215791775,-8.071224967524074,-9.871956700752799,1.021233119881974,-0.2069318650597231,-17.254779139227846,-9.851222234562268,-23.334204414551884,-14.950777475996464,-2.8242651375849825,-7.67641985008281,-1.1864197120412368,-16.79609456149693,-6.5460592724254,-11.762727600810766
-21.95105300231512,-7.991785523026644,-18.29694211662203,-5.9584600517262665,-8.911328675321936,-11.783450305186024,-8.201719355479915,-5.5761189663336586,-11.183722090100124,-12.662744561639808,-12.096862307921418,-9.29200475941798,-8.500077761009193,-8.27110883759346,5.35794536765941,-12.871969248225707,-11.205595724788216,-10.287321729731623,-7.157538157075118,-1.0764485660460097,0.2520913149957189,-9.088757486170158
-18.462018486624032,-6.466629784025719,-13.621825053271877,-1.1631624945986725,-10.934077349533755,-10.709818137259346,-8.521684216614682,5.660517858708267,-14.444617384455631,-14.072823146911743,-14.557299396761557,-11.780650299936612,-6.916193366408408,-5.42783546933154,-6.8789868001567545,-13.2433369477525,-10.295006919454945,-4.2489889786318855,-10.27043250803985,5.076556501971336,-16.17634617399632,-13.666671684418834
-8.19500879727589,-10.47337289586775,-17.456437226922098,4.49207764364071,-9.357453148369402,-11.566005110910101,-1.71291385711179,-7.3848303146710315,5.164652727156244,-4.072434374316929,2.5350425174233218,-4.888697463529709,-0.31167414164012724,-0.9456384911206405,-4.957842464955549,-13.218690313713164,-6.918334044626884,-11.410558042408324,-5.2202224589460275,-8.73040855568831,4.1969078549784085,-7.4751527449054755
-8.508325417056371,-8.21264078163008,-16.698664731059978,-4.861364268206634,-4.228731519577107,-10.387231424585753,-9.94841595925199,-0.9623359134659552,-11.414450968536224,-7.5904910887854715,-8.16853091832941,-10.429844407779607,-12.49315575310948,-1.5529592593366808,-11.53504522202017,-3.616314947228942,-9.948221938873571,-8.144175640403603,2.9155958654914187,-5.578817403807514,-1.3083653815233225,4.09727517579058
-11.357240993707832,-7.903825344786988,-9.546504690758633,-11.698551450290378,-4.8060058743476075,-7.791815591597018,-11.751871967533065,-8.370723291641983,-8.437042062968533,-4.420561505645242,-10.720439157887421,-9.600493452934622,-12.3642560115023,-8.714698009680559,-15.449943726605087,6.004924336784867,-8.272671318423658,-11.262965647020081,-8.453875854384037,-7.463498918782858,-8.011871815605097,-8.591449648360594
-23.903851052930104,-7.946667749328294,-9.593036390891172,-11.74630342353665,-5.263988520283601,-11.122336073047377,-10.221586010306131,-12.659967457264198,-11.831340511296991,-8.590452379933504,-9.4547143941081,-8.436306147067938,-8.415429680918782,-10.60873335387293,-6.363940537311752,-9.968427390060432,-6.78706221046491,-12.346844992429572,-10.452971485988101,-22.550383381280685,-1.2038629877245994,-3.811461452087836
