script/wind10m.json
{"header": {"parameterCategory": 2, "parameterNumber": 3, "lo1": 3.000054539987559, "la1": 64.9999836372058, "dx": 0.5, "dy": 0.25, "nx": 34, "ny": 52, "refTime": "2026-06-22T01:00:00.000Z"}, "data":
[rows 0 to 23 of 52, columns 0 to 33 of 34]
-0.9157475948698464,-0.1857325375261628,-0.14831104260683237,0.03027822210522424,0.2888307919461484,0.41226745639241463,0.7320416347416423,1.0041108338639075,1.2998114707052297,1.5239990946027775,1.8718308574942313,2.3930098310777215,2.8220112442291874,3.2653651661695102,4.0111787573880004,3.1458529683347582,2.933295562565132,3.856073618278422,1.9469812504480426,3.596246510434816,0.23181027553743636,1.0141623719660973,-0.10832646202372374,2.228688844280699,1.1051319587178745,1.5405861237904377,0.7662302154432976,0.29035100240945855,1.3754372394484873,1.1831213782000993,1.1251396254679074,0.7411687991510298,1.4368336187241033,1.5388676993636992
-0.4956304818019467,-0.40687065364571984,-0.4899517694329919,-0.5306717254910712,-0.19427295337660253,0.13940973828131908,0.4461523288497492,0.6555853225323741,0.837381754741537,1.2685238781543837,1.9398145169178405,1.930525316312841,1.6476625255766268,1.9495326696554347,2.2098496805355774,2.4367385736133165,2.1928533508931185,2.658288949833847,1.9725270503944328,0.9553580250900088,1.0953645324258086,1.1005622126963786,1.125285923061925,-1.0954093397492577,-0.3423156244303174,0.19311773257106737,0.024062791722878552,0.9134977571367159,1.7628788300324778,1.7409309197206817,1.0531887338141843,1.0337400775914145,1.0242304515164298,1.2453820912885296
-0.5256817682473751,-0.3348443415764225,-0.10282824812816582,-0.04929341350662728,0.07674321507868337,-0.12262441125207008,0.06602393210188617,0.06916833634463722,0.46850804392261475,0.7386327828204887,1.0334900900007817,1.2084389034433434,1.242218599309787,1.0458010600837533,1.7451663135624584,2.6749454413196205,0.9812638853173975,0.3600868105727774,1.8906235703999372,1.3519464182932874,1.012764070908654,1.3546436907939134,-0.5180112747464036,0.060638739886018186,-0.3435168857184847,-0.4589608824670912,-0.37337022002359693,0.46780292488243036,0.8060124169962862,1.7710008869123663,1.7877915977869632,1.1537877650972026,1.1624785769230008,0.7840256692108645
-0.37287360056791496,-0.2352084607214654,-0.10958689383446585,0.08269181438909468,0.0611199941568356,0.15694197860758594,0.48140617062783153,0.4008886610861489,0.2600952446015214,0.46607031703468244,0.5634950594969965,0.6503898054699621,0.9676256621029433,1.1625717266167575,1.1660141224054048,0.24793662138912054,-0.2904851573298849,0.7090426851590556,-0.45010616407953963,1.5121672394366148,2.428034990540424,0.8975983808976905,1.0101970509720815,-0.012474962253936217,-0.2681411736142576,-0.49073212370045366,0.5964572378557873,1.4688294448778774,1.5843467255671564,1.3060907233226293,1.1325875752687902,1.359344693677438,0.85234499501185,0.4085415119323041
-0.10825555109832592,-0.13043547428605165,0.08778357603910078,0.12896554383325579,0.03914861753252547,0.05426472621664046,0.12300427220250863,0.15449088006577422,0.42823350722598086,0.7563641638141682,0.7896399568248056,0.7961143021300108,0.6007074291837052,0.28780539036229913,0.056121363288326134,0.5466491424965026,-0.5749850250760753,1.1287612024771863,3.1343589402647747,1.2793688157628378,3.0884117188171167,1.92352195095606,0.0880991687966008,0.7477284723360514,1.2416842648614996,1.1896748762227878,1.2043722748465715,1.2236528057077687,1.1851669338761668,1.492725568502201,0.23158641705375002,0.3185427604989244,1.194567102832748,0.780980660418504
-0.27547939533960086,-0.002715274879197773,0.17328671797419717,-0.03362974328178791,0.16900470488445818,0.3690306564583386,0.15028304014742216,0.46702292610581236,0.6135193597857478,0.7288978392756152,0.4688088473945814,0.58802898052463,0.24281524349613254,0.31936420106613866,0.4801931423923058,0.8594774641525245,3.6739072200079255,2.531748495496924,2.8151734311769983,1.6336850816867874,1.3765711191415426,0.8801446540888915,1.2599785807925017,1.2879810577205568,1.0933416950165507,1.7182511486870478,0.9094117006101233,0.4969462926385949,1.0873200249291257,0.014252612632175417,1.1603402517294874,0.7646733842566015,0.46557031964955636,-0.07212206357975874
-0.4243770778333006,-0.28704452394205676,0.26350434249117743,0.03379776833231938,0.10571603373992543,0.48395565444292676,0.27196016258934597,-0.39088463835044934,0.06281720898741573,0.3962951883993725,1.05999559256439,0.8585499658568823,2.8836944687301953,2.663189462447412,2.344905175328966,4.478268894483,1.9507808127371655,3.577868017515085,2.7794374101647334,1.823924030318951,0.6927621442242813,1.1525868139753082,0.8204668767184604,0.9428539910914417,0.792880821934419,0.5077385939603174,1.4779976362991825,0.31994839583433154,0.7306767509837994,-0.0017249658730713237,0.6583672614616702,0.9288033436219677,-0.19507957893598663,0.3669637925716108
-0.006183883592422258,-0.32870335580416493,-0.08335005728155882,0.05311429919948131,-0.8251472010275024,-0.39841857369567535,0.30581131043092813,1.2482653951675295,6.541903021137285,4.3444737260336055,6.503190859671273,1.1423073874142737,2.8947007240824036,2.741019212431542,2.1395967942710787,2.7432358830697794,2.405468015490701,2.7141778995716384,2.2575785218028503,1.4785229440028107,0.9310709005290833,1.0329477528954116,0.1016169638423116,-0.1115579662970732,0.10704766820871839,0.42445362299023803,-0.0994527978198597,0.8183552951010381,0.7016888603056773,0.3576057940487952,0.19934010628811452,0.2645320095077422,0.14022556622150786,1.034932063283441
0.530466996257244,1.6037546157552576,2.081195617217623,2.4258141893461977,1.0300719982885034,4.109630192657617,3.544335515668387,4.788979562239848,5.934734373268524,2.058523768283289,3.1659572188598517,0.9334454132489436,2.0078320447645397,1.717702191210083,0.6531967417348834,-0.4296056935343466,1.0748932811608867,2.8848779777920486,1.826399643813292,-0.18336182945005555,-2.0801987129628,0.3603730939353555,1.2241705662713387,0.0696728640169727,0.3667202101422483,0.3009866427475542,1.118833959505852,0.3016444388169683,0.7192137179707208,0.6408540223953485,-0.6114222743458901,-0.6529368117816887,0.22436623088314683,-0.9876952629322744
2.143629478294992,1.842685666021111,0.9000091418063573,1.892049174243179,3.099384820222006,3.1117344635355852,3.685328118022378,2.7397593750790685,2.4519071825103773,2.3576527708161197,1.04466095975653,1.8680907259546096,0.5636039954915845,2.890906142263997,2.0174820624545786,3.3518031533138744,2.171053312514017,-1.6261061173633053,-0.4237310548204702,-0.6681103618175879,-0.07314454586790341,-0.43656290410489573,0.23831841848270863,0.9624021349035778,0.5554514662733642,-0.2229362719400337,-0.319140010382143,-0.19810773614047547,-1.0167085021046498,-0.39376095241758874,0.6110058962156594,0.5947888019038403,-1.748193726096295,-2.804046308778306
0.2983384707321437,0.8921145961725794,0.13414033500415518,2.0138123682762075,3.157044827756275,3.6514030793984507,4.065132713055577,1.9929430055088124,4.476344316924751,2.1578669970266895,2.2411110296505887,2.651799506379978,1.8495566182918228,0.6173123201855072,0.24074786723596697,-2.3055324576208145,0.5875805988913622,-0.7788048980699,-4.678861740373147,-0.8231861128763447,-1.360137942699849,-0.263579518910609,-1.4073643086611487,-0.7659550039249418,-0.985578556389421,0.3334787749093415,0.1279084829652802,-1.3347198695592697,-0.427139208434984,-1.0466882656204033,1.0670884174783657,-0.056857325151078476,-2.6650755086933997,-3.098720711230848
1.3009642316576262,2.061292109694912,2.043838165125908,3.2636383024570232,3.967006645005227,2.880469504214979,3.900308158974751,-0.24810018427046682,3.129016507145147,4.558562668943287,0.44398173460371665,0.8615435859478754,0.5776450682043822,0.29024680227318755,-0.10384488618824976,-0.4831703552061643,0.0036628856925739663,-2.7651216745144933,-1.8608580926868084,-2.1785114319615895,0.050649874630193346,-1.0711347451442639,-0.5118608573136609,-0.5934834336763407,-0.042429548141750734,-1.1473737588434338,-0.7618077117171639,-1.2052601460821724,0.069208520394605,-0.003259453935203788,-0.7181691125341684,-1.115634543947534,-2.144166807022661,-3.177266345176511
2.6113909951227896,2.0747327566822436,3.0113623047358336,3.475478688997138,2.2926026031682025,1.3772522078673426,1.351216454146905,-0.2179523470508292,2.0290964472679778,1.0062517821702155,-2.889728856662919,0.4811114302402208,-1.8057819492940959,1.9191119959034961,-2.141554914837263,-0.5402830069712355,-2.336501554735081,-1.4643225831054898,-0.2667228321580653,-0.9469493488131756,-1.2087090214584306,0.06547370589639258,-1.4333652045183847,-1.1234459612763084,-0.9670617683500751,-1.7410244857525743,-0.17743727453674826,-1.6083026280570143,-0.18937013451359455,-0.9623595937375612,-1.8773787390855297,-2.064990021957426,-2.7318028490395894,-3.6876920023141064
0.9574486360076165,1.8945054232497736,3.1514767695878096,2.512221107109904,2.4235895644084438,3.5903427091678295,2.714160218703467,0.8480281657356988,2.688726199985005,4.315201837519256,6.371617012188102,2.3504156394557336,-1.2748156014758696,-1.003526110149462,-2.2069527989689486,-1.3484697794288485,-2.151348690873198,0.06634949738437694,-2.6342739389913503,-0.736160900047156,-0.9230803049700426,-0.8318152335801794,-1.1218165019449984,-1.6996826388295012,-0.4285795635630903,-0.3155238588763531,0.22051414860812818,0.5673104786958238,-0.8426169488599258,-2.140097703434063,-2.8471268062139994,-2.0772737386053572,-2.4711963417217593,-2.945876853555083
2.1470386037626743,1.2847861958622635,1.356452666527745,1.66589924121613,1.8745139490537304,0.4500166582383097,-0.3624693855624553,2.199922949627965,-0.3499106534199743,1.4410122130102987,1.237998278558231,-0.4193088311445384,-1.011852019599237,1.6696898908310795,-2.698935199793636,-3.026417883433035,-0.7364331255599198,-1.3190069687668433,-1.7084322363695275,-1.3205099703293355,-2.280058600868955,-1.4593726098636648,-1.6289253057062703,-1.7356475262017852,-1.731735606351052,-1.0517034701762449,-1.0635058849403969,-0.014275612851260432,-0.8179334503852943,-2.4957140961937316,-2.8965736612436155,-1.7573056300884353,-2.902668979913117,-1.1070174138621476
0.6780152592554253,1.0992311872043414,1.4013217550809645,0.9149774738497078,1.021100277915028,-0.7184034098672467,-0.9475572359099892,0.5196111630869386,-0.7591748440352564,0.2177312148802131,-0.13061785874901208,-1.5456261525496457,-0.7608312409688663,-0.45191424929054497,-0.4682064432923759,-0.07274014570697376,-2.888267017904857,-1.9626575865717855,-2.1852674784289645,-1.6984791095289955,-2.0447669488081,-1.3211219172729713,-0.26299362394312775,-0.9591213120995522,-1.2383099322326065,-1.26202565423606,-0.9657241165809672,-0.36547299285095497,-0.5452079126492563,-3.411420364957672,-2.6627141668514467,-2.44811869559722,-2.991468847771317,-2.1735178488432743
0.8676718657138414,0.5107993599053129,-0.043131307899177684,0.13097614171496266,1.307953179058842,1.6126395111164435,1.2576492426491508,2.556071266862387,1.3508933215502805,1.9314193177372616,0.015326943245191016,-3.6919680068107747,0.8111279474242299,-1.715522270368365,-0.2782142879896473,-0.5611610437649863,-1.188961321984059,-1.2464657604501475,0.19846967978488197,0.48175026344394695,-1.5336524328656127,-2.611828047932973,-1.5116190232160824,-1.4357610337345066,-1.0136438093045756,-0.28434597985735655,-0.6069738575030589,-0.21954986194651896,-0.8938520272865836,-3.6970893467582324,-2.445062961406688,-2.7329142485855025,-3.434884392096712,-3.8538871196924394
-1.6705979896234282,-2.1100616829382686,-0.20754600193117678,-0.28318191620652505,0.37007781516994936,0.20487001569707497,1.3848980150063894,1.5620330244579574,0.8117709665283191,-0.9300192861529644,-2.4873460444931417,-2.568445533627391,1.0762436285249015,-1.2014374272179382,-0.9535577267184279,-0.22608253524615976,0.09870828885229958,0.5569688587065436,-0.7929053305719292,0.6797359045150025,-1.718450269982226,-0.8285496887335473,-0.9598336220726734,-1.6313126456366815,-0.6128368969380827,-0.6994281551861984,-0.40330983992109926,-0.9944623783236838,-1.2124457337187176,-1.7150910488291027,-1.1938505589455823,-2.5351480201095744,-4.402736859180037,-4.050030351735543
0.8386004954421437,0.9540568151016344,1.7502847211608579,0.01673820351932304,0.2886922744810568,0.4618618453681425,0.8051351078337229,0.23010717322572835,-1.025244425204891,-1.317563603841568,0.8042525462209197,-0.5516430269724732,-0.6456594253322658,-0.8035161931892839,-1.951143603992918,0.10462449570799728,-1.4154013858038064,-1.8343700534098044,-0.5563523668422827,-1.3288943652126046,-1.547071098843777,-0.6102336142458928,-0.3041899038888144,-0.40887941303277214,1.0839702464943126,-1.2427804443637405,-0.9130230766729479,-1.0254540082671033,-0.941786414293105,-0.8992095273241125,-2.2923836806416995,-3.684519091830019,-3.4606572785071963,-1.8711303657875276
0.1327517626384557,0.20682356174064911,0.6794761260807631,0.17401329700599885,0.32298964363313515,0.2962253327522547,-1.5890174098112677,-0.7882590146481631,0.7120220074865351,-1.7243890620728366,-1.8178465199803726,-4.294095848864338,-1.8275117557635099,-4.681499331752785,-0.7099030004192062,-1.5096151300187717,-1.4480778382511288,-0.5102984885451332,0.3030799633592069,-0.8251676874431001,-1.7573269116004069,-0.42550417679926683,-0.29006140916286494,0.041801318332786566,-0.43081340062034157,-1.3106371182511831,-1.5498148724210745,-1.481228806706361,-1.55933749867528,-1.7000887815750834,-1.8545340171303322,-1.580108164909512,-3.175084119659121,-1.064409236338034
-0.413562655870471,-0.4973272898196057,-0.982189886259961,-0.8922008163237248,-1.196283268124934,0.059627075079168014,0.05400788934195416,0.896696661892212,0.1729857407557004,0.20260436566628337,-0.11219114376900234,-0.7785346456105396,-0.6548311137191042,-0.8048212495202149,1.1126128336318137,-1.4474703410025662,-1.0989920774173063,-0.902303164753431,-2.1002276776715005,-1.446056364881668,-0.7142322210957996,-0.12135594403908852,-0.8288886767093959,-0.4131225123798975,-0.5175836749618982,-0.3149414660373824,-1.0631303778080987,-1.8241195272429618,-1.8518409636432613,-2.860599671283261,-2.3625932591429115,-0.8151446966973602,-0.9068526698741163,-2.036553791883509
-0.32695475970716853,-0.42174301093947003,-1.4124600393983273,-1.98049241866155,-2.08822477543922,-0.9829488173657657,-0.38887220922980587,-0.1673243486009209,-2.6216411796035026,0.014780820029874088,-2.652096201298368,-4.695171255753534,-2.5418046903985503,-1.8149104981155189,1.3645911187436934,-1.4902833562615265,-1.7492667511314788,-1.7178666455066856,-1.5672214191603726,-0.7947717556620295,-1.28196719499521,-1.1459509424501275,-1.2406889978298625,-0.9162611333411802,-0.9988340019930202,-0.4160396267201667,-0.7128313137269578,-1.057534045405883,-2.09779054444766,-1.6893691008575784,-1.6139215100076987,-1.4613518466536461,-1.2418463951720549,-3.672147585109069
-0.5750743578011034,-0.8702847580581238,-2.122732994317835,-2.694647559754609,-3.078167846104833,-1.0350361239318402,-2.5883527965099247,-2.231884468663991,-2.1896235303838285,-4.795067747706609,-1.9743397242292235,-4.5263010620829,-4.2639272538713175,-1.0055383809591902,-1.952735780299817,-3.4505731639753217,-1.5842042113703476,-1.3602700918421553,-0.9585572383075847,-1.2716383670606175,-1.303965873854312,-0.6048239326755053,-1.4575868686589832,-1.2517798521713044,0.5022375958717943,-0.7696382857439505,-0.6977340964492339,-0.7462606759311328,-0.5571723154013786,-1.1448270944507795,-1.0487366191982963,-1.463586021060969,-2.0082859111967393,-6.175773787711202
-0.6228539198378045,-1.1606661946323558,-2.4666880498190014,-3.024974420467417,-3.9593885239612137,-2.848210979328508,-1.8385625748747003,-1.8613611953823757,-5.123293495419155,-1.8905465925904044,-1.0541477380080138,-2.086435677481968,-0.7753752385605902,-1.6429763779918156,-1.811430897664889,-3.70708666055435,-2.0254361996617036,-1.6725555644015118,-1.2269507368420498,-1.4306635292587835,-1.6481341529346427,-3.2614019085679877,-3.504575879124154,0.021038557004071905,0.5743525134260826,0.6833370586900545,-0.8203724669792812,-0.27042346653056737,-0.2507509670900937,-0.019186588683428586,-0.4405473715364197,-0.4552449118649681,-1.8633862257553457,-1.476028184197877
