script/wind10m.json
{"header": {"parameterCategory": 2, "parameterNumber": 3, "lo1": 6.000027932988019, "la1": 58.9999434238085, "dx": 0.5, "dy": 0.25, "nx": 22, "ny": 24, "refTime": "2024-09-15T07:00:00.000Z"}, "data":
[rows 0 to 23 of 24, columns 0 to 21 of 22]
1.8226743450116827,10.410054432828588,5.561864468786143,0.43409485780757495,1.2635707532984795,0.12833870124880772,0.881729716136757,0.8474162642747672,0.005993416420301151,2.7367486142007293,1.8728220577291879,0.9866616362584206,0.9799266175447247,0.5193304341394994,-0.5275246336134656,0.8537604560529708,1.1979310665749892,0.982637419428073,0.20488257716347,-0.6025322722192648,-0.9531279187275153,-0.8553139663682231
5.2003607180522895,3.4449196675674627,2.9565264297566274,0.3654940439965317,0.35026608199981385,-0.4435544883811633,0.6414353435964283,1.3146560917461443,3.6690666351516534,3.405411119685711,2.597237681892111,0.9970748738335231,0.888091080800601,1.0575045821346838,3.1732616017540085,2.5652677920765865,0.8367086634222201,0.8004288809334479,0.08413418510167925,-0.8823192392035695,-0.9285665698621682,-0.8131928024919698
2.2716878982063067,1.5158954851144841,1.5365203008435309,-0.23764892497784362,-0.07486539600957937,0.0739552492741102,-0.7051725334107537,5.46628605376107,4.643914030765564,3.810778858331386,2.6227596056306997,0.7838650401545423,0.10066026779634991,2.275384769877276,1.4266544406944435,1.390421758295755,0.9409614221340753,-0.5321907364904791,0.346032484500422,-0.9308653348270339,-0.8725085365537769,-0.8648324941190869
5.931776942176052,2.4253706572904368,0.5494234675529777,-0.2738144023411283,-0.24269384972853406,5.910013126297031,5.270753146634202,5.5762598405086,4.219605306700424,4.014765622572672,2.4540632500128043,0.8415555931979589,1.1048047429395387,0.7353569239562451,1.4680341811281186,0.7603577810382488,0.8102339521494937,-0.8376212796690389,-0.06614831328101452,-0.3839944965102982,-1.0112871989489913,-1.4745532585480658
5.955109022305035,4.650446692101457,3.251076809276589,2.399737254533855,4.977474046095674,5.769487913489565,5.2158263351283916,5.255798380741915,4.125096185062989,4.903891309278751,2.580328944547139,0.8688204123162704,0.6479443643168877,1.2439044330409967,1.3272073740342907,1.0483641330356126,-0.8273812644924756,-0.8311846997668492,-0.026723707255686888,-0.2593614393635898,-1.2592733255548234,-1.793257870212679
5.558452078458641,5.08605059511229,5.3970380613016085,5.277520380733585,5.165244582296424,4.729083038235428,5.334738834551512,5.037043865341233,5.52063128314277,3.5768761120237182,1.9286329557469863,-0.03266040093675445,0.4107785887622932,0.08805843283498649,-0.8427242452829184,-1.3173448881467946,-0.04174443429558274,0.012021981440038113,-1.0046504244381587,-1.3414103204459351,-1.527852596314843,-1.7145743656708776
5.340093208624423,5.215660658072684,6.063426621377111,5.695430261635214,4.5051277503312,4.1996746704937005,5.5977820339513915,6.156381016546956,2.0743838931037497,2.7972337703019683,1.25051680671451,-0.10873269588034118,0.13775846774116604,0.30336967985723445,-0.2700345691218253,0.10421425168054838,-0.9745437913581866,-1.3406600945235077,-1.336616137423441,-1.6787597654043365,-1.5107288103936587,-1.9912956005995102
5.29830728794049,5.4910375514236405,5.519185150959333,5.146846105974159,4.146446614881838,5.298808652192562,5.686652423415127,4.1251828113125875,1.7440615602510392,1.5498851365000308,0.551933883670258,-0.882375365045607,1.263143202345237,0.36516470378708005,-0.5883408469303099,-0.7693758195136929,-0.8177387287759343,-0.22191357918460966,-1.6663374319630178,-1.0157995304930099,-1.6983146286807729,-5.117750630973726
5.0220956715848235,5.468545562001627,5.0210707787709845,5.024201204220331,3.8567412588952648,1.998561463142645,5.552180584320396,3.3546897385540726,1.2431217096494283,2.2565256832163327,-0.15595358819018063,-1.79377694587597,0.009868814458575195,-1.1472881038791745,-0.5597380496967275,-1.1442207645173184,-1.2700382319665706,-1.4945542162256564,-1.0476443528662296,-1.7853796221951974,-2.6402301064621847,-3.9255219174791036
4.430623812074728,4.906699869472199,5.195479907374188,4.63096369271931,3.6092092763822836,3.74875548221752,2.920790677133999,1.5972635905406745,1.371225212206847,1.8639492734304905,-0.6975699770614929,-2.2990949223310255,-2.2329268942614804,-2.7813947292849446,-1.17546253849946,-0.6419762726156604,-1.3448137138471679,-1.2330059612473874,-1.934908740423675,-2.2184283896209576,-2.2135964541295667,-5.661614564976556
4.710036899179666,4.807966448230633,4.867483072013923,4.118138547740656,4.6814734887362395,2.790685298191362,2.615174948555701,2.3685623960713795,1.7831451302848287,1.4566210761506722,-0.5241181697730457,-2.6030718286725234,-3.9615340816009375,-2.9903140757020594,-0.05342489598074579,-1.092677440473405,-1.512179691956809,-1.2603951272122,-2.195408784015825,-2.1161187239877646,-2.3679037132123737,-4.766917467599501
4.176445590356673,4.123608571571412,4.461614263124072,3.852211631943106,2.931819769309716,2.3047238771399736,2.7404570928125493,2.1811588054410986,1.433815167885667,1.0330051172310766,-1.6775735717951428,-3.1398126744488115,-4.485723550303459,-2.4076007354787987,-1.4139525837964058,-0.9421282478830246,-1.807480280838319,-1.758126277265904,-1.9387891124875132,-2.1264815558272936,-2.951948855428633,-8.035087860908998
3.7951484494498797,3.8641723201743017,3.824429877790142,3.4982855654047653,2.637890311199509,1.7077535439598235,2.0233908287897164,1.482343132914039,0.10907295117476463,-0.27817691565524255,-2.2992709877875597,-3.6238688730254687,-2.20358706390129,-1.6320167237054353,-1.080904504921524,-0.9791794471346914,-2.2833795884848307,-4.898554421976392,-8.065143257959763,-7.454318634991943,-8.95291004018593,-10.103686973432158
3.9169179481192455,3.657558430178454,3.300981151845626,2.96397446403366,2.5166958769114665,2.4217002817621736,2.2185069132584214,1.346148578974945,0.4973463240967264,-1.2282935658442256,-3.0234580967368623,0.440811507626148,-1.365779863245596,-1.7178110026964002,-2.6378602208545763,-3.6643046377597908,-2.740250842716677,-7.480714693286487,-8.87614968378282,-8.947625126786152,-10.076588019070515,-10.626774731491956
3.3766962668654927,3.856156857047104,2.524267540213876,1.927632137616206,1.5082897192994875,2.277509141592632,2.4627632324041224,1.09641504168011,1.0560287055488826,0.4608019709589788,-3.5607543062312192,-1.23978046685253,-1.8810247546553567,-5.616456967532163,-2.6330097354754765,-3.000860436729233,-3.420405742242015,-8.542726085599885,-9.52947482036683,-9.320366309543983,-10.093453280901729,-10.968016388895961
3.2561988996115665,3.2381400075298266,2.384132714070996,1.4231911973767268,0.4619054441026418,4.483148468350513,1.2047988331692798,1.1722406761018211,-0.37909817087320374,0.679792593740008,-3.532065588778235,-1.9855664239602895,-2.4099260047448814,-6.856962513674577,-6.719078353990749,-7.640356276464649,-8.677325791332613,-9.316932800516975,-9.820874334288016,-9.750070572507298,-9.78886753236632,-10.400420855377606
3.183092888028987,2.82246068743182,2.276731220600164,1.1885881470248747,0.010429732732592406,5.157379844933363,1.4773366120268545,2.001747407418444,0.5699246162107516,-1.4922520940639021,-3.829973301782202,-6.13196900099259,-3.2871099743600563,-5.683586366266493,-8.688717255968891,-8.621374413537842,-9.178437871991122,-9.87191984047911,-6.061359259326226,-10.239463885083053,-10.442906398075252,-10.779519657124624
3.1005627757954617,1.9305793642420292,1.8211678836280265,1.6213825839174616,-0.4571387949357342,2.3758801554583338,1.527440597552664,1.1870167800853286,-0.11902727844838716,-3.0586995538571315,-3.9558058347472245,-2.335261701893768,-3.447626725619849,-8.640516691993492,-9.591730496389433,-9.122783454838107,-9.13527640451042,-10.626299485074522,-10.63498303917629,-10.847663047867133,-10.851923626342039,-10.98683623719135
1.8961450963410833,1.8219011485893224,1.9025814968607018,0.04846857401887924,-0.7300011456779858,3.1989339658882012,2.117830122269539,0.7396678400811505,-1.44934420105715,-4.07072975945119,-4.636986910027289,-5.6293963285713335,-7.7037750944903705,-9.446841624939617,-9.848732016559602,-6.859708312615346,-9.506737768558242,-10.056786978322034,-11.242806352937933,-11.067075535441795,-11.424168674844797,-7.092677011831374
1.1850874099879323,1.584818884857923,1.3732941734472364,-0.08060233022198404,-0.46708187126191886,-0.14623659440074604,1.988126367547436,0.8360756545688247,0.28920163400146165,-0.9516012641694463,-1.710828570295178,-7.719003810749677,-9.242591754193464,-5.935319945100865,-4.674411731985374,-9.084940920866268,-10.259941835801467,-10.739820998354787,-10.882575826246933,-10.98488054078565,-10.063563995719724,-5.264828122158455
1.2123754731736098,3.9141730282950733,2.991210782220131,-0.5566902721077649,-0.5773384728900195,-1.157118190608616,1.8495312331336358,-0.4164208747559625,0.570311381778212,0.4815915571759704,-5.325528457194119,-6.3129292408219735,-4.799072956894678,-3.481016666526669,-2.7726640855736515,-5.55665128997042,-7.324850353782643,-11.435392314978344,-5.651121609649132,-7.385159983410171,-7.071818584964293,-4.272828470670185
4.087338958937353,4.8721922417743935,3.2367891034405636,3.1026870932900654,2.586580466733875,0.22418543078042832,1.6567202291583225,0.4330882609051029,-0.3427025496880432,-0.7128061236778555,-1.6571982078315142,-1.1071039279062262,-3.0354774581801296,-3.8152690725652256,-3.618209729252254,-3.5960647752202917,-7.122306207406948,-9.963948129676034,-5.936590748497674,-4.8410063674428585,-6.502076285003944,-4.5224597002807965
4.582200295165928,4.332551420863537,3.5507678113858034,1.2253694703455866,0.987465751273406,1.4008093981488605,0.7096151261686006,0.40144925414720356,-0.6835990276705596,-1.6651983777346446,-1.5901140454655986,-2.6967237621336535,-3.577885951189758,-3.888147015522375,-4.588729296909735,-5.765763210685026,-3.6601447354659924,-4.790760461411277,-5.013726755734934,-4.778667427516158,-5.125724278011037,-4.696762605774475
1.9746815964615871,1.9521828696816468,1.4350899736045117,1.263546318853681,0.7308086240637673,1.0670542016284696,1.3352545575418078,0.734556354338733,-0.2826789003677427,-1.176933417017278,-0.9653745261137208,-2.2119154241553205,-3.7783886831648696,-2.742381834813659,-4.0990684106491715,-5.316974481440329,-6.25203099147456,-2.1464984336145325,-5.804285866502724,-5.189326210091641,-5.0580778481640865,-7.897871240948476
