script/wind100m.json
{"header": {"parameterCategory": 2, "parameterNumber": 3, "lo1": 6.000198445256149, "la1": 58.999992894266676, "dx": 0.5, "dy": 0.25, "nx": 22, "ny": 24, "refTime": "2024-02-23T21:00:00.000Z"}, "data":
[rows 0 to 23 of 24, columns 0 to 21 of 22]
7.959491081837522,7.251602352656824,9.37126555785541,10.636644540082703,5.1934150133318235,8.818686239441705,8.926443894496579,6.160300099093801,6.6453248976768595,8.223115808305055,9.888494516180396,9.79004667051937,7.297162485098623,9.035539235744386,8.579301374035888,7.948458439133365,9.496803323759966,9.928557245301606,7.235504028410161,6.76992925181546,13.22739626014985,8.685801655841614
5.185663777242416,10.556117530114323,7.8664470193159435,10.660281344616841,10.562114451888853,9.947388009542433,12.003365943593264,7.335343004730603,8.88924571876205,11.068204177988063,9.647882281899655,6.723921927405471,13.80440072495541,9.173554025343627,14.057771542704655,7.611024444038871,8.420344499162647,5.4142283419672905,8.774987378099272,9.066531283253573,10.14359860787415,9.499883142270637
8.613215991958478,10.492174224631208,8.181623258715542,7.951287194461247,8.92405992762587,9.7913453021553,7.627741583375438,7.485007447835309,8.04537006118957,7.780875551076002,7.813587343423763,10.549119132916514,11.009450103490291,6.21217464954281,8.427733485746451,8.04185631739719,11.409253272353249,10.46790935075991,8.738833019805103,11.034513530988116,11.757955782824034,11.187917720120607
11.399673021110836,13.991795479419908,12.73843583924804,8.253996521760827,11.702544370662993,9.213108374515109,9.717865827688081,8.535398178705375,14.63261737549614,9.457026332375584,9.78754488122555,7.989554328123179,7.477201023939721,9.063478954654135,9.63203445233501,7.8227169574737925,8.327576153440926,11.119646845212609,9.985357691408359,9.162352307460914,8.771692979764847,7.174189621307711
13.500621626562928,4.944626405380654,8.287121394734193,5.161945481713783,9.485391679065815,13.081581852271382,11.814720244568694,9.920011212188975,8.825565996663588,11.219586181923951,9.38927840290095,11.29358367357565,8.612942290630972,5.307159669342605,9.261949086351091,8.85713497494772,8.607719490337843,12.08487102308723,9.93358288713088,8.512740546643496,9.185796782736915,8.466368748987428
14.663298098585598,7.959258504113354,8.669169599497847,9.541800670851494,12.225171487294963,7.287496308552799,8.759101749528432,14.128596297980554,7.7085151275823325,14.680778931441196,7.739599711256683,9.514573414030105,14.069781846200735,7.783731251043218,12.716870365840217,7.964189393179033,13.892901924442333,12.070139051017735,8.256920155957065,13.119766933830642,8.675650828608559,9.871883840403104
6.264562786266983,16.598515033118098,10.888182968200647,9.495614396531556,10.397399110242363,7.301192628073244,5.799883448081743,9.482273364982962,8.135448617480993,8.133343803783514,9.721577813587128,6.990198703229075,7.526564374321919,9.421614431752916,14.955207505186664,14.966329193648427,7.568675965858764,8.073229410746759,9.501023760209508,12.109426107765069,10.544010536462325,11.080691499566013
13.85883391524836,8.847846652205332,8.208404475153598,6.200473271356849,6.656300011979822,8.920520852932302,7.016436491282412,8.223956095276527,16.06668040939219,8.190990073348868,10.781638751044557,8.407580735305983,7.844250139164681,10.356468640678075,10.305375966672965,10.133776144808664,9.282357150553635,9.195584862262903,6.1799438260714945,9.519570465943106,8.505062198408595,7.667225067106744
13.47486937945544,6.033748940173418,11.144084931127772,8.15904524987129,5.175006955183268,8.434551308828246,8.714747739092983,6.628434761236928,9.060056358678256,4.052284732746607,9.599282606789037,7.198081586632921,12.47833065655827,9.941362260479565,12.395040348646285,7.558112447307878,13.996555967917061,7.714165337254397,12.674551297895956,15.747764967155305,7.530833810836782,8.777128727523642
9.332851473246729,9.83885468630486,6.8180434916154,10.909541736365894,9.058313949293584,9.524860020611762,7.651360247715999,9.339838259892366,13.627218443228687,6.20234722429717,8.458135699336074,10.291263299423058,10.282695270364801,14.634265896613103,9.596871178083132,8.89563891030643,10.480583268533307,7.99216481458955,7.61118684218746,11.519493250955772,11.95532391946138,7.956962209963247
6.457336404393288,10.256704862290928,11.011540536325265,10.903207755814341,7.691816028055074,13.493884747369473,7.602706853819785,11.262199699839918,7.408906493665548,9.84966878318568,7.962933576273968,8.657476786583077,9.398481622415295,6.746658603940459,6.474296507373544,9.598488127434866,9.005797379667461,8.934157178823204,6.598531633515424,8.252479484335714,11.08918137374316,11.236036786330123
6.19155140287749,9.052844151857355,9.34160518645669,10.994710813469538,6.687429182131098,15.915386969223439,8.5106308055013,8.909809951525316,13.677227733068614,11.311048447455779,7.415685312068415,9.034121555397649,8.236149840052162,7.845274316428073,7.259293480561303,6.525610855997872,11.408757246312693,12.332355393620407,11.503308103144644,9.316906345994937,14.336847086496507,8.05885444239177
13.25856792473834,8.439247115584768,10.824730854946765,9.714988523221143,10.584590128337117,10.778242842163166,10.201668856146899,6.769405713562251,11.134798068169406,10.58006923761871,8.165686679184752,10.030677973091487,8.899180748670835,7.601718864604919,10.596557942396934,7.044274041485035,10.453418722065495,10.562131089011856,14.455585118265596,15.172862603982887,8.599656017953516,10.38280456666339
8.641841511637242,11.824026430152761,10.188506563499683,7.511870183074161,8.241511487925786,10.642354724982884,5.766359202227302,12.274174642948424,10.516593871470306,10.708849108799479,6.758149189992689,7.991460887451864,9.480154247142595,8.548435292486195,15.633784005722445,9.230543318083047,10.026684641384845,10.261028020035317,9.939628505787496,9.775557139478472,8.67900575736411,8.225502683374748
5.73184657276397,8.59069632634709,9.012122979061424,8.017874322330346,9.728591426075118,10.530256057529677,6.872540280577242,6.98318681834062,11.476568582334934,10.135382171598334,8.027699152314508,9.225027255560752,10.943856854458499,11.869370471091285,15.747397949939643,15.488753570811514,8.977940526076456,5.6455624184949365,12.423776403638058,8.385669785870911,12.158213578302968,7.513604106438411
8.61419944615588,8.976396635371938,9.347938300729384,7.699124312625526,12.091927601621995,7.259526254548435,8.633201241163183,8.928844244067356,10.799610569093758,7.118854082824197,8.013125512294929,6.370497653083036,8.75922443971405,11.075877107764642,12.791366611811563,8.707963867003174,9.041562447899274,15.713969076064368,9.059459448828102,10.1312039030897,7.205569390632092,10.543999303042856
7.715590606604489,10.644887371181419,9.61466045636618,8.722709344737375,12.48956019578632,10.061760859985172,8.759107310948192,9.240098303664835,9.399480118661588,8.269306884347039,8.631174323597934,11.423606074952238,11.176923490666884,7.314546565544358,7.507625855244801,9.454409442945009,6.06379514809845,7.8455414111321815,9.059419667624683,7.398839939187429,8.72718402950903,8.459433687910591
4.670505036618352,8.776837622571353,7.955149966398066,7.719324675020684,8.220759390638342,13.000977281500386,9.757155176398498,12.023927892718438,7.749714572183756,10.475892961758392,8.7914010232991,7.980870777410845,15.074463834650611,14.135311536182192,8.46057649574981,12.989008727420556,9.372507275761405,8.227125901076668,6.9154769150463435,11.611227521070436,6.4038255927302865,11.906485906581974
9.890812868510217,6.137608832994203,10.59412890829825,3.6396303382725694,6.776275350570049,8.45129630850255,10.170984930534816,9.66171906674313,10.142424478890625,10.14778593526905,10.96671160558049,9.07608182065005,7.06844064657979,8.831944201533249,8.40713816328186,10.396299100537796,10.629624610992076,11.720591605946057,8.662645996016176,8.023683989307886,9.125767124574216,8.167091987226659
8.790365141994586,12.879704288981257,13.07037556239505,10.226685105525386,13.972821825055817,8.761796166872053,11.224347165263909,8.306669539272928,8.404710240290102,9.497170608660849,9.909856700524758,11.698609778918717,7.523630453310505,7.936328889700097,8.612957478784928,11.744260825383083,10.769759359123409,8.262751861314012,8.742839498986717,8.174053469704981,10.383887353911316,13.689153762278293
12.535396701106247,10.654769439112135,10.924289892163884,8.306658550634168,7.859936189581485,10.303472248897146,9.999097536930499,9.928108701774136,8.107570055840398,8.166722776237576,7.249408003071196,6.130579445095485,8.528097992134509,6.818312607177272,10.440526236380911,11.152073000762703,8.739172511075905,12.04123562231366,8.65017731615904,8.55989022973657,6.107550958237129,7.125032699870369
8.205621541850757,7.920281121494883,10.066772557126168,5.837499526093812,8.979892378908547,15.778537366829216,14.95025379899245,10.625937393653603,12.591148294033616,6.736792119919505,10.374095424295543,10.26042430393959,11.329925780041156,6.860979938493784,9.65924172559294,7.911376211707311,9.840728718120747,8.862608521695662,9.169555943526348,5.94380829349082,8.47856512946205,10.795460934833432
13.774273610583974,9.534550136704038,11.713956536093173,5.2071213879110125,7.709654568767364,9.196991663674794,9.396486674718366,10.080671164600433,10.245626062094788,8.769522521938475,16.00963844194229,12.087856641723674,13.016748276464902,9.647218429119203,13.334158209631418,9.681743043127906,8.170402173762106,5.675130444999269,7.986300931993085,9.549873333295752,7.904657746959827,7.675642084755689
6.08836174020039,10.127093681331862,9.44005266720974,16.359830935887217,8.245942027786688,11.45536796396199,14.116114480444526,11.64150399691811,15.957139370809363,6.493130802427776,7.696283604054641,9.860523715925513,6.537928107832233,11.278771984048534,6.237750814987096,10.934067017541066,10.235202793811908,11.531890336893301,8.797215145916402,10.290918548848357,9.597168593806138,8.929664584283243
