script/wind50m.json
{"header": {"parameterCategory": 2, "parameterNumber": 3, "lo1": 3.000054539987559, "la1": 64.9999836372058, "dx": 0.5, "dy": 0.25, "nx": 34, "ny": 52, "refTime": "2025-12-31T18:00:00.000Z"}, "data":
[rows 0 to 23 of 52, columns 0 to 33 of 34]
-11.235797801995016,-13.653996920385078,-10.219822225914458,-7.375008644898884,-7.224470098184359,-7.566018265768624,1.0818324630668956,9.905692595620938,8.042777946969064,7.358550775484656,5.415137064692325,2.4809789006860172,1.7426280223021084,3.7225172560726016,4.76419531072883,10.320163452308448,7.3606879289928155,7.227074292981124,7.053933339852679,14.372119193881344,4.359421802669324,0.8507864320150255,1.8566912573055019,6.372265453809167,2.8332018425519263,-2.5706228512550418,1.8112562704903803,4.340735468432512,2.4633256653339344,2.9080686925336057,2.6813519870960003,0.4824036456727473,1.1766635471381737,-0.6974694983520486
-13.361501480530723,-9.522758478251914,-10.442514983554764,-6.695569271631032,-6.448276656938417,-7.258572801228666,-4.102500888815976,4.8524528596507155,9.717730764041804,8.885298711767394,6.807981265261624,3.3924956814872314,1.4927505512060697,1.1271513372594493,4.978780904976086,8.716003955823432,9.752003293241177,6.023632005433488,10.1506482786039,1.096558332795458,5.379504228509637,3.6908671672379323,2.781791574224874,4.52758159569098,0.37270076908074856,0.505286083608593,0.4387807096651091,0.9603140014876819,3.712555245071948,4.360516016881254,3.2844350875964374,2.6250060062580887,0.9472809966500285,1.7502975952397728
-12.695581216958354,-8.454172336442195,-10.075191398917612,-9.591203684686173,-4.973430612997071,-6.469785242577953,-2.7736977581281805,-2.496506067454522,10.328343226473265,10.371945186098998,7.441318183045231,2.0297920179233118,2.235425994958613,1.4764556747787332,7.933759933135086,6.7385768191259805,5.097964677181605,4.5016725273522376,-2.076723842445415,4.48413583121864,0.33896200361782874,4.436201762930834,3.519479525742371,5.550520512614606,2.696050356831276,1.1441081073934452,1.3392238150759477,2.9079331787784715,3.2181438002156693,4.211299735579092,6.331617857738331,4.7580845301234795,1.516709118380572,0.9999110122728092
-9.733750260617905,-9.426957669200206,-9.538711637529772,-7.073752302546958,-5.721499147369089,-6.9390171984328175,-3.2239207715111116,-2.2948268779947996,12.05795358148016,12.142848482359128,11.515670181806705,9.211577862683468,5.45829908099418,0.8031652044632948,5.646040118064256,7.820760664123751,1.5595897114223614,6.312880674938442,4.86538251106957,5.155142039850935,10.946905197322039,5.505386867627926,7.952852939488671,2.2656764021159734,2.2992874585347693,2.3078930299422438,1.0822740532081572,1.4947546602078094,2.8444965049247393,1.8930376811958078,0.2638949875024333,4.177586744728655,1.6661350018032206,0.8029512758466177
-9.578078239108251,-10.756131684065876,-7.728565919964095,-7.55771991045455,-4.985898040805556,-5.519668070626838,-3.7857939710546282,-5.703392880098763,13.09868690746867,12.671967175982273,11.260187715477917,10.66262636269512,8.417631837043967,7.689327887813716,2.1948970521313393,4.012132137650197,-0.40968737069250305,1.5059382657086495,1.3488254948697171,3.2474120128109165,12.159311764308008,5.236508667744494,3.609639036190849,3.5145377582431663,2.310791013719238,2.2264797140505213,2.35523784095274,2.4585186429371353,2.0419981638084876,2.7387638683448103,2.5425649668753594,3.6771077013942355,0.6155435844287559,-1.0745711127971844
-6.166863035932461,-5.50567014422019,-5.35566561574352,-5.125145655552675,-5.285507851738705,-5.254028685231769,-5.000548559911918,-4.047573188076998,14.775583265871985,12.377662844975307,11.150050157063154,9.262394662359055,8.062761251758177,6.932788207083542,3.417506144580138,1.1159541675956766,1.5689573752190356,0.14198481640835886,4.041846985492841,5.704680075126782,3.142374463104231,3.5772880686633473,4.182262569175111,2.3019908830073748,2.3886607158326387,2.0116826554208194,2.2132812799886294,1.7980880161696284,0.18584894424504247,1.5644081094927418,2.1908097685019645,1.3420205589681748,-0.08012079419706912,-1.417726113355859
-5.549543434595322,-5.156358557936271,-4.684520070082784,-6.10986438396415,-5.55045466515523,-5.239517781673296,-6.060492483574628,-6.507298921018979,13.760653633869518,12.647725907507727,7.867436598352548,7.809521271710859,5.312096863385039,4.420719631802591,5.500925211138967,6.621188952889996,2.179596164119477,5.406602301170558,7.141846693837854,3.791623832758777,1.9322923285374924,2.808902237989886,4.543349332620697,3.9115384529390758,4.297215844803149,3.712329572528956,3.2023497903600906,2.833383919385628,1.769334673785605,1.682878842049172,1.5244748319319334,-0.5722348643241434,-1.6891932160511531,-1.2883588473145755
-5.245256819586582,-6.012627537850293,-4.899802213282526,-4.62374486777988,-5.313028120663931,-4.994035901783504,-6.1461535546186825,4.212622750896538,14.94159757319592,11.188513780460118,9.190129546010938,5.222015694556053,4.26558405346904,3.578311508140691,4.262830148610145,5.526118805376754,0.043571018165294836,6.904169582797125,9.767045899072155,3.1167228310053856,3.536293146303076,3.5262620205336095,4.108626327865896,5.137892836060224,3.4254078598079087,3.1643813050992806,3.121869077073969,2.8246645645587414,1.1769543335234194,0.9298281867135988,1.7166093381578376,-0.2643334308578,-2.1415732700932915,-1.2192094527357376
-2.795396415800744,-4.322614486782037,-6.5284648940612096,-3.11974387511624,-5.251959629821853,-4.7013258375281035,-4.144879084844331,0.3784828684435545,11.826203541948784,8.371543743015577,6.9888321673426255,-0.8426811270618645,5.39533116494352,4.750577458256601,8.17032885321586,1.7131042735185023,6.621020568807606,12.35871450054171,5.244840075649363,6.961891297393122,11.260544979525214,8.3226769307867,5.938715894063032,5.225963843707822,5.0489242659792675,4.544821620746979,4.0039559847511335,2.6671971754946857,2.104430706920152,0.6495226912891504,0.11102979403262546,-1.130978019635381,-1.8020666587563612,-0.15998038329840159
-5.0746225205443904,-5.3088313898724095,-4.4041133734951625,-3.555295757137346,-4.555538981541268,-5.3364952851988035,-4.563512532141257,11.927225922754937,9.13454063992309,2.7029106210162195,2.8553418405700968,6.539909260947287,5.552209230232502,8.20527137960559,6.859721425036129,11.008443337605746,5.346475336797962,4.185145387479446,2.7896265817258303,2.552637333132583,8.177081823125954,4.342990592880391,2.3779997055541933,5.935206173818828,4.583049293580222,4.359354354074393,4.743836417435529,2.9527141319608865,3.001893597056023,1.1908490166062655,0.0413155569629715,-0.3795853328147654,0.7867636043668582,0.511926413019152
-5.752942754806417,-4.9802556242054985,-4.585323535201416,-4.564993740997483,-4.777686159212313,-5.369707068562713,7.401187439323877,6.133636567350248,11.572055953063515,7.656569913035089,14.224803380312666,8.761635876533441,9.685900589827913,5.163506710066433,8.998958780164397,5.392276907189986,6.036170743707271,4.48981226351787,3.86152367273608,2.730304333669012,3.8555880855823355,3.028749474326928,6.512803747796091,4.115594060716166,5.169835519996599,1.9893202200696776,-0.533370236555196,3.55258648193637,2.094683010637813,0.2577373466837786,0.600533493075495,0.3158957798925646,1.2063638432072188,1.2161402791229037
-5.334633181553167,-5.824005091074171,-4.346345257491003,-4.809355356491049,-5.7742252114939845,-1.5284817417071814,7.1414063704551,6.004286277128785,9.596732823097893,9.697530507265919,3.02237351885373,2.437214589748806,6.556452366934859,3.5730047916893235,6.886472846366512,5.606577177056021,8.330631193493666,6.985342123934398,8.195766325541584,7.2212230030656155,6.464676170973786,2.2384644088342114,4.717527203332361,7.7660853166166595,4.3706734615054135,4.0103027762769194,4.310003731062458,3.2943358220925454,2.0506018211667154,1.600106043263945,1.366715125327125,1.239702992254792,1.4546732732749321,1.6860636617346423
-3.6003395254488604,-4.409573729296596,-5.041864658881598,-6.390106651402613,-1.5343659708360573,1.0849944504194218,3.913632326845378,1.6210375906526804,8.813834626297284,11.136603327772306,3.134866537306568,7.334549432756148,10.338100279817105,9.568759968104338,6.79237310550905,11.80809826539178,7.46204248344526,6.422059345780652,3.1561117117428226,2.9067331567693113,5.496421080867533,7.315289479716654,4.986260940392054,4.82775174171356,5.579574316974821,3.9049829509220344,3.154749617857782,3.1769508177823145,1.4579648616969203,2.2251187449536043,1.9530322105143618,0.9694410812690507,1.141993628575858,1.5374143650092944
-6.316002436494964,-5.812607067486755,-7.169437705681951,-6.39013318400712,0.0823517339311715,1.243663738442344,12.001519407181922,8.2492902939785,13.850784977420378,13.64500927820437,12.565061294042533,8.526840859560037,4.378963871917935,2.743144502618735,4.418443007473899,1.6866699649122843,7.161093736195987,1.7903637341591727,6.966500742597163,6.005845815143327,2.792181520891619,8.202394484440507,5.1123576109886315,6.579057023045864,4.923462604482842,4.452470892031907,3.195287175634952,2.0640778751997515,1.9506044457582241,2.117917784771569,1.6280874530797924,0.8137475254066333,0.6971057987366588,-0.3519566777133207
-6.859108071437882,-7.816990272397745,-7.520901655938699,-4.157117985874602,6.433065469084503,2.8957767765531397,2.723201239137926,10.671507332744888,3.837155295613701,5.323281737112577,2.800894195566678,2.127428287355861,3.6965005649067737,6.475987069124,5.525684123813692,4.844838656553686,5.48443816115145,3.161636482464776,4.610666544459688,3.756285055191318,5.863489278475279,4.814024042667666,5.730686492585242,5.623177176205201,4.953564090190117,3.8439999230285307,2.55805716444855,3.607283117383918,2.2105072138668227,1.5857743655328076,1.34939156577941,0.7568111587279023,0.16478062206706348,-0.6390232623386779
-7.766816815124044,-7.166585867393257,-1.6555471388837206,1.9953685713276572,9.639476250467817,5.780235425809221,3.380629995868882,1.9489145343684384,3.507966199432511,3.800826315238705,2.5422763678843694,6.974559418499189,3.003009730853079,4.505531446969968,1.2824792483567307,4.507474343441917,6.685161486946452,2.9411921504951195,3.696866048456287,3.785053099332083,8.18687612088116,4.744333789828897,2.418449023158529,4.419610909066853,3.788394541648116,3.5266983585934115,3.6046657297997844,1.9414237100173468,2.6225417225349457,1.7063797364558821,1.3655162908581848,0.10853257881190102,-0.4374148968502413,-1.2647134835298337
-7.144036263928099,-5.987123683790689,4.965934647867769,7.908082100924692,8.191615774875155,9.80136490289139,9.690118946755717,12.623133514203465,4.867551174562547,11.055301515568903,7.621691185731187,5.276120704831775,7.289273801351332,1.1101199379844298,0.9679778217677124,2.825466640335172,4.587235714801647,3.3967455161165336,4.575430375319704,3.673352895316095,4.689601515618528,4.682007133355318,4.61576023525879,3.5162407331320886,4.167056738699015,3.7729198100964827,3.672991147669715,2.572372405788076,2.655185629616958,1.9855979283532657,0.852964840001232,-0.18525513532460766,-0.7774955625694222,0.3451846010576526
-5.815753006917015,0.7635052462568219,6.640314067401967,8.928372605334191,6.753895752082693,6.623487050729771,7.721731590294574,8.31533348493637,9.50086656921848,7.1832672711229435,2.351527918030587,1.9352765077921783,5.85596824575788,5.729955696618312,4.734679253252495,4.260613624715947,4.885411626839764,4.097524082007008,7.769183418143383,3.417203198857347,5.177978781989197,3.005270557484439,4.158671530663196,5.416273478971922,4.303162905922921,2.8465590493152795,2.071633349398833,2.2786883010261785,2.9231093709967397,1.904213678404289,0.4226732717856826,-1.0792415568672222,-1.3896716618830758,-1.0886422405778644
0.5328541511461203,3.0707801860431263,7.3672762410977795,8.961383728425771,6.850955274365707,5.656738402366213,6.768576798756264,8.150289408883129,-1.0427586997516898,4.812238451740435,1.3459377546775364,3.994610917909161,5.762560292002635,5.878251983662798,2.3872563292102646,4.5075593669143155,3.313162291330638,4.601860960885603,6.270781848247793,4.03275849113689,4.067149157970062,4.899393798963187,3.600762020221769,3.46443169109813,3.8910201068551644,2.965979244660345,2.8691088451310995,2.6620740100368003,2.4534256343833367,1.6981806768141436,1.4884138894402612,-0.6481364591517396,-1.5730117169461952,-2.9863219034999546
4.1957509000355,5.8508358430699134,5.764869312957871,7.044763877286533,5.434206696810039,4.044809810018044,4.400472859790061,5.220200967042522,10.49515597064633,6.569944278493391,8.983176121516557,8.013746652301517,-1.745841347928014,1.5136098595939738,4.118746565182004,6.258869667685145,2.8737570999515962,2.3165520370610357,3.916551486035194,3.369335690924837,3.489856311448271,3.9009292289338453,4.719062299952227,3.9489568952165115,3.2911095406469024,2.8613013768868014,2.540990664191687,2.6971199375654558,3.0862091626138426,2.4237168015255173,1.1551005413735815,1.0572251246578603,-1.3140485120837067,-2.7219454046636247
3.109884735769283,3.7942068833605567,4.909679146987926,6.295267945001432,5.896245605684164,3.046903372559227,9.190098940513263,7.727264102254424,8.264433557921771,10.009377250037586,3.7175895017817293,4.856542764975732,1.6302889263685123,5.859781622747284,-0.037667510717588865,2.7405422072535863,4.1980110716700985,5.70365178008126,3.7214121855870057,4.220606675608443,3.361091268038543,4.0855121074452905,4.100910743849301,3.210133722701902,4.196019211672866,3.4793536285388362,2.869190060082905,2.9792529416653903,3.032607458063817,2.335556463551883,2.0474484211059027,1.444147679547043,-1.162875252807089,-3.9726339660034387
2.6498500888984333,3.248537533639997,5.430021782853521,4.619621537974378,3.6101746542974293,6.732317433818807,4.2665670550110075,2.6242819982682177,7.830268008239239,-0.8312867335206681,3.3241696106810488,3.0550929095577786,4.293526306742165,4.744987200636739,-1.4721668260241352,3.689919290729429,4.281867005539391,6.124678975902859,4.93922962084934,4.07607142041685,3.985417818547235,4.505923042515585,3.8479454496975687,3.0084221402211697,2.947625173453677,2.512041723298375,2.4274225616644753,2.5255105181945505,3.5270916593879185,2.3006263345790825,1.5515677905775782,0.7296393335157507,-0.8625236191639556,-4.206917938861076
2.1191351737263457,3.1049092948246795,3.2210909342480054,3.779824690160657,1.9120526908640465,2.5560026508899867,4.853739665861587,3.043224636572151,6.150873391982639,3.615690127421813,2.435716236397821,-1.3752537402119491,3.392815810788114,5.509264443029519,3.599525031623638,4.118425185400069,6.380061568918818,6.274266382946438,5.199625407761627,5.253632522251843,3.4287785539544586,2.9818719191048606,4.241677725355806,3.4599932156740456,2.498394089727721,3.1033690530266833,2.7992777291838498,2.9676816300870854,2.8725473028492505,1.5442316789155237,1.341299683279058,0.2521583394755167,-2.222345751142831,-5.265920850618681
1.9847803225396297,1.4762526096619606,1.8263420257746952,2.219158144539979,1.0397635275354236,1.1078955528122358,4.665812644026737,6.1688418236646685,5.238997121972469,-1.2476337517766578,2.293351553162693,3.4813090842942045,4.4582211029741785,1.4145208955561173,6.0047592907146345,7.524379937286462,5.597891638955031,5.580008399350673,4.7219960390133,4.125063850355426,3.9451156260158187,7.559275339452444,4.212147591820333,3.330664786942067,2.698772517363386,2.082163409285978,2.980523206917274,2.140887756821266,1.5684577559497686,0.5170404645438461,0.075484028737974,-1.2586607900699844,-1.7926017538231982,-4.206275843126537
