script/wind10m.json
{"header": {"parameterCategory": 2, "parameterNumber": 3, "lo1": 3.000054539987559, "la1": 64.9999836372058, "dx": 0.5, "dy": 0.25, "nx": 34, "ny": 52, "refTime": "2025-01-13T08:00:00.000Z"}, "data":
[rows 0 to 24 of 52, columns 0 to 33 of 34]
13.518818584399602,14.027404202050054,13.036516488217506,13.473317501686731,14.98419687338746,16.214924858540385,17.072500037218784,17.679291948887524,18.491719116399803,18.836800471456655,19.437422938725252,18.276276970099552,17.336196914814323,16.370301445222797,15.391015149959674,13.869543484849057,12.02520756205486,12.282219025743245,7.047723906437826,16.84650738236249,4.55069053075612,3.3097539520208246,0.8115141843616941,6.583276540487616,6.439653169606582,-0.1401113425505182,4.1926287931664685,4.137366492316966,4.588487570418349,3.819438012765893,1.7621746645639518,-0.027178654865166484,1.6830814747748497,2.0412432410733015
12.408200956707558,14.374011328431106,12.205328096689755,14.467931844023036,16.13718426504861,17.122147389000382,17.93582480088946,18.673169125526023,18.787320087206936,19.86060886183955,19.639396765442942,18.360380809775457,16.93735962823781,16.017093352087326,14.794913608100781,13.45678020896092,12.597556602719965,7.325636245724728,10.50099173106327,10.015334714698378,3.8247301098150923,3.969023513188393,1.6013009016110955,3.8237523852387754,-0.8763688013832047,0.04683616433746016,2.9002227317950733,2.286451419915449,4.169928442133065,4.1831633918849445,2.908760693686789,2.495384195710459,-0.33488425728899573,3.2609456602302864
12.236186261425916,12.458929380201274,14.029352617826026,15.744900502954696,16.945518069581983,17.990779820090996,18.828743077546527,19.013787285368792,19.949986834615455,20.867645805662423,19.43395068594136,17.80462994173785,16.580619535107964,14.928503202320696,13.947984076451291,13.665733754465903,5.563326281535897,4.528728515953781,-0.5334854631266008,4.091612173056925,5.612460842464939,4.340274573424052,0.14674539893336855,6.362496235770333,3.0884335348915464,2.022278021247894,1.6514263196309564,4.099804729185641,3.425321758200791,2.992927391925863,4.331421423175678,3.9159391368394174,2.508244752149363,3.166461897593536
12.529722384042117,13.769817474456412,15.423991340872313,16.686074915762084,17.682142601620548,18.877125434549967,19.554631615014785,20.15876625260622,21.169529202454516,20.470091639865174,18.58004523522096,16.952995019554535,15.024457476525345,13.44586572567029,12.425731290187827,9.71770681316999,1.321388708477281,6.080669841826462,7.266392325780091,-0.7039555592223973,11.858534022705921,3.1626071273867433,5.356249087769048,3.8523065316710436,0.759482479178376,1.3460643124950258,2.5540238282480563,3.296374217358778,2.5144879117568406,1.9597019961539277,-0.29616192391928514,3.0210716899525356,3.310978513059562,1.9245803425066723
12.809702175808413,14.507276454066789,16.027562074916364,17.306866907127272,18.720797606733164,19.727288748592,20.44853475160661,21.435613241714897,22.1279492569164,19.737730055843176,17.809861869640187,15.749594906001926,13.520951971640038,9.69876344952686,5.856026133802968,6.836080011809556,5.973506042957954,-0.08952143826808605,2.6243906565726047,6.9932709108632425,13.056311073295353,9.30680102594672,0.3377605465060985,3.6463876951706276,2.266629439300391,2.6623008029612527,2.8643426491820545,2.596245426200322,2.5070834518714844,2.5656000522736475,2.128076436292632,3.5479883838571533,2.4242886286200824,1.6837306783397155
13.760739123951202,15.143027906731009,16.732609139173228,18.07911838205174,19.409223337237957,20.672281763423626,21.561772529383305,22.461899036602023,21.066646833508727,19.02597384130008,16.576046392629735,14.074203945320903,9.98666303542773,4.709842471593485,2.4285901750227508,3.128685540708272,2.3728436371924904,-1.5067919975544115,5.58747644242607,5.8455548900071985,0.9273462274682938,0.9848074179023835,3.9529021415957426,2.7350787317551806,0.6436039378204509,2.3943179700164543,1.755931370967134,1.7328176053043065,2.049086451627023,1.7758459053146842,2.500783450043618,1.9389026550246904,1.4467377928692156,1.4642019223585787
14.317135304331732,15.469709937799506,16.906670568020793,19.041984269017455,20.510490912743403,21.357325724710332,22.787084841961533,22.671756040144157,20.580905829420768,17.21798265997061,12.841824168312442,9.327497210225598,4.0559843524817225,4.845123226864389,2.275215663449469,-3.196981811895182,2.561505992253134,7.525618951803745,8.549277079184336,6.37009962849238,4.071120562866871,-0.16984271951003752,1.9342382666321736,2.126665260919913,3.2099447219207087,2.3161274360956723,3.568009265784359,2.350944657194277,2.2955476360154647,3.542547640571303,1.4005577108961111,2.511392000824746,1.5195850185100563,6.358878487340897
14.776955074715044,15.730384015910078,17.81653564801972,19.876268927808706,21.48964168740604,23.108947560265715,23.82078472274668,21.853089976173365,17.66719218570109,14.125164099433782,11.12396022973044,4.965588315155794,6.3437157234534975,6.399832412140517,3.611628360568733,6.124529813004693,-2.3648264005018693,7.953771457280636,9.2938118153011,8.912981434903582,4.247352817278162,1.680590365615429,1.1483575185845363,3.7897055945309712,2.123231831544807,1.5256329665768678,1.5084588933680574,3.1876892048072287,1.4422561122446196,0.2874771321404216,2.993639001436967,2.5364908553850793,3.904788648980119,9.755995592434918
14.85000717378697,15.971124464409959,18.386109080261388,20.903074303243326,23.06979721510031,24.758043252027225,22.606926033132556,18.589869023035014,15.04703541616477,6.560765599562706,8.480352122607137,1.2364384898468603,4.098357980836648,5.511946957647546,7.817476669614918,2.5002764661412065,7.709563268853981,15.439909829711906,9.017804072469593,4.759683562144954,13.880332089411242,7.599197649020126,5.736071694124003,3.054050378123542,3.192310112419299,2.491708271011658,2.2801267189404046,-0.3831099986496812,2.316801535131819,-0.04554853753495912,1.4382349581331837,3.525589640116153,10.039942870163104,10.53056572861465
15.09036277181491,16.288832300873846,18.40802454855011,21.430171694450625,24.074926092981386,24.704544154002715,19.995751911791608,13.750843346771743,7.9352859915327905,1.8119284466976446,3.4219783193598916,3.0852792463603618,8.404407141801157,6.035482087306649,6.220422069241104,12.831223183488913,4.680766500460783,3.165209122426976,3.938928473070696,-0.5420676169080596,9.328286038511825,-1.0143190281732195,2.213227348944915,3.459655513932282,1.958337619443068,2.3330063986956375,3.2762949929987273,0.9996404568832555,0.6178539038041869,-0.1192534012223391,3.089809725961123,9.087023481845344,10.104858413629763,10.636478047754578
15.029992990918172,16.355343023726927,18.90066792931056,22.066942219236488,24.935911056086674,20.765228451372906,13.991104557169647,7.140030185887212,11.545116495222869,5.166725880568637,14.166643756356267,8.581856257576986,5.244170497212877,8.522562721094163,7.349823498007175,4.632033782819805,5.150181257394364,4.219125504644785,2.47573445852514,0.8508802259519265,3.9487732992311786,-0.46523929829473587,2.8151350550960608,0.8814133497417243,3.070748218310957,-0.7615408872324788,-1.2663863955212908,0.8003770208529216,0.3578843317037713,1.6875123431205163,7.850233043851414,9.51092985026266,10.120641381687218,10.844135709657666
15.002010684224393,16.561429810783384,18.8694739725725,21.792639529416938,24.664350192882704,12.1864060731326,10.808479525184914,6.805754354595879,6.318885488593654,10.10479548097267,-2.243990362806245,5.783328008562639,7.498830095529658,2.867291531529838,9.635681142589535,4.825847847349885,7.447239938513735,9.0831540017532,8.05804048721532,8.45799242955351,6.070370710883652,-0.014818795525902402,1.264722924216133,4.2730557896053805,2.5007548192709,1.1191822786783185,1.3622813467563895,1.3920123142611216,1.2360876997847385,1.9971253693062547,8.912374837894601,9.34972926069486,10.266471895386383,10.685989760007791
15.169088249465634,16.569060884274716,18.417448615951,22.03464662518648,16.23277910836865,8.234389822310138,6.540751998512728,3.773199867169578,7.748276624652294,7.794057859511317,3.74230797006602,9.284477020269804,10.432576681864584,10.404200882101298,5.759363074806894,12.116795755337447,7.257553946319975,4.982931306783421,0.4343448420007972,0.44726271600272366,4.276590742997057,3.6367631689483257,1.993369889545804,1.965320042465154,2.447398799519947,0.7865706054547328,1.2494343432963533,1.3293663362844141,0.7074164662565403,6.672894569081723,7.950158285063854,10.042831555238097,10.297342318065569,10.247149521635004
14.886914419906258,16.403310328968754,18.41311226553223,21.284552576862314,14.807968611100677,15.834449083250526,10.86718805144926,5.979156435157016,14.847473601942655,13.357677736677061,16.8599767670454,7.79662180048576,3.836479519571312,-0.630536103264033,6.370215502515295,2.079713064765513,7.526638361553313,-2.347058680047821,6.990841489062959,4.69411326845823,-0.6611136824044487,6.985167942365541,2.602391138608243,4.138601326723611,1.5345755393057925,4.004330543582124,0.5272827909902017,1.802327263952936,1.0896543682757267,5.725354187687223,9.154455549191638,9.798950722220683,9.970979190739843,9.54238217556572
14.835853493628289,15.902459572426183,17.562038403907668,21.182954983724542,17.496991824545326,6.012510875836004,2.3553754383358423,17.012176782024024,3.566811622054339,4.293220615216287,4.352769573661037,1.1897825066344119,10.390891800343885,5.510796942044037,3.529211299216556,6.308018792237827,4.525789107623048,1.4505243563349404,2.39012874616965,1.3342776967802663,3.448387918932751,1.4421756245323019,1.0920046988159697,2.300856518501845,2.4507039536090027,1.9831034062639932,1.0537163495448045,2.0996004774437673,2.160670110991907,7.669266878214372,9.13885190832254,9.723299738808626,9.79681869849647,8.755617906100774
14.735816936739608,15.806058490165618,17.32553527025992,20.414595773139823,11.041254036606178,5.073640256535956,9.040149782106223,1.122110728048591,-1.4229149468064448,1.3273913972319598,0.7697724426503734,6.7403097852875495,0.9456000301386214,2.307327112039455,0.873725859119517,2.36778770786333,7.648580328322365,0.5369594732572059,0.44203851434119923,-0.16251575758794376,6.788959540781191,3.1151207533816563,-0.07548149178105523,1.370817665492915,2.630018168945724,1.983472212408223,3.674702821549505,-0.8757914737781237,1.9953790577912118,9.477823824172159,10.153975052502144,9.748449485562908,8.642595811358936,7.877678935508448
14.400177947407318,15.545520561938131,17.02533074456946,19.053097278868687,11.102916361429058,11.400281102244657,12.811148164915599,10.232444908986963,5.428629042853366,11.32154838320475,2.4569821841129986,4.2626528680052465,2.965422721452236,0.5852221975351617,0.0161162091760344,0.8140745122890577,-0.2749647426225653,-0.33599666636817477,0.475346126204953,-0.933109619984236,2.553516847352276,2.8572760147886407,2.059941493133423,1.897196628655387,1.2588611650206494,-0.10300758865245552,2.8318928663034053,1.6746860032005584,2.7035732699456907,8.998973675529443,9.377495440213735,9.020847881185556,7.9034216995924185,7.127623131075506
14.860690456613186,15.2211824575435,15.404820199977449,17.872681527041735,10.53843805784626,6.15025111399657,9.410823620390609,5.811180657392245,10.996401697583051,10.071867097436288,1.4440338611609447,-1.3925090502269217,3.418518041601995,2.979603635757069,3.6522638059223658,3.248236732193638,-0.7467417890010398,-1.0095613931797067,5.1840302212723355,1.0142920197012,2.0318218494030758,-0.8061542384540833,1.7781021222067577,3.7562435457297036,1.83486645982181,1.3093042307191205,0.32227964184213004,1.6489569925079293,2.8297733576932194,8.882132920677156,9.374117179857729,8.918623529423762,7.759517410447051,7.075734170600908
15.348099216463357,14.529555241263326,15.32216925680921,17.4689956460908,14.053661408833074,5.923743619078912,12.409572871016339,4.937316053366353,-2.7221541069577975,6.155500045974491,-0.8251807149429412,0.5515247306035332,3.4377598812942383,4.707040768652043,2.0639414450835307,2.7670754969414357,-0.41151241116648013,2.4348008040116595,2.8083285045158357,-0.39358046172442523,0.8607905264881606,2.8242148357369192,2.05910573998303,1.605887427943299,2.345062842623185,1.4255927124021175,1.7801859795706816,2.737797526829748,2.7981308107051506,3.227506923589262,3.9843677934126247,6.583428864640097,6.723955027601598,7.190909120511269
14.606311805316693,14.722736546449552,15.00196619978557,16.66313276716401,9.386886111590627,4.509262941261222,1.1749883956076363,4.3163662098354605,10.817118703888253,9.023999238778515,7.46967522352727,8.732307668627262,-0.6840972830339095,4.139283609887896,1.8889762037087,3.193572823665807,-0.9434660407235131,-1.20878180148145,1.5304209933221593,1.521525573439652,1.8452081680603278,-0.4699831409524789,2.617099934366175,2.799592645436295,1.9747905714791556,2.2519431346070333,2.0071852415902365,2.2005192247221133,2.9164130742128296,2.7303912575399374,2.8706863750450404,2.5435611995121192,6.2560014414828675,3.8743794383269337
14.822902348822073,14.310214657091421,13.967181821017318,14.743153527540422,16.25804678133307,6.669050822455733,6.871663804772107,6.797891869525976,8.685912152530202,11.33737565828862,2.6910545390023426,2.9445702838692247,2.929224286266391,3.2653853583683414,0.9010188629622353,2.7681561163894997,1.938694068208954,3.516850331644912,3.1061677171110187,2.3526819144899553,2.482816459089007,3.0291199003574993,2.0481062503444245,1.7096649912678152,2.9606564757555915,2.412894216005506,2.286123539737018,2.634630925946457,2.980248469592813,3.628311140194851,3.5622604225412315,2.405302556132135,5.609096492729013,5.907839663341618
14.157414230892186,13.451120008445365,12.728912520132543,14.08412713819857,15.537369989636158,9.232029814189726,1.80619038259746,0.2675222187011281,5.593045136221216,-0.6875075847081548,4.458479780911532,3.8589857980553526,1.9181911151952131,2.8596700492030407,-1.6894158078957286,-0.3414208737474919,3.60159341926667,5.024397534382623,3.869171869613322,2.566261028933546,1.6581847269826533,3.0630644678047134,2.8395355890515055,2.5594110039798044,1.9750508673810043,2.0620250008816514,2.2011656740401966,3.019964223383657,3.4022601291978285,3.531242533534991,2.5390209846065943,2.6389233092682263,2.565217930829629,5.7484666439637975
13.216770705397526,12.867360135578544,12.795095308281835,13.61033327310636,14.588912242602037,6.835818785927076,5.3549384707373955,2.9085277674815395,8.44529998877535,5.794740322228508,0.7936214458178955,0.4521196311749043,4.191269045825478,3.7392367210369706,2.37875541331606,6.625404309177035,4.379658095851989,4.5115186715709115,3.6847547293565026,4.012872565404039,1.9413367603660439,2.743505617590367,3.4120898843843577,2.7251555694042153,1.826365317632785,2.352564931757566,2.988104461263407,4.445488243341141,2.722672487519061,3.633454639989932,3.1871209278476167,3.6326817516042533,5.667214145230004,5.630966435913006
12.2869484615146,12.343605125123258,12.77173258628169,13.68988647036686,14.494481669592622,10.457629816692915,4.8362992501503985,8.916872245770856,8.214089704157248,2.255648542744425,2.467639040889445,4.115457082711181,2.584487264449894,1.676003217906908,3.5252880018202797,7.411299170930864,5.816547163608174,4.082885841268005,2.8805789897920877,2.2039682511032104,2.647749410164043,5.324017970848859,7.518681308981121,2.517019056268209,4.6538476721750515,2.643859231773282,4.6724027191189315,3.268008872668617,2.629845972558873,3.620545472556199,4.027867869988383,2.458289918601659,5.987316882772869,5.112548316509739
12.586123530603224,12.7071934379932,13.447424538974357,13.92649217764991,13.998690411755026,14.131245178746386,3.938504503899776,12.658844091125863,7.573647443948669,3.627624017738798,3.4270127362944858,-0.9491685784995353,2.2855116607814447,2.530613236617021,4.456477482123909,9.781925574697032,7.6610220492458865,3.2172201516203676,2.6052636720165427,2.4363498970657416,9.851219275145485,10.783391329963505,4.66289383135601,2.8182376138971756,3.3452489511889003,3.142945792833479,3.2995877365844546,2.6683693549506193,2.5380582310005178,2.7174086122535908,2.671972592233451,5.193451550010532,5.64971550535287,4.113725963359846
