script/wind250m.json
{"header": {"parameterCategory": 2, "parameterNumber": 2, "lo1": 6.000198445256149, "la1": 58.999992894266676, "dx": 0.5, "dy": 0.25, "nx": 22, "ny": 24, "refTime": "2024-01-20T21:00:00.000Z"}, "data":
[rows 0 to 23 of 24, columns 0 to 21 of 22]
10.362621796179976,7.766014839078582,9.32924822036449,-0.19750027665307018,13.28640843904451,6.415586311480103,10.232256508400859,4.809642129948902,13.329246011997768,11.490427843270483,10.702608752137756,9.063332879209431,5.55971845404397,7.445827127564894,-1.878634850816004,11.55480812683193,11.87078819703986,11.29560678464883,10.506073454532224,9.528195725577847,13.932567853497023,3.0632231160937704
1.6896325873175568,4.50844302434034,10.579473912422745,5.419485137029758,9.671278112476095,3.6284360756136653,14.476483416497434,2.9596368288525463,13.52234137218662,4.6470730073431055,9.402068097518232,8.621657681772136,6.912286260462084,9.50429154629294,3.743288721352752,12.659096027682311,2.37407221277127,9.710173957990184,8.919472559865415,7.003079846073379,13.329851289688644,4.180893706388106
11.71566736132287,7.63589824434807,6.540597187184036,8.650739741405394,10.617569440755876,3.7088886537599195,3.5003455009241304,0.6933230614271533,8.90636075039452,13.762323084406637,9.085093068255507,10.595271695311379,3.4215544914887066,14.042383798514495,6.081906000099556,4.073851143524848,7.609403170408548,10.710468897404702,9.505835278507336,12.319121833905912,8.957117902206617,8.785322678923157
11.832282680550465,-1.0798220284466105,11.558594021753551,9.570616693225682,11.026835193956472,9.13408744179289,0.9639120270869895,13.02050730061888,12.807634309123491,13.441597826379503,9.23162756669468,10.301357984792824,3.3960400985010475,1.511914990262864,2.661503869412333,11.895441177629111,8.186497693121499,14.983817118654061,8.829891463559958,7.288031065545519,0.7617557787741457,2.6018682524712973
10.327391683225905,11.745390956724691,6.451109184085937,7.870594727208614,3.437039954893563,6.9024056920971075,12.998284557004872,1.9621114933834547,11.103320881046292,8.882890764829831,9.230046275419447,8.07559187344721,3.46934515508622,4.0719053661326905,6.318174970908196,12.674173714596755,12.4960919443104,10.736554803636336,13.368816190067918,10.993417034510895,7.5825784504946725,1.1312916019273365
11.008540835629008,10.713500865619023,4.0562462437536215,9.227317584917822,10.087172430666616,7.936802293912712,2.0646297058856837,-0.8540336790786841,5.905733241227978,11.387966043904385,9.230778466481647,8.302376992738196,11.304686454239379,-6.828166699980677,3.0108249182415148,0.5967776490936958,3.414971812652705,7.39640306331131,13.20413127194556,2.264325471057083,9.939440189140683,6.515073896207053
7.395398064415669,7.948873322945089,14.08458663706235,8.63949923326103,10.368239879700523,2.5077037968797145,9.581206219237053,4.53877445223959,8.398430114756767,4.463789192803436,1.0694475974898237,10.90673754218081,7.960640267023183,11.572364401475793,7.306877032380735,10.289188158003348,3.2385244404114446,11.867850189919428,11.291509773498953,7.777126536287146,10.252137205145399,12.661060841387794
11.092903749216942,0.7034009329483895,11.195843964285675,7.264022121118471,10.483150706442233,13.359915254677999,6.999075212284381,3.684126758896771,13.263321415246182,11.633230997128711,7.392738792101434,2.045004045876194,11.995531152678048,1.0739953468251997,7.5497487136565855,9.193305806906228,9.976775965031653,6.773043227156498,5.98924042614528,0.5381274732217698,0.1904153476293358,8.808776572521017
10.307478595466193,13.483212766325202,10.9764184721028,9.47190418084244,4.456362908732797,9.659565262570935,10.3496822913658,12.877862016402823,11.208100791833749,7.58662027218758,10.747095109477637,8.459260391314077,14.522710015556411,10.86307057655098,9.461954691857299,14.930867526329553,12.305817098588822,13.480011949507414,9.636737742565112,6.8868145345259055,6.704212500287643,13.833054393808919
8.8256476469425,11.995774817518129,-1.356450697724948,13.658375830493846,0.03243072717550941,9.59479855043222,9.188940489320162,1.531641905988475,4.092675454274015,1.928660432001929,3.8347890066458117,6.111732036483554,10.744213147179162,0.3739155234051604,6.786327693777615,13.38621527489313,13.281860957954745,15.006034449685032,4.263674313474637,6.836098416073495,9.404089373706862,9.98039654183572
10.111705735733887,10.7460870820808,11.179211635619815,10.09586661205094,3.374682621574634,8.83872259112281,7.4298453648103076,11.155072157897525,9.785120973793418,5.9593610912427435,6.271048307283723,5.001638095222745,1.1613397078238752,10.130646396789672,7.529816132504063,3.670883177399882,10.420197989493865,7.538406973814486,8.410686769074733,14.22768227400595,9.530913631488817,12.668973293037423
11.145944967339112,1.752169607537373,-1.463423978947942,10.304730153670734,4.091089303944018,7.9373837562620295,9.367415298426135,6.945891756576511,11.03551882114537,10.765013677142012,15.67441741696702,5.618193687878044,4.09315453146451,10.410134519118545,9.592953395161638,2.941817027801173,11.286196729806202,2.16423594749864,7.139396194696975,9.761918553412698,8.87190735220272,0.6315130629520189
4.846545722716551,8.119413131987274,9.71211310005564,11.0848675985006,4.091324116890624,-0.2163124511250091,9.447850944308083,5.160448710081613,14.109662689690637,16.209738551101733,-0.21177741135137781,14.166483532187039,7.800437567820816,10.07522433597735,11.856699726727639,6.4248123175020035,10.27596869970239,6.855374400449457,12.614070744750144,7.376320092267712,6.431769069002792,10.53510790697753
11.680317898932074,0.0024476906685420756,9.14611712305432,9.244187031999987,13.717416721222895,0.9418917002599947,12.442691912322026,6.372064287424154,11.674566988635338,10.72672596221068,6.887326761063307,6.218063971771602,7.162165319325371,14.285618176870411,9.812207051789239,4.624098664486786,10.092379134261693,2.833674779749555,10.491927611917113,14.170083776725596,12.141767625912406,2.610190693269081
4.559439499531633,5.561752426314904,13.500367409257608,0.5840689814604773,3.2026642367331415,7.213840716519633,7.911601440482443,9.277924116473727,11.31337953637482,-1.120206610823025,10.317091412664556,9.483552995352872,10.848698254751733,7.553609844491046,6.096067265314701,7.38582007078813,13.042551606585617,4.654999102809417,2.4093950224849787,13.0513481505459,12.90925461055125,-0.16234384871826057
8.328545792836549,7.473153930414714,13.629027117807201,9.685871462852429,12.355645146903939,7.232672948792061,4.116080331983454,7.681479821089201,3.3128140611756853,0.2397388050050859,6.909315231835503,10.182401987223242,-0.08726851444279198,6.3906872498785114,-0.07886574548836528,1.6919566675015256,6.33505390255456,10.150549117641253,4.311709214994158,13.11337905060912,7.215858789328338,2.9248876292522636
10.800294672001069,11.606803960046792,2.0334749282030162,13.106416549260125,-1.3871242425409505,11.434905259461587,12.71082599346843,13.474520175193472,10.432923332375186,5.597944455511082,-4.433846528733536,7.763986097220966,11.907156107574682,0.5517419087517369,2.9635205501271593,2.41512124198217,5.617636404396672,4.275900459339708,-0.03498886198495273,8.599175013965134,8.991283081918494,0.06197685648125056
7.909672512147936,8.67786281968692,9.734484173367484,10.327481465059273,8.879380378752838,6.901118887513786,10.070596849207222,10.206099725476175,10.636879630378848,12.41138917722405,7.1488726741509545,2.3512743903790567,11.834855583732283,0.99644707155657,9.886045469793762,12.862187964909717,8.221389202649974,9.078070470526777,0.21569952781444612,9.784970690426888,10.289038528349376,11.810936936898866
2.3890494484516065,11.016041677407008,-8.487132352621149,11.9281262015749,13.019075040436134,10.932599593957253,12.866129899389252,3.431337055247552,12.195806878758336,11.65470246263055,7.252415025933264,0.67006501328631,5.215639718838497,7.170472014521392,10.66389558274826,14.067715642758726,9.71139069541462,9.498280941161923,-0.4434857345494663,4.545761990611716,12.772403693098607,11.053589616875252
7.426002718582656,8.136016484498159,9.68289755629048,8.625403594393527,7.616842056645534,13.019171463864264,9.434461412502882,13.262603169008687,1.9626151858569842,4.010759401296674,10.811620984397683,10.98272300720852,10.315191700802123,9.981341969745431,0.3212170239105208,12.34766511690599,9.928130163975954,7.571815156188314,4.274988128637427,9.786154525579589,13.37177429813593,15.444456709692114
10.679519173095557,10.364589738387604,9.879646889557732,5.446403419489657,2.8881269295642396,13.613725868631342,11.74275914832937,7.279413406601827,4.2420767998638125,8.131264036339003,9.264914818893471,4.788442028418387,8.240414025677367,1.0424475563824478,9.528123856981923,9.94885014494456,9.576361119102945,2.994783595572571,8.106570914075114,10.76960390162781,2.1088888147924965,-0.8342961323230517
13.15916978656048,7.4533973051269085,11.930046193716795,4.550312028222117,10.256411564247818,9.995034394381133,-1.129012783360239,10.832866515259207,6.74766124867141,7.604755754830456,10.462221444307492,8.394859802130826,-2.7054631303120873,9.929790384277904,8.952583986176178,12.657317809184038,9.01778965027267,8.209142352978317,10.935845551070498,7.939570482436094,10.324394286763216,6.883502667000419
8.047272167717685,9.466358172324501,10.711026408447651,1.5463961205736465,8.39568092944101,12.519917922619372,-0.23303617748480088,-1.488075682307467,8.466867230309262,10.773572182436215,4.424434809883819,10.525796133714152,9.816188373658123,4.982103983424839,7.538773525020417,13.803544517491826,7.337221533120846,12.830795372869758,6.326262757781768,13.228691918550817,2.425298022660893,13.192594507790462
12.967465320233682,13.324974153048926,6.050394300634211,-0.657492961192357,8.527415841544771,11.595849268604518,1.8136053465718278,7.240813322008645,11.031863524733259,3.6895032581289486,1.8180205887623593,7.046939042820622,8.673911899166061,0.6343687217789404,10.397710808528158,4.604645156639052,9.93785597665698,9.453277959088755,7.502195114246307,3.752800940064963,12.935992175779141,10.376854802077698
