script/wind100m.json
{"header": {"parameterCategory": 2, "parameterNumber": 2, "lo1": 3.000054539987559, "la1": 64.9999836372058, "dx": 0.5, "dy": 0.25, "nx": 34, "ny": 52, "refTime": "2026-01-31T12:00:00.000Z"}, "data":
[rows 0 to 23 of 52, columns 0 to 33 of 34]
1.3443194804647887,1.2621272054545702,1.8863869347564532,2.724065228491413,2.8028390951641247,3.06494535147398,2.8908769630662814,2.547610335250796,2.278121252343845,1.8453846168843446,0.4223510916791043,-0.5580106523446416,-1.255225251741747,-1.3383195253937008,-1.1344612340934637,-2.5001669323375406,-2.5236373415665403,-3.1426443123050563,-5.5694939228591265,-9.230599562362114,-4.834640412709485,-1.0664478460605897,-5.851330510215494,-3.1939267474290123,-2.913808836381913,0.4933845414221257,0.344303786656355,0.13663933979770834,-0.03439324356493099,-4.669803826282146,-3.809027366086104,-4.035929731033697,-1.6699532865604156,-1.5705987132819108
0.749654170579989,0.1960014359903212,1.0299004423949285,1.8088946560611723,1.7100502899112926,2.401504252704949,2.236549138971942,1.7681547388794872,1.0633091826464636,0.35812098889402527,-0.8417443902468712,-0.7664771844804703,-1.1719039192473382,-1.1183442414685285,-1.132336649277924,-2.7003853849900703,-4.641148553801933,-4.976599764398806,-11.252843857845708,-4.602218434960921,-10.09267654734235,-4.254685116565154,-2.1887202104047545,-5.190401795527086,-2.747605812285846,-1.4210118246203893,-0.2222267584394742,-1.080418804078836,-1.1310312540573355,0.9754839356065682,-3.085548396295211,-2.0108196998510826,-2.4145777644034965,-1.4895121649177816
1.135710237652934,1.1997898723908218,1.4081949633318702,2.6033474121529485,2.281441148245482,2.1386407233990994,0.7629889908532893,-0.2645704638590066,-0.7581430653803527,0.24638556562749783,0.42659038241036656,-1.2276673644146896,-1.62737431175884,-1.1003158206167756,-1.4047708344835874,-4.219333831072,-4.039357569851679,-5.769992978272927,-4.509143754409073,-5.407596274276247,-5.173833890661935,-2.3199370982536838,-4.9559272770112335,-4.935852011919483,-2.583760460840203,-1.4693430384289323,-1.8192049093468103,0.14964035831827685,-2.2478521315190325,-1.012552458171058,-0.18952842332533285,-1.8134763161866103,-1.9520926598315853,-2.516531903666176
2.476502775970952,1.8812006906826562,1.156446435254393,1.4398494276639413,2.3464671116151345,0.7533774721301759,-0.39778132246353054,-0.2906023039048398,0.1833022851446144,0.27012206026072216,-0.753952955422634,-0.7975292417591087,-2.193081242375502,-2.93406531381553,-4.0331882259619904,-4.052952080010279,-5.160040449836582,-4.620703991967526,-5.5124379167740125,-0.7280663725463997,-6.1826004504764525,-6.492488546980198,-4.022621182064926,-0.9040125082838546,-2.431230423301293,-2.2379117120028185,-0.9559277348322492,-0.20156503443679938,-0.7577625700578672,-2.337649830435864,-2.5426247250694067,-1.3025578465300516,-1.8722036442947694,-4.360147630357065
1.5956683068741442,1.3711371803396208,0.32399809859489626,0.7459290141428918,2.5410520390095668,3.217945108996305,1.849582586931104,0.991808598387113,1.296439720223884,0.5110000050624917,-0.42404397690336976,-2.069866820529461,-4.6181343047151255,-5.20101791943753,-7.162835855750758,-7.81282867096227,-2.7121908178806406,-4.679033619235793,-4.797014956647941,-5.534580598337603,-7.703949589826428,-2.0837793452884443,-3.5149357036328874,-1.5434445105368642,-1.2940007243086007,-1.6529833243997596,-2.682597344261646,-1.9642630742006597,-0.6844586865020732,-1.0450088361776215,-2.3437488176230032,-4.067460475787957,-2.649879083584421,-4.4557346225267525
1.2727916137336284,1.6212548691048785,2.405121814840568,1.8269754489172871,1.9028429453743572,3.040751762403163,2.928864429031735,1.0903768891428207,0.058510214252862444,-0.4362290443009707,-0.6825156601189457,-2.9778280476675048,-5.019112142919762,-9.23656018185436,-4.71560163116857,-2.7019672518717903,0.41269328558080537,-1.3707692394656643,-5.923310935000726,-10.194480049981895,-6.897808354147062,-6.163088596433278,-1.239268190358978,-1.8435393712209256,-2.165557785002214,-1.085586789277427,-2.1100178827765137,-2.856254614773027,-1.884515040112348,-1.9450575670601624,-1.489883504669837,-4.293122402859181,-2.8767789550411793,-5.839941917585698
0.4870512331926396,1.6668483369732292,2.0914757072153582,1.7738051675866457,1.6474716529359228,2.033358578872907,2.4349941591981787,0.9508464116525924,0.005764241324189142,-0.6321730181623495,-1.7174505001177782,-3.0744905559214364,-4.031730913187334,-5.886936121692909,-5.14229189568214,-3.0014137885436893,-2.6957199354911254,-6.673507650183801,-3.4470793509059274,-5.929738891350331,-4.576642079538368,-3.529300612013284,-4.358701176355505,-2.6827729360618,-0.6757812552223769,-1.4990573702628436,0.055143832288131384,-2.5480194738981448,-1.2247875757548365,-0.4612594540043599,-2.4428327628081066,-1.9693950694687765,-2.538107739628576,-2.4597224404824045
0.048297116170644555,0.22786201854434932,1.1989165476187786,0.9295029694775859,0.8204077704220084,0.3599086455726082,0.3655245831747645,-0.07583827196280506,0.0519887369705397,-1.3833658910101796,-0.08775357433145953,-2.479308864642587,-0.9250072810448975,-2.15878144262961,-3.502083032084136,-1.6557949538704817,-3.130440222842672,-2.6442752598422317,2.392537758130911,1.1781933967458111,-2.254948511857734,-0.260719478313965,-4.680158287461929,-2.4563081984686352,-1.8544683592990385,-1.9533778027459279,-1.8251516831305883,0.08953040327782137,-2.2882585439883814,-1.5053995306935375,-0.9143657798562143,-0.6266396603468262,-0.521240484807071,-0.8232875162168853
0.5058726150746855,1.5027211944556826,-0.610961267747524,-0.6619207119152781,0.07588107037877763,-0.04868373360163481,-0.3386770712062819,-1.2387005105951279,-1.2097894584834286,-1.37813096817179,-4.0117669092983075,-3.435606433049004,-3.3257733060025596,-4.670459120655696,-4.072968689107082,-4.321649456611581,-5.507455237464694,2.9175315295291435,-7.094714903588322,-3.7698091366618414,2.6915641481050896,1.5845650714222062,1.898373751213322,-2.8161268831772013,-2.055796861391626,-1.9271122370195062,-1.3112437228277571,-1.0607875999407457,-0.2613214235003295,-0.8922491655898773,-1.2975231553913666,-0.15804191069026777,-0.6846974546962964,-1.3789321845918063
-0.515837500546654,-0.10043041253949819,-0.026773477700010383,-0.20060553062635356,-0.43275101595437876,-2.455472144593514,-1.1960067310589302,-1.3296900416295474,-4.110891940034485,-0.9096897881123717,-4.160129624774205,0.4169789535410011,-1.3173090740951372,2.539890637575464,-3.9374307288383856,-1.5834273083238803,1.3419137343732015,-4.788462906874078,-4.134364029056332,-0.8592581395635928,1.7766944705065706,0.6684041080835827,1.1948146148862202,-0.7398740778442353,-1.474607405445528,-1.4488143123699,-0.9252020392195891,-1.3903884017721075,-1.0426815837693533,-0.35503779742726627,0.7319406690466774,-0.23416405538042714,-1.3227704837084917,-1.8641761747923147
-1.2503420343472893,-1.1923639655547518,-0.22172031698118352,-0.21660071128334293,-0.771821061793863,-0.4135119575445516,-1.1338006980083486,-1.215074319610937,0.41949260910029906,1.6264329099900379,-1.9425103685872203,-5.730095458722182,1.0375023414121811,9.962682126841745,1.3194217117894305,-5.741274311279075,2.077230984320013,-2.858741938507535,-2.5436401823489354,-0.9213242432438499,0.9666866599792758,-2.052103243781995,2.401756536894615,-2.529153543653991,-1.7207263284506502,-0.7522478285135774,-1.7399241518084283,-1.8463475263579827,-0.3331593105832717,0.5685513680917498,0.8527194611701,-0.7616811038340582,-2.147698742184467,-2.2736559736278754
-2.0873263596369314,-1.6298611051400111,-1.4652942955065498,0.22437274398361676,-0.6593778118026536,-1.4420291264691152,-2.387703094690665,-1.861174685914691,-0.659745458954076,-10.069085380688541,-7.363100190685536,-5.703910460879356,-7.2527178107368915,2.7009501573760675,-0.010758566804910415,-1.499616186162944,-1.9976436837546843,-0.41181842738063745,-0.04079547872722765,-1.852272753569395,0.5542240025363373,0.8761384787367492,-2.2348201742553155,0.14280475938948525,-0.5918281986834687,-3.9034088151614696,-2.184890567320835,-1.0338250130327942,-0.0926793842646039,0.9001636218967614,0.4541714767849717,-1.2180056238711707,-2.4636200923014346,-2.6493351938139704
-3.0535531016062043,-1.8420157042561889,-2.0460528097231037,-0.3877988280023293,-0.7498028421108272,-1.6120966404758337,0.6420404919957129,0.29924036910427804,-8.070747649771425,-7.360200764918662,-8.898922857122635,-9.952539533405035,-2.0888957897282423,-0.8434636554618544,-2.588599979073425,1.3219091063210437,-3.1843412310810417,-1.6470949463946012,-3.7414150433724243,-2.3394450285935666,-0.3752882878580229,0.2793693493529032,-0.6302603496108633,-2.5706190034006116,-0.8786442965932189,-3.42285393688496,-2.445456009567296,-2.5789677367734396,-0.42454045820175745,1.3208818966120333,0.21463732559015206,-1.607840006221864,-2.7321773800241957,-3.1032270542234714
-3.5446380652511227,-2.9754977422308055,-2.788046669020733,-3.7304892953069357,-4.051313360587068,-5.645017460202671,-0.2788464437870423,2.751207821266804,-13.145650080670285,-2.6875003011672445,-4.676643443850456,0.1361366720495948,-4.62106250085868,-3.301775583500813,-0.7908799062043496,-1.7222780037075058,-1.8494727533264503,-1.9251075327497438,-1.61531154257137,-1.350097780863662,-2.5569555566814874,0.17512825050992925,0.1843815421796243,-0.2130704070505704,-2.0487277439319853,-0.9465065082737304,-2.273088863060713,-1.1770765324662935,-0.9280060098229139,0.3681133044630542,-0.8512320767385282,-2.685367489593801,-3.228951695517862,-3.465089846872412
-4.396832614100163,-3.55196453663799,-3.1681519553243094,-4.019547845181124,-5.203006937637691,-10.313676772682408,0.5160654795718156,-7.968087869200565,-6.660260497482327,-3.1387839660259598,-5.4560464052638205,-3.8645489005494054,-0.14541304285343853,-1.4422898156272947,-2.1059521829570342,-1.7981563748704197,-0.29526110173665954,-3.5898532225677138,-2.639831789077163,-2.73041963010067,-1.1887586909559396,-2.8284534718031416,-1.223678455051527,-0.592467666859179,-0.5436742185983718,-4.164068428205867,-3.954055242290863,-2.7943536924767485,-1.263466196469611,-0.808806054707255,-1.3650401277649353,-3.1301963700060056,-3.6161563475538716,-3.9063915812043932
-5.360547057501563,-3.9590729677381,-3.56628723436008,-3.804293248061054,-3.841204151239579,-6.377743632579609,-8.292181005287532,0.36334260870877133,-2.3137606594684206,-8.706545057667286,-10.50848981767156,-7.966292010790346,-4.202697616202104,-3.1145424340571575,-2.577015152523595,-3.6327958377099594,-3.342951567884535,-4.588737244025929,-4.365173223120936,-3.25819682157156,-1.368254833026313,-3.1940488842664148,-1.9252604572106384,-1.301828912300195,-1.662119883027709,-2.346708374925227,-2.0016023088731973,-2.306363389359793,-2.121334094063851,-2.105602213490402,-2.3728231273550864,-3.443962895911413,-4.248535535595346,-5.069537353788504
-7.041859867371095,-4.920219478649435,-4.57544484037826,-3.9072694963064665,-3.8249968221677944,-9.696170452802818,-9.0215947755349,-5.985130634198122,-5.932420470078335,-10.0616246436233,-9.292606303490548,-4.433625628198161,-0.8157186086753218,-1.857875807259126,-1.3014066375122475,-0.48027693771816576,-4.010583422061941,-2.0075711605166804,-4.01332963751691,-0.9327388213415986,-3.4760307364604994,-3.2846331430287012,-3.146895672918941,-0.6365356982070407,-3.1473867994674043,-2.784550621036872,-1.783856979090865,-2.029863385365715,-3.1806605924796925,-3.507457945066579,-3.3473946686854403,-4.4394377117316015,-5.300423998386606,-5.469984404016564
-8.171622306741225,-6.623230831992287,-5.774155337304027,-6.726670450134104,-3.2657900846972083,-2.383470256610346,-8.154808397119563,2.1289395941992244,-10.204427239916134,-6.96975354259183,-4.637023874482551,-4.920062908948297,-2.05307329592227,-3.336311994739305,-3.476620504730178,-3.4541410427660875,-6.34581579523237,-3.369748392861597,-4.411081858134042,-5.310056870156835,-5.1327705899832345,-3.785351817137819,-3.638361827394282,-2.9034679017897402,-3.4320369102737827,-1.766712025181814,-3.4009798095815245,-1.7571419230458138,-3.2313006168547025,-4.019992839402757,-3.314864608385498,-5.050791922103016,-5.825319136072416,-6.224525398949207
-10.607508245837778,-8.96240847582598,-6.83695219274702,-5.375231354206183,-5.896663594377126,-2.7926562284657193,-7.322909413674719,-6.901375350626457,-15.04026127761398,-7.242749752265659,-5.751489961372299,-3.2007945146362813,-4.53094480231995,-2.809775339327117,-0.6948486332040725,-3.13624377857385,-3.580839273192996,-4.456854391279874,-1.0970948994518017,-4.547299908608711,-3.7684675613335292,-5.375331748219722,-4.699494653871308,-5.261975196602782,-2.951978072318078,-3.768062312747043,-3.5676012077786052,-1.6446898734517494,-3.212151649509224,-2.9936252384315303,-3.2302632611202804,-4.0229125397550085,-6.296117776107159,-5.89808435572351
-12.49064599901942,-10.615315558527453,-9.219022954912422,-6.375737900379671,-3.859332973234508,-3.886714791576946,-1.7138136712291008,-3.7056119692536664,-11.036318920736958,-8.129478511159224,-6.001946552823789,-5.575390471103818,-2.516424312805032,-3.5855293104475745,-3.3693288603364473,-5.3782205012702535,-3.576676277687746,-5.343709331668689,-4.146542306977536,-4.692815431584381,-3.5434653032690697,-5.099040656442721,-5.510629091174111,-3.3450266737944125,-3.1361608893942208,-2.6449949022585955,-3.0575184435520155,-3.4949605825287504,-4.237153167235339,-3.7021844370082264,-3.7041715938633057,-3.49843451723573,-4.671084567603867,-5.0675550776705895
-13.894156367406952,-12.989404645034616,-11.233937720508917,-8.909158657636404,-5.03665085533337,-6.547658602428559,-8.103943907052676,-0.23116930071521352,-16.026231345940037,-6.73418498460433,-7.412744462988326,-4.893730839095844,-3.855422249459372,-1.2612461979469185,-2.4176273928821086,-4.573763778748034,-3.350247280930262,-4.698322613072024,-5.124791207803764,-5.154115322516147,-4.194311866141127,-4.10143999444846,-5.377638691937066,-4.758517895785602,-3.550597699736111,-3.5295541609982,-3.6524307180325124,-3.658264214886097,-3.3114615627901753,-3.77188468981949,-3.6199997276731732,-3.8474615378900654,-5.154130680375466,-5.205364818955702
-15.210210245535736,-14.431097216272082,-12.257148171378478,-12.654195869281052,-7.830581238774261,-7.902956963728168,-11.681056189888212,-13.990428115781786,-10.82616474378747,-5.628569513367884,-3.1676350108505598,-4.976935454290018,-0.21754818683615929,-0.863934481662395,-4.647258612569172,-1.9557176424433882,-4.928784135293952,-5.197808168394646,-5.500910965681196,-6.01903018549283,-5.639748215195923,-6.153733906844833,-5.779803958963985,-5.295120302130067,-4.4409431761600695,-3.843658466940553,-3.74665109416841,-4.858167365861188,-5.741937754587193,-4.743782978615714,-4.290546154633254,-4.03513022320597,-4.511355231310527,-5.021361309992435
-16.623171291671206,-15.832349318395648,-14.70662800515414,-13.322582201831045,-10.114669513752022,-9.775406122986936,-16.814387640477694,-8.726473373687725,-10.13584534529661,-13.344423332913157,-2.9106702390329766,-5.939605083449442,-1.2629563513012962,-3.5457012844465083,-3.6976144675626244,-5.177714375758563,-4.844089418269682,-6.1680069904683394,-4.755486414540284,-6.173663507299328,-6.961468258937038,-6.076754055067046,-6.592434651345955,-6.352984423331122,-5.01329196303802,-5.43369453910891,-5.911345900323155,-5.338551130197197,-4.702187981952404,-3.5298498359318677,-4.6043676314389606,-4.733329476496546,-6.345128663119817,-6.022774882089389
-17.57215549439549,-16.752453073328898,-16.164822715990834,-15.287675093287879,-11.412912884848637,-10.40450219750345,-9.973880173067561,-20.448055407133026,-15.593263566560285,-12.51448250769387,-1.33258414093832,-1.5225208174951006,-2.0520016733786073,-4.6232131087727275,-4.183191082214041,-6.175987446136228,-4.905883037162678,-6.5763258186485585,-6.3927719536072685,-7.137660755765884,-5.428483849022072,-9.471440210375345,-7.195180171496203,-6.319849292470965,-5.627708619747107,-5.575074453123436,-5.113820120865783,-4.252401124453184,-4.124075119954386,-4.175063399512856,-4.282308383007618,-5.372257736133282,-6.673236999044729,-7.153178354585242
