script/wind10m.json
{"header": {"parameterCategory": 2, "parameterNumber": 2, "lo1": 6.000198445256149, "la1": 58.999992894266676, "dx": 0.5, "dy": 0.25, "nx": 22, "ny": 24, "refTime": "2024-02-04T15:00:00.000Z"}, "data":
[rows 0 to 23 of 24, columns 0 to 21 of 22]
10.046990740490449,12.206360142884105,11.324696173831818,9.068421893284276,6.348824617045394,4.869021972321245,5.277789494264021,4.785247197056289,6.381315347159603,8.12231063605145,7.645027476885509,3.6686258046332925,3.692799088508869,3.873288505505982,5.290070456293019,6.506277846357418,3.7511189960751836,1.8636098358748359,3.51218375145808,3.1246838055835777,3.614670174716466,4.385469449300502
7.645163517432457,11.340230186377346,9.074996611040609,4.110378851465378,5.000702008388547,3.4992610210466255,5.707264851924255,9.60881653688419,7.637033469827425,10.284312633096729,10.544315287859085,4.606718683507459,4.203630502335343,4.8500815959427825,6.534641947920008,7.677013104338817,4.676181031868586,5.941567974108492,2.528416524519167,3.536971991040775,2.4770067946625396,3.729196974934088
7.050710005282767,6.316642339447866,6.122231890232405,5.656086798452611,6.187855568864255,5.381890865120409,8.33162033283492,12.78054359125597,11.97290383953179,12.332400242248285,10.179902754899024,5.348197428320157,4.861037701098804,6.4850933258964645,3.6461490981753277,5.918216678907608,5.862346184965256,6.907197517922289,5.711480920140282,5.263785660846938,3.97287993380247,4.541957771378137
13.45828047906283,9.805075457698361,5.3462111427496755,5.100390195678596,6.436412169669042,7.690338965855486,12.83065747205887,15.453062097167717,17.25687019346961,15.906926258866271,14.84555426813698,8.420186664127396,5.767651817180002,5.354934546562551,6.6021714895553965,6.568506980923295,5.210221819653994,8.9951161348559,5.606294328882041,5.413973870854722,5.239649387671873,5.362727237433684
12.153528769679271,13.694967038376609,7.80768701488903,9.293765817730126,11.749114265283543,14.457649209952155,15.073862596065979,15.776622193803055,17.554414144343873,17.52546642893064,14.98787730282709,14.992624924346202,5.777236026634874,5.369404052450264,5.564084806143021,6.261335760777142,4.798173481057775,6.0827195031268015,5.903421138878473,5.350830766634392,4.982777111896488,4.454142445817722
13.715832404683356,13.107584312680027,13.634873564065122,14.100541022902387,14.800020663734657,16.43672649770235,14.385929238085442,16.176798188256058,18.55669633471294,17.079732432470482,17.595503597318952,16.068999986983613,7.980860307267166,6.363275074609121,6.406241702666302,5.904499508340706,5.954756767226407,5.009288988659174,4.107256541982594,5.044473603597142,5.375653668845045,5.26325486045001
14.130391403428618,14.72507839429606,13.595603809320183,13.788540245475792,15.083195437849252,17.785898031944885,17.183347065338296,16.20468818072251,12.427049432889211,13.506080989699768,16.846385605064466,15.864265198258973,8.63144664039322,6.94232360644357,5.8183917503959135,5.454026414610132,5.763703509546079,5.759129638672129,5.308761699877164,4.328508091880543,5.076720669728421,5.0443252921294315
13.92056619385843,12.307628110185382,13.992926500466979,12.632889932101287,13.947257039344334,17.12398376601537,18.364051581300345,16.01371298531456,11.695532738500706,10.011823464736565,11.687987695723036,15.999825798504302,12.639831548383613,6.582307572282987,6.399191849420577,6.113790551213696,4.965930204739489,5.8155132488882355,5.434497134614349,5.724682392674493,5.644230443225587,7.078037497830663
15.609621624761644,13.020588459246024,15.824783514806192,16.536309011361627,15.670832503179483,7.048272637564788,13.200455813226801,11.81661516270755,10.351341022059392,13.603875559872074,12.079469815346352,14.633662208754657,13.394924544253074,7.352444206186486,6.848487763350906,6.360339041507058,6.468675674419083,5.404871608309099,6.0808397354423676,6.298030121038048,6.7680657879357575,7.748371531833696
14.931409200293896,14.100228815126053,15.229279178212854,15.983106171466828,16.490701984307808,12.382709880032962,9.440879509313236,10.467587836668322,10.162390082322407,13.85541387582303,13.053225749779797,11.768960445727755,13.208847084210017,12.543424746538816,6.321065065082448,6.818458600195361,6.42892755121385,5.931688196043239,6.270950008409402,6.179382756075666,7.4017306610023805,9.85580598244341
14.456920361801227,15.019009607640404,14.642455177298546,15.083237949121573,14.655041723911042,11.230043890053844,11.229553459581298,11.479819476538138,10.929187143362617,11.123643707048231,13.361688316016632,12.021235845388555,13.525668228217674,14.188451996411512,9.406093146563569,7.256081322711031,7.415641798602236,5.6660574666307975,5.607565700969284,6.115800276055023,5.443825925694155,8.636011608966808
13.975231191848591,13.721727099265632,15.189190812814209,13.86660179888744,13.255848066366749,8.27877465319776,11.37412094610773,10.6744015356848,9.174625619994233,10.897799118972697,11.879200768735512,11.118216617552688,12.019848400127197,11.157648562770527,8.572845035795513,7.946720534419703,8.191451421141519,8.032809558845166,5.945078000636556,5.380126330368136,8.197219773763416,9.354415843194475
13.819835471026549,13.088682726034543,13.494356048216131,14.25984072443575,13.584082847058875,9.406005667231694,9.193935533402845,8.766076671496306,10.865319771349633,11.659555799104897,10.22576968463241,10.447284114080198,8.085052278660614,8.438721241781641,7.925326404399166,6.6520806355468105,7.512035210731573,13.075758378425569,14.95641532415928,13.029736501136961,14.290289363334816,14.749054618780143
13.084592665496478,12.685966016107056,12.854414328170975,13.845605608115724,13.671517891641932,10.501777213327339,9.537111069706699,10.24944252072774,10.783838166867076,12.720258446697219,10.722993106133115,9.054155453196934,9.416338920212544,8.756943210008313,9.407052748053808,9.078453835447734,7.8459454579282335,13.800794760038453,13.391547081853716,15.162824291988104,16.161375020782422,16.75040555997491
13.411495434226461,12.847597586334647,13.32067843359697,14.416617794566646,13.15659392609622,10.23410176240441,10.700818528474471,10.815999619865444,10.136318239086656,11.606585354709445,11.755003492767694,8.814245671039036,8.92671054089104,11.374499886475665,8.936239089997022,8.676409926681544,10.470716125366907,15.421493216778185,13.328793229474904,13.86105825076903,16.021797204979283,17.028121986909685
14.629696687624346,14.875254050819533,14.900529375893703,15.130405490154066,14.990025828466493,13.166307673821537,11.17254116847024,11.788075242784714,10.600675943488675,10.612670735884643,12.704429367553283,8.270024752066245,7.750830630067515,10.471953292737393,10.427883174137413,13.680202823988001,15.118799543242202,16.334351646322308,16.86721679568818,17.15549728146605,17.81068298234517,18.554632524553128
15.244139339432055,15.652560861061064,15.633725640061062,15.667649182704155,15.147885171227152,14.264223541828741,11.129732050960019,11.72275718521557,12.432008323318419,11.064324118199584,12.04363669894624,11.357241051262273,9.623773566863697,10.254621334331036,11.942733750386672,13.012621744354819,14.82946434832894,16.727554312010785,16.007565126144353,16.91022157994268,17.61151888904194,17.87931212829444
15.193728534719995,15.606860918208582,15.792720618433284,15.771826168626271,15.73212955774499,13.484005447239,9.659936138724394,11.243884201718862,11.963479437168889,11.319086400126324,10.709449942812858,9.235678857044443,9.999267203357373,11.564157096755883,11.97637955360674,13.209339468913631,14.96421693994669,16.872370963407224,17.494040883940016,18.042108749869243,17.928735997328356,17.32363097496823
14.19925389775581,14.960917012349126,15.376637622203106,15.408202133287235,14.760421486029312,14.024276836594979,11.069946674041596,10.487665311742099,12.418137937268552,11.886850310082998,11.345168387374677,11.738596371246974,12.345145412810457,12.763353106314149,13.518663615095454,12.869761084475387,14.568216826263992,15.561131313429069,16.92511748585097,17.974018605583996,17.237768253747575,13.403459085550782
13.93363437420647,13.511555447850295,14.003235031842271,14.989650177885263,13.940737404954755,13.071711242468073,10.278677713140153,10.278134778542146,9.447770358664856,9.6326478688192,9.514701804398886,10.382826580971662,10.131525314847332,9.198368696868846,9.212667745120724,14.466193503342561,13.481619879147262,14.294957336116532,15.260324143561771,15.817478482606042,14.53412083257832,11.272872784966024
13.117479872521592,12.747429757721276,12.493402049789752,12.585043254133415,12.79369152293678,12.554665539669255,10.17871283177167,9.906336685851185,8.602100267316992,8.858100240653153,10.527496877292114,8.515137448378962,9.801397386574253,9.514057349161543,8.82663739389745,10.190766072897372,12.12140876607353,11.373360696276972,7.784662183403409,11.892236565880546,12.618035217568986,9.237019808558314
12.521588985612615,11.928535516723908,11.467303301592484,10.589788103063402,12.35617195317704,11.984095370804653,9.524429934986287,10.072138218621388,8.125746323780207,9.001538717287973,8.850662919892185,9.213681382050398,8.445003811098713,8.890757196113483,8.067051676115435,9.254649500439518,9.22600500940125,12.079715867091187,6.571120938347826,8.52891931371654,9.60235271458077,7.764752194990548
11.469119592190015,11.86172272657793,11.354487572786118,8.386171272685006,8.521099386297534,7.5696303684545265,6.724381439681059,7.953224033622284,8.69150301660222,7.721677350429391,8.212266900223995,7.550935512211459,8.923908874925576,8.670915579410819,9.339012730986884,9.732563358688349,8.394417508515378,7.184952604861886,8.404024840395529,6.882919110573146,7.820609446506658,6.780079840814194
7.958005732754774,7.5341856466993296,7.506657550623556,7.0345728585317,6.665412442080835,8.12875350023207,8.071154303144231,7.766674566299675,6.433044350103071,6.6140642894093595,5.917683883858251,6.872578861690878,8.46898045974852,6.51630255564498,8.212992260764329,8.122144849090004,9.715871932524212,8.068775975207972,9.583342172213127,8.38720279879006,6.332154328192956,9.417016762954455
