script/wind150m.json
{"header": {"parameterCategory": 2, "parameterNumber": 2, "lo1": 3.000054539987559, "la1": 64.9999836372058, "dx": 0.5, "dy": 0.25, "nx": 34, "ny": 52, "refTime": "2026-06-14T11:00:00.000Z"}, "data":
[rows 0 to 24 of 52, columns 0 to 33 of 34]
0.5712429404031529,1.5163300375568667,2.007050355450558,2.559723481015901,1.435778008845273,1.5828415705311416,-0.083248141281722,0.013777312326521268,0.15755952348444432,-2.3211148133706576,-2.6859746365490373,-2.9881637533028678,-1.681589665029838,-0.301438169580116,0.4752109284170201,-1.027816510998518,-0.7134115350114463,0.43506574125383407,0.8151793383797556,1.4872390644328812,1.554039028276201,-0.5746113572220878,-4.600713899421225,-5.447009696897359,-4.333421815980613,-4.671670357555783,-3.812614710797627,-5.993916085393471,-5.837098943397331,-4.824682572951757,-6.424455060852748,-6.96651015492996,-6.56969779228532,-4.698675964528105
0.14823534903145288,0.8330127494986671,1.6079544883804764,2.518058107195288,2.067497571265704,0.3599469702960952,0.2949471589075685,0.30096301532930186,-0.3691589161298852,-1.4578881408586684,-2.9433609932341867,-3.2187436301228796,-1.1674701477452891,-0.542596467240389,-0.2083085429416717,-0.9281631501987351,-0.5294060346265449,1.4804440311168,1.9281507223177703,2.818036351323311,0.14413492387783458,-1.5876702771713156,-3.580856991146431,-2.9564305182782085,-3.9262934506115252,-3.7889933237427496,-4.512655204832166,-4.981718892811466,-8.064000541708968,-7.478408190877972,-6.260114207050953,-5.1506665780182015,-4.572649450177469,-7.218572368469576
1.1814334295920297,1.9324489827498996,2.090819502684382,1.895047865506547,1.382032308423887,0.1214054386950846,0.12945736621232865,0.3519336515630112,0.3118930956537188,-0.8637210991221392,-2.452742798620448,-2.040422433680376,-1.2244914596039103,-0.4530619358524171,-1.2426462302311974,-0.6243356696736159,0.7088892748616253,3.6111379653478988,3.789547599067557,3.258065954650355,0.5654063760472183,-0.5211768163415633,-1.6875827029725063,-3.5345018507152637,-3.9906921071376895,-3.745373178017669,-5.640794339528228,-6.485494772092236,-5.431367446395255,-8.380191431824446,-6.791191282646222,-5.193397159466561,-4.513847144293435,-7.451801600678112
0.36984873554566183,1.2409559657777018,1.4704756895869582,0.20155548023410794,0.4719402878028584,0.3622341876743063,-0.15131680292016528,-0.5079018606306426,0.008290780016393443,-1.0977095238103034,-1.9699711553939268,-1.139444233753657,-0.595253308556012,-0.8581076405642646,-1.5931660082164674,0.7006056374881127,3.587930540057759,3.4392088287134825,3.529943709138747,2.3999011425448744,1.1699453216753486,-0.019272857788856353,-2.0206867887844853,-4.175193916615911,-3.694284892128648,-5.24094494207567,-5.953008347644122,-4.155590256108469,-3.791974667076953,-5.3739492378457445,-6.682449132514285,-4.85547142681546,-4.443948237434684,-6.991768928970071
0.7670621045624939,1.6257061762060294,0.9205454446365736,0.4548166808562922,-0.3945958580290103,-0.4238347900791592,-0.332687082075906,-1.0769081276795056,-0.8403637689166236,-1.0978269487721906,-1.9052813100897874,-0.7081829665451332,0.3078766210444536,-0.5862106680562381,-0.3688999588009378,1.1937101609554577,5.315501262018631,1.9072407832464477,4.110931268640204,4.460041074673769,1.8201846909245094,-0.38973352728373334,0.4451621026611421,-4.083238582720396,-4.306627711901968,-5.81676030371645,-5.573891758440399,-0.7799460762779736,-2.605856024489666,-3.6826363668738105,-6.315438240062333,-6.997978552838061,-6.566187873582186,-7.157380339425247
-0.31067503317494727,-0.05600589196803174,-1.0837588937174891,-0.815240910951906,-1.6990816761708565,-1.037816151259734,-1.4327511985612298,-1.385567543816243,-1.1299938364650204,-0.6121958199297969,-1.3501096468874303,-0.41752107834668983,1.0716641862057692,0.29555551087419835,2.376194229746466,3.2524267415129926,2.4524631528711485,3.5500550244740574,5.2558494720890545,3.6218004563122763,3.024127294594192,0.1055448991725432,-1.5474160465525735,-3.165230103302081,-4.502053769908704,-6.32759152340922,-4.229524973484673,1.50197371656122,-1.4202168044438856,-6.003667758913952,-6.132677063831828,-5.930565376107178,-6.525926527115712,-7.1590874643722895
0.09441569844741765,-0.5893315924737561,-1.6196808689773183,-1.5876459925385007,-2.0725089876459895,-2.215980015500189,-1.786235193602566,-1.785791194166303,-1.5075623229601083,-1.0885734239827785,-1.0222751273268103,0.7833485865850508,0.8234656965536583,3.637229167412418,5.82474686674464,5.41662556219909,3.35102960308553,2.2890607809609627,4.685789429836616,5.824601273782393,2.148776692560343,2.3843158530685327,-0.3975474111090087,-2.1192662301426264,-5.126302773404062,-4.211556996765992,-5.395276183339541,1.243038394314701,0.331326955229195,-3.4291871255614264,-5.407626294928084,-6.594022939636277,-6.5782478747410424,-7.763280821575536
-0.2840181095133293,-2.202666940541872,-2.5550997592525473,-2.6500638151253177,-2.9271569432909015,-2.7971073856785806,-2.6777611989517274,-2.7513840811352366,-2.070021731081021,-1.341849400012924,-1.663928578355917,2.510314237511113,0.9403471962390707,6.19396329715821,4.0237894853741265,6.691760453742353,5.653052282132465,5.292006006578945,6.3643131452240596,4.283640496215154,3.320322915017512,3.1345977416895483,-0.843098886786368,-1.4470849420523757,-2.84880315663658,-3.1300443575950565,-3.3554481016242876,0.23028070655354235,2.4192321942755024,-3.4236682014364175,-5.6727009243151025,-6.159720274787309,-7.337193679624501,-14.904533387174514
-0.9758826945010044,-2.1840722621134017,-2.72927591354028,-3.3150603021403993,-3.586126222580078,-3.588933997591411,-3.8271965398224923,-3.5886471157054323,-2.684388354781176,-0.7618725545094722,1.4591756709548147,2.513607203939212,1.2812178012056767,4.8808568886182355,5.985389415665362,6.214009422020231,5.476539736166605,7.853130073998962,3.679235238784705,4.422677887721531,2.7508932892323528,0.41484255617269655,-0.6866864036242962,-1.2459148045619557,-1.7218485863793476,-3.6695747532119034,-0.8548290496918594,0.24211419309871923,2.2769095904362597,0.8837362176999475,-6.218867960959932,-8.116790871086307,-12.981758178827771,-16.8354588653998
-2.278514723835774,-3.1601632345203714,-3.4298109683165783,-4.002281910016577,-4.097325669648241,-4.317346721531221,-4.55453046260984,-3.9863235559407575,-1.1939177999754702,-2.0086200002634773,0.08106600373962257,0.01693277180642865,3.4184157192552784,4.2898597562304115,4.110164733524341,4.653301611983702,7.139437924078711,6.853039655169479,4.9290900406915785,2.568049469122927,-1.5611957090922677,1.805239418664976,-3.1682774050745213,-3.8998359659213406,0.8828148569487736,-2.411211412665115,-1.3047197460276043,-0.4531202992837055,-0.9738799110412354,-2.312143357574252,-4.292862649250424,-11.432092917982093,-17.34878082967131,-14.475334127692896
-2.854013449925878,-3.4725431128699498,-4.27301689919158,-4.805306122559929,-5.251229966149561,-5.48876431299179,-3.6491782433048896,-2.6061778348074416,-3.4712297484737236,3.6010995674293174,1.0517747989416415,1.8835930550693998,1.7899545951950082,4.6495532622050835,4.946884162645483,5.772401456921227,5.024782886546084,5.806786853075713,4.418581387018867,2.700935910484952,0.7166952742971323,2.1517841307074694,-7.748774490172664,-2.4412693410515107,-0.014568000426010802,-4.019963401022022,-1.0040273560887647,-0.7002283351666824,-0.10205090299759637,-4.020112020785704,-8.158768946178823,-15.068670622314066,-14.942666034483889,-13.65734202509276
-3.352276552651729,-4.371751325281637,-4.668012413094618,-5.5677943153982365,-5.978740688207602,-4.788379183128183,-4.873094084861822,0.5574900231076964,3.8854007794832497,-2.3716790928171574,0.3017341272418997,1.245695564876724,0.22339179969486694,2.5765788397071083,3.040277330316023,3.2782608472022865,4.094604850391639,4.708268105317079,4.256223681195846,-2.005457262917095,-1.0057229938411651,-2.1297990555528905,-2.405653061328218,-1.8080665017137572,1.7209083509788854,-2.8863593663623015,-1.2171181777082543,2.0916409640885623,1.8286046948912877,-1.055901022652768,-10.256122158899021,-15.254757162897558,-13.860782650838452,-14.218679036903474
-3.8090945641184337,-4.683172444555315,-4.833334982299313,-5.7098335979651385,-5.243048522700816,-0.4221133387374582,1.0073841723589492,-0.7259177118172698,0.13858830545488066,0.3992969626847138,-1.1478952786118182,-1.5204733605731124,4.918359056364704,-2.20621527629598,1.0999761289054633,1.6883458258795991,3.7431138933577524,6.045664414749477,4.295993256990464,0.9046745693202091,1.6142855613653455,-3.8203439946129887,-0.8548187732987361,-0.06264493703027679,3.2166079086982395,-0.23612790331361216,-0.04004934360155253,0.8914921609686789,1.0816883724370572,-1.0681836119682517,-10.352031919241162,-11.927958039850079,-13.781345560916261,-15.556432187706369
-4.079827921340051,-4.182315098360632,-4.226276860298974,-4.728318216700924,-4.636037047526795,-5.216239412042553,-1.7571282323399424,-0.9607251415814793,1.1791398689156354,-3.26852461541843,-2.6666318040558665,2.254173085613863,1.9239341885563632,3.969121085860051,-3.4896709835249387,4.408028742084155,3.5487779622896913,4.326206781964626,3.6351884210611485,0.5521336867501611,4.494120190734838,-5.493263090356827,-2.077688513511093,-1.2739816393025747,2.5338124538704507,2.0367313735757167,2.528181026776457,2.0055685913578905,1.1472961714062102,-0.6952146858858348,-7.992732311356091,-10.222284078841797,-12.057965038575013,-11.95319233351232
-3.512035486591372,-3.517980814273583,-3.412682615007201,-2.092484027008335,0.23369848651409875,-2.8874680156705526,-2.4400610990289007,0.38833708099623676,-2.1920565087221315,-4.43667469141987,0.3103033787001507,0.8007948596383305,1.860425979570342,-0.2957664310829232,2.400351971788304,-2.0522146199207056,4.580473078131735,3.386550236260688,1.8303657488676235,-3.602747538196949,2.971314425631099,-2.5830045788258826,-0.5071960125059572,-1.866923643906502,1.457752539399203,-0.07600085750419426,0.6352753116750106,2.6180141669567845,2.148371635198471,-0.6509688182881178,-5.457622623150281,-8.191166024152182,-8.207760485744323,-7.823005282498152
-2.8759725820357693,-2.540130889193593,-2.395734286950814,-0.8976057905235127,0.9572605133021429,-0.9448475612777798,-1.6667099951684543,-0.9789996250856097,-0.7916172136903749,-1.388930444605611,0.00811954555962317,-0.9691233046610128,-0.1278417744745263,-0.26285298023752013,1.739666816983518,0.8171044090443085,2.0303401493382816,4.251739566386584,3.2272757501204383,0.7584405417874369,0.3269532866360423,1.3768895140962383,1.8058507275859248,-0.26152323862000426,0.06384124873612752,3.194058479147584,2.750835203412224,5.162986679182236,3.3281633711434155,2.10454309716659,-3.78184927087743,-6.144965149960305,-4.619579337483539,-4.327540548039315
-1.7152901314354698,-1.743559513377424,-1.3844774561927125,0.30438876751613014,1.8195141718416974,2.1904959912763178,1.2971459999072716,-0.971829730006119,0.5648275860392195,1.1557556934586894,0.5880772617999633,-2.216009010745449,0.7309550534883072,1.6234429981402925,0.32966555482243826,5.144250893971721,0.781047406404553,3.1843315270796286,2.5223766704375996,0.30901224086748036,-0.5789660110948353,0.9306620927009488,1.0089650849181384,3.71833117178527,2.3858790267795515,-0.07314767022875733,3.2500808951810325,5.4875416580976255,4.51644577537855,4.511650604086976,-0.13485955178069786,-1.9205171131639818,-0.9603745248973045,0.2775135756666148
-1.0142542895641475,-1.4988090853578502,-0.6017340335392667,0.5528761745930917,2.9871230439175527,1.5235084257765625,1.4532983214885293,-0.6239313152704667,-2.6101307238349114,1.8118546706447904,3.1433228317874926,-1.5461309066046807,-1.4492956074760193,1.4902599608553253,0.5342657374056473,1.2489201546788327,2.748752170925229,2.6483943761612028,2.506088485177108,1.2641228730949807,-0.5709284912020405,0.267984221471181,2.070557263912463,3.4808315282799187,4.889502709081366,1.9657769082582015,3.8866241852532943,6.54997978671843,4.4982197850269365,8.008218554237011,7.902995667817362,1.3149337997619623,3.7161813830321835,7.364627393148288
-0.8414581296577966,-0.7819007758916672,-0.15136461923680164,0.6793262584474381,3.808803749261323,3.3490966303104623,1.690177460721877,2.512077746499142,3.793588997156982,1.55070431894118,-2.0543516895838683,-1.3168840818354637,-1.0200475360105974,-1.2305348473929132,2.2209886766170706,0.15531311265490919,2.851402547958006,3.656447778663732,4.798903631701701,3.3047301901450132,-1.215929964076602,-0.9534783273477985,0.12988898520932096,0.9791101326412288,3.368056721383926,5.591827466154794,5.05674504974916,7.7212071905093715,8.01224457626359,7.670398454610783,9.117943249710784,10.639805628001747,9.373468912985814,10.384737521265636
-0.6068075685779536,-0.7906514446648456,-0.19020378341367128,1.2540899553955571,3.2195951570247723,2.9762335598674867,-0.3900928726095701,3.346198862945657,1.7281923530762828,-0.23361578820507387,-0.544860057635488,-1.2379770705573878,1.1643400819406575,0.7021959721739429,-0.9671656267506287,2.7250157107089246,-1.2865476182096016,3.871592161543157,2.3325176536104264,1.5405295029903532,-2.960240811553545,1.9817162616332542,0.6492267164686967,1.5857448800136558,2.5622888673710964,4.567450511572968,7.487045144053547,5.94677038440235,10.331726175312566,9.123790199884041,9.774680888159535,7.918787040460226,9.802042044804782,6.480953322983193
-0.4464063452496166,-0.40089497015087433,0.2981514005277641,1.1618935878175594,2.924742465250259,3.40490838516568,2.193600070364521,1.38802211761749,2.354513315208769,-0.34554680048359265,-0.8586584288299575,-0.19496845067362437,-1.6332890383279706,-0.4757237627498262,1.3386867890036318,1.1865042802487595,0.4744348371259201,4.454806177749895,5.5076677882487735,3.845641885460708,1.6085592962502668,4.646299209557152,0.8149167708544709,3.4849369383453825,0.654654430840581,4.8876207389586215,7.3685025562941,8.194791394057805,7.853326631731614,9.45938275254599,8.688303225510191,8.206663939559457,8.311419282633379,8.393380561285706
-0.34546986737104873,0.0616174326844346,0.9281041591577356,1.1368428334707972,1.8747403728302101,1.1788569705745509,4.001867714532072,2.1732326582056696,1.5171354900961176,0.11895488582231936,-1.396410122537388,0.29163153929926905,1.611775159024607,0.7389511034678521,3.0082503093755997,0.43939965118941393,3.3748162791633605,3.1611348767454457,5.069174403836344,3.7463016273274063,2.8293923570656814,4.396222144426963,2.417587453272357,3.0192550351952274,6.670032192708344,5.496270817333012,5.152428309466621,7.22586802538749,7.392818571672399,7.398432611538139,7.410463280010408,7.3213996186042145,5.69333784182505,7.384456339994139
-0.11709081424378187,0.3629312348286316,1.4230971631909453,1.7993680525738573,2.7135207243323722,2.564024382447783,3.029884065857457,2.5923482274307585,0.5199673846967482,0.7233462612057545,0.9824530222110068,0.11317925670993632,0.6366734772515482,1.1173553094360407,2.7585580301222135,0.2582561350205149,1.863216877444197,3.8635997423933466,4.639095221730754,5.792688738794256,6.2632201026266525,5.769844811964425,5.057719802446507,4.705731238200141,6.902053016112348,6.165111237856648,8.510108782085624,8.229334554103787,7.58083828807356,7.589066182777358,6.586339918691963,6.45464038814796,6.91262262929349,6.446449712056876
0.05692145395052406,0.42954793831692406,1.9111074871600018,2.1906326967536556,2.618871948220694,5.83737149935167,3.0457430396458722,4.921929350398317,1.3515288551936182,1.5291687480510054,-0.11306543466114789,-0.2797891257043233,1.0525432651638118,1.5574433213437138,-0.03198760484565952,0.0700059862278109,0.4492404608463828,2.4128842662232772,4.139382541871725,5.241677188172187,6.350265053110001,6.755783373669228,8.479556783320922,6.398482526094998,7.37080684385809,8.481341706789634,8.442031152140784,7.009893283024748,6.848506549762546,6.941776955310414,6.436081306879447,5.864342091207879,6.314872256982708,5.341518203085162
0.46112661481757605,0.6658512936691984,2.3171144035222224,2.3964100811698317,2.6454740395652125,3.818779069383983,3.4638171502747803,3.329470403329495,3.1889592001001246,-0.02845841806861706,-0.2772311367093535,2.1372970987547864,0.11265866953302213,1.947768888020616,0.708027081521037,0.05554934748025714,1.3986755685748835,2.1548470365476646,3.794801183620319,4.827347444072927,4.225471783238171,5.783028810039717,5.825107740300789,6.059338268523231,7.4316685288928745,7.300455859382026,6.790596282529651,5.882971547270793,5.533134940637799,5.915840683325211,4.622703152678976,3.7318824467338017,3.5877819640861563,3.1951365535182013
