script/wind150m.json
{"header": {"parameterCategory": 2, "parameterNumber": 2, "lo1": 3.000054539987559, "la1": 64.9999836372058, "dx": 0.5, "dy": 0.25, "nx": 34, "ny": 52, "refTime": "2026-01-03T21:00:00.000Z"}, "data":
[rows 0 to 24 of 52, columns 0 to 33 of 34]
-4.090845459311397,-5.048508152679429,-2.940124602007203,-7.545655547110142,-7.756806117645548,-4.610797276921609,-3.4974449084893813,-1.188788617154221,6.126763447481422,1.0509270095910233,-0.49499642702770186,0.5488131633596758,1.1506952045505252,1.4325453825926615,0.6134035598580478,-0.00730660175340579,0.7882610958239015,1.8367927943908955,-5.3781421637655455,-8.415420848639178,-2.787162783544366,-1.702359652744295,-6.260440060138278,-7.4536389228737026,-3.1866854701887024,0.3435853246039611,-1.703700730730586,-3.377983077086565,-1.8441045669316498,-2.2181113257018756,-4.534797289641647,-4.634987394146925,-6.89613346885481,-3.897107888381809
-1.4500548128575192,0.948386410806756,-2.414136056962781,-4.288772468940096,-5.671035869817753,-0.8457633031456252,-1.625050216884691,0.3517417070105627,0.4625476844043405,-0.2536496409133868,-0.6952462940438496,-0.0649387688053389,0.7672636211882053,0.7015999147759925,1.1097995210647402,-0.29117519660933355,-0.9354652039281284,-3.067934855966983,-12.497350072098406,-7.956593353139383,-3.116123438710723,-4.442983702937936,-5.883853533027606,-6.839589519467762,-3.133976152486112,-3.651843847187923,-0.6281641381904175,-1.820339403331515,-5.768906759995925,-6.091175296768375,-2.7115316408156915,-4.161980451699159,-5.770725652371611,-7.957533806887679
-3.5266105856306504,3.659462936418276,-3.347717924862247,-3.7099009192570147,-4.625403244883751,3.0599160760460644,5.131959723332721,0.5699365080453634,-1.663285962660815,-1.916047797031969,-0.7992426326265266,-0.6943307490676699,-0.7682789238201202,0.02218639885211483,0.8058920614541567,0.7403983125394584,-5.312087457436681,-6.5358231173162205,-6.372671331794168,-5.941818591071789,-11.199478540081174,-6.7609643602596075,-4.418410178331067,-7.901541203247223,-7.008924752983922,-3.6067246902187464,-4.141822799254819,-3.090112838678672,-5.849093951062198,-9.644094495969043,-6.862427946476664,-4.553162693755219,-5.02421155144226,-8.615156965696944
-0.7683963851207973,-0.587777382924268,-5.239944950117269,-3.912790476033797,-1.0139307033444545,3.1132194810609035,1.2286006680007635,-1.9271486413195753,-2.7225287158397826,-2.3373170124093314,-2.1048751088654876,-2.1201081804645425,-2.286312082575552,-1.740969999332769,0.6209497290652475,-6.501861657447955,-2.8881541003052145,-6.53346948304425,-10.21184979979013,-4.146829374575526,-14.326088792319931,-7.39481342131001,-14.114470059440546,-4.299779975276963,-1.4801440038013536,-3.36166811708351,-3.756875978550431,-4.248925038886487,-8.456835718813483,-6.74749560303841,-6.276398854959211,-6.365180889398594,-5.039207818948093,-7.173230095580198
-1.9335269483513233,-2.4335584783827557,-5.37639267582399,-5.953337012558823,0.06108322100879537,1.1911071925841559,-1.463442057972848,-2.5873257935354492,-3.535574307075927,-3.324405174787434,-3.910011989314064,-1.6741049306817584,-3.0857887697137247,-2.3260485700226474,-6.8351102217178115,-8.226092124477587,-5.188696943028542,-3.7690481366268136,-2.239867006402557,-7.98208629336557,-13.99553486173812,-11.772490405082927,-1.501513158495353,-10.321372985909175,-3.444946595833666,-3.9384763587019966,-4.848522136160618,-3.488659535258021,-8.724139606721634,-4.888219915725743,-6.381057588883319,-10.669540110722618,-2.081446243952666,-2.1912072923670376
-1.0114308409039243,-8.791098822446271,-3.312213560085512,-3.030053317104291,0.42385837942959687,-2.048435962644166,-2.8960721812514327,-3.7577855420069746,-3.3460519429964135,-5.05833379679168,-3.3166635577940435,-3.185463757160018,-3.866103950447303,-5.776126719423927,-5.966367501827508,-6.1619511067836665,-1.852739670587167,-5.585640761859629,-11.244718242763453,-7.376388446057327,-2.9859471988006825,-9.864106006493143,-5.063569660965456,-3.4538362428008416,-3.9985026578363025,-1.5228448787568134,-3.4119019157190262,-3.4182405567436294,-4.798645215228006,-8.198330214550138,-7.464600118824496,-4.141429089664409,-1.9029333168711111,-0.7833761661704666
-1.9463173675082397,-4.039234989648425,-2.9405786683038264,-1.2514768095672557,-3.634744489244751,-3.897885441105834,-4.366045525963689,-3.837507292103138,-5.295536295020589,-3.5922215564363786,-3.5220225010435415,-5.423649679170945,-4.822924995176595,-7.054790377659641,-4.6723161903763195,-4.229764816094972,-2.8362731051930403,-6.514860625753417,-12.439706359015503,-6.246809679027427,-4.277196747875694,-4.288772654372976,-6.566017492421448,-6.117492761008555,-5.8295284310259,-2.773422320243307,-0.8143606812431637,0.6710215909067284,-2.4365413721483393,-3.9721695529633245,-2.7242988191163886,-3.6388002803425588,-2.556509945318207,-1.9184851326671162
-1.4090421297001716,-4.608591206237962,-3.9943650512083413,-4.99622736680129,-4.654247237746553,-5.206735189335085,-5.160291015209374,-5.4298282068956585,-4.251845246036239,-3.8982982977292755,-4.316941699169363,-3.8813592887672628,-2.2920213649022845,-5.206944373154107,-1.4053098461927247,-5.197569489679978,-2.0636463960877123,-10.386386613834908,-9.215939153062676,-4.339429198187601,-6.240171879813441,-3.65356343676766,-2.486320887092414,-2.9407675682277064,-1.9743044167418344,-1.7864389732399357,-4.237430275018854,-1.6829814127551301,0.2663123260878964,-2.071919426612426,-2.8434950058646216,-1.6804232851912981,-3.8331376056987203,-9.225952430209809
-2.2831502370930523,-1.6752201862584377,-6.25532095170116,-7.36913363214941,-6.606791747640125,-5.982854154810714,-5.87191349449891,-5.030461601873968,-3.761170968891673,-2.9073420107827945,-1.6854004210798328,-7.500631367192633,-5.953755522470693,-7.034555761790942,-6.235459947874266,-4.049924244544768,-6.772357954986497,-5.99586584405405,-0.8012036506421312,-15.440487168877647,-7.409712460409537,-3.877596289654702,-0.7453188670264083,-0.48115589707998907,-2.4404059935113285,-2.4479511460967935,-1.403029821472306,-0.3877603763511473,0.3184100195838167,-0.4848698473855829,-4.7887055526072775,-5.247838796597099,-11.075852069710487,-13.306004653201086
-6.33954834707756,-4.308731396062405,-6.335624959821895,-7.365856228969688,-7.333927616288795,-5.564597848728479,-5.035806358887058,-2.918167292930122,-3.3400775817108763,-3.354254780883331,-4.476264355245123,0.07324445684399901,-7.447856670824916,-1.2225168119260768,-0.4926622081320734,-5.244568773277068,-2.0921515558761294,-7.692405072738998,-9.170784324719476,-11.263681479418063,-5.607231562741577,-2.695029747430137,-4.224788869036987,-1.03127968202913,-1.0422718431309022,-3.648062819563529,-1.8719224935708323,-5.249938757465868,-4.763527602198291,-3.932775969657543,-2.119397190770249,-12.86355675106451,-13.396604989818172,-12.61710895274385
-5.052120515601054,-6.286250129880255,-5.512662809318151,-8.46516119223074,-6.802199128827492,-5.651210243143717,-2.6416156188208166,-3.1010481322972385,-4.718621025952132,2.123191582652709,-6.586293817248648,1.6605571158724879,0.4862150033997393,-1.9184568476477377,-5.132925128414535,-7.759964622902695,-2.3070316828549173,-1.6670087181840585,-17.174746645848487,-2.5665166891718627,-3.1884170519685155,-4.151235980983419,-6.0780754112624376,-1.064316461187239,-2.2542924342036303,-1.1969677717941174,-1.0440012455705936,-4.402070769030781,-0.9359454963630907,-4.041356960506416,-5.11763260274426,-12.821852562215764,-12.117959759465904,-11.65136017155835
-5.638786671845803,-5.749479543821049,-5.38744475270852,-7.901412466047769,-6.219555776863226,-3.757407774232262,-1.5526841942071503,-2.606824089298083,-1.5958743851156527,-11.192383049946885,-2.1377469604070996,-3.370093446910469,-6.685139560609872,-2.5424227504821575,-4.059415278176074,-2.22596301065275,-5.114940829184578,-11.642541218631903,-6.499687557360019,-4.026688802227288,-4.342542046903953,-7.2299908161218385,-0.8590223219498416,-1.8396415948794334,-0.5178610215800988,-1.3720404755023807,-1.115655279830003,-1.5606694304522786,-1.1456119949504515,-2.573257836061021,-12.112430519034849,-11.903676067633793,-11.654439960825702,-10.95647682373274
0.18248807981041756,-4.0663895671893675,-5.428550898208046,-5.387416257325491,-5.348167567735368,-1.8821399370851446,-0.24010708615018714,-6.479123986555369,-11.740911122081163,-4.8544982694837735,-8.806830882617614,-8.624323086564825,-5.028947857487513,-7.7225168923090575,0.26508603802177094,-0.4461770242871816,-4.231030999104962,-4.633252574316494,-4.639767092676472,-6.291245058674712,-2.979237127999764,-2.3663963340803758,-1.900011770813741,-1.842583264878155,-0.44361288706989166,-0.9194401865169205,-1.4236623765570044,-3.0186996825270356,-1.7472471250279589,-12.029879336832455,-11.63086268605877,-11.391042277742654,-10.892957140171308,-10.432232266370825
-0.33175633786228564,-3.624730414343294,-4.791741979110225,-4.322479216853469,-4.317769514545229,-4.753816558011821,-3.470025409314801,-1.1099784554775978,0.6817873816371697,-7.101156637135397,-8.239955478217873,-5.71403691844274,0.7040686625415459,2.6714667976498503,-7.838083438641383,1.0131356152079753,-4.216509082568959,-7.645366844486263,-5.80884689308202,-0.9103564536714057,-1.122858226043836,-4.471878688444156,-2.1462317186391187,-2.091049656399655,-0.735289919045301,-1.309736128100877,-0.17924020836652504,-1.3178656957662778,-0.3676224623582765,-11.107361776494047,-10.220750940189278,-10.820481001753233,-11.056704025702018,-10.695842824036411
2.2197847973753593,-4.017503003904883,-3.5782689257443825,-2.979919867229225,-2.9560046682896712,-2.7568608121157063,-0.6698282398959535,-0.0570963112540238,-0.8365282708561975,-3.9481113276653597,-5.068913919678071,-8.070040953593786,-4.62444508636531,-3.5009284474747995,-2.0774657956820257,-6.648712545686466,1.48880500375249,-4.238170138863247,-2.201214840669747,-1.6430664197278855,-1.0085288281075868,-2.1017201269412826,-3.6945009348831936,-2.9953793243691926,-1.3025690020204739,-2.7206182384284423,-1.9106370041663672,-1.2629561735043011,-0.08915633460212079,-9.08999665635296,-10.00100486850878,-10.260854905241821,-10.362058019276569,-10.539319444387479
0.5596797069518942,-2.863932317525181,-3.0411583234272435,-3.341648700706397,-1.7477358305796735,-1.797254548561905,-3.264316651133748,0.9769535985445444,-1.691549434689469,-5.61070349428144,-4.16447992810634,-7.411601982019006,-5.9306670014558955,-4.152891334142898,2.526378472141802,-8.507466232942122,-2.6674145049715774,-0.06323042329837583,-1.3799855624143595,-2.035494534419834,-2.9852858102825,-1.3457852539588722,-1.616709515514703,-2.7743874544082257,-3.2307368897308457,-2.688882534458148,-3.1588042548208857,-0.6785385699782501,1.5509788711453145,-9.7460764533891,-9.783795940052796,-10.417349858064252,-10.699318984622037,-10.582717113081356
-0.5020526809987591,-1.7046496482887254,-2.801550760689637,-3.350609808219068,-1.1553188745633969,-2.6052507972975927,-5.65391397065847,-1.9158326411132638,2.2136682859993093,-3.5916772603149503,-5.481651810657354,-5.8640303809263985,-0.9297798159013592,0.2235515747071569,0.11076664386695986,4.146569547301795,-4.0103915412925,-0.4192399839566799,-2.8807320067866238,-3.3582351415123712,-2.1242512348972418,-1.9425431626292882,-2.955612960247637,-2.2670823216897125,-3.5855956025927083,-3.4414927503334485,-3.975585207519663,-2.33509531017308,0.4899029807010357,-9.322880197719195,-10.073914479848849,-10.485966089862377,-10.646807319075375,-10.540090325427405
-0.3957019574110441,-2.5301472535886256,-3.305035897763659,-2.9339051203759965,-2.4929702669658376,-2.379612330601277,-4.9336920635165145,-0.7472932532806354,-8.260805855727149,-8.874290390119707,-2.741562023528861,-4.4528068050785725,-2.648470660281116,0.04238646664746951,-0.4941592590894718,-0.6600309917059447,0.062420902831455426,-2.1724776265564656,-2.450163503105104,-3.700910702452352,-3.680467303969939,-2.080273320157487,-2.809092516313649,-4.000166743836071,-1.693597713036728,-2.857702421831477,-3.5591343741174413,-2.081032132581055,0.8458029219612174,-9.291227229334245,-9.94905703762959,-10.065755642313531,-9.818138168007836,-9.528004248244113
-0.8298828206018805,-3.021888823995238,-3.1699732343030993,-2.6830775294484863,-1.0426086830422214,-4.459475495175897,-5.300013747184169,-2.138753234273377,-2.0166261463029374,-3.297888377549187,-5.929347818183521,-2.0614774225083607,0.39141539844208645,-4.568141350733922,4.782870494475512,-3.3086492628561204,-0.5722883077801855,-0.785902539942226,-0.685116821434416,-2.729946764352565,-3.246647560444537,-5.780061100284088,-4.261557024637527,-3.3250384312437182,-3.2079842366515985,-1.6695605844023471,-3.3538658422181413,-2.7170760802435776,-6.901914055593531,-7.489661569847565,-9.618881316071123,-9.797268526136374,-9.91282233929738,-10.355031333146295
-0.35388194078434243,-2.888388930602648,-3.700683022529913,-2.671959707512767,-2.446139053040427,-3.4957834219005304,-1.4510099373542895,-4.219166788701004,-5.942879497593691,-6.607369673947315,-4.929387892163344,-0.8073529287193367,1.8178098501262874,-4.176688294263184,-2.2844435511834256,-1.0546658111595621,-1.771342327601307,-1.967297565692163,-1.3960645423868796,-2.0260438561759844,-2.193311605577819,-3.97987238112055,-6.315645308943171,-3.153654054694264,-1.556713802896463,-2.1945883048904142,-0.8519405862396954,-2.8319447603546504,-5.822276442428233,-5.9345906301359115,-6.648754004424152,-8.07107443522674,-9.991088559778504,-7.163506493023039
0.5814095792518044,-3.244453563004317,-3.620386332422693,-2.3347305448651,-1.5804905802714062,-1.4084224875631361,0.039872888625797416,2.6477796328162557,-10.372289182646197,-3.1403832773376834,-4.7168535711976745,-3.8943806562794583,-2.149604336250466,-0.44160824478749855,-2.206257549434145,-2.502581830649919,-3.0272038468016724,-1.5209792481468427,-1.4286798797534763,-2.739906754384143,-2.1775786710198837,-2.571073006613589,-4.206960760773001,-3.8993084656751202,-4.516347761609338,-1.780800684000032,-2.0677290296629947,-1.0412769950742644,-5.320454527556992,-5.826752967649276,-6.270102600366839,-5.4808654132377335,-8.81674834520615,-9.505039321763915
-0.7792414468650062,-2.795284620496387,-2.84715936128035,-1.874594372662125,-2.27552514084312,-1.6945341058654402,-0.5668586952041555,-8.483371400937461,-9.848150073898509,0.9591728056370054,0.6252225503456299,-2.0621047355606055,0.9353149644755974,-0.15407386697512698,-1.1818858051335477,-0.21550967540606236,-3.2346626095279403,-2.1547109983742723,-1.8133525771857608,-1.6793666999807608,-3.8450917767033865,-2.575391429583304,-4.268547132620075,-3.6462411495049505,-3.2345680239757586,-3.658872794363868,-2.162460521232814,-1.4150055434725826,-6.222074322730404,-7.256083611664145,-6.653931255442613,-6.507101400965872,-8.474916713330536,-11.554745061931476
-3.2335925157377825,-2.430663651066353,-2.3249121702972335,-1.7978807316376288,-3.443663843326422,-0.7032054790892496,-3.1037826698358977,-4.066701164378917,-6.736409380928108,-9.66135985672373,1.326811662796399,-3.322720920973812,1.5185544297599245,-2.3929253938770154,0.6077583557709291,-2.337294834599429,-3.066176044339442,-2.7695719218225654,-2.6160623732064723,-1.5971428325608155,-1.4207734787502697,-1.5474520035888581,-5.017406962389527,-6.091675643383968,-2.3220904614674573,-3.7110133060880415,-3.203545299619059,-5.483728597803054,-5.566642856536898,-7.374570297099325,-6.973301189003788,-8.923756672148636,-13.417053451676733,-13.428365002592336
-1.4439341744650294,-2.195580066067958,-2.4044118634967653,-2.061094606037838,-2.7690474901245232,-0.39512609644146957,-1.7322391247111355,-2.2633878742870746,-6.668632506964051,1.7469126108503645,0.9841789941461582,1.9017427710004124,0.33832346715227646,-0.8213062855968891,-2.448550712827466,-3.4270939834469902,-2.4834195390146783,-3.2317671366245353,-1.7096320116500026,-1.9242413857824643,-0.8315003375498855,-1.5146862133985906,-2.520911400228428,-3.7614735498193093,-3.889103455123225,-2.6022920202524795,-4.282624213488738,-4.922148081528113,-4.869374208142316,-4.438993054892681,-10.139805238461205,-11.117810897818162,-16.42860358569935,-15.598714328061059
-0.7046658938156467,-1.679273678188723,-2.3635240811638547,-2.333029708245385,-2.743209123057802,-0.4094148941855638,-1.1587642411322987,-0.09957532672887155,-7.524933761644251,0.8833339358924942,0.463469062451488,0.9821807332041108,-0.47421485442604655,-0.0937544710865175,-1.6775735009857107,-3.704807977153977,-2.653438246375168,-3.035719998031882,-1.9234263142810084,-1.0208552139762104,-1.355361635438864,-2.5096530595248407,-2.416891805990516,-3.224677524256217,-2.9870331881946384,-3.42635405717868,-1.982411575023459,-4.948201328776405,-3.861030591973532,-2.268905601879181,-5.283625081773691,-9.275516015603609,-10.993961865219717,-9.78409717930342
