script/wind10m.json
{"header": {"parameterCategory": 2, "parameterNumber": 3, "lo1": 6.000027932988019, "la1": 58.9999434238085, "dx": 0.5, "dy": 0.25, "nx": 22, "ny": 24, "refTime": "2024-09-03T12:00:00.000Z"}, "data":
[rows 0 to 23 of 24, columns 0 to 21 of 22]
1.630830070737416,9.312018645053756,4.090618442319206,0.6369671204360856,1.765556920863378,0.31531039296059943,0.9510672196017065,2.6827574948070256,3.3730480177719935,3.8451313125560938,1.0221011327788185,1.6082077539167827,1.4825705416024986,1.8029626077537246,4.830091874911584,5.510445264342875,2.840812217629695,2.6860329240781304,2.8414897818367266,2.6392881886063586,2.588543939713132,3.34916933976238
4.089265069872223,2.269117554277485,1.8911425805861104,0.6594160377964863,0.3428337853578813,0.32227624411025185,1.6477062615290217,5.301205465505358,8.869161281597128,7.353369630865171,2.576217063743712,1.6719024771327868,1.8682178412091957,2.2083753679399027,5.325076951972222,5.6306670761263335,2.7725821271144238,2.7260176470193596,2.3817853928013646,2.661770401767752,2.039206235864482,2.2920967119459115
2.0099644006365867,1.0542192728824138,0.4718109092152977,0.6195918255649182,0.29215162860007887,0.7117020913853302,1.5977526960649793,6.216616919607407,8.28418824693435,7.0561578350267276,2.108317761525771,1.8533434145924539,1.6358781382114478,4.610918105150593,3.987240073563494,3.1403629445983547,2.789970747009026,3.587122735194528,3.3557094791872997,2.4409844278454518,2.4549718381641323,3.1438199616235765
1.8856228639002952,1.0950007967475643,1.0059204247109956,0.9510237352593917,1.2594473063357576,4.429085272335613,2.3481298187125743,4.776668818863677,8.56041006086441,9.31424651701747,5.573204542363109,3.0880178930439115,2.379239861535983,2.305953825688438,4.7444573593115535,3.0978373946571067,2.861118256439043,4.079579632741996,2.8657016256961687,2.6709793250036027,2.1328369275349752,2.5420933126164806
0.6370743620787019,2.1135902026563813,4.09368213516932,1.5019453538251941,4.604284925789397,4.479969074577824,5.077199859925829,5.398345474842998,8.068283162623908,8.620910576470878,7.033074513607873,5.908085617091568,2.862151829730704,2.9745914756862697,3.219341132995436,3.197696910313094,2.0494315048570697,2.974220258557592,2.3723913052674104,2.2107359501426678,2.2188055182192494,3.1191700020213533
-0.049500502467951166,2.325660683252362,6.340529715003187,6.2724356044062635,5.181914102191758,4.479435362867271,5.2962746478857445,5.750889453426543,5.992683450326942,6.269992604046199,9.309396524971868,5.747388738925609,3.9660054764580943,3.479527489375568,3.486331362808248,3.391065200720426,3.175028202367454,2.7317581885337385,2.4642166291679932,2.237054110981855,2.5072835176102464,2.295097087839468
-0.582298574551793,2.8340259156152454,5.285582804387208,5.6836892834206045,4.2514321308466005,4.759848342397103,5.447740974455796,4.426939101666159,4.129410411222415,7.202449135287754,8.686170726561107,7.8914182178506,3.0158738243759826,2.74161307144409,2.774045874961445,2.831292436829663,2.7502742157477327,2.78757289454842,2.597944193038523,2.4075558243039836,2.1198860950683494,2.0560985043661257
-0.4805031564850389,1.7148852886093546,4.655614102788033,4.693105755275065,4.664461140106856,4.458185343527491,4.560617948984711,2.460190680334982,2.747713561816528,5.379490050125266,4.413564755349449,7.939239794293726,5.6002812503921415,2.8557081687416788,2.507382365586909,2.6421639075140826,2.2495001936845718,2.2901380871831734,2.3789525371488396,2.1904749255355913,1.8736658520286287,0.7872723723972817
-1.6851761477444684,2.5855294946280747,4.8970884578445775,5.335692001658685,4.876114300746877,1.6077961177616162,1.2671592869185018,1.7335087255782176,1.8027541384440435,6.5545664873209,5.5853870841302005,6.027126060476331,6.473732817930282,2.7816004833341794,2.306768443555437,2.065337867981346,2.282276358994122,2.090032987973884,2.100360681035225,2.022265819651164,2.0911479800109753,2.5085234197230464
0.8286564213384294,3.3708310060551536,5.309634437316786,4.9548709052895905,3.7528627113270625,3.1270252678690746,2.121492032176748,1.2542292189484743,1.6605403368303544,5.188080522215331,5.443121090874877,5.063063020958709,4.188094220773566,5.65647696203435,2.5216151852834625,2.4298376989062214,2.306127274131673,2.3115419214840203,1.9197251585942634,1.9427010388442505,2.2329115815721625,3.2879255874103195
1.4707084491655043,4.064834548036639,5.008978082481654,4.109981421382314,3.677718512011362,2.086156261158402,1.9904249169718349,1.681771741112404,4.213828851014234,4.306022207315232,4.402456641224032,3.843062286545493,3.715744309534393,3.5428934488801285,3.8312849004029044,2.012055983795955,2.387799921215857,2.2880933965463375,2.3069021875509192,1.716953039190252,1.7949431846455304,2.323090239442717
1.8603690022322736,3.839555089083838,4.167194314662356,3.8247941810932016,3.9884183533881834,1.1370369491065526,2.060328383500667,2.643794419065087,3.147933019339465,3.2073705362933858,4.680224539922083,3.1537518009599093,4.276806785066216,5.1342206897271785,2.1909583162933552,1.9164816165354774,2.26432686884229,2.757542540691689,1.8860078128075037,1.8362678566048427,1.5740747057810884,1.076146502425853
2.00539208506828,3.989785063576475,3.8674240498670187,3.889848868539833,4.302391380924237,1.554515010879122,2.2215315910182603,2.134086534612473,4.424278014632843,0.9903497610687638,2.376437831892218,5.424778342770569,3.9217664069898506,4.0533688669790475,4.12884817993825,1.7733180986745138,1.7478902909218286,2.076252447999842,2.4303268667281053,1.8377467098514069,1.6047966651613104,1.2628296595318886
2.1551497498973933,3.3030977559815904,4.136771243652062,3.7701778870137472,3.654037650991313,2.2063398618286065,3.1060829987139167,1.8356572668381592,2.3579836876611373,4.8902487838629325,6.183068845802795,4.0447799810660685,4.711159615639536,3.216794914069608,4.971186648209152,3.7436519454901984,0.8556182224731846,2.4881896483444232,2.237315281521183,1.4059842825355722,1.1977573575934035,0.7624605535357798
3.8409170672946598,3.206222246869188,3.6042865168697236,3.5213065956652585,2.1861627749442842,1.4994440065320451,2.7413369593253236,3.842498131493292,4.231773840236432,5.122632567636128,5.4161834680888665,4.179517326163634,1.6794097876357894,4.277967907828027,3.817351343970925,3.870676797174425,1.5254641072155986,2.7440551449616275,1.8261206272857635,1.8349436186209889,1.5461685045656015,0.9312264489694873
4.1522211001555265,3.433890474073407,3.8810739497025093,2.199638244028247,2.5559826288300385,1.9213956861578578,1.2209939456590841,2.936294028161023,5.03080585242233,3.2411919916789973,5.036681745157798,2.904484252824045,3.5036497908474042,2.492057631679062,1.4849570844922149,0.12245155274682598,-0.9679334222353738,-1.4065596310558,1.3136667998297795,0.9816536537362981,0.6743415215399996,0.7428401354099148
2.9644952693267936,2.847368896651993,2.926087903482537,2.671869034319919,2.03328181697194,0.3283194432540905,0.6758367952198706,2.938615754055001,5.067461196157267,3.984820672418383,-0.5368419759628139,0.6713767558363424,2.2128771233455953,2.664708306812229,2.2027893428745373,2.1957730700323723,2.2507264445043895,1.8772272781056467,-0.023416757411482816,0.3424053339444623,-0.4235968825935162,-0.5023564854898873
3.4713543621925615,2.4915018082090996,2.3175819053491225,2.039496542794043,2.619304909827025,-1.3520133664477008,-0.4385342796360124,2.4655989330002996,2.376138507539741,3.5057316838373063,3.9892591413113023,2.2060183328937852,-0.1989948085710671,0.5966670321764634,0.6145436949515034,2.2130075801202027,1.8701665332427528,0.5431178628254093,-0.4462098583391935,-1.0349969273968926,-1.7343091015257783,-2.519882725970303
3.020128641990879,2.342361007679463,2.340307311992431,1.2308082692508682,1.8216831243606773,-0.13592898210270707,-1.2706672409365105,2.0796491221228592,-0.33555886257479905,1.5616591936027042,2.2111811136646327,-0.08148597040239347,-0.6414533734490988,-1.0890854179997165,3.190752369182596,1.8167296548883454,0.5534902425957909,-0.0017237609480684536,-0.9682624160123978,-1.9893898467557416,-2.940300889310308,2.043600337851258
2.372400005087411,2.335342204859977,2.1701924182163252,0.8084515542602082,0.9178694687166642,-0.09675839335245112,-0.3159894237468699,2.5624178617710487,2.9934867484017498,2.6233766060968904,0.47748423381232175,-2.1910494660167568,-1.6188174230117358,3.771041002164381,0.7643382370188974,0.5588586122876812,-0.5926654769941784,-1.8758231174704956,-1.7593288627059391,-2.37250885255085,3.2484074141478176,2.317923657163176
1.9004530500942562,3.029686478560003,2.0075963528996192,0.5279597182150474,-0.42667710781754653,-0.43358080676913263,2.5559430444965723,2.459842883182187,1.9424252845392989,2.955218223190948,0.393561073377156,3.1261833528632543,2.5041758936307965,2.855036184722207,2.5631987886935956,2.6229388767043416,-0.968967032566736,4.095921821220651,2.6967063950600463,3.2555262792306907,3.118120292957928,2.4442985285750285
1.0873147693664766,0.4351667225771387,1.8320204127632504,-2.0154460758842454,-2.1188439515171633,-1.386866084535511,1.5559512150709385,2.4749050761357156,1.5754793135484302,2.4198646544868057,2.422823422527408,1.7015926463470312,2.794796376734902,2.93926398757445,3.389455133427411,1.352857299748269,1.445636017117162,4.60444346887871,2.9727290311707466,2.605626982414618,2.8115551606597453,2.446162112392633
-1.3007912039344551,-0.4262099385728383,0.09212386142772544,1.5622017284229757,1.859018799038044,0.22476540012773194,1.1490388047384226,1.6654124401300132,2.814123472806017,2.4548984686451836,1.995965768530318,1.3243548581618911,2.8720255605807434,1.5222415308902815,3.2514406856350386,3.871480194181139,2.3576816990661547,2.1790228398728546,3.619279536467605,2.292294587764815,2.167458789216327,1.9666208896289776
3.266627289827507,2.3225728380916193,2.047805274530443,1.7034747807426855,0.7505805167226844,-0.32625010870311766,0.8345912955217111,2.3446304213856015,1.4722660447763625,2.133098336464478,1.4839071673248052,2.1961096699273,3.1069045631995036,1.87690329009962,2.6548486064893106,3.0904589108083904,3.9340566021419456,2.7788426193772993,4.3707936981602025,2.816353690026788,2.000275800741224,3.51905573603868
