script/wind50m.json
{"header": {"parameterCategory": 2, "parameterNumber": 3, "lo1": 3.000054539987559, "la1": 64.9999836372058, "dx": 0.5, "dy": 0.25, "nx": 34, "ny": 52, "refTime": "2026-01-25T16:00:00.000Z"}, "data":
[rows 24 to 47 of 52, columns 0 to 33 of 34]
2.4055514013857198,1.3357110013924434,0.5939006778630184,0.15045714083453163,-0.12474231039416293,-1.4674381125705511,0.34380554260600293,5.335528272379708,0.36428195715752903,-1.4432525570210777,-2.442561545571456,-2.269403930394765,-3.3414415323564315,-3.7354571637754765,-5.357448398268177,-3.2587225370198603,-2.080114112355981,-1.1524914550050342,-1.1640247717253462,-1.8940537652083298,-1.591120894663427,0.03483032526701742,-0.7512647163999749,-1.2117590145053356,-1.034596720032759,-1.037678773088448,-1.1281573996784142,-1.3999226187677003,-2.0611359825852857,-2.644331069037225,-2.8545832154208868,2.2680626157632577,3.8598924712381844,4.9472718889910965
1.4975152497356017,1.6603641944249068,1.3807003929779624,1.2640209658185897,0.31515721923110923,-1.6876642197629648,0.9715985287305703,-2.693567368151661,-1.5987202846224513,-2.711382431339996,-2.6724212166766033,-3.34610831547438,-4.3242054925269695,-7.597747439054884,-3.510996449707242,-2.1009266975475698,-1.7256308033589,-1.1934996938459341,-1.2286839450878424,-0.7206295570543896,0.2635633403476381,0.03347860137455211,-0.3604702741378718,-0.10001526064802874,-0.06809263169774808,0.012509730115359266,-0.835830554669986,-1.00757049042475,-2.6500363404679366,-3.7995919597994336,2.3256888902495576,3.218769420184252,3.7758528863309184,4.779280358761878
1.3909208685176522,1.1968767052243767,1.4378081800993447,1.3670447630183473,0.6617778982517312,0.33319622451655745,-1.9424710253251354,-0.8077992379610426,-1.977708447552273,-3.987229898650995,-3.7478441606542856,-4.620063536285807,-8.302942203697397,-4.78997934882746,-3.194864227196873,-2.3852185967115695,-2.48427344953078,-1.7899060819231778,-1.8367011709138132,-2.7279391467931755,-1.6603620402659183,-0.8548132766976608,0.0980839008764475,0.39083031822154707,0.7761974767986844,-0.8783928261485826,0.07672380545198258,-1.1419660239778815,-0.2737893144591963,1.9611461395114733,2.3199460409919395,2.9269048001324687,3.3772126523022985,4.463863298875601
1.8552603910093293,1.474847353349831,1.4292371394289574,1.7010666959231107,1.2357964403412054,-0.07058075991751113,-1.6254249726093681,-5.758720253257726,-2.443140619514879,-4.051106791371259,-4.862968862274894,-9.478177085871598,-6.038106922251823,-3.580359979156433,-2.422669973340773,-2.098398039778067,-2.1823157657193435,-1.7827831440350785,-1.8420577790336683,-2.256188344860853,-1.5038119072230072,-0.592022388000157,-0.802703155436759,0.8845062214873072,0.09789215779455926,-0.06602071448072523,-0.8201031643136881,-0.23125737930547013,-0.3517128585497321,1.7797288035028158,2.1244612950048745,2.275929590338388,2.326993118139634,3.4883432171138784
2.2086519877510744,1.8871195031951602,1.8729699063099599,1.726074290699479,0.6037158988773244,-0.6342599927000205,-2.0047989743751686,-3.6531449091805173,-4.6025912339005215,-6.036657838599211,-9.725664298684718,-4.971764382942874,-2.3816642563302657,-1.3868622380439488,-1.978445560537327,-1.7525352511018093,-2.2575696028004826,-2.3504178617298632,-2.000611201197735,-2.1126461126313942,-1.688504936233743,-1.5688953845197668,-0.6546015012804736,-0.19351593607762327,-0.19145049532274258,-0.14727695636273563,0.12081069072349268,-0.9957638861213542,-0.2915756766336187,1.3675161312868997,1.6929949358022462,1.9803076939870912,1.3950548060605625,3.0171299290942337
1.4079880384114063,1.1017293979581526,0.847764719454106,0.5779558063992942,-0.22337275158724773,-0.8473245440458054,-2.6944352918097465,-4.8631984765361835,-7.110208848579816,-8.632581676262117,-2.439081517143539,-2.2979315060955288,-3.702239782762577,-2.3721331534118,-1.979310234241277,-2.1776994240857017,-2.1472564185954313,-1.7614582906810272,-1.5056145119317654,-1.0294748579537416,-0.9864456908871336,-0.9111613329027323,-1.182937322544423,-0.8814020635475608,-0.9672394410371893,-0.807367884031616,-1.61917963714733,-2.513862016342966,0.7589554463428717,0.8244098952652894,1.8485350047799094,-0.5979762230941208,2.943416432894114,4.331067151775478
0.9910339740852121,0.2882809901306526,-0.39174370813245274,-0.7295541457282383,-1.6153601015351153,-2.4266843836142287,-3.4375519949338615,-1.0342084660989779,-0.9608749783537187,-2.1470385951597217,-1.8271071956067868,-1.3116365344738499,-0.7413956770976625,-1.3528436261039496,-1.7804088736333732,-1.3945970963482393,-0.6961832181886531,-1.5184916066211143,-1.5216606356167293,-1.291553163735656,-1.0604623720511557,-0.8489166275865119,-1.0721980926353536,-0.8305947850168177,-0.6900478450160699,-1.3303612433574974,-1.3279793029771025,-0.40418215425372395,0.8567480539709215,1.2996423171925546,0.9098451897569027,-1.165594848324083,3.5862063143033307,4.470961365826979
0.8909431823744818,0.6977728058199015,0.2918189807387725,0.0898014654514482,0.024701588757916733,0.02548093265445683,-0.2020894136117179,-0.49731375946054407,-0.5525862433354887,-0.33840589856675224,-1.0297258762410653,-1.091042172223264,-1.7220247586085846,-2.1217055787192303,-1.872297592373014,-0.946177149057392,-0.9057383700434566,-1.8533252299695973,-2.6019421315155844,-1.275105306582483,-1.5396104359136897,-1.483741906886003,-1.2757234164134106,-1.068748812594809,-0.4078665626760067,-0.7793853954223954,-0.8310955200039521,1.141943919005628,0.015483598989287046,-0.3969365256678245,-1.8910710222361236,0.36428028784537597,4.028032135035234,4.580738260039553
1.024176819842138,1.331502524478624,1.373291238331208,1.1488320791244442,0.8445024984904831,0.5333728765794745,-0.14787334305818606,-0.3211729281956139,-0.7856343321604565,-1.2108336409182263,-2.001553473846406,-1.6947373847586507,-2.6532099223723553,-2.0080415794821427,-1.4321008402352269,-1.3299948953266385,-1.574827116076266,-1.7219545413428365,-1.9592682370281316,-1.7887903048741196,-1.2545015057403979,-1.211174471628967,-0.7853019907777004,-1.0666666660271096,-0.9965599903793124,-1.1486536631842321,-0.585491608028452,-0.404908069142873,-1.982328110202213,-1.022247973677516,0.47082454919917954,3.9138234680453134,4.366799432854189,4.7690923165900685
0.7457519820288743,0.844338985622091,0.5247345631405756,0.33015678439767515,0.5264388619393053,0.5397449323070543,0.1345261352565421,-0.06698781806624761,-0.17247769491001422,-1.21576895413157,-2.183485517239013,-2.1013592990582386,-1.659678927869396,-1.038857696996505,-0.09406198832499778,0.05973712319089586,-0.16871524329829238,-0.8048746347082868,-1.7586109200445872,-1.994734872308357,-1.0949741167138611,-0.7599595231459513,-0.2754491827420628,-0.3831512740645807,-0.608248850252856,-1.517778043355065,-1.9230258886380676,-1.5700883649155994,1.409844520791378,1.8026218091228237,3.469177457646901,4.012508430698721,4.5942475182588725,5.120915923861789
1.352216073100123,0.29309900128659205,0.10365322790550784,-0.057153400051839214,0.20757432288394423,0.03469547573872987,0.01568122343980122,0.15613990067896402,0.0891844604947688,-0.4035352992507721,-1.1967421767397302,-1.3248389623545764,-0.8438559776615849,-0.3477279458550235,-0.42571524730628374,1.0306067909811305,0.8670809604902433,-0.4342755652299649,-0.36983089963614907,-0.9736195380228769,-0.6271612257493963,0.1585574823328792,-0.1723625730653719,-0.1207448798318348,-0.7637378463181831,-1.9228152111301202,-1.9716670825625457,-1.0874382622450278,-0.16326828287786066,2.3873848826007897,3.2054508870983236,3.6878518763747463,4.456096004806529,5.091697697914021
0.5983352666305467,0.32509809102557163,0.044072355414332,-0.42905768349151324,0.21275139108004507,0.3563380096837041,0.14279390410197085,0.2450788781269625,-0.4081905646788363,-0.37875413586123075,-1.2274711130910927,-0.7161900113005958,0.17177988842585787,0.8484516628133069,2.0429825299084996,2.090835184156655,2.041514158661624,0.359871230535194,0.3011090612813754,-0.2248425415994531,-0.30968676810724116,-0.2281645301082831,-0.42401705824052804,-0.14175551902830613,-0.8716144342193817,-0.9803207260723035,-1.4138553958293416,-0.8174057687844166,1.277629388876591,1.524042626002207,2.6632156937911295,3.844659327716869,4.409898553157491,5.311584748316011
0.4481666294661664,0.5474540137478737,0.1600241421150104,0.3804382047437818,0.6152565774495601,0.5428298206894802,0.4759468863328502,0.43094614029647915,0.2625296420897705,-0.38800552001840094,-1.0312537576230063,-0.8440442869542343,0.08259890943911402,0.39956477081104463,0.5377658335103953,1.967508958492033,1.17906799969398,0.9134566507956798,0.9196238370933184,0.02419921007273341,0.7065535367654716,-0.2420063277744285,-1.1287588031457245,-2.1198910330533702,-2.0182116393759966,-1.4598520879826542,-0.9026986278562771,0.2797734436044934,1.0797518451060177,1.8911731861336623,2.443301151653412,4.152684546023381,4.614650474005153,5.3154895969304645
0.6327973298930192,0.49475090454920995,0.14942554812978565,0.25819450419455475,0.4623170420268117,1.101230738243801,1.0660678360687519,0.23485713172788827,0.4629247057847832,0.6411047895094569,-0.35288178422907124,-0.5169396999532545,0.5096746805031641,0.7533897113993333,-0.12145323791498121,0.44634554467240545,0.827998142497804,0.1530175857767112,0.8928378578530755,0.7072938069812224,0.18097893024887807,0.02623216721040933,-0.21345590937406803,-1.103490101512748,-1.0630964177151099,-1.0841646151155784,-0.4449716813374897,0.43563127837617094,0.7684135884359824,1.8971215799387968,3.025862705533571,4.037888563901673,5.35305084935322,5.529536250305599
0.7524661087725542,0.4060213311230539,0.18670989910386723,0.41145950176836893,0.8409692602798261,0.3663169570517645,0.38395780259404805,0.3344718601491833,0.4789903016074251,-0.4629078729082703,-0.6417360092327905,-0.40850218522192105,-0.0682493824653029,-0.3219727944580492,0.4494667267547506,0.5821210648872112,0.6443547412036067,0.6030939229790384,0.596931380676185,0.7780251629076459,0.6579121939162605,0.06554494059293589,-0.5486576639935269,-0.7143061838578434,-0.9648830636027789,-0.6505447720184561,-0.25723717687534314,0.24112241381370572,0.8986752613612221,1.8365846346112598,3.068681442653173,3.6084967169749276,4.853691060448952,6.189217372005744
0.7124934291729598,0.9181028545415415,0.4804343413705925,0.2647405122827461,-0.02532166071703982,0.4541548519447339,0.7158698369993599,0.7807077444861564,1.122700862380986,0.5009560788738495,-0.18666681958783343,-0.2922242771780072,0.32355455244216336,0.08815035616681202,0.8547178263898578,1.26734820781845,0.7241828223739255,0.155333542745367,0.2686042837808377,0.8619588811038541,0.7830397111360761,0.6553543196032194,0.6311143911471756,-0.1388342357951648,0.18437597154581303,-0.40293379418547903,0.31501650679332494,0.8058948866175202,1.3720866196479107,1.9479277272617204,2.4976290856127106,3.126946448418239,3.7222064447069734,4.74115769776663
0.232809241810534,0.7173958766613102,0.6573990367319856,-0.09608996879177936,0.4265807301213288,0.9059511142908028,0.9586811567899183,0.9768375024184518,0.49114775687221307,0.3144629186125169,-0.10921453470414243,-0.4798630400811571,0.2557900317395195,0.6739847589258811,1.219940128309991,0.6887637389428226,1.7851115002559748,1.049137233451159,0.17057608889153084,1.1095228583333783,1.0401818632770956,1.2659263361740287,0.9189859305199881,0.04385806120082388,-0.488377203543636,0.44488940598966387,0.8285059754302359,1.2274108116562816,1.5995947715705752,2.748256097869061,3.3487988950937035,3.4672848554843676,3.7390608466219515,3.9785402596923514
0.3515804939398072,0.3290148850115909,0.3000269746569243,0.6959610539470551,0.13356008967209437,0.7233319864751485,1.3523502776839267,1.5407962124736323,1.40262402107754,0.8338311653360552,0.2968978483206914,0.14695090016379955,0.5755003925255592,0.7803391400343004,1.4201395844287785,0.414748014653244,-0.12212278595460396,-0.5239460704742013,0.6762275612376533,0.46467103346741845,0.5793576069017511,0.5344581491759796,0.5306385580538349,0.35603637262365384,0.4459322331022198,0.662350547313988,1.0814409034989108,1.5871331396153596,1.2036747672048125,0.2205815788817378,2.0555110040637516,3.0038861800564267,3.992225657065425,3.882395799055577
-0.2664923107892013,-0.4757745130418399,-0.05756997859762749,0.36951509001160265,0.46166483648168094,1.1336697323471827,1.5436929308848233,1.717061643312529,2.111374960455081,2.294984703118191,0.08958070319130154,-0.18240413251984428,-0.34847403081289474,-0.6147527702214872,0.089784861237494,0.4359865778981211,-0.17400283451064005,-0.45635522844453524,-0.9029563496486106,0.33229617913012416,0.016466016143360438,0.4077839940226546,-0.3173634810124023,0.11749856717795477,-0.1713237836085769,-0.7260778276368781,-0.848352674069356,-0.46864401291169955,0.4492357172838582,0.07250723431895009,2.208242429903367,3.568886544831235,2.828049974577088,3.065609446468785
-0.36246215936459353,-0.3386617084520823,-0.37463281513712093,-0.1938223823765849,0.4623559368563863,0.9443279776478645,1.256811688057136,1.5594375368082967,1.8877984419745804,2.0330752784898074,0.5468607379586442,-0.2778461111254182,-0.582489009501097,-0.5487027645365958,-0.5364483427133322,-1.0721095949927657,-0.14037335180574464,0.5019435853409214,-0.23810992398851621,-0.6515240567671491,-0.2927204456240345,-0.15639983885685693,-0.3178745796223169,-0.3103632611657177,0.20496333167714031,0.30983601787702575,0.6020554484636874,-0.26160189804191286,0.3217842873086256,-0.15687941645418133,0.11097993695664155,0.8023714492699853,1.3867951159587195,3.381903526020583
-0.3033108262220112,-0.11815825103690124,-0.2800043798858829,-0.05790921879135047,0.5198708964517307,1.111253943216933,1.405190219840535,1.8025846275614301,1.9006506843733173,2.424609610664891,2.499647116411888,-0.8193024928434158,-1.2548009629222514,-1.3109326376164918,-0.7133634767552524,-0.3042403821235897,-0.15769581686355205,-0.039219656778404305,-0.10670636522168349,-0.6216058386876362,-0.6407772703917708,-1.1320005193041909,-0.5938846683535033,-0.17640339618564174,0.22055341521267333,1.099269405903135,0.7660872262046536,0.8118058470978761,0.7198677217933491,0.37967374112186175,0.4660617932684098,-0.714043041286719,0.45385312198655725,1.8465269084887266
0.21932981139551047,0.20192259106326554,-0.8821102901602476,-0.33765971978750453,0.5331317059281061,1.1914803792178512,1.441193874050471,0.9207293141250292,1.386281261830112,2.445330445885759,2.06741365217475,0.9057581541632986,-0.2998836458372205,-0.931248420913203,-0.7243176870029162,-0.3494112282261302,-0.48238565670301237,-0.84807437436622,-2.0842337586984603,-1.5691752866531323,-1.8724347154452925,-2.062244184665402,-2.0627139497052247,-0.13109906342297334,-0.25988709214371664,-0.15912906281524364,0.43468662210412723,1.3681929044811338,-0.16916361665073787,0.44404199848347553,1.299587602632849,1.2356900459753557,2.485991112569294,1.8906706075877018
0.6849529448885765,0.8556017175674153,0.8184788160740276,-0.0336191459568647,0.5672269682443569,1.4944018224939957,1.1823209253631635,1.5735099326302262,0.6441061500898165,1.1774705470634637,1.7737745620570424,1.3211396626047596,0.3012980293833372,-0.21179149284435417,0.12539061049966588,-0.03600616035564901,-0.36918776279399423,-1.2535932619717516,-1.9527964150980746,-1.2586679477251754,-1.2446962660238574,-1.4443971197515635,-1.2405315607920633,-0.6551819345040991,-0.31510549659352305,0.9852622935541026,0.5805403113714184,0.4408545723560417,0.004058462829810998,-0.315949126783508,0.19054874046779627,-0.03035448279150679,1.7676943131787324,2.7729308912708164
0.18169940002869245,0.49751476188412297,0.6189453430792919,0.603334746503758,0.4127809629591943,0.40857179783718356,0.7948925124622718,1.2703729092830423,0.6348977432861754,0.5814278045002664,0.9196827832299223,1.371922302819891,0.9402786269584885,0.6677413152709106,1.048341560829523,-0.33582071724607715,-0.5601822653561472,-0.5278466800501873,-1.2641806294293878,-1.3408021259927556,-1.2756887757815794,-1.1400088304091645,-0.6324732673737216,-0.3221479410064937,-0.23989765090720863,-0.13478280139076973,-0.042409911043465906,0.06667707586082232,-0.34625294172083076,0.2930523114256595,0.27391481298400877,0.8281175227205764,1.6203498180330898,2.2118790761821288
