script/wind50m.json
{"header": {"parameterCategory": 2, "parameterNumber": 2, "lo1": 3.000054539987559, "la1": 64.9999836372058, "dx": 0.5, "dy": 0.25, "nx": 34, "ny": 52, "refTime": "2026-02-27T07:00:00.000Z"}, "data":
[rows 0 to 24 of 52, columns 0 to 33 of 34]
9.354089171532657,8.435560924622195,6.44577503755488,6.616636431575867,8.436192349216759,7.927890012584523,3.7438606915200583,3.8365454928114233,5.500687215037667,5.883447522789993,6.284508243120239,6.823703954356978,7.164612551034026,8.64720438632328,8.016702060348933,6.15384713395004,-0.12766205601330766,-2.5977755347863494,-4.285743196104533,-5.335153105024936,-3.95125177803173,1.2956358704021707,-7.1342444770261135,-7.386996336910498,-5.2364855379236666,-2.7604545311087563,-1.193214241782817,-3.747248235920532,-2.2892030344960075,-3.0557331341915024,-3.0923801272499984,-3.475448685238454,-4.179427283958091,-1.747725033194627
11.192638162684206,10.381052856693923,8.862973263898255,8.34353768150396,11.840317381571829,9.51414415310435,8.247933609822523,6.063788692925882,7.027555495345024,7.896702462715562,9.32347046520048,7.631357499902344,6.934698662608627,8.968761158627695,5.245023078985162,5.909568128275045,5.66700325226311,-0.4714797887936532,-1.0714769828375492,-0.3173886728121203,-7.159937399428305,-4.832186404064959,-0.7882220436818304,-6.386640062478278,-1.350809289049223,-2.2462306803260343,0.23431393347559276,-1.6152447675879198,-2.40130155752978,-2.7440043302383694,-2.985381545435574,-3.159113378545137,-3.2295255770497975,-3.787565117442751
9.975733328080164,10.88155559111323,11.58774818458231,9.230181149086237,10.818016525417784,13.726216766828646,11.559353992515241,10.930941480361373,11.177523636743526,6.685604114211415,8.789524513473024,8.971842311180989,6.528094729557826,6.829340378838698,4.4036045718764,4.55423981511092,4.05479778094748,-2.7264477683091384,-2.8528305999044803,-3.6793693687104327,-4.02061528889597,-1.2849309719542756,-8.501444184506495,-2.9065023270011103,-4.132537622388606,-1.6182784662268155,0.026628468975081157,-0.14640207840662908,-2.9964036950215545,-3.2317331615069023,-2.466223461950385,-1.6964307882469054,-2.375289200397361,-2.7943391310775163
10.874165354298492,11.208523711221519,9.552282283019917,9.965956928612869,11.145798424417237,10.932286271827081,11.185490084830034,10.451335693709465,11.101664025247553,10.677256259284558,9.939791106349416,7.040657430896884,6.181914735144476,7.354245106421363,6.6753223466207405,5.540431231340245,0.17375919972360848,-0.6071581828158721,1.2395351774836534,-0.6414429464258663,-2.308787532228479,-6.809367315484104,-4.3902854272462815,-2.283766843816708,-2.5985170787903926,-3.726852391680717,-1.6467289587102383,-2.221182304788102,-3.54765815314502,-3.2496404534326886,-1.81457329273059,-2.345853206149942,-2.5877949095472834,-2.3115617686112087
9.454038217295645,9.911794670974716,9.721958032788923,9.429577190544682,9.220135872306555,10.11517632000512,10.290704106463727,11.126338942053236,10.560132768978782,10.41082828987297,11.032187142920488,9.172038348255754,3.3827859584234488,0.9873103326685417,0.11990955779672692,4.1243980015927875,5.458433569353612,-0.8998591955366878,-0.9802194306526211,3.18458719987849,0.18861447501584033,5.586896072636677,-1.8037351171196871,-2.962144562408086,-1.1520546224024746,-3.336017972535753,-4.104627883464612,-3.048196326647912,-3.768187876406026,-3.156751918784656,-2.506893962667946,-4.6574976305322116,-2.0362685039592967,-1.491054584715794
9.129758929784547,9.755793327000388,9.882466653294392,9.926811061508534,8.326489188435064,9.419206846912886,9.271477107822985,9.278673041648391,10.814828255356653,10.450279504137072,10.62301434446453,8.780572969818335,7.117726922735228,4.610251230559472,2.9649096104703054,1.5075358692332048,0.4024123358182129,-0.42448532834059344,2.423716479992047,-4.530847519575235,-2.7868763079119443,-3.1874790581881594,-0.15274875906929158,-2.650620948014268,-2.413917986368549,-2.9321089145526438,-3.6805653748618115,-4.43540712881105,-3.2623275737590443,-4.135589071583572,-3.494242839816136,0.16555671620827,-2.503447842279162,-1.9715567634280744
8.983791822557226,8.543919958404857,10.290245685691561,9.883214993224351,9.615752911318422,8.546825121131342,9.221499024629018,9.624316983874019,10.416670244315947,9.53329824833724,7.781167984183404,6.276994089744378,1.5840248594227508,0.35478637190679974,-1.1352835481583996,-0.033449988498356766,0.17859367549771754,-0.6956671990554574,3.6720552690420334,4.1284502166572175,-2.135368556976447,-0.7499368945363445,-2.4563747650745786,-3.324547674955931,-0.37782604181124413,-2.0251117535453877,-1.236937442075573,-2.6107689563572096,-2.554102741405646,-3.640323863355281,-3.3859621870912626,-2.5450918982931316,-2.5771329477620126,-2.037458439592946
9.266515404901755,9.46462331521342,9.232030930799278,9.400754415508635,8.30182410862537,8.02293718383866,9.516086355184584,8.989618431493485,8.85054125712759,8.202497659825275,5.822009297013781,-0.10800842077138789,1.7456526186361179,1.3587836060423288,-3.0092121010013773,0.22590180547239283,0.29518323189342616,1.2659121199396874,4.10073854523456,3.6854319496484123,0.3595513437563551,0.21841148237621588,-0.28254716567699545,-2.319805317773854,-1.8821954710495294,-2.6718855940021267,-2.6835111523188266,-2.7612523973040743,-3.4325613545807636,-1.810483542392098,-3.782045960167001,-2.3469679326904997,-3.008636208619379,-3.187627618442094
9.266518371633964,9.430696515383717,8.538806465025619,8.65961453891332,6.711543089682211,8.192367508050094,9.770987849855999,8.324252681314636,7.262869742962732,3.9707128489831365,4.126970155651062,1.8913268998981767,3.5050197839903556,5.9913590146682685,1.0753929947445027,-1.4282165690724922,-5.708543376610273,6.0391868043967065,4.053317939397379,-3.3696436223334048,8.671645172652678,5.486008648133442,6.932688767784727,-1.5246561090609712,-0.24903105874672762,-0.06772923305535157,-0.1264506526659037,-1.8352998779409215,-2.021584259248334,-3.370961171316665,-3.9516196642833847,-1.7583380773376602,-3.713741732791894,-2.821414037089161
9.661695720705179,9.723074492783173,7.868797056739584,6.280759879817343,7.051346757799628,9.227613706242124,7.357065081862804,5.932341946669734,2.966278410679592,3.0835658155514243,0.6847995661152667,-1.244322219857006,6.9906421614126355,8.87544365619937,-7.9104359458125355,-2.49313025047022,1.9528186583410598,-2.746810378535824,1.1350029580641028,2.1117586524939713,4.648250826287541,4.142994825210301,5.155658314772694,3.997890219911259,0.7582153366156081,1.6973416270427397,1.56163901844362,-1.8446483144122579,-2.7456212696853934,-3.324986476732484,-2.491147030134575,-3.5212677416466427,-4.228204833592056,-3.250093952245307
9.506848092164185,9.758599674340717,7.320881290583747,6.395615674183293,6.255168016644307,8.581518062390163,4.8534694401562755,2.559618899598335,3.9778663457352152,2.9546686191958624,7.338576484180268,4.541861156710391,7.675614745799747,10.792613883314335,5.997959866455788,-3.756113510839582,2.1881569229836386,0.6981534515564013,0.5775131688680901,1.5643809726625046,5.805548498386248,0.7391470074154939,9.39965529367301,0.2481483254054138,1.5239853910274848,0.4757974164923454,-0.9286390853427421,0.606584418399513,-1.537288563885287,-4.3519225468596545,-3.643511596356212,-3.746525756180825,-3.7424125683439247,-4.71344740511035
9.034923613568735,8.59884043599172,5.8100359903310625,4.716192556321637,7.167878058701215,4.992337900220331,-0.7921344975464634,-0.38487533680299457,-0.009635737041441817,5.208548870866765,6.969590861884295,8.212249093194298,5.693118144789877,6.050891869644299,6.978204616270342,-0.4495881326481505,-2.098930063190313,-0.018485192806687,0.9964245362897765,3.0782192811710423,5.171713671051844,7.10218782288434,-1.8769256927705311,6.733335422997828,0.5860395647458343,-0.5534323431006729,0.7325349969414117,3.765218712789622,1.2066255774421504,0.5186049003129285,2.295317642837293,1.3183798512120581,-0.4272787173757104,-1.128889070856382
8.945015885895245,7.353198528484893,5.946031056386532,3.244153268856323,5.0076103333781505,2.839505436549615,5.661113454982728,2.0830144632788827,1.1049295220045816,10.68803409435519,4.936372834230005,8.290219579935984,13.04117605577331,4.692690615770587,-1.5500936177816413,4.633677741460293,-1.1784914208233774,5.420558760641617,2.31219474172178,1.131900434894166,0.09588011649253582,8.825716522994215,6.460816257029541,3.200971275657491,3.9391224143008485,0.37940708619427815,0.6974999329999523,2.1663920549707876,1.5437442406159751,2.376242427536341,3.8488933045780445,5.419236925169578,6.184904266800453,4.464988837661334
8.5308479535792,7.29757047444045,5.595915884360978,3.1165970008355672,3.986007007110402,6.674421330930333,10.752429393289018,-0.49832526934368937,4.704850294538772,11.26251635696785,12.541042729947574,13.76874560393656,5.730895868201407,-0.07725034171042885,-1.5825495647672574,4.531217658166978,0.2213241753450922,-0.17881055992018208,-0.32173372510423787,4.66606469199438,-2.1118429398411434,5.152476467747404,8.912155582562242,7.317863140583123,3.231810678562405,4.151930477269466,3.917746014127578,3.3549404276233057,1.8428144828463502,3.154081792717206,4.84063339754263,5.293755013455293,6.360438023540389,7.635279857115617
8.728488035079149,7.462088121153404,5.561886375789105,2.738987044912131,2.769375834959604,3.89153410152438,1.2112532975066117,7.827786117628304,6.52109900795477,6.99264479623972,7.3326125417138845,11.421469309162532,11.021806725138314,5.60452386834213,-2.084455360872453,0.4532932633130784,2.580719476984045,-0.24066446589216606,1.8478543694125051,-0.20223542007651688,-1.6081589967361904,2.261423110645688,2.4015667549887145,6.135004513392019,2.5959105665682123,4.9790529084842134,3.4887393784454765,5.374559198259743,0.7424865259739097,4.457440414333966,5.944687748743094,4.861726394678184,5.847903712840343,6.9707076781028166
8.580905959239464,6.8181475604887805,6.252577340545828,2.8149083415212695,1.4642603295159426,3.871614040712136,6.0355806452067995,1.2661952056571992,4.821114999644687,2.805055124040559,7.85882175821473,9.910499591191062,-1.5401068662041142,2.7679844808779888,-1.8743261279021544,-1.1903369117749811,4.670846008515217,-1.4389670818129894,1.950198953598537,0.47223419294957203,7.894631674641115,0.8645750137761274,0.7298128828069957,6.272110413338725,3.50336282216776,4.62505695307564,8.810356568677673,3.309428205518457,2.134498080563529,4.676698872941357,5.841989971511886,5.125590081493045,4.967643632113477,6.495108016298865
8.860158180319226,7.8961757837075535,6.539986224383267,3.1094087043489753,0.6397321577783515,4.965541400475882,6.156619659561187,4.143967340621768,4.791463288004033,8.223884093744914,11.329510227176577,9.763671887322298,2.7007245013755234,-1.378106003814844,0.3659593017434878,-3.497385717108932,-0.4587369768830997,-0.46328415936391926,0.27184534412819966,1.8118564140287001,4.231935318923903,3.921290777481476,3.7651841164420317,3.721860555758336,3.415610169633839,5.6550865433384,7.339118205633817,5.912496193310437,3.2261172977366805,5.931310055072782,5.916305732748342,5.313950137163805,6.0250198026893305,5.714492220698454
9.346821735531732,8.487583977971306,5.874842211363426,3.3618260748291675,1.9507863826715657,3.4258994180996094,4.358836356737626,1.021112746133002,10.437473054577373,11.91766208137404,10.127768407281447,10.038867886993367,-2.3082860222368886,3.5823734205133633,0.7126516625774614,5.813944064570433,-1.049662359089967,0.5443626652428029,1.0985869900326886,2.393512694902881,3.396127751567417,2.1092348456185315,4.562649448451458,7.24573265384263,3.218048237238271,3.6871244276346657,4.718570234844696,4.015431507351792,4.5554960574957795,6.734009117649545,7.719733937785371,5.0748751437490025,5.267768140648895,6.5959164166229565
9.029057741759669,8.350624967053756,6.720415355230118,5.1560731837119205,2.80123965310719,1.5677444199712456,6.306208807767986,5.332369733408485,6.919379719052004,9.509930379106361,8.268579674941783,3.260461331387591,5.07230492076947,1.1622549797492425,-0.05556843281512285,0.1257274695091243,-1.5006039857255085,1.6523318664539652,-1.6578516361390478,2.24596935520698,2.2816707361340036,4.4832962052831595,4.024826922938731,5.26394882765707,3.832754274877023,3.3674443876512945,4.301235593670093,4.334379744805604,3.7182760846685685,4.640822531635945,5.387927362641057,6.40545673809444,5.659836456998246,6.6082779252023345
9.60983571194616,8.61110947904977,6.881598329563152,6.4511824880775,1.1135817467540392,1.7883103844398023,1.0810351242542928,9.713848950353272,10.625077403625292,8.168161106115798,8.945521768389945,11.53461407768836,-0.6926355876401711,8.914984654674988,0.9894426895278273,2.698391122546668,-0.07899559911510294,1.0928167988986073,0.6407335901237492,2.127319959471714,2.438784677068123,0.5777019575824771,5.462413023509713,4.090715395077901,3.2619028359328066,3.2958874240232525,4.982353661120557,3.1039490555889295,2.9177095406959017,3.976165396314904,4.614444153481295,5.601134471541642,7.474894093305539,4.051559609259185
9.71039655567181,9.053448222557655,8.259307303195996,5.777329988592019,0.2769582820965713,-3.3438877556631965,-0.278852120898526,3.8517086406021157,7.197972813891802,8.627073276276738,7.526954661236118,5.126093228563861,3.849567904894526,-0.22729136187528728,1.5005284698939312,-0.6023018201019457,0.8417940556033533,0.3171490578699564,2.006711738397072,1.5770411105214253,2.692772275095566,0.3793105846811338,3.6241266619530657,4.7419449805657505,4.443750425464525,5.3153244663108055,3.222332051763676,4.003220913326859,4.1163030908702725,4.105448312320604,5.6159474900233315,4.5702551640887545,5.918493355424074,7.164305824608467
9.988339735192163,9.674158717251611,8.650199464379769,5.919195299927008,-0.21247614702665066,1.049503880672923,0.8765380377078964,1.8197676895711874,8.29311787900777,4.186018588910491,9.619352618329968,5.12476562720781,-2.8503730652630868,2.7054390922855993,-4.994672161884619,-1.2913517340606258,0.8759031165338068,0.6944099893034545,2.705238958332411,0.5774943148717598,3.6681231147709763,-0.5565893712506113,4.542491319396679,3.3206120770870684,4.101047780921332,3.996046900957495,3.948831703677404,4.340486379645904,4.750822858246032,4.348139965918745,4.971915115768182,5.193671045084113,4.061120203887153,7.280078838612977
9.643810317545517,9.449104817271968,8.513290113995708,5.708723840366179,0.07042513350674906,-1.6674135716572585,0.2987341491978307,3.9898316494692665,9.293637713108977,9.95112930663233,-0.3057090556229473,2.850396847800462,5.478640432109636,5.172827797029662,6.05758304543468,-2.261258518733176,1.5622272373517307,2.410258901627159,1.9422221299890057,2.578899699920068,2.30163256248563,1.218058169548086,3.1744374938619364,4.805697400432353,5.135453606608884,2.471315476032244,4.579547292640637,5.143672181138338,4.025763624162312,3.6619574954895424,4.556384397618514,3.9388993131863543,6.173216748762458,9.642776650908047
9.988816044829909,9.453405845948351,7.701155180980521,5.025835794875244,0.21842847775413923,0.45073490929975224,1.2857507442180243,2.253696465796831,6.699538027778322,-1.7548683203220743,1.9894085596091038,-0.8749671438194487,4.194431529671127,-2.428485680505942,1.1078036891632608,1.712028965335449,1.0362136041359309,1.9258835325249881,1.5923143601367435,2.798763821158035,1.7226721135770795,4.097279305599818,4.252655625956785,5.340631733964707,4.686622408496737,3.7793235615517213,4.692107706243998,4.156212608977833,4.463078320057255,4.956609733474832,3.890039072085234,2.7088937411575023,8.01084686200856,9.46269757764697
10.127789062214767,9.393208420085438,7.386474804199384,5.920256076583592,3.319688277690366,0.7684464806606099,-1.1817333262312535,3.6010466583697203,7.080627207551746,-1.0485118645067164,0.3871478907487662,-2.3815920941079707,2.7425628300409155,2.890960435479866,3.950895856311175,3.984769959350086,1.931807019432703,2.24669432965438,2.7810018869380353,3.170462920779693,3.768987963953879,5.0088201587576195,3.5939026940801484,4.379488198270534,2.091492769231216,4.4625459177029025,4.4688346327398705,3.9205629432225386,4.028009114286883,4.37100650659566,4.15266136486463,7.534098286424041,8.23373183474797,9.30148820844689
