script/wind50m.json
[{"header": {"parameterCategory": 2, "parameterNumber": 2, "lo1": 6.000198445256149, "la1": 58.999992894266676, "dx": 0.5, "dy": 0.25, "nx": 22, "ny": 24, "refTime": "2024-03-23T20:00:00.000Z"}, "data": [2.533059916998413, 5.041011380121323, 4.563385372366598, 4.534923500439433, 4.16996455077232, 4.415009290257356, 9.340044777487607, 8.151252310520997, 11.739509508720321, 4.457368025068102, 3.4565129495910325, 6.875498171729158, 0.17789020042653875, 6.391374682350657, 2.889236123802564, 5.392878738363597, 6.248843543408287, 1.7626457027440028, 8.319316869685343, 8.11281327051775, 2.746802808066035, 0.36578020687002605, 3.0293304896435815, 4.0640686704505455, 4.013964857115257, 5.219458667333522, 3.8929884186228976, 10.13666199709394, 7.627431520291812, 8.05744680501919, 8.412963657736183, 4.822929035455946, 12.19925824856707, 4.784243975236531, 4.324419421936485, 4.641573332536454, 4.1868345391373305, 5.459465353426084, 6.699141399336924, 10.933916296599033, 3.326064855107796, 3.0644914545609687, 2.6788424013584717, 3.332612137787543, 3.602851092932851, 1.837295666237951, 4.11506523579786, 3.990809262186086, 3.1171145229969017, 5.199268164848118, 12.351810485514763, 9.019895623653852, 10.991345749442685, 11.023356132652715, 4.324032204882571, 3.9061708996263746, 9.468991175462218, 6.931457606542131, 6.618047694765035, 1.6608381183158516, 5.203709724624856, 2.6130592173972693, 1.8572932555483612, 3.240616977954046, 4.585575953935681, 2.572257883691142, 3.3862560593739155, 4.045646225062539, 4.533153709939195, 5.07759677486646, 8.633702745155517, 9.010213984961876, 7.276398666175376, 6.8517173648997645, 8.492331157758429, 3.9672151109604243, 6.891134496216925, 10.632912241811367, 5.828354903635833, 5.632725033796922, 6.316316466133497, 1.7483648414834951, 8.675785044999882, 1.940774294831457, 3.7859653542340106, 8.563673592785703, 8.275246568951237, 1.1474147878959564, 1.6430664079537662, 2.883222248141473, 4.200660713423839, 2.4794402035370644, 4.873297113740383, 10.342202251380273, 8.01565232976511, 10.626241826523962, 10.836227158327793, 9.488687145005986, 9.96055475615352, 7.95232445150843, 6.85470015644697, 6.3126473451850975, 4.408718519464464, 2.2279092513000798, 8.698483081125826, 2.587896995668029, 6.449291090183981, 0.2772730316223743, 1.0624253238792782, 3.224475017350281, 1.928066864839607, 3.5803129475445976, 4.035469492768293, 4.89005109019461, 6.292022567608499, 5.147604853911625, 10.345649486177159, 8.175579952409826, 8.288037189814894, 4.1861336610692845, 5.142499673704592, 1.5137173771256573, 2.9264111342631542, 9.786771872284753, 4.49582610075369, 2.5163783986557697, 3.948227334865216, 4.539569400306288, 3.2034263162892884, 1.7730239294640977, 3.7710560915771127, 2.130486815102212, 2.5434198679748827, 2.0529957772852487, 3.9492747862023454, 4.546085594673835, 3.7838028338117975, 5.692549453937567, 9.135277968959633, 7.435965394802223, 10.797442540193748, 11.490453875770699, 8.632387127524908, 13.739446799276273, 12.222322176663083, 6.4909165613123365, 4.674825071211603, 4.013374258204595, 2.8360627599312966, 6.813539028597093, 1.5523221986499423, 4.44466359543965, 1.572876654921643, 0.7611066668312585, 2.215355086859789, 2.6727827946066562, 3.932293869273226, 3.827439741941571, 4.588867090620022, 6.4642566350700585, 7.980602419698794, 10.610319119499044, 8.707734546247435, 5.773562078116993, 4.45002442488666, 6.789838708734733, 9.804775859414999, 5.176821067206964, 5.259901766060876, 1.212756116167671, 0.6477886062175137, 9.305789752352753, 4.610415017495476, 3.3163708194976564, 1.661107271907351, 0.6012557818721963, 2.4446563442074445, 4.190940785895746, 4.397505197571558, 5.122615497158087, 3.382462264033856, 8.018402393339908, 11.5763709848436, 8.030104242439958, 10.73089561308296, 8.16191253709553, 5.8889737107313485, 4.368343548365108, 7.068717286477424, 5.115057479456997, 5.268902197477332, 1.7141255874402426, 3.198171897274622, 9.71978890845042, 3.3775165195961336, 1.4325018817603514, 2.707282169443697, 1.3401463229866635, 3.633162973983566, 4.171304786286732, 4.349647253421816, 3.4009745752019445, 8.277917611845236, 10.139539403950964, 8.964171167552953, 9.024052023771729, 9.956191119141039, 6.446694420422699, 10.811196616116751, 2.47422346831148, 1.9297286022353155, 7.242654814739408, 2.755550712347881, 2.183680399319573, 1.696003847552554, 2.3436466896862327, 8.700799380390219, 4.691522762822086, 3.234996338121632, 1.093671076018111, 2.8882755896564154, 3.4446658953004405, 4.3317654189175885, 4.343415236036427, 4.239361731603438, 8.423446246522001, 7.554537012464808, 7.648921659628213, 10.757077152361193, 3.790392255546759, 4.236532646390299, 11.175105529259117, 4.967433176957946, 5.55565543237187, 3.0184729362859426, 2.6791444455777866, 3.8051243622254063, 2.557748473506678, 2.0701502387162964, 8.55604679825145, 3.8519343962983346, 3.645535930738784, 2.5554126575893976, 4.750291845113987, 3.5474600203411417, 4.183433922712016, 3.9966068408346787, 3.2224914974401893, 11.800609016899712, 7.55673323204249, 9.903781179052137, 5.0098975655155, 6.162887457996541, 4.57007097123094, 10.83866160098488, 6.573221207222936, 2.7236356855269337, 5.110406172164996, 5.205060554404867, 2.37110541017123, 2.7587422840709266, 0.497392417096828, 2.6341914525643513, 0.39570867451350156, 1.786558686558482, 3.7494604249605055, 5.787360762373575, 4.006041553381416, 5.452488268012851, 4.821680344307285, 10.470187523470788, 12.547669876642336, 7.29246570514572, 5.92528712618043, 10.831883348141822, 2.532350995141715, 6.420792690118813, 10.980699566602135, 1.9889012545469178, 5.7555416756849365, 4.038458582754497, 7.990659171623211, 2.834568089553486, 3.758577415106169, 1.4175175042884915, 3.8690091316745865, 2.0724871681479664, 3.78855209214753, 2.2424302025879337, 4.564277833887362, 2.759395563885915, 8.598420373648901, 7.719292715243433, 6.996750735759429, 8.117249297793355, 9.515649541652655, 4.165582222670299, 11.232787663346869, 1.8335191664827255, 9.425477644596604, 2.277311339889804, 2.1904751193495264, 3.7406387035032442, 7.400040371718177, 6.7373312184718, 8.77967945699812, 3.64677592401674, 0.0005813183596902615, 2.6534288585037036, 3.816741297755858, 3.590239510730169, 6.807695418126243, 8.581445499574922, 9.018738750787149, 11.556031308039143, 10.68601365731891, 7.679911242218833, 4.197837945602515, 5.718364331985736, 6.668014382266577, 3.2229782936742093, 6.239644957335682, 2.169921712224981, 3.3490061389196453, 6.264826554178153, 4.163840700842974, 2.4820176324769467, 2.05373230059741, 3.044769903008946, 1.2297314466779687, 3.1936395518700924, 4.107966502821272, 3.6562879247808238, 4.545123975219532, 3.6744001572709233, 7.440330852144249, 8.78449497681243, 8.17860443945671, 7.889015785007876, 12.609164846163997, 6.1335028856267915, 4.65019680496722, 12.294630371164448, 5.201824962803217, 1.2565040219083914, 4.997059335812143, 7.86932116047082, 2.5510037317478718, 2.349405419268406, 5.0367053190246525, 3.8070997416501613, 3.41822212267114, 2.443939527631465, 3.9353645993091857, 3.207470236694078, 4.874891775197748, 4.842726004283765, 6.456825395558778, 10.286351870557905, 10.050397854479606, 7.346388292435256, 4.161106762007024, 2.544712100557032, 2.3883497579188884, 7.247620243733128, 5.6771137745147255, 7.288035799407761, 6.729956872796979, 5.817472363204727, 0.5459147566598616, 3.6575478386750326, 7.732864975910852, 1.655813463645203, 1.3712533575978656, 2.2064244610278814, 3.6828939617673107, 6.613601588290591, 3.6712221368510267, 3.813572756879873, 8.269542780595302, 10.13172905539688, 7.792150102811502, 6.235138386862838, 6.599513598937307, 11.694744203970163, 11.161105284752221, 6.025912422622759, 7.133621584673485, 5.649173567562277, 4.304481567344699, 9.699930567951668, 2.814683072698931, 7.894269091128412, 3.0250727854376414, 3.6623765832821524, 2.9953773192771105, 1.7239546030986894, 4.003171076006328, 3.379901758994714, 4.882242401314109, 3.281122974872565, 3.3583254727058254, 7.22162784597347, 8.36262008480709, 8.144514054059522, 9.292940036077434, 5.802051932234688, 4.399527593985822, 5.212487480786457, 3.069272715046709, 10.202061960752598, 4.714038833454532, 3.321337404788501, 3.732966698284191, 2.621901626868787, 4.040540807353403, 3.799857892851282, 2.2208100267237434, 3.550088217285183, 5.257328944988218, 2.549449261062547, 4.325806783979294, 8.357737526951231, 4.8712144638447565, 7.551793233810889, 10.635499035678995, 7.608025639594478, 4.807661315078711, 4.260778714732577, 1.1755561859951484, 0.4258168338760352, 6.56098468227263, 10.059117012857163, 4.887813258292297, 1.6661689169770664, 8.714773220152471, 1.5777065642720052, 7.57105280732378, 2.0478427285952927, 4.079790400146416, 2.468028110241883, 4.152129660453559, 2.7502775867313125, 4.05062237617666, 4.357129083227419, 4.931614760684892, 11.610276884987252, 8.582820944705924, 10.870590783917104, 12.831036878599146, 11.835016886082583, 13.31469952218121, 10.700805922505408, 8.792163132376013, 4.071180984959276, 4.53303446581661, 1.6644902985824788, 1.7417449389104944, 6.254568375559956, 0.5046321214016479, 3.397103228620095, 0.8283172208978892, 3.539670569543741, 3.989176237442147, 3.901202134562928, 4.784114380076478, 4.853138339851572, 8.411218062853923, 8.628608050378794, 11.00946083841446, 9.466592377143227, 4.593662650621412, 6.289723106635145, 8.385558410820291, 7.017795340300939, 9.732891409210426, 4.332394312877344, 5.0045022921669355, 5.884075889434154, 1.9431095565379022, 7.284913879308114, 0.6411260034776719, 8.209214399507697, 3.4770278650658155, 2.373318141307241, 3.910658316812773, 3.9099590392333816, 4.447623703506842, 5.202823732590762, 9.85271135571922, 10.068559934112848, 8.487086168725492, 7.386310657203699, 12.871760086522546, 6.45155437256323, 4.851339985334026, 6.193838474029905, 6.467423723713542, 4.5906745669085955, 6.625056276540774, 5.534916172989549, 2.7109874335345694, 2.6071985785309777, 6.051132940637375, 1.9279944007636967, 1.9285338961497043, 3.3047817200046268, 3.9439559247456044, 4.605047191687199, 5.359647548080807, 8.034714652299007, 5.505490541731497, 7.286738371724108, 7.486739027500934, 7.749152563460791, 4.327174179389905, 10.460631505581745, 1.866087082246322, 4.662455058357731, 5.926082927069258, 4.386825026691276, 8.228442325488531, 4.099394988300022, 2.276931782602272, 1.6660774327182806, 3.1864611314468676, 3.497206425827627, 0.4767887028241145]}, {"header": {"parameterCategory": 2, "parameterNumber": 3, "lo1": 6.000198445256149, "la1": 58.999992894266676, "dx": 0.5, "dy": 0.25, "nx": 22, "ny": 24, "refTime": "2024-03-23T20:00:00.000Z"}, "data": [3.4959300461417935, 2.976462476079292, 3.9384242321514247, 3.7208256878122232, 4.932237348843107, 3.8241782309685832, 4.154770141403305, 5.737887589735994, 5.813196862578529, 4.459465100543999, 4.740426987396988, 4.458331743734866, 3.2494720833766153, 4.613113693693803, 1.9041579660180463, 7.731500777847731, 8.574239132679534, 6.003348569799428, 6.791149673976695, 6.904353371226331, 7.91946179303706, 3.4364092985046804, 3.7238666872465562, 3.475464471041267, 2.9753936398764504, 4.882587783905476, 5.142370973761188, 4.6170721378176145, 3.0448059121992443, 3.142046248055773, 5.83491768642138, 3.903291919828824, 5.613705224413008, 4.4335301793497095, 1.4349356992357583, 4.481554718093541, 1.4424455821214301, 7.895495374748032, 7.127453684837499, 4.260333440028616, 3.115421245473855, 3.9227884055609485, 2.8746362691545504, 6.18370813972247, 3.4064898349291615, 3.334276182101093, 3.1313947487616667, 4.3510937317395, 3.783437994758138, 7.391322856156037, 3.3507313845636593, 5.2922156999409955, 6.341999900634712, 6.181844441183747, 5.01545893062033, 2.011661711205648, 6.728531424978819, 8.480523098380198, 3.519026941262163, 3.3376485148078734, 6.992658377600879, 3.8726644065419427, 4.330311274492529, 7.8908194996228715, 6.146597779976121, 6.402244605443805, 3.710760312178149, 2.505089916837414, 3.5627934729463027, 5.344608893603655, 6.353190961696994, 5.607715741756327, 4.732751960942802, 5.194114697219145, 5.161436439773058, 3.1319108690553517, 3.040400071847805, 5.849055570539504, 5.753189142547977, 3.9252505466314784, 5.7648742261555785, 3.6388330359146575, 8.53758123350805, 3.1929973310446798, 8.407332573152127, 6.844567599443648, 5.077451301147992, 3.9433056772469675, 4.182698357799843, 3.7383909128312944, 4.04801889466629, 4.421002244530126, 7.1152715099728026, 6.121729232424658, 4.158762670357827, 4.484422061281783, 6.271990255063944, 5.9100297456346675, 6.31468864057904, 7.151052068837116, 6.07222654680386, 2.32748503092806, 5.086541247985683, 3.8382957765569703, 6.245912363347455, 4.042548675674683, 8.157795666740563, 3.2025333333287356, 3.7708482906745795, 6.310443100517213, 3.3466585864026035, 4.3550616806134075, 4.137697395380361, 5.952711027783859, 3.774218516631553, 3.584112833155079, 1.59353710016026, 5.5190869946166465, 4.568140226836405, 3.549600956252999, 5.147141643669807, 2.9649751050820834, 2.837611845300134, 7.277153530127377, 5.414413553490062, 3.6798669394493633, 2.627645519197357, 5.87707714118331, -2.3997849071173647, 4.927717352750475, 7.422283624241074, 6.118179054326746, 3.925539931491866, 3.462310466823155, 3.654703762543263, 3.8776124520497266, 5.147389683408407, 7.509501043330695, 4.343087517475949, 3.3925652231762298, 6.004643379511905, 6.864180422383374, 3.169195427455043, 4.593137188471904, 4.047516612112097, 6.03514923478839, 5.104087413161555, 7.359116736310493, 2.515236158662429, 8.45892343428306, 4.245206359932942, 6.896605763956784, 3.329785412104524, 3.7231936236101633, 3.473939092258183, 2.6990959318091465, 3.6487773789412223, 4.711309092410261, 4.436055357902834, 6.29728364545149, 4.097840505507195, 4.519187720045016, 4.927612237301139, 4.314414200715808, 5.20235393396503, 4.014724134528282, 6.8535677174102725, 4.345483642988283, 6.039958312214751, 2.7679668898706216, 4.170243909589979, 6.400219030586314, 6.322802689252699, 3.443782758884947, 5.017335924682169, 3.7701579833525103, 3.4504851969377484, 4.235736560692082, 4.258811681425078, 3.3165111566263605, 5.638928233358437, 7.1600900519326505, 2.991457885588584, 5.208552049994516, 5.90553090560013, 2.3497165950135255, 3.420627397159432, 3.4711001405137676, 7.044882060538282, 5.241180844528655, 6.534194086848887, 3.623559582858977, 2.8353446698623967, 6.803781847728696, 8.65739693438131, 4.11030461256284, 5.8275711894938595, 4.7460969057288445, 3.4937223548016343, 4.360713041936375, 4.011517771326376, 5.373051260744779, 6.61013243672581, 4.634498240469893, 4.619294901852496, 4.635155151409683, 1.8981960767957786, 3.9294412415708884, 5.713706068267511, 2.462240364682626, 3.2731908891760972, 7.985389538388884, 3.520604332352305, 3.7700366000408283, 3.1847573016432955, 3.5290703380670383, 6.7170613067359515, 7.578014348181673, 3.021887332611251, 4.107173725320604, 3.7327411899304455, 4.230865136775912, 4.582380541929381, 5.2112174108302325, 4.758823367765184, 5.52405801531864, 2.9795838915836494, 5.0264431335045785, 5.959318394213246, 3.644643370972445, 4.695177486686379, 6.74057443563084, 2.081388155087895, 3.9315987285292513, 3.1984133255953875, 5.29359462222692, 6.118715980721386, 3.9484741452556507, 3.3511988269503394, 6.201799571404526, 6.631410034860582, 6.585933226266618, 3.438697337290478, 2.937656371421121, 4.225218667420444, 4.429929083521917, 2.1851571346914245, 4.52033069659636, 4.0126853637488775, 4.700274580211414, 1.280745300505902, 4.796444252918886, 2.6407148103267635, 3.5674839088801513, 7.183141782507755, 2.3209284662917313, 3.64316051838371, 7.712442546236512, 5.959671300183396, 4.179636777654975, 7.506486199185528, 4.205729446843507, 3.438589114448514, 3.20836781382178, 3.9301926780334817, 3.317817760056086, 4.425744933268285, 4.2705011418612, 5.115109257658393, 4.725276069889858, 5.243558816776634, 4.329588149171535, 3.450426779271871, 0.38378469033112855, 5.661588028408023, 2.5209798991940757, 4.307477120688324, 7.292796423898278, 3.7653590035078484, 7.831017430439018, 5.84650198210012, 7.596692605273989, 6.617694125312248, 7.060835980498951, 4.828623468431964, 6.551408223145938, 4.07880109934413, 2.616558157338362, 4.154767892791114, 4.979723208013834, 4.021537297349684, 6.502776940411586, 3.2876523528888333, 4.100088072193424, -0.09895808797522111, 5.915893715286326, 4.512032769551101, 6.4107860979014895, 3.2967158870392304, 7.497268623879272, 3.3650981738538497, 3.8856087090752975, 6.014567084122421, 7.951644514144941, 5.221552857394496, 6.850689400508203, 7.71753361018904, 3.3726647775967957, 3.7686638181595176, 3.171985322405817, 4.4507628819980845, 5.86468321407973, 6.9818829310602295, 7.515566953176843, 3.476392065907494, 4.493696909934792, 3.5524456177655477, 3.622505815880679, 2.0143459489005617, 3.729064175955734, 2.6716086532464964, 4.712714541434309, 3.1993563176933892, 6.173730273118668, 6.192428977194642, 2.0557451991128604, 3.684181548559038, 4.205595233026735, 3.3497643950493066, 3.664243295120426, 2.956836501814678, 3.044562810243439, 3.932459400144169, 4.364650969980403, 4.699491620282582, 4.805561650401413, 5.150462147346741, 5.70518671868841, 2.2702388763008394, 5.8177841199877465, 5.654884260055796, 4.240817502918884, 5.766150651159649, 4.416677382317356, 3.5277399232425553, 7.998671356450653, 7.169022905652841, 3.7889468227018717, 4.652137785169163, 7.65075040689251, 7.373078357457433, 7.713577186613202, 3.435572008162199, 4.162764362614677, 5.354469369885581, 4.325362532798324, 2.8659488878965877, 3.093462547332352, 4.774193633010149, 4.070973260902228, 3.7929208559466505, 4.37613017166073, 3.5946097937207226, 2.4754518273674506, 4.895849809865185, 7.199102061008709, 3.849125841414072, 8.220612889640897, 3.4927463445989737, 4.327295073324899, 6.122891216668208, 5.852697698494143, 3.316237241420515, 3.925686809107344, 3.7119696301765432, 4.213641445543598, 3.508273187656568, 5.221577236474535, 5.133902226390711, 6.490576848740654, 4.801417169015079, 3.5696755871968184, 1.664498942759959, -2.012758895913555, 7.521088150453583, 6.4691241674780455, 4.556088869742269, 8.21705371994802, 2.905532030623116, 4.945876925809303, 4.4018393765684385, 6.141075227135096, 7.7731533167117925, 3.929234768327759, 7.606861679846999, 7.2079647001034735, 3.743675098834159, 2.90430556392027, 4.357437614909905, 5.4470749912655165, 5.496932086219411, 4.683043677991941, 4.613785403583775, 3.1728255376986576, 4.082920065073629, 5.758839797157066, 5.29287979197167, 4.246333864626591, 3.7596089243305597, 2.3166849734872046, 6.601583556660883, 5.720789796496106, 3.248446749778744, 8.369276175412061, 3.4957672556019754, 7.210433036012805, 7.485962089561172, 5.699322193847217, 3.2170026723338765, 2.707936820380476, 3.1788827526018966, 4.578815683285285, 6.2831877314357385, 4.795148573254893, 3.1579977283767264, 4.562546437206864, 1.5525393644445518, 3.820297705520989, 3.838903324573479, 3.196086618202042, 3.243165805479196, 2.9660489892986672, 7.794252584645726, 7.10703668090692, 3.2703494282107903, 6.352500956217874, 4.128385524373165, 6.800881539387076, 3.7529510099920538, 6.726809327983925, 3.7414405402260993, 2.901620975682885, 3.5094426838668777, 4.301062565534939, 4.51387802547158, 4.635228272136058, 4.1855986161215855, 6.083292419537882, 5.013846153080419, 5.06553306787244, 7.313484215249593, 3.1544426372185397, 6.11414702518993, 5.945955014132199, 5.0769853535717635, 4.970622280880197, 4.589977390103811, 2.092859692067402, 8.343897757998768, 4.254734046306537, 7.785904670636581, 3.9446147125277373, 3.4882641617147088, 3.6914559850972606, 3.4336151920674753, 4.503669367516808, 4.76316949215107, 7.037153282238057, 5.112272582571706, 4.087876035008506, 2.61362955292668, 3.911122106888696, 4.946708889638101, 5.296881016730875, 4.804342709803035, 7.005274248206369, 5.356267603580652, 6.187997218641315, 6.61731459647278, 3.877922742253164, 8.04869444724739, 4.826279150890386, 5.157499563320634, 7.24678013148997, 3.436082781274054, 2.8873714606348018, 3.4682189782729282, 3.7655227971176286, 6.0772194136305355, 6.124516551101097, 5.035997022523014, 3.866515164856434, 3.2892655606893633, 5.229375117904884, 4.53015382683216, 5.127093298904404, 5.085651884406772, 6.011237909243323, 5.486485875023544, 7.376731858559588, 6.940351700758479, 4.059357828274651, 3.5614780547581706, 6.2468557892161645, 2.8932288368841417, 7.83878667916034, 3.4849080431885153, 2.3965565058930816, 4.461604922829094, 4.534477789657084, 6.600008987003877, 5.405824728655141, 6.53694713639255, 3.1929281124125874, -0.018603179993688927, 4.2945968863932835, 2.206221154779139, 3.2398899954753126, 3.3308419191785497, 7.412714154131261, 5.449033703209378, 8.32772106606481, 6.07162995619572, 5.975201808190626, 4.364673203455011, 3.8312065714776136, 6.997158056605383, 3.1546839243019074]}]