script/wind10m.json
{"header": {"parameterCategory": 2, "parameterNumber": 2, "lo1": 6.000027932988019, "la1": 58.9999434238085, "dx": 0.5, "dy": 0.25, "nx": 22, "ny": 24, "refTime": "2024-08-09T06:00:00.000Z"}, "data":
[rows 0 to 23 of 24, columns 0 to 21 of 22]
-4.199183489947304,-8.874129863734222,-6.43508439496852,-1.5794641896223234,-2.761767266845565,-2.158169766526757,-1.3357350063841351,-1.3045657290654815,-1.2257353381401204,-0.2212688079307881,-1.170561766907477,-1.250959582970358,-0.8274206667023721,-0.1649507113090953,0.4963430502637214,-0.10211573995631473,-0.6480205737154888,0.04983818893540765,0.4105390064189467,-0.06684113428646313,0.10108424358494265,0.35605676058525443
-2.8345474478366297,-4.4177319620003805,-3.272182038291034,-1.3365969266592121,-2.587046428246272,-2.095871001131551,-1.9792550357835303,-4.3325230149958545,-3.7516571792120943,-1.0593865461319998,0.7563406987509754,-0.9306040930720562,-1.0963379980577763,-0.3249485959516486,-0.3563221115176042,-0.6662554373903895,-0.9195116955475349,-0.08938682592563135,-0.5602557553821015,-0.2832091529801197,0.15297571071450217,0.0010727956862348282
-0.3959867525586076,-1.223380025210786,-2.418784564846445,-2.1785385778511617,-1.7980513283477608,-1.523420459812955,-5.884447860299979,-5.729362932833819,-4.101650357896041,-1.8342555395964328,-0.6792292804115782,-1.0447553300088994,-1.1942363482184815,-1.165679082133677,-0.5941966447792849,-0.04029338551934903,-0.8042050271870274,1.4482974551395351,-0.4264089289272415,-0.0218798751474233,0.28260928736251983,0.09879827891668982
1.4326171663083886,-0.6298824817349162,-0.9755743383035789,-1.5096711984496936,-2.273364283511933,-6.938899464178249,-6.989687204024496,-6.473578989694259,-4.606075171787518,-1.4145998004571458,-1.415699483526433,-0.4607838364916123,-1.1449344677955722,-0.9302624122045168,-0.32786543938556983,0.05399395340465204,-0.5414449766088689,-1.1633239315195218,-0.4728993472487619,-0.28369873037655685,0.0083260857402334,-0.05811005043111642
3.8308507885733594,2.45021530099076,-0.013586234950993774,-1.9796126722767458,-4.182284518067895,-6.096921849319224,-7.219993801972146,-6.3532380172181755,-5.00705731367258,-3.155809502611035,0.42994471248673105,-2.3098552402564922,-1.1774633055098216,-1.1116365796288485,-0.397867459328669,0.04645584896091021,-0.4332376968508934,-0.7115494571683052,-0.10240796481353064,-0.3064277017204044,0.38038943425146454,0.34136131671164305
5.9468606517948865,4.828734403469055,2.0657638416596855,-1.5310595508775147,-3.2432815065399976,-4.495445444984219,-6.806226179848716,-6.657706661924358,-5.1936373828344085,-2.6945192704091347,-2.927865958929602,-0.536052679010869,-2.3461900222094276,-1.0850992693853696,-0.8116300940585232,-0.4436050069753632,-0.24577339755930533,-0.5571375132740751,-0.0009883902223486252,-0.14729724924844959,-0.06517071796899836,0.5772138679153246
6.8076201999883335,6.024076704755689,4.4757272178753436,0.16635853925722843,-2.733901692428818,-3.7954226246126073,-5.367366457576099,-6.058465126050478,-2.8777641907446485,-2.715094683080234,-2.2734798904180122,-2.6528649129219315,-2.0546041714725827,-0.996174309814918,-0.8782926014324511,-0.898522598396555,-0.35241899328115756,-0.48841133278654,-0.11571188793373088,-0.12362023058747412,0.1480200578609853,0.7225250240093382
7.317931605602093,6.149838344818508,5.882514548050472,3.5992504762005435,-2.1960098766847578,-2.8280035290277694,-3.9099180825008277,-5.195834515657402,-2.823507563577179,-0.2280361267203133,0.19214330942452174,-0.5718201706201352,-3.936713762490856,-1.1612603326104318,-0.7243360550848387,-0.8279328152903318,-0.7565284705492914,-0.7412889662004282,0.04260500463235355,0.05774103306736236,0.16439967346399673,0.9215915340381193
6.756680003379294,6.772200350929279,5.80792526217942,4.725092311752057,-2.0954943360320533,-0.9348260111188945,-3.67381416077879,-2.749643643656532,-1.6062632671212917,-0.6509362371740887,0.5664782190835019,-1.4513449540739396,-2.416726024554611,-1.3408236642452072,-0.7337608006589922,-0.6834106836023587,-0.47082542631153795,-0.3694130485572439,-0.22830116114402485,0.08112234077733753,0.10327656045910166,0.7112398720461159
7.191010866951938,7.478169188238244,5.702536663012266,6.172881600840211,2.545610356698641,-1.5362077952905822,-2.1882110668913906,-2.5388319366359484,-1.8165479917981548,0.01361674990489985,3.644542917093714,-1.02826587672083,-2.240096218253581,-2.1914142609554697,-1.302394166140911,-0.20146059192100949,-0.10060870443379068,-0.32801256778202936,-0.12294464586798926,0.019781792250222956,0.15916036950875267,0.9920877650413666
8.999361941989385,7.832695972952559,6.01068062590537,6.675622955247373,5.600550261760917,-1.4422927258847535,-0.6347050106246224,-1.3526081257076323,-1.875273906988518,0.014019571381434719,3.8228839785397013,-1.1348718851633557,-1.86503144767812,-3.7106651774621087,-1.7660632566154346,-0.9171897899965877,-0.22730377632047338,-0.4032000169413227,-0.07280207967228122,0.036481765323999216,-0.08085904937290397,1.3819965419436273
10.13145314148697,8.786920491712484,7.677337203883228,7.281927578950263,6.508286600990793,-1.4318268993081276,-1.109656425330427,-0.8853987314852465,-1.3777182126979586,-0.5409527642244903,2.336519695779235,-1.5126858830276178,-2.883437019590927,-1.9000540162801394,-1.415928852330185,-0.5599666826576962,-0.500955637811994,-0.14835990447852457,-0.027762199725470553,-0.6915898350431638,0.23439299475011532,1.8023481851942798
10.096747047175079,8.51617497220527,7.855740190072127,6.921397399875607,7.154110610965709,-1.6051227133941768,-0.8889278290209538,-0.8275805572559491,-1.4003579589993767,-0.9997998501114695,1.755297521153785,-1.900919075389517,-1.6129568178820146,-1.2137321430791526,-2.018904466861055,-0.8653890700040268,0.06849335991403063,1.199980082831626,1.4336286258818387,2.544947591245353,1.039938172377584,2.24783846694015
10.170812560337147,8.8445463220135,7.607430021567879,7.612694803287979,7.265159255670912,1.5654682500426094,-0.6624410956675819,-0.4681126365400577,-0.49358178551618087,-1.4900906259910631,0.6622618081066821,-1.1072074296305787,-1.1669402997612313,-0.9311348287578737,-1.8207798436112785,-1.9149988156207942,0.3046713609245115,1.2078239195998755,1.6169706623215332,3.5717295567915595,2.368075643286549,2.4301997512061755
9.64253765885703,8.507206596911393,8.331677237910094,8.055515359723211,8.339555794683712,3.547129752545183,-0.17102700688985734,-0.23694341315874715,-0.6310381023252681,-1.2062730355817655,1.337805141960582,-0.20821501450591356,-1.4333484015393718,-1.0116737511972669,-0.8471310724045271,-1.027426398587442,0.1625557393084983,1.7137005203033895,1.5737656157983761,3.9728047342485824,3.378705308035389,2.9046898907312775
10.10328280978017,8.405735696154943,8.932714071351487,8.488075881321347,7.66117019512528,4.945715215879355,0.14056466804501483,0.14909804414387617,-0.8425756194094558,0.8910594677090342,2.469085382067879,-0.6929051913037251,-1.0689855835708637,-0.9132606434689078,-0.2453956580586512,-0.5686336193614953,0.2381113578213438,1.1033195951538435,0.4696103180039333,2.5770289449489594,3.134094644363824,2.8692640479787896
10.892799988387962,8.685023898340479,8.918190947626831,8.22048380037651,7.63711691785006,6.294800810388357,0.04536642672802895,0.16206865923779903,0.4058172021341135,-0.0649859228443171,5.10240891753067,1.0097000888340564,0.053838106253130236,-0.4105995086929978,-0.1972594627878283,0.2667232128260224,0.5550567578152391,1.0232927194840173,1.315913066950178,1.6835222043734517,1.5712570084493755,2.8894114712486116
11.0333816067772,9.16925794929357,8.882311892843347,7.8651644044666345,7.621122377508648,4.615753291314213,0.0256567547122486,0.22861988427384267,0.365829767336882,1.0963045746069804,2.0489107050315223,2.6725576144363545,0.8702306673620291,0.07473650731255096,1.143850493694021,1.4145398202613073,0.7803382702365896,1.3583857764184173,1.539994155319655,1.2086606959290054,1.8033334252422706,2.7709606366309933
10.683900466592485,9.856609662897739,9.307722716609913,7.612018047889286,7.285893315579233,5.759175139988907,0.23235913799065905,0.4831479955523489,-0.2986598851001168,1.257005340757357,0.3861744224682294,1.645403301200395,0.8627264788267263,0.45141225003138563,1.005451616331697,0.5930965818652584,1.9236392983447337,2.3558615019579734,2.5869412091165866,1.9523712822462336,2.2556416310156373,0.5393215688487507
11.226293380901579,10.512976829564264,10.02576701029664,7.6765901143067055,6.630418833405744,6.539430170337826,0.5673756002519191,0.054613700821226116,0.035413552170200625,0.5652731053916499,1.702794780693733,0.4443348268178228,0.6893656108645944,-0.19330369824812244,0.08200190906272371,1.7497176806907704,2.00834123968979,1.959397014875359,1.8929131569736304,2.6702873979672077,0.34548090005634513,0.8223642455512182
11.499070602934358,11.074336321561605,10.573724172996362,6.588612040792948,5.301453012720893,5.191457407339172,1.2956738488182846,0.4789600011586045,-0.10547101039286297,-0.4092100419896705,0.9410587129980981,-0.3250977298280042,0.042658623467941,-0.0031753058438096496,0.13806101195398238,0.32785714535690025,1.2118557007644752,-0.10380419197647417,0.5134874423232888,1.1807359336293046,0.7134355886086748,1.0027199753406613
11.420552638444851,9.896309013401684,6.9644024663641755,3.4329085327272884,3.7629871087792424,2.298244878029258,1.603195335574834,1.3467303620379916,-0.3367023564528203,-0.10770465443782418,1.0134960669171929,-0.29212094402101274,0.7803435202066024,0.02497947236300733,0.42650284346509987,0.38220573109978906,0.34545925739803934,-0.2685603343344684,0.3048796100987526,0.6885651337516575,1.2119405605815077,1.1904501123580202
9.939090527753665,5.205298551996345,6.425050223026582,2.2518457332179946,2.709734405860246,1.902033544814205,1.4145366301732514,1.027246667781017,-0.35856731376663536,0.5269536725391063,1.1682408435267804,-0.04748560173384131,0.3203000849602353,0.4237418170994376,0.425139756717105,0.8755893630054893,0.7790980728685145,0.2497745310167471,-0.11820831342695,0.7523282388387802,0.6193560990481016,0.7794141369327553
4.941156075383268,3.139524323691516,4.166221406184811,2.4061709708685872,1.7892441034393674,1.5118269291725144,0.8013527032879564,0.7312102663855102,-0.03674658769884544,0.4925140955241882,0.2077391264860356,-0.08367838884440922,0.13205958885526586,0.19122018242229336,0.1973952267016235,0.5726867561157079,0.44801400483547066,-0.00178545535555206,0.28904233503456755,0.5228707592137559,0.2985084842565806,2.2828116429644147
