script/wind250m.json
{"header": {"parameterCategory": 2, "parameterNumber": 2, "lo1": 3.000054539987559, "la1": 64.9999836372058, "dx": 0.5, "dy": 0.25, "nx": 34, "ny": 52, "refTime": "2026-05-23T08:00:00.000Z"}, "data":
[rows 0 to 24 of 52, columns 0 to 33 of 34]
7.913187547966949,8.59881168282019,8.40534166337813,7.506358851421693,8.000763448747168,6.824407088922197,7.437208793757027,6.686335774993325,6.316360101512727,6.647061862392552,8.088704453113145,6.775821376748937,7.058586694604456,6.277778606580745,0.8296483667822795,-0.5642579699320818,-0.24967817401213172,0.71380668268771,-0.6456809712745307,1.8382427652196451,0.6064539812643861,-0.6093987894864162,2.2747793141525814,4.609622239275119,5.912287357854854,2.74467852487302,2.1907611558646995,2.934645361344073,3.9504444608817515,3.6330886380103204,4.197795708242244,2.6456945683828277,4.123362769555582,3.9475986252594115
8.616334356718133,9.026332312681946,7.905721489968748,7.313997425129696,7.707273928728797,7.67704768308808,8.359939071745538,7.998371597125792,7.37865403910538,7.094129901900914,7.78840923011512,7.0772519646596015,7.289470467273081,9.291739772714731,7.428916991182799,3.16063389537255,1.1553170847642635,1.2964346621856058,5.4538400600641355,3.36234526395391,-0.138201782646765,0.6781136495053713,0.5261951030897668,4.39089338249071,2.999973138049399,2.632208244814622,3.9554897719542663,2.5647774187658636,3.5318623424679716,5.385081357331311,4.135907196196331,3.489111659746593,3.2533715263283103,4.716166312776216
9.374054170232684,9.067457638359562,8.488622170090624,7.443865566707897,6.371709415593268,6.886045913707143,8.258654139451645,8.495935160379195,8.058103270979574,7.416289257618988,7.295203939623484,7.72603329546676,8.128540098166274,8.899090921372862,7.424972990523069,6.465264794969524,5.275539962130505,0.2403052254989876,-1.0203914452887881,-1.4990319289782608,1.9458148421338686,0.3171823352548023,-0.20431736355634184,1.4726455279828092,1.4994148683608681,1.2190611006528898,1.4721233718066702,2.8890256612978034,2.6940091044230714,3.9933323758395245,4.4689549218461515,3.8350909367826955,3.4868243055668326,4.069120750791521
9.598672703648695,9.916903625852173,9.421259413621486,7.4212390891011335,8.081879509373568,7.567424671419651,7.8607918917042445,8.508610245760044,8.757734051797604,8.404324919552304,8.11594485950352,10.145249109677188,7.057212383889057,6.450687764637722,4.312282098004209,5.797582773561718,0.375814504881644,1.4619098358028495,1.8219333887190938,-0.9253202962068792,3.0505350916797935,-0.5663235373104352,2.863301618805932,3.187916915792421,-1.2653532225055397,1.1003901106267422,3.511762836392069,2.9809205993809296,3.260896713362918,3.397507121965492,4.60100106575276,4.8511308174108985,3.5133655617864012,3.2960155475878015
9.951251470165637,10.159653893182426,9.681235372020858,8.823633054519334,7.683012522672249,8.024283592715861,6.8167244106358895,8.544888895223291,8.80238902035737,7.318280230335566,10.979907695839604,9.925067252547175,6.507888209777352,4.423184713939631,3.1981205847864445,3.4735680031366307,2.9195269954415,0.09678530562101227,-0.046687487804943584,1.5188731993314948,1.5284675109297734,4.3384500618667605,-0.9704295022494535,0.3670690811424906,1.5761729891670015,1.6531695659783399,2.623616700688785,2.9988210254157885,3.611769894110357,2.559250659985338,4.679834752251946,4.184055141743878,4.63383685958086,3.0538106626065495
10.544329282835676,10.420725530012565,10.11353282130899,10.059334573854072,8.846893228617587,8.96070484855769,8.289741626581772,8.035811221720525,7.880150857218688,9.672670208184975,11.329584952145959,4.692585596132839,2.701766450326881,0.03228041658197835,-0.16526732522558363,-0.0025686345709026196,0.13338038526151896,0.3777501667239209,3.5581921522504167,-0.9664835262126157,-3.1530495268033207,-2.500025727338376,-0.41407361453065983,-0.543508400521554,0.6648268285285734,1.9020753383155513,2.5920112880643718,2.764178171277475,3.022800010970221,3.5277807873876124,3.834330274125302,3.369243353492659,3.609822161063392,3.890733697186718
10.391968181989647,10.508213733984784,10.335907168766868,11.108145683567859,8.805749451879208,7.718146439538005,8.450077455231218,7.043350756220584,8.853422171292483,11.455840169294948,8.273033360575754,3.821890580371725,4.921798703603338,5.959788044624429,-1.0319682201302525,-1.6495119084427545,-1.1421014100773037,2.3809467206826485,3.896732227362543,2.3925302774379866,0.5781543228580613,-1.4825548583579577,-2.5279326057051903,-1.1213071611527208,-0.010775685692097825,1.9715833781141272,2.494320945617555,2.4674059780799427,3.4628700091101625,2.7712249187825293,3.525959739534796,4.211755885095163,3.052890491019295,3.890376875553731
11.514640441031249,11.447497353974715,10.398325755832966,10.610316322350831,9.857833832354647,9.050137217902144,8.8411103490681,8.72545071887382,10.28322527993911,8.166897734506765,6.248590236452067,0.8487997105740328,1.8793000501884725,1.6615795369511286,-1.2765074129105498,-0.29195796523949985,-0.9699940147970935,1.7697136254694414,4.174267667429849,2.6976882754474647,3.6463354334147464,2.027963154311404,-3.0982383620269967,-0.8713330412393745,0.5031386731303074,1.5142982058761931,2.1591937630032296,3.512648825871888,1.6915686213782555,1.9728190751815258,3.1085584164530036,2.6350049230752255,3.3743362768856007,3.999611036979419
12.436162201626866,11.204074133856151,11.209554096336738,10.793584385544165,10.704934677856066,10.016795328971769,8.684346969153829,8.203598116360773,11.655858257368578,1.85485166830328,1.5253146996293683,0.31077961607823756,1.0588418984181023,2.6179700201630607,2.1679053397884784,-0.7011894048302381,-0.6385069921408362,5.9546690740131245,4.223522168755474,3.6503336795194867,7.135746335301172,4.200372682164077,3.2000717129058547,-0.20428263741802058,0.5169742418654958,1.8443612142366117,2.4870408668176642,2.0059632557283815,2.4428960259851946,1.6150023619628235,1.5538814815958257,2.757725365943264,3.1922190965281056,2.3331005230322694
13.309618964706212,12.25175810411035,11.37295997386121,10.516817800258497,9.926932637260295,8.282639964574967,10.525869634862916,10.844623931780822,1.1177897014042117,1.261208752129562,-2.070275713007537,1.0552715261725076,5.695562068190849,2.5603317235093574,-2.115084318128021,5.924326722930166,4.318586457024082,0.4605678677794091,2.6923997372497337,0.7853995621074614,3.202935269673857,2.6131521401053606,2.1146243647934346,1.4657249570762076,0.6994009346859461,1.3087601578994754,1.9321031073088892,1.79722889851248,1.5541009922807176,1.5783380173127015,2.0525153554936746,1.326482136275374,1.7304544941226407,1.4372925326722594
12.842648160765773,12.257658144022248,10.675665623197444,9.592981687193497,7.971690776044892,8.173875014638606,11.145709043246907,7.531367392541477,4.019886046671958,0.828239705943051,6.633434177124649,-2.4752190559143714,2.7248130989156505,6.435096247663024,5.921846320064528,-0.24142641359250816,3.5247562394820946,0.3914629165783241,1.0236646604068036,3.5228181063567257,2.388230046385515,0.610670309076964,6.486132447226922,0.8963440778279526,0.2553907871810008,1.1528193362203545,0.2306120619899133,1.3689211759059685,0.9748773243671198,0.39212681658648313,0.8884531580769854,0.5044643206223403,1.4462835536096184,1.7921474274482976
12.529417442938982,11.405777736545115,10.570669562184703,8.196478150510995,9.749771304543458,5.4635330130255655,10.107990393522615,0.07103956522222978,-0.4781914536703553,4.359226179873532,1.7528901387140814,1.3750444750170328,0.7503572361190439,3.453649000485084,3.229637484955005,2.3875030974532914,0.9794091336486158,4.817374525904292,3.240506303662084,2.852644293816849,4.9311420401244925,2.4774105301572407,0.717792798138612,3.134123693227205,0.8414506402245906,0.45016671078845694,1.1134445303041514,1.8071412101832904,0.6555224099764272,-0.2547343066300993,-1.3926532031989987,-1.0861763662813377,0.17778704800894896,1.1577802228073453
11.563258575081145,12.34513543835021,9.552137821775593,7.573265243694632,6.820873640982992,6.1421146629865175,2.023038782386347,0.9600828940730868,1.1350946190391396,4.75874397243074,2.3921975332370304,0.1628942865456433,-1.1061853467471543,2.810777259086347,0.018433755384701427,6.619555115008844,-0.14235920156403065,4.891884419247742,2.4885585610224883,0.9149773171996028,1.9657653986059933,3.586873152753793,4.473163142486953,2.351135252801772,1.9445107467352996,1.3274123001688045,0.728586112045865,-0.07308636332820323,-0.9603644247006528,-0.9127496564443469,-0.31438532023095084,-0.5797312239348184,-0.6148794067366751,0.15421808683591326
12.473654299503638,11.884697506959895,10.066833925560159,7.915441397426455,6.182122314145375,9.628089670360918,10.750632573905,0.17641624004505138,3.508086678646242,5.297395932985193,5.8821675165043645,6.599285250354226,0.5896663590003084,-3.470122325522089,0.09942485586062505,4.516429966635016,2.5831834903787048,0.575399266424185,3.1109300276374374,5.051527118149011,0.29887320106024895,4.425892628660161,5.197765585870149,3.875346814057742,1.8556508428474547,3.2445947456115376,2.0287863692387442,0.14445138236148936,-1.7908332621703564,-1.0985278948043928,-1.2430125867170199,-1.0852201442700196,-0.856119570335956,-0.03268860633367649
12.724581084901645,11.783899632676487,10.217160412249887,6.760236878611087,5.271822522838947,9.083397073323324,4.215471286200181,5.540897476958989,0.6473215827337822,3.045863856757635,0.8615692317927669,3.594376477141662,2.9931668226423,4.270857538564724,3.508858968137565,3.649724633929845,-0.7870382593068224,1.174758337567603,4.239793666322221,2.2021767709999702,3.9203387085763612,5.014844357603319,4.418311592560534,5.199645910012684,1.890390551922256,3.4457531443525906,3.479268476291356,2.6064213477376037,-0.8884609244529711,-1.8382498072790503,-2.5817820534666556,-2.6111179766039982,-1.4714119465878421,0.1140693880558701
11.664833847310378,11.378683180388949,9.769436909576932,8.659213531770513,3.3529294852347693,7.103769967515349,4.246477872428905,-0.2722302000304718,2.1507521397829805,2.788339546248835,2.873283659838055,7.526539617902548,0.24473223837827424,3.1105005596364785,-1.2894597000948054,1.985273689906384,5.395091078401979,-1.1579909583910393,1.0199529122237339,0.9451438256181784,8.027378823163579,2.603267378107902,1.4692447489878837,4.537902372293807,3.9328067803984514,4.3808754173829545,6.287301336549261,3.4152898053117924,3.45226320921382,0.23973758244895693,-3.145160518719889,-2.972644109761895,-1.460204685038986,-0.1375222289502767
10.071225877845972,10.10918197504067,9.11985448735828,7.8599656496618495,2.551153514253464,4.441811438871955,7.803117977659676,4.64171435085876,-2.9077837098890598,7.217105726941739,5.515837042992353,7.49270201381259,3.248287719671962,-1.4504518752432378,-1.3073505539409382,-4.279127138288879,0.998529716342129,-0.25443504009248463,1.4605577941651435,2.317997214804215,4.834368135053243,2.9097760920700324,3.22325086312786,2.707980355962398,4.4900875777773575,4.084829553293822,5.78371582184546,5.368800357914691,2.3134290592786853,2.571330476307233,1.6414873620499904,-0.5856008617940348,-0.7214287993658629,0.08626084929708142
8.302074856775116,8.392090666545682,7.573835184914646,6.859595891144723,5.3805833018801605,5.7231124764285815,4.302000475903953,1.9568843434329537,10.471602272942723,8.35123062709407,0.8702141431764835,4.471959730736001,-0.4585729683763218,3.249369156385645,0.8340845062592868,4.257943426616813,-1.988699140099424,2.6155008734790366,1.6499135066423833,2.9658704280625425,2.3585190227530877,3.755382605100243,3.245555069778842,5.639402486728791,2.9592461445862135,4.138807981815094,5.152910034880179,5.218402240951508,3.8307337515725184,4.241391060324931,5.371437259690501,3.8275757981331253,1.4027142513504802,0.2728151100781744
6.432948694765954,6.34947051694618,7.221452629347229,6.983240208894366,7.687070316240736,3.145012704174007,6.560865927914609,4.38556409587146,0.6321781442941724,7.613528369988416,7.5086088427848425,5.685882978217454,6.808263307439119,4.044356751547136,0.7586178984933188,1.893960760684255,-0.11614992061072257,1.3496784900562029,2.0266315608759493,2.585711714785692,1.8850698764251195,5.34500395238719,4.706427282051704,4.304192802634888,3.936580217637258,3.594641018911134,4.946246167722094,5.47604213876422,4.705586913941038,4.555674998499386,4.891643657565769,5.466329141313742,6.048872439392538,3.1740870844925047
5.7847235576377685,5.8994915022886625,6.563437836998114,8.701042414463071,7.380625827851645,5.146580443586233,3.459421442676063,10.108486883445934,9.942339184167858,9.294022582035284,8.082509889036496,8.512305856632144,0.6359283873313016,11.184388139117493,0.6404761782190462,2.973056150793136,2.3712635929501977,2.9777360966886244,2.193549352274852,3.2915320308777454,1.4511149468066418,2.6202329034583824,5.001611788273866,4.763471309600075,3.818704716412784,3.900974958155941,3.833955150617099,5.428817679144493,5.22979752262977,5.587636971648883,5.325046377560916,5.498707304923622,6.335770920835646,4.778637005802955
4.872235278191766,5.863617201765287,9.02072495344263,9.505273008211322,8.698098895838756,2.257732180631668,2.498541842978528,3.092787211280021,7.706328728325057,9.643825471590782,7.450319592072357,8.477625640206979,7.639378404367077,1.837298315699577,2.036409155331995,1.6453242300251822,3.7062011322842228,2.084545643989033,3.829718023360467,2.9664046981838066,3.4189029530032053,2.3257021667180737,3.86802827092538,4.513183633150331,4.716266503223222,4.659755900883734,3.480947796421171,5.5085808951814705,5.8320424098709776,4.9606798194643575,5.499441616108338,5.697144772353995,6.398683258075034,7.018433180196389
3.786684606496559,5.308702281396692,9.889728568845452,10.610512440020514,11.091405878069825,5.296887715986305,4.3310239158979575,1.4504491178830354,3.1712572069606413,2.4399135951531443,4.716013132126468,8.127197366478015,0.08199288882804669,5.771229183497674,0.6028142987577042,0.8602795287487418,3.2591064759190793,3.516645441936139,5.515742407136633,2.4356410838264684,4.950031142597457,2.1991030715875373,4.141285341348481,3.6317310759152717,4.307873806002921,4.289350848140891,4.571106888394609,5.343791200075731,6.259865547685919,6.139479008532793,6.505309286291137,6.707695514602243,6.149402155579705,7.986508295009844
4.616249171118549,6.366610406203714,11.949124099359167,13.141148604584885,13.159206603299959,3.7286320130360475,4.001010856664062,1.3773727996839333,7.915177696989636,7.3964380373244545,1.7070265891415477,3.9392776194844537,3.275352224639867,5.075546914574526,5.485435759842954,2.4446090974161567,4.487829442647551,4.858342987241175,5.0885967038935735,4.78545134039627,3.909003918938208,3.1209154902740295,3.2163712560460236,4.135387756989137,6.309594885965384,5.066674945508676,5.681514993288691,6.679704038340596,7.162051527348953,6.6971573343364135,6.834009041020838,5.954681859288597,9.276576885021093,7.638033635994602
10.772440422541484,11.780915737497214,12.36209613263144,13.675684912521998,12.676681626358581,6.654973933731965,6.428177098816051,2.606744944355479,7.294410010232094,0.225346726549494,1.79227714327322,2.236621410684046,3.390067015492293,2.1381031131557204,5.640774251796356,8.84691874469561,3.7613053897832494,5.379651107988209,5.215642936975853,6.339718992254859,5.573676448541013,7.1390854591575,7.259535040384107,5.702283986234785,5.82295008927706,6.143014236253497,7.411457840291728,5.234915529978023,6.044955362026413,5.773861606350815,5.589160580117598,6.42178957512029,8.022136911627701,6.876268899021048
13.56814076110826,15.818516672372898,14.752290447148198,13.16964945506173,13.502314440992718,7.088365359226532,2.1095718900450517,4.816944578412285,7.312825049671674,3.392409182378551,3.0096701135936756,1.5340752982821824,3.6181973437658903,5.557102530312646,8.213686279808462,10.341776383662433,7.013615495900171,4.777203170956232,5.774373434366294,6.901820998946421,6.815356649543081,10.130557078546092,6.4499722440567355,6.021453995399277,5.518635075481894,4.9807770863240215,4.678338920944876,5.001649693656356,6.061503109900965,5.931655383494988,5.24150427031521,7.480736521442137,6.5836334922420345,6.885651614226055
