script/wind450m.json
{"header": {"parameterCategory": 2, "parameterNumber": 2, "lo1": 3.000054539987559, "la1": 64.9999836372058, "dx": 0.5, "dy": 0.25, "nx": 34, "ny": 52, "refTime": "2026-02-03T12:00:00.000Z"}, "data":
[rows 0 to 22 of 52, columns 0 to 33 of 34]
-6.210360935337992,-6.58645402754028,-6.762819379896585,-7.3282136214024165,-7.970691105824122,-7.9208934470654615,-7.912617475284606,-7.7953792765981635,-7.577145968955673,-7.255494219462465,-6.593300102265328,-6.084646497437782,-5.975767829651687,-5.9908611248737715,-5.637080551739091,-4.1662360515570915,-2.890089362450623,-3.3216362533988066,-3.212592186161619,-2.694626854050024,-6.296968023507557,-5.272220106589461,-6.741211430740374,-3.4902494893820206,-3.605073806696392,-0.7844957573349223,-0.22839915343567774,0.025656385178316313,1.4483752891597386,0.9669115317871275,1.41400913894361,2.82330533799531,3.715013284485775,4.054381760851107
-6.437741122819485,-6.521950904153625,-6.9428226275890035,-7.399791165238375,-7.290655289396144,-7.065926423981225,-6.915678012926052,-6.501222476568397,-6.106920413316402,-5.52653646989292,-4.925982768753363,-4.288581261399476,-3.7059871785443605,-3.86408400597492,-3.7259473134100762,-3.8558366776516753,-2.9215216267486377,-3.011861494750899,0.36202823362582637,-4.50799091257278,-5.867650938449798,-5.495048192564906,-4.851164059973362,-5.125159231971174,-2.1005305755730217,-0.6329553417192177,0.5695913628238566,1.0576868137255442,1.5795365398793488,1.8500959287008032,2.456404241944529,3.6306404925897313,3.926188429383081,4.8668332939208
-6.526767050083969,-6.639320556323359,-6.760648424393506,-6.406183999045833,-6.452506534996,-6.037499110543369,-5.529747656935885,-5.0858648027339335,-4.97420509747732,-5.233108202425811,-5.066857422419091,-4.533939431317442,-3.0999100296297994,-2.3261751228440706,-1.0991999563594728,0.4861812540201742,-0.7281671798520982,-0.922813431332311,-3.799020507332838,-3.5036496682838036,-2.8098674112024336,-4.298044299662574,-5.682066715945677,-3.94718722104972,-2.4497479520591763,-0.7567880281884678,0.4290463732948167,1.1398030568219604,2.245883278379594,2.3053311443350752,0.8844622246902586,3.309545329472255,4.642468851704743,5.806075794525747
-6.429712544036685,-6.166458926375538,-5.831055451189905,-5.533911343801795,-5.106177471380847,-4.693546138806839,-3.8704293725198764,-3.64983063244267,-3.921161886688049,-3.9650359144124843,-4.403816947040607,-4.752108062275032,-3.9661316429315274,-2.1628337517537206,-0.5163754196473281,1.6883534242178964,-1.0926027805005618,0.12035276865676606,-0.7628989726310239,-0.5429209594743687,1.1470061524265438,-2.964050412520378,-1.7533700951764033,-3.73416457798792,-3.45224513111205,-0.9864432614242489,0.3675260628985872,0.920428824147107,2.4792570379446213,3.295605970130085,3.66019968696752,2.1711496519928497,2.9076179361502525,4.979108509331451
-5.851224384407759,-5.348902234500833,-5.065325495108548,-4.581110238454318,-3.718582015356599,-2.972038709311193,-2.555436722060003,-2.434174595720062,-2.042594316700196,-1.702288920216739,-1.7644017128289402,-1.3918366765234684,-3.1179925273067646,-0.7127353133592325,0.20083999186571536,3.1096955181792194,0.5097480150299366,-0.3955342337202557,-0.9501785261618745,-1.1078054412009495,0.44148178356551754,0.035340665520634605,-2.5183147775540418,-3.1215996857458035,-3.816233903574466,-0.593230066960937,0.5434302826799832,1.2633366320230446,2.9262319188846364,3.573598158166946,3.938807027656842,4.759284597936528,3.622274895185448,4.016995059268575
-5.053021800787109,-4.146111383570753,-3.2655343544540356,-2.8053868774545876,-2.2656064865540695,-1.9896264997713538,-1.6574077936889813,-1.2245016791908578,-0.10766935782326091,1.0755976486298153,2.487747445214852,1.9203013012602745,0.589973236186877,0.1937551704307392,-1.8760956371869213,-1.1715991212858086,-0.3649493144309105,0.26356763913892284,1.0147465776143443,3.6092891721513864,-2.103923558437936,-0.8437815271330721,-1.026466582422389,-1.262638878468656,0.2198849705763141,0.9929069562764441,1.7091858864913545,1.7074392361516353,2.473521518384096,4.206580465279907,4.881394361397702,4.9532102939418925,5.150065029769703,4.694170777108115
-3.8747650401017535,-3.297362744500816,-3.0863638847012864,-2.2765563473787362,-1.6561043162106215,-1.1459970404221094,-0.8823043645293915,-0.22772294984874977,0.7206721142530301,1.896027113281428,3.4316856835915766,4.180242586301291,2.426947977776695,1.7181313234987514,-3.5293599325331084,-0.5773973604287505,-0.5705562891926889,2.5039266672104863,1.0481006065597613,4.261461626790962,0.10846412025443253,1.0554391078420446,1.0919407438070847,1.0641402662609134,2.1223084815565847,5.123875585245156,4.063684691605365,3.2813514189612647,3.7876486147861774,4.435963713201126,4.841045780027264,5.036043941864657,5.007855807876178,5.7522002858721555
-3.043436439011199,-2.7174504713411625,-2.171239683253447,-1.8043512032843252,-1.2354246229062371,-0.6095767027305136,-0.26214034492808835,-0.4363712432099426,0.9432278837468923,2.584813029185063,3.6793070352613086,2.207401742598145,1.3009112847983113,-0.5806361683920744,0.8257570020484725,2.4423251406705413,-0.9015574781303292,3.5625675209100036,6.487935177105834,2.8510726692335013,1.6986814325389556,1.0227863868920375,1.5443190557229178,2.4235083493069904,7.674031993567691,7.419790877840742,3.84109766614057,4.79461524068067,5.033948834689933,5.012477251276897,4.6787656867888145,4.515316292413931,5.200113473936887,6.607807985243796
-0.6209949050225595,-1.8866920995483287,-1.1611544248965877,-0.6092927637039673,-0.19306696193035458,0.1605676006527235,0.9929285854211006,4.385258315448755,4.062599193366617,1.6742127136793266,2.501482747501488,1.3632285745164157,0.6419813860349168,0.2501389966293287,1.3638685480547519,1.8456913803539037,4.173307787091842,6.927376469691623,3.6645046457813195,3.4624476995062183,4.519347864550551,11.094764304274642,12.464483897026033,9.38474804209328,12.547206042654837,7.147620167896217,6.56959779622153,6.863311593205463,6.077903041764561,5.167133150783434,5.11164441360577,4.863800255914487,5.624793520392157,5.5611842833627
-0.0673223186408475,1.0350840503620165,1.7900002203746432,3.1725327590711845,4.303278844617976,5.271336427342158,5.545674082434314,2.930892007004639,2.745325905912713,0.2298424839551616,0.29578387200827966,0.3026249075949741,2.271696894428186,2.7232397961803487,4.006324176631461,4.972079537703144,7.257024934418492,5.6323412209113135,6.997296182043586,9.360928559601541,12.972277236884512,11.77795785309462,13.17651343961672,9.773733243823223,8.749350535531715,10.760390117501025,9.187375469559216,8.863590535167505,7.6162512874847,6.094585129935942,5.438657735096379,5.179895074553736,5.306803718401143,5.533710825151728
-2.515818073535894,-0.8870532389571953,0.6687412667139768,1.6694804167930952,2.875440512479745,2.9439187409040577,1.9951773674787765,-0.15213413189327468,-0.08559549042667682,1.3234180143314371,0.8980578872143307,-2.605617496362807,0.21112067665962503,5.5525812078036285,4.178217388625737,3.684374283596068,5.596824302241533,7.391391906263849,6.788200060567837,10.339152896792806,13.668986527967595,8.399990959593147,14.579573076174336,8.428604863556652,11.158123698795062,8.424308246554356,9.765838095647684,9.9187255372496,8.904887239827968,6.522614250222963,5.772236674654685,5.44489051385987,5.656968096185742,5.61738548156564
-3.1026871812661416,-2.0379380449313484,-0.18964897423883556,1.273029855452357,1.406834537003731,-0.5581774617600773,-1.1088054646195638,-0.8670285990165764,-0.06995412015796182,2.911226689897819,-0.20119910219630704,0.9099437675272906,2.992382481045842,5.463076472861565,5.275850377944547,6.953926034749169,5.937116746183401,8.882677489672444,9.901735961579167,11.652374485694855,12.638012574904046,13.107584872404642,7.557808388526056,14.510163325786275,11.607947416662222,11.125550988042868,11.019417059192552,9.95060761942162,9.506516974594255,7.906202996897632,6.2244852192257865,5.847163757497785,5.8198136205566575,5.312881097419961
-3.291107298659115,-2.786678622619463,-2.0579510634458753,-1.7343200730157222,0.47186581593790333,-1.1500492132841882,0.6461550993300085,1.69847735788975,0.3528389753214964,-1.1219018451685698,0.03794356362730569,2.499769823484923,1.8462961219460503,5.399528453368205,4.311677038536483,4.895450217346279,6.855163392709577,9.653342540761018,9.763899349258395,8.073617395740602,10.541079401395988,11.568185334135016,12.710930280201584,8.517238239225955,11.750585885066373,10.269457433251308,9.473284709429011,10.399980287792596,9.094990443581827,7.423423908860827,5.826945531068688,5.764439862913049,5.397282297352835,5.027568048254994
-3.1775739655270656,-2.14756041873177,-2.7810667438252064,-1.6710980811024787,-0.6406863643905497,-4.091580226464499,-1.010409800872083,-1.2428070022347157,-4.845475133078009,2.6213362743383657,2.0471482128409337,4.343331731449961,3.021170346174621,-2.1751322401538578,6.86269100445345,7.065700909977785,7.284051674965216,6.630179596932666,8.399748326511377,8.406257735001123,5.130219572982054,9.983384425175755,11.40813240700115,11.454305312386618,8.865246544302734,9.8834018076548,8.42392875754156,8.370123710102286,7.555416495183657,5.577588858394083,4.832937868167262,4.80318866861702,4.463094599789134,4.3605183790047075
-1.2253563115172468,-2.5238357518241306,-2.251425896833644,-3.128795887410661,-1.9518591917842485,-3.5394190619981294,-3.7843096802053178,-5.264842427533419,-2.894495578333181,-1.5324971673736798,-1.0919567547964357,3.023236247539037,4.246833722291955,5.815350427012265,4.443911011289641,7.682908925472459,4.8205208235047685,5.120707021256254,6.733114027834544,6.698268280326246,6.010648553468888,5.870640294449228,7.839152939036947,8.999135205021073,8.140054063809524,8.06117713911955,6.680703773779247,6.333307885272228,5.108782484724287,4.179774251834995,4.051670993100747,3.6432498810430873,3.476690034616965,3.4092680649769784
-1.6147350728467542,-2.859849225791958,-2.46149768492331,-2.7543393480464284,-4.021446851221499,-5.982740568725959,-6.041934851719845,-1.0784986045783278,-4.140017443335136,-4.968897503717066,-3.533898052789282,-0.11364142778215024,2.066555319262316,4.222852807552003,2.051071587872973,4.211823946794683,5.58390929476902,2.377011652443652,5.342478362842892,5.281170811289512,8.562374127309571,6.424142985213636,4.5400301432108,6.889115522709284,6.812508323892019,6.546805389679339,6.31467840826247,4.274513604312818,3.321359506740188,3.490794751940147,2.4745860046137937,2.4224174256056226,2.1404109303498338,2.099846412555708
-1.9307639741731917,-2.570574010370526,-3.273458944349794,-1.2442695039642255,-1.3310730219478666,-0.13159264764246523,-3.998887493797234,-5.787476490848353,-5.503914551442558,-0.9158655924634284,-4.668493618395804,0.06426148162082791,0.19007115519112555,0.3617503053767035,0.7912187429842821,-1.1363870365526458,2.029537945952583,1.6401133681704487,2.787652918199462,1.5241836782211733,4.891422291866959,5.7417238872524745,4.585850003478092,4.361182896646371,5.471977598194227,5.34236183297086,5.4709859382135955,3.9427184036151033,3.2499061788431636,1.4654356100367594,1.063090034663904,1.1927191340787702,0.6960251639391982,1.002924603018619
-3.255123626528726,-2.576789310638913,-1.4490063893933374,-0.05081492408750027,-2.7114181217928466,-5.285857290930992,-6.888972535171751,-3.624757458087821,-4.33556207738022,-6.622126858771787,-3.8669102571889855,-1.7891869324199752,-1.4362092189028015,-0.9113494973988522,0.06502211053400245,-0.05701000221990304,-1.5871523691081972,-0.05681113875192052,2.3133473378288723,1.9896001075212,2.990713009670304,3.146627100600594,3.6198211295478484,4.825808841567521,3.745045957533112,3.6106870352229454,3.4015638888361375,3.0951201643212216,1.3566346899209287,0.05375120811708294,-0.1657224265199528,-0.2933041650520992,-0.348111449960906,-1.2250425515374326
-6.9219621699388885,-5.114757904125697,-2.502859001158476,-3.6397482010760873,-1.5660829838241466,-0.46520955367640116,-2.4718358420805755,-9.91946601247165,-13.146169200691944,-6.051297973641306,-5.571789310055729,-3.9554836817932557,-2.989191336083528,-2.1464881407192298,-1.509912191803238,-2.3535939646971586,-0.6328152071137881,0.3544944661691802,-0.8324596696060983,0.9428953198435139,1.5329452116244284,3.0999657780260756,3.4176064185510446,3.1915823137314643,2.2505323124493257,1.4006282954041838,2.141600472332281,0.4129731122327875,-0.6426896047732951,-0.9608872317442186,-1.0698125241134857,-1.3959671906147946,-0.9196387269305559,-0.825569511931666
-10.223408030349194,-7.3027880533756395,-4.9989949496651604,-3.016164405594239,-4.859455145641256,-2.9661656023995064,-3.5452174368354585,-4.547783697618308,-11.340981805559322,-8.383838104569099,-6.820086832616055,-5.747356033377555,-4.25757085431684,-2.8354821291243413,-3.037585086239112,-0.9992177280882213,-2.611185065475595,-2.5836361982728646,-2.290154229488437,-0.3037459362964826,-1.063008759703389,-0.9532195341261246,2.268918752972991,0.476585900768813,-1.6135002799413765,-0.4826850553787377,-1.2892970659466545,-1.8802325986464694,-2.347006710952916,-2.5913336190767566,-3.9830786448860285,-1.7039912049567063,-1.9651112297587086,-2.693488503732726
-12.072325165419272,-11.276544863173694,-8.320166829966785,-4.466582616020515,-2.7166266458174784,-5.465467158832379,-9.185087568647061,-1.8700361761461124,-12.814391163801762,-8.249485820351724,-7.519028330088376,-7.215197194615776,-4.425654062817731,-4.895860704740972,-2.9701885767108256,-4.648779252313209,-4.53338903615757,-3.999108280418693,-4.990810809554279,-4.134125815206261,-3.5239206144971376,-3.2438959831667153,-2.1665873495601904,-2.0595263330596896,-0.9324568253946861,-1.352016182560525,-2.9450713598116467,-2.773324144338462,-3.114404055985718,-4.265269590433318,-3.973133859713542,-3.1117807659417647,-2.8727144835352476,-4.210828668531884
-14.258370378028824,-12.643092603073262,-11.857717698913234,-10.190871230111327,-7.034995278631172,-4.34707102587119,-11.084009273392716,-16.31924153496029,-14.054824359312358,-8.833233255095243,-8.587503106632902,-8.021641519919417,-7.27924226975767,-5.3414351080531635,-4.572326847965832,-5.435481669477875,-7.70580284240463,-7.204468959952719,-6.478468503585097,-6.271373545792318,-4.716273922456191,-4.107637864790346,-4.948377140178792,-5.279201614534414,-4.68736744580127,-4.6412334523838075,-4.5445188120514395,-4.106164842681275,-5.049549909623018,-5.245956735296381,-5.303560547781584,-5.430553205054484,-4.798312937295703,-3.6391740111391604
-17.1108603340565,-15.091767322117587,-12.848235690045378,-11.362241154701474,-10.648383282437615,-12.652350886759704,-16.904742127820683,-10.071962736630773,-17.946110320303987,-17.795695630894848,-8.518802212068184,-11.504318300119676,-7.2793729570570855,-8.921436041749514,-7.165183848060334,-6.971263816580066,-9.25336841350394,-7.772299256511721,-7.13492231012927,-7.529736839889689,-7.918261357411509,-8.804790701842622,-8.38417371446741,-7.158944882591443,-7.32276966711462,-6.654699529462111,-5.768020035361115,-5.75407503380049,-4.994639191763849,-6.706321660922637,-7.517304101075741,-6.009942483538595,-5.035616563588413,-4.577269532918832
