script/wind10m.json
{"header": {"parameterCategory": 2, "parameterNumber": 3, "lo1": 3.000054539987559, "la1": 64.9999836372058, "dx": 0.5, "dy": 0.25, "nx": 34, "ny": 52, "refTime": "2025-07-14T07:00:00.000Z"}, "data":
[rows 0 to 22 of 52, columns 0 to 33 of 34]
-6.481406109744837,-6.698721888572211,-6.86160557636911,-7.183571121827818,-6.884674079738661,-6.647755963267341,-6.266153199183926,-6.192750262566028,-5.5174928911952925,-5.325471908027635,-4.947470830752421,-5.195758540683215,-4.357676738800509,-3.400761483386434,-2.936165535315035,-3.017084474575691,0.026005845297021067,-1.493946183063347,1.150506746693174,1.574184200098915,0.244937663558051,-0.7545194158949057,-0.30767916037232906,-2.6410103162040075,0.39749775361187406,-1.0319931515642353,-1.2696060466259143,-0.8844810551705423,-1.0111920855451608,-1.063719900902419,-0.7425049272421846,-0.41165262626742444,-0.7101722384985109,-0.4576094055027888
-6.723356812675321,-7.033837358471372,-6.578994467257971,-6.070008073725797,-5.639477477394591,-5.883029947899735,-6.075862420202487,-5.794862282847927,-5.713110307654508,-5.041952578125507,-4.854226792168708,-4.027499744514711,-3.3646926486073974,-3.2720446009976603,-2.9508463996755467,-0.5701519313222754,-1.238124082481169,0.2064972498332908,1.1180586358646845,1.122508351680665,0.2002310260165468,-0.15151020000387683,-0.8979456684177076,1.2031826338214255,-0.1657496862438013,-0.06295460136839805,-1.2071546719862571,1.0816629014364785,-1.231297874566503,-0.7647016250188625,-0.5524742011962036,0.02889838609679977,-0.20490717334711564,-0.6755861117750882
-6.008912672706303,-5.316243746076958,-5.101354538553424,-5.093119497653181,-5.18495302002604,-5.396742913675695,-5.291236593420408,-5.715745225585505,-4.890058039502315,-4.632648379413264,-3.7345237128857285,-3.3193965211488603,-2.246707115679017,-2.6735303065019265,-1.5315276184670985,-1.5964489120287713,0.4777944300437207,0.926002572415928,-0.9294239216741974,0.7205291357557156,0.18651067399997634,-0.5201009137711854,0.576281535370082,-0.12823723580430593,-0.21903491840949177,-0.34765371057887595,-0.286537074973645,-0.7933867217502697,0.19780297508680722,-0.7832545198641352,-0.8229765014795433,-0.46644960192545415,-0.14962700402395593,-0.31632326673430694
-4.729147242696512,-5.147130780676271,-5.284436926784599,-5.361749147058875,-5.2749143386824535,-4.816533908801174,-5.25611136076417,-4.6354731952043,-4.599805418223569,-4.0024069942931035,-2.99806695381621,-2.539974454505803,-2.9368691087492795,-2.8892004548954007,-1.9808882398828747,2.156191372405,0.5214319940343443,0.25358653758748034,0.362083480885467,-0.7507253211268303,-0.28215749169121473,-0.07129110277270921,-0.9188757471023868,-0.5546692934673751,-0.5185159947880273,-0.29068340222759464,-0.527277951092649,-0.7344547150862425,-0.506294991350503,-0.5122274874851858,-0.5817733011550399,-0.6619740668493688,-0.6579733757372893,-0.33942951759573714
-5.023331975328213,-5.224437781375908,-5.00048395553706,-4.783088684778184,-5.118530445958897,-5.0083453479617415,-4.86302388781742,-4.588754372404053,-4.052427982025305,-3.5745622015677485,-2.789288627372542,-2.3569111747792477,-1.4420145097368127,-1.8095712063892595,0.4891840663766725,0.5451570350389048,-0.3678148429277157,-1.2387111209633583,-0.7269247747445077,1.327886666705834,0.016665112868897464,0.8225509938158914,-0.028195746112825718,-0.9732436756096129,-1.0969232246642049,-0.8806554168436297,-0.5784139867924477,-0.5388137913068285,-0.4616752448402503,-0.35983960322785624,-0.45618073599906106,-0.6519868718086467,-0.7690460870293134,-0.8465955146299516
-4.159289795062684,-4.300145577917109,-4.3551423833683485,-4.0563610779838415,-4.58308065926818,-4.740398033336092,-4.930403991512708,-4.354227192640121,-4.098278152598086,-3.6124146762812166,-3.405205970923334,-1.293299547417795,-0.7964491283806348,-0.3798140528666789,-0.23742042621903162,-1.3810158680868108,-3.5768535105226507,-0.7963119803463675,0.952720015463666,1.153847014814,0.776857380595752,-0.2565594432616393,-1.0937958303286632,-0.5625064705290573,-0.6943986547486457,-1.0444781124878322,-0.5410497073365242,-0.5949714929762506,-1.7005890689161736,-1.2323938002523724,-1.601481753484513,-1.1264145681016122,-1.1140225621618125,-1.3905569139005527
-2.987258110528196,-2.916063490433204,-3.013575521699748,-2.9261196941583383,-3.2324061420024264,-3.6857137400483033,-4.289189615209062,-4.461570067857468,-4.667835834038102,-4.301823725400845,-3.5690605639448294,1.045427939372241,-1.949037488148799,1.6458425769138363,0.051734041462642225,-3.2816114969148953,-0.445052529850299,-0.2094754773867609,0.5151883549300732,-0.12843329038364665,-0.3382545195104236,-0.43381771601029945,-0.8421093579918886,-1.2752281161919177,-1.2856355580666876,-0.8576785861201129,-0.9285271278182899,-0.9132288466633436,-0.7069862771042195,-0.7407220503695957,-0.10163833850999919,-1.3738793117138002,-1.6429327484750138,-2.554779780870975
-1.4730047959714399,-0.7936172187136211,-1.2137788281810338,-2.0833540182116494,-2.8648708215436334,-3.3102649845058987,-4.013552702484016,-4.144313792355918,-3.1376992077667167,-0.7265038601144517,-2.050925126361269,1.4363354819782437,-0.7874437055536603,-0.7612763438347562,-0.13792155474882398,-1.0184622132020356,0.2554062744385998,-1.4910572899079868,-0.3233273411567285,-0.8412966212516838,0.23142969347424736,-0.7264042420901095,-1.0970890491003356,-1.5597167893486579,-0.9012963029294075,-1.314398887646974,-0.6618522201634444,-2.039005115298898,-0.945578657190685,-0.08852901379533945,-1.872439541052267,-1.3651688305722258,-2.288627259423682,-6.265146901290714
-0.29842729730024126,0.23826905416299218,0.3113338992079654,-0.9478963522853986,-1.9552045043892325,-2.8878824570050012,-3.036301364684015,-1.9066331101554606,-2.8122419198403388,-0.3100326989189977,0.6899638662393518,0.012688880757596846,-1.4972610964874302,2.099634576370503,0.7127301757303756,0.6191945451958452,1.1845249325732596,0.8396536650117811,0.07546767632584114,0.43558176644595176,0.03396602810097898,-2.2317878914306246,-1.7032879222734516,-1.1924955159670352,-1.0534614797543644,-0.7313159569228218,-1.0634698365128266,-0.6625416513351865,-1.0382741374072606,0.3803534292688602,-1.5816356957983906,-2.3958122352354496,-6.742953032379862,-5.381608786416328
0.07566836606321876,0.20968517599259454,0.4182079062129308,0.8054668145997937,0.23169934864751168,-1.4818965499916683,-1.2707019086967208,-1.134565627494579,1.3858954813672613,-1.2890152093837906,-0.8559955823781537,0.24026657074150098,2.4619582441172114,1.2487544576376202,1.4385302099107842,2.377946773995834,0.5109953673714288,1.2436195579564264,0.9951751057622372,-0.658022650844436,-2.1602397442308408,-0.3233255479411549,-1.7911490921089148,-1.7581968594651225,-1.0703809116914274,-0.9791769474044504,-1.1083999570609326,-1.3185140469291323,-0.7064425836138423,-0.4872730072292266,-1.1279060186541403,-6.573469051903594,-5.279521994647943,-3.6634191021396876
2.5415320162723463,3.097653172265661,3.0011519783563405,2.711925635539287,1.2995534786948715,-0.605685139117562,-0.37055698142144744,0.06062293789062188,0.44034157051509054,-1.773234051468467,3.9577428612797405,1.9604554624004187,-0.6305759095531669,2.946621820448608,3.092058444764967,1.599549294680934,-0.6676813943785799,0.7281033870612339,-2.8007677472155117,-0.8508458731601213,-1.270282584642213,-1.3257368077432399,-3.0570171362996206,-1.6392693108690959,-1.9122122935380763,-0.4742271737524112,0.41389468431047527,-1.2660959633297473,-0.5044212403589957,-2.162140251679329,-9.227507715597767,-8.371128528910672,-4.947066406867112,-2.4817427449351634
1.496515816943183,2.1186090843591265,1.8484294632979539,1.8271342128713453,1.8142918697824437,-1.91999949200271,-0.7562180395744407,-0.3459365763453225,-1.0892927607743232,3.160034077656073,-0.867240878585876,1.476346400845337,1.348110143112849,0.5743811221828363,1.110981182668516,-0.35936234134455264,-0.3650090225668178,-2.5642484253009337,-1.7891033947865014,-1.6939099507476727,-1.8803630734363879,-1.7485887881909412,-1.5544745941166567,-2.303597768626135,-1.8865374290833958,-1.2451824231673603,-1.7816459652939802,-1.8613546336649556,-1.530202718092722,-4.131522590614585,-8.43420039422014,-6.411186805981305,-6.594019099305149,-4.456958429887573
1.5238931996352478,0.22662581008989935,0.06071947686244607,1.4561670691755628,1.8429901818652532,-0.7629628022594441,-0.7754380910378893,-0.17520094325844154,2.2072788578519544,0.8506273777652844,-2.1159203758713048,3.937041673865112,0.5427937370006513,-1.0385301702691958,0.291677424936585,-0.7437665031501479,-0.1350240795461207,-0.24694892798042734,-0.9448937992309691,-1.9123693929780996,-1.7422938651897026,-1.5019130969399554,-1.9984342084069984,-1.535894409843847,-2.192403859493492,-1.3213347197323397,-1.4190100236049443,-2.0558122282217717,-2.0594544918935904,-7.983092876253147,-8.058815282831553,-7.075575273307874,-4.176609911803806,-3.644120508550863
0.870623260517909,0.9113649490563509,0.8654462116510445,-0.303915384996012,0.535769230909743,0.45374652101878116,-0.2522282518435785,0.3875481713589354,4.707994819870156,2.128802247759596,0.43028970428161956,2.2616150331758993,0.23427729798019425,1.5227579071304496,-2.9004426195091755,0.2375815436025193,-0.975222586929667,-1.837072272658118,-1.6711485676305455,-0.2660114000602501,-0.3755992058307212,-2.4523208038327433,-1.446025502012162,-1.541672807235483,-1.460484150020122,-1.7817504166280553,-1.0315000869840198,-1.4444985320509767,-2.0688003481109294,-8.819217603988838,-8.350577299652402,-6.761155517123212,-4.890135839690574,-3.7286562643385706
1.3196814363361182,0.10140941832095074,0.1245499674634254,-0.7872578216013199,-1.4923376593877498,0.48841208436094746,-0.1207398532595917,5.467751274231438,-3.054319850403851,-1.6039398949145462,-1.563140886262525,-3.2220674915557077,-1.1507335325223709,-0.7769828478670734,-0.41125739632812597,-1.9790046470482405,-1.5395427890067057,-0.06738781831745942,-0.9819940842957547,-0.8361989205385449,-1.756676289183939,-0.9959803780547526,-2.186100974122779,-1.6712571740120477,-1.424952456535262,-1.0178124139805371,-1.4848416558549835,-1.7400920364095802,-2.115982177162169,-8.680929402126946,-8.187049901617565,-5.292029450862025,-2.10991243619294,-1.1154065996836273
0.43144681395449963,0.20603776405338242,1.936935588882568,-0.24703263378040202,0.7008042853702882,0.638375511297179,0.12584428143307042,-0.14158713678012275,0.13153651840883257,1.0112756331767754,1.3972629888781591,-1.7705006274383488,-2.8419118606413605,-2.517951991228605,0.5965850511877906,-0.9066958558200325,-2.4580837461222025,-0.5808019478118379,-0.5767651082727412,-0.9322765480353065,-1.4898245767352896,-1.3665088266837009,-0.3348588669099053,-1.1240277800263827,-1.9005147964541385,-1.5877732551789805,-1.3855914954061226,-1.4256291078327692,-1.734598904479748,-6.903041112435345,-1.959722603594787,1.3825429095510717,-1.5902871212880705,-2.0167405219839
0.008981742819549691,1.3100853008472786,0.2587877731319459,1.0054512331482157,0.7096236495981715,0.26280146626703316,-0.9880036083661802,-1.4047830632870377,-1.3202655624525528,-1.2031450327596867,1.877990148565095,-3.259389516265868,-1.1088329884541968,1.0250527279126158,0.7911645027677421,0.7022554488225048,-0.9285833760518668,-0.18739139479422004,-1.0938580794110186,-1.1464257660069694,-0.8043597156862695,-1.6359848536431414,-1.2300471811924658,-0.9574211084178682,-2.0016798744822375,-1.6380903527700315,-1.9475211995575348,-2.452890683909429,-2.876159967621767,-10.259639458539505,-5.549231624520956,-1.8502000938718368,-2.3359269269717298,-1.5461186083057703
0.413485811768132,0.5240867325693573,1.4480791845785,-0.022121480093872242,-0.028244136053779983,0.5973574926617543,0.5036296237959796,0.5366518076948568,-1.1277704880201753,0.7691606412517171,0.9930215555751539,-2.1296642321557653,-1.4497444224356189,-1.4237347030611345,-1.4417994188476757,-0.6731208452110243,-1.4512583688836955,-0.6041508058534925,-0.8035351313847071,-0.4595383605927353,-1.0465819528004139,-0.7413791809073007,-0.9831928153321495,-2.0891212553443297,-1.8289492245188332,-1.8611762425396583,-1.096306987899411,-2.6386902871830578,-2.19161417324343,-6.972020415856311,-5.868671726410735,-3.3724363529183754,-2.426334838147098,-0.8779921306647437
0.4653644873874738,-0.24042255823147998,-0.9123956420956678,0.07492115287826871,-0.6208281135861446,0.4070412673786621,0.14435373694771544,-0.5408012911794449,1.100222785314698,-3.253126283097032,-1.6301279869519005,-1.433703616593928,-0.6903417316630688,-1.7894324313527028,-0.7741540460040363,-1.4690734165784347,-0.021264313332685844,-0.6339084563504438,-2.0472761924980323,-1.4469626628098948,-1.555907254676629,-2.1726292009260306,-1.5807401939402923,-1.8761707798735952,-2.1037827576798795,-2.4709789847799497,-2.5195240223016593,-1.6524598753084623,-1.6296849380867682,-1.2457392951205657,-1.3657935520662141,-2.097424699331495,-3.9696388693162,-2.364462229687221
-2.3153381746765658,-2.24604715486416,-1.4709585973435522,-0.46784580583561935,0.1270535956893138,-0.10377619909083756,-0.014128315183001498,0.6722364153676758,-0.38865362212674276,-0.979392035003883,-0.5502687088990326,-0.44878350592834493,-0.015237520801162875,-0.46310778372259537,-1.172213986721794,-0.21292561077865466,-0.48019547347929126,-0.5142076584298657,-1.5673614703798584,-0.7733004800509985,-1.7945515210298728,-1.1054672779717627,-2.262441600891708,-1.8942573855632812,-1.4257549085603578,-1.1865830939956714,-2.0463075781921254,-2.057121574047849,-0.7842076975969454,-1.3658133490892383,-1.0361809758663023,-1.1485519826909376,-3.419643056779245,-0.33683892529949344
-3.827369336438753,-3.273120727320692,-2.40341733369528,-2.426060232405753,-1.5394334832855052,0.11286762361882331,-0.5638746517755926,1.2318011128943773,-1.2208617142141516,0.1064551825823306,0.07177077989290763,0.38029409182108936,0.5921707313209619,0.03209488151116267,-1.1831645273029403,-0.7600758779673272,-1.0533583820334613,-0.25119724535124444,-0.47680055929819337,-0.5955869583294755,-0.13963991355851482,-1.393368323264004,-1.5229335693163684,-1.2993757652583442,-1.3407518220079182,-1.573168675288023,-1.392999019677626,-0.22878874455124995,-0.4787902769358996,-1.2545643624024174,-1.4142785062437324,-0.3875282553611959,-2.221382784783878,-0.28552498926016456
-3.992380029875787,-4.123841768931542,-3.213654202659364,-2.8352309585057944,-1.423358464284498,-0.3132691321012296,0.23537690912673256,0.7039042641433818,1.4455960363053069,0.32395807433583407,0.780274726796613,0.41396138582594433,0.1985528476235713,-0.3711227105628737,0.4458387040390855,-1.4114612114951157,-0.40778029892161866,-0.8383658369485307,-0.556899863643829,-0.4476421092830402,-0.3167723657256009,0.0048906362275321445,-0.13626668049601784,0.043806780415153915,-0.581235165292288,-0.03953748275309869,-0.6082843146695172,-0.6158897445340584,-1.022958997873834,-1.1672556930477738,-0.6976272485076782,-1.413178577744119,-1.5509854315585454,-2.562094067247966
-3.5089795093722365,-3.894779940145829,-3.094091540285281,-2.5125506552835866,-1.4577317581729223,0.9727405600278279,0.817622080660844,-0.3142126144022533,0.35831198846937323,0.7450470907892618,-0.19162986515497765,0.463636827582691,-1.0594694517204808,-0.8007088922620278,-0.43510717179802794,-1.0540149710792712,-0.7702411712029977,-0.6152472883118938,-0.7119450821688317,-0.471982265342705,-0.37482034505277056,-0.4386911219077702,-0.25154349942595083,0.13064317446969087,0.3692936161721006,0.8575105286319176,1.4430133354868788,-0.39515755097838107,-1.2524634614772718,-1.4095783235692125,-1.3249483341110284,-0.4822914266731735,-1.2321009517985417,-2.6645804162321727
