script/wind100m.json
{"header": {"parameterCategory": 2, "parameterNumber": 3, "lo1": 3.000054539987559, "la1": 64.9999836372058, "dx": 0.5, "dy": 0.25, "nx": 34, "ny": 52, "refTime": "2026-01-16T23:00:00.000Z"}, "data":
[rows 0 to 24 of 52, columns 0 to 33 of 34]
-0.004363152817335472,0.12578445445759354,0.12867237534041234,-0.2781319464299308,-0.39700604849572185,-0.716051273277522,-0.8530830720775534,0.2562755267648153,0.8448732514733529,-0.7872145009273561,-1.126458298176376,-0.17633774924945192,-0.7301226547549093,0.4784584015571906,1.9255051518625486,5.762663074556382,6.819147482704494,5.44919030014821,5.625275494314788,13.979825001021526,4.351416652487853,0.8242354921914253,1.8401699113608867,8.105064869770013,6.023112630194626,-1.0937240570315605,4.4646849974843565,7.128998074441659,5.472953950675034,6.345595418238875,5.534170603621344,4.756514821261271,5.91954502264158,4.0673145428439845
0.07965871976609772,-0.40724267928071717,-0.841213113146448,-0.3635646316634365,0.5420448199231741,0.24141044752528137,0.27169541293900523,1.1360174627918682,0.2308501053919971,-1.420820254705358,-1.7327044822151274,-0.052233522262737066,-0.6384866302762935,0.9159236877321173,1.549932366511817,5.4964657908880845,6.006694413378763,3.9760025933081544,10.40191612702124,5.4635831842184635,4.167200213309604,5.2979982160942445,3.0786756145102814,4.635936305284023,0.7749722911365868,3.189661151629599,3.534170925805564,5.109811152875226,7.240451596442248,6.447549394154756,5.484101236390031,6.494695942301616,6.025259247671406,7.9328281393763485
-1.0075166784261689,-1.9987922635514888,0.4314418634720033,1.4926535757103068,1.63559391997419,0.780804109868405,0.6856266284360901,0.79845152210832,-0.3036374569231336,-1.9334464608636146,-2.125944014594468,-0.7600290428890042,-0.5787784023306733,0.16431798385934146,3.205511535839585,5.022712320544635,6.935148228862765,4.585998601613561,1.402567899455957,5.253171943955434,2.1341046322424506,4.418121912008394,2.7792174997228556,6.690835179254194,6.1260794426478595,5.304470828230416,6.1253356361492575,6.583267182906887,6.323008767178563,7.2902221901921225,7.978083863369671,7.760766020911974,6.796960983827221,8.325856160321708
-0.3552790634993324,0.9915866686104121,2.875283961644021,3.6091027817861856,2.976211775725531,1.614906825789962,1.0618622371946087,0.050625100416993384,-0.9224434134783237,-2.191043657268153,-1.796350772892036,-0.6071443727147817,-1.3235621107311732,-0.23170693941918905,7.460380984319127,7.802894448661737,3.0230909817353173,10.033976710417516,7.576930065648481,8.265279228101898,10.676233076928694,4.832635661309686,8.24724532767295,7.324483795546017,4.271039799184706,4.587980813955234,6.347796499410793,6.668451032659314,6.854662252183595,6.016404586449977,5.314910360099143,8.690120596298225,8.203092372518434,8.281807002605834
-0.497433006657559,1.9459267926835326,3.196234793527636,3.5381136872108714,3.031770893092011,2.075752238187199,1.3522151040472596,0.9640948735186828,-0.9017933983919036,-2.6199360119149935,-1.3338224921696271,-0.20223755993911668,-2.1676002163409636,0.9857491372752698,7.12613663868763,5.679300520548837,7.093648697970391,7.017586838480124,7.271613998369621,8.979110067539427,12.701974289586463,9.231056594665768,4.317413453058466,7.254239462647296,5.392762889226462,6.627284019443286,6.298071925735116,6.7705886353025715,6.4346941954453865,6.919372696972794,6.525895930849433,8.453722327707352,7.577337065632996,7.792646466145512
0.2463569208765687,3.1087391176253103,3.5508396344730557,4.092591299317939,3.176287065577586,1.9351074737856826,2.0198357033614043,1.398429318138741,-0.23495541678277634,-1.0139199253984001,0.5586872408576774,1.4355484877163165,4.074378712255538,5.375573559599089,4.841861508355334,4.024545975835966,5.20545906366052,6.109847450945165,8.780280999668092,8.241443541740779,3.1806546794951673,4.703892288596595,6.400836196527839,5.833187893437217,5.5631257898013855,5.118034023545794,5.558698510796941,5.560130052067428,5.546740222761844,6.07852363462957,6.924093653372525,7.4094646187107935,7.515688072155144,8.701538039449122
2.275843381828094,3.4372624252170003,3.5835235732978687,4.008354763648814,2.932117143807002,1.8608389952647413,2.081887314221781,1.2953261669772913,0.31381716200896975,-0.07358415700365639,1.5852225785733676,4.895441675833623,4.762008195046582,3.7590683212746945,1.7463584693935357,5.03445392158532,4.674138597235696,8.00865208146852,9.958831504113448,7.760506066440668,4.980855128159034,3.735554832345028,5.89929112776086,7.091448405857916,7.861382886489781,6.865121623408424,7.288693895573664,6.092728008688758,6.587206561733039,7.034566453161113,6.140319830916864,7.968802652988339,8.747052727363148,14.346723930361598
2.9278739399038245,3.3128002818156945,3.8257382097184225,3.9181851903834897,1.9601692782312612,2.200549287986067,1.6316091315604062,1.6112176962919171,2.1009719612029856,4.987421579794196,4.726552246745658,2.801861477470729,2.577692725751293,0.6761803878954161,2.6516225003464418,5.190929827349023,1.9398124468763491,9.077891216715829,9.389955764043442,7.763633454548946,4.204461373367149,7.7787026207075725,6.935626069487459,10.952103584656983,7.075104175537753,6.919679674205484,5.348403587757097,7.472122714541457,4.45873435427115,4.928239908527321,6.958641958542118,8.543948727355671,11.925988380027452,17.96276551837727
3.0753168589708837,4.017858727153442,3.4310328072621097,2.7396392369288685,2.601559777859751,2.9527236514065796,2.490021188368604,4.422512968754555,6.99490746178894,5.87026497477936,2.619854641167453,3.001880475631729,3.5699562190151686,-0.07047277019548422,2.544551738104809,0.7103387403750231,2.595290628175721,11.446808136874965,9.8401679327202,5.118179858611633,12.751067867878719,8.722278589929243,4.482319835757861,5.547567118274687,6.428717447641074,6.898410632251892,6.2023407084441535,4.801741786359869,5.412570850647091,3.796947074593976,7.4816857403773795,11.624925850585594,16.64734343147865,18.541116159794456
4.618292136653414,4.488922583156088,3.4342519057429866,3.833896282420677,3.880197685330778,3.8410244305748726,8.983747000413624,6.872804555686164,6.052626862096872,2.5077750383688087,-0.21907450190976244,1.5213068945550714,-0.15060731709799535,1.8146394837416244,2.721642577193347,10.15250534817912,8.26597356323781,5.3448023576270725,5.801505134825069,5.44248632527727,7.800672590692304,6.848094396664733,6.988890717773652,8.36880035167225,6.9948331967529125,8.027898333993045,7.783727889477777,7.008964326037282,5.683023729487472,4.38686414588849,9.328300375464787,15.300246462344681,17.13768661886927,18.38421946660062
4.516969825128393,3.8368913860483884,3.7097203085419617,6.035683644489532,8.725580468553039,8.712297827576029,5.609064578084559,2.685906400936812,2.394754323604528,1.9845959699255686,-0.9920305698561714,3.612530756705732,5.030257292503855,2.3407604362830376,5.04786845715601,5.4665996796127,5.550948482007988,2.9689529436189215,7.489287477266632,3.7205764783849293,6.050134012686716,4.771441423236407,8.222065098248873,4.699681980706878,7.5933289037155145,3.3012204072440117,3.063965465194762,6.455788267930614,3.2502886047769857,5.936395234537791,14.028787848864248,15.277200131854316,17.11061878279718,18.1308768019505
4.515006002509989,3.897787926154685,4.603392167444673,9.601534454912569,10.924681774913642,4.372114732148769,4.2778804957403995,1.3323738119697408,5.369501108167794,2.854238763785642,1.1632019869181445,0.37529345103594375,3.042625108102386,3.6895367339679725,4.271419241387491,4.9089807085467925,8.999507125722781,7.199702493586471,8.460769241194978,8.94395014106603,9.090829486531531,4.490521631070394,5.533307276713125,7.779368625039718,5.187136914726229,5.68289786361991,7.371648964617747,5.831391763898844,6.1868576562689555,8.052500614719719,15.644413473635321,15.775996459838115,17.405445722823064,18.3247828104961
4.521793212922428,3.3530328135686966,9.169473622502109,9.640782191541225,8.305338143689372,7.446176200162926,1.1780812696154053,1.3615327839354778,2.4654743431868202,2.2373316773145207,-2.035970282246219,2.9284637659039445,2.265548175959119,6.191358184696187,8.295227774427344,12.958422646386417,9.684873403515383,8.288827650188543,3.9322809587026537,4.4077054912328615,6.723757914384568,8.073901744188662,7.241126437787261,7.016719119546874,6.729192431088745,5.9726640949013685,6.594093083563095,7.8755154769181095,5.356920814314967,8.993965067616491,14.492214637968747,14.563386176709054,16.492589866113985,18.36960915855697
4.493268216431182,3.662420833687245,7.3198748869230466,9.392510795797001,8.125355500142357,4.706854392626876,5.647587106066637,2.45428048396255,3.0542578270884393,4.459292469698702,5.714309731848929,3.7621516401844874,-4.181722163219526,0.7988248332559417,7.233689449396338,3.070199387124957,10.143795069043533,6.808891343265381,8.29362756362724,8.473478399187995,5.69801020808,10.905935258105051,7.21248976716309,7.978907776081194,5.976265691648207,6.553122686020838,7.226149644724915,6.989210925959764,8.133185446845816,8.4995941709737,14.89737711012658,14.87832523730616,16.174440008872384,18.098031685003516
4.811307271801251,4.362185397407165,6.180400629284709,12.025919440640822,5.571286749902782,2.625274794756208,2.14260016517254,3.0544150188085064,-0.4919233485017815,4.667241645272629,2.4347819749860227,0.38868513256376513,1.838823618357663,7.758452420285837,7.123889188972676,8.933817986888311,7.346552972433516,6.738191669102241,6.429390992438544,6.010779641148696,5.479307474955293,6.952071132612908,7.906595968044448,6.73176707448673,7.07398880803383,7.187299438323782,5.789193505650758,8.407250268485178,7.026383306506546,12.602591310708029,13.459517126557884,14.975717367850686,15.87413681635137,17.868056056568424
4.6934235444676125,5.211473616842898,6.156012422390689,10.71656718877751,6.413801986625897,1.075591075597919,1.555765357794609,1.877316446837931,1.9942722301381925,1.9039487571682694,0.46553678124384024,1.242714799275778,2.2353095372115654,3.850708642587488,3.0045998163949448,6.536638783126831,9.758230235946815,5.844839299537991,6.960386402979741,5.401465744499111,11.265877519984413,6.352232851765058,4.51398477645718,7.781374343864587,7.652037415356462,7.110830244813752,8.444399091493485,5.72913991268932,8.056809710309363,13.27545783944613,13.77843413844331,14.041530826238759,15.588821709151595,17.79051846636432
5.315632873616647,6.094578002245428,6.582573854515837,9.537788644098798,5.568656224230111,6.088345252442957,4.210849820360577,3.2872192054714886,4.778863832517383,7.381019602962198,0.7587122441944428,-1.1339944845517573,6.006737453378286,0.551120487744703,-1.1092075850552598,2.785878804340438,6.275149943671262,5.647292146536473,8.072688852506898,6.5154644769465255,7.387824778511213,7.493291866303916,7.06364040339623,5.569102259805924,8.34826252564239,7.479064662182876,7.93069070646994,6.795639564320466,7.629230171771652,13.280942380319141,13.302368279614068,13.680241567479278,15.036265269362007,18.171718676958434
7.007546343019597,6.022609189974316,5.837064701057782,8.48618795611998,4.862611825922979,1.4250305923994426,1.4222368430429793,4.183393820432751,4.216645267402328,3.2340879663900566,-2.11467585573578,-2.7065756007970223,3.390317547646702,4.094506423355788,6.689020184487217,6.150598571845471,8.47120480927442,7.0636354642654915,9.629572794254305,7.068615702659352,8.560788148623208,5.94776136193363,7.60506631270102,7.915018116921152,7.299405190865881,6.2459841695297795,7.143468413281644,6.819537786158565,7.468132622201716,11.513448759107368,12.354178811400116,12.698330640393303,14.19790919128938,18.078661948262337
7.003636277742702,5.639061683846007,6.615530794364505,8.352549138469042,6.774532683434138,4.878142163150751,2.262213720041005,4.276004999491905,-1.3806253464980673,-1.8574451134751122,-1.1055592490495472,-0.6315918220442193,3.4285485895965624,3.4839709499518587,5.379870064547844,6.267902864566918,4.452477775756047,6.928628320013673,8.167024350538147,6.940194472102224,6.4864262475018135,8.321758027959971,6.745269544031827,7.556170304014146,6.994023981743141,5.768711519266357,7.128612722386329,7.812112532732696,7.48698427297205,7.938240487177973,8.012401937354891,10.975545183663364,13.756950365009242,17.42662268984556
6.448689015474308,6.084068430421912,6.862457927585537,8.185968523521227,4.889068584691428,1.843860543970488,-1.560169293824099,1.5264481131859844,2.3282136678443455,-0.14700131738388633,1.9627055641198714,-0.45373996019913854,-1.8924826292285937,-1.0422956024528751,2.780945582403392,4.435937282860803,5.621704624820527,6.812061283076973,7.013965120992633,6.0986291346820725,6.347266668705208,7.194598781027354,7.452392866743751,6.845032957890718,6.0747563304968955,6.543886556190398,7.125822687459601,7.1601450648599005,7.771501523303353,7.780645836753788,7.965787453307337,8.003037459137573,13.169739716811549,14.149658357263087
6.624435558073091,6.151014683719357,7.66690629322637,7.1902751922207715,7.886130002587129,6.232382437393053,2.3400199204380248,0.2951522668633734,5.154007988344696,1.2378033126153207,0.7892257581834422,-1.4664897260569245,-0.9799505450689988,2.304888311821404,3.4547550534624536,5.20223840938153,5.772487477281958,6.440076184263141,5.73233734134434,6.307759403055086,5.6108382947639965,7.397114008695573,6.836377964038666,6.479442212089517,6.874225566051358,7.753395979720127,6.3790167551699835,7.343651923479122,7.624780847490292,8.703229772096059,8.14319287974054,8.084172172069016,11.49661565017829,15.593309726406554
6.526145957516059,6.381260452089788,6.201289625732681,5.6421552996014155,5.43740457253054,3.6455553376929175,0.9662090210100402,1.1167005079029024,2.05980716244913,0.1023582805406722,-3.4786460737250007,-3.615342629419605,2.1157119931515136,2.4785185071662448,-0.8126777740111175,5.284428553182322,5.468461316205601,7.566305478304186,6.6166027560302805,6.591855059803764,6.474258957861178,7.933020207074244,8.263190852562445,6.352874597173577,5.4055347105062586,6.313858455025945,6.947429079668199,7.701474713816898,7.79824552395602,8.986629429631936,8.324163156466412,9.000130573276643,10.137555641140878,14.278466454278371
6.679209140295576,6.083632707544412,4.643571560086612,5.128181820989691,5.21178170107168,3.092519741037554,3.384604452389988,1.9472765072915394,3.115056426534022,-0.4920199986292209,-1.6387980406010343,-3.5971984222409947,-1.6612861198972155,2.211860242441822,1.544162939800045,6.581577349914174,6.599707953957228,7.627795508310805,6.736674839496149,5.657065542996687,5.735850741265199,7.5866888691972605,7.980821002299095,6.177325544326776,5.616821137881029,6.244244012984059,7.928543847461332,8.680810403924218,6.800133859442781,8.439379074758424,8.934841780678136,9.111692999134842,12.769517622421645,14.429063291848303
6.683111482267443,6.141475112692603,6.561806632715971,3.6038092469440453,5.359846950071021,1.1823529833979078,3.013576844785794,4.4572276315540735,2.2130685291510837,-3.2738564868915025,0.8296072645750443,3.2732813964575866,-1.76457581862617,1.0066567333656922,3.4859448763237957,6.555879745168406,7.103314282502808,7.1975068486932425,5.991976868020004,6.598954615307446,7.608643796328273,11.077439439540269,10.456173221934119,6.268097098415099,7.889370255949679,7.437304832276068,8.520616997387673,6.569356152101024,6.401002035309049,7.516351746802298,8.872847421695996,9.85957324432587,12.937908655871441,13.907003049920906
6.612070808770657,6.131898468740882,5.583342977591739,5.445329984285452,6.106780727757296,5.919836144262149,2.6111353482747854,4.3249803076475395,1.0121440901781735,0.8663342195150353,1.5599994634754084,-1.7431003875782203,2.410179530165889,4.289757381742551,5.2638375379045765,8.668648665846447,9.296154709014388,6.743333508227165,6.170709033532593,5.439869452628869,11.340254880278891,12.258423630962643,8.063940419128523,6.35452270953363,7.239448008371747,6.152355766001694,5.738393813549554,6.398112018466238,6.562059607848369,7.378360410059525,7.893101337184182,12.100549304817038,12.140492735989863,14.299263612201102
