script/wind10m.json
{"header": {"parameterCategory": 2, "parameterNumber": 3, "lo1": 3.000054539987559, "la1": 64.9999836372058, "dx": 0.5, "dy": 0.25, "nx": 34, "ny": 52, "refTime": "2025-04-06T13:00:00.000Z"}, "data":
[rows 0 to 23 of 52, columns 0 to 33 of 34]
0.07675741470035048,-0.35823638196774227,-0.47034893960455193,-1.1955030603415555,-1.1088174134914268,-1.2217786001398914,-1.989073971480023,-1.8750209576308279,-1.8114834302298652,-1.1222763570063423,-1.3315620485341473,-2.4334171744626687,-1.0989121277558218,-0.4586006125070312,-0.266130216896353,0.4441303528739957,0.5656718891425713,1.002158112115133,0.07750731070340278,-0.24683030581217338,-2.4749819181926727,-1.7529285884173873,-1.978022686185659,-2.8961232376821773,-2.9407116754161335,-1.4280538425675104,-3.016230529386191,-2.586045795806639,-2.949935787121699,-2.5512429021401273,-3.2725121886032413,-2.487009035356751,-2.6426707630247837,-2.6926709022417055
-0.47558814722223397,-1.3296907761301824,-1.5444899387141957,-1.9043014999464039,-2.446795815255124,-1.8861707702210138,-2.3271347037954957,-2.0277134458951265,-1.3716189147389353,-1.5860499217257624,-1.5660287547732594,-1.449054971511395,-1.6118008182544807,-1.8104905819608934,-1.2844017155996772,0.18405312172669427,0.3432462610224945,0.034512218067263865,0.14167722039519498,-2.1090947057990452,-0.9563975309052747,-1.4673849791515128,-1.398019561890352,-3.9381972469024658,-1.3304238997064346,-0.4602013720647053,-2.2850847269983303,-3.5762793500712826,-2.9998231205156887,-3.054312439755381,-2.7213286974838278,-3.025726100969349,-2.989404816148559,-2.718791620131072
-1.4124751694799296,-1.764106502468523,-2.0154990462909623,-1.911997014416452,-2.338949054045679,-2.9461710793655156,-1.6131558440053158,-1.880803920597675,-2.130560846381594,-1.583923408572579,-1.270264272166198,-1.8899330347564507,-1.675678826660864,-1.2058214544079084,-0.18137912331446548,1.1772771184086102,0.36935294830847687,-0.4107097228785024,-0.06039764205566546,-1.655428206813649,-0.9620769773235878,-1.80272440883374,-1.6479339866825569,-3.3757672805644408,-2.6124882878028823,-2.4741092594406604,-2.3090771783028807,-3.3975063055226977,-3.084508850791279,-2.9180207991926355,-3.332092882632068,-3.0285869717764573,-2.948498591531063,-2.8425530585299073
-1.883549562379259,-2.3533841956959014,-2.4110640266751253,-2.8204076149463897,-2.5932540263162505,-2.408726383969395,-2.657070831899167,-2.3846987274572653,-2.206485815871003,-1.4850032151449848,-1.0112236562233907,-1.7218644070973212,-0.04707161107619663,0.5929850219582825,0.8419300334049314,-0.08911307884345052,-1.5014628133373429,-1.0739354931934657,-3.5128483335910157,-0.7404581423359724,-3.2555245161538435,-3.0120953888519786,-4.668199014745335,-1.2468088012761853,-2.915370006733927,-2.3052544349255064,-2.73875567632198,-2.8693955541327925,-3.372284798320757,-2.916433295132068,-2.8340589635352025,-3.088699320761982,-2.9612318425558772,-2.7130341998537824
-2.3002808618937376,-2.91386040636123,-2.655719993320849,-2.834403258922472,-1.3592760376854538,-2.240729454873038,-2.6435634662445375,-1.1231665227196337,-0.5718846694179659,0.05710582390333755,-0.3841376940291588,0.6697702933438373,1.0245355056024428,0.5379678797459844,0.051157335363219765,-0.47537195267136456,-1.5483668774286028,1.0112734543823951,-0.13530558409386126,-1.3496749225381843,-4.114611494480668,-6.047761730108406,-2.8294426532603056,-3.5400227032968257,-3.294343793089981,-3.5308415450045487,-3.229612462756577,-2.894532453927051,-2.949154309969265,-3.4203635780186965,-2.9157967889212024,-3.3572564502701097,-3.080821331238184,-2.875351432603928
-2.1276180151083977,-1.8415255189825686,-1.8007988107144495,-1.7073666215349288,-1.6316424037212067,-1.5286778338757858,-1.2851920853457024,-1.1439752529446423,-0.040966806736430425,0.2627839171487836,0.7198124149531233,1.112140167835745,0.11648304855265508,-0.21355098134006856,0.04398956366531004,-0.3329882296483546,1.4571480681000872,1.3486406364852717,-0.8900438717281273,-2.2165238333058546,-1.4970876772875705,-2.9755510138494166,-3.286128383823874,-3.2726896235602467,-2.4874183555654694,-2.79831766550028,-3.141427038655688,-2.853755676592469,-2.7840586166476853,-3.0619245345412467,-3.0680869003491957,-2.707992845846032,-2.5892155966699315,-2.5450688276577673
-2.37021688665375,-2.3380770465620517,-2.371389394004528,-1.8507461169363086,-2.3518008660724052,-2.436330630686034,-2.646979918507594,-0.2237315350604966,-1.7337069461018622,-1.0937315728083008,-1.155635530468711,0.6104505998140605,0.17183576089370237,-1.1163107837362438,-0.5802437937231992,1.9068009465933597,-0.13568518650932263,0.20201852302184356,-1.8510320668370412,-2.7799214917465784,-1.9541142382350631,-2.8977451418826523,-3.35639333406361,-2.5749740549149074,-3.2521902955338624,-2.7689368165131105,-2.915114064028176,-3.481129325030182,-2.451243623094347,-1.8996233630332615,-2.8079579056990833,-2.8671878289362724,-2.512028092713137,-3.353304519182645
-2.6711045393569006,-3.2985433707447553,-2.499420465861243,-2.5975448442326092,-0.9778590350297482,-1.0759278488852946,-1.3715714359545983,-1.940441327058852,-0.7012720367160749,-0.4295298733952565,0.6895372391938852,-0.7993967665677859,0.1744742143434068,-2.3312347638980144,0.7679682037346884,0.37344781316376485,0.5371091081863604,-2.949782267629201,-3.858970666090931,-2.389085685241057,-4.357255587409026,-3.005815458386415,-3.069347676616945,-3.777006696804406,-2.19878007992299,-2.7379942027164033,-2.741396695312947,-2.9833070071745023,-2.330786529395853,-2.701637946717813,-2.3088240585810436,-2.7275385574928173,-2.1658429915301514,-1.8305594359898398
-1.8009976717787692,-1.8589350017657376,-1.409689894113825,-0.84173172953519,-2.1631597074070976,-1.8240124768452814,-0.7931567482494883,1.1568225519613216,1.1099280866503616,-0.24372859066594296,-1.303708451940089,-1.5546113214817845,-1.0314553822108339,-2.739987496633132,-2.246372862772313,-1.550818476537207,-3.5999333858906004,-4.463671786609514,-3.7588053206475958,-7.1200414507628755,-10.376056463624394,-9.10641913940247,-3.6463777165121116,-3.195869497460854,-2.012257421610311,-2.461070003199259,-2.9070845341162888,-2.4867578407999313,-2.7427670309418635,-3.1216721630391353,-2.587893216962615,-2.8302009278746776,-1.9746455421223337,-0.9123420224730969
-1.9784097390956772,-2.550230932164756,-2.3154549339782946,-2.325604875708729,-1.4333284513190991,-1.2934193244505243,-1.2243212963838375,-0.7055131538495788,-1.019678029427204,0.28664888844248065,1.414401693791042,-0.4787161096334897,-2.424592634830725,-1.4195812629203106,-2.856001968029631,-5.570159047809557,-3.644069432379327,-9.29220623925687,-9.197191533841448,-5.7193474427741124,-6.27693685806699,-3.62193389042216,-3.1423835718979447,-3.4911206483931747,-3.7405739575951453,-3.12879233026856,-3.3451624913240785,-3.2916658983984575,-2.895368329821196,-2.758943511181955,-4.571327301668625,-3.259689516799438,-2.2883417861955584,-2.0636163048440217
-1.9054459505283872,-2.0264514362662047,-1.4779522804114773,1.1206853990467227,1.179431379315999,0.3927585829143266,-0.6441762678135257,1.1051940626826684,-0.41673972907561974,-1.9752532764514301,-2.4609826334934266,-3.2050207779248034,-0.0018739688668632413,-3.6924140130535865,-7.43409580457158,-10.813231649097478,-4.864314029655711,-3.1336132481804264,-11.47117287284867,-3.3934168894918653,-4.030161675473401,-3.590860874908767,-5.286663969921038,-3.026218944520397,-3.670682989171076,-2.689027478608648,-2.4559947642593283,-3.0581256629922935,-3.2624048385690325,-4.249063571555969,-6.01812571514566,-5.851108397360532,-3.3368586273780765,-3.064588729306892
-1.7450528998019719,-2.1150717920218134,0.0462186357334002,-0.10135869341715079,-0.02551376208277972,-1.9762857902230175,-1.8411819167895773,-1.5622502602806818,-1.5876689152240482,-1.3285694758655997,-1.1700475525334868,-5.989185505516019,-7.258484597565598,-10.092903838458595,-9.305663286962382,-3.5188914008496783,-6.41978149025664,-11.04486782334174,-7.522989432196294,-6.269521019057478,-3.903011568717478,-3.0144924519099536,-3.551317444519426,-3.6149938220759896,-3.360072305219116,-3.3736789244914482,-3.409414670992752,-3.0335568603251892,-2.9092668288238803,-4.0922982334730795,-3.508280012069718,-1.1443861367833552,-5.641881458130732,-4.3814855654330405
-2.4562160378115987,-2.6132300176603906,-3.6146682874862197,1.8696089828368898,2.6321563793138503,-1.7327546455127159,-1.6469121550852415,-1.8561133617537238,-2.794164072581146,-2.2243429101647285,-5.600811787882651,-0.5294533504694153,-8.12499427166594,-6.584265543074471,-5.166380191231111,-5.728847563693712,-7.0077382660607475,-3.7420862093951475,-5.041278173218694,-3.935508015037024,-4.557859522406153,-3.6372994886604793,-3.5596140955325843,-3.1812808016829077,-3.5001678059601864,-2.8535768892228903,-3.0907809280752785,-2.8139785651518405,-3.4072463636363257,-5.591262287349168,-5.087101619499903,-4.007477665704239,-2.544642751707541,-3.9478747710287694
-1.4742678820863533,-3.35459441596676,-3.58823409134866,3.405207657658425,2.1418800049854436,-0.35175999141114744,1.24433457407609,0.13248798573416923,-0.5751147912473885,-0.32455211017445534,-3.8673292137613555,-2.0935683549734234,-4.099159884182111,-2.405806514345318,-1.7720955631284063,-3.5088630849624756,-4.470371886144061,-4.092675854124179,-5.958125497996108,-3.72207048106801,-2.951164126872206,-5.438494722597797,-2.739254096077744,-3.708486031512928,-3.1183728085779325,-3.7165900530752185,-3.4838113794082686,-3.0456709762302285,-2.9233368243006557,-3.2667228388913765,-2.405372551242112,-4.924286166477727,-5.095434496950404,-3.780935542030264
-1.289688650275838,-2.4186908077150147,-1.0169209524361866,2.5855649210656373,2.615643825313779,0.31281744481871065,-0.46040656897969173,-1.2818367957855914,-6.490192263839484,-1.705630491293076,-6.300639985343609,-12.6510424426702,-4.381161409664831,-2.2416713208642927,-2.943877452683065,-3.264079012753279,-3.128062608477529,-4.218453691579678,-2.8710901061811973,-3.428825409285051,-3.9362643786582736,-3.047375730964474,-2.7712960357308924,-3.485787112548997,-2.8988790094142,-3.0304124759352984,-2.792153668119939,-2.711022551097526,-2.418646329143339,-1.7168505390187143,-2.341137914708564,-4.251667579308005,-3.730419116132262,-3.151026697315433
-1.6007902748811993,-1.7118838616242926,-0.20265470514351586,2.9121124921157997,0.467237440694751,-0.029859545209253484,-1.830399861819586,1.5880357346425527,-0.8901759797691384,0.32937085633528984,0.2651725635757281,-2.3039973066083532,-1.3198913941149482,-4.266947666444759,-2.719565011160435,-3.416872836961813,-3.882383154966355,-1.5791839280500595,-2.877885267701588,-2.656483219461458,-3.850886186525321,-3.572909785989797,-2.2835043428473267,-2.9244558912059215,-2.901369524028895,-3.0216252124432676,-3.170508234165131,-3.6547388497167823,-2.7769140749824253,-5.265617110733675,-0.19409286610274867,-1.3554543115235609,-1.4102343927009562,-1.8626286274468982
1.3020344246842757,0.709384975649677,0.5379020429622531,1.6765772096851657,-0.04208013742991301,-0.7454100403712065,-3.83088561912709,-1.6525912979448107,-3.2697735606221614,-1.7775110274613866,-4.753510976686693,-9.724402518966476,-1.1140704401938626,-1.8541552520580993,-1.715279440277908,-0.6331589711069333,-1.7043475427551755,-2.4617244024761518,-4.2856690384877245,-3.121670295051309,-3.3346561636993504,-4.55402962942407,-2.467614431714225,-2.717685443980064,-2.363288745609654,-2.3717254398797922,-2.9488691106225424,-2.652032887930671,-2.2524437545000833,1.2734545677326543,0.5625077458978651,-0.43344831494239283,-1.7986411049486777,-1.4375407373605613
1.5967453795195174,1.552850085225625,1.4698568609776221,0.539726843363702,0.2335385308336805,-0.38409544394083384,-2.3572036653866086,-2.114720274380785,-1.5673417134819128,-5.473290119450569,-2.3524211835601925,-6.002229748238868,-2.22169043071276,-2.0865227549361314,-1.3072605569694615,-0.996852690999141,2.2464933885646987,-2.7119349398235246,-3.7127040935767424,-3.286750896346632,-3.0921766931105856,-2.499857389535156,-2.4065987209054245,-2.5485473012863387,-1.8229981314413368,-2.4209022558148128,-2.491967976348432,-2.561672412482835,0.22851597680109767,2.9458097360236084,1.9435469943160713,0.2704850443563153,-2.3357159845654714,-3.618481481685936
1.724834007667885,1.201055542865184,1.2646878282069984,0.4309962574734591,0.18753158085594976,-0.7809628620793987,-0.3708169457488136,-0.4030632707253939,-0.26456984590240307,-9.196716587039813,1.8841495794148768,-2.659924376364074,-1.5877602755797346,-1.4778610913802197,-0.17177760792387747,-1.1543154172649184,-1.736821384109091,-1.67980241143692,-3.378338352645017,-2.6795210651565755,-2.299082924064388,-2.945572351024349,-2.359948533614856,-1.9215971373143024,-2.6618174286537633,-2.7585554299630344,-2.663430041460597,0.0991670103299328,0.9041967028141008,0.8010892709233465,0.8780018843020678,-0.9986010374682118,-2.5864743424444536,-4.434036771265795
1.7016105574048512,0.819058138404215,1.3364712679786006,-0.5503613304760424,-0.4689799598977849,-0.7889485081396771,2.7847182329975504,-1.3345917665709128,-3.3295609823551757,-3.94690825059368,-2.7972537515605214,-3.626074434226216,-1.1340524161233836,-2.4967345734862487,1.1327409531112334,-1.8050537283789894,0.4198076183075124,-1.9423727714154868,-3.308934452734088,-2.558475939107506,-2.853764957806837,-1.8941702237137938,-2.534604605796211,-2.2358760707372656,-2.6704371582890234,-2.1506280728597216,-2.627864036842737,1.1536184043371687,1.2994205685307902,0.9957492197695423,0.34159930326020216,-0.41520476567229886,-4.345273017074926,-3.230427551879812
1.2769973673788837,1.9969939437811028,0.9361353257121965,-0.8824875105122278,-1.7459973795755135,-0.5443417727970878,-0.8259959131540621,-2.277899073637004,-3.954253008319376,-3.7423853900894835,-2.1978217434521135,-2.6970894633664435,-0.751451158792909,-0.12974731405084056,-0.39729261903000623,-1.936829415441921,0.4003275787832372,-1.7237723931606037,-2.4798254561627284,-2.4731165279157485,-2.155218210693822,-2.3797466662223568,-2.244237631791471,-2.152439563417819,-1.8363814857071907,-1.945084405264707,0.7133531319758245,1.1038732380912888,0.9475211317636909,0.11006209522790492,-0.44527906820831337,-1.2045505058320563,-3.6529172655419977,-5.3898476136155775
1.6656250456901203,0.6665355845352486,0.8286117580501805,-0.35813540826233925,-1.3187595955607085,-0.849334079390407,0.9746963166439583,-2.1275821606240783,-0.296649973728208,-2.3297900463208756,-4.588990822202002,-4.427077413691953,-0.4087292876191031,-0.6690756194474587,1.4840173585663308,1.9644134207500412,0.01194392741326412,-1.2686041733688052,-2.27322280478997,-2.219404522730924,-2.1663094493677364,-1.8730604374122337,-1.5668673813989726,-1.7488174231752474,-1.885120746466423,-1.9463119699011846,0.870829853770081,1.0079196205139307,-0.8311665596567325,-1.717789476274082,-1.918747199361499,-2.389068842342171,-1.4860505141306803,-2.561163669118951
2.1241544694757626,1.3862803162278046,1.6012944311020616,0.4157832028478166,-1.1274910583905142,-1.6372280775136132,-2.7709017335822694,-0.20627348529466225,-0.42616545189026656,-4.290259050827759,-2.2602535861094672,-1.2399154612592784,0.6240819604288701,-0.5007175652227017,-0.6363096768808341,3.3383171588138953,-0.3430211871354909,-0.7069802017680961,-1.2742690919158386,-1.8147847401337982,-1.7723688559085073,-1.9457851202194232,-1.4352217662185967,-1.2292985939236922,-1.1639568058783105,1.7269022600120847,1.7367393885389808,0.3697506651524818,-1.020555679728713,-1.9760547287975918,-2.8954447130561207,-2.5979566770571436,-1.7225174288307894,-1.8245798255750543
2.189180213337267,1.2264693018274235,1.1875531690698296,0.06031975556623495,-1.0741469672669952,-2.6824165234281274,-0.17795604392531236,-2.280952951408478,-5.716207755403732,-2.0832160841228595,-1.916393885336944,0.9221550864927794,-1.146635717688479,0.5563611698308798,-0.1729628513251346,3.1589194047719187,0.9637846885931206,-0.0017662354945370037,-0.8670347638621932,-1.1904958713229479,-2.6879899495301354,-1.7325195737027972,1.4659572675917851,-1.085777402252649,-1.5525345875383463,1.0430751885010694,0.4300451329205272,-1.1148690922664892,-1.803154925329802,-2.6669519510906587,-2.0062680120103695,-1.6309941030822508,-2.2979475595723255,-2.903133167184404
