script/wind10m.json
{"header": {"parameterCategory": 2, "parameterNumber": 2, "lo1": 3.000054539987559, "la1": 64.9999836372058, "dx": 0.5, "dy": 0.25, "nx": 34, "ny": 52, "refTime": "2025-02-23T18:00:00.000Z"}, "data":
[rows 0 to 23 of 52, columns 0 to 33 of 34]
-2.513079448758791,-2.0553195723801903,-2.605652898234951,-2.700702247976906,-2.8685648407815396,-3.0200839029178654,-3.1848896193205922,-4.071925404188235,-4.9185261829991775,-5.246113676350388,-5.027845045927823,-4.584299530700879,-5.306808446123817,-5.704433519872898,-5.825920179225607,-5.5335344984770805,-2.9331307268604903,-3.673227599904374,-2.7901021610821752,-6.07796047567444,-3.9511594727712556,1.1892677775844214,-1.7076249691102567,-2.149297638939151,1.2506764385439124,-0.23052040577017313,-0.6576155431739944,0.32903072999171334,0.4849837191742932,-0.06098809292044931,1.1472569519691205,-1.48818832166115,-0.7886794247167058,0.7243001940038963
-3.326120448145312,-0.7839342363706685,-1.4248685333823217,-2.273403960916857,-2.9109935590546896,-2.9658604363202428,-3.2712512099198596,-4.872920377985775,-5.175443286084408,-5.977015610256504,-5.712719809328195,-5.390074346743825,-6.267360957196913,-6.008188640920721,-5.131449089340992,-5.410883724960384,-4.896170417617013,-3.5662412758001354,-4.775212569466654,-2.945395054079204,-4.108145357912228,-1.7780281733916625,-0.1368239722593285,-1.9196376737411502,0.30634667305214064,-1.017846647445257,-0.051643787448668835,-2.2910298987362667,-0.7953251773760968,2.1985516732538493,1.0228226104224125,-1.1612956860775567,-0.915046957147425,0.8330974363326525
-3.6196094403964416,-0.5963384402484603,-0.38219392575924327,-1.704966536569096,-3.260661345050344,-4.075010273674104,-4.692043982806054,-5.642501888973553,-5.7617430702951635,-6.680253305251824,-6.944084454065715,-6.604044526548123,-6.773568474130378,-5.639575808382291,-4.229383762145279,-4.56067922041855,-3.254359195066887,-3.5481418679677628,-3.3452806795639742,-3.874206719362899,-3.9486766688512716,-0.6528618662901025,-2.9230923586368336,-1.1666688937518355,-1.4505196119797201,0.16403437820851308,-2.0478973784547594,0.7781635977012297,-0.6423111419155294,-0.6482078668964695,0.42654507482993137,-0.33948142696290096,0.08378687060904857,0.09879142142438005
-4.03393736359401,-1.6283216055534224,0.2935914547501056,-1.4498292467780407,-3.5253960346227196,-4.701718477326493,-5.8007504770731595,-6.325295829749251,-6.537151502706631,-6.69988636137941,-7.115452497520338,-6.974689142816498,-7.785773452550818,-5.674740907466617,-2.8282938085307148,-3.3404009852581544,-2.6704650700464567,-3.5518110788875172,-7.053659225719158,-1.9377904261323455,-7.375622351534969,-3.628491467222413,-4.229639455872235,0.3036489566895421,-0.8876776552222573,-1.8309889844834255,0.3316149467831285,-0.25889776500651973,-1.340193331599005,-0.574277242927003,-0.3678365222344676,1.1739162525014732,0.626324824167128,-0.19487966711702906
-3.026356061246677,-2.197915822392968,-0.1277765823029929,-0.6036468785815959,-3.3521243026251795,-5.284776197623167,-5.7914243759114,-6.735331146233723,-6.6173976093130955,-6.6152637303950605,-6.685967440234812,-7.406947641903806,-6.786945365199398,-5.835570905862094,-4.571990181525121,-4.872304521002774,-2.4965847382242456,-3.183222477151382,-3.4529873351410423,-3.3846007875740147,-6.888427638580525,-1.8936199742461228,-1.4261666410874578,-1.6043609912095473,0.7395734700861075,-0.8217088528187774,-1.1944780378105353,-1.5791181457215997,-0.053999612749569145,-0.4506120990614244,-0.717452031282698,0.2376080029671592,1.019384898208212,-0.22925261214127143
-2.8011477231650375,-2.1447022530303075,-0.8941896436572486,0.09202207219186917,-3.6009925435508063,-5.30888530003304,-5.951566282813239,-6.7281961070067675,-6.923184494540474,-7.085020012839129,-5.950242835709757,-4.894823977871413,-6.7064362292141,-6.945432388497454,-2.5148145784285707,-1.6264905173727757,0.31027728389290266,-1.9326832071806876,-4.296419983565393,-6.383089577510558,-2.296071400434105,-3.0907111517300323,0.2626588227474843,0.4709999873743607,-0.17368094544450582,-0.6675063872585788,-0.5843698824985017,-1.4296814953283223,-0.7327438855989973,-0.6211098978584497,0.17269573609446898,-0.28214952740371463,-0.3581069415877025,-0.18668210218585984
-2.778702804665861,-2.2249662168224096,-0.5550868597979632,0.301490717179251,-4.249798977559988,-5.3281545948797895,-5.589846923057331,-6.713211727121859,-7.165063396551108,-6.255463313893745,-5.125388091554865,-3.022575216155681,-4.048505174276942,-3.39714896571056,-2.8140178756151153,-0.6118943990866365,-1.066123066077759,-5.138774068974833,-4.516979643027387,-3.1657949601938506,-1.7939823142557034,-0.8643733691288445,-2.198709834212937,-2.16183183923674,-0.8918578413081922,-1.4077503455471656,0.7953948425696762,-0.8866315949690783,-0.29114811686368025,-1.0111857171435241,-0.7432807070596447,-0.28770333471470727,-0.5615699057079016,-0.9832269347925012
-2.675637041017848,-2.2576982385227313,-0.4386219764813028,-0.07951488408399685,-3.307611014986687,-5.592721302194028,-5.296837320294797,-5.998388616726781,-6.454393110324922,-6.241637877995936,-4.1224592700586165,-1.9685308629446938,1.50488228873114,-0.5943413639214404,-2.410682554953041,-1.052127134508754,-0.2524365480995534,-1.1784999111172687,1.8203295881553005,-0.34859894422494275,-2.4270555600729895,1.1782793220342453,-1.072705021236324,-2.2893367775982316,-0.6371661707108852,-1.459815767926486,-1.239073962719541,1.0215921247335937,0.17689215657248303,0.5264941459026677,-0.7294479169202028,-0.06223923703872489,-0.4012760440081232,-0.22287828544070556
-2.331713171802971,-2.6393882524966963,-0.32411313068613135,-0.19087319403106384,-2.8995776560807967,-5.547417022694789,-4.590769678736962,-5.499530593185777,-3.2307870155612104,-2.353508383812206,-3.3837017803811267,-2.7734657922529875,-1.5554428750921048,-4.471261038362439,-2.213356484051038,-2.4213336743290585,-5.326534236577119,1.2987401167940154,-5.079884105275677,-4.889880995292126,1.88413530372645,0.9564331136510105,1.0572554055674601,-1.447177837073646,-0.6778607086080463,-1.233389321114735,-0.00587192125253175,0.2836047648561879,-0.3440627612159917,-0.03868012252893172,-0.7215770685049386,-0.3421242764248547,-0.5474314225076119,-0.22049430689088215
-2.4129337143685237,-2.8326729575357454,-0.8587724070918967,-0.1953976959523361,-2.3627766428047767,-5.019447420449125,-4.65584550346478,-3.1583492027201716,-3.281360007411731,0.3658328611395044,-0.21639552687202168,0.15685944607755584,-2.9782740351341848,1.5072543260345725,-3.9134941800890455,-2.0723925245814425,2.0799549976425613,-4.838507635882422,-4.2877182094832955,-1.5000722840252019,0.9126812516503926,1.683864201820987,1.577106610803172,0.5837009245934615,-0.24650980594350438,0.3955646625383012,0.40043380695677133,1.432780542871577,-1.4755542119754128,0.0002792814404960027,-1.3124823766685447,-1.2911900261402993,0.4665152423932794,0.18678203902286034
-2.9094145989631452,-2.49848229426367,-1.1486397853867032,-0.39597109539595404,-1.0677678109863475,-2.623895547251566,-1.9910575673252418,-3.4217681749909192,-0.8929475277659442,-0.5576686088722748,-0.6401245980523265,-2.609374261127797,0.8997898178695928,3.9835774929457024,4.364673124579494,-3.972364106417088,1.982248593327758,-0.3780677336305873,-2.284104655476253,-0.17445379012437662,1.2348268501925166,-0.7811557494081587,3.427706876410117,-0.7326023492229886,-0.21718032515570232,0.9853374984779479,-0.027630496656577762,0.20740458952514845,0.10971331295382586,-0.9996372086198304,-0.6452514788408319,0.7564193853453062,1.7854616834817354,0.5307130368260227
-2.910986100617985,-3.1925329631049326,-1.7825906590015468,-0.4725191649713524,-0.39085388509182545,-2.2761861204529485,-0.18415867731437696,-2.587302421920469,0.6830996056379296,-5.806579611688097,-5.0706259147080335,-2.974733018669633,-4.58651727060649,0.8584219961938335,0.322949357992647,-0.9163077905297383,-1.2439283418580973,1.643775050316351,-0.10490920962980509,0.15142906741812306,1.8273332644923295,2.3884817744152236,-0.7881520656903548,1.65931254172092,0.7509608074392129,-0.8695413351738219,-0.7496288430685092,1.6844675821903776,2.0532982920529332,0.5685049626437488,2.483746105751787,2.3067127668994263,2.1114267939979303,1.834381707355121
-3.271595677763651,-3.8742251158126413,-2.53754182671567,-1.0288457173447354,-0.572106479321825,-3.1551439944444506,-2.6395973074656576,-1.6664402725609442,-5.018688241992789,0.5083535193228716,-2.8257296936904828,-4.837574014139002,-1.8214668874963584,-1.192218389229863,-1.9615494924702954,4.205134155302902,-1.5039383937987414,0.7946395975822476,0.31115470515477067,-1.0672945679728036,0.0365313118587123,1.6252213283954111,2.5881419533618475,-0.21882114849154619,0.3641297772779677,-0.8294898016229596,-1.3079562275373995,0.931927256978241,0.0074557096014460445,2.7295497325817104,3.605806414071514,3.470837051635823,2.980321465396631,2.800746685062055
-3.8561617716599255,-5.350706358936452,-3.0699318548752186,-2.010083730731577,-0.10498419579590193,-4.942448488390665,-0.19400574979605775,-1.0325896498444616,-12.209275018990636,1.2219832644836914,1.3111388956134211,5.900091422802577,-1.8936545645518121,-0.9816294064201238,0.532727587684692,-0.44208587636889884,0.7222659714065791,-0.8973701609037671,-0.4217026610666719,1.6242416590708826,-2.1122025708149703,1.7500515812586623,3.0867528127710115,2.8138313140152005,-0.40297010388419613,1.8129693241621896,2.52979765627709,2.149512152150984,0.6625921169331495,1.8925768060530184,4.1609861103426145,4.551429021975351,4.284775541048591,3.477073473120139
-4.371735000838215,-5.53679918373198,-4.90486554487074,-2.574919847514172,-2.6061547527177065,-2.6706591578641583,-0.7470259180629014,-7.365241531607387,-5.64241559455254,2.424611468642631,0.1385153350288865,2.404416505362392,2.3862507422175177,0.7696554057869537,-1.278732166053166,1.3491182152076198,1.1015252457867648,-0.9300098622631321,0.5146370332803837,-1.643916226842395,0.589616004585239,-1.8957549886065208,-1.095022818982147,2.0308689284355896,0.13179018399503944,0.9243194232973448,0.5012866209914931,1.9397817613296844,0.9207187311518894,2.8712373904756636,4.996605883057327,4.620374607992607,5.059433685159143,4.0975958046189405
-4.953637487870048,-4.337134154905326,-4.814051470432689,-3.3474421726130394,-2.0893018582001166,-2.534400587748377,-5.30752404107353,-1.239326007193379,-2.099876022437104,1.1781107368262,0.5568946133694969,-0.3495109036592739,-2.0400463715025845,0.34361068958430624,-0.761122057662072,0.025752857792399605,3.47103758734673,-1.9040558460812507,-1.1765154337358492,-0.2646236686265183,3.035804618480148,0.12888884254160818,0.03302182969525788,0.6274019310672238,0.08526006622528952,-0.10975325759112882,3.414008803810373,1.0115893737061121,0.6416362357458727,3.457153753214643,4.682490054191581,5.248578280708342,4.524288677575756,3.7212145286116427
-5.516739752780447,-5.230111144794989,-4.762060564323109,-3.860454674310196,-2.228734534780819,-2.3498577359509505,-3.1382984506181857,-0.4354923467336246,-4.608199382443247,0.4568959962083687,-5.403191937579719,8.824189847508997,-0.32881304992269617,-0.5094772293373293,0.14875625750881746,-1.7861252933950866,-1.099428876419307,-0.7231373103825603,-0.8206275668267321,0.9236761238137414,0.7746727064021722,1.4564766965828604,0.10483567933467615,-0.27315849880024273,0.4065796084519739,-0.1504618312241951,2.633754663583447,2.7656450127078096,1.612487758998884,3.1784811875943877,4.693087703756667,4.891203283285119,4.170487616387901,3.376956049328604
-4.999162072546834,-6.04354537800434,-5.124331890182999,-4.330729942017194,-2.912803275293991,-2.7627730322922632,-3.2712054382611804,-1.6457927061231392,0.5914866067008594,-0.813259059105775,-1.629966463511125,-0.24190623482061335,-0.02645713549486604,1.6544730689765887,0.21560688043019707,1.3445991342063859,-3.6746291848833152,0.010392064221586974,0.19718553316386656,-1.015635030922385,0.4019933321732806,0.014885649388703884,0.8317890121901004,2.8401686655843164,-0.24944491695785617,0.5293289533812483,2.076488114319798,0.9799300471454043,1.7577085415899973,3.643270493025568,3.702981701766013,2.951591974499227,4.231872338862392,3.8294670198684106
-3.81205448548569,-6.134185034251431,-6.037198013934283,-4.791519115040164,-3.362030700689055,-3.2538726867823864,-0.6219418258481147,-2.391858750758952,-8.176205090792484,3.5331047869819714,3.2935556549435923,-1.8695320248458598,0.8428489427366277,-1.3089019768693528,-1.4396744109121458,0.10976455587540217,-0.7965796044455489,0.1590154395386037,-0.5069790252700559,0.5545273078629411,-0.03848898902318135,2.089545106618803,1.9977140889494616,1.1573627175133316,1.055238343981155,0.5935139411470111,1.6038635570405637,1.6040601157101273,1.6741927989322103,2.6178614780702114,2.8074917907931867,4.806914713687127,3.3569431483514713,2.549860047059754
-3.645795877453043,-5.367128815945049,-6.1124993782064365,-5.60591802499645,-2.440833352498007,-2.718162283144604,0.15545483491998643,-0.9743281660193984,2.7083163439476787,1.674982550890611,0.7783718964697494,3.1105511809576996,-1.9412611137800126,5.138510990900424,-1.6563702104384812,-1.1144504293368325,0.11417248438375455,0.7206877688374999,-0.13674105231701889,0.799640634759747,0.7530145549797264,0.7128592446240348,2.683488177001783,1.6312107024922293,0.34900284227574446,0.9582354417453103,0.8631397996781266,1.6926530954906494,1.9780919118734233,1.9108160954556952,2.1660274810241082,2.74674472717395,3.430220553609794,1.6985468643072628
-3.6341150598191936,-4.707896292540318,-6.3967025122018235,-5.466637542633258,-3.62874239068566,-2.866935334896453,-2.138164855190092,-0.7136232475687537,-0.07621982149670516,0.8274907966687473,1.580801054996627,3.5264188427341496,1.7111572214497786,-0.29676550956464687,0.9924274208094727,-0.19870395402572896,0.9570002752899118,0.2785891925082698,0.6536172799859404,1.0020375486013402,0.5660943833957928,0.7176039524389555,1.9665060030131567,1.372571769635775,1.631453844113292,2.0090317726034765,1.127614441369494,1.7720669519909977,1.893120187212553,2.7275389943970096,3.0621790011638303,2.4956077604740963,4.789064264657823,2.1725839504465223
-3.2475609743876177,-4.8164730192812,-4.883109939264768,-6.4148526485537944,-4.647480615095167,-4.012657710486628,-4.625549724104697,-1.9215205099484456,-1.1359912877883644,-1.5469540263775197,1.0563916514094145,1.6403796939651447,0.6668435833553726,0.3943716316912132,-3.8318125859077576,-0.7344654896209124,0.2232374563695416,0.5905272879692389,0.5735438146939663,0.1983686672108809,1.6421675665674897,0.12247678274110062,1.447754569318258,0.9845782605881493,1.1171180649923265,1.5333450179304848,1.8645234276445595,2.143483886594348,2.5208964024968985,3.116144864223302,2.853522345509038,3.169398625498324,1.8318046250857163,2.0463533673856222
-3.033085393164775,-5.034030897708794,-4.348118485551287,-6.304754544986207,-5.754144830734748,-2.84519965114981,-3.6105021766934513,-0.28123768846164954,-1.0821400213138044,0.4509074658999149,-1.3660265303069088,-1.1918637349893058,0.01594623442235196,0.7995843578526944,0.649288097252432,-1.1938761108477183,0.39644571953773106,0.6592592401185488,0.6025178643584794,1.2711309946206426,0.8501624504919463,0.522951169072722,1.0026592846837783,1.151636892288652,1.8090915016937044,1.7292020968700001,2.9117412071456923,2.397318769359575,2.550272714776305,2.98162236978937,2.496902101806824,1.1260275724274458,1.2760023794860254,4.257707621047047
-2.6904893967917474,-4.294068506461812,-3.453887440473992,-6.487072786322924,-6.896068552402584,-3.2946833256887893,-2.482241681141676,-7.482734721979548,-1.15308928053061,-2.433508905845266,0.9555834146343459,0.03309256495620503,-0.7246208647090471,-0.836675606888705,0.7845556789674162,0.25462264465978035,0.28070033615010626,0.6680263595811232,0.4733656562997302,1.0666915907829626,1.0582081881353418,1.0314977607924067,1.8543991139580758,1.6124047463003177,2.628434326123774,2.4089390382792484,3.3361738831542507,2.0831185545955364,1.199804736905421,2.2058530133779057,1.345407064838613,1.1225624989475669,2.2262449065770045,5.746231727500247
