script/wind10m.json
{"header": {"parameterCategory": 2, "parameterNumber": 3, "lo1": 3.000054539987559, "la1": 64.9999836372058, "dx": 0.5, "dy": 0.25, "nx": 34, "ny": 52, "refTime": "2026-04-13T15:00:00.000Z"}, "data":
[rows 0 to 23 of 52, columns 0 to 33 of 34]
13.136984468279447,12.313781695289626,12.18687181503441,12.213987139877137,10.712547383962468,9.801924614049819,8.931733327636305,6.3131279119192145,5.063662643603204,5.144770786703652,4.681581836917761,3.7208695987386156,2.772892994244625,2.959079715219938,3.4965444056672212,4.406198148575708,6.627160763633909,7.325757447609437,5.544971329669453,9.676550021654057,6.307469597491479,4.737511183480669,3.4771445715050175,7.907819401624643,3.6760011775766817,1.700280540632695,2.5639430404497383,2.8294851247708013,2.3826969789557335,2.20843970843804,2.1068324353514876,1.6404820087243432,1.8937920334293248,1.8445836277452394
12.823769501002541,12.708784712268844,12.229991854677856,11.574424797234432,11.303962100765242,9.294877502926845,5.3548962336370804,4.919261240399831,4.402965833202956,4.39360985835392,3.729227059456516,2.8164974981279554,1.674756250860499,1.831612303838664,4.990312983261211,5.211618823852798,7.375082545913885,5.246836050163358,5.389743287944484,6.621801670469975,4.8847912699147775,6.37895599300219,3.909557064339766,4.584961316991515,1.7852200723513434,2.2900831252282745,2.2366570834745505,3.3793302239882763,2.79521230517713,2.327360176493979,2.088726924028539,1.6939518443194177,2.14872241559106,2.1060752940419696
12.381702592026539,12.818318953147264,13.525235668319022,12.093019694858329,9.533188576312075,7.421894979117774,4.9357048750990336,3.8197822092094773,3.1842217966701085,3.3553180471389457,1.874402437028916,2.0447308101069974,1.4552412525699598,1.5604178098433406,5.5801239589535125,8.07523278369482,3.918479560401791,4.135253815157125,5.440241429580878,4.798525628038154,3.8617558065725874,4.451019284981993,4.741951523566717,5.404911133951194,2.853764181615402,1.3327092426489164,2.413729371409324,2.343878560349419,2.5283893390966914,2.602456515356323,2.2795198556289065,2.1132670443955615,2.159055270902663,2.372450237447698
12.54787407945241,13.114513637683288,12.76740076740882,10.211974382914137,7.258477204614103,4.711958141060768,2.717838570460825,2.805473831152149,1.8900262356910704,2.3886282295257137,2.3328669015124834,1.2204416055521254,0.03276599256597465,4.119281786491151,5.67514870488359,7.130368931716454,4.127481544425587,4.625913463107771,7.483570365553728,4.005212858287846,7.728944354771562,6.084236202212973,6.809270447867389,2.151769986718959,2.169624360742692,1.3878385148991075,2.0167592147408286,2.4221073590820135,2.4226903267709545,2.2456101283478245,1.950152947339135,1.987414507296445,2.399330544877904,2.59708018638734
13.186272224355504,13.031234792037855,12.672169257684116,9.72058097924997,7.154894797723397,4.136966644463195,-0.4294023567718477,1.7084999436523147,0.5278887346310771,0.3419085948451547,2.622729237308659,-0.09476158370152529,3.3744616825093026,4.998387668382452,5.003881684315225,6.517832888356284,4.788639762523367,4.496589890448404,6.57555828722053,6.345352677377172,10.123670784927869,9.02909450881998,2.8005934991302026,2.9925793537398113,2.1445234026463824,1.828989935844831,2.510629871679636,2.6310089451870304,2.41762764443365,2.3469097876646,1.9164242397268754,2.6637469776925293,2.340802720520124,2.4440450563160274
13.46814440684273,14.781938356583094,11.982493939093104,8.72771640946832,4.343996031903476,2.7965745438394385,-1.9630642086892671,1.3664244717402345,0.20250937654416498,-0.6486664136445476,-1.624948465528547,-1.6111852665646265,2.529409718696142,6.121175113484681,5.140876546818453,4.2015596466525045,5.807756724181516,4.530552995558189,8.14657683671146,6.151471373190384,3.8533901027553528,5.294636439810774,3.0861211318580266,2.2673439224496477,2.260510116655334,2.423650379813261,2.4338240956514645,2.2133594788759594,2.22211996121961,2.4741385943379757,2.0945142575287843,2.3463775579166506,1.9516912778158135,1.5677846349358446
14.284137210920003,13.762822341503476,9.292493572652203,6.244732600959466,2.380071330688347,0.7165192068112444,-1.7893845701515623,1.1423383010864105,-0.9445835012255155,-1.1421685806356827,3.3956779807734616,3.6212526407376813,3.791224768949458,5.007463551268057,6.200087416191175,7.967624899140664,3.6458322729855603,5.268117789328432,6.166189302163044,4.951162408443778,3.5408152516939566,3.3637674207295403,2.8420887392402094,2.171524220818418,2.657533376672467,2.2794267670438497,2.4092870654588565,2.449675296493195,1.9640210816717656,2.2694945810616294,1.9888294278199636,1.731852476919195,1.4934967150125222,1.8916188939482468
13.715306925800027,11.409825741873751,7.708031807672251,4.956578722172026,1.5845793671806367,-1.0714009719192863,-1.8535280717557088,-0.13225977479365317,-1.5984551494325794,-1.105826024224342,4.422954028519064,2.756737799976895,2.975257813855643,5.224244340544596,4.700366551983811,4.059100621351798,4.219666866085351,6.295654505842708,8.228838290869348,3.3008283182904736,5.001185429384571,2.9584999213465824,2.6648523603999243,3.5037776927725623,2.147229111065304,2.0511233481941353,2.3046800996351435,2.5276095212606613,1.695458727153905,2.099886402717456,2.103482812916125,1.7630258614038041,0.3646187402628113,0.3036365317484197
11.413080690722268,11.822889062047997,8.209677945395626,2.825474194131121,0.7806186743640919,-2.336055467090879,-0.9684673012795105,-0.6550209492233566,-2.9576042016196826,0.7628522671293767,3.5165119772806777,2.7319668676867077,4.309507037697253,7.218441492503936,7.590201548846094,2.9141577607741063,8.178628254679051,8.674850124533844,6.191042638712887,8.345517052411907,11.33391813640278,5.683842320055176,2.898788729168863,2.098424576582712,2.0606764267317206,2.4534894640606537,2.0687509800480215,1.8115661221451396,2.354367678818827,1.340256827883943,1.6756784114010908,0.9107385262636705,1.1944074429371778,0.6835485087511115
11.004825995092379,12.532380362834788,10.980944853520652,6.037883802924973,-1.782943907858421,-2.2037082095174156,3.1656592501485594,0.627606403590378,2.0661707479430067,1.7068393518154823,2.5891685124449513,4.2421457653595525,8.823627244385902,10.054486363042312,7.2410327318551095,13.696327955857939,4.44864430239801,7.295758337266411,6.809632862651937,3.934063347820392,5.244340787770844,2.109706560683154,2.872400395254757,1.9701779802216752,2.564735214374497,2.069879317266374,2.0988669508480626,1.7517216296792433,1.9287822568788673,1.7217666633817055,0.3265943212629534,0.898226759170756,1.8120766514535105,-0.22359227194372083
11.104778452225617,11.673847934598712,14.764966158257808,4.621649019793971,-2.061591899300467,4.310623615900073,3.048238485840505,1.9173997885908147,3.1717907784097643,4.1592104598753625,10.160154265320502,9.557723506728161,6.320962576621902,6.662328402170029,7.12688885671018,7.715295407552694,3.980544940876934,3.5323285472385964,7.190124662185492,2.3795149341233937,2.205043613989279,2.908636451041543,3.5802868052065793,2.113375972115042,2.4604515270829865,2.022169243181523,2.0098632289715668,2.2008175487419592,1.1165010885542073,1.2860743709723452,-0.26195219344189746,1.8094771042424274,1.632464963135902,-0.2587579492506609
10.925960593675315,11.34626296524409,12.036227168436843,8.804247539673122,-1.8041716929602165,5.4001397734643986,5.59592560881257,5.059308896178196,1.0563742327032812,10.089859438300294,1.3169702542113948,7.675326142447901,8.172849980092733,6.327383370762536,7.560615061865188,4.1218992903850005,5.677203495641721,8.790551038215098,8.208674076082493,3.4119244664308845,2.795954653952658,2.4280913308277494,1.8875541844286439,2.477319528406693,1.9336238312706493,2.160507934550173,2.2704973503684753,1.8778980059198613,1.7022558132936925,1.6713939768427444,1.3476081227710872,1.7137858970273905,1.9031722276073333,0.6995330637360048
11.952077221466688,10.92154840013558,9.770634009859307,8.928118102317134,4.228957575660184,3.6766504379384424,4.92454735404658,4.1725773390259855,3.819668062276307,6.660417593095239,7.901961394030483,9.405747994927047,7.801989348342704,10.225067857318534,5.033224885383023,7.716830814709403,4.688187752088878,4.786453870393904,2.8043317576285367,-0.34984834948280846,2.7399705246354,2.4875038957047733,2.3398560200156173,2.3772886522305843,2.2928855684818403,1.720993221531928,1.3147336793736493,1.9637824190277333,1.0151151999521626,-0.142640316020685,0.8837401422648485,1.116782261215474,1.3174442036507743,0.46184736152095424
11.268570977063447,12.345608017211507,8.726596133573263,7.981830856702568,-0.2146350997916303,10.172233318575094,6.236677361816498,3.9311967404469272,9.684727206075058,6.030009921556159,8.427910195440704,4.431023326062174,3.258374894400232,1.639011398364701,3.792987561135964,2.487226447703576,4.39829076647207,2.8989952938218324,4.115215085209949,1.2412874469798123,-0.15236621743109424,3.548333128017979,2.436705050622653,2.3980262376151735,2.1942140571684905,1.6489859112957976,1.6102331691814324,0.959980523397954,1.40954028349635,1.1095872322616342,0.9515029694260866,0.6677605031546555,0.7541127854207028,-0.18886528714189796
10.253975258283509,12.021863854792539,11.023569660237559,7.514583794749774,5.546233537331359,2.822242975306217,2.448388144453697,8.876930191417419,3.5858233203170773,1.9288015737967408,3.187057199351693,2.932174269412512,6.085994031682324,2.7719731457165206,2.2730128919610846,2.1556175025455517,3.0925887600064135,2.3027466211011154,1.88393355964224,-0.3997668251938335,-0.3088837143189242,1.7402729181030043,2.465642290166634,2.233941927503777,1.5539145375788608,1.5091912959245084,1.0584829028527878,0.9708652029429723,0.8679102315487996,-0.25923735966842043,1.7590297419649994,2.3412300055687982,0.6519038990685485,1.4076477332256723
11.218054819608216,11.305253757046696,11.001611012007379,6.070216881152294,2.7298062828825485,2.074384032252542,4.071495797081189,2.790530244916687,0.5643856271580604,2.6246036623159408,2.564418154035328,5.6197859992660995,2.5412977549664966,2.438954064324275,0.620917082709189,2.3579351333024494,4.240752803073678,1.9078902330293508,2.3331932220992324,-1.0059188756261133,2.0074031054531165,2.5420723037742285,1.0730543213106176,1.6816588814552818,1.826143521768824,1.9460599010661668,1.467231419116557,0.1615457573964515,0.8549630985636678,2.310831312187695,3.2119929337327493,2.125013608225957,2.706426447735836,1.6159278371822103
11.453415372357574,10.465724147361877,9.700527733462549,4.614767326953481,4.740557725781466,3.2408463616263727,6.363594280931121,5.986702803597453,5.12762980570944,5.411783517296947,5.058469685890033,3.2165970309968364,0.26834395038349623,0.6945718023554099,0.7128668827058215,0.12957942222917507,1.3385479920721701,1.1249133364211383,1.0253701558283799,-1.392611406439797,2.0629033209778833,2.422005341755234,1.73272627627032,1.8138052232983013,1.6839003273291344,1.5892358047118782,1.5940634890869403,0.22448464380782465,0.5418756053681303,3.1837344190158086,3.5411416704636434,3.5079391989375863,1.9361614327505139,2.471220628898386
10.991163275610276,10.39265953635795,11.451072129491239,4.3584156408677845,4.382179645514257,2.480612426349536,3.196565549255698,2.9322278932305728,8.014228364630085,5.678427938516867,3.9633966976284034,2.272674556804155,0.7791833998496446,0.9924016239637158,0.8832668031365376,-0.2480876379093604,1.9493790199033738,1.0511640163441904,0.9918813011846324,-0.28001625873734287,0.23632432703474646,1.1131287259685756,1.752247945645037,1.89898194590799,1.4468149709117932,1.8318696244838018,1.2883700136947709,1.5843097699446398,0.17452721137509078,2.8417893090343602,4.448404672893466,3.489549004627626,2.7032189815959615,1.469336527179632
11.177145445808062,10.628717822751977,10.879558765551788,5.74984718316843,5.990536295539523,2.3448794147638052,4.910557730165302,2.309919562234977,3.883244871290892,4.113301747925363,1.3293242668780931,1.948491251379689,1.4961065960058957,1.0888563276937542,0.38762033864458245,0.29112639148001546,1.059888098425032,0.3218658697467469,-0.7111108095332438,-0.669625101518051,-1.0109006723610074,0.4222051765042402,1.592066727935673,1.532497302214212,1.8153957716355749,1.9809589205812257,1.8692803252895658,1.9224802354883415,1.3354957238429563,1.9470629683273761,2.054607711749534,4.785835627272829,4.787851740301502,0.8030591101452367
11.967050201662582,12.967055774759901,12.069184872042493,5.816455094452204,2.8352235952870526,0.9261123621681426,-0.6562699144669265,4.02684137044461,4.424404478147389,4.248294573159477,2.9789708176978618,1.7224194609780081,1.0003862049587537,1.7818630300654876,0.520701935630041,1.8505342841579033,-0.5083286904873022,-0.7154932078054316,-0.9989982003510007,0.7316602958971857,-1.6702928279001676,1.2807304084752955,1.813638838358635,1.930212327447873,2.0988237474816716,1.5818322803856044,2.086508031867679,0.9817631854180888,0.9379675486997143,1.1846144366314733,2.4086607895030143,1.7393588512617866,3.998103131329393,1.7620194202999238
10.946145543504535,11.879869386318527,9.859137527543286,7.788648564967488,4.652554584298677,2.3971579312173406,3.437201981124113,2.212327804210818,5.070702693126447,2.8829847877686445,2.269639586557805,0.715541076367762,0.039856695251343506,-0.68649461539992,-1.752744860251362,-0.4694730811661581,-1.209534340201654,1.280869092365201,-0.96724017483282,-0.056009144308475485,-0.09539959726009362,2.0232874643900156,2.0457954678533112,1.9356206676782552,1.6828767373901299,2.21957731233686,1.2103744855608625,1.2670581399672272,1.20976276190177,2.6579666124958554,2.6345616713733175,2.165781526726083,3.8233579367277915,1.1911341155331439
10.33376480652483,11.71769422634814,10.97359203556606,8.467666025826071,5.865197329456601,3.3383583485719064,0.6544146395800772,1.2201420256640003,1.103206363430644,1.197393818520021,3.0432748536978402,1.9304709489999676,1.3118139366408306,1.048670297460713,-0.2169424306233129,-2.1453321101519793,-0.6993700828048289,0.46282771696187874,-0.3243707199162806,0.13105897423722682,2.1248122535111724,1.910151377207635,1.3333299297247685,1.5531376520412468,1.8496250520521422,-0.16343238102798996,1.4755973850433555,2.2853008343096293,2.6972299527626227,2.9838556972501302,2.067737293396879,2.6172120191416894,1.0905082119014338,0.7427069148562355
10.07910087208537,10.852701059064014,8.36711024662973,8.175631771366557,6.283109022697633,2.8271963596285428,2.2673960831177395,2.3136484264876516,3.616886962177781,1.7573354668493049,0.9634740384672762,1.4810349516264716,0.3768881017958748,0.6113945307624242,-1.527424797255297,-3.123791408015968,-0.3069648096694605,-0.20505218604767703,-0.2826785709253911,-0.14301270872635455,2.0668897236252652,2.280694564408028,1.6527538561311015,0.9676091365850149,1.6567544052555134,2.285800071074056,2.1805905187232737,2.358313152414322,1.8575880016130795,2.316163399400122,2.7295640403244943,2.1137951921490727,1.78028191588691,2.1912669673638683
9.313526560897992,9.265605843839658,8.74652281338351,9.233732963042542,5.357459574762198,1.848299463815698,2.1971910154277956,4.437722075948422,2.0352636776193584,0.8800440123028882,1.1103479528806377,-0.2176950157659661,0.5621923629626353,-1.148362862231552,-1.6289440106519655,-4.077988606650543,-1.3416762452770197,-0.43106879011152016,-0.09324476907967381,0.23851513783227965,1.539531226394884,1.623342032907832,2.281090588325724,1.6069346745864392,3.0980809354807843,1.6695818924260628,3.116884782875847,2.2840346341081124,1.678016849256157,2.3064221891522227,3.0553391646452246,1.148733268750028,1.4626982244748672,0.7775233853349595
