script/wind450m.json
{"header": {"parameterCategory": 2, "parameterNumber": 2, "lo1": 3.000054539987559, "la1": 64.9999836372058, "dx": 0.5, "dy": 0.25, "nx": 34, "ny": 52, "refTime": "2026-02-17T18:00:00.000Z"}, "data":
[rows 0 to 23 of 52, columns 0 to 33 of 34]
15.816830124927069,14.33053200133889,15.065684676143327,12.650596717512874,13.617507560053529,12.344307922072845,12.801263328852357,11.201157960931848,10.868062347350865,11.597912694609182,11.34623812395467,12.046216297984813,11.517689270256906,10.81863748675414,11.648175666942377,12.456757728565316,9.78357934639302,8.035017381538138,6.775483600961491,9.126815066359873,6.095683713076563,1.118488438273997,3.2893369936785835,6.397749389354479,7.107683057006649,5.543894598235592,5.907625575931095,7.4763089708976604,9.538678663904957,9.505382022651096,9.204321128413705,8.560905881078554,9.759089433702028,10.862898191600419
15.65069620581673,14.408484532307448,13.759352352874107,13.892909619635864,12.410758474938978,12.881760246944575,12.00083700858317,12.171250487434133,11.652466648668122,12.619278263676739,11.74805893883901,12.364492301472975,11.866530775185165,11.124543388858054,11.630948100389485,11.946572803800716,11.888484647027601,11.121061779356513,8.30534923893642,8.246727421550489,3.9571980541500604,4.589384849160775,3.390522707504315,5.796449302392699,3.3965481013527596,4.810570319608019,8.326162524357974,7.225422234246,8.781983841726825,10.943439865160656,9.16022200607286,9.934944255798317,11.026613864125183,12.872188050720425
13.776366823965434,12.715832641277533,12.415959076226011,11.867729626625652,12.49134634786512,12.773037914274415,12.825320700979749,10.38511326114528,11.502313929939739,12.261927431785102,11.496415658867477,11.951594753299966,12.128671380745482,11.573756565867745,11.58172808146664,11.589996439346372,12.735235975272525,10.38776527813748,3.748368631812832,5.277362040212062,7.497954226259964,6.174951190780575,4.717288573453599,5.121749918900394,5.431002110148858,6.216471550384598,7.713401511620613,8.344911900192422,8.281965405165796,10.206049645130864,11.825003568947649,12.156021196291872,11.07915334123068,12.42403367130944
12.479384045928047,12.15691970602569,12.122316966680291,12.296211147635384,13.38559052468044,12.080657350962476,11.566715459858878,12.030446166664483,11.871107911372906,11.751347839847128,11.750550835353899,12.27760278985975,12.187686102454368,11.589339265270599,11.531305181936244,13.074667094267316,12.645473026006925,11.921136599358913,10.683097131535426,5.5909909038527035,9.054801345958937,8.504751155127341,7.487639231267324,8.299513211740553,6.68567889102276,7.40615548431365,8.728585734793427,7.6256105639595555,8.652068915698452,9.354477017560546,10.710670262740814,13.132999762775642,11.702326374948582,10.910088211367224
12.727720593581546,12.682922413329125,11.654328298039259,13.125456720477747,13.143901298577424,11.022268081605153,12.048053649404029,12.138542899730735,11.302609218811252,10.305522069993113,11.283537379461919,11.71748088448401,12.210561476597354,11.504491075735434,10.67957252638475,12.855590312244539,14.847471939024992,6.498484896498462,7.711400281309788,11.941838687545344,10.935362531563086,10.712555724300733,5.433703344588774,5.754881604420402,8.109460761457992,8.256687960326543,8.569275732265506,6.535918034864989,9.60756203683447,10.315095830595258,12.01121798536598,11.846644814158498,10.802559092868362,9.693611668743307
12.58872562223116,10.236993365044514,13.190231757514601,11.627315900865797,11.779516146684587,11.849025078975156,12.399934778045603,12.04664504340668,8.619111531106535,10.407791597997088,10.66349915798123,11.834564536058913,11.778544715473993,11.201139043522605,11.09865320404724,12.974623392696575,11.154811481559092,7.931816955013698,10.095900080576088,9.008066813085332,6.635240948206599,9.048306481321239,10.58870104391911,5.329395619694374,7.016698749366559,8.273600736966557,8.224949138482016,8.09734848763483,7.646119455053449,11.121566232404318,11.969617246374655,9.85883741601616,9.298019342655722,9.288871138304085
12.548461374894064,13.155713240657521,10.936866498359564,11.93457192143167,10.655103313271841,10.404422209655467,11.225408188446716,10.981011657957612,10.141437629680743,10.136316357911712,10.091672945412359,11.072378411854771,11.882646081048032,12.82595024411725,10.993858089304407,10.73447925290469,10.576283684548908,9.73323590337295,9.69826490752333,9.342073106681099,9.692710712279313,5.3317515401238404,5.35501967012736,6.134939383919384,7.352075427084895,9.01575775038885,11.960554248850555,8.96215067960765,9.581711891622732,12.10745803871357,10.441796533818945,9.848334636416004,8.973976883048067,7.708936672239379
12.01135845114448,12.487446300616082,10.702118760873942,11.886917898554682,10.956193064451352,10.885360253297936,9.253133568802216,10.091911443812128,11.642710178373283,9.398334729113575,9.76249709364485,8.724115017039376,8.42798774210402,13.99736064553834,9.251916574404989,10.124609361011156,8.038664586261666,12.91555204617473,7.336030320316647,9.302067930682995,10.929574503279687,9.591470483322848,5.7528662859124555,4.582118681160134,8.755828398102517,7.434641823647633,8.229595444955633,13.668586583066338,8.344731216293615,8.550911047229324,10.902404415337829,9.104575101736675,7.897812667904173,8.545268450084697
11.606821120650782,9.948861101414595,11.284154683345939,9.48281484870744,11.216635729898845,9.322126654730893,10.845984174845489,12.457526970334358,10.229598707786977,9.519596828269743,7.837145378034765,7.611875851976837,10.957527207453799,11.119422194654678,11.620501431220617,9.569375829973565,10.960393232527794,9.342776376664453,6.610713667024263,8.833489454852355,8.239848800741093,11.534469811957525,10.983979068088175,8.100909191297271,9.935624038457824,10.02677263274847,10.419605963117482,9.900261341457,12.471375275018774,11.43464916822844,9.034255278093568,8.868355118713028,8.103861246466584,8.228871143847016
10.492158497141721,12.042227792457041,11.258467299484357,10.302569681945016,10.48690994128743,10.188395823696371,9.467688616273783,10.145583565179509,7.008704031411183,6.792017611832839,6.7934196452198865,4.175817024419002,10.388704775905675,10.409945591498966,7.485880036595506,10.557718549445804,9.564097241275709,8.976241134936043,9.264836916666113,10.737404964209533,11.435600107605078,11.263208385589255,12.051020020002428,9.981743198476424,9.69041525966518,11.633167601699567,12.93402100897293,12.0404804165308,10.919740645523055,9.015177801048189,8.478453783930188,8.084852657254523,8.027519721771004,7.910818565911618
11.20537937491572,12.48483059383448,11.62133467747365,8.28449952035542,8.141388683288072,8.073112117811327,8.689851913464478,8.100285159567994,10.627694068097785,5.818426272181603,8.545280531189912,5.15418825253834,7.0066606818051955,11.242967826533741,10.521268448026486,8.24539912388544,7.091517901281837,8.916250151301861,8.450207957107459,9.35758077590396,12.139933483681054,8.080716248690639,14.133326650422726,8.405918095522322,9.99171647589996,8.203864679810819,10.320593841308574,11.639367320993687,9.625658544280315,7.566049452980794,7.580102015159854,7.585528976270908,7.959435678761671,7.531103200000721
11.791453739325977,11.430349547754277,9.149078406760651,7.703452030644825,8.077743222109858,7.322251814899327,6.098439880706773,5.347259708654143,2.905627399024869,6.069978917544284,7.719720995033358,8.513288893578444,7.866329990880089,9.132415601229162,6.866883978645306,5.820607082700087,6.2641625124892135,8.03088193571584,6.913700564041637,7.299224459415433,11.373948352964112,11.789577569610541,8.808404579392299,13.848198292949775,9.146363088196415,9.012269869370149,10.966565609552587,11.457215570112774,10.390136085151358,7.36511848450527,6.80976316143905,7.354184062298599,7.2573599736822585,7.32375088237199
10.657914137373195,8.968859849255931,8.497659299950474,7.125364552082267,8.211809031471324,9.612281724177105,5.9621528769370284,4.541275765302942,6.606351899884444,9.432943220173696,9.109428743889552,5.733519014653279,6.92881209756798,8.832544575127997,5.832920894171927,6.517718208337512,4.927639369797597,3.8587730092202293,8.590129393411903,9.400303871145162,10.246201628790699,14.164213599238149,13.188320386494055,10.836522815674407,11.581631580443055,9.64532264124408,8.437053504162522,9.657766617970035,8.850857223922342,7.432382831066512,6.83542381360906,6.864415456561608,6.834186795769869,6.612357553119507
9.923710024832078,9.508425774474148,10.582153422894379,5.683492094488365,5.048434222607322,8.30248872334094,7.400575919141349,0.952084646978249,1.3915554304701743,5.9655705524532605,6.19134388143232,7.374478207245272,5.340991806758783,0.9638737958348785,8.447653565096179,5.987861330659442,5.095690611062327,5.493293326007881,8.426861978672292,11.233632537357348,4.7679296897213606,10.125246598751886,14.125733764893623,13.839205444123,9.470352084538705,10.551724940339987,9.808136023753352,10.312784793361267,7.284476030289414,6.472662121911511,6.527097635807443,6.069426406155665,5.659883557216685,5.445136624892156
8.916334319451483,8.103892002723592,6.7649800520063605,5.527036285911379,5.061517320762377,4.706700036976357,2.953068165178834,5.397051085913558,3.7788521938114963,3.463299670026639,3.6965425481449175,1.6974884052181427,3.881510075902985,3.7916703746144513,2.594612172161539,7.135575678514727,4.9998540080077625,6.112451397045924,9.504082263346293,7.88241018169792,10.275138027813684,8.466465326222028,9.177277576255001,10.173546315452679,8.246345858824615,8.303258381578283,8.032847828795491,7.782607163521381,7.105560464110975,6.435212024223097,6.210477659511145,5.8190347893478425,5.434254597146912,5.883906487392508
8.510467936967663,6.664784439604515,8.528745619904631,4.947860759542453,3.271328092181112,3.4453557531020547,4.613330409605278,1.089866365838126,5.002563540230439,5.373597681864262,7.286528117131399,5.973975538027992,7.72445620507883,2.211940186939847,3.5736376423052865,5.112038650490495,5.05875782919193,4.2247507520099505,6.920465728273206,6.365953779802901,12.008165111980299,8.367493079263506,5.884849122213568,7.787901759782006,6.714010677275387,6.990210730410191,9.123601851594923,6.995855160578617,6.6574037543036235,6.04667100576629,5.79852630717794,5.325979541601027,4.232162077057326,4.283271602970256
8.49768619749845,5.204663723097343,7.525362066661789,3.4751536645373453,2.987627894458595,4.357287884313446,6.422928230749226,5.4449530371071315,3.624497165053078,6.104764341986727,7.282684444201037,3.9492375979803147,5.290514260992923,3.8621429741330737,3.1206976966198154,1.4637977490315444,5.474546707759697,2.904356089142186,5.0921095606167635,4.257127338355847,7.785134942269481,8.064792554465498,6.256091360037123,5.3197487769538645,4.948013023014154,5.939757346738739,7.145849955118105,6.956374113841253,6.439292915184895,6.147155622149666,5.24513352549974,4.521119209601908,3.041151396797233,4.351915771442054
9.164292015589432,6.221653368095202,8.488302054825024,3.4769265882959286,1.4976780268335979,2.9831109444976476,3.9335834121160627,4.702966546366847,10.086968092602474,9.504700807789662,6.992830482053535,6.091261755359018,5.351541946553234,3.732560516618678,5.775422866788719,5.057851863025387,2.5954443113248167,4.783009940956722,4.810660249126752,3.666182370318975,4.684479691788148,4.467336214114558,5.049576251373945,6.752370924540129,3.630901170931566,4.031496164036912,4.970278533585715,5.805294457990806,6.06078387526818,3.4440496218711876,4.377858203021783,4.653189890947446,4.651701590933588,4.822292665150297
8.742981603833867,6.39357773939826,5.924134996111114,2.6209638665435437,1.623400121245577,2.1461076254746616,4.364211345715233,9.075449107450645,6.25247528828724,10.673255388379522,11.613352130606637,5.953848262273741,6.173602486810895,5.720157265776514,1.3121208731149947,4.20539240037449,3.0075540083737082,2.8362745152607087,1.3730017973259265,2.0097350825609004,2.4791637804538205,4.567892754701484,3.7317665724747853,3.5560388459935504,4.070192546924859,3.4491519133998927,4.888017821098773,4.2363983711313375,3.094153277785156,3.9279749690751973,3.8920755396995714,3.698770720058053,4.161536046924502,3.89607020642091
6.779502570440367,6.499134519621994,5.446260855525646,4.088077859732113,0.9716332230922391,3.8626518674428834,2.9062469932853974,13.146342455922655,11.600038108483716,11.096899461026167,10.09736939638815,9.669964930547707,4.623322449669537,3.4672197282624944,2.7214455559222226,4.691562008804799,1.5591543196222644,0.5045700641044489,1.5534584750825902,0.8043612946486225,1.4064116211415254,0.8430012128415829,2.758557168397339,2.595518151517534,1.974789986315001,2.3111018893223467,0.861274339283472,2.0979994061102323,3.4366163288812883,3.177240853366412,3.2227774889736045,3.6448522445386815,2.9600426598390666,2.2218397697018255
5.837453080681357,6.098443172963754,4.627061938687538,3.42967310667472,1.3361802324859253,6.084415467356292,4.9355077572967785,8.839059183811242,11.118426470025145,9.109753177533573,7.5023333559992365,8.333562992839186,6.009642451355977,3.2050343437161777,1.8517203965133804,1.6347690108192499,0.3208826722213464,0.6477399470728209,0.6997198534077164,-0.04156371244072772,-0.06880150920862654,-1.0655745817431892,0.06388716558217561,1.1197368342798704,0.8294730470295493,-0.9204108157443543,0.6537515346104172,1.1236447380148435,1.924757280642529,1.920427498765037,2.1308724417809337,1.9181134036424983,1.3431224422093682,0.7407768760566703
4.929747600863985,4.895421920067799,3.8636702646314047,1.966298049237601,1.967349799862768,-0.48151628542453506,2.65510803909172,5.516676891447798,9.62233014748568,4.553686419533412,5.043438688957478,4.36854880273725,3.05529539180458,1.3514946801947705,0.19548772615271684,0.3063017594626276,-0.800067973772442,-0.6202188298763127,0.1552741080893091,-1.165435240366226,-1.6027012697759997,-1.6369174404470586,-0.8040931046961455,-1.134320899222596,-2.3473522859468794,-0.7343753291172402,-0.3468459401639498,-0.08265155946646315,0.2642129390410697,0.5888321014177117,0.30645352890340716,-0.2622354099809889,-0.42265571464417195,-0.7861027855416793
4.519817389087386,4.2935496549619545,3.540908671649602,1.496441600847686,-7.100601327478547,-2.659765745542634,2.118528629135376,2.4100234462547827,9.179369118078302,7.7547639621108875,2.907897915987223,3.33180129885281,1.851537379195589,3.737651170310314,1.669219996210276,-0.6149120923056728,-2.095367803182211,-1.2742604291651611,-0.8796083658508915,-2.0131108523797017,-3.0515336953553387,-2.483945768972459,-2.3922738907258467,-3.145387286912973,-2.830270518913616,-1.3254481170122265,-1.5891408459898662,-1.2500917691003615,-0.9398884051830027,-1.365383179221187,-1.8223146777984778,-1.8387680003251206,-2.1455333918896553,-2.465167996529572
4.840471070775335,4.14689660635477,4.146862780845136,4.098932326001179,7.380432036116221,-0.3651312063100011,0.07810517990106654,5.811371504633769,6.5666116836057,3.7219258377327726,2.1561301617109914,1.6157391029561456,2.559743452575828,0.3551127295257684,-0.20810861238725323,-1.010324938938523,-2.4234894649510483,-2.4003865681279506,-3.287030295220561,-3.365154280001819,-2.9383930761166512,-2.8347366915324237,-3.820583963718442,-2.842772675785863,-2.9502709911573892,-2.8171468936538595,-2.4854334873208073,-2.2410894182104943,-2.764845340937655,-3.417086689908368,-3.7443342241535738,-3.5981084535234307,-3.4283446883128446,-3.707785655592971
