script/wind10m.json
{"header": {"parameterCategory": 2, "parameterNumber": 3, "lo1": 6.000027932988019, "la1": 58.9999434238085, "dx": 0.5, "dy": 0.25, "nx": 22, "ny": 24, "refTime": "2024-10-04T13:00:00.000Z"}, "data":
[rows 0 to 23 of 24, columns 0 to 21 of 22]
0.17552108452561263,-0.6745061647283354,0.33227679863399506,0.25692452830911194,0.6248413633297608,1.0861136701368703,0.8751225584888174,1.2641684884675333,0.9171431355945935,-0.7476179924256711,0.38724729385205886,0.29187885992669543,0.23420160104166143,0.246988111875097,1.8420065137654473,2.2199726137891544,-0.06455286065491751,0.21919695791427252,-0.3557773309248086,-0.841701057252307,-0.7653832887832218,-0.7454418764425614
-1.341531391340751,-0.38343511512802114,1.1844571314791985,0.7948995499917538,0.87509368113675,0.7160734668303701,0.6121259426760716,-1.7631177227915071,0.6636476994405862,-1.757877338250802,-1.0468647993338431,0.8310104025831214,0.5700549626852708,0.9377613810482597,2.013872923680825,0.7994025699422915,-0.2134918253474869,-0.29624166252607126,0.2439896666949252,-0.2623697892954502,-0.5339842673901463,-0.7637056235822615
-1.1813516760925977,-0.0712638319665195,0.8915579424604114,0.7932778363449353,0.3729203061548653,0.8247998211143391,-1.233959393921729,-3.4413302890308928,2.7707930805219165,1.6868547824791578,1.587650462785321,0.870654165438605,0.3687434806689208,1.3313927173173272,-0.27524082959607216,0.7750049573494449,-0.2979963918671151,1.1160739830394146,0.2876141662758425,0.3978276536643218,0.369552278904008,-0.5149458007636323
-3.8978525794068384,-0.22764528685742588,0.1596384947495472,0.7274173947300038,0.38946584717571753,-0.24576261649748435,0.9319470386553523,2.438350806799995,3.659833368963432,3.289316948048046,3.310627644465892,1.0470162692527076,0.7990408717277278,0.24730672363252348,0.8969028845526346,0.16758623246302687,0.6752143285734318,2.2316690376424497,-0.6064246201941139,-1.2020989674262987,-0.9246074352656982,-0.9569590572121387
-1.1848162104576796,-3.283814380082341,-1.2167168277152713,1.3803347892752629,2.131034866539158,-2.436429819515878,-0.4571663004416743,3.08828701083666,4.478357647782394,3.54783241304675,3.181937798443155,2.33832132088472,0.874740252306399,0.452413592276449,0.17988397793759112,0.3379498293589076,0.35555905032005036,0.16154336091584745,-0.1407755454007408,-0.1686949301691035,-0.8479597255311354,-0.9284845198201656
0.6656468468804628,-0.9288335934916953,-2.7108027670983676,-2.6762644734609333,0.7919380693316538,-2.875289971893156,-0.890391016288644,3.3844629898803107,5.185113965395942,0.08918868365016848,3.1426864160444627,2.849730647640153,1.3535758645073237,0.8848091599461532,0.6855656665657308,0.6264074162124632,0.2685979633024152,-0.2488336228962536,-0.8013375230334051,-1.110556475501884,-1.1202332690799568,-1.2054302033223356
0.6487611197689813,0.5816081146753691,-1.0257378481699095,-2.637619565658906,-2.521060402050131,-0.4322042266065267,0.5246181421176355,2.0289936646319946,2.529274719344227,2.5680009317547703,3.4046310804788837,2.0618668129477644,0.9748202872287537,1.027684875048877,0.10131819109338931,-0.3135046481993377,-0.359239605023917,-0.8419533661337387,-0.9377177367551622,-1.02480187136663,-1.1771389067126115,-0.9995606678930596
0.18788242867417346,0.21016309986671028,-0.3597080606500218,-1.5575767762500534,-2.102874583675731,-2.169584814820486,-0.1508679988892536,1.9218733668841803,1.3623703416655135,1.0656894133947428,1.6037662157098673,1.8542004840769364,3.019921515027813,0.7876423219543263,-0.043388290778797634,-0.311345078507292,-0.4573661281034544,-0.45851020959761235,-0.9969143452041728,-0.9078203459506576,-0.9063754296325752,0.6730412314288824
-0.04580675520173105,-0.7018456904059406,-0.7010998651374948,-1.1014154042368502,-1.007003560806358,-0.42548219638660745,-0.5844132963785674,0.5811370084036861,0.3258090797766119,0.9384326568386394,1.2390251212931307,0.41976528888603437,1.8529211440086386,0.6258117506075161,-0.3478822830932307,-0.8120359678950047,-1.1142336580979135,-1.1104211068371552,-1.0292867986920495,-0.8773969128690953,-1.0156211622311815,-0.7346770083624717
0.17286057232150165,-0.3726029023493326,-1.1332901245034164,-0.8272537232867823,-1.1375085098060507,-0.7448183376093613,0.17630014611898295,0.4449057561949951,-0.5475249805036384,-0.17147646195047328,-0.13930780497808412,-0.874446455517543,-0.02757275551859177,0.8192504624125526,-0.04269735425551363,-1.0831108036090071,-1.3388544304339924,-1.0927212705732685,-1.1072311270285737,-0.7772303310638272,-0.9945168398830023,-2.2533870065629293
0.5699503234973405,-0.7843110121783151,-1.1494840880168131,-2.0375359376103956,-2.300931439075994,-0.760172343932182,-0.3904729920565862,-0.30604663414016176,-0.6982294185422145,-0.8960805048111805,-3.0125345526389165,-1.9308854601226773,1.1964425541397692,-0.6879728395283081,-1.1784738917829063,-1.048415586392794,-1.0415362488240751,-1.1152034335652534,-1.156100771748879,-0.9343779721268745,-0.47509858838059715,-2.781879354575007
0.17415251392905373,-1.530120938523343,-0.979574501586327,-1.9837682946873851,-2.16135766968754,-1.042979833695027,-0.8912667963761395,-1.5310295959647393,-1.1966234970157354,-1.0353941978243586,0.5147590493284525,-1.9970393862209574,0.9111449959534983,-0.8227101122262488,-0.5998133163485698,-1.157432101699113,-1.1457836532167518,-1.0400873509056556,-1.1215936870401202,-0.9396918350159928,-1.1200887721983892,-4.489046420595785
-0.44396892496854395,-0.4413760851472337,-1.3176554452423417,-1.5899568017693477,-1.9724058564857612,-1.6798040288662301,-1.6155610104917069,-1.0490836638012395,-0.8692091501106748,-0.21819238283638154,-1.0151886903669596,-2.193026189827058,-1.1793161929593343,-1.9251029902575332,-1.8008777082896383,-1.185915067073097,-1.2958130236771923,-2.2444322497873164,-1.291698043248348,-1.5388090364496299,-5.212606163437411,-6.214113452032905
-1.1203996353310604,-1.6010784710924102,-1.7477037205597832,-2.4250430257494417,-3.099203943914686,-2.3634274353588935,-1.7399703858649345,-1.145513947306528,-1.8581276762650047,-1.094049661882936,-2.2289701715589416,-1.7738006925923069,-1.8419705605018735,-1.093300996368582,-1.15431330444105,-1.808640533063719,-1.504805795697731,-2.8398901871666236,-4.482408580087656,-3.626100881651668,-5.957397657277253,-7.004510062638114
-1.36140895190684,-1.6055277879153624,-2.0204068338179266,-2.7095232742870157,-2.0820954319196727,-0.5188033241957832,-0.9161841095592514,-1.450088147021161,-1.564511664679428,-2.8424496280699243,-1.0357677147055149,-1.4648660836874228,-2.2468032854857523,0.8521241568003676,-2.769071303949752,-2.4564502979355916,-2.082597726814205,-5.057538284864454,-5.343818391804583,-5.883144217127369,-6.53859339372268,-7.59956527698721
-0.637138405763171,-0.7006675885175426,-1.310107880478347,-2.096919255251653,-2.2979255182679377,-1.2335417909638444,-1.5728297188962554,-1.855103467082467,-2.091100208188758,-1.7673492344024566,-1.1682991628475334,-1.664080952668974,-1.6409296169613985,-3.6697714888638266,-3.701060456287695,-1.4420117112125046,-2.2838297699628085,-5.724474381005111,-6.044507747886721,-6.730766426811712,-6.613144134139359,-6.722675534819464
-0.4817175533287149,-1.137902141889793,-2.0432217030137663,-1.7493790701406653,-1.1163486573108394,-1.7308495825566654,-1.9060072370734156,-1.622868495039028,-1.93497754881802,0.6826543454217957,-1.6712764913689178,-2.21023946338339,-1.9470248493692262,-3.1189606403712524,-3.693442742281416,-4.02511506208539,-5.611067186194466,-7.3464441627336985,-3.9499393776913108,-6.775939410527026,-6.4039871749843575,-4.488467132553393
-1.2323139109224637,-1.626630996533883,-1.7743033878775838,-0.8075354993897356,-2.5232738841751496,-2.4256014129521555,-1.6988419034124003,-2.271847267086925,-0.9304775372983205,-2.704487614521867,-4.438592678741493,-3.411107731164801,-0.8904864412480937,-4.399747460031732,-4.5150436819092405,-4.884061171563447,-6.668196672127444,-5.214283328508116,-6.584538443188398,-6.049096973810632,-6.6333100169582,-6.197938138165626
-1.0691489327154924,-1.2395680756829857,-1.204331707155419,-0.9815087447003749,-2.4667075107428693,-2.7581384993962756,-2.0957024819854184,-1.6699930707811539,-2.0175387886142353,-2.897026255628583,-2.7438359708678526,-0.6250372340714959,-3.6073773845369534,-4.465265593396019,-5.370002057229962,-3.9537520316686523,-6.456921963555335,-5.485048001322603,-6.021529087219498,-6.559427099405183,-6.086421300694444,-2.78841560621308
0.7877097746189741,0.29252412202650097,-0.8950004906479653,-1.4598789054357806,-2.5880042484649644,-4.046999966963327,-2.2769027468303897,-2.219212659886394,-2.548296272140144,-2.382663218655079,-1.310353594414942,-3.6059792610548453,-5.007533819386945,-3.0821709430371205,-2.54784255594254,-4.818791404136727,-5.430526365107372,-6.19742380245166,-6.7781504471045055,-6.004937813682717,-5.100098304242897,-3.0153564728843993
1.6515154755107015,0.49844370504473523,-0.9448967414732868,-2.1114173037672117,-2.662679031883557,-3.7444477393080278,-2.6903402496087847,-2.1772166383279075,-1.5723636542640063,-1.4698423304387465,-3.859284129425268,-3.4255730036217678,-2.567270585663695,-2.988190664517007,-2.236921038864679,-3.1139344394807376,-4.010569120954622,-7.02070618691736,-3.134603051466104,-4.137692590004981,-4.130611973453579,-2.06645114080587
0.8504761152542488,-0.1767025965588567,-1.2058746298002891,-2.0197986884610244,-2.3568702335532454,-4.371911204943476,-2.6549611264590265,-2.118495285891127,-1.5178612907912599,-2.4604483993824835,-3.2939759999678047,-2.6544115907919505,-3.146833747458637,-1.9363870555011604,-2.826507143074708,-3.2332021134256195,-4.689150752627864,-6.28320733778035,-3.451752407298342,-2.9267578840649175,-3.530840567717155,-2.220155526449137
-1.6537331746129134,-1.5644957169006548,-3.0403432147089875,-1.38418317656673,-2.6472888435697164,-2.6933915426397994,-1.585029843559505,-1.726652846467751,-2.1078362310323424,-2.5825414245588467,-2.7273183663277254,-2.502185299210392,-3.331036238696317,-2.49480391780759,-4.017337144390348,-4.93030738037929,-3.327285107901613,-2.843832544811429,-3.5671509744857084,-2.857699626649576,-2.439779725219074,-1.958258699074055
-0.6231950438391721,-1.132570028300094,-0.8864903229056124,-1.3785407982396278,-1.9135703760219531,-2.385671610943095,-2.358426560167848,-2.3924629251211607,-1.5263025835980242,-1.8451218577154163,-1.5625130431362413,-1.8974143402819783,-3.3262800453797348,-2.7711377333014213,-3.1159175815783957,-3.6847255445310023,-3.5425875247750085,-3.7313357513173293,-4.782294026351403,-2.4265061566188653,-0.20843110966989864,-2.468811255558067
