script/wind10m.json
{"header": {"parameterCategory": 2, "parameterNumber": 2, "lo1": 3.000054539987559, "la1": 64.9999836372058, "dx": 0.5, "dy": 0.25, "nx": 34, "ny": 52, "refTime": "2025-02-09T06:00:00.000Z"}, "data":
[rows 0 to 23 of 52, columns 0 to 33 of 34]
8.805738108534197,8.96740456078119,8.642509265198287,8.429917466147934,8.808898748622362,8.50136404823198,8.792582193663437,9.306701236978569,8.824562373065865,9.836244915238453,8.625790437443715,9.27918566962394,9.150969307684363,10.19486049890688,10.377269751683489,10.022216130938526,6.902614804372279,2.335227730926912,-1.420487556649385,-0.10270569465086002,-0.9566628866670998,-0.5718732573797587,-0.7053827697560519,1.8058150331110576,5.413777016372458,1.331583184561019,-0.3076676017836581,1.1166998917609035,1.9440454771661946,1.37915843048769,0.8548321456044153,0.27564831818524305,0.6136095404007679,1.2651984454202716
8.75059832999197,8.512731797361855,8.65229507342473,8.325229668684301,8.433757835198396,8.357285564659142,9.656258990625156,10.105619618181915,9.209745209505439,8.685585477558368,10.99745540098265,10.774438638976537,9.77234434028575,10.396628363059754,11.141208027783959,10.11605716863901,7.474672268942951,1.9186600430271175,3.6476493643782124,6.22724959100614,0.5749690384520117,0.4175981857079017,0.19931216177935274,3.95517597678198,-0.1069887866131192,-0.24865573025460289,1.1588928537502712,-0.7380005311049307,1.0659599682055398,2.5700498725154133,1.8051834307251617,0.2084197957163985,0.35591493271153785,1.3477501405939987
8.668321792532291,8.36389188549179,8.270413871771142,8.499140483254283,8.38248631711652,8.895120240663566,8.97228544556525,9.470907428783786,9.53546750481696,11.076151634246001,9.723300318923325,11.432985237556624,10.560831787812809,10.90779715800856,10.203351211223483,5.535227838199698,4.081255171990227,0.08652844467774354,0.5808097143367122,-1.2059420927993958,5.05867514217634,0.37732825252355356,0.16381554851094982,0.4063942355789698,0.29058000482025753,0.12780671471158303,0.22077954269406863,1.0867278299594247,1.3477008003922282,2.2970540298180206,2.3960280513791408,1.7681923567359346,0.5451820612770543,0.8356972855858452
8.390644324476876,8.167717398340613,8.221998041621466,8.233677861757483,8.301337559860615,9.1097252675826,9.395559699522543,8.770552541878912,7.972959476754662,8.219530322389453,10.223173866301618,10.230380857831447,10.671670335469573,10.02011503739881,6.722372108325694,3.765459937726323,1.912887395776256,0.5329616075741636,3.165886970608014,0.25804693002763185,1.0257371933170785,1.597283646821451,1.41198924429463,1.4304849419634462,-0.40101285099048584,-0.6073160036187101,1.5520245307524254,0.8284744923785682,1.3276454740802255,1.5250930112819396,1.9806242069353766,2.100314962346637,0.9688826983195393,0.7973405456874724
8.044343365232312,8.341052894591263,8.288534339936355,8.69399610995396,8.606397696842542,8.756201370010176,8.790949968970708,6.055645630685588,6.412067849839954,11.042709053432498,9.615407499941565,8.457883988507682,8.075154607722055,6.534943626195765,-0.2065472742106005,2.0396317596750264,3.5615981842914235,1.340861518254289,1.7108357890194894,7.898011841808447,2.9703617693745086,7.921949674006938,-0.7122771039854621,0.839582343234328,0.2726089117384083,0.27619289037533595,0.699880521326622,-0.5316912339731981,1.759380311024909,1.8405696700451055,1.7584511114498385,1.6321018565883285,1.3436146268061944,0.6786280637406109
7.825670141081426,8.102609696456614,8.127674813215208,8.408839050735397,8.743598543216775,9.466983104331284,9.401920485323519,10.43665026474999,10.336152227904762,10.244186910861679,8.76230600589688,6.321496934657009,5.3739589876759855,4.4839975896318816,0.7703015547450847,0.6432106730052625,1.3343990823077383,1.0450264536745202,3.8022128398716197,-0.6028376027868774,-0.6390700624410581,1.7625178012558522,3.3876883629649184,0.8250940873657644,0.6943962207673341,0.4924612238655677,0.07697884146453002,0.632275798412856,0.5895067554920407,1.5663743755113935,2.17051659321944,0.5760010772989513,0.5557593769323154,0.5930471117395477
7.773037521678854,8.433039475283806,8.315018790747372,8.38059562601069,9.024743183960483,9.425092108304012,9.498618272273673,9.988875093381106,9.782967939348119,9.353783298388459,6.084168248607302,3.6560010454081158,3.6411818529413713,2.554268793045924,-0.8539485428345083,2.679257535089977,0.37244155399355994,0.2954105858895691,2.9387912427600367,2.9413753391040167,2.8015551732673165,-0.0591312749666024,-0.07447821737557513,0.3825565113185018,1.3081033656648686,0.6038124493165902,1.689958113206213,-1.3093441745578478,0.30106029433438186,1.3974020246052534,1.1223678558468728,1.326121212981059,1.1882285801548007,1.8407897344915536
6.081379455592978,8.491180379164547,7.86696052773658,8.354607962635125,8.899375756237815,9.315443130166443,7.124102870142246,8.23323312384191,8.247822279311878,7.338561537212561,3.3690680753509965,-2.2445291170652037,-0.9055040986918127,5.992952312866444,-2.4564919582457287,0.6671449162146053,-0.4257729092731427,0.47788297592394163,4.17801319225688,2.325399417004793,3.8595218096295447,2.2642762646174157,-0.4283827176224118,-0.5924669076713164,0.6705447607062587,-0.3237103336101917,0.8701578354183451,1.8108765868488441,1.4491561124600034,0.6442191509212145,1.5302489464012117,0.007127100991446138,1.4123359814910474,5.50403802871414
5.945429339031798,7.316354918150995,7.138811866617523,7.978738009731151,7.668952539595798,7.960901262673192,8.472182202864465,7.331788689743333,4.239983558869242,2.3881474757571217,-2.367907320120798,-0.6403311305037379,1.2992179418184082,-0.21723397007586331,2.361053122872893,-0.7120962457966602,-1.1207526977392348,3.460584059472111,-0.1189996308996734,1.070188953659471,7.1709200430513995,3.4191202513537826,-0.34892816371854196,-1.569479691560494,1.1432529299214482,0.5781260899150532,1.7082010335746192,0.9134763251219677,0.930468354148045,1.217002542409114,0.795816652999801,1.906578070730013,5.510354946455229,5.295104248543452
6.5150461591830355,6.3804313203106675,7.094278104787977,5.353822611140797,5.275463715078875,7.272670149379327,5.983496917183059,2.615456318777512,-0.4236818613362134,1.316105524812459,-1.7958751538176876,0.10136118744752519,4.020090350539458,2.679436299301655,-2.387901880871797,1.3327243363535817,1.2599856392920965,0.4285037010744322,1.0315352484159763,1.6370509793824952,4.931188860751027,2.7175866162168396,2.334789184476969,2.0204014927590492,-0.47776221489543136,1.1153966927432253,1.7077858692148278,1.6549885056858593,1.4956932728765058,0.8065451658256173,1.2697321255263556,5.1459843597897,5.613080493450799,5.293859828894357
6.523122925278216,6.901114694102234,4.501195332095155,9.739925908890699,4.250431963209035,4.411704675744236,2.109399917078903,-1.0590493668910514,3.26414086129389,1.5969024588097545,3.6608161351691275,-2.1544346799552807,1.951904513402727,7.498628067453766,5.830382545038267,1.4546873082394696,0.6251194665190062,-0.05092809688389477,2.590142287907093,1.5310405953781074,1.254212203628707,-0.3780698111072474,3.96405965537466,-0.2605697292822392,0.07803675715339355,1.4316640787658117,0.9050489681289668,1.1757490762943745,0.9979494986088612,1.1345620552721953,4.649897458404114,5.4256596531467896,5.057226537652703,4.709496693404864
6.124785333648213,3.1678230933248335,5.8440939393443685,3.1050241390348416,3.304783609383085,0.054984727375692675,-3.1103196791361376,-2.896864789504732,-1.6664553327491214,-0.7239385619763868,-0.6921884558586989,3.610086939873707,-3.123994877963954,3.1746700311119778,2.503632588081105,-0.5814283223813667,-0.4458930748857379,2.1812217908607217,-0.6238313648990619,-0.5077443472313905,2.0244937037553417,2.351345835601846,1.0306506490546443,2.273332808578493,1.2369447403036862,-0.12221055928261174,-0.5499925900811399,1.4286500594203528,1.4994793801405883,0.5802983026795778,4.750708003491782,5.241880507307631,4.82752733259357,4.032043190986908
6.2971019862286095,6.013165106915515,4.56384449115271,0.7124381794639827,0.6542820413062074,-0.5020153653576521,2.196947609131678,0.24873300071083337,-2.1879551457276922,2.778719921845923,1.5523678113436739,0.8665361823878587,-0.2532411878155481,0.8892749666213761,-2.6374874741937058,3.614238032827666,0.7119473663277431,-0.23291426105355073,2.458727477463,-1.0868340674740105,-0.7785504382578332,1.4214463293564719,2.4415832271637354,0.995941481665478,1.6005415745777833,-0.2933399437651909,-0.8518621970384037,0.823198470906785,0.09541213939470436,3.0637701987312385,4.857563124226593,5.026812011138805,4.733892637264722,3.48409319020794
5.868484844142119,4.07631381241103,5.361152025665046,-1.8825302369712447,-0.12391241560004593,-2.4528809091301715,4.503303382454639,0.0881917726553259,-0.8360529266984601,0.9364019826791081,-0.7428589386744697,3.4479342219527007,1.202312017714877,-0.00998948459619247,-2.359928242325125,0.08451393526373999,1.365224459509641,-0.5716232135575376,-0.2547423567844198,0.6976079521163686,-0.30222831885415163,1.9016996816890848,3.072266715454983,2.5108257820013016,-0.1639366886412093,1.355471380488467,1.5507349641328199,1.6505784346601677,0.6262276187777779,2.7955668465500723,4.8257386501446184,4.863762672957667,4.556605792395854,3.3595568965074594
4.16235554404889,4.142194905803049,3.3627729741217283,-2.489412582367873,-3.5045880836309564,-1.7811865761364096,-1.1534830166765238,1.6248289622107843,-1.371999938215679,0.12289617531958917,0.7536356537074569,-0.6334891203109317,2.916139366787066,1.2970534793063937,0.9339749986429173,0.10095913031387689,1.783680704697772,2.310096160142897,-0.035060206459859,-1.4232040943842315,1.839633667930267,-0.5871129139047854,-0.6863592821143597,1.8429596792631064,-0.6361794653704476,1.290619352490051,-0.03663673705334469,1.5036733642160258,0.6853218927433358,4.027881678139399,4.503226449696032,4.880216428915007,3.6429736797256633,3.217826111077701
5.068353452956325,3.9696782056124693,2.501241654229325,-2.4230441566377263,-2.739842451582669,-1.8002478903998198,-2.064066105830796,1.3319704904640446,-0.18471734416128902,0.7781745514786529,2.0473069844143863,4.500798669585304,-0.682511450847994,2.395739090345699,1.2932449654327067,-1.9679345217111757,2.8872959512391496,-0.828002310999983,0.7085676903770618,1.1039728617790276,2.70393886958843,0.8499363706043278,0.28073021586114616,1.2621527305295435,0.4838754573835031,1.3125637734958804,2.19068765253562,0.9278457941986424,0.7281979849892144,3.374889213381243,4.310230826027845,3.9098942831135126,2.882315701337061,2.505976904940305
4.276301896524483,2.5852304978835914,1.5052088083951065,-3.645720078237468,-2.430574215797925,-2.04364732225608,-1.9360633864139398,0.05307098008437786,0.5107734285467277,-1.5380437597936132,3.810931965462451,5.047510769543347,1.7093241263259993,0.9871543455732068,1.2399945613537702,0.11872149380354492,-1.3227099737720176,-0.30542784390904765,-0.2267371928977829,-0.05321169012119619,0.5285552652210028,1.8577927117007287,-0.4162424830009749,1.21076753331706,0.42748215276525986,0.790366447067531,1.31502952557804,1.6007377663515414,0.9401400293148897,2.9219532484546975,3.504147186929096,2.86294905199236,2.2518864755692105,1.6293933585103906
2.589889813954444,1.6581630959106726,0.6345742170083679,-3.2670499671409368,-1.361678551476308,0.3186962928242519,-3.091445327635576,-1.1083492856707977,-2.149286786562663,3.4959112235629646,2.732336716539258,2.321868934931813,-0.8306240431200894,1.6431516834234272,1.4086563054658432,2.364891841894725,-0.9263778560970934,0.2270816339671326,0.4624415252214265,-0.7609065329358565,-0.15169891553462914,1.1453494741483954,1.2686435433266987,1.3071744534965144,-0.3419730911949526,-0.020326188208548594,0.7514953070318491,0.09851125076419291,0.5875958964278067,1.7846525091603584,1.6594552996493712,1.9474098884440443,1.8633416563271286,0.7404615446384173
1.35525696377389,0.6466196911134542,0.012418055549371471,-1.6177098652392297,-2.706886791075478,-1.4338206384260093,0.05363839991317892,0.13982087707463536,-1.154957637764588,2.536169840331478,-0.05459892897935978,-0.2280514311671257,1.9624963613447106,-0.4292205993225073,1.503705335113411,-0.7442023983314539,0.3728098671796516,-0.20257090777430398,-0.060044863985054577,0.12596991377240568,1.4928751375735523,-0.8260722926524882,0.26552424935268387,-0.4086020088726399,-0.6095757085507665,0.5608315618556975,0.41826197587064723,0.31193179486339023,-0.0036157662586540867,0.46598917116569505,0.23334763891421406,0.52129522611044,0.8746633672500814,-0.1605797148219919
0.49330669552502177,-0.5735010280829171,-1.2050747218063644,-2.188418333132791,-1.2546199366630795,-1.9874738931959222,1.9769963298368927,-1.1591189714182295,-0.2636428715525641,1.311106670930947,1.3861610163111981,3.416113412314708,-0.44299823715576225,2.3751826844774535,0.008244967188228881,0.9057973387895313,0.31006225736204246,-0.18354925660236107,-0.37910185544573094,0.15960476297345355,0.20427045769406404,-0.2501759369524612,0.015801961963660228,-0.2495171574106622,0.20353953731096544,0.2733085986742258,0.060792549471237266,-0.21930294086357321,-0.1308909552044776,-0.9274052205822608,0.03535972795913836,0.07964872373972988,-0.5686182709706374,-0.6509613181416278
-1.1349318402572393,-1.7949770508854446,-2.3554525831718163,-1.8637141668173622,-2.867755518896828,-2.275199216855097,-1.500830304821525,2.372631105155561,-4.587031280307262,0.09184691130189382,-0.5382555556815973,2.28503504351691,0.6485703416693419,-0.5339004442293235,0.9326549176205645,0.88075896100385,-0.7789690965081129,-0.03017990772071126,0.28753846516485765,0.06594939644451162,0.8833272776285426,-0.03449615885912273,0.26793044194671295,0.14790655659683005,-0.1495630820775822,-0.21075645138666793,-0.22067482901382462,-0.23936656204766502,-0.1939587484804163,-0.144137616146404,-0.040184498265526336,0.12924168660327598,0.5772093792295887,0.024102400086572898
-2.472909014105961,-2.5551905168633193,-2.4008803278405337,-1.8526972326618307,-2.4749087274544443,-2.2846298292748397,-1.6106380859994402,-1.3915011914973228,0.3814327762228479,1.4233879656691297,2.9951194284084384,3.0561080715166518,0.6328284083008799,2.236274170815962,0.7316835296627908,1.150444997615943,-0.7629617499933405,-0.5958018569182788,0.3636590596190177,-0.4770653495170082,-0.3997518156508983,0.05682858316313362,0.29650040361667124,-0.3543331294037538,-0.5196393596696707,-0.5261071667589762,-0.43776600529444276,-0.666104675868598,-0.405844263485214,-0.3064305171920502,-0.7003466387674363,0.05955883011766358,0.6896908165373749,-0.30080054115193827
-3.5530288579272544,-3.2267411910939923,-2.924523639571225,-2.6794315174792356,-3.2156063357620033,-0.2523077061637734,-1.8498625948406473,-0.991062333328907,-1.4644414593865012,-5.00247429005226,-1.349333474192091,-1.8977945623899433,2.0842095254264263,0.75781251818143,1.0166029745859644,-0.9488778900669229,-1.0111402287885851,-0.22962554261471818,0.09247222902066712,-0.5065435387151982,-0.2241846024060076,0.19113745747407535,-0.4904693164484951,-0.6830563677265982,-0.9346563522886142,-0.6970359860385137,-1.522062572925353,-1.3292503537578342,-0.7781390166951898,-1.1398465213958202,-0.939934630324639,-0.2863671551499091,-1.5385241666503549,-0.9887679962490448
-4.576458684694386,-4.2910487812649185,-3.9620980417427067,-4.196543141530595,-4.650226773136219,-1.611438179055637,-1.0255529425990109,-6.172015181310982,-2.920476694611384,-0.9817836448232027,1.5859979609634518,-1.5160239983555932,0.9694874447183713,0.4997379851830068,-0.5748506400301108,-1.4146238316786324,-0.5083929785634526,-1.110132749743592,-1.1589779001703409,-0.8136353466238873,0.4561512324464537,-0.56795885183061,-0.6998605415952621,-0.4431365833426414,-1.1550443044912366,-0.9650303745917019,-1.2285980231987048,-0.8509071718894132,-0.7224105610244176,-0.7974793713226025,-0.5942511283904487,-0.561029187308343,-0.3720251752896119,-1.2485703286468333
