script/wind100m.json
{"header": {"parameterCategory": 2, "parameterNumber": 3, "lo1": 3.000054539987559, "la1": 64.9999836372058, "dx": 0.5, "dy": 0.25, "nx": 34, "ny": 52, "refTime": "2026-01-22T02:00:00.000Z"}, "data":
[rows 24 to 47 of 52, columns 0 to 33 of 34]
14.755072812201654,13.77849664345111,11.51629626070608,8.422768915543056,5.339371513969903,3.1492919743559926,1.4019365754444293,10.219855893436176,-4.034195728754472,-4.631662489876779,-4.760614427660631,-5.404732352455572,-5.835061204365021,-6.708887949626774,-8.782098841303513,-9.318205617461675,-5.18781646683556,-3.3665160239552927,-3.374689826401288,-4.076623330033505,-5.507261247686395,-5.588516105789153,-3.711896986464775,-3.4512606684259928,-3.293440272297307,-1.7851595060992578,-1.442838479723963,-1.5209137141502413,-1.4651743330655105,-1.5977041200691129,-1.500504191977304,-0.5447513281790749,0.8960237845889859,1.355035304336089
14.292821474629434,13.496976195111648,12.284707336015996,10.069227541800194,7.177963370006859,3.8460470729481635,3.713104436023428,-3.0028350424753167,-4.460625468169764,-4.2962191108662955,-4.809978390607216,-5.315624643727288,-6.618325973351524,-9.804308227883658,-9.236761635091229,-7.548531679483268,-4.813233639070427,-3.566977128239723,-3.97001068346551,-6.370907997406288,-6.801552154231633,-4.31634743113004,-2.65560244693495,-2.773806628108676,-3.419393468054749,-2.6590949598961617,-1.9952262523380582,-1.9550051575297434,-2.1637587633595587,-2.640852901967379,-1.47233361618393,-0.4373439681628442,0.5591901582599836,1.175174386148747
13.343685595461041,12.969119694698508,12.455237735476816,10.738562001759842,9.107269705122397,7.583328077814399,0.775827961363109,-1.4844128894486157,-3.2712818864502835,-5.130138645600449,-5.71384631915941,-5.611695492242559,-10.735754038095273,-8.265502619864783,-7.116272794233754,-5.47552841543921,-3.8967819984901624,-3.3775785990157177,-4.869747519022435,-8.079810941099357,-3.990818701307216,-2.7872208898091175,-2.0658141496084936,-4.281890770674252,-2.941805376033313,-3.377593561470074,-3.0126229000189713,-2.816704919091865,-2.8289734723247286,-1.9648585876146791,-1.0608449782819767,-0.26819439133585476,0.5075625198058211,0.8391937990752124
13.22644362560502,12.594571389640768,10.796910753699116,9.43082616104842,8.25098615800413,6.060264599452336,3.0339750732979347,-4.249173116492284,-2.4800209204207744,-4.8153726207695104,-4.711107180565145,-8.867054138074037,-7.070488037626118,-5.489643651496125,-5.075848931126965,-4.415653694795456,-3.881643320237612,-3.1573104910114296,-4.343794756262682,-4.1473549612973315,-3.0767247334125796,-2.1317355595406253,-3.480869267970554,-4.6233415082683305,-2.8439991019541706,-2.3872211680582995,-2.1325183735662985,-2.120317163254564,-2.389643930259732,-1.6647098373532503,-0.7956912496429815,-0.39391798197805,-0.007869118616299225,0.3438282243458348
12.33748580062589,11.923292290414347,10.332949329272264,7.792266022315348,6.2836768699526235,4.2243004945642335,1.0209510151588348,-1.6535864950142898,-3.710601358644832,-5.740143107464424,-7.132681672340783,-5.561720095034931,-4.320772173216635,-3.418808039028864,-3.49720349267479,-4.633175412931358,-4.532291468805328,-3.045955553548622,-2.7897908879636772,-2.2669342914691395,-2.01302951347859,-2.5722350642256893,-3.4028266060378582,-1.885115394483303,-2.3751540610988404,-1.9295172622874872,-1.8387361190405889,-1.9637817503465662,-1.6361978695570751,-0.9377429375885088,-0.4631264305829652,-0.030174506962132766,0.4758622061907005,0.09670769149989446
10.997359764332124,10.455329452919274,9.821669807678683,8.216870598159483,6.178011382574321,3.9832136916154623,2.1903754308138286,0.36690880046432023,-1.4604411919587474,-2.724770700245316,-2.695099003341315,-1.8941422900016973,-2.4846063423164053,-3.1170730397143336,-3.1812572180506926,-3.2687612189486597,-3.7084143261445233,-1.866975646358522,-1.1700298332135985,-0.8402757389170203,-1.547610612649216,-1.474618758380928,-1.2937755439798304,-0.9320713287862596,-1.1125503961978847,-0.538583261226044,-0.19781451822771265,-0.6524075737257372,-1.062856011726097,-0.707675433429458,-0.3381296427266189,0.05718667322068778,-0.21470207528561422,-0.07690949313644813
9.737376402682184,9.144488066019926,8.130346122538791,7.221048062340671,5.894709685452848,4.330975099890925,2.447002892856807,1.1247371441209537,0.1250073472767258,0.318042010090245,-0.07818289410790369,-0.8214739554155082,-0.5222359198814347,-1.1752731082757373,-1.5298870684479797,-1.6903599777607454,-0.13399146200689677,-0.37825274687751076,-1.2058060002083133,-1.5519630038843037,-1.0456390643603155,-1.2658441294607023,-2.3030481833216783,-2.194297915186685,-2.022561419447422,-1.89773488425837,-1.5856754865299845,-1.1927907020545365,-1.092998718266895,-1.0574492074987778,-0.53796673438542,-0.050045551145138666,0.47664652756791925,0.6244170771565914
8.578048661067124,7.956803097294436,7.2494021791814545,6.08463037282076,4.750214005088351,3.234543345711413,2.077921373008581,1.3317623391923479,0.6818492029218983,-0.14257095845628062,-0.3681735488456832,-0.9865166142639542,-1.2590477059858007,-0.44521487121424796,-0.13085431277871074,-1.6554826234141102,-1.7935740465405665,-1.0158889608505541,-0.9180578554266263,-1.4974046525747626,-2.058047636534695,-2.4877433602492034,-2.6835269215748987,-2.578936966336203,-3.4057014888667454,-2.765508844740983,-2.6675246709593354,-2.741366793982527,-2.0418249055668443,-1.8483445166884256,-1.2350345064115489,-0.6340253879952473,-0.0015913775038300865,0.37306169292571345
8.350031689803824,6.909615957040001,6.269886175531073,5.721939856116017,4.142882616441941,2.75678963494241,1.5001086267245762,0.6289628464926926,-0.4445198400474653,-1.1804292508322083,-2.4408941067255157,-2.542747892311454,-4.262685698256081,-2.6702291175545194,-1.2523653336297111,-1.1598752943548376,-1.4999426191594096,-1.264733138385692,-1.2040250691159469,-1.3473698754415988,-1.9496370561161298,-2.3640016952984046,-2.703732209382452,-2.86206904379114,-3.1164255847276063,-3.488518823972007,-3.6704196240351563,-4.537675989830919,-2.6963516650662456,-1.1219819705598022,-0.6397900146607665,-0.42846547682775865,0.11135963815442815,0.5989922266949915
7.938119946191853,6.919001628312778,5.525418739339367,4.495943651418009,3.990446886757086,3.5139701765911693,1.5375620273348678,0.7264432908436115,-0.06968331236971873,-1.898685161773783,-3.282538604211165,-3.5450434533111914,-3.141859934093648,-1.9567349672424643,-1.4347550978193997,-1.2603771281196283,-0.9658341704967984,-0.7874185847782216,-0.3124051756707238,-1.0125616495501173,-1.9805559723103303,-2.7640656598826627,-2.6874144569542255,-2.8361839724602005,-3.073430661049702,-3.8871903702734163,-3.8468526591995844,-4.070436273556247,-2.5563503226178588,-1.2450353189873922,-0.5022168538342883,-0.14133720510163558,0.620510907197428,1.2914996118585065
7.438463335129133,6.789501415730985,6.059830913565288,4.635847979960514,3.414283054704733,2.8011289303978257,1.95875679255567,0.8801378231519055,0.051309707467065716,-2.1143183052256664,-2.2806282383681826,-2.1497201556310044,-2.021006792367896,-1.927190543225311,-1.146226651974719,-1.035515315559324,-1.4404485866862922,-1.1382440825775413,-1.8733344479636156,-2.3558562214879513,-2.2455624825201737,-2.3626143050110233,-3.365102314439983,-3.5431885152737044,-3.292107861628548,-3.8839853736908774,-4.3594042153363235,-3.4719951856562203,-2.171002639150015,-0.9538597845058927,0.03543259405230971,0.02659115890062466,0.9411130046520584,0.6640717154039008
6.871639138138401,6.091674809726142,5.673342989403112,5.196470139017979,4.034582426269782,3.5284717732236164,2.9510943029351937,1.5141976904711825,0.5285159013156143,-1.4041361236847831,-2.0439242128141717,-2.518065575163035,-2.1259825872391076,-2.1613248783301118,-2.2194472844289934,-1.6532440373424744,-1.9024565709626704,-2.081671146224308,-3.632575812626035,-2.7442479365227643,-3.424701588376089,-3.3812227519394398,-3.01119645721619,-3.4428493226566115,-3.7215940760914274,-4.055241997559951,-5.094464948626384,-3.5134488965085198,-2.1934673582642477,-1.0801908464357173,-0.6289942451790766,-0.09110417701052177,0.7076718795523911,1.5247636498367276
6.699463694229911,5.825348146492801,5.058147916884609,4.290909224855783,3.92956770372918,3.3053667544153393,3.214555623174026,2.066220004460597,1.3024926375185943,-1.0121575852124698,-1.726861443724828,-1.0818638994305179,-0.9222551119988359,-1.0479689450267635,-0.9524076198007904,-1.4505896517958323,-1.3451849226755572,-3.8299434536854364,-3.3005083618622613,-3.9462070011902313,-2.722901265566159,-3.6369359190212154,-4.522868422931057,-5.604124628424655,-6.35462507137559,-5.852786840954045,-4.845914957554466,-3.288337719383733,-2.036730549762827,-1.2085021255781778,-0.7354305841531632,0.2976516116705052,1.0874489814254573,1.9781355841010797
6.67356021498649,5.987359920668788,5.036470728715045,4.1947035564771005,3.5682497377014117,3.461248286477076,2.814213232485242,2.2641842232450093,1.8264282402905305,0.17292771572883223,-1.4851153468641887,-1.1081339626613254,-1.7095786294474862,-1.370881680615433,-2.58607021289823,-4.445480158717028,-4.937690822426635,-4.6142662099812135,-3.893641750973712,-3.9643456188936748,-4.8269609484673035,-4.815535502869357,-5.284744553621361,-6.768531910262375,-5.369842666231401,-4.781624056331239,-3.696318310202855,-2.8646683721068706,-2.1914518500674034,-1.458385589615502,-0.5942692001968306,0.581086021813554,1.4373647204077067,1.7882383439519567
6.671948612302914,6.0044856021114885,5.059310424088334,4.561426675667443,3.6428930850147037,3.7829080539684554,3.345579155158106,2.744861914587597,2.1013672135763217,1.198986298812004,-0.7878917439068883,-1.1145098498042818,-2.8022723824874918,-2.645222309984728,-3.944423356154968,-4.279953879039342,-3.7660388997490193,-4.0882326645684826,-4.322127067804007,-6.2758857734463795,-5.770275060546501,-4.226490825602201,-5.749010280565504,-5.205301345922306,-4.473695021803108,-3.1276914058396446,-2.7606722334797444,-2.07032097057808,-1.6917941500042615,-1.4431326477719653,-0.2063253653012144,0.8063542572502875,1.6831329345422505,2.3288789812806376
6.226281597469913,6.243139532207978,5.648383069175339,4.582532284603688,4.398197104784997,3.6807596370899898,3.593970784887112,2.9565695163139685,2.5432772557505032,1.2658399797373716,-0.06988080789787063,0.07782846744765805,-1.795394739001069,-3.314661447912872,-2.9054038402670503,-3.6262327090058246,-4.843629764491121,-4.727011048646557,-4.772577220262631,-8.00584257028485,-7.484496801922696,-4.857245520183261,-5.171811595439236,-4.884656745585199,-3.7616805837992784,-2.177708566509858,-2.067029820765236,-1.2867183374907432,-0.7119146016998711,0.05796615331689109,0.9238119854416968,1.489177536614055,2.4689992215140153,2.9008173367407695
6.044091419128905,6.2166517624022255,5.827788626271079,5.344116021380908,4.48984270581416,4.074952549019308,3.61530978633803,3.3378090403715928,3.0648210287875157,1.941911917769923,0.08201405939251409,0.06404712752099127,0.3296733209630015,-1.8700793016304789,-2.5469803659179284,-3.3230186352510613,-4.576379698513443,-4.670372827056021,-5.586271452878416,-4.859138125261159,-2.5018646173425743,-3.1432111282175583,-4.360954077352178,-4.803134508221395,-1.5475710572759858,-1.646964012294862,0.3728747993280721,0.34420891692719463,1.233278261358658,0.6357422310788503,1.195690391037877,1.876817172064414,2.879741892925685,2.6078839792184465
5.469472980977853,5.444841810114928,5.202184884654981,5.215469536092927,4.572157824152865,4.259364638543148,3.9189208768615966,3.148732569484843,2.618206572485287,2.2815458720722472,1.0432561066395771,0.7117649091585994,0.5046206710139128,0.13299011295449661,-1.739552642674647,-3.6359004917325177,-4.282455750795688,-1.047128605796427,-0.432135137785958,-1.7097759307243214,-2.750987001673846,-3.929545338753143,-4.445997499249191,-1.540799687898275,-1.0997947259683047,-1.1021514010776567,-0.4459885465117933,0.48404970090122335,3.018794695764828,2.6388187439668176,1.6428887675387374,1.263185369087058,1.0092143362103818,2.2517054430205268
6.055807334838636,4.88346475183411,5.53535507189937,5.302957367402504,4.002849395348673,3.715296251231448,3.8357790513759804,3.1254413645710577,2.862186270207572,2.1661453208898926,2.4278147662786056,1.1045827992045076,-0.3809499999110075,-1.1400689627041294,-0.10716334721805727,0.4448802341574288,-1.5096533904794354,-0.6716267728713043,-1.4458299045861518,-1.095737365070928,-0.6279512425093497,-0.5302126344301232,-1.6106228859579292,-2.681079513483049,-2.969809856394297,0.3233904013896412,0.6593846480702594,2.364821551845771,2.627075699869548,1.981875015072663,0.6115498300193801,0.2366519953584078,-0.15544067066693484,0.807667516620441
6.248772709101334,5.713516788513379,4.8080191880235565,4.821471884432079,5.061971564300932,3.250719222299345,2.7068528191280015,3.3211695725602617,2.7944773385315824,1.814649605181321,0.9445285226728632,0.5362811053218137,0.1539295498018901,0.07282453929419709,-0.08113377434379714,-0.8324024493829566,0.22701631426110713,-0.900171159864002,-1.1361821899880977,-0.5326103174152174,-0.832085728127641,-1.1010914667961962,-2.5228339675343223,-3.2141750224404744,-2.2413928938730003,-1.0062761114034644,0.6661393866379232,1.3360107364627478,0.4365295213626287,0.014844615194218565,-2.1754411298374676,-1.8742734123308316,-0.31302462576129286,1.9886197171975843
5.922049472349646,5.29329131893172,5.557726176132903,4.1896423929237185,4.045432331437032,4.0753985550843,2.1520008380631803,2.096239304356735,2.4913327757922374,2.338971564136206,0.9236560389327075,0.025487979111956043,-0.5243117026505026,-0.4557526483422772,0.3838580232992494,-0.5122982714504096,-1.708306952302307,-2.1019891908136503,-3.039327187726839,-1.7614373731864816,-1.876756661816868,-1.533390363315081,-1.4973129758206933,-0.8252371058350592,-2.2248005316534427,-1.522092551412463,-1.4323773029358995,-1.821215177057092,0.07520698737767419,-1.4608605274597188,-1.1512853226995783,-3.5593073358163263,-0.07421133609865949,3.355526597647281
6.890304217190337,5.69596857455325,4.952600550279879,4.1878263891633205,2.928819909329781,3.1360909996182467,2.9088927742430384,0.8538566217867221,0.46718238863928924,1.6226868074471528,1.2295298692672323,-0.14472622784428255,-0.8350054034102059,-1.090409756413812,-1.543790543991584,-2.0272193020722145,-2.811294328200507,-2.177700862105276,-2.8432433293592414,-2.617507558008813,-1.9639339669674596,-2.619726956440533,-2.5635739006757188,-3.4470771217935297,-3.3924838017086953,0.3596234607354562,2.4016757026299387,2.1502994201998904,3.0157739697668573,2.0162406855110655,2.8564896056518,0.29097564435049134,6.140317471547451,6.7647819732093
6.9361101584717435,7.045812218057563,5.935802071938479,4.181639861755133,2.9463879744980845,2.18194501415755,1.8532480013823467,1.8834738671748705,0.7259132181489728,-0.289379708278632,0.2478164695584304,-0.9895374758332441,-1.5884534425272345,-1.4031276000858242,-1.2365397916766907,-2.143377101298909,-2.425884384749021,-2.6897300427977706,-4.037969269978881,-3.7685518421342095,-4.096054476379053,-1.7462229704819359,-1.4777309204535436,-0.9204006728398443,1.0732139149681086,2.216423230111548,2.3902837839414213,1.849139622279544,4.909170377735019,6.264461505249958,4.628513819239233,4.654166966970236,8.480798372627762,8.246405187093977
7.724770893227488,6.851193913386822,6.840945670881798,5.436915974161961,2.5487305730297436,2.66116022303402,1.5423112636485299,1.2190188178688586,0.033405215351329516,-0.9051891282113554,-0.8244026321263965,-0.8950097227355017,-1.7232782118480212,-1.895739773457429,-1.6656627676001525,-1.93803832395997,-2.570982914094242,-3.338129959480978,-4.226481040209037,-3.76212824161514,-2.2614546988033633,-1.0827002440667997,-0.12450949757087709,0.9250073363338206,1.7745501628647466,0.8104844781439318,2.095709203758396,4.409254647147496,5.102977604520476,5.277681006054465,3.354354098622456,5.94033253861303,7.46074899070737,9.222779705169918
