script/wind100m.json
{"header": {"parameterCategory": 2, "parameterNumber": 2, "lo1": 3.000054539987559, "la1": 64.9999836372058, "dx": 0.5, "dy": 0.25, "nx": 34, "ny": 52, "refTime": "2025-12-03T04:00:00.000Z"}, "data":
[rows 0 to 23 of 52, columns 0 to 33 of 34]
12.231196083114437,13.970748120391303,16.014587915759922,18.141165278699173,19.27237881351219,20.408920419574986,20.321930394267294,20.094197794956358,19.745221038759876,19.425077010204433,18.179272672003176,17.165789127093365,15.5566139635173,13.947038467429019,12.109492101322227,9.495206864737687,7.73623277127375,1.5957985517438913,3.019303298444707,3.380999714831032,-1.4693365143234853,0.701117366920214,2.225543220102807,4.395944994994941,7.849232256709288,0.1699856821462144,-0.4393906384102663,2.629599786186929,2.6661758924966814,3.207972588508702,2.2789625366194586,3.767545017966452,3.4556997533492604,5.316988019022658
13.0714987636344,14.776214598499523,16.510099422518074,17.947649117467307,18.954659292092504,19.838052787170582,20.06891052680509,20.324921198256806,19.665577844643916,18.89105174666738,17.466642368342786,16.781392384476842,16.145575468543296,13.780364660577513,11.100537821255777,9.723015368339937,5.493333286767528,0.7386823917485023,5.239570188771673,7.579189126720952,2.1067789016849616,2.7968501520688185,1.508904808882261,6.2399880236576974,-0.6254012566170708,-0.8654021004326906,0.34794683162537937,-0.6512139133617958,0.8222508279406892,6.369769458750467,5.164439856858241,2.252451513350403,2.6806392467428344,4.910982780550223
14.24009803047177,15.81251775985128,17.10619917885586,17.776318946211433,18.67515978642422,19.48007894540486,19.371811750466723,19.20350409156409,18.36532646190999,17.70906427404167,16.5423311222088,15.250617968427576,14.273887986789942,12.750224375304706,9.333669370862355,10.577829010855512,6.357434385054883,1.4307051861431108,4.260213901120594,1.6203559116527468,4.8175596623501535,1.0807307642240482,-2.232925841294168,3.556879542855292,1.9361823748782572,-1.0374125751823307,-0.2578003386554703,1.9258793021038336,2.295349773860239,3.7006405111375518,5.561728442690228,4.492078047938893,3.2731201153205234,3.2946202902827166
14.407378446132798,15.387891769385925,16.385580747989955,17.118137285666013,17.019011501433965,17.32132142847077,17.50483611538013,17.268980117795675,17.23182693652644,15.94416624917203,16.020642138913278,15.054613480791703,14.878057674306973,10.038926605795911,9.87662843009452,9.827278345324101,0.910620462278959,2.7981184248807605,3.2190780268362125,1.8113307028818855,4.3945610348983,4.317099374916746,3.1227755751119615,3.578623311277633,2.6495142603218964,-0.40634638018793107,5.854854120486767,2.2710621803134803,2.588537989060001,3.9010501996198506,2.3496808425957227,3.9818935755990523,4.500354186121932,3.9304629088513163
13.30764258590512,13.761304093826686,14.151908306773446,15.038573356522937,15.123467178645086,15.447743519995484,16.43724761500836,17.61555675960246,15.65756245506203,16.760842601369287,15.3102831790482,15.71704120973198,10.161181459414532,8.44645553173621,4.57991546046862,6.649116042165416,6.033539308973748,1.8495794765848097,0.07213607076462117,10.415161157204114,5.731178583904663,9.62095766916685,0.13931953364230446,3.726839272848958,2.7592251580220983,3.1601192930793434,3.6507160508522682,-0.4516034427965545,5.4326474535825,2.863047709432234,2.079598212688892,4.566528137235841,3.238833957035633,3.4562159574495666
11.811767485920798,11.749672034229,13.195470392964298,12.527884270083524,13.045850661891011,14.68390818818205,15.735758298761722,15.006579153630382,16.32567861084757,15.642671054892322,15.847915279637984,10.720148238330067,9.13121630365792,7.471119151814468,4.554512825934547,2.40863180748804,5.550356340235636,1.6661985502795378,3.514904665961028,0.3762815737260777,-1.6051687672012709,2.0506607742398995,8.337494018419015,3.5599169864588216,3.644763699067014,1.3523793425872914,3.8838366974621166,5.1045667841999816,1.4680145045176551,4.092375027510284,3.375677660967632,1.2369670762071223,1.780483151487984,2.115542986756856
9.403611929096499,9.490671854700278,10.564430816828638,10.282001234103042,12.111972908495227,13.362209995879972,13.604368246211882,14.399486244134478,15.074125450484344,14.56098334755924,11.2881966743052,9.589985375596745,3.070375961371228,3.212211874171206,-0.20243814894864964,1.5884602648395962,1.5279167688461852,0.04136829849330227,6.193943132787703,4.880336031151458,7.489202564339142,0.2926947719718942,2.754458918841954,1.8671864498532977,5.053052746967668,3.5066024288525908,7.472230181457654,0.9579485385754439,1.933839970180376,5.042811520385373,1.937987946819879,1.9839527491564337,3.3653956023731526,3.671314491881886
6.962223642636052,9.348350958008766,9.517484543366843,11.482243594712358,12.396863213548752,11.494762628976614,13.192080165865592,13.779836390809416,12.699744222011198,9.290526889814965,7.0425406542212325,-0.22158839284437043,4.799717666329254,4.485736265396402,-1.3548938750194846,0.6800016808306758,-0.821515957002861,1.7164809864929418,4.1874206609787485,8.143019825468294,5.226470017969886,5.4587878452629335,3.6228384395134934,2.1716797485249413,3.789512546909056,3.178125024339219,6.895490744791635,9.035407086024989,4.042264259330072,1.382692637400256,4.694249987955435,2.8323985036468895,4.814357197910016,9.16262620609086
8.215952418010662,7.972303910776015,9.115599133132443,10.473941674818807,11.585940528455177,12.33421034747225,14.072672810093467,12.006004866131953,6.295526116837761,6.094580969076055,2.0528800863378067,2.054516896393017,6.085471977295544,-0.6660979424966227,5.215778377341885,-1.4708522174084622,-4.288702694950005,8.5510706238789,-0.9992894737959744,3.5552995755258987,12.960948903260569,7.139706290435074,8.384483483261148,1.547341578375529,3.8508102077391535,4.826420826477279,6.262283246467797,2.6781122217821087,0.5354704888176886,3.8584462004128457,3.435852205249974,4.660623278464973,9.544613144364188,9.268503350356257
6.707415549670854,4.979447103862731,8.676568005782475,8.72634915761434,9.410776995335493,11.628921369780354,10.147685976240815,4.110997364282642,4.158134972208885,3.7856297559303327,-3.746396984773462,-0.012941400952105907,9.216580753798034,5.238547641584794,-5.175245305221042,7.553718375798718,0.8004561272550427,-2.4177211196451576,-1.0867546230840728,3.2930623562371677,4.676140917263223,4.063469484515879,5.180752003577605,5.316661207715452,2.003771783930846,5.21126505864995,9.997824561539977,9.267080463122085,6.035294081236521,2.21093868963466,2.001108378404582,8.297329782294526,8.57051371799756,9.106835705266091
6.86663593247219,6.296780215917817,6.3765685043396125,8.376800435776781,8.315827458613223,8.767294375928689,2.948454200347106,2.223902788600836,4.910943917338291,2.489681368387051,4.8425042727012295,-3.545047365683136,7.359018087363302,14.671623908359301,3.771433541497671,-1.7244820389843398,5.258595321156052,-0.6152824848137523,-1.3331283083728378,1.7748976061138102,8.63769139681317,3.790836027075963,8.979895936987644,3.9273680116162746,3.645341704471751,1.9203654371985117,5.36303037025368,7.045067737046355,6.6088126834792895,1.2883507540011996,6.357964684579721,7.78510440473218,8.5753923766672,9.22600045668941
4.92888207519824,5.927715251479872,5.659876118620976,6.499705401658262,6.128992678715283,3.1641964262407574,-1.6872673355784147,-1.1269536206274349,0.1980621325132014,0.9294558865482682,8.045649066426847,0.5262224100005125,1.4166792050516568,10.474375404598343,14.423597328208617,-1.1232216466824259,0.19244564753622187,5.434895924266277,2.552666007005263,2.585012235357507,6.324834067638737,9.250451951947232,1.432341045246795,7.240159617446689,3.449850289315259,1.8043936675402759,2.8666735172612423,6.4528525797526655,6.257130905356649,3.3512729187733576,6.447243337962198,6.845572045210045,8.121099555818608,8.832981335437063
5.504926747111962,4.368831184802696,5.183532082116699,6.010889845071304,3.3147887997087637,1.3791406231361962,0.46606612391655283,0.3490181384864693,0.45328570959871944,7.6254092632273816,3.203301444351578,5.512499568719481,1.2941697671618992,3.219624876317946,-0.8709556401226768,8.384976906391074,-0.5730246811504007,5.873112227922641,3.766883685905455,0.21183965819914946,1.5160951053157623,6.25039891686456,5.561275450035166,4.689560056105788,4.82638795793229,3.302341489573512,2.8788706004468665,5.660519575870191,6.340630805970432,5.3596151517438395,5.4712288146268975,7.061281278205157,8.22038510619766,7.904068823642985
4.503502578447069,4.230394034645673,5.244882134308258,4.771126854017074,3.1164120290838295,3.8905464284656417,7.234244897272093,-0.9422650509613948,1.824396005011167,5.35205250274188,7.512665372201472,5.917793868165522,-2.439423065175331,-2.3122652120213814,2.1664971699282525,4.911316770412052,4.059764664707514,2.2168015380984736,1.1574307487542435,5.850101811370904,0.4315382858839127,5.830575161642622,8.325734494393481,6.065240504173827,0.8438124192115607,5.14062247327052,5.55876155143861,7.2065699715771,3.42247224650379,3.4382225352569735,5.885737854129019,7.126693464232456,8.002478898232594,7.359430006431632
4.622536938177118,3.510146039679304,4.106023906913398,3.2089748754423835,-0.3371694178110345,-1.5773538748008211,0.7288973441574945,2.121315610425186,-1.1701338059677362,3.4033820451020027,-1.99290816895904,9.180488228977026,13.406124404773442,3.799590466368053,2.2955797964798124,5.183812469165954,5.002461618050811,1.125324480746511,3.847702882012249,1.6485508025106757,3.087448258111307,1.710358143820797,4.199154662571737,6.010554477474642,1.2584632664980606,4.298760690552857,4.105775414281932,6.8273455226414965,2.4114856146142003,3.269662594511439,5.7967891901458755,6.973448826005868,7.42240029493831,7.391247752758394
3.7942344794282272,3.2228859819090165,2.583361490456672,2.1821111024671462,-0.3250853931547112,0.4050935238481516,0.28260177260242114,-1.016068994566249,-0.2203616524503286,3.500622365579113,3.354905350619793,7.255242055773724,0.24785654000677765,4.355605442874865,-0.28977306985807577,3.7651237859081,9.890987434631361,0.1800790864177444,3.743370239904663,1.745958967243227,7.19915250612628,3.253126824997348,1.724919352665047,3.926702512249923,1.8336188800576134,2.6279632457757733,8.719981735600713,2.8969809916947624,3.639748223296731,5.377166668330063,5.674903531459808,6.113567298456217,6.758589649145971,6.982640039716486
3.359549649845728,2.6364435265285184,1.9490910971575213,0.008547417444602924,-2.8355273523509914,-0.7394067036154596,1.7169623853463867,3.316903607860961,-4.361753800908251,5.912419282111593,6.291082628884232,8.876553749065643,5.104924185751108,-2.2199058297305028,-0.2853541576055308,-1.1737740816466702,2.7773943903143925,1.7219740439776887,2.707059289349944,2.17166990979626,1.621071497357776,2.874619718135257,2.0674785770063795,2.0267831723055463,1.2361610152642306,1.140475483764996,5.380712618978667,7.718776435511386,2.9202782655180926,4.003541205526201,5.995552284289809,5.49698781196377,6.266554137384705,6.1070699334960175
3.228223901107925,2.4297212622859314,0.9162854770917515,-0.4022455091460492,-3.5078142911525663,-2.4432242250646703,1.327705885821555,-0.29742325563630106,5.882664334387547,8.410188314199019,-0.9050579518512428,0.42212378261193895,1.6188419628481674,4.315987369508815,2.5683013516272197,4.796342356431899,0.4955238863376583,1.6552232371776896,2.0740444811033645,0.9034309410878554,0.04522472746756186,1.7823884294766934,3.511779584122829,5.615814160043212,-0.15810921329217906,0.36535529516291143,2.5695748466380297,3.8624721319232593,3.3359747276556724,4.557920292545394,5.104211937564225,4.409155647455982,5.878108119969652,6.104933389059727
2.8465358043125795,2.2413280958330244,0.4729952249025271,-0.06681239660216723,-4.287947760710786,-4.509132883646955,3.6671825435226446,0.2635756583694698,-3.571947746445584,6.326955795033308,5.324832342741809,-0.5660001319162916,6.852241949086775,4.29571303513911,0.884241999831065,0.9392187545345793,0.6797558775631988,3.206502388570544,-0.2636541728058699,1.0861663745774872,-0.19000885629840417,1.6501718240861998,3.137778540664525,3.112082507575902,2.3807348335904575,1.3853788975289234,1.8065481730034494,2.707119189782936,2.590174493081699,2.7362515258778104,3.218119189376442,3.4232163021545223,5.668178329915592,6.2996802181974685
1.8050225596757172,1.3221130850461247,0.6053868294688278,-0.3378310182632117,-3.4806539371842606,-3.5307122862721467,3.5263585203290546,-0.1792905716830638,3.557069598414682,5.106313651063834,5.230524200131919,7.528051452584536,0.4738336435329757,11.1444138543416,2.228494685920499,4.5406792277164865,1.6928491059643251,1.0846599111307218,-0.5773141453254719,1.5648158840556485,0.22367889168170965,-0.07078117953525338,3.493824710680642,1.8961383746672664,0.6169777221729423,2.2103881466650726,1.9824577658311977,2.5608335412423138,1.5124221595019551,1.5303489794823466,3.0770553981732633,3.257533598855984,5.28969023092089,5.680243320157603
1.6082506994269792,0.755702547619702,-0.3286053710203739,-0.28974829187637036,-5.009721185950059,-2.2839541919834456,-5.8867053949890185,-0.7763476081278575,4.110642499902978,4.760642604278161,4.956846271537636,3.594155059801096,4.01445898421155,2.125344146495221,2.2173151655035177,1.95913511077584,3.4024902356857676,0.4886203237160655,0.7048439762522805,-0.04451797963491853,0.033991421777969676,0.5119118906664848,1.9483821625184696,1.9313083747442985,3.3580643698642536,2.935244629972417,2.8849164183154525,2.088920607521336,1.401170845664994,2.1563766996186016,2.4404693119655185,2.818902520920344,5.28291617511593,6.314414331971432
0.8236282187998931,-0.11629179608609728,-0.7036317572985143,0.6846717909073378,-5.330418118555934,-3.0511740827771296,-4.0568635027425035,-2.016803625924478,1.595881871590176,0.19070614015146933,4.72494015758438,5.56241646761048,-2.099693144257123,6.496575943029869,1.3242997162154198,2.7174839873057643,0.8876137170632102,0.9850608304577563,1.7638237493126951,-1.7224492042306077,0.14072768873458205,-0.9877272597930652,2.121539911477837,2.2563508772892886,1.4970275374625515,2.09921276065405,1.6858473648029761,1.40696562009062,2.118719019738782,2.058202511467317,1.8635727161871893,4.023852102034236,4.657953059266465,6.779555623907568
0.43484187869740903,-0.053171271396665054,0.3411002363537238,1.5677364524547117,-2.4099123588557183,-4.348737788257146,-4.1615267050757465,-0.8892434531304921,2.714153982290217,3.2710328987668866,0.4853247065329069,3.299283220118417,4.508336367897562,2.648961148050994,2.863248719314118,0.49254645938888303,0.7033825557186696,0.8021229725622626,0.6553238989416527,-0.06767702984763688,-1.0505762434207548,0.4069130915388905,1.0868116883633767,2.1655988951476846,3.2124086713852518,1.2340940229844657,1.446254575991229,1.748315282744625,2.5784370956844174,1.3344252233942588,2.120622282127168,3.822666996240509,4.993111653052734,7.672288303539761
0.20257343769334749,-0.004593930218223883,1.3566592992551674,-0.746071156436292,-3.2835103622987543,-4.158626529663226,-2.807912386184972,-4.607211780306658,1.5983488488014503,-1.647111210025737,-0.3004924425874916,-0.19838998787212914,-0.6574654125924052,-0.6290950154318282,1.8699951064789249,1.5853019715112049,-0.30021191146573734,0.5919158010109379,-1.556807281761279,-0.7971071591715512,0.9976421024051809,2.815856057013631,0.5056917265250169,1.8964956013617165,2.02500224067432,1.338771504713004,1.1861327510714168,1.5624705087195785,2.20007675501251,1.7891371724643153,2.762035233626333,4.2658720880424505,6.587000985040589,5.627482998013785
