script/wind10m.json
{"header": {"parameterCategory": 2, "parameterNumber": 3, "lo1": 3.000054539987559, "la1": 64.9999836372058, "dx": 0.5, "dy": 0.25, "nx": 34, "ny": 52, "refTime": "2025-09-25T13:00:00.000Z"}, "data":
[rows 0 to 22 of 52, columns 0 to 33 of 34]
10.432645087863541,10.218092625194467,10.248932204917711,9.632316826142986,9.275029716872325,8.940944128898188,8.255464903803059,8.254977813524008,7.737165248867784,7.125242773113293,6.611842433422569,6.376140877661537,5.881004359441054,6.333963826614424,5.97989684698592,4.492340045146609,4.452843241229747,5.95525696542549,1.789011845455337,4.005191671216012,1.2174084443040225,1.1921461894057142,-0.20440942729145817,0.7954188272141506,-0.851029384662944,0.22399720069878548,0.1657539354975372,-1.1149760900772265,-1.2410077000059667,-1.1559382698640626,-0.5599034548027225,-0.7348494646106823,-0.5757724666787942,-0.3697636550787459
10.246163682326515,10.46597286902205,10.481311488558454,10.164754013479044,9.499508886170958,8.83649203237917,8.740381359695306,7.833375949659721,7.043812100067921,6.642475679996552,7.0707780069884745,5.828381427735365,5.91136837487576,5.972054652474293,4.9857313380459,6.882272902980927,6.987664551227784,3.1732484919086064,1.9150174982061845,1.3397383562921636,0.9358620852494925,0.95413503442194,0.9628701986975619,-2.5950847747823724,-0.9391084217634433,-0.5412223530050192,0.01753814969008442,-0.2297053400051663,-0.21979205471951158,-0.4474065669972532,-0.499935583753258,-0.7830350544504917,-0.908250365830224,-0.4744985230164904
10.435224596878367,10.373974659436639,10.103409633573627,9.529346675229442,9.097787262628138,8.66591327197061,8.37831524009997,7.959966438029514,7.5365958794226255,5.392246512044199,7.824728969293181,7.050575829786814,6.871985620171336,5.919346580155443,7.52215197767645,5.7749735740707475,1.1862769035540235,0.6844675146730731,1.329991653218351,0.7029764452000757,1.7093160565308596,0.5481354026888384,-0.734737063265945,-1.7454387916862315,-0.9427371959607009,-0.6135533255583953,0.11096677484744691,-0.9739792773825162,-0.4525960425838768,-0.3588853803093972,-0.5930005507791983,-0.6921723435197397,-0.9086909816235765,-0.8026843843255946
10.97899276316715,10.921320547504997,10.43691752055391,10.004280650249287,9.194961994111823,8.355493107526366,8.091542146339743,7.505762848003406,7.388120584993882,8.078638463769787,7.46790539328637,6.365513182687166,5.987642652717994,6.83252156511143,6.942757423036062,2.452957005877243,0.9721527150639385,0.5875814945284005,1.2730287871965684,0.34835351694679273,-0.2393485374322272,-1.2520182486132532,-2.214592961530069,-0.621099520130287,-1.3887870607035524,-0.9044365716576722,-0.5796352790469419,-0.7775627117876102,-0.3322849938322965,-0.310402254726083,-0.3166751287619215,-0.5095453500657591,-0.8400418015331264,-1.0030620386480613
10.99781030093391,10.621322921249824,10.253825526702208,9.806146647070639,9.058450563426003,9.355474194014842,9.017085603001952,8.579210654894652,8.096299107339002,5.861098164352427,6.64492458743476,6.229124653288098,5.718582242267386,5.620486977253855,2.7249215407072485,0.37911297094271357,0.04575727592037798,2.5259903897226934,1.3199134537325634,-0.2226502402833223,-0.18942766601248648,-1.9414548769668423,-0.887480769112969,-1.5082123937148,-0.8519394948795626,-0.2767191501360478,-1.0178664310117085,-1.4865279233262243,-0.8452394490694232,-0.9337746244271818,-0.7987015422872356,-1.162887167715284,-0.7640126824944877,-1.1038940682276357
10.660106334775056,10.322007999098231,9.846214437064805,9.653533277644376,9.332500570056443,10.109855200676208,9.138551206177679,8.08436152421309,7.557464417986061,6.7326030528021095,6.012189559504451,5.369868970325388,3.6892514638664204,3.779335335640544,1.7967746401012326,0.9189647789388988,2.0343464526142423,-0.2161008238565338,-0.10828921641140943,-1.817274899873241,-0.8492404962889492,-1.31001702573573,-0.6006979622337425,-1.0917268520367245,-0.8933217762465981,-1.1173488048525355,-0.9594835560363041,-0.5012790647207405,-0.9907812952607852,-1.014044889619556,-0.7928320281500704,-1.2215646194950167,-0.8817767528297,-0.8336482024201627
10.477303720515474,10.253934254412925,9.695171302175922,9.036660887976993,9.100458159884734,9.65911741765531,9.710648659160206,8.07944792930704,6.830135421559202,6.455835725765439,4.50473497853481,2.556409012875648,0.8291872827719073,1.4524619979267972,1.5057469856452963,-0.35654785725737337,0.4980238459388551,0.09522155556544454,-1.460493380507362,-1.5924406605000963,-1.8209819046985765,-1.3403757222851893,-0.6410579371134683,-0.800667436370244,-0.4583405496011538,-0.5305837401344459,-1.0876830003506257,-1.2910474238765564,-0.6124250523897738,-0.9071367706253431,-1.3681789210790036,-0.7776174713159637,-0.5842085138242918,-2.225965747626218
10.538349867729604,10.25093937755964,9.698822398203403,9.15786253702758,10.408015539245906,9.582692065662709,9.43574793257486,7.801577578732668,6.504274985844334,5.129490233041079,2.963717865960287,0.577529314101277,1.5163430876769897,0.8193967805880549,0.23020637102842623,-0.14831582650147893,0.8590605579494889,-0.38852517157805677,-1.2728095434836748,-1.5841852152567548,-0.9658589451661276,-0.8501996567283238,-0.6058305870217591,-0.014860860786205316,-0.6907023836922301,-0.7005923128323517,-0.9449503341848691,-1.1587738389872422,-0.9494537174072022,-0.9823800039686069,-1.3930633104685446,-1.3119296365972792,-1.485624386631214,-0.7866911032323382
10.636690686900433,10.548337256810639,10.01828435027647,9.140924609418109,9.915695927041604,10.516091266041519,9.017910604273935,6.99803837369541,4.890096847215229,1.1867183054105326,1.116747374086164,0.7228696777936232,-0.2204604967868964,-1.1773645289498984,-1.3893390962778773,0.3030806246861078,-0.03133449677979775,-1.4398240798541015,-0.7224898892010028,-2.208899119531515,-2.0771189114174105,-1.7658402419584394,-1.2617200978660352,-1.320307085140511,-1.1609362655349802,-0.7868611928138307,-1.3147847666341275,-1.1034805642361092,-0.9930474754464231,-1.3552721523074662,-1.2274928499290392,-1.5796772235510819,-2.5885706585601103,-1.2224471610918841
10.723966748726601,10.714002146182517,9.720394067507641,9.47389074136539,10.268750906115363,11.15621564159357,7.934383477508193,3.5455772746246677,1.898408843768211,0.3163391699209509,0.12353490398318207,-0.025356225620334787,-1.1032637173480775,-1.5103280341472622,-1.8612842204609013,-1.2904040143713758,-0.25441382094580434,-0.008940810079733394,0.0977091867920797,0.7889822885768973,-0.7924636148955352,-1.0242502363471524,0.10047237218355466,-0.9299246504176008,-1.001568108070446,-0.9836110306553921,-1.022356729334659,-1.0673318173009112,-1.4566552788259803,-1.3636425830067371,-1.8370505350729427,-0.9782133583352255,0.36332639467442035,-0.3882571544491772
10.583515583985585,10.457820882991754,9.540793774076386,10.305866624388429,11.603589234354805,8.74881260535303,3.9920894458463607,1.1502153186817023,1.6211844383271583,-1.4979996427774178,0.015348139187839263,-0.15083082964236236,0.1459307248304993,-1.3573606559534115,0.040648964885284355,1.175878760770701,0.7012921611976979,-0.061064922174307014,-0.10171163523582888,0.4298426204401292,0.19453646498607888,0.29640366874794677,-0.07706400263762885,0.057650402741826916,-0.47601725933560246,-0.6080788581292326,-0.9803916772070759,-1.0757373772351053,-1.2455146357807128,-1.0605153368348477,-0.5460822996506229,1.351053012905863,0.750113937338733,-1.252420603001755
9.914848399880992,10.132752775765763,10.615668169349476,10.72757139489394,12.158325065298566,5.026159923348072,4.629738633245677,1.5666196932014615,1.7754109491483894,3.1357032882069604,0.08948235211508855,0.16523865607379837,3.868066318263012,1.4465481798467896,1.4703977685521157,1.3047182656049994,1.564159258730265,1.0797809119119057,1.4004720363022674,-0.6131270169334908,0.20686622041379008,0.22031085388437138,0.3916093996246158,0.062424875656952164,-0.2602918423696714,-0.324066076551568,-0.76493757868046,-1.20010851345774,-1.1954217753205574,-0.704712227644186,0.8541670297968793,0.4844996221533616,-0.6247451129426765,-1.3165464279237462
10.750517824845236,10.000191492709437,10.094677754490753,11.227979663393388,6.828375600047062,3.015053214103879,2.9365037026767116,2.24156403232787,3.171219119539974,2.655661365634349,2.7728421845838085,3.689814868515157,2.6117136619010246,3.0355685575249014,-0.053807549672099726,0.315068612171229,1.8264810915903777,1.3047477165890593,0.8730824623846585,1.0616775069885127,0.10087735509805051,0.02163128037482277,0.5554368445709638,-0.6060031304578699,-0.010418054262672102,-0.310334256588734,-0.5191864227329525,-0.42322799911743075,-0.8789014128139513,-1.4244273332933535,2.043201592248161,0.7966047545521731,-1.2581916637721453,-2.4277118464091063
10.102822344828668,10.66705746674008,9.300826842408142,11.512380352959266,5.026857281573992,10.96448884091387,4.8017192093541885,1.9285644707673708,4.83514016297574,5.456231304769634,7.016035531352194,2.4371655781129005,0.3158732281393624,0.25716315935417544,1.6550438291387606,-0.32087962651001717,1.9304400744556534,0.09700817581332757,1.1084582777769616,-0.06959474002765123,0.3471724698884702,0.9980123699152846,0.07517204457373165,-0.3802370751070976,-0.29562905367960857,0.02261628526933782,-0.929007104890675,-0.2565945943124352,-0.3188810280776339,1.0543945786531497,3.1242663608798877,-0.024777793803215025,-2.142485841686595,-2.5933600262972307
9.796572940237626,9.32396064283451,9.509487890867929,10.416803498441782,5.9544902194785845,2.2846900634971776,1.240692371075772,5.946880028317279,-0.6507352661016463,2.1754255754953458,2.0351438912691244,-1.1854408531225924,1.1720402194796964,-0.13104112520712402,0.39616133766504763,2.0151047686059003,2.071292976021422,1.1029982250016093,1.6397579995184788,0.9657424107829057,1.0588575329518415,0.5368870936609023,0.17438708815459447,0.20806536355374583,0.5545646700938781,0.13251977336995463,0.03557419949980316,-0.3514242262610927,-0.1698281244805336,3.324351785675581,3.018042466850204,0.15110663597292673,-1.7835801774831666,-2.505125366911598
9.023336214473968,8.53353267151823,8.33496197447721,10.338227411758464,3.692277144028997,1.5687994069571762,1.7213204617015148,0.8112492978329945,0.332183406310443,0.799431559933098,-0.832320258397563,0.4173780983253623,1.4645365280877356,1.8152779647737418,0.7248153038725955,1.0518735644686972,2.2342624524155297,1.2895065095480767,0.9721734640838913,1.1149291723350625,1.6955717600347373,0.547691723956559,-0.2606023985172403,0.5637898341718256,1.5348631489008564,0.7966437548278249,0.5441063614710226,-0.23566353959787265,0.00020514697219895954,2.7317346331576533,1.9422414001238921,-1.0469270656283456,-1.7084628213841904,-2.1930720749235815
8.169318553259101,8.01089197664622,7.794746467445174,7.230222985650704,4.017051962369708,2.043426477003328,4.247613712737825,1.957264533415258,-1.699541460118617,0.3848619756032489,-0.09648352277590466,1.6753603999984692,-0.10469336274126045,0.5466728120493894,0.7954897625109121,1.2742766920531763,1.4898884386213735,1.9096143691744414,1.459168953511422,1.6588811929503025,0.6347473276839453,0.6348885444874534,0.6181373795533084,0.7080652183441334,0.579710598196477,0.9299977078038589,0.28347519999655324,0.17012371595978942,0.5092400882171425,1.7213012404380277,1.6312238101325245,-0.1762133618808817,-1.870352009789296,-2.2704360921028743
8.313225558442488,7.477388807546826,8.278335588376368,8.146804032095742,3.3421037885739517,1.8091338590867154,1.8972994852853173,2.1575601104301887,3.597257081039858,0.8983697630764929,0.45854227098229905,1.7278038416375328,1.0950552433305536,0.7758085112346149,0.9903406244929053,0.3498549779595546,-1.1298811741723156,0.014717153914653463,1.2764145839492584,0.7023463058703033,0.6579768605597244,0.5812588747382293,0.6805302643748722,0.5603679998559491,-0.022657521893053527,0.3065273798840907,0.39015701275575665,0.380331034973891,0.5557817623401293,2.2747851629300446,1.4336194686971138,0.38277232469037176,-0.5417384673659282,-1.2692626514561747
8.213565963675892,7.695827280330861,6.78726548990592,7.898603528277556,3.4986319264266865,1.5586503589896905,1.7813186759341286,0.7407887323972954,-0.07468279657570673,1.7246183334482623,1.05807994390073,1.121000420445266,0.7611641484789402,1.6361700204487377,1.7150661384867927,1.4263020712027579,1.5794366026855262,1.4606980718594826,2.1186712090799116,1.1555000343082282,0.8437604843503205,0.9967237517795251,0.6735301952347347,0.47661860594429883,0.38079612402399327,0.16651910849499077,0.09485116759801152,0.4930450591864157,0.22141931344387214,0.3161076976867544,-0.22503494443196592,-0.9060826612953174,-0.9567790189744361,-1.270266742370569
7.332581209722332,6.932153329143861,6.745635040595884,8.529757223775022,2.397443973587273,1.1981205719066563,0.49259841627196077,0.4294514836832728,2.3053639312286305,1.593650876255518,1.1447408647306696,1.3037422571001427,0.9429339994546826,1.1239808696527769,1.070572138676592,0.13682958693810707,1.6195560774457236,1.3731080843813481,0.7166738853693289,1.2406698053370273,1.3078510526419624,0.7927255061258345,0.7546841682880686,0.4224992276725795,0.2205715730994646,0.1318323096624895,0.886328663977149,0.7389388221131717,0.2968074196289944,0.36696945837253875,0.3143481349788372,-0.5570686884499619,-1.9290480299649337,-0.9582921173555304
6.410487776607007,6.651810681985323,6.622141479888431,6.453335647835288,5.265667436109635,1.0713755140778027,-0.006282923681730803,2.2285521390213217,4.005991176518989,1.991403769093719,1.2793011426320349,1.0171670137744662,1.0493451518365997,1.3482376424968994,-0.597070368453027,1.5049836594412442,1.500562622296664,1.3022357323142393,1.311286146902019,1.0007233159991802,0.475503809917292,0.7041017327015083,0.30348890473152734,-0.08841149443147685,0.34523437833845516,0.20528066685181395,0.011516207914682037,0.5675905594292909,0.30537461446753317,-0.04829001828226968,0.27398761012973527,-0.21524909556582833,-2.184366980615844,-2.16362695080497
6.810070303565723,6.6726029745198145,5.71807900005197,6.3305816042451974,5.350453753656656,1.20721224323586,0.4661572142769683,1.0069107788333198,1.625876798666193,0.03248008134462232,1.9501267735876882,1.5028006468020263,1.3880099195208873,1.4125810335096387,-0.9641571448863656,0.4846877530761828,1.3132567551020833,1.3384195923609357,0.9513620310516625,0.6232526512414818,1.0040158173254268,1.1069313672051655,0.8942890865873068,0.4734274211658379,0.32428855733577827,0.42371784486982356,0.6321258312951503,0.4057539996444615,0.3348464277614901,0.24746455323190059,0.1364842305434693,-0.42741316165133403,-0.8255169473193777,-1.515638511128907
5.657669573523537,5.704225212527773,5.155922600216146,6.347627100920469,4.838549895509848,1.3386652632134468,1.0778365584000134,0.9567110571450304,1.1645216673802867,1.247567143115333,0.3985815972446114,1.1769693668023151,2.092615686421298,0.6304429744325689,1.7029825439725599,4.746685151168993,1.0305460197742358,0.7951477805331975,1.0118879146158046,1.1160287736262386,0.8430175827762186,0.531573347465838,0.43473222092482416,0.3967055120482792,0.03448406128858572,0.0416668621582045,0.8577338202446649,1.8784147895837326,0.5535159108440643,-0.5124054760223196,-1.0538113026133449,-0.9142354812306528,-0.5731684298973168,0.14937042316053
