script/wind10m.json
{"header": {"parameterCategory": 2, "parameterNumber": 2, "lo1": 3.000054539987559, "la1": 64.9999836372058, "dx": 0.5, "dy": 0.25, "nx": 34, "ny": 52, "refTime": "2026-03-06T10:00:00.000Z"}, "data":
[rows 0 to 23 of 52, columns 0 to 33 of 34]
9.693943458147654,10.035086246107266,9.90355844116617,9.17509903522537,9.265007620610401,9.26772282478795,9.76294138274599,9.533445390477576,9.910059907009089,10.275535665649263,10.303792338234157,10.673177936795343,10.484791354033295,10.875960242849267,11.226753990561392,8.851040102218567,5.30995709659537,6.116787361622234,3.9496431371845886,3.5025368149946647,6.355213560082858,4.540772645323978,5.725807828729948,6.571113018066173,6.422598515702931,3.3341943407761225,2.188402247390152,2.553690761137628,2.299069080808468,2.682207307640294,1.937295938420306,1.3625091707406172,1.2345637814079586,2.7603181004161264
9.552365366216929,9.530567939860813,9.126475632021943,8.745770142004476,8.414152059337853,9.007505212292108,9.468179382968016,9.718803634107916,9.646724760028581,10.01283529568461,9.94608920279939,9.81252543465407,10.167676955618612,10.711318592223142,10.603465520209388,8.418413632409246,8.23836559741568,6.130604042261358,4.548324241880376,9.067678491857254,3.342922109592695,3.8364092998207395,2.2728388467258216,7.834340030652155,3.113313262043701,2.146041241903529,2.6488730278620745,1.3762852852996108,2.6435190868408345,3.6916524877418015,2.657883190950461,2.3957921762467405,1.722955822771507,2.183739796492911
8.521645748243536,8.635614781378672,8.625214495377293,8.348801104037687,8.297417636403772,8.810332996178266,9.023544057390522,9.060330939212825,9.163123115015493,9.472434667335778,9.439304665037316,9.512461124207624,9.168737671256844,9.973936199476455,9.123406926783904,7.478923994657415,5.62466767877534,3.028020204146413,2.1675419467564025,3.54994337155749,6.503823091326367,3.878132694986282,3.673801159815791,4.9800495410587775,3.4299653593154904,2.1033340445135207,0.3198632917162108,2.3221602522089286,1.9044108963665856,2.169253365186857,3.2429193341050135,2.3715246112292534,2.244812788508111,1.7286643644972268
7.923343889779102,7.79079122331863,7.83723278549014,7.719153284847386,7.92193998673984,8.41498178826563,8.048311183440916,8.591650085915546,8.199041526449594,8.621166451244912,9.126270872377638,9.261166672377328,9.102638231311433,8.10564282481825,7.878569872818049,4.9811130275848505,3.797833563772731,2.6707577873357065,4.783644342265836,2.6884137796807046,5.636744875386598,5.9510979844881025,6.364607801142311,2.8826162100660397,2.2484530980560895,2.5361426427321336,3.159504818996505,0.45968118627441096,0.6453124219970179,1.0823222553626064,2.4986328661174113,3.5113871444700386,1.485952644111461,1.2540054910632985
7.301268263972461,7.215795570518429,7.3571202661434,7.041739519237789,7.024147307943152,7.658791340267629,7.840683995780446,8.577583992298624,8.002933828763402,8.052604575041702,8.54756554760036,7.832110115680797,8.04823316381016,7.107005954320865,3.2724510305698313,4.273101611502831,6.379079698817062,1.6711623844856236,4.306864293753209,6.342998175509364,5.453941622466955,9.396918269112742,0.5569133827393187,3.3423868075367107,2.4980251635517434,-0.19086658030187445,1.177022817621567,0.2796379110647579,2.8558350029259048,2.273854674118058,1.3850571175966038,1.6592857575822155,1.566068609276554,2.276256889811061
6.44583553217262,6.577083624452394,6.506913025562962,6.340297381527808,6.4434683972277895,6.879946284386819,7.240431101732119,7.560360134352685,7.168200616234281,8.522382010530563,8.651838470414912,7.254852451169132,5.87279769640029,5.99883457449454,2.515535869976379,2.841692013825711,2.105191106058274,3.029688055073431,5.5050952874633206,4.269957025124599,2.26582428555967,3.9208182959829774,2.6821348368167386,0.6593743640129709,1.789567328045305,0.8240074147690268,2.086224942026591,1.92778723492338,0.966731076430805,1.8022370985132132,1.2836744602247838,0.032400632969062926,0.6459644950699128,0.593391612987519
5.640652158549258,6.253902630689972,5.883949885479649,5.897365918245239,5.696713542744093,5.888647522540656,5.924138553992717,6.5278466079668,6.930573254055939,7.2321759531341385,6.5457284291676725,2.9320810164860163,4.2325056562960235,4.202231354167722,2.610380881908114,5.760207585249281,2.6127657595965426,3.16675401307797,6.110901926312285,4.094178480456466,1.96598856673658,2.6842279987143174,2.9110858221625833,2.199126749143817,2.17413372183632,1.000507331219645,1.7739403106857423,-0.10374920631309942,0.7398026587839763,1.3207862347774124,1.8316893167635535,1.477402365767796,1.7266197687097427,-0.19490948443013736
5.125987371608285,5.552173322954929,5.379522458811057,5.2138518197416905,5.031971394986027,5.222186034731521,5.730054110614576,5.387086712436508,5.301645771696243,5.641947767469219,4.113666927298077,-0.6899436795804214,-0.30151959879730034,7.4413161286706435,1.1107053208934545,1.689877538439004,0.8635073225639217,3.6891353475434583,5.87916804133773,3.338580891516616,3.898552505294589,3.209066265742561,3.288631829661136,1.499315230753427,1.4979936058093886,1.1324172754340422,1.9409661034785615,2.391516320055524,0.5645261842213752,0.18375967234111493,1.9911367858661682,-0.23691201125267541,1.1116046991077062,1.2029853951558358
4.672002160152294,4.516488374297953,4.709532144489227,4.230993563192498,4.565697715440358,4.3151928779761715,3.662161904166776,3.680653822977838,2.185417084123981,0.8758072540597136,-0.7781826663804308,0.6569640763954165,3.2276959158485,3.771253300130665,2.06721601552189,0.9744561410384937,3.5158931653343806,3.614289894296546,2.311770113567439,4.76814039925441,5.3416106935352445,3.0839762345313306,1.8975747560296363,1.2395257661702201,2.1853886197777004,1.2707112883477316,1.6489570832001499,1.1686528764767503,-0.2611714580369884,0.9297352531282451,0.9035111163520376,-0.31719532272340756,1.31505253274903,0.5678554851193515
3.7720639324746688,3.996890842413569,3.7108084778403234,3.5710842812815478,3.0027535477118636,1.6760197365096137,1.2116427946258783,0.10944182538520672,-0.9017101553520558,1.029190375075257,0.8554728135338975,0.9015000273048179,4.280175916124626,4.20885358059319,-1.0229837426408874,4.19097028916438,2.4548285362790954,3.5168417755900734,3.2763399301219054,3.645468254531226,4.01342014205454,3.197239918175893,2.56061947310888,0.6838469481440634,1.1839311374236121,1.5022043278161366,2.0396404817160665,2.2498135682042646,1.4332538156171406,1.5008666373871866,1.0277072435612893,2.531930944766542,1.4392581312368309,1.582830016403363
3.4017956230476676,3.0199127770402847,2.743615954638833,1.349522299350421,0.45484765403241406,-1.0823155429940177,-1.4050746348941408,-1.287304087641877,-0.52844565293261,-0.21048635179540084,3.973186600822494,0.5655457074366265,0.6246769698820581,2.798215012239495,4.903049125376301,2.21399843046277,0.6945222544995797,1.5095513780962595,3.1376970621862954,2.3069516235077834,3.8053032910014717,0.4322233224994779,4.027028944101867,0.6216477661904172,1.4521764963290797,0.8857057632575033,0.7788243370601391,2.224881191110364,1.4624331609885806,0.4094394343368237,1.88443816321569,2.373059440513426,2.857519875899567,2.5685457079230067
2.9868829037466265,1.538032441731309,0.7734285534030515,-0.3971868568769009,-0.7745984891124722,-1.2687059431439494,0.3627193250476395,0.5063763304606347,-1.376778346689142,1.4718132146033795,0.1074357088691208,3.053305760081764,1.1401172727766904,1.9562363191076508,1.9844895485666185,0.42212785259276886,0.7095078740787801,5.721337058196137,1.7757928886045768,4.266326197664822,2.279832283105258,2.8539892664246094,-0.6009070296689886,3.0129880720295277,0.37953370727279684,1.197521718112245,2.3326442880930105,2.074750626508208,1.1786790060240817,1.6522867260363086,3.7466493776999594,3.833127424108344,3.628043508561732,2.96646674988534
2.1503743546491623,0.6785907761973402,-1.0034139035584058,-3.5155208967062754,-2.703517107327274,-0.38700769369853033,0.6056228617323619,0.6798236618910785,0.5711000700857894,2.2734269274383534,2.767787340585065,1.6206752843692558,3.070314687517248,3.02965797457886,2.5532838883396285,2.9711353378330334,0.8383950650565681,4.3218329589015765,2.6945728917683858,1.9690061179161304,1.4422615853881071,2.2025777769566055,2.2153753466701667,0.31472297812169153,3.0636977604947493,1.308921215964145,0.22241589507681908,2.1143846407638596,2.5568211662141738,2.191141784132053,4.445513607381806,3.9415497056323274,4.628388518941346,3.4966462130226494
1.7725425885853867,-0.6964829818238082,-1.5120225280179809,-3.217448621348016,-3.101797136155918,-3.025276607106658,-1.4445120297048528,0.5909720848817847,-1.7811986440811267,3.335539822932539,5.076391440951688,6.804891141883416,2.08779586176319,0.05391425375434143,-0.640063564384154,0.5638937184886967,2.888868512474207,1.5173890012183398,1.5243950804803292,1.6539199102570938,-0.2431757271511247,2.3708329287358585,3.7094967458130936,3.2284614121198363,1.3071481463309387,3.4616539875863674,2.4432357981661545,3.0248930032725365,3.2405947208492636,4.402785806971537,4.981085223366279,5.503888593284675,5.379719131404901,4.156289063818635
1.0224756501780683,-1.30330456341866,-1.4620923017271092,-2.173723697509087,-0.042848516498443505,0.2730696463463404,-0.35742124194453195,2.316023139359767,-0.23414635859446192,3.000166869955544,-0.7783591719318389,5.46408383169619,7.003188900925678,2.126433317859645,2.0292822203691845,2.7961016311568225,-0.10160758168679976,1.0022995633272989,0.03886294047300399,-0.47259139430859803,-0.14735752766862656,1.0215829796140712,0.3687207576214012,2.7545243058890283,-0.22744869310237434,1.8937672820731237,0.8145506414792644,1.9415374366465943,2.029976027054316,2.05982030132736,4.380429910331111,5.835945001018609,6.524556565505133,5.246474552080838
-0.21949117147739208,-1.0641414387780181,-1.2353956158936203,-1.938506241393461,-0.3420235441050291,0.28867809725285515,-0.7808667106882217,1.4312037166168494,-0.6958533777206083,2.142432722233457,3.7156242423489543,6.508536055815159,-0.9123998577506254,3.4208551080913026,-0.2075637008495197,1.4903250134979507,4.19271057725475,-0.7907850569496317,0.3182771493403426,0.04093939553766151,3.726320891815741,1.3458096114766847,0.9461270520491596,3.0256982231130958,0.8333237178326491,1.8515047527584143,3.757250762565946,0.4037355151189107,2.89452535625306,1.8836167354192428,4.714013498226108,7.329129163032876,7.190834384836743,6.250349188542599
-1.1317210263003257,-1.3972100249289923,-1.48048312842384,-1.421761926706014,0.7233585659301821,0.2971632152477427,1.003601764516775,2.2857257730829894,-0.6250345312202569,1.5692195449096298,3.778998858938106,7.702080329581955,1.3890505836994003,-0.41854209622329863,0.33907034088183113,-0.42563890560170126,0.10908174875757662,-0.046349343286594215,-1.0091374538435975,0.5626562351260639,1.6041456427987182,3.5642369851485993,1.571663201240739,-0.29741662466077123,1.6635637110972485,1.7503891527544253,3.897764683649246,3.4433444868370593,2.5759590572687037,4.779279366998232,5.468131135220252,7.997309229054952,7.914479366099817,6.796772491182363
-1.3713724877633866,-1.8646059889835127,-2.2446163621965214,-1.242120726145776,0.14691333283326202,0.3095746754600834,0.3903614609474476,-0.03281642808994114,7.7366565733033426,6.3646641412445675,-1.1338355447238413,2.600817175881113,-0.5122543165748721,2.172246808379548,2.159546187233179,1.0817708208153836,0.6162957686355375,-0.14311389477380465,0.18059021773208328,1.0702815106875068,1.3860570410452389,-0.4216774613407952,2.2856821093136657,3.450326404853677,0.33973482568716706,1.1433167063023488,2.4663497995267964,2.07240548735008,2.748490456299437,5.846010848092184,5.764894725990527,5.696629953417569,7.836609884939192,5.758098614480171
-2.258512697641179,-2.772756606803388,-2.4025661061876415,-1.8722071676420473,-0.26939423146528485,-0.5543606694826301,3.168857126006931,0.2856090455626108,0.45034142210826195,4.1921330227762414,2.5430688729635413,-1.1923433294260593,2.8067583899132047,0.6053388577585055,0.04229978083021049,0.9057017337311565,-0.9759556268814605,-0.5147143955967253,-1.024886055971875,0.3466904286710901,0.22774753851459822,2.414904936000798,1.7940967871935845,2.2682890921722296,1.8071313404326526,0.6029341657031828,2.4207487253237048,2.393699045316221,2.381636337743088,2.701163275587659,4.081810777782496,6.455286791833274,6.392286639215666,4.103497997820576
-3.272468186150853,-3.849193857773653,-2.5037921637410276,-2.3846299171475125,-0.6137910554985552,-0.20269625001603472,-0.2033702454555408,6.7061789441632,7.161610345835777,3.9377393556634046,4.261621869807831,3.807818711071895,0.26621614820735545,5.800878033269168,-0.829401015291618,1.659049020819664,0.1745582071784708,0.08151235766365472,-0.1707169780049311,0.7397038101883331,0.2342316178114996,0.8968915403328903,2.067842590897436,1.7630454267630598,1.0928231954668126,1.7813546849068227,1.4045206079029544,1.5610171836002975,2.321359999821824,2.1181194698588794,2.692214237090981,2.600164171050264,7.108432630170769,2.436544327405103
-3.741816006497046,-3.1612148272694713,-3.010398341302252,-2.0171949636036683,-1.0284866054321722,-0.8501251338851914,0.31868056896811237,-0.4570351579156796,3.2419715425720486,0.7911516263169971,2.4327515210258266,3.065846661545387,2.149548173991949,0.1072675581805414,-0.4986110151794781,-0.03404442344177699,1.4742309908022098,0.033115813225562826,1.0811420654504573,0.8403962859814558,1.193998889140215,0.06278700997794295,1.870109742312172,1.8529257985915915,2.104583453979782,2.5220262216364437,1.7479039065245217,1.5464480177289097,1.9466265143856893,2.2103502475384453,2.969595449024294,2.4798573993327424,5.588412796089475,4.906509291080915
-3.866927603159221,-3.376246505329662,-3.110261369751464,1.3998356983373155,0.5531655326647771,-0.2779798622921692,0.23120030025943222,-0.35260609532700204,1.4204647160370578,-0.27922269143319123,0.6910213898306787,2.8309675900587234,-0.849872717495537,1.955150468853673,-2.743362777882953,-0.07465590647087474,0.8878738297372658,0.7204059968465181,1.8183674271809962,0.19947278763307438,1.5746074018733554,0.3032875299624155,1.6854161408644517,1.6699231058402222,1.720627317773833,2.030700505682285,1.9931305647096478,2.126020696804413,3.0282887055708847,3.432308439563603,2.6778536910060757,3.217682836068022,2.9968010903295093,5.74787580160962
-3.7611616780888997,-3.8170072724085244,-3.063269108240806,0.2887911569610178,1.2514947010773654,-1.0832948182331723,-0.04128046822399023,-0.7326165681035198,2.878552528170274,4.25912454861022,0.023834813520413365,0.9863103712876378,0.6222111651044167,0.5569855822880152,0.10173647672262112,-1.2994561163719929,0.8985827785420918,1.086869747165482,0.8620055501546238,1.1329643381065617,0.47997819689838045,0.1328656927166933,0.940072254928793,1.3845766552319796,2.1956352853889665,1.7048357343554,2.618676574157201,3.273741230206158,2.948822674130425,2.7784233217900502,2.8784589684605506,3.4466895796659145,6.789193536662162,6.214485376769771
-3.4091964747716688,-3.141433472595057,-0.3635767068384679,0.6567413754274803,1.5595313350004443,1.9608134437240845,0.3684305153600767,-4.73121660941486,1.3819740641420795,-1.4393577011402583,-0.33236520322083196,-0.7955120804206274,-0.36949638458402406,-0.7664032818717005,0.6066214296560164,-0.2573755691316235,0.2598057492487245,1.135961713090828,0.6666645428868423,1.0517584869740257,0.5748452682334995,0.6569870172117835,1.2153141646365124,1.5120845387128186,2.127370476230686,2.098116398549077,2.4182482073970544,2.33838613704428,1.9602535231342653,2.398173821544563,2.8357455028913674,2.242083090922516,5.26432995150969,6.517654043852664
