script/wind150m.json
[{"header": {"parameterCategory": 2, "parameterNumber": 2, "lo1": 6.000198445256149, "la1": 58.999992894266676, "dx": 0.5, "dy": 0.25, "nx": 22, "ny": 24, "refTime": "2024-02-28T09:00:00.000Z"}, "data": [4.499432924986169, 8.766293182323524, 5.447989118031416, 2.536989687292746, 2.3061065474488123, 6.574021571399398, 2.963186511509341, 5.086848172960157, 6.716410372486954, 7.9361744830742245, 4.465283780996376, 6.2649700716376655, 10.051613136004189, 1.9033125257615666, 2.730564797486323, 4.302840041166632, 4.6548801642325115, 8.6871596081946, 3.464964453473601, 8.659981253481057, 6.5013967633666505, 2.512476771925315, 3.453103618613494, 8.421696826511281, 8.084754125472557, 4.076429401132912, 5.565725723156071, 2.614555082975637, 4.847959043211507, 4.304690905017422, 2.7294590018305867, 3.502464253616011, 4.467432223743573, 4.528685656691848, 6.050514687724079, 5.851960615837308, 1.7916761282284295, 6.573910232775132, 3.2058490031096576, 3.8637360342066507, 3.8167190739070262, 9.147552670668416, 3.690798965683035, 2.731678198907261, 7.974463688203244, 4.456353480381393, 3.77747739710226, 2.0756929632423433, 4.468272174804346, 3.6808050040460585, 2.8876374188207463, 3.9656423681843433, 8.586935714207899, 4.675218061330329, 5.4426828942707415, 5.505598714771617, 3.525372880881389, 4.206291782752208, 2.7895379971784067, 3.5807116216051877, 7.3398015756578365, 5.409041562299423, 5.209874353917744, 5.695643087155188, 3.3982165683133263, 3.6135600351359733, 3.8827130667503464, 4.474271813280981, 4.528248400493926, 4.377249305480577, 5.03234406088977, 2.5039943277208763, 3.590035489490012, -0.44830148829431843, 2.834073182285592, 3.689364044760101, 2.797755104119255, -0.5609717231376693, 2.600129536111422, 3.5539040910383357, 4.613911548861227, 4.772144946903367, 2.9092052649964812, 3.782003613954064, 5.196100127299718, 6.651431505153102, 5.647729157855534, 5.323629258336686, 3.582070057141394, 3.886779900082923, 1.7097416994280172, 5.40400115268974, 3.16233401424061, 4.219167274893623, 6.12722620846571, 3.031529982465025, 1.9027771975341374, 7.552920854383847, 3.844769551809069, 7.68998849470746, 5.916897880712891, 2.7865396633910664, 2.572553972364119, 3.7518108578156926, 3.4342790304569695, 5.768958775257493, 6.321871888056599, 4.049138301265034, 6.15676756650349, 3.4982097797066714, 3.9322747004790393, 5.43101369515033, 1.7220553941785803, 2.7872221113678224, 6.651831068212147, 7.372322416643521, 7.380108917324507, 8.867973853430078, 3.473787838130218, 3.9479553894254473, 4.782280848095167, 5.289456158004562, 4.7022438398667745, 0.9842102649143109, 4.958121043233415, -0.4930514361212521, 0.38147850839787034, 9.463519235225482, 3.5005071555989797, 2.8024982863671704, 3.350761885001362, 2.8911292185577526, 2.966255233609019, 7.159148658967836, 4.502703878947367, 2.491045450608423, 4.324489374480975, 1.5034789303769105, 7.076284904841913, 7.778185661329536, 7.6485823367341395, 5.940062290608963, 3.325318360403541, 2.994872044283378, 7.213369686915409, 3.1866014456566267, 8.125101154003572, 7.139230085287544, 4.291980359027554, 7.353485746481117, 3.02753207434098, 7.301867589801237, 3.887396532828075, 5.293709040739993, 5.18579743773357, 3.8299089655040395, 4.1225721649059786, 8.720865171310184, 3.591100105333574, 6.153764629441783, 1.315604012704554, 8.74752214823136, 7.3599150199556425, 2.5175425597413104, 8.133638389611223, 6.672918566159603, 2.2254301329352604, 7.243130380994323, 7.093241920486905, 4.685093207573977, 4.188493407638393, 7.277682045566216, 2.05588202469804, 5.682815206263822, 4.134315930355872, 5.345795155968977, 4.18844581402326, 3.0314960846541505, 3.5926020609868106, 4.529785836816901, 4.839645842459716, 5.229341762729011, 8.092952233883546, 7.505425864425683, 7.241150123661672, 7.263079749717004, 3.820498546599687, 7.278707539529272, 3.659759978536622, 4.2321884479117315, 3.837368546644996, 7.723395715678249, 8.264143987991504, 2.6968760505368086, 5.748571841393174, 8.790190543354143, 4.014495605567771, 4.876465471900015, 2.401530443209979, 2.475033714596479, 3.5164778516739474, 5.1392946861202615, 4.224415480898853, 2.311909795028278, 6.2302201397348265, 3.575139769539995, 2.7113839753542655, 0.06131969033669073, 3.2227294117093583, 7.878618456185817, 2.986546779064402, 4.89881800981804, 4.167285646686358, 2.438657449788109, 4.110620650956235, 9.221992759187408, 1.793230479019749, 5.649708063211852, 3.2970399145098512, 8.425958484493744, 3.6065490574662387, 1.9248520901778046, 5.990060267965737, 7.938325741330259, 3.3156685009073765, 4.225364847374116, 2.3910161185376344, 5.313673234985052, 5.220751900688983, 1.5518887086492945, 8.624110626030488, 7.997422988561067, 6.489575666638624, 5.250132620177782, 7.219979408763915, 4.902304191972563, 3.1699994887927296, 2.040249747961386, 4.356393653202705, 6.328139913287046, 8.034870026685814, 5.662490584942667, 3.024824133514034, 5.107516294590215, 4.748650452400674, 2.1274436916190367, 2.9797753792275334, 4.153764727339301, 4.362352733045206, 0.7068677480628279, 6.677683447370791, 5.3915464788590945, 8.645453966973585, 2.944947562675537, 3.5239406522354026, 3.1152103948820185, 4.796643591306399, 5.155306287047383, 4.573435722267092, 3.827344844617779, 5.71884492766946, 7.504816582064408, 5.133901639609157, 3.342037202908315, 2.024173711141055, 2.548632939451472, 5.110817559279993, 8.128335074576258, 2.2802658986557254, 7.591286618039341, 9.729207805479215, 4.663135344631663, 3.9442078800818834, 8.968406479741928, 2.981510422182464, 4.023413492642511, 7.716153284425066, 4.807502408209118, 4.455570911376773, 7.446382101232883, 7.772562729841003, 7.813167536077523, 4.582246837214793, 6.095491658257702, 2.7206489463472896, 2.9838614643631267, 4.505238049586227, 5.293261356994325, 8.568058370393121, 4.370682449219892, 2.7613753707470727, 4.102942983493131, 7.15083990809299, 5.648788350828437, 3.4956705185087564, 6.576382831322013, 3.2068930745989026, 4.601790293894449, 2.3781768591640224, 5.390516420938789, 4.542843093181654, 0.9729177067116085, 11.416794777314625, 5.385844672338907, 6.285195655983963, 6.265060651018771, 5.998873963160144, 2.651708790745779, -0.7629384670013846, 2.5936936768980066, 5.122311505163312, 2.333041875144049, 3.5303058864317776, 5.612171808053615, 6.465542065580051, 4.558256334423161, 2.6790047407147135, 2.325069048031688, 6.8863805453049665, 7.991445085502124, 7.26877555044618, 8.153546720079506, 2.0103055201951516, 3.0018439053349333, 2.814586399277684, 1.4650136550386872, 4.257444151767593, 7.137466995235437, 6.612839170703298, -1.1147326754230291, 4.535666755515899, 5.5916125502658085, 4.932339706324356, 7.158441114404076, 4.591482171119238, 1.0592927366697094, 2.9061857834852773, 7.792914882147823, 3.226865131636684, 4.307769984573971, 3.9869162580908784, 5.60154304828033, 6.303506632816429, 5.503375692643922, 4.367934785986763, 1.1754898280986694, 3.7824069661002797, 6.737027696610643, -0.001352063831331708, 3.274993422247964, 7.192503315350097, 4.281799533802707, 6.117630550749342, 3.6860489627301423, 2.525030716380956, 7.899893532739877, 3.8695879142758733, 5.360999214367875, 2.931925340576627, 3.749481109895848, 2.8728275873295557, 0.8691949472167672, 2.975393869703332, 6.768489266134419, 0.9592708066103977, 3.48987737072125, 2.053941705148856, 3.7003815246520966, 3.5943148243072836, 4.085730265292668, 3.4664562486840538, 6.3266371530638965, 2.169400566674518, 3.2036752187748965, 3.096378514905664, 2.482028486301442, 7.762382044980989, 3.3937250725476575, 4.466004986805087, 0.5106786514876581, 4.442421867712281, 5.929906552339172, 7.309436695604304, 6.951465026522031, 7.67004134748103, 2.9953244892357103, 7.972174900829841, 4.062896280267721, 2.514394361498477, 2.554118154681999, 8.344519017953855, 6.902872997173747, 2.4687365577609217, 6.096170156752251, 5.784626645875033, 6.665709137389801, 3.676468240216332, 2.9685235667970495, 2.3844918923607294, 3.988549588662577, 2.639030653198183, 3.44958283446387, 6.925205309455271, 3.633780154088595, 6.703823522901572, 4.048773908089355, 5.387860986241581, 2.557258448159172, 5.35823999175633, 7.2225403922561995, 2.859183749200215, 2.714663484189521, 6.568956108680665, 6.077521262825595, 6.508491974800515, 2.83069452029725, 5.644566896524173, 6.6481185188733605, 7.343680387368345, 9.59067547190161, 5.346094763155685, 2.2091276155483537, 7.149818985683489, 6.287438926640254, 3.5635274924434084, 3.457025419352579, 0.8003211398387942, -0.03428420593635537, 0.33939759170600464, 8.977786581380602, 4.110278869234636, 4.774071262143658, 3.978468399149704, 3.389600692469029, 4.567610292751775, 8.970992276638633, 0.646173161582808, 3.201254449441101, 2.8539724750358473, 5.422647799161253, 3.2590325628712917, 4.171120453496194, 7.279644270426385, 1.0006366973212317, 4.812742243343516, 5.956899899174193, 2.387676359216232, 7.869962741407833, 6.043328802158498, 9.1817664237596, 2.885904166075057, 3.3185765016118216, 6.529435292887212, 3.944708852936752, 4.326835324119805, 7.512463932371849, 8.472023470009983, 0.9889653160501413, 7.2606394501775515, 4.946362130119339, 0.17356698124893388, 7.307911347769794, 3.5589985252385117, -0.4599273764571947, 3.982442127560239, 2.1896965745111174, 2.7155663933120424, 2.2785460418706087, 5.275645624588139, -1.1559391372522705, 6.410863485136418, 7.639462636239289, 2.910043456667911, 4.736616436922812, 4.515966920540008, 4.298806010749722, 8.610032616532182, 5.4540930969705945, 7.542240493906095, 10.85986478949018, 7.033176549588325, 5.234704492624452, 7.149548880257521, 2.698678368091344, 4.40506250200635, 3.927084520983573, 5.294078161531702, 1.6161430415525442, 8.76510342485285, 4.8149458774712475, 3.7539734813173933, 5.3067957202623175, 0.9257786934044908, 10.27284892327399, 5.402458165669275, 4.2741107708465815, 8.189111392637066, 4.892908059891292, 6.983233338697802, 2.3327196833378006, 6.031994367931953, 5.1475554910047325, 8.21753437029741, 6.744427846818341, 3.621446217397543, 8.932927824956144, 3.018614963167845, 4.031732429693936, 4.506680643273503, 3.48781199576723, 6.7895558285943, 9.2462363831912, 3.1578944991184446, 8.417568693368315, 3.1539041929338487, 1.6792120925535285, 0.10629301116125302, 3.340249230208318, 3.7216238224828246, 4.873717479131572, 3.7909140139507103, 4.8056554993631515, 2.2493203466462175, 5.530852644229228, 4.062333352998938, 3.1306647383693473, 5.1952153645180275, 6.580531884954232]}, {"header": {"parameterCategory": 2, "parameterNumber": 3, "lo1": 6.000198445256149, "la1": 58.999992894266676, "dx": 0.5, "dy": 0.25, "nx": 22, "ny": 24, "refTime": "2024-02-28T09:00:00.000Z"}, "data": [5.747372821731669, 5.096203132904578, 4.861270709468036, 3.9564475935167445, 4.003622355831016, 4.0163232296690285, 5.0288972643677035, 3.6683353226157713, 3.3558263224328457, 3.632281325742072, 4.596919738138256, 8.433947712063691, 2.722113047934636, 5.793992040529019, 4.144781436203554, 8.077071244477636, 5.862996705979563, 2.9204687511102514, 4.276869258389993, 12.035514799923277, 10.74800251714918, -0.2759594349276762, -1.8735683086437975, 3.7896140807056655, 4.810072932747778, 1.1919371214940218, 5.437184213121425, 3.616151012151474, -1.2597170742725692, 8.776115540121193, 2.849430301854347, -1.16533300120196, 8.742856051721702, 5.899400017185473, 3.5219370727469315, 4.914966474027262, 0.381077551879422, 3.8346786512475637, 8.048214947234763, 8.756503413168353, 2.5902780851989786, 3.838081780102329, 1.1158035121665675, 4.290339738795759, 8.684490587505934, 7.1796870916726405, 0.2690299677504546, 5.015612508231992, 6.622968893516255, -2.7249996414356707, 3.8662506533480685, 2.210367498939877, 4.326530756894731, 6.060207274550584, 5.38487902141068, 5.633412711665022, 8.34229132494046, 5.3027294918298535, 4.843818438650516, 6.326983034045062, 3.7916374746158383, 6.078169883461036, 1.6513531636924488, 1.552823012237835, 2.7859836045940263, 8.098178247147406, 1.3189423422058093, 9.21436185773644, 6.426667243853523, 7.603619642695399, 6.228739806536913, 4.6615383473499055, 7.170140865516275, -1.03563397826086, 4.929484139153729, 0.8786988766359747, -2.8201052533184803, -5.155271832297339, -1.3957845336831307, 4.712993144662869, 6.3106401972056325, 7.361322618769891, 2.827380551030524, 5.504704007681848, 3.2490350787237308, 5.781015500068273, 9.689700701155028, 4.473130102112911, 6.142556422456148, 0.9021854906822896, 5.392244090971851, 7.6984654566094015, -3.3814549271050804, 6.2324010708589395, 10.096316657121411, 7.596822885729569, -0.5515622898737637, 3.769670747750431, 10.502247908279482, 11.143057465083942, 8.004748946167327, -2.285352058371437, 6.739842391950869, 0.05784901294057948, 7.437679425430632, 4.49572129321928, 8.092471224315362, 2.110308134076677, 5.029182221346739, 6.656793027642249, 6.984111929235539, 4.775681133183197, -3.879500654278076, 2.4510950442730137, 4.857538047326083, 4.892078490106168, 9.408396810356146, 6.023155903145558, 8.342292810980597, 7.879518078254114, 7.685151145555973, 7.358689065955064, 8.18730719795868, -3.6702291535390827, 7.249006536748095, -3.792238345977359, -2.9057611966549564, 1.9223425242029164, -0.21289627004497194, 2.632650699521787, 3.8153061231557985, 1.6044895996662563, 6.932188618256568, 4.070236271093236, 4.5131121910071395, 3.1884765441520884, 8.54464512423266, -2.207001446559403, 3.3871111534124423, 2.9332381744608798, 2.932316260923437, 2.088998390172036, 1.7763721354868363, 9.043054399865277, 2.286450183814864, 2.3073751827484807, 3.136054048054771, 3.077577238563058, 8.482944723562314, 3.780861728654543, -3.379660245718198, 2.3111333277548196, 0.36099111047736776, 5.279162787486594, 2.0328724582699924, 1.2678844743986326, 4.665889959938742, 5.741406347935662, -0.6532473116287828, 9.211661939803635, -2.9520662195133567, 8.740863071430836, 3.7727172869024113, 8.295543896639497, 3.244067749654302, 4.3720308978738744, 3.8168770261545113, 10.547865496704052, 3.844964606496836, 6.064692144112561, 8.85231348473239, 4.007962336785643, -1.900423269695904, 6.502911621535208, 5.423221912053059, 1.8921348254150352, 7.255835236865738, 3.727349064403394, 10.125020927227567, 1.106476807688955, 2.1813204732987033, 5.032880120982071, 3.2866832966347164, 9.217565752487397, 4.0815305770917645, 6.223880255242469, 2.230745196930189, 2.985732545613987, 4.801533468531321, 5.98990861234218, 7.731744079918044, 4.356378193997162, 3.710770727282394, 9.11391169391582, 2.0391115288947, 3.09447549620491, 7.4147931965346325, 4.915683339371116, 5.211113712191453, 3.572255067899209, -1.603575991308574, 6.5286104736860375, 7.234567081294611, 7.616380089805043, 8.309946021476849, 0.9835031626226729, 0.17503116188764675, -6.122310009630728, 9.805080341711225, 6.769406182927418, 5.449374052841176, 8.199225065782112, 5.346397957045238, -1.18223426220797, 9.188210854704414, 4.046805148411359, 1.5870053957112287, 7.646618809721201, 5.143727628166913, 2.6358975589179523, -1.777384146166146, 2.815311935452615, 8.909217688275845, 4.5576657804122425, 4.108877539429174, 4.727206179521903, -4.145049665480408, 4.048735906779377, 4.666526733225188, -2.5786344362381466, 4.706539289887047, 2.934731066953303, 9.65974117774296, 2.970062557848205, 3.23630157816192, 5.863154905355061, 4.641768377376733, 1.335784938953722, 8.056141760583493, 4.311677931183785, 9.141965340728705, 7.414450954522641, 5.52792942679449, 10.452572559339483, 7.89545725313943, 4.855572215963014, -4.041026331713617, 7.153573019682004, 7.845403577002115, 0.49907737667913554, 3.593944970864546, 11.08112734502892, 5.184450609259677, 5.135908175435114, 4.3667056229349415, 2.712583414720903, 10.654553307876675, 3.8673685154518327, 6.151225679186815, -0.03228240596389965, 4.74993985218582, 3.3446005110896078, 4.720353828822203, 5.286497653893425, 1.4193927117254244, -3.8684325035328526, 3.1436914717128093, 3.460798166577038, -0.7571976152979312, 12.238003719880425, 3.2944060062173346, 7.328892080496022, 9.068199888760304, 4.637309220541627, 1.9367940841788285, 6.942429412231943, 4.811301534055769, 8.116964397239695, 6.209104417258305, 5.993737664687537, 10.182765874615194, 1.9011800790565996, 6.77345245732926, 4.2759385746007865, -4.090889533876467, 6.820925608684517, 7.25681146684877, 5.618359774033785, 4.2444441748282244, 9.305432618022646, 6.263785993769917, 6.591868502359468, 4.357485564006726, 4.398319757026514, 6.176550006240636, 2.920263243107431, 5.553818472440659, 1.6213736853512422, 5.357944875379996, 7.068235639292691, 11.179371917195084, -3.3814706141899595, 2.658561470535474, 7.174380866017405, 3.0340511338630343, 9.829187520276646, 5.181595251848928, -2.2488083335766675, -1.9653100584505165, 4.0783593932721, 5.525395128410293, -1.6171501398041648, 7.193488712914807, 2.8054727927567438, 9.139640434097679, 6.712864186336603, -3.0046095899161958, -0.9035080739794961, 6.996039910182979, 4.60352393259343, 5.235606291726941, 3.771279776833473, 4.442615993129974, 3.3132769881058084, 5.679103726253476, -4.142473553832717, 5.116846436234336, 2.2696478633335397, 2.884139570001756, -4.10910323850055, 8.18794314048964, 5.648893021141011, 5.804186462791957, 3.3654083920924345, 6.4812913209833205, -0.2815274028162851, 3.5367622009050423, 2.7825245191138652, 6.168357972905273, 7.032319751008887, 5.591834935879439, 4.4472254563362075, 9.983722076072688, 2.944172004465463, 6.560803776465564, -2.100240571027532, 2.2315616449230413, 8.661414565814269, -1.5640195530811518, 4.978325884582223, 3.3363015942882, 1.4279232908854536, 6.020468792527659, 1.2531865422641797, 4.034321897458027, 2.021994689016722, 3.4702652916821926, 4.576677951360909, 8.456630063149618, 6.861753808215599, 4.955784580248886, 0.3840467041392056, 3.4507848393762774, 3.53052170894674, -4.271827255118117, -1.6920880694027265, -4.169397292770232, 4.174427601361879, -1.3578573033423096, 4.459084787018704, 6.167744657906074, 2.400612326998265, 5.155742411698179, 5.436512063641248, 5.120325234645401, 1.4688249317959738, 2.540551899463595, -0.44701946603890413, 9.4658535159151, -2.520569462279161, 5.2660937544608455, 9.286563805753126, 8.399381405212068, 5.015364193786769, 2.599228411496978, 5.566455200093883, 3.107205208091085, 3.3507780897508868, 4.122872042102636, 5.435501327162669, 9.644667164544286, 9.307990187612077, 0.6463080346008893, 7.983832109143118, 4.725106357374379, 1.5692672116332416, -3.664619166172981, 6.026234680973172, -1.3468319222998453, 4.246804412182766, 5.16224571323733, 5.781291521494133, 3.719201532485856, -0.16034509694645785, 5.32568635597004, 10.929431388488707, 3.9630051441252965, 4.815101034502843, 7.153934672929461, 2.397258647760742, 5.779364691599728, 6.696847848796827, 2.844020926258189, 8.55626626673978, 8.715464835633838, -1.9245662370249907, 8.368778230048044, 3.1214053394108263, 6.158814647807815, 3.2766006201075717, 4.038564988925163, 5.600422463841332, 4.015953270575593, 8.373601330822607, 8.868470659537948, 0.3687444590276263, -4.471130352358706, -6.2846476665042985, -1.7851546235374278, 3.1813559039862653, 6.874741939806281, 4.9120583796975446, 3.265816132805476, 8.190404537392942, 3.1687206611819767, 7.867752677018862, -2.8978268846421984, 4.274075403178341, 4.037083974840188, 5.488832330576523, 6.47359110916223, 9.368624111140978, 2.6165767978366943, -4.340274301425318, 2.9990332669437763, 8.639945231106509, 8.65287318017388, 3.2051628335230227, 5.66298839978915, 4.093223372727534, 5.514215602781475, 6.645378024552483, 3.915699080947287, 11.497087353599976, 6.944556954071863, 4.6406190251511825, 7.17315060081785, 1.3627197823526813, 6.560679437417979, 6.461632051867036, -3.4654347220794657, 6.827175584331273, 8.270531476915886, -2.7416199339358562, 6.985946469694088, 5.48609060386652, -1.4138611132959362, 5.242913407084424, 3.147285723927505, -1.1514684882445156, 10.69467520018554, 3.1433147065069216, 7.988272569109541, 5.292235319805372, 2.283832835281235, 1.7182711820331709, 9.761417994777833, 4.977838286970279, 2.5430365639437347, 2.3318728823712096, 6.2622395066753445, 5.561788141089867, 3.906182631153224, -3.9605818605788614, 4.777443285068797, 4.944424233423032, 11.770160393056765, 0.12706675081698673, 4.749072619784852, 8.77491187166635, 2.908151001866515, 3.4903486977854974, 0.9619220767247714, 5.560959453888852, 0.9435243675106899, 6.488420056546192, 4.667733495472467, 2.8592650364429066, 4.073999850009801, 2.6811270826219142, 6.0877225306089775, 5.0622151660291035, 3.31817674351602, 3.940847349862149, 9.449916962232207, 5.441938551484218, 2.843616557065287, 9.23047543941572, 2.5997213844008704, 6.435028844883273, 3.8493848518992717, 6.687734369522537, 7.766559641560204, 3.377448987139557, 4.831129027724101, -1.077802039774058, -0.629762095217566, 5.1350136554338155, 11.058517410140231, 10.715835491102355, 1.5659905936188718, 6.076358825739956, -0.9927657871848663, 8.58058421184714, 5.509041210877229, -3.527773238617617, 4.925029281661843, 4.8165670603707005]}]