script/wind50m.json
[{"header": {"parameterCategory": 2, "parameterNumber": 2, "lo1": 6.000198445256149, "la1": 58.999992894266676, "dx": 0.5, "dy": 0.25, "nx": 22, "ny": 24, "refTime": "2024-01-22T13:00:00.000Z"}, "data": [3.725407977114676, 7.845046145177375, 4.6624701488020825, 8.863048835438498, 12.630487458838104, 11.725887179121335, 10.315051279455593, 11.943869090174243, 18.195813648936976, 9.30938623287786, 7.081062269791589, 12.852780086571826, 7.228949217557542, 12.316598196290467, 8.420837840928204, 11.49545723891781, 13.23469871575054, 16.620758521832116, 20.045710153390463, 18.962809887886845, 20.31923180531655, 12.357513868470726, 3.7700670304833492, 5.343661099931137, 7.309027645232206, 11.621578974840272, 12.172487994052382, 15.839156906476733, 13.082385040739359, 13.334433723547406, 12.721340622534282, 8.436620269596192, 19.17813915152095, 10.10052441206423, 8.340651493615425, 12.46166234791808, 7.298225716308442, 11.542847291640358, 17.372922497100948, 20.96562400713209, 7.753724914662951, 9.510127379998357, 7.457161367537439, 20.26546674999943, 5.055983896617734, 5.497579542836031, 7.666035069583272, 11.249199603422296, 13.791080754779355, 8.718998119449342, 16.763521898103157, 11.730100406757732, 18.228012664411462, 18.258576048441455, 9.6928934863085, 9.473708905279448, 17.27298617106701, 11.314731367894023, 6.733861085874698, 9.356648539570195, 15.360755122782072, 9.542909652702994, 9.37066740122237, 15.14954019323914, 20.070350335018816, 14.70033643578122, 5.55265431125981, 5.917149210607711, 8.065844066391566, 11.325190355843915, 6.994983626034088, 9.913016197349146, 12.994712948908173, 9.555406418947909, 9.283535244919973, 13.168413363510844, 13.510438570384501, 17.484523067866384, 13.71076578337216, 9.567289064144262, 13.719196081090042, 8.901588098831416, 20.069809684725247, 9.504571817634, 15.701775304752935, 18.912951028186328, 19.62583037195429, 12.29707875862786, 4.173105648326507, 4.67807641317259, 7.78764797832414, 5.4849166854337925, 10.578927819214364, 10.662328559488579, 14.983257700548062, 18.281364755639824, 18.266945073406742, 13.58578101683223, 14.48010755749064, 13.72792974004361, 12.748510790078727, 9.412313602014583, 14.09424632125553, 7.089112053878896, 20.867376007782333, 9.315970098141875, 20.890411449482656, 4.81438831037084, 15.335613183249714, 19.716526506477976, 4.648228062082662, 10.823002721911443, 6.989503642954052, 8.187557438932291, 5.89131163834488, 14.918117082946287, 16.429872344763513, 11.948942414679617, 11.499059828882627, 6.826403873036019, 9.34472071179236, 6.257088978396022, 7.3493983329062536, 19.7234808477786, 14.657962206126415, 6.835865046725335, 9.024809682454979, 17.583713197961448, 7.733834783837361, 14.009696423060152, 18.506065963287845, 15.286307860104811, 4.872388726359594, 6.491854016958124, 5.475834910215042, 9.454003590566225, 12.475993620542194, 9.676505448337684, 9.979585943255522, 11.948543341339725, 18.41796097803504, 18.517326439819403, 13.90920624389014, 18.96933338308832, 19.86073519114598, 11.44892347101051, 13.56568353661113, 9.089150647731339, 9.593171183420333, 17.549285550201876, 11.130731872262581, 21.357089003163647, 6.427044910111025, 12.390365530711845, 4.539526999372932, 7.422001261524376, 4.980047006389122, 6.519667059098517, 11.658048195575288, 10.59988586005681, 14.94671256907015, 18.198536222364094, 12.053946005938823, 11.625610398353182, 9.889833180962455, 11.732698211613975, 17.383654921033813, 13.047019852530244, 13.711357176721405, 9.91237667351404, 9.449195898286792, 20.5026844780431, 17.180547286445055, 7.328599605178301, 9.599578680347374, 11.451514904864004, 4.143785382121989, 5.427134834884118, 5.339487903021136, 6.284869024540233, 7.008686324284726, 12.533973872958397, 16.457897736104243, 10.858183336851672, 18.159082608658043, 13.959349241284908, 12.534023260471411, 8.938043906698654, 13.01349463914526, 12.531382446484686, 13.969751803189844, 9.037003012251747, 10.280492524293017, 20.55870983382099, 19.13573120785287, 12.571899026785022, 19.59682315928884, 13.685408853659544, 4.665343410283129, 10.289845758369845, 5.318388183162085, 8.169415376606606, 8.15141413072958, 15.794619242964712, 10.94918529586427, 12.016547329368363, 13.502497160597091, 13.465830219322148, 17.818662873106334, 6.459996970340334, 7.101632816542382, 11.445036871246266, 6.8447057361545225, 7.231266803345953, 10.719550140096139, 8.922418390327062, 20.164153003496594, 21.169780030269987, 9.386760887142573, 11.622648254310976, 3.685663663196065, 10.814591084773701, 9.450016374544026, 7.0583909124729685, 8.245856176107457, 8.710490694120855, 12.979791222646016, 11.780936054565977, 18.30287332866111, 13.108586938577677, 10.76518366233344, 19.482159814837683, 9.95497486767993, 9.128903302779694, 8.388981572934865, 5.727483868780448, 8.933543659746903, 11.493907262140576, 8.354880672360705, 20.003104163063647, 21.15498378030077, 20.095269537159695, 4.808289208954471, 4.963845989588698, 7.961411277288181, 11.156676478858396, 10.837634912086132, 8.33453463840652, 17.74095150924007, 15.888180048906401, 12.78768544016062, 10.097531277762771, 13.405308801614002, 9.643891433702954, 18.665763433497347, 9.72307462509491, 9.609584818309674, 11.390231285866287, 15.807308317672543, 9.091385073035104, 11.873301917542102, 12.048397687249413, 3.944925431991005, 11.873429902814411, 4.862982676269928, 4.866502083558755, 7.161111559916195, 10.952694950859444, 13.34457139132974, 12.481957989224995, 10.526316133079668, 18.587365973068962, 13.951656981552164, 13.320065464113345, 17.40368062222223, 6.34610841577926, 14.141725280611041, 19.477367646633347, 9.718825344636922, 11.662826222755761, 11.970639315005082, 19.462691618087792, 19.09797439195261, 20.429336051012434, 9.853234504584188, 19.846764483311393, 4.413956548877346, 6.380527918985051, 6.951882871619539, 11.170313443641966, 13.94819718775379, 16.060945666264832, 13.80674068003012, 11.682174945434138, 11.201176159604056, 13.561672162845241, 10.87738564489659, 19.57471122812286, 9.725534487986891, 16.70038931506434, 10.249094569565987, 6.941844558895474, 13.584353065100917, 20.327463973620123, 20.25255018410151, 18.9910950457568, 19.80435868696695, 11.751590174218492, 4.255965994669166, 7.871001137184158, 10.362888403249876, 7.584828294717498, 9.10415225466129, 10.35115841591981, 17.995524535965743, 18.4465416087296, 14.096629691118588, 6.8612308798113935, 12.95444333102013, 12.048148885350024, 7.242115635618415, 13.35857096424303, 10.168885344350095, 6.2994900002588885, 15.499644452501576, 10.328729727354332, 8.986937527640405, 10.210187517486585, 6.676883184733333, 12.251273993528724, 3.7941519861126705, 9.118936995621922, 10.742762277386399, 8.626635230666468, 8.063546105597853, 7.476705319624813, 9.594661986179453, 11.231971931127859, 11.400159031066828, 18.546058889718847, 14.239806206413261, 10.066331271716258, 19.693011066059785, 13.218738247782785, 8.220250181883086, 11.298922947926355, 20.68343843145589, 9.899859164495348, 8.473959673064018, 21.04558293995737, 19.89279003953111, 16.74867805137734, 4.310022489580506, 10.902076635423436, 10.771817232794149, 8.770502235527736, 12.844408576662142, 13.487082335499931, 13.555990800405887, 13.970057355747766, 11.490491185323917, 9.3862563366717, 8.223821468079466, 6.641168994877309, 13.964614253609911, 13.91057698444372, 7.300559942557494, 14.199396964075873, 9.95587695509692, 10.25488917851429, 17.219694857794654, 20.047524954255454, 4.23994605608376, 12.021019739273832, 4.162512743250244, 10.638836682220393, 11.281673662114004, 7.477921993103998, 12.164439373190824, 9.58484770732444, 16.658508654355185, 11.829577605940937, 13.867348149704931, 12.830674067111174, 17.75364613033867, 19.48915611020945, 12.664557645749733, 11.456615108498276, 6.486642626995349, 14.181165083256321, 20.776585769933625, 6.582204790953406, 20.729916849665674, 10.253639612533282, 17.95944619158523, 15.593297589661214, 4.85008420711992, 4.053535711914812, 5.7947683896828766, 5.960394172895829, 6.793016216265065, 7.561159632171814, 12.938437439833043, 13.620755275018217, 11.965253108413794, 13.075572705189916, 14.270910764707578, 9.023574249571926, 8.380533889053646, 7.835033186382773, 20.3668402826919, 14.914898777280374, 9.388890200586337, 17.458280634691928, 8.829245154680107, 15.833536011947423, 18.727493150861864, 14.745546971955227, 5.110319476422356, 5.71711330211321, 5.403764548983923, 11.31106721113562, 8.893770449355804, 12.458922678552058, 13.005771298917349, 18.465366650085603, 11.893963272155524, 8.223204341962722, 8.406874011396265, 5.524054654322903, 6.527868735133218, 9.910248509702111, 19.932210120403223, 15.62845986456684, 9.737107087274865, 20.11926800731472, 8.83101722559418, 18.879789991954656, 10.234251683953923, 18.700853337432864, 4.3712126153228805, 5.626338419316672, 4.684969089993307, 11.345823763205168, 7.950557785109173, 13.060773706827781, 18.01295007784043, 11.118352924315733, 15.837102163822456, 18.460676847954623, 17.703019620927048, 18.65342427888658, 19.570751146592062, 19.800994514148066, 14.466375386830423, 13.876400716655263, 8.249522124591332, 8.35743044148904, 19.57286669518226, 11.742831227842883, 20.769075123702546, 12.524200018478215, 4.257176348781374, 5.546297779273368, 6.236651874572257, 11.75198385556068, 10.783830514402792, 10.135763714515281, 8.885274275530197, 15.623701487104123, 13.613685103249571, 8.11658226128522, 13.385180759546424, 11.943322651413702, 13.840588524801616, 19.522029490231102, 15.021675127210258, 15.780227652961402, 15.046297254543093, 8.201985448993431, 20.720706054649522, 11.171010224323044, 19.76229354916624, 16.408643626272248, 3.9771459063501777, 5.755735019198132, 5.080051329684481, 9.370260132653065, 13.447536157357797, 9.990919181619502, 13.84598021272373, 13.114825721797535, 13.823118347098482, 18.46238175761517, 8.721174100328142, 10.448343713611084, 13.07400591014015, 11.308774606192076, 14.623085522680334, 14.378993535930663, 11.611221212542794, 11.153707915916469, 8.906916906946366, 20.181092273451117, 12.540122188073909, 13.040803933367648, 5.429275556189578, 6.325607573493695, 7.237858549312287, 8.505916287941245, 8.478853124528982, 12.75561360148043, 10.851552187496491, 12.555524440344142, 11.12082531643118, 9.562058391638372, 13.88984802102608, 6.46615850995329, 9.374655812318048, 13.889835458739679, 14.036399999375178, 18.578225804120276, 13.06600623841889, 17.315592848989457, 8.927382050832708, 9.389471044153293, 19.11850387754797, 11.389740163860541]}, {"header": {"parameterCategory": 2, "parameterNumber": 3, "lo1": 6.000198445256149, "la1": 58.999992894266676, "dx": 0.5, "dy": 0.25, "nx": 22, "ny": 24, "refTime": "2024-01-22T13:00:00.000Z"}, "data": [7.009461575748045, 9.478230883055586, 7.685701111734334, 0.3692960844104124, 1.398605079057735, 3.4882427746814235, 12.813157672054286, 16.183510639802588, 6.098729876060246, 4.692550900520779, 6.314238217742449, 4.373459032388501, 4.919582046320157, 5.681199141410179, 7.213608265767107, 10.48574345562832, 7.726418124124272, 8.824927564255855, 4.233484005151467, 5.962798088287067, 11.414259812328439, 6.813927001614553, 7.129485692579122, 8.465266262385445, 8.057469460035332, 2.711118264475403, 3.8115640623913873, 7.364837656307619, 3.6035755316663964, 4.577967803114895, 7.791817858016795, 7.568230800731431, 4.915491882446302, 6.153691885075496, 9.911598823372566, 4.920464872227447, 7.2281259830184, 10.153648201574589, 5.324281148731114, 4.642580125721162, 8.732499431819157, 9.70716797764124, 8.0212521586765, 14.678554997880713, 8.560250498032925, 11.05608488843274, 8.597201542093956, 3.441097575459412, 4.404417954915975, 15.132521129139965, 6.839766425970423, 16.030085348013934, 5.43152604336995, 5.403896885658586, 6.235725948658361, 8.180253221859132, 5.873155503398652, 11.310852705404963, 11.832215775933744, 6.970845169943375, 6.1703811472627415, 8.0632386023033, 8.745502506578823, 11.614027450189326, 11.78153851026548, 8.822077868955564, 9.24867594597184, 8.99680660718287, 9.025735774190652, 3.633070010168292, 14.656669621083283, 12.915575704245954, 4.934944908460708, 12.188963158232891, 11.67663126349994, 12.115146615705605, 13.724899326013299, 5.468787551045069, 6.081030970597845, 6.575676591254792, 4.806801913353332, 7.006485285165977, 4.693333374698069, 7.915507466172983, 11.500094188797917, 6.180110843554834, 4.269990754817011, 8.289777578365667, 7.996604201144139, 8.797146967116491, 9.54157086201037, 8.373467935469579, 12.873754757975377, 8.989869370809615, 4.601385202116288, 6.005925443762243, 4.942843160786295, 6.140153592878776, 6.185736646597976, 8.95833725979989, 9.789490360374431, 10.944457840956165, 5.6145207911289035, 7.187029326006302, 3.9564460104284422, 7.3546408190787345, 8.388382031628321, 8.924989625070719, 10.579533541505135, 14.851216589656875, 7.12203791694355, 5.505950469345812, 9.283854581244308, 14.109472778552727, 7.025769381221334, 3.506510488596434, 6.954921294551621, 16.170657078673635, 12.463301109433816, 6.525941046615707, 10.584430136163903, 4.943736050175055, 5.796099988829458, 5.000980152547712, 5.53070519158418, 7.404820274795638, 8.55958085279019, 8.093465827849371, 9.63975715633437, 10.219979389499692, 7.77606881537035, 11.19628858136211, 8.5209465578711, 11.26189810648941, 7.696137345920401, 10.431984353260157, 1.5537774909094053, 15.942998633811305, 12.077595052395253, 4.671818000415974, 4.846420144913915, 5.8613872605740305, 14.984468905242798, 5.662445632485826, 6.099537392760729, 4.772171924754249, 5.976393648869757, 10.25602448597346, 7.288720265382472, 7.94283926112579, 8.737426915293188, 10.120181489402086, 8.890585149545894, 7.0153854204303645, 7.580012462906625, 10.402715200638292, 6.799665996980993, 8.826009017219944, 3.846767898537089, 12.862594945782163, 4.520031964111324, 6.054346669527164, 12.444917664442618, 6.068543161486024, 6.337361297421947, 4.876544476708723, 5.79584447527314, 4.325928397642966, 5.958253321979786, 7.515812188816548, 7.357799852133539, 4.086029245338859, 10.060657160504883, 9.393420841896651, 9.065833365810983, 4.088874635060844, 8.099983647505752, 9.999927538901158, 7.42900808638298, 7.7437807409796475, 11.569027960412233, 4.751794917935008, 6.930643183599615, 12.093206793446885, 4.787459659116026, 16.39713870829569, 12.428729831388852, 5.830332737291754, 10.436781546279319, 5.302410187377216, 7.140101080729329, 6.997379193253388, 7.573953897256029, 4.383836284511285, 10.615813006050567, 9.974294205539657, 5.601013229741239, 7.84884371890884, 8.522112311688176, 3.859061950223855, 4.70737721467267, 4.27900405730832, 14.196527825949767, 7.335704722759568, 12.302072168598688, 5.591033470617105, 15.047392100949281, 4.5448642916137905, 5.000092545782134, 5.772134338166816, 5.746772583406573, 11.23259252272299, 6.655690970862554, 7.197733420756751, 7.280490632450556, 7.702744998285396, 4.100172392259951, 11.289787850103243, 7.594624086161529, 4.157652048593865, 7.664280705470894, 5.192079097553946, 4.197537574103822, 2.132656252784727, 9.235923336570298, 16.659075724596764, 3.5580549919269293, 14.914728695009243, 4.811938149059924, 12.123563269437778, 7.11538381294156, 5.249182418756013, 9.63335483328082, 6.593941111831011, 6.310088628314051, 8.970450788502875, 8.597423769859605, 7.884319766463475, 8.41951229221113, 4.40674543982053, 11.967887808558324, 14.488181146656503, 7.668590715800974, 6.6672664866940305, 4.06607924905955, 1.696749836341662, 0.7079571309348247, 9.626399616055197, 6.511524839579132, 4.639955639723846, 15.175532397608402, 4.630827848275748, 13.507005815736889, 6.139215487903557, 5.433631925127834, 11.640231030755727, 6.772377198632188, 10.57628486276485, 7.7776782521633, 7.444355727466804, 10.441099345447373, 8.712164940301653, 9.669103130768422, 6.051187411960856, 7.681612702448902, 7.569724047795615, 2.030334177670944, 3.1507716301732285, 3.8494119661221515, 3.591583127880488, 11.893777515692324, 6.587015748078254, 3.9111337150068564, 13.323552494994678, 5.0246866676822455, 5.595597949412283, 5.238041681413916, 5.271295117475907, 6.347517812395518, 9.731719899486965, 6.839985921656929, 6.8195060645159975, 10.528151203888473, 10.935798462945744, 9.056191952205713, 14.38428595101263, 8.021535293624865, 7.539292535202571, 3.1167260934177463, 3.650813544812595, 4.535542176628407, 7.304366684868191, 4.589609779257118, 4.98135701912822, 14.619251284691266, 5.997971604205315, 7.081082146617138, 5.153172144582265, 4.685861078795554, 5.312446281215801, 5.412833919777432, 7.166291874138613, 7.473331765653291, 5.102575129382874, 4.859055070394195, 6.129426005558582, 10.8294676137036, 5.352916612763924, 8.42221516980234, 7.638890159461326, 1.7663938878265932, 13.265425395772427, 15.203186809229594, 15.611806950954993, 6.409412429023608, 5.8946300368342515, 4.068809834410446, 6.546705287662832, 12.790490652943967, 4.627042621356271, 6.369341666009655, 5.63488932549666, 5.5425167025831215, 9.087666320557181, 4.996753846644492, 10.61413942867307, 8.668536824344077, 8.035164352161607, 8.1938683106625, 10.274538500209134, 7.461415175521151, 8.758852830035387, 1.3126373068476256, 9.46037089091222, 9.62894714904742, 8.981288441018197, 7.758607707341247, 12.200367799423093, 13.911051332377632, 5.863082177661822, 6.290495094245135, 6.171004457281019, 5.78984108126705, 5.183705142012377, 5.856282112627387, 10.3197940744528, 4.20110798040079, 8.031742870234613, 8.76450074088971, 11.040220919643492, 13.063035708471418, 11.48146556047688, 7.0397032559691155, 4.306918896303676, 2.5520567836376298, 8.381476837084076, 0.9621707366778238, 3.239737624007679, 6.886651519077479, 4.982881422761426, 5.101073122436902, 5.697390158450591, 6.4112548126087345, 5.935971768761738, 5.206853088421107, 6.411543457472671, 13.081405028684431, 7.948398705977131, 11.10609772043143, 9.997959605948989, 10.16406643239596, 4.743564003374548, 8.198578828086543, 10.679804258189368, 7.263036950830885, 6.155493192542281, 3.6880310241337315, 4.233521898045378, 3.874103811436767, 16.437739977656275, 6.917869698725722, 13.547614060611288, 13.615747182134456, 14.650406525855722, 5.769084462022374, 5.140178871953336, 4.474188344194484, 11.303714007312788, 10.271775292574512, 6.602660889129323, 4.210787871706963, 8.546693158757884, 5.571455925122672, 10.139408104385343, 12.632566483508464, 9.640414190010699, 7.617081380162545, 7.35805913537181, 8.711082781767944, 3.3036137888697725, 11.18770814951053, 9.682025367429794, 4.888291363135959, 4.599689041719854, 4.7454529371697065, 6.107687085587895, 5.619262918695199, 6.597307698035377, 6.451836397226247, 6.9635297573988195, 4.929878625871217, 6.492749109977717, 7.299243609919907, 9.392582161052001, 8.569428238925449, 11.03647440321214, 7.6827891896044935, 10.354738490321262, 8.538058710315555, 7.020589986549226, 8.929366523930724, 2.0914785071048945, 14.687168877902547, 3.670674969041813, 3.6389216083544675, 5.765051229634571, 13.151649952746956, 7.259749032147398, 6.477498718337742, 5.596587303585749, 5.097163076005262, 11.938673623317035, 5.236229628830133, 7.156093489213369, 7.078223671766483, 3.6921992658599274, 8.761697531771057, 5.877005956261991, 8.911974180965792, 14.230711309804642, 7.149291143156837, 7.803365215431475, 9.692849354299272, 3.5324964112417767, 8.927631591347007, 3.478506558551988, 6.371971140170108, 12.10869151409111, 5.010555702385023, 6.042549792138267, 6.226452220529677, 6.0815362616542705, 5.711893505943057, 5.787390239227916, 5.674872555838061, 6.790290193989798, 7.46859595335293, 8.041794867531765, 10.575025937305112, 9.558915211020677, 11.973439248312621, 8.385164472668416, 8.351589421964498, 8.08501361696784, 9.654822567472552, 4.268185135378236, 3.1524396352882724, 14.740918908804241, 10.436501289148689, 5.004739623039634, 15.391437645625109, 7.590121976386865, 4.841591876390151, 4.457962385465107, 5.472919144017309, 5.3017437069318545, 5.677622551615246, 6.91813905024852, 7.565726305938254, 7.5809060400568775, 5.942672551091587, 9.442436004660529, 4.336089059391336, 12.989116619135807, 6.8435438502305, 7.570958866306559, 7.283973592667725, 10.247993582976623, 4.8898837631106, 11.024993425204023, 7.129435447937798, 13.703652591801099, 3.897245511573144, 5.99293371051573, 8.127812135656702, 7.028225413728207, 4.911233290071348, 4.73694592210827, 5.534567581737555, 5.572236552684326, 6.157700028375899, 7.374522631055212, 8.584806879905564, 7.669355644259125, 8.523389211430212, 14.058859161666843, 8.979318116026398, 7.479110846712237, 4.475596806543456, 8.422147651612754, 15.151781261979403, 4.067392976190731, 16.543470665938784, 4.595388716855962, 14.487182642865857, 5.693696528270665, 16.281564498651125, 5.495243999339639, 6.107052641320813, 6.520071530317906, 5.59628169795935, 4.317473411366113, 7.485745190954543, 8.336700275602814, 9.235716617947725, 9.43988326915958, 6.748893670269917, 5.771569496943773]}]