script/wind100m.json
{"header": {"parameterCategory": 2, "parameterNumber": 3, "lo1": 3.000054539987559, "la1": 64.9999836372058, "dx": 0.5, "dy": 0.25, "nx": 34, "ny": 52, "refTime": "2026-03-01T17:00:00.000Z"}, "data":
[rows 0 to 24 of 52, columns 0 to 33 of 34]
6.754160978446481,6.154506427616888,5.2036943031557605,5.689351666068941,6.358224049932466,5.184199704895922,3.841689888457518,4.365211057897445,4.187451738619752,5.8725790161986,5.226532339999119,4.423671612699294,3.9504541876921184,3.340831962184806,2.6830053792595216,2.4105807043590635,5.007816286738801,4.389182201402721,2.666974540655342,3.0705545825928446,-0.11007585260548446,0.042757810449763,-1.0013810671895784,-4.208785152826551,-2.36585446811337,1.070298747961191,-3.4204202835905337,-5.4312158180243815,-3.370369628573067,-4.042265393310583,-3.8787853027823105,-4.2691889312359725,-3.424365158838236,-2.985972174865646
6.7519523512691855,4.491651215223991,5.392387195110627,5.513221405873238,6.463726094510364,4.680797052713206,3.922638422298372,3.927202508007652,5.090607888469298,4.6003748587747895,4.629033554867694,4.428525740190375,3.695419744804206,3.5839595406312608,2.766915857868801,1.5458085883129697,4.890755766048414,3.7126874017116887,2.369966523864901,1.488458746366004,0.01725278711823949,-0.34755500329190014,-0.23761772247587587,-3.886671474089832,-2.4101703608179688,-3.135590788630167,-2.6207068440008396,-1.856190354381771,-3.7748658573185754,-6.217425710865092,-3.9937969751876743,-3.919324525609572,-3.3644083360261954,-4.685866424570634
7.306057540519045,5.863268381610902,4.489550292130632,4.678354070910284,5.95857614025754,5.089438851931235,4.2376255985167415,6.122812463491591,3.945432117085499,3.371673915115685,3.756904781136615,4.2243580703354615,4.1143055413781395,3.4552939649688925,1.7251492232088377,1.5979642645898244,4.016201967011238,3.1441024321066853,-1.2007028495214764,1.7742760463469027,0.28694453296813377,-0.5127094685844718,-0.6015665876474513,-4.2400952790565505,-4.051148131872711,-0.9100348265127103,-2.1003917980613225,-4.025194633452805,-4.742016833761722,-5.80366279878482,-5.079030804480371,-4.5502581087548055,-4.872269557287099,-5.354006378881411
7.572183787386912,5.061881616683552,6.44335678078876,6.72003106159593,4.4537757770838144,4.018415146246773,3.2027466468360943,3.575002148697022,2.263868732461941,1.9816927996991154,2.916912832106565,4.183563454045863,4.167928056676328,3.4724384517843787,2.1690018904104926,3.0382374772432663,1.7233309798741725,4.465582565544086,2.5749936393271002,1.1228125476992223,3.979520720904443,-0.7523257073727175,-2.8877021359563018,-2.9854778707579754,-1.7467558996160324,-1.3683675315718684,-3.3637552426499058,-2.9637888390299896,-4.836741974329834,-6.528421089955513,-4.257645616157117,-5.344102341070125,-6.301744519488244,-6.8345360437320295
8.01546765622041,7.824633384565561,7.024844711245271,5.948152542206313,4.0896444449469405,4.102305988571042,2.795905704207589,2.487688818684325,0.7623375782764702,1.3705556190384314,2.256880193522424,3.685754149110004,4.845928079377874,3.2760754157734735,3.5309458952647645,2.7853601205142597,1.5812392453280302,0.44493239448344535,-0.34350429653003794,2.235415731297257,1.4438300458023194,-2.6650357498234785,-0.9337156679164524,-2.0547745812734326,-0.30647492292273626,-2.4114977659743055,-3.4913723382591426,-4.404471816061869,-6.947022319681348,-4.245834319400704,-5.84045071652041,-6.9882680276941835,-6.6548105360704675,-8.166149521072137
8.560553089321278,8.066923391279028,7.192080846161472,6.074333039878558,4.961767784750951,4.476777440338801,3.9349516957433313,1.7697921838075994,0.14922092732501552,1.0999847762775075,2.145096272331763,2.7851530147455437,3.2395438013243587,3.684184368901646,0.8052589927809177,-1.0822364500490316,-2.523038419008407,-0.3780077400081601,2.8892206121939275,1.5763598579564997,-0.306736946186905,-1.4203982957783636,-2.2099003403509423,-1.6712760195615566,-1.2160012778495728,-1.1208961963668018,-2.6599378004850633,-4.8288620966968905,-2.216780197036418,-8.01611800823002,-7.500316880814579,-5.428776904097837,-4.455404803862319,-7.26358982336742
9.072014590138062,8.376074099760729,7.547996941831721,6.547509354150452,5.684014617403296,4.752128242729178,4.005065506338825,2.0674185231886737,-0.12131378847544397,0.8391188342457045,3.1892973491107623,2.593970832752995,0.44156174235968154,3.735241364073872,0.4210318823433572,-2.5864813079678446,0.9388775981870854,2.3711404471427655,1.500265863880258,1.9873588182408501,-0.07981184900170692,-0.8476830027723313,-2.512687775352204,-2.212028784669842,-3.6533718329084723,-3.143830728701475,-4.070496519128075,-3.001962971890004,-3.144395188462992,-4.368616920632315,-5.0437303591542495,-6.062554158590191,-7.286252585346812,-4.812411426114682
9.370544503656765,8.248583013833061,7.1148584437138425,6.303556691080328,6.291974709916394,5.582043101038547,5.142444670524011,3.1840637484344785,1.2750587301651863,0.3503516303064611,5.579411341620086,2.904697402043097,2.4816853170515816,1.8109022772187442,-0.3352055194626334,5.908043669182581,1.844812354996784,2.0090829746271393,0.9009108658547896,-0.9039420147946552,0.9975196750176986,0.10499682649470374,-2.373324282429974,-2.0703783652356305,-3.2034117432456957,-4.488659163656253,-4.58343739706642,-6.377630478013773,-5.105560068243633,-5.765455425636806,-7.655197152814349,-5.858995351718783,-6.060752829265622,-7.910945024187587
9.49748257776129,8.441836500271043,7.094523138141244,6.59016439939578,6.8529394382313225,5.424888766560679,4.044207471519618,3.9269167162814322,2.4990519925839982,1.5548941286955658,1.7845037369796908,0.06605345927598025,1.2011605577276554,0.6017172394613769,-0.6672454344842962,1.9382535768983231,5.15125337855179,5.0959178855777125,3.3656583268097156,1.120667565865911,0.16821754198721364,-1.0091622631108454,-1.4064971544648566,-4.279876431562008,-3.632836533533837,-4.600889544700382,-4.11739556264579,-3.7332416086186146,-3.82441404741695,-3.851029242528118,-6.623611260333451,-6.512683795886116,-7.780845134976834,-9.363382941550881
9.674713983529738,9.544103910871181,8.640676404091158,7.742257221676794,7.259015739069319,5.5686803655043535,3.4275407087102727,2.0523722119472527,1.4879401648669142,1.456358440069157,0.32205955778327344,0.5229443056597056,-0.4107852231067763,-0.5208641746071817,4.652912506594137,5.287566702313544,3.6392941008631916,2.8395122857594597,1.7430125176099622,0.5392795774604848,0.24613092050273122,0.39320569168963315,-1.5953671512592313,-4.018794639992207,-3.391796909277472,-4.204475828418895,-3.710629800722469,-5.71799755207248,-5.59240710303997,-5.7936031941129595,-6.945857148320249,-9.171768167714152,-11.017254172817925,-10.650943311127616
9.382660098222779,9.868618834972398,10.202671525003165,10.187647363259572,8.240987089279061,5.014459693005318,2.2703688316920045,0.25684442500165516,2.6899816162928847,0.10406741544984555,-0.804958671985885,2.1358912881555936,1.5225837999268483,-1.7391281888797552,-0.6002687364554653,3.027332514691155,0.8673699305477968,2.2857450466978158,0.9021567547512321,0.02511513658298194,-0.16022475067253208,-1.6594656058395394,-3.9314523407326325,-3.698536808875588,-4.641086413967541,-3.302109580159349,-1.9227190032962649,-5.4231862272076645,-4.825290799752371,-5.217888116599371,-9.24932003495029,-10.910480287983166,-11.819208064655193,-10.564085469357575
10.263438663541189,10.254770243462808,9.835815657647872,9.73341919314973,7.2567169866139345,3.881644619640115,4.550486056027982,2.1529817489971093,3.4403921194233615,1.6022259190671957,0.7134406730315671,-1.1668736306656917,-0.5331113661811567,-0.18840713741217174,0.9846845081360261,1.4443609335946097,2.080445931417497,1.210476470402778,0.7650794296010106,-1.6106015063239112,-2.3765080871977284,-3.563535915743268,-4.22071129903425,-4.164850371322966,-5.03156104742561,-4.647753353689753,-4.900054646033186,-6.040780659402971,-5.402195692401595,-6.499649780520874,-10.492370576489975,-13.244193192561616,-10.002490139510867,-10.003176066224116
10.435181708692028,10.525091051956222,11.190444816736253,10.64285778061307,7.056131951455313,4.0948755625165765,1.3299251652188948,-0.18461819551265693,4.584339528557919,0.4785910751314496,-1.721194033393222,1.4060536599426536,-2.8901655994786393,-0.8330519969528545,0.7200075736737155,0.6636859385105126,0.07145636593876181,-1.486917152961295,-1.6994522179985032,-3.4464913520403213,-2.1810399460695185,-2.3446724577695126,-4.9137488717827225,-4.023682050276213,-4.545199044577254,-4.426153806516609,-4.72461268238764,-6.038635752862557,-5.083091827367566,-9.125852621235996,-12.308878273996733,-10.956711711105196,-10.128305956540512,-9.136102805328694
11.568783443895928,10.476839931936091,11.162088051578317,10.355317658847904,3.320953660871118,7.560637667075182,7.562771036729448,3.1067087574019743,0.7448185306154488,3.7142224867008395,1.7070196448367225,3.366715729671178,0.632495427214439,-0.9237720298271168,-1.2602806926641075,0.6467336753868891,-1.2150514572551423,-2.6106127685052862,-2.9304393485254674,-1.670612018621891,-2.0557739409477884,-4.4349330356371075,-4.313163845077837,-4.715470742756673,-4.7446103929121755,-5.465015543183257,-4.830349370146479,-4.212856089575592,-5.096899990884008,-8.674214891969367,-9.633300899265839,-9.862090344603926,-9.067449427477687,-7.746531598383621
12.160438728546799,11.700539882518177,11.016477806404803,8.534370868915433,2.8512042883820943,2.527724351316968,2.5164165841631028,1.4692880911119046,-1.108872794510272,2.5263421409549425,0.7116474898301561,-1.1042692608550508,-0.5379042507049066,-2.103553813240884,-0.8025695679993579,-1.3704419710642795,-2.227793404903163,-2.003587310145164,-3.242208762787371,-3.0759347414950513,-4.377792445212644,-3.264823100629635,-4.680515304899361,-4.852471823875089,-5.155718008090219,-4.496302596769773,-4.499372476479409,-4.1386020628126445,-5.055597245568695,-5.379340917274018,-10.668873468258992,-9.946649582170565,-8.239310542825315,-6.4023911456507765
12.789727450322838,12.572220059085941,11.73775181807427,8.907584447497355,4.430785368413707,1.713227915746505,1.4251486360708372,-1.220874040660995,-0.27009490786210943,0.9553243114816357,-1.5795550671122247,-2.476649123275221,-6.502320179061125,-1.823212560574144,0.34676478194887483,-1.7484903973431127,-4.224297797743653,-2.5343073786520764,-1.420966714383531,-2.5729848813247185,-3.6352643661751727,-3.778732137411666,-2.909408619299305,-3.7719488303052504,-4.157692355923347,-4.118877093109012,-3.8861694879649775,-2.613188137653218,-2.6672279925282196,-4.90545123109312,-9.576883248800458,-9.57278069897452,-7.191940542928033,-5.618783350581337
13.189477417730282,12.718295643067533,11.494729446171409,8.481176986953324,5.8217023952301075,8.295900438494627,5.03659635259727,7.276315605145956,2.6431440580162375,4.547352925395261,-1.7087231134710639,-2.6203301899241462,-1.6799428232739761,-1.9448967454077657,1.183144462828171,-1.0538653433341363,-3.7716529240867542,-3.6590320206238975,-2.303220709502509,-2.1622199346520805,-2.5976394002794128,-3.734122957732084,-3.0274708480349104,-2.026299015909496,-3.0958343511921145,-1.9776611867153266,-3.4416872187227017,-3.3327856450485704,-2.6475906388274955,-6.749655813407055,-8.873135229186307,-8.858092877326524,-7.330217800039891,-5.725268748352513
13.555845808334928,13.157607338678766,12.075793588565407,8.272777408929816,4.66085853738167,2.4186937182292207,5.5102584569764845,2.5088552032300506,2.4268069047080694,-0.5280101320677737,-2.624034087119068,-6.1123462081393045,-0.2299977985515311,-2.1401688582038725,-1.3516404926071464,1.0766678946610566,0.28292013801348903,0.4360534953630829,-2.0835233969515032,-1.7423411318125022,-2.8488732522454905,-2.5465521240691755,-2.3937737074186716,-2.87726981209766,-3.700507838293681,-3.43714425735331,-2.948015167298028,-3.1390550596008224,-3.4431833741422495,-6.2795164895074675,-8.62669134822916,-8.18111040364402,-7.81730866150533,-5.524694397414761
13.436889572950562,12.88324303325024,11.866210054095514,10.753599615851243,5.689893734749381,5.043845508008996,6.873813650450728,1.9300632887017286,0.32522782703092373,-0.04251166988847954,0.2534931759969999,-0.2825116570026586,2.1353181668407277,-1.1405284789384078,2.90277490982328,2.3626580581483987,3.110317075955875,0.35985812272497575,-0.5151604182115707,-0.4108420757379311,-1.8867594624088733,-1.0964748301676406,-1.321516768436128,-2.7653932852221,-2.6462728023636966,-3.6024519759786013,-4.314147452313653,-2.982152405159855,-3.9059906803262705,-3.9707409257859427,-5.7845726355991784,-7.340221447944496,-6.318126992893319,-4.386120010773082
13.614654513148615,12.711407003088537,12.519517242000905,10.802457660945057,5.633239209638752,3.6134801099922753,-0.6764217237234419,3.142325362169352,2.6048683978084135,0.8703102138407013,0.06392567477794693,-2.2078136631817924,-3.3299847885797327,-4.585237948714034,1.427126857487415,1.3021508358128335,-0.38430487506553823,1.7785230771781115,0.7872471770652819,-0.24171665206322268,-1.8093900524736874,-1.7483940748186735,-1.1014049470757865,-2.222076595866,-2.386467159487773,-2.776253895329834,-3.0253432313586233,-1.8523551410009407,-4.172927130093156,-4.06348550505411,-4.281057939970001,-4.202964931140137,-4.635252537017801,-3.4794498149481505
13.3667462991172,12.645713987363479,12.208570792151233,10.876494909305931,7.307223113064958,6.872966655969198,4.8590063713156075,4.823408426904616,4.19137240629675,-0.06250845627928678,-0.6049747165194826,-3.2193461994478088,-2.6085167276556693,-1.7146524272318824,1.8287199440166897,3.9408814663185625,2.8479168961190386,1.9373049439305756,-0.07641439933396085,-0.8779040036739563,-0.14536921836430858,-0.21716454102103952,-1.5936748607712161,-2.487866798535264,-2.4849452315137532,-2.3975126978528145,-1.577970435042929,-0.1874756855881026,-1.222458540313972,-2.5312015366259772,-2.6342692649349697,-2.9122349378817005,-3.1557102430531314,-5.27314565921093
13.106596420157166,12.595338206092656,11.98583728224501,10.590708752287147,6.761516441146575,2.743727078167478,0.9259512183002157,0.02555600368398459,2.4142233602515146,-0.2282670254672246,-2.1102042381922304,-4.4943723260727575,-2.9934595845240515,-1.4122206016253769,1.6581467839126416,2.8022322453627138,3.299448298934059,2.8469802704440466,1.3841225927010026,0.1821190083787894,0.3166991644026811,0.15326416383655894,0.2313655126449814,0.7451670952533925,-0.9889259246598463,-0.32739384349330586,0.3679184326570297,-0.42209832686924903,-0.39196355007282363,-1.0116274025204604,-1.5468180746828664,-2.089483363655899,-2.6832880032452793,-6.959689961864428
12.83569764313449,12.323622813596076,12.092968590344338,10.969496692161787,7.1305247878379685,4.282972581723542,4.665067326258495,0.10000662980286802,3.661216948251256,0.03793574598031556,-2.0963987198754044,-2.541788938947042,-4.300643807780893,-1.4889539657975772,-2.024288229736091,1.4200066339760744,4.9304506175222516,4.208634598302734,1.9671486771258901,1.5674378508424147,-0.1958209219053892,-0.21960831718762108,1.1868213558604679,1.0785629237273398,1.2837140116230608,2.4468596531274107,1.4440443497855762,0.3216664891649424,-1.1548980236047028,-1.6012622781286152,-1.460673026413043,-1.271648563316022,-0.38138614241681346,0.012498539775654884
12.456768988110559,12.181385384070104,11.485767933473767,11.369177901491128,8.856911194983406,4.823778307613359,2.707076142289813,5.976132431689605,6.429528390017715,-0.5972809342668318,1.8249662841942724,1.6981477316768312,-0.5637753317941624,-1.1451833241925378,0.6714745162859832,1.7717255984190403,3.2964987007297957,4.375974498411404,3.199690529221478,0.9460205536024092,0.8356063853330162,-0.12020632689043775,1.2077114576456183,1.4572825014118942,1.8069279877351236,2.562391460614946,1.755897399565404,1.0722777413863402,-0.5506331222286746,-0.9614026138090347,-1.753347717174008,-2.080110777002481,-1.7922580627666644,-1.5859496492842866
12.116564009556233,11.934012444222192,11.404589345218417,10.526225849172208,11.772317072772156,6.197857279680174,3.4981827949555258,8.083495353858368,5.1918480483116545,1.160324508965575,1.1541545550272725,0.29500619755100094,1.636676050495566,1.342582688552435,2.38591561220185,2.223993984363584,2.3498779205563918,3.6336680094961245,2.761506801073207,2.3835257581936906,2.158960852110071,1.698652151033359,3.1211177474510245,1.783264607574419,1.0863922693546335,-0.2412947905188772,-0.12771808667792406,0.7441621959910841,0.07451603827176086,-0.425952179221578,-1.24443025445974,-1.293331709799629,-0.4055641885999571,1.8724690015061116
