script/wind10m.json
{"header": {"parameterCategory": 2, "parameterNumber": 3, "lo1": 3.000054539987559, "la1": 64.9999836372058, "dx": 0.5, "dy": 0.25, "nx": 34, "ny": 52, "refTime": "2025-07-11T03:00:00.000Z"}, "data":
[rows 24 to 47 of 52, columns 0 to 33 of 34]
-0.39017077971598557,-0.964411873960658,-2.6038247885562495,-2.1647801803096764,-3.2940006654944147,-2.5946630205421437,1.2364927595875566,-2.5128889151171205,0.20582149659887414,-0.8008978210679545,-1.6190092198377353,-1.4451227415825003,-0.8861867239776927,-1.4617207183747518,-0.7882129290755532,-0.9092583745492283,-0.38155171936891746,-1.2677467050686,-1.6195372069556742,-1.68176232752569,-2.4676356397163928,-2.435527200227095,-1.3251252984394382,-0.90677726506191,-2.086525201955754,-2.2376863742605964,-2.7679483628838586,-2.7519192527579825,-2.457678556980041,-3.1700870855873498,-3.4656758183573757,-6.993556816397068,-10.03370640829456,-9.292724001638772
-0.879482271649718,-1.503471177184715,-2.9691606103581476,-2.417986902425763,-3.4225948401850887,-3.4157342935127306,-1.5505220692088824,-1.792237187833786,-1.542285611758817,-1.2603255518723064,-2.03032171025736,-1.1284640330171043,-1.4219710582039173,-1.8208168115173018,-1.006703230468265,-0.47775568646769545,-1.5795226294089235,-1.5863959949473265,-1.8881249586145237,-2.447783671729657,-1.143574392268584,-1.8801965584146203,-1.3136122449532217,-1.3417780765181246,-1.569763461843663,-2.0751187294969724,-1.922485592989866,-2.1838980009813764,-3.6016602607726766,-5.449373565648919,-7.777178171445543,-9.3917029284744,-9.22138900322695,-10.056082506797491
-1.4480937826345823,-2.856692484085948,-2.6963955449363795,-2.385091636506,-3.8210039067332806,-5.639405565344284,-1.3417307316161042,-0.6447805017893632,-1.1077120686059492,-1.2237183281897586,-0.2070822554948972,-0.9833197613167378,-1.6364668285191442,-1.6533126143457455,-0.47634377498844266,-1.1624475474779514,-2.6017477136913114,-0.941771747755851,-1.758316477537842,-5.0885183043684,-1.7068628593832198,-0.7156169763550693,-0.3340463194937111,-3.8846768575505766,-2.54164994878961,-2.5759874271183567,-2.4942971178375517,-2.980700756341739,-6.5555814565006125,-9.00587775662952,-9.535842469825422,-10.196335805046784,-9.637393769039404,-10.516418679320772
-1.0303394635106238,-2.1762686320518845,-2.253350626050889,-2.0224822034409,-3.743105896740555,-5.496075945821237,-5.230153210787835,-1.9066648144059533,-0.8947750888288221,-1.4537347524334083,-1.4380553557093863,-1.8729991860636908,-0.5166239827238098,0.15763228022297582,0.03524409212351075,-1.4750987017562156,-3.2409094430348158,-0.9537314637337689,-1.4510683545363694,-0.11034810882980034,-0.9465967337306105,0.3512960745944506,-1.3118421044685036,-2.9213703199089363,-2.167990334128853,-1.684220702058506,-1.9762028032196994,-2.8601234302178105,-7.823838204744595,-9.907320041272422,-10.581401167227574,-9.299049497641734,-7.4312664099349695,-9.925646957661176
-0.6619899343807109,-1.3928396498015163,-2.169958241011946,-2.321963215256223,-3.9999342767140744,-5.061805189255994,-6.200649552440411,-5.643747836023222,-1.3381915622093306,-1.450720223379362,-1.960272644236878,0.058247986589447985,0.3251598131302883,1.2913785863777412,-0.8585652294453531,-1.0738660925875823,-2.714453514881363,-1.6872852685961026,-2.0727585017083836,-0.800105034574391,-0.12775248102043862,0.2876521563405587,-1.7313868709342195,-2.0832890907386155,-2.04373723059202,-2.1096403386363307,-2.5352196351495566,-2.870814380729535,-10.283396690095191,-10.771182775156987,-11.35281479253532,-11.185639764461932,-13.553810191068937,-16.366050557784583
-1.5083560088942785,-1.5607241968716044,-0.7260865586821821,-2.741620393101317,-3.713195622592894,-4.2504916286196615,-5.691286653430642,-6.205203868440534,-5.623988948929806,-2.69582669140678,1.184496009440664,1.037406242523802,0.6874194936861231,0.055828613061771296,-0.4556128228009918,-1.335755006023137,-2.9326589095475986,-3.4012900023596906,-0.7315590690509434,-2.0904970218013674,-2.342674208086124,-2.0524577193721893,-1.516265769072768,-2.124303105741162,-2.488210410900099,-2.422768195383832,-2.6051961174783678,-2.8773959547552668,-11.03563757162384,-11.616405273848041,-12.024690421458622,-5.696791322955272,-9.090451674823779,-15.724057837219323
-1.465183015653679,-0.9807351528131629,-0.9067507699524757,-3.1113216207889094,-3.1534376633047736,-4.212785113881141,-5.277474877655014,-5.986064763299849,-5.987118276800664,-3.9960984701317717,0.2709730299398206,1.3299358067743594,0.4655385240900798,-0.22903525629285043,0.5940079541115517,-0.09942071719397706,-3.3598511705556393,-3.7211764703903865,-2.117632839044045,-1.379930193875309,-1.5150009365584463,-1.7178998721672203,-2.0041094646808046,-2.381745384849699,-2.23165376216885,-2.622856081399008,-2.361491231270324,-2.9248567066952025,-11.586067620407787,-12.434435405648802,-12.943818431920013,-4.899425787821351,-15.144418225396889,-14.784650726275844
-1.2437711561664087,-1.0817968056380616,-1.9495911658193275,-2.218889931139049,-2.5632282904624124,-3.1906761889991335,-4.909554332074635,-5.667490522566022,-5.64291048684119,-3.65609145216072,-0.46458263815694206,0.6622451401302438,0.9648361753000232,0.31683432206038914,0.7302285369353076,-1.20460110603001,-1.6439960659290005,-4.3675777505947915,-4.763779555261394,-1.1423165700348725,-1.791383306023142,-2.193471037848271,-1.816060510314355,-1.2200280868805577,-1.991921718886072,-2.089196959546611,-2.486025927002863,-6.470189977054412,-4.286194350682935,-12.33227417608345,-12.9705583538162,-5.142480037747521,-14.120339456525297,-11.141546212663028
-2.4086063907886612,-2.361247476144184,-2.2344137941877826,-1.9798253625821853,-1.9393995476783552,-2.724183278986935,-3.414543905890466,-4.737962429664565,-4.972512967618241,-3.12010912835109,-1.4841234243062005,-0.02508086048576043,0.05485143292540946,0.11245250319527592,-0.6430769607961363,-3.0411166061037944,-3.3270635348988833,-4.7610109893433865,-5.873743350298434,-2.6972369894609876,-2.046318112836453,-1.8958301985821582,-2.502410700948043,-1.9474430129809654,-2.000267356766789,-2.420509912333154,-3.0517793892123857,-6.087613210398732,-9.619262321353006,-12.918203765784716,-13.431537909443723,-9.964707647612009,-12.40035391506726,-12.596864097853404
-2.915996470897134,-3.1782480423654396,-3.1815291221778517,-2.283555255363196,-2.6204604224397845,-2.3919630486352625,-2.4365321792229673,-3.3896534346523697,-3.8342438900643314,-3.472290662276596,-3.119737885845355,-0.696513327687292,-0.044975319584053056,-0.48907058775805684,-0.1644198392592785,-2.7800931069190913,-3.882084273299156,-4.510003245545397,-5.963714900182532,-6.11398006048521,-1.5004290912704095,-1.9004187477848808,-2.0315347872157474,-1.9852547876281,-1.9481516558525964,-2.571395761515446,-2.365411219400185,-7.42938337075764,-10.44514051794709,-12.554424229103489,-12.312774646379415,-11.561739493608961,-14.80533110311916,-15.312279735571218
-3.1129944698876506,-3.0281357480905875,-3.0104990308048523,-2.8550323913642552,-3.136988178117553,-2.9873777235916985,-2.811078236859938,-2.2891068097470026,-2.22547022516139,-3.8273157241078843,-3.957123136906274,0.882842140900231,-0.4328719208095221,-0.47702218095907817,-0.8283435547048773,0.6537170983012209,-4.320742411470811,-5.1532337939778925,-6.618986119124153,-7.686660176217286,-0.4385185809568286,-0.8495952991276846,-1.8129836082047748,-1.885921355172895,-1.8599567389126104,-2.43509790415165,-2.7800013931637126,-5.803479027622234,-11.07140253295906,-12.981224705000095,-13.462256294435909,-13.507790335497416,-15.400344275905551,-14.606688385373582
-3.696623795159802,-3.4936130579747684,-2.7925717060694906,-2.420734889857092,-2.9152774283217218,-3.119404341628085,-2.891756183975016,-3.06155116774147,-2.5497571158923273,-2.698606543010166,-3.969621569868866,0.8198612370990044,-1.168932549778486,-0.7773436908187801,-0.9228014244373614,-1.268156218998369,-4.205294766695289,-5.880411642609292,-7.458354184153297,-5.04799654606177,-1.9721124611933094,-1.7174335650691275,-1.7986686337584923,-1.6382987860599865,-1.756425403701661,-2.1196094279108624,-2.987896505327639,-7.09858930594818,-11.459882578519546,-13.245303904563505,-13.630967503329034,-14.27911645311766,-15.493215300364541,-14.948696617732944
-2.4141241179717827,-2.3111342842300524,-2.0364717062792144,-2.7096088532914973,-2.9596643487591323,-3.010971475379803,-3.609710439954405,-3.4311842710092177,-3.3674052988385337,-2.863055258844409,-3.61687588682792,0.07270183530987549,-1.1836619784621976,-0.9933770871284531,-1.8192143927739608,-4.644456024413141,-5.527661642001969,-5.824682538349178,-3.435604339243957,-3.0965559240637717,-2.5418901949659474,-1.596511485507192,-2.4901263941394878,-3.3437822994077835,-4.335117745667707,-4.77505068298572,-6.04530278105808,-7.979248265066723,-10.962780915855406,-12.673037513085452,-13.248257180036067,-14.063725372944072,-15.291125052869226,-13.748300149122317
-1.4495899745663894,-1.9091445351910514,-1.5633461145790142,-1.2525107820376014,-3.4328389634767054,-3.0959453729487953,-3.522397618731306,-3.8729086914206037,-3.7305911205832243,-3.573102423719728,-3.674208064802461,-0.6069172569619826,-1.8735581961002183,-1.4759986147448416,-2.416273463321218,-4.649673880871681,-6.078367023384941,-3.084589357000143,-2.910494006500625,-3.400393625023145,-3.79074607184929,-3.9963512113815214,-2.2421102876131944,-6.09759917757462,-6.513441224220216,-6.991100470769114,-6.879498170834073,-9.333793764081518,-10.811704812296062,-12.14825732673358,-12.437497231330596,-13.382264258922834,-15.028055872819817,-13.567856046604167
0.12223277188589687,-0.39459541800469955,-1.4040798010359556,-0.5697914213403703,-1.5939336009016907,-2.7820999788814817,-3.2812908927589066,-4.122633078765025,-4.140127218035231,-4.001090375078505,-4.521476432825337,-2.2159985006573484,-2.4807055247032177,-1.8794873887042483,-2.1502241668802986,-3.2589825716588927,-6.795817197129328,-2.3587364226825955,-3.093075641083848,-6.15685355533147,-4.513245923563495,-2.9002490849059903,-3.4340258678109215,-7.447631432001509,-6.957663279049939,-6.865709634422254,-8.069045524035054,-8.873325408679392,-10.441171416532809,-11.568694207458975,-13.14002742993805,-13.403025193369375,-15.071899800163996,-12.288506239727813
-0.650255162869199,-1.132758752970481,-1.0391514709549823,-0.43835160982986865,-1.4190315862819178,-2.8223825765512545,-3.348787515165857,-4.219081899587091,-4.203232842228903,-4.02816701644092,-4.8897773131263165,-4.9692959930491245,-2.555458882537279,-2.5093611936042,-2.999808440213269,-1.902428579737238,-6.161340884464724,-2.8504523645419586,-1.9014902406892302,-5.685069018879301,-6.445932351447211,-7.6011596220574456,-7.157892795403264,-5.47661056717221,-7.695499969117183,-7.214048849275448,-7.547990130704074,-8.722086175405337,-10.260068881524147,-10.858454630635745,-13.091580998127766,-14.48668576913318,-14.475175774000968,-11.935944201589434
-0.1637757471122294,-0.8629276052352803,-0.9460289587253388,-0.7227756123732914,-1.7344530233678268,-3.4047833514316506,-3.890569554209793,-4.507036281335503,-4.021471913642653,-4.2402392957167985,-5.323696556088404,-6.1011211638054235,-2.1958155448651326,-2.3009425161730284,-4.451240088705928,-3.231542915850851,-5.896171280600297,-6.611708243910209,-3.1566960543385028,-3.4638162576964424,-7.171595180987561,-7.45266163645135,-6.965414532061742,-6.348445111610337,-4.584043663873561,-7.926128120339066,-7.709793574927786,-8.403518085421247,-9.679152991790131,-10.745477820381092,-10.90009143695447,-13.459065647860701,-14.144172607892916,-11.94414122734677
-0.34749453067025304,-0.6314787072789915,-0.1971287078647365,-0.7232424906170059,-2.4345459995325736,-3.9744974214357502,-4.397175205068359,-4.712007758628547,-3.9766480555058976,-4.317790042646743,-5.481908934229202,-4.986054578151551,-0.6941380171567956,-2.1554978954013704,-3.959244316022506,-5.346078340585763,-4.959571031465384,-3.340863096502751,-3.0964357468346178,-5.462263127847455,-5.896636910904479,-7.107254990734754,-8.059834659890313,-7.6353096501428634,-7.374666497167704,-9.103226269080304,-7.44698709014793,-7.937568716099884,-9.588640727791654,-7.516700953882747,-5.506065172278054,-10.748554041714726,-13.637323092888371,-12.13790663734391
-0.2953418876577272,-0.4752223589611573,-0.7824437049767557,-1.3778552851745496,-3.2187200620723426,-4.403200315522534,-4.446520613811109,-4.619777540140826,-3.675979691582271,-4.375867472221068,-5.566428555862009,-5.186824098659577,-1.5607226496869688,-1.0649664794925449,-2.0061559588165534,-6.000199252586305,-5.330529306067099,-6.919417154673079,-5.457095499335557,-5.260484064632207,-6.313383124002253,-3.8039242222361644,-7.7569391386495194,-8.235400543380141,-8.44933925712861,-8.327504055786546,-7.833313308969017,-4.928917057059217,-3.1342268665283877,-5.550195639268671,-3.668869513197378,-5.2938656124202765,-14.486587922525478,-11.922257891362502
-1.1488347742795986,-1.0195478386945636,-1.2516084317589906,-2.0996777376721827,-3.4508987834417115,-4.624891426048997,-5.3381018819386705,-4.448013243525231,-3.5097487539353045,-4.268878476027231,-5.286418215259861,-4.221404392151177,-1.7160543390973941,-1.000482533428942,-1.242600347503198,-2.5072840774328844,-1.890787732638804,-7.378824470623506,-6.460316951187985,-2.2869343671660287,-1.5258096405897221,-5.546157944320832,-7.094290787857319,-8.557605559420324,-8.736757535396238,-8.767317146127999,-6.182875067982553,-1.8650060717418893,-1.665280284828789,-2.7693316790743414,-4.5131898744466366,-5.598596902912379,-8.114556620360013,-6.5518982390408285
-1.6495366625111032,-1.5817448164386023,-1.7081764438084448,-1.844380533296105,-3.6769601834951047,-5.110259393409495,-5.456894300065675,-4.329266512166629,-3.4626553854757605,-3.688361817479388,-4.896290808842988,-4.669724946228732,-2.5738414807883356,-1.51958566055322,-1.356379732531287,-1.1074301753971976,-5.659218457902912,-4.848006212310685,-1.1514693407684167,-0.4627424610913837,-1.0496946720496985,-1.8545395397776268,-4.301447139973072,-8.7463088664949,-2.9902259170511303,-2.994826303397968,-1.631370979492007,-1.172931064592447,-2.3243907320448876,-2.8091429469460563,-3.7629213769712235,-4.231129109810006,-5.898166605657721,-5.827872429288894
-0.9513001653375012,-2.155176372941425,-1.9327664797874389,-2.5964407439300174,-3.694126077453165,-4.919052146110533,-5.408659029916143,-4.32236459915669,-3.7430669430487398,-3.4496703331645784,-3.9693165965081985,-2.9582136332315176,-1.5786408712570454,-2.293936456788514,-1.7716089334167775,-0.8751974535469859,-0.9879331287190534,-2.2997408131388037,-0.8819576940926306,-0.06063430603274978,-1.0710822193863327,-1.6753385888079242,-1.2472159649744896,-8.191950859384741,-2.0332264213773654,-2.1405336748449946,-1.7147678860821591,-1.03418080314536,-1.5375131689234232,-2.642760422823887,-2.6390104162329613,-2.2400570480966424,-3.96359269468073,-4.35259150029486
-1.5278962095450448,-1.7214550321782376,-2.2565672913578223,-2.9030939482885816,-3.4264358425472077,-4.758068134847557,-5.10056572376565,-3.866316346869102,-4.027060099584511,-0.8604613225090014,-0.9988882595850536,-2.2808152175059293,-1.6889461218794095,-1.3925866483979497,-1.9999449973021046,-1.6816061031545164,-1.534567642459136,-1.5971903381680592,-1.8339869493759526,-1.6479436017672309,-2.194555366763752,-1.3897484620391483,-1.3339737203361806,-0.06337255630058661,-2.213003549300336,-1.705143275135914,-1.8575256236489457,-1.0708527673937105,-1.9337859188745348,-3.517313037889746,-3.5413079958084865,-2.6767573856877873,-2.6281590449856305,-3.736049965458093
-0.9539586397771574,-1.3560249348394002,-1.3644532835111376,-2.59979972930336,-2.316426908929646,-3.666479582053328,-0.6180831182983397,-0.25854635376985935,-0.8216761939031415,-1.4234965890796545,-0.5612801579602766,-0.6654041296567262,-1.4504255276355569,-2.317598861516059,-1.4740268011836692,-1.662120888688479,-0.3275605343332702,-0.9091594930878033,-2.2764456873332417,-1.1077569839446297,-0.6563936342730007,-1.6744303934276878,-2.4405846099869617,-2.0012565956402044,-1.819338947064938,-1.2871876772718847,-1.622018046344964,-2.3681836729874908,-2.44402920845371,-2.546227172925916,-2.1948423766814815,-2.512219094799407,-2.889997596233558,-2.585742664180434
