script/wind250m.json
[{"header": {"parameterCategory": 2, "parameterNumber": 2, "lo1": 6.000198445256149, "la1": 58.999992894266676, "dx": 0.5, "dy": 0.25, "nx": 22, "ny": 24, "refTime": "2024-02-14T23:00:00.000Z"}, "data": [3.7207860508345303, 9.021926526499326, 9.953698861617834, 1.1279471257458018, 3.327779674300486, 9.665223580783328, 1.3265763215981934, -3.5599046303613164, 7.921595262500216, 7.755706592497329, -4.522075675615638, 0.7770375751640888, 5.545143121946466, -4.299402198652902, -5.6550136032661875, -2.1294897368648127, -6.688919508674619, 9.929404325519796, -4.53218285267823, 2.6886288660364124, 1.160952281186559, -1.140580679613816, -7.368582200464491, 6.368408940596433, 11.11944086488596, -2.275584216125165, 8.80123529277214, 1.1180262033764083, -5.992496405115942, 0.626191699264775, -0.5513164042243269, -3.451060532356139, -0.12441680645024814, 9.101305369706152, 8.24667211289582, 9.474010956522557, -0.376905260631252, 8.005715824746074, -0.7718586280181989, -1.3828158092856517, -2.390808970792791, 6.914112978925807, -1.6273646793751937, 1.2231498072122662, 13.420699732856965, 2.2919927919368424, -3.9091440671914524, -3.0822296923397077, 4.414600925465812, -2.482759634916259, -1.9692326497487898, -9.781411478222367, 13.640311783923643, -2.6612057722107676, 13.938027263731804, 9.485871471658172, -2.179127920558742, 8.627264206188334, 6.419436554849558, 1.9330257163702373, 8.306853939942595, 11.296986302585012, 9.559591037182507, 7.6718197698096375, -3.2534882639660623, -3.4334914184459726, -4.27689518328789, 0.4954711577463718, -3.0736051278261867, -2.7626934049264085, 13.755348556060985, -2.1255464505003148, -1.4814385530615448, -5.55713235774089, -4.622469503189312, -2.212043925607345, -4.553594794816847, -4.2196444013568914, 0.7888881224604881, -2.530220543348731, 2.631456551636328, 10.24246788369421, -1.6021709054705218, 6.055802283220536, 12.473159105531805, 6.995154797313076, -1.222805594218255, -3.3836047620107954, -2.64664869231232, -1.831516888775668, 0.5651065908620091, 7.863307099069035, 1.29686875833882, -6.057513373821755, 3.1190886544984235, -2.8570936408538596, -6.167863785416284, 8.63411267674983, -1.600793613059997, -1.2868008125769668, 3.2090540939048595, 1.0211762729843574, 1.7443957827326249, -3.7650876249263208, 6.780828420994689, 10.00577225904851, 6.611580579781456, -5.457606491755688, 9.799698890033, -0.8660957930600706, -4.936634222599287, -1.187817303281516, 1.3339903526656607, -1.5274344174031917, 8.656221815305353, 7.016905207549686, -0.41199733699983276, 3.390191700044426, -4.107869276791196, 8.061500022911787, 7.906036390358892, 0.12126687771644037, -0.48780833639015475, -2.077695141471696, -2.0596987246850125, -2.9169123007496593, -1.324712556862867, 8.2995793615749, -3.348340508596805, 0.8380275986292737, -1.8089373487762601, 1.508200470497373, -1.292223208894255, 8.403547106812109, 6.8448467329589935, -2.1460801445706994, -1.5579484590783814, 0.8800293164365023, 7.970524605235643, 7.463771269982127, 8.423856513585484, 4.080623206313354, -2.958573842499613, -3.4307134977766696, 7.186876381932854, -4.640221228872588, 9.179867217614479, 11.398943752055706, 0.6137337684728148, 9.029582471517879, -5.835345527023128, 8.418681682594617, -2.8352742971245717, -1.5252284030509125, -5.600900134314061, -2.729996086021813, -3.3003798114730207, 7.544710222187265, -2.806411404162235, 3.1827842397238215, 2.172020581610758, 0.9360710065193448, 9.156901097816942, -3.8831830431978553, 8.73589604028779, 5.398361979223161, 2.201227939681392, -3.173551731718574, 8.462610503796487, -1.9079407295479456, 6.025076278465769, 7.913048880552788, -0.12640628106175356, 2.3219074894218803, 2.3819863610435736, 9.183658589474247, 6.316947657184101, 0.6359609980308195, 0.13236518644489953, -5.238095225624698, -0.7735070595516557, 9.30070897915268, 7.682464597673368, -1.3148608057462972, 8.294138644089504, 8.88199687552127, -1.1588394992856987, 10.346301967682178, -6.627897176262404, 13.182642353129415, -4.027687189610899, 8.694855537811495, 10.547691968099008, -1.6950756007088217, 7.7569025427556335, 6.814562162208626, 7.90227107612861, -2.63703846209883, -3.1479756000219394, -0.5715872869737256, -4.748511660525745, 3.7768079650507045, 2.235442012708085, -4.017368262878319, 2.792676240071476, -8.344308014446867, 0.7177829434718992, -2.400840819620358, -3.6836738041935972, 7.135523234963214, -5.085534281914736, 0.46231970733390737, 10.172377948262934, -5.022176561068961, 3.2415592504782618, 3.3530863752398288, 0.871790787182507, -2.3082174257882326, -4.529276904510864, 8.737674706073758, -10.332894727946467, -5.16343314942518, 3.4962308687628827, 8.586877841997985, -4.9091747786164435, -3.340967453367008, 0.6564959592144594, -3.49576905316678, 10.029564019956329, 2.955078632092517, 7.736774061647046, 3.4890549792229693, -1.3349235759425162, 11.126029031552928, 8.454405511019365, -2.1053055500497755, 4.774579958092194, 0.7704907825324572, -1.1439982022828226, 3.98544858915751, 3.219961979237625, 9.921263070529246, -1.8791618389862568, -2.0133238334391548, 1.9045728228007275, -6.1526907950841165, -0.40922862988639813, 11.125216899268281, 3.330178578171236, -3.510469938255707, 9.606151590196804, -3.978101542025761, 9.880610409911805, -3.0802614381104143, -3.1023590118364077, 3.591111660031975, -1.9214681393169777, 0.61329409424409, 11.037757466844802, -9.62378634792621, 7.2236112800843815, 8.203601947648309, 10.000699713836598, 1.4999653145556358, 2.291928170259511, -2.523460231638192, 8.859897936346625, 9.131457956414174, -0.964102704206791, 0.7939456024284106, 9.207166401900054, 3.1923106230237135, 1.2611718263126606, 7.710662144119244, -6.01025879452479, 1.3831392773317173, 6.88407356760172, 12.02203287531547, 13.705657652178207, 7.139577756392287, 4.08802152700268, 10.479709164093578, 3.894885040665118, 9.388960076445187, -2.0458493003173817, -2.615701011654875, 9.43832150317648, 1.3278799735346793, 8.033188670424575, -2.2165790129028675, -6.2051428161087685, 2.5302167851399666, 7.681645464635062, 5.790711751058952, -4.775370282018264, 10.079446715462256, 2.43625810426109, 1.8796311224283153, 0.9604455559796139, 3.0274584473237267, 2.644767401235876, 1.693173449386221, 10.501717417703189, -1.5123954681356082, 7.318656149510709, 1.5263964251925293, 8.164305908568025, -3.447122009036294, 1.5406901968802216, -4.445060036012354, 11.2177152939805, -6.603940571461598, -1.2441321981393116, 8.703516159273237, -2.086295031702718, 8.445370210606255, -5.787543995860632, -2.70189417231457, 8.445866123722631, 9.938586634201389, 7.747165349149695, 8.286932217351952, -1.9220006914395165, -3.634479795678796, -4.794778135808794, 2.5642165929853253, -0.9940267544347478, 8.071541640621925, 7.46295095239653, -3.801901438956028, 12.087875442964975, 7.078295785094723, 9.900820419795119, 9.47835379625986, -2.649182136363236, 0.9474820955126441, -4.623289744928249, 7.443638836489895, -2.4024357622965975, 2.259223577050271, 10.102950139109764, -1.651798289893422, 0.46844813336750946, 8.645718959196595, 1.2709852408056583, -5.1138338172608355, -5.384681917608232, 5.681281706856696, 1.5668224927610428, -6.489907089662887, 9.43445651726471, -0.004928656244205101, 7.184657595726355, -4.91622744921044, 1.8123750657201305, 8.203575204157564, -3.8995263717640722, 4.157850478887829, 12.622698694769849, -2.2155431071880747, 2.920445505541093, 0.08399407465348202, -9.878042042810714, 9.658150468603878, -7.013130251414156, -3.5174021272123897, 0.24086745571385873, -6.270677043854694, -4.533627896756978, -0.051851449186345516, 1.8592151533877004, 8.887031781779601, -6.801078993481607, 1.7775174812060495, 7.903794366461237, -4.350148945469918, 9.020738504168238, -5.318759947170116, -3.4601604490228306, 2.0184966754810243, -2.3100438468060966, 4.339502698450169, -2.2722918387883504, 9.891334433098763, 8.123894807570318, 0.25544090452938867, 8.104891551371274, -8.890461978555832, 1.7574021166228044, -4.6653659115172665, 8.104817478728492, 0.275624207923166, -5.768839875027068, 14.089857895618985, 10.504745048823315, 11.293030014361342, 0.4238535090953197, 12.40981661293638, -2.2921584792233425, -5.208603241182993, 9.976009272847236, 5.337054911247136, 7.6399946600284885, -2.027132958522761, 10.775946485236268, -0.9659169849628205, 11.014729227118714, -0.7677144649882063, -0.19192342520467087, 7.920597567993499, 3.4461691674730495, -5.176505023917528, 9.291413313366634, 3.8571185923656546, 1.2485655667908524, -2.557644180863305, 10.231093350472923, 10.74759317059565, 9.298043087569441, 8.534658693976077, -3.5872585888611224, 12.708346074472017, 6.982588631874209, 3.942533427355494, 3.606826828194394, -2.416266059949243, -5.182539260215455, 0.7327625347660228, -4.544026438902525, 7.17151910614511, -3.2092203297031454, -4.295524046420109, -9.075815091318207, -4.889887280556406, -6.140097116363207, 9.743618647050587, 1.7564321139621508, 8.538408660388098, 5.515230288144592, 7.7044685918351075, 0.2665467516625249, -2.65533105949048, 9.100342363650284, 1.4987951283234646, -2.073539823506288, 3.186331934869074, -2.2601684540128493, 9.944575707025678, 5.342619512710233, 10.474213547669427, -2.570140344667131, 1.716009881004541, 9.468384890913219, -4.059654818098579, 2.766098914950451, 11.335778027061009, 5.63966157614528, 0.2728401181682796, 13.189007427239941, -2.7266728426876323, -3.312497547540327, 3.4510926475044004, 2.685042535346152, -1.2843970333897934, 1.049409589554757, -5.2340006744129495, -10.353841218723684, -2.794340983760744, 3.2724417520155225, -3.9459506754991867, -4.112604565526623, 8.453658327458179, 0.12751248902295795, 10.744405096597573, -7.651290479804362, -5.039684214611344, 7.771627181691506, 6.974946107038847, 9.00301396231259, 8.784854258185495, 6.637040337088862, 7.618122086686806, 9.223846201258725, 0.8257250459706822, -5.826936350119773, -2.925004087519101, -2.5158458531603873, -0.07555262896815816, 7.893493310492321, 8.654500193419944, -4.885895303925637, -9.016589532154786, -3.1108774111666815, 13.394591918865913, -2.4675427772859395, 4.323234659280033, 8.495304806264917, 0.3191885499758306, 9.029498257198016, 3.1313127137401198, 6.8874715991930575, -1.9935265983898842, 10.200966795207794, 9.708474667127517, -4.232044270363255, 9.805170007224156, 10.516010323686986, 3.996450584434188, -3.715596228439131, -1.4095820972954944, 16.241363096816812, 14.629345374926032, -0.23183251078634848, 15.985562219684288, -4.889512292928609, -0.38289698392456883, -0.30399326231322826, 1.651694990088848, -4.329354515257801, 0.3707957476773899, -2.4807989192221513, -0.21874058744456296, -3.524446116039741, -3.879805788364975, 13.20840620218463, 1.633465119024188, 8.39381607989361, 9.452424912817312]}, {"header": {"parameterCategory": 2, "parameterNumber": 3, "lo1": 6.000198445256149, "la1": 58.999992894266676, "dx": 0.5, "dy": 0.25, "nx": 22, "ny": 24, "refTime": "2024-02-14T23:00:00.000Z"}, "data": [4.909303889329496, 6.771338031404154, 3.8047122173411076, 3.6661482648234283, 5.878495202015177, 6.678815629505756, 4.618853326696266, 6.057901574674041, 2.063006704228763, 6.80575946246937, 4.236860432068739, 3.7473847165727605, 7.953018210821099, 2.9307967344035455, -0.08163513880790967, 4.8379522129521195, 5.353571758919062, 3.929088081190569, 2.9890636905573587, 4.155228365307471, 4.689833210508149, 2.452560708514787, 0.7571915654258321, 7.093219959370962, 5.206777261695152, 2.3573571127548787, 6.040908254047345, 5.132720212065271, 4.929956008778106, 4.9759808347557355, 5.065932484105558, 7.0802843827649715, 3.7784264310800184, 6.071677445334001, 6.428376013681539, 4.023026786038932, 1.6105619853986706, 5.842865149209831, 4.753841521450941, 3.032201940992771, 4.524751590741491, 6.070083208448677, 5.283686946049309, 5.593563332011237, 3.448678416737631, 3.831474457928565, 7.24209229143778, 3.7738956206298946, 5.030246697734881, 2.7319811167896435, 4.013486935429454, 4.099722394403322, 7.742114846720344, 4.786767341705558, 8.159124105689992, 4.8025544465368295, 8.348799105833184, 4.029075452840592, 6.158171376332783, 6.093020250813197, 6.767903728566663, 5.648879802172705, 4.60929525062886, 6.513624497345645, 4.786489068964101, 3.542582188034397, 6.108514657354944, 5.295781755353828, 4.294167088510633, 5.954060955444923, 3.679946200253083, 4.209551211759554, 4.726292698356695, 5.461432994504832, 5.90481307154761, 4.926462020797258, 5.400398618622494, 3.6462937665710475, 2.388387878173628, 6.276877543066546, 6.636517470645223, 3.695866044908923, 6.575060376666832, 1.5848604211180153, 8.5373509627423, 6.235814297729467, 4.567163860772292, 6.826429879295443, 2.8205705499547173, 5.046535410971807, 2.0902937318484875, 6.229863057694198, 5.254651223521677, 5.668253130679576, 5.780529480919744, 7.5198692046177715, 5.469414501803153, 5.695660830532029, 3.8208531357933135, 4.038691882713262, 7.25466476337994, 3.6222275964536608, 7.400433318878065, 5.584328259731268, 2.928237637420587, 3.833863777492507, 3.120540603077745, 3.828058115887857, 6.225620348386064, 4.187226286018204, 5.131938299899785, 4.307484125296228, 2.1886602170376968, 3.438049850596757, 5.6349918252156606, 6.547531023587253, 5.119858852651118, 7.104877294443241, 6.607849121678406, 2.350076378005879, 6.054672906334712, 3.7532188388882015, 3.223338466843863, 0.8398958950768471, 4.9654392326767995, 1.179075233848783, 0.9308729176457076, 6.336374659559832, 5.002861996256905, 5.831100482252629, 3.3006913458108693, 5.533602187616801, 5.067285179442636, 6.398488416953253, 1.6815905511812514, 4.29033099477893, 3.6541761704897913, 5.567101598925898, 6.460685173655286, 6.119530914360063, 4.8136439277575205, 7.602587672015188, 6.45784599385196, 4.691442895855589, 7.085016594295194, 5.135212651193003, 6.659651229529296, 3.246325652297395, 6.338275068781086, 4.453937858354541, 5.396137093283339, 6.2591660514260745, 2.6461763920756636, 3.081331394714125, 5.1827744856259645, 1.4226941874222048, 5.5573801385142145, 6.517757574056168, 4.565315432808955, 4.826953704663537, 6.249498722418111, 5.045180726902767, 5.323087563733265, 5.134298441720547, 5.402307355655887, 6.12451940375668, 3.4692317826968204, 2.6723197762047657, 6.12324914163721, 3.4936358555206444, 4.9666175880426335, 7.145563003172606, 2.5448293123519825, 6.570630840571116, 6.873307787321479, 7.278853800163714, 3.2437457450568834, 4.855770141568621, 4.482262359811167, 5.283784421416579, 7.920187362735377, 4.112618568323517, 5.346709962867144, 2.0806276354365454, 6.803387925822625, 6.541808079367992, 4.313673332078573, 6.444164514564125, 4.478232518720949, 5.122221995115151, 5.632658527416572, 4.252683115867649, 4.423539612110427, 5.097270781965837, 6.187618281525989, 6.416652172170522, 6.339650410158899, 5.639799140312415, 4.960596886001257, 4.287837509938049, 0.09481433726245778, 1.8493328040047605, 7.075953582133763, 6.26612113221774, 4.0630404921116545, 1.661540059047188, 3.840649691978171, 3.4030760027906424, 5.880188236692122, 7.334856112950936, 5.14220783369726, 5.016597977239349, 5.871228002403877, 5.2590664838757295, 4.716307500222115, 3.617603359046026, 3.858363668181448, 8.835908117295324, 5.837199116989995, 6.058274659024436, 4.450614306505276, 3.8270477873763946, 4.27776602006204, 4.692527189919115, 2.2837019776564302, 3.5295656263190405, 3.424049534731406, 4.976562923317662, 6.096297409823343, 7.872687140817547, 6.121384401470458, 8.115295529263676, 4.59730424074974, 4.373113295919306, 5.488625490755123, 8.236099224514748, 4.381391393887097, 7.0652829642951, 4.808407671613644, 2.240116735403717, 4.508501783711392, 2.3059847590361766, 5.09045652147009, 3.5655228084408788, 4.788466466391458, 6.00842318761151, 3.614683066500453, 5.512058070114198, 3.594978535172444, 3.755732180023665, 4.49571545336045, 5.697155665148529, 4.548376464353622, 3.270096956026776, 6.582891752742487, 3.808188824113551, 2.6398504246762338, 2.7289695404515073, 5.676658864554544, 3.7040280438037274, 5.524226436238297, 5.954959597831506, 6.138115592098656, 6.601087028077401, 8.232174572927498, 4.142604863402352, 3.6939285210951045, 4.697429177269785, 7.725314836804652, 3.6223105264138926, 4.9959364696386945, 6.172408050506325, 4.78774867081714, 3.413893406916154, -0.920341756486489, 4.8381077567042885, 6.909107193928089, 4.696868420312175, 4.8273612032933135, 7.075431611150818, 4.2897092109340935, 6.403920622155837, 3.95483783825963, 6.781170385355007, 3.2878331913835046, 2.724647933759741, 3.197987858887298, 5.415216088653095, 5.875852866227354, 4.552915571783288, 5.857378236353393, 6.635165015450795, 7.682799301701891, 5.855293617086964, 4.9803084530301325, 3.923685539170289, 3.8341472969959693, 8.084763474294672, 4.677984698415683, 2.4622836132454666, 3.747644427377202, 5.8264063538936615, 4.0895877071210105, 4.287028842141102, 5.9729173752638545, 4.596973527244633, 6.056624145874869, 0.6604999489459443, 5.00117277387963, 1.6131537601078576, 2.564605707967111, 1.3685896733763414, 4.3440032737175, 6.316995173411444, 4.062266136109396, 5.928696704159173, 5.5820026075478095, 1.400822727948811, 5.602276865385652, 5.767225335688317, 5.35681204313482, 5.872794173566048, 8.689540903479076, 2.803776186957003, 5.478993524832149, 3.8886861436118525, 3.082398586935568, 5.839786987418939, 5.14405817464653, 2.149675023666488, 5.36293223311702, 7.039502476577844, 4.3936784428479845, 4.1911691207922255, 4.906346281818416, 6.8939255409352445, 6.561630970674923, 6.411779587439535, 8.106329742170692, 6.856990136297386, 5.962619678277534, 5.174225757880816, 3.254744971175094, 6.958963108088019, 4.9053246257322325, -0.35035732717918494, 5.663585410275881, 5.151116352719368, 4.631315339229179, 6.759866460064031, 6.598285509893441, 3.3884660193879483, 5.529983966106555, 5.526902167946849, 5.347690052013854, 6.420323715042531, 2.2105130492859493, 3.2858607161122024, 1.457891795051852, 4.727362702425563, 4.314182101740182, 3.5040204689134966, 2.9479780632890846, 6.734718880671481, 6.23128754359022, 2.369420273436256, 2.809425087832466, 0.6359501105147137, -0.2483029937135399, 7.226874567198688, 5.029331427286634, 6.036952284134599, 2.1508261561179083, 4.969015396316507, 6.2330119363249, 5.221341163559576, 4.728296622357962, 5.564028968289735, 4.566917704655301, 3.001131367290739, 3.177963525473188, 4.93760946470357, 4.64157931435693, 3.4861605682998813, 6.342489104595415, 7.49390812140907, 5.441981316659617, 1.5802858222022778, 2.921028269759042, 5.647657201167052, 6.139606728465903, 3.8914869196107027, -0.7965129713055602, 7.907973763987808, 3.2959382486029543, 2.434960491714482, 3.762342862297989, 4.238960491112744, 0.4471210146296348, 5.303944673646144, 2.4641486331436506, 2.8585790697092475, 5.595513930669953, 5.202706529704841, 3.198289852976753, 3.620135408913618, 8.277136948290561, 4.855269360405067, 7.476872525991147, 6.22699325587518, 3.5710515037153603, 5.627973271699826, 6.051684931148159, 4.683284306254141, 3.9176125363304206, 8.004946989204969, 5.150163616297625, 4.325867880629307, 6.743694526224679, 6.460888478526713, 3.1641452764285023, 5.522872654477014, 6.5246714096277465, 3.218603224086782, 4.645415052432641, 5.680894564076087, -0.7324059604622469, 2.690611739482998, 4.783407840361126, 5.384243615954871, 4.7530560446677566, 4.233339156529795, 4.158607884539578, 5.095454958438386, 5.619360129075247, 6.079341145645189, 6.135472938965734, 5.448003132219478, 4.3085985338184996, 2.867312141554696, 1.5987610058345645, 2.8809051354603983, 4.652769653045859, 3.7005779607090377, 1.43272449390285, 4.610925166005241, 3.54109861029042, 6.848510910909362, 7.801740667502238, 7.3901255081353305, 3.61922714992386, 3.2330626875495794, 7.228615291450544, 4.6974099517032455, 4.243930562964171, 4.8585723134199865, 4.636759706594688, 4.40657946841576, 7.7693093084522085, 3.6480806342716643, 0.6654339727382608, 7.3437151849576185, 5.206004289691675, 3.5479653505312356, 2.743545624070018, 1.3192159699712862, 4.7698245406018245, 3.3978987250785546, 7.143892313323016, 4.17010394169718, 5.320600073127802, 6.137189242616577, 3.49947607344529, 7.039808547884037, 0.5594847757649731, 5.3030261199177, 4.394761148040599, 5.190917609747788, 5.862858201880656, 5.581680496922295, 5.434298537826762, 6.37538246061197, 4.077352802933158, 2.1125815564312247, 5.067625320784685, 4.837068906917002, 2.822316304192091, 4.049173797654134, 6.099616034209297, 2.9568850292942157, 0.12347275741195354, 9.999839752209333, 4.48174109547831, 5.2961548961045235, 2.735625600314044, 4.711524145727085, 5.500439790746147, 3.0842498352530314, 6.312534541887959, 5.87171330669805, 6.520343241290045, 5.503495617491691, 7.44287155197689, 3.1632747700746635, 4.011468733966061, 3.5201420070786114, 2.775282319935347, 5.307325696369758, 0.3348642916781815, 5.740488053130127, 6.156141636578536, 4.176496163123836, 5.256227750140053, 5.394014257984624, 5.697084877392991, 3.6703060786087134, 4.034341314299268, 6.587278593291938, 5.785720959002, 6.58574640777614, 6.746371492245263, 4.066757975088761, 4.152752550541304, 5.174371191391483, 6.742121061090549, 3.8822329877657578, 7.091776483001146, 4.697563240327562]}]