script/wind100m.json
[{"header": {"parameterCategory": 2, "parameterNumber": 2, "lo1": 6.000198445256149, "la1": 58.999992894266676, "dx": 0.5, "dy": 0.25, "nx": 22, "ny": 24, "refTime": "2024-02-28T18:00:00.000Z"}, "data": [1.841467723998946, 3.2455971855861545, 2.5984499512809283, 2.0397038221062953, 0.7511067848093779, 2.3701828884584986, 5.342730171143372, 3.495617048839592, 1.6288730214156975, 2.9327324207988856, 1.560186730708685, 4.208829129019643, 5.135440937471921, 4.680447088350584, 5.237913737930195, 4.391796702191081, 4.841353847223836, 6.842278239851885, 1.2523166570001847, 2.240093003244972, 3.957501713274472, 2.7213349875396045, -0.32882737890253333, 2.162121133128816, 3.9100996855462435, 3.349861442110914, -0.48840245054255144, 2.3281020977835527, 1.6715345759724831, 1.7102112114486658, 4.215442246721612, 4.4580662339748365, 1.4606165915788352, 3.2629722274256068, 6.406109331257397, 2.5375025062356604, 7.295053293298764, 4.626867621538201, 0.8197169498438567, 2.441825803328991, 6.047756321413554, 5.783845454581249, 2.905634913971436, 3.119633926783385, 5.766876484732135, 3.4829154692503828, 3.500557026539629, 2.436155531739856, 1.2527903714548676, 1.0066410643580148, -0.9895536713647427, 5.542457044111526, 3.3858802862342317, 1.867448766301528, 3.1030640034268058, 6.264766755989267, 3.3481470046118416, 3.23333278661082, 3.1713347030520036, 2.9466438386214717, 3.9872433520861907, 2.630101472857779, 6.789634034829039, 7.64063660960799, 2.109519531653144, 3.7923881462470677, 5.468969001453738, 7.291567350053405, 5.698296929131888, 0.7362442314851865, 2.7298955261728675, 5.664995828768487, 2.8810039162596417, 5.686513024127014, 4.266765494618545, 3.197561944370327, 2.563810928258444, -0.0641701517031582, 4.474094651660501, 4.644427684024219, 1.1983111453270383, 3.6224750958605796, -0.3341785717845428, 3.0411465807884563, 2.2611934861133784, 1.2641847085301303, 2.269964759277547, 2.7414085323093387, 3.1824514805676207, 1.3529193265228165, 4.080435822916248, 3.0552285083729203, 4.128282915458151, 4.383585878998651, 7.224728287043394, 2.7922926795338774, 0.8571520430970526, 1.6067761093239386, 3.72599463267338, 7.646770702657392, 4.440816235603252, 0.188181771506943, 4.898194692558482, 4.266996834179994, 1.7939862792839611, 3.6573243236385005, 2.1317610037549697, 4.366715929295165, 5.355344898586278, 1.7804741964022586, 5.637671334797154, 1.5946801673442574, 3.5988099627082186, 4.1848118488537045, 3.8951169214015176, 0.9565246541189298, 3.873590348577613, 6.156861811133094, 4.698473263510469, 5.274778693578671, 3.9740576447383362, 4.005365180209463, 5.717833606419004, 1.8067075499752976, 5.628949793860272, 3.485984901930131, 5.985352658987051, 8.861248461965301, -0.9005779602314928, 3.9771594720708014, -0.3792023376305289, 2.514107870230543, 3.257946441077441, 3.743787511414602, 2.4695352193976166, 4.103641526187268, 5.135090197038507, 2.291373658278309, 3.2421573651805837, 0.5823809107320839, 2.9992096438914517, 1.7282722460390785, 3.140366885022752, 0.5900276090517326, -1.1714008883288998, 4.452085565995088, 3.4647906527509718, 4.001448087554276, 5.096327319585914, 1.9196635610176744, 4.277388807324287, 1.6445596115129673, 1.920949692619823, 4.80012616650936, 7.370541316785833, 4.404169235853113, 3.381256062041497, 3.397978292423236, -0.1676921729596823, 5.036959047343797, 4.780390626018591, 2.238259083617391, 5.347661303762042, 3.2949690037787662, 2.1592381538627436, 2.8248646087253673, -0.19991985300597792, 6.646738294912326, 4.279507296916561, 1.8198417723938318, 2.9342976586617073, 1.2664402698152182, 4.811054388347251, 5.082144819579282, 2.94081368127501, 0.5515681705420958, 7.136965734994857, 3.2705657670226693, 7.683713116904707, 4.972881061274794, 2.3523438368937764, 3.146155196396291, 2.184900024744096, 5.562640488671573, 1.1361371598476155, 2.817521565754024, 6.266822707305276, 4.353857623043314, 3.5931601667152933, 2.3683898561809866, 7.89704999329362, 3.2400318367346572, 5.145706308063807, 0.04360898447668932, 5.643218173851051, 6.25912861459346, 1.3798424961944709, 1.2559596274618394, 4.475269940504402, 2.7395061282345354, 4.6513138309034385, 4.2837933992506105, 5.375368431094981, 4.592148148617229, 4.526539825003704, 3.8920028202446457, 7.246842120951927, 3.9065063195688015, 2.8084623658974444, 5.8016839668403275, 1.2459274772444302, 6.545191671690923, 4.23014387558169, 4.246464904845497, 1.8833730811916984, 5.21351753362596, 1.6587154363231644, 8.604992717592538, 3.595967544631045, -0.634439580544391, -2.4543792155130832, 4.146911296440782, 1.5854021878038687, 7.4334080543352234, 4.965897555447849, 7.389133683409578, 5.323155632335977, 5.855687275368057, 4.625103784254184, 3.6215092310363297, 3.915477564511075, 0.8688640829699992, 3.9089511256147094, 3.5957176346897417, 5.27821210133702, 3.5266536822082597, 4.790392633813537, 3.235337407151046, 2.578734092940858, 1.4218634458246748, 8.75166322342673, 3.6139664326832968, 3.9547964614709614, 2.4803064189472734, 3.351625023173223, 4.752665910789314, 4.914435273255534, 5.139840601788989, 0.8387470129540167, 2.7754429448356537, 7.590198124441104, 7.813652749920231, 6.110047805290473, 5.071246018106341, 3.7165426046365004, 1.0562190383626886, 2.6904882105830312, 2.6936630294255783, 4.198144747272646, 3.8674244310256665, 5.2515601814064805, 2.52899526839114, 5.7121056307664615, -0.12239368540193271, 6.710300283791056, 3.6560994449991777, 1.2641351360863557, 1.1013724446268587, -0.23404264613669185, 8.27681579235633, 6.702265750431105, 2.2458255343291706, 8.168685465387558, 7.0137303087688245, 3.3500481342758284, 5.429091106547372, 3.1908622171264587, 3.625578634851213, 1.6644956301464042, 3.445660505648448, 5.14901634473748, 3.7879771705784004, 4.865231115831208, 4.8028292678674696, 3.3257978615038355, 5.149900627482945, 4.5202532770204416, 8.375750780964603, 5.816049498353242, 1.7956483541884112, 1.8164422095604815, -0.4459386029571054, 0.700610747912304, 2.318290507758282, 7.041091279091133, 3.221320283002764, 3.1289526566628107, 2.006393648980309, 5.446755999481419, 1.3750045365502557, 6.066308186232515, 3.9287798741605124, 7.395717442230682, 4.2043753312058545, 1.3553586567278595, 3.2728796703122836, -0.29513608101305944, 0.32567812704686844, 3.888386033427465, 4.244228490622246, 0.4104441195675147, 4.026355145694807, 5.450168968772389, 6.054801067621107, -1.123290344412889, 0.7488571877927712, 3.8459923177439963, 4.001972733211479, 6.011949368094913, 5.561627474574801, 7.607868474999985, 3.942576737306827, 5.008533448606897, 6.215602679698681, 2.1691817721800657, 1.1012100295993619, 5.3301804798582895, 5.728001537333801, 4.224684181507261, 4.7472902617508295, 4.203907644814007, 4.021963775520705, 2.896686900130009, 2.76815958982782, 3.4389810840727746, 2.924025962346809, 5.565779978562396, 5.012465566274179, 2.6841055791513897, 0.7254899763876795, 3.9292582768045787, 3.0940911022583695, 1.9251906651359776, 8.40383575364396, 3.966470395520324, 3.0414823154049437, -0.3750635530433385, 4.973211777263256, 5.058397963686377, 3.04043095541849, 2.591207734546924, 2.0742201314735156, 3.5167064457233588, 2.223331717289726, 0.16986628885835867, 7.352436832673547, 5.617994669192807, 4.629272499514519, 2.766750677725143, 3.5253172318743826, 0.5015087104765138, 2.938511437361377, 4.452940889418753, 5.634956331852824, 0.48926837275999446, 4.514088913444871, 1.2016136003241493, 5.079335501755185, -2.2111735387449514, 3.823719946416308, 3.358455139698041, 0.693006079682635, 4.439592690872919, 4.038348891585719, 2.1084583647088273, 3.085701918337776, 3.3846162511460918, 4.546221501556109, 1.062957767629583, 7.122860300876223, 1.1988013194565534, 3.3984884458821427, 5.092396692724146, 4.728058261629618, 0.5304742638316859, 1.0632073600805623, 4.499076405763238, 3.357081687808579, 3.246958973687547, 5.827551903493914, 2.272032978887533, 4.074073849410475, 3.268169302047821, 5.9246794734613015, 2.12401516707866, 3.321759129524285, 0.22773474653067738, 3.971502939752418, 0.8842956804371968, 2.2927644513248624, 1.5142664853076404, 4.620700820096905, 1.7178579346959075, 0.5843552713091861, 4.118868827319967, 4.578292287683949, 4.235548341445442, 5.406031057736587, 3.9756383126423387, 3.3549316969458474, -0.3290209414446752, 4.642258429637764, 5.395820084702669, 3.613322773321097, 5.454464939915449, 4.3304737984535615, 1.2563589491741773, 2.1774057960271604, 5.421934045811897, 2.0022117006533984, 6.829124784783655, 0.002495539093690832, 5.607042320831282, 3.229082291662383, 4.1607220873477555, 1.024286427098243, 5.305167365229294, 5.550912655289368, 4.954316587372468, 4.747669997885607, 5.029812103802373, 2.950709359910208, 1.4234866206324543, 6.501677079713939, 3.7846420955127176, 4.500708315325495, 3.6289780713546884, 0.5312128822708967, 4.427687974208025, 5.095670821258716, 4.8822187030018664, 6.693286986691652, 5.729284474811691, 0.48125137338946683, 2.864141911509718, 4.945907935975911, 1.8002645996701505, 1.2920831233800028, -0.4471983211645404, 1.0614366949059415, 0.4054212308868073, 3.39300981641731, 0.4196677384868369, 0.4299354279059365, 1.0457953129815336, 6.846939027795868, 6.208379614623583, 7.736196943057935, 0.7210246088417951, 3.8107024561932907, 1.3297641761237906, 2.8417854234531985, 5.680629210311661, 2.436537119752, 5.394377104613313, 3.1476840923964993, 2.499911984919821, 5.795792430774584, 6.255495917056905, -0.10158857530904541, 5.221374441396255, 5.011394876131568, 4.280200786041653, 2.351440198686567, 3.8354269120411733, 1.6069230186696368, 6.0512930412540715, 2.075568653659008, 1.9823788315475483, 6.461412255931146, -0.5384111320478876, 3.1791910357219266, 2.9229341395789703, 1.7401180917508687, 5.807142164977587, 4.7316403829683615, 6.640935969265532, 3.4489439045622543, 0.24837033278420292, 3.7203016548990644, 2.4936354522502606, 2.4742530609768894, 4.104455081721963, 0.2097682276093459, 5.089045597891583, 1.9549034882716991, 4.884290163695127, 1.6644647199645182, 3.8403272893381364, 2.719247077779481, 3.3059999832942384, 3.182987888670745, 4.98333340458337, 1.6811910472115899, 5.610169055075743, 3.9032926625012583, 2.1450065072896254, 3.628926208625475, 2.324553405319163, 5.798547560415055, 5.198544562597966, 8.2344622908297, 8.04078075059173, 3.6460993713352083, 7.801914152255664, 3.5543761599931365, 3.5579422697641525, 0.9895430630459414, 2.5974795205090344, 7.967383564527351, 1.4298054096841415, 1.0176791170286579, 0.2625816571460012, 5.167162821172249, 3.839933561261833, 3.0820271075719, 1.5559937947084996, 3.754732405132352]}, {"header": {"parameterCategory": 2, "parameterNumber": 3, "lo1": 6.000198445256149, "la1": 58.999992894266676, "dx": 0.5, "dy": 0.25, "nx": 22, "ny": 24, "refTime": "2024-02-28T18:00:00.000Z"}, "data": [8.204579270200425, 3.725858292414151, 6.670840305436488, 10.833738121275625, 9.852798752006494, 5.924012677024165, 9.869977108883681, 5.366490436647963, 3.465880404652793, 4.415972131456016, 5.540121891272347, 2.035482856128158, 2.257104125027194, 1.9656952177196128, 5.790592329532714, 2.7505599314959457, 2.5577753041774396, 3.858310044159603, 2.928953857720986, 0.2510478338896924, 4.559230425409056, 5.544217433530021, 7.407445914598749, 6.59759045214321, 3.240457658067692, 4.836707374541712, 7.691393425485244, 9.933442668015529, 9.685843995832263, 6.485406863723654, 9.98719243493794, 11.32926029080898, 5.43172467519801, 6.495974327501627, 9.099472032708404, 6.682153863879365, 8.551016211479288, 8.958053535311032, 5.494750703351774, -2.11932379956837, 8.66685948770409, 6.241703868911211, 10.622582878965797, 3.845960483118129, 3.882593470191932, 5.8720478839557435, 11.026123342977627, 3.010052508540933, 3.1770736199296974, 10.008996747986592, -0.07294884915039022, 5.3975674366744375, -1.3977403337812009, 4.352630556949094, 4.62508735508808, 6.57551071365475, 3.1481930835985557, 3.2328802142162734, 7.514185055314275, 4.44619441936187, 4.935869680201068, 5.977408290293384, 3.55074099889572, 4.32542672933462, 7.359594656058638, 2.9680002626242397, 8.608845533479732, 8.594682103206795, 8.21185568374393, -1.0750106911713118, 5.325908200332542, 9.875615056670995, 6.2921829027537575, 9.931503115477923, 8.574646691730422, 11.11517386359485, 11.1106108866173, 7.937776074068228, 9.82271721557049, 8.45360541876058, 3.934461826406713, 3.834751758016698, 7.145941332093221, 6.302591380889897, 6.510809711913019, 4.379553882339571, 0.5147664480193007, 6.743903249465348, 9.487576584613782, 6.9330828369663475, 2.7430450377162825, 5.341382338077588, 12.05592571463595, 6.550579085827184, 6.207217733421943, 1.8858517143601619, 5.729781689701226, 4.2295162635677865, 5.319711555930238, 4.2734600763286075, 8.164025159953527, 6.930423407651243, 1.9192209700422591, 11.232621219672412, 3.026079445173505, 6.899570500382184, 4.822793234713859, 6.0121489044094805, 9.298774935562607, 6.718945181098392, 8.041818181993744, 6.476371450855674, 10.379923081355226, 10.053959104827591, 5.92067374502292, 9.177120057685883, 1.6921280359010933, 9.162088835155911, 4.07659419650007, 8.232948471408296, 6.205681677805709, 4.77969470006689, 8.455653323259634, 5.333197118252954, 3.2843131651230633, 7.43578272556713, 9.259101287129447, 5.756707826367864, 8.48491100023057, 7.263246442259462, 6.987385354159543, 6.630159775895689, 4.619337977225811, 4.8054749235486485, 6.17074151690458, 11.693378181486604, 4.927516444732028, 6.0308455530988025, 7.662329111569371, 9.003340991460691, 4.261771086269731, -0.09625940960615358, 7.420441998179524, 0.13364837518481404, 2.9652748125912693, 4.199557800819536, 4.636937357678416, 9.507643271174995, 5.467733352844063, 5.644466654230328, 12.059201326634613, 4.205119430539623, 9.673544126711013, 5.362647521564858, 8.37064192138524, 5.99818159626116, 6.254199042263113, 6.223396869523581, 8.29232775822988, 3.0015254149990533, 10.175018632085878, -0.4716999385877275, 8.346077363686614, 3.2539596890225853, 5.767205589192397, 4.2561535072428525, 7.725288416622858, 2.1867349129939324, 3.926636321999501, 5.272630224826455, 6.046911870984895, 3.253767867026473, 10.79019079189496, 5.394013443425533, 10.392193881544971, 1.06712994876747, 7.87315207922917, 4.672057551710301, 4.210040125928243, 9.175462723201308, 6.054095936281625, 6.761828987912016, -0.5906393908324423, 2.155532402163031, 6.091317478931436, 6.187621167383973, 9.009753263158427, 2.0039828442271426, 6.474762263404981, 5.5958298848233525, 6.591037474745689, 4.157392006962082, 8.828286570890633, 3.5666764504930892, 3.343208373166254, 9.322735176371747, 4.307177914715488, 5.273859947894675, 3.9779737411333684, 9.19601668803416, 11.4449283360064, 4.355010828231382, 9.650014121609367, 1.6881372632704392, 4.0388468576669, 3.971820699229946, 8.495604291848881, 9.637624572987516, 3.7020781134758765, 7.839163541256879, 4.688212871167809, 9.68625920920132, 11.31626935120442, 11.379891048923769, 6.389483208979347, 5.653620886344535, 3.583368958899256, 5.1011051251218165, 6.870223674443581, 4.563997871576357, 9.456427329425727, 4.863797998208369, 6.428248584865465, 2.5064499410512493, 3.761557202304678, 8.200501525177025, 10.058815765759405, 6.057794215618282, 3.3858724753980773, 10.238740143985567, 2.763397810941067, 1.0618848813631168, 6.246012750468073, 6.762972565579786, 2.8584855205739106, 5.9253801591243205, 9.35275407295322, 5.864595599811196, 5.713045273442831, -1.701098960393874, 5.327561442645676, 2.8908388596576526, 4.699907983774983, 5.0848472541573075, 6.2343234097377405, 4.989409819682662, 9.944267422875516, 9.708220597758586, 4.260803226657095, 6.428252185426658, 8.629628482591908, 4.334224898614634, 4.425342819849977, 2.211223871172675, 1.9906623535004422, 8.451378545314176, 3.955004169745394, 2.9989397508183515, 2.8197654494513933, 6.866820417031296, 8.173044891003359, 5.427157507208548, 8.855497817516381, 9.360218807541797, 8.955588558888248, 11.179043795839425, 10.295119193879554, 5.308799546075168, 8.659277349126635, 3.7434894060752275, 2.927351077218884, 1.7009870510825815, 3.1451756433988387, 8.885637273326278, 3.863773738787193, 8.325635492287006, 3.748668143917226, 1.1172994004689591, 5.922508958409447, 6.613133616810216, 1.5323306476773972, 2.09655260408587, 3.355526603208714, 5.470951742358958, 11.11198178547813, 3.8896866575538347, 6.542867740021243, 4.3409299995975665, 1.3976511309422044, 3.076574785251528, -0.42163467881083, 7.865283901686394, 9.883879052402671, 6.797363379575701, 7.5475045915458265, 2.1858165364453397, 3.477346255034342, 2.9245768757266917, 10.095574151200468, 5.689292472949628, 9.774499588268418, 10.774868475332285, 2.941678868670116, 2.3305912199060246, 5.663135741060052, 2.0661551079869533, 9.142873784763117, 5.931481159108349, 5.310787315287005, 3.0299332815537467, 9.824692088760312, 6.30334803552784, 5.7757048996187095, 9.785189177991954, 3.0784045013828494, 3.205113790363888, 10.80314530558143, 6.941600473451414, 4.007330537249583, 2.4894344921959846, 7.537895076913842, 4.5472134295588305, 9.249062691769382, 9.434004503398661, 4.058665533243752, 6.4378013275142525, 9.84109116969799, 2.7699654053349625, 7.397642799867326, 8.988630979335348, 4.579050594451958, 10.619523989853365, 4.694598238217971, 3.8492512538273966, 7.83847668706376, 6.8958499988340245, 2.0755564531526707, 2.8685119567699084, 8.166886411414675, 4.079393002725516, 9.77300472001107, 6.303875535460232, -1.7511794950555828, 3.153459519698455, 8.137610721454957, 10.373888934932461, 7.671256413307786, 7.923529033738673, 9.27978553687898, 2.979108566802624, 6.017827962124757, 2.908192304343886, 7.548469829424725, 8.874142911837728, 7.98974967132832, 3.7799343839950112, 2.4567363036572765, 4.683887717419152, 5.429790906065969, 5.322059134596532, 10.150152864879779, 5.461707010991757, 3.783660588101137, 7.709506812992822, 9.749629623063372, 11.606251535961254, 8.11795419181772, 4.082798475251715, 9.361090112420847, 6.941441090032132, 10.003478751863979, 1.4401053403421629, 5.247954661100167, 8.948767605088879, 4.976023038798405, 6.152113585284953, 3.4408079429005496, 11.226607925595278, 5.0497606494659975, 7.6077672630589435, 5.728634540591344, 6.577520239394076, 5.085884319169249, 6.256176205827246, 4.938865923892623, 3.823862550851785, 5.255172797980135, 9.355013444227867, 10.450799910930112, 2.6022976950605092, 0.9632365163274592, 2.983849463897806, 2.7871038275289086, 8.922397097056963, 6.346819269833282, 4.058770649677436, 9.687557146639788, 9.760200597478152, 8.467453236754226, 5.780743183024033, 6.829078781463648, 8.37218038095988, 6.366194481636879, 9.524619923663078, 2.924941856777076, 4.282659619762088, 2.805278571122334, 9.243152382173612, 3.5117663033408255, 4.438384952808103, 6.46513950518555, 1.5002166943275437, 6.410065774521681, 3.982666650599104, 5.677654306912304, 11.32868813241047, 6.646374375265204, 6.721397495112599, 8.408895142319999, 8.423400906820184, 6.7179195441792094, 9.510229244763856, 9.172460883050585, 3.2193069974207513, 5.186184171496002, 6.192286473985577, 10.584385551600318, 10.340209641097118, 10.984439145423762, 8.51943153966459, 2.443337880199353, 5.525428055335216, 4.103791645880957, 6.633276771853251, 6.820272864748237, 0.7254464093849816, 11.001989962902211, 7.820665398668003, 11.07528722939827, 4.702784257408085, 7.792518233747016, 3.644400640079614, 8.77819190364414, 7.982642850421492, 5.029810252760142, 3.6813319987244637, -1.3588211518284043, 5.684227087338593, 7.737404256056589, 0.1448154810634324, 2.1459599732840213, -0.4874955576747165, 2.214175774486269, 3.4629236132802537, 10.665528850323668, 2.6888749097805458, 3.9178877637900977, 8.142980180762299, 8.399480077676884, 4.607469977168084, 11.114647840276396, 6.934068375354011, 5.5670406900570475, 8.039249689081366, 10.439539923490454, -0.6138393866540477, 4.013046500672712, 9.131618206406644, 9.917874214878552, 9.780311677689232, 8.573940491547388, 2.1269330860004345, 5.370317637507621, 4.63568105688774, 4.079034919523298, 4.136383669429431, 2.289856510592478, 6.981630468409605, 5.602525143745307, 5.025646884594766, 7.111336896480234, 3.054469143916434, 1.6920588233594658, 8.287903473994676, 8.983597914906458, 2.3332148160316373, 4.398704369600596, 8.909075083616251, 1.0006175614002226, 2.9583178232378344, 4.560751502189803, 5.748978940484091, 4.892929768473542, 1.8957395932420038, 9.440360325521297, 6.388705068560819, 4.073758324663972, 3.62816464799068, 2.359831977716186, 8.87371340552829, 10.008525014874868, 6.78168687387363, 5.60500646487685, 5.488800471966577, 4.072265431767974, 3.936303658227076, 9.611173982812762, 6.626437494365996, 5.15247102925156, 8.504184063573453, 3.8347069245385677, 4.284983028459427, 8.67653295215152, 2.6112098256075202, 7.139516780555734, 6.0495578588211805, 4.709572014692214, 4.916525148009052, 4.428424193974121, 4.367488672114887, 6.491080177520853, 4.571920723399532, 9.913885631583232, 2.9833492299079354, 10.861593752494437, 11.104652589830705, 5.392271586960749, 4.552343489237557]}]