script/wind250m.json
{"header": {"parameterCategory": 2, "parameterNumber": 3, "lo1": 6.000198445256149, "la1": 58.999992894266676, "dx": 0.5, "dy": 0.25, "nx": 22, "ny": 24, "refTime": "2024-02-19T03:00:00.000Z"}, "data":
[rows 0 to 23 of 24, columns 0 to 21 of 22]
-11.621050640485803,-12.733364512156651,11.746299757536883,8.729407589764401,-10.992850129565916,-5.062143055610024,-10.861046471251866,7.553898863798744,11.711440522081709,-8.42955553314657,-3.0615864198107925,-2.955634452381604,11.416645852780855,-7.2022976079779735,2.2398709189900563,-10.052050842172635,1.7773073994224857,11.767824978695263,0.07856154790642779,-9.897435838974364,-8.877907703909127,-4.914333872524636
1.0070747763850563,11.018707299033094,5.415223536318729,-5.045279252796294,-5.5887014886627515,12.982821842701242,-8.727684801117583,12.364380752463376,-6.609452979780057,7.290496981484694,-2.27307324709875,-5.7862833188100575,-6.727151712831732,11.309993206361199,1.7168588734594494,-6.487572134479459,12.566366142222053,-9.071721942007676,-6.884012481263269,-9.980702913949147,-11.841579815160909,9.636969535003443
-10.695178916035164,11.89408324745377,8.79715670924864,-8.35851470837402,-11.487436636285512,-3.7164851806088173,-1.3676087655581164,3.4919863318655087,-12.560670027249822,-10.585631960280164,-8.532408202535157,11.54125126583445,8.396202270308441,1.010886399526657,-10.026522987411967,9.291091679902982,-8.334673445588006,-6.299357097526728,13.26766521544222,-9.23278498382402,-6.913101010656156,-8.055928806735665
-1.6745534024386903,9.788163390383577,6.181706988986567,0.6044968799547243,-9.951408576606699,2.542631121646712,6.675066746605804,-9.824126570452492,-1.1271952823950844,-11.15089481788519,-6.920283627633745,-2.47217181542932,6.621911569242845,7.268413143636949,14.031790609997337,-10.392298523445344,5.759479399329286,9.307526062098141,-9.528206516621271,-11.461946584170619,6.492301210618865,7.122852250234619
-9.480583542477282,-6.830588135261928,6.298702572582672,-13.639972196651906,8.202021907211874,7.612649396085909,-11.149604633346753,6.763495889966306,-7.9636995357370814,-5.251824736237951,-8.26551287959051,3.53764877045479,14.317580150153812,6.264882888731732,9.875803975436005,-3.929888034370971,-10.300940956661305,12.141217794328632,-10.002522002647824,1.100389043203879,-6.650971488095281,6.483315493516541
-5.67559262579892,-8.000782169167936,5.675551601703297,-7.149136220776423,-5.569701810808138,-8.424803307630588,12.270178812095585,15.43135363554114,8.138227551153475,-12.914540757027018,-13.333774789480305,7.068474557843925,-1.208320278806172,-5.088962287319226,7.924847066135109,1.6677601924113776,3.9730271577414182,-4.33955547258943,-11.034146597969798,9.203352807435042,-8.118283359044192,10.321140157799935
5.630898276265359,-6.995937601582028,11.254521600523798,3.861431316713495,-2.58274965386721,9.864689989632412,-9.691558843263522,12.78906040335687,9.855388653037167,9.933644781297005,6.973475258625474,6.662401239115355,-10.414540627254079,-3.345480248919944,0.1442471195196109,11.069646940395819,7.747423091809348,11.168052324626178,-0.013092628696412301,-7.679661028924633,-9.158996401315807,1.1527063877847585
-0.15390873430132085,2.6027039546119135,3.7623378034656936,-9.951265665826405,-10.031650045120491,-9.932542612840107,9.889158046772112,12.87975228529508,13.699139660764487,-1.32673475607542,-2.5887282794475883,14.462816223072231,-10.837689776058072,5.541649560913964,-10.267546959432712,5.4176763864579165,-11.8324750732873,-7.967368263457917,5.348410109825417,13.701574643834785,14.889203482398912,-11.975579263126372
-6.465283448502286,-11.93547114427013,-10.92079747961642,-6.97757505386862,9.198442021438401,10.446070358164185,-7.681667945076914,7.107330345801127,-9.222982937524364,-10.825415689028763,-7.774063224085334,-13.115842021560217,-10.003037063050337,-12.237633184286521,-6.269950013881283,14.664644165515394,4.969994834473806,-11.61607019095658,10.179961779094258,-8.420189592915388,-10.597445355482002,-10.721433913393714
-7.55546263176968,-11.669808377940393,0.9391614304534028,1.4969224233379461,13.974455710624355,-7.630108264739012,-7.7339503541529,2.022111359349264,5.622405829856819,-3.486397890794896,6.540069946007626,-10.678988554596229,-1.716826024033419,12.873264155899324,-9.20972415148143,-6.103515704337488,-10.362382869207073,11.152880950279863,6.39161291289416,9.188458665503157,-7.15822613570746,-5.3495927316119465
-8.274749483533226,-1.0721918139622237,-10.069112783180396,9.824199812941133,-2.2824460600803813,-7.925785107326547,8.533368537061381,5.50515365637295,7.881065339352894,9.645732798951094,-11.074236720593639,10.83228793543393,6.4837466352140085,11.430622327418675,-2.5890895776150966,7.938268924730487,-11.209468124653023,9.184387661046397,5.548945120970742,10.546422809438546,-9.455248233203799,-9.609398511690848
2.734853074636267,10.168422783902281,8.18936861833035,-6.884124952841596,7.986701951190418,-9.232930897508908,10.56688521774837,-7.335243541503343,4.560607805055267,-5.381684909652156,12.148919746566103,-1.3371575074812379,8.984222044880257,-3.7133734068536204,-7.971971588114079,6.049100911676194,-6.798756987930995,3.2911308486540682,10.8142718766202,-5.764902024274524,4.68249397004586,13.409442425369734
8.800406047094198,-7.56097324578075,12.523156527872585,10.614236371781635,8.931729791579839,9.739643289755778,12.812335974630919,11.658480024467595,-9.025253769793755,13.678264077836735,-0.5065144481474747,-9.041070793469258,-6.652157724152816,-15.088995486266866,-11.327317226858108,-7.505616509743435,-12.987640192133542,-3.8571860809282503,-10.231374576339048,-12.146276554555522,-5.8614126389441665,-9.45441491818532
-12.136190871383544,14.164680817442964,-5.568378767833582,4.125120190104263,-7.756656661046569,13.964021161677397,-10.111053850833654,14.746733512400356,-7.243456653600971,12.045639595948044,10.684375364462722,8.689740292860087,9.06896942383903,9.155311498270114,-10.569405578469462,8.995520691812544,11.061203085816317,7.823593378903651,-8.133003777720537,-9.088585158291693,11.960009922597148,1.0575808520061754
8.95158026252968,-1.0584862867945484,12.117396562754653,0.8552827268191415,7.487351321360095,-1.370575699790506,1.1198110842557645,-10.90793476180327,-3.0570093287145172,1.4680618752591201,-13.759148124939527,9.3102768752894,-8.793119617336838,-9.734328264317728,8.260073933676239,-6.442029392701444,-0.9629461410429851,6.636809145948738,1.971732555415072,-9.359229672233306,-7.5808987162664945,-1.6190751159289887
-11.526843572883317,-9.531892107461127,0.05672612062736789,10.670547393919948,-3.073739393153567,8.929547662910265,-1.5856333762110837,-10.057890457782939,8.6202119026223,14.01696944798876,-9.208814290940708,-7.641624221082698,11.420591344928114,-6.205392044262868,13.306554050838333,-4.763147234295059,7.482609501009236,-10.47844314693142,8.49574983495287,-9.122487234371997,-12.065623687850653,9.723581785387573
15.040532530469141,-3.156932079160214,12.46668679396059,-7.872712040630012,-1.1620150417412083,12.844294214812553,-6.1398706630010444,-10.856250865480696,-9.421569123247302,6.530195757196337,-0.23331626843124492,-3.9978205036045913,-8.916699098806019,-0.9965688444787034,5.208917775624552,2.1450426466702193,-4.833898729802828,8.356356312815148,13.355138505618246,10.466618400494012,1.9079340431894922,13.3147667147955
-13.75118544652793,-7.17814484631512,11.417501472659405,-3.781256223839807,3.8515432608394815,6.870431195731152,-9.573833079848576,-11.011206372595138,4.137361191332336,10.706393735463596,-4.923731912045209,7.961250463730181,-6.563958654305162,4.583962858476789,-10.430566839044062,-0.1436284830800575,-12.611692670249594,-3.7379343810732024,-2.1753917881327456,-11.82784827125463,11.147706914641887,11.731712245720466
1.319877548905439,-12.21645988642165,-4.05722359920187,-2.300584607578632,-9.540203994273254,-14.800419630985841,-8.235834282111979,8.61570136889818,-11.088844040925395,-10.31932728026295,-6.869657921337285,12.387089768391949,8.50761928283853,-6.130734657715042,-9.106369659673323,-10.440940305042055,8.06213508039578,-7.682208381305824,10.31276577649084,7.245037288802382,-2.285512539965489,10.245908548880315
-12.634859667395352,-12.340307533795961,-7.601154549627793,-13.087249874559705,-7.036997740009191,-7.291443869860952,-8.75519414124653,-12.421133542842103,-3.318748042024278,5.926455719516305,-4.757309934835724,15.277919212457597,-6.526686466773965,-8.859152912136903,2.3636291629200605,-2.195779215475309,-6.986135542479948,-8.984120088359584,9.212226472010139,-12.42429111801356,-10.303488351427774,12.98663215610806
-10.853156804795457,-9.438534306627556,12.238353463163092,8.154249494646864,-0.11469933256114104,-9.571825999042318,-4.7284839095118185,-2.863989566050992,11.605084775268553,-12.84893691316632,-8.125696269857198,8.838352799649106,-13.276931370401615,6.11110236520459,-10.594611080686326,9.853103937689102,-11.261993622424791,6.70295778116662,-6.570189842589758,-11.767154587323933,1.4874546113998837,14.975216649218648
-11.487188632859791,-7.293018613962633,-8.400403188115387,-0.956232949091091,-7.894945602526085,-8.654926674851321,15.220939576550984,-5.5341413274077285,3.568673214093324,-5.415245107841271,-3.051940143443825,-13.469156817222323,1.7267928607624357,-4.410945977886854,-8.929777665569768,-7.021540682117992,10.41982479491025,-6.646375119944859,15.005469501364502,-12.642785671164187,11.664722175996573,6.428009549526472
-7.673356300473832,-7.424630109557622,-9.408136564720532,7.723625653861973,-13.10337656130002,-10.824920539139764,-0.9683394831505058,0.3000447618626989,-6.545824186446738,-12.08390418663923,-5.164424397378381,-11.626001989344863,-0.7902165528615485,4.230366578335072,-11.480708287421368,-10.056679767583566,-8.35493165146923,-9.2999845176351,-3.385072796713249,13.160319053267294,5.223735214381913,2.807518048072073
-9.078727046560694,-10.455648704749393,-5.101466381196947,10.429711074102562,-4.9712430390017355,-10.020405136638942,12.701533159143322,-2.336624799673658,-4.608505200917626,8.331893061096435,6.716101717371651,11.590104582328358,6.3551668509638715,10.280860355792596,-11.162812938171264,12.102720207718303,-8.02448437599457,4.147033956912393,-13.157466439933879,7.2470312269905754,-7.579779705192627,11.453503154874829
