script/wind250m.json
{"header": {"parameterCategory": 2, "parameterNumber": 2, "lo1": 3.000054539987559, "la1": 64.9999836372058, "dx": 0.5, "dy": 0.25, "nx": 34, "ny": 52, "refTime": "2025-11-29T23:00:00.000Z"}, "data":
[rows 0 to 23 of 52, columns 0 to 33 of 34]
12.292807679853485,12.970250722617623,12.933020167472513,12.390026836796299,14.579162273698067,13.116224068525515,13.315746785550303,13.582417267449596,14.072169122296348,13.056529995854698,13.828547059513651,13.59785190960971,12.662580270357303,13.616606378211355,8.6126617031615,11.31166652150656,12.724872575975946,15.444843133802062,10.273299310732442,12.23681296324819,15.695215254857553,13.363686588250669,12.600255623058596,13.45676462978255,14.154143758429594,7.862834082983409,7.977384596524892,11.288165424590527,11.41202507481891,12.315967403050024,11.769133584697633,12.972493123869782,13.79761406004766,14.264378635339215
11.441082768558891,12.109267136172848,11.520767887100968,13.141091836510746,12.586737484579563,12.070525478409747,12.292928570505664,12.597162039441958,12.853001613124281,12.628894754289805,13.137585078888272,12.300950468549775,12.421753206346763,11.594452578953206,12.05657637093206,12.99223420450608,16.0158371014413,14.75196966926783,10.525017665333133,15.053241566649056,10.21169075837779,12.974108274408826,13.167308669514435,14.930083667025905,11.65482382077276,9.870837827262532,11.05228444344784,10.104993956980959,13.11970637190958,14.062143259813494,12.064470070128293,13.821347697604065,13.067722986426174,14.788689379312768
10.380514184112224,10.480538293644305,10.611310684958726,11.462470861476564,11.118054527578323,11.644022735285366,11.665519073192664,11.779017923678177,11.11945126860399,11.212252993335992,11.494469291653301,11.011708125304553,9.697310589148717,11.438028234373544,10.574174723218402,12.491527534683138,16.57024027304208,11.28136987805286,8.157101147871204,9.658679169869112,12.219085373184457,11.786259139181325,11.063903879501508,14.83317308672008,11.142662935900177,9.438978026043003,11.011876624479413,12.017388860589556,13.29731312407322,12.445277177114637,13.462216158373307,12.28996983634671,13.388889487286866,13.503036169728997
8.650172896003932,8.804511980762324,8.916426310869646,9.42782609265319,9.973381574880456,10.305360491146558,10.067210982873693,10.330760074517569,9.978508571736342,9.678606342559313,10.035521307852868,11.112299954305765,6.7121222232806295,10.834110196609425,13.838648280831322,15.970631561754745,12.05544518203191,10.021652254844051,13.475068331291894,8.990227976372564,11.399801387374294,13.807327584530533,16.08635400947057,11.807296169203216,10.212554854502867,9.993968727112973,11.648361677524306,11.953728314637614,12.08874538496522,10.171269150893817,13.036502001982646,14.306794559494309,13.17318557312398,13.34482498983381
7.434727630852641,7.2620898609661655,7.67315967147211,8.100271614349303,8.677380798608564,7.832435243137674,9.87351508133198,7.885238267003753,10.241300188468092,6.818100814099953,8.444310305837973,10.357214599783541,13.316076692291407,11.247214342569112,11.367560088335868,12.350663229381869,12.88597576545379,8.546024561748881,9.167954644365485,13.747551699287554,10.95917824786488,16.829628059956026,11.049579195013223,9.755493895972695,8.342196706733164,9.718518188405689,13.07994421656589,11.65761345871129,12.171011002794073,11.941353419828202,12.40014411633902,12.871020907805338,13.656726968996178,13.70398869129535
7.097830520215167,5.52825851570767,9.022220228438592,6.87903762216806,8.395049005864161,5.79396532296849,8.14118137231996,7.63821779233084,9.957105285628032,9.440388756868108,9.825611137482818,11.340238304999426,11.16388885393762,11.814875589475657,10.137554444750736,11.347763900264457,7.638207625925474,10.384287888065852,12.073193642162115,9.075880616087248,6.737376792198136,11.5302365443815,12.1971245314114,9.734023686649133,12.124665223042001,12.819136869811445,12.236387408907582,12.555181467514863,11.459433827880275,12.199550167021147,12.317756230506179,11.03223647444615,12.330182500050567,12.404898824541782
6.963298576151765,5.7475564863371025,6.90951333007909,6.9011715086857475,6.719566796308573,7.426790361755921,8.372878470565803,7.795540614941222,8.823209993544946,9.177084335018302,10.681371727696982,11.178706143938856,8.487706830955013,10.626485456384957,8.931558132611569,9.026101664546742,8.918386072085609,9.57308452614609,11.499585999862438,13.045848418941778,12.803705539561546,11.188669164391658,10.865060599288912,10.220777512336939,15.408533172399151,9.524093333766192,12.93699251618733,11.557600822016695,10.878498734527078,11.909744179216975,12.444923568552698,12.373761878605631,15.528551368337869,10.238561138946782
6.0633480125913435,5.599246706767641,5.242900339438534,7.34775164616076,6.928756644486489,7.580204766884509,7.344206315178215,7.7573145065736355,8.344659686380794,8.89031762624893,9.01590188913958,6.785591978360099,6.689102946104389,10.316562492867776,7.4923394527998415,8.094093218110213,8.206636971077527,10.848159943770774,14.164830261466621,13.377457938857475,12.63115904885381,11.356536204322015,11.92823420481549,11.852118329294013,13.780077977590798,9.911042727794884,11.775449056997395,13.730886536069525,11.132574638021856,13.736695299241273,15.007823402159659,14.07748059803522,13.67036048358921,13.937859008901057
4.0727291716074445,4.532978539624478,4.78678365204662,5.152233854573973,5.302877351646227,5.598234673263258,6.123340170047255,6.548902279382065,6.475026784146771,6.70407396600338,5.091658268705041,3.867679624187877,8.880126715253624,7.25314582187281,7.864396198416486,7.6271635239591475,9.676904993459502,13.413083026000065,10.424780735836944,8.511269778826355,15.94865948591644,13.021029857870582,10.81327306847626,7.234497870333169,9.560004354740359,12.320957480233,12.844464106635863,12.054750422523751,13.253662432481823,13.73737881512587,13.439701514953544,14.170917842468013,13.126133937412039,12.820269107343357
3.2320375451488816,3.3425704635354827,3.4108280646977165,3.4665805466881063,3.6156523881269576,4.185324378914892,4.799994866067639,4.2727668319475764,4.368103052061494,2.961967492135564,4.777718440700423,5.017219450167564,9.060076113917459,7.6492898240285285,8.379805471951379,10.12843615174054,10.020148579288628,9.906253845369548,9.313376890832394,9.528552126694697,10.771209723221576,11.540083217241389,8.744189163470345,9.370417992837778,9.418245057653644,9.246705626096007,11.803037830251508,12.683701588945901,12.013612700718793,11.303470931687519,11.355109106031426,11.942355011266839,11.886357688691923,12.802421661202068
1.8766204265649267,1.8723524299651222,1.9110748808528297,1.9230916312515012,2.6835202926176613,2.1082999958377857,1.487335972591677,0.7485489336300821,3.5967277421408097,1.1147113808600826,5.935842662551906,2.785786601675839,7.350187788734106,8.707201871031463,10.294729625720171,7.559812696689993,10.052167091217305,5.05996299887605,8.388252100628359,6.0186017652205805,8.622976146439692,6.186452628000703,10.316937989932537,8.263002553064384,9.40580008880677,8.72101467755965,10.847247853022816,12.19324009965164,14.059473941173886,10.387939465925825,11.387969931181829,11.594778677201536,12.445471044432539,13.345327437964057
0.5699728257278811,0.5307101546667324,0.5779165151700132,0.4235569185326765,0.4056670231907755,-0.37296888215131485,-0.3530320585880867,1.11702267458261,1.0977140291391763,3.9135563571704592,5.27793576596971,6.152963943328631,4.271820276932344,8.026971326939634,7.991529144480153,2.745378617290641,4.967309865473043,7.708682732169556,4.613393288993463,6.214749883405125,6.646022852428106,8.34030359760384,7.332067668490324,11.338019764251287,10.76284550324172,9.946238265328809,12.001172821378367,12.632636974178501,13.249222237114854,13.984161772623757,11.992201606957986,9.876144165589816,12.826314125240485,13.443001072254546
-1.3768126136640448,-0.833238674300954,-1.200334030684611,-1.0762684954001365,-2.829176576132732,-1.8901288640359482,-0.10426249207923284,0.711203888413433,0.6634201138026451,5.052901755739658,4.389571848881311,5.102323647017074,7.510921424281701,6.550444348124923,6.975139620773364,6.2983076904732656,0.6982613680183659,3.3053013811012955,4.340870397412694,5.395842962239342,7.262351337684831,9.03255643895607,9.10796624272083,8.012436823329615,9.943467153815291,9.55723970419359,6.837493210056812,11.30541757122431,10.975253690569257,13.298715973685763,11.22564583031257,11.01000972962778,12.167279318902306,12.466901030188433
-2.4479040208531506,-2.0465028245373467,-2.5014422087996073,-3.697463448344231,-4.585340574994755,-1.7148123042013557,0.44165605105137495,-0.9260709036144624,-1.3428365637036541,4.848492017916959,4.350034192636392,6.714581454475648,1.6774772916398342,2.000552429079176,9.633176559106195,3.8531654135654425,2.7374109730260496,4.4898849796992915,4.78292724606201,6.490114516556201,6.76216098697439,7.156209432873078,10.250863340765525,9.254622043250178,10.081223294624447,9.802596269382875,9.998297572821345,10.654235734168951,13.700971673933656,11.703241885184728,11.625592259083684,12.004256758958562,12.343149892442886,12.785409979523216
-3.4551976648395217,-3.6752767474004906,-3.7750230588532356,-4.6088477260328675,-1.0400127017003653,-1.9802519758114874,-2.4848350147852183,0.5069173558232807,0.32724378798882425,0.3878927169410756,1.3064542159273338,5.3502048311812285,2.41921676987704,1.606836303733177,4.683491858154817,7.553700744799182,-1.163986120017655,3.151254772650266,1.8679494673237476,2.220928945485417,3.7475117658419914,4.661607808722252,7.410308823654097,9.345428697951768,7.425102090867769,6.6916345852246835,7.141722416056096,8.213330058000647,11.656974250820141,9.913328616911429,10.844482171034626,11.118457519940037,12.414345716615758,13.298096594752083
-4.348451754546241,-4.1578556916650555,-5.68818914780991,-2.2435658117522093,-2.1371698244167887,-2.5642030407638763,-1.5260785973601954,-0.18072030572919354,0.20544761425951333,1.0687952127510145,3.864475099864902,4.686115125517717,3.1673248049062726,2.730614991665202,1.6559538384099868,3.0127253258222435,2.2718281698176894,0.6612914367742629,1.5367128509290242,2.274909651684325,4.264471055653661,3.3387612158956053,5.920919887750805,5.445259658986571,6.547641221249237,7.317021115930214,8.503628011466207,10.661980254429947,11.520668865304291,10.21256691670468,10.697650017454755,11.978632428927158,13.305136944518138,13.667570269358565
-5.20468994187788,-5.492581676741379,-3.63845824541392,-2.6179649273330434,-2.5102786391418284,-2.6384483511762866,-1.334096880744285,-1.2816158344443167,0.6256038756621903,-0.23813833720689262,1.6154207326446544,-0.6538146120514092,4.191805122020881,2.2256510322386602,-0.7396700333697867,1.5815697483648876,0.1566780532901038,-0.22751706535647687,0.9188393256175732,1.8289973910012054,2.4700935432944804,3.028222396863085,4.701954033016463,2.2586900832653254,5.775587068209155,7.918312664909221,8.974372230537469,11.320515560179567,10.698701461318338,11.812327241740366,12.587885870809123,13.333937959129475,14.082328574543865,13.964412802365894
-5.907899958514512,-5.009162043299216,-5.639916334411162,-3.15745705808947,-2.3345685880781994,-3.5146356175643625,-4.203606373104692,-1.9978862109091768,-3.03372204379623,-1.8194191548192875,-1.3697900490304284,0.9326579676526777,-0.07023763520721123,0.05633156865959318,-0.0763584836819014,-1.2585113399826364,1.4497205160041389,3.4510198696288605,-0.19386202808395991,2.3347054691744034,2.162371392704426,4.31387114713364,5.342420231000861,4.837298991427074,7.153757369715549,7.887682646594273,8.769897227853496,11.64733141515902,11.983770178613796,11.592318868397108,13.501912829231873,14.425783987200054,14.460964351837,14.288112016106197
-6.377057688320057,-6.855898587519784,-5.1474761863394605,-3.274478510899153,-2.4587177370191724,-4.49144715027251,-4.914707440221749,-1.6604884665303656,-3.4864794899462463,-3.3430347287126674,-2.139022281696794,0.4777666837549923,-1.019275913496026,-1.739787916838901,1.036727732911888,0.4320047365693889,-0.8621497916690505,1.7744715383484548,1.3317211581981345,2.1047538050514842,2.6126340252336884,3.4680751467325583,5.982125118847225,6.544245853028815,8.591956231106877,8.371897518812526,9.45044025842212,11.115219712592188,11.687922651160255,11.978611777961795,13.356209168746828,13.93421346113457,14.080509396786379,13.949822399544178
-7.113666295018723,-5.667138168222411,-4.6572508224581,-3.5037138389598605,-2.5006149157226294,-3.556614280027406,-4.238690797218161,-4.069267595292669,-5.531645829653367,-4.448668383934403,-5.452561587147459,-4.174650225769477,1.1862097388290536,-3.547109609457816,-1.5884719518896941,-2.4521207290312765,-0.49507611244523825,-0.08342652578210331,1.0194282176733802,2.3512594728654,1.8997665881390946,3.4278751368366764,5.186947574212194,6.204006603971951,7.165092667581606,7.965538967494997,9.94925506851635,10.202504245922775,11.089126780670439,12.689547278668696,12.600523950933898,11.470645822219726,12.093899676573098,13.282309791416008
-5.59842783940742,-5.282420175762978,-5.280803177832341,-3.600051909050825,-3.825912273204076,-2.527489955220012,-0.727005560336491,0.37162820083344145,-8.63621017550425,-5.5884746723602365,-5.947555134991123,-4.073152361708791,-3.611678390778583,-1.610841450746147,0.16178377096178384,-2.883288185445194,-1.5221704072342468,-0.030692245311107123,1.0686734454794389,2.8304839826547963,2.1903830853086044,3.6040232184787295,5.187297798668784,5.547815883505615,7.408889612367644,8.74717998540578,8.990228254098495,10.072135906096367,11.07686820795521,11.901606058870927,11.985615329655433,11.623188357004116,11.679699006694548,11.838560333399556
-6.449595902100561,-6.254042793386765,-3.690051028756349,-3.2009749638052902,-3.052898550979684,-4.4595331101032905,-7.164132965720428,-6.697581254807319,-9.664933137140645,-2.8419122643401384,-4.19774155350411,-5.8571354569584795,0.1818409546340955,-1.4710716060567655,0.287116022226782,-1.6539749230717244,-1.2798489461734202,0.07943627833924755,1.095363535915376,2.1962143012215636,3.3496346180290972,2.4483231656414812,4.761258908071752,5.397588925091952,6.514193422691071,8.187440247434393,8.887504777212952,9.649733685382001,10.79966706953615,11.048419027963284,11.143838518349355,11.67234105501681,12.211674618517227,12.185545397986978
-7.356401570209071,-6.18890531387211,-4.0441428090337705,-4.173342958949407,-4.41051593865039,-3.880984945786614,-8.504394442252538,-4.4003448231570825,-8.54468830243126,-10.459089633822678,-2.55981582546643,-5.746025679701939,-4.092853331316102,-3.5612170512265355,-1.801554824089807,-1.8457436376560785,-1.205005320319984,-0.09888397335207016,0.4638734673593743,1.9067423476641616,1.5139514899443511,2.638859728191583,4.602255350796895,5.815242749521691,6.843100815913515,6.310618121217775,6.703666834810752,8.633978642168461,8.850295121623311,9.46222373201859,12.4666775068454,11.99184711811348,9.737580861640188,10.137402784798297
-5.7030208964638005,-4.611840091037685,-5.1259608804857875,-5.183702736325902,-4.2579156963553135,-4.086700457677915,-5.6559760179038285,-9.406695556209874,-10.537711623633713,-6.837080744352532,-2.910367312831759,-1.8372286342854842,-3.239870875327505,-4.1160552570192666,-4.102823246933249,-2.514286313819768,-1.6012716213145335,-0.2007036071963988,-0.3620466235554328,0.8434172771799042,1.5508857082953318,3.3930941425665213,4.817760327980595,6.552965395300251,5.17948973906058,5.325812365259532,6.1618958873366285,7.119556967128328,7.332336604585079,11.081895552910497,9.44990366711901,10.206236437421097,13.948404493131184,15.525871665227404
