script/wind150m.json
{"header": {"parameterCategory": 2, "parameterNumber": 2, "lo1": 6.000198445256149, "la1": 58.999992894266676, "dx": 0.5, "dy": 0.25, "nx": 22, "ny": 24, "refTime": "2024-03-17T22:00:00.000Z"}, "data":
[rows 0 to 23 of 24, columns 0 to 21 of 22]
-8.466898213081228,-10.34697155463323,-11.365141590640567,-8.78318013510422,-9.336737086781527,-12.591276556675046,-9.38401069236474,-3.02160416278931,-9.891440300856162,-12.764169718100009,-6.346006622789675,-10.426166274286995,-13.434397395724426,-4.00220149726793,-3.0872081717321276,-9.181390999867759,-5.339072485380946,-23.837659932367373,-5.012336468117412,-7.6481976829392835,-10.277810617998814,-3.5314713759928957
0.6387349228879979,-12.504981619466834,-17.091057324822998,-1.8308978485699015,-8.667178398353139,-8.664294106739632,0.012834330818552385,-8.581047047432863,-8.201585003843444,-4.129387842752789,-7.044533586753074,-9.596575271167408,-10.59325310925574,-11.128466619309144,-6.533113122409288,-8.735018809389048,-5.488075232028549,-10.140226034725853,-5.349566632046925,-10.651326738507688,-5.929977638760426,-4.660420421444175
-8.2414243743165,-9.479862428635071,-4.043555538613768,-6.759187002210713,-9.59178532206158,1.8071872562345515,-3.2714283079483546,-1.462869517398589,-9.168678414590323,-11.178124739885764,-8.66837611909273,-8.826113375070994,-5.5184035497845025,-9.284341705089139,-8.331966562903691,-5.34301001725674,-10.224679049059521,-9.42797413301298,-10.587116371867479,-11.400579852424803,-4.277205694510588,-7.364082791616084
-2.4558800666092018,-8.169499570343921,-10.744287811088311,-9.926726827627544,-8.699872587633992,-8.341554511380904,-7.795219412053872,-1.3910065391187243,-7.44036281675237,-5.14324067223415,-3.7072442759572204,-5.690097631609969,-0.9027222892727796,-6.448319011053438,-8.586899306613258,-9.6637022703646,-7.275560571379261,-9.358536851931591,-9.412118453330883,-8.990870704690774,-9.211026797477492,-3.4233416710949136
-10.306921941114494,-5.120831002039592,-4.666485424600755,-9.370516218933881,-4.765036843415197,-9.62069671876031,-10.182245510009551,-7.760974766077291,-8.158728622919151,-12.648215130774446,-8.69017958779679,-8.62429154409725,-9.666104511860993,-0.3293434237426593,-5.40788441487108,-6.189710122417441,-5.430989589450009,-12.081953908633718,-10.467931697592313,-3.9118898967213593,-8.782439423278047,-7.4605428952469355
-11.46528189695326,-3.2499498033624477,-3.017925848737077,-6.2217154827074745,-11.904906268050697,-10.507346575396268,-10.301495570903414,-10.13091104342299,-5.679404523273334,-6.799198765686709,-8.593639711041098,-9.771486547296986,-7.231172831312579,-3.2831009826161295,-7.170400677138739,-3.8114692882741608,-3.4789297401719383,-13.299416889116989,-4.910055867273449,-6.638698171285306,-7.618960923744091,-7.23109867948157
-9.892329513116277,-12.658409943977931,-9.320624816191822,-8.752411515318116,-7.58756960529444,-0.3347471202391776,-10.67434262902423,-9.455173432933824,-11.86854452590218,-9.816453152556202,-6.380287184642052,-8.183046424366031,-12.629039816077755,-6.226979815752586,-12.18952228171378,-11.905832483383215,-8.871681274345528,-12.032305341437203,-4.931721533942742,-12.646108944628898,-5.1566644766306675,-8.220721019058095
-7.222472663858028,-2.4727289089474453,-3.3866013825526142,-10.973318836457615,-5.347550684136853,-10.287766748450915,-0.7335664827655735,-8.96247920626953,-12.772381686265122,-5.11643017425837,-11.63163989606444,-11.401571536046518,-8.417342614279853,-8.30037925994699,-11.637269604340254,-8.682547248944687,-6.623491471759002,-10.047886438075686,-1.0193987694662883,-9.929065792523655,-8.251605426718498,-8.5223407037429
-8.862140941399453,-7.640127015819815,-8.895958516256533,-3.1590638620986207,-7.031143341939039,-11.235321076575321,-15.209495915584876,-8.137561526827087,-9.986345492131486,-8.365972543987535,-6.358056388738874,-10.172107557438695,-8.908851668098018,-7.709801579501226,-7.529301572933968,-10.928825266054105,-12.414230511779586,-9.227162025945313,-12.240752721050496,-12.395684487907523,-9.33968294100589,-7.7208699444705005
-4.388012083062865,-9.22808967560349,2.5058179674181256,-9.807975206641556,-8.953820487459142,-6.445277137393521,-10.041591519391728,-2.499884029043967,-6.3213037729977595,-3.4977120810013043,-10.611693502893413,-11.935009051507746,-5.090325221978858,-7.391137040593813,-8.63302463388725,-7.025287681124792,-5.261844033376141,-10.544582078498745,-6.395762043095911,-8.31479483594699,-9.871573936742948,-10.05186234892301
0.8226273314780984,-4.954442336514271,-7.768627889111572,-17.23133001984643,-4.03155312900967,-10.439305603357733,0.3557524440180711,-3.1103297526206553,-12.258173654394328,-1.3543665117918877,-10.46882917746292,-12.052721589767813,-10.3153332355623,-9.985017170913615,-14.761961028993246,-10.887117810061193,-8.59174257110592,-7.4167304633095315,-5.440439693822739,-8.030387424021749,-10.15590399736874,-10.826861841211294
-8.742524475376769,-7.303910248752963,-8.854960552314367,-6.7590540188340675,0.6979983949769969,-7.876043475996002,-9.434977626631946,-4.952255066128785,-11.317426025288798,-8.802514521694503,-3.5449556985938706,-3.860134506316176,-8.882459744019156,-8.615388058428293,-8.653608186994937,-4.369428416527428,-8.747854209554273,-3.1487632992608137,-11.979600521698018,-12.299679520595804,-12.4067100100584,-9.278571900733812
-7.418122312251822,-0.07552966914586025,-9.785523792628299,-12.317049677222709,-0.6429769578864188,-8.23679912526562,-14.361384934039062,-9.790422717128122,-8.341705760552706,-10.586719715846185,-4.689118703172151,-6.363693263812157,-11.881031584388705,-7.353721169598486,-9.698220821670873,-11.142235261423751,-10.156064711427167,-13.937512717134918,-9.035818154561307,-8.445643840810279,0.5888294701430866,-5.113220724741665
-7.557583880055071,-6.479745809112233,-16.265958247309246,-3.748273701196374,-4.104008346298824,-10.653252867140399,-9.65509930802447,-8.61224763893609,-10.655690963668476,-14.28292958433548,-5.600389029283563,-6.676208683150676,-8.535827034016775,-8.029577457450776,-7.071449377938496,-0.2667934983430321,-11.967573427157946,-7.691569744051856,-11.579777725452889,-11.463233615830148,-8.723326185799987,-3.511141729327371
-7.955635979763123,-3.9935231684042267,-8.839052105535979,-3.97098766917715,-7.222845415220671,-9.364122210805375,-8.379036073860178,-8.620567358878162,-4.345678185544101,-4.457520960910373,-8.590223206024447,-17.323343472995745,-11.971413557601588,-12.661586622462325,-5.919960916683298,-3.8267401275948325,-4.874274881822924,0.3253651973231616,-5.707941299614943,-12.991720075592184,-13.131952386733868,-3.7028816853966866
-11.239897045429357,-8.184609823929275,-8.922115606660387,-11.438770408816431,-10.857536119661757,-8.352473173480272,-1.9996496394698111,-10.98240675535151,-5.496197653381534,-8.591096359062762,-9.591185121030925,-2.982498132963397,-9.472431588304925,-7.280527521985228,-8.552593031993142,1.4137095437718246,-4.598646272602081,-8.522500484445919,-0.7269913548533062,-4.961509575271621,-12.174245424181736,-2.4785653209778813
-8.650549203521019,-1.5797734260479854,-9.135335575971794,-12.408132125082172,-4.186378835203379,-9.25661701294884,-6.766998370252306,-11.373903398522442,-9.223314598190033,-3.7819279674491466,-3.134108895695256,-11.206520725645092,0.3421083234803448,3.115164070559426,-3.8723824585976354,-3.454691240638562,3.2115034943873004,-9.84535580812156,-10.643627996493475,-12.697019339413838,-5.043754616131115,-10.588474860614493
-8.680887739652226,-7.139214100632719,-11.6564043018802,-4.111809945249211,-3.8497810232892338,-5.919332435848037,-3.611850016833995,-8.105510655387414,-11.579969509183169,-10.857117093828242,-11.817332387636748,-9.2123620828323,-12.193150946182769,-1.434672158995439,-7.938707326396358,-5.035134516990641,-10.307730850594094,-11.18273955391739,-4.385853506903778,-10.271018769911729,-11.108471393463285,-14.573174142431714
-5.227673613353935,-9.218143333240603,3.2611980200675132,-9.934865917724766,-9.35714831987194,-8.007637880657796,-11.793546078207456,-1.6486868970889814,-8.084277399409356,-9.872158474396837,-9.040287206739611,-8.914637781614301,-7.069662912173122,-12.587475429987922,-8.916568898797545,-6.2352014915919485,-11.82923540338633,-8.848349632221545,-9.688118028726068,-5.067962214370329,-10.096609287483338,-11.866063368232675
-9.232863459376146,-11.703764782652444,-3.017163428610745,-9.268961675531385,-12.393348778517606,-9.305092220990135,-6.966108661239345,-4.898796568036213,-3.5217618455837933,-5.0204434958566875,-0.2914936023373284,-11.820697593896657,-4.47109984416447,-2.042227803020004,-3.842788088605822,-5.763136398596816,-8.712539246580683,-10.270056605009861,-0.6042123780161385,-9.472597752735906,-8.21252345331456,-10.04817769706986
-6.76230595793055,-8.351869996304885,-9.567380653477192,-5.027430562314557,-4.148157323230015,-11.381319894097672,-6.243053902704931,-12.105882112561169,-8.520429259787543,-10.934038658321684,-4.144551244432656,-4.631479927276413,-9.922311165579242,-10.086026530264075,-9.042237812644977,-15.494791808968804,-8.514103608433004,-3.811811003206201,-11.324252664667556,-6.011286865063573,-2.2274121102923705,-11.234541521245879
-8.865387494389246,-7.041547272872889,-8.324873131958004,-4.400198424443273,-3.910145898183592,-8.488226199246226,-9.044320622480761,-8.213632387666815,-10.23196662110911,-16.352563316564602,-6.276397183389521,-9.812583753412323,-1.4993739819315568,-7.078225467343115,-9.128290608558729,-11.123768631809186,-11.909301156970908,-15.818605486928059,-8.39064958609607,-9.275409905972074,-12.422924892166684,0.7850395934805657
-10.846812295655072,-5.314248764929941,-7.987407381642591,-7.972705864900861,-9.06341176930108,-10.336718506907758,-3.6398163806228565,-3.1402964938118396,-3.9559774019344025,-9.10024937618991,-3.0486160734555723,-9.05011456061071,-10.536654008143293,-5.3517279158973485,-9.87520543468317,-9.000315680542814,-8.09567072640903,-4.282126116662923,-11.26859906896898,-9.681043909012516,-9.639310650155652,-10.46979208702114
-9.508696085477219,-8.86222280711686,-3.2277991565049207,-10.87030018273372,-8.879832715350027,-8.688202034780522,-5.851220737655707,-10.969143367138308,-7.565897552589833,-5.7251056965544995,-1.351129650297942,-5.353826847508217,-10.700063211016312,-8.584330742478302,-7.046874652246728,-10.227550264999618,-0.5912194871194899,-12.544889669244563,-9.29163654781526,1.0095692461485275,-10.998526833245183,-11.79254905052265
