script/wind10m.json
{"header": {"parameterCategory": 2, "parameterNumber": 3, "lo1": 3.000054539987559, "la1": 64.9999836372058, "dx": 0.5, "dy": 0.25, "nx": 34, "ny": 52, "refTime": "2024-12-04T13:00:00.000Z"}, "data":
[rows 24 to 47 of 52, columns 0 to 33 of 34]
13.514720034077506,14.876578283667712,14.461346798504263,13.660273924836286,11.492005966260963,6.484170705756994,2.343399725858635,6.328696476537759,2.1003350833188126,-0.23096074173294096,-0.26602603431508726,-0.7548159622244669,-1.3415366997943123,-1.3998983008481105,-3.385903251590915,0.16441328664304997,-0.5073891137499814,0.15360444570494403,0.18621535673919276,-0.7211258128215888,-0.6674449785395365,0.7451816393013598,0.07183547374202197,-0.38266835361057955,-1.2412569419111532,-0.9186498975037066,-1.1313641184187253,-1.3117314902083421,-1.0345102555105445,-1.8026589590603905,-1.8077538982457115,0.16141109369098205,0.2886461392888869,0.557147231727831
13.064190717811831,13.964889359148804,13.44527810312117,12.898070007038012,10.749459671680935,5.241260826384454,4.25691197376434,0.9465262450808026,1.5174088430618484,-1.1292358662013924,-1.096053078120049,-1.6745093593605986,-2.023609550753487,-2.1265738106339094,3.0785093687437155,4.3204339313871065,3.2493422038994004,-0.05948958677822586,0.12338752986372566,-0.0970182299889033,0.09440841048960376,0.11654261916505702,-0.46583856408461977,-0.6148296799653061,-0.49592243465799307,-0.9560623293270728,-1.0055238869133574,-1.2116967841423993,-2.027541036469378,-3.826259818774491,-0.6542012049892211,0.07636636295013992,-0.08701959114895592,0.21366939499502205
11.91551475486431,12.70596976555122,12.328874827733346,11.192952577980249,9.913694475336813,5.796213162787226,0.6839650582939709,-0.008632691933126756,-0.44479035445282644,-1.5623151289676689,-1.858943725161151,-2.013107272792359,-6.488049505424531,1.7650205279396545,3.8669305358164596,5.066396916892572,3.8229362342728987,0.4524422709599144,-0.32867679581264403,-1.0801440591189895,-0.2317565551445763,-0.0836893089985516,-0.32180574958518365,-1.3230426730822646,-1.9800856964180453,-1.1661207939869758,-1.4130393587468921,-1.8160788674024955,-5.0818008355252555,-0.8251282870636047,-0.49596112043184937,-0.43120324863556553,0.3653728635867644,0.30245505782891186
11.166032055659928,11.923780833485191,11.257364738622446,10.402102698819379,8.335263765656324,6.475830090105443,2.7989714432489667,-2.3328714387054763,-1.0333581779553958,-2.051125980532671,-2.0328932660119667,-3.390455610460555,3.1947118353506423,3.2124268369438367,3.7379143200178944,3.941659005308361,2.5738287160625846,0.34625571336148586,-0.45560732509345636,-0.6549623543228686,-0.4386974786962322,-0.11070611727780559,-0.1934314044554049,-1.5192098961972311,-0.7915612125419366,-1.2073801708066725,-1.3113559513869752,-2.0003922299736803,-0.23894207779457588,-0.5725030154379609,-0.2696524335134799,0.2183789334599874,0.40394655289165415,0.2227424235459971
10.729477527191998,10.879068655807485,10.49214135799518,9.40352516216599,7.939356576362461,6.345451032081644,3.3983729205892197,-0.5360508783664817,-2.6115710332719053,-3.709217254424522,-9.138283464507053,4.04121499869746,5.273615746304712,5.738568536891167,5.677764921937376,5.47960010222589,4.043977152823578,-0.662499405115492,-0.5687275832733842,-0.26609986410548103,-0.3477135607934668,-0.7880341367944231,-0.7845469762232316,-0.5249097371186346,-0.7966945825244853,-1.1211348461902746,-1.361217739153725,-1.5207446945083356,0.27227270763995226,0.14172207683628482,0.5947591008221417,0.1874735054348019,-0.06966973536411002,-0.4991779236132467
10.069988615630377,10.37628869494637,9.655796666295817,8.493699969172217,7.301458284389803,6.229809442639567,5.717356672332553,4.298505662114437,4.9338567422214,4.463696522505892,4.412062890687513,4.3869082784178985,5.144079038589151,5.34225446191368,5.955326799262975,4.539275845051581,5.013204716352453,1.732172705952356,-0.4412764798901871,0.385046452718184,-0.16688630660399648,-0.5085282454976338,-1.4648774289332995,-0.6270256332207269,-1.1857785184144642,-1.2199058271967114,-1.2493819696151585,0.0037248489666632393,-0.1358418598883934,-0.7203180553478054,-1.4973473855422292,-0.7479367809946926,-0.8505226446697679,-1.611157315850123
10.049915782912535,9.33089521404075,8.405989867872153,8.111133973090412,7.093707050883992,6.060633807361049,5.035214185904264,3.6485686326589826,3.706831045396123,4.168436221898924,5.3269778656889795,5.762467735701647,5.780871373598742,4.847416677126086,1.8039985109242616,6.1078782084508285,4.837281015254883,1.8892557389006792,-0.033991263591497366,-0.34001723821551505,-0.4408092627934765,-0.5902218842038955,-1.1567170889951968,-0.5954092010567976,-1.1076347591548321,-1.1405738599213893,-1.1268041684338825,-0.26450358753669884,-1.3887001207964031,-1.8237500337595425,-2.006435349424541,-0.7860140547869435,-2.088229001974925,-1.7740254210814943
8.990947086561196,8.58375770925969,8.080665196189535,7.863261535340872,6.8087940614325255,6.153140011589846,5.204847252925469,4.139475485547235,3.9575540876967317,4.903822075883868,6.027963587899602,6.435445629780909,5.799748471662339,1.8564088616996972,1.9784718911079022,3.7822928849316635,2.372357083103856,3.70683781795322,-0.3691963454045514,-0.38766487020208734,-0.7258139201598143,-0.8818385183216958,-0.9537709283809039,-0.8389087778424219,-0.9477140035015598,-0.9203151781403305,-0.5498023852452868,-1.5157790545124135,-0.9723144633255826,-2.4237922275354498,-1.7261418155293682,-0.7214021064359228,-1.385239847048398,-1.514370539055086
7.870747533601371,7.938761840304235,7.648361697321187,6.754884853550146,6.130844041395762,5.707771999953651,4.335676003356375,4.225379996416395,4.137333131884645,4.6672386709222815,5.8846054044628495,2.0493221913478794,5.165010562563201,2.3787131561780637,1.9230179166676147,4.81382016103594,4.184957447283264,2.17269988307115,0.21318117828479882,-1.0880389359620584,-0.9305484716396242,-0.7940239853768053,-1.150832016245079,-1.002853692485452,-0.8971963161425528,-0.5931979042396309,-0.9532343446174312,-1.809937309330233,-2.126803520383878,-2.3223150464055604,-1.7416198191559762,-1.770255505821908,-1.9958819125361231,-1.9853250280478143
7.90159079686335,8.043569809515656,7.493768754406106,6.112472787759828,6.215280406325146,4.853680193322036,4.1438224943961375,3.687665110330958,3.926299441473905,4.193812956475956,5.955448991061319,2.9863426550860925,2.200722855672985,1.8057429651015895,1.507936938917455,4.432098227413171,3.3130275125881723,1.9299085324471053,0.5447428854957745,-1.6307839410516298,-0.8862534306368284,-0.8218399548466448,-1.0745465418343774,-1.1572591550974765,-0.7925222741574879,-0.6554677003954125,-0.9175766810902305,-1.7623716274405168,-2.143154321778255,-2.513541771029752,-2.734862947375615,-2.878470828375656,-2.645185788901463,-2.6718702486261674
6.981885479040488,8.202616745620091,7.503233690758686,6.530571656846518,5.965615725777881,4.521742162022069,3.966028444522227,3.574690491634271,3.2483647190549636,3.620367900346077,3.289699833814993,2.354809149135537,1.788620005887941,1.9756354280029422,1.3967790192929004,1.1012422021916421,2.2629364286709386,1.7363698060937613,0.7748394687760931,-0.8869699947808,-0.6423319696332714,-0.7775744995076272,-1.1819515772553546,-1.1517179980030483,-0.7697222159225297,-0.9613936112199184,-1.082785070988316,-1.4287301990490362,-2.0479206170166737,-1.807970859051738,-1.5102867824279276,-1.8434897576093316,-1.6210488039812174,-1.4424323990993857
4.175125050450673,8.39409974651077,7.513864732649538,6.335959441957817,5.105057771140055,4.6578016545139045,3.7348288840323898,2.5849081257409225,2.7973863507002994,3.8859552762567735,4.456567099956092,2.1598192473711415,2.4534804821068463,1.9108731469543458,1.046727413066872,0.8693447114580833,1.3030980769363716,0.7212137267950443,-2.0265379318858665e-05,-1.1761351508718825,-1.2187876124560824,-1.0982578927166455,-1.2894196167497114,-1.0741223083719467,-1.1520059846583977,-1.30827826824336,-1.760541028842778,-2.152369964335021,-1.9223085066183105,-2.1387276065638123,-2.4230943563437544,-1.929627069162469,-1.3584896096133492,-0.7647124296102954
1.4268245200029332,7.211029613622166,7.929106685011875,6.399548817141242,5.193492890933922,4.516535042126976,3.0202636588982528,2.1864843174129667,3.2449539388503883,2.711115625224862,4.0830368307245815,0.9682191785953652,1.1350062317084852,0.9781292577519471,0.5807488403026521,0.524808571346346,-0.22353587541073647,-0.41163534993260986,-0.9045082664350088,-1.1313359888294174,-1.5900863149687723,-1.5156926325137712,-1.7557340332958578,-3.6722787816289753,-4.3709179417696875,-3.5731118160049515,-3.075800834466187,-2.627472795979892,-2.598480325092048,-2.181852567830786,-1.4148977178889233,-1.043518950910508,-0.9274570432571352,-1.4533144302932288
0.5559128580895838,4.28669071732992,8.345823062616816,6.852693932206561,4.926601168631731,4.140987608840715,2.550135228490405,1.7746478186414838,2.4597949498041687,2.0432790976315243,3.154998276613072,0.8784667256320531,1.2113978888100165,0.7700476926328791,0.4935344691824407,0.21367236168021622,-0.5401130864986192,-1.0456802501988962,-1.443660849247519,-1.9090968228917777,-2.7277713491889735,-2.9680111190863885,-1.548203554743699,-2.7250394956016595,-2.750003825093476,-2.8155608683171365,-3.289986225846401,-2.6794508939311097,-2.1757290446122393,-1.8187344576503277,-0.21794646293592834,-0.9863592811902148,-1.1212138269217955,-0.9755957908039223
0.5283190961770355,1.2238450063871413,8.121264008965165,7.028006860785904,5.081732455230235,3.4891069300080493,2.1866671461696368,0.39520173045034185,1.9120955018406283,2.1491960452140577,2.184813328736482,1.0536973142128416,0.8059868558120983,-0.1934763841472103,-0.007356152958937546,-0.760382450912589,-1.5843882443076092,-1.5903501805561349,-1.86038955852799,-4.569094310809181,-2.5752987844205326,-0.7069433518175297,-1.7223979974644854,-2.196344495198731,-2.164672793734179,-1.9092606670691552,-1.1721254868465731,-1.8664618576081957,-1.8689633721300811,-2.6820768426793187,-2.164358222251374,-1.8407204965893966,-1.304783078119263,-0.9466413716723143
-0.4812549176136945,1.9904810790072516,4.799424663792243,7.118862939747357,4.901897116575052,3.2111733396957622,2.3764066647961712,0.11592061213929836,-0.20179496916166598,1.1698464935818096,0.737079794020394,0.715141051761121,-0.2453078292677223,-1.1061845762362046,-0.9137662488162085,-0.7410943626300344,-2.2292229663381344,-2.1569459367482415,-2.6207673398968128,-5.2061998140428205,-4.06026786635462,-4.32368510472059,-5.174966291490003,-5.640065091543867,-6.091769658529687,-5.795510791556829,-3.7834649121252104,-2.44463430203368,-2.2064830724645574,-2.061228082301879,-2.1339546481898504,-1.6077315379392811,-1.099915256835364,-0.4247312507447507
0.768704574563905,1.7709691209325749,3.3225333338476353,7.48970431670091,5.056390569755853,3.081136090455725,2.2842506977804797,0.1423675073652956,-0.9882754746943007,-0.7831328275209097,-0.7941851676829103,0.011630256844617213,-0.5703752461701803,-1.5498463665195847,-0.589530864332693,-1.3688994664186889,-2.9760153445006776,-3.0289891421369894,-2.189417431259799,-2.7555608079009364,-3.7734001937147257,-5.005515140957761,-6.025719029860458,-6.443205317691035,-4.959154658326984,-3.3536564724996936,-1.0755390983352264,0.2800813642795131,-0.04498450353738713,-0.9331130766468019,-1.4777078454000192,-0.9552077623752137,-0.44791641201847365,-0.028069979370349038
1.0019270000750655,1.616468472937072,4.038641336244483,6.576567624305079,4.8957144141506,2.6612727670954963,1.9673152913079945,0.49037397001064986,-1.6469627880285795,-1.7208023313549494,-0.5677162930548152,-1.0539106103528824,-0.793986650561159,-2.3385842984905594,-1.6817653293451804,-1.796972777733684,-2.1767380479828873,-2.2996473161719373,-2.7617798450678834,-3.2518390121094907,-4.202311591614859,-5.639236403895775,-6.225358747810443,-6.408942571194764,-5.107082282566783,-4.498139162424131,-0.51132084641901,-0.26657302423367096,-0.6731591402836533,-0.8220528722941058,-0.7829249126305344,-0.5622358814881653,-0.40565692745330495,-0.42666782318303115
0.06156925452095985,0.6829817063189847,1.769687141668877,7.0602901764460855,6.1075351757687795,2.9693453466265245,0.7067635860439498,0.9316701599004951,-1.9168650713606668,-2.8802261354634884,-1.4154308914025244,-2.3330091845507015,-1.374729667117362,-2.451437708395317,-2.4302452735369684,-3.0992076021384083,-2.9617826358176877,-3.187129461927315,-2.48367534275923,-3.4331531194958966,-4.309704815450082,-2.8583363101814476,-4.615448727461034,-4.50500916264731,-4.374746657475531,0.5135908854769382,4.032720985428814,-0.5759312481513358,-1.217580791973558,-1.3849326321559885,-0.9307389290014991,-0.4318420292263303,0.9160678057073034,0.8438151450846396
-0.6356318239165084,-0.2838299757363297,2.4523579063804686,6.411003554177482,5.230388818555342,1.8727745298766538,0.18613433757605602,0.3145150434676531,-1.3234621513287241,-3.756047305721325,-3.806043721418879,-2.9053465196058412,-2.06808713465271,-3.071599495768542,-2.2100009662711577,-1.8401006230921049,-2.964279602776709,-1.4534195774092578,-2.776795540986362,-2.6793943301322267,-2.586367199868914,-5.239919435375908,-4.724291993911123,-3.852120806831021,-1.1272145792118566,2.265232054862391,0.7419511846049929,0.504270174120165,-0.8499515673691216,-0.8088295921393495,-0.8127350929615984,-0.5530816441065992,-0.5452197975441411,0.42991942161199254
0.13958169950334817,-0.4248389114290039,2.4455258290427633,6.272123788892799,4.28681036465238,2.0204599941375947,0.0491198473698106,-1.598977383905167,-0.3362534901553835,-3.4711780916789943,-4.110513045907726,-3.2206959756619473,-2.3618504878055053,-2.735311125454433,-1.5688401590703605,-1.5494517600506132,-2.7351279056859426,-0.30393102018060514,-1.1461364517586994,-1.4102598750232163,-1.294418162429301,-0.2970458873678315,-0.056279523799202244,1.407907570269794,1.051752178798498,0.6234046999630305,0.020881291698433314,1.1374163925630416,0.4248633334331746,0.12720332905167592,-0.7906069738228517,-1.34702989205952,-1.7927314928488327,-0.8546735225458181
1.0279014000715248,0.6303834117057894,3.011113174557326,5.504816718531062,4.272265870761002,1.9721461453536762,0.14058162572753166,-0.9725375931699975,1.493339530459234,-1.8273145951257872,-4.054364750202953,-3.3296556204115504,-1.9960694353908555,-1.6350037912106705,-1.725287867434272,-0.5446239625911657,-0.6064902721323686,0.630248589166489,0.3407996628374303,-0.09564805849263582,-0.41495005496774034,-0.23436821115768958,-0.449520756874343,-0.21141893208047957,0.8996684646966164,1.4821149608754058,1.1137731179566688,0.4067652676848624,0.6567069477398008,-0.17824386241864093,0.009156274469175388,0.4884409668565529,0.7076669947767461,0.9033480668341596
1.0333714963067,2.061812703499901,2.962191901040825,4.317845714383862,3.8774595375093184,2.513426016865564,0.6358165697571502,1.250448841893938,-1.0737926249029976,-0.1241641493732099,-0.327725478275915,-0.4600100007982638,-1.6978956343045601,-0.7146855930594432,-1.5581635594723229,-1.69136990398213,-0.3239345946197559,0.34581048473915676,0.7884190978402998,0.14947555919545014,-0.3251754769048075,-0.48917996570396055,-0.5495384875503323,0.4001913335358352,1.0720375995521452,0.8005387386664855,0.9294714574288556,0.5912168012647063,0.880387872032988,0.8171417857855827,0.23542875135312746,0.2892114485583768,0.4657316414455154,0.5036591621697183
-0.5292252207752244,1.3590781049270126,1.1973005407096187,3.960308731268658,3.2004758636671453,1.9723106571498812,0.385590584710493,-0.020670727202970942,-1.1769430930584,0.11798541382511954,0.18591509292689237,-0.534686406646564,-0.3254380932557819,-1.7934126578876506,-1.5136307489659553,-0.3479337225111375,-0.1267292914035256,0.132023729314687,0.24291310563255586,0.033389196605472925,-0.1120160993467343,-0.4847530837437034,0.7144018975740775,0.7218102273011744,1.0127594466034895,1.2403290483708855,0.722373970910908,0.43719776063502375,0.22329462051370724,1.1585766235518113,0.7637682697495906,1.0234451590892262,1.0118285108499745,1.1166642821403494
