script/wind10m.json
{"header": {"parameterCategory": 2, "parameterNumber": 3, "lo1": 6.000027932988019, "la1": 58.9999434238085, "dx": 0.5, "dy": 0.25, "nx": 22, "ny": 24, "refTime": "2024-09-05T14:00:00.000Z"}, "data":
[rows 0 to 23 of 24, columns 0 to 21 of 22]
1.6070005508308036,4.589561331848524,1.4857791261032411,0.7100977620811789,-0.6100598654076262,-0.9788238473835057,-1.2875373007107742,-1.7061055520357349,-3.9141744511586865,-6.363908526092071,-1.5356358800196954,-0.17369794349164813,0.20519971611682927,-0.31341701195795174,-1.2804750980904551,-0.8533416268976162,0.5595177593245854,1.0967401023860635,1.290043873273007,0.939127943091509,1.6294483124186137,1.1347507811597064
2.3105156973378564,0.6228533719178492,-0.12117012847873082,-0.6972043092769993,-0.9465732218129527,-0.9557257000711213,-1.0213999319042781,-4.866959147873116,-6.2209409687733155,-5.832381337297227,-1.1024216686060369,-0.36549635287263443,-0.6806233586966897,-2.380882740835991,-1.9324438015957357,0.042489414626567724,0.7284893482433223,0.5531696744123946,0.20404853181930968,0.8095366327925637,1.1682971887919518,0.8955307433868251
0.18370148304589248,0.048591446259832534,-0.3052728324441385,-1.2024785765578496,-0.9264103552963587,-0.7524323357870715,-5.218152841696293,-6.413053710513132,-6.807881141461542,-4.712410195732042,-1.7150166036301153,-0.3986784142337591,-1.158358347694266,-4.278800281165856,0.18668552095854427,0.10474159882160805,0.08389127885566826,-2.3445651708781883,0.7732225541719141,-0.3125306579910874,0.40197559114497106,1.3059564249687534
1.4930997148450416,-1.1340260472243215,-0.9034451258773931,-1.1877116392154783,-0.8217659952948726,-6.1563632850510785,-6.875081972244899,-6.6503262972265444,-5.947365797447341,-3.1240707130518612,-1.503618059213256,-0.8720481839335135,-1.1193020853918012,-0.019206478991414404,1.2766252293107376,0.001980578033346033,0.4924653139988201,0.7577990914568541,0.5911776771111961,0.6698921526898267,0.6077163329167268,-0.07514427724390926
1.0725939809003153,1.8037751484115572,-1.3333182728819337,-1.476189424641416,-6.571936079984909,-6.96257735221306,-7.156032211979625,-6.776591815630887,-4.470890052658785,-2.36262623607816,-2.2740695315097463,0.012951966099675765,-0.3182699811304377,-0.285929862189395,0.37986227035263553,0.24380694823621746,0.24421713845349444,0.7367921908284524,0.2379749422403393,0.6359760717149637,0.37417721748390437,-0.07332111340534164
0.27880496636257446,-1.3863386624591896,-4.2529405042631,-6.175401419185125,-7.292855079170012,-6.891353938184339,-6.466418321163441,-4.492031348200854,-1.886183435442486,-0.7798299510668494,-0.8532910558359091,-1.4574274665802647,-0.05546467344532641,0.21115127560291705,0.28176640776774686,0.15786664595930522,0.5283872475011124,0.20355726262290783,0.4242945414548027,0.40559635728341037,0.4416544792896927,-0.5017190354712672
-2.5267617215097884,-4.0662531709775385,-5.276812242330606,-5.984310472764392,-5.773016558671164,-5.31377642315581,-4.511621592916061,-4.234456514942701,0.6935645893228304,-1.8431091383775722,-0.8838420449441523,-1.618149832149466,-0.26413121370258,0.1377785889301535,0.13212317606316573,0.4556831378781784,0.34620375246447294,0.5441182100617333,0.6780122810480654,0.609815388057539,0.42520609428060674,-0.27268030803410254
-3.552955042654509,-4.880048604356675,-5.464110486753665,-5.24391400177466,-4.739007808678027,-4.412580406403949,-4.096124243983516,1.3683765787758055,0.8817876360778499,-0.9755537530485449,-0.1957831435190096,-3.222047672935677,-0.9131830650459236,0.1637084423216616,0.012351989061666934,-0.15864679200129594,0.11861508394595206,-0.06778082669379094,0.0921347304148899,0.3156962117235309,0.19344587657055695,-3.4561928182654715
-4.616540897813305,-5.228940230487437,-5.298882825291339,-5.435648213654503,-5.269528714238955,-0.35739171668295766,-1.6743487999750024,0.3417959053488073,1.184722691425162,-1.305387209763104,-0.9600837288686928,-2.302616209224862,-0.7437221832740535,0.1451203319704949,0.2255817853132458,0.13191069871470476,0.1428515293298337,0.2456812204720352,-0.05165232128609186,-0.0847618274752354,0.19011521359517297,-1.2822869288908254
-5.026241615306006,-5.22140132152567,-5.075860143912859,-5.186844414132308,-2.4464769681394105,-2.566426509165463,-0.16368466298807574,0.20046415175772303,0.4531521008720715,-1.1459642120577458,-0.9954254147443731,-1.679190783082577,-1.010667443852919,-0.445314956543566,-0.18567605249589292,-0.007199117437045325,0.7907889251600129,0.3568157386607524,0.09579014432043621,0.3072050266859569,0.08562060331588663,0.19463201344991551
-4.830423109549757,-5.273249504528411,-4.49378480035399,-3.93365528492078,-2.7018148627757976,-1.5262508295823676,-0.7519134437207982,-0.8543347403786771,1.0828887338033735,1.5660305769374268,-1.7287068038880908,-1.1699139316842841,-0.47677640703611474,-0.39610763688164835,1.0075220006799297,0.38754636635660034,0.3377929612691778,-0.16386210992391909,-0.22082803270459,-0.09284228670787441,-0.6560361558982907,-1.323993937835357
-4.646392671904615,-4.929294837975404,-4.170000259006228,-4.152949792657315,-1.7869617284147068,-0.4739764374583739,-0.3217238773906304,0.36435931524732507,1.0053765297074506,0.3063010795899412,-1.9103640022396997,-1.8914529583016642,-0.2586282644946773,1.0522194883453948,0.7612388767912777,1.3526939317017865,0.051007216413157246,-0.4765488310223222,-0.4197034683636672,-0.6966997400132846,-1.4246659752823523,-2.4741465835746035
-4.690026245992538,-4.488294838415436,-3.823310865776541,-3.4707510810676223,-1.7687351840955974,-0.7547250885797069,-0.6023785513535345,-0.615948368722995,-1.1228121107649705,-2.600642595367429,-2.3674396293242155,-1.3367517044211408,0.3587804699608845,0.2280236448817722,0.2389137676776813,0.1656766685804621,-0.01150057022658672,-0.424525374248207,-0.9407059442456497,-3.357684002681885,-2.4253517930067003,-1.479427722586817
-5.04048058619462,-4.929177051257889,-3.7900877427004813,-3.7726865490263273,-2.723617884621363,-1.1200178968664725,-0.7054252210728338,-1.2255989949572992,-3.114718488412375,-2.042513686044173,-1.8056681045458396,-0.13777202114222947,0.070894321473621,-0.6367988537659135,-0.5316479801404784,-0.5787661147967597,-0.6615969920323413,-3.03516994596145,-3.7113389197583326,-3.438966207534742,-1.770410520377757,-1.0805875033527765
-5.213537720944887,-4.436386093296677,-4.162911006456412,-3.4360717610880696,-2.5681476161033037,-1.7476475624430172,-2.007608057725443,-2.404771034633404,0.32045969649969214,0.7447742481540358,1.0609894793448646,0.7785617034952956,0.3458942739217416,-1.6171181242052268,-0.4590479473739,-1.3227016018084519,-2.28299648844272,-3.62011335660002,-4.047972446402788,-2.329160247408098,-1.048511724222314,-0.6985875719363434
-4.433952060857253,-3.8116241903531747,-3.5701387245476024,-3.6338645275530514,-3.5873166897317237,-1.826325443271205,-1.1290757818314365,-0.6227765719337794,0.028942247751005016,0.2999336453121973,-0.05659036026728698,-0.2493066164072048,0.354459860067429,-0.6811110889429947,-1.878545761788171,-3.9430670737722924,-4.356039648582468,-3.8979253673485177,-2.780355922133671,-2.0540367378111095,-1.1982503798323954,-0.8389763896102097
-3.8263146624824453,-3.2087887655599467,-3.437640776853865,-3.4923154803942587,-3.203847442807423,-2.2041246491382402,-1.4893423289629608,-0.36669890387397375,-0.7465197635802499,-1.9141602844789147,-3.023873778733676,-1.8870614824385474,-1.4586804754990468,-1.251093318803883,-4.074194822220692,-4.033353293929935,-2.303739707634402,-0.8363872977116374,-2.0502999669691757,-2.6384669118681194,-2.0667430520495396,-1.8062366266302474
-3.350916507666874,-3.026920147605356,-3.068206110957529,-2.9648057950268223,-3.0284576082224817,-2.0176207739223755,-1.1989157898267082,-1.9343398937361207,-4.114435439541168,-3.6264315723369394,-1.5939326276737436,-0.9640249932064093,-3.0507036576267237,-3.26209761956985,-3.9762918247002133,-2.548197967465931,-2.7892292627793935,-2.826430538027533,-2.6718098893508535,-2.690991547203582,-3.4244959785915343,-3.632795748708623
-3.4367192873240993,-2.893502952002407,-2.9138665762926292,-2.7655020129800145,-2.6599455846362923,-2.1696979616245025,-2.004185724317521,-1.3990725814481113,-2.8431607615377614,-2.3791348675761963,-2.688260696690117,-4.464839018964655,-4.94702891100235,-5.001579819519602,-1.9235528315256,-1.24487240722899,-3.459715662811066,-3.4432742204777784,-2.8251067386061304,-3.5549713051664766,-3.8041812429068704,-0.475104357422336
-3.609043465340974,-3.346842021759757,-3.113647748000891,-3.623432869514725,-4.083623382092073,-3.117860495280321,-2.6088379890131765,-2.594634215584092,-1.8816900625668205,-1.8426815231598377,-3.5808652112957406,-5.749632677068035,-6.654451303614264,-0.15129834675229914,-0.324184564554953,-3.2266739812312344,-4.071689503659609,-4.1809823274282865,-4.56252694629769,-4.408790542268955,0.6349635552834214,0.006970594315824643
-4.178362565493367,-3.1540893811523447,-2.399455935036651,-3.0092556960483963,-3.220444599433985,-3.6081028495353378,-2.7715443715969634,-2.3218868811001823,-1.7089126311799416,-1.4228923048119686,-3.503273203109436,-0.8463675551792635,-0.5314253656805806,0.3336304663575693,-0.2963919865108097,-1.0232277202023297,-2.3496699793111397,-4.838634977786064,0.11128509484056444,-0.28740125784698667,-0.18985218147752775,-0.0769791138277885
-3.9381032007894463,-4.116439237610963,-2.95298737646994,-2.4179969954597706,-3.2012185312206727,-2.13262421307566,-2.9766987637609503,-2.9285353034924895,-2.68648257871398,-0.7837523836296296,-0.5250138151612647,-0.9929298169232426,-0.8545340277255304,-0.30714247184072524,-0.09188946569828124,-0.15587315369335925,-0.8628337318410828,1.1159143257301662,0.6177262951996672,0.09973499655716367,0.04787545107946139,0.009270575706573915
-4.5147062010946595,-3.348395044367798,-0.8328331478505888,-0.49161747583397564,-1.569223970193721,-2.428963947808809,-2.022873165231423,-1.1816597340080095,-1.6153828032171949,-1.1670213626275068,-0.8873788236342811,-0.563780583981775,-0.6669553779072352,-0.3626090023040889,0.5011205313148699,1.257934927984546,0.20251766353481201,-0.025255799715127286,0.8199443702471759,0.5136125226676789,0.10622351118727621,0.12470309924680231
-1.642460771079613,-1.2405632133051732,-1.242552856291663,-1.267262217154267,-1.1383819924862075,-1.6954162587264665,-2.022319354882136,-1.1080027714651335,-0.642846637945837,-0.24726687279371806,-0.38042160083793936,-0.6803455018989599,-0.7763485349386624,-0.3842566041676634,0.0978571880649594,0.5285308093320051,1.2014292660180401,0.38637123693617015,0.24542336567558348,0.1328599679244501,0.5556824537806027,1.1708622882713644
