script/wind10m.json
{"header": {"parameterCategory": 2, "parameterNumber": 3, "lo1": 6.000027932988019, "la1": 58.9999434238085, "dx": 0.5, "dy": 0.25, "nx": 22, "ny": 24, "refTime": "2024-08-11T13:00:00.000Z"}, "data":
[rows 0 to 23 of 24, columns 0 to 21 of 22]
0.17085901099399622,-2.582065877740453,-2.4832074432929527,-2.263802808178305,-2.0841055010324343,-1.5561694132909911,-1.2605860070748756,-1.4784511543866266,-0.6564595716739875,4.0732114862223145,2.8712349555056407,0.6855949475913915,0.10017511442537878,-0.257230532409968,0.6634729776581888,1.4952357820787414,1.0561605889708785,-0.10598649111553947,-0.3062347632886477,-0.6541401230511301,-1.1333902354699181,-1.9587686625292022
-1.9198415186095517,-0.9903319031927159,-1.3960378786511927,-1.5695051907780675,-2.152888317759672,-1.5250191180799024,-1.2424526662817226,-0.36939279647613765,2.5926470565561313,2.274527081299688,1.5983534880008592,-0.12105666274334984,-0.11703453660628102,0.04860525081518725,1.6215312896696,1.6290214732345774,0.36760001807898257,-0.6985393946748376,-0.21570862827528595,-0.7444198532722466,-0.9158057916131632,-1.5646205455454314
-1.429972744533796,-1.8967639551437718,-1.1635121974731546,-0.8963774696286343,-1.3633277948456777,-1.6834597048305087,-0.7914908793881117,2.2263911526527322,2.2185370861534355,0.943086772927263,-0.8910583437594944,-0.44056032830478026,-0.1522347495490326,0.6508944186855978,0.9108569098328771,-0.399131112131839,-0.8197008590841439,-1.5630631715330467,-0.9642621317276434,-1.1211164589165281,-1.096723263373072,-2.0779549458763342
-3.2207525961143832,-0.21648332854835342,-0.7802621746618614,-0.9752199308183477,-1.5469494166242346,-1.3246072603774925,1.5775354811437916,2.6552677130111944,2.120253010940612,0.21092510395983338,-0.986261001118093,-0.7561465741371152,0.13991620866560966,0.3312031052633518,0.5104870302378208,0.22561118891980358,-0.6922638686119555,-1.3437028684814747,-0.7925653939415694,-1.2154191002959742,-1.959087274407121,-1.636052817422858
-3.320988730362421,-2.761897706908681,-1.4755281775598312,-0.07768601955341663,0.345432867384823,2.284584135204658,1.3209907822851388,1.201402277594184,0.8127798341531939,0.2538368458073969,-1.410286688476317,-1.725031067694519,-0.29613615542345245,-0.03939468260055374,0.04765543102385604,0.09378845293977009,-0.4062241266480579,-0.28888145902529017,-0.894655330205407,-0.9583926624894785,-1.1591248968133212,-1.487047199729147
-2.8777259530049535,-3.125002017952763,-3.158391241099727,-2.99566417613644,-2.351812300911963,-1.2628746644314321,-0.6607523031287034,-0.6897425609500861,-0.696810335954231,-0.5736441369681176,-0.9167887415510394,-2.2056459705406186,-0.7565895671328058,-0.23970299545846777,0.010402919884184006,-0.1683184416710479,-0.6112714759001628,-0.8927800594038197,-1.0995577542609154,-1.2914697637348629,-1.2977955030459336,-1.4420011567476352
-2.6970470944884353,-2.729936814939224,-2.9007504382796365,-3.1922984940867702,-2.9540193688567107,-2.297286414975449,-1.2934271895354945,-1.1030618404754813,-0.919408092416428,-1.469833980301342,-2.8164354187868903,-2.889466866409133,-1.1532545547095634,-0.40631090425274324,-0.20123195983357572,-0.281591653729349,-0.5844519716737303,-0.7057192803424496,-1.0082796224226467,-1.1791688294726896,-1.6845476949892129,-1.6358087791863847
-3.308919724926763,-3.126322287676525,-2.860135651167056,-2.553097424686317,-2.86934768134895,-2.413123845579775,-1.877957900076877,-1.180748881871601,-0.8093939718912923,-1.1811876921081803,-1.1234949979591782,-3.390410798539273,-5.003449061710195,-0.9411102139489139,-0.5911089377720525,-0.7288593004288644,-0.8583753834142411,-0.6586460865460209,-0.5016731608403052,-1.0846147487338702,-1.180299874203311,-2.3934468093422354
-2.7371726138729056,-3.0443584332627367,-2.5452412759130514,-2.3343811631546054,-2.4061114605352047,-1.0545708198241652,-2.5361988851011925,-2.1525964303200262,-1.2162628373084023,-2.5233997458811057,-2.9115931401203157,-1.979454889767118,-2.1046520252702856,-1.218421075660363,-0.9801546557631537,-0.8580850357515176,-1.4187107045445737,-0.8848057145369287,-0.7629778545868258,-0.905573850386381,-1.067384978403298,-1.5509671362682074
-1.611277305877964,-2.387405027072982,-2.6291560327366,-2.679523554391054,-2.367580935632166,-2.243453532639791,-1.6480714602685238,-2.148832217799622,-1.4661851021931323,-3.2330639267656425,-2.762098555849703,-2.3313317240223475,-2.7006097665229807,-3.639804952005014,-1.3336361452401488,-0.8290462228738559,-1.4597402980353669,-1.3716469681257522,-0.9255952378172646,-0.8690109540642251,-1.1257749085319402,-1.4596240390825213
-1.8985180384452793,-1.9456054474833835,-2.290453965516117,-2.7109390332097965,-3.0777952861018916,-1.9734250920340144,-1.476153536673393,-1.6564950957538336,-1.9235258940636153,-1.5719945575937482,-2.2961454853864462,-1.7425379197279385,-2.343092671453785,-2.791569594901558,-2.8842086912772484,-1.330581895226326,-1.0938755238134734,-1.3774071922836637,-1.2774024986093082,-0.8080479525586614,-0.7895129759385014,-1.4594904803453252
-3.085179215282637,-2.5736977509484364,-2.7950806983132974,-2.796251152753319,-2.778159445862877,-1.5942194835693224,-1.784749639923048,-1.6934712955062738,-1.0968726510696538,-2.7165105890804258,-3.3010329799433054,-2.314776995750749,-4.003772729687103,-2.2894898729786974,-1.8688250482370183,-1.6586868654145717,-1.7794628454503199,-1.3187434419682043,-0.870550179686774,-0.7391332320944387,-0.5725848071864249,-0.5759972352143907
-4.211411047448419,-4.2673383815764705,-3.186480353335667,-2.17113815961438,-2.9471005269846944,-1.9459549050409002,-1.764791991890386,-1.3994822675705723,-1.9042134570243752,-3.554585797756363,-2.2589477364116757,-1.7531115242441608,-1.5311927196678983,-1.69437012066525,-2.9572725184070467,-2.052069504712976,-1.187581804192971,-2.7859494236922075,-1.8244234579386054,-0.6796267497731079,0.5747664940089536,0.4418159947636271
-2.8744515655593887,-3.610645518249184,-3.3401235005192462,-2.957698339579114,-3.0591708591779416,-2.28805512252865,-2.172763454939349,-1.578720831932008,-2.645831968980007,-2.902812242666766,-3.2392427477063013,-2.208679576886718,-3.0969177807507773,-2.2235171160863603,-3.051011127013104,-3.218150021430616,-1.3973514428012397,-2.7670637556322557,-2.5307048944945763,-1.8444625403556003,-0.8741928332076124,-1.4171052207670993
-2.806896870665765,-3.015568639157496,-3.085241657727847,-3.1167944536478447,-2.8903431463079605,-2.082862733971477,-2.131078306658465,-1.5135035394309337,-1.829004758651829,-3.491253670443001,-4.3239768566208205,-1.9988856329062554,-2.1387810959509714,-4.974099762322369,-3.74079209802346,-3.3844631322245218,-2.582445687570388,-3.2944835157229346,-1.6512991338515561,-1.8947571967643513,-1.7921047169417321,-2.4762238234161513
-2.3752434169414673,-2.317416223347241,-2.2414532230470825,-3.060937464512517,-2.965219332149878,-2.847278391670008,-1.4061910521449716,-1.4792777608146686,-1.8051081412257761,-1.9130154475704002,-3.335727137764931,-3.059823756809673,-2.563448577742311,-3.890906792564694,-3.6893435447298675,-1.9760012729972547,-2.7158659791902613,-0.48020452539537045,-0.7913145555922965,-0.7975686428170297,-2.507811752864602,-2.502495855222333
-2.4278569313839165,-2.621382022569002,-2.71102163083502,-3.023644389125655,-2.5629745867174663,-3.068398046386301,-1.5893796209007074,-1.9970754117862903,-3.7938627872658652,-1.1908281243582886,-1.5659503438818576,-4.346683845517396,-1.8278539671273024,-3.804480340783508,-1.966552147338833,-3.998118033501154,-3.109401330060325,-1.2922057281222468,-0.020168850626535215,-0.2829248066385071,-2.0373211983925543,-2.028465774964809
-1.7317967858812702,-2.108122320098682,-2.4561980822910727,-3.1608760033500167,-3.1309051012508538,-2.7626000659634204,-1.4818324625873778,-1.5040559389989576,-2.8879666099760763,-2.0101015321859377,-3.9403018240088765,-1.669165667378798,-3.244853202573437,-4.227959385436538,-1.0562946558829842,-2.956782320767928,-2.8731168964384044,-3.3802331746097822,-2.2599725793127643,-1.841472063881198,-1.7823539653909948,-1.538268596648083
-2.447692344083629,-1.7008331558298917,-2.8656801455408063,-2.7468988731621504,-2.643978790673424,-2.5151292352255896,-1.4702088891169083,-0.8488179643624103,-0.778636185010162,-4.7611799048018035,-3.5215820605611006,-2.743206700228636,-0.014175555501714678,0.07300846123626066,-3.887033722061553,-3.1143085867144658,-4.117243851833762,-3.3891747732246413,-3.1010080723501208,-1.9754921631583293,-1.5314226940982139,-1.0866309461756134
-2.292773737907312,-3.074932854995501,-3.231915859572902,-2.490063520790489,-2.178881536404234,-2.630299546369489,-0.6080790238689396,-2.2386550649655974,-1.775784643251778,-1.8507228371779474,-3.4018315992370916,-3.9682112404637953,-3.7882374303576025,-1.6696047297082324,-0.9081134818529494,-3.8550541692583176,-2.5282988705155334,-3.44263132886481,-3.3120172512402157,-3.230788702062166,-1.8097325019519748,-1.098797410980134
-2.0735682380158575,-2.5835665765546048,-2.64728514890238,-2.3541549103263506,-2.2837903960611357,-2.15926078323677,-2.229664770892769,-1.372632226602116,-1.2850449649185187,-1.8427031601912933,-1.456905793060739,-3.4452051948693247,-2.368765691134084,-2.906164707224489,-2.5023634154005654,-2.256278712939543,-3.4860996300224336,-4.842623007654019,-1.91463960419245,-2.2476413697967548,-2.764616503553757,-1.43144600208243
-2.1036474167863806,-2.9792740073651163,-3.992631280811084,-4.411936414021937,-5.795636679571488,-4.677494463472659,-3.278886203068643,-1.879297154883818,-1.4883514375681957,-1.8467492055185073,-1.438739107741713,-2.1728943862580223,-2.3229035729952745,-2.5594505110120056,-2.885377482994018,-2.7565506953284866,-2.7672971008224976,-1.9924104377065568,-0.9579546191569949,-0.5166731070736299,-2.448258904368083,-2.023298377676459
-3.852738936995493,-4.282698060593605,-4.5561880450627195,-2.1963684986715517,-2.220417677163665,-3.3401235908256988,-1.2724147305977411,-1.3374733453574734,-1.920807527239631,-1.9083948173165066,-2.1218447525467723,-1.2808156572698617,-1.8257037713318927,-0.8854309654320194,-2.2617624991078262,-2.222098079623466,-2.3575699960308145,-1.6303614750565614,-2.1977934503621372,-1.489777603789276,-1.4836975364116574,-1.8905881778319065
-2.994435900805883,-2.7718567344581024,-3.439289820248902,-1.4342490074795173,-1.1653223175587661,-2.352728054864047,-1.9543222054768785,-2.0527388686178796,-1.7134775833022364,-1.4354627617632167,-0.824618432871599,-1.5257297468947257,-3.054149352788373,-1.836104640269448,-2.2792311380511,-1.6937374574214292,-2.2850509781499984,-1.7732484462816671,-2.932403563946086,-2.06380923030583,-1.347072257897719,-2.2185420903794557
