script/wind100m.json
{"header": {"parameterCategory": 2, "parameterNumber": 2, "lo1": 6.000198445256149, "la1": 58.999992894266676, "dx": 0.5, "dy": 0.25, "nx": 22, "ny": 24, "refTime": "2024-04-21T12:00:00.000Z"}, "data":
[rows 0 to 23 of 24, columns 0 to 21 of 22]
-1.8750692827612736,-1.2363960974591492,-4.581661819315783,-3.9391602916950554,-1.8432301479062052,-4.234936824895858,-4.615159270898843,-4.220275509645112,-1.8939297853995034,-2.35866867819462,-1.8177159750964826,-5.459157250311407,-2.946189846662429,-5.598552454429448,-3.802232930726424,-2.674689722777344,-1.4303996149816107,-3.023614292649711,1.1900745993381598,-2.5521403832882923,-8.088738486369609,-2.3688496601785176
-0.31310050657122246,-2.1941846294625518,-5.285250883326775,-5.135727655633064,-6.7782812430716595,-5.61571172402542,0.07671207803284082,-3.162049696069904,-3.9608505792366535,-6.899991752393118,-3.657860305294348,-3.008962082545811,-7.204805554392616,-3.2118061403799993,-5.149796182908338,3.8784320490522055,-2.3244165304824462,-4.122507317204992,-8.583542831572048,-4.627062392729254,-6.333479126603284,-3.7892011209268506
-2.325519115404479,-4.750652363088454,0.39933246016419593,-0.3970660355289837,-2.74906276520727,-1.984597509672257,-4.665506345479976,-5.85665274084662,-3.5260253938255905,-1.7991355533288087,-2.4824420622753256,-9.755310995310058,-6.740800454605807,-1.382595948255054,-1.3446913580849043,-3.788817872779336,-7.428044196754495,-5.974097007780672,-4.400731078506958,-6.526492848495128,-4.951938911908548,-7.131096611041902
-8.978112318845858,-5.234865865469898,-5.670420880116688,-3.1300223792731177,-5.850677310347453,-7.130469219616806,-4.719823913857337,-7.0954929493627565,0.12371413516408936,-6.776045443192668,-4.20429692715133,-4.410772508380078,-3.710439356088934,-4.333058493168575,-6.940019907371154,-1.6367305910443624,-3.670995855675468,-2.5819522969802184,-4.170516854904862,-8.495798891736857,-1.3787977156455433,-3.5648192397160803
-2.5723367569743623,0.32121935783864675,-1.4347579624730318,-2.058399634054745,-6.571477984864794,-6.551127603569054,-6.838652533092009,-6.856834007901836,-2.7982239112777667,-8.300213208665106,-6.682965436038254,-6.926757174873354,-3.6178809056424193,0.7948267860878592,-5.70532480389443,-5.640740159635575,-3.854756258619293,-3.76024742476695,-8.022299681949214,-3.1659624854844246,-3.3305460826238185,-1.6751740828048767
2.4276265466605644,-2.2295993373419702,0.5491889606563686,-7.315029100746307,-6.020062543698958,-1.9357808731399888,-4.387647420909189,-7.023248285608653,-1.9586003740924771,-0.19084263258546139,-3.1872552690930234,-2.892147059749751,-0.21658066359953687,-4.282907836729636,-6.255532464178574,-3.2413759069976718,-6.675258546300862,-12.096303525726803,-1.466190948753307,-2.086295468328261,-4.082398251558079,-5.097798318213332
-2.7063272213430527,-2.2531214998364906,0.5144648716235866,-7.056439541061808,-7.3382288982696275,-2.4555249669538406,-3.842706425502165,0.11826751143893707,-0.5647493382065835,-2.5128516686230506,0.6351963073358642,-1.7909598487694287,-3.5814371090937365,-2.589121866896166,-8.612749501098365,0.29532484723209257,-3.7393238190517732,-2.410898858398403,-6.568448872930228,-6.932387501556401,-0.3321018142079998,-9.902770008540392
-3.196127312467213,-2.9859371538211117,-5.863036698414232,-4.536261993728884,-3.7312691867235435,-2.585280994187624,-3.2123519878079057,-3.7328711833731116,3.595167922614316,-1.2894621238646686,1.486642806693975,-3.654643302845626,-4.580424588302336,-5.241017683967029,-3.092030210264757,-1.3678007059166983,-4.224621626494983,-1.7726786829221304,-2.3040201632241306,-7.976535428167079,-0.214509811348193,-2.7566251218328457
-6.819264682631657,-2.1573117653692733,-6.845401246205329,1.3091643850510566,-2.5765118515283407,-3.637813185906731,-3.1951751164702666,-3.8376080190072837,-1.7723933159496241,-0.5724340762620088,-7.850544565338114,-4.861874438296582,-3.892238270448562,-3.116118055038394,-3.9689874126213645,-1.2472378261357835,-2.353976920985002,-1.0603262216970453,-6.067326910294075,-2.1551021328018964,-4.505942883698257,-2.2544117419628877
-2.5883189582102184,-2.863851428912348,-3.248983968976548,-1.9914189592722096,-5.684388747236616,-5.821274579365636,-2.2725252091457855,-9.060302123566233,-6.256029410884434,2.2703218568864916,-4.479679129623787,-5.871667802921012,-3.9766620665894417,-4.108921655796638,-6.163421574766572,-6.2182867454799995,-3.178456381307929,-4.801359156979705,-4.510174679506409,-8.231630927818989,-1.9702350396105528,-4.53088860605328
2.215383396365571,-3.749520525559935,-4.2925516320362185,-5.6590826142248005,-2.7402773642455514,-5.154219871396309,-4.2658352289090065,-7.011005757889379,-1.6015050869948415,-6.899794011512962,-1.2302428851735585,-4.636892585647211,-3.8587809353403095,-4.1720776075131125,-3.1544317777012933,-4.0406177501679,1.6493925069016258,-5.3686193677468586,-3.8360385065855795,-3.2391348998483047,-8.951861084684582,-3.9689432334477677
-2.1475226427030574,-3.6432792994095333,-3.9159927558206817,-9.024731845712791,-4.517687244839262,3.0925075539719833,-5.0641293002495384,-3.402029914778619,-3.5990587815364337,-6.766492879001623,-2.235822537888294,-2.9604831969987653,-2.598836907646321,1.188543720190724,-4.012393890253264,-1.8535872989048516,-2.7401279525133275,-2.972032323803364,-5.465163689020297,-0.1182733471227891,0.52604532954199,-5.301518238691063
-6.630218816475933,-1.9135916248533018,0.7757506285264666,-7.9326067772214275,-5.192059742782267,-4.276446016198545,-2.683120836364042,-2.5729889690962016,-5.776329569880248,-2.0788881605548357,-1.7054468513531809,-5.804488727511548,-3.352472872148254,-2.727117738281588,-1.836642972338434,-4.019565692320169,-5.7608798905234995,-8.101317520990435,-4.223813555148526,-9.199165255318894,-0.6203809260238803,-3.999936989830017
-3.3988150286566565,-4.080085160677815,-5.249090605496745,-4.301962894238091,0.6685148693830988,-3.9103666089654934,-1.9780754308105701,0.2310691512337333,2.249341948598719,-8.260236892646734,-1.9988426543470044,-4.266582857556688,-5.7452988178289734,-6.097496431710825,6.511615245993267,-4.085784484660182,-3.2425812299991357,-6.75317609127815,-3.5078770225118037,-7.3216052260803695,-2.9767750394493295,-1.7010626400613522
-2.1439470578983566,-1.309351782954268,-2.354411396850621,-2.8682804624464358,-2.994232749568238,-7.415811795447468,-3.72795366511642,0.8838062415386422,-5.249245135777893,-4.290711747937737,-2.408032197564247,-5.488725761848093,1.1858236694149054,-6.686305604639399,-3.2819283604691964,-3.046093048757679,-8.163415757762605,-1.8007446899490438,-3.5258489065099994,-3.878243597991907,-5.24485497019611,3.6038961920673
-2.795191017046516,0.315054750575243,-4.890016439886328,-1.4704894154339332,-2.218625885718715,-3.4391954099194844,-3.5034986892341284,-2.37813335655362,-2.802188811821536,-4.539145293063395,-0.9886114285002032,-4.042938312460937,-3.580531386314594,-5.2162843917823505,-4.141555079442444,0.1695517325412471,-3.8940480983078025,-2.662204081357238,1.2146979360853596,-3.6068614926584637,-1.8405074392299707,-6.187619910925615
-1.7260936552695108,1.263633863992331,-6.216670550935414,-4.578650847316296,-7.954597722651385,-7.2875941851441075,-2.5551145631302647,-5.816574251574869,-2.1607322459342506,-7.174084219416132,-3.240409498961788,-6.061108703659443,-5.586969824798139,-2.770080398607477,-1.1201257463641179,-1.4683940966230808,2.475862932719849,-2.2747199428817706,5.707688690737686,-2.784562537169235,-4.084424007329347,3.0547077317580973
-0.3631141790194556,-4.26343987116025,-0.17806648408172343,-2.348670292167278,-2.326484404913973,-7.872239597814562,-3.364290693431462,-5.336311040652677,-4.686924395898371,-4.347998837611515,-2.347489660885889,-1.9030366072079374,-9.095496546941733,0.381049306675381,-2.2243207806763325,-8.011814864095633,-1.7396564986942527,-1.3549496382180224,-2.006273360390064,-8.058273490126552,-3.628021358304494,-8.568218183114867
5.543829847790465,1.4980908756728242,7.114671947365061,-2.6307724250676805,-2.2170911261630066,-4.972113461517631,-4.154378850262653,0.37625114489879197,-3.6352391422038655,-9.595964680641787,-2.797771884932394,-2.979743538818933,-2.037322620842893,-3.5433266179943095,-4.156591044667369,-5.693840001472834,-4.9625348296247145,-7.186240144033206,-3.5579957185222395,-2.1982268119022086,-1.9589200237248579,-5.083761900549631
-9.41915157007513,-5.519143877741481,-8.193607759651837,-2.7939568796621583,-5.378273407707509,-3.672539998959492,-7.174183419648073,-4.551928320292968,-5.651119989545486,-6.482656967659821,-6.481341573470841,0.06990177642342589,-2.5571489756906574,-4.130656811105288,-8.338390236547395,-5.071117396309462,-4.966647089379661,-3.8234454723781974,-0.14387652253074237,-4.4225928683394224,-7.097826747378318,-7.11956619576027
-6.318658524850991,-6.97257196151868,-9.09372326895937,-4.03343540261012,-1.4070126849162425,-3.9846411299467466,-4.202156466113262,-1.1661858808702323,-4.605446829767291,-3.524296728562414,-1.4621663006889125,-1.890930818380742,-0.6853103522912917,-1.9855091867094303,-1.0217691537902105,-5.794906638415504,-5.170058874866647,-1.6003264388137102,-0.16473039356054558,-2.326781467403506,-3.349091607132999,-3.4519284561470926
-3.570690304550028,-1.0496663329630518,-6.604488396389207,-1.8899043039213437,-3.24960459466058,-5.54558245945845,-0.6320645802100656,-1.6266518047029366,-6.231172371920397,-3.6452760503941053,-3.996353280361387,-8.20722061558506,-9.157800883381958,-2.6860011001194875,-4.980975963794955,-3.323588800592949,-2.978121161049563,-2.7819542656710885,-3.8909718597669958,-1.9958300457820233,-1.7651672558644322,-4.044337075311653
-6.525178355172645,-1.325263721013449,-4.40362089775624,-3.164437413686066,-3.3795451762345996,-0.9358362005097687,-7.461315705672724,-5.0442085548714655,-4.696814252607969,-2.8649308131931077,3.756549044866895,1.1263064689416138,-4.224641157715432,-6.8153593819461005,-8.501483652647186,-5.952633158549275,-0.7033544961852158,-4.024992151401905,-4.102568259090389,-8.350511407787394,-4.08103469115841,-2.2415501526796353
-4.5604129912316935,-4.887619787839372,-3.044549661799244,-2.086103140911373,-2.9128500216949655,-7.032968262334014,-2.3431436518303883,-5.705787602942642,-1.633637036246004,-3.404038602957035,-2.3108033315701735,-2.6091762958997267,-1.7371851779836065,-7.2982866439929435,-2.302293506152636,-8.618994831955499,1.495464925165677,-4.673871377734779,0.008095628880819203,-6.200176182985177,-3.458314581961585,-2.3275638084573975
