script/wind150m.json
{"header": {"parameterCategory": 2, "parameterNumber": 2, "lo1": 3.000054539987559, "la1": 64.9999836372058, "dx": 0.5, "dy": 0.25, "nx": 34, "ny": 52, "refTime": "2026-05-11T05:00:00.000Z"}, "data":
[rows 0 to 23 of 52, columns 0 to 33 of 34]
5.3186124322002275,5.919457009924711,6.675373409295126,7.258119524628774,7.449455918234047,7.969314547086461,7.621484331251437,7.48886382154868,6.521236802379133,5.732046487922659,5.660598733533823,6.489303509252486,6.144973343664338,6.225401092015741,6.05040687935214,5.672894334655809,4.267905609313944,1.3832984309373662,0.7354987189935032,3.1826709953779395,3.622387219209974,3.1978938053418755,4.143091963636379,3.637757571302532,2.9861606736259194,1.2746989604509407,2.4315429736944703,2.6942751177636928,2.9810917347284986,2.4801923136099675,0.6733794508445825,-2.2126910684269245,-0.49078668930800073,-3.4383912232714975
6.746779149110354,5.8073349373956855,6.649531447538719,7.772458621381817,7.649803253283911,8.1426696889056,8.070841427317568,7.214877133309702,6.952852632114709,6.5896671701964715,6.301396554761878,6.077201467224154,6.142885318616404,6.029919513217378,5.727279353695023,5.779577650631964,5.362244654373246,2.8101552420980984,3.433333975802534,6.901744570365559,2.629658264902224,4.212523317968468,2.1385222555711483,6.367965241773532,5.111582459843165,3.3549895594917905,2.979690958135391,2.0798276235605395,1.590864521351575,1.775877335214967,1.818421283368367,-1.208900846558417,-0.055594691462730716,-1.1998274521684316
6.6764424841215835,6.142788094099856,5.448625065510744,5.843122549904823,7.966015108910335,7.554054225559943,6.787569043479519,6.919690421402904,6.303222544028751,7.396443281728251,7.429442738815296,6.010732954758156,5.507947563589568,5.37261112436755,5.60035762590652,6.049870464138311,6.6040097971267935,1.76495132821034,2.149286860228785,2.999594365981143,4.5071035912926085,5.017392258379451,3.177839318897616,5.951678669694179,4.614324052319532,2.9887982158061583,1.775253350513901,3.142752277801047,2.826929838940786,0.7125187389175582,0.6955595201148135,-1.1265769408835973,-1.3287883691885976,-2.349689145778997
9.49504313300728,9.40474105882748,8.746938689393943,7.014736429520749,6.7766413756742985,6.710510672100519,5.710566864951589,6.125612608702511,5.756960676092315,6.601204424860734,5.737759078557594,5.04859882203998,4.683798792795017,4.997617946294133,6.246313009563772,6.291840697842941,3.08400828979601,3.9622831667440104,4.5210070789466466,3.019799220465475,3.836406884099664,4.836280956349919,5.245796183168885,4.666489806208723,4.416136791805428,4.4150231450560025,4.227365094947452,3.1236548126943866,2.5090878206768186,1.670622873535032,1.6485197128719904,-0.474074830309426,-1.2287464620179742,-3.069519173199119
9.883274719836345,8.94454333485289,6.893208935522789,7.14115991229792,5.98296202320742,4.8354077704134655,4.962376769601598,4.663344047571971,4.865067190595457,5.423178783410871,5.385209485685377,4.8668834944045996,5.09751321189292,5.858562058447553,2.3377661601275475,5.497272530514598,6.333771154145062,3.7378992185899014,3.315193879094908,5.758985228193969,2.725188940934684,6.784621297350269,2.213782072023816,3.3483833489244668,2.650389706041782,3.244426411684876,3.7922917875116657,2.9626461863466096,2.986619624448362,2.4416159045614303,2.184620907046523,0.2953788352762755,-1.7946054625591072,-3.100573858279306
10.997012327592147,10.868378914300173,6.7860433441202055,6.427891348739718,5.259183054163806,4.293314704537009,4.498552540080687,4.483957291395118,4.397602911202921,4.246298611713718,4.3977273258720455,5.986875402837036,5.773186942666014,6.266047002976845,2.8605889980772,6.16702758321979,3.3494609938602795,3.886314550981776,4.518366938220335,3.4415836381232108,2.501720298901505,4.078449532489128,3.1734045180782138,3.900111914331302,3.0679032965254764,2.961457938998882,3.675267589682913,4.1124713499107015,3.760436266250344,2.3045343426756406,1.9724226696103864,1.107865572148973,-1.366154097651614,-0.9182132071338076
9.26172539116183,7.88908058567338,6.8905341096262935,5.941825954567886,4.151372142166392,4.642537303783507,4.65395643322347,3.742149170551082,5.063297813934573,3.1612335461548606,4.335409894586013,5.161488961063975,4.144145408261555,4.632677065679004,1.5033439953743746,3.745814382714869,2.4170449253605786,2.4346548667702534,3.1572979786098276,3.254173833288572,3.247629245190369,3.7898089526435967,4.0191061466661715,3.1601353575528552,3.8359866018939703,3.1280271344234585,4.294250358515932,3.659963427053426,3.8476102865475914,3.7128863056396075,3.622641137670782,2.972239429658965,0.1447505754361979,-0.917279195016955
6.97991110423648,6.254246922677228,7.236032113849477,6.7919747450862,3.871613799982845,5.018682450097185,3.821074052819938,2.938357532700701,3.949623824100085,6.205413486235889,3.681821927266022,0.8611450880853531,2.370585760669274,6.61696511223068,2.2186935726655044,2.943718042859691,0.9642298344535188,2.4258087327578464,2.1611602990022423,1.6910528114735681,4.008266996417725,3.2518254680159697,5.596989023249164,3.7713615550364383,3.9889511411822864,2.9641170658345137,3.0846418196347285,3.799681346607915,4.050251396642353,3.004889667730727,3.7294255108483565,2.9789734224436817,2.6497330057089203,0.6217420646986428
5.188548830366056,4.77750750121791,5.284577186359313,4.630176480553268,5.058969402957864,3.1069536596127074,2.6581366919632807,2.5004146936794194,2.546454294266704,4.207000178819555,0.6893784996875432,1.0014202195191613,2.8256555832829986,3.1830663178008547,2.776320149004396,1.3494691083258108,2.2913920330359807,3.1712397928341884,1.3319439128266644,1.0613121392645501,1.9608887004916096,2.0826510369911335,2.581519979018484,3.3750219034478186,3.709998747041176,3.1886703714150375,4.374881217410057,4.618131171422196,3.088586018025535,4.105642081984678,3.1597969013540443,3.5362963610574023,2.8139639548908097,2.324991400878687
4.026204513096267,2.908195537308748,3.896015666923074,2.893270198229474,1.3868659008879711,1.8474964850292774,1.1729019458753827,3.0594301864353737,0.22981967000899295,0.05381727396314253,-0.5655443215635135,-0.2009072496635363,1.7051577942606535,1.727660538797915,0.0908275127056783,0.3531534734751312,1.0770303591690245,1.4783158596214736,1.0164270010644296,1.2458742468538666,1.5770399379067397,1.6804417388183608,0.9283625625596634,2.3480912812384855,2.809418847271432,3.046885170271257,4.047832936496201,3.2211925386049223,3.3484165146660994,2.8477174153227036,2.7752405474883997,4.391188307854797,2.80881216154584,2.7966302038339035
4.8941101353794325,5.178067652612658,2.3550887398132403,1.674369007313044,0.9337100620619443,0.7826778477899267,1.7352368146683275,-1.3513803869848418,1.5510900988591945,0.05543839378002937,-0.2554689340737584,1.2928706141252235,0.2599492035526582,-0.07104368127305069,-0.2769402508168204,-0.7444349565260979,-0.17436227846402347,1.3846404057538273,-1.8077274978186977,0.889661046520684,0.40924016139834357,0.5766074803027623,0.5058706913839992,1.3645301613917358,1.3311818828787187,2.146295847548698,3.9922223322777013,3.1760031484584506,4.022490165437967,2.121476003287615,1.8298367237839677,3.7604675243353713,3.403406234096625,4.020127395932286
2.5535316002172337,3.1287280898817458,1.726387730091491,1.493463337585981,-0.6961892314690713,0.232757693386646,0.5907623066109597,0.5743080418759763,-0.3813368503338552,-2.7681284516450844,0.8416270203371093,-1.051842097984998,-1.4861227132021697,-1.524108664030517,0.0007462454208112367,-0.7766818625966113,-1.4422950115366366,-4.1541058345229915,-1.3026795458916467,-0.8791707094108213,-0.4720416163104375,-1.2488428430290996,1.7857843325834477,-0.21607014194492474,1.115038710931444,1.3726303410146456,2.496206833108082,2.949309356594209,3.5222685110444028,3.0631894679310445,3.385553872193826,2.534987687967627,2.686007234696058,3.2389616583226273
3.248347045375,3.129795797655517,1.9118858272588348,-1.035167076623732,-2.089083036919979,-0.30318965094019784,0.6967389103758843,-0.9289469206939039,0.3300100190571606,0.2278347037349485,-5.713397109809009,-2.840908008394601,-0.2486837995796575,-4.83432963798337,-1.9840128439110976,-0.2740732835317636,-0.2491731092628204,-1.9245550668288818,-1.9201770250913324,-3.3596249765247355,-1.288910021068666,-0.7591829017855156,-0.9602913314629085,-0.4641624653916404,0.8479961072129448,1.566169392999023,1.4244278576360814,2.333224632892043,2.6488812631732483,2.480472311854497,3.402587930733986,1.5032582466422413,3.4783851837413122,2.8604533699662387
2.3741744198392665,2.1503092139696314,1.5255915680335081,-0.3831738641854065,-4.120795636988891,-1.646782891367755,-2.525584208708299,0.08255368738710869,1.1669061544889372,-5.658802070795214,-4.582111660262514,-3.963047966862463,0.08463714967349215,1.9073161741534173,-3.8552746624825147,-0.19859909455598887,-1.6990750693424703,-6.293651461347581,-7.6011626576481515,-2.3748259884798135,-0.22110157010040826,-4.622586685911058,-1.8608943110665082,-1.6693938040207679,0.15500874931947073,1.5472250488775392,3.5538902977575817,2.6091699570698803,2.7586054338323214,3.0948530790778523,3.592064356033889,3.5916285104647256,3.252705036651274,4.020083497860707
1.5019059345124042,1.4307073722334942,0.43309125299029866,-0.6543585505990627,1.0828261368957837,-1.481147284460749,-1.3623473578194885,0.4381524542809676,-4.852254509906091,-2.666702552009345,0.6190051431885246,-4.074810666641437,-1.084153151850012,-2.717314124103691,-0.3383572120254794,-4.794398944260922,2.257838920315146,-0.5891778256480669,-2.3213852913740656,-5.618188179409596,-1.402244966703588,0.1583620184135941,-3.894244068082555,-1.6365166671228235,0.06492070007737354,0.8412332257759786,0.5249705616933583,1.9517323655743277,2.144317937100892,2.0461160962730527,4.436833949596387,1.8344133443181927,2.106773759912258,1.477706844661044
1.1121366208434922,0.4942852659869024,-1.053818030103876,-1.0790879773706124,-0.5263083366364407,-0.1292673418127455,-2.033287661318968,0.5923262219634882,-0.3399858550875268,-2.546009929387287,-3.5838532961311715,-4.5666731292125915,-5.062408166857761,-2.986927242469786,0.6049729473715658,-6.756328458952357,-1.6588560251340398,-0.021227682085016936,-2.5654488398598634,-2.5801079583096227,-3.945223327311529,-0.4112623473667784,1.224959140793614,-0.9657094101798281,-1.3281376406130643,-0.8331578699691737,0.630781022116103,2.248670949227973,3.019538497508889,2.757683669441434,3.2485020234974002,1.1799050210239248,3.08956314163527,1.6656332911163463
0.47960470320537896,-1.2986757237311688,-1.3263924641251361,-2.8964625629553895,-1.235592051603726,-2.3756914301906846,-1.099286854027509,-0.13486460521381716,1.069404765325936,-0.33187273637121845,-2.251266137073928,-2.6060650947254045,-0.9135129789517442,-0.4525777955971968,-0.42718630298629057,2.5319744253458762,-4.394457471236826,-0.7460108346773208,-3.485614934536502,-3.536628460498644,-4.501528486991643,-1.5968645485772723,-0.1157897140443074,1.0846573246601758,-1.6289935011016585,-0.38766858538180365,0.911686253396901,1.6017000801568395,1.2447985573249063,1.57362723355441,1.0489942011390998,5.329590450692217,3.861224938167627,3.739003451352818
-0.437882295982867,-2.4038145091412417,-2.5687131953164184,-0.22224473357389743,-0.542292153512373,-1.5532983586823428,-1.5077563285986597,-0.23454862216041641,-2.585231097834987,-1.7645067641798298,0.1898961679738123,-4.209594477216718,-2.9829075057620593,-1.5800197841475456,-2.1390007250428056,-3.6142184005760414,-1.4820754514862318,-1.8478910873140282,-4.926640834425127,-6.155448915768497,-7.408080996842984,-1.1112376510252684,-2.183117314961164,-1.70952786150691,0.8588066785475835,0.13484542128045596,0.14981188012449756,0.8184299217475233,1.2127274234785617,1.652145873255827,2.131316395041794,5.977745363556476,4.165457911944611,3.0100716348728223
-2.4957768275270946,-3.4752780576558853,-1.882080748066217,-2.217741294208018,-0.1345042432225833,1.4182123392627541,-1.1062349691434088,0.8885994027124446,0.5092691417344215,-2.2153520670892264,-3.5243453820017874,-1.4950663336214711,-1.870912142797979,-5.527144233777178,1.4157518265563325,-4.298989859044866,-0.9601544198592302,-4.176643715684111,-0.3927600476214826,-4.05888979480943,-3.4946361248396207,-4.628838324756581,-2.5057798073020336,-1.8683110464523505,-1.1379618993826104,0.9011909055638402,1.2733263906076964,0.020500466135800356,0.42227592144267523,1.853874970628862,2.9904194716886643,2.612651016521245,4.196974157224989,3.848780026423084
-3.0342532287146398,-1.4532560959355068,-1.615127972664713,-2.1814498740868733,-0.7595097925967526,-0.370347545656027,-0.4619294744874075,0.1338686567225255,-2.0739972976110264,-2.278851177680368,-1.4442525032004538,-1.0787448628057879,2.404062889246893,-1.6478258150039853,-3.1446565449290014,-3.7716285928283892,-2.0763525175704713,-3.802836007398747,-2.0306356313244835,-4.558092075564863,-2.367359816588492,-3.9050255721077582,-4.243857927093763,-1.3311077473322548,-0.11803561591108555,0.41159946190936486,1.8783106634931772,2.7735666287806082,2.376090711460791,2.601770177456847,2.7779365107635194,3.2243985428216395,3.85488240145088,2.166949589978076
0.5291488237194856,-0.5373041282674109,-1.697399586287989,-2.6308323688184765,-1.414599116518127,0.553647682344282,-1.1813261544724112,0.8242517959348314,-4.62478160810667,-1.2749855303824296,-3.006184307182631,-3.597556987400304,-3.300622604074689,-3.601609849015275,-2.9383506719355075,-4.847258924910177,-3.7529917734727327,-3.5959092996540836,-4.6069021890741615,-6.3791423737686515,-2.387115152512476,-2.4801472445391717,-5.351265946833259,-3.393629946354108,-2.337554861713357,-0.14440608613803993,0.9355559232026462,1.7323275180663404,3.6468403881417166,4.537958000698799,4.971698167208751,3.7744623922435334,3.4864990555711826,1.3661952165085385
-1.0643727326935304,-1.1443207699227251,-2.241669971286083,-2.4451156482303977,-1.1579466864025787,0.29151653653250353,-0.1997764036460407,-2.1966212580757816,-5.945215365043077,-0.5471342111847186,-0.6029479414769815,-2.3935583799380544,2.423069013762482,-0.8998073602371222,-1.2677645005326423,-1.9409826066799387,-6.554773646137001,-6.9916828910939595,-5.479546690759646,-5.41091857960634,-3.7795396732597317,-1.0630940567351665,0.44472608621684295,-0.9734977403500994,-0.11731822777685465,0.26769948503842966,1.188423190940511,2.27488580671255,3.382270569556428,5.0177978173675575,4.033666138239706,2.671428241423953,2.3136303960862543,2.234873333536453
-1.1938613455934763,-2.351252245554719,-2.16083454723065,-2.1114701740196713,-1.7376483974765602,0.41590371194342346,-1.4091026529603183,-0.8289187170172473,-3.4570030216489527,-6.0277322461535,2.0355779744780995,-3.5407499961009528,-0.8356663860036491,-5.06479566958679,-3.3126967867364163,-3.6521044670027947,-6.891130379110815,-5.999975857130942,-5.154671467092704,-3.620727145336955,-1.4496535299876714,-0.6922169414548659,1.3547997506625027,1.5418943683791018,3.221534920675981,2.741300411448719,3.5602504362774354,3.2027078742219453,3.565839070094705,3.219592001839369,1.7604295271716113,1.6381700132660018,-0.1200372871866471,0.958414548154297
-2.485150396464003,-2.732894368598803,-2.1147957399834607,-2.0882269826820323,-2.0295947321342442,0.9212523681069568,0.1326113970373547,-2.4482168197714334,-3.9120089376678644,0.6397381955020469,0.056398241513691834,2.157048662947985,-0.4671096529151997,-3.0467565267380627,-4.063695858543111,-1.6388904425432331,-3.913231909512832,-5.702288842750937,-1.8118008656018738,-3.8246768716491184,-0.39815939950568763,0.1710576569761058,0.47212890014375053,4.314714792619828,5.2905138976037485,6.295779879217088,4.39935282451489,5.0993009896938295,3.7202475398755492,4.232082588667996,3.257351350728377,3.031830115448794,2.812893282539323,2.079208402027403
