script/wind100m.json
{"header": {"parameterCategory": 2, "parameterNumber": 2, "lo1": 3.000054539987559, "la1": 64.9999836372058, "dx": 0.5, "dy": 0.25, "nx": 34, "ny": 52, "refTime": "2026-02-14T12:00:00.000Z"}, "data":
[rows 0 to 23 of 52, columns 0 to 33 of 34]
7.499177717477738,8.54948707822956,7.242532305723821,5.275704985131646,5.2998626251096494,7.972197117107246,7.6955439902376614,8.845021944149854,9.093569609981197,9.703028129403139,8.917515530339818,9.419520983979886,9.237430669739428,9.260072455260067,8.421696231361878,8.262120167398535,8.31674490261267,8.151038207147232,1.2268453138984463,4.076161617086722,4.279370827345724,1.6726245687499934,0.41108868692167116,3.492326014469809,10.872745273786276,7.3627307463705876,4.6219073877494665,6.216290314238263,3.8706426619992613,5.309662652402555,7.214854265976294,5.753545139226803,5.335498070220201,5.339203731170976
6.878589176100334,6.692808700699757,6.332168691745674,5.573489892126975,6.0036180934329195,6.1095744651597395,6.269213863664642,8.457377788489985,7.9738208587884785,8.500952075654688,10.231158716156559,7.862460996717882,8.373760966434192,9.134395415636297,8.23341043930211,7.677997077725228,7.940107921490349,2.3717338318397947,4.298476919567105,6.972772806437795,2.57090811779705,6.828903033753344,-0.038736396230406527,8.818849339237554,4.620091807551688,6.112905377842295,6.430282989567856,0.5448843126521485,4.399507734736004,7.541842939399389,4.437347963909926,5.362555495502254,4.987540198647825,7.779077797690955
4.574676907959982,4.497513859860167,4.901803661206162,5.320680190560651,5.176270029683288,4.74067425219372,4.8000006731527405,5.301925192410234,6.3957650186985875,8.18376037757814,6.717037999125887,8.694449258286538,6.231340750300155,11.720776561620928,5.630105474574083,9.459529762711092,8.81319016510286,0.5533689041658351,2.4951150138112284,0.4962163287642151,5.389133883422153,7.655005021291743,7.451805673708697,10.504902817701254,6.975398478740922,2.757728937043932,0.7075372323439622,2.2412979333508263,3.462060426631612,5.605516229152637,7.705876363140628,3.8104550994480726,4.088269390506108,5.3540085724276905
5.065730764306921,4.379066859624682,2.3158451961469115,4.666894362490665,5.292920771650899,4.847945807336433,5.186508229625245,5.52175135355306,3.989804049854223,2.3966750194493693,10.9374057208263,8.04163134305681,6.770502659288454,6.261321608277961,4.645249117454036,6.8542131355485525,5.5179136185877535,3.6301085133519275,5.62628919929454,2.1904524353443495,4.314944826036182,8.921282923319033,5.149263183150566,5.232107090780304,2.6293632750352818,2.3338371683289916,6.582426971260894,2.392561938800164,5.970067826530971,3.789468821021991,5.015338242205466,7.999959353523996,5.695222615095513,4.632993675451227
4.7265467472768545,1.347687029482425,1.875821856705177,4.283350906937104,3.685551591217493,4.629012412803988,6.650677716954096,7.48526866201958,6.026666490114568,6.668802015223629,6.698041621443573,8.25098588173278,7.47535029330465,2.1565551862358316,2.7639899161154085,1.2763681340924757,7.759232159996038,2.4665553115801626,1.6473366448228033,10.215897290100667,6.996473761412663,9.467637903161412,1.5305566485243554,5.465414159945113,4.76368435370966,0.8332764511471169,4.142020220823963,1.9960739945538288,4.307208295769143,3.8232067131758343,7.284047037354877,6.723980537846429,5.903287720650329,4.927892035991399
4.111363018832173,-2.166249204724819,2.9337862247017767,3.5713677491005744,4.258902027137413,4.392904998909204,5.628432911336207,6.402116853915866,10.228836798943128,7.235218742149671,4.287346093620867,6.8229267360477115,6.14011761169706,9.15052192482747,6.415096989827542,7.061832672471559,4.446205587748364,0.9711167549420437,6.9499997953572805,1.045950465134802,1.8718033182276756,5.534414797828678,10.888815796975354,2.0510164559510433,7.479532035743349,5.876712036171622,7.3155845016523475,6.6947647390550875,3.6213580433853663,6.332841213046008,6.282882736644274,2.7324301291672217,5.90330158600614,5.478644049299867
2.9442943874390513,3.572962773470846,-0.01662881377698759,3.7061428888334143,7.483452936414276,3.9591538068636583,4.875899654218501,5.320318000426935,6.5574664979949135,7.349001986324164,10.525089728458084,5.8157244678809175,4.958053760426666,5.246886982570376,5.378413031553631,5.402364991820507,0.6698314019845205,3.276829033199302,6.223810891874485,5.375270175241873,7.498229024617868,6.208588506429071,6.286366653748521,5.801990476046132,8.198694584523944,4.456629275839834,8.2354079311788,3.0468070015771302,4.345612572632552,8.093870058763756,7.652800477491621,6.38374356200233,5.265704990449557,1.321191551015458
1.3457474671821985,1.5954266285562138,1.922305899157004,3.3324031218232473,4.607742766041235,4.025715426735147,4.116640328025216,5.131098947672771,3.1870946982464003,6.896308884548191,3.8385294467874784,-0.9086623926666192,3.8131528901054437,8.002437448670266,5.374065930774036,3.8115059307232406,-1.725190489272376,3.716908204841724,7.46558924914086,3.242263221342261,8.039462188259183,7.8634231213781005,4.05237945733679,3.970122000197535,4.510870072605993,5.999762249697147,5.93546331274439,8.600600343789448,2.521238167634827,2.416197095303214,8.432168546951088,3.936140383199683,5.8850362403161105,6.856056089529597
-0.8627816261576071,-0.04512874768217279,0.5956874382496642,3.316503537115404,2.5465411388232444,3.131171487768151,4.160851604580512,5.376524950575609,1.0217401516893547,2.638201625752405,-1.286813089788436,1.4287828953723674,2.0294276821423574,3.5140061230284725,5.887388424098209,-0.5420711575144066,2.980888923345712,6.684670490187238,0.8702832959686115,3.874046362317789,9.331808115398767,5.059637859431886,2.5510722903344827,1.8416696012442169,4.725976072829791,6.660639947212548,3.735338334115379,3.4480271072798265,3.0460469536970822,4.322963987138512,4.929681695607,3.731906104540271,3.6056668427237026,4.838239328234973
-2.0375363041985737,-1.219554154554744,-0.5093557536361438,0.6913670520956269,2.381730443343744,2.7050587305644465,2.6535621837793117,2.049702151974753,-0.822371661458053,1.374526059547391,0.8169862829254204,0.21649884667339578,2.0819000368183063,5.188895647637516,0.8198588698247683,5.392963148427359,4.538907055593524,3.6072052689818106,3.7660208015115986,5.018733500448132,7.947827468083178,5.440420024083003,7.879586534123078,6.746585167437585,4.108543596246011,5.6653216941658755,5.73875954410037,8.056021321049194,6.606354287279692,5.019761911427018,1.5737153882304447,3.6298811598263154,5.265607438822815,5.792069299014357
-2.8455191503589203,-2.0224845210770916,-1.0510823775096132,0.42581380890415566,1.8226391189175835,2.0030016195182543,-0.5707012627099461,-1.6800559032623315,1.4322894176246022,-0.3509811591938639,0.9022873158928963,-1.5586525250783305,1.8755922547585773,4.311498152954872,5.580816126570908,3.95729976266784,1.6025660513769535,2.70449343639991,4.7543924842898,4.169689957936176,4.066345252882449,3.6629050244925843,5.158487721933614,1.5304854567783135,3.662337087838182,4.008595605915829,3.5317312615798384,5.310278258105273,4.503560883852811,2.874507393258654,4.001959087262596,4.138962364062354,5.090397121955031,5.910067615318134
-2.5938180246449662,-2.749076409262741,-0.25443423711817564,1.0559760929001114,2.2434252771685044,-0.22366169039558,-1.326906220425556,-1.3112644061651675,0.2536725252421103,-0.13240265842520102,0.0346509843130889,1.6392060974571319,-0.6082707843140325,1.9497877416994929,3.331407214770236,1.0218995604954717,1.4788826178962944,3.926268716293167,1.755281637088772,6.345136931746405,6.065412533392601,3.32387804461277,0.9077798270505494,3.585291389767917,2.4492931615341207,2.877135759512928,4.031021390116246,4.631176481220123,4.447872160981135,5.392082755084538,5.115732229580426,6.232442951524586,6.641113182204346,7.047840715923091
-1.5190933482797935,-0.4735272971715976,0.2739838143978669,0.107366639300298,0.1862536170224706,-0.2658829278655398,-0.11001164398676032,0.03330687079739486,-0.7316136090037958,-0.838535514163202,0.9711423752927428,0.5064963567736975,1.7625807569408076,1.257466348113659,0.45159754419714654,2.8807166737508063,0.6137999553565795,2.1146459294758917,4.069837186226812,1.731688596431436,4.110169443034704,4.3541526635962295,2.3464786602004115,4.467369741497607,5.863428487469297,2.6018248881390367,1.2261534553215487,4.84558580830663,4.575973680037872,3.7437904452734467,4.525082880238836,5.594137901923775,7.33365834301884,8.881423374753975
-0.677827540949825,-0.40611947034816487,-1.620400752504331,-0.9609861233907322,0.21339227843544706,-0.3971451568530399,1.6535545469949975,-0.4084712449156282,-0.20543672493213955,-0.2357263905957158,-0.6465720731933241,0.8121953476602418,0.2356724150406188,-0.36936656017942643,1.722391730166717,1.9431245201654197,1.751249970822532,2.327992972316199,2.3916661250091824,4.527358645350497,1.7951384457073083,4.925553732919104,5.600646117570294,5.658304646793914,4.054158937498244,4.0813605005671665,3.619821114971547,5.270250974845952,5.940410472675272,5.745829435725223,5.257322160962027,7.438051680248275,8.805849908056768,10.076578189419527
-0.690811262722471,-1.6560518170360374,-1.9060131018760802,-1.8123265552136327,-0.36965870130674805,-2.396850900697403,-0.4941814459954225,0.5769604488349397,-0.07189329155627132,-0.5715303718743772,-0.6981524218743235,-0.5369028276999794,1.0810226466273434,2.133518576783326,2.571772449778248,2.28431137895682,1.0304302888513293,3.75467825749207,0.5655619246143757,-0.1029369754620959,0.4628929084928831,1.1272240606785786,3.339628155482626,4.702288055987457,2.0864397076436534,3.630316244476749,2.734049461874497,4.224585402409692,2.4071828423044637,4.874026188281509,6.770435685116294,8.545042813284518,9.735232544492348,9.91530057713123
-1.7216473309927736,-1.930466617403031,-0.9125396262043316,-1.008430899859253,-0.5842002670065102,-2.665782033829739,-0.8135498526697997,-0.214044294541418,-0.2500354928654897,-0.0024530834137212318,0.27778656408007174,1.0331021017676778,1.0992420005225536,1.4773769919519502,2.775500932008748,1.242271593087898,0.8015809883588692,0.547899469448829,2.1397956414604096,0.5726325006247185,4.079446777144939,2.8041033473944497,3.003458257069589,3.421914006627606,3.014577008696739,3.4804098278709676,7.269689668815756,3.2831555000917207,4.158887876840523,4.985428203580876,6.309453967806816,8.245270161597768,9.123795359312274,9.210574111334624
-2.17301543172481,-1.273365911009834,-0.842022207132199,-1.7740640628140043,-1.3556369886332154,0.7515804418472907,1.3774600468335727,-0.7776415463828082,0.20239206886170774,-0.22943078651919072,0.05127934480658775,1.4868040469606192,0.8100020752027967,0.8595002451999657,0.3505091202479481,-1.6713925843547799,1.0942703767935227,0.25893948152640844,2.902838971351892,0.595197980973898,2.484981391450593,4.161134552664215,2.028430085628446,0.5047624314876957,2.8641165441306864,2.740561867385102,6.160643456867265,6.277775219545729,3.7887856364823707,4.394729127014342,6.83881523705379,7.268100064914164,7.754369302672127,8.15223311504815
-1.0709223107712387,-0.40626643569993376,0.15033225744943868,-1.1528673305531985,-2.599661526026657,-1.6832484570621513,0.6625490010052573,-0.03905190683021886,-0.41864237905453494,0.5178881754051413,0.662796179416354,0.7680898719060075,0.7070641827280119,1.3965198685661482,2.6128804394683014,2.199505811578162,-0.527024315832703,1.783340186988753,2.490182761509847,2.291595407435995,2.5413052424276636,1.8769679811956246,3.6907084485853447,6.181001958490965,1.0954318314054345,2.333026162388321,3.7836845047652954,4.464995408180755,4.170019963363338,4.934246158660906,5.32696153672845,5.938715120565714,6.448238464355157,7.113276744160821
-0.7649373536515264,0.28206724316557474,0.1755181684676062,-0.28106441729974574,-1.994297577262812,-0.0065924987628138655,2.4415764404589937,-0.4883795113482137,-0.2852146422573982,0.08303246989383241,3.23705933556425,1.498250131806905,3.3556501778610315,1.02156641626731,-0.2822795982559789,0.9144099051001845,0.09801799066481856,0.7115484896346084,-0.7381128891160155,1.492963034788529,1.2977539930971245,4.820833350201142,3.5824097481174046,3.7865313905716773,2.685820349638642,1.8936382667927347,4.035572053683275,3.652750237318007,3.0133285376323364,3.212612222416614,3.8792562626781795,3.7281760582850962,5.142597775635059,5.011059819774362
-0.6953038508315417,0.20868192507776268,0.5007010296320874,-0.0922378684971697,0.05090879190700204,-1.3116612846697586,0.11453715178989879,3.533493817600896,3.2752316357637232,2.1419288996023758,1.7596894712732807,0.6039947761181116,0.7739764417768336,0.5960657602097112,0.685590359002447,1.9619593960923665,-0.03461530795003444,0.3408509401756662,0.0730349128883355,1.437095678388788,0.9535179399673924,1.1692416758738162,4.694214226902968,2.6814324955381195,1.5011829009158735,2.14155881412535,1.858833990489829,2.288233833439847,3.037984450471661,3.2284717502792013,3.632085759230944,3.441947344368869,3.8395128258926756,2.923973664155134
0.3832437704369749,-0.32739741961871555,-0.3207158181435714,-0.8622819006989997,-1.401577516185431,0.17296614056466753,1.057009268360329,-0.06307554568450387,0.9926899535947342,1.297274106794558,1.92864824822881,2.1105422405176677,1.304131346192735,-0.4675844500797343,1.2577948489118167,1.286862786738971,1.2685499662238198,1.095216013187297,0.9696756448503873,1.5375165289100674,1.6514280599636384,0.2779785402205799,3.218790325061507,2.835794415964307,2.441214809081129,2.9820131067480755,2.481166911928922,2.4932017835440616,2.4137552613044067,2.187850433238772,2.6352262054556714,2.423463942030234,2.1584935748665126,1.263922504100022
-1.1189716499639035,-1.5361317052530874,-1.8588628285737097,-2.348356813055151,-1.8455231115252824,-1.1597032749278409,0.11416009748289442,-2.2878515128141346,-0.69595180221779,-0.268780680744305,0.21348505911281604,1.4422271302316443,-0.6928967992739307,-0.12475578683600244,1.1379122410134397,0.8741681027261651,1.6793557681648574,0.8119842463935254,1.0518957486550118,1.0304329510640844,1.5735514810272269,1.0542677185542613,2.106307222835391,1.864605000767623,2.367747805770375,3.090469326504874,1.6795471380901026,1.3163338042929014,2.392283075849106,3.460670373108965,2.3318886225544992,1.6882012363312051,1.1064209944272563,-0.2276460245182469
-2.0218842444630445,-2.6359981870120595,-3.1352897641780264,-2.7252307276655556,-3.3608641867188696,-1.7433289918151516,-3.8994731039423853,-2.8621117047811984,-0.7869951661922667,0.7750657168111568,-0.13075847271269567,0.9447610799661549,0.722679926089484,0.887565683424685,0.9711818545343841,1.1071579037584283,-0.00014096881063246518,-0.17289713222774986,0.4215563144447771,1.1162018945157595,1.195956475066758,1.4398236329499043,1.6875227526694454,1.9565001776775892,2.6857881695989403,1.3458025548862809,1.087731550017372,1.4535436133316681,1.5912092229907757,1.1613754646468,1.377584747160282,-0.08648660046747364,-0.9478219900152535,-1.2605361098785832
-3.444242089868497,-3.7531546154202022,-5.332733351269909,-5.064265211518411,-3.648910129162903,-1.895132520463204,-3.135206954772627,-4.733889163599464,-1.2233742940121235,-1.1359589058626764,-0.336014710732448,0.5411665447585757,-0.23043892106796318,0.8317680456930355,0.7954972091376314,-0.9320668452800276,-0.3612635091142206,-0.2718699282474353,0.784545083715422,1.317448494331676,-0.09014318428408509,1.3328387412127431,0.8964198248690226,1.4306856512321537,1.0780002673511695,1.7914888189000808,2.53681277191186,0.8448109261155433,0.1363774608961517,1.0415395738724975,1.0200555985449171,-0.19047203903028237,-1.7740710853432722,-2.4743538694544127
