script/wind10m.json
{"header": {"parameterCategory": 2, "parameterNumber": 3, "lo1": 6.000027932988019, "la1": 58.9999434238085, "dx": 0.5, "dy": 0.25, "nx": 22, "ny": 24, "refTime": "2024-10-01T16:00:00.000Z"}, "data":
[rows 0 to 23 of 24, columns 0 to 21 of 22]
-0.5908424470684536,0.45571922989818614,-0.5561192952383406,-0.7933771261421305,-1.7085678958163788,-1.2243009673950247,-1.8297753966499715,-1.9332913521736574,-2.851168884618373,-4.2533876854036885,-3.0730428644411405,-1.4701488272362073,-1.3055566940258068,-0.9160700464510805,1.0594259311249274,0.28324595642109013,-0.7720067899557267,-0.9782088884153917,1.185779458162839,-0.053667694447975096,-1.3787840795292727,-1.2817986116548736
-1.1518889650948112,-1.1196266568619477,-1.591534505436469,-1.5503621241375662,-1.5828669607592065,-1.7596795589124166,-1.9059512639084766,-5.753679337451883,-4.986370355363233,-4.595178457528124,-3.227044799163433,-1.591545811495525,-1.2744157643606504,-2.5007447232135274,-3.5678115835937136,-2.9691285112862635,-1.5128664605106792,-0.9663585179123594,-1.1927931376728045,-1.5379642686671764,-1.266921056842614,-1.0296701248746656
-1.1355446252873491,-0.8338121041257359,-1.1813346155497753,-1.5296970294784025,-1.7726869327870847,-2.111414081039722,-5.815414054745592,-4.882929676977221,-4.960605212387671,-5.277665463122736,-4.782629992401323,-1.6110583001047252,-1.5630578690135695,-3.8929058198367565,-2.2888032951891617,-1.1693584462749924,-0.5820325336321601,-1.7692058680806835,-1.2414759755231117,-0.929364754043361,-1.1964775839398458,-1.1804206305326774
-2.69747073026429,-1.1554926161608308,-1.71625062038479,-1.6794646215294249,-1.9417143183067855,-5.54056510481488,-4.788275259224936,-4.6739871925917855,-4.852434629563865,-4.302729898622946,-3.800152968440884,-1.8371241452171556,-1.3368158927191707,-1.3212087814893452,-1.575410191695845,-1.2574023499706275,-1.0773867935639243,-2.8748515197721853,-0.7186548466391579,1.1549358737439366,-0.6551630491264872,-1.4255514023685778
-2.9859305362822552,-2.946996882700135,-2.31998106903926,-2.00687860939175,-4.619832439578381,-4.8981004436914075,-3.9605360990409153,-3.8752505261980916,-3.426232391602966,-4.033127601872618,-4.209213197369367,-2.6721313031598974,-1.4966520376428623,-1.0847825633849832,-1.053105210342514,-0.8198034955652552,-0.6818358289477323,-0.6544476944339691,-1.1045713041142362,-0.9588421869794351,-1.3018025096720058,-1.9547329779288785
-1.6113566307679374,-1.7882691129038824,-2.57057063715408,-3.712981184740529,-4.344614959329697,-4.729735493595308,-4.314299010614791,-3.672257841775918,-4.288273255402041,-4.1912851955487005,-3.275003810147956,-2.8969464796554876,-1.6652853125445186,-1.0677829673487687,-0.7543481896998027,-0.756700824282825,-0.7942880865724734,-0.5210591316195459,-0.7546445010475967,-1.2522045450305124,-1.556542238786313,-1.3425589222746623
-1.502935860805314,-1.889220015052336,-1.9084667714695498,-2.075012387523697,-3.4176457397335676,-4.080847721732598,-2.0116055696356523,-1.7883712631632858,-0.8519544920079338,-0.7542876141224153,-0.6040232641279664,-1.1659935031635753,-0.7712630000054872,-0.8105421859240564,-0.788791676231607,-0.5948857589834802,-0.8576908703348975,-0.52480372612973,-0.7392930568445315,-1.013230560199157,-1.1071850343133096,-1.1433137685705557
-1.9832595274065552,-1.6259652728793519,-2.3432776184559447,-1.7456456805829637,-2.1647110257232733,-2.6426904390259462,-2.562992726654303,-1.7498902293445289,-1.0311563228190477,-0.9574340770918793,-0.5806015140067948,-1.1260531896028745,-1.4701182650654858,-0.891166904410122,-0.9582574211839147,-0.9030225947816332,-0.43767561995815746,-0.8616055047520452,-0.9483016091935915,-1.1740263275481522,-1.4092074391631484,-2.940648932216129
-2.4929569769090083,-1.9666151559007141,-1.5263327673610978,-1.7922804830146817,-2.641376883941823,-1.2796743178006498,-2.5050215170185246,-1.4239527475346008,-1.0770343672041,-1.714804844438351,-1.763173858502594,-1.8775685855883095,-2.006553341937725,-0.8958659122341124,-0.6206781650629636,-0.4463566606674631,-0.6296688307908576,-0.962039163447421,-1.0905090033329992,-1.2525643771520065,-1.4107367425061854,-2.2287142208445645
-0.9166070498261648,-0.7647392117487057,-1.6355233389056183,-2.1662074942122835,-2.0454819311704098,-1.683640077495367,-1.2827254220425652,-0.4570793371381806,-1.232684482326178,-1.2754628113442004,-1.4146994594579427,-1.3106996238222561,-1.216558891472126,-1.2440431523865887,-0.5460709674254159,-0.4755061008454005,-0.8062683442570217,-1.1509435700000465,-1.1197096107380002,-0.968116179260703,-1.0320901008520682,-1.9791276327879492
-0.4909570987197139,-0.8817744041344378,-1.1411755100886538,-1.681579261874239,-1.7773075596805115,-1.1780479791510683,-1.099446308980467,-1.3398417492275694,-1.0670874230975045,-0.5549444140296209,-0.028375139721271838,0.13872918067421322,0.09248643013026706,-0.40572757117833813,-0.4778758094736035,-0.5386584437925898,-0.6545436073169209,-0.8369234969987911,-1.0527488746129443,-1.136761042994227,-1.1748239137133478,-1.6732043576931184
-1.6369787677083185,-0.7897257552668829,-1.1881030238986852,-2.453569433703333,-2.8668946780946163,-1.0239955001883867,-0.8804650256202226,-0.7145816562972991,-0.68605159599505,-0.49128858900630806,-0.14000883703731648,0.12090210545561737,0.4266137290141883,0.508006757476743,-0.8223714308669463,-0.6315712860189086,-0.700705456673444,-0.9117244815342204,-1.1291825585948785,-1.3542250342857103,-2.0382623706833063,-2.722020488159203
-1.3337785841219345,-0.7860757251937057,-1.8588569686867984,-2.5534817069315494,-3.681969207152213,-1.8524368236398672,-0.7250313748353182,0.002646492058428352,0.4842258306261504,0.22465292001503215,0.2877922921098346,-0.6859756782786807,-0.5938716774806061,-0.20725837457980512,-0.44989936570613565,-0.5367978830668725,-0.7290110265569142,-2.0722488146316644,-2.75030546005643,-2.7217207666350345,-2.323055018199874,-1.4660262521205645
-2.1061726459128307,-2.3003468613114633,-2.2770541715680253,-3.441751569529771,-3.18810282590297,-1.574632304323317,-1.4657036538994015,-0.8660679125296193,-0.15236409023346578,0.631032179357699,1.3657527027795908,0.4473305982364517,-0.10550110869720149,-0.5857490910613357,-0.8608206285350325,-0.9586396341444832,-1.0296627286447553,-2.1117930322894143,-2.393050448414897,-2.476293016607656,-1.9157145214452524,-1.430701790210805
-0.6167373895385002,-0.5405813628768502,-0.7669635051567556,-1.5874679789578605,-2.3004401281707576,-1.4538724623762425,-0.7694703773511701,-0.6440586419621807,-0.42950942656372293,0.14422947485807208,0.6615921416114345,0.4115549984631852,0.4531904745406615,0.7408297098580462,-0.40696383799292357,-0.5892692301538467,-0.8174491198762036,-1.2329802653025237,-1.3254835369517266,-1.2228822883820385,-0.946304802145689,-0.7015628091949545
-0.187384123562144,0.5707961617776345,0.4562911873333087,0.08502050856770375,-0.743131812747973,-0.8007692110961088,-0.9292052042175325,0.26311785772993823,-0.3905645104626976,-0.08754298540133065,0.14163679504032675,0.24601398978754008,0.7670261398193957,2.110716331570274,2.195839079732936,1.285170424092568,0.9479040621002026,0.6070502336870398,0.5120967217645784,0.19973731102557588,0.20065933839728736,0.06139500287083279
1.4127065743197444,1.2733763442122448,1.113787373365864,0.8061812310710634,0.952210486808413,-0.17187733332989166,-0.29463293553006115,1.0867246503083496,2.779620840561036,1.4723838941764902,3.685084736499525,1.6662696787973519,0.5206792216346163,1.683203862897849,2.1263275917835105,2.188108175223869,1.8771387256462588,0.5025580879279442,0.25063795489393387,0.7718318047052558,0.5333914908024019,1.0643271958072322
0.8272348678262126,2.130617445299403,2.655728991375835,1.9043186688904334,1.4523207528624436,-0.0882850210277339,-0.0747674499871661,-0.4765032034642284,1.9274999330508271,2.632174080676328,2.350610298932812,1.9176767986186467,3.5117091125453848,5.77666506305116,2.2569614608976627,2.5896878877030978,2.3857618928088735,1.781522953956848,1.523873138044719,1.6196883827505468,0.7320150232378562,0.7655208691836931
1.026162159619893,1.7570760143869708,1.7157802484356965,1.0365396028276255,0.41998958267199954,0.47464203502344715,0.007091888329444326,0.05247554193590527,3.283048904095833,2.343483369255806,0.8694344997246508,3.253327260282428,4.007475419754867,4.587335694021483,4.653431887940258,2.4591260019951644,2.205931265702108,2.3011568376144265,2.182798733127994,1.8664802934557656,0.8396284933920597,-0.4405153388854972
0.5257202320287383,-0.2663289272439355,0.1837131971997238,0.8143022259695206,0.5169488782213308,0.15452881954137782,-0.6157117897443255,0.04916394494206552,0.256269917420827,0.09616336065420394,1.7041583738583097,2.71784469390927,3.0692638470311198,1.6694414256904027,2.6456274352711477,5.931345471593819,5.517518843469363,2.442625428635768,2.2815438229130405,2.002711968185762,0.17466557084361256,0.05172856223698347
0.3645108558733109,-0.07788142543955297,0.2810857735501372,0.29417852190777843,0.44695250269128056,-1.1224924039742181,-0.5085555455084753,-0.2302363849338523,0.2685006099484264,0.46075966034905763,0.7913839998413001,0.5383278838955193,0.19241284149986013,0.9402259227523678,0.5154854197564868,0.5939223299687473,0.9296502717232498,1.8939488927963923,-0.37640677454615423,-0.41993833521820684,0.06473896023356415,0.04382696861498931
2.850394162871195,0.3605240237717565,0.970526644537065,-0.06525933242463462,-0.04545055944023469,-0.816263695949579,-0.7152329210485417,-0.7180409046150116,-0.265265066426653,-0.19870760453318814,0.31612224567139513,0.23496797906487205,-0.43566773277111276,-0.10607893021345091,0.8435315103088852,-0.01580755475137513,1.1437721361848416,1.5966192997041657,1.781280346870343,-0.1708827851132156,-0.23881044452221672,-0.04149922356977367
3.698296144863987,1.0078325416493785,-1.333021288532417,-0.2147993977594287,-1.1034985123018688,-1.3429143556708214,-0.7994549527992911,-0.2830353241634784,-0.05913050506901956,-0.10357469770917759,0.3363790520851641,-0.059187891695326345,0.48590152396466346,-0.12886618647502857,0.42726890419555646,1.202012810347909,-0.04749876670209525,-0.01622557353527997,0.009406646179139454,0.5337013095202343,-0.02653669763583715,-0.4108518695849853
1.4056438163803908,2.274772336943726,2.075791046633253,0.3740738093438112,0.5196228506197792,0.5262742329670783,0.40320978509152655,0.06662814687629343,0.06960223805860165,-0.1832664588300537,0.03991378001948344,-0.10874108405632639,0.20031845321008818,0.020334283987230032,-0.034453714965879206,-0.08511956809846849,0.65278236125552,0.5962714354382344,-1.3211649626329107,0.2718585694640002,0.49749732902444604,-0.277281197031194
