script/wind100m.json
{"header": {"parameterCategory": 2, "parameterNumber": 2, "lo1": 3.000054539987559, "la1": 64.9999836372058, "dx": 0.5, "dy": 0.25, "nx": 34, "ny": 52, "refTime": "2026-05-09T13:00:00.000Z"}, "data":
[rows 0 to 23 of 52, columns 0 to 33 of 34]
10.506864963129306,8.20019225909327,7.703575575975327,7.190121685516911,6.620172906279296,6.474359027608915,6.976709583439245,6.364166555242579,5.611762507792989,5.804468577600269,5.88479310497016,6.2796249700046625,6.467394942239168,6.693326581752941,7.173076565705721,5.495875062941792,6.695475042454453,2.1268552251531805,-0.41884398448507076,-0.2507300356851265,1.983101268231748,0.24701947310114222,1.774031267886835,3.6188637408772952,5.876120404401286,3.7053802702337157,3.10584164391064,4.337620938410905,2.716867131159317,2.654900609289742,2.598817458167059,3.9553010234262036,2.186439215399467,2.8504492222835247
10.941390525381331,9.71296020042454,9.1166965383844,8.522543801682867,8.24679646251297,7.90816807731173,8.15159692517436,6.901624953870545,4.864639890190033,7.262243018098705,6.960586371551977,7.035807380315858,7.180900404519312,6.824956661182232,7.317364662149035,6.394415467573699,5.062763171522496,3.508653289198351,2.995283879521987,4.484225889491012,2.355812141554285,2.756909465688802,-0.13568258593141497,3.2469126805761173,2.8786379191874283,3.2897480738218463,4.151341151587251,2.1657560340582513,2.9645482503356115,2.5280990400217624,3.134957893096196,2.865308951234846,2.2145258608153155,2.6237599456305087
11.10138159535261,9.893595293637938,10.194723789295661,9.286001346952109,9.454582343954048,8.787566395380349,8.254139750349243,8.781654299816383,7.2240037075222565,8.379508243824114,7.878001467094343,7.9599619542914555,7.551642077022031,7.795751925518752,8.451487040575909,4.888148822190753,5.644213225654849,5.716974684874952,1.9094460871764425,-0.20906530090309433,1.9982961524472322,3.1768313723807564,2.7110850910685045,3.1703068078446957,3.889050352212245,2.478751188281684,2.505190864315959,2.624903504419723,2.986734572243153,3.6424490288278317,3.054794582147838,4.023964826212424,1.4818401061006083,1.0980723773596386
11.318177052568371,10.72073498881492,10.685212664355204,10.038810486050984,9.896988615347498,10.18318410678167,9.004177604506696,7.698986881997962,7.182410165637305,9.141781364789223,8.043880594440992,8.167575825707102,7.888101007305374,9.675154199905574,6.388038168665815,5.855190184805363,5.621231863990127,2.3807015501088737,1.8153617380971632,-0.5821690606105461,2.1663787998293755,2.8872171491493184,4.768520797285863,3.6584348398215303,4.007716815690347,2.952260657847161,2.7309768352097517,3.33539164107565,3.2869002379902463,3.238147192796878,2.573398590419334,1.5581383416312578,0.8409343913543844,0.6575164562341854
11.682157473578437,11.21319083316737,11.044770943679326,10.682701028690234,10.591907264071416,10.666366010812288,8.391775290532173,9.021292048780088,9.7889936570439,8.820119720459147,8.514139600373298,8.762309022188793,10.01665302032687,5.799713449698855,1.0342551273839768,4.2844519384179005,5.025014923753988,0.3357014465309592,1.263781145661123,1.8598422822331455,4.320333016129207,5.119859514155187,4.199860594189634,4.217356338883587,2.891925963373315,3.265041715011396,3.6653383233571493,3.733195248794835,3.7517680154329973,2.056247086258185,0.8468582426951958,1.1128044167557956,0.563029917161015,1.0206383015434553
12.361168906323842,12.265490747553986,11.556855363221565,11.315344434339455,11.354146033347963,10.85055829291459,8.951571521262595,9.37765551888242,9.85103837783737,9.76238517524099,9.934094600320643,9.737540582027618,7.179684809181376,1.572708123983769,0.5076975364776788,5.262778743230499,0.3974611650489752,1.3622905428338457,3.9255969612145054,2.7144159559805,2.645482864204811,3.9699309786717847,3.4854768462314514,2.053672505238041,3.122780522108117,3.5720474622866054,4.40449536921797,3.7072013919455094,1.0851264470388526,2.230057189348695,1.0542653379154299,-0.6701816724819599,0.6510625102425311,1.0669236701995628
13.218582858338829,12.550601288932022,12.086322269328797,12.152632262678079,11.028579231189996,10.758097093735268,11.20291129761292,9.819188867976065,10.571315696944554,10.93381360049035,8.963266682907433,6.898094131122531,6.253884236294487,2.8592523002248154,4.984623106224038,4.900155953881497,1.7125882327605768,3.71119842396595,3.522574336623084,3.8194837583919155,3.965982163045253,4.516021902500492,3.3187482169643263,1.9626565899083417,3.2082271699411087,3.9246718027925382,4.203542683081852,1.5058672253319887,2.3162582635813447,2.371020659713176,-0.1475845233525519,-0.1309027559270486,2.162510589840411,3.8807322092970735
14.033866071324898,13.158416679669244,12.696547599116904,12.105201765791255,10.812416888616397,10.138005351583757,10.467791001014252,10.196640416851215,11.503005178590346,9.797060274242751,7.874891657423924,3.292337948913166,-0.20167530887030247,8.746435398924936,2.4062186714731832,2.3049596404423567,3.634513225864886,4.0293339465169264,3.193974924256483,3.823384574253716,4.811549623303764,4.5961867887951104,1.69573328229512,1.8305771282201964,3.3144653010030867,3.486929428232464,1.7716700299857824,2.329045120033489,2.8887992229326995,0.7942405087233209,-0.4789476259442961,0.27520223267712746,3.9724561475156466,3.6016756814494033
14.736529896761837,13.687577512353975,13.212461964846884,11.52088254308891,11.590745474571452,10.154955891008367,10.515068115064832,10.755715051385092,12.665683589090706,4.0966925153214016,6.746278472128461,4.703760247794925,2.982846333401154,2.785570364523536,0.48953396185540604,4.071552009622854,2.583431392344524,3.485672228184764,3.4220701842125174,1.917278780397542,4.032781857806048,2.7599307169792335,3.7669590117586504,3.7394107515944888,3.921853383450952,2.479375288457894,2.1593070191995167,2.2324246874273803,1.9903775750144526,-1.1116234090008938,-0.7612669926400326,2.5826871258826083,2.7296458614316874,3.5143466741723803
14.886213508234519,13.712201419352164,12.730810932036976,12.521908055702498,11.364574727361223,10.116000910651216,10.72534698423945,7.642440754137531,5.7366722554516425,6.360537932189701,3.41449738354686,4.644729476417746,5.144001188419428,5.113573072711916,2.642420291347085,2.9203557119205312,3.6403436591207545,3.0307517394869072,3.5902620893979282,1.9806316426946273,3.2787184255586714,2.627746767508571,4.0234394908258375,3.443726062537316,2.7924016249384986,2.8857781745545132,2.4872012459960664,2.532495585769296,1.1376558742528808,-2.5808584379197144,1.037317287530778,1.072138999285218,2.9010366314178193,3.841731434231442
15.199301921232877,13.9291431150461,12.93615927714847,11.603882448854097,10.439843400988519,10.440287638438289,9.250072842906823,7.745119233681424,6.851500874981856,2.305652533024754,5.331867493924429,1.2334845592716561,5.768939609181741,3.553452769014138,3.826135026058652,2.822224035521286,3.378941021198156,2.3775152827353216,2.109295539152958,2.614712488442114,3.0563850012319342,1.2814280953172779,4.4394230021917185,3.1781276843773063,3.043589480255047,3.062877059504398,2.9942244957033597,1.2990321894665486,0.22452275728574503,-3.0764091614956093,-0.4403363592898964,1.6256780003993907,2.3032579717010657,3.0065658399076307
14.053636197748139,13.587320535654914,11.585669155437683,10.776457269856078,8.87545126156386,6.186373376580783,2.7311571050716235,2.3838739991914553,1.0330895127684891,4.982045173410437,3.8986498414594983,3.673647841569986,3.9563870525009253,3.91005931704629,2.4845369571245253,1.7310192869650602,2.1442787936303978,4.733235551935456,4.165873165558631,3.0419923968177756,2.307750699270363,2.1222369100801632,1.7669764474661238,3.389836692392522,1.7121733956327914,2.5049586549724787,2.176632181078844,1.396679576445866,-1.7271224572601434,-1.0502502763290267,-1.5232248647683586,0.6803491608549571,2.3593963262210385,3.869105792040864
13.043173505493286,11.076733193631975,10.610073479400345,9.55746510474906,8.700292512984314,4.466328798157146,3.648187923866867,3.58027618907905,2.1716796319798086,5.8584714328459455,6.840894876907324,7.064578298041225,5.940665615021005,2.3321985348956913,-1.69051344903304,3.785317929694733,2.377353143501836,2.9956589630286845,3.2142070998018095,2.7264252394955895,2.124424057396488,2.9006745174192643,2.8343263589705776,1.171376799897742,3.154096981849687,3.242101993464516,0.9372635957845462,0.6243982873523972,-2.557398464740674,-3.3265881615151414,-1.6427700535347163,0.2683790405899488,0.8918980803115414,1.8618210096925651
10.670814186709093,9.827800578389073,9.788596157559663,7.22939549164764,6.598036647006257,7.194589418180449,9.893512437556565,2.138259713044398,6.538038064014794,5.836212822808317,7.67768949064076,7.113769187246002,0.9870062465808473,-2.577980491882977,2.813422999712787,2.3898786859033763,2.7731510681533544,3.5024213900934247,3.527405166364239,1.7701494384914926,2.415827115880857,2.1417133193875952,2.436430616379898,1.6434825310261385,2.5996666207206247,2.632310551846389,0.8761296014306685,0.9752377001376914,-3.858121182946415,-3.5136919160134505,-1.7375455793928203,-0.6423213251023863,0.43042899010244046,-0.5737954804475689
9.73987364886804,8.911804854171528,10.157832363771908,6.524584830508943,5.6924449461887505,4.607930709003461,2.423164933441986,7.796448000535966,0.8748153618145905,4.449377932678244,1.4511298530470988,9.27277736820913,3.7609811784790175,2.684793334559583,2.5272600171240494,3.056502310121813,2.8537254076509813,0.7876667092421095,3.653077228486569,-0.14657376607962624,1.0921620189271677,0.2780718062518003,0.7889646877320722,2.1032151445290816,2.1777345486342816,1.0290674146672834,1.9917099919630936,0.35449299995799144,-4.373823922740133,-5.834118275025299,-3.550654195132336,-1.8277918820495471,-0.3939839946586535,0.39930966581228616
8.780328475785403,9.309102528482269,7.341957863469621,5.938885024213938,4.858527705560706,3.5610526621722314,5.008636871730634,-0.26464131930607915,1.5189928498998955,4.458008647900671,6.599274647697943,5.3338140039527415,0.8809985871571765,2.873183729858545,2.115008205097374,2.9515212600016554,2.5584418230843617,-0.1569901969071781,3.059547766893541,1.0225411413190466,1.7570888278341361,0.9647281449629159,0.08687299436387266,1.4688564832909126,0.7513915120054918,0.6907356562419955,1.10721668798256,0.548539659665488,-4.851520230192341,-7.752655319003977,-6.225520180022232,-3.4281308721836625,0.2828763675859369,-0.2675585685811281
8.577423340587107,9.302848954196781,6.758784081864241,4.723845613592595,3.2290855040082636,2.7743833820455475,5.205573545745454,3.3281021056306983,-0.5325857182086633,4.359938401842197,5.03395835832432,6.958851301616235,3.0728794005920177,0.7957774131952384,1.5954223993595784,1.5580324081188164,1.3953810989213347,2.846485688375739,3.255581336011963,1.036678768333831,1.357149642333268,1.5671961162618082,1.7169236457579282,0.7396461343486423,0.05197968124016155,0.18983771080615494,1.0735747872555703,0.23568272380744842,-4.555056427106614,-9.616952014847927,-8.209162440038483,-4.988174966650837,-0.2068018674972325,-1.780994161539726
8.633228008189695,7.221119160264222,6.139714444025041,4.525454270397063,1.4459680585967836,1.5430349053472217,1.8235866926481583,0.7780824190466336,8.194443626341997,6.934401456050931,2.915734059555909,3.4901844205751202,2.457065693706568,3.751909640654095,4.480725757991144,2.3443107712023084,1.6198459581390776,2.3608165553115437,2.079010039095748,1.401143586503229,0.5439863229223998,1.4950488873723364,2.12602341462704,1.237983641833632,0.6786682510029974,0.027950654596245107,-0.3263376245213035,-0.010115326902344467,-0.18076217978625503,-10.463786989793652,-10.222163457308888,-6.434588726617079,-1.6064877866746385,-3.7278665491855163
8.285239543819952,6.655241996883306,5.489366030658097,4.23284990612251,1.3131442146074264,0.7337299325126765,3.1985932124163217,2.03565049451683,3.5663618146527747,5.906222790730266,6.062746710714196,3.7100456829085457,3.692778297538235,2.385281564752817,1.7015321489910515,2.8969353777046973,2.132236462927711,3.294334889849776,2.7699461581590246,0.5184378958574518,-0.3424884512157219,2.1405918259443824,2.398656355184023,0.6476797790039479,0.4798037150365608,-0.058693222621240874,-0.7103845517780564,0.38958543238786597,-0.9622824520424971,-1.4860293481222209,-3.804471537490502,-7.966850524554989,-2.2169129149653313,0.8559474224238789
7.206225866884708,6.028908190790206,4.761834078163602,3.191832127069063,-0.5432189198513495,-1.5934419189997244,-0.4127630175089707,9.89179972579066,7.3431523325738235,7.067098329605706,5.720737210213734,4.915432669447171,-1.5756695339715188,4.4655499009021105,0.5631216053051067,2.1337438550564642,3.594606248855336,3.5995471148928906,2.3297137234051046,0.4567326268011757,0.09622791019314121,0.9894787029244394,1.9472525530687796,0.585222957533396,0.0331245873932219,-0.4822731966724996,-0.6139141313077108,-1.2356294181747236,-1.58490953480809,-1.7255877926628198,-2.660180758961666,-6.602577603500855,-5.21149205773296,-3.4355921582151825
6.010377669469859,4.957111651595244,4.082104167000898,2.0394458431755975,0.17961540907981685,-1.6599582326356137,-0.9950155744710303,-0.09929871205279799,6.094738136864395,6.229622369371942,3.418350264358887,5.079464250314424,3.515152091138916,2.3833518008880548,2.88355836788547,2.5925331954609985,3.612544042604749,2.814370126780581,2.9833876024311454,0.007410625462230125,-0.8265267321917907,0.6236435712226578,0.9601653597532359,-0.1497017224142379,-0.09574769175744868,-0.1587467625849049,-0.46945902418884056,-2.042771736501044,-1.7109557368470627,-2.62212766216189,-3.2685901510041435,-3.169768984925706,-5.9271105987670225,-6.585011164307254
5.285818912440402,4.500952435215889,2.8003824105362067,1.2405599127738935,-1.6274922581449993,-3.6725053243451895,-0.5400528307154198,3.5310237437590284,3.7485844075168053,3.972770506888325,5.552277467225716,3.2356241610130385,0.9584286669694951,3.013470977974107,1.5180303559519168,0.4429043201887451,3.3307179561191154,3.583309619499518,3.2026429650785375,-1.3120092575661733,-0.18664651651457195,-0.49783718292068163,2.213789877027069,0.1269285470285537,-0.7657330837618644,-0.24138756906627878,-1.8177660896540604,-2.8750739796544638,-3.293403203895821,-4.250454749007733,-3.441704358330432,-4.223907954684434,-3.5893023045242036,-6.13083511835924
4.518381999690777,4.090534270606901,2.290729209788623,1.3381641143498402,-1.435202917159886,-1.791498318934386,-0.059186499609604086,6.2119348204300735,6.346741687909216,4.439402002531483,2.6079798994397,0.873570900541018,2.0365107326810366,0.7748156250436432,1.8947832206696207,-0.2609648230148262,3.386088230693931,3.7630130434810933,3.0778602024551374,1.083927667262822,-2.082245247628125,-1.312125500509417,2.1963576172261803,0.7500785507221158,-0.7936852932849899,-1.6011730269222948,-2.8972177280479974,-3.3113943133386035,-5.313082670135985,-3.6811499621416806,-3.4228235244279746,-3.850459214128992,-6.23358866043037,-6.543182343518282
3.940604192613539,2.7401918407638766,1.9286019318219598,0.8999206740157902,-1.749324782694279,0.19924813690724102,2.4589362887415698,5.896012094369727,5.7973610590622995,1.675699191628344,1.1073056316539351,0.30354586592751287,2.022019006175441,0.36392264478846914,2.625644812159408,1.1544687461462042,3.7036093367178022,4.664238375823659,2.868310522830138,-0.7721116294826825,-3.1246678727307367,-1.368847854638297,3.7529991482939318,0.7104259686141218,0.8020645798133096,-5.86266611658157,-1.9288460311465616,-3.3748817244871665,-2.90874865545334,-3.073601481649293,-3.115247592403601,-3.7843754284151423,-7.5159828959644575,-7.442873720810508
