script/wind10m.json
{"header": {"parameterCategory": 2, "parameterNumber": 2, "lo1": 6.000198445256149, "la1": 58.999992894266676, "dx": 0.5, "dy": 0.25, "nx": 22, "ny": 24, "refTime": "2024-05-04T17:00:00.000Z"}, "data":
[rows 0 to 23 of 24, columns 0 to 21 of 22]
0.17665530151558748,1.777466446319756,0.8532788685617574,-1.5549180336824755,-1.0573574369499288,-1.6661202488547606,-0.364827418533548,0.08748742473234955,2.161500028697097,3.804306892314321,-0.1909236357580629,1.4093942132828003,-0.7010778834575958,-0.1807697260805337,-0.6458916121315181,-0.2810934591527414,-0.7618980211628961,-0.8126168025218824,-0.12321374709310207,-0.40452942041070356,-0.29206036915649136,-0.8981839118224781
-0.15525504857813124,1.3312469788207093,1.846036831784144,0.0278640989508309,-1.4295110246505502,-0.8948038483622109,-0.5685926814350871,1.503048663923593,3.2563992700952133,2.5843073211220418,0.4885582094048392,1.166840709428297,1.4723600554857825,-0.3451058351243477,-1.7552380231885492,-1.8866317421128758,-0.6751523848195194,-1.298530322361225,-1.5466831623953325,-0.5468047057842358,-1.7599814984838058,-0.5309236029359679
0.5669481364751662,0.7368472729515941,1.4291912231580732,1.4081900956207378,0.49402000591468814,-0.33096179894570077,1.5770059415176905,2.662602128383553,3.3481178966434593,4.299470865502506,1.6478609686056855,1.6363962456265626,1.5414236382903712,2.869451353012287,4.679549838420475,2.2315639494383697,-1.5913468939979285,-1.3477643577457825,-3.077521888580686,-2.1735589825668242,-2.3254754798978374,-1.9602533486789075
-1.4770438318565318,0.36165437926062444,1.6285894288362281,2.1705131940539744,1.3227909011566166,3.330366829682664,4.789042778084389,4.03672095716532,4.8576467520118,4.9366087341109,3.846972460085726,1.8529363759589288,0.5108811056283955,0.9244497502968397,-3.1465810897489246,1.909664516109729,2.9464024942433618,0.8131548506782065,-0.6838048012729708,-1.4037537589119788,-2.1261439121227745,-1.5840428362360968
-1.1137149880614237,0.9957221594268015,1.7623279332926864,3.400245075743692,5.862867968815524,4.762512927460834,4.269281599606707,4.4465019470429485,4.807414202594456,5.669265762941045,5.490241208307181,2.4765890229900887,1.3779647479431842,1.2775319165398757,2.461805073153903,-1.553830334219478,0.6481745868456625,1.2740971335513163,-1.0191102351778867,-1.7629975872193413,-1.9372471282315264,-1.4710177793005856
0.23048228162891496,0.6198346287538229,1.167464502001668,3.2933853422786834,3.0178793041315632,3.353119315766038,3.9116094388492333,3.8034849198805087,3.9356430621777063,4.565043475866379,4.477208899312168,4.509341384705616,2.6397861852667304,1.3533666589355522,0.9901907937790791,2.3838249354662975,0.027999077444652107,1.278431430958446,2.4373674435506634,-1.425566498211859,-1.8758790144388646,-1.258561755565178
0.07908318044725864,0.779353897247514,1.8213635556995005,3.0459692537281664,3.9302379220596118,2.7686971394946,3.9059307746650203,3.222041954563075,2.6550430279234156,3.907867063168214,3.225328469921054,3.091392313395865,2.45681161368805,2.102771578640428,1.7426340098366808,1.5859842557774113,0.6527548702324896,0.6796123417905082,-3.972365194973609,-0.8817961295139956,-0.6256095502696211,-0.8162713358662532
1.1946358868308935,1.9714741169867653,1.598467687149464,3.2211527789639476,4.636504558603829,3.3153192440677404,3.0317901116821613,1.6496268069900035,1.9629188111239764,2.574586266865781,2.797549461324014,2.5950466405064754,3.8203685938660032,2.011515635441442,2.3238442324012576,2.127052033865871,0.1231474200437382,0.5667528330605577,-1.1366479260784075,-1.5680413378556963,-0.9303705806230457,-0.8533699021779785
0.731801908659512,1.8955911887805987,1.9841291372503969,3.48561724260269,3.893567373374559,2.501356866852214,0.7964783710666917,1.6103334200840924,1.5186111568185416,0.6367853832229713,2.2085898031398266,3.019148331388562,4.070233614951333,2.307518701628616,2.178679428821601,2.0795412183144295,2.6587996292832177,0.729170405616027,1.7943070289019973,-2.0221543082919,-1.588421055461515,-1.0958761254883491
0.7025366783427085,0.1595188653643912,0.2427832523119873,1.9784635147796577,3.7270477155596944,3.498742899961176,2.736675220839474,2.3757607192504966,0.6743705758453195,-1.1529556898060294,1.274747284567514,2.682395225370038,4.2122010486825765,3.6177755865808034,2.1935233173748903,2.554867799625109,2.6273522995282694,2.2170513201554978,1.0022726062899867,-0.9216299210802107,-1.5436390901249897,-1.425460845816441
0.7773135398490435,-0.8539389129265714,-0.4924451813656511,-0.03544498154292771,2.5858117725616907,2.476493482358581,2.1002837588292396,1.089208345808852,1.006698025607123,-1.2420543160814044,-0.7970207697257998,1.6121771861684269,2.6685832974205095,3.034362566340971,3.2819029799461985,2.677220750378918,2.2769065076211095,1.052316026251457,0.7945386784264712,0.7489537686798728,-0.8768390697955426,-2.1079716911929904
0.31277552016444043,-0.6615927128702243,0.20354943363929812,0.4529790160264353,0.6805049716336288,1.6251520318661554,1.7131054652204818,1.8417242939420333,-0.5917468110720314,0.8904693050732561,0.3543936273810643,-0.6625911152206521,1.5990457164858471,2.2650017376340497,2.809685425772439,2.6107848836898104,2.4337159005038744,0.2343213995180481,-0.2311403291605715,0.046314690698658116,-0.17741747249105944,-1.3775702765958369
-1.0099528837397056,-1.2213689509696593,0.07686645671677494,1.198071411449807,0.7322068961813724,1.950080240840252,0.26058760700172673,1.6783716893318532,0.7576366257937832,-1.8935405501745735,-0.10212399415288063,0.7824244595767249,0.7714266530266415,1.0922756723525335,2.2703039805552336,1.8856302960446112,1.7004842800920024,-1.3962573235507942,-2.1068911169597353,-0.5997042209339698,1.1683724673635618,-0.7818914866448141
-2.1048690250538953,-2.0554187464177383,0.46352000704391877,0.723023305880198,2.048661787627197,1.073043656765798,1.6121355625596265,1.1264153126442698,-0.7318736517800517,-2.1129172232693696,-0.042516200930627815,1.551034648597257,1.111585046096552,2.2096010810347875,1.688065960978471,2.9853738305743844,1.6689660474364305,-0.09753752726950252,-0.2513748638046016,0.6470006385250843,0.6719336604350603,0.48763907756589897
-2.350352649167312,-2.5602596132617075,-0.8136665792886281,-0.08519560325227891,0.7473397402492731,1.6944559347414099,2.221755796608277,-0.1935812895948918,0.3459453444184084,-2.224407669867196,0.06349402198855959,1.1311034613482402,1.7612231419259399,0.023730146760167808,2.0128742246556985,2.6938267000669582,2.6305787596524004,4.705675957178136,3.3730749854433477,0.960045142278344,1.3098254415815942,1.5044721449014058
-2.75120872423968,-3.104387871194173,-2.372281797254984,-1.4276094604368454,-0.05298206189086312,1.873546881374222,2.0432212175001054,-0.8876346779306755,0.16532133077119499,-0.3631264583884588,-1.7725014786215072,1.4723018187428574,1.341172954596887,0.6470151900158296,1.9676544230094575,4.095003578380774,5.253744933388125,5.931909245182494,3.1624566654547404,-0.5710513660495444,0.5394056306607886,2.0812481520941564
-3.3250337194207034,-4.054812421954786,-3.7167298406474774,-2.3105259128512907,-0.5741988751469913,0.5630556855819076,1.5786048797482208,-1.6850331381469073,-0.4385406002362221,0.31102166678232385,-1.104066790801905,0.3543113265678614,1.8142733130275344,1.0166985624622842,2.4202674734509793,2.8449515836512274,3.792619769218586,5.099301141064998,1.8670309238645355,1.6381966287186787,1.6485213311590687,3.2897151580413495
-4.377927508956626,-5.700983740328191,-4.277573542601836,-2.7463542666987424,-1.6766440486703487,0.49406258342121545,1.516575799371039,-2.8327618574692597,-1.2954604331680173,-1.8101122318628622,-0.29298014621840485,-0.31412829705740297,0.037260283576049096,1.4124040811721936,1.9531266322261869,2.165847459651394,2.315602147346814,2.4378125531665087,0.8780742351107721,1.2712748337592334,3.438769004482248,2.7126200191096284
-4.543514041246654,-5.254275211339766,-4.801788512578439,-3.233693114845347,-3.193106447508563,-0.9296679709989366,1.9511677835160983,-2.908349996938749,-3.4373109134589352,-3.2420713752502586,-1.1783736940213445,-0.6458164531588351,1.0443169690096967,1.1786542073487536,0.22205286390520426,1.081171625627985,-0.5887657280038827,-0.011636668404779203,1.4511836872872508,-2.7397390240918478,2.955845588455447,2.393957319378031
-3.173572393383307,-5.122430389076227,-4.87753831356588,-4.4034206564844,-4.023588839577552,-1.1848897268434888,0.16120081442261458,0.9314093242527217,-2.898633733330461,-3.06991293466645,-2.476358845728189,-3.023556817501283,-0.25797438688455854,0.9008603160481811,-0.6565429461883641,-3.862928439378742,-3.132087474102572,-2.2285332999628067,-4.443614612938226,-1.5547298319877212,2.3441941637923387,2.486753140121842
-4.730608798047632,-2.0368816196766453,-5.791131550854532,-5.547739010820282,-3.6194773370786844,-4.242551436820988,-1.6281309904708088,0.8446465394967964,0.9288798956062918,-3.3754488031024583,-4.458336601841256,-1.9469646172076667,-1.0161225896423491,-0.13963207502166497,-2.107842303003673,-1.7612577862232024,-3.540660516026094,-3.7598825755048146,-2.555834794786001,-0.37989779432055576,1.4959379176945902,-0.23495188491583877
-1.4131358252283222,-0.5929614270866475,-6.920783481135277,-4.834966682196201,-2.1911016523600084,-0.31523530764804836,1.2157776602814732,-1.247802257138006,-0.6394095091800894,-0.1907496107522827,-1.1341848850145424,-2.0694918503349213,-1.414711372751441,-0.7103741840541489,-0.8275669461964494,-3.2270999056820595,-3.7503028659223765,-4.435607141029372,-0.6555857660594214,-0.9499531137714379,-0.719231846129833,-1.3030611295792645
0.3674479232698559,-1.1206659750584351,-0.5135383855166326,1.5527102780393054,-1.1093968310546716,-1.0249424675050436,-0.12241091189348317,1.3096374909422719,-0.6578021182073152,0.17077813452058335,-1.0059758630197524,-0.9833164827979717,-0.950484225109446,-0.5896422798424558,-0.7238339654532128,-1.6989676419681885,-3.060385563338732,-2.01447642642154,-1.6876426592640783,-1.4399009845979123,-1.3167976884951695,1.724043155335994
-0.6260223526480452,-0.4728866365440757,-0.8380867641799251,0.015387259381674958,0.5823088911595752,1.75497543539538,-1.7019264383485007,-0.1185479636686604,0.7000462858350377,0.7024454635571399,1.0298244011489353,0.748307718340591,-0.08456987294081825,-0.7911663386883263,-0.723620505036935,-1.2816718051421658,-1.6499072182435994,-2.103260869054827,-3.590671796152577,-3.0942622146300036,-1.442240196239178,-0.12381059702283949
