script/wind100m.json
{"header": {"parameterCategory": 2, "parameterNumber": 3, "lo1": 6.000198445256149, "la1": 58.999992894266676, "dx": 0.5, "dy": 0.25, "nx": 22, "ny": 24, "refTime": "2024-03-02T02:00:00.000Z"}, "data":
[rows 0 to 23 of 24, columns 0 to 21 of 22]
3.3717337771385196,-0.14141029571558328,3.7066337570366925,11.458574972926943,10.613123391829133,1.5403096637881568,6.024846110550475,-3.9911142186770303,5.411878913611246,0.6334326896523885,2.0475990485109334,9.23019568911669,1.142366540786883,8.846620252700154,2.4291044918429328,0.8246431724857298,1.0487602862522896,9.552929592231026,7.074994672142672,4.779486478533373,4.100053676548505,5.363911446010698
1.640983791811616,5.685786753535019,0.35550542767292637,6.8602223955073365,8.741507714539637,12.305119295214192,8.268773474042174,4.915696900896587,6.375159568481885,6.125313132426104,7.2207318484096055,2.675131373742559,-1.8694000261384063,4.180614521806056,3.7133922001163886,5.478024341667387,4.1928650293157785,2.58236286785947,1.7870849293959634,2.5928558829010906,1.9703999280500066,1.0536175966927852
3.077015596187282,3.3165755723424293,9.95858566508824,7.809377658391049,6.355486721235375,4.843028628397582,5.142826352474597,3.593699161758932,4.489334271386089,5.3624766774832,0.39913938145311323,-3.159665312511384,9.604174903549493,0.5521310897831894,1.23888524350549,-0.6467048100041498,3.5965188153022676,2.11723005499185,5.839593703391453,9.412768292549684,3.6264919665287576,9.525753596302787
3.8852854607254583,3.433059537910063,4.063087289414555,3.1432197209631147,3.1966304913313723,3.643875984637397,4.607092211597036,3.8371398943028496,3.8294382333658135,2.6901330423386303,3.5650785370286124,8.996032626394529,12.042084735859401,2.8824020543248903,4.7973595324378495,1.053402199904788,8.100338037441766,1.0981939800683982,2.7747481858251404,6.06294564859437,2.980408928468332,2.1587167577401187
2.779312307955882,2.2219761929726562,1.559361341652483,0.156279313396744,7.0997199629492975,2.114482776219921,10.307380395892077,6.4761278866285,5.762250839642498,6.265633906364629,6.2472623333539365,10.216700088288317,2.9090313656368068,3.0535852758488824,8.956597905882932,8.02563004155151,4.807763201335516,2.3777349942568056,2.730959994852542,1.812256124901903,6.131572112136838,4.591266266002566
4.574727014264218,4.506726330425859,7.934449170480746,3.6226044100463226,1.8532283390039497,7.393076694377561,5.152669317998525,3.56524200835649,0.025581778700411013,5.7375052702564036,3.949060488345853,2.376987517849621,6.7842180427450485,6.1808746933311935,8.838124250989361,2.7155681756200267,0.349066614774926,9.381725479855547,4.230093803837644,4.074214510748658,7.864898989667905,1.6729909685801918
-1.0030411525140754,3.7853101639718965,2.7962659117547704,5.542376563617883,5.049375122048593,-0.026037047243641687,3.6309845322058725,7.697177539577046,7.428582512149923,4.37784052809964,-0.7283995978890929,3.7239934829433414,5.703439922527292,6.194447555213928,4.188101915742383,2.984633348077946,0.9085006216761378,4.966917781682582,6.991894146930504,7.651579296513486,1.6982978811874303,6.422597896871445
5.071351348353044,1.621943694240871,2.0592708558842254,2.7435724112242554,8.901045091152064,1.4619955735389447,12.054214347652833,5.311859063045843,3.9012424756168578,1.2810251841438123,2.425617502223162,5.731322758669381,9.160799329402199,9.986663636860065,0.8120778009012969,-0.4845092273793082,2.0926243941257385,7.210029959674288,11.319647821049937,-4.1331247421119945,8.902292214602877,3.856251145875055
-0.991319732263434,-2.3822171927535742,10.433830043059851,5.976720631078379,-0.5708924710646461,2.5835883853505646,3.667730611201977,6.1771050333923325,7.445184157129943,0.8104310448227707,2.17742144237346,-0.008364054009017559,2.7951348670475333,3.6240151338672013,9.913721294883914,1.8524329307853074,6.239527445116273,5.341744833911818,7.782137038512381,5.07144196653152,5.416982262193475,4.5360752500601125
2.2802964344341916,10.760151422529885,11.272136527125713,1.5115470391347647,5.057617879136989,9.075839931860356,0.7937803263680848,6.020662803678854,0.9901390726584856,8.04144400850067,4.9993064800768945,3.2698303822084993,1.5245842789736186,5.415171596098111,5.671564386900232,9.50651558539478,5.664677998258579,2.9019161679617174,6.743074125654811,11.077063322738796,6.989657133844966,8.41693559369045
5.455229597473922,3.6397016383446053,3.183721511412962,10.485179257234247,4.5717048634326005,1.6088313226410231,11.90011061373814,2.5564421398719532,3.9925742177151093,3.1058057977902123,1.8024554504860653,5.188028087294509,4.226471724345058,2.9650318400724465,-0.12097843182024409,1.6332613640964722,6.89207300330579,2.8605737909891933,4.325297325124287,3.553393754594857,10.774440210831807,3.6580579157024578
-2.9182821470612734,2.0152498375938586,4.104746275336234,6.087776177796001,11.83084060032333,3.3872111359854298,6.587096639290817,3.9771108243768105,4.696406160518764,9.865094095129896,4.029956087105685,2.216124840074091,5.37157319315673,3.2637264881493344,-0.6586953423497394,0.8306216874942403,2.1788840859251075,2.8325326674985067,4.170259158831481,0.877934779396969,5.990929547652461,11.037519869853023
0.633230068806355,11.597241932612535,8.677446458202287,4.057127678867134,8.721708236610423,10.185560471628417,6.745005432899884,4.992202324382773,10.797587533709654,3.465186709159747,6.674390664507046,3.496532130205938,5.7091507763538045,5.259769709366253,-0.6035422024011764,2.753071741567125,11.158884590906109,9.620839120452793,4.905106547520935,3.781344437175262,10.545802212879986,3.9942815710216384
2.7685393480584306,10.000662617590274,10.465707665452479,6.91491964339766,4.084564359723074,8.056990159833639,11.35067873699703,2.7660311410705445,4.395622338699946,9.913469697296934,0.7073353907814763,5.919917904289532,5.625200064798773,4.604987331450746,2.7961546444719643,6.539547696086227,9.515658745841192,9.093784094574541,6.761851872393503,7.258721306521146,10.44698092880219,4.612716010311694
0.3926010518302446,1.385282368135003,10.711575293072723,4.461472153748039,2.62467004569143,2.6805499752462962,5.732622623626663,5.063658874857049,12.884755757094794,3.782512107066862,3.537408017585958,9.22472170657589,6.105012477167167,4.750783757308754,3.0437203332644867,4.861868333521692,2.794286415228831,1.972116476953214,4.893605621046731,8.494864885233318,2.129832548092843,5.884466682664704
4.136347320580843,7.4175765499668485,5.886724945742959,-0.524995209800748,5.593468823408078,2.177967902014415,1.528904790640776,2.745106810448805,3.6835895068008377,6.240627389211757,9.156740677614186,2.349841329738485,4.683014261396191,10.583272853364669,1.8671716938952645,8.51835055065903,8.324732638339272,5.246940063538905,7.028281061830807,0.5087264127434371,5.494875825823027,3.4564964589123073
1.1857979250366424,8.101033412196594,10.458644485291876,8.477454486755079,5.223545033567326,4.017710901340055,5.641201590183377,5.766392045179203,11.769295314485236,0.7690484496831673,3.5139702716312593,3.2296088123152638,11.597441851654146,11.037564757505333,3.3925055612534014,1.399877436887838,5.2209522368712555,2.0224790448298897,8.013699633870656,4.580118996266265,3.5814329804801166,4.599430255128985
-0.5477083858957016,4.98876850791392,6.197631130631772,11.93943262867252,4.660564202487806,-1.4121749407480655,5.831180606957917,3.197979144618953,3.2543710233436234,4.40982837531447,6.616005120653267,5.634200967234969,4.011046549799216,3.682560227503061,4.630475496511724,5.132366390335596,4.036930616750334,1.7852714468726034,5.62895057262978,3.7692630494659225,2.1713338644120497,9.638796432451032
2.422920785710555,7.851612004476233,0.2511033743037814,4.167231506420094,0.41721307247940614,3.593043797500943,1.230261026671688,8.915169002916043,7.55570195021198,5.043943298602644,2.1383026365451276,6.087656493848052,2.5077956284452467,3.592073332170851,7.941401493570066,11.523525419958041,3.685005299474621,4.707433490030715,2.3895520303823834,11.937457184165115,7.031932951277106,2.5429762281900903
-0.4506141359380821,3.2250229444327725,-2.218854720238175,9.430051132618551,4.871387078455843,-0.2360912633068152,2.670957796299425,9.306191329680786,6.040906937487387,5.472506848397145,5.937774716142321,7.164812634735941,0.7471727580948229,-1.2069984300188963,5.074426114635974,9.962114587726369,1.95700703923173,4.272769633216466,7.1744548936304735,8.864966749833135,5.432160897624271,2.201127768209932
-0.12326231356023522,1.613636478089106,3.713493364925237,8.448150737163193,-0.4308311102292881,4.253397625248829,5.246231998476201,0.6895687135997811,8.578163812179769,3.9287199160612776,3.424094335180959,2.538972153300096,7.4063871917048445,4.403235025219698,9.268837821392896,10.41464345652036,4.661353280536917,5.397019461462093,7.659833635490266,2.2031131647340287,9.801785129265387,2.31058622451019
1.7397521804303224,3.8171341587139653,4.077128945669702,2.642218185451919,4.738029112471393,4.233503746317504,4.607528780544243,9.3854838172328,5.225887221359686,4.615367136599824,3.8871525684794146,5.717252881385827,4.524898307828776,5.077457072457684,9.095744843785118,4.999944417528577,2.431965266499042,5.7612159618690475,8.65289436517506,-0.2826829888999577,6.2986106594423745,11.90049169272359
2.886234288182748,0.7786512675255121,5.28306931703658,3.4972417905669344,3.661134965345324,2.030849434473637,3.2219915137786486,2.729883432044747,4.048616446149539,3.40364368275843,3.5950405141402166,3.2032740028458413,7.3237576364087555,4.895065556433759,1.0669219068999627,11.429301527498529,8.769570901422677,2.644379540827231,2.975874078014635,3.4634926063947935,5.053819546484164,-0.5742703663189489
0.8457250174755807,4.00526826592849,2.540698739241227,4.851643160051949,2.9808910352476015,11.120532071122975,5.689479457265981,10.376748077548893,2.6084867473510522,2.082373327549137,-2.652298034488519,2.0418234104495943,-0.4844781860266428,10.577406970151133,5.598380694499564,7.627977123164294,9.058814470394685,4.4721871690716615,7.42271156829796,3.7042857652650496,6.870077154418651,5.411288386234286
