script/wind10m.json
{"header": {"parameterCategory": 2, "parameterNumber": 3, "lo1": 6.000027932988019, "la1": 58.9999434238085, "dx": 0.5, "dy": 0.25, "nx": 22, "ny": 24, "refTime": "2024-09-27T20:00:00.000Z"}, "data":
[rows 0 to 23 of 24, columns 0 to 21 of 22]
-3.5661865326941715,-5.5322531918333615,-3.1323556380238378,-2.3539603972478416,-2.1159429090815873,-1.0096945216347455,-0.33012765942856553,-0.07089706063435608,-0.6023270026640034,-3.7284435954660062,-0.6781689045107933,-0.03617848682848907,-0.5253250489645223,0.4892502405098603,1.4133987035907842,-0.20199679857708278,0.8378545233645611,-0.3252535588266889,-0.3716207484762047,-1.0297550949660026,-1.2373910577749885,-1.1731683083085915
-5.226139913860105,-3.9968435514180154,-2.769083785133382,-2.3142383349749025,-2.269400141062198,-0.678446239327953,-0.6512987991120047,-1.014050462103891,-1.9357995937094399,-3.523200063340059,-2.261797348896938,-0.2008961874062514,0.49028298624949607,0.9061244072173696,-1.3298501931050009,0.9798421788111187,-0.07374073977257768,-0.7565284417381504,-0.7750500635019687,-0.8648717115884966,-1.354676724910006,-1.5486838084809147
-3.5475877413541275,-2.9280684912658215,-2.2076668997231788,-2.1689474274268195,-1.4323274232789844,0.5188331367014083,2.8591906315724365,1.8027352207842517,-1.2681643977651313,-3.2248147429131153,-3.2197564607151796,0.6650877932417626,0.5347239857957401,-1.0701677045716678,-0.32718741762692477,0.8915045601317847,0.14999527029741067,-0.8390534478416761,-0.8958917097664838,-0.993442403291482,-1.182511942174213,-1.5694245371418998
-11.813729747425997,-3.6941064532245433,-2.2260435960028375,-1.6566947044406863,-1.853163581152981,2.947468899978052,3.656272896288847,1.2609627894733346,-1.618464670843254,-3.682541435662165,-0.0807432208663041,1.1164107033338628,-0.7496103977577724,-0.03889590808374231,-0.7142477334297942,-0.2024831602357159,-0.27421541433804664,-2.286723846519302,-0.4940086165956956,-0.8448081723774218,-0.9354662286459354,-1.15724446220196
-12.64159338322773,-11.601640393522965,-4.8192178101048455,-1.9362030097532892,-5.0713203397034325,5.524774631718897,2.94960642355144,-0.155756432690121,-2.9756643360814694,-0.438165013801022,-0.8897362648279582,-0.8279099300889534,-0.697681565576023,-1.0611323652665299,-1.178924890117311,-0.9068952861679518,-0.9849112192225912,-1.003168389989542,-1.1781775595212076,-0.9844520623452706,-0.7406834075862166,-0.724800789831714
-12.382376639104566,-12.955556714199492,-10.646689917917676,-8.09123767701663,-5.759646092446214,3.429899822915842,1.5943316753020882,-1.5503633801249939,-2.174488729049535,-2.3749581497505208,-3.2846867246633975,-3.0872161846638733,-1.7234930352033409,-1.4194848245493705,-1.3205647034443462,-0.9126006150478323,-0.813640764641822,-0.9403126139766639,-0.6501648752735911,-0.8571896061022704,-0.7747338645679168,0.29473929494839085
-12.129315455131707,-12.759365255980173,-11.18578744815577,-9.097189072969245,-6.528799094299228,2.0252124968222622,-0.13324972134858354,-2.447526935772219,0.11522969639986108,-4.3684287478692685,-4.953679395633651,-4.15003816028095,-1.5914412226887353,-1.3351333943526944,-0.865756132584455,-0.4825536069195469,-0.5789822734923125,-1.1440477751552531,-0.9489651825195423,-0.7617010992977896,-0.33430813426800077,0.12025947847737431
-11.946094296559,-12.298273583835979,-11.898831552578756,-9.474014570678342,-5.560100218498264,0.0006397714008611777,-1.520968127924788,-4.389352735419678,-0.5173430123585022,-0.921738024257141,-2.391938740542243,-5.422272071793506,-5.486235028469396,-1.8587259650729864,-1.1261159106063003,-0.4347134655655582,-0.3028416939169927,-0.7232953801250761,-0.7596346599479376,-0.15558461108693108,2.172404542728489,2.9481464098962187
-11.823404028739507,-12.201698448022597,-12.278309651959795,-9.581323145736565,-5.9684898111982125,0.6952769306329082,-1.5684378696289947,-0.6825756538894237,-0.4082708938998661,-6.016717006111281,-6.401323605933819,-5.083006584130174,-5.00602914452144,-1.2356284475836508,-0.9088535753589897,-0.8373173111638782,-1.1109914604242879,-0.04918448060083557,1.8462768540921741,2.031305710725696,2.751184188931361,3.3224827946575024
-11.762126937148215,-12.377003253936966,-12.52850480861339,-10.017888807866171,-6.868814847296629,-1.1951869119687215,-1.3356546490869206,-1.2619206743916596,-1.3235018168828159,-6.7416763637188035,-6.345020880000972,-6.111860062004276,-6.171602508801782,-3.264917326255266,-1.108438264339237,-0.013231344851978008,1.8263755368218437,1.6796978270685563,1.651772227890486,1.7649700919067823,1.9217637812005752,5.320127531534505
-12.194342889856824,-12.55561897797265,-12.845475363096897,-10.357079874221506,-5.462968106105089,-2.6413173142330204,-1.5300125719169133,-1.8964255859921737,-1.9320563283477952,-5.087516404669926,-7.373036451401163,-7.930475503535463,-6.4061879444196945,-10.37555108294421,4.885250416664557,2.3244476245093852,2.162360952806458,1.821576403590064,1.8407873475712766,1.4230886240493419,2.316802475517195,5.318818606039647
-12.635908431276277,-13.058077059615451,-13.281414851926327,-10.831208200677287,-7.025502305814224,-1.1925778128581084,-2.2091129530154894,-0.810455285853808,-1.931275881231126,-2.951870438099052,-8.198703426436584,-4.693013059398852,-5.044938814778834,5.045688832108457,3.3065128872657628,2.2576805353732254,1.6797140113564755,1.4685360280607727,2.03617600770675,1.0143875408843457,2.300840173215081,0.12135267450122666
-12.947736051274726,-13.684821531665978,-13.763343866492036,-10.775309046164157,-8.633356290796046,-2.537547623103222,-2.0181818958591373,-1.2458576536582289,-1.3675943836174154,-6.813592371214483,-7.075427534846722,-5.903627422925791,3.202472828904296,2.3116796326071327,3.157820384199601,2.0524932235600586,1.9988062619706684,6.27834200545409,0.6455317847573994,4.970571943156302,-1.0424220522641778,7.737150973099558
-13.292702414060651,-13.795399319082462,-13.31541754762043,-10.938495475093921,-9.802288008242664,-2.7363338567234896,-2.242733725848158,-1.4873035621609176,-4.81909299967543,-9.180854776230468,-3.626876296521606,0.8111133742939708,1.8907240139381045,1.9193597694500992,2.9143810336589806,2.249270086436218,1.6634435291466414,1.4979066622979942,10.060002923104603,9.771752470854006,9.244193650984748,9.021475748476865
-13.682111698305874,-13.831184340091271,-13.01473910065164,-11.332708964577016,-10.421983961649815,-2.903843993807075,-2.2882604096685384,-3.7950807336754067,-6.33061179949738,-6.049430336022364,-0.8930165143787488,0.5811123854677844,1.2258178262465567,5.317523709693539,2.590195889511423,0.9461522346479627,3.718871095647599,8.526866058679122,8.94360920027724,8.75653612465152,8.551257956961551,7.739691558825893
-13.807739349573572,-14.04728276646549,-12.876055706033204,-11.454928996192779,-11.659891071446694,-6.136358131356311,-3.4237896910724728,-5.997235560077016,-4.631894617584297,-3.1721420056175567,3.823981214123344,1.5154354338447829,2.555303676755404,8.198520852456713,7.639542387691136,10.531729662994039,10.44180684628357,11.723749308444033,6.6765823238292645,6.301446928236345,5.767236099999834,5.352943329860884
-14.374649666143272,-13.34723705823815,-12.51712102514987,-11.803224149880764,-9.9898603339178,-8.06656260414623,-5.351757371226603,-6.153630512919372,-6.742850073687119,1.6493653107204946,3.4486735289887473,5.571612428537801,4.107964464060536,6.056521849176002,10.123121858489721,9.726911693292482,9.236910373665166,9.889126132926233,6.957927694068526,8.493281636802303,7.8478257235223765,9.360773529324828
-13.229953222383946,-13.41655245560447,-12.432842703728639,-12.352902533398671,-10.96241777578566,-9.558501449108014,-4.734180423273767,-5.493651133217385,0.7484454335569269,2.2047365825835805,6.795777699351746,3.6091129675257436,6.858932784900382,10.90154204442574,10.03221762717778,7.117914516016007,8.4129389371902,7.8979880988890425,10.022312229784077,8.449395430045065,8.289052042594287,7.330360564540627
-13.255375600653693,-13.556455354428508,-12.621327825053648,-12.632298422755845,-11.193287830483536,-11.115089544960007,-5.856666921218769,-0.20807074538252693,0.008135312382090037,4.760341659316884,4.656540868719727,8.448414465061497,9.332114918081626,5.703884716630849,6.990237384747554,4.599053575627493,9.773879934515492,7.155015584617319,9.054612651246401,9.491450989532915,10.389478359236326,4.532517136411392
-12.197413773952439,-13.360063867562802,-12.653389032171994,-12.754424195883555,-11.529524935949624,-12.277430979408438,-6.887068489917888,-1.0742533626365072,-0.2689472772260949,0.8894030521957302,1.710488268909779,10.48154269705114,8.422501737982678,4.840269189573984,2.614852971647659,8.262979402172393,6.415546491260202,7.06938723176813,7.579961522799276,7.477205335879737,6.034399951862013,3.6034857414335932
-12.451318754110938,-13.005831207045471,-12.60168991478767,-11.886449400983418,-12.329915211388562,-13.2925562720366,-5.0182492738060915,-2.9737175137180194,-2.1016482198195408,-0.16726645020591768,4.490184669496772,6.4651490650281325,4.684459210873261,5.302782634326224,4.247145252459641,4.368058356010582,5.509841472748528,5.773793941912244,2.5375003529665983,4.476574039892658,4.779492721628938,2.759238313189677
-13.125945197712033,-12.654980429634769,-12.310361189644919,-10.895185965507084,-11.784624439269528,-12.948166130745866,-2.6476672980928546,-3.6442048524276975,-1.8215108954393313,1.7252913842539974,5.561916779491527,7.377342695622544,7.406401681783219,3.167796656609241,4.84603650472134,3.3559073104525488,4.310765470641353,4.708829779253687,3.0346606859774257,3.267694477492363,5.028744789507124,4.792402851000427
-12.751767024854281,-11.644397945209844,-11.413576928900294,-4.204226045131198,-5.088840471146757,-8.960196727289162,-3.753138504077223,-2.404998783903167,-3.480830339162817,6.171779668013405,7.539082531963297,7.013216861047205,6.99313140583675,5.574642855827922,5.711468311903755,5.259567629711837,3.761884809324565,2.7914462004035485,4.4981421060735025,4.174466430611819,3.6907903693122632,2.379147381285508
-6.730277780722804,-4.820454907586125,-3.9704559019187715,-2.5828973959839945,-0.9949737380177545,-2.6982379243241725,-5.197672781597817,-1.3148302865024535,-0.5379113605499115,5.393169402382226,4.804092120635738,6.328356106571727,7.867337863315106,4.612796581355824,4.908696119377511,4.739739769334912,5.269432019261468,3.8218173232179153,4.635461767712478,4.25950761274069,1.2563349548011635,5.9032891094961
