script/wind150m.json
{"header": {"parameterCategory": 2, "parameterNumber": 3, "lo1": 6.000198445256149, "la1": 58.999992894266676, "dx": 0.5, "dy": 0.25, "nx": 22, "ny": 24, "refTime": "2024-03-18T21:00:00.000Z"}, "data":
[rows 0 to 23 of 24, columns 0 to 21 of 22]
4.963989506178719,8.46039942147517,6.347431310923221,6.114837470904779,4.699415131122854,10.356107238886343,5.238043770459825,4.41134397604381,6.891187641816785,13.456136763571893,2.758949960206869,6.084517899758952,3.8173660247332206,6.888061233827373,2.526851991089778,7.321355395012813,7.6581836329569555,7.6770691947997465,2.0223376972100264,2.002379168119723,9.855794888713662,-0.5410393099896564
-3.3605704574330866,9.773675484735772,7.297690770832014,-0.4323398554300742,6.0394131025393785,5.671161393792381,1.6556647476932027,7.894133961772549,2.914155661998974,2.1663364912136434,7.438697534111472,6.037951457028797,7.091479208147766,5.880052372237626,-0.19172897502021752,6.060345204297432,6.292416844166426,6.1668264547706375,4.429641670008943,6.470436672420619,2.2679311336111345,5.316761991213998
1.7714540227482205,9.94848509511981,1.73588531828152,5.868221878994131,8.557469212347122,-1.9703601565660533,3.051191956723957,-2.308302137069667,4.519446163988506,5.065437746621154,7.452310154234402,6.1569946046216,7.22319066905639,9.014518308913642,5.0756746151167365,5.422352302830853,8.657202141219797,8.064207829587433,-0.6686826069213638,-0.8345003515239343,0.06870295870390208,7.993692446123382
2.9146992475656965,7.726556459164905,4.308668505968556,4.894266190518883,7.5731087053642865,6.191600046899148,5.8752224582252826,-0.05987748341114786,5.266192302241142,1.8584309729082547,-0.06686383737468236,-0.2213848658978999,-2.507658319848675,4.9327437922617685,8.182020015952698,8.32170002503399,3.6663906638927313,6.925395980322944,8.28431619373938,9.820938982522346,3.119984737472176,4.8249279283009425
6.372161821034735,1.7927851519539721,5.6010134665821205,6.279503558792606,-0.3352807341400759,6.2580431222952075,4.687097234109038,8.322805411918957,-0.36619450086492833,13.290631724204411,8.261756699481387,4.452706281562809,6.316254769032773,-2.137490904392135,5.099817858843695,2.552442934561812,6.195826283608086,8.784716208668751,10.826296754630615,0.16085572412672983,4.616255092561263,6.717705896770442
5.332087531226726,5.077678014563406,-1.417651182746151,3.4505147098074325,8.091864098414092,7.0002926861233785,6.190622128734032,6.341797422660206,7.478848342242623,6.668874167100281,6.088578227710026,10.116814573015002,6.7979329308653345,-1.6193492639247578,7.3692828287764,-1.7664584878884857,-1.0271145367593444,6.244076514618594,2.832916268217396,2.985578563701487,4.498392274047546,1.1251362299073406
6.29149457662929,9.979405265204166,7.404832760546582,5.364260925854944,7.424578002935063,0.7297327479039278,5.711157839244356,6.992314459634923,10.482833718390733,-0.7090829060633699,2.4346433657543316,5.491958225863434,11.531238775080634,1.375680765974591,12.286517618666835,9.871076478918413,6.335144448622848,9.02696347159485,-0.0022446092400486874,11.66021910702558,2.16410057788543,7.88480771040324
1.9474578274288448,-1.6710930964077513,5.5216518952966975,8.445558674329494,2.2776343956808907,3.6773332555496046,-0.29980409833166777,2.512567392994733,9.262991634384559,8.067445277506833,11.491078863607592,7.960428893033108,5.821987022244533,4.799646044263716,10.00996171540304,8.466510526617489,7.036720299388681,8.874200824105543,-1.322394342805508,5.843759966283435,5.364101770449691,1.5626360262428582
7.184040425790552,4.494216013047322,5.132944497860343,2.861316754575296,2.963250778458041,3.220108846920293,5.775862795375803,2.169541028340313,8.300483727807666,4.438537571774886,3.6738704823670076,4.585605536600352,4.114322872376794,7.519807638253405,7.404037870036937,9.22555571953779,9.363837127361034,5.297967659972797,12.68698115926137,9.153010163348663,6.461053603094597,5.196127379220775
4.910919713350003,3.8470962931864334,-3.0141374503060305,9.145339831792313,6.930874578304343,5.45227470743431,7.493011341205879,-1.2180985078512718,0.024293783748646144,-0.7282484182239372,8.568504850892474,9.131250659072897,4.888707198039986,7.5942677864476815,5.834279242124401,0.8724628826207655,6.480903510625343,6.837250636237224,0.22619324785120606,5.794963047394377,4.528159183849131,7.125790844570862
-2.745422447318894,0.5969620696050315,7.69028952050081,6.860333926992266,3.2428010154025433,4.1119318543062215,-0.6199399605710344,4.630407604621031,6.986788176678192,0.4677606247244342,7.3217629369240225,9.282799060465248,6.972074165161475,3.8561460483728416,7.524891957871253,5.22697603192477,7.911058926391162,1.1756973091820169,7.768540379270138,0.06715031342375981,4.723655154200676,10.206048678587592
7.55251242409484,9.076195580873977,7.6050523412765925,6.658413230348475,-1.3479772992204617,7.548640823542932,6.537246230187564,-0.3242096426728426,7.841781608575783,5.784414050766726,0.6207326607269098,4.812807972298183,4.431877581620136,6.646063765604199,9.301670028991488,2.1641071681387096,8.238054668985935,-1.0152792895041334,6.766692993751192,11.7997145849475,6.982097219064275,4.587051771886026
1.2413935022749691,-0.7864666035015303,3.6600001245329032,13.065668249208931,1.39690430352365,2.4254279726344885,4.586212294380744,8.601875932045312,3.782956474474935,7.91617934089567,-1.5647633691863116,6.097102309682004,10.02722498810757,7.52809711916595,8.522235179257486,8.91967116969447,4.1258150391046025,7.625851431286184,9.634606344532813,9.045551471605844,-1.1796307151394267,6.5236893217167
7.426648161203973,-0.4559461525161228,3.6242235095250965,7.138415358857584,6.490860225827309,6.46337251072798,2.9198322905089995,8.184628666601713,6.2410357189956835,11.951414069872865,3.8860349458607715,2.563134839202289,6.907851025359909,8.428850413377395,8.767179051698903,-0.19684366329484979,0.9872827029767163,5.066986475771458,5.733618560508052,5.0039940341351095,4.831596902630018,-0.2167749821518973
-0.2506262495539071,3.515356193012481,4.3210134102685105,-0.4671959250704021,6.49006547432173,3.016679656522257,9.495537611693658,7.262082146387849,0.5525299393779429,-0.20883944815140298,-1.1278839112579835,7.135275662806771,8.62922556630593,9.146434315363313,6.281096389478777,-1.2437034868924735,6.887130143363509,-1.4664013563626925,6.101592504240404,2.1408414356373355,13.792506989802513,-0.6501207195108691
9.69588592050075,3.5747036920247823,6.819918249125492,12.310046008694211,4.36706210420962,1.0336562361998989,2.4568711806199164,6.265694693724542,7.850167188731859,6.877797214643364,5.509245100483594,4.828074896789028,6.135271980067615,-0.7821873657197608,7.1323738848476665,-2.7114966198753723,4.176466133974696,8.5910385977464,0.37311867400021664,3.592219331829967,8.65603392707706,0.005109213273684382
5.897996121541248,2.838898606551228,4.963861603765106,3.108392645019372,-1.3168829423695805,6.30285076479838,7.01982226309393,5.351246168122977,5.614474955145238,-0.4810546495076344,2.283468727798989,5.098183161770056,-0.5122564741231994,-3.309397608384953,-1.655330163797946,3.1599914727362943,-3.3577197164379093,3.934511919001528,6.233162556844786,11.799206466698136,6.895796880407669,5.896041793120917
4.588020529670924,1.2197539012667706,10.560308357423912,2.3153200819854853,7.272939987207743,-0.3609094246022955,5.3366456855666655,8.145045217379593,4.42045560129998,9.800784742816717,10.528797413607426,6.258579196975363,12.339787723900997,-2.4679683384316835,5.791430579501784,6.20798577424909,7.376848847316834,5.261801510326483,-1.068717959425369,6.236949939882799,3.2149198278561566,14.134043536520648
-0.39524071801134225,5.855672695457669,-3.910028147512946,3.6885695148492443,6.7827203658605795,5.607160723945745,10.465621369374881,2.149344437285916,-0.8999376368609324,8.668887683170324,8.480345278912651,6.254057859810596,4.805747224421625,11.401756373279044,4.756845829287125,5.375225045990074,12.587323265302597,8.555075120135875,3.559776145979732,0.5179671959722203,6.858888323398726,9.0961167410851
6.600714064577375,8.813323429596444,4.682855911459721,6.897598855425503,9.451046891412288,10.093266379900328,6.792738768247115,1.5132427485127444,-1.4740376422848476,-0.15503540385597708,1.3558673129842265,8.33129077295494,7.903541384870267,5.39072692004465,0.405480351737274,7.944114175251545,3.1104928214749634,6.801809298146091,-0.056546253775752446,5.4498954525265155,6.734908282528553,9.013437587953272
5.802197486225027,7.325746327254613,6.066030577841433,-1.0148203108744913,1.1462860492052551,8.168023182610838,10.581355398327865,12.532841360030108,3.647967452482657,7.513367575230498,5.677955087182173,6.960088509070834,8.95635253286562,9.177034854238231,7.283547450764173,8.072866515482117,1.4599263816452053,-0.09737500874243246,8.27473081421371,7.688839127790507,-1.7382114765510095,8.081216755036413
9.06728121619828,-0.13441260321334664,5.903756585478904,4.656347453866939,-0.6326425900597162,5.4594662785512424,7.85957359750323,-0.037390784884795504,9.740062957071352,2.2587909512621343,7.062551207826762,8.605532408797183,-0.10640395799295206,2.3188212572216957,2.8608515967696486,6.585799720609058,10.400071667361853,5.038312718211933,5.674982973596415,9.26034604476508,13.438371778069186,-1.7512007233253015
4.6396950938383315,7.372107211476977,6.389674563557144,1.325638312884169,3.8050360895587865,7.084019532952899,-0.22944955206364112,-0.6448512381322385,-0.055408376878475524,3.876549773493621,-0.7951195759228423,9.514334346976502,8.976757262582815,0.6841170765330437,10.232322366960574,5.0694861155397355,3.5466309139072316,5.634518869960939,5.854283196533563,9.906547759819158,6.431283181596545,8.19899473040362
7.245078203670309,6.814089780621342,-1.9118027383275704,6.639428156906443,2.9406639410128754,1.2882014943898135,6.84215501921283,6.729724695367292,4.703005526453143,-0.21588690186168502,0.5459532691864226,3.4761797776873067,8.307625025629118,6.10233920192251,1.9186958927359519,9.970727864278974,1.308084628741364,7.694279903885003,5.3483672162321385,-0.9228129726011309,7.787735986339594,8.71962098505461
