script/wind250m.json
{"header": {"parameterCategory": 2, "parameterNumber": 2, "lo1": 6.000198445256149, "la1": 58.999992894266676, "dx": 0.5, "dy": 0.25, "nx": 22, "ny": 24, "refTime": "2024-04-21T22:00:00.000Z"}, "data":
[rows 0 to 23 of 24, columns 0 to 21 of 22]
1.4992282852472394,-3.5768487797513493,-4.688533167576388,-3.6653943090981285,-5.044810144764326,-3.7638314152475756,1.6352740431082553,-4.0831937008728545,-7.296247473053742,-6.3524722211156766,-2.8512740626377333,2.783483688471538,-3.2878631477018354,-4.341401543032064,3.290764693744421,-12.35457289005298,4.564423816589131,-2.9826921069852856,0.7608608144421758,2.128136262796912,-5.85114196278788,-3.052335839406359
0.16483979144702712,-3.7913115702688818,-6.357681570211118,-2.5773331374561703,-1.2333533107328212,-6.153318316633616,-0.07906577259729125,-4.4995870527482875,-5.3183209748994384,-5.657444234879077,2.59459434270164,0.11923091310892694,-7.84875940213026,-4.492869475555505,-9.05417100827172,-7.629748583037082,-3.323617983698492,-3.258573566317198,-4.385162889770628,-2.3898119130846243,-2.5856971854421427,-2.9058024558037916
-3.490310803153454,-6.377949578149648,-7.150538145425091,-9.144077415394063,1.4930490747832472,-7.368729485817761,-7.734492417496472,-0.10409672511563824,-4.000961768540456,-1.6744650580424525,-2.663295967142841,-4.303604827737625,-2.0366174139427335,-6.039368156462293,-2.684433276871858,-2.8811068673942355,0.31555238829988264,-0.05037777841351275,-4.760160100102531,-6.130677079318164,-3.932215097479093,-8.320692633893072
-2.3001911190160262,-4.456505712029562,-8.947716467203165,-6.727384736722504,-4.67717163772255,-6.170815302522177,-3.3336993651687417,3.383557914764816,-2.7740994730522663,-2.005736344865874,-6.296002284410347,-1.8886668150126822,-5.126691886933439,-2.719830577825906,-4.344906473466312,-4.548235054942317,-5.452944682463449,-6.6063581167209104,-2.241058560432649,-2.2633783233926223,-3.3190197750121144,-3.0052200495026797
-10.244022824431166,-2.8876389074289834,-6.314886368367424,-1.5870762557931726,-7.695393517479909,-3.898576447447305,-5.643732409070159,-1.3789062206903422,3.4638908682224723,-7.585474416878537,-5.826650146013497,-4.442626506079531,-4.2061497006250255,-4.724267680967071,-4.658250161717658,-4.057425296530327,-4.494113294288946,-4.940977856525069,-4.298267661760095,2.9127768030856656,-3.0005320453566804,-2.949058892056439
-1.747848107561558,-4.515948971333634,-5.147963095005175,-4.706142636160989,-7.81465151913139,-5.611141208724315,-3.5537356965090696,-2.978025328364861,-7.560822803951425,-6.527728627795489,-2.9960256849810794,-5.473719690932949,-6.429155747010231,-0.19309701868629878,-9.925961415226707,-6.601947711164879,-7.71179791942684,-4.58079271810984,-4.0043696464480565,-1.6413457857904594,-2.316310559804496,-4.560351716256353
-3.9752058780175306,-4.659620639738631,-7.2796888677141816,-6.260860334067509,-4.306559389423309,-1.6954908317356288,-6.30337452068955,-3.1080135361985866,-1.228809796994988,-2.8515572478641524,-2.0002496696023853,-6.714358647555666,-5.823771563107102,-2.9529374395635872,-5.637536920953825,-6.502153770937361,-2.1552489620830437,-4.836755237678376,-0.1366502215617062,-4.308522480154759,-11.50014599989214,-5.490124560822372
-0.2112787816396965,-6.060049991556676,-9.39875563731961,-1.670055108775859,-10.485565249048392,-5.226109331233355,-2.6713137965653337,-5.541952745917231,-4.670509272581192,-9.69292154922371,-7.34889829852491,-3.929152106262106,-6.208810328244553,-4.619702277702617,-3.0950466450512097,-5.3999517426111545,-3.1546030656419415,-2.266523286553901,-5.977778018844379,-3.613147881395561,-3.6696877760860183,-3.6136305618522564
-1.9167893588856035,-5.133040456888868,1.075297606719119,-5.515577780697354,-3.413002853622581,-3.6956738865185272,-2.806401275206402,-6.452851651575773,-6.769241266702867,-3.12640437346052,-4.405546147630015,-3.7834466366965525,-0.5113857775265545,-5.344735812173128,-10.127795336642544,-5.855210042231387,-6.663159512907414,-4.665659733612447,-2.929307403979962,-3.661885021214861,-2.525669081417069,-2.547300620754791
-4.941825953809375,-0.4918036261011396,3.4859346202121255,-6.0926530560935435,-4.204295540577205,-7.204284913260261,2.567136302732809,2.2048018602275965,-8.135729722946184,-7.618918676902056,-4.590107469152257,-4.4760414431714555,-0.09849870567401967,-3.78879614994049,-2.471833770025929,0.29032585864698784,-5.691986430753831,-5.933022652383358,-7.883654624953088,-5.836244373015937,-10.282656322881977,-2.030462616563314
-0.6386482410406411,-0.06734101246414438,3.9227369232996008,-1.377007182032465,-6.981112173290255,-7.461573843642398,-8.148003178512537,-7.410716197600835,-6.529955195904243,-4.744013624106249,-2.8433865978532733,-3.3832524374608477,-3.2947992855749497,-6.636311183929751,-7.570267584162064,-1.5015044607616357,-0.6015927521784022,-6.5390634385417306,-4.4306074154771755,-5.961775549951881,1.9124073498422367,-3.9866937533079687
-6.1895650473977755,-4.250511226518365,-3.836520918997815,-6.158600054054338,-2.6753636777684497,-3.880627816903661,-6.652881898438392,-4.9396353323258975,-7.392978979342437,-1.4839266913667122,-4.4864392654155045,-7.163942942370818,-7.583840666280288,5.159351423427982,-5.812883454093591,-7.939840022813847,-0.7921920262902278,-3.145917321391339,-1.3168567170190726,-1.9306748518619548,-6.7333775328496985,-4.187272770718991
-4.763183587069384,-5.487382996677111,-0.8959343290788745,-5.456313976165127,-6.11369869828063,-3.9224349569437553,-4.0726047269742285,-7.425288983299774,-5.076766825798036,-6.480591913555147,0.5655770437771244,-4.951982680028129,-3.9600815307016846,-3.523182457875528,-6.1048440520661,-2.7780482867801175,1.3449404860111582,-6.45885877125436,-6.805613058896704,-2.7619859252662575,-7.0819700636457315,-10.492461878459258
-5.596831655934753,-4.2864856623511045,-6.983314037899763,-7.111239365186545,0.9839055215874527,-4.346528451343679,-5.450421993361947,-5.467460889393739,-10.279819709448825,-6.8051550451233185,-5.763330932389484,-4.8589923197412705,-6.203680383461245,-5.930503989784253,-0.8974875098118563,-2.5276771084745713,-5.231240950201407,-9.654842914158445,-6.115775431474894,-5.12654193318637,-3.536318417793755,-7.230373721317918
-7.9956668011961325,-7.6389330993694315,-5.175773723611826,4.059414665449746,-10.287778171212532,-6.82372109951466,-4.2535715945765675,2.486166733213798,-0.5244087304332262,-6.959215935264829,-1.7666414092744882,-6.10973560836146,-3.3525461165743153,-3.532605361056882,-5.6225142016062,-3.3040620208442992,-1.7416078277077727,-4.501719592019904,-8.744913151762265,-7.130215039810127,-7.742160689250286,-8.083243080053276
-3.797690194407138,-5.387444868082119,-6.244836859973946,-4.984867240806464,-3.748703433388207,-6.694984594707092,-3.577827722204466,-1.0796735125375985,-3.6763004898501306,-4.396751818883487,-2.551260047045212,-4.1577444566752115,-2.1935217275308627,-1.46323976264118,-4.017825095596725,-0.40099478361741,-8.396215663733829,-2.986625200383066,-7.992392751591067,3.1713736674872597,-2.3244109682646927,-2.483824535740301
-5.101735328415534,-2.205406815535896,-6.576972066959003,-7.610622259946303,-7.516278924824316,-6.649118772653971,-3.7511470551984405,-2.014559128186883,-3.7676472948972926,-6.085889271866093,-5.258929391299529,-6.57861680229763,3.731528655469789,-8.289363022141211,-7.374324405677668,2.8626157559297907,-0.2593749772626847,-0.9677447694074568,-3.306316695940854,-5.110024619409091,2.701340552461777,-3.448131221694784
-1.1899240344916653,-6.7220333714542,-6.558819417009191,-3.45050195574653,-2.6278288120462228,-4.155683541345268,-3.4456060626628826,-2.2674312808057753,-6.498806281299305,-6.889655307218483,-6.850848244364127,-2.0277621208747587,-3.1731847528835933,-2.140165780322582,-2.173349755709383,-2.8224497166297953,0.6608422990180438,2.5296494931361235,-2.2673340884200845,-5.2781248346519725,-3.0127786777235848,-5.961763121891482
-8.221411597130386,-5.385746203298004,-0.6940608025131996,-3.1939599808981267,-4.220079226197557,-6.312234167516493,-7.709961073252662,-9.700520987339793,-5.2161722553718395,-7.697209708622807,-0.913119560416249,-2.741900527332797,-3.143786564942332,-4.540103613017079,-3.9454365055404885,2.286122316383517,-4.837391137486756,4.198755980198012,-3.7341133132410875,-5.681199443047748,-6.334992252062364,-5.824651770928939
-2.275257088643577,-2.564189371421899,-9.263586955584127,-4.880503142030989,-4.77266797215711,-5.83979013110041,3.6188670546785118,-1.0355777956356402,-0.856188521729239,-6.5508582632675525,-4.968300821415557,-5.084483719591875,-4.289849164598284,-3.8414354567109594,-0.2659855637260537,-3.5254426512453327,-5.40364137288618,-1.8519603222354368,-2.433402739758379,-0.5061079136101819,-4.783277065417032,-6.892809511378115
-2.5484237736804625,-10.33334650095196,-1.8226955978305137,-6.022563954254858,-8.426135301266667,-5.197341518426409,-5.021433476868111,-6.314146167755155,-4.148193657554648,-3.8472610504702502,-7.991064403224778,-6.247814158982803,-3.9483002565063403,-2.6932718029581073,2.0901104208929575,-6.600453857558984,3.550589360310805,-3.8900110260883407,-0.7910109628337172,-8.210552628463244,-7.383725163978517,-3.0794597838718465
-5.392001936992319,-7.197556652749529,-6.956475080334936,-7.9993114915439625,-2.213216808127142,-10.072550003854797,-2.891780274543522,-4.146850963736971,-2.723871221246195,-8.130198514379767,-4.950345950763816,-3.7521376323863844,0.6886163287681161,-5.0513054521555745,-6.342344042311569,-7.203170258156521,-4.595045341727776,-8.021597526390437,-5.3746728701916595,-2.4768264109846503,-2.0979716885891926,-6.063737660654085
-4.562231998800517,-6.499275746592253,-10.302057617563735,-8.810170474448949,-1.4989487573505595,-6.185686214603664,0.45910487160072966,-0.4949355021786379,-3.3780668341622726,-5.386644460649765,-7.219907111930476,-2.3658868084192894,-5.287479366595819,-7.95835236675671,-2.3714596191530313,-5.087083962099184,-2.1886940780825714,-12.718205426029327,-2.445891894090479,-6.12477856813731,-3.334498950472721,-7.327400100693913
-4.02226016251726,-4.9675361945992,-1.3880297159703812,-2.4912106502783486,-0.6185771213331023,-4.299288339607577,-3.1289301698255096,-2.6752192462673596,-3.1307789153405654,-2.541174906813817,-8.802958583611183,-7.268123584202988,-3.0902620352176093,-3.5362017111353636,-9.166145047103036,-6.46571626169904,-7.951013103610888,-2.4637761062426797,-4.29167883986848,-5.295277949510867,-7.100107585725034,-5.386395297471035
