script/wind10m.json
{"header": {"parameterCategory": 2, "parameterNumber": 2, "lo1": 3.000054539987559, "la1": 64.9999836372058, "dx": 0.5, "dy": 0.25, "nx": 34, "ny": 52, "refTime": "2025-01-24T00:00:00.000Z"}, "data":
[rows 0 to 24 of 52, columns 0 to 33 of 34]
-9.340350267659646,-9.543020046816991,-9.915939817391052,-10.206342988727828,-10.666601147400234,-11.041323525881902,-11.110902869033538,-11.076344780862014,-11.111195532648704,-10.670001783415284,-10.200575454825143,-9.956416501114791,-9.20270963273582,-8.96325345485902,-8.662863878353257,-7.668453227355542,-4.802488310609685,-4.19483653451654,-4.2108312593122355,-11.49237495251845,-4.783331023357614,1.042977121558364,-5.180573290197733,-5.308485701311124,-0.7885588163649788,-1.4944000346717152,0.16210819015670583,-2.389912161365474,0.24294323487379468,-0.7462006093366846,0.8425829264184518,-1.584627608240554,-1.354550048308523,-0.4070902946885316
-8.735161692116927,-9.026859702100353,-9.50573850095934,-9.567277719870399,-10.00840722225775,-10.185883370632498,-10.520445189115195,-10.630858027526463,-10.808749767106535,-10.591401920915935,-9.870708040090879,-9.322683859702233,-8.914096645284376,-8.873708009311535,-9.056972377937504,-8.313972503624866,-7.792955725741964,-2.971728918691668,-8.998298365779949,-6.4210894921433415,-4.364108614446649,-4.2112798413485075,-0.7160653402454948,-5.176570004312615,0.5253741570365625,-0.7138639174048571,1.2862306566550417,0.6836965725045254,-1.3418485154014688,-0.8745874232770156,1.0808113062372404,-1.0595964864488852,-0.5925967571724607,-0.20139892381799934
-8.452752590752382,-8.733145195588644,-8.871235972406621,-9.174848488093506,-9.313136446622542,-9.934994326665215,-10.41410372026989,-10.887296080619416,-10.489379692957481,-11.315881475964776,-10.88398735222162,-8.97824665784121,-8.555483527224132,-8.132675386487326,-8.35424659225814,-6.355911900490041,-5.725125868720642,-3.306798647419041,-4.76494430658848,-4.298521860972223,-7.9436439944990545,-3.8886666969997927,-4.624378603276567,-1.8416263367471797,-2.296506971406058,0.8193137571117032,-1.3790668486035569,1.068866728136227,-1.0051182559168965,-1.9938524325550304,-1.324030343347328,-0.8858360484979715,-0.12908298125054837,-1.4106215539056508
-8.013959194253879,-8.088965591759022,-8.23034939940526,-8.191536754108673,-8.691460093982808,-8.956350385199462,-8.782104790801812,-9.026031404850432,-8.834522147458209,-10.051285867823308,-9.77746768250882,-9.816165087226988,-8.932579233577751,-7.228800338086324,-5.807538029954073,-7.811787117742357,-3.3082812129346313,-2.657887381390141,-9.698602987909151,-1.0675878112562895,-13.863802622817666,-4.327133882602369,-10.433311998234272,-1.397423337626341,-0.8661589714229596,-0.9963142279618692,-0.7515659827048492,-0.9762688738186655,-3.4019702766613884,-1.4132321369331395,-1.140232550711231,-1.5213987388165842,-1.3719713950801897,-2.194795177192036
-7.366062302115461,-7.1952285500000075,-7.277644011199336,-6.976969593553802,-5.747121278577826,-5.284677944319423,-4.417042637129063,-5.108890137696094,-6.76873910955786,-8.467593434500015,-9.656359173771214,-10.515985910566808,-8.33449570407722,-8.72946305446369,-5.684640231821772,-5.091640610049456,-4.254023143182337,-1.9946290334608026,-4.170270422463711,-6.086769642239689,-11.42029221305586,-7.628265932786735,-0.05924869824943813,-5.425106021945258,-1.3474087130047345,-1.5522562793962849,-1.861115277185439,-1.0354055368726147,-2.5228034181566064,-1.9160883637360822,-2.0582355696570924,-3.8626251743752866,-1.6346388878997486,-1.6496355463775945
-6.404444617471232,-6.147070166307392,-5.477677750302933,-4.844289432334342,-3.2084923950981734,-2.0808329745241205,-2.8824607409297647,-3.4924185650864064,-5.093368030185489,-7.455511836341773,-8.880678740907506,-9.464850763197301,-9.627612816638969,-3.8434480055495333,-1.8391070519637878,-3.0268787778196917,-1.4531681494407633,-2.31423155407761,-7.694106038799558,-11.906791655594859,-2.5115880499956735,-5.4179235692495356,-2.496026703801781,-2.091268278509608,-2.5807244537337537,-1.8103768643032945,-1.7885130638937237,-2.4441577134008963,-1.5195601157672811,-3.0451879996806457,-3.0125053316284705,-0.888885577001486,-1.4531280900399648,-1.6900927891263537
-3.557606811216389,-3.182106453813824,-3.0798389594555973,-2.0997134186790007,-1.1912513202980035,-1.543238577319976,-2.1228927300776186,-2.639724317981067,-3.982313762065347,-5.017313596935182,-6.012583131055537,-5.7587545192444685,-5.299071442260864,-5.410532490116358,-5.443616673479455,-5.044381020939484,-0.608764433168948,-6.230985918773138,-10.953292584247418,-4.265973246031528,-3.7539096182504093,-1.897284499463525,-2.9618912803308994,-2.7623196367386336,-3.5514754457320694,-1.1694386741414045,-2.6197658203208243,-1.3887675192882154,-2.3324915546857703,-3.8293095517192928,-2.2463501686240885,-2.5556426659024636,-1.9177507094028547,-3.9518123918398493
-2.4967173461526935,-1.1831938305901775,0.24968219510747452,0.6934261625838383,0.495779885436219,0.1714980470758862,0.10628257844752939,0.6164574515376092,1.2946222617796137,-1.141839108645575,-3.003193704857653,-1.5201153277709019,-1.255599578916709,-4.240427967842709,-2.065188925491718,-1.3834743600321522,0.6986165156206846,-7.7663772339702435,-4.694200940658141,-4.440989486596356,-4.006646722575559,-3.2079091715773598,-1.9468719206213125,-3.5854133233968306,-2.3503395646534564,-2.4206056394112943,-3.6697401883591367,-3.0062782835662145,-1.8605907146507616,-2.0339679654150715,-3.639358436454256,-1.7417823390165381,-3.7005558833395464,-8.249324776656245
-1.7417284041387264,-0.6019587941114337,0.9596980978345029,1.9797253634041705,2.673108720443621,3.2629553297438667,3.5616309320715427,1.9799840746157726,-1.0838472273704325,0.6856888759254472,-1.7469371461223588,-1.5913581163449093,-1.746498637610293,-5.7928772222722635,-2.109613386005276,-2.52063938557307,-2.03920185289724,-5.334230837326504,-6.675382969846708,-6.83270276986768,-4.912818552797631,-5.143328177168426,-0.3934540326293014,-1.7727266193025308,-3.0638490262885045,-3.5443942626866805,-2.8431225528229427,-2.0448933658897057,-1.7086546793694601,-1.187222587556537,-4.215941909964594,-4.806364084762271,-8.56176715494722,-8.09840447936372
0.3142458955780106,1.029620223980104,2.022286357082311,3.1636617885161855,4.791416936730314,5.7468033473524605,5.219469891413039,0.2168761868039577,-1.7060253940442343,0.7867679999448514,0.46209148321692206,0.7167561258780866,-4.8090319127361365,0.3688470066112571,-1.9414270200016885,-4.857411411727925,-2.02124672124035,-7.565388918759412,-8.38727706875233,-4.822675180970353,-3.626681644849775,-2.9524083333247693,-3.6312442820503246,-1.960154936615004,-2.2703238541726654,-4.193532868717896,-2.497549171560741,-3.901861727448841,-4.335727480402386,-3.546750221502644,-4.097384791152921,-6.854919671402756,-7.244704324871493,-7.485789008771029
2.1517029159840106,2.528532427271788,2.87241665635839,3.380708915226788,4.973249693597464,6.566358872136946,3.1802597299453135,-1.8415599592169012,1.177247003304266,0.24904489195937704,0.7969879101982145,-1.472912880272019,-0.7076168737447004,0.5428708716681654,-0.07743590314145933,-4.321959712866786,0.4707366755200411,-1.823951217914481,-11.347278546128063,-1.1257641295591458,-2.1158939396248693,-3.3813784859809393,-4.373877260108885,-2.098838163567108,-4.528759200445081,-2.2550516167577266,-1.982788122613674,-4.363269401811211,-2.9913109436514773,-4.535883059872152,-7.711940802828365,-7.4409455741558315,-7.381118106354093,-7.155503264228575
1.7464599904685723,2.2999199471017056,1.9872459427027387,2.8748123113843147,3.7890126305028278,-1.4473582183117055,-0.7409094023260989,-2.1697098306010867,-1.0465982150538926,-2.0290898674963347,-0.484154213425296,-0.43640958891781756,-4.118638122344926,-0.017501524305025187,-1.28988131764304,-0.34877657819582736,-2.4318789758941715,-6.678996806319864,-10.840705368232925,-3.0828461205383784,-2.3734364527870127,-4.580107484089041,-0.40629339905580336,-1.7858553383409284,-0.8070925097003858,-3.1585340837626186,-3.38187381594775,-3.274516789645108,-3.285249475079362,-3.775227158210449,-8.98384883338741,-8.560297179617612,-8.02779373500025,-7.763905987870989
1.3276491956349175,2.522223795532728,1.6948564575272425,1.4141208008483426,0.9327088884862554,-0.22198589753044787,0.8401397688883168,0.404607318216879,-1.1168938972800724,0.5908162238742857,-1.7936849252293925,-2.029975991584848,-1.4396322482663648,-2.9783012145284227,0.9964357462832146,-0.9134190437155556,-2.5733518575298295,-0.5900561156733526,-3.0743775500199697,-1.9768008878809296,-4.862238091160864,-1.2681726251493906,-2.9845261505005283,-2.2143524210454295,-2.403722305504325,-3.6460577617240983,-3.844157813213077,-4.303140300127877,-4.883787915455252,-10.30366138220812,-9.702144067200617,-9.604241807978807,-9.108268815758432,-8.665204880617148
0.8709164110702478,1.6812761244385752,2.8569665017718235,-0.5092928511375948,0.0955780018916327,-1.154100152312044,4.453206562620727,-1.2994189086933154,1.3259386850454349,2.214238928449424,1.6060902870971505,2.353985888825536,-0.42194748087288475,0.4796154519100061,-3.082394388326674,0.4073036754807235,-2.1906844686469555,-5.19216008085851,-6.71864748431218,-1.6494359803034182,-0.15070246038952573,-4.786033741740884,-1.4940042839609697,-2.2148314784494323,-2.766797635099135,-2.6890441143690142,-3.326999825911395,-3.370417419261152,-4.613239936744734,-10.219299536163724,-10.867548911438492,-10.209204808879676,-9.787355376765225,-9.256579956363735
0.15507842350401435,0.859090769636783,1.6582002418339339,-2.1899788550471753,-1.4852738464880748,-0.6575970300416287,-0.9932636130756526,1.766873034888409,-1.032442548010053,2.223116624355119,0.09767059715101681,0.11857306850753536,-0.4156169420751163,-0.9077423138419627,0.5745841752623477,-2.6348840623603156,1.1862959406916251,-1.603879521482011,-0.5514636752528942,0.1778965878465297,0.9205203796536716,-2.5001953981966527,-3.2859064543697567,-2.4388807828816335,-2.923782570893851,-3.8221185104459496,-3.3684119283647806,-3.534807560637739,-4.119492700004509,-11.36704277491838,-11.221529046670907,-10.676021643820492,-10.282902556574161,-9.900202847530846
-0.6732028474212551,0.1816794660229755,-0.26636312993343597,-2.278140232025691,-1.8875220188007789,-2.263537410603556,-0.7056663426659541,0.28324470467240165,-0.37989453625668845,1.1510348262929173,1.5788084429533031,2.724628731935913,-1.51227422341171,-0.06804129320763541,1.7182900220772772,-2.171939464404327,0.9801737453027407,0.42976305380462115,-2.075703890244229,-0.9078321482872808,-0.3893919260101815,-2.8505105865480598,-1.1865835781173657,-2.5173922252603447,-1.9972809222097705,-2.532386256033918,-2.9137628325552947,-3.2250876669959387,-4.261150029008879,-11.454194057909605,-11.8747576509802,-11.238362702927821,-11.033705309074724,-10.40411222297981
-0.23606036320538817,0.039027943828529164,0.018237681349714287,0.6948398000314168,-2.4528327558212792,-1.2975363312392094,1.0482447465580618,0.81331727512455,-0.6605857093141835,-0.8307229974553936,3.4635204489890454,3.5218613681205695,0.9083290999562179,1.4041833446017913,0.7919217625878132,1.5054277863070156,-1.5295552996116408,0.04604878023779802,-0.41484542509903444,-0.02334165363295064,-1.5495932655434215,-2.28204959153263,-2.7287565739033295,-2.303793424298025,-2.8438270259740035,-2.292684733076309,-2.5528904594059374,-2.685161972115492,-3.99279452851118,-10.85752765777987,-11.5003311530114,-11.660908839175297,-11.560063283279385,-11.268134661384739
-0.6558819422912927,-0.05183185081194084,-0.06894357229687968,-0.27417343777113146,-1.9763901368343393,-0.4299731227010286,-0.2640836113678609,-1.0316548782831207,5.1683126758605,5.779629966161277,-0.9195158751078394,0.5287538959416465,-0.6611679946213792,1.3073618942926652,1.2495892503176775,0.9241353889234789,2.054833839845011,-0.6350806795635212,-0.7468357438993998,-1.4284525423745216,-1.8481729937411162,-1.2099198482113278,-1.6088785367590095,-1.9677608496895773,-2.3391050153701487,-2.3312276638181313,-2.4409135988880513,-2.36396690729229,-2.4493013681388316,-9.97068407667103,-10.377687025110284,-11.30956230741179,-11.461759212606642,-11.370624932689914
-0.40346502421930447,-0.4523746135106599,-1.718375479213497,-2.0936083419955955,-2.258873295306788,-1.9731997406459967,3.053827580717603,-0.5413507373720522,0.18717499132398854,6.440139376129463,2.189863340559936,0.7717460819442175,1.9053078724557644,-0.16778994182367676,1.5636792026351896,0.5822488032971637,1.3947932239418581,0.5811052208360515,0.715785258430154,-0.02376483724656693,-1.008108757237338,-1.2788417515409378,-1.63695630863799,-1.8409111799722724,-1.3447580781753559,-2.012016968701744,-1.9071018231977555,-1.870693724898901,-1.9032543424787889,-2.0009621363859713,-4.4965558814248885,-9.014198862715423,-10.018244133948125,-8.659029958759616
-0.6201836934715298,-1.282102805829758,-1.3742402014715676,-2.4534207630495715,-1.668731087912988,-2.084916914500307,0.7806951015709226,3.25066419015907,3.557758181412612,3.427056815861043,3.566023565853101,6.41632198536837,-0.03414167886229605,3.5797946349384846,1.0648812679391664,1.6728515057235764,2.3489638262645833,0.06620727211357005,0.008766063836132713,0.39676645058261245,-0.05700998859709134,-0.4226424299640419,-0.652708403409093,-0.9752020334407733,-1.426299779438826,-0.8907378167366244,-1.4174882943635645,-1.0053692213683039,-1.2798968186983468,-1.4336638905906243,-1.7953766450946984,-2.1752145526701967,-6.960224501484637,-3.9410646769283644
-1.4015435119388553,-2.2862036159448187,-2.074388138074923,-3.015697363535795,-3.739069889602968,-2.093656037397619,-1.4805764572180176,1.3879235930894507,1.8126092815711552,1.784646057673178,2.778014124270546,4.447384232086967,1.6980734725069493,-0.5260466511999077,1.2825496382654944,1.6623606930140276,1.5398060573089503,1.4268079509943306,1.4109100262757757,0.6334325703609499,0.5696436057366446,0.18530774777919576,0.12943234164824463,-0.645779005309514,-0.12535827067511404,-0.23063139099819485,-0.2773435306439692,-0.40951206755759767,-0.3890414700849416,-0.9242132394352376,-1.3295628071057908,-1.2798962136406238,-2.748632022177421,-5.774061885156478
0.5632920941850997,-3.1494873035925397,-2.39924525794008,-1.30630831707972,-4.808769827046261,-3.4834025099404182,-1.8517903251573233,-0.2296229582303702,2.9832702676624314,0.4543711382140837,7.079774068662132,5.6307673657389286,0.7240197042604105,2.052069985809651,1.4991610964986686,2.1240409706418517,1.623457093899814,1.733942489946108,2.2399982843290887,0.5304616859454281,1.9184006843321797,0.7613072235798399,1.6111230890210184,0.5620080054654891,-0.4425199206634345,0.31210793803773407,0.24784833663773312,0.025921898789115896,-0.2794776032918526,-0.22434305832041737,-0.21600283864061381,-0.6023142602483321,-0.743367044627544,-1.1735763529528251
0.1824648096850175,0.22434820061765928,-2.9402025761188146,-3.157045465431584,-4.341708620563396,-2.4255743869754336,-1.5734248635492256,0.8204671445123081,3.9578613779427747,4.017028227356348,-0.9874009902104948,1.519930928954083,3.1635844493689644,1.298241341582121,2.0405689714356585,3.674159836136341,1.8408889040410128,2.2096608609177486,2.541789565686467,3.848253761513305,1.8882074563471993,1.5239539183063866,2.4479039324814287,2.3836071397228746,1.3432896562093162,0.6178002031794413,0.679671644584345,0.48791033293061525,0.19690200288173446,-0.2444037894834509,0.16107899866243083,-0.11321938875791077,0.06540650835168751,-0.887015605667613
0.5923527079585402,0.4822573381995023,-0.5606369678736508,-2.6449580837245374,-3.304223195597119,-4.098917960100796,-0.928898683169295,-2.84444918759867,2.2637845608796274,-0.575546427277355,1.450965590019958,-2.0570976957172067,3.5488163392770646,1.5402718928547887,1.7080469089147157,2.6842281026595725,1.3432718105701154,1.963830111507478,2.328119010413905,3.3706400572471833,3.144787013525132,6.470838708846321,7.284627049827554,2.8682711078654246,2.667611776610986,0.851488306796009,0.6494438731396854,0.5709026036658178,0.8946616135262802,0.690905489617138,0.9128164831728646,1.3903798698708816,2.325490638050255,1.0491277838040896
0.020354195718052,0.1653168519574532,0.65440595676305,-3.0676350188794577,-2.997331591929892,-3.3558006450813784,-2.38552666952325,0.03351133971125589,5.265129493854494,1.1217529559530504,2.2696593809848995,-0.4559234519578572,0.9201961403272312,2.2665543253230775,2.4597890580583717,5.927610574981865,4.002363053735723,1.8624568694527224,3.397129291389561,2.721107988290775,8.097492134290286,8.735990463558249,4.240026602591853,3.459313865616928,3.392605561004633,2.252203836172996,1.007717474108204,0.10789496476615093,0.569335716521842,1.1908784829347634,2.4108439584742745,5.2639724388325035,4.9708181686375905,3.6875718709041423
