script/wind10m.json
{"header": {"parameterCategory": 2, "parameterNumber": 3, "lo1": 3.000054539987559, "la1": 64.9999836372058, "dx": 0.5, "dy": 0.25, "nx": 34, "ny": 52, "refTime": "2025-02-28T22:00:00.000Z"}, "data":
[rows 0 to 23 of 52, columns 0 to 33 of 34]
10.158184387174696,9.76926257747128,9.587561679331461,9.294139835218433,8.78229459447325,8.203027876377393,7.101711229001036,6.228392152604025,5.796098610285215,7.843396712473865,7.130309774052137,5.520053698142839,4.272978725626546,2.4917250063809493,1.846970026130691,1.2890305630945247,1.832371103719178,2.853128350011317,1.0198460290349676,2.272932536124454,-0.33789611662575453,0.4583281191665303,-0.4821975235791865,-0.5975577616336674,-0.8926467157118222,-0.3165223068921113,0.37088699124172475,0.11571739475784554,1.4108621646024024,0.9830900902452623,-0.1321420779881521,-0.6655575079602989,0.27200199141679876,-0.03997601371460711
10.143151541963842,10.187405260346946,9.735642371693876,9.624606450590878,8.719008087397047,7.935681845791719,7.309502594546387,5.98889223821772,5.885662491929424,5.9750801588035864,5.21140945295084,3.3956859071177563,3.3486972897595773,1.746886005680659,0.6536145206654786,1.0232758658494492,1.9633839988279058,2.36311686958478,1.9771227147090533,0.17218823100271455,1.3597731778976452,0.722774180736615,-0.31833262697286313,-1.3837467634775347,-0.4786123539360481,-0.007973895694564893,1.1867104266085686,-0.3689082186716378,1.0385177232486025,0.520325769202991,0.32457757704410944,0.2716567898150066,-0.010369373604233893,0.6272398084137897
10.629627092727443,10.10028775364198,10.2955219940989,9.714292376093603,8.915040313136874,8.392314903316972,7.054059618884619,6.445766141703245,5.362985491031911,5.340565729158306,4.6393025319806425,4.769168976630083,5.813084371598046,3.111267119365527,1.0443832955710193,-0.27098258824678156,0.6299107744589355,1.8736818146034677,-0.8526400161718057,0.522024669945791,1.1921573385062583,-0.2207155301428616,-0.17930764021350012,-1.85156022162538,-1.1589675958949863,0.745054386621556,-0.2604735296340638,-0.30258566528683034,0.43494981618743533,0.10046752584096194,0.14440513523442433,0.4646225534547527,0.1028945989179677,1.0526441638648063
10.78134797762959,10.211432228799492,10.048864119823454,9.753902595698255,9.183060382825005,8.559424158268156,7.4996101800024055,6.578605709698604,6.413634328970651,5.0032968013119925,4.413510916691893,4.571391778318093,3.5142374981836833,3.819210924260836,3.5105534717670417,1.525237938896944,-0.13915883701414306,1.4728291905328974,0.6486149143866738,1.259555305193593,0.8436612898474363,-0.663371979772172,-1.187265460174887,0.5997337672984443,0.31647577545809313,-0.3418191325394903,0.16898197207672577,1.6188630664022952,0.37861608618250725,0.8359579553408302,0.18204402255171725,-0.4017871710406375,0.07146255080065608,0.7399758003532884
10.764323110862879,10.232297828811959,10.203994912157777,9.911904327322183,9.25066941495478,8.799908094717443,7.561033534570758,6.650194361566312,5.9626191846799905,5.795636754575503,4.679473794641734,3.6082657146387214,4.117649377078137,4.493966523107499,2.9160621273833023,1.560823902098176,0.5553586440315074,2.231612177455448,0.9116572110298427,0.4354532402701098,-0.6783047191084329,-2.6576104309354966,-0.6766220625248955,-0.5288874584144425,-1.075211946424681,1.2722242964296624,1.1513067591829027,-0.07965905099669669,-0.11502998046379281,0.3319833804310945,-1.0286185428945855,-0.5165053703422993,0.38167221429174,-0.003590582536482655
10.807011722570726,10.305131166789458,10.159039962263435,9.85574018164898,8.907988202015257,8.786910389396256,9.269335005037659,7.354249547587084,7.542037161551371,8.055549607238634,5.508226515930381,5.923443268931806,4.477410363926412,4.17568508463564,2.2682889183202186,1.3632007033236135,1.6083698011268486,3.1249463267794044,0.2598583824820812,-0.6161042191501656,0.9559264672619063,0.16336897535647943,0.8218266052233673,0.8903165663443785,0.9825533322366722,0.506771533738293,1.092269731524531,0.29255818607962075,0.8234558221668826,-0.6370132820818698,0.8213472627403351,0.053389689110408714,0.6975524084376389,0.8518024419895734
10.692757574974479,10.781450301164295,10.54924223392406,9.799729674753713,9.668519553472338,9.87513772441608,9.681589538124337,8.986158216460774,8.616429771414744,8.064282418192455,6.142297518191898,3.3654305791578305,3.5496918709927368,1.8784892224865357,0.7634686427764019,5.608972437312826,1.1623745820888995,2.3390937174214455,0.6897476590440772,0.2019369461218081,0.4089587116911517,0.7914945295757516,-1.1706491863375084,1.1892275031304687,0.7691638315272067,1.4652102428163793,1.712876297725646,-0.17111054637153927,1.0040615691813457,-0.36459223692377707,0.23950481362193554,0.9082901275411551,-0.29618121569368716,1.7781331794813338
11.185034915746312,10.878280091180306,10.502668209832455,10.365554996628198,10.332986804515908,10.71380550766788,10.093965172239729,9.62749229041474,9.255103330051412,7.954563812492821,7.016773282982536,1.8769703388291699,1.877734629132896,1.403196665847034,1.8497398068066162,2.5190920702861206,0.8224828100484608,1.3147659670997365,-0.32019955091127167,0.21761514786888284,-0.45857731705202737,0.5654649782833275,0.4688430157088936,1.340648311098519,0.9380880793177166,-0.5406020422526395,-0.06702282141395041,0.2172180306008422,-0.08304645812960754,-0.4961385850076109,0.363782048147691,0.8671928580375179,0.7810521621017247,2.9835689371493603
11.521580735357947,11.134185816263846,11.279235214299261,11.226974411448117,11.132567337482971,11.152588061772967,10.828653711555104,8.97697747751858,7.687298019373177,2.452901665587959,2.50464203782956,0.39835053125843767,1.9072834905092118,-0.17781716108713386,2.935000610183956,0.2805405878253103,1.6732516749494664,3.042111717241241,0.915545530770603,0.08137841056368676,0.9025595515617825,1.355456001237873,0.9921724281989964,1.2313507255359457,0.8086829142683161,-1.104944539849677,-0.7721070545129897,0.3491965641785864,-0.5296590631878844,-0.4428864524315866,-0.6458105118220046,-0.21571411031417992,3.1354430419715076,2.5377327016485087
11.56389029772716,11.691991675168568,11.374651024936975,11.228853396889072,11.600889364048228,11.594104613630902,9.629084686832078,5.52449595479639,2.9020379584020493,0.7108386896895801,0.5468423977709261,1.9147944299595248,-0.509069247168683,1.7315760806075806,1.9530511367055554,2.954186521140434,1.3252894221848257,1.0119159742151382,1.1683333902115676,-0.3798003655337625,1.7136039298946601,0.9491361178713077,-1.3266056567251188,1.1547305906298537,-0.08418603351233983,-0.25750780171535426,0.5498631063719078,-1.659484788570147,-0.8332494073342637,-1.7054082678644773,0.17377261246656278,2.733322193440854,2.8976064340859433,2.5207914790066184
11.806550444385445,11.349874027095208,11.228690846678687,11.590950814093976,12.421678616992178,9.679912390255547,4.867194898699275,0.5923412781822076,4.593664211026376,2.522556057194032,4.724624346237012,1.6021857513708346,1.7516818291756808,-0.9623326037997236,-0.8008071886112388,-2.19054019954915,0.16294101420694376,-0.43952426813363193,-2.3139831792324435,-0.3814456064505875,0.317935514933185,-0.0561121265156515,0.5692589383618606,-0.3846543901770351,-0.46567294231948564,0.38703519233564176,-0.8450069303521425,-1.1773712107743655,-0.35784525622360996,-1.5202291356609536,1.778805584553008,3.0070747989636715,4.074184532253667,4.086543072623514
11.584093288272626,11.466712162674147,11.194029799514569,11.429665858416266,12.646153252455962,5.501661453203795,6.030252269249723,2.0883399110767185,3.99995614914885,6.3570347112545535,1.6674535678045943,-0.17115021800483596,1.1431525569852308,3.917157850947696,-2.0552094544342863,0.3382566271842396,-1.4043965760472015,-3.292595770006671,-0.8000583331955267,-2.362706788480052,-0.7411250725096101,-1.3001960619679391,0.11853571289008154,-0.21191029932380387,0.4168711553563291,-1.141083540380358,-0.29663468265438797,-1.1672360706583003,-0.5186726236901247,0.2249074989921053,2.0642589484009832,3.5344309304646395,2.7706436708632953,3.0180544619210896
11.470267594930682,11.212637064776876,10.95082371879725,11.532740955410038,7.221445509251263,3.9619154615993635,2.707653397763515,-0.8155010705380621,4.6064354246436725,1.7574092711234275,-2.061906820917962,2.0040075142958202,-0.37279645118835325,2.6962377538694655,-2.7837290807207604,2.1811959242006442,0.15442027875282963,1.5276430341194305,-0.7239403739323783,-0.20973327140004205,1.0468516767282916,0.04426144109912412,-0.3787901261794573,0.4291302115630754,-0.11147895845572464,-1.1797481585851104,0.031475270863654405,-1.9792749485254897,-0.41887949840026467,1.0550488100981337,1.9657990619301178,2.9477876903562814,3.864573713210673,4.190457569453712
11.241619506095136,11.0924024053225,10.714065426817976,10.816802133228608,6.829276633669264,12.480556196402896,8.671183178620725,2.7024430614795594,7.151431478360464,5.630122592635573,6.509388074576455,3.141371720122477,0.6570890948160129,-0.42274468428025525,0.8088723244911841,0.3812766111990764,1.1228883077899907,0.1307317214951346,-0.14127940011084358,0.5854813602599218,0.26568668396292194,1.761020875089302,0.10536806825947309,0.5762241147667585,-1.163678491567714,-0.33901679589471395,0.22007709063495898,1.713016606215243,0.30340711706586637,0.5798243669629383,2.54934024514197,4.208863586295732,4.938095970799294,4.777188444902793
10.818468743160103,10.826698848473772,10.090493243088794,10.862701257900541,7.460751960852509,2.8684597807749648,0.54316433270206,6.816071222281372,-1.3993973750248982,2.524589391599843,0.5745587366507643,-1.3211819347641391,-0.42869955617770406,2.3408290466385315,0.6100256092512931,0.048440207544471835,0.028998448019122856,0.748132586834774,1.5107654143404838,-0.39402189420896666,-0.7913302464561716,-0.4304727621642216,-1.586549766908301,-0.7068225830581819,-0.5859658053002851,-0.7785050487839915,-1.047969165872889,1.3405575856841863,-0.5894130666517247,2.8415709898754247,3.1496663475128157,4.913836092284119,5.481520199558282,4.826771164414045
10.591948926345056,10.040448223240377,9.755369467855907,10.438237516883175,4.5752687918189485,2.0034093337107644,2.33882744823411,0.6255687277703638,-0.1850892920618038,0.09451083774607949,-0.09010738919314361,-0.9072065555677215,-0.7742060018744471,0.8651199296846435,-0.7666771448023638,0.7208766718273772,-0.8757757992745172,-0.8426119393095302,-0.5435551058365112,-0.21956171232808855,0.8355053866734046,-0.9305452197150009,-0.465930224200185,-0.1592027513467637,1.4544821762607845,-0.1268842347314532,1.237523907473268,-0.6053595247393138,0.03546963936164874,2.6893374333540465,3.292055007379132,4.82267705798959,4.851607003269704,4.5987171061768315
9.850041938559812,9.33038118970412,9.643062481569869,9.355093739200123,4.489786672194925,4.239285744114322,5.861489323701864,4.794509176144757,2.5843885409531473,3.508069117411024,0.6608176015445449,1.1348013825458168,0.9874942049187646,-1.6994969972632894,0.10160293622070136,-0.008858080824476207,-0.18160483266870106,-0.30542308867577106,-0.7062368804508369,0.07467623280331759,0.0018906582117988223,0.1817696492813658,0.008960311229168022,0.6523968107749983,0.10478886392628327,0.13098688174932654,0.2848959772697906,0.39059577380387045,0.9691201894510051,2.559519306363395,2.964524141065,4.34924990189523,4.55638511357117,4.69493046270836
9.118144000591064,8.898550688986099,8.70984442654664,8.858946402403292,2.982588650154498,2.8590171885133744,4.0552246207761575,2.650142318946382,4.7394217865799675,1.8868116392655883,-2.2748135082194625,-4.11372691419267,1.653467469915576,1.7172495533580117,0.9988074668973502,0.6255586013189345,0.38371220843006576,1.6132924451279722,-0.12996151898312988,-0.8319658994705328,-0.6837659236024972,-0.06898080467569732,1.0308799565413744,0.20898338153584078,0.05626197932647146,-2.045502053415762,-0.12118415405063168,-0.7626816075164867,0.9157436986991927,3.1007109874773704,2.8652950346308583,3.3091242640482856,3.960412428660336,5.635082917850219
8.942554315056007,8.385796890656135,8.023824309747415,7.819313073885059,3.6580152520987124,1.971892024733758,4.126065643241061,1.7010104331278701,-1.6846132661935787,-2.8928302033012745,2.0295219929435935,-0.8740953790104088,1.6066853033135466,1.2177519245076212,0.024478141957784465,-0.331376483761389,-1.9944867321877071,0.0634777568112104,-0.038137583200501306,-0.373228190210091,-0.696170802816586,0.25672426196389203,1.09462531599621,-0.18288967551151836,1.3550718471296517,-0.7754300247066712,-1.7126857278502299,0.7425374915100288,0.6497996076393536,0.9707621522094667,1.8808811038952236,2.7927495920677585,3.6056990470883803,4.666755210973181
8.653119448107498,7.912142134796868,7.860841727892176,7.674535586340457,2.6109779599722365,1.1897915818138138,-1.113759533798394,2.3347665119273273,4.318891362398004,1.7706980803232426,3.0664563357445376,-0.8225999953663651,-2.7422945914698404,-3.871566222669593,-1.2966071303877023,1.3442267494719238,0.7328633860345002,-0.5988459332868664,1.5391600653475013,0.08657949396823779,0.4079003093182322,-0.32846813608591685,0.37335001767122256,1.069970271215302,0.4395279964424248,0.643129497009789,0.7666801976622611,-0.7114659266628449,1.2472439940389553,1.269651366321087,1.2432221368573746,1.4184571964309365,2.956147302371051,1.6226270827612228
8.402630975381605,7.446599031239517,8.096781286938214,7.219622364373774,5.693711504047094,1.1150687190256723,2.1650553313980856,2.330837568632961,4.2024355052059,0.25798705954473844,1.4676974663604418,-1.0296938275597634,-0.7005847302173882,0.4184840930074747,1.2349188533632802,-0.15414919766795476,0.9124126266570722,1.4645909124559848,-0.4146155052632642,-0.3039027366146298,-0.4000132272161569,0.944565794861705,-0.9734804176279216,-0.10933443043498625,1.9887688623771014,1.1309897912224984,0.7161340589303963,0.6057162347988498,1.3234458873417199,2.0236166041498,1.6760941159428255,1.3016387437068795,3.1420926441821906,2.77116995664969
8.328751520217752,7.46328520901618,7.590510106110359,7.101188237827515,5.316810519333318,2.386484015298273,-0.523348038662025,-0.44458282219921286,-1.4942273738660006,-0.795585276935398,-2.7108206196552698,-2.3755024708318246,-2.168543966380464,-0.9483099290012477,-0.5113655040318068,2.4267162321718185,0.4586931105326201,1.8725228369108775,0.7198876679050865,-0.8778227217672643,-0.7528446106154436,0.10017851767095026,-0.24356221777476966,0.21940541675495498,-0.20225019850064213,0.3333598617910171,0.4283057495732578,0.8290744188332725,1.4810810376438688,1.371649692741688,1.0299514823108746,0.9289792272345966,1.3234027243912323,2.8280188348837307
8.135014776722752,7.1278214429425955,6.737963755006869,6.634641907112929,4.205381752939182,2.1733804722848133,1.2396351737107552,-0.9031075001322547,0.921239998080264,-3.119726040291795,-0.7316536896908626,-3.599187239194042,-0.13031469982550234,1.3566417614301256,-1.7067014948246095,2.7631130239593036,0.7349174143111926,0.9249108149638878,0.9333162042185628,0.7615501826435649,0.1491822139477495,1.332696666196251,1.1262016247506677,0.10160965108300565,0.7927678397712802,0.5221425729794626,0.6453713354195288,1.0223116279800206,1.2200653164208748,1.0022236411797798,1.146667589119627,1.1738600823679983,2.030583950230703,3.891396693914522
7.614421078766862,6.3094053503223115,5.440851611699905,4.81384490149447,4.853850831076045,0.8400683479071528,-0.34963539174499836,-0.01287913942950061,-4.800314823739414,-2.378604399542797,-0.5382660827434785,0.3380115441557068,1.3733065976141106,-0.8068956985010163,-1.6780444917846227,2.4181701621862235,1.758229314532892,0.6342216066448115,-0.2683573837304294,-0.6505778778783691,0.9871802131023133,0.5793574691460885,0.803820180701465,0.2656657821281422,1.966989862833062,0.9818652934092496,1.0424366744028069,0.38561642661418855,0.8121289986388219,1.9701328216327465,1.013967533908562,0.11379490801846447,2.6158683748669485,2.0148519271344223
