script/wind250m.json
{"header": {"parameterCategory": 2, "parameterNumber": 3, "lo1": 6.000198445256149, "la1": 58.999992894266676, "dx": 0.5, "dy": 0.25, "nx": 22, "ny": 24, "refTime": "2024-05-05T14:00:00.000Z"}, "data":
[rows 0 to 23 of 24, columns 0 to 21 of 22]
6.294877953453322,-7.715576001175612,3.0444861101943435,6.32073625372187,-6.558298408995137,-3.3324415585244354,4.28049986484355,3.1207876961102037,9.827170927251712,6.014687628307119,-0.7541831192442172,6.34791251073907,8.386131249970989,-1.639152132840738,-1.1515173540864427,1.5205028480176837,-4.81290701391536,7.106541702962398,-1.1520808982085884,5.617891218703166,-9.034911106637262,0.0255677762674564
2.3578231855624154,6.343396349636425,5.160270740809158,-0.1855243089035131,-2.8263788009845143,5.974624023612367,-5.811359793210285,5.127903117633401,-10.755042241932774,3.6317816250348467,6.279792667947894,-2.408107967641418,5.094624435568645,3.7695406093944506,-1.38168774438909,7.141641534907317,7.758327708658654,0.018819021481964116,-4.734912609675707,7.718744512538691,-5.1384965895373504,1.3619033837434424
-7.823738280125916,3.4083999523796877,3.9403746913753093,-3.137802736387629,5.631477805179908,-3.6019699297308567,-2.2643505689264516,0.020635279807033554,-12.301896897485426,-5.298664718358648,-9.079354507324306,6.837595434335001,1.5336211236009714,1.729374218074895,7.672748251477276,0.9888519867718171,-4.314409556044547,4.90831129313614,7.367686914184087,5.360471456311075,-1.798370120647471,-2.9570841134358328
-7.911435876239536,4.868165107141139,1.6627285416735496,6.979949589861003,-8.773241235227912,7.626925416419468,3.1073572747252443,-4.720709623726076,-6.092759063122011,-4.841805933571668,-1.8543673468791273,-0.33396080511564147,0.5509098304567255,4.506904218695703,1.657713461260714,-7.513331084766532,4.156270699054797,8.037846856241071,-7.65188427735338,8.032226165562045,3.156652888917426,2.215135544754343
-1.6131111078971514,-3.941651610046344,1.2788890713058834,7.696274526017117,-1.6438080997639113,4.09944511159805,-7.2733336338694885,2.8689885802816635,-2.7587870466705557,6.533291265470756,-2.785898557008777,7.350936968998218,1.1933898191749257,0.4309540411559804,0.10229405596564288,-5.808625477674644,-7.253172087518704,7.773178140045902,-7.297275637192282,-3.3715357809423767,-3.214651835110513,3.698499777524902
-3.2704616554882278,-5.529372993446764,0.10110379072598578,-4.605858478006192,6.9088508961293655,6.414048415316384,8.409290800181978,2.3969741843757473,4.593297196988684,-1.4804916617267578,9.387177203895531,5.109405941812066,6.117597326517221,-0.22009486128699032,1.07085592529782,-0.9982821534548388,-2.26696956281685,6.26924761125688,-5.732451366514593,3.849583648214983,-2.3041528363919497,0.19711445441293582
5.746735347196493,5.747768684899423,9.424183830549735,7.418119947497321,7.011703033246809,4.500272022635685,5.691180090581683,6.253589333641502,3.4987142498682204,5.18583946502982,3.1730447877072736,2.50692004491983,7.316759844087668,-3.138188563045717,4.237196481060823,7.240283189703011,6.144724684017058,7.484500175393169,-2.2900911353323603,4.2245595711419615,-1.3487890149919637,8.502863882184629
-2.1770948858060084,0.021499003115126984,3.620706717626098,7.322157158529832,-2.866327030069461,-6.480604333983309,-0.568370116172145,5.99735862640472,4.388819811741992,1.562055553710153,7.122874193505024,0.4172281361528505,-0.4912653211476121,3.4162338634709695,-4.348667133031943,5.758122931656848,5.384071832561804,7.635216462962359,0.35545340453648705,1.8920797414413684,1.7038880732667,-7.608626366200818
7.363067294867202,-6.439738524828584,4.24049311127595,-2.2580083689249406,0.14335843551926394,4.962726395912635,-0.4858223981011566,4.95904686419953,2.7219963576878254,-5.27283634320458,-5.628345765468249,-0.8937263885273405,-5.953770092537375,-13.24399111803239,-1.0735060926320954,8.770939208673811,4.801956422630681,-6.205921795626954,8.553777347844115,9.295579244528138,6.721060467860248,-5.535501658314127
-1.1807490649773011,6.009183377674427,-0.7250774129624104,5.896575547206522,2.8129764469558016,-2.136050227977262,3.676175630858879,2.0962209887033474,-2.436722266929534,-3.282884550500576,3.678114472328656,9.24270244439058,-2.830774454373938,5.774423722369778,5.488670744416345,-4.7315569035241705,-7.393887113890419,8.399878956769959,-2.5563915773669574,4.076001033883483,-1.2917455924864616,-3.004351975806828
-1.8227298126756786,0.5242148117886024,5.433275839380949,4.25897729546182,-1.499675556646868,-4.152427701260328,-0.9469476688871641,2.3608078907465564,5.655954114703518,1.709234245691661,7.886635005184982,3.3880218909777424,3.1431034129016586,6.368117998240256,7.669836911179192,1.1085847148995627,7.278076187419993,-0.48151562892077404,5.534817952044495,8.473725930234295,5.315721497450807,-7.349490378952987
4.8523443252036715,5.5229445832698,5.849913410487149,-1.774454959923263,1.611472158700975,7.226904805196706,5.855625934251453,-2.240936368736385,7.4267151902629776,-2.7824273326190103,5.1229140723513975,-1.198502014485612,2.7361189931454386,5.396794651414494,-6.707608159023174,-1.9324280794108162,5.6944936486641,-0.10264046931750392,4.0346120161827494,-2.821949928216777,5.075898629961452,3.391106966954694
1.5516805318523292,-4.020475987678866,0.876624170489158,6.239451493809084,2.223973219962027,5.061440678949404,7.1609114618633605,3.419785785560163,-8.657470083508485,9.262823957782999,1.5691913254599297,-8.63030462349587,6.397041987520063,-0.7264442217018869,-10.435326444619909,7.446451623417585,8.838888630775388,5.919200237582814,-3.535610128665936,-5.487489979394941,-3.8203042063047525,-1.6574844364781753
-13.709991608241552,4.636004285598705,4.820559435505165,6.109149553012703,-6.002648705832645,2.0374994489708116,5.996047633032145,6.856392137492785,1.241608342963353,6.873707695315497,-3.2656036982365655,2.181376396495869,4.111500562094741,6.633898002464549,3.129448412866222,2.010641508611985,6.823530153493588,1.8654578360731302,6.043663973294851,-8.712994234636678,6.794125531853364,-1.9887389500875712
-2.0702980007646934,-0.33913340268720177,6.715325319049648,0.9132960654167652,0.6146519474767157,3.9226700281952422,7.785922146181344,5.9187765674185995,-5.036689574922209,-0.11603107191968888,5.446309990533431,5.967531002485161,1.076083144864215,-3.9733948147017744,3.3927076538303105,0.16211706156482814,-4.519452767966657,-1.2211027667947356,-1.1127908802313966,4.861572090426636,5.192000854200519,0.029310753426323718
5.83049863703493,7.822667204840847,3.2772000622691317,3.4589768067038382,-8.483856487176125,-0.44752484575922213,0.7854363047514229,7.17108682998496,1.4952774643692983,2.846304062585052,5.0007168885189675,-6.1381894287755046,4.407412157984596,-2.522636780622436,3.9466682050179034,0.004964742538890432,3.647887171687372,6.671546826555258,-1.4217021722441423,-4.451572503895102,-4.160340920577911,3.0531202324383973
3.607009999664862,-7.065848984079271,4.714763917099457,5.559145323376305,0.742786253106237,6.523207197076429,-6.094068119421875,-6.014660402037572,1.117600817328598,0.23159209298783615,-1.8836389497532942,5.6991413706615415,-3.2124285762819236,1.1640575222635536,-2.7378849951278266,1.241115910265312,0.3790258970437221,7.4337060581616985,2.5493976481732172,4.943528407713523,0.16598099953397374,2.7603353767469976
7.392686790047342,-1.576437120192443,6.363920486523993,-4.312422372203727,5.020801989240084,-1.507565885916544,-0.6725360564105356,6.4744530945727155,5.869001964621172,9.781964038418804,4.491678198233691,4.599579954389881,-0.9399497969172689,2.0509252134506895,2.412879367321994,-4.83217877888808,7.888777432279168,4.205762162627481,-0.36118757575557536,-12.077441670962562,4.515561236988272,6.468753139212916
-2.1603355755540385,-13.621907773465496,0.35622616161270204,-7.7924455640320245,-7.468911310667623,1.6883823281851436,6.0564843887870365,1.1511198316203186,-9.716653521287165,4.553504632711614,-3.2223617063973493,6.169618325363781,2.34136414943639,6.384962363599172,0.4786740571106132,-6.647088803624535,6.141017520800497,3.565886705358604,4.900586364657296,3.306664486262887,2.4754899804508814,5.571359373115014
-5.6772499433158155,-6.467403297281131,-2.3517969958611777,4.232440794194964,6.3164466983968754,-13.544858129802801,4.430811272535427,-5.127095169563178,-0.41850227697838566,0.6368484219855917,-3.812874043904945,3.098758828258291,-0.09596363541822042,-2.6022411790289666,0.3210558343092819,-8.01454448339979,-2.5303905775335394,5.556366008858175,1.942636586741042,4.657845405756127,-6.281571794528485,9.420148546167068
3.123625853705717,-1.6927824781055572,6.931311427742266,-0.039727977214889666,-2.9339256339662816,-7.75863772350905,-4.830196130717332,5.2526085917865295,8.417038214907532,-9.407323556883831,-2.775164635403821,-4.652031478565365,-8.816371352498214,3.89861571131106,6.2746575210543405,5.818788977249945,6.200434728698133,1.037882265617318,-7.056006714453431,-4.2012073846306865,-2.1235584410212645,1.0726406085891464
-6.2530221820707785,-4.378527391020515,-2.8279307756613226,-0.7046518758841183,-1.878258841242389,-2.4757358711886814,3.3018057499326434,-0.8903668007025636,4.360510411786773,3.7084615396115357,6.167316607687744,-1.9408774790899874,2.8991114023620543,-4.736829705787176,1.1652505374998299,5.092066683757984,6.1789078608492405,5.621184451957208,4.350465675983184,8.437153472527235,2.4643691043038696,-1.6435465827867208
-4.385829659813049,-1.144996098014616,-1.8835280509721624,-0.13937606487996337,8.710020082060625,-10.203462002829296,-0.43363852847628825,0.09837388628021666,-1.205399161123275,-12.883904343294777,-3.326055802304986,6.1399564361254235,6.231485283687229,-1.720075074346733,-4.386761807663704,-8.484590941826456,7.819975968259213,5.31129643232203,-1.8362695004348704,9.768072412217625,3.883176849829606,3.4305028206727957
-7.3325923667848025,-6.5238020355472655,-0.2125708280405045,3.823777520811201,-4.119428802964482,-8.886440911545053,7.715122235470135,-1.9910378755830387,-2.535381122041914,1.6068727674796683,-1.3357357445991214,-1.288203816638613,4.15102416993206,5.693411662940513,-4.491115323542564,5.352130831486991,-1.0762685700425532,5.158559995914862,2.8746949381784175,-0.2749926331936973,1.353258322504142,6.443898107225377
