script/wind10m.json
{"header": {"parameterCategory": 2, "parameterNumber": 2, "lo1": 3.000054539987559, "la1": 64.9999836372058, "dx": 0.5, "dy": 0.25, "nx": 34, "ny": 52, "refTime": "2024-11-15T00:00:00.000Z"}, "data":
[rows 0 to 24 of 52, columns 0 to 33 of 34]
12.337751662858649,12.093018933677591,12.780821814178953,13.595781703306953,13.980303225148631,13.870459163946478,14.085444990312356,14.010314909378941,14.018734715709938,14.002730438482889,14.582216673424204,15.113121674378869,14.31254065683629,14.191560058201407,13.918996803586747,13.536533359975461,12.086853480790744,9.039289799997261,3.655926178607791,7.095136313176166,9.79189188243326,9.64811509200518,6.749299608134466,15.722377663315172,7.546856485952005,5.445546151418432,-0.4208931309650326,0.9939821764983643,2.2213351396251086,1.4519172853213065,0.8621924791699224,1.0599649414400558,0.6080375605850495,1.9436867162994547
10.928982110979089,11.428180727665886,12.71732414165531,13.598441061617526,14.229101513364832,14.171469564084461,14.214871739609727,14.291020269202766,14.212848177790805,14.6044336041586,14.61775287280837,14.94878018207119,14.593370858151378,14.329319137053405,14.561274058411621,14.998722706394325,14.182179930441796,11.596605856373317,6.6585615897047745,12.501782847649254,3.7205407638169916,7.852256701836715,7.275945097658429,12.966223166593439,8.058690525401792,0.9958320648015428,1.4260282212390487,1.2842191726237016,1.8906790796818709,3.1260534472597383,1.9792258738840354,1.454057926833015,1.2507574419259453,1.42804013035792
11.477269854014796,11.375752546238788,13.091420108390222,13.746007717253239,14.233920379859859,14.518927201270499,14.558650265961417,14.512146161363333,14.634803904946757,14.846023849236442,15.090571229205059,15.11274951819449,14.947322692576403,14.557527543944664,15.144460701476573,14.863275828963888,8.90899972952684,5.230493568747921,6.805521593418242,6.7250732828323585,11.394273808353192,8.183070077753895,5.082647935433857,11.67509641077411,2.9030450835403725,-0.0377886811231325,0.3068982046130856,2.3372801742133826,2.9117187046062876,2.2027694192488774,2.083931630785222,1.8865299377434595,2.1697647273286216,1.7480081128255225
12.920128478935151,12.307513564670723,12.45287467874872,13.729969723089472,14.102834582140682,14.112121146999872,14.52355415597202,14.751896499803062,14.94126392344755,14.723078166003827,15.051630315012938,15.541391576663608,15.46711033686665,14.935032706797385,14.470019114726078,10.909572609155914,9.322849453977128,8.028438185675872,8.655946665709479,4.119100348529311,10.267921236587297,12.15344926841495,10.407558676863292,4.523835361084563,-0.702121448781014,0.36143558868032927,1.8877942656198745,1.3329734524640307,2.08195872158553,1.1323876476109853,1.0248551957455747,2.4631745387010238,1.5992860771259703,1.7895775407696515
12.554087937405377,12.135937205042842,12.12283006149614,13.114398743646758,14.039811701758575,14.452609176139756,15.182757925688666,14.969231783835394,14.861362313149753,14.82308328688405,14.884218499886538,15.445571301918427,16.084063971426488,15.416200864548516,9.679270740812292,9.629537324498397,9.98156383927126,9.166162816146358,9.479459410249305,15.333124476696366,9.895678887149955,17.821708255414208,6.042957341388404,4.042840290007628,1.539020724822132,0.642330486187667,1.1509770257276533,1.0358338239620317,1.8554649687667453,2.341872141624349,0.8672651192745424,1.6919616155282493,2.859707965235715,2.6100898841187155
12.560877542486374,11.866562545594473,13.017737766171496,13.650617189059567,14.051797178068124,14.842060046182603,15.786781938962507,15.998850548171275,15.399450917954605,14.779210739513832,15.148017773250269,15.781411787763389,14.897259982433214,16.134561910979503,8.871864841746017,9.419873849025892,7.256297555935896,7.633613398398855,12.080537457554241,10.347115209454754,4.699585762663779,8.941215670290587,4.349428859084575,1.548634466395955,1.4077105235725427,1.212871761123369,0.9243152789938316,1.6242410214421765,0.8111641709899992,1.50609764538481,1.4178949830811307,0.2038727774418381,0.785659396427598,2.0331555100496708
11.275631690140996,12.054679477946264,12.518413352025496,13.449083437936435,13.925082627538153,14.780028139327204,15.955755824995927,16.02020686003515,15.914609140678118,15.392393932593924,14.295080690220649,12.093762658602893,14.39133737607654,10.057786716992457,8.948637166804474,12.637060591151055,5.892558293801914,8.521074707556975,13.526491561506203,12.41214404844421,4.572023536217341,5.330133768407777,3.4108531139488885,1.116742768791499,2.1543397399233792,1.7031539803850604,2.4942943270593014,0.48532775718186644,1.4623354518790654,2.017989719342302,1.1587852348444028,1.8439439088584495,1.8093596240776468,5.1455620090774685
11.489373414475542,12.04546797981122,12.175220505855238,12.656950822235624,13.493718933683637,14.40705714273335,15.425487641359817,15.899301521457499,16.23101008808623,16.04571977149521,16.01165490172915,4.276490003698133,5.18067538772806,15.770996858701666,8.656875296241946,6.235438770151664,8.191935913835554,12.794888784724263,13.407402507282056,9.745945640318059,9.979429128220996,5.037451400357316,2.1293126563934752,3.56486106158418,0.717617197010851,0.7379786971812886,1.9522053202190164,2.7927796059402468,1.714659816626476,0.8534562834998883,2.042463148563368,0.25623583535724925,2.4692223586904185,10.080172919723928
11.614418794616956,11.78246117409312,12.043238458017681,12.718813325982602,12.720749813195175,14.228917086116061,13.97881606969565,14.293863424570235,13.49677167519119,6.148879051853324,6.204443885934247,3.7814053450282183,7.32030943132297,9.719597826903975,11.2761059629002,6.498790234436648,13.241401225489174,10.183270518870994,8.146373077855348,7.354162163909582,12.147858160312856,5.643858313522905,3.119020355768611,0.5554576499601822,1.6034011845673735,2.3525294595593116,2.201777706156599,1.2072228971218397,2.302419322974961,2.836400917005313,0.6074535997147157,3.011150587037627,9.742247051001666,11.360762387144568
10.927109964026592,11.2424205260004,11.613955717346133,11.861544409680922,12.211403488672952,12.107002099979162,12.723282413639813,9.771980584108807,3.6444202765792357,4.736488571798701,3.82257284705209,0.9774143209637202,8.677005390124753,12.840006109719805,5.464738138957341,14.050204491810149,10.446468644746574,7.543458372378429,7.468237866741551,6.259105693472635,6.761649765634012,5.068647541345119,3.2310309584209325,2.6230723447934072,1.0993899997698804,2.661391714307336,2.723063935043002,2.567058106830286,2.339882205309371,1.3686733898182533,2.234319133927,9.249462148988805,10.680143619549206,11.519324003045053
9.904888212481403,9.456299258197017,9.439887916915477,10.458199615924302,11.348268978083844,12.38869839535357,8.51211971098725,5.652452654398166,5.832740458196516,-0.640141818043388,10.55405956897103,0.08556225162714241,5.914848497024985,16.518230689950276,14.203841543877152,8.753767711285686,3.0941034294835696,4.504822930730173,8.1036593179135,1.8496105986806264,1.1174354695312165,1.7590757519878382,6.557080763175685,1.583190461073153,1.923214262557866,2.085883996495108,1.2867711027312454,2.8340675910570963,2.9699190609121007,1.942705553797133,7.865947523769874,10.661765603314958,11.20192534100957,11.650117369524686
10.332032522553208,9.71410358257934,10.8557824963823,9.965040789556621,11.12724393227428,3.8115886846184974,3.2029529861106165,-2.2112787746399096,-0.6785419346361299,4.828993947116959,6.057741314007431,13.329668320317307,12.975495406124459,15.078845372224762,7.490601124035857,2.9492028664765573,4.511518024713936,6.63063893135786,-0.05304281271719935,3.650767225127885,2.6907459385720682,3.527020578656673,-1.1525448037712642,2.763251240649014,1.0355486154491762,1.3363787646603287,2.730261393022275,2.723904527292428,2.8255741198043225,2.882827088464433,8.37727474331893,10.965331680909815,11.412934520311842,11.507108370804795
9.751938178641641,9.060867255171658,9.1564938133328,8.291739214787013,5.523487697437542,2.1895078684146854,1.4705563883993542,2.6077033641512015,1.8814678318005862,9.039102821006383,14.346308311077866,13.661754843626088,12.163157594393088,14.782481338873069,9.738037468025928,3.6022489813489225,1.8218247576770596,4.534538215397671,3.455043893190932,1.0269909493791582,2.757903359867255,2.715630420678115,2.875919019954023,1.6392489471575074,2.5884778791448895,0.9197432694296498,0.2592142591452987,2.0373090157559464,2.69686462502815,5.700965847028096,9.611246664065774,10.858967619155578,11.138161314142161,11.83644803264893
8.234072270249541,7.99878706181905,8.041503032095916,8.12739201051255,2.0291752583234612,2.3172070090824133,7.512574215066633,-1.6298422714821352,5.244049339967022,10.852420174459358,6.159953110159218,9.223077169213195,7.115639846369484,2.5640173972587887,7.284041304094743,4.502107705219167,6.92228632141935,1.6401558465456036,2.736001623486718,3.0572937378530405,-1.1288840674386227,1.0003366449408198,4.223374470806274,4.171313454508937,-0.024005587197749978,2.612350836085796,2.772679632594134,3.2655852471395517,2.00822382705476,5.664455761303467,9.581424406450088,10.875180651854734,10.999304200294029,11.542191058606189
7.493990857902571,7.596947172727628,7.458870140042919,8.93711192340136,1.7050055168074227,1.1767709536218331,-1.1304882490425605,8.980512619809197,1.4085980210292435,6.412893995601251,1.4395056230455834,7.217141191784195,5.419596012872415,2.4932426832185937,0.9441047381096124,2.846122451862002,2.241004885962695,3.1265058953066824,2.4887905627780764,-2.245054260960814,1.0734691978677737,-0.9022506699095398,-0.770319525175471,2.9615398532039334,0.5596662269643539,2.0787312587483138,1.3524705633227145,3.120071170035449,2.7453645313746815,7.663372273768998,10.929220732438381,11.33426516483486,11.334052453105848,11.1569509879222
7.264640381499096,7.009430112575218,7.250051733919763,10.316620354295706,0.3078087903927627,0.6804060837578704,2.7045347806664006,0.09066640947080322,0.4868842030344632,4.802700467532257,7.034995608825411,13.260301753398918,5.8352490468383875,6.515572431159915,1.5140365435048173,1.5910447706709128,8.927275774976485,-1.3059049976532011,2.99032765876774,0.5512874715096333,5.236785227467493,1.502587516154058,0.20898669876475037,2.882175561610334,1.2899825851452418,1.7431701410029317,4.275669527180382,3.424271001053553,2.1955808866399007,7.809261308149546,10.619064990219695,10.461330134316674,9.760607665218883,10.275088902864011
7.354884558768936,7.2243175543040365,6.681407027790225,7.59377228907721,-1.7800029315431518,-0.0720997270939475,4.847369844784722,2.2770232638929846,-0.9851573060603954,5.328280308350204,10.946852988050294,20.50983134651827,5.44913756612108,4.495837827517604,1.8135987693479578,-0.07780245733707299,-0.43436305674523334,-1.1859542031964108,-0.7814196862901979,1.1764796009429386,1.4241284517183477,3.8982260191870086,0.12011157468089265,2.6065425496896224,0.7054461211987086,1.218488563508434,3.8780727385808964,3.9080280695653253,3.421411003015791,8.479935248936755,10.13225100326171,10.122373299282307,9.961648032772883,10.083471767304696
7.8357118070924425,6.5517065813392925,7.417554268028983,7.174379810968229,-0.4194369338689525,-0.300663450166693,1.3152950091057019,-0.6431832033226399,7.869364932601373,12.785073596586386,4.163912668441633,11.407065860979095,-0.15310269546933852,2.983726281371091,3.335398769152645,4.323151289557862,2.9019577682760316,0.8218936280866055,1.292933969919281,1.7000770989131886,0.2652734831024251,0.5037480251308287,2.360258029382498,3.2200575710305634,-1.1802065247058322,1.3005801923536238,1.9785956225126184,4.066499260304588,2.8935478082233654,5.956814368670396,8.711858691870775,10.230399522327447,10.504913987938492,10.090194248466199
7.197770077025157,6.787016943754858,6.5136904021662145,6.8107123090164965,-1.2290863589859549,-0.8352674365407354,4.172120792642286,2.1652924804598452,1.3698250967747647,13.727310227152541,7.562421795105336,5.4764618038172515,5.485773709265249,0.3550544813632615,1.0924349858565554,-1.0134381264974321,-0.5040210233334219,-0.7773608435575372,0.286988595497069,1.0309346661269991,1.1092449440154186,3.53867916174183,2.939006618972483,1.3847794364694799,0.3124622849468991,1.2081352384011965,2.4294725992614983,2.055760122460956,2.0034782866839547,2.5224424945684256,3.4963824982833343,7.9785171167777795,10.462485147562791,9.780721815172301
7.581911109936715,7.165803322925266,7.2301634805300035,6.154397303929163,-0.7199752061619846,-1.4419534088789723,0.3006103242974949,9.514012056398709,7.7519896072751635,8.981800526767776,8.875592444247593,11.990278783268687,0.10882524453629931,11.598972631744104,0.4346297598518499,3.1549585585425177,0.7005340418015752,-0.44008431144702637,-0.5655015767445114,-0.06325745570425097,1.0150229854404995,-0.549035748115317,3.001312279474761,2.0394366806645934,-0.539789488034218,0.7741669003009708,1.4413572220982278,1.9016732226101198,1.049920994718457,1.7275233331872475,2.224219040816943,2.8476837509612847,8.061566133958438,4.537254059524343
6.9960971934772145,7.125289413727831,7.8554260868006445,7.915702986429292,1.3502767277005534,-2.1553059840662416,-0.5029147092087739,0.31283628069965763,4.860958518277127,5.816055499498723,6.86528820747623,8.720052661487443,5.546226468810983,-0.47177002911642063,2.195726982817347,0.45481493268519935,-0.5656240669249617,0.8135422393101668,3.136796822807282,0.8301575718868646,3.8354280232264735,-0.9170856991785876,3.0545820604966334,2.8925404634783747,1.29634851813794,2.5421843440031453,1.196172273954167,1.8881343037471845,0.9480514282470256,2.6259076694923724,3.039076347913806,2.8998921217551206,7.553567323819324,8.52675946432422
7.882641050148819,6.813944811607732,7.528908355972144,8.12673646843403,7.035982916449963,0.24304113010912531,0.277987691250387,-0.7449096660677259,7.748366485804829,2.721908902788731,4.705844163361493,7.333809362391163,1.6463299635436388,3.3880134119627776,3.68506117081671,0.06746794699896615,1.4196485851165692,0.6322940023630347,3.6069515832634758,-0.2800794189329749,3.046584371061946,-0.49894336782543647,3.2119615516119926,-0.19527747656883612,1.8952909506383635,1.7692961389778772,1.4814604556868478,1.6775308419879247,1.244910176686878,2.0478158551960615,2.3139297180183025,3.1943936058996187,2.9750331321731642,7.792388215830685
6.6900284667217536,7.333141827861322,6.279867904151901,6.238966508319386,7.377998721578927,-1.447418911877722,-1.0565727224535182,3.1853987143285116,6.55203295283908,7.28336805285698,2.2819249123814584,3.330833360747967,5.577978614934532,2.7158639820268116,4.391358734589916,0.7890394699184033,1.8806724558805155,2.628867110476906,0.46900592962285026,2.9421820030077233,2.084047256141308,1.2029047118037197,1.7847287042669797,-0.5895644431873978,2.6805673687129556,1.5410709297872227,1.3747926899255765,3.6603552894958713,1.7587992258987455,2.4776175083038194,2.4407109746684035,3.844401887330332,7.720856708779456,7.900570349671807
7.689807863826235,7.478271874517713,7.150223030676263,7.703167125881699,7.363522392695577,-0.29987805616522406,0.7483434881711577,0.44257682554730204,5.322008944117394,-0.6357615037176577,2.6294702018357596,-2.6967700844740734,4.432244023049499,2.0429436481631287,2.2764603899216818,3.974048850205122,2.372529764290765,0.6742400002970167,-0.5472277533013216,2.5174837487951156,2.246425664051425,3.4073849418036346,3.921961234909233,1.8478403625247382,1.6005812501874475,1.831184448568358,4.224772141712661,2.3363174049953903,1.9865605420908758,2.067710033379695,2.8660109893562296,2.6587299553525767,7.252130193991304,7.665543373871869
7.5676447390112935,7.122687988880641,6.567760015863579,6.992881297561916,6.482440554647091,6.071433256120305,-1.0229204377798704,3.181492957607852,6.564987497560134,4.740953399097951,2.9614620428882903,1.835041421755382,0.15931418792813512,2.7284696732790663,3.180010263069363,5.5577537621805195,4.489855572688277,0.6537128603495401,1.8436999598794437,1.9954593633045046,6.23811909942648,7.210277484567075,3.33987752367518,1.709041735715491,1.8227394756507638,2.148841916713297,1.1221132169297,1.2564605088633582,1.8471065192085967,2.4951075781629073,2.9703030940366046,6.039688378278146,7.39720778059467,7.631693599559337
