script/wind100m.json
{"header": {"parameterCategory": 2, "parameterNumber": 3, "lo1": 3.000054539987559, "la1": 64.9999836372058, "dx": 0.5, "dy": 0.25, "nx": 34, "ny": 52, "refTime": "2025-12-21T23:00:00.000Z"}, "data":
[rows 0 to 23 of 52, columns 0 to 33 of 34]
4.846433318997506,4.498752689362688,4.229667745248897,3.616424414361631,2.6752987001997517,2.054936750213863,1.4094090617837365,0.8461938717056681,0.019753606394954045,-0.38888107719016357,-1.3374030499289924,-1.5595048200221997,-1.7191685308002829,-2.3399789030971823,-2.5958586142342432,-3.0379733853244444,-3.021587393358037,-0.5322865527627119,-1.9713764222575927,-2.5088536763323233,-4.961396832052867,-5.352209371817148,-2.8725306225722074,-9.01431579635945,-4.801484877774737,1.9602477189786518,-5.9744961787920765,-8.350434399308005,-5.43035722776229,-4.1738005802562865,-7.4549706095322055,-6.458151917134649,-7.726882527051576,-6.686958936766719
4.90556049609213,4.262669392270647,3.711242995942082,3.1289324457223944,2.4778882405416693,1.624959195493637,0.8386008579772127,0.29992096628316345,0.008400751569181646,-0.3390967935459312,-0.9671073461941164,-1.6462160800794718,-1.5347656534123204,-0.697375209601403,-1.7443172350671625,-1.7816599369828026,-1.2979405292167583,-0.9638030284704346,0.8191226075674516,-5.82044145612885,1.4350127213788786,-3.9478775295619744,-4.693447890306324,-5.420641886607508,-4.140456879935293,-4.381372587691229,-7.0927358715927,-4.628236522910072,-7.259894834827056,-8.329216568375978,-6.675386823169902,-5.156106173241312,-5.337083866232436,-7.240300177664651
4.757741938501326,3.7328995095186013,3.0558126172631246,2.391431055241175,1.9953952976153704,1.4139584910478837,0.40291910007051224,-0.0987028012087013,-0.5431508735317646,-0.47848190170521393,-0.5334211625013359,-0.947698195667685,-1.388263505857473,-2.159581821832913,-0.6397125253099184,1.0146573185204575,-1.390006401342035,-0.29705948827416034,1.1707709860447126,0.03087985982608983,-1.8465691931088926,-4.204666045068963,-0.6598731904152135,-5.065644369491675,-5.890098150845693,-3.774993798631026,-3.4397064006902345,-6.427019325226693,-6.571341593233261,-8.60131761137187,-6.862825057662364,-5.911354287532539,-6.528755864513894,-5.897310605194858
4.119145856558329,3.6222221179730183,3.0343813083270326,2.77303919208333,1.5182413405626347,1.020251574742974,0.5522933487736729,-0.3248923205367864,-0.8397080376992112,-1.0537485813230987,-0.8519009152797529,-0.5579098611126545,0.8656408229607413,1.7729710487168813,1.5622666559006197,-1.3906762335966647,-0.15124192338864315,-0.5779589168373801,-2.250502616234496,0.7943244430616202,-1.810315493981033,-3.0872684419645418,-4.11115147678402,-3.067478593135037,-3.9842391755330637,-3.550648348510528,-6.797239909461719,-4.992637026141574,-5.425881688592478,-6.808456286702206,-7.497682432643908,-7.279833207950803,-8.150945164437639,-7.522037296572198
4.38743685066023,4.086357693435601,2.9891901392123503,2.337905036695496,1.5826799907285094,0.7637787960404793,-0.07642828535414838,-0.9194438974047977,-1.6045294275305688,-1.463778664697267,0.5269345750006093,1.275942528285533,1.4222537688575476,1.9256959117176327,0.07513361069018704,-0.8476494866233292,-1.6007968123824918,0.8459460262508095,-0.48962367903972165,-4.78257964640276,-5.149867316852375,-6.045891931268752,-4.593643073254032,-5.202323684016966,-5.461660507986184,-6.41194534088644,-7.454843659731652,-6.439815965891097,-7.2051944599715405,-4.608315321834234,-5.778645016796626,-8.167460221491007,-8.09098935792554,-7.836130623078968
3.744235827739234,3.11416265120144,2.4501430142445955,1.9130582223146002,1.824383768246154,0.5057646123323782,0.059374058774422686,0.300841805682442,-0.48988127058870895,0.5177928856097201,0.5437775467689521,0.9138762848998644,1.7898643347389687,3.413704234688005,1.0783128954669463,-0.1968882680507805,0.18420972364321817,0.32928057347031137,-1.152127785557554,-2.310651047177512,-4.151187171515413,-6.657252788628092,-6.793745980277346,-6.813838598055987,-3.5964743344340895,-1.856234698051127,-4.020051674588768,-5.601968325374251,-4.813367778012012,-8.416497842382928,-8.037270058767014,-5.200488211109418,-4.720768697056351,-6.983370024811681
2.8328590514518086,2.3062916753673934,2.2187987486674707,2.1701999475887255,0.7612905553908809,0.27577315595296753,0.1216807026901156,-0.5195198068184493,-0.9235572801712668,-1.2505237919305217,-0.5003627085944828,1.1165348474992687,0.13539363299665919,3.293360748285304,0.9141805274234204,0.3076306068382314,0.8241756191300191,0.004962032437973017,-1.8526310228452099,-1.7589881993079952,-2.689173006713661,-3.3427153990008565,-5.161084663946078,-3.0188468262409667,-5.689512938653373,-2.9207853874341576,-4.371241947349773,-2.5382923163270448,-3.89730087316162,-3.792757037117309,-4.824360378586342,-4.064509449548546,-7.453457037126337,-6.752843541300029
2.0997775261673275,1.7506096227188581,1.2212685626180955,0.5768580359984526,-0.11148368289955775,-0.3805510192395685,-0.7592319422754076,-1.0356203280933614,-0.9624635642584769,-0.9242989423766076,-1.056543234342966,1.5102377601372408,-0.5360547627702845,0.20802815744348924,2.534689900305789,1.0407245672112753,-0.15213379069757432,-0.3178407151364807,-0.9945525111924568,-0.7976075058736967,-3.129846566904457,-1.9171445201918822,-2.4029249982290533,-3.481166185622407,-3.199889878471037,-3.6538563576913745,-5.156141355825822,-6.411038507963077,-5.3269562072670125,-5.689063396752769,-8.005386849399999,-5.080957432562991,-7.1591359612072525,-8.527862279445632
1.6479865828886842,1.1965976813320076,0.2431656431066585,-0.6009536289792805,-0.9111994001312654,-0.821527943529535,-0.4986143200811829,-0.13494838255026628,0.30118325513802185,0.7450757903217612,2.5222250080510324,-2.152949044252112,-1.1554178912608768,2.9776889018411863,4.241284297649625,0.9419622351015561,2.9501996421934558,1.5495966270762471,-2.3223022711911425,-2.662949538998046,-4.956323914524869,-6.0925340898765885,-5.201001365991174,-4.770963534955036,-4.3086284602258536,-5.920772876006065,-5.210087474235195,-4.711553701386266,-3.9252215025293955,-4.553185884002282,-6.011374221630591,-5.787254037962698,-9.20131323849264,-9.017628069632849
1.1614055576439872,0.7668700019547099,0.23522960729035794,-0.9056080940856296,-0.8096200116485085,0.6427200037070921,1.591271671485668,1.8568548165576082,3.3080743314028003,-1.8751707920775051,-0.7846304391242607,1.1739703230344325,0.22639412160624764,2.773919227156867,5.9538635381869955,1.0784475179311181,0.19643311038517763,1.0694144205262233,-1.8222475733011196,-4.95567432689571,-3.1022151925278023,-0.9304289124064189,-2.8598972900618307,-4.032177683884081,-3.6998365899112193,-4.823719197049808,-2.1283209788092083,-6.000664100754641,-6.147220588526729,-8.178681095348374,-6.302082979989856,-7.196372932194472,-9.16338121850264,-9.39908713774789
1.3146750632780013,1.3631776404441203,0.8104158871329191,-0.15317371555276824,0.3844419701047276,2.8918158383915737,1.6966467613495035,-0.034317266477882406,2.7341838742124334,-0.12249289873744262,1.3596752915019985,4.625497907436336,0.04395407175319122,2.2392501850681064,2.702975201573693,3.706898249318889,1.3508369064886803,-0.7453319526138252,-1.0048289450346568,-1.5816666610742927,-2.551930839061992,-2.0923282403387424,-6.710576550273774,-3.19351798565263,-7.215797753925223,-5.015924390549835,-2.559940186046633,-5.021020074991293,-4.61332137552284,-7.797725270257847,-9.314302727729041,-10.303954536592798,-9.67263899564306,-9.505126571050413
2.0651116879519313,2.4290180619248805,2.6130852020083912,2.477213462065953,3.213010631315739,0.992190411137143,0.9267542352977898,1.2042090283067504,-0.2722332065564689,0.22434881411783394,0.026947419136962518,1.8355057735933622,0.35965024166761606,0.046073705946151094,1.3236720366035521,2.342932444651173,2.3046324361781183,0.4713319997913834,-1.173133816539559,-0.6099623608561777,-3.457352184345589,-5.556784264373602,-4.594892291368661,-5.712731822112744,-5.131052556550966,-6.276900572275099,-6.0082339179969395,-6.298795909617077,-4.654076126554214,-4.047908533703522,-6.032120253883193,-9.668258955448307,-10.985872182226842,-10.62260668606697
2.3615498853435715,2.9380318364852096,4.015014912004098,3.4198060487607096,1.1795218122737088,0.5230915335983694,1.7059592087409716,-0.6954202741718559,0.2543148097697766,0.7567818534088835,0.5790512902210178,0.9087828008126303,2.641119913703808,2.4316189353108757,0.7603380969752067,0.21875853122702754,1.0224635940840583,0.6505341701877791,-2.093974198625491,0.588709006223346,-2.737878003948166,-3.058818399372556,-4.5794739193139185,-4.730404684762598,-3.907182221438786,-5.173506691164881,-4.629236494618431,-7.555401201605592,-6.250353376133529,-7.834669966814134,-9.808754037741712,-8.318660966807919,-9.43065618160399,-9.012000948687529
2.374920623134071,3.2723420454747605,3.841120431914469,3.5010455038051953,0.24873543658406472,4.43580728818775,3.0703270991836393,-0.08439568047673005,0.12381871440096985,0.8831373686091857,1.223253294023353,0.6141270023558721,0.402831124021838,0.3704129376925972,0.9132337592530736,0.46202318571497314,1.4089204147185417,-0.03325030836198752,-0.2724473910840565,-1.451142747115899,-2.986510104141229,-2.0838375286684365,-4.350956448306215,-4.174220527689268,-5.14645450116563,-7.569299268895906,-3.3811670568947494,-2.6826193693997276,-3.12898677792163,-5.164630011061043,-9.22180493049448,-9.334883726520122,-9.692897603366434,-8.423600876471921
3.5122964839983846,3.7581159619206677,3.9204561854062714,2.3104119054648256,0.9169054930162341,1.401972459684306,-1.0989836538294802,3.5740539922137993,0.41787679369711017,-0.37319999083502686,-0.24333441418619065,-0.12160696382070928,0.30964197405508265,0.7194816512091979,0.5137544166392118,0.9301877794437821,-0.566149076470698,-0.3490299488326461,-0.5297742964446006,-2.5324575477812625,-3.6072428758471853,-3.3298731065069402,-5.6111137133293365,-6.250564033519577,-5.062062101207901,-6.540712079117875,-4.177812838601872,-3.758903978899482,-5.422975806990055,-7.434407529274845,-9.253999430750527,-9.634252288904275,-9.502782651769044,-8.706299506404884
4.304090511645171,4.15685577489932,4.566639507135973,2.582848715499756,2.8082016463339525,0.4037112470720468,1.9524903176810544,1.5400538010996725,-1.3935402906443686,-0.4973908809216664,2.062418049553265,1.3419101601408632,0.25350885661005584,1.42093831409825,-0.44775356002955236,0.3588886931011891,0.2296886786586818,-0.06542589628789151,-1.737979830803559,0.31865620786534926,-1.0279684348596267,-6.0076482582187944,-1.3545828519105971,-6.728519004100855,-2.2062071708549817,-3.69329056137967,-3.8829613928672453,-3.9448438592763964,-2.8149426364083014,-5.149653860026288,-7.290698925107335,-9.089392161662483,-8.473237052787834,-8.766238189734073
5.336385442728526,4.341702100892803,3.933873232758833,1.7949031323782236,0.9297593370768391,1.9002792161187894,4.580370042558555,3.3361395449211027,-2.048408687304851,5.773779162306802,3.030425028612675,2.7035043125106593,1.1975378124863179,-1.431254422850727,-0.7026693425493933,0.33772145272585713,-0.157076212235835,-2.5550791479716217,-2.981252410506805,-1.8071730268078754,-2.213613326207662,-6.103143605255364,-5.533012730170359,-3.44681398349391,-3.7279070245317913,-1.8330425951367768,-6.62188046949258,-7.209189471139311,-5.958428760845604,-6.066618087127048,-7.967992737187844,-8.211527170686388,-8.568189785791043,-8.69779600720654
5.642896633344971,4.626185765523119,3.1902546874413917,3.030846197637461,2.3893742398381117,0.966269673043949,4.565536418449186,-0.4937318706037452,2.5753140398749252,6.111505144145345,-1.000264751842695,0.726975670442592,1.9740423969965286,0.39380381812901627,-0.4466862220886132,-1.0023770393640816,-0.5468268044576017,-0.3238318827974524,-1.9905371698608083,-0.9477255096902096,-2.4220712135733846,-5.552390817371759,-4.985031878935348,-5.074679358490914,-3.009304310251466,-6.4179176113861525,-3.5066798859933797,-5.862861543868495,-6.211769767013308,-5.386062384738375,-6.125759397349343,-7.658362313750586,-7.914517181654454,-7.906855001618498
5.631854566320707,5.339301598506651,3.9853017681158263,2.0368041240415935,1.6823081506064401,-0.1443846961495727,1.96862706331842,0.4004216382047075,3.229569458156803,2.1314462787217665,-0.20511061313227025,1.2217028143308881,1.1014027492061842,1.1205863915221652,-2.361761524316871,-0.38129214566164893,-1.2485057533805346,-4.6705553852965,-2.7670144239726677,-0.9676495674388866,-4.6453510147392265,-5.365955668573316,-6.370872963788684,-4.471633711413937,0.20788045686442946,-6.51800778262475,-7.118293870205306,-4.969383145806948,-5.794661369164108,-6.278150535574274,-5.090973120081766,-6.36816103817554,-7.971592028661765,-7.273225219668042
5.739076345623073,5.260410181410849,3.8375342559510273,3.051747557807852,2.175922424749544,0.3570395241772496,-1.1957432855687957,4.2825009554211295,9.848419330380228,6.323956416107328,5.521314776253694,3.8534996472241145,-1.5541362028720547,1.8669878344558872,-0.02385955497247584,-1.7695679514400404,-1.3609036700641914,-1.1191735694079044,-5.082603284327533,-2.134151258064997,-5.028156796946455,-5.9470102558243285,-6.629993472897741,-4.788089331128406,-3.1367636594536012,-7.164535254357906,-5.016929717818914,-7.016082299255212,-5.110155294946538,-5.82855601929102,-7.060293499434446,-6.15042718025838,-7.292204428530026,-5.94359713487914
6.165834599333628,5.763457526744855,3.4044541539512023,1.5567783922140368,0.3412818925811278,0.3479438875863638,-0.48500643380508923,3.009250774097811,9.102124265161766,5.811583526742329,4.839137606625338,2.2466966358256237,0.532272703669788,-0.46757785207933567,0.15572417398816002,-1.8575180268367844,-3.979687245663169,-2.8762523776827282,-4.591522462374373,-2.164937741314323,-5.4101974101175045,-5.486650921585397,-7.181401541903397,-6.928314891311952,-6.957617037678824,-6.316527419681679,-4.8860815560473885,-4.866523816835564,-5.4623044401783645,-5.775621075762152,-5.738497459835003,-6.498242728617111,-4.88275265579695,-7.139166990989121
6.9847443062568,7.982464158574684,6.122768284052489,1.910519944883745,0.4362801163279203,-3.349437383576458,-1.1277503018750383,0.6187408645383411,2.5862145492585187,-0.2613212763088524,0.9885714657462773,1.8663355401678896,-1.7952121744175091,-3.2206761729761824,1.1090003293725226,-2.246164843642247,-4.902085129289291,-3.7863946265997654,-4.097849681721048,-3.1391059707220292,-5.762910939522549,-6.854721799505086,-6.910737632087146,-7.761145951602499,-7.8072286332616,-8.375807673138727,-6.5501707587690365,-5.532257420174231,-5.185591767499969,-7.4890662049603405,-6.23647043717605,-6.856696107060799,-6.31158276759141,-7.031276965223119
6.571266750189886,7.856631867675963,6.515084889643413,0.2079361487483173,1.2370792618114808,0.6139955738348529,2.7442847182576493,-2.370504857913579,5.433517059217664,4.790288903818529,-1.915284477560576,0.8904446800833784,-2.336653486272356,-3.193239277691519,-3.0670986778169897,-2.604521864168178,-4.564621431121158,-2.8428562036702005,-4.325525078995929,-3.079041039930932,-4.784591385028397,-5.682493867413831,-6.8179814406476655,-7.670797097243268,-5.039065387407474,-6.042915925514397,-5.477788002190032,-4.085887367153244,-4.562309241684451,-4.900318750788734,-6.102366375309764,-4.9200234673833965,-5.938780765788009,-6.762554095383003
6.375448759937014,7.256504773615102,6.938084298893222,1.2716757862720731,1.7884424211140986,-1.4584850422494393,-0.5778346312329266,6.1601293748742565,3.1622062044489345,0.9602150967306998,-3.30194573698826,-1.9335673753613734,-2.6706507951068303,-3.618362649686851,-7.117884286860405,-6.2679790996577305,-4.862942249310141,-1.8515594636278299,-1.879462240361178,-3.1863517740661935,-6.341199982090916,-5.4570305753986155,-4.247357583263196,-4.771629420053898,-5.840830359803221,-5.951192904533374,-3.135520062067375,-4.71698634619921,-4.412994539649295,-4.170603028211121,-6.873041846980294,-7.400231103336009,-6.328747532787097,-7.4021198062172635
