script/wind10m.json
{"header": {"parameterCategory": 2, "parameterNumber": 2, "lo1": 3.000054539987559, "la1": 64.9999836372058, "dx": 0.5, "dy": 0.25, "nx": 34, "ny": 52, "refTime": "2024-11-18T10:00:00.000Z"}, "data":
[rows 0 to 24 of 52, columns 0 to 33 of 34]
-1.305711763818345,-0.38256164850692476,-1.3358605200288596,-1.174901219219544,0.11731802402534582,0.9486277967762196,-1.3952504118030022,2.4172771777913327,-0.14315630985582564,1.033722786430317,0.44695351090025337,1.9620918317835667,0.032619032536106096,1.863148143336592,-7.443104756784249,-1.9829621511258435,-2.2621922505266516,-0.5555137890167343,0.050663098577839356,-1.161332377347358,-1.6244389483449249,0.3533643167552537,1.6326030676582328,-0.9912791517600166,1.7403015988961845,1.2657349853345141,0.8554058337129002,0.3426507705996554,0.9537173244166789,0.7214747285063489,0.15320899282801975,0.7542764704099899,0.1791536756551163,0.5319364141241757
-2.0222445965989344,-1.0114707004981958,-1.281724023717562,-0.44865233728252746,-0.43762953713134817,0.464441437582533,0.8982130951717758,-0.8853687774927109,-1.212683146267954,1.6593337305552713,-0.2884907061294366,0.8422696088635458,-0.16887210270594866,-4.2205419518746945,-4.06211783132391,-0.4808309830143332,2.0251227572429893,-1.6104560833208832,-1.0818698886843416,1.9062343257598497,-0.624519007918473,-0.06055241215016326,-0.5934726019822706,1.7562667483703553,1.4370694590904258,0.7756237316212928,1.094835642017557,1.5409034728277056,0.09705949279280647,-1.1500911413606052,-0.043104414526667606,0.8749414881278688,0.8076031183419624,-0.66721054702009
-1.1896862485734627,-1.4504749459938104,-1.2224878730114046,-2.5789237947889836,0.6352106009804618,-0.3347645381278206,3.233166912121294,-0.4935461256933001,-0.4714858241994764,1.5674492586705906,0.9057518143730273,0.24452354003601603,-7.286265830046076,-4.0557597111090224,1.0742033169692475,2.983021993085762,1.5546545496683961,-1.5429213654474094,-0.590533699896571,-0.4337769473569951,1.4390708748270622,0.1705392336225808,0.6007970683947549,0.7305960479632683,0.7714796633372161,0.675964735895186,0.07911711202397827,0.9103383314284442,0.8938760109038169,-0.243301169011532,-0.46947645207473454,0.17441316806151647,0.9071478027776957,-0.34242058362663996
-0.45455237764084644,-0.5467011693710689,-2.1186676916011837,-0.3739740503032336,-3.087750994878741,-0.21019062314659173,0.6595861658986308,-0.05573448960334119,-0.847662807508741,0.47374472546249713,-0.36376828071999484,3.6124725997075267,-3.798810581432481,-4.718088514805936,1.1756014598294462,1.049547254818596,1.045887181562418,-1.1385034587174938,-0.9295511571325623,-0.6960696811420877,-0.04316484906776296,2.063543693968282,-1.3182396016858693,1.2513013012520775,0.703096331689403,0.882556257309396,1.0970040970795105,0.31278515167417353,0.1405593301819832,0.5234680380446074,0.24780788518346603,-0.03632381972373804,0.25264028390170984,-0.3883360382470658
0.45176137117347676,-3.639704583734827,-2.1671363573745643,-0.05570490891138911,-1.663347866617454,-0.43873612988140376,-0.7632287843496283,2.7088432903593027,0.3289999837005189,-0.6833304470138231,-1.0521603488826046,1.5287332729963403,-1.9260995837669987,-2.451883361356835,-0.4594785145152673,-0.057111301869212025,2.0465184526565303,-1.1314006531447571,-1.1468699394597208,4.565218210681638,-2.047290224590301,3.998881788028706,0.10515408157929856,0.08308293656929028,0.6620929511143944,0.2285500569437372,0.751829448998184,0.4505367009572779,0.265418773854738,0.9407975589547106,0.8176081728646154,0.5053706506197081,-0.17810538104306287,0.14274893750016085
2.716782056196495,-2.6798607067795897,-3.540641178191745,2.943649132953847,-4.216079213715063,1.6824693156176664,0.9633957799030094,3.9271219172853153,5.310485149023201,1.139310167555331,0.6830308612279499,3.309138327943951,0.33957157825696466,-1.618235677879928,-0.6302768095158398,0.2177758434566013,-0.34334171810586994,0.024270665668700665,2.126306437122589,1.5924814086318786,0.5483596185720572,1.4578477698209902,1.2209303640653129,1.2157602501108167,0.8790043302357805,0.850179383733086,0.6749439338494081,0.7234341656240975,0.1939437544085566,0.39077946523524565,0.3434061892000792,0.19357408703836804,0.6968115719063269,-0.029974139693782962
4.162044218187488,3.202917840361655,-2.105137238910895,-1.9368623597462162,-0.5000574194345374,1.8242036637840704,2.519288649132664,5.37927621484851,5.470948753185082,1.973000602767976,2.033164945916282,2.434148846334546,6.971249088272995,5.941941137284029,3.842260207814791,3.8377420328826464,-0.5509503816431538,0.9774504933817161,3.674474458850637,1.9512067433021758,1.1969231068266428,1.4787300806860322,1.0997179871213236,0.681010767954567,0.7271628280932303,0.8297820696261808,0.8234326038791543,0.3450074970380099,-0.13704481128334045,0.7219362394281404,1.4414934576956517,-0.12191523996873034,-0.014939188627321777,0.8403810211342787
4.115371387061578,0.5047191483167516,2.528329659844055,4.795536588766414,4.5451052231004745,3.46527977559426,3.681576245475792,5.612631369966738,3.83391422472238,4.454005217038175,3.749327487161452,3.996619347415225,3.0555061288441276,8.753874507707309,3.750777604855153,3.0780009325712654,1.0412038957948082,2.7150229331477793,3.4303307692881906,2.911625120181093,2.9641127715361857,1.4000488322972233,1.445977532973182,1.8016792047332244,0.8889599402052875,0.583510473166035,0.4786374037141944,0.5432629226767814,0.5527140413714078,0.5809435644007177,0.3441499794722672,0.1999384192411012,0.36067867348605875,-0.6300729188804256
7.194784504030195,-1.6942025689107025,5.752752898100564,3.8943443620067497,3.8092011759251765,4.295329577765941,3.3071921627343857,4.787494713150203,3.2878224045121947,4.262276396436714,2.281283126558674,1.7054194894232153,4.35575450311429,7.382875120881639,7.967266583491311,3.565434754923776,6.026629098411787,4.905902037537221,1.505725316568278,2.7518559572781203,4.129268185205282,1.8583361630142614,0.6332866007761385,1.3675127531744193,0.6752120710488337,0.4750023986630168,0.6370991180558792,1.018919754172379,0.25635535714960217,1.314094587957495,0.7004196677951421,0.3986759722039116,0.09643946980808699,-0.17051661997645304
2.2507246542446975,3.5529969611613375,4.169926963386018,5.598059946124647,5.886895053293683,3.910568180069408,7.014061831154225,1.9215763709141296,0.6073089107433042,0.21009606857865856,3.5821553031524083,1.362396582279634,7.01439520294352,8.544218474624243,3.6983360965990997,10.190369398071558,7.6122125662199736,4.379988004064971,3.4393692497085855,3.8496882972619932,2.0984143904052237,1.1884294357295075,0.7866873598521299,0.7228163096267605,1.186829344646492,1.0088144661220566,1.0685180171009636,0.5798732659233666,0.3060658031273173,0.885741134162771,1.1564570857992948,1.0198762674437074,0.9952019576029206,1.9803580399972958
5.3773530690621865,2.3670798446819843,8.616406614606166,4.618222784835011,4.397053852791804,4.747816823187409,2.6753914273478427,2.660580939683321,3.366474938442682,-1.2829349792905442,11.345227582996,5.612651321071918,2.7695423268126955,12.550017772707983,11.611041756790218,6.592231153141843,5.462781724353352,3.5650365901366814,6.649751285145211,1.9133824744261758,1.7355248698402443,-1.0129316133378177,1.2492644637862211,1.1080086596849348,0.05005156504828124,0.5018319549023311,1.039417695658668,0.7120080336462067,1.0554407613376,0.28481886318597865,0.9315569602785174,1.7110194789848348,2.17549589837285,2.1663948165260183
6.8348838525334425,2.6575760383565954,3.7547475720651886,4.391091606267997,4.240429007545678,2.4773694327167477,-0.9570985315150484,2.6474573172232088,-2.1304872856689645,3.8688831568821587,3.918266703549673,9.202583538012618,7.322482917378473,10.676310691403305,7.185085481753744,5.218670179854086,5.2217925552730815,8.864547354779983,3.312300170394023,6.3370886680735,2.9967912992859884,2.3535553685104453,1.1545533091483415,1.0227875387157146,1.150665677998539,0.8062506977187822,0.7372623104278684,0.7452287880291246,1.140670544237742,1.301235497263981,0.9354562251906747,1.8181341777543658,2.717897603423945,3.3056047327362528
3.3430593414723546,3.06097259342407,2.540124819819897,4.176219596776105,-1.6771750481674403,2.3954044484579304,2.2062028792897705,1.1110877254525593,2.2086003350958654,8.044254596681023,8.529135683257614,4.536829219313527,9.982248201177587,6.945933762992302,3.940587707412841,8.136076048013193,5.667809750463461,4.417071384607965,4.962954968001316,4.106599875774107,3.9278208898211155,2.2514193550275823,2.0436799704357487,1.5919949188376616,1.570196573954947,0.845255218312723,0.6652770008631247,1.215795741603052,1.2186171913263077,2.799667147668061,1.8819754544562455,1.1895053262565456,2.692746953626545,3.7208335168442925
2.1607665975273926,1.8638863991110797,2.264677628003305,2.517373487707866,-1.2927466182920089,2.4527627078428273,3.6499224176158984,0.11929971068534578,0.28252861335896295,7.351285670246627,5.6634232324924705,5.907104180492451,4.473188371808344,1.7331238157453854,7.127951670678034,3.4279411889709923,5.642229492997351,4.272870410163956,5.242862848139208,4.634213291879716,2.8333332155549353,2.9084978770594163,3.070674905507716,2.7870949976259554,1.2806370339869486,1.6569017315560193,2.0291750469610244,1.7620469531249343,1.979678471429516,4.317863846519519,2.476681193341633,2.778750148838687,2.49594132545559,3.3569361396963555
0.9402770371800773,0.6535744487712409,1.0478691841060848,1.2550822368369432,-3.3694947983902725,1.195785001459767,-0.6232453780682897,3.71913766258359,1.9244301434535351,0.8532365510031908,0.8343558982694191,7.006178956889666,3.507820490854921,3.1598029506393503,3.3554013318638756,5.865369895347074,1.8056676847345638,4.317013780091476,1.6781545730871368,2.4975399548278485,1.1401502775822503,2.426636365794616,2.4795274379213517,2.8414125842152798,1.858689433068932,1.0394011169921868,0.9604093618348505,1.5605750289460996,1.5029024986212944,4.202692065163852,3.658301880489322,3.0958435541276597,3.4886777620116733,3.4241290676817298
2.9171652744564747,0.06570092935551164,-0.23810641908114186,-4.617967939946756,-0.6617084738431913,-0.03648929860738824,2.7352821552705513,-0.6601202356356919,0.503771617860606,1.8117952237378272,5.9992377541276385,8.849123404349912,2.352866057749967,4.1225879999501505,3.6989911475268165,2.591614970170385,7.900325624578753,-0.8382895026747702,2.7994680563810825,0.9662218649999649,3.9734768018283497,3.1463448842050274,1.8505093816805978,2.660877621699473,0.5542215260565351,1.2857438883417505,2.7335059912714286,2.3646210247467723,2.31970709168414,6.352083532327674,5.82766089267974,4.011690055359302,4.279868780841684,3.848878096706463
3.501139075517545,3.8612951712699624,-2.5535056741962996,-5.415866405623855,-0.5697693641868502,-0.2985070451767584,0.38492373622854215,0.7567175384861967,-1.441050856050604,-0.0884006261712481,6.071304150007021,9.547602662756375,3.426495886647306,2.842921422974197,2.101976120888219,1.1749891924649722,1.072348066152643,-0.37926803479376225,2.7808063310657376,0.45129441299022593,2.958962048171795,5.276577619594218,2.4152803456842578,2.0898998526691166,2.4841821592307216,1.7428822616237931,2.9226652430440736,2.72906231429369,1.9092240603124806,5.691680267970198,6.749657952613117,6.212864060252909,4.8835052455364165,4.564929955695406
6.6719385710959145,4.907207985159466,-0.22754953866635708,2.598898353730406,0.7501500119050832,0.6365155857974902,-0.2539233777939302,-0.5534600560279805,0.878389007676307,5.897134039145347,2.7550178636133453,5.756391054693044,-0.06503528118373829,3.841809817983777,2.9915792156236836,3.88347683257407,4.937952123487585,2.556486580556154,3.627485379631042,2.2383089725338676,2.4541110825320427,2.6226138994588117,3.0151552938594093,3.9319556002380165,0.9800018380039702,2.7466078198134865,2.070735278507357,2.4599007957415733,1.7739632064694426,6.170002592690585,7.30134343170184,6.91349399516964,5.3848218419669545,5.220343874147073
4.25722212737342,6.386302877964852,-2.0912128632811284,5.5422121755991,-1.6976691428501094,0.6430133075427259,0.940355402169269,0.6145513038014598,0.8771647488727052,6.242479363014043,3.726839888915324,3.935959834217109,2.520794769340006,0.38587686340049526,1.8688614912742836,0.2855887499087693,3.01157462163162,2.2592652773114175,-0.8077420059712825,2.3692212305092584,2.0597446142356333,3.7036539574090903,2.726557281451068,2.6962614455450784,1.534542372364581,3.3419615783611767,2.6658592236567067,2.9986422779844695,2.1554383155510415,2.045641823895051,2.9207534656650034,6.6116504159088505,7.307789765226543,5.5264546177657214
5.008401924301743,-1.5491869977680501,4.915656912079642,0.8500395718515513,-0.03166518061947183,-0.4147498535232203,0.899778780758537,4.010268910479244,3.9017762611714946,4.512285470452058,4.373804269508599,6.842959746745339,0.6873744337330552,5.978957658325182,1.2979616763153268,2.0814663873216213,3.778217438034599,-0.46089638560075247,1.187700019574357,1.4949328418419812,2.098725456894689,1.017052744712508,2.8617678989602555,2.1759906311178225,1.490778727808775,2.326820505624455,2.1356518150183845,1.8376141499545178,1.4603065159144177,1.7914823523801515,2.21576398193925,2.0777980092463104,6.3042555430641825,3.3255418240850863
4.153900386996108,5.384609205306,5.671425264652587,1.290590975342604,0.6720287608426219,1.0724585968483975,-0.03098250058058481,0.4417234251647146,1.7366096165485136,3.313783410836179,3.513013515229374,4.359340547817643,1.8690563073047919,0.7953239665593732,1.4183779502412115,2.784800903671232,0.9127193276335442,1.2558177414039877,3.055349806451809,1.7827377302857916,2.7740886151049895,1.5005239428373853,3.2991985779987054,2.93852380535572,1.8913693701171241,2.6122051963432433,2.54735815658563,2.339974082191761,1.8405120767141996,2.8969650710905994,2.6989763199278594,2.183541941248685,6.061291361172989,6.086844179306213
7.88229949523821,5.66476617843841,3.7533715080984553,7.141071339224153,0.11274199426935513,4.254838419186057,0.8268866147067314,-0.33268939104263073,4.403447193819345,1.4473954277307484,3.1229684363753054,4.906674118555615,-0.41602430980988503,2.1171461946613324,2.9605736989655136,1.9498934187517132,1.6669236627057404,0.21164546401400905,2.4371716663335063,1.1879256235333426,2.8007259614775117,0.7164840275925638,2.693076831683431,2.0373875800029713,3.258510454181908,2.5623143874645398,2.0571208383477293,2.249112913012177,3.232393226497945,3.1638312548765524,2.2608973250155753,2.45023070248853,2.387106367223972,6.1764000121739615
4.261869756580502,6.825593037391266,5.308583325534428,5.816689624634261,2.5099685139923644,1.4244855498294728,-0.20194696552264754,-0.07985682589790673,6.414964924273551,2.6151134401720757,0.26147997031642206,1.6239700047393368,2.238352202976891,2.0259151563481117,2.650600194456838,3.4724418540207886,1.3816701204111153,1.975408861494294,1.6469372031776324,2.686665507437284,2.2762962438886185,1.9773290338058642,2.330580666116754,1.969768994265132,2.9481467283847937,2.771360053061185,3.0400024167438824,4.827449120041324,3.279854232002288,3.868171612872344,2.9789331956876173,3.481874802296158,6.377488976863928,6.982527172718942
2.850018963700617,4.5684318692382115,4.98173015089389,4.02631070008709,-1.3824209145088255,2.2071145434055195,0.4496560217173627,1.284618375565702,2.9385211798866613,0.44742137092363465,-0.04276486181278245,0.23597411046430192,2.5620457342159884,1.678245879479701,1.6695280275288251,3.327903401972902,1.736912668004629,1.059969165077153,1.5051577691659344,2.1204668057183245,1.9404392097135048,3.8670390074367162,3.6404780043139984,1.9158060182226202,4.547867383181051,2.4702477991937437,5.776958269746124,3.089327222105886,2.577135699730146,2.8050209940256106,3.266008623750182,2.484063560914137,6.481406116118469,7.006625342448664
2.428915638071852,3.292761709839788,3.8037691401980194,2.843830648913374,0.16018941135997822,-0.888385964155718,0.7906091024072491,1.7141155733999396,4.241105553061427,0.24672527481355344,1.4907408195690433,0.9783436886627511,1.4084699299033727,1.4116787089311091,1.8263429658914005,3.149417150999318,2.1002723413001116,1.1078237706654779,1.7774227925796686,1.9167365997070867,4.154019150026441,6.034399612152306,2.5373035400081867,2.586830130722383,2.951760469433057,2.8324052708105287,3.0800195169195574,2.5825980969973252,2.3091687893613053,3.3194079261311162,2.7181901684661818,5.7481342399775635,6.764639059163901,6.721033435482651
